axis_00,axis_01,axis_02,axis_10,axis_11,axis_12,axis_20,axis_21,axis_22,location_x,location_y,location_z,dbh,dbh_approximation,score,reconstructed,number_clusters
0.91216300435056563,-0.39501526450513114,-0.10918605360617693,0.40944261514680191,0.88991399656686632,0.20102194809556231,0.017759459335731725,-0.22807020744132356,0.97348270764393841,-11.032301664647321,8.4806773290417059,-4.4005594656822353,,0.1458801923505053,0.2222222222222222,False,2
0.029048773344107402,0.99076514308680352,0.13244093027228751,-0.96583258492272905,-0.0063161710762702494,0.25908979888142092,0.25753366123418214,-0.13544200687793109,0.95672978217686744,-11.966965643086475,8.6603033554952695,-4.5054778808002105,,0.3633402471074733,0.25,False,2
-0.8607659574626999,-0.49540290839510814,-0.11686712466296749,0.49510709241722001,-0.86818149242452392,0.033613438528256129,-0.11811406991331626,-0.028928438692654566,0.99257856712872716,-6.99520069502847,-13.907767469762552,-1.2599030872880064,,0.342694646587906,0.1785714285714286,False,5
0.75961124912069899,0.64794873706712652,-0.056153222012699011,-0.63042762253200668,0.75478171134440997,0.18128866751301892,0.15984918816789034,-0.10230836893001359,0.98182546039963081,-3.0766445193971279,2.9989095356717619,-2.8931829141981402,0.2479229427230817,0.2051742694696586,0.8609929078014185,True,5
-0.86409714069737764,-0.49185113975047906,-0.10685779225106663,0.48154760786712864,-0.8696377509206008,0.10882133766502963,-0.14645146908127488,0.042575092482752194,0.98830123378655277,1.0671817132451178,-6.5113155778289764,-1.3052627518636957,0.5562802256590269,0.4603970204062117,1.0,True,5
0.18948703251218138,-0.93992569461915254,-0.28396188671093087,0.97231142570785722,0.13933873959892523,0.18760385679654146,-0.13676679402428729,-0.31164788502681501,0.94030337647518392,12.03826478755019,-2.3570829423187631,-0.55065382739457047,0.9625025133456991,0.6526920604653793,0.4074074074074074,True,3
0.24820697446955278,-0.95445502882962152,-0.16555632203729653,0.96099107167422626,0.22107949051103409,0.16619271656063545,-0.12202236674926817,-0.20034833869345617,0.97209623247684651,-9.8111653543703241,-6.1967486999759087,-2.3714680990020609,0.3118885057932981,0.1870104330817891,0.4054054054054054,True,4
-0.024976116025804882,-0.89500972438610849,-0.4453468164055579,0.98553817903699892,-0.096732295053906653,0.13913073260081113,-0.16760277828454989,-0.43543134516006549,0.88448225101660116,13.029498844000141,2.1114769305802521,-0.92868997758165517,,0.5019147001376016,0.2682926829268293,False,5
0.7925235031850375,0.60930366493962296,-0.025603530820192254,-0.5775794005247028,0.76340996628328661,0.28914919932255928,0.19572565746176887,-0.21436946440782095,0.95694158637853277,2.8398097441166028,-17.536678029906884,0.045222768821336898,,0.2861318409461486,0.2424242424242424,False,2
-0.12148074143543933,-0.98667485872564409,-0.10823655860672675,0.97972399781342601,-0.13669333603193867,0.14647805293947183,-0.15932142846703062,-0.088247691432642883,0.98327464494312811,-0.36647778776391371,11.256450570938906,-3.7403961496436091,0.375001993478187,0.3665188028149606,0.9791183294663574,True,5
-0.91473279734223611,0.40386432433058012,-0.012550577654049724,-0.40336903384135259,-0.91454434430639997,-0.03003439420180451,-0.023607880132279539,-0.022410931042231151,0.99947006866913168,-1.6103382557900277,13.865069462754917,-4.1776010175333882,0.7462064300863568,0.4290769263193348,0.4411764705882353,True,4
-0.64156134155032851,-0.7484027882649027,-0.16820318530118145,0.74858231473300552,-0.65871392260085515,0.075633896109961657,-0.16740239871973289,-0.077390145943237759,0.98284647947365888,-2.1212582388046397,-8.4944559938652766,-1.4546477381198599,0.2493700540436352,0.2499815708232224,0.6015625,True,2
-0.83713828032954896,0.54446687280664807,0.052491180430961404,-0.54593204561227693,-0.82569179396337877,-0.14209596389459242,-0.034025008162839182,-0.14761058836576663,0.98846012212017531,5.4657023163294536,-15.45173815397068,0.080536028863817763,,0.428180647300045,0.2407407407407407,False,5
-0.43418651105152778,-0.86776286614347375,-0.24180504908575934,0.88353968445620357,-0.46255615042390136,0.073480838972175166,-0.17561235609129297,-0.18173996766668066,0.96753857005319421,-13.768994978719908,-7.3742961538300849,-2.6236463695154706,0.3428012221308779,0.2174087934758141,0.7575757575757576,True,5
0.47870255199064021,0.85346489680168081,0.20601343802030275,-0.85611071439185116,0.40170624446880848,0.32512541865907735,0.19472624738622918,-0.33200867922700839,0.92295824688704864,2.127238035184488,-12.194356633241426,-0.63122113056384699,,0.3374505444235695,0.1886792452830189,False,2
-0.70271702841820527,-0.701913428507416,-0.11621668061020349,0.6913965462468743,-0.71224623652852304,0.12114501388357295,-0.1678082054280518,0.0047788525737758047,0.98580807906970247,15.32445972962228,-3.8224260601206397,-0.025225639721063252,0.3055871081760981,0.2397851645427427,0.825,True,5
-0.45559944308807537,-0.88104577093157632,-0.12723009463730922,0.87529124186290175,-0.46941285173535796,0.11626184474614674,-0.16215544818455499,-0.058394555818688167,0.98503588080577198,10.812256500744278,-20.391025022509798,1.4178984164560966,0.3958171992297878,0.5527833720231408,0.4102564102564102,True,5
0.52111316680804531,-0.80725586730126297,-0.27709029590907064,0.85008621319690836,0.46196547522106768,0.2528662291337333,-0.076121596881771739,-0.3673225618056411,0.92697337506355049,9.5012247981649711,-5.6153455588907182,-0.49718834880320995,,0.5453429829079905,0.1,False,5
-0.69288939194921295,-0.70891601416267991,-0.13169045291116332,0.70221047328730191,-0.7049117031514065,0.099999709828603428,-0.16372153715950646,-0.023185677127928385,0.98623409120058614,3.8892063477529843,-8.334300339437636,-0.90321103478370102,0.2518165934404237,0.2127243858643259,0.6428571428571429,True,5
-0.51547246106415823,-0.84947617632917694,-0.11259825812871969,0.83991600786581833,-0.5269075978289347,0.13003646827289875,-0.16979175956213827,-0.027542861131396722,0.98509499500580644,5.1112236718864636,-4.6077791024634953,-1.1231801551290215,0.4677368725708876,0.4243532458097193,0.9138888888888889,True,5
-0.12491811039182972,-0.98160279180515853,-0.14440022443352793,0.97899510662232203,-0.14558384715514547,0.14273725742445806,-0.16113363058555905,-0.12353664463561337,0.97917038891425379,2.5967253774706824,-1.5519276491706873,-1.7243487744233068,,0.4887630668946435,0.8554735547355473,False,5
-0.99170518589758117,-0.058722649930001897,-0.11433492313831137,0.08444474663701515,-0.96828808433120728,-0.23513245311443629,-0.096901542966329635,-0.24283705674258352,0.96521513396928516,12.115325797919221,-8.321609008387604,0.13378182076732856,,0.6988968042902439,0.21875,False,1
-0.89467541770627967,0.44220150085953641,0.063354002159830031,-0.4463719593415828,-0.89052001876196674,-0.087898635357684496,0.017549098713344299,-0.10692019838066255,0.99411272012412621,8.8738473778811677,6.9420611598969888,-2.0168489747339535,,0.4209152051624367,0.5076923076923077,False,3
0.79556118537454767,0.60583310805546242,-0.006974633273714087,-0.59336078536300607,0.78140711754676317,0.19319910724601091,0.12249644369875007,-0.14956323689703085,0.98113478149031152,-17.897287101668198,-0.86155769699943807,-3.6950307518207497,,0.2879193201331148,0.7272727272727273,False,5
-0.37294892887199277,-0.91956855235154411,-0.1237043814071196,0.91204188587369306,-0.38782837197044789,0.13329948352003748,-0.17055408193646399,-0.063109677711400136,0.98332521258939154,11.112408321939935,5.7583544550961623,-1.5834073179339734,0.5544057808641908,0.4494334102361459,0.9860335195530726,True,5
-0.35338246173278992,0.93486375251459664,0.033920494896177822,-0.92743982548946968,-0.35485870980280032,0.1180282431164474,0.12237730931727714,0.010249893239458782,0.99243071992600296,-12.005467157529647,-13.473278655171882,-1.8793884003540082,,0.2125919698848365,0.2,False,6
-0.30376618085991008,0.94327538035455305,0.13400620949328207,-0.94467821151929154,-0.31646566820607497,0.086212281767709897,0.12373028750672524,-0.10040437074079755,0.98722326668775751,6.2253477634241081,-20.602287987295558,0.78807971540298505,,0.3715934211770939,0.4444444444444444,False,2
-0.15068212505776485,0.96945845042674594,0.19350764864534417,-0.97491839626317423,-0.17815692129207658,0.13339502248349036,0.16379565872060878,-0.1685539210220359,0.97198794122786336,12.026501960505902,6.7278701811604966,-1.6453741460124163,,0.2713076775451476,0.4347826086956522,False,3
-0.97378419675815397,0.21667456759613993,-0.069256551322629131,-0.22182431151761095,-0.9719501948076652,0.07814597643564905,-0.050381672896163986,0.091460103708496332,0.99453342652010268,4.9404756090386135,-10.611489168107205,-0.51257752174765636,0.2342940766775661,0.2173239234200855,0.9272727272727272,True,5
0.99645511001377052,0.021817534418128712,-0.081247824089993842,-0.0032851707288050281,0.97514019569282961,0.22156445201663783,0.08406200914044,-0.22051211743590005,0.97175510530339304,-8.4063390062908123,-5.7804489526496896,-2.3059592566547447,0.4363978458830441,0.3773786514944292,0.9863013698630136,True,5
-0.82189466932273192,-0.56109809954353929,-0.098275506752731556,0.54860457847093824,-0.82612586581347192,0.12864318992728066,-0.15336938749177373,0.051816759089803585,0.98680943168264657,-6.4121854793490565,6.5876276295187806,-3.7000457363062087,0.3540440200248791,0.3226447465242667,0.9615384615384616,True,5
0.83459651461469053,0.55067906493584962,-0.014185388059222023,-0.50529172836678438,0.77555623635119653,0.37840823656585015,0.21938306005049735,-0.30865043608935172,0.92553010824323478,13.682438320884778,-0.052725506741652606,-0.65023643709787571,,0.3867192558846118,0.125,False,4
-0.83066944585781899,-0.53427144893394496,-0.15665979245577846,0.53402945594047724,-0.84414506698388714,0.047240301382267411,-0.1574827352638451,-0.04441986876154301,0.98652220621384168,-11.720062982926429,-8.6818357655878646,-2.2485702466046491,0.3896399639148321,0.2260669709256266,0.3333333333333333,True,5
0.34917155801429112,-0.93139662993287242,-0.10285689487613811,0.92955828312631017,0.33042336498708258,0.16352919660378812,-0.11832422129530222,-0.15271122296773629,0.98116189338689608,-14.565976864200827,-0.70592978344560153,-3.4599309681716215,0.1894971607986475,0.1657039200502057,0.7166666666666667,True,5
0.281375113413602,-0.95213725483316136,-0.11942651929222137,0.95189524733170705,0.26120928553775385,0.16020345581842355,-0.12134036285915749,-0.15875880166979378,0.9798327200260154,6.5885515956674734,-7.8934147295080477,-0.63312038536701432,0.4573374766394983,0.432943244261175,0.9794520547945206,True,5
-0.94137911720841683,-0.32569223083142879,-0.087920011714912469,0.31278140568353491,-0.94029405271931465,0.13421954656204205,-0.12638492767151888,0.098851733402785913,0.98704365904489277,0.51489501024749496,8.671227216449358,-3.2651280418399216,0.4918825784347468,0.4758094633860354,1.0,True,5
-0.39165305821064877,-0.90932130465237893,-0.14050852963269822,0.90430529077959676,-0.40859467321131321,0.12362173794026084,-0.16982291677590677,-0.078645775020892095,0.98233142014754249,-1.8040315644865448,11.834613274095837,-3.9890956113429037,,0.0917290147035168,0.4565217391304348,False,3
-0.99560268051208289,-0.04396239917041693,-0.082720070214767003,0.034389890954275679,-0.99291036559824619,0.11378199017291661,-0.087135744429643086,0.11043692021573939,0.99005608361140529,5.4882890219196856,-13.747022624845021,-0.12981736159634016,0.176948031925951,0.1756800321425499,0.65,True,5
-0.99658636061656825,-0.057063376861683682,-0.059660680973010305,0.057780968538073907,-0.99827541074015624,-0.010371305914557177,-0.058965969065419122,-0.013783153946491173,0.99816483566566383,-0.66154215506773228,-18.829516457373877,-0.14452910152720025,,0.305960405028905,0.9230769230769231,False,5
-0.21739666800775423,-0.96752326507193442,-0.12898612438425508,0.96198604217377082,-0.23475590203402996,0.13954397558846465,-0.16529229686216895,-0.093746455958255565,0.9817790273749466,9.2582345446468768,-0.74843890216628595,-1.0999854100464641,0.6186514161254685,0.5404154798002245,1.0,True,5
0.91034349963790473,-0.40917719885922238,-0.062038154394960257,0.40851635192233848,0.86445303931081474,0.29297667661156862,-0.06625030474704896,-0.29205301361228181,0.95410478164660073,6.2942148288675126,5.775750929257744,-2.2066841786110696,,0.2900169605413305,0.2093023255813954,False,3
-0.85110318731607626,0.52318279159732561,0.043624891023889917,-0.52353471105638749,-0.85199570228614951,0.0038379167573775741,0.039176151668098791,-0.019572681532200757,0.99904060942392026,-17.282455407203368,3.9027518822733596,-4.2826652224469113,,0.2601270447694626,0.3636363636363636,False,5
-0.80310399121286602,0.59573908787739172,-0.01090497468951275,-0.59561524138666189,-0.80216668348323494,0.04208439303847461,0.016323710542459458,0.040293313148979437,0.99905454575293573,10.408780762605945,-6.5996378680724375,-0.32328037684325667,,0.2228436372967216,0.3333333333333333,False,5
-0.97572494036775004,-0.17301811154208713,-0.13425935283160534,0.18855569938892253,-0.97551825012086379,-0.11318521064645953,-0.11138935753610346,-0.13575299908119537,0.98446103745559999,-10.46802360955386,12.653068810089476,-4.8287897541904456,,0.2033066988532194,0.2727272727272727,False,1
-0.86698025622567021,-0.47294309848756261,-0.15706705863373627,0.48028625724113988,-0.87705243709256797,-0.010204591872456648,-0.13292985526271914,-0.084284329403332747,0.98753521729448301,10.668628841632149,-15.958937445838716,0.78046688231836403,,0.3307322599108448,0.1818181818181818,False,5
-0.082349815476708832,-0.98438716489922629,-0.15556483366305929,0.98280722819924182,-0.10609739468654066,0.15110689937938604,-0.1652527158332821,-0.1404466176965174,0.97619992188451477,10.770424404731433,-11.17344314586146,0.25857531109437643,0.5191494346518093,0.5197475014048141,0.810126582278481,True,5
0.66865835730604395,-0.71250751299021509,-0.21267121370152609,0.73966618632754944,0.60809320822648372,0.28829946741622725,-0.076091615887958569,-0.350079553875001,0.9336243205648822,16.827244631017688,-1.2745086030893042,-0.17973189089762304,,0.2844360824669369,0.6666666666666666,False,3
0.22113804931419698,0.9750791371343116,-0.017850475369546648,-0.96109734517107659,0.22100022533889915,0.16568280992687581,0.16549881042056247,-0.019482728904411203,0.98601752876093263,-5.5555153208531705,-1.7154706122904262,-2.5130355879201534,0.3599560808644688,0.3018567900891878,0.9732142857142857,True,5
-0.43452825596247591,0.8967586883974501,0.083720066614250868,-0.89717828111780662,-0.43913863699085631,0.047205819475055311,0.079096944698943211,-0.054599563052266639,0.99537056469125818,-10.727149746631182,-3.6036214813775942,-2.7174542135524424,,0.1874080981442512,0.4545454545454545,False,4
0.93961358177132126,-0.32720222682968764,-0.10032457180851875,0.34112253852400998,0.9190493490922147,0.19744292249688933,0.027599468505830671,-0.21974302421435571,0.97516730495198889,-8.2541609757945515,-2.2131824413426915,-2.6701923781287262,0.332528929344443,0.2874576249607926,0.8828125,True,5
0.9343009384643165,0.35466747486972322,0.035954674998288041,-0.33216231400062407,0.82949779508017196,0.4490006738468047,0.12942161157414619,-0.43144453899275165,0.89280773755097098,-9.2319085622381856,-8.3924491250845676,-2.0626161169136044,0.6313008806623374,0.390963747348032,0.25,True,5
0.87812873019361515,-0.4518009038113861,-0.15737177804092722,0.47771932820169183,0.8458921689966441,0.23717226206425701,0.025964912306276122,-0.28344731740725093,0.9586362404914387,12.156197630350647,8.0651604571587132,-1.7933975573567824,,0.3036218673863021,0.375,False,5
-0.64676793976112956,-0.75573271771118722,-0.10275841317385107,0.74387104880615984,-0.65480281565058895,0.13375027238882992,-0.16836595512504615,0.010066379534124162,0.9856731573690678,-4.491639141565928,7.9940128731791322,-3.7065184691234467,0.3035250658952708,0.2682580199515215,0.9296703296703297,True,5
-0.99613902615742855,-0.038448633290684854,-0.078922386964713348,0.034102700734471601,-0.99786529780616473,0.055694283699753253,-0.080895280262476249,0.052787782983299947,0.9953237682276872,15.916717783247302,-6.5037248901079225,0.36077007471171474,0.2247087539544413,0.1734301768971184,0.3478260869565217,True,4
-0.90871287192817363,-0.4003770102700337,-0.11806424538902738,0.39841629935078526,-0.91629642259545896,0.040808312270786198,-0.12452055574754144,-0.009955681091411421,0.99216708049114888,-7.5145691859454109,10.458980276495424,-4.3494052994226706,0.3543652299756274,0.4977242543922736,0.8226415094339623,True,4
0.87910562277827542,-0.45062210234101063,-0.15528369161437591,0.47353963006959521,0.78873531689517495,0.39199083998968565,-0.054162004700453473,-0.4181343333954245,0.90676907561009834,-4.4157818382429204,14.185808048401723,-4.514611388979012,,0.4824249636199819,0.417910447761194,False,5
-0.96092881479385106,-0.20910445204479305,-0.18135914929755489,0.24969989416681268,-0.93759696756005262,-0.24199563895921217,-0.11943942293886253,-0.27782594291613882,0.95317730233718356,2.9006569290522162,-10.489512689730763,-0.79963848823691641,,0.5264217370636469,0.2647058823529412,False,1
0.94026784940603414,-0.32160965293577265,-0.11164050569521701,0.33927671388248759,0.91228291939765127,0.22941487831524737,0.028065687065393446,-0.25358845816367698,0.96690496487282374,13.996818079522196,-1.0395311154866365,-0.50010239536687051,,0.516884725324901,0.6382978723404256,False,1
-0.43957849363372403,-0.88801197671195475,-0.13492767377685655,0.88084833962377973,-0.45558081393968358,0.12865583761371463,-0.17571838411713525,-0.062296478120221391,0.98246740317278736,15.532623486588369,1.5793309184480977,-0.65895968380674219,0.4014083110143006,0.3860417188159944,0.7222222222222222,True,5
-0.58338754499444889,-0.80436433749280767,-0.11250326624195778,0.79415563634188935,-0.59396300434017801,0.12854872516521099,-0.17022278816821595,-0.014351377806624377,0.98530109121186527,3.2815919373663869,-14.724571455231027,-0.26002521218837271,0.1489715470237786,0.1626539052650715,0.7111111111111111,True,5
-0.97596638726576934,-0.19738234095566806,-0.092357037665053918,0.19100674166643286,-0.97883309551637565,0.073499631018148034,-0.10490965430014701,0.05409235251578301,0.99300955777572109,8.0168796654974379,-12.970651319174483,0.092531897932903798,0.2215027163443382,0.2302874591415733,0.3823529411764706,True,5
-0.056112545485681488,-0.95912108360527937,-0.27737723270476528,0.98739483829822372,-0.09448856053974454,0.1269777351709859,-0.14799599839571112,-0.26675580389367948,0.95233320090601414,6.450427652599231,-12.19822777941058,-0.17897558650926648,,0.2035164444647649,0.1071428571428571,False,2
0.73726212156369486,-0.5903396569032664,-0.32854779499295728,0.67533761173642048,0.63023014545343914,0.38305231227064257,-0.019070245975035725,-0.50429064362634346,0.8633233881167478,4.2991578217920461,11.845133850357923,-3.2223866902640492,,0.5357308281501536,0.2966507177033493,False,5
0.52284950983930234,0.78231817186116881,0.33853606607952846,-0.83607005533728251,0.39321924616052883,0.38257742617313639,0.16617837593717574,-0.48307028725098289,0.85966728735374009,7.6098785947393148,-5.6306837860392012,-0.70578969063068087,,0.592916169939095,0.371900826446281,False,3
-0.45822478475911632,0.8832910238774907,0.099131295613020351,-0.88328416668927012,-0.46496796131113305,0.060115520709802195,0.09919237626200697,-0.060014682300443087,0.99325681996142046,6.4279945619593537,16.379571335465432,-3.5914533429121089,,0.3424566073791227,0.4166666666666667,False,5
-0.63410901051391011,0.7719956714864642,-0.043914075092529564,-0.77062770732356156,-0.62627620985346422,0.11794509602696565,0.063550763097703078,0.10863145114441811,0.99204864211990962,17.93846432007027,5.3321523701156757,-0.86657425448583125,0.4190577421950195,0.3666178566083714,0.9814814814814815,True,5
0.59095948598701553,0.80666547155508161,-0.0075962439918034336,-0.78971512036987734,0.58041261435520664,0.19867366648991752,0.16467214269922875,-0.1114092190896912,0.98003626020707635,14.52269030978244,11.666072611438778,-2.0375519192755029,0.4333213413063232,0.5234977187556026,0.7166666666666667,True,5
0.74579088959100925,0.65767353006613349,0.10612010579245881,-0.64689137505556193,0.67689476844367824,0.35120509867071159,0.1591461525823864,-0.33057374412365342,0.93026528571923706,13.417304515859811,-7.9183264926254999,0.20810972732744876,,0.3700826824107896,0.2424242424242424,False,5
-0.8485811013711656,-0.51779892851897524,-0.1086019521937836,0.50901300872103383,-0.85501100712720357,0.099307273872996926,-0.1442770645267655,0.028990469398180091,0.98911257263044272,-12.793372024477584,6.8122561291160855,-4.2836408210672694,0.2880286389100207,0.3095781396389409,0.9130434782608695,True,5
-0.91918211693836216,-0.3805707731138257,-0.10134161313229713,0.37061266224515071,-0.92291020985953232,0.10432161387073983,-0.13323096668670131,0.058332076840954275,0.98936690783912307,-1.4161826000811522,-12.505524299011579,-0.93790270211479165,0.2426469101702015,0.2516136555644035,0.7468354430379747,True,5
-0.12728596979098356,-0.94955456686059159,-0.28660845494954135,0.97891739499791675,-0.16680410001796955,0.11788607206828264,-0.15974672348709359,-0.26556075909552151,0.95076730463544457,14.236711479244041,0.9616305107174552,-0.72575696296891568,,0.4196870777071322,0.3043478260869565,False,1
-0.28354035867343985,-0.94841789286247768,-0.14180396856799871,0.94421600402610095,-0.3019424942626594,0.1314795341466686,-0.16751418669568899,-0.096613822286155393,0.98112423606745125,6.6800346731987181,2.3050751366627162,-1.7067773946378024,0.3723987241929977,0.354859278461792,0.9672447013487476,True,5
-0.72906926719848542,-0.66885427231518824,-0.14523073377348156,0.66776461521989849,-0.74166201398080012,0.063465547174547665,-0.150161320874867,-0.050709165085454005,0.9873601968326714,16.648670526828383,-10.534509094754673,0.85896670465697333,0.5953723500445978,0.2645088962101055,0.5555555555555556,True,2
0.79222944688919572,-0.5796748335917371,-0.19065568646655015,0.60760285210687104,0.72041403447106012,0.33439855419652564,-0.056491393974971577,-0.38076332049912931,0.92294529424513694,-13.167104304534348,9.9624816361919262,-4.7704329714433928,,0.334958009241915,0.6774193548387096,False,3
-0.38831418718980631,-0.91186706939520568,-0.13308095197930961,0.90627790561417321,-0.40404829857635804,0.12411821064266959,-0.16695044121746999,-0.072411464355787644,0.98330266449712345,0.54758143230024392,-15.240025326873173,-0.43577464786360981,0.5135051167214311,0.4811209152101423,0.8333333333333334,True,5
0.62702466425087156,-0.77151005052603006,-0.10776043967247395,0.77638428121300185,0.60758640117986273,0.1675297376189496,-0.063777098604850202,-0.18870878898086912,0.97995993522945701,-6.7862222269929973,1.3321768156695604,-3.036548084204048,0.3951064119152902,0.3399195935592393,0.9144050104384134,True,5
0.5670528604359053,-0.76548367438875475,-0.30411477720714042,0.81962755002484688,0.48780794375846576,0.30042318360340464,-0.081619438320322618,-0.41961667537221237,0.90402439847486771,-1.6795890972635958,10.319361496728074,-3.7900340535060821,,0.3039079474572052,0.225,False,4
-0.70413008204530148,-0.63493858300038053,-0.31788964024696814,0.6906873490494192,-0.71632825308378523,-0.099120228495597512,-0.16477807324387495,-0.28935588753540592,0.94293231831697999,4.0147489559805765,-11.275676462054097,-0.58274456973334599,,0.5483389015878379,0.16,False,1
-0.8361391916619394,-0.53879452939129913,-0.10281880793379299,0.52782908747453094,-0.8413360036035028,0.11640525527779988,-0.1492236796983698,0.043060238486268318,0.98786543075399857,8.4825077191949294,-9.4822196841351083,-0.13862449765992141,0.1495312823747479,0.1691529240165786,0.5806451612903226,True,4
-0.96779560809240428,-0.21165795542237115,-0.13628121977541729,0.22183456005943164,-0.97296599391532512,-0.064238638276371884,-0.11900037361408755,-0.092401756426951628,0.98858526515871259,10.228037119154394,10.624079727869693,-2.3918562442328715,,0.4284664723536633,0.2,False,3
-0.74713781792839751,0.62751677451814458,0.21910677470022499,-0.65947908405408551,-0.74098277460613482,-0.12661700293474443,0.082900052571608707,-0.23909668637464784,0.96745044102955779,-1.0871212873752401,-13.83316442117731,-0.77745432183117402,,0.4799088290813484,0.3571428571428572,False,3
-0.3130193225679464,-0.90103446288675781,-0.30025955503443202,0.93351512394860114,-0.35008865104212522,0.077378613135235058,-0.17483825970974182,-0.25607583466988115,0.95071381069162531,7.9880442932175573,17.349729810049883,-3.534612633415092,,0.5870740892267756,0.2592592592592592,False,4
-0.94210779291210811,-0.32159537842851166,-0.094917433107406315,0.3108433004509209,-0.94378949005012458,0.11241815260759529,-0.12573523411937959,0.076405569458962458,0.98911720228524813,-12.555300920506781,4.3117470925421602,-3.9358099762513037,0.3243395411486448,0.2938982147364115,0.9883720930232558,True,4
-0.9611072595058231,0.27616944909866026,-0.0018086209527458375,-0.26631155430626063,-0.92849527855953262,-0.25879465553917752,-0.073150473465260463,-0.24824776550293565,0.96593066788181503,-19.261929365604502,-11.471005753890058,-2.7426471721345753,,0.4973290066687855,0.1739130434782609,False,2
-0.32683479726655262,-0.93519433453556522,-0.13634724767413875,0.92981426664120448,-0.34401811474527683,0.13075536806412535,-0.16918760251924714,-0.084042211891924096,0.98199412512198969,18.585493284065045,-8.8380516904287045,0.8993228747918236,,0.1575130247677126,0.25,False,1
-0.99393685224332629,-0.07766492459428595,-0.077831184241241747,0.074813324607085452,-0.99643806768635568,0.038911999777940895,-0.080576052359650235,0.032853260922585663,0.99620688766585475,1.0516907693210964,-9.5263988438486393,-1.0733788663807209,0.2001029613427018,0.228956765049068,0.1875,True,4
-0.13927969494919018,-0.92603415817418244,-0.3508018022608978,0.97716029375404956,-0.18594122720966966,0.10287672396738548,-0.16049587809461074,-0.32846095341515946,0.93078164743200875,10.59513626750182,19.877901394620402,-3.6175237685095682,,0.5631768155642328,0.1379310344827586,False,1
0.79060368504922818,-0.51308082374780306,-0.3342063456741331,0.61211602056917824,0.64786480383583855,0.45341501222754604,-0.016118019392464877,-0.56304463788675574,0.82626929338916955,12.355253056184816,-5.5855133963595867,-0.17331417857610251,,0.465332817714257,0.4935064935064935,False,5
0.63455120697781453,0.76503653989450782,0.10983559691301023,-0.75427665401456079,0.58199840007983517,0.30388252913438529,0.16855709694817644,-0.27567545217293238,0.94635698874032292,8.1768188946675977,7.4318833073577952,-2.1926768052144205,,0.2458662465518035,0.3333333333333333,False,1
-0.13509801912448824,-0.97142319149269374,-0.1951550877092067,0.97671548007223741,-0.16369365444061959,0.13867681306957419,-0.16665952182788119,-0.17187603243624094,0.97091875729026766,-16.935731773347445,6.5078236381417902,-4.6094632966752513,,0.1666435804479632,0.1904761904761905,False,3
-0.61347475034023968,0.78884020436025926,-0.037146502928886868,-0.78765174767520463,-0.60779776161243215,0.10092871426464223,0.057039066254431475,0.091175725737622559,0.99419994566336667,1.1054645547020681,-12.810488944970672,-0.65590758496061752,0.1915872016374458,0.1744398956833093,0.2631578947368421,True,3
0.97984035492892674,0.19961045279765724,-0.0082792503688460944,-0.1726606901381251,0.86694275537808141,0.46754523308284013,0.10050455180628427,-0.45669018604670625,0.88393037567154753,3.8538960307790728,-16.60349824949822,0.031447734674344391,,0.3382214209427311,0.2,False,3
-0.99661715508151527,-0.017763658327803342,-0.080241501980214291,0.014019830974613868,-0.99879735383069312,0.046981808396965141,-0.080979568637224345,0.045697903930256488,0.99566762076493698,12.545867108200737,-13.760355836685379,0.79008849199932052,,0.2649387503996135,0.8666666666666667,False,3
-0.50490855922154387,0.85454581215063496,0.12173250083948889,-0.85904148078679365,-0.5112514032023967,0.025879277640867421,0.084350940199012486,-0.091506598993689389,0.99222550926094943,3.3684337567610312,1.9463296165431907,-2.0437329109953835,,0.4794989505408978,0.3333333333333333,False,3
0.83362443136564091,0.5520232151010378,-0.018457448898107243,-0.52678882896044821,0.80467377504143556,0.27384967672620375,0.16602360408325306,-0.2185646031499148,0.961595381195817,1.9570457403607351,18.467875843483572,-4.3799458466114922,,0.4770010623243067,0.1304347826086956,False,3
0.1580174722331924,0.98602924444170603,-0.052695422711565125,-0.9741196187380764,0.16439910043109887,0.15512544654901139,0.16162130694502175,0.026819114138311576,0.98648836194768119,-4.1375671364957807,15.089996195681973,-4.6069720457336629,,0.2580878207298167,0.4210526315789473,False,1
-0.66150459291481478,-0.66652237416224791,-0.3437435065477244,0.73104066105331267,-0.67536234894586678,-0.097289513890538068,-0.16730578423754761,-0.31564794054047274,0.93401025272382188,12.930795882109933,16.17595964372731,-2.8982587515749993,,0.3731707306952983,0.1818181818181818,False,1
0.85510036445676207,-0.4451215467060809,-0.26583862654606716,0.51842284227214375,0.72774092675680269,0.44903329512812551,-0.0064127463995688888,-0.52178535067701581,0.85305270909978259,1.9016229276656531,12.990113682911673,-3.6715457736425789,,0.3626202044470453,0.2727272727272727,False,1
0.19591741335565821,-0.95017184012838585,-0.24246616541502386,0.97179453003413674,0.15502661535697637,0.17771364586517249,-0.13126979294475929,-0.27044449108458024,0.95374421031125678,-8.8258791073165206,9.2737668134771898,-4.336432013002895,,0.1635930044909156,0.2,False,1
0.29017486491273525,0.88327014926797387,0.36828303135632906,-0.94212012276752055,0.19612803422109754,0.27192548330209892,0.16795303524910729,-0.42587279509813608,0.88905800730093698,3.0945291979031504,-12.441141227655446,-0.52646400427320716,,0.6026818912287911,0.5897435897435898,False,1
-0.96211669639117092,-0.22548585722236641,-0.15325661720797962,0.24409795329006534,-0.96280878203384634,-0.1158250337280409,-0.12143990993466552,-0.14884682539844546,0.98137504087064698,-2.5807183500611042,-16.091068402903236,-0.61198628195943394,,0.2790636294786352,0.5555555555555556,False,2
-0.99147387998548553,-0.1025546832964772,-0.080387077571499765,0.094848398849496002,-0.99100150146926247,0.094444720981929076,-0.089349463021408226,0.086014888360252811,0.99227925123835947,14.10485047321022,-18.358747152524579,1.5945686220210729,0.4381586174165431,0.3863572055709612,0.6206896551724138,True,2
-0.81694328977680342,0.562085494598074,0.1290874046957842,-0.57642209832187297,-0.80297655428771031,-0.1515460914390277,0.018472299663653213,-0.19821339517468411,0.9799848081059529,-7.0261359430737675,9.3016238795886395,-4.153575685017441,,0.4634362481763351,0.391304347826087,False,1
0.34149840023781597,0.90241744709056182,0.26271961065281402,-0.92610505944711785,0.27539450620773692,0.2578512843036625,0.16033796026351307,-0.33136176173051474,0.92978014678814602,6.86167048858412,7.1867217753807608,-2.2871811347960449,,0.1856281990768582,0.3333333333333333,False,2
-0.66502960387769927,0.73502883603498592,0.13216745500812388,-0.74464277183364558,-0.66612128155703831,-0.042303434998992029,0.056945309922552936,-0.12655057666349365,0.99032428185113242,2.3538157152556636,14.932093931844125,-3.900859272694837,,0.6288745762908885,0.34375,False,1
0.060548198350184275,-0.94322694672837371,-0.32658359212002275,0.98816774204478808,0.010451118559922638,0.15302054666923845,-0.14091993918056056,-0.33198448922550144,0.93269923858392356,-22.031382384150508,3.7821016461500983,-4.6460412682554537,,0.2317380325516875,0.2903225806451613,False,2
-0.94357560097823523,-0.29840228082609899,-0.14360071043119849,0.30602738290591219,-0.95142261605989054,-0.033797138362784862,-0.12653982041365933,-0.07583590473869864,0.98905843578736152,9.0228250467273643,-12.921061880060249,0.19455266362458726,,0.1561981063314448,0.2,False,1
-0.50935584932617683,0.84808390241038478,0.14598052345975487,-0.85613628251274398,-0.51656602413439967,0.013791608870613509,0.08710502007617156,-0.11795438602423307,0.98919132542455002,13.816071595750653,8.6107090462919782,-1.6886878664057101,,0.4976194890701539,0.1875,False,1
0.1501868545499408,-0.93053284556858362,-0.33399480840041462,0.97922053187812086,0.093442113493060072,0.17998811453615624,-0.1362756715952092,-0.35408642270494484,0.92523064507575092,11.555227182601305,20.249422555809318,-3.5990501426170987,,0.311096851914709,0.1,False,1
-0.54885724385565371,0.83591376368726755,-0.0019762452690728766,-0.83207001918070012,-0.54610387729823173,0.097108384707340595,0.080095000142371142,0.054943014824688635,0.99527185033746879,10.830043029777219,21.483152176119379,-3.8678464790409497,,0.1967158279936948,0.3125,False,1
-0.47162915303598524,0.88128983759148172,0.029902577891200932,-0.87684134735908492,-0.47229902290710007,0.089904863731078491,0.093355201076664146,0.016181938047673622,0.99550135676098261,-12.292353608500971,-12.632796611206471,-1.9705085200119374,0.3451576640833437,0.2811050714993398,0.5263157894736842,True,2
0.85174985568592876,-0.51056763411669415,-0.11765574499990256,0.52389454334196917,0.82668454698637206,0.20524903709992687,-0.007529329021250683,-0.23646004052782146,0.9716120411141842,15.39578884654178,-0.46218547562240109,-0.41110066204832246,,0.07950456990557782,0.3478260869565217,False,1
0.81681321343671587,0.57518715513689722,0.044451219563812747,-0.55601328942682005,0.76435060269580168,0.32652316631340794,0.15383561465393725,-0.29142390554669506,0.94414337414396821,14.047340050607229,24.358966474856466,-3.9729318690324633,,0.4006208184898519,0.125,False,1
-0.81761431489300107,0.57503127047881064,-0.029083845233629828,-0.5754852851859541,-0.81459398832431162,0.072479795255868437,0.017986623265356549,0.07599784311029148,0.99694574036207895,-17.476268576355224,8.0553300233612806,-4.8958148672791646,,0.3534731608735852,0.3636363636363636,False,2
-0.91223550489317617,-0.39851391344923459,-0.094937054934675774,0.3863932495928516,-0.91398601607154473,0.12381364664181346,-0.13611260147895934,0.076264167293975477,0.98775358086194132,0.1788169096314389,12.600817080357169,-3.8200913207622249,,0.1654071723409752,0.2352941176470588,False,1
-0.35403529714484239,-0.91777845994154295,-0.17983800166508937,0.9196611768775349,-0.37658665626597221,0.11138137217076254,-0.16994801593366862,-0.12595709106574396,0.97737018733459691,15.451504336779537,7.427566584329143,-1.3543069867427535,,0.2128621920441295,0.3333333333333333,False,1
-0.98926650034708374,-0.1147397896193762,-0.090479677105614581,0.10649734336296553,-0.99012132908665673,0.091203451383730427,-0.10005052297547279,0.080588673929871416,0.99171334491704843,-12.759244453150195,-3.8223869914171775,-2.8817739644364209,,0.2328078010832335,0.6363636363636364,False,1
-0.97689193554639142,0.21052956437553358,-0.036870703658511438,-0.20750557108309053,-0.97554762268913364,-0.072444971081924103,-0.051220935504011952,-0.063120031601928417,0.99669066283208751,12.999320235577999,-21.529200617394732,1.8423544590628482,,0.7362714058616384,0.5,False,1
0.69739409182942103,-0.69514699734896224,-0.17439074734096183,0.71496347876203936,0.6579362755512731,0.23653135384173202,-0.049686061605849499,-0.28963858408444398,0.95584558684531162,-5.1184172913211654,11.496429942568758,-4.3043694006751503,,0.1644056032206427,0.1052631578947368,False,1
0.70054412957701506,0.7077459164233143,0.091288774234869294,-0.69426702392400985,0.64637419639929583,0.31653388084194484,0.16501885348917,-0.28512473764176838,0.94417829988717272,3.2403838248543493,-13.245314979836559,-0.41028182613077757,,0.6171793458044488,0.4736842105263158,False,1
