axis_00,axis_01,axis_02,axis_10,axis_11,axis_12,axis_20,axis_21,axis_22,location_x,location_y,location_z,dbh,dbh_approximation,score,reconstructed,number_clusters
0.33905339704273119,-0.83993986796446829,-0.42372610511698855,0.93869136118371055,0.27214338854503212,0.21165184740582424,-0.062460566702958104,-0.46950931223465303,0.88071543834094701,9.5270018246705153,3.2679331822589086,-2.7561339222698118,,0.3288914516040904,0.2083333333333333,False,3
0.42045417547714703,0.90617785602232337,-0.045386997902684384,-0.901695215114108,0.42288576651603949,0.090074233377058457,0.10081679108241574,0.0030531513109573263,0.99490032309921239,-5.4020251876610317,4.8355479683552209,-3.1853062408352253,0.24499294898186,0.1332588599633994,0.48,True,5
-0.78727670482935808,0.61520765734026051,-0.041411693794596666,-0.6162760447149499,-0.78726295159123272,0.020515403051331406,-0.019980659236525651,0.041672333769178976,0.9989315241069856,15.916566905844187,11.967409719084058,-3.0347951565962425,0.3383597813134564,0.2972739920425246,0.9375,True,4
0.61343899746438446,0.78848252689799236,-0.044585885282755797,-0.7822308986760047,0.61440342793986469,0.10306914617029299,0.10866194157302989,-0.028350176583219332,0.99367441847985571,-6.1175119134451039,10.613451326840568,-3.6803383754989523,0.2080216636197955,0.1984090549909366,0.9175257731958762,True,5
-0.16920216786798004,0.98350132930180645,-0.06399813786631646,-0.98375066338093053,-0.16457549746546851,0.071760281016544886,0.060043806394630403,0.075100205695947872,0.99536661608578747,-7.3812808443763371,4.5785405805619916,-3.2460660621680244,0.1832535763451084,0.1271764874701387,0.5932203389830508,True,5
0.9331448141139469,0.3591643981676037,-0.01554641377135442,-0.35015481228522433,0.91783209366911189,0.18701832868591617,0.081439322969596731,-0.16907153196170327,0.9822334008545911,-1.3939051419512616,19.633650162870786,-4.0972486332391318,0.4787189331542213,0.2841835997385885,0.4230769230769231,True,5
-0.14516456015103804,0.98926012286005227,0.017078050095659353,-0.98752872928092572,-0.14593054221513613,0.059087102599437426,0.060944723487400806,-0.0082877118501158975,0.99810673502954261,-13.495716920827512,5.9495434501788651,-3.7007139165348981,0.1413641786145242,0.1662338020411787,0.1777777777777778,True,5
-0.83663809042744286,0.54725774632610402,0.023359467716454842,-0.54547766273607068,-0.82851450015569672,-0.12656161538061328,-0.049908166685583871,-0.1186283360661793,0.99168366568188182,-15.560977472188915,-27.485510460080196,-1.2568349319633259,,0.4540357904436432,0.8717948717948718,False,5
0.66852865688577323,0.74192917635985067,-0.051093367363067944,-0.73606111572911215,0.66992368272705405,0.097037586702453937,0.10622367360489196,-0.027264566518011138,0.99396839717290142,-10.106391172283262,8.3384224475287425,-3.7061724195455064,0.2448640924091739,0.2618568575094868,0.4444444444444444,True,5
-0.98757740900611934,-0.10139231238566022,-0.12004357629564924,0.13191303781701175,-0.95007556884741251,-0.28276379530122558,-0.08538039397102995,-0.29508644914389837,0.95164813658042635,5.6449207629004983,3.2205125066499249,-2.8591356246095816,,0.4375365158435084,0.3283582089552239,False,4
0.54138807572270309,0.83993588621122561,-0.037505446535543094,-0.83387814734362398,0.54211503706039132,0.10372329524159264,0.10745318444807823,-0.024879582946109646,0.99389879741570952,-12.74860246240746,7.4197459431449184,-3.7520351999330237,,0.1040232460687189,0.391304347826087,False,2
-0.99582326278455013,0.042001327586859143,-0.081067365678649916,-0.046164230297144296,-0.99767278668560844,0.050178427118102498,-0.078771144070699073,0.05371125755291755,0.99544472858812161,9.5786740938184796,5.0052537154706895,-2.7978624222772912,0.3891547410043256,0.3613024823591394,0.8909090909090909,True,5
-0.69262011379894184,0.72012323523191579,-0.04122989255696461,-0.72129692659412048,-0.69125645167056216,0.043534603589548401,0.0028498503497586918,0.059891936877529237,0.99820079856211352,7.4936858785671276,-0.82162571490413683,-2.5710524762388869,0.3537874185000174,0.3398115853519103,0.7452830188679245,True,5
0.46471760111285809,0.88488907385244309,-0.031762842953278761,-0.87885623586507877,0.46532794384799064,0.10526928020683479,0.10793177426955528,-0.02100551477030535,0.99393636639991134,13.200060472295984,14.793915237503413,-3.1992025851694974,0.1965298526177417,0.2616510917081272,0.9772727272727273,True,4
0.94527495731970901,-0.29014025648542241,-0.14924438559220179,0.32543131295880662,0.87128373741544185,0.36736781222813275,0.023446014802686072,-0.39583238937958398,0.91802342230899525,-12.465777961924399,1.0047436315518665,-3.2479116454888897,,0.3668966902085208,0.5,False,2
0.27042119169672835,0.96208623194188436,0.035531132675270451,-0.96050774208076706,0.26709683063623529,0.078001028627731894,0.065553462793565304,-0.055221059134578074,0.99631991756856264,3.3426901899757935,19.804153375131555,-3.8327560388042943,0.2641050793985695,0.226633494091534,0.6153846153846154,True,5
0.10186602692844222,0.99459735110521985,-0.019985538078684504,-0.98993261339875949,0.10333189161582823,0.096726113871063127,0.098268680093491864,0.0099312310201392848,0.99511036431297817,6.0946103929464943,-9.9440751487735692,-2.0138659180284151,0.1810365706118572,0.2028060243030514,0.2608695652173913,True,5
-0.2516431735638236,0.96701386799963263,-0.039495471830538538,-0.96655625779194621,-0.24902037878263958,0.061301317067253447,0.04944404637523684,0.053600653422698361,0.99733758388556881,-3.963489323566141,10.407630495263115,-3.5382977454686495,0.1347065644130431,0.177428295654926,0.7105263157894737,True,5
0.44390501659733439,0.89533052725267182,-0.036490864735881409,-0.89008958119575887,0.44527324202155139,0.097325625538059235,0.10338700927330249,-0.010723194909586363,0.99458339992403488,-1.3283191611852669,9.0094784060431667,-3.3421928439297339,,0.08581647356237729,0.2058823529411765,False,5
-0.54019712643945705,0.8413676442185517,-0.01695735382299431,-0.84120608255599605,-0.53930776928394275,0.038980208577842373,0.023651453599049417,0.03532162584171808,0.99909608721611465,4.2165457828799315,22.27589009315405,-3.9713269154850779,0.8261039538380468,0.2686464596992271,0.696969696969697,True,5
0.15299813945804397,0.98806547058017147,-0.017838025943483164,-0.98459039881770027,0.15395737550966254,0.082938972034731176,0.08469543009146431,0.0048736406679379465,0.99639496774535208,-5.3702403829206293,7.5683885734099494,-3.4019034358576419,0.234796398359068,0.193375472897917,0.8707865168539326,True,5
0.99191820856388091,-0.094030516666700301,-0.085185265479516298,0.1045027603734985,0.98622356719743209,0.12822733163679434,0.071954434149268692,-0.13609312047185437,0.98807956256897289,-5.5055499794127005,13.263341547265888,-3.8640321369756965,0.1521105672132952,0.1589342467197097,0.631578947368421,True,5
-0.58821071691300431,0.80794248485837905,-0.035172342395071179,-0.80859547103312357,-0.58684801712116363,0.04222284956843303,0.013472814606067168,0.053276129381038824,0.99848892698154856,-8.1757771741968277,6.0031291010571612,-3.4159569935539253,0.1938788666334312,0.1813669305538415,0.7669902912621359,True,5
-0.091568308808890789,0.99552560221845054,-0.023324239526097617,-0.99323276369225277,-0.089626879239018908,0.073862708088204776,0.071441738151648171,0.0299298821492077,0.99699562697356181,-6.5700399794590929,12.118870533200294,-3.8075448923653683,0.2323310856473495,0.2000335805822737,0.5769230769230769,True,5
0.17041601092784472,0.98381807786842579,-0.055320637005705928,-0.98193309569292009,0.17423985528334787,0.073809676965537765,0.082254354306381575,0.041742813634377339,0.99573679188203457,4.7818828077853039,-0.50379647845573339,-2.5960831672640921,0.509007558604827,0.429963845639201,0.9973082099596231,True,5
-0.98371340666692619,0.16523168358697066,-0.070756090075446573,-0.16683781833995245,-0.98583107903219003,0.017384647991603268,-0.066881057970956892,0.028906303001978068,0.99734214276317545,0.23559283973882417,19.228695918745224,-3.9601588424188319,,0.1846058649037728,0.2,False,5
-0.81940589727247115,0.56396437542280986,0.10255807510409345,-0.57257558653659069,-0.79684641872411122,-0.19285482277826971,-0.027040214817488285,-0.2167486291087416,0.97585288776644274,-11.748047832016042,11.86446970295523,-4.0755947684463818,,0.2973114823620182,0.2142857142857143,False,3
0.98030308816827649,-0.1532949801610668,-0.12452511547939996,0.18652471753933816,0.92586256689158553,0.32861381129799511,0.064918295376649643,-0.34536814602152044,0.93621923641797045,9.1739484123657018,-5.21272029595786,-2.3233338136363226,,0.4737648162352134,0.2033898305084746,False,5
0.93748936035308117,-0.33733078887233758,-0.085566571180198225,0.3449469689694486,0.93327270098475912,0.10006824768827245,0.046100844065590833,-0.12332884689065024,0.99129446064278071,8.7976143122851269,6.4931368695236769,-2.8537523904635731,0.2421899799975379,0.1640437150385252,0.7912087912087912,True,5
0.12451581422161904,0.99210821995834964,-0.014734038815034149,-0.98885749486409569,0.12530151884533158,0.080376515389502953,0.081588399051784471,0.0045617174538445451,0.99665566966432262,-7.1766158992534201,7.2058868262497535,-3.4748326673207814,0.220511661741744,0.1834188731229293,0.8421052631578947,True,5
0.98821972005270919,0.13557520651184884,-0.071001044205093219,-0.12115920843994198,0.9764956091114253,0.17826040389360776,0.093499898979361243,-0.16755801611792559,0.98141840217385035,-6.2869554537246986,14.168179687462263,-3.9721436619109673,0.1665602800447692,0.1470699992915479,0.4864864864864865,True,5
-0.94513168495579902,-0.29324316844989434,-0.14399493827936521,0.30908590494304528,-0.94538977534511759,-0.10346050472738953,-0.10579225613507821,-0.14229060696467069,0.98415516140061698,6.1895925114532577,-1.9328537957280272,-2.525854033826918,,0.2758943358611337,0.5,False,2
0.13407950433608834,0.94933144257647994,0.28424021294082824,-0.98729659674946346,0.10329346243223225,0.12073065338052089,0.08525324957979781,-0.29681690105925507,0.95112123868708986,14.82829651533269,2.6990783979418995,-2.6870882792357484,,0.4520397256351135,0.2380952380952381,False,1
0.60436482231017707,0.79587812578988903,0.036347908373941966,-0.79038144639064445,0.59320363240822327,0.15299222104120561,0.10020145086484351,-0.12119182887827847,0.98755871210663582,-12.096599915032645,16.714084978326884,-4.4730926621546727,,0.3805978241260112,0.5675675675675675,False,3
-0.24789302092872501,0.96194380231084786,0.11494855967161167,-0.9650711525887733,-0.25558042121894614,0.057587487621199668,0.084774528107247421,-0.096658002696587086,0.99170081672795807,13.623461401545065,4.0127418724764947,-2.7584791917110083,,0.3959347938393485,0.119047619047619,False,4
-0.45210179110291204,0.89148620083392527,-0.029263017688429205,-0.89070439309707128,-0.44947459491539543,0.067957874033987675,0.047430523917801351,0.056788574980673079,0.99725894488470124,-9.5963620696972889,6.6522810880706302,-3.5366384958195001,0.5742418374513467,0.2713069434875027,0.2692307692307692,True,5
0.42693968719726089,0.90274234473678805,-0.052713968879525099,-0.89546887065410197,0.43017857768804235,0.11437610321986258,0.12592857175944144,-0.0016279795512859421,0.99203797533018279,2.5124663668956573,17.750737414534981,-3.7505184974746757,0.1677208150535014,0.1502770780812334,0.7419354838709677,True,5
-0.45851772660601126,0.88841915795985127,-0.021746129723812534,-0.88845943520435422,-0.4577123362759758,0.033752766066636401,0.020033132166890264,0.034796795695837712,0.99919360317452355,5.3670383587337769,-12.7521659524071,-1.8238115611427628,,0.283570835470276,0.5645161290322581,False,5
0.32393879072100495,0.94504058680428227,-0.044293895277239224,-0.9410557772108703,0.32668353277140966,0.087703441175566568,0.097353397702687638,0.013272479369335424,0.99516137246535707,1.2648962707502627,14.516759160833447,-3.593457352682611,0.2639427258127169,0.2189165087393639,0.883495145631068,True,5
-0.86789857350479516,-0.48399805180045563,-0.11179423939409511,0.48517339437879003,-0.87422700545004761,0.018273487045575791,-0.10657787526172507,-0.038380057259014597,0.99356334861421403,0.64674665038740065,13.541702598097215,-3.5863444125729158,0.1997291900487964,0.1357947530962996,0.2962962962962963,True,5
0.98611698498695199,0.15049357919605591,-0.070178162850021583,-0.13736405901690341,0.97677327135832681,0.16445391953478433,0.093297412668542842,-0.15253084599750005,0.98388512226206726,-7.4723461154941448,13.072605177429859,-3.9440544836688498,,0.0969835072540903,0.375,False,2
-0.94893297156603373,0.31546063981650985,-0.0032863659892714975,-0.31475708782787509,-0.94741759780722357,-0.057687702565674709,-0.021311760531983196,-0.053707356030143566,0.99832926871412486,11.015598717496827,18.253289203879206,-3.475812416204453,,0.3421145561318764,0.32,False,4
-0.99594919718510089,0.083788106231901791,-0.032630505365757012,-0.076049545665541896,-0.9785421004173952,-0.19149888854710689,-0.047975652475165054,-0.18824162920242746,0.98095026673363939,-4.0254415306156517,19.524000637480391,-4.2294161419781693,,0.6421449439461396,0.1111111111111111,False,5
-0.55508368495773208,-0.81214384107329152,-0.17973448222437693,0.82484158182832845,-0.5653201027939776,0.0070389107073869639,-0.10732412394557636,-0.14434529013350594,0.9836899763825937,0.45741516444409369,-12.844044675125909,-1.8972477225726101,0.6984411944848689,0.3385486152168065,0.24,True,5
0.99602319818276341,0.050536418965204423,-0.073374784769385276,-0.043276191023248992,0.99430677385133004,0.097371508994571032,0.077877852899906966,-0.093808900598684603,0.99253963658695632,9.1854710521476637,15.669727297268192,-3.3854038070483718,0.3561414167825478,0.3352573013126222,0.9724770642201835,True,5
0.44032684856324411,0.89743344499873801,-0.026934703118051934,-0.89368398269863158,0.44097483835387835,0.082886253424085635,0.086262422307008313,-0.012425930004096156,0.99619495620147547,-7.3657868457789641,9.2920195371861904,-3.6383659431985249,0.1354924843606808,0.1222572236204686,0.2,True,5
0.96252412939991772,-0.25642646199907748,-0.088276666846716145,0.26480428121723637,0.95890828732184563,0.1018508181337178,0.05853198247072499,-0.12140990936542416,0.99087518938357011,12.383900287725616,5.3082149065668336,-2.8039690096959022,0.3410468466514454,0.3353415408341157,0.8775510204081632,True,5
-0.30255486991239494,0.95276589474975659,-0.026414020784242331,-0.95192740665028919,-0.30066361822586413,0.058614001257271842,0.047903686291864471,0.042878181829789461,0.99793120923369405,11.646428732570939,10.53890571109334,-3.0295224253113249,0.2338569593912699,0.221750633428741,0.8857142857142857,True,4
-0.78108285508751596,-0.61678134145134056,-0.097418429087204161,0.61514353768552377,-0.78685040402722806,0.049647454375081446,-0.10727535379607145,-0.021147541693353311,0.99400441646315374,8.2403094585733925,8.6356197626945512,-2.9713038960082585,0.4488983560469679,0.4209124621895789,0.7909407665505227,True,5
0.70128533470507737,0.71152663495359858,-0.043917275407243835,-0.70364221826973017,0.70076820119026328,0.11752258025169506,0.11439627614586448,-0.051514812939298577,0.99209864229913547,6.9663655421633885,10.111810742809045,-3.0471240797036474,0.4646031391445561,0.4342275815160223,0.9714285714285714,True,5
0.37520301133332762,0.92663811546635988,-0.023759277163997367,-0.92032522790214544,0.37545934190029961,0.10968936806572521,0.11056299187914082,-0.019289519038763754,0.99368191051361399,-4.7765096196863537,17.968293455599589,-4.1456658447887982,,0.1641949567259987,0.3809523809523809,False,4
0.98616828708873971,0.14634908519273318,-0.077807806830099441,-0.12218195001949228,0.95909096998824039,0.25537439647789617,0.11199857423152418,-0.24233542157568616,0.96370631564799858,14.00725952670965,7.398593035359788,-2.851966402416485,,0.193711663299569,0.1363636363636364,False,2
0.27824044235055323,0.95995910334362367,-0.032569558613432234,-0.95576871298888022,0.28007286350931987,0.089807340442018602,0.095333223548494356,0.0061409309876620244,0.9954264741579143,-1.5726042323901543,15.42626808719859,-3.7990442262983537,,0.09047552271458476,0.2631578947368421,False,4
0.48829261015556763,0.87241450822045163,-0.021523306296454131,-0.86661539389319475,0.48765437460124944,0.10569280959274266,0.10270387497463886,-0.032956589306730261,0.99416587010742918,-14.557068113137086,7.1518571455196023,-3.8633936108511495,0.1796586431724196,0.1454817480153106,0.72,True,5
-0.46698950800086647,-0.86247166148895515,-0.19509852010097264,0.87770694685668249,-0.47892119148555418,0.016279059726477522,-0.10747704339359916,-0.1636371763216973,0.98064854033890891,-8.3334011963756147,3.2520003959908546,-3.2168721447941375,,0.1741023732402615,0.2380952380952381,False,4
-0.82910257081514471,0.55754119531054902,-0.041674243837214485,-0.55886070001920474,-0.82861210529809481,0.032813060319108064,-0.01623715005054777,0.050495489750521594,0.99859228941199663,12.408474137059818,-7.0507860502570932,-2.1614572974983703,0.4710511328399505,0.3455949003482773,0.8235294117647058,True,5
-0.49607670226918676,0.86736856934919304,-0.039745067251938652,-0.86809155848861663,-0.49449957341807327,0.043442122072321072,0.018026412469805818,0.056052982030182823,0.99826505080514116,-3.3566091675498426,-21.542111221142527,-1.18900174227208,0.2563292011927809,0.2836836260483973,0.8108108108108109,True,5
-0.32585426036522142,0.94540518024991937,0.005295862389876449,-0.94390552856927579,-0.32564410168733038,0.054756480644835501,0.053491626804492952,0.012843838712378958,0.99848569427355316,16.597777804627412,1.1270160482190406,-2.5551952628841437,0.5391055676627723,0.4998242673320843,0.9719626168224299,True,5
0.99406941625022915,0.00085856045905007526,-0.10874400466172049,0.04175025321516479,0.92032469012357321,0.38892079027151616,0.10041370440532379,-0.39115435268304138,0.91483078235524662,-13.994073432236462,0.75138925659369737,-3.3536318315739626,,0.3190295852329479,0.375,False,5
-0.43836591703807476,-0.89194484295008303,-0.11076876777376643,0.89308841489609858,-0.44612884990053359,0.057983898323592784,-0.10113558205568027,-0.073508138469002879,0.99215328836882877,0.76391329354250903,-8.1406775486219249,-2.183233595084455,0.6980214042583831,0.4086063010953033,0.9596774193548387,True,5
0.9076010586348372,0.41709149345358537,-0.0479062047503254,-0.40606116299774159,0.90108106117951581,0.15220792715400372,0.10665200546564435,-0.1186912266018629,0.98718678195055909,-0.11890977334973993,20.903084835662273,-4.0895809096104943,,0.09979164024641517,0.3809523809523809,False,2
0.21461547234893721,0.97660558486649451,-0.013480750573133124,-0.97253985161385947,0.21495363951138713,0.089225388111798851,0.090035748740903435,-0.0060385816530926298,0.99592022746818643,-8.3884138086216264,8.0484714531493768,-3.6133649097134062,0.1167742398874011,0.1074216736577286,0.5254237288135594,True,5
-0.69877422845314729,0.71511879342930207,-0.017879847145000082,-0.7152399008500373,-0.69803307956175742,0.034375922817558198,0.012102143683593122,0.036809389043407817,0.99924902151391337,-11.503035707968042,4.12420690943057,-3.4620646761192311,,0.142159352877285,0.3529411764705883,False,5
0.84977572906414423,0.52344232118959078,-0.062364626842091653,-0.51632881455518675,0.8503373098349668,0.10164159956762278,0.10623448382486525,-0.054171910528268752,0.99286436060328997,13.817311390594803,20.928775845680786,-3.4559153602539743,0.3986183623533426,0.3623408569196802,0.9791666666666666,True,2
0.78926678916657855,0.61367344773853971,0.021513601729462019,-0.60347763409296129,0.76872737126405477,0.21183241918794826,0.11345783652195268,-0.18017527080637466,0.97706918440896895,-10.978621745203327,-4.3506351778693535,-2.6611748930689063,,0.3432655346378252,0.1142857142857143,False,2
-0.44003975306289517,0.86679370772902042,0.23459259145532285,-0.89740556940310368,-0.43381632000502568,-0.080415449396175565,0.032066489184784164,-0.2459106926074483,0.96876192716925436,-5.5239993850308045,-4.843309544607207,-2.5814508424236111,,0.08605728066218052,0.5,False,1
0.99584818769324157,0.051175660290356417,-0.075282394103356229,-0.040542905379311329,0.98980413188489447,0.13654322878486153,0.081502514632931483,-0.13292415994632756,0.9877694608617299,-16.350715703517107,7.2947867085924702,-4.012095840278902,,0.1002014062831608,0.1666666666666667,False,2
-0.77505417558707279,0.63189121353884703,0.0021258310014998297,-0.63048196016080471,-0.77309204297290934,-0.069434796779163407,-0.042231774966644139,-0.055156027271526603,0.99758422693965565,4.210453725457441,-12.445784260592781,-1.8654591424812628,0.6904247180428639,0.5932077446294504,0.2571428571428571,True,4
-0.048368915946971319,0.99779722525523951,-0.045399837478338138,-0.99635012637822584,-0.04499834168992959,0.072536714229759436,0.070334014788068694,0.048742656042741833,0.99633191248985409,-8.9711580857594733,9.7897529052851624,-3.7680431726186892,0.2488863982025968,0.2205197747131923,0.6752136752136753,True,5
-0.9723600355760913,0.23123359731920046,-0.032357142724337887,-0.22230752713991131,-0.95923907936185904,-0.17446991718330562,-0.071381542371952933,-0.16245433849495619,0.98413071454597234,7.0893687554734255,6.8116884646080598,-2.9252276944925999,0.9478227909712155,0.5223848223913877,0.25,True,4
-0.25981098540120973,0.96560855050538663,-0.0099186216652897424,-0.96441715225812152,-0.25894219861456091,0.053371286353178046,0.048967420752864005,0.02343213536031374,0.99852547625850219,-4.1201971816739507,14.804717449402396,-3.8877995706883883,0.1335131512248089,0.1616694115337133,0.5833333333333334,True,4
-0.38884112775287449,-0.9112223759043705,-0.13592777133119741,0.91589581126616615,-0.3982917578517271,0.049985383188207458,-0.099686710613618987,-0.10505930362692681,0.98945697352055739,-7.4905903773095224,-5.0107980019646039,-2.5391209234304712,0.7460681071553459,0.595393687155173,0.993421052631579,True,5
-0.77530495187350723,0.63037324488964097,0.039138264240048355,-0.63132420722784366,-0.77170517721520371,-0.076817086819185781,-0.018220235139917412,-0.084265601443034216,0.99627673436896558,-0.64848591457082405,-20.766706331361974,-1.1973939504840365,0.6389801742965485,0.2793304496557116,0.5263157894736842,True,5
-0.41643735214839084,0.90773052028051604,-0.051041495735342612,-0.90853813892696123,-0.41341070919775358,0.060415524790772987,0.033739914800886686,0.071532426715961564,0.99686745863096293,8.9367399463394133,-9.0010587954888042,-1.9872618421384336,0.3748954845579361,0.3221915570436452,0.7019230769230769,True,5
0.99331219894374179,-0.06657754300042458,-0.094330833758499932,0.08896568982742592,0.96209935615621656,0.25777884885560864,0.073593352030447645,-0.26444708289527247,0.96158814410593807,-13.511177356932077,-2.9999571703378103,-2.9325782284826682,,0.1673355119093574,0.4,False,1
0.13685454005823522,0.98870022053900486,0.061177681972865293,-0.98846245605455174,0.13225317459267974,0.07383136718741154,0.064906146365757214,-0.070575999576926562,0.99539249567578392,-3.4891771321234,3.5268181987254148,-3.0177015908308542,0.2865089806019839,0.250516363254966,0.5962732919254659,True,3
-0.67019811786519257,0.73907841292165477,-0.067805474433559873,-0.74218077320521858,-0.66721214361190495,0.063211196012333076,0.0014773944822370662,0.092687944038119599,0.99569411082697934,-0.52537594245467034,16.628413424832956,-3.8419186338445108,0.2664987842385147,0.269896315069142,0.925531914893617,True,5
0.95631050668277784,0.29046305219143881,0.033187800767169609,-0.27343394484565658,0.84846986897401766,0.45313657902375865,0.10346058483437182,-0.44241394276723023,0.89082310849622826,-10.507757453062984,5.7695164504887826,-3.5178040071023542,,0.3327042044512963,0.4444444444444444,False,4
-0.23179297450021219,0.93045158541985207,0.28378136683374433,-0.97123914112526677,-0.23769662758816673,-0.013958652494671306,0.054466023524749781,-0.27885508857271479,0.95878740701915011,5.8806973318239759,25.905299777259472,-4.1200573822018853,,0.4840444396837111,0.1818181818181818,False,1
-0.14820283607170545,0.988024409950927,-0.042938149953466648,-0.98699625971494742,-0.14503687148830757,0.069301437341434791,0.062243896801275601,0.052650462960997325,0.99667127281816714,-1.403342017111977,11.639590064242764,-3.5673436460055918,0.3985789673652613,0.3769366756224419,0.9233449477351916,True,5
-0.84189414269533458,-0.51826313212237751,-0.15039141723512972,0.52874336494054142,-0.84793777191889896,-0.037841630310638377,-0.10791064139667284,-0.11137711091564803,0.98790203595166393,-10.126485968348975,16.405230123941092,-4.3465831205293588,,0.1398157533143151,0.2727272727272727,False,1
0.019558234366379004,0.99918790109451605,-0.035228025417374409,-0.99685876375329274,0.022193093759111489,0.076026782896938566,0.076746860500796571,0.033630416229013221,0.99648327357138133,15.36083816939585,9.1841883926829571,-2.9335288832037576,0.2776333354494304,0.2581979463224898,1.0,True,5
-0.98822168623257245,-0.10502588127914508,-0.11129898077335959,0.11295167002597867,-0.99130769809907338,-0.067460862193259766,-0.10324639992751408,-0.079237692741866594,0.99149461367722636,15.12409448963443,-7.0067047293231068,-2.1485305279922606,,0.1963310951491048,0.2222222222222222,False,4
0.31444385328728602,0.94768238364403601,-0.054983296196210035,-0.94430759341615,0.31819126164730366,0.083889749242053974,0.09699604191120971,0.025542528106154809,0.99495695741650236,-4.0006841081587963,16.940472296707952,-4.0313736125154414,0.1904114297624135,0.2763438259476222,0.9310344827586207,True,5
-0.69622241121698147,-0.64477286023738334,-0.31550326911225018,0.71241262787895654,-0.674529197307984,-0.19359392970247513,-0.08799205508347116,-0.35955294558708761,0.92896667193276461,5.2869337225597599,-8.109788492443645,-2.1060110044709464,,0.584519145819312,0.1935483870967742,False,3
0.14025148119638592,0.98723509687813105,0.075474403040028157,-0.98694069606100132,0.13329502661601766,0.090446107368215914,0.079231209007861791,-0.087173960397953554,0.99303731860776012,12.730141080983861,2.8541906087272739,-2.7059739644922898,,0.400266319941553,0.56,False,4
0.2615394743630281,0.96388839597538967,-0.050162370895930716,-0.96093968982984057,0.26490866478018266,0.080114367214065979,0.090509755604798722,0.027249943639771665,0.99552268919999432,-6.7423548663740336,2.4934475083915402,-3.097798143711938,0.2433018243012372,0.173807811797797,0.7587719298245614,True,4
-0.97023102566965003,0.23145069635211524,-0.071290476125071542,-0.23443461179545982,-0.97143939714368666,0.036686652469556352,-0.060763225888119048,0.052307483549018298,0.99678069681572279,3.2936630573525143,-8.9224016097332353,-2.1193119613538625,,0.1184064967023734,0.125,False,1
0.80153638533556759,-0.47329343323239614,-0.36542133085287276,0.59761967562358609,0.65428305685281984,0.46342680632748295,0.019752121170984054,-0.58983642442156947,0.8072811444192326,-0.69032490011286429,-14.332228076126919,-1.7507530392369193,,0.3104616521031668,0.103448275862069,False,1
-0.12751336039536715,0.99063435230066332,-0.048825433562092534,-0.98975097063978079,-0.12389999229391521,0.071005690104236865,0.064291204983981942,0.057379194412372533,0.99628021610904938,2.851221433494723,0.82595672794393338,-2.6846790703667089,,0.09093987345111892,0.245398773006135,False,1
-0.99029243363687958,0.11108170135605396,-0.083556875871418981,-0.09627826651036292,-0.98173833551762091,-0.16407417826352572,-0.10025662710916826,-0.15443670612563623,0.98290279912194656,8.8950095363140829,-23.045371779061888,-0.95164484892396251,,0.3171629586714519,0.6666666666666666,False,4
0.60491915115024653,0.79361180706889378,0.065215950905513492,-0.78887945491593769,0.58613345337803435,0.18470728313380863,0.10836063022702669,-0.16318049672673782,0.98062740085356415,-9.1559956845524795,-5.3616664892744197,-2.4907685372915993,,0.5099409377834319,0.1228070175438596,False,1
0.83925494680100121,0.54353787407569631,0.014755125052692664,-0.53311649171205333,0.81722005035057876,0.21894792890006887,0.1069483077691296,-0.19161933292408082,0.97562497442154961,11.68482637635422,33.01512282062788,-4.3990294440841859,,0.2202903271898555,0.25,False,4
-0.23405039311040615,-0.96261378616709714,-0.13636389612324337,0.96787403380897563,-0.24395371227135842,0.060880546542924546,-0.091870932090657859,-0.11773395835556383,0.98878635047553332,11.348392012540163,17.693772655239975,-3.4143213665759173,,0.9503592222724965,0.8421052631578947,False,1
-0.27197198148405943,0.96071416650106767,0.05531303256730654,-0.96193087828918544,-0.26981370277203126,-0.043468968129472152,-0.026837039356632446,-0.065029655393547492,0.99752238934169579,3.9321096492426464,-18.426168063212124,-1.3527551757711045,,0.4291152504259428,0.7857142857142857,False,4
0.95385700892461545,-0.28189887965658855,-0.10339162525923336,0.29520720627885755,0.94336293428032725,0.15139048710880895,0.05485901827792395,-0.17492683005865794,0.98305192753954318,-18.048945387915726,8.105427330117605,-4.186676665656841,,0.1878839785799445,0.4333333333333333,False,1
0.49446150906941494,0.86903885356953814,-0.016711883057865553,-0.86386991627540277,0.49346470931312603,0.101100684551791,0.096107147513208521,-0.035553504033426823,0.99473582651265746,-10.352538361093236,12.460588654092515,-4.0324253443391491,,0.1555328108170186,0.2,False,4
0.99630174336451716,0.0062292552037691573,-0.085697331046132474,0.03648998105098579,0.87228658947873816,0.48763161002794941,0.077790214369950234,-0.48895531717648566,0.86883334440680837,12.18262982008874,7.2503620661295249,-2.8666485498761425,,0.2661915380888885,0.2142857142857143,False,1
-0.97462059831808567,-0.1683921595872605,-0.14750854186668372,0.20312628386613099,-0.94217901214681998,-0.26653033949773597,-0.094097832795620423,-0.28972882089909707,0.9524719461504294,9.8454119337575072,10.491524482955951,-3.03190377740962,,0.6683830676201937,0.2,False,1
0.97882423889576231,-0.14537786196724647,-0.1441124095973845,0.19441842081393249,0.88056656003014788,0.4322082958538499,0.064067050801084685,-0.45107406332719308,0.89018402726354695,9.6938213117772705,-2.7677766153585308,-2.471397166567789,,0.5240611965384863,0.2222222222222222,False,4
-0.72479322225549991,-0.66780739120235544,-0.16943456916459945,0.68015175026606978,-0.73275859867030824,-0.02141104118738732,-0.10985618590908403,-0.13075979630693149,0.98530883183257745,1.6525475693513259,-12.597872284387796,-1.8934018622795634,,0.2607844116848299,0.1276595744680851,False,1
0.93381538583834867,-0.33910522909273572,-0.11400205600575342,0.35441458503395673,0.9203156287069566,0.16555798220842982,0.048776296361899986,-0.19500458240688046,0.97958873296579618,-10.701233460325332,-2.3020611198834153,-2.9180708917156055,,0.7300391074267606,0.1896551724137931,False,1
0.99555936717101223,-0.047054272158363095,-0.081531845984866624,0.055096398451034534,0.99352354919778885,0.09937476574640719,0.076327801722427174,-0.10342558997209131,0.99170419683650946,2.9967075788968445,-5.8784367071688095,-2.2901299373586785,0.3349025791648096,0.3611742289573955,0.7837837837837838,True,1
-0.057136212675033771,0.98755802891463329,0.14650799543847026,-0.99587817471605533,-0.066730953286635988,0.061429968237627558,0.070442276548763172,-0.14239423934872625,0.98730024120068283,3.822721336571071,-2.2768559339794416,-2.5531638246663055,,0.4696090739004296,0.2538461538461538,False,1
-0.4040298920571232,0.91474451112300381,-0.0015250228347834308,-0.91412631148879342,-0.40369437491594068,0.037469164724104519,0.033659069627717822,0.016532726077847257,0.99929662062884628,-8.0832371857649843,10.861813092110683,-3.7741406612068138,0.2810783880288232,0.1487028849109832,0.4615384615384616,True,3
-0.97847545676348446,0.20390768053781194,-0.031740169016245531,-0.19638391669304503,-0.96732939022596243,-0.16033467519337957,-0.063396670068619265,-0.1506502858369575,0.98655225588990136,-9.1061705538350939,14.755490778731923,-4.1640643341533217,,0.2882283401596747,0.2777777777777778,False,2
0.28547114806547774,-0.84761040305965263,-0.44728383410003947,0.95713061494450535,0.22825109495928075,0.17833234026906819,-0.049063321923116715,-0.47901778910072124,0.87643296843907337,7.1149182825135178,25.110160889271718,-3.9882571576607897,,0.7380560595299887,0.2352941176470588,False,1
-0.17012098921273194,-0.95507748359352296,-0.24266406689484366,0.98435981716816356,-0.17614121499790175,0.0031658685573856399,-0.045766793354365586,-0.23833017583119148,0.97010521486812573,-9.4680028211884188,-7.4459008624374663,-2.3033987286439075,,0.3525508084060285,0.3846153846153846,False,2
-0.99706207243499223,0.024005467246025033,-0.072738994039916405,-0.020675789721886779,-0.99871877172820167,-0.046187949912168805,-0.073754562103067883,-0.044548316915599656,0.99628094031200476,10.569020123763472,32.199152837996756,-4.3889260514451358,,0.1798801554836932,0.4285714285714285,False,2
-0.37224645659857081,0.92793185037636838,0.019366378259687178,-0.9272802430319026,-0.37271783759957927,0.035110745047482961,0.03979857324708988,-0.0048882095068291317,0.99919576609156691,11.825239726462904,3.6485458469638909,-2.7285126410301972,,0.1564895830347605,0.2,False,1
0.59294695157600297,0.79129005927978358,0.14924461364391733,-0.79774321570786244,0.55201349512913189,0.24266615542221717,0.10963427570246759,-0.26294703512364825,0.95856099561315289,11.052892036986629,7.5875692807404551,-2.8811886304158176,,0.3599921976627769,0.2040816326530612,False,2
-0.8945778954267275,0.44660785714892332,0.016486689987196282,-0.44483132154710014,-0.88625118534268543,-0.12916629533026552,-0.043075333829784762,-0.12288310873155782,0.99148588351217604,0.96681757198324692,17.473953727151581,-3.8061715932625351,,0.4502306964161099,0.2380952380952381,False,2
0.97331695458586287,-0.20569080595408495,-0.10171233092236212,0.22092133159476313,0.95981704930856049,0.17304622822530691,0.062031211193219554,-0.19089925144580139,0.97964769414077368,-15.740075468185402,-0.092398652205919529,-3.3651805600173645,,0.5004455874591931,0.5294117647058824,False,1
-0.805972861426969,0.59064936951912939,0.039256450805942852,-0.59159516048221183,-0.80140926037772076,-0.088081572845069192,-0.0205648422617483,-0.094215283619432239,0.99533942331008873,3.4964443376377008,-10.038879108461618,-2.0245853355647889,,0.5767467826129621,0.1290322580645161,False,1
-0.75286064187391777,-0.54380054728135085,-0.37078540787589714,0.64896106916556828,-0.7072729875361512,-0.28038268814099349,-0.10977424390390747,-0.45171438529029645,0.88538337995307703,-8.9596297782171828,-10.534934158013304,-2.0314627743338094,,0.5742438907164373,0.171875,False,1
0.34491722872217356,0.87127505201620503,0.34915883071286269,-0.93333450147943686,0.27888853074934339,0.22607055483764865,0.099593241129835627,-0.40385761247081903,0.90938452547347792,2.5270946344982113,-12.466420425946806,-1.8683593164319408,,0.4684522669286267,0.4444444444444444,False,2
0.76582939190236621,0.60033949091823702,0.23042968155705162,-0.63362337320633988,0.64338404200261767,0.42962587843726741,0.10966660122877758,-0.47502575734417418,0.87311154295114113,-5.4073758884416003,2.0924618025959023,-3.0028531773166449,,0.3888780807709491,0.2545454545454545,False,1
0.9072050017082256,0.41831497424085146,-0.044628098788263841,-0.4069312982043049,0.89949293028606103,0.15912066775612527,0.10670521738574185,-0.12619449548721137,0.98624994088283235,9.4183252314047685,13.168445462529768,-3.2553426076192613,,0.3787050003809292,0.4848484848484849,True,2
-0.72367525974837354,0.67452721996823573,0.14596968161247675,-0.69011016603233177,-0.70528393943371315,-0.16224217551453884,-0.0064866915258879575,-0.21814580972089809,0.97589462983165476,10.552922072523124,-12.952581312600691,-1.775047104806621,,0.4833102388446494,0.2272727272727273,False,1
0.94822662376408562,0.30789668862728148,0.077883882269166926,-0.30164217482130173,0.79635496965308916,0.52424303588879662,0.099389478085146393,-0.52059426758386584,0.8479996109697101,6.0015868629593703,0.0027273402129334434,-2.5957777772230406,,0.09404488964539891,0.3157894736842105,False,1
-0.99676401156718808,0.010459353219783859,-0.079700107745914336,-0.0083527672766773239,-0.99960808333308993,-0.026719113270622527,-0.079948336588751029,-0.025966934077216109,0.99646072768138794,9.1916458599147752,-14.0623355621166,-1.72416732231147,,0.1817455251201456,0.2222222222222222,False,1
-0.94666109683184796,0.31528904255999729,-0.066525088400710947,-0.31791445791158218,-0.94753776512133669,0.033205136946670176,-0.052565817751719784,0.052583298778818621,0.99723208507028593,14.064574055752754,-2.1077148063482847,-2.4624845822872303,,0.4934605298988118,0.8444444444444444,False,1
-0.98413758485655389,-0.10094932414312435,-0.14588505073432101,0.15226956863994692,-0.90261462085313726,-0.40261746694393608,-0.091034018580492815,-0.4184448352856005,0.90366848306438852,-12.402341367066622,11.244693627801665,-4.06769629287838,,0.3172755828658819,0.8,False,1
0.17861979329672426,-0.97004897681623703,-0.16462063060384349,0.98211237148580943,0.1656467600449549,0.089534578019491884,-0.059584051701397647,-0.17766860573658125,0.98228489111787942,6.9367852692737317,-11.955618347954086,-1.8744317056327666,,0.363341492590031,0.1304347826086956,False,1
0.97656186054130356,0.21402507278936961,-0.022807909891349919,-0.19384119206505879,0.9205939209906423,0.3390168504571287,0.0935549292923889,-0.32664981379541491,0.94050378752693831,1.2189033719008822,21.625331045975265,-4.0827359252948678,,0.3191968536172415,0.21875,False,1
