axis_00,axis_01,axis_02,axis_10,axis_11,axis_12,axis_20,axis_21,axis_22,location_x,location_y,location_z,dbh,dbh_approximation,score,reconstructed,number_clusters
-0.95228779406679964,-0.30326343495627073,0.034340155647747964,0.30376603817051712,-0.95269005457811962,0.010385276218130721,0.029566050219394131,0.020321144811813387,0.99935624266222556,11.701395462314593,-3.3480995249092125,-2.6534641311505056,,0.1953589984078163,0.148936170212766,False,5
-0.77249587684589649,-0.63474457431913012,0.018693464861128439,0.63478764654217257,-0.77108293800846384,0.049756873994290574,-0.017168693996279696,0.050303360570244808,0.99858640480521288,5.0536236592977222,5.6925444714583318,-3.3815069013168664,0.3187277748092389,0.2885314197579158,0.9477806788511749,True,5
-0.88343772357624306,-0.4659017545663513,0.049732722169825015,0.46850816779831872,-0.87976569961213502,0.080699507385319405,0.0061551010298914882,0.094593175641618316,0.99549698435170852,12.390969202237743,5.8251842667867839,-3.6624068489908246,0.2676640735866522,0.200538053182632,0.8529411764705882,True,5
-0.095636755070052537,-0.98553711287996437,-0.13989356745717429,0.99208450726437047,-0.10585962411370804,0.067543100524892111,-0.081375312753205517,-0.1323266379786347,0.9878601719654404,-5.9345007737775486,22.577061344177288,-4.7865825633999606,,0.3335984407139657,0.3809523809523809,False,4
-0.76620954066440183,-0.64243116111924503,-0.014322814591568679,0.64249075143862078,-0.76629322979477699,0.00056593862269722905,-0.011339052459626534,-0.0087686483375118696,0.99989726307038684,13.800219605562111,12.452578658358025,-4.4356125596828715,,0.1922910986926717,0.6071428571428571,False,5
-0.93953044111684669,-0.33942742912017099,0.045514509506915615,0.34200461261133097,-0.93683503019469327,0.073300553563268839,0.017759368439142213,0.084434273615514421,0.99627077557843857,-5.2488305567751823,2.0444491137983349,-2.8107564891292229,,0.1403555616774285,0.6786885245901639,False,4
-0.30767858795951097,-0.95145691211258299,-0.0079768981709850695,0.94795887926491551,-0.30724749553593733,0.083504129896070478,-0.081901463564743607,0.018130661325033187,0.99647550365569448,9.7166380528881433,7.5076624553633424,-3.7221273156071231,,0.1500688183605954,0.8194444444444444,False,3
0.97382352593015964,-0.2262587235698777,-0.021788307724114289,0.21070010052317956,0.86256253586349996,0.45999058616916261,-0.085283104918108255,-0.45254045314563579,0.88765642581027315,4.0880830727414601,0.73078737170075669,-2.8374469570058585,,0.7152129256105609,0.4017857142857143,False,1
-0.96382756730485331,-0.26341961817745735,0.04057739841896113,0.26433330467731792,-0.9642442624628943,0.018997535254800663,0.0341222001280218,0.029036306008714888,0.99899577996695832,8.5943822877583322,-11.854559568473814,-1.6151690876679905,0.164475842320309,0.1316877860169042,0.32,True,5
0.30327663634350727,0.92247400244440847,0.2388828094743532,-0.94867173483662648,0.26869172148804382,0.16681336375079703,0.089695158008848447,-0.27721196514216978,0.95661293374686451,2.4131928108604712,-23.475929891363972,-0.24096994784087628,,0.3199089579774263,0.4864864864864865,False,5
0.5159913037052799,-0.85603065607023021,-0.031056245241466759,0.8473716287021229,0.50479474708651861,0.16475310675240895,-0.12535668060075009,-0.11132735145430481,0.98584579090592683,-4.2319702211337145,9.9659165113456858,-3.636012677719298,0.4053422579138706,0.3990592280605289,0.9453681710213777,True,4
-0.11778200135066745,-0.99300366277086238,0.0084336161569927084,0.98838779926313158,-0.11640499005264877,0.097670039206642634,-0.096004991670307238,0.019839456002996504,0.99518311760192668,10.721338584637815,5.666307029642339,-3.576185305858147,0.1523885281751925,0.1295111212956461,0.5272727272727272,True,5
-0.64338633536101641,-0.76516732294024936,0.023937238252851097,0.76445516070355224,-0.64049374763148959,0.073321664729297659,-0.040771690477922763,0.065473102488134441,0.99702103393366293,5.0666207100697935,-10.665622114602289,-1.5622435599926263,0.3776337800128627,0.257007278488717,0.8984375,True,5
0.74329788082462744,0.54904640900491519,0.38217312977291462,-0.66856426527360346,0.59003483227131492,0.45263751491201876,0.023023543619187646,-0.59195180332977149,0.80564444947746439,-12.660912263672135,5.0005599762001101,-3.1995442250358446,,0.5293196684744018,0.3846153846153846,False,1
0.99529769392564493,0.055472143927024237,0.079406181840165541,-0.075947648499910037,0.95572547747219683,0.28428993369072464,-0.060120338934740204,-0.2889838281957694,0.95544434264256917,-10.398756834533403,2.2963741477509778,-2.9465388798834287,,0.2870901832365905,0.2962962962962963,False,5
0.37123498642081398,-0.92805766829862424,0.029892292807002136,0.92044811171376284,0.37205003608200549,0.11980836487469108,-0.12231050036569555,-0.016962752238355833,0.99234691843971268,-6.9359560818234982,9.2344199761236876,-3.5865450644883268,0.3774399010898629,0.3537410573435609,0.9501915708812261,True,3
-0.48372277603875868,0.82505389835560272,0.29205879673377372,-0.86462434626686435,-0.50224509400364026,-0.013213833352682183,0.13578297310029247,-0.25891297834889904,0.95630907862392911,-2.3775313809496108,-9.38951085120922,-1.4068773576289533,,0.5931925449107684,0.4571428571428571,False,5
-0.2451557401914321,-0.96939713221205981,0.012956199682937798,0.96511730540039298,-0.24276286755802193,0.098054969031098671,-0.091908921590205125,0.036542991038493289,0.99509665859055396,-4.7092357355597754,15.638864009332258,-4.1377427103595181,0.3540256232687189,0.3556246273838046,0.7530864197530864,True,5
-0.67435716893451392,-0.73781156383427482,0.029605826775295274,0.73758785411711825,-0.6711828710481349,0.074011560384081992,-0.03473566129399798,0.071747124569588552,0.99681782886867754,4.8006299402262274,-2.4200963877688051,-2.500231299296233,0.2601914525174869,0.2054541024934809,0.8909774436090225,True,5
0.99772766806685287,0.005588515635866125,0.067143643532852709,-0.015283472207648141,0.98934867000887539,0.1447605769156331,-0.065619477681227861,-0.14545782084390158,0.98718595335640069,8.8692042951359671,9.9968668401204912,-3.9183916119443531,0.1858358042876674,0.1096272385982788,0.5774647887323944,True,5
-0.055730669760231985,-0.99752352080004481,-0.042905919157600204,0.99494967301195369,-0.059077252311115672,0.081148175782176465,-0.083481977824451478,-0.038166788049969959,0.99577811568063013,3.488549557270614,-21.172886143386684,-0.49882160178041962,,0.2295962179446739,0.2307692307692308,False,2
-0.42366563498580873,-0.9048867828745798,0.041077243224996909,0.9033216195823055,-0.41869822592072586,0.093283692069075219,-0.067212211147028036,0.07662705651224587,0.99479184399702292,7.1843829991567816,9.0051717978228698,-3.7350588262776312,0.1867859663362575,0.1156353018811393,0.5068493150684932,True,5
-0.62708822205201831,-0.77820823951618168,0.03394551093686142,0.77786176934894402,-0.62331779058070802,0.080037489534065254,-0.041126992948301987,0.076595482208224874,0.99621368318063219,-3.2289221951325118,-4.3501220838757115,-2.0548689432960856,0.4191933039312282,0.3899375203936429,0.9732620320855615,True,5
0.13363432315550638,0.96189656844662308,0.23853062546637366,-0.9852886783516821,0.10308217493331109,0.1363095210284756,0.10652740486261671,-0.25323715529445517,0.96152111531240281,-4.1262916479723364,12.042936578340994,-3.8178962419320279,,0.291711336014261,0.196969696969697,False,5
-0.55557076348249734,-0.83100069146906308,0.027910169139837602,0.83018058411151152,-0.55252894860558177,0.074242566746310357,-0.046274447892383538,0.064417480009309358,0.99684956926384116,-14.516532231634621,3.9191270690453797,-3.0696214832976345,0.5461672582829336,0.4915198848122229,0.9294117647058824,True,5
-0.77639489941041484,-0.62827721304373318,0.049786581922147716,0.62992186361972491,-0.77103357295034036,0.093304207393258787,-0.020233781241872743,0.10380256718131307,0.99439208622314779,7.2712421511374554,-3.6665507775231294,-2.4455029158410437,0.2936751468911658,0.2318097956499727,0.943127962085308,True,5
-0.92895180163098201,0.35790845795309584,0.094604894018172722,-0.35799134270585214,-0.93357590786149269,0.016680012237734257,0.094290767279802096,-0.018372805616640446,0.99537515099562313,-16.412070842988243,12.01419332630595,-3.7720253965484956,,0.245989625000469,0.5555555555555556,False,5
0.023478258441067091,-0.99919621557848359,0.032491447401017656,0.99417865460205079,0.02675420763841754,0.10436960815916824,-0.10515500042428956,0.029851886829463142,0.99400769148859736,6.1580805416584354,1.2301596128598886,-2.9710516687714121,0.4389925540440225,0.386231780185176,0.9604863221884499,True,5
-0.19431590179302743,-0.98049848892378655,0.029394617339456457,0.97726286672303486,-0.19090891252144979,0.092255495468576934,-0.084844679471595144,0.046652977804722932,0.99530140160019576,-6.3246033756508107,-2.7755988721546214,-2.3307713859361132,0.3634293505676931,0.3289932331244881,0.7158469945355191,True,3
0.98227371868618907,-0.18640356935820246,-0.019800275476075012,0.16886381511206749,0.83405830335280307,0.5251968759941763,-0.081383988131598417,-0.51923063848232853,0.8507503691077839,17.807890656083632,3.4649500315603166,-3.6761859462540394,,0.1489200366510343,0.3333333333333333,False,1
0.48440721363286116,-0.87377319660488162,-0.043244101046684753,0.86994937155573426,0.47588810398598136,0.1293004385700674,-0.092399904276095846,-0.10025424369828928,0.99066207372153559,-8.273966716157835,13.636198191410628,-3.9738848598679044,0.5531102233824976,0.2975665189915582,0.3958333333333333,True,5
-0.35239237587697181,0.83473611978737727,0.42312554135397784,-0.92756182094698381,-0.37158113346397614,-0.039452877906978573,0.12429272603535317,-0.40637799100829813,0.90521171373262765,-7.0410785077968052,4.8791388581581829,-3.1107284095048251,,0.2815905576637611,0.5,False,5
-0.54046199003717377,-0.84117649159814745,0.017970734756531798,0.83959638405295789,-0.5378151493589024,0.076372619473601799,-0.054577918705791338,0.05636466182541354,0.99691738659081008,4.9615387400030224,-5.9125195109320998,-2.0836521548493629,0.1309441153699599,0.1141748287941181,0.75,True,5
-0.98476723380090747,-0.16717880385947714,0.04779898296221826,0.16657641450044464,-0.98589301616979053,-0.016348051865854224,0.049857731238835981,-0.0081368426153568749,0.99872318408454308,3.0819625867184395,-22.176730416056536,-0.36934624594040821,,0.1912646170607487,0.1739130434782609,False,3
-0.5448022504003257,-0.83765464537117951,0.039053848041189484,0.83704759823000618,-0.5404265895900251,0.085383953770439183,-0.050416527608699288,0.079207299866729919,0.99558243123897261,7.4815216558535633,11.662061546129705,-4.0405458641321799,0.1909077631313797,0.132787227685874,0.5217391304347826,True,4
-0.65020720386271202,-0.75975059775922305,-0.0031018139107126252,0.75924814940139851,-0.64991575615940944,0.033937553333943195,-0.027799994165195421,0.019711395187708779,0.99941914191402648,5.7047108789291343,-15.516397523548228,-1.0911168600463448,0.2922856480751247,0.1511645997380311,0.25,True,5
-0.85147554857840491,0.48360976776608405,0.20275843433588295,-0.51301452875906295,-0.84832514408211301,-0.13099825647762942,0.10865304162894335,-0.21555983493985253,0.9704269545439691,9.070497102651693,-5.8396716355840281,-2.2765619132010477,0.8138692806325967,0.4575127730806889,0.2564102564102564,True,5
0.21679170373190232,-0.97573341709683492,0.030751519532406492,0.96922015181343657,0.21889584046939653,0.11268055885526214,-0.11667756644598321,0.0053767820979977177,0.99315529284322535,8.0489007939088353,3.326022758076506,-3.2472434168128177,0.2255945784925511,0.204454523875877,0.9512195121951219,True,5
-0.75392965256722666,0.64559672899751741,0.12163446258181068,-0.6469720844757485,-0.76179063402095515,0.033198672067648018,0.11409294846293058,-0.053664638502986368,0.99201960952663504,11.640971143032731,0.76121052150955482,-3.1327215532598265,0.2142095656623438,0.1563916320677077,0.3529411764705883,True,5
-0.37234905132703572,-0.92726179905910855,-0.039264996899552679,0.9232659505315699,-0.374390110948635,0.086093143820549098,-0.094531309971318256,-0.0041953342577411776,0.99551304893786952,-7.2917554365907788,11.273024906425087,-3.7512704544381976,,0.4275337540117565,0.6857142857142857,False,3
-0.9932961555974209,-0.098269125326482853,0.060876319558196113,0.10269146932217461,-0.99192969919594887,0.074363525881221137,0.053077390702977054,0.080116483076843686,0.99537135770302387,-2.057245692965521,-6.4878845140342944,-1.7453354545732518,,0.3211884531310057,0.9747634069400631,False,5
0.97753648686734751,-0.20576127726990778,0.045658664230366575,0.19412267075043485,0.96333795814611389,0.18519278359481367,-0.082090228064998771,-0.1721693212251629,0.98164093195277091,-3.5793238133062459,18.524534174366742,-4.4667289579045644,0.4526964269205317,0.4104676645177013,0.7844827586206896,True,5
-0.59189575862761135,-0.80458747588703439,0.047941678781349334,0.80452370325380462,-0.58613898923592733,0.095826385720576224,-0.049000222667122215,0.095289448225998136,0.99424287738728923,-9.0339187363555542,1.7308345219153649,-2.8642843395990645,0.3582752860693769,0.3636412550243699,0.8938053097345132,True,5
0.34679609268865613,-0.93504293917886105,-0.073669342250605924,0.93007497983298126,0.33267488469275752,0.15584592706689199,-0.12121469376506958,-0.12256477057628076,0.98503039294684869,-21.306427561917044,10.05327211086607,-3.607387062785687,,0.2298164523454102,0.5217391304347826,False,1
-0.99596052600645446,0.060721256764547538,0.066148012924648308,-0.055699686273889874,-0.9956054595030307,0.075281564521123612,0.070428514011980942,0.071293043031503037,0.99496589209347841,5.0264107432601692,-1.3038250874807409,-2.6204233987599181,0.1780749162070298,0.1515576192712507,0.6157205240174672,True,2
-0.7434891705192912,-0.6678633502171738,0.034386025609660587,0.66840420188583893,-0.74047551257911459,0.070227047296977554,-0.021440061144747391,0.075196813146500119,0.99693819420800556,-13.899619837507165,13.064041784093158,-3.9017967383268282,0.4011432451221963,0.3900974596575598,0.9152542372881356,True,5
-0.0059320376160101858,-0.97893821302361028,-0.20407054175422726,0.99797000066679886,-0.018735857930491959,0.060867441187540255,-0.063408900785556041,-0.20329521073982521,0.97706211091793893,-3.8189100422491196,6.0512439232847743,-3.2640656873969061,,0.6320162088985752,0.2442244224422442,False,5
0.96852251377396914,-0.2481109027433506,-0.020127599281362304,0.23465936210794833,0.88304396921192208,0.40640907004340415,-0.083060966091433402,-0.39833946374710777,0.9134695110038562,-12.385520454318863,2.7697970910684542,-3.0073613122821303,,0.6371039772794372,0.4142857142857143,False,3
0.95125553507628025,0.20816535040426068,0.22755239809285774,-0.29126886807033203,0.84891745044124534,0.44102336540070342,-0.10136741823567641,-0.48580484685458447,0.86816950953879191,2.3199162456115254,21.039049463188249,-4.8754038500101977,,0.534831597610655,0.148936170212766,False,2
-0.99478244621411571,-0.07192114305001443,0.072354916119360721,0.061556033194146681,-0.98872746159825731,-0.13648758719703435,0.081355635832199569,-0.13132157425132521,0.98799590315673491,-4.6811404873139786,-8.8408145766993353,-1.4834080036905901,,0.2669909036358427,0.2758620689655172,False,3
-0.90806185990594868,-0.41672594709796157,-0.041989803517718194,0.41781002119879307,-0.90828676140087083,-0.021211912921333093,-0.029299228147065114,-0.036805489797379735,0.99889284267671163,-10.371145552027604,3.8062985290755331,-3.105405951877898,,0.5381571692515411,0.5614035087719298,False,4
-0.29252184912912083,-0.95620485773554942,-0.010160601607042553,0.95267534958435152,-0.29232820317066488,0.083390046920142152,-0.082708198362755059,0.014713656036067536,0.99646518366154613,-10.263637885660792,-2.9803396495445011,-2.3033826681169538,0.299832385196914,0.2797766120373006,0.8452380952380952,True,5
-0.085743016741516576,-0.93351141047952035,-0.34814448377735385,0.99134480285389959,-0.11480459722530309,0.063681915097603833,-0.099416381621071415,-0.33967094512258789,0.93527537768557834,-1.6416813074925067,9.5661630363092502,-3.6346540255303141,0.8617522714411349,0.4767907465437071,0.2077922077922078,True,4
-0.51896759070383747,-0.85006726072085803,-0.089767990116690899,0.85053757345259129,-0.52399504748203674,0.044889044985114111,-0.085196689750433791,-0.053055088962645686,0.99495059253750562,-9.8342224907176856,14.038460400147308,-3.9621650563494986,0.5096265345748842,0.2052561482774665,0.2631578947368421,True,4
-0.6226599263809105,-0.78157182904359213,0.037948545753072875,0.78128758832572776,-0.61827916977659658,0.085560344485811513,-0.043408759570936449,0.082923725590547559,0.99561003175274221,-9.7042626283169326,-5.6934836146517371,-1.9349539466439654,0.2926767997506118,0.265633319716249,0.85,True,5
-0.61323985344962761,-0.78989623778371432,0.00090314794616527111,0.78881331472923233,-0.61233845535631581,0.053058181251545933,-0.041357425535929485,0.033249806420107358,0.99859101424260022,-9.2382811314067581,-10.486523830828887,-1.4038814813864076,0.389062142157619,0.3633208085553861,0.9863013698630136,True,5
0.62684667164965113,0.74615053384669827,0.2243270627499975,-0.77810913590280206,0.58468253229005474,0.22954848956044832,0.040117612919373144,-0.31844264361918606,0.94709284648257963,-7.5584197657112187,1.4542113620230737,-2.7759921515762382,,0.4002628743417769,0.3333333333333333,False,2
-0.94268387010958332,-0.32965631133398732,0.051709161982055281,0.33275209609581619,-0.94027964390413721,0.071765129438664171,0.024963244561912137,0.084858161995042147,0.99608028228841305,10.096923158542564,3.9797650280310335,-3.380996588539761,0.2328126289174206,0.2101865001730989,0.8896103896103896,True,5
-0.7537509402860999,-0.65657015629581073,0.027841513599561669,0.65682331146493378,-0.75133173827890265,0.063904276625589951,-0.021039428082959936,0.066454863753501542,0.99756758846177696,-6.0741245303643376,-7.2012334140173468,-1.7516733059124274,0.470312352150462,0.2533889017466751,0.7549019607843137,True,5
-0.84893154256289982,0.45974017232931025,0.2606802830833061,-0.48621391507919437,-0.87271800094615182,-0.044264202330042454,0.20715034353130674,-0.16432365858624615,0.96440990787304426,16.977401902208801,-0.16276212936853762,-3.258634309367384,,0.4223216043522337,0.5666666666666667,False,2
-0.98936820639240952,-0.13299822936458444,0.058838959591017537,0.1377689557436631,-0.98670235474179679,0.086244872197109343,0.046586124685023968,0.093434116536094694,0.99453496612937242,-2.1635528091794805,-0.53643985649178783,-2.5281080925398451,,0.3541299476901793,0.9644160583941606,False,5
0.30914695509073292,0.8634408636633043,0.39862016395874261,-0.94758336878065041,0.24409496413656892,0.20616354598589906,0.080708855576331492,-0.44146067032016972,0.89364341724875063,-13.931553660335062,5.6566606325853082,-3.2618274062832762,,0.3000213777597034,0.1428571428571428,False,1
-0.68676179635260648,-0.72635431220049285,0.027706465279567799,0.72613410717419424,-0.68382682256456362,0.071485209236501618,-0.032977165870865258,0.069211920136633659,0.99705677704036677,11.188761172307567,7.1798594736440942,-3.7461138631472948,0.1643895936317664,0.1358076109682941,0.8888888888888888,True,5
-0.94315245950593107,-0.32928235051338911,0.045128392041932787,0.33130544657952904,-0.94226171925454372,0.048780667217764362,0.026460143511547775,0.060958888341643411,0.99778949420080543,7.5705595935175038,-6.3483506993504832,-2.1450752938823578,,0.1465248872549276,0.25,False,5
-0.83926733931913455,-0.54180631774189214,0.045565855716215513,0.54370665811850394,-0.83573177330688952,0.077042021020537407,-0.0036610203205721809,0.089433311133448781,0.99598608413467238,9.8836315486629722,-0.60278944959153513,-2.8994491206435402,0.1299813627406453,0.1328295380742823,0.7078651685393258,True,5
-0.79407677302224677,0.60193826133307227,0.084335094058717586,-0.59764674525132178,-0.79851342070972076,0.072074162062154279,0.1107269002414339,0.0068298235539412562,0.99382740306008122,12.276212217165686,2.2796051132781434,-3.3129790592758885,,0.1098818867342195,0.6935483870967742,True,4
-0.73771229253661885,0.66938690084500319,0.087759617236452508,-0.66459088618229201,-0.74291366135479842,0.079989035347629744,0.11874143103315987,0.00068465285389986141,0.99292497390621981,9.2692024620333964,-10.341291136879166,-1.7973653448428144,0.3564618487819477,0.3403011884104768,0.9108910891089109,True,5
-0.45304355478182479,-0.89094814523794585,0.03103127402654764,0.89146720807059276,-0.45299816998812104,0.0088811554560752348,0.0061444613652658839,0.031686913457710249,0.99947895681202481,-6.7707003670131103,-10.016597101136986,-1.418857101769343,0.2406329890270347,0.3194222480612768,0.8545454545454545,True,4
-0.66610077680970259,-0.7118635249413956,-0.22262092667025141,0.74467944843216638,-0.65152961066153603,-0.14478150957215349,-0.041979449928209699,-0.26222030487595349,0.96409451688850845,12.184958902407844,9.7443588758265705,-4.0434255020591818,,0.3265564426084505,0.2,False,5
0.98576763381895494,0.098161622775766774,0.13647881860935746,-0.1380868626636442,0.93582219032618896,0.32429746599812515,-0.095886341439694517,-0.33852787759226172,0.93605805675619702,4.2798434170102446,18.087586645468409,-4.6576960215593939,,0.6374253550006435,0.3636363636363636,False,3
-0.68795554210125964,-0.72529169368581536,0.025867569706519093,0.7250028965667461,-0.68518809870004049,0.069914729275382309,-0.032984421504526733,0.066852288443877056,0.99721752866053592,8.2129173392734725,6.4939954909051609,-3.5518232823401732,0.2713915139946994,0.2139250039680669,0.9153439153439153,True,5
0.020863244443708139,-0.99917118666874216,-0.034952321271390759,0.99415395495593306,0.017028755962675383,0.10662052014429076,-0.10593695708655003,-0.036972438401329147,0.99368526200296514,4.9285596639608737,-8.1266319888266203,-1.799600742494526,,0.2029709554225477,0.3770491803278688,False,5
-0.43905187072428775,-0.89805774390476512,-0.026939625576242507,0.89639712231155455,-0.43987754631994697,0.054588857426290056,-0.060874082539848509,-0.00018126286898047239,0.99814543690722024,7.1266359047483414,-11.022349516745702,-1.5972865332056285,0.1183197741359418,0.1138116701330404,0.4482758620689655,True,5
-0.0072933351186214232,-0.99978154757763826,0.019587352708086918,0.99465320023962811,-0.0052352675588462974,0.10313875715100793,-0.10301368120747252,0.020234848574941382,0.99447409839936796,10.214186051788273,9.0065607054552075,-3.8922906713356182,0.199804424769342,0.1796230577506527,0.8301886792452831,True,5
-0.033228120267220634,-0.99932661693989155,-0.015562927069754096,0.99209087788406014,-0.034865406474664046,0.12058230985758703,-0.12104371955100271,-0.011433114485030788,0.99258133261231063,6.432574922592762,-5.2318232694861866,-2.2386708456970985,0.1877506538905462,0.1684140126867749,0.2222222222222222,True,5
-0.38807314415560062,-0.85154168295622512,-0.35252800877840401,0.91936895133951591,-0.38445097703372977,-0.083415691393703376,-0.064497799172261394,-0.35647469537947674,0.93207608351252336,4.6189730508932376,20.422555348067736,-4.8926480686180529,,0.6103099853201164,0.34,False,2
-0.4934947259245534,-0.86959299941588475,0.016461192287749976,0.86775904215440569,-0.49099806587202272,0.076909973795344755,-0.05879796122245827,0.052239014891335638,0.99690214418430489,8.8243651705653665,1.051608512057491,-3.0340458350924289,0.2040322118272908,0.1685582637015995,0.7394957983193278,True,5
-0.89793011443952553,-0.43738314990355676,0.049167974974188199,0.44006115974097809,-0.89424200319690372,0.081715453898350429,0.008227105812193887,0.095011682959680266,0.99544216046494804,12.851498245680139,7.6307954191185212,-3.891824851705759,0.3095708491438692,0.2805222971832192,0.9622641509433962,True,5
-0.36780036762331159,-0.92944244182758062,0.029319565237903997,0.92664478578647824,-0.36369093826551818,0.095175324524152186,-0.077796725836550118,0.062174341597881447,0.99502865320350509,10.881539499232488,-1.0301349553197969,-2.8834418355581883,0.1948024707048524,0.1412622205805717,0.8505747126436781,True,4
-0.5508785296558768,-0.83456292106340513,0.0061299551627612484,0.83321350991842624,-0.54953716808975717,0.061352650939530962,-0.047834009382417386,0.038905419596865901,0.99809732785555327,-4.2790167420296665,-13.083814086612135,-1.0193026301450778,0.3571631142039842,0.3451679047155355,0.9090909090909091,True,4
-0.57920888984013763,-0.81495588305961841,0.019078013436206791,0.81361449833099064,-0.57648947225412839,0.075440947010004894,-0.050482769691896419,0.059218215497204893,0.99696774918628184,5.0454129603573925,3.5979202660113314,-3.1845298325451252,,0.08754505449041224,0.3511904761904762,False,5
-0.21324264876531851,0.87742236705184706,0.42971800351473016,-0.96998889821284673,-0.24272989282374302,0.014273628606717326,0.11682940593608808,-0.41377794639988835,0.90285032036418567,-6.8452601307196703,0.22556005871797041,-2.6477018403533679,,0.5493117454199695,0.1904761904761905,False,1
0.19597421939547113,-0.98028730430537525,0.025117849231903612,0.97372838444859622,0.19756431719968026,0.11323150572412041,-0.1159617982417622,0.0022675068081465868,0.99325108596034883,-6.5438154879910986,3.0992538892648849,-2.9393424342706411,0.4022837825928541,0.3629040446293315,0.9650837988826816,True,5
0.88777363038871659,-0.45969652316074783,0.023175154376146301,0.44815477520268276,0.87477078759653581,0.18421011544095178,-0.10495369764553836,-0.15315082683960901,0.98261362986113354,-11.319340699743876,16.11865961622664,-4.1141282472488472,,0.141397502649319,0.4444444444444444,False,1
-0.35842617602164961,-0.93344214429854833,0.014711886005008258,0.93063915567383126,-0.35601591969755503,0.084637030008155492,-0.073766105151314668,0.044027584185723327,0.99630323374039764,12.587964880932221,12.056704621634957,-4.345588273677655,0.2926484414560449,0.251221611180119,0.8846153846153846,True,5
-0.99236851817572258,0.10059226238641086,0.071315642615794539,-0.09585172176942007,-0.99313503853808272,0.067046570842945838,0.077570429723947953,0.059699179022361243,0.99519788808884535,10.558914455589377,1.307689916798181,-3.1361541384924574,0.1597962126851018,0.171886578433265,0.8024691358024691,True,4
0.1511184134272513,-0.98589128901629597,-0.071983271424806983,0.97826271676133891,0.13869312354404378,0.1541631424054454,-0.14200451442808212,-0.093715440154670801,0.98541977560766558,4.8850723581550541,-14.67119380631571,-1.1354015187883038,0.1755380889382095,0.2168501430488148,0.2063492063492063,True,5
-0.99748125106672636,-0.037307297323397541,0.060326771310766344,0.04131620174038203,-0.99692185518607379,0.066631720119658289,0.057655227378841711,0.068956364599506229,0.99595225514936891,11.070468381191747,2.7626856219302387,-3.2878550691888493,0.2510859571801927,0.1856171639862574,0.8193548387096774,True,5
0.96680848656625373,0.20104177894104919,0.15768181069384091,-0.25218826570378483,0.84994039625007789,0.46260393584963982,-0.041017422454210292,-0.48701491347029491,0.87242996573520659,9.2701983016147853,11.661160542842666,-4.1294693365300157,,0.5025234317874409,0.1,False,3
0.52418701845601712,-0.85159250758185001,-0.0042627118888751286,0.84380767512882782,0.51870642310101878,0.13759452760713062,-0.11496337275790788,-0.075722174190941696,0.9904794673590781,-13.432675842618311,7.8710825615070501,-3.5337292727135083,0.5212305002531442,0.503194763261234,0.9032258064516129,True,5
-0.83681964578291024,-0.54533900795361856,0.04835542199099243,0.54747766759254135,-0.83337972874181898,0.075805218881301206,-0.0010411144003862616,0.089908810059828065,0.99594945753006492,14.684159624568219,3.8650592387680343,-3.5793113366778546,,0.1694762533035167,0.6190476190476191,True,5
-0.35403899316720622,-0.93439933151957932,-0.039424365218911746,0.93077743638546961,-0.35614884101419725,0.082531006051890149,-0.091157858864960334,-0.0074761153018953613,0.9958083914424245,7.1530330597301921,-16.694229085327873,-1.0674009021426616,0.4964601858338613,0.3176223996877129,0.3214285714285715,True,5
-0.96202921158559929,-0.27293003831323948,-0.002998373279797302,0.27065194578213569,-0.95246281144849521,-0.13986463831852991,0.035317422051095934,-0.13536538329263861,0.99016609349426976,7.6631590125802633,18.409593669064872,-4.7943928302970482,,0.2768280173321687,0.1724137931034483,False,2
-0.86674217111806717,-0.49873489507826174,0.0046382363903939364,0.49850076703063378,-0.86596261887070247,0.040071535888498808,-0.015968533915408333,0.037043854414313793,0.99918604812853684,11.991921281734415,4.4625680280116535,-3.5134219976902799,0.2088430147326442,0.1788642508205569,0.8,True,5
-0.9978875086507899,0.002960108895886434,0.064898057243988699,0.00038366913411649601,-0.99867546487818026,0.051450642837053834,0.064964396993392209,0.051366853180577952,0.99656463589553956,9.9217175563176099,-4.2921299079087518,-2.4703779112506066,0.1445929565629922,0.1490141315504176,0.2941176470588235,True,5
-0.98831903661324161,-0.14003805164424635,0.06012342271992735,0.14330764861430884,-0.9882029829949377,0.054016499780589533,0.051849780293782143,0.06200168136100849,0.99672834402955346,10.565234207307197,-2.6336147858482861,-2.6888465460555286,0.3051462582383472,0.2133510027011447,0.8580645161290322,True,5
-0.29229014940958381,-0.9563270224953927,-0.0022571227748393458,0.95337167584574123,-0.29157075000273158,0.077903436624633907,-0.075159272569702784,0.020618530208096109,0.99695835417476286,7.5511979950541814,-15.183431033661709,-1.2072230868022662,0.1845378101285213,0.1922667780082188,0.5862068965517241,True,5
-0.77961176303345203,-0.62498718027997535,0.039956519187182266,0.62615268030215476,-0.776688019814054,0.068472920397399273,-0.011760947678550945,0.078401175775664411,0.99685251454098922,7.8226478600726912,-2.1962028667958164,-2.6149460080325913,0.1603820973793328,0.1608337866690238,0.7112676056338029,True,5
-0.50955707956935226,-0.86018600395225742,0.020775496754609827,0.85841596290542121,-0.50655820301673704,0.08075160422935071,-0.058937401451984145,0.058981569673094918,0.99651771542155065,7.7518543105165625,-9.2178263656315771,-1.8385458181252314,0.3356966707145248,0.2812332326715243,0.8956521739130435,True,5
-0.8975420875175486,-0.44076802716230096,0.011905770285613404,0.44037679863959495,-0.89744229672623044,-0.025799210582684931,0.022056208980290554,-0.017912852318970971,0.99959624517462853,-14.462180854487871,-14.073038780904676,-1.0949313106534484,0.2601572836910404,0.2582206876420826,0.3636363636363636,True,4
0.73026759788890794,0.6154789291027396,0.29647077984872,-0.68309868567465482,0.66372925565490248,0.30469601378644151,-0.009242353765266817,-0.42502842612975106,0.90513281670622436,-9.7129942524748039,8.9983529111531944,-3.6023054023337693,,0.4856744029595816,0.15,False,5
-0.1815943427435335,-0.98323791472217426,-0.016330882901249968,0.97927437865622302,-0.18232718531175954,0.088195741415103376,-0.089694960789403227,2.3432489025261571e-05,0.99596928339176494,-11.257617857466824,-7.3978822993918536,-1.7281658004711673,0.3392360675865549,0.1855247102669463,0.48,True,4
0.57075453224395722,-0.82111935359755384,0.0015070071391954099,0.81183822885730261,0.56457656715579174,0.14890261913216998,-0.12311764328811636,-0.083763398725922061,0.98885071620799414,-9.1755937599593995,18.155801510192394,-4.3227152482459887,,0.2989718934825938,0.8857142857142857,False,1
-0.98538340988793194,0.11496057976933631,0.12571237256821619,-0.15058725451785379,-0.93284323680544545,-0.3273025730468902,0.07964304297556081,-0.34144920653801181,0.93651984765949048,-11.783198463869603,8.5366028400764478,-3.6293880836212398,,0.7216853280362676,0.5428571428571428,False,1
0.56406940967037744,-0.79073919325887676,-0.23781763878739667,0.81589019791531281,0.48940882014059206,0.30789964552481269,-0.12707826729942315,-0.36770985166690096,0.92121690115155941,-1.8194261882585383,-13.790994111227725,-0.95911616947036893,,0.3068063936273961,0.3333333333333333,False,2
0.64710025881515565,-0.71244830981483687,-0.27143813454144516,0.75261975180549212,0.54007968718338795,0.3766662191969592,-0.12175698843843244,-0.44803050937840694,0.88568837546426427,-14.959236114693665,7.2091602957656855,-3.424735191276675,,0.1582319808732104,0.3636363636363636,False,1
0.11502243344210278,0.94222421926122035,0.31461621134747797,-0.98855654824649608,0.07745486498746583,0.12944765277418896,0.097600157397570816,-0.3259052999375085,0.94035096891990921,-3.7355419622612596,20.589136932226609,-4.6692733064487797,,0.6872316125622502,0.1363636363636364,False,1
-0.65260313547546689,-0.75769903028205854,0.0011519883759926949,0.75665598821412605,-0.65162347984813818,0.053465465585813353,-0.039760068753640555,0.035763389384005383,0.99856903462528557,15.017260405300487,9.4701399608438184,-4.1645235976833002,,0.1474376652754832,0.5555555555555556,False,4
0.62368608036266937,-0.74716629965952286,-0.22969151881370159,0.77277361941866107,0.54514469245759389,0.32502030308258734,-0.11762910478462049,-0.38021018521129957,0.91738956216492729,-6.9170742611753013,-6.6206770760214715,-1.838083638219433,,0.3415417515518027,0.2051282051282051,False,2
0.070093129761488987,0.94351817606288857,0.32382156290031111,-0.99192350403401552,0.031523538697471779,0.12285775780499275,0.10571052599017909,-0.32981770411387873,0.93810743880854641,15.720803367823819,4.8974209504913278,-3.7331784306414857,,0.548327450408249,0.2631578947368421,False,3
-0.79532115310424045,-0.59775123701767785,-0.10078552509550723,0.60577647459939887,-0.78984645289832478,-0.095798975286056576,-0.022341133517915245,-0.13724445157371667,0.99028522874238833,-10.956680443311361,7.0972003821964265,-3.4893441873776871,,0.3803363872297394,0.1818181818181818,False,4
-0.99272287652981117,-0.10428940781389417,0.060208054545919605,0.10663028833224862,-0.99360767825834795,0.037064313243830214,0.055957770010595417,0.043214593876172269,0.99749748212792921,8.5395023232130303,-7.7533545442107581,-2.050529617012276,,0.1085396785519361,0.2083333333333333,False,4
-0.93055536536097894,0.31552576060856402,0.18576922885742672,-0.35290442948172934,-0.90811706208843979,-0.22534831970981434,0.097597006358140365,-0.27525787170623994,0.95640364303660053,15.401195015231824,-2.9399392100760346,-2.9092896558003347,,0.6880663431363484,0.4081632653061225,False,1
0.59107770213736932,-0.80657505584296973,-0.0079893258737138151,0.79605200136087484,0.58171125879243879,0.16707250678511076,-0.13010903567912468,-0.10511275225216749,0.98591224160602731,10.89100852138918,-14.416968642168527,-1.4747836039479776,,0.2029826294194127,0.9117647058823529,True,4
-0.98076527055867946,0.16319092122812656,0.10708971610137966,-0.17169915780692935,-0.98223850534664758,-0.07567640202053505,0.092837940920454859,-0.092608000966967655,0.99136515718606466,-15.002739865916359,11.740774120985735,-3.7640524730617981,,0.7959385556719638,0.1818181818181818,False,2
-0.99650364353798415,0.019290041643169865,0.081291959681916312,-0.046642752562072815,-0.93568891454971725,-0.34972947948693806,0.0693176892932445,-0.35229838132210622,0.93331715320616937,14.397474951840552,2.0672211001218752,-3.3955924206748542,,0.2739421665702934,0.2758620689655172,False,1
0.15577472644230858,0.85827931283681957,0.48896917669540313,-0.98327089447456784,0.087421055507205525,0.15979958427101504,0.094406475842534823,-0.50568189626519411,0.85753905864900992,3.1751768832812681,14.302998292084004,-4.2212546677896485,,0.4963045261068838,0.275,False,1
-0.41024581914873953,0.78869504043055527,0.45788481201195824,-0.90353956275471081,-0.41963831801161738,-0.086717591026322399,0.12375227839521796,-0.44929257200250644,0.8847720374963074,1.1778096583486388,-15.837317874129107,-0.88807386536929145,,0.439717050017289,0.1666666666666667,False,4
0.098636620235883016,-0.98212151916403412,-0.16033757745261035,0.98016042327070318,0.06804809925872142,0.18615853684714798,-0.17191963762827669,-0.1755185966848094,0.96934867845144201,11.874526982428771,-4.8018108084382654,-2.5252616607558478,,0.4194966300313629,0.203125,False,3
-0.93111588804177925,-0.36470999920711122,0.0031336104603352788,0.36409181046892108,-0.92997445083351127,-0.050839692626646102,0.021455921924530302,-0.046196723642022791,0.99870191055144708,16.379079026406355,6.3851573230408318,-3.917880772789323,,0.9647287389629393,0.5384615384615384,False,1
-0.98067130782418044,-0.18447304572928389,0.065218719780232123,0.18206708679638861,-0.9824251661430401,-0.041138410692393754,0.071661439532618929,-0.02846907670054117,0.99702264254927075,13.59609837437014,0.7141242129725065,-3.2189691749527487,,0.196516277228317,0.3571428571428572,False,3
-0.89042739162037599,0.44992896515010528,0.068578324353168296,-0.44294893193325718,-0.89133161736228261,0.096561853697636049,0.10457200366885797,0.05560462399200608,0.99296164167574341,4.8639313233691057,9.5653464868124534,-3.7145767283707261,0.2840930169257628,0.24293763658075,0.6509433962264151,True,1
0.97847221576531151,0.10589089804336846,0.17714186599133208,-0.16008605660880715,0.93113750002717011,0.32765135513620852,-0.13024813800881715,-0.34895569024551099,0.92804382913228578,8.9347960155889901,-15.124119753701455,-1.28600009393785,,0.3060003287671253,0.2105263157894737,False,2
0.62793851629970698,-0.7556575857174338,-0.18621179579989552,0.76956257420973417,0.56720681171233689,0.29334259343438834,-0.11604595694383318,-0.32750274181268296,0.93769680066755334,-5.809464582702077,11.682563553689405,-3.7998662067760964,,0.4831429993293657,0.25,False,3
0.19968548345428047,0.9445238130963346,0.26076900542738995,-0.97635721103911055,0.16931363880960396,0.13438559507990588,0.082778645492419978,-0.28143855138735135,0.95600211173586269,-0.44309651559602031,-30.338536689457527,0.4292237576097655,,0.2622898219684038,0.5,False,3
0.9523136429399377,-0.30270801667973729,-0.038295980314958143,0.29365354489012102,0.87518975457730364,0.38446129721518629,-0.082863267156982612,-0.37737348889493816,0.92234642560988522,-1.5151763924362736,-32.913121395035596,0.68918238773325391,,0.4518613700550874,0.2222222222222222,False,2
0.28163171726018077,0.89209908119610548,0.35333101358661556,-0.9574941809553319,0.23735757262043075,0.16390935347445551,0.062357591917573944,-0.38447446215425074,0.92102709986266951,3.5955023634632157,12.528128852696653,-4.043881333889642,,0.6055116674391599,0.1941747572815534,False,4
-0.77480187086928221,0.61645632257157379,0.14022718445077692,-0.62145480087551208,-0.78338474272698189,0.010113126685556917,0.11608613770057975,-0.07930918751388373,0.99006770546748479,-3.1963777990401483,-8.2830714531795575,-1.5177666239492382,,0.1228974854376024,0.2173913043478261,False,2
0.56512595375877173,-0.82477504958666226,-0.019462116214768441,0.81575014783659638,0.55510763734382995,0.1625029454106045,-0.12322480550931886,-0.10771085619318788,0.9865161016249665,3.0862113459423783,19.774643888070305,-4.7899733530489721,,0.1553898172014954,0.375,False,3
0.68979359274333885,0.64000138644341942,0.33850114440092799,-0.72328552636355392,0.5882978099515993,0.3616126852851671,0.032293138020858959,-0.49427109176711209,0.86870779959668454,16.787197781822332,2.897304992026474,-3.571114808316219,,0.4731585243460081,0.3157894736842105,False,1
-0.99623772095669205,0.050707990592438613,0.070278752358677601,-0.053908909138688642,-0.99755724731261786,-0.044422605163904602,0.067854497702744723,-0.048044125802731596,0.99653777104400743,-2.5955370468378103,-35.152959952347771,0.95155486742402307,,0.2904314780693373,0.3333333333333333,False,2
0.2579811264132007,-0.96131798529027501,-0.096506318819142664,0.96050198540569376,0.24440545665547928,0.13304852043050447,-0.10431526468497274,-0.12701851799825276,0.98639982848702423,-3.5440624492088504,-37.416748944994204,1.2266852369116841,,0.2422536718383281,0.2,False,2
-0.93693115816799299,-0.34288611784265183,-0.067743007349670162,0.34730502378426104,-0.89159862111104027,-0.29057033449253655,0.03923296201150564,-0.29577188680414812,0.95445260001118803,9.1145477606931937,12.636617980411547,-4.2356017845222258,,0.513266525768175,0.2142857142857143,False,2
