axis_00,axis_01,axis_02,axis_10,axis_11,axis_12,axis_20,axis_21,axis_22,location_x,location_y,location_z,dbh,dbh_approximation,score,reconstructed,number_clusters
0.67773546731528211,-0.67443983770073546,-0.29292582963122887,0.70885676206991599,0.49338959142544286,0.50407221897342314,-0.19543983015417402,-0.54927007600564037,0.8124688648767211,12.88487527657044,14.000200818013887,-6.7146214882997413,,0.174370733309483,0.2777777777777778,False,2
0.085115615738776837,0.89556565103057617,0.43671214392502233,-0.96607594520375939,-0.033082065043604961,0.25613052350532917,0.24382903858251212,-0.44369780444197754,0.86236863247528728,12.254298737763103,-3.2378895326455854,-1.6792996961644513,,0.5580578281595018,0.1176470588235294,False,5
0.80079562981102792,0.56787510354632131,0.19037916390145068,-0.58538829009959614,0.67485950058150301,0.44931637438352579,0.12667639515644522,-0.47125632223572372,0.87285197465723197,5.090566928797009,9.9536172781431382,-5.3637607661118274,,0.4909171599167498,0.2647058823529412,False,3
0.87160236636155053,-0.47016474852359058,-0.13876031204452738,0.48425172225842511,0.781777281334186,0.39284163715100079,-0.076220630033441955,-0.40959662063483676,0.90907701759632442,2.9090869831136281,-3.5860137749146968,-1.4465247245677526,,0.08271187976181547,0.3333333333333333,False,2
-0.9821846460472099,-0.1877455889941041,0.0080569772478884805,0.18766360121359224,-0.97771910819269336,0.094062310488469469,-0.0097823232752696915,0.093898558498735019,0.99553370955643528,-14.284126740960266,-8.0915876170605259,0.2190188075156724,,0.1421687709330243,0.24,False,4
0.96343546300329375,-0.25480986136110079,-0.082849521306797583,0.2515049335885684,0.75339116799038552,0.60757470024244142,-0.092397927510516231,-0.6061960759912749,0.78992970601474544,10.110926784522217,-6.8167007604634682,-0.67254063592379432,,0.2676115986973599,0.5,False,1
-0.77364565893960258,0.63054712249416511,0.062311481431899074,-0.6068666622982154,-0.76566383113049985,0.21324106520459668,0.18216818765891374,0.12715826364375907,0.97501052681095335,6.9771698060979368,2.2087608801943368,-3.1517963819896262,0.3088259547946989,0.2315770350152188,0.7183098591549296,True,5
0.75820278091126381,-0.62858458850666687,-0.17323382496017001,0.62809009307300057,0.6328092159891674,0.45283035580968434,-0.1750182219141081,-0.45214368429856489,0.87460546004866935,6.9685976455582468,-2.7224471484468973,-1.7164734072174197,,0.2385966162270133,0.25,False,1
0.71810203929927929,-0.67423006494952642,-0.17246240364895171,0.66819260784901346,0.59869222256742638,0.44168570437949461,-0.1945458814011525,-0.43241350829435593,0.8804376513271206,8.7014323515455647,7.592095006622074,-4.7196256560159524,0.9336387769459978,0.4068374862511407,0.2758620689655172,True,5
0.98497053364056852,-0.17055030626948126,0.027306425822509695,0.15577051123202024,0.94543182937591919,0.28617163352334335,-0.074623023862137094,-0.27761709067398915,0.95778920189955252,14.774203337281424,7.0402130578137587,-4.7033074189643331,0.2397419874468581,0.2963848269875176,0.6097560975609756,True,5
0.19069871493358093,-0.94748806904323402,-0.25671065257095149,0.95330545533244559,0.1163615320841731,0.27869105239390363,-0.23418520225684283,-0.29786969109284506,0.92543553971747483,-8.0220265543395826,4.0676322529663658,-3.3265888181076897,0.5782242521752592,0.5726273129203203,0.3121387283236994,True,2
-0.75569607413188078,-0.6173431778964078,-0.21865690989865358,0.64440149032328731,-0.76049443672888128,-0.079968312308994427,-0.1169194714784073,-0.20133457827503629,0.97251952411251052,-14.92354417092036,2.686584816952962,-2.881776167127049,,0.3835112021467492,0.196078431372549,False,3
0.99766753029060806,-0.048549066777475169,0.047984238233766144,0.020087337107925221,0.88064038332978578,0.47335928652206716,-0.06523800956306948,-0.47129131475532648,0.87956153778143598,-21.575299018825696,-8.783031731412926,0.54172258688985031,,0.3870391257853725,0.6,True,4
0.9955047006495753,0.085475084576306204,0.040797069763293961,-0.093735914592248726,0.95084157773494671,0.29515059269137578,-0.013563528307650874,-0.29764795307071917,0.95457934543580891,-15.651177734162019,0.45500861561866046,-2.1908405380708689,0.5110512033244792,0.4205678957824762,0.94375,True,5
0.93368914653310198,-0.35752723878922227,0.019971258599383281,0.33961109734348477,0.90182446171404906,0.26716463616152758,-0.11352920420509899,-0.24266626007321618,0.96344392987585792,-3.6137891558782962,-7.310067217716739,-0.19569940361807042,0.5757277308044283,0.4639282526789182,0.8939393939393939,True,5
0.99736851093898071,0.061430223607486602,0.0385017014545311,-0.070034652766928607,0.95365441433504972,0.29264040293692994,-0.018740352162523233,-0.29456677621009331,0.95544712755547989,12.577799450196887,4.8460534137571258,-4.0299688153969058,0.2946677671955384,0.3965032808767989,0.8739495798319328,True,5
0.83511046135449041,0.5473254748966635,0.055003107779765588,-0.5408862215609197,0.79882709305615418,0.2632819225184414,0.10016293057734799,-0.24961991092177818,0.9631496703054836,-5.7543285803864892,1.882635882222734,-2.7498464630476613,0.3411654617257195,0.2918198257552175,0.878125,True,5
0.95140353275315448,0.27714421129070238,0.13424754751157067,-0.30392239985583025,0.77479891981615356,0.55436252463310876,0.049623509858632744,-0.56822330117637376,0.82137676328803833,4.9308429340743229,-0.77032264642468151,-2.3151134742287249,,0.561665724318871,0.4106280193236715,False,3
0.94519397244245329,0.32472436859095016,0.034094558241221692,-0.32128078935781146,0.90636122742784797,0.2743865517934635,0.058198014124856569,-0.27030244145899623,0.96101487048496281,10.846947146184226,-4.8424314602219178,-1.2652604002751984,,0.2363969565365261,0.8495575221238938,False,5
0.99650720248745417,-0.082099995153478447,0.015263885037155454,0.071006352884402657,0.92925869713815945,0.36254154471335714,-0.043948756986794915,-0.36019142770045259,0.93184260589995904,10.610696501105435,10.082019967508076,-5.4916985956282378,,0.2003539612580033,0.2222222222222222,False,5
0.14448302013131875,-0.9791495952062802,-0.14279610324203978,0.96016575462080023,0.10384924358075709,0.25941676557457671,-0.23917855369410371,-0.17458924598921602,0.95515036231878958,11.156583495654807,5.6799953009949586,-4.2092881550447192,,0.1048617086032944,0.3478260869565217,False,2
0.84710328194907225,-0.5304672729364005,0.031945297846946205,0.4839878171937988,0.79491387299561966,0.36587938904383072,-0.21948080216523172,-0.29447649628200101,0.93011384820267251,3.3114909764647722,10.073187865071731,-5.430720605131949,0.4672557858256517,0.2097266252464998,0.4204545454545455,True,5
0.83638106787101429,-0.54778341353286242,-0.020001029104189418,0.5275122454786989,0.79444011970610517,0.30099124085489615,-0.14898838940320941,-0.26229416322067556,0.95341713418807583,-20.615037111703348,-2.309834442138603,-1.2184524695835079,0.9552523975328728,0.7877172742075695,0.973404255319149,True,5
0.98045265332196996,0.18898996051179986,0.054730150919375553,-0.1963612224614337,0.92227876423579103,0.33293265287915752,0.012444472964360735,-0.33717158223291965,0.94136096117652412,14.769203748272325,-8.8823744389892738,-0.22020659750301899,,0.1748511317717577,0.8863636363636364,False,2
0.73956508507850782,0.64771358432085446,0.18305900037706399,-0.66384775974112387,0.65701733193376621,0.35725953790672305,0.11112891981617495,-0.38573998784785779,0.91589029089494334,-16.392450637473271,-5.6051812262933387,-0.42869466735717932,,0.259240316894673,0.2222222222222222,False,5
0.90869410294723874,-0.41667833758082212,-0.025577143307970632,0.39818510518248978,0.84670111689413363,0.35291052784103388,-0.12539397624975232,-0.33087215301549666,0.93530741955742402,9.2326035160612268,-5.0820462373317685,-1.1148843992815063,,0.1412546283391461,0.2631578947368421,False,3
0.3876657615144356,-0.90473239385182358,-0.17656316961524735,0.89406465749352027,0.3224075747505199,0.31096904020253074,-0.22441846085032291,-0.27841093954555363,0.93387563581610544,9.3809571166373633,4.6246631546559946,-3.8288670138422765,0.8348561609449388,0.5040212368176817,0.3076923076923077,True,7
-0.81812765663720921,-0.57355433194900207,-0.041262158787947451,0.55805100935973151,-0.8092263272384157,0.1836622504947828,-0.13873070459668455,0.12723277725003734,0.98212301265948809,-2.7294782955513872,-16.219589215045968,2.1439737710885947,0.405515528920036,0.5004954152886221,0.5932203389830508,True,4
0.82793172304695761,-0.56082515946701761,0.0020499954365529836,0.53903814248721926,0.79676649610163996,0.27313189420835382,-0.15481260580593534,-0.22502953405877496,0.96197441020271779,-11.335540110788266,4.2696149919072335,-3.3332468574327963,0.8169586983618721,0.3411913496351688,0.926605504587156,True,4
0.94511235889550604,0.32159375944593577,0.057793450739705238,-0.32432514585396738,0.9018314851703334,0.28550511750627927,0.039696710566191097,-0.28857828442365713,0.95663302521359994,9.9920856755932803,1.6379962843135798,-2.9537473486061057,0.3608409259036436,0.3157729997797568,0.7829787234042553,True,5
0.9638043680356978,0.2612768833972452,0.053061571382054334,-0.26427144338455033,0.90993163228884133,0.31966393098316925,0.035238393362310952,-0.32211615104242797,0.94604410091224389,-4.0292647117479277,6.1897409903205025,-4.0820562068076089,0.6039926454333049,0.5588098975261097,0.760797342192691,True,4
-0.9617540222564297,0.27084600602574155,0.040885715029616708,-0.25664567585737008,-0.94318581162686899,0.21102967044820595,0.095719369707978966,0.19246549240232311,0.97662420433708219,7.7565273621991944,-3.7503047629557567,-1.4093290894107651,0.4648399408677828,0.3559238193212794,0.6666666666666666,True,5
-0.94818832109394691,-0.31564287189661921,0.036172989396732934,0.31696426756129187,-0.93202451875681547,0.17568138639440484,-0.021738464305824212,0.17804458390240552,0.98378227536007345,4.4847944605043244,7.181774421537761,-4.5363287614592069,,0.1686275409027519,0.2386363636363636,False,5
0.35055878581114336,0.86813801874004226,0.35134728988385677,-0.9087140980576518,0.22452982133619198,0.35188783343844965,0.22659926231540406,-0.44263160726370604,0.86760015823492287,6.3305752150807972,10.79177503524193,-5.6216614844851041,,0.266462468229644,0.3529411764705883,False,2
0.65026612418164076,-0.75267712942402509,-0.10310725766789722,0.72015027930559761,0.56748176072965006,0.39918420115936937,-0.24194533051467296,-0.33382868373041841,0.91105481007509104,3.2728311693548169,7.8285351818337814,-4.8103758546976172,,0.2026047896528261,0.3291139240506329,False,5
0.88810808630416693,-0.44402545650215469,-0.11876624528544971,0.44905017549609094,0.78305835180512906,0.43031797261462884,-0.098071233947984324,-0.43550087444950991,0.89483016345317268,-17.352445870269346,-17.857152452005103,2.8052256381008425,,0.4129934884843191,0.2666666666666667,False,3
0.96083472038939122,0.26071342992524493,0.093942256470957525,-0.2762381262084137,0.87400536578140253,0.39975882506103816,0.022116458195319679,-0.41005259180004167,0.9117936906093197,-22.755715073429283,-12.904066390242759,1.6564930050985465,0.3625473617702689,0.3157956734129461,0.3181818181818182,True,4
-0.39939518368875698,0.90660696309890709,0.13618847861255534,-0.88797481650216037,-0.41949877515118433,0.18847149095980598,0.22800046601746288,-0.045657333553706686,0.9725899420560481,2.5891562252664122,1.2360485561651178,-2.7844382253969768,,0.09950566656069126,0.1583710407239819,False,4
0.97433716646343727,0.21962691597023942,0.049306225057314537,-0.22431813280025345,0.92923405190879038,0.29360764988361548,0.018667119354873168,-0.29713312597987651,0.95465357282127161,-18.277353142269128,-13.963706274284359,1.8625331581648692,,0.4807706355365401,0.9272727272727272,True,4
0.97481424153807317,-0.22155391651151612,0.025515810254809604,0.20638208818174358,0.93953315212912747,0.27328353358380209,-0.084519986821427806,-0.2611346743133019,0.96159505702712078,17.967571400301125,-0.22805236110630256,-2.6512064197769472,0.3079188706048346,0.2648799327982289,0.7142857142857143,True,5
-0.062437301864753741,0.98749101726155719,0.14478630516587418,-0.97044062788368368,-0.093953114065046556,0.22230114734342515,0.23312351037287612,-0.126626629052567,0.96416758176481554,0.29952151691507073,-4.2870468588521469,-1.1937357669614159,0.6088361314376628,0.5182022552619738,0.9275074478649454,True,5
0.88479250097615902,0.44367820034359517,0.14244958671832672,-0.46416104863122071,0.81211650371666144,0.35358351958849998,0.041191639320609152,-0.37896759614892417,0.92449273113377539,-19.12756229856916,1.8548662576655797,-2.5242869314152654,,0.2637731273135934,0.3333333333333333,False,3
0.58135051840496033,-0.8129537147385052,-0.03373177201320568,0.78811672233890606,0.55231588154590661,0.2716968880240429,-0.20224640100645797,-0.18453570029952257,0.96179154113295351,16.488033415393041,1.9918155702806795,-3.2455139901214634,0.4187070654043737,0.1920297238885658,0.4166666666666667,True,5
-0.16290277065639738,0.88990695143241827,0.42606138654509523,-0.96365818815504534,-0.23617324372667772,0.12484027935468084,0.21172053210353645,-0.39024071640447683,0.89603939620192852,-24.473413949663286,-5.6925270092804716,-0.17069581224938826,,0.602314781802937,0.2682926829268293,False,3
0.98347042911206173,0.17014561685786872,0.061938551211596596,-0.17558871940861498,0.81265144149835511,0.55566737914609221,0.044209916066183547,-0.55735814670165162,0.82909431286598534,-3.2055222872304858,8.962540589748329,-4.9709946514571959,,0.4672069599409797,0.1758241758241758,False,5
0.99976356247640863,-0.0048392967777910086,0.021199064865635227,-0.0025006226728159042,0.94286445807792008,0.33316716611887159,-0.021600139599760648,-0.33314140376141788,0.94262942828512652,11.714953537121684,-7.3489921931723581,-0.54051000301065755,,0.2109979413229275,0.5789473684210527,False,5
0.023192372093187783,0.88148969188666937,0.47163337135346656,-0.97986081858463303,-0.073546611755983482,0.18564393903887202,0.1983302550781019,-0.46644058463727239,0.86203149067994944,10.14347788661564,-3.449366271745764,-1.5657081482391495,,0.5510710864892039,0.5230769230769231,False,2
-0.39665823098756547,-0.91791604243385505,0.0096118069260653534,0.89683250858362973,-0.3852710772778547,0.21738824384210528,-0.19584100525019932,0.094849017157427717,0.97603789096881954,-6.5650923098646237,-5.5819337992331546,-0.72658290356347632,0.5156562483156346,0.5420029115745288,0.9344262295081968,True,5
0.89202130416831371,0.42351718867521826,0.15789611713560753,-0.43899651591007754,0.72861993269911474,0.52573287199142482,0.10761064969915864,-0.5382807674162049,0.83586707286574458,-12.864223770523402,-5.3806717129402486,-0.55932041873563598,,0.3404021195952035,0.2857142857142857,False,2
-0.1364133850085521,0.91912487198307069,0.36959553310695015,-0.96761972352829262,-0.20360296254699817,0.14919083175957601,0.21237574962678041,-0.33727630118967433,0.91713752383504266,14.877032358364286,-5.3270224061442635,-1.1869568703941265,,0.4575098004853598,0.1395348837209302,False,3
-0.034407876762021776,-0.94432589526415123,-0.32720742893505422,0.97255068756502872,-0.10702834041031943,0.20661581368763207,-0.23013313132515059,-0.3111165985327235,0.92208741667149396,9.2277515255594249,-0.79139081941164258,-2.3442686840985778,,0.4298190976886135,0.45,False,1
0.84413565158693715,0.53270559944056661,0.060495834935670512,-0.52730782277450916,0.80455775100924032,0.2731909320086604,0.096857946296131231,-0.26251013240562771,0.96005571120830091,-20.825826321559855,-13.308165734455539,1.7410216928134534,,0.7080656424190803,0.6666666666666666,False,1
-0.23381938394839727,-0.9722779935090341,-0.0019997569947126648,0.94863887140527525,-0.22858433722046939,0.21870869309747198,-0.21310276241503168,0.049241284665660981,0.97578814736373887,-1.6134786655908384,-23.613758288578843,3.8891079370641841,,0.4578564878069484,0.9722222222222222,False,2
-0.35133801172346002,-0.9323693619796749,-0.085140908850096508,0.91344919947232794,-0.36130852922478629,0.18726106560837888,-0.20535861681840814,-0.011979964567402794,0.97861346758942303,6.8353472373984916,-9.64606253056958,0.22485378583574783,,0.3093542349489826,0.1875,False,1
0.61490598421851972,-0.78500429365212299,-0.075225590858334357,0.76235083063684439,0.56732044957516004,0.31139800661075601,-0.20177175619884827,-0.24882878941467065,0.94729741473249196,8.9496443937016696,2.1631146421631264,-3.1108510023390177,,0.07940209072726853,0.2888888888888889,False,4
0.56992422522205433,0.75747111747052698,0.31847116620346272,-0.8035313544391689,0.43271633904595058,0.40877124697784956,0.17182473610687554,-0.48887020375619361,0.85526731724132998,10.527778905941201,-2.0468597613446278,-1.9675399000607769,,0.3544164026198398,0.325,False,1
0.48522262053176712,-0.82938483888379877,-0.27691117267813692,0.85221393600375805,0.37770270624237945,0.36203877275530338,-0.19567936990206228,-0.41165696244188449,0.89008321491187226,3.6844211356604175,5.9547611643604812,-4.1949634702103271,,0.5061057689796573,0.1944444444444444,False,2
0.9972035295687427,0.050551720738288619,0.055042203317445644,-0.072607526908957179,0.82977320066715421,0.55335755392941999,-0.017699368683826554,-0.55580658415044326,0.83112319987063865,5.8116369596846713,12.759746390988777,-6.1906705944221549,,0.5178533315346916,0.2142857142857143,False,2
0.60012436757748655,-0.76151363296704455,-0.24484225584047795,0.77339585226883611,0.47423587902705522,0.4206651717658545,-0.20422928079264555,-0.44181140529502938,0.87355199216655077,5.5011823348887097,7.5671546017555995,-4.711690934939452,0.4460109366221733,0.4568518714262012,0.1643835616438356,True,1
-0.89317531362274361,0.40929730436472256,0.18631579582709862,-0.42977129033931871,-0.89886661860926864,-0.085647182966033131,0.1324178882741695,-0.15657112948980026,0.9787497046105802,8.2804696041033576,14.052502172753135,-6.6648970894025181,,0.6028141459827734,0.2380952380952381,False,1
0.77920556602986835,0.61783227155228293,0.105460751451037,-0.61518290978469192,0.72169579108425863,0.31734078313400726,0.11995279645306769,-0.31215135649202519,0.94242923196560346,-17.733857555868614,-0.91237218273930454,-1.6789776274642172,,0.4060099930467172,0.1176470588235294,False,1
0.97338620992142155,0.18416574270108191,0.1363901226268569,-0.22817463557734941,0.72339709512190686,0.65163868704085604,0.021345304260048197,-0.66541687834360341,0.7461667079155303,-7.950387716232945,1.4276296509861335,-2.5622548264472131,,0.269026493584366,0.3888888888888889,False,1
-0.88478938902739912,-0.46096624347680504,-0.068248512360388619,0.45919680090840576,-0.88740578539807424,0.040611206304595915,-0.079284519926711913,0.004592865871260933,0.99684144701305488,-24.717185765760338,-15.329606525548799,2.3956221088384968,,0.2544958432311731,0.2916666666666667,False,1
-0.84352945193641282,-0.52911872190679465,-0.092149019764601367,0.53166634586801864,-0.84694579221043953,-0.0037042851376113961,-0.076085217928354418,-0.052117206225510998,0.99573833732966432,-10.882163071710808,2.1487211651736753,-2.7318342041545405,,0.2646453954577924,0.2608695652173913,False,3
-0.20750666297925438,-0.97532188722497226,-0.07542016387632805,0.96104813506417008,-0.21764252212168231,0.17034733533047647,-0.18255811926314033,-0.037134200737743955,0.98249355429268548,-10.225870655415783,-8.9296208601031477,0.31247993593787327,0.2610898569349287,0.3706604580210999,0.125,True,3
-0.32928455543247159,-0.94396922154045659,-0.022221393699408801,0.92105573092324411,-0.32629570665149665,0.21257340462590596,-0.20791349664485059,0.04952999702306618,0.97689239801925332,4.8461889623078251,12.172613937863401,-5.9918251608926081,0.644822039337558,0.5143776460607289,0.9545454545454546,True,1
0.5747951399964083,-0.76074911131176659,-0.30144872976157494,0.79150478052369577,0.42338114298457952,0.44075910673882623,-0.20767939099642505,-0.49194430315171772,0.84549398173607704,7.0579027990757179,-7.205026116332661,-0.49578455173680891,,0.2643727978873824,0.391304347826087,False,1
-0.49446200576438648,0.82764868507923417,0.26552773667184731,-0.84272554902107388,-0.53130546070438733,0.086764949448656065,0.21288723278437557,-0.18086503673267762,0.96019105630343071,12.413191230517821,11.639592159611206,-6.0463176085848902,,0.2565450155938777,0.1428571428571428,False,2
-0.42312758555251373,0.87813004366460257,0.22327264220701953,-0.87815906182698511,-0.45813862709101094,0.13764323629700617,0.22315848286733367,-0.13782824377016198,0.96498894643595967,-3.3877244983184864,4.6234404028685265,-3.6825612966657721,,0.3957798091040552,0.1851851851851852,False,1
0.98259844025414644,0.17257457108677948,0.068690047491123105,-0.18542443343864401,0.88973901248641318,0.41711181851352541,0.010866678152801582,-0.42259023542187579,0.9062557079720972,7.1315396128850272,9.6352752227251894,-5.338308922637971,,0.210678881021837,0.3,False,1
-0.21738994839014175,0.89239897249990052,0.3954310106959929,-0.94791876437082112,-0.28963534209019592,0.1325193750588646,0.23279095019486545,-0.34602809494810993,0.90888554340684435,-21.624711410051781,-5.3619197110015193,-0.38178406960154282,,0.3549813951255691,0.2857142857142857,False,1
0.38392431563470297,-0.92263490561496986,-0.036700828400488113,0.8953026782631438,0.36223790553249396,0.2592620567886379,-0.22590979208362744,-0.13239535768405633,0.96510944203465565,2.6386106895928978,-10.967446441279639,0.67924528519086536,,0.08158629876155163,0.2,False,1
0.99614294505131162,-0.085825980278709649,0.018251962461569016,0.071601999653580717,0.91532816531149686,0.39629219451447451,-0.050718701384288106,-0.3934567967346454,0.91794300609199264,-7.3860722953835527,-22.942011574583443,3.8393558279645417,,0.3056410133885404,0.5714285714285714,False,1
0.67888368925884057,-0.6544454280445593,-0.33289355381244495,0.70882358550794866,0.46587993126737548,0.52964612173597669,-0.19153605688214789,-0.59553091553157744,0.78016464131627994,11.351427800060048,-6.3275954596030832,-0.79431174951315087,,0.6007601208232491,0.1818181818181818,False,1
0.99039542673306413,-0.13746723141703968,0.014820897164708675,0.12318324018888907,0.92596853136388035,0.35694280810850654,-0.062791623986000411,-0.35168883862066719,0.93400865774726549,-6.89588474191667,2.8959073170393568,-2.979043075735087,0.8857438955166745,0.3241193660513384,0.2666666666666667,True,1
0.60497323930205127,-0.76687834824143519,-0.2142544718946883,0.76979241408631649,0.49452044220241814,0.40357052848180947,-0.20353628409584623,-0.40908083705108184,0.88950876882358099,-3.9555212249670237,-10.861933428142841,0.70435465911532968,,0.2758379437557285,0.1875,False,1
0.40360609810575088,0.90308904706204662,0.14673885187098812,-0.89308533105588428,0.35402926440176646,0.27760020064824553,0.19874785288061131,-0.24309144991897363,0.94942395058879692,22.051179390373466,-1.6558657913803008,-2.4362655443119872,,0.3180722235673962,0.4642857142857143,False,1
0.17261939197135981,-0.95743783651900205,-0.23133381663139985,0.95693132169856332,0.10735520140642278,0.26973562294073594,-0.23342020278390332,-0.26793217412770443,0.93473384393608128,-12.308404324675147,3.4878109963842756,-3.097176769331226,,0.3745943859357824,0.3653846153846154,False,1
