axis_00,axis_01,axis_02,axis_10,axis_11,axis_12,axis_20,axis_21,axis_22,location_x,location_y,location_z,dbh,dbh_approximation,score,reconstructed,number_clusters
0.98083791003771992,0.19266695054526869,0.028921279370498459,-0.18771092388630642,0.89479917668416464,0.40509140012976308,0.052168987785739938,-0.40275784234814049,0.91381864565157744,1.7513833267812176,13.095998457791811,-5.1387609778530248,,0.3086520104672351,0.2173913043478261,False,4
-0.59359278002812632,0.80093978885345096,0.078377714497626233,-0.79542051817829496,-0.59870970083850183,0.094089815510745523,0.12228577496771591,-0.006492207117975303,0.99247369762995918,10.209272225175422,1.8178272206248907,-1.7633092159727908,,0.1011961467723359,0.2142857142857143,False,1
0.9909515372983817,0.12835715983400417,-0.039236338327126127,-0.11617747085671924,0.96666644888945996,0.22816391444918771,0.06721492387341492,-0.22154100322691508,0.97283181377764472,-7.7781636919582713,-6.8036662101245282,-0.88300533241098367,0.6221279877138153,0.5782580816517747,1.0,True,5
-0.98661343354636133,0.15937781789239044,0.034534676916406729,-0.16238393210532717,-0.94064600736126935,-0.29802105199014972,-0.015013038995255357,-0.29963945000477332,0.95393438383411044,-12.946906516179448,-6.0780337481804665,-1.4878520932846944,,0.577646023320132,0.1333333333333333,False,1
0.98198649959112316,-0.17411851582427537,-0.07338431077501506,0.18384109757936859,0.79071739567415655,0.58392503886979541,-0.043645910021278239,-0.58689755718134529,0.80848394660189971,1.3790045270889093,-12.033855130292784,0.83215411624310387,,0.6302185840851774,0.15,False,5
0.92968469885323923,-0.36060949073988735,-0.075147560881774336,0.36755086581591773,0.89465914403162128,0.2539515249778489,-0.024345877600327456,-0.26371539808840294,0.96429324743821776,-19.356671818810764,-2.835075527478697,-2.7544912692020649,0.9225977373288023,0.8252425627121666,0.9529411764705882,True,5
0.68089899648606234,0.73225853861257784,-0.013190497081127583,-0.7134780433763932,0.66728568276050282,0.21372622488278137,0.16530468294657913,-0.13611484199683518,0.97680454113610138,8.2575601635846336,-1.7096210551800775,-1.0643549539335315,0.2839155201944203,0.2190022278331927,0.2272727272727273,True,2
0.94685803303673144,-0.30656153201788278,-0.097364738795219868,0.32154015084326321,0.8941490466319254,0.31162383381717007,-0.008473291538965505,-0.3263702031345207,0.94520404878334496,15.589460546338538,10.507672049951585,-3.2504957114585546,0.3296124299011876,0.2421746888862306,0.3870967741935484,True,5
0.99066191919065283,0.13508480812140397,-0.018467714539095164,-0.11817150561170453,0.91828562165973171,0.37787168763280554,0.068003361144556046,-0.37216073364583363,0.92567377147958518,-13.174310126853079,-13.47151538218659,0.015803074562780978,,0.2165212507095193,0.5,False,1
0.53975516840450377,0.84167016941631434,-0.015990124931980088,-0.82196218914675745,0.53102799203616646,0.20588208102481487,0.18177600995097595,-0.097982639221198015,0.9784461582619417,-5.923606234341384,4.9077065003160545,-3.6934035925203621,0.3519045439149968,0.3293279738445168,0.7989690721649485,True,5
0.62492202209035619,-0.77773635261363383,-0.067813215008150823,0.76954394345012223,0.59904984341176803,0.22122704221584286,-0.13143281708057061,-0.19043489945799655,0.97286173923260422,6.3476813978907014,8.388013597025747,-3.5423273238471773,0.262710614412235,0.2573637340222319,0.6797752808988764,True,5
-0.71794957144955796,-0.61420642297237238,-0.32756508183089295,0.67730575395708625,-0.72498674845196964,-0.12510447724067927,-0.16064037011915627,-0.31168042054085421,0.9365094697542875,-7.8771125182777357,4.0109236873403686,-3.6462156067757756,,0.4658106633558876,0.1666666666666667,False,1
-0.06272899981183401,-0.98286293124887159,-0.1733364674829988,0.98220897882720504,-0.091598891325450349,0.16393646641052437,-0.17700450416254263,-0.15996906414937262,0.97112270286578506,17.539455825927561,8.6553158636031124,-2.7164156086295614,,0.1722410871642025,0.4848484848484849,False,3
-0.7348973522516572,0.67753648916203268,-0.029498940785931918,-0.67172404452593137,-0.72122751158014087,0.16916762262810192,0.093341789458044139,0.14413598577005668,0.98514573944511652,8.5219144770315953,2.7009857723416162,-2.0643154237761498,0.3952250671005508,0.3374580433745395,0.8652849740932642,True,5
0.95139339871676065,0.30630876952106351,-0.032024031486712817,-0.29115639061409754,0.92844739821997679,0.230680265612656,0.10039201702695796,-0.21014368049752644,0.9725024814694363,-15.191651080374966,1.1140233780728848,-3.4100316619907134,0.4624397489874009,0.4434494971972008,0.8728323699421965,True,5
0.60425175252795915,-0.73208309624460777,-0.31453801003980381,0.78631579166408205,0.48407072993434186,0.38390494162034677,-0.12879167421296545,-0.47930143815113146,0.86814908629778509,7.616960700487021,11.152843033102569,-4.0650433466565046,,0.3613906296952517,0.2777777777777778,False,5
0.45320808414798186,-0.8753398728444366,-0.1684711829115052,0.87937300233574345,0.4080861799116568,0.2452932786036579,-0.14596422584296662,-0.2593179067742854,0.95469820781243053,8.2966371956970271,8.8006372553540313,-3.5190493837018963,,0.07855620141072753,0.1219512195121951,False,4
-0.97129755208413693,0.23668621152150368,-0.023679159422607808,-0.23786772703477671,-0.96651416728713291,0.096277250005224996,-9.8745491955716524e-05,0.099146365081417304,0.9950728558957227,3.7001330587300019,13.486648777970396,-4.9039969105226175,,0.8782381875675995,0.776595744680851,False,1
-0.93494388048566623,-0.34689465235309724,-0.074458313916100111,0.34320949317884014,-0.93746518204142903,0.058019619543344142,-0.089928772561001985,0.028690288058060495,0.99553487293857135,1.870587128588916,17.560291442720747,-6.3051921717521573,0.6588134494206304,0.4643313806752321,0.8888888888888888,True,5
0.34319756918426891,0.93900800234246817,0.021895205932273079,-0.91698879663943,0.32992108913644097,0.22424009851227483,0.2033395567610472,-0.097036315263061251,0.97428793391706792,11.723767984141633,2.3229710373742609,-1.8060142305521252,0.3864369672871613,0.1961571825815026,0.7946428571428571,True,5
0.97252552343056886,-0.22792670430073889,-0.047365849962824891,0.22859463126692345,0.89651494801546494,0.37948049032956449,-0.044029544990115792,-0.37988204149634514,0.92398649000758204,-5.0710223162176327,12.60230226560649,-5.6903507575627774,0.5775868388133164,0.3763367633376152,0.8181818181818182,True,4
0.92647768715572487,-0.35711891707631827,-0.11876520647402526,0.37531710307578203,0.85336368825855013,0.36181139796939538,-0.027859779995236811,-0.37978480041729296,0.92465525361110412,12.635653790990018,14.970481671361906,-4.6758484687817443,,0.1734466921549231,0.375,False,2
0.9961465953486045,-0.068059881654581947,-0.055315577232342171,0.082787097349274807,0.93790155156703725,0.33687828080869942,0.028952669788200935,-0.3401595685517424,0.93992191741379605,-5.2649179919010933,9.4472762618449106,-4.8137791712413813,0.5693733690596381,0.4943955760047278,0.9506172839506173,True,4
0.41634017491433412,-0.90675645995044596,-0.066735156330365669,0.89650166561435052,0.39718540052921331,0.19628683388639481,-0.15147812483325254,-0.14155027355884925,0.97827291578189868,5.2637342784938941,-5.6162689446200948,-0.29490010677177564,,0.08813470442824319,0.5416666666666666,False,5
0.49321785831556075,-0.84566700526874905,-0.20392023057655695,0.86192458250253656,0.4433945097111161,0.2459417061741781,-0.11756767547433367,-0.29706670119322298,0.94759127092103212,-1.0551478475576286,-7.2373309629276932,-0.36148263753098703,,0.2863864386374123,0.4545454545454545,False,4
0.89437520846577223,0.4463281777522482,0.029734562821171324,-0.42225509666105765,0.82045967815916776,0.38541737098724271,0.14762662302433627,-0.35726331222127272,0.92226314353069438,9.2229018268234952,5.7373102663235498,-2.7096149215493419,,0.4076831589846343,0.1929824561403509,False,3
0.96991040725341393,0.24141243587465316,0.031525191618491717,-0.22932701526787935,0.86242829950926236,0.45124998423699347,0.081749140483812099,-0.44490163408401567,0.89184057657158067,-7.3949183302753019,5.5681180432432713,-4.0003017306736037,,0.3380319569782247,0.2018348623853211,False,5
0.81527839523653745,-0.55874494006018149,-0.15206982020664514,0.57694092882579684,0.76127787701284644,0.29596479286638322,-0.049601440565411194,-0.32902900469101271,0.94301623059514639,-14.292291991961617,-4.9587039233281303,-1.9823387585289951,0.5927869983582871,0.3677216961279586,0.391304347826087,True,5
-0.50752878528595979,-0.8397024330685261,-0.19316924187084061,0.84470836222025281,-0.52911242089351174,0.080671115347348998,-0.1699479770439655,-0.12222876075214209,0.97784345124547378,4.9492953549771128,5.0391813204833404,-2.8648610838455397,0.7013214649655071,0.6853681745931111,0.2644230769230769,True,3
-0.78981271770695016,-0.60179152628316301,-0.11850244656606171,0.59474983106525925,-0.79865061888407352,0.091814091532465364,-0.1498949945668864,0.002036627081065983,0.98869982439258375,2.7972307749797851,12.698569912935945,-4.8088956701517303,,0.1530369370249115,0.3214285714285715,False,5
-0.14153783707251169,0.97275587385223061,0.18361113953902425,-0.97905920895154774,-0.16496976555243795,0.11928135571305153,0.14632192605349692,-0.16288335194106715,0.97573506015538758,4.8246082310539347,14.649811311051463,-5.1523923687968818,,0.6063587886224663,0.234375,False,2
-0.98288240204243316,-0.16457070206232796,-0.08281707419372919,0.16309137070369936,-0.98630999354003002,0.024368041469410878,-0.085693573605526097,0.010444168984598923,0.99626679698609621,14.781913105060136,3.5330343491131182,-1.8527738984563764,,0.6429959682147715,0.225,False,2
0.87645117719795052,0.48130241766178022,0.013465390497617538,-0.45787044330300986,0.82447776510115045,0.33255235979213649,0.14895633970339545,-0.29763131153616645,0.94298865913404761,-18.663610385131072,-9.3658268375338931,-1.2115580356588327,0.4411441310097533,0.3528974059130225,0.7727272727272727,True,3
0.99897274481092702,0.045308890191784579,0.00074806050083720682,-0.04087743692493602,0.89389760714057998,0.4464035204820801,0.019557358599053849,-0.44597552894518311,0.8948314574860976,-18.885919631467068,-13.741037766119694,-0.26496241819525457,,0.3897276439570576,0.3720930232558139,False,4
0.9925548926887261,0.092778372847870008,-0.078911079902466763,-0.059832714222492069,0.93573541430719842,0.34759067985218639,0.10608878973973399,-0.34028136584749552,0.93431994560135634,-1.5678917832652359,-3.4814175915256382,-1.2302344146431485,,0.5835461691093464,0.1292929292929293,False,5
0.35696012720708981,-0.9045977912318891,-0.23298562977721601,0.92319260078591858,0.30359717269498804,0.23567812496229171,-0.14246013280363823,-0.29921830296624125,0.94349007293748055,13.187497835454288,0.13172628682407683,-1.1517129489183182,,0.2540313794626625,0.1538461538461539,False,4
0.79510471801626981,-0.59102896911311409,-0.13598987115722266,0.60183333730337052,0.74125067785441301,0.29722729802402259,-0.074867359366788858,-0.31817006498013489,0.94507284811911774,-11.796516286702712,5.8678840772745113,-4.2453188530044965,0.3895494086517772,0.3253411963092485,0.5581395348837209,True,4
-0.64705669621895145,0.76206446304848263,-0.023987205690623705,-0.75389532307961216,-0.63478939695841496,0.16936429183230969,0.11383968427970705,0.12767214131438651,0.98526156456815894,-4.9267722053570724,-2.5720545073789065,-1.7290891362052423,0.5668387634935376,0.5274054382275606,0.949748743718593,True,5
0.085553244533466383,0.99295375805916197,0.081996809120751288,-0.97847161049049691,0.068220786138823819,0.19477995739483839,0.18781360391071544,-0.096895607200682105,0.97741357238953885,1.481994457486306,0.34087815631764878,-1.9753239913711478,,0.5628232250228985,0.914207005116096,False,5
0.98035848724631969,0.19524899404007556,-0.027840021739323685,-0.18109803537938923,0.94709061487571089,0.2649959788300062,0.078107221598473137,-0.25474928369023164,0.96384753171519832,-3.1374784743935415,-10.005734898771832,0.11578309108982757,,0.5226602918735959,0.8441558441558441,False,5
0.41076517498372517,-0.9027192013260209,-0.1279453577817557,0.8967274185253733,0.37464144431583579,0.23563472805544794,-0.16477835988202466,-0.21152265069787757,0.9633827174889189,17.398858786159803,12.310597637111622,-3.5451386632759267,,0.1172148013363265,0.3478260869565217,False,4
0.77813432615002809,-0.6241198905407298,-0.070578556931056746,0.62340138804695167,0.75370874079326089,0.20807172665446971,-0.076666027992695993,-0.20590652316832009,0.97556384920135197,6.9977754764709701,-9.4102095241337924,0.61253637837283925,,0.3916204251660101,0.7872340425531915,False,5
0.9828741206264926,-0.17597403948397106,-0.054695524774822431,0.18409830768612684,0.95077863082931313,0.24925450500530788,0.0081410140525347563,-0.255055155968333,0.96689223355251219,21.998207758089318,8.3459976771037443,-2.3697179503675008,0.4577100462931689,0.4182263034937282,0.7714285714285715,True,2
0.77534809681204375,0.62644743132428371,0.079993403210197489,-0.59681652481209135,0.68540415649795516,0.41717044234526685,0.20650754097892138,-0.37119369343044334,0.90530098722817354,-15.924809614864428,6.7652526613743067,-5.0549036693332088,,0.3825383354351332,0.3037974683544304,False,5
-0.24466362487226581,0.93551451461345292,0.25485741820068641,-0.95651051038874679,-0.27592870576045997,0.094609686888910721,0.15883121286517771,-0.22062625021722573,0.9623391832066609,-20.666069380856094,-3.674117123561027,-2.6926982738005707,,0.4356278730945103,0.52,False,4
0.8449305607121923,-0.51531866933837622,-0.14331439776207383,0.53164802099883801,0.77973117743276765,0.33071085967553149,-0.058674776033655444,-0.35562052805010469,0.93278685169054865,11.129825411091959,12.238693175672145,-4.1002137149797715,0.3236713396719564,0.3098385922713925,0.3928571428571428,True,5
0.72067368867276094,0.67235755518361806,0.169011101535682,-0.67614208366640705,0.62779621189143497,0.38562131558047197,0.15317087565867671,-0.39218265428531218,0.90704545008928916,4.9769638571087205,12.297736145703336,-4.5469799725944036,1.004255863794657,0.6548301339165454,0.4329896907216495,True,4
0.99876156389945847,-0.012282941189068551,-0.04821273517291013,0.02317949040615782,0.97232874062992269,0.23246404317558145,0.044023285902100952,-0.23329369794483013,0.97140928593338427,4.7455424386869423,15.845305151483116,-5.5245940135431519,0.3249221840376226,0.3291374992675927,0.7868852459016393,True,5
0.98855082764415925,0.14496206198565451,-0.041871968534041015,-0.11900695268089286,0.91965670305977043,0.37425779047448238,0.092761017554014627,-0.36498979314783725,0.92637888820948577,9.3653161064521573,8.4367580851307356,-3.2773513536408534,0.5700296064967167,0.283891643066318,0.25,True,4
-0.8253173662401373,-0.55793753260419043,-0.086930746539940942,0.54667220888604484,-0.8280452838003407,0.1244608533140685,-0.14142397609350432,0.055197080426064651,0.98840909612282646,4.1698912905301837,-8.1422431245756197,0.20557802869478328,,0.1440942657220463,0.3478260869565217,False,3
-0.79823399026427089,-0.56757993427584408,-0.20168171705489166,0.58758488905857897,-0.80739968848244348,-0.053382967213066873,-0.13253865450048175,-0.16111722827147529,0.97799526778881696,-10.716817946236128,3.8883156154524379,-3.6764648260709776,,0.4048010951713782,0.2619047619047619,False,2
0.96523105641874662,-0.24036591436621868,-0.10272893913422212,0.2613576562614448,0.88051071249230317,0.39546562518102824,-0.0046025252063937455,-0.40856469793312866,0.91271775723086279,-6.4957539601291749,9.1855944909654532,-4.8606814409341172,,0.1485523052159158,0.1641791044776119,False,1
0.80593148451464358,0.59180720397954245,-0.015449128970253707,-0.57290015560072727,0.78622899765416421,0.23158016961819378,0.14919736586376386,-0.17778694149358978,0.97269314249339167,6.8553726081471975,-12.162941138813885,1.1564198808784514,,0.4064021228361667,0.8787878787878788,False,4
-0.48868114197295892,0.87198909930390933,0.028735903938478941,-0.86122764635217397,-0.487395267202545,0.14398886994227758,0.13956246858915597,0.045616490480049669,0.98916199540701322,2.356638225119299,6.2897442974538551,-3.3683319779910139,,0.08165032603635343,0.3880597014925373,False,2
-0.96554747514044437,0.26022678996919069,-0.00030171550425131533,-0.25628602673562323,-0.95112537605027925,-0.1722730145242819,-0.045117022840410845,-0.16626044874096418,0.98504919543872149,7.9222240742315346,-4.1978697933018498,-0.5387025002363186,,0.6575494863484215,0.2285714285714286,False,5
-0.12525291159415181,0.9809527712800612,0.14847009347055684,-0.97875565479735294,-0.1466580290204057,0.14327871693330702,0.16232398571804615,-0.12736986708722806,0.97848241712295947,-14.648130906754806,7.9630539800756228,-5.3187185474306684,,0.327593765537426,0.4090909090909091,False,2
0.63881409186049909,-0.75025134891107503,-0.1704097106903219,0.76275840456019361,0.58864448436486527,0.26776349134938299,-0.10057918429394309,-0.30103253060746665,0.94829491362277729,-14.105233931666971,-13.557970760607246,0.0077296055345247644,,0.2745471175343566,0.4117647058823529,False,4
0.99861063276232742,0.013214206397491816,-0.051011654387105559,-0.0019844412178603799,0.97679148829882845,0.21418321684953176,0.052658011043694747,-0.21378440807562457,0.97546058902278454,16.570053099760788,-0.56894142522607749,-0.7283398519413149,,0.2033576148385824,0.4545454545454545,True,2
0.3688314620408073,0.92942401428208687,0.011591129565844585,-0.91168964627716875,0.3593082760915346,0.19929764575413497,0.18106722917152018,-0.084074754878626104,0.97987044761654452,12.421883058190607,-7.9679777954045807,0.67643832034887141,,0.4925203064974678,0.8873239436619719,True,4
0.44967657384714432,-0.82428874845163891,-0.34400441582794533,0.88140213831590719,0.34714110720479785,0.32034875098987825,-0.14464179722763981,-0.44725955648220561,0.8826310892043745,-6.2354204460814833,6.9894967647192807,-4.2564027367399424,,0.128502603313802,0.2916666666666667,False,3
0.95754215587472713,-0.24570565827133581,-0.15080367772779946,0.28811998700635688,0.79746563255422087,0.53012775628366537,-0.0099946390748816699,-0.55106922830833704,0.83439967210049693,-11.066025664024018,-3.9552030187282803,-1.8102014028495026,,0.4330298707922402,0.3148148148148148,False,1
0.98274166522229411,0.18328695874268874,-0.024994203147309355,-0.14585910181340511,0.8508859373794736,0.50469618978950304,0.11377144568959216,-0.49234034196347465,0.86293513419085544,12.999841482881434,4.3749934961815322,-2.1850674856183363,,0.3242487675477092,0.2692307692307692,False,3
-0.35028327214487548,-0.93137650314861842,-0.099193944563824132,0.9172305535625993,-0.36254405078319768,0.16507550652037351,-0.18970962249376516,-0.033160528107405066,0.98128010196320148,8.0048736724868217,16.976490544930691,-5.5387137551102992,,0.1534539238901439,0.3,False,3
-0.91328620331684263,-0.36622107622617561,-0.17829872169717845,0.39321954374733142,-0.90688824838797244,-0.15143346839762681,-0.10623888763652733,-0.20841263940446667,0.97225380970722686,-15.008237966664,3.4513461256076798,-3.9400035081632319,,0.2949632826455114,0.3076923076923077,False,4
0.58004532259941577,-0.72260098264253525,-0.37602558904226641,0.80760005278502855,0.44981593268555975,0.38137616790229539,-0.10644049263395892,-0.52489374790167131,0.84448621950957703,10.231048734236223,-1.397055533274433,-1.0006400349334812,,0.5085776701778555,0.5,False,3
-0.67522537272911709,0.69975604780804179,0.23326416265447775,-0.72992787185434294,-0.67942606079729928,-0.074736402105361088,0.10618850179287218,-0.22072992879429387,0.96953715793746198,2.8912401048237513,-12.34626607261405,1.0130231591457053,,0.7992813443298021,0.3728813559322034,False,1
-0.99877988310533505,0.021107654776331152,-0.044645403054912346,-0.02761705046219922,-0.98820533759504015,0.1506237340940671,-0.040939511817566845,0.15167292988043415,0.98758254273433943,11.244079408980483,4.8943043211891588,-2.37156568379651,,0.6113197164950934,0.6551724137931034,False,1
-0.34725063887239505,0.89540626063220385,0.27868373153696496,-0.91530411482245055,-0.3882806273857376,0.1070351894753668,0.2040474728875688,-0.21791232828271026,0.95439973071591178,5.8461546125395545,-19.403104555211524,2.5623446049802117,,0.731793860091785,0.1333333333333333,False,3
0.39855055381278742,-0.9150737730746501,-0.061623419950897332,0.90431061851274641,0.3808828463716144,0.19274481208310465,-0.15290441883939981,-0.13254526461092969,0.97931199907312672,4.1716947980760315,-19.038597813966085,2.379786089074607,,0.4531189728515244,1.0,False,3
-0.9938277208419638,-0.060686484081114711,-0.092863404718657727,0.084704401798081239,-0.95567587987032188,-0.28197300748496479,-0.07163536558221667,-0.28809853051336343,0.95491759388647945,0.3646452643542083,16.545779807059375,-6.2131679084050333,,0.3392711849293538,0.1219512195121951,False,2
-0.94506317307470133,0.32376208987511518,0.045096652399870714,-0.32684560071662772,-0.93812118509662668,-0.11445783225750492,0.0052490180189921423,-0.1229095245804743,0.99240399867052009,0.77313764029529342,-15.041315824325768,1.3965430411387232,,0.3779102692792267,0.15,False,3
-0.96673691788941374,-0.20759666639002139,-0.14941002541137538,0.24085169951607291,-0.93547370144129471,-0.25861054261561561,-0.086082462963700895,-0.28599401744699826,0.95435697281186627,6.0427525035735075,-3.1784270345592085,-0.87655623486215029,,0.3228778869888742,0.1923076923076923,False,2
-0.30699327068228544,-0.9444726984030507,-0.11715994933019082,0.93430169975039667,-0.32252402520032852,0.15185054169181489,-0.18120558931587305,-0.062845645353020646,0.98143515285567873,-1.5682362580326017,-19.721450230452596,2.1574182619738052,,0.3954302309482912,0.8363636363636363,False,3
0.0035018205384262234,-0.99465914680408152,-0.10315482990093836,0.98323514379254418,-0.01538146709258616,0.18169221909958799,-0.18230850025209919,-0.10206170755505985,0.97792996609510507,-14.949884768875496,-17.033538734626653,0.76560734637652395,0.2997250722768134,0.4526323185030832,0.5862068965517241,True,3
0.78891387222150089,-0.58336042539440092,-0.1931463597900327,0.61155180978956025,0.7145620642494328,0.33971376227451067,-0.060160503318961576,-0.38612390552677861,0.92048304895916278,9.6236084996647691,18.983005235330968,-5.964785964048942,,0.3599752932115807,0.6052631578947368,False,2
0.95901784909104748,0.28323453128942727,-0.0079350746713861622,-0.25467952852114023,0.87393024091517335,0.41398583522410204,0.12418978571940492,-0.39499890417469014,0.91024873678778762,-0.34152499581669571,-14.638216328542955,1.2467869854438152,,0.3814065432581637,0.36,False,2
0.37135774019720219,0.83327264659979383,0.40957310119709101,-0.90920073297938064,0.23690328304521679,0.34238992630063575,0.1882749477370374,-0.49953331311432386,0.84558796889717081,10.025797303600529,7.5649502743076873,-3.0419197325167744,,0.1996142775743799,0.1428571428571428,False,1
0.81960855410526556,-0.5444553275623335,-0.17835418225113206,0.56873184748763739,0.73559321922667753,0.36803084311105427,-0.06918022615441892,-0.40307693076722578,0.91254757913902673,-6.7799189839138405,11.523416870798357,-5.5566158747730974,,0.09618070695019892,0.2666666666666667,False,1
-0.10347260075236268,-0.92142123828242817,-0.37453480817624696,0.97468037897984883,-0.1689776835652993,0.14644009453904053,-0.19822103754455456,-0.34989919133799319,0.91557576211681035,5.0749715359692669,-14.114933003965904,1.4798081259713634,,0.3589546502555598,0.1538461538461539,False,2
-0.090813863755350901,-0.99092990286762139,-0.099049329894706412,0.97699922331266686,-0.10792082289896034,0.18391740981009835,-0.19293874622861268,-0.080068867780037037,0.97793845236607435,7.6768138651067837,-19.337599966470339,2.6641871493617408,,0.2273713268004982,0.6206896551724138,False,2
0.89229137361270472,0.43184636681967348,0.1316237822013952,-0.43438852770764247,0.74183432413873251,0.51087027954816133,0.12297443462906874,-0.51302100443771093,0.84952147555749458,9.7613174077832525,-8.257944012594308,0.56321680174975475,,0.3781158485542462,0.3,False,1
0.77851727123238745,-0.61191230604789948,-0.13954994840564783,0.62235218884185073,0.72389856511106232,0.2977391819594834,-0.081170262021471373,-0.31864431132108256,0.94439249860747954,15.219091852945915,-0.80434548290238062,-0.74375760558350146,,0.2846644604398974,0.5882352941176471,False,1
-0.10851702179211337,-0.93776115048602893,-0.32989101324602749,0.96549174032789986,-0.17845398066085338,0.18968362118248386,-0.23674829532643793,-0.2979231468439747,0.92476593970291199,-1.367318589909335,-14.826964004666388,1.2044207060948471,,0.2596123951173215,0.2083333333333333,False,2
0.99210410126685644,0.12502127598351792,0.0099565456327233223,-0.10670130787400728,0.7996689942685925,0.59088436305544112,0.065911176195390331,-0.58728117640267596,0.80669482252933145,6.919379199046781,-7.3248180100000715,0.17632505723664635,,0.3110655859382224,0.1481481481481481,False,1
-0.99719757685647514,0.072927110524163993,-0.016692191652718874,-0.066907774564235606,-0.96916858757842772,-0.23714046165531782,-0.033471516464542612,-0.2353590563412257,0.97133195776919223,2.4046672065591777,-16.08562855267223,1.7160206486466008,,0.4045167132091152,0.2142857142857143,False,1
0.24915509163216953,0.96599368264868524,0.069122683661715589,-0.9495963445724972,0.22965836899310463,0.21336310816535026,0.19023281180784038,-0.11879915249806849,0.97452462189388733,12.849583356757341,-3.6799746454245534,-0.27415134449457146,,0.2006737790830521,0.15,False,1
-0.73744625573056477,0.64827465949317464,0.1895072182476942,-0.66912831372838111,-0.73941002807636558,-0.074431916186012248,0.091871212444289863,-0.1816941832836618,0.97905408639405567,0.33005053961763897,3.5700841958668108,-2.8224631534908422,,0.2845882812610942,0.3571428571428572,False,1
-0.092965225723804182,0.99487120547686791,0.03985914348209324,-0.97926147827377041,-0.098597621798571483,0.1769900170764884,0.18001228840051983,-0.022578606880625206,0.98340519753361988,16.791642568085592,-8.4545909803864099,1.0935909839055789,,0.383524657509848,0.55,False,1
0.65956892502061804,0.74479378343398661,0.10124748542671921,-0.73255040291836604,0.60678748857847831,0.30851069817554466,0.16834114271705955,-0.27765295579681892,0.94581715770332897,6.6666970523473106,14.100354441457531,-4.8665907614753152,,0.1957183405691974,0.15,False,1
0.51303752143776926,0.85184688640632666,0.10559064218404467,-0.83893719951571377,0.47159201768659986,0.27163457829042104,0.18159536576059315,-0.22794264843185924,0.9565904411816728,-4.5786582129811224,-20.546321228694392,2.1105432800454356,,0.2511595214813219,0.3636363636363636,False,1
0.24479013328620652,0.93882599024740465,0.24224687961189867,-0.95072861708636491,0.18339539285449941,0.24996245024561567,0.19024428322230685,-0.29149938235907841,0.93746211805358126,-6.3901334324236032,5.9494778883915602,-4.029773470731973,,0.2655308715646282,0.125,False,1
0.92894461547562091,0.37017655024213564,0.0055877571245330215,-0.35366269885927926,0.88283847190283005,0.30906136601627615,0.10947418332384024,-0.28907707307759223,0.95102568262191023,19.262477280677579,1.1673231079020043,-0.9706075552141592,,0.1663337213534441,0.3846153846153846,False,1
0.99800895100032017,0.050392039518707604,-0.037931201884278794,-0.034743187188289504,0.941149781849555,0.33619934424167863,0.052640713019870673,-0.33421210402629081,0.94102668657965249,7.0804334410495331,21.016489762012416,-6.6225129091186687,,0.2259588277306353,0.8,False,1
0.47083198531974507,0.86573807896435417,0.16974928639313019,-0.86279274865816258,0.41169878319212694,0.29341572006457717,0.18413558717086614,-0.28460795939191791,0.940793492211765,-0.44804049596582579,-16.937900285169938,1.6583966352891455,,0.2944192981080461,0.3103448275862069,False,1
