axis_00,axis_01,axis_02,axis_10,axis_11,axis_12,axis_20,axis_21,axis_22,location_x,location_y,location_z,dbh,dbh_approximation,score,reconstructed,number_clusters
0.88104838810018893,0.45916670043213897,0.11366476604612978,-0.47196530678104254,0.83723203336889696,0.27620874623381975,0.031662075439479784,-0.29699909682563808,0.95435268609860391,-0.23594558661541412,3.8920807176461123,-3.2772463518987927,0.5374531815287809,0.50680906967482,0.9748251748251748,True,5
0.74804945360458008,-0.65383880144604178,-0.11365226212219902,0.60554875443956235,0.60241152578029644,0.52001063412563986,-0.27153769712248843,-0.45781565649359235,0.84656488452495915,5.1061878953683504,-7.9389462970771598,-0.15058042919338321,,0.2482975122635718,0.1764705882352941,False,2
0.99499062220435852,-0.035734526156390521,0.093363297744679261,0.0048727938377633642,0.9501553296117129,0.31173884180620137,-0.099849474738718802,-0.3097222840720949,0.94556976957999583,16.441875638334079,12.907243249826532,-7.5985111186677239,,0.0908187734262138,0.25,False,1
0.84641442408557344,-0.52782262670022173,0.070610887568185177,0.48992243602629248,0.82379205919592979,0.28520632861806261,-0.2087070419941599,-0.20680889233543415,0.95586162841335987,-5.9364546601511332,4.8347271293778666,-2.8821416891036273,0.2225013644917054,0.2172970606754402,0.7142857142857143,True,5
0.49870912581234561,-0.86608634002661955,0.034404352206994726,0.82320584718823409,0.48569623332095607,0.29399201025357763,-0.27133252843437411,-0.11829463452385421,0.95518848320961214,-2.9904140003632667,-14.712500052293679,2.5103094258633267,0.4035707359974786,0.2791682862779139,0.9074074074074074,True,4
0.82761018346538362,-0.55651453603141254,0.073163894170118232,0.5203979719036026,0.80959921526375944,0.2715420068477854,-0.21035050525970239,-0.18665658796315471,0.95964159096349189,-10.683788326875181,1.8247712065303086,-1.4908887335401277,0.2607871834677105,0.2541507807024365,0.9387755102040817,True,5
0.99102686085703529,0.090679221352692102,0.098198981026897822,-0.11673843502022339,0.94501615431473085,0.30547766837074508,-0.065099146299169131,-0.31420017011304646,0.94712214325928057,-4.1284062252893641,11.628901992824474,-5.2764752181348973,0.4368905166234143,0.404061562811999,0.6292134831460674,True,5
0.98787117464501562,0.11378554367253055,0.10565695602573839,-0.14061977037792006,0.94416214025355927,0.2979663287867948,-0.065853037016823907,-0.30920980411844318,0.94871105957119306,-9.7948412975469612,-12.91497243808686,2.7232987397356831,,0.1105452983728522,0.1818181818181818,False,5
-0.052619604637709469,-0.99738081405414092,-0.049625487045177261,0.96966045722256811,-0.062910558875027653,0.23622205502652122,-0.23872531266435132,-0.035689961315916396,0.97043106491629638,14.374095838857665,0.12332621376095854,-3.5282590426820457,,0.2401189256223598,0.5384615384615384,False,1
0.17361042904305277,0.90105648140025096,0.39743758787272165,-0.95898998377711697,0.0628671362345114,0.27638005390555503,0.224048275919841,-0.42912112568396299,0.87501853097467386,7.8186704570028915,-7.4743870971126762,-0.53519064473084044,,0.4416111527103548,0.36,False,1
0.99513609709252926,-0.035559716721540929,0.091867593906297354,0.0071547441359742017,0.95620194002000558,0.29262033343280702,-0.098249467682005057,-0.29053976741345094,0.95180548729850312,3.2326655191791516,-4.4445260232043289,-0.95996432923818131,0.4084733725954022,0.3815902731589397,0.9475982532751092,True,3
0.34042885916312188,0.93374180538734186,0.11060936995067085,-0.91754683082215149,0.30418975918632429,0.25607890122849619,0.20546533794565708,-0.1886659250584356,0.96030680702821392,-4.1691739062100757,-4.1947915757519798,-0.40507524209908574,,0.09932618404642454,0.2205882352941176,False,2
0.51578744703020485,0.80693079439552484,0.2877950703925819,-0.84118597011217788,0.41333332622988361,0.3486570307826522,0.16238680110310119,-0.42192209527820224,0.89197100420560416,-0.0010766487650918644,-6.8935199465356707,0.0069608430034167248,,0.4017253889476874,0.1428571428571428,False,3
0.834538310286012,0.54063778712148614,0.10609708667701778,-0.54817890916855994,0.79550994986374779,0.25819334462868226,0.055187790386421895,-0.27363242279408428,0.96024976177456267,-0.24675779117201796,-17.510721310674256,3.0237614954087997,,0.0775901558337268,0.3125,False,1
-0.74270395924544741,0.63123639567026602,0.22345344414966803,-0.62826652318569454,-0.77234624482675174,0.093607980141520719,0.23167219247310772,-0.070865300981703988,0.97020930955720941,-13.399602711625729,-18.491911260745432,4.5045298463569337,,0.2196995524004302,0.2,False,1
0.89375588661285077,0.43331641503112583,0.11591936684373158,-0.44793616664917107,0.84865067012118034,0.28132762166292702,0.023528828116256631,-0.30336269475241395,0.95258462599394877,-2.8442930417983869,-3.2426431618334255,-0.80884762800133037,0.4857452709486552,0.3388586153116278,0.9882697947214076,True,3
0.98139931061855001,-0.16828171141820861,0.092394040498261554,0.13915454448756739,0.95511586272427329,0.26151424726183736,-0.1322550787905451,-0.2437928513607947,0.96076721413643207,-3.6359055178968531,-0.65694298232607418,-1.4601181662860565,0.4194844777678149,0.384354162173303,0.9556412729026037,True,2
0.93148382966891397,0.34703642378698307,0.10910360044689901,-0.36373650679531999,0.88371026327298696,0.29453679602101979,0.005799024889850915,-0.31404122524141853,0.94939163687026296,-5.2522214064552148,16.130265504600469,-6.6040321343538224,0.296413110224194,0.1902919690403632,0.59375,True,5
0.97969411276934071,0.14699370719495333,0.13635356779409999,-0.19115862475365544,0.88994252161158627,0.4140781187287057,-0.060479960213173242,-0.43173505564489123,0.89997056404080078,6.2654423905475332,9.6038509386003597,-5.7251363088126741,,0.490753041225409,0.3571428571428572,False,4
0.9671904854150738,0.23153721595482779,0.10456138173552401,-0.25223972786269344,0.92426175569761804,0.28655771956538117,-0.030293309662511619,-0.30353043435979338,0.95234006048629882,-3.0592576588751403,14.028467300948511,-6.070592161559091,0.3774632227059189,0.3804325997240118,0.8367346938775511,True,5
0.97064136217503061,0.16343941964833456,0.17647351682339452,-0.23536658287855999,0.79660574376602222,0.55679606739187126,-0.049577391007103386,-0.58198526193023048,0.81168666195578842,4.4814994878912842,6.5812950132646755,-4.6688002458060538,,0.2752480053816692,0.2926829268292683,False,2
-0.69340733033476709,-0.71012495289565858,-0.12210170151538249,0.70318864811795612,-0.70388735209161413,0.10034102213700663,-0.15720050698408722,-0.016283330138420371,0.98743245529177881,-11.191038347939525,5.4709141419537932,-2.5028459507878282,,0.3656006264873854,0.4444444444444444,False,3
0.79026087075464679,-0.6118574449652967,0.033439844417207876,0.57278572155086971,0.75698355797848926,0.31447163645975734,-0.21772522440350789,-0.22936076384326737,0.94867769377575017,13.176712078799763,9.7221292623306237,-6.4042754240244948,,0.1018583698715005,0.375,False,2
0.59090273535725923,0.79143176893332701,0.15642797854083865,-0.79659228605217136,0.54173238925196721,0.26826618914341405,0.1275722820579907,-0.2831285459970781,0.95055959270952417,-12.010774352461308,3.7089828581995681,-1.8723709321482107,,0.1646730082935929,0.4,False,5
0.96657006810388724,-0.24165351709311286,0.085708115847781138,0.1780248205813372,0.87306715033549298,0.45393932883376131,-0.18452497582341204,-0.42350599603971567,0.88690089898239399,5.2467329313464246,8.3599501411633277,-5.2839109961686566,,0.4427848815450472,0.9090909090909091,False,5
0.38226608225220871,-0.92059522299269181,-0.079856607507352989,0.90690762403418501,0.35720002551479568,0.22344284110460647,-0.17717562989366442,-0.15783718565428462,0.97144028071545285,-10.0643944787719,5.2618931284708399,-2.6196074769678841,,0.3514902401324372,0.25,False,2
0.99458850944605137,0.02097300653833245,0.1017537708128063,-0.058234310853109789,0.92363030485517361,0.37883482547490632,-0.086037561084362502,-0.38271032511533115,0.91985343676738673,9.0001314176668288,18.411389977503731,-8.6721275882068518,0.301084779606588,0.2566306065576993,0.2352941176470588,True,4
-0.2002238723500665,-0.97171377916555779,-0.12523071636356869,0.95377379551447106,-0.22255426187494728,0.20195333003250068,-0.22411146318531547,-0.07900589788797889,0.9713558154290578,0.5566118526859043,5.3094280471655235,-3.8040380545004271,,0.1095249865478932,0.2903225806451613,False,5
0.85396017354238651,0.50540642383061696,0.12375931784800791,-0.51836515786942694,0.80561522297852228,0.28684782657756058,0.04527234377035716,-0.30910913809852525,0.94994839630030736,3.3824884506157167,1.9084942851558311,-2.9952522217066391,0.5447047516076935,0.538867725777201,0.9838809671419715,True,5
0.3435391081318494,0.92985534171260176,0.13171911278366208,-0.91825321593444831,0.30316461367355474,0.25475919697276633,0.1969566262150573,-0.20847124623004029,0.95799155887997101,-7.9620027811763974,1.6870483755644714,-1.7218825383281735,0.2720142927216216,0.3073308896967901,0.7434944237918215,True,1
0.93814403730617357,0.32556222229165743,0.11787707446060459,-0.34619504494786019,0.88777262799037115,0.30332944440759452,-0.0058954321658774012,-0.32537516870159044,0.9455666256123838,12.522128221045442,11.721199179575562,-6.8993657972850748,,0.1314797329562406,0.1153846153846154,False,1
0.85458022648626153,0.47711530280422804,0.20506980355166957,-0.5186913226297829,0.76476549265360383,0.38222120960885692,0.02553327881915779,-0.43300661551103492,0.90102903537922829,-5.9264676252702699,0.59883900864546347,-1.6935225631727862,,0.2637741310330022,0.3108108108108108,False,4
0.95381595954932352,-0.28848968847019618,0.083718665513573556,0.25348634760790656,0.92253245731077449,0.29099576764026858,-0.16118246457170238,-0.25633486858895088,0.95305437843812391,-8.60319102339332,-2.0311568941987455,-0.5371791693817245,0.3202733922918734,0.2628382167579269,0.6142857142857143,True,5
0.9905613585719012,-0.10219725784562705,0.091345034856992274,0.071059195162353289,0.95274170825329629,0.29535373391489539,-0.11721256625067698,-0.28607509126700748,0.95101117578580807,7.3445026793119448,8.6364463609721991,-5.6093605265043891,0.2745612304403772,0.2798326256198932,0.8951048951048951,True,5
0.60786792256772604,-0.77665121475040622,-0.16525579971642482,0.75260262857395033,0.49717938968118097,0.43174290722585063,-0.25315187571254133,-0.38681461335239981,0.88672914845529682,9.3555366762740242,2.2653920882839351,-3.7792936048067052,0.3629001570136527,0.1654234058726292,0.1627906976744186,True,3
-0.84346185282826602,0.47208136142344337,0.25634213664572802,-0.49330344711276064,-0.86958613035347032,-0.021717987097000346,0.21265890973617046,-0.14477275328412428,0.96634209160956963,-3.6286830513898494,7.4228797441432262,-3.9379113395390353,,0.5420650269227828,0.1941747572815534,False,4
0.90024818450679367,-0.43315078980171728,-0.0439727141119374,0.39724783873038311,0.77587256715077835,0.490118265489974,-0.178177891210614,-0.45869614434504413,0.87054608507920417,8.5436065882444154,7.562478509662677,-5.3762684200867712,,0.2720397474117763,0.2444444444444444,False,5
0.96898589231097709,-0.24281464960189827,0.045906278884358824,0.20645226681151452,0.89753776914428973,0.38961957662299385,-0.13580796011533519,-0.3680584177792991,0.91983107094243788,7.2295132292121442,-2.3106942596629039,-2.0245005128835798,0.3290580107308811,0.2662604447865029,0.1910828025477707,True,3
0.77428127418957071,-0.62869811311179469,0.072299315412001686,0.59129537832922741,0.75942497009832055,0.27137334128034984,-0.22551781305668747,-0.16736904540814684,0.95975482214641417,11.898902707525268,2.1717652875333888,-3.9152182696854183,0.2968743898575176,0.277388953211165,0.7669902912621359,True,5
0.32289570584627797,0.93353517228414007,0.15572554464331367,-0.92432992403144076,0.27570285873837425,0.26382214695419542,0.20335327557250449,-0.22912881920856404,0.95191776405424022,8.5030760974178854,1.0634850352279741,-3.1981318997313006,0.5522982527267384,0.4634939440435206,0.8904109589041096,True,5
0.98828624852049307,-0.11697351477024764,0.098017793423367305,0.07382862731353898,0.92856660474733965,0.36374908156172431,-0.13356505820868658,-0.35225169607866197,0.92632560033468669,-11.344069616904596,-15.342716041393128,3.5419247259853681,,0.1878842027862889,0.3684210526315789,False,3
-0.69803039788037591,-0.71435645789983515,0.049481458060235635,0.70774489232483695,-0.67776241638849155,0.19933708716478221,-0.10886106293377341,0.17416359547286542,0.9786809035578935,11.328172932693391,16.693508494859945,-8.4285367939161624,,0.1997742025708689,0.5217391304347826,False,1
0.57542974099009658,-0.81538008739289192,0.063528940391223199,0.77785134998667915,0.56962813562132919,0.26546386652889442,-0.2526418225630358,-0.10333973191241502,0.96202547227206991,16.089532642780139,-1.1037764776035441,-3.3187158496152831,0.3956744693065886,0.3335260396926761,0.925,True,5
0.37412153987981805,0.91435416378626544,0.15488555957439173,-0.90760414582790816,0.32669459183340172,0.26367661660223041,0.19049353761728027,-0.23922187783212034,0.9520951135745459,10.981590498336981,-1.9888104777207092,-2.530577325176993,0.3804401891487779,0.3337411504121012,0.5949367088607594,True,5
-0.50856649001525789,-0.86089186762565295,0.015010579255159154,0.84467911187216893,-0.49545665112755005,0.20258308127856339,-0.16696503586201619,0.11570608933624946,0.97915002818266172,0.81455056272283466,-15.473803820090669,2.2865448415503691,,0.233917413556008,0.775,False,5
0.98817334894436737,0.11588594674207023,0.10041852311087626,-0.13952663643279306,0.95116657461847676,0.27534426642715282,-0.063606211660707096,-0.28609892463315878,0.95608663580343256,2.5528478276960325,9.6198935278327777,-5.383990836082317,0.4123514956770551,0.4099775611808411,0.9806763285024155,True,5
0.86906155692514386,0.40748398268704489,0.28051526541054783,-0.49086179471041919,0.63974621484793748,0.59142157475138157,0.061536239473274218,-0.65167598117564685,0.75599716057022781,1.2422693076993951,13.695061350090642,-6.4854717913223396,,0.4781324460866739,0.2777777777777778,False,2
0.083552866729871542,0.96351497080509163,0.25427901898443006,-0.97331581692458802,0.024181135874291292,0.22819200948379259,0.21371766184768759,-0.26655988764683441,0.93982476415130967,7.0240541897721238,5.5042508744281564,-4.5077743712138556,,0.3460898039722497,0.3389830508474576,False,3
0.94256640674211056,0.30732089672497681,0.13085272376768867,-0.33391738349234951,0.87661803285595785,0.34646789962906377,-0.0082310317026521584,-0.37026300234820653,0.92889049904130383,-9.0427976304995479,6.3271957743463076,-3.0899862846450032,0.2811060526830491,0.2903552823686758,0.1818181818181818,True,5
0.29145890734363583,-0.95572750168149434,0.040455504689767753,0.9204444761822933,0.29171168633648425,0.26016582850218595,-0.26044898079193596,-0.038590602280535236,0.96471606901723561,-12.350009949566536,-17.838295447588553,4.2161526584485873,,0.2706266926301899,0.7,False,1
0.46021606588742758,-0.88636128202975328,0.05064435227812606,0.84878584453352812,0.4559981069308075,0.26763467001684421,-0.26031473799730243,-0.080183565610989188,0.96218856415325571,-1.470732449767316,-14.986099789256855,2.4714331915206071,,0.0904362828770017,0.2,False,5
-0.25435858680780266,0.95996969305279589,0.11730259049680199,-0.93160170002494502,-0.27577551681521334,0.23678288966041544,0.25965358042548176,-0.049051531529859541,0.96445526875371723,12.475355778704492,-4.504468151998501,-1.9026495808150026,0.3897700252233236,0.3452648556391864,0.9428571428571428,True,5
0.82513518906221373,-0.56324796216860551,0.043630870770343902,0.52628220452402275,0.79445976492224268,0.30308533966694928,-0.20537517126614896,-0.22712422819375414,0.95196408755519357,3.3609681492202355,-7.0706681399484435,-0.20673135153686259,0.4566918534481864,0.4004843614365729,0.9144736842105263,True,5
0.88462098963021052,0.44261684030853848,0.1467516179841088,-0.46506484638265067,0.81443895073556072,0.34699262842867651,0.034064547035732085,-0.37520598102914859,0.92631532343754619,-12.763759819662784,17.269224351134003,-6.0379682090993212,0.696711607498952,0.6353107908716766,0.9108910891089109,True,4
0.99458226695804641,-0.042753483023663663,0.094753648699875806,0.011675786410925832,0.95168562825309633,0.30685198547214415,-0.10329467684387524,-0.30408321996758692,0.94702883011546413,14.572108892015954,1.3505308180800877,-3.8927939073586164,,0.1538578335884843,0.1578947368421053,False,4
-0.58018511324215616,-0.78136717290859781,-0.22989253026797751,0.79974163682815491,-0.59998014100448926,0.020908006209538504,-0.15426778242916245,-0.17172411450072955,0.97299140787744365,8.7750138676029845,-2.689382298330814,-1.9998698110183986,,0.4535129063689778,0.1484375,False,5
-0.9172915930908504,0.3531239583029116,0.18406412827418078,-0.35508495337712187,-0.93454302854043991,0.023323886717925069,0.18025207108385127,-0.043963597202082122,0.98263746773214178,-2.7383569402883188,10.676858549088376,-5.147096255615363,,0.3300325452067143,0.1645569620253164,False,1
0.99064900034886549,-0.091720396247546715,0.10100458910359703,0.052530715420648119,0.939655662213702,0.33806472813223776,-0.12591696488237136,-0.32959764165103178,0.9356870804777041,10.609891726804396,8.7025735311553056,-5.893329691429634,0.5302915208683772,0.3877338005590285,0.7851851851851852,True,5
0.87981118140667314,-0.47208655446018932,0.055376621147387624,0.43297203391989564,0.84403492365810984,0.31644946751214176,-0.19613134098114798,-0.25443925157757413,0.9469916390029961,14.157722479291616,13.165047260778559,-7.4678399263937214,,0.205973853290161,0.8064516129032258,True,1
-0.43037772469780622,-0.90039044492603282,0.063812700693827176,0.88454622262322669,-0.40660399866907143,0.22858514455078455,-0.17986938073757974,0.15482323776559728,0.9714302707455934,11.216582169031023,7.8055538518938103,-5.719013297674997,,0.06372048993956364,0.45,False,1
0.94488357561616176,-0.32496378087135319,-0.039919539734495801,0.30004746105338781,0.81067331950747468,0.50277260282770864,-0.13102118014364908,-0.48703933122544457,0.86349646217760412,0.32567101879919297,11.33575694960421,-5.7388194540555491,,0.291622804803949,0.2,False,3
-0.35308368386524452,0.90631089915257546,0.23223364585132386,-0.91336646250694598,-0.38769057506096039,0.12432909223689192,0.2027156070846442,-0.16821584968769104,0.96468119633283644,9.2416390637506449,15.278755784257601,-7.7767501799828613,,0.2375167921681624,0.1111111111111111,False,2
-0.97461379811592896,-0.22351461781818233,0.013006157912133567,0.21939373638980247,-0.96500374960384616,-0.14364592470181534,0.044657955114014311,-0.13714583067709224,0.98954367673838706,12.136059780346763,-2.6503469522168146,-2.3973815220120001,,0.2103186239835476,0.2941176470588235,False,2
0.81953983109870421,-0.56916293504001025,0.066392910911862238,0.53038871492362571,0.79731161075113433,0.28806597585119093,-0.21689231504222178,-0.20086749049578689,0.9553062205060493,10.375868779204961,11.87217288687561,-6.8787618472372491,0.1809546671777383,0.2327308124793944,0.9032258064516129,True,5
0.97149504406888676,-0.21885150498900741,0.091112008613787251,0.18786911755249699,0.94517159574424681,0.26712515656208952,-0.14457722510699439,-0.24239363308948766,0.95934496017753745,6.3774162921220272,11.249562547693712,-6.3118068080747944,0.4030717412876558,0.3738012144787394,0.919047619047619,True,5
0.96853627024512423,-0.2348689780447473,0.082304655833566082,0.20330537749113303,0.93742792724048274,0.28265845947503887,-0.14354238643290607,-0.25703199096966556,0.95568307451545786,-9.3893109145703058,13.585224672344339,-5.2568398164652645,0.3582849995612437,0.3602402882874832,0.9897959183673469,True,5
-0.49804505116366082,-0.85933278870416319,-0.11618212112589661,0.8512460952451395,-0.51004537642565173,0.12342527827280014,-0.16532154227834128,-0.037428227913451503,0.98552925649823786,-12.900060572434379,-1.0237181439553023,-0.326764957707396,,0.2731469345539312,0.6060606060606061,False,3
-0.40717819490860835,-0.91028188763793594,-0.074785042817959835,0.90390912524608902,-0.41335843206359169,0.10992315469808839,-0.13097408479473319,-0.022840570926445994,0.99112264500007097,-9.0606766002796864,22.443634691863782,-8.2276526416792031,,0.3670777745802649,0.7037037037037037,False,4
0.91210373439882664,-0.40769323949207625,0.043046488453421301,0.36206472465406669,0.85034245674349207,0.38187280790940953,-0.19229121887618528,-0.33272199917032586,0.9232118708136352,11.966305227778252,4.8222072550668935,-4.7840217398324789,,0.2973501081789589,0.2857142857142857,False,5
0.59111037602249639,-0.80609871409180345,0.028167117319383719,0.77891164793018364,0.57954736109650584,0.23962783845947944,-0.20948787095492938,-0.11970680592855694,0.97045613632824956,18.853142495575518,-1.2209768202642959,-3.5843952945030577,,0.2283820264757207,0.1666666666666667,False,4
0.88461609497163662,-0.46132185045948915,0.068091958451534582,0.42116849293750319,0.85308176670432057,0.30800746723640943,-0.20017858295503319,-0.2437901753665809,0.94894408967064381,-14.680265380163791,7.992668513330992,-2.8879191115024123,0.2021144405464423,0.3508043055966563,0.8292682926829268,True,4
0.41769610312783523,-0.90542617370463263,0.075719280255492349,0.87038700468596852,0.42265346987584979,0.25256782549583073,-0.26068453637607519,-0.039591518946524226,0.96461188263565267,7.8229192233075775,-4.2190531552782451,-1.5343198763341519,0.3211184810384732,0.3282202353583253,0.902834008097166,True,5
0.73567002679439286,0.66741890922071678,0.11550589288415671,-0.67037168002212633,0.69303869114943739,0.26513993134604769,0.096909350945351802,-0.27248737986281829,0.95726652794028455,2.4828439121134753,13.323477692835876,-6.5181879027668028,0.5122988314598002,0.5087948483724354,0.9621621621621622,True,5
-0.89015676829708701,-0.45279168026291111,0.050996295351485685,0.45395872246021612,-0.87162597514357421,0.18490440167097849,-0.0392734790561622,0.18774411772330907,0.9814324939103668,-6.1726522917640949,-4.964994458987209,0.047119602964312841,0.3377425173580968,0.3708037758768978,0.5748792270531401,True,5
-0.91601673145774165,-0.3978323619274276,0.05140777657826226,0.40047034385405483,-0.89954453313929561,0.17447961655340211,-0.023170053579809682,0.18041353802431667,0.98331790582428513,-21.500851594585555,25.947041296724798,-7.9443898973406952,,0.128696445226796,0.3076923076923077,False,2
0.6212637464031715,0.73023952011266124,0.28422104192112035,-0.77254689705406299,0.5100786327571224,0.37814161402411811,0.13115887029566936,-0.45449975981319957,0.88103763771618104,-1.4729034544009787,4.8419366454400325,-3.4614351252819318,,0.3594883981510348,0.8,False,3
0.35897399990633044,0.85500875606168991,0.37429626560933194,-0.91290408770336096,0.23816733039910556,0.33148521744575249,0.19427762106260252,-0.46069116530318366,0.86603686767126198,0.23182961830300355,8.0154761746639256,-4.6221032479962476,,0.1602001855434837,0.2826086956521739,False,5
-0.014335255377766868,0.97826751071927276,0.20685061741355845,-0.96914730108213809,-0.064503008184657873,0.23789256133880349,0.24606505086757172,-0.19705846697426138,0.94900998484488663,6.3229167960940718,6.0556270991324253,-4.6976392165558707,0.6211971563882837,0.6755739476454126,0.5277777777777778,True,4
-0.070219948003417049,-0.9968677836484704,0.036383798952057421,0.97100693721994769,-0.059952212196594412,0.23141145201452504,-0.22850533204530202,0.051578621312718828,0.97217537463687342,-7.3241710576990515,-6.3628982267776397,0.64368812795713126,,0.228845436101254,0.8170731707317073,False,5
-0.082205938370596851,-0.99535959259583495,-0.050014649094682437,0.96517707494794402,-0.092017845666899245,0.24487941945732111,-0.24834531944762225,-0.028142450253617307,0.96826267345291284,6.1980949276680546,0.36660852093929985,-2.7479086736312248,,0.1692711374322605,0.1463414634146341,False,5
-0.97194897765234733,-0.22194047167608033,0.077830661520742916,0.21782539271617171,-0.97426349593407813,-0.057989126380340594,0.088697706444997554,-0.039408977689209493,0.99527867923958335,-7.1708644278427167,0.052922275357507154,-1.3524943119238269,,0.2329984084637862,0.1,False,2
0.94967777872771242,-0.30847394306787834,0.054368585037259089,0.26830512453796401,0.89069371294301114,0.36698374605758849,-0.16163068006249948,-0.33392893880577085,0.92863716654600148,-2.283820667525041,-19.548641953326594,3.7064272765055275,,0.1348363300974345,0.3636363636363636,False,1
0.13370815231495348,0.96019694643921538,0.24524264321958494,-0.95999339382648841,0.064055982114246984,0.27259771636035579,0.24603823648779252,-0.27187985435516682,0.93034753236722845,12.305233501474708,0.22212047079257691,-3.3921383640100164,,0.1800980570466441,0.3333333333333333,False,4
-0.96302414892367738,0.21972988607192318,0.15589504724860953,-0.22767141751570993,-0.97311469470058831,-0.034835565219584586,0.14404934653171414,-0.069040336938635177,0.98715916530171877,-9.7069391776820098,9.6026300133900868,-3.9435937055511365,,0.4267707753019543,0.1724137931034483,False,4
-0.5733468580341623,-0.81926837445839584,-0.008527074214128183,0.81076862707164121,-0.56883616717092722,0.13812910002840345,-0.11801531145881802,0.072282401250845077,0.99037752434649451,-2.9021862200815161,-17.871280392617084,3.3674872212584459,,0.3273661266061674,0.12,False,3
0.41318001642555474,-0.90721559712955868,-0.079007179113276205,0.88009094922570508,0.37552264412022629,0.29055578611335886,-0.23392775619318137,-0.18958534774030594,0.95359068829588056,-0.69156989916534495,-6.0414798953233335,-0.21618101292033928,,0.3608624748749022,0.3265306122448979,False,2
-0.89055761965658964,0.41385112711479033,0.18877068272750488,-0.41044196261936744,-0.9099955672445651,0.058698065695606538,0.19607274515534434,-0.025205399839349392,0.98026535510859891,5.0720264972450284,-1.7893969338370634,-1.9833896821496391,,0.3521183476382246,0.2401960784313726,False,3
0.76785021333411807,-0.63791803881208642,0.058878057380412699,0.5876729432053297,0.73798519363992454,0.33169016535409851,-0.25504227435296967,-0.22008732295701403,0.94154925976630655,8.8189082559121967,-8.0010479082018957,-0.51850128116401129,,0.2202756374564224,0.4339622641509434,False,2
0.60848261470750442,-0.78211496083215093,-0.13433203505211677,0.76147021903671219,0.52778990730592967,0.37629897590371053,-0.22340996647173528,-0.33126122892442833,0.91670823335049045,-10.847641348781048,11.034293716521786,-4.2239349910680541,,0.5146514302991144,0.2352941176470588,False,3
0.62688347506890463,-0.76306568480336523,-0.15731455546485762,0.73860525735645877,0.51779106904794647,0.43168817753047717,-0.24795036295785913,-0.38681154260150574,0.88819899122849155,-1.3383123113496536,7.6160143387576014,-4.3342758897033535,,0.4795843572364951,0.2857142857142857,False,1
-0.95528140492086089,0.22997970580915506,0.18586762044089758,-0.25018233167197451,-0.96367906127284142,-0.093442323298760677,0.15762689596512799,-0.1357645085441346,0.97812154658210504,0.68139758636331149,12.392016907665944,-6.1109008934205091,,0.3083732455970347,0.2777777777777778,False,1
0.25900490788480451,-0.92985746320225593,-0.2613073971755302,0.93030416376494618,0.16741847319155551,0.32635137155497601,-0.25971257299790013,-0.32762196654265202,0.9084124759521619,6.802589662910604,2.2929946355638782,-3.469161941576794,,0.4174011097464195,0.2916666666666667,False,1
0.24542667958829845,0.88785976137758904,0.38919248332000667,-0.95325602796638664,0.14803526202152029,0.26341698188227713,0.17626312743171996,-0.43564963597454187,0.88268947234190975,3.667262912756204,-1.903630627393758,-1.7759834275601876,0.6420740905594026,0.2866376439192387,0.172,True,3
0.86647125217700904,-0.49172164720031031,0.086240308588389172,0.45703574543460412,0.85082219469807674,0.2592680474030396,-0.20086287996004332,-0.18523340596059501,0.96194734199455834,2.2850974640118173,17.726569737397053,-7.8967661971664738,,0.1926389540966312,0.75,False,1
-0.26355195329845987,0.82810427197594894,0.49475618505254837,-0.92565785328488581,-0.36144232175335161,0.11187933990493912,0.27147358354835321,-0.42848892958947232,0.86180005259612569,-6.5481848228401924,10.589482654269032,-4.7223595970296088,,0.3961237846076622,0.1944444444444444,False,2
0.97160752604936285,-0.22310165489385272,0.078768438526236662,0.18802981181788353,0.93018363433745599,0.31528272435782784,-0.14360920998309512,-0.2915202531461355,0.94572318191616989,-5.0211920263377348,-14.197126073357786,2.5965716054092849,,0.082119944150554,0.3125,False,1
0.8354371340870288,-0.54408830001128872,0.07754170993264807,0.50773918992046185,0.81810475926905335,0.27001021810338766,-0.21034664249130927,-0.18620559780025753,0.9597300481596287,-7.5656495854492123,-14.613853903835404,2.9069178616876239,,0.361893895850138,0.9137931034482759,False,2
0.95510615414204658,0.27275105346077083,0.11566804725605301,-0.29556656730623349,0.90400512865771232,0.30889339852344266,-0.020313508086947873,-0.32921359357807872,0.94403695435751289,10.968080301199224,14.258831548784393,-7.6941308791420386,,0.1069215752855841,0.5333333333333333,False,1
0.99530822275504371,-0.023746585648224992,0.09379574290045363,-0.0097861174937883561,0.93973595986256142,0.34176096565522007,-0.096258888527731554,-0.34107539549378568,0.93509454119258117,13.924537709058749,0.79203153590695763,-3.7029868184030161,,0.06884267998724344,0.2,False,2
-0.04914535141681408,-0.95728520808124506,-0.2849381771945701,0.96975222746744183,-0.11402513618966727,0.21582142071365801,-0.23909276809651059,-0.26571281246069833,0.93393326824681278,-12.967039011975707,4.6978348947223214,-2.1343275001216551,,0.3784913976345486,0.16,False,1
-0.95244387201662473,0.25325841162325596,0.1694427561155849,-0.25951604098648062,-0.96561458398363342,-0.01548869487139537,0.1596937541943439,-0.05872522575675012,0.98541831357608545,5.0524293730136556,-3.8255452785833501,-1.3085265104778632,,0.1738103874116557,0.1176470588235294,False,1
0.46274276950905485,-0.88559796503160604,-0.03981675023112935,0.84776984057547977,0.42895343283103649,0.311905834945573,-0.25914364101346449,-0.17808760988442696,0.94927834512746434,5.3898571566175741,-4.6700052448806959,-1.1559172307310004,,0.5008909459491027,0.3793103448275862,False,1
0.99082780792159797,-0.12795724710558104,0.043441891791714919,0.069725826374951991,0.7594956514595832,0.64676476755487711,-0.11575216708818828,-0.63780349507285183,0.76145133625678518,-10.505506197119406,4.3382926723555277,-2.2245027705878049,,0.7462901059089775,0.225,False,1
-0.095019281395561761,-0.99512966374150535,0.026235253091804508,0.96758225282281018,-0.086129788813766456,0.23741576085262875,-0.23399982945593706,0.04794384027814215,0.97105379253364632,-8.1955178609328456,3.3083916337648627,-2.2171022007639931,,0.0804684649307581,0.2,False,1
