axis_00,axis_01,axis_02,axis_10,axis_11,axis_12,axis_20,axis_21,axis_22,location_x,location_y,location_z,dbh,dbh_approximation,score,reconstructed,number_clusters
0.99416650538490614,0.10775340874376804,0.0047077037780790384,-0.1057027792124786,0.9647103228914774,0.24116574253691181,0.021444860398746126,-0.24025652084952964,0.97047252519159866,-0.98210978105264757,10.985095205161876,-4.902426601406134,0.3733814147178419,0.3892802659199909,0.8674242424242424,True,5
0.6551192609996136,-0.75438590723846111,-0.041480800707361896,0.74126108071516772,0.6311627508452442,0.22839788125647287,-0.14611900658128471,-0.18037595434388762,0.97268378778009346,-8.2532277191342569,-6.0298496150267669,-0.4714234143107901,0.2494956792882365,0.2282386752241457,0.4848484848484849,True,5
0.94596521275934653,-0.32381715740226558,-0.017095754475347388,0.31682691048412376,0.91174252234681619,0.26143121798620605,-0.069068987557730124,-0.25272123281707587,0.9650706986750599,-11.158673393871284,-5.2624896047972189,-0.66859360679424185,0.3171673445879541,0.2696555192664466,0.3125,True,5
-0.040196391799648949,-0.97216815598939699,-0.2308101526503222,0.99792193703157472,-0.050701802172487133,0.03976348636138527,-0.050359285910735671,-0.22873216594226076,0.97218595885042647,-7.698522579246573,0.13338843597407563,-1.9910810683503759,,0.1340967277427126,0.3714285714285714,False,2
-0.81980647970160259,0.57225694603821387,0.020960046523894504,-0.56280906991455604,-0.81194482697228909,0.15489205523477684,0.1056564558424103,0.11518500624628963,0.9877090298639899,-10.920631686288782,-9.097554020088225,0.22892837483846132,0.6658363349788833,0.3645208294364515,0.7843137254901961,True,5
0.91724462914029847,0.3966903277106939,0.03604267212704676,-0.39108337807342536,0.87970122045901222,0.27051719745258723,0.075604773050078247,-0.26222613642370968,0.96204021312434729,4.6157195799032777,11.314663209390039,-4.8903591006154281,0.5557806976811214,0.5169478772333833,0.7410714285714286,True,5
0.84707972655483232,-0.50129695109109862,-0.17651431581194582,0.52725598327774059,0.75094496841216296,0.39759625565927859,-0.06676125341553707,-0.42986395666911204,0.90042207536197261,10.994391251461547,-9.2971770108301612,0.42806901676403297,,0.4900766610210268,0.2,False,4
-0.328761856788306,-0.94082469055262474,-0.082246842903926295,0.93222600162167879,-0.33723191537537617,0.13126049349561686,-0.15122937354086727,-0.033519201941765199,0.98793023016791215,8.0437992512826479,6.860061256358061,-3.7492164721421744,0.5370410688826563,0.5647406244829014,0.7954545454545454,True,5
0.35089010045501784,-0.90219712944394559,-0.25083157103078624,0.91602702681228187,0.27511327763180993,0.29190267319799323,-0.19434665819642782,-0.33219425656351687,0.92297147970784754,11.740804383284999,6.6436632191404144,-3.7073148925642561,0.4431786509615684,0.496991265168485,0.6666666666666666,True,4
-0.00047888416812173437,-0.98492320500431096,-0.17299147642005469,0.97903848608959054,-0.035695785326516162,0.20052295047033111,-0.20367477365976644,-0.16926928591436816,0.96429481768838921,13.27341776254093,-3.7228019842078588,-1.0215233286245351,,0.2809791750341151,0.3,False,5
0.75787786920678657,0.65065147808816037,0.047684268142378486,-0.6396878709588516,0.72677048597268323,0.25020809033115343,0.12814274507249268,-0.2201302223247027,0.96701712606580259,13.387361476562642,8.283990731718438,-4.1378027182725532,0.5456960989572184,0.4465664611671688,0.8861788617886179,True,5
-0.082269604922170184,-0.99546167002919494,-0.047830697346330671,0.97849630017272127,-0.089789937788874452,0.18569533548305958,-0.18914730411572361,-0.031525078501984584,0.98144254379520235,3.7122961711205815,15.707552263124503,-6.1543659926214893,0.117432931467966,0.1564441014293443,0.8372093023255814,True,4
-0.83325551805631937,-0.5495330534391677,-0.060816649089856158,0.5402384627329978,-0.83264558222485363,0.12183487918211632,-0.11759100736272841,0.068664092357347398,0.99068541798502274,-14.207045099641242,-7.285220291475988,-0.20322284171968188,,0.1893925121185805,0.4,False,2
0.67279005200758268,0.73750555450989796,0.058643865720820691,-0.72555702926053478,0.64223447949434831,0.24718792575538667,0.14463935567563027,-0.20885504642136546,0.96719130805341047,12.831785311834897,13.884695050205799,-5.6050342670401401,,0.1432418110482226,0.1578947368421053,False,4
-0.7805695990795648,0.62221052678274902,0.059708972135702337,-0.61163933229079548,-0.78000103545063704,0.13227135703093262,0.12887369082802663,0.06672664427849434,0.9894135266690538,3.2119425798021171,-11.664380846099828,0.84137947011719461,,0.1194789175222558,0.2222222222222222,False,2
-0.8311783601635524,-0.52516956360351053,-0.1825909720121095,0.54541474077475216,-0.83391849557468378,-0.084277537244908024,-0.10800599122937057,-0.16963747287363995,0.97957022905742031,13.294160048837947,5.6236663287560367,-3.4572521714089541,,0.4435627459640789,0.1111111111111111,False,1
0.47024106288797346,-0.88160749838398789,-0.040516188951025219,0.86663150381465037,0.45260184977420098,0.21000333848995933,-0.16680281583338386,-0.13386479886100691,0.97686080700167088,15.766562532605324,1.8990152505947449,-2.3887370605621752,0.2275077744912518,0.2431960243055512,0.75,True,5
0.19233308503619537,0.97416618186422765,0.1183563877132682,-0.96501643784605995,0.16585524706803556,0.2030647968184135,0.17818882986136464,-0.15327193850171877,0.97198583003074901,9.1735202285003865,4.549158461220304,-3.2561696410975665,0.3899767064929182,0.149062591381348,0.2264150943396226,True,5
0.20572743188230119,0.97285699347956034,0.10595043184916332,-0.95321705722375105,0.17470847788454158,0.24668641951465292,0.22148016974168552,-0.15174392242583454,0.96328620690738476,12.699183708278809,-5.3491421394170402,-0.49394996284135378,0.3756243404232332,0.3289631850902454,0.9444444444444444,True,6
0.65593637556002038,-0.75283347103223885,-0.054673907037416418,0.74034922613309206,0.62756123428767474,0.2409355112544915,-0.14707309264891513,-0.19851615076079546,0.96899991914643724,14.069485914490881,7.3520647191085171,-3.8982746953102057,,0.1133578097876011,0.1,False,1
0.60569870306187301,-0.76374505287747496,-0.22320971151441718,0.78585543684334247,0.53021232911397931,0.31828622093846665,-0.1247409856179023,-0.3681961165747325,0.92134212225772116,12.767654644815295,0.17537319900556209,-2.0947509372710353,,0.407660067662219,0.1847826086956522,False,3
0.62176296239544837,-0.76494633843758741,-0.16813065724062479,0.77629520540588948,0.57345612133184964,0.26175146794403925,-0.10381027240627298,-0.29326639121788106,0.95037795172498418,-14.533025967073323,2.6073150015832001,-2.7114320303882176,0.4175869800312104,0.343260418270862,0.3857142857142857,True,5
0.37441200648566214,0.90668557263572247,0.19425993352622303,-0.90920091459813424,0.31782456985082469,0.26896326829709444,0.1821245351217049,-0.2773243861858713,0.94335668680162155,3.2683054708555948,5.6152234597604371,-3.4442485306616031,,0.09134014563857003,0.2063492063492063,False,5
0.7588123779378525,-0.65076379108802984,-0.026650765411823596,0.63872438955771671,0.73552204214917205,0.22591697522947032,-0.1274163618709277,-0.18845109105931429,0.97378193503788602,10.222935519490035,7.5525323570743259,-3.9661188805885872,0.2851606953705304,0.3049614506230548,0.8731343283582089,True,5
0.74069047646277253,-0.6707523590205412,-0.038326113104904226,0.6591489580505453,0.7144702391903166,0.23463786653524657,-0.13000103529676749,-0.19905665067942516,0.97132702044268171,-11.3550700332625,-2.7353343924290843,-1.2845838062049084,0.3248002617992535,0.3412279677038989,0.759493670886076,True,5
0.76581068524117668,-0.64282747020006648,-0.017516789849243604,0.63027238465642987,0.74489001985433845,0.21885058707004032,-0.127635087299446,-0.17863846695934965,0.97560113909962032,-6.5060563935611118,-2.5980393842897245,-1.2542898654034134,0.3415354863233221,0.2902533890978969,0.8270042194092827,True,5
0.45677283749993569,0.85774985834637252,0.23584688980148935,-0.87324657379389325,0.38176296795155629,0.30281588078904714,0.16970267021907695,-0.3442705575671518,0.92340607909679617,2.1130590183687392,16.374045326168751,-6.2800679985281906,,0.4604593769595735,0.2941176470588235,False,2
0.91001241041153247,-0.41442392578893084,-0.011411513076027675,0.40635292581980809,0.88615699833931627,0.22271747567700212,-0.08218705843790132,-0.20731276860807532,0.97481624083587193,-3.5138777738011799,12.688774810474984,-5.4792831351954323,0.213521630097539,0.2293621017990039,0.7252747252747253,True,5
0.94252767315102048,0.33390692513523251,0.012155274215557002,-0.32767946614009674,0.91661238761635389,0.22901506137891062,0.065328040033835438,-0.21983606668374314,0.97334698385023866,7.3811612366392847,0.012053538916115214,-2.0750799520242302,0.5755986327537086,0.4993306906521713,0.9360730593607306,True,5
-0.93530936639206019,0.33373756874183014,0.11753988408015292,-0.34701810595365368,-0.93008258532310362,-0.12051895543453328,0.069100096089820387,-0.15351097579321293,0.98572793256120816,17.379479163216949,-4.4010383850448482,-0.63249801949861706,,0.3433701006685942,0.1333333333333333,False,1
0.58938040399279235,0.79872978443822429,0.12108456070267674,-0.79695989809055101,0.55032955356718538,0.24898253614669669,0.13223335518995064,-0.2432449668992345,0.9609090622183758,-11.04980009012362,12.481539062198683,-5.3565741768293558,0.5986945116984196,0.517149007060014,0.4814814814814815,True,5
-0.71669491141700059,-0.68414976058477783,-0.13523131679004413,0.67365755246437709,-0.7293210698039595,0.11948338440014819,-0.18037157746353347,-0.0054664642868483089,0.98358335275233166,-8.1796713073571432,18.317033554963604,-6.9523347565179172,,0.2853808902152597,0.1428571428571428,False,5
0.058660282090580704,-0.97174644675946897,-0.22862155304214077,0.9775250874626461,0.009459926198518466,0.21060677381666748,-0.20249364110065241,-0.23583755639563739,0.95046145229942625,8.6867535452976554,8.3863745402156411,-4.1881131421983016,,0.5515621485951869,0.1538461538461539,False,3
0.79999429216032036,0.5595263864423955,0.21665492236647574,-0.58766448188949771,0.65780905624508357,0.47110264512895861,0.12107679065971712,-0.50419982982610001,0.85505727431960687,4.8708335419875901,15.124894437376955,-5.9433407266169533,,0.4089007853057307,0.1904761904761905,False,2
0.79850610161474223,-0.58508320908150435,-0.14165325317448685,0.59020865317564286,0.71458063448242737,0.37553729846619061,-0.11849789618647277,-0.38347379998323206,0.91591816955763006,11.856403366421519,-3.4078918005998045,-1.0472470891422021,,0.41368184791732,0.1956521739130435,False,4
0.92727007904627157,0.37435928547827158,0.0050324826597336015,-0.36713355891199639,0.90657381797407988,0.208175076520973,0.073369955882052904,-0.19488211293009702,0.97807863264349448,-7.1464158695250974,9.3454290713667447,-4.5840766758695199,0.4125596096206713,0.3466704498285341,0.9617224880382775,True,5
0.20734816259769212,0.94913763979464061,0.23694826480145068,-0.96104147107679028,0.15237828610643317,0.2306082149313487,0.1827731663508573,-0.27553329861982795,0.9437559912465493,11.459145367136914,2.6609911185655628,-2.6102647651846436,,0.336385872035816,0.25,False,5
-0.62953951821729937,0.77059867239046431,0.099285855552452687,-0.75896943934532168,-0.63726010045509218,0.13365984628081745,0.16626901437903738,0.0087892251090584492,0.9860412589640476,-3.7995481434541611,-5.9877867122438655,-0.49011266492740668,0.3828908786931848,0.2093649282772163,0.7033639143730887,True,5
-0.84555978901764683,0.51727655699167452,0.13211209930688739,-0.5290271749512534,-0.84510552456896793,-0.076986365715669747,0.07182542279395103,-0.13498746582497906,0.98824060466600017,2.8865074403816022,22.516196307706018,-7.8288188912673196,,0.3946064157025048,0.7777777777777778,False,4
0.98563304615834957,-0.16695918878410965,-0.025536789171012705,0.16562173824482757,0.92573890767685107,0.33996604923732032,-0.033120056482054294,-0.33931122011189424,0.94009093058320836,12.392153564172698,3.218823507515181,-2.8430488762291377,,0.1245131553405742,0.2222222222222222,False,1
-0.99760292394846994,0.062429712392933052,-0.029848570150007032,-0.057218275698325681,-0.98679024898637824,-0.15156211080449025,-0.038916256957403,-0.14949092118231752,0.98799695820811539,2.9364770133886853,8.9444028218639762,-4.3405978441209507,,0.4217199593744357,0.2105263157894737,False,3
0.88573366279136101,0.4631470919652993,0.031155253205308868,-0.45795814925663114,0.86090081964639775,0.22163959994008797,0.075830153155862584,-0.21058145677207091,0.97463082135550771,8.7796188935331188,10.190343799227731,-4.7011573807779454,0.380346182233925,0.3487324943786467,0.9766081871345029,True,6
0.015401194730473406,-0.99639183400026377,-0.083463263406526308,0.98022948996632608,-0.0014223720735748145,0.1978588483188021,-0.19726365656458986,-0.084860414772009382,0.97667075301940531,12.63310528388419,11.323501672115269,-4.9045293716131724,0.3115725484681756,0.2144692029119296,0.875,True,4
0.99923223247232074,0.036654247099413798,-0.013835163821084469,-0.032144757800197876,0.96890347008692279,0.24534216963148653,0.022397770745048617,-0.24470907589031832,0.96933781936049412,8.2940871747157594,-6.3180381152147875,-0.34663950114768216,,0.3671684443891029,0.4,False,5
0.9991916086132846,-0.040195768761055115,0.00065532473276466718,0.037745382348050839,0.94364033767875144,0.32881331970729599,-0.013835295016624661,-0.32852277436920674,0.94439471161827426,3.1139049253030486,0.67136262694293047,-2.1214728508222769,,0.4529074006087754,1.0,False,3
0.97464438125498731,-0.22324519608168486,-0.015162866303337831,0.21987568634235566,0.94295499032841124,0.24998113682881073,-0.041509187459655414,-0.24697665606529837,0.968131973811031,5.2997968346852238,7.6368973600226253,-3.9865914218494924,0.4460765358478824,0.3878316086290176,0.9488372093023256,True,5
0.92495490926929258,-0.3794876386004532,-0.021155329543323984,0.3734250740847041,0.89699047941697874,0.23656245238864954,-0.070796397249210399,-0.22670953218766679,0.97138594706315429,-11.468148991015056,2.8025586137478147,-2.5989655830834275,0.4330655944080765,0.4235203199193049,0.98,True,5
-0.043146071212518476,-0.99828017846275896,-0.039687552548462096,0.97946996988712498,-0.05009608225939205,0.19526638377246405,-0.19691875133729464,-0.030447788599878151,0.97994690547046392,0.95467263103635269,-7.4112063230473266,-0.12128716946586406,,0.1027767069985122,0.3235294117647059,False,5
-0.86982854822249644,0.48985313101074524,0.058670322447670599,-0.47630573287877503,-0.86480358356103348,0.15889496746847387,0.12857350241770926,0.11026636794129165,0.98555070015554191,8.743088715229133,-9.2388013461542062,0.36816027736919721,0.4201300131650613,0.3456349716806343,0.75,True,6
0.89687962006785937,0.44207431057066937,0.013313566028633721,-0.43295918621048146,0.87144513888439645,0.23049883511790678,0.090295571225221763,-0.21249393837994926,0.97298151882185746,15.548831504003758,-2.3893094736200222,-1.17791247991782,0.3717763108970936,0.2816690554063112,0.8727272727272727,True,5
0.62285517773842847,0.78034285532729419,0.055825224621827228,-0.7687776191176463,0.59727177738156023,0.22857689359879818,0.14502551468012564,-0.18528748496085332,0.97192394147312122,0.13131680814350846,13.136877236964366,-5.4982794465673486,,0.1587031619135915,0.4642857142857143,False,3
-0.51487991857369875,-0.83766340707759979,-0.18225994044959118,0.8408974645128886,-0.53484812511189006,0.08263738403465698,-0.16670370009491942,-0.11071359224342367,0.97977159423368665,3.9997577587343494,3.006947426645759,-2.7576813507092459,,0.09583116662759679,0.2040816326530612,False,4
-0.87916389160839692,-0.47278257928158079,-0.059560762418180119,0.46210380705524617,-0.87639281239762601,0.13563078515892951,-0.11632249652164034,0.09171843383767278,0.98896754532054176,8.2336237047076359,-17.781673202652641,2.2605333282282603,,0.2691192543449827,0.2857142857142857,False,5
0.60878271796737127,-0.79308001348926516,-0.020191446409983833,0.77813576577975019,0.59196588273701511,0.20995505159378361,-0.15455850775231403,-0.14352869357467676,0.97750252265767801,6.5097724466066014,-2.2940524437515322,-1.5054604799353162,,0.09079170300118573,0.2678571428571428,False,1
-0.19170855328487083,-0.98045553367775495,-0.044212861003219188,0.96306545965673462,-0.19660503781437577,0.18398744392531041,-0.18908397873321592,-0.0073079126073020712,0.98193372658226785,-7.8405646321648934,-9.946475191849494,0.44934317323481998,0.3011968805564564,0.2964210996227969,0.9130434782608695,True,5
0.79071112045428249,-0.60315095504303839,-0.10480863237636093,0.60911985245201306,0.75800773250830844,0.23323225078545642,-0.061228501033183308,-0.24826035303342872,0.96675636422676126,18.604225703223065,1.6200250093509161,-2.1812823199827198,0.1918066568730666,0.2629677554392033,0.3636363636363636,True,5
-0.77738602062078066,0.6288930247018456,0.012827253203653674,-0.61716475862949549,-0.76651234728905937,0.17766958704070077,0.12156741195395782,0.13020132462759548,0.98400659520962352,2.1019531297785803,-6.2088594449125782,-0.36226826974303172,0.4156183194820908,0.3550815101366693,0.9748603351955307,True,5
0.43681537042896623,0.8981898688171146,0.049470109271148026,-0.88712082193341124,0.42101659237721062,0.18910757847127863,0.14902677426957295,-0.12649106093861287,0.98070945343329374,-0.92068759281111257,-8.5459439465140985,0.1364277217575465,0.3277966133997977,0.3475767313792154,0.2363636363636364,True,5
0.54738472799590787,0.77093522408923343,0.32562069930415749,-0.81689396533749781,0.40768061360950436,0.40802054688723211,0.18180816525124499,-0.48934180032515157,0.8529304740144501,-7.8140990607571474,5.4877626827306472,-3.3907246925499259,,0.4385243296386329,0.125,False,3
0.85549340288793385,-0.51756820692672811,-0.015943299340987357,0.50742788387237281,0.83180153790628331,0.22499587597453674,-0.10318905118291588,-0.20057256221974878,0.97422926819131028,1.8050319965908481,18.269100372662173,-6.802560448155103,0.3338559273739804,0.2941519565018363,0.9555555555555556,True,5
-0.86219482601735076,0.47805185830219199,0.16759028242333046,-0.49653893243681846,-0.86305501153922337,-0.092656006991111206,0.10034525680576743,-0.16310262974842885,0.98149292488827056,-6.9456847409626414,-0.095433616099947327,-1.969443148569197,,0.5303818024243341,0.5555555555555556,False,2
-0.44076831253604387,-0.88831520357154536,-0.1289162277130898,0.88223168477181613,-0.45520068886011888,0.12024802387547566,-0.16550090346826554,-0.060732462200358939,0.98433785814946217,-1.7816532348624392,-10.161441199848587,0.50513856588097927,,0.23228424984981,0.5609756097560976,False,4
-0.48929124051854239,0.83353159471550897,0.25655245577239361,-0.8549611639290674,-0.5165074609233038,0.047554715682213033,0.17214961552347494,-0.19607428036736965,0.96535971868186921,-6.7209407124928857,4.9939211773104146,-3.2871273709834772,,0.6321003136179852,0.4028776978417266,False,2
0.047000181317254551,0.96130674139774541,0.27144121260301313,-0.95126686275208672,-0.039834307500821953,0.30578519221135181,0.30476603942360209,-0.27258499021255556,0.91258702835667838,1.9078899728807142,11.362491031780019,-5.0373212491425452,,0.4157167144590768,0.2391304347826087,False,2
-0.18334491483008336,-0.97484616580807681,-0.12672645822890319,0.96343164218870836,-0.20381161979077089,0.1739548633060648,-0.19540755623956549,-0.090198540163101637,0.9765654664777611,11.116894673342225,14.451841478959151,-5.7049161065381409,,0.1814754514327994,0.6,False,3
0.67040950483393502,-0.71257485874036042,-0.20685300703512741,0.7200828497456474,0.55757663064792073,0.4130242008133429,-0.17897425884888085,-0.42584665273601569,0.88691760779850681,3.957650406781569,-17.589809467097034,2.1664087340669091,,0.3317695706249719,0.1363636363636364,False,2
-0.15675394599599765,0.96151358311049195,0.22565422643661673,-0.95534346821185767,-0.2055664527508691,0.21227645005597048,0.25049362898010813,-0.18230212011232558,0.95079907385468554,0.82939154290302985,15.704943846033592,-6.2097072383392522,,0.4036404127960715,0.2222222222222222,False,3
0.66519782054477372,-0.7461338337989839,-0.028216335745704091,0.73235558165564885,0.64461835630091069,0.21936835856095854,-0.14548938641804768,-0.1665877449884702,0.97523400353933365,-2.3553885041814677,1.2911901811563973,-2.3290017192414836,,0.3212654062372372,0.8164102564102564,False,1
-0.79427555876774958,-0.59649684434029537,-0.11540299578541134,0.58873914692647311,-0.80257019797879592,0.096266786549486533,-0.15004183956639328,0.0085200943859066562,0.98864293573119055,-15.090924616433606,16.104605871150127,-6.2945457954553268,,0.4045405288377745,0.5384615384615384,False,2
0.62552486455007916,-0.77887732923216979,-0.045483511713232186,0.76602988517299042,0.60205432299274297,0.22523056450580953,-0.14804343569189635,-0.17572904760998595,0.97324325991738925,-8.0870594428110039,-0.96339213573007165,-1.7415991557408148,,0.1933992839349218,0.4642857142857143,False,4
0.48371948975757473,0.86333469449038236,0.1437659922160662,-0.85851032568763175,0.4360903469158478,0.26978737927214491,0.17022184324107273,-0.25392600224477574,0.95212714984270774,-26.154672205472561,16.299387292297236,-6.2627519208918487,,0.3594433166062436,0.4285714285714285,False,1
0.23776549248742546,-0.92542606164655605,-0.29504944502160496,0.95273622193686547,0.1630569708224518,0.25633204184353242,-0.18910648320901197,-0.34205120770368741,0.92045625062616021,5.2019002235206608,-2.9755031931576656,-1.2436909943471761,,0.698944045342275,0.2280701754385965,False,1
0.64114568050519638,-0.74541777377780649,-0.18244056266540465,0.75281896822297922,0.56476416897628967,0.33809027570193706,-0.14898260788836856,-0.35410983603489737,0.9232607467937326,8.2231640688599423,-3.8479901261042748,-0.95178438646327257,,0.5226382141878906,0.2818181818181818,False,4
-0.93168152227850842,-0.33052464339532461,-0.15074150441465822,0.3563755096884979,-0.91207686494276419,-0.20276165448733569,-0.070470115219604737,-0.24262986737945447,0.96755605021950197,5.3340674559419723,2.9676609629328841,-2.7405627566219986,,0.5533275020392264,0.2727272727272727,False,1
-0.72503740628015034,-0.66031243377010818,-0.19572493275806702,0.67767138267127824,-0.73467782698407413,-0.031780302804686633,-0.12280983919438711,-0.15567909412170997,0.98014374611609567,9.7557982385811286,-3.4556364100679406,-1.0857322691434315,,0.2492042611367218,0.4545454545454545,False,4
0.76583396880903565,-0.61973889365115531,-0.17152852798949719,0.63070344123952882,0.67193088939794443,0.38822937689142528,-0.12534552814846617,-0.40550287738674567,0.90545895268877452,10.296802088840032,-22.53339338941722,3.3257471198442965,,0.5075240691680604,0.2307692307692308,False,1
0.76824506148881477,0.60465882739094245,0.21020758301321721,-0.62867295144940571,0.65071279616119926,0.42584407595734863,0.12070561550293177,-0.45930442994846588,0.88003954173421906,7.6642832996488268,4.828025802263439,-3.2821775462392426,,0.6165615780115711,0.224,False,2
-0.39399910036263291,-0.88008446188193135,-0.26498311053240214,0.89624312892915958,-0.43179375631235872,0.10150076776523886,-0.203747301235392,-0.19749808091132079,0.95889600336826908,5.516427407223234,9.9241878898935205,-4.5632486069690712,,0.2214829396638845,0.4444444444444444,False,3
0.82355690941669202,0.53798105254331108,0.17980657400778899,-0.55642743237307457,0.70462579645307732,0.44033055705410096,0.11019314613321032,-0.46268658298815885,0.87964685895420969,10.057067111560714,17.435487970338137,-6.3865970904829892,,0.3406784979165668,0.1956521739130435,False,1
-0.74985457043971915,0.57702886708626677,0.32366002184360604,-0.64890099418311431,-0.73684278778945755,-0.18971084795241891,0.12901791712328023,-0.35227885635076039,0.92695953764410377,-0.4645539730864372,4.4336742900754205,-3.1231454146196955,,0.5643924283995834,0.2126168224299065,False,2
0.70519605328124013,0.70653580192553544,0.05920884253220314,-0.69548904078033535,0.67309691786342174,0.25146676384208599,0.13781698223010083,-0.21851247049128059,0.96605319711120741,2.3707153297626142,18.81157505702577,-6.9105681840095974,,0.1758902290622323,0.3571428571428572,False,1
0.95531297391417946,0.29521344598007493,0.01503805784719214,-0.29008913809570824,0.92652679494230172,0.23957543741551443,0.056792726912301937,-0.23323190083373085,0.97076128198612732,3.524869518891224,1.4411016723140122,-2.3042793188620641,0.6628276467430988,0.5841678899120466,0.9976580796252927,True,3
-0.43692462790385556,0.80022174975409011,0.41078220598217319,-0.88194402009726347,-0.47089754583207599,-0.020742390026374763,0.17683782102750423,-0.37134977117245033,0.91149752194090694,5.4978623784754426,1.3256401702689966,-2.3409059003889627,,0.7057741603980932,0.4055555555555556,False,2
0.86180516525548878,-0.4993706466163485,-0.08899895750474196,0.49749660781970029,0.79791583731956095,0.3403343088237164,-0.098939286165063062,-0.33757854471603405,0.93608319277751884,0.13808086002448614,7.7852803698515789,-3.9934009858169821,,0.9311543403631901,0.4841269841269841,False,1
0.90849363402218186,0.40352595081027964,0.10865598908403945,-0.41667594242675948,0.85480586617488563,0.3093349158368266,0.031944889167802054,-0.32630313847044801,0.94472524359222754,-7.180812485138043,-18.2447925202483,2.2789254405340773,,0.1469416953956281,0.375,False,2
0.43047917904080751,-0.86986420100671225,-0.24088160622867694,0.88531871314333144,0.35494950915539558,0.30036914306995727,-0.17577955674818702,-0.34255965576421687,0.92290542834686629,2.5331247542506121,-0.7114114663436728,-1.785160531716512,,0.5682364696219255,0.2558782849239281,False,1
0.75723712161944778,0.60082612384228695,0.25612479487575346,-0.64012557416474603,0.60481260160040695,0.47375200922592653,0.12973507984253371,-0.52269463920534009,0.84259072105278454,9.6983911113422501,5.4071046053821048,-3.4558381494290953,,0.3973248591384674,0.3571428571428572,False,2
-0.76208123340515865,-0.6198755704202713,-0.18704670777058463,0.63513758073653093,-0.7718197715031434,-0.029908090092506529,-0.12582705284563458,-0.14159278764463218,0.9818956335880118,10.360077850148954,21.165004738569749,-7.2805818040170163,,0.3811192010268215,0.2777777777777778,False,1
0.60291591327821303,-0.79757592284300838,-0.019106250731691782,0.78251835667538627,0.5865285013462882,0.20892424123239095,-0.15542658389719385,-0.14091474163337597,0.97774516751986429,-3.7298013973343545,-2.2304271225982055,-1.4277506600791969,0.3188596746720525,0.2907661381502418,0.7373737373737373,True,1
-0.74259289785369187,0.59116047829883878,0.31477782157379736,-0.65677394537733969,-0.73481490497493451,-0.16939610414694398,0.13116315309849941,-0.3325302156559119,0.93392712935490507,-9.3043671512689432,5.4812308334857631,-3.3826204783314839,,0.3945056325513867,0.3142857142857143,False,2
0.84139761094101184,0.49520317709879896,0.21638824758755668,-0.53012404683885972,0.67854404627537379,0.50847465249256463,0.10496930630402763,-0.54254197133078963,0.8334444517054227,9.7261856192629725,12.158978141438201,-5.2250049317856577,,0.3411160638486659,0.2272727272727273,False,1
-0.56990432384764067,-0.74493257982098249,-0.34682057779350278,0.80602588590726121,-0.588865453154785,-0.059663634889472017,-0.15978527124606373,-0.31354892696685355,0.93603191050880119,-3.8255022522769004,6.9084077206623853,-3.8042743942451391,,0.2497057950397578,0.2954545454545455,False,1
-0.20927024885034251,0.97756452178165554,0.023949294351174624,-0.95914792288462858,-0.20997265833519718,0.1895962678370898,0.19037128189991959,0.016705942219882246,0.98157001101415475,-1.939848340994283,15.004739226343544,-6.0859216474102338,,0.07688931154890435,0.3157894736842105,False,1
-0.54027004380882593,-0.83993240878291231,-0.051203793208557752,0.82542679074656011,-0.54080684906603027,0.16185970814599698,-0.16364257661331508,0.045182968908731205,0.98548445266272389,7.0268661853561278,19.030860191419201,-6.8703704488303909,,0.1409962660047717,0.4210526315789473,False,1
0.96791869370011319,0.24858323783105887,0.036602954188067693,-0.24650676634002128,0.91125267574402002,0.32992874245501946,0.048660215108985778,-0.32836707328657599,0.94329594966095143,6.1559281557348946,4.5746695159316033,-3.1789445347093026,,0.6000095415808178,0.6185567010309279,False,1
-0.93387752799989809,0.33760297167122966,0.11788552165366058,-0.35070823280655761,-0.92907513897454674,-0.11757177204214106,0.069831927787382383,-0.15114105880991655,0.98604253569677014,3.7676116479861159,-6.0270203207859527,-0.41604339456654366,,0.3524772260240876,0.3888888888888889,False,1
0.67159444127334511,-0.72963816599046083,-0.12879849836399632,0.72671697828224002,0.61481902299772995,0.30639843739230715,-0.14437222699353908,-0.29937554290588597,0.94314948146236743,9.0646122949100221,-17.799041256185294,2.2837470705463865,,0.1570632066983646,0.3333333333333333,False,1
-0.52814136082400265,-0.78519522564462851,-0.32331897657244307,0.83294438134074023,-0.55308219468572861,-0.017428238996222062,-0.16513739909500336,-0.27851129877708547,0.9461295344051146,-7.5039099558974893,0.88714371543318671,-2.2302888018194524,,0.4659674537713343,0.2105263157894737,False,1
