axis_00,axis_01,axis_02,axis_10,axis_11,axis_12,axis_20,axis_21,axis_22,location_x,location_y,location_z,dbh,dbh_approximation,score,reconstructed,number_clusters
0.39484608372181196,0.91499245789852079,0.082978142654395265,-0.91871624319994161,0.3939615083624492,0.027473521968810744,-0.0075521288478688888,-0.087081180042584874,0.99617259219086007,-7.5268463625855304,-13.161764545863539,-3.0283303790429876,0.6371122236127496,0.3594814875957871,0.4366197183098591,True,5
-0.47261051572162016,-0.87851354620664368,-0.069665267965972763,0.88108134628534418,-0.46938820842819723,-0.058054896577050034,0.018301957746345951,-0.088818122700233509,0.99587970128055969,2.0493122805915234,-12.548994055686368,-2.5667657305645872,,0.122765336796007,0.1951219512195122,False,5
0.80415464852679786,-0.59054927456262141,-0.067726328457285614,0.59306821948647825,0.78942098633115754,0.15838116483686052,-0.040067296987452622,-0.16752928297316916,0.98505256258669538,-2.4458618835687078,14.094541097992257,-2.7399774739594847,,0.6594938476350369,0.55,False,3
0.29884991452291304,-0.94779769379786771,-0.11121268012727407,0.95412610036203582,0.29453397889218219,0.053787729882141221,-0.018223973155766546,-0.12218537927830586,0.99233997193151247,12.324281602228616,25.471225200869384,-1.9572942527949544,0.6631705481173822,0.5937328215212709,0.576271186440678,True,5
0.33261408012211285,-0.94113945974266833,-0.060202915376245093,0.94262299645207637,0.32983086579810789,0.05170576879400636,-0.028805559606253323,-0.073946719211532008,0.99684608764523996,-0.85679029978431587,-21.729311056559958,-2.6221386152196122,,0.1550174059379406,0.2352941176470588,False,5
-0.28914787622236976,-0.95664424380530855,-0.03500423503324241,0.95717924490734319,-0.28838066532233281,-0.025386708862255154,0.014191504314251844,-0.040845840209474828,0.99906467185206815,2.0297170699008089,-20.210163043993781,-2.5909887959831743,,0.2334543925201265,0.8378378378378378,False,5
0.83614862239109222,0.51255779845970928,0.19529460953035532,-0.54741718932464445,0.8021982011961919,0.2383536591485424,-0.034494957680570891,-0.30620670997829091,0.9513398702140502,-4.8783806155750691,10.766984602272117,-2.8835487850295225,,0.5660634915459285,0.2244897959183673,False,3
-0.88662514147367544,-0.46235873331840122,0.010966322582844298,0.46210135416132153,-0.88660370193733962,-0.019905129823244647,0.018926092810202504,-0.012580836029883916,0.99974172943602335,-5.0599465040917577,-3.6926687190615146,-2.9131854788429123,0.5733417272328761,0.4911090510430363,0.7026086956521739,True,3
-0.91436320151975781,-0.40485455358482503,-0.0057206772475729886,0.40454065731645222,-0.91288093708299867,-0.054728888975009597,0.016934942707657146,-0.052356328672837599,0.99848486346233123,8.5059341620665272,-8.8188746865039942,-2.4143287798214961,,0.1248746150811338,0.1428571428571428,False,5
-0.99388509119280644,0.086283007267423328,0.068903324749671022,-0.10844435459336861,-0.88023726241769584,-0.46197638879950353,0.020790561836962332,-0.46662362189273293,0.88421159686480788,-8.8850356432149447,-12.970925465831877,-3.0543752152280481,,0.4194466665907462,0.3793103448275862,False,3
-0.23400162411610276,-0.97213533688451526,-0.014004523963868714,0.97220181884886003,-0.23384792234056617,-0.011780180133048483,0.0081770005498819926,-0.016371804953299221,0.99983253631024493,-2.8990027021747462,8.8780281793935991,-2.8370682608539251,0.5027921503212448,0.3709756605399878,0.9504132231404959,True,5
-0.99806535697022325,0.058235186857798028,0.021776276714345393,-0.059610251364232751,-0.99583500267572977,-0.06898742913113462,0.017668082753806852,-0.070152052410942994,0.99737983155583121,11.673566557307659,-6.5781639131152154,-2.4092807210768954,,0.1620489345205791,0.4666666666666667,False,1
-0.65700304561697997,-0.72369081453743234,-0.21123116011649598,0.75383273947603691,-0.62725048634085245,-0.19568604518262808,0.0091213455184103003,-0.28779929176304814,0.95764730914706908,3.0789174234835319,-22.8544247134455,-2.5877524378267602,,0.3569706781710105,0.24,False,4
-0.86604144609228173,-0.4996214592281143,-0.018724612924169125,0.49967230753268138,-0.8636177644298757,-0.067021951971797014,0.01731469709108012,-0.067399958753058375,0.99757578500319033,3.0182193720070494,-9.0425302405791665,-2.5263603490647495,,0.1315431620849607,0.3283582089552239,False,1
0.86696313874396991,-0.4983708115121776,-0.001204280655613163,0.49801645040542397,0.8662503403514662,0.039874339700495129,-0.018828998507244406,-0.035169334279484939,0.99920397654410498,6.7302230809771091,-5.496666520786043,-2.4513147265333006,,0.1420283716080205,0.4936708860759494,False,5
0.060744477971051869,-0.9905172445996322,-0.12323025824356922,0.99807912774952001,0.061780828455207368,-0.0046026064512983021,0.012172228505153331,-0.12271396573389934,0.99236743168398966,-0.23255795410851979,-19.44173350403581,-2.6117145559701926,,0.3143774675912408,0.4166666666666667,False,4
0.97289237722475963,-0.22758060581719233,-0.041079072455871578,0.23109254044134084,0.9500085873348334,0.20995218918229913,-0.0087555748139255835,-0.21375395164991087,0.97684829326959655,-6.9690268243261011,17.415747346448654,-2.9695757396326523,,0.2185784499629353,0.2272727272727273,False,3
-0.9918974635687432,0.12405431753426108,0.027385179696371397,-0.12695662705661198,-0.96007864336197335,-0.24926093437729219,-0.0046299689310111171,-0.25071801862120169,0.96804908890322128,-9.9190315658684973,0.41901917347777928,-3.2089966197224506,,0.3727324808397423,0.3181818181818182,False,5
0.86076045238081522,0.50800576596126501,0.03196224909612054,-0.50895455589953387,0.85989674136207572,0.039279183087114991,-0.0075301823538543779,-0.050077299697480288,0.99871695710482755,-1.8580597380719399,4.3129209599698326,-2.7329505931880091,0.5791133006657588,0.4350630991497093,0.9451371571072319,True,5
-0.52773028110045295,-0.80030335397320596,-0.28463185350356501,0.84931986006987448,-0.49223008807539942,-0.19069692101387981,0.01251102316064754,-0.3423800257207224,0.93947825535610552,-10.753361033142477,-0.23252163007392637,-3.2774783468641808,,0.3106018039566517,0.3571428571428572,False,1
-0.89247967277776896,-0.45103814291777189,-0.0066803676377548424,0.45092394082507797,-0.89165910294360595,-0.040145282768801228,0.012150443171734937,-0.038841186530447429,0.99917152129133413,-10.814521361763411,9.4522142029569487,-3.1827592217388876,0.3090489780142361,0.3105929592982354,0.7348484848484849,True,5
0.99032777846271836,-0.13849754015421778,-0.0083260180355572908,0.13767126309874933,0.97341454687174889,0.18305939816153449,-0.01724860927415605,-0.1824350605275728,0.98306659701589327,3.9663622814939843,-1.9047747308759198,-2.4606503357729061,,0.4715226722142343,0.3404255319148936,False,1
-0.79546249566800886,-0.5639574299407708,-0.22179142273817379,0.60504877967267034,-0.75963532415435808,-0.2384746286578828,-0.033991060622389685,-0.32389225293529866,0.94548316552240175,-5.6341007697163237,8.4149123550028975,-2.8837419125306352,,0.4138993064452284,0.1666666666666667,False,3
0.74190382706024594,-0.67032208699596596,-0.015716586103003964,0.67038699478971553,0.74112582617231226,0.036246199762467374,-0.012648660410252711,-0.037427389246111373,0.99921929621282135,-14.386006540470126,-3.1018600476908831,-3.4541695339680123,0.5011110293726021,0.4901826354285644,0.8545454545454545,True,5
-0.073501806360154076,-0.98998215380767951,-0.12055214475115696,0.9969937643219916,-0.075912013662876629,0.01551773452258403,-0.024513636304322406,-0.11904915507451824,0.99258570426496873,-9.1117658813876439,1.8101561333732683,-3.1005116057641628,0.4025151793983451,0.2482607866896644,0.6666666666666666,True,5
-0.77514661963570708,-0.63002195075086964,-0.04711750884127304,0.63174647982620358,-0.77216128224106162,-0.068288647922196952,0.0066410311351998864,-0.082700034945038095,0.99655235734283076,5.935672124106917,-10.637031701167498,-2.4970436734278461,0.246360196571177,0.2086548240369012,0.6716417910447762,True,5
0.33657386893431585,0.94078156168088278,0.040596600250110505,-0.94160996746064185,0.33667530800823475,0.0045173173820985124,-0.0094180639919542973,-0.039746574429016336,0.99916540667289111,-5.4236328616419405,-6.7282538559631151,-2.9626372428027672,,0.3926562959190957,0.1363636363636364,False,1
-0.031241767291203149,0.97627391340551539,0.21427365209097535,-0.99885947076629877,-0.022751180411679239,-0.041977868577939614,-0.036106919516816299,-0.21534072952824618,0.97587123155119759,8.5047936141868412,-5.8648094270557092,-2.4138014963461099,,0.4068258063099284,0.3043478260869565,False,6
-0.079501867154324141,0.92665613357542653,0.36740694498881793,-0.99683130418815691,-0.074869034980394183,-0.02686965931382615,0.002608468806168455,-0.3683789322262398,0.92967207023893195,10.593384875418323,0.29587448182818388,-2.298618861683539,,0.6298519470000596,0.3452380952380952,False,2
0.43276967906307839,-0.90055899734854417,-0.041278289429473869,0.90147400382870957,0.43192437952906332,0.028034813883236188,-0.0074179043316936373,-0.049343922250029412,0.99875430013207322,5.5309891754207214,-20.191584943744832,-2.5566798070981065,,0.2281038429545899,0.1333333333333333,True,5
-0.092796024105816277,-0.99468146406190916,-0.044695446768210877,0.99567924206649649,-0.092856439250248085,-0.00072705409164653973,-0.0034270728092638922,-0.044569796291010308,0.99900039460980106,4.8921479119962656,-16.090838216676566,-2.5570634417348943,0.2169532190711926,0.1325054904071511,0.2727272727272727,True,5
0.5271635304469493,0.84354639640624374,0.10260647775238574,-0.84965671478692828,0.52515783757581991,0.047882279082921635,-0.013493672005597777,-0.11242207409014909,0.99356891963923477,7.8947229355487645,2.9826044280236972,-2.3161022606244899,0.6056506554473854,0.5931430220385049,0.8923959827833573,True,3
0.98765940556055587,0.1404705291680515,0.069259866033770628,-0.15544834016142667,0.93314946042393765,0.32414178695683421,-0.01909743827914296,-0.33090801583787605,0.94346975198223137,-5.627207353916444,-7.7446442029536122,-2.9796375778607374,0.5494821047096241,0.4827281661432645,0.4,True,4
0.17769329493916342,-0.97162279709290611,-0.1561224939046979,0.98376314650471552,0.17132236481514967,0.053466988818219,-0.025202470371101422,-0.16308828125743352,0.98628953558460264,9.1195941905261293,13.574821846238828,-2.0977656363658213,,0.2621447321976796,0.3783783783783784,False,5
0.862692055534243,-0.45954270489427634,-0.21114667815656962,0.50553380244854174,0.771984906791785,0.38532438057771135,-0.014070959456298654,-0.43915806501091403,0.89829961707430805,-3.201008835477495,10.991953228907906,-2.7659821227306942,,0.2635981389263394,0.3888888888888889,False,3
-0.79681249201653304,-0.58349610712758904,-0.15691445291417028,0.60422621394517351,-0.76915955370684941,-0.20809676432602994,0.00073140131646813079,-0.26062592716080812,0.96543958440892896,13.561661143939652,21.246179442072886,-1.9464046554997612,,0.3412820420915083,0.131578947368421,False,3
-0.97638563045753002,-0.20873208753728725,-0.055695747309637278,0.21499732476408889,-0.91361100671315687,-0.34509575302639983,0.021148309160253235,-0.348920971059206,0.93691349919550437,-12.458788974696875,-4.3467651854027656,-3.3537722049016705,,0.2428415144071712,0.1666666666666667,False,2
0.8412185021355556,0.53920966065851128,0.040054631659103113,-0.54038137325392843,0.84094408731336812,0.028302181062343015,-0.018422896216715876,-0.045453095221559874,0.99879658240793412,13.370474449107986,24.263381402908717,-1.9339373592569671,,0.2495198463959586,0.76,False,3
-0.29134701717816269,-0.95437552370872669,-0.065454375920031629,0.95659915956008446,-0.29108160019968471,-0.013767714194093235,-0.0059129950386147337,-0.066624783458442638,0.99776057985810818,-1.8660805152180577,17.142272873284622,-2.6429181082962181,0.3131460018464294,0.239009243638381,0.6885245901639344,True,4
-0.17027642984528155,0.95464263244370962,0.24426088872369769,-0.98539633518287473,-0.16496046161602221,-0.042215029451479799,-6.8778856483931328e-06,-0.24788200907765492,0.96879022988896901,-10.309812532479608,-1.546186152543112,-3.2580567591511591,,0.3006373829779952,0.22,False,4
-0.9364330383316255,0.34965054579019367,0.028942365998997889,-0.35054372719706234,-0.93586194153627256,-0.03579834782150678,0.014569146982298524,-0.043668320468936178,0.99893984690952742,-6.1138166444009121,-14.468445996455225,-2.91298206763115,0.3422299403723002,0.3984587241330954,0.7017543859649122,True,5
-0.66107194950606563,-0.74898598775820813,-0.044764581067085835,0.75015560011178817,-0.66100595310078614,-0.018376767567900586,-0.015825713164759458,-0.045728766735864443,0.99882852717353054,5.6188542042158565,-8.0416620119299722,-2.4513999724435798,,0.114665255557033,0.2727272727272727,False,5
-0.10061387893318142,-0.9934540697096137,-0.054091207635114394,0.99492309818482871,-0.10034416047981132,-0.0076862315801045772,0.0022081812245007336,-0.054589933458539908,0.99850641615398317,7.6067488056726793,-7.5222177977666362,-2.4263765754895652,,0.1181022462888952,0.3571428571428572,False,5
0.2038855812449418,-0.97834099804077046,-0.035770956277426644,0.97878298167469824,0.20446526637200493,-0.013335277702853414,0.020360367000605832,-0.032293132397065931,0.99927103883560364,0.5647454693446361,-17.306926752078336,-2.6035477015727753,,0.1497935970895136,0.56,False,5
0.45508125517323195,-0.85491228464039171,-0.24905026954593393,0.88928694321935919,0.45063838323286398,0.078062668266203131,0.04549487673930383,-0.25700200996921624,0.96533941339938001,-11.696151852119728,11.484449024292596,-3.2446886267554471,,0.4361231091511633,0.6511627906976745,False,3
0.21058314902395237,-0.97636838459918041,-0.048574838160748798,0.9775635987223652,0.21057014091620549,0.005442996188496068,0.0049140411205493527,-0.048631196877276947,0.99880471509206914,-7.7401269638236343,-3.6655300144706451,-3.0246580017513502,0.4055202852662297,0.3540683856404191,0.7515723270440252,True,4
-0.79203462531149538,-0.60885717889057311,-0.044430710337467712,0.61017963639886541,-0.78728225473652191,-0.088698718711865798,0.019025341832088233,-0.0973631711192217,0.99506705767891901,-8.2768592095078191,-11.053198715353114,-2.9997229958955933,0.2922081492279778,0.1881596773103224,0.1428571428571428,True,5
-0.57652453599257447,0.81494674614815132,0.059002206239165703,-0.81706484774673172,-0.57544628727342295,-0.035589395047468754,0.0049491388299528847,-0.06872678812352348,0.99762324282219272,-13.386166000666293,8.1688411235295391,-3.3870892223521691,0.2017480151968496,0.1635100546916211,0.2173913043478261,True,4
0.29233242754165945,0.95493916501305731,0.051312210357408114,-0.95629889531716838,0.29223385759402604,0.0095809859030950763,-0.0058459064961180343,-0.051870642948365811,0.99863670159741258,12.972394009851506,-6.6036006740225028,-2.3801239279557551,,0.1352339795324722,0.6,False,5
0.85461980189112186,-0.51921257115592223,-0.0065802864099585405,0.51739625646493459,0.85042230794375206,0.095304836958545164,-0.043887447085154338,-0.084854016435757129,0.99542638496428737,-8.2296205543598742,-17.85924616535528,-2.8296792932232573,0.4104179109885293,0.3400874658057685,0.8974358974358975,True,5
-0.15137000036574999,-0.98792316083239373,-0.033090048053804305,0.98843883031687074,-0.15098444175895567,-0.01387000607608677,0.0087064178102715002,-0.034806991218241629,0.9993561285403938,2.3788591762923788,-15.158579057680727,-2.5832897178698717,0.3384138536828402,0.3543841266474446,0.65625,True,5
0.40340350816091836,-0.91451212686419314,-0.030547985560339386,0.91499664941070047,0.40291794177100365,0.020934750206546324,-0.006836751469536999,-0.036396456109750286,0.99931404313758931,4.8126168898714354,-13.676729276985853,-2.5360374794750884,0.215554806848354,0.1557699642017096,0.4864864864864865,True,5
-0.74746985477953598,-0.65817789909914226,-0.089948148025950345,0.66407988133834372,-0.74379686386746269,-0.075921910556687483,-0.016933026826594602,-0.11648209492606904,0.99304843495376582,13.790997358017592,-3.0640978658834941,-2.3148853058902521,0.2272454681365779,0.1945754613690371,0.3409090909090909,True,5
-0.66348212186898226,-0.74791606032000868,-0.020323402166701057,0.74800442261503786,-0.66246246859464097,-0.040408680402073766,0.016758809879454904,-0.042012431718369922,0.99897652518591884,2.6228237353630588,-10.547762942665932,-2.5650179736855829,,0.264613674721198,0.6875,False,3
0.77198092286001807,0.60938610726465858,0.18081489709927634,-0.63544131887382072,0.74706405036248291,0.19521689200451317,-0.016117847501925416,-0.26560097313230674,0.96394830673801046,8.8327583375913505,9.8745619997364926,-2.1593715945194374,,0.4707897383878676,0.1904761904761905,False,1
0.62036884218892152,-0.7599807864348459,-0.19383421754440383,0.78427790889658477,0.59885734296431836,0.1621050412372104,-0.007117672230298913,-0.25258481155364615,0.96754857847781073,14.334195111627666,33.512261816887175,-2.0414008701007207,0.8040321483013227,0.5812750900991659,0.6451612903225806,True,5
0.86818819846257722,-0.49611322380803136,-0.010996418194468088,0.49597752694767494,0.8668106678792622,0.051434996000549363,-0.015985769082959185,-0.050109232817021496,0.99861580198458555,0.8220538766982467,18.113709429222386,-2.4841696985914901,0.2734296536285595,0.3097142434098694,0.7282608695652174,True,5
0.15732672547300605,-0.9863940940465179,-0.047696883358256337,0.98752220546497416,0.15747876362102362,0.00057682058497602901,0.0069422738014895775,-0.047192480741570612,0.99886168942247566,0.02664901544098058,-18.298236814731656,-2.6030750500230302,0.1868846954141106,0.1817089210529818,0.3181818181818182,True,5
0.0202169638695157,-0.99966520762607003,-0.016147663416941158,0.99978976077481241,0.02026948492039712,-0.0030955178737269683,0.0034217863380788202,-0.016081686571685211,0.99986482623166029,-10.028730742560931,4.3209274329428808,-3.1819752831004577,0.3450742806228476,0.3105242305835396,0.8571428571428571,True,5
0.1795192983071473,-0.95621281671411795,-0.23114902268225812,0.98375439891000493,0.1745704704054328,0.041862076962823756,0.00032273909727292848,-0.23490891854946569,0.97201733308897131,5.2429326505007241,-1.5847382893641053,-2.4132821858576623,,0.1734786580876775,0.3125,False,1
-0.97459722577812291,0.19819706231652809,0.10429847551466902,-0.22239159766945604,-0.91150933957457725,-0.34596632950959871,0.026499524365776725,-0.36037292955689093,0.93243183496219773,-6.33110352757223,-11.150268566097649,-2.8902695618292622,0.8357005901460259,0.5951689840441231,0.2413793103448276,True,6
-0.96818361749039261,0.24234789140330143,0.062353687586167661,-0.24955595895774732,-0.95350213160581554,-0.16898375179835454,0.018501518097143819,-0.17916803441334711,0.98364450350345656,-4.7198634641427963,-29.482042059085032,-2.6851946873514798,,0.6978971921954277,0.3157894736842105,False,3
-0.030878388150545649,-0.99352661144325827,-0.1093224473715303,0.99951621571133109,-0.030285543072201115,-0.0070795770298291401,0.0037228584882687621,-0.10948816481656186,0.99398112763260127,-16.554054895538489,-6.5882565749444577,-3.4999478320966335,0.4105345061935112,0.5073678946765947,0.6666666666666666,True,5
0.87988335382355698,-0.47453420922362011,-0.024951311402863836,0.47487022464478496,0.87615354576403315,0.082784261734481154,-0.017422784221251486,-0.0846891287098024,0.99625508684691499,-6.082219864834955,14.276962862067231,-2.9453210692583567,0.2657271933284208,0.3564557554826253,0.6842105263157895,True,2
-0.99827990473440609,0.044933918387396264,0.037658661444903943,-0.052091680107729438,-0.97454299046868198,-0.21806516592962336,0.026901462172548594,-0.21965177601538985,0.97520736698728128,-1.5224590681996333,-23.77377371257019,-2.6104484158593406,,0.3515145356233376,0.1,False,5
0.26233313952105647,0.94648641116861232,0.18800212068534095,-0.96497458104756784,0.2577739266914878,0.048751006657512336,-0.0023198795432613313,-0.19420627227566856,0.98095797156029707,12.175129866137672,-3.7036757405677228,-2.3311460976525109,,0.6884330664796217,0.3333333333333333,False,4
0.27316078802834121,-0.92760191509592949,-0.25482910154473953,0.9605243296408934,0.27751616981613847,0.019436760493753973,0.05268961996111686,-0.2500789127474442,0.96679074330871018,-3.2566263279414267,-29.997588550451084,-2.6487998196379703,,0.2556201393221492,0.2142857142857143,False,2
0.32438998793015511,-0.94154989053788829,-0.09085669682947628,0.94577741649033409,0.32115271371102022,0.048641678968920694,-0.016619692763160641,-0.10170908565185835,0.99467534789413581,-10.242147148725206,12.503717955045444,-3.1585074622459377,0.3860792082742141,0.3420033804225383,0.8780487804878049,True,5
0.87150790901284803,-0.49037167058521725,-0.0030966458494807074,0.49029699633253726,0.87122325766424658,0.024060147385036122,-0.0091005447829096593,-0.022486884896779784,0.99970571674482966,-9.2242275663295334,-9.7020155450757635,-3.0945037645791529,0.4269486838840873,0.3978212620391184,0.8804347826086957,True,5
0.74057549536902922,0.66375136852566707,0.10479530733397947,-0.65642259506122158,0.68122980524352117,0.32409154438363169,0.14372651930667057,-0.30880426361723046,0.94020349628142263,-13.663604549206536,4.8370114062181235,-3.403575608588278,,0.3124227920325231,0.1538461538461539,False,2
0.98625587668595271,-0.15038113470704936,-0.068446037333390719,0.16501550326185149,0.91737198529339026,0.36221336844752455,0.0083204198007968896,-0.36852972054243416,0.9295787302274372,-10.259584067102201,-3.1866468709880169,-3.2542622797368805,,0.5142985311414999,0.3636363636363636,False,3
0.028432248839474188,-0.92714459719452313,-0.37362347774054033,0.99958795960850133,0.027844275235959302,0.0069718966068915379,0.0039393186775456487,-0.37366775647570932,0.92755425153398297,-2.5630865492539638,-4.82858278507093,-2.7788880503714726,,0.4469582773229157,0.1386138613861386,False,2
0.64147237170276994,0.75288421252848159,0.14723640469460247,-0.76701372381397248,0.63300400124027845,0.10486125068308788,-0.014252853154627994,-0.18019793822118718,0.98352710142516497,10.213864682599878,6.0626672741249141,-2.2114382481204986,,0.5040152118506782,0.7586206896551724,False,1
0.93896562358371582,0.33868328497951339,0.060309122059024035,-0.34378253440414225,0.9174219886700411,0.20037580628252533,0.012535021607850244,-0.20887921672630122,0.9778611077515551,-11.477351380773408,18.462988303816097,-3.1774622988009713,,0.2366755013695284,0.4,False,2
-0.97911858362083948,-0.2032785675297403,0.0021501607800244443,0.20267729428732756,-0.97693378052378932,-0.067248069502895164,0.01577065593725218,-0.065408045793732356,0.99773396953133553,-7.7358853690494449,-20.229577066339523,-2.7753185546617751,,0.3383144484444116,0.8571428571428571,True,4
-0.98430829941488374,0.17642265888654471,-0.0034953017585595374,-0.1756245689701571,-0.9813931789679492,-0.077610817862144049,-0.017122572149883785,-0.075779111281317563,0.99697760447082628,-13.204858681759726,2.0034694331192959,-3.4097391320512025,,0.2405619474175723,0.53125,False,4
-0.81073166741891323,0.57808205295330273,0.092386706280960629,-0.5852740245973459,-0.79687650580047686,-0.14980704467697281,-0.012979968250144663,-0.17552485452641245,0.98438942795405326,4.3922288110163539,-21.558460268649718,-2.5765102052353281,,0.1977151084661508,0.1,False,3
-0.62804594622846155,-0.77763906981029796,-0.028909626953177309,0.7778689173290072,-0.6263205009070586,-0.051406007401178448,0.021868627743763466,-0.054773234778553913,0.99825931294052994,3.6173048268706691,-6.7738195337816816,-2.5204878878837174,0.2898994682157577,0.2315061162219894,0.587378640776699,True,4
-0.57189048565749001,-0.82024880003965506,-0.011540296700911081,0.81963284811908121,-0.57076809196961109,-0.049252202728119775,0.033812227058307873,-0.037625672390992584,0.99871970145706179,9.7257860554206541,-12.570299088343257,-2.4690647869209861,0.2114476642351403,0.2222829490507356,0.5925925925925926,True,3
-0.038927959070958994,0.98911634062067666,0.14189249000468884,-0.99922251540003793,-0.039419956923762767,0.00065704927428063362,0.0062432940175742215,-0.14175659319160314,0.98988185636798098,-22.487923778781873,-3.3624622527809471,-3.8956567540002385,,0.3825419825064329,0.7058823529411765,False,3
-0.78942989844890588,-0.61204848036977888,-0.046873159825137331,0.61373654446669978,-0.78558459960935001,-0.078640262224192403,0.01130882049654231,-0.090848745360954747,0.99580049008087768,1.5577790694850928,-22.845269288669609,-2.6021046218673001,0.2810076090633548,0.1614823445936594,0.2857142857142857,True,3
-0.3974786428658284,-0.91730165920870477,-0.023841025114219434,0.91734982902290541,-0.39661083568052113,-0.034192633891598344,0.02190935090744809,-0.035461402027500616,0.99913085694970827,8.9662801045451044,-10.88874968802255,-2.4385145019522412,0.1270434979611281,0.1315586750000147,0.3,True,4
0.89845189231604339,-0.42712337277781304,-0.10173407305632157,0.43900704700571574,0.87785727245112477,0.19141426771271561,0.0075504882653156342,-0.21663848603509825,0.97622269820742158,-11.757192458752145,12.741707223878775,-3.2318794652453002,,0.4113357497403256,0.1764705882352941,False,3
-0.12515215331809498,-0.98985229419901799,-0.067300625470982062,0.99212050736217183,-0.12446401802113478,-0.014339005874240094,0.0058169915996957901,-0.068564888149664202,0.9976297002003065,7.6803038367770622,-10.158206757772371,-2.4428261596176597,0.1751191353436584,0.1750479780085049,0.7222222222222222,True,4
-0.79473445239491358,0.56982875046718406,0.20902714014587753,-0.60683753820046071,-0.75281273391810677,-0.25499252907006831,0.012056218617837221,-0.32949686309850185,0.94407969197567521,11.183234177765421,-4.4740489624429367,-2.3474367742397559,,0.7846696775974666,0.462962962962963,False,1
0.79872535279699319,-0.59805081968675433,-0.066128873204676045,0.6015731620974476,0.79150636453344814,0.10783044814486377,-0.012146663879299323,-0.12590826809644226,0.99196752294697532,11.319590267971073,17.733789032790558,-1.9939408977956867,,0.4277087468497939,0.5483870967741935,False,1
0.27677122930845788,-0.94770612213433025,-0.15890498008619902,0.96093466536457339,0.27270199083944302,0.047309545473190759,-0.0015018414565268526,-0.1657912249225352,0.98615973057660644,-3.9257342784580374,1.7347021362973989,-2.8202251378398446,,0.6777485500287626,0.6691022964509394,False,1
0.99969174538948691,0.014963166114159503,0.019812063495777209,-0.017128181283818527,0.99332726385974279,0.11405074431508234,-0.017973302591045758,-0.11435493226247696,0.99327735797269345,17.994578767643766,29.476337822487189,-2.0277644360560818,,0.1926486066115607,0.1428571428571428,False,1
-0.35478896371177882,0.90734710671314145,0.22549061880178731,-0.93494161950852317,-0.34508608270069357,-0.082460679339124626,0.002993215512109276,-0.2400767032962193,0.97074930707949358,-13.182395799466969,12.220025696563146,-3.2913962796345846,,0.3240268950450118,0.1818181818181818,False,1
0.96032912360836253,-0.26051392146586894,-0.099501110908724988,0.27860694610340259,0.88080946258782633,0.38282223054399683,-0.012089000476921812,-0.39535703780029058,0.91844796734994705,-1.2729499189330515,6.0379346642976355,-2.7959027701280701,,0.5378693002221786,0.23125,False,2
0.55947469843180009,-0.82806487779229776,-0.036008609824241498,0.8286785584494184,0.55795566157142862,0.044467139401855926,-0.016730468637818782,-0.054717802287898146,0.99836168472750519,-2.1097654795582055,-26.319620607487156,-2.6276212414432787,,0.2248292798557212,0.3809523809523809,False,2
0.84780843733360345,-0.529736271448631,-0.024501761113328108,0.52547324972754839,0.83296916666349208,0.17332117934255994,-0.071405303771650386,-0.15981817825150166,0.98456052759271662,-7.527488867431579,9.4882049104008708,-3.0223932465084,,0.3847780142207524,0.3529411764705883,False,3
0.9774662296675809,-0.20173221607519592,-0.062160138809648213,0.21107287967586608,0.93799014936036984,0.27499585300191121,0.0028300750487588906,-0.28191947910760251,0.95943389453099737,16.753796062964117,-3.0939593492953019,-2.3278498371517058,,0.3223000970051669,0.1333333333333333,False,3
0.26695601847042982,-0.96277502281130001,-0.04241155093978731,0.9637034156082841,0.26654998803029673,0.015060897250082281,-0.0031954572981599911,-0.044892753666391921,0.99898670147350133,9.9192622745228185,-9.3887913543031427,-2.4171109744783994,,0.091897243604998,0.1739130434782609,False,3
-0.48577446209893782,-0.87060835305345241,-0.077873407309834358,0.87393250519030286,-0.4820991021035671,-0.061825820841587442,0.016283376317255752,-0.098089506801135803,0.99504437102634846,-10.649314798008115,-15.318556604439259,-3.0308008431717854,,0.1581099320504508,0.5555555555555556,True,3
-0.44920487157859479,0.89195497573256455,0.051296243682920316,-0.89342366728988765,-0.44826707384300535,-0.029168154458530379,-0.0030222634473417286,-0.058931755227119187,0.99825743881501072,-4.2935823978961922,-1.7077310220908746,-2.8911755651286972,,0.3199151335834599,0.4024390243902439,False,2
0.63962807592492477,0.74554167568211527,0.18719918351766851,-0.76787243796559035,0.6309067991845495,0.11103391263702342,-0.03532482839814529,-0.21476550133531569,0.97602660616134407,-8.6837873265245786,7.3090036780339371,-3.0824066125117517,,0.4443282588119553,0.2727272727272727,False,2
-0.98879131873373793,0.1229803590126778,0.084661439238349512,-0.14831210149511864,-0.87430438015798928,-0.46216379281230541,0.017182797993850252,-0.46953986213490639,0.88274405651889609,-9.6235696252430518,8.1310411667931604,-3.1224200155546473,,0.787567203553244,0.525,False,1
0.78845953294963755,0.61283806522841,0.052545891446801843,-0.61483150916098794,0.78771157874623043,0.038635269533727021,-0.017713843277560919,-0.062769216310392381,0.99787085599295766,6.7500876001833516,2.0893050352571665,-2.3404870364530801,0.6353400068287921,0.6743038662935902,0.9698857736240913,True,3
-0.99456130235733953,-0.10272600596266761,0.017180906618424988,0.10066039231855473,-0.99040277174128277,-0.094709213624968189,0.026745116779474262,-0.092464682047488714,0.99535671058284936,7.0816434073239289,-16.728417588189856,-2.5306153697552753,,0.1530902738817851,0.45,False,2
-0.10045741338813195,-0.993632076015878,-0.051025538779538075,0.99489223467301235,-0.099810639992832281,-0.015075726568244904,0.0098868338058881455,-0.052279380797761739,0.99858355527251541,-6.8599730445131977,8.4673129261751026,-2.9624448997355932,,0.2338151464787007,0.8014705882352942,False,3
0.99939323691666815,-0.016842297792295395,0.030487620607390371,0.015150376150330082,0.99837689787334871,0.05490023584004361,-0.031362782206431246,-0.054405025483539128,0.99802628677525695,8.4207453876441303,1.634400309869209,-2.30678559001286,,0.4156504711799407,0.3103448275862069,False,2
-0.51630730051766027,-0.84761723074464579,-0.12235931340500605,0.85631460634800116,-0.50890003625530167,-0.088011635903558705,0.012331520069899064,-0.15021911743892907,0.98857581923119853,7.3795047666245059,-4.0649626497447571,-2.3997481772081439,,0.3426948145312636,0.3829787234042553,False,1
-0.99043715294261225,0.12386944398433536,0.060750365578691561,-0.13688157624241645,-0.93733438739614505,-0.32041797747642836,0.017253409991204213,-0.32566947516109812,0.94532624674869281,-12.026525411121975,-11.110128636084605,-3.2170860413685625,,0.2272778237960612,0.1176470588235294,False,1
0.97263884508329868,0.19207308682219648,0.13069661951871622,-0.23160363135754591,0.84586074922571786,0.48049906437089479,-0.018260201998474827,-0.49762186672000286,0.86720184662226973,-5.9165630171311436,9.7816286974335256,-2.9150074328603877,,0.2524591863047023,0.2,False,1
-0.97832002412720342,-0.20666868532684857,-0.01334109804400385,0.20629130762354245,-0.96679793246597889,-0.1508166243438599,0.018270927472809863,-0.15029907612749982,0.98847172995716104,-15.244080620179304,-1.1450380238464062,-3.4972202290408396,,0.1636271085322115,0.3846153846153846,False,1
-0.42189620526947386,-0.87912905395309748,-0.22166573590600255,0.90657956232839232,-0.40614526106015308,-0.11471496888741448,0.010820773894617417,-0.24935543590207071,0.96835157739243127,1.1066073398982841,-21.337505836892209,-2.6056691539446688,,0.310371922238872,0.1428571428571428,False,1
-0.68945315919297834,-0.71249773774242509,-0.13038909076585922,0.72417579841424373,-0.67432821706859802,-0.14439829866095158,0.014958418028445532,-0.19398048710375781,0.98089133768887693,8.4899524189329849,12.315018212139348,-2.1367428430889568,,0.1688182939903798,0.16,False,1
-0.58653823358038315,-0.78538867848123728,-0.19783206075330556,0.80832434590193392,-0.55231764766637859,-0.20385526213097466,0.050839476498234594,-0.27948137646321525,0.95880420724964066,8.1191246539134632,11.227851239639962,-2.1687897109214216,,0.6091931673636712,0.2580645161290323,False,2
0.98364079519641612,-0.17585914762740792,-0.039042876701441763,0.1793390735785669,0.93555726070318035,0.30425336256735547,-0.016978890227094902,-0.30627793283441573,0.95179070448567293,7.0744354216043224,11.022258433418447,-2.2356650531259157,,0.7881005146324882,0.3684210526315789,False,1
-0.49268140637336655,-0.85588511598329997,-0.15724407795594617,0.86988877632900441,-0.47948510638346198,-0.11570457887770939,0.02363363346567093,-0.19379035320338855,0.98075825276900774,-11.9029613322668,-10.263558968436822,-3.1944845889280682,,0.4112944674372765,0.85,False,2
0.78820325494564791,0.60687295303121103,0.10218046668646895,-0.61519815873647754,0.78139626283436459,0.10464753181865931,-0.016335678141260673,-0.14534476016584513,0.98924620106018057,-2.0133873437664422,24.169574918909639,-2.4554807562865264,,0.1699659314775368,0.1818181818181818,False,1
0.389953271969599,-0.9200837809191813,-0.03717905014477238,0.9208273166608647,0.38947110178558181,0.01973103558042727,-0.0036740401950645218,-0.041929666864746695,0.99911380956588525,8.0577441632172668,-12.193339522428829,-2.477066252062579,,0.08429374227133701,0.3571428571428572,False,1
-0.91377496941103509,0.39525076358955225,0.093766407416182349,-0.40594697019824821,-0.89697255022385969,-0.1750637070662199,0.01491182969068146,-0.19803302256639133,0.98008191459106875,8.8941237278026151,-13.717861950986338,-2.4831797315333364,,0.1973608635505096,0.1,False,1
-0.52501440237048991,0.76640845005415226,0.37010534309727289,-0.85106969118685183,-0.47600353276248025,-0.22158749409828096,0.006344922905324576,-0.43132206584318317,0.90217571319011636,-21.396454287130929,-0.53875354830682454,-3.8589674883501051,,0.449250779117514,0.1875,False,1
0.95738855760067532,-0.2825803187921917,-0.059628124292176267,0.28835293263007034,0.92377901766071513,0.25196212567257742,-0.016116327712537536,-0.25841960057454821,0.96589832488722871,-10.211912197518169,-13.267007416552921,-3.0834525776047395,,0.1478604530217573,0.3333333333333333,False,1
0.65494468637959302,0.74855504926660765,0.10350263765046469,-0.75553859587454919,0.65127318558207048,0.070743677354917073,-0.014452955651053924,-0.12453343309829966,0.9921101431361844,-9.2474731004653385,-23.07055339190299,-2.7631941693161726,,0.2762890944497002,0.375,False,1
0.76381576158009878,0.59143868476614803,0.25842941884372123,-0.64523582130803325,0.70963113681855772,0.28300951319443224,-0.016006788021406267,-0.38291504517280434,0.9236448727284462,10.419659835705733,-0.48579385382003182,-2.3172429119307743,,0.5990558950950832,0.3496503496503496,False,1
0.92576210156329442,0.34576924077491383,0.15299726612934189,-0.37768039162576444,0.86483814281959459,0.33077561655261722,-0.017945837693522808,-0.36400359731504639,0.93122463887677698,4.7817648247105433,-26.379233172793722,-2.5747657292153501,,0.2341609891702553,0.2142857142857143,False,1
