axis_00,axis_01,axis_02,axis_10,axis_11,axis_12,axis_20,axis_21,axis_22,location_x,location_y,location_z,dbh,dbh_approximation,score,reconstructed,number_clusters
-0.94127876391986054,0.29423353126809071,0.16559262565406968,-0.31122582242483582,-0.94628053927296429,-0.087701929564018066,0.1308922306689127,-0.1340886649600814,0.98228684908215014,10.60563160098215,0.94626991803278249,-2.5330593927395095,,0.2264933637544428,0.3846153846153846,False,1
-0.29749922400463902,0.95197271789444426,0.072402735454554501,-0.89139093876384512,-0.30412540398621651,0.33605049165256584,0.34193041105808092,0.035435618167110092,0.9390569263674946,9.4026243227812358,-19.188542959077701,5.3071043537125711,,0.4784000266097617,0.7090909090909091,False,1
-0.33509633575176895,-0.9373412733581562,-0.095403265274566718,0.87372770837831415,-0.34704392345845975,0.34082313126098063,-0.35257671133771512,0.030852106084843206,0.93527418983547927,7.8417841480903716,1.6883827055410356,-3.0194851336674104,0.4307401385442239,0.3591536595102136,0.6699346405228758,True,5
0.99332658343195857,0.11339946699841459,0.021044227994071948,-0.11231589280900167,0.90960265839399024,0.40001017995183719,0.026219055473221231,-0.39970434664519194,0.91626906332312152,-0.40422001354711568,-6.4771786490235765,0.26077488459476239,0.5174289094284161,0.5498857425816744,0.8545454545454545,True,2
-0.29482399416210703,-0.92665591657022461,-0.23321154506519959,0.89517765599793409,-0.3532206445134104,0.27183108816243617,-0.33426901840934203,-0.1286234371136406,0.93365959254790865,8.6036721022707159,13.967697037787392,-8.0044779513224924,,0.3655991191915519,0.2962962962962963,False,2
0.9708111991056052,0.23141681502102185,0.063022800768145704,-0.23051207353698808,0.82766085967032443,0.51170468565712401,0.066255563123509775,-0.51129615595592359,0.85684680151114589,18.632205939159252,2.8995697118830934,-3.1940946125584797,0.4161698770373077,0.2481417244182441,0.25,True,5
-0.17597990640859304,-0.9816052820358584,-0.074041493905281502,0.89717641714106933,-0.19088648833969762,0.39829238643897324,-0.40509943108616775,0.003663174667072909,0.91426529633636511,1.4079272496856456,17.974710447580375,-9.9328622341546815,,0.1592035878599046,0.2222222222222222,False,2
0.29682837629988063,-0.95316825649826664,-0.057993015331422593,0.89184510520034777,0.25500003874248373,0.37361382277896432,-0.34132861490557159,-0.16261997123780939,0.92576969144666688,9.5212264613682116,-9.7448132113278394,1.7411709591789952,,0.3061782202477178,0.8409090909090909,False,2
-0.66376399014325482,-0.73378641884657525,-0.14482698956141829,0.702372318716317,-0.67808118509782689,0.21651566298397507,-0.2570807096811602,0.041992831919798274,0.96547714150941233,-8.6291722889413673,4.4920379828162087,-4.5054539046944884,,0.4784503322427892,0.1263157894736842,False,1
0.99653765368955793,0.078125870663227182,0.028443858950986174,-0.081356927988404215,0.84577118483418956,0.52730650780401023,0.017139283742341943,-0.52779489504663057,0.84919891292648009,0.86374251245687761,11.553880035026889,-7.1651807961164646,,0.1038007386857135,0.3333333333333333,False,1
0.80812329138138195,-0.58148478952477112,-0.093873241545476119,0.54053481269043779,0.6688151709502983,0.51040021882483266,-0.23400611572485858,-0.46320805979392932,0.85479788906226706,-15.30328314821865,-15.714254787052866,3.8747115534397656,0.4806762965155809,0.3216896021146051,0.2916666666666667,True,5
0.035512606436292796,-0.9912035252357152,-0.12749284820880308,0.94552754625174296,-0.0079838883806987136,0.32544418385567025,-0.32359931097463684,-0.1321053711497624,0.93692670836630787,5.901693457449336,7.311051674422048,-5.2471821171274842,,0.1830278598094658,0.203125,True,5
0.78721824680877817,-0.61401625370404755,-0.057196783813088854,0.57169801976785439,0.69188553971699263,0.44097139830610432,-0.23118997833995431,-0.37984001911037962,0.89569679791623602,-12.857156850001024,-0.26444640898856181,-2.594987539940516,0.3632114723930693,0.2642189034700347,0.4210526315789473,True,5
-0.25485321759792512,-0.91020882187267027,-0.32645020763533111,0.90537064008946622,-0.34318314196113653,0.25005866339255806,-0.33963780935575311,-0.23183017849030896,0.9115376716280994,-17.091072495516531,-12.947384222289962,2.6893769949989657,,0.3370116515537763,0.24,False,1
-0.91346557706364107,0.3767906062680122,0.15365376190635122,-0.38648671330554507,-0.92151584585586721,-0.037902061617058336,0.12731323559656821,-0.094007366013146382,0.98739756692894654,-7.6763412787637328,-11.109472848149947,2.1375448935363357,,0.2443069039433609,0.375,False,2
0.96008493684993901,0.27902564770369709,0.019534634815671525,-0.26537593647257635,0.88659526003066558,0.37884621844814614,0.088388496848585935,-0.36890856972248509,0.92525344679723209,-6.8146578122308252,0.34742103850509054,-2.632829547145715,0.3071185906561353,0.3068940355040778,0.8439425051334702,True,5
-0.97107799839591002,-0.23866997495152262,-0.0066456066715117057,0.23833859185814937,-0.97063624330940335,0.032557622844477774,-0.014220993722920641,0.030032086688213229,0.99944776607218644,-7.23810093209568,-21.436970713372485,6.1785415683663221,,0.4793296475370939,0.2592592592592592,False,2
0.86590238721465174,-0.49931465403756042,-0.029965514834858029,0.46201713704379049,0.77538704742250453,0.4304823942593578,-0.19171129568657605,-0.38660031421710134,0.90210142232091151,-14.809280165863239,-5.3587021104417625,-0.4849618180329382,0.5077897266953206,0.4703901809432057,0.768361581920904,True,5
-0.99773498382893577,0.066186916383798297,0.012008086586887595,-0.059528916847390805,-0.95190033796826401,0.30056955041201577,0.031324273381046389,0.29917392713187579,0.95368430375132007,-3.8568264334890214,-6.2496785926148934,0.23488036712222604,0.5264271299587131,0.5219565636076593,0.9660493827160493,True,5
0.27853784376384588,0.95078402105889059,0.13574393132098009,-0.89875980668034317,0.2082091172428337,0.38584941802842282,0.33859633708488346,-0.22947485438724541,0.91252058153044013,1.4928240949124227,-2.1217780966170166,-1.5105738594299432,,0.499089761319464,0.8707627118644068,False,3
0.0040170523238509661,-0.91595930435005901,-0.40125106363121976,0.94013298420929858,-0.13328297408891943,0.31366482241356469,-0.34078414765412451,-0.37848936787256005,0.86058814953209972,6.5904416166733029,2.0692813176618179,-3.2481784896270658,,0.3837483336840302,0.2916666666666667,False,2
0.99996248802916232,-0.0085144436855255114,0.0015895858747346503,0.0067007734241639715,0.8767425484668997,0.48091330127506748,-0.0054883667921485427,-0.48088460981454972,0.87676671348395896,3.7826003697425028,2.9665726928879801,-3.5635362373187216,0.3142046453954451,0.4937957204880643,0.285012285012285,True,5
0.98135281925712858,-0.19221306913051853,0.00088328450268539832,0.17404933615082066,0.89054833408637457,0.42027430713932756,-0.081568821994343135,-0.41228364109119064,0.90739667542208102,-7.5058366021049263,4.6953655194836825,-4.6577705781796368,0.5315824789766301,0.6023048646179586,0.782608695652174,True,3
-0.18252876625371336,0.97657126455330157,0.11398164211250504,-0.91945651763862224,-0.21060693038097489,0.33203077123568125,0.34825703390133467,-0.04419599669957773,0.93635663729904517,0.76594098299211399,3.5245916144538074,-3.8461872815208951,,0.08763942030566382,0.2990654205607476,False,4
-0.59727734947327793,0.77334359994003177,0.21260160920832355,-0.74173906078791818,-0.63345078964919999,0.22037073942395854,0.30509495818127391,-0.026072466791573649,0.95196496414929554,-8.2343678503700577,7.5706265669322121,-5.8644885649196672,,0.4233903181035429,0.4615384615384616,False,5
-0.89256417074505789,-0.45088299322470393,-0.00580754017803322,0.42558078637523006,-0.84659304553974091,0.31962667209103068,-0.14903085375327038,0.28281573800706006,0.94752575847049858,7.562712557558287,16.039601960112446,-8.9195700923756398,,0.126689742412908,0.2,False,1
0.021204999647703286,0.97472491246145454,0.22239984940855834,-0.93489978715152033,-0.059494591395058166,0.34988967058027853,0.35427776669441402,-0.21534098221598122,0.91000853040192597,-8.6954828753497324,0.74957753040983899,-2.8570137008870793,,0.09502012178860783,0.2456140350877193,False,4
0.59677506460332597,-0.80135754497148048,-0.04105614917377251,0.75088226765435684,0.53968228804669716,0.38068208270278986,-0.28290518268484949,-0.2580099088910438,0.92379410288445107,12.616606574585441,10.599380827248783,-6.417850050651384,0.4669441696360869,0.3729341628377099,0.9148936170212766,True,4
-0.83939167331466236,-0.50585705338321107,-0.19882218264686832,0.50290801676524854,-0.86158759748766212,0.06892269966187492,-0.20616776043614071,-0.042136129365329344,0.97760902264599225,-15.212909607319526,-3.1571202105859011,-1.4297271846477395,,0.3328178093994439,0.1666666666666667,False,5
0.84050044743564822,-0.54059753517619902,-0.036239520166432324,0.49349165283088514,0.73621859775417131,0.46308548336902411,-0.22366266216495839,-0.40710745667734899,0.88557243197323154,-18.0021253209832,-10.11540160997753,1.5072924856019267,0.8509054686502162,0.7566628432544104,0.9177215189873418,True,6
0.99602899647446641,-0.088715553017021456,0.0074691923894676659,0.079501995621496707,0.92406413826150524,0.37387819015184659,-0.04007082322920702,-0.37179970283999009,0.92744773981816775,4.1640492541798153,6.3992518870537998,-4.991705844120311,0.3064510901666422,0.2437370203449397,0.7444794952681388,True,5
0.9374451714227251,0.31315872085477869,0.15207947306856998,-0.32653147208473471,0.63945925252668201,0.69603811827815187,0.12072178061307383,-0.7021563073209649,0.70171416671960729,-19.534412930110598,-14.707128078930522,3.3492117396474699,,0.3700382049182989,0.2,False,3
0.066419776664421185,-0.98674346870464857,-0.14807342852978284,0.91048927360545517,-0.00076879418995243198,0.4135319716840547,-0.40816381015133701,-0.162285969585204,0.89836828091742604,7.718999654522305,4.7875666408859381,-4.1703641915168985,0.667167777544709,0.5597170052440306,0.378698224852071,True,5
0.56395927809602464,-0.82148644679530958,-0.084320521707509713,0.7774788277048239,0.4937663177885887,0.38951443604599595,-0.27834619652537435,-0.28522770052909402,0.91715241575800366,19.31266907862906,10.089185047685163,-6.0705396663234668,0.4369460354573259,0.3200470684424966,0.7777777777777778,True,5
-0.13167891745825933,-0.97988602070083963,-0.14994682101363332,0.9388506541478655,-0.17182529036989869,0.29838820150170908,-0.31815108345430088,-0.10148623563998066,0.94259239975319142,-1.6183404540621655,9.6347455241635593,-6.5835706523476318,,0.175861788156725,0.2586206896551724,False,3
-0.72747009707331756,-0.68584818770706646,-0.019988028493860388,0.64485717692289657,-0.6933631335198932,0.32156925606548198,-0.23440665356420828,0.22104259429894535,0.94667507217123947,4.0284942766771161,-21.18742349691113,6.1268027817732129,,0.4032144805587654,0.6666666666666666,False,1
0.97028448691651714,0.23824081861889954,0.042300434902602928,-0.22824423038553329,0.8431257781917989,0.4868711261146943,0.080327988552361604,-0.4820583310059805,0.87244895539100809,9.7270142305083809,1.3212380866578712,-2.7834113525384483,,0.1473995478218336,0.4210526315789473,False,5
-0.78972052314797136,0.60493216578779707,0.10197337943884958,-0.57920545960219705,-0.79001566941234858,0.200988252517321,0.20214482651282983,0.099661009819507207,0.97427160085668796,-9.407396928689943,-11.820730596534846,2.3586418234387421,,0.3024078191974732,0.3214285714285715,False,4
0.205044525743975,0.97408982564177493,0.095424074758966249,-0.92553454748773667,0.16126097735260878,0.34260866683426372,0.31834343698134959,-0.15856830945828299,0.93461946661004414,13.043484001801648,0.51282186392996543,-2.3961799455167636,,0.2177220923350967,0.3888888888888889,True,4
0.8811903409155839,-0.4536626086718834,-0.13301812120947837,0.43793550682692017,0.67731018155704326,0.59115430288496951,-0.17809007534763524,-0.57917282002195802,0.79551415424899052,0.96442911443396973,-9.6706306055479523,1.6770899948096751,,0.2672038415179361,0.2142857142857143,False,1
0.95669933384406702,0.27577323790367803,0.093142395709146369,-0.28101261386190585,0.79163268874501458,0.54253994964503494,0.075883433454326008,-0.54522179648878599,0.83485022438801704,4.8041206354766963,-13.497595758520752,3.2242018942489423,,0.4590388885384316,0.7692307692307693,False,3
0.99021223976054995,0.13773063662644863,0.022583001635433586,-0.13567227852868274,0.91190601044456643,0.38732474869792038,0.03275290929411253,-0.38659759421075657,0.92166672234773894,-5.450543312990245,-10.824574964870699,2.0108812979262778,0.6367209951028279,0.5565720152512121,0.9222222222222223,True,5
-0.4233701533191469,-0.9025020077188356,-0.079043275121869205,0.85650697045722923,-0.42716600523009218,0.28969814209611788,-0.29521775494827512,0.054948430725855944,0.9538485975898191,15.026265022154618,3.677594112521934,-3.5085799017440094,,0.1941695047394922,0.1612903225806452,False,3
0.34447836779103308,0.91111567806599325,0.22628052347997277,-0.86880796071805,0.21807899862735583,0.44453827478703339,0.35567876168948853,-0.34972813947412701,0.86670805173541365,-3.1793058787904021,11.193851775337921,-7.2701645317761265,,0.3819117455361862,0.1076923076923077,False,3
0.70341661765239416,-0.71004702175078205,-0.032222490799283576,0.65857540983211726,0.63403204755400899,0.40531690347051808,-0.26736396835573056,-0.30632758540052352,0.91360818672325861,7.079295348112141,7.2515226696506652,-5.2310095516282269,0.2661240342086091,0.2700120451035216,0.7412587412587412,True,5
-0.14563482181769263,-0.94780513481191697,-0.28364753673933668,0.917408306836061,-0.23669962618792351,0.31989886762958358,-0.37034105527516326,-0.21363219183133814,0.90399601182251743,-0.4880815060392294,7.9557233563116956,-5.7557414218878478,,0.554752377899175,0.2121212121212121,False,2
0.099676642426655804,-0.93466097202263909,-0.34128204513604921,0.9299804735290218,-0.034460140763985528,0.36599018778276293,-0.35383737197939441,-0.35386631102186306,0.86578158222180557,12.030123359095667,1.4130547262051052,-2.7358348542948043,,0.164945848217233,0.2666666666666667,False,1
-0.54998513699133256,-0.81244572691489203,-0.19351560636382198,0.8097142790305305,-0.5754831613124598,0.11481253145839704,-0.2046439234932062,-0.093547163845569783,0.97435609133096523,-18.761095583949636,-4.0558833210879168,-1.0405939466279788,,0.3637404723110148,0.2461538461538462,False,2
-0.69611872506827499,-0.7127101639730391,-0.086388325477710637,0.66850856700777417,-0.68736389123866626,0.28394925049813213,-0.26175373244049693,0.13991105456954656,0.95493972603652089,-0.44527218515532263,9.5903490052206148,-6.4506484317309836,,0.3321315689822735,0.375,False,3
0.94971626292588696,-0.31287435270403918,-0.012192594232439867,0.28217577480885397,0.83835638799327405,0.46640690263105533,-0.13570501849641126,-0.44639467529407245,0.8844862586970974,3.3839613925672647,14.577449070968342,-8.4903690079371437,,0.1927889912967019,0.4838709677419355,False,4
0.81355504808419221,-0.55239540090955686,-0.18162462605797092,0.53995154827838698,0.60171634171914656,0.58854886765662862,-0.21582518214633881,-0.57688540037176983,0.78779611930334004,-15.947207760708643,-7.6318897478121146,0.40858657248561414,,0.2553735137140914,0.2368421052631579,False,1
0.59453314919471123,-0.76383725003540548,-0.25116327352335527,0.74913880734777238,0.41272538880068699,0.51812045005469343,-0.29209824003950369,-0.49619593801004674,0.81759905165561009,-9.5700938002702554,-8.7717870448637552,1.0929569322423633,,0.7747421032519117,0.3661971830985916,False,1
0.95383069837398959,-0.30004374112134491,0.0134444134604799,0.27098494760748915,0.87903033955231413,0.39226626201689974,-0.12951508410048354,-0.37051236897093198,0.91975346013483072,11.029426808566875,2.14322920053135,-3.0575451258377608,0.3421094838495047,0.238765025201213,0.7631578947368421,True,4
-0.76044493322547446,-0.64704080588478419,-0.055332621948298043,0.61064570885864033,-0.74145557534829321,0.27812847397823259,-0.22098715298458574,0.1777127606698545,0.9589488270553681,5.0130007999150648,9.6364522712106897,-6.2831401300150818,,0.7042357522952883,0.6944444444444444,False,1
0.94531232549516364,-0.32614296208524751,0.0039211668144519055,0.28585824403896232,0.8342181291188423,0.47155612323923779,-0.15706581926659594,-0.44464691760060471,0.88182733405491232,0.51451452417448496,12.745804319198472,-7.6867156500525127,0.2722972681703241,0.3708001685653861,0.1304347826086956,True,4
-0.99090021559855812,-0.13227761838637822,-0.024887635499551738,0.12981048262138389,-0.98805144927077149,0.083087737937262318,-0.035580912415707398,0.079100981460127812,0.9962314155876183,-1.8667023726546308,-10.077242131642532,1.7703848290487667,,0.7853877276407686,0.6129032258064516,False,1
0.81408632636369904,-0.57970632936083188,-0.034699062330967909,0.54264936237922023,0.73804280570837599,0.40102928378303543,-0.20686982074986934,-0.34530188044825305,0.91540782639314233,-9.9663246844423394,1.1396182923579725,-3.09415015034278,0.4747645770045695,0.446331498355245,0.4230769230769231,True,2
0.92186008047952517,0.37641428599822035,0.092120992801491317,-0.37473948060347329,0.80534265945019012,0.4593403123466665,0.098713290368225237,-0.45796887030249556,0.88347054288104765,-12.374524229119841,-10.657206430797951,1.857548424667995,0.3132818636541975,0.268123814989469,0.4482758620689655,True,4
-0.36835588918945816,-0.81935024949935864,-0.43929387378471696,0.87100734234928667,-0.46936088604751824,0.1450743541165061,-0.32505407007615883,-0.32918919680637726,0.88655192980044661,6.3399606592223989,11.410562780868403,-6.9362868315727439,,0.4675563677861218,0.3888888888888889,False,1
-0.45864932936640923,0.87597490919593046,0.14936114331017772,-0.80829782236954739,-0.48108897733239941,0.33942307853461129,0.36918210008665081,0.034947880457139029,0.92869974837250946,8.6564161036896046,-2.1070545433390202,-1.4253239647513039,,0.5461533012284385,0.5675675675675675,False,2
-0.33541526080373213,-0.92615629529855958,-0.17242714258147129,0.882440966950372,-0.37296029967928435,0.28670290321311803,-0.32984017746123123,-0.055992245373668058,0.94237483295680058,14.191246808653498,1.9865922567659402,-2.9907417655556841,,0.1414673154225479,0.3529411764705883,False,1
-0.87785949753615022,-0.44082579176468156,-0.18717725262600682,0.45170657826936766,-0.89198993218403611,-0.017751845833572144,-0.15913475338139696,-0.10013282277735343,0.98216574368529141,7.0443449533460782,-6.2343851450100054,0.3711146746942941,,0.4758668128377741,0.1333333333333333,False,1
0.98481494831680727,0.14471407209423429,0.095902840988521323,-0.1663922298413277,0.62919583982199223,0.75922738425265535,0.049529217843568091,-0.76365596474368147,0.64372076562062341,13.745944640927741,12.17976187776652,-6.9876167445242974,,0.5457759791781822,0.2142857142857143,False,1
0.99273278653577102,0.063973194663466237,0.10192666433016401,-0.10679854305638389,0.85869774553738254,0.50123073829330411,-0.055458865278306874,-0.50847380677235221,0.85928964970403043,-6.16784966692647,3.6085531847212953,-4.061179567730445,,0.235451390708878,0.1590909090909091,False,2
-0.97509682594025626,-0.20890782919785891,-0.07445602018020922,0.21509930899295115,-0.97261482998511362,-0.088049303028380099,-0.05402284065089908,-0.10187203440035347,0.99332956328458299,-10.539927890379907,-11.348302345608211,2.1006473969156083,,0.4414897768228721,0.25,False,2
0.6459253982473826,0.75700675033642562,0.098595942330525155,-0.71674943239904532,0.5569170895994886,0.41965891682136475,0.26277486762361058,-0.34173693867815819,0.90231105151620195,-3.9449138632278919,12.533035992683999,-7.87797830821569,,0.6451818620877017,0.6666666666666666,False,1
-0.08913203835471771,-0.8696402128495504,-0.4855732487830442,0.93177558041603759,-0.24505574867555685,0.26784687375703559,-0.35192292832250677,-0.42857155789441881,0.83215183247101066,-4.3234954264741781,7.1547031350950689,-5.4829835184535867,,0.1364308771349286,0.1333333333333333,False,1
-0.77078680187017468,-0.62906187635816702,-0.10084077436974834,0.59917927875302779,-0.76956643642685418,0.22079785288420259,-0.21649918700944271,0.10976636842865314,0.9700924937273947,-20.643312763018578,-14.279305113552963,3.11311079213846,,0.472887959780641,0.5555555555555556,False,1
-0.55647465991181488,-0.82040749373516031,-0.13140584880142533,0.76891695762973866,-0.56842697209390203,0.29267300809194036,-0.31480575780226239,0.061824927168185002,0.94714044008013476,-2.6578862578508584,13.597548552961069,-8.2589573665225746,,0.3508435901950835,0.5925925925925926,False,2
-0.81902698905301308,0.57252240386459985,0.037588406136166763,-0.53444062595231723,-0.78510069274622396,0.31303373553196506,0.20872951045420679,0.23629430658079947,0.94899788837649557,11.647151293068491,-3.7112258381566732,-0.57196985267453537,,0.1631521310413404,0.4736842105263158,False,3
0.94685524706599644,-0.3212717223475432,-0.015799415287715782,0.28151780982632013,0.80392909796193324,0.52387568010044494,-0.15560483236128111,-0.50048225330170792,0.85164819630870003,7.7314022730363341,11.110349423252087,-6.8396240215940756,,0.4460180249796644,0.6666666666666666,False,3
0.99177353236181387,-0.12293014933921383,-0.035685275535017727,0.11458460420419089,0.72833084159302319,0.67557720037296143,-0.057058119369117699,-0.67410856957009402,0.7364251540015605,10.070560174008799,2.6997008333683579,-3.356634046551612,,0.2948630354287242,0.45,False,1
-0.35264215037791308,-0.93380170239706661,-0.060480528909574116,0.87661596754639237,-0.35227670456557281,0.32778890899956115,-0.32739572266531491,0.062573988371851408,0.94281309746932096,19.236325360007118,14.651448573374905,-7.9658499957507614,,0.1997029558978716,0.2307692307692308,False,1
-0.35425385196770226,0.9275802179591156,0.11873983163608025,-0.87282691335009077,-0.37354636706104166,0.3140641510698895,0.33567452643565021,0.0076191145428453622,0.94194721794577441,4.4715045095674952,16.93530930481268,-9.4146955746789125,,0.4887681829402359,0.3,False,1
-0.8349716113763781,-0.54944231435678526,-0.030586784561213613,0.51827964889724054,-0.80386289941533973,0.29187436420918506,-0.18495570749367948,0.22785430023991776,0.95596747022463524,2.0902167201221888,-0.31289138640333825,-2.2028251998990425,,0.0980793985184382,0.3333333333333333,False,1
-0.98464223644303517,0.16583855634806449,0.054564085631918544,-0.15833850599193261,-0.9799374378845781,0.12104352668544757,0.073543073995450056,0.11054497302273752,0.9911464196609403,-6.3829507875768616,6.9867921108468352,-5.5661430443386113,,0.6684372760612818,0.4166666666666667,False,1
-0.75962600279067916,-0.6460356796820429,-0.074874805255282395,0.61153780163073401,-0.74871314581616411,0.25583225453158365,-0.22133651542595609,0.14854805909140978,0.96381721352094074,6.8713762554595181,-2.5294639767503622,-1.2149756449840685,,0.154717638785134,0.1621621621621622,False,1
0.16918210483893489,0.93693421083726791,0.30582952762121102,-0.92238084239231033,0.041184689675294206,0.38407994340241297,0.34726214448154097,-0.34707075056693426,0.8711778791446585,6.2184325996874801,-0.78847146650636524,-2.0141996398045392,0.7383957686826101,0.7469550818113909,0.345679012345679,True,1
0.91647226482985944,0.39496471907379521,0.063886293401531638,-0.37838577734523526,0.80373016061063884,0.45917538308106076,0.13001073532778201,-0.44499516807686212,0.88604543285757908,14.918136157760731,9.2703419373678937,-5.84496816069211,,0.2002484221205704,0.2857142857142857,True,3
-0.55263442458347045,-0.81624852941813908,-0.16832566942692523,0.78181662697691878,-0.57769757472731886,0.23458106048146313,-0.28871777663962889,-0.0019622377276369354,0.95741223883725768,14.065695384285071,12.826651961647556,-7.3559022037558286,,0.4288089441526967,0.5769230769230769,False,1
0.38354509700237716,-0.90165879601420795,-0.19976129288639832,0.86716810565691926,0.27721210901621879,0.41373049578943244,-0.31766749140701606,-0.33191092507627451,0.88821309533139881,-18.657654433043586,-11.258644183980016,1.9976940290989853,,0.6443028182224751,0.2,False,2
0.98627287353202009,-0.15996724464495041,-0.040942637623804144,0.14945835146761671,0.75941526541751392,0.63320664543846106,-0.070199858343688304,-0.63063375686015177,0.77289911670086442,-1.1931540276901147,15.830670572428206,-9.1199118331609341,,0.3695630688508463,0.3333333333333333,False,1
0.96787933429848994,-0.24373564359270841,-0.061664659898203147,0.23040031034397571,0.76171979569861437,0.60555647947508739,-0.1006245061171113,-0.6003131590122861,0.79340961670840482,14.532340369014776,-7.0835989465274807,0.84025833253836335,,0.3877667665312566,0.2173913043478261,False,1
0.061399780202651806,-0.98361810697499097,-0.16948594815500584,0.93304786949662066,-0.0037420179493120112,0.35973277655710523,-0.35447389215410946,-0.18022601624793885,0.91753302003171222,1.9853365269378282,9.3062033056948117,-6.1898392248023164,,0.4928278598837745,0.7575757575757576,False,1
0.92909246543646795,0.33793523544573156,0.15028961146208658,-0.34974379913692866,0.6706315924914128,0.65416553112931597,0.12027662131293246,-0.66034312580405519,0.74126951277445363,4.4110877557638712,9.21324505704772,-6.114687987455186,,0.4511577856970905,0.25,False,2
-0.24264642686512611,0.92977341311822126,0.27684672977674785,-0.90603685759994745,-0.31919098980774896,0.2778746564477606,0.34672744944696615,-0.18340804858032289,0.91985953466600456,-4.1481773928926691,5.7554038872520454,-4.9393367689486176,1.164842461194205,0.4546606064308076,0.2967032967032967,True,1
0.55403579049605556,-0.82479363871752565,-0.11295926867909181,0.77590567544697886,0.4624287163563009,0.42910379291988565,-0.30168646913406511,-0.3253845967776719,0.89616412476803231,-18.451532756606376,-5.6222932701602648,-0.38634928779704214,,0.07759906507886206,0.2,False,1
0.64783978790951169,-0.74565746735563476,-0.15587992358908598,0.70933818745812993,0.51587222578357872,0.48032820287664879,-0.27774618811960944,-0.42174730353835915,0.86312586969870697,13.265754281617705,1.4814173605278045,-2.7792488436805338,,0.2463803756855964,0.4375,False,1
0.030001982637640239,-0.9817119278786588,-0.18799354164060378,0.9345344310682866,-0.039173735622798557,0.35371007277886296,-0.35460580675686082,-0.18629844094388384,0.91626830825702665,-16.926732856005664,-0.38888213523082271,-2.6282264461663574,,0.2825078828947398,0.25,False,1
-0.62813941260472439,-0.76444840572898376,-0.14511896261690743,0.73041758681494418,-0.64358536896374219,0.22866574235603732,-0.26819960328834502,0.037636522610614863,0.9626278953789752,11.400337803120259,4.3885539115762997,-3.984145347611542,,0.5803183246925888,0.4901960784313725,False,1
0.26117976756146427,-0.92299353391294137,-0.28260938655932472,0.9014402194714175,0.12850563235312676,0.41339065443336243,-0.34524000309329772,-0.36272474248170794,0.86558656496951047,10.335031753196782,-1.5169812377572784,-1.5956573526790374,,0.5023923578461392,0.1702127659574468,False,1
