axis_00,axis_01,axis_02,axis_10,axis_11,axis_12,axis_20,axis_21,axis_22,location_x,location_y,location_z,dbh,dbh_approximation,score,reconstructed,number_clusters
-0.93929652192205471,0.25085500165293445,0.23408078103688418,-0.30814402480406156,-0.91680998111168721,-0.25398172869626306,0.15089500946911852,-0.31069474839413447,0.93845589637319682,10.482266182660302,0.98936750739182289,-3.399597433367552,,0.2905135657310765,0.5,False,4
0.99597411365530741,-0.0072425587997401505,0.089348252756033669,-0.019403026832381078,0.95568375621767632,0.29375513723408103,-0.087516212659516229,-0.29430613898405883,0.95169575447094901,15.275492932903655,-2.6015040738992994,-2.9569404259322205,,0.4411297929909235,0.1176470588235294,False,3
0.98954880370512754,0.048561450880083762,0.13577536806863075,-0.11824006161849471,0.81221257181454909,0.57125303151480122,-0.082537584858084601,-0.58133684183510781,0.80946588773769645,3.7305557215231069,9.1968996843124593,-4.4675132259689505,,0.5545439911940526,0.1818181818181818,False,1
0.90925649513492324,-0.40949306848271538,-0.07461938702218146,0.38226420595276928,0.75058081779470376,0.53898285019649061,-0.16470186065207224,-0.51859797803620888,0.83900502637022456,3.2109042012848876,-3.7877134066871392,-1.4580402684749909,0.3909756265293937,0.4216233368615371,0.25,True,4
-0.9832948677512019,-0.14304138932717633,0.11256271138124842,0.13017902785835506,-0.98487266638774296,-0.11436455617083346,0.12721880269834593,-0.097800776794712996,0.98704122725362919,14.322015110975363,0.15191483311668563,-3.5978901695970191,,0.4310664564019948,0.7719298245614035,False,4
-0.77275438063254387,-0.6346541105425344,-0.0080515330638956245,0.63084118176864534,-0.76938578543190594,0.1004236852543705,-0.069929039732812115,0.072523604066501351,0.99491218519789593,-6.8333527642279694,-2.6084575032348609,-0.4945511037244269,,0.3138920148970674,0.2456140350877193,False,5
0.83572966292663742,0.53221631179204409,0.13528387918375226,-0.54903544747609712,0.80498434551561771,0.22485613376004548,0.010770697250043204,-0.26219458601822321,0.9649549166378093,3.0059478570506122,11.026983573139615,-4.7748403246919677,,0.2354470105470582,0.1785714285714286,False,1
-0.39617415920263543,0.90752933918998457,0.13941497082263132,-0.895678696771259,-0.41539183425397591,0.15877435619537694,0.20200422701078297,-0.061968722308174316,0.97742220648257649,7.2386846850474811,8.8305380861714173,-4.8671307816330884,,0.1656446663767307,0.2307692307692308,False,1
0.93562051351485731,-0.35286093818400421,0.010169217968918148,0.33220304682237745,0.88985793615924114,0.3127203049633101,-0.1193959395127164,-0.28920928712321942,0.94979081795390885,-9.0083856260115116,20.603541863614804,-5.6400029816954689,0.631733939700529,0.3292559480148964,0.8571428571428571,True,4
0.95376293943706747,-0.28245991286126126,0.1027261066271582,0.2591395883180212,0.94594544435128947,0.19502279373808801,-0.15225941390512512,-0.15938511203199274,0.97540425308679968,8.0043153398854869,12.566993161020809,-5.6807899806820013,0.3135838573347534,0.2597117580378054,0.9027777777777778,True,2
0.01514594271279804,-0.95747148268286286,-0.28813010996496535,0.98421460892469725,-0.03654142033913408,0.17316560911106327,-0.17632981596584135,-0.28620461989402107,0.94180396662616239,-10.002398211870208,1.6914105355634796,-1.122235384123567,,0.3191156137499179,0.6666666666666666,False,3
0.92967012754649603,0.35035944037515721,0.11384953442016382,-0.36700756316767819,0.90761328918355666,0.20382238806158562,-0.031920252589916182,-0.23127122570136477,0.9723655267630501,5.3150249201519211,1.0898013694369717,-2.7933122499973955,0.4023894003690546,0.3233507497387037,0.9232954545454546,True,2
0.85598494673217129,-0.51121458077803916,0.077132505261114481,0.48559775637351132,0.84619773641764706,0.21941788871161416,-0.17743897534908759,-0.15036303828263126,0.97257717778358432,-14.439889805944464,12.465064886322448,-3.150343620780697,,0.1652684382028871,0.4864864864864865,True,2
0.85006366230785491,0.4676835715558636,0.24220620743595314,-0.52665370238512588,0.750214485008735,0.39976756277506681,0.0052581163733437103,-0.4673866743712633,0.8840373571475213,-11.295245610481603,6.3468747385781104,-2.1510971232169713,,0.5856401976175387,0.4285714285714285,False,1
-0.70519491257963873,0.68163866861685263,0.19511243096747891,-0.68138394018645954,-0.72762111533334695,0.079268143519516318,0.19600015644833038,-0.077046985452383823,0.97757235062420278,-8.773910792686241,0.10886178514343253,-0.86951964239958923,,0.8010256524118053,0.5428571428571428,False,1
0.91005906056494368,0.39252100800573575,0.13311560598898431,-0.41352961031713792,0.88159472458052723,0.22756098739182304,-0.02803154784540967,-0.2621411830787877,0.9646223263326662,15.091306399286465,5.2983429020196615,-4.8824138403646433,0.2400324485836981,0.3370868969193399,0.875,True,5
0.47787148179799255,0.74603061802480497,0.46376412523363497,-0.87234304605601676,0.34099082336314968,0.35034678303051614,0.10323011615755023,-0.57198214600776565,0.8137444118188768,-8.8360855074793623,8.2086291728286049,-2.8738176449127693,,0.4177787314816142,0.2571428571428571,False,4
0.41652095626151803,-0.90544844298447746,-0.081690942533281963,0.88629671699420276,0.38440849090757756,0.25827938664062372,-0.20245597654870204,-0.17998119128160095,0.96261017465252607,-15.114957329730712,21.687881178108732,-5.1592181352996231,,0.3354246214964894,0.4285714285714285,False,1
0.78163411590150667,0.60669767866224944,0.14479653160454703,-0.62282721415688569,0.74663664947726116,0.2337091674773169,0.033680412177427718,-0.27285827889804937,0.9614645024504811,-3.5749593326162832,0.11842788083664146,-1.4703549882066536,0.3488564713113642,0.3316801039919095,0.7942430703624733,True,2
0.98409861555731704,0.13784318726932823,0.11202308057541532,-0.16355193185556491,0.94921864006715007,0.26876521154231098,-0.069286942813821112,-0.28281306382927829,0.9566692691223081,3.1667839053330002,-6.2994320171056799,-0.88535419486245115,0.4185082261116444,0.2780881544285287,0.6046511627906976,True,4
0.72529539614086791,-0.68824287574935006,0.016380852149015496,0.66354602872763868,0.70521351566475254,0.24976101594032046,-0.18344823819443698,-0.17028106560632639,0.96816894321153102,-16.788899222169491,-7.2689838335383925,1.6376513933812076,,0.2929410615639058,0.9459459459459459,False,5
-0.5905811180157835,-0.80503243713895567,0.056006412109164294,0.80240773964925782,-0.57844409873396341,0.14677957620466942,-0.08576574137845959,0.13162522476321581,0.98758242076893865,-13.610067758939476,3.8009796129707794,-1.1526548706134834,0.4411670703737908,0.3602602249028373,0.9572649572649573,True,5
0.97093857451385435,-0.22986024192872698,0.066652484585878385,0.20967762481839286,0.95126018261080492,0.22614013051595763,-0.11538447976881848,-0.20559264130732943,0.97181175526372066,12.419590116799014,-4.2325640099464428,-2.3833047139370942,,0.2508431826285095,1.0,False,5
0.94885953524227917,0.28324811231522229,0.13941337543317084,-0.31345187772179328,0.89785890048440287,0.30918815496978819,-0.037596578733827116,-0.33707551333611152,0.94072663169313364,-4.9146278134299832,14.907255774513294,-4.8596383820047455,0.425569304212738,0.3920482920175102,0.3076923076923077,True,5
0.99383094669533945,-0.037875192313742076,0.10423780119439634,-0.0091225019552466768,0.90877642004131964,0.41718365060840995,-0.11052976679936477,-0.41556093197518024,0.90282461334812847,5.8294847143185233,8.9390377465664717,-4.6922561501629065,,0.3482876805416223,0.21875,False,2
0.53930856378351832,0.82640310224568236,0.16187706949556283,-0.83718578810174082,0.505402841624084,0.20901656364692225,0.090918805701711819,-0.248245604748631,0.96442101309166861,-15.235295948440774,3.1707076986266385,-0.85994805698509424,,0.1797655102219897,0.4583333333333333,False,2
0.85708127550286328,-0.49535526892628218,-0.14154449734749353,0.48370885288911614,0.67919617676528099,0.55201295193511501,-0.17730604281602891,-0.541586291383372,0.82173405440356717,-10.879546531335125,8.3734852992174407,-2.657248086166264,,0.3672594697108496,0.125,False,2
-0.67499117592762359,-0.7366774177055323,0.04114966175503091,0.73530054642253662,-0.66702366687366577,0.12005221472812884,-0.06099195726129622,0.11129155436563196,0.99191439705063189,12.956352309927052,15.359115885719131,-6.7122440068579303,,0.4166240603686815,0.375,False,1
0.054891024611094269,-0.99804981942025728,0.029724289265424614,0.97996505453538718,0.059556727845787347,0.19005653910812131,-0.19145617594268999,0.01869636658533419,0.98132307553114584,-13.679462340477658,6.4626917545870919,-1.9173797871759559,0.3336830118857906,0.3281663325013017,0.7962962962962963,True,5
0.97427927982768181,-0.20215513181136477,0.099564991743004011,0.17432410290893136,0.95612043935217805,0.23546722191845554,-0.14279703093359813,-0.21205425752700335,0.9667688450820191,15.357473237699637,10.797403067788327,-6.0343188871636801,,0.4224935135865718,0.5882352941176471,True,4
-0.2827935655397773,-0.94490675766021548,-0.16486060359394383,0.95407482814990674,-0.29481312943762361,0.05316428314123775,-0.098838360872822592,-0.14225483485370494,0.98488300847396071,8.6989846060253591,-7.6036567737195178,-1.1293820772672503,,0.714291080052179,0.5238095238095238,False,3
0.95123946431504913,0.28428928439245527,0.11967908885533429,-0.30534675835184499,0.92281818725179643,0.23488284407620502,-0.043667364170937306,-0.25997345260032334,0.96462788952498613,-6.2317038522653867,7.1932269633385832,-2.9191955883438538,0.5939617646340027,0.5340063988841899,0.9985029940119761,True,5
-0.92172223932632547,0.34224404582221857,0.18247500275517969,-0.3556143854655815,-0.93352992007876934,-0.04539049644653545,0.15481124759267481,-0.10672816599644774,0.98216219444745156,2.9713372686460309,8.0270367660610322,-4.1342960483860596,,0.2930602234811897,0.1538461538461539,False,2
-0.92515795137142365,-0.37958146547379379,-0.00082224266365987786,0.37846027332104704,-0.92225449348736033,-0.078831914603989917,0.029164816680190123,-0.073243158800939276,0.99688758300867153,8.1124906694786905,10.762644983832374,-5.3898499624148677,,0.3201688038615275,0.1818181818181818,False,1
0.48757432474332196,-0.87251447084191669,0.031460706008371503,0.85108101745227627,0.48301773905195433,0.20580322031867682,-0.19476236695905436,-0.073568756497508159,0.97808755154327498,9.1232900168029261,-4.4526919585898419,-1.9621311607378322,0.4450464226210569,0.405175315982477,0.8607594936708861,True,5
0.99118162219307548,0.077591575543388178,0.10741759274624547,-0.10053821901334034,0.96841332576651251,0.22818347222239385,-0.086319513114527902,-0.23697083762044865,0.96767441000221421,-0.52107688635064064,12.811979997889978,-4.8031986551265105,0.2371944865763469,0.2234528622460673,0.865979381443299,True,5
0.97285474649071346,0.17063822475489909,0.15632094703840854,-0.22227952836508416,0.876962504774909,0.42606170502488527,-0.064385196282096768,-0.44924309841266691,0.89108651938422978,7.9053364895321225,1.9856812878352548,-3.334616783335135,0.4425062076106075,0.4306052126651534,0.3666666666666666,True,4
0.85218508479828003,0.507340040880359,0.12801040647878512,-0.52322564621024903,0.82442410886483708,0.21577722741356686,0.0039375620903515096,-0.25086046249246724,0.96801524986068765,8.1824138305417407,-0.12705196156480125,-2.8964064206122129,0.475158810529781,0.3769410930848416,0.9044943820224719,True,5
-0.98954756316526726,-0.093875465797795113,0.10946696832801754,0.087474028216631389,-0.99424219985023798,-0.061892991723732665,0.11464691282906903,-0.051670542460913696,0.99206161120192393,0.31988047969101052,11.589076242718891,-4.6487003501084709,,0.638651130731797,0.5504587155963303,False,5
-0.41761741067729807,0.89445695424982929,0.15982007162214271,-0.8863218025600228,-0.43974683571678685,0.14510817614395283,0.20007338805033531,-0.08105231317606662,0.97642263488863679,-10.846916679565751,18.701070987702586,-4.9514346074058686,0.5710386179696997,0.4000853271194014,0.6666666666666666,True,5
0.54811526952346645,0.77392879801445846,0.31718112636017992,-0.83098262752252783,0.4607854902623702,0.31168029247840129,0.095065893310757654,-0.43440873330028917,0.89568494927706843,7.1784389845400529,5.1656259401503455,-3.9157602665586557,,0.5697074196565437,0.2571428571428571,False,2
0.90545543617763147,-0.42434009837184561,-0.0092700598783111848,0.37641233607589952,0.79271225105557341,0.47950082406215894,-0.19612293681836149,-0.43765599269309441,0.87749246476169962,-8.1440928466535478,5.4897741036617846,-2.3868110958887399,,0.412940319487554,0.15,False,2
0.47652201333890942,-0.87730478045692095,0.057123488959153673,0.85521841720440783,0.47762515218313867,0.20118566767148574,-0.20378476311495941,-0.047016339600908258,0.97788610488784022,-8.5693644743107384,-1.5048993428898241,-0.51009630444832232,0.534411226382932,0.4175916144164014,0.8881118881118881,True,5
0.860751961356508,0.49123169721899962,0.13340719871231166,-0.50902380192854679,0.83019400676215727,0.22731625592201493,0.00091109337215053432,-0.26357035262627015,0.96463974577317246,11.138292484338431,5.7481229330220529,-4.5818042234379996,0.4512155561260909,0.4745446025030443,0.34375,True,5
0.77559120454499719,0.61958042108973799,0.12074098407211467,-0.63044760144071876,0.75076643440019941,0.19719427683291069,0.031529434978828375,-0.22906301050207362,0.97290083356405954,-8.0712164497208185,1.0949893491217435,-1.2271881943089451,0.4150151907446581,0.4042709241302984,0.8972809667673716,True,4
0.90916272324470715,0.39194934770541467,0.14070839170272539,-0.41628129976050099,0.86472270844628851,0.28100625787875644,-0.011533522097583862,-0.31405468684707494,0.9493348363656573,-9.1808944400989461,10.005861378608163,-3.1593759520961497,0.3482537208192985,0.4022329977323964,0.4918032786885246,True,5
0.83335330061974422,0.53375963020164496,0.14360687139960143,-0.55261353099377575,0.79897818280950395,0.23717535444690313,0.011855872332711417,-0.27700996473308725,0.9607938997151283,2.713892444709483,12.117842577163033,-5.0049204905516715,0.4494889162426676,0.4251839986658775,0.96,True,2
0.58876130234605661,-0.80821243682150101,-0.012360656407593332,0.78567381624836496,0.56861529827491164,0.24370740044049613,-0.18993889365136937,-0.15319693056580708,0.96977003312316745,-13.303102005740412,-8.9989751311541646,1.6925908883321132,,0.2088924152605961,0.6052631578947368,False,4
0.71796445324625668,0.68236437896217494,0.13749872071539426,-0.69406224300054831,0.68674925856513303,0.21599319133085731,0.05295891535758733,-0.25050810402820556,0.96666490734915067,-12.166073504335319,-9.4950853857684425,1.669026902018226,,0.1327106912930556,0.2307692307692308,False,2
0.98937512280300766,-0.10473601425708869,0.10083270152124453,0.077444191162722345,0.96663543252301842,0.24416866679856505,-0.12304171501440145,-0.23376549768641197,0.96447624566794732,-0.79144297750338866,15.53716397271773,-5.4461511913025218,0.2190202902701901,0.1752953625693685,0.5588235294117647,True,5
0.82234154478176025,-0.5687904364510733,-0.015225738988500936,0.55254783155742171,0.79189929083232935,0.25997385834049752,-0.13581339244396901,-0.22220025333255475,0.96549560840627802,-21.160966630388625,-6.0954951997989504,1.810169054169378,,0.3154552331389204,0.1,False,2
-0.55825550280394753,-0.80200556596112171,-0.2124567385527972,0.8248521990705977,-0.56406234561919122,-0.038111939638049791,-0.089272858571403851,-0.19652160802811508,0.97642696311630661,4.572640101732766,3.8346195952264708,-3.3972537874653566,,0.4291242295102247,0.1534883720930233,False,1
-0.86210454485036259,0.48229925924741246,0.15544509731010392,-0.46978759304357287,-0.8757002624328476,0.11157359811966935,0.18993517623304243,0.023161927908537105,0.98152338429855235,-17.39691870398957,2.9269112289382777,-0.59561298770951432,,0.4076341999693446,0.6129032258064516,True,2
0.13635167131250558,0.85528729708799045,0.49989184947366982,-0.97751520835560879,0.034227170364636045,0.20806854217377702,0.16084849754901998,-0.51702237886647606,0.84072327230038835,-2.8910420814953439,6.9055440416079055,-3.1632255220687071,,0.4121061108400056,0.1935483870967742,False,1
-0.81327313151193792,0.55191786354471872,0.18431897748468345,-0.55197663515722994,-0.83199119196405669,0.05578934248340145,0.18414290049108151,-0.05636779572114891,0.98128184728153911,-11.942227879874929,-0.48741417492691591,-0.41645631434470137,,0.4780116629233678,0.125,False,1
-0.43554975098533155,-0.90003190635789421,-0.015459041185979863,0.89375023518545038,-0.43442885117647545,0.11172327587140776,-0.10727036646980713,0.034844523289346063,0.99361910593253511,11.382029280195972,11.295609073362035,-5.7795803711695042,,0.4123825741087516,0.6129032258064516,False,4
0.081573565696287612,-0.9563868904646935,-0.28048149515942872,0.96748536015657727,0.0083845482290662715,0.25278800848476424,-0.23941142675798124,-0.29198255957894059,0.92597427266605992,-5.566215268987186,2.5883816368606736,-1.8763326344846405,,0.5337874012816902,0.5230769230769231,False,3
0.15558090285350423,0.9735683475689656,0.16721021284336191,-0.97504773434971836,0.12421721131418728,0.18398913052897292,0.15835560743708871,-0.19166313423598302,0.9686014374179247,9.3163698628352378,-1.8993878628398364,-2.548134967736682,,0.1016030356279799,0.2121212121212121,False,3
0.26029014130366884,0.80457355216329729,0.53377002679004981,-0.95476487433506629,0.13215688737129067,0.26638053956000124,0.1437813516283025,-0.5789611008346468,0.80257770131263451,10.572168563609571,-9.2449579905983263,-0.88770194815953429,,0.4715623951781635,0.1717171717171717,False,1
0.93846600493426435,0.23843381631299773,0.24986170739259228,-0.34340104556047291,0.72136330924019432,0.60142389210107849,-0.036841274281648892,-0.65021864885625624,0.75885336474766252,-5.6852370680867415,11.97219842541433,-4.0874375648309185,,0.7309041077738534,0.2537313432835821,False,1
-0.92482799116310066,0.32703095347305577,0.19427800243910265,-0.345623361167541,-0.93574968949554005,-0.070121400615304086,0.15886371195611507,-0.13199725027251297,0.97843704291283873,4.5709150045113782,-3.5172469770600245,-1.7251167566993382,,0.07513772312349822,0.5,False,1
0.91644120382673444,0.3126303605277661,0.24979547154599399,-0.39758576751883912,0.78216081889509548,0.47973952396254571,-0.045399090244871647,-0.53896819114084416,0.8411017842944486,-6.0576401400869315,8.777959435074342,-3.3561058929088872,,0.3183017284805685,0.1951219512195122,False,3
-0.93865935228869346,0.29990210215399815,0.17022734646519999,-0.30669664155895965,-0.95169691094714415,-0.014496887601078312,0.15765719272340645,-0.065815794588200485,0.98529817353189997,-5.2853412317678625,-13.710297809412213,1.8454318901190869,,0.4195267169942033,0.391304347826087,False,2
0.86989104289389918,0.47355468622011671,0.13796931779178612,-0.49324363808093846,0.83547016119114048,0.24228149589254525,-0.00053571041060049285,-0.27881099138702592,0.96034584608678286,-15.445840994436626,-8.0077808360014977,1.6778582621990488,,0.1007371960835798,0.2666666666666667,False,3
0.61674406747466759,0.76274037841130082,0.19456071128515962,-0.78201193837099003,0.56546519884429625,0.26211912776679663,0.089911531407536105,-0.31380921598475259,0.94521938854584697,-1.5063396005326317,5.0299754427793797,-2.9453961604935688,0.430362333503046,0.3629873220233471,0.2765273311897106,True,3
0.14903664151407872,0.97053406369681894,0.18934547971985594,-0.97592650202789655,0.11353456061532245,0.18621859785069458,0.15923423666346709,-0.21254066610892147,0.96409072349244074,-15.428316279198842,-6.2228338466485278,1.2709386940428471,,0.2061753028135037,0.2352941176470588,False,1
-0.56688448922435652,-0.79507818819334841,-0.21562154469352884,0.81915347549718454,-0.57179011134827973,-0.045206771010611158,-0.087347349460212664,-0.20225415502160837,0.97543000636579313,-1.4090523055671778,-15.041131741214603,1.6501896168398891,,0.4858945894228405,0.1481481481481481,False,1
-0.21368191455042607,-0.96000372980527748,-0.1809222986644293,0.96115699426352852,-0.23971856453740326,0.13679269788415774,-0.17469193390756221,-0.14466460719914628,0.9739378212450488,8.2694363857250313,-6.3602709807533282,-1.3290932808922238,,0.3233877372878714,0.5238095238095238,False,2
0.31748609406536438,0.90449513297714068,0.28476505139462321,-0.93861938403162015,0.2570336891243814,0.23005941531528748,0.1348934097545901,-0.34032666230516606,0.93058128657791339,-4.9715871023977138,4.5545084038956789,-2.3737710844141962,,0.1462546369711142,0.1147540983606557,False,1
0.59570473289005332,0.70652076921065776,0.38205271087425929,-0.79912587942626645,0.47347002233965685,0.3704375342441435,0.080831306086109639,-0.52597960095393903,0.84664736421768194,8.7262338973146907,3.9409892959834538,-3.8599857409888059,,0.3403922883026395,0.2352941176470588,False,2
-0.99551528787841659,0.0013476522875911709,0.094591201671537326,-0.015671125861559866,-0.9884329285753799,-0.15084681475632553,0.09329376943067981,-0.15165266084447651,0.98402121066784187,5.2110017763192813,-6.0276627689065485,-1.1523472590032189,,0.6894824553217597,0.25,False,2
-0.86856608738238383,-0.48671243470697484,-0.093295003890164249,0.49556824517271852,-0.85217216724555944,-0.16797235411947425,0.002250827778687306,-0.19212913176719063,0.98136707225211883,-11.881455602661696,3.3193587656411689,-1.3477090818574677,,0.08730915184108931,0.25,False,1
-0.28757092597912903,0.83383194404393635,0.47119767786292938,-0.93706189998896783,-0.34667707450121521,0.041593287972282428,0.19803524464239386,-0.42958037095192025,0.88104639308735533,4.2699580873885621,-2.1006639298779417,-1.9608900152329352,,0.159271189286985,0.4,False,1
0.96324095488246564,0.23874553090429021,0.123156137932078,-0.26319478432307664,0.93053273956391658,0.2546317460663563,-0.053808627024349465,-0.27768577938544281,0.9591638231213967,-3.9689099552535105,3.0944422522426702,-2.2127939186031118,,0.07733194516537137,0.1864406779661017,False,1
-0.98166026594417255,-0.18704192187359536,0.036857044486057679,0.17683899534801034,-0.96563921395519337,-0.19044389776598669,0.071211600113476992,-0.18043344460999203,0.98100595312946515,6.239396731470495,-9.1717217764889369,-0.41815505622618443,,0.1679436878697103,0.1071428571428571,False,1
0.7553168510580579,0.51705084722368333,0.40268458611301594,-0.6542541921243562,0.55923142104135093,0.50912834315895006,0.038051367852495188,-0.64801129550752634,0.76067960029122084,-7.1731400120251241,9.7978612256147297,-3.3814095515584146,,0.5768019608952909,0.1326530612244898,False,1
0.97602681920195122,0.17719425738888075,0.12638767086597,-0.20768831672724081,0.93190757500664345,0.29734463966959634,-0.065093865252625463,-0.31646558548069631,0.94636796327476802,13.71914296783442,18.896877200178679,-7.6324476735351343,,0.1716587354014923,0.3125,False,1
0.65469857770876161,0.74110720134822239,0.14876117926371496,-0.75297802477491627,0.6221636372489362,0.21432802591178021,0.066286247081814742,-0.25233415265274822,0.96536708502663859,7.7750546704243879,-7.5535034677602848,-0.99125924543971167,,0.6995613186527381,0.75,False,1
0.99471951077119047,-0.0094310668613799623,0.10219662356937634,-0.018447684298407638,0.96312012944324632,0.26843863210285362,-0.10095928800833982,-0.26890643584540902,0.95786040262961525,5.5752418521496772,-18.751927200367511,1.9035549136254013,,0.302855955642487,0.8,False,1
-0.28236190726404198,-0.89072130360197332,-0.35621245435247489,0.94897371018791488,-0.31370663870404264,0.032203139679146148,-0.1404302342745177,-0.32894331448231723,0.93384990504844567,-8.3848685534816827,14.203933477544028,-4.228596967461093,,0.2233155975869976,0.2,False,1
0.95431117939148757,0.2625179840612315,0.14273920601171652,-0.29506939713890129,0.90327679062616495,0.31148850763419911,-0.047161676820418795,-0.33937493655324957,0.93946816267448019,16.373844737367822,-24.424302291462077,1.9321634447370915,,0.6076214259205195,0.7837837837837838,False,1
