axis_00,axis_01,axis_02,axis_10,axis_11,axis_12,axis_20,axis_21,axis_22,location_x,location_y,location_z,dbh,dbh_approximation,score,reconstructed,number_clusters
-0.55978969039103277,-0.826451238111647,-0.06011533544476013,0.81860755889721037,-0.56281048048411475,0.11456887698493667,-0.12851913105939111,0.014923608175123997,0.99159473519718411,-3.7190936786503586,10.513292176286367,-4.4199706355624304,0.363605812804727,0.3251773144675922,0.95578231292517,True,3
-0.14578991233387931,-0.97943582392866113,-0.13946601115276525,0.97926442860136143,-0.16291153378267387,0.12042014381582956,-0.14066442456331341,-0.11901806151068088,0.98287752069955825,-14.531172111244782,5.5486562612598007,-5.087303332325841,0.3637331525772004,0.1942762172991285,0.7222222222222222,True,5
0.90738221495826499,-0.40067133431524443,-0.12696455346069735,0.41944077399622043,0.84383343066844152,0.33468579054955411,-0.026962067555815268,-0.35694204451755179,0.93373734195904667,-4.5744130939025851,-9.7350709187844089,-1.6447499022929648,,0.6070773872729152,0.3725490196078431,False,5
0.94017094815599211,-0.29884547112890669,-0.16361531905418875,0.34015790016359798,0.79618887991694764,0.50037572928039598,-0.019266322943261721,-0.52609376719586587,0.85020830207538423,-0.45380882306572867,16.96552757651758,-4.848390617675344,,0.1160954215856833,0.1818181818181818,False,1
-0.98830311617493716,0.14981322464800018,-0.02851224788534501,-0.15172067732082098,-0.98480515626970611,0.084496391981612073,-0.015420331780441041,0.087833945062069887,0.99601576868170794,-4.8188431286377051,-18.674689081482345,-0.33246709024956472,0.3498934458922888,0.3142893495116549,0.9622641509433962,True,5
0.859129949409972,-0.50971007295875914,-0.045731515951201271,0.50840469035631097,0.83987431979936078,0.19009418130301842,-0.058484193168088332,-0.18656572157268747,0.98070017369405016,-7.6259369974585924,-8.6243778212953561,-2.2388063613911089,0.4606100703683645,0.4228912876673865,0.3614457831325301,True,5
-0.29713833086398411,-0.95159686537222199,-0.078563465714847458,0.944689014110356,-0.30494683239956261,0.12070665279378105,-0.13882175244020942,-0.038351469635929392,0.98957449736045411,4.2206318201776654,-7.817424644484773,-1.2487068373500547,0.3425301192440232,0.2893096578469221,0.6712328767123288,True,2
-0.71409150631879181,-0.69603168744257049,-0.074921363303176475,0.69122858563460465,-0.71797982270757299,0.081902482174754834,-0.11079875001525392,0.0066980788775475933,0.99382029197154531,7.4960534499033855,-7.4666219697057397,-1.0457190926064193,0.281305164669498,0.206685340419413,0.5319148936170213,True,5
0.96588548690677367,0.25573375380577268,0.040810211311293379,-0.24397124189830932,0.84572552602920381,0.47458020159844727,0.086851939008064732,-0.46834664703297996,0.87926569300951596,-4.0340369710185451,-5.7468064092314295,-2.2046110484620636,0.5739347946631221,0.4281992308662081,0.1904761904761905,True,4
0.24473994603838836,-0.86902998781538932,-0.42998748713271784,0.96107683774857799,0.15879777493031833,0.22608533481933812,-0.12819387955873321,-0.46858312704872596,0.87406875146576291,-1.7594577718895479,-3.012413163940042,-2.4054720791667532,,0.4777800142646962,0.1640625,False,5
0.27367598175517488,-0.95904293894269654,-0.073062290372654035,0.95389158238344596,0.26090071861454084,0.14839698138581983,-0.12325707309663146,-0.11030619334639832,0.98622524690918378,11.303723624460483,-5.6793938991614636,-1.1031567291201321,,0.1219088365661919,0.4347826086956522,False,5
-0.61791882097362416,-0.78202875045170328,-0.081285694642497727,0.77583185036468105,-0.62323798598468694,0.098282006417585166,-0.12751968728898694,-0.0023337293541910858,0.99183329398695841,9.1132184377771974,-6.7015319785192675,-1.0838415833056516,0.176392966631317,0.1424719518884695,0.2068965517241379,True,5
0.99940496428419423,-0.004271417752864104,-0.034226778324685972,0.010261235974196705,0.98419365674632775,0.17679805727601161,0.032930599757498,-0.17704406516647353,0.98365185639480168,7.3838128183113678,-18.403088698770233,0.35949823600211461,,0.1595515700284841,0.5,False,4
-0.049744909313768404,0.94324862925307396,0.3283404748269132,-0.99451158040493526,-0.077076904159086579,0.070752153929969336,0.092044339520928956,-0.3230188450500201,0.94190586860084269,17.374569637607976,1.6923709863377749,-1.6603390839667747,,0.4120033506179241,0.2,False,4
-0.48898383402484541,-0.8679160842194561,-0.087272451641556809,0.86203114850430351,-0.4961080343898267,0.10382252752757615,-0.13340580598577453,-0.024464034152773262,0.9907595076315231,3.8917946207916647,-9.8577476133647028,-0.92790158483829055,,0.1122670170745612,0.543859649122807,False,5
0.81932131332308678,0.57320057735037444,0.012396921381092538,-0.56403227148283686,0.80196017324831093,0.19679298069151258,0.10286001293234945,-0.16822894711890676,0.98036668603682176,6.5884004954349429,5.1386444912628182,-2.6950285941295049,0.5792150986837109,0.5819156264049978,0.9874826147426982,True,5
-0.17210731572028334,-0.9739779981372314,-0.14746501625860031,0.9722252945429074,-0.19205101672367858,0.13376989058214175,-0.1586097365438689,-0.12034644207450387,0.97997943108694485,2.5471159088506643,-16.937646288049354,-0.060259172755561613,,0.154675352418445,0.3888888888888889,False,2
-0.95370971307945474,0.29993430504235746,-0.021844812580157948,-0.30066657556235965,-0.94951653551699555,0.089543057349000407,0.0061150239172107559,0.091966088524849943,0.99574336304287347,11.495282701421228,-8.7658089725098769,-0.66420304319753221,,0.1788384720750931,0.5789473684210527,False,4
-0.26094058598316089,-0.96279513470954603,-0.070253392561433578,0.95606782247016497,-0.26781532154242366,0.11920265258913199,-0.13358266887557496,-0.036062198029996217,0.99038133486517388,-5.5958394519463805,-16.408718458911871,-0.72643440231397416,0.3638142441431579,0.3819024424709067,0.9662921348314607,True,5
0.12799879747525023,-0.98702543985018143,-0.096938583306370035,0.98276877358040715,0.11308727351464616,0.14620809226676423,-0.13334858649476905,-0.11398267261991962,0.98449281603385386,9.8781401630813406,-5.3206802328514256,-1.2258724547215976,0.1896427496461192,0.1551829788448003,0.3720930232558139,True,5
-0.66774466249343234,0.74436104078701848,0.0066111020260817555,-0.73974933936244536,-0.66454548570629024,0.10559456586499949,0.082993858955700689,0.065619649388412804,0.9943872892338198,8.9322851485137917,-12.966760777690235,-0.23755615123593177,,0.1546613636499886,0.2727272727272727,False,5
0.54215876057091994,0.84026274231951448,0.0047330968606173751,-0.83243405205594811,0.53632268977943021,0.13932523606824321,0.11453133769374291,-0.079476388301466638,0.99023536413755486,-2.1172721360179132,6.2044141231845469,-3.6487407219287995,0.47666416345661,0.3913737017707463,0.9194444444444444,True,5
-0.60987664032320898,-0.79051932523411339,-0.055943543143758753,0.78227067400386474,-0.61180891414950356,0.11722817562661733,-0.12689789667923854,0.027731732701147996,0.99152805044526016,8.7522561962321461,-4.1098529208309937,-1.4320497637490419,,0.1055322068564528,0.3170731707317073,False,5
-0.51328688456079818,-0.85541884230965071,-0.069247226366742062,0.84804465414674646,-0.51793549909084136,0.11208516117063352,-0.1317453555575889,-0.0011928969520358171,0.99128287500887802,6.895020987398734,-4.8239141892152722,-1.4617196338945813,0.1491517956367655,0.1093860429427906,0.4285714285714285,True,5
0.68500585861957586,-0.72089889319992106,-0.10522242840757315,0.72432320355284929,0.65839012353855741,0.20464198499286895,-0.078248772845304973,-0.21639600506943815,0.97316488764144815,9.2091289231980049,28.89207891366183,-5.7022771058200545,0.629510499801231,0.5791877234163999,0.9310344827586207,True,5
-0.035191568198025873,-0.98570258352401952,-0.16477854945907597,0.9874207216939328,-0.059726458437613886,0.14640037066870279,-0.15414886278269216,-0.15755369559795623,0.97540502413419494,7.5068261376540502,16.940943165928719,-4.172459284411687,0.6933253333329013,0.2985422694412369,0.7714285714285715,True,5
0.36810027006728896,0.91903132304374846,0.14100928494551901,-0.91351691911552102,0.32922966535903658,0.23894490146739666,0.17317340923500932,-0.21677005031146357,0.96074019153041046,9.4348764302527641,-2.5666007876497883,-1.5901264915383631,0.2714699496653438,0.2577543380359931,0.5161290322580645,True,5
-0.77522645779026333,-0.6248126732209085,-0.092914275138432256,0.62090742588233405,-0.78076662235954453,0.069838742066561016,-0.1161804958938128,-0.0035503227751389962,0.99322177160091363,-11.793968430299731,13.060685609504043,-5.6217448892620263,0.4084650249262324,0.3275381201081635,0.5263157894736842,True,6
-0.28839220417893835,0.85036590733446171,0.44012243775119142,-0.94962466025988224,-0.31288875419613155,-0.017709661879784289,0.1226496685487454,-0.42305844884700106,0.89776311333449887,-6.1807381573644919,12.338443115945619,-4.9041612143326896,,0.6809374166548849,0.3,False,1
0.14781846236771201,0.98893811883820448,0.012292245197635013,-0.97748150375211917,0.14419091660855568,0.15407429827872293,0.15059751659885248,-0.034790468182219064,0.98798279910022757,-5.5007040833876877,-11.731229578549669,-1.4413593260284008,0.5419459734179094,0.4041801572272819,0.8449612403100775,True,5
-0.94241170756863812,0.33040026851129667,0.051921440708313504,-0.33341181353544475,-0.94033440359002407,-0.067880571741847723,0.026395757851779958,-0.081282667233901984,0.9963415036897606,14.203988352511431,1.1744752926715123,-1.750627032187535,,0.2549340386347121,0.4594594594594595,False,5
-0.062798118418159604,-0.9921794110361204,-0.10787220512790839,0.98462910401248815,-0.079242615005045994,0.15564747186744979,-0.16297829258740351,-0.096439744313124409,0.98190501162898414,13.981573281738349,-2.4939828387010277,-1.3389681037560421,,0.1217530524192191,0.3529411764705883,False,3
-0.32229206909834096,-0.92834596683050952,-0.18520687909966069,0.94288405991225677,-0.33222109539035105,0.024470254208226433,-0.084246494049841941,-0.16674204522903491,0.98239483843979358,-9.4644957986606286,-1.7810049815081697,-3.4885715282659895,,0.7021843750233061,0.3846153846153846,False,3
-0.69466522420134325,-0.71599848710836678,-0.06918376069445395,0.71214626786325075,-0.69809810681966689,0.074207320550199476,-0.10142938160977161,0.0022802879920855931,0.99484012827837442,2.1855960593414641,-19.163265341005076,0.18496973292781399,,0.1529855187534423,0.36,False,5
0.17146551972202609,-0.96515653166848026,-0.19766751104854169,0.9784623452323773,0.14342375501125618,0.1484623368428086,-0.11493917743229187,-0.21886638818270163,0.96896155218617808,10.178694249095468,37.08069297992153,-6.7850883633825161,0.5630469675722539,0.4980267379097282,0.3333333333333333,True,5
0.59926225627682239,-0.79783669036512506,-0.065889025711681398,0.79525170608268414,0.5838184500836856,0.16349538621766466,-0.091975388961351545,-0.15037497414498871,0.98434135084141516,9.8353248064885452,-8.6989946852974942,-0.7790649781947846,0.202452194669171,0.1279679201926623,0.6666666666666666,True,4
-0.41242977715188867,0.90961249233767205,0.050067880938716433,-0.90553649670918757,-0.41534583547289133,0.086553394404721359,0.099525534643612454,-0.0096410963368192895,0.99498830003941718,10.358689559675621,27.921791947009826,-5.5117663146672999,,0.2644828415515362,0.5294117647058824,False,4
-0.90514332741786852,-0.42278893819304675,-0.04432911653198833,0.41678077998788354,-0.90311479685141294,0.10333172378666905,-0.083721790852812172,0.075054496531713782,0.99365863569274671,-3.9139175102232344,-12.817232386337787,-1.0997564557804613,0.4432740495408046,0.4032417239000002,1.0,True,5
0.19243659570328286,-0.977599110353635,-0.08525336398003977,0.97193411015727726,0.17789706347683304,0.15393739090650471,-0.13532273329678798,-0.11248383991534766,0.98439582669319847,6.772873242695411,-10.550664364928695,-0.65771342323628623,0.23412593105597,0.159785134058266,0.6976744186046512,True,5
-0.5382380836646864,-0.74535852957760229,-0.39337059839149241,0.83291887196641679,-0.54167314886073126,-0.11329762806649071,-0.12863093723968,-0.38862689329125855,0.9123723032817399,-11.353315309795891,-3.1158854689723525,-3.5404968370636163,,0.5733610911091507,0.1153846153846154,False,3
0.90505160923922479,-0.37062515002626173,-0.20861108019829927,0.42410410162053541,0.74969293827836969,0.50803170106223106,-0.03189507175299864,-0.54826772334650187,0.83569444651398495,6.3289758215054173,14.469351478337103,-3.9285406103829432,,0.1055666650859067,0.375,False,1
-0.37281271466566041,-0.92514077049827714,-0.07159074343429421,0.91748772722584371,-0.37905717184897014,0.12054845855429672,-0.13866127856607044,-0.020741630401550845,0.99012263613893226,-9.0331361105913182,2.7211351522633702,-4.0841406232055668,,0.1027227119411831,0.3518518518518519,False,3
-0.92105203462089691,-0.3865174135097984,-0.04761762881961587,0.38071934928754508,-0.91940196731035795,0.098756263517374529,-0.081950757158036847,0.072830704785415173,0.99397171078541546,-6.5178460132218579,-9.7699714579250738,-1.8862468196759088,0.1678927695944789,0.1463629960374053,0.4,True,5
-0.46825712171471995,-0.88066020135115342,-0.071922720468504758,0.87324228184050012,-0.47365871934592257,0.11443484955893518,-0.13484504132314762,-0.0092210272597695667,0.99082379234999796,4.555167380484245,-12.324630791831037,-0.56179819043089096,0.4152319303399084,0.3565956970367937,0.8260869565217391,True,5
-0.99983232545665246,0.0085035839171613316,-0.016217584052699317,-0.0087701946870803495,-0.99982639052753897,0.016439966235492487,-0.016074969894008501,0.016579441041157571,0.99973332318057195,3.0013583839892539,-14.62126630548282,-0.38353701842009658,,0.1485426043606152,0.2666666666666667,False,5
-0.94852250155380191,0.31650551038919528,0.011372156321161259,-0.31631898379869244,-0.94852442676638316,0.015611288097621884,0.015727826762797777,0.011210429107723754,0.99981346347433275,9.6737072499538748,9.9611319782111956,-3.0376597138655659,,0.1714284739429691,0.125,False,1
-0.52564779436519016,-0.845806408643205,-0.091136794858588152,0.84268657687015125,-0.53237019488297321,0.08038226647174182,-0.11650634936294105,-0.034546992609354767,0.99258892592037895,4.8803294165991042,-17.293072958512866,0.11892527954139183,0.2405459762502833,0.2116031277245056,0.4074074074074074,True,5
-0.89613250307009762,0.41090660105082971,0.16763741275197069,-0.44242878323463736,-0.85672615063696134,-0.26509823571704966,0.034688740346670716,-0.31173076208104378,0.9495370573419093,8.2131620366229843,15.37518004528307,-3.905158336342029,,0.2084420475826103,0.25,False,1
-0.48430939925956357,-0.86729317048753107,-0.11509544827892645,0.86440367757074843,-0.49465568443601932,0.090122339390960038,-0.1350951072060218,-0.055841832713655538,0.98925780347095282,-15.743680144985515,1.6609566802833231,-4.5806340971559525,0.2548806545255194,0.2404917325266699,0.6111111111111112,True,5
-0.49269833733999763,-0.8671217118007627,-0.073131971846231894,0.85965575698036445,-0.49804955423212671,0.11374805941068782,-0.1350567579683426,-0.0068248408696420515,0.99081435883528923,10.531243609328122,-7.2668477420729269,-0.89922501094232077,0.147079619149221,0.1418627013630588,0.4583333333333333,True,5
0.28922818151264557,-0.94935290529480731,-0.12278485341114692,0.94834897254440009,0.26670781662290244,0.17175903710205567,-0.130312260715825,-0.16612044353586652,0.97745726911542186,-7.6003073004744648,15.431878983284667,-5.4758175864378877,0.369298415436908,0.4355627443933796,0.8490566037735849,True,4
0.20511016860216313,-0.97680265384523068,-0.061533683271088234,0.97030570904607683,0.19470516693309414,0.1435156052913634,-0.12820549804350298,-0.089142994174923024,0.98773320125474529,-6.9204772946737636,-2.4830789928017589,-3.0517535918994074,0.4401602516087297,0.367398775338344,0.7249190938511327,True,5
0.99094308492257199,-0.10881595202583508,-0.07868221545461504,0.12983598552862169,0.92595802309485975,0.3546045069201324,0.03426980166191311,-0.36160866700200889,0.93169992628693654,-3.625191838077753,18.627158271221852,-5.3756571409053819,,0.469284282097229,0.1333333333333333,False,4
-0.37588063666125948,-0.92025871830551598,-0.10880091160378727,0.91503248154109529,-0.38714138797014558,0.11330094194354388,-0.14638751554648063,-0.056968737946687123,0.98758557005906622,-4.1532399281204668,-2.1392108518807857,-2.8182805878535513,0.522603758432039,0.4540452732121872,0.954,True,4
-0.51719068500453325,-0.80255103734101774,-0.29736446964524493,0.84562490729710071,-0.532763516239385,-0.032886956730851083,-0.13203147921352687,-0.26846762975655508,0.95419747446196157,12.583681140980095,-2.324525285535985,-1.420320605762138,,0.6619064190536783,0.6428571428571429,False,1
0.10242807055450817,-0.97672756350708889,-0.18844563419720189,0.98268559117443877,0.069951121818101258,0.17156884756427254,-0.15439403894135323,-0.20275627546858843,0.96698106160228459,1.5484366654876811,-23.873150411905772,0.78611331425071163,0.2406835559357949,0.2782152263650752,0.5238095238095238,True,5
-0.55858894004936854,-0.82696477904708754,-0.064090953106687831,0.81942622162125311,-0.56216548710691561,0.11185093841966913,-0.12852650844879876,0.0099608895910520343,0.9916560478837988,4.7260988845692449,-3.9789239668929954,-1.7455720179495124,0.2587581009784797,0.2710920194212566,0.7622641509433963,True,4
0.0016550303102819089,-0.91906072289340235,-0.39411248205217803,0.99045749844743891,-0.052805667533576767,0.12730084542364711,-0.13780857971807844,-0.39056234983801202,0.91020318953797152,4.8461220738523556,4.617643370393731,-2.7827719088690657,,0.1850592403008727,0.1,False,3
-0.91690067239793138,0.39885852234016722,-0.014319082122792585,-0.39868715414010203,-0.91366535811592464,0.079146487619893097,0.018485401804872272,0.078278301818049109,0.99676015037951582,-5.9950302125585395,-21.6518340425994,-0.035985275307879219,0.4468895687470618,0.4107215072287437,0.9743589743589743,True,4
0.1299468430425034,-0.97432125951172543,-0.18388012738404252,0.98038544568890318,0.098542677781793903,0.17068602326190729,-0.14818298102230826,-0.20245351051310095,0.96801569213327521,1.743251551761148,-21.280479587721196,0.42459732885779949,,0.3511433766026623,0.2068965517241379,False,5
0.61890128520742693,0.78361601875471976,0.053917847876172167,-0.7686302449151472,0.59006770010445497,0.24703776208329045,0.16176756711490886,-0.19433487706647479,0.96750463036891043,-10.249307434026697,-9.6297403475354937,-2.2868415529373962,0.3055358822501588,0.3442700886986678,0.5,True,5
-0.92790748080522945,-0.36945226069745207,-0.049927288442649272,0.36594239153439728,-0.92819603609046775,0.067366791997468839,-0.071231124824612302,0.044239638916770394,0.99647828937952043,8.9247730804021117,-10.215101665250469,-0.62496713701099926,0.1696209423293657,0.1975949743574211,0.4230769230769231,True,5
-0.19032655837087337,0.98120810556614491,0.031724670998998603,-0.97323487284370669,-0.19282258662759669,0.12503332502631581,0.12880094510364384,-0.0070783937117933626,0.99164520514288168,-21.505716593932547,-4.2223836804877983,-4.3004004620027629,,0.2701359321407777,0.3076923076923077,False,1
0.16074618423758977,-0.97937889520882793,-0.1223831845989895,0.97923906804755356,0.14273727616316997,0.14393372642601016,-0.12349701155256132,-0.14297919293748446,0.98199054910143202,-13.48824103132837,-2.8224109993008213,-3.7259140738743879,0.4967191146081443,0.4307568878682692,0.9411764705882353,True,5
-0.11180388513445293,-0.98722706393956672,-0.11350161009476754,0.98280805403470617,-0.12673921254504911,0.13425908136128317,-0.14692930338552901,-0.096539609636270327,0.98442464596225943,-11.584754327116165,9.9464763701197949,-5.2983367784201914,0.3215421912704887,0.2995339181520982,0.9027777777777778,True,4
0.28097367887861457,-0.95713787109937776,-0.070291446739763799,0.95182437905811323,0.26854200449725818,0.14803899233388873,-0.12281751995564685,-0.10850017293970779,0.98648039476920135,-10.189014310459337,5.0141062895219575,-4.5588617012725301,0.3852498509621027,0.3386458922571468,0.8931297709923665,True,5
-0.27559689906070911,-0.95507701005995571,-0.10896905103311447,0.95182603962659451,-0.28698307106243287,0.10801808743135662,-0.13443786489257697,-0.073950130348167137,0.98815881249150206,-13.089661980423919,2.3054500285918484,-4.4505133683664813,0.4257735791965953,0.3242379950229508,0.4848484848484849,True,5
0.47214670309650147,-0.87901949199011264,-0.066349253624667301,0.87532288505753408,0.45858856413930205,0.15331789111258615,-0.10434240580733022,-0.13046555691867362,0.98594695638672225,7.6378096511270055,-2.260473927876796,-1.7243793506452525,0.2183600198360118,0.1492497284274691,0.58,True,5
-0.37074221007182212,-0.86189577691877228,-0.34595647616520681,0.9183415884887286,-0.3957841877856203,0.0018983021036429876,-0.13856024149466747,-0.31700243915223048,0.938248641378434,-9.5194025361142991,1.2383530283561819,-3.9291110543857455,,0.3673484505814923,0.2325581395348837,False,3
-0.12985880044795503,-0.94340273891218984,-0.30516874702236024,0.97722718285518295,-0.17386478103791997,0.12164732222108365,-0.16782051434536299,-0.28242221960677111,0.94449667275075322,3.9397609258839088,-18.725991672159029,0.22423909678300258,,0.2292472055040074,0.8571428571428571,False,2
-0.44948492207146629,-0.8904848274748447,-0.070711221651914638,0.88307681641076141,-0.45488715703196586,0.11512172117030064,-0.13467977260243882,-0.010697962631922839,0.99083142483839504,2.6281747823024939,-15.734562641941148,-0.24938398283713847,0.238192021371383,0.2092345684455855,0.8775510204081632,True,5
-0.56888872963120451,-0.82012401804733803,-0.061336843091931922,0.81211606063374675,-0.57196625245209753,0.11542144565300075,-0.12974250405830601,0.015849324206202678,0.99142104151711852,8.3157908065396278,-16.850774425497697,0.23896195244784132,0.2810801208715875,0.2499448960534607,1.0,True,4
-0.63358386071354555,0.71861707747348613,0.28663737963982189,-0.76871130925527198,-0.6266172771827172,-0.12819403636348695,0.087489510607635324,-0.3015630678640589,0.94942366814507695,-8.2921127347818651,10.78327822155422,-5.0301092937080663,,0.1107608419821325,0.25,False,1
-0.31054808442935627,0.93814003260419399,0.15314426689451438,-0.94515962375928186,-0.32189617356419259,0.055282357583077681,0.10115914626206286,-0.12757794742874695,0.98665632033520057,-14.028423377568894,8.3310972655469513,-5.3309839065906797,,0.2277609191944097,0.1538461538461539,False,3
0.26108654044760038,-0.952679334369679,-0.15567884975824414,0.94958336505635732,0.22447235949682467,0.21886889370162824,-0.17356627323691043,-0.20497376828968811,0.96325515991754573,4.7247200841345016,-20.125005513395756,0.44844900239258229,,0.2711294738886006,0.3055555555555556,False,4
0.21746190377994423,-0.88217428914083273,-0.4177066482392493,0.96773950592590186,0.1390775011245613,0.21008973642526782,-0.12724216704651464,-0.44991773943668117,0.88395896888118797,-2.0033434020925669,-0.40546529529579439,-2.7504384711815493,,0.09962823114078109,0.1935483870967742,False,1
0.36401072397500839,0.90713148056294302,0.21120764617521176,-0.9111854602305911,0.29985363162816248,0.2825400089611535,0.19296955691392503,-0.29529692949823511,0.93571495314190534,6.2513294460390512,-20.060468327634336,0.53938425221886033,,0.288390873590211,0.2352941176470588,False,4
-0.4857184623431936,-0.80643294325251635,-0.33725877805632798,0.85983042470925752,-0.51025398394180865,-0.018234928456431335,-0.15738238809746857,-0.2988423997838936,0.94123536058105128,-10.259962777346573,0.53168876794021702,-3.876117348501352,,0.3495544088797544,0.2666666666666667,False,2
-0.66679132000993424,-0.7428962019248706,-0.059114877357660044,0.73543181794440615,-0.6687681315723274,0.10903773359825519,-0.1205378642352492,0.029230452594167566,0.99227828955729191,10.889503893366497,-10.072284919728013,-0.50439590148792801,0.1992880427508988,0.1965548136665985,0.8275862068965517,True,3
-0.95752413860130636,0.28806488240110473,-0.012889822460576301,-0.28026706793947842,-0.94025454398192743,-0.19331777763554711,-0.067807777020303939,-0.18149384575950994,0.98105152225914671,-6.2039104672149596,9.8293269052862975,-4.6194534497406616,,0.5600051683025355,0.5172413793103449,False,2
-0.92217884928966176,-0.3581855937406882,-0.14590836288378545,0.37478634384644843,-0.92074835872029737,-0.10843272744006337,-0.0955058447897697,-0.15467882967785196,0.98333773102657007,-9.609327344967852,-0.67449528159984284,-3.618569200530029,,0.4075700245195099,0.296875,False,3
0.12086229125760321,-0.99122716273724043,-0.053488488517098073,0.9837203712896595,0.11237978989681718,0.14023200038680039,-0.13299074276692588,-0.069566476658148121,0.98867283145825058,-7.7268383730433348,6.6724306506868745,-4.3735718992332417,0.3061477928735191,0.3692280983505838,0.703030303030303,True,2
-0.17767786354294246,-0.94282870135257224,-0.28196563037476474,0.98408759444087957,-0.16979793972975121,-0.052347551338109782,0.0014775907348615561,-0.28677987999396815,0.95799536384904638,-5.0088610522489709,-6.3112640157726885,-2.2198060389641072,,0.6832042090450934,0.1477272727272727,False,2
0.44296747903763256,0.86279049451823009,0.2436644723467746,-0.86519356918223944,0.34015311305747037,0.36842359794536672,0.2349891494532072,-0.37401660691244648,0.89715755438660749,-7.8102135581633902,-6.9695661470366392,-2.4866181662035909,,0.4657787675456137,0.1304347826086956,False,2
0.16144262879219776,0.96927018915665575,0.18561136285498303,-0.96389704252871888,0.11451320610095443,0.24039387894218178,0.21175166826509911,-0.21772006347762238,0.95276398176371391,-4.4272364425375121,14.780626069077679,-5.061526003082057,,0.4469983613510467,0.7,False,2
0.12316378889968332,-0.88801962097838061,-0.44300319847749037,0.98354094881345855,0.049759755120697781,0.1736984996407554,-0.13220394514157119,-0.45710515149989361,0.87953226055743017,11.6820106874468,-1.2072815248363986,-1.6072807084767204,,0.4807476759925096,0.2558139534883721,False,1
0.21013966563470102,-0.97443444192054529,-0.079491127340933165,0.9693841276428331,0.19710459561202701,0.14643835379696188,-0.12702650904862703,-0.10782994383572538,0.98602077524325249,12.259551649066308,-7.105904171127742,-0.86373983473543936,0.2836989900327578,0.2362684456098841,0.4210526315789473,True,3
-0.8458034125854772,-0.50662756418143817,-0.16716787511464004,0.52453332254402074,-0.84690743516673894,-0.087250156448152164,-0.097372382119836703,-0.16148160102897,0.98206023834051515,-5.127720272133514,-21.377505240359511,0.0154899694261433,,0.1581086603581598,0.2857142857142857,False,1
0.9660083582473642,0.23921515657593567,0.097999799288482681,-0.25062926513155503,0.7737551531473984,0.58179715918648434,0.063346848823355215,-0.5865825362574284,0.80740826407831268,-6.9004739385200793,11.387439926301825,-4.8619050276386764,,0.2350746497449413,0.5,False,2
0.69664499228895327,-0.71248229208276548,-0.083992488873782051,0.71115862257285711,0.67039033084835264,0.21173147580204632,-0.094547174780637205,-0.20723365502139013,0.97371199230957128,-1.230315801047783,20.151735939718339,-5.4003015332506141,,0.3594448293077899,0.6515151515151515,True,3
-0.99432084245389185,0.10426586256288996,-0.021323512041875534,-0.1053301165439444,-0.99279828351384758,0.057071313291338389,-0.015219356445742564,0.058993204320290454,0.99814236110557042,9.6483157897597742,-11.538673533317349,-0.42594548325008513,,0.1162287133965896,0.4761904761904762,False,3
0.9918920504376344,0.12608796191599347,-0.015874071264039516,-0.11861352239944262,0.96337240129944357,0.24050872898616527,0.045617897612907833,-0.2366758168347893,0.97051716375495567,8.8203696242675473,7.9266686731310374,-2.8464291673242412,,0.8750224090513248,0.5238095238095238,False,1
-0.28705670740635864,0.94441689401461271,0.16023475600759002,-0.95001712869412891,-0.30211310932530011,0.078709112315933416,0.1227432357434949,-0.1296317841950459,0.98393582036920801,-14.46485039655674,0.35670277904168712,-4.252395323896847,,0.4682775323506441,0.2105263157894737,False,1
0.12379292124732605,-0.98451565204325231,-0.12411383295548621,0.98269950086622415,0.10426786929768228,0.15306829335102556,-0.13775704572299571,-0.14091537288021627,0.98039066399048402,7.215549229987352,-12.956487122955538,-0.33639518240242888,,0.1841267934652366,0.8529411764705882,False,2
-0.51925177208778506,0.82554056339970627,0.22104383132173352,-0.85144596079185975,-0.52199460738446291,-0.050610332075265455,0.073602805890284798,-0.21448638195287995,0.97394980308116574,13.123178958774844,5.4917386245812567,-2.2816739609828072,,0.3990575781083326,0.4666666666666667,False,2
-0.61232227311444665,0.77749286652186655,0.1434094709409699,-0.78697862571954091,-0.61676130988121469,-0.016435610551244442,0.075670843186400466,-0.12292407876905269,0.98952695483763375,-15.207964059695264,-6.5090122034513582,-3.3360028686959997,,0.2243551855048715,0.1,False,2
-0.45439837152639129,-0.87862015279822847,-0.14679491493570607,0.88350261095106297,-0.46556314178044639,0.051711676226699282,-0.11377722266261564,-0.10619598915372336,0.98781433249920203,-8.3053421010904884,-14.29687315683304,-1.4077664647083019,0.4543311575014783,0.2025740454635872,0.3555555555555556,True,3
-0.6348109165434952,-0.73445192965891115,-0.23999054826702801,0.76307418735068888,-0.64471417357399874,-0.045402852243898853,-0.12137909554899784,-0.21195281883734712,0.96971290480771133,8.5121114598694021,5.1775882124885646,-2.5137890914125101,,0.5256761066959402,0.5116279069767442,False,2
-0.93880423585112338,0.34366887176903554,0.023201580226084331,-0.34388042396708546,-0.93899603083215477,-0.0057190990267779601,0.019820715431258774,-0.013347683636443539,0.99971444852084423,15.734360359793559,2.1523117962316363,-1.8017492637247876,,0.3772459174123995,0.1578947368421053,False,1
-0.52791395939779073,-0.7523602228661469,-0.39403165675076152,0.83906493464199527,-0.53382714855120306,-0.10487426244754768,-0.13144157229420553,-0.3859827334460626,0.91309388485211862,15.419232591933275,-9.3875830809233403,-0.39337299248228713,,0.4716387377905272,0.2222222222222222,False,1
0.8009706078154345,-0.57848502632405019,-0.15427624488117403,0.59582123258532316,0.74493993218170773,0.30010257619957026,-0.058678311293693344,-0.33229440524928366,0.94134865168211979,-13.531126493082501,18.805205999181812,-6.2853991226734642,,0.6220069548217779,0.4814814814814815,False,1
-0.99917793202339422,0.02896591916359233,-0.028362575420132825,-0.031768963033630387,-0.99407393669757305,0.10396028744842244,-0.025183191720318417,0.10477587463533304,0.99417695756297819,-7.6438477902407769,9.5367737123603806,-4.7493260726163609,,0.2948518268238183,0.7426900584795322,False,2
-0.55509387422578893,0.81358586336963712,0.17305731340248665,-0.82602773253790585,-0.56362943220939898,0.00021960327168554783,0.097718861410120594,-0.14282823975808517,0.98491173109691266,-3.7128263001991364,16.316756623906993,-5.156747823120984,,0.4712595116320083,0.631578947368421,False,1
-0.56646623897164405,-0.81311576841162148,-0.13401025059934418,0.81063158949098213,-0.57906536379033702,0.086946711137854071,-0.1482984363526629,-0.059380566002217042,0.98715830653275272,-2.3101993205505398,-34.923004153336286,1.9690033608786133,,0.2408878514533027,0.3076923076923077,False,2
0.93454545336703332,0.35573994407580684,0.0085958001342225365,-0.34565717230203574,0.90178919873606855,0.25941734768345892,0.084533513041671865,-0.24540850277018034,0.96572705871842057,-2.8834458674378025,10.698806387965712,-4.3259142199162408,,0.226134907547107,0.375,False,2
-0.82146222977404559,-0.55545559676015954,-0.1291080364751484,0.5665370301800996,-0.82074261887845745,-0.073602628969653278,-0.065081475777413314,-0.13360626326765768,0.9888952259599032,12.130618302606406,-4.5554613895396843,-1.1909349860839504,,0.3029970592476915,0.391304347826087,False,2
0.12061792623891897,-0.99159418023641333,-0.046821977650436157,0.98407840037691208,0.11323496645293167,0.13699468706494244,-0.13054124934839847,-0.06260051192824774,0.98946458154139161,8.8825605453890457,-15.311919323472475,0.046826267417227535,,0.1625767989814288,0.5625,False,2
0.95209129797966918,-0.30126037361092883,-0.052577063470599879,0.30548747274188137,0.92897158875927277,0.20901959543509405,-0.014126723228201334,-0.21506737216480712,0.97649703589972969,5.5164188460775021,-15.970408336778943,-0.05597576273354591,,0.2033407919540274,0.2222222222222222,False,1
-0.12437116350468139,0.98626144115558922,0.10872066674828676,-0.98339646795576874,-0.13711402021952257,0.11887443910008513,0.13214840332221681,-0.092130967372217348,0.98693904794087883,15.064971593614645,7.7312609817635707,-2.4890676050595277,,0.1571271236332495,0.4666666666666667,False,1
-0.68420684163947965,0.72927293195240117,0.004689197722271915,-0.72489287410276659,-0.68077418469635997,0.10524652263157752,0.079945724893584882,0.068611224829155715,0.9944351064291147,13.392939298689193,-11.02640762027491,-0.30167199125630995,,0.1063537164225409,0.2222222222222222,False,1
-0.42645585830910593,0.80315848899940068,0.41601904098495712,-0.89762231844233875,-0.43243440578834819,-0.085291606413987947,0.11139826905317826,-0.40980108130491527,0.90534717065514592,6.3836338300886268,6.8032781758407355,-2.9275491024111355,,0.7670888034348519,0.3170731707317073,False,1
-0.41201097490414357,-0.83610880024284484,-0.36217265318492597,0.90088701018673367,-0.43336801909244133,-0.024387597354033813,-0.1365633605157183,-0.33632459646056972,0.93179193728014731,-0.86504088076736263,-27.045668844678456,1.0674588634408393,,0.3426919913704033,0.5,False,1
0.29030730584059605,0.95431006173543498,0.070809422014909695,-0.94673902713830171,0.2756549743115041,0.16643181676154095,0.13930858792191431,-0.11535441564081964,0.98350723236962923,-12.250330201898802,-13.994433689659274,-1.9006905464807882,,0.1742435941074244,0.2222222222222222,False,1
-0.88424356097847101,0.46664212622749873,-0.018932799528642109,-0.46545952035256,-0.87723555052717495,0.11749563312927436,0.038219887248361728,0.11270720882518247,0.99289290726520907,9.8914204281251923,-13.656185518606449,-0.12682221550774117,,0.1196859414003939,0.3461538461538461,False,1
-0.99591062821851772,-0.07392202576954876,-0.051937989059290139,0.080753657921898661,-0.98614636454836813,-0.14489373492414875,-0.040507620685862798,-0.14849539317488167,0.98808311941466087,-0.064358223244115886,21.66002741249347,-5.419914291704317,,0.5287752738218461,0.2,False,1
0.97587006963246292,0.21324862444505099,0.04693219969089351,-0.21055119260506433,0.86207407664311886,0.46097340668687137,0.057842912168366845,-0.45973178109872742,0.88617204140035644,12.742951988732226,-13.529429812329884,0.0060675482969882889,,0.2656199909026649,0.3684210526315789,False,1
0.30621625751590864,-0.94286646562201981,-0.1312799742473682,0.94419273965146056,0.28323258580327887,0.16816471903659391,-0.12137410771008339,-0.17544836945559594,0.97697809373237898,3.1934049643458575,-13.423113822097442,-0.51516891218671079,,0.4138865416295497,0.5652173913043478,False,1
-0.91379136164706709,-0.40367632945247284,-0.045064047964839274,0.39784549726886104,-0.91187170352258451,0.101039381518855,-0.081879836847000828,0.074400385446572709,0.99386129563602088,16.373961437167299,-4.9952989536854542,-0.92389004682529074,,0.2323571557624079,0.7692307692307693,False,1
