axis_00,axis_01,axis_02,axis_10,axis_11,axis_12,axis_20,axis_21,axis_22,location_x,location_y,location_z,dbh,dbh_approximation,score,reconstructed,number_clusters
0.83771494852751338,0.5406738498098812,0.076846946232809271,-0.48541301349171984,0.67272781724900288,0.55840083294375575,0.2502156496832954,-0.50508323277570299,0.8260042715521585,-4.7030666026363672,9.2157826023562617,-7.4860940216232299,0.349437527331377,0.2637754234370538,0.6666666666666666,True,5
0.85964014246379572,0.50549909990813735,0.074091061923074436,-0.45767798393163289,0.69750024052917536,0.5513839655684768,0.22704556478623777,-0.50790163856184423,0.83095501506224312,-19.877149285498636,1.9768074803271718,-1.6139835685935515,,0.08044634382928165,0.2307692307692308,False,1
-0.47554748257536167,0.85444172027361665,0.20924611937166121,-0.74304389044041508,-0.51747682080699264,0.42438604690383136,0.47089316059527703,0.046336665647747771,0.88097249941257549,20.90519104535176,2.2648779813671549,-6.0396954149414386,,0.2625103020246989,0.125,False,3
0.23568675854151441,0.9679490329684447,0.086754950427323008,-0.83993147889934483,0.15798202400943115,0.51918858889987529,0.48884236989253926,-0.1952340894038152,0.85024513390698653,7.627388483037767,8.7004767441057922,-8.6173266038046776,0.3403467653564462,0.3943366727030022,0.9568965517241379,True,4
-0.28401860156560133,-0.93824892824495021,-0.1975408378334044,0.83026315250887217,-0.3437111932495861,0.43877752132598546,-0.47957953620932386,-0.039389900763378984,0.8766138854519141,7.7067005106807791,4.5627080891973009,-6.0321538271719755,,0.6610814728564238,0.574468085106383,False,2
-0.95482514421026998,-0.29630244932358379,-0.022667212194773842,0.27492731805362958,-0.90974351308187063,0.31109758950093974,-0.11280032700163703,0.29081196490224048,0.95010761879800876,7.1967112902547319,-9.6457682533381242,3.1862225933996084,,0.1829708165317958,0.3636363636363636,False,1
0.36778002018352296,0.92331200718457107,0.11060196265259613,-0.81068433645723426,0.2600830098511957,0.52454526459556983,0.45555324977076067,-0.28258054670401772,0.84416791649988521,3.4130210807133663,-1.0408204249811464,-2.0485474186757733,,0.5582408012782762,0.9452614379084967,False,4
0.79951991295745262,0.59584089459816625,0.075772931241752953,-0.53487376215646176,0.64889377945430082,0.54115332535438487,0.27327269776013696,-0.47319181238687252,0.83750315900832673,11.585053127815865,-1.0006805709450921,-3.096353042053908,0.32643293610024,0.2898703547294191,0.7514792899408284,True,5
0.98129760973856162,0.19019603173542907,0.029672725413812204,-0.1701525843013294,0.78494227714793885,0.59574635508863105,0.090017216003200076,-0.58965336517135736,0.80262432667165595,-17.099453385750941,-0.41520129363897978,-0.22380045730101028,0.3141884177386703,0.2922566962978759,0.4782608695652174,True,5
0.92205517512053403,-0.38665852252323202,0.017590934983491447,0.30965965154714481,0.76417922975120223,0.56581004323055373,-0.23221790249061977,-0.51626087569852841,0.8243479568639972,-14.007062939169556,-4.9593495928094198,2.3270412407751704,,0.1265574201005047,0.1111111111111111,False,4
0.92363678053041587,0.37468487270475154,0.080661910575144671,-0.34826381677837148,0.73261012526311697,0.58480314489999186,0.1600231594937728,-0.56823731884502637,0.80715484133928495,-1.6168264594916288,14.85633690484609,-11.295146074037197,0.3938797692190431,0.3986729288187045,0.5121951219512195,True,3
0.91615977491762535,0.39312604124271949,0.078122868097077927,-0.36402765773793305,0.73455081646374987,0.57264208929685945,0.16773530106903589,-0.5530705323277183,0.8160746626663602,-14.654834006157149,-3.7651778486074208,1.5553556155944053,0.237835295018809,0.262854040157784,0.4642857142857143,True,5
0.65762711903288551,0.7507196953478168,0.062821264945786964,-0.66118358862177651,0.53519962713539859,0.52573531482235469,0.36105793780186718,-0.3872741898590869,0.84832533111964281,6.3000147622369322,13.396357265585342,-11.379569072421141,0.3664610510625519,0.3575585270414268,0.9083333333333333,True,4
0.1634486993699831,0.96461283517511009,0.20689756134303827,-0.870351940812222,0.042245868869467434,0.49061470186681283,0.46451267130042728,-0.26026402897615175,0.84645768554750656,6.8458972625690997,-8.0264730710520205,2.1393524559295396,,0.2573865803018836,0.2340425531914894,False,3
0.18705025251409613,0.90310318287456359,0.38654475047042769,-0.85462514725033178,-0.044422277566962404,0.5173417815555903,0.48438420775430041,-0.4271197751656976,0.76350549241026566,9.6055401349408598,4.3253650415376139,-6.1167170842209808,,0.4962669802095478,0.2,False,3
0.38121298996198977,0.91219360996448329,0.15026468056134853,-0.80115104545579596,0.24485207442068663,0.54608100499556955,0.46133898453233346,-0.32855787860261482,0.82414565566944809,13.476960078429544,-3.3039391803714238,-1.6587062674780246,0.5069022715292665,0.4012293955290325,0.9032258064516129,True,5
0.98473268225634791,0.17407337754679059,6.1038268115105876e-05,-0.11839011380648318,0.66947544884822696,0.73333921505831934,0.12761397043077061,-0.72215031857565282,0.67986292142753058,2.4099951294492574,-6.7462007554496708,1.9540868226724313,,0.356154221567649,0.3653846153846154,False,2
0.78552121368924765,-0.61519192519312227,-0.067047132834690618,0.50864492315224419,0.58014047192664842,0.6361740131317648,-0.35247236061231868,-0.53383136664110242,0.76862689713181009,11.387823678882613,-2.3274651540872751,-2.1209076116179895,,0.658890723675192,0.4383561643835616,False,5
-0.6123874381995752,0.76611206759662775,0.1950741536395382,-0.67665156575194896,-0.63554514945583229,0.37178625790714781,0.40880837087906824,0.09568000253963499,0.90759079601614423,8.5363178121523529,-1.3795430102550454,-2.4303243884032892,,0.5159501740997695,0.5412844036697247,False,6
0.92963499476307665,0.36327803337355269,0.061707754618857344,-0.33474951462853192,0.76260927303959147,0.55350687360681494,0.1540179826118348,-0.53521600045427664,0.83055541289543744,8.0037984771087274,-11.555338183814866,4.3391415777157718,,0.3519336126780499,0.8433734939759037,False,5
-0.65668025191722146,-0.74888933604416574,-0.089083158348050917,0.66254091657938008,-0.62928819947925219,0.40624610257123278,-0.36029235434587048,0.2077525555931628,0.90941096048179459,-16.749807889133809,-9.8836579877451154,5.3992723239894316,,0.6587411698136527,0.5925925925925926,False,1
-0.53699468802448758,-0.84251659134964252,-0.042455839811053032,0.75584055648841764,-0.5028795188415196,0.4193056673800144,-0.37462215391079196,0.19307507045266109,0.90685183959064519,-6.3312741506684471,1.811833453857965,-2.7778832250622738,,0.3315868139786093,0.2837837837837838,False,4
-0.62197298874015339,0.74423512074853448,0.24344134061834227,-0.71669440141908514,-0.66630291307344303,0.20588725799423274,0.31543420273042827,-0.04641673269693436,0.94781155863049105,3.2049692135139827,3.7908281461464433,-4.9444412268471103,,0.175236195770235,0.3125,False,2
-0.25052504331281927,0.85382207408316801,0.4563168509724656,-0.82520887267034959,-0.43480563814684725,0.36051958823598473,0.50622872215950088,-0.28623752871353242,0.81351125254462764,5.475832847583983,5.5824312810925552,-6.4618953085093667,,0.6195387578020456,0.36,False,1
-0.6668007688999823,0.67577643348356153,0.31417025088736739,-0.62387685823809336,-0.73677242511633168,0.26066081282610704,0.40762041208624455,-0.022194718660941887,0.91288169776494221,6.9440915778075025,3.9806833071404766,-5.5104310419206204,,0.1558995680874526,0.1612903225806452,False,3
-0.43066964934426349,0.89042037211697467,0.147225045602838,-0.78972851167009017,-0.45076710180598328,0.4160984231942948,0.4368667199375954,0.062933145865297455,0.89732206490337896,4.2707889063333688,-8.0847871207606872,2.4540115061229257,0.3698034027799013,0.3016024309239799,0.8994082840236687,True,4
-0.67373939505665159,-0.69207715040200224,-0.25904525751331881,0.65015962248630133,-0.72177339535928364,0.23735128194303276,-0.35123737391850451,-0.0085078577195062989,0.93624778959411015,2.6131413564469992,11.831569900297758,-10.013521804703664,,0.5694967716209578,0.2727272727272727,False,2
0.15204171559548052,-0.98835679968304024,-0.0058440772652605597,0.84344199903942907,0.1266620737551524,0.52207500737769175,-0.51525616054071177,-0.084306320002379587,0.85287955388349035,-8.0741010647350215,2.9330371683694088,-3.0813702531799425,0.46007408997459,0.4562325928932694,0.9069069069069069,True,5
0.88710172466716952,0.45663090012736313,0.067370254129010432,-0.39268024041986083,0.66989931336020592,0.63010883087235392,0.24259587563751667,-0.58542559818340612,0.77357876788034163,-16.935465139928052,1.9739239842505527,-1.7089497619413432,,0.1850667445025778,0.3703703703703703,False,4
-0.17262239332746585,-0.91613388391533079,-0.3618013488975812,0.84975152811525145,-0.32426742783739776,0.41565968737599901,-0.49812031657792566,-0.23568907905528758,0.83446198728664545,-3.1844608557382541,-1.8907032210702921,-0.69989831384174794,0.4472246036219774,0.6489542237168799,0.3131313131313131,True,1
0.94530663316579366,-0.32596771881731557,0.011849708088764913,0.26170646627805699,0.77963104325272514,0.56893335453717353,-0.1946923080170494,-0.53471532864291871,0.82229825642116694,-15.300562473315642,-2.0268232103204826,0.49951308514669629,,0.1162664136977434,0.2222222222222222,False,5
-0.19747044196352442,0.97061701791167299,0.13750646926957266,-0.8368206684143964,-0.23996321739180249,0.4920861949023359,0.51062372982972082,-0.01789577713395412,0.85961802429658174,8.1040019414040056,-9.6823576398590294,3.0310548500028389,,0.3565318602070155,0.1481481481481481,False,3
-0.96354032762522868,-0.2603526961400085,0.061696925794543556,0.2646561061219031,-0.89348905127596379,0.36281463689103322,-0.039334241218828392,0.36591500223769008,0.9298166639747496,11.834325426563534,0.35797665060999395,-3.9059106329896016,,0.3973380809685198,0.5,False,3
-0.23790761414583031,0.96837223346111656,0.075200961383264514,-0.82802839226429281,-0.24267969281516616,0.50544589057519007,0.50770951215793581,0.057980894755644205,0.85957505030548986,3.1270090712561944,2.5105814721843531,-4.1980431595701537,0.5734772591068007,0.5226519077558862,0.9979057591623036,True,5
-0.46948575138265053,-0.88286980037692153,-0.011137541518855647,0.76815730954095884,-0.4146392669983413,0.48786127747739438,-0.43533605070963877,0.2204885344989492,0.87285011835196646,16.652446625602749,6.6292100559356388,-8.497407757642458,,0.1776221758060544,0.3571428571428572,False,3
-0.19888346969271681,0.97117880877055207,0.13136623187866023,-0.83490945581275444,-0.23809865275781655,0.49622095093754615,0.51319739484669635,-0.010988764713305794,0.85820025691713664,7.6519842850254198,17.455615091376469,-14.082338564479111,0.6631843334188567,0.5935589761281237,0.922077922077922,True,4
0.35214844257248307,0.91924251027155146,0.17602466220228996,-0.80644455269698567,0.20255879159485424,0.55553318476306168,0.4750143764341585,-0.33758427578500738,0.81264887800548813,-6.8298483402187982,6.0230323322831634,-5.0392028065825318,0.3552427437666018,0.2480307070501592,0.3114754098360656,True,5
0.98960912663158684,0.13190704984874532,0.05722155789271112,-0.14148283103117018,0.82242571043587842,0.55099778523824028,0.025620011921808093,-0.55336830503222834,0.83254257186938208,-17.157050384609104,2.9695626989533563,-2.3249812170969073,,0.1917398122695808,0.71875,False,5
0.97540777673485257,-0.207525253198826,-0.074249164102616005,0.1800335021523215,0.55582455773095507,0.81157069878474564,-0.12715190595482273,-0.80497970801005503,0.57951709422941478,-5.936410893262031,-1.5694079202231475,-0.67798104954041516,,0.3886458514904215,0.3333333333333333,False,7
0.81352635942467055,-0.56218329306838632,-0.14874410077722885,0.47362835373658424,0.49212823879731826,0.73040124528578299,-0.3374182049890232,-0.66465008957573657,0.66662524207304874,10.189074490820955,5.2794171174386033,-6.8352632199198675,,0.5178784895476547,0.4444444444444444,False,2
-0.061646413203372802,-0.95603932510793499,-0.28668541746368015,0.85840386648359113,-0.19733767575911412,0.47349830383224517,-0.5092568327918453,-0.21690239872614664,0.83283301308345314,-4.3732311679001361,5.9909894991581716,-5.5132593050747429,,0.7086354039610694,0.3272727272727273,False,1
-0.96796093007879591,0.20645645191271089,0.14292435518346278,-0.18922479532857636,-0.9739075317988648,0.12529204419396717,0.16506245688784743,0.094232971772406596,0.98177112014821954,0.3556051641814264,-3.0213665643897878,-0.31269688270579127,,0.5946449323158983,0.1214953271028037,False,1
-0.92333313518596261,-0.37563389367014066,-0.079718877274272917,0.34951932689030796,-0.90809314957629605,0.23065791081761966,-0.15903509549092315,0.18511080362532206,0.96976380051194966,-6.4848160247175857,-4.9230227808166722,1.685118596814621,,0.3862315260702361,0.4583333333333333,False,1
-0.44479765706858776,-0.86568400223862541,-0.22966552317318323,0.77930169344633327,-0.50046478812700368,0.37712579656750045,-0.44141127631492783,-0.011234060401750713,0.89723457413817786,-3.8730462683332125,-6.6406381315208902,2.494424938461512,,0.6298858981561235,0.3666666666666666,False,1
-0.99834504948037361,-0.0065034705985525642,0.057139015114060859,0.025183186980600548,-0.94269279528905781,0.33271023549569867,0.051700766643553983,0.33359855902008473,0.94129646347375184,-2.1209580258786196,10.114249334671779,-8.3947197838857885,,0.4908901553239458,0.3877551020408163,False,2
-0.135710660165347,0.97089193900093718,0.19736124113028458,-0.84931289333911497,-0.2165778888500913,0.48141627233526146,0.51014725905901603,-0.10228812660440181,0.85398297010557245,0.19627386907189626,9.9560322154731509,-8.5647135608262452,,0.2537191262950285,0.3478260869565217,True,4
0.14196051274996782,0.97229740945131149,0.18570126653858873,-0.85322805089285203,0.025081299979034008,0.52093456552713746,0.50184569938313928,-0.23239766772846804,0.83315197775977057,1.5654049095734324,-5.2613518485661901,1.1318425337949045,,0.8789885349598103,0.6236559139784946,False,1
0.086002478259173509,-0.99629154294342159,-0.0025952249800324928,0.85260534898775442,0.072250989317646896,0.51753638849851979,-0.51542961945424715,-0.046722114699977391,0.85565726280281884,-9.9174521426511326,3.1935255715519695,-3.0476039127671224,0.3346111804438897,0.3103887354897139,0.8622754491017964,True,5
-0.9688328196613849,-0.23583196473085913,-0.075804036555806947,0.20836653588464998,-0.94133261065272156,0.26547373287231807,-0.13396400363680613,0.24140464066151424,0.96113341695972865,9.190707930940242,-6.7459199791300124,1.0320718949114807,,0.489504384735402,0.7014925373134329,False,6
0.95079094988600621,0.30028065049699093,0.076341997301431111,-0.28086396161162397,0.73128971960127553,0.62155513116159977,0.13081286130458275,-0.61241070936308184,0.77964166023546788,-3.8033660386866783,11.006334722670699,-8.6274736175360864,,0.2804891346951104,0.1384615384615385,False,4
-0.67333285981392288,0.73126705605329922,0.1089557370033597,-0.61810388047161224,-0.63763554632472497,0.45974830397632199,0.40567283966361251,0.24221767646955644,0.88133997093343619,2.9682053180079713,-10.397617411536604,4.2626084648535238,,0.4025710112690739,0.5675675675675675,False,2
-0.9691793460082464,-0.24595576466937008,0.014041264078882721,0.22471967833040254,-0.85926570984534034,0.45952530513026502,-0.10095772106237297,0.44851778304754908,0.88805367903522758,12.909230495313537,4.5673363254158392,-6.6916538619356993,0.505590261819368,0.4566180018763419,0.9253731343283582,True,5
0.20696052821894456,-0.97810791984259926,0.021731012413580414,0.83145897563518023,0.18754978248729975,0.52297327936010585,-0.5155999530595714,-0.090166380819850123,0.8520720111439043,-2.8197393258009891,2.9532066947817222,-3.8459604802723062,0.3563125587464457,0.3715721302005157,0.9663461538461539,True,2
-0.72102466426917478,-0.68442103819148059,-0.1081262040229805,0.60367834894830685,-0.69707914034726703,0.38685025927839412,-0.34014097742931448,0.21365512999600689,0.91578141545885261,-3.8447445488356427,-0.030940218875204151,-1.79549488412278,,0.2518306859567304,0.3614457831325301,False,4
0.87155003914624163,-0.49016827777524546,0.011644257255633849,0.40051304722003384,0.72543489847130915,0.55976200932757569,-0.28282473065612318,-0.48319692418595928,0.82857160474307845,-13.127043951682502,-6.8465042759334152,3.3279087099312665,,0.1871840737501013,0.3888888888888889,False,3
0.79223803239671475,0.58345633455223234,0.17871095572196216,-0.53002176965616532,0.51282793032232754,0.67534023837756485,0.30238357051058573,-0.6297509186592688,0.71552634943311355,7.2649236660433436,-4.7586618585400569,-0.048718292799812338,,0.2582067095204597,0.5,False,3
0.99304003535098506,0.10634034255031292,0.050628250378594739,-0.11666870417749076,0.8293298297183932,0.54644345270559103,0.016121465679668073,-0.54854695795851827,0.83596431338831456,0.64521040978294142,7.0483473510132857,-6.6983075764134439,0.1891745838894931,0.2088952499915105,0.6487603305785123,True,3
0.66000918534086706,-0.74377607509060117,-0.10575928038950597,0.62902894282420285,0.47015492108936274,0.61909364337305361,-0.41074379405555395,-0.47513313954961761,0.77816324466436548,4.8089201622799225,2.5514597899867959,-4.297848722009717,,0.09047318937911987,0.1071428571428571,False,5
0.94751423610648056,-0.31898878974331946,0.021515677856989764,0.24947941951292602,0.77977563221111346,0.57420378146547646,-0.19994197061909461,-0.53869853854252425,0.81842965058525485,1.0340751542659861,-3.9742106022369823,0.21837296700619466,,0.2497564452892681,0.1397379912663755,False,1
0.69220267446550077,-0.72169814600526239,-0.0026913779698080967,0.6063405978244869,0.57952911317890643,0.54451546021019026,-0.39141606621682423,-0.37854694957249141,0.83874648737071289,16.177649860913242,-1.7515987209346475,-2.9572361439250332,0.3083969841173268,0.2656803257665851,0.8461538461538461,True,5
0.87136388070929005,0.48581519903539311,0.068619091960249706,-0.44104401082158318,0.71431559439714654,0.54335385534609404,0.21495387392103255,-0.50372296352980994,0.83669469228571569,-17.334948970880447,-5.2189639667370518,2.6136053693131149,0.1745469730736639,0.1891556544545321,0.2592592592592592,True,5
-0.703750106569623,0.61663434453809507,0.35284256069714598,-0.59267332812026374,-0.78342618578734091,0.18703405453967381,0.39175772313777729,-0.077495138936409413,0.91679899094792427,-4.3889889366564727,-2.7602922419285698,-0.010646187971865737,,0.08455267753481152,0.2857142857142857,False,1
-0.2404979535565531,-0.97010345033052947,0.032558101786080526,0.8390212198169068,-0.19090151861796292,0.50950957094671501,-0.48806160167755486,0.14985294740564267,0.85984880480336867,18.631725259725183,-1.1191610793456157,-3.4899396620096299,,0.09557747070816575,0.3076923076923077,False,1
0.98110763100537235,0.17680130482301987,0.078543713917189728,-0.18561355157981563,0.74576544498449948,0.63982928233787495,0.054547464221124387,-0.64232016913681822,0.76449288712655528,12.208308494102949,7.0319152353599623,-8.0585071457437731,,0.1379812893340598,0.1666666666666667,False,2
0.19326104252368695,0.88844251300694232,0.41631727147040942,-0.83282408053950951,-0.075778917286559486,0.54832618628732033,0.51870436697234212,-0.4526891392299861,0.7252712064511011,11.181848937028684,2.3842241333129577,-5.1530310834581634,,0.3272513204868208,0.1304347826086956,False,2
-0.59396775470619989,0.80114073442533407,0.073320051921098084,-0.67624405376676688,-0.54657201872426298,0.49391599295100258,0.43577091012866653,0.24378792421307705,0.86641281263235781,-2.1837941514886787,-3.6483740262272768,0.4563402340775386,0.4442036309854943,0.405846498154965,0.8347107438016529,True,2
0.80770472124755965,-0.58905595163313984,0.02502337147505361,0.45646940638109013,0.6516390009068922,0.60580714219556941,-0.37316050743948981,-0.47789088539398183,0.79521791814876686,-4.4071225689130298,-4.9239393233738662,1.4768212211551952,0.4413371029106878,0.4245375178609634,0.8854961832061069,True,4
0.51460671627589949,0.84309558069689283,0.15610819764863659,-0.74456888597031778,0.34911595786088284,0.56897734753836959,0.42520242427419963,-0.40903287126617099,0.80740015396028753,10.800130396185287,11.408627028570724,-10.848288758018651,,0.1352396507038884,0.3461538461538461,True,2
-0.98831924969012497,-0.15084067886291175,0.021729019584970134,0.14915999930546553,-0.92820536389136876,0.34086081771081356,-0.031246684610396411,0.3401204081549164,0.939862624353895,-2.0436929341404837,-9.2191291741709787,3.8868518535639311,,0.3129001633144579,0.5,False,2
-0.97078298031387711,0.23491002019687326,0.048966187762692293,-0.17940795882146338,-0.84605628681775347,0.50199755362717791,0.15935240645946572,0.47854575742269401,0.86348177086046085,10.386231248455251,8.9619925304320276,-9.1264773360572899,,0.3557735778895629,0.6363636363636364,False,1
-0.88958702739874174,-0.43640320441607905,-0.1348597933382962,0.41384046144549597,-0.89501365863249127,0.16639297861346591,-0.19331578609738287,0.092210596119210952,0.9767938435559933,4.4877092993303771,6.5651083122257798,-6.8915965480021804,,0.5453973282946984,0.3035714285714285,False,2
0.11534888362216847,0.98934296193347226,0.088854593127332709,-0.85945135901837733,0.054553484488591195,0.50829841511814433,0.49803413189116241,-0.13499785554910654,0.85658483670244756,0.59692963594500548,-6.8600407355278836,2.1936570214840607,0.355618952466926,0.3516764196179277,0.8303571428571429,True,2
0.99399792093894324,0.096734408271122049,0.051093907909805697,-0.10895646253804045,0.83340831164589635,0.54181092214049575,0.0098296714215897474,-0.54412594161276073,0.83894596800018728,13.306513082769264,0.82810528941273298,-4.3626620063703294,0.4126746468478879,0.3485204268633122,0.9481481481481482,True,5
-0.87874635090249076,-0.47606257961335385,-0.034194605823680613,0.43417299733251608,-0.82706700106731168,0.35700698050993845,-0.19823889417280605,0.29887220686675359,0.93347562624834535,-1.8035669216307202,11.283619564915018,-9.1036704808012967,,0.3566915584033,0.1333333333333333,False,2
-0.38415622462186161,0.92101850229361959,0.064412060338847027,-0.78266635879002389,-0.36186809641365431,0.50644333504975958,0.48975235160501551,0.14414020685005152,0.85986407929775788,-4.6073759608225222,1.2604526503504176,-2.5106707351032309,0.4325148385541685,0.3570345678142925,0.959070796460177,True,5
-0.98810333807108719,-0.15372624588503628,-0.0044760047886734586,0.14597526098095995,-0.94664808317650273,0.28731277347134082,-0.048404715414053688,0.28324132457031531,0.9578263598279898,-6.1015276583004789,-2.4128539554418413,-0.052554967771717503,,0.2968800030757556,0.1914893617021277,False,3
0.89925408877218915,0.39333585864054565,0.19138700617859153,-0.39516302390456176,0.54285637107760898,0.74104867918312367,0.1875853628754181,-0.74202012283222751,0.64359759861806776,12.820160035536169,6.0669518118865451,-7.5585963962967444,,0.3555992336672873,0.1,False,1
-0.95391621370726176,0.24734561253674928,0.16989409991292403,-0.23225643565342918,-0.96708924584197931,0.10390061922027405,0.19000211926177774,0.059653487204120358,0.97996972205289146,4.1504587720271244,7.1221701064032796,-7.2768246896677997,,0.528776507260025,0.3333333333333333,False,1
-0.28362044684234117,-0.95519428505764659,-0.084636398352973666,0.82996350815140152,-0.28872660065786226,0.47728138996777869,-0.48033323564997077,0.065121638997861608,0.8746651672864667,-4.4075795034861871,7.0736003782095844,-6.1757256086731012,,0.4340771309878049,0.1428571428571428,False,1
0.43903013769614585,0.89344919523449107,0.094873988686805272,-0.78161039979921731,0.32771514294758319,0.53074284546148454,0.44310012538952315,-0.30716660075224006,0.84220600702090898,-20.25197801615219,9.6399106993431563,-6.0863410412088168,,0.2034637693092177,0.9166666666666666,False,1
-0.4163025615348141,-0.89922693095991568,-0.13447343193346256,0.7885958885029829,-0.43071445006650488,0.43886397339050165,-0.45255795418459166,0.076655000752197999,0.88843418943889008,-10.135907625677021,6.6487615796414561,-5.1389194066811559,,0.2173751209513658,0.5555555555555556,False,4
0.97585324918682947,-0.21794203029525805,-0.014550171211679432,0.15183880735466931,0.62896759594767726,0.76245966439472146,-0.1570204210687895,-0.74625802151707599,0.64687213009125677,8.9488195435557927,5.5418108099347156,-6.9395304247897949,,0.3788696130346149,0.103448275862069,False,3
-0.018080078842324768,-0.99966463798529326,0.018539749480205005,0.85886806135441096,-0.0060350833961068887,0.51216133293496335,-0.51187768454423921,0.025183115973514376,0.85868914441460908,24.440024263699375,3.2252336683496714,-6.9776712713783198,,0.1083002420380995,0.1538461538461539,False,1
0.15964143818265372,0.90379665928954844,0.39707204619820086,-0.85132591642506772,-0.077585319894966767,0.51886867525397451,0.4997587370301721,-0.42087066516193294,0.75703968718169556,-3.6974423617069703,-4.134058446852519,0.94927524680868125,,0.6919126575616756,0.2758620689655172,False,1
-0.34301484128193155,0.90450324734103016,0.25340618423760414,-0.79825335260139108,-0.42288428784463999,0.42890612510754683,0.49510847672098118,-0.055161169708979794,0.86707833650447441,2.5111207948303758,-3.390845659403265,-0.45974629491342739,,0.09943933080104891,0.3170731707317073,False,1
0.73287037189434368,0.58321979460084472,0.35036507985984394,-0.60042626395124477,0.31221776633893639,0.73621217589759769,0.3199833113726343,-0.74991648706244207,0.57899563286343514,8.1353504932751015,-0.00078755159513987927,-3.3494216886611836,,0.5062949423552288,0.119047619047619,False,4
0.057730936835436918,-0.97607904849127491,-0.20961114003905129,0.81440965577633151,-0.075391203410151236,0.57537212221887057,-0.57741150967951838,-0.20392610805077696,0.79057579709024906,10.969006401825691,-4.1539038572550657,-0.74956024468291582,,0.494968946359087,0.1,False,2
0.061520221293692959,-0.95799009822594228,-0.28012538991142411,0.84313044469516873,-0.10032603951156141,0.52826673094569776,-0.53417816840461074,-0.26868133075630118,0.80153853737853475,13.194443693379565,-4.2035381712144249,-1.018790915737368,,0.555611994158028,0.2727272727272727,False,2
0.86447350029979153,0.45809387754787217,0.2069675497090834,-0.44598299683281367,0.50899140092829864,0.73622477567456979,0.2319153591624524,-0.72875081690122534,0.64431165832254478,3.6895425576564405,13.260962233254553,-11.098127821295739,,0.5270256440094221,0.2571428571428571,False,2
0.76316156135738866,0.63892613455092939,0.096735856094627953,-0.55665596525732663,0.57396393308939919,0.60058266696266005,0.32820506944589767,-0.51219019719275727,0.79368925549591363,18.469321336683002,0.48633379281715716,-4.5363013079157009,0.5956534706488182,0.2478646273351161,0.3333333333333333,True,3
0.25576325476217826,0.96234637842693027,0.092057620227927017,-0.84005593175942905,0.17411213677489812,0.51380054042738954,0.4784257403498014,-0.20874484845440211,0.85295627039989208,9.6826145100597429,2.9203421638743259,-5.1634103076385651,0.4476973614161095,0.3619171903047651,0.8392857142857143,True,4
0.6893161542611147,-0.72369406474701747,-0.033318765352375532,0.60367765806609319,0.54835835940396371,0.5786850566790458,-0.4005203173704226,-0.41901075203595078,0.81487021362408552,10.980415145251927,-6.0289209964014763,0.39517436530891004,,0.2851911990156293,0.5,False,3
0.79172573216694619,0.54147386595077862,0.28280102106787219,-0.54229395367768074,0.40986636155729728,0.73343495517217616,0.28122523505073682,-0.73404061069950399,0.6181397487741398,-5.2550404953485303,3.6996235977235017,-3.926473443584066,,0.08834566278789471,0.1666666666666667,False,1
0.99650449484002368,0.070798231291275493,0.044344133881006581,-0.083463813102139919,0.82122110554404104,0.56447292912191471,0.0035473463434838662,-0.56620094158792267,0.82425961327658714,-19.897899147003468,-3.6586011963793865,1.9937545457394066,,0.1019887431709615,0.5,False,2
0.84645008262010701,0.52162466656916839,0.10691101374048809,-0.47597627446102631,0.65123552353895908,0.59104896500301973,0.2386814692903845,-0.55118055127838361,0.79951932816526805,9.2439393150856688,-13.940294646323721,5.7617694630325129,,0.1754494083181292,0.5925925925925926,False,1
0.44323954999138487,0.88256871266561732,0.15687947203886285,-0.79295229265132261,0.30441734530567277,0.52778474916964058,0.41804947422816868,-0.35833301173741244,0.83476469127338504,7.5213468324647978,-3.7087908572298325,-0.91609631041241568,0.3012035694314119,0.2560470616136703,0.7142857142857143,True,3
0.99818226958775846,0.040417674527486666,0.044705349416197193,-0.059039801933885132,0.80473901626705979,0.59068554873564927,-0.012102002654178351,-0.59225123662455759,0.80566246918200368,-18.225725692754978,-2.6220003350940946,1.15001567060801,,0.1525350246460981,0.3,False,3
0.99777542599046409,0.024148321739595208,0.062137411007453333,-0.064984837154290223,0.56025356765389933,0.82576807329365076,-0.014871793085521667,-0.82796908063540553,0.56057651688434385,14.541593364728431,1.5531050391391683,-5.0719208619212379,,0.2511653415829544,0.32,False,1
-0.19436133729766722,-0.93750409733720763,-0.28863426345430732,0.84677454889195103,-0.30888723159688791,0.43308375807139643,-0.49517323626453763,-0.16023340985062542,0.85389034451441503,-0.33153760217617262,5.5930632661072162,-5.6649522721353494,,0.7552462204922765,0.528169014084507,False,1
-0.98514926431657512,0.075292056189137729,0.15431148139825482,-0.025226903282186346,-0.95244435770872704,0.30366650921628296,0.16983677566211458,0.29526403733543877,0.94019924371862496,-7.207324241151019,3.9027496787790099,-3.8463460842485002,,0.7219902538639429,0.4074074074074074,False,2
-0.0018092020712012157,-0.96611254048767659,-0.25811486958390017,0.85862200893377483,-0.13381246350977571,0.49483580143717815,-0.5126060598182538,-0.2207278499009428,0.82976758415577567,10.210522691701666,0.30221113065854777,-3.7405635136941351,,0.3483659421271735,0.1875,False,1
-0.99257972696644281,-0.10565818990282132,0.060181662669632492,0.12141012368030199,-0.88849298814738509,0.44253789880739541,0.0067132319456323988,0.44656080987855401,0.89472810149086868,17.848066085887325,-6.0415611300221421,-0.20451343678745643,,0.2107104083841397,0.7368421052631579,False,2
0.94069615427091668,-0.33924605924160173,0.0016901564873782679,0.26659982500906393,0.74231787602068622,0.61472652801491634,-0.20979818551418561,-0.57782028540817165,0.78873851124804017,-19.841782407710959,3.2385872363618411,-2.2546262789358527,,0.1544524907513333,0.3125,False,1
0.97830146137601603,0.20013472749508679,0.053594230286659821,-0.19676996091995844,0.81650416946117277,0.54277299465990303,0.064867812889831913,-0.54154134847026092,0.83816772471140988,-22.595046836270463,3.1323445616271668,-2.0381216965425151,,0.08565044462956833,0.1333333333333333,False,1
0.62563238229177243,-0.76368000863707808,-0.1593014960256034,0.65451988800472161,0.40273361278543751,0.63985103996092518,-0.42448538070728625,-0.50457752778028375,0.75180694332051012,-12.071261435059364,0.72582670720794684,-1.3756261408607815,,0.2690224562406333,0.25,False,1
-0.94784559818735492,0.27302731614833448,0.16445305297772284,-0.24861709643487034,-0.95619252277950706,0.15454901727561093,0.1994448830056833,0.10560276519769783,0.97420213232442165,-4.2884473872683753,3.0878794322259164,-3.758635879045404,,0.3177913009484269,0.1090909090909091,False,1
0.99837966325958827,-0.034903459507320718,0.0449421461892111,0.0049852078115065531,0.84040359751686822,0.54193813390808943,-0.056685057049875913,-0.54083596570043946,0.83921586169002171,-22.509753735489991,-1.412874937843166,0.64875644458926129,,0.07469914422011531,0.3636363636363636,False,1
-0.86621760981085671,0.42946303952931558,0.25539880605008308,-0.40711531950236846,-0.90295665029408445,0.13757326890123323,0.28969668462039899,0.015191621635889579,0.95699793393299504,0.76202004303803583,-0.42687859401620687,-2.0081072780123308,,0.3231262305985345,0.2296650717703349,False,1
0.033815527368430173,-0.91066103137512833,-0.41176813383697258,0.85728776549986141,-0.185348123988369,0.48031631250483997,-0.51372579965683041,-0.36924593277215695,0.77443091615596682,1.2160621362568587,8.5171778374164759,-7.7475151897382366,,0.5134954280816822,0.3684210526315789,False,1
-0.028608522719354042,-0.98791428527144132,-0.15233816785176937,0.85890583709668178,-0.10225440976824403,0.50182148089155831,-0.51133385906769835,-0.11648777034335264,0.85145069377584626,-6.3754551936563368,2.5466854896980617,-2.9840743759613044,,0.1113963973122523,0.3214285714285715,False,1
-0.66815829492100609,-0.67538809076191531,-0.31211443379829257,0.65407226425405418,-0.73314328321657118,0.18625358898018884,-0.35461805659304552,-0.079698513984900368,0.93160838382164113,-5.4220269358301554,4.4270922923694354,-4.3627760036651448,,0.3730738547067013,0.5,False,1
0.0046134309982763756,0.99630499820756635,0.085761686090273043,-0.85868066326383619,-0.040006051247017456,0.51094719335798366,0.51249022897144481,-0.075999121114940532,0.85532327151700616,-3.240842683412084,7.1668058969154815,-6.4031474207709289,0.2417601169815078,0.3042555557356298,0.9078947368421053,True,1
-0.99254113444632464,0.076826635107166696,0.094656032930361483,-0.073484459074125666,-0.99656037110109275,0.038307453914815048,0.097273484087836384,0.031065976388370758,0.99477272500026381,-5.3020870474698629,-3.5694141211318495,0.72483926668162368,,0.4874449168530162,0.2333333333333333,False,1
0.6760238240681693,-0.73657291538369429,0.021263339705132181,0.61609454355674564,0.5808087300961422,0.53206083528456927,-0.404251533938779,-0.34658557293585307,0.84643909287134922,17.363812246764418,4.6490577690120292,-7.1525570008314281,,0.2181681774225847,0.5714285714285714,False,1
