axis_00,axis_01,axis_02,axis_10,axis_11,axis_12,axis_20,axis_21,axis_22,location_x,location_y,location_z,dbh,dbh_approximation,score,reconstructed,number_clusters
0.85812204226203614,-0.45917124439083956,-0.22975710850505168,0.50982754983516454,0.70897490264784579,0.48726836224461839,-0.060847596609128279,-0.53527222582537148,0.84248514185524193,19.546844794194534,11.136537209510516,-4.683022742015587,,0.3150608716607031,0.25,False,4
-0.40789419978874153,0.90515850195359449,-0.11962611805047656,-0.86363777849357715,-0.33999321419508233,0.37220209814021132,0.2962298251989165,0.25513271182351621,0.92041033784948212,17.759876860566312,1.5875398355222052,-0.77672977856447989,0.4227899711986016,0.3268488627145552,0.6216216216216216,True,2
-0.84562405635724958,0.52762903144122786,-0.080793319589572005,-0.52982912913539681,-0.81131655641274392,0.24707597861830546,0.064815501460204122,0.25174004542574924,0.96562202765859872,-9.4900386883483261,-4.6752415212906655,-2.515377044493631,,0.3016953136475077,0.4047619047619048,False,4
0.94946833892144011,-0.23881297775604071,-0.2036620608779561,0.31386073409894244,0.72006080760621793,0.61887306690496402,-0.0011458519260601485,-0.6515219067727317,0.75862895543117081,-0.43755922278026516,11.508607694885834,-8.407142709792474,,0.2446364374354495,0.3125,False,5
0.97827308697809223,0.19136134633833202,-0.079765922685904045,-0.10093279105797401,0.7756768929430613,0.62300716644629739,0.18109207322133136,-0.60142014672089095,0.77813846334352388,-9.6965265310502762,-13.647577598589084,1.3518508232672348,,0.3751488597082169,0.3146067415730337,False,5
-0.22013671734412119,0.95135384244154975,0.21555902242461256,-0.87687299669610486,-0.28980629232101762,0.38354407907871418,0.42735649444246016,-0.10458575143319054,0.89801350059729468,7.4488660191570446,-13.796109998528227,4.3036637219755089,,0.5975095718690022,0.1159420289855072,False,5
0.21716246620384486,0.96856009976186797,-0.12137461193159425,-0.88835928398179642,0.24763294687906473,0.38664674598830029,0.40454696369595311,0.023859102440608598,0.91420593817537332,9.0350479192348878,1.4012877276523037,-2.1595079486967648,0.5307823498164029,0.3514969950459248,0.9216867469879518,True,5
0.0022149286976064792,-0.94603733710570503,-0.32405007466873276,0.92620206715444409,-0.12023350028036633,0.35734246348449239,-0.37702098733319761,-0.30092733709697744,0.87595542860240505,15.557607263170421,4.5075823534513253,-2.4386836618213028,,0.3600027759897542,0.8536585365853658,False,5
-0.95750115894888532,-0.25285660551334105,-0.13876263063163949,0.24951901313456754,-0.9674915657597547,0.041235085401759519,-0.14467823850148898,0.0048587274063777719,0.98946682616048198,1.9982193233347774,8.2438129023714719,-6.4023235814741009,,0.882276011999068,0.6761904761904762,False,2
0.71106729185520134,0.69525187321499049,-0.10491967996879933,-0.60311929147243826,0.67980764225589585,0.41726333386036041,0.36142831475618042,-0.23342322575426211,0.90270879632968071,-1.6823301958624379,-8.0628701941483598,0.25128004273957494,0.5055320719858782,0.5759388575918569,0.9285714285714286,True,5
0.27352873241134096,-0.92289526439029124,-0.27100989559685684,0.89930323074883234,0.14542306065546307,0.41243888346554991,-0.34122680391516275,-0.35653395966663781,0.86974007835345324,-16.187449553535835,-9.3959105634950326,-1.6737769687935369,,0.1828701870404925,0.3,False,4
0.76950424656242367,-0.61171364760342806,-0.18349285506009949,0.62426412194059666,0.65984286624551947,0.41821250330739057,-0.13474984445309471,-0.43636430330700471,0.88962277074008189,-12.566384666060399,-8.625904520685749,-1.4291285305644226,0.538278708686406,0.4574894987156004,0.9345238095238095,True,5
0.51831875894113932,0.84516709993603456,0.13053059915372628,-0.79113542008917248,0.41592114934167018,0.44845774004986627,0.32473129077753859,-0.33571143965616929,0.88422136259758877,10.14249925371678,-2.3251742469954948,-0.25900110808820581,,0.3176121277111876,0.3461538461538461,False,4
-0.09969971300133397,-0.97264397555921067,-0.20981816898406325,0.91182361082780894,-0.1737176163065868,0.37202136030299848,-0.39829344705177805,-0.15422673760775324,0.90419933833335731,3.4535528469800769,13.412453276270789,-8.6189023427839704,,0.2062281321210219,0.2916666666666667,False,4
0.75627318999143556,-0.61751932735170889,-0.21614981482127582,0.6349688000396243,0.61313896824919267,0.46997364669793551,-0.15768793573516757,-0.49267685754600782,0.85580606971566475,-14.90316931852321,-13.988083707494361,0.48309974275697815,,0.7347764371994021,0.9885057471264368,False,6
-0.10843248669968265,0.99298514720216424,-0.047147569014958535,-0.92410225530156775,-0.083201346658624664,0.37297795867952865,0.36643883196882937,0.08401210240250219,0.92664154292543577,12.124462869430188,2.3129446268838088,-1.9818678390239879,0.7190211127676489,0.2376854896376573,0.3896103896103896,True,2
0.89049497620804807,-0.42587174702993474,-0.16016226905828554,0.45185769651301028,0.78650239536135902,0.42099715461366277,-0.053322785469100104,-0.44726640514632349,0.89280985846780414,7.7723118711138186,6.7160455475331116,-4.7512023664314444,,0.3031497653902115,0.635593220338983,True,5
-0.73821799318033243,-0.58419354111320632,-0.33727155389450775,0.5797116243767052,-0.80507977894027716,0.12562237899354078,-0.34491829047953593,-0.10278353984508985,0.93298816542847318,0.23852869074829203,6.4039398448892353,-6.0263177814771511,,0.6920460117671932,0.7159090909090909,False,4
-0.64271978637027316,-0.69479690869108701,-0.32275150174934852,0.66788929189688861,-0.71454527391275802,0.20820409529693193,-0.37528012201237515,-0.08174538031136977,0.92329980115893351,7.1682058097807451,5.3626011176024839,-4.2655310850326948,,0.5434486830628709,0.282051282051282,False,2
0.33562967216746936,-0.88637667777340345,-0.31888729711316727,0.89211268544236444,0.19039196935667815,0.4097387636986507,-0.30246930362198737,-0.42200388991556692,0.85464907258041312,-11.128942639547983,-3.2801401859364958,-3.4404725540334598,0.3747807897064351,0.3232215940090619,0.748792270531401,True,5
0.97948783521186733,0.13591940459177571,-0.1487598606055644,-0.063050992466774022,0.90791125023307229,0.41439321187632194,0.19138482965199882,-0.3965136531768314,0.89785787841029663,15.375393158381192,9.8587613838150467,-4.818234663916706,,0.273493038389007,0.65625,True,5
-0.36334663577892634,-0.91394274879357085,-0.18079788216621051,0.83884443915628859,-0.40536752600601961,0.36334167907952652,-0.40536308313005881,-0.01964232133454738,0.91394471936101362,14.035327436859887,12.995029858890581,-6.5111996032389454,,0.3645876277878964,0.7407407407407407,False,1
0.5793691457455924,0.79032266196612655,0.19930249105517447,-0.71647586901856952,0.3772534711474117,0.58680673787995485,0.38857910658205447,-0.48277314391958914,0.78481613734548528,8.4663879657747749,8.3496322057602974,-5.3341592612298401,,0.599347904242454,0.2666666666666667,False,1
0.45753404092921557,-0.77358895959846918,-0.4384321190085676,0.84801719485017368,0.23131405423149831,0.47682349517765144,-0.26744988059340613,-0.58996095625248557,0.76185079344201456,7.7666192184418978,1.6419415929142871,-2.5212455163015366,,0.2127472940641487,0.2803030303030303,False,4
0.14658316782193073,-0.94757657459405109,-0.28392254259197486,0.92158603146177209,0.026525800894944107,0.38726679240727896,-0.35943366776893387,-0.31842584249317119,0.87716157081046642,7.4558507793681859,15.347157873107779,-8.8476744946332708,,0.2304141934751296,0.1724137931034483,False,1
0.017489311866150489,-0.96166457141318151,-0.27367019578162133,0.92126077904579207,-0.090868363624210996,0.37818185768780466,-0.38855205695297668,-0.25873575821861305,0.8843546270906546,0.42221816328148781,8.1845127436727267,-6.7009652522977365,,0.5707830107590237,0.8652482269503546,False,3
0.38940964230566205,-0.88924882114559478,-0.23999305108804106,0.87696428258225123,0.27829808273533879,0.39177011654902016,-0.28159150831368229,-0.36302439482355076,0.88821141132537873,12.888115197520221,10.671982753711557,-5.636090849020909,0.3262585761628524,0.2539832406996057,0.3333333333333333,True,5
0.16020597083626398,-0.9729203313342587,-0.16661355222444199,0.91658609283260273,0.083984685786197943,0.39091751940691749,-0.36633861567445253,-0.21534298555985124,0.90522009325682562,4.9992464007433588,5.4498793933384881,-4.6981119500697632,0.3413275325929652,0.24850247999586,0.6706231454005934,True,5
0.97629113048325455,-0.12370027286858115,-0.17763409310142922,0.20987544463538779,0.74183053165371637,0.63689854768672727,0.052989869586807847,-0.65907943739628438,0.75020421814501292,-10.661575472086232,-22.821045912114734,5.1106126891391543,,0.3355027283021992,0.32,False,2
-0.98850494453576021,0.036415049945130271,-0.14673758470769549,-0.027137927559323861,-0.99753332900863056,-0.064736314420460794,-0.1487330074870381,-0.060010012951619472,0.98705485705172824,-13.211498219714144,-6.570462269605021,-2.4181211236951841,0.3405200502304049,0.1649790985010644,0.3333333333333333,True,3
0.064088778418909462,0.99767888958693896,0.023010035926620431,-0.91827747116353686,0.049929366730346758,0.39277671047480156,0.39071615583985186,-0.046302177167806796,0.9193459598841176,21.849074345227415,6.5475504684094954,-2.2668342427456514,,0.2177102096540706,0.3181818181818182,False,2
0.54560809882131989,-0.7832197102833206,-0.29812528897142432,0.80067452612519519,0.3821402296252992,0.4613991201943462,-0.24745121885894619,-0.49044442124019894,0.8356028745520131,-7.744451809643162,-1.6309706983430221,-3.6554545383882515,,0.6887047212369898,0.4049586776859504,False,2
0.14776923301094352,-0.9666034080042385,-0.20938506491617193,0.92246316736814704,0.058348378499619859,0.38165058833387278,-0.35668748033044773,-0.24954622489842879,0.90027813647475596,8.0988147696676709,10.580400816152226,-6.522937597866771,0.322560427929844,0.3492454357398499,0.9029850746268657,True,5
-0.93680699559997149,0.34838537397492231,-0.031941887785594952,-0.34603217962397304,-0.93616845806226279,-0.06205117882850264,-0.05152071097759095,-0.047077057360012386,0.99756171087842227,3.406533637115754,10.625214957336169,-7.3121910296928814,,0.5736067472852721,0.3529411764705883,False,4
0.24729417518876687,-0.86316600438232938,-0.44021590134427557,0.90808461758014225,0.047988232386795768,0.41602819239411931,-0.33797620956516289,-0.50263463711829126,0.79569498134456607,8.3023073564063594,5.5251130549166341,-4.232214745179264,,0.2090528333762143,0.48,False,1
-0.076292289742286329,-0.98219068392457565,-0.17170016580555281,0.91712953496905925,-0.13669191113832169,0.37441786484727291,-0.3912197625546498,-0.12890609698974068,0.91122462408867977,8.945280622046397,-6.9067572661163137,1.519535764348569,,0.09262581989500267,0.3636363636363636,False,3
0.54628388995336741,0.83558412043125652,-0.058078302837972523,-0.73956728462213472,0.51373688901982484,0.43487313135772532,0.39321004958426264,-0.19461137310895862,0.898616865167011,3.1855055263052834,-3.2271771901706474,-1.1803168125731274,,0.54669790347114,0.9025389025389026,False,5
0.81571915420456875,0.57712970913624706,-0.039032810507232285,-0.47817791127754822,0.71075318320423198,0.51592227877006058,0.32549676900089786,-0.40218305707396701,0.85574566430255095,-6.6323580403676159,-14.35101516999827,2.146641308030464,,0.274698934076819,0.2745098039215687,False,5
0.52825489623769573,-0.83034549345630237,-0.17740666869571653,0.81120617674134377,0.43183823550942724,0.39428451297102268,-0.25078138570793784,-0.35219610992870831,0.90170205541159343,-6.4298167871109548,-20.909327908786288,5.1424456012625104,,0.405020619733,0.8305084745762712,True,4
0.37209641861591564,0.92644811993600085,0.056904624770389045,-0.82621568606394702,0.30265444448929241,0.47515042600502777,0.42297978126039398,-0.22381726541517596,0.87806260388823199,5.0152192880848796,2.0207993181939221,-3.2173802990445681,,0.3986015618590796,0.5822281167108754,False,5
0.80253404447669907,-0.57034077272593886,-0.17507287174845423,0.58563072595553856,0.69705995579468993,0.41369562584621822,-0.11391119467664604,-0.4345328767698528,0.89342342634019589,0.90824698365214318,11.029485544354834,-8.0019960055981141,0.2520466739648307,0.3660512674001771,0.7472527472527473,True,6
-0.16715339999756368,-0.90783966702254659,-0.38456063221505909,0.90707440412438867,-0.29445398937188216,0.30085357489212011,-0.38636222156370237,-0.29853640837153345,0.87269711047131659,-2.4595399795515163,9.1771242663463219,-7.7928302955386339,,0.3056271273362304,0.6,False,4
0.9723665484391677,0.19005262636218828,-0.13558500908778426,-0.11935769292605299,0.90382401165534665,0.41092079175262741,0.20064156253346438,-0.3833825180783163,0.90153247762687949,-5.2404939733440417,-1.9704988912302523,-3.0529272393416966,0.30119402044046,0.2893257769699865,0.9358600583090378,True,5
0.93494584851079887,-0.3173167273569778,-0.15870209479360564,0.35398692231829743,0.8042131096541445,0.47742489785099146,-0.023864600982223566,-0.50254489232293209,0.86422167990631371,8.5463709712729727,13.409362659622657,-7.627597552060549,,0.2837752224683051,0.85,False,5
-0.54385758730653566,0.83915488783145931,-0.0061643294594144471,-0.8019319263372191,-0.51754114841886156,0.2984230976555976,0.24723290689184219,0.16724303848548142,0.95441377600491117,-5.7723309869531585,-20.141787670790634,4.7762140363983576,,0.4301790368987407,0.1,False,1
0.98422005427762116,-0.073294206270414219,-0.16105540687895037,0.1531354706747895,0.8088508427935357,0.56772338487453156,0.088658966714963261,-0.58342803621301464,0.80731116317170915,-12.01732404174731,-18.843341086917295,3.2436655442222415,0.4627462210255197,0.2399587547746959,0.3823529411764706,True,5
0.9870229579508607,0.078495443955298852,-0.14008620830114712,-0.011860753641605191,0.90563516191412108,0.42389182113817081,0.16014057262600565,-0.41672943114572825,0.89481371145952548,14.255022742402167,0.97588088020379038,-1.0736359657746812,,0.1695068974362204,0.4193548387096774,True,5
0.73023090394804313,-0.60934895356483276,-0.30896064427151088,0.66404099819173357,0.52668495939386073,0.53070943676254068,-0.16066231555579419,-0.59270296636488218,0.78923432136629712,19.766052516984725,4.1300477775474427,-1.5134955665699172,,0.3055988494484368,0.2857142857142857,False,1
-0.79034971129766729,-0.57589209377321793,-0.20903499750327589,0.5287133527690937,-0.81351310354890383,0.24219541894490021,-0.30953113648768732,0.080899485064683196,0.94744168625879621,6.6552976943222584,6.6922609953944523,-5.0643375590712383,0.8351226839798928,0.2299127391660738,0.1935483870967742,True,4
0.83758940059306153,-0.51926263603873657,-0.16973600333535183,0.5384240892302401,0.73208814604561179,0.41730857474545835,-0.092431034564925324,-0.44092319198881103,0.89277278330808019,1.7611668667747997,-7.6622236726570385,0.68395338625393842,0.5192497152395219,0.4733590399823611,0.9038461538461539,True,4
0.50089987140599657,-0.74570559927346847,-0.43934323488322191,0.82446757221927836,0.25665197538626316,0.50436394190026923,-0.26334870644129904,-0.61486008387480051,0.74336702649039277,-0.97097533991279428,10.213861597554816,-7.9315994743561564,,0.7152297738407978,0.303030303030303,False,1
0.79224177334144963,0.60798245426175057,-0.05206061738640963,-0.51283128052232885,0.70962505371817386,0.48315252338501563,0.33069177535981176,-0.35607529884188543,0.87398703151936885,-18.581233131591155,-7.9552565704908691,-2.6505866848157709,,0.2736010419546774,0.3076923076923077,False,2
0.40184734091362362,-0.87104129753821924,-0.28249915501392886,0.86571762409676123,0.26084245156185981,0.42719341145604789,-0.29841533125646746,-0.41623103373743386,0.85889464815247185,5.2827507747232163,8.6148292767834747,-6.0310714635098979,,0.5566688319530372,0.5754189944134078,False,3
-0.81694058095687094,0.57630722621900787,-0.021864770604847233,-0.56047164602202282,-0.78441468786762991,0.26564098227286415,0.13593977045446837,0.22926748235474032,0.96382405051103825,-1.1373271952145656,7.6642961131055571,-6.8675614892323704,,0.4363680611278653,0.2517985611510791,False,3
0.29917743779188094,-0.7757983691742828,-0.5555445536613659,0.89705983581919879,0.030233501466478852,0.4408736625713835,-0.32523301135695742,-0.63025615885574438,0.70498273918450338,-6.700094061667814,-3.398923206192527,-2.6616344717679667,,0.5050433392747755,0.3333333333333333,False,1
-0.64120091038590854,-0.62789219292164111,-0.44114939259658376,0.62949667698766987,-0.75915991876491229,0.16556011416501554,-0.43885684019024168,-0.17154478076847562,0.88203007999122818,2.9943885831166055,17.682625520912449,-10.617942245130578,,0.3321995466594752,0.2352941176470588,False,3
0.93695947930938306,-0.24104647736237514,-0.25298918926206609,0.34943651012143206,0.64419027041872601,0.68037711667280587,-0.0010293330082049301,-0.72588944836595926,0.68781062017427408,-7.2010214721796437,-11.418021717303533,0.80489964099937705,,0.5719710952297967,0.25,False,4
0.531187798053952,-0.71004472204498015,-0.46225103125321548,0.80887596233332149,0.26265413324748466,0.52605368913006967,-0.25210950152252737,-0.65333704853167462,0.71385677853332974,-13.52656002664655,-10.769979936314545,-0.5869421001410432,,0.443314256543401,0.1304347826086956,False,1
0.15427875957583706,0.98737353031486108,-0.035938502713783821,-0.90289951740687702,0.15566339723611569,0.40067613882952852,0.40121132313304597,-0.029366960933654374,0.91551463985856141,1.8972051705912536,2.230041037055468,-3.8160935234499349,,0.097831330189287,0.1435897435897436,False,4
0.95988015526731596,-0.15945009436009103,-0.23066372695452622,0.27845391110347517,0.63901543043418729,0.71702349965547763,0.033068216086931917,-0.75248584509980554,0.65777773298376385,-7.2803207468278881,4.7542675158551138,-6.6076505986966794,,0.4797682484920515,0.1827956989247312,False,4
-0.23835872906319688,0.93042216121887622,0.27838771199924084,-0.90969752461923103,-0.31426900429428317,0.27145056021589409,0.34005224595791206,-0.1885460019535676,0.9213114973592289,-17.394539854463943,-6.625295477471453,-3.066652363534867,,0.5312163321467168,0.1951219512195122,False,1
0.95867717010479125,-0.17906750923493159,-0.221072184266286,0.28004814161386021,0.73084822859608545,0.6224418889636103,0.050111095562682922,-0.65863168303260466,0.75079503475126008,8.9106602522719172,-4.6547367918864753,0.58717211342118558,,0.4171483710028717,0.1333333333333333,False,2
-0.96788533237055063,-0.19441614337016475,-0.15937486181648058,0.13845582639957593,-0.94140598376379336,0.30754635076641201,-0.20982842399913598,0.27560322373077922,0.93809109128657808,-4.7092353882855269,-13.402239220087464,2.0327190664314689,,0.286209648821686,0.1,False,1
0.53779024594423186,-0.80289127947789862,-0.25719106653533835,0.80259054252273465,0.39415764546010401,0.44775905527237397,-0.25812801556650955,-0.44721957008128504,0.85636708467572842,-6.290042558474477,2.2429250780188239,-5.2726202040957864,0.6432604951592333,0.6694310209257077,0.8711256117455138,True,2
0.28666124268699,-0.84557600680454925,-0.45036268568524118,0.8999822778729939,0.076532822417273189,0.42915571370702194,-0.32841624724682522,-0.52834074592947955,0.78294241469918657,18.408733205440313,6.7365407879335333,-2.9298142410094683,,0.1481228582463818,0.2777777777777778,False,1
-0.070578710848763049,-0.96966678687283314,-0.23401916163135239,0.91731897445157073,-0.15525253732013583,0.36663680770863294,-0.3918476039049415,-0.18879346411190756,0.90045126643399243,7.6124148375512197,-21.503663688714269,7.5113769142120121,,0.386919913059672,0.975,False,1
-0.10728200938327695,-0.83402098023250704,-0.54120197246009272,0.91218185704699961,-0.29910204478045421,0.28011109667851186,-0.39549314802784374,-0.46362373897392239,0.79286707493934094,12.753226729982428,0.49343691019660962,-1.0757370782204378,,0.3005064018039452,0.53125,False,1
-0.35637404322613186,-0.77354603334009431,-0.52404587167390737,0.84177345771236978,-0.50921550241535429,0.17921221495991807,-0.40548117984145782,-0.37726132375806121,0.83262170665356483,-4.8717664047825986,-14.868742488775194,2.6833642344985256,,0.3611587998527754,0.1578947368421053,False,1
-0.12496986453451399,-0.93031246196168438,-0.34482061434463984,0.91929459563893068,-0.23930329772151615,0.31246020247171025,-0.37320233036153455,-0.27794361805660689,0.88513691923584503,-6.7947088717370496,-1.3834391716946028,-3.6622981964020886,,0.3283207020007125,0.1447368421052632,False,4
-0.96432755447754281,-0.22294779756408137,-0.14271176278319586,0.18873316133584186,-0.95709309600703218,0.21989224494704926,-0.18561293459115608,0.18511370866848148,0.96502888732693382,8.5840530445338779,4.4424935841946205,-3.5494998615493758,,0.5169453003433478,0.3097345132743363,False,2
0.8928549963513418,0.43912487275219925,-0.099896454495692566,-0.34852174248173273,0.81424843509894629,0.46425432788118781,0.28520615440053521,-0.37969570983786671,0.88005034936802107,12.657250040890567,-18.790909005122884,7.1913085801622953,,0.357554795597654,0.8181818181818182,False,1
0.98231103590047297,-0.09056449906558045,-0.16389966521363164,0.16660712451022919,0.82224898604278551,0.54419543457662756,0.085481546608452474,-0.56187603300070732,0.82279294401982761,12.533409919729015,4.119519317662113,-2.8070851697024009,,0.06844807030096432,0.2380952380952381,False,1
-0.83274554271580981,0.55254415934950074,-0.035068690533052949,-0.54311040206037575,-0.80294035158659149,0.24559699299424606,0.10754511732648001,0.22356597183550173,0.96873747939081989,-2.2826127767138868,12.907088217140526,-9.3544085425301233,,0.5220575167871467,0.3404255319148936,False,2
0.98730024314712406,0.065693967088157224,-0.14464623247720465,0.054195081014300782,0.71660166916991042,0.69537395762046739,0.14933560551818442,-0.69438199172438098,0.70394071234259414,-16.122897654196276,-18.259129156255884,2.2667869954922963,,0.5973646163032036,0.4074074074074074,False,2
-0.6545386327314654,-0.58154231142650969,-0.48310218203060984,0.65623685502611695,-0.75431797239854181,0.018909960919687829,-0.37540960079286101,-0.30465215662664413,0.87535975181366399,-11.478071999125735,-4.2288413846766986,-2.9833889133113338,,0.2548580657168163,0.3888888888888889,False,1
0.74529432142092189,-0.57958373474187441,-0.32957407191766225,0.64915213920473858,0.51801405725465322,0.55701251031954813,-0.15211138886894543,-0.6290819747133386,0.76231095654406478,3.3158807163204367,-10.50596491861741,2.2084921261155044,,0.6585669135517999,0.25,False,1
-0.79074073505966214,0.6086190401762781,-0.065665469252958519,-0.59939721616458141,-0.74801556052183682,0.28494858917241983,0.12430634405152149,0.26468015632477726,0.95629093254952302,7.1664265301896455,-16.422466789611555,5.2903352660850063,,0.3768380537918491,0.15,False,1
-0.065845701278363339,-0.96567262970573053,-0.25127816431273897,0.91788798443442454,-0.1573814934330032,0.36429756183058282,-0.39133871729496716,-0.20665777934066945,0.89674219850741577,-5.2909392073139516,-26.238911894572468,7.4543772124599101,,0.1321673750074783,0.35,False,1
-0.64792422184230269,-0.70949407861546776,-0.27715041973562821,0.66278899716605377,-0.70445007039029006,0.25389140112010844,-0.37537307839756329,-0.019189860257529889,0.92667513254518319,8.2348660978216301,3.2312595335749732,-3.0835760672292807,,0.5253218043202459,0.1666666666666667,False,2
-0.23448358197570512,0.96706800154717865,0.098979443155573665,-0.89100165138748566,-0.25451813096760356,0.37594757378327376,0.38875893174127207,-3.7313569252184209e-05,0.92133950940957765,-2.7630358560113457,-12.709126737904546,2.1040547959191831,,0.2673023239202554,0.1666666666666667,False,2
0.57038388112007954,-0.73970165594070514,-0.3570765861226034,0.78436073549459406,0.36147857901851843,0.50409470690053015,-0.24380415249288423,-0.56760434909303747,0.78637448974257484,-4.1730388892611501,-20.512475835009322,5.1898657150956176,,0.2864911329805,0.2105263157894737,False,2
0.50378342800658205,0.84542225696475837,0.17737943819549665,-0.76688574382739727,0.34320107322224691,0.54230921000237187,0.39760346273672681,-0.40923615525477552,0.82124128954409781,-1.7791609623498403,7.0274262685491964,-6.5639996094373219,,0.1339659943515761,0.1,False,1
-0.86834364328767311,0.49558331274870832,0.019403537999736375,-0.49138141463771712,-0.86496889284045597,0.10184851381828136,0.067257880657416141,0.078904971601114093,0.99461066902889239,-2.5465078673336117,11.765187374052573,-8.8881032093970767,,0.4996385343560507,0.34375,False,1
-0.57289038861256003,-0.73480779704886112,-0.3631172042626869,0.72116676897595866,-0.66243545875395726,0.20272581066605835,-0.38950621812767822,-0.14572839250343067,0.90942187221236315,13.131877461830928,1.6487850112786964,-1.5543207662475471,,0.2533594697480928,0.1304347826086956,False,1
