axis_00,axis_01,axis_02,axis_10,axis_11,axis_12,axis_20,axis_21,axis_22,location_x,location_y,location_z,dbh,dbh_approximation,score,reconstructed,number_clusters
0.96919372208757526,-0.24033732351828602,-0.053865573329352705,0.2402614136617291,0.874417145354216,0.42150813635783163,-0.054203156469901176,-0.42146485836265352,0.90522339286722409,13.945608156696627,4.9732215258868218,-3.2655136013931458,,0.6427893075604473,0.1848184818481848,False,5
-0.51784954176187847,-0.85422192668332741,-0.046225015634793629,0.85461800757049577,-0.51899037284315319,0.016644940142902007,-0.038208810937380509,-0.03088515613606669,0.99879236776078872,1.9049072900871311,-20.307694909502835,-0.82499517856617088,0.3033834685048404,0.3362883961121023,0.5142857142857142,True,5
0.99402785796024373,0.092613833193950473,0.05771737606730723,-0.10095069332485274,0.98127364299700326,0.16404571032679721,-0.041443637825405444,-0.16889261517459858,0.98476276809355645,-30.258550642711029,-19.443333951464648,-1.087139333666979,,0.4953385476384923,0.9787234042553191,True,4
-0.18569138944290242,-0.96480970496482932,-0.18617449098209865,0.96127203954766682,-0.21763801349491038,0.16908507049961,-0.20365356336345616,-0.14756669098298705,0.96785809798838718,8.3161400254711673,13.429534840611039,-3.6876928494728238,,0.5492918110851248,0.2025316455696203,False,2
0.39439551629708081,-0.91716059952190832,-0.057171771088291051,0.91305806719297233,0.38408316879879401,0.13713163522437144,-0.10381301777037411,-0.1062852488828531,0.98890156396444084,4.2662371783388151,-8.445776524515642,-1.8962809573505792,0.6820546919753184,0.6341833633036194,0.9947368421052631,True,5
-0.62523021969118819,-0.72963183626105144,-0.27699197804130327,0.77956060345963007,-0.60071476478997343,-0.17727672406997855,-0.037046429228268778,-0.32677079869176195,0.94437725894039926,6.70400535050827,8.0378954172339387,-3.2684746783697229,,0.4335449022790255,0.2941176470588235,False,4
0.20427474708239235,0.93334503714270955,0.29519293579877526,-0.97482365538711691,0.16641548747560167,0.14840729909933276,0.089390539779808778,-0.31807692020851352,0.94384130245955156,-19.699570690154172,17.713785842221199,-3.6712825239421947,,0.3191837386906219,0.3846153846153846,False,4
-0.95248643026121049,-0.3000246961521183,-0.052486015919344951,0.30392308491737063,-0.92489072324802779,-0.22849049981136746,0.020008963555500768,-0.23358581238715875,0.97213029457417177,-19.127168291384521,-16.953857201767118,-1.3289409980226639,,0.3484755128380336,0.3333333333333333,False,1
-0.59842807531947495,0.71721732994312304,0.35704781234267047,-0.77459646571600183,-0.63178278517829078,-0.029168950146362782,0.20465618478244954,-0.29402349222744029,0.93363056507843212,13.332512244791122,-10.676582585515774,-1.9544021139900123,,0.3403854818308368,0.3529411764705883,False,2
-0.53426067405007094,-0.84498879139622918,-0.023653214967646462,0.84359109289672785,-0.53474792618109146,0.048976764188005839,-0.054033324429185611,0.0062127175827972475,0.99851980550781672,-9.3019976806500555,-17.796876795289506,-1.2022687803406793,0.4435655108900354,0.3650376817700881,0.696969696969697,True,5
-0.3572025904582608,-0.93400205336380548,0.0068171608536740369,0.93172167138269746,-0.35579901888563426,0.072813358910670228,-0.065582287591558888,0.032360816927528346,0.99732228546345159,9.6652508981818688,-3.8716300171730915,-2.4427946271996133,0.2889508596724009,0.3142128758540711,0.8145695364238411,True,5
0.46062052534946313,-0.88433574378288748,-0.076019891441335072,0.88180417945803868,0.44616354402912262,0.1528380877586113,-0.1012428798341905,-0.13743501827169452,0.98532304095435586,9.9284754088192901,-6.7814116281232817,-2.1695607152294603,0.1854990624868276,0.1609773141551213,0.4,True,5
0.47659927748583231,-0.81755615544965898,-0.32319508255286977,0.87324270052558173,0.39781800970374875,0.28140365515418875,-0.10149046595011872,-0.41634452541341482,0.90352472101183079,-0.15993805324310151,17.073963665977523,-3.7716819273476201,,0.5482190856822464,0.1935483870967742,False,1
-0.9441591512642753,0.26875983171353773,0.19060863029053945,-0.32076269285983394,-0.8819997018772392,-0.3452358914680948,0.075331214999046311,-0.38709776380879957,0.91895621729274746,3.8359347159216246,30.009182656375984,-5.0590421092871836,,0.6650026716180952,0.2608695652173913,False,1
-0.98375830924864238,0.11673490110264982,0.13635450798858634,-0.15266765570135141,-0.94366954423292448,-0.29356494714096948,0.094404321335988167,-0.30961387913299543,0.94616439901388816,-6.3556868401082793,8.1491513729287259,-3.2208474177779083,,0.4295553525997612,0.1724137931034483,False,5
-0.81617560591410698,-0.57594390045935662,-0.046324980673533231,0.57744654185115585,-0.81586445874369096,-0.030342647593864971,-0.020319242478049823,-0.051515128676214356,0.99846548257943868,-8.1314711360432561,-30.485444327602771,-0.066135113860877767,,0.4055766198257643,0.9772727272727273,False,3
-0.5652570861702596,0.80293070023719915,0.18917377500835092,-0.81870700594508039,-0.5741334784678257,-0.0094650577852261747,0.10101121200515709,-0.16022808592452531,0.9818980066841021,8.8950232398859459,-7.8783589116757016,-2.0384532484522713,,0.2686283413230888,0.1428571428571428,False,1
-0.28464176474802289,-0.95615118074663752,-0.068949150233648837,0.95522869801537591,-0.28895302951158758,0.063594663486218769,-0.080729178423795553,-0.047760509763680986,0.99559114773994084,15.581359453847137,3.8996790691527652,-3.260033318262646,,0.2667677886087183,0.7753623188405797,True,4
-0.89702958086625051,-0.43899735401804058,-0.051178650002495968,0.44124387328000719,-0.89616768868998864,-0.046768772069620088,-0.025333285293774682,-0.064535237763583678,0.99759381901805178,1.9889782986257341,17.284822701549011,-3.8190612442395921,,0.759089276424711,0.5421686746987951,False,2
0.78685929234861773,-0.61479695226287823,-0.053639179084963351,0.6104230288075716,0.76257749328067947,0.21414782894800827,-0.090753401842702947,-0.20124679930381775,0.97532740442578847,17.152839511531919,13.353391475491581,-4.0660108368433319,,0.2275403991996055,0.3333333333333333,True,5
-0.99578907023686369,0.046518367789779393,0.078994740679220354,-0.072766768909254376,-0.92519380588513211,-0.3724532439035681,0.055759527789514381,-0.37663306149348919,0.92468287107025582,-20.758407445791253,17.786990494827151,-3.6713135182157761,,0.4673240618629864,0.4090909090909091,False,1
0.90679520894405663,-0.42140042792368909,-0.012005348051553892,0.41419100028522704,0.88525336613176409,0.21159464320985572,-0.078538298420771882,-0.19684551581916945,0.97728377587221671,-11.036184412355036,1.5774776409260802,-2.9544572699050611,,0.2540400959625678,0.6481481481481481,False,4
0.97102955016970371,-0.21157560950412543,-0.11107373298931962,0.23799444320525556,0.89801281492919438,0.37004273972929991,0.021453617425629533,-0.38575736634042879,0.92235079910707118,-7.5623447862461317,-8.9192072496636463,-1.8852278537404996,,0.3850623613420909,0.4545454545454545,False,3
-0.6003227056725926,-0.79945670799858204,0.021945867264914341,0.79875888033882148,-0.5979759387271032,0.066400510414553651,-0.039961232886527039,0.057391190434693345,0.99755167842406967,5.3126737263200265,-9.4541331288393238,-1.7654734429318761,0.3248085047974933,0.2635269903983377,0.75,True,5
-0.74604707513589563,0.62004814730346325,0.24280456483912735,-0.65897973818597433,-0.73987746042177938,-0.13537742876921294,0.095705100916931657,-0.26100122334073689,0.96058258107937733,2.3381001808059105,-21.593522589259063,-0.72518264507574526,,0.4638297924707449,0.35,False,1
0.21672326619148125,-0.97613908184852061,0.013546910320227382,0.97102476717022146,0.21697777417931879,0.10015761106479168,-0.10070713695321673,-0.008552099164323014,0.99487935658881277,10.599809738333208,-5.3837883511449105,-2.325516366217701,0.2634259657050803,0.2725260933521331,0.875,True,5
-0.96976973358322083,0.21828923676848169,0.10907095368137207,-0.22799548619625359,-0.96984312857444688,-0.086153144057913938,0.086975410893333341,-0.10841639667487346,0.99029347308359716,-11.211585454610031,-9.6229479023929159,-1.8995861244854866,0.3762793694466978,0.4010316224101367,0.8275862068965517,True,5
0.95403262832234947,0.28880388290963793,0.080087834985518136,-0.29969513748201598,0.92122107028200262,0.24806161379407043,-0.0021374437973689028,-0.26066080811046222,0.96542807834101008,9.5500827112688818,-9.1931058646677712,-1.9358839150472948,,0.2730447544014473,0.8767123287671232,False,5
-0.88672663508826088,0.44669792679221521,0.11906652268621493,-0.4553578452185314,-0.88840421867500452,-0.058199459090186437,0.079781623341381863,-0.10582488573105608,0.99117908883159078,-10.535773439130184,15.082524850697638,-3.6262367146446226,0.4599980637864061,0.381319729593765,0.6909090909090909,True,5
0.5570086747980475,-0.82337196543224378,-0.10862754135102071,0.82278193463265437,0.52928921860813594,0.20708165323691979,-0.11300984134963624,-0.20472305587166698,0.97227426488244406,14.315990638292963,15.056834513157149,-4.088125187708247,,0.1325227309277611,0.2142857142857143,False,2
-0.22878310679095354,-0.97126113772622302,-0.065651293893130028,0.96940092740940254,-0.23347173226220022,0.075847163244759347,-0.088995123376895385,-0.046289875537210846,0.99495583592332404,-6.7482555703055658,-16.645482375484061,-1.2253246011753529,0.6829133635655606,0.3982936338805237,0.8461538461538461,True,4
0.45324027625924446,-0.88192432222295447,-0.12954822209519701,0.88590397019076561,0.42957220480239811,0.17504821182018804,-0.098728960172194929,-0.19410618416935888,0.97599968324304687,5.5190830848871677,-0.2508737243232893,-2.6715198468957313,0.629801290818587,0.4952652832014562,0.7331606217616581,True,5
0.99920223308215206,0.02863688449713802,0.027835700995989608,-0.034477742627641708,0.9703116074620004,0.23938811517661113,-0.0201539739739501,-0.24015685139259696,0.97052486009491323,-1.8529593662633184,-3.0759617056153989,-2.4684065688519792,,0.3424988845611532,0.3986013986013986,False,5
0.31952931195614326,-0.94718908149638448,0.027089900237385982,0.94218168972426275,0.32062657250948323,0.097428253341401191,-0.10096871965697563,-0.0056075747751447094,0.99487379740144644,11.231295988359149,1.8276802744538028,-2.9465392908072916,0.4419056905262753,0.4279139596907686,0.7552083333333334,True,5
0.99506074270013667,0.073052532981811039,0.067211946571975198,-0.084316140940587828,0.97933094154007028,0.18385237371088334,-0.052391857324774811,-0.18861133149198855,0.98065328170504762,-24.841728776416584,-18.087799195781532,-1.238519381741257,,0.4041289606976839,0.717948717948718,True,3
0.80136900778826781,-0.57419581406527609,-0.16765106759684678,0.59139128810573405,0.71845661702657915,0.36616449009067509,-0.089800098602887055,-0.39258025492966198,0.91532326843048917,7.071266764961174,-7.9338547510880773,-1.9600072981890564,,0.4640191325382081,0.25,False,3
0.13600782630259692,0.93887072911960467,0.31626511851114142,-0.98386080483741789,0.090533994578205046,0.15434219296868629,0.11627462272186605,-0.33215260021281978,0.93603144299897967,-17.441678179462507,-12.422276191352459,-1.680578598832503,,0.4467163419634017,0.2,False,5
0.99355838579932543,0.093114646256187816,0.064586350418840532,-0.10512668575900162,0.97015012422224356,0.21853401660358243,-0.042309738230912997,-0.22391605374370038,0.97368962556180161,18.069263973229905,13.968972331435825,-4.1762951852238697,,0.1195874446164083,0.1666666666666667,False,4
-0.01221182679179173,-0.99746160729657518,-0.070151359614336953,0.99602255886348079,-0.018326713985164278,0.087196294586119244,-0.088260600051498508,-0.068807510664452426,0.99371806512446481,-11.578823107359751,7.7601349629674159,-3.3700385584619355,,0.22288684919764,0.2941176470588235,False,1
0.62296604359850372,-0.76848833869105126,-0.14607868365746171,0.7700958954232654,0.56971000126765681,0.28702408663359041,-0.13735217644969402,-0.29130085436104658,0.9467197007948327,10.995257447748507,11.135203645618592,-3.6543167325699852,,0.3706168845879192,0.4333333333333333,False,4
-0.1719772286748365,0.85107653568328212,0.49607717466808188,-0.98041394532171455,-0.19693763825273058,-0.0020155540546262923,0.095980876407925575,-0.48670760940094221,0.86827609336845535,10.28555272033875,36.265165802822217,-5.9193669225607373,,0.208133038333396,0.4,False,1
0.99057350140962075,0.11140252164655808,0.079709575810396713,-0.12552179997131818,0.97119423723075959,0.20254883683132968,-0.05484902949957822,-0.21064479993712723,0.97602272116093847,8.8078871522495223,0.2331859499931927,-2.7475043503798227,0.3622085426571462,0.2160540612373936,0.2875,True,5
-0.55024255797886523,-0.79582117024450927,-0.25278803844235814,0.83389959551209247,-0.53929898022598488,-0.11733743874817311,-0.042948713527226234,-0.27536389545086076,0.96038020236179567,11.516658626879444,14.068734696689686,-3.8985845070454985,,0.4079657626036084,0.4827586206896552,False,2
0.92645394588206265,0.35394569081452443,0.12808409000880697,-0.37639504662677942,0.86829883142472675,0.32308498606601471,0.0031392729061899688,-0.34753357722712425,0.93766228337570312,-2.8314531288071398,13.983448581859927,-3.5234991746691775,0.440385677790617,0.543415634307077,0.3463414634146341,True,5
-0.10086821077920635,0.97804709726564898,0.18234439828094773,-0.99027865843465146,-0.11634345930915237,0.076238954116952723,0.095779865854305868,-0.17288167920927561,0.98027452394250925,7.3281746627132422,-10.084873339424767,-1.7368838415822958,,0.1946879213714255,0.2121212121212121,False,4
-0.83985736480436246,-0.5423807270923785,-0.021511709895195047,0.54241887581615655,-0.84009598783844686,0.0045270714684896435,-0.020527297489176546,-0.0078662631844282627,0.99975834678251319,16.34177863812134,0.2016828440650448,-2.9608202238082435,,0.2744671866867533,0.6060606060606061,True,2
0.18184493912701227,0.91026836344837203,0.37194613134016957,-0.9828721428679833,0.15674999524631034,0.096911246841547116,0.029912687742741143,-0.38319831092439227,0.92318161031115697,16.039903363256158,8.8009277461966935,-3.6503694641447675,,0.6451539213244111,0.2647058823529412,False,4
-0.45144546429028104,0.8626256079259651,0.22819739990212984,-0.88651504429476891,-0.46267474512139406,-0.0048121165714794106,0.10143011885419968,-0.20447283628201823,0.97360299414700358,-0.80764350069620039,17.481501953038681,-3.7895492287086676,,0.6446707510592554,0.1666666666666667,False,1
0.16969808693409175,0.91031908780915738,0.37752048641261299,-0.98517553257016188,0.14693191051349783,0.088544811807094059,0.02513422598787711,-0.38694983142929512,0.92175815626488111,-6.7245367879031237,16.129024276425664,-3.7056165427243402,,0.4477692827807791,0.6428571428571429,False,4
0.86950196406672087,0.45152257220180492,0.2002341161650065,-0.49383266432449452,0.78666773422379299,0.37051744301365253,0.0097792704373306227,-0.42104779149577548,0.90698573480857125,-4.3551590106205618,1.9404163681083724,-2.8077019200418696,,0.5164461928400176,0.2414634146341463,False,5
-0.24667079100774303,0.92521871435720116,0.28831207305075562,-0.95502320848501643,-0.28260336150143694,0.089810975515662153,0.16457275630735821,-0.25319097667827334,0.95331533985880179,9.5847297205973163,-16.009102932348675,-1.3192203694837781,,0.3687478198687287,0.2222222222222222,False,2
-0.0021207086546575623,-0.99478723798073176,-0.10195025132616697,0.99847161139895757,-0.0077367991377165456,0.054722784737904408,-0.055226296500584374,-0.1016783806409661,0.99328322400263047,13.152178600020967,11.912015837713961,-3.7960796048515322,,0.2824601698755152,0.7916666666666666,False,5
-0.64626050046329575,0.75516435061518572,0.10988252409221425,-0.75660846045667074,-0.65283719132987783,0.036704756938350458,0.099453522342436401,-0.05941721279614124,0.99326662670061616,7.3663778216455933,0.88901443320992135,-2.78399602996108,0.7895531021792234,0.3294190650125848,0.7694235588972431,True,5
-0.010084743405387214,0.88273214633084196,0.46976830010611942,-0.99596240581793649,-0.050776113260739893,0.074031564345760636,0.089203050103656617,-0.46712497702036671,0.8796800962258533,-21.000847876716254,19.119659454528986,-3.7224865723159848,,0.351287441283456,0.1904761904761905,False,2
-0.94404921001395159,-0.31340403894503577,-0.1027083124434099,0.32934936259169245,-0.87950756728176216,-0.34350463818493504,0.017323002986793179,-0.35811219955072149,0.93351784455384901,-11.493639706624908,-7.8527358550091249,-2.025987248242124,,0.3577657802301719,0.1791044776119403,False,1
0.85985766094064897,-0.49795998089889887,-0.11260843816004334,0.50180718510916522,0.78373685150049399,0.36598647047795152,-0.093991233072515723,-0.37120399381372621,0.92378203223609356,4.0763746087119817,-16.467844549701024,-1.1408245044340442,,0.7192586845968558,0.5428571428571428,False,2
-0.93339943202856568,-0.34891565788294948,-0.083805512783231423,0.35855842205346444,-0.89764158141265182,-0.25627221717057835,0.014190076225356334,-0.26925351437465583,0.96296478997604917,-6.4471611897086882,-2.0499186042451023,-2.5366358125628867,,0.5693698035869268,0.1756756756756757,False,1
0.69024307662062523,0.64758417565572024,0.32279905609774351,-0.72294076800606755,0.5984947476602358,0.3451965859881973,0.030350306952154467,-0.47163415107836604,0.88127185726340862,-10.428991189414537,-1.5506496178351317,-2.6596613117633745,,0.5638504457989236,0.2380952380952381,False,1
-0.46619495590257665,0.85141607009090525,0.24031841103409662,-0.87958011565177985,-0.47520891809050159,-0.022700315355883918,0.094874038814610567,-0.22196206828693354,0.97042864601205481,3.2949131500982247,-18.017348244201045,-0.98877245880321374,,0.482384576583991,0.12,False,4
-0.88631780676103822,-0.46163884334565242,-0.036473603232928219,0.46060619490340576,-0.87072272870034984,-0.17229005467880087,0.047777386229371666,-0.16950371098918962,0.98437077025173014,3.5614865018750832,-12.028779338411429,-1.4990116407616454,,0.4855437091010203,0.1764705882352941,False,3
-0.27676972994776106,-0.95863024476700642,-0.066532476299878338,0.95840380882740239,-0.28040122744157797,0.053266226395207811,-0.069718403666266415,-0.049022499601784252,0.99636144983786945,-13.187683783437802,-20.985317989381567,-1.0496195271440434,,0.4105815675497322,0.3809523809523809,False,4
-0.12639850603331831,0.92706212582058445,0.35295783394276004,-0.99157899681422035,-0.12818937495434574,-0.018400468084240007,0.028187067060092739,-0.35231136657484374,0.93545827818920735,5.2645539081186072,-12.586505372205723,-1.4584645481343868,,0.5204530849703661,0.2,False,3
0.089821356860078569,-0.99582535350726509,-0.016247743349355526,0.99061988634843579,0.087641294383335039,0.10483913529702019,-0.10297749571060527,-0.025512131054572826,0.9943564584927419,18.33712916981511,11.705532901389583,-3.9992198822626421,0.2366199068172198,0.2589375163413709,0.5,True,4
-0.75648511778095251,0.5529281944634441,0.34928595497576781,-0.64705128022040781,-0.71046403659911306,-0.27670470444939205,0.09515727686871682,-0.43532891526602024,0.89522836650334114,-5.5270101509523037,-16.784888934338053,-1.1858397981991644,,0.2523045460472728,0.2631578947368421,False,1
-0.90383125574081025,0.3678060647931935,0.21864985672836956,-0.42386866748507229,-0.83950224645467164,-0.33995783697686716,0.058518491696390833,-0.3999433421109872,0.91466983618717546,-6.35390647653026,-7.3101814441490571,-2.0780292910935829,,0.5129501335337718,0.22,False,2
0.88633326833474246,0.39696767063657729,0.23839044845048807,-0.46304091406600228,0.76265935952345454,0.45160138754458701,-0.0025395558619373954,-0.51065386496201637,0.85978263581871683,5.7974878703867994,-18.318169712070929,-1.0138881080783861,,0.5564346771980346,0.1538461538461539,False,1
0.95065430342259605,0.28855765866768263,0.11397751097618061,-0.30883270817856145,0.91523554326291878,0.25877839691003263,-0.029643780851904618,-0.28120878004154853,0.95918865104021589,-6.9458669284342394,-11.830573254692005,-1.6700974925986598,,0.3156965143109525,0.5,False,2
0.84799541391552791,0.4584595915198284,0.26592965408488239,-0.52997677053560155,0.72844422111920404,0.43415854179169477,0.0053292279823033001,-0.50910099161316569,0.86069029253710327,-22.179813048894289,-14.315484157167237,-1.5446655450616453,,0.4848503629746966,0.1219512195121951,False,1
0.9933714970024683,-0.08042650007900555,0.082125800015088651,0.062939171878846789,0.97840773968557659,0.19686786321430699,-0.096185911578991617,-0.19039399415003572,0.97698433836234833,-5.1556929717981754,15.71081491759761,-3.6919614859793946,,0.2247560416782336,0.28,False,3
-0.99662291442054363,-0.058018352941921453,0.058108839033386345,0.050389693617080906,-0.99086497045097521,-0.12508992409608261,0.064835524437441533,-0.12173939812194583,0.99044226167698823,5.1435869101206162,6.540302766769921,-3.1384269443723283,,0.1058518876949857,0.2391304347826087,False,2
0.23960174658857636,-0.97083261711293467,-0.0086621349189703323,0.96590922184943484,0.23746678490477452,0.10309656256737609,-0.098032536323013841,-0.03306895245755917,0.99463363416156259,14.51742740583162,-5.5887502486238079,-2.4228412871244078,,0.3014088505492526,0.5,False,1
0.99184368708775716,-0.12685751890486005,0.012380237536751888,0.11219031962865239,0.91499029381196562,0.38756431003320413,-0.060493243968100782,-0.38301427144062894,0.92175953225720431,-1.3466419022439993,12.783116617672382,-3.456002547960801,,0.4019908708109084,0.2258064516129032,False,2
0.71608521153509264,-0.69799197269988933,0.005401468990804216,0.6912261652718269,0.71017802968587262,0.13361719423448667,-0.097099733595652313,-0.091947660100779677,0.99101829929504559,-9.9755035390914948,13.646331288254611,-3.5532809708946003,,0.8992735906110226,0.6986301369863014,False,1
-0.47953419554049337,-0.79237156580319523,-0.37708653783173529,0.87583435264858023,-0.45881593665547343,-0.1496733877200716,-0.054416376468615427,-0.40203885132851713,0.91400416847762367,9.7698622084690712,22.050699654535503,-4.5073880751798017,,0.6432187549948509,0.2619047619047619,False,1
-0.13717940634710021,0.91934492615213181,0.36876376887187401,-0.98365041052115221,-0.17028419992809388,0.058610247708214103,0.11667767719588179,-0.35469451364967669,0.92767349947650923,20.023463163187181,8.9088850705913156,-3.8260504989759445,,0.5352674757147149,0.1875,False,2
-0.75495948107075461,0.60170975040880392,0.26073273328132768,-0.65414404955096173,-0.71899521902281083,-0.2348221400537206,0.046170817389838859,-0.34783796699801939,0.93641711023252816,-12.491046755253985,-4.4241887357420522,-2.3786267770874314,,0.2561455714553525,0.52,False,2
0.84619634293282442,0.44398571532951681,0.29466664858862401,-0.53283876815171749,0.69889990126954771,0.47709723868408338,0.00588186719287212,-0.56072775264717745,0.82797934216354185,-0.48229966571175825,-22.938856900782429,-0.56073439114829859,,0.2001614359133199,0.125,False,2
0.85266833377208884,-0.52212861081359252,-0.018396367907782152,0.51496560574761874,0.83398826397308068,0.1981766899818326,-0.08813136490102888,-0.17845248478246406,0.97999365977318786,1.4400596165648623,-23.607660616241919,-0.50022220128094341,,0.489101412809709,0.2222222222222222,False,1
0.64027672237977629,-0.75569428290178564,-0.13773840992318531,0.76165545784416067,0.60132013746915303,0.24144369076511596,-0.099632737164112389,-0.25949998663513507,0.96058996175347977,-33.716613319337661,-23.155457059583945,-0.68695272608058222,,0.1965488711779549,0.6,False,1
-0.99690090985499269,0.041506768958730289,0.066826372495408876,-0.056832959901394212,-0.96735081766420306,-0.24698666003095138,0.054392927841173201,-0.25001916665528834,0.96671186281428267,0.9166434124322892,15.352881418810378,-3.6431446050668139,,0.08607474036212642,0.4,False,1
-0.78842223445937021,0.59797320799511322,0.14428590620752768,-0.60802450999589175,-0.79312763254110219,-0.035422503355949944,0.093255431232448879,-0.11565725666718779,0.98890182704142593,-10.517241650150536,-2.9793640810189004,-2.4658616436626506,,0.1181688717449303,0.25,False,1
0.67207373653954905,-0.69127598890475994,-0.26543247694567107,0.73434046740938708,0.57612633750897857,0.35891854389743144,-0.095189130570307645,-0.43613753609639655,0.89483131316971287,3.7690479151028939,-15.162186648605614,-1.2351003791677142,,0.5302507820154789,0.1764705882352941,False,2
-0.79761005477873126,0.53983360797442848,0.26906853442418788,-0.59570801828997677,-0.77498405038964024,-0.21102530319062807,0.094605271845167052,-0.32860218706359656,0.93971827969669885,-13.710002864780765,-10.083889011241775,-1.8872248827575084,,0.5249468723358206,0.2083333333333333,False,2
0.81965755259452466,-0.56865261226898212,-0.069251014681515233,0.56517800402133511,0.78302085463212656,0.25971554628407556,-0.093462935141243195,-0.25201695929210599,0.96319890572194233,3.2688526015963544,-21.102527528694843,-0.7736752454814636,,0.6257633678621851,0.1290322580645161,False,2
-0.41114512437834699,-0.84808544714198353,-0.33423159791662094,0.89220026319398671,-0.44956675816193814,0.043225227730436737,-0.18691810253824098,-0.28042967799744284,0.94149923985192707,-9.3799634233538285,-19.332392618411284,-1.0833648438469408,,0.5451247310079944,0.2777777777777778,False,2
-0.98591062311561417,-0.16407594348532642,-0.032547319354785588,0.16374586504593514,-0.90692940140936962,-0.38815763877528109,0.034169209943175467,-0.38801822847469836,0.92101808856461498,16.065589735892665,7.0343759100666583,-3.507454217696901,,0.3448716028575239,0.1764705882352941,False,1
-0.032376648801823199,-0.95528909940348539,-0.2938953711327249,0.99566186458853345,-0.056490815678302511,0.07393401888228307,-0.087230751552701505,-0.29022667745208863,0.95297390923291969,-9.0883545704852899,4.0770551070016809,-3.0823830293761545,,0.6675014588268404,0.1923076923076923,False,1
0.89450547213774967,-0.41139097744042075,-0.17497835293612107,0.43920093574865993,0.73562373867830833,0.51571334395228741,-0.083441586472957435,-0.538159064565082,0.83870276193256499,12.440122434598566,-17.542470708086547,-1.2962621826850955,,0.5541486195560023,0.4285714285714285,False,1
-0.1513293002786486,-0.90126972994372456,-0.4059708324059032,0.9852072043200204,-0.1709305792742799,0.012227085707130825,-0.080412731784867131,-0.39811507250558398,0.91380423593391702,-5.5579896581635237,12.897069948968591,-3.455988989008786,,0.4034741006364749,0.119047619047619,False,1
-0.87558641122123515,0.47509583054924837,0.087363540904879161,-0.47539249369520947,-0.87957472477874443,0.018715781272674231,0.085734552095224875,-0.025144687811071518,0.99600066829892997,-8.1406460970302241,7.004671366157301,-3.2398772848370445,,0.5727647754530552,0.1111111111111111,False,1
0.99367723427278642,-0.11011804699743102,0.021899082479816152,0.096281576806964114,0.93609858785988753,0.33830354975123944,-0.057753026375687813,-0.33405605746969502,0.94078219499108984,-8.8346300762289651,-16.18832292838184,-1.2960178549717669,,0.1929415390895693,0.4375,False,1
-0.88515700712420475,-0.45834538140357661,-0.080103583471219264,0.46528686837901767,-0.8710866804400943,-0.15721362941521216,0.0022809763188555571,-0.17642989119156396,0.98431056615336887,13.390652486445056,2.6217741345390189,-3.065364546957619,,0.2761701083217692,0.5,False,1
-0.99641065392175643,-0.073115601868190577,0.042660491261492843,0.073045161034939701,-0.99732346910472891,-0.003209738663824041,0.042780991112869066,-8.207534691348755e-05,0.99908447093478514,-3.4199367935677465,22.208382356468849,-4.2170023190371388,,0.2467282536506715,0.6363636363636364,False,1
0.99579583397871962,0.052709198970144505,0.074915935384618867,-0.082230247145980082,0.87473431254725109,0.47757519712271451,-0.040358933149151718,-0.48172774758821429,0.87539107473097322,9.628908407335258,-11.088262518254082,-1.7592659215355149,,0.298956390791188,0.3571428571428572,False,2
0.26683075105921339,-0.88158567695479084,-0.38936877696772088,0.9586724871929907,0.20140858853262955,0.20095184190372117,-0.098734049792259262,-0.42689726475284034,0.89889393854790345,8.9638657263402877,-13.164953855723311,-1.5467935358620524,,0.653582107587592,0.3939393939393939,False,1
-0.56853353275090801,-0.82233717257485084,-0.023047705729039067,0.82141972040355427,-0.56899138026175089,0.038967321180367311,-0.045158222616911957,0.0032223887766228282,0.99897464989891183,-10.072929199460082,12.072421003059695,-3.5291253650031278,,0.1821711928458392,0.4,False,1
0.94817720105443681,-0.30601325222033077,-0.085532946085766337,0.30889170063720522,0.82465031533211441,0.47385417028881333,-0.074470884767334267,-0.47571813806936208,0.8764395817361228,22.366785564967639,18.095619764222832,-4.7342026994084359,,0.2237883311457669,0.1818181818181818,False,1
-0.92945069091132448,0.33950975067242162,0.14441101884140808,-0.36057335852521555,-0.91879853034146841,-0.16061168626287858,0.078155398318412686,-0.20135140883715985,0.97639609988620013,12.577333635343031,-7.189788692379838,-2.216650937150106,,0.2217158699038453,0.2285714285714286,False,1
-0.098936380624492032,0.86223146614557689,0.49675798068815707,-0.99071153069576079,-0.13214771922697965,0.032056875230919581,0.093285880686141576,-0.48897226822342099,0.86729687268723288,-18.261786000870455,17.479672244173855,-3.6753234339993393,,0.7286315650347228,0.28125,False,1
-0.57808513023462815,0.75944442016713565,0.29843216126720873,-0.81133611198877453,-0.57392424927412877,-0.11110656811398245,0.08689819091645469,-0.30635784431303814,0.94794175751641852,19.745948891113013,-2.5304331890340297,-2.861123032010779,,0.3881496789472699,0.2083333333333333,False,2
0.57955001720010624,0.69382767478792173,0.42746337300608994,-0.81375181497917315,0.46442977339016495,0.3494466614618924,0.043929047126692912,-0.55037091428158413,0.83376381279796175,-13.794533643309462,-4.141502395533891,-2.4107663979897422,,0.3717032970862507,0.5333333333333333,False,1
-0.99725240058497677,-0.065707548922955147,0.034207711733455215,0.059577853350531583,-0.98583651690063057,-0.1567700269036636,0.044024185598875804,-0.15430126363633673,0.98704254777724032,-7.9655620185418536,14.585222246235027,-3.5818527202659669,,0.3151256837820237,0.3103448275862069,False,1
-0.22991102098792771,0.94897173756514852,0.21585542321394657,-0.96828862160095119,-0.24533148370191218,0.047218729152194536,0.097765370691357892,-0.19815424397978881,0.9752829476036069,-37.228151037279602,-15.647277535851687,-1.3158698911401046,,0.2251798696896919,0.2105263157894737,False,1
0.68589618745588554,-0.71621259547700622,-0.12878640500290106,0.72103418579395562,0.64498776711789363,0.25318073225409832,-0.098265573574514847,-0.26651509966297271,0.95880841605698641,19.258440125289621,17.61618784315672,-4.5462736517403588,,0.6882438242194262,0.5625,False,1
-0.98212010165389529,0.14252184348126304,0.12299443100419533,-0.1769068080231283,-0.92211892780522897,-0.34409397591123775,0.06437458506593581,-0.35970016279401074,0.9308446195168939,13.510933608157758,-4.1587029310975412,-2.5055974241454777,,0.470958083284903,0.2068965517241379,False,1
0.054805974664664123,0.91633567303516572,0.39664245796970155,-0.99478287687025901,0.015878197923281098,0.10077157692742764,0.086042623314189728,-0.40009600991999333,0.91242525711387101,-17.900105087105015,-5.5722372342669049,-2.2948079628875711,,0.5222006795882344,0.3571428571428572,False,1
0.48893821644643604,0.84093741978134418,0.23186995603069033,-0.87067682773025079,0.45416249847819468,0.18883401872976019,0.053490953924619042,-0.29421196608489592,0.95424212695766841,-7.8209575786739229,17.391765258437342,-3.7916008417448031,,0.5374625724548608,0.6153846153846154,False,1
0.31052175462186532,0.93199010123600745,0.1870045216155366,-0.94804257562761218,0.28931920566663227,0.13232411733993565,0.069220767865736332,-0.21837776542158913,0.97340620342463002,4.2860862521090182,29.382175704005785,-5.013025826466798,,0.5285286248961734,0.1794871794871795,False,1
0.82477213309525355,-0.55778831261368356,-0.092860792485772198,0.55815918941560327,0.77674995455184082,0.2917495970427893,-0.090604899097248032,-0.29245804214501114,0.95197638933131368,14.898983094586795,-9.4118586405681288,-2.1110681398125117,,0.09436960404235847,0.25,False,1
