axis_00,axis_01,axis_02,axis_10,axis_11,axis_12,axis_20,axis_21,axis_22,location_x,location_y,location_z,dbh,dbh_approximation,score,reconstructed,number_clusters
-0.44969876859720065,-0.86591286284288782,-0.21901125880966796,0.89304650945616137,-0.44014852721952086,-0.093473022496614683,-0.015457990500947412,-0.23762194332535996,0.97123471034552289,7.0769236962293238,-9.0860428830291315,-1.9186120371412716,,0.5828236695479387,0.5609756097560976,False,2
0.99687370230626349,-0.078441203630252504,0.0094762452078766685,0.077432076511283546,0.99375514675186649,0.080342901561534313,-0.015719261348843789,-0.079357960389698431,0.99672223760957257,1.0204584721835681,13.203624526897356,-3.6224925263340642,0.738091913276861,0.370960405923152,0.8666666666666667,True,5
0.14285651772536956,0.88444004833377754,0.44424972284372605,-0.98954735674627603,0.11869855082683398,0.081894339169864896,0.019698834986885214,-0.45130527909050183,0.89215217365940713,-7.0749374291829206,3.91897940106261,-2.8656483494416647,0.6048942851074031,0.247749852884454,0.3703703703703703,True,4
-0.87468471391545355,-0.47082703799645276,-0.11510235242655506,0.48250424995845836,-0.86836677746058311,-0.11458092587663432,-0.046003260913393088,-0.15575955859660093,0.98672319314543588,1.5295992322740948,9.1769559147173574,-3.3263093991673358,,0.2060301271612776,0.1333333333333333,False,4
0.92486806113421927,-0.36811844577407687,-0.095435210350830316,0.37965661252638228,0.90824112953390546,0.17595143417422787,0.021907214766407432,-0.19896447045604237,0.97976181464543954,-15.707278299930868,7.8312167768895984,-3.254622773674273,,0.301875979754762,0.2222222222222222,False,5
0.99777113324344624,-0.062373439921952351,0.023713280211529335,0.056453832803429402,0.97849777307745323,0.19838113026259818,-0.035577105389426295,-0.1966002595999459,0.97983805166840854,-10.931925983586328,-4.1833386846073974,-2.0837220921900754,0.376480643346813,0.2352938825224141,0.2142857142857143,True,5
0.096205386090867276,-0.99096454590065897,-0.093454761542730344,0.99532695570827234,0.094994812620989258,0.017327343004827116,-0.0082930650311525689,-0.094685027026476548,0.99547273731096475,-4.9929999744167359,-4.8333171431112225,-2.0896017430639668,0.2706967319197738,0.2328830852281611,0.3205128205128205,True,3
0.85724286178168962,0.51095132842973967,0.063744928427462016,-0.51489390468823604,0.84957171007949783,0.11450841168882882,0.0043523372157725435,-0.1309833936362956,0.99137500863814321,11.888488151818745,11.838439279655095,-3.5596194927259139,0.4419240757840109,0.3745799580330808,0.4285714285714285,True,5
0.66136413942257277,-0.73256062665754917,-0.1610974964328715,0.74991137430851595,0.64145104700743105,0.16178221464606121,-0.015179122786023441,-0.22780580011090609,0.973588265986848,-7.7793771136141947,14.993175470496443,-3.939840789356265,,0.2615460452362409,0.1428571428571428,False,2
0.9527168619134686,-0.30368096384995347,-0.010414087618087514,0.30344998420367647,0.94909529604677845,0.084476186636632741,-0.01576984820923533,-0.083642042162073577,0.99637107578974637,-6.2886640874449578,-10.005041959902083,-1.8076888510747817,0.1725434483535694,0.1483598344785831,0.1666666666666667,True,5
-0.83560702139198495,0.54147664115838268,0.092541627823645417,-0.54913430855495471,-0.82784409662897296,-0.11456728522763582,0.014574531494545757,-0.14655101076551824,0.98909574070224293,-8.5506063993937573,10.911736685019926,-3.6448295054533846,,0.4087937877780286,0.3,False,1
-0.96342384883656951,-0.24974303144780582,-0.09717461466963051,0.267971666309328,-0.89459344291864229,-0.35762236778810685,0.0023819211433468053,-0.37058196142045291,0.92879671420684773,6.7087203688382777,4.7835920344602236,-3.0107809699297792,,0.1778820637609686,0.3076923076923077,False,1
0.97209698046951154,-0.22828782987919094,-0.0539641296706308,0.23413598070642255,0.95837387853016243,0.16340089194890031,0.014415377230608461,-0.17147645809295256,0.98508274841213028,-17.837791133816658,-8.8253537282978876,-2.025065525460485,,0.1758843852371942,0.3333333333333333,False,5
-0.16301705520690737,-0.95511426337298155,-0.2473503256782896,0.98646405868113574,-0.15328201041882672,-0.058251920245641561,0.01772288469775787,-0.25349826268329828,0.96717347470582593,-0.30839462358968206,9.7955472822601735,-3.3583668360146324,,0.3368026494129742,0.4150943396226415,False,5
-0.8112264010967124,-0.55116964496347509,-0.19525303745271816,0.58472714306434193,-0.76327048579477141,-0.2747950757899893,0.0024278236114387355,-0.33709077113657432,0.94146902109791242,-2.0756874327055881,9.7022724154623035,-3.4345388471557379,,0.4692640858221143,0.3,False,4
0.2767849611609064,-0.93480544048873682,-0.22255083398589043,0.96088382219185642,0.27156240599431275,0.054370395442278376,0.0096106984722834216,-0.22889440378314185,0.97340381465845693,16.150252466206229,-6.9410938887670239,-1.9770964331797667,,0.2733520166399263,0.1964285714285714,False,5
-0.99255870580265249,0.12003028391596447,0.020492595697386786,-0.12094064194268291,-0.99133544555145592,-0.051258126378053277,0.014162509024016671,-0.053355087258383165,0.99847516644220824,-10.931203128824874,9.9387162133743914,-3.4193676221788611,0.2843829000219431,0.3123856702044948,0.5789473684210527,True,5
0.9103759992002014,-0.41271781447935996,-0.029657135593563401,0.41341922037875634,0.9042379382239667,0.10694998502987493,-0.017323056937377866,-0.10962552936177707,0.99382199362385515,-16.931282130460723,-3.0977589454089953,-2.28913145260913,0.211222115158487,0.172668096090649,0.3,True,5
0.97831953793201742,-0.20624100767668438,-0.01885546215260778,0.20710087180849882,0.97410893272173826,0.09066981905725166,-0.0003325607347783241,-0.092609038134627342,0.99570249344828687,3.8418425336526996,10.367383648926497,-3.4551928068453615,0.9207368296011518,0.4347634682626059,0.2692307692307692,True,5
0.85464147050371431,-0.51822900284490558,-0.032041496619590382,0.51908258919185724,0.85137670133893895,0.075571013061253453,-0.01188370704476311,-0.081218304757004228,0.99662548857596056,-8.951639038593969,-4.4108718363070158,-2.0576057426025578,0.3430872733002114,0.2449272116437168,0.6833333333333333,True,4
0.90431928310863108,0.4261665619766164,0.024263051146183601,-0.42684277727313147,0.90236884910831994,0.059461783093732304,0.0034464021314171839,-0.064128945196041981,0.9979356696202375,19.107454940316821,1.7917665973404857,-2.6553427320643386,,0.2443566734184698,0.6333333333333333,True,5
0.98012342440549793,0.18638997779419547,0.067947399578783055,-0.19835581234152183,0.92692739602019458,0.31852876513363082,-0.0036117366978350822,-0.32567526569437233,0.94547478902027038,-11.94031627183017,9.6011513503234447,-3.4065717400421254,,0.7085426835977351,0.4,False,1
0.9909171666306863,-0.13177595746227982,-0.026800483419367201,0.13440339180597197,0.97697325322669093,0.16570754584721395,0.0043470849615259016,-0.16780452769384849,0.98581070360276635,28.017140243906496,-8.5685292824465282,-1.9250421653333638,,0.5148628606294573,0.890625,False,6
0.068184176717022468,-0.94868204501471931,-0.3087932892925519,0.99684090949667548,0.052145329151683781,0.059908812386034085,-0.040732286938794701,-0.31190261639549349,0.9492405589134838,11.73697191385719,6.3880905205770739,-3.0775570656067952,,0.7112691791374613,0.2962962962962963,False,3
0.9146409674163728,0.40365887887449264,0.02216777457098016,-0.40426707452914085,0.91328946479763407,0.049703983153280402,-0.0001821408584352438,-0.054423000610395095,0.99851795368399321,-11.621986076672371,-7.0834981785851019,-1.9417171305110044,0.36150371667064,0.1581145993710301,0.2857142857142857,True,5
0.29370981288131431,-0.90069186037564053,-0.32013859259747185,0.95578572146518204,0.27166114577604111,0.11257831282680165,-0.014429153145764402,-0.33904925088947668,0.94065796387995337,3.6587898925383873,-12.906177648242995,-1.775052301129709,,0.4695669712068855,0.2857142857142857,False,2
0.99953219556207618,0.026137221300865102,0.015881929905557767,-0.027383531329155525,0.99607937080133357,0.084119137394319601,-0.013621022237725645,-0.084514689413668506,0.99632912986949784,-5.9076478962551731,-7.0738460745940621,-1.9334234773990366,,0.1585501071638178,0.4722222222222222,False,5
0.41086180406497624,-0.9115273088956819,-0.017622233055665369,0.9115345363783578,0.41034595833861076,0.026851135258274757,-0.01724433095147581,-0.027095379911754779,0.99948410364421136,8.3532868538336338,7.9110960055931772,-3.2219801592723805,,0.282203550847083,0.8225806451612904,False,5
0.57005258550940396,-0.82022421701339898,-0.047668475733957369,0.82144983054926646,0.5678434952503526,0.052668214251509582,-0.016131510921911438,-0.06918091302243741,0.99747369671022246,9.4453653873090389,4.0369096130837754,-2.8354868978592669,0.3773943425043366,0.3376161908918321,0.7543859649122807,True,2
0.695633180944916,-0.71816811247197143,-0.018139454151200444,0.71821195731708898,0.6946588110760894,0.040258173842214098,-0.016311405065589264,-0.041032894399490066,0.9990246441614874,6.9011768760337082,1.9095465200435098,-2.8378018642573042,,0.323287223009058,0.288135593220339,False,1
0.81020087990382794,0.5824675090220699,0.065621148547452324,-0.58613509729131819,0.8042259305427657,0.098317345193605493,0.004492429894722462,-0.11811965787389662,0.99298920663690682,-22.630588706992636,-2.4139959006555323,-2.3102020304755566,0.5175116336088754,0.3151352666079487,0.3414634146341464,True,5
0.93074593676572948,0.36522939925661013,0.017874202436484993,-0.36565536973807722,0.9292233215871456,0.053293237847427094,0.0028551314847038052,-0.056138262684268518,0.99841892193958215,-3.7237218331486304,6.8546249516341904,-3.127065671834897,0.3371322534050601,0.3662568023602142,0.8806818181818182,True,5
0.49118726645127042,0.76450457130968585,0.41745398515611359,-0.87099023987659585,0.4252739484573409,0.24600420891361205,0.010539037709286853,-0.48443248158034896,0.87476516818747763,-4.6296866544004551,8.784199235161136,-3.3575363288213973,,0.5466862644563111,0.15625,False,1
-0.99768901368167195,0.065456277526895174,0.018223822628982762,-0.066471958945366533,-0.99584620439851357,-0.062223917098148403,0.014075178608317317,-0.063291491666683228,0.99789582443747515,-13.182713299164092,5.337507320755364,-2.9726828406789947,0.5936916728426518,0.3594925925881389,0.5967741935483871,True,6
0.16517302467277239,-0.98459200150820814,-0.057414828106586782,0.98612828091732807,0.16390223756889233,0.026212021954558427,-0.016397728363512873,-0.060947904688935843,0.99800624618212974,-17.765073082024653,5.0817216569509371,-2.8498955762893541,0.4394811628806069,0.3593012461964183,0.3793103448275862,True,5
-0.7322020328929193,0.68055456743429177,0.02693814714857411,-0.68087101870572275,-0.73239369401881016,-0.0037593680467424145,0.017170874005289417,-0.021094020617311797,0.99963003325234723,5.0857039437837237,2.2707298947364301,-2.7875639188905637,0.5201826657074535,0.4011558806594285,0.8653061224489796,True,5
0.9999257656083147,-0.0014418869169053189,-0.012098935273184511,0.0066067821495088049,0.89848946676241459,0.43894535940891466,0.010237856331028508,-0.43899270959676673,0.898432294176158,4.2642305377657266,-8.4156521222045182,-1.9554686383477271,,0.5215864880362964,0.3432835820895522,False,3
-0.23550356896136901,-0.9708902772142578,-0.043705132619393836,0.97166967351886502,-0.23613690500579707,0.0098695318037555456,-0.019902627218534742,-0.040142641979622945,0.9989957225757754,-14.143707218572906,3.5158563361138375,-2.8771593742321264,0.3645861674526882,0.4092193386752886,0.746268656716418,True,5
0.84698180029770764,0.50716993630998453,0.15937529817314941,-0.53161531187920297,0.80652394433592323,0.25865863099537667,0.0026438872956306876,-0.30380550178716431,0.95273040622403649,12.527698065736628,-7.5023756827407988,-1.9842373621803402,,0.4795173964875867,0.1904761904761905,False,1
0.81514849318518467,0.554680988176249,0.16691894863598761,-0.57909820715204241,0.77372286102372823,0.25690114986614421,0.01334917717365848,-0.30607504910573291,0.95191379010061106,36.488702263248769,-9.104972365720176,-2.051617649010157,0.5143416190986522,0.5383565395644015,0.625,True,5
0.93411105970359087,-0.34730303097384774,-0.082565930115355249,0.35688435737998442,0.90310897880364294,0.23880479028218271,-0.008371594645624713,-0.25253668462348267,0.9675511042433208,0.33677086031649994,15.703828830702212,-3.8901747704907321,,0.2458230515738124,0.5,False,4
-0.60085094848665632,0.7964436030075398,0.068232872803751107,-0.79920531032224706,-0.60022638702377418,-0.031609433293029399,0.015780039778321459,-0.073524632258542721,0.9971685508457635,4.2228827547447843,-6.5197959791201505,-2.0502482952559227,0.5836174701708735,0.6308921570572931,0.9947229551451188,True,5
0.041564920149140601,0.99505720304748158,0.090186030383415272,-0.99831528114353429,0.037703838720117872,0.044102380673529423,0.040484032016353547,-0.09186720420852082,0.99494796845996358,-15.421623615555834,11.81869147339426,-3.554876714471618,,0.2016982355788925,0.25,True,2
0.88505877199261029,-0.41673803330588455,-0.20736533392849543,0.46518722511877159,0.77610658161100121,0.4257457217241109,-0.016486834299832033,-0.47327368992627339,0.88076114737103384,-11.078477598793016,3.8145615149855514,-2.8422638148954973,,0.388488216410182,0.4,False,3
0.95351766923602199,-0.30040699415002747,-0.023657817322171232,0.30131253441395978,0.95149966391094043,0.062122026547782261,0.0038485139651848708,-0.06636284685810552,0.99778813457424287,-20.461766307507158,-2.7391082027758862,-2.3086998049711092,0.2611248606481399,0.1798883646214004,0.4666666666666667,True,5
0.97684554162328685,-0.20430393693667676,-0.063503457881314784,0.21392824036055197,0.9365443686058823,0.27770371551142242,0.0027378434848197124,-0.28485881939091445,0.95856557273264786,-28.899615783893243,-1.4999285026046696,-2.3259419718597498,,0.3820512813899355,0.4615384615384616,False,3
-0.83455566304540252,-0.54342271590663616,-0.09060130857499811,0.5508715129493007,-0.82085320078084356,-0.1507998640211291,0.0075776975259933405,-0.17576056043520574,0.98440378092310532,-28.589295002944713,-0.22751787040672508,-2.4007697676826307,,0.4911527668027114,0.375,False,4
0.3201658917730027,-0.9441658668243168,-0.077747139298405085,0.947304009770777,0.31816249205647334,0.037252405568273375,-0.010436226205217496,-0.085577126455042077,0.996276889529358,-18.17556823086435,-3.0697968907122086,-2.2772625804959139,,0.1325284253009633,0.4285714285714285,False,5
0.75743114992749161,-0.65092566868055723,-0.050929627647243222,0.65240765566665637,0.7514619300645945,0.098332184411469487,-0.025735266601587134,-0.10770673849097523,0.99384956333269159,-8.5090192451271331,-7.7254984124198671,-1.8913624947497325,0.1745103734555643,0.1499173301244538,0.6666666666666666,True,5
0.92980182696228286,-0.35221230497786321,-0.10684125981932888,0.36789343906533317,0.89810790353994674,0.24094939529237938,0.011089637968952992,-0.26334138645731736,0.96463896568014262,37.210254868327723,-12.566171844267126,-1.9051534761850317,,0.3334368586055505,0.1666666666666667,False,2
0.95746001253088209,-0.28854337924466544,-0.0036114676284579872,0.28816545637600915,0.95539703268180931,0.064631104697344496,-0.015198491897832369,-0.062922398530746035,0.99790268944780824,-5.1047302899117906,-8.8742333296012958,-1.8604126415404871,,0.1007992701574025,0.2173913043478261,False,5
0.6260024766438097,-0.77960230300004096,-0.018470202837225579,0.77944600696046107,0.62479136254508039,0.045822216472515838,-0.024183082293385585,-0.043081346846328958,0.99877884242944237,-13.454407633432654,-4.901713355646601,-2.0913464404496533,0.3897628283352869,0.2954144152793295,0.8333333333333334,True,5
0.96124547132226079,0.27515355916897566,0.017252905236304669,-0.27569189496041824,0.95959483757084996,0.056318085554384389,-0.0010596771119853084,-0.058891990830860913,0.99826379805159671,-4.1831493598464844,13.455617234348921,-3.7576576063753988,0.5398639035333396,0.4583431100529426,0.8313253012048193,True,5
0.20099167796303746,-0.97841925388620854,-0.047938596291061925,0.97937787463072845,0.19968136402670353,0.030762502242702522,-0.0205261801950531,-0.053133007492423237,0.99837646178253325,-20.065973001706027,4.1943244584786115,-2.7635896349852573,0.3770159896032275,0.2762036238685295,0.68,True,5
0.9715105873696871,0.23657666375639333,0.014094708031685124,-0.23696196293779354,0.97066127929967949,0.040813098252594812,-0.0040257607072301943,-0.042990266737978365,0.99906738021843366,-9.9045043066097733,7.3359883509841834,-3.1814746513326861,0.4301242186962836,0.3720969397646232,0.7277777777777777,True,5
0.35827737947818078,0.9209604238662622,0.15319666127667972,-0.93349008306538606,0.35605990100250201,0.042633457714175739,-0.015283460760756731,-0.15828216756843633,0.98727563084328762,-7.8325633138295245,-9.1662134316019959,-1.8406759744633288,,0.1795468484772967,0.4,False,3
0.99168409273152835,0.12611830769544147,0.025628747282711591,-0.12825054141648656,0.98501229052766659,0.11533683772245343,-0.010698544275798898,-0.11766460799014898,0.99299576090580632,-11.138805878759845,6.1889263395894094,-3.0096220281069699,0.2586574467018173,0.1737045986797975,0.3414634146341464,True,5
-0.98200642650287318,-0.17607503715399342,-0.06827122086410703,0.18880971469406618,-0.90817499699705373,-0.37358943569986741,0.0037775579679480212,-0.37975749646401968,0.92507836097012763,2.6251259310084523,-10.122396694953967,-1.8760406922587207,,0.5803779169108547,0.4084507042253521,False,1
-0.9256795837834344,-0.33848843111440902,-0.16894641212003636,0.37829939628900949,-0.83131958504977976,-0.40718216350919945,-0.0026220095152781064,-0.44083254135143807,0.89758553662129292,-8.1199307686488957,7.7637971700747359,-3.2690617081403772,,0.3176062990883734,0.1785714285714286,False,3
0.97036194796620656,-0.22300443939601311,-0.093095166087713704,0.24142430607489296,0.87773705155327897,0.41387434417563607,-0.010582739507587684,-0.4240833506991597,0.90556132718015747,-4.0245142739113744,1.5232922636824713,-2.5738593577300506,,0.4726123148328273,0.1904761904761905,False,1
-0.70379472731852921,0.69203876568567935,0.16048466776261863,-0.71021774490329292,-0.69058603991753809,-0.13668092879218219,0.016239969923554601,-0.21017437583885834,0.97752902520468832,8.3526817272023361,6.7602784392459832,-3.1234154386982342,,0.5423117461198178,0.25,False,1
-0.21359942704400456,-0.85212142304339644,-0.47777020120238745,0.97681877837235054,-0.19337898550467114,-0.091813082860410497,-0.014154821991865995,-0.48630612617535562,0.87367384798830827,-3.0405146431781853,-9.532576391364378,-1.8469159751621904,,0.6354179058147946,0.2580645161290323,False,1
0.97426468841948521,-0.22538157129493708,-0.0033858853358575761,0.22503674503279683,0.97169398579284461,0.07189757547413092,-0.012914344115218968,-0.070809217582456299,0.99740627350214373,-8.2732032682442238,-10.784558842140985,-1.7856816466873739,0.1130172059767236,0.1699636224707181,0.6538461538461539,True,3
-0.38645523735716431,-0.92184225721370994,-0.029312153355724714,0.92218265615867134,-0.38673174333387877,0.0042080135546367428,-0.015215064881721654,-0.025404950562253219,0.99956144898028843,-8.0189977547344924,-12.44553003681941,-1.7218768776453897,0.2440018596261394,0.1963973805584882,0.4848484848484849,True,4
0.91458916015374658,0.38959212007970412,0.10837272766274625,-0.40402423714572017,0.8916561651450382,0.20423931785447408,-0.017061181907514784,-0.23058027480823984,0.97290372233909828,17.498294613555448,13.972264007507194,-3.6083138618972592,,0.3819409627867912,0.2222222222222222,False,3
-0.98713624969217917,0.14274565690707852,0.072011818320511387,-0.15727348504934385,-0.94798032932567478,-0.27676406217574367,0.028758919383270954,-0.28452938801774375,0.95823585400993783,-0.081745225075803882,-4.3396431704088299,-2.1884257791898141,,0.6602179713143193,0.4026845637583892,False,2
-0.39591819969452663,0.89418775991780697,0.2089905001760092,-0.91820669311823921,-0.38848208569692705,-0.077318418280718837,0.012051882156396057,-0.222508245028671,0.97485631404363815,13.419287587995733,-5.1735507063572506,-2.1062362125661229,,0.5304910231420921,0.1764705882352941,False,2
-0.90036513254941941,0.42777598015338236,0.079689013628468378,-0.43483765781049838,-0.8777613374444978,-0.20112495080801304,-0.016088487783041384,-0.21573767703268432,0.97631880821245831,11.712758212252851,13.544602910364551,-3.6482557335546586,,0.6688464208273579,0.8571428571428571,False,2
0.94996031464268293,-0.29182257813435802,-0.11142254482371153,0.31137802780264234,0.91306430194482313,0.26335774967855063,0.024882210627520395,-0.28487394300818364,0.95824199041226454,-21.076665035811615,-7.0052700219206825,-2.0956470023374241,,0.1844133078682432,0.3333333333333333,False,4
0.6106285595530222,-0.79061922722012801,-0.045321074656807216,0.79186954988346225,0.60896370112316256,0.045889287221983106,-0.0086820634392382884,-0.0639096883439952,0.9979179192249279,-12.589665457194233,-10.0034719458352,-1.8503245566655526,,0.09176391719347143,0.5555555555555556,False,3
-0.40446493586317345,0.86508912524567549,0.29669668188045245,-0.91438729919163697,-0.38870428988724731,-0.11315848222857305,0.017435100636999219,-0.31706431588074113,0.94824376447243519,11.178401606059285,5.4816699972233405,-2.9810488368344532,,0.2549389546400596,0.55,False,1
-0.8070661547052167,0.59005561751509439,0.021876703778596168,-0.59026956757998217,-0.80719394786512999,-0.0044461352708991056,0.015035275796495027,-0.016501477775851106,0.99975078980360754,-3.3709742900972626,4.204343102356054,-2.897460132973487,0.5603791690045932,0.4975318960664636,0.7006802721088435,True,1
-0.61016474514940366,-0.78706350922232093,-0.090719436877704493,0.79227377068714733,-0.60598890440972042,-0.071272154544920904,0.0011207399037740425,-0.11536238634386417,0.99332283964435053,4.2946221578822037,14.837828678146389,-3.8325616046449222,,0.2406530478847408,0.1904761904761905,False,4
0.047223511571702813,-0.98963154296652678,-0.1356442004677218,0.99842514278769356,0.042647414845880346,0.036447664621150885,-0.030284884087771378,-0.13715176693230616,0.99008697528203815,-10.942982867472274,4.5515406934169818,-2.8916172555640576,,0.505667744637011,0.4634146341463415,False,2
0.97808398353404169,0.20776879156457453,0.013559144736189722,-0.20820100242066092,0.9765925606532464,0.054030667844915364,-0.0020158733126185296,-0.055669558364801003,0.99844721268891112,-18.509229637798146,-5.4183527196834973,-2.1640213782272513,0.2315062847629015,0.2068072509908665,0.3478260869565217,True,4
-0.64020150749294547,0.70918573624671921,0.29529243354336066,-0.76566704979325351,-0.62029315052730327,-0.17026560506987043,0.062417935440516298,-0.33509998345734454,0.9401127604826095,6.7452621816667282,14.142017477238861,-3.7347937371903313,,0.5860996744134408,0.2,False,4
-0.33606515911712598,-0.91807383283446409,-0.2102394974599647,0.94178691737225484,-0.32990897512063416,-0.06478788776708086,-0.0098798326933211174,-0.21977376003401855,0.97550083716338398,-22.738100796791958,-6.0964090200142111,-2.1441640552413319,,0.2434323964851415,0.1,False,3
-0.65854888515497612,-0.72426986896704437,-0.20431965829943677,0.75142095417892529,-0.61808303022315148,-0.23095436209563194,0.04098677203649586,-0.30562481027663174,0.95126944650892742,-3.2656885442192314,-7.7407681344797048,-1.9129900624734584,,0.3772021332487525,0.1052631578947368,False,3
0.96359694368063598,-0.26675895936118349,0.017904963833443959,0.26323240146673904,0.95831474812523332,0.11109251254573874,-0.046793513945758716,-0.10233523892682392,0.99364876386296519,-15.893424426488405,-3.5014436464739771,-2.2781117468173915,0.1580358734839226,0.1397638587834538,0.3809523809523809,True,4
0.18177903125764419,-0.97766966887763063,-0.10544383505798598,0.98325480714050573,0.18212191273269798,0.0064492741971247658,0.012898373157827509,-0.10485050051996361,0.99440434658673615,-14.732416745437462,-10.37841200846807,-1.8629600728488906,,0.1887692175574186,0.3548387096774194,False,2
0.99461652470809536,-0.10362389490877001,-0.00023912659069395478,0.10309579606471835,0.98930964890982032,0.10313910707248196,-0.010451105748778826,-0.10260851318415602,0.99466691279581831,-12.050139209556727,-13.847162958057497,-1.7279925806233929,,0.2229201900148652,0.2272727272727273,False,3
0.64790883814436262,0.75943031542742145,0.058989265669510141,-0.76167100073112848,0.64506407061781756,0.061234234242057345,0.0084512779898721219,-0.084604614577321366,0.99637876085982446,-11.283695606159224,-9.2295895714021157,-1.8785916099666253,,0.1571319294473362,0.1851851851851852,False,3
0.33470859793246027,-0.92266301854968014,-0.19147613081237877,0.93981923054850935,0.34165436607904348,-0.0034796595141417877,0.068629209242814473,-0.17878827797123481,0.9814911019967455,17.823278683535261,4.3001116798020735,-2.8384497464640974,,0.4085843960219602,0.9318181818181818,False,3
0.73996870673676463,0.66098048144790356,0.12470411458815765,-0.67230775829721945,0.72094248779464698,0.16806013038740303,0.021179971286248024,-0.20819878106598269,0.97785718608544847,-25.217780577066705,-2.2825080574125791,-2.316253743712243,,0.2720083829090594,0.8095238095238095,False,3
0.12785045307358164,-0.99053300875584593,-0.049986200235379703,0.991649160639268,0.12680969642545745,0.023478566734766088,-0.016917560471752132,-0.052570518901518815,0.99847390386034129,-14.019749257369638,-9.3518724253887449,-1.9038307987618133,,0.196994503671607,0.2,False,2
0.34192499555116423,-0.86279828555801874,-0.37237939773231182,0.93948099555987097,0.30478063582948994,0.15647435254764519,-0.021511773501252756,-0.40334585960626246,0.9147947098334771,-5.0201168539822705,11.156849193058276,-3.5806914732822066,,0.369093153092065,0.4545454545454545,False,3
0.81365670437022852,0.58091810359975915,0.022291799914704997,-0.58133351536555211,0.81279355213306759,0.037656148550258145,0.0037565071685741018,-0.043598148136919784,0.99904208626710167,-9.6799386750206988,-10.083395394415406,-1.8216457349063062,,0.09715469459313641,0.2666666666666667,True,3
0.83252498688347543,-0.55337168378529289,-0.026113709029897989,0.55381149318744249,0.83014723284832126,0.064408088061746249,-0.013963388849543908,-0.068083414859305275,0.99758191262318485,-21.242025089716151,-5.3750257992332431,-2.183777977329294,,0.183859345029906,0.4761904761904762,False,3
-0.94874455534205404,0.30952737258458624,0.063848056585082663,-0.31583010214547247,-0.93598383462633894,-0.15551722701024381,0.011623910167823721,-0.16771126062091954,0.98576762869012569,6.8979261198293615,-4.2560933748336174,-2.2282866940388031,,0.286358475632483,0.2444444444444444,False,1
0.92954141118993328,-0.33191155608035899,-0.16058481815956946,0.36851137682103252,0.82171554908529376,0.43472165985250971,-0.01233410055473037,-0.46326911761067008,0.88613181560743948,-12.991699146727868,8.6808854837679483,-3.3367209462715031,,0.468880537791989,0.125,False,1
-0.50786063188854258,-0.85874299255412012,-0.068103240135578086,0.8613835608654864,-0.50713724202125521,-0.028812823981159828,-0.0097948786855520196,-0.073295910488026791,0.99726213698167954,14.252019352544171,8.0036741581027648,-3.2673832224000519,,0.3493667936741919,0.2941176470588235,False,3
-0.17882872399675798,-0.88203497311308687,-0.43592957421937761,0.98377326550093869,-0.16683294159997855,-0.066007057825037213,-0.014506879723464256,-0.44065981868386267,0.89755694785244378,-25.349513882716874,-4.1040447813521439,-2.2184941137183998,,0.5353079952725098,0.1052631578947368,False,1
-0.50042141868250756,-0.84687031016073977,-0.17996966825562166,0.8657196059597404,-0.49195000382002502,-0.092275444178766861,-0.01039074495394942,-0.20197987897245911,0.97933455004384096,5.6041881849519442,7.8518307873526334,-3.1846878043997329,,0.1596371271634819,0.1578947368421053,False,1
-0.36569773794503807,-0.92444617511392591,-0.10800200821797812,0.93026237286355129,-0.3667357039609751,-0.010809304997287231,-0.02961557185263718,-0.10442314282515097,0.99409190980832396,27.215968147919433,-9.6147318028740916,-1.8393780223202474,,0.2122704273727956,0.4117647058823529,False,2
0.084779340006325504,-0.98843930452921047,-0.12569886542806108,0.99626259425887331,0.081997346314254788,0.0271528723710526,-0.016531992882600027,-0.12753108036565106,0.99169678670050088,-36.165682689614982,1.3717105748045206,-2.5276996040070836,,0.3241952683241892,0.5,False,1
0.73227135218235218,-0.68022021069536154,-0.032850140556605262,0.68086572116642119,0.73025772224121699,0.056085014465541275,-0.014161091538432494,-0.063435984020340008,0.99788543401425223,-14.024636566220678,-7.599465895537258,-1.9798753698961233,,0.1794057254826135,0.6341463414634146,False,2
0.99829561882424112,0.049086978501204817,0.031564631756890352,-0.058052218316975455,0.8907023600733911,0.45086499720888651,-0.0059830915757713501,-0.45192894828868097,0.8920338717301507,14.529333358771618,-6.7895482076644571,-1.9742535929660741,,0.229767819358856,0.4117647058823529,False,1
-0.15333611427745972,0.96678144000532806,0.20450350441866322,-0.98802999608008901,-0.15352878946072016,-0.015021240052180342,0.016874919385559788,-0.20435889525036646,0.97875057038439606,-23.140874200791469,5.3051093928640789,-2.7376729732776726,,0.2616315491913108,0.2142857142857143,False,1
-0.52564767393067269,0.84532869276108513,0.095466874286885717,-0.85052741738248017,-0.52449569516511341,-0.038824966631703713,0.017252106305069754,-0.10160544743319379,0.9946751720435868,9.7369444934085045,3.1856287308432063,-2.7640768424754092,,0.3434659115740725,0.2283464566929134,False,1
-0.34474116880500022,0.8767197825259867,0.33543397183134072,-0.93842189501572593,-0.33054780593271149,-0.10051116827578858,0.022756833831962479,-0.34942892112796992,0.93668647667898319,0.61711665396244209,-17.09014002277722,-1.5867449442744832,,0.30773607985871,0.5853658536585366,False,2
-0.12907117968655507,-0.94350686835715303,-0.30518096260612054,0.99152224750888285,-0.12744041846930421,-0.025349012511379956,-0.014975422172830721,-0.30586554088887807,0.95195693580513319,0.49222452354789753,-14.182875165030092,-1.6996181066400211,,0.2198541403227072,0.1,False,1
0.22873903564401676,-0.87831403077271697,-0.41981295468390056,0.97333649099997011,0.19874158286992458,0.11453322018620157,-0.017161843155943508,-0.43481748652295316,0.90035505471638866,15.28746156272171,3.9559385944901337,-2.8344817777038149,,0.5239817935467556,0.4210526315789473,False,1
0.83076822137339434,-0.54836764670801974,-0.095483435212585593,0.55642547889372584,0.81365245649022111,0.16840536358832892,-0.014657721309095206,-0.19303524054259677,0.98108233452380922,-11.309750603855674,-16.592908404001449,-1.6226157301239159,,0.4625484692480251,0.5625,False,1
-0.51282625287174433,0.79683598030379144,0.31947089829720055,-0.85831833176080341,-0.4833926657040748,-0.17210802452779156,0.017288022700007441,-0.36246924178032436,0.93183537872003963,-10.91301084393973,-14.993789859233067,-1.6723528807289076,,0.3719643356444188,0.4,False,1
0.33372214598438926,-0.94146186390153352,-0.047739795753902053,0.94249685030846442,0.33225740793429714,0.036120659343457762,-0.018144322478339834,-0.057048871082891903,0.99820649660777583,-11.048726540965335,-11.215247856165288,-1.8082166729571842,0.2589138050215397,0.2226626550344036,0.9117647058823529,True,2
0.61354685396588626,-0.75639469076449006,-0.22677594619327568,0.78947780265597534,0.58142718446686659,0.19663984407140439,-0.01688363414840157,-0.29968233339024941,0.95388963824528417,6.1910595772961123,-6.6673932907277589,-2.0667573947368636,,0.3382122117163359,0.2528735632183908,False,1
0.19722328947279852,0.86983385047154171,0.45220796837669686,-0.98025395705556329,0.16823064117355632,0.10392608453724969,0.014323189813663866,-0.46377529466777873,0.88583707434797299,-13.776592641011279,8.1756818416409249,-3.3384082418225254,,0.2482329801986812,0.2307692307692308,False,1
0.90304257758269058,-0.4169217174630564,-0.10339431599689371,0.42916563461327634,0.86551132371359751,0.25827699586010366,-0.018192337392259707,-0.27760841131203451,0.96052205015242342,-0.5624674775135533,14.317445143765521,-3.804085202938484,,0.553933426213264,0.3333333333333333,False,2
-0.28199015754688034,0.93632022189499664,0.20925102895132933,-0.95926121481564208,-0.27909070803594105,-0.04388961652163316,0.017305282346853783,-0.21310283611088271,0.97687650624037137,11.197959878441548,4.2520127333510382,-2.8549948970334764,,0.4158509534331776,0.2,False,1
-0.69300035105859181,0.68972325264884615,0.20983886243535946,-0.72075218999989943,-0.6694201980899287,-0.17998021835632533,0.016333831241269352,-0.27596817415190822,0.96102797712254195,6.4054918514590113,10.55938747725631,-3.4191918336782896,,0.4825494320660828,0.36,False,1
0.36636811614847409,-0.85209085459875111,-0.37378547186720457,0.93030679578769049,0.32792439390059369,0.16430111866986533,-0.01742610630803592,-0.40792985597293435,0.91284695509424962,9.1893878982615931,6.4378719149336021,-3.1082815962011607,,0.5531704240363978,0.3333333333333333,False,1
0.97962477690521221,-0.20082455257419746,-0.0021898759752339188,0.20058771285365448,0.97781058321823655,0.060423776765044977,-0.0099932940291642611,-0.05963189104653286,0.99817041212643698,8.718369441693758,11.77347983996872,-3.5694942946887105,0.4291294414285769,0.3287836911910377,0.509090909090909,True,1
-0.89573240168067247,-0.44408150249838757,-0.021332691301092624,0.4445926562498842,-0.89479738433203537,-0.040926898260425983,-0.00091355790489183741,-0.046143906762663486,0.99893438487251596,-19.448899794750499,-7.8887186125524948,-2.038139033327925,,0.09309386601272951,0.1363636363636364,False,1
-0.31773165044339735,-0.87195936592952594,-0.37246941146125678,0.94809191143979343,-0.29753789644960671,-0.11221821438065788,-0.012974042120903272,-0.38879051473013515,0.92123482885034436,1.6433453912678637,-15.535248362598427,-1.6481947019147185,,0.1061592121915286,0.3333333333333333,False,1
-0.47615779207886738,0.85801104525150507,0.19258972783873363,-0.87918832135621305,-0.46883283088829875,-0.084992189477080315,0.01736814997119681,-0.20979233281434151,0.97759169618961783,9.3988199669864798,7.6353700682980188,-3.212647404682393,,0.1743190988594064,0.2,False,1
0.82611064135676537,-0.56345165062140168,-0.0079652777183987847,0.56331524580753667,0.82537599587936317,0.03782061960020857,-0.014735741511982571,-0.035730978690303665,0.99925279838683689,-2.1040832168641401,23.55109570133104,-4.5828509356559692,,0.2981433245969011,0.8888888888888888,True,1
0.66773328241579333,0.6966432751196191,0.26233644578068405,-0.74436490995564819,0.62141337895749393,0.24447145698291672,0.0072900192695700052,-0.358515773269798,0.93349520402399955,5.0298912844147381,12.889359232243526,-3.6403590212877335,,0.233063598282968,0.5185185185185185,False,1
-0.40005802484191244,0.91356161021775084,0.073203559311944583,-0.91632394774514592,-0.40022720559525066,-0.012984863887130563,0.017435582821860439,-0.072272873457243592,0.99723248654157604,33.200917588585142,-1.9992276131147759,-2.4527487978883218,,0.4676270738024119,0.2777777777777778,False,1
-0.42722565862103168,0.87020001818863491,0.24541834682909469,-0.90397708392365517,-0.41634117095468426,-0.097393331953313067,0.017426082655363297,-0.26346149189697998,0.9645125058446401,-2.8977423795098307,20.553432224838051,-4.3215148218474555,,0.2161086716420815,0.25,False,1
