axis_00,axis_01,axis_02,axis_10,axis_11,axis_12,axis_20,axis_21,axis_22,location_x,location_y,location_z,dbh,dbh_approximation,score,reconstructed,number_clusters
0.6471717566038987,-0.76011013293296747,-0.058320693298777836,0.74908731220116032,0.61984923766869782,0.23378434776685769,-0.14155181437715594,-0.19498591839966375,0.97053777642726213,-17.726229387140734,9.626765957327418,-1.4936040339941468,,0.2380951009266571,0.1875,False,3
-0.59931084760404707,-0.79907453543824858,0.048024938919944735,0.80002869941395394,-0.59577311470878236,0.07077058643399893,-0.027939006033405635,0.080834909564753393,0.99633585167729555,-7.9662331338201069,12.449644530445592,-2.6305801141130281,0.4257581384504508,0.4270831691451208,0.8770491803278688,True,5
0.99011058893816439,-0.093337518546041859,0.10473361114841694,0.074136566246721561,0.98191325082229719,0.17421290826093599,-0.11909992114886547,-0.16472545489770282,0.97912243018484568,-6.7373790732331882,-11.991144299686949,-0.25704375429156789,0.3182743582868426,0.3378862548263547,0.9444444444444444,True,5
0.21233587195028816,-0.97328394181606825,-0.087360437762681348,0.96241206147214808,0.19279371629721609,0.19129455530474229,-0.1693413753813324,-0.12469543519826648,0.97763722669744602,-9.5785907527840077,3.4077236734697602,-1.6938833438578895,,0.2074513946547634,0.1538461538461539,False,4
0.45676106421096968,-0.88681360692340006,0.070220771829776485,0.87663034679175278,0.46212715237698349,0.13400645551505935,-0.1512896734897386,0.0003487283289230203,0.98848940969740229,-2.8239492306350242,12.477385312556024,-3.0172838278024119,0.1548291222013446,0.1396358346387649,0.4468085106382979,True,5
-0.99275425160855457,-0.050290192276379285,0.10913245380703002,0.060522119808703118,-0.99386553231660546,0.092565526449598118,0.10380784617262669,0.098499747379549474,0.98970790177666301,-3.7839109628979681,3.2424708244896112,-2.0105829367768524,0.2037385950217,0.2035175940183262,0.6973684210526315,True,5
-0.30845766883395248,-0.95100795770953117,-0.02092201975602323,0.94777818028917549,-0.30913560457874961,0.078432767064991249,-0.081057926850271467,0.0043637546767257007,0.99669983954039953,3.3781655318681056,-22.315730891834768,0.48507793472907818,0.4279242735237362,0.2817084859184563,0.4,True,5
0.99318849189812397,-0.026645905396046284,0.11343110370068474,-0.018609423969279955,0.92473000960955143,0.3801685135134828,-0.11502307986079199,-0.37968988010367682,0.91793533870648736,8.2453873132426541,-6.1914502039555597,-1.5970700361385017,,0.3987284671377332,0.108695652173913,False,2
-0.40927380161413662,-0.90944701139834705,-0.073492100057941545,0.90953144327738378,-0.41305117897869936,0.046273936876663369,-0.0724396921726706,-0.047904665774021006,0.99622167914325543,-1.4277066888753283,5.5448296930513177,-2.351381687918634,,0.1821741754541437,0.2641509433962264,False,5
0.89174099744790669,-0.44545264482040869,0.079811870627831114,0.42270317336802077,0.88286336633688811,0.20463211772569176,-0.16161689483224193,-0.14874211778376384,0.97557970545823858,7.0097362506632317,-16.710232013069835,-0.46972729071037828,0.5411977265826913,0.4572457126784055,0.875,True,5
-0.98713630086734827,-0.11331996346128619,0.11278523569624932,0.12349583386607438,-0.9884591977400381,0.087733650447484185,0.1015416295302016,0.10053357789440864,0.98973849939673364,-9.9711389879096686,5.0118681241381839,-1.7181812081389902,0.2769574621516766,0.2492115976873965,0.425,True,5
-0.86120979931261321,0.46652609430804737,0.20167073386490142,-0.48392104242763079,-0.87396544650760599,-0.044775249932483913,0.15536443049708679,-0.13615359576757491,0.97842940067021489,0.77443645246039272,-9.5960275331190044,-0.9348684220261928,,0.2438241099123459,0.2857142857142857,False,4
0.98506077069669928,0.12511760376604414,0.11832524355465637,-0.16497120689039402,0.88271016981541583,0.44000824651541182,-0.049394118390273925,-0.45295512066018612,0.89016396227670591,5.9143343595343705,-3.3711436012323919,-1.7792668609064037,,0.4199012941921686,0.3111111111111111,False,4
-0.21980345761951633,-0.97167359636561834,0.086815103204516311,0.97072979388035985,-0.20902065656761717,0.11829637526584068,-0.096799314519782784,0.11027595954670988,0.98917597294644832,-6.4451654494601822,9.5070392198246871,-2.4168717802012978,0.3312888390125901,0.3167535178460179,0.9182389937106918,True,5
-0.22488125042383464,-0.97428870033685833,0.013782293123022267,0.97113492493435138,-0.22295393992328724,0.084785011915055664,-0.079532262513809182,0.032451025694106891,0.99630394466289041,-10.591071960425383,1.8186527888962654,-1.4837393416601778,,0.2597450781799842,0.8289473684210527,True,2
-0.93123066442927693,-0.35110836485750929,0.097633835086473206,0.35148506733717289,-0.93609053163467049,-0.013883948390231438,0.096268879008688635,0.021387676615418592,0.99512555500469602,15.084961916395574,2.7828947877745112,-3.0806287420344485,,0.2857139766625821,0.3333333333333333,False,2
-0.98442391075477675,-0.14020118425357797,0.10608106272170167,0.14183038004228865,-0.98985916857671719,0.0079353438281116739,0.10389276794527759,0.022857259645562261,0.99432582107182754,-2.5925896782060915,15.803417495642256,-3.259927514151693,0.29356827020482,0.2626642798975646,0.4,True,5
-0.73898914862275433,-0.66707135433131426,0.094397279878201568,0.67371488917213307,-0.73207365907024369,0.10087817307666677,0.0018128225499920436,0.13814472818783818,0.99041039359868965,16.464335993376324,2.3299502221055857,-3.177470546536604,0.3685044095259509,0.3226773720731428,0.9285714285714286,True,5
-0.65006285074555192,-0.7589906157351447,0.036763233080783012,0.75948865197677795,-0.64741344245792498,0.06350450411801957,-0.024398311397777928,0.069203177316974451,0.99730418762289963,10.946841524818106,4.4007634331544816,-2.8665836783547314,0.6144412988480763,0.478733336289839,0.7719298245614035,True,5
-0.84616832089609062,0.4828827070153997,0.22544059966512936,-0.50738781621476658,-0.85935831550729169,-0.063725109064507235,0.16296250080525818,-0.16830798208627157,0.97217058508131504,4.7363527815415125,8.6477348951301298,-2.9901601288252349,,0.228428061958485,0.145631067961165,False,5
-0.99138439072338302,-0.10158653649794133,0.082687153974353583,0.083272544685684222,-0.97608942589194059,-0.20078624445791105,0.10110723580237345,-0.1921707789032811,0.9761391901794072,-0.5304056780837455,10.811378908037568,-3.0083793231727576,,0.3108741812494971,0.2,False,1
-0.45709110565108335,-0.88936023752695714,-0.010299953430173113,0.88746696975990969,-0.45682387686900738,0.060945246800165401,-0.058907543827876108,0.018716661784721866,0.99808796598887128,-5.7190395092564312,3.5203844966551325,-1.9253869214195727,,0.5735584253044871,0.293103448275862,False,1
0.17369936350707899,-0.98323257964645538,0.055517793895404011,0.97454916157231974,0.17973050887398981,0.13398087870507908,-0.14171260634087596,0.030832426139919447,0.98942756111925767,0.96222989203986431,-11.109815744074211,-0.75096249524318814,0.7276625898576392,0.6431165958650308,0.9770642201834863,True,5
-0.88464259688936187,-0.45942427347319859,0.07960409984712416,0.46405668285158214,-0.88413174587083077,0.054428402917819363,0.045374782309488076,0.085090498218202762,0.99533950802896687,10.980907455000933,-4.3784142831950437,-2.0133758725465047,0.680121028108184,0.4995180837079548,0.3548387096774194,True,5
-0.78706565590596156,-0.60982598791976739,0.092951157878731344,0.61677756875375289,-0.78056111062598854,0.10153710287639439,0.010634094955685867,0.1372465556434907,0.99047983270153972,-6.2172217921636159,1.1111885389416103,-1.6953814287540216,0.3470268707666728,0.3018214525329138,0.899343544857768,True,5
-0.55941650280171806,-0.82398731424510774,0.089989345792865494,0.82792448218217973,-0.55023463632008673,0.1085490524927334,-0.039927787272318785,0.13522851384539639,0.9900096064416245,3.7618572368147865,-6.9020586701067446,-1.3082404903075702,0.393717501602969,0.3446444235799254,0.9849246231155779,True,5
-0.29168912199239039,-0.95361777215808818,0.07436800881798962,0.95278288951318391,-0.28281224978814423,0.1105531402569663,-0.084393255430848704,0.10310371474400219,0.99108395327730459,-10.045060473093564,9.256739613105319,-2.1080823173358607,0.2469000511640753,0.2120635616168486,0.7592592592592593,True,5
-0.51440968685174748,-0.85744064763269612,0.013349526594931056,0.85187338452327777,-0.50915846874130311,0.12275744559849106,-0.098460199136209292,0.074519725551247668,0.99234691498982541,3.9218221747478617,10.319063443974455,-3.1806015762289239,0.2961594424916881,0.3019564597080905,0.6592592592592592,True,5
0.67917245311990004,-0.73391121438104012,-0.0099553166119375966,0.71102147109342584,0.65450313977293328,0.25704884296863229,-0.18213524251840349,-0.18165893711325876,0.96634713431542962,-5.3311879785088063,-21.752833238636157,0.89182126916511373,0.3107709410654085,0.2435361884260513,0.2941176470588235,True,5
0.55314499896863034,-0.82979218251399678,0.073996918548354829,0.81685000005123554,0.55767165332182855,0.14750730320087496,-0.16366639096738961,-0.021148544156898534,0.98628903043061023,0.60518156307172521,4.5467493458316639,-2.3411368296522945,0.4991113084411998,0.4613819795136708,0.9666666666666667,True,4
0.98887261969770968,-0.11243186779457241,0.097416718875216274,0.090380842869895353,0.97418189386152088,0.20688388268424435,-0.11816194503441634,-0.19577720188164066,0.97350348842162815,-2.7878607940474716,-15.336807450064091,-0.014439324783894552,0.6158210360202995,0.5737785923066738,0.8349514563106796,True,5
0.31086041202556758,-0.9487679454680511,-0.056614396469700234,0.94156182515132203,0.29927519676109732,0.1545822953035659,-0.12971944207791941,-0.101359470479776,0.9863564893541551,-6.3580659141451044,7.9245906505509849,-2.2564147761510145,,0.2866486009394368,0.2307692307692308,False,5
0.66875153796654896,-0.73965951129791618,0.075333842420937117,0.72268492531878792,0.67049600158585243,0.16781421445861519,-0.17463641998264007,-0.057783381727894954,0.98293601094462635,-9.1437629296705918,15.553912159095846,-2.695387243904324,0.2567919383529878,0.1760260374599175,0.5217391304347826,True,5
0.86738818633098669,-0.49743453415784455,-0.014022069769121043,0.47414746426176185,0.81757149331896639,0.32674307252998824,-0.15106924355269449,-0.29006160990273067,0.94500917779302718,6.5295514707666786,3.9347614027493396,-2.5692266172220322,0.1584814523618403,0.2047757734849772,0.5,True,5
-0.27207929934683722,-0.94673357989351281,-0.17224512640114428,0.9510423542625499,-0.29183010464976539,0.10175279071776004,-0.14659909708343852,-0.13612758251772133,0.97978466308276135,13.075356323658982,3.3854276185097398,-2.9336506786792063,,0.5824262732508967,0.4358974358974359,False,3
-0.28175537097942083,0.89483078535243354,0.3462539191255411,-0.94637727927696791,-0.31862848961907819,0.053347266765882251,0.15806313989217771,-0.31265596298265735,0.93662281235234401,1.7596018075700928,-12.451847700337881,-0.65403015667412068,,0.2099544691954075,0.2758620689655172,False,3
-0.54070188754701498,-0.82512844516259887,-0.16372085324309429,0.83517444077633329,-0.54983496612532656,0.012851595227827708,-0.10062366658512285,-0.1297865902530487,0.98642299178063209,-12.02166415398769,6.5893253527995048,-1.6852894676005601,,0.5309508018284916,0.16,False,2
0.1521104301325413,-0.96773480118093635,-0.20087750403712967,0.97839037118773053,0.11863305268341093,0.16934721839507977,-0.14005248520475827,-0.22229609396997702,0.96486773601031062,-1.5267248422301567,-8.9828659848944117,-0.87459031705003587,,0.4015348245836376,0.3793103448275862,False,3
-0.81877679886843202,-0.5636977745543168,0.10885482349107986,0.56505472609690144,-0.82478809731994118,-0.020922500684842832,0.1015761298254628,0.044378074337020498,0.99383744967062837,-0.14047202216094096,-3.5444032654730506,-1.5127357389389364,0.308249623979468,0.3274487486309481,0.9305210918114144,True,3
-0.9448477905508651,-0.32202810002392751,0.059670390363469585,0.32396856044702221,-0.9457082410437242,0.02608245893067207,0.048031495219632743,0.043975284160144262,0.9978773220441487,11.634211004210888,-1.3476242375353029,-2.3516350364911633,0.2386911091666126,0.2265066251645611,0.4642857142857143,True,5
0.52712290180849497,-0.83974291673499901,-0.13028154198653372,0.83133387148893101,0.47780141150023103,0.28388343608532851,-0.17614039997745495,-0.25794891928787755,0.94996679654290983,7.4594444704354395,2.9564939417527851,-2.5429948137664224,,0.3752211616584114,0.3,False,4
0.45979273842066803,-0.88298370082080235,0.094500908886752985,0.87342585688006591,0.46888287779967514,0.13143865276096228,-0.16036804615928058,0.022104999233071139,0.98680973788261728,-7.5679359667067976,6.2362743873424717,-2.0089830724791775,0.3727502228690315,0.3081526052817259,0.9487179487179487,True,5
0.51284641241723539,0.76753549521399389,0.38454885366801084,-0.85745241106505854,0.47988236719977972,0.18571019468369285,-0.041999047959331313,-0.4249731488427782,0.90423111134994949,9.7782614181381131,6.4377768423851558,-3.042329771139741,,0.2751342103907291,0.4230769230769231,False,5
-0.98886671197087483,0.035714355056894978,0.14445452848138809,-0.044153214714940284,-0.99747413316249389,-0.05564033880259267,0.14210249676288769,-0.061399010697249443,0.98794586992362665,-6.3057257881296804,12.781298356281152,-2.7928298970372389,,0.3748087247064244,0.2857142857142857,False,3
0.58438645494420394,0.79175377263744418,0.17781573269010331,-0.811449519498741,0.56841243695043941,0.13585646405425,0.0064921940056262492,-0.22368116826061898,0.97464074734363337,-16.526079573775775,3.2839170629294219,-1.1445305423882639,,0.230841517929724,0.5517241379310345,False,2
-0.54900310679942488,-0.8349649064251371,0.037804679115690562,0.83477631305328526,-0.54549621970541573,0.074715336124945325,-0.041762374091302179,0.072577402306517033,0.99648804548007264,-8.2472611421235271,-26.401259926210273,1.5313052408796259,,0.8289881463292629,0.9692307692307692,True,2
0.46927025380012366,-0.87949907780212833,0.079163129318983408,0.8681570945532644,0.47589323634161829,0.14081508009135807,-0.16151993089152325,0.0026457039719566186,0.98686590384676431,-6.7333830540299724,14.507806794072993,-2.8658621896361804,0.3210340829854744,0.308283604955003,0.9204545454545454,True,5
-0.30692105013981835,-0.95164073933682591,-0.013392991283905135,0.94307172111508208,-0.30599154476361667,0.13032614229774853,-0.12812180850311358,0.027369285113704657,0.9913807161823639,-3.2734637489148106,10.709530823687933,-2.7392424724209605,0.2559589946850201,0.4407107428295248,0.6739130434782609,True,5
0.11978340228730443,-0.99160414774503691,0.048714994727685708,0.9834813762061122,0.12522333962308391,0.13070385560255848,-0.13570673967128702,0.032254137540514816,0.99022388954180873,2.9065216163291736,13.525801121310735,-3.4701599039377369,0.5044072032385053,0.4408758005435252,0.9583333333333334,True,5
-0.99235180616397844,-0.058664418986786905,0.10861113546976583,0.069239581758966287,-0.99294075373027424,0.096304412668363704,0.10219478030179688,0.1030880474473049,0.98940845021283752,-5.2247325249890038,12.168375130208728,-2.8099336103722723,0.1899480639389787,0.1587019608699753,0.4666666666666667,True,5
0.95717560861249418,-0.28084126567199352,0.070306740594726747,0.25604737112547782,0.93454003541926756,0.24713289125142027,-0.13510957781383717,-0.21854771949006288,0.96642759495404496,-9.0249999564523122,-5.3454061176718355,-0.88357534698929263,0.4354091515664414,0.4560861407164932,0.7846153846153846,True,5
0.83039410938460179,-0.55704785623517583,-0.011971172171094002,0.52184664971425498,0.77003138443707075,0.36705277708244766,-0.19524778431870318,-0.31104558001316168,0.93012308318464731,-5.126269666157742,6.7176582314580351,-2.2053624621932175,,0.6196735600163922,0.1346153846153846,False,5
-0.10072985354824861,-0.99191762098196512,0.077155231770932906,0.98877371998185948,-0.091204344818084426,0.11835665659158742,-0.11036316087075146,0.088211114219138853,0.98996907631038367,8.8287644576796929,12.469303197914467,-3.6570398551973318,0.3016476085556158,0.2758903356266955,0.7285714285714285,True,5
0.2580570371096646,-0.96481973943905996,0.050293498455813518,0.95485902570577885,0.26262905334312808,0.13881722288067352,-0.14714213069814977,0.012200439698474633,0.98904011174712825,11.966561557578652,8.384650483215415,-3.4111722920153356,0.4907626860934206,0.5090455882209577,0.8222222222222222,True,5
-0.83935962715479562,-0.53352364181880529,-0.10405738764240559,0.54350172601554525,-0.82054804513369117,-0.17693721893768319,0.0090161034092292383,-0.20506932790565624,0.97870592142463142,7.2447749723938282,6.2514711888437944,-2.8982575878194061,,0.2643628987308176,0.2,False,5
-0.28889420047319153,-0.9525013455593957,0.096339647292768227,0.95389114229830152,-0.27782604545212947,0.11359743444845991,-0.081436045936650631,0.12471517620550779,0.988844929827843,-2.5431133283186886,-2.279738126787004,-1.5602021042221379,,0.1140806157293538,0.5058823529411764,False,4
0.66942696206623076,0.64885772346301163,0.3617335997127944,-0.74268238680849807,0.57337877708016982,0.34591856023995315,0.017041560468768958,-0.50022038412728398,0.86573041561466613,5.7650364682179038,18.26511887012931,-3.9706997780022539,,0.6269842411694431,0.1052631578947368,False,1
-0.72902917761894181,-0.68411444816610567,-0.022447271340502062,0.68273280051483898,-0.72443090650170183,-0.095266913491975358,0.048911974826361206,-0.084777848023567151,0.99519864107778921,4.6305058050443852,15.600316846778552,-3.6662473562379061,,0.4162862500445006,0.4,False,4
-0.80877949122499115,0.52104155620643278,0.27274792626126637,-0.55931343186577209,-0.82480289491454339,-0.082877436465659343,0.18178069069176409,-0.21958114957018907,0.95850920665638761,4.7673261139554439,11.677748925339451,-3.3508156038689649,,0.3233807717697079,0.1739130434782609,False,3
0.07548351312294202,-0.96333875646812228,-0.25745034382006721,0.9905115839417562,0.042703032003633137,0.13062638759029679,-0.11484355151166477,-0.26486768648543918,0.9574215724183569,0.1322494572596718,8.007655600130235,-2.7407311819534446,,0.2572291490825561,0.3333333333333333,False,2
-0.73284057092655475,-0.67440556751958403,0.090121185648145308,0.68039081372381449,-0.72567055676623082,0.10232586986110886,-0.0036108453698937906,0.136306175726468,0.99066017798967687,1.5954943891561877,8.8434365387162508,-2.9367781003728894,0.3589638964678984,0.3537652464035195,0.9717741935483871,True,5
-0.87575817413699997,-0.47400420292978945,0.091474783613430533,0.4811435521304675,-0.87247660158528562,0.085354917429917104,0.039351018735289366,0.11876276896017038,0.99214258150399393,-0.20896957231907248,12.523735013677713,-3.2218195153038258,0.2687213064744863,0.2431343124623063,0.7746478873239436,True,5
0.91801931600170228,-0.38609106433470275,0.090411423441182581,0.36675140442545356,0.91339714400024496,0.17663256971507538,-0.15077779279364018,-0.12899359431029853,0.98011566145388462,-5.4446022709881152,-8.8899445891161974,-0.70716609050409651,0.4613021543251792,0.4257472362456189,0.8323353293413174,True,3
-0.87444497693798162,0.45383422876237495,0.17140733680794634,-0.46079006334506545,-0.88750871162124279,-0.00089683825309802567,0.15171848875592953,-0.07976703329109,0.98519983788546917,12.584056338353687,5.6841399119561373,-3.1585393886883342,,0.2322332755211144,0.3846153846153846,False,3
-0.43374162527434396,-0.89919190547567607,0.057637831598631208,0.89883594597295968,-0.42732701519990074,0.097393861753386018,-0.0629455695920242,0.094050726777444305,0.99357552106589719,-6.4732183148638773,-2.4411708756768662,-1.2933341044229363,,0.2023759188593261,0.131578947368421,False,1
-0.94654269107090716,0.23770966949216427,0.21806202560320054,-0.26502161515808914,-0.95844496307092564,-0.10557838918533322,0.18390344607767012,-0.15772560284842163,0.97020727513601901,-4.8434973154178032,-1.2558190166385639,-1.5553193852545195,,0.2557723457568508,0.2325581395348837,False,2
0.48058274410725987,0.83990846668643993,0.25217849562318084,-0.86997340164029202,0.42042305985221012,0.25766398891371139,0.11039251109000221,-0.34321745050760399,0.93274609361942928,6.7801864315004643,10.334450494147548,-3.334488133631111,,0.7861151502834614,0.1590909090909091,False,3
0.047717446042388853,-0.9755397631467414,-0.21458149002835969,0.99056424387901709,0.018585241688631481,0.13578316368300658,-0.12847382648455177,-0.2190359772068837,0.96722164812282918,9.7879871870372508,-0.84309010368176285,-2.2749499976123206,,0.1276959071901532,0.6666666666666666,False,1
0.53859673002355979,-0.81407681439023827,-0.21723835453292006,0.82659090693846204,0.46055633006542285,0.32347386200946804,-0.16328207181004234,-0.35378921282157733,0.92096262568928888,11.044409482988796,-6.1682244621155506,-1.7816238126031396,,0.3475890797280689,0.4117647058823529,False,1
-0.22663002486166761,-0.9739256233338458,0.010378441355959167,0.96933756548749594,-0.22449753637144734,0.09992767533533678,-0.094992188973481717,0.032706824623156251,0.99494057493756671,-5.0548867052473074,-7.1450563648114587,-0.88484930889391622,,0.07307428502883077,0.1136363636363636,False,1
0.9036411761755383,-0.42668881574906148,-0.037003773250192121,0.38613701508381126,0.77427861475258264,0.50138890326670082,-0.185285807071812,-0.46736418481895248,0.86443038380557979,-3.673273438170241,5.3802222286695596,-2.1813238994063466,,0.4341879477961229,0.609375,False,3
-0.39812330623650544,-0.91733189150028349,-0.00018403213513164263,0.9130043723517991,-0.39626460475984232,0.096940079848451155,-0.088999152230859246,0.038426082952067786,0.99529020242899491,-20.107562018201062,5.3677908861163521,-0.90814382527666349,,0.2894072366562706,0.7272727272727273,True,3
0.94388324582485184,-0.31689545800796548,0.093068184386841529,0.29766394898283366,0.93830063752594961,0.17603433498707238,-0.14311041795441204,-0.13845281619496749,0.97997460475289633,-2.5265032415193756,25.037050519133828,-4.0186584409448178,,0.4292228268052799,0.9285714285714286,False,1
-0.95230962622399418,-0.3051269896647415,-0.0019738235102672169,0.29448524750073973,-0.91736404112597214,-0.26780898986675983,0.079905036171351446,-0.25561834094438324,0.96347000418658413,6.9815751256637393,10.978039352652615,-3.4281061087537883,,0.4714037038698251,0.3508771929824561,False,2
0.61692791458330232,-0.78498141958311751,0.056604938982120753,0.76845500516488363,0.61634495226159913,0.17203431302703692,-0.16993190767167593,-0.062634421294677445,0.98346330690277628,11.318271164395089,13.484840892328293,-3.8817788821036601,0.3661197182200844,0.3226493924125436,0.7428571428571429,True,2
0.90309899834381024,-0.427435696389041,0.041363324852114129,0.4018315770412294,0.87509980501609086,0.26968818096712716,-0.15147139295248002,-0.22693403603958309,0.9620589173246199,-6.036082347273485,-4.0622038975464099,-1.1325609009233415,,0.2028874618548171,0.2558139534883721,False,1
-0.14964213225975265,0.92927928880484323,0.33770880304060652,-0.97899258694135605,-0.18709854844775928,0.081041025922755444,0.13849457378044081,-0.31848726280199324,0.93775536067050425,4.343936867978841,-5.4495690551917804,-1.5058798074991191,,0.4197264752717509,0.3076923076923077,False,1
-0.93803990940805515,-0.34038087235144149,0.064976842759539077,0.34031683721171319,-0.94022915747399161,-0.012392810252829289,0.065311397687865425,0.010487763013053958,0.99780981562572213,9.2084254505483916,16.560487913851262,-4.0146453574784307,,0.2358312082945049,0.6744186046511628,False,3
0.037221018182882808,-0.99863301032477914,0.036697499848061185,0.99108658161954133,0.041590567063697043,0.12656070663919239,-0.1279139692884288,0.031659681315342726,0.99127981974813195,15.415360644967214,-2.4430756042662267,-2.6020937066176155,0.360333012165543,0.2942112410563512,0.7872340425531915,True,3
0.47061465646557887,0.8664200362647787,0.16684773261487396,-0.88073030263268004,0.44986850426063124,0.14809612722434701,0.053253912009660925,-0.21664406207704323,0.97479709233379708,-4.9312985965967506,9.5211942229269564,-2.5572885726414301,,0.6029804121366638,0.5,False,2
0.97728896781553554,-0.20363335374551594,0.058649216775671399,0.18120169103242872,0.94652040882174404,0.26695517011458669,-0.10987365722972153,-0.25026500539682578,0.96192266140303251,8.231061658327679,-8.6088154936023731,-1.3672556174727293,,0.5306291680804399,0.1363636363636364,False,3
0.088656252419624187,-0.98925883760246058,-0.11621971060166625,0.98616662254409015,0.070769808935432638,0.14989004877984138,-0.14005520871031091,-0.12790068947691227,0.9818482327449799,-0.8857957181803644,-11.79650523585727,-0.5589399384646716,,0.08798336039989411,0.1111111111111111,False,3
-0.20773666517347872,0.83332623114831694,0.51226250148019192,-0.96692830593467871,-0.25415471328463146,0.021331500123036543,0.14797002779243618,-0.49088977805139561,0.85856397355104341,7.7793245673749745,0.2054076952217789,-2.2770520477725302,,0.7756532805943901,0.4654088050314465,False,2
0.41632916105595114,-0.9043158068195154,-0.094249409498501482,0.8947405408125032,0.38907227507238434,0.21923076744961675,-0.16158401616805099,-0.17560092911589958,0.97111014793000472,3.7456840740492989,14.301513299994681,-3.5336691701269789,,0.2155772555340743,0.1,False,3
0.93020255453845968,-0.36656231992179722,-0.01884869076816071,0.33658216742784575,0.83138775864357028,0.44216155344759933,-0.14640919404087085,-0.41764393972757541,0.89673735703891133,-13.834758171044802,2.842449906633298,-1.3208898233600157,,0.3473796003605643,0.24,False,1
0.081292757905445365,-0.97956751539223452,-0.18395371782165898,0.98688487805916014,0.053284895528577791,0.15237768001470758,-0.13946227077701953,-0.19392834423258606,0.97105204409080148,-6.3048495592152882,2.852261821287589,-1.8238811210164807,,0.4532380442368136,0.1851851851851852,False,2
-0.57062008521609897,0.79347277602953126,0.2116451559756537,-0.81876832336242966,-0.56957795340877715,-0.072106779493626566,0.063333648294137207,-0.21443392616527773,0.97468299477476072,-16.289453958603755,-18.087302470741701,0.80796488275659228,,0.3495447753884151,0.3846153846153846,False,2
0.52230769946539557,-0.82887153871424424,-0.20041616548733726,0.83774727032487406,0.45484068792014137,0.30215800448698327,-0.15929274353337386,-0.32571754776464584,0.93195166233866278,10.388410113030131,7.6438999143572115,-3.2434669466537263,,0.2423471389694287,0.2777777777777778,False,2
-0.66155855053352863,-0.74494928732032151,-0.085970015336290936,0.74951298411141443,-0.66051500694547638,-0.044161207504104488,-0.023886625219565458,-0.093650867165033208,0.99531851395161808,3.2127484566229172,-15.984151537307422,-0.30782806217140402,,0.2540950514294132,0.2,False,3
0.50204991593555626,-0.86160728902836525,-0.074691106580990485,0.85855186334956202,0.48614362357643642,0.16295114358287902,-0.10408928786429972,-0.14593579666813722,0.98380290882002375,6.0946367449739087,-7.7376746540176056,-1.3395261430277619,,0.7083194334362911,0.3802816901408451,False,2
0.16720843830984833,-0.98349760123088503,0.069092738627701988,0.97600024983193145,0.17503570094434284,0.12956085721748428,-0.13951648822267715,0.045770861560788703,0.98916135071382238,18.877290631782238,3.7313026960322313,-3.5342006899713905,0.1791457365503751,0.295864440434655,0.9074074074074074,True,3
-0.91060104599156755,-0.40038074551109337,0.10247435612407575,0.40830539985117575,-0.90991322147272835,0.073106975327207779,0.063972146215632783,0.10841212115396764,0.99204555162324226,1.4555406078489384,-0.92079138155654516,-1.7543847663210881,,0.3975826564734857,0.9428718476582604,False,2
0.37795817407385918,0.76412815634752296,0.52273872950804878,-0.92300153629850079,0.26695318394454554,0.27713563749990072,0.072220375527694447,-0.58723432993891322,0.80618860020458849,-10.251469532376388,10.798159919895753,-2.2514991980238075,,0.207513329005532,0.2105263157894737,False,1
-0.66484800292502,-0.74655930959885608,0.025026591016214451,0.74591449595395465,-0.66174036958088478,0.075572799291231313,-0.039858471274895155,0.068912121707533802,0.99682617428987852,10.993001855001934,-10.5155617770197,-1.3465434593791838,0.2809164230612898,0.3401622835887494,0.6904761904761905,True,2
-0.80531784126981376,-0.59283101915881664,0.0038153971804548437,0.59225518193435744,-0.80421569045614227,0.049708376517951222,-0.026400265234023335,0.04229073122172574,0.99875648686168927,-15.65506500207117,11.379778077872723,-1.9050350229691868,0.2364137314717037,0.2062555971356145,0.375,True,2
0.99402552341080175,0.029820064953387532,0.10499534529709231,-0.056280685754636489,0.96424436832253824,0.25896965569204322,-0.093518678449108494,-0.26333165758116378,0.96016180662255413,-5.1650867937665979,20.471462678646692,-3.4027787799193545,0.386223878294742,0.183956923391308,0.5714285714285714,True,2
0.09983485032463113,-0.98790807583586782,-0.11861971319697216,0.99468172968988811,0.10212482279123994,-0.013370758803842586,0.025323097792158123,-0.1166539937941744,0.99284973004482291,13.78432449716521,-0.23708950366933329,-2.6108209269926115,,0.4498058130176107,0.3333333333333333,False,2
-0.37892884874347371,-0.9254257381518407,0.00036160208290805795,0.92088019181295977,-0.37702887114779876,0.099140822306166609,-0.091611134238541142,0.037900309855425307,0.99507334734500397,6.7532801703347989,-23.426901741322585,0.30504642485102546,,0.266537010539701,0.36,False,2
-0.5543039098420155,-0.83217124273239507,-0.015433674321917043,0.83131592329678028,-0.55445177736611784,0.038691888668995603,-0.040755505236418299,0.00861680594961,0.99913199300600419,15.3276273069641,14.671283936829303,-4.3088607649497535,,0.2029589864652519,0.3125,False,2
-0.51565540922967135,0.81632023372158169,0.26023215587033532,-0.84124050536082007,-0.53998891316708209,0.026951545352836934,0.16252357082113464,-0.20502012016720739,0.96516984995086308,0.33470110965470612,13.440702283247383,-3.3650300116115286,,0.2435168598459905,0.32,False,1
0.59556588664308774,-0.75102607167292001,-0.28506335144065004,0.78624687125712256,0.47223624411320259,0.39850820215428717,-0.16467280317471764,-0.46146805893084136,0.87173969651564154,-1.5323341156353611,13.167511431246423,-3.1929216187433034,,0.5058751042681984,0.1875,False,1
0.90165413546977868,0.34012404680763425,0.26708697604609105,-0.43171427898404596,0.74412539488093832,0.50980405845243482,-0.02534958207805537,-0.57497219887268169,0.81778014723517334,11.219056208425558,-13.592421207548016,-1.1163587951244707,,0.5466482277550824,0.1935483870967742,False,2
0.52010184250045688,-0.82238029619332353,-0.23061812994778094,0.83846862033297587,0.44018773388246352,0.32125555505911113,-0.16267896650933714,-0.3604516713408375,0.91848252377660999,14.620957376370798,7.6231698707861906,-3.538312938967743,,0.5432935709713801,0.35,False,1
0.53195522190182287,-0.84360520224865243,0.073170380827172296,0.83092155828869263,0.53668617736955726,0.14675595726083374,-0.16307362098903003,-0.017268750952610171,0.98646276380716147,-5.9391618194845579,17.698713637814596,-3.1364907720251258,,0.2483973524257298,0.5882352941176471,False,1
-0.92470175215857342,0.32488948413875973,0.19842755013081015,-0.35092558112834871,-0.929502843979232,-0.11347113969750502,0.14757339212946011,-0.17456026503924216,0.97352493948785634,13.04847111045609,-8.6077984349684833,-1.7342488637007942,,0.3853670079570675,0.5,False,1
0.94640168355003129,0.26464690870409052,0.18516443256477555,-0.31593810787636867,0.87766501166692024,0.36039872264924144,-0.067133936017237689,-0.39958245833503936,0.91423568822583146,11.386290371094995,-2.9482697153991166,-2.1614247941506157,,0.3489807147417088,0.4,False,1
-0.56566087752765637,-0.82436773189251811,-0.021109577187324612,0.82372562664832527,-0.5660537061415043,0.032546793487093897,-0.038779680729295003,0.0010219480677107762,0.99924726268560826,-7.9592660527971777,4.3872374111541212,-1.8370483998308946,,0.3034344713925483,0.2592592592592592,False,1
0.67307386966208327,0.63162033942831186,0.3847431777154367,-0.73939730264813663,0.56327620648110566,0.36879742955844241,0.016223280024955294,-0.53270598084939702,0.84614487125581106,-8.9104054728208162,7.805138641595458,-2.041287200148453,,0.3680910929447706,0.2580645161290323,False,1
-0.59400402987428569,0.77532336544233604,0.2145527708799832,-0.7874333900744418,-0.61495476575106678,0.042181658050895673,0.16464467403770056,-0.14388994085487899,0.97580111510071499,-10.267983834136322,-2.9174075455704735,-1.0761874008006787,,0.2757712084069771,0.1929824561403509,False,1
-0.25899235218627431,-0.96019742634684513,-0.1046129243732126,0.96163990814437084,-0.26647534650030341,0.065112032464277936,-0.090397171267173781,-0.083736444541417737,0.99237924166240754,-6.8541824363883599,5.3168839634849538,-1.9816041367696164,,0.09989791589424621,0.6428571428571429,False,1
0.97141387184226091,-0.23138267795335085,0.053076792815338433,0.19623033796600126,0.90847845188277654,0.36899939962880901,-0.13359919181707414,-0.34803585850858598,0.92791287152297586,-11.847895219538675,5.6825824166171639,-1.6106866048737731,,0.5819135168617057,0.2631578947368421,False,1
0.38451504115497315,0.91413079327034041,0.12850321365836218,-0.92037217719614328,0.36890797982127649,0.12969949062126443,0.071156437297127326,-0.16814218750546256,0.98319121548763722,14.394783806214129,-6.9024802207057503,-2.0031229817179637,,0.07596402966601332,0.3333333333333333,False,1
