axis_00,axis_01,axis_02,axis_10,axis_11,axis_12,axis_20,axis_21,axis_22,location_x,location_y,location_z,dbh,dbh_approximation,score,reconstructed,number_clusters
-0.29717435058177855,-0.84815590632137161,-0.43854186109021587,0.95127065869067151,-0.30257659606840193,-0.059426739990298523,-0.08228936304598343,-0.43483210792653182,0.8967438311165874,-4.9233594898869351,-7.2374900282650376,-2.4114525488339367,,0.7331871286556292,0.4057971014492754,False,1
-0.71435912539187629,0.69977106584046167,-0.0033904840154589319,-0.69977730842414843,-0.71436022815002864,0.0010876819823591385,-0.0016608985547313521,0.0031495793282155515,0.99999366076293061,3.9490620306739066,-11.706857097916238,-2.0534008999593745,,0.09867387742706044,0.5161290322580645,False,5
-0.99093803066337449,-0.11596861162785838,-0.067772416971072127,0.11498922921081009,-0.99320016459476546,0.018190937700836504,-0.069421153480028752,0.010232993991929871,0.99753495642181078,4.8481533466984992,12.339646097328529,-2.5064777457481293,,0.106102150259409,0.3829787234042553,False,2
0.2798474469022405,-0.87717420262116297,-0.39019331711117566,0.95989967315360658,0.24859375059171041,0.12959075833694172,-0.016674049954790982,-0.41081208042445777,0.91156755681377311,0.59125166696340636,7.61863256326534,-2.5076013787363221,,0.4983973156264714,0.3310344827586207,False,5
-0.97337612386397043,0.2246965677641041,-0.045281054830732262,-0.22371761054265321,-0.97431503214683768,-0.025703090588343649,-0.049893408629178286,-0.014888605298624163,0.99864356865080905,-4.0185230486905725,-12.023960683862516,-2.2719066884583201,0.3184000082933124,0.2811499298551,0.2857142857142857,True,5
-0.98847600471031249,0.13586814786021575,-0.066746044893858103,-0.12603695886757238,-0.98290026863258706,-0.1342451001765145,-0.083844338576628014,-0.12428559175955643,0.98869773872990341,-2.1832861036816569,-12.450374934610922,-2.1937854389444684,,0.3129158967311098,0.2325581395348837,False,3
-0.61396129621219231,0.78862695095112956,0.033452339035851555,-0.78690732276162956,-0.61484428989883178,0.052377137788601633,0.061874002113725207,0.0058336448577581829,0.99806691982557172,4.4717154520617823,-5.6196897794363174,-2.1784009362951635,0.1769664987934293,0.2757160918996314,0.3835616438356164,True,4
0.70563817817764407,-0.68778011016786367,-0.17039155365104375,0.70856325901645423,0.68370579436344636,0.17459809485166131,-0.0035874043703660527,-0.24393627612827437,0.96978462749135874,15.502251910005612,-7.2135017902566956,-1.7117449690757309,,0.298220031301583,0.1818181818181818,False,1
-0.37503006311119708,0.92690724145701597,0.013979180854215373,-0.9262279004938706,-0.37529033649023813,0.03548294919758635,0.038135654046130611,0.0003592653437181903,0.99927250678625434,12.088767375779323,16.005255054691862,-2.2924809558287307,0.1968078841436962,0.1036277412687983,0.2692307692307692,True,3
-0.99554721224522824,-0.070922120251824566,-0.062095096825273005,0.071692429520146331,-0.99737397873156797,-0.010263629896921908,-0.061204115386574762,-0.014669676484089896,0.99801746319971707,11.397445077810413,-7.190233308295058,-1.9324672597976518,0.5425357204360061,0.4960398601221784,0.9299363057324841,True,5
-0.17915029733493262,0.95802090788858119,0.22383277466256607,-0.98229888555456102,-0.18683586206537223,0.013463286543644162,0.054718099410270872,-0.21745873331422474,0.97453457039876223,11.347332203702484,-4.7311838677200662,-1.9432107882112553,,0.4621551782072972,0.3125,False,1
-0.98179821709998727,-0.17804217225540253,-0.066130520925386807,0.17544993114297674,-0.98354105988112461,0.043177600556752398,-0.072729516437346098,0.030789095902466652,0.99687634589867657,6.9305282273383035,0.98327939504202755,-2.1582905670585584,0.6145061237868317,0.4756698002981654,0.8404255319148937,True,3
-0.39464128287967842,0.91767537797522336,0.046153640215169878,-0.91656808331428941,-0.39669704468099093,0.050342858390609424,0.064507414276583325,-0.022435583330895459,0.99766499292295019,16.508409389007696,13.076797166517554,-1.9588761680458959,0.1841104064144908,0.2445215434855453,0.7,True,4
-0.097693940752293554,0.99452649608367738,0.037053239100132668,-0.99489741932637865,-0.098537629607902744,0.02166703876786915,0.02519958249654005,-0.034747433556739329,0.99907837375414166,-3.664762515377296,16.603107439126312,-3.0503099478597373,,0.19571546139406,0.4390243902439024,True,5
-0.96517789372441842,-0.25505044585525477,-0.058145537530662594,0.25518755327546644,-0.96687769586641925,0.0051801437551486987,-0.057540821326906487,-0.0098382572175524548,0.99829467722508902,-7.7549464832209587,-9.5479855720005222,-2.4085699974436747,0.4057757288295882,0.4711519732252709,0.4516129032258064,True,5
-0.51414894801429734,0.83621764828221723,0.19076400068448346,-0.85762331312324525,-0.50421725281292062,-0.10122852736901675,0.011537419265141055,-0.21565019514748812,0.97640252011634576,6.5361589188934861,3.5101597317456488,-2.2157823607055223,,0.3699341377000009,0.1704545454545454,False,5
0.33421433492384917,0.94201356071311848,-0.03018658251608114,-0.93824649482042266,0.33557475108845691,0.084161163187719462,0.089410811922266575,0.00019458805511937682,0.99599481366465403,11.39822986566641,17.654449490829109,-2.4076942535064183,,0.1726235001968621,0.6896551724137931,False,5
-0.69260746969294318,0.7211939953100811,-0.013195228464174293,-0.7212965716423998,-0.69234448387515057,0.019757818315096706,0.0051135762886318492,0.023202085603119149,0.99971771743888083,10.093003596661756,14.66290262756651,-2.362979609724198,0.3041794275092987,0.1564747324378908,0.4285714285714285,True,4
-0.99114695394875851,-0.11622491775417162,-0.064183207859492289,0.11443213363558702,-0.99294889451930224,0.030948015518025188,-0.067327575849022728,0.023329409892511498,0.99745813754982326,8.3764413123642143,-1.3461295103982973,-2.0828970799967963,0.3973204296639054,0.379008837262173,0.9118773946360154,True,5
0.9570804129501661,0.28307926899071212,-0.062154731234429744,-0.26804089485665333,0.9461242616870188,0.18166716855733339,0.11023230847435234,-0.15721007892268871,0.98139381965322037,3.4282055589079485,13.633459066624372,-2.6027182512523441,,0.168924126886378,0.3684210526315789,False,4
0.91244358286796756,-0.40578197875573729,-0.052798615513511067,0.40920228233146827,0.90467478150399161,0.11881511623283256,-0.00044745701765284973,-0.13001740432643022,0.9915116108016252,16.204223399854566,3.9247960799175381,-1.8045721737237208,0.328082113467584,0.3447970316757725,0.8363636363636363,True,3
0.51675328162460055,0.85223336399706029,0.081635404209569287,-0.8501664786961548,0.49957381760698616,0.16626171917480653,0.10091087370341602,-0.15531997312591586,0.98269664775889898,17.605465612368306,13.472816595502923,-1.9238662160814313,,0.2027048713140344,0.1739130434782609,False,5
-0.94303995540923757,0.33261343818311173,0.0066289698860849816,-0.3315477798209579,-0.9380031486101803,-0.10112449205400154,-0.027417370361412438,-0.097562256725618884,0.99485169440729582,-24.017465662268947,3.4917262020040063,-3.2239981588230879,,0.2376482408566575,0.3684210526315789,False,5
0.87218778156059429,0.48820718791016826,-0.03069552686067737,-0.4815742684332453,0.86796639023990563,0.1213283536395891,0.085876059989928449,-0.091038931709208765,0.99213769973419108,18.827517631380054,18.156600321168472,-2.0246390504127127,,0.4414548585898892,0.6,False,2
0.16645016354878678,-0.97814537027886994,-0.12460328108277829,0.98436838657882331,0.15745766399558397,0.078904775224680257,-0.057560599013436506,-0.13578924350281044,0.98906423390503195,-4.1745593185612107,7.8295990419552242,-2.6436047484950236,0.6188096317097206,0.6281434945643063,0.9791666666666666,True,5
0.97492667272823741,0.21789489970577003,-0.045164095089575584,-0.209245772007079,0.9667281734116373,0.14714905922009935,0.075724432650296894,-0.13400914675652253,0.98808266804219325,-36.759756649496452,-1.4026468180601459,-3.7354738874624793,,0.3810993808274477,1.0,False,2
-0.74910590820157053,0.64006953902479991,0.17073758669396613,-0.66244656372300292,-0.7229333004283387,-0.19629567836143108,-0.0022109973055230159,-0.2601507800187593,0.96556547325727493,-5.8692276701063548,-6.0809170686463165,-2.4723008060235343,,0.6142884551943987,0.2413793103448276,False,1
-0.85853467242100112,0.51160263845419607,-0.034365048780245391,-0.51227724248857298,-0.85869938015328307,0.014401435785036446,-0.022141433541380727,0.029968564381227789,0.99930557992520974,10.689592617346658,11.721586044567861,-2.2116591053505945,,0.1010452330613601,0.3333333333333333,False,5
0.29158285867313705,0.92927540036495193,0.22677448446542769,-0.95104561447641345,0.25625472361328988,0.1727592423318037,0.10242888124539812,-0.26604651266730706,0.95850277901755776,-0.78033395160993035,14.978661659141684,-2.8627420417665985,,0.3629697606238847,0.3636363636363636,False,3
-0.95930715502685127,0.2819364754310984,-0.015543684755454652,-0.28012005109742044,-0.957165552075537,-0.073258875865724257,-0.035532228855869548,-0.065923666019273075,0.99719182255527539,8.5249717707127353,-17.155213046253611,-1.889138472930489,0.437750073500711,0.4305231693770896,0.25,True,4
-0.85885739217503521,-0.4921691767277121,-0.14189249939818857,0.50456060587915696,-0.86062481209337605,-0.068873273510851124,-0.088218903309647309,-0.13074568554414534,0.98748315976042633,2.6722506635987782,-10.32256034726376,-2.1259819628925447,,0.1707408074069728,0.5454545454545454,False,5
-0.39298098067524101,0.91350518037905415,0.10523418763955572,-0.91830222673413475,-0.38391911105061532,-0.096577101557434264,-0.047822266807998261,-0.13458975291877467,0.98974675003589019,4.924030273865136,0.65582304753828846,-2.1972619308467589,,0.3171213499896069,0.3432098765432099,False,2
-0.99391696792005957,0.089698557244280205,-0.063900154216467719,-0.085717570090514075,-0.9943549436091873,-0.062535944046171507,-0.069148818199384815,-0.056678169944544603,0.9959949929559706,24.516830930576859,15.603736956914307,-1.5923785400738166,,0.2869591951136649,0.2380952380952381,False,3
-0.17278827239450667,-0.98108831333410951,-0.08723493773800399,0.98440816098762607,-0.17497459897064849,0.018012836978687309,-0.032936082096719388,-0.082762377650067304,0.9960249009647425,16.496853397118425,5.8644311843201784,-1.7920404491780022,0.2847432152174916,0.3965935019314115,0.6461538461538462,True,5
0.45233820789429363,-0.858814194353825,-0.24047520715318615,0.89156754753334522,0.42870502604891542,0.14601133115540713,-0.022303673786035601,-0.28044639455123654,0.95961052824510873,8.152355586239068,-4.5677520423494995,-2.0809405290254706,,0.6019892775491398,0.2828282828282828,False,4
-0.88984438181422731,-0.44311827922451019,-0.10873438633092777,0.44819135063648718,-0.8935469202506926,-0.026427533466876874,-0.085448752877358924,-0.072250203650995978,0.99371948692983392,17.005652327922903,18.592679406803796,-2.1579693462800305,,0.1520708601865842,0.1739130434782609,False,1
-0.90989736511760655,-0.39707534792321225,-0.12007478096460583,0.40626347011682756,-0.91148565976047335,-0.064373013753043329,-0.083885504115262632,-0.10735483278677217,0.99067560890366801,24.293588419752449,17.692321556728754,-1.6930580154883033,,0.1752663486844047,0.2222222222222222,False,1
-0.71951045587487839,0.6940296776464443,-0.025050158336774687,-0.69448081325643618,-0.71909598534207708,0.024441028693296681,-0.0010506690268018148,0.034982430031090667,0.99938737518727738,5.6454647992473106,15.156954147490705,-2.5967039705938539,0.2071871365805873,0.1721427002520803,0.8571428571428571,True,5
-0.99127099841319732,-0.10802012516396374,-0.075587434567281314,0.11120811970477332,-0.99301939404518713,-0.039309504726683785,-0.070813570850722152,-0.047372308469083073,0.99636404118859989,-26.967680749004224,0.14853753525750851,-3.249270975572887,0.6644257363875099,0.5691398858241845,0.7727272727272727,True,5
-0.1832368134765596,-0.833538086465346,-0.52118953231875731,0.98003872271678294,-0.19648014690718407,-0.030325795075926303,-0.077125690678348235,-0.51634272560288852,0.85290199762596808,10.339099701830078,2.7892362676536746,-2.1093706842367923,,0.4581932043675455,0.5384615384615384,False,1
-0.68303971922260331,0.7298783488123407,0.027098669695714298,-0.7296463119956127,-0.68354660632271236,0.019501189089468275,0.032756699398863984,-0.0064523576832878834,0.99944252747460083,5.4471472811778598,16.647630051633755,-2.6815168201883006,0.1428499430010524,0.145111526906431,0.5,True,2
-0.15066450729539643,0.95332126277049878,0.26168449742217625,-0.9869516611722482,-0.16025995724518935,0.015593736342190946,0.056803386789654575,-0.25592052683095129,0.96502749141969668,-6.6021809781593337,-5.1018660367113133,-2.5099949198095151,,0.656263112382238,0.225,False,1
-0.98382196874446726,-0.16582268424077418,-0.067802442485102143,0.16514982163152206,-0.9861474594896209,0.015450713810166456,-0.069425285241312404,0.0040031903966291655,0.99757912179225727,6.449706512888703,-9.0491331884361337,-2.0898615108643015,0.3882883142286459,0.3482174131181498,0.4090909090909091,True,5
0.65060062430865828,0.75481222067436027,0.083530468511942166,-0.75141661166036888,0.62391126124453167,0.21472730104275978,0.10996319097786487,-0.20246789773417939,0.97309549737786116,6.8242818010986461,13.972680900305265,-2.5046598060335499,,0.2706133595675736,0.5806451612903226,False,4
0.76622163963154033,0.59985105719980292,0.23039771729909006,-0.63944956918083318,0.67646581049409282,0.36537413114096623,0.063313880269650194,-0.42728528690893136,0.90189724257054438,-19.969750872818956,3.2129161938662896,-2.9501135795448574,,0.3478202360215898,0.2142857142857143,False,3
0.31686248848030757,-0.93310566851156473,-0.17003521631018823,0.94417785398248888,0.29327919912689748,0.15005162914312886,-0.090146233660027858,-0.20808921824801793,0.97394688448900546,-1.4880455850898895,-0.66174750208825861,-2.3889688685885395,,0.4039595897245878,0.9848156182212582,False,4
-0.99802773586913263,0.024492826391371219,-0.057799134001262742,-0.023059012406553798,-0.9994127880353445,-0.025344842833507054,-0.058385960493668114,-0.023962065161060853,0.99800646242920188,-8.3889736828543668,-16.391719374879777,-2.3453584594180343,0.5991090652509147,0.4149772871656625,0.5,True,5
-0.52019246437141087,0.85394119758142861,-0.013573175177308355,-0.85373901854793555,-0.51950974772116032,0.035203838306420515,0.023010611030709151,0.029900720658404011,0.99928797585285745,8.7072336433964441,11.142321630380609,-2.3079272962423598,0.3364431750954059,0.2598526652213879,0.7380952380952381,True,5
0.53445486662149766,-0.83394185067674309,-0.13747358013249361,0.84519682989760814,0.52744550414842906,0.086276062060355027,0.00056060291635851023,-0.16230289536375359,0.98674082508068517,1.6875611692210672,13.74039758548429,-2.7061879899029688,,0.1589042524382648,0.1363636363636364,False,4
-0.99933972279956151,-0.011094626620423903,-0.034598088025913548,0.016544037524071964,-0.98674362833133933,-0.16144134157614443,-0.032348311506129351,-0.16190713760565539,0.98627565392999805,4.4273675800815528,-10.296531019207436,-2.073562706050875,,0.7160054990914163,0.3267326732673267,False,4
0.25943741862611752,-0.87108203796807226,-0.41702315157075648,0.96446822164901092,0.21136480295220636,0.15851173301105778,-0.049932707174862208,-0.44332945221625447,0.89496688293580129,10.708597824315863,-5.7643337162769379,-1.9751574888342505,,0.3676223174644893,0.2222222222222222,False,2
-0.99536343084577861,0.093931188269459925,-0.020701990368302094,-0.083145095699901986,-0.94846111281742485,-0.30579144941313785,-0.048358387028271832,-0.30265235724081307,0.95187342491562621,4.5080412991519392,2.2134699842779235,-2.2433939828412592,,0.1524223302474085,0.4137931034482759,False,2
-0.99048252381907587,0.12736243667288333,-0.052184094643286077,-0.12226145743355542,-0.98827703198795203,-0.09143655763045741,-0.063217924951840684,-0.084186208905204993,0.99444264600576771,22.074134099446624,14.758732114134242,-1.6791997541046375,,0.230650230420085,0.1818181818181818,False,5
-0.9707725381390645,-0.22512289641979236,-0.083188705378816896,0.22358360288351811,-0.97429673502153691,0.027499902690738823,-0.087241341786251383,0.0080965198658544558,0.99615430263057014,20.562694199132785,5.8782436438017154,-1.5717356922619297,,0.2938830341804935,0.9565217391304348,True,5
-0.34951601307019126,-0.85621392509882011,-0.3804422046440023,0.93312744394764136,-0.35465662970335443,-0.059091863730961723,-0.084331073509464408,-0.37565461460539629,0.92291488262266708,-2.6886407674365489,17.680001391841735,-3.0763704168815678,,0.3865066090262143,0.5238095238095238,False,1
-0.29036205229294521,0.95682331849939306,-0.013379677277044658,-0.95645802311616546,-0.28976151534386357,0.035018769857674534,0.029629860022378367,0.022965221562983119,0.99929708795413652,2.848497273909484,-7.5612782593061327,-2.1466718982093944,0.4102639162512166,0.3335918961300647,0.5327102803738317,True,2
0.17818732267756901,-0.88264320998631096,-0.43496004632846508,0.98247004338819499,0.13497302944757103,0.12858808329912633,-0.054789523467519224,-0.45024798187976994,0.89122099556249013,-28.742976247905816,-7.7624886778470774,-3.0340005961090619,,0.2968678977190878,0.3333333333333333,False,1
0.80709358021724376,0.55628797496022897,0.1978475213055749,-0.58361920464481698,0.70094071166508287,0.40996431881347795,0.089378838333596972,-0.44634718285780145,0.89038509399755872,13.881906120127105,4.0256427491722739,-1.9086032499097521,,0.2640399235887355,0.1875,False,1
-0.99749510977507283,-0.026832216665809299,-0.065448744247806362,0.024570663602953194,-0.99908107452149197,0.035118214975883411,-0.066330901282330032,0.033422128624324865,0.99723777147343029,17.100511074345945,15.837070202183797,-2.038761691366795,0.2477158132383839,0.2662751426886955,0.9787234042553191,True,5
-0.44924211266559333,0.89152222114797874,0.058048715809476042,-0.89288663326786766,-0.4502539814411089,0.0049811974466666825,0.030577513622388974,-0.0495931587601013,0.99830132438300845,25.50724324326594,7.7658153043100331,-1.326354784607642,,0.3310816356495342,0.5769230769230769,False,4
-0.3215955913654745,0.94667397706823775,-0.019612668255408444,-0.94554638539155578,-0.31997697550795662,0.05963864701470481,0.050182752886372875,0.037724213531715962,0.99802734182293751,4.0049715329941904,15.20684333290542,-2.6599994266037674,0.2401801043551975,0.1325054850417533,0.2777777777777778,True,5
-0.55386188831993355,0.83209609627053305,0.029207794131305698,-0.83126119000456455,-0.55462015203537673,0.037434221622075707,0.047348100900377915,-0.0035459170316077607,0.99887215589059852,2.1258411572327662,11.894431917198549,-2.6093756976234466,0.3942579091366868,0.1885111848867098,0.44,True,5
-0.95893622029301429,0.2791890297768968,-0.049948083670768723,-0.28051462622681239,-0.95960404582987147,0.021716806850298156,-0.04186728893753161,0.034836200699509642,0.998515683020474,-1.0956807955218859,-10.917144852861716,-2.2506942285461937,0.348242915604179,0.3297607502686281,0.8133333333333334,True,5
-0.95370886605426475,-0.28988434282304104,-0.080040406018104152,0.28976188341762965,-0.95700500281520817,0.013396846827977121,-0.080482605125315229,-0.010415967200304896,0.99670158919283625,1.3585612483401908,-12.385125231208599,-2.1666655599943727,,0.1953197728722096,0.547945205479452,False,5
-0.17173763421646629,0.97521120084417001,0.13953242899699975,-0.98371907796419555,-0.17737238088839777,0.028910450485141896,0.052942994276900329,-0.1322957000285826,0.98979537638389825,-15.341945804897531,3.6048548622620813,-2.8337283106668063,,0.2059367179516715,0.3454545454545455,False,3
0.88825991852089037,-0.44502748313793639,-0.11377546484710316,0.45790754756346608,0.87744880807986247,0.14284350557039807,0.036262860252228898,-0.17898080470023051,0.98318405017330524,-26.483443903913919,1.5886434815390729,-3.2858846586674648,,0.2179276225700669,0.8536585365853658,False,4
-0.99367868005143367,0.096308592991478037,-0.057683062741527937,-0.09566920487373648,-0.99531818618319223,-0.013751781405625614,-0.058737416099691027,-0.0081463592483340327,0.99824022799170398,12.64643351062889,13.454862005299731,-2.1798718543172133,0.4232633413903611,0.3857030408116368,0.86,True,5
-0.72980546965278725,0.67798525188696834,0.087863386507902236,-0.6835655961577306,-0.72573547615727074,-0.07775663570592789,0.011047724399135969,-0.11680760621869676,0.99309311291291147,-34.908240012493522,-2.5369625813045622,-3.5630258208013137,,0.4780514067869952,0.4117647058823529,False,4
0.44626191951703453,-0.81361831876897195,-0.37266007373009991,0.89489308981595772,0.40762283575222336,0.18168649254406505,0.0040812974187624425,-0.41457068774440337,0.91000796033579412,-3.1656402541299613,-13.47179192379269,-2.2241498872711949,,0.6051234628193467,0.5957446808510638,False,5
0.61439296993348946,0.78708962320233866,0.054874434334255387,-0.78377688835656512,0.60085817629604454,0.15704534777028434,0.090637011062835657,-0.13949687102365227,0.98606569517461851,15.361970658044216,12.93932600632672,-1.9989564546737209,,0.1463489624480742,0.1290322580645161,False,3
-0.95044302017247262,-0.27990292089893765,-0.13532339146530592,0.30060883742217526,-0.9384211959627945,-0.17029382205895671,-0.079324600655267835,-0.20253398193883976,0.97605716732724224,-6.1561973287103564,-11.528063556355079,-2.3622802211075951,,0.28466290335284,0.2352941176470588,False,1
-0.43808000191550445,0.89888337521013495,-0.0097257232402894814,-0.89862974429552755,-0.43762274321800104,0.03083694676367621,0.023462621103913978,0.022248873885810004,0.99947710980379478,-4.8439070946055587,-3.890511451466578,-2.4976350415353021,0.4056598861207867,0.3210612102991958,0.5344827586206896,True,4
-0.13268051043428103,0.98813229165549243,0.077398038337951655,-0.98921875577177476,-0.13689992900532216,0.052006371414272126,0.061984960919888234,-0.06966335927876427,0.99564294854820168,19.887339152402706,14.177373332679965,-1.7708635118575802,,0.1807496392731317,0.3703703703703703,False,3
0.83986745889201841,0.5216113143436637,0.15014755490163118,-0.53557804729760738,0.7514212647014562,0.38538583031469265,0.088197543883856144,-0.40408875226011759,0.91045783732675711,-9.7297386031583617,-6.2114278936147906,-2.4828882272605775,,0.741858190045442,0.1351351351351351,False,1
-0.79318542407487913,0.60890529252877335,-0.0095513227147417112,-0.6089757853717066,-0.79314182598325578,0.008633464360153692,-0.0023185913967694455,0.012664462341292378,0.99991711432875208,-0.25290144231820727,17.754892548740852,-2.9730835336513728,0.2021543583240087,0.1422312180518516,0.4074074074074074,True,4
-0.96770512812732312,-0.24365857047516845,-0.064631927327582606,0.24132568863087336,-0.96954131535357235,0.041851521230403199,-0.07286080567023219,0.024902587344721307,0.99703117510969641,0.27328023646178712,-5.9599153874181932,-2.2689563175156158,0.3611982393686972,0.4278353972002478,0.7494305239179955,True,2
-0.22125445761586007,0.96265632173701432,0.15601048427869385,-0.97385370972015428,-0.2265529551672712,0.016813999205104586,0.051530738878890314,-0.14821121659556494,0.9876122813259548,-3.5609939386162042,-12.859773108884552,-2.2490591518896421,,0.2554777039078131,0.1428571428571428,False,1
0.50749786445429723,0.82077999006269775,0.26223296033680632,-0.85964802336270452,0.46155003948711359,0.21903615449975028,0.058746859515400929,-0.3365884266609907,0.9398175554515652,-2.684395110033869,15.556132072572087,-2.9437815833458387,,0.3643244719777177,0.2727272727272727,False,3
0.093870579916637831,-0.87929689116682697,-0.46693178453652895,0.99424248843032947,0.058451771645397513,0.089806818178693279,-0.051673865986402383,-0.47267363748771474,0.87972123084426668,-8.1259446783957543,-5.8967809217163705,-2.4464192099012205,,0.5816864159699274,0.3076923076923077,False,2
-0.93959801782778507,-0.33050966551111033,-0.088988346977746297,0.32878387386980529,-0.94379923041577141,0.033825684764132696,-0.095166849150646327,0.0025246129074328154,0.99545813430420371,14.246758591552249,0.65467582405310265,-1.8268168057992855,0.4176410255344804,0.3894116262625322,0.3953488372093023,True,4
0.99278579979199355,-0.09991859992797332,-0.066276912419067829,0.10672487728381888,0.98833253370397667,0.1086673980135317,0.054645734509885968,-0.11495684499285447,0.99186630524943364,-2.3741234703170142,-7.0944898098487528,-2.296441807920115,,0.2610127417836572,0.48,False,1
-0.15222911836275735,-0.96002934018976238,-0.23488286761130059,0.9882029381588574,-0.15187904049215473,-0.019690354831350843,-0.016770466204006091,-0.23510938525289143,0.97182422712613425,1.6987715854972025,-0.79893023466219892,-2.2467531924685682,,0.5189399434561672,0.4727646454265159,False,2
0.93287393566146692,0.35845564955164366,-0.035436809506401004,-0.35083869946063512,0.92650057209966408,0.13604740666313325,0.081599185806317448,-0.11448247553011327,0.99006834899023077,0.0090535826439426814,22.451909316889669,-3.1981212256205094,,0.1308413126305175,0.3333333333333333,False,1
0.55066321711088084,0.83459512370607014,0.014866095894486689,-0.8298691920307939,0.54545270131390389,0.11746690915965538,0.089928557417833024,-0.077021621090537409,0.99296552027013152,14.821562505426666,2.0898942198741337,-1.8538082383520049,,0.1165638138911723,0.2083333333333333,False,1
-0.99313864960572995,0.095598103598478409,-0.067354474592869265,-0.091793025313651924,-0.99411692359912429,-0.057494197251370109,-0.072454559298046436,-0.050917038427100235,0.9960711781969892,-12.399491700362299,-7.3983403385346094,-2.5929601198469348,,0.273906879641941,0.75,False,2
0.99805508709957846,0.015884764202823781,-0.06028032333086944,0.010700286442806316,0.90898369922792333,0.41669429850666651,0.061412921968388469,-0.41652888111647379,0.90704583357797497,-5.4259824679670787,13.893288157775837,-2.9906038824025476,,0.4709796720775761,0.3448275862068966,False,1
0.76487635017018318,-0.57131639153437019,-0.29759326221284993,0.64380034278585807,0.69376531230437988,0.32281699160982574,0.02202924372627028,-0.43850572653883663,0.89845836865905793,9.6793716871617441,-3.2605614202256588,-2.0347469926544135,,0.3114964861888443,0.1666666666666667,False,2
-0.24674361677472229,-0.84728793237294708,-0.47034109669058849,0.96600813437322697,-0.25366813676478395,-0.049807235569148997,-0.077109479998810182,-0.4666429427790153,0.88107802835438698,8.368508818460997,0.1094374630043435,-2.1246365636995566,,0.5877454321034515,0.5185185185185185,False,2
0.97233661269872396,0.23269133943327372,-0.02040225865729612,-0.22564485080576957,0.95827690727915726,0.17547014070870887,0.060381395399677643,-0.16601237763564822,0.98427332462144124,8.8873508458398582,16.420027424388113,-2.4728385469362721,,0.1741271941309079,0.6086956521739131,False,3
-0.15202544780308211,-0.97162493552185214,-0.18119946990106672,0.98556678585033852,-0.16283787303254077,0.046281073181917848,-0.07447398101957671,-0.17154827827289126,0.98235676532138805,16.215051266105036,-1.314853147835779,-1.7781472488182095,,0.2405666766260958,0.2285714285714286,False,3
0.54564746205310077,0.83785381720520724,0.016426446653875507,-0.83318536733257453,0.54029730319981484,0.11781751914672778,0.089838693322488936,-0.077973105297082873,0.99289939270423433,-17.713444939797945,3.5427548184271398,-2.8992657099872061,,0.586038323410872,0.15,False,1
0.98969432014517744,-0.011640024090240106,-0.14272232660503931,0.058814383266748739,0.94178431781538252,0.33103348325806597,0.13056041127895107,-0.33601608377605213,0.93276319098176119,-14.475851904829211,-5.8006127478762766,-2.5988141678580563,,0.3229255875354118,0.1764705882352941,False,2
-0.66028977962393232,-0.6770428796669905,-0.32500822453656336,0.74925716450282243,-0.62342467605312868,-0.22350699033641785,-0.051294330733238913,-0.39109412215000344,0.9189201702293559,-4.4948430865036082,9.7134244083263432,-2.7345910349341045,,0.4449178162298091,0.4333333333333333,False,2
-0.445248471648646,0.89539875145426961,-0.0038567329021966246,-0.89493053935168032,-0.44486688809594488,0.034536670533504142,0.029208358910669655,0.01882890782717378,0.99939598958559961,6.5070567604734384,18.216688487520148,-2.685904018048237,,0.1773796919200534,0.25,False,2
-0.96764240274805247,0.24859261428434865,-0.043242253956626404,-0.24907914605380438,-0.96846349875875071,0.0061668933076232807,-0.04034550043169409,0.016738091146637747,0.99904558299393087,4.9369406028680878,9.9816033821294443,-2.4001745725660881,0.3031023702545081,0.2429348863353324,0.6153846153846154,True,2
-0.44099362112696922,-0.88018207249177149,-0.17551109762466,0.89324930995779395,-0.4494587220798052,0.0096191167117110968,-0.087351567732057725,-0.15253319773242205,0.98443045828756914,-12.901229732816786,-5.5508758956465769,-2.6462955827193699,,0.6464296220173436,0.35,False,1
-0.69197670546405654,-0.71395360581647471,-0.106950866461029,0.71624053029335499,-0.69750353461108094,0.022098008284526748,-0.09037556008238562,-0.061311238339336924,0.99401870716455443,-16.539806601037693,6.3430514252614305,-2.9768943693199659,,0.4310220191977814,0.5714285714285714,False,2
0.99094547987377368,-0.022874760139207157,-0.13230193220928371,0.065571986939918683,0.94232622046390135,0.32820970240833808,0.11716386152089428,-0.33391322162321224,0.93529385220834205,-4.0940822126359455,12.362001815046854,-2.8330468369179709,,0.4850958503138991,0.1666666666666667,False,2
0.15215020502845997,-0.93820548205862964,-0.31083884658281147,0.98673053295075963,0.12615455412316293,0.10221489038636486,-0.056684834413696587,-0.3222661972797039,0.94495043660414868,-9.4060425407478494,8.8212260430843372,-2.9207390488922873,,0.5160273655590311,0.1470588235294118,False,2
-0.89171344543449338,-0.43624691009323574,-0.12056435901811707,0.44448644322148001,-0.89429903217015283,-0.051585296857208737,-0.085316663223917316,-0.099588525913543141,0.99136430865888259,-10.877392628477102,5.4937650888040261,-2.7804560933191778,,0.4791017932235367,0.1333333333333333,False,1
-0.83173212427025955,-0.55027089847327659,-0.073645174657232776,0.54795757301390946,-0.83498467853645275,0.05042900738744361,-0.089242207691134529,0.0015889942698363649,0.99600868643984364,15.516240016425524,15.922182218655957,-2.1171236797244624,,0.135162888510497,0.2727272727272727,False,2
0.50420420774937758,0.86357509161803669,0.0040221915322881663,-0.85882587101694052,0.5009321949922485,0.10716836889792444,0.090533088756632296,-0.05748910468208538,0.99423275075961759,7.9500947536578375,18.148955261745233,-2.6084825552786706,,0.1647474597980343,0.25,False,2
0.37623542965930151,-0.85119111792187407,-0.36595161188330572,0.9257173918763516,0.32886542764086807,0.18680160834487672,-0.038655036498811413,-0.40904915508224421,0.91169324713950572,-5.4241911651347188,19.061947102306927,-3.3001245939838739,,0.1228042563447061,0.1111111111111111,False,1
-0.030796435990569335,-0.9568289612109655,-0.2890154295504358,0.99952424496884684,-0.028991351763060915,-0.010525456874000791,0.0016921139839721105,-0.28920207556463795,0.95726657532756776,-8.0185862254390017,-7.6404218580992591,-2.4407086776302509,,0.6233878549727426,0.2380952380952381,False,2
-0.81614280969897635,0.55505909319425784,0.16068701639842684,-0.57772427686102268,-0.77797597409085162,-0.24695757462122653,-0.012065409320392524,-0.29438543917754878,0.95561061060359342,-14.762711354044772,5.2280287818507736,-2.8830106513307623,,0.795272881972427,0.3333333333333333,False,1
-0.89276531396378767,0.45049122125020519,0.0052681837132693698,-0.4497491344772741,-0.89048814345092475,-0.068967981051114666,-0.026378214876690037,-0.063941582321857204,0.9976049638158857,1.3041773687631046,-11.274060785294138,-2.1995166380713895,,0.9100227992171379,0.7666666666666667,False,2
-0.34528600855605673,-0.92933589454394061,-0.13081424772416908,0.93471507656016772,-0.35303896826840503,0.040880466424687976,-0.084174211885509137,-0.10815859649696702,0.99056368803689721,-0.25662617048928876,8.366088229211222,-2.5537768956129066,,0.2416265716710191,0.1944444444444444,False,1
-0.17654362074838598,0.98426167961987288,-0.0078291765158765986,-0.98275994048476079,-0.17581936597609499,0.057187847713945458,0.05491128619363711,0.01779035074501481,0.99833273715176241,2.0930543373746353,-14.52665752269105,-2.1011550398515526,,0.5698056440343136,0.2272727272727273,False,1
-0.71121364483767102,-0.68600851541729424,-0.15351699636090521,0.69705884359718218,-0.71648022490343288,-0.027659643621794086,-0.091017141021202522,-0.1266822959110126,0.98775881466228388,18.882836459750038,15.428968258228101,-1.9157744468483104,,0.1375349706385229,0.3846153846153846,False,1
-0.99717438648814116,0.046242286806855049,-0.059202143904349136,-0.046558847580338458,-0.99890762722553972,0.0039781883605596591,-0.058953512567017696,0.00672333113224722,0.99823808792015933,-3.0985749708966814,-5.7852645302302417,-2.3497286699995428,0.6291806175716641,0.7329184610663703,0.4642857142857143,True,1
-0.78645709416748832,0.61626540752270187,-0.041257563240072903,-0.61759884555631328,-0.78545785211252128,0.04034387837446856,-0.0075435403584559885,0.057209352781366747,0.99833370420576184,7.132293908176246,16.641787677145587,-2.5875860994709057,,0.1461544438368187,0.4137931034482759,False,1
-0.090636537825297916,0.99515613119525648,-0.038069575195052045,-0.9940132494489835,-0.088058144811046193,0.06467938661048539,0.061013751981952052,0.043703977815814449,0.99717966505146804,15.177965145008361,18.754020097376259,-2.2640898146750938,,0.303675227141185,0.7297297297297297,False,1
-0.98708184165402879,0.15645775317782754,-0.034502309305840792,-0.15179254141034743,-0.98214880721376174,-0.11109790664441975,-0.051268530787197772,-0.10442553308042177,0.99321037338108309,9.1774905465753776,-3.8606067844243888,-2.0437468164396422,,0.1684536441894351,0.1904761904761905,False,1
-0.26208919101044525,0.91881235082974455,0.29511543490337627,-0.96383335967243633,-0.26453134993725441,-0.032379309487971873,0.048316774913422705,-0.29292836814329271,0.95491280251071775,-0.45192929032947066,-8.3333681489823341,-2.2785691458027886,,0.55119203938968,0.3043478260869565,False,1
