axis_00,axis_01,axis_02,axis_10,axis_11,axis_12,axis_20,axis_21,axis_22,location_x,location_y,location_z,dbh,dbh_approximation,score,reconstructed,number_clusters
0.73399487234158101,0.65277705842729028,0.18743969528165755,-0.67871164432865272,0.69505554503768352,0.23716722616134284,0.024536324683271438,-0.30129703168697708,0.95321459675544962,-4.9217244726817508,3.7838126286566478,-2.1995691903048118,0.6067933979431701,0.5235321803389034,0.9836567926455567,True,5
0.98793911992210259,0.0092102358787150354,0.15456864779961352,-0.046018529555944002,0.97059050583896611,0.2362971961593478,-0.14784650914056524,-0.24056026590091517,0.95930817165529814,0.86281547611293985,9.1100614529367938,-4.5845138554728342,0.283953448762124,0.2057391147359815,0.9097744360902256,True,5
0.59093294821498932,0.78722153380952475,0.17629664608414763,-0.80348003479891872,0.55476484350394628,0.21599954187814716,0.072236309384326944,-0.26929208142576422,0.9603456099175498,5.8020125131026994,0.022150649056800198,-3.0065850821105293,0.2797648966853752,0.3035812340379498,0.8391812865497076,True,2
0.98404481780218922,0.070740734563660035,0.16325300925266514,-0.12182312089338025,0.93662979830878723,0.32845661530229275,-0.12967237089084865,-0.34310402124346379,0.93030355628370676,16.162889879309333,1.0686156335493577,-4.9588482136205378,0.2700194071028312,0.1769765958052449,0.4,True,5
0.92177124847569103,-0.37680626130761519,0.091404632940265518,0.31949941238700774,0.87171007202157891,0.37153960195447733,-0.21967678750365077,-0.31327079623787468,0.92390666046769332,-11.505158505545836,-12.627911199685551,3.0517210383112703,,0.2558011990833174,0.1111111111111111,False,5
-0.15575700824891153,0.9376498210438875,0.31072909016973815,-0.95740383942570129,-0.22073057349077541,0.18616095772035093,0.243141198965279,-0.26849735012248832,0.93208987246022978,8.634321232670116,5.0992268982148863,-4.8089090865250919,,0.3342506745912476,0.1739130434782609,False,2
-0.21497140244089616,-0.96248103267623497,-0.16558248056809166,0.96250082715691498,-0.23752213681726048,0.13105492071653418,-0.16546738003258754,-0.13120021440626825,0.97744925693608309,-6.1829552854979983,13.570516019064103,-4.4851016150094791,,0.6286249674053601,0.3902439024390244,False,1
-0.66684983719881585,-0.74519210960389426,-0.00012005002520204533,0.74417564001888892,-0.66594862363535423,0.052106117497400933,-0.038909014770207334,0.034657617665865142,0.99864154635551627,-7.541089968464866,4.7199881940414565,-2.0042952002033538,,0.4584452216175878,0.2592592592592592,False,5
-0.32734544827118522,0.85597453276091129,0.40019065051657149,-0.91357051962718194,-0.39486661117353733,0.097310148743319919,0.24131693509627006,-0.33374834628064648,0.91125088652394559,15.577202447603465,-8.1355230135294327,-2.2525924502373744,,0.7413354484737923,0.2105263157894737,False,1
0.51037267629367056,0.83945502493522384,0.18664134698356338,-0.8539790373772429,0.46920733526224978,0.22486502675235251,0.10119058757154112,-0.2741527633402614,0.95634759755008802,-3.4092336689942981,11.422070550225332,-4.5013495984144178,0.3720641713550039,0.3677004532280208,0.9090909090909091,True,5
0.89948011326395227,-0.41616209500695267,0.13320899565003771,0.37249474909839025,0.88964882823719538,0.26414508193474368,-0.22843639757445577,-0.18797359680446979,0.95523962395181039,12.108245687086173,13.235213136315341,-7.4160598289015631,0.2080314336175214,0.2328219239241944,0.8461538461538461,True,5
0.52031155781252147,0.83353292636613507,0.18573837371478935,-0.84840841909875975,0.47974776791552792,0.2237079202496243,0.097360347211020937,-0.27397981648942038,0.95679466080626396,-6.9037312546309506,-2.2120529123580353,-0.17483483707296704,0.5215262028669405,0.4234494253836392,0.8694267515923567,True,5
-0.99396652664185914,-0.081190322483175939,0.073747375889569686,0.086553437643811057,-0.99359127808880832,0.072697142570310513,0.067372445016924437,0.078641615197852094,0.99462377309790617,-17.510748810146747,-1.0507547916602138,1.2938952289532031,,0.1753832092596891,0.2727272727272727,False,2
0.021389235832331942,-0.99976979118411036,-0.0016926979026384847,0.97867490277632418,0.020591894208615034,0.20438054841068876,-0.20429864235050993,-0.0060281447047920156,0.97889004806727753,7.4477757044653474,5.2739118718178863,-4.7022075546223823,,0.3047811075109826,0.5531914893617021,False,5
-0.048839416956833012,0.9517459226533882,0.30297592324138323,-0.97569749493135216,-0.11033485016444376,0.18931618848866189,0.21360971358063613,-0.28636675706485504,0.93400480229608995,4.8633896362011546,5.8429824077694601,-4.4183342346396506,,0.1594389056294332,0.2040816326530612,False,5
-0.95475035612696413,-0.25659693224464297,0.15036546092129244,0.28176005202321847,-0.94223177032670336,0.18113686557650008,0.095199950416519977,0.21530746700856407,0.97189488325180917,14.230552834980205,11.107917846882046,-7.0998082204016795,0.4714310111801751,0.4206589927750933,0.8382352941176471,True,4
0.15423248682257271,-0.98771661027825741,0.025064672129424009,0.96397168236171016,0.15599241314085757,0.21546452758453741,-0.21672779151105842,-0.0090699957509685625,0.97618994031070527,-12.303498789784138,3.3506651367899556,-0.65655587083691214,0.2954082684978164,0.3087753993675566,0.4791666666666667,True,5
0.54430577090734755,0.8109798351836206,0.2145761745453269,-0.83593488579509623,0.50290713137812082,0.21976643037500007,0.07031425508172881,-0.29899184626771669,0.95166158974591619,-7.5508258757857583,17.260154601295746,-5.2375876605492531,0.4275849669339348,0.3488189362478647,0.2631578947368421,True,5
0.44679223249256705,-0.89334948574705941,0.047993721461992406,0.85193501168143082,0.4412294646085908,0.28199875076421121,-0.27309968300177012,-0.085107319759698985,0.95821360210949436,-5.7650470488523853,-5.958132207692028,0.61243227634315611,0.5609377555924362,0.3349492052187145,0.4615384615384616,True,5
0.63861844912810295,0.74339559014314527,0.19882020266798875,-0.76565903769741361,0.58797607659976692,0.26086466096160793,0.077024115869551615,-0.31882147026520757,0.94467992234007203,4.6184269691126696,14.797933954557561,-6.6738057324391979,,0.1495697750616243,0.2051282051282051,False,5
0.87028454171974912,0.42382697072329983,0.25094922859247343,-0.49077597655261385,0.78935764697249189,0.36885423408831719,-0.041758319919202425,-0.44416799080253655,0.89496985349449831,-0.47951930744635379,-9.8734779488610034,0.6638911264820585,,0.5084723144021346,0.1532846715328467,False,4
0.97739005396467649,-0.072169575774609154,0.19874665970385177,-0.048657282865627906,0.83795475064563452,0.54356628362559967,-0.2057696557684344,-0.54094675172601281,0.81549706349073681,8.3599658810643653,-2.5087668938796313,-2.7687555329183837,,0.5857305074514223,0.3051948051948052,False,5
0.088363558399370129,-0.97820382967816766,-0.18790728870900164,0.97246809920188515,0.043881361213895589,0.22886725884819964,-0.21563320148268983,-0.2029573692699593,0.95514953210340015,-10.806659624311239,4.225794297687016,-1.1866644704692666,,0.1354602557784246,0.2,False,1
-0.62591299159676794,0.73752127417359137,0.25356517326270317,-0.72258596397877672,-0.67074190820487711,0.16725674048761224,0.29343219252707153,-0.078534468350150335,0.95274859520742061,12.572743940578595,7.108460759955987,-5.9334389789547908,0.4532486674139864,0.3798249735961299,0.9041095890410958,True,4
0.9584587536745578,-0.27010979477010533,0.091637963060424071,0.21921232934414389,0.90311714967322376,0.36922265454549885,-0.1824904714447487,-0.33379651396526272,0.92481193498814129,9.6713650271876013,3.3220487960885778,-4.5270064794771914,,0.4824558541054739,0.4705882352941176,False,5
0.56572855979152048,0.71767088387744893,0.40607843955419987,-0.82457246277501439,0.49571121239929555,0.27267315147400994,-0.0056080539726242329,-0.48910008826024814,0.87220963844391131,-9.1135841505385855,2.5112757115860544,-1.0715290689811536,,0.07763910387377224,0.5454545454545454,False,2
0.58297431205268535,0.78759571999421096,0.19958440152852244,-0.80903161686560243,0.54006353509115967,0.2319465907847508,0.074891884730771116,-0.29668899526547998,0.95203300661785517,-7.7880292925509922,6.7401947908915893,-2.420578606337755,0.3936153187298865,0.5285293535214767,0.8775510204081632,True,5
0.66185499147505089,0.70237360161081963,0.26195284693968401,-0.74449210518904863,0.57502839585982357,0.33922536648378188,0.08763261704832373,-0.41953982852063459,0.90349701533216931,10.513532754980288,-5.798437596839551,-2.2510068716763261,,0.4787251740480056,0.2072072072072072,False,3
0.44589570622383584,0.81756300813396254,0.36437308751071595,-0.88132601969242474,0.32991492204558465,0.33826112875227365,0.15633766719589159,-0.47196066779192614,0.86764719896576903,-4.6000634222578736,-17.282756524137692,3.0097748185572324,,0.6281273168435378,0.7209302325581395,False,5
-0.6070461139102904,0.70647290148959019,0.36385581628894592,-0.74382522444257571,-0.66629201784672087,0.052716054828650993,0.27967669025030883,-0.23864405799144733,0.92996234467638961,-7.7415288099527295,-3.3702066212695447,0.33503520336208842,,0.7300039793724832,0.1875,False,2
0.57894397386810692,-0.80414454804911417,0.13481624888970536,0.77584711308890009,0.59415280539639725,0.2122350134902603,-0.25076908149416033,-0.018275384605450085,0.96787441235115779,9.3459529654553428,8.5461340668924795,-5.8500247795839666,0.4128982157032698,0.3278146745143812,0.8869565217391304,True,5
0.38928808976561324,0.86959047218346963,0.30375515444905482,-0.91287000633688664,0.32019528561580618,0.25326533635676168,0.12297615499409326,-0.37588214876094006,0.91847127094195302,23.596364665983444,7.5755296700223207,-7.5287522637139483,,0.2353970015909486,0.2142857142857143,False,2
0.98383477340328684,0.078015875531393428,0.16119138254749427,-0.11831173129511349,0.95886490126914092,0.2580318494916336,-0.1344301784587649,-0.27293153771447953,0.95259482616711388,6.763722680931731,8.4935443709552914,-5.4881556840280794,0.1569079467375305,0.1294932577623828,0.7012987012987013,True,5
0.70064347788523507,0.59615472473156417,0.3920436979178647,-0.7135105884669537,0.58450531764371383,0.38633686569076114,0.0011649216378331884,-0.55041173481899253,0.83489254705687943,10.217611555654381,-1.1245446904386789,-3.3985879093388629,,0.5237298755360781,0.4814814814814815,False,2
-0.4867553563037687,0.83455519069296669,0.25804429231629311,-0.83055436980780251,-0.53367329127331631,0.15928671311402409,0.27064490001246017,-0.13678615379098627,0.95291179351937583,3.8132121530981111,9.7727208629045954,-5.2657573565627862,,0.7797045696327709,0.1875,False,3
0.68404735619521795,0.70163908286672383,0.19945378381037382,-0.72867236854098139,0.64476682463619051,0.23089461053355073,0.033403499924541918,-0.30327930895876587,0.95231605412818954,-9.2439944279133694,15.27164004813808,-4.370269683921987,0.3876426665988612,0.3489615383839587,0.6333333333333333,True,5
0.9808283882168527,0.064626403215358508,0.18384531779563712,-0.1136673821992614,0.95602697551732774,0.27035559603448112,-0.1582889733743319,-0.28606965950732782,0.94504431156293589,-7.4699528178106496,-4.793706114336536,0.59463714336933704,0.4778465615869132,0.4075451940058107,0.4193548387096774,True,5
-0.37725661610889111,0.78882574571329156,0.485212725000014,-0.8755078086694662,-0.47458850448416134,0.090839574912467275,0.3019329769350465,-0.3905376989630549,0.86966475329737514,-13.78896180608956,18.694548399189831,-4.4586227550098814,,0.4701208174890493,0.4736842105263158,False,2
-0.97758223153824453,0.12976546908200384,0.16581285720544434,-0.11037903084512268,-0.98646599038513794,0.12124899736971088,0.17930267742116129,0.10022860294045899,0.97867501093172227,0.69190092061325448,11.907104034900708,-5.3554982230843358,0.3537951835731218,0.2647692966504553,0.34375,True,3
0.4354211434164274,0.8601277258829042,0.2656853835524931,-0.89262434666849777,0.3742376486593465,0.25133236572427664,0.11674846294735075,-0.34659266797413357,0.93072193425641581,10.049247192452693,-8.3123441988128626,-1.4816754453771297,0.4596934637393112,0.3491609109776346,0.9191919191919192,True,4
-0.47702375047352741,0.80364454787082207,0.35581425233072328,-0.83763510725060775,-0.53828879682172603,0.092804085672353182,0.26611232324985046,-0.25377275640564778,0.92993742774492449,1.6911807565311268,7.6352143761569149,-4.2918929822495357,0.6779467407453788,0.5106216366263501,0.2978723404255319,True,5
0.49985167389551372,-0.85936654560698267,-0.10787698732989517,0.82630928403277526,0.43584382145367034,0.35672556737904737,-0.25954050016345226,-0.26744962813992224,0.92795981873286004,-16.229645624918156,1.7043313853213262,0.49633288978918311,,0.6321821165945314,0.3947368421052632,False,2
0.86120745530108189,0.47433375306730691,0.18256289227254646,-0.50674244159668536,0.82902071564050661,0.23650951550314259,-0.03916397347645123,-0.29619612377609617,0.95432386506968936,13.436480485603166,-8.2372763371813438,-1.8987102420963944,0.3550230371579356,0.3395169775695087,0.6363636363636364,True,5
0.57203862437220065,0.76895748959553289,0.28544034651971473,-0.81645505030480992,0.50048219043680242,0.28795612146184546,0.078568206407740315,-0.39777123607736475,0.91411436959023606,-16.731102862210104,-13.373901300419581,4.0665343152861206,,0.1611446434884888,0.125,False,1
0.86773131660014013,0.45649394521855702,0.19661037655775887,-0.49581395858577021,0.82269488212145636,0.27810366664729624,-0.034797710598469866,-0.33880142991132622,0.94021418327269735,8.772469706705591,-0.45113556132868482,-3.4194397638121514,,0.2202444973179473,0.35,False,1
0.14696031894896941,0.96501722596845418,0.21712765424645003,-0.97320846250183601,0.10182469271912449,0.20614805472637313,0.17682746723636864,-0.24160605442911534,0.95412712009142986,-12.371634652936006,0.67970861534560134,0.13402339374841016,0.2953588941910799,0.3998399781901855,0.6122448979591837,True,5
-0.50891236560147712,0.75139164205699616,0.42002238557581528,-0.82329280980457231,-0.56734946287727872,0.017422293102662106,0.25139044027567964,-0.33693498960445456,0.90734649352837948,8.6372147752714366,6.4490111349003199,-5.201547643203825,,0.3909684774833337,0.1875,False,1
0.67904726102349044,0.70877394611674904,0.19113950560412271,-0.73255043424033595,0.63736717446670643,0.23902499075750025,0.047588639303849961,-0.30232859312082871,0.95201509609395873,4.0526095685452797,8.2958665027464757,-4.8357802382517239,0.494697381288614,0.4471512362134396,0.8260869565217391,True,5
0.5868633628489236,-0.80234622400425104,0.10877467615108057,0.77129976067182038,0.59484712564791054,0.22639252703216814,-0.24634949265879305,-0.048963598055480811,0.96794343508916703,4.7310045342505873,11.342704994623031,-5.8485711861693046,0.2888248853781378,0.2144881587398699,0.2352941176470588,True,5
0.98512849688965176,-0.11292839980643052,0.12949525525321104,0.045586208508032529,0.89844661644659074,0.43670994377221861,-0.165661529057888,-0.42431221277831632,0.89023334237567786,-20.323120769107923,1.7004410418565898,1.1490448341630768,,0.1330118085243529,0.2727272727272727,False,1
0.97118743191503931,0.17557102264524366,0.16115144460281286,-0.21037930088832879,0.94929414869814766,0.2336261308270044,-0.11196214470975528,-0.2607976902788095,0.95887905540648311,6.3978662692435986,-2.7461381683530233,-2.4574579434946129,0.4094065159014365,0.3798346606070977,0.8525963149078727,True,5
0.33788458169737046,0.91466634085159804,0.22185466946706484,-0.92659728974951727,0.28192935620875009,0.24886402057462731,0.16508019893385659,-0.28965725093784106,0.94278693504900202,10.963019352056499,10.57516359034746,-6.5842741639027516,0.2026518441981869,0.1635334209999014,0.7297297297297297,True,5
0.79967594654258689,-0.58843371118141108,0.11943260889090185,0.54917383864721936,0.79721094746087151,0.2507245504413454,-0.24274776099213163,-0.13490912791137893,0.96066281896381089,8.6006779801319677,11.597133036822276,-6.5533815231473094,0.2748289532123714,0.2222407581439277,0.6226415094339622,True,5
0.57802953581958483,0.78112681037210596,0.23605669200023857,-0.81239596192898134,0.52364364596874002,0.25653485743276699,0.0767766680813953,-0.34005622793071261,0.93726576011494989,-14.006559801398616,0.12744297393940474,0.49007437233469242,,0.2431838737659679,0.1904761904761905,False,1
0.34663376117003825,0.83608514722912697,0.42521366652538484,-0.92383745498138903,0.22582759014292447,0.30907322158955863,0.16238655237002206,-0.49996352478264616,0.85068624151110472,9.7635339932571981,6.4225368935678215,-5.3505079640694433,,0.449916002387371,0.4883720930232558,False,5
-0.54746594749224342,0.77030860290514802,0.32696435987235956,-0.81123404424628975,-0.58442715736611406,0.018553252781516955,0.20537858162971029,-0.25508734587055693,0.9448545307000894,-9.7051295825374488,5.3849828734566891,-1.7158368969865418,,0.4677446107995563,0.4705882352941176,False,5
0.8053390204875992,0.55554028841555658,0.20689139669699447,-0.59277750713846566,0.75855497688785045,0.27057193880625807,-0.006624885718198803,-0.3405427065521025,0.94020570935481351,12.212184497289801,1.6759974802825415,-4.5503395447098418,0.5219499404712583,0.4151839300184642,0.4444444444444444,True,5
0.96401830798053068,0.21058858542639342,0.16223794120508958,-0.24550770875244107,0.93933624541559391,0.23952741594995428,-0.10195423885980451,-0.27073947945699839,0.9572384590277766,3.340138730467844,1.6206753989776264,-2.9824045891371624,,0.2864034954868748,0.8947368421052632,False,2
-0.076288142117993729,0.92505882312061438,0.3720837179169339,-0.97395079530705453,-0.14905549654765757,0.17088682591027088,0.21354148939477965,-0.34935459452486795,0.91233294338822613,-6.0807962219275176,10.554668402516644,-3.7961700949474357,,0.0944658547472933,0.3333333333333333,False,2
0.19056365014324467,0.9046788699350502,0.38110580884725698,-0.96428782460858953,0.099763857023191349,0.24534906591117953,0.18394153026360074,-0.41425030491828874,0.89138218420573545,-17.597174602026257,3.52193602131321,0.31366951387200942,,0.2919366813106512,0.6964285714285714,False,5
0.45332103940808943,0.85001646414116006,0.26827606288845041,-0.88055079230416178,0.38036124100626473,0.2827642631463273,0.13831246293259603,-0.36441368940962199,0.92090842409459228,-13.457293373205465,-11.661374740812626,3.1434397471410249,,0.1646276001359362,0.5,False,3
0.24650131360297833,-0.93864916450853508,-0.24119462755093604,0.94746314155658384,0.18105894727164995,0.26368779456889935,-0.20383988271124545,-0.29352240728828599,0.93396675456675382,-4.2503744794579603,8.5428762055152365,-3.5544992076925706,,0.5091775222223999,0.1846153846153846,False,4
-0.14540936718968453,-0.97557982481042449,-0.16462114492481594,0.9717328522954517,-0.17210496709109199,0.16160180714435282,-0.18598757943271899,-0.13646935819236461,0.97302864015984813,-12.176446006119837,6.5287537477459594,-1.5739106389531961,,0.402430032785196,0.2222222222222222,False,2
0.99125945089584078,0.022247508457821162,0.13003749219780525,-0.056483683832154137,0.96233717036688382,0.26592623787623421,-0.1192237160569336,-0.2709468931316199,0.95518243630831978,16.60049930588416,6.5480154475109229,-6.3673137663396648,0.4390869859870384,0.4326981504632307,0.1764705882352941,True,4
0.254309469211359,0.92701205791978569,0.27563624279248944,-0.95406561494276343,0.19379606492867793,0.22847732404342924,0.15838401514459508,-0.32107900848464554,0.93371450350585938,-3.702032567098243,1.0818933048055233,-1.6938407057336715,,0.1054910274053375,0.2346938775510204,False,2
0.834720417317517,-0.55048972921435058,0.014243698353367806,0.488171942259576,0.75170021402082321,0.44343538766269269,-0.25481361757917076,-0.36319119795303467,0.89619315664964572,4.3191421904584146,-6.5529103170204879,-1.0086617474888662,,0.3935857527054835,0.2941176470588235,False,2
0.4842039482857845,-0.87158092936350584,0.076767310974830388,0.84180324854845812,0.48798386283707373,0.23073586705120666,-0.23856619039109742,-0.047100246076396124,0.96998337079654273,-15.757424099008977,6.8642630462041963,-0.93785420816556464,,0.2432193505500139,0.4857142857142857,False,3
-0.89262259839885039,0.3737082198684224,0.2521250944084299,-0.38075016551627627,-0.92441171625406571,0.022187616175274594,0.24135908577680062,-0.07619150382416652,0.96744025472273976,-4.3424754125298701,-0.25968446276170387,-1.1215337696320875,,0.3882144647650712,0.4162303664921466,False,4
-0.37766543161485649,-0.92589153917041134,0.0096788147937863223,0.91649474897757244,-0.37230230946247644,0.14638430744258285,-0.13193254662782133,0.06415487558677653,0.98918044616679768,6.9095462716858362,10.467003765882035,-5.9796267872040509,,0.4322205873975119,0.7142857142857143,False,4
0.50840684612368625,-0.85557249825468573,0.097561155409322781,0.82374622723963431,0.5162257821143621,0.23442076484152102,-0.25092754317339278,-0.038815488025410738,0.96722733933978233,2.0112529755806148,-4.9390942361937036,-0.96263526935787969,0.4040813944513069,0.3249805144431415,0.7504393673110721,True,3
0.91730709819956979,0.29779655219294882,0.26431969486717621,-0.39300770958084297,0.7837879164213829,0.48085490772357409,-0.063973649283940906,-0.54497129793578991,0.83601056011480868,-0.33277426161986917,1.3525855044793569,-2.2571099470571889,,0.4205321926502105,0.4168734491315136,False,1
0.73459802203054625,0.63518441306370244,0.23855084872984278,-0.67803405517122417,0.67416018012807766,0.29287859525363513,0.025210435475685328,-0.37689363609723803,0.92591339822497898,4.3518671091966672,7.2110082809723259,-4.6453252160043323,,0.2389841838259051,0.125,False,2
-0.96201994487113518,0.12947872897727117,0.2403182981226496,-0.18373121111669738,-0.95821839464355341,-0.2192267096599341,0.20189221810591881,-0.2550544391089084,0.94561449087834437,-7.2130128028006233,10.692961003522008,-3.5180497403885194,,0.5315835244427586,0.3333333333333333,False,3
-0.42182540923324258,-0.90460146939391872,0.061314808126341963,0.90123243567084965,-0.41093243771604177,0.1375304639981221,-0.099214016247679601,0.11327273812843953,0.98859792928009449,11.940931032615305,17.15000266926025,-8.303684045969197,,0.2860314885139005,0.7,False,4
0.87927522545472947,0.42558136840847416,0.21390553233870838,-0.47455096344575065,0.82131870617586256,0.3166022204254384,-0.040944608854467657,-0.37988956520175537,0.92412523894577014,9.4097253650906936,-3.0838627552492226,-2.7566852353569908,,0.09673504769008015,0.1363636363636364,False,2
0.406044004532577,0.7551888496207112,0.51460476852794146,-0.90549058034964647,0.25646761433133497,0.33809935181430717,0.12334940324626455,-0.60325298524561088,0.78795352687265141,5.6691138996359589,3.1409971749849528,-3.874015771541607,,0.3439239725876214,0.3207547169811321,False,1
0.6512807105608992,0.68387793269316244,0.32885317274829051,-0.75289028709257033,0.52819943048968965,0.39263415189210782,0.094813773540333338,-0.50330540907653099,0.85889115348881584,9.5771599522077029,-1.7295899133075148,-3.1298732007288357,,0.3058211202555804,0.3103448275862069,False,2
-0.98108876051871996,0.088879633389575191,0.17194549936644157,-0.070597943373557875,-0.99145755057419926,0.10967158155525876,0.18022423359599613,0.095458557384566448,0.97898257872486794,9.1836444888689321,-4.0687475898262644,-2.4318485093330109,,0.1877571101509554,0.32,False,3
-0.98956853448911508,0.025793359988060149,0.14173502788510262,-0.01123493181864009,-0.99466220685950557,0.10257129497285543,0.14362413396116608,0.099908942672337103,0.98457620899450982,9.779101105999775,15.644188626001979,-7.7143027913044113,,0.2533348654886332,0.6666666666666666,False,2
0.83731518793549375,0.39346146494935952,0.37959366650729665,-0.54637288177231769,0.62696667016704777,0.55532825298507671,-0.01949230915930375,-0.67238446598620072,0.73994538973095181,12.094641691388604,3.7986925592463869,-5.1231960592230301,,0.6543697808191483,0.3809523809523809,False,1
-0.93285526625463466,-0.35888238077364382,0.031376567550249174,0.35238742846082866,-0.92712312960188803,-0.12753745653714704,0.074860887543218554,-0.10791728002243958,0.99133733319632389,1.9253961631411134,-7.7213802172237687,-0.30063030039861699,,0.663244990265369,0.1967213114754098,False,1
-0.40395899667465329,-0.90581807186197183,0.12771354545962485,0.90635319310371865,-0.37741613558442061,0.18994986167727501,-0.12385886466580062,0.19248553527156909,0.97345174526265921,-9.8607265376601809,3.520159549213937,-1.1955288591005646,,0.0825425066098796,0.2424242424242424,False,1
-0.0060645705790612486,0.88150679900566509,0.47213238004872887,-0.97896657983723367,-0.10151945141755875,0.17696959214980065,0.20393051891632213,-0.46112857674477697,0.86358136800411334,1.3258133996371293,-2.1313341940595674,-1.5640197891567702,,0.5998890701929419,0.2707930367504836,False,1
0.98643039262974674,0.003599684357216075,0.16414055796436086,-0.071665875267289014,0.90892482178327449,0.41075500078321092,-0.14771283904419641,-0.41694449345059187,0.89684904335274418,-8.3513551000759101,1.6911924359235486,-0.9231101393460569,,0.09695675521580385,0.25,False,2
0.24354648741891419,0.90403089533416281,0.35130221853444155,-0.95664715929144839,0.1642605817928261,0.24050919709791715,0.15972263798695277,-0.39464743955889819,0.90484367565016155,11.529180352462729,-5.5417971423107488,-2.5216890633599487,,0.3247569285173555,0.3384615384615385,False,1
0.87145332759011063,0.45503386808468382,0.18306631784141222,-0.48918123873201397,0.83346674788946329,0.25697255852556189,-0.035648471281876426,-0.31349219935821615,0.9489214021386666,-12.970280356268439,9.2817109836175398,-2.1748347435599946,0.2485361512157135,0.1139000352133491,0.25,True,2
0.37158835889922764,0.78169384707857237,0.50087605350034548,-0.91902054211645734,0.23322524528225613,0.31781634339820269,0.13161813970175901,-0.57841223569573064,0.80505648925955198,-9.0817453549197875,-6.4416677376098139,1.2329200630713593,,0.1711141017108066,0.1538461538461539,False,1
-0.81509051758493467,0.55608155955823446,0.16248306761753811,-0.52787647760221856,-0.8284394401876104,0.18717510073701948,0.23869200350535036,0.066793660334800345,0.96879550700944206,-1.1596606891138941,6.8224803458325995,-3.6080768944317714,,0.120102130395955,0.375,False,1
-0.44847161264211566,-0.88956005490365297,0.086925953397069197,0.88666109988475561,-0.43051716666192374,0.16878111020059189,-0.11271781849084536,0.15276739812276247,0.98181302469740428,-2.4599332764182935,-7.2889021104134075,0.32913556136271571,,0.3391993342077067,0.2156862745098039,False,1
-0.83039657799012023,-0.55612044805540184,0.0342282122956728,0.55693709021057702,-0.83026426488625027,0.021961967140269545,0.016204962513812593,0.037300103318273173,0.99917270853560269,-2.6839211096787299,4.3194439877439228,-2.7299541569181032,,0.1590499486233392,0.4166666666666667,False,1
0.80001811995470562,0.52808608173352556,0.28477376638916341,-0.59997077251117614,0.70610378431113763,0.37610173878065495,-0.0024657405540821908,-0.47174414258241915,0.88173203642756315,3.8837336169249288,-3.4462440916584889,-1.760848365413139,,0.4646045925076987,0.2408376963350785,False,1
-0.92318912160696676,0.30356186114636641,0.23573723126377488,-0.32009072097151231,-0.94676311578961847,-0.0343734334664135,0.2127528521418541,-0.10719048016352387,0.971208744229488,-2.4016345957827996,15.035389792683512,-5.6432730297436819,,0.3301906927366396,0.3529411764705883,False,1
0.11897537155650156,-0.97775607709863421,-0.17273654697162891,0.96830279512952755,0.075777193562923451,0.23800738198650728,-0.21962367337638336,-0.19557829795868606,0.95577956216914739,5.9165691343735904,-6.0175441174328208,-1.4085593233110603,,0.2018061488964676,0.36,False,1
0.18578135374110902,0.9149590636086361,0.35823902707902711,-0.96757114283287704,0.10684614978251598,0.22888858388685959,0.17114722363859924,-0.3891449758085786,0.90513800916972864,15.164072093487242,-4.3007024291077984,-3.2903159962088253,,0.2878245397219998,0.5,False,1
