axis_00,axis_01,axis_02,axis_10,axis_11,axis_12,axis_20,axis_21,axis_22,location_x,location_y,location_z,dbh,dbh_approximation,score,reconstructed,number_clusters
-0.45482787333426328,0.79246195653716889,0.4063688633243363,-0.80869459616003048,-0.5586273023751207,0.18425142382804041,0.3730209857096462,-0.24482562055956736,0.89493896983974619,-12.70376370289323,3.3854292380004258,-0.34093405557972117,,0.5664578207224149,0.4915254237288136,False,4
0.92391534830259803,-0.37333961930630205,0.083653797445863015,0.25555608664140611,0.76491667754193093,0.59126437656833619,-0.28473060206345591,-0.5248999953080955,0.80212747065173051,10.5616652040829,2.6205543537962761,-5.4766802906722614,,0.467996893527113,0.4153846153846154,False,3
0.40944017510521746,0.8378512944526294,0.36105948456433146,-0.88279817586736653,0.2639502264425716,0.38858417189350869,0.23027401871478603,-0.4778446257361979,0.84772542132460194,-6.5685602533961598,21.411621064208035,-9.3036473131420063,0.465101896235774,0.4880773250218942,0.8666666666666667,True,5
0.98218737291767277,-0.01459818443595332,0.18733621511137244,-0.053884660184421208,0.93322303961128272,0.35523400982378872,-0.18001224368883906,-0.35900090717134953,0.91581326741441049,-5.484977297248582,-5.0489513971305389,1.3871274240796962,0.5008250858085135,0.4641155506114153,0.9282051282051282,True,5
0.78342888854771686,-0.59809411987164451,0.16888635339734415,0.52221174254167746,0.78085212541128823,0.3428773165321079,-0.33694817485850026,-0.18042555809983621,0.92407388527319034,14.026933724507613,4.1426340677047628,-6.763990765881811,0.2597084553444624,0.2435072513742997,0.8292682926829268,True,5
0.36053737991465373,0.90189722345706602,0.23789534674875781,-0.90135719627768851,0.27127553773759794,0.33758671085159914,0.239933329078519,-0.33614131097741029,0.91073652427674545,7.7640320225899808,-3.2495347836430195,-2.5126723766328714,0.5095437627202115,0.4934936633498124,0.9805825242718447,True,5
0.98278891197969631,-0.079139552537924582,0.16692179520321421,-0.039737735412362959,0.79186776863849895,0.60939835032249934,-0.18040750226657354,-0.60554303580801228,0.77509403617261508,-10.113808673814342,-4.320647626763324,2.050391748602999,,0.7377570172730982,0.691358024691358,False,3
0.083599313300918215,0.88174878369624032,0.46425234222975764,-0.93574063735461532,-0.090727646103872212,0.3408195326498013,0.34263773058259844,-0.46291206150050962,0.81750339993088461,-7.0304799275188383,-5.892943370632719,1.9452404124207172,,0.4194408111809622,0.1818181818181818,False,3
-0.9330800628914252,-0.35377907812980669,0.064822527813710451,0.35873247460758168,-0.92840729781405662,0.096803414338151372,0.025934685200634494,0.11357928175167802,0.99319038399509219,11.746965217447631,6.4899677058628216,-7.3415281968701249,,0.2656571545162813,0.1212121212121212,False,4
-0.88298519231967221,-0.43866467600358999,0.16706421571017757,0.46920308735668809,-0.83515005418152155,0.28700670691737051,0.013623984701382597,0.3318097181025092,0.94324795150246166,6.1935985139962701,20.47093899761175,-11.826213703141061,,0.4047594229469207,0.5,False,1
0.6476243633896106,-0.755535251000785,0.098737877429993112,0.66666383802951823,0.62460074345427896,0.40673485016668082,-0.36897426876132144,-0.19758642608119811,0.90819468905103473,-17.814833153905941,2.0689835808424077,1.0951384241448896,,0.2121320681314755,0.84375,False,5
0.43104302399727512,0.83493712115940366,0.34217234717804468,-0.87567622372301901,0.29557744569730399,0.38187056027042865,0.21769947788058258,-0.46423482991381115,0.85854118132179147,-2.6391026583213342,-9.1604677003949799,2.2355350830854563,,0.3490114531782764,0.3157894736842105,False,1
-0.91782634906504612,-0.38052867126673029,0.11310492166968625,0.39423818616014894,-0.90714542011267141,0.14718505135291907,0.046594479663206539,0.17968059748504372,0.98262090215521758,-12.132239390773815,5.686425623160769,-1.5464463732032709,,0.7505161710527604,0.4333333333333333,False,1
0.79815961865444762,-0.60029732043327366,0.050836504895776041,0.50169391407248476,0.70902338879553939,0.49556942069050197,-0.33353326630490204,-0.37003913471620975,0.86707934991352575,13.365078341461816,-9.0944158213861215,-1.3592694018757572,,0.2898540609368146,0.2307692307692308,False,1
0.80985472575060491,-0.57998670601187052,0.088038310007137022,0.48496574430356476,0.74636126051662044,0.45579940286504445,-0.33006597830055434,-0.32643573586472086,0.88571787851378314,-0.10313331090189337,-11.539733484979836,2.6916203273270818,,0.4720514049568315,0.2083333333333333,False,1
0.74826160865666314,-0.64824029967951347,0.1410286456077528,0.56436191623511189,0.73374388776186483,0.37830613882877462,-0.34871219151898725,-0.20348076332547599,0.91487451950664089,-2.8723328456129376,-13.313968300422031,3.9046405294300826,,0.2331460746483778,0.56,False,4
0.77171336649402011,-0.634547416491969,-0.04252124407674257,0.5286828831665622,0.60292801665044982,0.5974715188062496,-0.35348675932933837,-0.4835570110765875,0.80076196713974879,3.2087017679683583,8.1744473110973033,-6.0585150458198296,,0.2847821882276139,0.1818181818181818,False,2
0.14629118244069159,-0.98924021504288429,0.0016391711356082417,0.9251725109522152,0.13740294973122749,0.35380256412797634,-0.35022095156983002,-0.050241679381419269,0.93531869367315512,-1.6830934095351748,-12.602860823383136,3.4564653591995991,,0.3053615206615725,0.1428571428571428,False,1
0.38040190296739462,0.8411874235311454,0.38431511902580384,-0.89900119306877946,0.23883284012166572,0.36709090065041011,0.2170051775412174,-0.48514182768799874,0.84708096422234203,-8.2373199271291586,-4.6710271213283558,1.7579937487394515,,0.2080808814342984,0.1666666666666667,False,5
-0.38483415682217798,0.89967427636258857,0.20612828091849894,-0.84547756489305936,-0.43319585227502189,0.31226437650526084,0.37023014329665982,-0.054106838968559862,0.92736297692508984,17.14700867999407,-3.5709019615084738,-4.2360833267002338,,0.1762072049825991,0.5925925925925926,False,1
-0.91232606300084873,0.35001562165988215,0.21248580979306772,-0.30836137614485803,-0.92872703745553131,0.20586245796919686,0.26939639283297534,0.12229126907967015,0.95523318045148708,4.5118910423768028,-13.578936561725191,2.5695513320889027,,0.3773907014662427,0.84,False,4
0.97677697990509882,0.10509749765851635,0.18671166946228046,-0.17202952186897275,0.9041581759036833,0.39102920166153354,-0.1277206918749125,-0.41406824187860841,0.90124076468752312,-6.3496933445758161,11.08456253657349,-4.9328225286167795,0.6252617823695984,0.5807713494258993,0.8947368421052632,True,5
-0.92720888806605284,-0.3309490947733571,0.17537495419816368,0.37085318742986206,-0.87678780064389905,0.30612263231447717,0.052455612325319062,0.34887798627991479,0.93569896837863742,13.703548447344851,1.6660328562250046,-5.7945487252866794,0.3794160386492103,0.3143304125096885,0.9203539823008849,True,5
-0.033552642326777404,-0.99910373853202272,-0.025805810280386865,0.93530261578913931,-0.04048954303591637,0.35152469870940345,-0.35225450613283216,-0.01234165937297943,0.93582287124916785,-14.344956093289525,1.4309663371113854,0.7205465102752352,,0.287092906128292,0.5,False,3
0.98252435127979809,0.010156408138627213,0.18585679034120414,-0.076194088089966625,0.93296382775718201,0.35181381018488478,-0.16982449788635059,-0.35982682427855389,0.91743353789103477,-3.2161043919939356,1.3581793442573253,-1.7144811275287577,0.3834375724235368,0.3478038724706053,0.949419002050581,True,5
0.76268281748560196,0.59752540301213841,0.24754456703269917,-0.6430643048571425,0.65964272761821596,0.38902412742528109,0.069160825116716534,-0.45588909249463594,0.88734543195623294,-10.202880934279806,-1.6591021518849711,1.0293067037540782,0.4100200338355081,0.3978749286181981,0.6081871345029239,True,5
-0.26055823541411188,0.91482829990672543,0.30854268367221804,-0.8962942224558258,-0.34798869579858205,0.27488276480839702,0.35883989849261572,-0.20492205661219628,0.9106266402668205,6.4368270285187741,-6.4900306073167746,-0.85342837202714417,0.3815096315978872,0.3625527449551235,0.353448275862069,True,4
0.97083353370578918,-0.12521290289842604,0.20446021319581775,0.033433662811688122,0.91516122451464199,0.40169904572435222,-0.23741196267948309,-0.3831470502204215,0.8926555314812461,-18.219260283937562,9.0846345502228658,-1.6176519969392242,0.2364592258234844,0.2433687009926718,0.4545454545454545,True,4
-0.61388432300923768,-0.7706004931212096,-0.17123351881228957,0.76403681316784233,-0.63455610525770967,0.11656027369774818,-0.19847867917692713,-0.05927418731214415,0.97831119007740464,6.2036910617399901,4.1436293427723108,-5.1383737688562015,,0.2658137343827263,0.1944444444444444,False,4
0.96651509436148719,-0.18474740954258406,0.17809257996534059,0.11425329538014943,0.93125372582382293,0.34599520608532397,-0.22977109667271645,-0.31406192511438591,0.92117878304228473,15.707319330953334,-1.0818465877851593,-5.1338390663128708,0.3622182249349133,0.2920560647351447,0.56,True,3
0.68799905545453943,0.68955101364619287,0.22622267630184431,-0.71718931783724027,0.59840825908218265,0.35713728150724483,0.11089085658346765,-0.407954599240821,0.90624293811562795,-5.012635403903988,5.8751098270914959,-3.0793537708515082,0.7348932604199814,0.6242023394712588,0.9937759336099585,True,5
0.65851550588119134,0.64738109788570941,0.38373824752600727,-0.75256589348314507,0.56553901515273985,0.33735767118295057,0.0013800289682882882,-0.51094357461500739,0.85961314501331609,-3.2924296556843768,-7.4780088267212381,1.8291356573248594,,0.3033332484715643,0.4594594594594595,False,2
0.79831596792662107,0.56793296400173299,0.20035908702523819,-0.59852873727859923,0.71133114708694967,0.36847164047677861,0.066745531723601148,-0.41407746568023845,0.90779121300592214,19.019763800363872,-10.468030665967861,-1.7975760132443823,,0.2468401702226414,0.5,False,5
0.97323286167513889,0.069778494810978545,0.21897204985462143,-0.15390455249991492,0.90548292500641347,0.39549217595501385,-0.17067860344935309,-0.4186067775176901,0.89198496631996815,10.557898224890721,-9.1465773088030566,-0.71438817783945208,,0.2520403265546788,0.2307692307692308,False,5
0.33376859688505711,0.91588634178905604,0.22304872260929887,-0.90807408171146087,0.24889253058269664,0.3368292896172006,0.25298218486143809,-0.31496780334567709,0.91476515947992454,10.749759875888374,-0.63942348546546968,-4.2009673740330777,0.6630107419817095,0.564215514737588,0.6363636363636364,True,4
0.64403413374604646,0.67609233101981903,0.357937417024494,-0.75415875928054976,0.4826427250151975,0.44530951684230374,0.12831445892961957,-0.55673616725168085,0.8207193428349957,-4.4753280582491834,7.6297463966103969,-4.028052301656718,,0.1461947665941983,0.3333333333333333,False,4
0.40563031082070106,0.84749817296609253,0.34236077135477394,-0.87537335879170242,0.25240617473140609,0.41232584890495494,0.26303143093789044,-0.46694536059007297,0.8442609173485246,14.36462381040706,-0.21867021580935142,-5.1491007524179322,,0.2622764801532425,0.2608695652173913,False,3
0.98203724350578792,-0.023870759043482601,0.18717114956702127,-0.04445177521501676,0.93477701538338354,0.35244286230702104,-0.18337636720086337,-0.3544321068605667,0.91692474586445372,0.28223112095466041,9.1258112703001508,-5.8293905868504634,0.4595013029443495,0.4438156888884048,0.9368421052631579,True,4
0.93013995157921991,0.31079963871397009,0.19555882759792062,-0.36206892087318437,0.86501397314047745,0.3473570537781755,-0.0612026716241649,-0.39389644685753661,0.91711494488917455,1.5074532062700094,2.1182611510434097,-3.1237124328515438,0.2537251214286165,0.2458990931507666,0.9013452914798207,True,4
0.68537498571286926,-0.71311340894676867,0.1474123296722617,0.62956786881100879,0.68201129897868196,0.37216244655550063,-0.3659309053904154,-0.16226476526261099,0.91638677338470009,-12.81440991221135,-6.1381884393964459,3.2225724440333958,0.2833870915363002,0.3264304573313473,0.6470588235294118,True,5
0.32087266337960701,0.91449820957619365,0.24644220129193073,-0.91450495475720228,0.23145262888437024,0.33182882380384071,0.24641716989731816,-0.33184741262280326,0.91057996525035967,13.700909230507728,-10.259866650033805,-0.91095423019694166,0.4737536038677229,0.4241825855216844,0.9418604651162791,True,5
0.98136916865691082,-0.025329236364809694,0.19045467858474513,-0.12185539691877342,0.6843430342890211,0.718906025612432,-0.14854567328404811,-0.72872013915169809,0.66850665048548163,12.364072489466482,3.031777117197842,-5.9835929942111932,,0.3975155625693085,0.1111111111111111,False,2
0.72951603410404942,-0.6689178251947645,0.1426719983802209,0.58780843869223132,0.71981566173874745,0.36925147598596042,-0.34969643319213362,-0.18551106773536621,0.91831260927877079,-2.4843964925747271,-11.761062157424288,3.3227518600319463,,0.0870798293713805,0.25,False,1
0.26950002325756262,0.82066239445784772,0.5038680102833335,-0.92197037397437254,0.068779963779167563,0.38110358971819236,0.27810136097784399,-0.56725880416724139,0.775162616563146,-10.168187217039144,5.1905478669079192,-1.7171244669044445,,0.542103736867726,0.3484848484848485,False,3
-0.83609759900100034,0.42476989585892455,0.34714743340079834,-0.42736225024494306,-0.90110422918247313,0.073298534876494514,0.34395103141340044,-0.087072979284393573,0.93494170099969265,-14.693170567618642,3.4955410198909886,-0.0053447246925414299,,0.3424816578766504,0.375,False,5
0.61326248375633163,-0.77187494656520972,0.16768480217947451,0.69972799877967484,0.62937639446724936,0.33803266382288633,-0.36645580052825744,-0.089968999951983014,0.92607544255683316,-1.4835824535930797,11.952846420952291,-6.4774182411082419,0.4713132620530255,0.4043683565941123,0.92,True,5
0.64331066826556882,-0.74959434405076886,0.15575526784929045,0.67461649233133314,0.65119413080658228,0.34761874557858335,-0.36199996183739441,-0.11855177506118175,0.92460883851473519,9.1578924713615422,0.69095891278618249,-4.3590544960513471,0.2442157650058975,0.1699197433151076,0.6981132075471698,True,5
0.32878140382106402,0.73284127575710889,0.5956898967148444,-0.91064334353838783,0.078860091379720998,0.40559806071627913,0.25026284057101811,-0.67581413904584275,0.69328476118767413,6.5228164675173108,5.0983291903999524,-5.5672184244819674,,0.6291089084564997,0.2625,False,1
0.55948391074134129,-0.82781685816422435,0.04119469578338783,0.76360561574993702,0.53413898038475227,0.36276991775600054,-0.32231074635626539,-0.17150743124613682,0.93096776733172537,-12.775360352548908,-0.073127626403397872,1.0111187262638068,0.5869073269120676,0.3508170731583189,0.4819277108433735,True,5
0.8650656751902851,-0.47050402327865887,0.17403258800055116,0.39049394189149983,0.84933300792153688,0.3551730887905088,-0.31492198867912058,-0.23928937655806615,0.91845780268493471,8.7792339510980231,3.7096849667256162,-5.563621325194875,0.3200273849163113,0.2948185232317844,0.7247191011235955,True,5
0.18326711281276167,0.92361754822457642,0.33666569467781782,-0.93618219337669706,0.059477754368086978,0.34644667344300911,0.29996010762378378,-0.37867271006365477,0.87557461845771689,5.1786581599726036,9.488131756149123,-7.0015829773106741,0.587443747895753,0.4394935271732344,0.7325581395348837,True,4
0.97240815952703596,-0.0030941369020150086,0.23326550881361108,-0.1239654255090583,0.84020048365738231,0.52791639540769864,-0.19762323892599121,-0.5422670684992138,0.8166342399493598,-8.495456591003034,0.36292164488566192,-0.11336758413797496,,0.2632029435950275,0.2247191011235955,False,3
-0.12212131948977825,-0.99142596351521062,0.046485935443009524,0.94163445409112179,-0.10093003557507699,0.32115056093260752,-0.31370517718805707,0.082992088699765765,0.9458865550469886,-1.5658959829662855,-2.2702194998266796,-0.6352314582769194,,0.1796854890155747,0.1555555555555556,False,2
0.95834570080758175,-0.23985549271026133,0.15505760336191532,0.15737600118612743,0.89651273912588259,0.4141228112959604,-0.23834074765823665,-0.37247047024123048,0.89691662756578894,14.646720038365576,-7.4589249858679025,-2.1831249133843871,0.2481506570688325,0.3294745104273439,0.1111111111111111,True,5
0.91663810282141267,0.32984187314231983,0.22578513497997962,-0.39753130916165325,0.81126431361256501,0.42874126427830161,-0.041754600850492124,-0.4827572393871481,0.87475825296313536,1.841596824315791,-10.558347049490241,1.9583630707287878,,0.4522094297605632,0.9361702127659575,False,3
-0.11153246601552838,-0.98916126180940056,0.095501346378620552,0.94554754424923515,-0.076060116780762452,0.31647227398231437,-0.30577827030175847,0.12559799668358979,0.9437821743603414,9.3141112620616013,-13.726367460012487,1.5571321473969579,,0.3413667971578983,0.5555555555555556,False,1
0.025435055452066674,0.95544650344505877,0.2940663819765213,-0.94600920502575658,-0.072081566828208848,0.31602346705605006,0.3231402821696579,-0.28622757864713438,0.90202778851935184,19.808120021754661,-3.8376968341928479,-4.7378056323849327,,0.1740625909267128,0.4375,False,1
0.660838166158769,-0.73800863175977804,-0.13651438604035607,0.65831441829044657,0.48262257224673744,0.57766562943354482,-0.36043729665342072,-0.47161288384224931,0.80477713870062884,5.5639448694614364,-9.1978436802929053,0.46031535248470618,,0.238556989690962,0.1363636363636364,False,1
0.67309717349198495,-0.73436927483990289,0.087418323069116177,0.64666176138689402,0.64178065408008556,0.41224526487097179,-0.35884364477736064,-0.22095103579674252,0.9068692730395308,-18.321783243426729,-2.0743515447064769,2.8505230823262941,,0.2645904385377517,0.2307692307692308,False,1
0.88254844926531928,-0.43750280910504097,0.17233550627940089,0.3609747427541582,0.86523293436863657,0.34795000269781151,-0.30133945940242984,-0.24487397025620289,0.92153744845123642,10.682078450300617,-6.5582802527958632,-1.7255563907962763,0.361115913839511,0.4138942638785006,0.9177215189873418,True,5
0.41030451501492049,0.79159382707263415,0.45280174237614412,-0.88703129241772261,0.23114930057600513,0.39968173227578102,0.21172078601336311,-0.5656405340706453,0.79701009716700577,-1.811316229643626,6.4224540707383673,-4.1365766033016866,,0.3822028071895818,0.3653846153846154,False,4
0.2226787878171082,0.85572604705601818,0.46706219055515902,-0.93395217749559323,0.049872840266102475,0.35390115845392628,0.27954872134843062,-0.51502003086644321,0.81031282860311715,3.6659240133544011,-7.0965225827705263,0.11557558611825222,,0.1089209337713732,0.1428571428571428,False,1
0.99781724559200558,0.063023561411858331,0.01971738081362398,-0.06280060895514504,0.81332940572661205,0.57840415048239369,0.020416363879170868,-0.57837989979542204,0.81551202541629764,-0.83876199430920906,22.361178433313157,-11.073234976067917,,0.5029839400766876,0.1578947368421053,False,2
0.8166434281041165,0.53656121039521298,0.21259251829163581,-0.57607481266216298,0.73542135190562075,0.35678178958231865,0.035090191658203929,-0.41383269887785801,0.90967641268137633,-15.504487979842601,10.901515111881709,-2.9117621600139572,0.4147724795214464,0.4176133786137957,0.891566265060241,True,2
0.98165691912624631,0.037876938890802882,0.18685564115602404,-0.10516453394833862,0.92505997475850787,0.36497186727091391,-0.15902865757779377,-0.37792774521070993,0.91207483545428103,-12.978392903677857,4.8907442164737187,-0.97248685422985914,0.5477043224638086,0.5398826335370724,1.0,True,5
0.20867903916399178,0.8960554249427376,0.39183891338697197,-0.94187650575775117,0.076273749714234285,0.32718643463031782,0.26329015651019327,-0.43734081736698216,0.85989028541414392,-9.3457135652288272,-6.3278381842764304,2.5772685765104653,,0.307967013403702,0.3888888888888889,False,2
-0.81536056060104967,-0.57895216448829512,-0.0012439656995398007,0.57193394313915724,-0.80580638551658101,0.15351753563029874,-0.089881705044123072,0.12446067770594405,0.98814514055544511,11.127213925307913,-5.2334054304614579,-2.4305040589831481,,0.346910514803337,0.6842105263157895,False,4
-0.17851186741770952,0.933443695590086,0.31115330683469183,-0.91798710664598082,-0.27182683056704432,0.28880762838888957,0.35416547717526276,-0.23407913479632741,0.90541359247043585,-6.1535856572947205,-9.6506970504279206,3.2351074915822298,,0.1181674383260895,0.3333333333333333,False,1
0.51513089789091582,-0.83397635346538701,-0.19779686523975482,0.77265825902225382,0.35195079002517077,0.52832741379314863,-0.37099780700537499,-0.42498715658385866,0.82567944381337754,-9.8790904316605879,4.4065796501357468,-1.4547041374152363,,0.6062468139220858,0.3818181818181818,False,1
-0.49477060671942008,0.77536271516077659,0.39244707498592052,-0.78564471572413441,-0.59211055279825864,0.17935293117115234,0.37143563019888171,-0.21958541209162433,0.9021185173885472,12.671548351552604,-0.40976997011245542,-4.6509785791296165,,0.6668231017127884,0.3,False,1
0.89485985510365162,0.27821020125652784,0.34903427287398947,-0.44569323111944981,0.59926837108730024,0.66500749104704004,-0.024153332237540404,-0.75065071992983279,0.66025761124779714,-5.5272283518986249,-0.42297875997610074,-0.53055833642619821,,0.579240099407132,0.4180929095354523,False,1
-0.32491690014735541,0.74541743886023637,0.58204969705488141,-0.87150830795996803,-0.4750063929969543,0.12182855071278029,0.36729045339538435,-0.46767699158187026,0.80397509562768443,0.55741447278009393,-2.1280742080851991,-1.2145365146362868,,0.4620924244295228,0.283195020746888,False,1
0.45694933477077759,0.7545186952572801,0.47106140147521752,-0.88337796368255472,0.32295610144496201,0.33962145076472283,0.10411858015074686,-0.57131505760545442,0.81409976429223319,-10.471824508465881,7.0630607059408321,-2.4568734238722705,,0.4501709231442594,0.1428571428571428,False,2
0.89220559853645387,-0.45005179007477136,-0.037716789241685894,0.34070090874327236,0.61589143742074737,0.71035246750702141,-0.29646595204460857,-0.64663059281346991,0.70283484241746608,-7.5700691536624083,-6.9834743631980434,2.6043403935079277,,0.2193855894827161,0.1538461538461539,False,1
0.9076855202436791,-0.38546958436017831,0.16589212119071137,0.30308079890323375,0.87557449632919626,0.37617991801005601,-0.29025682709652117,-0.29117434796194919,0.91157472179344401,-13.931032885281418,-8.2729697373215547,4.3265797379952131,,0.214046617877281,0.8,False,3
-0.96080274409818567,-0.2088264933996169,0.18234468072256729,0.2582003066136494,-0.91354196267369869,0.31428280910495693,0.10094894054923378,0.3490452378828639,0.93165268921056688,4.0071806326358983,3.1066561184462245,-4.257504622729698,,0.1026224350296998,0.485,False,3
0.89760181283118357,-0.43046546563856353,0.094923487582091348,0.32892674822602558,0.79742806393403642,0.50588108993306591,-0.29345899186023483,-0.42285690930028408,0.85736448162574719,2.6136170655700006,9.8525194647311558,-6.6645824596506609,,0.3033393426104247,0.1333333333333333,False,1
0.89272417729647846,0.33006231258987995,0.30676116618331223,-0.45049540146279832,0.66866732529411532,0.59155549303922905,-0.0098709944381245585,-0.66629038556160602,0.74562704187614381,7.8880916195034327,-5.1984928238154593,-1.7209989620056649,,0.5106895686741575,0.3137254901960784,False,5
0.3836176153071309,0.83235106201098563,0.40003654182493803,-0.89351996422251401,0.22507232227313231,0.38854153353583359,0.23336580461127601,-0.50649201308190872,0.83006399869068437,1.31713078508919,10.431341783943211,-6.5678670504155647,,0.398401949473433,0.2777777777777778,False,1
-0.97814534642713546,-0.123359007464801,0.16737453970134691,0.15085523854875549,-0.97502703802079138,0.16298764410469826,0.14308870767931586,0.18467493171976754,0.97232751237891157,12.591424676546358,4.866952540797528,-6.8223524273955984,,0.2771377418008049,0.1052631578947368,False,1
0.40675110166010708,-0.91284038767629971,0.035720693236159978,0.85649584747320895,0.39466173318416115,0.33265143862791807,-0.31775525890131012,-0.10471171370508986,0.94237309620632992,17.609267031763601,1.7362977946061278,-6.5488437998116762,,0.3179346926526925,0.375,False,2
0.9682323169375372,-0.17696074423650079,0.17666656570226627,0.10055456923634162,0.92242205632977681,0.3728623453796871,-0.22894313495596058,-0.34325274215308327,0.91091305620291063,2.6816657368858756,17.727714301547287,-9.8580467325407959,,0.3406681628794256,0.7,True,2
0.98229243763098295,-0.027125300550162212,0.18538010962086615,-0.086180775698640147,0.81315106964250572,0.57563722242331483,-0.16635636709474538,-0.58142029205155155,0.79641446691890683,5.1776191661393112,-4.2941552871293016,-1.4400015997772591,,0.224251386538823,0.2359550561797753,False,1
0.8909462817804612,0.32222842170466931,0.31997432276244975,-0.45157159202087271,0.70304891924187762,0.54936810467350716,-0.047935584499462253,-0.63394878452328063,0.77188802189187355,-1.6898783709952709,-6.5879984042804578,1.0841936180225542,,0.2900269844179849,0.1851851851851852,False,3
-0.77534710775026616,0.53930843515569193,0.32860808613486098,-0.49360056980174899,-0.84208444254968051,0.21737587057257113,0.39394839762929118,0.0063406139855095162,0.91911068790412909,-16.039792958671683,16.811369227010122,-5.1570729172023997,,0.4113898859200546,0.2903225806451613,False,2
0.060769892225364212,0.81057224359101376,0.58247717390362019,-0.94670361666799185,-0.13812705155153304,0.29098656294994885,0.31632148581255437,-0.56911646923060566,0.75897770854210722,6.1402131642860702,2.2759727928856082,-4.2622599861986989,,0.730990618969374,0.371900826446281,False,1
0.33831719971232666,-0.93780758201536663,0.077835798276239321,0.86286656828856367,0.34215769705876975,0.3720072521784421,-0.3755033391445749,-0.058694543681068301,0.92496064393753763,10.927236220725829,10.242395270366803,-8.7721734989383684,,0.1321408999313224,0.375,False,2
0.98264832435370641,-0.015243743039842932,0.18485101823627509,-0.050358238613779124,0.93725456535245599,0.34498974989076953,-0.17851139585071357,-0.3483123713337114,0.92022398008708517,2.8633203555994129,-0.55248592130943108,-2.3903814100967304,0.5323040599573734,0.4517994698915733,0.928226779252111,True,3
-0.9321058714893683,0.27641463246180781,0.23403759376657576,-0.22844045751560516,-0.95011881340444582,0.21234217147092715,0.28105800416480919,0.1444617297969655,0.94875560969037898,18.396836009832167,-7.5291689639674626,-2.8417568960327086,,0.1500182694772582,0.1875,False,2
0.84258397083263636,-0.53812998816732871,0.021641809788880528,0.43398604608290936,0.70221752780994362,0.56439937583400512,-0.31891748760648136,-0.46616162376532277,0.82521813881376138,11.473299231668506,-10.638072617642576,-0.20143098220433403,,0.5574940906308257,0.32,False,1
-0.15069224284382726,0.85993376176316483,0.48765333314409842,-0.92425336632675537,-0.29758704488074827,0.23916033440519233,0.35078136036619278,-0.41467562756809762,0.83964073336198219,-7.8247012331056958,-8.1469671473256273,3.0315950413238317,,0.3723928584461788,0.1875,False,1
-0.89704697524044164,-0.40499806620453715,0.17687083021956573,0.44116007996568513,-0.84432299077991235,0.30413232495927356,0.026163104873914184,0.35084933178082034,0.93606636427782586,-13.441749937725744,1.9050825173428225,0.33069050854174203,,0.06726822606806519,0.3,False,1
-0.092779007569187097,0.81590262185450535,0.57069691378648668,-0.93479113985430096,-0.2687487611962675,0.2322490650258221,0.34286670967647714,-0.51193458078783416,0.78763278524272407,8.7574931736612989,6.2822935534446938,-6.6374168863662621,,0.333481296485147,0.4545454545454545,False,1
0.5625304905643338,0.73922316862780946,0.37028172267789722,-0.80943516699051243,0.40116386159269235,0.42881495611869747,0.16844630487039886,-0.54094053565609235,0.8240201327999267,18.758748996246723,-1.7759171985874467,-5.328036660367335,,0.2667040138380537,0.3333333333333333,False,1
-0.32783822805185769,0.91053048373418477,0.25190540768036557,-0.87033853845099418,-0.39480157359658641,0.29435105906493331,0.36746826354776085,-0.12274345471939574,0.92190081874827656,14.715061514565798,-4.05751855775347,-3.5588357309393746,,0.189185821167865,0.1428571428571428,False,1
