axis_00,axis_01,axis_02,axis_10,axis_11,axis_12,axis_20,axis_21,axis_22,location_x,location_y,location_z,dbh,dbh_approximation,score,reconstructed,number_clusters
-0.99257391888060975,-0.12136114017287468,0.0082758210425164166,0.11437250267118131,-0.95425445203888692,-0.27625598888837472,0.041423980865176541,-0.27325796314088097,0.96104845839810715,6.3962304512348354,7.8502958957038098,-3.7698348315057193,0.896747770204276,0.4168376500080575,0.2391304347826087,True,2
0.89274412175213402,0.42882044390430502,0.13827855931678101,-0.44955842432474991,0.82727234428622565,0.33692386602587149,0.030085813860653558,-0.3629510921169492,0.93132236552949543,11.2479229453513,16.956799232895765,-5.6665727949048303,,0.2511012260651923,0.2037037037037037,False,5
-0.38725954263260282,0.90439304821884692,0.17917382892992267,-0.90277666646010835,-0.41141586375480116,0.12542438975759407,0.18714790176531837,-0.11318216018575009,0.97578966047018845,7.7746465503008988,26.630678318226987,-7.1760214981533723,,0.3486549175115513,0.8571428571428571,False,5
-0.93445540596417132,-0.3522381932182333,0.052166555403725348,0.35606240028121794,-0.92579077549415512,0.1270079017853139,0.0035582819327759016,0.13725776935490674,0.99052897150027974,-9.5579244599596276,-3.1116374949154761,-2.1701393620971818,,0.3346848990672163,0.7105263157894737,False,3
0.019045765528784443,-0.99981117862274593,-0.0038556343728120418,0.98509875944145586,0.018105934437151854,0.17103394190937896,-0.17093183718174279,-0.0070556529925867584,0.98525759311893724,10.62240980721087,22.224370311846833,-6.5832465983021544,0.3163388735137171,0.3510588039502697,0.56,True,5
-0.87656828196601455,-0.48114997235981527,0.011079311770026114,0.48047310749666944,-0.87354084600767778,0.07792293198207878,-0.027814385192601578,0.073628081968354353,0.99689782100374658,-9.3778299172821153,-5.9436654404938949,-1.7001186998572175,0.2993070331631333,0.3420693523981542,0.65,True,3
0.98929311347176174,0.12635819369312021,0.073025629226725564,-0.13826471451951095,0.97163515216628815,0.19185411070298175,-0.046711929484719722,-0.19989681828734981,0.97870284442337696,-3.9578050711778268,7.7244231985279157,-3.7418867551497033,0.3590002651356981,0.2924209178359417,0.7892271662763466,True,1
0.094872047154991646,-0.97946085615511669,-0.17792056072446305,0.98567380683112826,0.067387642787205854,0.15461582107474064,-0.13945049729439227,-0.19004035587072088,0.97182211435266119,-13.616188540954212,10.362871588388231,-4.1307974351177403,,0.4573221981558699,0.2222222222222222,False,5
-0.28293281325699476,0.90688068869411986,0.31227622332826144,-0.94061669419646732,-0.32602744957365148,0.094585076642198299,0.18758800009966797,-0.26697100703668136,0.94527097893695455,-15.216957424765516,10.614224075252045,-4.1472521864457521,,0.4409902801232038,0.4074074074074074,False,4
0.9302094783702769,-0.36325010074210617,-0.052532757979635733,0.34851627251051981,0.8293125295717676,0.43678042091038094,-0.11509445749240221,-0.42460580849315549,0.89803294663859867,12.489522234023854,4.2103858177256885,-3.483753150657857,,0.6277544062073905,0.5128205128205128,False,4
0.097812772895729899,0.96678646362603715,0.23612834477866068,-0.98165603947416991,0.0547084050438046,0.18264284979558035,0.16365842973197645,-0.24966161933109518,0.95440295169841149,-6.5136846964317696,-15.189943194379168,-0.27183068277060413,,0.2886840659594965,0.1111111111111111,False,1
0.82380570406885634,-0.56669628420096807,0.014123859827615812,0.5451926679097493,0.79887847183473992,0.25408294334023901,-0.15527110742525246,-0.20161475320969191,0.96707930103333806,-9.2340090301278366,14.037219775559475,-4.5504079782644933,0.75979560941598,0.3692792635756253,0.7358490566037735,True,5
-0.75887558988678894,0.53909903515872259,0.36534924300580357,-0.62997945788257992,-0.74986260326769494,-0.2020691932645039,0.16502642733801803,-0.38350789628315479,0.90867374330312889,3.1890219783798863,-10.517752831314883,-1.0571478981825275,,0.7199474732405085,0.2685185185185185,False,2
0.043561008804953803,-0.99903370157214499,0.0058396605169597632,0.98421614669067592,0.043917005901062414,0.17143474906227205,-0.17152555233915701,-0.001720382441392887,0.9851781692562025,-13.652853067502118,0.10662475482611389,-2.668251189602469,0.4205971750299524,0.4182188233741256,0.9570552147239264,True,5
0.40127987649565539,0.86554678956518183,0.29967184684757597,-0.90960325679791543,0.33810173415255085,0.24147284026503382,0.10768647056272304,-0.36948067938180945,0.92297760082317248,-4.9283982414918555,-12.501903978005693,-0.6562081750351566,,0.4274362214525061,0.2236842105263158,False,4
-0.59732808286254846,-0.8019612244700639,0.0075733658454125927,0.7937578577583535,-0.58981511121400676,0.14854830133824695,-0.1146630920157922,0.094743490700338176,0.98887615316544741,7.8845192841169185,-15.749782027750623,-0.38532729841149593,,0.1315273594703801,0.1666666666666667,False,4
-0.44789374111240166,-0.82077693284434361,-0.35456511839571886,0.88573140521037197,-0.46141550268790588,-0.050750484759543663,-0.12194701511885558,-0.33678028503744167,0.93365302179862475,9.8713640270562131,2.8811240656981174,-3.1977419250378052,,0.3722174363207899,0.4516129032258064,False,1
0.96921024853910542,0.20533347282283265,0.1359031238245883,-0.24303065512815322,0.88644759060455536,0.39388674740254948,-0.039592862926883479,-0.41478769756333689,0.90905641802660386,11.413851539714733,27.825253107618579,-7.5864187810058787,,0.3501068699084531,0.8048780487804879,False,5
0.28285184419888093,-0.93234882396583407,-0.22521213262792544,0.94350825208059919,0.22820737310906414,0.24023649413541021,-0.1725891436015157,-0.28044084101319244,0.94422768557308734,8.398225727263009,-1.4731668569489436,-2.5574994790047834,,0.6510987260643021,0.2222222222222222,False,3
-0.84138911488666823,0.49276399248262265,0.2219189155137844,-0.4814442367963116,-0.8699911229390106,0.10642787634325791,0.24551131176759547,-0.017294326234477596,0.96923944517041283,-5.6068106471041759,-1.9310570201911716,-2.3583274775423311,,0.5442120867642768,0.927170868347339,False,4
-0.70675886175004432,-0.70582715132603291,-0.047957729186855244,0.70365930790413,-0.70836262645863735,0.055551488157408013,-0.073181211643857921,0.0055156040103745002,0.99730340838419818,-4.2462798145357423,26.327964875900097,-6.7481228435047198,,0.4828614380431668,0.3571428571428572,False,5
-0.084928514361155366,-0.98012966241538968,-0.17925677756196717,0.9856710275307875,-0.10895875451854389,0.12876573806789143,-0.14573871460531065,-0.16575232929663836,0.9753391166142833,-8.007667705284959,-2.881262442243254,-2.1922866386880182,,0.5108293966230769,0.1153846153846154,False,3
-0.34904001326332823,-0.93671439832682302,-0.027151521289845604,0.9293490591860234,-0.34972548368411482,0.11833178884798547,-0.1203386693095282,0.016069288382786838,0.99260283227466273,3.6298692536156163,-19.733985498160234,0.41508202303216934,,0.2927846709036902,0.5416666666666666,False,5
-0.80136723826302758,-0.5972117066038205,-0.033892874384449712,0.59722738642794937,-0.8019996292482805,0.010772352856346284,-0.033615447923964349,-0.011609142129070549,0.99936741465784173,-5.2289261069689195,-14.514742881675499,-0.35253280259273673,0.5107378701275178,0.4929162634386065,0.6333333333333333,True,5
0.97859850263818382,0.17708557547053924,0.10481254502478585,-0.2027366345948593,0.91695468255913459,0.34364511800115483,-0.035253760472541633,-0.35753994055649935,0.93323221294563152,13.10713812408213,-1.9018492641967539,-2.6846853524272793,,0.1685793260611941,0.2631578947368421,False,5
-0.55560117069357318,-0.82133136774017679,-0.12931404985530998,0.82666328696444691,-0.5623442243625556,0.019919420453732323,-0.089079453910920744,-0.095831924180443645,0.99140359753170482,-8.5440286446850529,-9.1728547466800325,-1.2029653828162934,,0.2229380260279771,0.2666666666666667,False,2
-0.15773334856375634,-0.98734772166929585,0.016268597521429222,0.97254428059875031,-0.15247155520367051,0.1758125340481522,-0.17110760656827378,0.043553431187723465,0.98428922863467949,-11.526699062444168,5.5332819478154303,-3.4884189874458005,0.3247956280443993,0.2648994162585942,0.8661417322834646,True,5
-0.74396313715619666,0.66312630405168049,0.082355057084965502,-0.6554435768456256,-0.74816028774492871,0.10319835954722104,0.13004832995668303,0.022796682131028236,0.99124555139445369,-15.819748173305808,-4.7576435615872459,-1.8639643541659647,0.2927182094770862,0.2062102359232261,0.4166666666666667,True,4
0.15831519640753039,-0.97881422241106719,-0.12984227582826552,0.96984791364445866,0.12947580277695869,0.20647285752551847,-0.18528713659057944,-0.15861505130686815,0.96979891859755363,-11.819213905179341,-7.5168542313984243,-1.4792649339035981,,0.4149767934725134,0.5714285714285714,False,5
0.99393209913458958,-0.095769262503508756,0.054103887747950399,0.075192377383903899,0.95057200104377015,0.30126230632955003,-0.080281309738103865,-0.29536607657477715,0.95200514290394367,-12.536092065874666,1.888677942477536,-3.0218200979404641,,0.325052028923135,0.3611111111111111,False,4
0.80490231183948979,0.58586425631325267,0.094315118459145281,-0.58915731124948711,0.7699911297963784,0.24496392109078097,0.07089380083419225,-0.2527384680048031,0.9649338504757029,-13.568386750284649,-2.9960686349803733,-2.1467403149757032,0.2985194615142127,0.3611216398754748,0.5178571428571429,True,5
0.12071708417400084,-0.98049500226906194,-0.15510298550936696,0.97792472959283949,0.090615805191423121,0.18828701256401528,-0.17055969289166414,-0.17440850430785124,0.96978918574389117,-12.371156082707595,7.7796098491840073,-3.7578405600061568,,0.3233410215719424,0.2941176470588235,False,2
0.99591351462132416,0.048748352343230328,0.076025453227333534,-0.068033524985688668,0.95858333374055738,0.27656722826983782,-0.059394535713505531,-0.2806093199069824,0.95798261921013894,2.622972232645242,-27.583498912254775,1.7835488801755475,,0.1728624272226475,0.1,False,1
-0.97528126570579121,-0.22085850888101588,-0.0069261690828305439,0.2179080807015428,-0.95610961699638575,-0.195883814165425,0.036640430241464447,-0.19255108242198776,0.98060265119458123,-2.9172787949920593,-14.869809286454732,-0.30254259042028758,,0.3898577233441526,0.2666666666666667,False,2
-0.87475793434377846,-0.4845537908475222,0.0024859762469017221,0.48393710238755572,-0.87336155423359085,0.055176775181428023,-0.024564959502120592,0.049469378022986996,0.99847350661030421,-4.0391638521408897,-25.12087250049764,1.5006277087856468,,0.34577931162518,0.84375,False,5
-0.95353381281238903,0.24441527863466261,0.17616594277387385,-0.27785339613512311,-0.9394640927933906,-0.20051111841508848,0.11649359673237811,-0.2401424367366824,0.96372239363756762,-4.9690653318015476,16.781323942072028,-5.0931564057160106,,0.5201364794339782,0.2,False,1
0.91726044525634376,-0.39265763767708051,-0.066732714181191297,0.39512041405665416,0.87601331626434464,0.27655113111908203,-0.050131167588957255,-0.2800368713248314,0.95867941290859493,7.0423104434109138,-13.792948668614718,-0.66443340786106908,,0.2293506414705692,0.2564102564102564,False,6
-0.72123429988816223,-0.69182788764328951,-0.034572511390638799,0.68730303075890342,-0.72094536196198034,0.088613367925694159,-0.086230090887449456,0.0401492085168874,0.99546592733303008,7.9335508056247921,13.335255211665345,-4.7904351921546402,0.5347945738986233,0.3477170803193798,0.3114754098360656,True,5
-0.34025972860775006,-0.91201367239385989,-0.22902920873645266,0.93024162183820625,-0.36205617566317161,0.059714744108826781,-0.13738210250103308,-0.19273397995896813,0.97158621381819354,14.172589318290434,31.343489816827198,-8.3463974217646353,,0.5104458759102551,0.2580645161290323,False,1
0.47161938150642979,-0.88019994119717671,-0.053134005156585173,0.8606339198767804,0.44633787177171425,0.24513620740279277,-0.19205315656093952,-0.16133991365680189,0.96803151669570986,5.8185323736368577,17.116344710813554,-5.4800343899551187,0.662447579837399,0.6278447372535362,0.9134199134199135,True,5
0.73826414446823263,-0.67356194910334899,0.035782030583616217,0.651015344072851,0.72542337843018245,0.22347246767476545,-0.17647967241100909,-0.14168705920809724,0.97405323390391008,11.68780159645573,3.1438333356675008,-3.3214489694235065,,0.09302005289981567,0.2702702702702703,False,4
-0.73514340082809204,0.61860555603705891,0.27729288894414195,-0.65702977792245387,-0.75090820629969712,-0.066698850326989995,0.16696122646314659,-0.23122290490315253,0.95846748359350709,11.481359889796702,21.077018321900816,-6.4209590769199103,,0.4613824193504431,0.1794871794871795,False,2
0.19511280990483648,-0.98038532520054222,0.027849695554289018,0.96382662527814267,0.19691960834068448,0.17961320735374231,-0.18157430384276899,-0.0082025595016946146,0.98334301756896392,-16.209200225140673,5.6511757432410015,-3.4505524475134792,0.3702577214889372,0.4713010176814014,0.9868421052631579,True,5
0.89613348494172917,-0.44364141171362714,-0.011272753830864665,0.42252329837543839,0.84515712797307518,0.32738889927155956,-0.13571602520016413,-0.29814715636585082,0.94482243498703256,-10.799994348942654,-4.4232111287623885,-1.8975973387947322,,0.1677996721997215,0.1666666666666667,False,2
0.62980638338959272,0.72353579190452888,0.28255951103229077,-0.77601241691317469,0.57022651659837564,0.26953005132017355,0.033891713416326595,-0.3890214359147427,0.92060505873069032,-11.082778871923903,7.5628127211619169,-3.7303925356194587,,0.3223205358169802,0.25,False,3
0.90326317242487897,0.34527980076696729,0.25474987835770813,-0.42834039589955386,0.76058518444689949,0.48788798144706352,-0.0253011181878827,-0.54981090966094892,0.83490587315950993,-0.84259166025875221,21.512175932692255,-5.959595924663323,,0.6269821532864216,0.4186046511627907,False,2
-0.94195777614656107,-0.3340535343660338,-0.033522889711144116,0.33535788918641785,-0.94091614472916718,-0.047030785113909346,-0.015831428155879949,-0.055543179289283297,0.99833076738973825,10.201495177734438,11.822994419048168,-4.6545850185446493,,0.2277667565269441,0.3333333333333333,False,3
-0.99370925024188361,-0.1038038425763608,0.042031990793866311,0.098729277445924038,-0.98915657789187172,-0.10872807451733763,0.05286261210647198,-0.10389430532817512,0.99318251976243388,-7.5108828681666528,11.108922870018993,-4.11784636716538,,0.2400620531202622,0.3571428571428572,False,2
0.13918227757472759,0.9659423699377655,0.21813672677502838,-0.97726584645614145,0.098403806591338849,0.18779817943391908,0.15993673424035998,-0.23931575127297056,0.95767855370848798,2.2774580759665741,-31.128749317964708,2.4536570461922369,,0.2127211094641702,0.3076923076923077,False,1
0.82636053342378057,-0.56071052417740708,0.052268316179722128,0.54103367937806868,0.81624329589672673,0.20255725038190808,-0.15623964470708251,-0.13910639805683644,0.97787452336251157,-3.7885566870561367,-6.1473771559605908,-1.7051514696493772,0.4670144224761502,0.4341259016572847,0.9840182648401826,True,5
0.78652167062722134,-0.61644448126012119,-0.037146509360957314,0.5964914053778364,0.74273166455936968,0.30421649819041796,-0.15994269268752884,-0.26143044196268916,0.95187838460123408,5.0019123945681869,-6.7012734366811522,-1.7296449507513059,0.620052130649813,0.4158333795044567,0.5,True,1
-0.33292074131514637,-0.94236038274171219,0.033476693998447549,0.93340348469097123,-0.32430056075962516,0.15358086162586557,-0.13387200890747783,0.082377517138386452,0.98756884818284429,-8.9139891765044634,-10.610385812010801,-0.9528927443610693,0.3492340916049613,0.2603082979495587,0.6129032258064516,True,5
0.46365429459267749,-0.88578398030224414,0.020283869100328374,0.86567160165370549,0.45776695470397483,0.20263783770894511,-0.18877863543334106,-0.076394734248911134,0.9790436514185481,7.0568817278161298,16.176953491407943,-5.3378990157561059,0.1901813133568924,0.2677795592480383,0.8494623655913979,True,5
-0.98249659787946597,-0.17678638484359746,0.058711236481673125,0.18273374746435664,-0.97587884969787286,0.11945228440674525,0.036177516400497205,0.12808998729911972,0.99110248837383352,5.6355619096908462,13.262798892945829,-4.7085954013217277,,0.09130446324760429,0.3181818181818182,False,3
0.97453723837264628,-0.22299652467698047,-0.023446129894001022,0.21525599348001057,0.90114483724809602,0.37630152746439666,-0.062785573947772511,-0.37176677135415598,0.92620053952745951,8.1387370703843001,-3.3926416479384889,-2.3296839956057052,,0.5099652736167161,0.3666666666666666,False,2
0.41457763878381126,-0.90948276061276889,0.03108841534423764,0.8909225333194406,0.41260417842730135,0.18977574019879623,-0.18542497416504874,-0.050979408514691814,0.98133515114021197,-9.9563721319078393,2.6250516070337926,-3.1264687720668576,0.4199100830939892,0.4457145237715611,0.8798701298701299,True,5
0.95949273678432079,0.22238818817540582,0.17296584003263124,-0.27707266518544071,0.85606189854236558,0.43633560944653238,-0.051033579780083591,-0.46658495434818797,0.88300286189271726,-16.171139755919899,17.125766721801408,-4.8942261358038328,,0.4027625943396391,0.1,False,3
0.59484558722635528,-0.79721451613595407,-0.10299389603005892,0.78350104857345237,0.54637593804582363,0.29597202774730003,-0.17967981033392333,-0.25675348018413391,0.94962772504371562,6.0909801861040593,25.231112713559636,-6.913624807610641,0.4340277338327679,0.5120866402105011,0.3333333333333333,True,5
0.99832518693254768,0.028520875230127914,0.050332701220998081,-0.049505467927470244,0.87134066806787824,0.48817481378734318,-0.029933756553045601,-0.48984895615600987,0.87129327460476369,-15.678975423721365,1.7396557032804703,-2.8997440869998585,,0.5985769636561242,0.6206896551724138,False,4
0.49736768814107857,-0.86676262700038664,0.03671418293504411,0.84539354572619774,0.49373796529794656,0.2037954230789584,-0.19476944225849846,-0.070323325140617357,0.9783248408905304,-10.476529125595933,-10.029427871650105,-1.0477386534210147,,0.1322717396128494,0.4210526315789473,True,5
-0.91467229053209287,0.39715141595022935,0.075135569083516957,-0.3847569070637053,-0.91246131934055508,0.13919936484792497,0.12384152534407519,0.098412872715018584,0.98740983542014205,-10.901233812848213,9.8450896238976195,-4.0337449712182396,0.415536772981353,0.4120513793345169,0.8461538461538461,True,5
0.97852350392277654,0.18714707511943263,0.086415997042984791,-0.20320168517961928,0.94621773869694759,0.25175596540181172,-0.034652956740437009,-0.26390900562405367,0.96392489818432892,-15.814809103183805,3.9035826519496841,-3.2219095522059917,,0.5107564557009465,0.5833333333333334,False,1
0.30412534007349895,0.92357848243200424,0.233474975776364,-0.94198802466600073,0.25502110597389166,0.21822648073434725,0.14200823536338969,-0.28629883390689581,0.94755825087037659,-20.527444918535021,0.3889357546386436,-2.6286483152420232,,0.4275975404644148,0.125,False,1
0.11825600793708346,0.93844868856654085,0.32454518254708875,-0.98669115017964359,0.074318048155662314,0.14462849607011874,0.11160685796113137,-0.33732904803184582,0.93474757159886335,-8.0707335487391916,13.179549412049674,-4.4186978525080454,,0.3796818039628898,0.2647058823529412,False,3
0.27109981682087381,-0.96253463271796058,0.0056542141972901055,0.94486988813204376,0.26723606480478873,0.18922415323892844,-0.18364581079084627,-0.045956136545090384,0.98191763895594719,3.5365839273162218,-21.709154355733705,0.7384781197270307,,0.09271922545189065,0.2777777777777778,False,1
0.98844585561573917,0.126609882637505,0.083335035456797019,-0.14456644408288877,0.95271622025530067,0.26726830509374161,-0.04555583125459766,-0.27622769825086257,0.96001194000790013,9.940505611748236,36.967128225613166,-9.0571280585236522,,0.264019114866931,0.1428571428571428,False,1
-0.8042483365055505,0.48172963197512697,0.34802467571303453,-0.5731389492924881,-0.78356671722014304,-0.23986442935281263,0.15715074938401299,-0.39237706525988048,0.90628024397869678,-4.0666102633537635,1.5770881186509158,-2.9089845753201655,,0.5481027253471753,0.2275641025641026,False,1
-0.57396907953118081,0.78591260972821664,0.23000188175819825,-0.8002106800022174,-0.59793579803389107,0.046213082995645971,0.17384580337907979,-0.15752508149420852,0.97209232346918839,-11.894523999952025,-4.9840847026190875,-1.848788456346534,0.5974219597583262,0.6172553955517954,0.12,True,2
0.46027606047020803,0.84456113832091173,0.2736099994446663,-0.88302002236752775,0.40366701701202351,0.23943387286402182,0.091769211918132892,-0.35180878757458528,0.93156265958293138,-5.7458597641867053,-24.195866271573173,1.2782827156368113,,0.342589779755198,0.55,False,4
0.33187356878175572,-0.94315172479083831,-0.018021053468876433,0.92328881330822521,0.32084935023005495,0.21117164032331834,-0.19338485350189816,-0.08672092297143999,0.97728285565389461,-14.394906629281005,-10.634515913643416,-0.94976297041636148,0.2951081962388581,0.3192068065590009,0.53125,True,4
0.99522690066813446,0.035307369003920896,0.090976952468848626,-0.066606066390228674,0.92711047704925953,0.36882217295807174,-0.071323545246423536,-0.37312136502686943,0.92503697161463028,-15.018354725929724,-1.2627033899600733,-2.4434139948431004,,0.4208893933567033,0.5454545454545454,False,2
0.98075808734410674,0.18320077473131588,0.067461472315500051,-0.19517184128276591,0.92829458121363662,0.31650769794697564,-0.0046396637188612089,-0.32358406423562464,0.94618805049172516,8.5890522405662377,17.720731212429218,-5.6746317833683024,,0.3322320689310396,0.4137931034482759,False,2
-0.95053676976894552,0.30003558726979973,0.080364766464440573,-0.28735373522719054,-0.94765167842046028,0.13922689121669402,0.11793082789584482,0.1092471636178709,0.986994111974965,9.8609089515324175,7.2578312882011504,-3.8176439466793424,,0.7111683582693099,0.3333333333333333,False,1
-0.46635103699537989,-0.88457585403714556,0.0065014419776865534,0.87655470435171545,-0.46110834021494795,0.13795270516772551,-0.11903176287114046,0.070033256661897525,0.9904174788386555,-11.607223363911224,-3.1099100469334675,-2.089641444778787,,0.8962965741246345,0.4090909090909091,False,1
0.83068795084655267,-0.51549626964716477,-0.21028819343513228,0.53544799248470221,0.63628393169168285,0.55537213255174656,-0.15248926408916907,-0.57393932976476714,0.8045748380894796,-6.7733073143882079,-4.9249235580351085,-1.8527432669632047,0.5838696516002644,0.5190452977752913,0.1411764705882353,True,1
0.91333600435980744,0.39793802243415488,0.086386766586413033,-0.38782433642183967,0.78539145623259099,0.4824443434799599,0.12413551957043154,-0.4741366794269814,0.87165634398135083,2.7813343108611579,-12.904306736197892,-0.6672870662492103,,0.3217103072020923,0.2222222222222222,False,2
0.18368564980816235,-0.97556415003529651,-0.12055775056155878,0.96644259596111726,0.15682557387907675,0.20345625596042879,-0.17957809099801236,-0.15388413999957298,0.97163335713122911,-14.314143862804265,-6.7449886900351341,-1.5928663894929278,,0.2223667247619669,0.4285714285714285,False,3
0.89180877254793023,0.36376318354319748,0.26898598384501998,-0.45216943658815251,0.69718637520796611,0.5563038368013753,0.014829491633505658,-0.61774388262685098,0.78623951926559676,11.563428472946505,5.317652618940933,-3.5824866583820785,,0.4917059724530885,0.125,False,1
-0.30076610274419535,0.88212064322551265,0.36249540995090668,-0.93574416293800522,-0.34636076476186622,0.066461132709480217,0.18418092454844517,-0.31921370808438515,0.92961282026631775,2.3804605765577338,-33.269481203724972,2.8564939343547668,,0.3833262341772911,0.5,False,1
-0.9932998380631789,-0.09503586065470998,0.065754215783332889,0.10193107660406837,-0.98858151663434324,0.11098036128647826,0.054456288213557982,0.11693917290010325,0.99164496797767399,9.038868883595331,-16.821306530965046,-0.27475267606949788,,0.1655167992619069,0.4444444444444444,False,2
-0.73918563969267859,-0.65432501532750353,-0.15957244244789348,0.67340625778958552,-0.72202625275730703,-0.15875170014543569,-0.011340284033054177,-0.22480405833948436,0.97433799746912575,8.5324083825913135,-13.146746787119245,-0.79134246722698864,,0.5310542199625635,0.3333333333333333,False,3
-0.16535411989172599,0.90962920715510398,0.38109410980125286,-0.96959797632228695,-0.22061276864121057,0.10587620423960116,0.18038231439517222,-0.35200101108212223,0.91845386865677969,9.1393322009408777,4.4124361485927723,-3.3609400238470757,,0.5443782852907619,0.1304347826086956,False,1
-0.17293629523314696,0.95945046144656565,0.22259346311382794,-0.96821800032654282,-0.20706224177260396,0.1402823291643511,0.18068464692581226,-0.19125909144947076,0.96476578416899628,-6.0195252851122865,13.13525797934437,-4.4657888257363618,,0.452538256644109,0.2857142857142857,False,1
-0.61979604533573585,-0.77530230224001018,-0.12148745749056568,0.77944826530121547,-0.62616353345577014,0.019484124027284722,-0.091177101868334082,-0.082617004977934505,0.99240171633435192,3.8397404754827607,-15.830565339496072,-0.24557573515838382,,0.2681400237034711,0.1538461538461539,False,1
-0.76542913521678646,-0.64343123270953417,-0.010699894166347368,0.64101767904871265,-0.76381207126446937,0.075415216884144959,-0.056697214290330727,0.050866182917238732,0.9970948085950232,9.5342545953482691,-0.79833732682800285,-2.6862832600156454,,0.2449751625253137,0.2916666666666667,False,1
0.94248226698214865,-0.33278678085953639,0.031307106371171331,0.31137961177613732,0.90817347598893106,0.27975645636932744,-0.12153153415608174,-0.25391710457416683,0.95956041509137913,-5.485212525320696,-28.989991646239051,2.1811153034595452,,0.5065133913172546,0.5588235294117647,False,1
0.89627324057772606,0.3920576106076254,0.20732850307890993,-0.44331258018203684,0.77829807797131456,0.44466398333854651,0.012970523375994102,-0.49045176296022996,0.87137181141723663,8.1557585317044676,4.1365155041601787,-3.3070691506485099,,0.7310680120628258,0.3333333333333333,False,1
-0.24473898720041998,0.86724112044744417,0.43358467125715394,-0.95215741998653458,-0.29938338343773008,0.061366418226611735,0.18302752718839593,-0.39782210688502317,0.89902085379865504,4.5084587302186208,-12.560754668355587,-0.76366876201483125,,0.1991391526891369,0.3461538461538461,False,1
0.67079045136357962,-0.73916791579518704,-0.060588469352212404,0.72110810143048365,0.63094102824069098,0.28621063036495054,-0.1733299639726727,-0.23567819403071286,0.95624918951476945,-5.8655304460092834,15.105867938458262,-4.816267982456762,,0.1660517636438172,0.6363636363636364,False,1
0.69447267680759039,0.6478371743173319,0.31307298947726986,-0.71562655697614208,0.57670475289128664,0.39406885051101426,0.074741769568109295,-0.49771339500272094,0.86411518000593701,-3.9843969944889532,15.011277453742878,-4.8599535575604031,,0.7833353602511461,0.3457943925233645,False,1
0.20994830491837782,-0.96435310342195324,-0.16107389975519654,0.96223231810649812,0.1746007157021881,0.20886252911347894,-0.17329360996094165,-0.1988408458962368,0.96458884647811183,-4.8750677325156957,24.242044292448249,-6.3309977736155734,,0.5923012834205565,0.2340425531914894,False,2
-0.56331139478962733,0.72630210388930272,0.39391055632736877,-0.80629824034775199,-0.58734188141290233,-0.070090384151260593,0.18045337379024984,-0.35709210047874895,0.91647248276388094,6.4509742389357241,9.4040352600436492,-4.0607578643848496,,0.4681108746074569,0.303030303030303,False,1
0.71758984892898914,-0.69625615695714427,0.017093057460191817,0.67694074121216996,0.70303290890800663,0.21793568289626897,-0.16375604294555757,-0.14481744677908537,0.97581343785951147,-7.8996557724264038,-15.059815209333184,-0.26624595141986063,,0.237723198927621,0.32,False,2
0.98012716844062875,-0.19808662326419246,0.010602988651590983,0.17138650424652332,0.87250733434912053,0.45755613608512435,-0.099886935315447234,-0.44664599090418611,0.88911751695853225,-4.8203042705664467,-18.338931772476762,0.2918482848681615,,0.159700520195357,0.24,False,1
-0.41039080641660469,-0.8808565826047956,-0.23594716970230528,0.90293553053548514,-0.42872468556872656,0.030042830768705286,-0.12761980138414783,-0.20071578130729101,0.97130137518119131,10.294565255195391,0.77824908894569744,-2.9480702554153551,,0.09135920480783549,0.6666666666666666,False,1
0.39445167467738862,0.83960887298129827,0.37344988519917555,-0.90968418956825903,0.29932271285285406,0.28788989009680022,0.12993287341448018,-0.45328010543314379,0.88184726252609902,6.6900492600750683,-6.7215265391181207,-1.7728704141859302,,0.5221381682121355,0.2413793103448276,False,1
0.98771356696428636,0.13789551832613159,0.073530508363903707,-0.14977633031291571,0.96958115167344761,0.19359607743337076,-0.044597763539027238,-0.20223060190079747,0.97832194248220694,-10.691475649474292,-22.340666675487061,1.0009065737189864,,0.2938208799485789,0.875,False,1
