axis_00,axis_01,axis_02,axis_10,axis_11,axis_12,axis_20,axis_21,axis_22,location_x,location_y,location_z,dbh,dbh_approximation,score,reconstructed,number_clusters
0.45961253933914326,-0.87770706455568737,-0.13559728061899345,0.87683826642186002,0.42419625101063174,0.22630111614138076,-0.14110623026831315,-0.22290771511449886,0.9645730570163682,-4.5800025491790528,10.468703031868419,-4.1108061826307063,,0.3591605841124497,0.9568627450980393,False,5
0.40460083543166797,-0.91217898242420903,-0.065020519772841304,0.90347523827086407,0.38771077106839202,0.1827918264829082,-0.1415297064202459,-0.13270215529932844,0.98099922537151441,8.2553392276402509,-16.592890232772636,-0.36943585540292689,0.2517589564355221,0.2384115946822765,0.8378378378378378,True,3
-0.10038983806303496,-0.99493323192176419,-0.0054538455598410873,0.98612591793145665,-0.10022653438213318,0.13232654982878073,-0.13220270192972347,0.007906062449796759,0.99119117216560226,8.2038395111733884,-3.8136712403370847,-1.9232753543120211,,0.1067735131554356,0.6521739130434783,False,5
-0.86966129974354645,0.48804677880915026,0.074159054891351203,-0.47869839494821104,-0.87044424888751459,0.11478090543577982,0.12056977399984019,0.06432069085965525,0.99061888651739549,-10.666640648375704,-10.019808150794503,-1.6606661630155013,0.3854479671359575,0.325889144159203,0.9375,True,6
-0.99715403979567774,-0.069382946355948952,0.029492841065731447,0.072196992945068553,-0.9914695551221866,0.10851596875807908,0.021712096371624454,0.11033643106781271,0.99365711231307974,-4.8161013767616314,-18.813369900229549,-0.033620409142195065,0.3863097472941574,0.3437282914128416,0.9701492537313433,True,5
0.29724390900710984,-0.95479773046841554,-0.0027115402517195034,0.94480237093124253,0.29371989566205975,0.14517955357064688,-0.13782067493985287,-0.045715607669946284,0.98940160944607891,-11.131815421600283,4.7714556502683889,-3.6927208311690896,0.3593497050801968,0.3114519951676905,0.8314606741573034,True,5
-0.98847117109155413,-0.14914609071835255,0.026080405371170373,0.15063887783780169,-0.98609604825371422,0.070160616460918895,0.015253603005830287,0.073280469716297952,0.99719471536581017,10.548547106767325,-9.6918192704834176,-1.1873967320856362,0.1654381448815092,0.1815245106993505,0.4888888888888889,True,5
0.92921791703284218,-0.36869894575183665,-0.024802218985998638,0.35092981342431118,0.85942389916202999,0.37180482460440167,-0.115768427108272,-0.3541915427429288,0.92797953767001773,-10.19445608573543,-2.449878720236911,-2.7628786614295837,,0.428982052978348,0.4193548387096774,False,4
-0.648104584618173,-0.76147850864333044,-0.010532249106277564,0.75731853256948911,-0.64589680905843261,0.096363646023445132,-0.080181591551319945,0.054477453340495093,0.99529046988998815,3.7912459433796455,-7.6287749273050665,-1.3765380819745276,0.2803564844369638,0.2504138659491408,0.8777292576419214,True,2
-0.92718369070453321,-0.37058878132548795,-0.054720735075565671,0.37453225465196971,-0.91997315253752598,-0.11565028679375626,-0.0074829083137975946,-0.12772374002453746,0.9917815547373886,0.78123899967056376,-27.34289967980887,1.091644920431234,,0.2582473483853214,0.2,False,4
0.642553997165764,-0.76622122684555671,-0.0054214626798485153,0.75520183469975111,0.63208475838906975,0.17360601106632439,-0.129593786858895,-0.11564553490524848,0.98480026435011181,-2.7039276896632041,20.098513507254669,-5.1699729599631423,0.619442644964588,0.2785466468904617,0.859375,True,5
-0.78267370496587252,-0.62120283190089542,-0.039101319585171303,0.6195677845482146,-0.78355293816438865,0.046696396477357058,-0.059645887578366967,0.01232212369119209,0.99814354346593226,8.611278301746065,-9.9460616054462694,-1.1371572116927164,0.1654246163193824,0.2438424626876029,0.6938775510204082,True,5
0.99231140449855348,0.11111122414712761,0.054519467813189143,-0.12365360286082015,0.90882497665483031,0.39843060664045904,-0.0052785416210513001,-0.40210876349176033,0.91557669221178895,16.593683964682096,2.0836074661984325,-2.7882976516764812,,0.4644464210087694,0.2894736842105263,False,3
-0.95356022876294799,-0.30033366003765993,0.022860069333640626,0.30117988634892789,-0.94981072890078255,0.084559182374312925,-0.0036832296157617598,0.087517266372692151,0.99615619352903195,8.7502931546007154,-12.671907352040469,-0.80064628772431701,0.2387530507881913,0.1892548839462359,0.8035714285714286,True,5
-0.89802186976658982,-0.43930261118561886,0.023873358088384547,0.43994952549145044,-0.89656464225083654,0.051149362512921182,-0.0010660397585674896,0.056436318724094804,0.99840563173897745,2.4356772933754516,-16.880784642289136,-0.31942044671833758,,0.1637028167997592,0.4814814814814815,False,4
-0.050649431961746136,-0.9973506594714312,-0.052213954972351172,0.98770320121429067,-0.057765162172969765,0.14527757001744557,-0.1479088278399763,-0.044213664076083639,0.98801221174435516,-5.1940078973926953,18.731269108014782,-5.1693376768049673,0.6786107542494917,0.3022981356688934,0.5434782608695652,True,5
0.39317743255312571,-0.91927954300086689,-0.018347434454151913,0.90963981385005688,0.3859905875258367,0.15351441430788601,-0.13404072362444938,-0.077047960138972346,0.98797606056455511,-14.172485716751533,-3.2047224103404259,-2.882428177398753,0.5390692837441962,0.4691505080350346,0.9404761904761905,True,5
0.53534428667157952,-0.8257645480046526,-0.17753705524979568,0.83049951759079144,0.47633333348552553,0.28875094232232279,-0.1538734740283714,-0.30202560598273537,0.94079938739414637,3.8247050468226336,-18.529866611099401,-0.055818655901403766,,0.2689896851773,0.2,False,4
-0.92001307505957819,-0.39181064818202727,0.0077690212124644454,0.39134585936224348,-0.91751844884835565,0.070769445263724196,-0.020600001928331925,0.068149189240134772,0.99746244436894271,9.4038516685288673,-11.239561823847575,-0.97876724057368814,,0.1396165280121848,0.2380952380952381,False,4
-0.47411149981443429,-0.88042668206458941,-0.008194098635325938,0.87462805188823844,-0.47201795877723096,0.11056589637840747,-0.10121292700980436,0.045253774433898941,0.99383501613979852,3.5472903358287509,-9.685723578350327,-1.1349941596032254,0.1459205127021161,0.1003773242928311,0.3018867924528302,True,5
0.32734858420010965,-0.94459772982674495,-0.024042321608849664,0.93441320333834232,0.31982858541291753,0.15678533534661129,-0.14040965012833315,-0.073788920299268493,0.98734002521517727,6.4519736585307959,-10.277392315134447,-1.0707423479371043,0.167500678097374,0.1260951656528311,0.4193548387096774,True,5
-0.81213246071860457,-0.58289675951703546,-0.025927475613425028,0.58082066086577966,-0.81187423869779141,0.059224829677438071,-0.055571810826931994,0.033039193141207089,0.99790790434688637,6.3577693118984273,-4.5824599342697558,-1.7696118261238463,0.2000205576712035,0.1499483369861355,0.2435897435897436,True,5
-0.95667521036557568,0.25893754274614034,0.13313110391104271,-0.27744018664368136,-0.94941913654825738,-0.14707224752168863,0.088314691343520282,-0.17763629165390846,0.98012543237095262,15.866303800798194,-14.094808459526252,-0.69486059125156563,,0.32595083224443,0.2307692307692308,False,4
-0.22931469564148005,-0.92576019848046609,-0.30063736506339861,0.95910626300733492,-0.26756103277256754,0.092337803752212066,-0.16592150741528455,-0.26716876436268683,0.94925808120129007,-14.933079973676275,18.274462621076857,-5.3187472672189813,,0.3991741035808628,0.2068965517241379,False,2
-0.98962061829234338,0.11815347250146527,0.081797241924935551,-0.13443374513335754,-0.96230575700924348,-0.23642165339978227,0.05077991748812119,-0.24496405238873889,0.96820143204665177,11.341484915113613,-4.2719687816781953,-1.9120206732437881,,0.5342246494509826,0.3157894736842105,False,1
-0.10547899320432544,-0.99433989327290573,0.012742002928462164,0.98579345305393395,-0.10287095972088939,0.13277361771867555,-0.13071132280182812,0.026565810586733938,0.99106448216009968,7.0294261071082529,-1.9875416901768834,-2.1232450084056347,0.1667568235741918,0.16108040479394,0.65,True,5
0.15478187025634021,-0.98000588562251978,-0.12502414480878532,0.97663560768881785,0.13268295022238211,0.16905065665230753,-0.14908206610535341,-0.14826900844580951,0.97764555883011806,7.422251033613148,29.249915780383596,-6.1942021760867201,,0.6314553594235154,0.6461538461538462,True,5
-0.16126084764504872,-0.98592896101927052,-0.04403433705942135,0.97759491008135235,-0.16569580961345742,0.12981945331718814,-0.13528906385895767,-0.022112948695350371,0.99055938070373339,-12.695029940452429,9.6617158421920735,-4.3381382733904861,0.294608622314507,0.2433722837359065,0.6216216216216216,True,3
0.18880498610316285,-0.98119434007133122,-0.040129094614402047,0.96971173978351333,0.17983570917111275,0.16528236274012181,-0.15495747464584836,-0.070119788354715565,0.98542954914720993,4.3061231382655354,-12.158281486203412,-0.82178163514863956,0.5159539897835093,0.3624434605791599,0.7866666666666666,True,5
0.25316346545785678,-0.96738049883813881,-0.0091230600700456486,0.95788052543128155,0.2493337367143019,0.14246959933815539,-0.13554762541948109,-0.044806899064276283,0.98975713336120141,-7.585602112561971,-2.6272208865635327,-2.5780262980854829,0.4082723715510455,0.367274408669843,0.9481268011527377,True,5
-0.3699574412810282,-0.92895219329143408,-0.013390825957701224,0.92203537157232907,-0.3688942027303142,0.11733644259753107,-0.1139397437695575,0.031062674884831398,0.99300193605990905,9.4552986837366042,-8.3447894367670283,-1.3324663219477237,0.1228054456373449,0.1399815615735579,0.4418604651162791,True,5
-0.33198209270847334,-0.9431056307273602,-0.018429851091374832,0.93506635594472698,-0.33160015078938188,0.12526871108424517,-0.1242529681784363,0.024353835156025058,0.99195165739669056,9.3679950017975706,-4.9775007684370136,-1.7638834469948803,,0.1699610485882073,0.5892857142857143,False,5
0.99882658646009959,-0.035370006458002187,0.033081910821879598,0.0298641648290126,0.98758559365057919,0.15421681773690951,-0.038125868377408507,-0.15304789399725333,0.98748304304604373,-5.7680148351236049,-11.820487027277037,-1.0889645061123057,0.4091685699611737,0.3640499427573702,0.8493975903614458,True,5
0.65478690856938082,-0.75548093544411854,-0.022420092476021544,0.74726532715924254,0.64264768209472323,0.16911087346433457,-0.11335182041654285,-0.12748534378021403,0.98534199744530182,-16.619124311405141,1.2666536943275142,-3.4814749863581027,0.5523951989334231,0.2799198001143732,0.4285714285714285,True,5
-0.056438585799418774,-0.9790081480177395,-0.19585130111346333,0.98969138904793419,-0.080720665113698631,0.11830100873606983,-0.13162689876059225,-0.18715560461412037,0.97347169408472856,5.4873822514274,7.0206997456635749,-3.3689052289192931,,0.7887274496173535,0.6451612903225806,False,1
-0.46515449323308578,-0.88507936278986266,-0.016303956224264414,0.87973936152646992,-0.46423927136511678,0.10266720364062464,-0.098437559935582383,0.03341287904202285,0.99458213653174621,2.5205190974688714,-15.616911120379962,-0.46191114331471089,0.2280654013031457,0.2127699867267189,0.8205128205128205,True,4
-0.42465476514152495,-0.90498345294628513,-0.025947646059214929,0.89875237329095448,-0.42483958425981033,0.10842277966288957,-0.10914440868167374,0.022721741556702611,0.99376618000118988,6.9618323718381045,-12.676763149221173,-0.80447454569124655,0.1746376651708771,0.1583305057370422,0.6444444444444445,True,5
-0.72292260966770994,-0.6909173243375718,0.0040188756438471716,0.68892213161511007,-0.72036759461979605,0.080354372579121008,-0.05262316032055632,0.060858685098364819,0.9967582572750413,1.8103842314321461,-21.194490675946717,0.28942933744009103,0.5383075646369099,0.2659210407065825,0.375,True,5
0.82284011597103124,-0.56453839937401462,-0.065042595128164626,0.56585464063582025,0.8034059870371133,0.18533036897343386,-0.052370499517259417,-0.18930191659132303,0.98052134864834306,8.6582549624091918,28.181467976608172,-6.0413042361108307,,0.2049161501776018,0.5,False,2
0.93826144021680535,-0.34564194827280309,-0.0140397078483834,0.33747699905616224,0.90567259641361209,0.25664454643236401,-0.075991742382538197,-0.24553776023171625,0.96640388212695982,-13.608564056438938,5.9839885070420484,-3.9170949054376649,,0.2908398687987033,0.3,False,2
0.37251753201562637,-0.92801313994337464,0.0047223334724275194,0.9174615449957586,0.36903803164355575,0.14857740290718674,-0.1396245028459594,-0.051015128080678041,0.98888950591657621,4.8166855317159447,-17.180211552041438,-0.27928824187224444,,0.2578604825160314,0.7962962962962963,False,5
0.54145161729416824,-0.81806931973286112,-0.19388845824686279,0.82322494663947909,0.46906732629524173,0.31980702092459051,-0.17067757134420994,-0.3327738443959336,0.92743233452688867,-5.181763495811488,-9.5884436356633653,-1.3552714763906328,0.4736040182029673,0.4541888165563625,0.2921348314606741,True,3
0.91081667595715643,-0.41224379654513893,0.021634116769747122,0.40346655812478088,0.90006336517653551,0.16462282691666308,-0.087336815108519178,-0.14121257336774584,0.98611930812126369,-4.1572473665602798,-12.912614826340775,-0.89583087187413346,0.5386307183516374,0.4102254623980214,0.952755905511811,True,5
-0.92480980266845147,-0.38041443422437732,-0.0034186433109421105,0.37937078937931262,-0.9228682091247753,0.066272714993036969,-0.028366054608595107,0.059992723063534634,0.99779569057265693,4.7718944130121059,-19.82210235742297,0.10374678000159404,0.1478489821618854,0.1409146763382905,0.4827586206896552,True,5
0.77248250548705266,-0.62253288916303773,-0.12539370250043008,0.62704583977575146,0.7165200057332225,0.30563474312320088,-0.10042058323057103,-0.31472509161867485,0.94385582753365904,1.7188566648686483,-23.813318711107268,0.63166583743516469,,0.3706011745874509,0.2222222222222222,False,4
0.52733536548047855,0.82722951529931166,0.19392973297366317,-0.84416363170280662,0.48418305659155519,0.23011851429206423,0.096463336164049604,-0.28505805852023341,0.95364392099398243,-24.403196870435686,-1.2763479572931726,-3.4719606062702599,,0.2473631217254003,0.3529411764705883,False,1
0.32701819797413428,-0.93462300311616453,-0.13978175932457032,0.93504844080271665,0.29858037962765399,0.19113913846675792,-0.13690694484268609,-0.19320869273282776,0.97155899949839053,11.385158567224568,-0.57389107758397828,-2.3712677506487694,,0.5735421837919283,0.4666666666666667,False,1
0.026491986864505254,-0.99103770023609516,-0.13092918445756066,0.99072062691163909,0.0085631365524323037,0.13564406402121942,-0.13330721677305832,-0.1333077244691224,0.98206834617203953,8.2011007098264113,37.340660382964607,-7.3557329144281773,0.4749534250392746,0.4994058840087828,0.7027027027027027,True,5
-0.95418017930835597,-0.29759875848674811,-0.031227621782955909,0.2988110129882835,-0.95317099067185607,-0.046658772578669919,-0.01587967039925841,-0.053852033283603093,0.99842265327827584,7.1304572974596496,-7.1693279840779915,-1.451004986124403,,0.343859770001932,0.2758620689655172,False,5
-0.99937332364110221,-0.014486674124067371,0.032297000903503313,0.017865969329654768,-0.99410614458586388,0.10692885689345973,0.030557603545593247,0.10743886433434241,0.99374198024240579,-6.8828310477419503,-9.941133644642715,-1.4420354093873253,0.1951613804783928,0.1546842446239626,0.6507936507936508,True,5
-0.99911991419928114,0.012251647162758892,0.040116009176148069,-0.02171071007693004,-0.96936248640880973,-0.24467328217704154,0.035889303676402237,-0.24532889574024902,0.96877535620828692,-12.147481714086295,-4.040416873819149,-2.7005011858629344,,0.3597086482496651,0.12,False,1
-0.96007887872642306,-0.27953931850335095,0.01031096669066541,0.27972923172154812,-0.95946819618944057,0.034239413275536631,0.00032178235866402432,0.03575681629651415,0.99936046877212936,-5.8798776032734796,-21.747658292293377,0.30394763748381648,0.2222742614200662,0.3595967374574045,0.7058823529411765,True,5
-0.50003147099760437,-0.85517660375352911,-0.13653389470952298,0.85883699145390924,-0.50993557069265283,0.048628549770230581,-0.11120948755555643,-0.092944554089722839,0.98944113505690301,-8.8944158062655472,15.109331105635789,-4.9244893983202811,,0.1980939991644002,0.2631578947368421,False,4
-0.91773196832548098,-0.39714369811968941,-0.0067020412752336628,0.39639216109591019,-0.91681026370484986,0.048292804714126877,-0.025323683285648092,0.041663214101409891,0.998810736654141,-8.5319418547497801,9.7584665810713727,-4.2663006364418923,,0.2673824328434151,0.7938931297709924,False,6
0.51461488206054828,-0.85625467445737902,-0.044715272913122703,0.84198656831152585,0.49481266065160234,0.2149861615124608,-0.16195722257678899,-0.14828473734261857,0.97559289395036208,-12.728477915777377,12.739211034406292,-4.7447156757139233,0.3759117605149456,0.3076685514643326,0.3333333333333333,True,5
0.88986019354220836,0.4047462912389172,0.21054518678270884,-0.45510772156897333,0.75509288143414588,0.47192340710731584,0.032028077015673638,-0.51576659462960683,0.85613026003456827,4.5990820268482944,14.235806228909949,-4.2205891456487521,,0.6668318647869987,0.3461538461538461,False,1
0.25895577041060847,-0.96588889148931711,0.0007471737326223229,0.95644030619731346,0.25653037902319148,0.13933450871699837,-0.13477332693169594,-0.035366847975982066,0.99024508906230191,-14.000859729644542,1.9838920958952917,-3.4691375587185269,0.4693616055710909,0.4003312474487816,0.8051948051948052,True,5
0.99751207519753726,0.039418279000738056,0.058445351532207465,-0.061533072008763484,0.89140852097080958,0.44900393070640093,-0.034399722153931132,-0.45148316471520189,0.89161629140257326,-4.7048154319784778,-5.8544474130890318,-1.9172481967017294,,0.2720398156766841,0.3089430894308943,False,2
-0.36411075512681618,-0.91832836384116268,-0.15523006849766874,0.92052185119803864,-0.380189436495599,0.089975073459780702,-0.14164349426611089,-0.11013177807504103,0.9837723883043854,6.1948238443416725,17.043143068336978,-4.5305317828042968,,0.2974182683216422,0.2666666666666667,False,3
-0.91265984497946318,-0.40805825343998325,-0.023247992635367157,0.40851524490776875,-0.91252593073404142,-0.020290894901864698,-0.012934528982897393,-0.028015844400681326,0.99952379182414086,2.8821914149735739,-14.424391680341209,-0.57084168787746381,0.4333858425593538,0.198966573959069,0.2258064516129032,True,5
0.97044171395317447,0.23787537795201949,0.040720810205690294,-0.24133403624177124,0.95591076419974308,0.16730957485546721,0.00087336755118188648,-0.17219150806949104,0.98506310547998577,-8.0473579886648707,-8.7648921651959135,-1.7263739465039321,0.4345508801199062,0.3716216952139004,0.86,True,5
-0.87867472040955974,0.46488236108973069,0.10869740595258472,-0.47057393117103058,-0.88174836469904283,-0.032863302524357166,0.080566190274990263,-0.080026318784525388,0.99353151801358242,13.532779261453602,1.6113828604489329,-2.7022227796907106,,0.1788822021487113,0.2745098039215687,False,4
0.62074069617543992,0.75786694596435755,0.20079512027508883,-0.78049458733730803,0.57309594814536058,0.24977836847200086,0.074223899444821578,-0.31176710287332604,0.94725502707411224,14.337001171140811,-9.6122419888463906,-1.2693503602287892,,0.3787323926983216,0.2222222222222222,False,4
-0.74698703720189874,-0.66482485872601949,0.0042747482097857635,0.66146931935287323,-0.74253957799555126,0.10532480555422385,-0.066848379241200823,0.081503879233547696,0.9944286861624152,10.097707575985181,-6.9168274534521705,-1.5371680645738661,0.1542485856412551,0.1353101289001883,0.5909090909090909,True,5
-0.79853297180348526,-0.60193963443465792,-0.0037107195211996749,0.60010256796946149,-0.79654840148345496,0.073399945576347339,-0.047138104110715361,0.056385464357608377,0.99729568260873613,-15.605810136906733,5.1949009715282797,-3.9240021172572188,0.3376504752320101,0.2130448442029248,0.8333333333333334,True,5
0.83480859338759883,0.54796949201506306,0.053141774781928032,-0.54636849306646806,0.81275348594614272,0.20227021744851906,0.06764674560166449,-0.19789190711888155,0.97788685997223457,6.0146945233712623,5.420262483952917,-3.1573003485741302,0.6846310033680458,0.5772026234209912,0.9988425925925926,True,6
-0.86155478284641451,-0.50766412560833807,0.00070123091129946444,0.50713955772033525,-0.86060009286256489,0.046657787776202359,-0.023083005646842743,0.04055386214983632,0.99891068625530355,2.1987168252480194,-19.044169572375619,0.008312465714967571,,0.1609320961160438,0.6,False,5
-0.90708043346933775,0.4177602669404783,0.051782686130596986,-0.41374613492116458,-0.90744203875757734,0.073233067212086167,0.077583651982083723,0.045003396108657938,0.99596961363477921,11.806351487329731,-6.6981366653339789,-1.5700497628084513,0.285313513455165,0.2304738113556812,0.2142857142857143,True,5
0.95181849081580339,0.30400897679398209,0.040250497758446892,-0.30631344555910717,0.9362559129948147,0.17203760766749315,0.014616210549748687,-0.17607784474749358,0.98426772728675971,-3.0607186643987898,6.1672966639823494,-3.6157322335919484,0.5054718675758955,0.406396902451182,0.9381598793363499,True,5
-0.70700068053878662,-0.70705934644753954,-0.014734935319478677,0.70424347550514899,-0.70578663574614775,0.076852794422596002,-0.064739207024179832,0.04395799589734966,0.9969335633183225,-5.7172039244347879,-16.502130290794998,-0.49989050496074838,0.5161500995408705,0.3422763129841752,0.746268656716418,True,5
-0.19539341620033096,0.89107679841773968,0.40963831879739315,-0.97104945205061888,-0.23430817311280158,0.046504211473089446,0.13742042998679876,-0.38869244825971594,0.91106191122673497,-9.5039995978572307,10.501262885308046,-4.3850796563547307,,0.2981106029693037,0.25,False,1
0.91664540166056285,-0.39843194766970119,-0.031830656460000627,0.38406448465180765,0.85593067687982605,0.34623279452585737,-0.11070537134072325,-0.32959772367565243,0.93760847975268524,-10.266622910702702,1.0399558735771006,-3.1677195672482155,,0.4497313172555374,0.4266666666666667,False,4
0.48511605089683418,0.84615677916489906,0.22063798910329616,-0.86378769761987539,0.42441510587464548,0.27155594514937431,0.13613680840543016,-0.32232052832343677,0.93679039620316629,-15.069258434519583,7.9702226427382739,-4.2171377939462467,,0.2538906164497143,0.6428571428571429,False,3
-0.049275433577997838,-0.94432075981641783,-0.32531559173430935,0.99003623986084099,-0.089197049637102621,0.10895930478047131,-0.13190972446301197,-0.31670520822332521,0.93930699756592517,3.9663301995663578,4.7769641195349077,-3.1575725127713925,,0.1195815827409319,0.4166666666666667,False,1
-0.97731033410586499,0.1917070570344134,0.090071722161214479,-0.19852858653710806,-0.97729358376591502,-0.074051680990729243,0.07383028631571717,-0.090253284777779552,0.99317844993201543,6.3225879328273527,-19.575574436444832,0.058984275259757392,,0.3055031222865709,0.2222222222222222,False,2
0.052947694717633824,-0.96742185220519894,-0.24757120490871215,0.98475166330075159,0.0094424705966291607,0.17370953161941324,-0.1657127130020277,-0.25299367506895326,0.95317023512309362,-4.6314655241938212,-2.26802490629056,-2.392935918190473,0.5036106378515787,0.4240290148426877,0.3304535637149028,True,3
-0.53872014602539853,-0.77739546904991252,-0.32471046944476645,0.83791796692786236,-0.53448080870453829,-0.11056105022122951,-0.087601854808285445,-0.33164220151725254,0.93932921023831606,-7.4437115898299542,-4.9824474233103357,-2.2461499488540531,,0.5146569681572076,0.1621621621621622,False,3
-0.2331005665074736,0.94140680888313011,0.24375673546053087,-0.96773211920263802,-0.2492314780739342,0.03712432895894513,0.095700947526473248,-0.22723752006559653,0.96912560492279409,-10.367317596754377,-1.0048853132911957,-2.8979599936888838,,0.4384531848750227,0.169811320754717,False,4
0.99282756311898401,-0.11710720409094079,0.024069330302764917,0.10969298532306619,0.97234661702547776,0.20617833380358661,-0.04754870010982902,-0.20205929602250999,0.97821836110796556,-9.5180778655024092,22.449470928098236,-5.6249579183972784,,0.3583722398540234,0.9,True,1
0.97621198567341549,0.20819402474354567,0.06054260556542701,-0.21679800624392681,0.94111110247300878,0.2594388507735409,-0.0029636997528839099,-0.26639283185386448,0.96385998756077285,5.390081951041112,14.405881745382768,-4.2141393329975569,,0.4490185945777219,0.3181818181818182,False,1
-0.6651011041678504,0.73596824882055223,0.12645654574878798,-0.74201984717402425,-0.67037697194125945,-0.001123339087182762,0.08394681432039823,-0.094580400817910873,0.99197151176159248,9.043771308051161,-2.2321137047646027,-2.1385853843091054,,0.4355461444698044,0.4390243902439024,False,4
0.45775403225943023,-0.88907816459334832,-0.0011239188391428529,0.87897503378270503,0.45236153406194363,0.15090371926436572,-0.13365678410363632,-0.070064682575813039,0.9885478260148195,-9.9171001591241268,2.4669583580218282,-3.3295663036662617,,0.1134966553112216,0.391304347826087,False,1
-0.24978187255594048,-0.96813398682279728,-0.018044381425917768,0.96331275714559395,-0.25034098127814314,0.096736368617240942,-0.098171014372890567,0.0067806084750885627,0.9951464592137711,7.3876837126816364,-18.134347021087514,-0.13937462886190941,,0.1829840022340046,0.7575757575757576,False,4
0.89196410220993316,-0.45210519109535419,0.00096775692217893668,0.44024501532182991,0.86904812988508451,0.22569819323051368,-0.10288035212376059,-0.20088863613422681,0.97419679173102414,-8.5692295119079027,-14.578898580188545,-0.96121810963369192,,0.212112427528466,0.3333333333333333,False,3
0.94478453408053908,0.27627615677831441,0.17622051344274056,-0.32743441687452313,0.77459128161055868,0.54110539555520321,0.012995645742318155,-0.56892867008854142,0.822284185390321,12.228720367017672,0.70531790850841047,-2.5709731045686586,,0.6491717181622058,0.2105263157894737,False,1
-0.27457843502116852,-0.87001978764412868,-0.40947802398784872,0.95320713713969607,-0.30230184536244514,0.0031221781510660934,-0.12650231905887183,-0.38946009217649968,0.9123146386387766,-7.119831382157896,9.4241087116195654,-4.1564045837036234,,0.4746954502603702,0.125,False,2
-0.25991686369185463,-0.96449623313199973,-0.046800002593729101,0.95417803294871151,-0.26397464720287617,0.14093142684385601,-0.14828184449459048,-0.0080250799560059091,0.98891258091146861,8.6647055516238023,-6.412942890345275,-1.5665999013146503,0.1707439363264849,0.1433360938911464,0.2,True,3
-0.9605900116494186,0.25104283197983718,0.1193495958556752,-0.26951284816972232,-0.94624758228382544,-0.17882487996209773,0.068041562230844913,-0.20394364303296561,0.9766152447487334,-5.1698027146587036,7.9854752317352657,-3.900796977642305,,0.3582503281292639,0.1731843575418995,False,1
-0.98101497296720375,0.18833059533893307,0.046273206863602083,-0.18437514194231303,-0.97971176613879785,0.078553563400724224,0.06012844458249849,0.068530592792436312,0.99583539202199922,9.7139144887023328,-13.299426820191988,-0.72055549332582958,,0.1297253153112187,0.7619047619047619,False,3
0.927633473046659,-0.37346045980887727,-0.0048399011080109931,0.35841802455510352,0.88647596868053724,0.2927402886961758,-0.10503646679801522,-0.27329039849809061,0.95617974185366661,-2.5738837510617434,-36.177226831126298,2.126970540586453,,0.2506126789476569,0.2380952380952381,False,3
0.96953161416168243,-0.2386049578147485,-0.055462809586837372,0.23706258234214347,0.85683817000369766,0.45785334166956759,-0.06172342500475949,-0.45705144626282229,0.88729600149822929,-2.1392343747951554,17.124787186092558,-4.8372727689352635,,0.4840216371288337,0.1818181818181818,False,2
0.032128607676198927,-0.95585567930979476,-0.29207477278943417,0.99037347805332487,-0.0089196897208066346,0.13813331641513665,-0.13464073134586213,-0.29370113970922074,0.94636753642343208,-4.7411495807917472,16.006441596562873,-4.8307236270410403,,0.5429272888702784,0.1836734693877551,False,1
-0.19073268241110866,-0.94538186499123755,-0.26433723386226243,0.98164044381367388,-0.18416870748511252,-0.049637951736110408,-0.0017558273139737181,-0.26895169924905171,0.9631520651182196,12.211284205940553,5.6967824686908157,-3.1965390075346733,,0.4357658589632198,0.1666666666666667,False,2
-0.7619911729344403,0.64623300054569077,0.041861215650165616,-0.63837142026412863,-0.76044282018642118,0.11920002943322476,0.1088640535712114,0.064106366553063537,0.99198739488332655,10.810317842266983,-5.2805880551798019,-1.7587781595306482,,0.125230514761581,0.4210526315789473,False,3
-0.96328549675164044,-0.26794207421820798,0.016973408956090875,0.26840613177859701,-0.95962275294684951,0.084156523516370249,-0.0062610040406330079,0.085622525601358385,0.99630797594822496,13.167325859689964,-10.619913712667417,-1.1229393814508422,,0.1583418987446228,0.6153846153846154,False,3
0.85308080190837055,0.51424422572423789,0.088351693388699734,-0.51922039647910989,0.81989196917661622,0.24122051894431906,0.051607415120770578,-0.25165459500865434,0.96644018931105247,3.4918204064606342,-28.542187719480097,1.2396810818635899,,0.1320144458228399,0.1904761904761905,False,2
-0.071790180500931444,0.94782426491856442,0.31060478556394955,-0.98815249594050181,-0.10993833717064395,0.10708971372970652,0.1356496028383436,-0.29923690422763233,0.94448740616170357,-13.978440082527801,11.79986652935172,-4.670654339382537,,0.7771917451083623,0.3181818181818182,False,1
0.45387798896601994,-0.87952626487257857,-0.14292767587648622,0.88097096794156204,0.41885306218628188,0.2201187541789279,-0.133734530979363,-0.2258221904429831,0.96494529043219046,-11.81252031869473,-9.222335431814594,-1.8828764868929069,,0.1544754126390748,0.3809523809523809,False,2
-0.99326391896590227,0.082223867964862155,0.08164571524209728,-0.10479101527956367,-0.93811970019948121,-0.33007615971819748,0.049453315330470725,-0.33640847735235752,0.94041677248350519,12.032812366125604,5.3042342958900317,-3.1605119221288587,,0.362670403407424,0.2272727272727273,False,2
0.99339438300393801,-0.11433077557990513,0.0098017126831886157,0.10472912159841864,0.93823835069451633,0.32975840910469267,-0.04689787740879154,-0.32655362659344572,0.94401446919696053,7.5663340601447038,7.9824530667700131,-3.4161833697423911,,0.4718865658316315,0.1818181818181818,False,1
0.28540563870482794,-0.91141060611397873,-0.29643604446564642,0.95633834593102796,0.25051473090808063,0.15053018866644907,-0.062933214580172703,-0.32645532107931913,0.9431152282948273,-0.11061270890215026,-27.163419396910008,1.0673905321863475,,0.620939904625011,0.4390243902439024,False,2
0.6740994156597665,0.68930323199907062,0.26542613315722385,-0.73207712006033265,0.57568511388518984,0.36421112000481876,0.098250028454600999,-0.4398269023225283,0.89269212380419172,-8.5618211791449834,-7.1378424584685805,-1.9907908512996146,,0.241130588840924,0.25,False,2
-0.78635829929994827,-0.61759061564498208,0.014914978690733195,0.61513297902602715,-0.78054385664709747,0.11118770599774289,-0.057026688810225171,0.0966080706655882,0.99368749486224994,-10.897150789405243,0.39163420732172249,-3.1186282552130855,,0.5550266500603376,0.7352941176470589,False,1
0.51710511313163565,-0.85475290012408134,-0.044718918844160176,0.84818527111588016,0.50472229994180862,0.16073937228797508,-0.11482180905733551,-0.12104907959552454,0.98598330234029696,-12.478324573738853,-14.32498073051924,-1.0650945740685738,,0.2907311812971132,0.391304347826087,True,2
0.60183049814447465,0.73700400656306297,0.30761200531378435,-0.79380607984364682,0.50979961186737466,0.33162669274824264,0.087589720324000545,-0.44376733774565746,0.89185121564288761,-14.589068811882864,12.670301372347392,-4.8292132111141202,,0.2390797014269561,0.2222222222222222,False,2
-0.80090321960545119,0.58615163976485751,0.12239398688903259,-0.58935254468617626,-0.80778655576233183,0.012019084888597237,0.10591322343103586,-0.062507083843349076,0.99240881373144274,-11.747478435632486,-7.7109549560055841,-2.0929400312740603,,0.2059211186608964,0.2,False,1
-0.9920462543259555,-0.12378055731111776,0.022860509827906841,0.12486743813324258,-0.99066854337832222,0.054625635508570095,0.015885596365373487,0.057045690393082368,0.99824517881915886,-8.6462515771218733,6.5173639981239049,-3.7700710735110352,,0.2690997533264778,0.4166666666666667,False,1
0.9994593894883198,-0.015594466975040897,0.028943762080958627,-0.00076873637192336787,0.86902699719966303,0.4947640722430513,-0.032868492633907967,-0.49451884770744703,0.86854520403607871,-6.1126256881165748,-4.1874708429701499,-2.2753988584076961,0.7846855139243012,0.5411865633308841,0.2857142857142857,True,1
0.49613619747179311,-0.82386112056738436,-0.27404694410936742,0.86602387974636486,0.44700927158213305,0.22402087141305271,-0.062060561287201686,-0.34847606106741941,0.93526088424334985,-2.5258904393295278,13.766915893916053,-4.5051896680116474,,0.4665361290178191,0.1090909090909091,False,2
-0.6870106315198995,-0.68677444583017011,-0.23739682544906246,0.72278471099664487,-0.67950214519677699,-0.12593290365300064,-0.074824152037468991,-0.25810403954150413,0.96321526724000395,-12.237081064795662,-3.1777101741412501,-2.8064078958371668,,0.4162623864065205,0.1304347826086956,False,1
-0.34270559122080424,0.91554211649185302,0.21055999305570577,-0.92944845002530874,-0.36304012186006679,0.065783346413664609,0.13666914974328143,-0.17316033855778751,0.97536508070516981,-5.6398829291380235,12.879646331757124,-4.515653591336525,,0.3981992724675459,0.2307692307692308,False,1
-0.37198399475397287,-0.8209387648957146,-0.43322909867456388,0.92145585062403301,-0.38290087763066782,-0.065620372297054794,-0.11201349471209261,-0.42361121585855477,0.8988918259730817,4.8720954560510359,10.2532274560379,-3.7836297568291624,,0.1077345994122099,0.6,False,1
-0.70374789782546399,-0.71041998907945814,0.0065065676498596153,0.70678041997992291,-0.69915417555884185,0.10791143003240855,-0.072113343004217012,0.080541156652842741,0.99413921954914231,4.1583187149278737,-3.7640674672559311,-1.8794608931047756,,0.2369100501848405,0.7317073170731707,False,1
-0.97916125200653825,0.16565782345142407,0.11747650019610825,-0.19446655905467999,-0.93153994857477485,-0.30727199940563943,0.05853204232232162,-0.32371408640750182,0.94434272924766849,-6.9760715333028616,-12.263695811183785,-1.1308303332980156,,0.4047078851737861,0.4210526315789473,False,1
0.29597201585790073,-0.95517301374354158,-0.0067141377026256775,0.94528270977741979,0.291882826073046,0.14575669603647501,-0.13726312113917527,-0.049486661432059584,0.98929768316490052,-15.847062120271929,-6.968748242597556,-2.3638214216126863,,0.5309352823509057,1.0,True,1
-0.6175288318829929,0.78199023619219465,0.084554197372477422,-0.7765342703523499,-0.62323305838594956,0.092601738122137289,0.12511062609375612,-0.0084749887889670559,0.99210660002010731,14.229383745490223,8.2264407239448385,-3.4897937538268091,,0.251424966688864,0.5882352941176471,False,1
-0.95246675053042318,0.25869314407475874,0.16088799315900854,-0.29616489170680405,-0.91002039222966302,-0.2900848886903058,0.071368382735732733,-0.32394558637969773,0.94337999290360186,-15.396226506698987,0.73489029418018137,-3.376642532376636,,0.1903523458338139,0.375,False,1
0.23399174697205347,-0.97135851887300639,-0.041358072510755239,0.96246135856363824,0.22541127212629239,0.15118826564995463,-0.13753543405537788,-0.075182353057382786,0.98763941707890168,20.339935947400008,-6.1085172946051953,-1.8283217564974765,,0.1577214012499771,0.2352941176470588,False,1
-0.33997956205165819,0.84619687232691765,0.41032273962248905,-0.93044256672839687,-0.36609020646747548,-0.015955900114800955,0.13671330369439189,-0.38720642297454638,0.91180077791161251,-3.1614937115782924,8.1353537080318326,-3.843947393891666,0.5835349482432962,0.4106916608817122,0.2203389830508475,True,1
0.35324743376129303,0.90153656879793032,0.24989610973585591,-0.92860763750656217,0.30545847086751654,0.21067268009820062,0.1135962415995402,-0.30647501969219709,0.94507616423181773,-4.4194814682806696,-0.054093774105831716,-2.7415869989341188,,0.7278347500639835,0.2904656319290466,False,1
-0.87242658051099098,-0.48872109508032452,-0.0048531269700275983,0.48734633064191224,-0.87063741846557197,0.066962971689343204,-0.03695153079051907,0.056055122790805753,0.99774365825152922,14.167373078215,-5.1059470467105292,-1.8266553036358775,,0.08815358909235341,0.3846153846153846,False,1
-0.22631677976248171,0.97265156885824722,0.052245964394686845,-0.96429575756938224,-0.23130029524845999,0.1289723433595989,0.13752965909807,-0.021191956388352005,0.99027091942195433,7.7261223374154362,-14.431488787208453,-0.59045730964231824,,0.07461397885724785,0.1,False,1
-0.99828878303127888,0.046616234999625528,0.035304848227809882,-0.043722665992381206,-0.99593787509261367,0.078715166483524085,0.038830840223302791,0.077036845667965537,0.99627179537367372,8.7564944941242402,-14.948594848197121,-0.55619430174801865,,0.1456013765854334,0.3478260869565217,False,1
