axis_00,axis_01,axis_02,axis_10,axis_11,axis_12,axis_20,axis_21,axis_22,location_x,location_y,location_z,dbh,dbh_approximation,score,reconstructed,number_clusters
-0.88729348176258471,0.44984571924189343,-0.1017305563799512,-0.45811006198361592,-0.88514297523150798,0.081590958492239546,-0.053342743939529702,0.11899891712977291,0.99146044267582545,14.729896716048792,-3.064089190350213,-1.5228454056747045,0.4551263427667122,0.483115503367013,0.9714285714285714,True,5
0.57264878631558835,0.81894246800578885,-0.037504688078577819,-0.80092148486773485,0.56863689896265868,0.18755493119455441,0.17492324776468859,-0.077364793250669431,0.98153784754166984,-6.1702620195161799,-9.9023284194599945,-2.4111672378967981,,0.09424345005794069,0.25,False,1
0.99166001585064767,0.041592983188228183,-0.12198539548896226,-0.017026166421512185,0.98047633867895423,0.19589859353170752,0.12775180084868371,-0.19218785872218347,0.97300735060928556,7.9803159950096783,22.246132552581191,-4.4563583594777016,,0.1208414731215336,0.8888888888888888,False,3
0.98884705281413432,-0.079788689075758285,-0.12575878194533188,0.098541837431898746,0.98364738866997892,0.1507558325182716,0.11167368721568553,-0.16146696212632455,0.98053934532243525,13.428376389328317,10.907890892049005,-2.8392149890652028,0.3668203790020245,0.450359726241896,0.875,True,5
-0.31745655999067685,0.94516992893339635,-0.076649448523286881,-0.94551554271172433,-0.3093382183808337,0.10153927880148159,0.072261269082677687,0.1047075550713026,0.9918743049910862,0.36050329752713595,8.1679538417322277,-3.7659921383745778,,0.1693784553457424,0.4347826086956522,False,2
-0.85031488239038922,-0.42145403149795757,-0.31518423202872714,0.49726308923467621,-0.83951484455722547,-0.21896174518131134,-0.17231953130799305,-0.34291591549850459,0.92342549998774526,1.4866772939573212,-19.91889460447679,-0.81469536756532446,,0.3979072699723913,0.4583333333333333,False,1
-0.984462991895524,0.15272876167650962,-0.08664030785306491,-0.15185190440611912,-0.98826281253749182,-0.016661707107073667,-0.0881681162118641,-0.0032463382828963137,0.99610031852791048,7.7486703126297893,-4.7249925624744602,-1.8867041530290027,,0.1893687965015177,0.1780821917808219,False,5
-0.91712707518891257,0.38724938004373527,-0.094423755544751076,-0.39199158987545907,-0.91920213566304809,0.037550329684339398,-0.072253175863362468,0.071451742093776222,0.994823666349682,12.573744636338796,19.861064794808588,-3.6876706042270686,,0.1942576241302861,0.3636363636363636,False,4
-0.23107393589119887,0.94966574267709258,0.21151787947433229,-0.97007955226977061,-0.24153225722040667,0.024654228645370577,0.074501667228546037,-0.19949222016806406,0.97706312778273696,-7.3852041444394922,4.7188236478063397,-4.0930542426463532,0.7740433266173772,0.4116817504170435,0.392156862745098,True,4
-0.56034428303423345,0.81995480516449326,0.11699744423921903,-0.82762609648902996,-0.55982585263659079,-0.040373990761939468,0.032393346248603759,-0.11945347298162748,0.99231121071539119,-6.1101286445379008,-12.619567954430002,-2.0835102439071473,,0.2459751475768585,0.3846153846153846,False,1
0.54608206996666331,0.83070388799888739,-0.10828399385161497,-0.81957497708957538,0.55653007989328518,0.13627592268113736,0.17346823856125984,0.014329013835772647,0.98473521800174668,17.701617790991914,15.05989554011993,-2.6970867757281503,,0.332921170699277,0.948051948051948,True,4
0.91181498116832405,-0.33920149151704859,-0.23137802028200338,0.41009136105556293,0.78039928224584021,0.47201910539487035,0.020457656381055858,-0.52528021895250099,0.85068335817306739,-11.776834455710656,-2.7598611468910335,-3.4813090154354689,,0.4816114797279159,0.1153846153846154,False,3
0.1807415305247711,0.97970183272231215,-0.086699585374481469,-0.97225644019604796,0.19128312673798964,0.1346409295966417,0.14849213326258368,0.059959022556091729,0.98709422142632663,-1.8816640643048868,11.760033034224589,-4.3522817521944157,,0.1314876860020235,0.7027027027027027,False,5
0.17564285393402529,0.97516786544566048,0.13489707952385716,-0.97784941245547219,0.15697294577674653,0.13845584442218051,0.11384249831411428,-0.15622780961251997,0.98113850045815443,-28.566906396951424,-20.057129024434648,-3.5637592671946519,,0.4468389615612255,0.3043478260869565,False,5
-0.9384039476407553,0.3250879588212055,-0.11711468772834421,-0.3368650050837288,-0.93616543870791602,0.10057951938020404,-0.076941532361817624,0.13383605791518141,0.98801210022931296,7.2263106393759191,-7.2579468123001787,-1.7065908289646072,0.3728138729237352,0.3211775123975744,0.93,True,5
0.96921698937878442,-0.15936649716682816,-0.18767191340288991,0.22488690755731217,0.88331083041549185,0.41132451383306079,0.10022128670514749,-0.44086766319551063,0.89195930245706567,-2.3293162960935883,-9.446777627656191,-2.1264658988596077,,0.3600475092279705,0.1935483870967742,False,3
-0.69376604630588712,0.71830068373784417,0.052276196637124447,-0.72019351723708047,-0.69224761330903528,-0.045984123321286124,0.003157645132158049,-0.069551201353318839,0.9975733856050536,4.9372197861149862,-14.161957827946773,-1.1791729403727156,,0.5049232034697374,0.4545454545454545,False,4
0.83537022514286396,-0.45089970393429035,-0.31439790701709691,0.54725888126722599,0.73592059217383843,0.39865849907991702,0.051616894704214204,-0.50508448699843989,0.8615250183103319,-12.185484830818195,12.324271495178023,-5.4956390625181015,,0.3533022134926115,0.3225806451612903,False,4
-0.19013596842840597,0.98029274895850593,-0.053613802785931468,-0.97605502282700818,-0.18287190553293081,0.11778989167549336,0.10566411843176392,0.074726116626862002,0.99159018831869639,10.036144627666118,17.261302816732378,-3.6890078677754894,0.1894134996572721,0.1729282162423186,0.6451612903225806,True,5
-0.87832959565921842,0.47271123868134368,0.071282580014088423,-0.47502822537277006,-0.84625639548223897,-0.2412432345260821,-0.053715048992921344,-0.2457523101209004,0.96784321849250432,5.6257395042443497,4.4952964620058662,-2.9161466513868728,,0.4954536595139278,0.1226415094339623,False,4
-0.62601576446665885,0.77929966054782052,-0.028218818353662245,-0.77929351044822603,-0.62387373393497791,0.059018545215123806,0.028388152678640019,0.058937281716082077,0.99785796063939569,15.919169411207323,23.097229156606673,-3.6398270280641118,0.3348010749904606,0.21023871057991,0.8536585365853658,True,4
0.98489912950374336,-0.11315249973990865,-0.13103517277959306,0.13287582851007554,0.97923011966154316,0.15314172176582044,0.11098521928855577,-0.16824055560491039,0.97947812458942718,13.539138660238272,6.8907866136948943,-2.4110453135118726,,0.1328440329052566,0.5172413793103449,True,5
-0.7914694868875447,0.60289205058110307,-0.10048495744180333,-0.61098745985625103,-0.78484039020056651,0.1035368813912696,-0.016443090475157268,0.14334133128981552,0.98953670347273637,13.626672160012946,5.218557266253594,-2.2751727123235215,0.2792862217182251,0.3714562464596187,0.9602272727272727,True,4
-0.45040204274351031,0.89275880230920679,0.010941699680762002,-0.88886146061310589,-0.4495220611562713,0.088629681092472101,0.084043463334211338,0.030193334251923262,0.99600454759882628,27.250691594542108,29.988120278514799,-3.2243722463243527,,0.3710899013032596,0.3571428571428572,False,2
0.98030980348400354,-0.10507767461679735,-0.16718663669767506,0.16715710478055212,0.89232286301080499,0.41930705988521461,0.10512464751207225,-0.43899725562391151,0.89231733034842264,-2.7901257624215101,19.872203218878404,-5.3383815455002743,,0.2829403488725651,0.4117647058823529,False,1
0.49925989523846442,0.86634294057152372,-0.013764676834603445,-0.84426758981253169,0.48998727379344836,0.21708226162586625,0.19481220135970512,-0.096759396661759908,0.97605626136972035,-23.018843914717298,-12.635617699862573,-3.6840571313835593,,0.1433755578257735,0.4166666666666667,False,2
-0.89174277492072207,-0.39088217047950891,-0.2280481356598173,0.41409651998015706,-0.9080639579248303,-0.062800640587617085,-0.18253464196424107,-0.15043595686909356,0.97162242016323708,-31.457472568591594,-18.530117051064742,-4.0581241071900749,,0.2957353591130163,0.1428571428571428,False,4
-0.81052868134236966,0.57676067884050131,-0.10193319412656383,-0.58481537978277764,-0.8065112137118523,0.086779224049080173,-0.032159419940741438,0.12994914967201299,0.99099898597758218,-2.1571623800129194,9.5878845347797466,-4.143675345647809,0.1148744979816263,0.14492862214453,0.56,True,5
-0.59275463753437241,-0.69355754045494022,-0.409414066391947,0.78600058940568895,-0.609021105573616,-0.10628436582960198,-0.17562748399782147,-0.3848002482379464,0.90613672026941416,-10.172850662240624,2.8959132318437684,-4.1688356282313253,,0.3610033556507675,0.2727272727272727,False,1
-0.80453147199330477,0.59001622664439934,0.067896707347209304,-0.59321786871145543,-0.79280766177126638,-0.13981620677953344,-0.028664800953884399,-0.15276407867389524,0.98784688360757178,9.9052341966955364,-3.655977322730851,-1.8177710604438646,,0.2980096279328561,0.1428571428571428,False,1
0.58006384038390979,0.81145899565303581,-0.071135360073852516,-0.79218490164434263,0.58229983066907332,0.1826745434085221,0.18965500965124404,-0.049610538966384843,0.98059664069262009,1.1677831469296049,9.1368242233136225,-3.8033659771752362,0.2661395943892328,0.2591058998456509,0.7818181818181819,True,5
-0.2821237757688248,0.95401506395889324,-0.10129873091727698,-0.95571267883757094,-0.27025389967203645,0.11651654483879317,0.083782161914428097,0.12968456905725501,0.98800934301927446,9.3147219806749622,19.918718366303235,-4.0298027912501153,0.3936605475161548,0.2483811543676292,0.9803921568627451,True,5
-0.87779346337111908,0.4689089615781763,-0.097995007090216399,-0.47777201964056093,-0.87182750115350272,0.10793843375284742,-0.034821443271560705,0.14156692404694987,0.98931606330048516,-1.1383689007694371,17.131674736859495,-4.8682011341624376,,0.1618537933491897,0.782608695652174,False,3
-0.076607353923968599,0.99448989813894573,-0.071562251392453785,-0.99046065201516975,-0.067658936326969912,0.12004151425564255,0.11453824747416211,0.080075656941994408,0.99018628501451933,3.9531072080100373,11.916763770650936,-3.8047166432852331,0.3321113015117095,0.2663328038154721,0.8385093167701864,True,5
-0.014444660717186865,0.99783423732260379,-0.064173098753169344,-0.99121893439045694,-0.0058531452035360853,0.13210134290412814,0.13143962828086925,0.065517749641184966,0.98915673611381838,6.4753724124756999,15.717974005639169,-3.917439983206374,0.6546687317909906,0.3476242678729624,0.9603960396039604,True,5
-0.07048810956799513,0.99690912762720496,-0.034693193325152097,-0.98897337757215653,-0.065301325815278144,0.13291875450924395,0.13024240808220672,0.043679836313028478,0.99051955409099113,16.856994386031694,12.751630012254978,-2.588832603958878,0.4108716419270492,0.3514905762482894,0.4754098360655737,True,5
0.49915596118395195,0.86496923052630681,-0.051687103393927882,-0.84806247562787496,0.49990160000537265,0.17575103909789294,0.17785770673897094,-0.043893285987698594,0.9830768106301544,4.770514982386322,17.801339100889528,-4.3035666726132549,0.1580618975861623,0.1773221563072383,0.6296296296296297,True,5
-0.49664002255397538,0.86396957364365479,0.083097917035191357,-0.86605817847687583,-0.49960613375385798,0.018355996536218722,0.057375251554152087,-0.062851308128971939,0.99637231674488724,21.646193004669751,-6.8804893987821547,-0.65400051984557406,,0.241902662920273,0.2,False,4
0.88975213131437758,-0.33824477280458892,-0.30648265610291042,0.45282363791966118,0.73851734911177358,0.49954266885034243,0.057375062202374663,-0.58325174558786463,0.81026261391352761,-3.0016304732681798,-11.34835602911124,-2.0214942482856473,,0.3434151661858822,0.1578947368421053,False,1
-0.76702116165103462,0.63258509853967515,-0.10730624718555173,-0.64138472777891253,-0.76048483798232802,0.10143195833149636,-0.017440428649194095,0.14662504664804549,0.98903838507107011,9.3336422799640264,0.75862065513004695,-2.2647129425182269,0.3646827504605077,0.3495421652360567,0.9302325581395349,True,4
0.98264287143863827,0.072014816551873098,-0.17095863069125644,-0.008030091869519574,0.93722200747869855,0.34864082710171307,0.18533349625849188,-0.34121660993363073,0.92153281019723077,19.150579154309643,25.555679494990152,-3.5683840879356472,,0.2847868706128182,0.2173913043478261,False,2
0.10212047190177409,0.99244913586638484,-0.06794204836937727,-0.98514270580764463,0.11037589600935266,0.13157131440449499,0.13807700175102616,0.053496488652998476,0.98897566567092421,6.9851961022387039,2.1255032799589357,-2.5886196846022518,0.5476312827333136,0.4686712062592757,0.9689189189189189,True,5
-0.2439855590718828,0.96600561115922112,-0.085464648675814159,-0.96560397723164082,-0.23382139519195511,0.11373879859100156,0.089888854252446873,0.11027562903646082,0.98982790399230258,-1.3541651121043916,15.351977271689547,-4.6967701133513851,0.1638097579787891,0.1558824757551984,0.7,True,3
-0.64246924022032015,-0.73908499282208751,-0.20245159608138441,0.74724076265131201,-0.66279447942278058,0.048318947411665501,-0.16989560913399382,-0.12023664762401068,0.97809949931749229,18.403422194845824,-1.1858336039657407,-1.3162003372071172,0.5768769189913034,0.4416545119066872,0.3333333333333333,True,5
0.87685233936234497,0.47397746650480344,-0.080469473718126683,-0.45138381280460793,0.86927142012856262,0.20154367190673084,0.16547697269638151,-0.14040142233382547,0.97616843429496358,9.0759574100321778,16.631721201969651,-3.7148781857439142,,0.1364873258821878,0.5,False,4
0.54088206260919558,-0.72110012163774828,-0.43296790749621239,0.84081612792413973,0.45022332042353486,0.30054483986497871,-0.02179067163445899,-0.52660571238910203,0.849830330306519,-1.5997177447776436,4.9422772060604929,-3.5332664762440151,,0.6338741007789516,0.2871046228710462,False,3
-0.40524649157773096,0.91072833079101434,-0.079681795653419374,-0.91211256930493845,-0.39688209021443199,0.10264145060825994,0.061854199371460597,0.11427385510971771,0.99152183236602454,0.081448628409373919,16.042941208515543,-4.6315424729376353,,0.1014775780679891,0.5,False,2
0.60577753967318682,0.77281267059216519,0.18919341584660407,-0.78148759885093633,0.53329878669057484,0.32383566350320131,0.14936768482405544,-0.34402467976377266,0.9270039452147627,13.494752471369493,-1.0726917143906816,-1.8077519430096181,,0.3345990739521875,0.4,False,2
-0.091694782252117871,0.99242671092332602,-0.081739160465756036,-0.98864846750727109,-0.080918947365333282,0.12659514861483107,0.11902216013525137,0.092419410316212078,0.98858099212636197,-1.3164268929298057,-7.526736831422574,-2.3114678608290342,0.5229336229283414,0.4666119915927406,0.6787564766839378,True,5
-0.28530543262131791,0.95670480565087745,-0.057591014588030807,-0.95575734424521408,-0.27950392130613755,0.091681278873208247,0.071615005676863019,0.081200202087240131,0.99412163146311894,-6.3750901553859238,-14.166784281329122,-1.9327042761954396,0.4564498761215011,0.2509655802896389,0.3863636363636364,True,5
0.71405244237564547,0.69223080542435034,-0.1046213245898258,-0.67724058636296558,0.72085802974909552,0.14733936720713103,0.17740997074606893,-0.034354227801050241,0.98353723331253262,1.7773859409928852,16.726179946398609,-4.5443501864548645,,0.2027791923615876,0.6829268292682927,False,2
0.95907228230197039,-0.19415515362067204,-0.20611679611964256,0.26856653757233667,0.85439071391617194,0.44484662848022571,0.089735011096559125,-0.48199614552022157,0.87156602933292038,11.757673008499498,7.9711587091514424,-2.6990452580486304,,0.425028582377524,0.12,False,3
-0.8909093469037096,-0.41052343116188661,-0.19429628937958868,0.41417742893228138,-0.90989629140412009,0.023362282681121671,-0.18638023758609756,-0.05965946158070267,0.98066464996004077,11.173527264986941,-6.8667957948976328,-1.4055603731500388,,0.2687173344009971,0.1904761904761905,False,5
-0.58358785110012557,0.81076621634920054,-0.045643865690136586,-0.81171002157570804,-0.58404762536570898,0.0039002792515706319,-0.023495976717334402,0.039325738791253957,0.9989501615929699,5.4643411643875845,13.330683807585219,-3.8136740242096887,,0.1875938487233805,0.2615384615384616,False,5
-0.85475758159362558,0.51193739649922076,-0.085496074610580425,-0.5170560160393568,-0.85422252635386486,0.054377860817898895,-0.045194612352876362,0.090686148530092298,0.99485349146447333,-2.0207823452310225,13.377009532267119,-4.5474848249538837,0.1260712184445404,0.1467947513621263,0.8125,True,5
0.070713197888607721,0.99404182915467443,-0.082948692184953016,-0.9884128311020326,0.081023545808845257,0.1283559906565527,0.1343120208962314,0.072911089111255448,0.98825313261703296,5.2472243511214067,-12.074940803941461,-1.3344353884700688,0.3271177059423097,0.3414912670812938,0.7844827586206896,True,5
-0.98908227038000651,0.10434479856977655,-0.10405972050397573,-0.11143760573232488,-0.99165402118376211,0.064837969575880713,-0.09642573540595728,0.075726252261079818,0.9924553452271353,6.9853474552201709,-3.2091673976905906,-2.030711082393434,0.2648730055395561,0.251389687334521,0.4577464788732394,True,3
0.81977646634489321,0.56282274947692101,-0.10581634041261781,-0.54545843397964611,0.82365345469827189,0.15514536204499851,0.17447533357913941,-0.069466101336124353,0.98220813412311281,3.4433314897910612,18.922754316423333,-4.5655026900668521,,0.1564215925007343,0.8125,False,1
-0.78261242374386497,0.62133316780508152,-0.038247729175160158,-0.62149343493838283,-0.78336777258252666,-0.0089912850906553321,-0.035548622058300394,0.016734021166293439,0.99922783588397024,-13.969073328268411,-5.6483714483983629,-3.3773187573647592,0.3797820421578313,0.2545586260509252,0.7111111111111111,True,5
-0.96331081468348501,0.25132415562964477,-0.094172411622971519,-0.25281052428637812,-0.96750752132744045,0.0040043707219702129,-0.090106121456241361,0.027665230378191824,0.9955478501328977,-22.749532246993802,-14.104971314834785,-3.4949688331529445,0.63131009710772,0.5646789612163589,0.7558139534883721,True,5
-0.39882784937556198,0.91686965705724577,-0.016922722304458085,-0.91702573484190297,-0.39876764556078176,0.0069402083239580997,-0.00038496770393437602,0.018286520216833732,0.99983271349672642,2.8338863968011836,10.812872717199976,-3.7946629405335144,,0.250423089864235,0.3663366336633663,False,3
-0.31303237871457978,0.94513857672570689,-0.093401288327284504,-0.94644736806521912,-0.30224922797796888,0.11350235094103167,0.079044983134358981,0.12392931441602729,0.9891377131975414,3.6368217405174592,15.651456920286073,-4.2370111945067057,0.1542475652039299,0.1586478270653331,0.5,True,5
-0.98119743843309681,0.17558919234658582,-0.080125041924494655,-0.16130802843977954,-0.97399513020804729,-0.15910124541272358,-0.10597785982552956,-0.14318492190898507,0.98400547323920784,-11.694018379031144,-4.6383766301818268,-3.3038806595043688,,0.2673309406764207,0.2,False,1
-0.9004242961445017,0.434199775437072,-0.02658273731345534,-0.43342066246011635,-0.90067561075742197,-0.030495467521914829,-0.037183548315264395,-0.015937352262616576,0.99918135718073964,10.212989438402257,-10.365492712866519,-1.1584026980336766,,0.2357615781776292,0.2777777777777778,False,2
-0.23393879212849639,-0.95000275131486778,-0.20680283854831871,0.95950393503899123,-0.25991938062185271,0.10860071004300099,-0.15692303904191909,-0.17302221843258819,0.97233660413794665,-5.9336321145254312,3.0921695818100683,-3.7773603230751069,0.5879573881682287,0.6042654712081615,0.9435825105782792,True,5
-0.97483990874581317,-0.18916459565278732,-0.11791483396066423,0.18601550673962761,-0.98183990842821967,0.037264265323012288,-0.12282256946039315,0.014392705415653063,0.99232427485271357,10.425071331606969,-2.2772269019785165,-1.9221233982166241,,0.2474582268937715,0.7027027027027027,False,4
-0.94659424582031526,-0.24381532432887373,-0.21098204047329361,0.27691313128314765,-0.94994965722992808,-0.14461938477155745,-0.16516189482695665,-0.19531957493079782,0.96673254426755539,11.207966176324939,-1.1312386574176565,-1.9505371017860982,,0.4474745264618404,0.3414634146341464,False,4
-0.56943218643177096,0.81892947990450027,-0.071424729603119672,-0.82153553177724647,-0.56389329316373149,0.084283592427234155,0.028746392521685531,0.10667174353270908,0.99387865660184183,3.1811598599571953,-14.432360571455606,-1.2612501393730824,0.3715061292905995,0.3200575618408646,0.8351648351648352,True,5
0.48452117289126695,0.87126851788212667,-0.078296888619878324,-0.85739353452281208,0.49074132714757396,0.15507829244583993,0.17353835304782281,-0.0080074700698968548,0.98479455748116773,1.1503790860101968,13.629757696343372,-4.2547728992395664,0.2098083892629185,0.1932066143974002,0.3333333333333333,True,5
-0.87562537771388838,-0.44814001543496729,-0.18014084619918236,0.45206382979541826,-0.89173809304994656,0.021011120730310195,-0.1700543786384498,-0.063037290309719787,0.98341639621083088,14.189677066439714,21.229908487056132,-3.6375258746407093,0.3415422747532942,0.1964772317302901,0.3333333333333333,True,5
0.76697236486921483,-0.6266008799269428,-0.13829218633641671,0.64166674316962757,0.75032535968797198,0.15898316048940547,0.0041451461986800747,-0.21067318738723689,0.9775477614311715,13.908226254867689,9.0401456879384732,-2.6192186811823261,0.5895387868463704,0.3274827742710161,0.8817204301075269,True,5
-0.63489601218115688,0.76837372798152914,-0.080677554897450196,-0.77250365142301436,-0.62971974084456472,0.081799489783029589,0.012048329949577982,0.11425787560785976,0.99337806277721108,0.15826608972077316,17.805074910715764,-4.8404699932883277,,0.1433878013688698,0.3043478260869565,True,2
-0.79819006539972504,-0.55325747932798752,-0.23832494847335006,0.57624861300931407,-0.81655113648839439,-0.034376990914774669,-0.17558518018906255,-0.1647737936297938,0.97057686013567279,17.961131252004296,9.5512610262369151,-2.2360399054706792,,0.4230562941757163,0.3,False,1
0.067465952506319829,0.99612515080790864,-0.056418340815159444,-0.98540494027908487,0.075384222110664548,0.15262477757671655,0.15628643231575551,0.045297935766328935,0.98667251309100579,0.0055684296405735245,11.196954532382799,-4.0977809758538291,0.2027227029192141,0.1668168318747686,0.2258064516129032,True,5
-0.017156857638466264,0.97915778921046648,0.20237506285223089,-0.97186884839888654,-0.063882780229333191,0.22669347564937081,0.23489696410936126,-0.19279267158956453,0.95270898076672017,4.2382983170717763,-15.35235480162144,-1.0934318662299165,,0.5301062023365856,0.1818181818181818,False,3
-0.70228982501093695,-0.64541742565650329,-0.30037534576765756,0.68939989646621957,-0.72181892098302991,-0.060870584548373574,-0.17752967199449726,-0.24982752444401871,0.95187679013184245,-9.7342546373026213,-20.051003126459239,-1.6114065940738564,,0.1050056521826445,0.5714285714285714,False,1
-0.85160388735656511,-0.49210401686365102,-0.18056703914570094,0.49789480048556523,-0.86710865863697006,0.014944623321862513,-0.16392555227488081,-0.077176490613740434,0.98344913575025372,11.060452129834815,21.925315666798085,-4.0752129755105955,,0.1919344311262389,0.375,False,4
-0.6342504032058045,0.76526467225922312,0.10998366890251593,-0.77103508818579836,-0.63656018862855435,-0.017205203849337242,0.056844690337729806,-0.095713675329929221,0.99378447036328987,9.0223047451423426,-3.7363767586522072,-1.8960195586783408,,0.3334264528878749,0.34375,False,4
-0.070898138194359792,0.99514417708399416,-0.068275330950461274,-0.99094889422977994,-0.062446457003782929,0.11883067378607259,0.11399010055856063,0.076082237240345713,0.99056435941899001,-0.58804689812373756,14.048232628484268,-4.4710099263440268,0.1205978687637895,0.1431685498583799,0.4074074074074074,True,4
0.51170666527928754,0.85880942223126111,-0.024549236150216674,-0.84779471241531912,0.50936360298349281,0.14762400061067951,0.13928537004789193,-0.054727472465689611,0.9887388378374441,-9.3241772631071225,11.342266009221143,-5.06949277322569,,0.2278580205320275,0.4117647058823529,False,5
-0.88014725356483503,-0.41721959665495106,-0.22642574988140945,0.43353702919329512,-0.90077730370607401,-0.025414433817566515,-0.19335577664122283,-0.12053239106188679,0.97369681438545042,9.8449963911971761,22.892836733897074,-4.3087242557649565,,0.2494426052013579,0.5,False,4
0.50793636682066023,-0.84181241090742553,-0.18262670150680443,0.85803063617820963,0.47573211345678212,0.1935520178286963,-0.076053104082898837,-0.25501141360372703,0.96394247976276271,0.21984367209290556,-3.1484533781270163,-2.6032840630741632,,0.37990206267752,0.2953367875647668,False,3
-0.99532377379786863,0.023506125108967737,-0.093691234355893174,0.0053868680900446301,-0.95492233468918553,-0.29680686711047599,-0.096444631602540742,-0.29592363338219002,0.95033027745144127,-9.3429456655097454,-1.9467653177003834,-3.3924498717771683,,0.3957370904796185,0.2666666666666667,False,2
0.97746821636646608,-0.040940127154498906,-0.20707436341066771,0.13562749102730332,0.87352093583856405,0.46751081092244062,0.16174383966939374,-0.48506193484986293,0.8593915578411907,-5.0446637292275822,-12.440224913563927,-2.0381925531909442,,0.7308638755355692,0.3095238095238095,False,2
0.37672907721260296,-0.85223924983069177,-0.36299237379118565,0.92381025388092453,0.31681288586016287,0.21495164613795514,-0.068189568168466788,-0.41631461228375649,0.90665998389254099,4.7864832006351659,-15.794172258188942,-1.0031042457551214,,0.2958904204923085,0.25,False,1
0.4839367398237826,0.86053060241225332,0.15903557514195985,-0.85828383709632061,0.43127300250082951,0.27812308838558664,0.1707456787972858,-0.27109164433070382,0.94728835818146195,13.323359511966931,-2.057518198195591,-1.7251269545605454,,0.5119088820836838,0.2592592592592592,False,1
0.20763114940602684,-0.95413108474739727,-0.21569232465502369,0.97346164584777362,0.17984537790869815,0.14152054306079501,-0.096237881625048705,-0.23935227837568951,0.96615151864326654,3.2668262347043764,-2.014692489232099,-2.4749019032096911,,0.4857979326874148,0.5875952121871599,False,1
-0.25970277172347839,-0.88836198540510536,-0.3786389484010349,0.94828591939280704,-0.30870350145917869,0.073864492607619098,-0.18250557646406604,-0.33987516984025401,0.92259231705319134,4.9314246494885987,-9.4770385611466423,-1.6548738741444344,,0.6975851025136048,0.3125,False,3
-0.54165823799844215,-0.67562037422474452,-0.50014344256507037,0.82291598227006868,-0.54758924812921361,-0.15151007048302528,-0.17150988115240443,-0.49364271013122357,0.8525850311853882,9.1020112375582158,5.1725423986445245,-2.6902655837459597,,0.3253445411128673,0.2906976744186047,False,2
-0.50917440068266884,-0.74555971003517663,-0.42997924189629089,0.84680567622409353,-0.52326637686382971,-0.095459130304319309,-0.15382319852382981,-0.41271420815870202,0.89777803825880831,0.65565885947217029,-10.544538699201919,-1.8344861444743095,,0.2844063238229159,0.1333333333333333,False,3
-0.67362512555956389,0.73454171791796175,-0.081716919013086142,-0.73905956408654383,-0.66881101912043051,0.080515721665391629,0.0044889806269773902,0.11463108366067523,0.99339798857844963,8.1295540942555924,-12.276917939111392,-1.1153941665780986,0.2185864397047904,0.2628995332272071,0.4444444444444444,True,3
-0.54981684028167321,-0.78931205753389666,-0.27329090357032215,0.82296844312512063,-0.56787398229333663,-0.015558979867642153,-0.14291390332256609,-0.23346437858035879,0.96180559375124985,-3.3532252145326029,10.980712523458942,-4.4331433238072888,,0.2275029170447347,0.28125,False,3
0.97852373800985804,0.20310694856127898,-0.035197465780127828,-0.14693475552775867,0.80701616885410654,0.57195723688580136,0.14457341307866783,-0.55450200238968372,0.81952794801435436,-8.1681274274754543,10.143510253900358,-4.7885835787923723,,0.1670262071465151,0.4375,False,1
-0.44237595679367692,0.89674922719612338,-0.012014007409458349,-0.89609350106789964,-0.44143046792015272,0.046428217020137191,0.036331118820548514,0.031304400887904898,0.99884938018216551,7.9172497373274675,-10.638427586648421,-1.2846849292241482,,0.7791488033335687,0.4411764705882353,False,2
-0.89559913317677409,0.43538308134253645,-0.091344212371054792,-0.44084592089519847,-0.89613133022342217,0.05102463152305528,-0.059641149243408791,0.085966339183876889,0.99451129799728621,-2.9061870179793967,14.540521156254011,-4.7700024523575024,,0.08355629399605069,0.2608695652173913,False,1
-0.9116502670539508,-0.27833336552461019,-0.30236456177304083,0.37400378495824615,-0.86684556700191928,-0.32969672701746106,-0.17033778035821986,-0.41365359977264071,0.89435772483820453,-7.64512343752265,-10.676050815169292,-2.4530519882079567,,0.5375557374289919,0.1944444444444444,False,2
-0.1659304621107642,0.97522560154208904,0.14629459265665906,-0.97523571297654632,-0.18427824941010462,0.12229812316415122,0.14622717216316139,-0.12237872728222354,0.981652209914462,1.4959082230152554,-7.3891268932046259,-2.0470644545621184,,0.4861346294447146,0.1627906976744186,False,2
0.8998333498343738,0.42927111975449961,-0.077628913882441822,-0.40308561571643736,0.886228889425561,0.22829879971221403,0.16679906752841928,-0.17413977515850601,0.97049132390732606,-34.336100625564839,-18.549856476906328,-4.4079111511697331,,0.2423978097774424,0.25,False,1
-0.95642023984112023,0.2713581335143056,-0.10781970227136814,-0.2743629611012095,-0.9615271625687859,0.013801493332094364,-0.099926424923692636,0.042781760343070657,0.9940746604676719,-6.9483507471446888,13.652377123389408,-5.090352138445569,,0.1774479333457003,0.1578947368421053,False,3
-0.16703543167779872,-0.89917353401611511,-0.4044578102709635,0.97697098479571465,-0.20618610763542009,0.054908868914295764,-0.13276618331301002,-0.38597181858670215,0.91290683852481391,-7.6087861757460225,6.9458494605288417,-4.3873408726708636,,0.6809247450189466,0.5704697986577181,False,2
-0.79851056442380874,-0.52067259354340945,-0.30212733877679931,0.57793839697427052,-0.80349697951166332,-0.14275788320945756,-0.16842828683561978,-0.28860466775229776,0.94251751068359713,-6.198254628853797,11.19153938974125,-4.7129468381315425,,0.5469831972254953,0.3333333333333333,False,3
-0.43844565194124896,0.89868343045798382,0.011554311493336467,-0.89695792795639173,-0.43834467748681066,0.057623078667853198,0.05684967695590528,0.014900856997362946,0.99827154556801545,15.304673592166855,9.1099198263171459,-2.5127879778511519,,0.6066590189499708,0.2647058823529412,False,1
0.27555693360555822,0.96039285291212018,-0.041399811801780428,-0.94444650984452894,0.27850450593820647,0.17451656143359429,0.17913449244741228,-0.0089893407676153864,0.98378352566414395,10.8754194658947,18.198068441735138,-3.7008340288619204,0.117432704994533,0.1454257988447626,0.4545454545454545,True,3
-0.96906188198134846,-0.217040421255385,-0.11752669667804222,0.23253834344484109,-0.96246172191122181,-0.13997625757111543,-0.082734440946299226,-0.16297511895062727,0.98315518758959541,7.0351000671996484,-10.688085966415034,-1.3928051654249358,,0.1173865218029663,0.4285714285714285,False,2
-0.30273128719638193,0.9235646252358809,0.2353341257984663,-0.94946755421131257,-0.31371291664267509,0.0097759619237133,0.082856087600185591,-0.22048262730757856,0.97186536094416753,-3.9692020437753275,-11.670431779654811,-2.0515885162320555,,0.4951413302876164,0.2340425531914894,False,2
-0.97596237230569738,0.18483388751797061,-0.11547242904013694,-0.19073835213443344,-0.98073031657174548,0.042272061484207639,-0.10543400243031717,0.063280962240455596,0.99241079747725702,-9.1482269628903961,-13.606647543945565,-2.2149262722090128,,0.2818748676113185,0.3125,True,2
-0.77978179203830034,0.61517390770804503,-0.11619561128007905,-0.62568636483626516,-0.77212365307097541,0.11109292158509539,-0.021375913162183152,0.15933024710815644,0.9869938919228104,4.2575648169565845,-7.0476337766517787,-1.9685437742665242,0.3555988771792886,0.3852484941004412,0.5896414342629482,True,1
0.95469424286773441,0.29672732459237217,0.022622941352904977,-0.25401565238765467,0.77294605736077038,0.58140385340356615,0.15503209660350403,-0.56080949283218651,0.81330053594721552,-5.9680692886687163,12.489889935980235,-4.8600891112589295,,0.592405958092948,0.1142857142857143,False,1
-0.11849017870578583,0.99276173755985064,-0.019601275147790545,-0.97818112375998301,-0.11331181816361008,0.17413248112892682,0.17065100840583977,0.039806586158642771,0.98452712965589051,-1.252800071983825,-13.898182429434058,-1.6512578589171161,,0.3890153793309744,0.4705882352941176,False,2
-0.55004620815848893,0.82176337204731575,0.14884263250793961,-0.83135529603491987,-0.55572625143564014,-0.0040872019747915239,0.079357045340406662,-0.1259892607594669,0.98885244881535472,-21.649572965537825,-9.8194410086565984,-3.8446217479200886,,0.3363533081855258,0.1481481481481481,False,2
0.49532749657660297,0.85072186273261763,0.17584932016900434,-0.85216582167046184,0.4365233216795566,0.28854947930390268,0.16871302116867737,-0.29277927163409606,0.94117809929340457,1.3369657328552131,-8.6950763463312555,-1.9241000220840054,,0.1401852387788003,0.1351351351351351,False,2
-0.0083271776167763642,0.99371363971987248,-0.11164166044815471,-0.9922131840244155,0.0056639861857414094,0.12442233203334992,0.12427250524982626,0.1118084142413716,0.98592860945595862,2.4196281646455402,-9.2610109083036658,-1.803334786694097,,0.2814888636707256,0.6183206106870229,False,1
0.76734322123446186,0.63659213575856766,-0.077037870660250987,-0.616413935877408,0.76539952575920889,0.1849254596417195,0.17668684297831233,-0.094414080824440486,0.97972840157894459,6.3229662253537393,21.600262213852272,-4.5180804784141841,,0.2316399578634251,0.5172413793103449,False,1
-0.49851489821173584,-0.76535910323929424,-0.40707289193667373,0.84965485123205109,-0.52453516013916501,-0.054309295296680507,-0.17195793101449067,-0.37294545025583109,0.91177966696713042,-10.477230225300541,7.5203505817732825,-4.7185503856258491,,0.6147300304397307,0.28125,False,2
-0.92234682787171363,0.38492334967791497,0.033321824495687408,-0.37982157905867708,-0.8875494241704327,-0.26075196592951416,-0.07079475401723459,-0.25316009663346856,0.96483059045418529,-1.2895848787848641,-10.312033618073695,-1.9871676960012952,,0.5620344301493463,0.1904761904761905,False,1
-0.47999561639481508,0.85863545953646003,0.17985926684042286,-0.87591030063959663,-0.48048478576261561,-0.043766606952168233,0.048840080622514978,-0.17854836397252763,0.98271823441285566,-4.241297164253135,2.3642077072403715,-3.5300688782716296,,0.1770788582394829,0.3809523809523809,False,1
-0.31472641863090273,-0.89466120799401261,-0.31706246123825454,0.93581296333051844,-0.34833739685833881,0.053992181031234668,-0.15874942229286743,-0.27971839564220685,0.94686653761817463,-5.3710031935191553,-19.610762504415622,-1.2456844502367224,,0.1350977430321543,0.3846153846153846,False,1
-0.89423344778019598,-0.41827211053981406,-0.15935803216566247,0.41504294008998066,-0.90815787954802429,0.054668306140760847,-0.16758848036964663,-0.017254198312434452,0.9857060382730678,16.204479119991429,4.3768632015725464,-2.0074932423796277,,0.1697763497015446,0.2857142857142857,False,1
-0.20116337182848856,0.96586383916806595,0.16321869385005619,-0.97472030161928758,-0.21391064887992883,0.064517965769025382,0.097229786823784664,-0.14611392296182071,0.98447808003576642,16.456513980922903,-13.175992260689455,-0.49220405646191451,,0.3197552807837923,0.4,False,1
0.86224307405985312,-0.40195406270379874,-0.30817172600958365,0.50427822717995452,0.7381406512782358,0.4481649791346759,0.047332344417505959,-0.54183144095415214,0.83915334639473971,11.257177787606825,2.2357449060620507,-2.2727137638169439,,0.6414578140812597,0.3793103448275862,False,1
-0.27313857623226101,-0.89617412337034075,-0.34966735446022812,0.94938748929085814,-0.30973493810933328,0.052227036029323909,-0.15510871462240358,-0.31770459347609192,0.93541706095857424,-10.607980268735348,-2.2064189143409463,-3.5004870427836656,,0.1022101790786571,0.6,False,1
-0.99190841009143282,0.041899986400064496,-0.11984196731346308,-0.023424190113447568,-0.98816265703746153,-0.15161091832118762,-0.12477585226082728,-0.14757694391855111,0.98114832330093971,-2.8437335547227116,5.6376581106931667,-3.7413907667944328,,0.1257589310283337,0.1111111111111111,False,1
0.010646759841073519,0.99956923839894507,0.027349298920447532,-0.99188717097785561,0.0070921744289412433,0.12692336708193946,0.12667472737067087,-0.028478741341972189,0.99153541274991464,-13.914759209223217,-3.112775834777195,-3.6182863389817097,,0.7877897549443075,0.6829268292682927,False,1
-0.97649737583026885,0.17871727105925092,-0.12046996315154318,-0.19000062835293771,-0.977676749529649,0.089710281766529343,-0.10174790524668667,0.1104912234264583,0.98865517412474846,25.849967819858019,29.605580892600642,-3.27845177278112,,0.2758117375052876,0.9565217391304348,False,1
0.99154679258130363,0.029645916559243778,-0.12631736916628489,-0.01195032456218465,0.99027552863707891,0.13860579758946745,0.12919809543715255,-0.13592460047363142,0.98225880251667685,-2.0789494713596297,-17.097027355004322,-1.323663497896669,,0.2785428244625872,0.6896551724137931,False,1
