axis_00,axis_01,axis_02,axis_10,axis_11,axis_12,axis_20,axis_21,axis_22,location_x,location_y,location_z,dbh,dbh_approximation,score,reconstructed,number_clusters
-0.44516902382462997,0.86575052414647036,0.22869317910060211,-0.86941272910028911,-0.47902841241408567,0.12105076033809195,0.21435028972552322,-0.14494071215553789,0.96594313665682818,-10.119539089639245,29.692539356491309,-8.9710789528290764,,0.45245518451364,0.2058823529411765,False,5
0.50032194140401298,-0.86554143626020963,-0.022715128578385806,0.83843371363087604,0.47777055348135705,0.26222930056203791,-0.21611770588468099,-0.15024420235979408,0.96473821156851214,7.8456950354407251,-14.205338562569137,1.0783891076284164,,0.1099568983439681,0.1538461538461539,False,2
-0.015104044909952423,0.98364237290360101,0.17949805028448923,-0.97405461728000475,-0.055016241748215428,0.21952406633307145,0.22580848164509446,-0.17152520331565502,0.95895236286515395,-15.889780793403114,5.6297873138400938,-3.0229332585790005,0.2331181921835506,0.2096683846209729,0.3571428571428572,True,5
-0.10435373196594074,-0.99426625311045214,-0.023343447699156104,0.97042736890961279,-0.10693275050340807,0.21641651633122261,-0.21767181787256482,-6.9249393740169335e-05,0.97602201558600854,-2.953462281641539,36.861137283721121,-10.756601473410443,,0.3347036050774321,0.52,False,4
0.82867692796642423,-0.53684497406409237,-0.15840461760395147,0.53713687035448654,0.68313303350381427,0.49478605582783397,-0.15741198036336898,-0.49510274929351888,0.8544558128306472,5.2458065790728865,-28.067887649296694,4.1783502892820312,,0.5218306679869049,0.5,False,1
-0.32044894799097962,0.93423416431587836,0.15658543341092898,-0.92059733917545128,-0.3460904411455652,0.18089208288576103,0.22318828561229537,-0.086185455691096785,0.97095780361082829,-9.0087533948438541,2.6391300128665502,-2.4314878141029084,0.4729852035702616,0.1601873019011171,0.29,True,5
0.41624556998547557,-0.89150663126305552,-0.17876115876069001,0.88004261547451768,0.34557895108542386,0.32573023119671873,-0.22861456737538866,-0.29290120344699222,0.92840953495915102,3.6225259582229641,34.043145751803912,-10.386867269060554,,0.3352000256345561,0.3333333333333333,False,4
-0.99414720352141162,0.078734312253608552,0.073974629465171221,-0.082368574421242513,-0.99547264716098527,-0.047430229834082932,0.069905333690429866,-0.053245815124317121,0.9961315814155165,-1.3008373483641182,33.764525194427542,-10.143422738998233,0.8607628547957847,0.610663738285996,0.1666666666666667,True,5
0.37890138424835523,0.90011327623310744,0.21501123450550622,-0.9056260956185177,0.31282800012047357,0.28632152778892495,0.19046027394036627,-0.30320740803866675,0.93369703424667361,-10.653189105795631,-4.518032626964871,-0.68399233431452189,,0.1861028442356175,0.3076923076923077,False,4
-0.48749833278868465,0.77942067801511894,0.39350830005313103,-0.84672632989939411,-0.53200723962084773,0.0047769494563209558,0.21307251766324811,-0.33086508379316498,0.9193086524901124,-9.846001061543447,6.0766126076128897,-3.2389668077748666,,0.4976138218918794,0.2375,False,1
0.83410723688655963,-0.55113539554557878,-0.022691257133271827,0.52904147114171829,0.78766997711151099,0.31573902034648649,-0.15614172788103869,-0.27536481789431805,0.94857470864468763,-13.018307956972313,3.8124085443581488,-2.6086672697353186,,0.3992870432216216,0.4382022471910113,False,5
-0.98858869725886667,0.13005185133168723,0.076019100344703203,-0.13141655651089185,-0.99123917807688944,-0.01321289219939123,0.073634749451851333,-0.023052284282774876,0.99701881419685845,2.6840831365485314,-14.626024463390262,1.2869238155169789,,0.4814007401023027,0.1219512195121951,False,3
-0.47192832686881564,-0.88156605989571635,-0.01117749250697167,0.86391451898278437,-0.46493385366942541,0.1936187377369307,-0.17588450241435541,0.08171776888804759,0.98101317425323864,8.4008767472125108,-26.141830807281842,3.7744769197107466,,0.2699502898533287,0.1764705882352941,False,1
-0.30857342713130964,0.82631634680795329,0.47115149905990505,-0.92466663918441261,-0.37675928168214867,0.055172910433958194,0.22310097814182817,-0.41863317912500525,0.88032506205824324,4.1083586963052223,-13.778907932810393,1.0424881545062612,,0.3110759823926637,0.3888888888888889,False,1
0.3864616511897333,0.80136999131362574,0.45656711355692853,-0.90286124973995607,0.22759673035899333,0.3647482584576669,0.18838512647688033,-0.55317796896830229,0.81148332008143864,6.5359133795549225,40.949421665364376,-12.068825755642136,,0.1233325059445667,0.125,False,1
0.20283851100814049,-0.93720738338289389,-0.28372320839965254,0.95024058430883607,0.11843438526194032,0.28812519556614857,-0.23643047685187621,-0.32804819298422988,0.9145955459630114,8.3429118011678298,40.610029705098654,-12.104282666764741,,0.4208257979742232,0.2631578947368421,False,4
-0.89219077779199296,-0.4507039206686887,0.029352886004482649,0.44593217440568028,-0.88933264218308727,-0.10115308881824259,0.071694573384195492,-0.07715845670774929,0.99443776110209015,-8.8107599628015372,-9.2834655638591705,0.36596089145126132,,0.3546526220431554,0.2258064516129032,False,2
-0.38385808008388672,-0.92141258078182597,-0.060430375898947834,0.89358953187251333,-0.38716513413418491,0.22715833121134196,-0.23270307879823068,0.033196609583424519,0.97198110178644459,0.2467482640624683,32.471650997016376,-9.8634477089038253,,0.1615212610238295,0.4333333333333333,False,2
-0.24931532521236011,-0.94154432823158662,-0.22657481455180725,0.92973030713590088,-0.29818354228197719,0.21607436475703418,-0.27100447340816847,-0.1567828214030573,0.94972402428582303,-7.3285560801885188,28.821091597656256,-8.8575326330776925,,0.5304757198021948,0.2222222222222222,False,2
0.99436784291592606,-0.097764241790037412,0.040923660661613168,0.080196182951556796,0.94651160521179112,0.3125449622684689,-0.069290441005438824,-0.3075027385676708,0.94902102219005358,-13.096936585153081,10.503590935949749,-4.1735535535965083,,0.2223505156909085,0.6470588235294118,False,2
0.44162827462103427,-0.88761293164621913,-0.13079660022207637,0.86689938949232992,0.38458967283170437,0.31713756013602257,-0.23119237780055635,-0.25344440638058641,0.93931678219933779,23.192740968776793,15.153910244903063,-6.3451700960288919,,0.3095067572052743,0.5151515151515151,False,5
0.48031092061943476,0.85265821384782647,0.20560980008634533,-0.8586552553033342,0.40928918714163054,0.30853446133116352,0.17892057476343759,-0.32474040655080055,0.92872552257356644,-13.46587019303756,14.622635952695461,-5.3371094855985914,,0.3377673289879334,0.8809523809523809,False,4
-0.96857853054986076,-0.2417947092903926,-0.058231853113639792,0.24740841307868217,-0.96063880749680819,-0.12634143686455318,-0.025391086935421067,-0.13677865363530337,0.99027616987078571,-8.7984277278387566,-11.645918923494548,0.89142792866504028,,0.3673414559337416,0.1944444444444444,False,3
0.50927653261029637,0.80732540357719773,0.29809915476456728,-0.83715105517190691,0.38441757744049276,0.38910311869650477,0.19953827742314845,-0.44771510907461931,0.87162816438508062,19.592355271156549,12.317396321774369,-5.618719871996622,,0.5584186041845176,0.5084745762711864,False,3
0.65619958770467668,-0.73152758762353609,-0.18512020322455772,0.73700728630042656,0.56867914777390882,0.36527289363874416,-0.16193319930234484,-0.37612686082335289,0.91230818451380602,-9.7715473644743884,3.8091985059169762,-2.7281681475939852,,0.4469165124626458,0.3846153846153846,False,4
-0.58776547897923792,-0.80468789498054738,-0.08372056731821087,0.8016266407894671,-0.59322798933610954,0.073995144738231072,-0.10920838107444872,-0.023620845455081366,0.99373818743323228,-11.824415432090635,-6.3876877249048789,-0.24580752015093543,,0.3465757134515142,0.2142857142857143,False,6
-0.94938117584320314,-0.29138611733338893,-0.11734357068007339,0.31266064920202974,-0.91258870456115282,-0.26348657413227361,-0.030310087349628916,-0.28683791055711128,0.95749951001140898,21.568570543435975,25.396477609760126,-8.7579169319537726,,0.6019306550644127,0.2558139534883721,False,1
0.97559753167220453,0.21355301383530326,0.051034953482499826,-0.20817808885589908,0.82577601603493078,0.52417158894944227,0.069794982021686436,-0.52200486743260999,0.850082101247436,1.9174623280315868,31.834169642928565,-9.811041112596266,,0.6539900056817209,0.3658536585365854,False,2
-0.99676286622766641,0.06180675565843103,0.05141705421925985,-0.054697192154546888,-0.99003809373089935,0.1297412429880937,0.05892372764868057,0.12650888473410082,0.99021386397248445,-12.538686563812018,7.0320136281638987,-3.3790367960790193,0.5007449439748379,0.446833574518721,0.8994708994708994,True,5
-0.49100905314175186,0.80450420360483998,0.33419020948403405,-0.84476940276956813,-0.53340755580623156,0.042907290210046578,0.21277867815452636,-0.26124579573835083,0.9415284745199417,-8.293538660396278,6.2460585417507319,-3.3044967133199634,0.7513824479502219,0.7629154893859857,0.3388888888888889,True,1
-0.99688930301983902,-0.070624138408062503,0.03498497675771875,0.074475804977791618,-0.98936487911555793,0.12494194830226855,0.025788989850888615,0.12715882606714965,0.99154705433261969,-2.4079074425626588,38.881482885256744,-11.229772105934257,,0.136346094768093,0.3333333333333333,False,1
-0.089217936250463259,0.98278836950803738,0.16176272936292119,-0.97047286370271135,-0.1223186449650448,0.20789557453340354,0.2241039505851401,-0.13843832508972609,0.96468246043891803,-5.1817419629506025,10.406214501500614,-4.3437556639953456,,0.4595341878805129,0.273972602739726,False,1
0.99827380527487952,-0.0022754338410377107,0.058687580482137833,-0.016331541120658318,0.94908486758376143,0.31459687679336301,-0.056415338930441525,-0.31501227995801884,0.94740940095030435,-16.045228760210783,-6.1215649540100969,-0.20632426895258354,,0.3037826907224611,0.9298245614035088,True,4
-0.35595286627067763,-0.93338631820848761,-0.045689582783090169,0.91449744869821747,-0.35797838580017777,0.18853618120761392,-0.19233297511903724,0.025326987209356076,0.9810028391400083,-9.9881411288251183,31.510260271866006,-9.408003774358944,,0.125311381384116,0.1333333333333333,False,1
0.68475745034980184,0.65260923135802196,0.32435848275747425,-0.71647573992491342,0.52143887009071577,0.46342638990196183,0.13330321935154602,-0.54972965710866417,0.82463783311566807,-4.3937727129512698,-2.7636561969065512,-1.2745177458891048,,0.5991975679123939,0.2735849056603774,False,1
-0.62018882505697726,-0.75552339646644839,-0.2110692271892084,0.77022045143030005,-0.63750105560451664,0.01878457616326959,-0.14874904192280589,-0.15091985122882484,0.97729060214048846,-0.63810032388391424,34.47563989002694,-10.322254478660222,,0.5923106250225407,0.1388888888888889,False,2
0.911122911144992,0.34917161633016519,0.21893885707214264,-0.40861742239860399,0.69608410130482534,0.59033780670305669,0.053729348581542928,-0.62733253244195353,0.77689577862218395,-10.010302089636635,7.7567242430002752,-3.6258301492474421,,0.6330178753447488,0.3195266272189349,False,1
0.28152325223351887,-0.92471452122349562,-0.25621809594613637,0.93179288671013605,0.19968804591616163,0.30312819168559041,-0.22914334973604117,-0.32407983361601794,0.91785924123209672,7.5309957170109962,-10.846915309618149,0.32566554806916376,,0.2760476095103471,0.4444444444444444,False,3
-0.61644940459542685,0.74736853463195674,0.24785157860305015,-0.76176872735124512,-0.64572215148526269,0.052452922806133312,0.19924491863936342,-0.15647100857131208,0.96737701330611969,-13.367910519027012,5.5035195176875202,-3.0250796965889388,,0.1980470444756123,0.6666666666666666,False,3
0.92038412901265099,-0.3908299428641912,0.012042043945967293,0.37037777034981373,0.88126602726115488,0.29358218002126973,-0.12535295087202442,-0.26574827366534987,0.95585798775318187,-7.6649302958113745,-18.019219099566598,2.2874577814643327,,0.3548003456060733,0.3888888888888889,False,2
-0.51386769829676082,0.84787929108858306,0.13054001834805978,-0.8315761863497344,-0.52970202427443913,0.16702338691211474,0.21076298285804754,-0.022726047229646183,0.97727298736540091,-5.1668297348574175,-5.7870862290200451,-0.51804012550345702,,0.5010905941797558,0.103448275862069,False,1
-0.19479156782227225,-0.97075654294661284,-0.14031386044037986,0.94193005072586211,-0.22503452162729104,0.24925337232533301,-0.27353980449820448,-0.083613386501908388,0.95821958702208077,5.0732588153839817,37.785333650956041,-11.295358554390148,,0.1571271419051486,0.4444444444444444,False,2
-0.51284888694509179,0.78856408454993243,0.33934157381185381,-0.83337238417393011,-0.5522022544426326,0.02373056014365843,0.20609824952055805,-0.2706277050606597,0.94036384277478513,0.31656924119178487,36.406247994200065,-10.763830017849594,,0.3568924941221541,0.1578947368421053,False,3
-0.95511667834098235,0.28450139133151564,0.082529322578840103,-0.27742038220747001,-0.95674889167127086,0.087575623444299602,0.10387522462431413,0.060749622354614563,0.99273330814122573,-10.373921610828257,33.749912213264437,-9.8948921480429473,,0.2372779287564345,0.4375,False,1
0.84651594321760637,-0.53146455620614408,-0.030922214911170642,0.50981088700447053,0.79255922626979924,0.33457843975117751,-0.15330889527395786,-0.2989904653182498,0.94186043779248696,2.9692407939260308,-12.274956437895376,0.73721167696994383,,0.7364454628985088,0.3026315789473684,False,2
-0.19871912459426622,-0.92305274332465626,-0.32936961390103092,0.9560745795741934,-0.25647189321593811,0.14192803205237875,-0.21548110778561802,-0.28669810085010694,0.93347313360183204,-5.399779860953771,29.49203047435768,-9.0244701929718438,,0.2216466520400469,0.3333333333333333,False,2
0.87183526271143097,0.45280438105832604,0.18673903498539393,-0.48542623438116012,0.74795670257919433,0.45268326900978473,0.065304254588939362,-0.48531326332714669,0.87189815389834302,-8.5052543634674347,4.5039225576329631,-2.8724464567808905,,0.3971718600550456,0.1724137931034483,False,2
-0.22043085685301672,-0.97455982235402794,-0.040538746901350717,0.95295360610289548,-0.22403686433093667,0.20417372023904007,-0.20806167826520383,0.0063746430526249592,0.97809493504639899,-17.620526243316913,5.9908170464312773,-3.0486230485872827,,0.1408862289758437,0.3846153846153846,False,2
0.028601028314228734,0.99155507578869539,0.1264931336359551,-0.9751464198486649,-0.00013695834278661112,0.22156137095338624,0.2197076262574888,-0.12968620944451745,0.96690746508867786,-9.5963785134585535,-2.6700913126693098,-1.1289679839556008,,0.1068102352763576,0.2631578947368421,False,2
-0.64353108737307374,0.74441663839255579,0.17807753386869726,-0.74002288084754808,-0.6645394205215841,0.10369905686617019,0.19553484448180963,-0.065047882803091428,0.97853712118463354,-11.648661584688165,-5.5729860630180683,-0.41376776807152382,,0.09199906836828764,0.2857142857142857,False,1
0.98890767197922325,-0.14824870101070903,0.0091618201941778589,0.12999226158415539,0.89366866909636389,0.42948611363322309,-0.071858390107694223,-0.42353114705316619,0.90302698699815143,-7.1270885012461092,3.3421500942114539,-2.6430867108210734,,0.6331909993990446,0.3902439024390244,False,1
-0.35992460315052915,0.9015412644729065,0.24016167158713456,-0.90639176932490972,-0.39890032028785771,0.13904134268016716,0.22115207561086392,-0.16763616234821488,0.96072362130124045,3.1992249025059922,-19.656652728754175,2.4454809909682029,,0.2476430474942941,0.1538461538461539,False,1
-0.73372557550954498,-0.65569683954656632,-0.17806862287284692,0.66864628029282569,-0.74336614426889602,-0.01785853872419213,-0.12066039819988755,-0.13216818892396248,0.98385600478058011,-14.063772444078573,-11.808687565508183,1.039242019948813,,0.2880855190337079,0.3103448275862069,False,2
-0.46850449715222575,-0.78764226392037506,-0.4001539706594533,0.86566535299433334,-0.49973017578781626,-0.029887255348640729,-0.1764285486346715,-0.36040174180137496,0.91596045314915142,-3.6760079133383994,-29.277871549369475,4.6041140597915087,,0.3009784928537186,0.2105263157894737,False,1
-0.94576732808841957,-0.31955432582395432,-0.058388303346564474,0.3231793281214172,-0.9437721164596049,-0.069637016509526195,-0.032852442762779308,-0.084730307685955922,0.99586218522643077,-6.8514808628885122,-12.026762036401673,0.95994680107029351,,0.2908570047447772,0.1153846153846154,False,1
0.73123146570029807,-0.68208829517945302,-0.0074900700251304027,0.65778099484965702,0.70218030840599721,0.2725196824111133,-0.18062310589841368,-0.20420179251428194,0.96212105348005195,16.415555064881669,-18.111571577864577,1.8171753307397622,,0.3038691851043191,0.3,False,1
-0.94906496366095949,0.30817350994472575,0.065610841478903323,-0.29604939784047668,-0.94346675449285444,0.14908131071670697,0.10784455846037395,0.12206379862624343,0.9866458231176064,-11.364610966917175,-10.866007304980457,0.82164720501456545,,0.2614284626542626,0.7058823529411765,False,1
