axis_00,axis_01,axis_02,axis_10,axis_11,axis_12,axis_20,axis_21,axis_22,location_x,location_y,location_z,dbh,dbh_approximation,score,reconstructed,number_clusters
-0.60105696167298062,-0.79892867449627425,-0.021059484610767253,0.79319806888863231,-0.59955628492962365,0.10662591013788575,-0.0978128434091841,0.047383903058043408,0.99407616076193916,-4.145683681500806,-18.331097963516708,0.20752162986706185,0.4416663727476144,0.3370073919208651,1.0,True,5
-0.45521492195064284,0.88917280529757881,0.046379921870397675,-0.87817991227200476,-0.45696122506097697,0.14137354940972968,0.14689934143965452,0.023625433541107188,0.98886926455148294,-4.3381402406818301,9.4462168786002128,-3.8433013603062252,0.4048382023363157,0.3954154781614226,0.9732739420935412,True,5
-0.90884379577486452,-0.41658170640052827,-0.021508992862536595,0.4168347676358593,-0.90893924823781058,-0.0088441790372614792,-0.015866044607772269,-0.017003673288674016,0.99972953528601749,-13.292035955954018,-6.4598779049464454,-1.8463041904146142,0.6757780223959053,0.2816441928802531,0.1578947368421053,True,5
-0.8353393089916622,0.54516338254713381,0.070746909353683482,-0.53826571429589265,-0.83726087271367844,0.096250983559964615,0.11170613083829947,0.042321594399261496,0.992839676373099,0.87732557629859531,18.514351495039687,-5.1810007270558458,,0.1223216420705305,0.4736842105263158,True,5
-0.898393702325187,-0.43900931833550721,0.012632261754576888,0.43750608253087936,-0.89205973284924722,0.11321599170352564,-0.038434143296373624,0.10723922530269768,0.99349009314917225,5.7943007716924182,10.054355099404532,-3.9326355028227113,0.2389972608340152,0.1799747914451,0.8448275862068966,True,5
-0.99852553632376062,0.043533682626358434,0.032427947612090238,-0.039369910144773201,-0.99205096002472248,0.11951946657017119,0.037373299085543023,0.11806655407444264,0.99230213409245904,9.1217808420325941,15.418465479668651,-4.8104336067187248,,0.1325975044577187,0.8108108108108109,False,3
0.97538562797505779,0.21638268464387114,0.04244302682435995,-0.2204889285574077,0.95468084911916062,0.19992275685555477,0.0027402779619415604,-0.20436000125129647,0.97889196582935645,-11.680694952881662,0.69275266599564111,-2.8612290414417778,0.3589952675858579,0.2579701412098699,0.4925373134328358,True,5
-0.73799911579054689,0.67294729882621096,0.049992380368188392,-0.66309678743639033,-0.73694388790980137,0.1312111144832081,0.12513974422184998,0.063683899652056036,0.99009312963033813,-2.8638779132523586,3.6487056027846183,-2.9903403042571988,0.3810718158102206,0.3361375440507591,0.992320819112628,True,5
-0.58233541207693473,-0.81294425626372313,-0.0026653421936377146,0.8061662281298223,-0.57789653455919765,0.12701026717319344,-0.10479255920208619,0.071813867409382975,0.99189782134229199,2.9128481435107569,9.1749358395713951,-3.7376449971593475,0.2399269134525302,0.2251345940944472,0.7721088435374149,True,4
-0.74497528087770959,0.66443265311642996,0.059506977354253553,-0.66102683414408547,-0.74726061026854529,0.068155006291023668,0.089751631866087839,0.011438086104911413,0.99589849621516735,-9.9852277661396585,27.651066550810995,-6.5085993630115286,,0.3796650094109369,0.8048780487804879,True,5
0.064595208180410882,0.98839698880577842,0.13747309409408423,-0.98551525674846563,0.041538065108900235,0.16442100797348369,0.15680286284420003,-0.14610264086141742,0.97676347215545711,9.8011075030858699,-2.2458193727335485,-2.135001053278041,,0.2593208212470202,0.1188118811881188,False,4
-0.76701930260704165,0.63225386186649568,0.10925403234256398,-0.63058848609422791,-0.77426337614535345,0.053613296535362953,0.11848860972092405,-0.027771901535568581,0.99256696038680525,4.1473680861140432,-18.995400885663873,0.23526557427746136,0.418655997446063,0.2789720608977113,0.5625,True,5
0.46697226261422015,-0.8842286584493334,0.008751315663788662,0.87328320727811559,0.46270201977672559,0.15258859977267655,-0.1389724643049948,-0.063612266674205942,0.98825104790916685,8.4418958755309887,18.886508633514485,-5.2699923036201977,,0.2452916581868397,0.9795918367346939,True,2
-0.6108898102573177,0.7891645610770921,0.063505395548569529,-0.77932702699981893,-0.61352752072688455,0.12741022838982713,0.13950994484768389,0.028342139134588808,0.98981498192231554,-2.8231032534878953,0.51481455848778479,-2.5206525053777504,,0.3992876686080765,0.9266842800528402,False,5
-0.99119317229694948,-0.13134397178029913,0.016877685531121879,0.13229582629226366,-0.987763314897384,0.082592058265795909,0.0058231896378770145,0.084097531592249461,0.9964405128468703,9.8669777835283572,9.8383355935414514,-3.9613727439594411,,0.223968249599227,0.3658536585365854,True,5
0.30086175218374356,0.90982059160890882,0.28584733190523709,-0.94970266591626551,0.25853137026303369,0.17670986656510251,0.086873772937899774,-0.32463521323838768,0.94184124240829514,14.189058467110479,-0.81189592558749357,-2.4314458291614041,,0.4577824719303104,0.1333333333333333,False,2
-0.99679452155772685,0.070743080983905762,0.037364398635695593,-0.066428467525748838,-0.99211806719573836,0.10624970327475514,0.044586326319659329,0.10342706240001955,0.99363720857696336,8.6927524678087433,0.82979856132653906,-2.5943872797654706,,0.1224983740509809,0.6153846153846154,True,5
-0.97785744263183239,0.20573384781172874,0.038319782803573989,-0.1998003313655263,-0.97227899007252605,0.12146354617651864,0.062246682447810217,0.11111772733515494,0.99185593772286917,2.8607406939783799,10.294410355929323,-3.9215608595392228,0.2784494974293462,0.1314006834675169,0.7121212121212122,True,1
-0.98636303390247793,0.16138633983928427,0.032286447063413173,-0.1568589656675996,-0.98119495219987296,0.11247991228295116,0.049832020231878646,0.10588160884104758,0.99312932424173328,7.8438887288240133,15.613380129526403,-4.7897682067817255,0.1954205539166998,0.1787691830603325,0.3928571428571428,True,5
-0.38866768376192778,-0.92052001395529426,-0.039753433900521676,0.91357160970444973,-0.39062031758296495,0.11314893474268725,-0.11968435796360036,0.0076597257867907793,0.99278244497962009,-8.9439251843844012,-1.8307453513495247,-2.3558906935524506,0.3649727973366497,0.2803828909589913,0.3225806451612903,True,5
-0.99486814205029017,-0.097674651479176894,0.026401560405124362,0.099926386670525641,-0.98945035698897199,0.10489379534257105,0.015877568465502458,0.1069937078188147,0.99413291330023179,6.6086264310743976,16.5822343986761,-4.924535426306079,0.2652543326932049,0.2041888307062775,0.9545454545454546,True,5
0.048787648243392816,-0.99825256360962134,-0.033340435295567586,0.98341911703259333,0.042171958176526969,0.17637563946983162,-0.17466140281617382,-0.041392574097007001,0.98375812534174789,-8.6533355530573939,19.062310481921187,-5.2790435678574035,0.415886044585291,0.1950967907293109,0.9142857142857143,True,3
0.0044251018461179039,-0.9949998416765562,-0.099778422202803016,0.98826690810416917,-0.01088233370009933,0.15234859093364472,-0.15267264594510316,-0.099281870836870428,0.98327726166288087,-17.344615783560691,10.991411535652514,-4.3691485219752613,0.5767511639831671,0.496208516068933,0.4482758620689655,True,5
-0.58632990293752651,-0.80960763220538989,-0.027435866963767593,0.80422425598293468,-0.58582538001582085,0.1001597235320455,-0.097162703801238509,0.036662051280610952,0.99459303385150044,5.9058942058148594,-6.3468267864969423,-1.4815942080350895,0.2751508718665237,0.2212874411082098,0.5208333333333334,True,5
-0.72196938200452498,-0.69160854375625047,-0.020924474936362243,0.68792918101453748,-0.72071707015068032,0.085559024667692621,-0.0742539787262044,0.047376439258113093,0.99611335682569302,7.4485757528800232,12.044789607599794,-4.2694623116155608,,0.1101127870439083,0.2941176470588235,False,5
-0.12178646789614356,-0.99255605631897781,0.00072890458979699146,0.98154351643874671,-0.12032607381819928,0.14864037572799141,-0.14744619891486788,0.018817837920885414,0.98889104930803251,-11.646700461616348,5.2102803093730579,-3.5166181177575337,0.304930845462412,0.3071996541726811,0.898936170212766,True,5
0.43268503260855423,-0.89472395387924453,-0.11069195504293129,0.88958966702284092,0.40378766396379223,0.21350818896907825,-0.14633484507364025,-0.19085221713502751,0.97065006275790178,12.467136920332067,7.3502085882012,-3.6132919507038244,,0.2817132806006053,0.2857142857142857,True,5
0.48137938143261516,-0.87637436951656256,0.015551706851655939,0.86443216654933652,0.47760579335770453,0.15700234261302523,-0.14502041430906495,-0.06213429492321252,0.98747577632467631,5.5818930646029319,8.5123987256879428,-3.7192336435980775,0.2871145907077631,0.246060850476064,0.9450171821305842,True,5
0.73941160783338788,0.66221516764490074,0.12141476822150027,-0.66906244793006708,0.70266941658152016,0.24209736010707245,0.07500609955911082,-0.2602436603301278,0.9626252242108071,-6.8330335112371232,-4.5586906693918507,-1.8451546381887085,,0.1018080419729856,0.3333333333333333,False,5
0.27745869414088603,-0.95753408521756744,-0.078390998795721478,0.95267854070927904,0.26366750782892695,0.15127142290373927,-0.12417838426100344,-0.11665299379715596,0.98537901739406242,4.7998555825550548,15.484667019814037,-4.7559847134594699,0.1908936128116781,0.2105191417444196,0.1481481481481481,True,4
-0.95849191361634123,-0.28415098720493026,0.023483355862115567,0.28481477135547295,-0.9504054093872657,0.12494040109249038,-0.013183229870290317,0.12644277076166205,0.99188629800612715,-15.597858614039755,5.4856967274130373,-3.6858531893153854,0.2434508465287817,0.2603071984125892,0.8455284552845529,True,5
-0.38189292597821078,0.85686593777946618,0.34632146592597574,-0.9122261376531815,-0.40961747855705838,0.0075495061372759936,0.14832824029887115,-0.31304039025958585,0.93808552232510567,-6.77026967725911,12.097159867675785,-4.286088608907149,,0.4831060502725326,0.3658536585365854,False,3
0.44544947262439866,-0.89419377597927951,-0.04463472122195352,0.88391893116304598,0.43131026056820465,0.1807174099531213,-0.14234496995054718,-0.11995395003293492,0.98252173482385241,8.53609280358158,11.8677791103107,-4.245119705263261,0.1702792104044329,0.1915744803453944,0.8695652173913043,True,4
0.1219711875845579,-0.98789385465944235,-0.095858026921708389,0.98413865421496638,0.1078394423549061,0.14086079636485127,-0.12881823892279301,-0.11151854822715943,0.98537783348426256,5.8476752675018826,-9.3157596331733181,-1.0457913229142615,,0.2310308334822951,0.6,False,3
-0.96285804324400803,-0.26969261481767676,0.013049217337667928,0.26935298347078357,-0.95603474213201123,0.11595922616147794,-0.018797841783281415,0.11516711921978953,0.99316825150369537,-6.5460726296508884,-0.88609319371177753,-2.3891518085372598,0.3012206036373455,0.2632083538058724,0.4468085106382979,True,5
0.36359378880448801,-0.92994778264916866,-0.054741924415323134,0.92022886000778392,0.34941477110849489,0.17631835678673363,-0.14483922794454923,-0.11448335807921503,0.98280982838560094,5.3126517282173102,1.1858556145606345,-2.6268037857903508,,0.7200383672290217,0.8751139471285324,False,5
-0.99762582786639942,0.058905850189019164,0.035676440228702817,-0.054843055171341484,-0.99287729678629666,0.10576820328346243,0.041652693470609653,0.10356048638282593,0.99375061196801195,8.3322721003664011,-8.6111166582386289,-1.1704228567285866,0.4741161441232711,0.3140105061425681,0.6129032258064516,True,5
-0.98722989813405793,-0.15732714164971237,0.025005973897232865,0.15912396365438755,-0.98132088463553147,0.1081151495816179,0.0075294369732985186,0.11071355778977492,0.99382383534527674,6.5055236282308364,5.9617210689043043,-3.3240484616500541,0.4602821618344919,0.2002656783405507,0.8531468531468531,True,4
-0.75217951038610598,-0.654570045197016,-0.07592127558263137,0.65402306190881243,-0.75564903310175113,0.035332326045848447,-0.080497320742613745,-0.023078013414606753,0.99648762493575194,8.0796677234206715,6.5940312322254861,-3.4097122543517697,0.187343313298036,0.2462985163816729,0.2857142857142857,True,5
0.027436101246880323,-0.99920052123491487,-0.029078836157011186,0.98877258900087073,0.02285225189846771,0.14767038235098282,-0.14688780612728683,-0.032803855673447194,0.98860906300927132,2.658315670156929,-26.74921616205652,1.2272884175266932,0.4076065053240074,0.418861351390634,0.9038461538461539,True,5
-0.91084715969286856,-0.4127265924768409,0.0037698198748948586,0.41146699766674183,-0.90727374101575753,0.086886527692094068,-0.032440121925651287,0.080691503429587086,0.99621108193179697,4.2330044013351475,18.61680528983246,-5.2244941655132671,0.2216680948750462,0.2247353217058158,0.7903225806451613,True,5
-0.94272503736441671,-0.33313706717972719,0.017005834209162487,0.33324565956021485,-0.93833078451928709,0.092101407197162338,-0.014725294921900126,0.092493422978664253,0.99560440557239072,9.7064915604148041,-7.7320209203380301,-1.3533765479302635,,0.1352728888967991,0.25,False,2
-0.98984118827186374,0.11770413085186009,0.079750608655687893,-0.13220723328269637,-0.96834324176105313,-0.21173713326535207,0.052303627678003201,-0.22012974291563364,0.97406736256565829,-6.2048963440307663,19.449718008994139,-5.326020720800833,,0.7441050786633865,0.2909090909090909,False,1
-0.9135051837867576,-0.4056949024804074,0.030330270294470191,0.40646521912931283,-0.90700883728216886,0.1100953892322878,-0.017155315003894216,0.11290090873620875,0.99345814203400473,8.5915654306893483,10.249389713775782,-4.0110575490478544,0.2568108281692202,0.2790220272309701,0.1714285714285714,True,5
-0.89923654542375542,-0.43745085319291349,-0.0032227961683763667,0.43599463648789932,-0.89679750485378718,0.075252323829943943,-0.035809388826610652,0.066264517872042655,0.99715931592852869,6.0309099817834806,13.431962177762555,-4.454451945982461,0.1929497882179627,0.1706150293262934,0.9047619047619048,True,5
0.067597906881413983,-0.9967576420880957,-0.04364316583651584,0.98603784883968482,0.060070690709290477,0.15530895908902984,-0.15218371674019812,-0.053532373912341231,0.98690141417593014,8.4456254869737712,-2.6156909041443326,-2.072299610639369,0.2604016767456616,0.1915548194505371,0.8120300751879699,True,5
0.11110713711230588,-0.99132117260482255,-0.070267608669330323,0.9833567506789237,0.099436115186113228,0.15205906711170669,-0.14375223468487633,-0.085992974957800616,0.98587042925579749,0.58878842073983439,-31.870471924683084,1.9190730863723957,,0.3015021345586687,0.7272727272727273,False,4
0.43948163562515646,-0.8982508207130282,0.0011640603973658657,0.88328578577709682,0.43239463327433186,0.18122114048778307,-0.16328537164233031,-0.078615165228647865,0.98344168266537202,-14.440673472885672,-3.6147497160944626,-2.3169013606779543,0.3430793654306523,0.4289523297343412,0.4666666666666667,True,5
0.14446370586270749,-0.98598247093987912,-0.083479366838186325,0.97788765302421576,0.12936552351730063,0.16431767825735275,-0.15121499843337391,-0.10537138285315473,0.98286870736859333,-15.563729208793285,2.0380448560549342,-3.1388224516482266,0.3076501833093249,0.4434219211820705,0.9166666666666666,True,4
0.29392196346047833,-0.92609931132263545,-0.23653740711202309,0.9423919445968747,0.23942665691263265,0.2336071461204961,-0.15971005652262352,-0.29157321812433701,0.94312128399170359,-6.07697355980034,7.9099499306547596,-3.6788258129687104,,0.4925615906484467,0.5094339622641509,False,2
0.87941757263467291,0.41238825558489928,0.23782485067163253,-0.47401910980476913,0.71244976290976947,0.51741783779621331,0.04393878106223488,-0.56775986295744574,0.82202075492855309,14.75041561059407,-4.9762862925512197,-1.8488317384264961,,0.5886438752508498,0.32,False,1
-0.74406861714840722,-0.66795771347197475,0.013942237558926634,0.66368652777388748,-0.73659320402948514,0.13019464132221492,-0.076694757489020562,0.10612702196363596,0.99139042227713281,-4.4985084389007115,5.5096289378163119,-3.3270588480854304,0.4202379866650696,0.3722859108702724,0.9634760705289672,True,5
-0.10643387108131869,-0.99099130404944658,-0.081290014054738097,0.98688515809574917,-0.11526325399378562,0.11301357002187556,-0.12136521666841178,-0.068195436629868114,0.99026252408434012,-11.035458713999043,-11.45569960090152,-1.0649105739641231,,0.3245189435920894,0.45,False,3
0.83604777232503591,-0.54863817530610259,-0.0045027754925812888,0.53828888128195973,0.81863373975335174,0.20020959124292687,-0.10615650087753843,-0.16980857673932034,0.97974274408499962,11.507993728435689,-1.0839438014173983,-2.3562034672015137,,0.2315580063589629,0.8108108108108109,True,5
0.40979153983849154,0.91018756191214856,0.060245298714646969,-0.90426506399836659,0.39666806946280064,0.15798460906267162,0.11989823980704822,-0.11921847511637523,0.98560203291292903,-9.4589243422316507,12.028422374101268,-4.2967452468168865,,0.3983281396437756,0.9581151832460733,True,4
-0.97770086652846477,-0.20890217968400326,0.021468463213795228,0.21000234126342923,-0.97249074395605062,0.10080064277417386,-0.00017959222669668151,0.10306130332516082,0.99467498988541581,9.3884350086677149,-9.3128961873074427,-1.0878744666833862,,0.1185069259129497,0.7619047619047619,False,3
-0.42073112441951183,-0.90717253385367702,-0.0048285366511664173,0.89834675040086431,-0.41736724502011696,0.13703174387171951,-0.12632670734607193,0.053315819470548288,0.99055488813355674,3.0789391332408758,-24.291912839163388,0.89787047795177488,,0.3024058565906959,0.7954545454545454,False,4
0.27318778113655423,-0.96119159077216854,-0.038459876060052182,0.95114079711363919,0.26391942253469913,0.16024269866356716,-0.14387362615753427,-0.080357104463883208,0.98632809726706205,-7.6675725745578527,-8.5371614381784564,-1.2618552186408241,0.3209144281500508,0.3274720897303667,0.8488372093023255,True,5
-0.89262953416636015,-0.45057983519035782,-0.013795899890087992,0.44656952917669257,-0.88803469750876074,0.10940763973065074,-0.061548114064158117,0.091499661968526352,0.99390122321827912,-7.6210221407401768,6.2519039125565827,-3.4836634517676393,0.3163656907573342,0.3608533252617627,0.8309859154929577,True,6
0.85324848595735525,-0.52142420662979461,-0.0091552144688204669,0.51070704794435684,0.83189972810792479,0.21707407388705263,-0.10557145632907233,-0.18989375743939152,0.97611220077105298,2.3634727980965682,23.361637917654065,-5.9199625951352459,,0.1109380985874577,0.4,False,2
-0.95914871471079866,-0.28259548788509231,0.013173203695757236,0.28237993179996568,-0.95351047087458995,0.10525852007873174,-0.01718479517684364,0.10467842260707132,0.99435763719862147,3.8347520784307694,5.7970205238803985,-3.2633850870963204,0.09488365151049026,0.1221237125486639,0.6309523809523809,True,5
0.7283090416221828,-0.68067993663027393,-0.078998504798403618,0.6732382505486193,0.68928310635692835,0.26765473522651895,-0.12773487342778328,-0.24812017886489912,0.96027088831768637,6.668107595215873,-21.818616308663785,0.62184861450129203,,0.1910832503597418,0.5416666666666666,False,4
0.99378400944253897,0.097112885311469402,0.054428210358170873,-0.1112724076432336,0.88158082432115048,0.45873053254227536,-0.0034342209582339817,-0.46193542589383951,0.88690691080331985,3.8705034338890214,24.424810053884759,-6.1097972471978856,,0.3880100804134486,0.2424242424242424,False,4
0.3018556422421379,0.95216684827695264,0.047554855576691146,-0.94386077603299656,0.2914562108556375,0.15549955826324033,0.13420136628579854,-0.091823581916672004,0.98669064204086587,-6.2339325162617767,9.8733824146008349,-3.9557301596252832,0.3613699594122247,0.4219832959833251,0.96875,True,5
-0.85739377097489033,-0.51434624429528986,-0.017996179394229025,0.51301749523599771,-0.85692539428976211,0.049919116609983438,-0.041097093269992585,0.0335679847573239,0.99859111718665505,8.4101256548269792,-4.1076646449896419,-1.878916265801865,0.5445212128827248,0.3263990768360809,0.7411167512690355,True,5
0.65249209262690377,0.70410453292105402,0.28016223117934547,-0.7505387425561989,0.54941445911499864,0.3671993301158572,0.10462153211229819,-0.44986726801957777,0.88694632091411119,-13.957017904123017,6.5796014010312538,-3.7822472867566437,,0.5160135937944683,0.3333333333333333,False,3
-0.8630077365139367,-0.50513462549560639,-0.0075270739671199609,0.50282109213067316,-0.86030583483416057,0.083933425158378455,-0.048873264937082619,0.068650423711098418,0.99644293529468009,5.7257574533661355,-2.650164135226186,-2.0676048317856566,,0.1038741711974546,0.5934065934065934,False,1
-0.91365029047846891,0.40328450477072042,0.051036799668910407,-0.39632994157987445,-0.91165074709026794,0.10869909262293731,0.090364396284726464,0.079085545718489664,0.9927636941097846,7.6414272660130056,14.07827498032265,-4.5818667135158462,0.2052195316932147,0.1605214232465227,0.8301886792452831,True,5
-0.84418280933801459,-0.53603435404942135,0.0047492838403899373,0.53332781943239771,-0.83896183450656181,0.10818723243002573,-0.054007605368697566,0.093862727001744584,0.99411919156715567,-6.6068233004503707,2.0885242673945381,-2.8098165358477778,0.2461775871114483,0.2140655216658138,0.8398791540785498,True,5
-0.33009285933769705,-0.94392127154661931,-0.0071650077514082752,0.93470422807143616,-0.32791048162195985,0.13712301800878093,-0.13178281465974778,0.038566166056127088,0.99052811196658463,3.3963393230070742,12.998422999641445,-4.3784363939734545,0.4040329041030247,0.3553393117963276,0.9450980392156862,True,5
-0.48889401375586999,-0.87185452546985565,-0.029194686698251378,0.86410085859568331,-0.48859312316614978,0.12085721397149497,-0.11963423209048239,0.033859214587485129,0.99224049710724893,5.9250263284816418,-7.9667205779473225,-1.2245498202066891,,0.2116145412989254,0.6699029126213593,False,5
-0.59429506408554922,-0.80396798914979695,0.021186062068831127,0.79767719884744726,-0.58587547187051625,0.14304201445515835,-0.10258880661379544,0.10190880179322781,0.98948983464946472,-3.5549030088046418,-3.2261837726862432,-1.9606628620368478,0.4239238630265504,0.360481084111043,0.9876543209876543,True,5
-0.3302171344604683,-0.94342545936106847,-0.030083994716063246,0.93660664777698999,-0.33145315779830414,0.11360806100574201,-0.117152172189289,0.0093384589141734999,0.99307006889566551,1.0188299490016834,-28.585197236760607,1.4998506890945116,0.2249470251030201,0.2375398751818489,0.75,True,5
0.1211700881534744,0.99112693568520893,0.054637048750152795,-0.98167851403627682,0.11149700211026727,0.15451768054158324,0.14705476808457094,-0.072358937800871659,0.98647811901933369,-7.9083424219405378,11.239980870450447,-4.1587372479614375,0.2076168967629131,0.1367668475172476,0.5121951219512195,True,4
0.57778600318918671,-0.81616436643978696,0.0062499178079663308,0.80338188794381726,0.57005473493038317,0.17209050324546907,-0.14401693179099931,-0.094410413288957648,0.98506131647736284,-0.18358301296359597,21.971578748603257,-5.6710415502194031,0.2665638976253741,0.2380111628560494,0.6382978723404256,True,5
0.92391360755556695,-0.3677333135265406,-0.10562128524331701,0.37739834281635015,0.83056310869276262,0.40955514075407307,-0.062881925965509566,-0.41825486560398417,0.90615050117817775,-4.6769235438480026,-12.511786116035401,-0.53225440125654955,,0.463312490910419,0.1016949152542373,False,4
-0.64880470969038129,-0.76095314833124728,0.001659737431904007,0.75529485686206033,-0.64371173409858995,0.12314577776564817,-0.092639774834030811,0.081151151738896116,0.99238720401371106,-2.8343291014634859,-10.077837482101758,-0.86731809344501298,0.5237786133455138,0.4885461923547981,0.8603351955307262,True,5
0.99952334763992046,-0.021263843452905093,-0.022381387005660745,0.028787504843530053,0.90383875157240701,0.42690372535375798,0.011151550904271021,-0.42734454497237179,0.9040200676947312,14.172050805663837,1.5338601457164915,-2.7828819908518603,,0.5546260315801884,0.2727272727272727,False,2
0.69253932630742088,-0.70945910544354651,-0.13060267692856228,0.70940639621406476,0.63694057582832286,0.30174371223615926,-0.13088867990868161,-0.30161976156533116,0.94440122453596798,10.455589242672563,8.5493498390967773,-3.7813270234135592,,0.3514442437864689,0.3333333333333333,False,1
0.96745151155859188,0.24662068350712135,0.056708123311174391,-0.24196636442203229,0.83591409245631998,0.49264582462587808,0.074093530563602072,-0.49033240612813606,0.86838026245949018,-15.532926460547397,3.6962359812676797,-3.4059204124576135,,0.6992269840016888,0.2933333333333333,False,2
0.89818587128598781,0.41620402109073579,0.14154982674003327,-0.43798584185116146,0.81949754858091306,0.36958377968710071,0.037822519220173621,-0.39395174920004661,0.91835258824814303,-17.070163131671464,-10.445098443509437,-1.475445739836825,,0.3526434134295212,0.3529411764705883,False,1
-0.38652007756216694,-0.92219095486410074,0.012886908402518655,0.91306686464670372,-0.38065096615571042,0.14633435225183022,-0.1300428018983561,0.068327774232463806,0.98915124472593319,-10.506033673982598,2.7254861985186478,-3.0718397912474185,0.3220358793612644,0.3120271301191227,0.8719211822660099,True,5
-0.65455560699893434,-0.75155373333568809,-0.081999653995888919,0.75021640303448456,-0.65911076688439107,0.052424665903270051,-0.093446808207963888,-0.027202626458836775,0.99525258660778393,6.7969963706508887,-3.2757847271026765,-1.9842433393968177,,0.1046341841396366,0.3720930232558139,False,1
-0.47710029276172045,0.87699419233472697,0.057065727523963265,-0.86628438065341318,-0.48022738204712112,0.13759735959712155,0.14807661018071594,0.016212592122393517,0.98884299531020592,9.0740568042101089,2.4920957501209799,-2.850339709861248,0.3800516761382943,0.3227019610270796,0.9207317073170732,True,5
-0.8734412694869178,-0.4862366242849645,-0.025967170832482345,0.48270826599523936,-0.87164396847117975,0.085026596825244161,-0.06397717324913943,0.061731170665843917,0.99604025213405623,1.3944071126285145,16.754907206173247,-4.926849038286055,0.3459982323505315,0.3045596387288192,0.7948717948717948,True,6
-0.86353741203562662,-0.50428477721964771,-3.846222790591762e-05,0.50183442582959992,-0.85934893422670167,0.098395214800864744,-0.049652261449892411,0.08494864747577105,0.99514741632832937,4.2886423143472197,3.6714979909982026,-2.980902274591744,,0.1538746741810111,0.6707818930041153,True,5
-0.84574731163215466,0.53099097384108984,0.052536373745003313,-0.52286019994772603,-0.84436364950396681,0.11690696603268416,0.10643634800953748,0.071404573352373352,0.99175233336088464,7.7671808782723923,4.7845074907983616,-3.1654517498706061,0.2062977192110574,0.102975559035745,0.25,True,5
0.072264801352296806,-0.9904649526067959,-0.11729013659780073,0.97995879739636949,0.04862261993620963,0.19317504040636541,-0.18563015350684559,-0.1288992571280245,0.97412854779072611,3.6801222385539369,-21.724028021594918,0.6296108824494332,0.2202389786464455,0.3020135469038516,0.3055555555555556,True,5
-0.89601109827581171,-0.44390714358081196,0.010514734637480389,0.44257981549315606,-0.89091763782447797,0.10192580405027671,-0.035877829987560693,0.095980260945549262,0.9947364328424928,-11.168204242775111,17.882691346494539,-5.1645725015844253,,0.3656985261839398,0.7272727272727273,False,3
-0.40580662736641876,0.89463192279693005,0.18696177122117993,-0.90140911456152673,-0.42555403028399102,0.079783303356388002,0.15093902534102274,-0.13615245139813081,0.97912201517858977,-7.5084557418973663,16.312530233968381,-4.8880765882256503,,0.483945253551509,0.4827586206896552,False,1
-0.75548808430982217,0.64535544384441113,0.11293407619606859,-0.64155723795665154,-0.7636720572379766,0.072175476578617698,0.1328234350229977,-0.017925961461007466,0.99097759561676857,14.582317616655896,-6.111705786424416,-1.6450966654167034,,0.4478115366381308,0.9466666666666667,True,4
-0.54747312380784474,-0.83681813881488798,-0.002929378511993241,0.82967169228997795,-0.54324771772682012,0.12855660308706496,-0.10916987551868036,0.067950862650797361,0.99169784639488257,7.2766742840979743,3.2377465344250109,-2.9434717382951061,0.2753098084503612,0.254002034159044,0.8905109489051095,True,5
-0.69617032689397529,-0.71782724554960575,-0.008421490307664644,0.71215250519127582,-0.69205022984379616,0.11792068827368345,-0.090474777159858508,0.076095498683005316,0.99298730595011098,4.1005875176379112,22.160596857588295,-5.7408086125126028,0.2660293834114963,0.162468470914566,0.5,True,4
-0.73944766700702658,-0.67184958701575603,-0.04284017022169738,0.6686536037184001,-0.74034440957647563,0.069227981649456247,-0.078227271410059751,0.02254523531964802,0.99668059395782316,-13.325344067563856,4.4726421221750501,-3.5055790974031065,,0.6446917869220533,0.3777777777777778,False,1
0.56952166505700008,0.80156939588492149,0.18202081367630629,-0.7792664429245667,0.45607238272766565,0.42981599859102909,0.26151268413290396,-0.38663223519747048,0.88437923468600965,12.226402908840583,-3.2057701356890869,-2.0690665956922527,,0.2026363931663207,0.1666666666666667,False,2
-0.84134451707527802,-0.54029781912400432,0.014753651656879471,0.53744441680239108,-0.83337966733490265,0.12896444828209733,-0.057383816841562407,0.11643279917021802,0.99153946005294347,8.3020309291123056,8.5073103826527081,-3.734326798388282,0.121368780599551,0.119908489270809,0.735632183908046,True,5
-0.38971990871186951,-0.90990831535518624,-0.1420748056521664,0.91255505336039267,-0.40231370144773376,0.073395914149473399,-0.12394219354209157,-0.10104723289092311,0.98713109027376111,2.746212991772587,20.758613281775176,-5.4981967668673182,,0.2048157130857046,0.2941176470588235,False,3
0.25015317295078987,0.90730374346677678,0.33796938789456349,-0.957117525528001,0.17905450617562935,0.22774004071607357,0.14611444962702896,-0.38044631803892548,0.91318736670018374,11.560950935626142,-0.10488259698075819,-2.5005073922360164,,0.3639029619490344,0.1875,False,3
0.23907869893238889,0.87960510689816152,0.41126175561978595,-0.96202346496587143,0.15711438707823533,0.22321720862892316,0.13172785799463163,-0.44900993896761671,0.88376345598606987,13.768526657836645,6.9690591696194479,-3.575994880659751,,0.4177564650422727,0.2173913043478261,False,3
-0.82493303187650502,0.5219231451620765,0.21698323313833184,-0.55413427988645481,-0.82246553505308329,-0.12839643104294815,0.11144816182314465,-0.22615630478492613,0.96769449364573257,-1.0495467026900498,-28.92783110176244,1.5673512656708342,,0.3420007391967628,0.1363636363636364,False,1
-0.9805869644883427,-0.19576380200399368,0.011213335831948463,0.19594405294166253,-0.97611464068187637,0.093841016422926332,-0.0074251728824236973,0.094216463908565959,0.99552404528280136,0.28499152451392828,20.752337853645454,-5.5028132178863229,0.2835232309871111,0.2240331246650201,0.8108108108108109,True,3
0.36486430435255102,-0.89815070429164157,-0.24535556197028921,0.91853169508938159,0.30414518507541261,0.25257717931687729,-0.15222865868671409,-0.31752325706295953,0.93595161023344209,13.739578989527228,-2.582684788047438,-2.1699167253915812,,0.2696871776690383,0.2307692307692308,False,1
-0.14954079499797537,0.94998349336043175,0.27416949679730074,-0.97267329474717923,-0.1911481563606498,0.13179166895366515,0.17760690391153539,-0.24696911681956549,0.95260802170689463,8.8189701735172488,13.603232298049145,-4.5243790816542289,,0.2737093003157677,0.1875,False,2
0.99682577777775516,-0.047349212796226142,0.064003287457388577,0.027576560904616049,0.95950427747006461,0.28034099736807278,-0.074685353627397533,-0.27768614218975629,0.95776432612064,5.3818545217513813,-11.864708187345986,-0.69704182300031825,,0.457427812336275,0.4444444444444444,False,3
0.44714142261783146,-0.89377960873198947,-0.03496511395943093,0.88191505636674072,0.43400678837698103,0.1840215775292377,-0.14929963674755761,-0.11311993041720185,0.98230010679499413,10.157309243507576,22.977687046549235,-5.9254729625395139,,0.2733538469859421,0.3043478260869565,False,1
-0.97473270438333426,0.2043437974468072,0.090220659776846873,-0.21391875066466462,-0.97021410956654086,-0.11368091181932521,0.064303367871522771,-0.13010839343801911,0.98941239270455739,-4.1160157335308218,-8.4918228844951997,-1.132447574296503,,0.3795802879433374,0.2,False,1
0.10253966076992789,-0.98600693463617128,-0.13143798088288247,0.96223884448051211,0.064825873061568784,0.26437475740814265,-0.25215476228300149,-0.15358362878635937,0.95542139646692892,16.316434374750951,0.35582015782175247,-2.6280768053811627,,0.5050074245033043,0.3214285714285715,False,2
-0.16376357143445563,-0.90236168768293401,-0.39865383137885224,0.97595308992388208,-0.20712754032516245,0.067924578076531406,-0.14386472444299397,-0.37794386705019384,0.9145826230691716,-3.832390996283952,-6.9103041889246466,-1.3510519545545459,,0.1001373926472582,0.375,False,1
-0.86215004422922015,-0.50608424875275548,-0.024000716654164884,0.50218207562321349,-0.85986198524776969,0.091926760241654554,-0.067159989266791842,0.067201930702358262,0.9954764870912628,-11.478354034689355,10.083891062865817,-4.0987029900296132,0.3902950385752826,0.3346098886644625,0.4347826086956522,True,4
-0.99806521454538999,0.04818195448674268,0.039297923307747853,-0.047769066073231732,-0.99879358590457779,0.011379326973335824,0.03979879195346759,0.0094800853219961026,0.99916274156982654,5.5011325338407486,-28.341093054043149,1.4895073338279761,,0.1759363755455687,0.3636363636363636,False,4
0.07545771880678713,-0.99713179795286933,-0.0058574895437215075,0.98536856560205821,0.073664679579426365,0.15369549409726901,-0.15282317427608633,-0.017369297445187851,0.98810089814271629,5.1594525943101921,6.7800854614155712,-3.4298633629915938,0.3147792688046023,0.1857634623600014,0.8160377358490566,True,2
-0.51946130705859794,-0.82478347620170367,-0.22336554759766916,0.85120061494068266,-0.52239543125183585,-0.050601645544508161,-0.074949740450361013,-0.21641448840556438,0.97342041565532256,-9.0984532334328936,-5.7598110696101905,-1.8113228686614284,0.9683353825708596,0.7140256077314797,0.8092105263157895,True,4
-0.79619176509656275,-0.55098840624775769,-0.24998089801617659,0.60007997363857368,-0.77192708109547248,-0.20983947843375808,-0.0773479051451752,-0.31708099541281037,0.94523909351955648,-10.070551570901252,-9.8543340392045931,-1.228024738149784,,0.5079661132424889,0.1904761904761905,False,2
-0.017347282882195662,-0.98688255238102773,-0.16050513880407313,0.99433349290701112,-0.033866816328616378,0.10076677842974101,-0.10488077354763285,-0.1578476054860303,0.98187787264118465,-11.648959235650786,7.5425984421122951,-3.7636830250397968,0.5715369864387894,0.2604626687827384,0.45,True,3
0.94398392479229143,-0.32669630270341526,-0.046517475572737547,0.32062622384451334,0.87468969718910516,0.36347869017927326,-0.078058787570329316,-0.35803276306945786,0.93044041520771237,1.7810877552009459,14.848010031164112,-4.6254999911370325,,0.2276567986244231,0.2333333333333333,False,3
0.098243027933831828,0.98763217337319842,0.12219246122622932,-0.98597912420590217,0.079957575363508643,0.14646485166124476,0.13488318684162956,-0.13486836641748148,0.98163997965003691,10.270791834418754,-6.3307328033373942,-1.5574060001398919,,0.1807498126048382,0.3076923076923077,False,3
-0.90462664607030241,0.37218710754278317,0.20767134659970085,-0.39846607094663528,-0.91147053840351211,-0.10220688786360524,0.15124622813130678,-0.17520905970111636,0.97284447054742718,11.165329283419084,-4.2172455250285754,-1.8864496236229482,,0.2499637150249742,0.1428571428571428,False,2
-0.89522173357398716,-0.43675613703024679,-0.088442775302457421,0.4410931171594395,-0.89671849024223171,-0.0365076875775667,-0.063363315343767393,-0.071693974810359495,0.99541200728368628,7.0671879559057098,1.2718246838313374,-2.6240822400918602,,0.2752835670905211,0.5974025974025974,False,2
0.12071847062528671,-0.99072951618687599,-0.062306312730010707,0.98547819064300746,0.11205526088813551,0.12757881593068798,-0.11941434845476596,-0.076802631878145983,0.98986947074839804,-6.9878361316525535,-9.7620409785361382,-1.0787755914217638,,0.2966504603538869,0.6551724137931034,False,2
-0.99500683624732711,-0.0997957821349367,-0.0014824605094673846,0.098307090924834084,-0.97738249141798528,-0.18724097132697728,0.017236928235108924,-0.18645178287602865,0.98231289361759355,-11.983417271394563,-0.79334392806763121,-2.6674737402991671,,0.5145780590290207,0.1714285714285714,False,1
-0.43902115574067152,-0.89835789164480806,-0.014612437566022469,0.89387428427999116,-0.4383585538521948,0.093970964491946363,-0.090825044536511135,0.028193559266405502,0.99546769636228438,5.679784748089677,-10.408445745478625,-0.88302594271953161,,0.2511032753226615,0.7790697674418605,False,2
-0.90287756050308576,-0.42977179617195654,0.010407399056776836,0.42837088726460254,-0.89736847174225887,0.10596324300010831,-0.036200741485970425,0.10013006111100176,0.99431558228651584,3.3312646523148142,7.9561745163703828,-3.5662305866799731,0.12611107751833,0.1097327673245187,0.5777777777777777,True,1
-0.99928934125549873,-0.023686221828417522,0.029321926073274454,0.026711499936346247,-0.99384639495313276,0.10749808840073767,0.026595266953015353,0.10820492657063835,0.9937728038347301,8.3615590298605547,17.472069915635029,-5.0789373212046973,0.2622380424557691,0.2376188116871966,0.6,True,2
-0.8825672306168707,0.46175242532231031,0.088655406773816808,-0.46635116489064365,-0.88370031985173536,-0.039879013266124586,0.059930580227513991,-0.076540462520840388,0.99526372542692865,-6.9272293899389652,-13.409056925144732,-0.50497538193174574,,0.2210526164938698,0.4615384615384616,False,2
-0.15639427433657263,-0.98703355008265736,-0.03613311453449361,0.97747364020944294,-0.15992161592975743,0.13773292799514369,-0.14172548694725698,-0.013778525670084285,0.98981010228221111,6.9079448252845994,18.336326501729804,-5.1926320421882952,,0.1556822721812664,0.8529411764705882,True,2
0.5963624389184129,0.76913447893551368,0.22974767628831183,-0.7961626480930144,0.53025378974550852,0.29147205053323083,0.10235662767404055,-0.35673950127946724,0.92857958678730179,4.4957353234671809,-2.4262895848685311,-2.057595110141242,,0.5131032748225774,0.3723404255319149,False,1
-0.072586988798167509,-0.95518552806413781,-0.28696992182814118,0.98658174847915936,-0.11095621273298772,0.11977133389821294,-0.14624494051084275,-0.27442544676612407,0.95042258577024252,-2.9084526641936423,-5.468607078530705,-1.6071853644663834,,0.3301508839745215,0.2692307692307692,False,2
0.85614157117585932,0.43528197496681503,0.27848018308942601,-0.51423424934759709,0.66465792509764654,0.54202673310714555,0.050840406198658428,-0.60725566681084198,0.7928781799391853,3.3345912344304129,-18.361707656870234,0.13458510237054996,,0.6103646001063892,0.2333333333333333,False,1
-0.087296935222475128,0.91409574781751579,0.39599016265899806,-0.98431866748644681,-0.14031470971335969,0.10690436415676416,0.15328406942167674,-0.38044808589345325,0.91201055257137176,16.775571987732008,-2.5222062981134692,-2.2260319926671781,,0.3724851518653647,0.2142857142857143,False,1
-0.736131610264395,-0.66314165077969511,-0.13547473332961382,0.67215473801448833,-0.73975049919100755,-0.03126031207986063,-0.079487486651823258,-0.1140716877574646,0.99028752870968739,0.65367611616058441,19.742863389565468,-5.367728536311656,,0.1672447721832424,0.2941176470588235,False,2
-0.97720138756482822,0.18890020217835599,0.096923484039480409,-0.20364009461115171,-0.96306787074928057,-0.1761561472024446,0.060067961578002219,-0.19187753893414497,0.97957891465896718,-6.4779451338503273,5.972925117588626,-3.445924211318065,,0.2359250161268598,0.1495327102803738,False,2
-0.33526801505274895,-0.87978747784884159,-0.3370005221108196,0.93053331063917766,-0.36516778158629593,0.027572614715262789,-0.1473197742106703,-0.30434599572151183,0.94110063171522729,-13.19189335904203,0.14244002074143036,-2.833460797185372,,0.4567552132667062,0.21875,False,2
-0.95389065316522315,-0.29941197211214216,0.021097221616631238,0.29978466368122991,-0.94687220347025813,0.11645679764148482,-0.014892186728461673,0.11741167425471637,0.9929716619940111,6.3257281941922274,-24.982180718333471,1.0278154661788965,,0.2916649570093431,0.9666666666666667,False,1
-0.36414245069554702,-0.90022980234470884,-0.23871861798327973,0.9223419263210163,-0.38412557632599936,0.04162826639022954,-0.12917293273700278,-0.20502157101784391,0.97019611876439527,-23.847278615068817,-6.0286384039895129,-2.3018261719594388,,0.3245759275019104,0.1666666666666667,False,1
