axis_00,axis_01,axis_02,axis_10,axis_11,axis_12,axis_20,axis_21,axis_22,location_x,location_y,location_z,dbh,dbh_approximation,score,reconstructed,number_clusters
-0.076798091774351998,-0.92709667127757445,-0.36687029752469791,0.98318688117053665,-0.1315564490298764,0.12663513498553236,-0.16566716570875678,-0.35097672689893816,0.92161256902308841,-1.2173241074078394,-8.6182010042148978,-0.78462816327854223,,0.5589051237996583,0.1683168316831683,False,4
0.95562568171694784,0.27983593562657322,-0.092040238890500822,-0.26224773647402344,0.95045789185357699,0.16690093027753453,0.13418524940272433,-0.13535747096209941,0.98166831154798639,-0.42281095976349714,16.004529172498444,-5.2427342708769995,0.4208279834225118,0.3486995770587235,0.6859504132231405,True,5
0.40761859716553012,0.91312805942704522,-0.0066502880992708735,-0.9016750352345293,0.40363568095837288,0.15511404801655071,0.14432328322074509,-0.057230971896943303,0.98787418519572401,-17.254959832225644,2.994414000091568,-4.4756798370645079,0.4071764794083991,0.4015557124845494,0.9367088607594937,True,5
0.55220074533649943,-0.818586477380703,-0.15808388880359078,0.83249523130403202,0.53115512843562096,0.15756243014305504,-0.045011406397272871,-0.21861017493701135,0.97477359664085517,-15.67370743292337,-1.9683841069966599,-3.4372142004470341,0.3186880445930386,0.3624152402892005,0.9196428571428571,True,5
0.86954629577576437,0.49163965485237687,-0.046687142547824134,-0.46165498632448349,0.84279181139525983,0.27672483850720092,0.17539644552950956,-0.21907170611863835,0.95981439584634332,11.796793561733537,-8.9814810394127313,0.61544831624597618,,0.2554109954306414,0.2,False,5
-0.92195691508898658,-0.33366168343110147,-0.19663501145401793,0.35435541428248751,-0.9316296532740419,-0.080612837123964554,-0.15629359260150483,-0.14400024357761146,0.97715722520037851,-3.7289023724261008,-2.3599291303131071,-1.9655938970814757,,0.2145345681738913,0.2876712328767123,False,5
0.75469902838700198,0.6533526592558393,-0.059663047148444753,-0.63673060713717,0.75133414124692999,0.17341032879119034,0.15812498375160555,-0.092883318416499092,0.98304078179569609,-13.350368238962503,0.56582078297345362,-3.6074575078301505,0.4797772192987977,0.4539380118806057,0.9421052631578948,True,5
0.60755731215399311,-0.7626964092182571,-0.22173926087590037,0.79245864775913011,0.56319332837195657,0.23414219284248461,-0.053697337364015871,-0.31797399617404709,0.9465775899085721,-0.77442275570458452,-2.8454927861609498,-1.607146847396022,,0.1220637710540565,0.1946902654867257,False,5
-0.31203447086760444,-0.87072216544877357,-0.38010182791795655,0.93734640116915391,-0.34740268881721692,0.026326716806379852,-0.15497165290984494,-0.34807223732835374,0.92456990238468395,2.6196599475367615,-10.318042166263782,-0.14904585164002107,,0.518254210912955,0.2682926829268293,False,5
0.67490751410061789,0.73470090021137846,-0.068661740723004211,-0.72055319970896681,0.67623889005624005,0.15331030612673591,0.15906895925884876,-0.05399584061845196,0.98578979270238554,-10.003512090480159,-5.1913353022097741,-2.2413719049579797,0.5292915994211126,0.5592304811860758,0.9795918367346939,True,5
-0.33196783753193093,0.91173167165581392,0.24195601613530573,-0.91629702545482827,-0.37260296413835692,0.14685636607905161,0.22404712894167497,-0.17295198760062069,0.95910921901417823,7.9741156693953767,-5.3821027468561731,-0.40540316717605324,,0.5406185401220851,0.5443037974683544,False,2
-0.63394232197194345,-0.76545259268007004,-0.11045116917524797,0.7561358754305052,-0.64344414294369512,0.11932381488369014,-0.16240588135829392,-0.0078716752227320913,0.98669264030366788,8.9359251039556504,18.121441788495254,-4.6566921561113821,,0.1499849507680515,0.1052631578947368,False,1
-0.39931041139770684,-0.82715698876992738,-0.39542699867163955,0.90066787609849674,-0.43450777766324172,-0.00060672429893576796,-0.17131425017673846,-0.35639066637500161,0.91849720772965071,11.551198683522257,-3.5729732291721215,-0.3340624781100679,,0.3381044558430775,0.5238095238095238,False,3
0.9824542025360955,-0.094403317125301742,-0.16084698826805457,0.16917032749522354,0.81415853523012427,0.55545232001234535,0.07851840685038633,-0.57291700378648036,0.81584371454219029,10.103541237257373,14.866183729912864,-3.8849354261146685,,0.4759589205070432,0.25,False,1
0.93507648494363238,0.34802525408542301,-0.06715943585408099,-0.32899688491625184,0.92271652700263784,0.20088618795625118,0.13188258801246039,-0.16574870531913169,0.9773097511353136,7.0798044138511953,15.567078766757035,-4.3046691013348672,0.6173156130485846,0.5132193084818848,0.4718309859154929,True,5
-0.83639588253928621,0.54314331054242315,-0.073737859233546199,-0.54745917721862802,-0.8344178425914911,0.063524115452837149,-0.027025487052637603,0.093499776352563499,0.99525243776219363,-1.0917723605313323,-13.920315094477949,-0.040857103895302282,,0.4059740615992569,0.7272727272727273,False,5
0.25041033678789987,-0.95505428964816386,-0.15863784874490758,0.96370178364366921,0.23022187376792319,0.13519157163372963,-0.092593387624505502,-0.18673294477254976,0.97803745935663966,18.690626173055616,6.744104510389958,-1.5264846066850852,0.4769393323843882,0.3556097021059925,0.5517241379310345,True,4
0.86440849661337182,-0.45926406065573128,-0.20463253302595352,0.50270457206858588,0.79695251649900034,0.3348952069935458,0.0092770794946009094,-0.39235597234643788,0.91976666973756527,8.3327371796839174,-11.058024793421581,0.55844284426448054,,0.6452184732285848,0.5238095238095238,False,5
0.9547229228779105,0.28195497284568077,-0.094897491110417342,-0.26739668425336144,0.95311336871905639,0.14168246052112979,0.13039614174418093,-0.10989221836237872,0.98535300606515019,2.7377071240980229,2.3454487216125504,-2.1794109409770699,0.5321691760970072,0.4980627191264475,0.9943181818181818,True,5
0.91003605916349939,0.40924211362735696,-0.065994419885176223,-0.38956693583869267,0.89873926267867676,0.2012593854234894,0.14167559254656198,-0.15744405404334,0.97731233304557175,6.963315277908289,-18.151985745091341,1.442790160643513,,0.4909782166068428,0.9770114942528736,False,5
0.58112991753493026,-0.69844468004318061,-0.41768773966352557,0.81253613565122662,0.46925249946870473,0.34581370707845893,-0.045530728160417491,-0.5403490729720497,0.84020820760775106,-4.8751600393882395,-8.7239290820212378,-1.1769384102376317,,0.147500378921622,0.2727272727272727,False,2
0.48675293028571964,-0.84693054102921039,-0.21396318265120279,0.87185321387405379,0.45580186584110655,0.17921113959028276,-0.054254569537939876,-0.27377603578058585,0.96026200795226635,-17.444860133295869,-3.8295697565428028,-3.3522100286969239,0.3019364269515473,0.2963838336448601,0.4,True,3
0.21593663227303495,-0.94933805799380477,-0.22831693429776612,0.97104852274935749,0.18433282016267002,0.15194136328586322,-0.10215741436073034,-0.25451652805943109,0.96165752720794639,-8.0990770319222634,6.2873385388253293,-4.0896471064987017,,0.08469057985108848,0.1304347826086956,False,2
0.5638838841731324,-0.80864850449360237,-0.16769782750555029,0.82492643301485113,0.54189409351764151,0.16077055552584288,-0.039132407071580569,-0.22899429597907794,0.97264087263790766,12.772924470607437,-4.5367139948852238,-0.074987262203331573,0.16260835025681,0.1827101462768421,0.4615384615384616,True,5
0.76337457879200787,0.64272299233925623,-0.064547715471546224,-0.62619169412482423,0.7608429671606628,0.1702995640958625,0.15856612079257726,-0.089583114707127029,0.98327597900902808,-2.1535853058544245,-2.3280853554861318,-1.7813635492075324,,0.5431155159150312,0.9675366008911521,False,5
0.30085189193923906,-0.93907475384492911,-0.16621295318856888,0.94796122565564667,0.27543063467837814,0.159710613717778,-0.10420006607494992,-0.20561267512425097,0.97307028217812963,2.57470836627044,14.775577261959645,-4.6406657743107189,0.4886662882172081,0.3560569254914003,0.8938053097345132,True,5
0.73710014593675088,0.67126786762065427,-0.077992466046667597,-0.65650979348470917,0.73865928461778485,0.15289654118588666,0.16024439434403204,-0.061497245043680579,0.9851597956338618,6.5661187388586981,-7.3257736918898368,-0.20928031382692477,0.5102546595862547,0.4155211526232403,0.9447513812154696,True,5
0.98446457328749237,-0.13813447487434857,-0.10838990171165769,0.15601140596136742,0.97139637259051881,0.17902382111869738,0.080560195827916611,-0.19315267062396504,0.97785586907222555,1.6297146865602872,-16.163244962974005,0.57182641707954018,,0.2485953512511658,0.5625,False,5
-0.73440643488995594,0.67547741701008679,-0.066162281562869824,-0.67859550764207999,-0.72899535906180191,0.089854902338944706,0.012462961133331701,0.11088744552804357,0.99375482339662291,11.966300697984307,-1.4355742319167075,-0.6773190405766113,0.290062822584754,0.2831885012805804,0.7,True,5
0.71183543141526795,-0.68490522495888984,-0.15554790710854954,0.70146280193913191,0.68218056045240294,0.20634829884577721,-0.035217269592342698,-0.25599710108682172,0.96603583171516061,-6.2567791891911471,-11.469218276125593,-0.93654650323370836,0.4252335235291221,0.3998249836012718,0.7878787878787878,True,5
0.90163900542550257,-0.38131635098814048,-0.20407092973865551,0.4309500691228248,0.83190118288972248,0.34960328921466532,0.03645739730620523,-0.40316034325782818,0.91440286296899109,2.6744282980332836,-14.833546882243988,0.52063137487246292,,0.2956150804777518,0.3,False,1
0.028409109757777141,0.99955620971971704,0.0089613667218529092,-0.99099176864959304,0.026989664674306829,0.1311749689137395,0.13087489045467285,-0.012607204746550055,0.99131872848088398,9.9726803535070463,-3.5690646428089754,-0.51594467569282332,,0.2295944931836632,0.21875,False,1
0.0038454129182351002,-0.98991881559921346,-0.14158372548474402,0.99156608245142641,-0.014567142880763544,0.1287808311831512,-0.12954503823543437,-0.14088483548963851,0.98151390524925231,-19.969013716092306,1.0785562064949057,-4.4137633479383682,,0.3029150986710403,0.7419354838709677,False,2
0.90563580372846009,0.42180863275480202,-0.043603535850085071,-0.35933673940068356,0.81794837888598515,0.44926334948966584,0.22516860065735289,-0.39120062220210339,0.89233467626597152,7.9555520580578083,18.688350571786856,-5.0209054510615934,,0.6496182198455644,0.119047619047619,False,2
0.99326402827736537,-0.050613068621583837,-0.10423477066185344,0.065871005767165661,0.98670414466570888,0.14857974794276352,0.095328803251925692,-0.15444496814147096,0.98339166718369997,4.917909143709192,-4.7839066220546327,-0.82748352357686605,,0.2711206880061454,0.8828828828828829,False,5
-0.11145580964364629,0.99312387833524129,0.035812913551479975,-0.98651654683645529,-0.11491646919358314,0.11653028759062774,0.11984450473239652,-0.022342054257538185,0.99254124715147118,7.5050374178619874,3.9174958274271439,-2.0282080317311597,0.5583850804454502,0.4778930131220031,0.90625,True,5
0.98804429565231455,0.12444604994137075,-0.0910035740117488,-0.095562527332632888,0.95756488547495522,0.27191412886265498,0.12098046618657811,-0.25996667240114962,0.95800890185945153,-4.6531295892525835,-16.167592149396125,-0.084310523576640442,,0.3089662998095647,0.4,False,2
0.16049587354774902,0.98345220483287987,-0.084040676957616522,-0.97660357095155303,0.17056966181570266,0.13096356620356048,0.14313119778309163,0.06105531326122525,0.98781866197382284,3.9910235238445502,11.916913468593021,-3.8624084044204312,0.3312043405658257,0.3157190578704278,0.9246231155778895,True,5
-0.87948235187342505,0.4668708794377418,-0.092424967818308779,-0.47493506605807018,-0.87349264526442993,0.1069919702471278,-0.030781094386041138,0.13799340782071917,0.98995471796765488,0.56276936381845877,4.9235988273462068,-2.8603898562636192,,0.3963605437866546,0.9783728115345005,True,5
0.78816541097734316,0.61545151411700993,0.0038364970996069558,-0.59594921311430271,0.76160330384344721,0.25456814993865357,0.15375246445946392,-0.2029281679457669,0.96704722652351149,-18.181375690916074,4.4250155513218363,-4.7934490651032444,,0.1993494802312991,0.25,False,2
-0.014621358879320071,-0.97951080449265093,-0.20086014972283622,0.99146797523481311,-0.040225172743330824,0.12398866706900266,-0.12952787324858275,-0.19733352315287758,0.97174174073761521,-7.5676993781595066,4.9282089322386202,-3.8179239038896311,,0.1379582167455621,0.1,False,1
-0.70293640644658428,-0.61951718387958754,-0.34939786400301115,0.68438678864867031,-0.72288583598175049,-0.095135648734453515,-0.19363659781952844,-0.30599759315208702,0.93213214780416598,-4.3975054503192137,15.566158100347407,-5.5783642654974095,,0.2301878816138762,0.4,False,5
-0.29027541493009107,-0.90621909431819547,-0.3074201304083245,0.94115784690686577,-0.32846389435422718,0.079582518880004005,-0.17309561141980079,-0.26623001934185186,0.94824020485763039,-12.165868653862635,0.10045535995085925,-3.3595831646093144,,0.3463882492207276,0.2432432432432433,False,3
0.85625284313622096,0.51022359331780154,-0.080640891878803064,-0.49329446064196919,0.85398788159123629,0.16542452416513581,0.1532698395676301,-0.10186551387581255,0.98292002388888666,5.0003466815137871,-9.5904824102536264,-0.0056490629951548004,,0.4173849775884025,0.9639175257731959,False,4
0.98699899332200947,-0.12262946920907275,-0.10389899163534867,0.13938996614857163,0.97492519381587617,0.17346845188730411,0.080021400377906685,-0.18569566431281842,0.97934350242240409,-8.2446819238400852,-16.817207670510722,-0.39038191507239944,,0.3730814276980181,0.9104477611940298,True,5
0.014703293848379751,0.92020824118127365,0.39115291896146626,-0.99146570824351321,-0.037261798325056945,0.12492921100676292,0.12953595071329707,-0.38965157672932621,0.91180704440421656,6.7697063021744626,-10.621743660180597,0.33336323949037661,,0.318787060263612,0.1764705882352941,False,1
-0.12881004855575237,0.97047287229331836,0.20393718526502294,-0.98508893034245282,-0.14887213065126095,0.086237393467772192,0.11405161422718293,-0.1897880208498669,0.97517831007158051,-16.34492268911,12.53194358370544,-6.020779828206253,,0.3902742629947357,0.53125,False,1
-0.94239492337444064,0.33387820722765621,-0.020424278115222502,-0.330839257244817,-0.9393472720000321,-0.090399604267916489,-0.049367947737165824,-0.078434975135741047,0.99569611850788886,10.483396453005009,-0.16107635809737092,-1.0248358132862088,,0.322805131496658,0.1666666666666667,False,2
-0.28887028080341565,0.95680160493004229,-0.032934019977084672,-0.95349926545176267,-0.28444300803822475,0.09965603825717563,0.085983205636362386,0.060190231611630174,0.99447675908843314,-5.8506811415612798,13.708452721849177,-5.2893875277718321,0.4936240634723188,0.4918166690420504,0.7452229299363057,True,5
0.96626696468933926,0.246160328075966,-0.075718200134335084,-0.22726372080276944,0.95329157154636335,0.1989632650152921,0.12115838459195211,-0.17504363027598926,0.97707746537460938,-14.552919417064663,6.5548820357871218,-4.8240182473667952,0.4280570656284992,0.3621117301174455,0.3125,True,5
0.7792526008862114,-0.54144555482944012,-0.31559799613989059,0.62607131279169581,0.69527712739427661,0.353021851195709,0.02828595607995639,-0.47268004747165127,0.88078003917597969,-7.1236928862055588,-4.7324759544563895,-2.0003039146834429,,0.433937216398568,0.3333333333333333,False,3
0.9695259884071129,-0.1759046870567586,-0.17051949705143105,0.23516603418609699,0.86333261937390438,0.44649045307842283,0.06867528062114242,-0.47298449170819085,0.87839021877247148,3.3355475787872604,13.036289736148936,-4.2311244098894605,,0.325043106002844,0.3333333333333333,False,1
0.79692766305166252,0.5997229661028326,-0.072378614188418011,-0.58350249841767543,0.79524485607506656,0.16465252268482522,0.15630461990403866,-0.088983047907827684,0.9836924737852204,-8.7720767857914037,8.0008197480719687,-4.380421870693918,0.2789871101449924,0.2923444596867656,0.8410596026490066,True,5
0.81534366890595067,0.57728279331756016,0.044263733625371698,-0.559653497165292,0.7662375868629322,0.31570227048459537,0.14833295212339481,-0.2821782008198811,0.9478252994599865,0.36881464610289771,-6.5152236332281355,-0.93533172700643608,,0.584077305827483,0.1065573770491803,False,3
0.99382152569325877,0.049197070511146093,-0.099490820289336757,-0.027212779561934897,0.97704125025302258,0.21130513465726417,0.10760222905329303,-0.20729216955093197,0.97234341502662047,-17.490507768902702,-1.5969397836247246,-3.7778397531553556,,0.2068896158304376,0.4,True,4
0.031933480039790678,0.99878062291598602,0.037649968660050132,-0.99123007814760089,0.026814279743307037,0.12939832524939748,0.12823098310490133,-0.041451920213690152,0.99087766817228662,14.958343979702327,-5.5681161284229033,0.38799717029578717,,0.4564743694362025,0.1515151515151515,False,7
0.85375442266664126,0.51960415300217511,0.033390267444907223,-0.4986429580694236,0.79748631449548657,0.33966274237864469,0.14986189023539404,-0.30663839025030548,0.93995441989480355,10.084358012414326,3.8966641726001079,-1.8086386572265312,,0.235239231996299,0.21875,False,4
0.91501036044452322,-0.39109846313833641,-0.098985011037102236,0.40320639875465125,0.89472243436149512,0.19208426654347843,0.013440248602206606,-0.21567048379662951,0.97637370004340007,-21.121642363894672,4.6747394333615953,-5.144872263988316,,0.3143937438677676,0.3636363636363636,False,3
0.99305626800445168,0.028653157288771859,-0.1140975247516556,0.020366839618464971,0.91336322365350764,0.40663597175019828,0.11586388747588912,-0.40613620653009658,0.90643749995480483,8.6235216161518178,-12.243309636088187,0.75482709632717793,,0.600587936250304,0.7346938775510204,False,3
0.35873806677030534,-0.92646243512953319,-0.11390502949281808,0.9296327388827802,0.34359788261908492,0.13312950783722871,-0.084201961065078476,-0.15364846681154198,0.98453145119861851,7.2800947872692445,-3.1434119894311889,-0.86024126929384293,0.1510426487782766,0.1281698116729816,0.568,True,5
0.91354838817918138,0.40011899527971706,-0.073035142716164,-0.37745228458653785,0.90090354675927842,0.21424885599917909,0.15152265611328253,-0.16815941559396358,0.97404481192164538,-11.47416011281366,12.549102567704415,-5.5599908580074828,0.7822048323333108,0.7947345203635623,1.0,True,5
0.914375077424739,0.39682588552063142,0.080295917488182725,-0.37901645039110654,0.7692542012433724,0.51438750393292698,0.14235430487845524,-0.50077658736225672,0.85379040837455189,-16.160107950785136,10.346261491821002,-5.5726581964091428,,0.6534254887328066,0.3333333333333333,False,1
-0.87042273314607244,0.48927014202608732,-0.05458015888849127,-0.49163686125796147,-0.86965705330876886,0.044607244733666146,-0.025641027181856416,0.065660777882092167,0.997512506173721,-13.760789479359811,-3.4684357629816311,-2.9549938442694828,,0.4639958311021884,0.5588235294117647,False,3
0.60920826274532591,0.7890299845862504,-0.079353487803896186,-0.77614030505870979,0.61378609722361566,0.144474405063234,0.16270070518038654,-0.026425561088148697,0.98632153492407415,-4.1793430036973565,2.8759282427931305,-2.9513484004062609,0.6414134619833471,0.6316272760090832,0.9926715522984677,True,5
0.96358372763790046,0.26562872583690272,-0.030786033224706952,-0.2373197445317769,0.9025356379093209,0.35931707607486219,0.12323042922436547,-0.33892595402813236,0.9327075956586286,5.9212111470159421,16.154025146319917,-4.5962816463361946,,0.4365741758985806,0.2222222222222222,False,3
0.85610255706427085,0.51296785425748359,0.06286805457853531,-0.49417122039272915,0.77692117675891015,0.39011317593630557,0.15127199583391981,-0.36504447071832652,0.91861815662134583,9.9618734109245093,13.527238702478439,-3.5922114114031252,,0.3102438516636054,0.2727272727272727,False,1
-0.89561467661294658,-0.33898513704334754,-0.28803372701680224,0.41658955860706326,-0.86621646907164151,-0.27590246169367583,-0.15597272420221189,-0.3670941372083743,0.91701385143964986,-2.0014679964059652,19.212610930307548,-6.1868373982627922,,0.6364531421941444,0.2074074074074074,False,3
0.846597333920448,0.51871398366562615,0.11920049223273045,-0.50996596249636095,0.72646656408224763,0.46063114133294703,0.15234064229203273,-0.4507572899247107,0.87955113227474202,8.7350051181719301,-2.0388871596713543,-0.88549339259345072,,0.4427364286790391,0.2391304347826087,False,1
0.83239749674698194,-0.50625264483688781,-0.22543883206983911,0.55376221352398669,0.74406352185118241,0.37378722065291248,-0.021489957709864518,-0.43597905344875276,0.89970019821691549,9.5932146508813219,-7.6158539773295431,0.16272687933270608,,0.4316952446413886,0.3571428571428572,False,4
0.13200707011142346,-0.91187073469118041,-0.38867196535686055,0.98190802889782602,0.066589903574405043,0.17726366668874338,-0.13575992128232914,-0.40504018066818798,0.90416353378008862,-7.5030657137898302,-2.3419057205833087,-2.3983981057142603,,0.6309802430074716,0.3714285714285714,False,4
-0.29818903959459908,-0.89056925486757987,-0.34346717303150665,0.94230277116936312,-0.33201532265480982,0.042793842652448261,-0.15214724483930231,-0.31088941411219984,0.93818920697308372,6.206850863763707,2.2097799398741347,-1.8673960316995881,,0.722311539282104,0.4736842105263158,False,1
0.9908593733784673,0.090805701585402562,-0.099759845366827055,-0.073584523630801868,0.98363336808076962,0.16447101592714966,0.11306201868911767,-0.15562686708169504,0.98132423702478555,19.526087933314795,-4.9880739046442626,0.69570413012407006,0.493444301172989,0.3189350284191752,0.8571428571428571,True,4
0.93647586506437575,-0.32148822597315063,-0.14020796950446096,0.34259255886760631,0.92409488413687435,0.16934870451409167,0.075121852749204715,-0.20662518160353019,0.97553203000559319,14.632668639242615,2.174175790545096,-1.063956531788905,0.3502852766246291,0.2813953050018091,0.9375,True,2
0.73979528113332693,0.67282847987107441,-0.0021860208691568961,-0.59746963674384657,0.6584230901593483,0.45772160481475033,0.30940745818748039,-0.3373142022201161,0.88909288254859453,7.1143783833710108,13.816195175465978,-3.9205157094586238,,0.2337265994483437,0.1666666666666667,False,2
0.021154681300390853,-0.84081643533718031,-0.5409068325746631,0.99181508060504497,-0.05049084801197707,0.1172754030111961,-0.1259179309847725,-0.53896047752493614,0.83286630278971296,-11.826775308529127,-4.5046344595779475,-2.6091865314833647,,0.4142781923837349,0.375,False,1
-0.012464308414607333,-0.85642930781218474,-0.51611382633687219,0.99152523667890013,-0.077337560912184841,0.10438681286927544,-0.12931491037230236,-0.51043877438189955,0.85013523133846602,7.5797432729145928,-9.5767488634089659,0.27127282369687589,,0.3059200492415072,0.1176470588235294,False,1
-0.088641651614472003,-0.96448260395133656,-0.24882918694218201,0.98873807477286413,-0.11544154373216718,0.095237962363672921,-0.12058058340176021,-0.23758484096419724,0.96385360208410709,-12.609981446254688,-20.050065478670419,-0.39515318745856981,,0.3013348803844298,0.225,False,3
0.66756776970662768,0.71779926995421484,0.197781396754382,-0.73207441475128243,0.58437822338581791,0.35009876220718372,0.13572149467009961,-0.37850535014135622,0.9155945477114219,-8.9890182861575507,-10.450335219025709,-1.3868082620454709,,0.5773541572953601,0.5128205128205128,False,3
0.87545677080060069,-0.41237268539402344,-0.25204009760414076,0.47436678900468643,0.83296698502445066,0.28485461440647047,0.092474817916914143,-0.36893735267684313,0.92484249353662118,-14.218098471071364,-9.1881720393576387,-2.1586851482647282,,0.2871325559350939,0.2941176470588235,False,2
0.61296101973040007,0.78493969830829724,0.090268811395440463,-0.77395257568779052,0.57350367809825376,0.26849756385116047,0.15898490141300015,-0.2344423196171122,0.95904150061154536,-3.2563236382624576,-7.7144971729625249,-1.1345056092182051,,0.5953228210440572,0.2580645161290323,False,2
0.68813698655642908,-0.66066184902902358,-0.29998901474985162,0.72520491137327603,0.61293719464415841,0.3136651589543008,-0.023352178765891934,-0.43339810412517898,0.90089997174358105,4.1354513422634502,-13.976245673651638,0.55636052087493326,,0.3130367257211951,0.2222222222222222,False,1
-0.72811286461002078,-0.57476547178371573,-0.37349204654802498,0.66641627996477582,-0.72110924531263754,-0.1894486688328744,-0.16044001429599491,-0.38684119321742488,0.90808198585965794,-5.9844978555540118,-14.104053015126112,-0.50047236405114448,,0.5146341789060364,0.3823529411764706,False,1
0.66744802507356549,-0.72553485942285056,-0.16766723468722777,0.74434757951325803,0.64355562514526587,0.17827741925617185,-0.021443290282778346,-0.24379361170086331,0.969590047492082,17.183677586440243,-2.5501908783065201,0.069886800617506753,,0.3143390548433073,0.4716981132075472,False,2
0.65098854996586375,-0.65035381305978146,-0.3914764688355431,0.75843623873132449,0.53590151148550502,0.37092322893913482,-0.031438504933036765,-0.53837671553119315,0.8421176477080986,-11.891382152830744,-19.155022447152621,-0.45432032338206374,,0.6049857792794551,0.25,False,1
-0.13358742888431449,0.99098120371335785,0.010519160180405329,-0.98100109443529737,-0.13373391813823021,0.14054213551865696,0.14068138313517392,0.0084553548843304405,0.99001881568632477,-17.308966217078861,-2.7358854020202616,-3.5542620835162833,,0.8422270432671795,0.25,False,2
0.93451599936503593,-0.33774166213949769,-0.11229611117939511,0.35212379550218836,0.92328734935773038,0.15345782207859898,0.051852478936871491,-0.18295092284878836,0.98175367595791352,-12.36406108075686,-5.6744079524173392,-2.4831762114961715,,0.07240178437655538,0.4166666666666667,False,2
0.13126156194376065,-0.90450351395837725,-0.40576322602353976,0.98506667418018012,0.073001883884498353,0.15593066526155661,-0.11141835475217561,-0.42017153424079101,0.90057860958278169,13.952445546760197,-2.7780501075634509,-0.22853235807140285,,0.3576615411735726,0.5714285714285714,False,2
-0.62309606882362489,-0.75014246938972784,-0.22144426981619142,0.76508823551654392,-0.64337423132761384,0.026638136905273613,-0.16245393467296043,-0.15282628727245789,0.97480913261406743,1.0322402558436261,-15.04619834999448,0.30500369122363913,,0.4259590428797647,0.375,False,1
-0.93608653047825396,0.35006568522702186,-0.034583572454565795,-0.34810059152926076,-0.93599768646518533,-0.052290621614198368,-0.050675296093495983,-0.036909984534756662,0.9980328989604903,18.202863098727086,-4.1971916803258758,0.43732827903557603,,0.314136712552563,0.2352941176470588,False,1
0.40061046607743633,0.91557143730042934,0.035216440320466974,-0.90261274480906317,0.38775062720579601,0.18692159856410656,0.15748487983761641,-0.10666955658076746,0.98174340757725187,13.151935229448304,5.9212560253342685,-1.8475923255663145,,0.1919979773515963,0.5277777777777778,False,1
0.61922145882840141,-0.64312446367803955,-0.45050605894400458,0.78521214996603295,0.50905133014300374,0.35257427986930351,0.0025815638953110981,-0.57206439104218976,0.82020465009007459,5.5576807647488975,-12.934033454766475,0.57891647785005695,,0.5265724845480177,0.1351351351351351,False,2
0.83037786371616695,-0.50665144294852793,-0.2318985097156695,0.55705149211921423,0.76447413997053504,0.32445789317578239,0.012893354021785722,-0.39860206305849044,0.91703334549381776,-12.751615249467608,12.358117561132033,-5.5938058912240853,,0.3025245527466217,0.1666666666666667,False,1
0.19983514110071759,-0.84514237121358793,-0.49578250146685215,0.97414597689668825,0.11694586467127797,0.19329583656220728,-0.10538278833496791,-0.52159182999330056,0.84666193419037483,-7.9404347634003472,-5.9350427985123924,-1.9065423534241046,,0.0833769566741538,,False,1
0.98466318632080141,-0.092072689513554656,-0.14819254148001917,0.15472740930078208,0.85330856958441537,0.49791958576146378,0.080609170170861333,-0.51321253386831855,0.85446770375762326,7.3205434514359427,0.33493983547463585,-1.4581977134577389,,0.4902426582049172,0.2571428571428571,False,1
0.96502531685016646,0.25192012497297178,-0.072542321935799681,-0.22871713199444438,0.9442891888607744,0.23665671622182208,0.1281195198651281,-0.21178805073531012,0.96888142215405615,10.940547868988817,-12.702968363886246,1.0982685270642099,,0.1453329277993083,0.2222222222222222,False,1
0.75634531150897977,-0.60529417103814787,-0.24811436126436592,0.65413289117307227,0.69561220732700779,0.29704177770678059,-0.0072062780920873065,-0.38696592036623617,0.92206585775158711,-14.236512629506494,7.9252051679159567,-5.0279399384834864,,0.1371417168544765,0.3333333333333333,False,1
0.96758412085110201,-0.22820558899907734,-0.10818122862301002,0.24338469243305749,0.95693768527860046,0.15822186316340758,0.06741558103336151,-0.17942261742383073,0.98145945600962836,-16.04540093548475,-4.6364622596809113,-3.0770480063475931,,0.1540776609048576,0.2142857142857143,False,1
-0.58993527099025866,-0.73220175278422484,-0.34037768619778486,0.7909492356633705,-0.60881219735868009,-0.061212865892919827,-0.16240591936619525,-0.30533309936363462,0.93829420534703112,15.150888299601785,-11.844810392781795,1.44299318885591,,0.4920428920549624,0.103448275862069,False,1
-0.69596029477100452,-0.70100145845558459,-0.15567987456764962,0.69969440258682503,-0.71075713600411783,0.072470936297868285,-0.16145281382163046,-0.058491442642208374,0.98514554257059417,-3.0342531130292865,-10.083426217698028,-0.77506648556057889,,0.1451240078187752,0.3333333333333333,False,1
