axis_00,axis_01,axis_02,axis_10,axis_11,axis_12,axis_20,axis_21,axis_22,location_x,location_y,location_z,dbh,dbh_approximation,score,reconstructed,number_clusters
0.89223079027487329,-0.41757916841233489,-0.17190652981646343,0.44193308323596969,0.72916402422699422,0.52250834989944972,-0.092840545167643243,-0.54216922070619167,0.835124642967633,-9.5277622308240506,-5.9384768967977859,-1.5878031768340382,0.9278603884543083,0.3727258149467471,0.1134751773049645,True,5
-0.54891700942365451,-0.82102610338402071,-0.15686380821413826,0.80475421280143566,-0.56982156605211376,0.16635516174816367,-0.22596631108139209,-0.034921632607413808,0.97350896546066767,-4.2846741738345226,-19.361721371703492,2.0489932837423597,0.562246853622143,0.3639846061554485,0.6521739130434783,True,5
-0.8388922990120059,0.54068724996873774,0.062586007857942536,-0.53461716157374795,-0.84009693611812242,0.0917694310528957,0.10219687475250815,0.043525115119741983,0.99381153301047631,-12.733731986884116,11.759181263961452,-6.0171682900416599,,0.1786218477349732,0.1891891891891892,False,2
0.99907793500266429,0.029697724143062883,-0.031005241033315277,-0.017519229098184964,0.94130841999377202,0.33709276922033415,0.039196382519522725,-0.33623875985607421,0.94096075368095555,7.8555211726888494,18.391910214008835,-5.9401352589793639,,0.3040526638351218,0.375,False,3
-0.48077191520711265,-0.87497215006840434,-0.057289633903154412,0.84468098711827255,-0.47968034046673907,0.23753063164697888,-0.23531339857514333,0.065806592180312359,0.96968917539417177,2.6687769757105322,3.2176163527805914,-2.4979697265511014,0.3468277611987021,0.3000373797098035,0.8998357963875205,True,3
-0.96542392871722338,-0.25113957068483977,-0.069896737380472335,0.23982453944742249,-0.96074513590951838,0.13947391908536794,-0.10218037061506527,0.11788850606583494,0.98775577548224558,-9.7350025715631414,-5.1449797408207649,-1.7660776829368798,,0.1975208089303352,0.4,False,1
-0.8770592658278672,-0.47067914447871328,-0.096063453915990041,0.45483827524530729,-0.87798963288882836,0.14918561563238919,-0.15456127457211605,0.087151290825365685,0.98413183309458896,3.519428869953888,-27.478375582250482,4.6427206126185885,,0.7597608409537274,1.0,False,5
-0.66592504128269991,-0.74123620408667668,-0.08433699747922728,0.71524930311217072,-0.66649857693920234,0.21023339728876164,-0.21204309418179784,0.079677705094930537,0.97400677077760434,-14.16271402038498,-4.867759268548066,-2.5199928547848756,0.694981169425044,0.5090604895653821,0.9508196721311475,True,3
-0.709093949538804,-0.69666209362896125,-0.10884713146413698,0.67590753393968961,-0.71554319874769612,0.17648494635373663,-0.20083519684314879,0.051573811439781077,0.9782665105596462,6.3639738409202149,7.615996150526974,-3.3448689471069772,0.3302049119335263,0.3599371420661894,0.2920353982300885,True,5
0.96707406333519397,-0.24152768124436905,-0.080200593620462099,0.25374758033132211,0.89096640575058539,0.37655149621251133,-0.019491575112219245,-0.38450389206950847,0.92291756700316574,-0.95332292388255802,21.6232199300883,-7.4155448687894419,,0.3027580656605962,0.2647058823529412,False,3
0.90312236026248305,0.42810287076480924,0.033135093735334117,-0.40147455875332666,0.81453660722201049,0.41874609749713121,0.15227665962892034,-0.39148186105895666,0.90749863437587208,6.3449607928790286,5.9600805821921092,-3.0445618297488872,,0.2115834484445464,0.4929577464788732,False,5
-0.83170079526711038,0.5550237109276448,-0.014915343112455154,-0.54445271293515851,-0.8100056227530682,0.21785806041080963,0.10883487735832666,0.18931342112095551,0.97586648577245316,8.7280165385875819,1.4881238142153903,-1.6728983568768807,0.2117853537979336,0.1899801246329638,0.6197183098591549,True,4
-0.81662408444517365,0.57675706041300445,0.021826542736588725,-0.56656332351655059,-0.80826019884400002,0.16037908657471095,0.11014129629690531,0.11860330614450884,0.98681414188368288,-6.6022957902960382,15.365501913088135,-6.2635910125198375,,0.1212404908512346,0.3461538461538461,True,4
-0.65616488928093575,-0.75072114970034232,-0.076585856837500327,0.72702491952341697,-0.65610139821934155,0.20239990525342155,-0.20219397732599925,0.077127885017167608,0.97630368476507967,-11.987766976281744,-2.2092587670795876,-2.7161498981060945,0.3410908774789674,0.2441243180136232,0.2702702702702703,True,5
0.97866710405176538,-0.20027498745664082,-0.045832617710257269,0.20529271155033244,0.94446839735178401,0.25658205118064203,-0.0080995080865585434,-0.26051751534780915,0.96543514653536433,-4.2060635946007734,-1.3852082913184258,-2.0015184486210553,0.3002371082218566,0.2372523339621023,0.8833619210977701,True,5
-0.41906134404393192,-0.89935797004099904,-0.12467089336259271,0.87237352294476367,-0.43688789262279326,0.21930208787094757,-0.25169828444595232,-0.016858558756556216,0.96765890819214595,-7.4697916630255836,3.6317774170595523,-3.5061745221246445,0.2925921836973572,0.3105631532000455,0.6767676767676768,True,5
-0.99174175083646532,-0.11208944512394162,-0.062323799143093855,0.11205930636716475,-0.99369351064142275,0.0039898327827522784,-0.062377972909767876,-0.0030270779526300889,0.99804800751002776,-6.913550762559967,4.7797150026433233,-3.7385081338781974,,0.3567658323312793,0.22,False,2
0.0094456919583536351,-0.99456400572330494,-0.10369772139753934,0.96905063516125256,-0.016478158846153855,0.2463114629379099,-0.24668126276026792,-0.10281492498978305,0.96362723384218685,9.4275177872712419,8.9045055051278705,-3.5200268476729302,0.4123862442419838,0.16784596922183,0.5,True,5
-0.78070766988270401,-0.6155262587631648,-0.10780982774932568,0.60536636574664404,-0.78776235447731957,0.11385093803324245,-0.1550067656878818,0.023619856929511823,0.98763100647438684,14.243145786618415,6.8405604045280581,-2.7057392510050273,0.2998805489507416,0.2827077028333129,0.2580645161290323,True,5
0.70625595048246159,-0.70426336790025112,-0.07221939519209418,0.69051733399232174,0.66276244458248657,0.28970977461449976,-0.1561676786798491,-0.25447799646500585,0.95438598347361825,13.211409365633138,2.7122286408130094,-1.62056546109857,0.6605868101330047,0.4446518559567572,0.9807692307692307,True,5
0.96094345054067587,-0.2623849926525883,-0.087987501917488956,0.27581706182869231,0.88201601281722697,0.38206374015102229,-0.022641406033334643,-0.39141010304372786,0.91993776853009523,6.4795886164664642,-23.109513442622855,3.9355378841290145,,0.3021758172220822,0.85,False,2
0.60215081296088613,-0.79253368915161959,-0.096461132122054538,0.77692148595013855,0.55384707384990739,0.29941012584233828,-0.18386789583712981,-0.25523277678938433,0.9492359172159508,-1.9735361595797525,13.685989326667691,-5.4885287660303907,0.4254866203891374,0.4443715631403357,0.8363636363636363,True,5
-0.25157329536464013,-0.96231121612502801,-0.10328601250578863,0.93529334519406127,-0.26916719774595488,0.22972892306649911,-0.24887192588775242,-0.038809057931885584,0.96775855538835787,4.9155391963316646,10.473488620867077,-4.2015959196815178,0.5629468025559996,0.4738100046207689,0.9039735099337748,True,5
0.81757676470634355,0.55748790957193595,0.14413696435481266,-0.56792368241631974,0.73938311482741159,0.36162867759457529,0.095031177847034409,-0.37751799982150125,0.92111304140576444,-2.8459742076138355,-5.4006929943058832,-1.0037072249512766,,0.1484858104837121,0.2352941176470588,False,3
0.91831963753361423,-0.37971991052209564,-0.11181159543278324,0.39093127655215071,0.82565482577663374,0.40677616164798036,-0.06214322435663043,-0.41726118705775861,0.90665942968774815,16.818362757694839,3.5994158043764859,-1.6761476553821475,,0.1730471597633635,0.1818181818181818,False,1
-0.47205294493689404,-0.75886186312073289,-0.44865876774820257,0.84876745851326207,-0.52876463186457101,0.0013287054085677485,-0.2382431920230747,-0.38017974274026567,0.89370215657376673,1.1312919643793826,-5.0410890696589448,-0.69974951054725554,,0.2050222559729859,0.275,False,1
0.58404434780191639,-0.72486071827874554,-0.36533428376906457,0.79656354795538475,0.42523447363755362,0.42972334879422436,-0.15613684340783848,-0.54198946625060351,0.82575341634414212,8.0251271367163746,7.7346245747619395,-3.313836776139675,,0.3614337085434468,0.1621621621621622,False,5
-0.98769621323976808,0.15275377371270565,-0.033503357568316065,-0.15638063531862625,-0.96629254937920783,0.20450869397552346,-0.0011345700356332339,0.20723173895607544,0.97829122408415548,1.374352733887902,3.7081702165381674,-2.677212955864487,,0.1480275086028308,0.3636363636363636,False,1
-0.72063073358858154,0.69329748794553958,0.0054716556897667357,-0.67818605481368843,-0.70651951491224063,0.20222227895169467,0.14406602952753289,0.14201678864337269,0.97932436448788285,-9.0662295191431248,-4.4401454968393619,-1.8970505677212577,,0.07436087468756788,0.196969696969697,False,5
-0.33748805982769942,0.87650818031575817,0.34327134939183712,-0.9115614841858235,-0.39529248464595468,0.11313492887417877,0.23485627524652822,-0.2747312530856022,0.93239759145728218,-4.4216928097587882,4.4398216575628364,-3.4046353060524246,,0.1757811014694944,0.2,False,3
0.99732563598928947,0.065333800923183319,-0.032757751074944413,-0.048154171471136049,0.92457507713435516,0.37794457597897724,0.0549795559138722,-0.37535639224466433,0.92524852187538353,3.2474950548247774,-7.0428967602854868,-0.064640828868547093,0.58694837953799,0.553381842133168,0.8516377649325626,True,5
-0.58604080027179806,-0.78501232752326788,-0.20077805172202212,0.78736576004719705,-0.61022056405381397,0.087669966984958742,-0.19134090080818889,-0.10670758568323811,0.97570597560718275,-11.915926562155823,-5.9893614192381515,-1.9969638156014897,,0.2499783173585613,0.2222222222222222,False,5
-0.063297530382349435,-0.98697090755770278,-0.14792515094540287,0.96398546263731433,-0.098829805514447075,0.24691030226764521,-0.25831269901307397,-0.12696888271029738,0.95768128954881415,4.2387753689321173,17.452990866520544,-5.9634907905930126,0.1973113752562018,0.1771026257267635,0.8571428571428571,True,4
0.44301506469217122,-0.84505215271175615,-0.29937353198473859,0.87431027949046303,0.33338402298688419,0.35275576309167234,-0.19829066451323127,-0.41802147362821751,0.88653192833230399,-3.9842612695863422,-15.795646069508116,1.4209757734696931,,0.4543692612953746,0.4705882352941176,False,3
0.53514617348778881,-0.83213686001010556,-0.1454882098793584,0.80892193081419117,0.45515498363950196,0.3721280031332852,-0.24344174426178283,-0.31683148057074018,0.9167082033396089,6.7982896448729173,-10.482212578170857,0.94002419429706841,,0.5028272916669814,0.5833333333333334,False,4
-0.99056817139483133,-0.12448121656753434,-0.05726364065763024,0.11666327778608732,-0.98539991434607244,0.12400277586795877,-0.07186360299696791,0.11615263892232323,0.99062817799398095,-4.5062381288344255,-16.238427165370553,1.4170260394377003,0.6162712970280174,0.5965150502174499,0.7209302325581395,True,5
0.93858961204331237,-0.33525432421712403,-0.081572533723699492,0.34015356605145575,0.85944848776238314,0.38163313323849529,-0.057836767430955865,-0.38594408270716213,0.92070737661673219,-5.0610566726043951,19.84561107872543,-7.2582329143506055,0.3147262685296602,0.3908157485953416,0.8805970149253731,True,5
-0.51764832285680662,-0.84166015992947207,-0.15378032719118956,0.81982280710178046,-0.53935596215367432,0.19231669466023954,-0.24480763631735569,-0.026520205066673755,0.96920890417078276,3.7997911459722613,13.507275625576819,-5.0375333715157566,0.2044444695281387,0.232512773653489,0.3333333333333333,True,5
-0.99260286674743248,-0.11231619053056403,-0.046093625041659307,0.10087541841973172,-0.97424932391219787,0.20164921228526894,-0.06755515438086937,0.19550787247915991,0.97837261455707636,7.6178144089377682,10.167105652511049,-3.9419028273717736,,0.1193763727084951,0.3513513513513514,False,1
0.73064418047256874,-0.64032151818385241,-0.23695449962449502,0.66822361269831776,0.59941386677180386,0.44065884735709399,-0.14012952927194428,-0.48030341417941297,0.86583621162066349,-11.747720567073157,13.111126417052992,-6.2324756461273445,,0.420905723222265,0.8333333333333334,False,2
-0.52245851677444521,-0.846729384086362,-0.10043131172386818,0.81681780040644481,-0.53080313081539221,0.22595733503419388,-0.24463396981822461,0.036019250982047307,0.96894624947396757,-5.0464993617626037,7.8100434564022914,-4.3076339697742112,0.318693422600196,0.3297416502708409,0.6590909090909091,True,5
0.12253036282798735,0.99221902861563394,0.022084144499809055,-0.96147333230486798,0.11315744820554115,0.25052828818754647,0.2460799493087843,-0.051930638053628284,0.96785735900468728,5.2089209228308171,-13.478293987502434,1.55797469409508,,0.3678990094919433,0.6538461538461539,False,4
-0.23832231476149171,-0.95272008987595325,-0.18848582077567669,0.92359895482118559,-0.28234190432243578,0.25932223143570804,-0.30027894521584236,-0.112283032602155,0.94721965543886655,-9.0267212124905001,8.1172361616983011,-4.7273381823016125,,0.2029166286782453,0.28125,True,3
-0.98121142545896833,0.1911169375004711,0.026428294481854395,-0.19292383700229648,-0.97039181432572363,-0.14532762918984424,-0.002128770793185894,-0.14769577817280533,0.98903054828697712,4.6630899854955681,9.2293208903633346,-3.9126003824415072,,0.3731724715339615,0.1647058823529412,False,4
0.76805030687514353,0.63319117573270267,0.095747903805966636,-0.6069989765380025,0.67217129096997774,0.42395518404375254,0.20408568933371207,-0.38373778882199272,0.90060776192479752,2.4922882391587522,8.7527130684905057,-3.9579491798095248,,0.4222359917194184,0.1875,False,2
-0.66705636560316783,-0.65358938182027726,-0.35757058754892151,0.71426786872886183,-0.69750262677523189,-0.057545610981038997,-0.21179522376536836,-0.29378734760612069,0.93211146199193251,-0.63575655208941917,-23.982810262264206,3.4818131809726487,,0.5653713251137571,0.3333333333333333,False,1
0.96461111043478909,0.25547394428038162,0.065256949205337436,-0.23863053949840532,0.74054841564431695,0.62820658202966362,0.11216448299022094,-0.62154734966896685,0.77530511469680097,-8.3481206149029354,-2.1388204985042618,-2.2598779967091582,,0.5801134183728214,0.2475247524752475,False,2
0.048951518027242361,-0.98492165363383688,-0.16593096481976433,0.97475583791119735,0.010875757050430031,0.22300846254485654,-0.21784123884349638,-0.17265877942279484,0.96059051658204631,-6.9920270082493392,-12.439523594151336,0.21320507033812969,0.5335059964147619,0.5431906604725879,0.8345864661654135,True,6
0.71854092287727589,-0.68735658184460313,-0.10601826043458105,0.68289841886314029,0.66842234757254571,0.2947224368449553,-0.1317144322574203,-0.28416983418461006,0.94968353343342482,6.2050191375879375,12.377962469300174,-4.5632731959026822,0.1580581163042116,0.1527182291684022,0.5217391304347826,True,5
-0.9732885114677462,-0.22398898255295477,-0.050382627360919301,0.21084808622304152,-0.95889909342564561,0.18988315660835842,-0.090843590753437301,0.17418801429020775,0.98051311959435539,8.933559549864226,3.8391601526483634,-2.2328424990091653,0.3266363019680926,0.2522980119327209,0.3823529411764706,True,5
0.16543904971268575,-0.96811742634812858,-0.18809191803806369,0.95129901597600597,0.10634941982167034,0.28934405662925811,-0.26011555707655148,-0.22680046231140771,0.93856350198699146,0.043458573409380308,-23.058542413317674,3.3574448183738124,0.5058015365999293,0.4216801046920389,0.6888888888888889,True,5
0.10272166017092257,-0.93985136114229306,-0.32577243513027282,0.96419804681107169,0.013585219145140173,0.26483498323766103,-0.2444798295513215,-0.34131343480700677,0.9075983429705009,-6.9882253598126471,-13.890251870158426,0.62207876149051011,,0.1488882971202064,0.6666666666666666,False,2
-0.91823942528638447,-0.39175453249595266,-0.058006414460899373,0.37267050999045892,-0.90432422342293439,0.20812109435124496,-0.13398898773101961,0.16948771400719914,0.97638151660477068,-2.9049241584425438,9.5154763790524584,-4.5669461835692093,0.220249906010005,0.2819200359140126,0.9196428571428571,True,5
0.47653403787414783,-0.87554018613281603,-0.079653582555179347,0.85677823999482761,0.44218264673814495,0.26534044997891887,-0.19709479500668314,-0.19468921231070674,0.96085886184762392,-2.4459220987032531,-13.687126415169608,1.0087933157545639,0.3819968229716275,0.3207426941735086,0.8981481481481481,True,5
-0.30834555430537675,-0.91808268662825421,-0.2490927531132861,0.9209594272630699,-0.35368138703219326,0.16353351278029246,-0.23823675718786161,-0.17897948759684851,0.95457298858923356,-6.8583110040476054,0.24671191928826203,-2.6923393328398073,,0.1941797045477739,0.4545454545454545,False,4
0.1063911781654779,0.97611474606900928,0.189422595577177,-0.97259605903047819,0.062552560135501881,0.22392874576274732,0.20673128250689166,-0.20805571303650278,0.9560203957583373,6.3225237582854241,10.980505053058067,-4.21098098080172,,0.1525332071503954,0.3333333333333333,False,2
-0.62138821902773156,-0.68849640686968838,-0.37396440870900105,0.75208377702328322,-0.65795121363252596,-0.038343093483424268,-0.21965125447385098,-0.30507851154582311,0.92665011099176409,-7.4281131223068124,-5.196203825727963,-1.531497289641506,,0.2827140589833792,0.2272727272727273,False,2
-0.74959493813030209,0.65430074674037153,0.099989807202642153,-0.6541089856466733,-0.75537927884503242,0.039288420531242485,0.10123667134842736,-0.035953830206972612,0.99421248154895903,9.7877849891783377,7.315355897260992,-3.0477595333581187,,0.4504436490996166,0.1666666666666667,False,3
0.88243528853538367,-0.41218009191935001,-0.22674993577249719,0.46469883276866197,0.68870504815770417,0.55654321617062119,-0.073232208562343332,-0.59648380402778067,0.79927724549222012,7.6354310524536517,4.956339812514833,-2.6068722422904349,,0.4973447419655098,0.3055555555555556,False,4
-0.42476465104366551,-0.83529810503517254,-0.34907315415024931,0.87227287772388384,-0.48082411996276891,0.089152635683553305,-0.24231181979228478,-0.26661815652104315,0.93284497136569955,-6.4786939489384414,21.664560630029218,-7.8683909008121438,,0.1721531463233107,0.1818181818181818,False,1
0.79818999774606803,-0.58263397948663043,-0.15306983192551246,0.59062066420980119,0.70687411463755967,0.38922514957764409,-0.11857469589463507,-0.40108182706642154,0.90833551592490092,6.2003524774496963,9.3300027060401902,-3.7971384997139577,,0.3250647334019375,0.1923076923076923,False,1
-0.93456345941645702,-0.34851244125183523,-0.071625544439334179,0.32995555801674775,-0.92426294444480661,0.19200869579285632,-0.13311825591331072,0.15581106449448001,0.97877599179980679,12.675045367513928,10.448901737549562,-3.6050658841280279,0.2999785272813998,0.2197611223594526,0.1764705882352941,True,4
0.98255587151581758,0.18270383260984477,0.034688166562478195,-0.16597155107789086,0.77737499764713947,0.6067466994272892,0.083889234008849123,-0.60191978085354869,0.79413800679392277,-13.305162516781232,-6.8259132915485452,-1.9884152418601986,,0.4731718707651382,0.1739130434782609,False,1
-0.92497354629808803,0.37958503733578547,0.018415701983032357,-0.3759608632887943,-0.92106442813207035,0.10145811207037739,0.055474029273904907,0.086922486506835941,0.99466934878661339,-6.6855096368225713,16.280716317556138,-6.5152347402602233,,0.08763044249271199,0.125,False,2
-0.41777044317060591,-0.83171785004281318,-0.36566825775994788,0.87572855325762233,-0.47582851742259041,0.081772385416661653,-0.24200693755003588,-0.28606404864571822,0.9271461601333808,-6.2250880411766989,-9.0027375752335139,-0.56140302574593892,,0.4104068893323696,0.163265306122449,False,2
-0.23030997014134924,0.96430354190925316,0.13067515722110679,-0.95098506290803519,-0.25151003576227221,0.17991695872446689,0.20636067401346531,-0.082833453218677314,0.9749635332916704,-10.102943116138775,5.5228091907883359,-4.2104702109519563,,0.3091359292311139,0.1538461538461539,True,2
-0.98116245959219428,0.19195013889866919,0.021803028775337172,-0.19295682888416188,-0.97922195039725868,-0.062386168716774354,0.009374970611412542,-0.065418010035243085,0.99781390744420106,1.6436442410194607,-5.8275314846823782,-0.5007724235252865,0.3758044209975415,0.3276966022718829,0.1935483870967742,True,3
0.91134090886995012,0.41165087089012481,-0.0011438161976470018,-0.38782890742605969,0.85952712626921235,0.33286913009784713,0.13800900834656082,-0.30291365057189207,0.94297233995086382,2.9822350996026374,1.6667176172358822,-2.1173076060623446,,0.0879201633163623,0.42,False,1
-0.91310220697552269,0.40648337501496062,-0.031868879065271527,-0.40192614749493366,-0.88420743873217444,0.23797600141730504,0.068554588295102054,0.2301053478890378,0.97074806067102415,1.8045434935576465,0.083605322398622284,-1.8409042652554919,,0.3144491953133832,0.9958649207443143,False,2
-0.92153602305244298,0.3871102661314213,-0.030282009054014181,-0.38429261728818809,-0.89809879568024475,0.21386382932952511,0.055592648025448929,0.20872037527120874,0.97639400983013203,10.011493538785491,10.471514858640971,-3.7924678456327165,0.1784630828192926,0.1369393464958805,0.6666666666666666,True,3
0.69354750114921526,0.72028844700234562,-0.013282197281664035,-0.69012374560424827,0.66956648835599808,0.27460869145709932,0.20669078209451569,-0.18128781201605051,0.96146432581328312,10.012624959270173,15.995341733409051,-5.1933040758894808,,0.1243149761266415,0.36,False,1
-0.76372717002336254,-0.61335209488150766,-0.20129584564161351,0.61671719079461085,-0.78538366314774577,0.053220374284968786,-0.19073729668449713,-0.083496762602478097,0.9780836233617225,1.9766577023916998,10.452555406734664,-4.4304375793905892,,0.08367578816601878,0.35,False,1
0.17678297448209754,-0.97972352311614586,-0.094284665699935322,0.95460562673319627,0.14733688305531048,0.25888209729694933,-0.23974127167132364,-0.13577061959213513,0.96129624024698235,-3.9332682480919403,1.5702154503623149,-2.7263422938155686,0.3612828679810408,0.3432376677960413,0.9664233576642336,True,2
-0.61225323943627119,-0.78749716593007246,-0.070669544019301991,0.75930958916985769,-0.61054210940356213,0.22513835843709709,-0.22044255168749533,0.084181626838359697,0.97176053382937577,6.2987125059308458,-0.58910900127094157,-1.3768358537216141,,0.2694115850219826,0.7,False,2
-0.84633555429258678,0.49447194431965968,0.19802430613688551,-0.52332432381947125,-0.84118132173742133,-0.13618236324494487,0.09923598963658696,-0.21888691199069035,0.97069085610199635,9.0635666111757658,5.5194074181647679,-2.6547926342021384,,0.4846998599113184,0.2352941176470588,False,1
0.97223664769493667,-0.22297208647746403,-0.070988376025914512,0.23393736426194686,0.91916404158841347,0.31687659151951453,-0.0054046721531955944,-0.3246858686526693,0.94580646869017382,-6.6897239433108808,9.6731640633473983,-4.9490147833192379,,0.1664938639271328,0.4375,False,2
-0.29498690761860913,-0.93680069307646963,-0.18811482074800923,0.90910220255397067,-0.335774371449648,0.24655376044407079,-0.29413586936164149,-0.098285466519924827,0.95069661692141882,-9.9518126578410175,-0.50403531416635006,-2.7700811170048323,,0.224555333119818,0.2826086956521739,False,2
-0.9404216734763593,-0.31159980303759638,-0.13606115831806778,0.31768552834812386,-0.9478661277719227,-0.025014173998633288,-0.12117335158398714,-0.066748532340356645,0.99038459817199875,-7.3670986253221793,-2.8680004300616306,-2.0072077561440973,,0.3749007973275582,0.2264150943396226,False,1
0.66508178337028623,-0.63795991928517048,-0.3881666688610157,0.72945365107951565,0.44370883376026399,0.52059566053691808,-0.15988618563141449,-0.62938828415276704,0.76046485481938741,-8.0959344649551319,1.6119766910956714,-3.1093121014595946,,0.7157123530374256,0.3,False,1
-0.82724622947620963,-0.5401358839783913,-0.15465090577256885,0.53476586258772063,-0.8413832870159127,0.078100169917285744,-0.17230539175604798,-0.018093953939914184,0.98487738363849864,10.294640823342972,13.787581407533951,-4.6319753306120841,,0.1993754510548321,0.125,False,1
0.99900089248553359,0.031130669539851972,-0.032063970856843906,-0.0081140883776245377,0.83189485752028569,0.55487395649922533,0.04394745024353635,-0.55405940786643515,0.83131630212079177,0.98838120904613525,-1.0589355314853623,-1.6619060431831716,,0.2893106265190887,0.2725856697819314,False,1
0.80648574457469846,-0.58735332535416329,-0.06779981558383219,0.5798704246005324,0.76334827117454129,0.28469230331787715,-0.11546009904462015,-0.26891539206643844,0.9562183210116616,2.7297252093198221,7.3371711819445729,-3.5854405876546593,0.2403734351404507,0.2162306299901058,0.8072916666666666,True,1
0.84628476108735373,0.52611952587162802,0.083668080221393451,-0.50628235599162263,0.74541682543873777,0.43362648946346172,0.16577176829271023,-0.4093311628125168,0.89719993311839941,-6.9728622225413153,7.3155256935485893,-4.3529001921092458,,0.3542763981773699,0.52,False,1
