axis_00,axis_01,axis_02,axis_10,axis_11,axis_12,axis_20,axis_21,axis_22,location_x,location_y,location_z,dbh,dbh_approximation,score,reconstructed,number_clusters
0.5279546288549577,-0.84862093853852016,-0.033262780169794406,0.8366716275974605,0.51300026989354364,0.19186273911983662,-0.1457549225379329,-0.1291248456461874,0.98085792895444779,-7.4088566453182265,2.3132507754313663,-3.9426982768509857,0.3604025364437179,0.3138582280803537,0.5801526717557252,True,5
0.99792920548766784,0.035200138759314999,0.053835407178519298,-0.055834809606502618,0.8895892604904635,0.45333588172152856,-0.031933914118967781,-0.45540300597531747,0.88971249697735899,-9.6112965458894628,13.628846777949956,-6.1096694076944962,,0.4573345775686262,0.3076923076923077,False,4
0.87960426912990597,-0.4755191329314758,0.013337313992793073,0.46491296266047549,0.86524765579808982,0.18762310968047255,-0.1007584581000727,-0.15883339810004973,0.98215054078755559,2.0164689174036545,-12.440110796227001,-1.4310886331291301,0.4154880019894983,0.3114965841772472,0.9420289855072463,True,5
0.94546587557606887,0.32377424216381306,0.03556006513528788,-0.32485132385237753,0.9293314713020856,0.17554097481459546,0.023788558437517565,-0.1775197356880332,0.98382968441123764,8.3662816535551841,-13.130567064091828,-1.3629284473107395,0.5524890290603037,0.4716577694845343,1.0,True,5
0.88361087626587564,-0.4637749164749721,-0.064378926624205843,0.45535279475796275,0.81914811906849416,0.34878387481743162,-0.10902133575940456,-0.337504349416688,0.93498939163717487,-2.2843609638414653,7.383668824799388,-4.8960677895046461,,0.2966101576252791,0.1276595744680851,False,2
-0.73059713293728168,0.67152473982668104,0.12362181500258423,-0.6757117326741251,-0.73709076247779615,0.010529111853971929,0.098191056977488408,-0.075840171878828508,0.99227354326266015,8.9162426837660416,-8.6458184762230914,-2.0774684798912242,,0.2560414630599943,0.3358208955223881,False,6
-0.62350410510317378,0.77906854236629985,0.065535007551224711,-0.76974903564188435,-0.62638989002295165,0.12297206107658482,0.13685413054737952,0.02622807603091,0.99024392700982389,9.7002423616254312,-17.29147264548094,-0.68753670400266398,,0.4549174822752043,1.0,True,3
0.99932912494783022,-0.025584892953247864,0.0262052148164112,0.015181608847014846,0.94054385474275559,0.33933283964045347,-0.033328948135512008,-0.3387073523828622,0.94030128717234629,-6.8301416582709198,-20.869728302691758,0.30239928351018303,0.627611082423687,0.4086845380081885,0.2903225806451613,True,5
0.9951948857319366,0.032793147462287175,0.092259139886055705,-0.067926961766121674,0.90985928356388057,0.40931896117556782,-0.070519977866005917,-0.41361901986264954,0.90771484461235918,-0.22358020481116719,-11.450481320464942,-1.4465083897522069,0.5649034315088822,0.4737178850612447,0.1974921630094044,True,5
0.76148486459120246,-0.64816806747888833,-0.0043539980711051474,0.6361224268886283,0.7460098580417226,0.19702169858645521,-0.12445504814125148,-0.15279871728929523,0.98038945985098513,7.9410345683560077,-0.24697393655839284,-3.5953659903918145,,0.4010192925827106,0.9057750759878419,True,5
0.88310109162980188,-0.46913120925348684,0.0069548879656323309,0.45815287271917088,0.86544105438505037,0.20275040469519337,-0.10113558810539659,-0.17586270181381483,0.97920575107038754,6.8453229412674075,-9.6952735847016172,-1.8458729944598813,0.3169133604626841,0.2465887243532559,0.7333333333333333,True,5
-0.80717767966230602,0.57796536437461432,0.12008426640611763,-0.57138089743649212,-0.81605969258348576,0.087008322505470109,0.14828372634798775,0.0016173199641446659,0.98894353770904897,12.799781856805197,-1.8622595062680642,-3.3804385857857442,,0.1675711196043443,0.2424242424242424,False,5
-0.8075315902371295,0.56854547663028154,0.15699927315863457,-0.5743457165229936,-0.81855090107748163,0.010070762480210993,0.13423758296685179,-0.08203940119533995,0.98754736998825965,-10.89680208741458,6.2472200853243791,-4.6527161408818936,,0.4352921907896718,0.3548387096774194,False,3
-0.67289007032248194,-0.7388770091648782,-0.035773154585150645,0.73486912364063328,-0.67321682473130184,0.082136946731383664,-0.084772191083256662,0.028980549102304069,0.99597881673892819,3.7820247715755713,-16.331753534738965,-0.71669563680587045,,0.2773272584936375,0.6229508196721312,True,5
0.93769691215915763,-0.33370887306591368,-0.096762022324145519,0.3364664791076718,0.80263937050321643,0.49250416176422973,-0.086688000115743222,-0.49437680867459582,0.86491430886571341,1.2095912644830693,9.8952917012538286,-5.4124307771754623,,0.5643966507365439,0.2368421052631579,False,2
0.98337242605483277,-0.1806501821804464,0.018552179203656927,0.1655363049276842,0.93370406709148956,0.31748141181445655,-0.074675320059051503,-0.30913140696956581,0.94808299731568602,-14.463707056815762,-7.972689206662892,-1.9077118946609835,,0.3283709203662766,0.4754098360655737,False,5
0.99149110042080835,0.1199315551052392,0.05061442360013043,-0.12974285213142089,0.94208283785247093,0.30926803737961545,-0.010591983154195413,-0.31320336638336749,0.94962701160981455,-2.4935656389987737,-21.384863956583903,0.1334908345385861,,0.2944042328714271,0.65,False,3
0.99310520322606044,0.10816720600909593,0.045187507892239069,-0.11609116661077525,0.96100128853461375,0.25099674195049032,-0.016275637015939211,-0.25451204093126434,0.96693263708529775,-3.6984980888804757,-9.9043049242627603,-1.7475003536415676,0.3910967716195679,0.2412788881616737,0.7053140096618358,True,5
0.95757951647699391,-0.28707056618430249,0.025138807734499821,0.27680281513994809,0.94056179309402388,0.19678342130971369,-0.080135330250070663,-0.18147728067827265,0.98012464791134246,-4.4045282361132641,-2.160145857244971,-3.1141320984718974,0.6995291340151024,0.3486153906040609,0.9663157894736842,True,5
0.65197238350202058,-0.75822398717212924,0.0053288298427139891,0.74592011871453667,0.64262287214620439,0.17504005453453853,-0.13614399600270805,-0.11014640017431994,0.98454689216971925,-2.3579358556706844,-4.0234709297882549,-2.7879944605998364,0.3144959400197883,0.2865126118132035,0.9319066147859922,True,4
0.047326083488092009,-0.95262203971520298,-0.30045214472612058,0.98272802316206431,-0.009467468744661825,0.18481341814801125,-0.17890185665235825,-0.30400923749849507,0.9357203156937034,6.2670954707314364,-8.0098503961678649,-2.1368322233660701,,0.627893443698296,0.3776223776223776,False,5
-0.30712300610799848,-0.87241620466946157,-0.38021760210347688,0.94210330474908421,-0.33522285371223509,0.0081854462235781689,-0.13459874553665072,-0.35569032061493733,0.92486084008395697,-6.1589581299003768,9.6263718721255884,-5.395318553038198,,0.6238317540562874,0.3571428571428572,False,1
0.4015878525221106,-0.91579745672112023,-0.0064973048110899614,0.90271477288753843,0.39463509402226765,0.17137438950040612,-0.15438016555659073,-0.074687086093680008,0.98518455309325459,-7.8852982264858946,-10.452197250941001,-1.5695852041933025,0.2623170803411183,0.2739791711334744,0.8144329896907216,True,5
0.3647384847613353,-0.92758304961956994,-0.080966189193175497,0.91555891573322257,0.34146202740381459,0.21249836625885771,-0.16946300350050483,-0.15163564851226968,0.97380127364100955,5.3758062149612398,-12.709939283973219,-1.3530128058751025,0.3201735717792868,0.2580817610308839,0.5180722891566265,True,5
-0.28297390962693991,0.95353742145908615,0.10340286431043343,-0.94561335173975281,-0.29539478777095196,0.13622521194428389,0.16044050449295896,-0.059230948286447288,0.98526673509417395,12.937936209492184,-21.856045256212376,-0.0079747062387567052,,0.4250640817507545,0.7272727272727273,True,3
0.37641488983011995,0.85356073733205906,0.36020257966779057,-0.92346119312353026,0.31446899171118142,0.21983784489259262,0.074372410940115541,-0.41538334215192729,0.90660102777001628,-13.033287313708223,9.2886605658818659,-5.1723243217517041,,0.4605493031254579,0.3235294117647059,False,3
-0.20181443486230546,0.97079949431693158,0.12968915033724956,-0.97499243135916225,-0.21171398869835265,0.067579181570823377,0.093062842604106896,-0.11280748567104613,0.98924909830791319,-1.186852505697757,-16.136082250579751,-0.65105756371406331,,0.4026051094926716,0.4864864864864865,False,5
0.34107815241418199,-0.93999591171761798,0.008566206855607203,0.92722133260083117,0.3379144211405386,0.16147583210869079,-0.15468126685435241,-0.04713310873918438,0.98683948833886526,4.3763712595202717,-19.919729579179371,-0.089085484450583702,,0.07620519737530727,0.1904761904761905,False,1
0.86897660274106581,-0.49455639978909527,0.017135673790189945,0.48345096213733724,0.85583545437008901,0.1839044378247181,-0.10561643383999497,-0.15152439562919029,0.98279475295309238,6.2695976462349075,-18.280377893953215,-0.43098949825621929,,0.353704089370286,0.9759036144578314,True,5
0.50837518661415726,0.83891805170753508,0.19434806959230322,-0.85298916122322987,0.45960342341662008,0.24733415457517066,0.11817004895789837,-0.29151534385509975,0.94923898140896601,-18.054346832756519,-12.712487277161753,-1.0139902036285335,,0.4974832228355923,0.631578947368421,True,5
-0.00074966048115741781,-0.98882093810414129,-0.14910597028962191,0.98645881719108497,-0.025185744629748388,0.1620638153734858,-0.1640074388408318,-0.14696540625021831,0.97545001377342722,1.0907204220529614,-19.014992527696251,-0.18596509944636486,,0.3025612017178029,0.2222222222222222,False,5
0.94619518545566872,0.30812664730272821,0.09885666513944541,-0.32355900271586918,0.89620893546515412,0.30351131075122545,0.0049236959719739307,-0.31916690494848454,0.94768573061093431,9.4133478689591623,1.4741155419853231,-3.9117250841444813,,0.1547443435715457,0.2075471698113208,False,5
0.8610901743959779,-0.50627262141934937,-0.047029186255826375,0.49720422456247931,0.81908358984688157,0.28616434425128878,-0.10635633801484923,-0.26979641518138531,0.95702571737615572,17.181003092138088,-6.4991848776941277,-2.6758957410131541,,0.1086256619839283,0.5,False,1
-0.3247356344358957,-0.88211635319497084,-0.34120009840784254,0.93677682010791052,-0.34970312683818333,0.01252646750319647,-0.13036854312305332,-0.31556055283511386,0.9399072190691854,15.725714086840849,-8.678867630341438,-2.2598930552450391,,0.5509670233434629,0.1458333333333333,False,3
0.63432403893573175,0.75213733330992338,0.17866853519771514,-0.766567404023898,0.58205434630725839,0.27126952101718277,0.10003713668594269,-0.30903425341904567,0.94577502689456272,18.040074909794729,-9.9530638909428664,-2.0423270809370466,,0.4877597879510634,0.7333333333333333,False,5
0.37362893097926475,0.87808542225878583,0.29894382942603515,-0.91421239185871328,0.2940827965354339,0.27880281805223928,0.15689845285171977,-0.3774669521938433,0.91263441502839926,-6.1994521107864697,5.8834760264289825,-4.6198145812955307,,0.363067037577973,0.2333333333333333,False,3
0.73946403820173423,0.66385949959401414,0.11172958876308732,-0.66663657824757472,0.69899074610953771,0.25885828052352611,0.093747579962092792,-0.26589942017991719,0.95943154503030303,0.063082676482728889,5.2409366876458039,-4.5745602488603243,,0.4056833419129524,0.8095238095238095,True,3
0.70423855492238041,-0.70991145084088669,0.0085900946342060899,0.69806989632004435,0.69459565125339007,0.17388300984167929,-0.12940818217006134,-0.11645863310577867,0.9847288505789672,-4.5427686332268404,1.8588282348224674,-3.8155172939148359,0.156815348503858,0.1234516146307711,0.7469879518072289,True,5
-0.66424275830002677,-0.74690794406593908,-0.030167551063421429,0.74448449621248158,-0.66464062883309727,0.063211307561167385,-0.067263607881378321,0.019528379234765622,0.99754410902939172,-6.998779594923362,13.901258387058354,-6.1815331669239111,,0.4910188753088481,0.9591836734693877,False,4
0.68350521935963315,0.72245901417079272,0.10427649759896729,-0.72567753666809554,0.65711360468685209,0.20394563812638439,0.078820859443843622,-0.21506902003500977,0.97341285626280682,2.0753599101771449,-4.2106500037908337,-2.866219284849389,0.4190980037550364,0.4710923188473739,0.2752100840336135,True,5
-0.94233772487244982,0.30299627219556102,0.14210162320609798,-0.32101808842972268,-0.93839451409818431,-0.12791842248620516,0.094588578502592585,-0.1661595466593058,0.98155183554962233,-11.10578831105602,8.8493782669324599,-5.1912636931330258,,0.372141005535444,0.3076923076923077,False,4
0.99660957553928431,-0.081863571285694034,0.008228586741425549,0.068218361081433712,0.87809628304230847,0.47359600179757289,-0.045995751486112318,-0.47142896962706449,0.88070376259080074,1.14635838814208,7.8315221246373667,-5.0563497902825301,,0.4736116493078689,0.1939393939393939,False,2
0.77810925580252432,-0.62811809293778897,0.0036942331597267716,0.61506313975391924,0.76310383548967942,0.19841842247380326,-0.12744928462135041,-0.15211902440239722,0.98011044391148627,-2.9373967507381029,-13.372424891174639,-1.1400540534831169,0.5866566755139652,0.307855461668514,0.9177215189873418,True,5
0.3330331343884943,-0.89181920078670274,-0.30618204471774901,0.93011323911951027,0.25738318259274545,0.26199858727298941,-0.15484926158683412,-0.37203818409754141,0.91520997359044121,-1.5766461092099744,-11.605738597442784,-1.4623842450359359,,0.5377500700308071,0.2857142857142857,False,1
0.46576061377408323,-0.88431093630290913,-0.032576350192472688,0.86879129570695934,0.4499718989542919,0.20670504264601813,-0.16813308764372598,-0.12457711702612935,0.97786083199647922,6.1519703888411454,-15.639039848853479,-0.85375205148671829,0.1419323238755684,0.198486083288355,0.5454545454545454,True,5
-0.51383173440333496,0.85254946490455952,0.09558430106983945,-0.84301277650941486,-0.52243700351492017,0.12801967036451162,0.15907987730051745,-0.014798217774456973,0.98715480315336135,23.600801191334387,-14.53165101139621,-1.4843281314612133,,0.4636566214225425,1.0,True,5
0.5760609428194744,-0.81433485133255901,-0.07079929422752225,0.80989393661017617,0.55690512988728058,0.18419687225167866,-0.11056944243328715,-0.16344854300485062,0.98033615264845841,-6.2871347399675273,-12.601109931269697,-1.2061890459176894,0.281560845828565,0.2940231973961429,0.391304347826087,True,5
-0.99077613098018158,-0.13369418602899807,0.02210255419594976,0.13109873612646683,-0.98696818376557427,-0.093310908368346573,0.034289643713289276,-0.089552603851180884,0.99539165732765134,0.55332293007698663,-16.157656970603888,-0.6559988190456838,,0.37485452626344,0.5625,False,3
-0.99690846311036307,0.067741772067460543,0.039806638844473163,-0.063606380976495305,-0.99322135207571594,0.097291181922927156,0.046127480724694123,0.094458446409240726,0.99445958058834449,14.083535682070099,-7.2347868901853287,-2.497803239735402,,0.3483304753180508,0.8670886075949367,True,5
-0.9807204984042992,-0.19500559421876992,0.012653941402087074,0.19535093570742643,-0.98000503133956873,0.037790878097290564,0.0050314936009101807,0.03953424809599556,0.99920554807288187,13.960411848900963,-4.4526892194775876,-2.9363427053455502,,0.2522350772519596,0.4315789473684211,True,5
0.97351892103415971,0.21877849500112478,0.066308977623903587,-0.22554176599674092,0.87184122570485523,0.43476866141952575,0.037307133092157531,-0.43821096207933641,0.89809761748595318,7.8271246132007324,-2.9504049973228197,-3.0898879370112091,,0.5688550684077534,0.3222222222222222,False,3
0.26963903033892817,-0.96289620104168738,-0.011211571583405376,0.95002808558521035,0.26409773665971459,0.16643023190068887,-0.15729408735608461,-0.055527394236568807,0.98598949212053655,2.7643758036859833,-9.8402458656481127,-1.7937625074700108,0.2715922434567964,0.2050388195677351,0.6304347826086957,True,4
-0.42847973518463484,0.88431153203200008,0.18546760054339032,-0.8906636072886025,-0.44791966660987853,0.078014812156085522,0.15206398386126618,-0.13176147608201913,0.97954859921952231,7.5840959607349587,2.7634516712647148,-4.1649028528614931,,0.2376577188797405,0.1428571428571428,False,1
0.88462742977848197,-0.46625137512095616,-0.0066306622093229919,0.45647009923796644,0.86298997441008019,0.21652563951959583,-0.095233182164610533,-0.1945712190060653,0.97625441445828842,-0.89593003604866117,9.0793219700243917,-5.2301067598121032,,0.1979711702229598,0.6521739130434783,False,5
0.92452881557487832,-0.37156752341562971,-0.084758744177154094,0.37056765942043324,0.8244831421543829,0.42767646427515427,-0.089028528929632561,-0.42680806441070335,0.8999493303462226,8.114645344321568,-10.969203769470663,-1.7414901089414239,,0.4097926186232898,0.36,False,1
0.89036343377760174,-0.44705872189438506,-0.085973571345597091,0.44319495966780653,0.8080169288587058,0.38818406768283975,-0.10407297207636967,-0.38372795292485951,0.91756289954819281,-4.4381625248712036,-13.534870959390689,-1.0535434643277624,,0.3596589535627976,0.4444444444444444,False,5
-0.96798988225668459,0.24840706530112838,0.03590985598926176,-0.24178646560754052,-0.96129144039001269,0.13212899637061709,0.067341613417723864,0.11921701447936821,0.99058185454858927,-11.250383632723226,-10.235554927598024,-1.5043548951965844,,0.3481168157060869,0.9,True,5
0.9990930582240819,-0.010830722062369545,0.041179563718648109,-0.0016386192749839564,0.95661306975558413,0.29135673958168284,-0.042548512727499085,-0.29115997360970586,0.95572772996930044,2.382477897819228,-21.990243163574114,0.29222436591863193,0.6045592172217261,0.3148263438613725,0.9807692307692307,True,4
-0.59515329294247243,-0.80305277033057532,-0.029980092797038595,0.79667568844848946,-0.59449653372089317,0.10900329733071112,-0.10535846114506517,0.040989260279129844,0.9935891883504534,3.0705139604424656,0.53430654581325221,-3.6684336505035375,,0.1948669844750733,0.4553571428571428,False,5
0.25984621874721453,-0.93449784379800505,-0.24329760076838383,0.96079189019362343,0.2249571796304872,0.16209013255241245,-0.096741337291442409,-0.2758768697618087,0.95631222223157186,-9.995427907706171,-3.0716865024981979,-2.9027336805710737,0.8342738497269212,0.4637209986515976,0.4666666666666667,True,3
0.41681363985091135,-0.89222977873995735,-0.17375963732663169,0.89824454676775756,0.37498198312252906,0.22922749951845231,-0.13936686778507049,-0.25162379510519928,0.95773813848078349,-7.6389059384792413,4.7522754729924781,-4.3585383202134453,,0.2784358049369708,0.3789473684210526,False,4
0.8753902804022583,0.47880272492616294,0.06663188111210705,-0.48141225825022504,0.85090005510266176,0.21026491346086879,0.043978342211541871,-0.21614126591090629,0.9753711388936811,-10.581869551368271,-4.3168833749267854,-2.6475233945642112,,0.3812062171219542,0.6285714285714286,False,1
0.06792924877824269,0.95545278521776311,0.28722045954291198,-0.98403900884581386,0.016703043355270793,0.17716725829683938,0.16447749460084413,-0.29467097509305179,0.94133743695209449,-6.1028966374540818,10.873057219386736,-5.5905791148596871,0.6592604964293468,0.4213718443793057,0.1666666666666667,True,3
0.99451339310646447,-0.10460840491356445,-0.00043880896261547925,0.10214003949146074,0.97012349652213625,0.22006320416722769,-0.022594761882983979,-0.21890062383900113,0.9754855168675477,23.663839277449306,-9.4939324982779372,-2.3212030953134879,,0.2278020157151924,0.5555555555555556,False,4
-0.72814459298877432,0.68197997599080085,0.068620434629912269,-0.67671332348319346,-0.73118939709384112,0.086146058516191296,0.10892442114393719,0.016290424338590091,0.99391654204632607,0.48693519032936838,-12.890883961222181,-1.1991160037785704,,0.2713588618808578,0.3064516129032258,False,4
0.93776974139400504,-0.34704682200177728,-0.012100225794965891,0.33562953546037821,0.89687575632984795,0.28803939424046665,-0.089110757220848963,-0.27417582141069818,0.95754210972745057,-2.5906379837421603,-0.32975380786256642,-3.4144441137551822,0.2992976002124669,0.299087950903255,0.81951871657754,True,4
-0.82722685166776488,0.54298861596770476,0.14442679394528252,-0.54998577299837514,-0.83510871174882695,-0.010444570866892378,0.11494079075426772,-0.088072711384913432,0.9894603641026215,-7.8159918267085589,-2.9008783817312072,-2.971172234990608,,0.2131267052563417,0.2,False,4
0.98683519223112837,-0.057486422351195637,0.15116750517029942,-0.0061464059796422672,0.92068973443417534,0.39024688929069185,-0.16161226768932477,-0.38603850086848601,0.90821569617548792,-3.9182869955430011,8.9751877284010888,-5.2123491853706518,,0.3843872511585593,0.3265306122448979,False,2
0.66464618413605714,-0.72859586867667603,-0.16550984883280317,0.73777030267365562,0.60498447754489248,0.29948082146033189,-0.11806959983924754,-0.32115703647438981,0.93963701902212571,-20.860135927967164,-16.7166720703095,-0.18082083029706297,,0.3661782866429333,0.25,False,2
-0.82877655831339103,0.55614702532390148,0.061886206973666591,-0.54695847293500865,-0.82847061876434414,0.1203032116313989,0.11817717747016604,0.065855296427861643,0.99080635578178677,10.400466825407243,-3.9183758481223343,-2.9776784068963895,,0.3106334054383274,0.5588235294117647,True,4
-0.6572099083816223,0.72555512020106938,0.20407083053448136,-0.7386158526253479,-0.67390467965386691,0.017294652096834034,0.15007251105899222,-0.13936373377113642,0.97880334650726342,16.219722258200669,1.4915775222444956,-4.0973216137903368,,0.2002840252336742,0.2424242424242424,False,4
0.97581053475382196,0.17934387664989043,0.12501829534772127,-0.21861782378991271,0.79993929795580943,0.55884109253644776,0.00021768055465849756,-0.57265425301324424,0.8197969621321004,-8.2375867233015363,10.173102041269098,-5.5262374100001175,,0.1065587788004135,0.2857142857142857,False,2
0.92421148439396938,0.36458182761875407,0.1136363633898297,-0.38093894718195415,0.85927883948813699,0.34135816165403959,0.026807659991142735,-0.35877564992358418,0.93303878932641893,-13.750837941177705,-4.6060183382446453,-2.6353560908569542,,0.2533395207191187,0.6666666666666666,False,1
0.7706307917478985,0.58436305445565262,0.25425971642646583,-0.63331372984206513,0.65778481886180673,0.40771663158187643,0.07100635467011801,-0.47522515996335857,0.87699438135843322,-1.2072195453916068,-12.925409083469479,-1.1841813720491878,,0.3608184214317413,0.2352941176470588,False,1
-0.33809459112419321,0.87914071460441823,0.33586254833993834,-0.9205308497663911,-0.38315163605514341,0.076274362774345239,0.19574218268153162,-0.28338388753261839,0.9388176448096669,-5.1393256488550074,-11.337100264549592,-1.4743952947440599,,0.6901920600285603,0.3684210526315789,False,2
0.82384013444198589,0.48637111590347865,0.29108516021503844,-0.56379992268669354,0.65017958444858459,0.5093094885673578,0.05845579578697243,-0.58370338835839386,0.80986003380697891,-10.668439763817993,-7.1724853963784447,-2.0374861327398057,,0.5460820918033272,0.2990654205607476,False,1
0.021350111918620414,0.9016373513631516,0.43196557657746582,-0.98821579951315508,-0.046471337537112814,0.14584220370004955,0.15157079637462292,-0.42998895499111578,0.89002010779083529,7.6853513691724507,4.0794562530707541,-4.4077797530192919,,0.4997303721254847,0.25,False,1
-0.99793177392888521,-0.057151317963626623,0.029426203257806986,0.054884109710953935,-0.9958342438185025,-0.07281410124191523,0.033465042722000182,-0.071048474251403537,0.99691133267816923,-14.394571649302637,10.917052862413117,-5.5609080091364342,,0.2618487433561246,0.125,False,2
0.55197201544616392,-0.78515958118606022,-0.28080478314307955,0.82105299608779914,0.45294992385067695,0.34743106380822619,-0.14559832340913034,-0.42232783303424121,0.89467330890390018,-8.0123325097313671,-11.821948186084665,-1.2792570261111484,,0.2319829195402764,0.2857142857142857,False,1
0.096267277035639573,0.91921834205145148,0.38179870482798234,-0.98561604122239055,0.034505155425648373,0.16544006024586344,0.138901514236694,-0.39223339210887348,0.90931806066827936,-8.9895910985244942,-0.45966151262883087,-3.4536797172334777,,0.4415071076829581,0.2419354838709677,False,2
0.15645481229111494,0.93199858499110766,0.32695646389928573,-0.97695804965562572,0.097374459983562756,0.18992415263990292,0.14517183240569648,-0.34913729694417134,0.92575822273339248,10.67040206190274,4.3280039891903224,-4.4843369937618869,,0.3946117412383683,0.1621621621621622,False,1
0.52764063956598095,0.728258540553957,0.43730407451637487,-0.8421083249131659,0.38081653628416268,0.38188000052958371,0.11157474889214174,-0.56975280938557338,0.81420686045187673,1.921312662375251,-17.476472577587764,-0.46632251358777888,,0.3693111889793761,0.25,False,1
0.47359994163572067,-0.87315954687246644,-0.11530611860656628,0.86785439583046065,0.44034142919086661,0.23006123831686937,-0.15010610554000914,-0.20902591093836792,0.96632102617918703,-10.055395497278942,0.067923977211354791,-3.4709064619880845,,0.1619744820364661,0.3888888888888889,False,1
0.83790083299192242,-0.52616707995828704,-0.14515646055071951,0.53435801024944873,0.73654201993851987,0.41468948593753319,-0.11128212324400201,-0.42503418313478603,0.89831076594531145,4.5615527028743568,3.2896344177205563,-4.1908148487697137,,0.4302681908538467,0.1538461538461539,False,1
-0.12344060708118494,0.98266841712133679,0.13829388459246653,-0.98012124618323659,-0.14254187280413241,0.13800056984559528,0.15532147083918235,-0.11850990038699935,0.98072964888730474,21.1565397270044,3.4382814098946639,-4.5408351454999574,,0.1725406880075469,0.1666666666666667,False,1
-0.60472213707344935,-0.76996631260230508,-0.20362469003273909,0.79002098825629197,-0.6123004985578947,-0.030902064337268331,-0.10088595069617723,-0.1795549412390598,0.97856121322519496,-4.7903267990273664,9.5536293587069068,-5.3336997975374159,,0.1183570107745959,0.1886792452830189,False,1
0.94964151933417029,0.29525092449013801,0.10491842709652394,-0.31087742739815849,0.84591099931645009,0.43334721225565631,0.039194513531775957,-0.44414127574811707,0.89509905445478133,-12.176281513587432,11.389335774143378,-5.6177435927451143,,0.5921061809520642,0.5714285714285714,False,2
0.99174676723358213,-0.12777432349359505,0.010586403425834799,0.11103350708173727,0.89722023826049768,0.42739607433960641,-0.064108579666610682,-0.42269322955487559,0.90400250204388266,9.9000594063945453,-2.7310187742832173,-3.1989990295435393,0.796571936522191,0.4710282009825665,0.15625,True,2
-0.021325665500171547,0.93198815764422172,0.36186087105668679,-0.9852740511055863,-0.081008203900401921,0.15057461644917866,0.16964745859859245,-0.35332102245940611,0.91999130152370379,26.19618615740945,-18.847464538318416,-0.89725960352755474,,0.2170795602776401,0.2307692307692308,False,2
0.98713629064612107,0.14695816835902312,0.062970155168761852,-0.15911109392196507,0.94158485278293913,0.29681917862679719,-0.015671741459473625,-0.30302023325562255,0.95285525383309677,9.7492859840473205,-11.215511616817318,-1.684800872611417,,0.2155073982347839,0.6190476190476191,False,2
0.41479975617570763,0.89854192797794319,0.14340002071915497,-0.90134132157792612,0.38417689448312203,0.1999798383874275,0.12459929491265631,-0.21220395239246748,0.96924945101675664,11.732478220012668,2.9099607640448588,-4.2648522368414712,,0.1087344904523041,0.3809523809523809,False,1
-0.1174273238269242,-0.98951528011634204,-0.084085278349563683,0.9820948810664677,-0.12827104635941952,0.13797167553124792,-0.1473107877987454,-0.066378076818604359,0.98686041703777749,-1.4612627910936744,5.8875690675452876,-4.6151118788284338,,0.201165726151432,0.5904761904761905,True,1
0.97184598986094517,-0.23509495948394737,-0.015675841809615024,0.22549947139572049,0.90876675326550327,0.35113099629557887,-0.068303443481639761,-0.34478014470748791,0.93619511397145916,-8.7416781425910219,-15.087392559088872,-0.67820597843911401,,0.2827852361585629,0.3793103448275862,False,1
-0.96796156356444618,-0.23781396681427219,-0.08059112016800106,0.25104294782906839,-0.92329419316644445,-0.29069790369112836,-0.0052772916505140696,-0.30161622975759311,0.95341481011134455,-8.4648423200790628,-1.9476834856147769,-3.1029751827615351,,0.5651908051323794,0.2125,False,1
0.90085674507759939,-0.427875741825605,-0.073344900336571914,0.42329211856510313,0.82827377985436412,0.36713257546345801,-0.096337465239957953,-0.36178017519338057,0.92727245059269792,-0.82705229829155491,-13.875431214956214,-1.0137538459889799,,0.09286329368388287,0.1333333333333333,False,1
-0.520689138371495,-0.82758473130767929,-0.20972919131190718,0.84630677924855946,-0.53269506817358392,0.00089428265708160759,-0.11246180053636104,-0.17702959314740871,0.97775910457033455,6.1490529857183205,7.5244642253731255,-5.042864675199116,,0.2763507661225927,0.2307692307692308,False,1
-0.52135882266641453,0.83030932975315996,0.19690453258558777,-0.8404866968122976,-0.53954447080272661,0.049738079051761891,0.14753674291322724,-0.13956425384411436,0.97916021597054925,2.50699302733261,-13.300230798822211,-1.2314229697333772,,0.350067139190967,0.2647058823529412,False,1
