axis_00,axis_01,axis_02,axis_10,axis_11,axis_12,axis_20,axis_21,axis_22,location_x,location_y,location_z,dbh,dbh_approximation,score,reconstructed,number_clusters
-0.17907592393282434,0.9578196379144136,0.22475176238042147,-0.97891183176579177,-0.19629385658574483,0.056571613868051637,0.098302792923427182,-0.20988154538261622,0.9727724799824764,-11.568824596910734,2.7501770326133168,-3.0414586982374603,,0.7096751884969872,0.2058823529411765,False,2
-0.96275223568416801,0.26911712500348806,-0.026155414640085365,-0.26865668480753424,-0.96303193536474108,-0.019826174009832886,-0.030524062530453758,-0.012060866366058149,0.99946126343602659,-9.1502685282360101,12.663197469685059,-3.7208171751162493,,0.3596384134795849,0.9463087248322147,True,5
-0.0059962042421814778,-0.97574820210617197,-0.21881382867922206,0.99988230715735282,-0.0089404025382619177,0.012467599453939625,-0.014121521461091984,-0.21871331758497869,0.97568697200618448,-13.531140729285989,-4.7937954415781121,-2.5830280629354756,,0.3259374601505394,0.8571428571428571,False,4
0.0063255953543276087,0.99997704673628707,-0.0024275180712880068,-0.99668062916515465,0.0065017426041157258,0.081150790446309934,0.081164710868482676,0.0019061331755539021,0.99669887948464775,-4.2232443017621417,17.467696593954646,-3.9724133218012181,,0.2736830352977603,0.6046511627906976,False,4
-0.314373674029017,0.92801287050052428,0.19990323975082411,-0.94864254636211531,-0.31494355302327254,-0.02979727572581542,0.035305981208577988,-0.19900419742923842,0.97936245440411152,-10.384634521471403,-9.0249746126811541,-2.114425591366929,,0.4777264454497329,0.4130434782608696,False,3
-0.29304659473840144,0.95609728190281795,0.0012964760971231823,-0.95516537864250206,-0.29282030925217634,0.043764893832670765,0.042223130567879588,0.011586804024542204,0.9990410167843683,-2.4202720959437762,18.851977169771729,-3.9996251541719303,0.2296587620085672,0.2055153285577019,0.7878787878787878,True,5
0.93868259630143291,0.34112147570571821,-0.050111098702326017,-0.33445990591572877,0.93620807152884644,0.10793988205978619,0.083735026934031731,-0.084561135379036825,0.99289367993142419,-8.8086174267574489,-8.8405481920931592,-2.0487518233327493,0.07996857921068277,0.1257114870105743,0.52,True,5
0.63785329109396993,0.76966846993742732,-0.02745223897558512,-0.76465441051746286,0.63714647634604615,0.096685056528970456,0.091906536855569917,-0.040679405895349748,0.99493636702013188,8.3157906160119417,12.601788503901236,-3.1542049675148034,0.4311393938778708,0.4683482120176802,0.7552447552447552,True,5
0.099938943477595618,0.99493326910939583,0.010954341416659852,-0.99226072123885256,0.098842992665443344,0.075157992838361998,0.073694427626070369,-0.018380773112954156,0.99711146744816659,-4.1122719772287679,-12.333464633022382,-1.5595106470095912,,0.2760784772800723,0.7794117647058824,False,2
-0.30258367530269964,0.93190771822237395,0.19997780916361421,-0.95012297228084674,-0.31155087421210204,0.014226395252657953,0.075560948806378953,-0.18569883547088681,0.97969713969177064,0.39121924066409691,-32.001727003644,-0.16805788961276769,,0.3193419774791577,0.3333333333333333,False,2
-0.75150319609807159,-0.64527100707789753,-0.13736183487075196,0.65500486276655157,-0.75464300309727783,-0.038504124824405669,-0.078813552175719295,-0.11890864266737856,0.9897722761789437,-9.3209903791496647,-4.6616162213433219,-2.3738423766004368,0.2177008415025189,0.2358337656911638,0.3186813186813187,True,5
0.69351249843312923,0.71955423050933165,-0.035806757367341749,-0.71459640072794361,0.69335265325872952,0.092812080494667951,0.091610035387548874,-0.038778957892192656,0.99503959410723353,-2.513104215354419,-19.185297805093743,-1.090494701799531,,0.1249523862611396,0.5769230769230769,False,3
0.7629643694560756,-0.58928859506374032,-0.26575237095517362,0.64591576170488629,0.71150738254202139,0.27667683923559294,0.02604226798283301,-0.38274821530087444,0.9234855732291144,14.671708377117488,4.3427347353321206,-2.6281395511012628,,0.3338369639068758,0.3333333333333333,False,3
0.98593004922061211,0.16712271480486601,-0.0034548864080225783,-0.16055797784630368,0.95254776331977931,0.25859987305563636,0.046508857153737482,-0.25440667599482686,0.96597834831610807,-2.9886521367411985,-17.124612361927827,-1.2399016737153779,,0.2889440346669842,0.391304347826087,False,4
0.76948673951580271,0.61074494600517204,0.18676393827095716,-0.63259010055643283,0.68862282802854391,0.35444091947173917,0.087863088878896073,-0.39088260596643204,0.91623734150358083,7.7515249535057089,4.2553128616285907,-2.5799716649949498,,0.4022663073263578,0.2272727272727273,False,1
0.87450522417851451,-0.47795643062976795,-0.082451581574503413,0.48482252732382752,0.86623475340078648,0.12076617490015304,0.013701455536607367,-0.14558503501503756,0.98925086186257527,5.9128474093199372,9.7982126750514684,-3.0605196453459196,0.2388231043216855,0.2497395803249538,0.7134502923976608,True,5
0.97496252254509375,0.21612895058149378,-0.052310193586442844,-0.2104837112359752,0.97283158762320932,0.096412185053746796,0.07172647305451163,-0.082987823462538468,0.99396596230460144,-4.2478469596783643,0.79619017540980064,-2.5438070175202476,0.3434499679808469,0.2799031197661739,0.9296482412060302,True,5
0.2757725909194586,0.96121749465306516,0.0032258441459118922,-0.95781341247928675,0.27451045621785608,0.085073358355296586,0.080888472431818598,-0.026550657241381906,0.99636946843412366,-1.3577516575018822,22.02132781382365,-4.2131961436612002,0.3904138628934912,0.3660377030289809,0.75,True,5
0.33160631618503639,0.94332702265663415,-0.013091195207452375,-0.93993368547030698,0.33154131872822057,0.081271279638985547,0.081005666372146276,-0.01464521429417602,0.99660604037597622,-7.334439810563036,-2.4245002801444162,-2.4250264201529852,0.3080680812487007,0.325462163543082,0.9166666666666666,True,5
0.96834437745055069,-0.18745591936022324,-0.16483156541366023,0.24084693829045289,0.87515422549217847,0.41964012429616271,0.065589015665879644,-0.44605533277834242,0.89259885789977456,2.3370990241957394,18.004064732420122,-3.7868594328495684,,0.377173294050404,0.3559322033898305,False,4
-0.94727313173359662,0.30888366443187742,0.085232011256101081,-0.3183926393316216,-0.87742129901849109,-0.35882863772021933,-0.036051922487833073,-0.36704597242830467,0.92950390693589435,-13.337522612210773,0.99066869197830165,-2.9803548764240202,,0.4475181205363468,0.6341463414634146,False,2
0.94350994748703221,0.32788876650111026,-0.047727725646614275,-0.32201865708052968,0.94132607392951007,0.10104062070527176,0.078057437090070292,-0.079963612617457366,0.99373681484188514,-7.4224653402235701,-6.9037585646719064,-2.1117718259325367,0.5237780274160974,0.3481105567759307,0.8682634730538922,True,5
-0.65499506739100044,-0.7303391694014566,-0.19387150211273471,0.75264934923038096,-0.65334814943428521,-0.08157911947231182,-0.067085160777489924,-0.19935118075593164,0.9776291157359589,-0.9525546411146264,-26.16185207128326,-0.58204869595397624,,0.2461607816143441,0.1904761904761905,False,2
0.93568784330811861,0.35114825211699402,-0.034397164426435103,-0.3408243402730497,0.92476053566921723,0.16928296059030984,0.091252555924969642,-0.14667261743065704,0.98496706256260069,10.392502763540243,-5.1470921065375643,-1.8689665319699442,0.6345767165565208,0.3568454672708419,0.8571428571428571,True,6
-0.67665211481277254,0.73604864620657229,-0.019346987798469856,-0.73627140886500486,-0.67614668835654557,0.027019776320632453,0.0068064680519960181,0.032527622752797483,0.9994476603358019,-6.225722118714236,10.272928488864636,-3.4269873920229674,,0.07415102331632265,0.225,False,4
0.99624965384072328,0.067090387459006348,-0.054639794407004935,-0.056392887209612684,0.98240456782733176,0.17804804796503068,0.06562369613488156,-0.17429901038902765,0.98250363128234941,-7.0507824246158322,9.1352802798507557,-3.3614343415259138,,0.1998166875175353,0.6083333333333333,False,5
0.79737935844463592,-0.57307850000792593,-0.18912216040191107,0.60341586523656932,0.7526225619995438,0.26353097114010193,-0.0086863287540266607,-0.32425346875231487,0.9459303545689125,10.784716178450021,2.1187645211935262,-2.4522452447180574,,0.4281489364307214,0.3333333333333333,False,4
0.73669817651068481,0.67614850544904614,0.0099496384282308226,-0.6704296432828023,0.72838740135134294,0.14133607805628406,0.088316986664661742,-0.11079256352146799,0.98991167168329475,-4.7965879043264827,-8.4333615996053695,-1.8546556143045811,,0.1300543863775051,0.6987951807228916,False,1
0.37100507586640907,-0.77538477210733459,-0.51101241556875787,0.92787293345674227,0.2872996247464556,0.23771988763863613,-0.037510705668381057,-0.56234987401492564,0.82604816212836973,-1.1168561451243342,-6.4145119784463258,-1.8307440979256542,,0.6509275077249648,0.3351063829787234,False,1
-0.6851786469041683,0.72752168725460864,-0.035247927609751463,-0.72837496920338052,-0.68435221670664181,0.033644430842000035,0.00035505569884420468,0.048726153787418111,0.998812112397791,-3.072481143058841,8.0873768917473647,-3.1390712388785782,0.4104203653468091,0.3976319498191431,0.9290060851926978,True,5
-0.45675542210076497,-0.88457341385521127,-0.094362915820200816,0.88625891485723218,-0.46165080279402082,0.037731579820074218,-0.076939068213973699,-0.066395871710328791,0.99482258116821631,-3.1604558987983444,15.603348591593601,-3.822634732159496,,0.1048861382496042,0.4651162790697674,False,5
0.20714376636431062,0.97822774916527477,0.012725204102424087,-0.97475705323879758,0.20526627732939398,0.087831899401918739,0.08330754598248849,-0.030597812901785849,0.99605402796635634,0.72596474513347031,20.883764672359192,-4.0582940894776733,,0.3476705645172646,0.71875,True,5
0.26352903752137741,0.95773609371605106,0.11529970154590735,-0.96379374552388919,0.25636800077084304,0.073328468344793674,0.040670166855924686,-0.13044931189653688,0.99062046948043181,11.374596961351815,-14.070528667253786,-1.2015069046541316,,0.3418487769424064,0.8846153846153846,False,3
0.63818299316774341,0.76977764248921887,0.012839328456008631,-0.76311202541703049,0.63027371701152002,0.14288134345813128,0.10189457245299227,-0.10098228937899779,0.98965654311806528,14.52339332169344,5.9029506412641917,-2.7366410378860859,0.2638809980871221,0.2054029101721697,0.35,True,5
-0.030109170029304876,-0.93724564233422847,-0.34736730388113235,0.99767554193214181,-0.049433681190021048,0.046902283466920908,-0.061130605350793343,-0.34514767432144727,0.93655546125146416,12.055459969854162,4.0751795796125112,-2.5974813673506629,,0.5280533921997248,0.4102564102564102,False,4
0.81931813133890175,0.57195998320418995,-0.039743896039435442,-0.56706624064331557,0.81863075614097491,0.090992108573841116,0.084579420558359278,-0.052014062647704536,0.9950582188519892,8.0675365526878977,2.3841450167488878,-2.4656272286897409,0.3943186180379826,0.3476769601058552,0.9620253164556962,True,5
0.58686600831228464,0.80820802291587424,0.048867985246151345,-0.808284924122041,0.58123731990785787,0.094014144591947624,0.047579089153015369,-0.094672961508252787,0.99437078629383779,9.9908376211054399,18.943372693585758,-3.7320443644056791,0.4039975547182066,0.4900420265658858,0.2252252252252252,True,5
0.81650169611252954,-0.57550697946896479,-0.046007573592522624,0.56974492616740924,0.79030785886956623,0.22539788667042959,-0.093357909958696417,-0.21025033838619897,0.97317988874443628,5.3566287817877907,-16.767562184373936,-1.0205984455035997,,0.3305006559874419,0.8301886792452831,False,2
0.6567455548996306,-0.74987370545470544,-0.079841730863043359,0.75404195631294346,0.65154789945094516,0.083102724629286182,-0.010295836018801251,-0.11478135993571244,0.99333742261730118,3.9037238935001328,-1.0651282711161278,-2.1804861613635054,,0.4754144764084405,1.0,False,5
-0.42678814835487416,0.90411289531342065,-0.020778569532149599,-0.90422059752824313,-0.4262225442422401,0.026822635689646386,0.015394396041596176,0.030235993578123978,0.9994242328775399,8.2834828536883496,8.9268401456602025,-3.0005286382743948,0.2508047644716624,0.2397503917072622,0.9356435643564357,True,5
0.32872089889579181,0.94416060183185246,-0.022434985572881597,-0.94208158552787724,0.32948513758546966,0.062624518517621366,0.066519597401236336,0.00054959875976669931,0.99778496736660627,4.0986080307256643,27.380453448872721,-4.4776597696370652,0.4180339273911696,0.359558123485984,0.9074074074074074,True,5
0.96205367868087777,0.26799318155368945,-0.051306666012549927,-0.26184125163531202,0.95963102984775794,0.10270075703414409,0.076758571369230894,-0.085369439462048266,0.99338823252910158,9.940608625758605,-9.49187333914821,-1.5036942217500306,0.2564516192961752,0.3749718523753768,0.9636363636363636,True,5
0.75318110100393632,0.65730166778795784,0.0259373594197322,-0.65256337730447833,0.74161756727356076,0.15544909942556662,0.082941350914199172,-0.13400709471671915,0.98750333208253682,-3.4577124992932791,-14.740086694746863,-1.4126716501047454,,0.2462264238209198,0.25,False,5
-0.96677018316933538,0.25343468414109488,-0.033560003114303835,-0.2472690264945433,-0.96032694447250799,-0.12895808720873794,-0.064911027346433559,-0.11637448429273108,0.99108200363765586,2.0667767792775118,28.422215222561032,-4.6284557751616404,,0.3012088572185544,0.75,False,4
-0.11127891946635121,-0.89962164358801899,-0.42225336051995016,0.99106546481870617,-0.13189485117161454,0.019824042930184783,-0.073527182225905208,-0.41627472493824003,0.90626105888508168,6.9593460220312462,25.236438033142164,-4.2556978837275441,,0.5670369490967829,0.2,False,2
0.7004019891012303,0.71223978556657497,0.046384712127157335,-0.70353111453313177,0.67795936592319161,0.21310811584919409,0.12033712871266947,-0.18189443645450845,0.9759269385769036,12.351498271019354,2.0304850253579962,-2.4562340569498766,,0.272961865312296,0.3333333333333333,False,3
0.50757651530905812,0.86087897948603576,-0.035404290499817657,-0.85772597343610324,0.50875919714633855,0.07396102900921836,0.081683753585415936,-0.0071737018404005315,0.99663248110931169,4.517990867814877,-8.0011535744198561,-1.6467639244624606,0.4208451648408944,0.3876086313078757,0.7642585551330798,True,5
0.36667127711230346,0.92988396359246184,0.029461649553355368,-0.92669645599512984,0.36224401533850759,0.10006473803243901,0.082376288984742349,-0.063992871517127459,0.99454464927829855,-2.0686893097670818,-21.493220450743642,-0.95552766691276703,,0.1015219871180942,0.125,False,1
-0.64202290810887042,-0.76092297133101583,-0.093823329530596244,0.76044124166974425,-0.64759444383701958,0.048482515190518133,-0.097650926422674061,-0.040220243810787253,0.99440767724137891,2.9409257178816546,25.365788418912086,-4.346050743838707,,0.2983656120693227,0.896551724137931,False,5
0.92536432682229852,0.36743938848016106,0.093215655541540834,-0.37906034283957407,0.89446961463191754,0.23714418606951618,0.003757543221104935,-0.25477912844963196,0.96699197337691856,14.045146000435498,-4.9348247894487773,-1.8908199721857175,,0.3452389605311513,0.6829268292682927,False,2
0.078872420570324314,0.99685334096591005,0.007909353859922863,-0.99444865302796825,0.078122876369115024,0.070488954302615661,0.069649248123997434,-0.013425080741640109,0.99748120255112704,-7.4956061675078489,-8.4740503603050499,-2.0064580561770495,,0.204834317310054,0.7333333333333333,True,5
0.43860064844578156,0.89710561554134849,-0.053207008439837382,-0.8945913291511709,0.44148090336553386,0.069289001804702377,0.085649430765650167,0.017208327278648326,0.99617671548866749,5.3357339498933065,7.2640699567603901,-2.9124220912093928,0.412200075828246,0.376108335720868,1.0,True,5
-0.76812909713919142,0.61665380899310707,0.17238262668384893,-0.64027293370693295,-0.73750723724318556,-0.21478744231505059,-0.0053160596731343102,-0.27535641424927088,0.96132751164279895,14.645223062852638,3.0871449748260829,-2.58261146583237,,0.5296899794125518,0.2,False,1
0.58443316131135858,-0.80667365221436804,-0.087837911989897488,0.81121622896460299,0.57828482089559985,0.086688498580799356,-0.019133996552232139,-0.12191917299948107,0.99235558416883141,3.7313708424774363,-11.762117274146727,-1.3905137878099192,0.4818147491212172,0.4519495407461911,0.8092485549132948,True,5
0.26219096130042768,0.96501223453715135,-0.0026994454937472739,-0.96213700431371163,0.26162364030197294,0.076455580341677501,0.074486809185227737,-0.01744872570590434,0.99706933421334643,-5.3368274242064366,10.740437208631469,-3.4243477519853514,0.1544537677299153,0.1623009693921813,0.417910447761194,True,5
0.72506779339692728,-0.68181568152207395,-0.09697459156449581,0.6886755102626293,0.7181795646298057,0.099720381631087485,0.00165424998650162,-0.13908806339414129,0.99027863456617571,-8.3105433639641912,-1.6426725293551367,-2.5384945094822089,0.2246359997879713,0.1610418958319631,0.4953271028037383,True,5
-0.71697358705792524,0.69675936940116734,-0.021800381028340504,-0.69706004559903356,-0.7162452691241562,0.033166357755109212,0.0074945507381305176,0.038975577083018381,0.99921205762354603,-7.7946756720208148,-11.918629055051555,-1.7633846735373544,,0.1075555669080183,0.2631578947368421,False,5
0.96119508924410457,0.27199370606514767,-0.046080627968426109,-0.26519752137111824,0.95704014261444548,0.11723668403335896,0.075988650939687735,-0.10046685665167608,0.99203434196750384,-1.8387246765631446,13.244664420286819,-3.5546587966161227,0.2806356468359273,0.2734369988647445,0.9025974025974026,True,5
-0.24545821657740699,0.96927544228632456,-0.015980641266564195,-0.96732785164400414,-0.24381930145924399,0.06949083155153811,0.063459367696477059,0.03251561496540057,0.99745458214145621,-4.9155340617622709,-3.1739415800577011,-2.2472719064164117,,0.2153297659323216,0.5933609958506224,False,3
0.59473148292542743,0.80392183100585946,0.0020378541428508895,-0.79909313631866863,0.59087798831688598,0.11096559111266315,0.088003538029528719,-0.067623165814501507,0.99382215951321451,10.401684016782133,11.221497257592082,-3.0858560210244814,,0.2685809338687029,0.5789473684210527,False,1
-0.38394806617846783,0.92334776120745665,-0.0035769192041607764,-0.92265327679048925,-0.38350256229596591,0.040456341161831104,0.035983514358500487,0.018833390178275154,0.99917490466324532,-2.4963145166018648,10.69033944647526,-3.3741246575764143,0.2774110948378967,0.2832772813630632,0.9049773755656109,True,5
-0.36910511378446104,0.92907953332851656,-0.023929808361665382,-0.92883687789806346,-0.36787777080831996,0.043908996819323948,0.031991705717861044,0.038433923754506341,0.99874889950882784,-4.8920310250281984,-4.7206094055944874,-2.1262108427981343,0.2318159799381808,0.2213892710581494,0.8253968253968254,True,5
0.41958264684883956,-0.86406842658295779,-0.27809379109533033,0.90632577342647436,0.38183784308983815,0.18103440006640403,-0.050239375854250451,-0.32800246305012931,0.94334001788688238,9.729842194531086,0.89183179511673516,-2.3406452989655602,,0.251847723148871,0.16,False,3
-0.84658910498967221,0.52997778931542849,-0.049096131671612933,-0.53195473818955474,-0.84557331932298085,0.045054613157789969,-0.017636434743656549,0.064259664498402091,0.99777735577035664,3.7509468842163889,-14.926717146192779,-1.1740192926450783,0.4233067293202909,0.3511127926080653,0.8969072164948454,True,5
0.6687618553734469,0.74326073160824846,-0.017918304792476698,-0.73788430029310303,0.66648915085475435,0.10639065360202643,0.091018350778416399,-0.05792837510304967,0.99416294598999078,0.26088692418307136,17.580945347669413,-3.8392655638107902,0.3551686800516392,0.2533366388507471,0.8888888888888888,True,5
-0.84898160719839522,0.52635331552558007,0.04671635553056807,-0.52836846141172633,-0.84430791733568777,-0.089279951331069848,-0.0075498095495435819,-0.10048048546609567,0.99491038411319388,2.8232262017735694,29.916400324648087,-4.7383406743742977,,0.2383598334063745,0.2307692307692308,False,3
0.54018630738253348,0.84118926115095616,-0.024482243376229562,-0.83727311084663758,0.54014414896602303,0.084959026542012525,0.084690561278212492,-0.025395378754424172,0.99608362277888207,-1.4025018587819051,15.72174317957063,-3.7395552527384082,0.4966038169460952,0.4128758657517863,0.9825581395348837,True,5
-0.32159719896898359,-0.94120655799716424,-0.10346717739666335,0.94320559402031523,-0.3280448274729893,0.052438521880380472,-0.083297353043697578,-0.080726738763221145,0.99324958828310939,-8.1217378965032232,-13.609174110498321,-1.6849457410359951,0.4238723705031568,0.3424314897308383,0.7831325301204819,True,5
-0.59999018561765105,0.79354457219788921,0.10148294978845569,-0.79979581243585174,-0.59790288762249078,-0.053280347059343189,0.018396618509204377,-0.11313332359635288,0.99340949035101878,-12.13297390319523,12.816833318376764,-3.863799529873662,,0.2798542786169678,0.2444444444444444,True,5
0.55851370601649808,0.8148571968572399,0.15514570223399321,-0.82940968330741871,0.54591390186665922,0.11856470378914469,0.011917106511429271,-0.1948993598724269,0.98075084608360874,7.3691376593742577,-10.383192216644353,-1.4588800434130336,,0.3422094676197158,0.75,False,4
0.33955750785535987,0.93369906033921501,0.11360793801810287,-0.94000017567314353,0.33260212211377987,0.07599669795373093,0.033171804194489909,-0.13259673105728564,0.99061482843706961,-4.455311016964246,-17.834321631808972,-1.2636143187509981,,0.203907646832971,0.25,False,5
-0.48508371787161064,0.874293641395395,-0.017447500435177205,-0.87409401264705322,-0.48419665288977032,0.038900621909111609,0.025562545069457061,0.034120813969234942,0.99909074980386448,-5.0950313392233788,14.041771388663976,-3.6941694785450299,,0.2978960264713812,0.9135802469135802,True,5
-0.39450997607563854,0.87556733981040602,0.27882559465394879,-0.91869732184045383,-0.38207023133327672,-0.10008780730995173,0.018897344257241676,-0.29564196553646682,0.95511188799729518,9.768254547704192,29.85003216310923,-4.5874742773201787,,0.3698239580480583,0.3793103448275862,False,4
0.82111103117217277,-0.53577053531838825,-0.19679077207028425,0.57061913881734183,0.77844807503657121,0.26155762823364898,0.013056527207723288,-0.3270604347158248,0.94491322307435699,15.248764826496799,0.82406357446936684,-2.3268508252695734,,0.1826298909692459,0.2727272727272727,False,1
-0.51582248087669902,0.85617122188035966,0.029966765693019572,-0.85635771688229501,-0.5162857309207638,0.01002520741715264,0.024054707613099486,-0.020491043690001771,0.99950061939457746,-4.6348869694561392,21.323224940958262,-4.2610555116397393,,0.1697553270716716,0.2631578947368421,False,1
-0.96553922508882883,-0.25079455656555533,-0.069542039170202116,0.24945275582667878,-0.96799664160761445,0.027492261581298902,-0.074211369919566922,0.009197403626332935,0.99720012050801266,9.6014468998679465,15.959006282118084,-3.4239337408546953,,0.1863286803926879,0.4375,False,2
0.91209959817326247,-0.3390764560939088,-0.23043758359905098,0.40893640528132918,0.79234163464276941,0.4527314330231661,0.029074721800189864,-0.50717047521954661,0.86135519364419111,6.2866090844600198,1.3812497113209905,-2.3938239805550419,,0.6826933850223023,0.2367688022284123,False,1
-0.86614979292208782,0.47755145510802011,0.14740808643095815,-0.49926890350739334,-0.81337141608663988,-0.29859253420629855,-0.022695775191638987,-0.33222213535137446,0.94292807497232978,-11.523764075621683,-8.0432188802662239,-2.2377913848366648,,0.1066452688424848,0.3076923076923077,False,2
-0.10302403876176418,-0.93909802027742184,-0.32784288271707573,0.99162657022450318,-0.12276975413112332,0.040054122077164502,-0.077863936851429422,-0.32097117593580166,0.94388278486069765,-5.6861444193347523,7.7545998750260567,-3.1740128559483072,,0.5890188629911672,0.4074074074074074,False,2
0.99792579134381698,-0.034314249569620398,-0.054466937193957905,0.041610771308466986,0.98941090539999887,0.13904892659301316,0.049118822073938292,-0.1410269213732914,0.98878650312695915,-6.1829821095955086,-12.451593609555063,-1.6631781328218991,,0.1254499716731908,0.391304347826087,False,3
0.30605045321685154,0.95183272112661121,0.018643794637086236,-0.94944297250235088,0.30372633706804592,0.07942514801451428,0.06993684330636793,-0.042009322345616169,0.99666647118502105,-12.621991047402641,14.824566130618015,-4.0439707944322771,,0.4095331723546956,0.1538461538461539,True,3
0.52205539850202365,-0.84188693513498569,-0.13669143844408976,0.85258967608282232,0.51071015688023313,0.11075188439189659,-0.023430858539152225,-0.17436032836740312,0.98440310379423857,8.4161673552112646,-6.5991550643720744,-1.7211200350919169,,0.7251824616139162,0.7037037037037037,False,1
0.67495272571165732,-0.67946795821684502,-0.28768404858635521,0.73775868964893743,0.61496027232692496,0.27845283138635435,-0.012285515939008281,-0.40018390424431893,0.91635250252393952,-9.1336063551251918,8.9656742725351712,-3.4178218276835746,,0.4994052759555948,0.4690265486725664,False,2
-0.56596552979483694,0.82390938085433441,-0.029263479360406665,-0.82420316174132158,-0.56462341239969649,0.043468958415531639,0.019291637039362569,0.048720984291675165,0.99862610542183994,-8.1323631452914196,24.798218916742336,-4.634072790708033,,0.3727585039951749,0.98,False,3
-0.41642699340943734,-0.84913891457437018,-0.32488715412499469,0.88558944028962172,-0.45970081323223133,0.066381515206726874,-0.20571801673040729,-0.26007357818334192,0.94342028360822427,-5.5795045889067092,4.5481386762013827,-2.9407402881820235,,0.1137901335878859,0.3181818181818182,False,2
-0.82306206425454553,0.56784272277433867,-0.011112181481282235,-0.56786657342171076,-0.82311977075985354,-0.0011822751507480217,-0.0098180026141841195,0.0053371505949243864,0.99993755887465097,-4.0477860092700118,-26.693306124923836,-0.66614144139599141,,0.1343710036990707,0.3076923076923077,False,3
0.64166989650905371,0.72489538439749102,0.25057219636918032,-0.76389460669192988,0.57474112636710506,0.29349219330206094,0.068736989903857973,-0.37973585469571647,0.92253775363259338,13.024101960697287,-9.7733939554423372,-1.4966794401956212,,0.3439031871611935,0.2352941176470588,False,2
-0.97254536755549625,-0.21075670364424121,-0.098676845892836096,0.22078321487189437,-0.9696552504426228,-0.10499270126959359,-0.073554606090821942,-0.12389635651652016,0.98956526453021587,14.023507877700219,13.105172072963139,-3.3053164917976767,,0.3229849701380593,0.2608695652173913,False,1
0.62595917460196127,0.7662724233201953,0.14491958111528283,-0.77535064679597099,0.59155750697341725,0.22111329778298461,0.083704756404298836,-0.25077138832489021,0.96442066783790259,16.970338422123223,5.4536185245742361,-2.7327985075795507,,0.2378909612699506,0.2173913043478261,False,3
0.57239737785612665,0.81972217663941627,-0.020415556543164758,-0.81515012819042909,0.5715493075810012,0.09413637721308532,0.088834173236186087,-0.037241671944405579,0.99534996234300799,-8.6753994218600088,-3.2789404262413826,-2.4316006290934058,,0.121464363296113,0.3611111111111111,False,4
-0.99663786118539521,0.06417975976355636,-0.050930659611809731,-0.059053747948983604,-0.99358351598559713,-0.096459585396566752,-0.056794616866211428,-0.093127628544872956,0.99403300563745334,-7.7904783821570529,6.2746079942187665,-3.1419309225445966,,0.4362582247933329,0.746268656716418,False,3
-0.088812635131030798,-0.91775763610102967,-0.38708298492614424,0.9936008724250518,-0.10885720955682399,0.030123317275467527,-0.069782678060240563,-0.38193066033738754,0.92155268353848818,11.92640921812964,-2.8748041696627822,-2.0383051052713177,,0.2615624268564645,0.2222222222222222,False,1
-0.12276526282166995,0.99211889944032305,-0.025075478413173913,-0.99081402470640878,-0.12108168375063834,0.060222871944128648,0.056712068287224499,0.03223841239009223,0.99786994447029631,20.698094336139256,5.319504949854883,-2.7920242524251324,,0.3948342973621758,1.0,False,1
-0.29391387686387843,0.95583188313816991,-0.00021015086080398288,-0.95427147826387926,-0.29342148746743435,0.057181959256993181,0.054594677019972254,0.017007112304493043,0.99836375103072883,-2.1046819607889748,-20.371700405044951,-1.0187712153043429,,0.1780465355931909,0.4117647058823529,True,3
0.68944950671168548,0.724272932247776,-0.0093860166322324301,-0.71889723248666426,0.68580201032227217,0.11341239685741565,0.088578478300472205,-0.071444539687349498,0.99350366427650105,10.936595090653221,8.0577594433056206,-2.9602840393797032,,0.2321581449151834,0.7027027027027027,False,1
0.91068172382239831,0.41306407765973313,0.0060717084070079433,-0.40059068728219049,0.879400152036663,0.25725954571342369,0.10092521567303223,-0.23671383640380805,0.9663232691477236,12.29965296903903,-0.74853659082135615,-2.1509083687540564,,0.257096370676626,0.1578947368421053,False,3
-0.94111396145976989,-0.30562056429319162,-0.14457033660682544,0.32872036657984316,-0.9271264401868391,-0.17994300348191933,-0.079040699270143122,-0.21687008688980511,0.97299534082712669,2.141704919470294,19.617759928881462,-3.8943173097316715,,0.4198452250450784,0.1071428571428571,False,4
0.43660053449962133,-0.82496585354782048,-0.35890293082498131,0.89620069437374017,0.36388869968063142,0.25378993212648426,-0.078767307169098397,-0.43245387583516437,0.89820897156311763,-12.515759847425981,-9.457582547017525,-2.1896766343153189,,0.617192195583047,0.3478260869565217,False,2
-0.65998316488965181,0.75038585849034989,0.036650858652140017,-0.75123273964989701,-0.65970496510339316,-0.020945880168678849,0.0084612611559093422,-0.041357253240892337,0.99910859503060045,12.390026389471759,-16.536528941963056,-0.98892879840738634,,0.2477782632199087,0.5238095238095238,False,1
-0.86914880093342539,0.49227285901868351,0.04741090707379933,-0.49410714845544385,-0.86031064044685024,-0.1253942892605599,-0.020940097450085227,-0.13241236425463582,0.99097350020637731,5.3741997786486904,4.7783044666101722,-2.6500168269615441,,0.2677787284117943,0.3474576271186441,False,1
0.14062803429166296,-0.98544474864068121,-0.095511273406691188,0.98850713318897598,0.13434691458730863,0.069314891440319631,-0.055474350881968046,-0.10416119199286893,0.99301210590649369,-6.6209666345525475,-23.260557556876034,-1.0138599483344657,,0.1130068882503866,0.5555555555555556,False,1
-0.14686119480536614,0.98915661259193366,0.00099258550835241988,-0.9871037333325029,-0.14662087794587422,0.064253698659421418,0.063702504671127133,0.0084565900948401704,0.99793310245857303,-5.5463677202177095,19.846099819425483,-4.1587785861234412,,0.1176599026735557,0.1666666666666667,False,2
0.83751472341519428,0.52103976076645409,0.16458024110812125,-0.53960718723133616,0.74127488135967567,0.39916867832219166,0.085983553956887004,-0.42311832619922723,0.90198542697945394,4.0828665993472999,21.639275311537371,-4.0427802473199028,,0.5934868040188637,0.1470588235294118,False,1
0.98566297998635533,0.16686405262013324,-0.02499755643264253,-0.15352207309791766,0.94840901248376142,0.27740100596662293,0.06999616386728208,-0.26958622550635281,0.96042896877442341,6.0158043778156287,-7.7736824335293093,-1.6331971111342274,,0.4897161146943664,0.2272727272727273,False,1
-0.89222913895217837,0.44921930310932739,-0.046143052766635967,-0.44929446595866745,-0.89333517081982694,-0.0093142597787688047,-0.045405357212228784,0.012421364268100508,0.99889141714510155,-5.7643740014674325,-7.6822333566591166,-1.9562907642162233,,0.1659056881559177,0.3614457831325301,False,2
-0.99756446438990143,-0.0061056494622345955,-0.069482806730394434,0.030459354474546365,-0.93429165704944617,-0.35520603498926395,-0.062748443100071924,-0.35645731948221315,0.93220213058975165,-11.098177705659413,6.7334010775550563,-3.3230719365052268,,0.482456971673421,0.2272727272727273,False,1
-0.30031662739077347,-0.92793975841993936,-0.22076622942872343,0.95048928337393535,-0.31051765843649198,0.012202704225738076,-0.079875187035361894,-0.2061712602247523,0.97525041192167838,6.6442103137813682,-2.7271603182774378,-2.0690150270132617,,0.1577083080418909,0.2083333333333333,False,1
0.4712783350086806,0.88158634421232762,-0.026499974524302673,-0.87780665750168319,0.47175517127508698,0.083081468577148501,0.085744988175217585,-0.015892642120056685,0.99619035376240972,12.737321515663503,8.4823020332829966,-3.0032894750500816,,0.2696143344064114,0.6363636363636364,True,2
-0.81799022801416654,0.5388067432927075,0.2014429950522946,-0.57509461818643515,-0.75835317568633798,-0.30686583560156261,-0.012576446490598456,-0.36686203715941101,0.93019034540513079,-8.2142584575982838,26.142228517098772,-4.7352297681201039,,0.4415401201337576,0.2105263157894737,False,1
0.72455095661985391,0.68277827862993379,0.094019856904800581,-0.68907052043073902,0.71476810575901362,0.1195339820426891,0.01441281147331084,-0.15139477276582536,0.98836829858338693,15.310541432675516,-7.7407400562771924,-1.6598990105150073,,0.3598521153016123,0.2380952380952381,False,2
-0.60696096447222958,0.79100714473625333,0.076851054534992747,-0.79459933609917333,-0.60578032931034353,-0.040522681197136548,0.014501126773250571,-0.085661482574441269,0.9962187649936407,-13.255679608661891,12.91651071029345,-3.9053007376776487,,0.2164303547544664,0.4411764705882353,False,1
0.74891531567964043,-0.65321813489361602,-0.11149851203746999,0.66266023451195211,0.73891628718252367,0.1220005497240015,0.0026950949943951204,-0.16525371034412384,0.98624740693219137,0.79772212554230504,-33.343191421581871,-0.068844583225503103,,0.1445141229640243,0.4117647058823529,False,1
-0.48117690379978034,-0.83903344247337397,-0.25395210111542132,0.86375947962330901,-0.50323214521046766,0.026018635393542766,-0.14962736584772274,-0.20683396828894196,0.96686677518224884,23.572083080760745,-15.594633308986795,-1.0708318495732743,,0.4618790763738547,0.2333333333333333,False,2
-0.94177313734417223,0.33607188436866603,-0.01091083469809772,-0.33434682791440334,-0.93939905918076905,-0.075773387636178163,-0.035714933018157632,-0.067713338030112313,0.99706536767271603,-15.560107991348065,1.4385860826851475,-3.1262234739010113,,0.1691807019191416,0.5,False,1
0.49195329179079067,-0.83961737378868762,-0.23027076307771452,0.87022102139714119,0.46619344733446638,0.15930801480441356,-0.026407056154033198,-0.27875856093507501,0.95999808962866406,11.623195446003786,5.3314971722202875,-2.6734589571326204,,0.296187020668426,0.4516129032258064,False,1
0.38798731735737185,0.92125614508504794,-0.027440056721273458,-0.91791028015681464,0.38892008727932281,0.078624953374112239,0.083105710707913505,-0.0053179745844272389,0.99652654756110315,-3.4714982412251127,29.705663916257212,-4.8774791016726979,,0.5415483500478753,0.9666666666666667,False,1
-0.26301554684406242,-0.88162093689555909,-0.39187669712004591,0.96160716273326585,-0.27252278270769281,-0.032295471591767905,-0.078322964055236241,-0.38532564998018626,0.9194507364557114,-0.22207512415705499,-28.071910562548194,-0.4405740076706125,,0.2269175563455065,0.1818181818181818,False,1
0.42061175775230386,-0.86207594253198983,-0.28268501649026118,0.90663625671331816,0.38803393615293386,0.16565132781394759,-0.03311264491671137,-0.32596738134550041,0.94480094149263938,7.7534966812902546,24.986702937474774,-4.2313537066775622,,0.2509569651205275,0.1428571428571428,False,1
0.056873927466441015,0.93679784442311198,0.34521754743748734,-0.99606317469978589,0.029692119210536296,0.083525625192344854,0.067996385062198558,-0.34860891661143589,0.93479854240230553,-10.889673157246914,1.1010857369499309,-2.8864517675351737,,0.7745239074690056,0.4418604651162791,False,1
0.45423275950927816,0.86891581558080921,0.1966161377459191,-0.88680667331507823,0.41991685707367227,0.19298641742156991,0.085126519677651391,-0.26202125596772696,0.96130033655911329,12.479736113886579,4.7271292033509242,-2.6601291934581637,,0.2946035203294272,0.3333333333333333,False,1
-0.99621818827676323,0.066012479181835643,-0.05649490188354344,-0.066083553423821148,-0.99781390567353001,-0.00061123761080947303,-0.05641174800912005,0.0031244578415474539,0.99840270054209701,-3.9183496829917717,23.169624298493268,-4.3593597960760793,,0.1547366154383792,0.375,False,1
0.93794795330564495,-0.34004789780743444,-0.067978408972975607,0.34502651123577638,0.93477603723652014,0.084560432548900513,0.034789990431460666,-0.1027676379271858,0.99409681075871392,8.6907576178042252,-2.7254338337473665,-2.0535482662241908,0.3263933549861075,0.3205265697808037,0.7571428571428571,True,1
