axis_00,axis_01,axis_02,axis_10,axis_11,axis_12,axis_20,axis_21,axis_22,location_x,location_y,location_z,dbh,dbh_approximation,score,reconstructed,number_clusters
-0.4806398586250073,-0.82613149615194703,-0.29409535420791411,0.79162336865453797,-0.55303891384765624,0.25976990197142968,-0.37725027302968839,-0.10795698604513865,0.91979754330128294,20.58148380639652,-5.426925066006862,0.33988695041195066,,0.302976605411733,0.25,False,2
-0.48048370780525357,-0.87332683843986136,-0.080222439468968718,0.82976540629157791,-0.48231345592106994,0.28082574803469706,-0.28394502470634814,0.068366391583224773,0.95640015654871202,-8.2519611403407058,7.249342190406324,-5.2469334858334973,0.3201084755104445,0.2248736585721087,0.7175141242937854,True,5
-0.23968024817751074,0.93111848683015952,0.27490315043062069,-0.92086505412183484,-0.30772253914443759,0.23940424181640893,0.30750761085013217,-0.19576823640625082,0.93118949032064879,3.6086482656692458,9.0894987988637279,-4.8755276536318002,,0.3578306590418776,0.25,False,3
-0.84166364155046858,0.5400019019011898,-0.00051032842640127973,-0.52330556826233909,-0.81540630610487386,0.24751532920212307,0.13324262350177332,0.20859171102300017,0.96888384307658992,12.19778439966967,11.722892064591969,-5.2204063108057914,,0.2500868859320464,0.2105263157894737,False,2
0.42717925651243271,-0.86758921338504558,-0.25457187516181268,0.87260775924673462,0.32185257023295133,0.36737803627440024,-0.23679860917639842,-0.37907766994688491,0.89455382109728998,-3.1733198721198526,-5.2020635347544033,-1.2304713594216998,,0.472855722292659,0.3169014084507042,False,3
-0.65358643197188471,-0.71004075970163472,-0.26204369006824874,0.68537879795593182,-0.70213097464377239,0.19304921071650763,-0.32106179974382038,-0.053424844483722367,0.94555016087838895,-10.682503461749953,21.861274037550007,-9.9376288108043767,,0.3390970999100718,0.1875,False,4
0.96514438421584703,0.26140798929925563,-0.012735020499901009,-0.23625209842546341,0.89113799715821973,0.3873732257273359,0.11261111670780022,-0.37086241808972303,0.92183501953574376,-5.5102024499893059,3.8264007742645467,-4.1359924371640018,,0.07961973720562798,0.1717171717171717,False,5
0.99689898500632945,-0.04244330821617219,-0.066264464692752698,0.077086138251980421,0.69596019114918439,0.71393076668889055,0.015815845938381826,-0.71682492836344469,0.69707379888645615,-10.912610768364551,-4.5910313236204781,-2.0584632031734111,,0.6968967137066617,0.3189655172413793,False,2
0.8834240644731739,0.46356792607704178,0.068313250708245565,-0.43795592167969072,0.76503982484816346,0.47213205468595743,0.16660292006861688,-0.44701101139560478,0.87887690987742328,-5.4061240735617213,14.426228289436438,-7.2057598156068767,,0.5717154776226063,0.4150943396226415,False,4
-0.94594075286779333,-0.32158168947129989,-0.042205557225302455,0.29663351803341159,-0.91040499767708649,0.28839434145576992,-0.13116648978697099,0.26028437755918038,0.95658109680026382,5.0757930023391564,2.0701338439337955,-2.7173815911298944,0.5008101403441314,0.461673790056493,0.9558359621451105,True,5
-0.62249722477015712,-0.77164370365901869,-0.1306261832744301,0.74861705712543836,-0.63576219605498807,0.18809288090777565,-0.22818787639640381,0.019298307457681928,0.97342584124059905,-8.8683212964322955,10.150711022524954,-6.1623804406669649,0.3378263395392266,0.2942540932655421,0.6585365853658537,True,5
-0.76546119436855264,-0.63867610715645484,-0.078498344335057132,0.61296497988789822,-0.76083540457078158,0.21308078417033083,-0.19581392531405134,0.11498833549143761,0.97387606467866916,7.3543735652981814,-15.03631916692647,2.3857721218739747,,0.7231902712281989,0.975,False,6
-0.14156225720482091,-0.98370400021879123,-0.11084478918119578,0.94734237380807029,-0.16710959161030467,0.27316077899201929,-0.2872325784495306,-0.066338709253231709,0.95556089368069508,8.8203643375076197,8.4550359441600751,-4.4133665909818234,0.152928537528995,0.2125200527155559,0.358974358974359,True,5
-0.15785062028941807,0.98238487963023824,0.10001564851626414,-0.94524614506523008,-0.17962397901646779,0.27247926783814846,0.28564472148731856,-0.051528384761939439,0.95694927694745546,13.248594853463961,6.4593936924421858,-3.6054187070683024,,0.2395326907946435,0.3,False,3
-0.977807824182233,0.209150956325659,-0.012154687822798646,-0.20772665875946503,-0.96033950394859868,0.18600449563488508,0.027230391268511567,0.18440150385455498,0.98247371016610019,3.2165011821455263,13.805619806207662,-6.3584094749959297,,0.1632283297949404,0.4285714285714285,False,1
0.91883470241765985,0.39360201657508864,-0.028639870479341328,-0.36430135978040235,0.87386072693897843,0.3219502277927902,0.1517475169325668,-0.28538549798772755,0.94632331084206978,-2.9052915765832683,10.383054274727286,-5.9111977344016164,0.4654444387468146,0.3069081405634707,0.8938547486033519,True,5
0.30910730508986389,-0.947738501005018,-0.079021564479863179,0.90989642117105107,0.27054441949875896,0.31447451378163249,-0.27666076100559767,-0.16910780819005056,0.94597112668884464,4.6456561697056884,-1.2168046481057577,-1.7590865059886129,0.4967634817387263,0.5235083969060407,0.9190871369294605,True,5
0.64203979731178518,-0.66097549907834252,-0.38845371447056332,0.7379524647044079,0.39541312974746468,0.54687714951349409,-0.20787269783338955,-0.63777727024522501,0.74163946433156969,1.5632984884089689,-18.230413407346163,2.8656736858646639,,0.7598878398021329,0.2446808510638298,False,1
-0.72908927182303962,-0.66635967939535157,-0.15618454273285798,0.6522998457623016,-0.74562596909127488,0.13618673002599097,-0.20720459679028566,-0.0025868693084883376,0.97829421094891145,-15.389254848218878,4.3602501396827709,-5.0296567987281717,,0.2715259463863287,0.2307692307692308,False,4
-0.23075328644811724,-0.93434547063401063,-0.27157220457753506,0.93219369716645983,-0.29228011519050895,0.21351169810422466,-0.27886884328752098,-0.2038893714001106,0.93843555584469851,4.3803526414444427,11.120858042287853,-5.4635954290145836,,0.5827332281641261,0.2307692307692308,False,3
-0.33900224092407105,-0.92907356046976286,-0.14798580974031275,0.89323413078117808,-0.36723735289555737,0.25936367179282555,-0.29531384704420943,-0.044261110179273963,0.95437449980060096,19.39504893000985,13.834114937758633,-5.5347794870657694,,0.1647261957638514,0.1875,False,2
-0.36020700163657005,-0.86698083700507023,-0.34437645714825016,0.88755842565694731,-0.43215936719093162,0.15961930457966261,-0.28721239008328581,-0.24815823503386314,0.92516297665196534,-3.4081265829738698,9.175631436676797,-5.571019422835934,,0.3323842030363596,0.1612903225806452,False,2
-0.29895125761142738,-0.94935525726873204,-0.096709570719583332,0.90287138341082185,-0.31420444373301126,0.29342602569686649,-0.30895211698639513,0.00040377549334429108,0.9510775080796392,-3.0777025993267229,13.532977896917778,-6.7671072946002253,,0.2285790278277403,0.6136363636363636,False,5
-0.0087539090622944377,-0.99242421599176922,-0.12254609169309605,0.95347169522322861,-0.045216767659866909,0.29807242463961325,-0.30135543048744518,-0.11423493089032459,0.94664422307444052,-1.0167802428264099,6.1204149085963957,-4.4828860297534554,,0.09384280716579398,0.2421875,False,5
0.56283198035432624,0.81969921757500996,0.1063642543213823,-0.7747632490083548,0.47832759395157132,0.41345449671096635,0.28803136960484887,-0.31511252842661963,0.90429089597990409,19.528841164882163,10.318696060745079,-4.5081331535683393,,0.2918906304427402,0.1818181818181818,False,3
-0.99430607285706862,0.10260074890586619,-0.028784019933135618,-0.10638419248597313,-0.97134150636222805,0.21255136227996013,-0.0061511843301263608,0.21440327502609377,0.97672585641490195,19.480468362002117,-16.171650925036211,3.5785763794240721,,0.2437804708300206,0.35,False,3
-0.94991365991690824,0.29796884095721027,0.094226368506279523,-0.30677500943067726,-0.94658887063231612,-0.099290500974884455,0.059608156254596562,-0.1232236982631684,0.99058709253365251,-13.467664565273436,9.5832227073769332,-6.3806663706355327,,0.438217761795868,0.3235294117647059,False,1
-0.15269287544615698,-0.98554663033105516,-0.073367058214748357,0.94052139722060102,-0.16771141752861837,0.29545284192362942,-0.30348704611266697,-0.023889744110042486,0.95253603237261542,9.3890699122823751,-3.1252113238894701,-0.83813640876117868,0.6279714546663043,0.6075333517955964,0.9789029535864979,True,5
-0.92373005659956309,-0.37786654353242854,-0.062766693503987975,0.35573415564176025,-0.90703942255540471,0.22523919827641434,-0.14204222275229333,0.185731960656246,0.97227961294391785,-12.969414821425069,10.985848237871242,-6.7551067775787512,0.3907682170573574,0.2850926787852304,0.7142857142857143,True,5
0.4897722469533588,-0.86670225244200905,-0.094606298554619522,0.83915840622505988,0.43918724181816637,0.32082352763780936,-0.2365085947192512,-0.23652013072061961,0.94240220308943756,-2.7555430739505251,-3.68243430265019,-1.6824105438111374,0.378838123902979,0.3235735712012109,0.7112068965517241,True,5
0.96337839777839174,-0.25910931361301459,-0.069024823744299468,0.2612157190472208,0.84871133430010448,0.45984282005178634,-0.060567407213637375,-0.46103300817786202,0.8853135910816512,-16.670965185241549,1.201728883762649,-4.281480544174288,,0.2153117077218735,0.2,False,4
-0.95504693651976214,-0.28182219216632742,-0.091986961286824515,0.27025714898955083,-0.95520892776524191,0.12056938972068021,-0.12184589637840877,0.090289292389203468,0.98843382237537769,-6.1638631212609756,10.534319979206417,-6.1343253998859559,,0.4732086637233223,0.4693877551020408,False,5
0.0046483797264774427,-0.97494925451539838,-0.22237882922119229,0.94953007765072139,-0.065445447639064389,0.30677275794949294,-0.31364155369232283,-0.2125813832469631,0.92543942605352314,-15.858590729719634,11.955122412400398,-7.2159266104394915,,0.2503803896961589,0.3448275862068966,False,3
-0.35050143284281626,0.93241244383444266,0.088066907279725451,-0.88437617160448689,-0.3604549779561636,0.29656533169744137,0.3082653608067642,0.026062299386367477,0.95094333368364892,-3.9650512607040826,-6.6109846055432167,-0.93586682202488414,0.5164259047504203,0.3788401855260922,0.2690909090909091,True,2
-0.40062561065042573,-0.89897608608024471,-0.17703422478949099,0.87468492315064983,-0.43277830291267999,0.21824120999701282,-0.27281020014638946,-0.067416149280889875,0.95970290064801911,13.644368876656111,-12.915901603313158,2.2389554893744532,0.3954773761961335,0.2903831856273534,0.5098039215686274,True,5
-0.31880078313656768,-0.94091423673453989,-0.11422110042268929,0.90277272462650038,-0.33814616490805316,0.26581681442004657,-0.28873425211075482,-0.018373085430449791,0.95723297132401852,19.254326129714354,-1.6611230048755696,-0.81987564351109621,,0.5323372832122706,0.8548387096774194,True,5
0.016846190406794748,-0.97889755506039888,-0.20365603984549857,0.95655161044589732,-0.043517529624053128,0.28829714041034177,-0.29107597362568188,-0.19966422141233248,0.93563292816449573,7.2135134316042508,16.126919251384248,-6.8479866315729678,,0.3422459253524927,0.918918918918919,True,5
0.93964321424957187,0.34152119350999688,0.02083036961366598,-0.30709026772023057,0.8149333562215183,0.49150706239997227,0.1508847155488314,-0.46823807972124654,0.87062443298629566,-3.1768437348367327,-13.573179352864493,1.0660987104512794,,0.4097058233183388,0.1949152542372881,False,5
-0.579109787289948,-0.79457222910097891,-0.18244677855882449,0.77840732266999912,-0.60543062458358565,0.16593914194683912,-0.24230950100793588,-0.045920927231830382,0.9691116417438469,-2.7159558590560278,-9.3609026849610313,-0.068949091225923381,0.4899230851641093,0.2578561639742428,0.2592592592592592,True,2
0.98064889873013994,-0.18648359833930114,-0.059595343524382463,0.194432491857504,0.89212058434086572,0.40781965267185566,-0.022885443614764925,-0.41151516441771324,0.91111553928402345,0.6300623204227318,4.1701226538738441,-3.7003441849978991,0.6558659382735603,0.5303482640883075,0.8596306068601584,True,5
-0.95218502999384336,-0.27720211533106481,-0.12846266349257446,0.28082002522908134,-0.95970195083464815,-0.010596178297279546,-0.12034858572480765,-0.046164410752795086,0.99165773586146411,-11.463219222213125,8.1891173195550397,-5.8003067178201952,,0.4242549446391816,0.1904761904761905,False,4
-0.13103439155899388,-0.98690343384782198,-0.094082944725084147,0.9438823691602537,-0.15321571952441718,0.29259360293595404,-0.30317661753042874,-0.050463408029919027,0.95159727985782683,11.817293447977269,1.8930832963676649,-2.2453895316107828,0.5519119948365317,0.5316391737729369,0.8448275862068966,True,5
-0.67580339258113953,0.72753577195220076,0.11824328778302742,-0.70221354866296559,-0.68425224712334343,0.19671043282149983,0.22402211196662986,0.049905539137177816,0.97330546618902769,-11.952604570160112,15.529598932965961,-8.0854715532187971,,0.3558830787860333,0.2727272727272727,False,5
-0.97826296820386038,-0.18254142021196851,-0.098387981725254758,0.18194319693209043,-0.98319316933688283,0.015095193255635131,-0.099489889592370331,-0.0031339553749204548,0.9950336377191501,-10.123065434186227,2.8909624566635381,-4.1236403533338386,,0.5678465413720881,0.4659090909090909,False,2
-0.99073914275699104,-0.12364457546194416,-0.056106772924274836,0.11246353425461886,-0.9788068830486345,0.17114040773462819,-0.07607827858265917,0.16324553487140223,0.98364779818410963,10.214959482582316,-6.8556568253342531,0.22020347377803506,,0.2370382067022104,0.1071428571428571,False,4
-0.39595906931665925,-0.85884993473147486,-0.32495108099162739,0.87256426655917085,-0.4621565381005649,0.15824959720314649,-0.28609092287233134,-0.22088033842477495,0.93239683608826951,18.269339712606705,-12.252175758490448,2.3031750497187584,0.4752513600149532,0.3050957025878774,0.6666666666666666,True,5
0.97400382596164303,0.21592049529461854,0.068519243456190107,-0.2167434311322437,0.80031486368306481,0.55903345519653835,0.06586981154599103,-0.55935182012726525,0.82630908820320481,15.435439876075316,-1.8394425839134394,-0.95096344667030219,,0.5274369132858417,0.2291666666666667,False,6
-0.38651886505637739,-0.90680717920392884,-0.16823764947164649,0.86147843510517463,-0.42011623393937692,0.28523193339690212,-0.32932973264536869,-0.034685583818200069,0.94357767961674532,2.5649595388745832,-11.721169680870158,1.0643432752014335,0.5129412280109833,0.4674521367802331,0.9330543933054394,True,5
-0.99657742210309719,-0.074041704790093699,-0.036759593388953141,0.067583748697272211,-0.98584169482319406,0.15345549732790778,-0.047601246479147007,0.15044593281278212,0.9874715907982986,-9.0665382515368851,9.0807420042370737,-5.8748831969407176,0.2358590836804611,0.1384657965240349,0.3684210526315789,True,5
-0.91708863698949117,0.39617658960736168,0.044637895916334852,-0.3890147457908269,-0.91372957258955811,0.11732772789328855,0.08726946466007339,0.090235126322199474,0.99208954359753276,9.5835031560970627,-8.0979947930714271,0.59263911105738587,,0.1282659203801899,0.375,False,2
0.12330676374851611,-0.99055748847767466,-0.059927489807828555,0.94829688163590498,0.099819053487279708,0.30127924063984246,-0.29245250262817751,-0.093978819856940746,0.95165094185043009,6.0245950704930893,8.9706735482366984,-4.6888873736436398,,0.08773708209558076,0.2857142857142857,True,5
-0.98999019096007468,0.13819051678337652,0.028684540679212125,-0.13357104888416077,-0.98301737899189534,0.1258396102182808,0.045587242763948349,0.12074855556505457,0.99163581501785869,-12.315254466136611,1.9158396089016345,-4.0389855682663045,,0.2195181298951085,0.1875,False,4
-0.043019269148732969,0.95192348213984479,0.30330022524334233,-0.95346083421128802,-0.12979999455418917,0.27214775222082577,0.29843220353545014,-0.27747728837597818,0.91320565828760114,0.19133108994980497,-12.016044971727702,1.0179026959626205,,0.2187194310455225,0.2682926829268293,False,4
0.59425791030896591,-0.73314944697634077,-0.3306802450003743,0.78007664670979759,0.42531191846349736,0.45890107569158922,-0.19580082046104783,-0.53066153093208634,0.8246577340300616,8.6402197620237438,-9.8329267446739479,1.0041234170297826,,0.4368819868129584,0.1168831168831169,False,5
-0.32955658550000433,-0.93644366850617466,-0.12027349112865822,0.89651091851782727,-0.35033200873408066,0.27117458700008157,-0.29607537880056678,-0.018459127038978423,0.954986193982436,9.5680678663540544,11.328372051733893,-5.2902835384225781,0.648355251350297,0.3780029456228616,0.196078431372549,True,5
0.97693502907309648,-0.18563002911026805,-0.10554355149637901,0.20922232107243735,0.73324789993843198,0.64697259416527142,-0.0427079540016813,-0.65413225690864674,0.75517350399533345,-3.8340018718523359,11.486441104334268,-6.2373694228573777,,0.5760687590343211,0.4814814814814815,False,2
-0.93343482229237373,0.34049652886502646,0.11296701449039252,-0.35098586951659633,-0.93192732399845557,-0.091216128972655686,0.074218272222432394,-0.12479413694539369,0.98940288631698015,17.290854915956114,14.004799992710904,-5.7096366133080814,,0.4248030823131959,0.2352941176470588,False,1
0.34295259072411799,-0.83738892308205781,-0.42563283709681971,0.89952064231501883,0.1622142682118887,0.40564657676067928,-0.27064023086893768,-0.52198306743413958,0.80888042549393868,5.5575025921045995,8.1977323667265978,-4.5381138439747266,,0.2473912258566143,0.1304347826086956,False,1
-0.3390475229624802,0.94068898469530271,0.012288663309194203,-0.90082940723329763,-0.32839139129516143,0.28401667765631827,0.2712068513823192,0.085225161754896903,0.95874058825478947,29.299458426975388,-3.7647791125434114,0.33982501242189778,,0.1035433076768827,0.4166666666666667,False,1
-0.75505722696327815,-0.6519749452205027,-0.069406446496316207,0.61635444699375985,-0.74190636254755582,0.26397375794284922,-0.22359736063187297,0.15653632171536452,0.96202941758674032,17.267054467435699,-7.9411825585535656,0.96194398913393864,,0.442913810132848,0.9302325581395349,False,4
-0.43837748031212181,-0.86846659948920191,-0.2314971929135545,0.86133050785327725,-0.47951694370085746,0.16784891106290334,-0.25677799944000085,-0.12581441203395116,0.95824620673819538,-4.6103505251023664,6.6405382549107932,-4.8534331330783802,0.7397311071182732,0.7056071848797805,0.6253776435045317,True,4
-0.36372929915956892,0.93067050117218375,0.039413388344636285,-0.89181045553216087,-0.36013775733128495,0.27381546184960343,0.26902622239552765,0.064445434223913869,0.96097433767571705,-12.017443116408907,3.0073477877646009,-4.3518952776441839,,0.07903373858912212,0.2352941176470588,False,2
-0.95552874449546343,-0.26289707325701123,-0.1336036949931452,0.26836027635401538,-0.96301082368610813,-0.024349857055027402,-0.122260298208863,-0.05912091285071238,0.99073565452424217,-4.8527546755820419,-4.4237230483040326,-1.6012289924558476,,0.160044176451352,0.2413793103448276,False,1
0.971422601271964,-0.23335738245103899,-0.043387346007907626,0.22840388948472753,0.86930245358118408,0.43834336708336452,-0.064573934418299006,-0.43572649248505907,0.89775978454172711,-14.325544126831788,0.72786340132348215,-3.94068668448462,,0.1952694467453859,0.6666666666666666,False,4
-0.92177579249664154,0.36963447785426456,0.11704589334356391,-0.37864482420018031,-0.92313876631756098,-0.066655196557395324,0.083411542807948241,-0.10575996833913943,0.9908871497921955,9.6161413968114182,-4.9836445641376175,-0.33042583489746541,,0.2674263932497757,0.3023255813953488,False,1
0.95860148073161089,0.28266452555504618,0.034408823460029256,-0.2411610396428753,0.7416559623674277,0.6259295379219707,0.15140856679042425,-0.60831504952416282,0.77912017457185934,9.9051949113815461,0.18922657119845143,-1.8439514817729834,,0.6533742601375881,0.3333333333333333,False,2
-0.93966294356830848,0.34192409068564167,0.011021283652047603,-0.3355035202775426,-0.92735803315685628,0.16566371425518411,0.066865090786736525,0.15197037391624613,0.98612071527061906,-10.435381150697788,17.870405446775571,-8.5515161973325018,,0.2957047008478835,0.2666666666666667,False,3
-0.45220358079147943,-0.88734434931489259,-0.090177199215169951,0.84525306692905111,-0.45862385784378551,0.27424698697253708,-0.2847089292003247,0.047792915326561103,0.95742188343393919,-7.566214782573498,-3.9620139489079675,-1.9547690121914254,0.6056263460999864,0.5371065030864506,0.7090909090909091,True,1
-0.20966186438528037,-0.85321315781228035,-0.47756592210760307,0.92998275917994322,-0.32484172600411521,0.17207533430078495,-0.3019502777785571,-0.40805043852771966,0.861580448575052,4.9987017892771535,-12.927572864498332,1.5395410742167268,,0.1053167493151377,0.2857142857142857,False,1
0.3041861837473892,-0.92219149193564498,-0.23881712212215389,0.91644523144626866,0.21486901925318305,0.33757879424597931,-0.25999789110028099,-0.3215496178922988,0.91049818223691248,-17.208224184278066,7.0251788394370376,-5.9821937312430729,,0.1823625039404022,0.25,False,3
0.13950827270433103,0.95465260362374793,0.26301301914820241,-0.93481301027956976,0.039368574921682067,0.35295148550570532,0.32659160684117738,-0.29510764426397801,0.89791391605089999,16.671945073894438,-6.9996409972682541,0.67241667438395036,,0.3932605724564888,0.3333333333333333,False,3
-0.87618002858107813,0.45727934365025225,0.15232911536031721,-0.45350535217013666,-0.88918158537859715,0.060737169646320033,0.16322209736644921,-0.015865374070599535,0.98646177667302382,-4.8664278803757011,-12.531635258063758,0.60636411682700653,,0.3922845184397623,0.4,False,3
0.75601233078378871,-0.56127937434174657,-0.33676522926424579,0.63210435928288888,0.49244046198229352,0.59828627794579492,-0.16996892268420979,-0.66518257293858962,0.72707820073247009,-11.408328852164486,-3.8983596025525769,-2.3595420748532745,,0.5133154600729058,0.3846153846153846,False,1
0.746828595425575,-0.57399098112378244,-0.33582942492167311,0.64160007542709596,0.48907925557789367,0.59088985858222287,-0.174918244521859,-0.65676162749656131,0.73353103027851541,6.9374501414405607,-7.1564476140839481,0.13820880663603288,,0.577825886913175,0.4597701149425287,False,2
0.84387325721196027,-0.52485952578312822,-0.11135710106314317,0.52140534245966841,0.75325743033262171,0.40092357439194232,-0.12654799333451827,-0.39639087003033402,0.90931836203807159,-1.029468670476988,15.342836986032303,-7.1797674619720544,,0.2249915528314597,0.3333333333333333,True,3
0.99889553824885835,-0.016359603514810535,-0.044046192109670257,0.038400014109994239,0.82444785608066917,0.5646336613418832,0.027076605822665925,-0.56570141945802688,0.82416549396361993,12.028992885472171,-17.222008999255543,3.3875950806181994,,0.4805076874839457,0.4117647058823529,False,1
-0.79676157384462576,-0.56878985795833803,-0.20408109155031623,0.56766100471153824,-0.82028394944498251,0.069965891781841011,-0.20720033343245825,-0.060102743420537445,0.97645055279763304,10.799612308031675,-14.115787516526284,2.401833958593933,,0.6868792946210831,0.4117647058823529,False,2
0.52172797207952348,0.79999127540478254,0.29633407233393971,-0.80740820237681676,0.35086390671237555,0.47432743300505603,0.2754848777781177,-0.48673245036956198,0.82897503211665957,-0.60955517611237553,9.0022535978881457,-5.2410977165664336,,0.617085028910611,0.2977099236641221,False,1
0.14082972810373687,0.95086235100877825,0.27573134953480971,-0.95122973316560766,0.05274744269757696,0.30394029352909652,0.27446125851186171,-0.3050876869408623,0.91191694844056947,18.360726633866083,-10.961774239150223,1.8705346339274871,,0.5629516165298533,0.25,False,3
-0.048105669025946408,-0.97716503259096099,-0.20696459525501809,0.94973386858677067,-0.10891885456998654,0.29350002040608125,-0.30934030365727333,-0.18244227087127995,0.93328634101895969,-4.3034539259987987,17.412989138475265,-8.0142346612319439,,0.1880100737739993,0.1428571428571428,False,2
-0.76696314519903175,0.6309546519510838,0.11689209163881015,-0.61992986389446869,-0.77559328568868247,0.11892022135204644,0.16569398829829363,0.018742528535943215,0.98599909729466007,21.353366579790322,-12.868798565549074,2.6637853003183682,,0.2996678127107654,0.3333333333333333,False,1
-0.67511646442659601,0.72856644153118755,0.11579594006145674,-0.71075926755143648,-0.68442910601523788,0.16241324585429823,0.19758295232605275,0.027344818773690265,0.9799047085489262,-9.8461657109633585,-5.7416122855485963,-1.7166437355118351,,0.4074375477519876,0.3396226415094339,False,2
-0.15008400606184419,0.95445866709504756,0.25784383632651664,-0.94496872203706794,-0.21516880259864057,0.24644776476953373,0.29070415459029902,-0.2066664926770046,0.93422698275554394,2.8735109022968115,6.3957221475575432,-4.1554641393831471,,0.3858529251127579,0.2430555555555556,False,2
-0.93268274303109244,-0.35521542144144708,-0.062649064016738656,0.32952677555673165,-0.90976193698757257,0.25247835986437395,-0.14667994083439548,0.21483766517721223,0.9655722513504742,23.292664642147514,-7.8975872039269941,1.2324740980112951,,0.201548859321466,0.4761904761904762,False,2
-0.87987840850668331,0.4751655594375444,-0.0056282651102491782,-0.46196373068009156,-0.85253633427568942,0.24448171767210114,0.11137099164449214,0.21771423900189596,0.96963756752507646,20.769706447147506,-7.877974242397026,1.148687483008926,,0.5070980418018757,0.9285714285714286,False,1
0.5082958551930431,-0.82642204379812489,-0.2422022483754071,0.82672679715124187,0.3895055543009594,0.40596579417575446,-0.24115996032845438,-0.40658581959191809,0.88120930819025378,-3.9599003319752724,12.868526997375236,-6.6446538397995036,,0.4494818049196327,0.3157894736842105,False,1
-0.81280041731018948,-0.54789016177870509,-0.1979188021550414,0.54557546720134253,-0.83504220958638342,0.071076844310416748,-0.20421285759819,-0.050208354237068625,0.97763808741087133,-18.004416589759991,2.0205027016698733,-4.5949507320872334,,0.4294421203117481,0.3125,False,1
0.18051949789201188,0.96066622660113088,0.2110286993485978,-0.93584741497393875,0.10173943602890717,0.33739991559441196,0.30265876291198363,-0.25839792612260826,0.91740295672519101,-14.235281464705279,6.34599762286574,-5.4853593903643949,,0.5388003609942277,0.25,False,1
-0.59918650788499705,-0.70255869770485624,-0.38390989183379798,0.75638394618751081,-0.653928024957243,0.016169852359492115,-0.26240970774418892,-0.28069452159736857,0.92322896988062131,3.3576596576111624,4.4936574998499763,-3.5783996224966277,,0.3468450355862425,0.2222222222222222,False,1
0.2643159145995877,-0.9298574996326755,-0.2559338345476268,0.92258834862967321,0.16645898624812899,0.34802606923909785,-0.28101216390426159,-0.32811040256918655,0.90187345424052179,-12.769800845373108,3.74524326786094,-4.6386798809979721,0.66370229630598,0.8609911713476502,0.46,True,1
-0.91080866600756694,-0.38089221684430269,-0.15921272899159342,0.38205063153537577,-0.9238167624624456,0.024492944633648178,-0.15641255981837948,-0.038518937431338635,0.98694042504612389,8.7671727270527189,3.3161453258926832,-2.8297462620449583,,0.3276196553251975,0.2380952380952381,False,1
