axis_00,axis_01,axis_02,axis_10,axis_11,axis_12,axis_20,axis_21,axis_22,location_x,location_y,location_z,dbh,dbh_approximation,score,reconstructed,number_clusters
0.94694493000360003,0.31979963786672927,0.031992048399354024,-0.32010109971242762,0.92952008790216378,0.1831056857370868,0.028819880349721671,-0.18363169063825316,0.98257255034423041,-14.023758860617681,4.6149513069910872,-3.0095159249194388,,0.2816315244823397,0.1666666666666667,False,4
0.37373927018737707,-0.87865289926799639,-0.29713303506636846,0.92561284667359889,0.33270347783038334,0.18041411782996711,-0.059664193555300477,-0.34245799515781872,0.93763676632259019,5.8828852268258798,0.70705931963216839,-1.9570656745109654,0.65253568828161,0.4395845634903752,0.4430379746835443,True,5
0.87435036556044954,0.4852283872787847,-0.008052976042350158,-0.48042350656466304,0.86779926512269234,0.12695546381557954,0.068590761655065863,-0.10713471720850126,0.99187572799430501,6.571275395719141,9.9367572811597711,-3.352848539653082,0.5493602193722902,0.5460625317547632,0.9487951807228916,True,5
0.28198932784504743,0.87137644636246603,0.40147865161951068,-0.95699361839326402,0.22573849001852692,0.18222334778706328,0.068155948647700346,-0.43559754688115193,0.89755754345615968,7.342070748377048,8.1141744749757567,-3.0551634260139182,,0.3072284935004695,0.5,False,4
-0.57538993675835537,0.76268429237449742,0.29536264293649278,-0.81255849592235296,-0.57419474165593909,-0.10024514631180366,0.093140277976938829,-0.29767947329280792,0.95011147756381575,-8.3954223584673624,5.962833859785694,-3.0316995320468743,,0.5240947898566978,0.2068965517241379,False,3
0.96112875558167676,0.2761005337956014,0.00010213619501599561,-0.27095171107153149,0.94313404215454355,0.19257037362128676,0.053072454827599931,-0.18511259753732776,0.98128316034239405,-7.4235532570023368,21.447611151623949,-5.3447302811479114,,0.3297400548870176,1.0,True,2
0.22508889221173625,0.95504769724049721,0.19292197023283369,-0.97023509361266402,0.20155098516426895,0.13424255473484931,0.089324429610939768,-0.21739617378173351,0.97198767991150159,-7.565165200623241,1.6695250630864977,-2.3268239997586204,0.8467205055667433,0.4396872492289128,0.4893617021276596,True,3
0.62762627472853927,-0.77678443085522897,-0.051876846967551564,0.77659453577542126,0.62000933543826542,0.11175576483188324,-0.054646008766740993,-0.11042813024913183,0.99238069397562689,6.5317665801969431,14.490539667686459,-4.0353501259494413,0.1547249944781081,0.2005432003609404,0.8591549295774648,True,5
0.9999001142920344,0.0082041409304172072,-0.011508844875584101,-0.0061773329555737961,0.98606756948444363,0.16623052959248311,0.012712277385755337,-0.16614283157161872,0.98601975513730544,-5.0733595571979295,-6.0134617868513729,-1.2629852152498438,,0.2593078878896468,0.3962264150943396,False,5
-0.30012142131183756,0.9431034570923249,0.14311883764992844,-0.95041039390540338,-0.30846203730113547,0.039639055243628291,0.081530458273806908,-0.12412510126697583,0.98891139320422661,11.306233294604983,-8.2696730657296289,-0.47567638369863202,,0.404856510107763,0.3225806451612903,False,5
0.96569882662744821,-0.25676570484374378,-0.038693010563467606,0.25965644927991272,0.95607739513546552,0.13599464275599449,0.002074752447253074,-0.14137675667194305,0.98995368986392696,11.333307225613236,5.0750915820911748,-2.4909742407419464,0.3116962231105166,0.2961800195063608,0.7581699346405228,True,5
-0.10453826713130555,0.97397904592649753,0.20108846013954823,-0.98985361562503538,-0.12146455195842251,0.073730470306283644,0.096237052839485374,-0.19134048372900742,0.97679437393297897,4.2382358573082159,4.4598901037107552,-2.5024945210124745,,0.1434973255709253,0.2238805970149254,False,5
0.77855339307652527,0.62713543212067524,0.023574645444770542,-0.62315173371468535,0.76806245268769813,0.14751944122637684,0.074407868518150955,-0.12954234269216633,0.98877816043459088,-12.105377862403071,-3.8520667342028019,-1.7610940183498551,0.2491845878600275,0.1993821919854353,0.25,True,5
-0.38166331204923759,0.91357087193597786,0.14043282445976096,-0.9136562403701648,-0.39588032975351861,0.092255292243341586,0.13987634063080603,-0.093096866028804251,0.98578272599358963,12.430002152900633,4.10784629484227,-2.3388445724767415,0.7178627498447989,0.6087016898432318,0.6759259259259259,True,5
0.50419535987534414,0.86249737611012223,0.043420217449089846,-0.85962508544466476,0.49643375460020828,0.12082317562369085,0.08265441037491672,-0.098243592649568529,0.99172397618938324,-15.7206679544664,9.7247778476754405,-3.7059225429303893,0.521576019459565,0.4450469564353793,0.890625,True,4
0.83714725778497157,0.53833541691470621,0.096847548644106551,-0.5441937546016774,0.80188625184631657,0.24664062226728972,0.055114664433637571,-0.25917835171004544,0.96425564855448587,8.6648657676933141,13.754837358194667,-3.8409818022691895,0.6636356198250027,0.3565100830228116,0.9107142857142857,True,5
-0.35842068500943824,-0.90110114985597689,-0.24403141249765584,0.92871388894074525,-0.3707631591580523,0.005019193132138694,-0.095000658134152149,-0.22483637948378521,0.96975433869341388,7.2707073260536195,-5.8578238781992189,-0.94636595058929462,,0.511597726512855,0.2413793103448276,False,4
-0.19712637127126731,0.95004538806438377,0.24198130995392544,-0.97558001479747269,-0.21448218922117038,0.047339468043675025,0.096875324397839233,-0.22674027239220057,0.96912538940960835,13.881087215768918,2.4499563821783577,-2.0442824739786825,,0.4826994109723027,0.4166666666666667,False,6
-0.46379663553442535,0.84895915891243501,0.25330027115192866,-0.88028548529672168,-0.47385462203384632,-0.023648711446469142,0.099950714068810509,-0.23394474492036316,0.96709860463206299,11.559783125076079,-0.030896134780682205,-1.7248653340385229,,0.3422433913617511,0.3582089552238806,False,5
0.6633542224541813,0.74828248806347719,0.0058731260621773113,-0.74332620424974161,0.65801595764871679,0.1203376647409921,0.086181956509942842,-0.084192146529091183,0.99271564550728408,12.269619716283016,-2.774517862548199,-1.2975822775727794,0.4128265131504939,0.4640181002081276,0.7450980392156863,True,4
0.19357667965016598,-0.96937600291830561,-0.15112324130240345,0.97979739632771412,0.18312562234459917,0.080386992668801588,-0.050250684025670379,-0.16363120548058874,0.98524093365426091,-9.7196458185955414,-9.1688659051287758,-1.0431325413073389,,0.2440210018098085,0.4444444444444444,False,5
0.71546607847559041,-0.69531989962343821,-0.068106737834169775,0.69742767919244608,0.70505719682073731,0.12840942920020854,-0.041266485760227442,-0.13937211485421555,0.98937985160102415,-11.839864779823415,-1.3009937477119604,-2.0574023632676108,0.3477067235890751,0.3287248541089161,0.8666666666666667,True,5
0.46443456928363169,-0.88258122787123605,-0.073149894488173717,0.88334873997152796,0.45577160887079449,0.10939489996358921,-0.06321024003311175,-0.11542364037159392,0.99130310642019426,-7.0282015560056044,-2.07204834517704,-1.8439236990243668,0.3330987160658322,0.2750382511357777,0.6262626262626263,True,5
-0.34949265799093848,-0.91043829336874138,-0.22126227870616355,0.93215483392775134,-0.36170792770200161,0.015960595936610394,-0.094563458035104672,-0.2006725915648141,0.9750837212255703,4.3482618781337719,1.6656962197475054,-2.0798037531431834,,0.07914672390869497,0.2580645161290323,False,5
0.57979417155332214,-0.80049296717810436,-0.15182136915200931,0.81331897660245733,0.55754088352056941,0.16631417709093183,-0.048486708808990926,-0.21990719110910553,0.97431507551067609,9.1319599386816659,4.8121345622787794,-2.4765796096330455,0.4111273995075804,0.5458944412830172,0.9636363636363636,True,5
0.94539368260230938,-0.32092320579974093,-0.056912923618982425,0.32455275541201806,0.91089450870107058,0.25482680976047528,-0.029938167113397852,-0.2593829022843484,0.96531042476109075,-2.2018802796895929,1.0287428029440908,-2.0771736949929691,,0.3031673788197617,0.2160953800298063,False,3
0.9875287760909286,0.15673345675803879,-0.014884217313262938,-0.15221197212012344,0.97462604860603297,0.16412062917833822,0.040229739443044164,-0.15980828799304128,0.98632797747659873,14.586315674326331,5.2288126026091648,-2.42127653182202,0.5364322415594943,0.4730166010771953,0.8734177215189873,True,5
0.40367635097432791,-0.90296539957646493,-0.14730543381615707,0.91226436760464924,0.3850444643972783,0.1396942519787501,-0.069419934189976565,-0.19077276431589507,0.979176503564261,18.139858820944852,9.8779517405820823,-2.9030119599927677,,0.2046063984063262,0.75,False,3
0.75049880977932948,0.66087173269025734,0.00029908324654013066,-0.65594511864421168,0.74484874174814464,0.12221437412611617,0.080545253408518341,-0.091917924515212066,0.99250368125572952,7.0877480476886552,-1.9436667033916286,-1.5976071911657028,0.5837160440217367,0.4937183617847031,0.9,True,5
0.88836289950537994,-0.45386929178850893,-0.069383173419727981,0.45893799780880717,0.87326699425926779,0.16364800916793332,-0.013684770719233925,-0.17722139461357941,0.98407586310283046,-10.858118972343103,4.1969550334062227,-2.852927359895387,0.4344061571004349,0.3753152907134543,0.8514851485148515,True,5
0.82941950075983839,-0.55643886228871398,-0.049387086309527928,0.55780297237473853,0.8201561906800855,0.12727791206270117,-0.030317252006241354,-0.13311504582118247,0.99063678954842826,5.1271358368760831,17.392193795258564,-4.4920240812213583,0.3104874593224027,0.3083004932117929,0.8431372549019608,True,5
-0.99584834477822926,0.090297523813658492,0.011507884061897334,-0.090319566535424639,-0.96443117435278913,-0.24842480922273591,-0.011333582986562141,-0.2484328221665196,0.96858282184182087,-5.7709003519113296,5.8966379192623668,-2.9838504126905248,0.6381454408569284,0.470972700281756,0.4183673469387755,True,5
0.68681719622321169,-0.71820156383262113,-0.11166312139853445,0.72574580061993865,0.66926208845670332,0.1593150646897413,-0.039688434771489894,-0.19045936748542847,0.98089248008252128,-7.2905501794495606,-8.5237073820317555,-1.067854775307137,,0.1206976636528922,0.2142857142857143,False,2
0.65719293221099429,0.73458666299821307,0.16875984237094488,-0.74692247992168948,0.6047214019864281,0.27643956838195827,0.10101613158080255,-0.30772465049898035,0.946097923386227,9.7180566628292251,12.459710777369542,-3.6719493226485134,,0.6463327919953716,0.7021276595744681,False,2
0.97200597137011679,0.23466413724455062,-0.011710436033995681,-0.22951495063488517,0.95897999385955601,0.16637385254958875,0.05027205044457525,-0.1590286580097961,0.98599320833142723,15.6838351641166,-1.6113181139559702,-1.2949777986520967,0.3003770986920183,0.242398674215424,0.5454545454545454,True,5
0.51788729752427987,-0.85363722228750405,-0.055643865684115612,0.85315195133463606,0.5106394946421019,0.10667265087903961,-0.062645789937558302,-0.10271708347170246,0.99273596981582479,14.467006199843755,8.4955513385023789,-2.9444560289862118,0.2945533144537561,0.2774839632645869,0.8686868686868687,True,5
0.99980265723618256,0.017281939255785261,-0.0097969974496781471,-0.01580179254313633,0.99071637105707611,0.13502361079427114,0.012039515600443942,-0.13484215474049085,0.99079394596911474,3.5062594240330962,0.16145810891647491,-1.8563409006075162,0.6233844809450817,0.5776896958672036,0.4463276836158192,True,5
-0.86350636163713124,0.50417896877477242,-0.012662182174188826,-0.50355450996488127,-0.86049436577295191,0.077345342245251608,0.028100158473462599,0.073164294011585584,0.99692395255383126,-4.772371102521574,19.40640655776069,-5.009693214594277,0.6920865776376066,0.4515574252827083,0.9433962264150944,True,5
0.99946063983238931,0.012834410222988705,-0.030227592362895,-0.0095146637773155397,0.9941580042501752,0.10751434210611803,0.031430886068228213,-0.1071687477744085,0.99374391012042407,-5.3786647203911659,10.085174956633635,-3.6137028149705213,0.3765453471723121,0.3463395461102051,0.9307692307692308,True,5
0.99564259529436772,-0.088308351691555861,-0.029957594312912606,0.092243358125499136,0.97978219167694869,0.17753315114210766,0.013674257465306998,-0.17952295645469965,0.98365874305499723,10.391724864313209,17.22151982707836,-4.2808837019201027,0.1948099305563195,0.226386622077704,0.4166666666666667,True,5
0.46205376499629597,0.88626243013758699,0.032329911527354982,-0.88228881234879364,0.45567753340402023,0.11800185233708711,0.089848594073048238,-0.08304751939369967,0.99248694684899996,-8.6342141882018293,13.920764406959195,-4.2787967153221409,0.62795265331456,0.5772549952036264,1.0,True,5
0.99810679064683072,0.05814401425937505,-0.020052632507661816,-0.053414748819409226,0.98108766805523717,0.18604798359158523,0.030490967076187685,-0.18462464948034685,0.9823360116228137,13.247635044198482,15.278581407377722,-3.9405675039367747,0.2485535758219616,0.2918366538677355,0.4285714285714285,True,5
0.078384232445765645,0.99242474985333573,0.094599302230159596,-0.99259124887405059,0.068854951276424492,0.10010798341478612,0.09283601005289957,-0.10174532698490926,0.99046926437633209,-0.14538493957749996,-2.8460471438220911,-1.5227649500480005,,0.1878005373710656,0.1849710982658959,False,1
-0.20432600875360116,-0.97234222776852053,-0.11314360010612437,0.97432672398454012,-0.21317076313148711,0.072426933356962014,-0.09454267330881691,-0.095440127012125897,0.99093534858714782,-4.2911221997152991,-2.2113094736194512,-1.6901160097260224,0.3714828128671367,0.4055349245237553,0.4110169491525424,True,2
0.52656900147526498,-0.80481475923595236,-0.27385815671861913,0.84905286471922414,0.48163746997502399,0.21710499862540888,-0.042828957463650869,-0.34684081483013979,0.93694563853541846,9.50479933355264,-5.9176015223549303,-0.87185960092258341,,0.2572679604695066,0.1666666666666667,False,3
-0.058104302102411035,0.9980557165237085,0.022553864226322981,-0.99257857821357631,-0.060173429372187018,0.10567366970587722,0.10682535349208151,-0.01624638765812501,0.99414505920381391,0.81973620393788837,14.772220852429419,-4.2405862164149033,,0.1052360587924657,0.15,True,3
0.29156412184963143,-0.92963376236234496,-0.22532516665052227,0.95239568100620686,0.26019497447980844,0.15887429639868331,-0.089066433917487031,-0.26092076025392125,0.96124269943533958,15.944419072761567,1.2747682693635807,-1.801744905532447,,0.2677560876700374,0.3478260869565217,False,3
0.35100954929955636,-0.92498503023729739,-0.14558499283040865,0.93430733724933734,0.33565770249636828,0.12001544199357944,-0.062145763029968444,-0.17814769319799614,0.98203935946868082,-9.2943726766791368,-4.9464336359045369,-1.5035114626708024,0.1775124301565413,0.1661526873291687,0.4651162790697674,True,6
0.18663356466519648,0.97798324832828221,0.093363154025680045,-0.97560201630742871,0.1733132277455246,0.13477103125415127,0.11562274134979417,-0.11623807929284138,0.98646849448173923,2.4733040172309591,12.589712124322318,-3.8603265942868306,,0.1803288815152109,0.4666666666666667,False,5
0.99903039003166028,0.033419115159505401,-0.028660818814992939,-0.029040474922156723,0.98950878458646208,0.14152390625798686,0.033089735711935145,-0.14055435947767536,0.98951985398087705,-1.1742473112242027,12.79118877045606,-4.0077467953869688,0.2525979798184028,0.2262822184923319,0.8532110091743119,True,5
0.97974120256925967,0.19933470669268458,-0.01930934219188896,-0.19577567510457938,0.97360972631511689,0.11728591501945354,0.042178916836355829,-0.11112954392215292,0.99291045086763352,10.404779221627301,7.790946732672607,-2.9353494784107728,0.4012473477480621,0.3490532663370316,0.9607843137254902,True,5
-0.96511079942661693,-0.24981400930370976,-0.078448107598097574,0.25677402533900262,-0.96161620158811811,-0.096754228612737261,-0.051266409483422967,-0.11352198729253517,0.9922119298112837,9.970891989153424,2.3633826126400197,-2.1314914061797361,0.309911454607146,0.2737008312234235,0.3015873015873016,True,5
0.99945864039101762,0.019655209898987915,-0.026383685708536622,-0.015745473530885099,0.98988761800396341,0.14097724563109174,0.028887821154048796,-0.14048550261955042,0.9896612134173518,0.98693178892740829,10.590140051584269,-3.5504695227483345,0.369698934922629,0.4246884976504552,0.946078431372549,True,5
-0.29166145206000343,-0.87323332254524766,-0.39038079074006821,0.95022407118466623,-0.31126754268612228,-0.013664970229907009,-0.10958016208918268,-0.37493476934892772,0.92055206632203979,-16.779965543483854,22.873690145541467,-5.6445413688531483,,0.3189915222824294,0.4,False,2
-0.57492998114098781,0.81714146736536597,0.041657401469609126,-0.8178541394527461,-0.57542557598136324,-0.0001143963498912437,0.023877256233325379,-0.034135448122050258,0.99913194715026254,6.7447133679502693,-8.3926916557844962,-0.60833681315027166,0.4478542325657016,0.3225165722970557,0.7096774193548387,True,4
0.55640672867961483,-0.79376188129976566,-0.24566975409176267,0.82859640227585207,0.50800218219148741,0.23529085197729679,-0.06196413814106215,-0.33447848762535493,0.9403640714639685,10.117053815006114,6.1609677146775814,-2.6522405787160883,,0.4828529418873996,0.4193548387096774,False,2
0.61261997268490975,-0.78875430951790548,-0.050630112428012949,0.7884648927752228,0.60542841527529789,0.10853362077346518,-0.054953452380150689,-0.10640992996038526,0.99280262130865116,-0.61986987681756356,-8.2437679741855465,-0.82901254215778564,0.144043583713364,0.093938206000279,0.3125,True,4
0.58650381561780285,-0.7959008370334042,-0.15018366048037429,0.80886324172020652,0.56597556892152334,0.15941114006817847,-0.041875177129615776,-0.21497328437153312,0.97572176184959547,6.8838802927796854,-11.211880230605713,-0.25033155549188718,0.2529377397021031,0.3425227141730099,0.6333333333333333,True,4
0.84298248813562016,0.53772872994304777,0.015110846783553081,-0.53221572375003912,0.82959421098176256,0.16887826532378014,0.078274824112873315,-0.15040365055205224,0.98552107730414096,16.007261947039858,3.0671430259845924,-2.0567722637287256,,0.2732536627121346,0.3888888888888889,False,2
-0.78049874629789495,0.61060094727370984,0.13412005896159779,-0.62488284169622577,-0.76834757546529864,-0.13843206792592175,0.018524070315780242,-0.19185537903599548,0.98124837444649593,2.2710658518588476,-3.7609550478505853,-1.3739208583029827,0.3726810876269859,0.3179440885448309,0.1333333333333333,True,3
0.3934052142668118,0.87043496219186223,0.29593126563737149,-0.91449914447594927,0.33742214770799239,0.22324338509546962,0.094465084239852073,-0.35845400099619251,0.92875566056384318,-11.606344907539183,-6.0517296333755413,-1.4950693315001331,,0.3449584806229917,0.2105263157894737,False,1
0.95751090618442225,0.28765528017254499,-0.02067134070981988,-0.28340064309852914,0.95178637234453323,0.11741710655000004,0.053450351067387152,-0.10656988884337161,0.9928675232691847,14.668528500364431,-5.9018125990964965,-0.68333917059676474,0.3639494092429003,0.3314433711572838,0.9473684210526315,True,4
0.69076165335304718,-0.71706158281428545,-0.093118337124526399,0.72157344308158722,0.67526452847410889,0.15280570285177203,-0.046691589139254613,-0.17274403907664093,0.98385943735227732,-5.2472853730465552,2.6448601051265408,-2.4950355119267775,0.4822174595971256,0.4327457662547565,0.7058823529411765,True,1
0.99224850288148125,0.1211684134747842,0.027588477766358536,-0.11807445203144099,0.85003563840378182,0.51332040405671775,0.038747029653072557,-0.51259889681843906,0.85775348362660975,8.3462188105083115,2.7904915556218994,-2.2933524363889046,,0.4102652630485384,0.3255813953488372,False,3
0.52207982652902873,0.8479701514894552,0.091538390385505361,-0.84792417014878985,0.50446557174360263,0.16290822140974304,0.091963342745384535,-0.16266870967813679,0.9823856851984073,17.13589666071211,6.2277843016675654,-2.4660100905498274,,0.1663153737762817,0.3225806451612903,False,1
-0.6866913549494903,0.72686437386356717,-0.011097974840400694,-0.72563245406956833,-0.68444933307593436,0.070616230803442842,0.043732420909543865,0.056544605930484375,0.99744181930654852,0.70873037236303282,-7.244134753274512,-0.92058003050580739,0.4148604831419714,0.3536248292078111,0.8167539267015707,True,4
-0.25478021106808685,0.96699485309434174,0.0028280977978256544,-0.96329293944475147,-0.25405847899024825,0.086723711112087001,0.084579884511579953,0.01937119878104062,0.99622838736596619,-8.3320726512098133,-0.12898609813794953,-2.1062813721302085,0.3078800312004245,0.1974797565832117,0.6559139784946236,True,3
0.999743792912834,-0.0080843877388373318,-0.02114216656707665,0.010437404248152687,0.99346399477347669,0.11366772488832282,0.020085047294505498,-0.11385927175076667,0.99329384228009987,6.5077164315660694,6.0726406963936572,-2.6969592729364216,0.4387462760091063,0.4499503041004849,0.9584487534626038,True,2
0.80030826759614848,0.5784792621103253,0.15769724197190571,-0.59460236008856326,0.73186166289394272,0.33290620265057247,0.077166768717906148,-0.36019473857124423,0.9296800740637774,10.726921679574977,-6.3442911796457757,-0.76299940175626568,,0.1754207476257942,0.25,False,3
-0.32298791904667062,-0.87796602340453267,-0.35334751434973033,0.93834767765159399,-0.34569083871809519,0.0012164999958477335,-0.12321704425833853,-0.33116990469185359,0.93549134374970411,6.461011264668949,3.2634031244037236,-2.3667366150874476,,0.451581832025112,0.3924731182795699,False,2
0.81881013468952324,-0.56042457538487389,-0.12439557321065819,0.5733014055863509,0.78712394015731824,0.22751132100168808,-0.029588201743921377,-0.25760473236317372,0.96579725625084401,4.3728020646182513,-5.2072435386127314,-1.1448480720271816,,0.08413846725093445,0.2142857142857143,False,1
0.69472195586697905,0.7185278101782766,0.032851027940850916,-0.71429058855122807,0.68381519519222667,0.14894876277216412,0.084559796259808417,-0.12694315587942775,0.98829908227816954,6.3286517872407515,5.0477742936035108,-2.5475117238074496,,0.06751632600495282,0.3703703703703703,False,1
0.24970880476013799,-0.94341588763117235,-0.21820168603920326,0.96505059832360962,0.2239602147695757,0.13608513833482669,-0.079516385107137863,-0.24455732490656104,0.96636890437039658,8.7748547424843863,-5.8469774111923298,-0.89317872100406848,,0.4440348855675804,0.3157894736842105,False,2
0.88825129413531312,-0.45036205802730139,-0.090463557062256283,0.4590304867747762,0.86280201483258989,0.21181051770895687,-0.017339281364996267,-0.22966649710011666,0.97311492097876517,12.213464647916574,-6.8517763857564251,-0.60635747351789993,,0.1689712389811822,0.1666666666666667,False,2
0.98629187228861626,-0.16353904824361234,-0.021984593628005079,0.16407017634515791,0.95773040957287048,0.23629100662837288,-0.017587492472886778,-0.2366589154858833,0.97143359929001893,5.6530552845077597,-4.1398750867805285,-1.2584138173759178,,0.1640272125846111,0.3333333333333333,False,2
-0.83933869221033786,-0.54145111691344139,-0.048386441818208809,0.53857640136617446,-0.8403512991455836,0.06119766266608094,-0.073797152046005496,0.02530577043911313,0.99695215448504926,-2.6821616972167726,-9.0528960863781798,-0.7906994259777631,0.270180772543799,0.2918325543120392,0.3703703703703703,True,3
-0.95622141755500445,0.28648569052815065,0.059720597214916245,-0.29264412318468208,-0.93619137285873777,-0.19469239982685632,0.00013332128959641504,-0.20364592435764697,0.97904459536731669,13.023208636550184,-6.2988472391047994,-0.67668757768507948,,0.5639745200027976,0.1,False,1
-0.50325509056962481,0.85051516634028235,0.15283411150956924,-0.86288909946854109,-0.50411066357663203,-0.035983897602918036,0.046440454714916424,-0.14998796849577145,0.98759652362307471,-7.046742156025914,0.30036348368582244,-2.1469156658330473,,0.425522879020376,0.4909090909090909,False,2
0.0037856471420891721,0.99956749159275182,0.029163309597682659,-0.99414380180554929,0.0006122522698086847,0.108063529827448,0.1079989361397844,-0.029401613869527842,0.99371614402430952,15.150619025820177,4.259939471588619,-2.2874249214662519,,0.1808470117065926,0.3225806451612903,False,2
0.35937235004274098,0.91910978059844795,0.16152004591700575,-0.92836806938311645,0.33453775394203278,0.16191732130098446,0.094785240278347074,-0.20813866146320309,0.97349579137748876,4.9934399981720965,15.691408750598494,-4.2731263109135638,,0.8320455475049687,0.5365853658536586,False,1
-0.58328877303273907,-0.79308339337364697,-0.17547916801975152,0.80747294166128591,-0.58958659678324488,-0.01936732760146942,-0.088100259584367985,-0.15299142475476785,0.98429262326437972,-3.7846066267643854,-10.455410491622745,-0.69170119636255212,,0.2625231497528888,0.2745098039215687,False,2
0.99514698226899378,0.097604272968167899,0.012485574847405007,-0.091562072118020296,0.87203870953454732,0.48079608569826759,0.036039847812792264,-0.47960597887398854,0.87674353969559049,12.59014729893366,0.36858945714158259,-1.7374936181911305,,0.2401385768105548,0.3125,False,1
-0.9437621994371691,-0.32085309814264423,-0.079788472386585207,0.32584651993203478,-0.94351254618167135,-0.060067633930116354,-0.056008538292836939,-0.08268835837073521,0.99500034122016945,3.2055280072178411,-10.977940853629912,-0.41789008907515562,,0.145250042467195,0.3,False,1
-0.99632051122616239,0.084535749912777874,0.014111906204527302,-0.083315119429600792,-0.91669604674074812,-0.39080295388381858,-0.020100492145030895,-0.39054073395302924,0.92036618002779702,-6.6489387842603955,7.9421067996730157,-3.3386992643112765,,0.7552738820028159,0.4305555555555556,False,1
0.78340000993843106,0.60330606861100533,0.14935264311554722,-0.61659091133296617,0.72421886272147329,0.3087437237256796,0.078102960827674373,-0.33395931856372807,0.9393461029111696,-9.9503968775981981,0.41558672064802082,-2.2336293677510728,,0.1067182039580438,0.3,False,1
-0.83342609219740338,-0.54172208703352032,-0.10926174657497058,0.54776049680947114,-0.83596544508866111,-0.033469579512728179,-0.073207834140940314,-0.08774368944695965,0.9934493736384501,7.0130519709080419,21.465166442464859,-4.9977096238898797,,0.2699829670786179,0.4444444444444444,False,1
-0.81976675348954431,0.52383015673559474,0.2314831241528747,-0.57194048228836547,-0.76960237836315781,-0.28389481139591677,0.029437299349041414,-0.36512209754016978,0.93049411566914375,-0.18812399154693449,8.0184694191010308,-3.1611070065105715,0.4219087779992208,0.5559555331283057,0.1666666666666667,True,1
-0.75933370484762097,-0.55762466966454782,-0.33536107774142876,0.64575288242700846,-0.70920985497983968,-0.28288618990096936,-0.080097063114690809,-0.43136540123308592,0.8986146844445746,4.4035339111901477,-19.489087024196586,0.57687275360372547,,0.5924727192231021,0.1914893617021277,False,1
-0.15607145080414331,0.97150995998062117,0.17835386147303231,-0.98403539714495114,-0.16856559993196807,0.057096196767860562,0.085533849496374728,-0.16659542664199212,0.98230846703685915,8.7942412227659563,-11.897762675014347,-0.098392041846063816,,0.3250611520890447,0.2,False,1
-0.54369931653542847,-0.8274321235004356,-0.14052449679137624,0.83429713192112476,-0.55105970158385265,0.016777990299870774,-0.091320035408968575,-0.10811700277882652,0.98993503061717614,2.0113753278783091,-1.6223366710982225,-1.6486275934122183,,0.650735862053879,0.200261780104712,False,1
-0.26294140518990622,-0.93190996341651267,-0.24981120375553939,0.96012298402709251,-0.27823602464315983,0.027360009752972966,-0.095003541932232122,-0.2326553989827122,0.96790794621416643,0.25086432238023276,-4.5305564194649897,-1.2696790365515631,,0.2499439977380424,0.4150197628458498,False,1
0.30961740537647425,-0.94546353091474011,-0.10117200204687175,0.94766144854698764,0.29810228496103902,0.11433637495929466,-0.077941267796751021,-0.13127733776718581,0.98827699526144741,-12.630122862632154,-7.8272535728110144,-1.3155168853460828,,0.4304759660359784,0.975,False,1
-0.134631594839767,-0.97903824350626278,-0.15283471929857251,0.98644240397115979,-0.14702928843042232,0.072895623951262437,-0.093838783658469455,-0.14094859380574279,0.98555962609356285,16.056440667081045,-8.4345455050811786,-0.26430599520033821,,0.1518782190293275,0.2666666666666667,False,1
