axis_00,axis_01,axis_02,axis_10,axis_11,axis_12,axis_20,axis_21,axis_22,location_x,location_y,location_z,dbh,dbh_approximation,score,reconstructed,number_clusters
0.95701972441054306,0.19528118476533496,0.21442599181493038,-0.25618424151643426,0.91578128997707064,0.30937721849965438,-0.1359517616208733,-0.35101266046195645,0.9264487199557252,4.8457392363717169,8.2594430001728689,-5.7196433166940475,0.2947457825680438,0.208166699848369,0.7,True,5
-0.18114467050368296,-0.97711825007778708,0.11147436347894127,0.97017866791333984,-0.15898427254414899,0.18296817594736128,-0.16105887331658872,0.14129375941113148,0.97677843591955893,4.7053433186362819,-1.7131536124232416,-2.7874110887017296,0.2556787728798705,0.3418253279267822,0.1653225806451613,True,2
-0.92563697566102165,-0.36547048609584559,0.098119891367575263,0.37193468681821856,-0.92644747161385299,0.057962669725727584,0.069719280192441418,0.090146581372597734,0.9934851865208072,-7.3946430114934696,8.7665420212699861,-2.6753174970306879,,0.4394891056088002,0.2272727272727273,False,2
0.92365103732660969,0.3097655097419148,0.22564150819344242,-0.36913936433259831,0.87733408198653917,0.30662850207533432,-0.10298005120218626,-0.36651089691736288,0.92469717826714881,9.7938005220986586,4.8255374261546562,-5.7975583603388605,,0.1171218049361637,0.55,True,4
-0.97439065078128362,-0.096544142762499202,0.20308148159859632,0.1149243230604447,-0.99008875594662427,0.080725803292161946,0.19327508799409562,0.10199746980352239,0.97582849749049361,2.1975030663603743,12.359145733588161,-6.3114113709899531,,0.2856758241497698,0.5,False,4
-0.9574856180061887,0.19653564406280052,0.21117535823132072,-0.16476714920555008,-0.97344917584196999,0.15889772998776469,0.23679754613167436,0.11734752943887991,0.96444620351816834,-12.592975768427353,8.1526335749155034,-1.2327222012817953,,0.1409568029719749,0.2352941176470588,False,2
0.98005452003158733,-0.011120144873249761,0.19841743911172258,-0.050386348336889229,0.95190407053491277,0.30222484411500439,-0.19223515200641603,-0.30619435474394857,0.93235758347106745,-16.421065502063762,-3.9561135226442787,2.8899216726599946,,0.1157729967729264,0.1666666666666667,False,1
-0.57911224841360465,0.73742399387549529,0.34761308518819123,-0.77001501651653181,-0.63481965970983778,0.063881718706767621,0.26777953259423004,-0.23067260977974616,0.93545938929545003,10.602205327087518,6.5312396174615497,-6.5130881538062892,,0.2538603280932387,0.25,False,2
-0.94571340598435505,0.24110063080089386,0.21793723768296711,-0.20977530646312378,-0.96501569657638642,0.15728644620403484,0.24823471662878563,0.10303004993012169,0.96320523995232898,-8.1979154585039726,18.503927597562623,-5.1293536043045691,,0.2250864176920124,0.3076923076923077,False,2
0.95422132427956285,0.20614528985753333,0.21671590564540755,-0.28758000466582256,0.83149339279274281,0.47530672061145618,-0.082215601965569762,-0.51587096953750478,0.8527119898194655,9.6103028256311713,0.80952705196391916,-4.6350070180434848,,0.3941626715503901,0.2142857142857143,False,4
0.7404119279286745,0.63241132163416558,0.22769738085861443,-0.67209694229105921,0.69218534910466811,0.26299266652866715,0.0087107487596491118,-0.3477576206983507,0.93754400435513963,-2.8922071890408398,6.7371638935224469,-3.2619846378617341,0.5628499137961184,0.5623028272672255,0.99836867862969,True,5
0.95067573916458814,0.1806732359616012,0.25213651217352218,-0.28309957331111557,0.83758357206004597,0.46723483539457877,-0.12676857084833532,-0.51556856151466268,0.84741889748976773,-8.5410160821756218,-1.1328897764979555,0.29623911456723895,,0.3265713316450459,0.2448979591836735,False,5
-0.97516800180434393,-0.12959147854011219,0.17959236327503086,0.13152689581527591,-0.99131194674263634,-0.0011401414481689298,0.17817980787429477,0.022509396595908965,0.98374045516628394,10.994096518265504,-9.868572536867589,-1.942319599832057,,0.2618314954237615,0.4130434782608696,False,5
-0.70683475508461024,-0.70526195211469422,0.054682793489810949,0.70700037169609886,-0.70181479017727011,0.08721510597374757,-0.023132302653576492,0.1003074233933095,0.99468754761791334,-0.15974754638857491,16.751227613908092,-6.8276638731553447,,0.2692827977165702,0.1764705882352941,False,1
-0.54349823417537602,-0.83212647197898126,0.11034130722473118,0.82788948953169472,-0.50968347650956436,0.23414044267506351,-0.13859531944188647,0.21860532565548041,0.96592082958380365,0.13926566883660951,2.393813381614704,-2.6430674379811214,,0.4230256167291511,0.79,False,4
0.73372765046373634,-0.6764202989765562,0.064025885994898973,0.59527175334114713,0.68539994386439518,0.41937865542352132,-0.3275595741527364,-0.26959691408313735,0.90555078780691689,11.293566103412516,1.8011241862861884,-5.3964053373528733,,0.2841865180588991,0.2857142857142857,False,3
0.61639221635151109,0.73836612151703107,0.27363498719492885,-0.78532870837963686,0.5510039477236115,0.28222946229578283,0.05761471527346862,-0.38885745484546486,0.91949465707804123,10.948503419964574,11.222151255010074,-8.0034137770165596,0.2221525229337399,0.1476437372706172,0.5483870967741935,True,3
0.82307904687816258,0.51539165161204836,0.23856304835145453,-0.56669075317270079,0.77301481934797278,0.28514852154092651,-0.037449604252789481,-0.36989124687808472,0.9283199839625792,5.9636643817342474,10.686887700075015,-6.6173379885357964,0.3179389928932363,0.1891683574012232,0.492063492063492,True,5
0.97922432309764829,0.033839234593526897,0.1999365680811695,-0.086735744278866919,0.96112599299891199,0.26213305065604708,-0.1832938507379418,-0.27402870613127189,0.94409302110421189,14.530496916926118,-6.0567496128676197,-3.8624779075350903,,0.397063999961156,0.7631578947368421,False,1
0.86068291333365654,0.45730000699630513,0.22383392570535257,-0.50528439000277958,0.82120204436347299,0.26516954491941969,-0.062550842640279547,-0.34132668506056252,0.93786112306170333,3.9042387724623886,-4.3500235943215957,-1.8217200015903792,0.4090982730820603,0.3416026967695913,0.6637931034482759,True,5
-0.26427705724033423,-0.96262693501330976,0.059220106410508677,0.94867169138711827,-0.24840347581635563,0.19574916388853039,-0.17372293739484912,0.107912451502299,0.9788642622108904,15.888469563924094,9.3648952844527198,-8.6350164409789372,,0.1871822060144476,0.2608695652173913,False,1
0.74268369896302455,-0.66576886216636755,0.071921801036265887,0.59899546027371486,0.70850461603505421,0.37312953197046939,-0.2993749519683977,-0.23403638868073764,0.92498735499854212,12.868345907999496,6.5992228845179985,-7.0136417427811022,,0.1881069044097373,0.4444444444444444,False,1
0.55898429728195731,-0.82611282395421926,0.071233120741574535,0.76600893301633399,0.54737866345650044,0.33705624654017968,-0.31743797808607566,-0.13384394230207913,0.93878588036765021,11.085921736983472,-3.6846758886337372,-3.7515879469105351,,0.3835567120851868,0.1612903225806452,False,5
0.54760160968674731,0.7887346355535807,0.27933877594534234,-0.83151514756802269,0.47571593216486291,0.28683952177035099,0.093354359477270818,-0.3893482073448834,0.91634760708145746,6.9121252500612513,5.0322275664723284,-5.2110404381505893,0.3547151008369633,0.1837056247184167,0.25,True,5
0.50638540215370753,0.82293684373368892,0.25758256096106619,-0.85632478103398579,0.44478686896174219,0.26243572658139641,0.10139868772683193,-0.35346795105757933,0.92993479002693114,7.2136173821019298,6.0377622852650692,-5.6588271616797909,0.4899269441813674,0.4485217481347555,0.8787878787878788,True,5
-0.38992750806268611,0.81127141945219483,0.43565493505301178,-0.87163393202272088,-0.47776146287266863,0.10953662921770846,0.29700307574608359,-0.33702027917291238,0.89342403394109426,6.6582594167890052,3.6833234716088024,-4.7539192640415227,,0.2273254019806519,0.2054794520547945,False,4
0.60154782418344543,0.757902957255431,0.25243478881413295,-0.79689845670609416,0.54733835572888845,0.25568256500481762,0.055615329897508448,-0.35497018428520177,0.93322189395069477,5.803441542832589,-6.8214603103174962,-1.55338006693242,0.4602504152138864,0.3863900810818491,0.7992831541218638,True,5
-0.40558940500797119,0.78145407134187439,0.47415901228226093,-0.86568515323536532,-0.49491373729003807,0.075163875029630428,0.29340492499810328,-0.37998674585413716,0.87722495573372827,1.4989597988539358,11.572891129813673,-5.8163548188854994,,0.2432626733519548,0.1875,False,1
0.1154532570903182,0.92723211627840718,0.35624590940683343,-0.97030084224327773,0.028524959994169333,0.24021365947696532,0.21257191952189095,-0.37339915532737344,0.90298740291965396,-4.3540212319284821,2.9679957787958573,-1.7939040067102519,0.5204999171767101,0.2398225571065981,0.3411764705882353,True,4
0.12694852129975553,0.81777588952764002,0.56136144100488738,-0.97470249985914126,-0.0021095656074009012,0.22349627849539108,0.1839540967419504,-0.57553292194298167,0.7968203976126792,-2.111475570961924,8.0515060252870789,-3.8219564213018655,,0.3803866935570355,0.2592592592592592,False,4
-0.14933324909342297,0.95789939712851024,0.24521077809924871,-0.95388022728073329,-0.20487244946907934,0.21940781994130593,0.2604075511924695,-0.2011368301166569,0.94431556317396625,-9.317186689723858,0.87672128138843974,0.0091373836763966806,0.4275876454986172,0.4012544575598018,0.8546511627906976,True,5
0.93143870397817752,0.21054352053276007,0.29680526729343137,-0.34594331846729637,0.76535699147055469,0.54272635463461438,-0.11289446903763151,-0.6081941314817283,0.78571924839086038,9.8152320031499833,-0.79553009603074432,-4.1352213606819399,0.6737187387872239,0.5210480813950581,0.3243243243243243,True,3
-0.6838390647926933,-0.7131450599112128,0.15423442218807037,0.72918606120785423,-0.66058008132433355,0.17866629312131796,-0.02553079716010942,0.23464458161604762,0.9717459023400099,17.57073495954932,3.3449567856056586,-7.0666420347191803,,0.2527766647471045,0.625,False,5
-0.97695259008005186,0.01461419820284832,0.21295553983582002,0.019948166108768588,-0.98703673597160091,0.15924996863869159,0.21252225155210142,0.15982774181416423,0.96399656925831922,9.1406028723149984,8.2768685731261016,-6.8140121643266243,0.4163905128216955,0.2960923666002785,0.9375,True,4
0.70445720744211904,-0.68952544229908996,0.16821030677427495,0.64235459989772981,0.72020154527987534,0.26208834801781516,-0.30186190695925652,-0.076579361441084542,0.95027100899069683,12.093385033753437,3.6348230657654579,-6.1058987237072442,0.4153290869580575,0.3657646959278709,0.7945205479452054,True,1
0.97263373417364429,-0.12475053361857574,0.1960125595703302,0.068839219582760597,0.96047999163115916,0.26970233132741728,-0.22191165132698218,-0.24882823400508258,0.94278297023612112,-10.961695145670301,7.8174754975252165,-1.4637788454355838,0.4176654893021715,0.4029818648179201,0.6346153846153846,True,5
0.96873000736419812,-0.18222671867166329,0.16839119880302861,0.08193123491070195,0.87554326967333207,0.47614205409283089,-0.23419958492313767,-0.44745659670172649,0.86309509817281482,-1.3650091317748845,13.489702763912462,-5.6265080655414152,,0.4874867398861844,0.2,False,3
-0.90984306192461184,-0.40269807547199848,0.10009926412714826,0.40901118755354982,-0.91100614899906174,0.052703367462954315,0.06996750048188799,0.088893512120113663,0.99358064211178621,-14.495888240847414,9.0682374703820212,-0.96997813664266297,,0.2682748419750042,0.2727272727272727,False,3
-0.56155100336333308,-0.82739418361140316,-0.0089070504463645006,0.82341732631367115,-0.55984759906766113,0.092490932229169598,-0.081513050170383045,0.044604156131413913,0.99567368746378215,7.3000996952418902,-5.0629863572308595,-2.4651450008692946,,0.07680235166344611,0.3333333333333333,False,1
-0.68802640606778198,-0.72486859153217398,-0.034426582223839597,0.72526695435025823,-0.68846651419283977,0.0013052825982824146,-0.024647707417788378,-0.024070393543173751,0.99940637714281411,-6.2461479695662456,10.530713084055884,-3.4759657342687262,,0.4006964812517829,0.5714285714285714,False,2
0.97964818544088816,-0.016136683624857817,0.20007258733761069,-0.074818289256154968,0.89557390466047349,0.43857679473950162,-0.18625696323938326,-0.44462004985468645,0.87614003156576448,-11.692827934555019,-12.665563547410553,4.0914718077099792,,0.2793255975123254,0.2857142857142857,False,1
0.66358265416252815,-0.73635037508195067,0.13208401194423186,0.68374901092903551,0.66861276776725009,0.29230849599726277,-0.30355452747106093,-0.10365853508171299,0.94715867570145462,-9.619782691205188,10.0549690975496,-2.4657319118039842,0.3646439493903468,0.3728803103511902,0.6818181818181818,True,5
0.77473943531717049,-0.62734593042392484,-0.078840921766386463,0.55855371999446302,0.62062497768614289,0.55031116557128212,-0.29630482487597176,-0.47038465180383615,0.83122904791796437,1.7959760392643729,19.033781801456968,-7.9706028461995704,,0.5500037939426282,0.25,False,1
-0.46800161575379856,0.78461620000749877,0.4066348562747969,-0.83128099121307963,-0.54701130972599787,0.098744826090516769,0.29991065552866247,-0.29181508822821195,0.90823870925144279,11.120606250116873,7.865035339993347,-7.0067442749364828,0.6720722382361138,0.2937395461520056,0.2105263157894737,True,5
0.61122191813836468,-0.78204080521116259,-0.1217371996225298,0.73121960606175818,0.49912168288470526,0.46496820685421925,-0.30286243494059556,-0.37321538641783947,0.87691768190796426,-4.6356871907281452,8.7499757546871635,-3.3657546761824619,,0.5036087608152954,0.3,False,4
-0.40710614227245517,0.82213586542330475,0.39794121137262983,-0.86437882820458267,-0.48756375647612571,0.12300741734775414,0.29515052138818043,-0.29389488283324355,0.90912703599041778,5.0299847751974456,6.6988718966827836,-5.2984688347009987,0.71869591817416,0.6256470069511773,0.6010928961748634,True,5
0.96986963540752624,-0.18136999558226299,0.16265858420926199,0.093726432433648643,0.89405305529760715,0.4380462192238096,-0.22487384502812333,-0.40960231812759934,0.8841140734129076,16.722901410021059,6.1034876375496268,-7.8107167363174179,,0.1071870399712253,0.3571428571428572,False,1
0.76182269652506152,-0.64606267758705804,0.047214358921034288,0.58149226178768476,0.71415982545134071,0.38966972321743487,-0.28546966308230681,-0.26940445493783299,0.9197436116219142,-0.1897825402404644,-7.1588833450724954,0.040786580164872896,,0.4362481492108247,0.7903225806451613,False,2
0.79890266934263521,0.54630762274268829,0.251599893184487,-0.60107161281118515,0.74021288355024539,0.30132673843984076,-0.02162038828914567,-0.3919602892634203,0.91972805244309197,7.1463076598278592,-9.2089248707766451,-1.2026250685057469,,0.2867121810355728,0.2352941176470588,False,1
0.93242051012439309,0.25905082023960863,0.25196163365193402,-0.34373042404959359,0.85097230623802667,0.39710896438964904,-0.11154096952264705,-0.45687942233057388,0.88250768017554826,-0.79305349641780654,-5.6272792865754866,-0.20346107517741396,,0.2385778526200337,0.2333333333333333,False,1
0.60394118959694598,0.75656655335183987,0.25072313386990042,-0.79314199745634462,0.53945641721717941,0.28268807154559067,0.078618136452006104,-0.36958601742019781,0.92586465768398984,14.194579898673483,0.82880560967605266,-5.7481331795386712,0.4831412675470255,0.301457725140076,0.3783783783783784,True,5
-0.97133439447181258,-0.14145547201951938,0.19104932230137195,0.18000485692952978,-0.9626057744122517,0.20245585827525434,0.15526669184940495,0.23104214443240728,0.96047476900656681,-5.6211857002197565,-6.8620864539747215,1.2396420797119105,0.6993345677011176,0.4878306723550251,0.7653631284916201,True,5
0.69008238456021309,-0.71426116032159948,0.11669317621751733,0.65809808670886072,0.68638380271031452,0.30949019959776541,-0.30115313511538788,-0.13677817893571409,0.94371527431593616,8.5427014141149726,1.8746243080527885,-4.7352869381872607,,0.1682138763026436,0.1,False,5
0.43319698153780412,0.75752368777804735,0.4883628135328098,-0.89234273872298431,0.28427733052523729,0.35058641730364865,0.12674703876185206,-0.58765998826242349,0.79911884370255559,7.9924657245950126,-3.379657629721736,-3.1261352107731795,,0.5642273761260329,0.5984251968503937,False,4
0.720703162078145,-0.69161524867261392,-0.047489998674259543,0.62451430499853655,0.61798757282798611,0.47757014425356298,-0.30094656506223422,-0.37384449659409524,0.87730921421329544,-2.9883811856492133,-6.9459944697459104,0.62813350002071033,,0.3079962325388751,0.1159420289855072,False,1
0.96754143106665136,0.078856008106840389,0.24009437551710627,-0.20765926324475337,0.78952039773454108,0.57752504010626016,-0.14401808760756951,-0.60863722491032801,0.78026887602627881,-0.63272519073594391,10.922141062427965,-5.0197204246716476,,0.5448599155030497,0.1052631578947368,False,2
-0.20368533742590417,0.90911489622396635,0.3633488527316161,-0.9412642127690104,-0.28393444949390967,0.18276463047024344,0.2693213045379621,-0.30478079640009559,0.91355060126283816,-3.1526294767248695,3.9098663937765137,-2.3526515496215206,,0.09790062019992643,0.4117647058823529,False,4
0.65704398857254631,0.67275905129264568,0.34013005745523245,-0.75181142617532715,0.55160016764870512,0.36127113712853065,0.055432630759335577,-0.49308469247558329,0.86821351607387398,-8.7252499621718052,2.1700324459032689,-0.41832185845196262,,0.5284840744176611,0.24,False,3
-0.72428265527287083,0.60155383184930256,0.33696828138313162,-0.62337739770738154,-0.78013626546869752,0.052801773910805844,0.29464428604412723,-0.17181500134730895,0.94003422810745119,-0.24732699848881462,12.778536946519694,-5.6784153592740694,,0.3494372381555816,0.1851851851851852,False,2
0.51617409455662,-0.85246000846577197,0.082923085297099131,0.80182618254394789,0.51499624799525157,0.30307365035220918,-0.30106324434519294,-0.089948866125981963,0.94935247636849673,9.937238218143337,12.259707117255285,-8.0834165576867036,,0.1413546588998187,0.5,False,1
-0.93090276389778426,0.27757466202042524,0.2374286233201747,-0.25975950013785404,-0.96006323987611841,0.10394025941233603,0.25679767572078793,0.035083934255128887,0.96582817897469919,-4.958251892473327,0.24030062346723668,-0.85429001081923273,,0.1016540502220782,0.1304347826086956,False,1
-0.17205858481868921,0.84059338197288724,0.51361328796437267,-0.94848130303668565,-0.28217710329040435,0.1440808806485715,0.26604334455126155,-0.46236224820158089,0.84583809931804255,6.5304311100336641,-6.0329160282928935,-1.9842612749618527,,0.1806827203188601,0.1739130434782609,False,3
-0.38083327326949395,-0.9193906697760561,-0.098421615001876295,0.91399069175010461,-0.39041808390449895,0.11042977476434734,-0.13995368292763116,-0.047901107388808095,0.98899871109416404,9.6335246864730539,7.4089204924846763,-6.6460665622213391,,0.1605855313858518,0.5882352941176471,False,3
0.31702515968431422,0.91391309196543247,0.25349143666269597,-0.93508074279020914,0.2565309599354148,0.24457283385021444,0.1584899132123086,-0.31457070259132064,0.93590930141822892,-3.9056840715299477,10.635714442874425,-4.0859416604121908,0.2395094556432531,0.4782457862886865,0.9111111111111111,True,4
-0.23853826075931311,0.93700944345369486,0.25517210081143016,-0.93154441440028335,-0.29503216847573799,0.21255828274648919,0.27445309645466687,-0.18700086214534006,0.94324237362585917,-0.32832570364560182,-1.2328970338367595,-1.5540884010540221,,0.3113978198311977,0.7596086652690426,False,1
0.70268621617268257,-0.70484313347860783,0.097099118373839402,0.64425024569935951,0.68823298054634263,0.33358205198213742,-0.30194983443816303,-0.1718473790209098,0.937707190868456,4.9123412689215966,4.235386209370124,-4.5436394736397476,0.5171553611469015,0.7342293642901413,0.3076923076923077,True,1
-0.15711125015168889,0.87447743104046916,0.45891750639590223,-0.95207643790791985,-0.2575955918306117,0.16490896716067915,0.26242429661968913,-0.41101549079115796,0.8730405230419509,-0.10524807560097138,5.0905812686127163,-3.4702867153032582,,0.7860590543719508,0.5063291139240507,False,1
-0.80393186844556175,-0.58922676595943391,-0.080655868816942672,0.59422389619465665,-0.79029188198237044,-0.1494546836469379,0.024321021542510757,-0.16807902769159178,0.98547345391003771,-8.7638555349142688,4.7810047398019728,-1.1925893766039861,,0.3269696063563945,0.3333333333333333,False,1
-0.042543677643202951,-0.98757704340495456,0.15126671422398313,0.97322392222222831,-0.0067330614450458945,0.22976044720090444,-0.22588765505660902,0.15699123931960729,0.96142005287487131,17.515095687637178,-1.6317446955272281,-5.6995244127059337,,0.5096508770860427,0.8787878787878788,False,1
0.74661873152618385,0.60519835940607924,0.27621624772345171,-0.66523514955330809,0.67623098032742668,0.31650253876421902,0.004760833227571204,-0.42005548088032185,0.90748593787969067,15.865272757989548,11.621495247364594,-9.3767141048699418,,0.4846831657591835,0.7894736842105263,False,1
0.76893124650870559,0.55698475796959301,0.31386735658892762,-0.63931809229164627,0.6730546309408928,0.37184652833875936,-0.0041370292647568696,-0.48658549419251224,0.87362316923848249,-12.847392253928804,-11.036998428747529,3.9054903259953084,,0.4605126972395543,0.4761904761904762,False,4
0.31655870728209962,-0.94538917162834424,-0.077652424377868901,0.90568103261418831,0.27689229339763016,0.32104910063711434,-0.28201498542947212,-0.17195921616730897,0.94387370763695955,-1.672732872697648,9.0348191513381959,-4.2190950542346988,,0.2443402218973639,0.25,False,2
0.47665245659574274,-0.87828849769533379,0.037573267589027598,0.82674200220540883,0.46238724558534455,0.32046169335723956,-0.29883121893576436,-0.12168545490760752,0.94651600760541466,-17.000823916245093,-3.0098641414354459,2.7767916566972746,,0.2215732678634976,0.2,False,1
-0.49634857938089044,0.79690724695634629,0.34435000725283771,-0.81463323746138649,-0.56464011510455459,0.13249237275366554,0.30001795974533413,-0.21475656023314585,0.92944544953809693,-11.372708281436392,3.2241979904614673,-0.040558393394028149,,0.4670351628225942,0.1111111111111111,False,1
0.94843870941077968,-0.2682622142509184,0.16881764983676867,0.20052381217411799,0.92031507326599982,0.33587254527656368,-0.24546734048010238,-0.28470256466107335,0.92665540220355591,-7.2547337854879581,15.364203099305072,-4.6183041673205691,0.2982117768175573,0.222726831295382,0.52,True,3
0.318489741114588,0.83130516412053646,0.45551729814716174,-0.93630104175985118,0.20085323241663033,0.28809432175453936,0.14800217567380464,-0.51825640674700657,0.84232158518080347,4.8323324324081423,9.5982016381396367,-6.1106901704225933,,0.406458819731396,0.3,False,2
-0.66702461250252187,0.62466988035290782,0.40603658319878705,-0.66496301843947958,-0.74494443825780254,0.053683964240957671,0.33600944990240644,-0.23419078651529435,0.91227864443251727,5.8164495943009866,-4.9668669961801353,-2.2340682568251804,,0.2408295378486721,0.275,False,3
0.020927625219166288,-0.99960000813537098,0.019022571814927558,0.971061125150944,0.024850464642476165,0.23753472509853596,-0.23791243288922531,0.013501042286468395,0.97119276981138525,2.073568705581788,7.3460490094403088,-4.6948690417254371,,0.229768418728192,0.1304347826086956,False,3
0.59726906890773135,-0.79060416423620716,0.13496190135908995,0.74204997703127396,0.60857021667059974,0.28107672078880119,-0.30435421947786134,-0.067729955513555873,0.95014796858813233,-14.012996533935313,12.734617932542397,-2.1350554849591674,,0.1812647365291203,0.1666666666666667,True,2
-0.98329926186040584,0.068980849213585924,0.16841675708359191,-0.043651634509252198,-0.98776534874676414,0.14971356191024915,0.17668360543483302,0.1398615681913937,0.97428006513198884,-7.4370260429894826,2.7034970406522909,-0.95456226253891296,0.3704863228043987,0.2705218015022411,0.3539823008849557,True,2
0.9800075854995427,-0.055729504107344272,0.19099569297579921,-0.018049343199555291,0.93110878622067317,0.3642947288017343,-0.19813973244511296,-0.36045894439535547,0.91148779247555756,7.3917556246944907,-12.416529900964008,-0.16898086260394685,,0.2915974917819409,0.90625,False,2
0.042439558170965813,0.82371908530019367,0.56540759847606037,-0.96883597055339477,-0.10430135585372464,0.22467329465011349,0.24404045989162371,-0.55732225478558395,0.79362217601110308,7.5918793249752152,7.3751616244543925,-6.1902738260516061,,0.5519303514744969,0.2,False,2
0.4343315788092959,0.72838960835214994,0.52991004717180612,-0.88955412309295467,0.2543745104068863,0.37945628278311738,0.14159640439413931,-0.63619351372036048,0.7584248620415821,8.3754159702923534,-7.3937360222771353,-2.0300738523155899,,0.5866631212793793,0.3421052631578947,False,2
0.91204251775976619,0.35076022741853508,0.21247519539872117,-0.40787477897944935,0.82970537237226882,0.38108681390079668,-0.042621713608118228,-0.43423065059699872,0.8997928270503246,-0.99407317718859245,18.480777291624573,-7.0145687052763206,,0.3848962014690973,0.2857142857142857,False,2
0.039367828100254521,0.95356039129607706,0.2986180742385523,-0.97320469792447362,-0.031165116381708227,0.22781868110110945,0.22654533773265612,-0.29958523940973347,0.92678254961960205,-16.406021803228491,8.9695480960158473,-0.56704662584769649,,0.1605096166408896,0.1111111111111111,False,1
-0.49825381563797488,-0.84770327518028576,-0.18205024704958755,0.86080359589909805,-0.50876850130335693,0.013106539158697972,-0.10373188752443145,-0.15017912414897444,0.98320187458144415,7.2817845478206875,0.63132738934245214,-4.0099082836222673,,0.4501248467360998,0.1724137931034483,False,1
-0.97249026821970896,-0.12295442080069197,0.19785067253745967,0.16683658019241329,-0.96038559314021188,0.22321529517132985,0.16256762816643172,0.25008343186682686,0.9544789381531954,-1.0652144961282046,-3.9668691683102435,-0.62150789527102757,,0.3754924356646061,0.9633333333333334,False,1
0.10632621632464856,0.88388221270027034,0.45546346702469787,-0.97143466085001162,-0.0053942186254462288,0.23724586846696291,0.21215427269161138,-0.46767845415145526,0.85806027066937329,7.5653331210156782,-1.9203304554553702,-3.3327076280374119,,0.3480941948472074,0.2777777777777778,False,1
-0.081159300356796318,0.9152735012991583,0.39457266223748444,-0.96492053894009611,-0.17132365464996982,0.19893858069497963,0.24968284181567299,-0.36458554987404335,0.89707070809713307,0.032698585132485913,-10.322053486155266,0.85361781500142397,,0.8150421073647247,0.2976190476190476,False,1
