axis_00,axis_01,axis_02,axis_10,axis_11,axis_12,axis_20,axis_21,axis_22,location_x,location_y,location_z,dbh,dbh_approximation,score,reconstructed,number_clusters
0.90407669908381327,0.42736537483255127,-0.0020392567150829058,-0.42110871885055556,0.89163448765384545,0.1662990899984394,0.072888744547842818,-0.14948838356373509,0.98607324986419809,3.0747466800197101,-6.3952051108347989,-0.73127187801511129,0.5503798861550246,0.4128658731221038,0.9770992366412213,True,4
0.52328516792008439,0.85175861331048441,0.026074847770390677,-0.8435798233918238,0.51344461039085132,0.15731406048667626,0.12060561595990411,-0.10431633003507559,0.98720432975496242,10.021403968297193,-6.5751364402363155,-0.74131744662655386,0.4724140827173692,0.4492792249842952,0.7906976744186046,True,4
0.34838026368991365,-0.93048317966617489,-0.11327949606910884,0.9250475622133536,0.32176883655098493,0.20187080885496383,-0.15138758044991035,-0.17511672730767475,0.97283910915555349,2.870964616523815,18.048507713129712,-5.4061547876400065,,0.4217869080944417,0.9166666666666666,False,3
0.19516516820776475,-0.94359358938905369,-0.26747279334974627,0.9668781186050982,0.13936861713521562,0.21382958710263336,-0.1644909142813058,-0.30034567854673533,0.93953989404239779,-15.126090361183149,1.6069706278673366,-2.4469293762493272,,0.3962064551991802,0.2941176470588235,False,5
-0.52673789670649351,0.85001695163310542,-0.0042860365818869761,-0.84336968286066005,-0.52197557570586917,0.12755028968228727,0.10618270200333055,0.070800284624347218,0.99182284380446806,5.9108941410248379,-0.29612033719385045,-1.9282090006854862,0.1546553345188339,0.09995163041460639,0.639344262295082,True,5
0.49518105320890576,-0.85919043759165514,-0.12879253275706012,0.86203561225539826,0.46745353325485156,0.19591272917045383,-0.10812181901160871,-0.20803602139681232,0.97212688783666779,-2.0466046644214106,0.82930361179318024,-2.0647060499752885,,0.07728623914196,0.2741116751269035,False,1
0.46516637263960559,0.81939497499535696,0.3349807766390045,-0.88174446172456911,0.39536749545185335,0.25731546350380818,0.078402487099341639,-0.41506194536778224,0.90640864488604156,-11.192345901129523,-5.9242370419107626,-1.0738339133786781,,0.487495617091976,0.125,False,4
0.99813930399310258,-0.059990585694526331,0.010911436761146521,0.055972669731307413,0.97244856960374249,0.22629812133286795,-0.024186567911028342,-0.22526630707600981,0.97399697167343491,11.239291245494405,-2.2358238553433485,-1.5014242686395112,0.1708072291823387,0.2185050708544659,0.5357142857142857,True,5
-0.82884249811562538,0.49051762888448786,0.26909583622008815,-0.55021880860556582,-0.80180428884166843,-0.23317192166248826,0.10138725745437857,-0.34132438844689317,0.93446149512820098,7.7814254437391499,0.96890441380224346,-2.1815538042095324,,0.3665952692837978,0.4444444444444444,False,4
0.99866471374021126,0.049261923887500926,-0.015558032815367679,-0.046209608931474938,0.98646789792755152,0.15730784596070879,0.023096787061886781,-0.15637886434329934,0.98742705513577944,1.8759436758483281,5.6399616159595798,-2.9871655868517704,0.5007725122621328,0.4740278177156842,0.958041958041958,True,5
0.29422100354407965,-0.92479475628994012,-0.24122325719578916,0.95394831303880556,0.26872626715684911,0.13329969763793084,-0.058451835932952056,-0.26933409007880316,0.96127130967146357,-6.8769038223929986,-11.939411776776744,-0.042654348321171029,,0.3368949509464656,0.6,False,2
0.64786464996355508,0.73742896176796158,0.19097099694306388,-0.75937898666243309,0.60543125673424347,0.23832026347906665,0.060124453786604595,-0.29941863621862608,0.95222556694400995,4.383857531671449,-7.776275671595605,-0.47230061722649491,,0.3861525444239356,0.3765432098765432,False,3
0.63050367083179126,0.72681414957185897,0.27240835715846162,-0.77109784779008084,0.54640738822413992,0.32687470876098634,0.088731224499281641,-0.416149201700796,0.90495669052316974,0.49770785976539983,-6.7138315720025057,-0.66391277803741799,0.6480443211350386,0.3639169049286892,0.2765957446808511,True,4
0.99446079293311518,0.10243254073850588,-0.023564929804575693,-0.091544468304741999,0.95424409190152959,0.28467143058942157,0.051646312953030321,-0.28093733761976192,0.95833546876314535,13.225254064221653,-3.5548400889111105,-1.2548470246314034,0.2186641213630122,0.3055819070213516,0.2592592592592592,True,5
0.31639896091580316,0.93953504898481799,0.13101751509052315,-0.93940922960362561,0.29111595675640373,0.18100220732722164,0.13191662847011723,-0.18034797323756935,0.9747166827761683,3.1937352861412829,16.51249034030608,-5.0753573225426729,,0.2767023161834967,0.4375,False,1
0.99289028522719414,0.11671774827435777,0.023363405985119677,-0.11855393994825,0.95206429913442936,0.28199030769942302,0.010669809005253848,-0.28275526087313069,0.95913274244202495,-13.546143895187683,-8.8215739902553985,-0.62344117354878792,0.1935327033881627,0.2313147582978849,0.3235294117647059,True,5
0.65001084556808009,0.74375978948183907,0.15590790933688878,-0.75161456265996618,0.59896818826985954,0.27624745906196035,0.11207787400435884,-0.29674649954237381,0.94835650742113331,6.1508624959664111,18.910512927496647,-5.6311942900444025,,0.6796600558165781,0.5490196078431373,False,1
0.92746491641816853,-0.37286447137837414,-0.027944852784817856,0.37235256706397951,0.91420361921335136,0.15995408221759777,-0.034093908756612841,-0.15875713716534112,0.9867288263675893,3.4696489756793474,-1.6588375763382321,-1.6296583320806317,0.3248277338839867,0.2603461540983356,0.9440353460972017,True,5
0.15805957356945466,0.98413106490958968,0.080642533956708409,-0.97789911063811252,0.14469162942737854,0.15092270136344088,0.13685941917248629,-0.1027150400553246,0.98525079037278718,-15.04918100756103,11.701420217123994,-4.2263499466230705,0.4356083277511775,0.3935551718700903,0.864406779661017,True,4
0.98350255065467918,-0.15938378845210271,-0.085554315112658763,0.1799661149506476,0.81425764491106534,0.55190278598087961,-0.01830110175128994,-0.55819467543370693,0.82950815185394511,13.088758627382965,17.370286532336099,-5.2342728238852141,,0.4363140019174605,0.2432432432432433,False,2
0.61775780356598264,0.78614752725102011,0.018637637469339819,-0.77758132547150771,0.60714997766572032,0.1635120390016826,0.11722874396369376,-0.1155031169173415,0.98636527289390752,8.922190040208946,-10.144634677776709,-0.0082725328751801636,0.684055491078838,0.3351150765739258,0.2941176470588235,True,5
0.97351096539656523,0.22760880591695898,-0.021694048070938995,-0.21907235658132226,0.955724865961606,0.19646191275811409,0.065450002555798914,-0.1865052601181183,0.98027143440667441,10.796139012280843,0.94423002296948044,-2.0853161037468921,0.2829105312418349,0.2810576802720023,0.25,True,5
0.76332487980124974,-0.64413692075937135,-0.049221491150137499,0.64166843897708725,0.74716186418935038,0.17323614842694623,-0.07481137812603024,-0.16381933956566347,0.98364957260558683,-16.463128794202206,-8.4400912383198854,-0.80251570879451506,,0.155432891670738,0.2608695652173913,False,2
0.15875209001027257,0.98269469053412939,0.095440657549084304,-0.98489882576067422,0.15085787224146285,0.084948251294677049,0.069080220994257202,-0.10748510398566757,0.99180384930114796,-10.788764459413056,-12.142414415497552,-0.085339818208337151,,0.2733033464864381,0.4,False,2
0.15320710346834721,0.98689988901916514,0.050558802406687454,-0.98013315798591227,0.14523674471304562,0.13507509245497656,0.1259625978749325,-0.070248822332598493,0.98954460581495807,-5.6907423761003617,17.808039231818611,-5.3662389831481292,0.4843628335899687,0.4058868804863601,0.5,True,5
0.76656886241155098,0.64196336038773161,0.015975703450911486,-0.63452822523649222,0.75339701464240572,0.17253077901098607,0.098722391377476723,-0.14239375775504171,0.98487456419236963,4.3192148306671765,-15.077882304655075,0.76206765952368904,0.5878784783550738,0.5055645955731249,0.9559748427672956,True,5
0.56534022745123891,-0.81781987882916729,-0.10752243029818707,0.81881273755879513,0.54065624613545937,0.19296767689482616,-0.099680128595693168,-0.19713312584789139,0.97529605897726579,-16.918196152261608,3.2346485867531944,-2.7601385592792722,0.2961714027597668,0.3778443937579316,0.6571428571428571,True,5
-0.96988256856947774,-0.24099140790220874,-0.035368693817873414,0.24199608978055565,-0.96988683082017924,-0.027521408621459104,-0.027671207346129129,-0.035251620089002005,0.99899530908063183,-0.91030759774375014,-12.400722059170631,0.20927732426484916,,0.2989449715728993,0.7543859649122807,False,4
-0.25055972584774261,0.96805074926818024,0.0098777843881129122,-0.95985750159438232,-0.24974190926828302,0.12768146062769942,0.12606903036072792,0.022510566326653672,0.99176603792807838,3.9452343553602169,15.073831019879686,-4.8262489103183217,0.3569255679113023,0.3096584286968326,0.9292929292929293,True,5
0.99330199414988507,-0.1049926251088449,-0.048246213225647552,0.11554463802289233,0.90531400863520384,0.40872482478192629,0.00076488039577270878,-0.4115617747575826,0.91138154497244894,6.1192261361762057,-8.2892170093453093,-0.41192794602681637,,0.5885001612060189,0.1935483870967742,False,1
-0.48600242752272732,-0.86154537335196091,-0.14676924098000593,0.86501903045921102,-0.49815710060001694,0.059846303688631738,-0.12467444559902208,-0.097872737662821563,0.98735870373282331,3.3029965903363641,4.5616706323531027,-2.8078604465931609,,0.1730081403033663,0.1071428571428571,False,1
0.96213060643694281,0.27258232560862095,-0.0018899531941976022,-0.26820915154852498,0.94788702910032108,0.17197101816581525,0.048667722187306958,-0.16495167725477217,0.98510019642061608,17.951268339962994,-3.2930110814710845,-1.1551887931023357,0.3327210655609639,0.2532330941677805,0.6428571428571429,True,2
0.96825866499583213,0.24005420975768413,0.069635723864281768,-0.24425678254629096,0.84961588681866429,0.46743071042184237,0.05304509252157686,-0.46960283351247795,0.88128281324239421,12.487388331115287,0.14781103789911765,-1.9000018710782625,,0.507643705350803,0.3125,False,3
-0.17845459759143417,0.94340646619489865,0.27953210216383406,-0.97476575543957411,-0.20822633393881188,0.080458162275301157,0.13411069540046222,-0.25812019176355672,0.95675926333803962,-18.903629909260079,1.5724279569002937,-2.4944179532519888,,0.3516377506368231,0.2380952380952381,False,4
0.54511053502371276,0.82562955098685342,0.14556905283544447,-0.83218266596284507,0.51182563682688031,0.21332259129714887,0.10161946209822992,-0.23742443434492003,0.96607614756749949,18.059304790349394,8.4175560795477615,-3.432379668909697,,0.3045795198508776,0.3684210526315789,False,2
0.28265788646686635,-0.94752359181129298,-0.14934377181225419,0.949189975061832,0.25383412810043532,0.18602856407985074,-0.13835790711124357,-0.19433805178738997,0.97112811264388721,-16.068014707744194,-4.1583289451044045,-1.4754378697222199,,0.3510300880447718,0.3684210526315789,False,5
0.87976818213267249,-0.45750012825862779,-0.12923458650962269,0.47216600309823975,0.80920467849974276,0.34963846157475664,-0.055382408987034025,-0.36862097191759002,0.92792853595377989,0.53734887690525979,-11.194102529357565,0.021181492361653703,,0.4646296334597528,0.2456140350877193,False,3
0.16561733715377436,0.94415067571759315,0.28486909129651927,-0.97190425225527799,0.1072720827749975,0.20951091786640325,0.16725137393217934,-0.31156412148886103,0.93539017319975726,7.2061198457367066,-7.7343841150600703,-0.4839355962413639,,0.3905737349599794,0.2368421052631579,False,4
-0.95831118355678735,0.28554971404210311,-0.01005168047955202,-0.28508436902904516,-0.95320808249673106,0.10060444323297441,0.019146226920757244,0.099275940052857989,0.99487572576745498,-0.023526488063256145,8.4432938428607951,-3.5887232086771785,0.4497670841315747,0.4057627147442165,0.9724310776942355,True,5
-0.033727101986045969,-0.99334382729114612,-0.11013865522241431,0.98358277857988574,-0.052537484000034607,0.17264046587060289,-0.17727774894976397,-0.10250782193337796,0.97880781881316214,-14.203178209034427,5.4628151202771011,-3.1306925800254994,0.3691576573230526,0.3121441885039035,0.9122807017543859,True,2
0.42777031480039607,0.89984937737244175,0.085344336765832141,-0.89281820930105327,0.40591267969359984,0.19521921422960004,0.14102553994235092,-0.15970596265133816,0.97703930452033405,16.361275428957196,-13.241551156325164,0.70176884286685248,0.4483202078141693,0.3974353964224117,0.4736842105263158,True,3
-0.44219927242176993,0.8928645981272445,0.085162273811422176,-0.88991602598261332,-0.4486056760632407,0.082476748863881191,0.11184484864744683,-0.039316113934582661,0.99294761846540147,6.8181526320243275,6.7452074897300802,-3.3220119213423178,0.5578831250236267,0.5123030285586362,0.7285714285714285,True,5
0.55519853952967635,0.83000574479406097,0.053338966178323552,-0.82210395888648724,0.53792859054189002,0.18648837030974014,0.12609386379709928,-0.14738824609334927,0.98100817653383865,12.256282189680419,-17.579894370812411,1.4172846497395255,,0.2164775169550138,0.625,False,4
0.85020741979225378,0.52588066406902467,0.024430933026011611,-0.51859138534316362,0.82862950230408572,0.21079877361868868,0.090610807181363495,-0.19189235281690198,0.97722413322243351,7.1735621023348264,-18.077323492514694,1.3731095350530149,,0.492308153429304,0.9642857142857143,False,5
-0.0010848743469925853,-0.99950908850086051,-0.031311420469701229,0.99080823409325247,-0.0053098645129055081,0.13516970293621819,-0.13526960597511228,-0.030876971079329889,0.9903275954734897,-1.3383607214775681,-3.0518819530238694,-1.371682877737926,0.3628592917906756,0.3448513998625947,0.9478827361563518,True,5
0.89958845037022872,0.43586834209628833,0.027557364146890695,-0.42299807196471018,0.85384679580111966,0.30334515063587253,0.10868878081305926,-0.28454250589041225,0.95248218422549835,-11.326732450990296,17.176177597613307,-5.2542950887905144,0.8779722574907737,0.6398947756576302,0.9552238805970149,True,3
0.25996087246186944,0.96484619235293168,0.038628614923560567,-0.95623018404821425,0.25166212471925392,0.14929839281421839,0.13432862652458585,-0.075749588011023036,0.98803735759948763,-11.490881307562336,-0.56328005649984303,-1.9863081867714858,0.5389328032506746,0.5436197379943477,0.8647798742138365,True,5
0.9061742091338012,-0.42125683143392079,-0.037295906893150023,0.4209334422925417,0.88993138745194578,0.17560513314708656,-0.040784063805373916,-0.17482793712135289,0.98375395935234256,15.804139405064515,-0.65272387169316282,-1.718471187930616,0.2497834953023776,0.2456465871934858,0.2,True,5
-0.76373850371936747,-0.60514180962029196,-0.22473737603251318,0.63769479090167758,-0.76133757362219157,-0.11709164209258985,-0.10024396038349033,-0.23274124954668343,0.96735859905522148,-4.1180405423771793,19.548663153805556,-5.7223882615887742,,0.2410532666660856,0.282051282051282,False,5
0.59529261787749355,0.80282543330809741,0.033136426093138188,-0.7949832598808132,0.5824835065278835,0.16945377284751365,0.11674037694746389,-0.12721748408393718,0.98498091155794332,-3.4294658521458308,1.4766922455195144,-2.2205058248389875,,0.6443018932023776,0.9938869077941925,False,5
-0.095032632293702859,0.92063292830717969,0.37868695530197222,-0.98674657966230483,-0.13737980390876342,0.086359579681312248,0.13152941239157526,-0.36546107972606012,0.92148695752104359,-3.65593187810626,-4.9219831472625,-1.0650753271111728,,0.4556693715989992,0.3208333333333334,False,1
0.12490657690170572,0.99186370626732268,0.024591365076960359,-0.98298052174572181,0.12034657655796889,0.13880200063142267,0.13471318018370282,-0.041510115639769432,0.99001478240699303,4.8712693378417677,-4.3429857463589272,-1.1770964780839668,0.5047795108571412,0.4396714919237592,0.9424242424242424,True,2
-0.51005988385658829,-0.84130682114133859,-0.17900208820363045,0.85446967259875506,-0.51945850557971762,0.0066663025631703843,-0.098592563052093893,-0.14955164219072586,0.98382610904004608,-17.758776952625247,8.4589733243615406,-3.6831686531838947,,0.2745140660129558,0.3076923076923077,False,2
0.4555822187691379,-0.8878474174896166,-0.064589513068361679,0.88343957350819891,0.44201299955237261,0.15543174767841422,-0.10945027136120403,-0.12787287235271239,0.98573280690825427,16.082811194765554,2.0010292465378492,-2.3560636697256854,,0.253435677441463,0.9545454545454546,False,2
0.70909356606580276,0.70477735308400102,0.021799017041841735,-0.69602903339520894,0.69467548308218852,0.18157521272315083,0.11282685511442853,-0.14392656385961472,0.98313541538312488,-3.409141876688297,-10.160376219197021,-0.20323010174495632,0.386318108396045,0.4082816154815636,0.36,True,4
0.99791119556240759,0.063802842829188397,-0.010121413839982617,-0.060730308701319825,0.97995451848191384,0.1897392192244991,0.022024426808629975,-0.18872821451440169,0.98178235147610859,-8.3284243248371492,-7.1761130465472771,-0.81675722698841913,0.4995243523831651,0.4297050913461088,0.887459807073955,True,5
0.33137679751581922,-0.93996756092612632,-0.081549999845179716,0.93525373295189607,0.31585016463359189,0.1598096633513641,-0.12445831859583768,-0.12922715623088712,0.98377358626097222,13.126598970389042,-9.6613362854316698,-0.026807518286898379,0.3705900810225599,0.3470076699365339,0.5806451612903226,True,5
-0.6439062905537184,0.76109880605111491,0.078187571985057644,-0.75800280055183333,-0.64848106885575396,0.070028977511292889,0.10400213142493177,-0.014174299392455363,0.99447606602462002,13.6307016734477,4.2992183391306433,-2.7599462203136222,,0.2007468966868937,0.4074074074074074,False,4
0.70799547458762502,0.70606861090349249,0.014474966675546468,-0.69747391850777152,0.69586831075982658,0.17116491194658454,0.11078150100472615,-0.13127989479383387,0.98513605570908902,-3.837738397796381,-15.16174277090877,0.56628940980084519,,0.2583047082341658,0.7916666666666666,False,5
0.13945993479468818,0.96145989762879436,0.2369510325756978,-0.97958648392970782,0.098967033251878334,0.17497384613579728,0.1447799954734541,-0.25651587003721554,0.95563505656173808,6.1091812745737863,-11.123449695845473,0.18152443011168143,,0.1355014353823237,0.4736842105263158,False,5
0.13992965420161368,0.98986978528344871,0.024031230886383134,-0.98065579079363163,0.13519060288992613,0.14155465684029578,0.13687188118065882,-0.043374059910921123,0.98963871138355819,-4.9741214154510986,6.8914824830789172,-3.1951582520193034,0.6551114960504206,0.5914395527445128,0.9924385633270322,True,5
0.99823846928553217,0.059120454483729191,0.0049729568783863469,-0.057579475773254195,0.94518230595670061,0.32142652733719779,0.014302531529565499,-0.32114666488694921,0.94692146307063618,7.7412267217401967,-5.0615317162574547,-1.0126644521212984,,0.280504762082716,0.2439024390243902,False,2
0.89022455161376612,-0.40025034934876352,-0.21748541456902801,0.45336212913245688,0.73206059801049905,0.50847818115332744,-0.044306066994879337,-0.55125941142687374,0.83315666818476675,4.9528444823060944,4.9067014986034465,-2.8879868713221852,,0.1972388244575308,0.4583333333333333,False,2
0.97104670405596638,-0.22750477093097604,-0.072868907949060008,0.23804349206997896,0.89584102405516475,0.3752387979712703,-0.020089659658001177,-0.38172036731544473,0.92405950390187941,-2.5794881684179041,3.3030701435861918,-2.5701772823444426,,0.6025032557697971,0.3348946135831382,False,2
-0.15301637541094046,0.98018881569982397,0.12576118015140364,-0.97968564667897373,-0.16715331547539414,0.11079622203298972,0.12962261587893645,-0.10625278679902486,0.98585410824834585,9.5493726920681752,7.8254393007971172,-3.398886873453856,,0.670804251624713,0.2333333333333333,False,1
-0.9845582893268412,0.1749513047470603,0.0060840681377841137,-0.17464606646658373,-0.98403350202772044,0.034304786179340935,0.011988593977343576,0.032712503028076365,0.99939289859398361,-5.075997322255609,1.44814293327392,-2.2251966644004888,,0.119567525305112,0.1071428571428571,False,4
0.1853474316541221,0.97826270868958076,0.092996786861401642,-0.97344558187758123,0.16984429360724992,0.15348164402322437,0.13435039524407077,-0.11897473982479939,0.98376571529067991,-15.583469696323823,-15.062433344212602,0.31609338967965001,,0.1935655776595728,0.3333333333333333,False,1
-0.36852412558047432,0.89184128439264043,0.26231487246824642,-0.9138485944624366,-0.39930470306066695,0.073732628548438581,0.17050136440561481,-0.21254382504913699,0.96216132076139149,13.959520114526109,-4.9963836203011365,-0.95990750571450223,,0.4427789902907232,0.2222222222222222,False,3
-0.72760816028848541,-0.62666793125371156,-0.27905854048890605,0.67979084557151281,-0.71325271339773566,-0.17074827409943064,-0.09203679350549239,-0.31393927879282646,0.94497161749560821,-15.965890463815063,15.738026020194306,-4.9733831953724428,,0.4198068936451622,0.1904761904761905,False,3
0.37922181148234319,0.88660508366227575,0.26480604849636519,-0.91490743071677916,0.31649430955159602,0.25055088353602045,0.13833007957516699,-0.33728738139110348,0.93118312454589713,6.1600212084496357,3.382182632117769,-2.6479099472956467,,0.2883892469658249,0.2982456140350877,False,2
0.77937571868934508,0.62614680566552627,0.022664220090791696,-0.61446297477350187,0.75675909041029366,0.22304916882580686,0.12251016998586352,-0.18776543035458357,0.97454368881738285,-18.725217183572425,3.6471401130359302,-2.8487630287013186,,0.2334769727339017,0.1428571428571428,False,4
-0.75290706390276141,0.61793331969819176,0.22647155567994645,-0.65374879356468507,-0.74184849672809461,-0.14924249667901143,0.075785671719933473,-0.26042123628659436,0.96251613578834083,2.0538988273586547,-10.22913117885469,-0.093885901356864865,,0.7852988524767308,0.3956043956043956,False,1
-0.52323474305867512,-0.83629153731029438,-0.16383488114411374,0.83307848303672016,-0.5424452237226759,0.10832091377796205,-0.17945931226202466,-0.079810048763546748,0.98052267253684666,-3.1909047463645885,-7.1976494005019847,-0.66616916999197184,,0.22928175516009,0.2941176470588235,False,2
-0.98886612673939966,-0.14187525280993615,-0.044890934803542205,0.14812754522485441,-0.96730034370415463,-0.20588413104337211,-0.014213153523334764,-0.21024142719726374,0.97754617719930792,10.296990689115265,16.212572250433858,-5.0512908324567567,,0.4056979291417237,0.2083333333333333,False,3
0.79355599124420162,0.54528944442194771,0.27005242187848905,-0.60127408653586156,0.63450553041362212,0.48566676305363421,0.093479204216227879,-0.54777929285117477,0.83138407772976319,-0.83367049881708133,-14.912328956780335,0.58317742717972654,,0.5846542994594148,0.2058823529411765,False,2
-0.90323818800183897,0.42530592891112079,0.057233229580405283,-0.42740193527210329,-0.90353422275704942,-0.030878698684940059,0.038579287977042256,-0.052352412932577759,0.99788319126003966,10.205371430864149,-0.93117113309149646,-1.7234961472299528,,0.5057022514628824,0.3478260869565217,False,2
-0.67379158340683276,0.71196145342379058,0.19777712448308229,-0.73367837398369151,-0.67642978847061586,-0.064488641001685054,0.087868911901533245,-0.18855670263419816,0.97812341972419747,-17.834023131502253,16.285923419547483,-5.0607609438597452,,0.5652088506437509,0.2083333333333333,False,1
0.070889908139057906,0.9560768310583454,0.28441468674713072,-0.98059261333662195,0.014545336686313436,0.19551613705864898,0.18279154136253284,-0.29275506194447676,0.93855299589964292,16.799518422466466,-2.5161456165600464,-1.3039576070442049,,0.3816468375379318,0.4285714285714285,False,2
0.22173951856508475,-0.94201811228704146,-0.25186000482348064,0.97357082056038891,0.19939050763587621,0.11137002656944701,-0.054694087979380177,-0.26989868763642932,0.96133410173167022,8.6257871841397904,-0.75041004472159201,-1.764209194893033,,0.4522703765325783,0.512396694214876,False,2
-0.88134986867430931,-0.44066890624438049,-0.17039167836828017,0.46608108292734707,-0.87001386401921255,-0.16076162648975326,-0.077400472382599103,-0.22110357637030842,0.97217404583295153,-13.012335843150995,0.17725932624048379,-2.141975508084446,,0.4291050347599276,0.5263157894736842,False,2
0.63762000897538906,0.72618233410941224,0.25709908942201354,-0.76339666525865157,0.55089201772868179,0.33725882683006259,0.10327756593855723,-0.41131156369621497,0.90562494551750228,-6.7892051589761024,-4.9996764795155002,-1.1458923144615041,,0.3646507737859832,0.1111111111111111,False,2
0.00064913728196763624,0.9858477811343771,0.16764167457173118,-0.9910241622670718,-0.021776358740831409,0.13189730855039833,0.13368129421739425,-0.16622256956387016,0.97698483557522331,21.090527862342029,-3.5009452557534053,-1.0520147325119105,,0.2124018491620281,0.2222222222222222,False,1
-0.16093614064757714,0.97424141502417816,0.15796589468980271,-0.97845504446958709,-0.17846404346852368,0.10380901281142677,0.12932627183013271,-0.13785590462708303,0.98197274146178137,2.2900004043654212,-16.454838877704546,0.97219589499469672,,0.2577610310389327,0.1428571428571428,False,1
-0.921034107850499,0.38520562962904237,0.057556885583989491,-0.38578703603896608,-0.92258721724461612,0.0010905966739536699,0.053521350882661287,-0.021200223558461521,0.99834163266928133,-5.1513965862763804,-3.2792042923984113,-1.3986438709862163,,0.5284897566420943,0.1291208791208791,False,2
0.71060452804097995,-0.68684788086790638,-0.15258175931258391,0.69873228162878642,0.66345946515015031,0.26757192811000885,-0.082549399376903504,-0.2967516245110437,0.95138008703807198,-8.5159984508623605,-0.46694081833054935,-1.9044973865122388,,0.5214075557965308,0.3833333333333334,False,1
-0.37247088430288872,-0.92691164467217113,-0.045828411687024895,0.91888354291523977,-0.37526559382222657,0.12177343163756651,-0.13007103792221184,0.0032460844694901549,0.99149936360516921,3.5171309291395789,-9.7864613864889751,-0.12254016869238266,,0.2343105214434338,0.25,False,1
0.20028936613723211,0.95701734874285171,0.20976645112493308,-0.97050229561408419,0.16447374714674956,0.17627728358271272,0.13419934433572633,-0.23888528775274173,0.96172987645967967,-12.894621749877915,-1.9851426318779879,-1.7602483562161175,,0.290119285958423,0.2692307692307692,False,1
0.25830851400650567,0.96066163583612973,0.1020094751697148,-0.95682048707982692,0.23983608960192465,0.16423521433839652,0.13330891604117251,-0.14002810988193526,0.98113243822983376,-0.031594826670950156,-16.870046346499194,0.94530541909112864,,0.2026449052195556,0.5,False,1
0.34365630902913086,0.89981300909175521,0.26876921314338886,-0.92328923925886319,0.27145001624633591,0.27175700423108617,0.17157308044464659,-0.34154273136623153,0.92407317930866806,10.906361163621005,3.4103141003735975,-2.6170093490586841,,0.331017321110665,0.2564102564102564,False,2
0.75169047633885921,-0.58521179089629682,-0.30411936402900935,0.65512348300677359,0.60942696991701217,0.44655569680706586,-0.07599111655011874,-0.53490740145722349,0.84148643605927942,-4.2098965705094917,-3.3962921978906739,-1.3610885637126411,,0.6820078253161014,0.4133333333333333,False,1
-0.64859403697014839,0.67556559940670036,0.35062358178683656,-0.75564531026942672,-0.6267504049157866,-0.19022117391530877,0.091246590481981651,-0.38832338435402269,0.91699455226803295,-8.1553733457414932,-2.9086529753053623,-1.5188612154187344,,0.07263332217708393,0.3333333333333333,False,1
0.49936833165999867,-0.86286689711070208,-0.078051183243173922,0.85966552990495604,0.48227567502669239,0.16847952389171911,-0.1077332169219023,-0.15123125056713052,0.98261012758039523,18.225497811841056,20.253600417625076,-5.7106643459983921,,0.5211889468285855,0.9142857142857143,False,1
0.74549058153626602,-0.65354654879872831,-0.13084609812291281,0.66205027236942848,0.70339896051070672,0.25868772527513278,-0.077027460663617806,-0.27947595765240396,0.95705797076142973,13.20022029627528,-12.483743416491723,0.52609882612275538,,0.1951618939417953,0.4375,False,1
0.25851320225980073,-0.86981383508750709,-0.42023186046246719,0.95789312353960965,0.17454859657175936,0.22797708505540573,-0.1249467411856502,-0.46147229572878179,0.87831180803965847,-20.251144080133937,-5.6822701725652678,-1.3367550469931051,,0.454380004736824,0.1875,False,1
0.7936135932319669,0.58351292414332756,0.17230824703173742,-0.60109504789378676,0.70813709383725765,0.37044108806838627,0.094139301224373112,-0.39756071698474799,0.91273395262560497,7.2540198837636982,18.179941183046083,-5.5111146100481392,,0.2745177518084252,0.4090909090909091,False,1
-0.64120783532465531,-0.67030017635402073,-0.37356416516849889,0.75901196179430108,-0.62564313401253313,-0.18019853139285302,-0.1129307476794303,-0.39908438010368585,0.90993313149144095,-8.8391040430338048,1.945331395519744,-2.3962221079335633,,0.4258045110842282,0.1764705882352941,False,1
