axis_00,axis_01,axis_02,axis_10,axis_11,axis_12,axis_20,axis_21,axis_22,location_x,location_y,location_z,dbh,dbh_approximation,score,reconstructed,number_clusters
0.52923149680189396,-0.81472255604148724,-0.23694129962936539,0.83684478847185795,0.45512688517962313,0.30422083819847956,-0.14001722322742416,-0.35928634132669163,0.92266380775218559,7.6322890759009754,7.8374581033762594,-3.7321991856390633,,0.4442562918620695,0.4174757281553398,True,2
-0.88968163775455256,0.4302612389137328,0.15278039707631497,-0.44404128566301815,-0.89325311835616317,-0.070186915972451386,0.1062728566902702,-0.13028481429318498,0.98576465096668942,-9.2653239332894319,14.714845518638219,-4.2553233967008328,,0.3207615645414365,0.6875,False,5
-0.87018106395544736,0.45422551722824361,0.19095574207679272,-0.48309174051976006,-0.86276821921134306,-0.14917563527759833,0.096991165447956204,-0.2220589548242107,0.97019716264655442,-4.2478629680010158,-14.572834477985467,-0.92633857663154884,0.8138884930771211,0.3794916946088749,0.5,True,3
0.93338217399396672,-0.35016488292657044,-0.07862742546541257,0.35287878159560304,0.85555531348077507,0.37881614415758036,-0.065377999127386593,-0.38132618627604786,0.92212583571347007,-3.3877221904160892,-16.433867500807846,-0.68537231225748452,,0.4693142914705722,0.5454545454545454,False,5
0.040482557667782179,0.98519135685466552,0.16661078267488685,-0.99001869087045147,0.017020941501172868,0.13990453630090499,0.1349968675630375,-0.17061148240747845,0.97604690861602084,-13.910741363801733,-27.339626937738842,0.51609151672466091,,0.4680667042806159,0.3333333333333333,True,3
0.47218512225613396,0.82332822152254492,0.31491562356364966,-0.87544350661533477,0.39619116419924,0.27682346023322629,0.10314977966532725,-0.40640275719410834,0.90785291864928264,-4.9670098153216147,-4.9631699156409192,-2.107940032388365,,0.4723668160640019,0.2352941176470588,False,5
-0.97597191257318849,-0.21619856466906834,0.027147863696212492,0.21775507442406042,-0.97222546308065905,0.085792636631420824,0.0078455994548126649,0.089642788737487336,0.99594307919507219,7.6176656067815722,-13.432448205631076,-0.98970307744130781,0.3181326034398099,0.338053748281036,0.8777777777777778,True,5
0.88716483745819175,-0.42365240362600315,-0.18291307246801725,0.45100563073220978,0.71218500646335525,0.53794650070116823,-0.097634380346380362,-0.55974204547335948,0.82289511500778612,-0.83071658961874206,22.299940844136728,-5.3304144223071184,,0.1262834965554894,0.3,False,1
0.88289798176190526,-0.46956267784596434,0.0014301660332660879,0.46091633833216739,0.86721447368447235,0.18840166053045138,-0.089706648913125325,-0.16568025895166699,0.98209101866094206,-5.1169729925760556,-16.296414187011148,-0.68489614208712568,0.2300009146965243,0.2150698277632128,0.3529411764705883,True,5
0.82182237457811047,-0.5681979599964414,-0.041941183801607843,0.55886933048489729,0.78963549430685764,0.25326045402732894,-0.11078382592310335,-0.23157474902641825,0.96648853046851668,9.7246038520091371,12.515959907224314,-4.3700275822070873,,0.1173179617498358,0.2173913043478261,False,5
0.96669622884986972,0.23830281722725993,0.093328283113913654,-0.25589963547831318,0.90532141962684098,0.33898156841767502,-0.0037118310179769624,-0.35157487746764798,0.93615240631218888,-38.089316039417511,2.3545774666059112,-2.2099199665671305,,0.4576917833248184,0.1304347826086956,False,3
-0.37495418448016055,-0.92503138473074298,-0.061043400986031573,0.92038340208557512,-0.37933132563676791,0.094879600315528986,-0.11092228227998141,-0.020607829914284965,0.99361540076632449,-30.07626255472676,-1.2502403049103803,-2.471125817420214,,0.3117268032656311,0.9166666666666666,False,1
0.96263071615193452,-0.2626962437130993,-0.065823915561458501,0.26034927275668324,0.83074574022184078,0.49201602746082629,-0.074567824803196348,-0.49076694941926807,0.86809414285653719,-2.7046205162409831,10.908751182714303,-3.8727999357360114,,0.7427258415222283,0.191304347826087,False,1
0.96048863770053305,0.2440422694806782,0.13380937020588329,-0.27831678243040564,0.84018680178748284,0.46543088285985934,0.0011599421370374133,-0.48428246799656305,0.87491093588170321,-0.97787777131256104,-9.1553143230964373,-1.6206221684406481,,0.3233454074962981,0.3218390804597701,False,5
0.31984223066005507,0.9353278674529103,0.15120425871115817,-0.93316654250971365,0.28335021705935981,0.22116251588567118,0.16401570481775896,-0.21183586773349872,0.96344403766629272,6.8755040036281683,-2.9941638060888183,-2.3874476163273051,0.4102974817867628,0.4586781178811102,0.9642857142857143,True,5
0.56766588577049581,0.75506659080328842,0.32806994008153079,-0.82116732489150224,0.49093287257314544,0.29097961983206794,0.058648671450710933,-0.43457951870719885,0.89872185644797098,12.928296050118748,7.126560724727093,-3.7514290059380508,,0.4564104533545029,0.4615384615384616,False,4
0.43747444681796366,0.86529092284526898,0.24471969112210534,-0.89261943631607443,0.38492763250080853,0.23465135765235889,0.10884231847994388,-0.32109552562890742,0.94077149889279987,9.0856949643145022,-0.23883182586786661,-2.7507573598463724,0.767608719286583,0.4636182166507013,0.3,True,3
-0.91998205007918199,0.34855014930954736,0.17929255686837106,-0.38347126970318729,-0.89505929942329732,-0.22763707041714831,0.081134535460130899,-0.27817556314703218,0.95709745753684905,7.3326575319259,10.796550431395991,-4.0745171148388462,,0.318856467266922,0.3055555555555556,False,4
0.28439805331109796,0.93568678455214371,0.20882525825993759,-0.95130106100622647,0.24840454745810828,0.18254169970327835,0.11892871226616109,-0.25057019379128903,0.96076560064466821,-6.5774619122315974,7.1683380471439344,-3.428622096281849,0.9427644115187335,0.6100459794666367,0.222707423580786,True,4
0.47599116989810575,0.87629490343554062,0.074428814258512943,-0.87224454387441575,0.4595862170908061,0.16724223372543776,0.11234705986515248,-0.14452595363137385,0.98310242948870641,10.294268993147956,-1.0069210503222723,-2.6577722969099407,0.4328976191047498,0.4016175196555213,0.6337448559670782,True,5
0.65299633149892877,0.70358324351482138,0.28029700407621988,-0.75539857378305808,0.5784314458851525,0.30787993948572456,0.054486565091428671,-0.41278042814113081,0.90919939087538004,-11.690087396072958,5.9761615379393032,-3.30139213634286,,0.3462045166342029,0.2142857142857143,False,2
-0.45128619396377495,0.87016102866745393,0.1978902608166683,-0.88174290213181206,-0.4689412770774079,0.051220437260722118,0.13736894000413655,-0.15137325669155863,0.97888503486401901,-7.7044993328706752,0.82466898004056932,-2.7887802196043028,,0.4518025102134267,0.2291666666666667,False,3
0.52319717278579814,0.78972143629755542,0.32031979558103274,-0.85045045888260773,0.45967839552849998,0.25579247383515108,0.054760710142494104,-0.40624601627150864,0.91212139481991072,11.374084093067868,-17.444412014689558,-0.47298353634392032,,0.4763175056509478,0.2222222222222222,False,3
0.045945772531953616,-0.99558193244871784,-0.081887738814295646,0.99027976869836898,0.034620848887097391,0.13471219888726041,-0.13128200826139894,-0.087281227099606506,0.9874953274334215,7.2314245062811775,-24.77207079021202,0.53547207262657048,,0.3688629307441996,0.5757575757575758,False,5
-0.53841699481721195,-0.84165950042703064,-0.041429760232501577,0.83510340985196496,-0.53950907729254627,0.10738831581026471,-0.11273612795205602,0.023221560237533034,0.99335357481337483,11.261155354717163,-9.6147099656461954,-1.5657623412245472,0.2067607667871117,0.1673661227063027,0.4230769230769231,True,4
0.53364808998321867,-0.84558295646997772,-0.014463048943948811,0.83551874130649384,0.52449581507052112,0.16374545153720341,-0.13087455437507861,-0.099466595905370617,0.98639659737659413,9.4320601745066313,9.2273597274510131,-3.9505623232220799,,0.3101961111881283,0.1900826446280992,False,3
0.90128341226326114,0.41860444760894466,0.11161777287289174,-0.4327517326697134,0.85779292362355275,0.27733957173962809,0.02035064250718082,-0.29826434018060172,0.95426633322473275,9.6544186238353227,-13.428927751305466,-1.0176016558837975,,0.385465553155171,0.4444444444444444,False,2
0.41105258210551177,0.84095705313762126,0.35189062153242995,-0.90526387115504625,0.33107970968422518,0.26623964659079091,0.10739226380783477,-0.42799236046160627,0.89737920694694673,-2.8634478756673283,28.81890404440982,-6.211517623454923,,0.3962631409120956,0.2,False,1
-0.058049224474998655,-0.98925290631122864,-0.13419752193181367,0.98997547691632048,-0.074379458739143839,0.12006769433106064,-0.12875885461651262,-0.12588241923501634,0.9836537876129916,-8.0174895790110057,-9.9201678251878285,-1.6334030998507887,,0.3778365637817249,0.1578947368421053,False,3
-0.7795761948657739,-0.6192436856646254,-0.093798796170804097,0.6228016180217909,-0.78229331323078477,-0.011632569098921186,-0.06617477607095304,-0.0674865159783231,0.99552321377909991,-4.1890433985654685,-25.24095639280722,0.34603038170699046,0.5200099463182994,0.4566337916182636,0.7317073170731707,True,3
-0.89618950942071518,-0.44360308843619972,-0.0077886541920129844,0.44008014730687139,-0.88656918418698794,-0.14256418062185303,0.056336730031302712,-0.13119215517660807,0.98975491474884647,-9.1931596048144044,7.838219137829765,-3.5016404675825168,,0.6219321045327668,0.5,False,5
-0.98910938909312485,-0.14530319750918202,0.02344348953186131,0.14671802968304573,-0.98604248251084325,0.078702239166210372,0.011680589614730768,0.08128470629496122,0.99662247634136347,15.688438038946606,-1.250769659368947,-2.7360561516245809,0.2890558967739311,0.2581860124264935,0.8924731182795699,True,5
-0.9300530023198923,-0.36469710797166571,-0.04469264271509614,0.36733072668452171,-0.92567004763279948,-0.090570967472546088,-0.0083396708074853568,-0.10065278114684664,0.99488666064945774,8.044700272630088,-22.055066787006517,0.15570379343829849,,0.3134576558942324,0.1764705882352941,False,3
0.16257335302848741,-0.97192336934947321,-0.17010252495904399,0.975401613605546,0.13229589717468243,0.17632211366258899,-0.14886771665062878,-0.19458355455462628,0.96952341036001533,5.2340557604921898,-4.4776977747837901,-2.2338472046786002,0.5940075555587708,0.4854715186021732,0.8487394957983193,True,5
-0.86174159069610301,-0.49776268981156291,-0.09815159446543649,0.50408836831383286,-0.86192349592017092,-0.054615053890368664,-0.057413829303114554,-0.096541140516922599,0.99367170654720971,-13.229127478262848,-0.95994037466226545,-2.5921981190934447,,0.1723198609147143,0.1666666666666667,False,4
-0.96557712222261904,-0.25961456101274066,0.016158612268559632,0.26002845941053421,-0.96500457103532378,0.033931963950131455,0.0067839027755339752,0.036965627156735334,0.99929351097264718,17.51890421651192,4.1759937053493195,-3.4901630369256633,,0.3151470889656421,0.5357142857142857,False,2
-0.87459557102258201,-0.48484397886190095,0.0029838413237953925,0.48386533708524204,-0.8724045323226749,0.069171291373237478,-0.030934167437805561,0.061940682464893135,0.99760033537520143,-12.172865003671607,14.18518385133812,-4.1255923929963796,,0.4205082296599735,0.6666666666666666,False,1
0.57454405446748047,-0.81721023783656188,-0.045459395631466899,0.80599244015152371,0.55524656284335472,0.20512786468257399,-0.1423914179108442,-0.15449492427180234,0.97767888515585155,8.4607562973681709,-3.2064621638359196,-2.3790516539758695,,0.1458018008737864,0.4,False,5
0.35540003586720514,-0.93079567952109576,-0.085499809885473052,0.92211037202833346,0.33416705005137065,0.19505087658796655,-0.15298129396550011,-0.1481613500371384,0.97705933189945771,-8.2094984600553911,-17.974781832410123,-0.56278071763997728,0.3838709646624787,0.4299259446631508,0.5454545454545454,True,5
0.12090150258683562,-0.97181174233338952,-0.20239753984470152,0.98281164343001937,0.088530799993442599,0.16199867589244635,-0.13951379935558425,-0.21850454209343845,0.96581140233169072,8.3992642130184318,9.2699570807919915,-3.9267901073489995,,0.2401087902786747,0.2,False,1
0.11712957400990748,-0.97262606706455557,-0.20069677764924923,0.98328081338649154,0.085205258375397191,0.1609313703762601,-0.13942562504165731,-0.21619111362800356,0.96634460596105509,-22.020854470002142,-5.0783907533037329,-2.3293027650056284,,0.5424626823934269,0.2105263157894737,False,1
0.14701195994315483,-0.89458692568233134,-0.42202099003711646,0.97916696029285655,0.071201572071768346,0.19016413964088291,-0.1400697951184362,-0.44118541287393503,0.88641744339940409,-5.0535592850962301,8.8756956285478612,-3.6494006471719902,,0.5995296258973368,0.2666666666666667,False,1
0.26094873976711364,-0.95522358266998064,-0.13947638626334882,0.95392010011719353,0.23298258912198447,0.1890913952521931,-0.14812899043185218,-0.18239248964018295,0.97200348863391273,-5.8561473803445532,-9.0756965033881389,-1.6650528234640734,,0.2804298397004902,0.2391304347826087,False,5
-0.57484352578127951,0.81021378441902769,0.11449255174353017,-0.80497255099352316,-0.58505981601529566,0.098611377797535232,0.14688128885030699,-0.035477249351462521,0.98851770432508035,-14.173446402060172,6.0087020468070937,-3.247325795809429,0.6942430463129132,0.4147571550673305,0.8617021276595744,True,5
0.16174872028357748,-0.96155304727047586,-0.22193036919603337,0.97680174362776617,0.12402064313454145,0.17457730013449785,-0.14034138780980052,-0.2450196264819563,0.95930687348015087,14.343197991679814,5.6945027130119827,-3.5982044684200538,,0.3304067314671862,0.4074074074074074,False,1
0.99152638662769865,0.10007154749751376,0.082831817573155997,-0.12793365259397532,0.86289465407416033,0.48892309876318951,-0.022547841470610272,-0.49537713042861442,0.86838533698659837,-13.142847572223712,4.0868295283108704,-3.070735084251015,,0.4931989190686913,0.2142857142857143,False,1
0.99251435279528033,0.09760438908490536,0.073407375152152066,-0.11980616778813381,0.89478217819603323,0.43012944068348091,-0.023701089748952783,-0.43570429974252611,0.89977776230055129,14.021134169780852,-4.3293434666144082,-2.3050743768987498,,0.6319720733312344,0.1470588235294118,False,1
-0.79751255070681248,-0.58823984759881121,-0.13396870217346307,0.60121649047370707,-0.79336219427441013,-0.095473348524982959,-0.050124475534349421,-0.15668538666072646,0.98637580392028379,7.1282435871736549,2.8243406496617225,-3.1088179931106183,,0.3576704992958636,0.1818181818181818,False,1
-0.62641302626740858,-0.77944356861120279,-0.0086280862965533375,0.77521417540867921,-0.62409562979941113,0.097711959916473801,-0.081545709684502227,0.054519429710060539,0.99517733546144516,10.325089099128819,-6.8752352256742144,-1.9064027777729575,0.2780266807351934,0.3425340715052086,0.971830985915493,True,5
-0.93736092540727012,-0.34322504394245346,-0.059590810787636422,0.34695868203983432,-0.93515669741409335,-0.071425655325992016,-0.031211672124512032,-0.087627167546755994,0.99566425617821841,8.8658872679222682,-16.194385453005641,-0.62600662319286682,,0.2625088221897862,0.1666666666666667,False,5
-0.43294119646080098,0.84150427638133307,0.32316013559691942,-0.8875957898602943,-0.4605135579814586,0.010048718203736873,0.15727566318210359,-0.28248507172448428,0.94629094364441779,-1.3653879656211099,-22.120980807267053,0.063793785939216488,,0.5475033245313233,0.3243243243243243,False,2
-0.83836216307809119,0.49382699092714799,0.23083281081956991,-0.52596724421421304,-0.84405388596951036,-0.10455379282204963,0.14320384608218958,-0.20906444128930193,0.96735966313241606,-8.1783371392653663,0.39580880805639995,-2.7197577925150505,,0.3431464123511676,0.15,False,3
0.10612961075085786,-0.99342045314205218,-0.043038459555497059,0.97885475105796704,0.096765693850763654,0.18022146604892711,-0.17487104406709456,-0.06125523465483608,0.98268403577867514,-2.1020440849722233,-23.492450398351249,0.22061378110276422,,0.402274168046849,0.9,False,4
0.99168594200508065,0.11967942232600988,0.047284546114014947,-0.12593386555229449,0.97814572028814462,0.16544368041434299,-0.026450972317713581,-0.17002289773350884,0.98508505232276689,-9.2440320004626884,-22.429695166410436,-0.071887161797370189,,0.4485391878329857,0.7755102040816326,True,5
-0.012132268577021344,-0.99650754997935209,-0.082616650218489671,0.99096922174998792,-0.023016693658732996,0.13209933140346758,-0.13353954321996964,-0.080267893003175828,0.9877875559802487,6.2482629190828387,-12.694028954577627,-1.0722783208035489,0.6920634582425081,0.6646553176619123,0.9886363636363636,True,5
-0.37803998664532024,-0.9257420214586527,-0.0093529782878521567,0.91773372988105129,-0.37606126883569846,0.12783866050728845,-0.12186291288090612,0.039744581861323916,0.99175087530934325,13.96615784377779,2.0782723891174664,-3.1384109984853921,,0.2778869764153273,0.8923076923076924,True,5
-0.91272268962907632,-0.40448754493109618,-0.057681173981462039,0.40780739935857691,-0.91054923444516456,-0.067773274081447454,-0.025108103565571575,-0.085381014557916968,0.99603196007377282,-10.892062280353409,-5.3041026238558473,-2.2145146941052984,,0.2704262845489982,0.2,False,2
0.95581685495190816,-0.28410422407678343,-0.075491255464270879,0.2893271307379176,0.86376763463247097,0.41254731217205876,-0.051999530851796427,-0.41616134277844086,0.90780272392631545,0.24003631120900543,31.651329140431894,-6.6828700693113037,,0.4126411978416182,0.103448275862069,False,3
0.93849023179662705,-0.3211845194592956,-0.12679349069259979,0.33497925892465052,0.75769923595901889,0.56007210599833557,-0.083815159205271245,-0.56809539012987986,0.81868348389385193,-16.069795407479671,-2.0978577533824758,-2.5014071739918076,,0.2461551806095215,0.3076923076923077,False,1
-0.99666424365186579,-0.079261952051994655,0.019440380211338103,0.075945746104321768,-0.98798282523493652,-0.13461864911463819,0.029876898676267933,-0.13269317992157495,0.99070676334008534,5.6512351510228314,9.9140310970908754,-3.9209905201202728,,0.5366956890985208,0.48,False,1
0.99646737259747531,0.055759463171683142,0.062798547877230965,-0.077473136523675379,0.898961369504647,0.43112222078606932,-0.032414325010203637,-0.43446442708826477,0.90010553443971097,17.883718223088813,7.4986605950849414,-3.9155239809575151,,0.4969624589501954,0.8,False,3
0.92361645983635343,0.34652516091603264,0.16386869124844863,-0.38301886486046965,0.81742790505435847,0.43024198911710099,0.015138833520418501,-0.46014338296943941,0.88771554161740385,15.848848079775507,11.745465065967666,-4.4456407462785821,,0.5840184339346298,0.2608695652173913,False,1
0.48023877582244084,-0.87712105324998002,0.0054199762187065303,0.86528559793026683,0.47475293979902827,0.1609051899928727,-0.14370647936340827,-0.07258308410248307,0.98695498564582362,0.18448496094814645,-37.241471000230078,1.9435797565744666,,0.453071891864066,0.9583333333333334,False,3
-0.47981676148326602,0.84184796332533618,0.24711916567659312,-0.86602027034997209,-0.49959130086867048,0.020430943182152356,0.14065833335666011,-0.20420709767619361,0.96876968084059778,3.1545778596033029,1.7626187327745826,-2.9427706881763154,,0.1536930394540255,0.4653465346534654,False,4
0.32225959585828501,-0.91479361834926087,-0.24351876458442234,0.93564504139510751,0.26868127410490983,0.22886399773252136,-0.14393439265861407,-0.30160074398587072,0.94250723171611095,10.519552437467908,14.55842402321449,-4.667759777932309,,0.1301757685504863,0.2,False,2
-0.35895012991235986,0.909120815587661,0.21131527843751885,-0.92788565608551998,-0.37205792572115337,0.024517527175810183,0.10091091847091643,-0.18727584620900464,0.97711040520509107,8.0445395156446207,17.467365880943813,-4.9553597774134923,,0.2161540040665275,0.375,False,2
-0.63603995009652481,-0.74945906172192989,-0.18375063723452784,0.76755658144646077,-0.63897520077398806,-0.050671363451803175,-0.079435987810521302,-0.17326802243555059,0.98166599016256051,0.07173370998486088,35.498123649312276,-7.2791417163559897,,0.2378447352949418,0.4615384615384616,False,1
0.66560562475546958,0.65823938795022063,0.35169597729402657,-0.74254420146854594,0.536864931988008,0.40050487346217328,0.07481484584840796,-0.52772810513789292,0.84611215916582161,16.575754832392928,6.0297563780683907,-3.7016563158004416,,0.4090711294184953,0.1578947368421053,False,1
0.98749556302546848,0.11937761078730019,0.10296358117183783,-0.15656186135109762,0.8191255937308225,0.55183479888949361,-0.018463384719315325,-0.56105458534606412,0.82757287031829607,15.447014618432126,-13.357997151995372,-1.0957628601961931,,0.5342309191690309,0.2608695652173913,False,1
0.95227054673644507,-0.30391346776832928,-0.028590381727103743,0.28733853758322281,0.86082165906242292,0.42002694688383185,-0.10304062615205574,-0.40819440882751823,0.90706116329834441,12.140187374085475,2.7991603100981353,-3.2033343984579887,,0.3555479962089074,0.4140969162995595,False,4
0.92449043759938943,0.32717875946998709,0.19563100505536163,-0.38092971720930807,0.81240104522513101,0.4414715078733305,-0.014490732698077796,-0.48265785093458902,0.87568911012817663,-39.387741353016388,4.4823104121042556,-2.3358927726450598,,0.5444025569749488,0.36,False,4
0.33882894321480039,-0.94011511181073393,-0.037128476740013683,0.93357712247211933,0.33105197016169802,0.13725286681427259,-0.11674203885755929,-0.081167540292596679,0.98983995007588521,-11.178499487558122,-6.7913848821387388,-2.0635521050800985,,0.1268937697103101,0.25,False,3
0.15689743283733013,-0.97749933174082226,-0.14099025503665852,0.97760504760018363,0.13344278169382756,0.16273105087983775,-0.1402553616647092,-0.1633648691122421,0.97654511061406779,-4.7803148332513867,11.735823753366132,-3.9455709721042465,,0.2713038703052851,0.1612903225806452,False,1
-0.23478210105859137,0.90532844112335065,0.35391775699401889,-0.93239072707806192,-0.3126830933449356,0.1813196492250233,0.27481793442451408,-0.28741902656123253,0.91753223708447296,-10.647611096579965,-19.115299380171642,-0.44931264445262808,,0.4838955877771125,0.1851851851851852,False,2
0.21252592369110196,-0.92653300535456429,-0.3104340859955354,0.96689062653798352,0.15347167220086072,0.2038846785436749,-0.14126304567093975,-0.34348658754092715,0.92847278695030122,13.709061471901718,16.232896744375196,-4.9517730985414845,,0.2880522134908898,0.3571428571428572,False,3
0.95644934008385196,0.25905783250610848,0.13451282195538694,-0.29189534425743602,0.84673446457610668,0.44478967445282147,0.0013296067078297918,-0.46468245707821931,0.88547639507202647,13.051565343906075,-15.440951478727358,-0.80310408535311639,,0.3207622043972504,0.1428571428571428,False,1
0.26657180532939839,0.89139515809148584,0.36654351001549423,-0.95628783801048156,0.19717941175882303,0.21594872181071531,0.12022081132924756,-0.40808694136114904,0.90499282031065742,-8.7010870028428506,-7.1166391922344658,-1.9599566039026124,,0.4994498913783779,0.391304347826087,False,1
-0.10628863800336757,0.92430778613378473,0.36654855329662761,-0.98394449862369482,-0.15092443757764756,0.095262992657361267,0.14337346009479848,-0.35053805875301508,0.92550911411293668,-13.572360593090742,-22.177674054651941,-0.092680804163662769,,0.474596395692913,0.2307692307692308,False,3
0.94295138029062475,-0.32977879262813448,-0.045701666717258907,0.33151642774413298,0.91741973037023328,0.22008611147270757,-0.030652121358472569,-0.22268135588804455,0.97440928833631668,11.579542213228827,-11.895381791790804,-1.248020282123081,,0.3833135010283042,0.6842105263157895,False,3
0.6708537030353996,-0.73462356155449771,-0.1014077508510938,0.73108499160040719,0.63220402005838339,0.25657905619643173,-0.12437863233017382,-0.24626469464989223,0.96118866825856364,12.901102268646921,11.597567038517298,-4.3444054580538669,,0.1265289518414699,0.3666666666666666,False,3
0.14040388188469718,-0.9599047316742122,-0.24263069892568739,0.98038777888914341,0.10055791960770963,0.16949309074113414,-0.13829878147156952,-0.26166965990276542,0.95519759009843141,8.8625398685868202,-11.549600523347584,-1.2643241510091849,,0.4967746058903137,0.208955223880597,False,3
-0.42712188468235091,0.86670508374768029,0.25766100487137023,-0.89032232609698791,-0.45285568869883047,0.047411822010520493,0.15777531897811534,-0.20915071842820795,0.96507146144848754,6.6608697923654292,-16.448410358703086,-0.57710363675241971,,0.345680974735798,0.296875,False,2
0.65088491744216392,-0.73890137091870789,-0.17428020054142823,0.75142769000803333,0.59432052451229789,0.28659996656073972,-0.10819080799909635,-0.31750256408079641,0.94206521582458469,-13.920106785669866,8.6960379358718143,-3.5777543544078538,,0.4037339361578952,0.1538461538461539,False,3
-0.52040336974857093,0.8485791450508765,0.095361246526345006,-0.84232229119920887,-0.52846736233302394,0.10590280778947285,0.14026222051304482,-0.025212725626206585,0.98979332588336355,19.751078253444465,-2.985484704730565,-2.6140860046236871,,0.2256790406269157,0.6956521739130435,False,3
0.92514683521927044,0.32615566463324269,0.19423134585184004,-0.37932967307021498,0.77464815779755281,0.50599331097288502,0.014571630389669136,-0.54179582321065078,0.84038381323017008,6.3567508559246733,-27.338513800747574,0.82093308150374844,,0.1983521445186977,0.375,False,1
0.45472025406715511,-0.8886292850989026,-0.059728420418725177,0.88150097007078831,0.43946440214411742,0.17270517946017996,-0.12722236558624975,-0.13118320362274874,0.98316094144443711,11.579008191397312,-8.1110767696606541,-1.7800004450685005,,0.1974529179699185,0.6190476190476191,False,3
0.9484194452010738,0.25957187089719169,0.18199725218645438,-0.3169773630201364,0.76724042827086603,0.55755490900855598,0.0050899211476083638,-0.58648492654600282,0.8099441484676837,3.297757021513616,21.42086464579052,-5.2992760819861973,,0.3968853109709275,0.2222222222222222,False,1
-0.42491924736302017,-0.85674331214569854,-0.29229185810429764,0.89900666966552412,-0.43719417109705483,-0.025461041920197325,-0.10597471923693606,-0.27359121669450098,0.95599016994437491,-4.1902772670624628,24.054337611632629,-5.5092924327149664,,0.6449745864898263,0.3846153846153846,False,1
0.7799706773280688,0.59580556729721013,0.19147184776369505,-0.62344969850295251,0.71317848931082461,0.32044799238083554,0.054371094756051515,-0.36931310342577911,0.92771311066139883,15.207366370769021,2.013918461368597,-3.1627968357667382,,0.5749868587869746,0.2307692307692308,False,2
-0.70920493138070451,-0.66213140494198786,-0.24209578248048877,0.70176674811508333,-0.69588366205853658,-0.15254297794386334,-0.067467003381444623,-0.27807900220899506,0.95818592767018773,8.6321474420543503,-25.396668729009757,0.57956915027333067,,0.5622059213890476,0.3,False,1
-0.25862525661081587,-0.87215724924756211,-0.41527666588422163,0.95839087841745341,-0.2854470646726458,0.0026262970113776762,-0.12083004928084443,-0.39731814186454684,0.90969137257428823,15.609870535239791,-12.009947041739952,-1.3136690422497337,,0.1251106198592935,0.1428571428571428,False,1
0.025900171504766277,0.93598986812712126,0.3510728526665059,-0.9907050390667882,-0.022880354771591158,0.13408957801857546,0.13353915786651199,-0.35128258728394252,0.92669727375632349,8.8814681151651378,17.72243601858429,-5.0115759935641702,,0.4500725398061756,0.3289473684210527,False,2
0.88262856066240514,-0.44236118725134366,-0.15900755930644478,0.45887667544406979,0.73743741454340339,0.49559888656547479,-0.10197558843374595,-0.51039459210019289,0.85387255472843782,4.554700184477074,9.4714376089830594,-3.8755992632710514,,0.5976970729162073,0.1904761904761905,False,2
0.1650613497977747,-0.96769386967717819,-0.19058679228148082,0.97623925930662292,0.13279352726873586,0.1712389783430821,-0.140398217194492,-0.21432324583379925,0.96661982542459379,12.573203367915198,-14.694740707842541,-0.87659539614231374,,0.1069655905691621,,False,1
0.8393272444858535,-0.52707163339608842,-0.13313628330760882,0.53300562022274378,0.74969523410274042,0.39225255228564887,-0.10693355635511501,-0.40019064111097985,0.91017177790372661,14.807298092898126,10.087472890409535,-4.1838499951554757,,0.3473009025316782,0.2258064516129032,False,1
0.17049315855245442,-0.98501963721417474,-0.025853378681782235,0.97529236372701056,0.16495246495373661,0.14695403894234177,-0.14048803558520084,-0.05026926106620512,0.98880539705711035,-24.156463097282849,6.0922669994870633,-3.1411986109388859,,0.23879275016987,0.75,False,1
0.45763958186206039,0.86141503743384262,0.22029558868931109,-0.88321123863290674,0.41185635339595417,0.22430392800821253,0.10248863871495766,-0.29721789557534795,0.94929321154431345,-2.7883618033596802,25.363044370773242,-5.7147302767389849,,0.5922272761965199,0.4705882352941176,False,1
0.85257870447713424,-0.50238801584938819,-0.14392996283959156,0.51202481747486339,0.74790069430768003,0.42246317915757159,-0.10459511920698793,-0.43387882292755964,0.894879337147233,-6.1303814604525826,4.220765823311976,-3.1199894061477016,,0.2954681948465595,0.1111111111111111,False,1
-0.46811594949829211,0.81050735466582879,0.35205863980012497,-0.87275053965656413,-0.48648601417904269,-0.040470403227114732,0.13847004497178997,-0.32620420910955428,0.93510259362527792,-25.054442640700163,4.4195476745358775,-2.9118254288966283,,0.5472856966340328,0.2,False,1
0.31702075775813121,-0.84506988689031115,-0.43052842579980283,0.93783688594458292,0.21170277746122593,0.27503437853651924,-0.14127920764297588,-0.49095704525589473,0.8596518860570096,-12.648384763701493,6.7637393093427844,-3.38803856220864,,0.1072626529862706,0.3333333333333333,False,1
0.99881296184552271,0.016298449319153467,0.045902372478630257,-0.032976727007831677,0.91981667934870071,0.39096011544373854,-0.035849724200150687,-0.39200974087606733,0.91926229136903737,-22.202945850532664,-35.955371246352954,1.8162772726583281,,0.3453303365316636,0.3888888888888889,False,1
