axis_00,axis_01,axis_02,axis_10,axis_11,axis_12,axis_20,axis_21,axis_22,location_x,location_y,location_z,dbh,dbh_approximation,score,reconstructed,number_clusters
0.94913600289481714,0.24312271924600246,-0.20008046230274362,-0.14244812114556302,0.89825428254780881,0.41574965624353877,0.28080131906910472,-0.36610188099892504,0.88719785388497219,17.608632405446958,1.82279957570241,1.6445978702486257,,0.1699986191758996,0.125,False,4
-0.036242776865657675,-0.81539769262545936,-0.57776557874811296,0.93200984613686888,-0.23620495605721464,0.27489064268894037,-0.36061628891246111,-0.52852040792677535,0.76851940156115661,-12.278797672393535,3.1793204657346541,-6.4398840361397163,,0.4341616473656961,0.1891891891891892,False,2
0.97268013628649796,0.18241483661188801,-0.14359031951192211,-0.032746405410844968,0.72015095084199665,0.6930442128277492,0.22982825197600548,-0.66940827257005442,0.70644995520449094,-1.116352533963556,-6.4669298025578748,0.46320739763625185,,0.4403586846191591,0.391304347826087,False,3
0.85143084929968604,0.48243527571796802,-0.20572241881657927,-0.38693862093708536,0.84260978865907177,0.37454939284855598,0.35403956345036142,-0.23930095862499914,0.90409680826393501,8.9248472477433545,17.762374446188886,-7.8135302090996372,,0.1730803665909538,0.7058823529411765,False,3
0.74377420933844196,-0.61779538878822138,-0.25520341517108575,0.66443767911094687,0.64165368856476335,0.38314894561892215,-0.072955439143587347,-0.45454306896403518,0.88773199917324286,8.3889406421256751,13.045453768590107,-5.9875555758312302,0.3306931088143589,0.2568926597970833,0.6323529411764706,True,2
0.47798093901101424,0.87629366822251931,-0.060362479863474705,-0.80125190286525705,0.46314250028029097,0.3788065635504797,0.35990222296750551,-0.132696765097119,0.92350525631195302,-7.4776629007733248,-15.085124650247216,2.5968154669923358,,0.3637934332625535,0.2058823529411765,False,5
0.97300900210717245,-0.012210498038710639,-0.23044388808569224,0.14467727721694804,0.81025348245480511,0.56794170442656466,0.17978311176385495,-0.58595238535866345,0.79015051402691494,6.6575768031088192,18.881457203392294,-9.0051849901885213,,0.2570761487258763,0.2727272727272727,False,1
0.74085889282332673,-0.61914840258030446,-0.26035236988906457,0.66730276730768112,0.63442083252171599,0.39015025824157057,-0.076387941902539613,-0.46278014525767069,0.88317575798205883,-7.1584803959535046,3.5449808323833638,-5.435397280424608,0.2165585612677088,0.2106983694352219,0.5028248587570622,True,5
-0.12772193698890072,-0.89043733547161885,-0.4368162753492667,0.9150748218105792,-0.27565981990033511,0.2943632690755606,-0.38252474076867155,-0.36212292842447558,0.85002459223786109,7.4688381541003581,2.5021535968016835,-1.4651935314301259,0.7148717274378937,0.6487208621422254,0.5,True,5
0.69811846661533727,0.7145269348663309,-0.045627468932382564,-0.6172672004087244,0.63293306263467985,0.46730818687827314,0.36278342005971681,-0.29807213485062578,0.88291629985823938,5.9871116381973053,-1.0029713432441683,-0.26596433655430535,0.5935787291353417,0.3914321487654636,0.1470588235294118,True,4
0.71635312519909455,-0.64219561326545593,-0.27280578131721611,0.68917366781361544,0.59016477328513983,0.42041074672946871,-0.1089855752373691,-0.4891731131980846,0.86535068597319265,-2.9680492390700244,-14.452494690247054,3.4881634258873033,,0.2851737456915943,0.3076923076923077,False,5
0.95782717890324987,-0.17508134570841771,-0.22784560065792692,0.25415221858919823,0.88615359527723114,0.38747703849831677,0.13406619685972448,-0.42904350357762927,0.8932793106847392,-9.753798858645526,-13.917139256141963,1.6222258707925648,,0.06853454708672516,0.25,False,1
-0.31627415700406969,-0.82136091520004029,-0.47469664480920631,0.85318847670396858,-0.46504910984426395,0.2362175875175683,-0.41477714598435572,-0.33029618891959744,0.84785868324518698,-0.73499068846146809,5.3104153867355564,-4.6440799361011784,,0.3308235318151779,0.2,False,5
-0.19436341029909401,-0.90647696459987348,-0.37486314487650829,0.91284482165007774,-0.30703452631677142,0.2691544746722111,-0.35907825933011339,-0.28987809903343131,0.88714908069456977,2.6720146667574065,-6.0386559926692263,1.4302987308701516,,0.4128794642355733,0.91875,False,5
0.97030460001951002,0.053858207022514676,-0.2358140723478945,0.075132916585485779,0.85956769543888778,0.50546851712370511,0.22992178675875088,-0.50817582635756986,0.82999596473685566,-2.2276567119335873,10.171985359557494,-7.4013351019641656,,0.3488644508802338,0.2631578947368421,False,3
0.9722500556502327,0.13259634428056863,-0.19273826493861856,0.0032348930723642439,0.81616610800810474,0.57780828966510478,0.2339217064637879,-0.5623976294600932,0.79308860893517918,10.003947526398262,-3.3309587832015328,1.9443914877540591,,0.3640943550979099,0.125,False,1
-0.96386810153582325,-0.052510017629152528,-0.26115317514882669,0.065357235634919825,-0.99702956616330218,-0.040748937978540123,-0.25823770946918112,-0.05634485109398573,0.96443690470829002,4.6307639636332274,13.137069422953306,-7.0009645438157539,,0.157922892466602,0.2941176470588235,False,1
0.93338163670524532,-0.27107684689271705,-0.23519367198149388,0.34748204242781611,0.8464971462019848,0.4033594075537193,0.089749375772923773,-0.45821384150917627,0.88429922820150231,5.6037897595345827,9.4257272386825051,-5.0682132682238628,0.2731442835123671,0.2411503129672574,0.6022099447513812,True,5
0.84701191440391477,-0.46641073073719291,-0.25501342535445665,0.53153068211652599,0.73700261219261387,0.41749524978136499,-0.006778703899412708,-0.48917091069938079,0.87216160732915937,10.403799443111435,4.1326225078482786,-1.3143501716445347,0.2754941773375954,0.2416506653183814,0.5245901639344263,True,4
0.9522622881482391,0.22169220802202544,-0.20987877327876492,-0.11687028676478849,0.89985491759372971,0.42024095868191852,0.28202459226492327,-0.37565102446912202,0.88280713475430339,0.62232756299589176,12.9833761342986,-8.0198972181031145,0.5305285312356053,0.4719501299884741,0.6781609195402298,True,5
0.4422089747406685,-0.85231426264078947,-0.27930560387843051,0.87085713583920243,0.33349953662298354,0.36108988912762013,-0.21461377312919289,-0.40291246787775531,0.88972044576479681,0.75398971773748413,-14.481486314177198,4.442085072744252,,0.1865446662810885,0.3333333333333333,False,4
0.81972883231015814,0.56326682428755703,-0.10380330503618423,-0.45993149624185986,0.75536598805339827,0.4667817936218569,0.34133218460049869,-0.33489208522914371,0.87825943263179795,8.7269864565252213,10.073054263510484,-4.4636862686622241,0.4527184420221964,0.3733807662736988,0.5681818181818182,True,5
0.76115119312788748,0.61528314341056212,-0.20512316942464645,-0.51244449350894006,0.7643843752893682,0.39130188842612224,0.39755440165134692,-0.19272566058597695,0.89711053804943097,-11.036214452471894,11.166455040236873,-9.9198111639994924,0.3728576288830077,0.2950909447799432,0.9473684210526315,True,4
0.10460404242291331,-0.94488390941927136,-0.31024569623016324,0.9301550533563584,-0.017446921373751409,0.36675220742376941,-0.35195109180739137,-0.32694036559460127,0.87706352467791804,3.6343000267152998,8.8171526164600333,-5.4143078359518642,0.5902894149312783,0.3789870068329783,0.9315068493150684,True,4
0.88625550945773801,0.41766239538129463,-0.20027305220664204,-0.31699574464883212,0.86215772878355212,0.39521860858684216,0.337734910588671,-0.28677896398297131,0.89648923919170154,-10.720700247023062,-13.618708842959109,1.2595053641607057,,0.1018349374984746,0.2272727272727273,False,3
-0.82533241033347582,-0.43329753027579976,-0.36204925453593667,0.42224695955377822,-0.89931736185916999,0.11373560483090911,-0.37487853712999486,-0.059004516060681217,0.92519433065908907,-8.2308882766819824,-4.9397325612213336,-1.7669207757449774,,0.2095083660098656,0.1666666666666667,False,2
0.97476553007982525,0.01194215215905318,-0.22291152139359521,0.089060728699454611,0.89484984620571084,0.43739220311882337,0.20469574487936817,-0.44620750525672015,0.87120520790503475,-2.673277744604039,-17.417674194081169,4.748462526653018,,0.149943119537553,0.3333333333333333,False,5
0.88744945456053625,-0.37523205689688721,-0.26764597713610072,0.46005435513404214,0.75642201227606154,0.4649470181283395,0.027990282642510855,-0.53574867505311197,0.84391344417329162,-0.1022566405610727,-16.638530702139601,5.0810500093552102,,0.1566042770971962,0.2222222222222222,False,4
-0.78869108054324766,0.6133908162732522,0.041449800761361455,-0.61255355425570401,-0.78977952090963754,0.032038282108229676,0.052388191801467754,-0.00012191544487374917,0.99862678839313912,-5.0471097107126788,6.4742973973016937,-6.3005985978492678,,0.58863649281987,0.25,False,3
0.93864159192621455,0.23263329359730534,-0.25462465044903254,-0.10394118075883954,0.89474867964175242,0.43430522817691164,0.32885892545083867,-0.38119096393987495,0.86402850425313471,-3.2991480310589125,-3.4903998792176134,-1.1674166556420287,0.3421553999803678,0.3426863467719348,0.7977011494252874,True,6
-0.93423301343395537,-0.1965862852571616,-0.29759453801926639,0.16120127166734405,-0.97703320023679108,0.13935664909822387,-0.31815534982605886,0.082218964259130473,0.94446663005805231,7.48871587405442,-1.0894756220772879,0.25419741211506192,,0.369414089609741,0.3232323232323233,False,3
0.66262535671136935,-0.6710438558200017,-0.33260754683163113,0.74306175303426136,0.53344643033054451,0.40409669281652116,-0.093738294313376047,-0.51491266204456898,0.85210215505266418,7.0856641402055613,22.374076065026195,-10.46514328386333,,0.2145993522193874,0.1538461538461539,False,2
0.67411055261736452,0.72671444589061907,-0.13214036848670421,-0.60420488687947727,0.64543547831976056,0.46727882254292258,0.42486635254026628,-0.23515772889707931,0.87417928654201027,1.9880599979435225,-14.518713534464505,4.7545361792067169,,0.2201427196529623,0.3142857142857143,False,3
-0.6323191696379753,-0.65890040156674901,-0.40745886727805813,0.66507400716487874,-0.73141916724891254,0.15067370963295981,-0.3973021931754116,-0.17571642665409412,0.90070789088467751,-10.958312202955307,7.1654121515595648,-7.9183566041289213,,0.4825420896380652,0.2857142857142857,False,2
0.10789330591786117,-0.93722266023452183,-0.33162134985709502,0.9419605592039143,-0.010295837971232021,0.33556564279544482,-0.31791404410998386,-0.34857951870899861,0.881715929137179,8.0991754285583575,-5.9459279396985734,2.6856395631156693,,0.1652611046804708,0.4347826086956522,False,2
-0.94088309829356431,0.32391016228744191,-0.099101978347696879,-0.32245624308603082,-0.94608315911745033,-0.030799794304333439,-0.10373507912151465,0.0029770457285258345,0.99460050802238409,-1.617373927392028,-5.6432076934124966,0.10011214824995994,,0.2627799329685643,0.3076923076923077,False,1
0.77513151456093687,0.63159084092383222,-0.016252531974885687,-0.51153435095695121,0.6424725332489124,0.57058010113548097,0.37081497128017743,-0.43396088957629769,0.82108111864335864,10.885505889212435,2.3371991885385297,-0.35553066880963258,0.3416069790818253,0.3607705893238076,0.3157894736842105,True,5
0.75180386035254476,0.6571802031002123,-0.053899315507489748,-0.53394108664168771,0.65470239893502091,0.53504362889826407,0.38690809187054481,-0.37346880657143688,0.84310330266415245,6.5723509259981441,8.5681580446903602,-4.4052340954917826,,0.2468326817109289,0.1538461538461539,False,1
0.021191176552472955,0.99923896518907518,-0.032747892820564312,-0.93158381649627842,0.031625021282693858,0.36214838239469788,0.36290842767638926,0.022833056666473811,0.93154502019210828,10.639355189869454,-7.298424893510596,3.9684934649730916,,0.3642500388400247,0.5454545454545454,False,1
0.68745376534439973,-0.63790597029039209,-0.34710703476259386,0.71780439288825726,0.52425606677899761,0.4581620128248699,-0.11029131454528956,-0.56412015520923275,0.81829351483595636,8.5998860371070389,7.494072516516729,-3.4313084827969185,,0.1445527976722491,0.2142857142857143,False,4
0.37528614169362573,-0.88811517125068429,-0.26535213292355408,0.89513186915051868,0.27293546836422206,0.3524842789968104,-0.24062262712349075,-0.36980761579931043,0.89740909211630948,-4.533358531664696,-1.2295484078712224,-2.6186157320980388,0.3756779882462438,0.3629986429672812,0.6980609418282548,True,3
0.95488923032474871,0.11785600372729524,-0.27257388025128138,0.041777516456710045,0.85543096238994387,0.51622912326148662,0.29400883818095919,-0.50432908995024817,0.81191808213725369,-12.959349396454908,1.3638475606721534,-5.8297608672927472,,0.2481880184875683,0.2058823529411765,False,3
0.40650639032097768,-0.74944689157393551,-0.52257239817883006,0.8844746691203984,0.1794209814879642,0.43071181906961459,-0.22903518138611317,-0.63728915580924517,0.73580256698068736,2.1078555289691159,-3.4204737802806267,0.058535450702491068,,0.4996691326141767,0.2682926829268293,False,3
-0.50162782655017213,0.85695287269092857,-0.11832707896891018,-0.83565545664527552,-0.44463670454218918,0.32245644473763729,0.22371741418478241,0.26063379474010301,0.93915948785594849,4.6621340047677746,6.6046796155952592,-4.0150032200377268,0.3588908594198653,0.3125185088576211,0.5414364640883977,True,5
0.91318012189311437,0.3428141878535475,-0.22040984003802946,-0.22074385674650546,0.87064747439708579,0.43959654802404213,0.34259920415546091,-0.35277671115351206,0.87073209277007613,9.8742978671799744,0.0090853638340849807,0.4510631209483148,0.4020958887331213,0.4190419875793811,0.6623376623376623,True,5
0.94598841512823117,-0.21942994661990084,-0.23865543565895442,0.30654844050243568,0.84500596141874107,0.43817003411040539,0.10551763866151694,-0.48766322774346715,0.86663175815228521,-10.291626516450474,4.5101633002003352,-6.5723656680474187,0.3427137806309394,0.3976314984989259,0.52,True,5
-0.24540428993143384,-0.93138925333557232,-0.26886947252199206,0.88416576303337635,-0.32877371927533555,0.33190170983812428,-0.39752690218758324,-0.15627507889893483,0.90418497098341322,-6.7638191913205183,-5.7270710232701436,-1.1509197637803545,0.3119176642686365,0.3300798791184207,0.6878306878306878,True,5
0.92338861815683004,-0.21126314572243429,-0.32050170532757327,0.36227347317150449,0.75568683289304606,0.54561464535726478,0.1269306523054079,-0.61992361936898321,0.77432765393842484,7.4909626307320965,4.005543329940279,-2.2462416103396454,,0.1380035583571019,0.1379310344827586,False,3
0.52308540801946535,0.8482210285744004,-0.083082745508891859,-0.75620883846696973,0.50687390734639393,0.41379588528142103,0.39310284728241979,-0.15362268301128193,0.90657058342021501,-14.545145470419591,14.110719030206019,-12.04641437679895,0.427709618529656,0.4817306994959069,0.3181818181818182,True,5
0.90022524095597345,0.39115351689857397,-0.19129412370388477,-0.29019367748008945,0.86650129972986023,0.40615653031441651,0.32462616206390693,-0.31012001513017629,0.89355661886604487,-15.948082765600335,4.9862011859663662,-8.255418830847491,,0.4229514680919719,0.8048780487804879,True,3
0.88152850843334263,-0.38025203159165666,-0.27984974770348409,0.47100198745671562,0.74924512543604094,0.4656059168676393,0.032628463511325506,-0.54225467677167039,0.83958040049071014,7.4739613142055141,15.102976023159115,-7.1019356893784531,,0.2472453775916433,0.2272727272727273,False,2
0.84067709313495109,-0.38460436857050267,-0.38123680928611037,0.54152395469616443,0.59220777415498815,0.59669234846830488,-0.0037190816602254984,-0.70807445364656363,0.70612798877025484,-6.5426570004041178,-3.0740403690127494,-2.2987168559120095,,0.4938399872810155,0.1555555555555556,False,4
0.96450701137764572,0.18609836272952074,-0.1873329239422537,-0.060573509009876791,0.84645391140748683,0.52900531742998325,0.25701570965525206,-0.49888192516101321,0.82768336321207336,-2.9253996869397096,-8.7197447719964902,1.1312230893743234,,0.3001551365075639,0.2205882352941176,False,4
0.71758165178350608,-0.56260076783687263,-0.41055687675767294,0.69437452907800767,0.53216303704685375,0.48440325697579995,-0.054042449901433004,-0.63267912722835185,0.77252607436786269,-4.5081818396883788,-6.1312216658740741,-0.36072629383760418,,0.6463911603060097,0.1951219512195122,False,3
0.81028354642050848,-0.50903180693880801,-0.29039144946918688,0.58515192551508632,0.67550811442946712,0.44864909607167619,-0.032214879577457861,-0.53345609647332493,0.84521405257440663,12.744576837038073,12.207319627920125,-4.434538773470087,,0.2118852232791528,0.3181818181818182,False,3
-0.048130707575011707,0.98222357826010775,-0.18143945904416311,-0.93500218399820545,0.019593751424956722,0.35410026944875772,0.35136071338001712,0.18668938699081644,0.91743812972760086,0.86561288313534912,9.5423740403987463,-6.2348976502597671,0.4330670627881394,0.3797960558377349,0.8881118881118881,True,4
0.69809059269675355,-0.67488606799410933,-0.23916170181646218,0.70863732847284122,0.6034132074340024,0.36568516211228042,-0.10248249159329945,-0.42476028100760604,0.89948654386553739,-11.606127647766399,-0.14137708776343372,-4.7179908626144442,0.2365725489284509,0.2804052821125388,0.8676470588235294,True,5
-0.0051772145504743391,-0.96952240127241585,-0.24494797382397013,0.93262516772524495,-0.093063292135036182,0.34863952756744132,-0.36080949679153135,-0.22663966353654627,0.90468280073022522,11.419664182594126,-2.1187969782043869,1.7927714442781786,0.3676402120537254,0.344246724380788,0.7647058823529411,True,5
-0.79376499076258611,0.6058998851296441,-0.053126910690881685,-0.60754340569472953,-0.78571280398665722,0.11638900226514273,0.028777589136722487,0.12466241956303564,0.99178179632022312,10.384215377147806,6.764375205841902,-2.7121296124456689,,0.2801013616322204,0.16,False,5
0.071722518665119944,0.99570128778027833,0.058607387154061996,-0.92141864767824444,0.043645044705171346,0.38611240045287054,0.38189469232646556,-0.081694893263766416,0.92058806661149761,-1.1914820565415878,7.6398220736509623,-5.998690107870293,,0.1359609348209052,0.2682926829268293,False,4
0.82293913222906601,-0.49330831782997858,-0.2818121505645716,0.5678141701649394,0.69763775905372305,0.43690802842520637,-0.018927567354872943,-0.51956564619137047,0.85422086516999263,-4.9861643423112101,-14.287814811118944,2.9347368089152721,,0.09768094206968034,0.1333333333333333,False,2
0.31302465268818463,-0.90920318680802992,-0.27452710596144053,0.90703949808536932,0.20048558246778303,0.37024975372793328,-0.28159352926245107,-0.36490422897066621,0.88744013204093997,13.183185330772151,3.8014139266681113,-0.58830947734729189,0.1817170468103136,0.2240570215972732,0.375,True,5
0.32337629709335514,-0.78169794285183625,-0.53326925339775211,0.90364757140080487,0.087873281490814137,0.41916506665210268,-0.28080035110308477,-0.61743551286044596,0.73479558400900913,4.5633294235409876,10.092244213824898,-5.678760154396973,,0.285419219865329,0.25,False,2
0.8947031460339262,-0.31183749122872556,-0.31978689707548835,0.44553497770164108,0.67387481089168677,0.5893991201979274,0.031699591817444278,-0.66981349516851885,0.74185242303893517,-1.3466451305598088,10.706511102412103,-7.4051481464181688,,0.4129132974103045,0.3902439024390244,False,3
0.56493664795570397,-0.78387337469714469,-0.25766085507403547,0.80617698827032769,0.45780548812418703,0.37482369005541633,-0.17585575731251152,-0.4194718911730379,0.89057177427524514,0.1847086781807159,17.156699954319954,-9.9644444225429325,0.1832710790093856,0.1954029854025232,0.4117647058823529,True,4
-0.75266142496904287,0.6583933350140907,0.0043584139997419058,-0.65473918112932306,-0.74914909618465242,0.10046012333170706,0.069407377544994681,0.072758835166194857,0.99493153927674061,-9.4856670814553077,-0.85892502246394542,-4.0153618177928578,,0.5504829904204597,0.2448979591836735,False,1
0.81921816896019606,-0.51882975622476546,-0.24433025948755327,0.57310209423136327,0.72515155558989064,0.38171875905329622,-0.020870582960960837,-0.45273712624580853,0.89139974943094846,14.732498889478745,1.7415329141491251,0.80056663443240794,0.3655164105961296,0.3621132147911292,0.8823529411764706,True,5
0.43105789657517934,-0.84703371461655086,-0.31100317699835495,0.87183402502470109,0.30212970016161472,0.38551663659235524,-0.23258229212347886,-0.43732314206218359,0.8687082057903267,-9.3175059798799662,-3.3675497660576985,-2.6936386114557918,0.3078063142170939,0.2848103843539169,0.635036496350365,True,5
0.66192359454769079,-0.70419867643997003,-0.25682947471281287,0.73798939211944092,0.55224849218900895,0.38780569876440074,-0.13125856962592267,-0.44623517003387503,0.88523746019053906,4.542594777636058,11.709736123548746,-6.4363640018855808,0.3908974271189158,0.3366706664197142,0.7256637168141593,True,5
0.35618025475199544,-0.89616010659227063,-0.26463690120112504,0.89870337412800971,0.2509912264333034,0.35963265922943732,-0.25586690183713495,-0.36592412820971043,0.89478023052492017,-7.8327022447873675,-7.3122063057505358,-0.65500640452597692,,0.2629837674279658,0.7115384615384616,False,4
0.81445297309603937,0.54407771832560103,-0.20160801332444919,-0.44846124204110915,0.81074526915440381,0.37626403353323573,0.36816961987916541,-0.21603598071932861,0.90431166421354403,-5.7847798247596556,10.27980960251255,-8.1702290303691303,0.4259700404200651,0.3817818004273282,0.8596491228070176,True,5
0.60058862820862258,0.79921290541069989,0.023495350422401362,-0.68696927495238624,0.50075911844317322,0.52660565945250504,0.40910452813171927,-0.33241395446190652,0.8497849421713235,4.5846716978211051,-6.3624032671030983,1.9878616939478206,,0.1332075406879868,0.2222222222222222,False,1
0.82341198979127894,0.5300261836662794,-0.20264486101583223,-0.43081299268690243,0.81635165636632057,0.38466886861314836,0.36931404035065007,-0.22943891948866049,0.90053590812568585,-1.4946346371530326,3.6394775611315016,-4.1651802903758819,0.5801166965861286,0.4982785034306734,0.8956521739130435,True,5
0.95571702128948999,-0.18114759003541395,-0.2319278461977044,0.26422711384083936,0.87519207573794489,0.40524420153389928,0.12957240265150821,-0.44858040660495752,0.88430006857471544,-4.8569472311884319,12.732543363678264,-9.1491428322320747,,0.3885709933627995,0.9714285714285714,False,4
0.41365022018474357,-0.80591971545232644,-0.42354091607110989,0.87891209300560125,0.23212906000487626,0.41668889146432347,-0.23750163811988206,-0.54461868472032271,0.80435282068497715,-0.26715736974308002,-14.520808698470985,4.2032462106306951,,0.2379377537251249,0.2352941176470588,False,1
-0.94916306179679599,0.24912396580413779,-0.19242331403068053,-0.29197072333739965,-0.92521070594483545,0.24235974566518656,-0.11765448922317727,0.28622089243637855,0.95091273095829121,-0.59142317931926902,10.371304165354703,-7.1356057371804713,,0.8119421903722746,0.2222222222222222,False,2
0.73889527352938111,0.65777219642097962,-0.14618314667382593,-0.53820261901699973,0.70665781827784846,0.45931761206166893,0.40542781803815986,-0.26071146020516967,0.87616084075842204,4.0676939485262951,-0.93652024334915307,-0.7659047911950122,,0.2847723469660556,0.3170731707317073,False,4
0.55559913431956742,0.82149888409411753,-0.128254377607423,-0.72236063008580198,0.55330683107097101,0.41478508988661078,0.41170951172567177,-0.13780832384990446,0.90083524788514435,4.1354206370014763,0.5384968637838965,-1.5443084825964843,,0.07936428037073368,0.2592592592592592,False,4
0.29739475053129477,-0.91526919479120628,-0.27173270583918557,0.91315023988852106,0.18957139070583978,0.36085915149458248,-0.27877051807528924,-0.35545040285827528,0.89215582123299753,-1.4654370596830453,-14.395057315288373,3.8560435112958364,,0.08731149936854288,0.3333333333333333,False,1
-0.39336147444608693,0.89164937913013187,0.2241163428187524,-0.88571020097937081,-0.43289186872191199,0.16769636214162548,0.24654449963989228,-0.13253684276948394,0.9600259345486527,-5.2416760300341885,-2.5077100763872129,-2.0923859523460675,,0.3171059098035998,0.2962962962962963,False,3
-0.1759543637395253,-0.95340252017419591,-0.24507895953449327,0.90351261177118358,-0.2552420435108026,0.34426219600014585,-0.39077489972032764,-0.16085749516239684,0.90632215243733627,6.8615293451071491,-2.653911280827014,0.77830227340500846,0.370254446878539,0.3326483717310063,0.7972027972027972,True,3
-0.33055016817928978,-0.70608367479996348,-0.6262447049657367,0.85152637159423716,-0.50926070642136323,0.12472518340242011,-0.40698823668036965,-0.4920359509997147,0.76958508179902363,11.060250652857128,-0.53228455292364796,0.86082410768839235,,0.4293993862827381,0.3181818181818182,False,1
-0.88632501939148522,-0.37919212877415115,-0.26578429125216035,0.31576900429381344,-0.91474650172687177,0.25204914898833969,-0.33870030399747098,0.1394710258590659,0.93049983182042695,-11.293905555186603,-6.0024142705014754,-2.0543035851668718,,0.209378344205789,0.4242424242424243,True,3
0.72684352206265035,0.6862294877733992,0.028063936748448398,-0.57116518704788999,0.58126730754636569,0.57956763736629457,0.38140375396698911,-0.43728412649907389,0.814440770818745,8.6054772036929386,15.512545815185643,-6.9788554688027515,,0.4878303514814886,0.1739130434782609,False,2
-0.97288741329374806,0.15786100317992502,-0.1690265799501004,-0.14629136492994252,-0.98608833326849754,-0.078921705117738661,-0.17913379804362528,-0.05205480445438844,0.98244662945713312,-2.017340191878346,13.703372174559803,-8.8539306711704171,,0.6978134167768633,0.2142857142857143,False,1
0.96943214816187162,0.11927654321773778,-0.21441645540463009,-0.023134472465948248,0.91442861689730381,0.40408551172122703,0.24426646575815697,-0.38677307408519379,0.8892358983243468,-5.3915854371788008,-18.973258447529744,4.7240989497756471,,0.120667403648279,0.391304347826087,False,2
0.51490008313725033,0.85635793706745145,0.039102276235932321,-0.75118282214494514,0.42874444165682429,0.50189896539316892,0.4130402790280967,-0.28780077722264152,0.86404192058628448,13.002673717161759,6.8178237356367095,-1.9834310297027957,,0.3430387823833918,0.2666666666666667,False,1
-0.57207077374593318,0.82019362826958286,-0.004176358666072244,-0.80260452071950406,-0.55873900636259077,0.20889400683016462,0.16900003889450876,0.12285412046375624,0.97792936960638022,9.3697033909287732,2.7539438024951277,-0.86377380123085434,,0.2657516430853712,0.3043478260869565,False,2
0.64635018278005463,0.7606972636879189,-0.059758800505887111,-0.64683866422899228,0.58777929397377093,0.48591691062788506,0.40476064986438898,-0.27541818130509832,0.87195965602082126,10.582906080942081,0.64705325481849074,0.26713497985934004,,0.4118810210213668,0.1944444444444444,False,1
0.90038446950882656,0.38595049940366671,-0.20087314175212459,-0.28831460842062573,0.87501019945876135,0.38888537824711222,0.32585655377569134,-0.29223169378628083,0.89912076135980246,2.1548250658922576,2.3527444608210097,-2.7324420705822683,0.54792941072736,0.4972975653152882,0.946969696969697,True,3
0.76955637634919116,-0.57041480137257239,-0.28707131168995076,0.63577981685958118,0.64235336633922935,0.42797917849663614,-0.059724434650297475,-0.51186825172865213,0.85698534688637096,2.4636938580511871,16.841432596667055,-9.1981881049856575,,0.1743164370762688,0.25,False,3
-0.33719039564352771,-0.89781413548239331,-0.28325327043789539,0.84758612452307203,-0.42046390413982626,0.32374043125852159,-0.40975651135975832,-0.13091937764707434,0.90275119382628466,-1.4091609506224048,19.470229744819537,-11.459968889992062,,0.1462853241812185,0.3333333333333333,True,3
-0.56544928958329077,-0.70675881722350731,-0.42515770625331623,0.71489479623044794,-0.67705478214426373,0.17470618849431163,-0.41133019732616061,-0.20515554160785618,0.88809834619551509,-5.5070285302778252,-16.915413754067558,3.88994724864772,,0.3119206700355869,0.3333333333333333,False,1
-0.9526264491427876,-0.074839020538540496,-0.29479139980405705,0.12360990031665603,-0.98086161170199104,-0.15043633614615504,-0.27789105947710846,-0.17974876826894945,0.94364555812470474,-5.6495501325324016,-4.138956463347311,-1.6192776054626405,,0.4955225700978516,0.2058823529411765,False,1
0.40234521379497057,-0.80447236834407765,-0.43696972149927182,0.86714166679648463,0.18182536461192322,0.46368617241530552,-0.29357053435536545,-0.56547656481468178,0.77074807557573122,-12.038353384628968,8.9543000335239622,-8.9903461772620847,,0.4271400016735706,0.2368421052631579,False,2
0.93562674421559544,0.30012886696494889,-0.18580973796564171,-0.18824949241829891,0.86953022710224115,0.45659534903432564,0.29860462841820989,-0.39222423098256048,0.87005484224694796,-6.2514073467585236,1.3487851044730825,-4.1431952620579793,,0.9549601514544966,0.8007662835249042,False,1
-0.05559482301868332,-0.9347659356652398,-0.3508872485192514,0.92604603303941391,-0.17966409212400533,0.33190293565020257,-0.3732933971362028,-0.30648565956851309,0.87562467994761761,5.2167970700847848,-0.15622223340781427,-0.9094430087084836,,0.219352031632169,0.5454545454545454,False,2
-0.65805936068716275,-0.68294230941062894,-0.31709254142738597,0.63581412114360536,-0.72959116514958888,0.2518672965870109,-0.40335874995639592,-0.035868283378793164,0.91433865995104435,16.713847418906624,2.7863695597050606,0.9144019598529769,,0.5720433470001318,0.16,False,1
-0.24679317991854202,-0.81698991331745052,-0.52117233990613721,0.88703859771466997,-0.40700180492622434,0.21797260596503201,-0.39019950347237187,-0.40850582899677151,0.82514685672647048,13.582542453063642,12.725998385448818,-4.3883508737230068,,0.3559405266101765,0.2352941176470588,False,2
0.55082480665364386,0.83217661077191085,0.06382884034002087,-0.72592469367271206,0.43994707265777627,0.5286585971835065,0.41185600820087032,-0.3375332009507056,0.84643131249075121,2.9170819688477558,7.033013698927542,-4.6706008720979861,,0.5250267987630458,0.5526315789473685,False,2
0.76777387960400956,-0.57116859702784106,-0.29032689087829161,0.63809504644768444,0.64064301469644558,0.42709628822968859,-0.057948093124235017,-0.51316952509857572,0.85632882528463772,12.861972511981119,9.0323686958910869,-3.0507295231890788,,0.3240890453977603,0.1538461538461539,False,2
-0.95269289498573617,-0.1998906190784451,-0.22895411821614428,0.11694899169958978,-0.93639291187344831,0.33089461756519006,-0.28053374339666426,0.28846499787253244,0.91547188040826999,-8.6173617796347184,3.793249200080302,-5.8957332996387555,,0.3341603954654434,0.1538461538461539,False,2
0.95927505295283122,-0.13516709023135337,-0.24803473648005889,0.24691920982954829,0.82772224661604521,0.5038916414012431,0.13719430235798641,-0.54461522212960289,0.82738865306772813,14.554136231445327,-3.2383159917695128,3.1246641517598732,,0.1536789768646397,0.2380952380952381,False,1
-0.71412269273459483,-0.59670293900018778,-0.36602511158393275,0.57809919310599767,-0.79756275554973799,0.1723222965553329,-0.3947532174051106,-0.088539559228900527,0.9145111501779879,4.0623342837566376,3.7835837657498068,-2.8995057002444975,,0.3990949673644593,0.1475409836065574,False,1
0.69901324425353573,-0.61568818977929396,-0.36374240517767925,0.7132023393371576,0.56310961201916587,0.41743261493998124,-0.052181486392713028,-0.55121286071527831,0.83273133402071919,6.5492383395379932,4.7547087531556436,-2.785633740145586,,0.3598126054484214,0.1611111111111111,False,2
0.058678923411922351,-0.93224952004723782,-0.35702607232373534,0.93657930164290215,-0.072370593750412882,0.34290189397888587,-0.34550831492355177,-0.35450434345986237,0.86887897591481644,5.1616285330892877,-4.85368593268403,1.3363052424466806,,0.3827811746684551,0.56,False,1
0.051199063091544483,0.99417186400773616,-0.094873393287743857,-0.92808807554156092,0.082448016781786065,0.36311822946020161,0.36882405015957048,0.069459551856697027,0.92690031323749,-11.102111394399161,0.66234581062812026,-5.0817488640050064,,0.1414475573982774,0.3076923076923077,False,1
0.88255016960565646,-0.36661966079050795,-0.29444052447120717,0.46935887608759197,0.7246892593364701,0.50450740613012868,0.02841555149595415,-0.58345137048790174,0.81165082067904637,13.050935042558443,-0.54291733643132134,1.4157601950028944,,0.4422216330352275,0.5,False,3
0.62278160957327511,0.7593508021662394,-0.18849250920609353,-0.67132437334577744,0.64236225308479544,0.36972195169305877,0.40182913349982463,-0.10371641654682198,0.90982209931912861,-8.9214758050738752,0.20840522963292107,-4.2661103482685192,0.2169358346914183,0.2740828524526587,0.7142857142857143,True,2
-0.79523391511607522,0.59097567242451965,-0.13546503184049055,-0.60498181076468804,-0.75870149121624197,0.24159688712839242,0.040000361161336706,0.27407991868912429,0.960874689685562,3.5364230923624236,20.393537069228024,-10.54017092518656,,0.1972861866442741,0.1578947368421053,False,1
0.72335971721207803,0.67860946073812967,-0.12743594199269781,-0.56771635867649162,0.68958930418716102,0.44962732083556833,0.39299981629253516,-0.25289482269783808,0.88407881608296757,11.098942694783442,11.435419272800679,-4.5192394213691616,,0.1447407668765331,0.25,False,1
-0.93169931025350561,0.34548559655513966,-0.11214320240693243,-0.35184598929585531,-0.93509844187428648,0.042371025721640698,-0.090226354739420866,0.078934191433258735,0.99278829482081177,-6.4934420811913451,5.2260580501657472,-6.0597160218420747,,0.6214677769302105,0.25,False,1
0.95899356864863716,-0.12462861863327201,-0.25455656092136875,0.24835105891279421,0.80228751022835576,0.54282271734745957,0.13657630404812482,-0.58378288631061181,0.80034021192453264,-11.107008804233587,-16.528898825592904,2.3819127528015538,,0.2734903153273107,0.2222222222222222,False,1
0.41469088937754472,-0.85076687896231962,-0.32284235150917762,0.87852927180391049,0.28187685146747743,0.38565756726722361,-0.237102899288373,-0.44355513554404497,0.86431536887964233,-6.801799880960699,-0.41681703367849759,-3.6022247993105392,,0.1033046141694166,0.1515151515151515,False,1
0.96644414328446238,0.16139031505766077,-0.19984715188551308,-0.048274465822494152,0.87823602295077496,0.47578468233136678,0.25230000765104071,-0.45017180520018774,0.85655709205054742,7.0730851472223168,15.923434369000441,-7.4617566344281503,,0.1621825059463254,0.4736842105263158,False,1
0.97142712707085777,-0.020491519677489245,-0.23645175916488187,0.16326385054289944,0.78079428102609305,0.60307976737978275,0.17226216037414033,-0.62445207048920437,0.76183026965655565,5.2985768837022675,3.1026245699308093,-2.3627461247072619,,0.4753863884565555,0.1153846153846154,False,1
-0.95401793121196821,0.23427279278661889,-0.18699210006306274,-0.27181324830039805,-0.93911263640479514,0.21020231728794322,-0.12636196015582662,0.25136370999965946,0.95960874335365698,-7.6131444371601038,-4.2160372404249999,-1.8656282754704419,,0.484576188580266,0.1052631578947368,False,1
