axis_00,axis_01,axis_02,axis_10,axis_11,axis_12,axis_20,axis_21,axis_22,location_x,location_y,location_z,dbh,dbh_approximation,score,reconstructed,number_clusters
0.50338917169703423,-0.86323754972638911,-0.037686530227018802,0.85920836681056445,0.49547104185786722,0.1275516722077768,-0.091434808584555868,-0.096588712708358268,0.99111568263066352,10.099875157283012,-8.3180774771558781,-1.2225829802696691,,0.1662137824510951,0.4285714285714285,False,5
-0.73683014689249093,-0.63646823106958361,-0.22801211693580126,0.67133142327791018,-0.72868454384257231,-0.13539924550970983,-0.079971587142222259,-0.25283794494517253,0.96419786291292753,4.7941063655099834,17.834174443399746,-4.1028731481495777,,0.3771194854941944,0.2758620689655172,False,1
-0.97134836726123275,-0.23673806338719966,-0.020915036758627228,0.23535654366704495,-0.97042432929247224,0.053702127242380139,-0.033009798121752296,0.047240982853161216,0.99833794016206145,11.447361209804745,-2.8326264615686449,-1.7487651834417568,0.2839477117009925,0.2105689510405884,0.801980198019802,True,5
-0.98683048923351457,0.15935220162545052,0.027793189026521517,-0.16083598622849624,-0.98493182448241967,-0.063569541886337191,0.017244449920167507,-0.067202507087560051,0.99759032272175607,0.62176585659188999,-30.500889307371654,0.59860016717147424,0.6436431839646876,0.3648770772777937,0.7391304347826086,True,5
-0.37271780242285757,-0.92668636037878971,-0.048309722054554118,0.92198424429001513,-0.37571279081365605,0.093728075302891317,-0.10500710946429402,-0.0096066803281109822,0.99442506940192743,3.9357040220260449,-9.4735304253015808,-1.2553039039897571,0.2483777508763926,0.225569236275153,0.9411764705882353,True,5
-0.98151680866864266,0.17656707998013113,0.073816126748917937,-0.19079067276417225,-0.93293937390358594,-0.30532448936595169,0.014955717539352566,-0.31376454689412353,0.94938302893258431,-11.386638515582623,-5.1216588902964526,-2.9861260673092436,,0.3672609043056853,0.1111111111111111,False,1
-0.93614485219316712,-0.33394177173668466,-0.11007138048374063,0.34650847358220815,-0.92933707096364138,-0.12753229500188151,-0.059705053789110188,-0.15752936749089924,0.98570776852470632,-9.9339259149316774,2.5106763574721964,-3.8369076321684723,,0.414105861851686,0.5,False,5
-0.60823988686850317,0.79208818068869291,0.051386321482160185,-0.78729359554289269,-0.61026681637051283,0.087995495646902733,0.10105955887166453,0.013066248515797123,0.99479457111023128,11.640327694021206,-5.0480014422760622,-1.5245480327077048,,0.1644254537497194,0.7560975609756098,False,3
0.49677372550635263,-0.86589530947551541,-0.058661560453514568,0.86160006750657447,0.48393459548902568,0.1531425184641409,-0.10421702989054045,-0.12661998387764578,0.98646144900022303,-9.1412872252878934,11.580410400164528,-4.5381563318037328,0.3083854123057691,0.2773643785472058,0.5806451612903226,True,3
0.84525927966790404,-0.48222229060072008,-0.23021384098939476,0.53067580745561682,0.70705934865602926,0.46738663316299522,-0.062609404378453998,-0.51723180482826647,0.85355217916508708,11.011023357949961,-12.300757183744095,-0.79596544976384342,,0.5269067228955888,0.3658536585365854,False,2
-0.059267904474451315,-0.99681900718959393,-0.053283978875082405,0.99189213630887063,-0.064818010943565776,0.10930972228464071,-0.11241577036978759,-0.046373401458947326,0.99257856223540064,10.207537338431587,-1.5983353498533475,-1.8761365679505853,0.1656559951032993,0.1068403176464372,0.53125,True,5
0.81316137269401845,0.55620999792153281,0.17146142473019446,-0.57782078544031557,0.7360468005273525,0.35264464740951967,0.069940845516167513,-0.38583098067103982,0.91991452455263878,-3.2567972713531099,-20.689117395552373,-0.48910818302609044,,0.1805673988305443,0.3333333333333333,False,2
-0.41311771988445528,-0.88768947628979644,-0.2033252153615332,0.90702081268428414,-0.42106066983995138,-0.0045997468919766887,-0.081529104465875177,-0.18632043902448414,0.97910045405296087,3.1099044761592531,14.283129085739917,-3.8538670603459408,,0.5362514862222895,0.2586206896551724,False,4
0.8218362176720585,0.56881672460931099,0.032136663286964649,-0.5654953108816797,0.80757802633370313,0.16742993983691307,0.069284086869329187,-0.1557731208767909,0.98536006115479802,5.31670968025165,11.834965832253632,-3.4245379253298815,0.5786838858744978,0.5940002101150728,0.9936034115138592,True,5
0.98995338855897774,0.14137803623929254,-0.0021305749738953703,-0.13985852912411645,0.98130588530726781,0.13220571580895657,0.02078173024165219,-0.13057951726990408,0.99122001057168063,-4.6528193877250716,-6.408447935354662,-2.1282127852957551,0.5123410857129176,0.3824216419636147,0.8865979381443299,True,4
-0.77113504729519167,-0.62865764973598459,-0.10069904796704596,0.63509854577434055,-0.77065873045581812,-0.052296829039086487,-0.044727798832036494,-0.10428173665917595,0.99354151569573879,-7.1625739361538789,-9.3150964039035919,-2.1317098782538419,0.2620679234481152,0.2235478016372941,0.5774647887323944,True,5
-0.77062025322778893,-0.63584937306946809,-0.04289522213839389,0.63286668442364746,-0.77145112662263993,0.0659008268482143,-0.07499456688158905,0.02363755486135042,0.99690374707813112,4.4439715401609714,-3.4592015192534147,-1.9745792402485409,,0.09134343642250417,0.5726495726495726,False,5
0.59394793699415138,-0.80400109904488581,-0.02842676335792833,0.79997882904097972,0.58649643341021584,0.12671150967185033,-0.085203997714983173,-0.09800084862751049,0.99153220444001366,-7.1335405556494722,-3.5568828748963477,-2.8571074553131286,0.4351745385317878,0.3576039721470867,0.8972809667673716,True,5
-0.90535625004335163,0.42323931373562018,0.034619991566155341,-0.42094902931355771,-0.90521633616911279,0.058183326241631972,0.055964052993084761,0.038103386216556207,0.99770544587639609,4.4857658600086667,2.4342031385202967,-2.5744594763061941,0.2198322706339095,0.1911458935880987,0.3374233128834356,True,2
-0.79142810326169877,-0.60884621194791022,-0.054294084063277522,0.60777112291317437,-0.79327723935221695,0.036407192676510741,-0.065236642467625228,-0.0041847009936263457,0.99786104681821575,3.9443585171680273,-12.952462464028105,-0.93919163448780929,0.1688851323621254,0.1495484675884667,0.6511627906976745,True,5
0.94188997837276789,0.3358901298337213,0.0045923110991766269,-0.3331007893849588,0.93212575387014818,0.14207548375115248,0.043441141238037134,-0.13534917676991065,0.98984517354768331,-13.29036684604579,14.27150968945317,-5.1295938883772347,,0.06956426845131483,0.3636363636363636,False,1
-0.33068157987707891,-0.93333340796332076,-0.1397799782142333,0.93764133383724735,-0.3417344571591307,0.063610454094125163,-0.10713739687852039,-0.11002867975999145,0.98813727174941002,-8.5587263422168025,-6.8164140296772686,-2.4941719993123841,,0.1415921888474339,0.25,False,1
-0.99194033119745006,-0.12633392625048021,-0.0097014649425398482,0.12499908765514621,-0.98823080707745936,0.088176527650017725,-0.02072697347116061,0.086253179774263833,0.99605761959314087,12.42381560600646,0.27202731147695747,-1.993151759954539,0.2678852391783037,0.2403167188534591,0.8913043478260869,True,5
-0.93585723854902525,-0.33265592062295363,-0.11623797800154473,0.34324944313836797,-0.93518678599548011,-0.087209489647880209,-0.079693467992004413,-0.12151425337769506,0.98938528257977854,-15.516375462624604,-0.76666566503209621,-3.7615547520559836,,0.6625158293615587,0.1666666666666667,False,2
0.34539272443614955,-0.93396516027014009,-0.091722109156664566,0.93327373486830878,0.3315807529224572,0.13803745903317552,-0.098508891535399962,-0.13327896943235085,0.98617073298466895,-11.090108052827167,-9.4868368754759835,-2.4811349358762982,0.2214522098476724,0.2453140821924804,0.9090909090909091,True,5
-0.96693228364277917,-0.25472614232830276,-0.012512044752985776,0.25501531866343097,-0.96628178164990941,-0.035590809185303829,-0.0030242513698833379,-0.037604665482053969,0.99928811813091911,5.7592884509997679,-18.111216716667837,-0.36089761315317359,,0.1705920414668941,0.1333333333333333,False,5
0.46296979190289356,-0.87968871512298108,-0.10865880668712548,0.88217217233593093,0.44537740898183009,0.15300726101965273,-0.086204583065495402,-0.16669351533251178,0.98223319115401209,10.833770263852623,-10.650258013807035,-0.97091112483572828,,0.2365369406865432,0.2941176470588235,False,3
-0.57639130573359354,-0.81501572623253615,-0.05935005196607207,0.81120275361069549,-0.57943240643121519,0.078791997764730629,-0.098606060712053079,-0.0027299031088440368,0.99512280268310016,12.355266910498246,4.7200040472877181,-2.4770961617264815,0.2194825668890224,0.2224973145580435,0.5625,True,5
0.81583278511378221,0.57768079830062291,0.026490791008245078,-0.57239027351502159,0.8001392813655881,0.17929446506001395,0.08237864722660887,-0.16143737389623575,0.98343872853909864,9.0762489862498192,4.4336158840848263,-2.520893762356283,0.1601067241113637,0.1313340099032251,0.1774193548387097,True,5
-0.11334520019736205,0.9309216989312401,0.347185333865348,-0.98741851668119207,-0.14432318553784412,0.064618039519340351,0.11026122848641734,-0.33549308275310563,0.93556766346292841,-4.841423869773652,-1.0147255422650252,-2.8137597515357977,,0.3166534108340071,0.3306451612903226,False,3
-0.12784980820473429,-0.98338506942644033,-0.12887292877547418,0.98549001815302872,-0.1405868716557932,0.095103920207219583,-0.11164161707336702,-0.11484396696036464,0.9870901744977767,-16.450391655148533,5.7078795226712291,-4.57428560397239,0.2273039475397869,0.2078390766849836,0.4,True,4
0.10751763707521965,-0.99317077853160662,-0.045296383836725088,0.98812737246839799,0.1017203565245568,0.11514019648766124,-0.10974631427278783,-0.057138198601633022,0.99231596417879875,9.808850280045883,1.7782870575860512,-2.2058613529135975,0.1468433503748935,0.1718495399436348,0.6615384615384615,True,5
-0.91095495352283939,-0.41216154346151757,-0.016850363308312105,0.40891797071625546,-0.90765386787176072,0.094607343069832997,-0.054287805974289526,0.079292611439232372,0.99537204898150811,-2.9509459920863597,-7.3257924842218047,-1.8599511251247249,0.4524613127682253,0.3741664146005863,0.9535864978902954,True,5
-0.50225602404816339,-0.86447705112642204,-0.020452735345127572,0.85911691259379896,-0.50155053675663563,0.10180957506261769,-0.098270121617055922,0.033563181537179285,0.99459363362253272,6.3473928271200011,-10.802043697756449,-1.0498038376119414,0.2678355625039702,0.2405800838024563,0.945054945054945,True,5
-0.79236200285733471,-0.60678554104450977,-0.063037795069592228,0.60494870538014889,-0.79486523874558146,0.047183854153860623,-0.078737032499301987,-0.00074793933748755655,0.99689514007239122,10.465190779431371,-4.528369655455303,-1.6167258480540723,,0.2090945513335291,0.4216867469879518,False,5
-0.74908707615612458,-0.66191708253484272,-0.027098490445618663,0.6577727818089697,-0.74801473649657058,0.088368102249940461,-0.07876242662055552,0.048370753896634977,0.99571921258973062,6.8085190621071323,1.8861327764713849,-2.3477321047113948,0.1793123155052416,0.1160237483150929,0.6918238993710691,True,5
-0.40401112580440623,-0.9131016377550768,-0.054958251020702224,0.90825518247694959,-0.4075650734182405,0.094674359957429788,-0.10884637674273329,-0.011666621558209092,0.99399011876949661,4.199651327884804,-8.3689883288340372,-1.3576744612105984,,0.1243109717439679,0.58,False,5
-0.79238550920105,-0.60908288518667053,-0.033811888158948707,0.60562704449688498,-0.79210949669648356,0.076015973434608641,-0.073082746131767407,0.039756561922832535,0.99653315449206969,10.740238033951105,-0.099890790761818241,-1.9899578902735966,0.1573601431521475,0.1457066503444943,0.1515151515151515,True,5
-0.059624563026580341,-0.99619036899611857,-0.063636940555506366,0.99145303247248007,-0.066510770938640204,0.11223725651613971,-0.11604221596044847,-0.056400940315950741,0.99164163791485871,-13.71856308910456,1.4346472015411122,-3.9948336203031616,0.4713688967009572,0.4946080605642436,0.907563025210084,True,5
-0.98125241805783647,0.19264024915268183,-0.0057815622491720516,-0.19269449675349756,-0.98119626436499174,0.011077983440178504,-0.0035387817910560032,0.011984373265933079,0.99992192286240911,-10.018037495275543,7.5256590769107286,-4.3034900602432913,0.3187247359404554,0.1749337592107686,0.3333333333333333,True,5
0.290943319493496,0.89211538991903827,0.3456618519763322,-0.94173042250128824,0.20328870428956763,0.26798789906227843,0.1688069790549275,-0.40348957084151632,0.89927769350989595,-12.830826314873155,-6.1362297212542432,-2.9953039607543053,,0.3288705224449824,0.1111111111111111,False,2
0.19931199094177951,0.94980857580651734,0.24111905688107518,-0.97370666616756341,0.1642560397568342,0.15784575275961776,0.11031798823253194,-0.26623978426936212,0.95757314015407224,13.430085649849188,8.635422290005117,-2.8559279069821351,,0.3747531724967471,0.2432432432432433,False,1
0.10044208562017673,-0.99263406375836583,-0.06774217964326984,0.98894847128606056,0.092142553204413641,0.11614934795311975,-0.10905186186962679,-0.078659807751632393,0.9909189301185255,-7.2453540297995049,2.6196506777401494,-3.4960664111856872,0.4236702742850348,0.3846502513540619,0.9353348729792148,True,2
0.9198579015373497,-0.34521853883930392,-0.18624070828086672,0.39043483478528584,0.76016534446957662,0.51933543000033799,-0.037710486147615352,-0.55042965900204299,0.83402944176174298,3.5777249728862555,-21.62637475412598,-0.1102337990731373,,0.5293499934657564,0.2083333333333333,False,1
-0.16670733250955641,-0.97781339323150862,-0.12684491832403397,0.98240013557719552,-0.17571006769359315,0.06337148987533861,-0.084253420734445361,-0.1140479729245352,0.98989616676010472,3.7908265720324605,-15.19066542639194,-0.73053957247680046,0.2245012747577477,0.2416394610625924,0.4333333333333333,True,5
-0.92660486638544626,-0.35556435859187396,-0.12238222293272946,0.36558049999379416,-0.92800981214223244,-0.071754348941536705,-0.088058614655776135,-0.1112284831636467,0.98988580397842763,17.302376610294459,-6.9172871018752753,-1.1998882667574462,0.6309935985519104,0.4701584293709598,0.4153846153846154,True,5
0.96800501474420242,-0.24256421536018608,-0.064256461595491393,0.24853867303334157,0.89153449066466484,0.37867503213457454,-0.034566160285766312,-0.38252954576345172,0.92329644599180871,-10.635094515798059,-7.3024092942653329,-2.684886395986736,,0.2802910335332617,0.1333333333333333,False,5
0.81374598888675609,-0.54746260753486287,-0.19519774312692265,0.57637940811514488,0.71684167609311722,0.3923324984204673,-0.074861495253239568,-0.43176695654848257,0.89887321228375139,15.18868115855936,-2.5447921565973792,-1.6935002434280433,,0.3100272207264332,0.3333333333333333,False,3
-0.56973280911741764,-0.82008453247086766,-0.053533968816207922,0.81616540650460689,-0.57223909177849175,0.080102753171765462,-0.096325258579181505,0.0019445931619037939,0.9953480110579862,7.7463517747907016,-0.67758257399752475,-2.0427423906951212,0.2364054259671137,0.2225303274401587,0.8245614035087719,True,5
0.27793899069587602,-0.9572766214397519,-0.07982097152911051,0.9544954116539528,0.2658658115758466,0.13510691827832802,-0.10811302688625504,-0.11374023158060551,0.98761061817777207,3.8414543398850833,-17.729299767693835,-0.45492698576616325,0.357451496765146,0.2540431914670381,0.9111111111111111,True,5
-0.67193204025230091,-0.73955556174664583,-0.039558872228394999,0.73673134781602578,-0.6729176989132527,0.066397979144506444,-0.075724860036592526,0.01547066834029056,0.99700872814311037,-14.027029848321193,6.6682443713614052,-4.4870887216440307,0.7023973681842579,0.4047638382686965,0.8636363636363636,True,5
0.14628686513125419,-0.988638851827496,-0.034545242035342594,0.98327250581619385,0.14148476954754755,0.11470500988195789,-0.10851420366022575,-0.05074722301059939,0.99279876458459548,8.5709288874712772,2.8114191046764265,-2.3424654165172805,0.1283642553022676,0.108385186891648,0.6868686868686869,True,5
0.24764262260480163,-0.96665646809632566,-0.065179783345399478,0.96307451065597671,0.23827259209755211,0.12535413347737825,-0.10564382799845262,-0.093816014318723481,0.98996865458618555,-4.7848707868308846,8.9000037926232647,-3.8973036646615609,0.3580710500171981,0.3811896969029369,0.8671679197994987,True,5
-0.43311738466447708,0.90131924606342129,0.0057400154240806224,-0.89599783567490843,-0.43123495423110969,0.10594476256602925,0.097965348809070971,0.04074347708478078,0.99435544927744945,-9.6535895490599071,-4.8133402376024197,-2.8032898078564377,0.3940411590291666,0.3218514079127973,0.8266666666666667,True,3
-0.60143948922125556,0.78578996984258365,0.14423821996984162,-0.79616806028576304,-0.57455198546086506,-0.1897536186315954,-0.066234134599028868,-0.22896318328013154,0.97117912874821832,-12.371579953356969,1.7846446165744465,-3.9536394530414616,,0.2143139725483897,0.3333333333333333,False,2
-0.94879760923925782,-0.31452631989698682,-0.029262446820578748,0.31222397007139518,-0.9478319416778932,0.064271322127145925,-0.047950904211760237,0.051844039456558091,0.99750333651477174,4.5076387320985463,-1.4010813951357477,-2.1835377570844643,0.3511389229351962,0.2860804074580157,0.6264501160092807,True,3
0.94641676856877788,-0.30287068752482932,-0.11209213536224709,0.32156751711685433,0.85172950711056794,0.41370421638229565,-0.02982670124456889,-0.42758179726857493,0.90348446280909622,-9.4452718247918206,2.1176145668035242,-3.7098390122004083,,0.5358750793958386,0.2325581395348837,False,1
-0.9996766480741972,-0.019370699860430159,-0.016473472070389406,0.019888404581563948,-0.99929425392060489,-0.031866054736354066,-0.015844578200027763,-0.032183381863586394,0.9993563825150088,-3.8078009760062419,-16.300784269766076,-0.95293077070992138,,0.278865764567128,0.2096774193548387,False,4
-0.62371212851329616,-0.76741521510342803,-0.14851622259259598,0.77201759430009675,-0.63454405122937485,0.03664261372370118,-0.1223601848499154,-0.091802694280573416,0.98823086902116297,-11.405157567304482,0.66572043783472012,-3.7299592285728855,,0.1908835439357164,0.2413793103448276,False,5
-0.67501202974629715,-0.73454327389422025,-0.069317663510431032,0.73292257410876849,-0.67837007549038342,0.051366730876599827,-0.084754115295729057,-0.01613131910082511,0.99627130867274616,-5.605495628412811,-19.812624756850962,-0.70512192959187048,0.3890551267113825,0.3836050883713155,0.25,True,5
-0.97138600383020735,-0.23724373850398106,-0.011164233221997756,0.23533095413863747,-0.96777254475828622,0.089641751635436667,-0.032071382679564137,0.084449453241127778,0.99591150021490149,-3.1116137289455805,-13.292542274774764,-1.1688021108043973,0.3836164664639303,0.3356023712410526,0.9411764705882353,True,5
0.095109535805750087,-0.99416082550162155,-0.050974790208002649,0.98926174611396167,0.08868413927828285,0.11617366791156598,-0.11097465419802591,-0.061476633596881956,0.99191998147392113,5.4435897076692488,-5.8668261662455095,-1.6654870142834011,0.423525344690613,0.362382172467244,0.9285714285714286,True,5
0.39883565373852814,-0.86023842635902881,-0.31767903790194529,0.91217265026039107,0.33657912833604503,0.23378525720302554,-0.094186928094601163,-0.38302002582618688,0.91892572191239286,4.5697391891136707,15.410544607887401,-3.8295464035184468,0.8208311891360317,0.6202231230392589,0.5189873417721519,True,3
-0.90692065912048558,-0.41896805939092885,-0.044279603325493209,0.41799020372642248,-0.90796045131865577,0.029866510173877946,-0.052717242427954947,0.0085781146775739982,0.99857263546492725,-15.724666366815665,9.735677803999371,-4.9809802812776365,,0.127764055823932,0.3076923076923077,True,1
-0.92538899833938737,0.34677919627205633,0.15296859411438507,-0.36878198199100104,-0.91697290113171315,-0.15218590062445991,0.087493151224617968,-0.19724321946012632,0.97644255379709366,9.7604220029158704,10.372443505661414,-3.0767659023012959,,0.2642974871332653,0.1379310344827586,False,2
0.87513127671205915,0.46415483259511642,0.13676819768835508,-0.47972703088205954,0.79525683896519062,0.3707135496851664,0.06330264103025221,-0.39003442342656436,0.91862175250801825,-4.1764585646066443,-0.42442426927970212,-2.849045790187696,,0.3431384942097975,0.2628571428571428,False,3
0.19912960117296036,-0.97853136881241798,-0.053139083420711372,0.97402275155444584,0.19166277139101465,0.12060290841029431,-0.10782894505189212,-0.075774285300563474,0.99127754755980668,5.4857096350846399,-12.377251216411119,-0.91597094111481914,,0.1992348532353568,0.9107142857142857,False,5
-0.98075491004088,0.17808825405992568,0.080027371546199655,-0.1883696066083477,-0.97088947636808487,-0.14795443887873916,0.051348785155273288,-0.16018176688872438,0.98575103541385367,8.6718605000659856,12.322902812263454,-3.2794123895436531,,0.4325552307460698,0.3,False,5
-0.31924494236004763,-0.94697926177241865,-0.036234576725760581,0.94165649545313013,-0.32128779518343348,0.10028557841034294,-0.10661009027507112,-0.0021048608346533118,0.9942986765617301,11.904116793547047,-1.5034234775286031,-1.8689441534638029,0.1559949826212694,0.2079227342866678,0.8690476190476191,True,5
-0.5574732597124662,-0.82958369042118096,-0.031850671778333506,0.82454883622988451,-0.55774111814076011,0.095100272381509907,-0.096658064213494613,0.026753424496098844,0.99495802569768288,9.7162031012088068,-9.9174363330444795,-1.0679456289942793,0.2646615954218453,0.2617352638353451,0.9607843137254902,True,5
-0.85490938947884765,0.50961941455473048,0.09704631930061762,-0.51594923704981011,-0.85474592757656354,-0.056619643932102878,0.054095476415522245,-0.098475639628149675,0.99366806722929546,-11.50566698053991,9.7868208096361684,-4.6798412623880292,0.8308984083377241,0.3978512946190573,0.2571428571428571,True,3
-0.99783194119897389,-0.054549684705705537,-0.036820497302391994,0.058826277914337588,-0.99011459568707894,-0.12732853739109989,-0.029510780230831896,-0.12921849444224204,0.9911769239365128,-11.628884435771559,12.827920398683448,-4.8931223060427955,,0.4371822999678566,0.2142857142857143,False,2
-0.31363981969009241,-0.94899805906292811,-0.032136387469044597,0.94341226661334787,-0.31527597845743482,0.10283167124564072,-0.10771888742570049,0.0019342446849774687,0.99417951094823254,7.2435075664789697,4.5392486071933265,-2.5980960887901197,0.1620611450893333,0.1631542276645386,0.6046511627906976,True,5
-0.099591782023294786,0.95126809945654489,0.29183981892428151,-0.99079275446990644,-0.12184005658686908,0.059031502613808309,0.091712565351537587,-0.28327372551516555,0.95464380885720845,-10.172943152524715,3.8464955765704243,-3.9628844711588251,,0.4232845424723592,0.375,False,3
-0.012265414181613133,-0.99883253884681178,-0.046723858528440382,0.99358700150649715,-0.017427051231581118,0.11171914931067034,-0.1124029806200952,-0.045053936855774024,0.992640777281245,7.4110699525295844,-3.8248121137127118,-1.7909264322396561,0.2070871325294169,0.1824198591931117,0.5901639344262295,True,5
-0.99673873637530952,-0.080460940158015942,-0.0061586133049129337,0.079699072396399936,-0.99351127592057198,0.081138169056433229,-0.012647105127446122,0.080382720329465793,0.99668383603042854,9.8657947460880511,-5.9548972092491201,-1.4715643575424973,0.1920970906083008,0.1825357043523773,0.75,True,5
0.99880481159499113,0.047740377312249269,-0.010478774202025459,-0.045544103326524005,0.98686946821192212,0.15496576190662173,0.017739306268167991,-0.1543033022498253,0.98786426594341503,-3.4930456066941575,11.798030451840049,-4.0784183876608973,0.4807684714971973,0.4000451129044549,0.9926470588235294,True,5
-0.21339104243724719,0.94577905216989433,0.24488006755177497,-0.97105357370251466,-0.23286485760554293,0.053187546398811139,0.10732762928118968,-0.22644191875394248,0.96809340325400062,-3.6835071699409379,17.967093306206653,-4.6911324479386929,,0.6891846100413632,0.15,False,1
-0.37331887915202294,-0.92536988816632471,-0.065753969794386316,0.92111147011170502,-0.37816835058871273,0.092424878910744968,-0.11039327016322528,-0.026062783582267088,0.99354620285853512,9.1048983311632643,-7.8556670294824187,-1.2973635885943839,0.1503428257133301,0.1548374971585718,0.5365853658536586,True,5
-0.50874180859948359,-0.85017515325534665,-0.13558753987802416,0.85473568841347891,-0.51762643629757099,0.038597608711069063,-0.10299842297463949,-0.096255291974648577,0.9900132542706751,4.8981304186082362,35.736322915950907,-6.0784750784105963,,0.5002516002113551,0.8548387096774194,False,5
-0.42428915082078977,-0.90443294030252597,-0.04449464003114019,0.89958325722943178,-0.42661568271276556,0.09353620997243195,-0.10357934064406472,-0.00034023410826592229,0.99462113612796932,9.2526953782859849,0.26322440711737216,-2.0486492956588482,0.2254280861319068,0.1823980502269206,0.7777777777777778,True,5
-0.96540652791084869,-0.26007101989487696,-0.01879628894117891,0.25831501520501615,-0.96373254349872195,0.067029378045136395,-0.035546994060737122,0.059855235462940221,0.99757393811232031,-5.6768306414728098,15.946525485985832,-4.6589937771985239,0.6238446506752999,0.3670267317114829,0.8090909090909091,True,5
-0.86932550145297471,-0.49334870610628023,-0.02966861484452419,0.49043848279252444,-0.86851432186697985,0.07178417171010934,-0.061182245134518032,0.04785318061737303,0.99697883928652198,9.5289763904826241,-3.2651028603670951,-1.7802171587156337,0.2538084584202239,0.233295129760007,0.8914728682170543,True,5
0.10780325955680978,-0.99399496605774174,-0.018774042739816175,0.98825158206098151,0.10508427156158531,0.11097795467721708,-0.10833867168695832,-0.030517262692455728,0.99364552476970647,-10.696380902183078,-12.233734522833567,-2.0921520530969637,0.2842986602337165,0.3028126442458975,0.9759036144578314,True,5
0.16931279400921739,-0.9790909570039048,-0.11275671021260306,0.98003295980813976,0.15515528125370989,0.12434724117879822,-0.1042524602802655,-0.13155887127920646,0.98581118268827328,-14.949070637831497,-2.4649041844908619,-3.5311234061428785,0.5475715340715589,0.5323084974785599,0.7864077669902912,True,5
-0.51214923024758008,-0.85758455753625984,-0.047454110803491545,0.85313861960986936,-0.51432558829606412,0.087313715727116145,-0.09928575772475802,0.0042327177139939928,0.99504995975768762,8.1288120787094194,-6.1354847561986787,-1.5097026882643689,0.2286682413355806,0.1835705522154417,0.9389312977099237,True,5
0.64055411140776064,-0.76327988749515385,-0.084227333473159943,0.76644954774235707,0.6287075483492004,0.13146067630387892,-0.047386929887360582,-0.14876367834294263,0.98773672953967206,8.1984716243523827,-13.240682747543264,-0.79363246326968995,,0.2018186690178782,0.2727272727272727,False,5
-0.99966231442253617,0.025552967698325216,-0.0047226015272964182,-0.025690537759344257,-0.99916339707778301,0.031819839874187253,-0.0039055592445872353,0.031930420946043911,0.99948246349057779,6.5229161024865707,-13.459312720363599,-0.80001590209733808,,0.142879907025314,0.4583333333333333,False,4
-0.244912311407536,-0.96529472856315013,-0.090686530031805074,0.96315392123158372,-0.25295340631201652,0.091373400130283541,-0.1111417281548164,-0.064966616375945543,0.99167880637806238,6.1263267586247636,-22.31294794663188,0.055997574874529103,,0.1740983216730179,0.5384615384615384,False,3
-0.96831937455514649,0.24969521375898471,-0.0031446918743189452,-0.24880403378150637,-0.96363566623591246,0.097482590918171935,0.021310599127676605,0.095176693491229925,0.99523226202776183,-5.8961039201409893,-4.6404306347304098,-2.5073987111187392,0.2088579328880707,0.148184556875885,0.6296296296296297,True,5
0.73818525795281265,-0.67395480717964196,-0.029452382256617199,0.67048695775712908,0.72817443595835663,0.14215917238897299,-0.074362385778885667,-0.12468724351825181,0.9894055421742346,14.690228142359047,3.649194502875416,-2.3029121363900411,,0.0911756475148551,0.4482758620689655,False,5
-0.91755392106858313,-0.39503323514683752,-0.045205586613725535,0.39397443598191972,-0.9186083681170627,0.030705208320974363,-0.053655807927901061,0.010363838802763363,0.99850570610331213,-7.1285330286550632,-13.848869987966884,-1.5735617257170005,,0.2026444928956684,0.9642857142857143,True,5
-0.21397543270165467,-0.97616864786057367,-0.036184045298988374,0.97043446175172765,-0.21666140158806993,0.10637101346949787,-0.11167573435968363,-0.012353460889674553,0.99366791352004169,-4.5826917027746825,3.2726824845795983,-3.2709740328522905,0.4781912696066734,0.435497174819748,0.969532100108814,True,5
-0.98556121703446842,-0.16774892723752316,-0.023008365613346311,0.16670299582114645,-0.985127504003247,0.041640269458631973,-0.029651284319436901,0.037203471168599442,0.99886771049584699,6.9257670410457663,-9.3490697192672414,-1.190374127271179,0.143968748971124,0.1379893120249095,0.2127659574468085,True,5
-0.56945928823581571,-0.81762763655205484,-0.084859690008034006,0.81727866200237909,-0.57422126476853286,0.048223725729439573,-0.088157289418175092,-0.041892565377736814,0.99522525354238911,13.045518441061846,-6.4916569840135745,-1.3267840461183376,0.2525421615253152,0.217442607071888,0.625,True,6
-0.9265981168198778,-0.37247291413840183,-0.05176734626289866,0.37300168718626797,-0.92783047164419419,-0.00059769951418749134,-0.047808694419045075,-0.019863134741487216,0.99865899315841922,-6.6957369318720845,24.175189430057856,-5.5252412106107469,,0.2005159857309857,0.4090909090909091,False,1
0.35780499667975552,0.93379249558793076,0.002675730678893859,-0.92773701800956188,0.35515587582943592,0.11475334103438234,0.10620550722880245,-0.043541693208831667,0.9933904122684003,18.44859622621469,4.8649846739580802,-2.3388595410520785,,0.1664565175036006,0.8235294117647058,False,1
-0.065107305991318282,-0.99675958426352307,-0.047237378053429036,0.99194085885439698,-0.069803633903626136,0.10573923221326323,-0.10869393378544506,-0.039972288809352233,0.99327128463757974,-4.3631355941465539,25.786669500581983,-5.5041572911095953,,0.3026687712609806,0.90625,True,3
0.65251935203626144,-0.72552442791439109,-0.21870710943559016,0.75370660726293526,0.59154238618085497,0.28636332781914192,-0.078389064201397865,-0.3516986065524767,0.93282540958245408,-4.0917410746968867,-4.3698459627668669,-2.382245427605139,,0.527965491250506,0.2380952380952381,False,4
0.5357641660678778,-0.77445649663625393,-0.33641327734721288,0.84247787600634261,0.46366339352564856,0.27431238751489551,-0.056460488816818526,-0.43038749089881889,0.90087669571389517,-10.6596829677495,-2.6966738973820297,-3.2528759121550546,,0.5590469014457358,0.2533333333333334,False,4
0.4920378798513167,-0.87036104687672478,-0.019245073943030839,0.86561620281584273,0.48676053447027379,0.11735745185072463,-0.092775612173151903,-0.074403159622859996,0.9929032458522995,11.303896961495568,1.5800378409655564,-2.1551666549495048,,0.1308227108307082,0.6153846153846154,False,4
-0.083334935074153793,0.95814031291596469,0.2739022259155337,-0.99039385553585713,-0.11006677325297692,0.083697767846566948,0.11034173966820815,-0.26429613351499354,0.95810868605603305,-7.9615030484242979,14.923181415470621,-4.7630687449163469,,0.4245427457233941,0.2962962962962963,False,1
-0.27206129319765543,-0.95996384513756128,-0.066723824623056135,0.95610688111374686,-0.27750684062981307,0.094072234429737875,-0.10882226164973523,-0.038201694103383324,0.99332690788937594,-21.491266349652172,-0.91325294910432042,-4.2058460700589961,,0.4307853036438868,0.9714285714285714,True,1
-0.035859916742368395,0.89807792621145388,0.43837210771553969,-0.99258671987378921,-0.082980157894589276,0.088802572744153541,0.11612781708713056,-0.4319378796164135,0.89439588452265073,-7.564304468389742,-1.870477970768067,-3.0581045068096886,0.4672118134017182,0.2630908952431516,0.5,True,2
-0.96925690188588198,-0.23248165295387677,-0.080581258282640192,0.24247984261088101,-0.95810675504704801,-0.15243021964366732,-0.04176821846790621,-0.167283373271367,0.98502369969101178,12.002039084288427,2.5489216390676104,-2.2518157964283003,,0.2560966819429696,0.2631578947368421,False,3
0.82157370384225226,-0.56500506557439778,-0.076065268225338101,0.56406523491240645,0.78624013881421018,0.25230310121086941,-0.082746963195841239,-0.25019136674290121,0.96465393799496002,-11.079047633232221,-4.2653311830777287,-3.0950759451620975,,0.2977297816956006,0.1212121212121212,False,4
-0.99914984374351967,-0.040937183452699422,-0.0048720384090099045,0.040704718027837601,-0.99833631026552305,0.040837942353828656,-0.0065357231866923111,0.040604908771975277,0.99915390491457579,6.5060839920639006,-16.333664714782838,-0.51459086600609272,,0.2558731053792547,0.56,False,2
-0.025986099909728066,0.99894805267495357,0.037782412156962153,-0.99347381113502842,-0.030005760581645013,0.11004290490875442,0.11106083558267422,-0.034676251078136044,0.99320846170924404,-12.323488747341441,-13.824109846893863,-2.0066652405503431,,0.12351664867885,0.3157894736842105,False,1
-0.72029348810775395,-0.6815528220148539,-0.12908540503539881,0.68412877880001233,-0.72873573299541339,0.030200090616435311,-0.11465210424221704,-0.066558111896489913,0.99117350284075167,11.049978056587857,-6.6144068709922132,-1.3756957499203337,,0.2507016291085893,0.2,False,4
0.99745636166303231,0.071274358053267872,0.00087889819667810731,-0.069825066637257252,0.97454717427446502,0.21303113665086021,0.014327129756100475,-0.21255063160985774,0.97704501552139456,14.048138737852664,-3.5848918591580028,-1.6318519350488909,,0.09192564861302183,0.3571428571428572,False,1
-0.28868621809190692,0.86438431317224951,0.411703809340562,-0.95084125194399105,-0.3091781906994594,-0.017599999925917237,0.1120766750281946,-0.39654584292052114,0.91114774508697416,1.9573282858757899,-21.156025604899593,-0.21652335379374507,,0.3334417572955233,0.125,False,2
0.6231441447852053,-0.67792077808409912,-0.39001896551547904,0.77768994530366664,0.48415903197950899,0.40098426493597472,-0.083004360087252677,-0.55318482480497788,0.82891303875134648,-9.8161181420592634,-3.5526517403579998,-3.0367872709343096,,0.2017793174361986,0.2,False,1
0.96063204943164171,0.27747819044249256,0.013853498963203436,-0.27494242560512755,0.9423235295172192,0.19087437837640434,0.039908999074551317,-0.18716895989177723,0.98151671012056518,-7.8528377554010813,-16.766767074955506,-1.2296428443851355,,0.1825815102882537,0.4230769230769231,False,2
-0.038656415267662017,0.99695679286697902,0.067696637398334675,-0.99312869931413528,-0.045820099416948069,0.10768428431314839,0.11045844538679715,-0.063068785035138714,0.99187764376304166,-15.748826739853923,-11.543908414100166,-2.5125178015858638,0.3622324042162262,0.360224465841709,0.8709677419354839,True,2
-0.21547735615216268,0.9401780356185796,0.26388400922765715,-0.96607591682909055,-0.2446402180363875,0.08275558375082491,0.1423616237210896,-0.23710003175768862,0.96099778513376255,-4.0844958054895333,-11.056393104085474,-1.4954544148580158,,0.235590594290666,0.32,False,3
0.19222009810829319,0.95083645210070566,0.2428198411163745,-0.97498266333167383,0.15688942700717431,0.15746273811933031,0.11162544551272544,-0.26701263837111477,0.95720635751345828,-16.143748425186949,-0.33661471579097613,-3.8670059720875636,,0.4140729148042633,0.1666666666666667,False,3
-0.91813608895579157,-0.39326953588872005,-0.048633263296169203,0.39062496705338612,-0.91885891255256558,0.055771264440200197,-0.066620246708525205,0.032208243736479854,0.99725842777281526,8.9821144147181187,-11.521471704572352,-0.91718571838482266,,0.1079990108349409,0.3548387096774194,False,3
-0.45277156735079016,-0.86936658338752903,-0.19798901860406976,0.88460894913868404,-0.46579806498369952,0.022342107357931754,-0.11164638329323991,-0.16502698672197527,0.9799495796983656,5.1152783123474173,13.45092339151557,-3.5803337387373109,,0.6226251455902676,0.625,False,2
-0.99768478543043515,-0.067832019261288942,0.0048873391088766066,0.06702896182797774,-0.9929309925309947,-0.09795489955933355,0.011497269105858715,-0.097400519682144082,0.99517885406029305,-10.456024075774069,5.9412532135603779,-4.1945329158395275,,0.3864398242734647,0.2666666666666667,False,3
0.98282888338222218,-0.1803936695042615,-0.038800901953977361,0.1839245528470447,0.94088623316561937,0.28443778774879225,-0.014803541794772643,-0.28669011186680221,0.95790899093187942,-4.3392884676664414,5.2264690912675613,-3.4600413746434242,,0.3607494300009425,0.5518867924528302,False,3
0.19471168436995412,-0.97644475256925189,-0.092967764035637113,0.97490973490897259,0.18223441803195073,0.12783436808726745,-0.1078812715420526,-0.11552602332170359,0.98742866536572715,-6.9510524145551491,9.7173447523920498,-4.1742213140140931,,0.8822655146607605,0.5625,False,1
-0.31002093187465446,-0.94215541862775753,-0.12739775881044729,0.94460050935678841,-0.32043554417459952,0.071069963785155219,-0.10778172165291261,-0.098306811462290117,0.98930221433981003,-9.5451588160932932,-5.7278945000158581,-2.6841666912179782,,0.4629217952282362,0.2846153846153846,False,1
-0.20007605846125712,-0.94988961705337405,-0.24016512287341438,0.97355135893500844,-0.22033527196885636,0.060416218370636404,-0.11030558619764438,-0.22172524290347442,0.96885014027608507,-0.39623547107904311,-22.548348949603586,-0.18496106342704063,,0.5339821286164346,0.125,False,1
-0.946549787940971,-0.28260146280715898,-0.15549891372018285,0.29299284836390965,-0.95490554552574269,-0.04806859610792602,-0.13490251945944512,-0.091059389100947755,0.98666584916072597,-10.1074817140136,-0.64686178735151145,-3.4606005528798391,,0.1339915723028353,0.2857142857142857,False,2
-0.16157623967931986,0.9510541351104792,0.26341820525610932,-0.9808485370783645,-0.18418324268261818,0.063345721451003131,0.10876242955323877,-0.24813819779343638,0.96259969287004377,-5.5193735842749234,-8.4221772388177172,-2.0093945693210995,,0.746943639748112,0.5125,False,1
0.95451461430911499,-0.29816281528029842,-0.00088693542550236787,0.28676548512636191,0.91720536024719213,0.27658612343004807,-0.081654195302903326,-0.26425983939665548,0.96098872504909771,-3.6293304207800259,19.458704876797587,-4.8652123951842174,,0.5701410418975932,0.6170212765957447,False,2
-0.56516133178253936,-0.78756061629083807,-0.2456439389143987,0.82301951663335082,-0.55876159544487769,-0.10209972916956975,-0.056846673591259549,-0.25987257478135151,0.96396820516971349,-12.712409520236529,-7.377395903927753,-2.8381275695104948,,0.3948795129904703,0.1666666666666667,False,2
-0.9125049095653367,-0.40764838059687436,-0.03402334222123244,0.40582470491990047,-0.91258760146723916,0.049901688598158689,-0.051391622817662463,0.031728023024099966,0.99817445051411213,4.2727593826750194,-22.633597210317244,0.01483892785203531,,0.1894015865156024,0.1,False,1
-0.46573076561262744,-0.87624775726810411,-0.12363139506004323,0.87901053954128261,-0.47420775431675471,0.049673706537789707,-0.10215344016340287,-0.085538725899308346,0.9910841543654626,20.899077128606599,1.6388296390861301,-1.982319547694382,,0.1883152338418055,0.45,False,2
-0.90334561108802536,-0.32137161764630068,-0.28405455514636913,0.34589450624453721,-0.93744548118900795,-0.039407617894978098,-0.25362116922262129,-0.13385160876772742,0.95799793807316791,15.626538836177986,-3.5095928570805857,-1.6015227400166081,,0.3510504833883316,0.2,False,2
0.091205253608248008,-0.99575693009903155,-0.012236742785895019,0.98971430774102598,0.089278121631388055,0.11178106302354074,-0.11021429474871614,-0.022305899617008677,0.99365751447635087,10.644088341512939,-15.749551054498385,-0.45978731440279474,,0.4017726062654394,0.3548387096774194,False,1
-0.66609906458931567,0.69450498423276708,0.27198320357897521,-0.74170020803489378,-0.65524536982768211,-0.14329796481589877,0.078694584020969974,-0.29718063899794567,0.95157281920541359,-15.276691913688936,0.74049337762045264,-3.9900399859089828,,0.2805168497078603,0.2105263157894737,False,1
0.68128626995627439,0.65457962617859711,0.32768053247172768,-0.72696687468143362,0.55252101337905812,0.40772502117295606,0.085838112077185655,-0.51599035142768612,0.85228268535067508,-8.2912667425967648,-5.1726136009682557,-2.6731942443066696,,0.1300732430111434,0.75,False,1
-0.29001080117146416,-0.95490262893609057,-0.063676561267299855,0.950869786963491,-0.29504066223576975,0.09379582009601195,-0.10835304999809915,-0.033346317314226145,0.99355303818049301,1.375228728901724,-29.275482999356775,0.53932069493828827,,0.3507768715637103,0.9090909090909091,False,1
