axis_00,axis_01,axis_02,axis_10,axis_11,axis_12,axis_20,axis_21,axis_22,location_x,location_y,location_z,dbh,dbh_approximation,score,reconstructed,number_clusters
0.82750993973735398,0.56117318719778797,-0.017662208416765406,-0.55132582193120083,0.81813181100822785,0.16340189071208233,0.10614677436345688,-0.12547905716363159,0.98640147430220293,-8.2312277871627018,-6.9069470919538229,-2.3155140169479225,0.2504576218639026,0.2481577678224394,0.8672566371681416,True,5
0.99752807125061382,0.051592099931247276,-0.047707465785913519,-0.043884808150105294,0.98764128841663512,0.1504619853263845,0.054880512758704855,-0.14799642103582394,0.98746401892926128,-9.9625002033220671,-4.2972704606198588,-2.6609293420265523,0.2392587528793928,0.2054319965032684,0.8615384615384616,True,5
-0.96373594383620065,-0.25030889107151272,-0.092512105200865113,0.24829293609171882,-0.96812677014743265,0.032881222770040366,-0.097793908016297268,0.0087187140364244284,0.99516849607513713,15.702321076387539,9.7584761021489381,-3.7738592449931718,0.3316749388778852,0.3855086322555407,0.8987341772151899,True,5
0.90297173325132363,0.42770514780661562,-0.041356444344500691,-0.41908665799603489,0.8978393157148985,0.13509602601970194,0.094912707467510848,-0.10465595872344044,0.98996904409423969,-10.175691458317965,2.3315926632395381,-3.3629888744061089,0.2999681078871437,0.2327952190773566,0.8833333333333333,True,5
0.96963015786841111,-0.23659403863755596,-0.061972718459439864,0.24274767732176325,0.96189830330289083,0.12579832772303146,0.029848318327360072,-0.13702158583300955,0.99011825703237988,5.4492390716608696,-2.9281122498119365,-2.3995564445987192,0.1041450987616706,0.1341683488409488,0.7722772277227723,True,3
0.97934574436308863,-0.18901926293318572,-0.071788796048575632,0.1977758677756635,0.96934525615907352,0.14578916450643598,0.042031168476406491,-0.1569760892687054,0.98670760019086323,-9.4272827990350656,3.959653283813986,-3.4829901363929205,,0.1185596923060503,0.3492063492063492,False,5
0.11360957455285896,0.99299287628437927,-0.032527099753805758,-0.98676869263313105,0.11658817850240427,0.1126709539881226,0.11567372998663299,0.019296224552154944,0.99309981568270034,-9.0260476785595927,-10.361774484073775,-1.9720553207767992,0.1331581547237381,0.1225375307831287,0.627906976744186,True,5
0.57425737892609319,0.80806069745324582,0.13140156764783265,-0.80822534051734385,0.53401477049210677,0.24819352095066249,0.13038505165300862,-0.24872903756424813,0.95975705476844819,3.8533036496968545,-12.883141050602489,-1.336593730550252,,0.5206619950310765,0.4285714285714285,False,4
-0.146553212251994,0.9879838800668781,0.049091839511441158,-0.9844647640208406,-0.15052302106231868,0.090398830366671012,0.096702039171939855,-0.035080947225921214,0.99469494960099158,15.294926027633142,3.9278797166772716,-3.1894375169500506,0.4169577050144111,0.4381453615568609,0.8941176470588236,True,3
0.8280462619509803,0.55964186723564879,-0.03376934269432174,-0.55052287908023811,0.82300043237707876,0.13998159849190314,0.10613174679715599,-0.097320443608418072,0.98957808361828969,6.6839610153075784,6.3265569680584495,-3.3612019203671202,0.2723220017127581,0.2562648818301457,0.6539589442815249,True,5
0.19700309625990192,0.98004997666592342,-0.026302534120017852,-0.97376301885758532,0.19871553108794013,0.1108950892050686,0.113909451624411,0.0037657590948966674,0.99348399880877047,6.8204835668856907,-10.194488277865322,-1.586242743796157,0.4714084070923615,0.3648521542960727,0.8173913043478261,True,5
0.5845544039702244,0.81120511952882302,-0.015569291867102663,-0.80213724526154673,0.58069149530577868,0.13918774027821509,0.12195076286449624,-0.068874097669343715,0.99014361084996183,9.9982842344268601,9.4803723903902348,-3.6674834238569334,0.3786152168533979,0.3219105376334975,0.9194630872483222,True,5
0.65209758404724971,0.75656776151637561,0.048723332335159852,-0.75210059396093842,0.6374772697717499,0.16723464679294486,0.095464325500920572,-0.1456981563317043,0.98471245031135779,6.1359403579465663,19.046682337043286,-4.5564873440231608,0.4035085336179984,0.4460584517226966,0.9381443298969072,True,5
0.5440646870422019,0.83882591783513627,-0.019097012376602128,-0.83056999875114668,0.54165729375892058,0.12946371419159414,0.11894155492590058,-0.054575229599185683,0.99140024754183176,-4.3988147637606732,1.9138096587943079,-3.1477036528481874,0.2555719000628873,0.2057820097644639,0.7803468208092486,True,5
-0.051029131107673639,0.9956982017491306,0.077337693345119668,-0.98732533965976144,-0.061949402876001369,0.14611962615967733,0.15028207292998336,-0.068901106789766325,0.98623928944197559,-7.2956918836896003,-9.4589501661195019,-2.0007759789401396,,0.209807404812421,0.2777777777777778,False,4
-0.66775643245536176,-0.72878176588371357,-0.15158655820982769,0.74009060861413034,-0.67182653332986453,-0.030248969488901559,-0.079794974501230131,-0.13238673207459284,0.98798102978496294,5.5921764160397167,-12.9768919869957,-1.3077307416310302,,0.2869920525799083,0.48,False,5
-0.92398624089697512,0.3700375626821219,0.096548582782719133,-0.38082501906392913,-0.91338768670972215,-0.14385839781542364,0.034953275784035544,-0.16969129609775918,0.98487721698728903,3.7742691525912928,-6.8559615978170756,-2.0300063154107884,,0.4037522844242502,0.6778846153846154,False,4
0.47599534283723954,0.85652114346908148,0.19949928417835433,-0.87114802820314341,0.42811945379874278,0.24044717972320118,0.12053856874475483,-0.28824514578650445,0.9499395714336164,3.6420418650406119,-7.6624678042777026,-1.9214303625025499,,0.262536815609073,0.1694915254237288,False,1
0.37348569699750822,0.92628172252109375,-0.050105934395447901,-0.91979413502091523,0.37679631092593768,0.1095595237929162,0.12036271565319498,0.0051682294801633291,0.99271652856423631,-6.8110945816675255,3.2455929713856664,-3.3366856845051087,0.2649859678887183,0.2265476360574457,0.8984375,True,5
-0.99832462964895385,0.0031827017604825576,-0.057773733181978482,-0.0046474084423556812,-0.9996707228384043,0.025235837503682065,-0.057674391466651299,0.025462056265081009,0.99801069546358323,-11.652616974007698,19.641366008163054,-5.2226694449319089,,0.190645382295392,0.3076923076923077,False,1
0.59186449203742542,0.80570270801285715,-0.023228632461443036,-0.79742121671934485,0.58949690983402137,0.12889063744888318,0.11754074268575945,-0.057762787301932864,0.99138672283422857,-7.4206003154566416,1.8248966323036711,-3.2119009898315301,0.2360908449803228,0.1578844598543981,0.7225433526011561,True,5
0.91810870244918352,-0.38226342138929792,-0.10464744218003694,0.39597108721766139,0.89594081216164811,0.20123856288194208,0.016831772774704865,-0.22619623730485489,0.97393631909606193,-17.640556957668455,-0.73613384054741415,-3.3212231207805254,,0.3342902355488273,0.4117647058823529,False,5
0.0075120810534000477,0.99671996610414049,0.080578395414697412,-0.9937270371951058,-0.0015505693825703538,0.11182205185931123,0.11158021413173484,-0.080912946454507639,0.99045593082699335,-13.08863954144759,6.0799858150697181,-3.8398998782097693,0.1282322190508614,0.1753573322750592,0.5142857142857142,True,5
-0.17843722953940547,0.98381242122623702,-0.016531030072895095,-0.97986785069479188,-0.17614259283617117,0.093982882290984421,0.08954970848122136,0.032968270047429957,0.9954365589433658,4.1660195175028019,-10.848303379716397,-1.5594464202072362,0.443025127741046,0.4579841366585793,0.8165680473372781,True,4
0.90956502006956474,-0.34623789405574273,-0.22980599423360903,0.41533970142921406,0.77549805800955918,0.4754952096920585,0.013579642209747667,-0.52794136297816963,0.84917225023796472,-9.8277556398660391,-11.919315633505784,-1.810583832123664,,0.4153451804042547,0.1176470588235294,False,3
0.082862936256556899,0.99652037805030513,-0.008992770730996448,-0.99045754492057914,0.083349270116528831,0.10975769167098282,0.11012531727465036,-0.00018788698834309309,0.99391769236372829,-7.0668807754692562,8.8174525518219689,-3.9045119128763623,0.2278327714773032,0.2765945673185873,0.8903508771929824,True,5
0.019464440471786373,0.99930062099030514,0.031928113716781253,-0.98905195223575015,0.014573006554878368,0.14684639341367589,0.14627840351799337,-0.034436846085884508,0.98864388547944038,-4.9764104816692196,-7.6765032327942357,-2.1310048733741729,0.2592835101661349,0.1850728505902672,0.6081081081081081,True,2
-0.051438257844791987,0.99833167743128326,-0.026229133937887582,-0.99339711230836492,-0.04845179656519874,0.10399327221991705,0.10254892923523808,0.031405178662818604,0.99423208149096731,-7.8775457763158361,-3.7058346266709634,-2.6607277143741497,0.1888811805256147,0.1823117364230822,0.8363636363636363,True,5
0.94631679742071184,0.32087689470999892,-0.039019704774307856,-0.31062990599567597,0.93613648428078255,0.16479546201134532,0.089406825357594755,-0.14382802661402075,0.98555563939322666,-4.2906865401919463,7.5777071810364802,-3.6867276906709376,0.1718006361478159,0.1657891137157337,0.6172839506172839,True,5
0.76466314295693572,0.6436083523629792,-0.032535620046831068,-0.63436946884102985,0.76065175465073798,0.13778347197361362,0.11342686985705992,-0.084718338719340466,0.98992785003709483,-4.4113670038852915,5.4008077372437846,-3.4730076819715645,,0.1095250978126571,0.5102040816326531,True,5
0.54954286249589401,0.83536476496002299,-0.0129750430867587,-0.82716461901264882,0.5462009682476,0.13214838379277638,0.11747908466394155,-0.061888704532156912,0.99114502113356384,-11.303742976211787,3.0691107248176315,-3.452223153604761,0.2189255282167772,0.1979856965766191,0.8627450980392157,True,5
0.85499847762695336,-0.4572147896142571,-0.24481061948694469,0.51860209582558126,0.74876826792048834,0.41279286229374862,-0.0054285781661219806,-0.47989656918271628,0.87730827730379457,-4.6816809575830529,20.285676765251715,-5.005689672577204,,0.4292539746144006,0.2857142857142857,False,1
0.23186706855149417,0.97246478896681421,-0.02344987720794265,-0.96539940526785684,0.23300615531275301,0.11709876128652749,0.11933838791355711,-0.0045128490003661995,0.99284338309931586,-7.6883009751548661,-12.058059168072855,-1.7262316150479375,0.2210598370302361,0.1648255256888956,0.8666666666666667,True,5
0.87263833334054408,0.48717552928452057,-0.034093149619586996,-0.47769568582199634,0.86600177210283491,0.14780988621131225,0.1015340875356103,-0.1126984222653345,0.98842799165503914,-4.9854271817403184,-6.1733225956167024,-2.2886410548606975,0.3299137613684532,0.2978763460296964,0.8786610878661087,True,5
0.2311962005631911,0.97283715213581634,0.011670144361500018,-0.96593207535300818,0.22808840233596261,0.12227389960272696,0.11629076768761309,-0.039541827778968509,0.99242778135566256,-10.709753755830354,-5.9496697688578637,-2.4855432875054868,0.1403020704838959,0.1451400410877102,0.2173913043478261,True,5
0.84586422545893225,0.52784911713061966,0.076739961123170858,-0.51871268518235092,0.78049121349986783,0.34895646702764971,0.12430149765660885,-0.33497578299621761,0.93399162870252472,7.093971087431056,-1.118711065168009,-2.5725285300144183,,0.3526082757627401,0.1224489795918367,False,2
0.8474416466618343,-0.52633812263698987,-0.069360191479301808,0.53082214128184613,0.83800636129030504,0.12638509707214884,-0.0083970130422800215,-0.14392192013709956,0.98955342002138325,-12.873657225389774,-7.8363510823138327,-2.3506762703578699,0.2961253058262512,0.2847440574488842,0.8529411764705882,True,5
0.83501919494583099,0.5488447577461093,-0.038889278299152071,-0.54015985043529202,0.83115488605256282,0.13194275792430776,0.10473910468271848,-0.089168308751281761,0.99049418608323825,-4.6721714251120314,0.81691248419496509,-3.0456699694143148,,0.1435057210749741,0.5827067669172933,False,4
0.93176810546172983,0.35991066773872393,-0.047670839012185211,-0.35110256101091974,0.92670653516964185,0.1339477111616765,0.092386088215884621,-0.10807085139733277,0.98984114977223658,3.3937943474550099,8.8449449393881974,-3.6340471361647522,0.4856244504206957,0.4010471282325427,0.995249406175772,True,5
0.33038337351629227,0.94324207309871722,-0.033781918838755594,-0.93609900640221444,0.33203799225898012,0.11605783863838168,0.12068751682249974,-0.0067203595930386967,0.99266779944257244,7.3825337121472625,9.1986244616928925,-3.6532976408070525,0.3206259122516096,0.2880984801858217,0.9222614840989399,True,5
-0.99268370337945189,0.1153318235020736,0.035744027928351997,-0.12067001813524948,-0.9579575692761616,-0.26029990816315512,0.0042203990445043651,-0.26270870932307311,0.96486596078300446,1.7949950319132637,-10.100589146538757,-1.7030909358899564,,0.407786853138786,0.3333333333333333,False,5
-0.81074870032358215,0.58479286191286495,-0.026530238962031889,-0.58515186540279163,-0.80827586709652877,0.0654783711235076,0.016847532141394311,0.068610723105903743,0.99750124277397734,-2.3960029787404258,20.604831001645913,-4.9359712558899647,,0.09242091564644152,0.32,False,2
-0.21353417644211531,-0.90373838013967145,-0.37102573462458122,0.96926685931849965,-0.24347728069740904,0.035221715049766011,-0.12216755263996817,-0.35210190860987634,0.92795438197965474,-11.22152136857558,4.4993011943410783,-3.6266261934562647,,0.6458456474396354,0.1958762886597938,False,5
0.81804469672066848,0.57426652044183435,-0.031950550336700453,-0.56493341119924423,0.8126925375896189,0.1427623208585935,0.10794959508018311,-0.098736026078501543,0.98924116477037594,-7.0275193546828234,5.9465589455599162,-3.5856005368505572,0.262091206759465,0.1863670402886738,0.7754237288135594,True,5
0.92613833690900671,0.3761414656297547,-0.02802460956587614,-0.36566889013173998,0.91360110982902631,0.17781809499877604,0.092488073270240112,-0.15443642689816489,0.98366424472463543,-13.326101811581534,-0.94128907672905981,-3.1128743405773869,0.1563190809799824,0.1436767788655104,0.4358974358974359,True,5
0.64521137215143343,0.76312644691059561,0.036610261841092187,-0.7576310520071704,0.63291774538800805,0.15940613729548764,0.098475754787519354,-0.13058772376670602,0.98653401974815758,-14.595460806544811,-4.0229936578936059,-2.8554206985445991,,0.1776068336823234,0.6206896551724138,False,4
0.143187629725923,0.98969552238192904,-0.00027508295768655794,-0.98338058329702815,0.142305331644561,0.11274671161470602,0.11162406141988447,-0.015873423156117054,0.99362372322194381,-4.3415489563078991,10.178426434433549,-3.9633413763703897,0.3392093510058566,0.2785394991584765,0.7210031347962382,True,5
0.81590141693416263,0.57818778193591924,-0.0019407897486588208,-0.56595323551801502,0.79931476782531619,0.20197236727595266,0.11832925695497683,-0.16369114440428315,0.97938929756869408,5.319479229543739,36.638657798454879,-6.6309001464610144,0.3628247541793724,0.4581800220184732,0.78125,True,4
0.99577346591143412,0.01601066936532293,-0.090437066810047234,0.0015215508945788719,0.9816770764624031,0.19054606380375624,0.091830765376347823,-0.18987831896955545,0.97750362378647493,-11.370125663679,-1.0347556683677306,-3.0287140842329667,,0.1693697644999594,0.5657894736842105,True,5
-0.56445901203599425,0.8246106847033009,-0.037459877262267106,-0.82344136229952924,-0.55932517875327792,0.095392176130493417,0.057709155128510617,0.084690985858996176,0.99473468338476378,-10.561365575090235,0.7476240064085502,-3.2033717913504871,,0.1723564117380923,0.8235294117647058,True,5
0.55184868475044313,-0.82790070750483757,-0.10021700280987758,0.83167280844547375,0.53749373260647026,0.13935862765247897,-0.061509095519476351,-0.16025263155952607,0.9851577159250301,-8.5307345207586991,9.9665215780069687,-4.0797828331837582,,0.3228211670613052,0.7441860465116279,True,5
0.99780188514208157,0.035850990449004999,-0.055732436612209002,-0.027757387681264289,0.98979711821480187,0.13975404181198445,0.060174125968064859,-0.13789985952675674,0.98861656030357936,-10.313255681238118,-1.5928399569933294,-2.9494939641807414,0.197505878011649,0.145325357181671,0.7142857142857143,True,5
-0.10163155286852019,0.99481149327491913,0.0045956838074197107,-0.99036949065944158,-0.10161217587500769,0.094038490443562509,0.094017548534785125,0.0050058527816046541,0.9955579551213668,-6.5847157085520109,14.729998855629086,-4.4728418318301602,0.2198751954369087,0.1217139083748296,0.6285714285714286,True,3
0.91604438589028414,-0.34419379513104004,-0.2058963682831344,0.40097803372701696,0.77453373766344324,0.4891974097330371,-0.008905029326623487,-0.53068646168372235,0.84752143326189922,-8.3958648784651757,5.3609304670942155,-3.6015463697093781,,0.4925630692578344,0.3366336633663367,False,5
0.81000178362707365,0.5856327949501422,-0.030517863618585828,-0.57582408194001788,0.80412960737955419,0.14765568459608494,0.11101232894995815,-0.10202844708456264,0.98856788275091034,-4.7722100912812193,15.039871308684599,-4.4564097641534923,,0.1066328924969223,0.4615384615384616,False,4
0.78751256177610551,0.60140110567557337,0.13468732359443489,-0.59111184045984189,0.67523210113862653,0.4411897569754909,0.17438680315038943,-0.42705774748166314,0.88724907619161497,-12.715514927934962,-9.7517365835555374,-2.1482349332254618,,0.3480209559657217,0.5,False,2
-0.52951478125338425,0.84804630927339797,-0.020773872098091499,-0.84672307236824151,-0.52687867809654676,0.07388435075522029,0.051712040701036591,0.056712572636079692,0.99705042447788517,10.684372812234042,1.921677339383365,-2.8516718244261483,0.3520352956970489,0.2706617126194456,0.25,True,5
0.85569175356217553,0.51702411953689209,-0.021855953486162521,-0.50790664285740295,0.84719135926056333,0.15587701221014177,0.099108349935867646,-0.12228188995652461,0.98753464463868246,-10.912549145092022,-3.0659596525132851,-2.8066932007925218,0.223458965431441,0.1940553414381209,0.9069767441860465,True,5
0.99742715694878281,0.043987170716444222,-0.056605612737881561,-0.03584402207243205,0.98984023546637179,0.13759183963284161,0.062082788780302323,-0.13520886459193784,0.98887020901280087,2.6270673522836061,5.7324568419536837,-3.4427997142724851,0.3678160528907256,0.330443424358132,0.9985486211901307,True,5
0.31132279971330246,0.9501782313100301,-0.015473949825845261,-0.94214912838636389,0.31073888686201045,0.12568358712486208,0.12423016646324332,-0.024549397880608406,0.99194969267811839,-11.764913730005032,-9.1255680732390196,-2.1908395818298216,0.1509987639938266,0.1305058471200004,0.5405405405405406,True,5
0.35776986069806793,0.9331599215974119,-0.034832276704173111,-0.92611964051146589,0.35935388487505987,0.11474840689140109,0.11959572833089548,-0.0087946659693970836,0.99278372046256291,10.22465899591638,4.6426235002298366,-3.1915835396774979,0.3563186020350538,0.2989387076973004,0.9621621621621622,True,5
-0.62524329352068808,-0.77594062034951905,-0.083588142693845124,0.77098417055401403,-0.63073615898204083,0.088064218089535823,-0.12105466807414832,-0.0093835731033392149,0.99260148896386047,6.7282517750353321,-4.0676426270356911,-2.2678005188284454,0.4164346312235523,0.3609990428532363,0.7422680412371134,True,5
-0.37929629885860761,0.91657156724515476,0.12661311065573216,-0.92213760246113508,-0.3857138644661442,0.029783500227824458,0.076135141684965546,-0.105457938896755,0.99150494871395201,5.294718753403215,14.618813163264814,-4.1489883134255416,,0.1852745184113081,0.3333333333333333,False,1
0.87452575985626524,0.48459890997930372,-0.019198744612393525,-0.47576882980070651,0.86492348573871247,0.15984800407781577,0.094067613650435561,-0.13065703296977821,0.98695492490672854,-9.7269074530899466,-7.8017328405847532,-2.2376317725795327,,0.1545737207724949,0.6219512195121951,False,5
0.7321255527081838,0.67987267271041596,-0.042015758630913599,-0.67155360964908062,0.73074346699709092,0.12259581888613284,0.11405228817970404,-0.061539697290987891,0.99156691212358761,3.6874692893141412,3.5472003638799423,-3.1541669106649848,0.4143451745690933,0.351619226451853,0.9530916844349681,True,5
-0.067184052060831112,0.99750961661211979,-0.021467834428043529,-0.99247244197153683,-0.064605675158592515,0.10404113928806076,0.10239509302570499,0.028296139377038208,0.99434127613240164,-10.268816142594336,-9.3202258971264342,-2.1281457999247793,,0.1855559675307847,0.25,True,5
0.27256597393388027,0.96205217122142417,-0.012783180418747066,-0.95486791673329963,0.2721129144893647,0.11908746097516672,0.11804681887659442,-0.020252940928334372,0.9928014740807295,-8.6021694449133275,-1.417945716335788,-2.9043250392273565,0.1602274142876622,0.1893844314193711,0.8693181818181818,True,5
0.97339084847371238,0.22490907793705112,-0.043888070920599632,-0.21621442917725234,0.96487719625359047,0.14920897012366591,0.075905050709297622,-0.13574941182677575,0.98783122063716078,-8.0216635511850303,14.755993941966052,-4.5385894466391159,0.1769515766323546,0.1440210796084996,0.4285714285714285,True,5
0.93730887852980427,0.34631456969050173,-0.0389651773931943,-0.33694969730977692,0.9291084705584618,0.15238881658233883,0.088977343813187337,-0.12970608604301745,0.9875522080028738,-11.898876466501251,-4.7458506381084975,-2.6890254819971746,0.1725518986936367,0.2183065175208683,0.8823529411764706,True,5
0.80898405332208223,0.58691954544499414,-0.032714654899844264,-0.57815974025365047,0.80449518214810922,0.13608385888970181,0.10618905885450725,-0.091175375376919457,0.9901570252765326,-11.20733856281141,-7.4551504651916556,-2.3584245939940787,0.2084438353295873,0.1815479832177717,0.8,True,5
0.86379391162289776,0.50378449278486592,0.0078270730614776393,-0.46580907586463044,0.79256690831846155,0.39352204599063489,0.19204682524153643,-0.34356786908558812,0.91928185897832015,13.089201321461235,8.3815669842009832,-3.604247734529888,,0.4394553922281192,0.303030303030303,False,2
0.9729581319874514,0.22727142011721788,-0.041233178356663756,-0.21789880150224966,0.96233236478660789,0.16259314865054819,0.076632797830776159,-0.14921166603894978,0.98583127005310056,-12.092940251080735,-2.5373211365260127,-2.9024679313315587,,0.1260197051699407,0.4814814814814815,False,4
0.64743575629021533,-0.65530575171760674,-0.38910321669543851,0.76088708845973541,0.52676478469366461,0.37890592529268075,-0.043333360037990529,-0.54138085796642077,0.83966004224052382,0.17163980538212092,14.952033437365381,-4.2403961106489394,,0.4297917876195262,0.4545454545454545,False,1
0.17310298937319724,0.97812179842888669,0.1153824185407076,-0.98318043187635318,0.16468308802216655,0.078966568210296184,0.058237388724862463,-0.12711108510953581,0.99017734704283433,13.602940569499086,-14.249226217533431,-1.1342550969476661,0.4544336047034569,0.4084911809017182,0.5789473684210527,True,5
0.28075040877966823,0.95971768163706916,-0.01100815712177446,-0.95447061000948907,0.28038355897362632,0.10183768696016408,0.10082193510423429,-0.018084009800141618,0.99474011982596999,-1.9080845679179219,21.630872009126719,-5.0358616111467702,0.397329384705027,0.3029429196388519,0.9069767441860465,True,5
-0.029222476306599559,0.97324177544361712,0.22791773386436578,-0.99448242994985836,-0.05129032791888475,0.091509555692288899,0.10075089776045215,-0.22398604597905417,0.96937067616424932,-15.662572105104998,-5.0296438733790652,-2.7920480267589798,,0.5205401080319477,0.2857142857142857,False,4
0.85587609401620945,0.51511338992820532,-0.046198562837270966,-0.50700340267127109,0.85331334197093911,0.12167123774393156,0.10209633377996331,-0.080712675157374819,0.99149473155313861,9.2210385687249232,-2.7760943218497869,-2.419833099024578,0.322723563738083,0.3580554837337755,0.937007874015748,True,5
0.93193455197721875,0.36025049291644839,-0.041443614519925759,-0.35119742537233095,0.92511533649994648,0.14429824179260425,0.090323636125137718,-0.11992162659856975,0.98866599224970142,-7.7955876970749376,11.491836892382899,-4.2217135468568063,,0.1386499872671704,0.55,True,5
0.61120000067594316,-0.7869600951854383,-0.0844296616092515,0.79002160196712401,0.6001313506518775,0.12533247939002945,-0.047962773053963501,-0.14330446800598667,0.9885157570066827,-6.161727519805229,16.271685477666217,-4.6338558780788022,0.4153045236615995,0.3811676938148107,0.8333333333333334,True,5
0.12731747043732738,0.99181585218799162,-0.0095695909028947999,-0.9853928318810018,0.12758132263979749,0.11280058949766487,0.11309831386444734,-0.0049316794389358889,0.99357156256554136,-5.8990596707874037,-1.6760678071231641,-2.805485556986743,0.4289694149717068,0.3665205128955755,0.967741935483871,True,5
0.72592132742321103,0.68690459259259617,0.034645448002914712,-0.6791688295972621,0.70797981724924408,0.19363439588877873,0.10848007787427329,-0.1640934460693862,0.98046183692251132,15.332336064590981,12.795689653657181,-4.0353405414277512,0.3250314336934191,0.3238430862814196,0.8095238095238095,True,5
0.99708622792656254,0.037620233595694531,-0.06636092301486185,-0.018105295792255054,0.96178574735369704,0.27320390636219999,0.074102984713532258,-0.27120636830925665,0.95966444835945153,-3.9107967934443142,14.048279412165453,-4.3141225167566724,,0.2232415536658277,0.2419354838709677,False,4
0.61188970843034363,0.79060664370019185,-0.023067718876082638,-0.78239614637674659,0.60929607065245428,0.1288975113114873,0.11596229926939512,-0.060822966259433717,0.99138958635016849,-9.5454528220887038,0.28273081139319944,-3.125332859007286,0.1360349073537279,0.1128007894691134,0.6704545454545454,True,5
-0.98361104070662786,-0.16495102756420582,-0.072804389328787272,0.17347793895817454,-0.97584276630108169,-0.13280173249124985,-0.049139854444726239,-0.14325520571122796,0.98846508321831261,1.8419081703600892,29.609209476042288,-5.8683389436122857,,0.3038557466278557,0.4358974358974359,False,4
0.35341539904630109,0.93467103063569379,-0.038569679896943328,-0.92885448711356788,0.35551247827959775,0.10411637506410101,0.1110265620738289,-0.00097071000172382904,0.9938169651581511,8.0245965282032135,-14.595474043640104,-1.053081147046637,,0.2792969819113985,0.8695652173913043,True,5
0.97800049933285638,-0.19752405658622008,-0.067076600796457192,0.20560542509046253,0.96706712072226231,0.15002530850267806,0.035233967674018339,-0.16051613964856382,0.98640414457476244,-7.9230534298113406,7.3922742265930541,-3.8061345091909113,,0.1132630384339046,0.3972602739726027,False,3
0.49790865349281827,-0.85487017479049643,-0.14589022253267686,0.86653002583177441,0.48366174552982455,0.12327623551612499,-0.03482365731729517,-0.18779856273334117,0.98159004310676368,11.602569217111114,13.529735458292656,-4.0398596187051705,,0.2617885166181526,0.12,False,3
0.1112405451704505,0.99352785950265288,-0.022976803569205909,-0.98765276179894268,0.1130898777130787,0.10840987810048619,0.11030667804399849,0.010633529560677854,0.99384071401204932,11.884972344297729,6.3121881016098449,-3.3537701144268861,0.1988748741612543,0.2336523167111919,0.575,True,5
0.94639697671843304,-0.30098328564757376,-0.11722552716452345,0.32233507449122978,0.9034166731929052,0.28273382243692935,0.020805340923493593,-0.30536433380120659,0.95200827802661592,-10.517551041316679,12.951899206124763,-4.4718561482258021,,0.306098064419009,0.3846153846153846,False,1
-0.59682511849989395,0.80175403559015024,0.031468148062699604,-0.80060039731146049,-0.59765395258020693,0.042997171883600763,0.05328021914669185,0.00046838036293717425,0.99857949051015293,3.0103043457211474,31.991478738444659,-6.149158775755966,,0.1727538281182046,0.4166666666666667,False,3
-0.54346681153884346,0.83644389042238898,0.070749154983376472,-0.83828835705308258,-0.54519161790946591,0.0062233584584771989,0.043777336431616347,-0.055926004115416671,0.99747472493223377,4.2807698275067496,-16.392191904908127,-0.89668361130689156,0.4088504505246593,0.2702101816812827,0.5,True,4
0.99717411512622012,-0.04041869250049375,-0.06332545632514841,0.055277956654620174,0.96558409054950245,0.25414899485494458,0.050873683081999126,-0.25693130088457344,0.96508972380573554,-5.6713049604995893,-19.135751767106871,-0.88660289106011203,,0.413405263756933,0.2173913043478261,False,5
0.60549125370760426,0.79570624222985109,-0.01522884631356116,-0.7869130120746749,0.6014407245967085,0.13797451295129809,0.11894642958557153,-0.071558583503550877,0.99031869416658447,-4.8779024967371827,-4.0630922668475016,-2.5314190922635902,0.1269033470856283,0.07805765103322423,0.2777777777777778,True,5
-0.46271881853273233,-0.80544621269761263,-0.37033456958100042,0.87924161746785423,-0.47033133748570854,-0.075647941752680012,-0.11324960524516037,-0.3606172921948933,0.92581299163591269,8.8909795746372779,1.419051390399849,-2.8248150086433159,,0.4486988708406185,0.1904761904761905,False,3
0.75110665276326838,-0.65607540575040169,-0.0735109389424764,0.65969848239795204,0.74163436082253609,0.12155816372908697,-0.025233083374766541,-0.13979820033460402,0.98985845184380172,2.5110535837825387,-0.21529186081396018,-2.7589764511300108,,0.3746854597894781,0.9847560975609756,False,5
-0.92349700038393556,0.38165766411715218,-0.0386098135518732,-0.38273517656562533,-0.92349912521470146,0.025751705709705863,-0.025827793191658933,0.038558956784625335,0.99892248545646867,3.1002608271995262,-19.368930279089408,-0.59773348834043383,0.402402961466336,0.4607075645603542,0.5853658536585366,True,5
-0.9909480138519241,0.12014063490050454,-0.059902100869921038,-0.10795360288248823,-0.97838049124429183,-0.1764019103560629,-0.079800084383517753,-0.16833847509788755,0.9824938189800998,10.663378961791803,-4.8575389852367064,-2.2441044053643089,,0.5149133148646998,0.7959183673469388,False,4
0.55126579575278511,-0.71923992732082298,-0.42284743038191031,0.8328721033974763,0.44444782432540025,0.3298335805139932,-0.049295860022025184,-0.53400379998643677,0.84404375466247816,7.709054770585599,5.3894591069467221,-3.2528387085495902,,0.5197331562057504,0.2621359223300971,False,3
-0.59062238189835958,0.80620826553878933,0.034546122469010121,-0.80439577515341609,-0.59161679156931057,0.054194177257052084,0.064129859784985935,0.0042195390945777914,0.99793264130089754,-15.225252982394762,-11.165978388071995,-2.118409864700165,,0.1565554226234401,0.32,False,3
0.71943215886429557,0.63172843712318005,0.2886807068748492,-0.68499431999079752,0.57658181591400925,0.44534951570384396,0.11489190733991417,-0.51814340803218517,0.84754189179095363,4.4132652400504933,16.943351127683499,-4.3842224132733092,,0.08678719946139353,0.3333333333333333,False,1
0.41270827881345235,0.91001808738313972,-0.039229545426507938,-0.90313566747336893,0.41442543326911535,0.11223870275951658,0.11839697097591097,-0.01089224013868869,0.99290660002262587,-5.9068129466554185,4.7893191396470316,-3.4427412912904916,0.1988116161734873,0.1567216132679629,0.6626506024096386,True,3
-0.97444178393562764,0.2246221009051371,0.0028498254883687624,-0.22218697994526365,-0.96185303362278629,-0.15959852021070475,-0.033108241619796412,-0.15615266086623697,0.98717789219635566,6.7465941667044396,13.746107322762892,-4.0704786696204458,,0.3434084615220766,0.2142857142857143,False,1
0.028080593588702553,0.95742315301319647,0.28731931076412981,-0.9938077061698799,-0.0041735552413036392,0.1110352403249034,0.10750685290281448,-0.28865808062639825,0.95137731162142791,-18.771818978402287,-2.6769333870078458,-3.1625626756334211,,0.4432334325982621,0.16,False,1
0.7912795237924336,0.60803172467461508,0.064607561601049246,-0.59296030002288791,0.73726002688888803,0.32379891190145127,0.149247438247988,-0.29452516792459371,0.9439174368743295,-1.1953999459721787,22.820710502825595,-5.1666917013873208,,0.458019220605039,0.2653061224489796,False,3
0.61845814547444644,0.78561200616991056,-0.017980491038827172,-0.77661554276784506,0.61454720233075544,0.1385641903193158,0.11990755200451139,-0.071732223366701112,0.99019021763656889,-12.355741379934631,-6.0696390589275522,-2.5484618196617732,0.166277713584631,0.2220855421577066,0.5588235294117647,True,4
0.98758242431766419,-0.12175117207419495,-0.099285483719440334,0.14707567218293008,0.9386683105497432,0.31188226852712997,0.055224105522704264,-0.32261192610976008,0.94491896123475394,10.154466758422551,-0.26008838102735021,-2.6770791109660377,,0.2160580507026093,0.3181818181818182,False,2
-0.96091558614780392,0.27495931200471918,-0.032227519918751682,-0.27590787687313451,-0.96071632700173226,0.029983037065312287,-0.02271738932142801,0.037702994233775301,0.99903073248435481,-9.9822452174281047,14.053687714654135,-4.572430676064319,0.1732470076208473,0.1838845214083873,0.3076923076923077,True,4
0.88564900540933666,0.46424686897824946,-0.010034134808020199,-0.45349258755042876,0.86937555869762551,0.19629215719434406,0.099851450937230399,-0.16929554803090502,0.98049411276286902,7.356284997716962,37.990774364594174,-6.718652872226289,,0.2524803114920954,0.6521739130434783,False,4
0.65114995599702774,-0.67612070742255204,-0.34476734735107606,0.75774233158053894,0.55355677707920925,0.34554515404005914,-0.042781932354189534,-0.48624652548281239,0.87277375230923127,-13.141536730568118,11.303804261681389,-4.4378206829868905,,0.5842692033885867,0.4333333333333333,False,1
-0.74760961053682573,0.61357546158417164,0.25417518205904011,-0.66358404913780122,-0.70574944366370329,-0.24814095288414995,0.027130793627459591,-0.35417915764503188,0.93478395596362274,-11.363601292942674,5.4315578273442533,-3.7282737476469636,,0.7838853766542668,0.4,False,1
0.51577476834352765,0.85367215972789412,0.072251173317053621,-0.8494702409428404,0.49863448040602887,0.17252236000797327,0.11125060940368495,-0.1503579018732317,0.982352178829765,-12.82505881461435,-12.301841117076185,-1.8898993359544141,,0.2547614144248254,0.5238095238095238,False,4
0.98621989422895684,0.15812403433169292,-0.048652954624531286,-0.14709097276835406,0.97267587104672226,0.17962710155642336,0.075726916991822907,-0.16999541067385288,0.98253091269066128,-6.3605245482511306,10.587897201455386,-4.0669331761945697,0.1921406276461289,0.1313743684580611,0.3142857142857143,True,3
-0.99722499110441754,0.037864575696156512,-0.064098291897235204,-0.029827000722871869,-0.99208086887741653,-0.12200778514220664,-0.068210462135004868,-0.11975735265435306,0.99045722236780542,-5.7871411247748386,21.669352654482761,-5.1934792952037219,,0.3461289836652505,0.15,False,3
0.57028173275583427,-0.74156567151263875,-0.35335407188684081,0.81966636132691029,0.48538110735410311,0.3042239910539708,-0.054090677515676741,-0.46312583112768857,0.88464041460255538,-3.6195162801562382,-12.598172036223382,-1.5494892145474086,,0.7366903987569089,0.5434782608695652,False,1
-0.81895948229854709,0.57344773418709638,-0.02151888726170556,-0.57288258486030219,-0.81482389164021285,0.088699321170338102,0.033330321286713996,0.0849689459036959,0.99582597270554274,10.497121503930462,16.340863763278801,-4.3802841376077275,0.3603434165987541,0.3470487776326543,0.8095238095238095,True,3
0.76870966466696711,0.63927287098366703,-0.020387443976569629,-0.62973730575500331,0.7620495492601238,0.1507030530973788,0.1118766159124763,-0.10300815936973823,0.98836882888688382,7.8396239292464625,6.7799290615103605,-3.3744281066322177,,0.2318513009673137,0.15,False,1
-0.92791461119170582,-0.3667574427934876,-0.066809074926443834,0.36112498557781081,-0.92880554722266884,0.083120396051902398,-0.092537663296473546,0.053002203765322699,0.99429751446317516,6.071387500100105,-11.681644334412461,-1.4202667135320708,,0.1203532711002798,0.3529411764705883,False,1
0.021929925286947715,-0.99168052891383951,-0.12684166094022836,0.99341134729234137,0.0073398836136773001,0.11436792023707064,-0.11248543660280724,-0.12851402523345312,0.9853076534111419,5.1601815746468729,12.181051834430908,-3.9244809607097348,,0.1936795743467073,0.25,False,3
-0.29214339696502001,-0.87819040638238155,-0.37872661082591663,0.9490514682742357,-0.31511805009677563,-0.0013874688187821282,-0.11812512931741412,-0.35983638593276335,0.92550755220181269,12.256823756972077,0.076766156875939351,-2.7525219452911132,,0.396891957399713,0.4761904761904762,False,1
-0.9159882747794087,0.39180284839096485,0.086348181563762977,-0.40118818898662589,-0.89645692892312923,-0.18818345199124914,0.003676613152531899,-0.20701570611535258,0.97833071092411705,9.0974137084788751,-9.6659570197452762,-1.6684412921899878,,0.4147362072291295,0.4285714285714285,False,2
0.30326259466165062,0.95048740931559828,0.067863712038214563,-0.94761360114276894,0.2933159973968138,0.12646813274633928,0.10030085547151013,-0.10266163063011718,0.98964656720874278,6.6766123508973925,1.8733096168525307,-2.9006944116680557,0.3262131438941641,0.278732530160958,0.3302752293577982,True,2
-0.69157181335210405,0.72163158816754003,0.031245446639094079,-0.72131737174173161,-0.69224159525992535,0.022423715472565067,0.03781105923513952,-0.0070302738771544117,0.99926017585448135,14.345398273678565,0.65385554363545717,-2.8857739164263161,,0.1292209187413515,0.2777777777777778,True,2
0.17231808978039689,-0.97433303247744985,-0.14485032881472382,0.98051571000113302,0.15558203197485593,0.11992987020567908,-0.094315525632905364,-0.16269410914311982,0.98215844367124272,-15.007682068884334,-9.5955085219661527,-2.2621904188312341,,0.1498587002225709,0.3684210526315789,False,3
-0.90338087983394166,-0.3956217394625875,-0.1654884443550369,0.41769353619658606,-0.89915391104760234,-0.13059232009345695,-0.097134421139186397,-0.18709805854791012,0.97752709462068532,4.3016485348220588,34.343398955216273,-6.4199998843988189,,0.3187978516055783,0.3846153846153846,False,1
0.7754716463806518,0.63137590438383018,0.0028623457481718809,-0.62225969613587595,0.76349131808130255,0.17284061380174243,0.1069420227252553,-0.13581411774177291,0.98494564783923733,14.597740829847977,-5.1590328277671818,-2.218454956574945,0.5900742034086125,0.2573243101889891,0.4444444444444444,True,3
0.23791348383806729,0.97093609462670971,-0.026082069685239351,-0.96426391762210917,0.2393314340680443,0.11364665344388797,0.11658589700343476,-0.0018880725529911435,0.99317881763655147,2.6045512617455286,13.101751875592498,-4.0364896565907058,,0.3510000741207656,0.25,False,1
-0.91824706313085014,0.39475687965391326,0.031453728196723756,-0.39480376728057109,-0.91875203231816205,0.0049687475599577424,0.030859623987279934,-0.007855512532715889,0.99949285866894055,13.383136770520268,-9.1378666661187875,-1.7957653028594889,,0.5233754401421383,0.8717948717948718,False,3
-0.16492638129346895,0.91164525754109149,0.37643354414329017,-0.98172263339233157,-0.18848438050533534,0.026349751246376243,0.094973469130422192,-0.36520756113251135,0.92606882975995686,-4.1790262209430589,-1.4062151425083123,-2.7858732368354486,,0.4527381112063956,0.3230769230769231,False,1
0.30316481530241618,-0.85191904276897612,-0.42699536218821421,0.94999114232209469,0.23497641590317001,0.20567672079956834,-0.0748860752891677,-0.46799575696462559,0.88055212633375302,7.1939699838935871,-5.8111890969552995,-2.0905464456663294,,0.2054534529860748,0.4705882352941176,False,3
0.50114515980934882,0.83828046659090094,0.21480081036113935,-0.85693392441134919,0.44617111962049466,0.25806119663668381,0.12048974227138658,-0.31339622101859194,0.9419474670376472,-4.6831810623599717,-13.31907792218875,-1.4974073621678297,1.090776327666496,0.7551166130707265,0.3414634146341464,True,1
0.045377955292983219,0.99627535913361109,0.07332291563094151,-0.98831644554939713,0.034082132904505499,0.14855642589024942,0.14550410519993431,-0.079207430206223561,0.98618189923060973,9.6197286476776895,2.0745699076103805,-2.8682970859507959,,0.3002824216123159,0.1111111111111111,False,2
-0.99235982620399532,-0.074922378448987359,-0.098023530562428643,0.10245610403828567,-0.94307160068002649,-0.31641539585821266,-0.068736613836241883,-0.32404103628762859,0.94354262474991968,-3.9839425423274255,-14.840241501583446,-1.3100231571718022,,0.3155914196368574,0.3478260869565217,False,1
0.78867481804082884,-0.58574159897063571,-0.18681223360259019,0.61450095390380977,0.74136506520744583,0.2697525120203117,-0.019509203970790184,-0.32754330908336871,0.9446347292129077,-3.2381067034241222,-15.267179922272422,-1.2167889435414698,,0.1073706320976594,0.4,False,1
-0.97579081352359742,0.21460290787393255,0.042164916399871501,-0.21863546555733293,-0.96206987473624195,-0.1631566404579354,0.005551706357873866,-0.1684254970514977,0.98569875240839766,-9.3534076385511025,-12.827043634860388,-1.7137049467779819,,0.3273725003789938,0.1052631578947368,False,2
