axis_00,axis_01,axis_02,axis_10,axis_11,axis_12,axis_20,axis_21,axis_22,location_x,location_y,location_z,dbh,dbh_approximation,score,reconstructed,number_clusters
0.99662268606783144,0.062556277341574443,-0.053197121915616499,-0.0404091597744618,0.93756164906276684,0.34546382446361534,0.07148651216322538,-0.34214743367716438,0.93692305564911149,-5.9059815509069047,18.491304484555791,-4.9369366561918389,,0.2429654698014092,0.2222222222222222,False,1
0.71318632317810604,0.69856039242600132,-0.058126126357463115,-0.69046102458310388,0.71437810611812314,0.11369914261212856,0.12094974974485567,-0.040954848708226209,0.99181341914895582,5.8228980464384108,-8.352016904656935,-2.0025937975638808,,0.2972627146856653,0.6802325581395349,False,2
-0.9888231560725339,0.14542399143145873,-0.032872917894446872,-0.14506800140542808,-0.98933655038240276,-0.012979408525870928,-0.034409896584947676,-0.0080655312031943319,0.99937525796040327,0.58495587632547352,23.555534806289277,-5.1527105346869622,,0.240750854183166,0.35,False,3
-0.75353677970176625,-0.63995646843861831,-0.1504594302138047,0.64240288681710678,-0.76541166990093334,0.038255804638143848,-0.13964545336579542,-0.067828416486278298,0.98787572764555009,1.2389376749227172,-3.6998521630232162,-2.553007125838699,0.6215122401441626,0.3585765157003567,0.9830949284785435,True,3
0.48599886629555522,0.87361657834575501,-0.024478071796819295,-0.86504685192640307,0.48484372454367092,0.12892054430090136,0.12449516429024302,-0.041480559423376986,0.99135277134744981,5.2221574276178231,3.8642281228843052,-3.248111076793645,0.5472520762256066,0.4926292175604655,0.6529032258064517,True,5
-0.61823531315628255,0.78585949960527313,-0.014489459848540009,-0.78472616001103301,-0.61608766968886119,0.068123689357575068,0.044608870876671716,0.05348672861092061,0.9975716608352555,9.3410871426960203,-4.5391921556769388,-2.4511959762483664,0.3947593073943083,0.3306087657554092,0.9285714285714286,True,5
0.64985727963413364,0.76005305129380174,0.0022080139275066149,-0.7539477471149536,0.64426413719628706,0.12839982921721205,0.096168137794222661,-0.085106290846826874,0.99172002527502001,12.286567639066925,-8.7243351362227379,-1.9429878576752353,0.2068301512358031,0.185252630905771,0.25,True,2
0.99770743443448628,-0.0076352126691228272,-0.067242685859899606,0.017577502752239141,0.98875094610027392,0.14853483760656705,0.065352174188399448,-0.14937627024836134,0.98661837770008054,-9.886368697208793,16.753011595742944,-4.9482463333438309,,0.1380089150287613,0.2631578947368421,False,1
-0.34509792129227523,0.93789523296459698,0.035495868802395109,-0.9339333245047311,-0.34690187522964333,0.086183724343403156,0.093144887671268897,-0.0034089506366697525,0.99564672899390649,-10.681625806622113,-11.880387678409184,-1.6476166831365742,,0.2637784538735897,0.3888888888888889,True,5
0.87455419191873873,-0.4502508544191699,-0.18008090818342776,0.48316069428838637,0.84073014765227305,0.24439427637191319,0.04136071677479998,-0.30074405550799183,0.95280759032686124,1.3416414441894995,-8.4028554272595315,-2.0415576078567113,,0.5240272447598995,0.3333333333333333,False,5
0.27100202159367481,0.89985714943806783,0.34178211611688575,-0.9550072156188858,0.20690329201261315,0.21249057830926754,0.12049532110420309,-0.38398976335253843,0.91544128114940126,-13.626519793940737,1.0562014259354706,-3.4015891859132021,,0.2758307165217938,0.25,False,1
-0.99025198813179593,-0.082864642734957292,-0.11195736235475337,0.11470946423591788,-0.9411145853494417,-0.31803313672832467,-0.079011004396440432,-0.32777551498999508,0.94144594797434289,-5.4816433952828065,-3.6397804455145044,-2.6425767555316768,,0.7017206653863619,0.5391304347826087,False,1
0.99803479754147661,0.0045541476142522738,-0.062496420984324591,0.0065816486559866043,0.98422010460325271,0.17682609421612516,0.062315526133632851,-0.17688992462621608,0.98225593903443464,1.0267507208460247,17.899370004208173,-4.585284422590953,0.2175155236219187,0.1578565130931143,0.5,True,4
0.13650286740202294,0.90680892430638815,0.39882896332803747,-0.9839963013476305,0.077566507187107864,0.16042043478614612,0.11453491225477722,-0.41434407412328683,0.90288467819190898,1.0853709236235698,21.778634899034678,-4.9607231040194373,,0.6483426102951717,0.2093023255813954,False,1
0.57441539965588273,0.81802122366549856,-0.029803125188015433,-0.8088251320596187,0.57280457960449804,0.13302939274030673,0.12589223322712534,-0.052308615130916773,0.99066389577705538,12.736450815766075,9.6900952478950977,-3.6605559623185204,,0.2677982889597982,0.9333333333333333,True,2
0.85065006496049733,0.52540442521180619,-0.018564938743600948,-0.51012660899119355,0.83342476232530216,0.21254178022722992,0.12714287153375115,-0.17132820990971048,0.97697560599397093,-3.0696118879706336,7.7432930665487438,-3.7563152411518912,0.2859820660632083,0.2258760107814308,0.3310810810810811,True,5
-0.5782070974816248,0.81580584668530731,-0.01172062011769047,-0.81456657042224767,-0.57639171565795466,0.065221871112512486,0.046452715447132531,0.047258974120775607,0.99780195158790874,8.7150950824357398,-12.743261883388543,-1.5215933633650038,0.3681216045752606,0.3378166718103645,0.9420289855072463,True,5
0.65251802376159629,-0.73236636176917247,-0.19457579709523354,0.75657006087469181,0.61517516079479317,0.22172339644062072,-0.042684559905485933,-0.2918887351202254,0.95549934309532036,-15.910961499076834,-21.937105018999738,-0.90941519972887042,,0.1700389653580737,0.2222222222222222,False,3
0.062138811946257748,0.99690122913125834,0.048235955536239029,-0.99035458088426653,0.055589820718230334,0.12691562533456832,0.12384091477156138,-0.05565708570435058,0.99073998437503386,-9.0767017744911929,11.011688903170016,-4.3097526034240854,,0.1232730599524734,0.2777777777777778,False,2
-0.4897887167410761,0.8456558589969001,0.21206881217507004,-0.86976707374745432,-0.49071633893513406,-0.051987615129849826,0.060101999783039553,-0.20991341749948725,0.97587094780804184,-1.1451486083995683,19.758355743126799,-4.8597023109752122,,0.3544395229144411,0.1111111111111111,False,1
-0.44133994032315876,0.89709233179885772,0.02108092273213414,-0.89725718893962958,-0.44149655792559195,0.0032134461265402453,0.012189912702900596,-0.017496787349169297,0.99977260837690152,12.065965847776482,14.958183361633681,-4.1209526852159444,0.4820011177164319,0.2895889757013672,0.1538461538461539,True,2
0.21450051139822895,0.97415675177389394,0.070768309173217803,-0.96623878184294609,0.20105214431056273,0.16112309496402566,0.14273103051740346,-0.10294007111646376,0.98439382093041372,-18.000114766574224,-30.960234794893392,-0.17112984792700978,,0.5194020118094336,0.8823529411764706,False,5
-0.43560638499516047,0.89947118103147272,-0.034621840582138512,-0.89804519884532608,-0.43165156943726135,0.0848041475000334,0.061334314884135516,0.068033205835063684,0.99579595536510257,-6.3083350581733066,6.8373051208212861,-3.7425405876710101,0.1400170058845869,0.1438846910018439,0.6826923076923077,True,5
-0.71288310759272111,-0.64936802073913635,-0.26479963850104027,0.69367001950476626,-0.70842975443713374,-0.13018904358047995,-0.1030513413265563,-0.27649314036604838,0.9554747324661802,-7.9845388524832481,7.5813154562733036,-3.8734224820100542,,0.3455016614023913,0.2105263157894737,False,3
-0.99782933643640481,0.022564269568899467,-0.061866542538815093,-0.0035316132025088949,-0.95644839831539841,-0.29188009364822737,-0.065758216635435365,-0.2910280314655827,0.95445195889903023,14.598007268447262,-1.2186426755643167,-2.7505211748432168,,0.1936559140027368,0.4,False,2
-0.062337574567062064,0.99805504875785489,-0.00038268270333794568,-0.99405922126433022,-0.062053713506615822,0.089418126011407764,0.089220465233314755,0.0059545183679545199,0.99599410254004839,-0.13622160164964714,-16.408113951381008,-1.0889460889793121,0.3554525690697568,0.2115984082009311,0.4642857142857143,True,5
0.8205429952990615,-0.56624987558567341,-0.07791194558509304,0.57124295362072675,0.80768460930611696,0.14603787121392392,-0.01976564707550571,-0.16433700219133754,0.98620619999392201,8.6307837988132565,12.958594864313893,-4.0376289621191006,0.6802872576554314,0.3300667670204608,0.8947368421052632,True,5
-0.034287805290103855,0.9969583559193127,0.069988448840145157,-0.99060763222475745,-0.043177330859986138,0.12973911159657348,0.13236640580770023,-0.064882622191685391,0.98907501229739048,4.5887291427271215,26.608535316800126,-5.278705954815714,0.3427992551174127,0.3439914830557135,0.8,True,4
-0.82966718227696667,0.55650515020657443,0.044208420534515215,-0.55824505802983182,-0.82758810256040571,-0.05882506001473925,0.003849914007938729,-0.073484354076399777,0.99728893900820226,18.114484620543713,-1.0440264530381222,-2.8316774497129802,,0.1942250391417191,0.2272727272727273,False,1
-0.95539315901674149,0.2892128138825541,-0.059831931191854246,-0.2934134434358121,-0.95257259859744381,0.08070932791476379,-0.03365208634172942,0.094664632717020775,0.99494027177383892,10.00317680306264,9.4119718493693405,-3.6469284001919573,0.3959030073675693,0.3967596778459435,0.9365079365079365,True,5
-0.33675395518659518,-0.92529084122384309,-0.1744523797873197,0.93180654870993684,-0.35412665467920729,0.079566753276679517,-0.13540062572773875,-0.13576145105657955,0.98144561691392318,12.865197513116152,-2.6164343837889619,-2.5487666182228339,0.3348076416563083,0.3125514374984978,0.53125,True,5
0.69339571711389625,0.71649914497361633,0.076363307551350373,-0.71002715356713442,0.66136337812400559,0.2417848698197568,0.12273475744652941,-0.2218726150936173,0.96732038228606598,9.7795556903471379,4.6525246471920063,-3.2669913973286167,,0.1304898237142408,0.2,False,1
-0.73416400115118396,-0.66991172394587484,-0.11055090019330237,0.66732687473526953,-0.74196964422029366,0.064466187351730292,-0.12521206678967317,-0.026444832680059007,0.99177749982280883,-7.0212976676204848,-0.61726163422894276,-2.9870838882451531,0.6593579779207005,0.6019157759282534,0.9926108374384236,True,5
0.39407332344788176,0.91809389301767141,0.04254197163269903,-0.89832050488738102,0.37497769237777562,0.22893667403436985,0.19423307196670203,-0.1284341614318194,0.9725112749637832,4.381734984304666,-14.032107425259378,-1.4405585944650363,,0.3719791649447415,0.6964285714285714,False,2
0.63834538383115869,-0.66905065185935753,-0.38063945695108958,0.76874735443331887,0.52888168895208398,0.35959931054295069,-0.039276914252840273,-0.52216413543804496,0.85194010333415771,6.6124995074987432,7.9700507019972893,-3.6203367200854122,,0.1339058042526817,0.125,False,1
0.48247628141334892,0.87570155519383264,0.019063685494959806,-0.86846274899629061,0.47542943290819895,0.14049664739913126,0.11396969544292973,-0.084342400699128794,0.98989760478796718,-6.724554542509372,11.535490140826287,-4.2338989216621084,0.1451101515512636,0.171087051604164,0.2222222222222222,True,3
0.95608372069112912,0.28818787972126148,-0.053400983241610758,-0.27740611929660719,0.94857248925469839,0.15249943477253275,0.094603192367930161,-0.13098846747293888,0.98685979621367048,-5.7187830598000238,14.899700662649023,-4.5958811448070005,,0.1788279006254633,0.4583333333333333,False,4
-0.61679319108030861,0.78345931103875543,0.075879294828357521,-0.785353769499475,-0.61900280517202977,0.0074151144377113815,0.052778936801871713,-0.055018498124150925,0.99708943866346689,13.416230794559988,-6.128754943014262,-2.2358632293133223,0.2771513183204506,0.2231479639492278,0.6086956521739131,True,4
-0.18805241867536907,-0.93521879400792707,-0.30000349192085024,0.97225598251320056,-0.22052615574913131,0.07801614639164578,-0.13912078312616138,-0.27700906477021636,0.95074254440279227,-11.312551953421769,15.950742322460844,-4.9135957650650131,,0.3493851661741816,0.4516129032258064,False,3
0.90943215681851308,0.41572103700767088,-0.010448518253544696,-0.39077874974030313,0.86292123646075825,0.32040428901068518,0.14221505157975906,-0.28730290470913061,0.94722326832160519,4.591868207970851,-8.1720975559536146,-2.0026746315494011,0.7454221936827772,0.5313908201581924,0.4722222222222222,True,3
0.37718312114768698,0.92602537028277843,-0.014488157713504732,-0.91672721831218373,0.37552899844720045,0.13634213776689835,0.13169700196623521,-0.038144264547697267,0.99055586150162178,-2.8948539555416768,-17.124725257539207,-1.0613601344497519,,0.2926660294668687,0.7413793103448276,False,2
-0.52801705044973257,0.84760901592927762,0.052506671478647807,-0.8472103492475489,-0.53001670789668098,0.036289302531344325,0.058588553167078089,-0.025322824995773034,0.99796098920349685,2.8206531279237228,22.171794089434059,-4.9365871869376141,,0.2669409182638354,0.2558139534883721,False,5
0.069079753694841387,-0.96403988437626154,-0.25662246386718512,0.98135855198704436,0.019423827171283981,0.19120174523239167,-0.17934151797994896,-0.26504681901472582,0.9474105781860489,-0.94051523869290932,23.773214003833282,-5.2540902735491555,,0.215168799960391,0.25,False,4
0.1601927218477551,0.98611574659319956,-0.04374958500311852,-0.98051389664751343,0.16407576228984777,0.10803537712303116,0.11371363307940688,0.025590594950932299,0.99318393618802558,-0.15212974361363452,20.949929103845722,-4.9312507599691564,0.3993040035365664,0.2434215550742917,0.972972972972973,True,5
0.76774130932182194,0.64048526443589227,0.018759211105473898,-0.63021631974420966,0.74949540264887016,0.20269196268296502,0.11576127283715652,-0.16743735380342592,0.9790628479635145,-13.628665418837205,5.0879433509302494,-3.8169848400143427,,0.1475332921530121,0.2413793103448276,False,4
-0.84693133837583645,0.52171661277937864,0.10256258590209569,-0.53072884417584032,-0.84117095448198187,-0.10372231821381118,0.032159011749271667,-0.14227860445577215,0.98930409717003942,10.417820575071678,2.6952461765880713,-3.0969351177244802,,0.3972078695800519,0.3125,False,5
-0.52147070856478717,0.85211624352377979,0.044341939874818041,-0.85130524029147503,-0.52309129496272189,0.040680277610873825,0.057859208093560065,-0.016534952589767539,0.99818781167756265,15.510397115651763,-2.5780642709811294,-2.6108144305593943,,0.2335901286225655,0.3870967741935484,False,2
0.87238346431673008,0.4861094762309186,-0.051426338633448775,-0.47643508272569679,0.86909185107371922,0.13299987347894368,0.1093467106725157,-0.091525578478140829,0.98978096837095353,9.5692914010804149,20.021698833920738,-4.5000453829297555,0.3552217479093416,0.3231328331817389,0.9253731343283582,True,5
-0.98316181804736813,0.17866273473004002,-0.038372734494409366,-0.17670837060789729,-0.98302171858475218,-0.049421175095135716,-0.046550953705559735,-0.041808228968294378,0.99804062076632871,-15.083463153618867,-23.13918356032077,-0.77160767986521506,0.6587020375074963,0.5764179159804035,0.6129032258064516,True,5
-0.99625036495991792,0.077332571966271385,0.038792829624974504,-0.0802852887426551,-0.99344004048008927,-0.081431924835580247,0.032241010045272349,-0.08424107836442106,0.99592367076360866,8.7954507041227199,-2.0574683550850454,-2.6614194757214285,,0.2772271979202134,0.3148148148148148,False,4
-0.37545427984131635,0.92677525260815696,-0.011032447685169498,-0.92371292154887663,-0.37318353544183136,0.086536047048470885,0.076082339031329341,0.04268114370800094,0.99618763175382763,-7.801494722055339,10.339860798787623,-4.1958427497969586,0.1676976068011358,0.1724575107699299,0.8791208791208791,True,5
0.43792347598150849,0.89874802836693668,-0.021794739980488632,-0.89016674117685368,0.43687965653715977,0.12938059594295359,0.12580223402966142,-0.03725784763666886,0.99135546132687891,2.0051285929048595,20.091293876506978,-4.7710520242117536,,0.1204629272896331,0.6111111111111112,False,3
-0.92965524712576575,-0.32194603765859164,-0.17914203953138461,0.35640193148113536,-0.90906840669159539,-0.21580615188571625,-0.093374432946324054,-0.26447189036103153,0.95986240393132161,9.5018956842442357,-18.462358245143516,-0.8245049835094832,,0.3515041193719297,0.3333333333333333,False,2
0.77759010898380798,0.62364960943106762,0.080092365847344055,-0.59707317041193819,0.69244062975599285,0.40500568321612407,0.19712242790911635,-0.36274941615335432,0.91079943428595422,7.270805781817467,11.255499817004496,-3.840309847538057,,0.5242334538347073,0.2121212121212121,False,4
0.9818262757187638,0.18922461713600028,-0.014533016822305206,-0.16435749229967994,0.88608542660305245,0.43340423565840769,0.094888244968404617,-0.42313905637676841,0.90108243792418641,-12.166368192260267,5.0080983816650946,-3.7641274758758025,,0.3290210744606725,0.131578947368421,False,3
0.94456058441709378,0.32476048885786735,-0.048331431206186222,-0.31317553497771927,0.93534383459310844,0.16447794800544005,0.098622444996352782,-0.14022316486750652,0.98519595887187983,-4.9870178573899855,11.862560465642613,-4.2317121307320189,0.2285433152836761,0.1971499494050634,0.7,True,5
-0.29434295182761017,0.95462296170948646,-0.045356671906330047,-0.95216063326648914,-0.28884185667773921,0.099802356127077579,0.082172715465468255,0.07256295754698594,0.99397296845792871,-6.9638905112045713,8.9224891495499428,-4.0154641475511008,0.1440651834942178,0.1342187210355929,0.574468085106383,True,5
0.58908176236460241,-0.71806370253387841,-0.37063080869343767,0.8067250563714039,0.49610630627733393,0.32105017722221452,-0.046662197461858693,-0.48812196424172255,0.87152715812694714,-13.698475060264281,6.2579726019686781,-3.9747176378045301,,0.5377387840543524,0.125,False,1
0.28345814203379072,0.958489134915958,-0.030823042724713916,-0.95175906420354328,0.28511517286122134,0.11341967162142406,0.11749964008943642,-0.002813619088311993,0.9930689392617611,-0.98842052433140004,15.969255929806843,-4.5025611244629369,0.6862869217829659,0.346785657122116,0.8166666666666667,True,5
-0.62669784500069281,0.77859370368277347,-0.032274690657368023,-0.77812574864838524,-0.62301068185301522,0.079862441657083311,0.042072917201895932,0.075163387913147181,0.9962832603007743,-6.9645417506884826,13.611411378251409,-4.4791254471151998,0.1039534381069106,0.1041432492613136,0.5882352941176471,True,4
0.22556946816646811,0.93361961134781835,0.27833942648831533,-0.97020793880174716,0.18935059471825202,0.1511387037323968,0.08840232189915366,-0.30413939828077508,0.94851687169825605,-8.9923313133778802,0.0078320084074264273,-3.1118350648687936,,0.488997035980947,0.2789473684210526,False,3
0.40109608356642701,0.91582949953962167,-0.019448895101751584,-0.90464160514037373,0.39935599274687983,0.14878964112532261,0.14403297537967413,-0.042084662647565829,0.98867759313798476,-5.0014821971004109,9.1855531320755741,-3.9789553571798897,0.1767706190056256,0.183803213960279,0.6,True,5
-0.39816615013779022,0.91710210035454387,-0.019683861657058738,-0.91451674766713098,-0.39518659391300781,0.086525569791641499,0.071573983546980247,0.052452774156559689,0.99605515477934092,14.428649277569079,2.3364559842880048,-3.0448944869269479,0.5240082249623352,0.4807362048374331,0.9105691056910569,True,5
0.26876512141686698,0.88277762668900073,0.38531671560822683,-0.95564948508103376,0.19438102247689731,0.22124664916149731,0.12041333470231366,-0.42769110338908201,0.8958688234935388,7.6796972183597862,29.091659504961072,-5.3774609512894687,,0.2951346281223339,0.1578947368421053,False,1
0.63403429606094297,0.75898327187592918,0.14813812618976155,-0.75880660575775638,0.57370423738529441,0.30834393631876561,0.1490404189369362,-0.30790881932589592,0.93966968265685558,-9.9583750831624389,10.480443655750271,-4.2827970613917534,,0.3644078063620518,0.2,False,2
-0.94281665441416596,0.33145686324710166,-0.035115580098741161,-0.33213533169888787,-0.9431043736844934,0.015500379816295665,-0.027979949902542867,0.026277141084443012,0.99926304557903056,-4.5322510378298766,19.913088012523154,-5.0285802629328229,,0.1371617432894677,0.2777777777777778,False,1
0.89346280012579271,-0.44209766676879902,-0.079207814191284281,0.44896896510811207,0.88395622512495975,0.13056898725417782,0.012291995815489801,-0.15222038332764326,0.98827013601467106,-9.6751518624590744,12.643540452777478,-4.4707372113864832,0.1802651217932321,0.2413449031462619,0.9622641509433962,True,2
0.28340135935725719,0.95899003319305709,0.0046675208450586564,-0.94974506704465766,0.27998804032822211,0.13996787094723473,0.13292094319105099,-0.044100039790710019,0.99014504460289077,-3.4306089979507135,17.157945581926359,-4.706529929060923,0.1754416918151759,0.1804316429774627,0.8,True,5
0.99694464570150121,0.061496577399182642,-0.04816164838638981,-0.03314459219779993,0.89136500798202878,0.45207284651175383,0.07073054089394086,-0.44909530560158895,0.89067985105281577,9.9450882342732694,7.3062033806288351,-3.5044339419752157,,0.1585290399918262,0.2608695652173913,False,1
0.91905270225576419,-0.3858775383120992,-0.080253697127119439,0.39352759083843458,0.90970967219148824,0.13253055334583308,0.021867000829436389,-0.15338460727025238,0.98792459050641912,9.2112650504420976,10.857130818414689,-3.768970904338385,0.1894003441154376,0.1439027148525748,0.7083333333333334,True,5
-0.51262448580151498,0.85788455202155167,-0.035358619310041757,-0.85688696072822146,-0.50855022145293338,0.084388439931796441,0.054413905306295168,0.073557920463757115,0.99580538221399639,-3.5461157562314276,14.723405757038339,-4.4954674933556795,0.2920658746883394,0.1514797577317536,0.3235294117647059,True,5
0.086572461677899434,0.99615987847769816,0.013065427292174629,-0.9893627659296268,0.084428028485825826,0.11846191539088329,0.11690391897241442,-0.023181986914306139,0.99287263493944544,-7.6468892215345896,15.189291720228734,-4.6846625849598809,,0.1263498735629618,0.1666666666666667,False,4
-0.98941795232997032,0.13373591257153489,-0.056274517286479857,-0.13332604636968709,-0.99101126366921954,-0.010992753984500822,-0.057238806474241351,-0.0033735692366430444,0.99835481571634088,3.7736975358445677,24.138384570766313,-5.0775738497006744,,0.1813897751738557,0.2105263157894737,False,5
-0.57106359004728724,-0.81370073301992973,-0.10852415954584679,0.8141128642760217,-0.57833922067353005,0.052383108451346728,-0.10538795160071819,-0.058436828400954793,0.99271270604533002,-2.3650734194583127,22.56003296779118,-5.1930275479415355,,0.1565283215375171,0.2,False,4
0.14448628404712843,0.9893473929370844,0.017760906813727349,-0.98491186503242978,0.14206439498082352,0.09882472260053729,0.095248789181769239,-0.031771744795115305,0.99494634246881908,-0.89834785268551287,13.377464697013412,-4.2646787239743844,0.2348320157652394,0.1282760182835917,0.5294117647058824,True,5
0.16732549751983428,0.98570193581884713,-0.019846198696904321,-0.97853884160452298,0.16849780691787414,0.11861797728483225,0.12026601078865994,-0.00042753578085903687,0.99274160981704507,1.6607543698579148,18.850464939069155,-4.6554010623897213,0.1685686547840389,0.192125367413833,0.7931034482758621,True,5
0.97824362787231023,0.19856434411081422,-0.060096636969644353,-0.18873158198338627,0.9720546365815026,0.13960721135546586,0.086138228965236097,-0.1252277315463452,0.98838161696911753,7.4018490768970508,14.47137532919348,-4.22025244827406,0.3758641491147632,0.4486833906633268,0.9214285714285714,True,5
-0.71042570660130011,-0.6872827424993263,-0.15145212861708834,0.68826986812223756,-0.72341771561372303,0.054326764777769376,-0.14690100079659107,-0.065644806335506192,0.98697054432547915,10.260043370918082,1.230100838799997,-2.9846928839567819,,0.2113255064070674,0.3157894736842105,False,5
0.75541829569903762,-0.61316245954021964,-0.23103029397407993,0.65441192342381171,0.68825698139741165,0.31312515395360729,-0.032988376800146872,-0.38772944918887914,0.92118274040918713,11.492342364249183,11.873268594914585,-3.9056183006132157,,0.4280411395151552,0.2,False,2
0.81765483175000986,0.57505093845730249,-0.027513529312681754,-0.5633081877242887,0.80899434111578283,0.16796440600740134,0.11884637882006219,-0.12183831179894618,0.98540903386326961,9.8057770795533887,17.552797972528207,-4.3160968803141531,0.304200630627962,0.3596949179164429,0.7848101265822784,True,5
-0.83141003386094914,0.55522455184540465,0.021978458167164899,-0.554142781625793,-0.83141232558416933,0.040979536829413507,0.041026005988460325,0.021891594158349788,0.99891822735289115,11.431222049259457,36.950945933464062,-6.0712228813983193,,0.3507159695502619,0.84,False,4
-0.58833210832584959,0.78798113592341168,0.18152426763854426,-0.80825612411518211,-0.57978688168269599,-0.10280666154952423,0.024235679135598973,-0.20720256093375047,0.97799781727738599,9.7485859190857589,-0.49559453739790005,-2.8148544867139855,,0.3938934435382998,0.2456140350877193,False,4
-0.25701501696423362,0.9454364702947311,0.20023276877552915,-0.96259772809468491,-0.26882578381684402,0.033738877014664076,0.085725695808350544,-0.18407221026515469,0.97916726175167579,-5.246390987984074,-0.47312253809938887,-2.9413807314490938,,0.1598372246743302,0.3333333333333333,False,1
-0.383696338003851,-0.82081069191710543,-0.42313937211868757,0.91382368010568871,-0.40350748480625248,-0.045912867296960064,-0.13305413139219258,-0.40429137727620984,0.90490059143508961,8.6614436737172138,-7.1264353577591457,-2.1521381856601649,,0.3391330777329121,0.2307692307692308,False,2
0.99765127394333419,0.045621430209678605,-0.051094233577437392,-0.0077417697368535069,0.81624594621242408,0.57765268136928627,0.068058802520936573,-0.57590037367361402,0.81468199869765645,-12.979312706973094,1.6848361865621582,-3.4359741472008931,,0.4259707937720686,0.3023255813953488,False,1
0.86576458324015648,0.50035093094302663,0.010031565752436848,-0.48705950749465438,0.83782146158772897,0.24663380681096336,0.11499879375916801,-0.21841278444140907,0.96905682652076075,9.9895527075358128,13.443826089753115,-4.1037302259186648,,0.5169855843463343,0.2631578947368421,False,2
0.072760821787829388,-0.93839206670805786,-0.33782568278942249,0.99289989992426608,0.036194105280854622,0.11331273305900201,-0.094104471430118422,-0.34367181420986259,0.93436290196826621,-10.466121274072204,6.5691054735494117,-3.8410954646142161,,0.3907865761764235,0.6153846153846154,False,2
0.55959163291940006,0.82824297102524069,-0.029509071721781327,-0.8191522621309778,0.55815624440214706,0.13210290791875945,0.12588397758373024,-0.049751259101377329,0.99079666753856532,9.6225988512899274,-9.7783180668523926,-1.8720324783993267,0.3335995575700752,0.3585458064170696,0.8913043478260869,True,4
0.99341095170614468,0.10301498998131804,-0.050225420550169847,-0.085679617752766363,0.95861475343906666,0.27150830114509966,0.076116254059381591,-0.26541602500246142,0.9611246794978584,-11.711741371617798,20.926660194110934,-5.4443323837982422,,0.3457250674287946,0.3125,False,1
-0.77235933780897759,0.63507635175054822,-0.011793250039378679,-0.6344194017056074,-0.77038259281842569,0.063424627881120341,0.031194166742785481,0.056468470225190165,0.99791694836376532,7.4375667114856761,-0.96965514208764247,-2.7115692633651003,0.3015505447567733,0.2562052462018454,0.855072463768116,True,3
-0.035835964876683751,0.9989921469601859,-0.027027281277202022,-0.99386218706873386,-0.032793550751092304,0.10565290409681286,0.10466010097602567,0.030647566641014857,0.99403570857523726,-8.0002722752357602,12.412921472378757,-4.386265159250696,0.1444937657378377,0.1655771975933839,0.7857142857142857,True,4
0.053736687409376045,-0.91532275670887486,-0.39911980591939339,0.98961487885490995,-0.0045489869867423385,0.14367219030270956,-0.13332201609355651,-0.40269536596323258,0.90557257150185877,-16.620419493999854,5.2406196952463464,-3.9752017453979529,,0.3605847503015348,0.2352941176470588,False,4
-0.8063754246427618,0.58938330089102065,-0.048846690399773386,-0.59132622510919297,-0.80217523311226346,0.082753796767276747,0.0095901006417614815,0.095614957052189004,0.99537219669708998,7.9388253271185683,3.5677823726568709,-3.2116127614163577,0.4193346465955037,0.3566193323876593,0.8700696055684455,True,4
-0.84061694691486655,-0.49802586318382858,-0.21291638771952581,0.53540678224412042,-0.82348109294120297,-0.18766583891417227,-0.081870178249020056,-0.27175196258420148,0.95887858707195528,4.7145046282148817,-10.017235418203278,-1.8700213541312756,,0.2683024864759297,0.3333333333333333,False,2
0.99560961906746137,0.06820401244645663,-0.064106934933336981,-0.057354403777192663,0.98576750009593339,0.15802818774502281,0.073972689471900804,-0.15365756877165873,0.98535140572867508,-5.1178540323457433,17.60630924456445,-4.8017269772287827,,0.1741161592491813,0.7222222222222222,False,2
0.86591468628804957,0.50004019300509417,-0.012311029611560172,-0.4878169291737659,0.84967694733138321,0.20020921253803262,0.11057305133777245,-0.16735856880676939,0.97967581870984455,-1.7512483515349124,-12.486558192546106,-1.6137866231032758,,0.09424345005794069,0.25,False,1
-0.38368905007915677,0.92344050465334604,0.0063519457592292952,-0.92059677180197863,-0.38303083772412394,0.076085222613408526,0.072693167472123926,0.023345486028992155,0.99708108581245292,-3.4147052357112075,6.607002616524138,-3.6528225016900508,,0.1874529553871132,0.4347826086956522,False,1
-0.16374919878090993,0.96107834588830221,0.22251879238215969,-0.98200488871164304,-0.18031515170063758,0.056150196915146153,0.094088248177142925,-0.20931999219324637,0.97331009571624993,-0.53759965270951715,-14.937257067122008,-1.2625610670372234,,0.2459751475768585,0.3846153846153846,False,1
-0.65591959648325304,0.73773871587178053,0.15972185214648249,-0.74745581134274197,-0.66431053952000496,-0.0011476814033418714,0.10525822076783291,-0.12013781330828596,0.98716139145242809,-9.8678846366290607,-8.1862527946556334,-2.0842023742783353,,0.4206111743738923,0.1153846153846154,False,2
0.85252636742599486,-0.47340228389765227,-0.22156053449096869,0.52267964798294153,0.77391088550523923,0.35758625096740582,0.0021859615425506504,-0.42065688975337473,0.90721717503316235,1.5814027995324709,-10.327439793899636,-1.8149992732519866,,0.3225630186078133,0.1935483870967742,False,2
0.043649923263521212,0.9824739023057637,0.18121731563836133,-0.99302454744220703,0.022780347741933701,0.11568623052877582,0.10953050888354889,-0.18500293793570249,0.97661506264181175,10.100935945657367,-11.847693070266709,-1.5984943972826151,,0.4544252047815944,0.4545454545454545,False,3
-0.84100271647199154,0.51566282746784819,0.16372623264032804,-0.54099304615584776,-0.80509291235586267,-0.24321169068400414,0.0063996013741059593,-0.2931164458747052,0.95605533012479615,3.0395476625102624,5.545214532080311,-3.4316687791697329,,0.5143098112290263,0.1226415094339623,False,2
-0.98244684391621206,-0.14527842385936524,-0.11701443688713148,0.15753439121232699,-0.9820913318948632,-0.10334181826509226,-0.099905527697096791,-0.11996164127717025,0.98773887751654887,-21.254731341107174,-30.697850191002029,-0.34170395290250016,,0.3012723155373064,0.1428571428571428,False,3
-0.8780581938533395,-0.41638438556055896,-0.23587677221033734,0.46596296541247728,-0.8562077912288566,-0.22312940887075811,-0.10905192832326363,-0.30583044599967329,0.94581996977681726,-10.823142314016206,-2.5315561725083504,-2.8733996609448256,,0.3610033556507675,0.2727272727272727,False,1
-0.60203698194588884,0.79776262951285737,-0.033559787279060255,-0.79602914375982958,-0.59638491557722417,0.1032600346549372,0.062362445866699576,0.088880928351798671,0.99408807754687634,-8.5565530921146582,14.085174574224471,-4.5886486631893657,,0.1618537933491897,0.782608695652174,False,3
0.54135107426367113,0.84056694302652557,-0.019652701712743734,-0.83160416886617949,0.53873304953176493,0.13491185146826484,0.1239900024919727,-0.056691407049444843,0.99066268913732392,-1.7017198968690346,11.459520361739317,-4.085585089609145,0.2964445315268406,0.2737130009462084,0.8385093167701864,True,3
-0.30552535428613964,0.93261495535523786,0.19205104252796246,-0.94568528120959217,-0.32072841454029172,0.053034262604532055,0.11105677283202714,-0.1654165322880975,0.97995089879744357,22.376110468939558,1.7347172062172869,-2.9590385752416322,,0.2581092526080517,0.2,False,3
0.62540684086523246,-0.66902357746384356,-0.40158901403854441,0.77920677273828909,0.50825023077559639,0.36676764883960755,-0.041268495462642538,-0.54229987618847353,0.83917087387981704,1.7655982717366305,-12.511917284797004,-1.6316120317258651,,0.3434151661858822,0.1578947368421053,False,1
-0.0085080588683463399,-0.92747083978524625,-0.37379868148823547,0.99422216230960747,-0.047846886727033092,0.096088331252759271,-0.10700422845244147,-0.37082140819885379,0.92251914793933543,6.6827898214295613,30.173226477736357,-5.5544013603115099,,0.4240090443605935,0.2173913043478261,False,1
-0.84603303636188909,-0.51955249863000896,-0.11955460071279367,0.52120605967688904,-0.85320849100690888,0.019481124962474963,-0.11212646761747358,-0.045830907050010888,0.99263648090255052,17.012871405227994,5.5289345281662223,-3.2621148087388412,0.5479832575002354,0.4335328758247976,0.3333333333333333,True,3
0.47955879058165551,-0.78487528783386562,-0.39242088237447836,0.87665602779306651,0.40879516008879041,0.25369415843109328,-0.038698518187915421,-0.46567939576030681,0.88410696471319195,-3.775709461831779,2.7715842370423318,-3.242343905257449,,0.644033055263393,0.2871046228710462,False,2
0.88535331182859922,0.44594345849185851,0.13146841849832588,-0.45771710756311279,0.78648426499611412,0.41465353050176718,0.081514186974960115,-0.42729022074211132,0.90043239867297564,12.501693581141399,3.6146557494249532,-3.1881520202548406,,0.3345990739521875,0.4,False,2
0.50109810681888489,0.8651904087923612,-0.018607629516850636,-0.85589656347627951,0.49866240262275735,0.13702875917118468,0.12783489340561416,-0.052738645642509338,0.99039228353403941,-2.263392576941829,10.006564417275275,-3.9579890115562488,,0.143739161107833,0.3663366336633663,False,2
-0.83309299864970299,0.54543191030453508,0.091978730271679632,-0.55312442110056514,-0.8224047318884582,-0.13305574677418988,0.0030708928684786418,-0.16172349300277325,0.9868313338296324,-9.0111957475057256,-9.9819537964579368,-1.8349070468262278,,0.2673309406764207,0.2,False,1
0.9541092603850031,0.2950841649564736,0.050998576838210054,-0.27653888801065862,0.80286992927587597,0.52813456626354083,0.11489892369126228,-0.51800117013042613,0.84762788125338295,9.9322087983977347,-13.234116544884294,-1.4611220830866403,,0.4187863028290297,0.1818181818181818,False,2
-0.93771916592642834,-0.31276991268406334,-0.15118778910297864,0.33303588811020091,-0.93319046390549565,-0.13506537419522463,-0.098842617756174062,-0.17700434965121517,0.97923418910884519,-0.71338648752039702,-23.170242255141641,-0.374245723161507,,0.1050056521826445,0.5714285714285714,False,1
-0.65292188204812418,-0.67487678625475933,-0.34385220563082558,0.74720821389184988,-0.64822920026617981,-0.14655643627906967,-0.12398750354486315,-0.35261909661377833,0.92751650749083481,-8.0739800872600362,-6.3106024725242822,-2.215151620820309,,0.250291084069574,0.2666666666666667,False,1
0.87029815033349223,0.48717271207667318,0.072414626519514858,-0.48007539994924325,0.80623141863194303,0.34571449199346405,0.11003971960013445,-0.33563916371392583,0.9355413469706938,0.19750406115197069,-14.124604642771622,-1.4159076211507202,,0.7452915436282227,0.3095238095238095,False,1
-0.045759306083301005,-0.94427490075171183,-0.32596165068473726,0.99294639746858926,-0.078722440242146863,0.0886579334096574,-0.10937795783851693,-0.31960552124871922,0.94121664516008707,10.751545571397044,-13.328869358648577,-1.4303593711672662,,0.2958904204923085,0.25,False,1
0.80874035477379325,0.57472872012386556,0.12500374724440327,-0.57656891532082344,0.73268633695884933,0.36157850809968395,0.11622101550979647,-0.36449640587886123,0.92392372285555313,12.749459306538379,2.6657278914064833,-3.1054144773851164,,0.5119088820836838,0.2592592592592592,False,1
0.97916015466628836,0.2004574161550329,-0.032591652648157686,-0.18412458506451812,0.94393284285421142,0.27402358540093907,0.085694391232502692,-0.2623120517429855,0.96117056697636982,12.016201289959206,37.486876993266641,-6.1263354944281172,,0.4674504435457037,0.3478260869565217,False,1
-0.22218929260534528,-0.9623899069531695,-0.15632525466541369,0.96776683205730196,-0.23718538398224276,0.084678523811949596,-0.11857182220625194,-0.13247173517345637,0.98406908413933181,3.5587878667543071,-1.4598452442935912,-2.7430579010007978,,0.4857979326874148,0.5875952121871599,False,1
-0.92843631096719392,-0.28606920158111371,-0.2370030134499822,0.35754328028200677,-0.8612809444790539,-0.36105115621259543,-0.1008405632809074,-0.41995183841008921,0.9019266235194392,5.917214319820272,7.6474037680988545,-3.6112827979071467,,0.3874079135451396,0.2906976744186047,False,1
-0.45752028273912104,0.87933038309451461,0.13211081806260083,-0.88688512667529851,-0.46197676173311214,0.0034990999882982127,0.064108992851668961,-0.11556621039664833,0.99122877684725397,11.349389245531512,-7.2264462411563946,-2.1159199794402044,,0.6857874572302309,0.4411764705882353,False,1
-0.84083538632162436,-0.43349008288469176,-0.32416384923366692,0.52929546914825309,-0.78383436731562284,-0.32473064369419802,-0.11332325202047111,-0.44462347290211812,0.88852000984556578,-2.7890885902898552,-13.799244587556741,-1.4558259594044489,,0.4874046395222419,0.1944444444444444,False,1
0.99776205056905953,0.0066304120541191046,-0.066535164238300415,0.008217751764183762,0.97536782132683253,0.22043158048721251,0.066357810393104982,-0.22048503522039939,0.97313051038578158,-23.89913216284987,-31.983150147019629,-0.37996278667679423,,0.2423978097774424,0.25,False,1
-0.92046260538124325,0.38868649291777463,0.04088278755238442,-0.39030587275785056,-0.90876478285270479,-0.14767496449096584,-0.020246426487294529,-0.15188607464134435,0.98819062055078111,-12.390767519494984,8.5349672544255224,-4.1216724576982386,,0.289511430256637,0.1578947368421053,False,1
-0.34553474798004163,-0.90397002282380767,-0.25188079675571551,0.93032642276598088,-0.36513545542927139,0.034188394111340351,-0.12287589284242355,-0.22251808246608559,0.96715418519168594,-10.47188738397098,2.0555550118924404,-3.3667084513365246,,0.7048204494082302,0.5704697986577181,False,1
