axis_00,axis_01,axis_02,axis_10,axis_11,axis_12,axis_20,axis_21,axis_22,location_x,location_y,location_z,dbh,dbh_approximation,score,reconstructed,number_clusters
-0.62732463903430868,0.77003957638539366,-0.11620175584163098,-0.77684467003356616,-0.60832489524473243,0.16264433733126132,0.054554155670433369,0.19230151488142069,0.97981833595488366,-4.5313795228982707,-1.9075472258867152,-1.9786520024442584,0.3335634799082944,0.3358107804449707,0.9409020217729394,True,5
0.83004795366614104,0.55543644614789467,-0.050107373761249296,-0.51952179037458113,0.80277772767444111,0.29265172009720236,0.20277451501764801,-0.21688308887614646,0.95490534704697294,0.58315540419238465,-13.15624347806774,0.90231968284074959,,0.223764650354176,0.6,False,1
-0.39659438725923574,-0.8134327513681171,-0.42548801510285433,0.89426987524063328,-0.44703152471836616,0.021076198544217689,-0.20735062631102386,-0.37214241213501609,0.90471859871385341,-2.358936264090628,-4.8459469343892128,-1.1670266291668538,0.9183836153787546,0.5402733026510503,0.2790697674418605,True,3
0.95461704454763008,0.27529194245407551,-0.11366901371530333,-0.24555222667150059,0.94345136322395728,0.22271872217558333,0.16855385559463157,-0.184699408907334,0.96823330148960762,-11.615048119773002,8.9414199100747283,-5.1013076976533691,0.2590991477742168,0.2739877142748878,0.8771929824561403,True,4
0.45326107541559091,-0.86308504670519048,-0.22279721647049683,0.88685312159876284,0.41149448497742441,0.21015192015229023,-0.089699153973894052,-0.29284209223925384,0.95194410066416413,-16.089166678954818,-7.3956109370824281,-2.3418428403811684,,0.2844654301960313,0.5142857142857142,False,4
-0.42280320999525706,0.9057752980787156,0.028435101690005238,-0.89978493193069253,-0.42332660438591163,0.10574337941248707,0.10781707605099419,0.019123164212762153,0.99398681213701534,-9.5705539303013616,-8.0690778623536232,-1.4141831670108476,,0.2446700961660336,0.2222222222222222,False,5
-0.86086482785169538,0.50878205243078378,-0.0072506063326893966,-0.50384162147079969,-0.8543235926161824,-0.12757280107082447,-0.071101115613946941,-0.10616978018108512,0.99180270675913862,3.5425009061791481,-7.7216451332437561,-0.073681168857337762,,0.5024183026212797,0.4,False,3
0.29514950844899634,0.95144119722721576,0.08744378697860164,-0.94368480695518175,0.27597243553123757,0.18247794373271342,0.14948495838805387,-0.13637764862982571,0.97931373122708876,9.8063917547473256,1.4572157177779523,-1.5311136988954732,0.6055829185764381,0.5289429505982355,0.7176470588235294,True,5
0.98821271168575109,0.078773868438191036,-0.13126429108473833,-0.053123913461792197,0.98062559907553937,0.18855048198359295,0.14357397494393043,-0.17935471025045241,0.97325145858086326,2.5610077599016736,-9.599760625882606,0.28652763026834155,0.3720592045592404,0.33737483686514,0.8488888888888889,True,5
-0.50201328154458635,0.8592590088639146,-0.098268106927116919,-0.85981897867707235,-0.48360526733182208,0.16382084518043905,0.093241562940312384,0.16673302340904284,0.98158347064593943,5.3736101984989979,10.009577661111937,-3.7266627480977776,0.4418774852470777,0.3926214217322624,0.5985915492957746,True,5
0.06914113561659381,0.99758725719482455,0.0062584061992835283,-0.99269324796557978,0.068177353198346655,0.099558846690868855,0.098891955229916562,-0.013096289297939656,0.99501199409727159,8.1257419910672279,12.153362993389361,-3.9947328270774012,0.4024903522740065,0.3948151602019332,0.7955801104972375,True,3
0.31630457378154209,-0.88557986834847613,-0.34014660571696598,0.94054607442878346,0.24595957180211742,0.23425834225385533,-0.12379215840061272,-0.39402053983874374,0.91072680629467739,-13.415694704395904,3.4580310842953956,-4.1823437011285671,,0.3463058019989478,0.4,False,1
0.31426054738904102,-0.93462998981366985,-0.16645446973764827,0.94142187235088759,0.28421851235262496,0.18150673677693543,-0.12233219778166005,-0.21374428501590914,0.96919978023570996,-6.1989641859359761,-1.7665825116602925,-2.183862841944991,0.1695238022246212,0.1171498961571773,0.4540229885057471,True,5
0.98376227302893937,-0.11482291182950709,-0.1379401648684235,0.14448617296223593,0.96260445881627765,0.22916457337413296,0.10646847414921219,-0.24537390811986254,0.96356427353151908,-0.95878026992828336,6.1097596696320675,-3.4693109823113835,0.232614783409238,0.2154488260537971,0.9418604651162791,True,4
0.40020768839622245,0.91513503121636131,-0.048597127375827581,-0.89072205382089797,0.40090697780243317,0.2142144205846131,0.21551804793481746,-0.04244372497731122,0.97557700937671599,11.452448609420498,6.9166259316350809,-2.5867442911926815,0.5601711781643095,0.4970007946183025,0.5730337078651685,True,5
0.93189936133313622,-0.33007683324531939,-0.15037574439262241,0.35711009592533505,0.90754402995975147,0.22098916958216019,0.063529203797085737,-0.25964036250004813,0.96361347148415954,-7.9217793782144019,2.7431889578854611,-3.3565114832678704,0.3186170402988278,0.3155482226449701,0.9206349206349206,True,5
-0.83997542087393751,0.5408776965251556,0.043504134622975477,-0.54240199109685261,-0.83463272781893993,-0.095855566910253098,-0.015536163677754275,-0.10411304939899722,0.99444411635999974,2.7153503301470923,10.851558013518469,-4.1643578797741814,,0.3396648989396269,0.1139240506329114,False,4
-0.18267848728552946,0.98285977246166611,0.024803990801323422,-0.97301832635250407,-0.1843507560203542,0.13874485697457334,0.14093937301280143,0.0012109629743955602,0.99001748807959578,14.122539334804408,-1.716305574469724,-0.36838219065497296,0.5127640636312126,0.5067322602718947,0.2857142857142857,True,3
0.50910691849393908,0.86031774226592428,-0.025759034998793326,-0.8374533957254342,0.50204180298820655,0.21593016936104831,0.19870066816582616,-0.088359551802927885,0.97606896993790404,6.9121525114336304,-6.1471976126843026,-0.018270130933232643,0.4889891165871898,0.4789047375383478,0.9219512195121952,True,4
0.98851627925418684,-0.082188829612411668,-0.12680915557009531,0.13247523361695532,0.87505992464784499,0.46553242717714227,0.072704044781509852,-0.47698545529423653,0.87589896524094513,3.8721889986432076,-12.61078810067443,1.1308714303749257,,0.3520472016780427,0.1052631578947368,False,3
0.99061630430319225,-0.0084121855341433953,-0.13641324269741884,0.062729820564648139,0.91474745342984787,0.39912662909850538,0.12142613911597776,-0.40393852450360312,0.90669143657654561,6.4986591858933673,19.438717421596799,-5.7307549702177196,,0.4752544886786551,0.1176470588235294,False,1
0.85951178061819578,0.49887310152630904,-0.11119859509931376,-0.47072880324927302,0.85739649061544176,0.20805204077786352,0.19913285206124978,-0.12647879843613039,0.97177632239940237,-10.517646897582845,6.2209157699070703,-4.4306573979796608,0.2282350628463397,0.2152207736951481,0.4666666666666667,True,4
-0.92282679502833742,0.36644398182581495,-0.1187834776447029,-0.38108301111599191,-0.91348554353612332,0.14254788805620008,-0.0562711739392079,0.17681337600463368,0.98263451244567457,-6.2528695868687842,9.2276838809438537,-4.670906706984284,0.2409052629551323,0.1859880254441311,0.3958333333333333,True,4
-0.72954997193721494,-0.65686132305092215,-0.19049945072414853,0.65011193172956516,-0.75253454533865494,0.10510106704881014,-0.21239424349370556,-0.047169485387666535,0.97604494004067277,15.7278088610478,8.2681015518625642,-2.4584949568166397,,0.1794866014893574,0.1818181818181818,False,1
0.2449193752742081,0.96446897200086934,-0.099066147915815028,-0.94769200356646155,0.25971733874549235,0.18554452385113698,0.20468113247555958,0.048440747336779305,0.97762934080661545,-0.95583347089201975,-6.7841527797660861,-0.65379927567268925,0.4265226549549955,0.42270152856927,0.9375,True,4
0.85641422466355399,0.51506534014655525,-0.035529863124349428,-0.48149109375439353,0.82163508758485659,0.30509360774133054,0.18633572504788112,-0.24417919286691137,0.95165935047250083,9.5732758778778226,21.264469701860726,-5.7947394554369023,,0.3757619105136779,0.2173913043478261,False,5
-0.35887823708930938,-0.81160342591064838,-0.46098404527029835,0.90198023545624784,-0.42858916186120516,0.052373516030544132,-0.24007929063116085,-0.39700278259126687,0.88586157204431781,-3.3686161367969469,-3.0330411259560992,-1.6733186161255142,,0.1498589317160381,0.1621621621621622,False,3
0.051410571066371244,-0.97495947178936992,-0.21635845615742133,0.98461449610377472,0.013253764616776211,0.17423728586554973,-0.16700672814273018,-0.22198731065463245,0.96064061264522027,16.290611679165707,0.70940071934464488,-0.68304939657347141,,0.3299289261062064,0.38,False,1
-0.75524315208294424,-0.56368279452756476,-0.33446896475669191,0.59309902154179472,-0.80494285655213393,0.017336329826567187,-0.27900059476277778,-0.18528007134952484,0.94224729412332642,-1.8783257775588345,-7.5746544211746585,-0.56622623576472975,,0.1773617437132218,0.1851851851851852,False,3
0.99103240418415495,-0.032111160583077433,-0.12970600303371327,0.059155303052470506,0.9758242905101624,0.21039867910970536,0.11981412261392312,-0.21618470671244577,0.96897303812124191,10.931955689087598,-12.658603320635599,1.8226416858681043,0.3545163881671769,0.3741289012338657,0.9285714285714286,True,4
-0.7600438120737335,-0.59017329223468395,-0.27208250377652532,0.62442637722510019,-0.77920663653126521,-0.054117622002180399,-0.18006971748177245,-0.2110272558664128,0.96075095322748838,2.4829411650752111,2.8080632232978755,-2.3291434974054379,0.4983526969221627,0.4093663152753663,0.2427184466019418,True,3
0.2575745484560325,-0.93336568190328539,-0.24996770958042919,0.96009040119880951,0.21803458852064261,0.17517802297817714,-0.1090035481696793,-0.28511299874584628,0.95227559268972717,-14.559442075785473,6.3974005189776753,-4.8942294122369718,0.4173071134874515,0.3362442396332895,0.92,True,5
-0.69782967513397232,-0.62413002487771052,-0.35141920344307093,0.6892597195673078,-0.71859050629837873,-0.09245930585850004,-0.19481987445948784,-0.30673994898608753,0.93164146548530224,6.8846425567547405,1.7986470011116307,-1.8387488486229233,,0.3228615926769461,0.2222222222222222,False,4
0.93049829661523631,-0.31467906575539845,-0.18748334745105738,0.36123715574746174,0.87310865518337988,0.32739730229700181,0.060668256144612784,-0.37236858328701666,0.9260998870949031,7.235780571488907,-3.8908778399411612,-0.53659226606977573,,0.5571778401945036,0.2162162162162162,False,1
-0.27330130620933646,0.94620880806456609,0.17319147659542636,-0.95286735002159406,-0.29095703969083503,0.085952395645329763,0.13172019316375116,-0.14153760134812043,0.98113041850588101,10.603762988127597,8.1357830401343261,-2.9017095406576097,,0.4630277749004724,0.1363636363636364,False,1
-0.74552022553687169,-0.60943622564387612,-0.26979080819849721,0.63255372753294681,-0.77451479829223147,0.0016152431763855613,-0.20994136109787065,-0.16945298492292987,0.96291760332911303,8.9583003354140178,-0.91834071465019029,-1.1138297588180159,,0.541641414427627,0.1929824561403509,False,2
0.73692444694516834,0.66662330393193259,-0.11205235450195881,-0.64146270999084698,0.74191495200579383,0.19516094814649679,0.21323215326436318,-0.071941466798470161,0.97434925677044981,-5.1435194443139469,14.165150730307042,-5.5556134788376816,0.3885395002437085,0.3922387652278828,0.9925925925925926,True,5
0.027902760134821448,0.99846310161737306,0.047883929302775963,-0.98513191740808825,0.019343499021681886,0.17070715963152019,0.16951855733435714,-0.051935188015572037,0.98415760677092012,3.5588962057519185,-2.1208399690913042,-1.3232557084135717,0.5755536758835291,0.4576746927959856,0.9751243781094527,True,3
0.92415920226114923,-0.27585235035706429,-0.2642635988525871,0.37953608649597093,0.7415922023254673,0.55316666972747686,0.04338349828402957,-0.61151164032465311,0.79004517960942766,-7.8248835383196704,-3.3179255708885194,-2.1279797583786668,,0.2348386485356793,0.4545454545454545,False,3
0.86165429802553306,-0.48548983314899696,-0.14782250370996991,0.50675587485833695,0.8388119591639428,0.19897984938206306,0.027392590068968742,-0.24636176463182349,0.9687907549810777,-3.2689239282161062,0.51714928869513255,-2.4277610388116151,,0.3941332865980457,0.9186405767250257,False,5
-0.52219560889914307,-0.83704984229017032,-0.16327678208629054,0.82583372396899302,-0.54410025842409249,0.14816736866915367,-0.21286241190486954,-0.057467123686822566,0.97539075415609966,-8.2757905775297491,-1.02753153978467,-2.6557756771763286,0.4319700239120162,0.4153824043827913,0.8869047619047619,True,5
0.81853349559049404,0.56891111848278109,-0.079643303943765259,-0.53471882434864382,0.80522036529143104,0.25631219675844469,0.20994926883324044,-0.1672133445231162,0.96330732475663383,-9.6425089086462368,10.620961433647484,-5.2273840655420694,0.2574654315018136,0.2778077753233901,0.8625,True,4
0.32549748400682466,0.93913643458215346,-0.10988241508788968,-0.92177098735081076,0.34105863801544373,0.18443766511578361,0.21068847805121757,0.04125242629677485,0.97668244713473296,2.8756675380769043,14.869450355555246,-5.0859851014422865,0.4160150214339061,0.3575770950413916,0.975,True,5
-0.84628960404068343,0.53112622665372999,0.041216955894803814,-0.53115964902385537,-0.83535322673890167,-0.1416136074879823,-0.040783983884835048,-0.14173890763469305,0.98906357162773206,6.1595960518289683,4.4034587808250381,-2.4046613603769762,,0.2221092233252748,0.1927710843373494,False,2
0.28871143229932916,0.95599776362055477,-0.052095919342755939,-0.93465013501183447,0.29322415969983501,0.20111866469993431,0.20754477584855943,-0.0093737997003740942,0.97818060597067025,3.1153780723470992,19.798231928109868,-6.1089959829512557,0.6473037679416643,0.5769059934583147,0.979381443298969,True,5
0.76387032008396449,-0.54173426443798611,-0.35075079590594738,0.64305126073855745,0.68492925877953481,0.34257405992028739,0.054655376289741056,-0.48723289831614514,0.87156003387091807,-1.0417415337671305,-10.331693454071431,0.10122373796173374,,0.5064298098154092,0.1063829787234043,False,2
-0.19065300332620927,0.95011083080354608,0.24686198879635565,-0.97074967474152485,-0.21985999400564193,0.096470990588171657,0.14593320839315635,-0.22124871124061882,0.9642367481394003,-8.3873792326218659,-15.645969891290795,0.2448764790588899,,0.3916290839239285,0.4,False,1
0.76142898573624718,-0.62244916695282693,-0.18106058168580105,0.64824443955166355,0.73015314548607146,0.21599891371750995,-0.0022463906647541415,-0.28183934909186514,0.95945898038032573,12.859936110343689,2.8421851654379946,-1.5552349554421094,0.3897793968715506,0.3966542324066972,0.2959183673469388,True,5
0.76695193548248097,0.64160664609007645,0.011208940749230623,-0.60640871604950042,0.71894326572147549,0.33968963742354064,0.20988853651134154,-0.26732282425334258,0.94047079161149083,2.207502934065527,-6.2507811851498296,-0.52960832843102745,,0.3756632913157287,0.2291666666666667,False,5
0.72267809247350545,0.68452099499319707,-0.095746446787226464,-0.65627231863498847,0.72302865332600419,0.21572253072649067,0.21689402585666612,-0.093062204374862803,0.97174914852783867,6.5591763509905707,-10.028526342455546,0.73384958479460083,,0.3313582886131495,0.7864077669902912,False,5
0.47669630119029849,-0.78362788062073474,-0.39835660047919835,0.87366143187179313,0.37214603431513293,0.31340553856504855,-0.097346488848937429,-0.49742805897674847,0.86202609429843147,-4.9626700929393763,8.6670857587287866,-4.4435945929166518,0.7797437007190096,0.5107153654361994,0.3783783783783784,True,4
0.94551648733450522,0.32344766445525092,-0.037150781109713607,-0.25838481938444274,0.81491103208568272,0.51880371519170576,0.19808043136637038,-0.4809382685371284,0.85408578290838078,-5.1140043112531446,-5.7056018738211485,-1.2802900680964746,,0.5764598311387972,0.2592592592592592,False,2
0.93450039910223159,-0.32349467596124037,-0.14852676089682468,0.35031898148562807,0.90980312305159727,0.2225643468672211,0.063131729650332161,-0.26001821457408053,0.96353770699493912,4.6521291335123989,-0.72305907723083451,-1.4631157503818484,,0.2511312029853967,0.1111111111111111,False,1
-0.41252782928387616,0.88724690177932364,0.20643092149512107,-0.90491631052059729,-0.42516501308644872,0.019004804681714976,0.10462915951169356,-0.17896269703542012,0.9782765928149797,2.4264618873518184,7.3895559662059043,-3.541565696325776,,0.3660182163316753,0.2957746478873239,False,1
0.37567818477587356,0.92536282567907602,-0.050690653327225471,-0.90852472904916348,0.37853301356373326,0.17690555205674846,0.18288990729301874,-0.02040584459401043,0.98292160588561506,8.776087031896056,4.1759933783677257,-2.1851695222454315,0.3927729288065788,0.3974090287431651,0.9375,True,5
-0.76191620135306781,0.64767471435858848,0.0010800445512670065,-0.64557326521553771,-0.75957622355990106,0.079240897530437518,0.052142701835072108,0.059677675750658951,0.99685491103888269,8.2362303605141989,-3.8676190446398779,-0.53606482156015067,0.5945371007760951,0.6380630103306705,0.4659090909090909,True,3
0.27282357131698887,-0.94069226410960438,-0.2016565475708364,0.94937432013723932,0.22931214015183146,0.21471921814998285,-0.15574241297025337,-0.25002801167735578,0.95563083571998131,-12.87330617025345,-10.392098971184076,-1.3590096987748588,0.3092815329284477,0.269124414368444,0.7948717948717948,True,5
0.77285280843918946,0.63068427933287763,-0.070255791861070643,-0.6071726576112666,0.76710966043115836,0.20708484426066506,0.18449905240116676,-0.1173887076151769,0.97579710544124365,11.577010103938605,0.53280361488890304,-1.1754630666083923,0.3076885741864143,0.2856138708156392,0.8,True,6
-0.66152742528296005,0.74992049699625329,-0.00084485702392489426,-0.74992004989309369,-0.66152795883416593,-0.00082368018219183825,-0.0011765911941390428,8.8688191352284673e-05,0.9999993038835413,9.5527165594733159,-3.848441955734295,-0.4107096192904014,,0.3406150612069233,0.3636363636363636,False,4
0.88312868170298819,0.46084866152600462,-0.087762422045154512,-0.42617584767224687,0.86630460388086339,0.26055801687083419,0.19610680359024685,-0.19270403333742156,0.9614610117530018,-2.7615374128888739,-8.8843499569851421,-0.37602078813126222,0.5694838708241793,0.4469169221422864,0.7966101694915254,True,5
-0.54038223949787545,-0.74127797889859992,-0.39811304077518811,0.80321139072822578,-0.59541002417135858,0.018394698167962686,-0.25067607991128504,-0.30982876095719092,0.9171519186285565,-4.3399517583647631,10.127733645125122,-4.6833273060205887,,0.4362213191246414,0.3333333333333333,False,3
0.16513730487704423,-0.91153043492612784,-0.3766190870645445,0.978141616572759,0.10243865492652518,0.18095662437522148,-0.12636711782096172,-0.39826949190244171,0.90852229656370842,-6.0642061868622656,7.0947674875900724,-4.1715042283605959,,0.7201487792001104,0.5,False,5
0.54360472746299537,0.83850738086207821,0.03740685124011206,-0.80134808195881235,0.50522561969171043,0.32029412225025222,0.24967008595507612,-0.2040893075272302,0.94657931666196904,-5.9650073238036185,0.65759662145659803,-2.7729733561157288,,0.4275934847745967,0.1643835616438356,False,2
0.68255827649616885,0.72992056402262662,0.036471487541222564,-0.68330046830315272,0.61966874283071016,0.38614908931046216,0.25925792023248095,-0.28849024138694435,0.92171509232583959,-0.042982206292966507,11.523470709625759,-4.5867991931913732,,0.429918307155349,0.2027027027027027,False,2
0.66070982024254654,-0.70663094589537967,-0.25324936275944243,0.74690292743599473,0.58524486599147274,0.31563343266860211,-0.074823461712244133,-0.39769479897733767,0.91446175231322413,-4.9234564330918849,-9.6895677108869407,-0.53402566720216471,,0.2305722791020827,0.1666666666666667,False,3
-0.085419913292230878,-0.96347061673158907,-0.25382633651376629,0.97914307265221134,-0.12831035170829963,0.15752871776815647,-0.18434283737193266,-0.23507620964135101,0.95433583919410747,0.64513021524594927,-10.783256074328927,0.37622523344055631,,0.2742774749289897,0.6842105263157895,False,1
0.90377304309336426,0.41806317007403387,-0.091746784169308759,-0.38415520507965573,0.8868309697704394,0.25681824208227522,0.18873013799594385,-0.19686039948062639,0.96209506709491066,-11.296475568061526,2.2749445439603306,-3.6928270015991749,,0.2282838264302224,0.3076923076923077,True,1
0.93484561983032932,-0.32577450656899326,-0.14119007739135478,0.34989558954091676,0.91283107944538433,0.2105053367931306,0.060305418528205867,-0.24619177741814205,0.96734319929786794,-11.958686451720343,-11.582953424890102,-1.008890570040309,,0.1228429909756257,0.2777777777777778,False,2
0.94727048194730634,0.32009827631601417,-0.014687665942434924,-0.29158143684516552,0.88007615660978988,0.37476155653195187,0.13288679286757074,-0.35071790953194742,0.92700488036197204,11.70841419736157,-1.2034347433280583,-0.77018972306851929,,0.3620254932446956,0.1333333333333333,False,4
0.81824695311426854,0.57420158047017422,-0.027649027193916612,-0.54039319359840277,0.78469309321220815,0.30369712836570562,0.1960793717649445,-0.23355790384958186,0.95236735849022769,10.282250604394546,11.446302427360395,-3.6994713397963257,,0.1935798817673272,0.375,False,3
0.59954721708674541,-0.75936121209713103,-0.25281155837088348,0.79803137478970754,0.54323724133614137,0.26084329486637736,-0.060737627009852066,-0.35813942702231844,0.93169044831281667,-1.9095480019186211,-10.737797431677913,0.083196504108747196,,0.1415521937317802,0.2941176470588235,False,1
0.44115330318152945,0.89116608739267977,0.10586202233685305,-0.87179607443396534,0.39756629449599545,0.28620385406603466,0.21296799687641865,-0.21854987110942486,0.95230278070816332,8.0806969380666018,0.78129189771009,-1.565378992015531,,0.09277037529105206,0.75,False,1
0.87823857057798582,0.4746010860762695,-0.058743699614201381,-0.44529289462430732,0.85636477985004722,0.26144521764508866,0.17438821963149845,-0.20345312218692432,0.96342907155957813,-7.0921727594926551,16.418217007634148,-6.2499588550257261,0.3098858452800885,0.2612375990263595,0.9,True,3
0.93487837434354071,0.35205389551322952,-0.045392508619141847,-0.30643469718167127,0.86497438591101428,0.39738783081649792,0.17916529113630281,-0.35759944962461032,0.91652737661251549,-0.64283099095755891,-8.3277479071455911,-0.32437896953344209,,0.2022529824676318,0.3636363636363636,False,1
0.82369108758793985,-0.50323501586637776,-0.26131879196522301,0.56657959939844105,0.74895939774938336,0.3435802352702837,0.022815559903254762,-0.43106187413044073,0.90203387458423845,3.7742429554709291,-6.6721823286392894,-0.28798305141734382,,0.2643655994717201,0.1320754716981132,False,2
0.48160920731187318,0.86979655067254424,0.1072685036279217,-0.84881516493631959,0.43249081082279955,0.3040797828333317,0.21809490412789992,-0.23749875576933405,0.94658805919019529,0.47168782297432171,-8.2287172598051903,-0.18480069730384691,,0.2315824865977787,0.2941176470588235,False,2
0.58495848299357467,0.81002594291277619,-0.0410066455848868,-0.78169166399975676,0.57653685029994084,0.23783061762421551,0.2162908125814596,-0.10706648427258753,0.97044064853980672,-16.714585480646807,-10.218896903526113,-1.9175681856382845,,0.3005966250392512,0.5384615384615384,False,1
0.23136163768397644,0.97052185580593786,0.067521255995330653,-0.95160768362207659,0.21132977809563111,0.22312001560029812,0.20227359956161955,-0.11587515822232923,0.97244965865968414,-5.110472031811403,-6.5645138424564395,-1.1252497069805789,,0.3422811508446582,0.2368421052631579,False,3
0.98501916295335346,-0.04177427244547785,-0.1673085735290534,0.13450387384479948,0.79328023623029542,0.59381409104798932,0.10791643311107869,-0.60742191018110181,0.78701503574996878,9.1864958178621272,14.029638523629536,-4.3129162849831228,,0.5116866545013726,0.2173913043478261,False,2
-0.033440566315787623,-0.87096050909123035,-0.49021374942776091,0.98647939796593376,-0.10750040255022297,0.12370149894123382,-0.16043729589234379,-0.47944911623141434,0.86277947300087499,4.8548127228883207,4.9966027768322183,-2.6408967840713862,,0.455992144809908,0.25,False,2
-0.96614049184094541,0.25068758526557211,-0.061059680797178537,-0.24790272794110813,-0.9675099246815464,-0.049686850595165671,-0.071531723764310787,-0.032867616835207059,0.99689665074112954,-1.7310003278624464,14.121304505262904,-5.2388408022524864,,0.493774165465364,0.5797101449275363,False,3
0.52880062753533608,-0.71936742763555983,-0.45042246877263264,0.84489606544927331,0.39566974204211208,0.35999457471004537,-0.080749829142683693,-0.5709255286719338,0.8170211171102626,-3.4456236715806337,6.2884854719487819,-3.7421669572299687,,0.2344021125103891,0.1212121212121212,False,2
0.50504457419467219,-0.7764922569178252,-0.37681527705652318,0.84517044746266001,0.35642384051542336,0.39830762062506797,-0.17497683507335859,-0.5196362389777085,0.83627823499647091,11.731030458024961,-3.7932360974680885,-0.23559492393245396,,0.4711133183008149,0.2465753424657534,False,3
-0.28230022704952717,0.92606221388040788,0.2504303452673094,-0.95046442109238038,-0.30539456444442364,0.057892523224748235,0.13009214444120976,-0.22168206068764151,0.96640214089372189,1.2531099185332741,-5.1887875172722193,-0.86103695192688212,,0.460487208627117,0.2315789473684211,False,1
0.20234459242555544,0.97440310881933634,-0.097955333899430758,-0.9589774396092875,0.21742743311126705,0.1818999220754684,0.19854202637364168,0.057130489704347975,0.97842586377793084,7.8887606518556739,11.082133610570452,-3.8141047699564532,0.3767182594963664,0.3778480182342343,0.8780487804878049,True,3
0.83853079276586662,0.5419595327764376,-0.056088986585539236,-0.50620242772994883,0.81298837571435623,0.2877655349649072,0.2015569689783846,-0.21290788098630481,0.95605701842001467,9.1603149231048029,24.500726646646566,-6.6312070806481822,,0.2212681902201347,0.2222222222222222,False,1
0.94978420732194691,0.29223315758686891,-0.11184695404269548,-0.26067936651110135,0.93669817366487285,0.23375799307887307,0.17307867401038041,-0.1928634570355405,0.96584028676749056,-18.035171522666293,-11.864992587589485,-1.7575126707826212,,0.2307095667486213,0.5909090909090909,False,1
0.98819734427687633,0.085104166007620219,-0.12737067830657225,-0.056237492627319953,0.97496698660652192,0.21512024416681541,0.14248983538175991,-0.20541824640363751,0.96824583183060164,10.247870467034536,-7.5132829658489904,0.58727494968171001,0.2919393770784329,0.2967189793051252,0.6379310344827587,True,2
-0.44398925741692241,0.89409475766059732,0.05889060724943973,-0.89066730322084575,-0.44755801909198445,0.080022337629969145,0.097904516094385066,-0.016922880082800157,0.9950519191770989,0.2363295636118759,13.902194677484868,-4.9964179633168957,,0.7502682260987386,0.5,False,1
0.86228035087833754,-0.47335496329772986,-0.18002131876679742,0.50576233855283903,0.8231621138377222,0.25808640267123295,0.026020249627846756,-0.31359083702113999,0.94920162955279774,9.1680197075274084,-1.8791842557202847,-0.92094963271265129,,0.6193870777409901,0.5294117647058824,False,1
-0.96720628016155219,-0.17789178189037269,-0.18129127268547982,0.19422445089740398,-0.97796329473785559,-0.076581047388240592,-0.16367307136378567,-0.1092808678650846,0.98044317409475534,5.7181510188651048,8.5128731983438612,-3.4085248688476493,,0.4577482655189153,0.3571428571428572,False,1
0.020328771691041171,-0.91867464217022676,-0.39449162586161357,0.98637903186095699,-0.045989654354848877,0.15792832930593045,-0.16322728493292529,-0.39232875694464125,0.90522649095554997,7.372009306135471,6.7669392097765533,-2.816931553024534,,0.5534394180241285,0.5714285714285714,False,2
0.99143185093803254,-0.00099878823281898633,-0.13062115972403984,0.028991630699449124,0.97671306626058418,0.21258191725834721,0.12736706911511275,-0.21454740412765194,0.96837339961768487,-13.980641603696593,-8.6835635152900679,-1.8653903513080781,,0.074816475257144,0.2,False,2
0.67553511119739074,-0.64768219043756037,-0.35236358172991228,0.73626016097364955,0.56683475775104619,0.36962052536130641,-0.039664706006526981,-0.50912291010650512,0.8597793748992234,-18.806092286177424,-1.0643939687586359,-3.9042246925908528,,0.3332793142651942,0.2105263157894737,False,1
0.68905904813671059,-0.70373993272626667,-0.17305413970015604,0.72382731711976256,0.65656433685964022,0.21212563860898198,-0.035660106171152769,-0.2714284042809294,0.96179778445230957,13.872791400215704,-2.8526444472205124,-0.17563778602695276,,0.08900282162479443,0.3333333333333333,False,1
0.013818682498839621,-0.93840358875247643,-0.34526475150305869,0.98498255578246696,-0.046656209308609496,0.16623045129334915,-0.17209999656663433,-0.34237684318514272,0.92366643786181846,4.2138935146167089,2.3636698080977165,-2.0865790110881579,,0.1338628245336094,0.125,False,1
-0.46886178409072093,0.88302790461809055,-0.020744808628925152,-0.87842360654081975,-0.46370241963625553,0.11555099954263176,0.092415339046532374,0.072400177411843972,0.99308490040864483,3.5237011320408507,-5.0686586583734652,-0.66360454026629134,,0.1083404207306484,0.3225806451612903,False,1
-0.97045860072413159,-0.16851136705851374,-0.17266737807886917,0.17927176884481033,-0.98259686625366172,-0.048631587715560948,-0.16146744927635787,-0.078149328855430647,0.98377891074348234,14.496250429240572,-0.35387852760648197,-0.62536086062860019,,0.6127009849018848,0.2352941176470588,False,1
0.89446997188904831,0.43345373886144706,-0.10973297433241481,-0.40426280962686623,0.88884169237155686,0.21571283377365363,0.19103677693417612,-0.14858769184929205,0.97027142990479864,7.7810670818478833,13.988173788864778,-4.4399256094871475,,0.1027087623904064,0.3333333333333333,False,1
-0.8330137674767808,0.54479440614249264,-0.096369695599749727,-0.55308139378380305,-0.82435449730470645,0.1205845538353502,-0.013749001574852246,0.15374887905072215,0.98801429501113058,4.2749847230462636,3.7219214902676372,-2.405773163457694,,0.1634232936981537,0.1590909090909091,False,1
-0.94544195702573974,0.32327804044399006,-0.040383343868880525,-0.31811945248183721,-0.94280105834425576,-0.099630207957257411,-0.070281717736510041,-0.081347851549036898,0.99420471091237572,8.9196623326792217,-8.9422472268645823,0.71186568893531044,,0.260700472995567,0.2727272727272727,False,1
-0.26005562688701428,-0.90202307099071444,-0.34456559654858832,0.94432382904440815,-0.31206896139388696,0.10423756152870257,-0.2015529132096866,-0.29827393908121275,0.93295716967161346,-6.7827892011043129,-3.1503872361758956,-2.0189908116262143,,0.3501122885876506,0.2592592592592592,False,1
-0.98563005332280362,0.15548818376911622,-0.066006232244158858,-0.12899645731236636,-0.94512426913454961,-0.30016667019131815,-0.1090564623841573,-0.28733872102636338,0.95160030864391165,6.4679438137048999,8.1091883308828479,-3.241051524320556,,0.7457486247167656,0.3125,False,1
-0.83170595708171202,0.5552079010348665,-0.0030639163257532159,-0.55505882949741381,-0.83158877036721601,-0.019230517312397943,-0.013224853562672348,-0.014293481997033841,0.99981038183279847,-10.131343170301818,-1.4464635873319664,-2.8303323409608829,,0.2675958200302279,0.2571428571428571,False,1
-0.98796213187310278,-0.067510726103343896,-0.13918738393171551,0.059733260635092891,-0.9964501191579973,0.059321982467841539,-0.14269815541434153,0.050293755984357508,0.98848761982653699,7.8152537152526218,-13.275256720669267,1.6915387718591697,,0.2534921791933809,0.2666666666666667,False,1
0.40315474184409444,0.91047132260621566,-0.092240039247116462,-0.89043287132033688,0.41353542993826875,0.19004670441233978,0.21117659861083465,0.0055153329418327207,0.97743236354322693,2.5732824262925384,1.7031332859812767,-2.1029528483409092,,0.4866758146909991,0.9987244897959183,False,1
0.97844826907846449,0.20102848415716829,-0.047186155753866352,-0.13646069453699816,0.80100349760732947,0.58289954165988611,0.15497568707328624,-0.56389799199704216,0.81117297232949437,16.463696811388019,-4.2826091354249591,0.42257098860563524,,0.3529836473119788,0.2631578947368421,False,1
-0.4401834189036653,-0.87789755650637014,-0.18850580363061814,0.87229629080909699,-0.46788204431869462,0.14207594323055095,-0.21292660416907036,-0.1018934388677892,0.97174070016271552,-18.475519381273955,-8.6685411811438566,-2.380771897690658,,0.1254168117938233,0.2727272727272727,False,1
