axis_00,axis_01,axis_02,axis_10,axis_11,axis_12,axis_20,axis_21,axis_22,location_x,location_y,location_z,dbh,dbh_approximation,score,reconstructed,number_clusters
-0.45483586944138199,-0.88463993987480249,-0.10264749703626035,0.88918901171079068,-0.44467274651247518,-0.10774530134460597,0.049671252473539609,-0.14027945425955612,0.98886522913405739,6.5621162469105121,-5.1060562807719228,-2.9530944442776086,,0.6307836895939213,0.3296703296703297,False,3
-0.94910640973950555,-0.30049289159184445,0.094345350145927848,0.30477488977174577,-0.95179938087190563,0.034499349797892598,0.079431036478230035,0.061497647716227073,0.99494158108371622,-1.1865678826518871,-4.9675644533909615,-1.9935922946947449,0.3695565075122426,0.3951476410418899,0.5540540540540541,True,2
0.97425238588091478,0.15564586544316664,0.16311545964682045,-0.20935671959988933,0.89304906680042251,0.39828774553740498,-0.083678268168737774,-0.42218210390463373,0.90264069184750295,-2.4698174842737779,15.703502203258511,-2.0704764792900945,,0.4709796720775761,0.3448275862068966,False,1
-0.23322306626347949,0.9260131302584943,0.29682770078199538,-0.96218393031960225,-0.26393365974109995,0.067387739911590375,0.14074475335650524,-0.26988646843540431,0.95255037061463688,9.4269874191261493,13.105566332357361,-3.3745615545961272,,0.2776200276237761,0.5,False,3
0.88280748442606705,-0.46146418195212779,-0.087759638881284574,0.46016824408556345,0.81208701063878197,0.35883126157983597,-0.094319311789947638,-0.35716312229431091,0.92926765331439909,8.4878935987423212,-4.3819363362214778,-3.1645666435945485,,0.3114964861888443,0.1666666666666667,False,2
-0.99283890677227316,-0.090580838860256641,0.077884637962889094,0.088039138290535904,-0.99548502047606102,-0.035477938734327939,0.080746611868845464,-0.028366981495200727,0.99633091843651711,-3.6119112991705902,-9.4286723290989265,-1.7529786095231727,0.3461351410239639,0.2890018853424581,0.8113207547169812,True,5
-0.40625852502546184,-0.87256191635599956,-0.27127423941333234,0.91330659032623607,-0.39708329819232135,-0.090531355691677626,-0.028724256488222577,-0.28453568567378995,0.95823502371148217,7.8127227605008862,-0.67715506088013766,-3.078868920518699,,0.4789752667699309,0.5185185185185185,False,3
0.14549846596278762,0.89166649195668901,0.42867360954942002,-0.9868858376920312,0.10018981538186694,0.12656359767581821,0.069903789349179582,-0.44146672356520889,0.89455049729974778,2.3112410848137879,15.68139354262482,-2.6328490270259413,,0.314422420149899,0.5454545454545454,False,2
-0.9296143647721502,-0.36817293384551192,-0.016304097425478808,0.36165993270763402,-0.90287742973276541,-0.23241006852773083,0.070846495207462362,-0.22194827699881581,0.97248122678747673,4.7108831940893934,2.0628695781176698,-2.6826946677738439,,0.1609930889929229,0.2105263157894737,False,1
-0.93248895603630322,0.31499972699943057,0.17674704767155525,-0.34346093898943014,-0.92474421761188053,-0.16395949311305857,0.11179861474466359,-0.21359612352211921,0.97050387209814837,-22.735533010032263,9.6294630012929439,0.49571753097308913,,0.2693250186622732,0.3333333333333333,False,3
-0.31999762547856775,-0.9467905901334277,0.034483302087708334,0.94660072553682317,-0.31799782760292644,0.053145536529211473,-0.039352078740983107,0.049648364269262363,0.9979912092920199,21.033650916224104,2.1653621835826478,-4.3423984381336709,,0.2422501183937536,0.6538461538461539,False,3
0.050091596944538894,0.97035593026849676,0.23643223238024069,-0.99642346317771535,0.032424438499632023,0.078031646252719133,0.068052288311795758,-0.23949535356816809,0.96850960845764678,19.847823649897848,10.218054432057986,-4.3230068644180486,0.3044662730750556,0.1828173095616458,0.1612903225806452,True,5
-0.24711368734555175,0.93906370122126726,0.23894390675449351,-0.96548722340027693,-0.25955563832147704,0.021570629716244273,0.0822754336196998,-0.22536689123326376,0.9707937563450566,4.386582117089219,12.095077758286365,-2.7729014561716663,,0.1998056456704655,0.55,False,5
-0.85587965127624432,-0.51417405884098955,0.055633261150491206,0.51381358712166825,-0.85762740397884152,-0.021698701197953918,0.058869518601902496,0.010013648660558219,0.99821546102035741,0.092137063834731886,-9.7643185870801705,-2.1785859437737773,,0.1707745828080832,0.2105263157894737,False,5
-0.91948581010603703,-0.38675073715879243,0.070496186569032948,0.38601028798620157,-0.92217189057983462,-0.024393888440010732,0.074443955983377386,0.0047824190055418339,0.99721373129635593,9.2878940741175828,-8.6066111380460786,-3.2797202896655571,0.5282024970714597,0.4615961394145035,0.918918918918919,True,5
-0.99533071454101296,-0.0085091163335596718,0.096147613753534616,0.0066692067318555341,-0.99978875283545765,-0.019441486190323761,0.096292732710442433,-0.018709480028657292,0.99517720280571786,4.3628762305422431,-17.754357557169673,-2.7257235369898298,0.4178768842763328,0.4747394652566646,0.8194444444444444,True,5
-0.11881711302966343,0.95924887243289547,0.25636710863040763,-0.99067439089281173,-0.13186952574804683,0.034273596370108884,0.066683917704736972,-0.24990403941354014,0.96597164875804908,16.317059065544694,1.1900588934698144,-3.9452483430025795,,0.3498213533518264,0.4444444444444444,False,1
0.71644432090208188,0.67479532785298979,0.17708416234923657,-0.69664939773298518,0.70554248780907791,0.12995928029365988,-0.037244485302168229,-0.21647416336356029,0.97557766728775797,11.989246019455969,15.017530044106833,-3.6578941943628083,,0.1751319088856332,0.6086956521739131,False,4
0.85287938292947618,0.4860232156115567,0.19073067938965002,-0.52130527961165896,0.81296240050702206,0.2594859164017756,-0.028940691471442556,-0.32073909840937936,0.94672533880143528,2.926730117169011,-5.6266278846395297,-2.5393595707572651,,0.339287091023814,0.3095238095238095,False,5
0.029882257254985875,0.97928299695077281,0.20027946121472262,-0.99950651334411678,0.027333640206423676,0.015479079292801068,0.0096840324263132507,-0.20064317580266347,0.97961652472780769,-0.18143717935603632,17.961993098376539,-2.4337747844442839,0.4208114272535359,0.2173043809505332,0.4411764705882353,True,5
0.15298056087963827,0.96140160846768252,0.22870044868496231,-0.98789739338525262,0.1427810731199835,0.060599548689149102,0.025606408095902939,-0.23520313006943117,0.9716088716505048,-13.813501089918773,-3.6090974705653061,-0.48267720765558303,,0.2582317599380468,0.2666666666666667,False,3
-0.99223151503445284,0.083891511034835262,0.091863131607448023,-0.087583056399586218,-0.99547307919112682,-0.036912827546045468,0.088350601605999973,-0.044671724636835879,0.99508723648423358,-6.6910196246550671,-9.9578518949502204,-1.32853039951188,0.3841668958294805,0.3202956992743425,0.896551724137931,True,5
0.090859625294304955,0.97247000542574824,0.21458475490729645,-0.99465322812067336,0.077996512699017001,0.067686777112789531,0.049086497944983411,-0.21958741437987311,0.97435716406534423,17.544891195666917,10.244334897413552,-4.0926961939844748,,0.1234445994261894,0.1290322580645161,False,4
-0.11813952850368943,0.9649464584573213,0.23435311842516537,-0.99238034005604836,-0.10641486084741841,-0.062105861728719194,-0.034990176838195136,-0.2399045845779072,0.97016569606605552,4.399552370069677,14.072493600497518,-2.8233724127089328,,0.2034935771513037,0.2916666666666667,False,2
0.11197452193578028,0.97856632201625426,0.17282841159031881,-0.99283311435328392,0.10286113007443977,0.060844021591007005,0.041762584699838699,-0.17840275035825082,0.98307087495449641,12.786180365878582,12.982344898762657,-3.686029181430686,0.2003154581793582,0.1897385171517075,0.5555555555555556,True,4
-0.99723946131055496,-0.034573934623747117,0.065712250377436443,0.030855763399045066,-0.99790984145415929,-0.056779135199445517,0.0675379794641221,-0.054594792549909232,0.99622187787477157,12.725426107200631,10.046950697345551,-3.6121284057261276,0.2005020560380658,0.1619593987441239,0.4102564102564102,True,5
0.77129784445256877,-0.63645935416490773,0.0043732869571735805,0.6268930514790696,0.76085673105937646,0.16763691958784166,-0.11002153039329197,-0.12655641152319469,0.98583910327816171,-25.481899702873864,8.2835339036816151,0.8180820700525937,,0.1767087368551391,0.2272727272727273,False,2
-0.82234297144850887,0.55575223654466921,0.12203068829124308,-0.55759062947731475,-0.8298319315665138,0.021717625829728568,0.11333458090242537,-0.050183831342238382,0.99228869581563039,6.7623965032992341,0.36107718936424582,-2.9440139869725073,0.5886182749068591,0.5243618904880878,0.8780487804878049,True,3
0.077649041417515399,-0.99668891579063923,-0.024121183781535147,0.99509269974666548,0.07599102346928116,0.063370997017454606,-0.061328176867049118,-0.028923511062330834,0.99769849415040879,15.240522771146379,-3.9004144074153895,-3.9020143136123449,,0.2738848081262959,0.2285714285714286,True,4
0.2244388772599625,0.9418655069114541,0.25003311233658165,-0.97439489656411582,0.22045450943440159,0.044208537861413287,-0.01348243019986353,-0.25355310323572744,0.96722750576864758,17.077647581224326,3.0310711733356785,-3.9871865471278221,0.2229497871097451,0.3829461100205138,0.735632183908046,True,5
-0.058070792415041247,0.98536566358010136,0.16025695649685867,-0.99202363937849147,-0.074946653736724836,0.10135135918141697,0.11187887192201353,-0.153093135479728,0.98185824327468152,6.0879649610522577,13.485828250826872,-2.9718561951166387,,0.173188966166978,0.3333333333333333,False,4
-0.84816114365620321,-0.52361730870336787,0.080296876763936695,0.52617797591966864,-0.85027057752759738,0.013292202525027075,0.061314044466839981,0.053524377783656117,0.99668236110306996,4.1573851667621762,-9.3415631611582146,-2.7139791479697237,0.442642386988637,0.3900448559439131,0.6608695652173913,True,5
0.0032933452063262114,0.9649705092251577,0.26233770259551309,-0.99913182624227515,-0.0077197679306036486,0.040938966436314637,0.041530081472687226,-0.26224477403532281,0.96410732329136173,-16.682393729234004,8.3907517645085079,-0.079584095786607897,,0.4999081656181001,0.15,False,2
0.47729021214483397,-0.87805255061911003,0.034896586394835921,0.87350819542053859,0.47840050202971818,0.090091021699533189,-0.095799195841569734,-0.012517108651225017,0.99532197607966022,-2.5305997494920249,9.4870704621899034,-1.8695512304025348,0.5933363564731069,0.6415474470728795,0.9726027397260274,True,5
0.98664819112132529,0.14780612703737178,0.06840099244331764,-0.16222273256898298,0.92916954352101522,0.332156204865726,-0.014461396712307076,-0.33881751460507792,0.94074096317847711,-15.47358558028388,-1.5364937214061467,-0.16460251501843123,,0.3229255875354118,0.1764705882352941,False,2
-0.98804554816397061,-0.13553776865722694,0.073454121877403578,0.13722907921140812,-0.99036719347008084,0.018466237217859609,0.070243679944529652,0.028325524983964602,0.99712761974695852,13.775097324081866,-1.5462261763712897,-3.6877721086711404,0.4525168826620777,0.3828680519110959,0.9090909090909091,True,5
0.70521969772721738,0.62399933244308148,0.33658581528062215,-0.70780695926001691,0.64704779387442224,0.28344040090525613,-0.040920488274471159,-0.43812553629391671,0.89798191968800067,0.28716399987052399,16.523660550656416,-2.3996114204037324,,0.1943098470699963,0.1176470588235294,False,2
-0.98472587889227414,0.1317384502525335,0.11384166269384281,-0.14275264329510903,-0.98521716969838058,-0.094703808602249237,0.099682627734712689,-0.10950848942695188,0.988974855328147,24.459257490173016,10.473624184090637,-4.7477817093465191,0.4141078935852318,0.2757379487923687,0.4090909090909091,True,5
-0.78450020309649349,0.59531130996295334,0.17367750450692498,-0.60446866249489273,-0.7966288923544681,0.0002095894299547138,0.13848128900034051,-0.10481818590438535,0.98480255914600345,-11.925590376921138,-13.233805043151563,-0.76640129974916049,0.478982127121848,0.4120781189279775,0.8421052631578947,True,5
-0.37937223626849415,0.91544001050744872,0.13433649359264135,-0.92094970870338422,-0.38758259948505053,0.040390130175134417,0.08904122858426497,-0.10839426063466072,0.99011228851765676,-5.7328396436240574,-1.8234499534756607,-1.4872116906871717,0.3558513424786341,0.3433799272549189,0.8536585365853658,True,5
-0.8960080813137552,-0.44267396292418709,0.03477471451269358,0.44110971433528112,-0.89634475582993378,-0.044590342174331769,0.050909116467392941,-0.024613842551961577,0.99839993019597995,-26.230657431263072,6.9954273836099032,0.92343834785787837,0.5955386676142782,0.4650104502396909,0.9,True,5
-0.98630947108989775,-0.13974171373517455,0.087555015166026567,0.14181343871633126,-0.98973199082393282,0.017875540247627785,0.084158040838745479,0.030047292424638678,0.99599928934720272,19.845204257056928,12.633655949243106,-4.3924346233346316,0.4326631171587323,0.2614632299338619,0.9111111111111111,True,4
-0.9272576501393075,0.35649701713311166,0.11446889111599186,-0.36388073048411679,-0.93004027774665488,-0.051145828288065111,0.088227344063371044,-0.089078384269813654,0.99210935748807672,1.1400156859195967,-11.396560606117495,-2.3136767708978025,0.2049355606185977,0.1663969123956802,0.5454545454545454,True,5
-0.33891168436599384,0.92895969375643361,0.14890519660562093,-0.93679178003048957,-0.34783489998904138,0.037842346873850824,0.086948439132121885,-0.12666795066459066,0.98812711692723065,10.645939567291649,9.8999385338090331,-3.4172666855647229,0.3847570370933531,0.2768564151116255,0.90625,True,5
-0.96109393580202007,-0.26527761992178273,0.076982016946928633,0.26538465566594849,-0.9641003863838119,-0.0090238302095588061,0.0766122124837091,0.011757097567816819,0.99699164467669044,15.020165427116773,11.263332827890265,-3.8729577574929626,0.3975369989332365,0.3878601632817693,0.6825396825396826,True,5
-0.90233933663245469,-0.42293060098253121,0.083147028318859145,0.42569011523133699,-0.90469016855097584,0.017989572577987736,0.067613958322474216,0.051627567052521195,0.99637490281530317,7.6373409832557986,-2.2086919594952596,-3.0420084584761331,0.3984035214937299,0.3808633663355981,0.8386075949367089,True,5
-0.6180638767745511,0.77232897362475128,0.14664583432935085,-0.77963445805112452,-0.62612611292436982,0.011670584113463249,0.10083231647513993,-0.10711697911142781,0.98912021349293011,22.214504428258067,10.402901986724244,-4.5363360730564528,,0.1297525910764607,0.375,False,3
-0.92681565315613179,0.32277050116410894,0.19191651477410865,-0.36339667539410575,-0.89971652677302916,-0.24177060980190682,0.094634039210432216,-0.29381860905964569,0.95116508745483885,-2.5555245066557255,11.433411517452827,-1.9485115753175799,,0.329363489406961,0.4333333333333333,False,4
0.25642720950777115,-0.94746912258966387,-0.19117360686880691,0.96472808725139503,0.23870092561214154,0.11100263861805637,-0.059538255704391627,-0.21289464495632202,0.97525948662732787,1.9969686483768665,8.2706069726746101,-2.3987822619065402,,0.4825133369176505,0.1240875912408759,False,5
-0.68524395481907308,0.7095264039804956,0.16435633373382025,-0.72039925286640316,-0.6934913774533783,-0.0097275828109720675,0.10707772342296262,-0.12506794734192583,0.98635306543561407,14.969353085303117,13.924753087913421,-3.9490201930741771,,0.07313070611881725,0.2,False,1
-0.83947177689697505,-0.53987759371676358,0.061800643977501332,0.53985682392283407,-0.84155412967460042,-0.018473128905986527,0.061981815537999516,0.017855829026524293,0.99791754364395768,-9.7199754421444116,-6.6520311490817639,-0.95077876253581151,0.4197637121074864,0.4241376961579801,0.9375,True,5
-0.71238849989739328,0.62005155029108838,0.32869240970177527,-0.69460191567777463,-0.68981909252153273,-0.204151410305034,0.10015390132544605,-0.37374549438673754,0.9221081831731599,6.8817315138008723,2.9546833982641716,-2.9293215741028349,,0.4288912490701653,0.1882352941176471,False,5
-0.51368148350757592,0.84580629546408548,0.14402445644672901,-0.85241784527922237,-0.52219381302033618,0.026409064595500964,0.097545633172291202,-0.10920316935236768,0.98922167245386128,8.5415854826322182,14.49095502633801,-3.2998901491313148,,0.1735092933594657,0.7948717948717948,False,3
-0.62225973628427644,0.76893454729987831,0.14673950581950773,-0.77627713965545364,-0.63029623254510136,0.010975503988354309,0.10092880187423893,-0.1070809096346419,0.98911427840469868,10.040414896272775,17.301433733293354,-3.5553992594380954,,0.1773796919200534,0.25,False,2
0.96008061920406595,-0.27892484572359527,-0.021121909639218922,0.2720567939433931,0.91354346164192179,0.30236310052739235,-0.065040798718810855,-0.29603931179720777,0.95295877160171849,-6.3251441349031774,-11.426930108201551,-1.3193571346448274,,0.5039424254341451,0.7735849056603774,False,4
-0.67223224755037903,0.71936811085334718,0.17496664379433016,-0.72815385551048484,-0.68514137301711164,0.019319981507300393,0.13377506516007159,-0.11441512167328691,0.98438478852220435,18.675172975351195,10.067215480527574,-4.2051381095945182,0.1552918285275691,0.2372513152019898,0.1509433962264151,True,4
-0.60503195454902248,0.7744696889084165,0.18475127857930967,-0.78571991616543813,-0.61829768472010405,0.018766630244540825,0.12876547408201494,-0.1338083481396394,0.98260611572113388,26.269611242721059,2.9490655134187946,-4.8179141631108511,,0.3451726166851266,0.8918918918918919,False,2
0.30719272354492078,0.94358775283887231,0.1235911942394739,-0.95127256784190106,0.30082678455590423,0.067703377797785874,0.026704536553328842,-0.13836689772572419,0.99002094389019313,14.695406475434989,15.672485294226526,-3.9771106496443491,,0.1883101328264651,0.7,False,3
-0.99173248057084296,0.084354852048725046,0.096700289123866828,-0.084812374829186368,-0.99639674447347437,-0.00062344085119291417,0.096299263011901157,-0.0088196677091068598,0.99531335036000845,-1.5274204284392641,-11.305809726832081,-1.9904935728965898,0.2291709794708965,0.3156327424785769,0.5813953488372093,True,6
-0.93234054056506854,-0.35380176786761641,0.074601779285650177,0.3542908167212897,-0.93510896310130132,-0.007017429342035619,0.072243571380414776,0.019888091445843723,0.99718871344036197,6.7489540351105939,9.5795026123479392,-2.9542414248471061,0.2932197310222344,0.2207584092679755,0.6153846153846154,True,3
-0.24164294163313735,-0.97000264697136751,-0.026524585339365109,0.96989317602208269,-0.24228766234069199,0.024574698030298506,-0.03026410191434253,-0.019787711995678206,0.99934605147030753,-13.905626834660403,-1.6383998208447079,-0.46698711255671155,,0.6464296220173436,0.35,False,1
-0.52319279106228378,-0.85109060261895031,0.043750308732286323,0.85220218716430385,-0.52276974735839854,0.021522626215536158,0.0045536329271061923,0.048544591671464576,0.99881063623021993,-14.83908553671856,10.74533423622848,-0.3999803647072197,,0.4310220191977814,0.5714285714285714,False,2
0.29255138139743236,0.94469394719520727,0.14821280435641157,-0.95586252899793289,0.28448825271172645,0.073438816212570687,0.027212403424336312,-0.16315569313317524,0.98622497681720833,6.9866059147744819,14.887174272912299,-3.1187520948126677,,0.1276163203364856,0.3461538461538461,False,4
0.9874262867893947,0.13738439954991949,0.078197537797657757,-0.15558867696904574,0.93210644678350896,0.32706228071063731,-0.027955174052935822,-0.33511654483914977,0.94176186460205547,-1.4988899010899575,13.913537453166237,-2.1069787163551514,,0.4850958503138991,0.1666666666666667,False,2
-0.79829584889208227,0.54329741536029796,0.25990701434261082,-0.58940527132754983,-0.79346152439851314,-0.15172420845232737,0.12379484550241765,-0.27431137009246992,0.95363940169490957,-34.623823284794859,6.1350244358855575,1.7774785397819322,,0.437499639343984,0.5294117647058824,False,2
-0.7239547386373012,0.6713818439002448,0.15854323096778833,-0.68024147134772328,-0.7329847395122423,-0.002216371100673303,0.11472173753601628,-0.10945223306666144,0.98734954884956516,3.3729856180699467,18.30944343384559,-2.8422643249807682,0.3088380181103432,0.1287190823264185,0.1739130434782609,True,3
-0.97967901713724803,-0.18254116421477581,0.083112855492458865,0.18130877017326391,-0.98317548080710604,-0.02220594060099642,0.085768019909839815,-0.0066856044476663705,0.99629270270032355,0.93031862424941802,-7.0556766595443063,-2.2518295402327513,0.4086875437367564,0.3747796229388735,0.8038277511961722,True,1
-0.74156229904561011,-0.6421630386888072,-0.19419574757482927,0.66995391291415496,-0.69359454337047888,-0.26474207066069033,0.035314461700583333,-0.32642493953228324,0.94456320468571242,-9.38197485515302,-2.9053219316260619,-0.95649446449138964,,0.5999356838749075,0.3714285714285714,False,1
-0.86506100365058347,-0.49984703400748137,-0.042689607130643029,0.49842597200090505,-0.84669855354129619,-0.18620716921222349,0.056929872632897428,-0.18235816961408771,0.98158264429287934,1.3867377670962204,-0.12785824368918872,-2.2170677305209665,,0.6862268312505244,0.21875,False,1
-0.0040059486011664426,-0.99696395997695908,-0.077761268526602645,0.99865505420121314,-0.008008158071864559,0.051224526573401596,-0.051691731390793118,-0.077451481014617296,0.99565517775707135,1.8927852059665633,-10.122246667909634,-2.4119543778726769,,0.6003317969864282,0.4,False,2
0.35567722942604285,-0.92369689950558898,-0.14239995193670915,0.93059677478322433,0.33591296116810698,0.14543770241012169,-0.086506365262189799,-0.18424581504890908,0.97906594691373505,-7.4096244654505883,11.617102086307902,-1.3767886173516635,,0.5160273655590311,0.1470588235294118,False,2
-0.77496656973056532,-0.63184641710729261,0.014032853904970374,0.63068616371871744,-0.7745943150077782,-0.047313951974006146,0.040764919892087047,-0.027816404266341299,0.99878149209918976,-9.530350864958244,8.6733565497163099,-0.99616882412905261,,0.4791017932235367,0.1333333333333333,False,1
0.70127537882496105,-0.70980765129573631,0.066226438949541777,0.69594923716763069,0.70178172532714145,0.15217446987800939,-0.15449110763956567,-0.060625969343926361,0.98613233873624129,-1.815283668095945,0.69975509289862992,-1.8811084789579111,,0.3202242254477621,0.6410256410256411,False,2
-0.60445112221476971,-0.79279432513402703,0.078204852078298331,0.79654289200812878,-0.60300675072821008,0.043615132322771533,0.012580224347452068,0.088656734721560576,0.99598279169063908,18.329612149660704,13.03641833856954,-4.2603385113538472,,0.1677127621290843,0.2727272727272727,False,4
0.97294108049079819,0.17636141610787004,0.14927258556688952,-0.2155515440249034,0.92546696138993134,0.31152597844187402,-0.083205683471009095,-0.33527235836572267,0.93843980092172585,-18.711647023145343,8.1706612198199622,0.22419412011627909,,0.4653114829779947,0.1111111111111111,False,1
0.57386231229019813,0.80453869852051485,0.15296904626708621,-0.81887874330497579,0.56121751655248131,0.12030171602237096,0.010938477783007099,-0.19429972130082895,0.98088122013127022,11.445942408129874,16.932285992942703,-3.6640279099721211,,0.2030844919504677,0.25,False,3
0.67800659220779047,-0.71927460114994635,-0.15149623448576316,0.72724906049788118,0.6264457293645006,0.28048984324914317,-0.106845051021229,-0.30034945696898674,0.94782611209583501,-1.3244221622470749,20.766482394223846,-2.4176259915379723,,0.2475948461652961,0.1111111111111111,False,2
0.83251845925775536,0.48886421953988851,0.26062384742910688,-0.53150630447206415,0.83749926159083654,0.12687015071030033,-0.15625000256494082,-0.24414496039947398,0.95706800960537641,-14.268125797994335,7.843500594069428,-0.3996939840028047,,0.259215500212258,0.5,False,2
-0.65808913901296262,-0.7500761826300657,-0.065607967231768885,0.75007397930251585,-0.64549504409993019,-0.14396240347992711,0.065633152342895601,-0.14395092321182407,0.98740590489423197,-9.6315019368943027,-4.6049515881702954,-0.9279782640889056,,0.5066196107975472,0.2380952380952381,False,4
-0.91632672679794924,0.32249059041647749,0.23737133114297601,-0.38473080870253784,-0.87340088978874486,-0.29858514790813007,0.11102943119212993,-0.36492561544657343,0.92439264417242728,-13.355296471353691,9.2651255847827336,-0.56254697278350985,,0.795272881972427,0.3333333333333333,False,1
-0.74820258749446611,-0.66164775587855507,-0.049144025145060666,0.66012975122607154,-0.73496672908386274,-0.15508906694533081,0.066495109690796791,-0.14847947427385577,0.98667737691028923,4.7236093577570015,0.47540272788461485,-2.6865169252249994,,0.2557230114118535,0.2642140468227425,False,2
-0.63217850777287665,-0.77474376640001374,0.01106484226635146,0.7741291726769296,-0.63215229852441712,-0.033279054686512016,0.032777405641544549,-0.012472685942359701,0.99938484768621161,1.3540333984093831,9.2647062465875027,-2.3599808289425446,,0.2666779541600189,0.1944444444444444,False,2
0.87055990537055583,0.47604869998949062,0.1245113906416779,-0.48863077140042044,0.86618694024281195,0.10469075314193207,-0.058012243551155064,-0.15197966900579479,0.98667966423102593,-36.171195590026699,7.6645218093764411,1.8751154464472302,,0.3879631671138943,0.9210526315789473,False,1
-0.37859731669890034,0.91369501845144119,0.14773450864782176,-0.92134507938287136,-0.38725905959139578,0.03396565119879856,0.088245773186953827,-0.1232551581939209,0.98844365013551927,-1.3325728349722734,-13.691396213146595,-2.0399984780058604,,0.5698056440343136,0.2272727272727273,False,1
-0.71084022316073059,-0.70030202658051621,-0.065446533170410645,0.70204742456785119,-0.70077400714489002,-0.12666966711783065,0.042843795285326593,-0.1359884645009154,0.9897835858046109,21.829308737167032,13.277313143051833,-4.5980442474421626,,0.2766660130827387,0.3846153846153846,False,2
-0.98093528155077336,-0.17404862422129538,0.086446803385543905,0.17412636428923217,-0.98470053167274629,-0.0066986702280526118,0.086290107592459156,0.008481705611780254,0.99623394742479865,-4.4404197207621277,-4.0458175194267261,-1.6059771151796809,,0.7329184610663703,0.4642857142857143,False,1
-0.95914190861073334,-0.2697168398584236,0.085437845498023343,0.2711094548755682,-0.96253595526312741,0.0049191770419576607,0.0809102133456025,0.027881196575529489,0.99633135866231015,10.312956972139878,15.597460715635622,-3.514471576708234,,0.1082599796978522,0.4137931034482759,False,3
-0.30815182789930934,0.94001128350779084,0.14635995982627667,-0.94854192680746519,-0.31537350623812099,0.028421200739139833,0.072874303088914807,-0.13007051334222058,0.98882303649753012,18.611480750815112,15.893953413294593,-4.385261389331192,,0.2688835612899316,0.7297297297297297,False,3
-0.91237736516367418,0.38022497056661247,0.1516460197123847,-0.39396925541761402,-0.91621434569868487,-0.073071872301319299,0.11115650823357608,-0.12641299179098725,0.98573017919903916,-1.3881784707533209,-10.371559760524422,-2.0050866792481177,,0.9302122863514168,0.6989247311827957,False,1
-0.76725172086671689,0.61437593972646298,0.18402989298559044,-0.63101131939135102,-0.77444807136489557,-0.045330999979933652,0.1146713199847666,-0.15090523332349975,0.98187478780572224,8.7055403708663714,15.986560988678795,-3.346778842026001,,0.14555636166475,0.1764705882352941,False,2
-0.70768920950265657,0.69362017566431478,0.13441366993319637,-0.69817615468502536,-0.71571397103717538,0.017423222762415699,0.10828684030267342,-0.081514192467338611,0.99077212145056903,26.968422172463395,10.791901558754043,-4.9808140481163496,,0.2877709002113652,0.7272727272727273,False,2
-0.91560627292566044,0.38257421924201723,0.12370173705547398,-0.38643529006249522,-0.92228242054148324,-0.0079311634996045953,0.11105367879316663,-0.055064539692103634,0.99228774904006578,-4.8910687469284282,-10.704480099010413,-1.5241736028153789,,0.1373299058500581,0.1578947368421053,False,1
-0.75021900352963655,-0.64371229477003078,-0.1510163180086827,0.66108269299342259,-0.73437428852512043,-0.15383132768648625,-0.011879384140720983,-0.21524145956372781,0.97648860429464968,7.8530357885507689,-4.8872304536328119,-3.1134962456799484,,0.3702303250737247,0.1904761904761905,False,3
-0.45792981585354126,0.78661272028962326,0.41417473610892896,-0.88401189278224213,-0.45215381395974369,-0.11865876259769027,0.093932194544252876,-0.42047277771600938,0.90242971251388004,-2.4506654071091067,-7.0862358391929368,-1.8684712511881132,1.090094387295645,0.55119203938968,0.3043478260869565,True,1
-0.80963438421496436,-0.5809856381029791,-0.083353777448476496,0.58510098257596288,-0.78770796316068492,-0.19280302114305187,0.046357352011289696,-0.2048703323844612,0.97769071941140051,4.4801751986906906,-5.562198988816637,-2.7554593976804687,,0.1692640919913136,0.375,False,2
-0.31178041612831309,-0.94540459672355337,-0.094884775453340522,0.9498926749572153,-0.31247931093755071,-0.0077837201015588144,-0.022290764488500807,-0.092557164660378569,0.99545783089418172,16.193563187505251,-3.7541506572171324,-3.9575871549099118,,0.2436462193684679,0.3,False,1
0.69490152238763436,0.7049107285009546,0.14217151271475215,-0.71855770295927801,0.68837812665955755,0.099047373789331011,-0.028048203172992899,-0.17098660643726132,0.98487404205707185,9.0600185049284097,9.715533477139628,-3.2474614645561242,0.3515996804553002,0.1075386027091108,0.2,True,1
-0.96859443932782785,-0.24790804491955543,-0.019141926950396834,0.23483722039429086,-0.88678969790585405,-0.39806470781209313,0.081708579847491761,-0.39005849939747184,0.91715760642710609,-9.2718921193414623,-2.0323978445023143,-0.97703888856897048,,0.4806653324210269,0.1818181818181818,False,1
-0.78496202708310581,-0.61645637367195083,0.061775038622485387,0.61831153515104553,-0.78578249347067408,0.015385657417468016,0.039057157304892481,0.05027337579910595,0.99797150567990811,13.338861379565916,-9.5910138964371701,-3.6647628587496683,0.4561063509394042,0.5364593700666578,0.5813953488372093,True,2
-0.99518762152071016,0.0036487545459101128,0.097919786367287764,-0.0068918001275815929,-0.99943811982627484,-0.032801642171117848,0.097745082039727413,-0.03331863185042707,0.99465359181408586,5.5613641158646852,9.4403829907980157,-2.8177631426523915,,0.3055909856533846,0.6756756756756757,False,1
0.43788101905695292,0.85044100779898457,0.29156526782779113,-0.89832663167317894,0.42674129935203042,0.1044084587285023,-0.035629706374948153,-0.30763932726683019,0.95083572100676106,-10.180837517926079,-12.634867994907767,-0.94371992698531315,,0.3016135387299773,0.4444444444444444,False,2
0.52092425359548455,-0.85171466409186902,0.056745510719899403,0.84794818386890758,0.52396787738738271,0.080259210932964689,-0.098090771683217171,0.0063082832082351631,0.99515747802724963,-11.272467502396532,6.7791893752739663,-0.73252387973073452,,0.4883089536406435,0.1363636363636364,False,1
-0.59469158853921211,-0.8008404449912857,-0.070685898076408821,0.80384049545693959,-0.59082804370860831,-0.069012177410955999,0.013504531989336807,-0.097861148744630533,0.99510844795033815,-11.925072271092562,7.1546808555364123,-0.66990747862369293,,0.4478205426337211,0.2,False,1
-0.069004705694024351,0.94377768911273607,0.32329866087737569,-0.99679846055913313,-0.078347004653726585,0.015955434457601579,0.040387864749488252,-0.32116260740443037,0.94616245961577028,-12.552803511714712,-11.928337949176116,-0.63875233151753641,,0.2323276024990782,0.3333333333333333,False,2
-0.7828244712790613,-0.62222567149356012,-0.0045892157331015176,0.62083226146348514,-0.78053264855914561,-0.073048529481290009,0.041870637597145786,-0.060033309650829134,0.99731782869834185,21.480783592547596,11.88789339822671,-4.5274776252324926,,0.1703862034499903,0.1818181818181818,False,2
-0.89607345191265231,0.33455590583273903,0.29176140020534019,-0.42966269644221328,-0.81882667806690845,-0.38067418952684384,0.11154521981399143,-0.46647102499335202,0.87747504054434577,-7.98837072393595,-0.80496511834115714,-1.2274799297642651,,0.5296921462596688,0.1739130434782609,False,1
-0.99488928133457999,-0.040284793570858984,0.092587543938249667,0.032751509304976667,-0.99613585578646013,-0.081490462354951929,0.095512598770057883,-0.078041605721122231,0.99236427346648259,-7.7555050824507674,-12.750574871094541,-1.2211242941314608,,0.2099547067782813,0.4210526315789473,False,1
-0.59626721763301627,0.79239626275748543,0.12873837013163972,-0.79620444781531585,-0.60421763204567291,0.03129745044292636,0.10258597591917118,-0.083840419208695061,0.99118459514442681,19.226847755158197,17.067840902919489,-4.4891160282748297,,0.1836143362479459,0.4761904761904762,False,1
-0.13826496474011404,0.9432628800542382,0.3018906070701769,-0.98802775244408914,-0.15243413031063277,0.02376965116959201,0.06843946175780527,-0.29498978800667996,0.95304620299651643,22.032441425586164,14.604901265550387,-4.6760055579120525,,0.2484359493089954,0.4285714285714285,False,1
-0.68985728365597865,0.69240312493021094,0.21136423721545655,-0.71595217878980844,-0.69578122214438287,-0.057454056405039158,0.10728189909261998,-0.19096178543924999,0.97571726982201834,12.159776784455605,-16.149957857889348,-3.593881853935684,,0.2988009682488664,0.4444444444444444,False,1
-0.29071985276530293,0.92047477533194366,0.26116691058732516,-0.9533371326020087,-0.30189475911993929,0.0028046422397773746,0.081426523997404854,-0.24816474849083842,0.96528958286939903,3.8241330730502754,-14.733149902701161,-2.6881382906996651,,0.160939676771177,0.3333333333333333,False,1
0.4786346531124363,-0.83902782676087362,-0.2587299262954782,0.87282296346000543,0.42268132765839345,0.24396837849572334,-0.095335949656109975,-0.34259714121671203,0.93463268481971273,-4.1695442530892164,9.1185563295463403,-1.6557095541243105,,0.4985750840382162,0.3614457831325301,False,1
0.12620715718305422,0.93318557419182213,0.3365062222248657,-0.99108297133232826,0.10400038071375804,0.083297447418730061,0.042735201074226209,-0.3440183206337597,0.93798992407033466,-4.0983840365193052,-6.8192521782114124,-1.6147271556436971,,0.4266527390506257,0.2888888888888889,False,1
-0.77272645973616427,-0.63107449588597986,0.068108729733206114,0.63345268512385156,-0.77353621293932229,0.019478782838633725,0.040392005805568815,0.058195428632741075,0.99748773323447681,-3.9916282604749824,-5.522530815767392,-1.6327086246847611,,0.3436445802804483,0.795045045045045,False,1
0.59300866146305808,-0.8051320791020391,-0.010151976685355918,0.79865777641520652,0.58654312124021979,0.13458426021381117,-0.10240353314856895,-0.087917587129133445,0.99085014723321363,5.7249006261844722,-16.068251513728246,-2.8758186647260788,,0.1873361597693634,0.1764705882352941,False,1
-0.43350803013910438,-0.87508703787311448,-0.21515915958046369,0.9011170536008335,-0.42298747284847427,-0.095234728555362455,-0.0076709526569796807,-0.23516860751324653,0.971924319340562,-10.874659842745967,-2.05591344414862,-0.79837314598985243,,0.4888276509550547,0.25,False,1
-0.47795696208676125,0.82271965682055581,0.30771660448188665,-0.87319920497899406,-0.48303082757874133,-0.064841098330065738,0.095290559956626275,-0.29968914876862618,0.94926609720008936,-10.844698026757925,7.4491704618974701,-0.76815696603043071,,0.8240554729835512,0.3555555555555556,False,1
-0.90522335248257857,0.33072548575409905,0.26681704441980064,-0.41008697232820251,-0.8444490108180096,-0.34457879106987188,0.11135240117254194,-0.42133896235833868,0.900041177697948,-2.2020024912884977,12.324101941434801,-1.982586492435134,,0.4274522488930995,0.2,False,1
