axis_00,axis_01,axis_02,axis_10,axis_11,axis_12,axis_20,axis_21,axis_22,location_x,location_y,location_z,dbh,dbh_approximation,score,reconstructed,number_clusters
-0.9083265865493938,0.39158063162045409,0.14699462951841005,-0.39871567371761979,-0.9168236037546198,-0.021454396526083663,0.12636701982492421,-0.078096661504319459,0.98890458981766738,7.0876038672829678,-14.792715914801358,-0.3012524535448905,,0.2898191956349759,0.3870967741935484,False,1
0.89167835621298741,0.43922575326829011,0.10950089829406805,-0.45197123256654531,0.85043059839948709,0.26923930292245213,0.025133921174037767,-0.28956611502693652,0.95682796313372054,6.5640831990073032,-17.328591389742098,0.19556228528235273,,0.1244993373168503,0.3,False,2
-0.84807185209709657,-0.52811416804019951,-0.043238399551885992,0.52633023328045714,-0.84901037154450054,0.046452928269473948,-0.061242299234600603,0.016637743990008561,0.99798425150870151,0.47733521479982088,-10.427620912704052,-0.37966245940980181,,0.2835188585600261,0.1428571428571428,False,3
0.096567921212569172,0.94493453790691206,0.31268731292352164,-0.97214874967176201,0.022142619057250006,0.23331633661814899,0.21354494867430357,-0.32650945390897157,0.92075519624043012,-3.8752142920135619,0.10342982701561654,-1.6090791017919843,,0.327359097814199,0.4477611940298508,False,2
-0.84623436317540768,0.52733244330718809,0.076209558565739077,-0.51242690695575599,-0.84467604359649695,0.15472894493897041,0.14596598099855454,0.091885121808927078,0.98501322670372782,5.9271061180763285,0.39488475827540298,-2.5886439095615734,0.6368599955395527,0.5201898389000261,0.9523121387283237,True,5
-0.96158146131834688,-0.27174850306114995,0.038908152524856666,0.27444132326403192,-0.94821482519338074,0.15990811539310312,-0.0065615039404510814,0.16444268414104329,0.98636481602829351,7.971956507561309,-5.9710257584624102,-1.8606400342863902,0.4002468123950373,0.4177964248251436,0.9560439560439561,True,5
-0.99848078789233663,-0.029179299408337078,0.046740610778402268,0.028353948798019349,-0.99943179056191778,-0.018224971927520733,0.047245844234797843,-0.016872003444707625,0.99874079004629812,-1.0066741622316384,-10.159799473269889,-0.28371763942734723,,0.1020560821451071,0.3333333333333333,False,3
-0.99195273361363179,0.11056798290496742,0.061680592026747423,-0.10337103898735421,-0.98857612219387825,0.10968901005474169,0.073104053069020056,0.10243032648801412,0.99205031406700384,1.5939942956859896,-10.772026071880211,-0.43651105021288511,0.5303757286947698,0.4525786891378119,0.8238341968911918,True,5
-0.50772563111282221,0.85645976504607313,0.093227433560679016,-0.84075169775134773,-0.51619371527461877,0.16334206757357861,0.18801932411141159,0.0045518313029266275,0.98215478138248502,3.8372130707440277,-8.4640584968215045,-0.99538714878769996,0.3136649670034865,0.2481105032286202,0.4683544303797468,True,5
-0.4282879637402513,0.89903095513533693,0.091174348496011609,-0.88205675747618784,-0.43784520227946289,0.1739754449094727,0.1963295614669929,-0.0059093611583135794,0.98052015927510539,11.693121034685259,-13.083623582548375,-1.1042551875920641,0.3275671140476786,0.2770630187166243,0.9090909090909091,True,5
-0.54278436360983262,-0.79227506291121441,-0.27872093446618051,0.82801426170274584,-0.56036331271013418,-0.019630083682487226,-0.14063256037463812,-0.24143981125232042,0.9601714953615933,5.787273822497558,10.770610232291935,-4.1895516153366774,,0.369895459422802,0.3333333333333333,False,2
0.79105205546944557,0.60843076478504032,0.063629002826203374,-0.60614140431611785,0.7654991990170823,0.21587861005178532,0.082639237116824832,-0.20933939134166069,0.97434479303861077,3.0016330205750328,9.3043251896924968,-3.6719428627072972,,0.09890663470537578,0.273972602739726,True,5
0.95747485091182583,0.26388067220643591,0.1166571931226556,-0.28843282081006794,0.86571109379911493,0.40908533333851904,0.0069582864934136443,-0.42533668182866557,0.90500844710978046,-3.3627954871242296,17.207514706739598,-4.5414886528174163,,0.2873028791065571,0.2,False,1
-0.88056497543025247,0.46672059171986591,0.082323831969703998,-0.45378671431766304,-0.88042769342861682,0.13756705475056236,0.13668555868963317,0.083779268966869852,0.98706539405303784,1.9113077691726501,-0.46577266461048183,-2.0594751271897414,0.4807950993753057,0.5320610363253231,0.9842078451349975,True,5
-0.16150736473819757,0.97847998213264886,0.12842233334204034,-0.96811414083688607,-0.18234130155596601,0.17177502745898338,0.19149512120934303,-0.096584544894965596,0.97672977032567809,4.0188217086423235,-13.023468806777252,-0.31733935289244608,0.3246113091984936,0.2247337151761825,0.4772727272727273,True,3
0.14171603012739709,0.94717085834153347,0.28772196981373033,-0.97326170429336356,0.080239881871338542,0.21522828883130282,0.18077118620208202,-0.31053007336783989,0.93321640136318662,2.8531235022869574,25.396452030716162,-6.522885485238251,,0.4236386963119291,0.2380952380952381,False,2
0.76502002594471175,0.58898730680239808,0.26045788974268208,-0.63586254001507081,0.62669991156442084,0.4504731413200237,0.10209402582490232,-0.51023638959878737,0.8539529475445703,-0.79463599616461766,8.3358901898088433,-3.2331605981100928,,0.5190282896428402,0.44,False,2
-0.83569898595692405,-0.54325147120481498,-0.080529770298785774,0.54678984082045401,-0.8367440378857498,-0.029669597877221482,-0.05126475247296209,-0.068827713142724484,0.99631052943218013,-12.095508647466085,2.3948966657835973,-1.252981188063613,,0.3202442010738916,0.782608695652174,False,5
0.94843694648245147,0.29259201925935285,0.12189039672090632,-0.31623426014348271,0.8473710773689167,0.42656552831909356,0.021523272486997147,-0.44311642657926581,0.8962056578916886,-3.3736586280788821,-7.0767623591846842,-0.65119906318700449,,0.3526729062220426,0.1666666666666667,False,3
0.47157049103852627,0.87275626744157664,0.1261656435925762,-0.86965882057291977,0.43659096516825752,0.2303950193323773,0.14599591700249842,-0.21836855720294321,0.96488360201824519,1.7713193254045834,-5.8745444897623962,-1.2336493350423352,,0.5609060682336277,0.5058139534883721,False,3
0.80419600182027862,0.57230867747112946,0.16041062417285845,-0.5913707048567145,0.74340143293677907,0.31246599646172246,0.059577513321320913,-0.34614604894291534,0.93628704610693947,9.5497203439685698,-17.135268442563458,-0.13095483227392132,,0.1738753484020124,0.3333333333333333,False,5
0.9949587725645529,-0.099384670900647842,0.013406270428732863,0.074769479692030308,0.82424363153915359,0.56127708021415856,-0.066832370924735304,-0.55744517493392831,0.82751937206295112,5.9917093492496889,-4.3237606901512784,-1.9192850312340839,,0.5108425809776733,0.2857142857142857,False,1
0.77679067401291801,0.62501578949511249,0.077146041041382368,-0.62374624821887725,0.74669232402354524,0.23106533941115595,0.086815128862614166,-0.22760895440671716,0.96987488743365746,5.1235679483465075,6.2108083282371727,-3.3897299732730124,0.3833956814242882,0.3447832035028521,0.7848101265822784,True,4
0.85581664980697647,0.48178210217074247,0.18831852787525416,-0.5139735489164845,0.75090193478388279,0.41470167030289989,0.058387095555068338,-0.45169933624675751,0.89025763501746047,6.3508763475857188,-1.3407818941307665,-2.3549141440367096,,0.09665003561237165,0.1666666666666667,False,4
0.95927216331665321,0.25992832800055854,0.11060823201110948,-0.28242644206244516,0.87463179033780847,0.3940235223364576,0.0056763993638297636,-0.4092144860990562,0.91242056249130454,3.8668864086611774,11.195324015988444,-4.0742357156852584,,0.3003811104998761,0.4285714285714285,False,1
0.97780635742138167,-0.20824049786968626,-0.023035243287535492,0.19706311482712613,0.87680351097853848,0.43861341966513079,-0.07113969469263641,-0.43341838699193941,0.89838056838755442,2.1243238621639962,-8.5688959147156485,-0.88439169148644459,,0.5163391010006857,0.3207547169811321,False,5
0.76741564105593352,-0.63080653604226533,-0.11470112444552674,0.61852858544629929,0.6812939511533358,0.39148555670378915,-0.16880646565967181,-0.37137806371436893,0.91300750870036973,1.4375964387620705,6.6531420417203364,-3.1231425985782781,,0.2751548690516425,0.391304347826087,False,4
-0.76572164766077178,-0.64225485562628359,-0.034337424599628338,0.63739619457680363,-0.76490177764971834,0.093012696376949436,-0.086002612999157874,0.049335291351757751,0.99507265040526305,12.470184303255827,-12.44092596152562,-1.2696456472603621,,0.3894381810828978,0.3,False,1
0.871970390583374,0.48167770610596899,0.087488430014314972,-0.48597931398220034,0.83009021587111587,0.27344897128428497,0.059090983468443638,-0.28095697349511634,0.95789949092647309,0.25435786740182864,22.648340030567944,-5.7887371628923692,,0.2210602329603562,0.5416666666666666,False,5
-0.99842641394895615,-0.038288673012702459,0.040971617590151305,0.03230450916650203,-0.98992210798259439,-0.13787907315763287,0.045837916799726382,-0.13633854057537378,0.98960127715016521,2.7205301749202264,-12.841107163873099,-0.20502313578207637,,0.2614791642974288,0.2307692307692308,False,1
-0.73902988783657997,0.66547424425445612,0.10478003205865481,-0.65396461353965696,-0.74602501643933672,0.12560636562139174,0.16175632637451667,0.024304425124826529,0.98653139118690658,1.9043121369528069,20.175424722882827,-5.4400098330334208,0.2109149046250303,0.1639469516851072,0.6304347826086957,True,4
-0.2972830734019411,-0.95333394729306542,-0.052698759068109689,0.93948793956626375,-0.3019146850792207,0.16189482494215493,-0.17025036175653843,-0.0013812574479243195,0.98539987134646523,-9.6909538628012335,-3.8531716326615406,-0.42453993279944202,,0.1770896301786608,0.25,False,1
-0.8787059107516616,-0.47631741168040653,0.031585530550725535,0.47490698866068426,-0.8655644299938493,0.15893888652769445,-0.048366047299045194,0.15466072823926783,0.98678304839978193,10.652898597574911,-8.8266650073628554,-1.6876190967542508,0.4948483587871951,0.4885354922277629,0.8953488372093024,True,5
-0.70283526432833565,0.70725269254468925,0.076264146915877393,-0.69005155424121389,-0.70389918622995729,0.16838880044138732,0.17277570345914944,0.065723393955972348,0.98276599034617829,6.3595933992213309,-9.8332889524159199,-1.0753298342327169,0.3940427685971675,0.358153219970078,0.8652849740932642,True,5
-0.42556573315667745,0.8980135807205013,0.11164862562684635,-0.88371897623955231,-0.43897143527950244,0.16231096710565007,0.19476801019915282,-0.029592023421824355,0.9804028428930962,-4.4437216967812621,6.344835824520767,-2.5289527222387882,0.4849174746081595,0.4365280372473656,0.8930817610062893,True,5
0.0031083564072934759,-0.92943972476184233,-0.36896088702608781,0.98104148986779383,-0.068661022911240863,0.18122709259589842,-0.19377289097917053,-0.36252925670546138,0.91160550939217222,-11.117051801733847,11.65297657120945,-3.0136743352638349,,0.5450142514901034,0.2380952380952381,False,3
-0.42770881362980301,0.89800420274322501,0.10321638725944601,-0.88250935221716365,-0.43955202611863764,0.16724610484027078,0.19555667718753247,-0.019556793973091749,0.98049738287099264,-1.9465893348990526,19.572003057811209,-5.029589322988655,0.2969274269869422,0.3597227546462261,0.9523809523809523,True,5
-0.99536556672086174,-0.064982360790654212,0.070884986933291733,0.072075544187726479,-0.9921093372188442,0.10258742093078797,0.063659284605647237,0.10722106038116212,0.99219511170648211,14.18761402876514,-2.8870117551248051,-2.7972183877563253,0.3275026023805835,0.375061506710869,0.6382978723404256,True,5
-0.20579901081400823,0.97367822850175401,0.097966700922619859,-0.957503562950483,-0.22102405046131229,0.18529785766383236,0.20207348684353976,-0.055669349370741257,0.97778690390878764,10.671130818162046,3.5845472178663829,-3.4867302969843998,0.1979813658196682,0.1911004969216439,0.5757575757575758,True,5
0.62166168185923587,-0.78308107215630207,0.017910548246266023,0.7561857658762412,0.60595918605788768,0.24697480097820507,-0.20425435318276006,-0.13999106851009507,0.96885636703450195,3.7682496485000843,13.194344475031846,-4.3812078289698846,0.4098818099352443,0.347769129063131,0.4230769230769231,True,5
-0.65601691434719811,0.74992497329579177,0.085172428154231872,-0.73326030966740985,-0.66000513059249577,0.16347032103118195,0.17880471570077727,0.044785734546724583,0.98286474737080454,5.2292918716054908,-15.359291681909509,-0.079297092083805032,,0.1433853969925434,0.5909090909090909,False,5
-0.15515262620585371,-0.98722313655112037,0.036306214889407683,0.97118076896623129,-0.14569434187046501,0.18862945882627413,-0.18092975590429469,0.064526253611233486,0.98137698466150736,2.750683392222844,7.668153012830639,-3.3910894809216328,0.4198315139537175,0.3643720849656617,0.9507829977628636,True,5
-0.82835988963076712,0.55315336809754423,0.088550802442705065,-0.5396514367951325,-0.8303638988251717,0.13882406957300239,0.1503203912177361,0.067209723182018399,0.98635015744609911,0.85760597042495346,19.838765723283682,-5.273524873387446,0.1273628574887807,0.1192609613777132,0.3157894736842105,True,4
-0.77930885453999499,-0.60116023959056741,-0.17687304930648023,0.62311253179596415,-0.77331970635348324,-0.11707862522333373,-0.066396400161338895,-0.20145222287374698,0.9772453734578852,7.3874641273140877,-13.201442938779076,-0.6256600947901797,,0.5357547821128847,0.5714285714285714,False,4
-0.242271044457706,0.95834001012167214,0.15129165878317857,-0.94490414867166594,-0.26844769076437902,0.18732855400698123,0.22013834477538524,-0.097571831607620424,0.97057655382575947,15.041013287363715,-5.4746746214476865,-2.5520218827246,0.3515897279800408,0.2943289968685624,0.3333333333333333,True,3
0.21945037167232156,0.97201942932797747,0.083784028202238459,-0.95900366115026758,0.19913130337623203,0.20164003053973834,0.17931400467688963,-0.12459916943782769,0.97586962997223181,-9.1491963776348548,-1.8158773343126784,-0.78255683770368412,0.3953455147765461,0.3727609839655817,0.9513888888888888,True,4
-0.99837897337028925,0.0072512710835077755,0.056452144332702923,-0.014382764650859234,-0.99180252094228594,-0.12696808864247744,0.055068699032071074,-0.12757420789563814,0.99029907596983813,8.9664093869500689,-2.1674948021642981,-2.4469225617073644,,0.1747729663901273,0.1428571428571428,False,1
-0.50821209247969146,-0.86068589438974796,0.030663663446073214,0.84868549643070568,-0.49443566591465155,0.18779323848238713,-0.14646978256821858,0.12146260111678633,0.98172981992214348,-5.584989354464823,1.1363286440319746,-1.612148863023573,0.360921362877325,0.3601632015221259,0.9360730593607306,True,2
-0.993972664811966,-0.10956439346469866,-0.0037396913390155551,0.10850228053169772,-0.97831526106219902,-0.17642705317558705,0.015671525963326272,-0.17576943322862867,0.98430661362020055,4.5403645554251764,-12.521559872767137,-0.4799356142201876,,0.5815512842899634,0.2558139534883721,False,4
0.91683730588106138,-0.37285115398091634,-0.142798359653941,0.37956900602824523,0.7030262596225888,0.60139957427969848,-0.12384152860606598,-0.6055873968769262,0.7860834437490346,1.3592251773532598,10.947817558056109,-3.8166707456602196,,0.3106624905584602,0.25,False,2
0.70118648243810977,0.65923377137165617,0.27156647718224436,-0.71069261766927416,0.6157810920781972,0.34019060808520063,0.057039635662112544,-0.43153734638161562,0.90028995253831867,-0.40267034621441894,-8.2782191506018847,-0.66740909700146744,,0.2928292864954617,0.1428571428571428,False,4
-0.68723561495182073,0.71930421731569971,0.10153153447891636,-0.71042030944866386,-0.69467413933307853,0.11283095348667983,0.15169111201602814,0.0054113855617092636,0.98841313398884256,2.9606111073475847,20.95174320630824,-5.6583392101117225,,0.1720182306448196,0.3611111111111111,False,2
0.39720086207684002,-0.91565572579359722,-0.061693330164746846,0.89611780205428615,0.3724653383550669,0.2413347396572679,-0.19800090910602106,-0.15114285806959882,0.96847894992495465,4.9356453695638152,-6.6511640602160966,-1.382313307332949,0.4801361046249182,0.7218720115829469,0.7254901960784313,True,1
-0.52429170965152316,-0.81567924071525433,-0.24451089844190946,0.84016164511957447,-0.54228386198526368,0.0075248322451978711,-0.13873216375683783,-0.20148347152194415,0.96961734588589765,-1.6987375705812251,8.6080730084215507,-3.1506088184634247,,0.3067680172463925,0.103448275862069,False,1
-0.058689743625507586,0.9713573365668553,0.23026167438572651,-0.9781981695805555,-0.10198709555480413,0.18090597936372141,0.19920806967194904,-0.21462422285949326,0.95616556512956263,-6.3543501347904217,5.5305098131757946,-2.261315349298461,,0.3699270343826114,0.4766839378238342,False,4
0.99859917299015655,-0.046976473506535249,0.024349592199133088,0.033694024225282962,0.91938774308182381,0.39190673712302404,-0.040797113070416141,-0.39053730783088925,0.91968266633514406,-6.5293758357381551,15.517231250609585,-4.0274983534475499,,0.2774444425274107,0.2,False,2
0.15758369163242775,0.98174100373953221,0.10654567897381519,-0.97027883873941445,0.1338657218044004,0.20159103060473643,0.18364736650981106,-0.13514647647009595,0.97365757567623756,-5.0923250899062262,-0.85652901276224735,-1.3552992438067255,,0.925151916051569,0.5,False,1
-0.90801413752272686,-0.41336622740826845,-0.068107915084182707,0.41744541928539025,-0.90645718383253171,-0.063833343920248975,-0.035350360344745632,-0.086392915893907088,0.99563377609784087,-4.092394363855461,-4.5885084130436713,-0.93669174307112024,,0.359371481960944,0.725,False,2
-0.98176047720614879,0.17042645073026638,0.084268560492261765,-0.17006829185024855,-0.98536559636148091,0.011463752192057752,0.084989066962124798,-0.0030767513169506809,0.99637713346816648,7.9310485854535635,-14.127207678501861,-0.47808332794292069,,0.695059211936665,0.3103448275862069,False,1
-0.21584502139173062,0.97046662597318845,0.10772861556995532,-0.95480262078635025,-0.23286733668360099,0.18472887929450499,0.2043596880011336,-0.06298675557688567,0.97686733313279406,-9.3309147807165722,-6.9185936071794982,-0.051067948743626863,0.3998066818214556,0.355236578601584,0.9672131147540983,True,3
-0.99392902711784492,0.092921396556422606,0.058912673632908585,-0.084414343833105351,-0.98746938512422078,0.13333578663516696,0.070564209113401027,0.12755323400210822,0.98931838398353988,0.47584395410720437,-13.269507331135181,0.068355483461071398,,0.1083312709259677,0.2083333333333333,False,4
-0.162051543555429,0.9747706759109307,0.1534973179422042,-0.96732571675928947,-0.18765995343320499,0.17048372231264317,0.19498783276766249,-0.12085475274723223,0.97333132786886878,1.7376075506846673,22.861030788618326,-5.9120864917569129,,0.2262259538945556,0.275,True,4
-0.84175073037926473,0.50153881589929084,0.19978619585024446,-0.53337981398226708,-0.82978923974884711,-0.16418219036568185,0.083436694219132565,-0.24476240263440829,0.96598637894869699,9.4410498465650754,-11.81960678149845,-1.0822285239342528,,0.1587662224426866,0.3636363636363636,False,2
0.2246254116790041,0.96545874153314748,0.1320334913015222,-0.95843562989527908,0.19443717776244154,0.20879494067389739,0.17591068124271927,-0.17344625190821472,0.96900558817981775,-5.2196279399093779,16.45152709728919,-4.2953226830061997,,0.2452249570847032,0.9615384615384616,True,3
-0.94790682192842168,0.30866384600617297,0.078735551755472116,-0.30119277575214676,-0.94892506217060002,0.093936884232133644,0.10370905831352478,0.065328834010732348,0.99245986048329538,13.007688922788324,-16.648606106546922,-0.62982456571228718,,0.2385069164776805,0.6333333333333333,False,4
0.61420069396558574,0.77727517172456639,0.1363848046988296,-0.78191956896376857,0.57607465623481491,0.23820112954277395,0.10657999438781472,-0.2529452467718748,0.96159212087652213,2.0466498174277841,-20.440725488729722,1.2424883349593636,,0.1951757089765669,0.1818181818181818,False,4
-0.87010584376374644,0.48752103538225877,0.072381356080070319,-0.47519324927640749,-0.86878505951904961,0.13929786860757032,0.13079448188019785,0.086808757716560145,0.98760166215605305,-6.563659377936145,-7.7575374672328907,-0.13373827584384726,,0.2212486036916518,0.2678571428571428,False,4
-0.69493739603059357,-0.70244582183113791,-0.15372665022758383,0.70916102450319507,-0.70488488380787784,0.015097745021417225,-0.11896493989321125,-0.098524961157720303,0.98799806432253345,3.5878543755283028,22.904212444400475,-6.04638165224502,,0.3600449911481527,0.125,False,3
-0.6529695787052614,-0.75327243150466561,-0.078812265673076851,0.75035774531727395,-0.65754124676654924,0.067843664723171271,-0.10292707771938191,-0.014837544801685858,0.99457823419598701,-6.3289295629407176,-2.809591966153453,-0.97351882014742519,0.416403886764782,0.635769026508632,0.2395833333333333,True,4
-0.8051278813033631,-0.58825031050886667,-0.075701168644744771,0.58454563010624094,-0.80862484112824484,0.066575315500707735,-0.10037679548409631,0.0093508553909666219,0.99490555352344956,-2.2515023304145343,-8.7640285822395949,-0.45867223162842835,,0.2826987372765362,0.2222222222222222,False,4
-0.99657937904309679,-0.074980303188792619,0.034749034515962222,0.076819247458298073,-0.99552622491801523,0.0550121688394936,0.030468746052563386,0.057493387743295106,0.99788083751507262,-5.5743380948925791,-5.2846495310495625,-0.71162589471996629,,0.226131816660866,0.3148148148148148,False,2
-0.55668694453568601,0.82378822642481919,0.10711024128146218,-0.81144170443935193,-0.56684538713141941,0.14229781229657201,0.17793820860085505,-0.0076983824068487111,0.98401154913356415,-2.4204139147280568,4.4332518537530969,-2.4037065102853976,,0.3479956112228182,0.9140969162995595,False,3
-0.49946964021563967,0.82969474536785126,0.2492723570952792,-0.84452602679729905,-0.53045716354118522,0.073423345809138119,0.19314727169915571,-0.17384426121335494,0.96564605538383264,2.734581763869766,-11.215172065993327,-0.50042704807439642,,0.4315325569015755,0.1818181818181818,False,1
0.98228813219275013,-0.18646500069186361,-0.018461551133682162,0.17987209323710079,0.91075409531796192,0.37171630033678205,-0.05249814689855202,-0.36845322821023624,0.92816278916668171,16.453116425446673,2.7534390372567383,-3.8821257133135996,,0.3858451900324762,0.5,False,2
-0.84010055337096623,-0.53848088845027309,-0.065340592280772686,0.53959450097589101,-0.84192473700920145,0.00071535205864406426,-0.055397064384108442,-0.034656456624890725,0.99786276374651406,8.3892816619248229,-3.1971452884742937,-2.2655475620842247,,0.138028087542081,0.32,False,3
-0.50094704444670801,0.85498432458682583,0.13436466563392818,-0.84349726228256849,-0.51707140818752917,0.14542877073253893,0.19381544619023386,-0.040484114733747835,0.98020233078293861,7.7075540452217099,10.713830386947317,-4.260149137362756,0.3377399102725218,0.2869520519635466,0.75,True,3
0.012278835941065486,-0.9990029946604384,-0.042921403138874784,0.98080303627081733,0.0036785584008197942,0.19496633619688961,-0.19461406483057492,-0.044491402175804419,0.97987033882169983,-3.5477270137922234,-12.974395393930997,0.39052559025037831,,0.2761550324022572,0.5,False,1
-0.062451469990779426,0.99253658599046302,0.1047422520589773,-0.97845772712862322,-0.081578863071651103,0.18964536725748182,0.19677471920518427,-0.090642233921789286,0.97624981193923321,-5.705064375158762,-12.746779301189003,0.52052626309955241,,0.1782225423864489,0.2307692307692308,False,1
-0.2109283121437783,0.96048930212718697,0.18157518452532864,-0.95676972337832011,-0.24091551888276808,0.1629460315197033,0.20025219989490822,-0.1393557076716882,0.96978298767124882,-8.5418991981283021,0.78908740407795563,-1.2926955141071714,,0.6787470437199516,0.5354330708661418,False,1
-0.32709192081480382,0.91417523492439179,0.23936272723340701,-0.92363446456895337,-0.36282130484875802,0.12353168260922512,0.19977550199687585,-0.18067744905985639,0.96303967114710221,-2.0977147089239958,-3.2248576968359943,-1.3057144108463115,,0.5429254179536358,0.3114186851211073,False,1
0.51309559273580374,-0.85833025616316549,-0.0014436308290531955,0.83648782996119397,0.49966011295671958,0.22500640401306868,-0.19240847965177726,-0.11665737385589686,0.97435621519192805,13.905696886027272,-12.061869771168698,-1.4935663645412025,,0.1454744468963205,0.25,False,2
-0.99765037122528011,0.019012840510343059,0.065819819885721303,-0.0085173690114617034,-0.98768790554595853,0.15620517169210443,0.067979344062613023,0.15527753583170201,0.98552914500122779,9.8670179283080728,7.4193546690037095,-3.9966237346226032,0.2120896770318449,0.2982620963760103,0.7608695652173914,True,3
0.97481718291706543,-0.21586925701229084,0.055963593224514226,0.14630603770370637,0.8084718459794068,0.57005948601009426,-0.16830330721967099,-0.5475159706671695,0.81969522302091602,8.4716445387412875,-8.1002637672856004,-1.6402917745449179,,0.6430089820308369,0.7272727272727273,False,2
0.20945797703608937,0.96919839886234271,0.12954466217725749,-0.95446789487325201,0.1738746725556799,0.242401806717436,0.2124109072344712,-0.17441921306532088,0.96148819264799246,-3.5733652995235432,-17.5566061919147,1.2139328161416729,,0.2576148163715218,0.5,False,3
0.29136175961247146,-0.95421255112958192,-0.067725418435763685,0.93754146886919043,0.27077023760998364,0.21840208921902166,-0.19006398708362582,-0.12712940529794067,0.9735059296801778,-6.0447412858767171,-20.645668335283229,2.0696150255458741,,0.3927645505938309,0.3125,False,2
-0.85831467449362786,0.47321500455625243,0.19840231604425296,-0.49313268480512834,-0.86759430465932319,-0.064033410807102814,0.14183114864437729,-0.15279948293607326,0.97802670888308829,8.529997806373018,5.0521676494793937,-3.530217576005664,,0.7024471624619244,0.2777777777777778,False,2
-0.53092093736656454,0.83629711674063156,0.1368579219377318,-0.82633165988132617,-0.54671760373587897,0.13518820082784605,0.18788013770374984,-0.041315787498295502,0.98132260728050846,-7.5379974982527083,18.786290706088451,-4.5595157495711671,,0.1335909903981922,0.4444444444444444,False,2
-0.99868803922864025,-0.0056504888220113509,0.050894717581748357,0.012068835397790153,-0.99186739504964272,0.12670206726638991,0.049764882334781504,0.12715007909359741,0.99063429875645692,-14.534254997041559,-1.0015156000308976,-0.4069729527427402,,0.2093848192098141,0.3888888888888889,False,2
-0.79175283976951683,-0.58884167183704417,-0.16245899859675755,0.6057907134529843,-0.79105731695142267,-0.085123045009802972,-0.078390383409133679,-0.16581256528312702,0.98303669360975454,11.002821565478021,-5.7979440331980197,-2.1595101814695949,,0.4665131279803446,0.2105263157894737,False,1
-0.90566061817349275,-0.42293243803920072,-0.030116399914743595,0.42245739843811092,-0.90613929759512712,0.0210076143032355,-0.03617445499949426,0.0063028729979141551,0.99932561390042551,12.112291964738226,-8.1810938033826766,-1.8938340553336004,,0.3345506425372562,0.1764705882352941,False,1
-0.59722493462776305,-0.75257833172855426,-0.27739544349453782,0.78530082623021169,-0.61901039812336289,-0.011346335853637729,-0.16317165740719808,-0.22461518565721006,0.9606888302625185,-8.5956727395240176,-4.4525417457324146,-0.49555696135996047,,0.4421278960764338,0.1590909090909091,False,2
0.91903533699242901,-0.39413287768105093,-0.00577270214607295,0.3747583896616653,0.86913090008222194,0.32275010131751058,-0.12218919239199807,-0.29878211668893756,0.94646661220006623,2.8015773704834142,-5.6129081636597116,-1.3704753674796681,,0.2475872503358547,0.36875,False,1
0.89243738057247324,0.44276005487561992,0.086712487932715104,-0.4487044092209691,0.85094026744605056,0.27306595244465331,0.047115548416681148,-0.28260253899316312,0.95807929215280185,11.859943141644065,9.2011739421700245,-4.4032873289500039,,0.1375114274294727,0.4090909090909091,False,2
-0.30245608888626391,0.94867097578156701,0.092432104840654908,-0.93272456101380441,-0.31454994683858539,0.17630435112454959,0.19632933447966897,-0.032889369916319952,0.97998626611258066,-3.9968818902173306,-6.6097508926575737,-0.65611132150343487,0.302762153411913,0.318606670642856,0.7083333333333334,True,2
-0.90355300257456328,-0.42625372293076069,0.043585952165338795,0.42765255729756591,-0.89083315259811202,0.15339356071544336,-0.026556765152124122,0.15723885626579878,0.98720346449193541,13.995168270532718,4.4868050688982404,-3.9734501184008884,0.5586031660337898,0.3208215608787578,0.8571428571428571,True,2
0.67655185370774518,-0.72091118547028255,-0.15021535177353257,0.73188301046566751,0.63572160108667852,0.24536769327583086,-0.081393170698319084,-0.27594403159992897,0.9577212763576114,-8.4155952700762899,14.40893727236304,-3.7324468726034907,,0.1717314382003686,0.375,False,2
0.13840825038335605,-0.96515329615051526,-0.22208617956913521,0.97649213379832434,0.095576957526468331,0.19320496323847208,-0.16524608575035557,-0.24360656830180027,0.95569324106870546,-4.1391693996995444,-10.608323233959764,0.052582960736832184,,0.331527917505207,0.1333333333333333,False,2
-0.5820203303649184,0.80175486672663066,0.13579936937289358,-0.79139082050621057,-0.59686953816280486,0.13208831754484643,0.18695695830971215,-0.030592288137442407,0.98189164760990699,11.074478073252092,1.7617247253854798,-3.2052424042257011,,0.1497697682350741,0.1111111111111111,False,1
-0.54116437148269314,0.82624664472029508,0.15638927433234595,-0.81910133729618317,-0.56001547267562246,0.12432083334463701,0.19030008480646335,-0.060820658105249024,0.979840152917964,7.6256037110930723,-1.4473911772315124,-2.4401945376695231,,0.1059143285913026,0.3125,False,1
-0.78560003010193458,0.61509381312072875,0.067023829825235068,-0.59786747268856588,-0.78253337047003435,0.17376998935890939,0.15933322881567116,0.096442341123650202,0.98250282291389024,1.8312626760668618,-23.790628832072777,1.9848307548218116,,0.1502819988302597,0.631578947368421,False,1
0.25133532232823097,-0.91870701925306963,-0.30464400293671257,0.94692290876647922,0.16821777784328956,0.27393390456585565,-0.20041846372875374,-0.35732365159978607,0.91222379239088081,5.7350222536079105,4.5832934571536654,-3.1972051065143479,,0.5062050966607644,0.2153846153846154,False,1
0.9006899209726974,-0.43211456942920889,-0.045107262665842841,0.41482189739159425,0.82446168749526438,0.3849489827196565,-0.1291528540243434,-0.36543114910947361,0.92183491773630277,3.9265321595503813,3.8377190676343464,-2.8961293396550416,,0.5022451832376978,0.3765690376569037,False,1
0.48922904855550919,0.82939175991296676,0.26974848773986204,-0.86009997292319396,0.40756345091161933,0.30678994451991504,0.14450942746752499,-0.38210121966500332,0.9127517095593547,13.190926243945171,-7.7755397025884605,-2.0510925341247566,,0.2274159477025084,0.2142857142857143,False,1
-0.95159856291751055,-0.30709660117435028,-0.012322848716572424,0.30714801195727487,-0.95165853691868252,-0.0024754515723005299,-0.010966941416058404,-0.0061405746437184772,0.99992100664953643,-1.0263587761438855,-0.11006601857334383,-1.8063499811345249,,0.08113249265975947,0.1605839416058394,False,1
0.35307841837455295,-0.93400228759120119,-0.054546835403410751,0.91412966404154361,0.33197476022307526,0.23272240092893048,-0.19925508223736293,-0.1320321375621647,0.97101232064961307,-2.4724084131225141,-12.243828950512707,0.16771470596543514,,0.105213913401502,0.25,False,1
-0.4800315271765192,-0.81146685405641894,-0.33330358186547865,0.86502266799639649,-0.50106226385627695,-0.025930514680952699,-0.14596409410870614,-0.30076261820080263,0.94246290681597866,-1.050685034388759,2.0950343204881188,-2.1171618694439815,,0.5528953444453844,0.1810344827586207,False,1
0.21757745469540141,0.9729485915776982,0.077660088560632667,-0.95960116852287414,0.19869125404787488,0.19921692431723376,0.17839744554731224,-0.11786782305556302,0.9768733427166173,9.4675644999274695,-3.3323326058399889,-2.3593827733091408,,0.8984391388346362,0.5606060606060606,False,1
0.85084099222634857,0.45046962765302329,0.27045650391408482,-0.52212796231092351,0.66733117553854726,0.53108520326533615,0.058753697077934118,-0.59308196458540807,0.80299550830822664,1.8584152720075453,10.382165630924906,-3.7551606764647669,,0.3157089203235455,0.5,False,1
0.0021470287282913153,0.96742128096997237,0.25316290287887333,-0.98101853863632238,-0.047051375417451705,0.18811909770988408,0.19390208126653716,-0.24876139812628489,0.94895719064811446,4.7885394148185254,-13.759155656681981,-0.32563008531182563,,0.2823343861320228,0.1428571428571428,False,1
