axis_00,axis_01,axis_02,axis_10,axis_11,axis_12,axis_20,axis_21,axis_22,location_x,location_y,location_z,dbh,dbh_approximation,score,reconstructed,number_clusters
-0.99254401953733518,-0.10562244170188129,0.0608298371656745,0.11087443528285845,-0.9896917820497767,0.09064786894265206,0.050628340693499078,0.09671647404692596,0.99402348803564655,12.031900388173465,5.0533824241977419,-4.4578310894488045,,0.6923982855158496,0.1590909090909091,False,3
0.90563253124522614,-0.42383672197963496,0.013861870433722868,0.37995285815461283,0.82551281297903112,0.41733011056906388,-0.18832297770188414,-0.37268086710884968,0.90864923230061145,-15.798556104064366,0.66986295380478933,-1.4840688515954625,,0.2356618184477071,0.4090909090909091,False,3
-0.9849270129399833,-0.15723028895211386,0.072093102424268973,0.16599330391803357,-0.97636881861494085,0.13838407816956277,0.048631288647297127,0.14826518901110627,0.98775119918530285,1.7375915632787797,13.857214901614913,-6.3064578695855964,,0.5921888882839321,0.1428571428571428,False,1
-0.97193744622237266,0.20131851760159003,0.12168999589707663,-0.17030365016737462,-0.95903687095277246,0.22637346773149847,0.16227836383942473,0.19929659962933041,0.9664091255807683,-13.956714232551059,-8.0188221590552793,0.92526486086096593,,0.2245020738104733,0.2666666666666667,False,5
0.21729194734211071,-0.96074801694658085,-0.17247451276488512,0.91893007632166501,0.1417585335408551,0.36806525644212051,-0.3291682312309786,-0.23846963349985981,0.91366323634406466,-5.8394924605123473,6.5735280329874559,-3.8276016237479311,,0.1501108565039622,0.4,False,5
-0.035312694878361604,-0.99813257624154572,0.049843493315003054,0.94976175077499969,-0.017998365026420653,0.31245587787907453,-0.31097528896237914,0.058373102554093635,0.94862371388921851,-11.49047373471381,6.5675160593321777,-3.4597944015853148,0.5256810461854954,0.5234303977381095,0.94,True,5
-0.11748349497758398,-0.99243169434095413,-0.035734583744536474,0.94768935468558824,-0.12279564921198888,0.29462877583532071,-0.29678698661407904,0.00074873369728273298,0.95494341401696936,14.53615935663731,-6.6949578769184521,-0.98828324559579095,,0.1669900053771171,0.5161290322580645,False,1
-0.8950713884280278,0.42435564040950724,0.13700182506142222,-0.38617637278161915,-0.89127697746682877,0.23768289493109648,0.22296864964105459,0.15983629090488757,0.96163264367793455,0.90762247099773929,-14.266599623252766,2.3590799773665734,,0.297360536308374,0.7142857142857143,False,3
-0.0020077183610329266,-0.97365435976643067,-0.2280200797622961,0.96056478000913037,-0.06527876381395406,0.2702850095749525,-0.27804904688380605,-0.21848540157809884,0.93538914726666711,-9.0429228255079845,-1.3321007533438323,-1.2835216091729522,,0.5663975746812434,0.1578947368421053,False,4
0.29381555720569796,-0.94689539173449755,-0.13061981264676803,0.89705959617305919,0.22596453331587119,0.37976849605670038,-0.33008559383549707,-0.22875564866317977,0.91581349299240733,-7.9876121270529357,-1.2880436490219953,-1.3801904696687548,,0.257203088996071,0.4615384615384616,False,2
-0.78128102751116613,-0.61793236419505171,0.088088304169218201,0.61356859621471094,-0.73440169265271216,0.29015122189633941,-0.1146016308357074,0.28073786190883432,0.95291800229644685,-6.3463647300839439,2.048120701076988,-2.4159145695255884,0.2504295330132378,0.2159921246766573,0.8354978354978355,True,5
0.062657361337894624,-0.99350679781736639,-0.094964718505636689,0.95820891703126898,0.033272774824193004,0.28412777720114052,-0.27912313840299047,-0.10879873687769025,0.95407185707465647,-11.314306277377804,-17.682206511827491,4.1011005443734874,0.3965251881146619,0.2896333567263701,0.4,True,4
0.13496989060167905,-0.98956065009580818,-0.050525720310873684,0.93777293937581319,0.11110836723695641,0.32899368520442013,-0.31994537472108942,-0.091785894950692115,0.94297948370188966,-6.2051309392596723,-0.64990791465306175,-1.5251339481518884,0.3104832105970923,0.1584524202731888,0.3333333333333333,True,2
-0.015978064443164398,0.92117833299092233,0.38881252588453652,-0.95563979413134092,-0.12844991773976938,0.26505320693259504,0.29410420828212691,-0.36732968497074908,0.8823670535610626,-6.3541917407073525,-9.9496487511636538,1.3386865709958429,,0.2169268781977093,0.1666666666666667,False,3
0.94792353305338495,0.27635885544823763,0.15832485117292938,-0.31714672979527186,0.86475998675978061,0.38936887019815852,-0.029307460888910071,-0.41930412389406058,0.90737264914790172,-0.35284722964491111,-5.8794726845403318,-0.23891472895323151,0.5970418897652782,0.281024107637353,0.375,True,4
-0.43749487199435089,-0.8986653677596822,0.031603698644310257,0.86643914457693627,-0.41188206219385826,0.28219917715634935,-0.24058563075011882,0.15084337450577176,0.95883514257888869,5.335331879357792,-6.260981663715655,-0.32061971727348448,0.4567712730135697,0.396382682612773,0.4065040650406504,True,5
0.33577501301672846,-0.90455679934104161,-0.26273967610451621,0.88406321071800176,0.20636540416446331,0.41933943222527481,-0.32509595520183571,-0.37308218495383577,0.86897773457176553,-5.2077154363360201,-9.0995768152174303,0.98816309139308767,,0.2292213404803133,0.25,False,4
0.9798245610842381,-0.16309730072327761,0.11551233697255248,0.10453747108973706,0.91083341378806737,0.3993174294534827,-0.1703400910949685,-0.37918565746076882,0.90950672924492493,-11.296152511738356,-11.113873933168069,1.9391482163232134,,0.3699232009160506,0.9135802469135802,False,4
-0.8349974617912842,-0.55002160508577358,-0.015983514662946938,0.54034332587021039,-0.82510070014995729,0.16503916141197741,-0.10396311360108074,0.12917069540309148,0.98615749373994466,-10.858753424768022,-4.9903552619383342,-0.10073834441617537,,0.6453639184071915,0.3333333333333333,False,5
0.61938660116626609,0.74211340701798234,0.25617948672729973,-0.76761579819810688,0.50400014739887689,0.39591645302840495,0.16470040878025699,-0.44187276737322506,0.88182891356631266,3.1603004298431103,-12.96589615940136,1.8941825673309305,,0.2631215599839526,0.2941176470588235,False,5
0.037010563990375465,-0.97702752024951767,-0.20987482657096257,0.94855419839017052,-0.031737351936690701,0.31502011556157328,-0.31444419356937525,-0.21073672002554267,0.92558893898067951,4.3735872030942797,9.7122365198407508,-5.199684009653093,,0.1820559955932145,0.4090909090909091,False,5
0.082584328302549526,-0.98077155202237798,-0.17682474787888619,0.92949958637578767,0.011805455694682734,0.36863416844220986,-0.35945840878473745,-0.1948019352045966,0.91260169756279075,2.3112806118799751,7.2717705067309417,-4.5036580286210377,,0.6145011292239733,0.4693877551020408,False,5
0.015208924286939466,-0.99963466766203635,-0.022343227838526908,0.95220716493166013,0.0076621882474629359,0.30535685013451219,-0.30507409538478458,-0.025919530849739969,0.95197582650279766,13.104092181825454,-9.34385004552108,-0.022951105475669479,,0.2811713197942293,0.1666666666666667,False,5
-0.70500000233625748,-0.70693910351228084,0.056675397053123799,0.69258359711579676,-0.66907202463565507,0.26957482608004846,-0.15265306322514532,0.22930270337524888,0.96131020618361362,-11.628322861135873,-6.4548993475921144,0.46986447565476364,0.3062435258154648,0.1963766269097373,0.8229166666666666,True,5
-0.84860443764818305,-0.52663510596772789,0.050259064517457423,0.52243255347194217,-0.81928008958729293,0.23631411696854343,-0.083275059150963004,0.22679417974938426,0.97037604285926515,-24.488532064280275,2.543973257210816,-1.2929350429430047,,0.2096075706229141,0.7777777777777778,False,2
-0.95891262023437174,-0.26243045465163595,0.1077814604956977,0.27223871629618768,-0.95807740112681894,0.089295995428029046,0.079828992882622879,0.11496934339820504,0.9901562411932423,-4.2916822637133869,-3.3368758837793884,-0.85713731699063966,,0.3816794472567038,0.927734375,False,2
-0.52218697155532112,-0.85186904204385905,0.040495702798683683,0.83304195072650389,-0.49932509494079957,0.2381502842579496,-0.18265233386864527,0.15809359496715386,0.970383707696444,14.765497460538855,-10.360871996132911,0.14970350027924803,,0.2666357680131409,0.7083333333333334,False,5
0.076152252820345878,-0.99683879482224036,0.022655055235627455,0.94197328700368921,0.079373678636405348,0.32616889139093241,-0.32693601967640606,-0.0034980390317801008,0.94504000061430238,-4.6632194136932226,-12.271794373813329,2.0659522141257489,0.6185338146361847,0.481504068848023,0.8923076923076924,True,5
0.98278703132383238,0.1250331951366894,0.13600129108063524,-0.17953583728826047,0.81994079619772087,0.543565979306884,-0.043549215732230723,-0.55862670079809029,0.82827512033414896,-11.678350103138246,0.62154686012946891,-1.7956170320809259,,0.1666114148646758,0.375,False,2
-0.668443121547449,0.67693173979644639,0.30813505628548465,-0.68399366150758822,-0.72220880132375787,0.10279648976470035,0.29212405630715488,-0.14204881888511867,0.94577252485996721,-11.930394986843,-2.5180885937157704,-0.70552011910039381,,0.3562033071202106,0.2857142857142857,False,4
0.14345398204336043,-0.98702634948547763,-0.072110612653585607,0.9401707910856365,0.11316594102488797,0.32136016147207913,-0.3090304817090257,-0.11389668657745863,0.94420744868983342,-1.9592199566858519,-6.1093608306425997,-0.064958424791549438,,0.1978710487308047,0.1506849315068493,False,4
-0.95863683066684957,-0.28306771631032679,0.029800920654791098,0.28454025644804909,-0.95571985669773651,0.075075948040202456,0.0072297544560846611,0.08045013049407114,0.99673241502119836,-14.571305819180594,2.9811250444205495,-2.2017987208507095,,0.5358128760725143,0.2,False,1
0.28728220971710861,-0.95649001032463588,0.050948916860253976,0.90107402497793088,0.2879124588558975,0.3243023551342516,-0.32486079093994458,-0.047257551615895357,0.94458043083961063,-4.7377816754133004,6.9329969299802023,-4.0019486760356742,0.4690953541129748,0.4059343272475232,0.9423728813559322,True,5
0.88913523478204293,0.4131408311633718,0.1968582939444487,-0.45428200537884439,0.74472466025962725,0.48888959897931727,0.055375029192373214,-0.52411814891951636,0.84984338093270018,-4.8110572207177054,-5.6125823153344587,-0.14069867562934807,0.8831123587024259,0.7297769972843662,0.2033898305084746,True,1
-0.80759491879098366,-0.56057356746092235,-0.18316037400900764,0.58031798103154308,-0.8106842064547275,-0.077602566299979803,-0.10498327502254104,-0.16896269667889369,0.98001536676551038,-7.4476532699743236,5.0596074358840211,-3.1998697796343429,,0.3922842658655816,0.3,False,1
0.27866498546453594,-0.96035069076532664,-0.0085074451281930835,0.90929110356843978,0.26097738127519737,0.32416121827576616,-0.30908819913956376,-0.098068125348145324,0.94596359757834292,-7.8170997175344246,12.027646379782226,-5.3817785276050163,0.2332739564074656,0.3245330557027792,0.4418604651162791,True,2
0.8503404632722148,-0.52620496515376158,0.0054250501862518827,0.46768325563822921,0.76041571272073316,0.45059995144589804,-0.24123322515279999,-0.38062616632983554,0.89270950067053179,0.48791079344674415,-7.4958031283182729,0.23826348881515347,,0.8605734543280694,0.5092250922509225,False,1
0.37886120890357622,-0.91957896261969929,-0.10410915375411495,0.87233076904978479,0.31728155297100463,0.37198312530720823,-0.30903594250043359,-0.23174759470506884,0.92238269638544468,-8.6568782019253181,5.4465527455706884,-3.3080745104375322,,0.3271718959059007,0.2926829268292683,False,5
0.1035541617538266,-0.99348427381244231,0.047597618331458716,0.94258495314291879,0.11330010904205245,0.31416029570845089,-0.31750612858970861,0.012332192766249583,0.94817602549819424,-3.6598728324915455,-8.5085062596515524,0.7358200031412071,0.6033092071403141,0.5528209919302925,0.9977876106194691,True,5
0.58231051534444067,-0.77489366796325909,-0.24587449454902649,0.75304630409540918,0.40017029207507304,0.52228823577484118,-0.30632617845613125,-0.48928881112385747,0.81655418173043826,2.5882310623914817,-5.0346442061669165,-0.60492694706515282,,0.649148414504759,0.1150442477876106,False,1
0.18594176206828972,0.95587354113711132,0.22744545384099946,-0.93848184628052334,0.10422088479178115,0.32922610980163469,0.29099396096970692,-0.27467031242421691,0.91644898065955815,5.418353717818122,-4.3171243300684061,-0.995027766487524,,0.3394895582044742,0.5375,False,5
0.81532816149768783,-0.57526535429001757,0.065648771674573489,0.5174662660338003,0.77484585403310524,0.36310131644589716,-0.25974728600283015,-0.26207570402707658,0.92943406047598442,-12.668202195467014,-3.4704695746026966,-0.40289760849973044,0.4580620505285191,0.4025606162187725,0.2222222222222222,True,3
-0.075215933055974418,0.95928594399132583,0.27223710451587757,-0.94569242309484847,-0.15520571625313598,0.28561692271877748,0.3162410541272469,-0.23596962368707686,0.9188633915775869,-20.813676030554568,3.4735078203224243,-1.867442885294474,,0.2363254267632336,0.3333333333333333,False,1
-0.11868073445458258,0.8910193197869527,0.43817742415112637,-0.94028977902076438,-0.24263499252882567,0.23871194329069165,0.31901412937110252,-0.38368324457413056,0.86661245842340873,13.466235444477682,5.957624563416303,-4.8941183011979206,,0.4670048004216967,0.2222222222222222,False,1
0.94969746780389164,0.27553782515972342,0.14884094380622431,-0.31228333137813669,0.86893279744955354,0.38397254388805935,-0.023533818012611986,-0.41113829841398203,0.91126914739115694,14.549614148162483,2.2573417767763253,-3.7870542564965777,,0.5487102694068652,0.9894736842105263,True,5
-0.46014009771280395,-0.88555726208405583,0.063713625285671871,0.85751900269470527,-0.4246807913741803,0.29035734097018961,-0.23007009908793061,0.18824069965868645,0.95479484105103885,3.3703879148349465,5.7420349218459812,-4.090727197036415,0.3794996234584865,0.3348158195706886,0.9127789046653144,True,5
-0.8993866628563908,-0.42981535043177249,0.079764623795623574,0.43452591567662485,-0.85899466612474873,0.27076815206855903,-0.04786292178122336,0.27818506089012796,0.95933425489561253,-1.2135470664437069,-9.1128234907169823,0.77513337190248732,,0.07873647846034842,0.3846153846153846,False,1
-0.86691201623474801,-0.49657853784504102,0.043281772832048399,0.49285378661364515,-0.84093472405899017,0.22343664626113002,-0.074556697408049155,0.21503149914259306,0.97375702988378654,14.329430090625692,-5.4310694276074027,-1.33124674857206,,0.1318027769836088,0.4705882352941176,False,3
-0.4472558502492896,0.87569735346812316,0.1819789810574563,-0.83553300779857664,-0.48167432966472057,0.26433772530818533,0.31913445018808079,-0.033822851313381065,0.9471057055219253,0.83554698953079753,9.8132389675304665,-5.1251164177585906,,0.1458808174565337,0.4333333333333333,False,1
-0.50955028492649301,-0.8601307222431317,0.023100817839133897,0.8323445482586439,-0.48592932023453972,0.26659941620436922,-0.21808498370002932,0.15507364827689238,0.96353054102848801,14.705720747876351,-8.8935528062167286,-0.30354150479927039,,0.1179154340183835,0.3,False,4
0.32726722576912332,0.93894425024454209,0.10620667526147538,-0.90790487448647816,0.28129580336239685,0.31077549757726458,0.26192537452693332,-0.19813219310202623,0.94453095885497962,5.8455631386702667,1.934552217580737,-3.023698652251074,0.5803937171725284,0.4725346170530386,0.9740680713128039,True,1
0.44330234756109649,0.83744610932735553,0.3196357968364843,-0.86290841181185762,0.30217517790995418,0.40506695086050104,0.24263573823976728,-0.45538354804226405,0.85659425791986266,-4.0720697110257085,-10.596488538953313,1.4576553004639623,,0.2577658234312473,0.1111111111111111,False,2
0.91358272422946019,-0.39325701644754874,0.10351582006751409,0.31594852162213694,0.84668369017885892,0.42813930030995268,-0.25601394039048669,-0.35843499801202749,0.89776456519838954,-6.8362947678499895,-4.6651587812456805,-0.37537292146521134,0.3468281569682,0.4372030648305664,0.712280701754386,True,2
0.26336180174504148,-0.9257731686542916,-0.2712648181784687,0.90872628740764627,0.1436854781248974,0.39188138250028576,-0.32381645411547755,-0.34971205809324313,0.87911568093639803,-12.275815985848739,1.8220007041341444,-2.0715883250631126,,0.1709363443358742,0.5,False,1
-0.59805998944853267,0.69930397201735506,0.39153314513789161,-0.74442160136123925,-0.66569149014979534,0.051877927569548898,0.29691872363929372,-0.26043961807469584,0.91870042826240006,-8.8908881501337174,2.4856286155084435,-2.5422709526251688,,0.2425705461371933,0.3,False,3
-0.93229281795044816,0.33549042048827366,0.1351897901419068,-0.30610947576659775,-0.93092019605930632,0.19920988282412286,0.19268391329820511,0.14433906723234485,0.97058700961149558,4.8504032599363818,10.73231024181444,-5.5495942351184917,,0.1459358734878673,0.36,False,2
0.89438269616737365,0.42145384210499798,0.14985410161658938,-0.44676687869079035,0.82529767304588775,0.34537386549930504,0.021884901216783798,-0.37584625824927242,0.92642357550893162,-1.397167367132089,9.773723822597093,-4.9717037563682558,0.4485283449760316,0.3821046101937513,0.4545454545454545,True,4
0.5638103384889448,0.74338336098309732,0.35985980718392802,-0.80048142694374191,0.38458081740570926,0.45970325211125718,0.20334056981107074,-0.54724653813160773,0.81189521440385293,3.0083462627129336,-7.2244926249739017,0.095863433663769995,,0.3255612313538709,0.25,False,3
-0.98944825387275115,0.056322179087662502,0.13349144186418921,-0.065387930750497134,-0.99577132380924938,-0.064528204618930496,0.12929258068555649,-0.072576048542143862,0.98894698834552086,13.504309560790482,-0.82204724057310741,-2.7497721778336652,,0.5780933942332568,0.2142857142857143,False,2
-0.98357889002782228,-0.18045952056569042,0.0026322098774044927,0.18002449015768887,-0.98203317356476516,-0.056586473311034724,0.012796485263608562,-0.055183398368688449,0.99839423200927047,-9.8276250434503307,-3.2951829574991187,-0.65600355792572895,,0.3709164318163789,0.2727272727272727,False,2
0.99510217757131703,0.0018685631019898182,0.098834025845128931,-0.035668628338584425,0.93925232004647408,0.34136904991483763,-0.092192218463738373,-0.3432223590607828,0.93471867804997055,-3.7876857688155381,8.7431545829417949,-4.5234546063474692,,0.1111563750115048,0.25,False,1
-0.14927048424986938,-0.97894728137514886,-0.13921401804421021,0.94455890636797579,-0.18281291072036632,0.27274147479780142,-0.29244964512329624,-0.090783588616839592,0.95196194519797139,4.0995116181813103,-4.0712806857846067,-1.0374791765992935,,0.3623482750003174,0.4943820224719101,False,1
-0.82422995457463499,0.51029769720207208,0.2454409138920346,-0.50736412658159991,-0.85800369649754538,0.080070592945463148,0.25144905058477585,-0.058531333718018545,0.96609909322657173,16.242175260719158,3.455640736749483,-4.3417392839414379,,0.6630387263443129,0.2272727272727273,False,1
-0.84520675414982893,0.45105223295722341,0.28666605289746538,-0.46512770634591472,-0.88499210000176554,0.02109975648800233,0.26321428443171235,-0.11550266697685832,0.95779819084832996,-8.7967187273646825,-11.231098037117338,1.9094833095419346,,0.5476973384402721,0.2352941176470588,False,3
-0.32610895828719355,-0.93473047044137014,-0.14118036320004046,0.90624510244801226,-0.35161954530889605,0.23469876362212996,-0.26902186084746477,-0.051406643395763132,0.96176119458051923,-6.852924164321001,8.4501981097777712,-4.3492421919698261,,0.6690554131449704,0.4615384615384616,False,2
0.52887368778247013,-0.84722423914334766,0.050037096032317867,0.78863767795320516,0.5123751131842289,0.33988579891196802,-0.31359725012178974,-0.14029551666901482,0.9391346723013837,16.014500930612662,-14.606125039340098,1.3893225816159178,,0.2278687776178064,0.6,False,2
-0.91116217428585522,-0.4111166995730493,-0.027686666156029272,0.41022559047784629,-0.91139477350936804,0.032780050898518154,-0.038709909167739212,0.01851016347767475,0.99907903430121803,14.451607480054545,-7.605377518614004,-0.69429730854880234,,0.2976895707164855,0.1333333333333333,False,1
-0.92478162200861558,0.30825088557644609,0.22307026502080143,-0.32263885131697972,-0.94603783680720333,-0.030275120974270042,0.20170057812503589,-0.099969009550378116,0.97433211684391396,-0.23088770565030348,-10.172541607560117,1.0935371638416185,,0.4001672524515947,0.2068965517241379,False,1
0.70728984531091743,-0.70544754780325647,-0.045659960779996289,0.64669082069593475,0.61958591198569624,0.44486433898040378,-0.28553818859773744,-0.34417590701155332,0.89443327749200929,-18.035890692986012,7.6140555381921029,-3.2155056039490932,,0.302786614224855,0.3636363636363636,True,2
0.99020607750138567,-0.13455205146567115,0.037251436558865397,0.063877163681924101,0.673876717121907,0.73607735876126101,-0.12414359443512367,-0.72648875804611102,0.67587162419600577,13.131640671529972,13.034928741950141,-7.0131879092087051,,0.5893008032581765,0.3170731707317073,False,1
-0.98329542488864696,0.13609538938235824,0.12086418982444462,-0.11586498256672924,-0.9801268756002014,0.16101743241338415,0.14037597090622964,0.14432377737244653,0.97952296250628113,17.91839320555728,-24.592767926493611,4.3925903477928303,,0.2665758141650631,0.2857142857142857,False,1
0.95142977319786703,0.24736930854160574,0.18327523527281003,-0.30786379150604887,0.76228456726697824,0.56933480869003295,0.0011280745436332423,-0.59810589672585934,0.8014162861769033,3.7336641747653818,-18.464602479744293,3.5519431611841652,,0.3992782908043321,0.1428571428571428,False,1
0.58730079968906357,-0.80761674858185484,0.053225539871927893,0.75268938932606422,0.56916659832800165,0.33092003043588453,-0.29755075849431439,-0.15428729940537295,0.94215655565391765,-13.172437330275459,10.112923240443052,-4.2646702251659212,0.3485214370434007,0.2842385161244992,0.88,True,3
0.39080571518921436,-0.9190231658169411,0.051646042125742822,0.8623220432443226,0.38516629269437813,0.32870597911660465,-0.32198072412860934,-0.083924654684282812,0.94301912261933507,13.005163193722664,6.7321908644763271,-5.1093872125905522,,0.0785058057475157,0.2222222222222222,False,1
0.39449658586779834,0.86101063527061306,0.32098774071535102,-0.87094128034551432,0.23897971400160739,0.42935996842489366,0.29297394069911153,-0.44894251552576819,0.84416638633898933,1.1421948288370849,4.3438858180427058,-3.5111499778340582,,0.5477122712556031,0.5,False,2
0.56058207752052647,-0.81551631549609671,-0.14380846123382657,0.78772161500768267,0.47158074115747989,0.39636632276096556,-0.25542590239139473,-0.33547689000739334,0.90675954070442999,-16.099753727269583,4.1592834649137309,-2.377528789934082,,0.3387983565806384,0.2162162162162162,False,2
-0.045594510441785814,0.94893264975214664,0.31216656908122586,-0.94806590819996717,-0.13957592346636372,0.28581391725646094,0.31478909499305285,-0.28292293619090286,0.9060145903077792,7.5865351865186188,-6.5975342949375584,-0.43765684079740541,,0.3473030691473079,0.2,False,2
-0.80400259946742991,-0.59449157457615476,-0.012632806797322163,0.58494388571037315,-0.79455121397093975,0.16287731256180188,-0.10686660198427095,0.12356429959850385,0.98656545309729216,-18.077493544719296,-1.1172269429273638,-0.71728461688992906,,0.2441274589479734,0.4615384615384616,False,1
0.21828032288255339,-0.95186437320906969,-0.21519274071769445,0.9201509472671151,0.12729331857871878,0.37029534872672598,-0.32507835191799389,-0.27883799249837082,0.90364453135829859,-8.8837355539712153,3.522557116973946,-2.8327061376172091,0.8053665121726928,0.5623395957557908,0.275,True,2
0.83154898973381086,-0.55539342304049011,0.0080264136477591758,0.49665348667090586,0.74991734050454228,0.43698889755716497,-0.24871990642148098,-0.35939132996493001,0.89943108690756723,13.642875834631402,7.5559562221812628,-5.4041506448725167,,0.8436252510246804,0.3863636363636364,False,1
0.93711322135076325,0.27304130892197698,0.21741033552195352,-0.34866196556838081,0.70391289143516245,0.61882265233052247,0.015926209077748318,-0.65570960408824508,0.75484519669323502,-5.3500741725559848,-7.3529804847308853,0.44330133081858014,,0.41671540139747,0.1265822784810127,False,1
-0.39049958487675801,0.84639071244549657,0.36212268100339207,-0.86245629611514441,-0.47392444873548828,0.17766472407912007,0.32199256435890888,-0.24293698519733126,0.91504229941615567,-15.684920672911128,-4.4470711833540939,0.11068712769872008,,0.3645131800187119,0.2631578947368421,False,1
-0.70643490188077196,-0.70419284222471157,-0.071148930871704694,0.69132175374157745,-0.70806552677399082,0.14393555015332621,-0.15173648937672821,0.052494292582654874,0.98702603159079472,-6.9246098689094024,5.9820194854432316,-3.4963287193278885,,0.114968315825441,0.2439024390243902,False,1
-0.96571063772163535,0.22871443626162113,0.12285223171274182,-0.19971310812454923,-0.95678725147190102,0.21135948018500927,0.16588441347668703,0.17957689736258969,0.96965689772162267,0.19119026414120333,1.505440739409452,-2.5088453633199221,,0.2979376087367078,0.7437275985663082,False,1
0.87587134491158913,0.38266040769294868,0.29397346742015679,-0.47820633699558374,0.60681762656149818,0.63489453246309802,0.064560718862399724,-0.69666590305435205,0.71448480256855962,5.7297649596971256e-05,6.0844309409666417,-4.0026165384098098,,0.3200154267380766,0.2285714285714286,False,1
0.92613128177638881,-0.37715572517074053,-0.0058658235701316008,0.31933477107437591,0.77568149426243349,0.54437443312638623,-0.20076392329823348,-0.50603535294456581,0.83882183368828067,13.128834191321406,1.1676534896174284,-3.3242960169352487,,0.333985483730264,0.2,False,1
0.052668325624950656,0.95024783612142061,0.30700993049479919,-0.95101245759390385,-0.046056924593077864,0.30570257636832315,0.30463314490886761,-0.30807111134214582,0.90127178885136938,0.081099681151533154,-3.7599584467416727,-0.90155866565550968,,0.2806117048853051,0.1666666666666667,False,1
