axis_00,axis_01,axis_02,axis_10,axis_11,axis_12,axis_20,axis_21,axis_22,location_x,location_y,location_z,dbh,dbh_approximation,score,reconstructed,number_clusters
0.906578863388392,-0.40601270667801664,-0.11518874282412428,0.42165383119354127,0.88298689128549301,0.20625759733350513,0.017966944571076764,-0.23555855287798924,0.97169406557249693,11.29042519992492,1.8615200816663873,-3.0961446968914093,,0.4508818837727093,0.6216216216216216,False,1
0.30653181631400156,-0.9098331992198071,-0.27971734873741805,0.95090364399774707,0.27953057859866681,0.13283416525917108,-0.042667381206788597,-0.30670214414924735,0.95084872054139558,6.3357127056943074,26.250906174361724,-4.3745325612101427,,0.152390705083937,0.2857142857142857,False,1
-0.64604569616023377,0.76324489282253949,-0.0090659832973830103,-0.76325545630911984,-0.64583701857493236,0.018320858402355294,0.0081281539844906166,0.018755772939337622,0.99979105521816514,-3.7649785419188135,12.474423254028727,-3.4444371759988908,,0.1303074015650592,0.3676470588235294,False,4
-0.73749834814904514,0.6753304643546989,0.0049950367262775186,-0.67533825394182878,-0.73750811108372538,0.00016984851491861491,0.0037985839772407201,-0.0032480763819114911,0.99998751030179633,-3.7588665005450186,22.223058672960502,-4.0209741141580242,0.3783460244378776,0.3528981157201114,0.5714285714285714,True,5
0.24656376471597624,-0.95101368846186307,-0.18649202204718471,0.96889882381403269,0.23772702764317091,0.068709020803152845,-0.021009025224167352,-0.19763305565139153,0.98005091509218267,-10.289230174874911,-28.776201965184313,-0.58230114058215465,,0.3251617590703318,0.2666666666666667,False,5
0.61182381617036985,0.79075536708819116,-0.019431093328616814,-0.78725463658281813,0.61113349248066906,0.082133985336369217,0.076822881653712177,-0.034954310028951566,0.99643185470197582,4.9703797974112609,-0.74886761985127659,-2.7329169094882828,0.3957770097352944,0.3337926523605399,0.9087893864013267,True,5
-0.54847081404162967,0.83616756519130286,-0.0018891973325822903,-0.83582294916001254,-0.54817691004673019,0.030034529280138063,0.024078284863596457,0.018052097209698637,0.99954707642229657,8.9109255739120101,-5.6758532273909434,-2.4699138076522473,0.4653690170987471,0.4377944961413753,0.8691099476439791,True,5
0.2989366396571933,-0.95077832080025215,-0.08159332182671683,0.95390330024488623,0.29534683612135909,0.053279828969488616,-0.026558976869982376,-0.093759432002097159,0.99524056873615463,-2.3062216030617138,24.568799061923443,-4.1399224154066534,,0.1234854619485378,0.1111111111111111,False,2
-0.99048278480431973,0.13512931930736516,-0.02615186551297996,-0.12392272980173474,-0.9582264568187282,-0.25776969273193034,-0.059891652546637072,-0.25207563253149967,0.96585240354780855,14.669782944560691,-5.1166759039296146,-2.6857804301868282,,0.4715073918965913,0.5625,False,3
-0.36839305436983621,0.92715969352678851,0.068274886974455148,-0.92924355600166164,-0.3694541793884486,0.0031659061570638788,0.028159742922304332,-0.062277700918705152,0.99766152418885545,-7.7646561917483954,-19.305728949079185,-1.0924145715888507,0.6640847810404601,0.6096823259679868,0.810126582278481,True,5
0.82258462901695073,-0.50055550548717143,-0.26981236819598797,0.56833712953302751,0.70814903238130045,0.41894851131324762,-0.018639616391004588,-0.49796499260882793,0.86699678825061754,1.2264725808859873,37.182829525250817,-4.898302351647887,,0.4250325689263658,0.2,False,2
-0.9776805352048098,-0.16696723768296429,-0.12752534109799255,0.19717632715880301,-0.93877071471349893,-0.28254387483092569,-0.072541485301884243,-0.30138262514091552,0.95073984147787227,5.0328492059447969,15.465679320797475,-3.7684965698435007,,0.3117404077517886,0.375,False,5
-0.486838554263469,0.86998140035893645,0.07823416844423256,-0.87210935427912206,-0.48915179443232942,0.012481834099447815,0.049127347389302974,-0.062152112056932017,0.9968568697186948,-1.1913673703642922,31.288863129297788,-4.5673880783955862,,0.2416330396174261,0.3333333333333333,False,4
-0.77485258098261112,-0.5889764918018433,-0.22958695487631581,0.62522988188353112,-0.76760990728800971,-0.14093482548043085,-0.093225922062975974,-0.25274833795316415,0.96303022025138008,14.275300653497453,7.5290793738921105,-3.5235279149935552,,0.3660760211050816,0.8604651162790697,False,5
-0.17396260635325617,-0.98065753994296612,-0.089709536526461631,0.98257840559667209,-0.17890658510291602,0.050320082093690849,-0.065396394746841502,-0.079392840734058792,0.9946959778717781,-6.6331925010193169,12.032580845799743,-3.4297133937329094,0.2925774429892969,0.1447159316915731,0.6901408450704225,True,5
-0.96576627456898811,-0.2370184049754529,-0.10544087731061204,0.2493378285963232,-0.96029873895591211,-0.12512785137832877,-0.071597137764088714,-0.14713465826438984,0.98652179002869111,-13.894179164969369,0.36187992610463837,-2.5182425576691303,,0.2985707087976086,0.3666666666666666,False,5
0.98738132675273804,0.15418227134059909,0.036137830375633173,-0.1558396058332219,0.90546726256064658,0.39476962102557589,0.028144854480885245,-0.3954198574113148,0.91806917143049005,-3.6145788332566924,8.0335497618159266,-3.2076464160054412,,0.6245724778861333,0.1690140845070423,False,4
-0.57719776596041616,0.8156016526808445,0.040455940411527301,-0.81635794806886786,-0.57753207094338488,-0.0040506365714772022,0.020060897165725258,-0.035364546881324989,0.99917311274312537,-12.860313377944347,-24.245128085952153,-0.88609337887765149,,0.4342806562475576,0.7575757575757576,False,2
-0.94503452203591676,-0.32190462358114147,-0.057333807456243752,0.32033962207131383,-0.94665903860597744,0.034916917916883873,-0.065515484364796067,0.014631402622107097,0.99774427754097184,3.299612482628187,3.5880816429587767,-2.9639547522169996,0.6704625708352534,0.4542683476525179,0.9926719278466741,True,5
0.86056321090793486,0.50815812136013794,-0.034731595522820805,-0.50414835412215298,0.85951733470842451,0.084049915952669862,0.072563055804932178,-0.054820388829905191,0.99585607790523067,14.993173537651696,-9.0991331174474013,-2.3651033182755459,,0.4783718696111985,0.78125,False,5
-0.97611004843411298,-0.21229367964631091,-0.046266261229786408,0.21311611757196994,-0.97693253137007696,-0.013577539611578308,-0.042316589855558986,-0.023113258815736407,0.9988368653037959,-5.5113674419440821,4.6217829008622884,-2.921473680760228,0.6399244322606983,0.6088294243615374,0.9657754010695188,True,4
0.95626168306710257,-0.27626261969560584,-0.096138225782436471,0.29114865860114403,0.93062883701263832,0.22172601632478864,0.028214395127810543,-0.24001860902735639,0.97035818913849858,-4.0975402536991492,27.065877409139443,-4.3429978054058731,,0.2006833112171381,0.2173913043478261,False,1
0.74258469238232039,0.64727114876552849,0.17206985388268398,-0.66925743464596221,0.72700199980796865,0.15350106985399287,-0.025738314058244584,-0.22914657372731487,0.97305158493189459,10.181320706569242,7.034555283025651,-3.3847333428642412,,0.2740736827303474,0.3157894736842105,False,5
-0.28778421912169239,0.92154626220265123,0.26063907965775035,-0.95679214678825997,-0.28847684642047278,-0.036467751831049555,0.041581619362764596,-0.25987226804647745,0.96474731055937601,-3.7723421092335769,5.2587324414890766,-3.0474476200816274,,0.1903807547811465,0.3950617283950617,False,4
-0.66708475081225338,-0.68720678276297154,-0.28765391177301891,0.71824288284963322,-0.69578410677663127,-0.0034114502625638629,-0.19780064830430139,-0.208881101303138,0.95772834825371378,-3.3265118224220944,16.095065944314516,-3.6555346912577282,,0.3750216112517026,0.1449275362318841,False,2
-0.99872311538417202,-0.0089640773321084458,-0.049717040488323934,0.013689852868441777,-0.99533110004904857,-0.095543650775924804,-0.048628455926279179,-0.096102271527448546,0.99418289397951864,2.6257850278073662,-10.268541145820496,-1.7856101779976881,,0.2004737718414831,0.2333333333333333,False,1
0.97943691034719538,-0.19350731162731255,-0.057081161483530568,0.19939914150637639,0.97154008534444081,0.12786651217357836,0.030713531481398926,-0.13661911621616452,0.99014741128190309,4.7224255712830052,22.770390363208154,-4.13659889461311,0.4332612162671872,0.4099775178034718,0.8181818181818182,True,5
0.51110136337207202,-0.80069330408384987,-0.31251500628689277,0.85896515821263053,0.46274562918412732,0.21919247169494088,-0.030890991178018284,-0.38046907294322063,0.92427757259265264,-7.907189973835842,-11.476722309749146,-1.5590272627768276,,0.5292608507418839,0.1929824561403509,False,3
0.90518381295850747,0.4239543868174967,-0.030082264810004325,-0.41828499251008472,0.90115569683492103,0.11382475610695675,0.075365308987207988,-0.090449366831228159,0.99304530724488793,5.4765451944075982,28.744683737269973,-4.4605444497928532,,0.3372300739670503,0.9565217391304348,False,4
-0.52478886980802664,0.85096507062969262,-0.021332854797652522,-0.85086876426114411,-0.52366743912839619,0.042364598445195169,0.024879472066929437,0.040383929537765838,0.99887444161153771,-10.389199125915143,15.404945415931467,-3.6735723446116921,,0.0830454511124177,0.2272727272727273,False,2
0.65598181229359853,0.7547025634444301,-0.010578405854030175,-0.75127646750429666,0.65422379882265802,0.087033846452494984,0.072605311887438323,-0.04914531294494786,0.99614918907825845,5.2824287792887876,11.999499227297056,-3.5357666288369427,0.5196985581195182,0.541611985233106,0.9166666666666666,True,5
0.33431701465736913,-0.91027039124456843,-0.2442129163947824,0.94239463124023437,0.31980788597864146,0.098057509021265254,-0.011157630580360811,-0.26292723497069059,0.9647511473900926,-7.7462008966538853,-2.036078225843192,-2.2551985096579714,,0.2899396194351699,0.2142857142857143,False,3
0.45910722822063427,0.82628568503020972,0.32630127138845733,-0.88503627900585635,0.39356763079697915,0.24862683851974024,0.07701517927678167,-0.40293484175857741,0.91198255216750468,2.7095100648793657,12.596296583537788,-3.5092706098367366,,0.4678829024833727,0.2542372881355932,False,5
-0.80991333955438793,-0.5496670329025336,-0.20471085792401028,0.57612611241835887,-0.81100160571693258,-0.10176000252685977,-0.11008671582696981,-0.20035605422517894,0.97351854966084239,19.452568443233684,-3.9859620814324552,-2.7288103550619489,,0.3774399746889782,0.1904761904761905,False,3
0.85732619847684188,0.51440410580321716,-0.019498854787868992,-0.50952588891886685,0.85337232097098226,0.11017735848184534,0.073315468536214096,-0.084522764586771881,0.99372065709631097,-3.2886082067612401,17.685328509220525,-3.7552713835643545,0.3319088309854831,0.2348751534816381,0.7662337662337663,True,5
-0.0080974257355877228,0.99864201429146249,0.051464152459224588,-0.99731754435943931,-0.011809382648463118,0.072237484689872733,0.072747147087113037,-0.050741164485571796,0.99605882698630488,-9.4647655360725675,-15.275087229595984,-1.3399584332318606,,0.4161106446723199,0.1607142857142857,False,5
0.0029997618889814124,0.99192078815591755,0.12682330800271718,-0.99817567184558331,-0.0046776416459204558,0.060195081229703115,0.060301986403663528,-0.12677251158186859,0.990097167323994,-8.5416656561712898,-27.632529857176344,-0.6127865907414356,0.6255362887415675,0.5976534658673611,0.7272727272727273,True,5
-0.8913537109734827,0.4532961090833329,0.0033465540056710832,-0.45303371859728497,-0.8905322065717185,-0.041386457596941401,-0.015780106074354174,-0.038406074368756191,0.99913760899280779,7.5085209715059555,-17.09468187972098,-1.40500013027355,,0.4844368163654293,0.4864864864864865,False,2
-0.063312675450209119,0.9976832898558059,0.024890927460252378,-0.99642056233106058,-0.064593060919887327,0.054532553991647692,0.056013999064419041,-0.021349230044542131,0.99820170420878174,12.79982491015306,-3.3487150914115769,-2.8221678291877406,0.4866892765349666,0.4542382896124127,0.9504950495049505,True,5
0.82245498988501087,0.56873257333207339,-0.010538009504867555,-0.56384060410719261,0.81754915155939756,0.11703485781828477,0.075176876586375757,-0.090314145157819228,0.99307189689927799,-1.903287847467674,25.664377272643939,-4.2195998368647576,0.1616857131094181,0.2196858645498556,0.9459459459459459,True,5
0.51756876900010251,0.85156759846190566,0.083397809356977159,-0.85339581064993453,0.50669524648995035,0.12237449713740142,0.061952883071424832,-0.13450855896303748,0.98897385599662213,-12.026285094726505,12.311508394779484,-3.5046436939447041,0.4332326498667244,0.2497117767741506,0.660377358490566,True,6
0.081002732115340786,0.99671274108612296,0.0015063686266062262,-0.99457027985265567,0.080729362980593328,0.065671366565343198,0.065333879600574865,-0.0068177495800658544,0.99784016879809123,7.9801601741884092,12.359672457882779,-3.6641977020659109,0.6469635955554456,0.4101626881514896,0.9260869565217391,True,5
0.47558675244098075,0.87965758695717133,-0.0044464155595274821,-0.87641326741223791,0.47425507228066904,0.083557830990658638,0.075611015113191515,-0.035842099893061578,0.99649300964372522,-9.6529763790503331,17.023125533295602,-3.7940178973205447,,0.0881433479526353,0.5,False,1
0.50594180084906393,0.86003170517697991,0.066093571880970411,-0.85673208777730003,0.49214364093341034,0.15428793362268398,0.10016498353395462,-0.13468519881258426,0.98581279830120871,-1.5855714757819757,29.071767713516611,-4.4416749585501289,,0.145339256627224,0.2941176470588235,False,3
0.37859521331481533,0.92555994334108516,-0.0021108618041884991,-0.92348058512406084,0.37789557397983409,0.066170567969251831,0.062042512473554079,-0.02310252040143336,0.99780609348563798,10.349241478197319,-8.7071717688389416,-2.296142725997202,0.42263898463943,0.3018411209891534,0.8461538461538461,True,5
-0.65346780719924757,-0.72860286689807874,-0.20522594207874328,0.75305971747836919,-0.65322339426670606,-0.078741723972004157,-0.076686940645759677,-0.20600257166012459,0.97554192816291097,-9.1415799349493607,6.8427103377476595,-3.1039651788686169,,0.3960983784882616,0.1538461538461539,False,1
0.53162196906820514,-0.84030502510406346,-0.10613928014125057,0.84658302028536914,0.52333817588508158,0.097027539522433204,-0.025985991775306042,-0.14143768396765388,0.98960603766616084,-3.7175467197803278,13.788517161082082,-3.5022556767755852,,0.1937788132565631,0.3142857142857143,False,2
-0.47236522356469945,-0.84479421579419112,-0.25138382709981799,0.87815800155756385,-0.47552967415975478,-0.052058172210954427,-0.075562026621176309,-0.24534518938466521,0.96648648111533653,6.0056140866998247,-2.6700246360365707,-2.5641896773976827,,0.7716350234554895,0.3312883435582822,False,1
-0.62157481063090569,0.75535403114865973,0.20756936772227233,-0.78315990759092846,-0.60511812555766853,-0.14315241270667928,0.017473234712645089,-0.25153994066359359,0.96768917753565564,-15.80656923249791,12.470980446659565,-3.6038307180663844,,0.4482651281354271,0.25,False,1
-0.88061095151716917,-0.4190810007337632,-0.22112319392595065,0.46858030446594279,-0.83953682639670713,-0.27497348124928322,-0.070404902774099984,-0.34575863249922345,0.93567842644662746,6.7481088695992284,12.755922622195099,-3.6318989934503674,,0.5938752213608068,0.3548387096774194,False,1
-0.20009458491532409,-0.94323531890578327,-0.26508355334925954,0.97737819014719252,-0.21107956194738348,0.013315102429193957,-0.068512995206481492,-0.25642260371661141,0.96413350620701432,-9.0612573482480165,-7.2735281143924171,-1.8419948466022285,,0.4775774309286974,0.4893617021276596,False,1
0.023835288631108415,-0.99042411780520079,-0.13598509435104589,0.99812783834511631,0.015912296761276389,0.059056050767792856,-0.05632670180632636,-0.13713812628722977,0.98894915793586202,-8.8799372032607007,-18.331694451345413,-1.1733022751926443,0.209776822169326,0.2814186722097966,0.2181818181818182,True,5
0.28988163096562164,0.92412428302675098,0.24892358174548984,-0.95534820270145926,0.26384334063809628,0.13302820451325462,0.057257764746817208,-0.2763711293192942,0.95934381076597097,4.9749702949339545,9.774316077044908,-3.4365231037934252,,0.3888225269999173,0.2909090909090909,False,5
-0.99726810824658707,0.043131890888971271,-0.059966326072360861,-0.035881122792173391,-0.99246805490540502,-0.11713114453234183,-0.064566750742528517,-0.11465949581532812,0.99130436028392832,14.045627442311671,-2.245758175865515,-2.9218769318740869,,0.4934082830461293,0.4444444444444444,False,5
0.078283907132297395,0.98821940206019421,0.13150681836275646,-0.99691319242467702,0.076807651393189486,0.016268726351576113,0.0059763411668013909,-0.13237446158249525,0.99118176197254748,-3.0217857056013462,19.735292724631794,-3.8594918787654602,,0.2229937423654958,0.375,False,3
-0.67028584735487973,0.74177128459185337,-0.022186576813510082,-0.74191915804066888,-0.66915477496719022,0.042282976135011439,0.016518043709097506,0.044802326876626344,0.99885930227358044,11.395379846571608,4.7786675133185117,-3.2935105416099248,0.3907278611751986,0.3376808036862481,0.782312925170068,True,5
-0.76308972144192921,-0.57343282928514538,-0.2981088179301527,0.64189904486341154,-0.72615259150104006,-0.24630881035757721,-0.075230932688088226,-0.37931148697918199,0.92220556418432187,-8.0584413264552808,6.7767160989638251,-3.086346365599657,,0.3198094510027006,0.32,False,1
0.81171920144616361,0.57006312636166834,0.12704318150284255,-0.57926302992461565,0.7580054074798499,0.29980350964233637,0.074607507438312182,-0.31694768368623377,0.94550403787597626,-7.4817677671221663,-9.6757585489903661,-1.7007829112565647,,0.2520454369426386,0.3461538461538461,False,4
0.75650289432903595,-0.62826593528660857,-0.18161851620976191,0.65367207676389794,0.7177296586589974,0.23995198090537506,-0.020400660062003844,-0.30024332072451448,0.95364446280013215,6.3117706129712126,-16.135173873613962,-1.4709384584596501,,0.2798089527733716,0.2631578947368421,False,4
0.98835858163560775,0.14601915390755091,-0.042728454212323637,-0.13881717179122932,0.98043956817740974,0.13952793973961333,0.06226641890406083,-0.1319721934508169,0.98929582695604579,6.3216625769541723,21.642606816330055,-4.1381965266482421,0.3044112414196483,0.360986166032543,0.864406779661017,True,5
-0.57519915596953675,0.81799184284905813,0.0059393605998401336,-0.81778195454783942,-0.57519395824354846,0.019610844347855021,0.019457795040785802,0.0064230391966344884,0.9997900473497574,12.885671186357724,-0.1708235761975031,-2.9696365913440239,0.2581608380186461,0.2925041299916825,0.5263157894736842,True,5
-0.98100466773523298,0.18871497091355982,-0.044905474441098207,-0.18702552945751261,-0.98156939229037088,-0.039280777103436346,-0.051490709966196549,-0.03013615555785109,0.99821867289455701,-11.839391726611035,-28.185626952799407,-0.64806865403064784,,0.145177098134821,0.1111111111111111,False,2
-0.82580093909359287,0.56377415834178302,-0.014543293236232602,-0.56392952162165599,-0.82575470691227304,0.010614078188767213,-0.0060252498463783666,0.016966508133408897,0.99983790384544258,-3.1288328026785597,28.655312228244039,-4.4373274550302746,,0.1549714729209739,0.3076923076923077,False,2
-0.98171737955487071,0.18995905853994996,0.012105484646825086,-0.19029172932795202,-0.97796306380489928,-0.085891231116528577,-0.0044771005456808108,-0.086624487946257572,0.99623097405107475,9.3362632994300796,-12.90658341808424,-1.8620866272438998,,0.3422291330639267,0.967741935483871,False,3
0.079822928407845148,-0.9404984199341111,-0.3302893007680347,0.99649131598104945,0.066924094102697437,0.050261543976397038,-0.025166590447536174,-0.33314244360329492,0.94254058533055896,-8.6716966462672413,-0.17315254067183569,-2.4095116498477416,,0.7373908909347913,0.7454545454545455,False,3
0.99728488417465788,-0.031756393480155597,-0.066440885528958812,0.051339170669730531,0.94665263473347872,0.31814003002939895,0.052793459364612237,-0.32068726296081063,0.94571271008854518,-0.8721499916896791,33.666745214011804,-4.7386697152780624,,0.3112182534148402,0.2258064516129032,False,3
-0.60685304242229055,0.78574470779943806,0.11972735304844298,-0.79459009359710442,-0.60333515900877355,-0.067921050206871114,0.01886711584095304,-0.13635226462745273,0.99048073775859502,17.858641701041613,-0.076688293317565354,-3.0283011873069827,,0.5673558180838753,0.4285714285714285,False,1
0.62396645610345203,-0.70998125463103423,-0.32648503752889224,0.78126083838144678,0.55754233174876877,0.28067427869269734,-0.01724424742395899,-0.43020130913409516,0.90256826309708749,-3.1102108519808866,10.205661018346234,-3.2974247503965306,,0.5920227317486993,0.2235294117647059,False,1
-0.68200243280362405,-0.72688260332359955,-0.080711601616158327,0.72742228337164172,-0.6856183768961206,0.028004694547823429,-0.075693482574960877,-0.039612147730670184,0.99634400407080215,15.824823786812205,4.2813940409159832,-3.2777654123353774,,0.1478413303572065,0.1176470588235294,True,3
0.88328429441352674,-0.44362176992476388,-0.15168579528491904,0.46687657974640434,0.86184337125908683,0.19812183802163769,0.042838236736563992,-0.24581645320358947,0.96836932872107739,-12.915355864404386,-19.070864554349992,-1.2249797230994997,,0.3090987484286048,0.1,False,4
0.40237305549726893,0.91497806131885429,0.030183961220896782,-0.9097053049490138,0.39592332383965018,0.12522371894887843,0.10262642134175723,-0.077845160061216501,0.99166927384971948,11.110709215535495,19.448535021552104,-4.1672219894937363,0.2334135738749393,0.2910730995118031,0.9354838709677419,True,3
-0.58407238858701138,0.80875934186269671,0.069049053868106058,-0.81153130176552624,-0.58357549884796656,-0.029267446063801161,0.016625015639498336,-0.073129775701587962,0.99718385704985302,13.855156473197866,3.5398721586333592,-3.2430367003923792,,0.1331822899831126,0.4166666666666667,False,2
-0.77134229206979088,0.61766192423335609,0.15337801608076423,-0.63641884607756127,-0.74915638113401839,-0.18367299464942854,0.0014563041677117042,-0.23928740869199808,0.97094768922926133,3.2412712190104296,10.380186948919489,-3.4145996622087473,,0.2533340119378285,0.3333333333333333,False,1
-0.93916639105724242,-0.29574337831671049,-0.17464920294789266,0.33908662174332177,-0.87929086053801353,-0.33446650883013934,-0.054651192697109378,-0.37334091224528188,0.9260830472374737,-1.1761800121113957,-23.991586184284991,-0.80914107646737388,,0.2776723120311891,0.1176470588235294,False,2
-0.67494454792176906,0.69096387289523176,0.25887986322674933,-0.7377229294624158,-0.63888300169110823,-0.21815909216796459,0.014653892864004568,-0.33822690091679763,0.94095049121627483,14.196940332616334,-3.1041281390209856,-2.8785423111808028,,0.3189025462803458,0.2777777777777778,False,2
0.91107792704421009,0.39768001120974805,0.1085708042571233,-0.40656631158067624,0.82330406232281805,0.39607354777923448,0.068123748726185568,-0.40499509829991714,0.91177745377506003,11.141950623981291,0.35733307761171884,-2.9934187861866901,,0.427996269196483,0.2083333333333333,False,1
0.82401645770336196,-0.56105431404523087,-0.078834853492856211,0.56648351764662841,0.81825409112386893,0.097758204738808807,0.009659278891654792,-0.12521301470010293,0.99208285908033256,15.299412722129427,1.4395270338861845,-3.1128471238965898,0.2672441468360541,0.1887517262345975,0.5517241379310345,True,3
-0.019201546419527132,0.99820568654842379,0.056716029105433476,-0.99796947120058443,-0.022580911261529477,0.059557006289984574,0.060730841972799002,-0.055457278954061176,0.99661238956993026,-6.5790162150064031,17.284650013958171,-3.7743635959844211,,0.1320405932225359,0.3636363636363636,False,2
0.28458811683249563,-0.95214238757919978,-0.11150998848853985,0.95695688266564494,0.27524713507760917,0.092046397813383363,-0.056948472118091925,-0.13290556198500056,0.98949127490689182,-8.5991518769672144,14.730127552228744,-3.604627981852365,,0.1288016389732361,0.3076923076923077,False,4
0.96638360294557002,0.25490949080032954,-0.033524371103082713,-0.24944906042929191,0.96118606667298012,0.11788346569672459,0.062272772612787519,-0.10555802543456426,0.99246138718716592,-5.9702714822562974,14.602320345411613,-3.5612709670474962,,0.1050081488187803,0.35,False,2
0.889640830395795,0.45654857348427885,0.010128817411354303,-0.45196472115678538,0.87710260339185975,0.16253896133817666,0.065322918813781161,-0.14917916467353601,0.98665013713319694,16.892083657235926,8.137751714642663,-3.6732433215331621,,0.2380140266190373,0.4210526315789473,False,3
-0.0074591955310239887,0.99990753856283154,-0.011369904452010252,-0.99815255808240622,-0.0067595219453246745,0.060380291955393739,0.060297853988163341,0.011799287617842168,0.99811068805825964,8.8892342227566026,0.17016754199703632,-2.9054585313294794,,0.3629389145140884,0.5784313725490197,False,3
0.67318122844608097,-0.65344132997999316,-0.34618125590765758,0.73937419012508587,0.58694867781327464,0.32987430422832698,-0.01236287364244442,-0.47802267507643081,0.8782604861133595,6.8856410796877281,10.674807220081515,-3.5489651686674017,,0.4484560407174115,0.25,False,1
0.99123911921378949,0.13165328025294329,-0.010602940106944018,-0.11993927150467362,0.93084196958888321,0.34517792340011749,0.05531346753910539,-0.34088215185094262,0.93847737258725206,-7.3312210883656048,-15.651959018515052,-1.2889809713165792,,0.305340573247878,0.1923076923076923,False,2
-0.63743082152665198,-0.7246135997911155,-0.26194861856024509,0.76644351009552736,-0.63117315316320455,-0.11909994357037988,-0.079033496697963668,-0.27668679354783354,0.95770461243324612,7.5301934923710609,-7.2216029315169434,-2.2605244573496357,,0.2651576454507277,0.5263157894736842,False,2
-0.89714353766626753,-0.41689393479858872,-0.14605793354626478,0.43627758991551119,-0.8880489204387354,-0.14502061731047272,-0.069248374429789705,-0.19382611288406768,0.978588831227439,-11.432817923178852,10.587413893122301,-3.3548474708905491,,0.4185954726900028,0.125,False,1
-0.66128056932670043,0.74957125283486392,0.029170971093338841,-0.74792837554090896,-0.66181641412185976,0.051011558098349327,0.057542624998284067,0.011915155158726782,0.99827194460520174,8.7007416424551938,7.7976143870756456,-3.4146237301628841,0.3062011486893586,0.3244952311689247,0.62,True,2
-0.76967473886843718,0.62706654902346259,0.11995140450869726,-0.63843405970203937,-0.75645317229234554,-0.14205826108051905,0.0016576369254912085,-0.18591971714870192,0.98256354044670879,5.0213105605253556,7.6389480300306873,-3.285771886892761,,0.4487381371472153,0.1176470588235294,False,1
-0.42083699916115497,0.90050259811269118,0.10950475299879125,-0.90647932284834487,-0.4220502981040129,-0.012991655734337401,0.034517493904389643,-0.10473116376039288,0.99390136630953163,3.185279766438279,-11.315125344613122,-1.7759734224640806,,0.3182802619468138,0.1666666666666667,False,1
0.25594745525101387,0.90503235753762934,0.33971654649194244,-0.96476165658181878,0.21695438010668899,0.14888164071512763,0.06103970953433762,-0.36585137523645334,0.92866943801201984,5.9992436369708537,9.4323123872145391,-3.4768573274744585,,0.2811931217241205,0.28125,False,2
-0.96162442561745709,-0.26337537338589173,-0.076888729666571218,0.26723934851929132,-0.96257576840201264,-0.045066846886166349,-0.062141730414285501,-0.063885074775869966,0.99602063360253801,11.514252586541,-5.1286758030166695,-2.6606085909784776,,0.3364828680934887,0.1578947368421053,False,1
-0.46484931170112992,-0.83888811807936325,-0.28316398562714462,0.88216965048493656,-0.46608480210784853,-0.067391876419733501,-0.075444185821510079,-0.28112574159858045,0.95670083737622891,-9.1244991630182284,-8.6699829226463141,-1.7576016919572732,,0.781916714380344,0.5238095238095238,False,1
-0.98056828317419942,0.19594741665974716,-0.0095106223337287146,-0.19297648548780555,-0.97215410638043764,-0.13295288449833642,-0.035297564810878618,-0.12853405522282654,0.99107672688162629,-4.5896195369417043,8.4540423081875922,-3.2344055581750477,,0.1292410525330291,0.3157894736842105,False,1
-0.99583794032261097,0.089252573926807105,-0.018460082921253375,-0.080460124442012268,-0.95605066642971936,-0.28194554721446768,-0.042813140375305529,-0.27928677245213313,0.95925279970635213,0.56675266621451981,37.704207078085517,-4.943880449289356,,0.6047608997685335,0.6190476190476191,False,1
