axis_00,axis_01,axis_02,axis_10,axis_11,axis_12,axis_20,axis_21,axis_22,location_x,location_y,location_z,dbh,dbh_approximation,score,reconstructed,number_clusters
0.99103411794358731,-0.043947699329418416,0.12617439041036135,-0.023891344535020381,0.87084471241969219,0.49097728104971661,-0.13145562265678939,-0.48958971248823674,0.86198685181248602,10.566491232542603,-6.9082258355276167,-1.5271904664941047,,0.2468293903693103,0.3513513513513514,False,4
-0.56454624035004997,-0.81672203108200347,-0.11938453187876591,0.81191317415632158,-0.575522565466147,0.097830334102836564,-0.14860868123374188,-0.041700126912909696,0.98801647722971531,-11.54850106061731,12.062931909065892,-4.2828614314260971,,0.2899319684371546,0.2592592592592592,False,2
-0.099964710004376844,-0.99381530071293678,-0.048354987566907898,0.96119608326331318,-0.10901368301278713,0.25341291686741879,-0.25711698946784239,-0.021146275909543322,0.96614889574130891,8.0819024107404687,2.3802216007637034,-3.8158107202910179,,0.3070543069297621,0.2121212121212121,False,4
-0.13898920165846124,-0.98817621550027268,-0.0647284245282094,0.9615497961920918,-0.15030010208018976,0.2298518408837158,-0.23686281106432061,-0.030292679548779539,0.97107072981346965,11.830239246126839,-1.5964677798200948,-3.1670907886361763,,0.3763673569275623,0.3478260869565217,False,1
0.50525376939647992,0.82255144008803516,0.2610129439697349,-0.85148522836864515,0.42599693064740574,0.30577691369523924,0.14032652771534354,-0.37674360444218374,0.91562695576925113,-2.8002512865662554,7.011676005215139,-3.8356106237885426,0.5676441003763092,0.4889828987324072,0.896124031007752,True,5
0.81387121845916954,0.52276307530166632,0.25363833871268815,-0.58102869555944925,0.73551427623599552,0.34846004704919292,-0.0043925733087637059,-0.43097275616236475,0.90235424792347663,-15.106979239990673,-3.612719443258432,1.1813414236148063,0.3989286320051161,0.2366145392825956,0.4736842105263158,True,5
0.90570535479228365,-0.40116604910412257,0.1369803319705844,0.33281942794502162,0.87307300570385227,0.35633517240596568,-0.26254340342680715,-0.27714495802274575,0.92426275136437197,12.991705270993513,14.204847462805983,-8.1227467510768712,,0.4517346527113585,0.4516129032258064,True,4
-0.04500935176979487,-0.98844313311109167,0.14475610819164864,0.96590333733048683,-0.0060774615441409425,0.25883161977433911,-0.25496058751715217,0.1514702514248554,0.9550140636379133,7.259359874922759,6.5638351784597857,-4.9603051913474756,0.2048133036986656,0.205767756547667,0.7372881355932204,True,5
0.78089574916077653,-0.61133371127193992,0.12834688311410308,0.55421463169605489,0.77283702225952988,0.30914248986353976,-0.28818044860232128,-0.17027633566499745,0.94231523311249998,15.665499797194812,-5.4447853085346285,-2.6915816233096623,0.6109977689315448,0.4694779272135706,0.9733333333333334,True,5
-0.62154220926660564,-0.7833700472914723,-0.0040805767416867145,0.78186323089618492,-0.62065389606700372,0.058979907336561915,-0.048735718652417381,0.033468048993131383,0.9982508299140187,11.150011166057984,-8.55167841082317,-1.1260452381880426,,0.3593470494085791,0.2619047619047619,False,3
0.21617378193730238,0.82879841290034784,0.51610278702675927,-0.95116571179759923,0.059472780552327659,0.30289730450095032,0.22034673744689379,-0.55637773063561724,0.80118108823740386,-2.28836297225092,-12.742427063978015,2.0667141062899805,,0.1169430663914584,0.6,False,1
0.95613584204891067,-0.29111879381250816,0.032466897581552009,0.1914683824821424,0.70500549893621034,0.68286682814394895,-0.22168470867223258,-0.64669706537053007,0.72982107093591919,-14.666101732442671,8.4920627506466175,-2.7550235229559412,,0.540300841927381,0.1666666666666667,False,1
-0.91807079099187838,0.35657888094480639,0.17319793414384571,-0.30993769089708134,-0.91805727976813156,0.24720327430299802,0.24715309119841411,0.17326953779844737,0.95335880799527961,-10.316488858768023,-14.467530730319289,3.7360471082775808,,0.3062797350273482,0.72,False,1
0.83343903015449594,-0.54042313181225077,0.11542192866770531,0.48111165474288847,0.81235554238496088,0.329560386616773,-0.2718656997226645,-0.21913765390428852,0.93705268259347663,12.042270015351379,-12.367734380332005,-0.2284913213457094,,0.2352877010813019,0.2941176470588235,False,5
0.52378659872687006,-0.85180108212496153,0.0090838034369697396,0.80628365098947141,0.49918169310728761,0.3173709366240553,-0.27487137563090314,-0.15891052122904431,0.94825796759188286,-14.225227791609337,12.471944743020568,-4.1215025717547995,,0.2553085044432509,0.5,False,3
-0.96014962485625754,-0.27777267515991177,0.03090370241401208,0.27943389214566244,-0.9562274843574835,0.086865977687957924,0.005421974613917746,0.092039877737123521,0.99574056013472756,10.489304694777163,0.635916326001011,-3.5896402945289076,,0.3185697348827077,0.4473684210526316,False,3
-0.88142526777634755,-0.47231209896686821,-0.0032830618186827365,0.47128294925667491,-0.87900104749091668,-0.072453711083708017,0.031334949582285568,-0.065409782749848253,0.99736637263108729,-21.249862201909639,-4.0516884426744122,2.1361178545441186,,0.4056984809309402,0.375,False,2
0.79072144697805713,-0.59225950746381517,0.15488146792837332,0.53949137414158577,0.79373936726362004,0.28093927116509143,-0.28932447272180767,-0.13858749104687762,0.94714563653620909,-4.0207095321945161,2.3570418593722415,-2.1592456437592928,0.5030096135402216,0.4641485269109942,0.9437896645512239,True,5
0.45806008230831147,-0.86366018774760134,-0.21040922293350586,0.83384171490573578,0.33544227972908719,0.43839077482676958,-0.30804050947686318,-0.37625730168321214,0.87380861030966284,-19.42373638362367,2.2685138429613163,-0.046769138800417151,,0.2153099739835689,0.3333333333333333,False,1
0.69574067382129257,-0.70889768831093702,0.11579716014697206,0.6547332758983242,0.69218316130783175,0.30365574032668141,-0.29541369674093099,-0.13544939538183881,0.94571888480063226,-18.355777717044237,1.8385684039888428,-0.10063737556932907,0.52632690365745,0.4285387089460075,0.7926829268292683,True,5
-0.90760294978135658,0.37899684817759638,0.18060530064100738,-0.33616443146232761,-0.91375122158014543,0.22814946872697947,0.251496243645488,0.14635605259858891,0.95672856406609352,7.7833342206137397,-9.5690213372791995,-0.31782220646994619,0.4581448939452215,0.4444879989085597,0.9288888888888889,True,5
0.10117534307889701,-0.98974654214032343,0.10082327248280273,0.95188156126465806,0.12577346468795958,0.27946829677933943,-0.28928367267653704,0.067696513216417606,0.95484665722885287,16.979473846582412,7.6748719967111017,-6.6337416591033209,,0.2109701090087761,0.7222222222222222,True,3
0.98073374470524288,-0.10772957044705037,0.16295907967255169,0.051352727057236758,0.94703054050632329,0.31701112405101184,-0.1884786975236617,-0.30253511366384411,0.93431701556815749,-2.6551504093560361,-4.0414870632031272,-0.37347731069882134,,0.5862897570816883,0.9891732283464567,False,3
0.92927179224602718,0.28815221087366211,0.2311325150308304,-0.35114572357803031,0.88331845021121946,0.31055626918371976,-0.11467613940448956,-0.36975237509050585,0.92202633593960415,-4.5327367573322146,-11.633137179589001,2.0833121161506716,,0.4976240696192374,0.8064516129032258,False,4
0.8453646624283776,0.50187958800156751,0.18296301993772679,-0.5341860921497944,0.79297717568929649,0.29297170134598177,0.0019510179618365403,-0.3454042240378723,0.93845197828429605,7.8770848089965702,11.042840733056121,-6.4738551144271215,0.36632687780377,0.3000205279788383,0.7777777777777778,True,5
0.95154654639561098,0.23283572788129631,0.20086486468412701,-0.29101819451907407,0.89287274514203663,0.34363741274980852,-0.099335696008253122,-0.38544232357709607,0.9173694101582226,10.550750548856902,3.372572340116613,-4.4826395546379079,0.4257475781656236,0.4014189390804696,0.7455621301775148,True,5
-0.20128149315969504,-0.97938991488500216,-0.016767681203773394,0.95277937403939483,-0.19972864350652952,0.22873550963534295,-0.22737023753451566,0.030064324116622299,0.97334418963638358,-1.4177849535481897,-3.1923547653294562,-0.81306393365052898,,0.1206551968163635,0.1505376344086022,False,2
0.95039132292737571,0.16080708047082598,0.26626568719007304,-0.29096871714080647,0.76222455499889097,0.57823086514140365,-0.10997062766841825,-0.62702058229949031,0.7712014331048811,9.8973300949089857,10.789596475617701,-6.6278343366458401,,0.3400045453805919,0.2,False,3
0.97400919247410311,0.10469523572815116,0.2008606496847348,-0.18690692266080369,0.8724174966952607,0.45161212751812202,-0.12795270703433834,-0.47741660955166071,0.86931092578362512,13.014140456301357,-9.7277898993895455,-1.1121693805747452,,0.5164362324090469,0.1333333333333333,False,3
-0.8071704493738977,0.55658654391615503,0.19669083554911909,-0.51754377878086999,-0.82749216063562525,0.21772726317988503,0.28394418941538213,0.073946894580198763,0.95598512231058652,-3.5360197877354196,-17.512080248314767,3.6355579122371506,,0.2780284975409857,0.8235294117647058,False,1
-0.57415234107747959,0.78260714655780828,0.24057253249674032,-0.75854431689945523,-0.6190427301934448,0.2034615872694045,0.30815516957336431,-0.065666980677443282,0.9490670361538851,17.224000363455286,3.3308174723824782,-5.3820201586783494,,0.1684060911053515,0.3333333333333333,False,1
-0.27896436740130703,0.9246936577688849,0.259076284137296,-0.91296239325599526,-0.33903925302860649,0.22705077274937835,0.29778943940421032,-0.17318782921384779,0.93879040557065818,-5.8144814520389279,-7.9939190335879822,1.1483828055270711,,0.3751515629399759,0.4390243902439024,False,1
0.87660118339994397,-0.45685555557096191,0.15117329991028919,0.40165785187867209,0.8676480184234896,0.29301516368611946,-0.26503081950224061,-0.19613749633800351,0.944080900794117,11.268568022393929,11.618129622633774,-7.0573161041798302,0.2597416065230171,0.3516477493946343,0.9532710280373832,True,5
-0.45986550993464625,0.86521114052771175,0.19983341832457174,-0.8330022802180026,-0.49828382836722418,0.24045878553155547,0.30762138079814227,-0.055882991101391777,0.94986639975388409,-7.4320000887400992,2.0760343488755852,-1.7175698678913556,0.5309758648412073,0.4255732985183004,0.9096385542168675,True,5
0.84276840599801106,-0.51974165691527219,0.14003579513302702,0.46405696589612039,0.83337016064045166,0.30024208192289564,-0.27274997021972075,-0.18804995458939974,0.94352777824718337,7.3293881905495617,-2.3463775197021324,-2.3274364157920195,0.5336655196966664,0.4048149898978587,0.9878260869565217,True,5
0.37034671965008442,-0.92711293435418884,-0.057488383153356803,0.88939060014192395,0.33606085409649578,0.30991525087210903,-0.2680068424940118,-0.16590572412397134,0.94902456400205504,9.2399063799707903,7.402769099983316,-5.4908928541762965,0.6764804465750618,0.4133206617610392,0.1931818181818182,True,5
0.98505265038583634,0.052424407565544728,0.16408216679225379,-0.10767482354670092,0.93092158346816589,0.34898587049809027,-0.13445225301952426,-0.36143697503786831,0.92265156193085651,-13.044336874474741,12.984534316116745,-4.4779991864296296,0.569614027876529,0.4490557802683659,0.9242424242424242,True,5
-0.49026776373274666,0.82233870887840932,0.28878463900402013,-0.81673670083393446,-0.54914133937349074,0.1771579828909467,0.30426745037120206,-0.14900616521231352,0.94086050048523606,0.40084887435362815,-13.643684942405354,1.9207805905363118,,0.5784332026644602,0.581081081081081,False,3
0.68047686533683649,0.69049896646477882,0.24528027448701165,-0.72883140756369524,0.60311985103328447,0.32411606661551134,0.07586840640263047,-0.39932145271780672,0.91366643930335134,7.7360631382670926,-13.575246856109944,0.84788205127155702,,0.1347754467694861,0.6666666666666666,False,2
0.75895634661991229,-0.64607264047062929,0.081088884322468482,0.58719271652744498,0.73291135460677903,0.34357773493865118,-0.28140713847106535,-0.21314570022349338,0.93561687292062079,-20.497808731900722,-3.2138119049775864,1.7624090189650732,0.7263397236751472,0.7880213293604255,0.9152542372881356,True,5
0.80261771177166652,-0.58618452125444576,0.11041972555712828,0.51728110199551458,0.77618156711944042,0.36050303241764403,-0.29702705309234279,-0.23222808164756265,0.92619924844796375,-11.589093072166017,8.5111793204661481,-3.0792102479878767,0.3682461275431971,0.2830114748282822,0.5740740740740741,True,4
-0.41328547778709834,-0.91031072122671242,-0.023010968471417398,0.8945931889447355,-0.41060779733046088,0.17636400728356144,-0.16999452974722129,0.052303227349081854,0.98405601073561422,-21.6047009254081,7.006459151132864,-1.5053655214359372,,0.5680689162678566,0.4871794871794872,False,1
-0.33647965627969978,-0.93831003639189881,-0.079722747795914484,0.92348926814158927,-0.34535592050239916,0.16702353068132211,-0.18425257810193316,-0.017423081822012382,0.98272449022226804,12.488872305002129,-3.0083265725450254,-2.8159249740564323,,0.4549641240192348,0.5797101449275363,False,3
0.94913145028328993,0.26168655632312404,0.17512748591492516,-0.30285437205042087,0.91090411061893317,0.28023727551393834,-0.086190019219647585,-0.31902013650751587,0.9438206572700355,13.368452545573222,0.75243826429742899,-4.0162752691108912,0.3629139127097215,0.3885221494555817,0.8085106382978723,True,4
0.9756549225515545,0.085700674095126869,0.20187339240366051,-0.1541893728384251,0.92263355355609855,0.35351515265422534,-0.15595867851650511,-0.37603553065114453,0.91338610142879817,5.5144311705262936,12.477375020582809,-6.58556316056508,,0.2656866144998973,0.5882352941176471,True,3
0.78565778650765838,0.5101241781554734,0.3500216641310791,-0.61604608828906393,0.59311754814709516,0.5183616413120492,0.056824815033839696,-0.62288433672808086,0.78024742451044904,12.4477849987775,2.5574947246271766,-4.4493986362816935,,0.2153508882795243,0.3684210526315789,False,2
-0.32010275034717628,-0.94712543320272391,-0.022082640257149483,0.93961928491956448,-0.32037127955973277,0.12032390718600783,-0.12103647643343218,0.01776673897520066,0.99248904999439003,13.086796336641846,8.2390166325254093,-6.2939276896764609,,0.3578127972129301,0.1818181818181818,False,2
0.88248766303269432,0.43179316347679364,0.18646766092219863,-0.46945835062754693,0.83286187775970555,0.2931722183301827,-0.028712046620823578,-0.34625966636222583,0.93769923847125058,-8.2607571335233914,-2.772843851322472,-0.061882864349027566,0.6097771675596366,0.6287681796179454,0.9880597014925373,True,5
0.87365732844716049,-0.45910102456018725,0.16108731079249505,0.40736001424595719,0.87126168914305691,0.27378986070547284,-0.26604640806465507,-0.17357798904058974,0.94820355962025427,3.1200430586570183,2.9697108299652193,-3.2887623591613031,0.1352533697880997,0.1338753117231073,0.7710843373493976,True,5
0.69745381526095929,-0.70447948337505351,0.13140332218612752,0.64797079582004014,0.69825905786063946,0.30425012059146006,-0.30609152772051262,-0.12705489214977839,0.94348557542684919,16.671104607649657,-11.083139121816469,-1.291860587910387,0.3169110045808908,0.2603708998044879,0.58,True,4
0.96923144080957813,0.1393583766113288,0.20290307295465776,-0.21900618554265763,0.86451325186750805,0.45238603873187833,-0.11236861145463713,-0.48290380016491935,0.86843377119158305,-2.3145859612403217,-10.170791213790096,1.3880667048409605,,0.2700880201396654,0.2,False,1
-0.81939380882068691,0.51155433774648673,0.25866183637924123,-0.484579750006775,-0.85920183859836929,0.16417876364668427,0.30622908410159105,0.0091847744629818817,0.95191354017492846,6.4534392195841663,-4.6661456584544814,-1.4713662261075835,,0.201378651342086,0.2413793103448276,False,4
0.90484263688493982,0.30078956593422485,0.30130622213988467,-0.42318582464850962,0.71292500910714218,0.55915265286515659,-0.046621457416835141,-0.63345368292771176,0.77237482564726834,5.8680350930457754,8.0521077272773915,-5.1221983133620617,,0.5305948912252267,0.2857142857142857,False,4
-0.98104632278537873,0.08338248682860798,0.17491561805500325,-0.066884998772309953,-0.99291765105252461,0.098188263899336381,0.18186398623288458,0.084628004340257579,0.97967524792293847,10.629490324482351,-4.7179128947825282,-2.1738657635485472,,0.6088930216688095,0.6022727272727273,False,2
0.9715882975527016,-0.20311023943287893,0.12150066129928069,0.11606599761068968,0.85628169923712161,0.50329944938398663,-0.20626406438659958,-0.47489775972213982,0.85552747095205217,2.3397955189689172,-4.4417116406305261,-0.94281016944289142,0.4449156843197516,0.4363314440922804,0.8627450980392157,True,2
0.50901359495831622,-0.85836633501648518,0.064127958473489205,0.80345425025239636,0.50053502852757203,0.32237548444052233,-0.30881455260231794,-0.11256962346596501,0.94443721441595041,-1.4459870583629195,12.477823974297481,-5.6385152153622409,,0.2200420464203266,0.3636363636363636,False,1
-0.83530191954086186,-0.53204460143274779,0.138561341281117,0.54976699134240026,-0.81068296725892219,0.20136877073319123,0.0051921519314090392,0.24438017244150528,0.96966559848010658,-17.519543017212317,7.3483966622858272,-1.9602460250158391,0.43422987415905,0.3954804824817734,0.3571428571428572,True,5
0.7781937848841276,-0.61467955836259891,0.12877683681033897,0.55408303533312631,0.76851219666709025,0.31997030101238055,-0.29564577305239087,-0.17764583897486674,0.93863493050875224,2.8735651262849435,-12.299406145450472,1.1317067766202606,,0.4033084603433512,0.88,False,5
0.080483337677118891,-0.98821871584818211,0.13017757872890715,0.95840135758042899,0.11260403489816052,0.2622730811818948,-0.27384168810526593,0.1036537552239369,0.95617290741980032,3.2649530677976983,0.23836605234386132,-2.5215600005407617,0.2962848354771397,0.2756694186958027,0.9067085953878407,True,5
-0.96643161013757095,-0.23657440829386944,0.10021223611569514,0.23875637576154315,-0.9710259646909587,0.010196515542394313,0.094896448616979823,0.033780545235372342,0.99491383486384699,-9.6267571514775714,14.398151343204983,-5.1607839383892165,,0.3344021006610974,0.3103448275862069,False,3
0.53091496003639482,0.68289177558986081,0.50178494202325452,-0.83693270088999827,0.32964684915235859,0.43689427671336645,0.1329396832797739,-0.65191393425485999,0.74654890190383638,1.4862870448071732,8.7455579840364983,-4.8353024862991063,,0.2266627973867436,0.2580645161290323,False,2
0.94901042180953565,-0.31408129306134402,0.027058467173905101,0.21806565737377612,0.71602527406551075,0.66314038933965802,-0.22765453733899094,-0.62342661817436418,0.74800579100742637,-2.0574390060467889,-1.0250056284920948,-1.3432172467795411,,0.2907784727321722,0.2937853107344633,False,1
-0.8812256372661107,0.36570272307289531,0.29950441492907343,-0.39371342335905501,-0.9184918185784412,-0.036912321403047565,0.26159341828844018,-0.15044699246424842,0.95338060918325374,16.126339936100862,-9.4543729539395649,-1.6565561688321135,,0.4907045272125921,0.1875,False,3
-0.72019525137645413,0.55057079231406503,0.42212628743714486,-0.60901344592510442,-0.7931467858234007,-0.0045605723804021392,0.33229719014345283,-0.2603650874995912,0.90652556424741537,4.3340075733230323,5.1061204670930556,-4.0957352406863139,,0.7004927792534074,0.2835820895522388,False,3
-0.022886325236317836,0.90875945697269567,0.41669229112124057,-0.96365938718888056,-0.1310143894095292,0.23279994684363553,0.26615183936980175,-0.3962215026097643,0.87873301933507186,9.7901266810934633,9.6192802829477184,-6.2592633879771942,,0.2575087067332932,0.2307692307692308,False,1
-0.88214175805989603,-0.47044952689301867,0.022431257948025335,0.47088551999418116,-0.87998265770394801,0.062428752991757014,-0.0096304593247470704,0.065633564480615053,0.99779731883121603,10.411137579305311,-0.52299614767796099,-3.321593764461181,,0.4145203600247974,0.1538461538461539,False,2
0.29505693708029651,-0.94809727646905562,0.11854517380625526,0.90516977473380089,0.31708960171687961,0.28305805657389999,-0.30595601446802179,0.023785265081391088,0.95174848482981766,19.637076390853203,-4.4699481375619188,-3.5883663797562511,0.5005978899710604,0.4870113451367363,0.9347826086956522,True,4
0.68951730365547526,0.58130793025876515,0.43202659429478801,-0.72109432408658702,0.49519880500518648,0.48456281253470457,0.067741152409675584,-0.6456463689510733,0.76062599385670682,2.5517687665869642,4.9530636372225958,-3.8265228228851211,,0.1767322924330459,0.1231884057971015,False,2
0.71233881437417335,-0.69546603103960924,0.09434200128262113,0.62819802414278814,0.69175222431357042,0.35615460494050144,-0.31295471876789738,-0.19443729021779987,0.92965234586573542,15.741737223827696,-7.7008618031912199,-2.1322828330459731,,0.3526162829303499,0.2727272727272727,False,2
-0.58090691869190658,-0.8028181537445902,0.13427644556661386,0.80531167843134699,-0.54285641778090921,0.23828556451486368,-0.11840714673516493,0.246556122804136,0.96186788381244459,4.1681158983221227,7.6024079619472378,-4.8777805687439981,0.3042439574793875,0.322712745144262,0.843065693430657,True,4
0.97887388132172748,0.067994473475501749,0.19282809972336859,-0.15713337854631154,0.85358972786829368,0.49668267316703707,-0.13082440832183295,-0.51648942685646659,0.846240891314477,15.261709099579097,-10.080010526673048,-1.3847395372075151,,0.225655360928896,0.1578947368421053,False,2
-0.092044374539696022,-0.95700969874973441,-0.27506411909687511,0.96486599998388534,-0.15398828243799387,0.21288778956740242,-0.24609233062144409,-0.24580489289422297,0.93755987512188588,-2.0024909754669675,4.6407646751925888,-3.1162938165005789,,0.2207893557916508,0.5111111111111111,False,1
-0.41786180159804082,-0.88236257621120906,-0.21639731714408314,0.8927156555980833,-0.44300123772790651,0.082514614594179775,-0.16867208724422264,-0.1587015673314548,0.97281218100474875,-19.141066293992726,-0.47900334486778545,0.79639530540786097,,0.3972601609290118,0.1578947368421053,False,1
-0.2641573779037667,0.78709235352233631,0.55741053697044141,-0.91753038728252312,-0.38320037049178768,0.10628012263890022,0.29725219614359394,-0.48336642734226565,0.8234063570353245,11.089559317351075,7.3113864682585197,-5.7265624733695102,,0.6160474120722237,0.125,False,2
0.015271555578959654,-0.99400701971064664,0.10824428093972131,0.96414579101199749,0.043323387857434725,0.2618128677861431,-0.26493333739650221,0.10036497810746955,0.9590292998159331,-17.977383201755821,0.73360130782942734,0.29258040838318822,,0.07506899570146332,0.3125,False,1
-0.19203303971727043,-0.97460906305525996,-0.11515418302212785,0.9583598475170414,-0.2115014412994228,0.19186855655729604,-0.21135210981690894,-0.073514043140173374,0.97464145773567712,15.658260624931838,-1.4656946027655733,-3.7467669028231443,,0.2989145119569972,0.5,False,2
-0.85196553618626225,0.44873782916017851,0.26979452520661751,-0.45540950107652728,-0.88933359008370427,0.041084691529299944,0.25837358897550333,-0.087864248869717068,0.96204103981611788,-19.182256609847258,3.9150080613306022,-0.61579237552165822,,0.2844132673118463,0.3043478260869565,False,2
-0.44672833005392909,-0.89027373273545474,0.088580358593246311,0.88021869930717223,-0.41962976437196714,0.22164363794866165,-0.16015255388915234,0.17698458027299341,0.97109609093455551,2.9013449656375876,-6.9799008143656467,-0.35776403105697246,,0.3208768056117048,0.3333333333333333,False,1
0.23830368948461048,-0.96632390985793137,-0.097105369650201639,0.94851613581906991,0.21009433435666922,0.23701795451418231,-0.20863482851355658,-0.14858826302271691,0.9666400759450281,-16.989704726291009,-8.7371717947920526,3.0249356669398582,,0.360971093905501,0.2857142857142857,False,2
0.62422801192825583,-0.77665818322483338,0.084507133154541697,0.72032944129703635,0.61405481011316243,0.32258671109887416,-0.30243162057694539,-0.14049468533289952,0.9427599685330369,14.664568438529434,4.4473348285948893,-5.3188199232674096,,0.0879961454696575,0.1538461538461539,False,2
-0.20097815529272592,-0.97913944327585367,0.029895346068969292,0.95252466725628249,-0.18820820108770703,0.23932077074845995,-0.22870185693046013,0.076574301595115218,0.97048020946940416,-12.621724619273076,-1.4998000567437324,0.14571492699630403,,0.1811650006560005,0.2571428571428571,False,2
0.92321008527640525,0.30523854777774029,0.23347926544870892,-0.37949456309034096,0.81986236806151447,0.42873018790544404,-0.060555883519305964,-0.48441214516886566,0.87274157606022995,23.549331969056663,-1.7291757544951127,-4.9463200480357497,,0.1684370224834144,0.2727272727272727,False,1
-0.45400902071017962,0.81552276638407983,0.35888497687008492,-0.83934492608904376,-0.5266100046090858,0.13484063962395257,0.29895803077081151,-0.24000941763788458,0.92359058856333209,-21.243159934826689,7.8056295404991065,-1.8539545948776406,,0.5853421802870982,0.4428571428571428,False,2
0.97633276483289511,0.12042553847315225,0.17964415380747992,-0.17632369211872989,0.9242122356360879,0.33873544116044713,-0.1252369271076767,-0.36239403028194966,0.92357256287994549,-11.258473531277239,-11.288893690594925,2.8402729554343966,,0.4530453971874091,0.9705882352941176,False,1
0.91754395366338615,0.34713058204752462,0.19394187815711489,-0.39371629287507776,0.8614140794248889,0.32086331122968526,-0.055682796449788366,-0.37076426847246008,0.92705624608413773,19.436187803403222,5.5594584764313471,-6.3786233480780705,0.5044400281038296,0.4088078111110485,0.8888888888888888,True,1
0.87896527988265083,-0.47650898352502652,-0.018953241959097145,0.39718180448873946,0.70948445168844321,0.58213265412225312,-0.2639444088134521,-0.51920227410162234,0.81287289758228609,-15.222307922542093,-13.055637699590692,3.9971716298532294,,0.2113084784543087,0.15,False,1
-0.66636656379911519,-0.73202899760751317,-0.14173619619665975,0.74095500712897944,-0.67135981365681219,-0.016176464916150379,-0.0833143448696122,-0.1157995996039225,0.98977228324019928,-3.3325747589648427,-9.0878496649052831,1.177879897085379,,0.6184725020676034,0.2647058823529412,False,1
0.11058223529660585,-0.98595623693587975,0.12514738544630258,0.95388797252993662,0.14064400877410985,0.26517352556142382,-0.2790507213743284,0.090053104572732204,0.95604452472532864,13.853472911984751,9.3615868716404975,-6.7113423793112359,,0.1134891049441764,0.7142857142857143,False,1
