axis_00,axis_01,axis_02,axis_10,axis_11,axis_12,axis_20,axis_21,axis_22,location_x,location_y,location_z,dbh,dbh_approximation,score,reconstructed,number_clusters
-0.69052313859857395,-0.70790268247512556,-0.14849776834854186,0.71110089157692102,-0.70196878650694994,0.03969061310271832,-0.13233788973111277,-0.078189608737240457,0.98811591831476664,13.924979182857227,22.955186547690424,-4.8811085443565139,,0.3798259700386876,0.2413793103448276,False,1
0.90740845825565808,-0.41706167536096506,-0.051666709119071258,0.40795034836549066,0.84464287913596725,0.34663369714062564,-0.10092771252022183,-0.3356158006858575,0.93657654848678895,-1.3210333536918493,5.1853604414186059,-3.071511714265871,,0.8308658694473842,0.3424083769633508,False,2
-0.80902789238643324,-0.58047759173124314,-0.092301868012849037,0.57541384565666487,-0.81422387815287067,0.077060901060826872,-0.11988651119860479,0.0092326455360728608,0.99274467144831946,-6.9849122623911413,-6.4138181730051942,-1.9514935645344882,0.3624487552671978,0.3320657866955494,0.2745098039215687,True,5
-0.95101682656860576,-0.30661875269903249,-0.039394619894986341,0.2999136052702866,-0.94601341203532952,0.12292458510426371,-0.074958821743406234,0.1050883663521614,0.99163380857062178,-9.7517086223619422,-11.038543093377704,-1.3457508588243499,,0.2738128824203999,0.8461538461538461,True,5
-0.46883204255798622,-0.87662501712324359,-0.1082824788439051,0.87011022864827614,-0.4794506180712384,0.11417221567769166,-0.15200232193145113,-0.040690099345929209,0.98754220666393133,-6.503686974531556,-5.49377814619747,-2.0214669142748893,0.1639135965696059,0.08939343622236973,0.2142857142857143,True,2
0.48931905130342557,0.87117077691425771,0.040352738223361745,-0.85820015133678929,0.47277211696897342,0.1999475572798684,0.15511081934225754,-0.13246887508876556,0.97897529634597502,-7.1482411349677593,-20.435999348603989,0.037009599089015049,0.2698018332759941,0.3033868475461455,0.975,True,5
-0.95549632962764031,0.29022646717420036,0.052871181372191212,-0.28803553907390078,-0.95654518779422459,0.045352309071533314,0.063736114554588677,0.028105185629975379,0.99757095298639764,11.329290134503065,-9.8707853364124478,-0.573129682262009,,0.3915584274970114,0.2380952380952381,False,4
-0.19347005601667475,-0.97916208860467102,-0.061732824852278122,0.96823661627659674,-0.20071193902403467,0.14910591012584862,-0.15838936935965828,-0.030924452663700374,0.98689233754310779,5.0715070887633669,3.3409989414874843,-2.3988863147391464,,0.4167095259033677,0.8512110726643599,False,3
0.72530089571228806,-0.67839934805353086,-0.11710224267493061,0.68026854409896842,0.68013799126875929,0.27321606970009832,-0.10570391945630059,-0.2778248322116712,0.95479843109325147,-3.7330281490122359,10.386152311382775,-3.6344126726605337,,0.3077404534205012,0.131578947368421,False,5
-0.59412851818281254,-0.80153834206465591,-0.067435821950480923,0.79188539460836083,-0.59756142914116628,0.12584856061444027,-0.14116949276616053,0.021368776357301507,0.98975479271844691,2.7955412256442824,-12.379011156655478,-0.57350631869421853,0.3917450390854547,0.3785644710019517,0.9743589743589743,True,5
-0.99658022433573945,-0.056683309256343004,-0.060123696781532739,0.060455100335933667,-0.9961877924163588,-0.062889292284096204,-0.056329719565253643,-0.066309009134295327,0.99620784879528479,-4.752255900670094,3.8836383930006888,-3.2272932909548584,,0.3543837944458679,0.3373134328358209,False,5
-0.94132672018431929,0.33724300609689911,-0.01308284012589591,-0.33606844859554241,-0.93307619308253931,0.12816713994305268,0.031016184897858595,0.12504388326233179,0.99166628637513876,-11.032417337368667,-13.047124269926357,-1.1719351933609488,0.3006734382794031,0.3010046717139278,0.6153846153846154,True,5
0.98954742303161181,-0.11280109339866336,-0.089843257396213086,0.14416914442438938,0.78825768616666458,0.5982182528100557,0.0033399651848027047,-0.60491795602977616,0.79628079915650485,8.3242650295082203,-2.9743291922866364,-1.4343727822298611,,0.2841893032954426,0.1481481481481481,False,1
0.63362494148856696,0.75487426827610471,0.16936431920043629,-0.7585091612120336,0.56307754860876402,0.32803586177453914,0.15226058544820267,-0.3363160914190137,0.92935902684140881,1.3481264634094061,-7.8875260374987635,-1.2454430757610677,,0.2764424887730165,0.2602739726027397,False,6
0.65710074694850396,-0.70646236137136342,-0.26292497090484712,0.74448450707567904,0.55354665163100514,0.37326789735039601,-0.11815848291172688,-0.44101818152282524,0.88968620113065666,6.4840810430936129,-19.235134376898721,0.3441945944075781,,0.3745094831241877,0.3157894736842105,False,2
0.77179729395247032,-0.55576983716104611,-0.30894793274859211,0.63076371371246298,0.60771742441577681,0.48251079731454394,-0.080411905283397631,-0.56727367307450394,0.81959411010893368,-6.0921483334402673,2.0651527487985031,-3.040563367032052,,0.3972228473306678,0.1428571428571428,False,1
0.11078972470843225,0.94653850842887188,0.30296945218994897,-0.98366858322085371,0.060925366213596108,0.16936415835713142,0.1418511730064651,-0.31678534027474692,0.93783009810077256,0.95152047708681453,-9.1466536834279655,-1.1081635145931767,0.6592863504963853,0.4262932867265253,0.2142857142857143,True,4
0.32939216918534742,0.92978482333538226,0.16431975284354525,-0.93373777343457709,0.29494653569129942,0.20283074605478302,0.14012340754067595,-0.22024241957191928,0.96532828989950203,5.8649247299817171,-5.0524987721611314,-1.3909329065994704,,0.2780262741001731,0.3090909090909091,False,2
-0.92502256256376969,-0.3750173618817973,-0.060788461365435878,0.36867130926570146,-0.92472197473890583,0.094713964964493969,-0.091731807309534952,0.065201592942188552,0.99364683253434194,-6.6929521272773398,-15.519346035999213,-0.61749043318524732,0.8495425168579723,0.7155371925353036,0.8229166666666666,True,4
-0.87294081604205065,-0.48576868824409231,-0.04475615275525973,0.47739493317613019,-0.86954309779908245,0.12644713855099082,-0.10034146433851134,0.089014507759066316,0.99096317183980864,-5.2917987530880168,-8.5680767935948001,-1.4752481463182054,0.4958043004392078,0.4976993490642935,0.9186602870813397,True,5
-0.84793611719270723,-0.52193717366284609,-0.092660282262654825,0.52040356523659881,-0.85288997869957384,0.041938210773436402,-0.10091813736485633,-0.012659817640078038,0.99481418293474677,-1.5812776956219008,-22.263224859792832,0.50321795913131118,,0.2676836954514401,0.4736842105263158,False,4
-0.18650405317859378,-0.92183960589734548,-0.33974693397731226,0.9671733890979558,-0.23303012925455124,0.10135380742913984,-0.17260322583524426,-0.30969129767985892,0.93503979945916427,8.557798290643424,21.987262531771918,-4.8937537637438284,,0.4668908772302918,0.3037974683544304,True,5
0.80344048293320702,0.59448722246590557,0.032685359242765201,-0.58330542580422406,0.77495028548872735,0.24332454715522184,0.11932380571959955,-0.21456233906656044,0.96939405405793488,-10.348880798467819,5.7727649282287903,-3.6620356293140537,,0.2887677192195626,0.3076923076923077,False,3
-0.99228842043939391,0.11813508883130999,0.03752054702040019,-0.12377020273093152,-0.92804500891745501,-0.3513024314452497,-0.0066803875513047201,-0.35323726050661591,0.93550991988965293,1.9421183105004687,-9.7253710094727275,-0.99715465518643442,,0.534109069163292,0.25,False,1
0.19949572236592489,0.95329952334967105,0.22676303829987041,-0.97116249181084169,0.16151777869554251,0.17537223744086577,0.13055600812469534,-0.25520976851709332,0.9580308464741607,-2.6181598880867707,0.71454990247972927,-2.5658154059447655,,0.3282095651675027,0.4029605263157895,False,5
-0.89038008489356579,-0.44660623399486465,-0.08812591095615073,0.44588102411836894,-0.8946271607714662,0.028850572631069077,-0.091724679100457243,-0.013605696120013404,0.99569145234706558,6.3870470711837646,-14.120878883506006,-0.27132921387684866,0.5094241762803752,0.4548366340987774,0.7981651376146789,True,5
0.97673215427596727,-0.21166918680872951,-0.034502958701520432,0.21249920584373344,0.9334619417099046,0.28895136423792361,-0.028954901471256352,-0.28955993979641909,0.9567218273593866,-8.3070791055198292,-25.192724477622637,0.64217655508750915,0.4387208096400297,0.3355432120754475,0.2641509433962264,True,5
-0.91272748935289494,-0.40506168899934203,-0.05341870725281489,0.39802754019796543,-0.91105368286132327,0.10749541473373285,-0.092209584228098468,0.076851903358475041,0.99276944832456526,9.2528718484888195,-4.4362082261699864,-1.2431371753331522,0.2890126936586346,0.341199218723616,0.5302013422818792,True,5
-0.82020040760161028,-0.57075713882679657,-0.038827565573967195,0.56088421865494398,-0.81565937398307853,0.14180507359528821,-0.11260632590571906,0.094530810383603558,0.98913282285759474,6.7708959200335244,-0.86353015018103574,-1.8164944537277234,,0.4218012915870823,0.925207756232687,False,4
-0.5827344366732341,-0.79826147705525696,-0.1523128049925131,0.80030205170080926,-0.59626626193836552,0.063112367389625973,-0.14119915849112988,-0.085118500477905631,0.98631518213894942,0.46693809738638326,-17.270094815703175,-0.10179923078995315,0.3698482659789961,0.3647429369696888,0.8947368421052632,True,5
0.81134423182713922,-0.58224271378868897,-0.052095678523385577,0.58024406816791974,0.79131742442760844,0.19270068799357853,-0.070974353373394458,-0.18657480011308861,0.97987370876352697,-9.4550393925891569,-18.087042659062355,-0.36140734812919201,0.3884181883317125,0.3714918078164312,0.8947368421052632,True,5
0.82346611202883468,-0.56361048154893656,-0.065167380093817118,0.5633261735456021,0.79851109082846305,0.21223491706693781,-0.067580948044448461,-0.21147875286211515,0.97504335931757402,12.362885008222326,-5.4525255660303218,-0.96338111347284716,,0.3816928445046844,0.6231884057971014,True,3
-0.9347044976096176,0.35498354930094761,0.017725176277108345,-0.35363206682553461,-0.93383406908457856,0.053835794130302678,0.035663194767903479,0.044052368184258554,0.99839247062280367,6.4011659766641502,-21.768838982133836,0.70543024452495151,0.3793023657558114,0.3200989524529359,0.45,True,3
-0.72920365096948725,-0.68211879521985608,-0.054552585828561775,0.67265297410333924,-0.72915821642034073,0.12596139034101028,-0.12569809800749956,0.055156546615247652,0.99053406984453474,5.7987354694594284,-7.5281421999549076,-1.1317816383116497,0.5672004991075846,0.5083118816530376,0.9764705882352941,True,5
0.61614655580770195,0.77157444941927489,0.15822860288092544,-0.77167427841632497,0.55112385245453743,0.31746071770585155,0.15774102128790551,-0.31770327077166294,0.93497722001342731,3.1347710602313335,-3.3086310690401817,-1.6997116529835483,,0.3881125840790848,0.15625,False,5
0.93547637229627634,-0.33853382747440386,-0.10138443929385539,0.35199232753464615,0.86712571290554441,0.35241225769657103,-0.031390416246702926,-0.36535988514556794,0.93033692611562868,7.2500389132171161,-3.9736946074384512,-1.4092446724029479,,0.2494631052079425,0.1666666666666667,False,1
0.18637195842943469,-0.97917660741050683,-0.080490152262428893,0.97088007871585003,0.1710008978634133,0.16778130313778575,-0.15052363888733258,-0.10941601541802941,0.98253283390742696,4.3452000770368802,-2.5887840610310775,-1.7268900279275823,,0.08937782865779419,0.3220338983050847,False,1
0.95332445196100346,0.29630471109510637,0.058103420519782178,-0.29452401558332048,0.87009911576054777,0.39520011765862351,0.066543921870664699,-0.39386678831244376,0.91675561603216382,6.4557173258027856,5.8053323887306973,-2.6731604721396303,0.9571713500592649,0.8123932587128216,0.3387096774193548,True,3
0.45514966436099452,-0.82915809725874701,-0.32455451434594051,0.87817410533527951,0.35777936126191801,0.31749672340607943,-0.14713607222790889,-0.42952389736226471,0.8909883264353553,2.7157336162474408,-7.054512429135384,-1.2894845408989988,,0.4045555484485326,0.2695652173913043,False,5
-0.31297724979536873,0.91510113164347651,0.25423445867025435,-0.94239133071399817,-0.33249705627951698,0.03666452455107877,0.11808395702053821,-0.22811318776056239,0.96644738742680014,-2.5528102569286979,-23.291139687880626,0.58415185815396087,,0.504166604807455,0.3333333333333333,False,5
0.6529175586035002,-0.72185034772948853,-0.22941389920852923,0.75228504056669576,0.5827826252150724,0.30729729820972007,-0.088124227127446067,-0.37322444618519451,0.92354622697672539,-7.8025346900508561,4.4250535886240536,-3.352014569033936,,0.3071463545404454,0.3333333333333333,False,2
-0.99919775810817801,-0.039200388743663085,0.008195713143931525,0.039767010299246314,-0.99538755595631323,0.087305202245788527,0.0047355130082779705,0.08756108136417734,0.99614789662323,4.1482943399524901,-19.148430124467552,0.27025662555590868,,0.4582519858071664,0.2758620689655172,False,4
0.54517045586195034,0.79530943455366743,0.26508881033570386,-0.82924416398267986,0.46517749503456496,0.30978059108671374,0.12305807797921958,-0.38870657496792232,0.91310673418870758,-0.0069520253260407783,-13.321003521225103,-0.61037104198733094,,0.3967082853192888,0.21875,False,2
0.41020290263462061,0.83989283254569957,0.35540625839803747,-0.89766611602477031,0.30303017606566807,0.3199503969908668,0.16102522414558279,-0.45028073713181493,0.87824719467635848,-4.2392075558840929,8.7722943198663348,-3.576726605725415,,0.6922737741463739,0.2803738317757009,False,3
-0.16022369428229455,0.95927904729422775,0.23262002754021852,-0.9753177856339672,-0.19012913983032936,0.11227701106385786,0.15193282994991039,-0.20888901265901297,0.96606510938639867,-10.091939127796667,7.258036736153497,-3.8326711139995435,,0.2391556382761853,0.2941176470588235,False,1
0.99908805076188756,-0.02555491746476575,-0.034205453047442304,0.038947096193079997,0.87375813759624266,0.48479876307852976,0.017498300572876609,-0.48568885428606923,0.87395660435707379,8.6780674661810817,23.926957160273052,-5.152203677971654,,0.4712617576918421,0.1388888888888889,False,3
-0.93511173732359154,-0.32013239164025636,-0.15192527947100737,0.34514462609738455,-0.91995772339587567,-0.18588430337275458,-0.080257247621327285,-0.22625878764584351,0.97075523960331134,7.9394119428692811,-0.29980416750123845,-1.8110401823532492,,0.1340849504654677,0.1,False,1
0.40852673079183255,0.88821602012174816,0.21018613614513323,-0.90429449772294312,0.36260095846277524,0.22532644387618539,0.12392486278607913,-0.28212204189137663,0.95134104392825003,12.243770078654313,-0.26294316107326798,-1.6461547494243352,,0.293002551374734,0.3846153846153846,False,3
0.87496112922051195,-0.4723259262299207,-0.10654220649215201,0.47064729340800437,0.77795464824209937,0.4162663696315545,-0.11372839382005119,-0.41436069394859554,0.90297899629479317,-7.8972407298859366,-8.104583071741061,-1.6966012181834387,,0.4038510023801168,0.282051282051282,False,3
-0.83455442233001331,-0.54700208917344628,-0.065632542304131167,0.53938100565885083,-0.83550805984455145,0.10485424487945666,-0.11219200909095697,0.052105627092275376,0.99231948319150542,-8.5927956846798299,-6.4641098146578768,-2.0601508482856175,,0.09323049080162418,0.3181818181818182,False,2
0.96336955294817728,0.2681621809754649,0.002854671068916818,-0.25959299767694982,0.92980748309751915,0.26090136054254731,0.067309583340894721,-0.25208547968960671,0.96536124374253618,13.81642396261978,-4.2064760650417012,-1.0631060705190771,,0.691093005258488,0.375,False,1
0.99687925272868549,0.078711602677158932,0.0060198906212143473,-0.06787030936480308,0.81563077674962081,0.57457815580261762,0.04031595944318158,-0.57319361442954364,0.81842758005297733,3.6365962556747329,-10.37911486178481,-0.83185244127133151,,0.4464287631785675,0.1538461538461539,False,2
0.97692228201196096,-0.21356155573245231,0.0037837576135558871,0.19408898317311296,0.89496360337934633,0.40170837088251538,-0.089175789984560869,-0.39170347271806538,0.91575983092797786,-5.9205927662370428,7.052124953677799,-3.5327825314608359,,0.2919185209420789,0.2972972972972973,False,2
0.42676592329676361,0.80883937536486084,0.40453641563157539,-0.89113159290142796,0.29987019194270437,0.34053245383841102,0.15412764465086959,-0.5058228275232618,0.84875670030389028,-0.94947018192188426,-14.015520605750899,-0.56667725897752386,,0.3311321878219805,0.2368421052631579,False,1
0.86608888340527013,-0.49575679717501331,-0.064150168328571802,0.49669587818186517,0.83895564405554723,0.22236598639289851,-0.056420303428437249,-0.22445183305581157,0.97285051472409068,11.184253755025416,1.0951255579085688,-1.8645451714324401,,0.1224423822704393,0.5,False,1
-0.60357146576948539,0.7971200691725332,0.017351686697587857,-0.78963544484887938,-0.60063307111831132,0.12536258659304422,0.11035103056695003,0.061963773298289546,0.99195924354352916,11.860298358434569,-2.7361297038850756,-1.31579938109913,,0.6349946463645733,0.1555555555555556,False,1
0.77223213431573789,0.63042449735281714,0.078882722237565261,-0.61741920447032639,0.71536176332639168,0.32718660351821571,0.14983676678769592,-0.3013677167647601,0.94166153293559041,4.8912542497513174,-18.664282016063382,0.24109805969350595,,0.2514189010863415,0.1666666666666667,False,2
-0.9819674169777145,-0.18542728094637256,-0.036833618814204452,0.18081532611823659,-0.97807244683068983,0.10334460117191904,-0.055188856075034126,0.094820948273376268,0.99396336850694178,-5.7052129901826971,6.0672322421427687,-3.4135146268100662,,0.07010615167727077,0.2352941176470588,False,1
