axis_00,axis_01,axis_02,axis_10,axis_11,axis_12,axis_20,axis_21,axis_22,location_x,location_y,location_z,dbh,dbh_approximation,score,reconstructed,number_clusters
0.58606714955768802,0.80293519854646422,0.1087214934798077,-0.7944730210586769,0.5430897163807592,0.271783330561991,0.15917887742796993,-0.2456595752186746,0.95619739493692124,8.510248570316973,15.095695248237226,-4.5454498578752602,,0.1393759357450595,0.3333333333333333,False,3
0.16520350825838978,0.98514682861193104,0.046835103661392818,-0.96596412043370949,0.15203726099329518,0.20927969157179477,0.19905054356582161,-0.079814768968593214,0.97673357870027167,-5.414857912378146,-5.3605759161812081,-0.91097749543349416,0.2208660870173572,0.1514455326598912,0.609271523178808,True,5
0.33553998963021731,-0.9241091763051652,-0.18285279770225654,0.93028339819485939,0.29450272485640044,0.218725728013829,-0.14827580518067648,-0.24349615052551432,0.95850086608060914,-3.2234885504287125,1.7992175889445308,-2.0438355295889563,0.4398509095225996,0.5312215365904518,0.5939196525515744,True,5
-0.80191425604094591,0.59656771344845028,0.032256615277879992,-0.58165960005819362,-0.79192224131683642,0.18582592221717081,0.13640247658470073,0.13025408622614246,0.98205307259992525,-3.119315560512343,-9.4130068192612057,-0.36645836228732515,0.2604682831073335,0.2503453629392453,0.6024096385542169,True,5
-0.72691457529752879,0.68265208614495398,0.074708296071819016,-0.66752644827518115,-0.72794141560088432,0.15655585682465223,0.16125644505920958,0.063932970640520809,0.98483954743498348,-11.156389898561187,-7.3038326358651666,-0.28922634213028919,0.2460627047938926,0.2740006815353718,0.4285714285714285,True,5
0.88452964873518503,0.45645057494134933,0.096229793432820496,-0.46019199055551385,0.82006355115121277,0.34017510770457249,0.076358577363421082,-0.34517914871697453,0.93542542351277824,1.0577435034230092,-20.54294480051918,1.2645339082117217,,0.2561253087734797,0.3529411764705883,False,2
0.84254422413861363,0.51902046037226512,0.14400344470054796,-0.53293296975124116,0.76451939965259574,0.36261899744353937,0.078113251902506384,-0.38226672529766043,0.92074451972706228,-9.5175479791908018,2.0463298272167352,-1.924315828560323,,0.201384582525726,0.3846153846153846,False,5
-0.80034669347326148,-0.59939424589786772,-0.013103748736332712,0.59017193397863654,-0.79150419862845223,0.15880236741764372,-0.10555689740767424,0.1193634849443455,0.98722342955969578,9.6070400350074507,-1.2157663646636525,-2.0163763602166993,0.4589221417969278,0.4152511654915376,0.7857142857142857,True,5
-0.034293151961770379,0.9979482722642613,0.054066862432571708,-0.97875885847837074,-0.044476505467600638,0.20013229977069424,0.20212638788303583,-0.046055253187515993,0.97827595134255962,0.61234962030729467,-13.772398949605769,0.20176017938818125,0.3177295094640551,0.2775792514062788,0.7045454545454546,True,5
-0.2381626155942238,0.96996901689483006,0.049382940347821487,-0.94979216987994775,-0.24322850437238794,0.19681140387567192,0.20291230265328813,-3.0411342208228054e-05,0.97919691406125853,3.6424069958510117,-15.087426701675778,0.28942288134777233,0.2456311830505029,0.3034721008895611,0.8524590163934426,True,5
0.39690397315976278,0.89848264045982817,0.18760645213406368,-0.90611493575389002,0.35095925808027528,0.23618493256655326,0.14636584059717941,-0.26373574645860787,0.95342566398550621,7.3522449886995087,10.120118784641269,-3.6099845524969867,,0.2693866553608576,0.2413793103448276,False,2
-0.99712723555884131,-0.032360048110890188,0.06848432954365824,0.037905020593124936,-0.99597017148082068,0.081281159774573161,0.065578087198532184,0.083643558070695345,0.99433559207777333,-2.0961190385221244,0.84271177971440192,-1.9551575430119756,,0.3374106056154232,0.8742138364779874,False,4
-0.91727569787448171,0.39639415817007495,0.038431308298319158,-0.38583853168737942,-0.90844130362469311,0.16081985366861778,0.098660638322533897,0.13268786394130491,0.98623527071814077,-9.8583520008167671,7.7680257569296938,-2.7335414431346545,0.2794676452939935,0.2106242305839769,0.5609756097560976,True,5
-0.99105964970689442,0.13061224216890902,0.027225225774252477,-0.12379393030704613,-0.97631234425496916,0.17745216052362212,0.049757748562238684,0.17249535834618102,0.98375277270615114,5.1700440162521986,-10.877069973119637,-0.46944387810055327,0.2787318215463204,0.2972428901613468,0.8936170212765957,True,5
0.89077618191753782,-0.4430788803794386,-0.1009896009008711,0.45004959410075696,0.8292832613514779,0.33127727856283939,-0.063032980083111714,-0.34054423824807312,0.93811324754417702,-6.1786457035231734,8.3712123031498624,-2.9381190349704931,,0.4488357473479804,0.1666666666666667,False,2
-0.61085994040325065,0.79018201886832007,0.049623686559185254,-0.77229570956902716,-0.60849212048229018,0.18247376877852897,0.17438311326447609,0.073141755298551714,0.98195764340425451,-4.9445649273956063,-2.7683073172793771,-1.3519834968744273,0.3357180530489081,0.2615496998202672,0.9451476793248945,True,1
-0.81913451677461735,0.57277784050028524,0.03072765627645677,-0.55822995494116789,-0.80835699240105896,0.18691787031393153,0.13190132992049616,0.13595778119748875,0.9818948624455982,-0.96813447529882068,-1.7602535299602298,-1.6292312477276933,,0.3602911552246217,0.9899224806201551,False,5
-0.77954994504403008,0.62077914603378237,0.083277458122930123,-0.60948331807998568,-0.78247375557324461,0.12753394380051206,0.14433283813484504,0.048662857382907071,0.98833190687504913,4.0144728785508663,-21.22768238439868,1.1974741936124949,,0.2335094069779482,0.5555555555555556,False,1
-0.475531572491937,-0.87277105053081749,-0.11018356011074362,0.86212881039305667,-0.48727178412351735,0.13892488145518045,-0.17493895464875009,-0.028929254266509427,0.98415418527484055,12.57085197929872,5.6704808875992665,-3.000427573193031,,0.1830964092002324,0.2692307692307692,False,2
0.18454078959106149,-0.98172228629128544,-0.046540837724733719,0.95152030535195453,0.16660604352138383,0.25855663744153701,-0.24607682840940387,-0.091998798150645433,0.96487430044478162,12.67064157617329,9.391867628537538,-3.6125410766095416,0.4471155144714852,0.2391856384958487,0.8153846153846154,True,5
-0.68952006417628309,0.64368739020594767,0.33200696496939797,-0.70583874202277974,-0.69996228759389889,-0.10883228475969711,0.16233838534996731,-0.30938542246875889,0.93697753922161509,-1.385490235690074,4.0923615234037936,-2.4194711806021982,,0.5839524433768252,0.388030888030888,False,1
-0.73823574322287022,-0.65957580907494617,-0.14130725215396947,0.66374899908561957,-0.74763033575476989,0.022048747629899168,-0.12018840892953625,-0.077515373587044453,0.98972021966647039,1.1571920822579964,9.9056700153334702,-3.4021251898622977,,0.4319418137731494,0.1228070175438596,False,2
-0.36894468147197779,0.92661807638845894,0.072517325679403763,-0.90852793566751044,-0.37600151981231184,0.18220825231191734,0.19610408492755205,0.0013407494111488602,0.98058216905353912,-7.109046373074472,7.16782747794909,-2.6992347788943731,0.3344673684320135,0.2601157344643475,0.5869565217391305,True,5
-0.97440231007527411,-0.22397358361657568,0.019389996439378936,0.22391926840873855,-0.97459509337150041,-0.0049563304462894309,0.020007482481952964,-0.00048766601920712319,0.99979971135552403,-7.1020714916361953,-2.6885434832076154,-1.2648373325863111,0.5915771669185912,0.4949286304243564,0.1153846153846154,True,3
-0.83249401229853581,0.55261351528802583,0.039648735264790791,-0.5392794975894093,-0.82465170719513958,0.17066688401637128,0.12700922394377848,0.12069740900762582,0.98453074735736212,-13.901490372083449,-6.0137589221731851,-0.37780723864792626,0.6164149111061477,0.4309261488618502,0.5853658536585366,True,5
0.28716784980988647,0.92003683599248565,0.26658365751205088,-0.93908886426005156,0.21555597107812666,0.26767093296682765,0.18880341908538795,-0.3272122304399725,0.92589709211778248,-0.879488686229975,-3.2181248242570524,-1.3970338757314211,0.5117039796280987,0.468001755286145,0.1285714285714286,True,1
0.55884150436388114,0.79788127049068847,0.22601250231011641,-0.81432924234096205,0.47648632094873389,0.33140409022390804,0.15672925083949779,-0.36925095009885384,0.91601838288452753,10.211978628599136,-7.1218893960727758,-1.1220768702830783,,0.358159837512,0.1666666666666667,False,1
-0.96977760816568359,-0.24379773152066192,0.0096982888092489398,0.24259379844710424,-0.95921691098377426,0.1450902017289725,-0.026069899413962393,0.14305797352167202,0.98937089938830369,3.0405124902134286,-3.5387532958631271,-1.4759541355676145,0.5513186850852361,0.4931372157837793,0.91651865008881,True,5
0.50854666588475317,0.83601182971098342,0.2060691854712757,-0.84341143372135885,0.43548870588038491,0.31465336565609769,0.17331313304416252,-0.33381702717794587,0.92656826531049263,4.3386408039937434,4.8707520010632894,-2.6093794713921281,,0.1850934536718369,0.1290322580645161,False,5
-0.083130420013710654,0.98609496786044826,0.14389596112693237,-0.98155831060243415,-0.10596546602185127,0.1591056344007496,0.17214126802030114,-0.12801575829198322,0.97671866444400934,6.0274284011907868,10.516185295605945,-3.6050651789001602,,0.1383953012187389,0.1891891891891892,False,4
-0.75578393539726352,-0.63327738816099188,-0.16658449099306338,0.64469876273165239,-0.76417739845819777,-0.019910023052168463,-0.1146915355538598,-0.12244449080972807,0.98582615016170305,-0.59429750746107968,10.298485659410497,-3.404362044311009,,0.2342157621736631,0.3235294117647059,False,3
-0.86274746135038238,-0.50420993840027928,-0.037936208981089306,0.49711393687943928,-0.8595333929978296,0.118659513237932,-0.092436744283295263,0.08351457561422744,0.99221004024666071,0.81495524908691475,17.318428376225125,-4.6845569063668959,,0.2429791043663417,0.1176470588235294,True,4
-0.9267211578226997,0.37428235704787344,0.033175485624837422,-0.36295005005205239,-0.9145053285026139,0.17873797947705247,0.097237630632221309,0.15359922311982813,0.98333723708909615,-7.865307344326161,-0.81850119426969126,-1.5618787900390905,0.1911501269233374,0.139108799762784,0.717741935483871,True,5
0.41618431176756576,0.89624148319917951,0.15343344626088937,-0.89118506486494786,0.3685563707708564,0.26449079705327,0.18049875013477718,-0.24681451609893318,0.95210440385633832,-7.045639387804373,4.2484258846777401,-2.3444386416028644,,0.3609484285584064,0.2532467532467532,False,4
-0.84836837816099919,-0.52197333750663766,-0.088402091992543175,0.52108644081303179,-0.85279930064787446,0.034673823199984646,-0.093488053446860855,-0.016648956324008347,0.9954811882281045,-1.446477937937569,-9.5685390597501012,-0.4280395969477882,,0.2807393072369443,0.2647058823529412,False,6
-0.64960590217679248,0.75871738188794857,0.048580925044411222,-0.74133210134621919,-0.6463029114452723,0.18088466538366857,0.16863833304048229,0.081489146997988759,0.98230373691178952,10.971241443483033,5.9929221103028487,-2.9888067898202522,0.2553196603375697,0.2332172901120542,0.8609271523178808,True,5
-0.9618026590432075,-0.27340355808377248,0.013643294490400195,0.27155234098103981,-0.94662360447189797,0.17367520710899231,-0.034568354967160306,0.17074614456487019,0.98470847612432977,11.029849435307835,-5.8033831428341749,-1.3528166658490808,0.2498152594543535,0.2437891274894182,0.7204301075268817,True,5
0.86954457038704525,0.47128181134082064,0.14759977781055153,-0.49192620894703609,0.80017498837118806,0.34311600507141271,0.043598681876933588,-0.37096285836251019,0.92762369129626598,4.5437984890683225,8.2565233198046535,-3.1854622592460951,,0.6107311433882002,0.390625,False,5
0.68891243893156795,-0.64754161294590373,-0.32571384832207662,0.70640775960827218,0.49908330294715064,0.50190032265837892,-0.16244300123606686,-0.57585216524971139,0.8012531155175866,5.9461649542693849,13.919231863453476,-4.232191410318209,,0.2013230149917695,0.2777777777777778,False,1
-0.96340817159741621,-0.26758013301396755,0.015670587594357702,0.26592931216844029,-0.94687173926209534,0.18087429423883239,-0.033560331180505762,0.17842304168184925,0.98338137178210439,-5.5375689497139042,-7.6604677484798511,-0.51681981635324392,,0.08622342284570708,0.2692307692307692,False,1
-0.031403270906441259,-0.98322296106657625,-0.17968428814966042,0.98441798794213387,-0.061544521935788368,0.16472248430513645,-0.17301751238628221,-0.17171162060608719,0.9698350683268232,-3.1394299559303711,12.278039435268157,-3.6356071296407557,0.3944897091116556,0.2963101477004695,0.3720930232558139,True,3
-0.99284765082407322,-0.1171729914755453,0.022891752265656425,0.11910041899978221,-0.98538206279669582,0.12180837620051482,0.0082844702423705181,0.1236635774478549,0.99228961859207354,-3.7475388851326277,8.5951572422026778,-3.0502410805943576,0.4987015406745423,0.3301073429124737,0.7525773195876289,True,5
-0.77268817041151838,-0.62884944204558235,-0.086610452862581691,0.62587029802912852,-0.77749836253988303,0.061503384400632827,-0.10601585424374779,-0.0066839723789004508,0.99434197495741261,-6.995825494880302,2.5145433684339156,-2.1252063059953237,,0.1054114950073935,0.3,False,4
-0.50644444186384929,0.85802715831121867,0.085460066145473024,-0.84013918469513649,-0.51332676968018109,0.1751050480982809,0.19411382651682751,0.016882628056226243,0.98083372659432422,-13.555494238671994,-9.7463889958033096,0.28216391151043552,0.2424399250297077,0.2034118110644671,0.5217391304347826,True,5
-0.29916729457953678,0.92093071777117497,0.24977098093940239,-0.9340685372368982,-0.33613031256883247,0.1205503244147525,0.19497409468461102,-0.19723850039444565,0.96077160468243894,-7.6569350545623793,-6.1936091384769814,-0.66202928411855333,,0.2954080332933924,0.2941176470588235,False,5
-0.8349604914324209,-0.55030637424590712,-0.0019677934987284949,0.5423468002608175,-0.82347929302183309,0.16655870499951311,-0.0932787542465216,0.13800271167113165,0.98602957642133204,8.7038910043995017,-3.7834869643905047,-1.5769843105088865,0.478083372149258,0.4640622001184933,0.9672897196261683,True,5
-0.26929805925615818,0.92145911638124622,0.27998509267238186,-0.93858730403606827,-0.31623847546560596,0.13801122902683147,0.21571376400956407,-0.22562429716917659,0.95003223552874438,-6.7413498249114081,11.419877283397772,-3.413480415081608,0.6977630809724497,0.4385231098041215,0.3428571428571429,True,5
-0.63661403954665785,0.76894202562675928,0.058742879373620938,-0.75242976825785945,-0.6360248751302604,0.17123610032630882,0.16903256636373801,0.064811414431055203,0.98347723515490459,3.4787788560465462,-8.1183303181066329,-0.83887997319804719,0.2699590243640272,0.2219144743698057,0.9021739130434783,True,4
-0.92900289853271556,0.36860051229249152,0.032973881414328374,-0.35708428144085125,-0.91623131698967419,0.18168926692360801,0.097182459660600545,0.15701540085316476,0.98280299828054851,-10.265167509362524,-1.7953517080366002,-1.2648161409498486,0.4268128407506352,0.4076905387247177,0.9495412844036697,True,5
0.080517486766713831,0.9953542088090801,0.052791413419477143,-0.97606150874871289,0.067999684087340931,0.20659132146150744,0.20204174188509202,-0.068161880623086604,0.9770020944532134,7.2864436173536902,14.013196894469829,-4.3329735328862258,0.3594634111433993,0.2955723592122194,0.7818181818181819,True,5
-0.91678220146839573,-0.38223164697558593,-0.11579880448905422,0.39567653734409736,-0.90868194383556655,-0.13318109003384218,-0.05431825536730911,-0.16791692290400151,0.98430352744278249,0.95807214898994608,12.20938585298447,-3.7269086568167369,,0.4121117552376081,0.3636363636363636,False,3
0.63266739086526624,0.74046087324495558,0.2268251920070912,-0.75589885473316121,0.52677138899153009,0.38875291015377422,0.16837129787713551,-0.41740819222105735,0.89298460631632237,2.9188392462171446,5.7586701666339568,-2.731335212369244,,0.6636463949795283,0.4525745257452575,False,3
-0.69731543073816127,-0.71606911918044458,-0.031562740859999716,0.70447263705397356,-0.6928125145937154,0.15404260210913573,-0.13217221227123868,0.085181196155463934,0.98755995773666883,-5.3230829545881635,0.43730783330511946,-1.8431767932773386,0.5327851089152006,0.4374460573866851,0.9113573407202216,True,4
-0.82833421741306423,-0.55988902473590019,-0.019664797048787066,0.55172802832820245,-0.82134809510056506,0.14485678938782248,-0.097255370133282046,0.10914021557132934,0.98925719927897571,-9.580520446666938,-10.804521825613342,0.28252573824110827,0.1964045095235459,0.1164865201404662,0.6060606060606061,True,5
-0.92875764346168987,-0.37046103214311166,-0.012956209899127099,0.36572980861077475,-0.92147344965210332,0.1308754701224773,-0.060423065173953232,0.11681312105116395,0.99131415199485151,-14.551513510336044,10.327439757674632,-2.9528280316898194,0.4524001911327117,0.2862003733077855,0.7419354838709677,True,4
-0.88147991342021292,0.46991059018877668,0.046660470048316846,-0.46051162946003665,-0.87728287991589116,0.13529149174483196,0.10450933627555059,0.097769043336404238,0.98970652862165576,19.896881985395986,3.5910679358598179,-2.9800519202247462,0.4406139505417554,0.3603926695045263,0.8333333333333334,True,5
-0.31559556687952345,0.94515614934063252,0.084138525834364444,-0.92691786609126359,-0.32604484459514377,0.18579028186034555,0.20303375996816483,-0.019354913498031551,0.97898042862800538,-8.5094840360339319,-4.4273323444639363,-0.92344397984393634,0.3373070905188964,0.2560914357022406,0.7052023121387283,True,5
-0.9357902572729877,-0.34688179922010237,-0.06300485507308537,0.34640599838284997,-0.93789877138642364,0.018675623583103318,-0.065570410074490701,-0.0043487931269932173,0.99783846855139946,10.830482158213226,-14.857888741311893,-0.090596143925397998,,0.4794087871481595,0.7142857142857143,False,3
-0.93214462312993018,-0.36199130215001279,0.0082884701663129452,0.35814042123605833,-0.91837502479138433,0.16829364966118648,-0.053308913389960626,0.15984245683535303,0.98570205881190054,1.4293258202924846,8.2309161080674649,-3.1119908196409498,0.56516098457147,0.5202691171064809,0.9596774193548387,True,5
-0.18304641445720213,0.95072683842187922,0.2502248765784521,-0.96168197274847178,-0.22600524369993116,0.15520764514270452,0.20411220797632654,-0.21222654999899063,0.95566631102626809,-7.7439507582264469,8.0500273669477433,-2.8076256917637292,,0.2023892864950959,0.225,False,1
-0.98044516839775064,-0.19623748409063421,-0.014768940493002557,0.19365989623872359,-0.97545465235071704,0.10480489395133122,-0.034973080423585171,0.099895300415590513,0.99438313169550763,15.490587709029937,9.5293433661690568,-3.8037784782755417,0.335664610046426,0.2292994088844003,0.7307692307692307,True,5
-0.48686672995658586,0.86652945099418044,0.10994315722729167,-0.85292682109979323,-0.49877339659073461,0.1540809420465187,0.18835239608240142,-0.018756583192729874,0.9819223826132859,-12.290288196289108,3.0225089202703432,-2.0277755216090063,,0.2210906972793039,0.125,False,1
-0.99998718584933144,0.0043231492132127305,-0.0026341066826843056,-0.004666728050819832,-0.98887602398703833,0.14866886302412749,-0.0019620872649185502,0.14867925061846182,0.98888352734237539,14.229844780609566,4.6558918631480495,-2.9443958311095071,0.4920654063854167,0.4608156063389723,0.8508771929824561,True,5
-0.63846881272586875,-0.7655234765281782,-0.079569982158043728,0.7514397206369432,-0.6423787863282725,0.15062483568285917,-0.16642091643027432,0.03637721484153722,0.98538356837065244,-0.62067391169812092,11.89890057941248,-3.628968960073907,,0.2445269601340432,0.2424242424242424,False,5
0.64485689253773526,0.7623272192500653,0.054925394282046423,-0.75179123940499781,0.61971021176646435,0.22532018503955781,0.13772988238023279,-0.18659170459274466,0.97273532642579641,1.1523085974957523,14.735329082197499,-4.180918021160732,0.3703006468119869,0.3640866425589804,0.7303370786516854,True,5
0.6048930310543017,0.79426933470815386,0.056926662682842376,-0.77803853322664041,0.57427908155922169,0.25467543520731312,0.16958909692688784,-0.19834253307287145,0.96534956247866988,8.228656602317308,11.447814969575269,-3.8604475829778351,0.323343637896187,0.3291419027488696,0.71900826446281,True,5
0.11765884734668194,-0.95335937075988431,-0.27796097896173511,0.96775954951224719,0.047306095058694118,0.24739358863589922,-0.22270574749857916,-0.29810743626185121,0.92818861578694434,7.5722217479910343,-6.0019486724365336,-1.2146556082342987,,0.4967701422228297,0.2244897959183673,False,5
-0.99771130026748245,0.063246519681808458,0.023917338202826925,-0.058133728509633872,-0.98297364265868992,0.17430802462271833,0.03453448896593056,0.17251868184763239,0.9844006671500265,2.7305144713751264,0.27912365529458133,-1.9696716871118372,,0.3990006248558605,0.9959493670886076,False,5
0.72413790863111782,-0.68309652437139867,-0.094886393519119899,0.66590646170918866,0.65675749206661493,0.35389006890320907,-0.17942372623847386,-0.31945067695355484,0.93046138633293973,15.028821550404031,1.7526874566514676,-2.5823258517304768,,0.4661786292428752,0.1363636363636364,False,4
-0.82667681816580529,-0.56248787369842268,-0.014588702803431584,0.55424125126202639,-0.81848207983510168,0.15133975151396584,-0.097067366847787148,0.11702340334750515,0.98837414442214333,-8.1265764052570724,-8.6922383701732855,-0.18603500865081907,0.2475452826319397,0.3237077604634377,0.5283018867924528,True,5
-0.66759035377164011,-0.74404713467004802,-0.026776499777778892,0.72930338486556712,-0.66075127938614375,0.17755089302282415,-0.14979883969739061,0.099003071562791506,0.98374727417485119,10.529721011301442,16.103546450879101,-4.8048976778061174,0.4275105494441045,0.3484301038397019,0.95,True,5
-0.72312221289722367,-0.69071552905231626,-0.0025145855729977046,0.67893155626156898,-0.7114456710618331,0.18137529886846304,-0.12706772653537601,0.12944927598622988,0.98341073708790383,-13.79340567026164,-1.6103809209702322,-1.1518393577796862,0.4527767979857196,0.4327705503132382,0.7349397590361446,True,5
0.39595470398470611,0.87644370639749647,0.27398230218136838,-0.90091662911802783,0.31304595045872646,0.30058519637534092,0.17767695340418668,-0.36585333457221808,0.91355472622683886,-8.3474114835255726,-7.6606911556239705,-0.34043566034212785,,0.3249425823061058,0.3333333333333333,False,2
-0.0088648551385252915,-0.95999436430861984,-0.27987896462410916,0.97905668748473984,-0.065263014724682628,0.19284382697005267,-0.20339473207234918,-0.27230783941109044,0.94046744949545302,11.969583307146802,0.080813881829495393,-2.2387375323299459,,0.2871245661702639,0.1666666666666667,False,1
-0.32140916782096335,-0.94689020072518637,-0.0097516465917924476,0.92873174895675847,-0.31722188095145154,0.19190522849923369,-0.18480661600807446,0.052623435998026893,0.98136501296072554,-3.4276424325665529,14.099037699838432,-3.9634912130296414,0.3614661353700874,0.3063249240201713,0.896551724137931,True,5
-0.90097457822308935,0.40448703040377021,0.15695557215615835,-0.40484830146915068,-0.91385421199505779,0.031118033620983671,0.15602135172235582,-0.035506639576741744,0.98711530043490747,-3.0852485909101115,16.64558035654747,-4.461621936857834,,0.5109968925863212,0.103448275862069,False,3
-0.99914108671312674,0.034739238050055909,0.022589249244126725,-0.031238864476010382,-0.98963050682485976,0.14019840693752517,0.02722539601109954,0.13937232616725598,0.98986571438289883,-3.5518474477755602,-12.935418916830365,0.28406457377169131,,0.1561700037806424,0.76,False,5
-0.99841423921529193,-0.05617880937002788,0.0035983760110155551,0.055612478926911513,-0.99422688702488549,-0.091761371526424496,0.008732646778292311,-0.091415745331823145,0.99577452386856824,1.7086515397009678,-5.2989946756687809,-1.1929642343333173,,0.2468008529121082,0.3902439024390244,False,3
-0.48079618649076028,0.87488265370948359,0.05844116095863721,-0.85562121794701629,-0.48269347978333538,0.18686716130320666,0.19169600531781017,0.039841521217268729,0.98064534605140885,22.929866330379205,3.4639422423325148,-3.0246489988305814,0.3536408222852274,0.1689578536151474,0.1935483870967742,True,2
-0.29073915207685841,-0.95672939910519073,-0.011815343306551249,0.93749091993001055,-0.28731785153387818,0.19636503568288297,-0.19126296164812726,0.046014226906235765,0.98045967302271531,9.2081336555289859,-8.0413890045448433,-0.9762088592089172,0.1367675497417021,0.1363822290414204,0.7307692307692307,True,4
0.048248276275050968,0.92663711585079989,0.37284817200061027,-0.99369574922413884,0.0067112422585398207,0.11190941515897339,0.10119714329151108,-0.37589708000336675,0.92111916896489499,6.3631746344735172,-8.5100156767336834,-0.78488467901855918,,0.6161562531081513,0.6666666666666666,False,2
-0.65659656808037359,0.74613728510896793,0.1102728368878462,-0.74108868202928102,-0.66539895428788098,0.089620293464688291,0.14024447280794247,-0.022877574233573526,0.98985256702400315,-10.757595273033337,2.0744766916432038,-1.9294710002811581,,0.213266876608481,0.2857142857142857,False,5
-0.94928482206117126,-0.31441703676582389,0.00050358285225418284,0.31137287545541648,-0.93986915988116626,0.14033137473457774,-0.043649273017041627,0.13337124613524959,0.99010446502852145,18.545189342351655,-6.2750523594406244,-1.4359281977578029,0.7255713831888276,0.5894255691782782,1.0,True,5
-0.60741203319026371,-0.77544873361300481,-0.1724235583487822,0.78216886038517386,-0.62173349180536208,0.040734985102105867,-0.1387893936128666,-0.1101214180143784,0.98418025661718789,-3.0421722989487781,-7.7209057924140794,-0.6679097425428272,,0.1750565398052243,0.4210526315789473,False,5
0.67688730770790284,-0.72140652933373028,-0.14627437266524623,0.71763576150761654,0.60254519577248922,0.34919650750956543,-0.16377572002385637,-0.34133840464582449,0.92556231937374867,15.191784987673337,-12.076098404070668,-0.55504593931538482,,0.2896190904050611,0.2173913043478261,False,4
-0.97866642965700423,-0.20402655364763439,-0.024190594640891877,0.19970310872319069,-0.97231454352281965,0.1213387688263886,-0.048277197813299422,0.11391924271464973,0.99231633983856959,-15.820116521848739,-7.3759902209330503,0.036236709384487288,0.191424249974983,0.2366886126506164,0.6111111111111112,True,5
-0.031977916754990121,-0.97316404039817495,-0.22787971238333352,0.97985436122193026,-0.07549346425528275,0.18489501791313831,-0.19713661160315785,-0.21737637252156963,0.95597315288400742,-7.3949227422215875,9.0440324356928503,-2.9671867839958779,0.8283953136594779,0.3449767798620354,0.5909090909090909,True,4
0.13305931804338014,0.98016634895407195,0.1468643805007718,-0.96998626401925203,0.098356882765898157,0.22237934082677085,0.20352362392558843,-0.17204607519679202,0.96383519468505374,-4.8935070199190633,17.808804012953903,-4.5447195419004434,,0.1513533983569103,0.25,False,3
-0.34702864139014694,0.92183487775329764,0.17260237603368023,-0.91246700726150998,-0.37439884493677306,0.16501353147313072,0.21673735883352577,-0.10022955186756712,0.97107103458928012,2.4971581787606616,10.305527984022802,-3.4618688062714127,0.4752852538221268,0.3200329195323174,0.4625,True,4
-0.47172407450575754,0.87883872218673242,0.071546473825611731,-0.86112565785455208,-0.47661873281125383,0.17691010405841742,0.18957583948449797,0.021842250767420787,0.98162310341859904,-11.034558986180704,-4.3278616761856394,-0.79959598559998801,0.2317542022400496,0.1881948965009372,0.5873015873015873,True,5
-0.97134298486921111,0.22995149683920213,0.060125825123509724,-0.2231101000044953,-0.96934768484757172,0.1028929013908986,0.081943206071989655,0.086529619102729716,0.99287357503187723,-15.413299097334262,3.7386140293589802,-1.9454276271917896,0.4896135114330831,0.4243484742153392,0.8554216867469879,True,3
-0.063209773597005539,0.99721630126665928,0.03954962717725885,-0.97688819034732755,-0.069932083190752309,0.2019875424389504,0.2041910577908356,-0.025867976895122251,0.97858921907489582,-0.12898155367434311,-11.183987286944769,-0.21677105306503303,0.3330649792710595,0.2793491107085705,0.6571428571428571,True,5
-0.96307220747502442,0.26719623518864455,0.033137517864156169,-0.25896709879728774,-0.95295045876319528,0.15754829381345559,0.073674723818270949,0.14314885624422469,0.98695513577176897,5.1787175512163364,6.4869726976303159,-2.9041549639522946,0.5662795942757837,0.5446287009180516,0.904228855721393,True,5
-0.3692978298004097,-0.9044917086279608,-0.21333978046295157,0.91141060278203889,-0.39735249867531708,0.10696590546974727,-0.18152086943706594,-0.15493786115651298,0.97110474879853048,4.9997083140027065,2.1519871909063304,-2.3292710598671684,,0.09432469189000145,0.2978723404255319,False,5
0.47999117109948253,-0.84168916123101123,-0.24732131233030616,0.85667736301059361,0.38898019681229062,0.33881898145335321,-0.18897717156250188,-0.37450468936197484,0.90776311132041954,-9.0691775839907223,11.593486828441277,-3.3540361500587261,,0.6540351951517333,0.3714285714285714,False,1
0.97107325616206974,0.22630827293487674,0.076166244282029255,-0.23720290799148844,0.87764001831370686,0.41651263929765525,0.02741371202843319,-0.42253113950991894,0.90593373076471351,17.927165942780082,2.6050070831383727,-2.741246355927633,,0.2978180771607701,0.2692307692307692,False,1
-0.81342443240771345,0.56776758734978106,0.12641463331908814,-0.56555708608113164,-0.82278699478634609,0.05627382689913403,0.13596277117509087,-0.025720185953120263,0.99038002649938783,-1.9806101653964876,-11.94529905815727,0.06951893245049269,,0.2150218530130646,0.1363636363636364,False,1
0.90400388160389633,0.42215730186863654,0.067529212375696063,-0.42052674469560292,0.84958372352362399,0.31837831854486215,0.077034012233610782,-0.31621307563528656,0.94555541971714419,-5.9428677762891295,1.4001839803636742,-1.9816174218614742,,0.1516296147702875,0.3518518518518519,False,2
0.95446736717503633,-0.29791532252054981,0.015443626692957979,0.2836829417930431,0.92244815186121876,0.26194158826629049,-0.092282357650850674,-0.24563360465396183,0.96496015396030821,-18.856150983757392,-13.998161357122017,1.4586619884021792,,0.2931972644852655,0.7272727272727273,False,2
0.99518316760848868,-0.094336670898493055,0.026665622672741456,0.082035252736574485,0.95030302374928532,0.3003237925330135,-0.053671968635237877,-0.29668966206586234,0.95346450600222321,-11.409922873357365,10.120532900729286,-3.0476298740375194,,0.2048459422478742,0.4285714285714285,False,4
-0.61915222397762548,-0.74150558404345279,-0.25849563318543528,0.77149199579206929,-0.63578159699738357,-0.024121802342012444,-0.14646031534969117,-0.21436237951617185,0.96571121266962345,-5.0839773257590455,-11.79659620676582,0.12769008358514547,,0.262086254145046,0.2903225806451613,False,1
-0.93798181094130317,0.33039679655453097,0.10501466168958663,-0.3335487196148394,-0.94263606163274694,-0.013509513418559771,0.094527107152264617,-0.047699183808623619,0.99437890860446976,3.8945362802421148,11.177835514624359,-3.6445509327372267,,0.607451616799355,0.1219512195121951,False,3
-0.62678547842450305,0.759508655646564,0.1740303595184354,-0.75993219637768517,-0.64520217441986871,0.07884929316398924,0.17217148702602925,-0.082829681406017916,0.98157843442764348,-6.7848004475276866,-8.6972748533929742,-0.26345371021242064,,0.4023852506008581,0.1,False,1
-0.35704609274105237,0.8931458407700924,0.27351159897421568,-0.91569383738439969,-0.39249558794579242,0.08632502313535087,0.18445293121709921,-0.21963087341758483,0.95798715837282955,3.0143271576080988,-10.166288425523236,-0.52323899657824446,,0.6480731328585239,0.2786885245901639,False,2
0.49310043204764331,-0.86858060337304299,-0.049190439706780824,0.85447636103464386,0.47291804686000394,0.21498527714034349,-0.163468995064565,-0.14804140096012997,0.97537768646526946,13.118279540636694,13.236269920339536,-4.35813845754691,0.2499846743989009,0.15217273611918,0.44,True,4
0.81207540363242436,-0.56351888227761604,-0.15159158331458264,0.56740742417444601,0.70181738964531748,0.43069846364150577,-0.13631710753590667,-0.43577381852059394,0.8896734374392804,12.25230126456994,4.3307892351647661,-2.7951816391223696,,0.335242817111942,0.1818181818181818,False,1
-0.220804966226059,-0.89934710032391108,-0.3773856913409433,0.95587147056340482,-0.27642836700654394,0.099484117712573261,-0.19379086318209793,-0.33876562850010061,0.92069699157435558,-6.6830899246746425,-4.5124534221017116,-0.98758819086960004,,0.1640941148829227,0.375,False,1
0.89321186023843324,-0.44795270986865654,-0.038870843195448895,0.43738748019891893,0.84558627623374971,0.30606542047474283,-0.10423418294704519,-0.29038288373536797,0.95121659780456636,-7.5246462433512225,19.402331731448779,-4.8266088139486829,,0.2627708004823651,0.6190476190476191,False,2
-0.98458320673696431,-0.17135399865211548,-0.035124295829090081,0.17421656367252925,-0.97861744953499841,-0.10934567393250127,-0.01563643033733245,-0.11377914840403791,0.99338301144863561,-9.723372243320517,4.5353857899749892,-2.2652051039876939,,0.4800670611185034,0.3611111111111111,False,4
-0.86964600467576558,0.43217138994786325,0.23862882529571042,-0.47905813800422398,-0.85551442065788141,-0.19646469519569032,0.11924398082672572,-0.2851718179570723,0.95102991923474944,5.6181801955635811,-12.980855751905752,-0.18260477076918596,,0.1074497459406399,0.6,False,1
-0.87974453513528406,-0.47544424405290181,-0.0015243675962510125,0.46905654864940921,-0.86843995009700936,0.1606175807457246,-0.077688525978474629,0.1405874243041309,0.98701553638168382,-19.344044498017197,2.8357215576420982,-1.4517117067250704,,0.3656618227153204,0.9722222222222222,False,1
0.094474084576209594,-0.94513712174879894,-0.3127146757603243,0.97098891888619654,0.018168480710789588,0.23843327307420439,-0.21967058688796648,-0.32616825014255935,0.91943412262936963,-6.5038282732589439,-13.643344273756032,0.58014170168176349,,0.5474561453508755,0.1481481481481481,False,2
0.9986421155569406,-0.05016243338927831,0.014058994004672039,0.034681503948971029,0.84153505835168241,0.53908806223924743,-0.038873105353119011,-0.53786845589000243,0.84213205961933824,-4.1458881603635929,12.253953757028933,-3.6323025081870752,,0.4593397914507514,0.1052631578947368,False,2
-0.997232647778722,-0.074308073354052817,-0.0023143981182282454,0.074002953736422045,-0.98919646411000528,-0.12654611108425776,0.0071140032700248886,-0.12636718571952565,0.99195802599243199,11.037179108891781,4.915582114373275,-2.8480211391301653,,0.2722929235733514,0.3076923076923077,False,1
-0.62652881431607144,-0.77656441441072266,-0.066402975103751649,0.76604224274414889,-0.62925826638430782,0.13119952941428514,-0.14366950672711379,0.031332801629396785,0.98912958118683358,-17.607010309442163,-2.4445377043703536,-0.70513721864131329,0.5277596158127242,0.3892034030650429,0.9411764705882353,True,3
-0.9881495245583618,-0.15229471124552851,0.019153016517617676,0.15325678141314636,-0.98584887583980707,0.067929028818840193,0.0085367479736801928,0.070059367196891112,0.99750629521923551,-11.039794621199279,0.031693748858656501,-1.5752078160206224,,0.2182311006942227,0.1363636363636364,False,2
0.99686829957010981,-0.079068250134783982,-0.0013435523144061032,0.069876371771233306,0.87277087760615213,0.48310277154108294,-0.037025477448463767,-0.48168372094478201,0.87556262311527611,-10.39132983733923,11.281992507778559,-3.2448602235208566,,0.4291779762196203,0.28,False,1
0.41288341287954283,-0.91041645018578532,-0.025868409306618295,0.88980593865972013,0.39715002743172889,0.224760421864864,-0.19435194595073033,-0.11581771428452016,0.9740706227800292,-5.3888784655824518,-20.507468807246152,1.6958671640129874,,0.2796038538657929,0.75,False,1
-0.62340063216648267,0.76741394509664917,0.14982486003873938,-0.76943923292669669,-0.63617238460654346,0.056990910654255725,0.13905005806401938,-0.079752955651950772,0.98706866398299342,-1.0721235991356972,-12.154653243478343,0.077943176123852195,,0.790486044018047,0.8076923076923077,False,3
-0.91434464353004963,-0.36789548917504755,-0.16919450904967245,0.40007467502805261,-0.88528579959342546,-0.2370850215416988,-0.062562986254696362,-0.28446785773243732,0.9566419971274589,-10.297192585227032,5.9194579324151064,-2.4308568458612601,,0.2737722938104852,0.2222222222222222,False,1
-0.87626744238019372,-0.4816879188092964,0.011494272384257567,0.47738905227126704,-0.86472323575137,0.15605581797300236,-0.06523083776877503,0.14223387228382026,0.98768135720946693,-3.1699570805351103,6.0069364997807728,-2.6699809987842107,0.3449062873236701,0.3227067685941863,0.9740634005763689,True,2
-0.22342445634729213,0.9656473574652894,0.13269021563861216,-0.95328881684901678,-0.24486776345844544,0.17686212169218471,0.20327799678400832,-0.086976775286068453,0.97525027381914542,7.2437645159476061,7.9521918071509656,-3.2259616405884191,,0.4838810659617869,0.1578947368421053,False,1
0.99961606045347307,0.023932182212555074,0.013963607629268796,-0.027532009142462548,0.91461986792683092,0.40337635734644373,-0.003117716481412118,-0.40360593138363521,0.91492761024896951,-24.371424810945932,-5.488731422417569,0.1937286035274354,,0.3517955049687467,0.5333333333333333,False,3
-0.49534959392903183,0.84979586109568983,0.18021036113103595,-0.84820363995742609,-0.51793480234279388,0.11087887844447183,0.18756162975757085,-0.097931276856611349,0.97735873662433559,3.5818411929757872,-10.999039298347231,-0.41269029714920891,,0.1228318584297232,0.3333333333333333,False,1
-0.56861326893500763,0.8207960165120104,0.054523844958530576,-0.80289691042594191,-0.56819170813125619,0.18031842401530623,0.17898464073635806,0.058754421866804699,0.98209593028969244,14.945392735833885,-2.7542017917102988,-1.9679429336236021,0.3426349533184997,0.3348904869713745,1.0,True,3
-0.44078253804061845,-0.88137003765574251,-0.16999297303472818,0.87921233004592791,-0.46208370251323216,0.11603590205997967,-0.18082154974914155,-0.098313318499467423,0.97858983162096114,10.161353931829755,4.2308280002556833,-2.7389685564422019,,0.4181674301976985,0.2068965517241379,False,2
-0.91645137591104076,-0.36667254336219235,-0.16021273836702818,0.39538546244119782,-0.8913733070760157,-0.22163926439719001,-0.061540325648479284,-0.26646739646093387,0.96187728684193963,0.23337886237835698,14.862189449827452,-4.1917701589423304,,0.6191553993228611,0.6774193548387096,False,1
-0.9996886588727858,-0.0051230602950227133,0.02442006499467762,0.00074449235638423313,-0.98438355635098018,-0.17603539336431032,0.024940550360046242,-0.17596240575477984,0.98408089134416576,5.8782092889555777,8.985195421685729,-3.3894669515189615,,0.6433939605653718,0.3333333333333333,False,2
-0.28473320898588605,0.94906813030079096,0.13489508422459745,-0.93722814659908327,-0.30516635074220194,0.16875099880337088,0.20132163550658852,-0.078378456364289487,0.9763843590794069,-5.3138059051136235,3.5879020617267341,-2.2886087911017698,,0.6251685216996021,0.498371335504886,False,1
0.96052101561950742,0.23251147971279595,0.15276711149667219,-0.27590733812116991,0.72565355094463668,0.63031901825371794,0.035700410700173379,-0.64758423066285864,0.7611571091914161,-4.9585404626370124,-10.695491170418386,-0.067147854912380484,,0.4425797395745267,0.4444444444444444,False,1
-0.99522151363058942,0.086367995531588637,0.045548964364679492,-0.088666141993476347,-0.99474932498980628,-0.051108665569728373,0.040895648556197872,-0.05490309444995916,0.99765384585485739,5.9408682211846182,-3.7197808576144205,-1.5098895670428443,,0.7330362938950227,0.5154639175257731,False,1
0.85795695841720521,-0.50290750390670458,-0.10485180026029937,0.49299968989770449,0.74863400183247675,0.44328144227009753,-0.14443394083201122,-0.43200830294638837,0.89022899465312644,6.4535494605082659,5.6459421940827239,-2.8186727682742454,,0.3625441599536594,0.40625,False,2
-0.98750569581014036,0.13397852131153209,0.082959366979902166,-0.14835528413873289,-0.96792641954624303,-0.20275392970915851,0.053133891356144144,-0.21252812089595566,0.97570927402468988,-1.7050025855112114,16.595461399929359,-4.4642621893556216,,0.4118253178269884,0.2765957446808511,False,1
0.3563216185958023,-0.88830958102092372,-0.28972571923752277,0.91315822310850625,0.26538515201205304,0.30937482228012075,-0.19793171471642526,-0.37480236039541132,0.90572966549155565,8.8270586525572892,3.0057356238935453,-2.5138396712344102,,0.6815501812427562,0.2195121951219512,False,1
