axis_00,axis_01,axis_02,axis_10,axis_11,axis_12,axis_20,axis_21,axis_22,location_x,location_y,location_z,dbh,dbh_approximation,score,reconstructed,number_clusters
0.30249034844793155,0.95313068260035561,0.006441349364024674,-0.95082403173535701,0.30127243947727267,0.071892822214281615,0.066582653674739159,-0.027871474614621135,0.99739156359598125,5.5292438196615397,15.756205706046275,-3.8528633568065134,,0.3637813287547214,0.9142857142857143,True,2
0.24141259258488937,0.97042150859850296,0.0014338029318760499,-0.96846198117164461,0.24083072118682944,0.063890177317992611,0.061655098463428766,-0.016812476975059269,0.9979559055646835,12.913819545280028,1.1117501960532699,-2.9147414599228507,0.4403270056325964,0.4201342697482383,0.8210526315789474,True,5
-0.95447936143220036,-0.29244438169470094,-0.058697804176843581,0.29099786536293692,-0.95618734806915984,0.032031199582310266,-0.065493442070127195,0.013492183206277736,0.9977617802051425,2.3992719558193403,6.3422771402500695,-3.0551483333222595,0.5163928601262445,0.4426301722052631,0.9983221476510067,True,5
0.50814015195209494,-0.82284873002786607,-0.25438858753023713,0.86108690963485779,0.47920128052521371,0.16998666653148134,-0.017969975781609648,-0.30542773324392547,0.95204568153838331,11.190004979184316,-8.8998065446193309,-1.9731279849391816,,0.3107538600553102,0.3043478260869565,False,5
0.38833626096471174,-0.88621463184824545,-0.25262338513689653,0.92085899141273353,0.36282850585723481,0.14273819836234786,-0.034837714538552979,-0.28806093389330673,0.95697817739499436,-9.9297605990441991,-18.596677266092275,-1.1022463571779679,,0.2375573385042559,0.1,True,5
-0.90440046219082892,-0.35470221604941549,-0.23716269082351074,0.42068460511047401,-0.83413949036859358,-0.35670123861667108,-0.07130404625306308,-0.42237145800498455,0.90361390231153704,2.1055391979402085,18.168740231383971,-3.8508840408638019,,0.285805108197289,0.2222222222222222,False,1
-0.49404799914393316,0.79224592909119607,0.35813818894430244,-0.86923125961573555,-0.45898992570613412,-0.18375327318750195,0.018804038096093899,-0.40208784604698788,0.91540798129171641,-9.078880743813432,0.86529127684261697,-2.4669996098610305,,0.6841361701552428,0.3333333333333333,False,2
-0.55457374863419362,0.83213019077027628,-0.0027023942055793629,-0.8320465630930346,-0.55446493403473607,0.016344839274996255,0.01210265139907974,0.011312936598432913,0.99986276223021364,-5.9893147506876998,-17.230004873451808,-1.0608534605633246,0.2367446403233038,0.2325388248234429,0.8,True,5
0.51371051089422981,-0.84806194005756541,-0.12997098454111694,0.85781086274193219,0.50483328833313457,0.096456595174699802,-0.016187487721416059,-0.16104128916694679,0.98681491092540552,-5.6313502813452025,-27.868135297535222,-0.42651661815805064,,0.3550543293891134,0.9210526315789473,False,4
0.71054719383508214,0.67387788975964513,0.20251240709195578,-0.69839930392881844,0.64031414213813109,0.31974397828520812,0.08579683913077614,-0.36862771066619143,0.92560926601032378,0.37484370123505067,15.150792267889521,-3.6200839579923088,,0.4592053754202572,0.1666666666666667,False,5
0.4595695007099958,0.88710438210454778,0.042914907294237511,-0.88550514238254174,0.45394940198343892,0.099048388441974139,0.068385062924874909,-0.083520989516325167,0.99415679220079467,2.9403117672282089,14.970395682041541,-3.6706638636490401,0.4977681203377194,0.5377856028722279,0.5251396648044693,True,5
0.78194940488306974,0.62299130146923187,-0.020903743604602072,-0.61857462561086163,0.77967220739928866,0.097348248877442561,0.076945180183017464,-0.063190879902042946,0.99503082964489598,12.467657536537624,4.1821768851179302,-3.1033232907254598,0.2308231095185012,0.2542585898264937,0.8155339805825242,True,5
-0.92655145555445972,-0.37050250439382648,-0.065040713770796427,0.37608553498419434,-0.91601759598999033,-0.13954008102467022,-0.0078784887868402226,-0.15375193681583929,0.98807806945595833,8.6677231117458966,10.973246409781769,-3.5535767823998738,,0.2421273452043566,0.1891891891891892,False,5
-0.99289699668563502,-0.09941324226595312,-0.065364831789105599,0.10311687700695799,-0.99309390092634275,-0.055959035188542054,-0.059350346662669556,-0.062301775296306809,0.99629113473218767,11.987963266372267,-0.8495485062902135,-2.8026270428065576,,0.3364828680934887,0.1578947368421053,False,1
-0.60562499843790651,-0.75027688869383047,-0.26514703762062009,0.79223722233363514,-0.59977034017386754,-0.11240873007382154,-0.074689656688001094,-0.27813688956991717,0.95763318961082355,-7.8025145542896679,-7.8029840145767855,-1.7556641562932676,,0.781916714380344,0.5238095238095238,False,1
0.99851782420499124,0.026023211733657261,-0.04780112128388684,-0.020593247517822655,0.99363300132907895,0.1107672190967971,0.050379290403908115,-0.10961866228354276,0.99269616498582613,-8.8317126409974875,13.036714889908113,-3.3816196670157042,0.1960237477246083,0.1915420233681721,0.3469387755102041,True,4
0.93905312710402922,-0.29537660099768193,-0.17587463733921338,0.33226908589958387,0.91109332066066873,0.24393895876421801,0.08818434686268635,-0.28750934703166098,0.95370954505962091,8.2035148770226591,-4.2003221771255461,-2.2606627233352583,,0.2150508471907813,0.1891891891891892,False,2
-0.66540667567866862,-0.6478238427753118,-0.37088842620671308,0.7444396749577662,-0.61260462195717158,-0.26556571221731179,-0.05516816392667228,-0.45281325719168208,0.88989697594745232,2.6800749795722432,-21.801332503048876,-0.56204944125864731,,0.277260213502677,0.5714285714285714,False,3
0.39707144725091092,0.91429447340567171,0.079999260483537199,-0.9139864504036227,0.3859967973113555,0.12504095706592677,0.083444797660810491,-0.1227684339120696,0.98892106731433538,7.0005365470816665,11.292236475967503,-3.5392867403021522,0.2875111898690138,0.3033672677583221,0.5689655172413793,True,5
0.89149455454017057,0.45296354492523444,-0.0078413132821177119,-0.44580012519477896,0.8802133052700517,0.16274761319875403,0.080620764084339255,-0.14159295248823958,0.98663657351839584,2.3498029228956212,24.634986226253201,-4.2475425328377474,,0.3089712297068065,0.8545454545454545,True,5
0.0090993503850772591,-0.99503564932960031,-0.099102262263743648,0.99865543480815622,0.0039846955687947751,0.051686020637680102,-0.051034540761177236,-0.099439322023263305,0.99373401717202525,14.580941649391951,6.2394305580004863,-3.2241832728578581,,0.1823010767410526,0.4418604651162791,True,4
-0.12346000254591244,0.98885892154777788,0.083160453622670008,-0.99090307709115111,-0.12736945367689817,0.04345243469975589,0.053560429261268395,-0.077039311688341702,0.99558838124595161,-4.6528793090387133,-18.002980401422594,-0.96016366802118946,0.6676569448879981,0.5109854349411029,0.9850746268656716,True,5
-0.93477742602584668,0.35488656178180022,0.015706433687674295,-0.35378215608749181,-0.92605340204483222,-0.13138981161139554,-0.032083482145464262,-0.12837688587859175,0.99120634851958889,-6.1650284070228061,9.8617889308896629,-3.1871944455878598,,0.1292410525330291,0.3157894736842105,False,1
0.99746321826712403,0.03761573739241178,-0.060433306252570762,-0.02552341154407263,0.9815178019165498,0.18966117152452935,0.066450610737176785,-0.18763757838271677,0.97998798743215532,-4.8743087655461483,-14.152313601688945,-1.2275659455339256,,0.1455264868686851,0.1818181818181818,False,4
-0.031755870959954073,0.99947813733149371,-0.0059175717944776104,-0.9968495855457713,-0.031240718433993408,0.072903506835765852,0.072680592022900836,0.0082140433463670573,0.99732144318424465,11.602060849865792,-4.7578376683579249,-2.3917767985164784,0.4349454727453625,0.324477874935259,0.875,True,6
0.45005122490398536,0.89278380251489275,-0.019773136561309558,-0.89050609048696128,0.45033751921526827,0.064768986348923585,0.06672928718375204,-0.01154126310624598,0.99770436577067323,16.033414759182907,-4.1994264881092027,-2.4303872153396302,,0.4791431676889721,1.0,False,5
-0.98044612115540453,0.19610823278622164,0.01633904969047496,-0.19541687396142329,-0.96047132309624073,-0.19826013941512122,-0.023187256898303636,-0.19757631068329817,0.9800132410198904,14.191810239037849,2.6469762306492246,-2.9924718880980885,,0.5312262108040181,0.4838709677419355,False,3
-0.47579010661019705,0.87934146724486295,-0.01955398771371639,-0.8792330513429496,-0.47489127165575185,0.037782555913389797,0.02393775006183356,0.035169078589490893,0.99909465018742949,9.5059549103889882,-1.8295189252667514,-2.610380198673294,0.4765816268710559,0.4356045257563131,0.8964401294498382,True,5
0.76392686548540056,-0.63013238357256585,-0.13910040748613428,0.64525148619811667,0.74318913791953589,0.17697577471942383,-0.0081402548346757673,-0.22495129350945153,0.97433600559542699,0.64628439722503805,25.463761666933063,-4.2309368196916841,0.3940340570027355,0.3681372474737518,0.859375,True,5
0.88153101443777127,0.46213173122419243,0.09662987933369134,-0.47024533117954059,0.84118204955440945,0.26698705588714744,0.042099870405467948,-0.28079711982706179,0.95884335446863711,2.9107256273397386,12.819043780951054,-3.4950709175607813,,0.3765586919687827,0.303030303030303,False,4
0.76157871844158154,0.64805530405823375,0.00470940536271049,-0.64428935076013971,0.75632904953082158,0.11339136357273205,0.069922014515870337,-0.089390669075671697,0.99353923937016597,-6.4830811103513977,19.138755067502196,-3.7798524117534726,,0.2778973562752874,0.8043478260869565,False,5
-0.22457178859631269,-0.96271803100618081,-0.15080286649210364,0.97231389370965826,-0.23163756837368321,0.030817673778051929,-0.064600339517809066,-0.13970694218080026,0.98808338030789378,15.103849302098578,13.164004929085895,-3.7697441870812285,,0.2219299221608617,0.1818181818181818,False,2
-0.99689370949820033,0.074446836852245832,-0.025702148657508146,-0.073957026462756814,-0.99707056356203683,-0.019510241281678817,-0.027079331596341998,-0.017548782316084626,0.99947923942396999,-11.556882933647834,15.652146802625003,-3.6646760839812798,,0.1630521892842307,0.3181818181818182,False,5
0.95679624386026274,0.2893808176032357,-0.02827879308202997,-0.28279785683829578,0.94878954452984277,0.14079691885308199,0.067574550701874153,-0.12671678102815531,0.98963454744835133,-6.4103839343105493,27.243915326164174,-4.3075436986152447,,0.2325223924357598,0.8823529411764706,False,2
0.99584453232951275,-0.066722105482381666,-0.061982481955891622,0.077443604264353622,0.97855602868362335,0.19086798287162446,0.047918217704341695,-0.19487498394338465,0.97965687107532995,-7.1419236056142275,-14.439490964688902,-1.2570111304372329,,0.1361910291659815,0.3076923076923077,False,5
0.23379617978259942,0.97065628170658125,0.056264812295223982,-0.97015803666650757,0.22906744147391578,0.07950780557896342,0.064286314332449315,-0.073174381037003328,0.99524508526764455,-13.903038402960263,12.564326018034313,-3.4980524980099772,0.24120268270879,0.1954257490254457,0.3333333333333333,True,3
-0.67306088257844676,0.73821996659108924,0.044948073028481472,-0.73956014008265147,-0.67127355071959882,-0.049422862171585459,-0.0063124910813112129,-0.066506398418149135,0.99776603040281675,10.181958646370772,8.8729411375937701,-3.3880159452874552,0.3305619909294354,0.3429238842067177,0.7745098039215687,True,5
-0.19790482579106147,0.95349306090230845,0.22734261091963576,-0.97988278758275149,-0.19853624983290921,-0.020324372102032175,0.025756601632722552,-0.22679140264443892,0.9736027203941563,-4.0948386911368369,-26.307316987454534,-0.42262953921129603,0.4517427694247858,0.5144595581073468,0.3863636363636364,True,5
0.9205740397288471,-0.35490251858462729,-0.16305716690657757,0.38821218180035116,0.87725006037238795,0.28235373820520437,0.042833856692134187,-0.32322829993509272,0.94535111299556174,8.7077517512716902,-12.511972869768693,-1.4743849463448802,,0.292251405761101,0.25,False,5
-0.76386651460272492,-0.63372866218030388,-0.12204888610653933,0.64419020632292823,-0.76015694477515861,-0.08473722551346427,-0.039075899814439805,-0.14335062623253012,0.9889002335991397,-13.97254619241324,0.25674109711787452,-2.4960955902836406,,0.1877254838322679,0.7142857142857143,False,2
0.51457978243532865,0.85311820457652598,0.086005677306417547,-0.83815133512315498,0.47930858512785629,0.26031830449280075,0.1808590250446015,-0.20604030975238399,0.9616846696381609,8.5423292344085624,3.7635407108240564,-2.9594741915947642,,0.4002848492736405,0.3184713375796178,False,2
0.91455186151099011,0.40263179003687016,0.038503691491704163,-0.40289680568119668,0.89847607256070083,0.17439871274693011,0.035623820382867155,-0.1750096816967672,0.98392202675502949,4.6754202002884515,2.3044710443232614,-2.7060485693189338,0.5259197808204847,0.3698981328134322,0.9085213032581454,True,5
0.99118512045631824,-0.11290771633763196,-0.069310205434802444,0.12182866756783838,0.98234413646123886,0.14197807337356128,0.052056053871176504,-0.14917052373590445,0.98744028786743188,-6.344107362429666,17.582438071915764,-3.6801186780877764,,0.1399138733986866,0.303030303030303,False,3
0.97679488248320656,0.21392221904775077,-0.010442305890256675,-0.20444639696219674,0.94583688285195278,0.25217902729227493,0.06382341516869372,-0.24419229151344674,0.96762425374812533,7.4472502978141115,23.161878832093102,-4.3322652103352608,,0.2206581340565996,0.2777777777777778,False,1
-0.12947627768438347,0.98893299536182666,0.072439106853152968,-0.99134237181007301,-0.1274913304976748,-0.031404816540020995,-0.021821901176939842,-0.075878134746570819,0.99687828409310109,12.572502317719177,12.088248599558279,-3.6540477910664033,0.3968401256545763,0.4072810359894866,0.358974358974359,True,5
-0.66105993363172366,0.74013068095082013,0.12331398648206379,-0.75031824602740804,-0.6510242853587862,-0.1148473314946323,-0.0047216337402781472,-0.16844570338349163,0.98569962523400889,-6.1496092148727346,-10.364103501758986,-1.5203796560228728,,0.4181850941458383,0.639344262295082,False,3
0.34997842006801116,0.88231181099289413,0.31470775914988092,-0.93586183746790219,0.31463209400509573,0.15864824799906307,0.040960061741924701,-0.35004644492468334,0.93583639581803479,4.0794901340299292,12.85318697224432,-3.544785096796224,,0.3535821202394278,0.25,False,3
-0.99637844045809176,0.083762860503353229,0.014621442835723508,-0.083988883937631445,-0.94270589658957893,-0.32287994659029357,-0.013261627547688892,-0.32293865630415869,0.94632698022367112,-6.2153989944823822,39.427211255768405,-5.1041793111666838,,0.6373928134242113,0.6190476190476191,False,3
0.93057022135575151,-0.355711600035792,-0.086650566794950368,0.36340484891522207,0.92617857494952771,0.10064871131499409,0.044451984329318885,-0.12514992970210237,0.99114152177413428,-10.23857468860111,14.61659317985352,-3.5436982449029681,,0.1006961468004521,0.25,False,4
-0.0983628832567216,0.99503380209069525,0.015247160206420467,-0.99361700402396103,-0.099050047406448127,0.053984603575732738,0.055226737291579939,-0.0098397563849966577,0.99842535358554041,-7.6780014174633582,23.515551146320831,-4.0647036514390189,0.3542156684934527,0.2980511974702701,0.7435897435897436,True,5
0.91193793921020194,0.39759362759822214,0.10143225484202434,-0.40940384793276302,0.86506268709972556,0.28992246667971566,0.027526066317187129,-0.30591805223145946,0.95165984521362079,-5.9884143846116107,-8.5139219088936411,-1.6525394172817831,,0.4281639570737254,0.3518518518518519,False,3
-0.88942370169690976,0.44461495850136834,0.10603309642084507,-0.45708113777291082,-0.86438472322357907,-0.20956116947067596,-0.0015206419654315972,-0.23485439943616671,0.97202937132243583,15.143090508719821,-0.16548567552545729,-2.8567071339630985,,0.7131164709265583,0.2083333333333333,False,2
-0.32590635031928339,0.94468076054147021,0.036923048145470663,-0.9440300134711006,-0.32728844090983056,0.041104867261250788,0.050915464127484308,-0.02146012836868991,0.99847237237846542,-6.0607940685190806,13.910509504073067,-3.4456648601388542,,0.1019168789949702,0.4193548387096774,False,5
-0.049897657343756334,0.97798674867148139,0.20261328489166147,-0.99750545748852393,-0.058940911562976483,0.038843676766445498,0.049930812853545573,-0.20016964896584571,0.97848813255995815,-5.0912972289423557,11.814623045211224,-3.2956159829265816,,0.6657657207060166,0.3777777777777778,False,1
0.95716731071782457,0.28906082093903357,0.016570488564280929,-0.27853940013143924,0.90368416202950386,0.32522413482312684,0.079035067328528275,-0.31590944445376318,0.94549176677393088,10.383850712171254,6.0007390052575156,-3.1849683503812876,0.683751893615891,0.6464124849931989,0.3548387096774194,True,2
-0.49547031286451548,0.86853241599777986,-0.012673256527025395,-0.86836002189434314,-0.49490625316434511,0.03191665638011891,0.021448576773214927,0.026818705037527146,0.99941018386572122,6.8474351037875412,-14.810995265636679,-1.1531637298936719,0.275395511559535,0.2310657460316751,0.7704918032786885,True,4
0.67400886103294511,-0.67343641144270883,-0.30363704482858977,0.73871939877767712,0.61310913083819762,0.27998364872323855,-0.0023885390136782723,-0.41301403538620457,0.91072152794110639,-6.3351536002254942,30.595766395551451,-4.5235656485360316,,0.395516430195267,0.2272727272727273,False,1
-0.58115317111302778,0.80136469693720103,0.1416884406295062,-0.81338970994486059,-0.56650371044594039,-0.13217687319194435,-0.025654852583654731,-0.19206292862947638,0.98104722617475493,4.1550779606964126,15.630931952058576,-3.78401998916546,,0.411247952880592,0.5454545454545454,False,4
0.4623962823033641,0.88666642115068295,-0.0035122237780665765,-0.884181265392458,0.46138981628193082,0.07309533063279737,0.066431679498711496,-0.03069356667390833,0.99731877397540991,-11.122789001171437,17.202727589388822,-3.7514021351001818,,0.1872996409761512,0.3157894736842105,False,3
-0.83291345726943422,0.55284678782184804,-0.024811325932779328,-0.55326485983416052,-0.83287047077566345,0.014992457524092846,-0.012376088726452098,0.02621465439385616,0.9995797238453995,-6.4357301487906788,5.900242639337506,-2.9067840915047527,0.654155866736076,0.5964054150554134,0.8194130925507901,True,2
-0.45496637139151141,0.87458351966535175,0.16765818808697233,-0.88791005895816388,-0.45989874755215326,-0.010434040486362574,0.067980350865168154,-0.15361252920815499,0.98578996889120452,-7.334475973961867,-18.995079723581561,-1.0071355504007373,,0.188830694252548,0.1764705882352941,False,3
-0.50706440742415082,-0.7593104987073126,-0.40783973969740461,0.86010608060246185,-0.47635431112414323,-0.1824941105463794,-0.055706524162488343,-0.44332170804766019,0.89462989349755062,6.8076611649598586,-23.997836340637125,-0.40288149004856416,,0.487080140533504,0.4,False,3
0.56883042736220435,-0.80851370505607301,-0.15078970005751463,0.82243522332779317,0.56044097180600605,0.097499848978880754,0.0056787618982471963,-0.17947564140473996,0.9837460270850712,14.713995236810419,9.1023821058940904,-3.475245962437834,,0.2581569022432728,0.2926829268292683,False,3
0.89059704145427876,0.45397508350318733,-0.027267807230506549,-0.44764057196132812,0.88560499682315763,0.1237808867959449,0.080341944755034866,-0.098032714744260313,0.99193485610338827,-6.5067133254871976,21.207106761243018,-3.9283385635079728,,0.1113864102464864,0.2777777777777778,False,3
-0.5042196418533007,0.86316803464954095,-0.026523512749602678,-0.86338393914805844,-0.50322320794719999,0.03653185739202925,0.018185884375291693,0.041320054968240552,0.99898044358581417,-16.321184583123618,15.106193383457885,-3.7449031875130783,,0.08510135047729839,0.1875,False,1
0.86688018866488048,0.49837706397004478,-0.011791548199440144,-0.49160299109326994,0.85854451543804056,0.14569768069331554,0.082735951366332258,-0.12050567256299161,0.98925888686008256,5.0842836553864208,21.898903089962204,-4.1672584155051506,0.3795230894845288,0.3586998211007866,0.3870967741935484,True,4
-0.99980916449537571,0.014331142629943335,-0.013276028848211441,-0.01012384553100718,-0.96130842699007879,-0.27528824157512483,-0.016707553463108468,-0.27510130233930219,0.96127006148558303,9.1348656230057586,-0.36828839661859469,-2.7275989602068007,,0.3647401657307026,0.2777777777777778,False,2
0.26836637959051912,0.93229691069625054,0.24249114749141665,-0.96110183879247724,0.24206652472147452,0.13299268054666258,0.065289675869897076,-0.26874945193524474,0.96099479203027349,-6.8136660107993201,11.83772198899786,-3.2961354514567285,,0.545054391750101,0.2375,False,1
0.73541361204847566,-0.66408049885867992,-0.13477355174299505,0.6776036813584414,0.71939023917535816,0.15274467188321136,-0.004479980279302704,-0.20365356568159737,0.9790327650093581,-6.2105827467540147,15.216073327530689,-3.5524020645525773,,0.1586782629898402,0.4848484848484849,False,3
0.83208907400581389,-0.46920497609066569,-0.29576082115774799,0.55463864007104524,0.70577204878811572,0.44075139714987566,0.0019369719381243811,-0.53078480155443764,0.84750442038878315,15.10965967844546,1.6850166368844233,-2.9335203043076277,,0.6009731314337601,0.1538461538461539,False,2
-0.70917564721238713,0.70082880561936578,0.076869282649346032,-0.70491271213792439,-0.70683303235626405,-0.059035011953962692,0.012960311232667363,-0.096052327323089687,0.9952919073058768,12.780402240567271,8.0950877652184658,-3.3767530577963871,0.2279700160243354,0.1893204371384104,0.2941176470588235,True,4
0.90467074362610256,0.42602370727411698,0.0086398187140912311,-0.42057441375396465,0.88947387023128743,0.17875513047541952,0.068469030389687241,-0.16534822350479814,0.98385565855022816,3.3382511043519445,9.5335044533480797,-3.2681661730855196,,0.2776320429953106,0.8908450704225352,False,2
0.63021793726256126,0.77535614943668385,0.04059794432285993,-0.77391024193937452,0.62312336953218816,0.11304956330827551,0.062356146239662437,-0.10266502750972044,0.99275958980639745,-9.1489385805202126,-29.651233611087772,-0.43567416655474844,,0.3574225218219442,0.75,False,3
0.0015453169123685923,0.93187043048747065,0.36278797220792325,-0.99860486865137765,-0.017710652375665072,0.049745845034471721,0.052781893689083148,-0.3623587084306446,0.93054298026639792,-7.6477054626590046,-1.0430929831472013,-2.304872326453149,,0.5441479117355515,0.1666666666666667,False,1
0.24313062625585777,-0.84307626671519931,-0.47969772469545618,0.96925096014709522,0.19180940651992734,0.15414839546491754,-0.037948317885905816,-0.50242567616716849,0.86378722211988912,3.4448934222018881,-0.11185654701337448,-2.5151160985166117,,0.5649150485741399,0.4079320113314447,False,1
-0.60342784737941868,-0.79384443642602787,-0.07540453409765395,0.79360759514224,-0.60708638478884158,0.040411710389023733,-0.077857677460818051,-0.035456059559091049,0.99633380445559017,8.0680851173367589,6.8341388858800052,-3.1550905612278286,0.3617691508759345,0.3649100161862127,0.6649484536082474,True,2
0.029832600005313736,0.99462165137270642,0.099185616888509992,-0.99302674372775634,0.018169071661697862,0.11648077556576458,0.11405219076533729,-0.10196889454918806,0.988227930351113,-10.649974458465818,12.310651207301438,-3.3703344615873818,,0.2363686119019498,0.5094339622641509,False,3
0.63554472839084597,0.7557222615950393,0.15800873882252703,-0.76279964648882015,0.5830182058670198,0.27968995502901628,0.11924595394032274,-0.2982844866185318,0.94699882128310087,12.850889370720221,-1.7554831826653663,-2.7269658581602707,,0.3402976128005845,0.1666666666666667,False,2
-0.5689107491943054,0.82178216500052481,0.03185330027209593,-0.82230418184971077,-0.569007099039188,-0.0068376717883827098,0.012505677256829346,-0.030083126999332577,0.99946916586070322,15.228328642972254,-9.2673876146853296,-1.8294716919562726,,0.3666020832729839,0.5555555555555556,False,1
0.94235189972375499,0.3326377071367867,0.036401275771747336,-0.32754777877802121,0.8946991417524518,0.30368717188088545,0.06844961434963634,-0.29810334036740904,0.95207617802210442,-4.8651255771022006,1.2609758353649436,-2.4912693964190726,,0.2447928555817379,0.2790697674418605,False,1
0.8065613584157999,-0.5618204483089515,-0.18389279206208867,0.59096034269976527,0.77418453759507788,0.22672488858719075,0.014988277640803337,-0.29154088154258379,0.9564409369755863,10.010386901032417,-13.338531478265098,-1.4168653737658354,,0.3107700288315584,0.1904761904761905,False,3
0.70145972594341022,0.70824991549286742,0.079600942731493055,-0.70870045321369501,0.68132114415588829,0.18315339511135281,0.075484571232139142,-0.184887954530461,0.97985637915739587,-8.8860106341178611,-23.7624677581463,-0.77834232738524389,,0.2661633724940738,0.6190476190476191,False,1
-0.9051980041773473,0.4216257701834899,-0.053369309069219988,-0.41091563117997537,-0.90034202726695578,-0.14329193274148616,-0.10846620342442814,-0.10777728821049022,0.98824042563572723,7.1517716569083625,3.7208700001353168,-2.9116778262902518,,0.7793639669768642,0.3557692307692308,False,2
-0.25533857704088142,0.96678183221951464,-0.011623251051917369,-0.9661388217773359,-0.25467031009315894,0.041458536054173892,0.037121262497910631,0.021815637678792483,0.99907261489004318,21.341696848806951,-2.0905515899026392,-2.5003280049011827,0.4070461458447001,0.3427081019583322,0.9714285714285714,True,1
0.31185592676078633,-0.79829162749171934,-0.51524397950950818,0.94954997223073645,0.24292323869859231,0.19835107848659597,-0.033177269037401605,-0.55110686584074597,0.83377484445287209,-10.147537552379433,-4.0320614849587741,-2.0635427436631333,,0.6392058038439206,0.1515151515151515,False,1
0.48469129422592644,0.87467042008809426,0.0050995612079179006,-0.8716906958230991,0.48254166416115873,0.08549194794845652,0.072316527274465567,-0.045882442954755367,0.99632581082267735,11.997954718254041,17.248778250269904,-4.0563300766056081,0.5340153243125941,0.5338863263039408,0.9722222222222222,True,1
-0.26077468668100207,0.91062300937122076,0.32056559015297736,-0.96469994661951364,-0.25844050286196285,-0.050621334166175133,0.036750180662588811,-0.32245037026518875,0.94587270969042647,-10.62130428370007,-2.3834580329040764,-2.1969450171004818,,0.5527660082297473,0.24,False,1
-0.59261979600770787,0.78380739162348378,0.18560105122594306,-0.80541611998359597,-0.57957971132301489,-0.12406543391816363,0.010327199540748634,-0.22300971068346526,0.97476151847029957,1.0880662139549724,12.868596201299377,-3.4314439554433878,,0.2692024646174527,0.2380952380952381,False,1
0.67255724853953802,0.7122435464848772,0.2009374975647161,-0.73619742918838427,0.61627388802326377,0.27967810103242557,0.075366389679617923,-0.33602920324182223,0.93883133835387378,13.923615854368474,-9.1851664838406641,-1.8736450688461552,,0.3544338945385705,0.1666666666666667,False,1
-0.32961070730832664,-0.86988455689786226,-0.36695727176105047,0.9416943635763162,-0.33074140330034918,-0.061821110888694471,-0.067590733361171842,-0.36593849457733291,0.92818129207077515,-6.2958327413896109,32.97665481868102,-4.691918706192757,,0.4339449505658814,0.1666666666666667,False,1
-0.54173948889873347,0.83915000040955068,0.048431425545723467,-0.84041372213746324,-0.54177796419938584,-0.013468969931839853,0.014936593011616551,-0.047999107498172162,0.99873569269781537,9.6128124154516819,5.3140122759548483,-3.1023357832891492,,0.1080874781750504,0.2380952380952381,False,1
-0.74311921512660173,0.64252062844374747,0.18692531699551862,-0.6691401012447169,-0.71141420100837782,-0.21480539916357208,-0.0050355750250837012,-0.28470524517097201,0.95860188105193223,5.988655486811755,-26.102217392191484,-0.25900112787981905,,0.3839457540979314,0.1666666666666667,False,1
0.75323327688581476,-0.64523837710830545,-0.12769912802559902,0.65772437229886038,0.74069500700267432,0.13700203168339981,0.0061871379432189132,-0.18718531808865033,0.98230513386428087,-9.5396542823156611,-9.2411936926635239,-1.6717529733508609,,0.1787867768613154,0.25,False,1
-0.25977815470571741,0.96415219023778187,0.054091259898251892,-0.96496617581490185,-0.26131737874185917,0.023526731618475571,0.036818336068545524,-0.046084505282921837,0.99825879835940912,7.3284221856374065,-9.3410703426477593,-1.7921361769241877,,0.1633405076561303,0.2,False,1
-0.70397493318505955,0.70933467472994249,0.03554733003838078,-0.71022443116477429,-0.70303993583301361,-0.036278175265375447,-0.00074217502244274328,-0.050785508264454063,0.99870930771999755,-9.672351281349707,-13.139236478078134,-1.4022292638532929,,0.21657783823493,0.3181818181818182,False,1
