axis_00,axis_01,axis_02,axis_10,axis_11,axis_12,axis_20,axis_21,axis_22,location_x,location_y,location_z,dbh,dbh_approximation,score,reconstructed,number_clusters
0.97663742870147541,0.20156197280393823,0.074512441771527133,-0.21097625174490084,0.833442180860408,0.51074764058419275,0.040845490069811002,-0.5145356180888081,0.8564956180033414,9.0194717706296395,10.555555539199311,-2.6191506645402809,,0.2821737283815983,0.3076923076923077,False,2
0.83293135921697925,-0.55311938608172484,-0.016861066796927497,0.54871868246106192,0.82159239583462507,0.15457600921526179,-0.071646063054093378,-0.13800318781570239,0.98783701175930461,-2.9758551014177432,3.7503608938772639,-2.5088203238967246,0.1427395766511966,0.09528386139192159,0.4045454545454545,True,5
0.22239304456492678,-0.96591253080138917,-0.13249270383684814,0.96963578355812063,0.20494840472574485,0.13342637911598543,-0.10172404323842442,-0.15814276537745431,0.9821624533578952,-18.335969774630968,-7.4305050112397435,-2.2188965944135508,0.5896290039621191,0.3941543460560289,0.8,True,4
0.9714153686147754,0.23301126380061496,0.045364441593175681,-0.22980360162820895,0.87514224377340466,0.42581258534941713,0.059518789451095552,-0.42406580162197877,0.90367345296682533,-16.512472555437874,-17.11619197036525,-1.1290215553841614,,0.3531833303238743,0.2142857142857143,False,3
0.22017438485336613,-0.96583837884273427,-0.13667284371403479,0.96350875861403096,0.19346572559536487,0.18499158114332817,-0.15223045795270854,-0.1724158895644429,0.97318993454372049,-18.554087081001189,-3.9303879299456597,-2.5999768835762929,,0.1908860577285428,0.3333333333333333,False,5
0.99690064458019823,0.078632363055514687,-0.0024609583276296101,-0.075916727687968366,0.96973459512187721,0.23205918529754291,0.020633838536139058,-0.23115312350066608,0.97269855464226429,17.313937941388886,12.752077556816067,-2.6545933829896158,,0.134672269926079,0.3333333333333333,False,1
-0.99078878883226473,-0.12080450126078009,-0.061186995345652945,0.13227062607090528,-0.9601727188060547,-0.24611548415205531,-0.029018225361064548,-0.25194170463764815,0.96730725214958002,6.4972542117950312,-7.0620440253325896,-0.64628192991289191,,0.5986884152605839,0.3915094339622642,False,3
-0.55482153188654748,0.81552584341721368,0.16459242532299972,-0.82457617155637586,-0.56533840102659427,0.021601611655711186,0.11066709111788872,-0.12373395266997783,0.98612509546211669,4.717576612509137,-8.8238146102647033,-0.54586274817916325,,0.6695886835301653,0.472972972972973,False,2
-0.89234229359855355,0.44293360434776963,0.086804684175259592,-0.4482419113051842,-0.8922006775488569,-0.055291409195611235,0.052956774871101661,-0.088248360442869142,0.99468980434826892,0.81476056225642557,21.223855675991828,-4.3038917736280808,,0.3006182845984343,0.3333333333333333,False,2
-0.9957151059669348,0.092374639121457769,-0.004284133102128912,-0.092383213173817147,-0.99161866895977069,0.09032030388641521,0.0040950791124684596,0.09032907293686665,0.99590355401988051,-11.354628435303763,9.8794404288377677,-3.7937339184174972,,0.3031765393154361,0.7659574468085106,True,1
0.94358307356372695,0.31681778530479054,0.096319645963841224,-0.32537188620191293,0.83303237374697847,0.4474261949851463,0.061515192866816101,-0.45352348914256285,0.8891188479851927,5.4931282951361942,3.931497930575619,-2.0087106874083451,0.5424785906996697,0.3937260493357835,0.2598425196850394,True,4
0.095788611821519584,-0.95692133914100186,-0.27409139450537123,0.98506161631515798,0.051542811547329259,0.16430748808367343,-0.14310190043418788,-0.28573569828495238,0.94756369538819696,9.0271029930834636,6.9356863858834181,-2.215308183259828,,0.196216720107886,0.1944444444444444,False,3
-0.0027949059255197375,-0.99398741210968333,-0.10945872769388171,0.98888581466220593,-0.019018491301197489,0.14745556126675299,-0.14865071160520679,-0.10783005868551741,0.98299320668209333,-8.4372035498940257,14.453943366769137,-4.1410507353540629,0.4993769737524589,0.3261268946848883,0.8823529411764706,True,5
-0.02930981380810211,-0.99640257122798925,-0.079516355957679391,0.99131151094275383,-0.039180514828137447,0.12556422870467032,-0.12822801209927195,-0.075145214804777066,0.98889371198578013,-9.4799751845409581,-16.907057539991314,-0.32258503052796944,0.5058991448680337,0.4571503867415439,0.8970588235294118,True,5
-0.52583164148854822,-0.81644308045830627,-0.23858286019999567,0.82481700066057184,-0.55795272060976941,0.091464074835179238,-0.20779316694915062,-0.14869249455136727,0.96680532778493433,15.759381403973148,3.6452555349225069,-1.6223517084464052,,0.3357195870042515,0.6571428571428571,False,3
-0.64717990379669965,0.72984467889258386,0.2201929081825206,-0.75510733178825751,-0.65340501993019717,-0.053617137275665777,0.10474296922139006,-0.20096921312031973,0.9739816660371422,-17.059774926161175,-6.4599398950418925,-2.2641448692086446,,0.1880941081520188,0.1578947368421053,False,1
0.41300714980396741,-0.82805884004734109,-0.3791354001280493,0.90162993881137121,0.31307023491693059,0.29841327290866621,-0.12840773983606782,-0.46508664292635932,0.87590288669559868,8.4357898834345963,15.514081970296559,-3.2400461218334704,,0.1027745974808037,0.4,False,2
-0.71050284462974644,-0.70312278360679115,-0.028355933172381349,0.69479427496433843,-0.70733544363926548,0.13014409571095995,-0.11156443541657046,0.072766210184961086,0.99108952946012918,3.8684806504824878,0.13829650267090093,-1.6034502820893211,0.3947776284811461,0.341739963331869,0.9805510534846029,True,4
0.38765861315990874,-0.89539427758604384,-0.2190659428325247,0.91216299276585211,0.33833526597385366,0.2312745606997158,-0.13296418416769643,-0.28947942148720768,0.94790410393881674,0.75460148793396198,12.636036872045146,-3.3884348588955659,,0.3779535011478432,0.2954545454545455,False,5
-0.35493324469118581,-0.91175010794522282,-0.20672235601129835,0.91253501728884856,-0.38593739752728701,0.1353963345571301,-0.20322951073756054,-0.14058472837310604,0.96898591326893513,-5.1207546105968911,11.269033636416058,-3.5929631794399546,0.6066343407584979,0.4006625328734316,0.7551020408163265,True,5
-0.98890020569159309,-0.11436014954633821,-0.094858522963749414,0.12345910185171639,-0.98766109716105532,-0.096350440188866543,-0.082669422116599597,-0.1069921181693306,0.9908170634867709,-7.0032540084618846,8.7317633155619649,-3.3481447935325956,,0.4154019186358056,0.5,False,2
0.85061370236718914,0.52577401227714082,0.0042446859931625364,-0.51901345167092916,0.8383294865923161,0.16681939004352209,0.084150854599414349,-0.14410190812012699,0.98597833330470674,-5.8642719434516879,-6.4861803973154766,-1.514820149377794,0.5221423797015823,0.3863803954458592,0.8717201166180758,True,5
-0.053965016488009998,0.90684665559991529,0.41799153128107652,-0.98803532274511263,-0.10906078088926713,0.10905020440047941,0.14447829595967651,-0.40710550143552915,0.90188199488487197,-11.870146180037008,-16.883225370622142,-0.61585268371913204,,0.2560281547827816,0.2307692307692308,False,3
-0.15073731702738541,-0.98669683109564021,-0.060890268197870349,0.97782432119972473,-0.15787371822025542,0.13760627153444252,-0.14538864510574684,-0.038797584991007952,0.98861361980967188,1.7014818054572229,-4.4193124904497276,-1.1924251401872701,,0.6200564635938178,0.9542168674698795,False,5
0.99243641856508225,0.12001870781563305,0.025796605977911051,-0.12011419384890235,0.90597578500017473,0.40593159205628082,0.025348284788959279,-0.40595983393383156,0.91353931370832364,4.9467664491505241,11.417419443191049,-2.8850164145598631,,0.3162674493396663,0.5833333333333334,False,4
0.51050098158472912,0.8480413424083989,0.14217816065482786,-0.84704592675047652,0.46750342376247073,0.25289078027044753,0.14799305989287501,-0.24953242341733811,0.95699092152800258,2.7099241745954563,-5.741214816666016,-0.95052465162320932,,0.2145015802351209,0.1075268817204301,False,5
-0.75141655744764357,0.63680277911219141,0.17278708779455107,-0.65282786248336599,-0.75554504665156497,-0.054474438461392993,0.095858954505730912,-0.15373322020719593,0.98345165506281718,14.153376428925261,-10.27545026320546,0.053269811268988242,,0.3733319850067701,0.2285714285714286,False,5
0.043274030440790839,-0.99653742192643369,-0.070996654777726403,0.98837480564119595,0.032335766696220819,0.14855854659324444,-0.14574841976206498,-0.076600031934626084,0.98635177966305532,0.22911794041174977,20.196735443560264,-4.2502952289373974,0.4873941240998866,0.4357621506318833,0.8,True,5
0.042460359902750627,-0.98552519217870593,-0.16412560256722428,0.98664354667752252,0.015503921832025093,0.16215467988136167,-0.15726293153991919,-0.1688186126851895,0.97302037305213673,12.349504561675806,-5.3799413770686293,-0.6065645879423095,0.7409726645977288,0.4693430937117487,0.7464788732394366,True,5
0.88869681012896806,0.44686581415854443,0.10261054430718888,-0.45426092057822964,0.82781039277510227,0.32920657595034442,0.06216908960259631,-0.33917679423856784,0.93866613156544221,9.2129673195897688,-13.376097971448843,0.18546510279425918,,0.4401389467296674,0.360655737704918,False,5
0.85637179152105847,-0.51155349809414674,-0.07028778894412388,0.51183635605845379,0.82299061970030063,0.24639396198388963,-0.068197502181646524,-0.24698068441268131,0.966617629791236,-8.9783602329602488,-0.21062522976142312,-2.534148913720224,0.5685278191503476,0.4970253399420803,0.8664850136239782,True,5
0.20787604033606771,-0.95352573024992904,-0.21811976894710516,0.96981214426745532,0.17185096574234696,0.17300765995985509,-0.12748316236099455,-0.24749934812997731,0.96046453135432253,8.8395673229135046,-2.7636130722967804,-1.064040405922184,,0.336397021389369,0.2333333333333333,False,4
-0.46508642397879452,-0.88437580961702911,-0.039674243469047007,0.87535140142974632,-0.46610427046365022,0.12847853155499447,-0.13211563967069265,0.025024716177663817,0.99091837269001681,3.5613868996626947,5.6698842514438512,-2.3386245822097331,0.5091947542512347,0.4183054484137211,0.9934138309549945,True,5
0.79986457934847477,-0.55441506914337657,-0.22987080243134794,0.59491727761868352,0.68178176628156151,0.42573120153069383,-0.079310071834928164,-0.47728142041434907,0.87516418929981332,12.478802383843528,1.2192478534460101,-1.3891523746009578,,0.4608992330609777,0.4285714285714285,False,2
-0.99595590161598602,0.089649272308950562,0.0059033897689289364,-0.088477488608394786,-0.99010840740384842,0.10889019973242045,0.015606923009986201,0.10792751995061625,0.99403625406293405,14.439787696373655,1.6892810996649388,-1.3835873371663887,0.1971415226667402,0.1417770292673359,0.5,True,4
-0.32082744352928594,-0.94415021525987841,-0.075167296766535052,0.93657099518407116,-0.32806916169282341,0.12331016229851754,-0.14108338831478867,-0.030838225806515424,0.98951729715590364,15.209377712733353,11.113850798571054,-2.5292257838288634,0.353519503673514,0.2955915193006913,0.75,True,4
0.69258384686104013,-0.70374689425408476,-0.1583285315251011,0.70574461161051727,0.61569755591380892,0.35048689394110544,-0.14917157319638644,-0.35448106926815393,0.92308776033518214,11.687924207896485,11.579897442540327,-2.6241623157745733,,0.5662729662479122,0.3902439024390244,False,5
-0.38635956105476832,-0.91738337605479314,-0.095572124177898565,0.906582564662337,-0.39678775269616434,0.14376206996487795,-0.16980678146595229,-0.031100171199471512,0.98498651580594587,-4.9140840714821961,8.7568987319267482,-3.1831533637985339,0.263128700735371,0.2670394932599663,0.5232558139534884,True,6
0.59828642666255605,0.77112672955444417,0.21775426204329046,-0.78784631112437653,0.51655823731125805,0.33535917687398875,0.14612166752081335,-0.37219773566285186,0.91657913125293444,13.469206166883806,10.841947159741816,-2.5309172861808116,,0.5098946880202709,0.3414634146341464,False,4
0.0038015743088389547,-0.99950262002004642,-0.031305919661310917,0.98947007065682213,-0.0007699192069316736,0.14473557440657694,-0.1446876888583177,-0.031526493580493128,0.98897500114783554,10.661972839735608,3.2852101900013331,-1.6858897769932375,0.505925749487886,0.4703937709533857,0.9103260869565217,True,5
-0.52311854447556172,-0.84510042708519251,-0.11023727394214397,0.8416188302421197,-0.5326233652431358,0.089387333436925981,-0.13425622148584679,-0.04601759378219087,0.98987759246021989,8.4749671120414121,-9.0852111790334114,-0.30822919939460974,0.631329731421401,0.4316005383395346,0.6,True,5
-0.33850901411586864,0.8288106490880881,0.44551605506477948,-0.93229553910798013,-0.35953198554562993,-0.039519351322820168,0.12742321264848963,-0.42873028739266589,0.89440128888018633,7.0579403400722907,7.8123852782249905,-2.4151972719530272,,0.6225444124169002,0.323943661971831,False,3
0.84499283630776412,-0.51929747539308113,-0.12773894722806001,0.53019896808461464,0.7823176529667375,0.32690693491975031,-0.069829512604418775,-0.34396107615104982,0.93638379805635363,6.0286552308540378,10.296414434699361,-2.7078045021974249,,0.0929731964636607,0.3214285714285715,False,1
0.99723923062197595,-0.074008186133241297,-0.0060584893956706076,0.073366354538619991,0.96941976768158378,0.23418516616109236,-0.011458399984441828,-0.23398312420653844,0.97217313409512862,9.8105328046808609,16.344708597096112,-3.2466132463543045,0.4636409321805389,0.3515132148661628,0.5238095238095238,True,3
-0.19790580748657349,-0.96479857653407064,-0.17319641474614894,0.96954502585118818,-0.21867724773168654,0.11028465066234332,-0.14427658926626949,-0.14609574956968224,0.97869315811819524,19.578798349533081,-0.18884275571897208,-1.0854548450517203,,0.2250755168659524,0.4285714285714285,False,1
-0.40940627918764949,-0.91165148215677372,-0.035750155846944791,0.90216921290082597,-0.41036397946331071,0.13301171246524965,-0.13593090103294134,0.022203140327255289,0.99046949004195972,0.80464765608074629,5.6447225419338789,-2.5695177966068083,0.445175687717229,0.4147682289824862,0.9688888888888889,True,5
-0.96002318810542853,-0.27883673520681457,-0.024607994617462055,0.27604311636352219,-0.95764125642272735,0.081996474957248558,-0.046429260259056596,0.071925649780203715,0.99632877339535442,9.090430477782963,-15.816014779672273,0.50017057625736161,0.3368097786565065,0.3781848711284557,0.8108108108108109,True,5
0.28937364741721172,-0.95542223639064527,-0.058576807618352718,0.94685468427156783,0.27672516693010279,0.16397984284812833,-0.14046031131052411,-0.10291516991097577,0.98472299087040005,-0.79102386846391315,10.931898660793848,-3.2965621746886407,0.4183259175974705,0.3797393203605142,0.7183098591549296,True,3
-0.93762742697063761,-0.34492851214943676,-0.043348929615373399,0.34256641660702131,-0.93795689813544936,0.053713196266392552,-0.059186640430484973,0.035513078527538017,0.99761503740072521,-2.6819204684062434,18.691128176508556,-4.2805213344030424,0.2277231019808213,0.1521569925831855,0.1333333333333333,True,2
-0.67048531873015027,-0.73134914734698941,-0.12481130574655738,0.73758816288882356,-0.67522649462485795,-0.0057343633401749639,-0.080082078729384554,-0.0959041481452102,0.9921639254855632,9.8029048687597893,-17.459086965557887,0.75845395613396371,,0.2355196741245099,0.25,False,3
-0.85230193457228187,-0.5201187936319206,-0.05529785561142616,0.51900993600666456,-0.85409389812892056,0.033945537340046142,-0.064885272987825204,0.00023171064282487969,0.99789270348042658,-5.411641411516297,-20.86792288170432,0.46612270097296288,,0.80664973989639,0.5833333333333334,False,3
-0.94385267173818121,-0.32994013373607395,-0.016782198989427274,0.32526580745783934,-0.936971993812999,0.12761519231226096,-0.057829824065952301,0.11499126471309501,0.99168176371666017,-4.9334419372043943,-3.1881322170178996,-1.8452307992793158,0.5267929960832607,0.4624641943153282,0.9390519187358917,True,5
-0.72104552810577027,-0.69233478291734185,-0.027674803729548267,0.68472718833950286,-0.71809677236416058,0.12444156487627121,-0.10602841103850767,0.070778343318938244,0.99184091575699629,-7.089524128793526,6.5812763068197349,-3.0956919164568584,0.2871916277517547,0.2880625249976811,0.8313253012048193,True,5
0.85649036367499531,-0.51522302060327863,-0.031136730276471968,0.51137052917875925,0.8387915069976889,0.18689298990594577,-0.070174345877336911,-0.1759944511312263,0.98188671156692442,-1.4741386007850441,-9.1967876647611462,-0.8493128129768801,0.6600932708565492,0.6117588113589165,0.8939393939393939,True,5
-0.98682803591426849,0.16114160809201802,0.014276192598361818,-0.16109010471215746,-0.98692853819796655,0.0046945345084787593,0.014846066732073587,0.0023329449079728514,0.99988706945866823,1.3372767946180397,-2.9601657023490144,-1.3441924138212746,,0.07651738262689324,0.1818181818181818,False,3
-0.063301785666288454,-0.9920370850907041,-0.10888207261160407,0.98580233963262776,-0.079156724620322721,0.14808092423475622,-0.15552051667319169,-0.09796241499739454,0.98296324150070946,6.2114858885316684,19.906622649873281,-3.9135924515673901,0.4676660494423516,0.2689460223051626,0.9696969696969697,True,4
-0.95866223462399469,-0.28344788876710508,-0.024980277404396182,0.28018823383275476,-0.95564043294694034,0.090807029125872865,-0.049611223804813469,0.080054089654785388,0.99555515628323343,14.764319571144044,6.2140511214798364,-1.9656113607009553,0.2954544498502901,0.2049536359967967,0.625,True,5
-0.93551275060981764,0.3526657365437415,0.021042141395637502,-0.35070914136251197,-0.93421239377978471,0.065194336203498765,0.042649637879158424,0.053610461444623711,0.9976507038099417,-9.1329607554774306,11.420156163415983,-3.8634055314048714,0.2693789408910919,0.2482173261140452,0.9032258064516129,True,5
-0.49570076686066822,-0.86807394407104388,-0.02698846714223211,0.85890981032224378,-0.49459778580413527,0.13284189102031732,-0.12866502036665833,0.042669168055969924,0.99076972835844068,-0.42531785297365743,15.350435364090455,-3.8200501952884305,0.3192469633585587,0.3546274978887422,0.7333333333333333,True,5
0.34770960966778847,0.9178377244235344,0.1914991879087288,-0.92716980053994336,0.30620921703731874,0.21585197791105543,0.13947827182538788,-0.2526060708423703,0.95746330721452888,9.7451565753263907,-1.225563060467773,-1.2269705771518162,,0.5421745353201969,0.7307692307692307,False,1
0.0077474709113149352,-0.98616427745476931,-0.16558983835546948,0.98780467409180861,-0.0182040890405946,0.15463032362566342,-0.15550531353254021,-0.16476841024393682,0.97399664704188349,12.186822624308499,23.013011238127739,-3.9826816640620901,,0.2371846226379616,0.1666666666666667,False,3
0.73482089899470293,-0.67676145923237996,-0.045079637290869924,0.67301378125639966,0.71927222110620748,0.17233665362860659,-0.084206274348054777,-0.15697579189990674,0.98400604882176301,-13.541593238404728,-7.8642947657092872,-1.7950171302644629,0.2838527670153668,0.2515534095159138,0.7073170731707317,True,3
0.21742199658953082,-0.90181884047074801,-0.3734306553712729,0.9705769209155074,0.15918872182108681,0.18066375239970664,-0.10348002698683403,-0.40172344942381072,0.90989568314056746,12.07944844554131,8.3214159803713219,-2.2909019791262342,,0.6062150502542134,0.4246575342465753,False,5
0.23972976857513101,-0.96887040516631118,-0.061804336836362619,0.96097049093845066,0.22775732506000188,0.15704240327703259,-0.13807734645635245,-0.097039882905850153,0.98565607973633074,9.4574428268809054,12.32439979367831,-2.7591350849026628,0.6122062865474998,0.5006434227444553,0.9791666666666666,True,5
-0.44877744215024867,-0.88950186127524677,-0.08593745519243709,0.88430299833736481,-0.45589609561225397,0.10083133013627096,-0.12886820612015695,-0.030743922868992066,0.99118504662751983,-14.447083978033415,-13.894065832324349,-1.1888446181004366,,0.3207833536913624,0.7848101265822784,False,4
-0.99973550344214424,-0.011312484077687618,-0.020023757421512058,0.013284070102083958,-0.99477337264003263,-0.10123966894404141,-0.018773828560163588,-0.10147888839738167,0.99466053433863888,5.5221730895310142,-14.99803461134638,0.19440582446738044,,0.4340057943038398,0.5333333333333333,False,2
-0.65034720251282629,-0.75824296459704332,-0.046001335011386077,0.75043692737612333,-0.65068783565721122,0.1159730941124687,-0.11786829180923114,0.040901676821656456,0.99218653418555969,11.543335109167867,-2.435173100816197,-0.99709643683584348,0.4269015738464943,0.4232064153771099,0.581081081081081,True,5
0.22721599208399482,0.96441953158622307,0.13515864765635927,-0.95811132189053594,0.19653493495475438,0.2083187802563668,0.1743433044497435,-0.1768303888966497,0.96867715249003561,-5.055799588442663,15.598400744554869,-4.0663099801315319,,0.1963981948305572,0.1875,False,2
-0.92911434493983169,0.35398160124599248,0.10697457644856601,-0.36747174766422269,-0.91616611729688435,-0.16001300005234906,0.041364824375655862,-0.18798050828869012,0.98130131957920896,7.8328416257453313,14.32676685555094,-3.1297637108998524,,0.3684837569343573,0.2307692307692308,False,3
0.64116810005494951,-0.76274436105561172,-0.084406795637515894,0.76010912499628891,0.61609673663495601,0.20654038153623733,-0.10553476000495239,-0.19658547958998634,0.97479052295612378,-12.294715138988174,-16.164013543241854,-0.7269912898587374,,0.2554952413433129,0.2666666666666667,False,1
0.2589332262994854,0.9539253524689747,0.15159157705849263,-0.95060794993381492,0.22386486142077605,0.21500941687211256,0.17116690638312237,-0.19977724029027488,0.96477507452319289,10.130060235145571,-7.4125220764923858,-0.48185655244582076,,0.4196806942496756,0.5185185185185185,False,2
0.94252265749764808,-0.31176825306672012,-0.1202147931133955,0.3317684072649838,0.83035587704648117,0.44770396624915554,-0.039758823478906254,-0.46185460248231214,0.88606408465837194,-15.224618239308917,-12.58105568192498,-1.4755837880990599,,0.6692573007198698,0.25,False,1
0.61594312028798193,-0.76127909943485672,-0.20265291839388433,0.78334315524992093,0.56455878050339448,0.26009014683301401,-0.083591708279011356,-0.31894751311175606,0.94407886862635759,-1.1212874326120397,-2.7817312627613338,-1.601440499096211,0.7255572364858986,0.4719188243440713,0.328335832083958,True,2
0.10694477109597453,-0.99354980392422632,-0.037704151725800342,0.98467988465085787,0.10058469696660806,0.14243680528609959,-0.1377255992878747,-0.052359391309183295,0.98908551371584075,2.7272408822652818,12.561952916624705,-3.2241985045444537,0.4037970109968506,0.4069996005517815,0.7898550724637681,True,4
-0.38388388057731287,-0.90933258833812947,-0.16045999507410799,0.91304901452214249,-0.39973646496995718,0.080946004555309148,-0.13774855103792982,-0.11543397402672109,0.98371760903592165,10.982356781460181,6.7364279957399038,-2.1511944118760478,0.2798049995512633,0.238148107732303,0.3095238095238095,True,1
-0.90559835907661623,-0.42322134607727535,-0.027844285989745851,0.42413358043361044,-0.90387459454876407,-0.055869699103120951,-0.0015224934501261445,-0.062405204541338924,0.99804973446208978,8.5509727873811379,-1.1956754147518003,-1.2673947200491444,0.7761872125754806,0.4227658134009654,0.2692307692307692,True,2
-0.87072941718966934,-0.48512771072918948,-0.080507057598669302,0.48528459003845958,-0.87415144373494291,0.018924061068384984,-0.079555947054533935,-0.022591097777036256,0.99657437935634552,16.048328377945175,18.837545481676372,-3.464589342786375,,0.287613389829342,0.4242424242424243,False,1
0.76472318456671196,-0.60527096579774764,-0.22101020100531168,0.64044491772846057,0.67622292502137271,0.36407810018088771,-0.070913738738921622,-0.41996382420132417,0.90476606259312542,-6.5346480180605147,3.9655937262681156,-2.7434336169503424,,0.5224587728751705,0.2255639097744361,False,3
0.11649810294781994,-0.9225497790411743,-0.36787239255024351,0.99029231858371902,0.079618889922376784,0.11393838739253698,-0.07582424258535346,-0.37757481054568476,0.92286940933034967,-9.0946343073701374,4.9949050337214125,-3.063965425795236,,0.373120949463987,0.131578947368421,False,4
-0.67326438855681781,0.70290247112547344,0.22944101461359678,-0.73238339132856289,-0.67660788416018591,-0.076264927708281638,0.10163479329091529,-0.21938524831441852,0.97033008899793149,-1.5149642791406821,-5.0064739639565419,-1.398542381321505,,0.1274009189379034,0.2631578947368421,False,3
-0.88016207971792282,0.42737543789213406,0.20655495276833044,-0.45992370327042881,-0.87546957175792872,-0.14840221054958597,0.11740911632677944,-0.22561751707811972,0.96711521309038906,12.077156512327878,3.0126551772992967,-1.6070468357240062,,0.3588481009156338,0.2,False,3
-0.65712647177047112,0.735773496339026,0.16377472999073212,-0.74665375860063121,-0.66517039116910448,-0.0075176777990968446,0.10340679313295802,-0.12722308279941133,0.98646911879539934,10.815905939315286,12.601348407997881,-2.7751158242867517,,0.4464149822168295,0.1333333333333333,False,1
0.58024046139631047,-0.81181166577542097,-0.065443305765630427,0.80657659644536706,0.56163389839992583,0.18439511445456028,-0.11293892608487657,-0.15977854511491513,0.98067100267916396,3.9561709810296497,-9.4784241578273765,-0.49593499481118197,,0.4568118495725625,0.2608695652173913,False,1
-0.99737615281998304,-0.06510309600340948,-0.031660648710675046,0.069334275787505728,-0.98482484269020176,-0.15909992904222733,-0.020822295431388513,-0.16087764329138632,0.98675468881681927,5.6053626191678889,13.852294219087369,-3.1533400978899793,,0.3634672965553908,0.4117647058823529,False,2
0.13686681272548337,-0.95426346225400083,-0.26579826971102583,0.98210186983434467,0.095668181285275711,0.16224523523805609,-0.12939626286045514,-0.28324696590886084,0.95027772964600876,-8.237229527026809,13.317427374881387,-4.0363501443757119,,0.2608104754111396,0.25,False,3
0.14705816796705154,-0.96088249647013502,-0.23468856642686031,0.97882991179050838,0.10722310889417197,0.17434221721445925,-0.14235834720296386,-0.2553586358367167,0.95630856321861446,0.98349010813689752,9.7164980459255368,-2.9985470998191492,,0.274115319837515,0.2592592592592592,False,1
0.7301639305581421,-0.67650993646627233,-0.095890251716664335,0.67089655410889881,0.68325478110967108,0.28820256379078529,-0.12945442517230016,-0.27476755622375837,0.95275618174333232,12.147279400330703,-7.5817809496311472,-0.34837665238737464,,0.1837445805320819,0.125,False,3
-0.98371522386422749,-0.15870147958421391,-0.084369418129645338,0.17624491835900735,-0.94378261411997033,-0.27966427379539049,-0.035243255956004305,-0.2899796849137154,0.95638365484096544,-6.3659472989560113,-0.51629857563120962,-2.2928404679685856,,0.3906324111363893,0.330188679245283,False,1
-0.96863191570915874,-0.24712492334672395,-0.02610525101357427,0.24495034212720784,-0.96720522107230977,0.067181770014112047,-0.041851424842766889,0.058679916422409745,0.99739918069311173,-7.5906674099155609,17.639120441930665,-4.39040496859917,,0.1343362061693275,0.6956521739130435,False,2
0.96040022140245951,0.26564588636790826,0.084045688681307879,-0.27420825457981829,0.84766127350154208,0.45418079938063627,0.049408985522842674,-0.45924136188016923,0.8869363695824245,7.6222312633569409,-6.3439350311237783,-0.67525507680186703,,0.4491824178432913,0.1967213114754098,False,1
-0.72970320773865782,-0.6296352348525267,-0.26663214293876125,0.6754747047654398,-0.7243268813492999,-0.13814663288274184,-0.10614684092310286,-0.28090930918536788,0.95384632314385132,7.1689432814244372,9.6848540586923839,-2.6094272672096994,,0.648411435175753,0.3333333333333333,False,1
0.68156684024551606,-0.72335727938429506,-0.11054812815916068,0.72313590920201598,0.64268776067100786,0.25303537125520514,-0.11198704880617767,-0.25240183962371682,0.96112029021046419,1.310734312944748,-19.959254976449841,0.69295071861572044,,0.4436177324457047,0.3478260869565217,False,3
-0.61982752912157013,-0.7722202670302819,-0.13960549176422138,0.77554002378961262,-0.62994935060729318,0.041249086897262213,-0.11979776977664217,-0.082702326793933814,0.98934767372214161,-9.4196244250250274,5.7306760855101002,-3.1791975205006957,,0.0888196867379588,0.3636363636363636,False,1
-0.866091691191608,-0.46488344670851683,-0.18376224700756821,0.49332927191674331,-0.85422585884330915,-0.16408659772665082,-0.080693320163176915,-0.23276933444898026,0.96917853103606388,-0.72043932056926374,8.1848184840871188,-2.958548858816016,,0.4151497328329881,0.1066666666666667,False,1
0.95729781673806502,-0.28888911257467909,-0.01113421323443136,0.2773549115951246,0.90684594361898219,0.31734001883761848,-0.081579060319398627,-0.30687703592418536,0.9482464562231655,-4.4421968668376994,-12.978694541658319,-0.5217505376431083,,0.2548744461762953,0.3214285714285715,False,2
0.17576540537319801,-0.87774332053847448,-0.44572770333925799,0.97422283256282538,0.090052385498158777,0.20683433075618216,-0.14140860931096855,-0.47059242568934878,0.87094567803999934,-4.3927906912116246,12.904710346765427,-3.7505178654658202,,0.605586234958466,0.3902439024390244,False,1
-0.98193805461590267,0.17487025450016341,0.072236078161710016,-0.1877449132165242,-0.94786460361464764,-0.25749668109660562,0.023441511437115155,-0.26640774633162473,0.96357532566792536,4.7640247635683002,13.802743315276734,-3.2229044708225274,,0.4129838323093478,0.3809523809523809,False,2
-0.79973574156392058,0.56902618394939319,0.19139473776778165,-0.59502747922915489,-0.79364914839735101,-0.12674118592769237,0.07978121725947887,-0.21524458466626203,0.97329580608592203,4.2406070567922116,2.2002664682847288,-1.8765216039948038,,0.4817522453889863,0.2135922330097087,False,1
-0.14338771641124232,-0.98927154614599133,-0.027960163953194183,0.97874645225775148,-0.14593432121253114,0.1440782984529719,-0.14661290862415552,-0.0067068530741447863,0.98917120517461865,-0.33588049331443859,2.8041592251392879,-2.2225263383319116,,0.2729195094724734,0.9467680608365019,False,2
-0.28001041961505474,-0.9002840795428485,-0.33329077549294195,0.94383862754037162,-0.32160385082649168,0.07576020258868954,-0.1753933010970159,-0.29335906199614387,0.93977531925191249,-10.313010137655894,1.9768395088470814,-2.7933993009532472,,0.4653856587202368,0.1607142857142857,False,2
0.96972051894225997,-0.22862281237992949,-0.085870395374928021,0.24141840976285986,0.84431324564277976,0.47838509034012361,-0.036868232530551423,-0.48463053235598735,0.8739416345148151,-15.066015240815672,-11.039141563396457,-1.6423214248568911,,0.3643837535242558,0.5714285714285714,False,2
-0.99924385284325934,0.038257780440939616,-0.0069328775188624223,-0.038692382770283827,-0.99600013876266535,0.080539574746269146,-0.0038238816033621253,0.080746924526478983,0.99672730077438854,-11.663617431202857,6.6589826229890434,-3.380002984724503,,0.4499384379618276,0.7692307692307693,True,1
0.69219107479275754,-0.66597721812027422,-0.2781112383957709,0.71497201232846808,0.58021703127750823,0.39008104055759674,-0.098420209125104491,-0.46885236648682643,0.87777612229740831,13.829421428180167,9.9598956607880886,-2.4588948608512684,,0.3052557515513362,0.2631578947368421,False,1
0.0010573830568968742,-0.97622975698406156,-0.21673565355038338,0.98938738812740268,-0.030469974249417501,0.14207102760125642,-0.14529789453226125,-0.21458574567776079,0.96583719104019383,-10.578639299699732,-1.0648501471797862,-2.4587329784523395,,0.4180706340216559,0.2391304347826087,False,1
0.11222313865788529,-0.99062701228519834,-0.077872265156956319,0.98328950853781827,0.099402850459835795,0.15251496883885293,-0.14334472278123733,-0.093686689830315861,0.98522844792434261,16.236058536889498,-5.2993643296382693,-0.50766586743420572,,0.2208829091717023,0.6818181818181818,False,1
0.37340701674132742,-0.92285083976866777,-0.094411479104009405,0.91832594461262518,0.35332065789217587,0.17844319028186628,-0.13131892209301843,-0.15333245007142124,0.97941028198371671,11.610290828117639,-16.170281191614983,0.6676321127222361,,0.2904065655237061,0.7096774193548387,False,1
0.62959014590761953,0.72992726941173824,0.26612483827171568,-0.76779803883341824,0.53219600357271779,0.35672620501553537,0.11875360937495869,-0.42892143237468594,0.89550208548616372,-5.1301799831939805,7.4324406806194778,-3.0798027558305621,,0.4470562157611881,0.2285714285714286,False,1
-0.98171919046530731,0.185578241043026,0.042286493393500581,-0.18943560193701853,-0.9742341357372335,-0.12240098644653907,0.01848198557789528,-0.12817396465625486,0.99157947285802361,-10.426325521096603,17.578505974057126,-4.4934048107178981,,0.3432244325545256,0.4615384615384616,False,1
-0.53756813776649448,-0.74155242751104067,-0.40139817452343673,0.83352051526144322,-0.53931069103807239,-0.11994802695474731,-0.12753057632020279,-0.39905385073260613,0.90801540533127378,4.2538530284914478,10.228564774672781,-2.7865614192777937,,0.3245764694325506,0.3235294117647059,False,1
0.96280539551235078,-0.26532602498906882,-0.05106731670849974,0.268494531322371,0.91832374819043527,0.29084734855152278,-0.030273041180008224,-0.29374069172140721,0.95540564631194391,-5.4332498373617888,16.345660330065023,-4.1650331873136315,,0.2133026195280019,0.28,False,1
