axis_00,axis_01,axis_02,axis_10,axis_11,axis_12,axis_20,axis_21,axis_22,location_x,location_y,location_z,dbh,dbh_approximation,score,reconstructed,number_clusters
0.58931292786760414,0.793187112170887,0.15350725759429495,-0.78709530221711699,0.52082764110952995,0.33048381728010306,0.18218468178158637,-0.31558322728290217,0.93124431186550105,3.7953355868978385,12.870931955250148,-4.8041946526396453,0.3570948769941559,0.3059013681428013,0.4,True,5
-0.3457992890517077,-0.93789108858372527,-0.027984953931888362,0.91456875179541719,-0.34356687568660255,0.21336775803837091,-0.20973042204388878,0.048188254649686013,0.9765710635602054,5.6707462373842521,-0.84295694965594548,-1.9320061613602164,,0.3409823067354668,0.9971631205673759,False,5
-0.9997005940589625,-0.012651301378047276,0.020944374223186599,0.016665903450550155,-0.97877433038976192,0.20426222810948583,0.017915632847767496,0.20455012770349595,0.97869212490759772,-7.8968086664045467,1.9206947855112628,-2.5703110274025294,0.3726086572252229,0.3160706894606825,0.9787685774946921,True,5
-0.21319793295939554,-0.91708504237357769,-0.33690008375851538,0.95179574365882225,-0.27278999525002257,0.14025149141610743,-0.22052551719651595,-0.29075873769526928,0.93103590302364991,-2.9274817692296402,-13.101100307458918,0.45853511572222766,,0.1083497680854405,0.4,False,1
-0.51211933561090273,-0.85889295210430838,-0.006056642551286115,0.8381926263191215,-0.50129137892641595,0.21480240826933536,-0.1875284172537629,0.1049278334837752,0.97663874717456312,5.0083175460335791,-7.8143395940361673,-0.70445679734813582,0.4365316736830717,0.4439560344253395,1.0,True,5
-0.044069306502033306,-0.9976849525560475,-0.051794127733420382,0.97140941668015679,-0.054899619786069866,0.23097570636857362,-0.23328446456964597,-0.040134364210499124,0.97157994596423802,2.1239841508772579,-5.1269014732867531,-1.2188795049091585,0.5789799390338206,0.5806930550409357,0.9480088495575221,True,5
-0.95754775107515344,-0.28820987499633105,0.0061132941624134698,0.28500603270557451,-0.94329304867623898,0.17020512812637723,-0.043288170813119975,0.16472186337486233,0.98538969042403124,6.8413169452449925,-10.787455902403522,-0.16226790282984377,0.399160278751469,0.3680134079387135,0.6086956521739131,True,4
-0.069953089004554506,-0.98857024870565047,-0.13354934935360152,0.97323046925976586,-0.097014624093497814,0.20835214521673218,-0.21892697194073149,-0.11539941978210598,0.96889315967799905,-9.4835060662765081,-10.927934977799676,0.083477719167779227,,0.2584351825331901,0.3666666666666666,False,5
-0.28789498080646425,-0.95720008524354816,-0.029740155281877394,0.93326820543445888,-0.28739093214705258,0.21544583738098386,-0.21477182485510216,0.034270233868371108,0.97606281269138451,-3.939898158644334,7.5700938268645031,-3.7896675904573156,,0.1079436150647154,0.6818181818181818,False,5
-0.20701468894848762,-0.97791101636591937,-0.028895719920714664,0.95295514631323164,-0.20823997150446391,0.2202557681036936,-0.22140778593962973,0.018059854318225536,0.975014068609944,9.7842038367968396,3.0574106801075218,-2.6573538415179558,0.5622971289859399,0.4984319446257507,0.9893238434163701,True,5
0.92667446724717695,-0.37564962267413871,-0.012719777393408892,0.34894824190041518,0.84724419567688214,0.40051516496437706,-0.139676613027271,-0.37558572107657406,0.91620183905983277,-18.418644689572968,0.70732386194924546,-2.0258091932325026,,0.2960874764208661,0.3529411764705883,False,5
-0.9801140431631189,0.19444180954021284,0.039608649272269571,-0.18756560984982698,-0.9729399699303235,0.13493315720624713,0.064773485286099317,0.12482066181009827,0.99006272427012565,13.853335022560421,5.1591544388368371,-3.034349433741498,0.1922489599407335,0.2751359307034896,0.3387096774193548,True,4
0.35665286491693893,0.91316370844203176,0.19730883287612017,-0.91085200427700264,0.29292393222690066,0.29076484696967442,0.20771942675423416,-0.28342126157563985,0.93622915369890392,-14.456687382742603,6.1606287784959504,-3.3868005061775617,,0.2466139753376048,0.7272727272727273,False,1
0.41558200465196943,-0.90935753756038784,-0.018985949846084614,0.88323038418121425,0.39848017482992015,0.24721981863641287,-0.21724568089735422,-0.11950907559521935,0.96877339712742983,9.6169217364264004,8.1409407529741724,-3.687873237027179,,0.08833509306274798,0.4888888888888889,True,5
-0.57227953449185509,0.80246223966324071,0.16896889748246774,-0.80307507719610494,-0.59011871975411689,0.082645731784716958,0.16603178848718994,-0.088398249475977131,0.98215029130033216,-11.265286311734149,-17.616618150884268,1.4499685942869056,,0.3870312945072009,0.8387096774193549,False,4
-0.39719759697764018,-0.91494306667527214,-0.071507018522920685,0.89359140412511484,-0.40332729172627474,0.19703171882327661,-0.20911353717273873,0.014362468158282241,0.97778589071407074,-1.7523369691676318,-12.373919895552985,0.2743721377147228,,0.1859058883366756,0.5714285714285714,False,5
0.95285070954639983,-0.30337505087180244,0.0062533051624293753,0.28973926655041737,0.91575889784252784,0.27827468163860292,-0.090148115541865095,-0.26334239979686297,0.96048118031197283,-8.3394779298832553,-10.404856567330988,-0.024479441828640303,0.4472252789109153,0.3710548927907837,0.9420289855072463,True,5
-0.97705546651876862,0.2071495240329603,0.049514543708997431,-0.19923618205893792,-0.97111538727798286,0.13130060300894336,0.075283192708398908,0.11842288328212776,0.99010527804409687,5.5547546544918109,-13.720560807178341,0.44331791620712474,0.2671047055885651,0.2615978598672761,0.64,True,5
0.81057228094954736,-0.57269407560661967,-0.12245028836767848,0.56881059928954858,0.72011671325708071,0.39734924364302571,-0.13938105858441774,-0.39173130466290201,0.90946110717005835,5.2373719655305511,13.883570741845066,-4.9928270047667809,,0.519942674016072,0.28,False,5
-0.52809729982494302,-0.84910393090602765,-0.011651456455618551,0.82948028314504718,-0.51873385501094338,0.20706918539246513,-0.18186726420996616,0.099688024282852672,0.9782569171865666,-2.4323637429635609,7.1694372283068812,-3.730511099243996,0.4231552829431257,0.3637343869382484,0.9855769230769231,True,5
-0.94536298149302367,-0.32584194972755409,-0.0107636899048432,0.32548119253670732,-0.94518378708056816,0.026260273131064937,-0.018730363784624879,0.021322111475680975,0.99959718938916331,4.6523498292854741,2.7876017591348718,-2.7024002537640159,,0.7039674103820976,0.5679245283018868,False,5
-0.74683807626181897,-0.66500465265131581,-0.0013037628800615054,0.65095651125479881,-0.73145926925359706,0.20303437609915662,-0.13597245419762605,0.15078510992500443,0.97917074217134259,1.2081576475128728,-10.135183022245947,-0.20982850989255031,0.5519204573511354,0.4873968220183572,1.0,True,5
-0.89034150736141016,-0.45010460416440895,-0.068540831475936301,0.43984354088335814,-0.88921072217052588,0.12586481287540729,-0.11759957403239819,0.081915425207786677,0.98967681760281001,14.61906056579247,-0.56489779882574764,-1.9128901170760557,0.4059608330819551,0.2820423216116719,0.375,True,5
0.41358567578261207,-0.87328701637347528,-0.25752024351680231,0.88355598449021622,0.31671534977670079,0.34499305715817924,-0.21971734355522504,-0.37021773897172333,0.90258690146251297,-8.6576877982542904,-13.168437288254555,0.52153199421599439,,0.5542496737947096,0.6222222222222222,False,4
0.26736406958777076,0.93914032776484424,0.21571253802041171,-0.9382088949387688,0.20266625884096479,0.28051819367945163,0.21972829529043589,-0.27738390777611599,0.93529548483653624,2.9563767138578458,-15.567638326338828,0.82525864102643876,,0.254355214102059,0.2105263157894737,False,5
0.89394904185618274,0.40010886242212912,0.20191089315755728,-0.44446390483525844,0.73368003864780107,0.51397026975142757,0.057506068053789869,-0.54920533418843509,0.83370651492954173,-1.4247855245450392,-20.224070056227308,1.7323834840742918,,0.4149031219525411,0.1538461538461539,False,4
0.98412249503112659,0.16230686328275576,0.071828941973434091,-0.17648299946165955,0.85176461796650771,0.49330597653118347,0.018885594370472592,-0.49815009556526391,0.86688512307778831,2.0973291456227883,8.1992459869420777,-3.8860962319899812,,0.5026599026990177,0.3157894736842105,False,4
0.39198410544334134,0.91616643991080371,0.08359135996589985,-0.89700783313082355,0.36044352271987384,0.25584646613004769,0.20426798178307168,-0.17526985282829724,0.9630966048677666,-5.9986888178812467,-6.1141194678395037,-0.89400888209742824,0.3391118512905706,0.3111462623265279,0.9629629629629629,True,5
0.76015839928201456,0.62867721817652111,0.16408584139661833,-0.63400818700563499,0.66248001777075771,0.39894090397486726,0.14210146660338471,-0.40729004579081907,0.90217625317278205,0.24020394288457361,-17.916349237574838,1.3558137423210164,,0.3766193780092549,0.2777777777777778,False,3
-0.63918578751109412,-0.76705933049102593,-0.055330936649228203,0.75139472459561318,-0.6382202809027987,0.16757338957673068,-0.16385205794772431,0.065535155077341825,0.98430566723720736,13.028286388198101,-2.1845601894066937,-1.6130127577531383,0.5490797302195457,0.3950213877684582,0.4516129032258064,True,1
0.72900330497677512,0.64563094071078053,0.22740903616578681,-0.67078307373521329,0.60760852915797792,0.42527866544751414,0.13639739485517668,-0.46257168492179862,0.87602693279677757,-6.8719236384853977,10.5442797843927,-4.4554623493609125,,0.7420444648406517,0.4125,False,2
-0.44621072976938114,-0.89474427792203048,-0.018129030985173933,0.87290356710394812,-0.43960661618537883,0.21162557866015369,-0.19732041753422319,0.078604708076718377,0.97718266086351246,8.6525778885987332,-3.5515799224964142,-1.4435991626688325,0.5423722352469497,0.5254762177764242,0.9917525773195877,True,5
0.98659797349486034,-0.16138058552630308,-0.024098657867651117,0.15267417344046194,0.86089803917308161,0.48532995262214651,-0.057576344622651141,-0.48250479040433453,0.87399890833842742,11.939549646720845,15.732803186522224,-5.4337840138271893,,0.47780776605332,0.3111111111111111,False,1
-0.75894757151642789,-0.65115101940481501,0.00096623878293976805,0.63708928982615431,-0.74224959499484644,0.20780465711526178,-0.13459502397236545,0.15832842024745758,0.97816986810258155,-6.1637469452147027,3.5120395852740081,-2.9594894837311125,0.2885815557594557,0.2793603496230789,0.9530434782608695,True,5
-0.83426106884383067,-0.55078027470623869,-0.025486427879747173,0.54166138538995245,-0.82733172151446621,0.14874530632375232,-0.10301171093126542,0.11028740440517167,0.98854705292190481,-13.428479444836226,-12.469725701869978,0.49217742815666848,,0.1841957503348151,0.3157894736842105,False,5
0.044126718789781687,0.96513172062465513,0.25801859338609712,-0.96040321234454895,-0.030137145874390297,0.276979100577673,0.27509725990478079,-0.26002406481446744,0.92558575146241473,12.582073086984638,17.574771812063336,-5.8336791089100872,,0.4985973600046124,0.2777777777777778,False,2
-0.38587278644064282,-0.92227117584589791,-0.022761170628052017,0.89961775462316973,-0.38163262150146643,0.21223674934536016,-0.20442624159168202,0.061420032641995401,0.97695316742357508,19.470857441579035,10.658338913852974,-4.3435989936461432,,0.3309478047403851,0.9111111111111111,True,1
0.059955202872170828,0.96538534627539641,0.25384346917990586,-0.99556811433225878,0.0393730519327452,0.0854042885715455,0.072453456601236657,-0.25783889539445809,0.96346748811171545,6.6656261509719492,-18.312771346517831,1.3802507855596573,,0.5102595708742788,0.625,False,2
-0.68049706707044499,-0.73259081242214508,-0.015311540196367764,0.71662998186290572,-0.66973957695047481,0.19465448405154273,-0.1528568310665086,0.12148909671596933,0.98075235843481101,4.2379131865514115,-11.599438814782753,0.0078424607380260282,0.1984118641427097,0.2106159555848211,0.8085106382978723,True,5
0.80111429806634593,-0.59843563459683335,-0.009522220242776441,0.57829828458316124,0.76986105412153349,0.2699723159789818,-0.15423026772277743,-0.22178536604466831,0.96282099890197348,17.225135358379923,10.014728736686795,-4.109347388866051,,0.2070481155894687,0.1538461538461539,False,1
0.88236607200999717,0.46776281887788507,0.051264610025481515,-0.46259407959234211,0.84229403231220434,0.2766721537440342,0.086237071447049451,-0.26784082662406727,0.95959598743511532,-4.1317612228416669,-1.2516383740958004,-1.9521422259976684,,0.1849774206541787,0.6979166666666666,False,5
0.9574376454636131,0.27198862651245687,0.096619574088080973,-0.28824663678378104,0.88349919015470613,0.36924660780949581,0.01506756224257638,-0.38138087005492011,0.92429519122638537,4.9957054351705974,15.724038596859581,-5.4023143346339362,,0.3213557921213009,0.3888888888888889,False,3
-0.28999485759384758,-0.93126985524974593,-0.22054350879643222,0.93284997122063162,-0.32653281263397865,0.15220792839734149,-0.21376134768192145,-0.16159448931340731,0.96342789416787633,19.854199327688306,30.537862037089369,-8.9185875131677843,,0.4613327089831016,0.6976744186046512,True,5
-0.090547548055948654,-0.90664864194620531,-0.41205507107443617,0.97086363759189009,-0.1725388866393969,0.16629530901105266,-0.22186693927419607,-0.38499165270735469,0.89585517166714024,3.469375548110234,11.311158326682335,-4.4700443185696903,,0.2788296312099841,0.3823529411764706,False,3
-0.89923609289469797,-0.41830926410232794,-0.12803049949776424,0.42969216895301954,-0.89950753809095774,-0.079062183488656235,-0.082091955610326492,-0.1261092719973958,0.9886138590675122,15.869920388759523,-4.6060830303249825,-1.1272857493677069,,0.4233952788186955,0.1764705882352941,False,1
-0.71709707352871621,-0.69691876280589615,-0.0087192422636146599,0.68583316882859169,-0.70780784881157743,0.16923626589848106,-0.12411547716173509,0.11537888545928932,0.98553694051470675,-14.332390821437533,1.4865144655426217,-2.2918653783288603,0.7280316368101319,0.3726965305333546,0.9642857142857143,True,5
-0.62194753364630551,0.77640151410965952,0.10189187543424039,-0.75537587256273708,-0.62915177770763075,0.18323572729523141,0.20636995067441899,0.036996344353963137,0.97777436761406356,8.9684307219817736,20.797686275743249,-6.5250511014043173,,0.2037898616011656,0.5714285714285714,True,4
-0.92864757347320237,-0.37088911307980998,0.0074128321986963557,0.36477809948497114,-0.90934808389951161,0.20005749284748137,-0.067458301331019599,0.18848694412918748,0.9797561173447068,-13.75477589421493,-0.94793051505162274,-1.8385352552531988,0.3274758447781849,0.3292030275460916,0.9308176100628931,True,5
0.92836760309656274,-0.3714902215157157,-0.011340583712856482,0.35654583699247688,0.88157748989103102,0.30934801670733886,-0.10492215992857748,-0.29123211470515109,0.95088127319886195,2.13564381091108,-16.278079435303628,0.97318568155563834,,0.17022172762909,0.4166666666666667,False,2
-0.78070107436389491,-0.62301613313441095,-0.048546167112409909,0.61372458166235655,-0.77904571618407592,0.12817921032135093,-0.11767739948870969,0.070275671106619683,0.99056214328031356,11.397844770297111,-13.479615955197012,0.44684918918106625,0.5133945625239733,0.3075301790922378,0.2,True,5
-0.54503912533739229,-0.83479900539147844,-0.077736557994608962,0.81851124020828125,-0.54989155808633172,0.16630882116739479,-0.1815811154942944,0.027016567931279364,0.98300478307740846,1.7243024174337713,-12.969141913941616,0.33766907618875691,,0.08721525197448027,0.4137931034482759,False,2
-0.42473156023612368,-0.90350396030603719,-0.057303537854966717,0.88309052533792509,-0.42741233057123784,0.19357123684589903,-0.19938461775617605,0.031611602094330636,0.97941129297923357,-1.7108116361465493,8.0428579118135577,-3.8792219431317623,0.1649612002453422,0.1622707469872826,0.7366771159874608,True,3
-0.84639269659170457,-0.5325173810195255,-0.0066814720180598235,0.5224008768840841,-0.83262140076533897,0.18395359963399693,-0.10352162569706175,0.15220657640085855,0.98291221943435358,-9.4801807283631039,5.5375197828739271,-3.3127079943502959,0.313341558436796,0.4659573014419133,0.919047619047619,True,4
-0.5558484840217468,0.80579696058508743,0.20426385172752282,-0.80764216156152169,-0.5816678448391378,0.096833140754741809,0.19684156491696803,-0.11114754424651095,0.97411478878467472,10.567532967842544,-9.1833391432089098,-0.36184379472168332,,0.3969081275734819,0.1666666666666667,False,4
-0.51307017964844792,0.78075450452613615,0.35662500531743019,-0.83245922494603342,-0.55388413430550387,0.014966782115465094,0.20921431489685113,-0.28919676593418214,0.93412772200350169,11.533136606685138,-0.63769648202967755,-1.9547813231896007,,0.5614998155191705,0.148936170212766,False,3
0.77546667666253388,0.62958349862826957,0.04770798298976818,-0.61795186602348606,0.74128878802723108,0.26196645591222129,0.12956436494675563,-0.23262749407605643,0.96389705069360887,12.360080914624076,9.1943664713348454,-3.8780847765157573,0.4363435885366483,0.4289175341344301,0.9921568627450981,True,5
0.99057478676919197,0.12906022462002162,0.045880826476854687,-0.13676869074841999,0.91367212582927937,0.38275001203601366,0.0074777702647717461,-0.38541757212617467,0.92271196916927023,6.7269488209810424,4.3814638397425476,-3.0459822208180269,,0.1509454072508287,0.2666666666666667,False,3
-0.85334423536370729,0.51303839962089848,0.092710390388329705,-0.52110204029545426,-0.8448077272583786,-0.1214601480504911,0.016008734223660524,-0.15195889075325567,0.98825716083901749,-2.7553186162181036,-10.387243145927984,-0.11303224659116688,,0.4177600452473563,0.2857142857142857,False,2
0.99953075848717787,0.02031463973348293,0.022925493463492898,-0.026162914653597186,0.95542927206631179,0.29405851114304693,-0.015929994817150663,-0.29452032441129705,0.95551243517485895,-8.649398010565676,-6.9079890124124983,-0.67317672223288194,0.310291675944333,0.2945795575346116,0.9276315789473685,True,5
0.99703593720167505,-0.075153928456058713,0.01646896979169565,0.063555604559646248,0.92516699318101692,0.37420144288531876,-0.043359255729729262,-0.37204559097779694,0.92720119347234797,8.4070259036379174,7.721075745263895,-3.6412731016186428,0.5504083917528588,0.2137887272038054,0.3333333333333333,True,3
0.93102594150047746,0.32385548899492589,0.16825076077393419,-0.36243247926999544,0.76638745923353202,0.5303705877023881,0.042818152965238908,-0.55476831612613697,0.83090235358868536,7.5424965754439022,-8.4216221062213545,-0.50723592680222285,,0.5092137001564273,0.6571428571428571,False,5
-0.3313991647590136,-0.94345431452807971,-0.0082794924591066653,0.91988330424966946,-0.32504544600467283,0.21945424259816582,-0.20973626333979398,0.065110785819060796,0.975587661571366,-0.53551906282226414,-16.2411751410379,1.040917817937496,,0.2419960920343288,0.7804878048780488,False,5
0.82495554333633281,0.55903640109135433,0.083226520854133609,-0.54576023267591867,0.74961637639335688,0.37446102156622574,0.14694937886287293,-0.35433542089060294,0.92350002141531984,17.3327710681532,2.6914914239645524,-2.5807569715741425,0.4536131321441929,0.3929798119105502,0.6153846153846154,True,4
-0.39632239329927982,-0.90847960714081422,-0.1326399788103203,0.90333429607813032,-0.41166854325235319,0.12048302795627847,-0.16406008075872314,-0.072068119898862554,0.98381424872568479,9.6281602842950456,-8.2383993246783387,-0.52530441666685146,0.4314275704773008,0.3395220625515525,0.6363636363636364,True,4
0.99737809955537049,0.066932183522090571,0.02751380265034405,-0.071892398022983584,0.95988854760252318,0.27100822734378904,-0.0082710116564902788,-0.27227570400328255,0.96218373057108708,-7.6157526871417964,-3.279749418357548,-1.447850385410095,0.3402181039559936,0.3377238281265763,0.6352941176470588,True,5
0.075301319026676208,-0.99711124946507113,0.0099432159308967538,0.97006241700576346,0.07556016824365816,0.23080201058033992,-0.23088659221743474,-0.0077341557519725237,0.97294992901434818,-1.2531845939734203,4.7110132075971167,-3.1592829647361031,0.4957420413899363,0.4668962129382461,0.9925650557620818,True,5
-0.061863834431966087,0.95520436574341827,0.28940885552119699,-0.97097424849906067,-0.12472124321159914,0.20409218565010878,0.23104517900414975,-0.26838262081675102,0.93519457553092855,15.111092182275408,-5.8707151312739096,-0.90276581500084574,,0.4833042040144247,0.3142857142857143,False,1
-0.99977472269043921,-0.0031588209625618858,0.020988704566576054,0.0032720156239147125,-0.99998027675321344,0.0053609717705455362,0.02097135625116768,0.0054284394345160024,0.99976533959839475,7.6766732021717825,18.470639101529038,-5.9892367244760782,,0.2917296821760129,0.2083333333333333,False,1
-0.99471219729264382,-0.094643076436375012,0.039878974910329254,0.09842188879037482,-0.98938711235318655,0.1068937496599191,0.029338990510501393,0.11025348063476655,0.99347037884566214,16.24850985234243,-3.10774077790213,-1.4037313490276704,,0.2655952277149966,0.75,False,3
-0.42313274675920404,0.89660172330639432,0.13062935498584438,-0.87883979977986404,-0.44120755017876251,0.18159433908617745,0.22045245506208846,-0.037963764687675761,0.97465864159091065,-18.343675896679756,-1.8753859949343195,-1.4604568906589568,0.2977839218011088,0.1572439671379774,0.3846153846153846,True,5
0.55182373430965459,-0.79776586477676303,-0.24302302617145616,0.81271048112268518,0.44905856007139378,0.37127898338034282,-0.18706212905310973,-0.40238791560332776,0.89615385132829062,-3.7164166714440316,6.1266778101007953,-3.5651369062809382,,0.2590469329634463,0.1949152542372881,False,5
-0.99610250775696851,-0.08674701378117132,0.015960878432207032,0.088199508015718686,-0.98126003772566528,0.1713172062240422,0.00080051612325348579,0.17205724036690551,0.98508662827756499,12.008862062261656,-18.3528263772595,1.3948772533361677,,0.3752194435351991,1.0,False,1
-0.89410489230993873,-0.43223751206011518,-0.11724834632316672,0.44138113109024457,-0.89480356458671029,-0.067151157252988314,-0.075888989088877382,-0.11179138594275084,0.9908297267260755,2.9806812377147418,-17.481257468017333,1.2090373962135235,,0.5021553751097101,0.2631578947368421,False,4
0.99718064577185384,0.055612069550594688,0.050379136736638429,-0.074933708239051711,0.77344486788553568,0.62941876021538434,-0.0039622048879096204,-0.63141930130605506,0.77543147142129842,10.34102187040404,6.9459511093420545,-3.4718032639227965,,0.3336567216992082,0.2295081967213115,False,1
-0.37980590972524336,0.91882813644748385,0.10724890027512669,-0.89776435867952475,-0.39406962605055212,0.19679503578373003,0.22308435001703272,-0.021540322579331989,0.9745611254716946,-15.074312143576075,4.4193430915294751,-2.905670582207033,0.3697547444509944,0.2524760834152651,0.7142857142857143,True,4
-0.98027396619269846,0.19457004899193653,0.034719551265988954,-0.18550223248127887,-0.96636932290748867,0.17809899912066773,0.068204640232888761,0.1681452579723777,0.98339986743547259,8.9664620205223553,-12.231071922084212,0.13272417417863247,0.1915329916492445,0.1593701674566586,0.6451612903225806,True,4
0.050657821868555622,0.99276683074917405,0.10884762215030054,-0.97213731636117506,0.024039567023730141,0.23317619380074911,0.22887294121766902,-0.11762703337903456,0.96632347472097635,8.2462881069069152,17.35462177917216,-5.7692742310790743,,0.1554520664270252,0.4666666666666667,False,1
0.34840029466093947,-0.92927050293694269,-0.12277445602198091,0.90230850173398902,0.29701141523839092,0.31244773469598575,-0.25388304862423478,-0.21963731829862351,0.9419675397973406,14.336331617127627,-2.4027155192189555,-1.5783355120569098,,0.2105331922008749,0.5333333333333333,False,2
0.80214654861736079,0.58872723145149408,0.099805618522784342,-0.5847623430040223,0.74064789241119411,0.33089832527727181,0.12088803392272825,-0.32379151689677732,0.93837366589220828,12.21251150096364,16.912707477623417,-5.6324362882777628,,0.1677383300808061,0.5294117647058824,False,1
-0.26581968085089508,0.96009976264719665,0.086881200711792089,-0.93828855461983485,-0.27835549108541874,0.20526277999679957,0.22125660564545296,-0.026956749570186463,0.97484298638850597,11.540887521169997,13.600463423983035,-4.9542303828324599,0.3001035090616171,0.3613061663491708,0.3766233766233766,True,3
0.16846429601352289,-0.98553772945551366,-0.018307506338608882,0.95573462385085239,0.15876821902068994,0.24771754358879561,-0.24122833527870796,-0.059228679275063076,0.96865930739863038,4.2960890662152238,-20.760850848368069,1.8140984763276735,0.2544103418541232,0.2222092534463337,0.5714285714285714,True,4
0.99782634332640374,-0.064604055903557403,0.012996327353064465,0.055883462553049643,0.93407965392042924,0.35266448466633715,-0.034923161038770377,-0.35117163338273949,0.9356595837858761,18.129392583661868,11.19209530353948,-4.417396767269663,,0.6277817750685227,0.72,False,1
0.98700529571872575,-0.15941633116101067,0.020173734962932763,0.14311721918464754,0.92920852751426286,0.34071832056352624,-0.073061671182948248,-0.33340357789612768,0.939948959491959,-11.331184640738101,-13.529165354361449,0.64771785852741803,,0.173860060129294,0.2857142857142857,False,3
0.50393128746943905,-0.84804574697101776,-0.16392580197687776,0.84047223833979356,0.43768473428162874,0.31943464113479864,-0.19914736776942657,-0.29874819567854949,0.93332193882353376,-18.971045095340976,2.0899900741616264,-2.30927942842415,,0.3075514466353144,0.3125,False,3
-0.38326087958023447,-0.82124081364252499,-0.42269921243260938,0.90066445099711878,-0.43373384294929512,0.026048036211869963,-0.20473066427246212,-0.37072696083263146,0.90589562070823426,9.7847776488281557,-6.1557879827486577,-0.91965332699316227,,0.7866850159450615,0.2521739130434782,False,1
-0.2002391040753059,0.97621171267664908,0.083156438307818742,-0.9546697817109463,-0.21349000753610498,0.20743101159230745,0.22024965172978825,-0.037851138888507101,0.97470887048274557,-10.897836754146935,-18.421425596473526,1.5918956203718733,,0.144188769692756,0.25,False,3
0.99487206617568924,-0.099591779864612692,-0.017636590563740312,0.097532722544807909,0.89851411621546318,0.42797167078504406,-0.026775734841681546,-0.42749720507266836,0.90362005272058032,13.728618169551805,-10.124273569441948,-0.14907636677789574,,0.3821797699040197,0.1818181818181818,False,2
0.99869396155954548,-0.049995582734567862,0.010526768332763073,0.04039816648635438,0.89885916660388676,0.43637161543426095,-0.031278735413080253,-0.43537643519051045,0.89970495185464072,13.327313268299498,13.433855387174571,-4.8376929172839072,,0.3841950320711754,0.3571428571428572,False,1
-0.69493448590263462,-0.71905879135943651,-0.0045293346032265723,0.70299888714910574,-0.6807108152490422,0.20597415049006523,-0.15119069075297095,0.13995442319445109,0.97854695056392116,1.0194588547662229,-22.402718298026603,2.1421593623755366,,0.2150417869715046,0.8181818181818182,False,1
0.92983652489721558,0.36362868791273228,0.05637565337923045,-0.36232324835761093,0.87800796750759857,0.31276808132027412,0.064233174191063017,-0.3112493956942588,0.94815500473988956,-17.463975095990843,2.312810362992705,-2.3812997272392056,,0.2057334704966711,0.3,False,3
-0.37792830695896901,-0.91839313366747655,-0.11715053064993357,0.90621093216285975,-0.3928586517029371,0.15634521486336767,-0.18960997132969956,-0.047075809229201238,0.98073030286504759,1.712595220237773,-18.639135934176082,1.4633741672257392,,0.3931073069959378,0.2142857142857143,False,3
-0.92316585369517368,0.36034617478384912,0.13384857447843487,-0.36408580718135314,-0.93135790778137462,-0.0037379970844871602,0.12331395533500646,-0.052183157548665239,0.99099474594363401,10.344998747710378,-14.733658198346424,0.65926429308070633,,0.3410391532215675,0.2666666666666667,False,3
0.68177451877015116,-0.72194430296694279,-0.11823674965637296,0.68369844004588742,0.5712904404395287,0.45407452663767556,-0.26026899284115357,-0.39041472318034381,0.88308345884716177,10.499539126212984,5.2446086966670666,-3.1197369513088042,,0.4564244984968686,0.1454545454545454,False,3
0.13963649202910577,0.92092785953305356,0.36385921402332649,-0.96951786361148085,0.0524392802866403,0.23934333920384859,0.20133743375744811,-0.38618907211220604,0.90017844805853797,-6.116235941602997,-18.012890020817995,1.4234345879651729,,0.4143367824923951,0.2549019607843137,False,2
0.048566371711236636,-0.99833032651861342,-0.031270860110451534,0.9718558175815889,0.04000663619242547,0.23215455820076128,-0.23051589396748703,-0.041665671887158376,0.97217611285947791,8.9840994529167144,-15.751112691434651,0.87398283797465959,,0.24944581408555,0.3333333333333333,False,3
0.33704625405281519,-0.94044324976744531,-0.044343168536001232,0.91553233018394564,0.31640750496747261,0.24836836189058858,-0.21954583807697367,-0.12430923041796145,0.96765016416883554,22.658416741694527,1.3805022098810222,-2.3517197271224934,,0.2580195039763474,0.1818181818181818,True,2
-0.46742741422218087,0.8784061131890859,0.099570641986527264,-0.8579552893390533,-0.47790752519444984,0.18845986007014331,0.21312985227017736,0.0026641461220348267,0.97702024973729862,6.343669744588472,16.925841317152468,-5.6860124895507207,,0.4670031591131013,0.3888888888888889,False,1
-0.78054204475118516,0.62281896401735748,0.053391520262920211,-0.60527405455285721,-0.77436247886899656,0.1844073485656397,0.15619678377221849,0.11162118696829011,0.98139863223819834,4.4136413853946648,-17.847986906086405,1.2538592858911255,,0.1264808697486809,0.1764705882352941,False,3
-0.91847641165095029,0.37715787278200436,0.1189664668692277,-0.38053457314899453,-0.92474595423554817,-0.0061934451880488739,0.10767785231469934,-0.050959387001201485,0.99287895586388331,7.6804586439125577,-13.922161671636621,0.48616254444735796,,0.5910939979889724,0.5,False,2
0.42481980920340906,0.90256634822043014,0.070015118141852753,-0.88298915967184555,0.39606282930608516,0.25192137492493138,0.19964536961920296,-0.16884378076226925,0.96521163694161694,5.54387761742501,4.0550336989563602,-2.9464461641024347,,0.2504986611887042,0.1276595744680851,False,1
-0.62409376113895376,-0.76941003997188517,-0.13607045122985559,0.76354213176648045,-0.63751886190541018,0.10282564724974638,-0.16586256456757545,-0.039722677468829265,0.98534852644623883,5.8743591218078057,-17.110292206643493,1.1539209746382066,,0.4085167347798526,0.2222222222222222,False,2
-0.92342941063929218,-0.37297877156084763,-0.090360165622525621,0.37747540405329533,-0.92521558832517969,-0.038580233992197094,-0.069213025516666027,-0.069734862766426056,0.99516159793963943,-14.560964768201046,3.2277459625696925,-2.6979651369639561,,0.7135398627139493,0.423728813559322,False,1
-0.27037152359176775,-0.96273262228460665,-0.0067184238978887437,0.93818428621455408,-0.26503112242662052,0.22264040344325231,-0.21612377086002027,0.053892505362910438,0.97487748642327099,16.685876369415887,3.4080317633262274,-2.7071430432893671,0.4634448911614987,0.4365439912224214,0.9863013698630136,True,2
0.99854693177820542,-0.053210481347278099,0.0085246531380374288,0.043374309501897593,0.8874679625361469,0.45882380577643811,-0.031979592110695711,-0.45778735254125574,0.88848637892862636,14.703775008726137,-11.703407241014867,0.13077245720902858,,0.7163174157071235,0.2162162162162162,False,1
0.045125632741133223,-0.98126551486277691,-0.18730100536516461,0.98278975536586755,0.0099870433827828689,0.18445746315171965,-0.17913116428363315,-0.19240126898115686,0.96482836695281182,14.740206378327944,1.5569826035030752,-2.3656892820636113,,0.3424512151442665,0.1612903225806452,False,2
0.060350690321317957,-0.97272505255932507,-0.22397269097190967,0.97169424471590493,0.0059083567445505705,0.23616813101383122,-0.22840334709396748,-0.2318858845295188,0.94554790867107075,-7.0169979645716767,9.6033198479828137,-4.2285015009516211,,0.5358556898318103,0.4444444444444444,False,2
0.19137715553968226,-0.87819305870136921,-0.4383511560225129,0.95355664618637326,0.060514778634343083,0.29507233703048413,-0.23260375502415143,-0.47446276272808768,0.84898797396258474,12.322848692474979,-7.8250859648850692,-0.54469566837334615,,0.4938825093477823,0.1428571428571428,False,2
-0.96060437228392526,0.27346044866101787,0.049584503296093652,-0.26504923613283971,-0.95508566562456509,0.13251518306925769,0.083595109751729194,0.1141523295276778,0.989939949334807,9.9978413797961778,13.31645691001928,-4.8537062523831045,,0.3218855639747197,0.28125,False,1
0.18945772409289555,0.94296264422701392,0.27372837334470601,-0.95643101783614459,0.11415998554920086,0.26871398515954359,0.22213842284138385,-0.31271224678896847,0.92350721264413427,-4.0627611898867313,9.5491853168858576,-4.2293010074953834,,0.4684228570244038,0.2857142857142857,False,1
-0.59229109424661264,-0.76571377503858273,-0.25074623505112409,0.78687383633085672,-0.61663323106684609,0.024352084962532772,-0.17326518800414267,-0.18288212887055161,0.96774650687339836,16.334203470092639,-12.065973628081375,0.27089406556107032,,0.3852426076397677,0.25,False,1
-0.36940052930156875,-0.92293275148997034,-0.1083438285223205,0.90607849122441297,-0.38360990531386963,0.17850828632188431,-0.2063129096596055,-0.032226957228960573,0.97795521703989607,18.564873662783771,4.5683888997961981,-2.9257595794243962,,0.5826364507827348,0.36,False,1
0.17767144467365251,-0.98227058737046224,-0.05981095998615623,0.95678495294756305,0.15820462937921989,0.24399559228829223,-0.23020732299539928,-0.10057727591196738,0.96793016277488786,12.179679999092752,-10.972907227912263,-0.0052907409791836677,,0.592022060380998,0.4545454545454545,False,1
