axis_00,axis_01,axis_02,axis_10,axis_11,axis_12,axis_20,axis_21,axis_22,location_x,location_y,location_z,dbh,dbh_approximation,score,reconstructed,number_clusters
-0.95055855281460122,-0.3089230240085683,-0.03170178083975677,0.30544001495004314,-0.9484815905333418,0.084196613273094065,-0.056078827897236116,0.070350818451124675,0.99594474114025444,-6.6440344512767204,-3.0402877335065579,-2.4193909577071291,0.39808797482372,0.3238337519674305,0.7085714285714285,True,5
-0.44893099162609046,-0.89109928430384755,-0.066355333401202837,0.88653106869446041,-0.4534667489383899,0.09181814551984914,-0.11190902107101053,-0.017606053516251028,0.99356247809713016,-10.410837935814047,8.3067086272114032,-3.7796509883354235,0.330441486879917,0.367997841236866,0.9787234042553191,True,5
-0.60970884898201871,-0.79085773339798981,-0.052907135602084703,0.78863390310430204,-0.61197588309624962,0.059515421388418754,-0.079446122293649876,-0.0054372817805280159,0.99682433237724632,-15.502216185515604,5.739753313202832,-3.9671509412229913,0.4433898825702611,0.4159819520902494,0.9529411764705882,True,5
0.97623216269771851,-0.20723476418807588,-0.063439081223241753,0.21470871307902517,0.96463714512973309,0.15288998254924469,0.029511574720529378,-0.16287704180722348,0.98620491593260862,6.6196700706617548,13.699782557895674,-3.2651812902056565,,0.1308047931115568,0.3103448275862069,False,5
-0.90731311089186584,-0.41875198907267774,-0.037811247683748953,0.41639911809816194,-0.90738047970022717,0.057205240197549877,-0.05826399617944851,0.036158494253251128,0.99764616475108037,8.1992605676909189,-12.306267280953694,-0.83798667754262424,,0.2705608804294208,0.2,False,5
-0.98899737617376937,-0.14188340336331537,-0.041872303154266682,0.13899032408909492,-0.98813184637901452,0.065399877532062209,-0.050654513431760362,0.058860462295527036,0.99698022359891814,7.1017010254165971,8.7045500250933383,-2.7497615904182489,0.342869726249908,0.3904485852879381,0.9388489208633094,True,5
-0.88320312155848757,-0.46657203477559467,-0.047568712771158511,0.46200481126629195,-0.88300164577579343,0.082822991518288577,-0.080646143343258633,0.05117255047974506,0.99542833475909098,-4.8551301609277502,7.7708940252482934,-3.2318316572340793,0.4414252946479225,0.3698590502858933,0.9164785553047404,True,5
0.82769390686030031,-0.55976302403065481,-0.039851643308513603,0.55920042867097874,0.81673291975501106,0.14227515019372994,-0.04709221932046035,-0.14004533093434809,0.98902458420555073,-5.8057510014400018,-9.542053257843305,-1.7603435016435753,0.2918322219103258,0.26021391180482,0.6790123456790124,True,5
-0.0069090833249244032,-0.99472271944926027,-0.10236686953833199,0.99422177904936115,-0.017799597623494194,0.10585947472175278,-0.10712291366245118,-0.10104397921652894,0.98909797069479255,6.4174243109932725,-17.552141979771896,-0.43284219403556051,0.1921653010436227,0.2823072865367037,0.7903225806451613,True,5
-0.2939143616688108,-0.89809392390500775,-0.32717220519127432,0.94950787924019064,-0.31364205908903087,0.0079653017009913007,-0.10976855317262069,-0.30831147013255711,0.94493116263518917,-11.432056455111118,-5.0964692751734448,-2.7298882125942208,,0.4634294392584054,0.1538461538461539,False,2
-0.31788274652199799,-0.94653226251473643,-0.055020318813733704,0.94177132499412586,-0.3219282615895579,0.09710286200073151,-0.10962358725401718,-0.020949234082870138,0.99375238299533208,4.8643828070793349,-14.604670686974885,-0.7804776084895314,0.4466497413901415,0.4089578523978941,0.9915966386554622,True,5
-0.96231230358947217,-0.26596209303465401,-0.056737954042685092,0.26570677437642948,-0.96397750269809912,0.012136076071360524,-0.057921847439433918,-0.0033969634326318863,0.99831534107647601,-13.88792859474828,3.0041299474503318,-3.6858253527126048,0.6565499414889466,0.3054104474231179,0.8311688311688312,True,3
-0.2638181516810803,0.96454194637495438,-0.0076691933599323144,-0.95964020072646461,-0.26165782667867715,0.10308184557651633,0.097420059501357154,0.034554528227206623,0.99464331123561367,8.1558139073702343,10.831559451954451,-2.9197244440405998,0.1520928691310628,0.1682263229552493,0.7096774193548387,True,5
-0.05251605067897501,-0.95141208803879274,-0.30340913492304117,0.99016918074723492,-0.089053396408851598,0.10786327496603502,-0.12964203762450616,-0.2947618213434583,0.94673566044532931,13.116782559737418,-4.0805060194433063,-1.3381415468040105,,0.2371140771597382,0.1136363636363636,False,4
-0.42477163853866601,-0.89922321549303075,-0.10472184018414077,0.90082786590986186,-0.4313200462536374,0.049720958358076765,-0.089878869004134443,-0.073216298855760031,0.99325785297092051,5.3411940959943021,9.2392760223323585,-2.8461351734611515,0.1724025622496442,0.1746119578574291,0.608,True,3
0.51207705618640065,-0.85759107908413201,-0.048110597614088778,0.85485630088366149,0.50338765530805585,0.12578383569823684,-0.083652814459366537,-0.1055386638098692,0.99089040618741209,6.5867983389329456,-14.218964842474845,-0.72594970776635115,0.1649004861278848,0.1162039367043617,0.5,True,4
-0.41791063311216503,0.90845609319132337,0.0076308240281160317,-0.90413322281149977,-0.41671411100489081,0.094299867963296813,0.088847161689505336,0.032509636001686958,0.99551459327664182,-5.3999054776774127,33.269315552604269,-5.9086707257553375,,0.1465912147468198,0.4117647058823529,False,1
-0.91570193120210985,-0.34488817349566969,-0.20625741435290978,0.37876362210985443,-0.912211841848931,-0.15622955596430863,-0.13426872963929598,-0.22118251145468668,0.96594523906257124,-10.960283243222532,1.3004166172067146,-3.2264594807673181,,0.5474788315078941,0.3,False,2
0.47882909901814652,0.86483755303493948,0.15092614350737629,-0.87145920663815057,0.44743573438384332,0.20089826968392874,0.10621461810445801,-0.2277219147489539,0.96791589740224582,3.6249339858645131,-11.18420462797841,-1.154412882518342,,0.8080384595658228,0.7093023255813954,False,1
-0.80508164795969672,-0.59231819633367544,-0.031665350314207981,0.58815798491502957,-0.804069780721409,0.086844530693177796,-0.076900747065239375,0.051292709254316976,0.99571850092190262,-5.236437765779379,14.720982144887651,-3.9240470790941671,0.312696476709265,0.346177455782747,0.7739130434782608,True,5
-0.49180465569492715,-0.86706590828386843,-0.079529185389162343,0.86453288989845212,-0.49713364377706998,0.073763286998096381,-0.10349426515814453,-0.032478468510737379,0.99409963593322559,3.5824829836975054,-20.080021923995936,-0.35406394555611154,0.3761341629871598,0.3841119937496941,0.8571428571428571,True,5
-0.39517462760029642,0.90668317809297849,0.14752161965008304,-0.91414022062662448,-0.403965383017857,0.034053287006438643,0.090469170072870517,-0.12139845092278842,0.98847243025785692,-5.8807827470622911,7.5013387116885202,-3.288841356867346,,0.7026676755793853,0.4166666666666667,False,1
0.99945315496023934,0.0052453797262723197,-0.032647772229530019,0.00020827874390456848,0.98631964746444445,0.16484389477799516,0.033065808019597791,-0.16476055054879221,0.98577919095650923,5.2232116834192652,4.5938290922772271,-2.4704288874913631,,0.2082656601419756,0.515527950310559,False,3
0.02348030645419158,-0.99573466911572772,-0.089225242671616106,0.99365513451478571,0.013425186976549722,0.11166574231628433,-0.10999158541097308,-0.091281066359000282,0.98973209408563845,5.1147306578139524,-9.4744198240898267,-1.2197518316523046,0.2969562496928393,0.2994735386355885,0.9416058394160584,True,5
-0.6111957873363747,-0.78670809393691921,-0.086776059350534673,0.78515053660859191,-0.61649066965749355,0.058973630450351935,-0.0998916633433862,-0.032087835068664042,0.99448078233573556,4.855367514787865,26.554966241728362,-4.7133198699002463,,0.09871685349008974,0.2666666666666667,False,1
-0.87102965400915511,0.49122199942402284,-0.0028790829367873819,-0.48979460351879173,-0.86802098568687414,0.081491194438769982,0.037531163058999978,0.072391406182316112,0.99666990328312088,5.2280586209385778,-6.7839113350472697,-1.4428862743055659,0.3011035361273902,0.3684631443312529,0.9837837837837838,True,5
-0.56525110911958598,0.82488620590717288,-0.007343769001444244,-0.82157726170813949,-0.56213855499594234,0.094926540183599528,0.074175377877248344,0.059690805750488254,0.99545719196036975,-4.7294147483542481,11.621105661185036,-3.6293719037211383,0.4791023603578203,0.4577771905888307,0.9745762711864406,True,5
-0.81208556450543101,-0.57880067461505702,-0.0742079172800999,0.57814033510293505,-0.81529836019503377,0.03228524106081504,-0.079188312578063649,-0.016684211951541905,0.99672004505909007,3.5288142760106211,-16.714112080171038,-0.6355090142581914,0.3080093041971293,0.2580764689981399,0.5957446808510638,True,5
-0.0030749417736897823,-0.99557556685766424,-0.093913978773833617,0.99381994902688209,-0.013463380584389818,0.11018460100870998,-0.11096149624665827,-0.092994774365463842,0.98946425821826545,7.9235911080501387,-9.0399960132250197,-1.110927101592655,,0.1314830927926263,0.6071428571428571,False,5
-0.16382391676949926,0.98629777069814462,0.019453323884921561,-0.98149595807958856,-0.16494459677650022,0.097257206764688076,0.09913328688050134,-0.0031603022180113766,0.99506914529702895,2.1643949312431094,-24.837408728062233,-0.001881382850650611,,0.3474011314837706,0.8478260869565217,False,5
-0.96297721394646729,0.26921956850205414,0.013989615987147326,-0.26909794641021034,-0.96306105185417479,0.0099852711199183708,0.016161084669898525,0.0058510116303503307,0.99985228159223283,13.483955802365168,7.7858222635457226,-2.4650327612699785,,0.3945262994732202,0.8260869565217391,True,5
0.88581682751532898,0.46379535008616629,0.01491379660345174,-0.45861890921952808,0.87012928495561559,0.1803987903754343,0.070691188962760498,-0.16664003330856694,0.98348048028517132,4.7254867151401712,24.588006969279743,-4.5487599775025434,,0.1828854090789652,0.1724137931034483,False,1
-0.76329390704957789,0.64605043931586803,-0.0011141457551473374,-0.64400777619100869,-0.76074122333141803,0.080788460374788332,0.051345843712044342,0.062382858094117311,0.99673064734135008,-3.3372359693628137,-9.9498244701826462,-1.5660642050706668,0.3165930298114374,0.2186566351982679,0.8061224489795918,True,5
0.10569746124381427,0.9943850021900279,-0.0051491849987295446,-0.98818118842942393,0.10561334877265782,0.11110247249830693,0.1110224550297122,-0.0066549215294942204,0.99379561605926403,-3.1560587298446716,-7.3564146626626545,-1.7589188603814172,0.3703771605048909,0.3505078005998262,0.9735294117647059,True,5
-0.41751027739474694,-0.90599322965088014,-0.069723999430098882,0.90232926552601689,-0.42242404330147149,0.085789417856253047,-0.10717772550786751,-0.027096041548599466,0.9938705849794307,4.9591161122956295,6.1304937791436274,-2.6041572085347453,0.2514867417051437,0.2082483704379937,0.9578313253012049,True,4
-0.99208224591402738,0.12418331185048823,0.018743596240427672,-0.12552407809494981,-0.98528777360731434,-0.11598150282848986,0.0040648690744867766,-0.11741596244883595,0.99307450304678613,-3.1732716819917162,28.519870990331196,-5.286379292999257,,0.2522960218400339,0.3076923076923077,False,3
-0.016732714384215371,-0.98177222936225605,-0.18932328415279681,0.99560942742509029,-0.033801185146120585,0.087288876181333172,-0.092097145947193718,-0.1870314666995424,0.97802727271410905,-10.300865702649807,-9.8480218953816898,-2.1643253440109902,0.1929798981326872,0.2380046963669408,0.4444444444444444,True,4
0.89117110274177713,-0.44888956317847517,-0.065667539221768684,0.45283076525589161,0.87137322416274843,0.18882002608298731,-0.027538403653234171,-0.19800723290237174,0.97981364148626615,12.010091268786995,-10.31061372898272,-0.8142050974934002,,0.3919565381118301,0.9344262295081968,True,5
-0.94325705188936015,0.32531322754024816,0.066614097969889111,-0.33206329911985316,-0.92389150207539317,-0.19015377401070643,-0.00031533891958362287,-0.20148398541874885,0.97949175809760902,11.790354230612323,11.563780632195602,-2.8873782869542834,,0.3975882733850196,0.28,False,2
-0.88120930419142707,-0.46992903397308505,-0.051350416118893738,0.46555102124190034,-0.88155286415190137,0.078273841902657543,-0.082051257315680623,0.045069399094083133,0.99560852770464625,5.2262052295493779,0.58771342711380647,-2.1279192652604375,0.3606959705707918,0.2585112300773482,0.4637096774193548,True,4
-0.36199659014882407,-0.91918072010439311,-0.15512985692314452,0.92071081764536522,-0.37858136231186035,0.094698164612103314,-0.14577399970992541,-0.10854932472598336,0.98334479462196023,-7.9764569156061702,1.8512580978962649,-2.977592649519107,0.3290763823242074,0.3508274624663208,0.8264150943396227,True,3
-0.96102112178212062,-0.27400983949125379,-0.036837634975811752,0.27157352355528019,-0.96054466905017111,0.060014665399939007,-0.051828802729790721,0.047671234736203619,0.99751753297188805,4.8894542189677566,-12.100822298430044,-1.0223283848194915,,0.2671896522965312,0.875,False,5
-0.94080357186817831,0.33858768830748875,-0.015716758147576747,-0.33846332794230288,-0.93594632554057389,0.097195943049698627,0.018199307632429454,0.096761836659345582,0.99514116193031188,-3.1204574281040869,1.0567673398376967,-2.5670901307387295,,0.4962864595078315,0.9550277918140475,False,5
-0.12073978190174484,-0.97065408958451938,-0.20797245836688599,0.98663290052391872,-0.14043810641937546,0.082659892747923513,-0.10944142118081764,-0.1952121324052048,0.97463572615194793,9.729838948848343,-4.0500836201502848,-1.4868247126821863,,0.2222401547477615,0.3235294117647059,False,3
-0.69160036144240877,0.70580455789586749,0.15339121912987183,-0.71839206799123156,-0.69419270418662238,-0.044825507262562944,0.07484501787033726,-0.14119637214703257,0.98714832107060024,-0.58652715737996952,22.169193610615224,-4.4918703583913668,,0.2087473080794232,0.7142857142857143,False,5
0.45637497448393893,-0.8318553140012761,-0.31581421632444456,0.88667879861136012,0.39552709823835613,0.23949743767368636,-0.074314135653317348,-0.38932640692224385,0.91809713980336316,-3.5988031689241433,-4.8702866189341121,-2.0337528993626801,,0.3305870927822339,0.3431372549019608,False,5
-0.44824515167236989,-0.81046975672694388,-0.37711411725521859,0.88293903790421835,-0.46731013944044003,-0.045165129479833491,-0.13962427921743303,-0.35321382618341124,0.92506489158646987,14.353846433017923,2.1488674504812595,-1.8881219168310579,,0.3606027181071635,0.1538461538461539,False,4
0.25545999653864343,-0.96000400389032647,-0.11459713208898012,0.95905184218856387,0.23662618197399879,0.15565222131126438,-0.12231007384185157,-0.14966750655687025,0.98114213206744449,3.0490001413840044,-29.236007336009401,0.43663517907762101,,0.1852092376302149,0.6153846153846154,False,2
-0.37692621582710112,-0.92296617831050742,-0.077846396943973217,0.92031178836274863,-0.3826836383612956,0.081113778922701579,-0.10465581695644653,-0.04106904704833441,0.99366014982574435,5.8192752735338686,-20.808294739032707,-0.16306017243742887,,0.3155672355860563,0.803921568627451,True,5
0.99957163407274552,0.025220630171141525,-0.014848170625105194,-0.01523001620983514,0.88147974976251753,0.47197616186080626,0.02499189795493514,-0.47154784547528189,0.88148626447848299,-4.9703408498891388,-2.0261771395499157,-2.3903894605402041,,0.7228619680966573,0.1906779661016949,False,1
-0.13119970088999064,-0.90611073907195416,-0.40218151004845515,0.98409740696467618,-0.16804285444526901,0.057566419684468365,-0.11974528003967083,-0.38823308412391228,0.91374840098347521,-9.2791733461929997,-3.2613779426531009,-2.6829817019516367,,0.6521310720247442,0.1794871794871795,False,4
-0.9147023664301307,0.38172164999720576,0.13269575264691477,-0.40346878150895088,-0.88132722536214103,-0.24591718968618967,0.023076464087958291,-0.27847962898366863,0.96016486763800957,1.4285657988950424,-17.387638662873524,-0.69698345723669208,,0.1314798471638828,0.2727272727272727,False,4
-0.20690476831700425,0.97305029657791042,0.10180145960312859,-0.97451245417503041,-0.21419246204047063,0.066686324406139919,0.086694253012792807,-0.085409071735280076,0.99256707428761282,-12.627633889757831,12.610077450039114,-4.2905497228423117,,0.2274284530044976,0.25,False,3
-0.051170663742523652,-0.99498929237468947,-0.085894535518057619,0.99271396172541315,-0.060070796285908001,0.1044532892206385,-0.1090896574730299,-0.079923760505185404,0.9908136248251358,6.9172988933399395,10.245496468800123,-2.8768537815783977,0.2159655137620564,0.2168305947378155,0.8529411764705882,True,5
-0.88111888344466649,-0.46358917989818632,-0.093351944374779436,0.46730229879233592,-0.88383466606787608,-0.021560255102504269,-0.072512583601904435,-0.062620726105769534,0.9953997035770924,5.076373829674889,23.079915253052267,-4.3432385862311929,,0.2253037597365343,0.3157894736842105,False,2
-0.97170943317167402,-0.23374519135599739,-0.033822522128496228,0.23348602599629112,-0.97229244691014927,0.011474900693879617,-0.03556758565947022,0.0032531829679968132,0.99936197828961515,-0.39188391337240935,21.126812945521461,-4.3649144185541129,0.1875375899704343,0.2669584899725748,0.2777777777777778,True,5
-0.98643811651619695,0.16410382972046755,0.0031265564206468463,-0.16396058525248963,-0.98609387194452414,0.027125674131991323,0.0075345051354978668,0.026245166879439504,0.9996271417122643,-12.278226475512643,-8.3162825266687523,-2.5316974865099602,,0.2281477519646723,0.2727272727272727,False,7
-0.93954058176349786,-0.33890736427767215,-0.049043793265492464,0.33627316940278718,-0.94016857430567213,0.054803352341290038,-0.064682692888527391,0.034997861740403396,0.99729198277850761,8.8570794089750446,3.65311041221609,-2.2221025496288274,0.1770479661004943,0.139307482655056,0.59375,True,5
0.57182719322769671,-0.81737271791173949,-0.070110634706230926,0.81689834604417744,0.55946269180084474,0.14028039318892929,-0.075437081833948913,-0.13748940503373069,0.98762640213182262,8.7275964923465796,-8.4307201008718788,-1.1079759033704166,,0.07312205409759795,0.1379310344827586,False,2
-0.54377500277992985,-0.83741704197141953,-0.055149289818875513,0.83278478601152484,-0.54656109926820973,0.08797991222129288,-0.10381833431252585,0.0019137874922117055,0.99459443537454428,7.7301334780773443,4.2543422441105099,-2.3271000107894202,0.269273014830141,0.316452137166905,0.9449275362318841,True,5
-0.91641055355459433,-0.39265517379205067,-0.077547481120256737,0.39501327584118107,-0.91851409124244776,-0.017215577198559123,-0.064468668692482772,-0.046408821180838174,0.9968400132787727,-4.7017687762503808,32.251994956121635,-5.7478794304756882,,0.2915008268944915,0.5263157894736842,False,1
-0.62241804815121637,0.78268434066666326,-0.00099810361252347657,-0.77956274131893433,-0.61982084328518461,0.090022522607132158,0.069840573329112726,0.056809727199079049,0.99593922967851178,6.6873174762840311,15.430068442603872,-3.4301000768182517,0.3408259378652319,0.3626506924241499,0.7037037037037037,True,5
-0.95056481727278364,0.3103772540291122,-0.0096170860716233292,-0.3103813870662423,-0.94871995883096438,0.059948596969488364,0.0094827594083434219,0.059969991638507324,0.99815513692856495,-8.1685268121305601,9.6267376772296025,-3.6775038740626034,0.3088977122418494,0.2350489661311764,0.7058823529411765,True,5
-0.94367235628301172,0.33087931619350952,-0.0011670915064623671,-0.33035356670741123,-0.94196204163370123,0.059783217418950416,0.018681674201229563,0.056801322489754308,0.9982107016118662,-10.307000313825979,3.9411691701985423,-3.3521632120249083,0.2010275005761601,0.1940115872965663,0.8181818181818182,True,5
-0.53791715232236081,-0.83975666091352386,-0.073850441358002394,0.83757641255381132,-0.54232230009978555,0.065971781452120681,-0.095450984127405741,-0.026368034925793322,0.99508483877670573,1.077928065430648,17.889467384763563,-3.9215537407973877,,0.1342947570410369,0.4848484848484849,False,5
0.58966110849261877,-0.80582508876039949,-0.054274335146101305,0.80422401413038613,0.57964818752418268,0.1312696225176998,-0.074320335220351905,-0.12105331480064994,0.9898598803611095,12.978083274867908,-22.440398706620815,0.37443527900535745,,0.3727213968998103,0.6842105263157895,False,5
-0.9863907228352502,0.16441734459009222,0.00052792281295837434,-0.16437832159767249,-0.98607573825660377,-0.02518741373040459,-0.0036206758051147078,-0.024931410301811518,0.99968260737449943,-8.5650914137845522,-8.9894072585980638,-2.0716796791643586,,0.1730693993706464,0.3214285714285715,False,3
-0.88154425550817195,0.47198664310656341,-0.010408376892655405,-0.47142171821648687,-0.87887854738400517,0.073034666713798213,0.025323688008610089,0.069290025813083134,0.99727508900426476,3.6678484273190053,18.461884859437419,-3.8741037473757616,0.2359402068843617,0.2134880607532439,0.5384615384615384,True,5
0.42220180404337371,0.90620845588751786,0.023062331635787463,-0.9008422490379514,0.41659160177961357,0.12220752707971359,0.10113792073581404,-0.072371761099576465,0.99223658931959346,1.3225555984066719,-27.011141213086411,0.12461506317419553,0.4105926665083213,0.3893157039611366,0.84,True,5
-0.33221353375483864,-0.9404433349657132,-0.072114504149232983,0.93707075692507891,-0.33779222657577795,0.088288210882528931,-0.10738977840549931,-0.038245854462221146,0.99348109700712062,2.9295465615058571,13.485335572296739,-3.341551599211551,0.5019203496660294,0.2831115400611261,0.8692307692307693,True,5
0.42454654877022946,0.9015636306804149,0.083326152927136937,-0.90295100812036122,0.41482563400902223,0.11224602578014481,0.066631110314262457,-0.1228930966464844,0.99018058046748569,9.3107523335947064,6.7825535249964801,-2.4888654383091398,0.3079258687233102,0.2629976942820514,0.3469387755102041,True,5
0.98267231725475745,-0.16497644991959831,-0.084486021761541658,0.18533130231239733,0.88125796301193104,0.43478352200980741,0.0027249374958403239,-0.44290763551782236,0.89656310492661662,5.1207373724050624,19.247348501768553,-3.9199473263336837,,0.4550452440505375,0.1578947368421053,False,1
0.51515192421038347,-0.85584028274846646,-0.046431728455506624,0.85324958069741219,0.50695680879262661,0.12231086238960195,-0.081139682166196214,-0.10262652894755192,0.99140513794015972,9.3635502415640079,-7.2205213805914346,-1.2029841915802058,,0.2087899332016558,0.6222222222222222,False,5
-0.75300803554884765,-0.62230111100108698,-0.21382288382134987,0.64740640039813502,-0.75877035510043167,-0.071641475028749901,-0.11765989598157629,-0.19237690991274942,0.97424189676385131,-10.976674799020715,-3.4454252656284607,-2.8518602538110152,,0.5566280668001178,0.6805555555555556,False,3
-0.71051031885552784,-0.70188108466550869,-0.050378862517779656,0.69809409242561449,-0.71206292252461778,0.075040205797676951,-0.088542221116672579,0.018147654241507678,0.99590709291843937,8.9331567219506098,5.3224771334016223,-2.3797454545110908,,0.1628549087197103,0.7768595041322314,False,5
0.27719589489008584,0.95859126775962644,0.065308630601766934,-0.95529729852815171,0.26769396688403874,0.12548709702078334,0.10280810902307658,-0.097173666540275927,0.98994331719054474,-11.009535398194339,-1.5646449956428543,-3.0897064037554727,,0.340765172258572,0.2888888888888889,False,3
0.40712464076118288,0.83940168083215694,0.36007547139624463,-0.90724259504024773,0.32604478710693663,0.26571727558634511,0.10564279733950116,-0.43485585544700028,0.89428182602227957,7.694612646817296,-6.1327729153507873,-1.3957364776602104,,0.4424461978335696,0.2333333333333333,False,3
-0.72823133061466505,-0.68277392485495281,-0.059151472081075143,0.67929379765976705,-0.73055366459387183,0.069651127840376179,-0.090769298621099226,0.01054090539889007,0.99581615961040004,1.8348840682390237,15.806389358386822,-3.6295563239354092,0.1851865817425449,0.1533834354224484,0.5531914893617021,True,4
0.79306237851504235,-0.53714530129423155,-0.28727511044570392,0.60770239718893038,0.66529175869477586,0.43368729778913084,-0.041831330780765522,-0.51851885318697888,0.85404235179220966,10.963749643879611,10.525288151134367,-2.7883504501917855,,0.253744108458919,0.2352941176470588,False,4
-0.92321503006553529,-0.38226301072445007,-0.039357323244508843,0.38031923187154043,-0.92355945265843697,0.048940977451319916,-0.055057153302138714,0.03021469902428546,0.99802594246499277,3.5052952797777515,-27.617523326919372,0.32852981037069934,,0.2136619875266552,0.8571428571428571,False,5
-0.82915756193071366,-0.55681468376770837,-0.049549424151863072,0.55279367603814111,-0.82988962688788437,0.075513965040422376,-0.083167837685927767,0.035222366822156334,0.99591289561391438,3.8846042694592793,-26.101922124170748,0.20684662991647063,,0.106716639704473,0.8,False,2
0.59770690314416286,-0.77839168122275426,-0.19197095753532337,0.79839964663163154,0.55616630378788745,0.23073154701818602,-0.072831738907570415,-0.29117938308563984,0.95389208229944222,15.002232759542885,-10.014645532014585,-0.70023155034445861,,0.3096564764388482,0.5641025641025641,True,3
-0.27359909348580269,0.91959166630741673,0.28194805071448309,-0.95336857833986977,-0.29810340511168948,0.047145664647270075,0.12740443429474435,-0.25590140116608534,0.95827062096428239,-1.7925352378815786,-25.352365235923145,-0.19425039208879546,,0.6318817037339652,0.4883720930232558,False,4
0.15624497656143879,0.96046575327204897,0.23041927890450403,-0.98104986062087607,0.12384598638312769,0.14900786097568963,0.11458044455785522,-0.24933453119924326,0.96161510661832794,-7.9706305264021413,5.9451010581324208,-3.3414924872007927,,0.1857291203433002,0.2352941176470588,False,3
-0.87347531704765269,-0.48526586882837969,-0.039470331373585965,0.48138192999703261,-0.87292582633175153,0.079195575604707275,-0.072885581433057484,0.050175076215853799,0.99607738341250318,-7.5461207794263174,-12.130414220951321,-1.6991334304794881,,0.1699518323019612,0.7692307692307693,False,1
0.63065980409899902,-0.7751714676649657,-0.037113437080875264,0.77293451511303657,0.62311439799888535,0.11958546046013654,-0.069573319891955643,-0.10410399956116279,0.99212998666232322,2.2596566678695229,-31.244408093580862,0.55528724938996477,,0.3852154878559864,0.8888888888888888,False,1
-0.49426592278304338,-0.797222860367235,-0.34660771555652081,0.86375806431925795,-0.49537675531243303,-0.092324842916595026,-0.098097930145720422,-0.34501823314719082,0.93345552379163466,15.855135279879166,-11.69806933288605,-0.51090313230346995,,0.1791703394666551,0.1851851851851852,False,3
0.86916312667841999,0.47179357887980916,0.14821024981550562,-0.48901579688629859,0.77535872707586195,0.39960279621513928,0.073613922720173641,-0.41979716920803667,0.9046277284644042,-5.5568899304851307,-11.36059017084798,-1.6127202876295443,,0.5257206466840343,0.1304347826086956,False,2
0.85532572573854238,0.51785657156229414,-0.015571582436667602,-0.51250728130642664,0.85012642982598097,0.12091873270600352,0.075856374140413602,-0.095444353426891893,0.9925402691584817,-18.667318973799638,-8.12204455454882,-3.1537701047047904,,0.4512486355530581,0.8108108108108109,False,1
-0.99379047106283935,0.08609463404694119,0.070485556059542542,-0.094614493856763487,-0.98723363902719929,-0.12813211746217898,0.058554224244951901,-0.13400543258180403,0.98924918340205636,7.8169040566742813,-15.757278652867038,-0.51037836470621167,,0.3048935411830505,0.2424242424242424,False,4
-0.96451529567647021,-0.25374820253831937,-0.072952684081555891,0.25909984356787136,-0.96279808915534126,-0.076727508638871178,-0.05076923743011838,-0.092906884714727203,0.99437960322171159,-2.394839356934646,26.694224386261261,-5.0932809235275718,,0.1908205575758535,0.25,False,1
-0.27421070750396825,0.95019453398067499,0.14811764068949371,-0.95810173739575555,-0.2831886725371508,0.042956216615081429,0.082762000274332614,-0.13013271433384893,0.98803640012435623,-17.541832857614637,11.035824137014735,-4.5998180860911333,,0.1880956932072225,0.2142857142857143,False,2
-0.99518468387349235,0.094292299300939672,-0.026765785550955212,-0.09566706584450016,-0.99384649138947978,0.055829777587998342,-0.021336763960867637,0.058121543728322532,0.99808147395807101,-5.8352711830797679,-19.607106118433244,-0.93201427233187029,0.4551283817988554,0.4100506239730453,0.868421052631579,True,3
-0.18053538783856019,0.93170560528308799,0.31516922251713547,-0.983267537511467,-0.17888979697510005,-0.034400439159172069,0.024329476240090041,-0.31610616194924512,0.94841181506959338,-10.206042356242774,-5.5488873336217441,-2.5807596292547652,0.5733977456828353,0.3753414733547197,0.3636363636363636,True,3
0.43633645977783914,-0.87242860410951373,-0.22017907393771063,0.89552114105888625,0.39727670664849474,0.2005320529768656,-0.087477881690932763,-0.28467446159789506,0.95462457077576623,-12.447980567406729,8.1203558041438519,-3.8908363736850928,,0.494400226232803,0.1538461538461539,False,1
0.43918433300061882,0.81945625154905766,0.36825069374540115,-0.89193944564600613,0.34865676493362757,0.28789318430055399,0.10752277408761839,-0.45489549576049326,0.88402994349134933,-6.3339249507322704,-13.817559406917571,-1.4526618766436454,,0.3849844494722908,0.3043478260869565,False,1
0.31439917277812873,-0.93932096348567429,-0.13721985174446624,0.94731453840031254,0.30112692809315855,0.10916839520933289,-0.061223569741005651,-0.1643128136619984,0.98450646202787617,-7.5634373794478593,20.212502347272878,-4.6782753641540902,,0.3232625289955505,0.2272727272727273,False,3
0.96030155080502344,0.27856746973565344,0.014869308206601206,-0.27401801187655289,0.93194194094579319,0.23748336336133002,0.052297807685297321,-0.23213010039903068,0.97127779538093417,-16.866248318134744,-1.6758864598258418,-3.5450322807389671,,0.07736554868351334,0.375,False,1
-0.98151944384201328,0.18865344949861465,0.032085157820060245,-0.19086433941338193,-0.97719561214452599,-0.093056646972575208,0.013798017986576358,-0.097460820834624456,0.99514370977355993,-5.1139134715940573,-13.002059162479565,-1.4039659636246888,0.3358241660583665,0.2482021887549196,0.3870967741935484,True,3
-0.071317697912427536,-0.99602023634604575,-0.053455352899781476,0.99234509077712352,-0.076267482563954409,0.0971313127364202,-0.100821658263565,-0.046118975406283264,0.99383501313470557,6.3228554945913951,-2.6519467926459517,-1.772006185131028,,0.9056533124554645,0.7009646302250804,False,2
0.94369649835573088,-0.27918346971669744,-0.17746410687256831,0.3306775602554804,0.8114128071661012,0.4819352731543014,0.0094482873906134301,-0.51348402760336542,0.85804713347322059,11.040478663535245,0.76162176418024941,-1.8832657397154033,,0.4879145494339377,0.3666666666666666,False,3
0.99954810853511988,-0.0096729197919164459,-0.028460733415772412,0.021524163848471608,0.89123490476455591,0.45303096461493386,0.020983066851360536,-0.45343883727798662,0.89104036482838345,-13.173912880054171,-7.1567878243415253,-2.7015512213451656,,0.5638049261638964,0.3076923076923077,False,1
-0.55413034167483077,0.81702335387466696,0.15941268349390278,-0.82881869137144415,-0.55933364762948323,-0.014333438625290768,0.07745412363885712,-0.14006680496423424,0.98710797224946412,11.480176518909076,-6.8748701202101365,-1.1536365651157678,,0.6108142174076757,0.2162162162162162,False,1
0.99913842744921211,-0.027788329767081385,-0.030825501181202215,0.035055727892439756,0.96265760425344848,0.26844260637041828,0.022214831447651948,-0.26929193397086371,0.96280234501271611,-7.1213849131057794,16.136167118690533,-4.2376882276246182,,0.2871079719465398,0.4782608695652174,False,2
0.28255951653174827,0.95921656595868121,0.0079811783453556523,-0.95304700490128069,0.27977803787605698,0.11586913295145643,0.10891063339290341,-0.040346364305340519,0.99323242235707221,-8.4926555257843557,-1.8379148025318186,-2.7657904861445615,,0.08522943932472113,0.2195121951219512,False,2
-0.93022606091347215,0.36698357317932301,0.0015914188457661696,-0.36653244669608975,-0.92928084992484949,0.045728191325793553,0.018260370105347437,0.041954248646433608,0.99895265148260648,-15.027240011475707,-7.7883775952867795,-2.7775426314638239,,0.2018107231044657,0.5714285714285714,False,1
0.40000149864363765,-0.89792450250162625,-0.183658348272142,0.91207193445361623,0.37028222115614917,0.17611321096870441,-0.090130946210959489,-0.2379551733055533,0.96708518137351351,-13.255762154097862,10.287023375593616,-4.1561243099435039,,0.1608282158386479,0.2222222222222222,False,1
-0.83785257840330674,0.5064883698424576,0.2036481968426469,-0.54444240156704737,-0.80250851499881526,-0.24405440936459849,0.03981869207843973,-0.3153563295206343,0.94813757292517209,-6.1331044577741798,2.1525710916016876,-2.8551810521680236,,0.3336620669201626,0.3220338983050847,False,1
0.65062772036751937,0.74877420260448868,0.12657315277489506,-0.75312754317989705,0.61485739173767762,0.2339856652219367,0.097377991318249951,-0.24756328754391663,0.96396573874140923,-6.8455145196172298,-5.1633614384658291,-2.2986026362938077,,0.1430249486104877,0.35,False,2
0.36464245274449841,0.9305927347417996,0.032140997219370221,-0.9247038085378777,0.35784940622204275,0.12987174035207247,0.10935606124957606,-0.07707765248313328,0.99100973121138869,-10.650761727177136,-7.9916978527882598,-2.4246074068261145,,0.7342762861031153,0.275,False,1
-0.98008198751815045,-0.19388711258981631,-0.042977730443296037,0.19365863819580589,-0.98102339063156385,0.0094572134319126921,-0.043995790646590816,0.0009458357863372192,0.99903126867983838,0.24466742359763183,20.001047373428925,-4.2271928044288041,,0.1752129870319077,0.5151515151515151,False,1
-0.7727523079313271,-0.63278740774676367,-0.049335252953025946,0.62877091760105386,-0.7738146662886044,0.076537542525123015,-0.086608335429889882,0.028123990360326666,0.99584538830095326,4.8625215523613567,15.906798402020859,-3.5320983119941589,,0.2954179057838782,0.8333333333333334,False,1
0.36181655814398261,-0.92570051014004318,-0.11030568334997751,0.92762710037723906,0.34572561732099999,0.14135685400336426,-0.092718611392520189,-0.15346779158662827,0.98379413296022733,-3.9891261764860673,-30.415441176468399,0.10631254257750185,,0.1947438266690465,0.5,False,1
-0.32524599364005508,-0.94326548201935334,-0.066822706110198041,0.93920765994025246,-0.33045110840404635,0.093225728552219042,-0.1100182490800871,-0.032439102720849766,0.99340006517214274,-4.2326101912508252,31.102553453475707,-5.6218153325409599,,0.1237851390688517,0.2307692307692308,False,1
-0.7190848512028587,-0.69280474539624259,-0.054208500505084217,0.68881825465414281,-0.72091312476088776,0.076247482599184957,-0.091904237256955207,0.017488604974097165,0.99561426258881858,8.9629090302326251,-19.623257306785476,-0.096015890021101294,,0.2965890192268986,0.8888888888888888,False,1
0.93723509983924269,-0.29522725047400339,-0.18555656336245369,0.34832570473008667,0.76808103929775762,0.53732738669787194,-0.016111208943240696,-0.56823620761865912,0.82270774962774629,12.300704542897797,-0.26885053676668408,-1.7302801442592788,,0.5208163402390512,0.2352941176470588,False,1
-0.99333887160556711,-0.11263679142325217,-0.024307187728191269,0.10973674556263063,-0.98905284760259815,0.098652477528514707,-0.035152991774544895,0.095327949034196738,0.99482503451724213,4.9801694117441837,13.973301310634687,-3.334475114967002,,0.1818916335102376,0.3846153846153846,False,1
0.97183616609781753,0.2270457569373065,0.063124405114512644,-0.23074880573417259,0.86243066421941761,0.45052007509800007,0.047848248834712823,-0.45239758362619514,0.89053184750048742,-13.158061598184691,-4.924287092482194,-2.9404500558480104,,0.2678532481451646,0.391304347826087,False,1
0.18607506848077818,0.97936968620712039,0.078810447457429308,-0.97626681849114239,0.1752458379051765,0.12724777172939272,0.11081140736881157,-0.10061766264170102,0.98873500896927091,7.1923921900787944,-3.0177546077660908,-1.7008719041631091,,0.1025587701357686,0.2307692307692308,False,1
-0.98924532826909772,0.1454698886452325,-0.015237847463099332,-0.14609054090820245,-0.98778181689995115,0.054264500909709093,-0.0071578177480200733,0.055907009393944801,0.99841032243547589,-14.137981431482308,14.974624087198693,-4.6321088914050552,,0.4586136494957412,0.4615384615384616,False,1
0.57382986708521311,0.81427452401902367,0.087614400497634581,-0.81259627392077061,0.55276766081917972,0.18475716160022845,0.10201264260397963,-0.17721431287028022,0.97887103750334115,-6.2290453878934482,9.1259985575697531,-3.4521891034720746,,0.1501372429907163,0.2727272727272727,False,1
