axis_00,axis_01,axis_02,axis_10,axis_11,axis_12,axis_20,axis_21,axis_22,location_x,location_y,location_z,dbh,dbh_approximation,score,reconstructed,number_clusters
-0.3336374113649439,0.94047842532084236,-0.064702467060585772,-0.93874214424038993,-0.32516876966945918,0.11414227025341346,0.086309120981807028,0.098821064240764311,0.99135520016675582,3.929663381038262,0.061170225950424761,-1.7173646043779274,0.5689955603767654,0.4967966659721719,0.8938244853737811,True,5
-0.99375150485105923,0.11108295692473688,-0.010886840088520935,-0.10644576830400623,-0.97254762867900391,-0.20693092654559148,-0.033574469711758419,-0.20447906159727999,0.97829498023442341,-3.2616931963339777,-6.8051378293956963,-1.3200222790938871,,0.5203951663603081,0.1666666666666667,False,2
0.99616278394964131,0.039045745237471077,-0.078327119521601263,-0.011593125204771808,0.9459483033147339,0.32411017710643281,0.086748529219158488,-0.32195844022921233,0.94277115751569618,5.3273055262905222,-7.4396648852519709,-0.8764303670541288,,0.4843639522496851,0.5697674418604651,False,4
-0.055441864700463431,0.99542485617917531,-0.077817448809400558,-0.99109190816844628,-0.045413187275848352,0.12519773154684863,0.1210909955428708,0.084065439522534535,0.98907531193348441,14.43400685107901,8.5202984211537416,-2.3230128731499788,0.3929939642850426,0.3446093926491655,0.8695652173913043,True,5
-0.16054813828496861,0.98600636176354683,-0.044897102969391478,-0.9816541803481541,-0.15476864783985789,0.11136308118409682,0.10285604259461027,0.061952564173209247,0.99276508515063122,8.5625391436910725,-11.109433406567797,-0.17704372346399555,0.5220302779505004,0.4774473919776802,0.7407407407407407,True,5
-0.74634832456109756,-0.65504039859062135,-0.11783995349236501,0.64577693701231376,-0.75557042363364824,0.10993399179991359,-0.16104758938846914,0.0059507263682059275,0.98692870198806859,13.724876676945581,-3.3460268262598269,-0.9059920693276291,0.5367530232048153,0.5381399933145328,0.8037383177570093,True,5
0.96711355687554956,0.24788190822741546,-0.05697304345968808,-0.22505795780587207,0.93836269961504459,0.26234397191362513,0.11849170323602701,-0.24089417499122259,0.96329108410673281,-16.07071940132176,0.82808661354675928,-3.074517216896405,,0.1616104285421893,0.2727272727272727,False,4
-0.88893048514429995,0.45264413120180108,-0.070113358710633636,-0.45592753518096901,-0.88909063508650976,0.040594645770999263,-0.04396220245762672,0.068052428979673771,0.99671269263767326,18.484213427443919,11.634629498291876,-2.4912893486699033,0.6287686108153177,0.640442700888351,0.55,True,5
-0.96576528113189353,-0.22271962871365458,-0.13301649802143559,0.22681272969439781,-0.97380264232582137,-0.016260364320152765,-0.12591031494206825,-0.045873530329590601,0.99098042957784449,16.984345952319831,4.2053734957227862,-1.8390914316828839,,0.2688271948735299,0.2631578947368421,False,4
-0.11812450619381952,0.99295630870441554,-0.0091853165741997214,-0.98640429895989357,-0.1162707459994986,0.11613643966542891,0.11425042682593357,0.022778995342685286,0.99319079604136018,14.603315209114553,2.1605443701494229,-1.5876494455527475,0.3450389297204808,0.3558300878770412,0.4883720930232558,True,5
-0.22169741017278427,0.93579916278755326,0.27409886035661574,-0.96984247120246458,-0.24080125948870346,0.03768732519762219,0.10127111816592836,-0.25747753368938703,0.96096278818206804,5.1180755807303173,6.8450161498744153,-2.4639882485617646,,0.3331130890079324,0.2666666666666667,False,1
-0.9931427813298821,0.060268229934605615,-0.10017562753932201,-0.067471381089394183,-0.99525252528983676,0.07014288016680037,-0.095472659050836059,0.076420883040919513,0.99249424180143764,16.957589476595416,0.71183764873935451,-1.2851036873238977,,0.1902257889851554,0.4166666666666667,False,1
0.29186710899997526,0.95418942141308238,-0.065849364061943569,-0.94439791492444103,0.29840180897678248,0.1380903279949422,0.15141389952829148,0.021883977306457816,0.98822817333189084,8.5955256310167272,-7.8455083282445175,-0.58960552338914707,0.3045138911802844,0.2860420234945215,0.6962025316455697,True,5
0.5615241667484494,0.80973014631762119,0.17037517513389119,-0.81527355773500709,0.50619147615376447,0.28124582757327726,0.1414907637111498,-0.2968287041606949,0.94439032405606493,11.576381267824758,-0.79414311556168049,-1.3833512636591745,,0.3647327655455996,0.2,False,3
0.80155160939521553,0.58463803370529044,0.12535304950878531,-0.57575220331509602,0.69811201681142798,0.42561603865607966,0.16132085374728439,-0.4133255152161463,0.89617944666096583,-2.2349330081138548,6.1739959143035836,-2.6979352283249849,,0.4670010344663659,0.1956521739130435,False,2
0.99199341579039535,-0.055117062176348625,-0.11362734039637068,0.073940173418458197,0.9828816183485336,0.16875003723678372,0.10238121792278358,-0.17580055110725928,0.97908745903878869,-4.3176066594178648,4.5582875754329244,-2.6236442804893434,0.2561263640063963,0.1356911381190612,0.3775510204081632,True,5
-0.27285575839120679,0.96202684556453899,-0.0073541502502356415,-0.95669672754503199,-0.27052248140296759,0.10746608097539062,0.10139579191163432,0.036358430504145965,0.99418155178714163,8.7662245351034418,14.191316327188888,-3.2062078863359109,,0.3159177738474545,0.4210526315789473,True,5
-0.36772661087879882,0.92845998435699528,0.052337339437536913,-0.92961848167250394,-0.36848504764305118,0.0053149032357918957,0.024220201991313611,-0.046699326668655082,0.99861531868091902,-14.578729438493681,6.1672441957693627,-3.6320878269990047,,0.2246615103123514,0.1538461538461539,False,4
0.96796754763230175,-0.19205486258323773,-0.16172123079188297,0.2409568631549355,0.89160150204427746,0.38338825184259673,0.070559314262834502,-0.41007522640428107,0.90931825664078492,1.4951789048192901,-7.6962789003312491,-0.98985783761722268,,0.3961893554323294,0.3278688524590164,False,1
0.81480389695787514,0.56516289889805371,0.12917239337958542,-0.55804974965656284,0.70423445333402701,0.4389012550056941,0.15708305577149162,-0.42970307474635794,0.88920199119379972,-4.964576111017351,-3.056285216743337,-1.8336185095084381,,0.4880439983751258,0.2758620689655172,False,1
-0.81479211731214951,-0.5562959782375444,-0.16324395903897207,0.55658780197442215,-0.82938515635148558,0.048272985375908101,-0.16224618411311093,-0.05152714838368954,0.98540404338534116,-2.3094658458743718,-4.898024326999491,-1.5734804009373151,,0.208561610915236,0.2689075630252101,False,3
0.18186891397603278,0.94058001438264538,0.28676285441654226,-0.97283077193554202,0.12961977202171165,0.19183066458816933,0.14326195344360504,-0.31385976366043489,0.93859898862642099,6.8212056739254558,-2.8033518674914331,-1.3460428070942301,,0.3533120046144233,0.2222222222222222,False,2
-0.94322718989817944,-0.3003322933969968,-0.14185549612082246,0.29540472732670869,-0.95378141490284296,0.055109524212833536,-0.15185030559672033,0.010076017508530113,0.98835214299426266,23.691412771831768,7.4907613143413823,-1.947061809286454,,0.2465070160705633,0.3125,True,5
-0.89078392181046329,0.44770164010105717,-0.077892529133382529,-0.45319060976816888,-0.88784865374597943,0.079643199705985129,-0.033500385996677609,0.10624504455397385,0.99377548502959057,-2.7065614890683034,-10.787437856416487,-0.73085425011924898,0.3790919838411972,0.4889887306428496,0.8166666666666667,True,5
0.066043603000466439,0.99750426012519922,-0.024969852518511484,-0.98925081874504506,0.068728094169281051,0.12907078168244393,0.13046478496121264,0.016177147583485312,0.99132095699681821,-0.7961279759091644,13.173449237165711,-3.4417626516454924,0.2156774870517053,0.2060750177487852,0.6756756756756757,True,4
0.98444438931807354,-0.11778012872477413,-0.13037287147923565,0.15882778237163911,0.9138332469279683,0.37374126391929829,0.075119770281017864,-0.38863432438046819,0.91832476936335783,5.4915662955387985,-0.90461278271740531,-1.583120545046842,,0.1964490548446287,0.2903225806451613,False,5
0.52711926172084977,-0.77409913739358649,-0.35059351022141672,0.84754880159962642,0.44894845282848361,0.28303059129703834,-0.061695322593421809,-0.44633598576567785,0.89273617322290522,-6.6248357662837494,1.5087684160045702,-2.4653313407823321,,0.538815834824956,0.5789473684210527,False,4
0.16152555421127965,0.98684679718467072,0.0065493681449699664,-0.96785387019357438,0.15711335876467622,0.19640335651155202,0.19279103010270138,-0.038062992315915603,0.98050131429177589,5.553635785746863,-10.551742264621939,-0.43843236879129999,,0.5915092229984805,0.4272727272727272,False,4
0.70349578781321309,0.70735813565725714,-0.068834180815603274,-0.69188933321046964,0.70379214586835337,0.16113896488307722,0.16242791360673747,-0.065734947581229483,0.98452835893530999,5.173676741055627,5.7049837305828515,-2.3468484742443856,0.2367691470411337,0.2235566038777795,0.803921568627451,True,5
0.52577412288319036,-0.83858062797967681,-0.14263275249263091,0.84835293053596339,0.50470047503327986,0.15992102973726149,-0.062119859605894209,-0.20508525270821934,0.9767707828165989,-3.2507146623584449,16.402713003791895,-3.9650863551317261,0.4009946201770259,0.3822557600362777,0.9696969696969697,True,2
0.60349652682844435,-0.74065164809399142,-0.29534230696203739,0.79446524404144592,0.52696914633452918,0.30187496554305782,-0.067947907371527214,-0.41681969121805051,0.90644604191133094,5.9291902040825448,10.883966204643977,-2.8655169078714282,,0.3366408402725208,0.3333333333333333,False,3
0.25740045816912799,-0.85923713947879932,-0.44210467343674814,0.96019258055707224,0.176053967511104,0.21687602165004297,-0.10851365065038455,-0.48032961460219165,0.870349498166476,11.205992699567119,-4.0943718558052824,-0.98754617367668518,,0.5133627007420148,0.3243243243243243,False,2
-0.19075365161371324,0.90433794892671737,0.38181922231214699,-0.97597354023092364,-0.21644343863204457,0.025057666336964241,0.10530286399311442,-0.36786561677350993,0.92389728586607145,4.1416518825856796,-9.039144674138532,-0.71460206734868281,,0.1852059393882933,0.2857142857142857,False,1
0.54580975449965952,0.83765661055146001,0.020569751881354813,-0.82659468284410165,0.53425667924429709,0.17694923276667529,0.13723316722600287,-0.11358346482783252,0.98400500726918272,-14.938513652154619,8.5510312931990704,-3.9530382456819257,0.2639363522197086,0.2728345068459501,0.125,True,4
0.033400676426309416,-0.98391820166055555,-0.17546899229015939,0.99736887499976101,0.021511270730732907,0.069228552008983923,-0.064340671398241192,-0.17731959190289209,0.98204788087517192,-6.5191384351792871,7.8602730634217908,-3.2378274446516677,,0.2871712942745531,0.1363636363636364,True,5
0.089705781473045504,-0.960860309979647,-0.26210749221669916,0.99245441996229011,0.064151303731252496,0.10449322718193066,-0.083588857317373227,-0.26950338575869032,0.95936480443936345,8.3756315051807597,-5.6988620770828895,-0.89055261420288989,0.3857802995240128,0.4526506159054738,0.2352941176470588,True,5
-0.88619911640560589,0.45345221892982779,-0.095037946261157843,-0.4616991105818728,-0.88141037610172357,0.099748083631343895,-0.038536442101351612,0.13227559883755383,0.99046358266335854,-4.8700179573088995,-7.3895690696420182,-1.2695034651842498,0.3520520870610985,0.3357133930074092,0.6619718309859155,True,5
0.63084658929392579,0.77272321682476808,-0.070224005555111463,-0.7579186830192246,0.63306746333243225,0.15743207043116925,0.16610794895677355,-0.046091398870319412,0.98502981287042868,2.1802831655413821,10.654707355464195,-3.0251685060859832,0.1705977080800985,0.2435391090466118,0.6444444444444445,True,5
0.61412188894187059,0.78919682250413459,0.0047624438943269301,-0.77208507590120856,0.59953401992417854,0.21081649490535626,0.16352046077813703,-0.13314403592700824,0.97751405340484676,-3.1245079621505525,-9.0470490178724496,-0.97251342261385854,,0.2598417383067024,0.4444444444444444,False,1
0.40156512205487072,0.91463776595989366,-0.04672483096761932,-0.90044508096785081,0.40361731571867254,0.16214721278164143,0.16716491530778319,-0.023039521087669781,0.98565971387603823,1.5899640092699201,-11.951295748906269,-0.40912977280258356,0.3053189477986434,0.3054465227779791,0.2580645161290323,True,5
0.24830127438408367,0.9612883088462375,0.1194623974930302,-0.96124518086254163,0.22926083503038519,0.15312469359875369,0.11980892874816021,-0.15285371044470331,0.98095951180235119,7.3400809701979171,-9.0745907172278297,-0.5029923804962354,,0.5729043517796653,0.5789473684210527,False,5
-0.2445272486520223,0.96800195120662247,-0.056379492076865018,-0.96427928916248939,-0.2366563663553562,0.11899250714126743,0.1018424133598433,0.08346248692468182,0.99129316355828423,12.196744815151357,3.3914066568005499,-1.8160895061323157,0.444442214613703,0.383006608910933,0.6909090909090909,True,5
-0.47669944630827049,0.87721554805290425,0.057013333033892749,-0.87630699735749151,-0.47933738205366949,0.048184235474209414,0.069596582327638878,-0.02699178430893024,0.99720998756938573,-1.9228538503744292,8.8935947726513493,-3.0025973794365788,0.2992504857680869,0.2683795846964133,0.2790697674418605,True,4
0.26732638375638645,-0.94041819825026396,-0.21011953014286736,0.9563671859161158,0.23225584895077991,0.17725412923551417,-0.11789151899361106,-0.24833612912316802,0.96147322205119112,-15.16221189212663,4.0385477791666347,-3.4154538018028084,,0.2042354081961101,0.25,False,5
0.71444163925578075,0.69864554723335315,-0.038308529448714095,-0.684077473326971,0.70895038749180794,0.17154404262988585,0.14700732833468538,-0.096352204988910922,0.98443135769319867,-7.654062153512597,-2.7819482934460904,-1.9912860474712988,0.539063788904919,0.4291519624127211,0.6588235294117647,True,5
-0.99091228459508962,0.071685816553466147,-0.11381558743688756,-0.051908063603688645,-0.98440375481635523,-0.16809164297007093,-0.12409027831162445,-0.16065612720504996,0.97917884557419821,11.241395335499869,5.8584481621444713,-2.1499863914331843,,0.4603967149590387,0.2903225806451613,False,2
-0.089148918862344453,0.99601795842885188,0.00083471725586269779,-0.98904724878900496,-0.088623919661361017,0.11803109982863434,0.11763507099745191,0.0096967701364284939,0.99300954815165099,6.7433004369168561,4.6742941050247797,-2.2014805064121385,,0.1237495576403013,0.391304347826087,False,1
0.79566263302554208,0.6053691427426352,-0.02119375903205456,-0.56507111067606863,0.75439206052395302,0.33404679147948596,0.21821002334030398,-0.25381256870665797,0.942318187068653,-16.397914057616848,-1.0054953312210666,-2.8858046106645538,,0.2148447560080694,0.3333333333333333,False,4
0.42633770334774324,0.90294850173489194,-0.054038559555979138,-0.89036220999412463,0.42943899041150119,0.15112011291925542,0.15965994400146089,-0.016314310560486274,0.98703725641557538,-2.0277958580639859,-15.849958508188985,0.019572140818382697,0.3872293643102296,0.3550216284152841,0.8723404255319149,True,5
0.12028286856618078,-0.89983385797781645,-0.41932214294769882,0.98617224984419394,0.059799816234660866,0.15455832431655825,-0.11400142616095857,-0.43211457972979839,0.89458407364439907,4.989598359628534,10.521395498302525,-2.9165494088611656,,0.2932964364381214,0.1428571428571428,False,1
0.98552555675148856,-0.12680001920323411,-0.11252169621778865,0.1449527809536981,0.97447113631225579,0.17144881390109001,0.087909432278101038,-0.18527752055864974,0.97874622456088245,11.368558694930076,-7.0861220322579657,-0.58305192301411191,0.3973953728073644,0.3572928948557523,0.4285714285714285,True,5
-0.81463791547353459,-0.54335809052829942,-0.20279805751134647,0.55769088539014533,-0.82987996928096974,-0.016736574887736638,-0.15920409236477212,-0.12673287672761688,0.97907754285891602,6.8997731671366545,8.7315648131128647,-2.5964247490462009,,0.3374213304006555,0.45,False,3
-0.95222255999184113,0.3052529716732999,-0.0096342891385045523,-0.29916195624132308,-0.9386390323576056,-0.17163592535551167,-0.061435496095085911,-0.16055338744292427,0.98511333845408533,3.2542149469154076,-6.4362362712702588,-1.1103268688794081,,0.2629542897537755,0.1785714285714286,False,1
-0.99068520386679038,-0.069248248346036323,-0.11724976307192883,0.062449006843943125,-0.99620020740161253,0.060706410840957847,-0.12100805090415648,0.052818811743465817,0.99124528989669713,4.2520478170088811,11.882952439997593,-3.075513509558331,0.2582148349792057,0.1746472325668604,0.5384615384615384,True,5
0.16076811401341728,0.98423059163160653,-0.073781813565853241,-0.97687923438161439,0.16934939044407554,0.13049040344106186,0.14092755213427904,0.051097225489428272,0.98870040891906308,9.8284357046235122,-3.1368025098795993,-1.1324373591629693,0.4403007531567474,0.3808362687095005,0.3108108108108108,True,5
0.072270579117969677,-0.9863089144100381,-0.14822850181138761,0.98944135312001913,0.052179144803872285,0.13521518251869827,-0.12562950342169482,-0.15643548894938067,0.97966584388105993,-5.0715797699532272,6.6190237833813113,-2.9595175536292335,0.4075643192694087,0.4104674642271569,0.5238095238095238,True,5
-0.98483203165533695,0.14196843599652265,-0.099753860107396064,-0.15250641967394268,-0.98244584204725083,0.10743351154228661,-0.082750597483401481,0.12101706749369139,0.98919523249526953,-3.3818722676295749,3.1592455791690348,-2.3895828289961969,0.4583062231526684,0.3393891352131114,0.8558352402745996,True,5
-0.56270234880264769,0.82401846686821967,-0.066027516325639482,-0.8253932049026057,-0.55562587418323117,0.10002972177670855,0.045739741501116919,0.11078562270560796,0.9927912277257197,0.58019529250478952,-8.5011789655004844,-0.88519288754964121,0.496168972676708,0.4914797874952226,0.792,True,5
-0.89974208058053351,0.42989510702601652,-0.07519564739865485,-0.43475718327052992,-0.89794057175964426,0.068475697752109557,-0.038083855205160472,0.09430231462192995,0.99481490410510998,5.7473659658051943,-6.357548596243995,-1.0036888072789985,,0.1315050340230865,0.2352941176470588,False,3
-0.064419916798460708,0.96289125892010374,0.26208872126617211,-0.99090385390647151,-0.092816336255749046,0.097440648793829021,0.11815086386896202,-0.25342760547998233,0.96011188001591818,-5.4499059412673745,-8.7839047477793581,-1.0837105787411796,,0.5343695638761461,0.186046511627907,False,2
0.86836805836164344,0.48827617577488774,-0.086736909028860512,-0.47172122084602458,0.86723113610577673,0.15934003380262118,0.15302289051238729,-0.097450155152956131,0.98340605155749339,9.488422985095692,-13.717015828893658,0.22747374443462084,0.1584060147827707,0.1308115007803984,0.375,True,3
0.018839486053391499,-0.91100899453143536,-0.41195592682721344,0.98793945923853743,-0.046374129522498503,0.14773308698628784,-0.15369026854264919,-0.40977073101169009,0.89914806865245223,-3.1978337176945373,-8.2832012411300973,-1.0862497422778572,,0.3897293440702237,0.1525423728813559,False,2
-0.55992852425261708,0.82665177475110763,0.055918610758231825,-0.82717880455305359,-0.56160179580349334,0.019458886105665929,0.047489714954587883,-0.035359104218516409,0.99824569156215082,0.97979973346909177,-9.3449225938025045,-0.72988505924571279,,0.2342158829423888,0.1875,False,1
-0.93812327860855604,-0.30891702063013199,-0.15650874894950212,0.32822048911862395,-0.9372811611409626,-0.11736837518251103,-0.11043561316652778,-0.16147538306272569,0.98067817147588299,-7.3400956580792993,0.66147151626827538,-2.389433335113325,,0.3875316884658105,0.2340425531914894,False,3
-0.31531985103721633,0.94838412595853083,0.03377782070740791,-0.94487330813255566,-0.3170645120229969,0.081758955437675057,0.088248643731836454,-0.0061355395437507482,0.9960795811751183,-2.2929762061230603,-3.4830073252792508,-1.7163162257644151,,0.1815766207622358,0.36,False,1
-0.89598220014130603,0.44243369108317232,-0.038318742469802054,-0.44262241989623013,-0.89669972837774259,-0.003871760903068372,-0.036073403431784216,0.0134917056670119,0.99925806648885507,-0.70148587818689334,-5.1121085175142911,-1.4419590530180657,,0.08564393027814413,0.2666666666666667,False,4
-0.34728309547952396,0.87038252825160634,0.34903969130816759,-0.93389376771051424,-0.35476687876070057,-0.044529679606411118,0.085069866730935029,-0.34143039737072545,0.93604935848792115,6.4515998051704004,-4.8222059019681955,-1.1140918804718598,,0.3669940471262286,0.1304347826086956,False,2
-0.0097363308145016064,-0.97616560663559326,-0.21680846912432983,0.9916821864921358,-0.037254360271281234,0.12320127286256034,-0.12834190608078117,-0.21380556836187053,0.96840876394269071,-3.601408327903965,1.5500902840100581,-2.2508168833951117,,0.5942402705011328,0.1075268817204301,False,1
-0.21901230506584451,0.96347538482209183,0.15410643423188858,-0.9732990622315747,-0.22685022146073031,0.035041582189656584,0.06872078061898175,-0.14231711023323806,0.9874326784373596,-0.5175849342664316,-12.096549941860467,-0.47643751651549027,,0.3262719504374008,0.1621621621621622,False,4
0.043714655802769897,0.99789163711457674,0.047971965196726044,-0.99120978970168805,0.037320161440354188,0.12692658645690372,0.12486865766709163,-0.053098833573407528,0.9907513977812813,0.6328729634479866,15.771323929531498,-3.622288507959686,,0.2069496684145356,0.4444444444444444,False,2
0.84605834114926948,-0.51390455051102613,-0.1417300121209592,0.53270277088674145,0.82515179704603459,0.18802199265322128,0.020323416576324624,-0.23457754537841086,0.97188493863363545,-17.365517600883756,9.5005967213225091,-4.2812870078247602,,0.1172264273735632,0.4,False,2
0.86569978865890163,0.50055788127369016,0.0023839905051124821,-0.47651223349990668,0.82263632715179968,0.31017021871083739,0.15329699031900323,-0.26965029342649077,0.95067804856015481,10.134021077369823,-10.997035186479309,-0.11716882741607094,,0.1970110392149193,0.3157894736842105,False,3
0.093193252706313373,-0.86285431463132689,-0.49678712681803677,0.98829001359802071,0.019618328013401687,0.15132075280140034,-0.12082163164119712,-0.50507182947384954,0.85457859814033332,10.277130674247838,8.9538023919885443,-2.523703061740326,,0.6408725081878881,0.3611111111111111,False,2
-0.37200128618168554,0.92020881588622672,0.12178168271312462,-0.92625452622950966,-0.37655978758257908,0.015977453336166056,0.060560677989254054,-0.10685720163391596,0.9924283060959368,8.0094412494104272,1.0383430342233302,-1.7528113387532287,,0.7105667304698501,0.1650485436893204,False,2
0.83833539821937397,0.52369595502340627,0.15144737298641811,-0.53848463933605062,0.75215813110013796,0.37985844602834895,0.085017958641033481,-0.40000086563915188,0.91256301382230143,12.14636004082729,9.7665547421973056,-2.5193850985662229,,0.4648962812098782,0.125,False,3
-0.90593379172496935,-0.37664550446369305,-0.19344800070849055,0.40314108831515538,-0.90695741695362153,-0.12208811057956878,-0.12946516103915406,-0.18859058247989763,0.9734846502523814,5.0049521787006634,1.2320749424939197,-1.8721714803853462,,0.4636180096205297,0.1574074074074074,False,3
-0.9929466625726262,-0.033450805676910521,-0.11374519280149378,0.044623500965573298,-0.99426949285892585,-0.097143804391378763,-0.10984383663847014,-0.10153432508083432,0.98874926669147067,-13.347488753831643,19.048938546505962,-5.0827065369399538,,0.2508111042519207,0.3,False,1
-0.06875389423836456,0.97751716085800333,0.19933163887142713,-0.98700123558955721,-0.095742670870501118,0.12908098976716523,0.14526342613248491,-0.18786575313955486,0.97139332704397396,-6.2068675357270511,4.4188114764367228,-2.728229735372675,,0.6192971622729977,0.3093525179856115,False,3
-0.20916950222092826,0.97611402821581894,0.058732642209757928,-0.97266206232708874,-0.21387390171577611,0.090479095234688167,0.10087929346633165,-0.038201545586022415,0.99416498131073561,15.3104546467174,-10.346061892138156,0.14361607804658133,,0.3759850361560845,0.1333333333333333,False,3
-0.64716482722196922,0.76140857301544285,-0.03787705565835027,-0.76176170183155378,-0.64391496150012162,0.071362679174703458,0.029946552880985237,0.075036706316867222,0.99673100517424573,-5.4176737950703497,-11.848459452239899,-0.65413573993130592,,0.09820298652348486,0.2105263157894737,False,3
0.99264079490554158,0.075485214325728467,-0.09469020386235813,-0.052828089648338059,0.97354730497828013,0.22229448466760549,0.1089653395966042,-0.21565627138510943,0.97037051036131061,18.237794629939462,-3.4870057925333615,-0.66762777449322663,,0.133246195105709,0.375,True,3
0.61849666903180234,0.78225107027416618,-0.074465652830597515,-0.76812071040411012,0.62185211002251473,0.15261234389403677,0.1656877926850705,-0.03719161619865325,0.98547670649269115,-0.6878622627396479,3.8205889971806903,-2.3328368070544658,0.3880992710922748,0.4063010190893688,0.7562326869806094,True,3
0.95544947240764022,0.28229656261652708,-0.086168186767844282,-0.24780062609320685,0.9258154184471945,0.2854131403304051,0.16034698433016942,-0.25134530371650482,0.95452311806256496,-13.049476796031721,10.609615812470235,-4.05669893841453,,0.221338960238884,0.2777777777777778,False,3
-0.97773257793374213,0.20358059898650965,-0.050930793861215073,-0.19502783385020081,-0.97109135167780614,-0.13764349138361212,-0.077479997875181297,-0.12464560326327596,0.98917153391936863,-6.0665296666755486,-1.0782524840878907,-2.0932202923245091,,0.3685015804343584,0.391304347826087,False,1
-0.99084186584820011,0.091917392071138526,-0.098912031206012732,-0.068221414819516046,-0.97294385847092224,-0.22073986233514448,-0.11652568576276286,-0.21197037835168289,0.97030424262648829,11.10741671968467,1.9092900274480629,-1.7244092167345757,,0.4044689264424146,0.3529411764705883,False,3
0.95570278443576284,0.29426055900445569,-0.0065506668451312672,-0.26213081992912396,0.86105185638046977,0.43574893444164942,0.13386418888192592,-0.41472933828960407,0.90004441829103732,1.0747866360639609,-11.03214013306245,-0.51763797193893879,,0.3923875361293414,0.1071428571428571,False,1
-0.13700109055421239,-0.95718696262053238,-0.25499768582526028,0.98062602824328426,-0.1674404548250327,0.10166753080403693,-0.1400117635013578,-0.23612880526794644,0.96158197435474746,-4.1842180331798442,11.155486313399182,-3.3833414032154345,,0.1220442402806433,0.3333333333333333,False,2
0.97628913750091106,0.11244667595731395,-0.18497368749062607,-0.039812186908289901,0.93319235711968129,0.35716524801132887,0.21277807634084006,-0.34133234490678649,0.9155423095352434,18.819792586159007,-10.202844339273065,0.29428526881693196,,0.3287166088585018,0.4137931034482759,False,2
0.81678500294719669,0.57134684327932728,-0.080156369898444588,-0.55531365527744458,0.81622498997081805,0.15938478600400408,0.15648962656659393,-0.085671176143942596,0.98395703481156238,11.844590976494072,-11.107223354732371,-0.0067427152199494508,0.269367956090299,0.2572475425759023,0.9210526315789473,True,2
0.97311449359424262,0.21701198332132904,-0.077162046705383125,-0.19232355126898668,0.94994684628108639,0.24619634617090347,0.12672740028938487,-0.22473715388328899,0.96614355956055131,13.022567431007127,-14.971945935355109,0.63302366495103368,,0.2577785096117361,0.7241379310344828,False,1
-0.72685257560227656,0.68376664746871363,-0.064408890300438476,-0.65940237146263014,-0.72100931818973113,-0.21291800204078393,-0.19202563852203977,-0.11228862316804891,0.97494482882736888,-8.7545393388953769,-8.0519802286241848,-1.3219365229857538,,0.4877979781844099,0.1290322580645161,False,2
0.64809180247565767,0.75454496716354047,0.10314508273314449,-0.74828649034355232,0.60574778992568612,0.2704384280561436,0.14157804891007783,-0.25245100025216921,0.95719598230377956,14.132154902584613,-2.0995351768547317,-1.0735736465516079,,0.4511671734918203,0.25,False,2
-0.29919428343733162,-0.85916881764589148,-0.4151044730467065,0.94293325665470218,-0.33285219587694909,0.009289197729194329,-0.14614942440181089,-0.38863653776357077,0.9097263254749558,4.4089144865901284,-12.314218625821331,-0.23682809365787746,,0.4307844327434985,0.375,False,2
-0.82442836529376085,0.56563864758144633,-0.019255930548534091,-0.56579798356308086,-0.82453574203283564,0.0036676840530452948,-0.01380261913584771,0.013918709444257549,0.99980786015733913,10.953606878655927,11.46594986380309,-2.7752483747836294,,0.7241645825557255,0.6379310344827587,False,1
0.39458081912653159,0.91716770202996944,-0.055761846548532834,-0.90554686560805953,0.39843999914660355,0.14570669602827058,0.15585522565783852,-0.0069981021085140024,0.98775511904622626,-15.526165818135619,12.3659267501037,-4.4740910309335717,,0.140012156571257,0.5,False,2
0.93491014364079306,0.35171459928315896,-0.047327201149434353,-0.32614455784205448,0.90409580167605874,0.27611683900431655,0.13990264725001766,-0.24270892452238305,0.95995813827980303,8.4979018972945806,-14.422432137614681,0.28220070094385308,,0.1204094266315111,0.35,False,1
-0.98659606297304225,0.14018590854529545,-0.083523167872297716,-0.13312064951101402,-0.98745668557802524,-0.084901041106856756,-0.094377440100162274,-0.072644374541959558,0.99288251754552959,8.2395802392842459,-0.51811096967504844,-1.479823879859294,,0.08695480000289262,0.2222222222222222,False,2
0.40360056559563678,-0.89606929965176885,-0.1848415366536191,0.91187619113862084,0.37744991257965532,0.16128662538515845,-0.07475557160107843,-0.23364796963637344,0.96944325816387877,-15.488775273350065,2.5162761788759842,-3.2533777678814104,,0.1405084776654843,0.25,False,1
0.97310159088780201,-0.19266711523536537,-0.12630390539690939,0.21815971443942614,0.94682633364542546,0.23648727854002988,0.074024541925884521,-0.25768057090600383,0.96339041440644357,14.342190593941432,-11.924990075973691,0.246570128185328,,0.1445735647239276,0.5,False,1
0.86521948284542727,0.5009929225569365,0.020033423385710708,-0.47430574070076109,0.80486766674984156,0.35668207602705304,0.16257094095499999,-0.3181102490780916,0.93401100560351036,2.0668559472771069,-18.683979407870716,0.55871174820778058,,0.5149122359189988,0.1666666666666667,False,2
0.99076952919450323,0.030599123677746518,-0.13205844785494814,0.03515277139457923,0.88286864720330005,0.46830250314160882,0.1309199094216939,-0.46862207098638686,0.87364370993068274,9.4737440960159276,-0.94008206945281092,-1.3954339307043357,,0.3086130538437575,0.2222222222222222,False,2
0.74265233374996653,0.65883471653822578,0.12001802972772514,-0.65003392660473858,0.6661087678989166,0.36572531166302036,0.16100747013276967,-0.34962254734525322,0.92295214878630738,1.8338044163591962,-9.3914812276248139,-0.7239645922972886,,0.1466362410232715,0.4230769230769231,False,2
0.43446404166371355,0.88333675639845588,0.17594650123456979,-0.88647753688004949,0.38480569640122553,0.25706449117730923,0.15936929788485613,-0.2676578988422037,0.95024243016141174,-16.097718570759291,-2.7338410900496481,-2.6673861743062188,,0.1513575450901973,0.3333333333333333,False,1
0.18806769295944192,0.97859279344704364,-0.083586407258740336,-0.9714760735582767,0.19786420812319441,0.13070575215947416,0.14444646540745038,0.056620665461403243,0.98789134973133619,-4.3693258033469249,-13.850306216100266,-0.34043788716410384,,0.2575589452145495,0.3809523809523809,False,1
0.98331271084909067,0.15835148251278447,-0.089559592834135823,-0.13621141514597632,0.96716997204357991,0.21454299233755297,0.12059254979700604,-0.1987638125092798,0.97259980658554146,1.7201931903089176,-3.5060659094947497,-1.4524027876338172,,0.6769593703292063,0.688293370944993,False,1
-0.85196863060622718,-0.42084797722928818,-0.31150671345087821,0.50055665588403742,-0.82918705548998184,-0.24878074937190039,-0.15359845934494443,-0.36788015313396744,0.91709961629966319,-8.2153206150939475,-6.4266306197263567,-1.5433854789107428,,0.3594686585254308,0.1333333333333333,False,1
0.4800258463759367,0.87672868946308935,-0.030364319248082496,-0.86234484944871792,0.47793906822542637,0.16713948573894649,0.16104827673816924,-0.054046758794076069,0.98546557546345614,-3.1736832535639241,-1.3939028471110975,-1.9546877072829107,,0.2587566144903282,0.5853658536585366,False,1
-0.90683201182392914,0.41885995843610213,0.047032303263526955,-0.41947086690318208,-0.88593185051598355,-0.19791146520810343,-0.041229772626808901,-0.19920113318009097,0.97909091221852829,12.526682645560914,-17.065960689710177,0.82125868428309057,,0.373134557029627,0.1428571428571428,False,1
0.84210063020130699,-0.52040950909380423,-0.14156437213970069,0.53898216713093849,0.82135847250138572,0.18673104499527649,0.019098485002717359,-0.23354700275305748,0.97215793232152603,-18.429312712986114,4.1371775130721362,-3.7109427247198234,,0.1392922894827999,0.1875,False,1
