axis_00,axis_01,axis_02,axis_10,axis_11,axis_12,axis_20,axis_21,axis_22,location_x,location_y,location_z,dbh,dbh_approximation,score,reconstructed,number_clusters
-0.98117202834962647,-0.17833241961946039,-0.074155235128405383,0.17716292831454777,-0.98393306500178968,0.022113806257605124,-0.07690739636273497,0.0085598895351029769,0.99700149482127276,-1.7362858311805935,-15.497697383136275,-1.4522692927947258,,0.1353578995626623,0.4615384615384616,False,4
0.94819679804350177,-0.30576724240776465,-0.086192955921021774,0.31663727144086679,0.93162610348021335,0.17836379018387827,0.025761803402221735,-0.19641587711951136,0.98018219362567449,6.0901828666689601,-15.945138573193061,-1.0969627714678241,,0.2253375668005509,0.3333333333333333,False,1
-0.47175641673362151,0.88095268829536377,0.03698978583103036,-0.88008609945433669,-0.47302259915675843,0.041207744833177476,0.053799078225422889,-0.013114178287509527,0.9984656616578953,-2.7537893238695403,8.4280493367161409,-2.4117406907540473,,0.3055820739132233,0.2432432432432433,False,4
-0.88087200330480064,-0.46240195135341361,-0.1012370938853121,0.46150716594766716,-0.88650346378153888,0.033507379519843686,-0.10524091206722112,-0.017205931764649345,0.99429789617567343,1.9774478813717828,-0.59057694818943474,-1.8084609447503925,,0.5349190373621869,0.9825098382160035,False,5
-0.59035198335955019,-0.79387551603186746,-0.14576076560097412,0.79799082802329924,-0.6011820523959317,0.042317588160306965,-0.12122365336078363,-0.091333481933801502,0.98841439737779679,-6.4608010074188105,0.9007288783161016,-2.3317219654801824,0.4089785391270556,0.3849634321261591,0.7367021276595744,True,5
0.91303203322806759,0.40407838457875961,0.055616233382360047,-0.39611942041245762,0.8458909303108928,0.35715254274591257,0.097272355124772447,-0.34812238240881938,0.93238881149147634,-2.7997589540500769,-12.174890105486121,-1.5900658519897755,,0.1850873780097418,0.2222222222222222,False,3
-0.36820311936145772,-0.90848177505707961,-0.19770515239019534,0.92478757720517235,-0.37979433048471334,0.022895492540147125,-0.095887433689091459,-0.17440507710730896,0.97999411689035865,15.150476580180387,-1.3242644297260777,-1.2441387841884055,0.7328490855926124,0.3116583114568405,0.1052631578947368,True,5
-0.23564100447971092,-0.82570801943331529,-0.51252276403229624,0.96642266716269509,-0.25469943721301591,-0.03399154420610577,-0.10247216891398164,-0.50332341821823157,0.85800057766366322,-2.7272397353744382,-4.4919897554248713,-1.9253373488180554,,0.08878567733028084,0.5,False,1
-0.97051120545751057,0.23579684764465722,-0.050078405747909588,-0.23847464918574232,-0.96949260933891834,0.05669146437474698,-0.035182975672149217,0.066962131672001213,0.99713501149282413,1.7658203459143071,-10.989734573298026,-1.4704061841049652,0.400028728609474,0.3626805169154246,0.7457627118644068,True,5
-0.78778062741287047,-0.60678489452936146,-0.10589511246500843,0.60672266608735148,-0.79407403181822211,0.036524491068459168,-0.10625106836564691,-0.035475678470543268,0.99370628794841276,-14.410167346361828,-15.497743567518826,-1.674669607675233,0.4143262375408532,0.4436437615650082,0.8235294117647058,True,5
-0.16830371273493208,0.98156474819846518,0.090578724730055571,-0.98245997433151133,-0.174519257555449,0.065691914105337826,0.080288598917689746,-0.077933778532678688,0.99372031631010527,-0.60261950798239172,-5.4284573960187066,-1.7765286462337084,,0.5985539955773826,0.4113924050632912,False,2
-0.62663106843145677,-0.77515275274940854,-0.080446963780276187,0.7718125674109777,-0.63157247937218941,0.073631271115880081,-0.1078835708665862,-0.015950335566362703,0.99403557377610696,4.9617920032726772,-8.190683321114264,-1.4731780913053496,0.4310175018485691,0.4165186493179733,0.8719211822660099,True,5
0.18793747919779366,0.9813800698578018,-0.039656807721707779,-0.97710139552895336,0.1909141277337538,0.093939654497092906,0.099761549547669762,0.021093940304208712,0.99478775571188627,7.877866775327294,4.0890125333271738,-1.6807049514904164,0.3979066009116196,0.3597177497493937,0.8647798742138365,True,5
-0.95233853384569411,-0.29921011289973798,-0.059368554733631111,0.29826114230568973,-0.95417090811417637,0.024457495764559176,-0.06396567785257358,0.0055844827060668907,0.99793647373455929,11.892232661630439,-8.1134416067725805,-1.1373427079400453,0.4450807209108447,0.3236776920374815,0.7142857142857143,True,5
0.75467627018941164,-0.60273244284490612,-0.25918589767811551,0.65588677367431314,0.68306293419675368,0.32130603487270837,-0.016621291529204947,-0.41247864219706437,0.91081562481062439,-13.811272508749807,-3.5845958415536332,-2.3223320878614473,,0.2968572689158083,0.1818181818181818,False,1
-0.48767690908325795,-0.82224668358098119,-0.29339670019800473,0.86633612727084086,-0.49731263516121071,-0.046280206291399395,-0.10785613998452659,-0.2767499489595085,0.95486989627830854,6.9850627100946454,0.81792147229497225,-1.6440818150203163,,0.4401699790271564,0.1417910447761194,False,1
-0.98689397511497268,0.15391479335475822,-0.048482143809138942,-0.15634388798835441,-0.98638129212456038,0.051073821429064151,-0.039960862984334988,0.057984333515572729,0.99751739157585728,-10.767870652988561,-13.724643659045185,-1.7604449499502834,0.3755571713741093,0.3909941224795366,0.8387096774193549,True,4
0.022072952179281624,-0.96460834807188145,-0.26276133583944239,0.99569551039833648,-0.0024543346608177641,0.092652181916943022,-0.090017972398231311,-0.26367538958236092,0.96040202705632727,5.9513334811973779,2.608905873642045,-1.735515429491902,0.179020596889017,0.2504811660982037,0.1566265060240964,True,5
0.85807172661218523,0.51287401218730411,0.025945319648815364,-0.50447199512277674,0.83241269976875532,0.22934058384973255,0.096025611821157486,-0.2098793579335228,0.9730003787192395,-6.8193465038388821,16.259239875800422,-3.1762816720445417,,0.6661699781415269,0.25,False,1
-0.99699928973235441,0.043286691472125161,-0.064176932106316004,-0.046302168701635289,-0.99785536670953134,0.046268523885173912,-0.062036484802952443,0.049101216587622898,0.99686535955609834,-5.1464566320519145,-11.590874140408355,-1.6272578535541726,,0.1289693766201944,0.6111111111111112,False,5
-0.30000306208922817,-0.9362768357190584,-0.18271247804404489,0.94891302545716616,-0.31253156590607861,0.043452162547148419,-0.097786670128479553,-0.16034246851100706,0.98220571161899795,-11.562398815716373,2.1354318699332486,-2.4463350563649677,,0.2417881112749743,0.1111111111111111,False,2
0.68216615014658422,0.68648070373469228,0.25178083126821055,-0.72422828580704435,0.58691655926919417,0.36197008507969591,0.10071113955854041,-0.42927053923549613,0.89754335299933463,-8.9990288844379087,-5.942234024374403,-2.0397742072181795,,0.2585851733981124,0.3333333333333333,False,3
-0.20271346285673161,0.96695448246967286,0.15461656058922241,-0.97467930745776932,-0.21445672135923202,0.063313207764989721,0.094379550699696141,-0.13786712260599659,0.98594378993635712,-3.297719659403874,-7.000857081458439,-1.8165381444987325,,0.2416818758378634,0.3043478260869565,False,5
-0.79667306309036978,0.60430791694115082,-0.011134274491653905,-0.60433618954735735,-0.79615113761249168,0.030350223750676669,0.0094763151904492596,0.03090805074059013,0.99947730932214196,7.5309287970437371,-16.235060181602751,-1.0393826685173519,0.1426796058042128,0.1697253421143773,0.45,True,5
0.8971941121328928,-0.40133535204602921,-0.18431673920769995,0.4416198084239541,0.81891045533258355,0.36654823823689281,0.0038301385953394829,-0.41026284421705755,0.91195928017278804,-9.2184528419760223,8.5058137941513792,-2.6968389928395333,,0.5282347322956908,0.2894736842105263,False,5
-0.84382958879443226,-0.53002190548409256,-0.083835581837491971,0.52767854147455129,-0.84798112893565059,0.049833340609570523,-0.097503753478055968,-0.0021873902328513606,0.99523275337061712,5.9926842512179173,-1.5641159193020286,-1.6241657465070793,0.6606185544611304,0.5298104916082856,0.9210526315789473,True,5
0.9935882539332318,0.10900997248657229,-0.029986789497861079,-0.096612953607276494,0.95640582236836924,0.27559724261168173,0.058722387904363627,-0.27093307077276602,0.96080536651313997,6.7563091643835289,-4.1862573246275208,-1.5147607926187971,,0.3028348195711472,0.1842105263157895,False,2
-0.96089535930313674,-0.26597224512962447,-0.077064085606741495,0.26532142671336362,-0.96397763103873757,0.018752796690875484,-0.07927577811968467,-0.0024272778273239579,0.99684976768110256,-2.9844765431524429,-9.7694102697142391,-1.673757634833986,0.5282219782629376,0.4963978332934328,0.8884615384615384,True,5
-0.27540457423134812,0.96102506681814881,0.024148321673013805,-0.95842426872661901,-0.27643702407360471,0.070749507681510143,0.074667540526634463,-0.0036595995003296106,0.99720176780990599,11.65188577532537,-0.70322722521594216,-1.3826908664060187,0.1909440928246232,0.2357805393290509,0.7777777777777778,True,5
-0.2546590145414665,-0.9537968918556029,-0.1594373714013218,0.96304413234839437,-0.26509416891474474,0.047655857528024453,-0.087719926254527944,-0.14140923128987934,0.9860571199701913,12.2626170028876,7.0000969859611848,-1.590953474611599,0.3248749844677,0.2400061301068245,0.4814814814814815,True,4
-0.29795536538764905,0.95454897033952724,-0.0076722526327728038,-0.95207852142473248,-0.29658358047822497,0.074730641857349775,0.069058593081583936,0.029570982642867536,0.99717424139772459,-0.70055825165016028,8.3329195735437374,-2.3173969284867053,0.4791552084026999,0.440216995529092,0.6863636363636364,True,5
-0.70076697680684008,0.70347776198210243,0.11851026374814688,-0.71117035651777427,-0.70197465128651471,-0.038318572018789243,0.056234937782350426,-0.11113337638994715,0.99221318496822375,-8.7260396484002438,-9.4243822711730942,-1.9145544809550239,,0.3970887638435711,0.375,False,4
0.99497343539811756,-0.042923212277859675,-0.090473535908682359,0.058559137153171549,0.98229178178226761,0.17797101701933443,0.081232323049054006,-0.18237448640303272,0.97986777495807365,15.320964572991704,3.8716957354422838,-1.2673895198402598,,0.1121216662741634,0.25,False,3
-0.52896347073923466,0.84850601711125861,-0.015335760479760069,-0.84748222555526087,-0.52720721996960385,0.061858100357391005,0.04440184671166432,0.045717459880350871,0.99796712865238379,11.310452707024933,18.107941918162801,-2.4417822474983621,,0.1951080916828994,0.625,True,5
-0.61367080383631201,0.78572734131458677,0.077721873559552679,-0.78928251155040319,-0.61309312916941949,-0.033910646203496347,0.021006224781803341,-0.08215448907979489,0.99639820275051438,-9.3968906813841908,3.5970727694688347,-2.4130086966006443,,0.4381036690309409,0.2142857142857143,False,6
-0.54752055719200221,-0.80717684963510816,-0.22065079393761897,0.82979864570828032,-0.55774896508695526,-0.018716290367862626,-0.10796039566833478,-0.19334328371467252,0.97517328081196131,1.1048171747425408,-14.322132177886237,-1.3400852365793394,,0.3442023883032806,0.1875,False,1
0.84063487361011502,0.52330833940938437,0.13957575425230034,-0.53191450038127397,0.74918672147031629,0.39469763193702884,0.10198026061275547,-0.40603896152604757,0.90814777881587261,4.6540254621922958,6.0145184755129231,-1.9339863481557005,,0.3218222922955828,0.3243243243243243,False,5
-0.99274991744499397,0.10723121371737798,-0.054305324026806004,-0.11050532693620545,-0.99197855577563254,0.061376849055757625,-0.047288202880641568,0.066932889419095976,0.99663624968306819,16.543671273317965,-3.9026178032739431,-1.0132173485760783,,0.3422218969524822,0.3103448275862069,False,1
-0.70141858795181067,0.71274891849657807,0.0009714204268429158,-0.71231485013289197,-0.701037712611842,0.033965861922107134,0.024890133704804356,0.023132329712207904,0.9994225215424366,17.14319932202234,2.3571445690587538,-1.1385926442624319,,0.1623522236174779,0.3157894736842105,False,1
-0.21359108860575649,0.94936777500154057,0.23039026597673778,-0.97354780932957341,-0.22643650522303266,0.030515111862286344,0.081138830517799368,-0.21777818277091865,0.97261973725151174,-1.2266988763423505,-14.024935879492357,-1.48523557301605,,0.4958843909924435,0.5217391304347826,False,3
0.60479167778846787,-0.7384090286123598,-0.29829370248391446,0.79523366238111837,0.53983227514275012,0.27601546501983659,-0.04278374333464012,-0.40414504967641784,0.91369378356664011,11.499029413732126,4.3444740233022765,-1.5332707486541683,,0.3907872533242548,0.3076923076923077,False,2
-0.56694667444794111,0.82350571457701827,-0.020243675343555423,-0.82271539997454424,-0.56482656138722387,0.06411182571266362,0.041362289312204571,0.053002769837808626,0.99773737396790652,0.070944687426614819,-8.6520610174633532,-1.6393870728834965,0.3214864105963228,0.2650817371660709,0.6160337552742616,True,5
-0.17598376979422328,-0.97667185400500911,-0.12305203112273658,0.97908602468501438,-0.18662467063123891,0.081004867620879051,-0.10207971902150001,-0.10622298200577257,0.98908867603379802,-1.7627126282486447,-12.827532852683195,-1.5466938065968556,0.2038587756982405,0.1161682334827018,0.5416666666666666,True,5
-0.35304224585740857,-0.93261108676679527,-0.074818002376523765,0.93003029746273991,-0.35853229088685362,0.080611675288331769,-0.10200401188837627,-0.04112368211968559,0.9939336116298686,6.3959518587486928,6.4390570204674269,-1.839786061794533,0.4478548987448229,0.3834681794233755,0.8653061224489796,True,5
-0.98889820365165326,0.14732375207167978,-0.019392134747286863,-0.1470107582177568,-0.98899408411945067,-0.016689474077112812,-0.021637462484657241,-0.013653338502088124,0.99967264970337866,-14.140560723696771,-2.0173146715170036,-2.3996731143520065,0.247741004615213,0.2500745458284973,0.5862068965517241,True,4
-0.83400631221779975,0.55174057277569988,0.0039763719657509022,-0.55171372102445992,-0.83401045720458655,0.0062070368729612718,0.0067410098806989366,0.0029828889588165639,0.99997283021052563,7.5890842349747478,19.176807449694916,-2.6813638317117618,,0.2880880198426432,0.98,True,4
-0.97247121397602554,0.22618310722006482,-0.056044089753261674,-0.22498578085043081,-0.97399045136142504,-0.026907230847662375,-0.060672369354731387,-0.013557384151970128,0.99806565962958516,-8.9440366384749677,-3.4890683829185196,-2.1347801524469721,,0.2904568786836886,0.6867469879518072,False,5
-0.88120653615471778,0.47040022655544972,-0.046889950893400305,-0.47247039139302932,-0.87967273682861258,0.054291853324199016,-0.015708911328338224,0.069996449460242208,0.99742354452250515,-13.183924474408339,6.0506199089145536,-2.6655502496145309,0.3358947723513021,0.2928297384845132,0.825,True,5
-0.99667673795339229,0.06221552270607212,-0.05258049787702878,-0.065043758513300229,-0.99642525636476276,0.053907494440767034,-0.049038653132498243,0.05714837891688683,0.99716060556267627,12.685406398641794,3.0984219723286492,-1.4162756675849564,0.3194572095974519,0.2783971594288596,0.8198198198198198,True,5
-0.70291773670598101,-0.69738142517707169,-0.13987781540379327,0.70243714101434718,-0.71152985322594275,0.01753085542290473,-0.11175293440322501,-0.08593262352718517,0.99001356852621136,6.1509485382969675,-6.0276519928013332,-1.5152176466426557,,0.2397490588526807,0.1,False,2
0.98909003555180652,0.14711691379399691,0.0075838807912375836,-0.14221520298459364,0.94017583884093303,0.30958718981863342,0.038415330431702206,-0.30728814773023277,0.95084081562180811,-7.4248992769268245,-9.3138351252647507,-1.8904761121107674,,0.3425558666713704,0.3275862068965517,False,4
0.34322633061199104,-0.86644308005793613,-0.36259078172830672,0.93924479118369197,0.31503024265255863,0.13629074968086702,-0.0038611149854462859,-0.38734007697885642,0.9219288240190141,4.5930970876765098,-10.227649495158712,-1.4017083246130655,,0.5177457891286485,0.1,False,4
0.99641046862191296,-0.039112497722033471,-0.075075898546772185,0.067200533796266546,0.90479313192099253,0.42051572703776496,0.051480736962072837,-0.42405141309816102,0.90417372930830942,-0.1170935235929335,-3.3850193391542671,-1.8143602655314783,,0.4232319906722019,0.3043478260869565,False,1
-0.3467300156434231,-0.93003084607343112,-0.12174120750119827,0.93067374824847338,-0.35727661790692883,0.078738761852877842,-0.11672476418074011,-0.086000253772443219,0.98943382081775755,-4.0904357521547281,4.1414713555506726,-2.2518244918559449,0.3568440861345438,0.3842585412830719,0.5837245696400626,True,2
0.92752107196290701,0.37275745157540957,-0.027505333297145419,-0.36389028504330839,0.91736221863396838,0.161339456656033,0.085372838279400121,-0.13963682221380716,0.98651560371144142,9.804657931763094,10.956418171823488,-1.9916449872685558,0.3300150206277495,0.3274090532827917,0.8974358974358975,True,5
0.12220160435172291,0.99122076320596419,0.050479366906187054,-0.98731337527101726,0.11620954885158906,0.10820184733478633,0.10138573324100038,-0.063061393459822715,0.99284651067024887,-3.839966121128271,-9.0171861346526594,-1.7369978613398258,0.3917131965154673,0.22257020367609,0.2916666666666667,True,5
-0.28997440572679772,0.9285797390723185,0.23163443657577021,-0.95053839768392256,-0.3075952889141485,0.043149655459830155,0.11131755724893962,-0.20766513049187052,0.97184545840679981,-7.2586379576572151,4.7472018941966549,-2.4245407413806834,,0.5236812600221581,0.3503184713375796,False,2
-0.65904543108834945,-0.74727835771101636,-0.085053958510452193,0.74436324820512667,-0.664261213882819,0.068413408425809036,-0.10762190521954348,-0.018223496581333657,0.9940248637178376,6.0715083080694585,-11.934785885223262,-1.255622468492283,0.5353194921338273,0.4942254249922718,0.8608247422680413,True,5
-0.022746308441956391,0.98781563182230869,0.15395740638162525,-0.99275625871245188,-0.040490156609942742,0.11311745225630884,0.1179729470663481,-0.15026917430130451,0.98158115253670464,7.549052446099167,-6.9576424570344093,-1.3912271089708532,,0.3525054124031089,0.2666666666666667,False,2
-0.092451366593610376,0.97568443358123669,0.19872752925107082,-0.98837672899347828,-0.11411312482530553,0.10044718177608014,0.12068217100767828,-0.18713118609645368,0.97489370332924397,-10.448293706828077,6.2365500925902104,-2.5546243392015175,0.3255490624011385,0.2190018964208248,0.3333333333333333,True,3
-0.5403371902216364,-0.83254132814209136,-0.12210920439831341,0.83449198414054993,-0.54881925879309734,0.049199081119093005,-0.10797615138795739,-0.075315059006795443,0.99129652103608601,13.628049272716066,10.155122180808405,-1.7571434814150166,,0.1627364567312065,0.3636363636363636,False,1
-0.67963512538980231,0.73302087847827835,-0.027865535188127202,-0.73301371448167008,-0.67719500490242301,0.064014214960364677,0.028053354847011415,0.063932128465586019,0.99755986899618576,-17.27008465941336,1.2140199457087679,-2.5258541407014468,,0.4250726679293413,0.9444444444444444,False,1
-0.499853893801678,-0.84943294614728182,-0.16914418361519273,0.85962057647306256,-0.51041753118791444,0.022943590829571051,-0.10582319856922222,-0.13393137741240385,0.98532422927125651,10.399385974572892,1.3884720756878763,-1.537488326891139,,0.8005072855564538,0.4270833333333333,False,2
-0.89646116175166102,0.44097537292658656,0.043567257695668715,-0.44298190920284036,-0.88936026959912728,-0.11316067770022854,-0.011154083999568902,-0.12074365958851159,0.99262105311105764,9.3083588201360001,6.3109707690895922,-1.7030326596733443,,0.1445653148936504,0.1538461538461539,False,1
-0.17745690343648393,0.98350965339444985,-0.034897121696005104,-0.9813381452463632,-0.17417403085264699,0.081479148626941014,0.074057356874008967,0.048704914089572234,0.99606392326816307,7.3306676893593199,7.8070698806255407,-1.8759967538435509,,0.09915533276768063,0.46,False,3
0.96624870929231177,0.25607682309761193,-0.028072984579067373,-0.22012579599316318,0.87734069868612408,0.42640114020405806,0.13382102125345832,-0.40582996328656995,0.90409843223484432,6.5731067731137829,9.9880925173985666,-2.0708835535141517,,0.3489288313020033,0.3076923076923077,False,2
-0.52591612495333162,-0.82192308962825211,-0.21875708959944801,0.84174370033616264,-0.53985664645306686,0.0047269678266071702,-0.12198267277960931,-0.18165141347206037,0.97576789838831346,-1.4273861556952046,-7.9534642304777812,-1.7294101267603958,,0.3601004458597186,0.4193548387096774,False,4
-0.60364148406872764,0.79664072950827569,-0.031313045202048903,-0.79634123967000792,-0.60060289898134889,0.071531725381357797,0.038178380166505953,0.06811538610124214,0.99694669138532166,5.1052565759378572,-16.246658237632442,-1.1136358452824944,0.2789034452430413,0.2679006597438232,0.8448275862068966,True,5
-0.85777294466381715,-0.50839264714916155,-0.075911077764920315,0.50552055464498835,-0.86108360256972882,0.054625984814559297,-0.093137233339772141,0.0084820817141241303,0.99561715034224241,-11.063087191119681,-1.5585987295627171,-2.3548097683621045,0.4081707727293157,0.3496966281363798,0.7364620938628159,True,5
-0.99721052434361324,0.066216144301544322,-0.034446950114255845,-0.062915399431139593,-0.99400705502068043,-0.08939590082064619,-0.040159963306222193,-0.086979289505903196,0.99540031170594467,-5.0831155940421322,-8.1333047430685941,-1.8181306832830344,,0.1700914224046199,0.28,False,4
-0.7820474117100692,-0.54973367192057732,-0.29358940000330952,0.6088425447736977,-0.77452174518976213,-0.17154247841772502,-0.13308869790884592,-0.31290406866150988,0.94041397389873116,-0.62824022753208952,-12.28209235209232,-1.5257195314277545,,0.7099263054574614,0.4528301886792453,False,4
-0.12342870050362599,0.94584544308316987,0.30023616319622293,-0.98881286005972369,-0.14275885102771832,0.043232374833632764,0.083752514424918337,-0.29154126337801406,0.95288467721726722,7.1134927849822533,-8.1023703242324867,-1.3740667012283834,,0.3886515300592118,0.3111111111111111,False,1
0.83279848415494728,-0.46550347363890154,-0.29958838565494911,0.55356970626623825,0.69765867291084538,0.45478891413114797,-0.002695383744979199,-0.54459057294668112,0.83869770642590458,10.184419724067208,-4.5370870514989097,-1.4167744788768173,,0.4867220965664579,0.3125,False,1
0.63576440777839305,0.77177130428239171,0.01314045997844885,-0.76414258683654146,0.62689276473922384,0.15195910140682839,0.10904001460449325,-0.10665137319260291,0.98829942821555061,-6.9557847390284007,-18.788793784381557,-1.2870437351797257,,0.2056920388487485,0.6451612903225806,False,4
-0.80668019174809069,0.58759732140800247,0.063217530127378643,-0.59081622960736668,-0.80439878151836564,-0.062279877362642122,0.014256615089156571,-0.087589886207891515,0.99605459727882872,-8.1047133201712729,-7.0758478815577028,-1.9891188033680682,0.4852437011120991,0.5839583499805614,0.3636363636363636,True,4
0.90447904742340479,0.41805189783657598,0.084559230645084499,-0.41677370444672746,0.82413596472734918,0.38353564492061765,0.090649501122750206,-0.38214201857183833,0.91964675043629562,-5.4908013943262768,-6.4074192668695149,-1.9164200679611276,,0.3751461430216673,0.1298701298701299,False,1
0.77586642520418736,-0.60437703357813033,-0.18099638538980412,0.63089440162267585,0.74410514341113754,0.21972662458212922,0.0018826157442949354,-0.28466811699308686,0.95862428454821091,-12.733892398334499,-2.9342716079550821,-2.3583851503184761,,0.3539573841198698,0.3076923076923077,False,2
0.48820742662974592,-0.78202114804655454,-0.38742280855869926,0.87118710600797522,0.41032887480984642,0.26956120051434507,-0.051831794383474038,-0.46911953541206819,0.88161234484650619,8.6662720824723394,5.3245542394551624,-1.6808142738516725,,0.6322661255150603,0.3684210526315789,False,1
-0.9654806589029874,0.26011287695343699,0.013725470019616583,-0.25848834847583452,-0.95029141855046939,-0.17357993412711153,-0.032107179671977654,-0.17113594325080614,0.98472413291295358,-13.159835088796637,-4.3067110961763531,-2.3221742323323,,0.2817753716512927,0.6428571428571429,False,1
-0.90391416004321179,0.4057239783073926,0.13537815444079926,-0.42682702162531277,-0.87603597795059396,-0.22445413550792678,0.027529709112869463,-0.26067032581897087,0.96503528243976244,-5.4576921536247109,16.214552838797541,-3.093515483629433,,0.5149492961841247,0.1578947368421053,False,2
-0.51289156453186546,0.85824551935407778,0.018891043928387453,-0.85835763649526398,-0.51303885202451716,0.0036474900451523157,0.012822281478705202,-0.01434450494142625,0.99981489500590337,-6.1673178542486164,-3.56191019205114,-2.1102591049195545,0.3400185769547797,0.3846118713630564,0.2102803738317757,True,4
-0.63427306478489442,0.76653385893655546,0.10061571642745124,-0.77178250140041393,-0.63542034748984888,-0.024346509565014385,0.045270849566764942,-0.093095784543189564,0.9946274302872361,10.418967131938189,3.4902181572291173,-1.5597194583371068,,0.18949516219635,0.2083333333333333,False,4
-0.32286394578567379,0.92936021454203988,0.1790208483335948,-0.94399276808227284,-0.32982251538198543,0.0097345855314383695,0.068092043001178507,-0.16585143946759842,0.98379712019625842,7.585836447195943,-9.359625937674048,-1.3251357767372529,,0.2946169757172254,0.2777777777777778,False,1
-0.7000337242715351,-0.67712925907979382,-0.22682317205386046,0.70628387885148869,-0.70340304683462429,-0.079920186300234425,-0.10543181378038274,-0.21614837543182702,0.97065133412629778,12.602469470916761,-1.3771104718274245,-1.2643728304806652,,0.1414389056382919,0.25,False,1
0.97033088883600671,0.24171616868208023,-0.0055910614717805951,-0.22211573435235649,0.90030628999695395,0.37431695759748063,0.095512128673999441,-0.3619694434473395,0.92728396690905024,7.4815648469933373,2.3705545323271981,-1.649979169623125,,0.6445463281367418,0.5714285714285714,False,3
-0.79347439830308319,0.60747581523632954,0.037033945786523331,-0.60853807673773619,-0.79281178831392329,-0.033628521686478355,0.0089324351606484345,-0.049219937153941018,0.99874802096858484,11.249380599756369,-2.5500682132377865,-1.3201717962150927,,0.112186576487345,0.3333333333333333,False,2
-0.90292187102570454,0.42979697691616181,0.002579429620983717,-0.42961536651841858,-0.90232971352128266,-0.035095939193089662,-0.012756632576272804,-0.032797053683656194,0.99938061898106945,-4.2506724874745476,16.486797351000074,-3.0479942384963086,,0.1927576297366981,0.1111111111111111,False,1
-0.65201150435909316,-0.7482610978644576,-0.12241865709960045,0.74862488813931749,-0.66091379556622343,0.052476010601448894,-0.12017393661600395,-0.057430690862339415,0.99109027878659361,-19.955240095933348,-0.7604030001293236,-2.4697947156913251,0.3494865303386641,0.3771688355720073,0.6086956521739131,True,3
-0.4578486936981131,-0.84547267692624739,-0.27486455982919777,0.88636702679719981,-0.45802504168016378,-0.067576290225034349,-0.068760944478863328,-0.27457059887222329,0.95910526989967315,9.9406909369302259,-7.7629164393180377,-1.2934068841369251,,0.3225791739740114,0.375,False,3
0.91052828432250155,-0.39444072861782592,-0.12391430529264894,0.41318512141531882,0.87878301775240131,0.23878539141034172,0.014707103376578462,-0.26862040003957355,0.96313383379094764,-9.3207145819675574,0.26494190637172144,-2.3780509666628156,,0.5753533458685047,0.3214285714285715,False,1
0.8431893816691115,-0.49711396844146466,-0.20471777895639637,0.53761628764012992,0.77922055002227297,0.32215533782172778,-0.00062761812141839957,-0.38169757243577679,0.92428706000469829,-1.8462364791211474,-11.128657576591063,-1.6263973490587766,,0.09186917950470028,0.4444444444444444,False,1
-0.89850595203628958,-0.38047536523481085,-0.21891905034692388,0.42932797278003315,-0.86560911018265252,-0.25767879260308624,-0.091457891643907774,-0.32551400095577226,0.94110365488495329,9.9268950624605736,8.1528995027816666,-1.7838620550279292,,0.2501893702301951,0.25,False,1
-0.10106690900681335,0.95785797217099744,0.26887466420671469,-0.99121889860002699,-0.12011085586110447,0.055303502262175244,0.085267666568036901,-0.2609242944855425,0.96158615713063589,-16.282896537194173,-1.3092478915324528,-2.3919162304504042,,0.1243033936991969,0.3636363636363636,False,1
-0.9280180037590271,0.37247921430257919,0.0064668084589988503,-0.37252512692552636,-0.92772413674588661,-0.02351501452734972,-0.0027594398403352552,-0.024231405482027228,0.99970256800717217,10.189417098633882,18.273513329968612,-2.5170950535712198,,0.1818763986961893,0.4285714285714285,False,3
-0.99211839297238591,-0.10871207299306149,-0.062311953198739799,0.10661784950997059,-0.99364771210200153,0.036011920253257876,-0.065831060235727268,0.02908452200069634,0.9974068187496169,11.627026147274769,-10.855996237504716,-1.0588994811752386,0.4033174367659013,0.4123583221140998,0.75,True,3
-0.88376181227383044,0.46437403927585275,0.057635152581594178,-0.46698304010486974,-0.88310549641020086,-0.045293735378158034,0.02986468517979949,-0.066943512431913071,0.99730971454327555,3.5778548098641973,8.5366986046417122,-2.1039479450222198,,0.5001615852239134,0.4313725490196079,False,2
-0.040047645110853389,0.99857158640036792,-0.035369096043414885,-0.99493143594215128,-0.036584088879943528,0.093664519509332245,0.092236781682606531,0.038940868951238966,0.99497536895651761,12.438219765463925,20.630578229405977,-2.5946839917652507,0.4321450230314307,0.2594121828376715,0.782608695652174,True,2
0.18937958909564959,-0.9773944974981017,-0.093996635548281554,0.97872010021630929,0.1801958160138328,0.098165336670774775,-0.079008459461886421,-0.11058690768595741,0.99072105013566625,-5.5412545974282663,-15.299912872183715,-1.4525380572469793,,0.6724503639644157,0.5365853658536586,False,1
-0.67285783777515118,-0.70713618081813134,-0.21730336380851495,0.73210445206339536,-0.67869021738317814,-0.058332324635065713,-0.10623276996061304,-0.19833812191891387,0.97435957837965215,7.9658456347361497,-5.5113291007759173,-1.4467803037877343,,0.9073526798390195,0.6037735849056604,False,1
-0.13951409162486267,0.97286468858470243,0.18458091976984028,-0.98676618754999079,-0.15214611268295217,0.056071842341087488,0.082633584855957662,-0.17431539834580667,0.98121650646195147,0.28614799770832972,-13.007548085423647,-1.4492622602445531,,0.4983488640524655,0.2105263157894737,False,1
0.87568686785830996,0.48011780165771761,0.051569428849494975,-0.47360059799501736,0.83311297582230615,0.28570131797956988,0.09420712838880424,-0.27460820462590291,0.95693017034309935,5.7012451424918229,-3.371152561536118,-1.5760702145758674,,0.1702322035107068,0.2608695652173913,False,1
0.97156906194176484,-0.21201640493289697,-0.10536888495627489,0.23420080625335357,0.92586731159191082,0.29651256917008867,0.034692077307044419,-0.31275991649330226,0.94919844838011846,-0.65694290426373603,17.455171696664504,-2.9852069818128899,,0.3424641220819847,0.3333333333333333,False,1
-0.91140328891801858,-0.36578641336325413,-0.18853207883080716,0.39328988014729388,-0.90907998062604234,-0.13746511920731841,-0.12110786565350046,-0.19943392044434569,0.9723985789032461,-6.117414852260123,7.6033820628868218,-2.5355211489907057,,0.2827668241495449,0.1653543307086614,False,2
-0.91089192412114173,-0.35166223606549085,-0.2158925063458747,0.40277019533527136,-0.87147174783586601,-0.27984489002568685,-0.089733340071970813,-0.34186351728331638,0.9354556447155622,-0.28369901022895105,10.56950701980883,-2.4217088441227261,,0.1814223563445125,0.3076923076923077,False,1
-0.86125943599768051,-0.49855018306712512,-0.098386477062110636,0.50165161289077376,-0.86503246806079381,-0.0080304722611415774,-0.081103903660936616,-0.056272054915274719,0.99511587900433474,4.6510468188219063,-19.991359523827466,-1.0401637789989968,0.2527856694605161,0.1466884015343651,0.3846153846153846,True,2
-0.97407869643757605,0.22184226386556263,-0.044234636988161782,-0.22335304939607231,-0.97418832722758386,0.032718777773589419,-0.035834459280809403,0.041750605462962984,0.99848524198984923,1.7908215803978951,-7.7640764862400857,-1.6085072566086853,,0.1165036219605387,0.3478260869565217,False,1
-0.43876264493353534,-0.85439257993729412,-0.27838940489720998,0.89216178755296793,-0.4512127274136119,-0.021317116368359521,-0.10739965661593621,-0.25772154346903925,0.96023170109651923,-5.6195434837068028,6.5010680449674672,-2.4196782990460415,,0.4793941387428927,0.4125,False,1
-0.95797615772790234,0.28229099555564302,-0.050926172574516496,-0.28535743195046159,-0.95593392830586765,0.069003338646403831,-0.029203035039583571,0.080635715051809262,0.99631574523469246,0.25391406631589264,5.7656016293540482,-2.1057171205635865,,0.3906507063158774,0.8805970149253731,False,1
-0.7528231692738413,-0.61867418272212649,-0.22472100800236483,0.64478379130361518,-0.76178007809503978,-0.062809036687818606,-0.13232965758523729,-0.19218056158369548,0.97239677779842004,7.7270775938285272,-4.858215052398096,-1.476811696956855,0.3486470400702464,0.193352677448737,0.3181818181818182,True,2
-0.98494842221794887,-0.11080648082979111,-0.13265944887752845,0.15452339744916241,-0.90838584002792344,-0.38853273385588921,-0.077454019980506161,-0.40318369193567355,0.9118353937778344,-12.636499618246088,-5.9346125314607479,-2.2134974729488794,,0.3177373482886284,0.2727272727272727,False,2
-0.75563364520410226,0.65047790914791326,0.076787264218232801,-0.65478752514417349,-0.75313289881061385,-0.063593503164165011,0.016464845918796919,-0.098332733307284981,0.99501737794331468,1.2635864292988881,-18.775206165704322,-1.0823024297415493,,0.2446319952096062,0.1304347826086956,False,1
0.17817618099225369,0.95895775880022527,0.22057485206583377,-0.9788742821352171,0.1498905708181808,0.13906098142204726,0.10029151659676261,-0.24069240456783997,0.96540601721869945,11.143485050874551,-12.981085331578461,-1.0496940849303591,,0.331621068883652,0.25,False,1
-0.14523077292321349,-0.84476224378775955,-0.51505802980518345,0.98444269081457225,-0.17541433251666655,0.010119310722472283,-0.098896972137126754,-0.50557547746939191,0.8570955754661822,12.839529374493006,-0.40647053583509052,-1.3065227388203384,,0.4677016482066211,0.3846153846153846,False,1
-0.99659396176349624,0.070192069855886927,-0.043284508844237228,-0.064191546746408867,-0.98980450030949596,-0.12714753829065673,-0.051767950537413995,-0.12393596934069108,0.99093892586815879,-8.0922259835908452,-10.616545289055731,-1.8221358078901166,,0.07363759426369136,0.45,False,1
0.86351588468871809,0.46602808433472326,0.19276447157494991,-0.49519926142840848,0.71114425925288816,0.49905063271417749,0.09548826300137743,-0.52639497256619971,0.84486112733751118,2.4829777731054885,5.948747527854187,-1.9952281711665987,,0.6214318569031085,0.4285714285714285,False,1
-0.98469561906004777,0.17418240025379089,0.0059185509863252106,-0.16928983297847339,-0.94786255668465691,-0.26999541863769982,-0.04141847720607493,-0.266865256406776,0.96284341648519145,-1.6448124819287855,-16.371323840295123,-1.4241061401807922,,0.3084197684760486,0.3076923076923077,False,1
0.12667714598997581,-0.96706196424744495,-0.2207805652445608,0.98842090655296011,0.10431869743590477,0.11018947705793154,-0.08352851113756668,-0.23218261492013043,0.96907905825891816,8.4962815399022968,-8.4839186496563084,-1.341003596162224,,0.622980934688095,0.3880597014925373,False,1
-0.63620390973161278,0.77113056115340894,-0.024540637673831994,-0.77076978071692859,-0.6338595940784022,0.064311430775105413,0.034037191067825358,0.059830365618069134,0.99762808549790749,14.287404639255506,-12.326836610383772,-0.94095668840309132,,0.105652755971662,0.6428571428571429,False,1
-0.88146240923167229,-0.45557079216257546,-0.12441573228438274,0.46289423920362932,-0.88566129041790298,-0.036510299469984492,-0.093557171951641038,-0.089773782273324221,0.9915582300564868,-0.56523009626661525,0.98883329794803654,-1.9835352184147197,,0.0918713407270208,0.2396694214876033,False,1
0.97621424436984627,-0.20314349119773323,-0.0757526968061627,0.21365358203656418,0.96076411340496159,0.17687415095520093,0.036849640057333384,-0.18885190064485599,0.98131394754709866,-1.3815472950053689,-17.904198866865688,-1.3291893444822898,,0.127557915812747,0.2173913043478261,False,1
0.77381178654857596,-0.59804595698702823,-0.20870158679313211,0.63327309452752467,0.72344944207295103,0.27492925001147034,-0.013435279901604751,-0.34490859382712735,0.93854011909889057,-6.7585197254771678,-1.6542238424282325,-2.2404584361450199,,0.2371358994853492,0.3490566037735849,False,1
-0.75418709965272435,-0.63874935544002986,-0.15231900617571997,0.64849105562261466,-0.76096435059371148,-0.01981433579403287,-0.10325293940067545,-0.11372122955032696,0.98813274030095943,-7.1619296272873019,-12.979548278958394,-1.6754527519627502,,0.2213123121095362,0.3870967741935484,False,1
0.31114827040935233,0.95023937236205103,-0.015227903146646418,-0.94456181351948176,0.31097727732044389,0.10533809107417634,0.10483193340798544,-0.018392069033657442,0.99431986681077866,1.6636341858366408,17.681538372422576,-2.8571542522464179,,0.0823796275554893,0.4285714285714285,False,1
0.56878365499096073,0.78629262756450691,0.24130697804420786,-0.81538343296563554,0.50058083968723266,0.29080694658690709,0.10786570845407219,-0.36216395013271152,0.9258521815948656,-3.1550877573209974,6.6788167400034073,-2.3377128394483986,,0.2119995615415704,0.2,False,1
-0.9677671339024988,0.24849478872386027,-0.040952588626703562,-0.24966869564970823,-0.9679680397763607,0.026521998116359448,-0.033050218618298544,0.035891697488344781,0.99880902534002403,-0.39918922826675252,-16.088544065970996,-1.3634152296914583,,0.0706040572512586,0.1111111111111111,False,1
