axis_00,axis_01,axis_02,axis_10,axis_11,axis_12,axis_20,axis_21,axis_22,location_x,location_y,location_z,dbh,dbh_approximation,score,reconstructed,number_clusters
-0.14708330344162387,-0.98911787446046029,-0.0035117334064997813,0.98361475488784389,-0.14663733880951721,0.10487852417815481,-0.10425217415298421,0.011971687002339533,0.9944788398426041,4.9152361009629884,-3.9542909143830371,-2.1888396142884718,,0.2038479322112024,0.5949367088607594,False,5
0.81334360990448418,-0.57530484756594658,-0.086582357294457346,0.56018759771859938,0.73425903638348067,0.3834755831229249,-0.15704148365895831,-0.3603997778250223,0.91948353577096065,10.660974595830472,6.8186290287547466,-3.5967869006372384,,0.5257836281766635,0.282051282051282,False,2
0.99622105075896994,-0.059582604513850251,0.063194392662955248,0.034968934917041693,0.9411712098999897,0.3361159431597332,-0.079503406313574818,-0.33263593746727876,0.93969811189009145,-17.255048807999849,14.412378222264639,-3.6599168542129856,,0.1591446468230165,0.5882352941176471,False,2
-0.70031666504993317,-0.71276770167404158,0.038971426759169064,0.71277761052342314,-0.6952723416348513,0.09243618822793867,-0.03878977429503834,0.092512563513806989,0.99495566685267178,-9.7403486292824173,1.3252753481984756,-2.4185033999457319,0.3496808137191747,0.328054235348573,0.9172932330827067,True,5
-0.7294553300039015,-0.68292477928279804,0.038841567558994372,0.68314288611884866,-0.72444702625437829,0.092153693883626167,-0.034795382942397937,0.093756343746590753,0.99498694932806131,-7.2751927333057962,2.1602640136392486,-2.4884174168089115,0.3041634141600793,0.2870938058770983,0.8611111111111112,True,5
0.33515390028704228,-0.94215884626991964,-0.0029277154432845037,0.93298149607519187,0.33145326638842459,0.14030060649099224,-0.13121505669579078,-0.049753799812451573,0.99010462492634699,8.6712104685255049,-5.5736375519014159,-2.1466088808853603,,0.1386736245421235,0.4761904761904762,False,5
0.96490059458481681,-0.25201607705127416,0.073856208117886846,0.22362171158488545,0.93592649538032091,0.27209359667760558,-0.13769594285131528,-0.2460274215464516,0.95943229837726995,10.666820111604221,0.92389480070256091,-2.9526698390006776,,0.258865943597497,0.93125,True,5
-0.26875187631375563,-0.96296232904712997,0.021817007447518993,0.95897470109500282,-0.26538006027943628,0.099704294119335929,-0.090221680529616183,0.047717674316882015,0.994777900800074,-8.7550337991169425,-5.4321708727568954,-1.6384168629527378,0.3175275066823969,0.3114280813064895,0.8764044943820225,True,5
-0.93821435116877239,-0.34348457755050127,0.042097223731645518,0.34570215958493744,-0.93578717667136302,0.069226994992913404,0.015615637011307755,0.07950286134720029,0.9967123190361088,8.6725756617488123,21.246431488012966,-5.0763886405541214,,0.2369928397359993,0.9545454545454546,True,3
-0.95746239629078855,-0.28278294224791017,0.057441859847288244,0.28689052650822611,-0.9542476304804155,0.084292855701683711,0.030977176903862313,0.097186765025528046,0.99478397012363395,2.6846335304901281,12.887956529217117,-3.8787830497923452,0.2063794798117345,0.1188445973883286,0.86,True,5
-0.95632671189045537,-0.29035347268512562,0.033676119498499961,0.29032645114394035,-0.95691010185149883,-0.0057973046080688345,0.033908286464439143,0.0042329510086368764,0.9994159845803966,1.4294282688946121,19.736755219227966,-4.5460139894040541,0.3424045715280241,0.211324959919177,0.625,True,5
-0.2264741251140609,-0.97375131133748427,0.022756412774215147,0.969438766817032,-0.22308540382655428,0.10208516048777735,-0.094328935359691168,0.045180596145612373,0.99451534210681436,4.8194994694740467,18.021576228965294,-4.5199048728963884,0.08142443693778963,0.2109108574825519,0.8,True,5
0.1729021210315638,-0.98403068246461489,0.042290335905627953,0.97697101901204442,0.17679570951693599,0.11946089363038756,-0.1250299346290881,0.020661390675062966,0.99193781175133078,-12.061434404183807,8.5684594067459958,-3.1937976030765953,0.3068289775133778,0.3127201445876837,0.9689922480620154,True,3
-0.22923597427662626,0.97000358818879995,0.080894418832813619,-0.96530541581315554,-0.23722655448491495,0.1091284383147056,0.12504528099547255,-0.05307165673001446,0.99073057737847925,-4.5530594527081547,12.421325566378933,-3.6332343030825833,0.4539138234844254,0.3966982331982934,0.9865771812080537,True,5
-0.55257704651433626,-0.83293287083849232,0.029689060986167564,0.83139431201716563,-0.54834901088784571,0.08998255499720488,-0.058669460633250459,0.074405610911199793,0.99550072800271427,6.7616148856867015,5.6046995038013065,-3.2882065569677477,0.2887163392162197,0.2739663369963826,0.936231884057971,True,5
-0.45000071470338843,-0.89221415665521153,0.038121587459982238,0.89004909654102138,-0.44460678576250889,0.10068471483021693,-0.072883211461565428,0.079238278110771207,0.99418777540718561,-4.3731613489079901,-0.33183295835555415,-2.205539041559796,0.3966306692744671,0.3469437543308865,0.9615384615384616,True,5
-0.90878629647122822,-0.41564116501284998,-0.036740839577636478,0.41690138060252063,-0.90813369752686357,-0.038554199095551897,-0.017340882267667772,-0.050354834553873386,0.9985808352052582,13.613107759820204,-4.1459653863282142,-2.5492663675907159,,0.3484095619546304,0.3333333333333333,True,4
-0.51743525140107949,-0.85541327080119045,0.022997755210291702,0.85303424265726391,-0.51349494477247615,0.093035060849454843,-0.067774194658820244,0.067757492798380725,0.99539719745839506,-8.2246691331792157,9.4743872572734453,-3.2417162057625841,0.3630421012406992,0.3286580125966831,0.8611111111111112,True,5
-0.80881681800919558,-0.58696688176861278,-0.03585016893001778,0.58765122179941987,-0.80447574598729787,-0.08651482899381531,0.021940748007497846,-0.091042044270827988,0.99560531826214105,8.253472121639863,-7.0464129843170102,-1.9650532975047414,0.4108797634037922,0.2138905637109975,0.36,True,3
-0.13677259646155807,0.87246830934181219,0.46913996424457771,-0.9830053188731287,-0.17807886091582845,0.044592178260990246,0.12244917282000178,-0.45506809214573685,0.88199729681362182,10.239761386260499,-2.0416612169399873,-2.5988857849815776,,0.5077476752160487,0.1363636363636364,False,1
-0.79635920718577757,0.59744698450794465,0.094175972693694043,-0.59247086555811901,-0.80188852519395359,0.077156118533003137,0.12161532220593267,0.0056474653278635462,0.99256124221133957,-16.007007940853935,9.0369893356256021,-3.2168168548518943,,0.2138642551887281,0.5714285714285714,False,1
0.92221214432244847,-0.38462208621917149,-0.039882473050263573,0.36541313775454609,0.83309768071825041,0.41523667123491226,-0.12648319896559337,-0.3975098805995716,0.90883876194028268,13.516798174360709,3.3236440476322016,-3.3494707339749485,,0.4968195425437847,0.1111111111111111,False,4
-0.98963385908330093,-0.13254238973123558,0.055293217307627346,0.13568943213901155,-0.98907132811371656,0.057673962142057479,0.047044691110558173,0.06457881098087942,0.99680307694680104,6.1088068260986308,8.3688024397050302,-3.5593228594778119,0.3658576514898398,0.1970504112494278,0.4242424242424243,True,4
-0.73908586822999833,-0.67259518783145067,0.036983681383631964,0.67348710000946543,-0.73678115113226139,0.059738274640810725,-0.01293079670982171,0.06905974690220204,0.99752871931301001,1.1901198411293801,-21.778202986892385,-0.19694436949304459,0.1632088640377963,0.2839811078241911,0.7741935483870968,True,5
-0.9610439506595404,0.25265125046935966,0.11207975078920909,-0.25120113719933135,-0.96755513540621885,0.027111780074636369,0.11529316358945568,-0.00209894862292586,0.99332929124445546,-11.662068710704792,13.443492861339793,-3.6387288047082493,,0.2817186742210472,0.8,True,3
-0.7580709529007762,0.63048277507334227,0.1667929875741978,-0.64016887740507789,-0.76821317789173538,-0.005685219028607677,0.12454813836437494,-0.11108547902087952,0.98597554613726091,-10.356158548035289,-1.0190205758262774,-2.2618073087285815,,0.2871182964182524,0.16,False,1
0.29744744675900936,0.94796699629600101,0.11350590447233913,-0.95136387811153078,0.28430752636176382,0.11864232751696704,0.08019842792184026,-0.14327527486482955,0.98642810572857886,2.5976586985777983,-16.639362288294066,-0.73450258349213149,1.00161470230107,0.3673396691434846,0.6666666666666666,True,5
-0.1068301255765772,-0.99392779520237939,0.026360238872780366,0.98835988871856839,-0.10326884233012072,0.11171515821953605,-0.10831460954789095,0.037987947140296324,0.99339058845479,4.5018392538613989,-8.0357658850588383,-1.6499724922174668,0.2613829114871553,0.2509289262910872,0.44,True,5
-0.05491834777404099,-0.99557848663941262,-0.076206640252324209,0.99284267238424717,-0.062554863744036737,0.10173650728658096,-0.10605377395772879,-0.070074003473061822,0.99188821500539115,12.117622998682501,9.5137316993773418,-3.9668984904437607,0.3038641517071965,0.3040461601481136,0.5263157894736842,True,5
-0.84571754609450633,-0.53069261753200136,-0.055921175997287166,0.53284791100035811,-0.8455014986028988,-0.034645628913427623,-0.028895258615233448,-0.059097898078402752,0.99783390525291027,3.2318111747653355,15.528041200629204,-4.1849458643653987,0.6893075903970742,0.2156125147126677,0.72,True,5
-0.29934931336951365,-0.95377484915689337,-0.026524058907837315,0.94950900152454365,-0.30051675437670283,0.090124005474441687,-0.093928933822680361,0.0017937264669256395,0.99557728878088458,9.8214165750104261,-5.2585602556690318,-2.227112232072662,,0.1566493862013938,0.3333333333333333,True,5
-0.97592051064059437,-0.2101636272487771,0.058398687422228028,0.21425628181637363,-0.9738199947058338,0.075953035576946965,0.040907244018935154,0.086636410895000515,0.99539978385270322,8.0495653312050823,3.1364245199953902,-3.075873443396858,0.1621157179501245,0.1238720985762069,0.5943396226415094,True,2
-0.61383611075503808,-0.78894904537098043,0.027651997058958731,0.78797625868355314,-0.61019971928498962,0.082156669452889991,-0.047944185092670753,0.072219847637196119,0.99623573953309918,0.65226803298500902,-24.233228006190206,0.018575195018076144,0.5264554587072643,0.4315809151773767,1.0,True,5
-0.84784550573139505,-0.52798916245510807,0.04884099447215047,0.53022519750075314,-0.84345031617656252,0.086329624561587701,-0.00438615393742358,0.099090910136149984,0.99506871781903916,-3.9894917050468761,-7.2146787515630297,-1.3844477955237653,0.4888766200999646,0.4520094190155152,0.9372822299651568,True,5
-0.72717054921539526,-0.68618402991131955,0.019351213099977616,0.68571615545872844,-0.72478806756296599,0.066900009426319643,-0.03188018972152535,0.061917156047431268,0.99757201208249446,6.0160955825481022,15.900774202791247,-4.3554241916370469,0.112043365916921,0.1733699992907065,0.7333333333333333,True,5
-0.82694825663803329,-0.56197608787402509,0.018424372475663031,0.56219929616763553,-0.8258401313832695,0.043818133067011572,-0.009409156812986777,0.04659349798704672,0.99886961797493778,4.3616474540479073,21.069468519158502,-4.8233317419450827,,0.1038950146522737,0.2666666666666667,False,1
-0.61921010569636792,-0.78471355003859233,0.028345888402410417,0.78384504515132214,-0.61557926445427014,0.08154210179815731,-0.046538051046581687,0.072710477647782754,0.99626672946807582,5.5970571340811306,12.492908079987933,-3.9727041482805467,0.1032673183909503,0.1833454054023301,0.5689655172413793,True,5
0.016560807056309343,-0.99893154215154123,0.043145263522066657,0.99284039609350772,0.021534441839704897,0.11749134308339697,-0.11829491770372819,0.04089060906121663,0.99213621571640653,-11.035672942005494,6.0053577987876574,-2.911147711746132,0.3141418683883497,0.3088043956533746,0.8076923076923077,True,5
0.66090267407145931,-0.74949222114894032,0.038328394727955462,0.73986925600603126,0.65926991134114077,0.13400249257877928,-0.12570258319651112,-0.060204604786278204,0.99023949938398836,5.3091361745874606,10.961657429903024,-3.7616876322585693,0.2488073048462231,0.2177966260991024,0.7265625,True,5
-0.95397566866252792,-0.29531484317196421,0.052149467899504094,0.29851236616090171,-0.95175694263055388,0.071056944794727739,0.0286494476195083,0.083353857480379642,0.99610809834788427,3.796169073981583,6.2126827578989241,-3.2311151869310186,0.1590959879665383,0.1789125964142702,0.7788461538461539,True,5
0.98246220695225506,-0.18509153601691228,0.022564024583529976,0.16566316586594229,0.92199959171609547,0.34996066686218907,-0.085578778828512059,-0.34008510136472442,0.93649260351802421,-5.7953347351789839,-12.939724685036383,-0.75786284426236095,,0.3793177273650437,0.4761904761904762,False,4
0.92595331776692991,0.36819252745596376,0.083932806708720026,-0.37718190006140623,0.91262321108901667,0.15764735598048821,-0.018554449129019837,-0.17763202781919915,0.9839220472732364,-9.3311053831201516,30.98340592364724,-5.4888290770131718,,0.4130824333352344,0.8863636363636364,True,4
0.28526607544029031,0.95529095262535346,0.077733274953777853,-0.95413800871634691,0.27536454464828292,0.11745223656213984,0.090796071091758121,-0.10767341075116404,0.99003157024991484,-5.7472068701913788,-15.480755052824769,-0.54391484926238975,0.3767351177067423,0.3553498179037,0.9734513274336283,True,5
0.40557989975362169,-0.913986737161532,-0.011540762914948655,0.90549086454976513,0.40002107041472829,0.14166664194924147,-0.12486488350517784,-0.067907197829626315,0.98984714645755634,-6.3002319261651909,-17.983608539381528,-0.30393207204836531,,0.1479366081733636,0.1538461538461539,False,4
-0.31010431349116546,0.94363127967533167,0.11573816471876636,-0.94169281455671561,-0.32160129529109427,0.098930530572422751,0.13057548685118417,-0.07831101381916597,0.98834074455533283,8.9315498482910023,-0.023240165006600977,-2.7678095177841606,,0.1238183231859637,0.379746835443038,False,5
-0.97076013821985707,-0.23543085093048816,0.046872897003595433,0.23707713161956839,-0.97092025444259222,0.033291037475112931,0.037672107804067718,0.043430104113134971,0.99834595123650405,8.536606423369923,19.884780687961406,-4.9073828838479114,,0.2370732189972069,0.9298245614035088,False,2
0.54551094430173586,-0.82653253310129293,-0.13878681987922931,0.82790433113589579,0.505676471236994,0.24262259771861261,-0.13035424094924786,-0.24725549167301186,0.96014191331494525,-14.060376516998828,-3.0082677736733339,-1.9710085349610664,,0.4633498710409837,0.4680851063829787,False,4
-0.6815230829564114,-0.73169927996022066,-0.011935288152559245,0.73022198311686726,-0.68103551702385923,0.054465401172817479,-0.047980649958701993,0.028404018337923255,0.99844432442264963,-1.0460303995199898,-26.016656451521598,0.25369770159353139,,0.2691400549600016,0.9090909090909091,False,5
0.98885980943909946,0.13171591652082812,0.06933393549442593,-0.14081047206060041,0.97878245320907875,0.14885335148422923,-0.048256483855932064,-0.15695804096985563,0.98642561054585687,-6.4183807543335751,12.929545446459908,-3.6585960576979701,0.4756207765351384,0.4062595166883294,0.9791666666666666,True,5
0.92248530130742878,0.30946117162404962,0.23076969499657488,-0.38564270806693751,0.76560804335716448,0.51490195732936639,-0.017336971665795127,-0.56398413736902575,0.82560361082639078,-6.793436052257289,10.886200331989237,-3.401585914471986,,0.5866470207127799,0.2413793103448276,False,1
0.53355187337345822,-0.84562099357069109,0.015733202223031213,0.83538776790795444,0.52981815303093638,0.14635573766905377,-0.13209722044554528,-0.064945053325135491,0.98910690241204779,4.7278917511209855,-6.919949857748299,-1.7792073501197481,,0.1373907072643414,0.6904761904761905,False,2
-0.065919227157314381,-0.99763360260409728,0.019540993990912747,0.9891252296164279,-0.062751581712099491,0.13301698812136425,-0.13147598878590658,0.028096867223948829,0.99092110201820227,-8.0006751288109736,14.399151180563257,-3.7650998410948153,,0.139136098731699,0.5961538461538461,False,2
-0.74570941285981651,-0.66520816174169395,0.037624102972746702,0.66577734920480336,-0.74179343841900769,0.080517178318236918,-0.025651371466117949,0.085091693312225478,0.99604287602048791,3.4381007667786294,8.3375839508672946,-3.4120473293344031,0.1372100153429986,0.1234481850054273,0.6146788990825688,True,5
-0.072817106139007631,0.9932168545680008,0.090652903183448513,-0.99022081999851974,-0.082842640528166672,0.11224894009201251,0.11899746507804171,-0.081592749140889625,0.98953636951485147,8.0168014618562875,10.770392419896,-3.8839335417194114,,0.1182755894483087,0.3829787234042553,False,1
-0.87142825015573455,-0.47414606187912028,-0.12569135545070642,0.4905195748421744,-0.84137196560223926,-0.22690033537938262,0.0018307176644152545,-0.25938143245642187,0.96577322440088775,-6.6583145327652105,-5.1723790851214364,-1.6496232016385186,,0.454850349479303,0.1785714285714286,False,1
0.99650962665781573,-0.057268440778404144,0.060736230284006203,0.046364927856423439,0.98473177777502774,0.1677904028986846,-0.069417990774510774,-0.16438872081394354,0.98394994335382013,-5.9795660154086931,-9.3293271081783686,-1.1642578610833676,,0.2846479008109934,0.2352941176470588,False,3
-0.99572354865119594,0.03022604327383073,0.087298344597576849,-0.029018653938186707,-0.99946530859498428,0.015067004969402595,0.087707082867260644,0.012469291204425118,0.99606826291764461,10.738772834378128,16.383109719602853,-4.6562882637979017,,0.1535552859490184,0.25,False,2
0.72408033857019671,-0.68957912595345927,-0.013721965796918228,0.67776195553315688,0.70770226933647162,0.19948992357479844,-0.12785302080099548,-0.15374695777566116,0.9798037956891108,4.8904752047800821,-19.499765415293226,-0.55564961033288329,,0.1876300870724641,0.3157894736842105,False,5
0.97442101386007884,-0.21996932484268716,0.0460128664196163,0.20700057578981851,0.95824133942671774,0.1972924150502865,-0.08748971008399048,-0.18272118525760297,0.97926427438535546,-9.5055586285935423,15.211217543460252,-3.8298428295792744,,0.3640458280294104,1.0,True,3
0.32719076196358077,0.82791074354720395,0.45553266184194263,-0.94142399985640979,0.24393655927204055,0.23284288167104344,0.081652053128189808,-0.50503342044822397,0.85922883241329673,3.4844280986583818,0.063861851488205945,-2.5524305040136928,,0.6517758038790812,0.4347826086956522,False,3
-0.34851923351540526,-0.93715183512204803,0.016756544906762198,0.93326469217950214,-0.34530526897132541,0.098900381959526648,-0.086898551201582283,0.050106977039316491,0.99495624660135062,-15.256201148411453,-0.14759106305565245,-2.3567701424073069,0.4451837758247068,0.4419797526498379,0.952054794520548,True,5
-0.26631088270507136,0.88225967285302054,0.38819632070658094,-0.95535870379092269,-0.2950578377457384,0.01518616066481783,0.12793850414857055,-0.36682249391509586,0.92145157068298256,11.373916178241373,-1.1318016480677497,-2.7496201962615636,,0.1451750775709961,0.7,False,1
0.59368418818702073,-0.79691998607944603,-0.11161371100296411,0.79188824470678787,0.5539360527268028,0.25703668490052278,-0.14301081284965961,-0.24098420130079792,0.95993464471884515,-6.758844151437132,15.268106909547765,-3.8609153662289666,,0.2247447130322873,0.2592592592592592,False,2
-0.89140349977978661,-0.452505431237477,0.025271234258164493,0.45316536339665542,-0.89071526060264494,0.035601656522382924,0.0063995310705820749,0.043187489278093183,0.99904648879415481,6.7430268867718421,19.003671252701039,-4.7218902880394626,0.2346987769792288,0.2133632719469712,0.2790697674418605,True,5
-0.4519466361958287,-0.8920158332777921,0.0072104932564722446,0.88947582494612076,-0.45001724706349333,0.079481030326820301,-0.06765349117150854,0.042334743735154168,0.99681030021021844,-10.4531296177359,-2.9437582098036943,-1.9460878322091137,0.1744396067592877,0.1631514416242477,0.4210526315789473,True,5
0.41660530252475525,0.82784121668803845,0.37565801184152314,-0.90586321321135843,0.34325537160537672,0.2481684686144639,0.076497456550205928,-0.44368307361958653,0.89291291250873206,2.5283657083264508,-14.305468735522382,-0.9860557775723392,,0.3411910303039226,0.8666666666666667,False,1
-0.63176965843251376,-0.77491860707756555,0.019189869437524425,0.77384794540483182,-0.62907244251517569,0.073669664453629713,-0.045016175723667624,0.061392299785522859,0.99709805408006835,8.4224277139786992,14.190572035252137,-4.2865661545586242,,0.1482405297461337,0.7407407407407407,True,5
-0.068702595439326955,-0.9975104434521378,-0.015901842151734097,0.99158863586327728,-0.070029932680806845,0.10884753444853536,-0.10969015729181716,-0.008289977843165236,0.99393125801569127,7.6409943862667831,-0.33026567878403801,-2.6843428401413369,0.1854388553711259,0.1627502428019256,0.734375,True,5
-0.90158976867698337,-0.42981514189410341,0.048937029083673894,0.4324268684521313,-0.89858613941900589,0.074498009938061938,0.011953763326577702,0.088328329784956819,0.99601968539770003,-4.9171976480693047,8.5075108861520583,-3.1687627344793157,0.4545498033413549,0.4236833950166686,0.9520958083832335,True,5
-0.68881435456563089,0.72043605265866861,0.080663988085940885,-0.71342872886611997,-0.69341773453843947,0.10095194032830601,0.12866325727574709,0.011989139133965508,0.99161586653805645,8.4908558313946347,4.7492783879541953,-3.2819653118112986,0.358493592294192,0.2993913328266112,0.896551724137931,True,5
0.34907876588629749,-0.93709338246398965,8.8031238126562439e-05,0.92797881023062989,0.34569654335786465,0.13910150133398752,-0.13038152848561335,-0.048475689294979675,0.99027812486045186,-12.274537281189238,4.0229252180160167,-2.777560112947588,0.2051378598750075,0.242405227765936,0.8285714285714286,True,5
-0.8614268889166603,0.50085602777039451,0.084184051324610557,-0.4948992367660241,-0.86503355022763695,0.082411785740731575,0.1140984684374412,0.029329105452283226,0.99303642585435814,7.3219885744730453,7.12968486326925,-3.4635811495389404,0.406553738714072,0.1474791000996383,0.55,True,5
0.70591116897206219,-0.70786343775387539,0.024875188677905377,0.69623591243471838,0.6999136962682071,0.1592996296680266,-0.13017286874265044,-0.095132388109626043,0.98691684197599316,1.9348979150836296,-19.263785731223734,-0.45020770386052117,0.2622452338391122,0.3089208488772243,0.6530612244897959,True,5
0.97680905141581298,0.20121513530717514,0.073188430748678285,-0.21184758769773035,0.95784585454089144,0.19404102279023749,-0.031059244337094324,-0.20504581990897597,0.97825944159975464,1.1150841591732301,21.248889637748942,-4.686192416956775,,0.157278025549967,0.4782608695652174,False,4
-0.83844143547154526,-0.54346475662319993,0.040767849991165617,0.54498552956032442,-0.83643895595106477,0.057971075005961957,0.0025945817136798152,0.070823239660298576,0.99748550709759809,7.9284174978568815,17.957650545303853,-4.6721339603368985,0.2422141626477504,0.1924005172281559,0.6216216216216216,True,2
0.1556325107889924,-0.98781288745296902,-0.002054499292114223,0.98070284958504461,0.15426250753085546,0.12010411977141132,-0.11832346513387321,-0.02070695902637347,0.99275917494959076,4.4348965471762121,-22.649738541760378,-0.20017462168599828,0.4126339324504129,0.2634491455354812,1.0,True,5
0.51088925378564065,-0.8594108271447487,-0.020129593953409276,0.84953439993850655,0.5011601065524629,0.16471141709500509,-0.1314666257552537,-0.10125007548985793,0.9861363742027901,-25.013734576569462,-2.171818208721283,-2.0307429276246722,0.5732997467426233,0.4731282461024378,0.5833333333333334,True,5
-0.49441082588748453,-0.86901824877730183,0.01911069170090194,0.86691163053816933,-0.49136977455690611,0.083785258187512562,-0.06342050207076752,0.057991619600825398,0.99630056306978221,7.2051388059893613,-6.3376466952441604,-1.9949708294353841,0.3252678691093945,0.2509086257336625,0.5636363636363636,True,5
-0.084994749380871967,0.94996197716703157,0.30057966417338611,-0.989475562498079,-0.11592942914534607,0.086593756571378092,0.11710680508318758,-0.29005621764571254,0.94981755448521266,11.030191851832077,2.1592877740093592,-3.1238888457541472,,0.2204612631804524,0.2093023255813954,False,3
-0.095710470124403077,-0.99539940929103787,-0.0044183584758118941,0.98988178657477122,-0.095645182864345049,0.10481434826581353,-0.10475473505339507,0.0056581779665394877,0.99448199104156432,4.4106807983338534,3.6387355327970656,-2.9820983577799982,0.3011817158495599,0.2888888438718594,0.8788659793814433,True,5
-0.87530581529844798,-0.48052755080703802,-0.054157202846061667,0.4819135795352702,-0.87608127682930503,-0.015520897159587085,-0.039987892720457087,-0.039684623023598972,0.99841178835751576,7.6821822006970573,8.9023109706155203,-3.6821027841524994,0.4625834411774763,0.2151725654863184,0.3488372093023256,True,5
0.40078916763059336,-0.91617022271996096,0.00040756745846252246,0.90625936104606908,0.39651872656522341,0.14651576706779446,-0.13439499107610614,-0.058352570503369824,0.98920825102164534,8.8163781153203367,23.091186576981166,-5.2937686087277749,,0.3502046419515437,0.7419354838709677,False,2
-0.99646414882835721,-0.051431539620196212,0.06643791712624221,0.057717654005434833,-0.99366292401763712,0.096450328401867694,0.061056306110721721,0.099943935108716853,0.99311798761229664,-3.4409538741550687,3.3623123852729293,-2.6260559874634009,0.4560173169427648,0.3859791547383787,0.9967186218211649,True,5
-0.22176567975337622,0.92109082368788331,0.32001824604465717,-0.96711946127999371,-0.24967061195495122,0.048420379382383007,0.12449871845531874,-0.29875789536682695,0.94617323416960286,6.0763368366352104,3.7004778545298032,-3.0495568305956287,0.5783886047554614,0.4706042218379678,0.1610169491525424,True,3
-0.45967828643680764,-0.8864385186247955,-0.05406131404987459,0.88802935598725097,-0.45811223614258084,-0.039205127232462833,0.009986785438246621,-0.066029779605290079,0.9977676745224251,2.6761617971814915,11.763682860525519,-3.7565385513556886,,0.3005279698191128,0.7024793388429752,False,3
-0.98971102446263182,-0.13208091685823584,0.055015629224946072,0.13520742171351496,-0.98914085663106854,0.057613530153434435,0.046808558733555147,0.064459267332515932,0.9968219307801387,-7.18376638037505,5.1539601139833167,-2.7899425100082502,0.2515488427753723,0.2130097237778821,0.6538461538461539,True,5
0.15671167582486586,-0.98707148170923154,0.033635407779679098,0.97999374733225508,0.15963827827159996,0.1188607391032219,-0.12269354445058274,0.014335623698408149,0.9923410623587694,4.8033001903806785,9.2624398216123502,-3.5868155149079333,0.2804309136098577,0.2008340017518291,0.7399103139013453,True,5
0.87342986629595398,0.46534734827054552,0.1434298229790491,-0.48608485632200771,0.85074863986479177,0.199870618707747,-0.029013464402630591,-0.24429203266945945,0.96926756969248629,-16.173662350644459,5.5841013933013635,-2.8967537246767598,,0.389359495478752,0.975,False,2
-0.97514049487011067,0.20886419298275852,0.074005163023521281,-0.20231580884537811,-0.97543725432949824,0.087123339911710312,0.090384339106492406,0.06998508238040424,0.99344489504375211,-3.3875790261787682,6.5692010236380689,-3.0008072915353652,0.3648011860849414,0.3523891330072014,0.9963724304715841,True,5
0.3835807322380359,-0.9222699062868327,-0.047791650038563248,0.91380471326093426,0.37156032199587902,0.16402400172053994,-0.13351691981855074,-0.10658868174433375,0.98529796764540789,4.8950066050233607,-5.5229781843312624,-1.9627321400225204,,0.1686220531436451,0.5625,False,5
0.99558374875811539,-0.078850352938495349,0.050947237905618538,0.066096578523066982,0.97414364631683681,0.21604489961135565,-0.066665144688067862,-0.21172335294438224,0.97505332177358717,9.3610378978916664,-4.2399899259217069,-2.3220753205237119,0.3921806328016162,0.209943229971851,0.3333333333333333,True,5
-0.76899496249578092,-0.63777961363107127,0.043404056178121556,0.63889349005828044,-0.76450402152394492,0.085724613938267066,-0.021490835657595526,0.093652365214748762,0.99537298460045687,8.406289665886419,12.587658251982464,-4.1211784070196886,0.2291680724101307,0.252875010001095,0.925531914893617,True,5
-0.44390348652089212,-0.89602333801493339,-0.0095850084596829574,0.89263172664804014,-0.44310940559912465,0.082841144674179315,-0.078474806377168888,0.028217590296946989,0.99651666938486239,7.5112498878501279,-1.9065161734974565,-2.4839005473239553,,0.3327162145339926,0.5714285714285714,False,5
-0.90293714324779595,-0.42697079624249018,0.048994433352807835,0.42961852505051668,-0.89978156482766281,0.076295861812426979,0.011508183041975116,0.089939283699260589,0.99588075941386467,3.0314681415461711,10.544032706547243,-3.6217911447455386,,0.1142027855940674,0.6730769230769231,False,3
-0.1410220200095183,-0.98444451828329449,-0.10479398978189111,0.98769090436202756,-0.14713724628629704,0.053078321335603196,-0.067671761562375615,-0.096018858445920105,0.99307648824739925,0.36648000570029932,-30.408243517120013,0.66299203580181165,,0.2282907534951898,0.1666666666666667,False,2
-0.64913064742266602,-0.75488572597652359,-0.0936853419352702,0.75969687569991917,-0.64960858581580727,-0.029484611005904382,-0.038601290501913618,-0.090311826198371525,0.99516516941676703,0.23260364077954868,24.727328096647721,-5.1143204829400304,,0.1938784281394382,0.2352941176470588,False,2
-0.96883642307184559,-0.24127540022259572,0.056055031681182213,0.2427152564626254,-0.96988349595816514,0.020379120399327988,0.049449869662458387,0.033349445503554148,0.99821967766367525,1.757160959157593,17.653746398576921,-4.337353536594196,,0.1742201514937615,0.2,False,4
0.87238815004262082,0.44503259605522461,0.20220015853990123,-0.4883546116629971,0.7755802433488953,0.39998132380694029,0.021182278741846229,-0.44768434702948479,0.89394073432867294,-6.218454257686667,22.181373218746128,-4.6172004073554964,,0.3963292839037409,0.3548387096774194,False,3
-0.90415595007315164,0.41598042822591996,0.097274360857816516,-0.41327765682071116,-0.90936964198889947,0.047417640196061747,0.10818316098219199,0.0026716215976463932,0.99412738928063937,-4.1479555894319482,-2.672127594206104,-1.9722389768930662,,0.1412118635662894,0.1460674157303371,False,1
0.7335263433921605,-0.67883017187194117,-0.033596150166891207,0.66903812027009002,0.71247355902579568,0.21158785720021825,-0.1196958527902699,-0.17768237235422732,0.97678138668761649,-1.6384802380530183,-29.266052732580036,0.63273896895176218,0.4657215015859526,0.2844425672283495,0.4137931034482759,True,4
0.85739985562448295,-0.51229203398950129,-0.049217471349265594,0.5015852466335663,0.81039089352779192,0.30278513841794108,-0.11522902383800991,-0.2842946914701836,0.95178716132715957,-12.899941071071339,12.295212456365114,-3.5374823582706081,,0.3956504946985407,0.3888888888888889,False,1
-0.092757338619727542,0.9550984689637424,0.28139472403600463,-0.98830241808653718,-0.12267591658671967,0.090603255426669208,0.12105538623492665,-0.26969896935791615,0.95530521792293632,4.1708137536554082,27.283265014745272,-5.5543325277508568,,0.198453240953396,0.25,False,3
-0.14359741592560626,0.95205932873164123,0.27011630220063665,-0.98054038701476309,-0.17379620442959881,0.091298569314113814,0.13386684269238355,-0.25174970486759735,0.95848930850930736,-7.7711052119673685,-1.4557162951579259,-2.0735480151799197,,0.23108958242523,0.2325581395348837,False,4
-0.26630327141647153,-0.96357511272007057,0.024608327439890967,0.9593185509908112,-0.26247074872098952,0.10400492195436989,-0.093757588267704653,0.051304075981807119,0.99427229994095545,5.8522617750248198,-1.0229513349616344,-2.5406382077989171,0.1991212593361585,0.1044460319161555,0.3333333333333333,True,4
-0.9953124226482335,-0.08159286013231748,0.051920963950325145,0.077602307289361086,-0.9941805291283432,-0.074719190342601077,0.057715363859811783,-0.070339751758975763,0.99585202520104055,-6.87649303690573,9.0992533921041172,-3.1941830511804996,,0.08523719285121717,0.2692307692307692,False,1
-0.4676302221899441,0.86372016686600617,0.18790808562577205,-0.88078833127068556,-0.47321127679584524,-0.01682269332322972,0.074390125634959017,-0.17337404898716799,0.98204253896957561,-8.2416911795515233,-10.369220797327479,-1.0786051638509617,,0.234219243233736,0.1818181818181818,False,3
-0.99485603055471561,-0.099198434627528601,0.020521916001302279,0.094565592955462283,-0.9820974034974933,-0.1629172755494806,0.036315659127962828,-0.16013856690669959,0.98642628325241388,-5.1673951509964828,36.585151365464213,-6.2128379024700457,,0.3834751848325698,0.15,False,3
-0.87407175683586724,-0.48468747138326662,0.032811872637159983,0.48577740014013215,-0.87264498737362461,0.05011031355700974,0.0043452750149897898,0.059739275989780363,0.9982045569367346,-8.932358313445647,-20.681833993181545,-0.020005409095122172,0.570792741990109,0.4622985391226296,0.975,True,2
-0.98971102106394804,-0.12740019776645897,0.065125144096757737,0.13373179408913194,-0.98549602138340486,0.10446721537008972,0.050871426501115029,0.11210165675201159,0.99239373059244729,0.87260445488476801,22.410343668924856,-4.8327533267403222,,0.1022186697251882,0.4117647058823529,False,1
-0.77182223879899892,-0.62297273462394243,-0.127261163009256,0.63547321910992871,-0.76255291368723543,-0.12118928014132507,-0.02154575339518601,-0.1744076424422818,0.9844377861339737,9.0865231586324313,16.17299825608341,-4.5489592278910482,,0.3520958400729872,0.2380952380952381,False,1
-0.39603705974824044,0.8899395521723692,0.22619071772557775,-0.91088754854553533,-0.41186100677536075,0.025580949995874985,0.11592463590917063,-0.19590330415087365,0.97374707918026471,-7.1498004766269245,-6.5263946243051381,-1.4968063461667254,,0.2074121001837561,0.2142857142857143,False,2
0.7684636988779574,-0.63899085725266147,0.033973929038556477,0.62717106141753531,0.76265731039207074,0.15814640883034592,-0.12696457469392919,-0.1002223091583978,0.98683103189945753,7.0550082994176408,20.768176134235961,-4.9421600115279682,,0.1763296488445502,0.7352941176470589,False,3
-0.46611529834357279,0.8070901546508028,0.36241138353509694,-0.87481575668025646,-0.48158611279723368,-0.052651759940178636,0.13203757235737917,-0.34158497950962552,0.93052983899463226,13.851177650145599,5.7920955732598305,-3.640509570756294,,0.7274888473986441,0.4358974358974359,False,1
-0.18804289095732038,0.97683407139102052,0.10215218123003145,-0.97438976543963984,-0.19860101334779201,0.10546194813159485,0.12330635087818613,-0.079704670295221949,0.98916263039311825,9.8736984960916967,-6.937628232802953,-2.0602189192135021,,0.2015685678726357,0.5531914893617021,False,3
0.89476976712056888,-0.43476863970508695,-0.10180026412534973,0.43281594644094246,0.78839023111010809,0.43716266994859232,-0.1098062855825388,-0.43522071804905915,0.8936025437673214,15.505010958873397,2.2605469985968698,-3.3397349418469671,,0.2711435886431916,0.2173913043478261,False,1
-0.090042214159982911,0.98744124683905454,0.12981596092199796,-0.98868529467590205,-0.10432577641850771,0.10778460217629028,0.11997411287770963,-0.11864196734549481,0.98566236400889207,-11.650134365942414,12.026616053979723,-3.5090493953560244,,0.3886303485088253,0.3333333333333333,False,1
0.77524463895316476,-0.6187178648293532,-0.12721616845111611,0.61950678387005909,0.70542927233803654,0.34435575567660237,-0.12331704875382203,-0.34577123285437467,0.93018017610407744,-11.085192333710202,-37.862511944975807,1.7267402555517724,,0.3394549675733359,0.25,False,1
-0.74951792428298136,-0.66198371275246115,-0.00066725482235924227,0.66147185675393216,-0.74897726770124584,0.038575059161089831,-0.026035819576815181,0.028471327985239256,0.99925548263780894,4.0073717345530477,-12.580831807519941,-1.2110333484608098,,0.2429314290519737,0.3333333333333333,False,1
-0.314855268891227,-0.94723512835770129,-0.060098013749226291,0.94104604358465205,-0.31979531476008705,0.11028735426679777,-0.12368711939853136,-0.021830443483030731,0.99208110970435648,0.629430748142633,23.475602708069019,-4.9663804252346013,,0.31317010786828,0.7692307692307693,False,2
0.99279860359648375,0.075910263288364518,0.092674509032216107,-0.09642398365394883,0.96542874115737753,0.24217712758141202,-0.071086905075225623,-0.24936915942989357,0.96579587607944006,2.9054112030153991,23.271938491608889,-5.0251901580809601,,0.1794701499822244,0.2941176470588235,False,2
0.67257813588764337,0.7278913336356605,0.133464817626229,-0.73893796676656143,0.65079982231118594,0.17444274863298154,0.040116485349586548,-0.21594859966628299,0.97558027342980247,15.47333635957677,9.6540599937849052,-4.1388446779272297,,0.2165208843526177,0.3333333333333333,False,1
0.98552776196577707,0.096026812865744701,0.13969209571615959,-0.14135570516883869,0.92038098925158374,0.36457838559148742,-0.093560648837776872,-0.37904839510954558,0.92063495434071518,13.644713411816472,8.9860108239418999,-3.9761557032847601,,0.3345287828318316,0.3,False,2
-0.81644529485817618,-0.57550958192520107,-0.046965962315544556,0.57698580822219148,-0.81628808331610159,-0.027588804727805061,-0.022460133884937006,-0.049623443536344979,0.99851542613895794,-12.136965805806778,-8.0952096638628355,-1.3476776278037448,,0.2379334823209001,0.3043478260869565,False,2
0.23889646359098962,-0.95121195403453551,-0.19525444472666895,0.96257275820450938,0.20547156718635257,0.17673460397032348,-0.12799283123004146,-0.23016788129490393,0.96469714500144188,10.140051784554108,10.714599029173176,-3.9853211256592669,,0.4572589426674038,0.1739130434782609,False,2
0.62288640691480868,-0.78226640929573665,-0.0084728370877121054,0.77669974479620252,0.61708634690876962,0.12626142281910102,-0.093541597774859542,-0.085227374395467043,0.99196081784482881,9.5993663898592754,12.014405996222663,-4.1181309913282558,,0.1574229566949434,0.3333333333333333,False,2
-0.81941373570147691,0.54721178179998198,0.17064699119245647,-0.56061026593892072,-0.82713318940658831,-0.039583035583149018,0.11948748665714751,-0.12810133817167238,0.98453683917412849,13.908832760405305,7.6567411981588167,-3.8434148757044291,,0.4696040538116336,0.25,False,1
-0.64097174496399356,0.74244964402269464,0.19474020706671508,-0.76464178187921872,-0.63975778705523212,-0.077671869468714211,0.066919112086055305,-0.1986919726429984,0.97777468388419997,2.7089899160572517,-0.28070200471009488,-2.4567018530910598,,0.3376658746398909,0.2331491712707182,False,2
0.99397785120875004,-0.093060942837734639,0.057859244936202869,0.078012406314566879,0.9717458807137026,0.22276446704302105,-0.07695515426172933,-0.21690920735206748,0.97315379051743456,-5.2607840106473205,-35.663659309292399,1.3624075961127702,,0.3832914129488475,0.64,False,2
-0.97656031873269022,0.15865965244780111,0.14545466153358055,-0.19711001635279291,-0.93067830550136299,-0.30819723088066964,0.086473032386445325,-0.32964375673483332,0.94013690934652594,-11.177481388280574,-4.2870189786689323,-1.8245702649662041,,0.6300920991866947,0.2692307692307692,False,2
-0.98346236205301907,-0.17797687764440673,0.033556123867982707,0.17685432871101855,-0.98365273448500079,-0.033909354997623029,0.039042654126871329,-0.027414028600840842,0.99886142291841507,-13.134983986492436,1.4250186761956207,-2.5192751338090238,,0.188538984564709,0.4,False,2
-0.98425631076508457,0.14302889628695897,0.10383761142302861,-0.1555914508871766,-0.979864498677951,-0.12512739364915759,0.08384995605203896,-0.13931367146673818,0.98669189001051849,-12.744347524741466,2.6077512086681791,-2.633054734399316,,0.5034326248667828,0.1379310344827586,False,1
-0.81860518078536837,-0.57433971048472021,0.0044107767662100311,0.57424437077019519,-0.81826918623025402,0.026056505997917812,-0.011356083395957478,0.023862854531780633,0.99965074078074811,3.6613379560511379,-29.911542763076348,0.51328029991031643,,0.2338551571887373,0.7368421052631579,False,1
-0.95524955104346154,-0.28992189514613581,0.058682109250933437,0.29426957289613775,-0.95157729128135626,0.088916124438495142,0.030061831261421697,0.10220544717631373,0.99430897253756079,3.4277572172965205,-26.087125569490709,0.11063944686136136,,0.2763251060998825,1.0,False,1
0.8650076811276376,0.42004209231166867,0.2744564669972685,-0.50175860777104686,0.72424725706029025,0.47297379437798331,-0.00010544120611273577,-0.54683685988334918,0.83723917583631402,11.948490876754263,3.8938731631113224,-3.3344856559606573,,0.6740322496937187,0.1944444444444444,False,1
0.39886873099292891,-0.86648091069947686,-0.3001908839879982,0.90755832060260577,0.32613232893152061,0.2645290130225425,-0.13130738799118866,-0.3779530862674727,0.91646594832531758,-5.4001599971561509,3.4132293301306413,-2.6375810552362964,,0.5841134379793561,0.1680672268907563,False,1
