axis_00,axis_01,axis_02,axis_10,axis_11,axis_12,axis_20,axis_21,axis_22,location_x,location_y,location_z,dbh,dbh_approximation,score,reconstructed,number_clusters
0.99205051363196961,-0.088963448074998203,-0.089001591610223529,0.12110685118076385,0.86710848074344837,0.48317286059946418,0.034189311189701047,-0.49011058704071686,0.87098949676272119,-6.8697965009946751,12.611989827208211,-5.6405418573709785,,0.5016165999862885,0.5641025641025641,False,4
0.59148976156016264,-0.78418331590599133,-0.18760700686324441,0.79537965846226588,0.52927092069859794,0.29537009226952382,-0.13232936512335627,-0.32392718249251934,0.93678178866185646,16.985277466983412,-5.4910982998178595,0.14063655112762649,,0.2503531796424222,0.3214285714285715,False,5
0.1704994515733452,-0.98042390273193403,-0.098483033894531918,0.9682499478519887,0.14815692367651256,0.20134935920268632,-0.18281678122592815,-0.12968614775138873,0.97455606692667784,-5.5964027134830276,8.7277208013307828,-4.7651409219387411,0.3421326261206133,0.384923383921799,0.8452380952380952,True,5
-0.43265031406247112,-0.8959110499631231,-0.10078242056837136,0.87912744784083197,-0.4440225037024787,0.17314429432888637,-0.19987154923728093,-0.013689658861976067,0.9797264705241624,6.9687400597478915,-8.5593862040269411,-0.044154827485922657,0.2372743163964273,0.1515734431024599,0.3939393939393939,True,5
-0.62357999755819515,-0.77540211610168253,-0.099496457174888697,0.76095742732697036,-0.63121553496929561,0.15003580309161083,-0.17914178865144728,0.017846757645557099,0.98366138116747315,6.3323109082681714,-17.31232349380679,1.3505275298717145,,0.1199851361334342,0.1764705882352941,False,5
0.54604348115109247,-0.83134132836966557,-0.1034800098422697,0.82731857669822462,0.51567242977129257,0.22276875414607644,-0.13183508388293413,-0.20725236046504025,0.96936369322316207,5.6326492437746767,-11.596105000519877,0.32837957686436131,0.1974639227839993,0.1596748802294111,0.5873015873015873,True,5
0.77791712374168442,0.62479504886317871,0.066903628492945191,-0.58260172052568537,0.67727068765539766,0.44931019450185494,0.2354149184524526,-0.38850426324410098,0.89086713577905785,15.110727811060999,-1.6865861580285944,-0.66410443922958839,,0.2459569048930375,0.2105263157894737,False,2
0.095866492824969882,-0.99122930127195041,-0.090962013243777659,0.9780757839139963,0.076832169957670435,0.19355768799150713,-0.18487124296239793,-0.1075234391168587,0.97686300655005953,-5.0196723204052303,-19.690243806130489,0.76051310171726494,0.350323631676223,0.4156802767357707,0.9508196721311475,True,5
-0.016637604985913559,-0.93787677249731072,-0.34656940100124056,0.98295495321197324,-0.078814019093092352,0.16609608770359069,-0.18309219004746738,-0.33789866824895831,0.92320189554571452,3.2025270869190643,15.556160936500907,-4.9078284497618698,0.7515089776668638,0.428017558477924,0.2857142857142857,True,3
-0.94565994170828094,-0.3185284439758852,-0.065321551011833526,0.30477307780253898,-0.9383164003227773,0.16332698470268908,-0.1133165729055451,0.13454353668462221,0.984407126671346,9.7039414307318612,-5.0128216291925014,-0.43545242856146793,,0.163699588022889,0.4366197183098591,False,5
-0.97046129708895223,0.23671132344940277,-0.046611374183345683,-0.23908411662619247,-0.96947244075586791,0.054424000146369153,-0.032305665594455725,0.063960424996172882,0.99742940001024993,10.871039916456319,-5.4275724554781206,-0.30377067668557278,,0.2883787592802278,0.2413793103448276,False,5
-0.99626330175222444,0.060786736427546582,-0.061354757405146898,-0.070666095091379208,-0.98213263898675818,0.17441841199094302,-0.049656183766904609,0.17810236413757721,0.98275826697225666,10.74887535420393,2.516070263288932,-1.7789766174083841,0.1372179889220123,0.1046370968595594,0.5384615384615384,True,5
-0.99733470985137296,0.046358962218627613,-0.056341131934750779,-0.055022698837475854,-0.98500659728291118,0.16350689869782389,-0.047916376514899071,0.16617114650610032,0.98493206411941414,-6.0274781428156015,-4.6834473277459221,-2.3682605063564983,0.1863231105157234,0.1176835421600971,0.5813008130081301,True,5
0.65306782894601501,-0.75336461048148629,-0.07709847255178362,0.75039887233620228,0.6300424511983338,0.19987006300232185,-0.10199972153048101,-0.18838331497793148,0.9767844099112305,-4.6944548125933485,-6.3583705188654331,-1.7818787607075084,0.452961889405547,0.3785720001363213,0.8256302521008403,True,5
-0.1612201929103651,-0.95544558239757349,-0.24724843472691091,0.97543594307872328,-0.19236761755109663,0.10732856408169275,-0.1501091947485817,-0.22387147829653936,0.96298950713767162,4.1469671865908557,-14.480088938837799,0.61600101077821601,0.4394129073283585,0.2531555323157678,0.3333333333333333,True,5
0.79306472260434213,0.60867128626205469,0.023824588991095172,-0.59053289910717555,0.75866181662561694,0.27514204161922251,0.14939625441279694,-0.23227465052048929,0.96110834243232557,3.9792536340426103,12.245110864385671,-4.2678695574252412,0.5280907333505914,0.4799790638677571,0.9755102040816327,True,7
0.26933003132963823,-0.94276507366459128,-0.19660963888419997,0.94626033961910971,0.22110904663310771,0.23601304870902029,-0.17903268943939901,-0.24960930546595728,0.95165250524385181,-14.572431251988094,5.8665981848766382,-5.6238472283265084,0.3255071468295203,0.3766183240333722,0.7903225806451613,True,5
-0.78918248420242043,-0.60139735934350913,-0.12454807426351816,0.59461354104343489,-0.79894468170604449,0.090122873796914277,-0.15370667986747985,-0.0029345780414612443,0.98811216206250319,20.299970576885116,3.1746585985336471,-1.2487691648920203,,0.1938335451926423,0.5769230769230769,False,3
-0.46603012810489081,-0.86105795843785937,-0.20345788731175768,0.85730169223679875,-0.49631423364973754,0.13676984303783496,-0.21874580724315434,-0.11068592361948573,0.96948383077080824,14.16934686088322,4.7834618769619572,-1.9715401425689643,,0.1847607234400016,0.3125,False,5
-0.76967753752557766,-0.6319299223147109,-0.090890381844763224,0.6165582244730059,-0.77268186141464779,0.15105858755956064,-0.16568779092998281,0.060227189243053633,0.98433746327802829,-6.8228595250685693,-13.907664982007727,-0.72922435076308945,0.3078980238168368,0.2454337130205859,0.7567567567567568,True,5
0.78555221714875778,0.61804836120651951,-0.030396337651231418,-0.59590324701997255,0.7688151931763535,0.23199680802170675,0.16675441320614443,-0.16413233060900209,0.97224150483567229,-4.47755191766697,11.644966861325887,-5.181770086935412,0.4836308078945397,0.3907976065006845,0.8883928571428571,True,5
-0.88177511613402304,-0.46554049212469339,-0.075793764645443698,0.45720876614366335,-0.88311807279867538,0.10517896014765776,-0.1158999082321447,0.058090616184130105,0.99156073519635135,10.867257413657766,-9.5679897503113445,0.37559349136421066,,0.2079051296877462,0.2857142857142857,False,5
-0.96315348380891075,-0.25315410152653617,-0.090820523600405878,0.24513041539255781,-0.96522304519691782,0.090860070824658121,-0.110663661950216,0.065249321077556682,0.99171370869958597,10.325831616787152,-3.609804656360478,-0.64697551272228371,0.2324276471692436,0.3999374588206289,0.5161290322580645,True,5
-0.81585209135278924,-0.57032199683357121,-0.095489187676134582,0.55693202237037009,-0.819407620594093,0.13563876205117853,-0.15560233768722598,0.057480181280983873,0.98614600403093222,12.762906880723472,-5.5481521043335835,-0.15924711425220361,,0.2082967322409522,0.7733333333333333,False,5
-0.95863502363990871,-0.238246122335633,-0.15574876128864151,0.26030491725179306,-0.95516335947864628,-0.14108262389112111,-0.11515312199610037,-0.17578891290835441,0.97766968685392408,-10.73034680912383,-0.97576147938249125,-3.8769411598222234,,0.3666682232964587,0.2727272727272727,False,2
-0.86126905489746408,-0.45144517511736887,-0.23326566172344254,0.47103809619200382,-0.88148740915652513,-0.033212338585649454,-0.19062719378892404,-0.1384817726697754,0.97184570361060651,-10.99665015030507,-2.9855253018854349,-3.5211987979101895,,0.4632883412267823,0.76,False,5
0.40886493008013797,-0.79072508652551898,-0.45561311053324038,0.89979266530282975,0.26596308848928635,0.34588552301082176,-0.15232409007702516,-0.55137779525516861,0.82023161270567713,-8.2435365000713663,9.809650030953069,-5.351992044852973,,0.5849771383887479,0.2941176470588235,False,1
-0.3395664292952208,-0.93579970791692446,-0.094728806380601521,0.91913248767352607,-0.35152120406096338,0.17784350760881348,-0.19972508655341578,-0.026678638610883883,0.97948871358637968,3.9624968329831987,-8.8413631953222804,-0.26238456943269867,,0.2088777777920308,0.782258064516129,False,4
-0.82550088687430068,0.5543698204503178,0.10593577272868802,-0.56163407899393869,-0.82541676416182941,-0.057046706769482203,0.055816190145616867,-0.10658924718045384,0.9927352543871556,11.38601690700769,3.5830747258127422,-1.9348592588803968,,0.4038963982055911,0.375,False,5
-0.95068413042530986,0.30882326947075278,-0.028772771692466802,-0.30992253964152949,-0.94222264875791273,0.127139685345555,0.012153336151714239,0.12978701168074172,0.99146741147622486,11.904161981580359,1.3256892562270222,-1.5038326973819673,0.2377866024206888,0.2299900294854468,0.5172413793103449,True,5
0.97772347137167381,-0.16135238740164953,-0.13424686442785128,0.1987367232587739,0.91741151559802647,0.34476053410518892,0.067531684099297912,-0.36376024814143404,0.92904141646903626,-4.4768095833608266,13.449639076451584,-5.4765747973849246,,0.2922738439305982,0.3709677419354839,False,4
-0.08951898228415596,-0.98240754179423906,-0.16389561811290226,0.97779591684479061,-0.11799138026655345,0.17318538963910729,-0.189476903110814,-0.14475308635257103,0.97115655132369938,-10.054543561657077,11.122722185505728,-5.8654727761139336,0.2142760572591257,0.3617787768146574,0.4838709677419355,True,4
0.64580225969626448,-0.76002766255849663,-0.072783195293054784,0.75567765866347758,0.62265614597176266,0.20310243740653619,-0.10904456688933938,-0.18616464763606239,0.97644867064401164,-7.3309830360228005,-3.6962105688813454,-2.7298346255025967,0.3804550087243934,0.3562593288708059,0.9055299539170507,True,5
-0.71617525053009756,0.65858985264023928,0.23098142030791086,-0.69164305055194486,-0.71402623830016754,-0.10861133293589448,0.093396472906376718,-0.23754144273835659,0.96687701484233668,14.379959080980809,-9.4273547285530199,0.66732938207647785,,0.5291191316195335,0.1,False,1
-0.91984063216612566,-0.38532109398934705,-0.07362653015778016,0.37117955254791024,-0.91561094726874759,0.15453909865130924,-0.12696043157832623,0.11482267967818345,0.98523946380814753,-2.845845213692284,-13.039824076065484,-0.24492043177695016,0.3496717461070346,0.329359405606264,0.967741935483871,True,5
-0.24111119357869268,-0.96743491055607456,-0.077039510437290654,0.94966414353597872,-0.2515504181088411,0.18670940423916044,-0.2000085168514911,-0.028143933389390176,0.97938986731548294,6.565211882540714,5.1886758244759257,-2.5916034096976062,0.2063690775451373,0.1738537392725002,0.7206703910614525,True,5
-0.48478380941634114,-0.85933613138270726,-0.16286826402949922,0.8524542663997301,-0.50589568574786858,0.13187599796244592,-0.19572016202905049,-0.074906397870248193,0.97779478917277218,2.7769689573667096,35.884644758056226,-8.8725620218308325,,0.6741072178555412,0.8863636363636364,False,1
-0.9886592694827584,-0.14675258087505916,-0.031883049921988531,0.14539102454581077,-0.98850339247301633,0.041502928220271573,-0.037607164840469429,0.03639674540184596,0.99862954997176734,-10.786934612362117,6.9937049594044254,-5.2767881795460454,0.359511532999558,0.1996793971298768,0.2941176470588235,True,5
-0.88131629458213057,-0.43976838188342104,-0.17287382450695538,0.42785008548123288,-0.89795253765848648,0.10308028165651699,-0.20056393807892209,0.016882251281235335,0.97953514298056321,-12.5713432384785,-7.6325995326608229,-2.8177112622165672,,0.4708356629834334,0.7857142857142857,False,4
-0.75537001560194972,-0.64276567470513601,-0.12754774380742073,0.63078967576570621,-0.76594603359561964,0.12422181195963308,-0.17754020524069211,0.013377632077120137,0.98402261888795195,6.7364063386390116,-21.345657540044293,2.1099284607870317,,0.1662244120179698,0.1818181818181818,False,4
-0.82267211937499107,0.56814057350349223,0.020660898871616137,-0.56697941516638961,-0.82257670058355525,0.043610943977980543,0.041772320747583039,0.02416320335126837,0.99883492771486815,-10.456546118294021,-7.6512840589606688,-2.4844679509463008,,0.2010036045187923,0.1666666666666667,False,4
-0.55333348031204299,-0.82744318075709167,-0.095707064443273593,0.81124079964220797,-0.56140358572105564,0.16344533928935367,-0.18897202057879472,0.012798302939391146,0.98189906756256728,14.063880523473822,3.1561725401213421,-1.6567872620852637,,0.1184063680450471,0.5,False,4
0.99940469465623094,0.010689937590428283,0.03280215745034111,-0.024872112249270877,0.88215096954181127,0.47030952038917984,-0.023908875576736974,-0.47084540156059013,0.88189170168331954,-7.8505870614073263,14.989603744373513,-6.2166219683967539,,0.2776983632386161,0.5802469135802469,False,2
0.95488723321374391,0.29247286136297679,0.05147812362114948,-0.28793010342297748,0.86936682453226855,0.40161869969600983,0.072709197411571808,-0.39832267041788266,0.91435902294609217,-5.0430653037758884,5.2217824796024148,-4.128436061899559,,0.3460199895262737,0.5903614457831325,False,3
-0.22094472934584986,-0.9670109185726723,-0.1267805581922048,0.95311047992038112,-0.24165183833840487,0.18216696213532069,-0.20679419634078491,-0.08058704851840201,0.97505994070665358,-7.7231292776463256,2.3503596422833795,-3.9218607823849014,0.4004829890301877,0.3772192021872481,0.891832229580574,True,4
0.43529425044443787,-0.8933759408360662,-0.1113478507439089,0.89224153777750459,0.41159224113592674,0.18573331769270149,-0.12009976600496704,-0.18019782288356856,0.97627085935900659,-11.030983236621582,-9.7649316678141354,-2.2003745439550597,0.3473186805097428,0.2775948779146486,0.2608695652173913,True,5
-0.85930927344809616,-0.50673634747664997,-0.069324214471775142,0.48971408033762975,-0.85428636776494782,0.17428402499954324,-0.14753878163104872,0.11581483496079334,0.9822521223788877,6.4386709438526255,-10.000290715855741,0.14737817202270706,0.3362534877263745,0.2340532840676453,0.7922077922077922,True,5
-0.77039696570904082,-0.6313540622051963,-0.088772537213378189,0.61600843202171629,-0.77299880814564648,0.15167878653113162,-0.16438408348879111,0.062168245450610511,0.98443536220167505,4.1507084572398592,-12.29407556861246,0.31845169855620659,,0.1325180057158309,0.4769230769230769,False,5
0.94379282791211527,-0.30706954795778174,-0.12232493898896846,0.33041088920638662,0.86620202089886356,0.37486357956537741,-0.009151080564401684,-0.39421104970272797,0.91897437723626207,6.8815087568765145,-12.809609570103383,0.66980444183516641,,0.3091307388835189,0.2142857142857143,False,1
0.67625060599772491,-0.67695664999428062,-0.29054227216745915,0.7321977317288223,0.57425858909776983,0.36621517513424467,-0.081065402847801726,-0.46038762676244788,0.88400884248132017,-4.4507250516329497,-0.26608133422948388,-2.8655069726255369,,0.4332956751488586,0.4659090909090909,False,4
-0.92939525591787109,0.3645197454283905,0.057877573119272302,-0.3685136210511149,-0.90774392708751517,-0.20049606962614364,-0.020546760745931751,-0.20766876998855077,0.97798339075584106,6.2639830200319455,12.177510117512295,-4.024105055486781,,0.492359227104448,0.1923076923076923,False,4
-0.71467883671930232,-0.6925087893518197,-0.098314480195045156,0.676578599830986,-0.72009593476670353,0.15395857554293554,-0.17741352427672252,0.043513462318511081,0.98317395205567182,8.8077010562989155,1.1163818044757017,-1.6014512888635255,0.2071610267864857,0.1792353031915068,0.7986111111111112,True,5
-0.34926904687945171,-0.91256853959185791,-0.21267297298693927,0.90691395895433125,-0.38629703319638875,0.16817155882446336,-0.23562301234323704,-0.13413896783132068,0.96254274365528658,-13.046757549896736,-4.2326242005204433,-3.5278595053949671,,0.4873441820053603,0.2666666666666667,False,2
0.33931954835353711,-0.92620222218545167,-0.16435232801478894,0.92843369834757983,0.30166317455336022,0.2168183499868544,-0.15123859255423128,-0.2261609443231038,0.96227756670572706,-7.0412483257508622,-9.4543206113554952,-1.6351252607188522,,0.1700048676671984,0.3076923076923077,False,3
-0.80705639844691479,-0.58403360984076746,-0.086975354568157665,0.56857406593920934,-0.80839039831461634,0.15240897432268011,-0.15932200496871163,0.073550706924528697,0.98448300759518015,4.1715194519950023,-2.8462514788820314,-1.2806698317647978,,0.08885708192486616,0.3506493506493507,False,5
0.16981123050309868,-0.98079351483801613,-0.095959508370531105,0.9682861797352128,0.147948023473607,0.20132872741871707,-0.18326489060594919,-0.12710414470796605,0.97481204150812872,10.053985171904625,-7.3114218255919123,-0.020890505540895134,,0.1738204072721676,0.6710526315789473,False,5
0.87762695813505298,0.47619150732080279,0.054886890148336365,-0.4579740049326963,0.79917715042435877,0.38932723131770319,0.14152997265780959,-0.36682084264003262,0.91946274326061506,-6.9030440602380079,-7.0154777905245647,-1.9899558021181627,,0.8921749133505928,0.574468085106383,False,1
-0.39748931802329546,0.90769548432231928,0.13450334493329483,-0.91325670844053297,-0.40558788824719999,0.038218443133374913,0.089243635883673483,-0.10764465917102535,0.99017584337642539,-4.8725738918434356,-0.9465539543599073,-2.736467741594343,,0.2815822527849661,0.2191011235955056,False,3
0.20940201549285617,-0.92099639596956018,-0.32850636906856689,0.95743720131333709,0.12486487613326938,0.26023598569281337,-0.19865749784193015,-0.36901815852245967,0.90794316850333678,-11.146876409830842,-4.6222678254508933,-3.2038132777296053,,0.2925073441940663,0.2040816326530612,False,5
-0.92787845678780401,-0.36097887303549936,-0.093465622830559814,0.3529835227878837,-0.9311098301206685,0.091853779959865489,-0.12018403416984802,0.052237318792991809,0.99137634652839091,-7.3837183692698423,-16.729034868167851,-0.17411927536956084,,0.2234590478034534,0.1666666666666667,False,3
-0.1052303352500325,-0.98328840716152699,-0.14856138423195167,0.97543243010407077,-0.13113455852878894,0.17701780097133457,-0.19354108309202245,-0.12628394949956012,0.97293073404757835,-15.182586666759649,-3.1377502411749378,-4.0034993277337989,0.5295477992039486,0.4644153254541135,0.9025974025974026,True,5
-0.14510649690730901,-0.98400707908125873,-0.10331588877447465,0.96904509163632957,-0.16242206462308442,0.18593193189743765,-0.19973911717745216,-0.073137823604104077,0.9771157269370031,5.2637558495072216,-5.1537687249627613,-0.7255306270296491,0.4010579341227907,0.3429309749771331,0.8706199460916442,True,5
-0.2865739351977023,-0.9536756054352058,-0.091532613111911756,0.93752228689197792,-0.2988236790756677,0.17820317170161773,-0.19730012986852555,-0.034745480590633808,0.97972721220367609,9.0783474228924881,-10.532521116283826,0.42525744827044842,,0.09149099734109403,0.2857142857142857,False,5
0.1161359275817484,-0.94608012233726912,-0.3023984927922504,0.9759447458271896,0.052138224916982244,0.21169189543959382,-0.18451097370354047,-0.31970925482507384,0.92937704563980217,9.207225676553124,12.561666004128345,-3.8272359407222911,,0.0824828392353228,0.2222222222222222,False,1
-0.57740533381507542,-0.81120772061705315,-0.09243978847437781,0.79438605181179478,-0.58433151215870804,0.1658538048559251,-0.18855736837570466,0.022331992960857305,0.98180823021689245,9.7626597732462415,-8.9119183165952798,0.24904250439468631,0.3028382686817393,0.2710135329844535,0.8222222222222222,True,5
-0.28837928277302349,-0.90956467135039509,-0.29921480227182135,0.93621427785128564,-0.33339123864626863,0.1111445362638353,-0.20084873714990822,-0.24807738837942328,0.9476905582309727,2.059932655645214,14.501217021699375,-4.8545702874887109,,0.5904957349409421,0.1794871794871795,False,4
-0.90448932244795888,-0.41867240620937218,-0.081317168276371213,0.40501236516495409,-0.90292140283111533,0.14386773221602392,-0.13365646127712322,0.097192368982066069,0.9862502693386358,9.2081079673129178,-2.3739912506541487,-0.93443461628364965,0.2292432712080404,0.2025096672911862,0.7422680412371134,True,5
0.57955357214201064,0.81491774384303384,-0.0051698923793516982,-0.79334764133019675,0.5656410994880946,0.22505480791512117,0.18632545991690955,-0.12632979592985291,0.9743323897146563,-9.1012640226411374,6.5818117177147313,-4.9028270421741746,0.1317662997619006,0.1928734976276879,0.2972972972972973,True,5
-0.94658657485729858,-0.31626810571582908,-0.062835830597281261,0.30136325861552254,-0.93703726147939481,0.17646913881988313,-0.11469107487752762,0.14810690701692056,0.9822984787921234,-2.9757783888761802,-7.1726557525630694,-1.3576458843898915,0.4647924363846429,0.4038241853663978,0.95822454308094,True,3
-0.53338130327680577,-0.83734974349201763,-0.11979061895068396,0.82149386525773938,-0.54654277049159561,0.16260021330634739,-0.20162394366402725,-0.011679344896988242,0.97939337257515779,17.710929494636154,6.1890494949640402,-2.0135397383568927,,0.1345178510722428,0.4375,False,3
-0.67417699730491687,-0.69072362744700766,-0.26150764193685549,0.7164276684267219,-0.69764830311997261,-0.0042709561546293573,-0.17949031232235982,-0.19023069058454034,0.96519195611140052,-9.5161368490043277,-5.9212327832105629,-2.6905856338104099,0.6762019411139584,0.5968134059821819,0.277027027027027,True,3
-0.73931430254188579,-0.66709484782332484,-0.091645109332571709,0.65064062872003636,-0.74277774530161689,0.1579493379012431,-0.17343913720899257,0.057146173032149271,0.98318522191496482,10.28171254783302,0.82894918531332418,-1.4606930568900673,0.1624426595381395,0.1360931529120649,0.8380952380952381,True,5
-0.37578540241524605,-0.92160238599480304,-0.097130702974383948,0.90461358298284167,-0.38755607612188453,0.17741069117714858,-0.20114571040555979,-0.021197405258527958,0.97933195250423066,9.0328936373037578,-6.9115983303907376,-0.11784832665104859,0.1552030184794622,0.1446368218540264,0.6071428571428571,True,5
-0.97176156281296766,-0.22422482063822427,-0.073503026121742629,0.2132303035845885,-0.96784911677816043,0.13342010637440496,-0.1010559383337845,0.11397945850673909,0.9883300968633848,11.118883214983425,-1.8443280582662549,-0.91575087976145486,0.2372550687462458,0.2129899292619046,0.8,True,5
0.58376490845674045,-0.74908990253802243,-0.31318181551627311,0.80255963227135196,0.47396679270145575,0.36228927125263732,-0.12294945426054225,-0.46283884596246971,0.87787449807199869,11.09757176981436,-11.024860205007002,0.68905069371484551,,0.1816598385506165,0.5,False,1
0.78492348865063144,-0.60680247883134297,-0.12524323793586756,0.61524305705250637,0.73941415212201167,0.27339109786233573,-0.073287773285922592,-0.29164612688294828,0.95371454794449206,-5.9810261763760728,25.327608817636538,-7.7985869283171363,,0.2507659324203444,0.6774193548387096,False,4
0.54569913248107982,-0.82567091987205932,-0.14310831173284133,0.83047691069254326,0.51006371497049152,0.22392656715332068,-0.11189529755966647,-0.24104468205734883,0.96404196155349242,8.4324731133136677,-12.340164684378969,0.69726620978433496,,0.1787430218582771,0.2857142857142857,False,5
0.38246999361797984,0.83882092651497708,0.38742245317278379,-0.90218640039116005,0.24853124989976239,0.35255058753674329,0.1994402239547064,-0.48436728942385976,0.85182857782835597,-12.919423607263742,-6.3160019125688418,-3.1139516057271477,,0.4089890893266644,0.2272727272727273,False,1
-0.23274756346021533,-0.96615341341581729,-0.11124816155019189,0.9515707068594218,-0.24985927994828727,0.17911875968413654,-0.2008525866161377,-0.064171036836628642,0.97751742515462026,4.3198146228370922,-17.011685944733269,1.1207743631472287,0.2744009827499471,0.2675706156923143,0.8166666666666667,True,5
-0.99595062073287066,-0.060557649667259988,-0.066446460617454683,0.053158970176418296,-0.9927325198284781,0.10796419760634779,-0.072501620337701578,0.10399478420467652,0.9919317516374957,-10.412111291071744,-12.446146630974731,-1.4913492865950893,,0.2468423056437382,0.9019607843137255,True,3
-0.20675426664950708,-0.97174375053822371,-0.11387166685409258,0.95845633898876104,-0.22454036410436959,0.17590642722804706,-0.19650475687495111,-0.072771616567051778,0.97779863588968685,11.648010892453524,5.659339955790391,-2.338137435781948,,0.2116194139181941,0.7166666666666667,False,5
-0.70890160407885405,-0.69809087557420502,-0.10063620210673367,0.68212046981253749,-0.71486643287987506,0.15387542950167801,-0.17936047612880213,0.040436525340867481,0.98295203698919431,7.3180328751691093,0.088614277855740775,-1.5388061504341857,0.244981102296632,0.208480951769406,0.4331210191082803,True,5
-0.9324631555751175,-0.35136673495094939,-0.083987386343450682,0.34402724337760171,-0.93459667958467252,0.090411848356913418,-0.11026204836163309,0.055411768418039437,0.99235669827531403,4.1177353934757672,-0.77820208353578857,-1.6672529748350984,,0.2329710044346473,0.3677811550151976,False,3
0.022596792808107256,-0.99396298435599362,-0.10736373077028258,0.98128966603691836,0.0015122492595777419,0.19253130766534915,-0.19120663242664956,-0.10970550958043612,0.97539977695494506,9.8195092915036888,-0.67917573979591372,-1.249559588926398,0.1373490482113806,0.119138143466578,0.4081632653061225,True,5
-0.20654455828224816,-0.97354625714438492,-0.09770890770113419,0.95761163077423361,-0.22163178142542372,0.18400901626850918,-0.20079668834396214,-0.055561125459722013,0.97805605733400836,9.255958525637805,2.6142177145119092,-1.8680519520930765,0.1855617884981435,0.1558065437644319,0.3103448275862069,True,5
-0.96753139527776844,-0.24332817360599693,-0.068369577162831666,0.22873496216673861,-0.95804065346697165,0.17273801951845602,-0.10753286118408276,0.15149094439651389,0.98259207076559341,7.9624956519202783,3.5738674388417913,-2.1640463395631087,,0.1021425666582595,0.425,False,5
-0.81943127658171877,0.57315742565537164,-0.0047904463008455744,-0.56787100185911976,-0.81068205289644379,0.14253818561749126,0.077813290684649178,0.11952060294239641,0.98977771103673151,3.9275719187294964,2.927132638119406,-2.3806911445172161,0.431361060824129,0.1807240003060856,0.9587912087912088,True,2
-0.96615923352964794,-0.23779118447521788,-0.099958431616720675,0.23153334377058887,-0.97028374720897226,0.070297657318888596,-0.11370420479389513,0.044775020803864155,0.99250518957041223,1.7403219763366315,-29.809558497411611,3.2055920000422584,,0.33457289960969,0.1739130434782609,False,5
-0.84022578410646465,-0.53636798582147549,-0.079561394586128653,0.52077867324219496,-0.83910992498664971,0.15711176685722028,-0.15103047778106019,0.090575479986097135,0.98437080269912114,6.2629681867883029,2.5618730683264515,-2.0868121936628081,0.1645988818244403,0.1200910250147376,0.459016393442623,True,5
0.98175787792403391,0.18360863488549461,-0.049389658123763509,-0.1678897306384223,0.95905943556667705,0.22807463119927185,0.089244089329518772,-0.21562204953578143,0.97239016051877702,-3.9939044810922342,-10.942529925644138,-0.74737870932365302,0.351012535364619,0.3321559644019329,0.4,True,5
-0.50895409847474515,-0.79812434498620088,-0.32243333510372107,0.8190670883132728,-0.5642335853863063,0.1037765193294338,-0.2647542832283889,-0.21127704812038364,0.94088637913924578,-15.223964093597552,-12.153266580643642,-2.2928532548877341,,0.401666380039207,0.2142857142857143,False,2
0.59399659550644224,-0.77242213782089919,-0.22479342857599088,0.79545440625172936,0.52223384442702181,0.30744771801020587,-0.12008468720642919,-0.36143582105149213,0.92463171866390625,-10.398167365770982,2.1937795464151923,-4.3504768231740849,,0.3763325772132324,0.1294964028776978,False,5
-0.95360404466217863,0.30106094550319012,0.0012779267033999758,-0.30022236381433615,-0.95124782698730181,0.070668974222562395,0.022491293196843426,0.06700655747508652,0.99749900400234603,7.7396252693473224,-14.047905086840435,0.91162694095747243,,0.1456233510521522,0.2666666666666667,False,3
-0.18359442748668278,-0.97917859916054528,-0.086616148274034507,0.96244712149879874,-0.19698118217980518,0.18679922961758352,-0.19997155926409507,-0.049068164965064068,0.978572271563244,7.1358445085586766,-3.0345477358984501,-0.95334685355427506,0.2273273554346158,0.1767012640639135,0.6914893617021277,True,5
-0.70132682776023181,-0.70700752388298305,-0.091000229871264576,0.69064705365434664,-0.70553889869475084,0.1588128134224944,-0.17648605594306918,0.048530646002818409,0.98310602096427468,7.9724922249876098,-5.2812242281645423,-0.50801647387021509,,0.2016721673153451,0.60625,False,5
-0.77280703982645116,0.63460463714616211,0.0067995372832344164,-0.62719220812253573,-0.76532937780590815,0.14457135794340134,0.096949539787745953,0.10746114637304695,0.98947101461090559,4.1464509276361285,-7.7072475271657694,-0.41972465589856522,,0.1305805117533879,0.2592592592592592,False,4
-0.19694800020981323,0.97559559220503078,0.097081026382456748,-0.96714895391417677,-0.20956205919776957,0.14389803434204393,0.16073078782880673,-0.065551383012919004,0.98481908492322834,8.8532308035472074,10.613785478127971,-3.4793269397336974,,0.3189914904813193,0.3409090909090909,False,3
-0.29218048450153999,-0.95067721783904668,-0.10413160883351061,0.93505920245484464,-0.30682738872504772,0.17754222436558165,-0.20073577753095109,-0.045494845971585547,0.97858845620059631,11.491297783932227,-0.49069605120528004,-1.1537916533164332,0.251180514852705,0.1816919954508907,0.375,True,4
0.32151257505007008,-0.93353697485248743,-0.15855087722222855,0.93310693765294228,0.28387388233242261,0.22074207082807018,-0.1610624319592249,-0.21891627512083922,0.96235885068855487,4.9847951715670744,-21.819451980842235,2.0930400203076323,,0.1167859166218673,0.2666666666666667,False,4
0.27111146948210868,0.95664518452882474,0.10643571784443918,-0.94006147664388651,0.23939244743437407,0.24284908120372706,0.2068404971115804,-0.16589528935201803,0.9642073229992828,-21.972603868017814,-8.8873587838909849,-3.9195365461542404,,0.2926591311815404,0.1111111111111111,False,3
0.98884285034338359,-0.093745337651818458,-0.11576540499354561,0.14597841968972139,0.76460749551101315,0.62774650838795421,0.029666787990354257,-0.6376418975231497,0.769761451498718,-2.5031209322482235,-20.440366406773116,1.1021622309558261,,0.4505264425745013,0.1904761904761905,False,1
0.52012701639024783,-0.71450783048265698,-0.46791713689492725,0.84339883133678495,0.34326953801057941,0.41333332260265321,-0.13470819618985508,-0.60962659427962174,0.78115882983315577,-16.3959429493889,-8.3848749713785775,-3.1976332994039858,,0.1708098847388167,0.3,False,1
0.044317778002042452,0.9669164355012948,0.25121413437629936,-0.97354199721097878,-0.014625423380477627,0.22803963834693602,0.22416938733783714,-0.254673720176255,0.94068559148748876,-3.7746530162558765,-16.127371830402403,0.0878539698456898,,0.6266552284580305,0.6285714285714286,False,3
-0.44943846572285251,-0.82274978967055656,-0.34797679394715875,0.87150481674843772,-0.48937685046742857,0.031458744584804382,-0.19617446294806135,-0.28912468214186587,0.93697518551101711,7.6936118404046328,12.930931609780353,-4.0334128731056147,,0.2841353451149049,0.1818181818181818,False,3
-0.87248671634375796,0.46194262439158096,0.15929827862819104,-0.48665373712762733,-0.85082042373664757,-0.19817352671914676,0.043989429905378283,-0.25042687220585769,0.96713562220289973,-11.60943214250625,-8.4587130996837114,-2.4779427889655179,,0.1485837206506954,0.6666666666666666,False,1
-0.99275553680489459,-0.10248743194096187,-0.062711804609442298,0.098841880152852585,-0.99336948957117199,0.05871405212518549,-0.068313445756126773,0.052090147660153366,0.99630311132991489,13.776186270549815,-2.3430286025070046,-0.66259729410248247,,0.1761025964066767,0.2941176470588235,False,2
-0.52572432124156443,-0.8192461044697974,-0.22901912227182514,0.83211049733023723,-0.55118447105458179,0.061545098107846766,-0.17665236564484557,-0.15821346080324977,0.97147436535028386,-7.6505893949966568,-7.371938089398073,-2.0711344639059521,,0.5839644856546808,0.2361111111111111,False,2
-0.74623830808808811,0.66450120057347073,0.039579565159859512,-0.66088549259324925,-0.74667652883880342,0.075528318934117974,0.079741790935530507,0.030204564516833295,0.99635783283955903,-11.840941224234419,0.16445385714232097,-4.3118371381018195,,0.2143136724911545,0.1,False,4
0.17386590212972641,-0.97355302729962556,-0.14820644760721474,0.96824269759578341,0.14154463060072486,0.20608540972262765,-0.17965724763853894,-0.17933103630949682,0.96724539429614542,-14.103606683953602,0.76193195565318006,-4.7520916898177523,0.4732747468860511,0.4579010654209624,0.86,True,4
-0.023668619194513234,-0.99298940910164557,-0.11580945504314952,0.97871226805119382,-0.046638318711344814,0.19986786533574638,-0.20386783177223944,-0.10861353801320156,0.97295478133813684,-5.0901640319153971,3.1592092157472598,-3.669160016816877,0.4636362084675349,0.3735924517226667,0.9639344262295082,True,4
-0.97360252891112153,0.22823606723777082,-0.0025324513235294721,-0.2273646329082388,-0.97074215328948332,-0.07723338351645645,-0.020085800964166345,-0.074618827642452396,0.9970098250072037,4.0173043719155297,-20.635267426108257,1.7933834285304233,,0.4153959710498117,0.1764705882352941,False,3
0.13382519022006054,0.97242579398885565,0.19099448590916915,-0.94749418906399618,0.069069995005551305,0.31222443446964943,0.29042310540403626,-0.22274965987645468,0.93061109432050027,8.5143392154009003,5.3187912810676572,-2.4759315876782892,,0.617682628033138,0.3373493975903614,False,4
-0.50374837405329731,-0.75095113694534432,-0.42697771084583941,0.84161994622660607,-0.53805275891883575,-0.046637910902537133,-0.19471374310043693,-0.38284672982843049,0.90305865795500395,-13.163387515366209,-1.7484041629453435,-4.0817397773936914,,0.6648906479922707,0.5,False,1
0.75252007039021573,0.65756967163194879,-0.036272174042321838,-0.63765974666119474,0.74128999737970991,0.20947359564577964,0.16463168330514799,-0.13450377962957594,0.97714131123265502,-6.8614532807145121,15.594654490123069,-6.1270963463092007,0.3454971732576807,0.3600449580384573,0.7647058823529411,True,4
0.853309459702282,-0.4295128363299282,-0.29560394011315155,0.51886164648172095,0.64356772667188078,0.56267501543667708,-0.051434986078321573,-0.63351346048383794,0.77202016657138894,-4.3821461406111606,-4.1410356734777451,-2.1154296033133106,,0.5250676173631555,0.2592592592592592,False,1
-0.87090186899417532,0.48838798955035506,-0.054837088228810442,-0.4911908702459527,-0.86132363834587344,0.12981956329324984,0.016169835171562619,0.13999557739296237,0.99002008804919461,-14.642746281497711,-8.8122141431778402,-2.9034353393042083,0.4008751515538914,0.1489802035623189,0.4761904761904762,True,4
-0.37886225219821845,0.83743616319231928,0.39390870317501347,-0.91206291116662375,-0.41001271736188782,-0.0055513670193855225,0.15685866228409798,-0.36137272196341563,0.91913280644703099,10.454170780054847,-14.557858592681246,1.2081609738965076,,0.5311047110949413,0.40625,False,2
0.95229123121475434,-0.25665998144199148,-0.16512742012665391,0.30516833966191381,0.79424008916680455,0.5254093311203154,-0.0037007322895113021,-0.5507343594569919,0.83467237278708262,-5.140806733087226,-10.701783192477439,-1.055799160252525,,0.2669352668809823,0.3043478260869565,False,1
-0.60100631177200592,-0.70880673051420762,-0.36930262927302515,0.77748141840600371,-0.62557950764532178,-0.064598170621348955,-0.18524053887742459,-0.32594984030061402,0.92706129482597066,-12.446645794515529,1.6248965198460166,-4.6479844435142041,0.5716045949363178,0.4766244656231099,0.3333333333333333,True,2
0.9290881509935669,0.35932348143209014,0.08764612584065902,-0.34875446701981583,0.77221874004075608,0.53108242228828328,0.12314840403788624,-0.52398936365291671,0.84277495060160168,3.2003115612953819,-5.6474935943582425,-0.87356232353850616,,0.2163556695026944,0.3809523809523809,False,1
-0.11215015641013813,0.94983776372714046,0.29194274269967152,-0.9741726352631036,-0.16304019471208397,0.15622282679808913,0.19598474206356359,-0.26688221654143773,0.94359094070058114,3.2236449923974329,16.590642641938828,-5.1135312368830066,,0.2854661204445341,0.2162162162162162,False,2
-0.99667530545974869,0.06050771415969397,-0.054563284485867454,-0.067588511803643947,-0.98798655698841653,0.13897609968027963,-0.045498665462688201,0.14220189779796574,0.98879142982924939,4.1058889171756698,-10.039689092187748,-0.066516760890362084,,0.1082752297932492,0.5185185185185185,False,1
-0.41990389486337171,-0.88131007820308527,-0.2167331657505166,0.88483486571826853,-0.45065632203319533,0.11822072500558087,-0.20186128773963277,-0.14213171873013877,0.96904622956952491,-11.000445034261666,5.4841748338986269,-4.9435455622982234,,0.3339728246945854,0.2272727272727273,False,3
0.68120716864420594,-0.7201498910976849,-0.13168495639114525,0.72495179128737797,0.63850322866136244,0.25837671585930233,-0.10198869396637708,-0.27147331607546465,0.95702693011326712,-7.1421003930068556,3.8461562978410484,-4.0986583306245832,,0.1421626730524035,0.1,False,1
-0.54719920448948844,-0.72011861629179874,-0.42661716922324677,0.81468485819760561,-0.57514782525507602,-0.07411855994218608,-0.19199378226811933,-0.38811616505157553,0.90139016524257709,-2.8341305588662959,-15.914347688591164,0.17938011669184981,,0.1670249776541939,0.25,False,1
0.086216089227839576,0.96560363924674109,0.24530878058419631,-0.97663604764095946,0.033264424505009625,0.21230993502564841,0.19684719049684635,-0.25788193022350114,0.94591125041290125,-5.4790333247494392,-8.1009244249241661,-1.6214780965673266,,0.249209056351397,0.1538461538461539,False,2
-0.85475958434359256,-0.50664904721675852,-0.11266230925700504,0.4932881975885105,-0.86051084738489025,0.1272314255709581,-0.16140881974863969,0.053177292966927463,0.98545388954535174,15.595762689839285,4.1310254150111021,-1.763693837694378,,0.1345472355632337,0.35,False,2
-0.93580700349174295,0.35247102603694513,-0.0054247599272979619,-0.35243080987834668,-0.93581046391646694,-0.0071623929618409021,-0.0076010831003400364,-0.0047907649608774465,0.99995963523873888,3.6554695502234273,13.655000077168356,-4.5097231554281612,,0.7664713373199274,0.4485981308411215,False,2
-0.28536156888102721,-0.92846777593818974,-0.23773170602624516,0.95314877817584576,-0.30090222543538103,0.031068591695258357,-0.10038018563267519,-0.2177279030634921,0.9708338573411639,6.9197948613089952,-15.217963704384685,1.0006725718513858,,0.4435325690107585,0.5263157894736842,False,2
-0.9920450437522873,0.12385753093060894,-0.022493181151105622,-0.12162421067262467,-0.98914102397053139,-0.082508097037745143,-0.032468177417037503,-0.079116033332708335,0.99633652483732338,-6.7390040402796094,6.7256128871169878,-4.593261655274361,,0.3856525113116914,0.2424242424242424,False,2
0.1727846449746073,0.89297049407044005,0.41563104212822294,-0.96458247289081134,0.068016425408683273,0.25486156804522625,0.19931412256246522,-0.44494658397859249,0.87309588130567617,8.4188219986274593,12.489989116446383,-3.8865860736761162,,0.1819189310572535,0.5,False,1
0.067901057391417691,0.95460491236072609,0.29003259765395117,-0.97828653240064201,0.0066481316296038845,0.20715033881064135,0.19581855613974747,-0.29780071128626728,0.93432854469332061,-7.4115747114884138,-0.016160611015170301,-3.4536709283765612,,0.6869690096171592,0.3106796116504854,False,1
-0.030118322180390351,-0.97404410333165592,-0.22434565169369286,0.98053278558216206,-0.072361305382145982,0.18253574412118917,-0.19403180942186421,-0.21448059643758294,0.95726157902856135,-24.631137735487989,-8.4923529352397971,-4.2196084214141081,,0.2933364759461307,0.3636363636363636,False,1
0.95398868470977882,0.29476699007604157,-0.054936426960776455,-0.27859586323977653,0.93912543835894979,0.20106654622983344,0.1108599766885669,-0.17651014868449028,0.97803590577237454,-9.7109570647633348,-5.1603966080510988,-2.8606208124948251,0.3572969415966776,0.2716085504199396,0.8157894736842105,True,1
0.0060685975667831935,-0.98658329904528141,-0.16314584324615955,0.98136408970907951,-0.025459404655608413,0.19046349294300724,-0.19206169725648425,-0.16126131823692258,0.96804291830860889,-17.119123641123263,4.8186512924137679,-5.7247714932547744,,0.2399339649802895,0.2666666666666667,True,1
