axis_00,axis_01,axis_02,axis_10,axis_11,axis_12,axis_20,axis_21,axis_22,location_x,location_y,location_z,dbh,dbh_approximation,score,reconstructed,number_clusters
0.9926374371528337,0.088130045954935315,-0.083090392721615419,-0.075779387668038517,0.98702072268616881,0.14158946780296411,0.094490225776576647,-0.13425046736622728,0.9864321615015591,-12.401365054812985,2.7440153868356676,-3.5306727075095981,0.285076000231347,0.2803800164366514,0.7162162162162162,True,5
-0.39312816777693449,0.91663168127644346,-0.072364387516735906,-0.91744004042786798,-0.38579346135410947,0.097299421355567239,0.061270024645526971,0.1046411298521621,0.99262088333018705,11.995499574296932,12.474867877907066,-3.6460393775198319,0.1797898403763391,0.3038876174507555,0.9891304347826086,True,5
0.93882444769144879,-0.32064754416757418,-0.12567342135927773,0.34432121326070153,0.88150401882780471,0.32309993328551528,0.0071804258593358983,-0.34660614133296835,0.93798327505065127,11.251021719596364,2.7879378544845386,-2.8159849775332528,0.9414327049365343,0.5928858678902772,0.2923076923076923,True,4
0.24744163820885012,0.96874725151748997,-0.017360828258773893,-0.96058925797064354,0.2476213175988656,0.12630107102479754,0.12665272658703305,-0.014575518787056832,0.99184002797838289,-12.818635012768452,-1.6460198036463474,-3.0047666616651196,0.2837437854522473,0.194371479728019,0.72,True,5
-0.13057596087070314,0.98860520968053756,0.074897649063200539,-0.9857876928376762,-0.13751477423270347,0.096500318743003508,0.10570025114665191,-0.061232558824781617,0.99251097255763654,5.710497680625088,17.36551546122271,-4.2354094766865868,,0.2686387594944377,0.2857142857142857,False,5
0.13661824601982428,-0.98439174483785452,-0.11094299234089247,0.9860606309768768,0.12439642988552226,0.11049868899321734,-0.094973085092304788,-0.12449265410786667,0.98766476710533158,2.0563787596745438,-10.555244609776766,-1.4430805237685822,0.4735149135180975,0.3937675393609218,0.8300653594771242,True,5
-0.75408943669594186,-0.56300454742402262,-0.33819373300442507,0.63848886612251132,-0.74908609176941399,-0.17664086434122303,-0.15388661183217495,-0.3491359430042919,0.92435004408574406,4.1615297782300829,1.4226365208895542,-2.7437063857181694,,0.5406888174759892,0.2235469448584203,False,4
0.80239729289781025,0.59145235332074153,-0.079641057888646033,-0.58133399873658986,0.80479959423036729,0.11978478634435542,0.13494208484825071,-0.04981693364703451,0.98960037735381601,10.109730632658863,5.2070756872948571,-3.0302309062725983,0.3639592870529047,0.3261539044495767,0.9289940828402367,True,3
0.14435810623010067,0.98861341601679864,-0.042476473926841202,-0.98254412569772664,0.14829759620118257,0.11231591168593701,0.11733617610332786,0.025521297626681334,0.99276426463934619,-7.3950935829104525,8.6319432417302178,-3.9709371445567863,0.1905845168621782,0.2103884192046367,0.7876106194690266,True,5
-0.94750936775119321,-0.2820132626769673,-0.15064699697646133,0.29005289405653012,-0.95640986117241711,-0.033904219524840254,-0.13451883389758262,-0.07582016306002709,0.98800606587226236,-9.6297072277526432,-1.8185250917228051,-2.7498909383372045,,0.3085507505753513,0.4571428571428571,False,5
0.94858991852568519,0.30718170741713324,-0.076266408724482329,-0.29448024339762152,0.94488782385790659,0.14306776916394692,0.1160110025812752,-0.11325369289063184,0.98677000781677748,4.5656373400131187,14.467738618591721,-3.9945880313449114,0.3746721771875039,0.3501068840068002,0.9842105263157894,True,5
-0.78785920243204643,0.61256941148260113,0.063534189685566705,-0.61540891724249835,-0.77915970158716719,-0.1190883033761702,-0.023446571637613385,-0.13292432259920894,0.99084881931603774,-4.6548788924732065,18.608471631120857,-4.8953508760695712,,0.3301358574766584,0.6666666666666666,False,3
0.39597401589488956,0.91717469829090026,-0.044667119350500349,-0.90861992282740811,0.39838299273878808,0.12530294065824379,0.13271930747706018,-0.0090312740787095655,0.99111251707933079,-2.8596389704554026,11.455573608715747,-4.0341958357392045,0.2687236499649542,0.2237530782257094,0.9378238341968912,True,5
0.86510435222294035,0.50144425879962684,-0.012170253975179963,-0.48481454368318433,0.84214478387439018,0.23610807107429263,0.12864415260008261,-0.19835780375384843,0.97165058724407583,1.2536159166371053,-24.523685665259233,0.17689830825058778,,0.2751465119310509,0.25,False,3
-0.10983986897326128,0.99311591170068536,-0.040693846105475086,-0.98948846733704099,-0.10538071166855309,0.09903271487354709,0.094062618456711086,0.05114383183873264,0.99425174491872093,4.154106165613813,-2.217868793731582,-2.3687504992378754,0.5143558711746641,0.4375490433892745,0.9798432250839866,True,5
-0.12009169413194942,0.99174295909399313,-0.04498764372590526,-0.98814833227660093,-0.11504658973603209,0.10162261366980106,0.095607836600829152,0.056658496958530161,0.993805290941294,-1.8163549227209665,19.6374868843386,-4.8142936184841103,0.3414039694880662,0.2526776634243423,0.7733333333333333,True,5
0.1056558410898744,-0.93398901342378415,-0.34132296442996107,0.98840371773702995,0.060991906458253482,0.13906141848192119,-0.10906389873467558,-0.35205753812445617,0.92960236437013133,4.8348848037948358,2.038283206237784,-2.7920256741187126,,0.2196194083628757,0.248780487804878,False,3
-0.37050557049893668,0.92873056980441215,-0.013607018043275899,-0.92636524988930746,-0.36841606404032368,0.078211428541852937,0.067624300564062767,0.041582838621343626,0.99684393036493579,6.8477415948531517,-1.8925421446353208,-2.3743262164721131,0.4150411477649758,0.3741910539963704,0.9375,True,4
0.98936707525815537,0.11593904434092608,-0.08781189209005924,-0.1034746968863812,0.98540072404982126,0.13519763365665713,0.10220458648903658,-0.1246737784756719,0.98691978978091444,-9.1435073479194742,8.6476003825194692,-4.0848812222062616,0.1787176003609304,0.1823714328869617,0.7676767676767676,True,5
-0.63941234512252654,0.76717736274942649,-0.050899381035012389,-0.76814945580448579,-0.63456331485278017,0.085298376246709939,0.033140103382227046,0.09363916663388229,0.99505449098023191,-7.7601552215287146,-2.0496047868819911,-2.6286845392970846,0.2208397317682984,0.1611458134573102,0.40625,True,5
-0.21056704689373304,0.97543556087498096,-0.06470691881835583,-0.9736405090321526,-0.20332278625930125,0.10336345466056542,0.087667998346401696,0.084766214780815613,0.99253665468720564,7.8210035206792252,20.679158432211604,-4.4692779950388148,0.2751175920794222,0.383906119210127,0.953125,True,5
0.99278574043178214,-0.049097369734878146,-0.10938885629000454,0.090553760361439098,0.90500763676379381,0.41564551469204625,0.078590648805832164,-0.42255251233938917,0.90292462821430952,15.027086771476291,-5.4338968520148843,-1.8696574766589842,,0.6315745940713531,0.4375,False,1
0.83537716755623836,0.54946158562979985,0.015393305132418204,-0.53024621249747317,0.79815067496130154,0.28599729752377057,0.14485835170192396,-0.24707785407842922,0.95810677482533091,9.1324195819766221,-7.1080351589750874,-1.8315255465186369,,0.295376802446176,0.1428571428571428,False,4
0.82541837159869502,0.56397917283610988,-0.024738723379650104,-0.54867205604758795,0.81178452651734379,0.1999121242434353,0.13282878731611517,-0.15143769383514732,0.97950147429497059,9.6716134263913922,17.259733758912549,-4.1181963024576831,0.2202657251824118,0.2032127849785376,0.4782608695652174,True,3
-0.34040581094405598,0.93755463107781323,-0.071520609757356843,-0.93758528486525972,-0.33269440720822485,0.10123371482118337,0.071117631285416566,0.10151721606167276,0.99228853533810335,-5.0900537050730028,13.060411917521645,-4.3317086464811787,0.2808091427484029,0.2561794464112824,0.8,True,5
0.28356681918631249,0.95802423956401006,-0.042183118238873066,-0.95023975844468256,0.28663468104835327,0.12200393883517738,0.12897387536840932,0.0054878072220575086,0.99163280676082155,-2.4505913827410915,14.952697256868603,-4.3466449914322149,0.2216103912307867,0.1529101849426248,0.7540983606557377,True,5
0.27231631822931157,0.96140411723891694,-0.03931852212497397,-0.95378746793354086,0.27510193392115834,0.12086518094870792,0.12701688407041664,0.0045879525823961653,0.99188994442536038,-5.0345307233435124,21.342258505333,-5.189150045235567,,0.08690791710211619,0.2857142857142857,False,1
0.9818516322677211,0.17608443730017279,-0.070438932089387632,-0.15922677841827604,0.96714085334700262,0.19820545608476314,0.10302526509429154,-0.18339258634937589,0.97762618317245253,-6.6575661328054512,15.67723815399375,-4.6713921243102003,0.2820401815152056,0.2257616359793645,0.2307692307692308,True,5
-0.010860211683818946,0.99862143558341854,-0.051354495377673774,-0.99454665682852084,-0.0054599647244385251,0.10414958557968573,0.10372561493380041,0.052205528237158599,0.99323490656948032,-11.438271873704577,1.326992154969417,-3.2934897278110626,,0.1022386386716929,0.5263157894736842,False,4
-0.99018104614251234,0.13844032838077405,-0.019384822360377429,-0.13556193478382428,-0.98479946794440409,-0.108595440853126,-0.034124151239058161,-0.10490130320564205,0.99389700617718535,5.381779520541226,12.145329943346738,-3.77464779489629,,0.3227704095771349,0.9333333333333333,False,4
-0.18474931744804188,0.98257419136930024,-0.020387450979702237,-0.97837122066738713,-0.18191589219484131,0.098470110880219078,0.093045388237625426,0.038138781075461252,0.99493114792220105,15.237155738607903,2.1645139379436182,-2.6210645797077223,0.4544626164062391,0.4846798835330703,0.8376068376068376,True,5
-0.99291900007194411,-0.076582444822258136,-0.090812931024044585,0.070088491941360465,-0.99489061660452649,0.072665427058897697,-0.095913829000399867,0.065785941790871369,0.99321334428670016,25.681620291267823,5.7558714304708971,-2.7782747551236193,,0.5318732008924196,0.9259259259259259,True,1
-0.23856823791949483,0.97014522015626037,-0.043628518929124879,-0.96734478973689009,-0.23343897293401783,0.098743626044434221,0.085611060178457807,0.065760913341228439,0.99415604844091165,-9.9771846866829996,4.3401864771398992,-3.5722456289630395,0.1107724022963652,0.1211876464280262,0.5079365079365079,True,4
0.90809214787500914,0.41786241880532576,0.027561747366886158,-0.40333440047110453,0.85501864599793542,0.32598232527619186,0.11264995501272182,-0.307138590779506,0.94497400688569833,4.1724403476199035,-12.283557514796147,-1.2321391723812969,,0.2442862805817024,0.2884615384615384,False,5
0.29462877251414749,0.95400757492444177,-0.055348291695351347,-0.94706408970666756,0.29923266091573381,0.11631605490804611,0.12752841406874341,0.018148323010031206,0.99166886710082613,-5.8464489945599425,11.692468504129028,-4.232072607224973,0.1549837762514206,0.1543925100845639,0.5833333333333334,True,5
0.71663307002950749,0.68886694289734651,0.10908426982543301,-0.68452646722034094,0.664727852069393,0.29926643373096701,0.13364340094042435,-0.28913529301431906,0.94791361616900605,4.6447493431318518,-16.879116132840053,-0.6766404342897766,,0.4054090154716693,0.3793103448275862,False,4
0.6309756826135573,0.77539181151446512,-0.025243347374578295,-0.76289676819533847,0.62606092210142084,0.16135750027386053,0.14091915777304939,-0.082554590749618281,0.98657312477013048,-3.7783623695128279,20.308295941777832,-4.9941732538257879,,0.1209980834259095,0.3076923076923077,False,4
0.65826172269318062,0.74949944921237088,-0.07029992935529239,-0.73874971066407658,0.66111372811120672,0.13106297530822528,0.14470787618768116,-0.034339687436758866,0.98887836281111785,3.7377542936332593,-14.915985215997559,-0.92508212204258988,,0.3513902466098845,0.7592592592592593,True,5
0.65338425688927859,0.75540117114897332,-0.049579062879464827,-0.74452750728176587,0.65306870019160423,0.13849210710668713,0.13699563405469034,-0.053575586387919268,0.98912175832560933,-8.1558492810431709,10.417223438614537,-4.2260770803830496,0.1644134448985168,0.1557369399444078,0.6721311475409836,True,5
0.96368599939564903,0.25533579287950298,-0.078185212434362494,-0.2429887001516248,0.95989938821855536,0.13982008473845273,0.11075100978065441,-0.11574453495625565,0.98708531366864483,-9.0888121616138875,5.9267382647055245,-3.738604778753948,0.2370315895076804,0.2108763593174133,0.7558139534883721,True,5
-0.45178168302646859,0.890107847505341,-0.06001108806862207,-0.89039786833178791,-0.44569601601559589,0.092448349785344275,0.055542298763907733,0.095200215951614778,0.99390742623786987,-9.0891732831961018,11.011971082610186,-4.3356876092455643,0.1601874070895615,0.188484930886863,0.8714285714285714,True,5
0.99559364171211373,-0.026703827537840969,-0.089889967055505449,0.041403446756142354,0.98527756185653903,0.16587308611931145,0.084137121290913525,-0.16886394433644641,0.98204170640763266,6.5981683296984857,38.257664084805157,-6.5244656933305629,,0.3268738545099352,0.7368421052631579,False,1
-0.99560877231725664,0.029804436141474551,-0.088740453408883146,-0.038082072945364469,-0.99492839060201355,0.093098084267459663,-0.085515660583949965,0.0960686898025358,0.99169444822208974,5.3194959166269085,7.4164340483625226,-3.3472369541173599,0.5068167907265912,0.3895583860700875,0.9735973597359736,True,5
0.96750159023994653,0.24055728350637473,-0.077928597030934577,-0.20833902252608813,0.93299099090720372,0.29346662941273188,0.14330221413519842,-0.2676938629069206,0.95278773668951156,-13.558775753172641,6.5542189173323466,-4.1003544332726412,,0.2259696008709651,0.3225806451612903,False,4
0.73288422144387477,0.67782614888318404,-0.058586942647639764,-0.66699202501813659,0.73280462642070421,0.13460690197243938,0.13417286059710964,-0.0595742510368725,0.98916558375864705,-11.057789294417912,5.7419896666887054,-3.8091679329135681,0.2314548052300594,0.2115091449394188,0.7802197802197802,True,5
-0.086927546064688693,0.99508261701317524,0.047478279806473851,-0.99293996960454323,-0.090404416497876477,0.07679360806347646,0.080708230663915428,-0.040467601805504669,0.99591593757064201,15.566719896151413,8.0191362118281795,-3.1481347631239709,,0.1876127512836511,0.1666666666666667,False,2
-0.039742775578542854,0.99728648651052942,-0.061969150492779831,-0.99378402069089489,-0.032996535023124447,0.10632285218101548,0.10398957644279508,0.065809516788614603,0.99239874823142371,-8.8658529370853003,-0.18854516164912682,-2.9148566180285371,,0.09950300286893014,0.3061224489795918,False,5
-0.07610762637486447,0.99578110665863395,-0.051260285107385874,-0.99206853856696708,-0.070465614088069728,0.104089442388713,0.10003821266489124,0.058775716523898527,0.9932460778447183,-4.7414558101479933,8.0370983552064956,-3.8113282030641518,0.4129626393299691,0.3672650194673831,0.9726890756302521,True,5
-0.93689829892331511,-0.31606999914491735,-0.14940325670858437,0.33799429132381081,-0.92811950717534064,-0.15605780798511248,-0.089338885750350039,-0.19670774270764066,0.9763834428398257,13.184147751561998,3.6410716341639491,-2.8291103716278529,,0.3445174472190735,0.1818181818181818,False,4
0.45998176777904115,0.88702729921146473,-0.039991796214756424,-0.87800905355085057,0.46109501977677281,0.12841917543652412,0.13235133242097505,-0.023957320189702425,0.99091330176545722,-9.2759185269191313,2.3979388761037845,-3.2684598584157936,0.2322335631184809,0.1691403855919596,0.6827586206896552,True,5
-0.56050779584343136,0.82632267935926718,-0.054971268634261418,-0.82797661609469775,-0.55780021437715099,0.057564260102756087,0.016903668214668165,0.077780141535782166,0.9968272245397205,8.2121835104337499,10.097780392195221,-3.5300905680783288,0.2946452743695616,0.2596789851850211,0.3793103448275862,True,5
-0.87115339570830608,0.4903245922529989,-0.025952945455500503,-0.49039090938019109,-0.87149255316080043,-0.0041816004754759994,-0.024668140245159884,0.009084273069311033,0.99965441970695323,1.9764443941641274,30.781122091584503,-5.890997098705208,,0.1947126032605334,0.2142857142857143,False,4
0.99820156005661598,0.049437521085150524,-0.033905412687264463,-0.038768066082393131,0.96376804194758647,0.26390945108644126,0.045723982249686157,-0.26212037850856013,0.96395136008916937,-6.5085440902886971,24.899333211146654,-5.6940312805625384,,0.1828886948239059,0.4761904761904762,False,3
0.58501053136112524,0.81051710174264702,-0.028717694532715238,-0.80264967205657223,0.58368148584678614,0.1227575945804,0.11625911639115399,-0.048764237535188638,0.99202110209085803,-8.7005541634089347,12.667575975829658,-4.5071315860967838,0.2499728298997065,0.2643220038548303,0.9230769230769231,True,6
-0.77246401651486551,0.63459945791388639,0.024142725718577465,-0.63505846131591592,-0.77188717632772097,-0.029848580064686311,-0.00030643234478174713,-0.038388996290845134,0.99926282381713694,14.645472407587771,-9.9893649114062644,-1.3974450766008442,,0.3262274038972963,0.4210526315789473,False,1
-0.096386905422006189,0.99481553947003454,-0.032428488896573807,-0.99036656181472071,-0.09259983436215774,0.10295311513204343,0.099416486069766441,0.042039423224479767,0.99415745694155255,-9.9881221832047959,0.98008391039531806,-3.1415501244318911,0.1867421808772103,0.156339877778343,0.4714285714285714,True,5
0.74031903847365277,0.67225494151371479,-0.0010074144322493178,-0.65818744464117263,0.72513058592512614,0.20242262984312404,0.13681012020376804,-0.14919425915991291,0.97929774024223892,13.356516734147998,7.0400387923284411,-3.1437590925209804,,0.8186078353078619,0.3928571428571428,False,1
-0.20726166410099681,-0.81728498333626931,-0.53766891169856446,0.97051845769314604,-0.24089589657188776,-0.0079429397418415149,-0.12303058916790494,-0.52346386983999127,0.84311864592187602,7.303547528147309,2.5926560034613413,-2.867882168682788,,0.3017647102560802,0.6538461538461539,False,1
-0.99432334466183414,0.035507983213017173,-0.10030089425647462,-0.032591627139948121,-0.99900122172953021,-0.030567054540426283,-0.10128609036227537,-0.027124566559687018,0.99448749906073475,2.8259509454749967,32.002751829637603,-5.9890321276948306,,0.3175895540927056,0.5454545454545454,False,2
0.94741672606833061,0.31765715548184315,-0.038671420159455377,-0.25945294855393863,0.83325830074227814,0.48822614814321186,0.18731181130038815,-0.452520204869655,0.87185993687753127,-12.070607910603124,0.23718445278064548,-3.20296611258886,,0.5302434034612169,0.2363636363636364,False,4
-0.80366472831058799,-0.58132667448545894,-0.12720967730934246,0.58334328676284841,-0.81185098489256524,0.024669578790284488,-0.11761638601056813,-0.054380840933642455,0.99156901417963039,-7.039916235114811,-9.4550574470987403,-1.6967653448014959,0.5700208258027966,0.5661308605894967,0.9656862745098039,True,6
0.60228252570070029,0.79536191402247858,-0.068228915850136226,-0.78586250312190009,0.60576034099128684,0.12439668592491361,0.14027075754613672,-0.021303403592372185,0.98988397278308027,-3.2538614999379627,10.412170977602546,-3.9370701032461048,0.2095662339732722,0.1432062814013858,0.5769230769230769,True,5
0.47939614045903661,0.87560403020411104,-0.059134785053308714,-0.86706503556213788,0.48297425620952766,0.12220512241508202,0.13556387652546442,-0.0073109595249079007,0.99074163395519854,-7.0183318260272394,0.53026028772205613,-2.924004025910472,0.1867571886484996,0.1183443559237852,0.5138888888888888,True,5
0.50932151004412629,0.85967055743318321,-0.03947318189469641,-0.85058097503363173,0.50984660405134141,0.12871847283180243,0.13078074903137543,-0.031983949409596681,0.99089526321552146,-20.889997250626664,2.3313021007597827,-4.1015251829056831,,0.1388813893712064,0.2,False,4
-0.87420268199743434,0.48116861383433518,-0.06516468253001928,-0.47857948041266518,-0.87651463550728737,-0.051805160645161899,-0.082044815292845547,-0.014101730470835558,0.99652887037019233,-10.182792841872894,9.3668104538977168,-4.228163232373511,,0.113940183688044,0.125,False,2
0.95914847665181568,0.28074538333018351,-0.03487448172071967,-0.25172044120864751,0.90317970826128358,0.34771142354369927,0.12911630111734274,-0.32472826228071117,0.93695279308080648,11.244908506941787,-0.49993028671642192,-2.5127420916200469,,0.3161747090960166,0.55,False,5
0.018996723468788845,0.99967542700180956,-0.016975427717768922,-0.99360568268713267,0.020765922616961113,0.11097983505891768,0.11129632441949087,0.014758628209193801,0.99367766960121195,12.104905135369034,9.6711855875994885,-3.4242917579083754,0.3006017677809288,0.2838338172400184,0.4680851063829787,True,5
0.032550008608411736,0.94538023095524548,0.32434043204416996,-0.99327736644499265,-0.0054709001705891061,0.11562933260822143,0.11108811929136067,-0.32592374594424683,0.93884670824473682,7.0571408761760788,-6.4467064273869159,-1.8682992497087587,0.7152281993897266,0.4620422115773239,0.1666666666666667,True,2
0.97833275765058214,0.2047548585709518,-0.030666972452425105,-0.18499942855358148,0.9310475714555847,0.31452445234275006,0.092952819982271506,-0.30203620242985446,0.94875386991521471,11.881633235713549,5.7452876572229137,-3.0634480311363235,,0.2560183357022743,0.4,False,2
-0.23043372576519811,0.97130496924763143,-0.058880852106849513,-0.9694460599706658,-0.22392038379775545,0.10016984839371058,0.084110848511488243,0.080164321457398463,0.99322658378033435,7.4895317068694762,4.2469708863523952,-2.9960302398448464,0.3959802559131477,0.362956251712591,0.9682539682539683,True,5
-0.99606439992073337,0.02187148545532934,-0.085891497451884069,-7.7631985109827793e-05,-0.96928998305117775,-0.24592056182825109,-0.088632416100569988,-0.2449460489181754,0.96547694324388222,-9.5260022258894175,14.923466234452956,-4.7966158418948597,,0.3476714026240897,0.6842105263157895,False,1
0.82226498573853812,-0.53254280351861971,-0.20069493179682479,0.56858413125891183,0.78381652430529047,0.24968728823575281,0.024338835406645054,-0.31942106794402947,0.94730027047633936,-8.6607181300713147,18.455773121473676,-5.135007554355278,,0.2533882218274288,0.3414634146341464,False,4
0.58699571270084838,0.80585501207415988,-0.077677105930759091,-0.797961866561953,0.59209868008132127,0.1125877993342098,0.13672195428601219,-0.0041051870739654828,0.99060095631656886,3.7259796603752786,8.5345281619709574,-3.4971544925644431,0.4647223385159721,0.3743535045115,0.9893842887473461,True,3
0.60280988135536984,0.7963992679657812,-0.048666753784207664,-0.78628405385819544,0.6033025678363706,0.13335440858990516,0.13556413090728303,-0.042121462766730788,0.98987279424466668,-10.666239849520034,2.9357841491824144,-3.4347620105144947,0.1439138270572287,0.128450171410295,0.4861111111111111,True,5
-0.69967113885927545,0.71390791167966039,0.028209769381390616,-0.71406986810540285,-0.70005189229907261,0.005618856860642743,0.023759648804171345,-0.016212394322680262,0.99958623307798145,9.6902679252568138,-5.6023160719461833,-2.0336041832003451,,0.4264360072565871,0.4315789473684211,False,5
-0.054141316557292554,0.99462882739632696,0.088216855269560843,-0.99235685107928429,-0.063407160390298173,0.10586506566023468,0.11089002641107913,-0.081810926675149082,0.99045967829039017,21.386606925064161,-0.1514243254645396,-2.2688411723523294,0.4724207495961747,0.3038638138169183,0.5925925925925926,True,4
0.7513632394301446,0.65931338461361721,-0.027552555278537196,-0.64562513411943545,0.74311552357164212,0.17591902915860375,0.13646050207404736,-0.11439046942897578,0.9840189794295221,-12.05865993804187,9.6758604716469439,-4.3794404834448875,0.2025015881394304,0.1949682718959636,0.7962962962962963,True,5
0.72783571824994275,0.67604598715230491,0.11496517079035357,-0.67189129747834941,0.66949595438329979,0.31676055852529061,0.13717598774001877,-0.30779374639465862,0.9415124842867939,15.869179680277687,0.22221867512106985,-2.4111414441290924,,0.2659614411155751,0.125,False,1
0.4896655576312956,0.87031529234296767,-0.052715591465985569,-0.86088663563322798,0.49217387783339583,0.1289925368637316,0.13820941450471469,-0.01778105431108655,0.99024340030613278,8.6645720707547369,14.543362202630334,-3.9352101771645058,,0.2187412698083691,0.9069767441860465,True,5
-0.97428437317050243,0.21993093955858614,-0.048993285464834509,-0.21601878965726973,-0.97354461837631734,-0.074476563733289258,-0.064076850037821528,-0.061977881985334118,0.99601852363991816,3.6788924477467067,-4.1626599777562534,-2.1369018369185415,,0.370489376821333,0.6033057851239669,False,2
0.84798768774033151,0.52657072956466122,-0.060333640753294483,-0.51388528232139996,0.84470551361031243,0.14964795985844301,0.12976439440101509,-0.095895057443434323,0.986896823332439,-9.8664936219290276,7.250931423369714,-3.9566284262698308,0.182635412814424,0.1866919730669512,0.7375,True,5
0.97068754986335259,0.23943337497426748,0.020912663357739933,-0.21398170114876955,0.82131528345321281,0.52882231112127642,0.10944182068003555,-0.51779616077622803,0.84847488104930857,-14.368903734328583,12.368523780842365,-4.864324221788527,,0.5984685913221235,0.2608695652173913,False,1
-0.16927199730015793,0.94920770391739551,0.26523899742285328,-0.98350752750896275,-0.18008473308666584,0.016805720523375769,0.063717613445740312,-0.25801981267524671,0.96403622442510351,6.644925461696408,-7.4118109040725306,-1.7705743282879931,,0.3340090015233586,0.375,False,2
-0.28382457304291692,0.95474560201677039,0.088906957920297458,-0.95388184765462669,-0.29058104519968897,0.075313191976256105,0.097739615571179966,-0.063430998733205318,0.99318853998005185,13.05944460705496,-6.8236618611130568,-1.7637467485815663,0.5551834827285793,0.4590774956272714,0.8888888888888888,True,5
0.97681285054152722,-0.19472821799583531,-0.088980762713653766,0.20517583594155281,0.97015024628275515,0.12927248734048322,0.061151707765377122,-0.14453172922814167,0.98760875243372659,-11.650033700883251,4.4448183025572661,-3.6610993001120749,0.2223723430018424,0.1793469753160092,0.6617647058823529,True,5
0.33181827653635682,-0.92966981499909707,-0.16003332914110868,0.94048117654023222,0.31281153262475392,0.13283110189429612,-0.073428794964524605,-0.19458412097727057,0.97813354504053318,7.7267127860669422,-11.049451257760147,-1.2879179137746521,,0.2747855617865011,0.8518518518518519,False,5
0.75049169563645945,0.65964246679075,0.040423146672731801,-0.64339148800160395,0.71528599116004021,0.27278809361348588,0.15102850044873328,-0.23073310741289835,0.96122454462825402,9.4865867739606333,-2.197719701686133,-2.3715929196340153,,0.3661477729241095,0.1610169491525424,False,5
0.59075858984068619,0.80648252728024084,-0.024294479231323222,-0.79530815628512852,0.58711942403967399,0.15091626307881054,0.13597508990912704,-0.069833481275093034,0.988247974861172,-4.3407667928409257,3.5145015365505317,-3.2381867527032839,,0.2579732920400788,0.8326848249027238,True,4
-0.76842093912946452,-0.58028949808461716,-0.26980244387346519,0.62781387068460326,-0.76528138677604762,-0.14210609708997318,-0.12401211264794773,-0.27858301719026568,0.952372037834879,6.5240170122723962,10.9509930141836,-3.6720986862395213,,0.4598136111748445,0.2222222222222222,False,2
0.38353079845669491,0.92349324589406967,-0.0080219338818648608,-0.91360565160173723,0.38066567707415394,0.14289281178226118,0.13501422146031497,-0.047474910065325629,0.98970565973816382,-4.0515178738742499,14.439819517051546,-4.408182813973732,0.4090827070436763,0.1467961297358413,0.3,True,5
0.9796776535217433,0.19370976363040882,-0.052040586702898253,-0.17017132736022847,0.94004052176136443,0.29557661746335573,0.10617633698046247,-0.28071399131655711,0.95390054017415182,-2.949672108666761,25.777235885354454,-5.5588453037717738,,0.2757029565387108,0.1428571428571428,False,3
-0.71820296917157211,-0.61466466655541652,-0.32614696497354917,0.6760942757285987,-0.72727707160274535,-0.11817187249069679,-0.16456313499736255,-0.30537748576025503,0.93790381478624241,11.641046714574157,4.4722148386979317,-2.9370988503818203,,0.4973709880306383,0.3,False,3
0.54357298589802827,0.81349664412621525,0.20676464639122261,-0.82542991387939713,0.47338265159199217,0.30752938468508123,0.15229532584735592,-0.3378343901486639,0.92880248630046613,-11.063066003930443,-7.480571805750019,-2.1517290846730122,,0.4595859235310567,0.125,False,5
-0.26676766972419613,0.96262252729178643,-0.046828200267545236,-0.9604202238807974,-0.26148688610964177,0.096008343144974972,0.080174833649233737,0.070586672559756508,0.99427839044518129,-6.94553967837928,6.2456162586293793,-3.6945274445789296,0.2534239436677144,0.1784579373081608,0.7791411042944786,True,5
0.855288229670361,-0.4149698467068586,-0.31029352315416658,0.51744022188229621,0.71541775556709664,0.46950298380067479,0.027159914685782049,-0.56211872530936291,0.82661047518818487,6.3958611585867899,8.9875719097178219,-3.5072145502459415,,0.2449099291648388,0.5454545454545454,False,2
0.99368126607962182,0.076351387622047601,-0.082267898056220909,-0.062891066367926685,0.98585978333079305,0.15532289394055024,0.092963730634618824,-0.14916753406539307,0.98443221786334523,-4.9571702584393895,15.719958027314853,-4.5951870739382645,0.2062779693645811,0.1479480732096162,0.5303030303030303,True,4
0.15030588402253214,-0.97438853349171817,-0.16725766657484653,0.98617147462685939,0.13582265106791294,0.094963309173427574,-0.06981377987538806,-0.17921828382378124,0.981329120572078,-6.0701768492343238,19.948860271542124,-5.1164935843306569,,0.2857308158944398,0.2857142857142857,False,4
0.63561864540473323,0.77098726623973057,-0.039592586554038516,-0.75949433369987485,0.63369154646911574,0.14698088655115535,0.13840987931370821,-0.063353446865718019,0.98834662243496196,-14.771847234960275,1.2580167414597105,-3.5051090724608875,,0.09553715693673365,0.5833333333333334,False,1
0.60368605832019684,0.79596130045956681,-0.044819093705024508,-0.7854976867267669,0.60347337791552025,0.13716146067365287,0.13622234448401779,-0.047597167121031209,0.98953422505001354,-7.6416611550766325,3.1611202211531171,-3.2822398703335249,0.2227564927526596,0.2072297438650142,0.7974683544303798,True,5
-0.86497079022858125,0.5017891654837251,0.0057589456059198713,-0.50070363510886839,-0.8622200966099568,-0.076631421692954324,-0.033487338504431245,-0.069167466377372616,0.99704285753162392,1.66249834636001,-12.379565673778568,-1.2447936545021254,,0.4674078678009752,0.3174603174603174,False,4
0.29103318239321996,0.9566806523203335,-0.0078623292996583619,-0.94851050733293296,0.28960206649720099,0.12829053183915382,0.12501001649906673,-0.029879299799230118,0.99170546192829401,-2.0667088737868529,17.073034183645152,-4.5571574470940028,0.1399260833771934,0.1284718079472996,0.8085106382978723,True,5
-0.12174612218435764,0.99219642927153318,-0.026909616754836444,-0.98768619004590552,-0.11841986040108464,0.10223857713794564,0.098254118110517388,0.039025407152371058,0.99439586979779704,13.490064419010556,-1.5880037534972069,-2.3541879503672325,0.4738496969826229,0.4487523670573258,0.8482142857142857,True,5
0.35796470377861972,0.93250620815427976,-0.047889900839431329,-0.91505473683026095,0.3605493569747516,0.18077331050128387,0.18583890726429017,-0.020888583935219446,0.98235816666223852,3.7092506398267888,-7.8027274258593975,-1.7337479854302784,0.5028802662861331,0.4510738792781431,0.801762114537445,True,5
0.96017905036032181,-0.2630948746740866,-0.09400679852743124,0.2738558088764238,0.95290924631639973,0.13025730010003367,0.055309919488188905,-0.15081463856316249,0.98701355492276421,6.3728937087561306,5.4866653113502686,-3.1315919619949648,0.2070007378630928,0.1517406996432414,0.7210031347962382,True,4
0.35222428379924481,0.85406950391358349,0.38275754256045036,-0.92667309658720542,0.26091505165168949,0.27055555415307375,0.13120604392934673,-0.44998735349607566,0.88334384909275787,10.125078504692054,0.89138465422543134,-2.634429043353641,,0.3042126455340848,0.3269230769230769,False,1
-0.54952912246394625,0.83463243332127657,0.037502597406179949,-0.8320615863473183,-0.54267940226605837,-0.11477187321525027,-0.075440440674675036,-0.094274957461450704,0.99268372219274981,2.0107926193337016,-1.1742373236824613,-2.5112673946318065,,0.3134520946236125,0.16,False,2
-0.10729482293021758,0.99291781259310818,-0.051010179451675061,-0.98981623356800119,-0.10185052156675055,0.099449962402396175,0.093550225748687349,0.06116116980486673,0.99373420318034278,-7.6156486376374488,14.039869901814091,-4.5593436263189817,,0.1044763625565051,0.15,False,4
-0.58086515877161171,0.81358469782095399,-0.025992437300447088,-0.81327115094842628,-0.57869847132453311,0.060812123147207339,0.034434029102803826,0.056462542966430815,0.99781074301768857,-3.4948743940264153,24.448493995007755,-5.4444285600854165,,0.1770410180830845,0.6538461538461539,False,4
0.99139548906240205,0.10286869012960578,-0.080950706344910917,-0.087205333215983977,0.98022534158101859,0.17763307569556022,0.097622815598660428,-0.1690452966319814,0.98076168030831801,-2.7836650793362634,12.649688958277105,-4.1435884493162884,,0.1014185816089463,0.2830188679245283,False,1
-0.71171346718000739,0.68701700692527856,0.1465318150779702,-0.70246870938876049,-0.696437858450489,-0.14666977073202744,0.0012856765930302425,-0.20732086608040229,0.97827215309614635,-15.04973035046285,6.3278950689341773,-4.1466326585727682,,0.3291503195762528,0.3157894736842105,False,2
-0.42059612803822488,0.90120091460152729,0.10457441656842194,-0.90499045450440918,-0.42487951800998947,0.021671927267869207,0.063962288382748436,-0.085523720083797689,0.99428090546277326,17.330762989173483,7.0224793012080564,-3.067047153289602,,0.5039670340450938,0.2333333333333333,False,2
-0.4218623921266127,0.89775596416557135,0.12675311007765433,-0.90467577917274178,-0.42604914275150674,0.0066228799550532153,0.059948783869273603,-0.11187652464146414,0.99191218691310734,8.4538011976816847,8.099261204497914,-3.3217457613207571,,0.2086775315239436,0.1785714285714286,False,1
-0.4395123851666386,-0.88494009336658375,-0.15398017546903267,0.88806210532141561,-0.45383020205149111,0.073374687719928444,-0.13481305714665257,-0.10449487479414711,0.98534575696276705,22.916106690297617,6.625356576726726,-2.8824404251468039,,0.2270466755745743,0.2727272727272727,False,1
0.11172597307364553,0.99352053480871194,-0.020838758460060905,-0.98690494079429558,0.11338832798329478,0.11472456107111142,0.11634407925009946,0.0077481604631362347,0.99317874586243682,-15.112693797732096,-0.3445551027706989,-3.3248432722611634,,0.1296834998535902,0.3888888888888889,False,4
0.67431114169275308,0.73627246198651641,-0.056633434553542694,-0.72551277349189369,0.67484015947969633,0.1349887945479874,0.13760704810843441,-0.04993616799206943,0.98922731434041555,-4.0291648869525583,5.5123587276451023,-3.4750209303170192,,0.08245050576740845,0.3333333333333333,False,3
-0.33654834375842907,0.92935165137908304,0.15179170067045716,-0.93896783185501587,-0.34338967122621339,0.020565612965430399,0.071236388559141869,-0.1356062010902323,0.98819853024122972,10.026942375503586,6.4205993650103279,-3.1440165487500193,,0.7279940189497982,0.2445414847161572,False,1
0.12816517538390115,0.97845960646889263,0.16183475006176151,-0.98071725612424632,0.10076478405695569,0.16745184930027929,0.14753762692595485,-0.18017562766005288,0.97250675670576348,11.199872940005907,7.6469776865523356,-3.2278474263536738,0.9110661949638492,0.4435096042758369,0.1379310344827586,True,4
0.75819491711356823,0.65196654192570458,0.0089496297457890006,-0.63895779056516711,0.7401921124547699,0.20940052181363916,0.12989768873705287,-0.16448484692877585,0.97778899850202239,-4.5706390705320938,-5.224881252075865,-2.153454740462589,,0.411311583845266,0.3189655172413793,False,2
-0.98126854144334308,-0.11623243786270128,-0.15362965196259498,0.13386613064012332,-0.98488756004925193,-0.10989246165080264,-0.13853486435224971,-0.12839982261952296,0.98199876624677052,15.720160319248938,-6.044885571902479,-1.7833356829065443,,0.2460231813379299,0.28125,False,2
0.45611528769696208,0.88988808032716704,0.0076189776706803158,-0.88019143727705207,0.44984966241986446,0.15132189188908035,0.13123215335150881,-0.075726387160374387,0.98845517663390403,-1.0239211264928525,23.5396407465457,-5.182973023300149,,0.1547553549420743,0.4117647058823529,False,2
-0.57348248539355906,0.81618402062482198,0.070437798258652956,-0.81916483473669099,-0.57229966658125153,-0.037974533068859631,0.0093173213766524383,-0.079477896975755441,0.99679308355078178,-5.9750511472292409,-13.044259580075945,-1.2986668554259471,,0.1890334290845022,0.125,False,2
-0.38006673534175384,0.9245109049404483,0.028789986676855318,-0.92420806477421358,-0.38082816882167742,0.028449232647468417,0.037265663726319717,-0.015795330896190535,0.99918055316790255,-9.5598841467583018,13.389544374077255,-4.6350758264869381,0.3472139439103826,0.2332199969614113,0.1551724137931035,True,2
0.57745776686074179,-0.73292456490188518,-0.35967222530463194,0.81287481716925603,0.475135231585051,0.33686947519576027,-0.076006967471752132,-0.48689638925545631,0.87014645148144198,13.105932612279217,5.8097955411963458,-3.0400397065002345,,0.4042088984391892,0.2333333333333333,False,2
-0.96552946415953855,-0.18386177168903176,-0.18424902374548885,0.23530707162931472,-0.91916478785079825,-0.31585863106211687,-0.11128088731238582,-0.34832591302768207,0.93074466016862045,-11.007558632388086,-6.2935002852734954,-2.2851279774358471,,0.5062168128124371,0.3421052631578947,False,1
-0.95157530162127868,0.30725053988260448,-0.010077255887451494,-0.30413996061579684,-0.94570217800867418,-0.11465720590644067,-0.044758571257298464,-0.10604006908474962,0.99335400238158178,-9.1388466009366294,-33.295953585958628,0.69387415113035222,,0.6999620223346487,0.8,False,3
-0.3213237886720231,-0.9378759147020177,-0.13091902633044294,0.93804776802785073,-0.33417261897879974,0.091624481569163807,-0.12968194836377619,-0.093367174888737747,0.98715002047402678,-8.0645479114087433,-12.47871921576222,-1.4418506018969726,,0.3852962781219224,0.1818181818181818,False,1
0.6870446721726301,-0.65532552075886819,-0.31387589949105954,0.72641299991395347,0.60927541016987741,0.31797425700571796,-0.017139778155331863,-0.44646605291382019,0.89463640189763138,9.6677692851831569,-3.5980163318029104,-2.2405217949355061,,0.07400458923051739,0.2857142857142857,False,1
-0.59907745259733858,-0.75338845917089536,-0.27113102990544802,0.78865653804739078,-0.61370220779210416,-0.037288941339257642,-0.13830065359422306,-0.23616822339002808,0.96181988931203233,16.997682576334057,11.226496968653272,-3.4918617086115655,,0.3042578450053305,0.2727272727272727,False,1
0.99504337006757726,0.077350485108600861,-0.062494752883933635,-0.040423130712127532,0.88881546771092712,0.45647895336065258,0.090855171498325116,-0.45169012255225455,0.88753668712946199,-14.722932751345256,5.5360809250666909,-4.043185453759043,,0.3650780941549829,0.3333333333333333,False,2
0.089309624859047004,0.98896451679609165,0.11820734082877364,-0.98939274001761179,0.074438144745856721,0.12474361148867416,0.11456787031266093,-0.12809428997839223,0.98512235583553431,-14.379915579537121,-7.9508111889998236,-2.3445860395692586,,0.5271544324425017,0.3714285714285714,False,1
-0.89588038757568444,-0.41421993265969836,-0.16068658483095599,0.42615789305426371,-0.9034207925539951,-0.047120290413596652,-0.12564943829875164,-0.11069200047205724,0.98588006354054147,7.6991176031540967,-3.7010425636669972,-2.1919473250269608,,0.3249183772917001,0.1627906976744186,False,1
0.98211561686327076,0.17409745935555643,-0.071686747444823673,-0.15708925061455173,0.96758739649427095,0.1977311242237727,0.10378767968615601,-0.18293360760499655,0.97763153220115873,-11.050242682335723,7.9524855304593336,-4.1289572159889332,,0.133271651437652,0.1578947368421053,False,3
0.86305124755313933,0.48264241373856137,0.14899276679619164,-0.48825513403021831,0.72154841081980248,0.49089185666147506,0.12941973647826074,-0.49641131262697086,0.85838589253660524,-13.183419721086441,13.494850341061698,-4.8997306947299757,,0.6521426918610265,0.2333333333333333,False,1
0.39411705926291235,0.91905629306154646,0.002696994980289337,-0.90937566092883027,0.38953748892006468,0.14593303956302861,0.13307009772374911,-0.059967281994601405,0.98929079353947935,-4.8949747020729202,-1.6008287443677403,-2.5893841720050119,,0.129458894618246,0.4461538461538462,False,1
