axis_00,axis_01,axis_02,axis_10,axis_11,axis_12,axis_20,axis_21,axis_22,location_x,location_y,location_z,dbh,dbh_approximation,score,reconstructed,number_clusters
-0.30242460626612366,-0.95014351339815661,-0.075938537464109196,0.94652281600419685,-0.30875473198894882,0.09362197529383029,-0.11240069531931909,-0.043563969307675435,0.99270754216430468,4.4658884695775392,-11.534184953712966,-1.083788200867398,0.4485633187517819,0.3811682255114611,0.9698795180722891,True,5
0.983172713728799,-0.15558291604340493,-0.095735945258713512,0.18253763100970452,0.85727267773957283,0.4814182892938188,0.0071713488629066638,-0.49079273857368033,0.8712468418989151,-11.438194772388176,2.2725317658003137,-3.4184486141023629,,0.2359970685709085,0.25,False,2
-0.79314142458563019,0.59001759095019868,0.15101630036390179,-0.6082946621938885,-0.77967787784549336,-0.14859344112298367,0.030071324425421622,-0.20971802299199477,0.9772993739277791,1.2207861840097562,-14.371883706830515,-1.0354714800544595,,0.3362937769616934,0.1594202898550725,False,4
0.47055665011071013,-0.8585969714759073,-0.20343962153176051,0.87196147328955154,0.41716925261035898,0.25622842109186156,-0.135128191489787,-0.29796149960844559,0.94496524624759881,-9.0136589506238778,4.18979474859802,-3.3512684832186928,,0.3752157682139955,0.8313253012048193,False,3
0.68222816158103883,-0.69608621546414062,-0.22367099987831524,0.72928517060345299,0.6696460821467517,0.14041817761029907,0.052037250923235814,-0.25891717846893625,0.96449676993240185,7.7362882689646622,8.4922913236016502,-2.7005763633622655,,0.2298091621259388,0.3142857142857143,False,3
-0.99615752939718394,-0.082568766628338688,-0.029198893862148276,0.079892922108454875,-0.99331971236931804,0.083265058791230112,-0.035878930060279354,0.080612330297601426,0.99609957061617072,-6.1722591672048353,10.422325702622098,-3.6167911682047724,0.4422328450732499,0.3827777027697837,0.8531746031746031,True,5
-0.41652459098547412,-0.88969467808171465,-0.18695091574383738,0.9015917275543055,-0.43066212392706077,0.040773665769439478,-0.11678879188530278,-0.15157016463575138,0.98152272682921837,8.9095842791920816,-0.74125026149678441,-1.7890463978602835,,0.1226539608024259,0.1612903225806452,False,3
-0.55938220612237333,-0.81472115180674409,-0.15271212221810765,0.81974632512669598,-0.57104742403578379,0.043826954529972408,-0.12291261088652912,-0.10066918247799181,0.98729843805420314,15.261707978797885,-8.2633872183689032,-0.79834594213873955,,0.2681193622903276,0.2,False,5
-0.85077191112856188,0.52552395915313932,0.003423972935492868,-0.52464331812311216,-0.84968958077118673,0.052697296682608544,0.03060300611744288,0.043037015287930996,0.9986046621820277,7.7018290977091635,6.8721619233344642,-2.5323247879439079,,0.1600494525020335,0.4712643678160919,False,5
-0.0049517442569898922,0.99837114341326627,0.056837841518660184,-0.98679092268930202,-0.014082093304227191,0.1613857786366773,0.16192330013561648,-0.055287924973342992,0.98525331271979655,8.0706662714385242,9.9825404028339317,-2.8377409416550812,0.2795788009843054,0.2247161444033636,0.2474226804123711,True,4
0.30110948514479446,0.95357627582608784,0.005036282109334763,-0.94726049393691136,0.2984993369407492,0.11660061094321425,0.10968424947199389,-0.039880221007173824,0.99316611570783264,2.2331204181280269,-21.873545886898611,-0.31354342168311522,,0.3195966743394145,0.9661016949152542,False,5
-0.91765448007856254,-0.39290576874358774,-0.059458490392488975,0.3901445983441939,-0.91922671890891838,0.053004071794459241,-0.075481438609707407,0.025442015092261551,0.99682258014827019,-15.022849872211715,5.2436631626640722,-3.9635438478038387,0.27282615624873,0.3090232183435978,0.6666666666666666,True,5
-0.89569339966047146,-0.42235555853552004,-0.13910109984761132,0.4409766533642448,-0.88391696842157619,-0.15566111950027828,-0.057209483412603179,-0.20076497481024458,0.97796753519587964,-5.3239453381224475,31.304513754054135,-5.657002201076593,,0.3118415295680894,0.2916666666666667,False,2
-0.11229644707749585,-0.97404677174066434,-0.19652581111742756,0.98820928679179554,-0.1301877460375889,0.080582605319662617,-0.10407647895765626,-0.18515949136688598,0.97718168693674079,-5.5791368763468023,-10.390794901029269,-1.7170886770690301,0.3827022592152529,0.2866156783037552,0.7395833333333334,True,5
-0.80646871868560854,-0.58924813252754316,-0.048937144322031979,0.58595740868362967,-0.80754826518480771,0.067228822730831819,-0.079133564246523402,0.025542860251161204,0.99653672350788536,3.4047279397915289,16.981216932189149,-3.6444717859217923,0.0783936201448971,0.13478290894917,0.5333333333333333,True,5
-0.94143192016329624,-0.33225023290703454,-0.05758231005151946,0.33127015015245004,-0.94317535397398011,0.02608331409214542,-0.062976402847584018,0.0054803639730990235,0.99799996908572108,3.2622658934004041,-13.672138166496365,-0.9634670912968849,0.3470381767694066,0.2725939216649326,0.7798165137614679,True,5
-0.078013639121850623,-0.9905889851777917,-0.11246036882119077,0.99080875243554778,-0.089541824393504249,0.1013917046971585,-0.11050741245762039,-0.10351678186997229,0.98846972015495027,-13.374786244975667,10.833689817133523,-4.2035762625485846,,0.4167030947952902,0.7777777777777778,False,1
-0.91534840741431078,0.37222559707990094,0.15357538188979228,-0.40224110399278623,-0.862721080718439,-0.30645461514337236,0.018422467336075523,-0.34228707507371559,0.93941480238217001,10.113922676866345,15.106277211066317,-3.2348240682188347,,0.4256806374959756,0.2222222222222222,False,1
-0.36107096620112639,-0.93092688859878847,-0.054798589857439829,0.9257757519958445,-0.36489715489047103,0.098941009542901373,-0.11210269569958584,-0.015006479821012934,0.99358330862603983,-9.5436603754401244,12.120860887045627,-4.0053274267567636,0.2895325654041402,0.2641719271721967,0.9230769230769231,True,5
-0.35198820485380039,0.88951163142352174,0.29133033004832359,-0.9259645797746332,-0.37638168680406309,0.030437195030367792,0.13672564004819068,-0.25904803299927665,0.95613817827373671,-7.3369274139382537,-2.5468945035531578,-2.5915707553687195,0.6672238461752742,0.6487897210461804,0.4661016949152542,True,5
-0.76211378997242973,0.62219518762046266,0.17904111157999067,-0.64395120957595986,-0.75712607394267006,-0.1099406560004921,0.067152146797546858,-0.19908103038234956,0.97767956535993183,-6.1673178026501576,-16.905633844364957,-1.2318897355533651,,0.4819573366831403,0.3870967741935484,False,5
-0.77572853317062973,0.61721278020561243,0.13150523478478068,-0.62975623073925702,-0.77054593762239831,-0.098316061041426386,0.040648895065249033,-0.15908281479932443,0.98642806395879545,-13.942459237472001,-3.888887338017339,-3.1470191212961018,,0.57949259347353,0.5925925925925926,False,3
-0.80330671205050408,-0.59036305363007813,-0.078548018964056332,0.59125299265954845,-0.80636642951581805,0.013895323711200475,-0.071541771334909618,-0.035279544476655447,0.99681348741666997,-2.2299261524738707,23.911757866864598,-4.7172898127713383,0.1660509796378352,0.1973414805801842,0.675,True,4
-0.96974413163654605,-0.2404679033918965,-0.042089269354398842,0.23832655988779136,-0.96988871791827469,0.050162991406976914,-0.052884496863756278,0.038614275768825826,0.99785378072056052,4.4069292875254833,-9.0280811769936893,-1.320065955111839,0.3177987054324179,0.2671413771826208,0.9428571428571428,True,5
0.46820752561475398,0.87434066235463903,0.12771107669642312,-0.87590943493964835,0.4401992738175497,0.19750255976621281,0.11646619570250437,-0.20433552183541687,0.97194784827933689,-10.354611234558799,-4.3355135310165345,-2.7292891426333612,,0.3168037411326778,0.5,False,2
-0.80019593546294621,-0.59186901304646677,-0.096837679980378302,0.59396570889517342,-0.80444397911937682,0.0086383514190148947,-0.08301326114082519,-0.050605887542713057,0.99526270030619568,-6.1708289632010116,-13.947992974290075,-1.4584344510803686,0.31725536830573,0.2333896491075713,0.90625,True,5
-0.89436623250327763,0.44725803255288349,-0.0083243302924616361,-0.44672003607988509,-0.89200528258599954,0.069049150635314596,0.023457440667732022,0.065473873839846916,0.99757852839850414,-3.8707929880730569,-7.2287785665210418,-1.8516727244263189,0.2712683494167554,0.2448329994170567,0.7282051282051282,True,5
0.94665448685675413,-0.31820538224432243,-0.050898106297981416,0.32214964772336563,0.93053162727526051,0.17415652474761759,-0.0080552458489686306,-0.18126286258139263,0.98340169191592952,11.44351425041714,-6.9209306431619098,-1.1089660494158446,,0.3854218480365452,0.8666666666666667,True,5
-0.045192888052394922,0.94449161274527305,0.32541234814203918,-0.99341991900394877,-0.076805168781855046,0.0849578164419105,0.1052352953892861,-0.31943161944651449,0.94174782882792241,10.788855996494259,-3.366774091537466,-1.4431620216486711,,0.556409636296129,0.3384615384615385,False,4
-0.73684551588650726,-0.67431367093014061,-0.048577349811048567,0.66940516473260236,-0.73776307699076393,0.087191557265810071,-0.094633034122679857,0.031728779141935524,0.99500646903771328,6.5474061503618373,7.4067709873947489,-2.6228497968363733,0.3185300064531121,0.3001407166711524,0.7269230769230769,True,5
-0.94753183568664623,-0.31612232793764822,-0.047435157210420256,0.31268615568085995,-0.94742471893873337,0.06792473768361447,-0.066413766688995318,0.049528534433645577,0.99656215855862984,-9.1433452877129771,-6.6207866542595326,-2.4041695574069797,0.4141074511498051,0.2551815631434608,0.6129032258064516,True,5
-0.97489266241178096,-0.22003815833877441,-0.034168781812480911,0.21677519688411512,-0.97291058666586228,0.080333706308997666,-0.050919650347598509,0.070909796420293908,0.99618220721919659,9.1806740488476439,7.5056905934914067,-2.5497592570807783,,0.06202505292662011,0.2,False,1
0.138723541489154,0.98995957676351731,0.027125917697027602,-0.98485936780470962,0.13502994445185865,0.10871494721811284,0.10396059197607573,-0.04179653664512023,0.99370279502498071,-6.1864650877442209,14.250091558804026,-3.9655075123409511,0.4551710784072324,0.4556926482554792,0.9341317365269461,True,5
-0.67709485633639621,-0.73162247708526118,-0.079190318514459457,0.72906064750752164,-0.68154329821709148,0.063002419884334956,-0.10006561736534955,-0.0150759304520496,0.9948666184681727,-10.852151866674719,-7.4043287593337421,-2.4917845031806687,0.2259558225726048,0.1796062074112498,0.7894736842105263,True,3
-0.99719987720768632,-0.06886124058857461,-0.029163923631393453,0.065689289039658691,-0.99296959057611356,0.098469840543029055,-0.035739644688209907,0.096278355489215914,0.9947125997301195,-3.8206747449028668,-4.5949848722017226,-2.030767770767155,0.4072016407278313,0.3458347146928905,0.9915433403805497,True,5
-0.21123675132336742,0.97699913873244093,0.029184204741929096,-0.97205362401959461,-0.21310890740380511,0.098470023943988821,0.10242454257024136,-0.0075681240228596333,0.99471198674694372,-9.4169257572840213,0.64646219928068605,-3.0550791295850881,,0.09886399274457272,0.1578947368421053,False,4
0.5453702090831678,-0.82027732420646848,-0.17238458874637952,0.83620139708886343,0.51826523129544333,0.17935543910602136,-0.057780260913351096,-0.24196334727176594,0.96856346205389576,3.2250060762881216,-26.202779225171,0.14934767992910242,,0.2301149159396708,0.5,False,5
-0.030556542487525474,-0.9367518165700639,-0.34865790090559062,0.99676826716168565,-0.05448479955282802,0.059029045369022662,-0.074292121323179597,-0.34572740818507974,0.93538935205556462,-2.5040258935684032,24.966737545650673,-4.8312751247653605,,0.2707812414732393,0.2857142857142857,False,5
-0.19422850796004251,-0.97844895322704883,-0.070092315017474663,0.97447405507620732,-0.20065263640209341,0.10069178461137002,-0.11258597905134073,-0.048745927355857102,0.99244558132285987,7.753628127163199,-9.1074362377228155,-1.0891200492890871,,0.3115615832238598,0.925,False,5
-0.7812140419099981,0.62410157454193393,-0.014207229741292906,-0.62254730373914102,-0.77717860682830842,0.091805597299591341,0.046254462809209973,0.080564494305419829,0.99567559321675814,1.4841996160692972,29.647039823391104,-5.1407849023867556,,0.1350835714763419,0.7,False,1
-0.92243452621633726,-0.37974519523427286,-0.070058058355367131,0.37995010443594573,-0.92494278446942624,0.010897871216784621,-0.0689381098025907,-0.016565993916079956,0.99748338575758633,5.0809102227028973,16.87215862523994,-3.5853063259505058,,0.1606645182157639,0.5,False,4
-0.86618857365020907,-0.48894465012953242,-0.10320118210332743,0.49561653089102686,-0.86696384446066987,-0.05232539255006062,-0.06388747283590665,-0.096471868996528598,0.99328322713461592,0.20030052789463942,18.826817791552276,-4.030897771642902,0.553709441758716,0.2445457553668752,0.5217391304347826,True,5
0.88368082335147602,-0.45250419095653188,-0.11978380361147035,0.46785896966208051,0.84579768607561112,0.25638693167920618,-0.01470329716740976,-0.28260614182270716,0.95912334016876599,-11.654788283312717,-0.97768374873658681,-3.1298244052592104,,0.3629273525830852,0.2444444444444444,False,3
0.52528314490701411,-0.84846483858975852,-0.064691849204148583,0.84724196020281284,0.51442624873719012,0.13246394030783551,-0.079111810422288903,-0.12439072428054246,0.9890744507693392,1.4902752922202867,-24.048640991867973,-0.12760375113288067,,0.3883239787324636,0.85,True,5
-0.68869329929367817,-0.72302267063638437,-0.054219528343750316,0.71844801665883018,-0.69057956408273014,0.083260513031687786,-0.097642136739124738,0.018387044817932685,0.99505172213100657,-6.3654224939875395,-6.8870443082280381,-2.0659287133758992,0.284442054987268,0.2577947850324044,0.889795918367347,True,5
-0.0076440227595973792,-0.9967408609463283,-0.080307067161133103,0.99335671045564911,-0.01679046610609633,0.11384430614076362,-0.11482166480583114,-0.078903335594333476,0.99024756951143555,3.6923341449527793,-24.639250624723129,0.047227813650512825,0.2439657671199499,0.2562349332459342,0.2307692307692308,True,5
-0.96265629312021594,-0.26841544863794992,-0.035298842028222671,0.26488948605973389,-0.96078921402432649,0.081961249316536533,-0.055914412194489914,0.069550220323199241,0.99601021348274321,-7.4998200162017952,-0.46340542471534513,-2.7889155168218078,0.4445940801818859,0.3913025159452947,0.4755244755244755,True,5
0.3115757418439864,0.95019297339205344,0.0073396464995039989,-0.94293577527201,0.30822293949923313,0.12597913826751148,0.117442244556813,-0.046172858724798344,0.99200573905126044,5.7119795160084621,11.799266273679441,-3.0895525619315083,0.4381928047858413,0.3487181446660027,0.8298969072164949,True,5
0.28685942408354831,-0.94779485411710185,-0.13927162425848433,0.95251623896878679,0.26670046825132143,0.14691383439037636,-0.10210036882995101,-0.17480210165689469,0.97929553248297863,7.3488036053266637,-5.8525922629368567,-1.4030201777291333,,0.1494762776922216,0.3333333333333333,False,5
-0.03390095287303678,-0.99533957939672468,-0.090276503480433729,0.99288198198690514,-0.043860569878649891,0.11073220062690174,-0.11417572088695775,-0.085879986587520468,0.98974164945387277,-11.716694555698838,10.681004327321439,-4.0581180292816565,0.3382620267345,0.2922037504721201,0.9387755102040817,True,4
0.48094990332850868,0.83691362223475352,0.2612714668811032,-0.87021305087823064,0.41935948079783125,0.25858629496973784,0.10684772608484047,-0.35172889386980788,0.92998405827606589,12.913061173203541,-19.00240970185164,0.080945414874354055,,0.4285519835616219,0.873015873015873,False,4
0.58008212552748262,-0.79679201518876541,-0.16919578060621146,0.81138311995673995,0.54689703651852417,0.20630333030885301,-0.071848175291968935,-0.25695547470074165,0.96374878662882502,14.296138581538473,-6.4589079965734744,-1.0161633513230515,,0.1309262006926584,0.2142857142857143,True,4
-0.9993357586350804,0.02479505970130183,-0.026706675713391217,-0.026633942279671401,-0.99713090824769701,0.070856086088415302,-0.024873170925607618,0.071520324604511326,0.99712896284110331,-11.460535396959521,6.3362217666419554,-3.736074044453352,0.2423950960725747,0.218054637853757,0.75,True,5
-0.60529443696769714,0.79595204519565721,-0.0088874250944396029,-0.79339006230445741,-0.60236723935311698,0.087669367458845834,0.064427118610782735,0.060116975164719866,0.99610998172117382,5.0732780518948095,18.533810304075818,-3.7634159389362605,0.3253526663747849,0.3362051478925331,0.7317073170731707,True,5
0.088091143744649519,-0.97608012665255717,-0.19876502898570025,0.99047426730976151,0.06463054178676228,0.12158790591806287,-0.10583324709631479,-0.20758246414925408,0.97247562662864373,11.705636885720951,3.3414572930470761,-2.0352557765419701,,0.6499929283673029,0.3392857142857143,False,1
0.97845432444870206,-0.20196828481964801,-0.042847950880319882,0.20634820791130765,0.96354895622300163,0.17027573536283469,0.0068958001293906654,-0.17544862749127429,0.9844644366618851,6.201514009119534,-11.084693172956275,-1.0527692355838834,,0.1217253037671805,0.391304347826087,False,5
-0.54138115823844413,-0.8347193796013358,-0.10074720255352265,0.83405023574722792,-0.54830760804442658,0.060983368311299004,-0.1061444570120967,-0.051012981470986637,0.9930413032533173,3.4737356785372979,-17.04080223198909,-0.65462195099002496,0.3976531166524722,0.3854028699558083,0.77,True,5
0.98626172285598357,-0.16115878559218796,-0.036272025799510089,0.16461514865796031,0.97714859417476907,0.13447110371597351,0.01377195924575478,-0.13859462734437328,0.99025343342490357,4.5470905122717165,-3.7149106437282744,-1.6889387517230539,0.3333111083372839,0.3689252408550039,0.9375,True,5
0.20380362829473525,-0.97271332733940952,-0.11087318841900813,0.97362892165323978,0.18951954046347477,0.12700026260942676,-0.10252221229690359,-0.13383245719484071,0.98568659795441105,6.1604281471037226,-14.402729681314486,-0.75948263422796147,0.1881472720208264,0.2320317567257943,0.4782608695652174,True,5
-0.95481476558772838,0.29685076150237977,-0.014435678408350784,-0.29718729725354964,-0.95316629076517012,0.05615810271099473,0.0029109735111210837,0.057910685926049164,0.99831752398162044,12.191342515696904,11.163017512696214,-2.7856641049868025,,0.4155255325427371,0.875,True,5
-0.79743554158488328,-0.60139732827976378,-0.04917123707194658,0.59959258457502851,-0.79890784249456059,0.047275699078105207,-0.067714766040067972,0.008216613575432883,0.99767088647584112,7.575600187068015,-12.66627195284776,-0.81701387055354313,,0.2667607502769018,0.5909090909090909,False,5
-0.0036595236456711273,-0.99541839990403336,-0.095544842975341979,0.99421573399232654,-0.013877569701979524,0.10650111427242676,-0.10733909897511054,-0.094602442841940831,0.98971142038452342,5.7181560341000015,-17.703095774185705,-0.45783496587093203,0.3152901342562452,0.3296147232349431,0.7878787878787878,True,5
-0.63264255687326532,0.71390370116221213,0.30017478358408206,-0.77156666110462657,-0.61440092014994141,-0.16491330083035116,0.066695447406204617,-0.33593602781749782,0.93952046412491008,-6.1424720088860543,-8.4843054069669694,-1.9239782068504516,,0.5285300459294477,0.4782608695652174,False,1
-0.72272639964865948,0.69088259544420527,-0.01864914376496158,-0.68895374811725907,-0.71804216390389808,0.098783519938243469,0.054856943098100103,0.084241855205636068,0.99493418155446156,-4.130378629882336,3.7664267042938611,-2.928580492683893,0.4956456555014447,0.4793405549271961,1.0,True,5
-0.84483323433668167,-0.533175563410339,-0.044504210388340786,0.52950463799567038,-0.84513459325412943,0.073296368438360696,-0.076691880282701325,0.038358022201951773,0.99631672556043105,-6.8278760539880317,17.341856941010054,-4.2776675077131276,0.3324759732184622,0.326183103984074,0.88,True,5
-0.034760917883959248,-0.99594079875891539,-0.083027730038326378,0.99329529126377403,-0.043594590875807943,0.10706995843645614,-0.11025489985065591,-0.078749203258340866,0.99077869377833183,4.539394660654466,-6.3993237246281307,-1.5313694200939554,,0.2849323775764249,0.8557692307692307,False,5
-0.67865433474699155,-0.7212073708139205,-0.13888204424183698,0.73085186909710087,-0.68185366246111889,-0.030514397022288059,-0.072690022467967172,-0.12221092942953923,0.98983869865830987,-0.65690434188530533,20.862007221786225,-4.280118363003182,,0.2433649705801837,0.2222222222222222,False,3
0.67862297015745687,0.72514820430707816,0.11675164309289551,-0.72784857721874496,0.64261648312126396,0.23933345829930702,0.09852569723335991,-0.24739469964224639,0.96389239522552639,-9.1606537146206044,8.3917766716985955,-3.6757331745405053,,0.08046932667189094,0.2941176470588235,False,1
-0.99871788551664198,0.023290028951489891,-0.04494618671930891,-0.023208831709479068,-0.99972792917560216,-0.0023276075579817118,-0.044988168220647738,-0.001281474815068801,0.99898669788063255,-13.035960121262715,-5.303156173194461,-2.91331901471034,0.2290168368073505,0.2264935090143106,0.1904761904761905,True,5
-0.99911034289620582,0.041998769185558185,0.0038244090685758854,-0.042059653453543969,-0.99896103156766047,-0.017545454130428684,0.0030835481500016103,-0.01769069801261116,0.99983875246693321,5.4316905086118492,13.356933449316259,-3.212017830641126,,0.1841257130467248,0.7468354430379747,False,5
-0.015834051070790361,-0.96290785433337789,-0.26936545229442105,0.98426275289606246,-0.062430851476697219,0.16531552269935129,-0.17600032979557961,-0.26250876718118388,0.94874286878208636,0.44909576374467203,21.933793284856396,-4.34063672765806,,0.2741016926473144,0.28,False,2
-0.73128089630447102,-0.67231350397114897,-0.11499044776922071,0.67569557420762771,-0.73707683219123887,0.012378790052065915,-0.093079222688816923,-0.068646163949376171,0.9932894656033967,-7.920157538075701,-9.5451832294882912,-1.968471337276793,0.1447665539435383,0.1675076426006705,0.2941176470588235,True,5
0.50071264168775165,-0.86272458199348356,-0.070662196953107201,0.86192477598791706,0.48938659135880352,0.13261389345158175,-0.079828134089738739,-0.12730695119426072,0.98864574503983504,8.0846011251970538,-5.1924591239208375,-1.4144950867398169,,0.07472944610725288,0.3260869565217391,False,4
-0.57814439777905979,0.78359624950423612,0.22743344758320402,-0.81348009873826166,-0.57516420481813324,-0.086233789506847985,0.063239103990136353,-0.23486816569901106,0.96996791723628961,-10.254499116868663,-0.89662726489436317,-2.9773317631983311,0.629596105709735,0.3718407724593154,0.1666666666666667,True,3
-0.10858599255551282,0.99362724043995232,0.030232255562867127,-0.98852117104583714,-0.11114178984045675,0.10233961571759943,0.1050474969473347,-0.01877257592191715,0.99429000486696795,3.1445065495209019,18.794215107446057,-3.8749483197645196,,0.0854796855021807,0.1818181818181818,False,1
0.97767048766164544,-0.19105945825178669,-0.087502576921886926,0.21010980524183556,0.89622858465488664,0.39067658464352972,0.0037798540547070089,-0.40033811642164296,0.91635970297874458,-11.711070545156415,-2.7378114166311862,-2.9677250293741979,0.5248806590031839,0.6233505531081417,0.3846153846153846,True,5
0.50413259847347458,-0.86126935120971837,-0.063760707517812432,0.85983532115371397,0.49363992827368353,0.13039494511077093,-0.080830338690808329,-0.1205600509320654,0.98940978894813159,8.6855407834290315,-3.9716721272820354,-1.4824735087250018,0.3257142373209126,0.2141486349783583,0.5306122448979592,True,4
0.63364330310952688,-0.7671098241391674,-0.10019322399056459,0.7709641509312164,0.61541241439269523,0.16395681806580015,-0.064112731991051969,-0.18113552362948823,0.9813661292688447,8.1667856974037374,15.454043742567858,-3.3424907837776212,,0.1474197822641402,0.5,False,3
0.99489552250846003,0.086288900710665403,0.052317539188707823,-0.09850822090896072,0.94293753367111466,0.31806436142325956,-0.021886747267889219,-0.3215945167573282,0.94662449634776058,6.5318750834483081,13.946021546625886,-3.2485517901497256,,0.2031778067071245,0.3076923076923077,False,2
-0.32832921940257359,-0.94033940507122271,-0.08922850977571975,0.93995379940167911,-0.33458704904447389,0.067367363033287386,-0.093202889852432594,-0.061752003060708625,0.99373030115879324,4.0489641077976577,7.6559174369696112,-2.7586121688036087,0.3948535049497846,0.2167904187017442,0.7184873949579832,True,4
-0.99834090568108658,0.057340619126706925,-0.0052430374816908459,-0.053187140655512909,-0.95323077111839138,-0.29752684763215576,-0.022058198311719991,-0.29675436035752428,0.95469905493618146,13.147937413375669,5.9541358887513089,-2.2352686567924853,,0.5836008043169769,0.1276595744680851,False,1
-0.85110129819152625,-0.51765538008018241,-0.087518499134415506,0.51879553873776563,-0.85482814651994266,0.010955770309332293,-0.08048458984482823,-0.03607973657499889,0.99610264702298057,2.8302377155167329,12.797112263973798,-3.2388066519041083,,0.1218335737550229,0.4776119402985075,False,1
-0.088312633745653346,0.9314793228611995,0.35291238261493102,-0.98900428628764847,-0.12418893634190824,0.080297134412908297,0.11862293380946738,-0.34194060766792084,0.93220449494846802,-1.2953771757279549,-22.358608828043995,-0.49954949975979401,,0.6346784970018214,0.2413793103448276,False,4
-0.55463313051687146,0.82764399289563195,0.085950634417849767,-0.82955432346391611,-0.55804768450486175,0.020552523959050793,0.064974725512156883,-0.059901609682362369,0.99608738683013298,-12.343673791624498,-11.761154996890259,-2.2709114191014139,0.2101053443451381,0.2517012727450862,0.8297872340425532,True,4
0.061470064353201133,-0.98280425291839379,-0.17411844139530425,0.99320371852127975,0.042956260371867561,0.10817177640385481,-0.098832204791325706,-0.1795844095136909,0.97876536266650926,-16.577520565859739,7.8827630488484628,-4.3338226207074433,,0.2963464666919115,0.3076923076923077,False,2
-0.50462199256212437,0.85051891834376614,0.14823702021418853,-0.85226443559977305,-0.51816532609382715,0.0717636861224272,0.13784765661567058,-0.09012360608313541,0.98634464523924925,-15.611380415176166,-5.4905919777068233,-3.2112583300521114,,0.3415498838430521,0.2173913043478261,False,2
-0.98576466065129797,-0.16424722234363276,-0.035928870890052859,0.16157239568282625,-0.98453224492037472,0.067754111796707817,-0.046501556579807216,0.060984495279126909,0.99705491151250381,4.2167132889900332,3.643207141270703,-2.4068979479357302,0.346547414589527,0.273220040230054,0.90715667311412,True,4
-0.93081658455833749,0.33176451454097922,0.1533388170116729,-0.36522058936080698,-0.86032379418927607,-0.35560777586930331,0.013942991719700801,-0.38700810849794404,0.92197088725119081,-14.110697397941905,-0.56885090142406169,-3.3869566421628394,,0.2000108297753439,0.3333333333333333,False,1
-0.91579407960447845,0.37046133451548202,0.15517604000100887,-0.4001543355375205,-0.87483358586428261,-0.27302509920219142,0.03460796890763624,-0.31212913461073977,0.94940912772905184,-0.62766412752709533,-24.326860385450704,-0.25178711454258901,,0.4592766536261041,0.2,False,3
0.13272779117212946,0.9349684452715058,0.32896404027971199,-0.9848738318268071,0.087111784670644163,0.14978341815527518,0.11138612495885805,-0.34386849712946915,0.93238811009609657,-4.479074299518536,-2.1736945947673347,-2.3673096211930331,,0.4709993095512416,0.2053231939163498,False,1
0.94985152472092149,0.31266232509099862,0.0049347192454769241,-0.30786778429694095,0.93228910541778542,0.18988009719661988,0.054767767687146363,-0.1818771409165986,0.98179488552068306,1.2340953525566638,16.327456025519293,-3.6527818563497361,,0.1845879173520238,0.2833333333333333,False,2
-0.82159545574243875,-0.53881526667807589,-0.18616931943262793,0.56382276322718672,-0.8162564869465242,-0.12581430437187119,-0.084171246695255802,-0.20833496084995454,0.97442893292297827,-13.292221670482443,0.095564500296718813,-3.369987744255142,,0.303118751738075,0.3333333333333333,False,2
-0.68511033328411386,-0.72569850329709973,-0.063130923798721983,0.72197059795631091,-0.68799567455081811,0.073623416695859784,-0.09686220580772216,0.0048614927455180763,0.99528592825094664,3.7299507940310077,9.1896018292425463,-2.9244347177872601,0.193578969461721,0.231714138233776,0.7926829268292683,True,4
-0.74227507228246214,-0.63950745434765865,-0.20014477985159185,0.66835919534593424,-0.72804339044665833,-0.15247559681296285,-0.048204803335355061,-0.24694743865995281,0.96782914787409058,0.49113585237513335,-18.501838725936349,-0.70855616887116057,,0.3365106096500858,0.2173913043478261,False,3
0.43392989815372213,0.87079321746801874,0.23113635780637218,-0.89422051586865448,0.38498578819966861,0.22837603176313545,0.1098840865999124,-0.30578606131734459,0.94573800400329044,-1.8114309422546837,22.521630914279015,-4.5218648183148478,,0.4214420203402811,0.2592592592592592,False,1
0.42172242134899518,-0.81221786017390984,-0.40305377674208154,0.90256739892297333,0.33351513578391762,0.27228614471627666,-0.086731134738101748,-0.4786123711497125,0.87373217203528175,12.339022510560305,-0.74250947842678139,-1.6065993500043521,,0.3573355800048152,0.1538461538461539,False,3
-0.90330090822569775,0.42222176454310101,0.076001649618548661,-0.42846213243650155,-0.89681306971538544,-0.11021124740984409,0.021625685343963152,-0.1321177487462544,0.99099809797982275,-13.449216993570984,4.7605575349262965,-3.8197134595400462,,0.2843763384526716,0.1111111111111111,False,1
-0.18410302758148911,-0.98178539772791029,-0.046941538572749651,0.9765157297045961,-0.18813458123361571,0.10498766110144089,-0.11190667931284715,-0.026510604525350472,0.99336503007347265,15.388192373590275,5.4554371538554012,-2.0877757896627633,,0.1974277831625563,0.3636363636363636,False,1
0.98585997657834046,0.16713304000479703,0.012110058617067397,-0.1613689959254338,0.92740906070796125,0.33744996854466291,0.045168061005219848,-0.33463260608543749,0.94126556571963127,-0.14493640484990114,-28.935871332680009,0.15864761557865897,,0.2391425055351098,0.3809523809523809,False,1
-0.73748327027329896,-0.63765084929943661,-0.22253049331430147,0.67016553825796443,-0.7317476988777446,-0.12419120950589629,-0.083645546195910386,-0.24072120715639422,0.9669833106247262,8.951009423471108,9.3251523114268036,-2.7241166607082956,,0.3698761716327797,0.5555555555555556,False,3
-0.79859209088110639,0.59795106270376952,0.068594453081676054,-0.60013566184269929,-0.79975136094328625,-0.015328015330947881,0.045693104148950878,-0.053406809311109055,0.99752686828598192,16.891489214250782,-1.1441106310383393,-1.3829732649962867,,0.2451442968829982,0.3636363636363636,False,2
0.51124323897382495,-0.76775675266105781,-0.38623816402176026,0.85440237472540848,0.40546338690251704,0.32495541839631337,-0.092881282652296004,-0.4961340651727994,0.8632636078904159,-4.2058610966879622,-28.19061982107397,-0.19391189797116301,,0.5924780425797539,0.4838709677419355,False,3
0.31551552943076777,0.9425400572539443,0.10985531921465266,-0.94230715256676023,0.2975659590296989,0.15333535224552519,0.11183550826792926,-0.15189713788767201,0.9820489186349054,-11.961284977393442,0.72142670477767246,-3.2996615143997921,,0.4178335031577493,0.2898550724637681,False,1
-0.64622958895929472,0.75871941998771741,0.082049741541357191,-0.75852858847686688,-0.65040433374481554,0.040107145364078334,0.083795577549137287,-0.036318650573298389,0.99582089594652634,-8.8180524059527894,18.755422086351295,-4.6043060927458459,,0.3315923589650321,0.2631578947368421,False,3
0.83005994613555911,0.5548810294636175,0.055745214707887999,-0.54750164360001785,0.79183186733850242,0.27063673830893509,0.10603035450620484,-0.25516531309842272,0.96106619278521721,-6.2132681798846878,-32.042712203707588,-0.0090627804649519306,,0.2364066848147175,0.375,False,2
-0.11608072984062956,0.92766178331348448,0.35492094885947922,-0.98770086745033625,-0.14549723603067913,0.057249897338659449,0.10474855892813495,-0.3439101191984314,0.93314177342748994,-5.1524128005177632,-14.58481108771038,-1.324790458624536,,0.1988076183109931,0.2307692307692308,False,1
-0.14955866681615992,-0.94067544467713882,-0.30456840440472654,0.97927042542575238,-0.18348021051646174,0.085816351794411438,-0.13660760984161979,-0.28542025178726033,0.94861669856853048,-13.842139211055304,-2.3669513262558759,-3.2070145941276982,,0.3161899737266982,0.16,False,3
-0.89202503198912098,-0.43708003309980242,-0.11511901220164851,0.44594311958513932,-0.89258316241714253,-0.066558487543567538,-0.073661906026669777,-0.11070836840496123,0.9911193574770043,-1.676819772271587,30.578573639402176,-5.3653725642536498,,0.2361039329847272,0.35,False,1
0.62734513677999049,0.77872379995527707,-0.0052271160028551956,-0.77324410752439166,0.6236987379325134,0.11442654622156437,0.092366820543422462,-0.067743100642075033,0.99341795976220204,10.443101100078554,-11.637137850317332,-0.73214537607110552,,0.1860042344274305,0.8888888888888888,True,3
-0.9161511730735723,-0.39704677366382313,-0.054962601822199184,0.39481329035864626,-0.91754362411706958,0.047288091506134181,-0.069206169032074327,0.021623074833660674,0.99736801071752934,-15.925167569953963,-14.34717130128262,-2.4547649493186223,,0.274369145962816,0.8461538461538461,True,2
-0.99037231141713677,-0.13078140115791811,-0.045375212279942387,0.1319662082155966,-0.99095956501165672,-0.02416734162265588,-0.041804361823570294,-0.029922660695199058,0.99867764053744823,3.9845094315501486,-22.991872952985755,-0.060124989116009379,,0.1444652674923038,0.391304347826087,False,2
-0.17048737612162471,0.95617215777669728,0.238052219640604,-0.98002564515063184,-0.18964564380015148,0.059868728353906914,0.10239037762529953,-0.22309041772402688,0.96940542400456375,-5.2125338228131701,7.2477239977163608,-3.2704321842510469,,0.6640397293024283,0.4705882352941176,False,1
-0.044677503534019405,-0.99409985518046029,-0.098840268150969954,0.99249722419383746,-0.055440548630641649,0.10897525193850663,-0.11381204086341312,-0.093229949574808957,0.98911829214547631,-17.956455204370631,0.64438535057140911,-3.9031215729937432,,0.5873028105439448,0.9148936170212766,False,2
-0.12463987347037543,-0.98375866307458659,-0.12916576468627586,0.98534020564055069,-0.13800834156156386,0.1002914592957129,-0.11648854488543399,-0.11477190634091716,0.98653830560467648,8.8157953494407639,-16.329916117025341,-0.41193987004758398,,0.2081149591488942,0.3846153846153846,True,2
-0.99256472622278269,0.12109205535206956,0.012327951529102741,-0.12085133698244513,-0.96836517876479355,-0.21832048668273205,-0.014498917471592869,-0.21818706351761757,0.9757992553316035,-12.53514402758773,0.11728283217731544,-3.2777506194864197,,0.1301840828753076,0.1333333333333333,False,1
-0.98833260509065735,-0.12135687970232877,-0.092038956228489455,0.14595181106489383,-0.9273824765037002,-0.34447033416644446,-0.04355147025753401,-0.35388451509324181,0.93427459529606671,-5.2736702638216615,8.1382927401840099,-3.3190458185980223,,0.451234831704888,0.2592592592592592,False,1
0.042698277205244516,-0.96242808055652085,-0.26815862260982026,0.99329758985971917,0.01203781197393269,0.11495646594147717,-0.1074092877854511,-0.27126975658774083,0.95649148666271511,-3.4756037001191666,10.770371358450989,-3.4439191087378003,,0.1832727658015877,0.2857142857142857,False,1
-0.92083651325630989,0.38951769934439451,0.018332423500776743,-0.38958311416735769,-0.92099131219830044,3.3039959183162049e-06,0.016885289740644082,-0.007138960197586277,0.99983194699793043,9.2978804644577515,-14.709376359740403,-0.54014625571927299,,0.1512633109118169,0.4230769230769231,False,1
-0.23185032781338039,0.93021832633081791,0.28449831432034944,-0.96766718610105884,-0.25041729778921684,0.030189301270581122,0.099325940398705959,-0.26830028387282595,0.95820108288274974,0.70300557583401579,-26.478987326509603,0.033688285875310447,,0.3992897336545806,0.4814814814814815,False,1
-0.99935647119313864,0.024715178853861951,-0.025996219313945353,-0.025624802759575061,-0.99904960459724346,0.035259850221240049,-0.025100059122041999,0.035903307484311558,0.99904000898049961,8.4284241094535002,-18.192891365228121,-0.24943780851514069,,0.1176633449584537,0.4615384615384616,False,1
