axis_00,axis_01,axis_02,axis_10,axis_11,axis_12,axis_20,axis_21,axis_22,location_x,location_y,location_z,dbh,dbh_approximation,score,reconstructed,number_clusters
-0.61434191766682822,-0.78858757874005236,0.026714019808792622,0.68148577390550058,-0.51323228106521745,0.5216989224035391,-0.39769479272661368,0.33870674089763025,0.85271132014805606,4.4585671818195021,-8.1422323219868709,3.9396013446000446,,0.398702097337191,0.3666666666666666,False,2
0.87289845884721839,0.41666074049420793,0.25385450138409466,-0.4647938782148377,0.55190997843145428,0.69235975221108925,0.1483742946610358,-0.7223497788735096,0.67542273106938755,-4.0963646131371982,-3.3483925034218514,2.1407762195805589,0.3840247313901168,0.2576744395411033,0.7191489361702128,True,4
0.95486189298246316,0.20344934470861964,0.2164419771384011,-0.29673861786030331,0.68665769433083612,0.66366211545229625,-0.01359992648155614,-0.69793235700452627,0.71603454319313597,-6.6273991791372415,5.5916031542534945,-5.5040732644342585,0.4031719173729945,0.4153949286460844,0.9496644295302014,True,5
0.9118279378260391,-0.36548985642490373,0.18704805973443522,0.14736946004120222,0.7165703383594394,0.6817691635961578,-0.38321280517106726,-0.59409099895044959,0.70725089672546881,-7.8866464309074935,-1.2327427472456085,1.2639184119822773,0.1921965580228907,0.1738074724379003,0.4311926605504587,True,5
-0.15261568010403842,-0.98768522840478978,0.034443341553343443,0.77354624010813311,-0.097691112827685736,0.6261650428513712,-0.61508915500190142,0.12220612122748546,0.77892939046718512,14.511090260978825,4.8158949052687783,-11.635740837830223,,0.367475127979176,0.34375,False,3
-0.68298922909802284,-0.73040572046073826,0.0057616364270974552,0.63711455713429166,-0.59185952430529376,0.49374826032775743,-0.35722647441596994,0.34089556613036393,0.86958579735929153,-10.075355380169555,-1.1621550239531906,1.6653699974166001,,0.5168371025964461,0.15625,False,1
-0.079880163206754728,-0.985360170318757,0.1506137253886686,0.76525664288968931,0.036201588099097931,0.64270655476065219,-0.63874989631252876,0.16659765835237383,0.7511616272096443,-9.3395006564813166,-3.7604119670241651,4.1180408609195664,0.3066668450400956,0.2964034503236323,0.726027397260274,True,3
0.9634817850545202,0.14375103865512201,0.22591699527421083,-0.26393033237306229,0.65224283681587036,0.71057727340228827,-0.045206520786265247,-0.744254607448257,0.66636435211559841,1.6245721292863764,-16.471880626818791,12.318799740396599,,0.2100705099761011,0.4642857142857143,False,1
0.22373434919753493,0.88190072644203377,0.41496270879461983,-0.76523096830057891,-0.10473626507013163,0.63517862049420237,0.60362613109681929,-0.45965359073999645,0.65142464673737488,7.4605825704377438,-7.5964524995867695,2.4112786754175581,,0.2327061975827195,0.108695652173913,False,3
0.43355396779762728,-0.90112588477097499,0.0017597734689201172,0.61553168514838952,0.29757267796749398,0.72977479122373001,-0.65814261492879977,-0.31531356000492938,0.68368534962488414,8.1667511915479913,-2.7696009639224624,-2.3722119176750742,,0.2885569136407817,0.4558823529411765,False,2
0.69208928247073165,0.67558185994147901,0.25416840009560676,-0.63361209131851348,0.39993855464614342,0.6622574048227281,0.34575734673919595,-0.61938542364634852,0.70485002245180206,5.6590573617841997,-2.3075607455515019,-2.077692672168387,0.6148775183673405,0.5666436082954849,0.9858657243816255,True,5
0.55267463214835832,0.75030839029695595,0.36275070010913546,-0.70151201999416102,0.1838457879086135,0.68853584661364853,0.44992403445847318,-0.63501027213601224,0.62795725770020294,9.6254191387468246,-1.0168750119409082,-4.4281731900340287,,0.09651464085010786,0.3333333333333333,False,1
0.84809802445181459,0.43900974568545514,0.29664824980795157,-0.49543829862811178,0.45863065079033205,0.73769832479687703,0.18780477409642959,-0.77261139607750318,0.60646599037189242,15.552446032133577,3.3357599982545798,-10.541036758644358,,0.3662882969980472,0.3333333333333333,False,1
0.8236146716319368,0.46231256302441398,0.32852087717893014,-0.5414690442856952,0.46863968528213862,0.69798862416159335,0.16873098930828478,-0.75275755688565182,0.63630646216944264,6.7127509303654218,-5.9807580293083991,1.16813687925192,0.3455338069436027,0.3861134714781379,0.1836734693877551,True,2
0.2471586160526282,0.90237526680770042,0.35303186310116574,-0.7708809623053714,-0.037624552731080868,0.63586707336276693,0.5870733859289603,-0.42930556819766114,0.68632468165467342,17.296901537106024,-2.9538175460944451,-5.4213383709104006,0.5183508363155618,0.3975661787593291,0.2727272727272727,True,5
-0.87580297034726384,-0.4518124494435094,0.16980773733480464,0.45922082417937571,-0.6716669615705817,0.58136023890059607,-0.1486115465598985,0.58713627316186079,0.79572960543558768,12.012329678856787,8.4813324754337955,-14.232219903018743,,0.1587545418017244,0.4090909090909091,False,1
0.4898452138549601,0.83704829256400359,0.24372489076635964,-0.72346391324761927,0.23429084869022487,0.64939030208993365,0.48646853206741902,-0.49442689463225997,0.72034048419651553,8.3880341637031179,-4.9561894074543549,-0.52518868299860755,0.5638197056124756,0.4491744315239034,0.9093406593406593,True,5
-0.87791161824973707,0.41027458401856165,0.24687234808808145,-0.22353739988649091,-0.80712554995048424,0.54642417357682382,0.42344093023007801,0.42452692768012246,0.80029661143875985,12.267773086594845,-1.1886646470933324,-5.2577905372801332,,0.399595180311776,0.9090909090909091,False,3
-0.88140901408496497,-0.46562926014497785,0.079420035171307329,0.43941142526733551,-0.74657583846270292,0.49954190691897149,-0.17330824918133592,0.47519881052097984,0.86264149056554607,-6.8095789337102888,-4.1681658173281884,3.6406077548443947,,0.4118938121210776,0.7345132743362832,False,3
0.072332813521134284,-0.98146105124133476,-0.17748850380903622,0.74462841117582901,-0.065251070136074563,0.66428218937124728,-0.66354841071159032,-0.18021238232249898,0.72610398972858703,-6.4747874395905196,3.684954701164501,-3.7548479428763204,,0.5279513923458534,0.1052631578947368,False,2
0.49419028123395897,0.82495168289688059,0.27428212996749557,-0.72573374952846548,0.21777589220633942,0.65259802755531571,0.47862980551701584,-0.52156340138025237,0.70631800742399775,10.13314656802425,0.52515169179030741,-6.051742749789442,0.366513278459724,0.4340040520883354,0.68125,True,4
0.90076576496044902,-0.39023687299735033,0.1906206170078833,0.1673970882543287,0.71695602318047114,0.67672171213078125,-0.40074836433750888,-0.57765841444446497,0.71113395693238945,18.203904877258456,-0.74278460466173346,-7.6505095504612504,0.2556980265286284,0.2438387202716246,0.8387096774193549,True,2
-0.032578956466070952,-0.99834670795912772,-0.047354643940729496,0.76041563137826196,-0.055506628359317106,0.64706033858039835,-0.64861905549496512,-0.014928660869350768,0.76096679029604619,6.923560860842854,-1.6237601665819841,-2.9170584053554083,,0.07504961671190302,0.2692307692307692,False,3
0.96942992854568588,0.12956013496351054,0.20837414683242944,-0.23848819055890788,0.69722151888515038,0.67602184622053596,-0.057697457516289463,-0.70505058331421944,0.70680596938936135,-9.4081823313008073,6.9408863351815802,-5.8912238774106296,0.6177518408658234,0.2999495332770012,0.9037037037037037,True,5
0.95348752810971416,0.20657836909450852,0.2195151729641476,-0.30103317559705128,0.69005174869189001,0.65818508895083583,-0.015510026730524901,-0.6936526231115383,0.72014267858619552,-11.730201523132699,5.1898541779752145,-3.515198454147257,0.2328057336139001,0.1679797249414141,0.7567567567567568,True,2
-0.91819270991552138,-0.35155045819469793,0.18257716944100227,0.39312539180608019,-0.75196812414268588,0.52914682895265075,-0.048729598554744152,0.55763448209057864,0.82865506129406163,10.666000928366568,-10.515795914044922,4.2418714415845802,,0.2646971286692178,0.2105263157894737,False,3
0.53553106281652707,0.80235336684195813,0.26350627217577721,-0.70973087579617833,0.25848644359161105,0.65533719749526709,0.45769920766830119,-0.53797196320694518,0.70788247760703515,-1.7444760935561725,11.166955148253077,-12.251566302164621,0.587473611364944,0.573472158223926,0.9936305732484076,True,4
0.56630454850696677,-0.80955860319342388,0.15464160609561697,0.53718041583591036,0.50484200713155347,0.67570093138735765,-0.62508908099780347,-0.29958206860707798,0.72077335202296766,14.308021557710562,-1.9097716496591772,-5.4741691121354821,0.2884246981613434,0.2364881076690829,0.5,True,5
0.11604437039497251,0.94818972451904304,0.29575319172603565,-0.77282837812258298,-0.10084699217565446,0.62655102117668238,0.62391505997856367,-0.30127417825898439,0.72108520123929942,14.327330449967828,-10.197559636123493,2.7061073687815496,,0.292608106997127,0.9629629629629629,False,5
0.90742289205265125,0.2224232384533042,0.35652713497677335,-0.40901443738462723,0.2728836216776353,0.87077076146999466,0.096389236897792996,-0.93598206821287,0.33859516091376629,4.9741772036653913,-6.0461451049017088,1.6611189690972326,,0.4515018728943703,0.4029850746268657,False,2
0.63448946969736852,0.72147320708765883,0.27730763476291043,-0.66487145441840378,0.32648600965078872,0.67182797991886389,0.39416882416384524,-0.6106417091527182,0.68683887564722101,11.275888865860001,2.9921600366633481,-8.8900044651139822,0.5105463808718046,0.4911773005423326,0.8726415094339622,True,4
0.86673364150904675,-0.47477231163382005,0.15285302346485158,0.22824805377615279,0.65003805369011858,0.7248126342042901,-0.44348125171631125,-0.59333108873599594,0.67177570551151411,13.497974562344059,-1.1660820493949398,-5.7449259166460216,,0.09421155921342544,0.3076923076923077,False,1
0.92186574069519811,-0.33330843636989821,0.19765890411804912,0.10917406125556869,0.71280610720402771,0.69281200760495409,-0.37181256095169773,-0.6171004292473754,0.69350016563894656,-10.056609221864967,0.64836955477235869,0.07976061674224072,0.2658440394021001,0.2209974003750071,0.2857142857142857,True,4
0.35652673977803961,-0.92289542969009375,0.14543971149716034,0.64943768236686161,0.35671691190640259,0.67155323056472427,-0.67165421203562781,-0.14497265472183066,0.72654218655058367,-0.55378547658254584,-6.3640515070937376,3.7799668787353005,,0.08804533510023127,0.2888888888888889,False,3
0.62319225423743485,0.66709159194235479,0.40819140390051889,-0.63790318268530477,0.13162660073337248,0.7587845329863635,0.45244993510710163,-0.73325523928519587,0.50756852767127647,8.7656232097010331,-8.0794159575951117,2.5895245415986579,,0.4070523179373233,0.4166666666666667,False,4
-0.94579572939725831,-0.31887991444097075,0.061530792454083799,0.32453158247825692,-0.92086818197454678,0.21605796305864755,-0.012234795791786601,0.22431538420940444,0.97443979710340278,1.9156545125339997,4.4497792752524639,-7.2291749897439832,,0.4946495927339922,0.4536082474226804,False,1
0.93788141986753826,-0.34019839233508387,0.068143203035046535,0.079655378605489394,0.40228526185095859,0.91204253670359203,-0.33768841100409053,-0.84995977666600853,0.40439450431899099,10.700688798230033,-8.9431431593338075,2.6705620641117358,,0.5560212724508188,0.5,False,3
-0.66011727824850319,0.71505092163369244,0.23010293007389929,-0.47079654202839821,-0.63253940557279686,0.61501586679671483,0.58531683298183868,0.29765093628009764,0.75419369207100262,0.95353441151230089,-6.1508981147881059,3.0604508684506979,0.4518234572937081,0.3763636256348171,0.7959770114942529,True,3
0.85701878649650531,0.43498147387761876,0.27624249668599388,-0.48439722050369749,0.49727294481770978,0.71977701485989065,0.17572174697614742,-0.75067352140299803,0.63687607264213764,9.9600718538690689,3.7530549681020409,-9.1348372303594534,,0.7898599144380944,0.4482758620689655,False,1
-0.5162074780485546,0.71005851747682869,0.47890159883357908,-0.52669361933141801,-0.70411368927402151,0.47625386500531186,0.67536928488222059,-0.0063886098279915537,0.73745204230657824,0.95819117071154025,6.2010427302519266,-8.4928411543496907,,0.3043131664547487,0.4193548387096774,False,2
0.52337766027480792,0.80004971095761668,0.29325123140730647,-0.70244644383305543,0.21029407421476207,0.6799598487384757,0.48233268422486381,-0.56186907936528252,0.6720552948840206,6.2227713696946516,5.4533065249341579,-9.4615503063158872,0.4183493105665929,0.4092979616138948,0.4897959183673469,True,3
-0.97466778800388709,-0.076433554195499964,0.210191852412627,0.1719006162375365,-0.85723309786909785,0.48538808602488759,0.14308347621148715,0.50922424108715814,0.84865646237122527,3.4602108560453826,13.511286643726175,-16.073383207483154,,0.4309750432091942,0.7758620689655172,False,3
-0.20943648833153933,0.93301466472229666,0.29260894170973578,-0.70933624761332204,-0.35093954475558031,0.61129659229264222,0.67303673389882945,-0.079530317111681556,0.73532066711259403,13.065715438669729,-3.8440299437677403,-3.2386894815591756,,0.224272956840825,0.3181818181818182,False,1
-0.20310273934809259,-0.96993040389332252,0.13410551395314496,0.76833907701407023,-0.072972408738705863,0.6358695544654096,-0.60696321140779874,0.23218535519323269,0.76005632740693929,11.876133012359023,-9.9227789965010746,3.4518435148275279,,0.09706522713917631,0.2777777777777778,False,2
0.96670836590767317,0.14108315637631882,0.21347242976790182,-0.24922360411209168,0.70820036974717337,0.66056024058623686,-0.057987329973848617,-0.69177147908602221,0.71978447488511565,0.16936142441781354,7.4577554896978366,-9.3622339978102129,0.3733899624724829,0.3308227105741647,0.9938271604938271,True,4
0.014992516509350656,0.90943890960846785,0.41556719569628864,-0.73313320983841546,-0.27261752979703313,0.6230532714619077,0.67991979018170867,-0.31400724854296669,0.66265264413698421,6.142764209121788,-9.0044793692328646,4.4034436812100521,,0.2681544399783569,0.4651162790697674,False,3
0.92632630409129146,0.1778161650363525,0.33211592825447722,-0.37208926489361344,0.2940221389350447,0.8803979559080044,0.058899552625626045,-0.93911255622945777,0.33852392741529369,5.8564138212902748,4.3156003847148456,-8.5336848576536521,,0.5090147912254297,0.1458333333333333,False,1
0.044329188193446833,0.88341634866719176,0.46648738244634086,-0.76871068259046837,-0.26806949658302071,0.58070873204475271,0.63805862547685099,-0.38433618084855681,0.66720828123258413,12.331992674676055,-3.3924018994486831,-3.2933692883968231,0.6852197129591893,0.6874661833034793,0.3188405797101449,True,4
0.95746255852249229,-0.22792239210059084,0.17696562436446933,0.019605033043559931,0.66324171638775475,0.74814842666571535,-0.28789076349706466,-0.71285468983669376,0.63949753671996834,5.6407305967178516,-10.934832150228853,6.3349318596016779,,0.4892813665868141,0.9552238805970149,False,3
-0.075520911610828856,0.9358123866449759,0.34431347477451746,-0.7583307873512275,-0.27811629294635259,0.58956402922248008,0.64748050848248406,-0.21657909548156179,0.73065893995464903,-2.7674836763525636,-6.0849477674395054,4.2300483978352013,,0.1925167532186833,0.6585365853658537,False,3
0.6496814337692246,-0.74616402736432208,-0.14544166831764729,0.47515838440189739,0.2492327294514699,0.84386465520410914,-0.59341262570672038,-0.61735102724270785,0.51646797075349216,-4.4372283431381243,5.3239679880201543,-5.7972585585953862,,0.5164272791331902,0.3424657534246575,False,3
0.86610441681378303,-0.47272331142739954,0.1624678737743841,0.22922323101673006,0.66444261008458849,0.71131760013810219,-0.44420698951941995,-0.5788339042740086,0.6838358441358573,18.950003570200558,4.1784950514116899,-12.306061663137585,,0.09485502066786815,0.2,False,3
0.77844730520386629,0.56781164826127628,0.26759993482744399,-0.48771148595499597,0.27873544091714891,0.82731134432225328,0.39516743222134282,-0.77452984840839845,0.49390911556282824,3.7543051438075574,-2.937088372537171,-0.70557087218573744,,0.6868769133380488,0.2802101576182137,False,2
0.35698725874333959,-0.9205753670655068,0.15843323719195615,0.65559332411489391,0.36773577086426651,0.65952088382616603,-0.66540024832494571,-0.13157277978012971,0.73480004977546765,12.475385591997018,6.0637721277386047,-12.071846422903763,,0.1470183131493888,0.3,False,2
0.97601052702541602,-0.070480145611813746,0.20600000050997036,-0.089351193659317929,0.73314708033476117,0.674174845858455,-0.19854424022676989,-0.67640809255297518,0.70926178312497667,-9.0791608503116592,2.2258885527634851,-1.561847684047752,0.3587302996282201,0.3374175262325251,0.8771929824561403,True,5
0.83136023818290949,0.41560715605588872,0.36893203466708069,-0.51958186865148048,0.34575916180613853,0.78133557694229694,0.19716702598835217,-0.84126172732524385,0.50339236188152048,8.6593962560414983,-3.8496380472128937,-1.5015639689394848,,0.3190120229288055,0.2666666666666667,False,4
-0.96414847330425935,-0.21746645270821319,0.15207255956145369,0.26097183065519619,-0.88087464791448455,0.39490955707099362,0.04807728184434934,0.42043810080443378,0.90604656522853144,2.468594613718492,-6.658201607878623,3.3052332850256851,,0.2606163446004384,0.3428571428571429,False,2
-0.97584427036811361,-0.14125720315376877,0.16665642065908864,0.18388906537215471,-0.94296343396167315,0.27749734025349754,0.11795241254963638,0.30144048296203491,0.94616111926317081,4.0464752312547958,1.3497076906615624,-5.0537687174215709,,0.5470995369235081,0.430188679245283,False,1
-0.19338761967784748,0.90895790896997208,0.36931930395833884,-0.75195237963069461,-0.37910718973387503,0.5393008042454781,0.63021333477091079,-0.17341643063164278,0.75680769965950301,-9.6980764557730179,10.950759769489421,-9.5772152293360371,,0.4683499753774276,0.927710843373494,False,4
-0.16596990292359973,-0.97780234923921372,0.12789275642429554,0.75007913192758258,-0.040981160380618227,0.66007714726433397,-0.6401837917116413,0.2054826277721096,0.74023077652416824,-4.2973141923435234,-6.6390153433731154,5.0211652479757003,0.3688168909339538,0.1600555846728687,0.2258064516129032,True,2
0.90656421972058032,-0.37876549676731902,0.18622033718426498,0.16260080876995026,0.72057406542213054,0.674043020309818,-0.38948978485933805,-0.58078370732969931,0.71483424147881813,14.258038128075427,0.24080099857032367,-7.1592283332871798,0.4031980696950579,0.3711308640912124,0.704225352112676,True,5
-0.37419209919421881,0.85765527564618316,0.35271475877384917,-0.65806589453737341,-0.51356403553728658,0.55063713991101682,0.65339846292086723,-0.026065485971442759,0.75656529070115419,-11.550971051276059,-1.8085017357223039,2.8496642901939984,,0.2430741540491842,0.4722222222222222,False,3
0.0013178278294245054,-0.99669722129389993,0.081196751134702511,0.75612312497237422,0.05413067525063267,0.65218685196722781,-0.65442805808723092,0.06053527122206806,0.75369715252629632,16.018532250999222,-4.4806005397706787,-3.507209586412487,,0.3086480709250787,0.3,False,1
0.47109261787937601,0.81236851375245567,0.34369920460074121,-0.73793582256998902,0.14949633603335688,0.65810452610550829,0.48324162398070625,-0.56365613930500891,0.66990244773120666,13.275243170250128,-5.4797324061699069,-1.6220403173991504,0.507413541553187,0.1766588997889715,0.1739130434782609,True,4
-0.81726542511218225,0.46752458434885197,0.33689462439409146,-0.3098135621764444,-0.84941745727401352,0.42720667126075046,0.48589379663435228,0.24476671813704909,0.83904497619893559,3.3730495587885057,-4.4152421170095151,0.61523323477011727,,0.3033943062618321,0.3275862068965517,False,3
0.95658811125982102,0.1244591366361994,0.26353198800931371,-0.28864447267478216,0.52959631703472598,0.79762905499834469,-0.040293346729530499,-0.83906952291870751,0.5425299825063199,14.993363305913437,-2.9324699074038634,-4.6380640446885071,,0.3633314151672821,0.2941176470588235,False,4
0.82361825667832789,-0.53220743692713701,0.1959801299764814,0.29187073383043832,0.69403318374534262,0.65812568297672802,-0.48627609647136955,-0.48484346333610662,0.72695417603918921,7.3102706528353902,8.3303778759261373,-12.489380232958863,,0.07116824305367375,0.7857142857142857,False,1
0.080171011944604034,-0.99677986740418789,-0.0015826501400471316,0.74250135728521727,0.058659921175944291,0.66727112036805614,-0.66502958075065122,-0.054670920838409354,0.74481322970345509,-5.1436980614659422,-3.7818820420744848,2.8420665143693213,,0.2283400005143529,0.3103448275862069,False,1
-0.55913876299141041,0.69761901296999229,0.44798611190884985,-0.54572938190780929,-0.71646736525226573,0.43457330365658386,0.62413402842895516,-0.0014924045196661739,0.78131586908611683,-1.5849810055436917,4.8813116637606457,-6.55077626897807,,0.261350754510678,0.103448275862069,False,2
0.71638042779713029,0.65189363729383387,0.24866396667996429,-0.61064142525752307,0.41340292132030698,0.67543695072397081,0.33751464031751299,-0.63571433073327044,0.69422702142144288,-1.8162688077232243,2.5089347039182166,-4.1680183511281035,0.4656703617353648,0.4152163767254967,0.8577633007600435,True,2
0.96346536829841134,-0.19434739108413326,0.18429209334205635,-0.0066518010387634149,0.67051069250167816,0.74187004575185611,-0.2677503270447058,-0.71599197119779989,0.64472107112125798,9.1034354177267822,4.6330814141981591,-9.6418711950684965,,0.193331037198471,0.5,False,1
-0.0065296976666050135,-0.99180336780747491,-0.1276065933019653,0.75720919526174746,-0.088252527700499211,0.64718291538446049,-0.65313979947591583,-0.092398977051821707,0.75157889231958708,-3.0121802818401782,-1.7670100138099354,0.28838252994153329,,0.5251474677482161,0.3170731707317073,False,1
0.97771883676806226,-0.083759369113884846,0.1924844001849238,-0.13624528298466396,0.44437131106961997,0.88542157233867691,-0.15969689756953545,-0.89191844132964881,0.42305838240454952,-4.2502569484424857,4.6445996804667384,-5.3840719675831004,,0.7521270836755476,0.5454545454545454,False,1
0.79946978624208831,0.55161284578580272,0.23784728135952871,-0.54813511352017674,0.50789800611299563,0.66452051338741058,0.24575589151077079,-0.66163651935978618,0.70840748022392785,4.458560150318803,4.2843349925019023,-7.8164752579270429,0.4306889562636392,0.4131716128707213,0.9782608695652174,True,2
0.97651831176318027,-0.12420449548874798,0.17602621989798156,-0.099676561960729035,0.46387583670003113,0.88027483840078846,-0.19098840223132899,-0.87715018749711871,0.44060297183166197,-11.528505889322439,-0.15524723144805586,1.3390034679093343,,0.6798277785634236,0.5666666666666667,False,1
0.71309825075826938,-0.69375286863881325,-0.10098436523003609,0.50265479145569147,0.4055398539035297,0.76346289204030005,-0.48870138673031327,-0.59518432787777686,0.63790796393880167,8.6523486444914699,2.5412074228894301,-7.6767742390899025,,0.4613855561079068,0.36,False,2
0.93222884570760323,-0.32035376013989636,0.16829393213927374,0.0737267549882967,0.62345479602893228,0.77837554105162987,-0.35427919051161383,-0.71321636666074295,0.60482118803633467,-2.6771735982764122,3.211800879094004,-4.4435867947096854,,0.3315948429265938,0.2653061224489796,False,2
-0.76230333826841468,0.47814854914968258,0.43619672787732244,-0.35843950009864378,-0.87305261184707394,0.33060590090927866,0.53890142441253941,0.095671844829368496,0.83691824742508747,6.1438748765894715,3.0937971473228103,-7.1401450448918489,,0.4733360725431014,0.4634146341463415,False,2
0.95748732738284414,-0.208695510865474,0.19915873479678681,0.019083571659919807,0.73469514833093008,0.67812893782207362,-0.28784342131436452,-0.64549920430903085,0.70744394975322922,0.58116099654232833,0.37758653747521165,-2.8287246885499671,,0.2294162027485232,0.8452380952380952,True,2
0.19053420070714763,-0.98029806841462153,-0.052080854672801019,0.71504675295250297,0.1022381033447318,0.69156020078989033,-0.67261048122443801,-0.16900611612315397,0.72043880604808908,7.5733120715777211,2.4014236893386767,-7.2111153535695598,,0.3279763402331123,0.25,False,1
0.34865965627446577,-0.93671354622224057,-0.031688742643514289,0.53357269572069876,0.17058060372435949,0.82837336751876611,-0.77054306983316589,-0.30572862142231405,0.55927934663752188,9.0228705701110616,-1.2216550694228823,-4.2741198594990415,,0.570709861206948,0.3188405797101449,False,2
0.9103605497059708,-0.36537689547235991,0.19427659095738092,0.14653518498271439,0.72368686118596592,0.67439214594246666,-0.38700272492725818,-0.58547164850382272,0.71235653973069701,-5.4324330673166932,1.7056868340572295,-2.1028620827903852,0.2845184163545492,0.1715202793438463,0.3451327433628318,True,2
0.97532356620652072,-0.13260814049262323,0.17651918387893006,-0.084073609057024462,0.51620662755462665,0.85232760481449032,-0.20414595137381841,-0.84613580396043309,0.49231964392446365,12.850663365233681,-7.6507014959997637,0.60421484834416039,,0.4680516666638227,0.3076923076923077,False,1
-0.51628860051405268,-0.833560865027969,0.19652573692283784,0.71478283800693465,-0.29300710209609682,0.63500577368398758,-0.47173252534671878,0.46831946619275955,0.74709122743807921,16.400223002436835,-7.7523812397128671,-0.18416436296287431,,0.07581296197516696,0.2222222222222222,False,1
-0.475840046853857,-0.87741854498571936,-0.060933953796397766,0.72753081694898525,-0.4315904894513598,0.53331844127563921,-0.49424200570131727,0.20944294289920107,0.84371706956186476,2.4278143498337843,-3.2008905867900594,0.037240676293753584,,0.5621258831304692,0.1182795698924731,False,1
0.92505428566739212,0.18681661074250805,0.3307175872539479,-0.37480501742671857,0.30772349456284431,0.87454413828336186,0.061609800195647796,-0.93295541417835881,0.35468074049085163,10.941439800611539,-2.3491302120778643,-3.6798925203165864,,0.4556207460133911,0.28,False,1
0.74625890065696387,-0.63508339515811219,0.1994159832729146,0.38382240472192736,0.65529761167515899,0.6505885041762639,-0.5438547736516941,-0.40896713966683995,0.73278091122039113,-4.8196606115479215,0.003664312722907237,-0.99179581495225677,0.3098247118128063,0.30825789937452,0.9712643678160919,True,1
0.97230416301913014,-0.012711008889986927,0.23337318789583864,-0.21606159610998613,0.33185464057552511,0.91825371451189541,-0.089117906517562198,-0.94324489279374668,0.3199172876798615,-6.3112408025416578,2.844430778509083,-3.0311421741402031,,0.4629706573864203,0.6111111111111112,False,1
0.28361397650647768,0.79302501222742716,0.53914232101725457,-0.76362608092584472,-0.15330208352356123,0.62719508904101851,0.58003303428340958,-0.58958443090792723,0.56209596864855471,0.24701942751628359,-1.3736895602773072,-1.2076787080961613,,0.5473724298105582,0.4657627118644068,False,1
0.38156390463032391,-0.92413522263556114,0.019572352121898423,0.64274369107462392,0.28047921722956304,0.71288986266187082,-0.66429626994815383,-0.25943303372279747,0.70100282934261848,-13.640613874981968,0.81648332996910811,1.0832364237900263,,0.2513537144687485,0.35,False,1
