axis_00,axis_01,axis_02,axis_10,axis_11,axis_12,axis_20,axis_21,axis_22,location_x,location_y,location_z,dbh,dbh_approximation,score,reconstructed,number_clusters
0.72992206778377866,0.59309255783588966,0.33978668720527311,-0.67001667554922306,0.52246553488846914,0.5273589094152793,0.13524581120396922,-0.61259365218175998,0.77874102746573792,0.63154375479997604,-10.132947177155563,2.0926533220458015,,0.5166046519353785,0.32,False,3
-0.90805128795325984,-0.41551423419266176,0.052827830068171759,0.41717843875059002,-0.88589922045637559,0.20284161662835903,-0.037483445519938846,0.206229222900324,0.97778550763134253,8.9226912624110408,5.0900585508599319,-5.0089858751110663,,0.6971364482817675,0.7,False,1
0.020531527862224199,-0.99646141481776707,0.081505246107332618,0.92628234837730683,0.049639637686030018,0.373546406026108,-0.37627047113514622,0.067827392326211572,0.92402379698899628,13.448919978128041,10.575782744205362,-7.7079705218250441,0.2180253336032988,0.2231680454584919,0.5925925925925926,True,5
0.77957104514605091,-0.61906121961873362,0.095037844746501093,0.53697332032801781,0.73873485949321072,0.40734562796898921,-0.32237965014218539,-0.26652206988111193,0.90831566508592698,1.8608356336098391,14.70256925887251,-8.5289650294016131,0.2692612744476375,0.2451202967698105,0.8349514563106796,True,5
-0.58705280701914853,-0.80954038264546124,-0.0036565881882950207,0.77656485947282061,-0.56440468972297442,0.27998993776682668,-0.22872695687849498,0.16152930101053881,0.95999597088328992,-15.865917035530098,12.266739578628272,-5.9753690836682711,,0.2064052201104872,0.4117647058823529,False,1
-0.87145675050840909,-0.48751899151671113,0.053743510341748305,0.48537783998787504,-0.84145986401731132,0.23738923669086809,-0.070508754364473389,0.23296036177533919,0.9699267938352224,-1.8648305224824626,-1.3113449177223342,-1.2829799634643422,,0.07509039741456855,0.3,False,4
-0.87744653896128755,-0.47884107974867868,0.028262901655293673,0.47682239785157721,-0.86429836103993696,0.1600897998335635,-0.05222999303015019,0.15394662532448605,0.98669775736000953,1.2845870628050233,-14.983971087793723,4.028286283616497,,0.4572515223916103,0.1515151515151515,False,5
0.92909854984389539,-0.35593312854709536,0.10043651069530624,0.27945023682508202,0.85354046639178494,0.43974565076882888,-0.24224667142476261,-0.38050003972979052,0.8924888066240676,-19.394477131182512,-2.0524926088822815,0.55073118869534399,0.5102928086358395,0.3911108322334634,0.8440366972477065,True,5
0.98896222185171601,0.049642287464394759,0.1396043231616369,-0.1247086610955243,0.78766235742266455,0.60335376069693281,-0.080009209456649688,-0.61410394396606205,0.78515913826908323,-2.9779127020407605,10.734053633241075,-6.3729606616076406,,0.2520942485223726,0.2307692307692308,False,3
0.76498042760074514,-0.63542327401193288,0.10508191201028759,0.552697311588082,0.73143813186699547,0.39940448296711323,-0.33065182163582285,-0.24745812190121536,0.91073259014599683,-8.3087737210952195,-3.0474195696690649,-0.0031692150462468665,0.6557884191705204,0.6024033014715395,0.988558352402746,True,5
0.15847873740348101,-0.98706004306415851,-0.024432788976728292,0.90111178249098722,0.13447582610566439,0.41220602573120685,-0.40358647802783937,-0.087342564534034176,0.91076299396368998,6.3156046649397357,-13.270756221245621,2.8058487242213772,,0.1853764012229965,0.2083333333333333,False,5
0.88975951178708901,-0.45635700123212553,-0.0081423958896202075,0.3641891521640343,0.69908067344175606,0.61534744126084018,-0.27512592140771341,-0.55047661117130398,0.78821394806417522,-7.6972669391284425,13.154109862263494,-6.9506517012447624,,0.5969459197965052,0.5,False,1
-0.042410433592731514,0.92627966454210975,0.37444270346507336,-0.91168095614410249,-0.18919102712950503,0.36475277854713817,0.40870428102315148,-0.325902958423883,0.85249520371900589,-4.3734589288622008,-13.091889986076481,3.7901881999636218,,0.4181159605123595,0.4693877551020408,False,5
0.019923059438826621,-0.99921147571219837,0.034343827795527734,0.91459327737448926,0.03209078515711962,0.40309963841386792,-0.40388390495783366,0.023379655965207774,0.91451144498194303,5.3566885775489217,-8.2346268585977924,0.94194679831377481,,0.4099143381102368,0.9075144508670521,False,5
-0.20644304799358873,-0.97838547296555711,0.0119638716593021,0.91858166888655679,-0.18958356471521548,0.34679358352694467,-0.33702965080346425,0.082582917603067893,0.93786516952036358,10.59947410165733,6.9906696382839835,-6.0364328108054739,0.3853201302331056,0.2781329438856108,0.4189189189189189,True,5
0.85600046164312471,-0.50651692399897019,0.1034592449681523,0.42502882691032889,0.80344662797537258,0.41692206980469898,-0.29430206584729979,-0.31291232270018698,0.90303497847004111,14.913063313080691,2.0901324382890043,-4.301965368503895,0.6297312773637913,0.4952784327242158,0.9126637554585153,True,5
-0.61743970486982414,0.69368740591040645,0.37089889960952266,-0.68587050772830604,-0.70563014769160959,0.17795432362612756,0.38516211843687242,-0.14451255153102799,0.91146380343446021,-20.9766480206228,-0.45854323327577629,-0.16041711839673869,0.6072222074440995,0.2922263834527509,0.4090909090909091,True,5
-0.15055495465165267,-0.98562134890150743,0.076705685704589452,0.92072681663353273,-0.11154155540298806,0.3739259426011558,-0.35999352044407634,0.12692138514787238,0.9242811407956053,-6.1970860709905109,2.9986614517364547,-2.7594898951102467,0.5250346773264771,0.4651360119709578,0.8933566433566433,True,5
0.14883827888133225,-0.9744901954319245,-0.16797626542667263,0.9094130926386802,0.068179532428564199,0.41026744727698417,-0.38834906164041821,-0.21382331576531027,0.89636186663542017,-19.063328121594662,-13.603590401179352,5.4929196799619007,,0.6180985525899689,0.1,False,1
0.97613064596237242,0.095954668822901198,0.19483753114882474,-0.20316548879640223,0.72051413448526569,0.66301068329934731,-0.076764224578907123,-0.68676930882068099,0.72281060471382386,3.6325964199612133,-10.614574115831216,2.0730104246485421,,0.4720599621614786,0.1791044776119403,False,5
0.75778324163067479,-0.64454897830459812,0.1015931753131375,0.56326905472761146,0.72476577148184851,0.39679030793932596,-0.32938204366657597,-0.24345675397248845,0.91226984947175049,6.0211563007560267,2.2603165293502725,-3.651603687004418,0.5533687090934827,0.3833063099270222,0.9899244332493703,True,5
-0.76503496905015234,0.50033170879412769,0.40544996893029839,-0.55139927994603932,-0.83416833168092175,-0.011046650879635855,0.33268653445160817,-0.23201589513612073,0.91405048777338505,3.4722017901567646,-13.530247825590983,3.1684458665797814,,0.4761466932941161,0.1739130434782609,False,1
-0.61607434529100125,-0.77236876605821181,-0.15459265924350779,0.7572754318054975,-0.63477772812891642,0.15359412832295613,-0.2167632843865899,-0.022443820735480416,0.97596616409214321,10.10473178005822,4.5383392399885363,-4.8080729295618658,,0.6424531110434559,0.3692307692307693,False,1
0.78715779511647488,-0.61305823158205375,0.067395921811736842,0.52739215518922467,0.72573077990354862,0.44178314787398892,-0.31975009027713103,-0.3122089681448485,0.89458674256759196,18.244664364318126,4.2584551737078149,-5.4787798248637705,0.5219123312095704,0.424790867168565,0.5952380952380952,True,5
0.066470687230221634,-0.9864210155277654,-0.15018398005218619,0.9146937851614596,0.00010526140436598053,0.40414758233477033,-0.39864386001310137,-0.16423632072477196,0.90228016925378918,7.6265465401206241,3.4655420734032267,-4.274512162635677,,0.3828548186547962,0.1328671328671329,False,3
-0.78199011022063547,-0.61312107648597935,0.11213390694073029,0.60880938059252265,-0.71280341844679596,0.34822754737830636,-0.13357621651951213,0.3405786725842288,0.93067908656050569,2.8598912564559678,10.397338987277157,-6.7701831440555083,0.1798119036406029,0.2120792658993983,0.873015873015873,True,5
-0.92071206241474546,0.28181591754650331,0.26994274715466687,-0.29742001093103881,-0.95457958624770234,-0.017864787066911803,0.25264725453043529,-0.096734699754472436,0.96271063287035841,-20.873343049182409,0.69614448712584187,-0.59243005694245654,,0.4310310261080356,0.2745098039215687,False,1
0.98859784780853299,-0.057332592924998538,0.13923817399273897,-0.018954623946193707,0.86994397928999334,0.4927861555767869,-0.14938211920907471,-0.48980654006003965,0.85893802790132545,14.589378272981826,13.349285937435354,-8.9368545252267797,0.3750522755433315,0.3734277961270734,0.8157894736842105,True,5
-0.7671945046170181,0.58475124624761787,0.26358788306237646,-0.5488300430044567,-0.81114661150779399,0.20205632515501568,0.33196110612716861,0.010351553085459549,0.94323627441248514,4.7387369487143207,6.9428799119540079,-5.4497305049619378,,0.6151500538084008,0.25,False,1
0.60966781260203085,0.6535625878368978,0.44850986840535856,-0.76187103317294214,0.32699767831277993,0.55912882879533721,0.21876399861277174,-0.68258952684463947,0.69729036330137451,-1.1766509576817519,7.6198331333551002,-5.1462073476036796,,0.4295027450370772,0.1836734693877551,False,4
-0.93464465439456901,0.32346293733425546,0.14768580900937014,-0.26534865193426005,-0.91094260441357555,0.31586969525562719,0.23670543493618279,0.25603769182545649,0.93723809004775582,-3.3699474096914019,13.58623228650657,-7.5440545613653356,,0.2660271399981962,0.1904761904761905,True,3
0.99349558658807102,-0.074137611467131825,0.086429936919870706,-0.0022238566577146663,0.74624150102999154,0.66567159816389232,-0.11384890817039117,-0.66153400268350004,0.74122276638130613,-20.386943655189313,-5.8105715630959276,2.3775200551356499,,0.4848298405665381,0.4117647058823529,False,3
-0.29973888988483216,0.90957894543613371,0.28778940201108688,-0.86670391353962972,-0.38569563091956055,0.31632768855200155,0.39872412034600851,-0.15461249079182693,0.90394361192800576,-2.9448660711744505,-3.9496440744279182,-0.18458677553212663,,0.1568154348342216,0.2204724409448819,False,3
0.81913611848952117,-0.56152953061971178,-0.11704958619288924,0.48121586175526926,0.56169177285642258,0.6730034522203745,-0.31216552304995804,-0.60760755306975467,0.73031893558330463,-15.682641678100783,16.357811257655161,-7.6244886566634786,,0.4708504141672818,0.3846153846153846,False,1
-0.67935613053803445,-0.73007769653515497,0.073904025075164415,0.70936299585234452,-0.62760649790431999,0.32080246866827739,-0.18782808100967024,0.27036390441439534,0.94425842393596282,-6.2280826782328367,-14.480676128769842,4.5551224435500259,0.3019138786606253,0.3716500105946273,0.9252336448598131,True,5
0.2340491706623353,0.88099824454166498,0.4111728089584461,-0.90456307296072092,0.042313832850682118,0.42423482481444535,0.35635183842395379,-0.47122354850324522,0.80682199684185574,6.0589849545204677,-0.13999491058339431,-2.5312336491403675,,0.3197034966038791,0.1896551724137931,False,3
-0.95528261083713106,0.25442631390655629,0.15067310385107641,-0.19526460709908391,-0.9254410541677921,0.32470076759263522,0.22205149548389685,0.28075987258283308,0.93373820062190704,4.3418394246966168,11.713380280483253,-7.5489135063090034,0.6165327979496654,0.5845088538715796,0.8448275862068966,True,3
-0.43456480161848537,0.88735761920579048,0.15410998939626261,-0.81071572571301398,-0.45993745913385703,0.36221201770111272,0.39229255062504786,0.032465201723099482,0.91926740690681041,8.9746128606150872,-4.1851789201395633,-1.119309844621605,0.4229726954085668,0.4312757853515851,0.8326848249027238,True,5
-0.58138188603052299,-0.81069151843671172,-0.069096776555571393,0.77795412328478364,-0.57875280369509563,0.24460697921210159,-0.23829075655550624,0.088455944683466389,0.96715720603754995,8.1802542944906396,6.0027730464640259,-5.4236001226020463,,0.194367501980515,0.1228070175438596,False,3
-0.052187067598855906,-0.99437376675850464,0.092180919706502343,0.92869110190374071,-0.014386659886851439,0.37057504133726676,-0.36716392418135158,0.10494682462944854,0.92421686674716541,5.5058238259733825,19.378578786896284,-10.583442414649836,,0.4184443954821842,1.0,True,1
0.78713223956941991,-0.61606931515238961,-0.02968899388821869,0.53676827977165409,0.66051255787138263,0.52497902312871747,-0.3038135139545442,-0.42916402437980405,0.85059719545547674,12.40578611488514,5.1377713305916588,-5.2918444255539558,,0.3187134378231997,0.2916666666666667,False,2
-0.61469108233340386,0.65124327157035899,0.4450135666854706,-0.69677368961167152,-0.71274741231177452,0.080607392389327404,0.36967729003108374,-0.26052509951481617,0.89188865547111251,1.6019529716114225,9.458667096144767,-6.2284459171407436,,0.5944915528493504,0.2444444444444444,False,1
0.94840394742447998,-0.30105143712201932,0.099488616014248341,0.22633619570706903,0.86256502083333753,0.4524969738546708,-0.2220402644173235,-0.40663204133657527,0.88619890765896026,13.870361162843839,-5.4046516018328576,-1.2753509137475161,,0.1615492205410149,0.2857142857142857,False,5
0.75881212942579424,-0.64402812269393173,0.097118120943631522,0.55866880297993537,0.72025434363913776,0.41124548513743081,-0.33480340621513638,-0.25780119791863843,0.9063361526158259,-8.1754799202779314,-11.710816511257121,3.642009326878028,0.4226031578216434,0.4168503325877798,0.9807692307692307,True,5
0.056017032101164453,-0.9922232002639747,0.11115400565204006,0.92146929976209346,0.094238862171534932,0.37684660865207714,-0.38439097506384612,0.081315175179858701,0.91958219892238824,11.707526631972767,-2.3123707128668896,-2.3363024801933348,,0.2225277703922076,0.7936507936507936,False,3
0.71832462639999417,-0.68668429621564608,0.11168889129242755,0.60330095505031944,0.6947831858576683,0.39154090754969845,-0.34646455625746353,-0.21387146135071899,0.9133571641351631,7.0820174816742902,8.5708217094890564,-6.4505591864587544,0.4743731372795619,0.4538800872513596,0.8166666666666667,True,5
-0.25896384405136952,-0.9627941080957817,-0.077234920147465982,0.91854627726714011,-0.27020958740132384,0.28854724984841523,-0.29868120796731668,0.0037794566347167935,0.95434545721909847,3.622077110988299,15.540064754886973,-8.8712226077360476,,0.4481752912021849,0.5384615384615384,False,3
-0.95173900558403701,0.27619235175146573,0.13383067691639994,-0.24694533297401033,-0.94807499426713548,0.20042905918984233,0.18223849146725896,0.15770729241022707,0.97052436453103652,-6.9383389321782518,18.20148341511101,-9.2280807926395951,,0.2238975048601814,0.1428571428571428,False,2
0.75098923035372067,-0.65349342104697028,0.094665329139298232,0.5657239310624107,0.71070065074200606,0.41816386603600747,-0.34054604639610309,-0.26048211778011704,0.90342540179074382,-2.7015781660033604,-2.4522692409709257,-0.75927353104614725,0.762841007250078,0.6716238877412225,0.9667493796526054,True,5
0.89658690139346753,-0.43344225374120238,0.090883116811697751,0.35046210049906068,0.81987243391000841,0.45275325313935222,-0.27075495261111587,-0.37408154831029478,0.88699196774848332,-14.371435988658726,-11.427293180797475,4.1566721649224316,0.4072618382498069,0.3491422562763568,0.1333333333333333,True,2
0.99067381805568988,-0.012151779114104321,0.13571190251162246,-0.079500125824641416,0.75735038502112151,0.64815131281377947,-0.11065765320495587,-0.65289564906860986,0.74932112956625685,0.67634302182853123,-12.186528275297249,2.9421595252909887,,0.4205360678125399,0.1904761904761905,False,1
0.2973518369292642,-0.94775749433848766,0.11548860116922495,0.86979005499699502,0.31878301489906158,0.37662003350882678,-0.39376026374320355,-0.011537822025704539,0.91914075818657237,-0.79595743247129258,15.35185980591193,-8.5232731059540043,,0.3026679082982904,0.9310344827586207,True,1
0.48772734845481058,-0.86676819224441493,0.10409099136134854,0.77805334000057125,0.4856589491864397,0.39845750738200264,-0.39592301484404135,-0.11335028005466954,0.91126103852207629,-1.6929123490275566,-10.065873965474083,2.3590510935915288,0.5082131891180807,0.5198279021429585,0.7631578947368421,True,5
-0.85144113789437936,0.49339789229931413,0.17778219420323949,-0.42937297817621756,-0.85045906245674485,0.30390496655579613,0.30114254816151342,0.18242232034427275,0.93596755431318346,10.322073527238734,-7.8593898243110276,0.1614215955491789,,0.1805596013704368,0.5142857142857142,False,4
0.80356074190129712,-0.59280194943885089,0.053628190502150765,0.51045793386980132,0.73266415634606963,0.45015100994563539,-0.30614184918826476,-0.33434874419862898,0.89134061134248199,-11.40335264345735,-14.567791977394911,5.1739151150973948,0.4499025328756727,0.2936145928278612,0.4666666666666667,True,4
-0.3228754617283498,-0.94554279145218967,0.041234278779987074,0.89292850561640336,-0.28988819481419847,0.34444668435771264,-0.31373574879404686,0.14803264518397954,0.93789989651799888,10.668799644154946,-0.85760538228612604,-2.7010571324425769,,0.1768293259602338,0.16,False,1
0.50542891292701986,-0.8466024251146439,-0.16675115522062955,0.77247571090996792,0.35784198604064898,0.52462404546553465,-0.38447742460585427,-0.39397137816913491,0.8348434962027087,9.8610005404684173,8.1954451514445079,-6.4439925758145344,,0.5134403119304092,0.3235294117647059,False,1
-0.18745768101288204,0.9684716215401572,0.16408027334402842,-0.90256982855182721,-0.23573936852185512,0.3602702523340533,0.38759169549565675,-0.080558478140389134,0.9183044207573583,-9.2662782243627877,1.6552609792071762,-2.0083613292503801,0.4690156692702185,0.4277834093443429,0.8850855745721271,True,5
-0.46668254298586925,-0.86394606989532463,-0.18922101464865138,0.84276531777565522,-0.49929268891098277,0.20113038048623971,-0.26824247096002768,-0.065604871103168941,0.96111496589159173,-18.589645716466858,5.6712306233735248,-3.0280625740702103,,0.589546578393281,0.375,False,2
0.96425357729077976,0.2190129166907836,0.1491589119178969,-0.26344337766888026,0.85290894491151981,0.45071489708276835,-0.028506585981960236,-0.4738983794153705,0.88011800376037042,-6.6386390152428296,7.6775349778152782,-4.8073657883133345,0.569730980412899,0.488301434320763,0.693446088794926,True,5
0.030144190786692789,-0.99388713104997617,0.1062059249527149,0.9253315524972634,0.06792604756652515,0.37302489195091681,-0.37795878838150915,0.087031159909749647,0.92172269771875759,-0.37331730228908266,10.40167461490902,-6.3968771285597752,0.298282990316484,0.315363080557408,0.9598214285714286,True,5
0.9843370975801593,-0.11869258535882667,0.13035546980585419,0.057246591494752114,0.91453589652675848,0.40043341734454491,-0.16674323401475771,-0.38669906147395183,0.90700635596751145,-15.428849591681619,6.2620179394440489,-3.4522178848416498,0.2669591516077412,0.2689971647186272,0.66,True,5
-0.13558995444812688,-0.98540590113896731,0.1029105157564344,0.92542891360056168,-0.088868451093095643,0.36835271720512441,-0.35383144309803666,0.14518129494123708,0.92397278178220532,-19.58170218262854,-7.2777059707269363,2.8200759818276389,,0.7293343739063868,1.0,False,1
-0.15231088810902771,-0.98827894055718701,0.010301893738664511,0.92788132877403617,-0.13939751987003601,0.34583893818743278,-0.34034928099816403,0.062233970669131923,0.93823733661520092,10.612787064067776,10.934513703993856,-7.580166378852998,0.3104874967499515,0.2781183255559781,0.8541666666666666,True,4
-0.081862182251780949,-0.99031517304412608,-0.11213581566813795,0.90167239103526586,-0.12152530637708561,0.41499216758235541,-0.42460037960619212,-0.067137604578491494,0.90288817673604516,1.2186168879596941,8.1096274171506426,-5.7414901925737958,,0.4039233830197235,0.2222222222222222,False,3
-0.82839986520121722,0.49255362737224456,0.26672942750482292,-0.46924932793498569,-0.87028135270044849,0.1497178525575458,0.30587371833351529,-0.0011363557202351687,0.95207141388054917,1.9310316685286733,-11.697323284593638,2.6929855526952937,,0.2900771026890684,0.1071428571428571,False,2
0.92003339449297228,0.3603516432719967,0.15390011763773662,-0.39083661574565831,0.81584379568271037,0.42619906245615685,0.028023076387473797,-0.45226717130165217,0.89144215345280964,-3.3899871583396317,0.73021052675228526,-1.9840982126825972,,0.3176404335986214,0.4703832752613241,False,2
0.58601519824448478,-0.80683721598428593,-0.074832441689442697,0.68328692791485068,0.44240584512910297,0.58085802252899088,-0.43555156017073637,-0.39152365841457248,0.81055787167512394,1.9559371829038066,-4.8404730975476351,-0.15120399848811097,,0.6273844954192832,0.5560165975103735,False,2
0.98620074345011688,-0.16431570433155526,0.020209971015861042,0.11247548216181609,0.7545786392622178,0.64649852519680739,-0.12147987294570234,-0.63530419995401022,0.76264750310342677,-7.4756360365974528,-14.091180242284146,4.5395704965337336,,0.4956924011700473,0.5,False,4
0.99112505519848026,0.010343123152792039,0.13252978820346481,-0.060305181478513818,0.9234614928094389,0.37892236194899542,-0.11846691540110507,-0.38355167983155558,0.91588956695321022,-18.386125941644689,9.8827062001653427,-4.8285082010782601,,0.4231942495532964,0.7954545454545454,False,1
0.91422778645464975,0.32074503722714193,0.24760891657690476,-0.40399198704690298,0.67435446661682708,0.61809103516862929,0.031273453217135594,-0.66510801712811429,0.74609201622573462,-24.339167552131816,1.2160370179062598,-0.86770095953912341,,0.3436139033349668,0.2195121951219512,False,1
0.74328595198498615,0.58960817788501829,0.31605092968203935,-0.650668343822699,0.52741467860508717,0.54631901224368762,0.15542425785185196,-0.61171558208288346,0.77565929808660228,11.332892263125574,4.6283478432730698,-4.963778856781401,,0.08808353469437376,0.4285714285714285,False,1
0.1785707940504184,-0.97793966942281962,0.10838115371866841,0.90309369372504877,0.20662632229904865,0.3764669219031308,-0.39055633635399034,0.030652339264015602,0.92006857474396619,1.3293119303020235,3.3331318110334851,-3.5538337040810037,0.3157312432401831,0.2624337990996205,0.936,True,4
0.3544340086300321,0.89863321789058825,0.2585244151527113,-0.88695525308448242,0.23553529642574833,0.39728264895849053,0.29611976048937849,-0.37011006989980672,0.88052917249031115,4.863291482726142,-6.4092583054122709,0.21859266143811634,,0.393279248331681,0.1666666666666667,False,2
-0.97882872575952184,0.15238590945799602,0.13664867444161349,-0.097081075982057091,-0.9333900575447549,0.34548265537182204,0.18019320274127057,0.32490234698330289,0.92842278871782602,17.735215347642988,-2.7440344021776335,-2.6701034661164127,,0.1331500792710316,0.3076923076923077,False,1
0.91468878380283858,-0.40334009267836551,0.025713778864475692,0.2943260015784771,0.70836838006509872,0.64155003150087497,-0.27697767704295201,-0.5792503843435538,0.76665008880044805,-4.6994200449638468,-1.4476263049780937,-1.0942407180343037,0.4759719029147151,0.5265950011376187,0.2806122448979592,True,3
0.70851974447207011,0.63703192657199526,0.30362822039659615,-0.69898274884919287,0.57432152094333944,0.42611959282876838,0.097071563830292057,-0.51414503314658289,0.85219246440357621,-18.616183821017614,-11.903362239616406,4.7461647147079926,,0.4843435952185524,0.4285714285714285,False,4
0.26676940939669447,0.91661487435533373,0.29774360500385988,-0.92229517748834999,0.1531589140879111,0.35484356076607176,0.27965279864838094,-0.36926889815684116,0.88624759128708541,11.144871725533154,3.2422780772035615,-4.4092668856265895,,0.3918492691624851,0.1578947368421053,False,3
0.86666347826367462,0.45996915245484571,0.19319108217999986,-0.48507748445573262,0.68641776984039382,0.54178453219101586,0.11659438030199894,-0.56325751130127877,0.81801389135190261,14.080293395616525,-2.6421022059807306,-2.410804868232451,,0.407337563716641,0.4489795918367347,False,3
0.21418742155115525,-0.96809741130141125,-0.13004288016178686,0.88859711647201356,0.13783098881559347,0.43749032345840289,-0.40560931084837026,-0.2092606526646158,0.8897702322507135,1.190615786176966,11.567977495169238,-7.123179322718669,,0.3867628565378028,0.3846153846153846,False,3
0.54257023078055633,-0.83996680925994016,-0.0085617762414668813,0.74896947303482353,0.4791259232026564,0.4576932140387715,-0.38034493967012628,-0.25474322180752446,0.88906896122317214,-8.2301226164198837,-15.916090616174136,5.3923160445610403,,0.3295805739295085,0.1666666666666667,False,1
-0.97144194280916774,-0.21005847338623923,0.11034486625934366,0.23276557866611114,-0.93390907043212379,0.27135591674558551,0.046051461859319458,0.28929100560378501,0.95613282389915411,0.087012628684171256,11.80921138490344,-7.1128407688247135,,0.385607992508721,0.5405405405405406,False,1
-0.88525777252667615,-0.45481564235061106,0.097269767421886408,0.46122237440150349,-0.83151100004131018,0.30961811665621025,-0.05993828102762222,0.31895483737278574,0.94587272620789353,9.5538631991650451,16.192372987483921,-9.6911120601400089,,0.1153879917304141,0.2631578947368421,False,2
-0.66323566807571777,-0.7379383387637537,-0.12476159976029029,0.71629332455510086,-0.6742023202427514,0.17993083275828636,-0.21689241985361385,0.029970645002750915,0.97573533227415832,12.037255246761459,10.127223513484482,-7.3420405122897501,,0.4393226799651153,0.2,False,3
-0.068974207084560576,-0.97653687510524156,-0.20400561344420082,0.9334936400483389,-0.1353091507983393,0.33208591915275953,-0.35189797206911683,-0.16753257972681249,0.92092380357102366,-1.4218935616494721,-7.5251018085835444,1.2796969694187139,,0.5483870766968686,0.2750809061488673,False,2
0.47289873579848435,0.83616809866175079,0.27783033754539188,-0.84213991113259712,0.33617757099288625,0.42164559862389506,0.25916627048629459,-0.43336768631465111,0.86314847662526151,-20.665899684995345,3.2338476593425471,-1.8096260018170995,,0.5309660923610219,0.547945205479452,False,3
0.8163911469297277,-0.57540448261640131,-0.049144446275394729,0.48945519716815589,0.64425195386921486,0.58768446457327794,-0.30649486974474005,-0.50383439870720426,0.80759630602145815,3.2874798102701672,-6.5321209778945724,0.41286460179593776,,0.3568171453593585,0.3170731707317073,False,2
0.4561850521715749,-0.88988437184011793,-0.0010014638963510847,0.79863573184355363,0.40891096740953475,0.44155723134709202,-0.39252536987808595,-0.20223161347058666,0.89723252756192184,10.13734834054368,-11.32833094196387,1.5791404070440997,,0.3305393526916538,0.1111111111111111,False,3
-0.52033336572646105,-0.8487660726494477,-0.094070943606429425,0.81832694284351559,-0.52707552617805153,0.22919948586441979,-0.24411923956984094,0.042279352210753726,0.96882312794879155,16.001264217774967,0.13146176571172841,-3.6034960455954157,,0.5454030990002723,0.4,False,2
-0.92130206864327169,0.33253478426938332,0.20155176894421728,-0.2960027140513069,-0.93588566919205896,0.19105079815376905,0.25216044810375904,0.11635562492568535,0.9606646017004401,-4.3166129200549017,-6.9769613503443662,1.2710056739391906,,0.289235932133856,0.1555555555555556,False,1
-0.86265775503838782,0.39901823124760727,0.31081513606026456,-0.41358562876189514,-0.91023118851707796,0.020642459456578832,0.29115034836619619,-0.11074129574291525,0.95024619971006652,-6.1706295893393985,-0.097885587808549612,-1.5677350941261219,,0.5192553635729273,0.3404255319148936,False,1
-0.99019664996579271,-0.050590512790479346,0.13019675269421621,0.0910450555928142,-0.94065526740168814,0.32692272139079159,0.10593107310239017,0.33557155410591055,0.93603971060330637,10.635504462044667,2.7699304483868792,-4.1561221053879764,,0.7724122844058232,0.6612903225806451,False,1
-0.41063790657567673,0.82360648392301905,0.39121460775782285,-0.82312962576433579,-0.51941179307451923,0.22949729498226554,0.39221694108262306,-0.2277800449009402,0.89122506824747494,9.8932208749382333,1.200172264664376,-3.4232777086315034,,0.6960532326431292,0.25,False,2
-0.81987081914096338,-0.56372469172163286,0.10013147289675339,0.56164147873075843,-0.75788377863237133,0.33192021248342701,-0.11122360041938253,0.32836968500345154,0.93797796385655119,8.0003245478146425,15.030839772135618,-9.109192391011101,,0.1436530908662478,0.24,True,3
-0.40183863406050702,0.87309276044186468,0.27610639949191784,-0.82765199795350386,-0.47530761025802082,0.29845409347901741,0.39181358126021948,-0.10858962793385893,0.91361392844309663,-18.870737718675414,-2.8489907675492634,0.79081773497840024,,0.2715815208586083,0.2105263157894737,False,1
0.79019434550192158,0.57831268552505311,0.20284805667689154,-0.5946187572645304,0.64332061236551719,0.48225213655808929,0.14839619215457023,-0.50169017078916078,0.85222388061328547,4.8250758249253085,16.195859828652782,-9.3585996431932319,,0.1482184396520827,0.4545454545454545,False,2
0.66747850899360595,0.70649456324617599,0.23524003089454759,-0.72415950809020369,0.54232211455665102,0.42600437897439136,0.17339390668136803,-0.45470007275829361,0.87360311180728734,-6.2739905952683479,-15.886125064654367,5.1418531356715071,,0.4314141540745949,0.2173913043478261,False,2
0.076739868147837648,-0.99661681969219462,0.02942630359503233,0.92064292080186316,0.082158901480301291,0.38166284504122733,-0.38278924359765676,-0.0021976383152595563,0.92383308306845591,-14.337161322399441,-5.9991393642479922,1.7865219379411639,,0.1679683920782585,0.3333333333333333,False,2
-0.77674044345429338,0.52276254004728961,0.35127426638701115,-0.53840069827865511,-0.84052552795795532,0.060345049043449783,0.32680111933021816,-0.14225387015580887,0.93432588791610072,3.5529501012579288,-3.1131667233773488,-1.0050573550755095,0.5784300821722967,0.6756385530790239,0.3274336283185841,True,2
0.32300744581723201,-0.91659475868436036,-0.2356273292701567,0.86059787153008138,0.1808896905699803,0.47607795933375269,-0.39374800756895423,-0.35655710369849036,0.84724821530506811,8.6975605963549381,-8.2325592953557454,0.47889455836496764,,0.4844724753182818,0.4285714285714285,False,1
-0.85612264288064777,-0.5054364718629365,0.10764754181030083,0.5137337618635972,-0.85497566885550969,0.071373857865111023,0.055961078157325025,0.11640695243764122,0.99162380929243976,1.9688094876105486,-1.0013728380390345,-1.7505586928709347,,0.4444899575282049,0.3323572474377745,False,2
0.95246594230225556,-0.29777521994980571,0.064331540772168336,0.2090732099568415,0.79251237297072785,0.57289836058994659,-0.2215784773677687,-0.53221617513201414,0.81709786518827143,9.0576990730629188,13.693875953313974,-8.5448800057210494,,0.3721787652969306,0.5789473684210527,False,1
0.90978090280680768,0.37131247382298566,0.18554178955557005,-0.40735195287086801,0.71276389552916153,0.57099213280253158,0.079769012657290778,-0.59505854839128902,0.79971384169972459,9.0914420745399376,-6.550986744989685,-0.1146848525294961,,0.3642452408812943,0.2727272727272727,False,2
0.18829192496405869,0.90534658954969194,0.38064905593482007,-0.91989472868142641,0.02681940212693773,0.39124724639756575,0.34400558009638915,-0.42382575719308768,0.83787343220933541,5.9449439124488777,12.550649210180886,-7.9671477724175812,,0.3868248048919511,0.2222222222222222,False,1
0.10047636237956188,-0.94490337847877348,-0.31154791917515673,0.9175686448989383,-0.033063057929997738,0.39620022223446932,-0.38467165544304943,-0.32567535912272622,0.86369165676124637,9.5581032755610273,-7.0337261165522067,-0.04212514973010404,,0.4533341975475095,0.4,False,1
0.018512479439792721,-0.99528215600553249,0.095240317313467437,0.92627374941668295,0.052932974642540695,0.37311531908654211,-0.37639637252044711,0.081311316140318737,0.92288365497552194,4.2003605057985363,4.1999995222716926,-4.270646285227107,0.4940189764880163,0.4251350040968691,0.9692132269099202,True,2
-0.231977729577236,-0.91277752448932603,-0.33618971395229924,0.91320956478234971,-0.32339833201227997,0.24791492420124045,-0.33501436352822622,-0.24950092111816563,0.90857837669128172,-5.035719888246132,5.6260360138926089,-3.9616206119261537,,0.1851030626740392,0.2368421052631579,False,1
-0.18122409284970942,-0.98338752292984644,-0.010334791565382376,0.92079601245217868,-0.17336136257287985,0.34940025961501653,-0.34538750936153784,0.053803510227255734,0.93691656547648827,2.1333024926745701,-19.148543398059065,5.6040020656377862,,0.1372619566619699,0.4,False,1
