axis_00,axis_01,axis_02,axis_10,axis_11,axis_12,axis_20,axis_21,axis_22,location_x,location_y,location_z,dbh,dbh_approximation,score,reconstructed,number_clusters
0.11585988647007388,0.98096258388769053,0.15584895161510059,-0.97992257190484322,0.087255587520133085,0.17927134605929898,0.16225979100978202,-0.1734902632971107,0.97137680060960874,8.4054435085202925,-4.6657953656838611,-1.7298462375341888,,0.2971238750546116,0.46875,False,1
-0.20702743274080604,0.97438758573529038,0.087797920577331004,-0.96787163869752013,-0.21707688350607274,0.12689411984906396,0.14270295406097477,-0.058706553401160197,0.98802297923177274,-0.42406239226973541,7.4095286706555301,-4.5908497073866288,,0.7932874663951162,0.9741935483870968,False,4
-0.98407612818379453,0.17451536657002786,-0.033742566140093778,-0.17643112204283951,-0.98208710786976039,0.066158685980847357,-0.021592431856889874,0.071058422350461323,0.99723842058936285,-1.3930576680308415,-10.036214285177483,-1.3789531170786329,0.5188574196402778,0.5191634969126364,0.7195571955719557,True,5
0.70258547768781543,-0.70577223125610122,-0.090880163567020486,0.70816393119044474,0.6809338370143766,0.18663589196554228,-0.069839051418808029,-0.19548572120915392,0.97821666296391518,-5.5091161368247619,-23.84777833933973,0.77841891239912719,,0.4355998415433295,0.9142857142857143,False,4
0.91531232680636987,-0.38709200537235094,-0.11118958482304385,0.39960894239402545,0.83850425944093387,0.37043663433594065,-0.050160119168892237,-0.38349757010471769,0.92217871162196074,4.6868831171718188,0.84955754563027885,-2.9995829837061678,,0.6231558693744571,0.5143422354104846,False,5
0.87791136386765478,-0.46946853478536471,-0.094185625434657583,0.47787092937981301,0.8466487407242641,0.23414799739415348,-0.030182976090980612,-0.25056976009985998,0.96762791571853224,-14.666585383689988,-15.882727055983883,-1.172287742864504,,0.8357742775567318,0.9930555555555556,True,5
0.81281109871423518,-0.5457180440012197,-0.20378894537840114,0.57940340467192908,0.72118513351938829,0.37971528524040155,-0.060247924956259614,-0.42671280698158731,0.9023781734374785,12.073297947899871,3.1885932714605696,-2.9408032877568355,,0.4812417687748196,0.8285714285714286,False,3
0.95674744515546262,-0.27988119923806321,-0.079377833817501506,0.29041682332066948,0.90281595043272833,0.317145752575344,-0.017099559082806623,-0.32648104685772161,0.94504906281201106,2.6061902237729857,9.8090343965433373,-4.7830826314066632,,0.1762909708325959,0.28,False,3
0.52078841841939816,-0.84260039978059276,-0.13712763955455881,0.84777099623383523,0.49158840577976587,0.19906073758427945,-0.10031829935216577,-0.21992136229227854,0.97034572870837921,15.765093002138627,3.1258890194194167,-2.6919244277724936,,0.1688421471359708,0.2413793103448276,True,4
0.96958335078755331,0.24103145958340841,-0.042567139517133236,-0.22401030189160684,0.94393781888471007,0.24248871875946504,0.098628142647068401,-0.22557754668908772,0.96921992339598606,18.979914514383914,10.468671858850319,-3.8024110176748387,,0.3120993045857601,0.2777777777777778,True,4
0.34416337191086671,0.93823156553380549,-0.035680567132910804,-0.9236857102246796,0.34515399153106535,0.16635333136701014,0.16839323668625023,-0.024295093458493885,0.98542045151913238,8.8989560793335176,0.037908807169853675,-2.594275651093271,0.4279884972722258,0.3381681717700025,0.9344262295081968,True,5
0.029044319446527151,-0.95794579431139348,-0.28547553777688206,0.98778067101375067,-0.01624284609866726,0.15500166425635231,-0.15312012761068361,-0.28648913611466481,0.94576857708889883,19.510305115714132,2.9345217917546145,-2.3635840021673906,,0.3530677729742702,0.2857142857142857,False,5
0.8488563491254395,0.52815788096414773,0.022184483876992928,-0.51381287523514396,0.81448227541676932,0.26947161682543502,0.12425468921542479,-0.24014136629781374,0.96275277013395044,3.2438509030917522,15.496055819969191,-5.8200763610633004,,0.2901115307900516,0.2173913043478261,False,4
0.96868985812316688,0.24827312131337093,-0.00064498266285159533,-0.23668061584336678,0.92423761086376333,0.29961162318716517,0.074981630105805525,-0.29007808586337475,0.95406103538951692,-9.2423116506830691,-16.088333631865826,-0.81187382374656547,,0.2527971524828462,0.3703703703703703,True,5
0.9578959608446368,-0.27864507098210017,-0.069226097787686874,0.28708028695648963,0.93329979509523431,0.21572297354749562,0.0044985596038791542,-0.22651361304030765,0.9739976109154046,-6.6534993352063081,1.0294679026612239,-3.80906388841482,0.5856641428729262,0.541069453402931,0.8690476190476191,True,5
0.87750202384036369,-0.44944790847765148,-0.16729248554890441,0.47821100867314381,0.79377404289972797,0.37581511412187241,-0.036116884415467371,-0.40977963148951924,0.91146926677559104,0.12491921604375411,10.475702473937805,-5.0808115254424031,,0.2687023746972508,0.3814432989690721,True,2
0.9985876043051688,-0.0009383421945908417,-0.053121709705064503,0.016993953714124738,0.95295943452971199,0.30262108597712378,0.050338872307844534,-0.3030964131340676,0.95162942487085622,2.5774999053001335,12.934754093313019,-5.3938711577908371,0.1702065504701125,0.1998918840342139,0.5689655172413793,True,5
-0.34080287508711632,0.87442352426359438,0.34530696567950947,-0.93099548826331657,-0.36499049701556596,0.0054164491762266898,0.13077003160397202,-0.31963328566149807,0.93847416668309569,9.8389988698123094,1.6516305049473838,-2.7700167771285038,,0.5371862876978597,0.2622950819672131,False,1
-0.025928807013274626,-0.99631874401511711,-0.081710815018628924,0.98703275686545389,-0.038468120317756392,0.15584139563608082,-0.15841096502910151,-0.076610469541433093,0.98439666908984935,12.05237397718078,1.0116863629860209,-2.5287679564601375,0.2742786769983741,0.2863284791093562,0.8174603174603174,True,5
0.65200864055223373,-0.72799977521516146,-0.21189870205337002,0.74642279794261202,0.56720469322229106,0.3480400015775918,-0.1331831046219879,-0.38509111035348714,0.91321799006040605,12.751128468581417,-1.2009284768891599,-2.0709542380455845,,0.5207214712530042,0.5714285714285714,False,2
0.24741643713381001,0.9676385523670965,0.0496058324083095,-0.95479898139017083,0.23478785601730034,0.18230076193777167,0.16475439833978356,-0.092467803259887751,0.98199067897204939,1.6850809975826977,0.95173727503771743,-3.2243880920325365,,0.1000714761180521,0.1927083333333333,False,5
0.8757801379768535,-0.47176761864187661,-0.10219816009212965,0.4822927912810876,0.84638402678903257,0.22589321077597721,-0.020070211845943389,-0.24712222319604435,0.9687764413935257,2.0544131305893227,-9.6945285075122918,-1.2252392548467996,0.5402161017302164,0.471314750732496,0.4915254237288136,True,5
0.56141809770655426,0.82328862416149728,0.083699228752850935,-0.81629283262823338,0.5343398843854682,0.21942401726953056,0.13592546107086931,-0.19151169489405312,0.97203268450781943,12.020211488398322,10.007163231851324,-4.183867401361927,,0.3457368132016602,0.2608695652173913,False,5
-0.16374950496129428,-0.97357077801317105,-0.15920439637070069,0.97612953027296179,-0.18324486290114037,0.11658670743025967,-0.14267879924507978,-0.13631309701995023,0.98033744181624083,17.665013419238495,0.17006001230110701,-2.0004236000150519,,0.2455051916291739,0.8055555555555556,False,2
-0.63944116234747372,-0.70781960560412793,-0.30017729064359311,0.74679894828924465,-0.66462958872515299,-0.023639810175045101,-0.18277398811042511,-0.23928835264895476,0.95359045378860596,5.8835461847920207,11.258618406931724,-4.8452830095921611,,0.3883664031892287,0.2222222222222222,False,3
0.96691591518079034,-0.24452851262605324,-0.072659613837287168,0.25480416552238844,0.93941000602553593,0.22931131200082827,0.012184014220807685,-0.24023872937557766,0.97063736931228561,7.8054542230226431,13.025949339008333,-5.0112432677841774,0.2994364680931593,0.2981095553016038,0.7413793103448276,True,5
0.74901036377159813,0.66220912457496062,0.02150698241047809,-0.64652897428970524,0.72340738289119155,0.2422437693366358,0.14485772456670126,-0.19534798107014961,0.96997701309112305,-9.8031514420520978,-25.684192311194519,0.87470691947705537,0.2978636949437901,0.1805215687123498,0.3888888888888889,True,5
-0.90021299330108862,-0.40584084064566778,-0.15782832051286683,0.42301087688633071,-0.90104743592224879,-0.095787871120510321,-0.10333617337482665,-0.15299258244097813,0.98280969927564754,10.365364301983146,-3.9442595320222162,-1.7363313867946615,,0.2006375210613409,0.3846153846153846,False,4
0.77954530468409211,-0.58137004732961317,-0.23306219344404377,0.62380570940777347,0.68715682767384456,0.37240022971459408,-0.056352061677015272,-0.43568837745478273,0.89833183339764155,-1.1874310047647101,10.844332792520333,-5.2351371007565257,,0.1987400147848729,0.2368421052631579,False,3
0.54933096534484605,0.83463609626466595,0.040225331886503984,-0.81979194696184776,0.5289898153897461,0.21934205914604332,0.16179200910367403,-0.15346778823584578,0.97481843630708742,3.2639351300424777,-4.8841399910516481,-2.046211674571969,0.7380471380376546,0.4808178844643803,0.8974700399467377,True,5
0.21459566619242471,-0.96722994501112192,-0.13570163420243778,0.96251832109444502,0.18583496469893748,0.19754454549006559,-0.16585289147000501,-0.17300751246442325,0.97085592083579131,-11.2368437967373,-4.9829852350677779,-2.9930934378989336,0.3056343476218001,0.327348008043961,0.7619047619047619,True,5
0.99820142862595773,-0.030524459529711254,-0.051596174853539414,0.040737295166042096,0.97680006874500813,0.21024295108826718,0.043981594692015846,-0.21196670273929291,0.97628670802084605,-12.378520761629419,-10.640607645410279,-2.0746916580575272,0.5807627550433992,0.4243699942464351,0.8831168831168831,True,5
0.73592677029761266,-0.64638435317507781,-0.20149207609670708,0.67044619385351067,0.65422019621618122,0.349996908572351,-0.094412339800822559,-0.39266169005047824,0.91482408541753901,-2.9992953543567009,12.359602417165798,-5.6599451035144179,0.7569616844193032,0.697850099491312,0.3333333333333333,True,4
0.9415954402206077,-0.33146172718966838,-0.05942348327220047,0.33599940625128077,0.91301768042371456,0.23130740202701403,-0.022414860127747224,-0.23776425013475364,0.97106422825851813,7.3252928127782519,5.7534839753609521,-3.6980130485901133,0.3956232259541699,0.308743736193668,0.656,True,5
-0.52652952005371345,-0.74171170648648999,-0.41548815744002315,0.83488153279521349,-0.54333974398951956,-0.08806105154334018,-0.16043531627893376,-0.39325013294632571,0.90532582103250325,7.9040387642279608,14.906127846143587,-5.3743899425454185,,0.7827278032878149,0.125,False,1
-0.36920535741652,-0.92184513287051773,-0.11785141092867008,0.91444335073517968,-0.38297137289960881,0.13086743611612228,-0.16577322567639943,-0.059451480573045078,0.984370234772728,14.860140351432753,9.0975697406665006,-3.812822691866379,,0.230033152468473,0.1764705882352941,True,4
0.93876934788088584,0.34262140048913281,-0.036368769654201528,-0.32919052569541563,0.92308071966060312,0.198885853652888,0.1017138597816003,-0.17473568873509301,0.97934760417872069,-5.3508258757119469,-3.5305863072635102,-2.8753230900176936,0.3436691063676243,0.2972723498321471,0.9509803921568627,True,5
-0.82698281804968232,-0.55907461010657633,-0.059455857447220602,0.54764567337978309,-0.82494604014010331,0.13981504670658862,-0.12721491688873798,0.08306389824310717,0.98839099233534522,4.5550292950475457,4.4438322384658431,-3.6488509495030019,0.3869623576791534,0.2554814283165118,0.6405919661733616,True,5
-0.80064182921518323,0.54682426354226221,0.24485891062492865,-0.59673915492244933,-0.76436959665162663,-0.24421609426299068,0.053619420860405866,-0.34164651983605998,0.93829772097693087,12.113056685084404,-0.91424476709656644,-2.1773655997075734,,0.7748899114194843,0.1891891891891892,False,1
-0.87379300922268444,-0.45976369425517788,-0.15843964932552584,0.46756512002269873,-0.88385027125687021,-0.013840395128585398,-0.13367361583993967,-0.086174494161481346,0.98727165511032855,-4.6364352708253493,-23.029420952839217,0.71770181359519514,,0.344506685245566,0.375,False,4
0.80646721406352162,-0.58476473132345963,-0.08752623401486824,0.58890364278821838,0.78112365934196459,0.20745681075102537,-0.052944613997930136,-0.21885163425577253,0.97432070183907571,7.4102269827713574,9.9572185942085003,-4.4857254879218296,0.4384797591381447,0.4360267743385336,0.868995633187773,True,5
-0.98038645763712073,0.19332320895849914,0.038321411243925255,-0.19608539644097994,-0.93724255643663157,-0.28831737323080453,-0.019821982350948369,-0.29017671733293099,0.95676776792153828,-13.127010538092772,-8.3651906030704861,-2.5551058509974709,,0.2955544162714345,0.2692307692307692,False,2
-0.77277725230751637,-0.58301514311670666,-0.25081599074351513,0.61930617743765126,-0.77912821880735539,-0.097051930664168312,-0.13883507087047434,-0.23033141677739921,0.96315744379707025,4.3048383512374544,10.617131973281257,-4.8323680692376554,,0.5353053469452138,0.2830188679245283,False,1
-0.59292347709291204,0.80410680803634604,0.043058002527389796,-0.79886989817150977,-0.59409999586354112,0.094085496812107566,0.10123554764751237,0.021387757819324386,0.9946325591433095,-5.9188383795359041,-16.757749765647386,-0.45312445231109111,,0.1864110203526723,0.3333333333333333,False,3
0.41956619540405032,0.83932630312121381,0.34568130490821386,-0.88710667027146184,0.29843376485724149,0.35210657982067317,0.19236934068101799,-0.45438820944431213,0.8697846813343757,-8.8082017499614338,2.9246141578155442,-4.3243104056494124,,0.3033422686096361,0.2,False,2
0.70736874501094948,-0.66013820541793011,-0.25267965555071265,0.70525429347115975,0.63517427872658871,0.31491271359640449,-0.047390295653514353,-0.40096282295463559,0.91486773606140459,11.002267797448576,1.4166266530764287,-2.6394900317780503,,0.4121807105262454,0.3636363636363636,False,4
0.99914983383618283,0.003877732403141966,-0.041043546831842477,0.020193245937052191,0.82192895178150616,0.56923196593469727,0.035942208664100625,-0.56957682661320097,0.82115187159354508,-6.6123636913585493,-13.740548548782101,-1.0497616589962615,,0.3668560352646381,0.32,False,2
-0.033210474250232699,0.99943836885878989,-0.0044733938966483033,-0.98733841968329172,-0.032113100347875026,0.15534347042391689,0.15511257014624463,0.0095757839849928694,0.98785039097208327,8.2630080002499859,-16.569851868762161,0.3683101834530953,,0.3614364972221969,0.9310344827586207,False,4
0.79485239574387834,-0.5870214721597018,-0.15367322539620687,0.60429378400803813,0.74275502180749309,0.28834701349068509,-0.055124328471767917,-0.32205708935405736,0.94511403523983795,-3.2467915821028894,11.000636852239674,-5.4357272481110925,,0.284383739149938,0.5542168674698795,True,1
0.23815876551640217,-0.96148028415327003,-0.13724454667581346,0.96095556092985046,0.21277926125244262,0.17688808862911254,-0.14087161646584204,-0.17401335915788479,0.97461507196887165,3.8100127488275866,-7.4076638481647397,-1.5068443269274705,,0.105776309382438,0.2222222222222222,False,1
0.87306114156499592,0.47808737267104345,0.095899463928242362,-0.46832353832699669,0.76738366880746778,0.43794448083800808,0.13578404375370345,-0.42726428465305744,0.89387243190614318,-18.772211846621648,-10.650041942621895,-2.4478814846666208,,0.3938819694746638,0.32,False,2
0.9476071798780501,-0.30615477029010602,-0.091158594066500259,0.31627542365028372,0.85915442162034084,0.40227296230924026,-0.04483847720877851,-0.41002797031279492,0.91097012822746704,-12.293022811173456,-11.785248083759175,-1.8531734642314728,,0.5999125995648908,0.4363636363636363,False,2
0.68039978947978264,-0.6718321231329617,-0.29274173737703579,0.72233245910185251,0.54740642448764965,0.42258966499137041,-0.12366060408933355,-0.49898677813776288,0.85774136558752778,7.4496172208275562,0.11978816300447592,-2.711743474195818,,0.3649811496151991,0.625,False,4
0.16305299747218874,-0.97648760636474952,-0.14101657573270163,0.96892050201963864,0.1315346242737121,0.20950346866623876,-0.18602897833764137,-0.17079401989887055,0.96758597653409495,14.183192255345956,-0.53451716988941411,-2.108614364799025,0.6376670368527438,0.2102172213647767,0.18,True,4
-0.56724254470431623,-0.78175347869043765,-0.25903164677847929,0.80698768225474637,-0.5903879414912836,0.014593122722607071,-0.16433738517599827,-0.2007575081960411,0.96575858615724042,5.4862328333225907,9.8578595685663757,-4.5910210062861943,,0.3839477756277144,0.2564102564102564,False,2
-0.9893008446303827,0.14521037646464582,0.014063619043726786,-0.14307824485142415,-0.94688237010840082,-0.28799721010477508,-0.028503590367656442,-0.28692808113688323,0.95752797431263559,-8.2760467457401248,-25.45469857282152,0.89009686745362049,,0.1359923269653205,0.4285714285714285,False,1
-0.086668381104835809,-0.87362093767930959,-0.47882674211554926,0.98583147262947579,-0.14449397869365016,0.085192709162689173,-0.1436137155353433,-0.46465895812908065,0.87376607472511247,-4.1626187296816299,6.9948342108161157,-4.7457690086409654,,0.2363284758123897,0.625,False,2
-0.023909616973080625,-0.93813338500677967,-0.34544765472053984,0.98704913022120488,-0.076981053040863917,0.14074065511529418,-0.15862643142226657,-0.337608751972517,0.92782432919480828,7.077097850958272,-5.2188706758517842,-1.7461779974998941,,0.7022479408535123,0.4722222222222222,False,1
-0.99581603276723296,0.062779581843422014,-0.066401453201671373,-0.060026656955179454,-0.99728420163111364,-0.042673430044667671,-0.06890014033740334,-0.038509028558988856,0.99688004563283761,5.6821407661521866,-6.6099972976900006,-1.569051764293296,,0.5894138879463887,0.8297872340425532,False,3
-0.91885330989475955,0.39161971179640759,0.04840037425416642,-0.39430606455758727,-0.91596517666806021,-0.074367483381898969,0.015209284945474369,-0.087417369349276131,0.99605566169140325,-11.893507520859307,-6.2088385199464717,-2.8485388501999234,,0.6567057903757204,0.225,False,1
0.75731963543025271,-0.64449707657651067,-0.1053113862605556,0.64957215759517672,0.72682614680439761,0.22311379248853949,-0.067253117912372762,-0.23737580037948999,0.9690870691146698,8.6756239019041033,-24.54170380709451,1.7559276611605785,,0.3536895741204626,1.0,False,3
-0.92961281486952019,-0.35548957220310717,-0.097196597086619763,0.35409513085884614,-0.93466775677308467,0.031824876289260701,-0.10215993702241431,-0.004832028934287292,0.99475625092982178,10.323003253723227,3.4036211925994238,-3.0869577757743212,,0.2268801606198365,0.1428571428571428,False,2
0.99290018770609778,-0.10597001232310099,-0.054033080066181585,0.11803306843076154,0.93403567930524733,0.33711354843969893,0.014744897762131545,-0.341097795761022,0.93991216702251335,-7.9743733056583839,3.9459603536746375,-4.4403408310601158,,0.5509757863961878,0.5166666666666667,True,3
-0.068156285338770939,0.97282490825957368,0.22128357064764503,-0.9871804667385482,-0.097845215311432671,0.12609932565450527,0.14432410352633973,-0.20985235693317977,0.96702251340437106,-1.6672418596206069,9.6606015302571588,-5.0688040702740675,,0.3408829379850936,0.5,False,2
-0.62147558020278149,0.75197918062936853,0.21976217852851707,-0.77847436518388935,-0.62426006438738346,-0.065399042520518313,0.088010033309599153,-0.2117231303165614,0.9733589009845236,-11.529495550365153,-21.350189492093207,-0.023307339519226131,,0.3525599627233664,0.1851851851851852,False,2
-0.8266464347998056,0.54932177028079643,0.12207073575735286,-0.56079389723320472,-0.82213808188375537,-0.097975400700851728,0.046538979992726617,-0.14944753933093208,0.98767381069316873,-1.7409526745504382,11.295304269651712,-5.4161883878098305,,0.6499578712026461,0.4166666666666667,False,1
0.62981904802742472,-0.77167256147565533,-0.088596978545712468,0.77147026852925715,0.60819561697445856,0.18690028429206407,-0.090341527091502866,-0.18606329395842444,0.97837562271558898,-8.6245726189460949,-3.1302959362610032,-3.1726637123091903,0.6085992068076151,0.4799705229859924,0.8511166253101737,True,1
0.99657334374378947,0.077495232847540507,-0.02891469220358274,-0.056230213086528945,0.89111558793198098,0.45027899360383605,0.060660808398553381,-0.44711016296942452,0.8924196145837946,-3.2416432576299092,8.3998135338273876,-4.9606374651356884,,0.3451234387464242,0.1388888888888889,False,1
-0.73641772394824123,-0.59356773979864508,-0.32460171614644873,0.66110804675450729,-0.73324237664206604,-0.15903385681273868,-0.14361436686951684,-0.33171215739948723,0.9323850911839191,-6.8009787175713763,-4.9397585877415526,-2.7196664513120186,,0.4271883911355256,0.6486486486486487,False,1
0.43978266714532716,-0.88714174554696434,-0.1398954216063793,0.89016866249244175,0.4099149076748192,0.19892089076404537,-0.11912580742626343,-0.21201248023130304,0.96997925247461425,4.9776648862718833,-2.788973604087821,-2.3068982503708071,,0.07697192880344406,0.2524271844660194,False,1
-0.92514278904726388,0.37932396914978617,-0.01497151636613956,-0.37941318002945451,-0.92262160738371113,0.069390261626788685,0.012508344965916393,0.069876290808466704,0.99747724048675124,9.28816375694805,8.2354034728842898,-3.9961058670839802,,0.07401247146485175,0.3846153846153846,False,1
0.91491208445908934,-0.38732244478968592,-0.11365386695077571,0.40330140233438144,0.86538002220174337,0.29743132997253663,-0.01684804397683444,-0.31796028201058585,0.94795432510111133,6.5091796713556764,14.990190869122037,-5.519252941513102,,0.1525020483266032,0.4,False,1
-0.37698893655397497,-0.91271012864973999,-0.15760571936347062,0.91142358094045073,-0.39584891191225446,0.11229735100869274,-0.16488298220734701,-0.1013107101843546,0.98109619415241489,-15.959708634970484,-11.382001232137769,-2.1213440315009402,,0.0690121792370704,0.3636363636363636,False,1
-0.99412100230743827,0.10792618608069156,-0.0086816547576230654,-0.10237844307135517,-0.9630563002390029,-0.24908074386481491,-0.035243257022299912,-0.24672758444900347,0.96844380936966101,-13.424492083750604,-18.777238508605429,-0.58710556401199476,,0.5632417356888283,0.4,False,1
0.89913284535032856,-0.41849584022713682,-0.1281458470837237,0.43706840386235729,0.84311757176474456,0.31324745893100669,-0.023050743099381849,-0.33765957989386902,0.94098601017680539,7.1959540114365925,8.838896472252479,-4.2806597333948915,,0.1062233543231206,0.5,False,1
