axis_00,axis_01,axis_02,axis_10,axis_11,axis_12,axis_20,axis_21,axis_22,location_x,location_y,location_z,dbh,dbh_approximation,score,reconstructed,number_clusters
-0.84586886140330286,-0.51699016109585127,-0.13125182908579108,0.5079721266781686,-0.85584675612250072,0.097419959724132338,-0.16269661282994971,0.015732239658698695,0.98655071274059813,4.8597324916460565,8.5283832218627946,-2.3119302363376573,0.4778863695217583,0.4609307209907402,0.9670781893004116,True,5
0.45882887134606021,-0.86447352615011297,-0.20533287463261224,0.88500687897970076,0.42409817909885067,0.19210298967910544,-0.078986650631051591,-0.26986340446720591,0.95965350619453205,0.36229004637340384,-15.417635321387836,-1.1888393876575629,0.5016918185654355,0.2857507244698493,0.375,True,5
-0.64936550515047908,0.75971677271689975,-0.033983319044548044,-0.7604283961549525,-0.64817343251523818,0.040247431006500439,0.0085495638410394426,0.051977174163612916,0.99861167543950491,18.006122983468632,5.1205689617301493,-0.58397357319647214,0.3752592940769013,0.3807822495964811,0.8571428571428571,True,5
-0.90098845338205202,0.43381994019444253,-0.0044795492974480655,-0.43147916449087781,-0.8971078223607557,-0.094990976778833169,-0.045227618580596304,-0.083652941065052638,0.99546805472033839,14.969469626025061,7.8878046750599911,-1.198691383505071,,0.09508258675535983,0.1111111111111111,False,1
-0.65639415732688278,-0.74294689216681897,-0.13105962630343687,0.73515780257218677,-0.66891433751068707,0.10998460978642473,-0.16938038713016629,-0.024156251619480339,0.98525466756739133,0.67569008965056221,-10.971810403476914,-1.3583021481399167,,0.139715745523779,0.6764705882352942,False,5
-0.89384185483652101,0.43891969196985059,-0.091631013000505052,-0.44562370741514828,-0.89222908801300593,0.073121582949616709,-0.049661352498554856,0.10619208305975869,0.99310472336176236,12.304594095390886,4.4900045447933641,-1.2255192435670905,0.1667432431976579,0.1427796818427743,0.6447368421052632,True,5
0.62719352898805225,0.7786095988481373,-0.019883907489598909,-0.72265675835457255,0.59126466030400759,0.3580130040655598,0.29050901328525625,-0.21017419931363673,0.93350485758934176,-10.482890239531898,-6.068000556831473,-2.8189467097972014,,0.3849789766645445,0.8266666666666667,False,2
-0.99405228402832768,0.028853927195424615,-0.10501193981383983,-0.036484613081080725,-0.99677419152626923,0.071484852349823533,-0.10261057268326795,0.074891000744771591,0.99189838611677228,18.189420594165913,-2.7016029083206847,0.018325822281810237,0.3009926430310026,0.215936205123081,0.2272727272727273,True,5
0.10842512505186444,-0.96538794524771787,-0.23721321090503367,0.98883744907767257,0.080203991684952569,0.12556997658421604,-0.10219829528445218,-0.24818024677276074,0.96330788097718911,-4.9399512796084988,-9.3931320505137652,-2.0166870271752582,0.4834540818370737,0.391934398892243,0.6818181818181818,True,5
-0.81639963280972738,-0.52054466658696186,-0.25004977431705794,0.55804175496879038,-0.82253638422404463,-0.10965079269657885,-0.1485969019175544,-0.22905708178422335,0.9620040613349824,-3.3462390273846405,27.295219962707566,-5.1754631803315201,,0.4524234194507988,0.1666666666666667,False,2
-0.91853459000252036,0.38306637214264805,-0.097746414268616022,-0.39116712335294879,-0.91645199461008686,0.08428536754960704,-0.057293006350519336,0.1156542092129102,0.99163582797045802,12.077612973711625,-0.47186812489012075,-0.91658859779545965,0.3343871176555139,0.3886673308184454,0.8387096774193549,True,6
-0.061008305764775408,-0.98858018105536782,-0.13779409367693335,0.98844839475857138,-0.079026083305123215,0.12932381473129814,-0.13873628770770491,-0.12831252387038275,0.9819817405079877,-5.9306526478373529,11.344789544609206,-3.7975281384012973,0.4436644684273267,0.3954635548530504,0.9722222222222222,True,5
0.97908138190262217,0.18387675830117203,-0.087114782719719536,-0.15603515369109883,0.95331777321554667,0.25853095382167907,0.13058590438575954,-0.23952987502189452,0.96206692103395186,-5.4493134801616616,-15.106468854416832,-1.8073814616291211,,0.4065586197834626,0.5263157894736842,False,1
-0.65450813994635071,0.7524331401995662,-0.073915250614399769,-0.75563705055265329,-0.64776262939327367,0.097037228905203277,0.025134489771159826,0.11936475816141803,0.99253227248941933,-2.8969979158727113,-4.0883429699237732,-2.0644514022349361,0.3675094560976698,0.1833490729823902,0.6055776892430279,True,2
-0.86867249425544435,-0.47829076105391294,-0.12901955516313504,0.46730388443211179,-0.87759279617554153,0.10704187823209002,-0.16442377358120683,0.032692996058221103,0.98584785372290207,-11.627353522103528,5.6873689687024447,-3.9841304113928055,0.211817945509763,0.1697352423613424,0.8837209302325582,True,5
0.20270804597658854,0.97810585663045146,0.047099695557018234,-0.96890367642076802,0.19336663858197362,0.15438590901318608,0.14189825197891837,-0.076930334125876187,0.98688733388194216,14.541573528429577,-12.717544970847859,0.37252338206047281,,0.1701789759803519,0.1333333333333333,False,4
0.31465124680927242,0.94616966896097676,-0.075878524100339156,-0.93802740020878161,0.32218303127414594,0.12768199096410462,0.14525560002604093,0.031000837041574691,0.98890836722306896,8.2047737721608449,8.3792284757201294,-1.9531140890271439,0.20607671297842,0.2036445982207066,0.6257668711656442,True,5
-0.96611030917658025,0.23823088354989522,-0.099382677694699509,-0.24734956750633533,-0.9645006596013096,0.092502265286142096,-0.073817761799997578,0.11394965446053427,0.99074033646115534,-12.425901579797131,11.033738695274506,-4.5122654191160834,0.2776199619559373,0.2947360309271548,0.9761904761904762,True,5
-0.88137879948154141,0.46277785674717037,-0.094910837784593721,-0.47106071197346622,-0.87611619883996905,0.10257783271865245,-0.035682172853247401,0.13511869387579312,0.99018671022477944,-8.2450678329386946,16.081764613829538,-4.5690935877284611,0.3542349630404439,0.3234703122181119,0.9513888888888888,True,4
-0.52420068236264372,0.84628112065729688,0.09498373244703226,-0.85046476524606185,-0.52598256538501764,-0.0072127654861370433,0.043855760003687856,-0.084561254307314634,0.99545269429766126,16.75056953057226,-3.6770470317894155,-0.10054750497218014,,0.3928160625610562,0.4603174603174603,False,3
0.16681679124961474,-0.91640268983051831,-0.36383824459308001,0.98088672839049684,0.11675398987776767,0.1556590245215822,-0.10016678204160732,-0.3828506444019828,0.91836376227310701,-0.70155752539140259,32.188523882862391,-5.517695141583089,,0.3640819677677729,0.4166666666666667,False,5
0.34797992934944111,-0.77378735103233731,-0.52930435871274983,0.93386357017381927,0.23640489287766717,0.26834969522193619,-0.082515459594947257,-0.58767836612032598,0.80487597611183404,-3.540850175505593,-19.34478772127845,-1.5549103659965613,,0.5355141703122186,0.1136363636363636,False,1
-0.36386568890725807,-0.88852340557048737,-0.27951371735474884,0.92134421802972055,-0.38741692982380371,0.032139607793215369,-0.13684513999134268,-0.24583384681390388,0.95960363037111751,9.2696271963928698,-11.758787555072972,-0.35441834857897819,0.4966577297052298,0.2560360679553856,0.48,True,4
0.195089690860142,-0.83702610763364704,-0.51120182673750414,0.9739066797446323,0.10370432275651775,0.20186924627193487,-0.11595599022422813,-0.5372454826066746,0.83541696161248746,14.687414420413127,2.1499112392532336,-0.79889296221612516,,0.4699855614456983,0.3,False,6
0.97281076271813138,0.20597626445935557,-0.10589144639269586,-0.18240238611000606,0.96313337103684771,0.19774599651212757,0.14271856740152558,-0.17305458120075218,0.97451707139705268,-3.7536120324819375,4.3896156819718151,-2.9997962296137164,0.4057100591873668,0.3615465697584696,0.7819905213270142,True,5
0.56108362252915323,0.82561072109847322,-0.059599544770250514,-0.8096570581097231,0.56236440959896417,0.16793367461446398,0.17216450500225305,-0.045969642413955819,0.98399500770769199,-3.3109452579712482,9.3355589006211677,-3.3105764135044118,0.3705889719282666,0.3156201697499675,0.9342465753424658,True,5
-0.97344447333813355,-0.19617170753533203,-0.11799372224875489,0.18819657586878602,-0.97923157486474866,0.07541599047396412,-0.13033766208854783,0.051207264626973462,0.99014640831076839,4.0684828574888252,-5.5615208247713586,-1.3321795744818947,0.3470752759797471,0.2985851475721122,0.8517350157728707,True,5
0.0034870469859529449,-0.98189561571110695,-0.18939070819505213,0.99158876461324097,-0.021108786375883308,0.1276955012148972,-0.12938146078980656,-0.18824297858098971,0.97356305323222492,-10.118791013009441,1.2475598822021028,-3.3829440135682556,,0.1520793502596172,0.5,False,5
0.82426614732454795,0.56577601251318432,-0.021973211859626918,-0.54213176037823996,0.79982502028495051,0.25762975626928192,0.16333546082812944,-0.2004431106096197,0.96599383364760794,-2.8791158389570795,1.7679131445124669,-2.611387366580797,,0.6248335802259887,0.4254606365159129,False,2
-0.68115702023672942,0.7321217934477916,0.0047742372175357817,-0.73189908150679406,-0.6810872113472749,0.02107000305420384,0.01867748033679599,0.010857720662370368,0.99976660357819835,-1.0147840623723665,-10.896022223508428,-1.5309311559647754,,0.2980444734689794,0.1538461538461539,False,1
-0.9086906232091736,-0.38196440635462314,-0.16847713070290943,0.380501859868564,-0.92381756170086127,0.042183495939054579,-0.17175472607264264,-0.025774114363775018,0.9848025228950601,9.0812483537649733,17.586411226647513,-2.6746537168056963,0.5818511958818089,0.4947165161096954,0.8955223880597015,True,4
-0.67135025779768764,-0.69113719647635152,-0.26761578242283685,0.71824721030856287,-0.6957704503055997,-0.0049422024958644534,-0.18278341346781246,-0.19553223807943276,0.9635130344902979,11.550101456067917,-10.111147497090938,-0.22449693768228421,,0.5687711264295612,0.3768115942028986,False,4
0.070378659476906524,-0.89975379459139959,-0.43068544601438824,0.99065474815709442,0.012475091927662097,0.13582172887723712,-0.11683327541432269,-0.43621953326252516,0.89222334903105216,11.898685384721427,13.577885295111988,-2.0228875188168964,,0.4436995969422753,0.2105263157894737,False,2
-0.74954576839834475,-0.6231899327845829,-0.22319374711690082,0.64610827200850474,-0.76209303036937825,-0.041932253750584028,-0.14396264070348302,-0.17563746963095969,0.97387177664378088,10.471228499088701,4.0943574593419125,-1.4493684668711446,,0.4145999671001681,0.6909090909090909,False,2
0.2807557895240399,-0.94565321291112092,-0.1640615358931147,0.95661139250551608,0.26183384243619312,0.12781894493288884,-0.077915533607818332,-0.19282904310806909,0.9781340039875086,-5.2937962081317558,23.125923633785106,-4.942022602346456,0.3571631598971959,0.3086037498109719,0.746031746031746,True,4
-0.21052581567787509,0.97408446230650203,-0.082694263562942891,-0.97213507963749923,-0.19967881283201136,0.12280781182071111,0.10311288896814964,0.10624420924949607,0.98897922128303095,-5.2382164169868819,0.19058587871342358,-2.723477760291372,,0.4664855829954738,0.9274537695590327,False,2
-0.65412253980478441,0.75207168175040884,-0.080696272704800245,-0.7560475641144081,-0.64689275338238805,0.099608465594146989,0.022710872198263621,0.12616636291207731,0.99174909385062149,-8.5116981965869751,3.8847293101513776,-3.4364555173633509,0.2519312671356125,0.2628289860991865,0.8115942028985508,True,5
-0.88600346915774597,0.4590327075519694,-0.065473857668132462,-0.46302548601687377,-0.88338259533808239,0.072405728727713795,-0.024601868613515168,0.094467791607835791,0.99522388657500616,13.413993549156494,-3.3018547433738723,-0.51671767572232308,0.348876355472441,0.2859268008720028,0.8691099476439791,True,5
-0.96589930046292505,0.24106391097903118,-0.09448138540858364,-0.24741183023078661,-0.9669032014206852,0.062334463535684753,-0.076327764457529174,0.083584627210527673,0.99357318928551608,6.3919337833713303,5.9551125611320774,-1.9499280719821337,0.3117337035575319,0.2653216131338199,0.9021164021164021,True,5
-0.84845428828420955,-0.51140911619713236,-0.1363306149131667,0.50271681351842712,-0.85925709706416331,0.094620539793138919,-0.16553285504096477,0.011745510433100521,0.98613433004162832,5.7133803326035126,2.1040364000616805,-1.7499440695125712,0.2973887864973451,0.2411856436316871,0.7951807228915663,True,5
-0.58504930676562228,0.8109510878689552,0.0086972258349216763,-0.80993225981060057,-0.58479661972244745,0.044973859955467203,0.041557708925777079,0.019267761814959039,0.99895030416106456,-4.5002552187103104,-11.041944786143443,-1.9067010378944766,0.215477639957433,0.202334566755837,0.21875,True,5
-0.43427856027021045,-0.87744293755309377,-0.20370572752829175,0.8879873879281458,-0.45499620630586646,0.066759651945004675,-0.15126311834079625,-0.15189583136303336,0.97675335957669007,10.315709798295986,10.043196455758563,-1.8625731794360294,0.2811588846786752,0.2923260371384667,0.7425742574257426,True,5
-0.7850095324822477,-0.60379043104245678,-0.13855377762287091,0.59642768030537985,-0.79709736164969347,0.094391833421341317,-0.16743373637814815,-0.0085388191609269623,0.98584635338869608,15.596934410249032,9.3401352174029082,-1.304114552007321,0.4985207433896527,0.4354165445840043,0.8715596330275229,True,5
-0.80131039218383815,-0.542357392586436,-0.25248784938096908,0.55761649715070172,-0.82999394895209733,0.013186614739422106,-0.21671524515724755,-0.13022481871650637,0.96751020620285333,2.2493285553247535,-13.46416347747738,-1.0753684745763901,,0.4640590268376391,0.6981132075471698,False,2
-0.499390539278807,0.86429488781351538,-0.060028627989032635,-0.86462445941247346,-0.49277783677076609,0.09795176248140039,0.055078430120245506,0.10081840351318599,0.99337908979832157,12.578277185453736,-5.9121310006101799,-0.42303324377215834,0.3153580926443687,0.2892683863986223,0.7910447761194029,True,5
-0.99227044383262109,0.065703712343932921,-0.10527292377644044,-0.075617098846022995,-0.99277899477621312,0.093123154442082939,-0.098394210491905124,0.10036378687235223,0.99007357788515749,8.1521220948174022,3.0977761293445791,-1.6194751338690707,0.3124072549484869,0.3177306263015107,0.9212598425196851,True,5
-0.34499391424723647,0.89169571959089233,0.29301526034602832,-0.93492875275649279,-0.35407106569000107,-0.023278911279004638,0.082990519949926705,-0.28197947461548911,0.95582432982949994,15.096607385246886,-3.2916739105786346,-0.29470736154866856,,0.656871216091864,0.3442622950819672,False,1
0.73322622281752903,-0.60353236717035064,-0.31325387140543337,0.67985498634677077,0.65966418466903953,0.32037534393951533,0.013285469964254407,-0.44787480978805155,0.8939975676953178,3.2952944872313421,9.1794727287749023,-2.5562129986718873,,0.339036840382501,0.1875,False,2
0.45239549018649722,0.89178846018667335,-0.0071876795143953065,-0.8766592010137596,0.44617133408974075,0.17999940531706862,0.16372832906017271,-0.075129773821460494,0.98364045837323122,0.0096942242489416741,35.98342949786327,-5.8609411110410115,,0.2333271462273265,0.4761904761904762,False,4
0.03696573755443941,-0.90627618271139854,-0.42106652075071616,0.98991796452186454,-0.0244437510478644,0.13951676082679021,-0.1367331626341835,-0.42197865311502059,0.89623549279823089,12.636960592286814,1.1806794854200597,-0.97360917791997659,0.3649756509099753,0.3588591043612954,0.1132075471698113,True,3
-0.19574298085660707,0.95908773441723216,0.20453704587626761,-0.97391282164451487,-0.21453767509786259,0.073941881231294582,0.11479765364234971,-0.18472764723783047,0.97606208566063346,-5.4535960705842115,-16.153253336455865,-1.7838162671639184,,0.4260840886780923,0.3571428571428572,False,4
0.88948675252650455,0.45382972724130116,0.053403143652212479,-0.4418624352396997,0.82441051756777528,0.35370169189258149,0.11649422905833026,-0.33820981238828479,0.93383254248306535,11.021318731314103,15.181613977525066,-2.2265466565610175,,0.420177131853082,0.3333333333333333,False,4
-0.78848458905048513,0.61504694310416841,-0.0030513289084197343,-0.61502280269283371,-0.78848461146381399,-0.0062425677899565352,-0.0062453981251369417,-0.0030455316412896088,0.99997585957826107,9.4392134743337284,0.091811344386409838,-1.1822956269966587,,0.1233154882352415,0.5,False,4
-0.68397074783825418,0.729375691063889,-0.013968442527862349,-0.72891031398861084,-0.68250787102926436,0.053598135640398732,0.029559605251165924,0.046841298745615725,0.99846488294241953,-3.6069853273060097,14.295117850565299,-3.812653976395207,0.7761465006833675,0.627131067658308,0.7155172413793104,True,4
-0.3984540385129875,0.91412845134952547,0.074856887632407679,-0.91366443514554696,-0.40274643296764245,0.054887254276480932,0.080322345227598929,-0.046524027826064351,0.99568259786539381,-1.7824934418104674,25.993112476392458,-4.831107395120136,,0.2825270857143375,0.3,False,4
0.93522495586034249,0.34617916566301571,-0.074258111993767431,-0.32566182357015683,0.92338832485594757,0.2032200240839642,0.13891961202429498,-0.16587340588709593,0.97631314372717193,-14.449273015673553,3.7946764100923529,-4.159089553562791,,0.4090231304854542,0.1153846153846154,True,5
-0.86459377926139358,0.49977131784848616,0.052021406348629784,-0.50134225844724489,-0.85107795305733469,-0.1559559479941523,-0.033668037624991806,-0.16091907182098122,0.98639318507720697,-1.6993078345703057,-14.896726063572444,-1.4933069598466837,,0.3105386335003138,0.1666666666666667,False,3
0.88459812858211706,0.46613329197991632,0.014349390822705449,-0.43918708845981752,0.8223237682407698,0.36179873067285584,0.15684658822940672,-0.32634854725318951,0.93214578981322871,13.779673630466174,5.1377298493848196,-1.0832682033840197,,0.2359916088263888,0.1923076923076923,False,1
-0.75717188241930833,-0.62946112688779088,-0.17455494897238794,0.63867470284368022,-0.76946448558672531,0.0043622664169373354,-0.13705971115224574,-0.10818084469030666,0.98463777117321361,10.949160686022655,2.3126285280250491,-1.1988210006004116,,0.1461471860180622,0.2,False,3
-0.18025326207655748,0.9077362435388131,0.37884518431254249,-0.97734924400378231,-0.20870865987118228,0.035059243289180204,0.11089281652115565,-0.36394451151352653,0.92479574814289944,1.8469745850461134,3.6597101826219265,-2.2081559086323046,,0.7228675195432458,0.1722296395193592,False,4
-0.99354682901162839,0.026132137080767448,-0.11037123707076535,0.0090557863352783464,-0.95171405750786142,-0.3068523186742666,-0.11306056471992738,-0.30587164653415616,0.94533583691283807,2.0473177956698243,-12.859901546889994,-1.1119199010823066,,0.5130545818029744,0.1538461538461539,False,1
-0.71755395718007386,0.69469699897433002,-0.050123828178573672,-0.69623186003296489,-0.71340737695561829,0.079442504872021036,0.019429760941746282,0.091902089863957162,0.9955784701711774,17.874221169595099,15.935096442880161,-1.6592576850138587,0.2453158785075884,0.254888186407909,0.9622641509433962,True,2
-0.98933007463782463,-0.066522424538555586,-0.12961778601190682,0.076904993497053251,-0.99407526253967082,-0.076811420907979572,-0.12374015270854685,-0.085960103770276838,0.98858446031053315,13.173074611500633,2.9506882426437713,-1.0005986274351029,,0.2271048681240032,0.1136363636363636,False,5
-0.98494752594486312,0.13511943660631878,-0.10780124761005599,-0.14461734994644496,-0.9857645883932048,0.085755456761906074,-0.094679423475014499,0.10005455572419786,0.99046700735020576,-7.3216351030292079,18.220019753252355,-4.6761986836309735,0.4722674522581555,0.2819724036693879,0.8627450980392157,True,5
0.90472727154922949,-0.36803275258304136,-0.21452379155058121,0.41489940900225458,0.87545045127086873,0.24788099519570495,0.096576625146395118,-0.31327049078357661,0.94474046969501113,-4.7863006857460171,24.787151583484405,-5.0400250722136901,,0.6458704998135051,0.5,False,3
0.40140363522026329,0.91182102362618767,0.08635706401475228,-0.90031206030291178,0.37549181114550972,0.22010019044923584,0.1682656105836331,-0.16609732278382774,0.97164724239765166,-7.6523251343485788,-2.0609658803439781,-2.7939064453751747,,0.5330200977276827,0.3818181818181818,False,4
-0.42267606905030003,-0.8954202151999392,-0.13988416230395861,0.89364707870799143,-0.43747171539552504,0.10006696230809493,-0.15079734536409739,-0.082711162730257026,0.98509848451357873,20.160145011952125,1.4026945135070232,-0.024016423067698668,0.4860896518276797,0.3906580406623144,1.0,True,3
0.99303569435059991,-0.014943584876645797,-0.11686230793825668,0.037049891682224959,0.98120840966201828,0.18936040329189269,0.11183655606266159,-0.19237137541632154,0.97492863259239404,-6.7913060532454379,5.1418726448383945,-3.3442730947262693,,0.09678507885900164,0.2127659574468085,False,5
0.1151811785657456,-0.91787218061001952,-0.37979462366707295,0.98719167906349603,0.063281608832482864,0.14645144851235992,-0.11038969558795605,-0.39179854267950054,0.91340462942893919,12.253637701994018,6.2985906549836113,-1.3751424709003028,,0.3296537494682115,0.330188679245283,False,4
-0.98372647566766469,0.16629182357142988,-0.068038595545199726,-0.15518624745448689,-0.97723128286699845,-0.14469363630483079,-0.090550812649415974,-0.13178030656895695,0.98713448988935693,10.327296408261844,-5.79275221750685,-0.63529921762988462,,0.087076257991299,0.4642857142857143,False,1
-0.80629156761282705,0.58652686347526517,-0.076682112766396013,-0.59135698393192637,-0.80229719008399047,0.081339635715122649,-0.013813962189971676,0.11092996531686632,0.99373221606397211,10.232536130332988,6.9628681177831098,-1.6640079978151832,0.3190044375445524,0.2768834284322054,0.824390243902439,True,5
-0.92566292458424559,0.36299884826625967,-0.10667701817875101,-0.37352257990985249,-0.92167037705368804,0.10490280434382952,-0.060241450411061694,0.13695091171321552,0.98874436303489988,-3.261513229318302,21.333481685644429,-4.4618343785100514,0.5017661499196321,0.4464924160310891,0.9937888198757764,True,5
-0.99455662016547675,0.067167605020704499,-0.079659538793588794,-0.059141719304503529,-0.99331289055474836,-0.099155224247030424,-0.085786865677281679,-0.093904282615619838,0.99187831883942046,6.4016436685100278,-1.9414905925445816,-1.3665077602439077,,0.578928817857478,0.5705128205128205,False,3
-0.87471398566200786,0.48393220128236991,0.026173800818433915,-0.4831008577113543,-0.86636431424458404,-0.1265955618576885,-0.038587621925132855,-0.12337949410461149,0.99160904386186954,11.519528981738116,-3.1666542802117119,-0.71565259149386862,0.6095369371618464,0.5697679050625132,0.8692307692307693,True,4
-0.95607354667766997,-0.26477381776726489,-0.12577042087919238,0.25761424264991117,-0.96367738668902247,0.070432921053509623,-0.13985090391947663,0.034938800911943575,0.9895559634824812,1.2308828893366468,-8.045055015498674,-1.3977310981241011,0.2843794484529418,0.274566814529989,0.7579617834394905,True,5
0.5871414646111266,0.80396153306656692,0.094396789582900764,-0.79085815345897592,0.544845810095823,0.27872284500644556,0.17265075048131637,-0.23830421013965253,0.95572110041996894,-3.5031022051634362,25.391151645815821,-4.9627148484683197,,0.1898201610060552,0.1428571428571428,False,2
0.33748075890141555,0.91222244842143241,0.2322863361614956,-0.93174114378310957,0.28857606836942618,0.22041391459294535,0.13403424321070587,-0.29081619170955897,0.94734405803091493,10.130532899108358,-6.6019170428293013,-0.63484828327058074,,0.5119440566444635,0.2307692307692308,False,2
-0.93013430871695524,-0.34353282731509716,-0.12975116301802556,0.33602804636827888,-0.9387344544263081,0.07656876730666759,-0.14810577234379627,0.027619207625137435,0.98858578766266381,9.5639824529027404,-2.9787448750253795,-0.95773366036523355,0.2423082025603067,0.1994568232294458,0.5681818181818182,True,5
-0.53623525563812169,0.84116497369047571,-0.069951680801942362,-0.84247386062213792,-0.5282890493444905,0.10558633676344137,0.051860821234786601,0.11555157886845681,0.99194671623119834,14.106736050286985,6.4157256810362631,-1.1659685256161749,0.3274612233210798,0.3009164203549372,0.8461538461538461,True,5
-0.65365252085795433,-0.63226157945807115,-0.41591306437430769,0.73465230844754359,-0.66208047034045114,-0.14810616626752221,-0.18172607866989665,-0.40236146179144994,0.89726299734041759,14.123614661080659,14.963984142236679,-1.9336810868311929,,0.4954851702040673,0.24,False,2
-0.97528214422894177,0.20749972838226771,-0.07595131249348519,-0.20896636162540122,-0.97785147253538574,0.011813440202573092,-0.071817817129455688,0.02739270672392341,0.99704154415004032,-7.6026557202232414,0.37026661945460726,-3.0479862490911551,,0.1928282318369169,0.3956043956043956,False,5
0.87112995844178531,-0.47552684287385683,-0.12250231512765221,0.4898114603822214,0.85918046688765359,0.14796505870288629,0.034890239085566252,-0.18889983331156018,0.98137634177282651,-5.4059359626505001,7.5393040284670363,-3.4522148795365379,0.3359056906080155,0.2936599781029954,0.7210031347962382,True,5
-0.55777422287895928,0.82622152409205418,-0.079031066162462249,-0.82872000472277074,-0.54911739170462825,0.10813530366996853,0.045946382491591352,0.12580971049369832,0.99098983177499222,12.797593588281954,9.6388850292432124,-1.5988934162340995,0.1274368486908831,0.1715370462040507,0.6,True,5
-0.79002872936178281,-0.59590185483289926,-0.14406799155162128,0.59053732744796217,-0.80280610096268623,0.08226803235588262,-0.16468233564540566,-0.020083417632477993,0.9861421726417412,1.6050135767726479,-1.9403147480527834,-1.8230810404935867,,0.3733087108000801,0.960710944808232,False,5
-0.86824195596463116,-0.46187506316396248,-0.18118314471826169,0.46535315128212629,-0.88475944760334579,0.025439427438887441,-0.17205333619115731,-0.0622265691156886,0.98312028948729568,3.819593322077945,-8.3453063512317822,-1.2310722235538123,0.3965123409294682,0.3643334317443108,0.8761061946902655,True,4
-0.87520457889686121,0.48115917803045677,-0.050027896967846035,-0.48087099373887815,-0.8765974686206558,-0.018438150353129845,-0.052726013110742681,0.007919810914146265,0.99857761047228166,11.237386416996024,-14.048561154974577,0.025287430242017607,,0.311965625946285,0.8536585365853658,False,3
-0.8357604785748326,-0.49238772829612043,-0.24302005570683094,0.53192862169610466,-0.83581834331114258,-0.13586625189905752,-0.13622174522757968,-0.2428209669859703,0.96045906425997618,10.355697943926986,12.247551046572076,-2.0556468470884166,,0.3965669475480014,0.2857142857142857,False,3
-0.48856474198879768,0.85949128444434053,0.15026385077468951,-0.87056861883452186,-0.49171850818139407,-0.01797744732764249,0.058436057241856069,-0.13959813994492482,0.98848246647977733,20.245934874043783,-4.3825857953472687,0.43892481918633414,,0.4024462153401977,0.3333333333333333,False,1
0.034167462720821579,0.95584851370165413,0.2918667561500623,-0.99053585476338912,-0.0064565656825269213,0.13710227273006689,0.1329334604957822,-0.29378892357256409,0.94658162007652058,9.5752791768238694,-8.2502727888660701,-0.62409970823113514,,0.2852702951858309,0.4285714285714285,False,1
-0.91926744177257125,-0.30130732153513168,-0.25330074710951422,0.36356289338407755,-0.89657716835477186,-0.25292568817567296,-0.15089530493395442,-0.32459710284330123,0.93373836152030565,12.24593248689771,-7.7346942787751649,-0.37060937559110568,,0.7665766686176754,0.4029850746268657,False,1
-0.85745216894799714,-0.47922620166565516,-0.18739804055401643,0.4814232334262783,-0.87572101942747049,0.036665603094720632,-0.18167952081553712,-0.058778769721908736,0.98159951504990861,14.432767749070878,-8.6751822778463321,0.016659748892326378,0.5169387973860321,0.3151379243938783,0.3043478260869565,True,4
-0.38535338563377564,-0.83683302709154739,-0.3888614829851178,0.90847577246417821,-0.41793659993745136,-0.00087708513763344598,-0.16178547223469236,-0.35360922386374671,0.92129581447669517,13.64838680576689,-1.0597708177071476,-0.64613022489950145,,0.1726508096802477,0.2162162162162162,False,1
0.48141031002202722,0.87623150844981113,-0.021504813513808355,-0.86056321799402413,0.47717411103780033,0.17814548995429091,0.16635823165766422,-0.067254824028116833,0.98376914334852017,-3.5312981040788816,-3.4933525759564765,-2.2032512223450094,0.3604054658073066,0.3413822322061753,0.6850393700787402,True,1
-0.9529583424856175,-0.27403188241972443,-0.12952576926838799,0.26796911739920293,-0.96140031911011026,0.062465818935409714,-0.14164374185737061,0.024818417203392017,0.98960653623556938,3.044187095738351,5.1478482988186709,-2.230042643244218,0.2469050731852084,0.2059463980193619,0.5907172995780591,True,4
-0.41412136623462686,-0.81515501879272989,-0.40500097452350803,0.89454606442787055,-0.44670345174085802,-0.015600154467567198,-0.168198789069883,-0.36875238513103636,0.91418315769631053,11.901309141827934,3.3652151199011486,-1.1969897303324519,,0.4121344006373072,0.2916666666666667,False,2
-0.99190936344197389,0.11528161397021343,-0.05315979868811746,-0.091400627936991816,-0.93913836324285627,-0.33115715287194597,-0.088100737391136996,-0.32361904172337008,0.94207694797462571,-3.006833185445525,11.585873098683992,-3.4607782468624464,,0.4266417716319272,0.5263157894736842,False,2
-0.99180138084619318,-0.057342535870581794,-0.11420093927597959,0.057447640805943417,-0.99834569982781984,0.0023732258915322713,-0.11414810343328637,-0.0042068058229461826,0.99345483705468562,10.99611576723726,1.3211706836653763,-1.1221750731630757,,0.2725748169213406,0.3636363636363636,False,2
0.27582657336679695,-0.92593086662999646,-0.25801498337607359,0.95663846868329794,0.23829947466214435,0.16749985257014882,-0.093608448657194296,-0.29302796896810124,0.95151041389068536,17.623303080892384,9.5998827520974057,-1.0728736703385704,,0.2548431488740688,0.5555555555555556,False,1
0.79271427385310567,0.59578096156850391,0.12903149174543166,-0.58375974069205849,0.680953139144991,0.44218478878826484,0.17558087930262564,-0.42584958391560113,0.88759421285980966,-8.919249481096589,19.602868414702684,-4.9975281405013456,,0.5684600121925711,0.3396226415094339,False,4
-0.50105815625686745,-0.80290638529402469,-0.32292733006444457,0.83312316544042064,-0.54850162318544016,0.071075738261868804,-0.23419332880122962,-0.23342516106242595,0.94375112128567984,16.660562071371583,-1.0164302973555914,-0.2958640715590492,0.6851262244163913,0.3641202921262776,0.1818181818181818,True,4
0.10449995831862584,0.97186325480265578,0.21109612188714799,-0.97203540791062382,0.054925460920684843,0.22832073824048021,0.21030198401211758,-0.22905241257633258,0.95042520369228856,-2.3012049185305203,-23.425201642289547,-1.132705375721661,,0.5235147161641741,0.2222222222222222,False,3
-0.90729381521940045,-0.37448299053805689,-0.19126009166132163,0.39159623148959943,-0.91818867514847979,-0.059849380215862502,-0.15320027528620034,-0.12919770364349528,0.97971303401836962,9.383543015380635,-4.7690111278992058,-0.87164346616239941,,0.1201179235128504,0.1428571428571428,False,1
-0.1800092313249293,0.96653652199128903,0.18276714227341273,-0.97925085937114609,-0.19366328108637468,0.059684905794778025,0.093082925709711911,-0.16823104712222903,0.98134289813779041,-8.8374858403124641,17.946728424887663,-4.8329299341909771,,0.3417192316002154,0.3125,False,2
-0.22545506498198731,-0.94931707700993984,-0.21901392871521128,0.96262837829452608,-0.25168723543364185,0.10000070410662779,-0.150055386361232,-0.18828335778043248,0.97058372034920637,-13.855333657198027,13.063406525210803,-4.8890366120314077,0.2134009648891212,0.2976772417551368,0.625,True,3
-0.91265542654846188,-0.36487606522232718,-0.18418884173455413,0.3824494676331997,-0.92132907487543181,-0.069893780097106381,-0.14419596769232731,-0.13423186215296487,0.98040263671831263,-2.0367222150579556,24.916040862750524,-4.7319746657731896,,0.203263808732769,0.2,False,2
-0.92429605502018641,0.37377644960953604,0.077252627084205175,-0.37771324762328018,-0.86667478157149824,-0.32589496092739983,-0.054858957737054036,-0.33040276739955859,0.94224439825913398,-11.334273005109235,-2.2984654011618035,-3.2003541574255476,,0.5166357541545964,0.1818181818181818,False,1
0.81992027002991297,0.55900962671246801,0.12344629616502031,-0.55413865570819087,0.72084056636476013,0.4163162597507466,0.14373969891437061,-0.40975250472171493,0.90080063489669393,12.717563537548381,-1.6031483581695884,-0.71151370887151633,,0.4572999883232625,0.25,False,2
-0.64644612562438031,-0.73358432382919181,-0.20966985118823334,0.74384052200089168,-0.66711676750657256,0.040700077899473545,-0.16973121249395906,-0.12965052388497955,0.97692479606246108,3.7031909274519861,13.543439728133114,-2.9676799840946537,,0.3811922398651435,0.28125,False,1
0.34748191595004091,0.92271003786244488,0.16692065215417787,-0.92401377838562337,0.30665742700432758,0.2283851129487445,0.15954577851267004,-0.23359667910947024,0.95915469871539194,0.046850740627492921,-13.97351019625324,-1.3291916272214506,,0.2966680942371622,0.2592592592592592,False,1
0.27945424971067984,-0.94962264805157282,-0.14185255946284525,0.95488207404295222,0.25940076523123679,0.14460797927112812,-0.10052634973016404,-0.17586378053757348,0.97926828995171744,7.4359840952299079,12.175075418064859,-2.3704587598543814,0.4719839657544042,0.4382558668509923,0.819672131147541,True,2
-0.70686251236148523,-0.6795946712275962,-0.19620517693746803,0.6868350130772829,-0.72574842705287057,0.03933046454609309,-0.16912437266442848,-0.10695935428628081,0.97977377138884658,-7.2485083568210662,-12.574415155000038,-2.1328811098128928,,0.1561407891218926,0.7368421052631579,False,2
-0.55479359181179844,-0.80298388153208722,-0.21776353341233787,0.81471607313255512,-0.57739225791146642,0.053440627647583915,-0.16864694086769672,-0.14776693305188981,0.97453739940158568,18.493813130975237,7.9740632034934942,-0.80352365835886008,,0.1895495619417516,0.1538461538461539,False,1
0.99083246677649162,-0.042127402178223708,-0.12836005908119175,0.091171596573150201,0.90966162950648455,0.405220260823555,0.099693343608866933,-0.41320818214227234,0.90516309881190071,-9.4220988412805582,15.142140063720408,-4.6172930168724475,,0.6495654965516582,0.3015873015873016,False,1
-0.22119288806512047,0.96450111967577368,0.14426120897036238,-0.95929710658540346,-0.24181542875219622,0.14585732657040412,0.17556414088954805,-0.10612675704821567,0.97873098646775447,8.5652374695138924,0.60281900251434806,-1.3215733582119689,,0.4889929621571998,0.2956298200514139,False,2
-0.43646642869014363,-0.86113048680073245,-0.26067478076869161,0.8881558407495892,-0.45868044360036736,0.028132778052674029,-0.14379241693796807,-0.21924081591004899,0.96501668662787043,5.2316145721812122,-12.895209017258155,-0.6951613168625651,,0.2149447911535836,0.2142857142857143,False,2
0.94262115801146107,-0.17598804108782665,-0.28371387323005548,0.27298795766948303,0.89550098859185812,0.35150470039310683,0.19220543029939363,-0.40878623854659379,0.89216079477768495,16.318345553253128,13.61951196533759,-1.556851497482155,,0.3863192020693454,0.3,False,2
-0.98315746740591259,-0.072475251467125634,-0.16777583916872527,0.13070193012640974,-0.92048203297964049,-0.36827955743280172,-0.12774349198774929,-0.38400542299093388,0.91445143959005837,10.006721866520074,-0.52622913656545234,-1.0729974686439141,,0.4445074749062856,0.4482758620689655,False,1
-0.44434990585471851,0.88808264640565449,0.11773858466973355,-0.8933899811420335,-0.44902396717499027,0.015225586933530294,0.066389025914981192,-0.09842098381728584,0.99292789626563371,15.12798939353158,2.907033911415088,-0.81144874421847846,,0.3747596490946705,0.5142857142857142,False,1
0.23418039619285114,-0.82419494681319927,-0.51561830037979339,0.96707180250039748,0.14311811142830899,0.21045031477720916,-0.099657768626392404,-0.54792325724391522,0.83057114886301353,9.7589617497686962,12.750669930282029,-2.1455528041108223,,0.5110271381181398,0.3409090909090909,False,1
-0.58056320724006383,-0.76501149482908237,-0.27875396890179821,0.79644745010287321,-0.6047072324067515,0.0007888596830310235,-0.16916802778232995,-0.2215549048302497,0.96036222464333565,3.7514573970351885,-1.6942966371221435,-1.6548553245903956,,0.510540075068796,0.3486590038314176,False,1
0.97429421230430835,-0.15945025817018196,-0.15914271280768591,0.20967360075655042,0.90017395686317847,0.38173790554655662,0.08238791790129199,-0.40529305761973178,0.91046678601096609,8.9644297627869598,-1.8039271113711566,-1.0970355159170078,,0.5161336599119847,0.1724137931034483,False,1
0.15539171081908279,0.987824477324588,0.0074978801753068508,-0.97717647728467816,0.1525949609806781,0.1477867048310238,0.14484318572244051,-0.030291581036816645,0.98899083497677787,12.263044354087837,7.6613811809826435,-1.5071369805351991,,0.4364380785706791,0.4492753623188406,False,1
0.71793540049894466,-0.56834764909320934,-0.40193247005018412,0.69603985906583066,0.5779277942170028,0.42606100415678561,-0.009862824242506868,-0.58564529746399563,0.81050743997588914,14.483122830593361,-1.1434014273808604,-0.51175214124925039,,0.2469742915738266,0.1764705882352941,False,1
