axis_00,axis_01,axis_02,axis_10,axis_11,axis_12,axis_20,axis_21,axis_22,location_x,location_y,location_z,dbh,dbh_approximation,score,reconstructed,number_clusters
-0.23723459073684963,-0.94392601148450272,-0.22961583961233731,0.92283189601765403,-0.29281539146066177,0.25028071882628455,-0.30348153263482402,-0.1525215767250605,0.94055097043324587,-0.75654943070450453,10.031821094971747,-5.9750670560176742,,0.2936831559099883,0.1590909090909091,False,3
0.78970107576764337,0.60722172128439167,0.087487096944898271,-0.58221336687966974,0.69682594411454202,0.4188808888401504,0.19339029540818292,-0.38172684580639105,0.90381680048151258,-3.9270130993490886,8.0012698275760226,-5.0459340707787375,,0.2566840347988247,0.2,False,3
0.89838215145450462,0.4198665887016686,0.12892461999167909,-0.41174670028168159,0.70292199795133548,0.57997010233567137,0.15288611694696824,-0.57411907518225347,0.80437125928065822,-6.8344910853012752,-4.0522008007290795,-0.35032760526526086,,0.5470664678107188,0.4029850746268657,False,4
0.115613012860009,-0.94760652443697291,-0.2977843281670664,0.92426674889450233,-0.0071770277168797664,0.38167979663736079,-0.36381947191624769,-0.31935930410374896,0.87501144377485207,-8.0929923403029278,-7.3551244256920674,0.90249933888126121,,0.3272492746997687,0.2352941176470588,False,3
0.9970814067270759,0.074553221229759964,-0.0164464453126697,-0.059169630343231056,0.89074855245964901,0.45062841802985076,0.048245447497163529,-0.44834008687078947,0.89256010626763527,-6.5366489498180611,4.7090707110673709,-3.675345025756922,0.2799973862780839,0.3360834540904251,0.7762237762237763,True,5
0.82394416875235155,0.56663866361319781,0.0060524108952822531,-0.52237958152242103,0.75536126391135749,0.39566265149833935,0.21962599934310215,-0.32916559036582987,0.91837597667385551,-7.7858791364751117,8.6601784418886858,-5.2682497621605622,,0.158575960955881,0.2142857142857143,True,2
-0.99635973079354212,0.0557892485808201,-0.064458099536129729,-0.066721887709272454,-0.98097530563276236,0.18230644376768901,-0.053061064383720942,0.18594356531350514,0.98112665541456523,0.025302836626634038,-6.7027071134557197,0.5304807433119586,,0.2084830468406858,0.1666666666666667,False,4
0.11684220596835281,0.99314978695327438,-0.0011830380868946694,-0.93068389959444997,0.10990884856235582,0.34892337847063909,0.34666320534506789,-0.039667942754360072,0.93715050892453811,7.7190247794854141,11.910722691160997,-6.9803607272806953,0.3775635386494,0.3452070120623447,0.9560439560439561,True,5
0.40987765705012591,0.90626448646477642,0.10336820992855818,-0.8596480260338456,0.34591183104354489,0.37596579163564131,0.30496815831691643,-0.24296025542634964,0.92085000770806924,16.244631797166814,15.445773973763073,-8.493053789326602,0.4856943166885155,0.4207422350897144,0.9473684210526315,True,5
-0.47628271799570954,0.87916809373802784,0.014772795661704707,-0.82653946328683636,-0.4533769061681775,0.33358941317565965,0.2999788128653903,0.14667257380442533,0.94260270948340585,2.7012354925262603,-11.575678590723978,2.3839146470545307,,0.3167015037652227,0.4285714285714285,False,3
0.052558445106729017,0.99769407853424963,0.042943398860109595,-0.93897358485739635,0.034734520425423285,0.34223109156075671,0.33995031517563573,-0.05830985121325008,0.938633977897389,13.109215143015058,1.933971174163547,-3.1884372099963376,0.5197974479746539,0.4899466488135561,0.9333333333333333,True,5
0.48871671391035648,-0.86922867063102682,-0.074816386558569634,0.82518958889230543,0.43270483389049408,0.36308217955656819,-0.28322802814765852,-0.23918203293896986,0.92874853388351131,13.007078259177495,-2.186639023710776,-1.5407012986629995,0.3621025873654978,0.3096634381393304,0.9571428571428572,True,5
-0.16078644770719855,-0.98161863707769814,-0.10282300119828842,0.91617913543851748,-0.18718713740642734,0.35436812409797558,-0.36710149825468064,-0.037226696486664372,0.92943566912823994,-2.7862488952171418,9.905017206906912,-5.8748640733528266,,0.1443465809989944,0.5333333333333333,True,4
0.97159339753756768,0.22502151115376606,0.073291127563186495,-0.22871146530601019,0.81323991299431153,0.53509990613957648,0.060805719295025012,-0.53666205700709035,0.8416035296206491,7.8547832680320253,-5.2956504435255987,-0.34392318015827567,,0.5314982738972659,0.2972972972972973,False,3
0.5394993342994383,0.84197759427235808,0.0037681605321208851,-0.78548412096758247,0.50167912675462356,0.36239860580099253,0.30324109879475064,-0.19847363684391772,0.93201558542746576,15.457381635233892,-5.2249219602301338,-0.51149240730439571,,0.21631085333174,0.65,False,1
0.54887867165510817,0.83519497841722989,0.034373708394159722,-0.78321831943231091,0.49948203370239191,0.37025229521793501,0.29206380793886522,-0.23014570609760521,0.92829504256840911,-15.287292452347749,-6.8407059016589766,0.6419277326550028,,0.1122415444192715,0.4666666666666667,False,2
-0.082792480513266278,-0.93220699881929714,-0.35232870522110299,0.93762759437208132,-0.19264616580734903,0.28938201235002692,-0.33763871140982066,-0.30639446168631362,0.890012659688316,-4.1769454501881134,-2.1085807110793171,-1.1104602383341986,,0.1610768648258342,0.163265306122449,False,3
0.087817198826200246,0.99044973394941427,0.1062895296341772,-0.92368240703242177,0.041015119817509493,0.38095743972935758,0.37295971703269964,-0.13163238380387393,0.91846282723091133,9.565843277528435,0.25772463945816848,-2.4672213906197329,0.4527506086701406,0.3750279140839112,0.9482758620689655,True,4
0.16722836836053076,0.98590587517464623,-0.0049272823736283928,-0.92631664507763478,0.15882827410742278,0.34162999340832517,0.33759760939258676,-0.052566002703003441,0.93982161578261147,-0.88053914953219659,-9.8769451771700023,1.8614634297309423,,0.3426427112722966,0.8731343283582089,False,5
0.37552452862202906,-0.87432952503417583,-0.30745602946879219,0.82093521680688486,0.15981828612404725,0.5482002236652268,-0.43017054549263983,-0.45826411279292234,0.77778358475650544,3.36395265578909,10.13823065920467,-6.0573400679242377,,0.5457665601058563,0.2235294117647059,False,2
0.98339781004361615,-0.17216904267539243,-0.057328596229638387,0.17844985238405392,0.86020948455479473,0.47769790963127079,-0.032930189576304822,-0.47999735772836855,0.87665166354045998,-4.0403371851009666,4.1586021520129748,-3.5573690627268126,,0.2860638862343461,0.196078431372549,False,2
0.40217413567569998,0.91416152870477063,0.050642512078884941,-0.85592371665704259,0.35576408217916156,0.37526858261145835,0.32503931432597177,-0.19426944501741666,0.92553164552873457,-17.767069782898357,-1.6765730882403491,-1.3526519088423894,0.3993438183595028,0.2992810647237835,0.9154929577464789,True,4
0.82303008408330125,0.56091818864788168,0.089399476160733238,-0.51811058517600039,0.67688411665310044,0.52286644006986549,0.23277221101844739,-0.47665362504310327,0.84771364239986879,1.2002436142175208,-7.6901736202321782,0.88515910685638355,,0.2451874836838138,0.3870967741935484,False,3
-0.96017998324092668,-0.27601627321091082,-0.043236751799992174,0.25163785884612261,-0.92164464681608516,0.29538031923368413,-0.1213786957369091,0.27273826632508708,0.95440088553143831,-8.1812197370924888,1.3787158836268398,-2.4851718904840663,0.4179742599951545,0.3810320550810359,0.8881578947368421,True,5
-0.86928043174768999,0.49417766966888643,0.011830544416001931,-0.47186131108454293,-0.8366814159602699,0.27804875703425525,0.14730388345907997,0.23611996736266727,0.96049410561987691,-0.085300016136311094,13.986123533673696,-7.5226406336397336,,0.3642340597639457,0.9868421052631579,True,4
-0.52114541874473086,0.85344987437672759,0.0055465708078029554,-0.80647475412734182,-0.49456675694034874,0.32404042014037171,0.27929540539833747,0.16439901111579985,0.94602697724088447,8.4041452383712532,6.7855005960707837,-4.9904427829362001,0.4253482000307536,0.4298647641007203,0.8882978723404256,True,5
0.89620354276093162,0.40326574048699348,0.18492147655756869,-0.41522858202228274,0.61568545817581333,0.66971385028428587,0.15621918772839338,-0.67698460775730751,0.71922695044413165,-8.542903948320971,-0.68208034672841089,-1.6051894642596285,,0.1817372322515015,0.3684210526315789,False,2
0.71572727443174544,-0.6949899567520047,-0.068727204572508735,0.66366679176530718,0.64621052981998051,0.37677359336572919,-0.21744162007869849,-0.31527910042314305,0.92375225612386147,-2.9291489206756656,1.1310415392363307,-2.3853274067266117,0.4198942476765009,0.3902817469365163,0.8441835645677694,True,3
0.49803449198258359,0.86534042394877064,0.056103435508104225,-0.80265851456904769,0.4355399200935442,0.40748532120153641,0.32817823478326547,-0.24797364514212236,0.91148676212519364,-15.692112135237132,-5.4766597983774616,0.064931728914191064,0.603042637877843,0.2829139337348879,0.971830985915493,True,5
0.4125600217786396,0.90808941400770549,0.071887722158593542,-0.85441778820141434,0.35839506889736006,0.37619571740659141,0.31585514343605642,-0.21662546193187759,0.92374722603523396,12.572400006093398,-6.7406912110524519,0.15199456724365584,0.4740944916763061,0.3336385828976932,0.3571428571428572,True,3
-0.58986948036819398,0.79276535929799719,0.15354830258675448,-0.76488218059053137,-0.60950186782206872,0.2084771520730333,0.25886144159613655,0.0055279488534295896,0.9658986467721361,7.0458239938940306,0.87589733594088326,-2.6641518179055264,,0.1888635170127023,0.25,False,4
0.95184100411160155,0.29321798190521636,0.089565160521542009,-0.27699422081182412,0.69721174056516877,0.66118831693772195,0.13142642249056249,-0.65415518335141176,0.74485440964379912,-4.4224005454549919,-4.4047766027482291,-0.11129387387829151,,0.7415337046797232,0.3611111111111111,False,1
0.9554248457778155,0.2944896282153423,0.020957646433383128,-0.26244386646295759,0.81465257118945611,0.51716960971269477,0.13522788553553,-0.49961690036266515,0.85562630385326077,-5.5165051560605871,-9.3046361171977647,1.6927569417586719,,0.3255129008456725,0.2181818181818182,False,4
0.89113273786939495,0.45365329145694888,-0.009007477320098007,-0.41512722788759288,0.82314666643438839,0.38742605772497429,0.18317158121214655,-0.34150879445224991,0.92185677583234837,11.0039471759082,-4.0656736238039413,-0.83799267581806847,0.2924898093530245,0.2512980623073741,0.8181818181818182,True,3
0.45473858274878531,0.88876823579995157,0.057479077868968699,-0.83195122068469163,0.40085788987104964,0.38362757790516044,0.31791506375268952,-0.22227005007686096,0.92169736740317998,-18.670525158146855,-6.9648178403404222,0.59048686144682128,,0.2181237732792448,0.6129032258064516,False,2
0.20606536830485228,-0.97408434256082221,-0.093256407625624413,0.92163658662241721,0.16117486779270604,0.35299952434951443,-0.32882072043039695,-0.15868949420126965,0.93096432705328747,17.191482006791581,18.651077101746111,-9.7468774720018168,,0.2463250583539914,0.6470588235294118,False,1
0.99987832243870245,0.0041125277838978324,-0.015047505852924616,0.0047560056274704799,0.83832818335736181,0.54514515259627672,0.014856672832050971,-0.5451503866860713,0.83820661842316047,9.6973173629183691,-2.6224751813200959,-1.3150258140896882,,0.4366081782566797,0.3294117647058823,False,4
-0.40955100017065127,0.91217051860066301,0.014591890042631984,-0.86142379745868236,-0.39193367094194015,0.32301244365169235,0.30036148127062162,0.11972026803249315,0.94628221899766574,-5.5059696928748805,12.372368551808528,-6.711600195680286,,0.3236051693906371,0.8783783783783784,True,1
-0.99006975483640003,-0.10961904850921701,-0.08800877661986857,0.1110451779252116,-0.9937492772883818,-0.011460468942326496,-0.086202372460101748,-0.021119613934772942,0.99605377007945595,6.314381874225627,8.3245176843393605,-5.5214260748702975,,0.4770664612679866,0.1612903225806452,False,3
0.83018014609628332,0.55743917786082064,-0.0079049360153062333,-0.51476351485349858,0.77191450781093252,0.37305028669963192,0.21405477991211821,-0.30562976886562987,0.92777744938100126,-19.870671874031061,-8.2215562988951518,1.0022784112954937,,0.1871318726614778,0.9411764705882353,False,1
0.83331426186006208,0.55275887668646839,-0.006705611451067503,-0.50892861347378882,0.77186069908607624,0.38108099873124024,0.21582170272765844,-0.31414755362833319,0.92451733741507913,1.1374206938745677,5.3820716809572877,-4.1599050164635774,0.2226160908297141,0.2059788752567632,0.7489795918367347,True,5
-0.46652649323132578,0.88364107942249082,0.039134050011934401,-0.8395500077583008,-0.45630657308793432,0.2948560595100298,0.27840405095170256,0.10470317146008816,0.95473998046582342,9.6196360365548479,16.382639409113441,-8.7084027503602055,0.6615224150620209,0.6965631486742992,1.0,True,5
0.29400778824689144,0.92708715972098543,0.23252702795728186,-0.91423660565691534,0.20180966581718074,0.35134639269484275,0.27880252747615447,-0.31588329658789061,0.90691063154517837,1.1507327550769297,-10.049469782037873,1.9347107792973759,,0.4728544193215528,0.1780821917808219,False,3
0.69288283339290002,-0.71796078645122197,-0.066675994988982301,0.68547216418646084,0.62718423623871999,0.36982137031164664,-0.22369910888279662,-0.3019474174951618,0.92670732475417861,-6.4459763807329917,0.054203623839402026,-2.0124041860136952,0.1700447867046,0.1216893583645198,0.6496815286624203,True,5
-0.48021464239864481,0.87615680593811007,0.041751031535421382,-0.82910295808705947,-0.46893264359165265,0.30445108090698703,0.28632530820245428,0.11158596319642554,0.95161252130281315,7.9042731396234265,-4.1182907834847313,-0.7169993974419725,,0.4342650041734037,0.1846153846153846,False,1
-0.21313533696438777,0.90432077642519637,0.36983409991887817,-0.92028418166741577,-0.31293673149495549,0.23483531900885057,0.32810113244213501,-0.29030076714845932,0.89892998141301572,4.1525189446975599,-2.7039277520897116,-1.1440632401020527,,0.1302981499964673,0.5555555555555556,False,1
0.3304697233360756,0.9421553349289622,0.055973983448311442,-0.88243242826116841,0.28739399774043539,0.37244825092335648,0.334817519719734,-0.17247612857339092,0.92636343492230955,11.097063911952029,6.8408835217669131,-5.0698083149635762,0.3852866801649497,0.3713849221573469,0.8592592592592593,True,5
0.3271550736240641,0.89979050476384703,0.28869812146748824,-0.87674652269816611,0.17504614383228809,0.44796694349708632,0.3525409093122514,-0.39966973248704901,0.84615543028159057,6.133450981274513,-6.094540754747463,0.057610921934442061,,0.3434146705747209,0.25,False,2
-0.36567513726856338,0.88564577718538218,0.28620491144862931,-0.87832991274082317,-0.43009634437076777,0.20869522980557073,0.30792573515105143,-0.17506767809222329,0.93516471796100331,17.258994662136804,1.838663243507304,-3.2550100625220635,,0.3676871960758629,0.1956521739130435,False,1
0.78587477889115909,-0.6072515952093237,-0.11681751588911053,0.58205687632188263,0.66259311533332477,0.4713599009666507,-0.2088315700012417,-0.43842429634842311,0.87417018465640073,-14.596690531043825,-8.9931005186768704,1.3940207540910095,,0.2042015709398892,0.4117647058823529,False,4
0.7408462965745487,0.67086916469055369,0.032883563054720961,-0.62057316554773279,0.66493090017811585,0.41563907923868959,0.25697414471857116,-0.32833132938499537,0.90893499607531891,-5.6445591675104243,-7.4568967480026469,0.86965679176857014,0.5034407742274359,0.4783467500657973,0.6341463414634146,True,5
-0.64380587424914659,0.76514259058421075,-0.0084150078060246034,-0.72438459854059423,-0.6058943481504202,0.32887534458599954,0.24653792746649464,0.21782758079146186,0.94433584882025179,-4.9475196019162118,-0.63285892657836129,-1.6644587339298809,0.4070853751979193,0.318702003312982,0.9171686746987951,True,5
-0.62485303822466587,0.77482033228998681,0.095979858780049679,-0.70572037239371666,-0.61310820779293107,0.35504518237178345,0.3339422653841192,0.15411611923148649,0.92990901984180596,-3.2038008973923708,-6.2565570751838004,0.51905991460326817,,0.4262680549238912,0.2276422764227642,False,5
0.42396832983072663,0.88801282248257096,0.17800023148041677,-0.86206391390063308,0.33542640744201896,0.37991437659143995,0.27766285968934701,-0.31451923994738129,0.90773398308758713,0.40209673622496839,-8.6391819111036341,1.2749330877377079,,0.3082755154732732,0.3,False,3
0.91834981569360552,-0.36407052269244616,-0.15519752099170009,0.38047795213027941,0.70420233444453717,0.59944607772977565,-0.10895019026265589,-0.60955042996401254,0.78522489095317016,-2.8227742677096526,7.8190125603127756,-5.0359869818142604,,0.7343484753371066,0.2127659574468085,False,1
-0.36089056605356507,0.93247503422633604,0.015757851317062373,-0.88003529598611263,-0.34609075322780192,0.32520619358930924,0.30870030312938151,0.10349638194065494,0.94551183058332056,-7.9401860640469364,11.473374177364461,-6.3657446884884514,,0.2528377353349497,0.3225806451612903,True,1
-0.90020150945450261,0.43042446176364574,0.066121290756530726,-0.41771611036022499,-0.89639899288035152,0.148263605475566,0.12308734102806118,0.10584719305945593,0.98673495843619263,-1.0844863404551286,-0.34201402466344588,-1.83022517050017,,0.2701509987656884,0.2651006711409396,False,1
-0.86359109572137449,-0.4514398977167412,-0.22452714343761498,0.47117855494430183,-0.8810973372284453,-0.040721636626537772,-0.17944689674484915,-0.14095921778458687,0.97361661354467577,4.870555838588845,4.6109319434722442,-3.9951128424710096,0.4737185086213722,0.5826871823842821,0.2337662337662338,True,2
-0.25245746732944035,0.94589565661372643,0.20382991436218093,-0.87197790540286202,-0.31371334874643314,0.3758170662803087,0.41942789568511496,-0.082857357051671993,0.90399939087566317,13.579993024851683,6.4117304260566144,-4.9354408396567369,,0.3226661207833738,0.1153846153846154,False,4
0.91751393662378344,0.39741938652279918,0.01503353973520731,-0.36783817592827672,0.8336351512957878,0.41200426072288043,0.15120599336959575,-0.38354956099556553,0.91105789159044281,-14.282618137378998,-10.146027062532875,1.7837914452709802,0.2643798347756968,0.2499835396774538,0.5625,True,3
0.99934148053705474,-0.016767519579035783,-0.032178495383943795,0.029231380605541996,0.89743227708946771,0.44018272845024986,0.021497247868082655,-0.44083348140219464,0.89733143821495465,-0.68519984788222599,-10.978272739402259,2.2613786321014544,,0.4563604565134813,0.4285714285714285,False,1
0.037032846226368342,-0.93807402246837679,-0.34444984637879322,0.94021344184156963,-0.084071873291514221,0.33004636629068612,-0.3385664662674146,-0.33607893193601951,0.8788763846115909,-1.6059333133399005,9.1260547965634888,-5.5811781106716234,,0.4410733460033515,0.2,False,2
0.60121374226060376,0.74315330170725746,0.29370939085872166,-0.73272050696390245,0.36603241062052594,0.57370805559089688,0.31884587937052172,-0.56012806083691957,0.76458737935667653,-5.4667864202183996,2.3049037038249693,-2.87324000562278,,0.3881705226602261,0.3043478260869565,False,3
0.93790587342610099,-0.33457709741763902,-0.091600974211025768,0.32494294189716177,0.7549477383071852,0.56961916833625115,-0.12142757966804384,-0.56401425363943813,0.8167883842143614,9.2278035871077151,3.3160285773089813,-3.6644686435573361,,0.2115470832477017,0.3,False,3
0.62749891242009903,0.77861088110174803,-0.0031954250975643325,-0.70971279344206817,0.57365078801564839,0.40894073437807976,0.32023876363777509,-0.25434203199429406,0.91255534901986335,2.9508511870058016,0.22045676112985868,-2.2298048122003244,,0.4292698443584992,0.3265306122448979,False,3
0.58191591475179949,-0.72673081639789106,-0.3650153266045566,0.77003989692311081,0.34802463936330963,0.5347124531397065,-0.26155769020470643,-0.5922340507718995,0.76213279932114586,8.4973725739628083,2.2717672415415979,-3.2368881991565668,,0.1832590424795573,0.2,False,1
0.50981631137637717,0.85946745000750968,0.037457055839636835,-0.80401226553614491,0.46052897977913665,0.37613473071629883,0.3060254981566406,-0.2218755533202707,0.92580755738803699,4.3983287485619709,-8.2945966643604443,1.1499193783649859,0.4867224186103149,0.5161126592593783,0.819672131147541,True,2
0.74624847538236538,-0.6073028020252399,-0.2725738792360472,0.63069419161382234,0.51407046417943114,0.58134017108998337,-0.2129273342107163,-0.60573497877424609,0.76664664992112341,4.9435137398770879,-0.12558380596559748,-2.1236317993055094,,0.1361762241801238,0.21875,False,2
0.80226456783283839,-0.59164342896201239,-0.079558884897043783,0.56652808541619548,0.7125499132408788,0.41390645026995659,-0.18819535497628218,-0.37713482218762079,0.90683616726444205,7.0303153439387884,-10.601575126175817,1.8909364320934243,,0.1934388339752876,0.2307692307692308,False,2
-0.030016390234402637,0.96317039426414441,0.26721116730097494,-0.93483326990117654,-0.12168009236133448,0.33358763857315216,0.35381601688331027,-0.23978479254529608,0.90405612627803134,-10.030194694967767,1.302659463376528,-2.4791415438875619,,0.4657200346934324,0.3809523809523809,False,2
0.97962077820687665,0.20061597839262521,-0.0098163190108933891,-0.17655716477260802,0.88338211077963757,0.4341239614694985,0.095763763881815053,-0.42354371151993536,0.90079965916906657,10.005536158864702,4.7817531695729993,-4.1621721292256462,,0.08998037283892271,0.2592592592592592,False,1
0.53336831446599109,-0.77493958697161613,-0.33909715078126024,0.8039008548572848,0.33965960992605748,0.48823638224184535,-0.26317609443761136,-0.53301030565003094,0.8041382700676708,5.0097830760027566,-7.3602717051492581,0.69861855509178183,,0.3484121854337859,0.2352941176470588,False,2
-0.052135474101766013,0.99539247358123273,0.080471832823782424,-0.93211582319041908,-0.077422977746796767,0.35378775370957372,0.35838803620968029,-0.05656417642513431,0.93185755856091812,1.0789367432870391,8.6239908525253988,-5.4005914924764564,0.4239260129702794,0.4164201284560417,0.8241758241758241,True,2
-0.45987197696209542,-0.88424283690315209,-0.081439365115641232,0.82957835594237883,-0.4605257578725136,0.31577805130801301,-0.31672940526088372,0.077657142114629193,0.94533160960674245,12.107698083648533,9.5752051769181126,-6.2033570439045889,,0.1373369817697141,0.2631578947368421,False,1
0.30257110017694161,0.89218917969948064,0.33533445537982393,-0.89247817105091987,0.14170724373106941,0.42825433012609226,0.33456455809801466,-0.42885606524953274,0.83913588396836503,0.51961979534279823,6.3042607801524113,-4.5433249294239397,,0.3331130890079324,0.2666666666666667,False,1
0.97389932054993678,0.22656513614550622,-0.013724158106790363,-0.20142595504034172,0.89054426459836622,0.40787068713875718,0.10463124804979697,-0.39446058342288653,0.91293655313894551,-16.134247461780685,-3.6031797563433492,-0.64039361764768876,,0.1113422878897562,0.1538461538461539,False,1
-0.51667994840315079,0.79920626961009,0.30710123662082828,-0.80975124685765931,-0.57265680748943271,0.12793396362372653,0.27810923956349176,-0.18257469554112724,0.94303856305958222,6.9224499459601008,-0.57694590656018108,-2.0196452161372451,,0.3282964400352197,0.2222222222222222,False,1
-0.055681111567105951,-0.92068680025509431,-0.38631001753861682,0.93765828901941295,-0.18116170489207734,0.29660979369161378,-0.34306930327243984,-0.34571122706188018,0.87337689495173354,-6.7237103217770375,-3.3040926030170592,-0.59269159470585842,,0.44762355286587,0.5789473684210527,False,1
0.71834510873233881,0.69515274409263128,0.027257423590797986,-0.64598948363054431,0.65197405961681332,0.39702318902743444,0.25822062620764097,-0.30280767488169102,0.91740373894685956,9.6325698019102077,-7.7351378829099975,0.69497031942975884,,0.680480926164235,0.4272727272727272,False,1
0.62060371068217179,-0.77896743340364993,-0.089781802076197598,0.74303947996715758,0.54764245089323416,0.38468178692236948,-0.25048625810142772,-0.30544636792108315,0.91867249377901994,-11.585761421666376,10.155824478711931,-5.8016326877725586,,0.3951327186355035,0.9696969696969697,True,1
-0.55330856920509219,-0.78762831986504389,-0.27109270921731343,0.77686570617080453,-0.60536993178529852,0.17322505669215682,-0.30054833524734714,-0.11475572071505652,0.94683780170798904,11.573491397082751,0.24122276364963124,-2.4915897136857104,,0.5763331410752349,0.3243243243243243,False,1
0.33271029029052057,0.83947145490153086,0.42964117486607906,-0.88266875763569064,0.11683848860332366,0.45524128972969624,0.3319634423075285,-0.5306943037063786,0.7798485936288776,7.7706262556643679,-7.0878470442548336,0.49933172362574918,,0.1852059393882933,0.2857142857142857,False,1
-0.74930326922521306,0.64091778276715194,0.16664035063947114,-0.62967043995737459,-0.76746913030519326,0.12044198218427105,0.20508473315265122,-0.014680931899167898,0.97863411061861016,10.751042892339104,-5.5605444319227804,-0.20685949078259144,,0.6011664491131767,0.5789473684210527,False,1
0.42806338460069238,0.90144256251902499,0.06452166491445302,-0.84473513605751505,0.37371479291424342,0.38309242157337908,0.32122311354273853,-0.21849155598374392,0.92145382482776172,3.0255983683603471,5.2803857253133977,-4.1900546992603127,,0.1237495576403013,0.391304347826087,False,1
0.52115537341975571,0.85340788701967962,0.009594536378688772,-0.79646920998123227,0.48228361895825195,0.36474553929610221,0.30664943226359925,-0.1977308505447207,0.93105780509873548,5.9088423581529561,-15.417080065290342,3.9438829817887551,,0.3675619871798611,0.8723404255319149,False,1
