axis_00,axis_01,axis_02,axis_10,axis_11,axis_12,axis_20,axis_21,axis_22,location_x,location_y,location_z,dbh,dbh_approximation,score,reconstructed,number_clusters
-0.073552041142888214,0.99588216480394798,0.052998217603212917,-0.97694628199516831,-0.082629138803869268,0.19684610109511547,0.20041471837051389,-0.037297979113264657,0.9790009200274199,-6.5376713855395501,-9.9133380644029572,-0.56502880406077338,0.3415323438299461,0.3389907793533646,0.9302325581395349,True,5
0.17682052386726646,0.98014798167394057,0.08969078191100785,-0.96318863095319096,0.1535704697558169,0.22064399384868097,0.20248990972842185,-0.12540352801847454,0.97122180351282095,19.673994579899873,9.2980240668578968,-4.8494613035496972,0.2473153153273343,0.2568723905393239,0.9629629629629629,True,5
0.97735217396098295,-0.20922173571682162,-0.031764655788788967,0.20866859063182228,0.92782713839924824,0.30918315046844008,-0.035215725712653141,-0.30880911021778729,0.95047187549607604,-25.229469775920748,1.2752548977892637,-2.0756673643066228,,0.2617792333103071,0.8214285714285714,False,5
-0.86504712850452403,0.49297385703560315,0.093114132898916541,-0.49663866858475569,-0.86773061723699052,-0.019839576000287434,0.071017591711051375,-0.063406247239137931,0.99545775876157105,-8.8642034197203738,-14.159920629747784,0.10801356913985721,,0.4806813664258502,0.5,False,5
-0.59402864868858307,0.78557843750804301,0.17319492792699953,-0.78620874002041841,-0.61252931816660983,0.08175360237845794,0.17031083833016292,-0.087603384117114325,0.98148859669305732,-21.984710540730738,-5.7774660585515933,-0.84286212419633044,,0.2082777855109557,0.25,False,3
-0.42093216480252804,0.90164635184790087,0.099247009194378982,-0.88665836612063409,-0.43207224718824933,0.16477413327942184,0.19144987443961864,-0.018639458389880258,0.98132538750813258,22.946834866977973,12.873137977385593,-5.6461381139382683,,0.3007796542295651,0.2631578947368421,False,5
-0.96668215464986396,0.25176102517138632,0.046281725185542008,-0.24493724132716285,-0.96226801164967601,0.11851591271563085,0.074373111354417959,0.10323109977343266,0.99187296583132634,17.00971344903731,9.1511546598657514,-4.7079780817508077,0.1986790206324692,0.2687443643708789,0.7384615384615385,True,5
-0.28004704818646498,0.93116953518207202,0.23344581287924535,-0.94075282274993077,-0.31463178503036648,0.1264553926752125,0.19120088203270588,-0.18420134797934862,0.96411207134466792,-20.906356715193745,-5.1917157263519353,-0.98724431995280293,,0.2481302186612119,0.16,False,4
-0.73607092216532133,0.67517406516449441,0.048369197553251336,-0.66223369572824053,-0.73307332566733485,0.15508072555011718,0.14016465240855414,0.082118700210642825,0.98671697527249647,1.669745943673014,-8.5502217767193898,-1.109667314308427,0.3709866010898341,0.3058789640801867,0.964,True,5
-0.40581340715151437,0.9011444496075447,0.1524931458052961,-0.89376975542863557,-0.42616077827423321,0.13986641963579874,0.19102644543915082,-0.079534093332455813,0.97835741175741486,2.7036453551541628,-11.67291301026707,-0.69352074894582805,,0.1329671482510023,0.25,False,4
-0.70183891536094811,0.71136734217507269,0.037130060217322382,-0.69470534510191417,-0.69506287530981214,0.18512720721948916,0.15750117577910039,0.10413502702179792,0.98201286945506516,-12.627585824401955,2.1466566526155413,-2.5073323318732466,0.2237743461582972,0.2433871830619597,0.7317073170731707,True,5
-0.58709571771960967,0.80328761307052055,0.10023786172281768,-0.78916349018980503,-0.59552168510970771,0.15024948690607831,0.18038737202682029,0.0091067695457852371,0.9835534874940447,-21.91350162590382,-2.0746681935945981,-1.5163530270907457,,0.212380552244167,0.1904761904761905,False,5
-0.77198807760678045,0.61955554670624169,0.1420750948566227,-0.61160869984209809,-0.78488738983663209,0.099431300669849204,0.17311616420902753,-0.010134585387143097,0.98484926961874941,-0.0087000414266937831,-11.874710225591748,-0.61013131615892935,0.2045220682888472,0.2898267461993878,0.3548387096774194,True,3
0.40038367611604225,-0.91566597433554431,-0.035337449595910349,0.89644121552552825,0.38340017065385323,0.22225538519844834,-0.18996330963351485,-0.12066537443167166,0.97434788879862966,-3.4078995324546364,-16.906215233705456,0.26910239961331789,,0.08838344306329779,0.4,False,1
0.041373812624408292,0.99584252133448425,0.081153436964175998,-0.97908770507691445,0.024216919807251047,0.20199209529650136,0.19918703119465897,-0.087813515458768171,0.97601911513383344,-10.464800322794142,3.7520396655898418,-2.8386988016373156,0.2103874133441289,0.1958042476353649,0.6822429906542056,True,5
0.71350360654568623,0.69551560059059137,0.084679707022443679,-0.69138531812613457,0.67931559866487501,0.24600134001709287,0.11357352387736111,-0.23406914949580757,0.96556340440614608,-23.50384284662336,1.7858958349083647,-2.1795545708845854,0.2514474353892152,0.2025646693814041,0.2666666666666667,True,4
-0.59302081053969513,0.80387383354655528,0.045969315918414286,-0.78694348472405529,-0.5907232694953003,0.17823010611886533,0.17042966325496975,0.069518908333967511,0.98291446793037374,3.063119986439427,9.7317784273616059,-4.3574487334810277,0.3802371962125759,0.3187091237332086,0.9080459770114943,True,5
-0.1753296650553752,0.87584909113607468,0.44960858322287617,-0.96733823783203399,-0.23818032095518996,0.086757526115595424,0.18307441705379132,-0.41971240661409409,0.88900239232221412,7.5707273707133877,-7.6793843359688871,-1.5167253851365758,,0.4564657072873242,0.5294117647058824,False,2
0.99921006421389513,-0.016738246662972023,0.036042733973907178,-0.0047526445492789074,0.85012702081552149,0.52655622762352272,-0.03945453007517067,-0.52631158031908865,0.84937592412227692,4.5902291039398273,-16.555164766619278,-0.09191582399746881,,0.6873820462677427,0.4565217391304348,False,2
-0.28749075185802075,0.95469148219759592,0.076897603444249812,-0.93721620379356418,-0.29695804171279111,0.1828707434470748,0.19742050284327517,-0.019496032454407931,0.98012501742157676,-17.544033221436404,1.1280523482263796,-2.2038337595410353,0.1227548364955076,0.190130618701693,0.7647058823529411,True,5
0.28766247625638863,0.93523752279647998,0.20635182506473593,-0.9331705320980539,0.22522016531531594,0.2801225359716315,0.2155065144673794,-0.27314218474788271,0.9375234872435334,-1.0603800841614313,3.5496319858545626,-2.9742674453950246,,0.3231664504001767,0.2901785714285715,False,4
-0.96437934130621217,0.26344805684426797,0.023824512729035598,-0.25585076143837449,-0.95184433301145499,0.16891641005356106,0.067177927425612072,0.15680397654064124,0.98534239683870362,-10.849877960870332,2.2427278720393495,-2.5728619246052764,0.3291489572478557,0.2106123126396148,0.7572815533980582,True,5
-0.52759075597565908,0.84636248308327999,0.07292833083334066,-0.83045210907951528,-0.53193462317610418,0.16551390029807367,0.1788778598217714,0.026760117630544179,0.98350729909339341,-12.482323154486632,-0.54032658790696386,-1.9842161415720894,0.2081038014289666,0.2130169173225266,0.8865979381443299,True,5
-0.031176932873057145,0.99618445582631832,0.08151397933269279,-0.97948759374161121,-0.04669392912667697,0.19601972015330782,0.19907800622594432,-0.073730637815867528,0.97720608905407891,-2.8103949222404334,-7.4748403238396941,-1.1280428476231914,0.2378898378247757,0.1859810309178155,0.6114649681528662,True,4
0.9894871117891666,0.14338326499304288,0.018881073143939303,-0.14384731313918728,0.9622823425180651,0.2309126323538411,0.014940083860827076,-0.2312010653043762,0.97279127324228776,-7.8747318893722502,7.1582122320326116,-3.5607976604673066,0.2411031684666685,0.3134232821161432,0.9112426035502958,True,4
-0.87926036177789568,0.47476211600773432,0.038757572293213874,-0.46460198679065701,-0.8726999647887197,0.15013249257886385,0.10510095183384083,0.11399870464889933,0.98790590911381548,1.8296950368679941,10.778630125347281,-4.5187102920283087,,0.1635360104948895,0.4489795918367347,False,5
-0.49737626075998836,0.85717991738999677,0.13363923247194459,-0.84772537410027216,-0.51294906948798413,0.13507383987273325,0.18433270284723152,-0.046106846939358979,0.98178185628292436,12.312116020082016,-3.2522882631761902,-2.4298306742802187,,0.2861143540605669,0.8796296296296297,False,5
0.31864926105642,-0.93755290917212453,-0.13948903516435834,0.92665240578553842,0.27715969848944105,0.25396421083514065,-0.1994441457653523,-0.21018335813315064,0.95710239195386015,8.2151226149608974,-3.3486751855473549,-2.2263870321458219,,0.1282662728698192,0.75,False,2
0.30491408627890615,0.95090183750967994,0.053038621865716243,-0.9342183732747591,0.28781133428802363,0.21071465751392507,0.18510383849224452,-0.1137995223015556,0.97610769779741757,-6.1674043867829029,7.3138070816206273,-3.6015533906554982,0.1584658228513052,0.1489104829952625,0.5454545454545454,True,5
0.17021054860866261,0.9848094075585363,0.034333655886665745,-0.96577206824349626,0.15979672471475317,0.20432650090264304,0.19573625454426791,-0.067937011669952932,0.97830050654302469,-2.2985008698442173,-11.366392961559148,-0.52866300487572004,0.3469866353146336,0.3111773755148332,0.972972972972973,True,5
0.6077005983950734,0.72572035835976323,0.3225367330591154,-0.77803842581468663,0.46261536196899716,0.42502145219517834,0.15923627308523125,-0.50923176288647876,0.84576995749521344,11.450309522759376,8.0350774377288463,-4.3374014199867794,,0.3234976147407685,0.2352941176470588,False,3
0.11626792241516876,0.99187912338402207,0.051551671284303081,-0.97340935458229016,0.10348118042888833,0.2043670073880165,0.19737274033905999,-0.073942206431701962,0.97753595917442426,5.5586155521189609,7.7242169694793379,-4.0849196652689521,0.2342150811199961,0.174145825056348,0.5185185185185185,True,2
-0.91072096004816305,0.41177719540888225,0.032044879000350586,-0.40158904231210341,-0.90097025618551585,0.16425236243005228,0.096506859983109955,0.13671919693371806,0.98589770623832917,22.179791586970037,9.659583713142009,-5.002858192217956,0.5339619384446249,0.4031138009883843,0.9078947368421053,True,5
-0.98407334903700139,-0.17773834755601661,0.0029535610976460375,0.17719798475111423,-0.97948716309476436,0.095946711943218257,-0.014160434853660385,0.094941967225393428,0.99538208992533506,14.386907842918685,8.924425874595542,-4.6187726909686972,0.7148267247782094,0.3853897255344155,0.6612903225806451,True,5
0.96265365035190886,0.26424711593554961,0.058918682808503535,-0.26673868417862623,0.88845088250709925,0.37350435571089557,0.046351093048598961,-0.37527122337330948,0.92575541320647936,-27.832402306726252,-4.1146010046849399,-0.97256947120448978,,0.2913630054631848,0.3157894736842105,False,3
-0.61605921852011136,0.78454982303322618,0.070374814066705677,-0.77004136034389081,-0.61865149715774692,0.15590583191211335,0.16585337692106197,0.04185570741262995,0.98526177086136268,3.0995507057513305,7.2761264429794172,-3.8955854895260327,0.2277586145073322,0.2061629487059922,0.7276264591439688,True,5
-0.9649740346517256,0.2614381814099041,0.021798847424858207,-0.25299590566553043,-0.94935116817370002,0.18634760852693824,0.069413141150996879,0.17430558450122324,0.98224201653525189,16.206361315006276,0.79604271083888778,-3.1588558196124108,0.3790134835597491,0.3763307539677372,1.0,True,5
0.98786619733985082,0.15404957982321316,0.019725696682112694,-0.15423182108362371,0.9581582845137443,0.24113325606997468,0.018246137085211327,-0.24124972284744778,0.97029152820556841,-9.6925671430523614,5.2661378194003614,-3.1362361231722757,,0.1278676519969828,0.2068965517241379,False,5
0.52606803219270515,0.84516786059745985,0.094571205543798081,-0.83515385865245184,0.49241578354966442,0.24504025891491787,0.16053179710828308,-0.20788935404267894,0.96488940225960729,-17.808809786040346,-3.3195118409264941,-1.3575800809710938,,0.1467342093520471,0.4347826086956522,False,5
-0.1747544779018336,0.98362511136029274,0.044073946439023723,-0.96415484537493923,-0.18002935073846216,0.19492272061695565,0.19966548673540338,-0.0084304907413591743,0.97982785234579584,0.025363513004812321,-6.557031173488447,-1.3903298240849653,0.2801331425145018,0.2638489238216794,0.907928388746803,True,5
0.025903293127711998,0.99804461336702277,0.056885579316832448,-0.97998060520158081,0.01411530635204575,0.19859197253497707,0.19740069106739477,-0.060890950523535978,0.978429997143616,-1.2634976559191307,8.4898879824978408,-3.9754752266249276,0.3588296187444924,0.371293342401176,0.7735042735042735,True,5
-0.55396122268411574,0.8304459565215262,0.059046397513881979,-0.81293478109602357,-0.55485413036300291,0.1768443827309098,0.17962184011606239,0.049964060244976093,0.98246607434412525,-7.5368994927265769,2.3471072745662203,-2.5549196725364518,0.2000667172109837,0.1488030207991202,0.5555555555555556,True,5
-0.86112885547553952,0.50701654874310598,0.037300315923844501,-0.49533167983038046,-0.85327461334271004,0.16299988092407824,0.11447104971914264,0.12188787275803888,0.98592074998486523,1.6119327596988726,6.785774703519218,-3.7813431932986696,0.2851290021916748,0.2165621925193557,0.7801857585139319,True,5
-0.37534391676558826,0.9199238613938574,0.11338885917620811,-0.9115417607747357,-0.38852497611113196,0.1346846735955429,0.1679540488072879,-0.05280560743007344,0.98437950268845975,-11.519047913054836,5.0389919632141815,-3.0444316511967124,,0.2300892301086179,0.4893617021276596,False,5
0.99442549385362156,0.10329452726630163,0.02117021045745509,-0.10509499497963215,0.95470676702861113,0.27837031274905955,0.0085427866772343694,-0.27904341889141449,0.96024048611229607,-10.607078085425956,-7.4980524775331503,-0.85096692826711684,0.3930189343831849,0.3978972432990583,0.28125,True,5
-0.99852460847079894,-0.01046916241645968,0.053282294587749551,0.011356141097211572,-0.99980148905984201,0.016371332661174631,0.053100323328753432,0.016952259790966272,0.99844527969757146,11.232773552650645,-7.3890751805672235,-1.7995866119073727,,0.3286265797535278,0.7096774193548387,False,5
0.89753112132467716,0.440151661135459,0.026540562416140018,-0.43478367833057746,0.87334161966322765,0.21963052707067962,0.073491763558931306,-0.20866463659112847,0.97522204144763436,-5.4431122781761339,-4.4119809373242873,-1.5410892437791799,0.3809670337934775,0.3518123424893645,0.954954954954955,True,5
-0.67137009874325604,0.73314204340572708,0.10846628372146118,-0.7186829773989527,-0.67977350298718897,0.14629683056546902,0.18098886294588945,0.020266445850225079,0.98327631043473862,27.771305384112615,9.1553516251972908,-5.1533685913914891,,0.4171129092217661,1.0,True,5
-0.27613003107006784,0.91309036008116418,0.30003033224674575,-0.94269557105252011,-0.31813278999537603,0.10058125196934369,0.18728925825899922,-0.25506376115906204,0.94861225560509488,5.6157450861298539,-7.689788414137082,-1.450905374114543,0.4928456767553455,0.3889106119339986,0.76,True,5
-0.36257870559747302,0.927219473793928,0.093812204241086994,-0.9113402484451596,-0.37381245113378198,0.17240418481367431,0.19492468753643,-0.022984751350930741,0.98054886027885402,-19.628419617526198,-4.3651379093497944,-1.1312353550581995,0.4207550343239591,0.2598913751998806,0.8947368421052632,True,5
-0.67263747557818632,0.73871119046062483,0.043181055291076506,-0.72353806036788382,-0.66880821336909768,0.17084568747590845,0.15508546562100933,0.083674074947270985,0.98435113020447773,4.9604877241046781,-13.223663765308093,-0.60851885012505413,0.475390977408471,0.445051724309391,0.9869281045751634,True,5
-0.98365398530297643,-0.17999878964327329,0.005027218368869317,0.17866136803057509,-0.97210029775801232,0.15199054797001987,-0.022471154198549018,0.15040427795026395,0.98836916200539393,-4.3342771280129098,-13.142449848101409,-0.19112033312655055,0.2686115416307872,0.286577193117189,1.0,True,5
0.95903771308494334,0.28217162568710047,0.025016765136665751,-0.28020323443336492,0.93194313022649611,0.23014810326553387,0.041627062037632979,-0.22773048913296826,0.97283401052048757,-2.4058859641866244,-3.4656972583726366,-1.809035035258969,,0.4347937501285363,0.9617486338797814,False,5
-0.47732471071269017,0.87704644468785253,0.054319926393957996,-0.86049273156908346,-0.47905366227679747,0.17337775975010697,0.1780825074504076,0.03601558717536564,0.98335624166452995,-16.746165222564606,3.9396367963675774,-2.7301212539076443,0.08480019290498318,0.1502517528986732,0.25,True,5
0.41087178712020217,0.88752852692660789,0.20851256182814573,-0.89690978796007326,0.35247600322693468,0.26704587510497535,0.16351515773795181,-0.29673857356375338,0.94085546825709698,32.667117535579216,8.4680597600843903,-5.2696495879648557,,0.3894805512009979,0.55,False,5
-0.49939716323962491,-0.86424397847711498,-0.060702710106424085,0.85062433446346497,-0.50241280850919467,0.1549826166526147,-0.16444061227933718,0.025762676723364492,0.9860504903508972,14.23643013450301,12.99585599757598,-5.3313861372669482,,0.1606534950457908,0.5833333333333334,False,3
-0.92338047903931086,0.38192299108752753,0.03877266831015358,-0.37324635544543494,-0.91681145714676116,0.14192924360797698,0.08975326777244888,0.11658293581476131,0.98911716697314389,-2.7278258743137371,8.065440481641442,-3.8415386195078614,0.338032720047558,0.1513510487402929,0.65,True,3
0.88949851095463028,0.45594871827966416,0.030052708840060907,-0.44965320382844126,0.86172491660300776,0.23503651714649798,0.081267430722966161,-0.22257792883542926,0.97152183212680143,-14.135142343308404,1.8674584505937462,-2.4067405626115073,,0.1428135979004919,0.5,True,5
0.98696216104358914,-0.15443480461086262,-0.045338546436486063,0.15194783778942683,0.80111705519580156,0.57889836626607005,-0.053080573275792256,-0.57823987669410315,0.81413825468497758,-2.8801341702389638,10.061114415628465,-4.2247349765325239,,0.4206159568253148,0.1714285714285714,False,2
-0.99017920728198783,-0.13979873678002258,-0.0012044339425293926,0.13891877791024437,-0.98484144211508506,0.10386966369735488,-0.01570702423554899,0.10268226276912391,0.99459018811884237,16.216762349734424,11.902199036596622,-5.2079205756317979,,0.1604273424484498,0.6896551724137931,False,5
-0.47419078052089475,0.87912134237952777,0.047841081110318082,-0.86059247012450979,-0.4742935635410413,0.18554302991095439,0.18580555436795168,0.046811120007531473,0.98147084266913431,-9.4867590454571893,1.3054577845771917,-2.3972847997488138,0.1252002288813533,0.1132781085799319,0.5,True,5
-0.97252488558542083,-0.23276204518444396,0.0041445432342100477,0.23050712606610696,-0.96030619602693135,0.1570938404426786,-0.032585453039803182,0.1537330159524648,0.98757498351079676,22.202192660612337,-0.41317454862131142,-3.3442109479514008,,0.4751023054567204,0.8222222222222222,True,1
0.92171345461476317,0.37917983814224432,0.081651441680731018,-0.37737137459197995,0.82801613095190008,0.41470487400319578,0.089639016174207942,-0.4130519788475398,0.90628522527372835,-6.0628347401038054,5.4756428279503604,-3.210056136287164,,0.2778582994426017,0.1225806451612903,False,5
-0.15361218436674989,0.98387302207477134,0.091636091402528416,-0.96751104321654346,-0.16860486499018512,0.18840058586872166,0.20081254459846815,-0.059718304857876998,0.97780777558617826,24.798405604311391,11.502189228209497,-5.4564689948399296,,0.2218642150306001,0.6666666666666666,False,1
0.59024654475049165,-0.80615567464545501,-0.041497525794166865,0.78751008610033946,0.56377933887122655,0.24895927649348323,-0.17730448584382122,-0.1796270728449762,0.96762453152077721,-13.482477260795026,-0.95097642506978164,-1.8686886339369546,,0.143164074175181,0.5789473684210527,False,5
-0.99957301753006234,0.022487259964084759,0.01865759269448538,-0.019321667589928888,-0.9876837730559952,0.1552657000223075,0.021919301708538529,0.15483890848614421,0.98769654076109292,-5.3761921983795062,3.7733441245563291,-2.9056426337074193,0.3460276706075773,0.2914751772504138,0.8611111111111112,True,5
-0.27331420029469095,0.95772012749696378,0.089841556667688505,-0.94128799594960744,-0.28552398563924736,0.18014705744433024,0.19818238215957951,-0.035330029887882732,0.97952821929216305,24.424138068066682,8.6763118948258295,-4.9266076278867859,0.4912270642053728,0.2747940157346726,0.813953488372093,True,5
-0.32420555557681052,0.94557304179396018,0.027971063005382497,-0.92596862982911565,-0.32325687103265022,0.19515914506518106,0.19357906473976891,0.037371352165794423,0.98037264738046315,1.4317113716030145,-3.0334797986336928,-1.9878358006229333,,0.3509986786971605,0.9931565440547476,False,5
-0.99495616098455619,-0.064238834886393703,-0.077042908897010334,0.064315341410771193,-0.99792851234972102,0.0014903350928719417,-0.076979052852644975,-0.0034722229064057292,0.99702666418205588,18.777089747958005,1.3113809190640855,-3.4296406227619456,,0.2270624355078501,0.1578947368421053,False,2
-0.52923270086062146,0.84133698420916458,0.10984000792790222,-0.83246205920129923,-0.53990747817457063,0.12452644298103793,0.16407214367498937,-0.025534173434927587,0.98611781124614628,-20.6921589911071,0.79407239081453818,-2.0730241744286415,,0.1980674476441151,0.9411764705882353,False,3
-0.38544060721818368,0.87924059628890916,0.27994912420795476,-0.91121620543507409,-0.41047313448427269,0.034595271630110169,0.1453291617666011,-0.24175975617165721,0.95939129401722079,-2.2153854880117891,-15.961883675149346,0.047161356205737068,,0.7543956521272661,0.2413793103448276,False,2
-0.18878674107422486,-0.92939802228004642,-0.31714173893783265,0.96254051371422711,-0.23912892126472893,0.12780108948486843,-0.19461584173269611,-0.28113462112786092,0.93972761955258532,6.0074577705056695,13.356540041999857,-5.1637861416336284,,0.1178717523198942,0.5,False,1
-0.42515789748740362,0.90466215817463669,0.028760072512051624,-0.88502976118148258,-0.42216888543306491,0.19620334858317545,0.18963935252773312,0.057963883056707896,0.98014136951454578,2.6914790219591671,12.311347909838107,-4.8188309105647491,,0.1279594576658233,0.5454545454545454,False,2
-0.45682723044354151,0.88825982630053435,0.047993358976295794,-0.87015393367383664,-0.45741941350044674,0.18330196906977048,0.18477286932131393,0.041975720761546653,0.98188442580036706,-8.0338427412054294,5.2515970217921026,-3.1417317539717025,0.2376726201783378,0.2615898904377557,0.7971014492753623,True,5
0.71826306234035309,-0.68313690073852007,-0.13199298514249491,0.67762144721177597,0.64377498861828075,0.35550378100401414,-0.15788396864810531,-0.34478651203157729,0.92530801010529584,4.1450296471963259,-8.1074189503243925,-1.3238167376781176,,0.5391968200835948,0.24,False,2
0.58698595053861613,-0.79581391359141695,-0.14875385307477179,0.79171796525044391,0.52584936775463231,0.310910125167629,-0.16920448389441387,-0.30027097323312257,0.93872636335817206,3.708535251200221,-5.7810711465537921,-1.6482180536488134,,0.1286890721784082,0.1451612903225807,False,5
-0.73838692381663162,0.66930842088381948,0.082528713007180121,-0.65824891906469729,-0.74191452755763077,0.12755859182782187,0.14660529078710438,0.039863160097349783,0.98839153030582139,-19.493021052822751,-12.330139661382624,0.21871954385419892,,0.3113898218510019,0.3529411764705883,False,2
-0.60991539165907216,0.7909863255256695,0.048413302394706557,-0.7745422764661436,-0.607926564921768,0.17466984178461992,0.16759318895469921,0.069035675515054767,0.98343611817045595,7.7286252298989,-5.3853440071168235,-1.9319143333463158,0.3410032891767984,0.3086968121628408,0.8555555555555555,True,5
-0.94834803922008593,0.3139293750416875,0.045654616342229976,-0.30765093411828354,-0.94523447391379434,0.10900776147166023,0.077375055693475442,0.089331611486920814,0.9929919254181192,-13.587190496520568,8.843039433556422,-3.7552390383446679,0.2955445264027611,0.2165297887787391,0.5517241379310345,True,5
0.52434465854336321,0.84525064758204993,0.10302437487880237,-0.82885467995708362,0.47892537828745024,0.28918921408908382,0.19509638277088379,-0.23702705498391266,0.95171191893102225,-1.2787123355475545,14.799964747351872,-5.1934920094590149,,0.3713884249163516,0.7518248175182481,True,5
-0.1576890502614326,0.98640510287380778,0.046250799475883148,-0.96703583539557647,-0.16373668088488771,0.1950179283901303,0.19993963211035715,-0.013973988597082231,0.97970856439773024,-6.7565767688922405,-6.497133006290353,-1.1043014125898816,0.4132630747208073,0.423077211440017,0.7651821862348178,True,5
-0.92513559097968012,0.3793768540028859,0.014047809421803364,-0.37917170299067926,-0.92520045616409907,0.015262226734384293,0.018787175248728236,0.0087930973278268452,0.99978483859556355,13.875898872736139,-0.013649137226520225,-2.9427528042775499,,0.1448976592788116,0.2631578947368421,False,2
-0.64147918709174179,0.7619177630369649,0.089363162974830379,-0.75276103532732797,-0.64761836046716237,0.11807320982658988,0.14783530099758901,0.0084723995758154702,0.98897570355614894,-1.4686920963540961,6.7098518810280732,-3.6210778138901771,0.2013949210688863,0.1977678197305387,0.4102564102564102,True,5
-0.96186177092441683,0.26983108845589815,0.044867776152273699,-0.26046970320192908,-0.95360034716421604,0.151003018520115,0.083531235762703299,0.13355733447097695,0.98751454220227242,-16.284293107955126,-1.2590168863197224,-1.8044449402011178,0.3174453823189027,0.3102828116357433,0.4888888888888889,True,5
0.43344078047728807,0.89887707470565326,0.06441346433663829,-0.8853987991162573,0.41144163659898764,0.21629781828820283,0.16792276898243769,-0.15078389914495066,0.97420026658583725,7.7891307988569167,-0.37244342431630351,-2.6664073073670274,0.4779783966169957,0.4563200380517727,0.9887640449438202,True,3
-0.2091746347730267,0.97266708860892759,0.10082017111969019,-0.96106987784789277,-0.22351740126898154,0.1624335594124493,0.18052883997025948,-0.06291824907762246,0.98155521081190267,34.988422140902685,7.9839358202685853,-5.2444591589865377,,0.3932111973021034,0.8421052631578947,False,3
0.12092257368426347,-0.94965494852221877,-0.28902112365852473,0.97204761988557653,0.054252908205023417,0.22842952222968776,-0.20124898968283048,-0.30856458108240425,0.92967023371358981,10.918965727676294,-1.6459312199582561,-2.5716019715386649,,0.4954427708445057,0.4745762711864407,False,1
-0.90546181005503223,0.42200561479235071,0.045278820828232223,-0.41297215341843568,-0.90061351967708891,0.13545954627041168,0.097943407296280455,0.10395455381355777,0.98974771518231797,-15.166524232024409,4.4427383890094028,-2.8818685805054969,0.4175205391184146,0.2013819227559367,0.48,True,5
0.94391893218286704,-0.3186165559368877,-0.086605656568569681,0.32245690791046072,0.8331797826773959,0.44925826901513211,-0.07098304028133505,-0.45198997778774275,0.88919428021768943,13.356091969846378,11.198446138113624,-4.9974148850633577,,0.431457437470302,0.1666666666666667,False,5
-0.46682666927579736,0.79457701359526978,0.38822703450286589,-0.86542589009284776,-0.50079162256248999,-0.015677357182627027,0.18196397888007579,-0.34330033532936199,0.92143040440007173,1.9233339485119187,-7.3990634413517764,-1.2914658700229755,,0.1376985278665132,0.1428571428571428,False,4
0.69501143022617318,0.71535047980943955,0.07233811506650191,-0.70666381257269284,0.66106597523136545,0.25222615326652875,0.13260983317686473,-0.22641878770943244,0.96496070630725461,-22.093696020446906,2.1156908923712106,-2.2625987844354749,,0.1965961983147464,0.5277777777777778,False,3
0.91342332245599767,-0.39871300198217896,-0.081766594913851631,0.39541608187547256,0.8217003838235678,0.41043221293954413,-0.096457017306656401,-0.40723018217533991,0.90821782769209214,6.3209261648473074,-15.686623105434297,-0.40131378866558554,,0.2165510811153392,0.3333333333333333,False,2
-0.45929219579237718,0.87052698074461021,0.17672989186860971,-0.86876934369437175,-0.48169667892308476,0.11492665909753838,0.1851769595307903,-0.10075259455787899,0.97752667909821667,1.2365255027261572,-10.117355340897866,-0.84569192894593326,,0.2877343986873208,0.2619047619047619,False,1
0.52120957798578516,0.76689540950682034,0.37444893736429197,-0.83663305344613725,0.37252616837388275,0.40158359996153714,0.16848059145573435,-0.52258557648871362,0.8357742551363293,1.3122824107360329,-11.839596070761607,-0.63694212144901008,,0.4212804642492265,0.15625,False,4
-0.37761178523289596,0.88988618359508309,0.25595296423327918,-0.90030063565821483,-0.41746775137372549,0.1232048781354808,0.21649042724018713,-0.18391100241568525,0.95880583962751187,-14.085420111398605,6.6141949003832154,-3.3096593163089203,,0.514839201228032,0.1764705882352941,False,4
-0.13865562667904902,0.98973789838851212,0.034547209492694367,-0.96972040758501299,-0.14276749678446743,0.1981407907904226,0.20103966848211124,-0.0060277985524520433,0.97956455496369121,-15.198250054716771,5.7715133357065538,-3.124884515607774,,0.2136376774159781,0.6666666666666666,False,1
-0.20925966614388583,-0.97729208332598949,-0.033325305605435451,0.95915902743868431,-0.21177161724694996,0.18752797714337835,-0.19032696132767277,0.0072777741760552267,0.98169378209032954,-11.264032362054396,-11.386864423089088,-0.24343664071947715,,0.158979293940468,0.2666666666666667,False,4
0.75506817356526268,0.604717552377803,0.2533549587338248,-0.6444235539022013,0.61330539723011746,0.45669987180254912,0.1207904650412254,-0.50810744097543714,0.85278162033460669,3.2134195787014623,15.704238006564129,-5.514554529005621,,0.7047077979632044,0.2727272727272727,False,1
-0.99336038687598194,-0.11125375069405954,-0.029287279527186669,0.11478469216436216,-0.97555205537049616,-0.18741040981528462,-0.0077211547278960013,-0.1895278085635573,0.98184499466604358,3.6534691052770953,11.283739501484767,-4.6772385041432996,,0.4862234199219771,0.1224489795918367,False,2
0.0041032427852770699,0.95330459425892877,0.30198263851331764,-0.98072504429456919,-0.055156938234209696,0.18744625805292439,0.19534981671878021,-0.296931074038147,0.93470336812193611,16.575776772043888,1.838733288405336,-3.3909050923084654,,0.1562438924294774,0.2941176470588235,False,2
-0.98857160492166718,0.14845020807367773,0.026243430901492368,-0.14403554307097666,-0.98148847698393926,0.12623047128168574,0.044496564753343654,0.12100787276301241,0.99165374524302696,25.430226682759951,6.7724645494922067,-4.6656446127131153,,0.5069139859574336,0.1764705882352941,False,1
0.54142270166872575,0.83403931859064595,0.10601826806069507,-0.82463133410018086,0.50222938282734297,0.26028601546188024,0.16384328163795417,-0.22835074352784043,0.95969334528920669,-23.895905394095731,-7.2315570012460801,-0.53268913156532605,,0.1529797398384821,0.2666666666666667,False,4
0.48749226821719371,0.85718666740676552,0.16607921498050648,-0.85940496709106706,0.4374800737032421,0.2646399207447932,0.15418946451577109,-0.27173921750952962,0.94993863312303006,8.6201874560397549,-11.804311190572278,-1.0451570428496897,,0.4151896869376315,0.6829268292682927,False,4
0.20746983051894241,-0.89806857316719302,-0.38785191415523845,0.95950771127492551,0.10959807757793484,0.25948644164035639,-0.19052879422385077,-0.42598251053378,0.88444201578788761,0.86241459644255125,-13.7749342209113,-0.39099513749124065,,0.4427725754252946,0.45,False,2
-0.927114454198813,0.36584329014377759,0.081347869501381745,-0.36398046625580932,-0.93066371208301402,0.037192407774560954,0.089314103028814887,0.0048725833642221661,0.9959915907935758,10.197084897588308,-21.644354312097914,0.28504558075031156,0.6327767452957129,0.6133793011728707,0.8125,True,2
-0.92101847511785917,0.38591738033293643,0.052846419448616101,-0.37854482743529028,-0.91877163290082842,0.11208255974384805,0.09180839892712267,0.083225369531835819,0.99229267645827635,1.1270561450450665,11.706730776166975,-4.6369331489988186,0.1668117375585928,0.143741175025049,0.8585858585858586,True,2
0.63828528513465133,-0.69839846282425921,-0.32377690143876797,0.75213725910440876,0.47621441549656318,0.45553196807707708,-0.16395559840238885,-0.53428402334149894,0.8292521595718253,-1.7707437161144441,3.9941780399585451,-3.0388525102247645,,0.6369601658078642,0.4474708171206226,False,1
-0.13394035309714403,0.98281863415108961,0.12699415017078644,-0.96887801788179251,-0.15679161148169277,0.19155097763891452,0.20817148766740945,-0.097385434918994845,0.97323209399812582,-20.184071915826127,2.2140915832935457,-2.3450453571406737,,0.2066626367242684,0.2727272727272727,False,3
0.99171156216430156,-0.11389782442422389,0.059459760015244494,0.086174818978450182,0.9328881871550001,0.34970491966898265,-0.095299937270037827,-0.34168247812565239,0.93497112580990471,28.106135925218059,11.46596962549161,-5.5753948472221513,,0.2341223756133137,0.25,False,2
0.99785944337969412,0.058158488771907664,0.029901863516077543,-0.065373723153382926,0.8988596824538756,0.43333306772041069,-0.0016755831913268168,-0.43436028990077469,0.90073765935386707,-9.0063319682428968,13.197148512640011,-4.7291391093370185,,0.447364640421514,0.6,False,1
-0.9424264314226003,-0.33428138796236334,0.0094007987968039025,0.33011040743209774,-0.92543673419699568,0.18599454267212429,-0.05347466934050548,0.17838947463556884,0.98250580409388344,-14.980637362284929,11.946281403094615,-4.3429827822471072,,0.122606232364803,0.1666666666666667,False,1
0.99601232636525328,0.081769116814161727,0.035682730611718595,-0.089157176929504076,0.89779094974230078,0.43130315134807318,0.0032316451596031692,-0.43276462666933613,0.90150115605766845,-11.095007322386902,11.108337990039313,-4.2450876682966205,,0.8947991039812504,0.5,False,1
-0.2975999768264958,-0.95455481132866538,-0.01610484281717639,0.9362405773858361,-0.29510752743145263,0.19069643024852662,-0.18678285534038136,0.041673245884995651,0.98151694102970188,0.26359181018841754,10.961943086092216,-4.5025934995695227,,0.1928853136454786,0.8365384615384616,True,2
-0.44230780529103508,-0.8928239174570276,-0.085025042165907269,0.87436612408053849,-0.45037132884533959,0.18069185707845087,-0.19961885291475856,0.0055784021699422023,0.97985774222089317,-10.42345447867654,-9.2156433682128593,-0.5903011575088456,,0.1737745295334307,0.2608695652173913,False,3
0.95159764592475782,-0.30484624820999523,-0.03912397248172441,0.29792666209801166,0.88365363341086001,0.36110380802606312,-0.075509100654145345,-0.35528160818156168,0.93170454254893842,9.1465562019944358,11.171524482024358,-4.8403614581082568,,0.5349210617599502,0.75,False,1
-0.99979001454085903,-0.02017839952472824,0.0035719766250207133,0.020447810578445656,-0.99381168312853752,0.10917978530740739,0.0013467987738507298,0.10922989824147979,0.99401560121721377,16.805777751078757,16.033865220950435,-5.9571944051186039,,0.3919375937236096,0.7931034482758621,False,2
-0.67908449554285011,-0.73302480600713726,-0.03897283273656197,0.7223799424674705,-0.67676998337157357,0.14194931605306949,-0.13042801322571321,0.068242387014519346,0.98910641994709236,-5.1468524119923265,10.478168910304113,-4.2203442471893187,0.1068631398153585,0.177565840733106,0.625,True,3
-0.87230304094575639,-0.45023131353437945,-0.19073324060030145,0.481418784769993,-0.85907422367365516,-0.17386038044962665,-0.085576623136042168,-0.24348150347123532,0.96612286953576343,8.8871186104853788,-4.0735142227197052,-2.2017074764026408,,0.2431497578815699,0.3333333333333333,False,1
0.89306882376062369,-0.4475464658704072,0.046154489637797877,0.40365771905360959,0.84232170353177271,0.35714785958727319,-0.19871719068881388,-0.30032700285895336,0.93290683858491708,-18.67020388628794,3.6507111253303295,-2.6337225688496115,,0.1531440781284987,0.2352941176470588,False,2
0.96649951962896452,-0.25635388690958405,-0.012702882481087009,0.24859468393745601,0.92263471989084855,0.29486582842026826,-0.063869880812606195,-0.28814555057866653,0.9554542270599361,-19.588873895987234,5.3015413534418219,-2.9330128506387068,,0.1728239324269727,0.3529411764705883,False,2
-0.987081601471267,-0.15760440106326329,-0.028822990865097264,0.15490667934354896,-0.98472505754635609,0.07950145743998073,-0.040912500921775632,0.074009552125494371,0.99641796123038129,-22.721339116904197,-6.3816204760130368,-0.72667008377468523,,0.2161961453004243,0.186046511627907,False,2
0.54481159081589448,0.81584852024479315,0.19383374971102207,-0.82303343736762902,0.47597022433993136,0.30994887726304138,0.16061223953198203,-0.32839539819579716,0.93078470709200223,-1.4560764074243771,-15.246952164414788,-0.088323019007369191,,0.1903602601639073,0.1304347826086956,False,1
-0.89245998175369112,0.44733598363784555,0.058358364532973189,-0.43907620383825996,-0.89102188742211441,0.11529129784036889,0.10357252623734275,0.077269100405627761,0.99161596292683818,-8.6638711191376938,12.222283660565676,-4.4816710455390281,,0.8222703185366893,0.2631578947368421,False,1
-0.90382634582203958,0.37568927590572881,0.20483042881224761,-0.41627370659539442,-0.88281065943157055,-0.21762706814945632,0.099066330280835724,-0.28196259958268521,0.95429709977619837,6.2508225465835254,-8.4599787248911902,-1.371242711036603,,0.4789028516372504,0.4117647058823529,False,1
0.60655203420931669,-0.74820925505556357,-0.26884482596051157,0.7769677080352223,0.48614625366448672,0.3999787503336612,-0.1685698978674203,-0.45149167289904968,0.8762074291146954,-0.43400442476621165,-12.59979784607774,-0.46452696186877335,,0.4126052310851313,0.1904761904761905,False,1
-0.22254444626861342,0.96746589449597964,0.12034829629907942,-0.95436378753860518,-0.24140247365617218,0.1758255008457241,0.1991575518778157,-0.075727067154194388,0.9770371952132938,-22.456646387464215,0.43556891135749276,-1.9780395420290433,,0.1254524763747435,0.3333333333333333,False,1
0.88585035556900193,0.41229056437251993,0.21280422474110283,-0.45695994688391695,0.69584887313100752,0.55405952090561017,0.080353932586527912,-0.58805683083499305,0.80481824608179919,13.102974447364895,7.3793343561414195,-4.2439691074686223,,0.296273333065461,0.4,False,1
-0.96793709224756574,0.2411097504699975,0.070454763356520983,-0.24278550489639897,-0.96994557298445927,-0.016148809864825753,0.064443650296429622,-0.032736427357687545,0.99738425005627929,-15.347643900078889,9.5926900757461215,-3.8464685267727305,,0.2821959594555641,0.4,False,1
-0.99862441143017955,0.045003308806063035,0.026907008236409673,-0.046305384312078465,-0.99767997290225852,-0.049904739789524311,0.024598704832547835,-0.051082030756965199,0.99839147124477501,-13.322508455199159,4.6738273750982131,-2.9504376569256832,,0.3480467688869227,0.2352941176470588,False,1
-0.38780083700305346,0.91762755553127517,0.087006782203616378,-0.90176545005666664,-0.39724777893675489,0.17033283656979387,0.1908653554310687,-0.012404493520956121,0.98153784676733669,3.5000479770897095,-1.9497976010705598,-2.2423589718004111,,0.08058495292449243,0.2371134020618557,False,1
0.98238680435903714,-0.18684788246102074,-0.0020088407284684015,0.17956632370998274,0.94101953617526335,0.28677197897593565,-0.051692378650256603,-0.28208172815041621,0.95799676232916031,-3.494662918699873,9.1647251735585122,-4.01006195355962,,0.1379370124555279,0.5,False,1
