axis_00,axis_01,axis_02,axis_10,axis_11,axis_12,axis_20,axis_21,axis_22,location_x,location_y,location_z,dbh,dbh_approximation,score,reconstructed,number_clusters
-0.91707260289058801,-0.39832755904239303,0.017691713733002379,0.39781107100693153,-0.91108554151438426,0.10802540362228974,-0.026910830752686021,0.10610509766627334,0.99399070188680838,8.5466596588667638,9.4637019587219289,-3.9428472802758461,0.2086932012603275,0.1979727973613825,0.9375,True,5
-0.93413510180586257,-0.33613926769443053,-0.12000835090943546,0.35133324399532784,-0.9252346296408418,-0.14319857463359315,-0.062901218095277461,-0.17592973832534767,0.98239104430715574,1.8352762328419905,17.343119436813943,-4.9372244518912352,,0.3921155458709909,0.2826086956521739,False,3
-0.83310964096952889,-0.55298333459307125,0.011737026282233682,0.55060454350910382,-0.82713565978812142,0.11261099845929881,-0.052563892461972371,0.10027976849393026,0.99356982907093627,6.6620102656616558,3.1581441821160547,-3.0464518885418252,0.2025027860626507,0.17362661301812,0.8733624454148472,True,5
0.5057964854420044,-0.86222169545601812,-0.027270188841752599,0.8490546935520068,0.49198396864881189,0.19250429073106792,-0.15256488020453166,-0.12052187551441956,0.98091713964568006,3.1535304139760458,-17.070395113697806,-0.20887349268435598,0.2934891081714016,0.245566519894682,0.4615384615384616,True,2
-0.013056275097919146,-0.99980882235716984,-0.014555150886781471,0.99024560403461281,-0.014948082774443068,0.13852869201538484,-0.13871978002683111,-0.012604505469788058,0.9902514574950998,-6.195788197861904,14.567877529606676,-4.7014877937621771,0.477890375743902,0.461776128461112,0.8505747126436781,True,5
-0.5073739337652392,-0.86155391414713367,-0.017220463215019077,0.85600513605134709,-0.50620378489156304,0.10494253291764218,-0.099130713652737637,0.03850430078847257,0.99432918112237323,-9.8780156395136753,-6.1479920812285895,-1.9085179663167624,0.3348782392306879,0.3403129274221421,0.8571428571428571,True,5
-0.99901336738144164,-0.034481944766619477,0.027987269933006976,0.036771585669000399,-0.99562455435683517,0.085904582235985558,0.024902656094853769,0.086848962267050939,0.99591019448168938,5.2977986917804101,-10.214506947078313,-1.114857257967083,0.2091071130378402,0.1321714144456209,0.5853658536585366,True,5
-0.66319088475356591,-0.74844465540909932,0.0029065734699445026,0.74360634855694485,-0.65845265127846297,0.11614518677142473,-0.085014403283143872,0.079187775659607246,0.99322799367541681,8.6383423457862509,4.8847932443466382,-3.2838663895879203,0.1369127478590067,0.1401031060450849,0.8879310344827587,True,5
0.9839859511032425,-0.17390773537003465,-0.039086412088015957,0.17412502372144145,0.89096102512533404,0.41936729464947808,-0.038106746718338788,-0.41945744871927199,0.9069748202505209,-5.3530846028307826,11.121417805422444,-4.2316741640646489,,0.5905111574268532,0.6684491978609626,False,4
0.0027881519359372791,-0.99776383698995308,-0.066779875740152067,0.99292913015235407,-0.0051629552405117714,0.11859631692458177,-0.11867589773696044,-0.066638348480979714,0.9906943836562595,7.1641277863761665,-9.7313998505901242,-1.2256331913230363,,0.2194518787196802,0.2758620689655172,False,5
-0.60069302892875276,-0.7993556326335397,0.014087497060593333,0.79380140894043905,-0.59423756251549154,0.1294644447708308,-0.095116813238106376,0.088951064483112907,0.99148398875965049,-10.61962466011115,-1.4030412504445557,-2.6220481028678861,0.3269912971398101,0.2962642601977677,0.9642857142857143,True,5
-0.096598176386271994,-0.96762321001998342,-0.23318258028735503,0.99106351487330713,-0.11516005917090316,0.067314710567002972,-0.091988596063925246,-0.22459626934207122,0.97010031130384189,11.45308291579112,-7.8746994336352252,-1.5592040163418215,,0.3343330456123701,0.7619047619047619,False,3
-0.99614666027761589,0.07906085099436011,0.037963311997268274,-0.076705633081116123,-0.99525077215941138,0.059934517347873806,0.042521489524468999,0.056791569410828829,0.99748014545276908,8.0078041844564343,-6.3987605692695206,-1.7053264469323592,,0.1868132381556923,0.4626865671641791,False,5
-0.21260878191333207,-0.9658869274144618,-0.14785110518078698,0.95999682320499025,-0.23469098295102542,0.1527293094262156,-0.18221856461309424,-0.10946499884133018,0.9771457459043722,-1.7519871694767224,-30.298444848514869,1.3843984135674887,,0.3796770745163471,0.8181818181818182,False,3
-0.63773301613354694,-0.77025522687018189,-0.0018669794787246688,0.76523097627332826,-0.63384591925883482,0.11252068072444102,-0.087853019782921246,0.07032948256661084,0.9936476290903804,3.6397611476873779,2.7529400256225358,-2.991466145113109,,0.2154870649994779,0.857379767827529,False,5
-0.84333091463351928,-0.53681996736241477,-0.024845342911857367,0.53683159107482858,-0.84366229703595452,0.0067654552015913999,-0.024592910512173684,-0.0076322474431019145,0.99966841380104987,-6.9152894903636009,-2.5594346546689923,-2.3349203259695672,0.2972354337413731,0.3063036289224798,0.8438538205980066,True,5
0.13706368031497437,0.90075109947013676,0.41214197109958944,-0.98153496955797814,0.067457151986956287,0.17899339703080597,0.13342657558872428,-0.42906525080592223,0.89336462851263454,15.412459848911849,9.0264695196709539,-3.9518757600769807,,0.7069013545650933,0.28,False,1
0.93180529235974274,0.34396982210700838,0.11586051359305288,-0.3628342031912567,0.89110845726704779,0.2725381778424929,-0.0094993749762226735,-0.29599067361458098,0.95514359287399608,-12.185286866722508,-3.294521590767185,-2.4241288609919787,0.4774591191093033,0.3161225731261134,0.5957446808510638,True,5
-0.063762533122826537,-0.99780700973745751,-0.017762620542964694,0.98899643732680387,-0.06556035813619232,0.1326193288926717,-0.13349301976001923,-0.009111024083333967,0.99100787227726062,9.6583320986898347,4.5178629733536422,-3.2414526238046908,0.1029683403948373,0.1509820589673435,0.8317757009345794,True,3
0.19608629984316173,-0.94430990985028418,-0.26425169284673505,0.97455123232370655,0.15781686368300143,0.15919715171322937,-0.10862807459474606,-0.28874319333242887,0.95122411119253558,-3.6599153403765272,14.239900195230744,-4.616996676395507,,0.1925793342841502,0.1290322580645161,False,3
-0.43163571724844862,-0.90152869349789666,-0.030604287206087516,0.89569198116939608,-0.43236806657513494,0.10389287692099813,-0.10689472608253141,0.01743186180690208,0.99411752209167159,-4.4900539261442569,-34.231015764882073,1.850379882498957,0.2726110556707947,0.2630186622491703,1.0,True,5
-0.46692957314342337,-0.88427349201576655,-0.0060963138323143692,0.87754543857318446,-0.46420500238167578,0.12011544031982474,-0.10904483923367175,0.05073565888081203,0.9927412129827351,6.9717631157900861,-3.8090600388991938,-2.0381836390648407,0.332598985199092,0.2596009888147247,0.9392523364485982,True,5
-0.60542154219997402,0.68410274751166034,0.4067778104656179,-0.78549535084267164,-0.59596067786124884,-0.16681703824162608,0.12830358547115006,-0.42051670750418174,0.898166960350407,0.75484242251826672,-10.570469524508207,-1.0231728981651047,,0.2267917769659258,0.2051282051282051,False,1
0.98019392454990939,0.16870331915589043,0.10372589060226255,-0.19803942838809893,0.83632548050122324,0.51121431461581057,-0.00050505362266369674,-0.52163098141328179,0.8531710638263903,2.6870685857805143,23.489876490442551,-5.8481199919802984,,0.3803452129651816,0.4193548387096774,False,2
-0.86756800319904226,0.4935379956785137,0.061204629292751306,-0.4922552961749565,-0.8697239310281103,0.035566939490457708,0.07078476681414933,0.00072843575385585571,0.9974913464127998,-7.9849442519555192,7.5407762099652507,-3.8733158868327249,0.4008170472914523,0.2401712984247131,0.6428571428571429,True,4
-0.70858557314201565,-0.70561532063031174,-0.0036748913973446637,0.70143153839479211,-0.70493200913284459,0.10518868496680027,-0.076813296245604817,0.071957499898981842,0.99444549158220419,3.4073985884944884,10.821388505657222,-4.0953195039904653,0.3519608471197929,0.2783465185931694,0.9019607843137255,True,5
-0.5278922554139539,-0.84865020065846331,-0.033505277141336463,0.84365253700665743,-0.52851318289415061,0.094468049145323224,-0.097878309528710503,0.021602139464481238,0.99496391095072279,7.0280234736726923,15.419199438859193,-4.7242921874240329,0.2959010214613562,0.179653572079492,0.8,True,5
-0.84079402527140479,-0.54118041154811192,0.013753880344248331,0.54085999605006285,-0.83866741649291854,0.064089228313490121,-0.023148903659432007,0.061324763918900627,0.997849388229334,-4.8753896316848317,-8.0869707519948033,-1.3941802411682922,0.4362410953780148,0.3715046926559473,0.5454545454545454,True,6
0.76671537205311302,-0.64191744202038636,0.0094623404853861753,0.63278346336170976,0.75812823942178276,0.15756478377857408,-0.10831725048863278,-0.1148197292334073,0.98746331730619274,-7.4270039317823526,1.7026428153902626,-2.950982211213097,0.2678746713472662,0.3474980503434639,0.4619047619047619,True,2
-0.83723009600036191,0.54473282492405006,0.048082385563623667,-0.53748644689557723,-0.83590823707910189,0.11120134255878357,0.10076748361843946,0.067257480131004188,0.99263404415304812,9.1620472247354403,6.8291203147462936,-3.5803681741967246,0.2136988703505613,0.173026100836137,0.8292682926829268,True,5
0.99857923585625874,-0.048746098695216435,0.021525045382727939,0.040933022189578949,0.9603309175335919,0.27584237622874191,-0.034117406278316581,-0.27456938411098858,0.9609618389393797,-5.5587039523294308,-37.444405315760882,2.3091608197153155,,0.3107016461124053,0.5789473684210527,False,3
-0.86629696222274644,0.49813460042093627,0.037302722516122218,-0.49048942886543584,-0.86238703103227254,0.12533446803892195,0.09460281927563835,0.090280277861863364,0.99141302090212868,-3.4504625601875443,4.2151132504342401,-3.2071653346784332,0.4424884682655355,0.3936972707778663,0.9883540372670807,True,5
-0.99546880171904972,0.058419068585618877,0.075027176607073809,-0.077880862090906014,-0.95360291862742685,-0.29081960887332131,0.054556723912067527,-0.29534502875593333,0.95383168214582836,8.0932992917858382,-0.47287484190469192,-2.5593342459176944,,0.3597016035435276,0.288659793814433,False,5
-0.84269567746673679,-0.53775098800226595,-0.026227277431388307,0.53780196359322907,-0.8430521288279591,0.0056706290578663887,-0.025160348450355374,-0.0093264667067238516,0.99963992211426989,4.4106852879085121,-9.2784248524587607,-1.2241236704337801,,0.1975508817984108,0.6575342465753424,False,5
-0.99587367800214099,0.084342958398111706,0.03349451941947551,-0.080247237115220027,-0.99079794904744867,0.10899451866374738,0.042379221298424953,0.10585692954182413,0.99347788705643336,-10.411026095008111,6.0322572245054031,-3.693235726381618,0.5577042088323886,0.3607817766679052,0.9678899082568807,True,5
0.15142419809082483,-0.98843036876884938,-0.0087245818253269616,0.97830781149142765,0.1485994716147431,0.14433302813518537,-0.14136667997588279,-0.030390839595104413,0.98949070670790062,4.7877385320411943,6.4537880680502937,-3.5147040193407131,0.4010142357266389,0.3663106163539723,0.998533724340176,True,5
-0.73634398927920797,0.66539276602207986,0.12267842670114641,-0.6667750428517355,-0.74441423140579166,0.035475263361832446,0.11492855033649702,-0.055676916276058148,0.99181223490716264,-7.7432999257177144,16.641559713771109,-4.9649976356582668,,0.2737979640048729,0.2444444444444444,False,4
0.79052490532892072,-0.61242585136971839,0.0022250008489932242,0.60297493906839117,0.77895123529188282,0.17220974389598587,-0.10719886617950894,-0.13479447173874298,0.9850577919485245,-15.790470744327536,-1.2543427619978822,-2.9137078785290353,0.4017461194550536,0.4359911530898933,0.9714285714285714,True,5
-0.48434178840095926,-0.87485521553672096,-0.0064330285837020662,0.86854915815368205,-0.4817075026104628,0.11653429452020533,-0.10504947348317073,0.050855027057207319,0.99316583426128802,7.4591959438185125,6.4588596973907766,-3.5363831851368364,0.2008228531331702,0.1744650753207365,0.7873563218390804,True,5
-0.98965881163706237,0.13980979011867514,0.032072716381507854,-0.13512461248352661,-0.98370371368143139,0.118610045065906,0.048132895718971488,0.11304966287579768,0.99242279199612005,-2.9554222722927164,-1.7188184720473809,-2.3452335089646259,,0.3313767745649699,0.9791425260718424,False,5
-0.2198861725305887,-0.97153102094782795,-0.088190398944101564,0.96790808442252307,-0.22855127951469639,0.10449044330328675,-0.12167173558131916,-0.06238419646245924,0.99060799552212564,-9.6868810911657661,-12.973743491008443,-0.93678656144658912,0.2960165915033473,0.2982861296482841,0.8181818181818182,True,5
-0.78873686169608803,-0.61472961748840971,0.0012885590244380365,0.6116155827206422,-0.78452714665660217,0.10219361590695994,-0.061810532881501956,0.081391974674432613,0.99476369278512622,9.4684143630647117,12.72283136378811,-4.3738848709785154,,0.1548784127904329,0.7846153846153846,False,3
-0.94918940060304335,0.31279502411106652,0.034623036755785555,-0.30687911124510175,-0.94434865562732717,0.11845179482082821,0.069747350231041713,0.10180810137811461,0.99235599339628688,-3.4254174598650917,-4.85018922468978,-1.9212838642446142,0.4881638804291106,0.3844406247808131,0.9904214559386973,True,5
0.57047674817948257,-0.82117228186015867,0.015243467162724303,0.81131679534099854,0.56632286637821994,0.14506367089925248,-0.1277549896644867,-0.070388170325237018,0.98930489137277078,6.1926473540064446,1.6692519364434393,-2.8521623916339434,,0.2394747565149236,0.9226932668329177,False,5
-0.57525711185007267,0.75716948569032705,0.30947314133113313,-0.80840610892256648,-0.58396259757700919,-0.07394083910660057,0.12473499237418928,-0.29271497155177884,0.94802907503243417,-15.138600242666238,-9.8611659781312753,-1.6192749190637323,,0.424595139268389,0.2,False,2
-0.97534024867950542,-0.21984420937598032,0.019491611263559951,0.22070157822562331,-0.97091195305306288,0.092848224470935908,-0.0014875061407223847,0.094860439712961209,0.99548946970972196,6.6634123457426844,-0.99175889942436923,-2.4435273284144006,0.3649480704251014,0.2118199701797897,0.8464566929133859,True,5
-0.89961449298146878,-0.43620753364377929,0.020414495098050763,0.43523835652874998,-0.89185196335801664,0.12315700735486287,-0.035515306895054291,0.11967900002449965,0.99217720187942637,-4.2471459813530954,0.34647935864137114,-2.6646569357280967,0.3723409093499762,0.3455977796756788,0.9366459627329192,True,5
-0.99915784185534162,0.0016880904682304576,0.040997041473092438,-0.00720423853889732,-0.9908495355765996,-0.13477869562624095,0.040394380872221053,-0.13496054311615416,0.99002724497649131,12.637796413655488,-14.073240535808496,-0.74153026717696069,,0.3405485445577394,0.1481481481481481,False,5
-0.89708936868889233,-0.44183432864668348,0.0036180954518953735,0.44065761961290473,-0.89403926132044564,0.080713452996882554,-0.032427254932433827,0.07400152192303841,0.99673078004575577,-5.2209076537899124,-15.289447688434167,-0.43656189170437115,,0.4309231422992612,0.6666666666666666,False,5
0.81283216583371209,-0.58203263137953309,-0.02327844916429108,0.57286158512132457,0.79150771313080048,0.21294399345070647,-0.10551528078132102,-0.18642305668523945,0.97678706454261166,-5.9791233764082419,23.101584888424771,-5.7299259520133496,0.4061417388818775,0.3966845651602051,0.8867924528301887,True,5
0.60051610063113459,-0.79099719527358325,-0.11706344413223957,0.7865186413779075,0.55793236887354425,0.26476385427056709,-0.14411398144464613,-0.25106753838853851,0.95718140993214662,2.516921436030314,-18.400126246549416,-0.083111273402039498,0.507984647375054,0.248544602412358,0.391304347826087,True,4
-0.92238480145069701,-0.38601355025494566,-0.014135666674449557,0.38571980496409536,-0.92240513819413017,0.019722907785827248,-0.020652121228069847,0.01273970378935447,0.9997055515681309,9.6156728227521739,8.3342077491056603,-3.7902343006041557,0.1810553872737475,0.2110752510496513,0.9147286821705426,True,5
-0.85341523871190228,-0.52088470565466183,-0.019014566767716734,0.51953915583869092,-0.85301532602955754,0.049436010246670881,-0.041970178516752651,0.032310632518488661,0.99859627835353382,2.7519048016559848,15.914101289394484,-4.7361033482786077,0.2271752451252001,0.1300028767567324,0.2592592592592592,True,5
0.72224275946015859,-0.69157587231984208,-0.0093919770242796574,0.67971351832603177,0.70721263733149853,0.19452459639714714,-0.12788639259992457,-0.14687783503195961,0.98085267607531246,-16.007356567027738,16.965861989070856,-5.1836565694500134,0.4170234602675786,0.4700526455611234,1.0,True,2
0.60838968541472838,-0.79191718766782504,-0.052241349113999469,0.7379519028932775,0.54025211765479886,0.40441888974885454,-0.29204277032167508,-0.28459588409846714,0.91308061147800823,5.3596135765988553,16.728938351900585,-4.8812328980937458,,0.3487573318699454,0.8297872340425532,False,2
-0.66696440846522986,-0.74508462260274622,0.002717167928065041,0.7406064517092672,-0.66254750262934337,0.11195039279175806,-0.081612263338512195,0.076679279603707531,0.99371008174025366,-8.7857698223361531,13.645081374979197,-4.6723766756981711,0.3805849663144401,0.3828026876758415,0.8933333333333333,True,4
-0.98991941287514162,0.10930745042215965,0.090063518114404634,-0.1256978470735465,-0.97107146224484298,-0.20302774799208845,0.065265666732301802,-0.2123018994165404,0.97502220295238329,-4.8530667804701366,-10.546797459231657,-1.045694046876146,,0.3686446995692082,0.3,False,5
0.89310673875887703,-0.44960427190920088,0.014708904258267787,0.43916891238986683,0.87852622084260024,0.18794239990571227,-0.097421863941227302,-0.16139293036875732,0.98206990711109821,13.135378447681736,9.6030040654601585,-4.0107114863854614,,0.1584014671204952,0.6944444444444444,False,3
0.59237117866634315,-0.78154694034564354,-0.19565471300689458,0.79503163974543278,0.52772818904822905,0.29904456237752303,-0.1304648553792756,-0.33269706719512759,0.93396551488297719,12.959340647097504,1.9069335117556916,-2.9345184067356769,,0.3915857370872866,0.2666666666666667,False,3
-0.57998676488005818,-0.81436463303743967,-0.020630002951043988,0.80906052652740268,-0.5787948237177728,0.10206672549226702,-0.095060070372189748,0.042506428870327378,0.99456361612796063,7.9853300166175201,12.945766393527972,-4.380973144963324,0.1343820442775102,0.1866202773128352,0.8395061728395061,True,5
0.10923679922294117,-0.97511281513975834,-0.19293086701132578,0.98426547154828126,0.078989711167841203,0.15805729039642447,-0.13888413593123397,-0.20716086329187772,0.96839845802582603,12.855929911932517,-0.5700631850368667,-2.581562339669373,0.3380723934996331,0.2541775947971883,0.5714285714285714,True,4
0.076656660117755238,0.99458600263259545,0.070160101388939883,-0.98726934907805275,0.065880203973661788,0.14477234230124084,0.13936638343083271,-0.080364681867746396,0.98697443182572187,8.584721479016423,-4.8400287826032962,-1.8961324332162186,,0.3073772961779832,0.4516129032258064,False,5
-0.63392163484422437,-0.77334893984087705,-0.0086474344991442284,0.76827753161115087,-0.63097022871294928,0.10782488070665863,-0.088842530906668743,0.061708895022676874,0.99413229349879662,3.4957459529288699,8.7184477627440362,-3.8143574651349041,,0.0843560518234289,0.2673267326732673,False,5
-0.89173606391504578,0.45004234988429087,0.047630616455445036,-0.44503058802005974,-0.89115113837758086,0.088303025400379972,0.082186179128975065,0.057545911053400546,0.99495422009317225,10.730510538811362,11.416647000270036,-4.2303446586713527,0.1997148310101758,0.1773938979384805,0.3478260869565217,True,5
0.10928555885378684,-0.99307426152160083,-0.043129777756684737,0.98372494645729625,0.1018271356569871,0.14804210266502404,-0.14262502004768815,-0.058606702238046655,0.9880401601702109,-7.2630358027301041,-5.5989761986086348,-1.8419154779600819,0.3123721687001467,0.2115594248792872,0.8832116788321168,True,5
0.29038551824014408,0.95521305972021153,0.056958417607525763,-0.94862719836941722,0.27954706750305136,0.14818864856740338,0.12562917380207458,-0.097064141630134521,0.98731750875765001,11.068726847271998,13.228475524919745,-4.4768399942451254,0.3872904024887328,0.2470475563716378,0.8541666666666666,True,4
0.91675720683689899,-0.39815623894890423,0.032059836223408494,0.38513032973504235,0.90234642304115764,0.19350855780302617,-0.10597571811875746,-0.16505314965456594,0.98057462997893352,-11.339242504598857,1.2378074396394114,-3.0126847245710464,0.2492392857640268,0.3263992161590916,0.7936507936507936,True,5
0.95859596483089371,-0.28189725147579775,-0.040344960284033671,0.27683553729093335,0.88927815613675187,0.3640692877885473,-0.066752239683546738,-0.3601642689501704,0.93049762915808698,-6.0587222827759053,16.587442554215709,-4.9243183013990359,,0.3138839445269813,0.4375,False,4
-0.99867624686181267,0.041712987044809711,0.030096190220788244,-0.038084190452642851,-0.99292770722253076,0.11244626568889252,0.034573810775978396,0.11115122555154176,0.99320192139706387,9.4525495418688088,2.9059655095695938,-3.0291737746141734,0.2871579125108022,0.2666350166453085,0.9245283018867925,True,5
0.60952303779676287,-0.79167535370199138,-0.041614910018323799,0.77788491815421834,0.58713135955801732,0.22399067108198861,-0.15289447505783671,-0.16889908514962815,0.97370240758273141,6.5252051065486203,8.6653388207990059,-3.8145872016067663,0.4324794656052353,0.2360457643940595,0.7329192546583851,True,5
-0.36521902451450466,0.81356103069952002,0.45247487605369757,-0.92033876622768607,-0.38862851348439614,-0.044095735456045088,0.13997006648271143,-0.43253477066479146,0.89068628183821386,-9.3048433735776381,9.6457789701068783,-4.1409630991635566,,0.7654636425513279,0.4634146341463415,False,1
-0.18180737628448362,-0.98314521125047394,-0.019276190593879604,0.97457495186391685,-0.18276391744396916,0.12961872426457705,-0.13095702015544861,0.0047795476557348053,0.99137652523963371,4.3957267137866856,-5.4339684513350113,-1.7677545725229875,0.3524698763847261,0.2807851624634631,0.8992248062015504,True,5
-0.65364127416444551,-0.75679155819831379,-0.0044296894303354206,0.7521528490588506,-0.65026052360684194,0.10689875158864148,-0.083780524952608029,0.066541632669515474,0.99426004383176381,5.346381091266811,14.281765162630164,-4.5480322678579492,,0.1094370682594256,0.717391304347826,False,5
0.99542889815266156,-0.090806104497133833,0.029589864964759623,0.083939976700976429,0.9796213762741236,0.18247202376866012,-0.045556437898683744,-0.1791541529879967,0.98276568948714116,9.7998808430007927,14.39618882311308,-4.631875460948164,0.1008647628383692,0.1344649767939319,0.6842105263157895,True,4
0.29507740236401753,0.84333884421623173,0.44912016259586168,-0.94718330935166428,0.19640220068305145,0.25351519491439334,0.12559102316540013,-0.5002057270792527,0.85675032856566957,10.593975614162067,0.6899721997699364,-2.7460299943994952,,0.6405639232491994,0.4411764705882353,False,4
-0.89816083880314523,-0.43939978067845104,0.015327765008587516,0.43829375365400325,-0.89205792265597927,0.11014194539130565,-0.034723092435918049,0.10564324572080563,0.99379767130199037,3.8021296489631267,3.8549159948029277,-3.1285796766946299,,0.1386606430666076,0.8584905660377359,False,5
0.55516031287194278,-0.82405602534884947,-0.11282151434094084,0.82244277087258366,0.52365045533316912,0.22221181172204169,-0.12403594499722118,-0.21615241778805416,0.96844887146045311,-10.278106274703315,17.811335465784321,-5.1357880943819918,1.006472286438441,0.3487532251672713,0.8571428571428571,True,4
0.95170487587938091,0.30383975850124373,0.044036693578399067,-0.3067082656552978,0.93452125046306478,0.18055490082428846,0.013706531513523509,-0.18534139739101796,0.98257859604563613,2.9727931377222405,14.624661121091528,-4.5538971216287294,0.2178325151219419,0.1594617880291741,0.9027777777777778,True,3
-0.98704099081964403,0.15783921318732269,0.028928622887747661,-0.15486454886977996,-0.9841904754026527,0.085942304076976186,0.042036340767651989,0.080348558836526654,0.99588004054090695,10.312702012463983,6.3571966830045206,-3.5263358184130089,,0.1419978930985794,0.8125,True,5
-0.99530437200163546,0.087951497170289869,0.040419564816228333,-0.08501688354270158,-0.99396347201863078,0.069345120991702841,0.046274578194895596,0.065583156665196304,0.99677355150240188,6.838808596591063,-11.277804398776665,-1.0203048365060894,0.5029409378873729,0.3543523370703365,0.8225806451612904,True,5
-0.90571311340320715,0.41523413837984779,0.085231253266714199,-0.41592431473360031,-0.90934047244073035,0.010337775130780352,0.081796825261463632,-0.026086692109482727,0.99630756489747219,7.4342298561341238,17.122994435691901,-4.9505204697352134,,0.4450725707790363,0.3571428571428572,False,2
-0.80782659812857227,-0.58938444558241632,-0.0064932781802658143,0.586741972696046,-0.80515614534864444,0.086356465212891531,-0.056125260202256555,0.065951170670585174,0.99624314213670162,4.076203408546073,-2.8785726652392958,-2.1404562393057804,0.2448014740368306,0.1332892423189315,0.4444444444444444,True,5
-0.81790098571874881,-0.57532985874254494,-0.005790613057598766,0.57263239884780448,-0.81496241108733136,0.089041587500070352,-0.055947415937721859,0.069511309540297522,0.99601107649256826,6.5352196179687132,11.859793410558121,-4.2249151740013788,0.2385253716771876,0.2319749682743933,0.7741935483870968,True,5
-0.60018799363877651,0.79768911744039028,0.058876516617660912,-0.78939527342049443,-0.60259686261280099,0.11718414342644712,0.12895532014322372,0.023855671995953179,0.99136342091100915,8.5201534668607373,-9.6242770870717855,-1.2579651282867805,0.167448792337146,0.148440512237565,0.3684210526315789,True,5
-0.54979006433503741,-0.83251023721684159,-0.06824653901579425,0.83069439321847138,-0.5534993973203044,0.059876892383089714,-0.087622544096091964,-0.023772296801504965,0.99587005561514408,-2.5418412591595057,-32.596055234822039,1.6405235340218061,0.5710231105388467,0.3692526179294874,0.9428571428571428,True,5
0.95043763223193956,-0.29678974526918633,-0.092650711494286386,0.29917873837831521,0.79190755361734699,0.53232932384582154,-0.084619086143172553,-0.53366494509836537,0.84145192175991512,-11.889183706832677,8.0113167661311415,-4.0250063587776816,,0.3611212844885524,0.4,False,3
-0.94014179400836551,-0.34056687213756009,0.012149599218536016,0.34022869313696369,-0.93598087434374388,0.09046678522548704,-0.019438197577093145,0.089185248024319236,0.9958253601961512,10.425915834408563,10.057781425414241,-4.0164330522841842,0.1914474308076821,0.2208383434331306,0.9324324324324325,True,5
-0.82186684825923417,-0.5696796039295482,-0.00018055222223325312,0.56694814643641112,-0.81795713909161782,0.097549566177264027,-0.055719682202517558,0.080070390755433471,0.99523065142685474,3.9768244195697022,-0.70595458985186343,-2.4692434415085525,,0.1008334848451029,0.3825136612021858,False,5
-0.91575919068097911,-0.40143219777350209,-0.015404391388615372,0.39995167726068503,-0.91464188102490895,0.058897243836878901,-0.037732751551967217,0.047774680176343717,0.99814518953625442,12.281096715111559,6.4214213728233611,-3.557124886163233,,0.204994383052961,0.52,True,5
-0.91199478271705037,-0.40971647934111827,0.019948003739722199,0.40913075481579786,-0.90502549199286797,0.11636530542616108,-0.029623331357842973,0.11428589326503577,0.99300613937672977,8.8688167550911423,1.2220314761408377,-2.8029104769092954,,0.1159478721982353,0.3050847457627119,False,5
-0.15843357899167909,-0.98533802404446147,-0.063307025044963869,0.97923724706110526,-0.16501755938637208,0.11774387059355956,-0.1264642835589366,-0.043338014102188085,0.99102401661998252,-15.449582631497682,-7.0181681944134251,-2.0250119615160642,0.3676046059174888,0.3976127575731852,0.8793103448275862,True,5
0.94928651095582472,0.30253014783775467,0.085619096973648223,-0.31263834942428975,0.87937087828424376,0.35911574860322265,0.033352400012177957,-0.36767154917788186,0.92935743895369116,0.27207417521497734,-25.437518219836765,0.82181507492632955,,0.4910586374504927,0.8,False,3
0.89148730581600688,-0.45167556983772555,-0.035207430759470422,0.44382804989012126,0.85511155556431429,0.26795688024588954,-0.090923295692847739,-0.25450620258088774,0.96278738418625243,-6.9557093593144135,19.981509037641498,-5.3377097716034827,0.3656702944565484,0.2533604004837013,0.6857142857142857,True,3
-0.99649409344129547,0.033031830436554374,0.076866246913844138,-0.035261115195127021,-0.99899062952528384,-0.027827609956146471,0.075869463500181117,-0.030440438542934354,0.99665300090327669,16.463496614893032,6.6465093017528103,-3.624269300234285,,0.3119936711325184,0.2608695652173913,False,3
0.25424585726742349,0.89078749386095524,0.37663866615533614,-0.95469196928295752,0.16888022208311448,0.24503614912046262,0.15466831559495503,-0.42187333569458463,0.89336476356578032,14.045069099837434,10.747463502289076,-4.1640090879513476,,0.3536678985539773,0.2,False,3
-0.17447476168187445,-0.96918557749521039,-0.17389040776112233,0.96927375398131654,-0.20014773831048313,0.1430009534659302,-0.17339823349451947,-0.14359735103571591,0.97432687194622025,-2.7418463963561002,-8.4797465755692034,-1.2820718473568613,,0.4090672245494122,0.2580645161290323,False,2
0.49082620153923051,0.82981330685321408,0.26551744886523826,-0.86473503574790955,0.42675847946248602,0.26478390841765326,0.10640938789708393,-0.3595651206335238,0.92703288301503484,10.752086925306772,-7.8855633788298434,-1.5319955336415274,,0.1873984654883203,0.125,False,1
-0.21147190970224447,-0.97726625343199325,-0.015175681529365513,0.9687803893797845,-0.21164075576858535,0.12912299427621249,-0.12939933755641314,0.012603983524940292,0.99151245632077878,-15.177304322959941,2.1025853253351121,-3.4312937777676784,,0.2048526069145823,0.5925925925925926,True,1
-0.79345080937697166,-0.60860673440347235,0.0058013737829462723,0.60537238696328122,-0.78817689971211446,0.11091189234062414,-0.062929215801623015,0.091515122241848157,0.99381331053656741,10.636925878243419,2.2777650330152399,-2.9672021188883067,0.3102248676232585,0.238469340432454,0.8189655172413793,True,4
0.011189621892358394,0.97743009669982894,0.21096255219178192,-0.99030692399521181,-0.018377929887428639,0.13767515382303228,0.13844489390746373,-0.21045820905447479,0.96775015039654466,-10.173707213050854,1.055061281721104,-2.9275627822942019,,0.3924701150306714,0.5,False,1
-0.31481797934666989,0.92999692520491406,0.18972442907934789,-0.93861840802837238,-0.33473843079134002,0.083340668713626387,0.14101462332099776,-0.15184170066472535,0.97829390979852271,12.555529818902652,7.8876863471474872,-3.7641469008184609,,0.3223963791486193,0.125,False,1
-0.82952838332834833,0.55632425676806996,0.048846520696064349,-0.54830226347726652,-0.82792216279815023,0.1179386290124622,0.10605323718945335,0.071050782396028384,0.99181878244090016,-6.6458017701838816,6.5642799708014508,-3.667602406916707,,0.1113510220603588,0.8181818181818182,False,4
0.33751586719316556,0.90240909682267734,0.26784484569340894,-0.92364685471583496,0.26261123492645805,0.27912690136199103,0.18154758926075409,-0.34160380744669877,0.92214278263809446,-14.086382930293453,-3.0984461093032927,-2.5287431593150029,,0.2780304719299602,0.3469387755102041,False,5
-0.95466815054347798,0.29314496139952517,0.051718023395779779,-0.28914948648905497,-0.95450823465635437,0.072846444225684634,0.070719847292052759,0.054589940275484292,0.99600132611342818,7.6971071974635459,-2.3458359855817266,-2.2635927897395005,,0.1154667686008624,0.4891304347826087,False,4
-0.97026571143873108,0.22294129691473868,0.094242386091750133,-0.22172986637889189,-0.97483042019291233,0.023270544087054618,0.097058310112483087,0.0016822593388407586,0.99527727515583564,10.835434768988238,7.8957040894179116,-3.7468977835791337,,0.1839681225585035,0.1785714285714286,False,2
-0.87823549498704934,0.4570530596410145,0.14072994001860231,-0.46925679439956425,-0.88033527368677134,-0.069338782890113637,0.092198027390488685,-0.12693426084247075,0.98761693847851661,0.70974722534496126,19.675827392407527,-5.2636952028692301,,0.1556868964955178,0.3,False,1
0.56325907947771181,0.78212627023301273,0.2664914760312545,-0.82231276665990805,0.49903195257100819,0.27343888549599848,0.080875974022250136,-0.37315627788443118,0.92423669538781472,-12.760490994379326,-5.0358899568229498,-2.1547517243054104,,0.664333935318461,0.1578947368421053,False,2
-0.30070837885545243,0.86770646084185454,0.3958029417518632,-0.94442314549310802,-0.32871750278957518,0.0031185921005334183,0.13281337712380337,-0.37286767246985719,0.91833017247822246,14.765834101252803,4.9058181077376881,-3.3634406615404302,,0.5953563670892311,0.2083333333333333,False,4
0.010374751210621985,-0.96109180101214742,-0.27603426338870379,0.99022641726379867,-0.028521035027056191,0.13652176791225001,-0.13908273469492363,-0.27475279905437178,0.9514025921351954,-15.828565047786999,7.8760031617719202,-4.2105096182787616,,0.3271860982182525,0.5,False,1
-0.85911362227338606,0.4798843946912536,0.17786160843788462,-0.49347894785899782,-0.86886718239272875,-0.039349045489023626,0.13565512170308483,-0.1215762603995118,0.98326847852607968,6.2465654764712877,-5.6055783252630107,-1.7604271144357915,,0.2612768887977268,0.4605263157894737,False,3
0.49178821217847296,0.86682742765804166,0.082186160769584904,-0.8642010611434503,0.47440593840980566,0.16761721725421486,0.10630559853947608,-0.15345753895216246,0.9824204311077358,-5.336007913754921,-4.1211340318729643,-2.0707767278267859,,0.1485385505204706,0.5,False,1
0.5864420845085937,0.75529934013434641,0.2925894535177862,-0.80439199433274267,0.50066476621090839,0.31982543883870385,0.095074712571790926,-0.42291571106734438,0.90116763166560399,-7.9816726241995717,-2.3625158430920155,-2.38493104102881,,0.407616887918905,0.2840909090909091,False,1
-0.71082433249388544,-0.70335609411797073,0.0043558238870395755,0.699148947494312,-0.70586801507351937,0.11375893157798915,-0.076938401024573444,0.083907986290236006,0.99349883355970769,3.2349018480847835,12.344673902506283,-4.2804122255956303,0.1822075021734349,0.1540765981840066,0.34,True,3
0.13953254330159051,0.98927464849230917,0.043201148251053652,-0.98123269748390329,0.13227101286824997,0.1403095597002271,0.13309043071631441,-0.061968128947282375,0.98916474272313237,-5.2448728570273744,4.9405570012749749,-3.3834129639918151,0.4166911107331377,0.404926172046235,0.984869325997249,True,2
0.11805850879863583,-0.89294001181819382,-0.43441952510720117,0.98290239560667603,0.042831199630497099,0.17907643353850228,-0.14129780327697788,-0.44813348863071623,0.88272946430758936,-13.240177290185937,-5.7239970479606184,-2.0775411311066319,,0.5081100895568093,0.1025641025641026,False,1
0.8700853855010463,-0.49223595070340559,-0.025596694564129684,0.48368516299592273,0.84267005763115177,0.23654986169837017,-0.094868777978334207,-0.21819931898845352,0.97128212799261959,10.474700928175896,-8.8662592807290412,-1.3969163301820056,0.2458976508905389,0.2402201693808346,0.6341463414634146,True,3
-0.25596493758265187,-0.96642391628003643,-0.022511436432748513,0.95836029432183401,-0.25674133025008411,0.12501774117614009,-0.12659975116751332,0.010426091471578698,0.99189908741814525,13.064796067909118,-16.53876265696071,-0.38560960046468745,,0.3117850851132408,0.2857142857142857,False,1
-0.59897272403496593,0.79096146824920344,0.1249465149862001,-0.79034489215276416,-0.60902945355214866,0.066618887366923646,0.12878908071016101,-0.058847943473287229,0.98992438713206599,-10.123218996537892,2.5907542335782949,-3.1671032966306787,,0.2486188651176338,0.2,False,1
-0.80539945459886497,-0.59117993682375158,-0.042871911887795759,0.59001701833510523,-0.80652538452635025,0.037372746615331146,-0.056671303203665854,0.0048048321184866218,0.9983813284419486,-15.142734903698489,0.33214860888847147,-3.1349534987937959,0.6837160992996861,0.6930537810443105,0.5555555555555556,True,2
-0.63336822418284389,-0.77039855143967739,-0.073012084856669962,0.76535267692335351,-0.63756259015533656,0.088029674318805512,-0.11436770751277404,-0.00012479609411149978,0.9934384791743307,-15.220057125046694,11.8750785266176,-4.6177254300499557,0.4210706880315749,0.5128224832037598,0.9259259259259259,True,2
-0.52620089396220238,-0.8501633480706845,-0.018300294823405755,0.84417880086026686,-0.52484497177225087,0.10908669847193687,-0.1023463305228933,0.041952797315906343,0.99386376904778517,8.3930723876755984,14.468593657259467,-4.6005395746738413,,0.1804894369938203,0.6842105263157895,False,2
-0.68280492313925822,-0.73010444164305843,-0.026924732679629144,0.72598023499860243,-0.68216391944076404,0.087207140788974236,-0.082037402007652235,0.039998641305578279,0.99582627669967738,9.0785131104693217,11.175122890322349,-4.1677906375739262,,0.1074979990340206,0.2727272727272727,False,2
-0.96935473173538367,0.20807835572951983,0.13059403485275037,-0.23758850477147506,-0.92923864287871327,-0.28296156449486426,0.062474846639881301,-0.3053177729150825,0.95019890079893099,10.536256513694548,15.111358376835883,-4.7038424198304618,,0.1687033898755957,0.5,False,1
-0.13352522060941333,-0.99087933872159184,-0.01814253443891832,0.98199926093413636,-0.13475205303068963,0.13236062756281713,-0.13359815487504345,-0.00014247341516437223,0.99103557590800373,10.575012394759158,17.641932247429995,-5.0683914307873197,,0.2329573404242689,0.6774193548387096,False,1
-0.56234235151589773,0.75146696428136872,0.34506301060142053,-0.81640748603058133,-0.57083292579341982,-0.087341786009626055,0.13133886113712809,-0.33082801033750087,0.93450678495735595,2.6422168033348057,-11.630333940829868,-0.90650863017203953,,0.5054564930352494,0.1805555555555556,False,1
-0.76474491539327505,-0.64433064145024455,0.0017996856528945775,0.64086211892088718,-0.76033272442563105,0.1057822891590469,-0.066790410332348851,0.082049818133947808,0.99438768517707543,5.9971555123463878,-15.565040114535124,-0.4509657345199064,,0.07773155293430664,0.375,False,1
0.70215264461549975,-0.68937265595210706,-0.17817689211847249,0.70192625346169735,0.6281705112967042,0.33571020752795416,-0.11950396797046027,-0.36078684837833969,0.92496035140785371,2.6205344191474929,5.8448346578601935,-3.4408359852413759,,0.4991838626453555,0.2777777777777778,False,1
0.58728607966754121,0.69041687547854813,0.42239744161532211,-0.80378899403561022,0.4362744211177853,0.40445998880675843,0.094964802405692522,-0.57705213588789384,0.81116738024360135,10.467917052354288,-3.1921743715992528,-2.1883611843653177,,0.5528974697224799,0.125,False,1
