axis_00,axis_01,axis_02,axis_10,axis_11,axis_12,axis_20,axis_21,axis_22,location_x,location_y,location_z,dbh,dbh_approximation,score,reconstructed,number_clusters
0.58184218638238627,0.81322091602547686,0.01146350227668809,-0.8045459323467693,0.57345838806083838,0.15443872541215686,0.11901896021236011,-0.099081879783075699,0.98793586239624864,12.941565338011971,8.3687882268919704,-2.6637039253128205,0.2226240005756728,0.2317302502169266,0.8529411764705882,True,3
0.24479289886236949,0.96835121061569451,0.048706976560613555,-0.96477520895071855,0.23828085992841125,0.11149451998135997,0.096359913141589731,-0.074284350242129135,0.99257070400473224,-9.1911997171196482,7.9217005547159749,-3.7592999407029217,0.1963766669240871,0.1868495544269748,0.5581395348837209,True,5
0.95625005187628476,0.28363778818528723,-0.071662008065376287,-0.27049814985563775,0.95053257878706821,0.1527041832730317,0.11142975011764522,-0.1266389425799381,0.9856703247084978,-9.0593505662757288,-16.603136320635308,-1.6511813758470166,0.1964074977009197,0.2196633650561168,0.9318181818181818,True,4
-0.13305443832450395,0.9905031889015099,-0.03464028316992919,-0.98853875130849711,-0.13011299625474748,0.076562036069132353,0.07132778984091552,0.044430180975933348,0.99646289715917602,-4.8942293858527517,-1.506192588279502,-2.4278109968299777,0.3464585191160695,0.2958167655845516,0.7954070981210856,True,5
-0.082981869288769633,0.99613901065015953,-0.028654508026888612,-0.99386502095114682,-0.080614282460395245,0.075720919125247407,0.073118598859101436,0.034762176633765227,0.99671724254001204,-4.4597564792103332,6.0841526298237696,-3.2427796836135032,0.2801917111253768,0.1805259343006719,0.8869257950530035,True,5
0.86108124315303269,0.50487938536392085,-0.060298415605869231,-0.49208849933501303,0.85732010115372892,0.15116597824899541,0.12801562995292198,-0.10049403162531813,0.98666759757045186,2.1014726244310289,25.74235334368052,-4.7122860043295702,0.4579513360111734,0.4183254360493714,0.9259259259259259,True,5
0.22986702446587573,0.97315948489851367,-0.011034854564694871,-0.97053915211359187,0.23005994048048653,0.071597332357742891,0.072214301061733294,-0.0057481073558529466,0.99737257531174939,-4.0326688556599475,-15.737871087797487,-1.3831143763637508,,0.1376877572689535,0.2380952380952381,False,5
-0.047946059552078306,0.99803415059792089,-0.040360991238023808,-0.99562060914025174,-0.044505403704891429,0.082212357320900209,0.080254457998439541,0.044125993261930271,0.99579722769749945,15.055747624519919,0.029506168799248389,-1.8602272783151375,0.4640970608517718,0.4046961593461019,1.0,True,5
-0.65392106769735869,0.75646097791801958,-0.012410725557352155,-0.74909447608446078,-0.6496780818956801,-0.12952164222282325,-0.10604104451245902,-0.07540012461305115,0.99149892490463309,11.232221691494509,21.277606329739008,-3.8044355254635538,,0.435332752127825,1.0,False,2
-0.37401814485103718,0.92737782662925405,-0.0089885481914582926,-0.92709668076217355,-0.37361318838241414,0.030082054226520064,0.024539189920393802,0.019584487308283133,0.99950701649109164,0.29086904728070728,21.00473316611836,-4.3739044887151106,0.4146652190425019,0.3470616252787003,0.2727272727272727,True,5
-0.86850478291502764,-0.48602172256971088,-0.097377241920750757,0.48024552828619932,-0.87370571305925293,0.077476186849461171,-0.12273416237882079,0.020523453851491423,0.99222734956620506,2.9266167972134745,-11.242934608523761,-1.2896510045720224,0.4435540950501378,0.3807873257913064,0.9916666666666667,True,5
-0.99520313430264995,-0.01241490507523252,-0.097039124100303603,0.0093819237377893473,-0.99945500256338404,0.031649286848258983,-0.097379160918337482,0.030587055807940036,0.99477722683817116,-10.880791200053018,1.7677750544146398,-3.307811340655924,0.2280118199298562,0.2392231802368253,0.4761904761904762,True,5
0.61380644155888109,0.78896245460942827,-0.027926645296033677,-0.77859380265575984,0.61082978309590741,0.14380078772055149,0.13051184914354819,-0.06652233684765832,0.989212533247259,3.9965317053716136,27.312777538797505,-4.7555560140694269,0.3094482314802298,0.2388143695629846,0.6,True,5
0.54575773610794109,0.83634434108154054,-0.051736221539832358,-0.82986294222888224,0.54801749185762294,0.10490150491438555,0.11608613437253304,-0.014316834809540553,0.99313596131017157,6.826440605138627,-1.3493300941324975,-1.9243041917704005,0.3022320937263808,0.2631876048985175,0.8617021276595744,True,5
0.012343059190234233,0.99922343636305366,-0.037418887111146326,-0.99509854258783903,0.01594680301302985,0.097594006031221842,0.09811492969668234,0.036030871436505151,0.994522617577972,-0.43523365814529308,27.918667495609533,-5.0657845647092641,,0.2700762089021344,1.0,False,4
-0.91464329901126173,0.40252278305704975,-0.037457238203086184,-0.40076579465030648,-0.9149920710457653,-0.046650699476958546,-0.053051045344119821,-0.027657169836922693,0.99820872944715733,11.542001236739381,34.243536744753385,-5.0163716149875865,,0.6769038350218284,0.1538461538461539,False,1
-0.83390928283972598,0.54920003799869954,-0.054540134359580508,-0.55154943792950295,-0.8328273887895602,0.046816215156848612,-0.019711050539824658,0.069122056857344127,0.99741346278382825,-5.2304170231683527,-13.523209158259977,-1.612228569559143,0.4328680134797121,0.3226246743248266,0.625,True,5
-0.79884388000109607,-0.53687741355038854,-0.27131365281577474,0.58825109784653584,-0.79150061856587728,-0.16579329507606305,-0.12573424858462032,-0.2920435132463623,0.94810415308845819,-2.9666260036225847,14.777202061259867,-3.9697952302469401,,0.7995637300939551,0.3802816901408451,False,1
-0.36983619662062417,0.92903079612012829,-0.011089072530708267,-0.9278544230198732,-0.3686982146979611,0.056105224008053664,0.048034959681971877,0.031038787652492558,0.9983632787264437,25.028067407455051,0.90337320001783072,-1.7103051382047618,0.5252790085194143,0.5789507960768246,1.0,True,5
0.89276241084642205,0.44280690205000245,-0.083050137125491585,-0.43291637604659555,0.89419907006777011,0.11397997385776698,0.1247344745063135,-0.065803271854931608,0.99000567689423857,3.7493173086849176,-7.3706558035967467,-1.5031885953619488,0.4459804005227118,0.3868418203476743,0.8861386138613861,True,5
0.38750403833537717,-0.80462995899948875,-0.449901377364257,0.92103440173578432,0.31716793126214099,0.22605338793767243,-0.039195039137375653,-0.50197124664603565,0.86399572710033989,11.78975578957702,-2.2415071196318435,-1.6802473559405555,,0.1862008055478733,0.25,False,2
-0.99440705148313679,0.057080196221982168,-0.08886206817238268,-0.056007870667548192,-0.99832479372967919,-0.014516357941299837,-0.089541802438304618,-0.0094581934772321498,0.99593815480292069,-10.127166605366337,-11.560638691072302,-2.1120994523138137,0.1092412246356998,0.1601410805197296,0.1578947368421053,True,4
0.78910016114256887,0.61418558074123886,-0.0098492687199778009,-0.59967724999709582,0.77373550128453916,0.20425613794420644,0.13307190357356324,-0.15527216898565344,0.97886792879213214,5.0387507343515674,30.535035873053904,-4.9736802379157021,,0.3554041714321264,0.7692307692307693,False,5
-0.12320803544414156,0.9922386309763026,0.016801166634093576,-0.99066855461446224,-0.1239719411175345,0.056628373750635466,0.058271733285412686,-0.0096673167850218067,0.99825394969721548,-4.2753367447187314,7.6371790586987611,-3.3638369928940124,0.2680007279286202,0.186700043012258,0.3303964757709251,True,3
0.12132493188031623,0.99230420304637412,-0.024751353917262776,-0.98834598034584475,0.1230754108267207,0.089580502253812214,0.091937391949347691,0.013594552818495774,0.99567198619586461,-7.6024366912344483,2.7742990787073416,-3.1081649219065075,0.2386036311811293,0.1675503541796765,0.4912280701754386,True,5
-0.10967532994917416,0.99006733550299397,0.087965863666214908,-0.99088607004103879,-0.11586949818410408,0.068695382590034146,0.078205614882609423,-0.079629960194434718,0.99375195659695059,-8.8172281026566974,-6.3971676422802686,-2.4051070465995621,0.2043577299152603,0.3101335966094786,0.248062015503876,True,5
-0.033337174151340278,-0.95976784517164615,-0.27880874483089341,0.99457763596886706,-0.059353497400479488,0.085396067689977609,-0.098508673984493214,-0.27445007874093663,0.9565423124090805,7.788250013937728,2.2121308046462889,-2.19653233767038,,0.1599821503134996,0.125,False,5
-0.2481289829963492,0.96322827521943133,0.10306938252942799,-0.96697496451161691,-0.25267046517099989,0.033422358355272651,0.058235949420913334,-0.091372456725594492,0.99411249280299008,6.6466054407964936,17.49129603572305,-3.6097220971721371,,0.4703530103748648,0.1666666666666667,False,1
-0.10156813615616912,-0.96557086268410708,-0.23949284509820318,0.98981237203081363,-0.12222883905655088,0.073017662778416897,-0.099776660058836938,-0.22963671317617718,0.96814854132470107,-8.9601631476298351,2.6213073306110908,-3.2180244553893496,,0.1740817954917071,0.5294117647058824,False,5
0.45162747230090611,0.89098270432257343,0.046716665774931943,-0.88522951397639482,0.44094559883826223,0.14810701013213595,0.111361276250807,-0.10824416595456202,0.98786733253438008,-13.08996142500153,7.2361722838851126,-3.9783951427279369,,0.3650428218911005,0.2909090909090909,True,3
0.70434930743995983,0.70826678424370348,-0.047436435847696384,-0.69888270099402716,0.70361673930443891,0.12839958886960273,0.12431823422226744,-0.057285657085112282,0.99058736622883747,-4.5937839361392072,-4.0815280223482882,-2.1787449515529844,0.2270609378736856,0.1659867324691023,0.6593406593406593,True,5
-0.084725267358425407,-0.90857076052851449,-0.40904865503223126,0.98974621905445181,-0.12411945874869902,0.070687918538775291,-0.11499587357143679,-0.39886530693025196,0.90977052930339286,3.4683061443003149,-21.320249879057208,-0.49816974017605475,,0.3962465524326909,0.3235294117647059,False,4
-0.98659850330852383,0.11769858407435027,-0.11300635635341058,-0.10020691258953376,-0.9836496718442902,-0.14963922530504431,-0.12877099028373765,-0.13630981764903582,0.98226150574774762,14.721953602884849,-7.5674061345047754,-1.2417865130732906,,0.3041155099951428,0.32,False,2
0.23272301882767868,0.97109585639228879,-0.053036159414673031,-0.96702760511019847,0.23685846284736176,0.09357178812237453,0.10342923891514222,0.029511121214071082,0.99419891684819417,-6.5148142896186618,8.7352137420199298,-3.6208934626003368,0.2893376868171695,0.315656392498261,0.9390243902439024,True,5
-0.93284814387781545,-0.26377157185714639,-0.24539539185511564,0.34056487823724335,-0.86780953772152403,-0.36183168732272075,-0.11751554865194251,-0.42110706966229616,0.89936584975496381,4.2887877439821862,-2.6228833729581034,-1.8662553669627457,,0.3995208042816171,0.3421052631578947,False,1
-0.049494416635097016,0.99572395425531046,-0.078000702843762773,-0.99558131993408139,-0.042945711376038719,0.083507492314878529,0.079800614786259327,0.081789197309764125,0.99344974159902066,10.143610646334098,-5.6153917038644225,-1.4342717689158115,0.3096245662839337,0.3044853002202011,0.9408602150537635,True,5
0.92534475819926165,-0.3637804234308592,-0.10677491279142243,0.37479949853786265,0.92018423433104335,0.1130765704483445,0.057117548694930811,-0.14465399551017424,0.98783237809560887,2.4923818172529733,-5.296402818690833,-1.7962764619996276,0.419535362996917,0.3575938009980285,0.968421052631579,True,5
0.56151142162100531,0.82600174283844097,-0.049254890285299828,-0.8184917479211381,0.56317905177224514,0.11358087088024924,0.12155731970621488,-0.023462235033641608,0.99230708026954462,6.4184296114055899,-4.3035612842455855,-1.7139186082560269,0.2522822990276665,0.2064548179021675,0.6630434782608695,True,5
-0.68201119852178016,-0.63433732719146574,-0.3639737358965246,0.71756968322691972,-0.67653825544611401,-0.16549845507299388,-0.14126030866631942,-0.37404831806802302,0.91658790137442925,-3.6128553184563237,1.8518104883945645,-2.6774601786003829,,0.5930057629823658,0.3717948717948718,False,3
0.59750443297458677,0.80053915630950023,-0.046103273104980719,-0.79247761245877169,0.59830435904389334,0.1183686094398438,0.12234249599940229,-0.034189957068574334,0.99189886606865663,-6.6753105381933011,-8.7185082477357021,-2.0637720614493715,0.1932125608567572,0.2076744244334495,0.4878048780487805,True,5
0.059495106356407111,0.99803330788297862,-0.019744585987047709,-0.99408833017554787,0.061036374976913457,0.089793946001216984,0.090822486909529473,0.014285562146367899,0.99576463011382932,-7.0557736746307151,-15.769581785390322,-1.5900345241869036,0.3855567310190691,0.1611699497080065,0.7352941176470589,True,4
0.078330297893627346,0.99456814612200739,-0.068546095084469183,-0.99271542037624816,0.08412853898386824,0.086246640952845482,0.091544844634227629,0.061291040518767971,0.99391294879029646,-4.3105042306274317,-10.899068795805164,-1.737837537130454,0.1658855017662177,0.131293273233479,0.675,True,5
0.71748160572864883,0.69655996902996853,0.0049350771025211959,-0.68427306416941414,0.70346453755442684,0.19211459615431625,0.13034768541573497,-0.14121562926356429,0.98136009036360106,-3.8851850939365029,-17.838267068249205,-1.1751840903998649,0.1724283445381601,0.2010065294152295,0.3783783783783784,True,5
0.99293622322905917,-0.069663257335551121,-0.0960452350562606,0.082668227537350855,0.98685576485252424,0.13885842982394614,0.08510946337185045,-0.14581745421841577,0.98564377403289849,1.2964816745539187,23.359947495729664,-4.5527680772671859,0.3154970746584258,0.25846838154589,0.8205128205128205,True,5
0.39392227990207035,0.91572083873206789,0.079250128760733785,-0.9119680328377664,0.37863857883798879,0.15794661660688475,0.11462785210745699,-0.13449227534466834,0.98426230416177418,7.7365395260330025,7.2700030633126511,-2.6670358980550573,,0.5109940676662523,0.3548387096774194,False,1
-0.72330518834990032,0.67428051225846231,0.14891405338174288,-0.69051337933227885,-0.70769747224398483,-0.14951776062592098,0.0045691869332810595,-0.21097411824188184,0.97748096859367506,-7.6236204075240561,9.9087100925559177,-3.8245568878951417,,0.4393204251244448,0.1764705882352941,False,2
-0.64435201782066531,0.76472754556424472,-0.0015027260972511197,-0.7647275853579717,-0.64434575424525231,0.0032045559260998613,0.0014823370074323883,0.003214038177006863,0.99999373629817989,-2.6660228856778261,21.544820549871623,-4.6076692524255813,0.3570541573114241,0.2112957700157339,0.7818181818181819,True,5
0.52272907273267777,0.85052103516915423,-0.05803693009476741,-0.84388299507999809,0.5259000253617756,0.10625748886217383,0.1208958524302888,-0.0065675002302061358,0.99264347114453921,-7.4516469511203347,-3.2076888529657359,-2.5242570182450486,0.3174078177609165,0.2656985837002949,0.8817204301075269,True,5
0.70695771810266783,-0.69746321496396058,-0.11728532980387937,0.70723057752112928,0.69854523155114157,0.10890119235477848,0.0059745321322304118,-0.1599363099777476,0.98710925520760018,2.9546733284754438,-2.1291237987763623,-1.9514391402831062,0.4891483911890897,0.41534191532069,0.9823973176865046,True,5
0.8746565196519992,-0.45072683903772437,-0.17838522697048717,0.47489190573808865,0.87056375855259993,0.12882709404164863,0.097229884781878023,-0.19739315810288544,0.97549079474871059,-7.2000214590228868,4.334096933079306,-3.2789200562840604,0.609673220203482,0.2922020437290345,0.8850174216027874,True,5
0.74218029167615684,0.66738479527937133,-0.061367333960399353,-0.65800031126326475,0.74300051211378282,0.1224166221397392,0.12729495286515624,-0.050475479478341995,0.9905797398223376,-4.5092661510188252,-6.2797377713333038,-2.0109355900027368,0.2111220923581864,0.1222206498635262,0.4842105263157895,True,5
0.18814321284302429,0.98173770882637112,0.028163851466951134,-0.97570272469221075,0.18355466915442942,0.11963225509788045,0.11227788958339439,-0.049987543447902405,0.99241872262203101,9.3436645641350591,11.102090140227302,-2.9804057462886662,0.2375645093276066,0.2422046036809547,0.8904109589041096,True,5
-0.14808675468974622,0.98790552083839389,0.045967325161254999,-0.98621320056071049,-0.15098450690480766,0.067728883901271922,0.073850092249494209,-0.035303832252798248,0.99664427119359267,-13.241390641952027,-6.5470448945687254,-2.7558448217876754,,0.3168297498303897,0.8,False,5
-0.80845043237188874,0.58793913817635912,-0.02711951692319145,-0.58788510800377958,-0.80887277885273445,-0.010766959572701851,-0.028266555946759694,0.0072386070135192493,0.99957421154380199,-4.5067504207088227,20.2112225898764,-4.6140902965129662,,0.2458899632597233,0.25,True,3
-0.73368883086659165,-0.65691171636296741,-0.17368850384142825,0.66298905507770844,-0.74807698362395381,0.028746120073040914,-0.14881603511981045,-0.094062869811349453,0.9843810056142247,4.7174556110739863,-11.936083168327855,-1.1317208063645958,0.4808075132433141,0.3185673386235631,0.25,True,5
0.97874884441897814,0.187875527909345,-0.082179593338621307,-0.17211119437598654,0.97049358822719378,0.16887845327447346,0.11148289697970551,-0.15114556302681223,0.98220495949588937,3.1590769691999707,31.932066043545877,-5.2385592585875367,,0.3011907840764091,0.4615384615384616,False,2
0.16930779726043033,0.98515374263082067,-0.02840727314103083,-0.97936781622542723,0.17140037826064861,0.10705414926076279,0.11033381317012514,0.0096960668621215093,0.99384729005956784,-7.9630523821315,-13.544202884671064,-1.8056176261484269,,0.1615397687765164,0.4074074074074074,True,5
0.9942400580800238,0.054788337054975357,-0.092113761359420857,-0.0388693206625687,0.9852763766655126,0.16649215445812543,0.09987934130870274,-0.16195276999060035,0.98173082740235407,-0.69734130183170884,18.389525482827175,-4.1855786609910739,0.5033450693224867,0.2957523986713379,0.75,True,5
0.22135450342155247,0.97455992047169004,-0.03514463295028912,-0.96937554565365314,0.22382170905331986,0.10106875899669895,0.10636369354098071,0.01169632278383699,0.99425849794188659,-5.8073129467351547,3.2698683263724928,-3.0682914757138753,,0.1054586375400145,0.3636363636363636,False,5
-0.17771864341667915,0.98210534610376954,0.062331155424310544,-0.98251405432373651,-0.18065266226138027,0.045063828889794509,0.055517716437802289,-0.053232553689166712,0.99703765144013556,-9.1140659927352647,9.5917524189237895,-3.8917192601607375,,0.2269082852333345,0.2023809523809524,False,4
0.990710259407375,-0.092856703206869409,-0.099351973178815681,0.10519480502898526,0.98628743983049938,0.1271657934647277,0.08618140692682226,-0.13643576767897547,0.98689312815419039,-7.1363624181234817,-6.0140549612568739,-2.262257934176402,0.2486231688867673,0.1643917498758324,0.7704918032786885,True,5
0.63428699772954444,0.77114101074253505,-0.054968591597591585,-0.76331172550645698,0.63595030164828581,0.1136768381765173,0.12261816429712494,-0.030145569897353022,0.99199598305636683,-7.1577318512650443,-10.223996388874275,-1.978351171660248,0.2087845933018077,0.2243407876053122,0.5142857142857142,True,5
0.56662303037412398,0.82208157938553872,-0.05585891410172196,-0.81545069980809404,0.5691969289264458,0.10514281850508478,0.11823069665757338,-0.014026151848658269,0.99288708795722813,-9.924718125385029,-9.9711503814610722,-2.2336398277601308,0.1950290396012307,0.2470622648714519,0.75,True,5
0.34830179823665947,0.93630637412625795,-0.044902462244837696,-0.93070738397213115,0.35113097801118881,0.10242461472057349,0.11166746511343945,0.0061163756789275395,0.99372680711737527,9.2452847736866879,6.0668253612661589,-2.5345627470515506,0.3263777462348945,0.3378643343649165,0.9447852760736196,True,5
-0.68583459872151076,-0.70697974688332266,-0.17265729261544785,0.71943998609116344,-0.69440530897998776,-0.014400460879883462,-0.10971330643841512,-0.13409289450675557,0.98487668569884923,-11.202042406396179,-18.510922202110365,-1.6364978376212609,,0.2568638342041394,0.4375,False,4
0.71441721330128705,0.69940496617555381,-0.020993775929949714,-0.68657975712267549,0.70647264925349806,0.17176912692947163,0.13496770890917736,-0.10830091941307535,0.98491351316046605,-6.0678072799268001,23.716341366008354,-5.0179941342190695,,0.1944937390993867,0.3333333333333333,True,2
0.56633703537414426,0.821826575125991,-0.062156598847670656,-0.8147350423949522,0.56963783126944312,0.10825687913634852,0.12437513038112552,-0.010668720791653659,0.9921779101246655,-7.9958791016666373,8.076512056140448,-3.6996885866471034,0.1599465375613035,0.1384681316303931,0.7450980392156863,True,5
-0.38062847902534547,0.9225864238205026,-0.062898740344687953,-0.92377289766829129,-0.37626400515670633,0.071197134471570417,0.04201897771698955,0.085203808632774714,0.99547713007687377,-5.9710602896867524,-7.0728462659193703,-2.1020035386043534,0.2470986845788311,0.212075819394358,0.8145161290322581,True,5
-0.49772806012016041,-0.86078591552120776,-0.10636910176051093,0.85912246704333484,-0.50612956212135951,0.075772376023290067,-0.11906034096371468,-0.053670047392906144,0.99143540446286638,7.4496124405652777,16.409827597433395,-3.492323908093236,0.3899503311797787,0.3615116800156739,0.9928571428571429,True,5
0.1885632026757243,0.98109369725337825,-0.043578386917937487,-0.97703565489144184,0.19189689750894595,0.092611607249261874,0.099223221412752804,0.025114496533612585,0.99474821658364299,9.4004257450310504,-0.79390592518357728,-1.8959524979225761,0.3437624628668677,0.3268418939206483,0.8767123287671232,True,5
-0.97164470408521708,-0.19965876343026434,-0.12666075638748123,0.20600130594720423,-0.97777453676312365,-0.038992527562410784,-0.11606046256670494,-0.063979164132995037,0.99117941644570384,-3.4652818807108741,-21.685407735361551,-0.84012419111215952,0.5939974762252025,0.2259242724566871,0.2777777777777778,True,3
0.41339924510548809,0.91042481729891223,0.015090268137239002,-0.90324249795235356,0.40792991719991845,0.13321476099163848,0.11512625260558236,-0.068701053117901936,0.99097230600127562,-1.8892773756526808,24.584860803578366,-4.8425108237774541,,0.2416247729963398,0.2941176470588235,False,5
0.92961371428135842,-0.35383334347858569,-0.10305487500735611,0.36390299346062494,0.92550719948272786,0.10493347919531765,0.058249064974580891,-0.13504957885311236,0.98912519818331601,-9.0909973188119899,-2.1794146336024776,-2.7802163743704744,0.3512985606960681,0.3009011403274752,0.8057553956834532,True,5
0.25117538605480705,0.96492786172233813,-0.076322651370183181,-0.96218470971080472,0.25749111717626832,0.088875806460764858,0.10541114665419755,0.05111307315426375,0.99311426528560864,4.2897977187977991,1.4835609254566877,-2.2050027036000106,0.3941748985851969,0.3499922168687802,0.9874509803921568,True,5
-0.11031524022774503,-0.9513852884821945,-0.28757013167773277,0.99108487390855515,-0.1270465781340285,0.040124053809393233,-0.074708235711732573,-0.28058011305879804,0.95691874246079756,7.2103749786209228,13.877777204578431,-3.2311913485054475,,0.377008477995417,0.1224489795918367,False,4
0.78683184942717721,-0.52932630960489124,-0.31734728403922907,0.61675272417652127,0.6932360938498523,0.37288040362110575,0.022621183608472643,-0.4891189795375615,0.8719236812406731,6.1913117609195449,27.305519937173703,-4.621290842620323,,0.2228208470454933,0.2222222222222222,False,1
0.93516646065729236,0.34984883700875807,-0.055402907011564931,-0.33718092579917802,0.92716682329276334,0.16331168072864574,0.10850213886795937,-0.13404280297287616,0.98501767132993734,-8.2020836478722075,-4.6693010599252736,-2.4996668338197341,0.1577283897131817,0.1372993102027175,0.2608695652173913,True,5
0.23944413679306911,0.96838550246326693,-0.069971594053500341,-0.96529616645029448,0.24517942660927597,0.089946427410496951,0.10425841161166413,0.046006166831333239,0.99348558933771169,6.9598660143489708,-8.7359018094719332,-1.2664960258714351,0.3443449962390689,0.3415024232704396,0.9333333333333333,True,5
0.6897343304290684,0.6818603326950563,0.24358374355558304,-0.71277743515025149,0.58024607502654901,0.39403403451594593,0.12733766672981783,-0.44539979693896542,0.88623029711161128,10.355416537661384,3.0820156673434189,-2.218949836998537,,0.5202839537065606,0.186046511627907,False,5
0.46005962141604012,0.88749075272548061,0.026557646154900319,-0.87620570052413083,0.44896714337652222,0.17519153671722257,0.14355735826333155,-0.10386851301084615,0.98417611071056221,8.1792270458493821,18.953477379435096,-3.686572083020156,,0.2737671770743527,0.1818181818181818,True,5
-0.85906068967183458,-0.4851658249808864,-0.16318349711649244,0.49562646058058574,-0.8680757149718924,-0.028265962718426907,-0.12794195180984835,-0.10516023652813955,0.98619074302106136,9.3630503036130595,36.526394704618468,-5.3073934674063725,,0.4142351259378656,0.4736842105263158,False,4
-0.15846145711764942,0.98696234784101999,-0.028200896303016899,-0.98200550707945999,-0.15456505682827593,0.10851187618544234,0.10273826294893405,0.044888385489054557,0.99369506498443605,-3.3028080501089199,-23.049525716715522,-0.71926404381967701,,0.2096370902858343,0.2666666666666667,False,2
0.9946193777296215,-0.026425000023492004,-0.10016991972892074,0.050569657874363239,0.96773806427462528,0.24683141748260173,0.090415724004234074,-0.25056886943065976,0.96386733450461448,7.3004173335159077,6.2974121501254059,-2.6178386214294518,,0.3024023439876018,0.4848484848484849,False,2
-0.8225720111028979,-0.46620018954604708,-0.32562658032993075,0.55471803215581605,-0.7838511739128089,-0.27904344098489664,-0.12515267217008966,-0.41016426029426595,0.90338368826647786,-0.76045428465294151,16.180635071466913,-3.9611805284685082,,0.5181508239994388,0.4166666666666667,False,1
0.40341664988553777,-0.90727347430691008,-0.1187848871456185,0.91325547842614152,0.39118316726073282,0.11375482748657373,-0.05674008917659519,-0.15437154035290801,0.98638227366944409,4.7293525841897122,8.4022663776974174,-2.9018484557749109,0.4757995579611736,0.4603034336786798,0.8637532133676092,True,4
0.90439988201365873,-0.38049732452518964,-0.19308712914861204,0.42212567175738697,0.8638629969023065,0.27486476643313251,0.06221551781553461,-0.33009469643140016,0.94189528119149579,-2.832270165253711,2.2749107703292286,-2.7010818545138013,,0.4681446691603036,0.2356164383561644,False,2
0.97741473368408882,0.18387708408279013,-0.10416168358121117,-0.16241578188294215,0.96894859668629396,0.18643961696757094,0.13520929026000561,-0.16531132728543593,0.97692917496536746,-6.8585311311156492,-1.3276508155087554,-2.6529372042114163,0.5462352540391466,0.1823569167865277,0.4968152866242038,True,4
0.20245093588729249,0.97892410359971793,0.0268555012957611,-0.97400022253107577,0.19843399884285906,0.10930468705707772,0.10167194828355011,-0.048286100429827977,0.99364544352475459,12.124585666437849,6.7862239609314488,-2.5203238488099862,,0.6113871905544859,0.3571428571428572,False,1
0.98639259598723239,0.14527025811677044,-0.076981807514860695,-0.12953873425421866,0.97506385158351139,0.1801948991035609,0.10123913724140032,-0.16777078840434195,0.98061388917799974,-3.7431253958613206,-19.503768803005155,-1.0472792833553028,,0.1582872985256495,0.3809523809523809,False,4
0.95650474503224625,0.28448471397940717,-0.064553235727205491,-0.26939528671243868,0.94631155552598223,0.17866342483876851,0.11191448622908565,-0.15350207617504802,0.98179033422723672,-10.93305065056154,-17.255019873913991,-1.7238476439772195,,0.2205088773542481,0.7142857142857143,False,4
0.99541727876231179,0.038461847689965613,-0.087550713382062814,-0.016300545753133128,0.9703949767646507,0.24097278119755178,0.094227030885963084,-0.23844134570624922,0.96657487620370575,-11.032603168478033,-9.3394724333925616,-2.356422298196676,,0.1283261161033133,0.1111111111111111,False,2
-0.62487129033604305,0.78051838022523135,-0.018081168224130098,-0.78071070121206676,-0.62453682583121783,0.021084453837602851,0.0051644483472409602,0.027291231398527592,0.99961418415407677,5.3710581644914885,-30.222895363609318,0.43801049593701669,,0.3454990450837404,0.4210526315789473,False,3
0.21367728234145328,-0.83067500370078173,-0.51412163661713062,0.97492314513351963,0.14782442640559759,0.16635143534343774,-0.062184243133906157,-0.53677460556975143,0.84143100888979661,12.236864313287635,6.0161114682172121,-2.4759685932116526,,0.6217615070482289,0.24,False,1
-0.93563573423873514,-0.3355457649658225,-0.10952083102790609,0.33244970002007729,-0.94200090255019087,0.045951023396494491,-0.11858739297287375,0.0065832520934234369,0.99292179501699462,-8.8448006907585572,6.7763632752552638,-3.603054846184524,0.3474607301870397,0.1330131768147074,0.5555555555555556,True,4
0.33459452140847884,0.94120591387233921,-0.046668339751531659,-0.93580161633097614,0.33769087244936313,0.10119392045335267,0.11100378874508071,0.009813376387429254,0.99377153135321561,-0.21658664878416659,31.704765763154587,-5.4438651519926564,,0.1006743125897239,0.2666666666666667,False,1
0.87723628300278123,0.47425908004359774,-0.074396429885202689,-0.45049501886836751,0.86681164186254378,0.21375643968392993,0.16586362397539961,-0.15399968353136534,0.97404997598377152,-3.5392603229311344,10.040198790902648,-3.5579641370960569,0.2585310731465684,0.2775339984932847,0.2735849056603774,True,3
-0.96953935226636112,-0.22186570093085151,-0.10377405821006827,0.22350834189120233,-0.97469239966523702,-0.0043297967466361248,-0.10018715242969091,-0.027392276015032052,0.99459147276796334,7.5282150678191524,-14.62603097236158,-0.89221052868703055,,0.3676439224879063,0.55,False,2
-0.6342820001326348,-0.74594983911032309,-0.20308909827715371,0.76295054870339785,-0.64639981483111519,-0.0085871776203841343,-0.12487115175623301,-0.16039363116278418,0.97912260649087701,-14.321151059217886,-5.9211394341897998,-2.9140532001494051,,0.15658373219139,0.4,False,1
-0.922568572497943,-0.36597654395192952,-0.12218182481903189,0.37011377067133344,-0.92890556137718494,-0.012257846547571408,-0.10900929225783847,-0.056529879882568038,0.99243203640446187,11.610857477272059,-3.7748272382272114,-1.5872956434872174,0.1865662694078379,0.2124641877660006,0.2666666666666667,True,4
-0.70006034132520845,-0.64732060292802351,-0.30148226403642975,0.699096196307194,-0.70733415807557232,-0.10460830334315457,-0.14553359341555708,-0.28399722858580906,0.94771596343162567,7.1921254018018104,10.573797617779354,-2.9278420191790651,,0.4684596208321852,0.1282051282051282,False,3
-0.49005192962891297,0.87117038728252549,-0.030187126212893454,-0.87169196945748184,-0.48969812694884224,0.018677656334023476,0.0014888419376189316,0.035466897028212596,0.99936974267028655,10.709336655604149,-8.1890892031954685,-1.1828079793653776,0.2788950108059488,0.3409705155301218,0.82,True,4
-0.062304701522495828,0.98804448388036636,0.14101851666278686,-0.99498303654398645,-0.072570823531064643,0.068863869784746359,0.078274396566822099,-0.1360204890654457,0.98760900431116783,-12.000640254889566,12.75312606379255,-4.398414670633036,,0.3871828014132142,0.2352941176470588,False,1
0.85839629429605857,0.50983363740547061,-0.056793169560279647,-0.49902802742160535,0.85555593223161575,0.13782262031681708,0.1188563409604092,-0.089965043173441284,0.98882731617826225,-8.4636131796897001,-0.62667095900349623,-2.8704291897375591,,0.139794389093862,0.3975903614457831,False,4
0.47212188618102052,0.88090983248449728,0.033148025899139899,-0.87188323679740376,0.46107472654548015,0.16501429614640239,0.13007899899890615,-0.10680806885785923,0.98573398564029291,14.411745923530276,3.0943022241469067,-2.0956847968580576,0.4654354203769815,0.3340739308644459,0.2380952380952381,True,4
0.99205459444128563,0.018513207341122426,-0.12443851012399895,0.020652959858657952,0.95172930267155376,0.30624302389669877,0.12410131706397257,-0.3063798224267747,0.94378507485164509,10.019316480142969,-11.751664782966099,-0.9569694685729554,,0.4072852112977083,0.2222222222222222,False,3
-0.93615917976733154,0.34704315001331076,-0.056276479689080991,-0.34974872269911322,-0.93558470775841129,0.048549825735494108,-0.035802529347737852,0.065132991927645711,0.99723411105660542,-7.5110753195335516,-22.513892934810706,-1.062430654665161,,0.1253822707386733,0.2631578947368421,False,3
0.77826085845946413,0.61088208963064627,0.14537231083818047,-0.61658218875832072,0.69958825868236296,0.36111310253129481,0.11889676486740935,-0.37067417077842624,0.92112117466801824,5.5540155238832654,-8.0713495397166035,-1.3645665191988943,,0.2049321226057132,0.3333333333333333,False,3
0.75512083461877078,-0.64087411427225938,-0.13810465155235402,0.65534300176798732,0.74363330410859274,0.13242001002212769,0.017834661711788109,-0.19049902539457678,0.98152536705137794,-11.569791168090699,-20.375132513324651,-1.5050418697827666,0.3564952512197235,0.2268713890470746,0.9285714285714286,True,3
0.9126211432103486,-0.37773449996832964,-0.1563307279427566,0.40390363673951202,0.8921899094087623,0.20213613674397835,0.063122905462537376,-0.24761626174962767,0.96679971334455161,-12.686104170594323,-13.490705201775068,-2.1530544339144222,,0.2523498200375184,0.5714285714285714,False,3
0.90344568388864488,0.42320669664239585,-0.068425055206481927,-0.41135247762653104,0.90071666385233784,0.1396374971461064,0.12072711134411009,-0.098008078114744268,0.98783570557596345,-4.376446653082759,-8.5265269329338249,-1.9009500999615294,,0.115833154756904,0.7184466019417476,False,2
-0.55326516530152314,0.8001772867706487,0.23154689935354744,-0.82027150851184916,-0.57175387915730724,0.015879357426140106,0.14509413905314741,-0.1811458291127202,0.97269413456003306,8.5894459059970103,0.044612563342587203,-1.9981929137755807,,0.2134401153804469,0.2,False,2
-0.25540501050444403,0.96193922566666623,0.097165872265111738,-0.96617451703691559,-0.25765031679289035,0.011095804838172282,0.035708307684743479,-0.091045265556966418,0.99520634864431712,15.136733147767776,-5.7002808068649271,-1.3795121553840055,,0.2122018345341694,0.2727272727272727,False,3
-0.031784554905511533,-0.96019543055870993,-0.27751482339441053,0.99460613261775732,-0.057813294058279049,0.086117733303179719,-0.098733900098219265,-0.27328073141790155,0.95685383356450548,-11.3226980239008,0.7275066964614767,-3.2228270444282949,,0.2175341880242267,0.1904761904761905,False,3
0.86030728911141008,0.50971574023522559,-0.0078251171385304019,-0.49411695889851459,0.83755822000442992,0.23311940938474807,0.1253786234996192,-0.19668780404353053,0.97241663319272464,-3.664263408791455,-20.724552441974158,-0.95519142657652623,0.2525262163336413,0.2303876083466908,0.2272727272727273,True,3
-0.27875481910809174,-0.80721173455375694,-0.52029315431084533,0.95404101158344445,-0.29481706885536052,-0.053746108029987985,-0.11000681361103309,-0.51136299388032358,0.85229477849444735,-12.906023034417839,12.042362265744668,-4.4101008251092484,,0.6443132316500076,0.2962962962962963,False,2
-0.89622361723595567,0.42787314960681649,0.1170802961819043,-0.44100949942744821,-0.83089632789964285,-0.33929620348250494,-0.047894147066747897,-0.35571879361151648,0.93336503606483823,-14.030531704538157,-0.14109874292830071,-3.3795681479226896,,0.7066357623732659,0.1166666666666667,False,1
0.60013312956509968,0.7966736912740674,-0.071772253901852212,-0.79026027969772628,0.60439726508075364,0.10095858702942147,0.12381000416150434,-0.0038698313474231985,0.99229839628756411,-4.1605932676096984,-9.8083276626671552,-1.7895080596271604,,0.2255388594772639,0.7522935779816514,False,2
0.49856907956576718,-0.73601496271302602,-0.45794196964624889,0.86646241572543514,0.40733471085411987,0.28865431829202443,-0.025918237520837467,-0.54070362306529152,0.84081379446812143,12.952110773070816,-2.0182913528300821,-1.7082064973862983,,0.3688041959251162,0.1578947368421053,False,1
0.1005810071760147,0.96530828469237095,0.24096343394741671,-0.99053653313361389,0.074423289138797075,0.11531934166220466,0.093385424575250217,-0.25028202000550415,0.96365869110326885,-10.129834048444048,2.3016344938111053,-3.2838107956372031,,0.1136574400799113,0.24,False,1
0.90724284135227551,0.41679112634728116,-0.056529495073053486,-0.40469583690887018,0.90161937415270044,0.15265576877773807,0.11459365778121822,-0.11561860209610583,0.98666135651786002,-10.113632376276376,-15.417695488245737,-1.8266853091277075,,0.1938521632958239,0.8148148148148148,True,2
0.79266842064458209,0.60849447568732629,-0.03756658050488821,-0.59652267016747318,0.786842332576001,0.15823984214674314,0.12584704561129809,-0.10302240884566957,0.98668581847847825,-7.0073860217030175,-18.89023033491636,-1.310134239695335,,0.1139450966214677,0.3043478260869565,False,1
-0.058562855988289426,-0.85382766032345436,-0.51725111731640405,0.99617776060954299,-0.083620997590277454,0.025246742937663519,-0.064809421887936314,-0.51379553835020841,0.85546121104698192,-15.258156026403219,0.30803092428844514,-3.5222419898671466,,0.3949214640181007,0.2666666666666667,False,2
-0.92384263905096287,0.38106729341862877,-0.036090111636750417,-0.38157115287642845,-0.92430468257728904,0.0080192928771946198,-0.030302368948741693,0.02117951019966394,0.99931636371261168,9.7757192217315971,-13.055320525931574,-0.87757217581026581,,0.2503944461512366,0.4,False,2
0.52571427842145035,-0.71107957435641123,-0.46689435250056144,0.85037729823401165,0.42512590321595178,0.3100426052384474,-0.021976080452079889,-0.56003018253298287,0.82818068471803752,-7.4475806774351323,-25.069875975418135,-0.8077685341784514,,0.237016980511476,0.3333333333333333,False,1
-0.052303866475520842,0.99863022192759854,-0.0014090438409760514,-0.99624987979817081,-0.052081707737064345,0.069091770286486415,0.068923744485050162,0.0050175264848245499,0.99760931324548763,-5.8864567019838381,-21.389417904025233,-1.0417920442565933,,0.1798043427769031,0.8,False,2
0.05054153183266278,0.99637365873116501,0.068447686203990568,-0.99474990298942989,0.044115795581811779,0.092338654325820724,0.088984178720307075,-0.072755266248264283,0.99337228025077129,8.8441408347262023,7.3605965046150832,-2.6581184440623993,,0.2411457837861511,0.1764705882352941,False,1
0.95706215731357813,0.27953136595145417,-0.07677397011743943,-0.26671019481136399,0.95287183753424809,0.14457155051319415,0.11356803697327683,-0.11788755949386245,0.98651144154268022,-9.3331712478578179,-8.2528038974455775,-2.3164231617128945,,0.09267103609398257,0.303030303030303,False,1
