axis_00,axis_01,axis_02,axis_10,axis_11,axis_12,axis_20,axis_21,axis_22,location_x,location_y,location_z,dbh,dbh_approximation,score,reconstructed,number_clusters
0.52520903448043665,0.79582558116186775,0.30135878030763075,-0.84146184039405825,0.432883187394702,0.32334829090571721,0.12687569215879227,-0.42340735756405878,0.89701101905152159,3.8980259114621725,1.1849687706936427,-2.2691549616228874,,0.5301912400003181,0.2980561555075594,False,5
-0.94321056494512934,-0.32957758870530335,-0.041622628450003002,0.33097701419640246,-0.94306684023451259,-0.032850432626160025,-0.028426154321743669,-0.044761008403400568,0.99859321341434448,8.5114354612493415,4.047621212220669,-2.4653995047059829,,0.2593071539717076,0.2592592592592592,False,3
-0.73984418007025532,-0.65242552057478986,-0.16423011087765488,0.66487373708824349,-0.74634245727169324,-0.030263017099514206,-0.10282753982511719,-0.13158220463408515,0.98595771738809834,12.016982757923595,14.95562898657921,-3.6074444510409789,0.5074411983997169,0.4290586652000105,0.9803921568627451,True,2
0.26662072871376624,-0.962551022714769,-0.049080705892373656,0.9551681236810271,0.25708878605190633,0.14683055400707359,-0.12871380082884379,-0.08602839506297083,0.98794325379501613,6.5955367142129759,-2.5677701342345327,-1.8683199569204236,0.4615075101668347,0.4341449238810456,0.8089171974522293,True,5
-0.99026886367280942,-0.13809500672795919,-0.017243745444879697,0.13817190621076628,-0.99040261258087181,-0.0033450451516972568,-0.016616316506559422,-0.0056950952396376672,0.99984572005683259,-5.1260930453822757,7.6425483858858971,-3.2368439988718327,0.2463498807731707,0.2221766150627254,0.1818181818181818,True,5
0.71732799836351668,0.68198183250927102,0.14262300968317604,-0.68703384901974784,0.65831942990612347,0.30757116007387109,0.11586644494805691,-0.3186162399115478,0.94077556228875669,1.8648298474513691,-10.030448946017591,-1.3410797419717844,,0.3201164563415199,0.2692307692307692,False,4
-0.0028551012386796946,-0.99726995174761057,-0.073786799213921145,0.99173325201594154,-0.012289598076801717,0.12772674984119761,-0.12828485975672305,-0.072812149538585252,0.98906086043113084,-4.5900362920846209,-11.500823544675823,-1.4889505340316784,0.5409786255295675,0.4051607297665415,0.890625,True,5
-0.69588728415377177,-0.7156178707363412,-0.060265668799680469,0.71074138517508112,-0.69830172382988998,0.084978737903142393,-0.10289592388668649,0.016302318209045367,0.99455852681906898,3.8263535396552095,-14.43464486761075,-0.83679390465403403,0.2358711081239333,0.3733704282465162,0.883495145631068,True,5
-0.97697560889747548,-0.21245228546365713,-0.019562362349072829,0.21185563565464627,-0.97687827691732743,0.028740593737775919,-0.025216051649167629,0.023934462356669212,0.99939546339320795,7.535262339368737,-15.863525738443339,-0.59566180319633311,0.4798096197866086,0.4261343198340336,1.0,True,5
-0.77760248352551842,-0.62372232925872539,-0.079402982305541492,0.62848979166633623,-0.77472600308841144,-0.069283489446318375,-0.018301895698241973,-0.10377897726766688,0.99443198082680662,4.2913412577032535,-4.3138972852784212,-1.8102885231456629,,0.2536609411707878,0.1006711409395973,False,4
-0.99185529044024756,0.10425964613409829,0.073164260494345101,-0.10914689208445408,-0.99181094866800912,-0.066317403828618809,0.065650885553785926,-0.073762919480293093,0.99511255289828771,12.753273505741813,21.975025122044848,-4.4004427868410803,,0.3764664975269293,0.972972972972973,False,2
-0.51662110319565002,-0.85077389478987131,-0.096366050437808964,0.84777212574584992,-0.5240429916979259,0.081617189737522911,-0.11993772776433896,-0.039531288827465337,0.99199406180801675,5.8111970962917781,20.46717390563159,-4.2191734207614147,0.6108515986791755,0.5186726359138165,0.71875,True,5
-0.92424879694467066,0.37664923627857083,0.062446090006486779,-0.37972385173288814,-0.92386213644966086,-0.047838784054445249,0.039673136647718439,-0.067927208432538716,0.99690116690828223,10.754927262948776,-0.084010067899314533,-1.9285650439985145,,0.1695291920568394,0.3333333333333333,False,3
0.97592843597844747,0.21372758458939048,0.043407458279038004,-0.21471895878099531,0.90675053808732231,0.36290388592347295,0.038202834825006846,-0.36348862604480059,0.93081499888398722,5.7950098265062886,22.384813771224589,-4.4307759614825164,,0.3415342328094618,0.7105263157894737,False,2
-0.065553472859358267,0.95780550162067368,0.27984167534741405,-0.99495505939650486,-0.084083755597903931,0.054720670919224612,0.075941898694827634,-0.27484276070095448,0.95848541194579673,0.77973984629471582,-15.395881379040228,-0.80793974970182136,,0.4977757760763225,0.2258064516129032,False,5
-0.12375970866105877,0.9822260541918818,0.14112233338056526,-0.98333843521513919,-0.14047674718596817,0.11537679718509586,0.13315050259300931,-0.12449201567448079,0.98324599246197486,-8.0927076515240675,1.5605979207321945,-2.8977932009071625,,0.1235108134429058,0.2631578947368421,False,2
-0.75913660386308235,0.6357317553876749,0.13984545708363544,-0.64587118273987842,-0.76238288670979171,-0.040283363293495134,0.081006370005179185,-0.12090272637021321,0.98935357621774112,7.5373996609064022,-2.5858081509609825,-1.835033771364549,,0.2601808061275902,0.125,False,1
0.96789644571538858,-0.23594433389897143,-0.086641454699744519,0.25095669859553504,0.88789695537335456,0.38556417373604224,-0.014042998310436219,-0.39492944678726855,0.91860411835499378,-2.8980584741212079,-6.9072205132152353,-1.8616668694520146,0.5967017864505818,0.4992563936798455,0.4744027303754266,True,2
-0.70072458728389442,-0.70797443790691561,-0.088075240823988321,0.71124093585028192,-0.70289656732537376,-0.0085291742286428274,-0.055869347111203442,-0.068619318800130613,0.99607730881733025,1.9417746194230809,-19.533070628267417,-0.32319255393549229,0.2767032029140684,0.4177492351003345,0.8108108108108109,True,4
-0.28730424366101437,-0.93285721725318649,-0.21733311711060704,0.93628461631356774,-0.32137891674973457,0.14172758772843802,-0.2020578848472078,-0.16276671676791754,0.96575338833662128,9.4157611138180748,-5.8650611998205333,-1.4875313210151297,,0.3384544164957974,0.9215686274509803,False,5
-0.95076867673329057,0.30989287635328389,-0.0023083605253394687,-0.30948215560289988,-0.9498432348435133,-0.044929106216260756,-0.016115790585912806,-0.042002790472753078,0.99898751087603332,11.387840996493679,29.719560666738115,-5.2876379792237191,,0.2845959497157831,0.7333333333333333,True,5
-0.97131997247997925,-0.22986129866755162,-0.060838264573846938,0.23633658194880491,-0.96141514393869876,-0.14080462008785552,-0.026125296060460049,-0.15114464720986989,0.98816636480177578,-0.80453024155633512,11.46815349063716,-3.3638015778759613,,0.2933299684646,0.5094339622641509,False,4
-0.43143754644735532,-0.89786042523465837,-0.087796926557391922,0.89325897621360828,-0.43878531050213826,0.097754041867120084,-0.12629348727983766,-0.036250628752894927,0.99133034200800974,12.666027197084439,1.3308252795772433,-2.0630467290310093,,0.2676482503587679,0.6,False,2
0.71356842097920259,-0.67607695722853411,-0.18368466589744253,0.69588371831610685,0.65365930451533993,0.29744808656818184,-0.081030606339811143,-0.34007272975810676,0.93690158464540652,3.1061332915532738,-9.1695474632432106,-1.3931905075579829,,0.1919937697889591,0.2456140350877193,False,5
0.84836659275251192,-0.52826766901551681,-0.034747577964611455,0.52041802533107029,0.82011508677031186,0.23785777969668026,-0.097155561920066053,-0.21987386003033071,0.97067825898356253,-5.8897985071425607,-28.416468828161026,0.48890701843757939,0.4698808837722984,0.3584082453797128,0.9333333333333333,True,3
-0.67047278334846883,-0.74084569691114899,-0.04017337622343882,0.73427350185420492,-0.67033749865921988,0.10719170847627471,-0.10634223649951831,0.042370877493074721,0.99342641271346643,6.3027462216287997,-9.301742633824869,-1.2468473518886873,0.5276717217666105,0.5120341742803782,0.9837133550488599,True,5
-0.97959099297575336,0.20018837893467586,0.018058223065536984,-0.19729717555030959,-0.97481877718832877,0.10393351798588288,0.038409777409512673,0.098249501680966383,0.99442029565913137,-6.67016809288367,2.8713322758939128,-2.9861549430824565,0.3079299952159384,0.1422392108300697,0.2857142857142857,True,4
0.71370150005850808,0.68146050105210698,0.16199306874075445,-0.69870767104162856,0.67632375630355002,0.23322471371413411,0.04937366951948171,-0.27963862781323262,0.95883495899602766,1.882259972408141,-11.426060923705675,-1.1958365050694804,,0.2269888413478058,0.4074074074074074,False,5
0.97326235255615867,0.20976941423659839,0.09357983729247496,-0.2260939028181323,0.8030180481057585,0.55140145223320125,0.040520861359510607,-0.55781610524190939,0.82897482020109092,10.876424297666141,-12.419696657395416,-0.92995361699637358,,0.6888217866054672,0.4545454545454545,False,1
-0.26180132300135817,0.95393221839080777,0.14653801551383222,-0.95690203318192513,-0.2763361692911312,0.089313047388400624,0.12569234728907702,-0.11684025101606425,0.98516485400945308,3.1968333369258715,-5.1887072991547099,-1.7628269503159175,,0.3683478739237267,0.1129032258064516,False,3
-0.28294794699402837,0.94094953675019688,0.18588821528395227,-0.94783918288074231,-0.30397099147383799,0.095929764611290741,0.14676969267471479,-0.14904900412951588,0.97787680802858212,12.043426031724152,-1.5321150406939519,-1.741177145574055,,0.3688928812814472,0.2941176470588235,False,2
0.2076054838153146,0.96737911277647926,0.14518131854201935,-0.97370591682317198,0.19013041114714682,0.12548790499710247,0.093790994414997164,-0.16741588610644778,0.98141488191581749,-1.2835311437814538,7.9435563128334472,-3.1348646909094677,0.521898957663277,0.4193610041835318,1.0,True,3
0.11359918531079079,-0.96202641169196723,-0.24819429546990515,0.99349826885558212,0.1081057695068281,0.035697792372898857,-0.0075109838028455979,-0.25063584302013658,0.96805230195268877,6.0427273872028593,-30.210305266883317,0.66488006543020195,,0.337669074590796,0.1379310344827586,False,2
0.066771679188368072,0.99721002518178326,0.033372271953097513,-0.98783376693082114,0.061361762766318884,0.14289570665864365,0.14044924980087578,-0.042507643396874226,0.98917496353436618,-5.2371202893485158,-23.513447996712657,-0.077280290722707104,0.3554287987422817,0.3375265423000359,0.9318181818181818,True,5
-0.84793055646473625,-0.52869514459923495,-0.038668016377846608,0.52414898017068956,-0.84707233541220406,0.087956268482361058,-0.07925665902263089,0.054313006329138297,0.99537353759483804,11.110962233704525,21.900140566818337,-4.3812851970966493,,0.2994121871577594,0.5306122448979592,True,5
0.66642446701736224,-0.74300115300306624,-0.061868541252718207,0.73896034733919491,0.64720913746717668,0.18723764963097106,-0.099075904340871448,-0.17049814959438145,0.98036439458189784,-7.7602406941440485,-21.420082949557905,-0.35314931098454216,0.4365695272736075,0.426995903408699,0.9714285714285714,True,4
0.21334029973909183,-0.9505037305234102,-0.22589505255386672,0.96822106178554412,0.17481047607282152,0.17885545272668285,-0.13051395336172902,-0.2568734235304877,0.9575918505614065,6.307116544628169,-21.014001505777237,-0.15421315723257489,,0.6862997267198852,0.5555555555555556,False,1
0.41201049354211,-0.90317069495749902,-0.12054065281544954,0.89416132768015311,0.37531377228324875,0.24416202082998811,-0.17527941491359603,-0.20838010486729716,0.96221352027657669,7.3729559985868161,-5.5283679851526735,-1.5976829626140532,,0.2602164749935865,0.4242424242424243,False,2
-0.96742309485630662,0.25300361406012489,0.0090402882233368079,-0.25229901348277567,-0.96644988615404093,0.048164565278424845,0.020922794609319853,0.044314657003714515,0.99879850212161392,8.4675395686976422,-23.44963089943812,0.094018453693193296,0.2724014151457411,0.3538131197166655,0.6785714285714286,True,4
-0.31191506326876678,0.93986514372242858,0.13914921818558118,-0.94779542089999602,-0.31801665643626886,0.023436005421036271,0.066278453716421243,-0.12457494870443872,0.98999406499647558,6.0375915023033988,-6.6690239326366143,-1.5457332518129665,,0.4126579482461132,0.2921348314606741,False,4
0.29982993633010491,-0.94574771255697843,-0.12515300025779036,0.94743626471719744,0.27984174441413417,0.15509069082952051,-0.11165363218009806,-0.16507532303919861,0.97994061256001352,-11.071167089457257,2.3798762193411629,-3.0013593346099636,,0.1907044162034947,0.3181818181818182,False,3
0.23161590068232249,-0.87909732095574589,-0.41658369487960722,0.96362012017193577,0.14861392431929121,0.22214897140937545,-0.13338042791556792,-0.45288166422019044,0.88153721399735041,-6.9414152119510133,3.9456364003980631,-3.0185737449812442,,0.5802876758791805,0.2666666666666667,False,2
-0.98466962223484655,-0.17080772453433413,-0.035361791347258316,0.17125610553025403,-0.98517536169520659,-0.010042560795378019,-0.033122218622769442,-0.015944527215360271,0.99932411693373235,-6.2375922785547928,-8.4329472989609542,-1.8584629809781776,,0.1223239057398522,0.1923076923076923,False,1
0.6523772249742088,-0.70992675381950288,-0.26534498402316686,0.75171920579489404,0.56150694595128836,0.34587307684691515,-0.096551499077151992,-0.42510463871823556,0.89997991875718808,18.800671641522133,10.06327813500417,-2.9419116002558647,,0.2894677222284223,0.3846153846153846,False,1
0.99325992352814829,-0.10219919354651534,-0.054681341893729654,0.11574754169354755,0.84973274166119739,0.51435082807442389,-0.0061017132641162583,-0.51721329506054547,0.85583478341783714,-8.6415371182126997,2.4782155239565835,-2.9607051115423335,,0.2715346434235626,0.5294117647058824,False,1
-0.71357473640136371,-0.69202965652361437,-0.10911484803422952,0.69229818109723695,-0.72041129354486544,0.041602843442146958,-0.10739797027496535,-0.045853272782021261,0.99315817136848672,-6.5173942023649438,-9.4932204255550872,-1.7634778606847106,0.2393954569848752,0.24262103581441,0.2285714285714286,True,3
-0.98052330349600103,-0.16564344655728611,-0.1055286686825606,0.17656038340650243,-0.97875819324837721,-0.10420571078651353,-0.086026056010019669,-0.12080830998651181,0.98894128740060472,-13.747405107902784,-26.607215657674679,0.26735828600281875,,0.2740130835245841,0.4117647058823529,False,3
-0.87916603135275362,0.47178292707629443,0.066992231152376708,-0.47319250447889838,-0.88093851158776526,-0.006016020821231316,0.056177780486925802,-0.036989302789559912,0.99773535993203433,-5.5729600550603315,5.3810864451710021,-3.0817202957800114,,0.2314955570736609,0.25,False,1
0.98564815115071136,0.1662634363577927,0.029226560928089076,-0.16456276165982364,0.90772116178147932,0.38595516569800481,0.037640664288469385,-0.38522559907745013,0.92205445512038142,-5.2403214492790635,-18.380101690903793,-0.66379808845746147,0.8108796893793381,0.3749412058572508,0.3265306122448979,True,3
-0.57668057170952136,0.80864914926816733,0.11630164057590928,-0.81015543279071722,-0.58439445322232231,0.046165980577348317,0.10529811457222103,-0.067599381882170323,0.99214042888931997,-8.4846138461124809,-1.572590247295246,-2.6163704568974953,,0.2415323768948118,0.2352941176470588,False,1
-0.84299570444781535,-0.49714914025175222,-0.2054287580390699,0.50234155659472057,-0.86415240448598141,0.029892847624302499,-0.19238295870612979,-0.077995859941666593,0.97821543794372612,12.55444253816464,-12.609413902130335,-0.83591287184396401,,0.3448394158219592,0.4444444444444444,False,2
0.67330614368041697,-0.73821004674209756,-0.041288785053993443,0.73338518636515082,0.65973220083855888,0.16401094962490631,-0.093834989755196649,-0.14071016333492251,0.98559405671498512,11.553443318658902,-12.05778057025098,-0.93920808596354133,,0.246135383728929,0.25,False,1
0.98114347314120087,-0.16689258188979353,-0.097490262193619157,0.19255453839373202,0.80032004143185731,0.56781210010573724,-0.016740216736912429,-0.57587732842391837,0.81736470914208958,-6.1422869028408638,-3.8967605997944914,-2.3423473740898411,,0.3879347211789038,0.1176470588235294,False,1
-0.62851367471077901,-0.76865283895645398,-0.1189259175526385,0.76975117296468065,-0.63663469978303722,0.046683945330925777,-0.11159611292985024,-0.0622018665021071,0.99180503899839245,-8.3283283623581355,-0.036459782747265912,-2.7548234028570091,,0.09151462667109177,0.3125,False,1
-0.95597256647118034,0.29286466115858467,0.018621020352641515,-0.29201275402267263,-0.95563939301896184,0.038495480233992727,0.029068946362057334,0.031363047600943543,0.99908525942613258,12.125245908335629,-11.020046531705606,-1.0329058333608938,,0.4051010864468902,0.8928571428571429,False,2
0.98299743111125337,0.18010702170066059,0.035742288158335127,-0.18024094516915845,0.90928686699514572,0.37511410956491631,0.035060691852902136,-0.37517842987606487,0.92628931422235816,7.7288609442016591,-20.791061049876959,-0.15430370551282752,,0.1994463717695018,0.2307692307692308,False,2
-0.22818728204188737,0.96194604954330054,0.15030090512826103,-0.9649412139025848,-0.24400580791389445,0.096693430058585481,0.12968815684765864,-0.12296732684874542,0.98390041086541469,12.44131089778107,-6.5106493020893383,-1.3634135457583008,,0.2391533534432949,0.3571428571428572,False,2
0.8237246408571568,0.56003745054706189,0.088519884938328922,-0.56255002632632833,0.78775256191475707,0.25096487618187496,0.070817963293188235,-0.25652281610313632,0.96394027869651822,-2.9707486879655716,-2.0921707064889157,-2.3069260793063271,,0.3611445809764142,0.3471849865951743,False,2
0.65272668255347466,-0.75585663555871285,-0.051270111805996527,0.74913619049034652,0.63387652009411899,0.19234220902075114,-0.11288421492993413,-0.16395518825348027,0.97998767862887937,-8.7777260101866155,-14.388989530483249,-1.2997176815394043,,0.1766116841840098,0.64,True,2
0.012896427951926052,-0.91482776936732246,-0.40363824712295138,0.99068540480548162,-0.043035642043127306,0.12919118475861169,-0.13555851449274117,-0.40154462505223976,0.90575151296598821,6.094886265227685,3.8853299575329645,-2.482399354904623,,0.3920112586007408,0.4031007751937984,False,1
0.49101413501639252,-0.81161245305979313,-0.31652858520577454,0.86372922298642829,0.40622849399392436,0.29824526823855818,-0.11347664329440284,-0.41983763135966462,0.90047732604488273,-10.725613930661329,0.1314513885468494,-2.8820998794394144,,0.6046450532261274,0.3611111111111111,False,1
-0.99035240668135571,-0.13495179851652719,-0.031466214541959608,0.1356507911795507,-0.99052895777401617,-0.021242567252627215,-0.02830147403949056,-0.025306044500772191,0.99927905545894269,-2.0085921433764273,2.6009152198037451,-2.6644018814304049,,0.637640975133737,0.3197879858657244,False,1
-0.99362386365200817,-0.1087136729539166,-0.029882350880127518,0.10998043691536741,-0.99293064863238345,-0.044643370195119464,-0.024817757295112673,-0.047645191985576277,0.99855596468275032,-5.4848671518485279,0.90166171881322721,-2.6832550939528788,,0.4835096497846209,0.3830985915492958,False,1
-0.40357536934033439,-0.83872654476541431,-0.3656018385726223,0.90594287224582137,-0.42223462305835846,-0.031391644075408273,-0.12804074932928103,-0.343883274086768,0.93024182894264706,-7.0191933964722653,6.014155094659392,-3.0906825293279461,,0.4318148795016606,0.28,False,1
-0.62064866375229555,0.78353553577804302,0.029449963590887779,-0.77763271612586349,-0.61991395046503406,0.10485252896114382,0.10041212572793129,0.042175326813792935,0.99405163186574363,-9.8689463992110582,-16.463403521279801,-1.0678379724574882,,0.212713192719455,0.5333333333333333,False,1
-0.052604321078779749,-0.94921493024296566,-0.31019961574393173,0.98930946619642413,-0.091844365452090737,0.11327573715871177,-0.13601310781681089,-0.30092462301803258,0.94389872643386263,-10.014148052920701,5.1820935381862787,-3.1236977184411385,,0.5076938775774109,0.1739130434782609,False,1
