axis_00,axis_01,axis_02,axis_10,axis_11,axis_12,axis_20,axis_21,axis_22,location_x,location_y,location_z,dbh,dbh_approximation,score,reconstructed,number_clusters
-0.97543250655428282,-0.18095848371168419,-0.12564017004922107,0.20053634965763129,-0.96545760075414788,-0.16636343832716638,-0.091195381589317753,-0.18747172671849152,0.9780274812386236,10.78829792458221,-11.09024241950244,-1.5354030991641061,,0.4615382589023035,0.3529411764705883,False,5
-0.88491272870770199,0.46564448435630501,-0.010231166093856506,-0.46572215847774989,-0.88436508070339959,0.03164293183786232,0.0056862706508798277,0.032766113913929751,0.99944687107672958,1.8078347153419545,20.569257971099638,-5.2416123060442779,0.6005999332196099,0.317529308672566,0.6458333333333334,True,5
-0.95584070543253807,0.28863838458147217,0.055284977927337733,-0.29388525773509516,-0.93875415270601592,-0.17992247236848163,-3.3529162794372624e-05,-0.18822466289891054,0.98212599759521024,8.2547058887205349,-2.9571648006486759,-2.4974076077141363,,0.5102781022395495,0.1935483870967742,False,2
0.79533406034072718,0.60612791831280788,0.007258037180553123,-0.59541940344764643,0.77892563704002704,0.19685168518414278,0.11366383092251015,-0.16088442623066468,0.98040641314530819,3.9496016797268152,22.268901269395545,-5.3781504931690929,,0.1092266977433162,0.25,False,3
-0.86649760119449737,0.49909543839637621,0.0092547553241757487,-0.49891309044785781,-0.86649089404000357,0.01671103603977786,0.016359563073297119,0.0098627540618189541,0.99981752874130325,12.653673552177779,-3.1992282733951338,-2.5342171751650495,,0.5014134059865807,0.3333333333333333,False,5
-0.98678576122238137,0.15782789159501123,-0.036663579795748316,-0.15982060543661933,-0.98532599844723989,0.059917033152708965,-0.026668999355775311,0.064984870690212804,0.99752981461946233,-5.3572950708754989,4.5242483695546793,-3.1345273443433199,0.6279432431594819,0.6513008645793406,0.8187203791469194,True,5
-0.51771603753108975,0.85553259604412235,0.0058379439112523739,-0.85135420875675438,-0.5158387078112211,0.095427662424528381,0.084652913211933759,0.044434273141950725,0.99541924818393923,9.5036053157996037,-8.7544286960844726,-1.7947822538119569,0.4630391484998271,0.4350615556167083,0.850828729281768,True,5
0.96784734795964922,-0.23343452257093741,-0.093700772246291059,0.25103479995419403,0.91994891279018187,0.30112377366810394,0.015907239214603065,-0.31496400036867733,0.94897030417833872,10.258805958465604,-12.990401736482832,-1.2629336776866524,,0.335360711042366,0.3888888888888889,False,1
-0.10260397554154993,0.98238464440201578,0.1561820560954216,-0.98666043988314922,-0.12045947062634102,0.10950201964352883,0.12638671042739866,-0.14286331362370847,0.98163968595803752,-21.494787803762858,-20.492246653506168,-0.20905673267576586,,0.3485923222781785,0.1666666666666667,False,3
-0.30304028443140829,0.95288094599162165,0.013582664607688553,-0.94656170410736817,-0.30262056746631438,0.1115425141536773,0.11039713007632314,0.020945045057952198,0.99366683488905561,-1.2515971179596768,11.357303432686765,-4.1278910989509647,,0.1572027632338083,0.3703703703703703,False,5
0.98608356312554257,-0.11774347687860243,-0.11736984359780245,0.16382371609901886,0.80836347102302153,0.56542929598590952,0.028301882925747288,-0.57678849881750516,0.81640310573558383,12.081590175641503,4.9709925021245702,-3.5895624973076741,,0.2654739110814892,0.2941176470588235,False,1
-0.91481102875993581,0.40316319680745022,-0.024087722997113231,-0.40383001239859745,-0.91210656882657815,0.070589858971074254,0.0064886628312233706,0.074303726981925403,0.99721454733234771,16.288912401693661,5.8674380760304636,-3.7631899145139318,0.5698402386578728,0.5156186008224269,0.8974358974358975,True,3
0.9556095685175614,-0.24099661439522402,-0.16950216638060966,0.29463328874301531,0.77917835218668141,0.55323803253945147,-0.001256074104166411,-0.57862053829231452,0.8155959140065363,-10.973664609146063,-2.8747995702275606,-2.1670015176852857,,0.4275303738308739,0.24,False,3
0.36915334430717439,0.92845721049238683,0.041146283811860584,-0.91763299028393619,0.3571209223898521,0.17439708120832945,0.14722602870889334,-0.10213645321881377,0.98381534923708691,10.399946965858076,1.8853077601226365,-3.1476159716952199,0.2290517524886534,0.2193246167478368,0.3620689655172414,True,5
0.044202849467518207,0.99887746753851148,0.017026830086717702,-0.99021979328677368,0.041549448468767375,0.13318560100491719,0.13232864044511178,-0.022747487241259915,0.99094484344092415,4.7001498378270972,23.198982387060475,-5.4826349875918483,0.2207701266323069,0.1820904593354608,0.5757575757575758,True,5
0.88334251470653302,-0.42525532543864053,-0.19713931596212622,0.46718014530046587,0.76461676773246368,0.44396386152410694,-0.038061969851479846,-0.48427172815314812,0.87408934312379616,-2.3608679965096813,7.1403847261417273,-3.5942356538208617,,0.603874098152471,0.2284263959390863,False,5
-0.72437110817305306,0.68679208481582887,0.060026076653994259,-0.6857467998260498,-0.72674964047337343,0.039828213619934189,0.070977631493842244,-0.012312282735164853,0.99740191674238055,-9.7499510476623374,-6.5089357108059538,-1.7580718318677966,0.2762257209111154,0.2733321068906006,0.8585858585858586,True,4
0.5364906569636253,0.84390190599887616,0.0027107272460526709,-0.83294867417600982,0.52900599162575268,0.16232426501445288,0.13555176568073835,-0.089343348244393786,0.98673374572136541,0.83868984506137678,16.106637247491513,-4.7072264878390619,0.4539438993166742,0.2909939045889546,0.7733333333333333,True,5
-0.42855097121335556,-0.88520677065464448,-0.18097800490464561,0.89274476814022108,-0.44569889221170855,0.066024816845785622,-0.1391073112038079,-0.13327216764363228,0.98126840635027857,-20.452266057467373,-25.473530156521566,0.4396056238118744,,0.2502352328731049,0.4705882352941176,False,1
0.27986956325843776,0.95990297870803554,-0.016102764637536432,-0.95011537266694623,0.2793432660062114,0.1387375881256887,0.1376728229661959,-0.02352894397170446,0.99019825419564089,2.8961929348143856,-3.8615686036972003,-2.2780876066516185,,0.3163739237610981,0.8767772511848341,False,5
-0.68249900900427241,0.73088317043485207,0.0022122123054245171,-0.7301315161087818,-0.68192840771621877,0.043377597147763874,0.033212526144171819,0.027989961141821285,0.99905629980617305,4.9974044708986893,2.8310572239114995,-3.1235807962893327,0.4228415314464654,0.298612848475407,0.4499205087440382,True,2
0.35063580717434628,0.9360083134099727,0.030707783290468457,-0.92166007423237661,0.33907323417484303,0.18860553924045689,0.16612416528959895,-0.094433993316135306,0.98157270877566893,-8.7188222438872884,13.41418931160905,-4.4481955868378034,0.2372388210990466,0.2451659271922842,0.6666666666666666,True,6
0.78261362234960652,0.59323631500629093,0.18864408994342863,-0.61866743757094844,0.70760378026226789,0.34139052688665128,0.069039986980187748,-0.38388483262080725,0.92079634853830239,9.621273588799637,-3.3189473170982691,-2.450364573461572,0.4851389075468567,0.378969847974788,0.5384615384615384,True,3
-0.4335946159830536,-0.89658791093032497,-0.090143368941396018,0.88786590616834715,-0.44216655419571338,0.12721191380743238,-0.15391504687446431,-0.024876823034417232,0.98777087526477847,11.224258306237278,16.84498372875214,-4.7829964353170551,0.5378024190881183,0.3192191936616004,0.2894736842105263,True,5
0.15373493307596572,0.98810328975227035,-0.0041784127211648165,-0.97870391895770437,0.15285194965949997,0.13702160596825849,0.1360301781552877,-0.016975578518264867,0.99055924626698166,-2.6322672034570807,14.079109251377316,-4.4984052308110645,,0.1446742878517257,0.4848484848484849,False,2
-0.7072916237152328,0.70651092055671516,0.02410141399113885,-0.70457562469426771,-0.70730972837292061,0.057324839604726438,0.057547789783377032,0.023564110064420368,0.99806461945503322,-4.2396498119251325,16.548730519926025,-4.8231078446302815,,0.141811358813082,0.3888888888888889,False,4
-0.74770222440339584,0.64472012738963125,0.15898849317140126,-0.66224950452583931,-0.74154564074366858,-0.10740417333299486,0.048651591726230653,-0.1855963901393583,0.98142091000230114,-20.064077818358939,-15.250818094815155,-0.79807465078776152,,0.3634764566790937,0.1052631578947368,False,2
-0.73213653361899411,0.68112588325174894,0.0066050968871464687,-0.68025988624902967,-0.73163468920355634,0.044239899575755692,0.034965458681692069,0.027896464265932053,0.99899910109100665,5.4647748203987287,-13.052482396233867,-1.1913113397155117,0.3496756173094001,0.3498304908022118,0.75,True,5
0.1348195730801936,-0.98517297225369804,-0.10610323960788842,0.98324386767354077,0.11975288677540352,0.1374435985826005,-0.12269954929359768,-0.12285544696826427,0.98481031663634444,-5.6718771064853106,12.686892992018631,-4.2858572543451681,,0.0809643361388727,0.28,False,3
-0.68042770985623213,0.73281294092349725,0.0018235336179859007,-0.73054388620519761,-0.67851242571530346,0.076983884535273536,0.057652077048521835,0.05104979691426359,0.99703066966217346,-4.5809944388484443,13.920337846957841,-4.478590018470066,,0.09918919808483462,0.1818181818181818,False,3
-0.23251879095286437,0.95990127511642265,0.15660317328739951,-0.96593032346548013,-0.246726240925565,0.078133041977213449,0.11363811888486718,-0.13310035337520745,0.9845662364044907,2.8063731500936511,-11.217808085400673,-1.4423313743994568,,0.4350015086627348,0.6111111111111112,False,4
-0.44488544274579839,0.89428957033913659,0.0481986225479311,-0.89057049020585899,-0.44744064066888017,0.081737843452827072,0.094663323454080128,-0.0065602942361604518,0.99548772856934997,11.239088364247978,3.1581960541589615,-3.2995943192294415,,0.2494426488815454,0.45,False,1
0.73135699925881958,0.68198050884371675,0.0044187319899733242,-0.67125688911759585,0.7186815430779947,0.18141396983473826,0.12054513033425139,-0.13564448089139816,0.9833968915734892,14.792429041788145,-2.5680261903864601,-2.6615904115791325,,0.2353664554996072,0.3809523809523809,False,2
-0.86576278745139845,0.49601683778705769,0.066498815749695545,-0.50012846728766469,-0.86232275695689142,-0.079189513464580835,0.018064110077048879,-0.10181728471135561,0.99463909457708866,-18.344770786462526,-24.971080377269494,0.4333078695490456,0.552295542272493,0.5736616286288632,0.6981132075471698,True,5
-0.12119732024666065,0.93571064211568011,0.33129564409525569,-0.98466211908981871,-0.15553031725169464,0.079062201114914785,0.12550585960255553,-0.31663214405213086,0.94020868138853886,-4.0735521807060753,-12.810748122271216,-1.0113135367317603,,0.6110531889667201,0.2857142857142857,False,2
0.91526786152702311,-0.38787506933758575,-0.10880106728389446,0.39946529281705873,0.83894367725286578,0.36959570645777623,-0.052078992792997013,-0.38174132208054745,0.92280081357022237,10.112693352431567,18.256421600382783,-4.9129805248158434,,0.3834276240956262,0.65625,False,5
0.8212718119314667,0.55973109667158283,0.11051565656337764,-0.56466926366692016,0.76972041084982246,0.29779038230110932,0.08161638068834888,-0.30697164126350457,0.94821262270828632,6.0962813094145174,26.369816605737373,-5.772436646037689,0.3959458254544465,0.3349026150593669,0.4545454545454545,True,5
-0.6692989501094152,0.74240687380095383,-0.02951184703689113,-0.74018195986523661,-0.66278833054954855,0.11332385087614893,0.064572298027032529,0.09769167119277157,0.99311970864899834,-4.114025013770112,11.823477728333842,-4.148246848756691,0.160989921120416,0.1518841745883435,0.4,True,4
-0.34004048700610151,0.9403974967441735,-0.0050015311602437142,-0.93438956545333351,-0.3372576281648364,0.11477557325738276,0.10624785724232383,0.043701720354266296,0.99337885646388413,10.722537999650488,-0.67254925626453843,-2.8515228533568382,0.3801557637225984,0.3117486104909724,0.9813084112149533,True,5
0.6619396061349595,-0.74117625324712433,-0.11177530788348897,0.74725024667209816,0.64083327804360968,0.17592549161610904,-0.058762459771376126,-0.19997617701725323,0.97803706573277738,13.292893681160496,-4.9583742813386467,-2.339253845856506,,0.2098785087292813,0.2777777777777778,False,5
-0.52600913628912549,0.84956949238326318,0.039320047711222078,-0.84582939174363858,-0.52740181689028243,0.08012467537167034,0.08880894438599482,0.0088882592487850524,0.99600902116626044,5.0798562628093578,-9.7242049369477588,-1.6391150314340124,0.454942324048876,0.3360904430558613,0.4642857142857143,True,5
-0.64870118830852064,0.76087363355603643,-0.016064932192471484,-0.75807093640396217,-0.64415988614450792,0.10191416222447013,0.067195414030530226,0.078290196330894068,0.99466347147753298,9.8808037797579225,7.5333046121075826,-3.8549912916093922,0.3647086377131246,0.3715668633632593,0.9478527607361963,True,5
0.81129083396681712,0.58452406470892637,0.011781362297301031,-0.57181658162681281,0.78913331743744486,0.22426413954709423,0.12179072090291584,-0.1886802191177625,0.97445717977529456,-15.560114115788709,-13.102009315235067,-0.89975514005380997,,0.2230886431021194,0.2083333333333333,False,5
0.91018698780876839,0.41406933169198984,-0.010307074063544377,-0.39520725590485595,0.87563586020649897,0.2776203616462235,0.12397932127478396,-0.24861301026409549,0.9606355703510413,5.1860211337328366,24.306924735692505,-5.5769420749430125,,0.194142451624849,0.2,False,4
0.28517290971258236,-0.87706687889290391,-0.38656189868521651,0.95665270269993641,0.23558965168192128,0.17121075444404305,-0.059093298968383931,-0.41863015415692567,0.90623218660980143,12.732508797867183,21.351289415150706,-5.1895415000482901,,0.4465678478566919,0.1666666666666667,False,5
-0.74017259274368052,0.67186559044145722,-0.027224278353168763,-0.67049649299409864,-0.7343957127773183,0.10534414998902716,0.050783716225907639,0.096226635787852149,0.99406310098063677,-2.3947277963875471,-12.250150189970489,-1.2123326032291297,,0.3091600787947388,0.6203703703703703,False,1
0.094143692272951274,0.99178928915443498,0.086550396439054017,-0.98135590755090807,0.077816894536329118,0.17574161043889486,0.16756356382027177,-0.10148170693905095,0.980624247730285,9.7073622547769407,-14.815148448391078,-0.99433585216933851,0.4959286518567279,0.3820190737818123,0.4230769230769231,True,5
0.99556034946379179,0.083952551859077337,-0.042562420183545474,-0.073018427307193962,0.97418844578049724,0.21360051821417164,0.059396126549765699,-0.20954436557475742,0.97599347282999604,-15.845190094503224,-16.133907994392402,-0.55331878138861157,0.1631705516725336,0.2943377266063699,0.8974358974358975,True,5
-0.90455138737183571,0.42636101688751887,0.0017523933149537832,-0.42627310064148838,-0.90443474408500724,0.017001098828641731,0.0088335311841314101,0.014631369400384873,0.999853935210684,-14.959527768132439,-17.385002069280112,-0.39773138703952865,0.6169851782884843,0.5193662388715721,0.7910447761194029,True,5
-0.98523806844893336,-0.15105892479456701,-0.0805428439957495,0.15607058024819573,-0.98592034990349497,-0.0600253082221259,-0.070341470414015173,-0.071709587128075708,0.99494211522777287,-21.690378623103754,-24.358012785571407,0.26696435607393254,,0.2342071383158002,0.5,False,1
-0.29810869773994858,0.9507046975135387,0.085391934381907786,-0.94855981433526093,-0.3050472353067622,0.084737611837704063,0.10660901913088144,-0.055738338308499974,0.99273750542757255,10.523797240895307,-5.79425616829662,-2.1853029575042746,0.3127421513600368,0.2236962006845141,0.3148148148148148,True,5
-0.973034319537738,-0.1829524315130967,-0.14047284721674336,0.21571229812524767,-0.93743313614449675,-0.27328980898639305,-0.081684866647728033,-0.29622208402099376,0.9516197031897794,8.1440062075617785,11.615713638554217,-4.2372225441844247,,0.3192842606988511,0.15,False,3
-0.57321155178469507,0.81590736608152159,0.075655051876892532,-0.81647642759484063,-0.57652379350187577,0.031409532122804604,0.069244206129817742,-0.043766259837003565,0.99663922982056619,14.205131700081258,0.99219484681637071,-3.115654826408139,0.4282441897380256,0.2865188834074213,0.3380281690140845,True,5
0.73914982537563767,0.67300626834662725,0.02683464949117325,-0.66552642662024608,0.72364675197904327,0.18278389923696597,0.10359590299453265,-0.1529638555879487,0.98278682722471356,1.7817611554960502,17.957640792391473,-4.9375970461798993,0.2997120485306481,0.2174392617814371,0.2142857142857143,True,4
-0.4663765223215901,0.88228278712425801,0.063796731667618053,-0.87958710464423195,-0.47018985675418851,0.072443246400560685,0.093912005466798801,-0.022328953171305656,0.99533007242797478,6.8764617383220763,-4.1423999443914319,-2.3448265374092272,,0.2556709566105659,0.8348214285714286,False,4
-0.59019329646564112,0.78667172821621256,0.18116143307099419,-0.80434485698749314,-0.59212221081282479,-0.04919998475509324,0.068565471228516237,-0.17475376816380597,0.9822219182383185,-3.4544800153110877,4.5001371172546163,-3.1577525722119528,,0.2430667644407321,0.196969696969697,False,3
-0.99101573793881548,-0.12309064007977343,-0.052311580766948987,0.11671150119959646,-0.98691968405123254,0.1112113425867719,-0.065316404105874526,0.10410682761936157,0.99241903236370443,2.6622073561419954,0.74314365356996748,-2.7717234242713791,,0.4522319369238895,0.969442780107849,False,5
0.59264597966380606,0.80498252494776901,-0.027818650525187824,-0.79387144878936655,0.58960688672204187,0.14876774491472947,0.13615750286120895,-0.066082173531569102,0.98848079432831915,-0.79894499564910748,12.517507445178575,-4.3089326358885556,0.2733437639868403,0.1937675748678886,0.6533333333333333,True,4
-0.9985970723956572,0.025062172587848874,-0.046645198123692805,-0.025798309508415412,-0.99955088720312946,0.015247003572635837,-0.046242126133317969,0.01642898038871668,0.99879515135690189,-14.407139646943135,16.116577290604059,-4.9388777493330362,,0.1579229734315279,0.2941176470588235,False,2
-0.21290460645288939,-0.93221289613665015,-0.2926614850431451,0.96727707401268603,-0.24340092701345292,0.071631353599167211,-0.13800974835350344,-0.26783409978102241,0.95352934110801868,-0.55922271108690969,-18.673384401155641,-0.29253113792831675,,0.1297850419546809,0.8571428571428571,False,1
0.25168684009660036,-0.91306807360718778,-0.32087447309103423,0.96308009094723801,0.20355662716748921,0.17618580520932206,-0.095553508272850654,-0.3533714653101695,0.93059020764313627,3.4329546328775753,-16.618928410031589,-0.61306686941282185,,0.3730101430353855,0.2368421052631579,False,4
-0.56030580287979237,-0.74556069850256512,-0.360827731899306,0.81707524969080647,-0.56894961283960788,-0.093189990837888051,-0.13581400370336061,-0.34703830177377637,0.92796496350887947,8.7842795847532216,-2.1832065214585779,-2.5880167837836483,,0.3131596238479067,0.3333333333333333,False,1
-0.99301118785513443,0.10793884927376853,-0.047728247526906284,-0.1126228200991822,-0.98755295985642844,0.10979641101472781,-0.035282873854637103,0.11440435435883745,0.99280751534035805,7.9435817985645656,-1.458775227004925,-2.6370841973694494,0.4351652926968068,0.4807020066341553,0.7564102564102564,True,2
-0.60732983904180871,-0.79195459928634249,-0.062915652095947877,0.78311455460151347,-0.61011430297000757,0.12038326994518071,-0.13372382353463799,0.023842189090551216,0.9907317947046248,-10.533326718745085,15.703962660651849,-4.8084623228317547,,0.1082336892750062,0.375,False,1
-0.89393757794416828,-0.39273800702792083,-0.21594551297735176,0.4386840885720053,-0.86543057878181029,-0.24204582984040646,-0.091825253460383963,-0.31110572342070275,0.9459288301356602,-7.2555959840102489,7.4829595978186614,-3.6136822614252728,,0.4338813445757328,0.4615384615384616,False,4
-0.93478334220255654,0.35458407041787265,-0.021218862988199749,-0.35521799217575628,-0.93320221944869586,0.054348833020164328,-0.00053025960001462993,0.058341705682318654,0.99829653119843864,8.1851827722311725,-4.6507735093768332,-2.3037308240701644,,0.08186179247024625,0.3043478260869565,False,1
0.94475169231160083,0.3197759604591397,0.072024822018546736,-0.32104574700675675,0.85837447567048064,0.40015358032423498,0.06613522664391587,-0.4011690349838396,0.91361345062717625,10.768961345332356,33.351320605736262,-6.5186868438198591,,0.677330805049305,0.3703703703703703,False,2
0.86934982686864481,0.46424381186221292,0.1694360105500019,-0.48238378936915477,0.72262117199004072,0.49510051660808851,0.10740930256413056,-0.51214873322052024,0.85215427991843395,-9.5168426295077211,-3.171827558771585,-2.1045163807530831,,0.3423055541496183,0.3846153846153846,False,1
-0.077649287238285014,0.99691019682248794,0.011859496731935138,-0.98921515024411943,-0.078520822197538101,0.12364411433192897,0.12419329578882607,-0.0021307164924175732,0.99225575600665494,0.18839107285562412,14.773288021851551,-4.5646273745500734,,0.2678582851394742,0.4736842105263158,False,2
-0.91866942671037211,0.39452567521542453,-0.019899146299515252,-0.39498659595085489,-0.91668661213490532,0.06059079263209903,0.0056633423693371598,0.063522804790431028,0.9979643179115999,-7.0569778903661691,17.860122041073915,-5.0235518059921489,,0.1826037765108192,0.5,False,3
-0.87730668090449171,-0.47368298566019185,-0.077184303691813463,0.47138489542849399,-0.88068282885313087,0.046840530794541438,-0.090162453395031997,0.004709995678677208,0.99591593417240554,7.2163046362126391,8.0952622001403434,-3.8795136038079723,0.6152354048352449,0.5570830804135178,0.6345514950166113,True,4
0.63872941595012833,-0.76577537215484082,-0.074918706616723271,0.76637395926118257,0.62449673921306992,0.15058146392761088,-0.06852508859058265,-0.1535965563199834,0.98575474136333463,-10.013339326150422,13.908629738072948,-4.5498811476589704,,0.0953616543397845,0.2352941176470588,False,1
-0.26937803432206808,-0.9183643857034568,-0.28990055139011123,0.95750850405391541,-0.28761099653791411,0.021386428755182652,-0.10301912098834472,-0.27182120914671076,0.95681779402810474,-8.7276523000940625,7.4543614702459342,-3.596047349759699,,0.5698962066725587,0.15,False,2
0.23279217646970363,0.93505448194248342,0.26735915614351674,-0.95708483054228588,0.17147384139372429,0.23363507626964974,0.17261642366919652,-0.3102738105560231,0.93484422914339216,11.026014535864594,-9.369774307079263,-1.7098066836932186,,0.539632700788177,0.3125,False,3
0.98505552930992979,0.1720211453290845,-0.0086214694573270509,-0.1490800291311391,0.87661635063033105,0.45751384538811407,0.086259776780330005,-0.4493912542175586,0.88916070062873165,-12.695398660515522,-9.9683889155269387,-1.2730299529590914,,0.516306550280104,0.2586206896551724,False,3
0.9961961681940773,0.069381126420858252,-0.052720525149231867,-0.039164548395204508,0.89696115792933784,0.4403712289819372,0.077841715194602257,-0.4366313553360946,0.89626654903155245,-6.878869797244203,11.845747848843322,-4.2109169258654191,,0.2895412227362492,0.40625,False,2
-0.98407524650048483,0.17767365818445735,0.0052896514406039312,-0.17554756332158969,-0.96676592006379136,-0.18586744958454748,-0.02790989496330951,-0.18383614168754855,0.98256058885575792,-12.611985341194476,-5.3093671472570154,-1.8868750387787818,,0.3573229038754477,0.2272727272727273,False,3
0.042374810271257883,0.9981663562536548,-0.043223844088386677,-0.99028809990032651,0.04769547311754542,0.13059334224949959,0.13241546227792406,0.037270190332164416,0.99049335094301794,-6.573743390799577,16.154655268693482,-4.8112819371937183,,0.08553020457059467,0.3,False,1
0.6488952097408619,-0.74849103665032612,-0.13673395638787955,0.75793095698273183,0.62005859386871065,0.20265242317030779,-0.066900457566470048,-0.23513508505469152,0.9696575790214399,-10.009927789452908,10.612300004014729,-4.0986471954786641,,0.1774598775608744,0.2727272727272727,False,1
0.96521219814013381,0.25549564774936934,0.055564255980095789,-0.25062362929130688,0.84348251661621454,0.47510529422816566,0.074519856429981116,-0.47250314088258566,0.87817286046298837,-11.701088799934293,-8.4240290385976468,-1.4572332329522046,,0.2994570330307625,0.2727272727272727,False,3
-0.8808173521222773,-0.39039432757570847,-0.26786761879146576,0.46160802410107094,-0.83389258515857012,-0.30255774408046748,-0.10525599406116846,-0.39014795323603452,0.91471621298626182,7.976088402418136,-9.4882086700470616,-1.7076350873933459,,0.5228510499456499,0.15,False,1
0.9529062843293028,0.3021830279059417,-0.025593572070309181,-0.29069195758347294,0.93418971212186641,0.20685204268257174,0.086416428310881033,-0.18967076583190398,0.97803742336718846,5.3398840216238019,9.4060976363985365,-4.0111375309610766,,0.09183583839503887,0.16,False,1
0.727554310831385,0.68595597978744061,-0.011363035884912175,-0.67085365180682188,0.7148077319272268,0.1974975550089329,0.1435970147604782,-0.13606726340640238,0.98023752079838933,7.140650838751621,28.33384337877893,-5.9729699835449557,,0.2131801052681869,0.7619047619047619,False,2
-0.52673567302653845,-0.82316676262190203,-0.21200474446544296,0.83884114472987381,-0.5437084001340261,0.026957550555900517,-0.13745932005344577,-0.16363879900034725,0.97689675953611887,-14.62732171754954,2.9322989232820853,-3.1415082750793846,,0.2079868546825334,0.631578947368421,False,2
-0.99284463485275887,-0.090805304576743975,-0.077549517760048037,0.10113085516143168,-0.98473084932906696,-0.14169581685417304,-0.063498670682217956,-0.14852458059317514,0.98686795863540522,-10.667468855161268,-24.008850379917586,0.41909912035369573,,0.312948578775653,0.1538461538461539,False,1
0.9338721611180415,-0.31250612121880583,-0.17384680293147395,0.35760320746732743,0.813837522747484,0.45802667234268957,-0.0016530873532500552,-0.48990653268660828,0.87177339746816507,11.083715070333353,-8.0660079737354682,-1.9110702179650894,,0.5106771146759177,0.1724137931034483,False,2
0.75763187278652533,0.65268018932029881,-0.0015861295031997548,-0.64352303943894074,0.74740352506568197,0.16512440289266728,0.10895890532328951,-0.12408279972748534,0.9862714716357458,9.0588336136793135,2.9096181654121924,-3.2542562052814494,0.2834259353536672,0.2612487708790961,0.8390804597701149,True,2
-0.19527896602123321,0.97660450452678005,0.090054245694920584,-0.97359833380743821,-0.20410335698863966,0.10221596780028536,0.11820494844573597,-0.067716035057960935,0.99067761091031559,-13.467904311648647,-13.761683123728355,-0.78764278781200592,,0.1734193458900625,0.25,False,1
0.99332008376863068,-0.10173676412023064,-0.054450362792411153,0.11063451402276013,0.9737633364588224,0.19885916844724597,0.032790478630668932,-0.20355489528607998,0.97851427639878874,15.104715458846776,13.178259299712312,-4.4132327134607934,,0.1422835491821577,0.631578947368421,True,2
-0.82775536089395108,0.5497287082227017,0.11233614675216806,-0.56018479680186606,-0.82105130951211291,-0.10985326841062761,0.031844245058996412,-0.15386063338048711,0.9875792877295364,-11.345106135586489,-5.1677530275423331,-1.8980848783599857,,0.4745235276178285,0.2105263157894737,False,1
-0.47141087427961409,0.87806768483805742,0.082273497883973298,-0.87042437243992588,-0.47824985046165364,0.11678395607260467,0.14189150599486877,-0.016559630930076383,0.98974369366516723,12.291247459808881,13.14143545370905,-4.4783602545785701,,0.3644351285671267,0.9473684210526315,False,2
0.5128875866871202,0.79195959372323499,0.33127982934671968,-0.84738796602126065,0.40529144793941335,0.34303422171778486,0.1374043611557291,-0.45666053490191599,0.87896598193472963,5.0794009837715031,-4.3326490290593282,-2.2690527058283152,0.7866599754946488,0.4209097945869682,0.2173913043478261,True,1
0.13936025192635831,0.96486472559557623,0.22274375745325642,-0.98084750365592654,0.10359006854544277,0.16494627086020247,0.13607679726889049,-0.24146461231435906,0.96082149551564344,8.589293305495671,6.2198370589477063,-3.6635196050333598,,0.2756297496098077,0.2222222222222222,False,1
-0.97348576916672924,-0.18889109711338445,-0.12901786954202471,0.21520923315772869,-0.9474480014578045,-0.23670080375291147,-0.077527048141427676,-0.25819070077156919,0.96297825460472508,-1.9807483692880201,7.85539857467798,-3.6765951819628677,,0.4021096219069602,0.2210526315789474,False,1
0.89184075573796273,0.45165555172611938,-0.025046536681012553,-0.44045957488875187,0.8796782328852214,0.17933647001308373,0.10303120543582202,-0.14890758604889287,0.98346891233202316,6.1229304813597301,6.2625072855124682,-3.5799408198000955,,0.3344934463472313,0.5849056603773585,False,1
-0.83185788399292426,0.54677694228313856,0.095118012102415425,-0.55413114517739426,-0.82780705505271412,-0.087602246257399916,0.030840473135213362,-0.12558047217801649,0.99160395835451487,-12.811552596887328,-12.12307421259451,-1.0116853304652649,,0.1389117082368499,0.2,False,1
0.97015825850871884,-0.23624704420569703,-0.054592009959337329,0.24185955279048332,0.95885926911619368,0.14863666692288852,0.017231081548075053,-0.15740468904714905,0.98738384314037331,15.49634661765309,-11.432063211273006,-1.5847794301109908,,0.1709526181789446,0.3333333333333333,False,1
-0.92444352968865062,0.37966527599107108,0.035474478479785188,-0.3813036010586211,-0.92123268227453614,-0.077057828473111711,0.0034240672477062611,-0.084762157333844748,0.9963953293987261,3.9595249345139822,28.094340935571058,-6.0375364391910047,,0.2746921267420158,0.4,False,1
