axis_00,axis_01,axis_02,axis_10,axis_11,axis_12,axis_20,axis_21,axis_22,location_x,location_y,location_z,dbh,dbh_approximation,score,reconstructed,number_clusters
-0.61862944610625703,-0.76262078589799387,-0.18896334387016051,0.77573148067519004,-0.63102321786484483,0.0070970701683340243,-0.12465263053679797,-0.14219435794652097,0.98195849518624478,-12.108615183614523,-22.634083574288013,0.7015711269772571,,0.2611106408188679,0.45,False,1
-0.99664187311087693,0.081765203976633977,0.0044077409977643723,-0.08079246100990238,-0.9906911701111436,0.10956086759321276,0.013324976773238068,0.10883683605504865,0.99397031550822501,-5.5704411852903224,19.537406200500325,-5.9576598479010361,0.5135064331852325,0.4081381331670135,0.7027027027027027,True,5
-0.75852143388693138,-0.65070933530582475,-0.034965629980960478,0.64305682324816016,-0.75612703463398856,0.12144887636201185,-0.10546637572277695,0.069636688903642802,0.99198164053093207,4.215617318225747,1.907931628826474,-2.7516004549961366,0.202405044686,0.1611996306153799,0.6308139534883721,True,5
-0.99835989127804026,-0.057140403668508352,0.0035357822191391343,0.057094454983095108,-0.98920686967566485,0.13494440409537919,-0.0042131576619667786,0.13492495415998329,0.99084686306585401,4.1054067779684269,8.6401184573463752,-3.859289720677713,0.2387055340081402,0.1367874182531978,0.6643356643356644,True,5
0.34693295912704997,-0.93649732936044794,-0.051090840393349685,0.92492927304849781,0.33260588081307063,0.18406294550109745,-0.15538134292548525,-0.11111291621279434,0.98158573651075576,8.2220132926898462,-9.0406228821087424,-0.86106947196786965,,0.1490871099538187,0.6470588235294118,False,2
-0.91556108142660553,-0.34254514817169923,-0.21073852908514878,0.37661845995284526,-0.91406808946050744,-0.1504595076848371,-0.1410901903028362,-0.21712288984362088,0.96589399465275871,-10.948222939059431,-4.9446720733693867,-2.2263237179577859,,0.3979359161670642,0.1428571428571428,False,3
0.40189828007147343,-0.9138449602843155,-0.058010008089543402,0.90334780738064935,0.38532328995576548,0.18838445030903628,-0.14980157334342048,-0.12811460018523443,0.98038060866339727,7.0322850656427311,-5.0110785437366534,-1.5105223595640878,0.2583503507470445,0.1765053682856802,0.8198757763975155,True,5
-0.99721623688096217,0.064649612194183109,0.037151104211246011,-0.072419973483572334,-0.95838137843241211,-0.27615300272607662,0.017751741931760094,-0.27807474016374006,0.9603953948979852,-5.0057652017893641,-5.3465698335595597,-1.731370223707196,,0.4573936391097244,0.1739130434782609,False,1
-0.91613640724477374,-0.40047702461101592,-0.017670203149518098,0.39631791988951015,-0.91148203752455881,0.11014808960908111,-0.060217851963428028,0.093907656923096924,0.99375810048327373,9.0104452217676823,14.115415184683604,-4.6612700307827408,0.2046409996729707,0.2142819946181576,0.927536231884058,True,5
-0.90644177244463986,-0.42232105024719835,-0.0028711819036828568,0.41721095856324919,-0.8964877952228214,0.1491464014693635,-0.065561644443648148,0.13399463994738467,0.98881095627183291,6.9298249136053158,7.8535163359476963,-3.6589466081511381,0.2189206065498134,0.1787429042391034,0.6818181818181818,True,5
-0.06661007196186558,0.99728828343824028,0.031291820497405851,-0.98403651115653179,-0.070847463435342845,0.16325679659866404,0.16503103654802298,-0.019917746900303065,0.98608723768959683,-4.909677986910447,9.9442366522584305,-4.4426195118511806,0.3976666194986445,0.4281785127928052,0.9635036496350365,True,5
0.95113758838951734,-0.30854340973954086,-0.011758072072916126,0.30409226843027215,0.92945520295425066,0.20890408799782917,-0.053527378354496308,-0.20227206927198638,0.97786544563090294,10.356656230638228,-4.0776810525441114,-1.6266459375749278,,0.2289860955117703,0.6206896551724138,False,5
-0.45529467136649188,-0.884759031400143,-0.099540035067102253,0.88705067067554777,-0.46037086802713367,0.034637718256336547,-0.076471366401680493,-0.072526686314936598,0.99443049525486482,-6.3750431637999583,-32.079441572564086,2.3047704080502331,,0.4138545020935343,0.8387096774193549,False,3
-0.63678205293751777,-0.77017749247394962,-0.036541033691181481,0.76046389768469036,-0.63516262217105712,0.13514105118355541,-0.12729209470697614,0.058267259102575124,0.9901523363310234,-7.2110672645893583,6.7440487715083606,-4.0343510823401258,0.2638424586718165,0.3031111551413533,0.7714285714285715,True,5
-0.11450980633062934,-0.99328872691018211,-0.016279104621340891,0.98054326660836033,-0.11564020373041005,0.15862611887768086,-0.15944405464967529,0.0022018797287937765,0.98720451030297285,6.4329411860705115,6.4061498846140532,-3.4478412564234455,0.2530565042208693,0.2498069844128722,0.9529085872576177,True,5
-0.84525830607201624,-0.53362371283075116,-0.028002305637052843,0.52832042254371259,-0.84241501112378958,0.10589844265398636,-0.080099482766744154,0.074717348307007089,0.99398259075422002,7.0545542122018849,16.544738186459622,-5.0475649842337313,0.2179494189341691,0.2159894519904639,0.8275862068965517,True,5
0.47965214291864294,-0.87062905009951275,-0.10926517705276986,0.86509926225593869,0.4483884482046373,0.22483564210522095,-0.14675519833308612,-0.20236812159887416,0.96825102898099691,2.2153930345607544,-13.473187059485991,-0.31143227153237907,,0.2152151247139524,0.3720930232558139,False,2
-0.26763450520584692,-0.96334714685867473,-0.018276932523591225,0.9508199446496205,-0.26712893013399885,0.15679147789965206,-0.15592692031754304,0.024584737637721007,0.98746259989711538,-10.458029281635826,3.7262996644832529,-3.6771331903555629,0.3203948839366955,0.2906461897791076,0.9224137931034483,True,5
-0.75287489235350868,-0.6473070361464146,-0.11905039865132029,0.65370142814691556,-0.7564631260846072,-0.020928012638265242,-0.07651038689208621,-0.093579590882034533,0.99266762859880531,8.3985615183059981,4.1644273634958902,-3.0176081552886789,,0.3908737184520442,0.2298850574712644,False,5
-0.4170260507150706,-0.90792024902292279,-0.042072490289314597,0.89710824964344538,-0.41860745916157632,0.14129608471561489,-0.14589743468157523,0.02118057006886705,0.9890729609108182,7.0735055341663022,0.92328954430521493,-2.517020282301262,0.2766260212048225,0.2498123379121035,0.9107142857142857,True,5
-0.90276029881529551,-0.42989834236600277,-0.014534720977151274,0.42565388036281077,-0.89769619470843909,0.11384338425254278,-0.061988845891841615,0.096586527202054781,0.99339238256997231,10.036628111762852,12.952185750388221,-4.4122821891193089,,0.2112929231748238,0.5483870967741935,True,5
0.52586009540173295,-0.85020901375163183,-0.024815176798835503,0.83929426888434888,0.51393245432381929,0.17736561845685045,-0.13804452282494206,-0.11409673671132131,0.98383212205632986,-5.4576003673810778,-10.235399222663663,-0.91745437997344015,0.5292186744624954,0.4561658892599281,0.9069767441860465,True,5
-0.15850549964620939,-0.98674913954066046,-0.034671922324450016,0.97460891866781363,-0.16198722314236594,0.1545884704361265,-0.15815644860410005,-0.0092884419787451593,0.98737037762460089,-9.8478591535823465,-1.0480945381501034,-2.8758337323363663,0.3434287640385073,0.3500336431470209,0.7659574468085106,True,5
-0.78893646093005287,-0.61408552468412247,-0.021868447329184772,0.60733083314587277,-0.78468126350392053,0.12419570772064085,-0.09342654722027928,0.084701139775785236,0.99201673231613374,-2.4179546521185928,-25.230384860543442,1.3874767999643867,,0.2722509513563883,0.8387096774193549,False,4
0.88467531425840296,-0.44747961911241274,-0.13081123354210306,0.45729360544960018,0.77829487337924652,0.43027857079627924,-0.09073117852591818,-0.44047597045763276,0.89316783008161771,-6.0825305893708883,-3.3122328598374398,-2.2555432673482523,,0.331669159307628,0.119047619047619,False,2
-0.91399647839413545,0.39380221420115907,0.097623017641245591,-0.40549666801038803,-0.89467105218539356,-0.18744642064855144,0.013523672415125055,-0.21091117673500617,0.97741167673230878,13.03528820912924,-8.0124160724317726,-0.98838006653465804,,0.4523079870318313,0.1666666666666667,False,3
-0.51608457252022188,-0.85548149688872355,-0.042522023560116168,0.84618570721802766,-0.51691354408434964,0.12949956309610502,-0.1327646899839896,0.030851198083450347,0.99066732088540688,7.8616563395741021,11.172977927803204,-4.1732970569827863,0.1483173432355521,0.2066269867285739,0.7340425531914894,True,5
-0.29057363887890836,-0.95674420282909234,-0.01440453892336991,0.94435618090917461,-0.2891712951534845,0.15675256182243119,-0.15413748397877958,0.031945146926903714,0.98753285698274906,-4.0333508339412232,5.3263140892303209,-3.6217175732149962,0.409687776497511,0.3673150242962698,0.9984025559105432,True,5
-0.43580384951517476,-0.89964727238276099,-0.026641885106261504,0.88701287630324799,-0.43432539864002706,0.15674694691898272,-0.15258821061928693,0.044679227728797698,0.98727939540414011,11.160304710092984,15.67114896791756,-4.8190614601377622,,0.2185239593836019,0.975,True,4
0.045981731189044882,0.98422110465509682,0.17086397381647969,-0.98543942254606831,0.016663528801234548,0.16920836651880211,0.16369124866323567,-0.17615658931584327,0.97065649493097184,-8.2970581342365932,-4.0806453078679406,-2.236359955377647,,0.1069847405807801,0.3333333333333333,False,5
-0.98742887737704321,-0.1580624988258299,0.00067719040729136495,0.15666090667162888,-0.9780854885021919,0.13713547134951112,-0.021013625168837143,0.13551761378641494,0.99055207026733372,-3.3579428347977887,0.12282749882469229,-2.669229816046649,,0.402115335783954,0.9941477688368691,False,5
0.63663044714546624,-0.72369080918822615,-0.2664081201162139,0.76472143431290518,0.54786156737669367,0.3391884887403559,-0.099512821635092258,-0.41966571898124339,0.90220722821432742,-4.7888208589895678,16.261024168594542,-5.3934227152100833,,0.4721181765764629,0.2,False,3
-0.96122696014995679,-0.27498396740527065,0.020653056697002917,0.27575327140049261,-0.95804952972422819,0.078110382838076087,-0.0016924517124272806,0.080776953800211687,0.99673076572460573,4.7123340978391912,-0.70293849304913192,-2.3265395831220568,0.8489682615086566,0.7866560996706798,0.3218884120171674,True,5
-0.80396762531614008,0.59322092481423772,0.041533020671105689,-0.58558835371455287,-0.80191367254654145,0.11840921322598584,0.10354872011476343,0.070875920773263046,0.99209589577678226,7.8361602364326455,2.3693755546990385,-2.7367926241167506,,0.1269923235793736,0.2619047619047619,False,3
-0.91256928089435385,0.40865285799821338,0.014837426254427761,-0.40249180191468575,-0.90403696821639123,0.14393578251979661,0.072233350742111263,0.12537943112013586,0.98947579116043061,8.4395367786252518,-4.9017254093286056,-1.4959163332133933,,0.1478276348854325,0.7777777777777778,False,5
-0.33280804295479,-0.94070927716603447,-0.065611450207725866,0.93127375373009136,-0.33881086903775998,0.1339268107413305,-0.14821606578933655,-0.016530301740625104,0.98881684197140185,-5.2550631339948524,-29.103323313465772,1.897032071099338,,0.2915603331956088,0.96,False,5
0.87611603980850983,0.47247040450792938,0.095877013169835545,-0.47998728671028673,0.83625322561322968,0.26512779418229071,0.04508757463816479,-0.27830246049142982,0.95943465181202714,9.9574305471004454,9.1556076083454148,-3.8095843409759027,,0.2374860646139106,0.7733333333333333,False,4
0.91542403753304469,0.40222729183872935,0.014561497408611726,-0.39732451081847231,0.89730428109868055,0.19229732245884623,0.064281137276505959,-0.18181923116673193,0.98122866986670221,-7.6392285017309556,12.625338418981206,-5.0062396031889786,0.3944967412089186,0.3949302166961914,0.9273743016759777,True,5
-0.47442583644958619,-0.88004271892557362,-0.021093567151973094,0.86928454823766999,-0.47213518444811575,0.14639925478421806,-0.13879661344694655,0.051119276914174852,0.9890006671501449,3.9349670390438356,13.483253042612525,-4.6702404944035241,,0.0830316239839332,0.4390243902439024,False,5
-0.82056232195394374,-0.57046972316813471,-0.035238767544053404,0.56450557867399598,-0.81855177987126004,0.10633172299708381,-0.089503784475791714,0.067359324655636349,0.99370609032371693,3.7291990107362283,18.304580783081569,-5.4392010515110512,,0.1413988292013388,0.25,False,2
0.13268002187999539,-0.99107457957893552,-0.012930178125670417,0.97787856924690353,0.12876274480150809,0.16484434888346181,-0.16170811853940645,-0.034515695902289478,0.98623483569321768,-11.122885413899811,6.3833224417155323,-4.1742827991730023,0.2619658489703956,0.3110005199191527,0.82,True,5
0.30670573145583396,0.89862215216471375,0.31370339802272301,-0.94068875910122363,0.2359631554830568,0.24377458389889994,0.14503879754308788,-0.36986432227688565,0.91769500941975168,-5.5645152844456476,7.9991611785618915,-4.1490852219799175,,0.3380246583562557,0.2038834951456311,False,5
-0.17826021585644941,-0.98342943697743468,-0.033012693453559429,0.97122818506571351,-0.1812349148142671,0.15449827891023821,-0.15792120812852356,-0.0045219617990422886,0.98744136225130663,6.9555658342576434,13.378271332449568,-4.5804311075856932,0.2356110206760239,0.1784904175215208,0.717948717948718,True,5
0.25955839425128813,-0.96123594996121442,-0.093031653085681648,0.9518973555426351,0.23840656831494611,0.19249346143500362,-0.1628522781069742,-0.138519878307962,0.97687838487138012,12.967842880087639,4.0332990289893633,-2.9050990896116193,0.2641896465281968,0.3291584211375082,0.706766917293233,True,5
0.71574676762796341,-0.670309711341322,-0.19593737650493123,0.68800296653145365,0.62866900323798969,0.36252889872625527,-0.11982688627366173,-0.3942843837248256,0.9111428768731572,-0.29423702166385829,-20.322528803783953,0.70072430117314766,,0.3778994355102084,0.5769230769230769,False,5
-0.760953369206396,-0.64751153945797757,-0.040972871051383378,0.6417285718618374,-0.76045225547906836,0.09948269795780304,-0.095574107108567619,0.049408232163849021,0.99419536140782827,3.879719484552731,15.568770492188596,-4.9962756064343052,0.3754499405282224,0.2566915530917661,0.6527777777777778,True,5
0.3787564653662045,-0.92366585432062098,-0.058180147004436765,0.90890087368420924,0.35937777289644568,0.21153443730058019,-0.17447848509022987,-0.13300002221860496,0.97563735697771969,-6.2899678776279249,11.41157305850934,-4.7170072212356695,,0.2257593922650592,0.4193548387096774,True,5
-0.9261367490197655,0.37689264254382293,0.01492173285627855,-0.37110576795163469,-0.91756518750396587,0.14266967328006122,0.067462812779541428,0.1265940862645096,0.98965787331518096,-2.8124979254694429,3.2186390753544183,-3.205098471402887,0.3624544887360852,0.3362250357337871,0.9879688605803255,True,5
-0.98889537350309775,0.14848342850954951,0.0062138331341706462,-0.14654848846680554,-0.98124824497617147,0.12520152658525638,0.02468766477948809,0.1229005825422874,0.99211187172541349,6.6980420875644038,-6.5101846635463279,-1.3010999298600789,0.4591818611270109,0.3351026920955215,0.7566371681415929,True,5
-0.26227470305707151,-0.95925532109966494,-0.10507715773802961,0.94727209964443337,-0.27669948955808077,0.16159505473102559,-0.1840857120244547,-0.05715436484010171,0.98124707857306426,3.1712807291624561,-11.150845609795837,-0.5828001334557612,,0.280533372462341,0.1224489795918367,False,4
-0.22165906599798849,-0.97433433770161748,-0.039241009625774405,0.96241317330471288,-0.22506889396895061,0.15200288423956351,-0.15693356017898871,-0.0040732472480803214,0.98760076262951746,5.164328276147625,11.212025456647261,-4.2919235937504174,0.40692673527926,0.3841512887293954,0.9220183486238532,True,5
-0.08807300660392578,-0.99466964681409042,-0.053623122013522498,0.98757470333707476,-0.094225053316988161,0.1257690130998064,-0.1301512613708887,-0.041879983693203789,0.99060926511386105,-12.033778684952379,1.9596544465573422,-3.5395261252151027,0.3761631839017161,0.2891598594257606,0.7,True,5
0.98884305860629818,-0.14743552967463405,0.021264290152780613,0.12281473356494464,0.88770944712456901,0.44372117225253527,-0.084296777313923349,-0.4361590330090076,0.89591258014336139,10.835801409709388,5.3765536501248139,-3.1627382083622435,,0.3785659089194057,0.2368421052631579,False,2
-0.69075531535112733,-0.72061663157201539,-0.05973913805845546,0.71309509937449178,-0.69256789928517026,0.10883512359440992,-0.11980180951157889,0.032578753529394766,0.99226314617455336,-14.943937833406263,-4.7942234196435569,-2.5288710088540163,0.497776086723589,0.3061800731377465,0.2222222222222222,True,5
-0.96751979759266116,-0.22833539971722444,-0.10848219440180402,0.24877169217741293,-0.93625449556462526,-0.24807290199901855,-0.044923116960446964,-0.26700274300277055,0.96264814381556574,8.0503445493969448,22.451714886932951,-5.9894479952655271,,0.3108375969001423,0.3846153846153846,False,3
-0.25271258291504012,-0.95095041574711303,-0.17840868035721008,0.9560803567206303,-0.27373453543728266,0.10478432899000989,-0.14848131845239176,-0.14409271632989362,0.9783611741945365,6.0384234524456604,18.919897138263856,-5.4708359078682074,,0.2813091132960743,0.2727272727272727,False,2
-0.7865214145741577,-0.61727719367187206,-0.018786446945705235,0.61184513878784708,-0.78300854112204454,0.11199620829120702,-0.083842653571710099,0.076593019933316644,0.99353103561969736,-15.534187337059018,-1.7424038113047957,-3.0507300153335684,0.3444854082117397,0.376648674654225,0.8636363636363636,True,4
-0.37618097932781031,0.89137286105604563,0.252868134340269,-0.91040665112241947,-0.40631365217489673,0.077903437975212542,0.17218478557651462,-0.20090703976977975,0.96435924892485636,10.66551882107181,10.933457829202245,-4.0863336603283846,,0.2666479596649682,0.4375,False,4
-0.54526313884697808,-0.83771648938099941,-0.030318193117577344,0.82763711983437227,-0.54373887378922747,0.13915759053205506,-0.13305978839230762,0.050785042577476888,0.98980602754448732,3.9118785587784659,7.5438679658663936,-3.7201580071621798,0.2067174548679517,0.2198364687715324,0.9030303030303031,True,5
-0.65761121291892799,0.75291417065407362,0.025840748278352657,-0.74137824591765977,-0.65286619495559206,0.15531911654481362,0.1338125148233551,0.082981823988726375,0.98752631750457864,-13.736373650699086,-10.087465065942657,-1.577026454195013,0.2587555472763015,0.3118881320646478,0.8620689655172413,True,3
-0.82897937538573141,-0.5592024944098839,-0.00926096273866037,0.55249883556517643,-0.82138768035757237,0.14165915168435489,-0.086822991679665493,0.11231584395164672,0.98987217321895793,9.1024119003422825,5.8923255120223503,-3.2867970631931218,0.1261302531861202,0.1320712683959785,0.8571428571428571,True,5
-0.016886636875124466,-0.9964646904365706,-0.082298008531188988,0.98923737426957692,-0.028615341628301344,0.14349417957440128,-0.14534186885850414,-0.078989131762841766,0.98622333080295366,-3.2682397295807806,-27.539618434568926,1.6777777616323226,0.4462119821805312,0.3802423782538275,0.8867924528301887,True,4
-0.40570113391347978,-0.9074882292117793,-0.10895734845978151,0.90419372396201481,-0.41590439480606584,0.097248362087512516,-0.13356758397538168,-0.059064779886744273,0.98927804599511393,-9.8887510714545979,-7.7920298129904619,-1.6762247064330182,0.3498498349460578,0.3173336554206653,0.9904761904761905,True,5
0.33238207412106752,-0.94204022429660161,-0.045633021050404295,0.93114165981466712,0.32007296561577808,0.17472408545907037,-0.14999122027827105,-0.10056596088702349,0.98355941424517201,9.5684269270149915,15.771782167626389,-4.8591213014494157,0.1304756118921399,0.1022234296242266,0.25,True,5
0.28820920972762393,-0.94264797461928262,-0.16837531699848882,0.9449506792838096,0.2515307417390244,0.2092856891459173,-0.15493116261502657,-0.21942443324839492,0.96324932024080656,-7.7381993644969045,-12.200258788414681,-0.73345155369337589,,0.1858449675990917,0.2777777777777778,False,4
-0.9995794457996271,0.027777524216552451,0.0083271053379695356,-0.026205707929453405,-0.98821926862840415,0.15078440895350689,0.01241742351806452,0.15050277824658614,0.98853159855071515,-3.1269798693763478,9.1610348792706962,-4.213587148827445,0.4463857739023963,0.3882054758376031,1.0,True,5
0.56493686370630836,0.77162097682866193,0.292313886333958,-0.81460599997208716,0.46514682138792218,0.34649025868296612,0.13139027679077506,-0.43386576572794333,0.8913456638668017,10.656306294971836,1.562473255578571,-2.572500573474763,,0.5391020831580726,0.1875,False,1
-0.95090952090911185,0.30881624469307467,0.020090048732400632,-0.30326947996581244,-0.94282340304687107,0.1382449029381648,0.061633639886582131,0.12536569578949402,0.99019429242626278,8.6568795138663646,-0.13881592460519931,-2.3183434999715216,,0.3089751184867522,0.875,False,5
0.54300813194332254,0.83796018391201121,0.054450884488421253,-0.82872523069532766,0.52430350846766993,0.19575577390582258,0.13548675452751407,-0.15142179891495169,0.97913981543034045,9.5235239618302465,11.42413285634046,-4.1929666875556819,0.2355315558821758,0.1421698853254722,0.8787878787878788,True,5
-0.70714448105811345,-0.70616988767687583,-0.035647898219675359,0.69723964963050555,-0.70480454863007347,0.13079533330164306,-0.11748852664060992,0.067636070027662989,0.99076829185184956,-14.901761966230037,7.351648748148417,-4.608677980192688,0.2254653151041571,0.1972526556038594,0.4705882352941176,True,5
-0.047966037054630269,-0.98154103076731458,-0.18513904020900224,0.98455786984990612,-0.077702373845724967,0.15686982506318214,-0.1683599127045628,-0.17475567521249749,0.97011102136566596,-15.511111837838019,4.0204262218996636,-4.0912720842943067,,0.36180994236537,0.9333333333333333,True,5
-0.87162331018296224,0.45652000334483384,0.17850011678351388,-0.48277477138855585,-0.86256211370507396,-0.15137740951463727,0.084860622531435892,-0.21811943184106142,0.97222558503513423,-4.9937999329555689,-6.1048061077862785,-1.5991164001667875,,0.3938142388448319,0.24,False,1
-0.73135776726948121,-0.68183886914964864,-0.014545541286883935,0.67375056809539891,-0.7256593819431012,0.13956587472976462,-0.10571654669789227,0.092272519824079538,0.99010595081515818,-7.3125723773491176,-0.53508378851298621,-2.745426057301243,0.3097857271497942,0.266215123644996,0.7663551401869159,True,5
0.49271262615928424,0.83065274635966302,0.25932659521995133,-0.87018984025407242,0.47100096561253407,0.14466420535382596,-0.0019773572805140498,-0.29694124899921137,0.95489370335183132,-9.9669005580482075,11.067679074540239,-4.8717029955631652,,0.333791600145304,0.7857142857142857,False,2
-0.32036431470808158,-0.93807354530574494,-0.13185116404162678,0.93490690706318746,-0.33553305157851443,0.11561421376264527,-0.15269505881712728,-0.086229895604254855,0.98450425297045507,12.973813776144921,6.8550412620458534,-3.381343984157783,,0.56860352020653,0.1875,False,1
-0.68223647415654676,-0.73067344688649782,-0.025878704477755775,0.72188420993168256,-0.67879715269676588,0.13460168253804697,-0.11591626625177862,0.073148749174315783,0.99056180004706385,9.729708474331332,7.5679191754139108,-3.5726092044478421,0.1681277669460641,0.2524717369289625,0.8316831683168316,True,5
-0.94855286370992553,-0.3155380997399102,-0.026137566073123626,0.31465814357858285,-0.94863417412165718,0.032915898410974531,-0.035181208441158678,0.022998071681083247,0.99911629516867151,8.9161701004622476,9.529305888482364,-3.8842338702830439,,0.1317990113171709,0.2,False,5
0.0032176719670231725,-0.99377990511620595,-0.11131552800188627,0.98449802984719093,-0.016373053938307923,0.17462975786427198,-0.17536611934496821,-0.11015181928574468,0.9783216755719607,3.5598101197805461,-9.7578100240750469,-0.82846301570539116,0.2996519442189512,0.1577345915624051,0.3043478260869565,True,5
0.352064951442708,0.88507217213430545,0.30446267436108809,-0.92447434174897658,0.27798915027649868,0.26090079297761198,0.14627871141570867,-0.37332195547812691,0.91609675042789418,10.37363626203244,-6.5186918838641184,-1.2620403518763765,,0.4958709770025465,0.2352941176470588,False,2
-0.78396066855406665,-0.61939952807397192,-0.041831743712179945,0.61212625093783013,-0.78246849348956193,0.11421256327117418,-0.10347522927279487,0.063931849010614494,0.99257523423115235,12.483464702406133,-9.6238445959082632,-0.71664392757268447,,0.5019688557273901,0.4201680672268908,True,5
-0.75931646373734651,-0.64890773118883494,-0.0485516663027118,0.64288824414067947,-0.75962708498884479,0.098292407118071939,-0.10066386364095743,0.043421747485671375,0.99397250384614044,3.7764905771373587,17.082706081032033,-5.2537977446843431,,0.135044178582672,0.3939393939393939,True,5
-0.77092765282929077,-0.63637033388857489,-0.026520789009110632,0.62878135868737106,-0.76704965576755468,0.12754931812495388,-0.10151136424255913,0.081655518695437454,0.99147759389518997,4.1686080492793449,4.0684532114083218,-3.1194903426601401,0.1985333874622997,0.1135055757734146,0.327683615819209,True,5
-0.43146593178772319,-0.88866657733874066,-0.15527029344855728,0.88478895429475024,-0.45044132842479312,0.1193780382018018,-0.1760274298640841,-0.085873884085657118,0.98063245916474195,5.7861044940219495,-10.83822713238113,-0.57956093183910851,,0.1888063077746798,0.4666666666666667,False,2
0.59433771681349923,-0.7363820021229166,-0.32327113283180964,0.79288548950030746,0.46930341556791721,0.38869898980592182,-0.1345186935439617,-0.48733546052563376,0.86279132471385789,-5.1375305702113652,21.335939118097258,-6.1789064108854372,,0.4591970714497194,0.1379310344827586,False,1
0.09948418760583673,0.92928331489552696,0.35571817085044688,-0.98180790323414635,0.033569597322634474,0.18688585629352789,0.16172859228774505,-0.36783909905334605,0.91571734702595176,-13.12462622116664,3.0374361526321056,-3.7547527349749759,,0.1548117462081578,0.8571428571428571,False,1
-0.97857723226414839,-0.20586662412583445,-0.0023523531347196427,0.20432284826421696,-0.97251481628967062,0.11165619451810627,-0.025273982104840352,0.10878357030406671,0.99374411226455261,7.9731156264453746,-1.6814865562844958,-2.0694221915035933,,0.1104524469849679,0.3488372093023256,False,5
0.24827939513540995,0.89234333664841159,0.37693595144317926,-0.95258098872413999,0.15424327164458504,0.26229463027998678,0.1759170312179445,-0.4241843734645992,0.88832472409356622,14.218333432681112,3.255356699998579,-2.754751401101196,,0.2744580438174473,0.35,False,3
-0.58261267463131505,-0.81253701505968534,-0.018602970645626049,0.8024130997911868,-0.57869100737173107,0.14577357535091726,-0.12921179761323651,0.070002265284686185,0.98914306053905499,-4.8242555273981242,-3.3969245966410009,-2.1784003861846766,0.4243760394546011,0.3642780528861435,0.9959514170040485,True,5
-0.37996969342497822,-0.92141555878884807,-0.08134125706161624,0.91144432285501176,-0.38795029059332886,0.13698108761402661,-0.15777286970166307,-0.022089365096978487,0.98722833302925195,3.8266137186763185,-8.1910622437959244,-1.0445352820182534,,0.1530290357491612,0.2857142857142857,False,5
-0.83934034545237479,0.54190200575674918,0.043011633922711498,-0.53391918395616267,-0.83666928104022631,0.12212624274584433,0.10216696872998907,0.079540746290462191,0.99158216007554456,11.24840417065443,12.480497549126738,-4.3419774499184474,,0.1279763606256326,0.4761904761904762,False,2
0.55959886359247679,0.82533810295374688,0.07527368516766017,-0.81728889301195917,0.53450822683029031,0.21526685952562757,0.13743353748374454,-0.18198343678327022,0.97364986083871796,10.883703273009722,6.8758800817865904,-3.4137046238421553,,0.2177288604209258,0.8333333333333334,False,3
-0.99669307849795907,-0.081236257025591521,0.0018915122876780842,0.080876439948499315,-0.98948680821047341,0.11989519522778036,-0.0078682104394319531,0.11965169000863637,0.99278475227138729,6.8232736943123298,3.7476492301447437,-2.9760389302170744,0.2422253988526687,0.2038084522259342,0.8540145985401459,True,3
-0.52691594978553713,0.78707986301774191,0.32072553857399289,-0.83804005565448747,-0.54400669621884667,-0.041780133887757864,0.14159253857540888,-0.29079546712599935,0.94625025723576084,15.461383300278719,9.2681065735281098,-3.7223692789883507,,0.3981961665191108,0.125,False,1
-0.52338415933222471,0.8483274549610067,0.080059670992837534,-0.8425904951037827,-0.52925109690419125,0.099672132446699813,0.12692627513979318,-0.015290702570234771,0.9917942907145848,12.627868927655726,10.988133715132648,-4.0549919307750226,,0.2379007475151799,0.6341463414634146,False,3
0.75536079192129124,0.64156315188038782,0.13351702579574504,-0.64512940659333384,0.69225508531257696,0.32340523435375818,0.11505704140369757,-0.33042339355466155,0.93679360491799302,-15.173241796044106,5.7635520307037522,-4.3757637770634377,,0.5586560678500446,0.4868421052631579,False,3
-0.61321168447008723,-0.7893508235781429,-0.029945072146603788,0.78005240122140429,-0.61109014247922488,0.13448824897901437,-0.12445754849778611,0.059111040265147421,0.99046262097097493,7.6314979649642529,20.04742659922719,-5.6063224720763838,,0.1311286059376529,0.7037037037037037,False,3
0.70904304032859244,-0.61472226381754569,-0.34550615816308999,0.69505004535925485,0.52654551338120992,0.48954597004185008,-0.11901008952052874,-0.58725323388224093,0.80060616902892157,-12.196809379322582,-9.2433056255843038,-1.6129939702782301,,0.2805072279783719,0.1875,False,1
0.7494353134337669,-0.66131535489419879,-0.031760232360480971,0.65307357320681114,0.73050777858641236,0.19963289659681138,-0.10881920307243396,-0.17035371086626003,0.97935590784799753,3.4339160311031649,20.650132709035425,-5.8293757282372871,,0.1810531915989838,0.2424242424242424,False,3
-0.89433938565885618,-0.42347147397442403,-0.14432246529652942,0.44220376217037793,-0.88568814274443386,-0.14146500105778198,-0.067918303731048818,-0.19033765925807541,0.97936646843071651,13.683383682983944,-4.4461556593183387,-1.5543053519227621,,0.6365489745233122,0.5555555555555556,False,1
0.67866286167966183,-0.68693847065614244,-0.2598696937108545,0.72397237142379745,0.56615189433629298,0.39412693127269438,-0.12361523203787057,-0.45561778945957315,0.88155073837879383,-11.814870366282761,-7.1928711271631194,-1.9014509251075213,,0.7172071773701332,0.3333333333333333,False,1
0.70339533526254139,0.6932795776273365,0.1568388650040522,-0.70503895196211697,0.6524658192296855,0.2778640512068723,0.090305473516597984,-0.3060257864654507,0.94773052049152984,-5.2093454983244891,28.002190514572259,-7.2446206533265549,,0.3622281907700383,1.0,False,4
0.45883803211795593,-0.88717797318566471,-0.048814999501160791,0.87480804895773479,0.4414601599348128,0.19955902552651256,-0.15549449431051743,-0.1342690250374452,0.97866914284379636,-1.3579769047611605,-22.807790117028038,1.0939327662435467,,0.2421715187791597,0.8604651162790697,False,4
-0.37325988735047205,0.90897724632024623,0.18557322588988101,-0.92306680613400638,-0.3839030675179399,0.023792985602530764,0.092869413203050463,-0.16241551780042476,0.98234233934455994,-5.0055626849777255,12.285380330164388,-4.8136959953284046,,0.4168960937389768,0.3055555555555556,False,4
-0.64892426956184612,-0.7598869006783231,-0.03833002153815801,0.75102649144676104,-0.64780040782885151,0.1277256464534072,-0.12188724920512237,0.054097410236210293,0.99106859938499847,-6.7754276264305862,2.3746069261342706,-3.1975744852901014,0.2523035967478432,0.2224699140415811,0.8143322475570033,True,4
-0.1800926914285863,0.86536410945627262,0.46766609943308846,-0.97030979287079966,-0.23432238547452999,0.059932674932384897,0.16144822189492561,-0.4429875593405273,0.88187101886641528,2.521899011392212,-4.0020793094887175,-1.7868872169829186,,0.769345438777673,0.3935643564356436,False,1
0.045205425797686952,0.92186607210687244,0.38486285164548573,-0.98776777391920678,-0.016305006516388741,0.155077308363262,0.14923570043774229,-0.38716545799017998,0.90985252313444154,-7.8120330058340324,3.0119916013974817,-3.4161276867336339,,0.452681246866119,0.2247191011235955,False,2
-0.63001654115586836,0.77619115309438358,0.024626240638945637,-0.76867673720313501,-0.62780295273528297,0.12247255292351217,0.11052253866401354,0.058230115875476218,0.99216632781625402,-15.2847349781894,22.213627676784839,-6.7710652914097063,,0.4302984045289413,0.9361702127659575,True,3
0.68259485747277315,-0.72946266455571385,-0.044141608160579777,0.71884921158916837,0.65933166001641741,0.22031244426410823,-0.13160574284336934,-0.1821153017164481,0.9744300617958026,-8.1822048697233445,18.644002490623357,-5.8970278948249621,,0.3776266686635997,0.8958333333333334,True,4
-0.75647351938680474,0.60535602823602364,0.24757199668954288,-0.64723126786156215,-0.7473252644059718,-0.15032177181917966,0.094018617139666666,-0.27395077707290655,0.95713712255470185,13.383898382122471,-2.1824227933356739,-1.9231749422358082,,0.4774818983515684,0.2068965517241379,False,2
0.85273669255402595,-0.51064384234140103,-0.1099226976144236,0.51452894890050194,0.78491321039217643,0.34521183771011166,-0.090000521750521895,-0.35093321078327477,0.93206533443422113,1.626220738334974,30.816542710954181,-7.4900863920507099,,0.1520612246077142,0.5,False,1
-0.87974232258319074,-0.44961266247642062,-0.1546023919504381,0.46993271232450451,-0.87167503783168288,-0.13908944714991203,-0.072226669196821441,-0.19501559466360127,0.97813712029282196,-12.597264044235894,8.1325304907720497,-4.5867335180773052,,0.5393145129087521,0.3,False,2
0.60751690317122919,0.79309211201437202,0.043910297446292448,-0.78339507382581475,0.58912336117162933,0.19805510250253133,0.13120735751734974,-0.15472093323924996,0.97920685360698423,-8.3830001534532741,-18.107251901987237,0.19196428038224506,0.3554649281949969,0.3421586650487564,0.2105263157894737,True,4
0.81700778816449693,-0.5700253067536577,-0.087002435247264975,0.56797094338317378,0.76948621167945785,0.29206159882398652,-0.099535328155301361,-0.2880314560869946,0.95243403905646995,0.7152393362076841,-26.568616749282718,1.700579004857081,,0.2263358233599212,0.3157894736842105,False,3
0.79137947831615674,0.59525643659542782,0.13924186149201184,-0.60386095272761064,0.72568458976244865,0.32974812501697215,0.09523902073703619,-0.34503862229179461,0.93374401098803872,-13.993038499701045,2.5337606712207075,-3.7747384601180838,,0.4183988230507963,0.75,False,1
0.89263981175073981,0.44658805243859784,0.061264001638028795,-0.44415576905390924,0.84818178978555303,0.28864044119337606,0.076940361928799106,-0.28486270885336429,0.95547549304573454,10.898765852026031,-3.1963464824399117,-1.7706697327933154,,0.09586123703035693,0.1333333333333333,False,2
0.19518129293349795,-0.94310739698288815,-0.26917039332915027,0.96947965072614084,0.14400828967217172,0.19842081376109699,-0.14836936919973789,-0.29968324988537037,0.94243115399556632,3.5238119588135954,19.233523474282947,-5.6093041525593659,,0.3903948054860313,0.4666666666666667,False,3
-0.38743672367273518,0.88354292707899817,0.26314384119415135,-0.90919217467675417,-0.41342466058320465,0.049493833234218867,0.15252007951837429,-0.22007259263783446,0.96348621127308864,6.1914062855786671,-0.87220464234301098,-2.2548956926885633,0.4955910103595499,0.3373122467383766,0.1705426356589147,True,2
-0.10518485904251904,-0.9884753569254644,-0.10886971194634842,0.98123459701057469,-0.12095319111076504,0.15016321516808773,-0.1616007767855715,-0.091031831307505806,0.98264866286537089,17.849785008842723,4.383996435843776,-2.9095972259822851,,0.2095212173459642,0.4230769230769231,False,1
-0.42940080366091476,-0.90296463292818352,-0.016426244130416753,0.89198257455850094,-0.42688491319861582,0.14878292095331008,-0.1413578314043808,0.049235582298594073,0.98873344281275821,4.0858479677812047,6.2648293351233377,-3.499978122681612,,0.1065428648743355,0.3928571428571428,False,3
-0.90064872377897931,-0.43438990324023558,-0.011717009782109362,0.42986024366745468,-0.89455894068434905,0.12241108020049192,-0.063655693142496306,0.10521270647898788,0.99241031792596479,-15.664837542837423,13.131359956546476,-5.4808212011011648,0.5286551411480431,0.5297517420320218,0.98,True,3
-0.80114163679639294,-0.55561535759907965,-0.22240425398639141,0.59114877863335968,-0.79263198462227646,-0.14925702152340636,-0.093355231837769392,-0.25105001763353496,0.96346182557209736,-9.1250309591495355,-1.6913787053865199,-2.6876268941774772,,0.2654465108988581,0.2307692307692308,False,2
-0.78664776135282677,-0.61669115936241781,-0.029619478773677342,0.61008318576672793,-0.78379254346331795,0.11605065814558754,-0.094782941520652267,0.073220644462753545,0.99280155681845761,9.9807007557631735,17.326102324952537,-5.1264953293044657,,0.1599266349842734,0.1578947368421053,False,3
-0.93597360474151137,-0.35163484313030713,-0.017502809028973765,0.34823479398302309,-0.93195064302901554,0.10099765946498732,-0.051826050271865161,0.088436056303570987,0.99473268995177255,10.898100132256452,14.66789728204191,-4.6698596908122587,,0.1879173649267945,0.375,True,3
-0.16622398310841974,0.9444172617034432,0.2836293765394246,-0.97272853485487054,-0.20422858198532148,0.10995400756390142,0.16176768811684689,-0.25761739478698992,0.95260930763062357,11.931068486217534,-5.6854539011696321,-1.3600950514788219,,0.3167409444979596,0.2162162162162162,False,1
0.51320112648832528,-0.85469111415704857,-0.078279647112753897,0.8465904896585198,0.4891140283981249,0.20988570709771059,-0.14109977530407949,-0.17398438609582614,0.97458723919616208,-11.591050218750972,-19.209702629327111,0.19857831840763629,,0.2315247095298374,0.8823529411764706,False,2
0.19691732126984299,0.93613204875073808,0.29134233452358715,-0.96747500527878871,0.137409642718474,0.21239280649021006,0.15879446698394731,-0.32369024914217875,0.93274269756753214,-10.602173821178667,-3.6645823887802371,-2.4530769821901246,,0.1047727692564376,0.25,False,1
-0.63027275030190699,-0.77091239209748852,-0.091925752308036221,0.77176279980677176,-0.6350075347264702,0.03387641768286026,-0.084489295542589701,-0.049593493032241386,0.9951894515053793,-0.61593663169324064,33.486881879845015,-7.9337911881027692,,0.2216616896367351,0.3076923076923077,False,2
-0.9962596666238186,0.083564918368656274,0.021990476953373247,-0.08451653811693044,-0.9953296216648696,-0.046646532788577999,0.017989759401572668,-0.048330618188745011,0.9986693746691977,1.5095361429985659,-23.29442202774008,1.2275638081176334,,0.3136469036790929,0.125,False,2
-0.8724714613140353,0.4844113932279685,0.064336236317421192,-0.48128285848619751,-0.87460946684385499,0.058524273890950967,0.084618906397490742,0.020096831044888883,0.9962106996323854,-13.108370262500902,-0.05075517375117139,-3.2410323499421909,,0.6692205364390786,0.5869565217391305,False,1
-0.99402630558328364,0.1029497593243522,0.036236043706615928,-0.10724571824000381,-0.98296124440385757,-0.14928344824261863,0.020249931546440784,-0.15227783507483558,0.9881302551876886,4.2965319840323444,-4.2789883094529397,-1.6980912919117095,,0.3099437184008704,0.2125,False,2
-0.99942627151116803,-0.033787876585966908,-0.0023467443613053585,0.033868721504863107,-0.99661177602724926,-0.074952502209323146,0.00019369282865555441,-0.07498898105471262,0.99718434364136743,-12.655561101368063,6.0280730194873318,-4.2555895882005741,,0.1987455150925079,0.2272727272727273,False,1
0.82645920331399947,-0.5622416624534422,-0.029146153419937856,0.5116158314730499,0.72841985392763609,0.45569041836556146,-0.23497750156925437,-0.3915211736364077,0.88966102778004197,-12.48980008119239,0.37766177718928529,-3.2649454275177572,,0.5389922662901011,0.1739130434782609,False,2
-0.34108885641114484,-0.86573213342139221,-0.36628713490072479,0.92865932076200053,-0.37075489225878461,0.011518499382999953,-0.14577468228055473,-0.33622713011864647,0.9304305771943342,-5.1786037227190098,0.87811779365289055,-2.8628157556004838,,0.5026910010732659,0.1811594202898551,False,2
0.052819286205211299,-0.99820364996084454,-0.028277132273623173,0.98515103658702563,0.047454448797493859,0.16500154666194822,-0.16336327040152265,-0.03657251008850828,0.98588787059662386,6.7039811520132719,-11.835425577992231,-0.42241812333241457,,0.196371174105838,0.7368421052631579,False,2
0.0089615605616719315,0.99881562879438102,0.047822903596346292,-0.98657844766627756,0.0010337577066078059,0.16328471436543601,0.16304188735627875,-0.048644331849558541,0.98541923664307118,11.626677596264754,17.810253860068894,-5.1401184416967327,,0.2470041790120305,0.7058823529411765,False,1
