axis_00,axis_01,axis_02,axis_10,axis_11,axis_12,axis_20,axis_21,axis_22,location_x,location_y,location_z,dbh,dbh_approximation,score,reconstructed,number_clusters
-0.69476884973621889,-0.60125337994357209,-0.39470320310664175,0.68529537372751137,-0.71998220179624917,-0.10952570403469875,-0.21832658148718997,-0.34658332649314905,0.91225736588588946,-1.2267159623444568,5.9791601339278149,-2.0799613423456238,0.5779516102813449,0.4744168896095036,0.2820069204152249,True,3
0.89103170767265982,-0.31911737726438572,-0.32284144010619786,0.40678751874902808,0.87695399419953157,0.25588201704593627,0.20146069222543911,-0.35932685898132832,0.9112067810890454,6.0733709333924324,9.6327578442141633,-0.58472845461139467,,0.1376987714542701,0.4,False,6
0.89722891169680952,0.36723573352066963,-0.2451901222335349,-0.32387967680491275,0.92474588796192747,0.19986745020200797,0.300137026986184,-0.099914757283609393,0.94864893733606914,-10.204946501823777,-9.6508523311659697,-2.795746100477122,,0.3948822951838598,0.5679012345679012,False,4
0.75887219919739646,-0.57774889679214414,-0.30053152503650632,0.6328778269584121,0.76306329653300953,0.13114900544256997,0.15355338299661747,-0.28972507268035608,0.94471198829625169,2.982345747283802,-4.7062410396544632,0.013007756212561018,,0.1827952542900105,0.5244755244755245,True,4
0.34268400130555898,-0.84031651503010085,-0.42004265237815835,0.93922883661901335,0.31616763054402985,0.13374311892381099,0.02041733852651878,-0.44034779886339914,0.89759509152159089,-7.4284250824169753,21.080254440190018,-4.574569749328476,0.210230123664501,0.3044769554270694,0.2692307692307692,True,6
0.22660396472683808,-0.9228735877722325,-0.31137595308964622,0.97398684041338845,0.2148851144198459,0.071930677060029258,0.00052713529798216474,-0.31957585733778049,0.94756054874356199,-16.499492840787408,6.1269084751786158,-5.5794633160394458,0.312953354627702,0.3265873585336901,0.859375,True,5
0.42321363823545294,-0.8606602914291035,-0.28311495751493426,0.90465019047314277,0.41864726810379321,0.079639800264301369,0.04998248981811957,-0.28982464985988071,0.955773730045548,18.572637323115917,-8.7671582732601436,4.4809637138381548,0.8629126816151809,0.4976286797769192,0.4193548387096774,True,5
-0.92169363030843088,-0.29711916370646846,-0.24940139215175891,0.29707637900013373,-0.95406806154499635,0.038726721781517065,-0.24945235394566939,-0.038397089709285848,0.9676255404922004,11.400498238262252,-0.6341740882717074,1.8900710542878192,0.1934649925975696,0.0887269710003981,0.2941176470588235,True,5
-0.81440731178449899,0.57817111827310996,-0.049587180871347059,-0.55800976186684592,-0.8037217309177036,-0.20653446422318167,-0.15926655698310288,-0.14053304680918446,0.97718198232533759,-22.357878943596571,6.9122345632033966,-7.0129744540354881,,0.5528302999960892,0.2857142857142857,False,2
-0.96971542936212551,0.015016410597440077,-0.24377549809158286,-0.021842136706371536,-0.99944072707191167,0.025321021584254713,-0.24325893019811307,0.029878763072443328,0.96950108426764126,-10.197000570823789,-2.3107759723526375,-3.3851407857910925,0.355689223820373,0.2948509369921574,0.892933618843683,True,3
-0.94327692257632534,0.27185673266581889,-0.19058479540404999,-0.25786098421219183,-0.96147729550792094,-0.095231943400805749,-0.20913239862837568,-0.040685711583307194,0.97704058908363822,-5.4035793435632389,15.034243421573064,-3.7074903930634218,,0.1643512267539377,0.2702702702702703,True,5
-0.39890398248917941,-0.87510671566168086,-0.27397782566860934,0.90352123286990715,-0.42611603901588202,0.045546712797508646,-0.1566045800975053,-0.22937601770290134,0.96065688359332679,4.9661689874128125,-15.399035129407009,1.5483345907955475,0.9831680673454681,0.7681825036369314,0.972972972972973,True,5
-0.92181096121838324,-0.26988243303565917,-0.27825891560989491,0.29055468537275286,-0.95621382639879926,-0.035115424128280628,-0.25659798632409853,-0.11321921454647796,0.95986399186129368,-2.2339092069443089,24.020272646120681,-3.4584683321029295,0.2509472342944157,0.146490201747443,0.2,True,5
-0.092278231567195862,0.98551592493446249,-0.1422782122441941,-0.99310806691991949,-0.08072165187642602,0.084972832934553488,0.072257147725421841,0.14913878308110895,0.98617266641479884,10.613549482522863,9.4384718555004774,0.55962365949355664,0.3029370155610405,0.2086165502411242,0.3,True,5
0.60252906754397551,0.77024745812794193,-0.20899180848069443,-0.77482333648036505,0.62732382082067906,0.078189648140777168,0.1913309175486847,0.1148201945582232,0.97478654222942029,-8.0908262665251449,-9.9777538107775445,-2.230622939651886,,0.081745464224281,0.5357142857142857,False,5
-0.43602660011302086,-0.8595598670184742,-0.2665288708659187,0.8847390422684327,-0.46362706575477614,0.047820194327832077,-0.16467431821572859,-0.21495762119729131,0.96263990671973787,-23.273637742312886,13.105659056930678,-7.6507111910002017,0.2197917228019262,0.2632466793635044,0.6935483870967742,True,5
0.57482593375818281,-0.77925162894897959,-0.24968388946705383,0.81466490783086032,0.57363032566955707,0.08526040945934206,0.07678693787337848,-0.25241859727959931,0.96456654405978148,-8.6591471149569728,-1.652954058756988,-3.1698385740405177,,0.1182004569614461,0.3856502242152466,False,3
0.95323316817063919,-0.16696142445880874,-0.25193334404570522,0.20272211007286922,0.97145113247540782,0.1232332881158788,0.22416572705694701,-0.16854251675744381,0.95986621299954999,5.7097119072506013,-7.6011006914305179,1.0244811644797815,0.08345200791901838,0.08687399307192259,0.4545454545454545,True,5
0.84722013009675612,0.51109269661482037,-0.1449217258585753,-0.46783939835742178,0.84704911804290506,0.2522579809784089,0.25168303181462692,-0.14591794642787742,0.95674636367580179,4.106257291194475,18.054942285876599,-1.5228857283811315,,0.1809959944681496,0.3333333333333333,False,4
-0.92357889833775808,0.35490269949319847,-0.14507271431132479,-0.32074288704810527,-0.92248778217263749,-0.21480291466890372,-0.21006194075381956,-0.15185639806952611,0.96582276604566009,-14.863625906886668,-7.0081925266177381,-4.192059469216451,,0.3954301072876541,0.2432432432432433,False,1
-0.88748236067391284,0.44797874445677549,-0.10812078434598248,-0.41771879380321431,-0.88107715415567156,-0.22184241643232031,-0.19464344015724536,-0.15171714781089946,0.96906957348989076,16.250599509798214,-4.7494889291159454,3.5602334190205305,,0.1272286907866343,0.4,False,5
0.85974420208497648,0.46466740346628882,-0.21195308711402411,-0.45022903354637384,0.88547865135278547,0.11498423957374007,0.24110936177006093,-0.0034295997361554476,0.97049189255371149,0.49381755128589289,-8.3924869727975544,-0.26729756553049194,,0.1305542833787837,0.2666666666666667,False,1
-0.55131701862833749,0.8204485174993229,-0.15137296688618479,-0.82743553118927549,-0.56092820668437138,-0.026645612610294772,-0.10677072021993798,0.11056119155933354,0.98811752146427279,6.0437212924311972,-13.130093712823465,1.5879164419229048,0.5360824057503588,0.195216635396043,0.375,True,6
0.57679651980306257,-0.76568288837570964,-0.28466733074188039,0.81192024694165965,0.57572610369710064,0.096565864196156898,0.089951583361666823,-0.28682602387228895,0.95375025278127357,0.63895195633174828,12.958827985783479,-2.1962894113332152,0.2149597895091534,0.1604609788835036,0.7021276595744681,True,5
-0.78081116911273063,-0.53936262946409919,-0.31531234058688951,0.58683097385959881,-0.80633067141309755,-0.073893548145269397,-0.21439059286219747,-0.24273195561374972,0.9461066913494055,9.2407615676748218,19.658821108472083,-0.2757270279075098,0.5924276317248465,0.5245781809714466,0.7272727272727273,True,5
0.0073291190798222706,0.99237465169073669,-0.12303997194083909,-0.99805709234175521,0.014872807856687686,0.060504875942180347,0.061873455050080794,0.12235746919639495,0.99055556395995192,18.978147546906289,14.252420817613622,2.6179858449803328,0.6550496393833413,0.4794479233184129,0.65,True,5
-0.95362472288717715,-0.020204760470792844,-0.30031925604708143,0.061742674018310788,-0.98965869660359773,-0.12947396047829959,-0.29459757314584789,-0.14201208360976031,0.94501049624085709,-20.31945785356362,-21.497086010609983,-4.4992382854440782,,0.3331488296417004,0.3333333333333333,False,3
-0.24413002761129132,0.96795694610390914,-0.058820745555503623,-0.96920858754565953,-0.2455588663018235,-0.018318215205415198,-0.032175199241945451,0.052537545334344765,0.99810047734884089,-18.562327580631596,22.237147457954951,-7.2213399299512595,,0.5734511814712929,0.6571428571428571,False,4
-0.20641011810087331,0.96402067915736867,-0.16750818876267354,-0.97821424319813666,-0.19943079392446114,0.05765633390147161,0.022175607091632132,0.1757597467898353,0.984183292816177,-11.942048145512857,-18.744549352412793,-2.5551929866525431,,0.1743747557868348,0.5333333333333333,False,2
0.89929636381849198,-0.35038391093778398,-0.26171963048037089,0.39602431549898121,0.90633092952656502,0.14740755651280629,0.18555535981588422,-0.2362104170849707,0.95382065783046566,-0.99164106516236861,-13.64159195184112,-0.10790675694579942,,0.1925296489262268,0.25,False,5
-0.33350114546670095,0.93915138987223623,-0.082290053308070404,-0.94020960176771584,-0.33773633473730702,-0.04404625911473585,-0.069158446455882261,0.062680420381937579,0.99563460877198928,-7.286710676674284,-12.452793196236215,-1.8524786426901192,,0.5086089582526853,0.3611111111111111,False,5
0.9066916483742774,-0.31945179604821644,-0.27542840225711307,0.37117893580908162,0.91444651000709043,0.16128787290894153,0.20034084051928824,-0.24847158859197993,0.94769479120790989,-4.7993095506239056,20.545356014037573,-3.9577994941973929,0.3052466823824497,0.2182057255922672,0.6981132075471698,True,5
-0.82261029277458475,-0.44296943240823833,-0.35649738873270215,0.51063585461316474,-0.8513152879763507,-0.12047117680684413,-0.25012662834011706,-0.2811411787868619,0.92649679297099508,-10.516059020769617,13.252632425722201,-4.7831524468173479,,0.2115188500633337,0.2537313432835821,False,3
0.61859391696889188,0.78552695776104819,0.016998956431391182,-0.75982867095409723,0.5925694355097797,0.26743570235806513,0.20000489165321536,-0.17835039313187268,0.96342575250223206,-21.526695946042604,19.865520975680269,-7.7686096773368138,,0.134762571220674,0.4545454545454545,False,1
0.7882573246262109,-0.54247453361012488,-0.29046819198942697,0.5937882814607468,0.79441461106510558,0.12775328773135589,0.16144927058683764,-0.27317907333973313,0.94831815701072786,10.946180978969139,2.8653625860196636,1.3387150031453998,0.2205218642627768,0.1911783650018133,0.6086956521739131,True,5
-0.93296825636310399,0.2822407543267243,-0.22340633208544541,-0.29133526082873984,-0.95658636809322684,0.0081416322724902901,-0.2114095513846071,0.072682026494120089,0.97469139967892837,7.4572802237947897,5.2908643429303943,0.18545154299113145,0.8647862054918842,0.3734188505058929,0.3142857142857143,True,4
-0.34790538212590089,0.92677699079462794,-0.14158479586977349,-0.93551017739368436,-0.35308133092313659,-0.01242102034391758,-0.061502464021115082,0.12813267767123621,0.98984820241900262,-2.103909405323297,-6.4817548867932917,-1.0343764229014494,,0.1909252074623416,0.2325581395348837,False,5
0.49755632317612514,-0.81179827584887099,-0.30564892376099961,0.86428566418242558,0.4939390590988928,0.095049968886083663,0.073810540955885823,-0.31146069611638377,0.94738811414250845,15.658589666435411,3.763619968511374,2.5193545713930487,0.1809807095354193,0.1078177662202269,0.4666666666666667,True,5
-0.1578718395144097,0.9653435766786137,-0.20781785595487279,-0.98727363553986713,-0.15022255784634439,0.052191490513274083,0.019163790236587742,0.21341265679299695,0.97677417403631461,0.62109155460612564,-6.3879972598878085,-0.37449565876657087,,0.07116303651418514,0.375,False,5
0.89978147430859701,0.39522374437180424,-0.18490941126881608,-0.35685135841841598,0.91038999651859021,0.20939713998480008,0.2510984000068115,-0.12242649273590044,0.96018818332158584,-8.6014449719820547,28.597849986676646,-5.2999869754997269,,0.7234553068401927,0.382716049382716,False,4
0.6098124619885088,0.78374237593969609,-0.11779919082877849,-0.76734223255997969,0.62104704426773072,0.15964481493673,0.19827924584630904,-0.0069611035559531131,0.9801208515810198,-4.0800141886308134,12.699022460633687,-3.2974661035105397,0.5560019791746934,0.6891990893403735,0.515625,True,1
-0.25533093828828635,0.96218697675539377,-0.094880628766572939,-0.96684190657178348,-0.25458048668632388,0.020137117350674548,-0.0047790845842844848,0.09687619708097206,0.99528496562023216,-7.6144237124509555,-15.196381987394918,-1.7383110880447843,,0.1943426195578292,0.375,False,5
-0.73599878913017436,-0.61468587532049024,-0.28366715897403377,0.64114636604314079,-0.76741840764804103,-0.00057001106985703209,-0.21734102168847935,-0.18229169559918923,0.95892263400494437,-2.6093355171216142,-12.399501704427829,-0.66361326618780647,,0.09067453030682544,0.3902439024390244,False,7
-0.060634126644257227,0.99067297734642346,-0.12202686032862331,-0.99803440037152058,-0.058231963172204339,0.023159752593046548,0.015837877419283854,0.12319127574907325,0.9922565551399336,-15.579312102631549,24.151417629701527,-6.6924747350919169,0.3011038749756736,0.3501616756230983,0.5,True,4
-0.51156684304482747,-0.80013645831703972,-0.31317888365759011,0.84053807501398137,-0.54164384123324227,0.010848673001336018,-0.17831183233016437,-0.25768895460605923,0.94963218833667229,-13.911758379992756,17.277847494486476,-5.7907640783254877,,0.1087457014331992,0.1818181818181818,False,1
-0.89883705339528264,0.39638645452469845,-0.1870019521636784,-0.38357565062810595,-0.91786854903905646,-0.10191686283517556,-0.21204167441546171,-0.019877257212151597,0.97705845421694748,-4.8191513543214173,13.820830476068959,-3.4845224194631546,,0.4250985997020046,0.5205479452054794,False,5
-0.26556759784977996,0.95337966600591839,-0.14332153857233976,-0.96396240143267831,-0.26014164250673616,0.055702912473612684,0.015822123638848717,0.15294946315807267,0.98810734342135909,0.36735183407330785,-12.826899775743534,0.19296867333355008,,0.1415325083448715,0.2631578947368421,False,5
-0.55653149483742215,0.81187503989093401,-0.17644153381820085,-0.82602835263034147,-0.56348685896135642,0.012638054781853085,-0.089161964451381193,0.15277918503500099,0.98422998568180808,-19.127185166436945,14.967676498790661,-6.7913791967613673,0.6517298384888899,0.4629275799287496,0.92,True,5
0.16037098920302228,-0.90359870966815881,-0.39722854593808177,0.98557966341201741,0.12458296797459392,0.11450681708656532,-0.053980300950429716,-0.40986394812996174,0.91054800594621121,7.6979801141280291,12.369405189139361,-0.34785599181575511,,0.4086313099547962,0.1666666666666667,False,5
0.052758005787609884,-0.87745907966270131,-0.47674118381235026,0.99747299094865793,0.023556382535602393,0.067027823847832971,-0.047583874928953468,-0.47907270884420361,0.87648452039235936,-16.78815632292363,21.855484994508458,-6.8746769102346335,,0.3026269814994227,0.25,False,1
0.92759805207966628,0.29624265191789989,-0.22760084569847158,-0.28123244216292964,0.95477106244592602,0.096542901297570288,0.24590682636536132,-0.025544265511616371,0.96895682217856782,-4.7887204809038524,-9.2659049545088692,-1.5028536557169183,0.2990528796343339,0.2467735050286776,0.5074626865671642,True,3
0.96430922639117134,0.1338362998318412,-0.22846347792193067,-0.10206604601631174,0.98405504302349345,0.14566466472905726,0.24431585733934494,-0.11714741630677997,0.96259349920160431,7.3163942888341476,-4.3882037440778747,1.1262754208675192,,0.100696534378241,0.462962962962963,False,5
0.9675165818815149,0.049306728815210657,-0.24795263716656607,-0.017545327447591685,0.99152726948425896,0.1287083344381709,0.25219798823358663,-0.12017703758470057,0.96018417731615358,-26.335985646060106,20.174919643467046,-8.8713167706946958,,0.1526334273372712,0.3333333333333333,False,2
-0.4232070541739677,0.88763516820699895,-0.18165791328627645,-0.90459072378404748,-0.4252619175840594,0.029460548137821445,-0.051101973946655235,0.17679397505249045,0.98292038265766679,-21.510363653744857,8.5441484135817269,-6.9087309725073593,,0.1762636922871076,0.5217391304347826,False,4
-0.722592883842199,0.66201857281525045,-0.19897470559916411,-0.67849665976293805,-0.73430706376734889,0.020866690966978713,-0.13229439485915878,0.15008179552841988,0.97978244918952029,4.6362679101476454,-12.55242237504528,1.2102375436600874,0.1792935844067592,0.1124093174236375,0.1111111111111111,True,5
0.45026324041982052,-0.79257502422339543,-0.4112029247268647,0.89102934013190915,0.42860046290715087,0.1495605503462421,0.057703807073171381,-0.43373548871756001,0.89919063411281253,-23.383295426501672,25.770517298265212,-8.5081596449991554,,0.2325103908006838,0.1666666666666667,False,1
-0.54786202169424858,0.82171039002400237,-0.15696891447574624,-0.83149536329859075,-0.55550102589756112,-0.0058370403204913157,-0.091992749703640297,0.12732103185790078,0.98758629438070089,-3.788592759914887,11.814782987031165,-3.2240143247483593,0.5622316107075247,0.4839248727845051,0.912751677852349,True,6
0.3178055013281143,-0.83351386964097929,-0.4519450104179788,0.94673054074495855,0.30508613406051638,0.10307149957562109,0.051970631575386499,-0.46062683369526974,0.88607108830698589,-21.07630804943372,22.134272167665841,-7.7207537903739896,,0.3482893048426026,0.3623188405797101,False,4
-0.66192662605873676,0.74285701655228131,-0.10008293897335152,-0.74544924902931042,-0.66637360838098303,-0.015862886715464555,-0.078476485880402846,0.064106684615211768,0.99485263941526092,-4.6592353318120159,-7.1123716562953216,-1.6657379519831272,,0.2347168577954641,0.2083333333333333,False,3
-0.49899925181567384,0.8391829382468653,-0.21626775728886399,-0.86398070042444453,-0.50114625151574543,0.04888541588042887,-0.067357968953073027,0.21124495437068869,0.97510946732735682,-13.320257022293388,27.163971175149126,-6.3261735917234931,0.2015885582616622,0.1323171578336425,0.375,True,3
0.61864089366022768,-0.67871953560632359,-0.39575653712555692,0.77843453880487012,0.59772288850794641,0.19174727468563096,0.10641011928818067,-0.42669326282477715,0.89811455058529233,-13.134765531666623,-8.4193089445806457,-3.6712298827394041,,0.2949469787450093,0.25,False,1
-0.40204878467449368,-0.80119826747686285,-0.44321339209666971,0.9007742193737629,-0.43291236149274231,-0.034535387334812574,-0.16420286371848378,-0.41312010778809938,0.8957506327588044,11.340444173449386,6.2700765453615848,1.1094880842108021,,0.2769885421904347,0.1153846153846154,False,5
-0.86525906337571512,0.47236805752886524,-0.16791417889084823,-0.45960083502639393,-0.88120580596453113,-0.11064989822608842,-0.20023442683320633,-0.018567330470718346,0.97957206399017405,-11.195229042367879,22.638556450774924,-5.6446775282040464,,0.2869433664316019,0.3809523809523809,False,5
-0.94678099681835615,0.21963805720066265,-0.23529740307271055,-0.23262125310163215,-0.97214789521878275,0.028562605397964166,-0.22247043998938282,0.081777708764747492,0.97150363338493062,12.573167169068793,8.2317551898940096,1.2602604776012201,0.3897714713938638,0.3235588912847377,0.7843137254901961,True,5
0.44165253307229718,0.89095126083414455,-0.10558830829629048,-0.88249338691802559,0.45261245214086276,0.12785691304340074,0.16170486101776882,0.036712654290915719,0.98615603174048494,17.244879248567575,-6.3849523030613682,3.9281851445779097,0.6433181322160243,0.4870703848081918,0.5294117647058824,True,5
-0.83073636651838978,-0.48649423823984073,-0.27055580848184013,0.50362480303816548,-0.8638939413231993,0.0070225287353448337,-0.23714794350488044,-0.13042474575212704,0.96267867878482727,17.470094052609515,1.9967477066820847,3.2507907125770301,,0.6733426808611649,0.4285714285714285,False,1
-0.96819781328065602,-0.057614517738997839,-0.24346162265182456,0.048586478003145923,-0.9978959421366157,0.042930674610662398,-0.24542279542415477,0.029736442507123574,0.96895995555709868,3.8333433613240846,-4.2786129622413247,0.19057833957684306,0.2898300856312257,0.2646584123575036,0.5974842767295597,True,5
-0.35641244638338737,-0.81752821828959976,-0.45234696899973115,0.92272916612855604,-0.38403677884358112,-0.032964199840853872,-0.14676870933107836,-0.42914259261425092,0.8912326189977624,1.5028933365348844,-12.139216576923024,0.37682136685827755,,0.1484016290668931,0.3076923076923077,False,3
-0.4418377754419055,0.89411380997073175,-0.073074448421946714,-0.89541525820017887,-0.44452732847814003,-0.025039361381545513,-0.05487162814110931,0.05436864037026512,0.99701211395320266,-21.679130806902293,5.3718874486563628,-6.7478072967176557,,0.1868127231644579,0.3469387755102041,False,5
-0.30592829248652181,-0.9118593363191656,-0.2737159670604784,0.94263861226956047,-0.33044884871898583,0.047286414949902718,-0.13356768514426987,-0.24354898716247722,0.96064747141567686,1.2340890933576789,15.540516210731766,-2.2068810888782719,0.1620249598794091,0.120422742407662,0.7166666666666667,True,5
-0.001542206190701916,-0.95145369592403817,-0.30778805388214198,0.9978703763151503,-0.021535098507337376,0.061570704112771227,-0.06520992004847502,-0.30703762643163179,0.94946066916039451,-11.313021758947897,8.5202340277884847,-4.6050734254385279,,0.1466989922826474,0.5280373831775701,True,5
0.96238151582966702,0.14568050870695975,-0.22934473478210599,-0.087437797538654521,0.96525983877051369,0.24622768978795195,0.25724783682469005,-0.21691157885093179,0.94168620963111416,-22.206399684660862,14.289210382442901,-7.5195929534377575,0.3875066684007068,0.4128241027380721,0.3013698630136986,True,5
-0.96292750200682597,0.18033925629348729,-0.20061998534146386,-0.17818401851390178,-0.98357261484795422,-0.028902713841404942,-0.2025366174920841,0.007916057141819921,0.97924269444004297,-8.7025328418437109,-11.887224563879059,-2.2464312631593519,0.4899226258406374,0.2497551606388794,0.711864406779661,True,5
0.75838986222276705,-0.59527421642310063,-0.26550597759673134,0.63552946601511406,0.76577779532003853,0.098420861718057487,0.1447311808294135,-0.24337825592407514,0.95907242158195694,13.119543661407409,-3.5290401944002592,2.5686297833587921,,0.1733132643559867,0.21875,True,5
-0.52245944323285731,-0.78072061599516096,-0.34279943106275812,0.84207729792129726,-0.53559395278208544,-0.063599859031520697,-0.13394758117405833,-0.32189196557758171,0.93725322511806886,-5.9577637747705312,19.478243995303618,-4.1432623684821683,0.5349132897433821,0.2788408631080829,0.6896551724137931,True,5
0.96501276289910431,0.11008490492313522,-0.23797411865558296,-0.091809277956114543,0.9920041458681782,0.086595791246011758,0.24560420176172504,-0.061717811759736049,0.96740347724647735,6.1180758719382666,-5.1193181820928437,0.89557852594938536,,0.07815736622094464,0.3461538461538461,False,5
0.95904094749014113,0.18486813007822617,-0.21462580347803484,-0.13894457927932102,0.96727619083842031,0.21229972804035269,0.246849883382805,-0.17378304036497735,0.9533438991022074,-21.934736256309559,-12.228008235970659,-5.4985177841900121,,0.1718809626284282,0.3846153846153846,False,1
-0.28670099727623094,-0.86839820760861508,-0.40458261354507008,0.9463549908275054,-0.32241804616703601,0.021420430474272466,-0.14904619920241768,-0.37673751675135292,0.91425055317201609,9.9606927248813868,7.9097932626304113,0.55054112955427414,0.7477203216018333,0.3629864867334995,0.2307692307692308,True,3
0.88753400276637562,0.41084757589126458,-0.20853695911700901,-0.39750458476005879,0.91165265862090095,0.10430501006269161,0.23296673373731,-0.0096798457485956502,0.97243652829274929,14.045765874703809,2.7491650282536346,2.2743056075021166,0.1533739633228787,0.1079702058860038,0.3809523809523809,True,5
-0.90525401516439252,-0.28858338398690131,-0.31182494851344988,0.36278095355906959,-0.90702577463665646,-0.21376207306149175,-0.2211450830643068,-0.30663312709399665,0.92578127957149725,-17.470905741375557,16.428432149838535,-6.5229815292373798,,0.3303599351689466,0.1818181818181818,False,3
-0.49661163471967851,0.86434365061277685,-0.079290213181878233,-0.86508015863691201,-0.50033890204991149,-0.036018081962050606,-0.070803978657873412,0.050705391635092495,0.99620066244976391,-27.789727931272814,19.533164007064201,-9.1557928446051307,,0.3791912530563161,0.3333333333333333,False,1
-0.58537160313986902,0.790550357912019,-0.17991725276537304,-0.80593647405870439,-0.59156022259681784,0.022867068527188839,-0.088354320886324236,0.15838760887892323,0.98341592387673604,28.018049708211695,-2.8324538851992376,6.5500483046925027,,0.1540592268054662,0.2222222222222222,False,4
-0.48206962242063095,-0.78860526930149211,-0.38172058939642328,0.85043508902070508,-0.52593076139677275,0.012529707856043348,-0.2106395938601697,-0.31858839188917942,0.92419283596654811,20.711862103395791,-6.8764546691120891,4.8832169746839735,,0.4491873705781227,0.65,False,9
0.96111926494966293,0.1432112859287577,-0.23609380789265458,-0.11827396420074972,0.98610282619605916,0.1166725570148662,0.2495215981330311,-0.084212491655211219,0.96470058998342167,-14.021677078154385,4.2951794659408353,-4.8436458168378103,0.404445416307428,0.417388481511146,0.9821124361158433,True,5
0.95174314547268957,0.22176580418243352,-0.21214361442444771,-0.15077442826616172,0.93996036236927849,0.30617248236186428,0.26730517545824323,-0.2594117292450992,0.92803744423557843,-0.28010830630683781,15.307975306921989,-2.571310920316598,,0.5545207264070509,0.3783783783783784,False,5
0.64695195371413161,-0.70822024841335829,-0.28262563458184425,0.75377211229400198,0.64998714835764049,0.096665969698451065,0.11524223320166629,-0.27557355952127338,0.95434712813497202,2.4177345197664795,-3.8696939154463181,-0.21525818594833188,,0.07214413555563545,0.2857142857142857,False,5
0.30609538383451351,-0.90974352567652761,-0.28048588820980763,0.95185902885335771,0.29755024412417747,0.073676600165770725,0.016431834515546924,-0.28953509236582226,0.95702634504133188,5.5515877799621522,-4.3156090662899151,0.68608932493394237,0.4982035194660387,0.4883984925080713,0.9112271540469974,True,5
0.92398702505060015,-0.27356095542096659,-0.26723095106538519,0.31952321281988844,0.93619753261508576,0.14642095613224915,0.21012590037260684,-0.22067755571102748,0.9524434483989106,-1.8481211877582597,-11.754128690544858,-0.50364472636616242,0.2498514570881594,0.1853347164027886,0.2,True,5
0.64297721763223503,0.75063258744620931,-0.1520888433440199,-0.73649298906302108,0.66047310223454236,0.14612788332724061,0.21013894133865224,0.018055466997337732,0.97750479561206338,-12.157130433715453,-10.697714663462676,-3.1891980715491894,,0.3210000258848116,0.6530612244897959,False,3
0.5803866397398878,-0.68518832503457971,-0.44007761548134927,0.80819265998912238,0.55093334288479412,0.2080794945147019,0.099879791505338239,-0.47643405727770377,0.87351852660075691,3.7506074986297078,12.171304636801604,-1.3251849742412769,0.4056327291509668,0.501598383038647,0.2727272727272727,True,4
-0.38937293863287792,-0.82448683824016233,-0.41062168504492957,0.90844022326250651,-0.41735836003650689,-0.02341708919581021,-0.15206931123393744,-0.38214323607304335,0.91150505851830466,-18.580951099101338,-6.7536306525946079,-5.0874836951301381,,0.4023674708534238,0.3478260869565217,False,1
0.13764506298026274,-0.93919057563819985,-0.31460276424333633,0.99014576243703056,0.12220219936223735,0.068395844895909677,-0.025791583223075273,-0.32091694424480116,0.94675609801649974,10.507251244209987,-0.41391833081802831,1.5948150319848207,0.2748989128640585,0.2012793230851197,0.5571428571428572,True,5
-0.37173799086292381,-0.85305279711730686,-0.36621276804548597,0.91967055535303599,-0.39218101361162955,-0.02000305424663934,-0.12655803319361428,-0.34423099496253234,0.93031612172490608,1.7836675372915036,4.2967409436407831,-1.1857335154544721,,0.2587244627436309,0.3181818181818182,False,6
0.96575546472529405,-0.10049151607090906,-0.239202503228964,0.14462799263169468,0.97393069322349979,0.17476197682711342,0.21540456378767558,-0.20337271202146145,0.95511277549013984,-26.426170049804071,5.1849121087662562,-7.759105936548008,,0.2001372143263661,0.4705882352941176,False,3
0.81764265256158108,-0.51512830991614211,-0.25710565344815284,0.54956398864549316,0.83142847089597016,0.081890904059276445,0.17158063729954692,-0.20825350442796545,0.96290734902032682,15.409395944964283,-3.1011237495460779,3.2087289965820887,0.707641413462136,0.5295373805632041,0.9822485207100592,True,5
-0.91116964895140007,0.3650164325287924,-0.19113574970093328,-0.35615835174194349,-0.93098824480103604,-0.080075692483736444,-0.20717407973548801,-0.0048879470375013251,0.97829188316141824,-12.460300563006465,9.5257965644281075,-4.9141348744557298,0.8402147534901253,0.3465938593184459,0.264367816091954,True,4
-0.70926813344733652,-0.62005111422045389,-0.33537341968335205,0.67005192751837783,-0.7407957995524389,-0.047455218831757309,-0.21901855927075775,-0.25837608078039531,0.94088929825751821,-13.682191767273672,-9.2195609782878449,-3.7123256365656765,,0.07047896279823296,0.1666666666666667,False,2
-0.71706725486790324,0.67565122627172003,-0.17120155499799533,-0.68298455947754733,-0.73013497555767504,-0.020856868956174043,-0.13909221226032481,0.10197224085463355,0.98501523774184041,-6.4528689548672871,15.668548135757334,-3.9702992900973393,0.1961476262545674,0.1303158342377517,0.1851851851851852,True,5
-0.5747233326327299,-0.7631025562469349,-0.29558007303761741,0.79592099710700781,-0.60521678471008011,0.014913412398903349,-0.19027048455216522,-0.22668730038223861,0.95520155493680914,7.8165401124169565,5.8104680724946309,0.25769461782509956,0.248864297094137,0.1572168872924798,0.3829787234042553,True,2
0.50700743991281627,-0.8079030263173318,-0.30039333537938273,0.85888351627907833,0.50286641020407619,0.097182709123349212,0.072543513404988505,-0.30727524071386575,0.94885160331165475,5.6580836789465678,-8.5858569065808332,1.0942472118957991,0.1301965381053863,0.1350845648419745,0.5254237288135594,True,5
0.8803490595061626,-0.35096287092009709,-0.31907772824523306,0.43352908683050767,0.86829937793084788,0.24105750591261188,0.1924527586149955,-0.35054422477117786,0.91655915367261076,-25.683036286058773,20.912272518059137,-8.7551944059788038,,0.2447126868244581,0.3461538461538461,False,1
-0.15674716780427694,0.96917182052009132,-0.19009552255408313,-0.98740018965937493,-0.14954881391384608,0.051730239875653158,0.021706930827931861,0.19580892361364419,0.98040179242354397,21.638205474306044,-3.3769030154974882,4.7929223401472427,0.9201806668566755,0.7323875727886391,0.9849624060150376,True,5
0.035752194801752436,-0.96256895314075686,-0.26866855233980363,0.99828654229182157,0.021937668493467045,0.054246826451970598,-0.046322349313231273,-0.27014764324453949,0.96170395174581924,2.2103004752850151,7.4361365010080318,-1.373580828510907,0.375667606983021,0.3117955771718056,0.7766990291262136,True,5
0.90505003684906948,-0.3350782364614508,-0.26192939172491481,0.37620475117270413,0.91799075352437709,0.12555063376515319,0.19837947473109116,-0.21216868735426506,0.95688558987571048,-0.80916402344209437,-15.752199446666888,0.10598111153810193,0.3713641302064616,0.2610175940565503,0.5416666666666666,True,6
0.26676258863679014,0.9577568245506316,-0.10742246660029045,-0.95569125999804216,0.2772751263404139,0.09885706791253232,0.1244666094466875,0.076291345115939213,0.98928645689367811,6.1084216439982137,5.60149597191075,-0.18446831642830375,,0.5538558027351193,0.7073170731707317,False,1
0.96578376090030194,-0.035148912592438547,-0.25695579605223612,0.11667832955122472,0.94373033083330427,0.30944988298333309,0.23162015152919027,-0.32884284484968174,0.91554054459470224,1.9777336731606312,-5.0847941053179069,-0.17224123343294531,,0.1505980096910313,0.1454545454545454,False,4
-0.81501912065693172,-0.48448342968137459,-0.3178358685355957,0.53035515474518635,-0.84467670099073133,-0.072420167347401074,-0.23338218183660259,-0.22758971235007314,0.94537594640100708,-27.511689792605303,12.24750790900171,-8.4752276188869065,,0.1525500878103206,0.4615384615384616,False,3
0.91801176726310196,-0.25992984886797665,-0.29948433821144577,0.33098677444426688,0.91819030857565609,0.21765640900447195,0.21840821941826463,-0.29893649978751802,0.92894285011798816,17.181697933661518,-13.33375159079508,4.5259336061522957,0.5706089292123331,0.5852800110625441,0.3043478260869565,True,5
-0.79382605009425811,-0.53401710233208388,-0.29097411673307488,0.56234038520006291,-0.8267336228949127,-0.016876253971094962,-0.23154587745151786,-0.17702330691718732,0.95658206937162982,-16.246854834847483,-3.953805821368102,-4.804107976476427,,0.1064707749321046,0.1052631578947368,False,1
-0.57391228988085163,0.81417569313943861,-0.087992182747288206,-0.81611783719933795,-0.57751560884058317,-0.020673590654878254,-0.067648793993628553,0.059947162121365222,0.99590661129686375,4.1714905215913145,7.0664717150018808,-0.79625261100581723,0.6080057735196104,0.3849039480001618,0.4343434343434344,True,5
-0.78831077259419913,0.60524466930486664,-0.11065720080492168,-0.59903345033107802,-0.79603721631906199,-0.086508240182329513,-0.14044590131570939,-0.0019080128517455219,0.99008651555840155,-14.983976925380352,20.160320368630305,-6.2518695436619494,,0.2284128850707837,0.5454545454545454,False,5
0.74631959617713484,0.62276215327259254,-0.23489223233917902,-0.62688220260159377,0.77628354010471878,0.066351860741509394,0.22366440133238352,0.097730066068585045,0.96975412851034415,-10.292490764628687,-8.3997746119169943,-2.9717955559730971,,0.0797478007383507,0.3461538461538461,False,1
0.51964345303580284,-0.77605570960825021,-0.35736286502862075,0.85073012599181119,0.50862348397573243,0.13251567559479976,0.078923598796467445,-0.37288025843804695,0.92451683511994043,-17.633446264026556,1.4231722598619299,-5.5253526008302138,0.3857348374563954,0.2178568097120551,0.6274509803921569,True,5
0.22928942914846467,-0.88929894889504668,-0.3956939943629898,0.97324090433652177,0.21577600977632017,0.079011744261469341,0.015116210074010719,-0.40322213865210321,0.9149772713536789,-14.936965936451552,11.446195397669738,-5.5592527407564276,0.8827071078414059,0.7432303941389541,0.1582278481012658,True,2
0.23825231307263847,0.95362844878188213,-0.18392557459309139,-0.96276179501194525,0.256822259047568,0.084451485025905201,0.12777152022620003,0.15695575469400702,0.97930553439032508,-8.85074851132749,10.370542395888004,-4.20965624137206,0.1884281038520323,0.1164203163985847,0.232,True,5
0.060105910328876709,-0.95320405301418598,-0.2962926135779736,0.99663865915135419,0.040754534406140928,0.071066525244518813,-0.055665632382361316,-0.29956819130653378,0.95244959768420501,2.5464004448920265,-20.648025626185078,1.3642950168371999,0.273765710436546,0.2684708083123822,0.7619047619047619,True,5
-0.49004458043360338,-0.8280025569429188,-0.27252169617049304,0.8508635627947575,-0.52229788551612299,0.056886872770427269,-0.18943998177751609,-0.20400167764353233,0.96046645377272755,5.2928001284363591,14.088598818424312,-1.0454248620001561,0.3186860462774641,0.2863888750403493,0.8813559322033898,True,5
0.61782998792551413,-0.7119358586718465,-0.33381647526319042,0.7788225601638149,0.61251614436144453,0.1351273202445436,0.10826599558421218,-0.34346951252443209,0.93290255019824497,-18.437996945866814,-16.043067632848818,-4.435852883351612,,0.2484084639256738,0.8333333333333334,False,3
-0.64780910310949769,-0.68538283106806663,-0.3325563723725502,0.73354671709939978,-0.67899650245861043,-0.029545955419773062,-0.20555432313906991,-0.26308577408536621,0.94262044095847108,-2.9630121328543195,25.361922258219852,-3.7131538378754092,,0.3208767152515711,0.3333333333333333,False,5
-0.31195639917756418,-0.89549081429879418,-0.3174577239864424,0.93961588203152369,-0.34027626060318927,0.036524795742531029,-0.14073094629928212,-0.2868941755707049,0.94756874831186566,-33.406292814664781,10.386333933734267,-9.742887589012069,,0.2509250102769232,0.4482758620689655,False,2
0.95351643267405028,-0.10220089449446623,-0.28348084553473096,0.18400701335169176,0.94245185234620188,0.27915215393509801,0.23863744814665069,-0.31833862972272986,0.91744900957399844,-12.563518353763298,-4.5789349715676737,-3.7893457790058056,0.7490679131976941,0.6774024004467631,0.6363636363636364,True,2
-0.74659765753017848,0.64796663925435971,-0.15076860476857173,-0.64853412401047339,-0.75939447097971169,-0.05218742606617674,-0.14830855593801467,0.058815574968329995,0.98719060995165786,0.98069293348600484,-7.569585574196811,-0.19207873925409863,,0.0800794684806478,0.3714285714285714,False,4
0.97049502977547708,0.030804129859455472,-0.23914535906995804,-0.00056952932043049316,0.9920960022644848,0.12547987060553573,0.24112045292229065,-0.12164139046570709,0.96284178311294755,-5.6869677651047521,-1.1996859925174028,-2.5170493837150385,,0.0808417949634943,0.2396694214876033,False,4
-0.96192858255304692,-0.12702875066655575,-0.24198574043025908,0.12353421584690351,-0.99189805056816893,0.029623551342764148,-0.24378822691544683,-0.0013977779368518975,0.96982748292377363,13.781408790973238,-6.3736763432498948,3.0438657655082357,0.1572443416000472,0.132151520133557,0.525,True,5
-0.7547491082654264,-0.54051793137365423,-0.37174473693125859,0.61618170045302778,-0.77856319617367975,-0.11899353591956441,-0.22510863066386477,-0.3188725692614075,0.9206771361195355,-20.486928219172679,-8.9147846130102568,-5.4242570990166223,,0.1748098837491189,0.4545454545454545,False,1
0.79253457904290592,-0.48964952236485243,-0.36350004988879697,0.58581095791596038,0.77692166608041724,0.23069080250503105,0.1694534231193659,-0.39577275048025007,0.90257934131600237,-6.9442340718638347,14.253375550283689,-4.0057488517466204,0.5747044546523612,0.3611840124723297,0.2142857142857143,True,4
-0.8727000339478157,-0.36554333544695167,-0.32368614529788037,0.42178409436444103,-0.89836225186646423,-0.12265171080170589,-0.24595289892304872,-0.24356381983318953,0.93818113239374823,27.685785785035314,6.5012813896730552,5.6668346383892674,,0.439971275649922,0.1304347826086956,False,2
-0.95641533442237159,-0.11074389817032307,-0.27019529437017198,0.12193279147437835,-0.99222526492144925,-0.024928257356363684,-0.26533394514273617,-0.056787434081850025,0.96248277121483616,-7.0276643172562014,4.6676127849252786,-3.382986213761499,0.3017761126119673,0.2088826787845024,0.241042345276873,True,5
0.53734587671254652,-0.77798524041221184,-0.32557391554112047,0.83953901953302423,0.53015985665088528,0.11876346693087035,0.080209996020147029,-0.33714906509831011,0.93802817891670098,3.1713384167795211,-7.4609516128340525,0.3519571996461307,,0.07678643333066412,0.3076923076923077,False,5
0.89426192181686148,0.39439028357586448,-0.21154649467520037,-0.37437381611816589,0.91822124090723223,0.12928263051124073,0.24523429815899947,-0.036415065120545223,0.96877968704898609,-17.180402424735465,7.6294132501070839,-5.8133962130250119,,0.09911724925159927,0.391304347826087,False,5
0.69245565728568359,0.71010073846812194,-0.12752295448302919,-0.68951525203945796,0.70338918627949809,0.17266258954976138,0.21230609953087909,-0.031632164834145909,0.97669111097106354,1.9609135000734343,-14.321417108027449,0.72418898918955998,,0.1541377296239083,0.55,False,5
-0.13142279706994756,0.98786041815269687,-0.082824167110152502,-0.99074713061275532,-0.12803097787180406,0.045035451455288054,0.033884680799785766,0.087976490907336752,0.99554606395421408,-11.148156118824462,-5.0251739728827394,-3.3900382997968448,0.3429656425821974,0.1811091394634482,0.25,True,3
0.3766075706910072,0.90822453285846361,-0.18246899904434535,-0.91084797204214829,0.39895146892867561,0.10580027063462213,0.16888667657611525,0.12635633483794645,0.97750261744989575,-6.6569858562920734,-10.751291909873236,-1.8063288032494982,0.2077531018182345,0.2273765312761977,0.2765957446808511,True,4
0.89234484622795551,0.39463743060080275,-0.21904788010662052,-0.38317250794280117,0.91883686629856909,0.094433268965183614,0.23853617035416633,-0.00033391529353210547,0.97113355617718533,5.4988872714541897,11.253121967433961,-0.88056701212325605,0.3022587840898279,0.2812712429005608,0.7115384615384616,True,5
