axis_00,axis_01,axis_02,axis_10,axis_11,axis_12,axis_20,axis_21,axis_22,location_x,location_y,location_z,dbh,dbh_approximation,score,reconstructed,number_clusters
-0.70118969848134716,0.70180477952609088,-0.12571021508999286,-0.70275541705813716,-0.7100570721099797,-0.044201562665209027,-0.12028229520208188,0.057349854236413839,0.99108181482659707,-9.0749367079684067,4.4229237486784205,-4.1172327640294011,,0.08405346877519375,0.226063829787234,False,5
-0.21977161860081751,0.97549582297860116,-0.01040841048771779,-0.97550014952589648,-0.21985688438372664,-0.0078999154448904339,-0.0099946952195912875,0.008417228782962527,0.99991462451905611,-4.311880397311759,17.879590238627838,-3.7620385418823465,,0.08788471017644682,0.25,False,4
0.90459549413528995,-0.36400114734919142,-0.22183362395859343,0.38891461802602345,0.9178003166196198,0.07992495666935065,0.17450619437659673,-0.15857409479923784,0.97180339811239569,7.1625436739063035,-2.0822544685150701,0.042870702662973423,0.1521762131328064,0.112792807275224,0.5569620253164557,True,5
0.2529281599245598,-0.90079257051751194,-0.35298738053594947,0.96745107372851502,0.23854280458891802,0.084473370480869808,0.0081096152018002091,-0.36286371447047205,0.93180693218175414,9.9146161682394212,12.093584501833492,-0.27050138906170257,0.5973234842517093,0.3709344039315679,0.711864406779661,True,4
0.38511080638465772,-0.87389052039643123,-0.29665640928018411,0.92165615928029032,0.38067567823865034,0.075072978216176811,0.047324315805532043,-0.30232662198158627,0.95202889807754287,-15.758897749182733,-11.960782640301113,-4.3785494113472962,,0.09716337783962317,0.3181818181818182,False,1
-0.29852160648979176,0.94997336638977892,-0.091844725536221319,-0.95403448185523965,-0.29969497275844198,0.0010633600142199162,-0.026515238825191634,0.087940471077807628,0.99577277310471568,-7.2153408710459859,16.149278407712831,-4.31966371432374,,0.08539410615902206,0.2456140350877193,False,5
-0.9407270620794157,-0.2520197179977931,-0.22697721562250697,0.27355961715589289,-0.9594107119882157,-0.068528983530972087,-0.20049371694134102,-0.12655886955318341,0.97148603798740607,-4.0220234600877021,11.825632339314202,-3.3871640314422145,,0.1004012891417431,0.25,False,5
-0.92986805375058856,-0.25840208819343174,-0.26186592644207474,0.30682363358976744,-0.93744979351792168,-0.16446015476089335,-0.20298931125767264,-0.23327289909134072,0.95098848261409352,11.407161300608319,-2.1984370633295165,0.96365929567976361,,0.5791027964054393,0.5194805194805194,False,1
-0.23025367568486024,0.97026551615436796,-0.074619521543013725,-0.97219770434246389,-0.23271251763533105,-0.026009763687276158,-0.042601273512106651,0.066556083850561137,0.99687281997134558,19.942607868569102,7.0906344623920834,2.2838989437770172,,0.2751701800316365,0.125,False,5
0.81874949334946523,0.55013257127445336,-0.16432717718914558,-0.54240506377832465,0.83497399222762414,0.092817989048971664,0.18827111814515191,0.013137211516228847,0.98202922550500116,-18.776160074744364,-16.666290856630315,-4.74067701008613,,0.1713287344506938,0.125,False,1
0.8961645942960389,0.41568176442064808,-0.15523430889578577,-0.3987698112539495,0.90791774779883261,0.12910461209571095,0.19460641706455872,-0.053796226261990501,0.97940507885004502,-2.9973468978148912,21.033540676214944,-3.6017256696729465,0.2408089040057826,0.2562467806988975,0.6276595744680851,True,5
0.68374263246342459,0.71003847424931099,-0.16834897575482172,-0.7104650353325066,0.70039187497205291,0.068488356989439725,0.16653962327916819,0.072777651506786417,0.98334529404436077,18.758643561537117,13.549339000079549,1.6342387513267549,0.2500140661095614,0.1539486255638108,0.5,True,4
-0.97384490541246893,0.13624180760705898,-0.18183583272320145,-0.12534034926776674,-0.98962646987649405,-0.070208596092089834,-0.18951489927605486,-0.045580916837522106,0.98081929170089077,-16.719504590356213,24.552408006460716,-6.7711415692168178,,0.180576230977495,0.1764705882352941,False,5
0.11613220222139298,0.99292050350493077,-0.024943643012309835,-0.99149478909862576,0.11737774900421426,0.056218744462822275,0.058748572727190168,0.018202685467252289,0.99810684169797137,-19.780068383651539,-12.281795101895408,-5.2673268333564653,,0.0902400682101681,0.125,False,1
0.55806032378986958,-0.77683686798431617,-0.2917073114473881,0.82588005847696022,0.55410390362995754,0.10435992042989962,0.080565526260541892,-0.29915438242212056,0.95079748183091095,-6.226662621132907,-12.605555643594947,-2.2605592276435384,,0.3556351200609867,0.6790697674418604,True,5
0.43059207483318807,-0.79761422166514584,-0.42237663108694046,0.90071567689468701,0.40955253363170174,0.14483781133391471,0.057460721253695404,-0.44280726687053956,0.89477370877761464,-27.718734463138098,-22.247037130168113,-6.3442975303390385,,0.3104609629828965,0.2352941176470588,False,1
-0.85279127807244881,0.47912730579505852,-0.2078077498197046,-0.46738276371345605,-0.87771739808921978,-0.10566703021786392,-0.23302443697417671,0.0070138386821957666,0.97244558605600639,0.49474549351590152,-3.2388822735927012,-1.3778543316823741,0.9510666595351684,0.6961588873336021,0.5792349726775956,True,3
0.37636908952770881,0.9142833802418493,-0.14977385974068361,-0.91991153108270185,0.38799051653379579,0.056799067430003888,0.11004128056853685,0.1164012873355646,0.98708746161495753,-15.437520561978683,-17.81149061270877,-3.9702508951327484,,0.1056888230331613,0.5833333333333334,False,1
0.81871374543537534,0.54139452834027013,-0.19131065761843169,-0.54242932645071473,0.83851483459159848,0.051607150435275195,0.18835665329742032,0.06152102773069814,0.98017189018332662,-10.022573829585289,-1.7422522209640996,-3.8089800701576091,0.2038184000113882,0.1635539267508337,0.8275462962962963,True,3
0.8788624894973488,0.46775572212621125,-0.093836607849547379,-0.44070379339529214,0.87132668847531503,0.21580076097558354,0.18270438156082291,-0.14830504498778169,0.97191806372227152,31.056322700001186,-6.9155487759124217,5.5385038692803867,0.6915134033608605,0.3816235712484891,0.3,True,5
-0.90974134278437147,0.36874347057589207,-0.19078506790767627,-0.36204777605315774,-0.92951633778969833,-0.070148311718754033,-0.20320456954471491,0.0052564902430489446,0.97912219473693551,-0.91457399736268474,10.166629444322973,-2.5956343797331982,,0.2478576778932541,0.5384615384615384,False,4
-0.65745440157059187,0.74043977607110967,-0.13965188100137052,-0.74287529229939064,-0.66796498016289796,-0.044261556311040846,-0.12605558276629769,0.074643976901994424,0.98921093138203087,-18.052541624526786,23.569738759365027,-7.1026943540633773,0.6535937969427168,0.4175624936023581,0.475,True,3
0.96677797741674254,0.16526764518254022,-0.19500499439196695,-0.15196595124189535,0.98502711189508085,0.081412152009280397,0.20554000108285245,-0.04907335618698077,0.97741757384825412,17.865855524730801,-2.4819335000419263,2.3605988371647912,0.1498681526541449,0.1701497821439983,0.5135135135135135,True,5
-0.28988700118563876,-0.90297884772652526,-0.3171667181500526,0.95093536026640568,-0.30918961331205574,0.011123111747330067,-0.10810858956900607,-0.2983806018802474,0.94830456567654575,2.7613377454784755,-6.0594145129463994,-0.6967746392429246,,0.3215421721223611,0.2892156862745098,True,5
-0.67406454576190733,0.73773794730573794,-0.03714443769814707,-0.72891844426806651,-0.67246703428380417,-0.12831987144385504,-0.11964484841653825,-0.059420610116882933,0.99103698283198405,-3.7722736924404181,18.990677500587317,-3.6197055530196827,,0.1735496380677649,0.3333333333333333,False,4
-0.85790276098916929,-0.45460216939167702,-0.23945713660599455,0.47541663325920358,-0.87908998114480896,-0.034348651666461005,-0.1948893981407015,-0.14330970879602323,0.97029915482656937,-21.457227880165895,10.327618425553752,-7.1350819134642522,0.4153818161621468,0.3690534956524184,0.9306930693069307,True,5
-0.97998675072497343,0.034806400949463009,-0.19599612969763661,-0.032879665054154544,-0.99937376866411043,-0.013076625406360103,-0.19632854104646677,-0.0063706325460575041,0.98051747511787257,-13.090051236092172,13.402706984400526,-5.48816760170984,,0.09763908774560978,0.5060240963855421,True,5
-0.86025974893157164,0.48741852997460816,-0.14958723543665672,-0.47876914683395383,-0.87313818422341627,-0.091705045067999744,-0.17530906539046273,-0.0072724059586979223,0.98448658888960727,-7.4403464845003109,21.865372761425139,-4.5432041434336803,0.410840187673447,0.5271596379307705,0.7938144329896907,True,6
0.59021551253759863,-0.74893536135750893,-0.30123325392173572,0.80192291508495417,0.58675354415838643,0.11242738402729691,0.092548835873978594,-0.30792223519237705,0.94689947198871194,37.646688100148232,0.055867903663157956,6.7341668065307578,,0.2093110542379445,0.3333333333333333,False,3
0.62006125026033432,-0.75377955691588427,-0.21757855018655872,0.77835266142950243,0.62582951429749667,0.050045514082382947,0.09844379295416128,-0.20038412763952407,0.97475895534175316,-4.7021997949378314,6.890119550833794,-3.3195597300649755,0.1220889536406805,0.111666843919874,0.3541666666666667,True,5
0.58708246584728641,0.7909195597432388,-0.1725700678282015,-0.79604584890395758,0.60277793712111261,0.054495549935685547,0.147123025857432,0.10538030430576809,0.98348859003395472,15.139805369570881,-5.3790306943804822,1.9569098858227463,0.3854350065810032,0.370856395504946,0.8661417322834646,True,5
-0.16315482515748786,0.97342162731525417,-0.16071975143943179,-0.98659110112866311,-0.16026367043928161,0.030879687677527731,0.0043014185522735268,0.16360284658969895,0.98651690628502975,-5.3905569253937395,11.185955092100491,-3.7067349161920125,0.2068142429093092,0.1494278584659289,0.6527196652719666,True,5
0.7948931636278046,-0.55736351866872613,-0.23977232216208186,0.58949206026638556,0.80300373327255237,0.087659085286327473,0.14368009361311146,-0.2110234878101496,0.96686354688330645,-19.678062148795281,-6.8339497325922949,-5.5520348943954261,,0.2331140829578543,0.1176470588235294,False,1
-0.44448178561061891,-0.83387561939499522,-0.32724210248531405,0.88534411057697193,-0.46455813620342423,-0.018749505430029751,-0.13638822576405163,-0.2980556818210543,0.94475449848472282,0.95152875502640222,-5.4259992572695461,-1.1136345991382899,,0.2519315905782293,0.7774647887323943,False,9
-0.69794451424668058,-0.65258684278329471,-0.29496418029838339,0.69498563878911912,-0.71659358316830069,-0.059064358448192127,-0.17282481566559271,-0.24621951423099608,0.95368104411381016,-1.0141438361614989,-9.1248116162538633,-1.3395616313882579,,0.07499141666767573,0.1951219512195122,False,5
-0.36882306222814004,-0.84335656008241533,-0.39079311833067643,0.92055124956410872,-0.38961866665309852,-0.027976624553735691,-0.12866602385484888,-0.37006351773907442,0.92005328494819594,-26.016736696157384,3.8442794800340372,-7.7240821129576505,,0.233453025004879,0.1578947368421053,False,3
0.21416052146516742,-0.95023109836662734,-0.22626561988671923,0.97671139999656076,0.21141009360033006,0.03661438843758922,0.013042705337715222,-0.22883756689156948,0.97337724229438449,-0.45815426487149447,7.5855123560557329,-2.397359090672083,0.2232720102813382,0.1958690962058283,0.7469135802469136,True,5
0.96200410222240296,0.22982036350127155,-0.14741339093654907,-0.18012122359686716,0.93994288689199479,0.28993743151085183,0.20519369414588723,-0.25236871815121187,0.9456244381261929,-17.319100623697416,-8.6855946048132715,-4.9108695686823411,,0.1092116904496607,0.2083333333333333,False,1
-0.41557146478832091,-0.85569364512612311,-0.30836462725879743,0.9020743349909871,-0.43115000971563905,-0.019275976571163866,-0.11645708138304507,-0.28617836188812729,0.95107291696418861,21.089527810787263,4.3838126412970659,2.6998186418720431,0.364583685655936,0.5094847957811592,0.56,True,5
-0.36505400985708719,-0.82197276174940193,-0.43714568375922891,0.92828290534997471,-0.35712982330777998,-0.10367804463416774,-0.070897232119967471,-0.44364295130906306,0.8933949374333352,-14.706413932274971,-7.6991947919882175,-4.4283723449389676,0.8451330715129804,0.3216682997602117,0.1428571428571428,True,3
0.91310808450559566,-0.31911021725026001,-0.25377607305854277,0.36743150235483468,0.91382635252993005,0.17296094501104622,0.17671365846417186,-0.25117736097892468,0.95167337687037978,16.701672700633491,8.5982774368776393,1.4771866456120357,0.4535347014871758,0.3948008888266016,0.4358974358974359,True,5
0.97568449205777419,0.094720173267732494,-0.19765591499900634,-0.078925413011728951,0.99313538531814327,0.086330096779233312,0.20447628502809742,-0.068630861899836998,0.97646262276443241,-15.962884988994794,-2.7592190036434494,-4.9950674502969568,,0.07606372283177423,0.2121212121212121,False,1
-0.22996265562127413,-0.94677878714128405,-0.22522678623753747,0.96971275099647236,-0.24249072990293719,0.029247674539919648,-0.082306485616041508,-0.21167941357255041,0.97386727447589905,-0.03414754505322154,13.169221504370054,-2.5464236259486488,,0.07883853083560004,0.2432432432432433,True,5
-0.80098383155515651,-0.55092725104780282,-0.23431616598120691,0.56998149598267855,-0.82148294630644636,-0.016937035308113073,-0.18315566009427386,-0.14712217025517127,0.97201289661960744,-8.5058576648863564,2.9772227506312481,-3.8403764259434703,0.1543589950649201,0.1223252277158762,0.5587557603686636,True,5
0.18935784843218317,-0.95228742159162549,-0.23935804125934068,0.98190157382800514,0.18275253644594305,0.049707240284097176,-0.0035922905257010918,-0.24443849349263341,0.96965814509435799,14.696726766728547,6.9141754335235746,1.1005840540490586,0.5822211475874554,0.5760802435442746,0.9303482587064676,True,5
0.68593330046641288,0.69941908339065095,-0.20076965184070053,-0.70832978549551318,0.70496954458548478,0.035872777796194646,0.16662659538961597,0.11760479155169021,0.97898145575539319,-17.41484031285972,24.961746400894857,-6.9811176403855715,,0.06836507925383949,0.1851851851851852,False,1
0.23627442314748037,-0.89413704021657026,-0.38038579137380624,0.97157357038828218,0.22335703018350511,0.078462949157996148,0.014805211558461789,-0.38811156950077685,0.92149347004216631,-7.4428058586637631,34.719537937732888,-4.913377755637538,,0.3309406249015778,0.1875,False,1
-0.92842812134782726,-0.28400223019250026,-0.23950773836398359,0.32177309739046572,-0.93695409628375237,-0.13630515490194417,-0.18569678857290531,-0.20361668571800087,0.96127880867671622,-9.9059177302582562,11.419921302930723,-4.7004232004597899,,0.3357517629056371,0.3416666666666667,False,2
0.96973802936430453,-0.12977085119279907,-0.20680348301064277,0.14582554935426553,0.98721756483262146,0.064314763790881649,0.19581384925526454,-0.09252570381600278,0.97626632153997372,-12.208323637458575,8.1432612682535996,-5.039236070993967,0.4243207767112159,0.373735274073112,0.9682854311199207,True,5
0.98347218281874971,-0.037854469341274975,-0.17705791361194434,0.058064813068638921,0.99219022334566742,0.11039491917918511,0.17149618976825201,-0.11885116679345339,0.9779894974112997,22.639031500731747,12.959251772806308,2.5123084447985238,,0.1736523806770299,0.4210526315789473,False,2
-0.97897877919164544,0.0050215632951765617,-0.20390030356649377,-0.006438007528772563,-0.99995953078505073,0.0062840155315142497,-0.20386049629954126,0.0074646295429432801,0.97897148955130009,13.658559358129203,-9.8641308788906592,1.9071601228012807,,0.09036672484866157,0.32,False,5
0.17969260459612926,-0.93584978554735399,-0.30314311264554672,0.98371915424873912,0.17178737563210339,0.052779950147568568,0.0026820547355234786,-0.30769185310047803,0.95148228050657324,-20.701925253078819,-18.156762096094862,-5.069391897711844,,0.1095241559988675,0.4827586206896552,False,1
-0.69330852028197831,0.70540168174417262,-0.14741697017950894,-0.70875858905116473,-0.70445187886416438,-0.037534155258246056,-0.1303248178614313,0.078460294144497844,0.98836199041249184,-8.9395288126384518,15.807843396608924,-4.6357128265743928,0.8981537661107721,0.4265246386510998,0.7132352941176471,True,4
-0.15189164491038065,-0.86103701913613528,-0.48532893987848902,0.98619408667167441,-0.164790833063337,-0.01628510829297233,-0.065955679211432444,-0.48110210248496166,0.87417996737760395,-10.341042042041243,30.213190027807975,-5.4360139928318976,,0.3727724995078465,0.1666666666666667,False,1
0.60214497910649711,-0.76100439645177453,-0.2414409507890222,0.79595341891934823,0.59579445757857163,0.10717797921801166,0.062286266924876266,-0.25671243230456653,0.96447869237886052,-4.2545852282526724,5.5093091077094156,-3.0773232405794713,,0.1297352844948824,0.2389380530973451,False,4
0.57758812892026357,0.79916764713125699,-0.16650232763862602,-0.80334729710752018,0.59268385908606613,0.057956564847221781,0.14500025365643782,0.1002841710218482,0.98433633046943358,10.020246986441817,-4.8205959329861106,0.81179983742947559,0.3489273497171088,0.3323685534387142,0.7929292929292929,True,5
0.17295244188896183,0.9778719822031221,-0.11770233331069942,-0.98242686061260132,0.17979138696857186,0.050125050810811325,0.070177748549768076,0.10696468386367031,0.99178306096365221,-16.758077788417019,-13.18362791732312,-4.5214719004154551,,0.07720043963775282,0.2272727272727273,False,1
0.54408280329516023,-0.77532105307824617,-0.32070417492156383,0.83364080939734775,0.54279755059319801,0.10204812579053305,0.094957380259859905,-0.32287471830985137,0.94166608317944622,23.247874503462263,-3.7579267420686029,3.5857039311295402,,0.2767560734733815,0.4358974358974359,True,4
0.068813908250236505,0.9949004185602377,-0.073741461742997394,-0.99701934878765586,0.071168507499094633,0.029790295120927787,0.034886446857894778,0.071471677530454081,0.99683235056684227,-11.735509297142727,-4.8215333164738281,-4.0062536527332098,0.1215412962829726,0.2506508023825458,0.310880829015544,True,3
-0.38288573136034088,-0.89801933393789879,-0.21670208257972348,0.91706777406251438,-0.39775087299122963,0.027945318225764765,-0.11128887858488654,-0.18803063289912883,0.97583772554399195,-15.173980161455141,-3.891792148592045,-4.7917078202342029,,0.07068009461257896,0.2068965517241379,False,1
0.58711216125613463,0.80008891015001082,-0.12311395518022662,-0.79562691762973736,0.59837499683754281,0.094473123705495113,0.14925521112562226,0.042486456837897896,0.98788551104731148,-41.208437301451134,9.6286802639909066,-11.353405861053355,,0.5563695343500873,0.7058823529411765,False,1
0.93708857058804895,-0.27877642733159436,-0.21011595474280753,0.29801838444358458,0.95230108693200954,0.065632936562000171,0.18179673651329675,-0.12412229208465357,0.97547096481687712,-0.92148368883490317,8.3353558723028431,-2.5702089687245819,,0.06693126759295835,0.1304347826086956,False,3
0.97446203212768256,0.10750001134564843,-0.19714840983957554,-0.079745294444791559,0.98640350419220302,0.14369695519131923,0.2099153066250799,-0.12430556897431411,0.9697853832505785,-11.410730669621429,-1.789561695003244,-4.1329451738820948,,0.07377491747179042,0.3103448275862069,False,3
0.6700686095658307,-0.6267329551936982,-0.397761060623949,0.73328020401822414,0.64215067553467353,0.22347852761586412,0.11536117574603008,-0.44141625795221556,0.8898558795366569,0.42350163751939607,6.4103527164637431,-2.062354091119357,0.2915464171015364,0.1652315264938781,0.3333333333333333,True,5
0.96917571192345053,0.18973882789112334,-0.15715475369258061,-0.17212563408067927,0.97784948855197529,0.11909300496235821,0.17627026269339124,-0.088371686241368166,0.98036689028182711,10.617842176154246,-7.9644275494114005,1.1492474160099939,,0.146912908481242,0.25,False,2
0.91765096110570499,0.34675622316015775,-0.1941052170382844,-0.34237673423721326,0.93784547378397043,0.056780623067918048,0.20172973364092203,0.014352316977517501,0.9793360636485009,-14.122959201340475,6.6893678198925475,-5.3555353491099815,0.4335972143514294,0.3782932632774264,0.8247311827956989,True,5
0.32559588722482796,0.92948846636087179,-0.17331621137213835,-0.93993228024807485,0.33807063725062009,0.047281632550222649,0.10254085415058678,0.14751079665934327,0.98373062273113887,8.6106524618290923,3.2505379113817625,-0.059619977311800403,0.2217075222200496,0.1901259029593626,0.7727272727272727,True,5
0.73545418839490273,0.66670841007815074,-0.12085955776627484,-0.65602054161863377,0.74527159084520134,0.11919439942152074,0.16954110341386142,-0.0083756677421522041,0.98548752526000194,21.812939537591159,-6.7815425015174968,3.4891827067276742,,0.1027522123096778,0.3478260869565217,False,5
-0.79716917954359212,-0.54324086686825623,-0.26345902859842063,0.57149771591594456,-0.81967161139999323,-0.039100002145757963,-0.19470916744893196,-0.18173554971211736,0.96387786056231206,-10.929631497190986,-7.0716004190999628,-3.6480888957921209,,0.08488941027039118,0.1610169491525424,False,4
-0.91802034849251046,0.34836158582750448,-0.18942767821371004,-0.35340184397735513,-0.93544065955314948,-0.0076098047395587939,-0.17984931589276507,0.059958135182104522,0.98186518707936155,-26.628924061685716,5.5626195051909484,-7.9223530030940594,,0.07729793794376215,0.2222222222222222,False,3
-0.70884247425778857,-0.58654758911082117,-0.3917962128407837,0.68795071631186389,-0.69755189063543221,-0.20036260079398097,-0.15577598856720737,-0.41156200696762341,0.89797024216100396,2.7429040660472461,-12.392963797142297,-0.32741902392883243,,0.6078952267974185,0.5568181818181818,False,2
-0.96642315749107655,-0.12128264368924364,-0.22653211914588597,0.14612279752336646,-0.98457252803743189,-0.096255208056111277,-0.21136321512723838,-0.12612476907304088,0.96923585051180861,-4.9678971080596055,15.677413337745641,-3.7734615825849729,,0.1689764514027269,0.25,False,8
-0.78299873352370764,-0.55136597322696645,-0.28793844284456388,0.59097055504975038,-0.80383974457674856,-0.067789882010367467,-0.19407933008041334,-0.22324253314785181,0.95524655719309992,-7.4231580829682029,10.232959745470881,-4.1053376834935635,0.4832921580717923,0.4743535160420779,0.1879194630872483,True,4
0.72530123726580553,0.67025755704502055,-0.15713981813892242,-0.66441261220295467,0.74128413838441842,0.095150969124425624,0.18026091081079895,0.035392561417792304,0.98298187706078788,18.941473635131256,-12.389885635929303,3.1869075746623206,,0.3265205762564892,0.5531914893617021,True,5
-0.43718461635189637,0.88197906949852012,-0.17601855638474526,-0.89743850349207188,-0.44063405475630402,0.021113082175004197,-0.058938473641205441,0.16719614455944604,0.98416040642229741,-17.298938870643767,37.348730166340971,-7.112748250867714,,0.1004143389204924,0.5333333333333333,False,1
0.82094227288903077,-0.48817285176298952,-0.29621116012970039,0.54859128812274327,0.81822194075798349,0.1719315394512273,0.1584341603935906,-0.30364473067028508,0.93952035334874395,8.0341755716225709,-14.734783480963323,0.97483556534858484,,0.1697502356391625,0.1666666666666667,True,4
-0.86656580838487807,0.46947066602122417,-0.16929558022539062,-0.45720212618328443,-0.88280246622754233,-0.10782402995646961,-0.20007477490115377,-0.016034318450061924,0.97964941947622031,-6.3936233332355794,18.33527562455054,-4.2058854021633394,,0.3528041494425949,0.1944444444444444,False,2
0.4727892555729496,-0.8466592297659008,-0.24420988609593144,0.87835103353346056,0.47498575272623766,0.053740083715888301,0.070496678684015754,-0.239909740025913,0.96823216995471784,9.9623846536383898,-7.4696005534317997,0.98367741228622851,,0.08692609293707491,0.3333333333333333,False,5
0.95485381025134575,0.22239853302102663,-0.19695962418368923,-0.21788177009614709,0.97495578485291823,0.044595423998409545,0.20194488185704174,0.00033180102995841732,0.9793968320348091,3.9758644388878137,2.218707976058409,-0.99496965100883727,0.1258726873724068,0.09473142213129257,0.3689320388349515,True,5
0.54154176522856012,0.83092633088525492,-0.127647754209402,-0.83239908618938419,0.55124573548392986,0.056920123171513154,0.11766170925247588,0.07542924997870501,0.99018490718826713,-23.32805488439217,14.21844958833738,-7.8672010031363859,0.3869418274718917,0.3843106828723436,0.9581151832460733,True,5
-0.9571487946413394,-0.19548482898522479,-0.21366297422166422,0.20454969610032545,-0.97863190656494059,-0.0209526437074791,-0.20500147985293832,-0.063759494114096205,0.97668271212734126,0.11023465800536802,21.0769060851467,-2.8927253247104705,0.3780289797058485,0.3034248900911442,0.7307692307692307,True,5
0.059499071268799851,0.99795509446395203,-0.023355726312728975,-0.99711248618335269,0.060522276699845251,0.045866588278626219,0.047186337168760521,0.020559266925456454,0.99867450459500773,-5.2689749943556903,3.1624931364391542,-3.1287812808147439,,0.07663994913820046,0.2777777777777778,False,2
0.96950897032722549,0.17514060728146275,-0.17140047880949624,-0.14028799764269015,0.97015227050079234,0.19779749684857661,0.20092693739876863,-0.16772101753578353,0.96514145393528383,-4.4544675975927781,28.081081486707227,-4.1146566659756667,,0.2301702792711164,0.2380952380952381,False,2
-0.10279864409209699,0.97825894012129688,-0.18011630921597188,-0.99437412536822911,-0.0964157757124008,0.043864529998000293,0.025544814953250054,0.18361221164871713,0.98266678897908777,-16.19852341603297,18.597098213731602,-6.4436268428838614,0.1440082365296509,0.1178129105053213,0.2702702702702703,True,4
0.46982889523703358,-0.82012111168219248,-0.32659175031453902,0.87899939768529123,0.46873575958159375,0.087446249538573703,0.081368716772754174,-0.32815872662879475,0.94111156727995016,3.2866709742821252,11.469900383889383,-1.736553508441556,,0.1692782254376582,0.3333333333333333,False,5
-0.91520332354214351,-0.33408557486487656,-0.22536571443904035,0.35120454943463175,-0.93546594532215122,-0.03948201614596851,-0.19763157903996881,-0.11528353659451204,0.97347391601235511,6.0548310400706171,-12.990805555014093,0.40740927270080418,,0.101952790027835,0.3333333333333333,False,5
0.068326324158006532,-0.95272731586759274,-0.29604421127052749,0.99738391205386467,0.058211894491555762,0.042856823445440916,-0.023597571976470472,-0.29819798278901505,0.95421230219347886,-25.959808535862564,12.277923322236733,-8.3002486877644248,,0.2602478558784766,0.8712871287128713,False,3
0.95005883441924266,0.27159563729988068,-0.1537010765792598,-0.23378296188014261,0.94566629215747477,0.2259663484054264,0.20672140159281926,-0.17874863265716587,0.96193304779838784,-18.875533228713476,18.133055926305452,-7.061826720486204,0.251952734976895,0.2021051998084012,0.4646464646464646,True,5
0.83304917997652228,0.5202041365314114,-0.18819330507765825,-0.51786021415912176,0.8529605673502505,0.065414594217245686,0.1945504107718932,0.042964251199655565,0.97995112673405316,5.4531075861457952,10.967226563942992,-1.2150082546128591,,0.08496100484893929,0.3392857142857143,False,5
-0.90554473836698202,-0.29506383154146659,-0.30483776362508497,0.37398273354973488,-0.89443926294162879,-0.24518425707027725,-0.20031385828879164,-0.3360293740501043,0.92030354663716973,-16.83031461781189,-16.023373991917886,-4.3405184981468876,,0.4517879004539953,0.3809523809523809,False,1
0.24252154942904353,0.95360787373383105,-0.17836849838292274,-0.96650240627281914,0.25341166887671446,0.040689368955171383,0.084002361463162367,0.16252553408606596,0.98312209518383442,-22.999038660972332,29.512489335706881,-8.3789626097669441,0.3183053965019741,0.4228595102311967,0.84,True,1
-0.17662431820829694,0.9816021033836424,-0.072533860025955146,-0.98427625014738518,-0.17629555631843341,0.010960849336476175,-0.0020282044416429224,0.073329308296101486,0.99730571989313266,-16.271495539721986,-19.57366172446233,-3.9976652254582863,,0.2497781634228768,0.3333333333333333,False,1
-0.92821629169782016,-0.2739879266923258,-0.25168458803349342,0.32136936011048911,-0.93131929560750426,-0.17136541077859913,-0.18744665963661084,-0.23994788112418056,0.95251706763453525,3.6448621633705662,25.756402128639628,-2.3890042483362008,0.3144826881201296,0.2837624853169829,0.4102564102564102,True,5
0.56017380131306849,-0.79252127287213658,-0.24107124334436347,0.82379964625869206,0.56351288883470207,0.061703864880770773,0.08694512721551681,-0.23315929353619888,0.96854390127199708,-5.2083189048112866,31.251048620416146,-4.3589744110959687,,0.2108099329786473,0.4090909090909091,False,1
-0.48836467827705587,-0.82899912976351076,-0.2725075849635934,0.86278513052266892,-0.50550068688070293,-0.0084186763875861888,-0.13077369598022845,-0.23922687644677343,0.96211680269351463,7.3341517977256645,-8.0233971782917344,0.43134675982448406,,0.5855525405328235,0.6243386243386243,True,5
0.91258809474774771,-0.31406772773146852,-0.26180991524819563,0.36017562924164592,0.92055665451064783,0.15115873093059251,0.19353678054845175,-0.23224320923065789,0.95320858490740878,-2.6470377615655094,6.6703765046962591,-2.7746491711775207,,0.1449759894018464,0.3414634146341464,False,7
0.67631573170230719,0.72574183294653283,-0.12607863801365907,-0.72306730849930223,0.68675510195178158,0.074438547290850476,0.1406083156557513,0.040819380869925953,0.98922347309081182,-17.785559373529619,12.351578281286764,-6.4858067601306377,0.2776069484092566,0.2158801132540705,0.2549019607843137,True,5
0.9864356617694493,0.0077152265512430707,-0.16396694931824587,0.014260882471440854,0.99108994155658781,0.13242867882938267,0.16352771147608278,-0.13297068483174415,0.97753643643332955,-20.239489010189274,21.098661720640418,-7.488416967771947,0.2247557132386699,0.1856293959305267,0.5333333333333333,True,4
-0.95077537215348695,0.24289983114106836,-0.19242105845785296,-0.24505039075527671,-0.96942431762808023,-0.012915044793523338,-0.18967471549230308,0.034873549044699734,0.98122746490298673,1.5962783762998409,4.9465471701118,-1.7020231944543514,,0.09140008830578229,0.4285714285714285,False,4
-0.62431720015733627,0.77321901088276168,-0.1111773124211454,-0.75915518548575889,-0.63409628934727114,-0.14698741506028642,-0.18415058495097919,-0.0073659381959194359,0.9828704416232622,1.4421935537506121,14.314898056425305,-2.2462758220836183,,0.5018748954800081,0.5,False,2
-0.73805587795346572,0.65205768609972592,-0.17347707346105068,-0.66289935733811378,-0.74868300188504444,0.0061809974206864481,-0.12584896924113062,0.11955976198818009,0.98481851132798848,-10.431420213430908,-15.482789373832379,-2.9534994874554732,,0.08575414482850295,0.3846153846153846,False,3
0.38462278621224416,-0.87486011417747722,-0.29442332269659233,0.9218482043752908,0.38048044592626812,0.073692050845391738,0.047552081094121061,-0.2997572532719095,0.95282967454550793,10.625310891194776,2.9192619029107814,0.41620757362645566,,0.1703184379065016,0.2926829268292683,False,3
-0.60631124331783037,0.79180238287791593,-0.073726946873182139,-0.78920354555525485,-0.61051666420190098,-0.066536955256443084,-0.097695649388298833,0.017843463807162424,0.99505636568485967,-16.306039720820401,30.02068580526015,-6.7792181526335415,,0.09174904312816175,0.1052631578947368,False,1
0.97905730255178836,0.06962219789276361,-0.19131008306045641,-0.049571389295913891,0.9929501939061659,0.10766888958739275,0.19745752880883236,-0.095930506004555535,0.97560640748942429,-11.869771539176174,24.263378863285279,-5.5959114868094826,0.7696516188785923,0.619960559789887,0.978494623655914,True,5
-0.23491537119243827,0.97103053943510953,-0.043754541042937328,-0.97179284682005385,-0.23558754547465466,-0.010824568656613819,-0.020819011669459698,0.039977492437454576,0.9989836679603521,4.7876247842721495,-9.2464260573788302,-0.067742028049156799,0.5826889468508436,0.2230675775854203,0.58,True,5
0.97788287857694711,-0.098005106379781076,-0.18477033016572292,0.12366126389718302,0.98338980149230393,0.13286229763283744,0.16868007468996954,-0.15277269862253942,0.97375948516980915,2.9041126655719038,7.774079041493259,-1.5939771660955249,0.4823345201495838,0.3807160221621451,0.6796116504854369,True,5
0.031348509482640528,-0.9212644747073313,-0.3876713022593295,0.99942365566859437,0.023837975700209107,0.024168314060800826,-0.013024110074859211,-0.38820551072433768,0.92148079415689221,8.9513229762275124,12.26767816772421,-0.50512337304652977,,0.3214699416026132,1.0,False,2
-0.75152707733147428,0.6336718664977703,-0.18348574235303511,-0.64621243186143051,-0.76307097469133378,0.011496977487745055,-0.13272733307555123,0.1272110576673656,0.98295513725795314,-11.429536046158375,-10.901949144019797,-3.4871399745400939,,0.08943465290867181,0.375,False,1
-0.14522534904267306,-0.94684921348819029,-0.28702990247050864,0.98741602399661865,-0.1570576027195926,0.018506890140811971,-0.062603462764796725,-0.280730255485173,0.95774283088159262,6.0407941975362514,-7.4913618540379563,0.084396461609873519,0.3902585855027335,0.4227326791681046,0.7692307692307693,True,5
-0.78821470133498106,-0.56270485217883071,-0.24916025753279125,0.5840449445044974,-0.81158778405531495,-0.014723164433013431,-0.19393062521980631,-0.15712580343973892,0.96835034697947586,-19.629203954049117,16.785094558790458,-7.1563012285768437,0.2678041681713115,0.2497789540420273,0.6991869918699187,True,6
0.97930884870132029,0.023358270215754554,-0.20101883013245658,0.010864152427625312,0.9858158813313932,0.16747841146498949,0.202079561181538,-0.16619698952548692,0.96516444797005507,-15.298875315897014,-15.988012727873969,-4.0437823731365086,,0.1089249401250476,0.1739130434782609,False,1
-0.00493105978854753,-0.93815781060266401,-0.3461727994146534,0.99933840219482284,-0.017097426272737831,0.032100403635259199,-0.036033908309535879,-0.34578548324078673,0.93762143588544056,-18.290678171457849,-18.08663617853199,-4.5880484984027294,,0.2678832987106244,0.2727272727272727,False,1
0.77471801859391409,0.60967558211941875,-0.16765344086320286,-0.60700521853851319,0.79135320487974659,0.072833850602373434,0.1770781080002132,0.045340817084666224,0.98315184685437218,16.854035410538401,-3.1672928902396653,2.1967631434968746,0.2450822354403984,0.328508678057321,0.782608695652174,True,5
0.87405115192431493,0.45356322051563125,-0.17411200077900157,-0.44090919755800539,0.89105292122968072,0.10781359411877622,0.20404328787915108,-0.017467013583928534,0.97880602782570014,-5.0791048890346513,26.245484880678486,-4.1645200890609537,0.2694506578032679,0.329060614502152,0.5428571428571428,True,5
0.92673788406128577,0.322018079358242,-0.19354909147821014,-0.31749436234986017,0.94667373791953913,0.05482849450334977,0.20088360839468064,0.010639102399968833,0.97955734154691354,5.4014443527452052,4.1469994833793598,-0.79017974484343934,0.1503180773123736,0.1242771657671941,0.6363636363636364,True,5
0.69822079083142907,0.71355407015141914,-0.057691561090667837,-0.69571519719624808,0.69533769841947746,0.18023831320474101,0.16872489929148093,-0.085709241783183759,0.98192964831093288,-31.017611288157596,16.663251571629882,-9.6382699468310769,,0.172547675011464,0.6071428571428571,False,1
-0.77154460865854946,0.6111570058246083,-0.17665228863908189,-0.62108365787205744,-0.7837434295651905,0.0011517541658418416,-0.13774616791109204,0.11060447931658682,0.98427264636426637,-17.563375943228628,28.306992143569882,-7.1157224710117886,,0.1917843055128807,0.3333333333333333,False,1
-0.9725577116736398,0.12567199042110525,-0.19580104261145079,-0.12424228510901195,-0.99205796820906633,-0.019617397987244743,-0.19671134195827281,0.0052477172653078719,0.98044740267312602,-4.3950759451039128,35.120648120778029,-4.2878434768470628,,0.1621953407064772,0.3846153846153846,False,1
-0.37858130630718434,0.92211711179013922,-0.07985127837773115,-0.92483564344334934,-0.38030273496233996,-0.0069901642963637635,-0.036813409669191811,0.071202962887623872,0.9967822786067938,-13.464020021509224,19.698063322071778,-5.8299997186655839,0.6292788995640836,0.2187469415110339,0.2105263157894737,True,3
-0.98555171123711705,-0.012236382809880254,-0.16893222135909639,0.031199407709701504,-0.99343521639311572,-0.11005938300992567,-0.16647648913931515,-0.11373979851262156,0.97946354541562908,7.8300347297311435,-10.411742380070704,0.66256049269148198,,0.1931395831339951,0.25,False,8
-0.19627784588362102,-0.94410090704904281,-0.26485559183158847,0.97762049223668623,-0.20927565034660708,0.021491284998912383,-0.075717767889613888,-0.25470999093317886,0.96404856731631272,-7.0747347390449846,-5.756563353899713,-2.8827119338808864,,0.07866420072058741,0.3397435897435898,False,5
0.58723256739369289,-0.76922474742148306,-0.2518952158072249,0.80345751662522213,0.59166095748519809,0.066282202484000935,0.09805065410614805,-0.24131017247943581,0.96548198838057164,6.007488754158425,18.363517649568227,-1.4584094757194461,0.5179373648199663,0.4149333733795473,0.819047619047619,True,5
0.70938142769262469,-0.64980015276593539,-0.27301602793634966,0.70079506837406658,0.69162352160215146,0.17476606223528232,0.075261292756382075,-0.31530408470555277,0.94600162366701712,9.4767982355412279,-11.576864944485276,1.1053219032920807,,0.2777788657369495,0.1923076923076923,False,4
-0.057904327878250922,0.99826066312111184,-0.011078685750863654,-0.99805719017672467,-0.057629744870838689,0.023678210292654045,0.022998564074939547,0.012428232823714025,0.99965824414115168,-37.277907071220305,15.669778222011463,-10.997557232467354,,0.3456838232020218,0.4444444444444444,False,1
0.37024388471958752,0.92376203901587639,-0.097893621349816676,-0.92283564301689658,0.37782100958801668,0.075004404480565973,0.10627248846875384,0.062569800919646659,0.99236645358835862,8.6967737861543792,7.6226503812229733,-0.35624952454787651,,0.07891634956077101,0.2222222222222222,False,5
-0.66985826385962099,-0.71218059235826914,-0.20997311782034916,0.72418245435392425,-0.68908289983457338,0.026917094224685884,-0.16385871702445301,-0.13402820980599234,0.97733656425578386,-31.179773418699504,6.8509757722801972,-9.0184014324189121,,0.07801083598393152,0.2272727272727273,False,1
-0.40701874630098583,0.90659527577048249,-0.11144840111108385,-0.9129222307648841,-0.40778441698885015,0.016878087460722006,-0.030145326915491252,0.10861342095573172,0.99362688372117391,-7.3965018689567144,-9.4214581528122991,-2.6920103940436584,0.6874486762294815,0.4433742745184657,0.4313725490196079,True,3
-0.97481761669550149,-0.067200441274603645,-0.21263751990794916,0.072414223138557735,-0.99723283613930114,-0.016818169127665983,-0.21091892866062104,-0.031792628360456897,0.97698640436527673,19.983481088338952,-6.4918836968312954,3.0874759410491972,0.2600659105601602,0.2061870410726145,0.4347826086956522,True,5
0.84526510646879582,-0.45864981328054394,-0.2741664614135309,0.51040812349521503,0.84487293759814674,0.1602287951161436,0.158146916683153,-0.27537259865861774,0.94824020408945531,-12.905570844668434,6.1604993718907242,-5.0350300699313877,,0.08438343340309891,0.2705882352941176,False,4
0.49943569338564991,0.85090658572112954,-0.16285567398406856,-0.85628929117713026,0.51340119435175191,0.056461167660281711,0.13165347693001897,0.11125284722021567,0.98503307863118594,-2.622440991185059,12.038939266868816,-3.1384638338931663,,0.115259539125105,0.1785714285714286,False,5
0.094319060277619701,0.98666552262156504,-0.13264637702652088,-0.99464777103060475,0.099040276642403877,0.029442064914787121,0.042186804242525716,0.12915947534931882,0.99072604865083302,8.876482441817279,-7.3674536019436401,0.69882503323878853,,0.1337670235116014,0.4117647058823529,False,2
0.84149721490516705,-0.4839352681925172,-0.24018553975267581,0.51669794587381734,0.85075331649444985,0.096135462777650227,0.15781530355648446,-0.20500109919981369,0.96595490541238194,11.41238051987305,-9.072426582031806,1.3753220907169432,,0.1447817667559823,0.4074074074074074,False,6
-0.91213294555478386,-0.34605767881998239,-0.21967606279082921,0.35530413243473352,-0.93474665256161271,-0.0027692958783553899,-0.2043831282380128,-0.080577778913210552,0.97556894089400925,-1.8933134169017036,15.711274511124193,-3.0605359341454097,0.2462366352176347,0.2006862228853151,0.3666666666666666,True,5
-0.77626861195566932,0.61400329324992253,-0.1428530642676879,-0.58573712725295424,-0.78628383698585769,-0.1966462444397383,-0.23306449718881356,-0.068975963734093565,0.97001198785225251,15.884423482085403,10.077624201082561,1.1876891007162504,,0.2083972744232555,0.4210526315789473,False,2
