axis_00,axis_01,axis_02,axis_10,axis_11,axis_12,axis_20,axis_21,axis_22,location_x,location_y,location_z,dbh,dbh_approximation,score,reconstructed,number_clusters
-0.85016999487505007,0.49341615081494378,-0.18371576396467457,-0.47178227935631734,-0.86882483760789797,-0.15021611911166255,-0.23373587807505475,-0.04103539533837057,0.9714338040391165,4.9488031527959331,3.5040369335606614,-0.42507172432311796,,0.09617969052743243,0.1785714285714286,False,4
-0.90574364424174347,-0.28340910140124065,-0.31513129352482183,0.33056081072452198,-0.93772712927008639,-0.10675851930421948,-0.26525082719726428,-0.20086590620068867,0.94302432969533878,9.6240490394013598,-2.0405282870582941,1.1325505294371827,,0.1688452323608285,0.375,False,4
0.91241413238313629,0.35528476134192499,-0.20315804041617652,-0.30554929387078383,0.92158673011456071,0.23941079318154723,0.27228676068181279,-0.15636699535056489,0.94942576472436357,6.5810607481423196,-13.045225161110682,1.0520830938841916,,0.5218317026160855,0.4375,False,1
-0.86981596190951238,0.43117286526532994,-0.23981274500392102,-0.42340088556406213,-0.90186853745799478,-0.085818594995172554,-0.25328221909758675,0.026890544848759926,0.96701862240948544,-16.940154285939265,11.939079134954586,-6.9104739064404068,,0.3725250864647439,0.4891304347826087,False,3
0.5063979007766084,-0.78340846735705261,-0.36032254906169631,0.85391516042968052,0.51372497097032011,0.083159803931326076,0.11995859651311855,-0.34979683742826778,0.92911361396106185,-7.7554652186388342,-4.7727696925906429,-3.3717881544768598,,0.1028957909062381,0.3333333333333333,False,1
0.027750176111852286,0.99401857582456332,-0.10562669473891922,-0.99896506653793649,0.031386366988692925,0.032919474541794967,0.036037807405806373,0.1046038569220023,0.99386080994997683,-15.776757116357658,10.019875575252062,-6.5047652017909856,,0.2170578374240561,0.2424242424242424,False,4
0.10246558686399512,0.98604618115368892,-0.13120111333690698,-0.99271564219691744,0.10976722690599999,0.049666987375204953,0.063375525608701466,0.12515624047403123,0.99011083128315858,-22.743015291163122,8.5675189565710621,-8.3087511210318397,,0.1907913231079718,0.4117647058823529,False,2
-0.31207407730972103,0.94916070352085458,0.041276254227870679,-0.94809219914077847,-0.30834111736255704,-0.077762055477032882,-0.061081520934645556,-0.063401216355897932,0.99611712843666322,-16.916406592714321,21.257675784527002,-7.5396812431128115,,0.3527805547188968,0.2941176470588235,False,1
0.83545360005127123,0.49262488437285429,-0.24359393559365136,-0.48652378685726239,0.86912114420021158,0.08901146850931782,0.25556190440564741,0.044149292188527353,0.96578411304794831,-3.1354778522437634,-4.9705402202807587,-2.1119405258144992,,0.1253099766696779,0.5056179775280899,False,5
0.94265651086455238,-0.16002661866023299,-0.29289961393767661,0.2324489453825781,0.94451768296376259,0.2320642892805595,0.23951240117203701,-0.28684111959225167,0.9275537622132034,6.203358877209209,-1.7349697495921972,0.20422786950418426,0.2772608572194359,0.2118255177913558,0.2222222222222222,True,6
-0.89993087654798043,0.36090109833629386,-0.24469330733643158,-0.35830729702609543,-0.93188246636683392,-0.056665243102988219,-0.24847595121749305,0.036680595656615814,0.96794330183582467,0.27312092957831829,15.431121066659999,-2.551055958871006,,0.238819823397783,0.5294117647058824,False,1
-0.61788179214598593,-0.72651279714697459,-0.30066800048582432,0.75930634240248074,-0.6506275580742108,0.011732819855262928,-0.20414693071861614,-0.22104962396726269,0.95365669631272476,5.0219575782000572,-6.2983511948954485,0.21085929154234631,,0.1134814322638978,0.2093023255813954,False,5
-0.91652067915472879,0.29276693465736803,-0.27253874339822126,-0.3068596267047618,-0.95170641718099269,0.0095950505538527769,-0.25656775748399735,0.092425199311904238,0.96209696411109513,-9.1751370540935824,0.84323062485395239,-4.2117891314209812,,0.3301873909276971,0.8229007633587786,True,3
0.29618089669563474,-0.85290878115062474,-0.42991102273461823,0.9534689426826225,0.29057045420342992,0.080410114312157333,0.056336948552894561,-0.43372274805475453,0.89928345144764033,-9.4891204954817923,15.479337348733189,-5.2884014230271807,,0.8370058271004424,0.5543478260869565,False,1
0.94351681554707301,0.23366241885840072,-0.23489975051743181,-0.18386470282994624,0.95904503428583021,0.21546784740407532,0.27562617769937253,-0.16010776441175983,0.94783738792152616,-9.993591744521968,-8.7199122739948915,-3.8209560703085725,,0.1071874648591765,0.1428571428571428,False,5
-0.65988586379326852,0.7154826239776767,-0.22942375978052057,-0.7337684164037318,-0.67935126370568832,-0.0081099685476391792,-0.16166186270784821,0.16299225529914768,0.97329284742996325,-11.792347832998621,6.5528925368971409,-5.2507302094233586,,0.06414139913912915,0.1620553359683795,False,5
0.93271792456135039,-0.089880535199125866,-0.34922594776775373,0.18332507556169947,0.95214263920066189,0.24457373384379488,0.31053049749141265,-0.29214017869563408,0.90455786222851364,4.2125303116437109,6.0159798375469435,-0.84690415010912079,,0.1951188102523529,0.2272727272727273,False,2
0.7087131639778308,0.65982408278460092,-0.24971550008358506,-0.66626717484220688,0.74236141135474776,0.070622847996757943,0.23197780698230372,0.11632589870209122,0.96574043218601657,6.9384183317083012,-4.0093202411847484,0.56007761471547413,0.7455126718158174,0.3442297093361372,0.460431654676259,True,5
-0.96513536177020998,0.069554309111359791,-0.25234090343170101,-0.038630298902887536,-0.99134133293314786,-0.12549924949975966,-0.25888498115448721,-0.1113757590428491,0.95946547974915164,11.162521585065939,6.8955890076604698,0.90181319631419532,0.7311691221150918,0.3387835156137619,0.3,True,5
-0.96279467540164176,0.005989734771307334,-0.27016760741364915,0.0507955909141194,-0.97792236336401039,-0.20270091064480319,-0.26541706983902097,-0.2088826807323107,0.94123419228593197,-13.664114062055354,7.8144423981739903,-5.8469182937372457,,0.3630871868897613,0.5982905982905983,False,5
-0.80684521142117893,0.55461414467325953,-0.20347961896726782,-0.55439620499437381,-0.82982659030687034,-0.063503369261105086,-0.20407266523116677,0.061570939151720905,0.97701758774211722,-15.751009226785968,14.381481976759879,-6.7812267911563113,,0.1522104611582788,0.3333333333333333,False,3
-0.73502372430388452,0.64121260191600826,-0.22042351021284307,-0.65300623099868094,-0.75695690416398609,-0.024476672882003989,-0.18254584900058912,0.12594699036728932,0.97509710728218113,-17.255027779118976,15.326096438532728,-7.2610906389911953,,0.6491487300616507,0.5263157894736842,False,2
-0.29039415502538307,-0.91188123229589368,-0.29007559861804549,0.95008611071014415,-0.31088770449726477,0.026176658077265831,-0.1140509402099195,-0.26799524879919956,0.95664566567684273,-14.753580062864041,-3.9721674808280745,-5.3913668055170421,,0.1022885722628907,0.4791666666666667,False,3
0.76619332019006647,-0.47656722075112418,-0.4310817558209481,0.6099473573380213,0.75048583978609751,0.25443118039446311,0.20226719302073257,-0.45788064862593292,0.86569815423241392,-26.101093938135765,10.542237395937256,-9.2668955604762502,,0.2772654636133283,0.2727272727272727,False,1
0.78761204362704507,-0.51464973561733596,-0.33882579353206665,0.5795106225244222,0.80554855473445464,0.12352718059838658,0.20936739744999661,-0.29364464169168192,0.93270473210484872,-17.072472529483122,0.065278754118945584,-6.2739889049370454,,0.1820705276465075,0.1351351351351351,False,1
-0.46865891642946522,0.87250798482821545,-0.13816163165715234,-0.87670463635827478,-0.47858377344389119,-0.048441226079778722,-0.10838727157312059,0.098424530515585834,0.98922434824145011,4.0216273252208516,3.0004741831594033,-0.65414967974694305,,0.5769580412799509,0.2413793103448276,False,1
-0.87417556440730648,0.40466735951864108,-0.26844256505513225,-0.42102301295027805,-0.9070423430259581,0.0037162513707668515,-0.24198492754598952,0.11626915368313237,0.96328852310321378,1.8138623323381577,4.4420678491648182,-1.2544129021298591,0.1369290600083454,0.09955872986499707,0.3220338983050847,True,2
0.43999211201449767,-0.83916925433707368,-0.31969032506533979,0.8922162945988692,0.4488624822481565,0.049724799469560724,0.10176946996661657,-0.3071114367870148,0.94621643421435586,-0.97923884639389946,-8.7360559890330869,-1.3137322341707434,,0.2661430471168842,0.5,True,5
0.8945398534093687,0.35138566434372459,-0.27627262903889793,-0.33023944829218294,0.936071599929301,0.1212924836808663,0.30123140183921704,-0.017264839979503802,0.95339475971208387,-5.5332937501912776,-3.6256867986139967,-2.8712034010890579,,0.07044186802873702,0.2173913043478261,False,5
0.59332327898020809,-0.71774794586447976,-0.36442471489663769,0.80126454259212054,0.56996174439143099,0.18198555633598723,0.077088386964678013,-0.39997686950322325,0.91327755061513849,-1.1899174221015052,11.582389516652022,-2.7321669324684961,,0.2396671223011212,0.15,False,3
-0.53889659173480808,-0.71319588544136636,-0.44826564937112223,0.82364152259802093,-0.55770676162103328,-0.10284848221823481,-0.17664966931478357,-0.42463489850892622,0.88796401802060221,0.0076820994977773727,-1.8521171748104233,-1.4377791844959349,,0.3116881634824598,0.3079584775086505,False,5
0.40828150973767874,0.88347476846612771,-0.22973580976862368,-0.9008595220250103,0.43061416608031,0.05498692160714673,0.14750705197783959,0.18450954841059763,0.97169845948325229,-4.4660706188939923,-11.516266878273461,-2.1427089187320814,,0.1038539048037916,0.5,False,5
0.9455022242287402,-0.13748492496592163,-0.2951667992603888,0.18791420567946754,0.97069390323446425,0.14980519859904062,0.26592065599039594,-0.19710718310238759,0.94362861502133444,-5.364250297429054,-11.176657957626956,-2.4132389958724958,0.1277791839347952,0.1152518140368162,0.28,True,5
-0.8933783257787562,-0.32157354269043892,-0.31379232570326782,0.35606262741426664,-0.93266466998042019,-0.05793115508223004,-0.27403388912248516,-0.16348415829013113,0.94772272189737605,-20.835680369682429,-8.8323052198077576,-6.8177899661470089,,0.2134231356991642,0.4137931034482759,False,2
-0.78500699957300923,-0.44004287210843535,-0.43603472491069106,0.56957997233210877,-0.7894784893818213,-0.22869711393358766,-0.24360350108226433,-0.42788548177048202,0.87038574709751915,-10.883525974679904,20.575762255808016,-6.045272119491492,,0.5518856722083343,0.3888888888888889,False,1
0.83530491444373101,-0.39024461729641013,-0.38726585000143077,0.50072980506626807,0.83085608175368442,0.2427917497181751,0.22701401327770365,-0.39672069530602283,0.88942527943130634,-20.621873358802514,12.048213120472598,-7.9293791190901457,,0.3191404455739104,0.1818181818181818,False,2
-0.88095606223184475,-0.26692099360276839,-0.39072957347898968,0.39146877557164977,-0.87497850979283709,-0.28489437543261392,-0.26583569017232384,-0.40393785484256928,0.87530885706462935,-0.75648838030392407,3.3236259398760857,-1.8690817554944454,,0.5888525280547662,0.3551020408163265,False,1
0.87019096057231182,-0.41225912749729193,-0.26983347444935302,0.46085879786146877,0.87474395148767203,0.14977378865948293,0.17428958824875262,-0.25468692767966206,0.95118752530569661,4.5567383218992976,7.3876951657454484,-0.85075305482897057,0.4724411023672336,0.3088666652114216,0.4523809523809524,True,2
-0.91076967461785607,0.31811645757185658,-0.26324991779375556,-0.33163755095428904,-0.94337805325123991,0.0073745129292034847,-0.24599824103746587,0.094020040767034824,0.96469948550864226,7.8601762642835729,-3.5180910651425075,0.77772951471821739,,0.074022224920845,0.3902439024390244,False,5
0.19460313241597932,-0.90435688941270942,-0.3798265886238838,0.98054944351109241,0.1894435135519367,0.051321964139964968,0.025542311641185249,-0.38242616508924371,0.92363294580215072,6.7630367487345824,-8.5231094925096151,0.85480288129257898,,0.1055150237158045,0.4,True,5
0.81145659811356952,-0.46678311117349575,-0.35164146015671394,0.54234755659956857,0.82562620573759271,0.15556508686021031,0.21770924929463045,-0.3169462028839265,0.92311851202813056,3.917851335354221,-4.2917433843629063,-0.1838810574039122,,0.1111861205230581,0.3611111111111111,False,5
0.33216059702790168,-0.89197559180504526,-0.30667390075796641,0.94088103597814587,0.33623063778395007,0.041131914033859823,0.06642449788111647,-0.30220605857500182,0.95092548827013978,-26.756227631513131,9.7251201233762998,-9.4068874305128301,,0.2482833605079292,0.6571428571428571,True,2
0.91917858126655805,0.31111834065542388,-0.24148729541864963,-0.28332966395179926,0.94826429018348923,0.14324502604895023,0.27355993358998865,-0.063247245557570317,0.95977327982374161,-15.023937825966062,-16.512461877723666,-4.8651473557611578,,0.149440632786994,0.3888888888888889,False,1
-0.57460195178897899,0.81843001195413023,0.0022164234835884145,-0.80618346761298521,-0.56553297733414976,-0.17389844189950432,-0.14107024331090889,-0.10170922809821581,0.98476109761295216,-1.5893287298697878,18.860096183753473,-3.1913955013380573,,0.7621251965525726,0.38,False,1
0.81830851461719334,-0.41677408843609987,-0.39581628833748256,0.53113882388419609,0.81151385909801621,0.24359147410112325,0.21968778907330211,-0.40956637520688099,0.88543359978712188,-12.925955360010118,2.9252839243157127,-5.3061751169421196,,0.07413418215834146,0.4235294117647059,False,1
-0.6145274377250195,0.78178597610540823,-0.10567268260074272,-0.77099885685076452,-0.6235438700403968,-0.12943648971545765,-0.16708318592227425,0.0019312431125653728,0.98594091064429601,-8.0279348567138058,14.561351956929428,-4.8582673042234061,,0.539173267225771,0.4137931034482759,False,2
-0.73820504166169609,0.62528220784613131,-0.25313134340954624,-0.64632429484123155,-0.76306284433799765,-3.8584841539589243e-05,-0.19317924930809405,0.16357645350683236,0.96743192085794272,1.9890612973213757,0.99554128817368137,-1.0369549797958022,,0.07434073363028613,0.375,False,4
0.082002553442538914,0.97723609624529906,-0.19566602521683019,-0.99505848779352124,0.091307985818844223,0.039005866171353543,0.055983811043688034,0.19150055853953901,0.97989456013393117,9.5017684848570418,-0.86563375059437297,0.98208588724327472,0.1193056852656283,0.1512244207841343,0.2916666666666667,True,5
0.8013777518488916,0.53203113955252734,-0.27337989206972807,-0.53305862899290801,0.84255572896336672,0.077125492849063393,0.27137095809577377,0.083920856391298204,0.95880920571547157,-7.8749421820611323,10.706778682280733,-4.4453741607527588,0.2794299861451066,0.2285265502411803,0.6264591439688716,True,6
-0.29783842713353348,-0.81242488815622393,-0.50125649365067615,0.94851216296242857,-0.31113966284767725,-0.059302503449425163,-0.10778194670239701,-0.49311044534402337,0.86326423571097877,9.1751698336729337,-9.5402948619309278,1.5370342407155513,0.9274976747908332,0.3719407893695197,0.3076923076923077,True,4
-0.94185579622632165,-0.11403790442176963,-0.31607438281197908,0.18007175296274869,-0.96547180991285952,-0.18825075842745043,-0.28369318444369618,-0.23422113614846715,0.92987022561297028,-3.6011945930904328,-1.7003047980259607,-2.4230389527832479,,0.2010860513970614,0.3230769230769231,False,4
0.67835562126552551,-0.64354056870565035,-0.35452670918771606,0.71411276346314589,0.69099969785922621,0.11208201736892232,0.17284852373246473,-0.32920351454452368,0.92830406325462189,-9.9822592954500191,9.4859921829196683,-4.8586220802767013,0.4454742298256734,0.2436147761496802,0.2352941176470588,True,5
-0.90013109911527955,-0.25324851206333715,-0.35444209053556941,0.34441355096910331,-0.91192594708852037,-0.2230927451432653,-0.26672703334002701,-0.32288737690472014,0.90807512438190763,-8.3558348107778055,9.3670265583953789,-4.4497827832769268,0.6181821695149089,0.4822020349858969,0.3806818181818182,True,2
0.9602495528189775,0.051212085849653109,-0.27440502650987042,-0.035743700352887257,0.99749263455058756,0.061080536199445395,0.27684505449084323,-0.04884430652856589,0.95967236571848125,-2.8156099455117558,-9.0102803142384893,-1.8512507374773799,,0.1175248930866303,0.4117647058823529,True,5
0.54250124903332408,-0.77337026254330365,-0.32801041418068594,0.83093673378548605,0.55138970966898149,0.074253165030621196,0.12343637730908801,-0.31283833698071317,0.94175136616410082,11.157261051786266,-8.6310037592205955,2.0683135225869771,0.2051707242293881,0.1382840056449678,0.1875,True,4
0.73981196174291342,-0.59723161122020574,-0.30982682876313483,0.64516228859707037,0.76037389009081346,0.074814227526290356,0.19090280939340359,-0.255237046346102,0.94784501240351793,1.4901099527046249,-6.3391786755455266,-0.75882169608595029,0.1532259803738342,0.1658361898000264,0.6865671641791045,True,5
0.3819662710875486,-0.8436672211288565,-0.37726302196768247,0.92015975932664773,0.3851931734495655,0.070229882840426333,0.086068490560716998,-0.37396769796409945,0.92343942725661943,9.8156681424977315,-5.1586010265317164,1.5342537446501492,,0.09098865535925732,0.4210526315789473,False,5
0.057841743655749296,0.99761062466917649,0.037780606639380043,-0.99721717649468422,0.055953171464204317,0.049266068516458005,0.047034408626383251,-0.040525105185234278,0.99807087937425232,-18.738919494629084,12.659929160976619,-7.4653854659948236,,0.685398359051248,0.4042553191489361,False,1
-0.82536259787678812,0.52370963570941154,-0.21096160667570318,-0.52118796871137818,-0.85039803206415387,-0.072015889440601943,-0.21711675038233705,0.050511429662295659,0.97483789020374256,1.5248536104335442,-0.64722868060583694,-1.1106116784341871,,0.3153649407804505,0.3371212121212121,False,4
0.91004637903699537,-0.25233941146802752,-0.328847091247015,0.32471068352060761,0.92710465714538359,0.18718954753650138,0.25764036952549341,-0.27713133370174853,0.92564553900046265,-9.7779949734958258,-12.468803653172865,-3.5644890729169427,0.6349000793202331,0.3451075623961128,0.6046511627906976,True,5
0.87745809350778803,0.41804113010861443,-0.23517845920745004,-0.3997500331248775,0.90832013063006833,0.12310341712899098,0.26507962040552491,-0.014005492839862618,0.96412480572588477,-15.588929011553617,0.46182269923963748,-5.9297130408082133,0.5324248728310519,0.83479835798002,0.7338028169014085,True,1
-0.93289825850990138,0.24366632834842666,-0.26519343826420272,-0.24894797334670174,-0.96841488934288333,-0.014053777626683701,-0.260241706564806,0.052908624327298315,0.96409280239820772,-12.638485811096933,7.330842881962611,-5.5188718035109217,0.2061910284015603,0.0974367782911393,0.2131147540983606,True,5
0.84255683256520941,-0.37420956720735504,-0.3873824772859088,0.48450873075165835,0.84074827999615509,0.2416477177813306,0.23526426359118049,-0.39129212807567793,0.88968601022097038,22.590994171438531,-8.3481067995020073,5.1693189281736549,0.4899974822923432,0.2804664820628381,0.4375,True,5
0.95941809272804479,0.060526911673590533,-0.27541498926045871,-0.048899873113054694,0.99760614345578047,0.048895653680177634,0.27771518819756408,-0.033443616768257314,0.96008114174888859,6.2431448401108955,3.3977515010384485,-0.090041874732400592,0.1948205997432173,0.1467185101196181,0.6666666666666666,True,4
-0.81241066150377172,0.55815137165922568,-0.16868895455817162,-0.52734756282793915,-0.82676774967191224,-0.19585616171536374,-0.24878397266390839,-0.0701579248365235,0.96601469995450695,-16.96331179385507,13.337341253718783,-7.0279120014904386,,0.4464194660663976,0.3469387755102041,False,2
-0.70948810084956415,0.65241612614176658,-0.26642040669409706,-0.68027812128699694,-0.73275153997741049,0.017229578026339898,-0.18397910873550583,0.19346415433072542,0.96370291508222838,-2.2365164927398977,-1.0462251137418712,-2.0747354858804794,0.588531418579632,0.4628891708521755,0.977728285077951,True,5
0.41586391004357692,-0.85719012577246045,-0.30378001349901518,0.90496548882404904,0.42310044382483858,0.044983090963991681,0.089970397135490723,-0.29361727250524394,0.95167968609499254,-26.183294295727968,12.576581713156685,-9.3632977811449756,,0.08712171582007358,0.1304347826086956,False,2
0.92870865793167046,-0.1635455677043276,-0.33279584728031997,0.26476087164814621,0.92082442934959652,0.28632857202365414,0.25961877730023797,-0.35402714245840017,0.89847808703154808,-28.830502775160621,12.541196728024868,-10.076012333146963,,0.2264461195764836,0.25,False,1
0.8283181857916434,0.51940548962859423,-0.21001647656915376,-0.49868235964285951,0.85437162787563359,0.14616779967616156,0.2553524765258236,-0.016341934549529591,0.96670991197323952,-13.061492383258699,-14.302139077577124,-4.3891632833542857,,0.3811935026223074,0.9,True,4
-0.41411608487762142,-0.83956161988224476,-0.35163070779773009,0.89832263660442258,-0.43923966318632518,-0.0092173124088672231,-0.14671165192209482,-0.31969486186779011,0.93609341760618392,-3.2624371931499425,6.382947471745247,-2.8444966697394696,,0.2134354850601096,0.186046511627907,False,1
0.96929855824983802,0.063339216272609661,-0.23758882266798273,-0.023714707938881495,0.98582971260756502,0.16606441631927221,0.24474051074997805,-0.15533164977575745,0.95706539012534686,-8.7107111874433336,-13.500501298016976,-3.2179080342631834,,0.1972555204308929,0.4375,False,4
-0.84034922398973555,0.51474611679741311,-0.16985175001109973,-0.49240161998415305,-0.85594253728870584,-0.1578068993952845,-0.22661382653499054,-0.048977628584444655,0.97275246878196775,-13.949706934070147,9.8157636520469094,-5.9852899270558009,,0.07044416444114139,0.2857142857142857,False,3
-0.33176371904047591,0.93437703494169899,-0.12989376929626384,-0.94098216592241235,-0.3375498674748092,-0.024751775364688283,-0.066973115086557705,0.11401597932438118,0.99121892552266411,-13.1159613292903,-3.0981025536125548,-4.9479629642722998,,0.08219883268372591,0.1904761904761905,False,1
-0.56446298067488099,-0.76034642803905694,-0.32133293142141106,0.80355177910891407,-0.59522677843351801,-0.0031016973669379735,-0.18890760106075558,-0.25995844207085056,0.9469612065219819,-20.099256214636288,11.071923031743285,-7.7262795730282026,,0.09305548200665703,0.3421052631578947,False,3
0.70541094648899705,0.67106326447866538,-0.22818740464963166,-0.66723092095069247,0.7373163935248912,0.10567608039068602,0.23916164972835502,0.077708628264080926,0.96786521499252487,8.624595000523362,-2.1904952967283005,0.91589343356746955,,0.1224728547680741,0.4468085106382979,False,5
0.48344193690444631,0.84315027183165114,-0.23533277024734284,-0.85958655235591652,0.50807609849542967,0.054494377201050437,0.16551390470575361,0.17594401736880325,0.97038592843320814,-17.755948710773271,-6.9316200051354651,-6.0924061576073436,,0.09301516172697254,0.1612903225806452,False,1
0.91284718628305139,0.36027122301896802,-0.19213188272520815,-0.30718148149374674,0.91597947699174465,0.25811070329848118,0.26897872020370522,-0.17659627287784579,0.94681793629146571,-9.4872717523749959,13.382124159762387,-5.0939603797097766,0.5280118613537041,0.4629345970016878,0.4411764705882353,True,3
-0.48704969921377467,-0.72928303715169485,-0.48055056156305942,0.85593596185813159,-0.50797723040414933,-0.096606224379823788,-0.17365546260848566,-0.45837253965931402,0.87162973514704234,-2.1961560463132703,-3.3450109871277003,-1.9103525554901561,0.7836249208625673,0.5017159244500127,0.3487179487179487,True,3
0.094195657983249165,-0.85100316167858825,-0.51664378137179812,0.99530161362826619,0.068820652221478151,0.068105915578459714,-0.02240258748610632,-0.52063167080082429,0.85348742664029342,-2.6113856858923969,-6.9372294904334328,-1.8566928793671758,,0.3642729380336681,0.6363636363636364,False,3
-0.61855905583610826,0.77966834222933923,-0.097478051727024284,-0.77033233132277401,-0.62619231378974116,-0.12029665610261216,-0.15483150119391789,0.00067990882060786628,0.98794065811769982,-15.938971587470457,9.1028955553914006,-6.461092059411004,,0.2093665259360335,0.1818181818181818,False,1
-0.033451582364467311,-0.91297123225953503,-0.40665036665890086,0.99883232028697388,-0.044729201872502351,0.018256353688178604,-0.034856672065075457,-0.40556482535638383,0.91340143685358421,-24.448863418740313,12.496772573310512,-8.9612988560299698,0.5564215133256378,0.510461198925553,0.8545454545454545,True,5
-0.38994585470912002,0.9027098328807428,-0.18181635794282736,-0.91710165912955544,-0.39848643867856959,-0.011537114504333174,-0.082866019676277949,0.16224523354999099,0.98326482036800167,-19.62832560368599,15.735043590665436,-7.8958666373235857,0.659094748668373,0.588521694531884,0.7933884297520661,True,4
0.76147717149995486,0.64085325835907736,-0.09726057029949578,-0.6029804021902514,0.75540141425750484,0.25648262692089885,0.23783849953048408,-0.13665944749016098,0.96164288774615947,10.932849245539934,-2.8301487938177372,1.5769624505391744,,0.5325119026600832,0.1590909090909091,False,1
0.50453059363778274,0.8466000341081007,-0.1694616839632771,-0.84625299896336437,0.52381098545134408,0.097354574961857343,0.17118627815633647,0.094289096764445191,0.98071648523022525,-17.002995725864135,-6.1549229623853714,-5.8707949223729887,,0.0971372577206638,0.4615384615384616,False,1
0.57816019418379094,-0.68102623973892118,-0.44937072740492146,0.80319537954559972,0.57194482188730544,0.16660222985572512,0.14355477051621265,-0.45725526951951634,0.87767285839239284,9.5442346875989497,-7.0340069334763813,1.5415389122488055,,0.1266220089664493,0.1428571428571428,False,3
0.46164470349325759,0.86303749187036682,-0.20506207685169284,-0.86798446893685532,0.48716802832652623,0.096282261402868594,0.18299488905712052,0.13354250185821762,0.97400167904188961,-5.426758759937762,-9.6418415854407353,-2.4916220616926354,,0.165545313002284,0.3684210526315789,False,3
-0.50838806055327901,-0.80173611032185566,-0.31426229378157639,0.84383044097792248,-0.53659597300442585,0.0038663463940739121,-0.17173167082946941,-0.26321848559973049,0.94932832153723523,-17.567515902959226,10.675770309765813,-7.0075480777403554,,0.1293054147669996,0.4666666666666667,False,3
0.89745542066505157,-0.31325147338862058,-0.31055962767039647,0.3645966078002435,0.92306680345030334,0.12254382868425373,0.24828024790440392,-0.22320661009006598,0.94262173097835511,-6.28063908421161,-11.380522752464781,-2.6312465246586485,,0.5024564868548357,0.3846153846153846,True,2
-0.44144416567442929,0.87015588955533962,-0.2189880737943547,-0.89158116486816463,-0.45285580913812518,-0.0021546652128132116,-0.10104491597469148,0.1942944775386285,0.97572515646244251,8.2198805752969051,3.7685776453531896,0.400700072737389,0.6595025611037886,0.5167238839819097,0.2857142857142857,True,4
0.81683327707190956,0.56939618487731924,-0.092581759084169268,-0.51928713189308784,0.79565898312827221,0.31187763180057415,0.25124544198495707,-0.20667551188865435,0.94560084637617936,16.94741865327417,-1.0134997067734348,3.0709357912968933,,0.559972920945647,0.28,False,1
-0.88632994449208158,-0.28534353255159051,-0.36468931699138618,0.37833632615762058,-0.9003435181350179,-0.21504226017649131,-0.2669847445196431,-0.32857361090513415,0.90595724425082169,-6.6756088426666977,4.2403555262252475,-3.6511568166352291,,0.4191597588110016,0.2152872003618272,False,1
-0.76328333326857645,0.59157318035007422,-0.25969159679302445,-0.61390032105866643,-0.78935901883553661,0.0062237598817794643,-0.20130809461737603,0.16417524683550327,0.96567154838900782,-13.991190329923954,0.69950262450936185,-5.5157803277756221,,0.07055238299528675,0.3928571428571428,False,1
0.81822201606153477,-0.43940446995410931,-0.37072421584858106,0.53392467676418398,0.81989495119579869,0.20663181881283366,0.21315996803916643,-0.36700951048710784,0.90546498951508581,-15.683015412069262,11.442741545737965,-6.5660576749706658,,0.159543306896126,0.24,False,2
-0.064612427335867056,-0.9107631374108206,-0.40784279050556582,0.99552853572175304,-0.087050106141750169,0.03667715343934054,-0.068906957540368921,-0.40364933612519371,0.9123152112336067,13.372572734251225,10.196438789206457,1.2430175764609015,0.303669698588663,0.2467468636774269,0.6923076923076923,True,5
0.55117178944493173,0.79845498225737421,-0.24223810564906781,-0.80904201775895845,0.5824266260166614,0.078931861800934811,0.20410946087966103,0.15247579025938823,0.96700075561717624,32.319526757619542,-15.011258510303916,8.3615349029398391,,0.1724503964372034,0.5,False,3
-0.015596084487880642,0.99725485628001831,-0.072384485731172649,-0.99945321356004257,-0.013437638192581518,0.030210987807555156,0.029155377774089268,0.072816079994220545,0.99691914538799209,1.0949857586531331,-8.1919822934748101,-0.75611517405862028,0.8009290618022582,0.4691794867395743,0.3157894736842105,True,5
0.40811337308634654,0.90606549373847522,-0.11175328077751345,-0.89264044150838429,0.42170661443407037,0.15923747525714918,0.19140667932912242,0.034768554744301239,0.98089481123573652,13.712970397630933,-9.423056960808518,2.8405029470825163,,0.3261087063790995,0.1,False,3
0.34847560662121563,0.93699953889922249,0.024425717852711193,-0.92745888893059003,0.34092348661632788,0.15359422390507205,0.13559041608318351,-0.076177689489842437,0.98783207008599283,-18.933820022982651,9.5070814767829201,-7.3226298658085502,,0.4646150128012787,0.3482142857142857,False,2
0.91058393957044748,-0.26185731957920466,-0.31979310996198662,0.33923588935682364,0.91549427601385736,0.21630821056573313,0.23612687345715155,-0.30545208260651802,0.92246578519893763,18.112390541435783,-0.16164746104360123,3.3250409283820015,,0.3475681886511249,0.3076923076923077,False,3
-0.039067489530627664,-0.87129904421623994,-0.48919495787430312,0.99836783197723611,-0.054445975283831306,0.017242617216231854,-0.041658172485688587,-0.48772288373958772,0.87200400534739142,15.738674282097522,-1.269982797681807,2.7608972028540579,,0.4118587862000362,0.1904761904761905,False,1
0.21831754249316881,0.95563046043775823,-0.19775710789568191,-0.97137648526895415,0.23224295232138437,0.049909267311622964,0.093622510681348997,0.18120053581755244,0.97897966848814344,-0.53436583342539756,-10.301189197472601,-1.0738523143662582,0.3872759542598905,0.1761208475498864,0.3548387096774194,True,4
-0.89117230450594342,-0.32949200350813995,-0.31184442163642861,0.36849351730374974,-0.92668570433817854,-0.073933301565435983,-0.26462133584931857,-0.18079995851616348,0.94725230198394161,16.091721660376368,-6.9460296811114919,3.286507812481088,,0.08057923002160697,0.125,False,4
-0.22499334951450348,-0.92668318926514537,-0.30105856474716453,0.96968030020601159,-0.2432035967872245,0.023919153457758888,-0.095384003200868428,-0.28654890898960894,0.95330562501762295,9.4149622443037231,-15.980793802406877,1.9600499893963763,,0.2701520446505991,0.40625,True,4
0.9563181738413955,-0.03059122985749347,-0.29072276662907665,0.083061360344511309,0.9819545258332546,0.16990032258152743,0.28027907663323315,-0.18662659470556137,0.9416019081067265,22.570697663003365,-15.33936062099739,5.6392327757395861,,0.441090258830507,0.1363636363636364,True,4
-0.88707476090321802,-0.36495025367601897,-0.2826830042827273,0.40042511321423335,-0.91301833737935867,-0.077828300228130559,-0.22969130866418822,-0.18223289481002344,0.95605076997683103,5.7232536785471479,-12.387457197747,0.76023341220405893,,0.1475245284552983,0.2058823529411765,False,4
-0.26696602966667832,-0.91057887828977957,-0.31555545537438767,0.9578463099328266,-0.28676854148031167,0.017153721617237935,-0.10611119428258843,-0.29767416755536863,0.94875207742494072,-11.067118897716149,-4.7704607083322905,-4.3245488850321481,,0.7317192134146799,0.7241379310344828,False,1
-0.76481665063774695,0.59665590806457058,-0.24301690945055968,-0.61271315057582021,-0.79021686858771578,-0.011827751725356599,-0.19909315914594072,0.13985359477348919,0.96994993995062539,0.13369427454369576,-9.4268295900777073,-0.91686127914666504,,0.4377712784565568,0.25,False,2
-0.71574203686568172,0.68320425426558595,-0.14472485486871478,-0.6822565327666934,-0.72830632566926623,-0.063999370991466936,-0.14912866981414313,0.052932437536337279,0.98740001868337357,9.0971557026276937,9.4010606273872739,0.1327407115000345,,0.2213345541389205,0.5,False,3
-0.077821383965253968,0.96861056595492367,-0.23608770344559762,-0.99693567251076665,-0.077492267361806297,0.010687065763469963,-0.0079433666186889615,0.23619593565430011,0.97167298146400671,13.704637556365187,3.8242886502070048,1.8771307315960661,0.6768537735999912,0.4306455467312329,0.2432432432432433,True,4
-0.33727900305913061,0.91137091225462419,-0.23589390494799678,-0.9392703062150568,-0.34264245467873811,0.019168727511337413,-0.063357445956366581,0.22803334963970626,0.97158974134867393,14.1105671910084,-5.6835621299787427,2.7007856024384909,,0.08472318811766714,0.4166666666666667,False,4
-0.83658998512938687,0.51214550088940602,-0.19448440220221186,-0.50035380220929082,-0.85887930653465749,-0.10941850584454074,-0.22307682397756581,0.005772583934913561,0.97478377493616319,-17.38598421298957,8.6569359526126668,-6.8433869354271284,,0.1439087867574292,0.1714285714285714,False,3
0.91560671222666024,-0.23819558241553118,-0.32392470273693763,0.30053511351966017,0.94062414280811468,0.15781276091693536,0.26710109334709276,-0.24184517047943471,0.93282791523869069,11.804394101475934,-4.870246501511617,2.0047866307386157,0.4709460219214258,0.2196154215023662,0.7735849056603774,True,4
-0.38692122358719533,0.88990921969004744,-0.24156478933909098,-0.91815614014443481,-0.39604832012219576,0.011620260042715186,-0.085330352471210957,0.226290319808512,0.97031511485089272,-5.8960707127839918,-14.202189598618517,-2.4005105298664526,,0.07967384177074675,0.25,False,2
0.39596921896426984,0.90893151055417021,-0.13058287312867906,-0.90725652398277856,0.40919925685138964,0.09716773066690669,0.14175322685396707,0.079996733145703963,0.98666435293999688,2.3216878111497996,-2.2212753480496437,-0.79511054169154771,,0.2241400212124506,0.2971014492753623,False,1
0.64602381069602199,0.75585831795030667,-0.1064492329663525,-0.73131712287934503,0.65284819972739305,0.19739426003858387,0.21869728347025444,-0.0496732452939814,0.97452761218176687,-12.031084905335721,13.247632448617265,-5.7699600614195097,,0.359276936440012,0.3823529411764706,False,3
-0.91971840779411917,0.34585777951917879,-0.18574295871099408,-0.29760366795856308,-0.92280294884163905,-0.24467687758916931,-0.25602755160775215,-0.16975604247047965,0.95164740259326153,2.5645365262089719,2.2544599426882579,-0.98714083039695444,,0.3870294973426881,0.1071428571428571,False,1
0.23407521784914218,0.95951181393460516,-0.15667122042290083,-0.96742142478119686,0.24586462017263264,0.06038522519364093,0.096460247061659316,0.13743241054166055,0.98580310065931165,3.7089061564649892,-14.504472876844382,0.29090570524262094,,0.1456253666772524,0.375,False,6
0.38323542010136691,-0.84247792850300285,-0.37863115662213853,0.91991509023477092,0.38497274685346672,0.074513159498507731,0.082986984148613191,-0.37686459659324101,0.92254335198760806,9.7218818810142569,-12.80346345378859,1.8791655801950431,,0.09779766290364593,0.4444444444444444,False,3
0.63123090393994885,0.77376206759282651,-0.053289855184927959,-0.74809015149022118,0.62554219779015841,0.22149059579855146,0.20471607448975326,-0.099946093161932564,0.97370534932656749,10.200597691966726,3.7128335458522184,0.89470106088078805,,0.4114011883027813,0.4390243902439024,False,1
0.93489437116256768,-0.20344270685131954,-0.29083256316574158,0.26751462369379625,0.94242055120595025,0.20069736115514597,0.23325617007597771,-0.26543279694431249,0.93548756775694553,-23.882086090396729,11.130857426585589,-8.7340653829547641,,0.5476761946718209,0.5517241379310345,False,2
0.17493447258329248,0.96497872247125749,-0.19548400313004216,-0.98177783745379066,0.1859328558227315,0.039258769850351809,0.074230776545614094,0.18505414965178252,0.97992078940600713,-5.6724848460555792,7.6078408311233146,-3.6355522175257757,0.5832806404221192,0.4603888573259367,0.9418103448275862,True,3
-0.23703562448577406,-0.92872407199664597,-0.2851064903130231,0.9660407781089454,-0.25639556939029334,0.032039460477542567,-0.10285585911995457,-0.26783000222342157,0.95796020906596091,10.344264848486397,9.4029746855518326,0.45757804126516149,,0.09599571423468856,0.3333333333333333,False,3
0.74831394010855301,-0.54893676354644727,-0.37241734205910298,0.63330518891222887,0.75824417420487389,0.15488805628975028,0.19735953165748296,-0.35175872684486853,0.91504918630225451,5.9445025566421252,-10.441134790606659,0.68572006753156833,,0.08320373921515278,0.2571428571428571,False,3
-0.47645903262920697,-0.69087630061562089,-0.54376164582812769,0.86383552563073296,-0.48296874719544991,-0.14328075198969431,-0.16363060497448245,-0.53798803562916842,0.82691831436699548,-6.951591228969245,13.277687269751588,-4.3775194300561147,,0.4507655580439202,0.2222222222222222,False,1
-0.88751643416207426,-0.267865367952699,-0.37491695579661655,0.37536562573331467,-0.89220875312874426,-0.25112584068209504,-0.2672362739413835,-0.36360924835875241,0.89239738255886258,-11.557840637093195,-0.47075005284811378,-4.7151972205276129,,0.1593648260487121,0.2,False,1
0.94503789602720123,-0.10093023905112512,-0.310992703961949,0.18924784318560117,0.94449109062072034,0.26855508482931501,0.26662450922989006,-0.3126494308057593,0.91168070314927452,-7.2296039727108603,-9.4358740549928424,-2.995615577226483,,0.05972382958618214,0.125,False,1
0.1262184799205209,-0.9082892576924485,-0.39884773997987566,0.99199022447099627,0.11756324977210382,0.046198234349426721,0.0049284764923506717,-0.40148413002698313,0.91585271930367795,8.0806161439696957,-7.1657719267942923,1.1349253479918213,,0.09271714622531228,0.1818181818181818,False,3
0.95008946569590902,0.17442399927035346,-0.25866247437964318,-0.14129915246437647,0.97977496931577279,0.14168824586085829,0.27814484839110853,-0.098067721401151331,0.95551984036579529,-11.752701719079873,10.954345182877629,-5.5151130648060613,,0.7077682828272774,0.9029126213592233,False,1
0.31804582074383242,-0.88853127883871286,-0.33069475718950103,0.94598870094190779,0.32054417940588198,0.048546953964701468,0.062866792487155695,-0.32827365958031235,0.94248828683868835,-10.358563298933156,0.40506398326312842,-4.465930224609024,,0.7154433091971296,0.7355769230769231,False,1
-0.66501427399751445,-0.67255272654270071,-0.32469808345528806,0.71567319328324719,-0.69815847112575713,-0.019662899356500972,-0.21346638094865811,-0.24545382297964619,0.94561330626707973,-12.214764867630395,10.194095331009494,-5.5950959246996996,,0.08780498387287336,0.1842105263157895,False,1
0.35843452699279466,0.90839874753192429,-0.21525892627690038,-0.92340600469994305,0.37889149492213292,0.061339918159067051,0.13728088120179516,0.17678504053823019,0.97462865189689352,-2.5450097681521568,-12.894388899941244,-1.5114263518164899,,0.08979284203767685,0.2916666666666667,False,3
0.94320944048450017,-0.1429372564106372,-0.29987479405698036,0.21301120328894393,0.95292559999481596,0.21577541136078535,0.25491602274928266,-0.26739809573802081,0.9292556589773171,8.6209366825757474,-14.021989053324896,1.6483406009649808,,0.1627048317182103,0.2173913043478261,False,3
0.44770435003846876,0.89310373301137169,-0.043892334613070572,-0.8820964055067595,0.44916407761999977,0.14197733188023429,0.14651534509629985,-0.024846598498146799,0.98889630406548934,14.612065728333642,-3.3280403367723213,2.6809000049584952,,0.1663159216597532,0.1764705882352941,False,3
-0.59282636187903226,-0.72816418729464194,-0.34399683283833421,0.77779748757057665,-0.62843277099444672,-0.010164677522681076,-0.20877732872649274,-0.27358576110933652,0.93891578873084003,11.856706971553153,15.068347553745447,0.57719973013900028,0.4532140012638456,0.4160626806251337,0.2941176470588235,True,3
0.74139933771317212,0.63867779993018081,-0.20595555325073206,-0.63318748063392194,0.7674426491326326,0.1005255920686591,0.22226253936940879,0.055878870502468231,0.97338425887438262,12.573146885804897,-19.695219911766582,3.030665327693328,,0.3387359625464901,0.1428571428571428,False,3
-0.82901141472280393,-0.42910710333680691,-0.35861841576415299,0.49911022206757455,-0.85697876188891942,-0.12836038290294716,-0.25224801384144252,-0.28540233975430107,0.92461691741813723,2.661359488368999,-11.716325877904012,-0.13388319662922293,,0.2469563590335386,0.125,False,2
