axis_00,axis_01,axis_02,axis_10,axis_11,axis_12,axis_20,axis_21,axis_22,location_x,location_y,location_z,dbh,dbh_approximation,score,reconstructed,number_clusters
-0.93546152672411875,-0.26972668780854397,-0.2283839878424325,0.32237809010592156,-0.91605125988887948,-0.23858427499660304,-0.14485889354347026,-0.29681240395210684,0.94388468459951846,-9.0860766767382053,-15.284488722113821,-4.3162333471172261,,0.3985388459831332,0.2666666666666667,False,1
0.72706354142548102,0.68220216498121089,-0.07732278334868499,-0.67512887781605857,0.73087351413063284,0.10012444597185285,0.12481828819795719,-0.020593990319747638,0.99196586760535399,-6.1116299670200371,12.894542865281299,-5.1881071985173834,0.3338268275905986,0.1746621253419286,0.3333333333333333,True,3
0.96778122732935379,0.21960948764909968,-0.12317129926809559,-0.2077351812804408,0.97282242007557984,0.10228701509319807,0.14228700041561507,-0.073404440824746037,0.98709989240194673,5.1354071108512507,16.936986314346552,-4.1263687718986031,,0.3210472501746442,0.547945205479452,True,5
-0.4764791450845563,0.87824133035086038,0.040740519916205253,-0.87862291359868494,-0.47400470949266893,-0.057804074926688952,-0.031454729355854902,-0.063337990513773854,0.99749631526077776,-6.4247578982186857,15.961438847386137,-5.3414129875408953,,0.0855681366395079,0.25,False,6
-0.19801899403272408,0.9748221289642407,-0.10251972924220547,-0.98018653455432736,-0.19642068712427022,0.025559169548518675,0.0047786484122968112,0.10554965917167473,0.99440255126789445,-2.1072681846243557,-3.9402839117961301,-4.0213107943075519,,0.3565964674966279,0.946652719665272,True,5
-0.27854910171926006,-0.94318513160387507,-0.18114139629796236,0.95745924572901664,-0.2875091341843532,0.024704058949653204,-0.075380307106150443,-0.16655421124050226,0.98314673575140266,19.415883543659671,-11.715848885166388,-1.5429484348992009,0.5409323690265506,0.4421335539273042,0.9324324324324325,True,5
-0.98941414942107964,0.022284044569081923,-0.14339826457459748,-0.023168229201265687,-0.99972145767732512,0.004498912669045653,-0.14325806811848579,0.0077735717124915189,0.98965483755791939,6.1516748085568969,0.45963129137436515,-3.3260133557148555,,0.1220240754377478,0.410958904109589,True,5
-0.95583876081226271,-0.22594856133065591,-0.18793485829266754,0.24303903357154066,-0.96725045285985023,-0.073202387959869081,-0.16524010254623342,-0.11564518612991408,0.97944979423934153,9.0994142369215059,11.697466965763157,-3.5028036730398178,,0.212244490217869,0.3225806451612903,True,4
0.6791258651696177,0.72442953042238389,-0.1182789698535778,-0.72377794782106186,0.68772396186642482,0.056402433659211305,0.12220287028360396,0.047303358514527959,0.99137724947050088,2.3310235303693605,2.0001639701963039,-3.760893615244278,,0.08422938855489792,0.3465346534653465,False,3
-0.94418603285648817,-0.28986010195436857,-0.15650513299482888,0.29944014475013608,-0.95323194943336231,-0.041042055156747068,-0.13728923872883683,-0.08561525491683708,0.98682404361404841,-16.58439988627504,10.395422685872932,-6.257276740112375,,0.1137800724758369,0.2916666666666667,True,4
-0.832033600903621,0.54866395046689886,-0.08177992678775349,-0.54732728728409108,-0.83596379813708344,-0.039967096447706574,-0.090293563234553259,0.011506418307985058,0.99584872082868581,3.7544164412541119,-10.644808604719351,-3.106542914578553,0.1016382326699561,0.14754706946058,0.1428571428571428,True,5
-0.91878691600564844,0.37136176619408401,-0.1338694946059053,-0.37692179175299534,-0.92607107513242803,0.017953459409855356,-0.11730543840138777,0.066953733370739316,0.99083632942538946,-10.99356246263207,5.16183929127022,-5.4016552477992406,,0.2183768720181725,0.7505938242280285,True,5
0.97345393894177668,-0.17290879066366988,-0.14996659251302408,0.1871967841239664,0.97846513094279908,0.086967531543313603,0.13169963087414252,-0.11273214998534921,0.98485870539245179,-5.5767626428654076,-19.078026268733876,-3.7736982752723502,,0.150120384030068,0.25,False,5
-0.14309001790624129,0.9895482668009854,-0.017873848123931793,-0.9895985504732,-0.14277999116772264,0.017566531344767218,0.014830902768651382,0.020201529479494287,0.99968592194236494,-1.4938426699489462,-14.430336157795285,-3.5179716241769912,,0.360032312237072,0.3,False,5
-0.4440908569199794,0.89595874017864829,-0.0064223591901505367,-0.89554906372380683,-0.44408773033560822,-0.02789197427184123,-0.027842149045848131,-0.0066350329959347643,0.99959031161453915,10.541125577155201,12.873066212892674,-3.4345772327932491,,0.1810946744952263,0.2857142857142857,True,5
0.3194223906120584,0.94486104742872867,-0.072159111881753168,-0.94543680399833929,0.32292078950064712,0.043259835340479585,0.064176210709921147,0.054403720094903338,0.99645453946417017,-10.217229369330207,-9.9657868511568584,-4.6913536515274297,,0.1984541706328514,0.928,False,6
-0.42356965907836092,-0.86434896938789096,-0.27108965864881607,0.90116156892097532,-0.4325117236188466,-0.029007509926577447,-0.092176844207897984,-0.25658228319653131,0.96211691666944921,2.679189182524957,-15.193144205000726,-3.0186905960001948,,0.446116632158832,0.1153846153846154,False,1
-0.45508862346664247,0.88926981952795692,-0.045755140344603581,-0.8899054465140297,-0.45600187627325672,-0.011427383774879174,-0.031026457353448878,0.035517276246741669,0.99888732198987795,-0.13299138776429753,24.182939802142698,-4.9484826845217338,,0.1098815108506157,0.3846153846153846,False,3
0.49427303459201288,-0.77621592300519349,-0.39138600913726984,0.86838723443991628,0.46157862077399292,0.1812423457864456,0.039972219565566153,-0.42945781832163077,0.90220186429946381,10.172489160638492,14.796039887885517,-3.5164652499070534,,0.3312272502985948,0.3846153846153846,False,1
-0.94510770171237202,-0.28692691259176917,-0.15634698268439357,0.2919221538208509,-0.95639508538108819,-0.0094813905888112768,-0.14680901972479177,-0.054602083197048151,0.98765668338648382,-2.6982411726289723,15.032604946344529,-4.8932439182725052,,0.107196217340324,0.3653846153846154,False,5
0.57442759171581736,0.81843946647511401,0.013776123964946818,-0.80729488122164372,0.56366324164052473,0.174810539661168,0.13530675012318935,-0.11153739166408351,0.98450571030942968,-12.913673053474051,14.29434896241829,-5.9825237053763081,,0.618561379874901,0.2022471910112359,True,3
-0.76554061064715651,-0.60430763077768479,-0.22081635092048291,0.62679225624018164,-0.7779424775127135,-0.044011012243777237,-0.14518622857323266,-0.17209819599647408,0.97432190264174912,-4.5582707074738771,-24.598769565559227,-3.4228653827865823,,0.2275648584763401,0.3928571428571428,True,5
-0.47806216100161375,0.87832458590379159,-0.0015786118587801656,-0.87753207605205596,-0.47770566499439721,-0.041650367729833646,-0.037336653816813378,-0.018526182261720425,0.99913099984565057,-12.901598667621803,-1.1950027186532333,-5.3770639588556426,,0.08105724269777244,0.2727272727272727,False,1
0.31890687904722165,-0.89430565295190723,-0.313872269553436,0.94768682036083618,0.29608850376172424,0.11925304379559036,-0.013714700533744323,-0.33548322914626821,0.94194634133312694,4.6623955490645681,-6.1125663523401554,-3.2152305705161801,0.5796391212260146,0.3022609929440873,0.3103448275862069,True,2
0.87512354501494427,0.47231410107101524,-0.10525289017388562,-0.46284284735429354,0.88046757342562076,0.10272950306007575,0.14119234969872616,-0.041185459515207065,0.98912510751222704,-19.078282845880373,10.297811453956058,-6.560548840744775,,0.1821930654858008,0.28125,False,1
-0.96349335547837511,-0.22181294679076013,-0.1499318864852367,0.22755153416001386,-0.97351637840500305,-0.022049042578590493,-0.14107038403026545,-0.055361336808352347,0.98845043838138247,-7.0448762670270328,14.023920448559586,-5.3535979306944004,,0.1111715649535819,0.2916666666666667,True,5
0.94275183675352181,-0.23847070592745984,-0.23313235878427579,0.30972645365948054,0.88526564047029377,0.34694995273993473,0.12364666676212115,-0.39929496392664438,0.90844649461673699,-17.630609991966292,-4.7542530189716201,-5.7994102507382328,,0.7805970074704353,0.3333333333333333,False,1
0.37490468046571407,-0.90569246592581887,-0.19790815478426146,0.92682823040251772,0.37097716326459845,0.058011857969648334,0.020878503151327204,-0.20517578195625788,0.97850242033670987,-20.751883685444859,14.405944323977039,-6.9347532359477286,,0.1818416481287969,0.53125,False,1
-0.98652544803556586,-0.10472233757995639,-0.12570112326473692,0.11305874945935236,-0.99170734376563507,-0.061108620439326779,-0.11825928948253621,-0.074496820959689236,0.99018430815580349,2.535410510587111,7.8037301915163848,-4.0190713101243283,,0.5434108611068272,0.5026178010471204,True,3
0.37414349967133814,0.927319912062188,-0.0097171161699436681,-0.92338343713615278,0.37348497589718799,0.0887242965692185,0.085905003790868739,-0.024222994696231209,0.99600882368161703,13.512469929648255,-4.8488956864303576,-2.3437557404692875,0.7657164353852286,0.892443945757631,0.6435643564356436,True,1
-0.8292843641426958,-0.53113536079530355,-0.173731608814537,0.54530405231747037,-0.83709576846482792,-0.043751170777763665,-0.12219220071097128,-0.13101871214113681,0.98382069664867655,-4.4003977916603123,8.2589581894112811,-4.7934407738960942,,0.6256317775774289,0.9365079365079365,True,5
-0.26577270984824258,-0.91630489080292465,-0.29958340039221754,0.96216500232901947,-0.2714739472828408,-0.023246596307285129,-0.060028118354004442,-0.29442697403144857,0.95378686401604651,12.776587253201452,10.937061463927156,-3.1459663525449506,,0.1307657486155142,0.4137931034482759,True,5
0.92646506901595016,-0.35045542988830281,-0.13727151035475271,0.3612282811149275,0.93036332069337713,0.062755242260286712,0.10571946280616966,-0.10772689158328651,0.98854353066204315,8.4420935748394861,0.4410604638573406,-3.0628862940116464,0.2699207497399896,0.2193713638848974,0.75,True,5
-0.63507229195409565,0.77017956653728792,-0.059216714537425677,-0.76954645167365421,-0.6374647727913374,-0.037906756212809603,-0.066943578546865876,0.021496482003433473,0.9975251668769145,15.109157287288822,15.290774327604009,-3.0713298603043726,0.2503283270275768,0.1899189008486416,0.1,True,5
-0.26776881284184789,0.96156150859570855,-0.060822101709920626,-0.96347811377877324,-0.26743830952768177,0.013662901092838377,-0.0031284402765982822,0.06225926263714001,0.99805510723472324,-9.0440048371221167,-12.449128747879421,-4.4393634066601786,,0.2274861264669588,0.4285714285714285,True,5
0.63373721917342019,-0.73908573080382267,-0.22831867982387927,0.76953736022520403,0.63238223208570865,0.088909863119458588,0.078672665214574181,-0.23204524357218681,0.96951823947956728,-13.307726764893838,22.852008259911607,-6.3724850631625705,,0.2408759000204822,0.125,False,5
0.16771259310831435,0.98265652015324612,-0.079111626915375641,-0.98441520039875341,0.17123751872577847,0.040055279358919595,0.052907460123950513,0.071160913294808587,0.99606070351273335,-14.961005100954155,13.437840865146573,-6.1832253161914386,,0.09237871269292534,0.4155844155844156,False,3
0.59290065109621037,0.80169918775676741,-0.07581048924673181,-0.79851245122670322,0.59748558177977895,0.073408751530051969,0.10414741074847425,0.017011523018775704,0.99441637401994243,-8.5860943153362577,-10.381634796258652,-4.4939609158221998,,0.3637573963784591,0.7333333333333333,True,4
-0.20026540971651963,-0.90348725996308432,-0.37895189240254856,0.97670598514494777,-0.21453086203564919,-0.0046827146271054484,-0.077066103139526776,-0.37106236715495627,0.92540452529056116,-17.832018919621351,8.1071078362041558,-6.312984157477854,,0.1861784496253698,0.2173913043478261,False,2
-0.96037757308221094,0.25247315442966523,-0.11803483982730639,-0.25098884633773327,-0.96759862987266887,-0.027522544987492709,-0.12115905304506623,0.0031933933157805572,0.99262796963633582,5.1465162006167819,-9.9605047544607466,-2.9960103208888422,,0.0917206381012706,0.3846153846153846,False,4
-0.11110360087516143,0.98656327044836989,-0.11978690777706183,-0.99356073233684106,-0.10757293478770252,0.035568734296322402,0.022204977614366503,0.12296738227423637,0.99216226589493339,7.7773518074704207,13.642167832899855,-3.7389663043021542,,0.1045516588238752,0.4074074074074074,True,5
0.98996408783985779,0.0074385983569503714,-0.14112325124472769,-0.00080575522823357734,0.99889459301499661,0.046999391527094404,0.1413168622136465,-0.04641399896463258,0.9888757683117736,-9.6810615234054964,21.906280589997486,-5.9234173514842556,,0.177101788357354,0.7755102040816326,False,1
0.96344652750381887,0.20913349643062501,-0.16743347727242142,-0.18377352430926489,0.97067766836466984,0.15495856188375043,0.19493096317359307,-0.11852444814817692,0.97362922860161982,-11.573000218014753,-14.229627496679168,-4.6415190186839448,,0.4663189908776857,0.4375,False,3
-0.25002259863812781,0.96804937263242086,-0.019212295964125534,-0.96823869744761193,-0.2500056011932566,0.0033202615785093599,-0.0015890044647624765,0.01943222884730024,0.99980991370701877,6.4956925214900885,-8.3882405308967876,-2.9331037677986753,,0.1258579977983992,0.3928571428571428,True,4
-0.13126392739395829,-0.90810876489243264,-0.39762828431923025,0.98989831959931629,-0.14174606816554708,-0.0030608845223275491,-0.053582629830613945,-0.3940133541964651,0.91754148598049068,0.878291683462887,-7.9937561209902093,-3.5378225319675471,,0.3153303102307465,0.3620689655172414,False,1
0.26316705838170934,0.96433468189167781,-0.028314672584981063,-0.96210409425658894,0.26450445093164932,0.066280519400922666,0.071405960517503753,0.0097988131027924169,0.99739920396215953,0.46352462898168079,22.311470252639978,-4.8356635365141454,,0.1950303155601413,0.4666666666666667,False,5
-0.94954359800722277,-0.27476906047557703,-0.15122472975299472,0.27929794681269476,-0.960160930536893,-0.0091457299731155725,-0.14268711360774927,-0.050921025872390724,0.9884570990864463,-3.8553602879269637,3.6154520150547209,-4.5249347249924705,,0.1862490808068454,0.7411225658648339,True,5
-0.98951871555767235,-0.014569296874623921,-0.14366783616966475,0.018785409893924375,-0.99943045276858189,-0.028033523751126103,-0.14317758182135851,-0.030438555605790139,0.98922882812644597,13.094482477533296,3.6222154288296076,-2.8060135528156271,,0.1603563248267449,0.3,True,5
-0.32250556215377368,0.9378666469533864,-0.12804809609006476,-0.94646430928548397,-0.32150429305260175,0.028987942277758933,-0.013981188384047806,0.13054172544117421,0.99134423097641078,5.9235274238651821,1.7970560039797367,-3.4004733663151914,,0.2940587370344846,0.9581589958158996,True,5
-0.94377973606138832,-0.28777904128930093,-0.16267462369560898,0.29490463445822912,-0.95529664278196003,-0.020966183834360039,-0.14936889359888644,-0.067760959881990379,0.98645698636124901,6.9637049553317016,-13.253974764051129,-2.66411275130034,0.1105184857438424,0.1976338727994127,0.4705882352941176,True,5
0.92815096159583887,0.35131707558859865,-0.12293130150045152,-0.32766582792543786,0.92790168182789545,0.17785829772856065,0.17655281843872522,-0.12479896338046559,0.97634743869203877,5.8518036006680108,5.5611483315868107,-3.585124770585209,,0.1628822651508811,0.2692307692307692,True,5
-0.9225207399706512,-0.32266890479340338,-0.21175519404120396,0.35505333370624864,-0.92462182852914021,-0.13788257479286253,-0.15130305531641333,-0.20238392250091322,0.96754748377796096,-14.953793478180996,-20.873692836047724,-4.7774813098289508,,0.2359379018128729,0.3333333333333333,False,4
0.14596275437498774,0.98928037286515502,0.0043838566406102231,-0.98817957176061488,0.14558756778419962,0.048014519279984201,0.046861586510422916,-0.011340369061875466,0.99883701760560806,-1.2999446918417275,17.0006482833371,-4.8437887376084268,,0.19886690002645,0.2647058823529412,False,5
-0.8350355828003404,0.54448412062141416,-0.079073496498009654,-0.54106293214330925,-0.83872695899391725,-0.061546662925790613,-0.099832253895123485,-0.0086099156756169054,0.99496702982273655,-14.598094115358089,11.472668311957746,-6.0738818474798713,,0.1082229751758466,0.2127659574468085,True,2
0.11533767774377537,0.98713720598879917,0.11071294705362658,-0.99199645036830386,0.10870007196845252,0.064244352364531021,0.051383485181114366,-0.11723664489688948,0.99177381823879673,-4.8536484305573246,25.972988140957259,-5.5141725699481743,,0.4314012619173677,0.3333333333333333,False,1
-0.87198647372888138,0.47669899532316207,-0.11134476858729767,-0.47749804067762891,-0.87837915296058622,-0.02111124802727489,-0.10786663424292302,0.034758186116819384,0.99355757644686726,9.1038271501230756,17.858814558562585,-3.7638536868099104,,0.0869209842838794,0.3076923076923077,False,3
-0.99025959986372869,-0.028084624732818472,-0.13637147330488947,0.042333905571985048,-0.9938069472372526,-0.10274041104646706,-0.13264149168624301,-0.10751281540631112,0.98531580176441835,-10.469103893804968,-11.165534762864546,-4.6597341610200935,,0.120455330262755,0.4,False,4
-0.98965812776898721,0.00028850491206339202,-0.14344583265364735,0.0059800675232736158,-0.99904565304350801,-0.043266868702134843,-0.14332141826398306,-0.043677224039382401,0.9887119252679285,13.673004504809652,7.2537055550074143,-2.8844266009186237,,0.07702815304749128,0.2352941176470588,False,5
-0.80186440816230464,0.59735111237618155,0.01360586143747454,-0.59011842168425843,-0.78817501961765879,-0.17475808089923556,-0.093668133916488414,-0.14816135458898277,0.98451739126079496,-3.3712607652961712,15.976299566943396,-5.033580344836742,,0.1862913379037351,0.3157894736842105,False,1
-0.94657311739728267,0.29624323996363294,-0.12743341868066266,-0.29734629562932213,-0.95470950472375393,-0.010721103751304605,-0.12483795054514286,0.027743546384263386,0.99178918210359335,3.0241899144639759,2.9397033711332674,-3.7354461271574007,,0.08111784513289504,0.3076923076923077,False,5
-0.88425095266192633,-0.40837107363386788,-0.22656857446609743,0.45033735922331575,-0.87409226880613233,-0.1820960419699463,-0.12367908313149729,-0.2630508920959444,0.95682167228971249,-0.12109667519703571,-7.9899023543519281,-3.6340133963571328,1.140342440149408,0.6094885766659413,0.358974358974359,True,4
0.46951605935966112,-0.85275341380173975,-0.228836809217519,0.88260469123845064,0.46027728517909544,0.095675387389037331,0.023740872082880712,-0.24689357220803032,0.96875174064107039,11.227677398009366,14.424821754659142,-3.4105649656602073,,0.1862194080202638,0.3684210526315789,False,5
-0.71529795293122755,-0.62406013359276835,-0.31448018728144317,0.68668809544709319,-0.71117467140089174,-0.15063215569418753,-0.12964682064608979,-0.3236966734738097,0.93723645121087273,6.9730060615046359,-16.354935570256501,-2.5138027194450316,,0.2277886688115319,0.2857142857142857,False,3
-0.20283051191760132,0.97888482799972498,0.025382611118478116,-0.97919828026893574,-0.20290535325407733,0.00038149599789503996,0.0055237083197877332,-0.024777230127401434,0.99967773683003014,-17.543787775389962,28.155972210552317,-7.0689801255304205,,0.2798202127548882,0.3333333333333333,False,1
-0.14431798450371586,0.98952829493317074,-0.0024643204820215814,-0.98906766210708186,-0.14417367695486952,0.030969511577445194,0.03028991784105417,0.0069068371897570563,0.99951729173497417,12.420215709214879,5.5806650828730318,-2.9031701257551785,,0.4791319070439239,0.103448275862069,False,2
-0.98565643857942087,0.1013870288968943,-0.13491499345288893,-0.09825211233207054,-0.99471789390293319,-0.029712522134617184,-0.13721482248364769,-0.016030655656405199,0.9904115864477796,-11.790263347334959,-2.0895886613412524,-5.1916572478238887,,0.07064113332611655,0.1801801801801802,False,1
-0.98857406744308829,-0.00078373712905822727,-0.1507338679101029,0.0073389916978671118,-0.99905080231974275,-0.042937554484823184,-0.15055713991666569,-0.043553187488300525,0.98764146707179246,-13.567929559333438,8.5770294567111964,-5.8421911134808617,,0.1093703094017459,0.1647058823529412,False,5
-0.12727825982432667,0.98430148210430102,0.12227361491085316,-0.99161517683807265,-0.12905334831492901,0.0066764027068351231,0.022351412494278786,-0.1203986113540437,0.99247397383686009,-1.5507364959677123,21.158308698788453,-4.9922126226109,,0.2447110975336559,0.2692307692307692,False,2
0.55454775928384559,-0.81646997427932455,-0.16079043433483381,0.83065293581376709,0.55470954389544636,0.048093888751852859,0.049924772380408378,-0.16023140457358701,0.9858161157594959,-14.827099705858268,14.981999638184448,-6.2403276205362337,,0.08693073251862644,0.4358974358974359,False,3
-0.004749396530491801,0.9997343120176726,0.022555456261115242,-0.99975442286495408,-0.0052353158222276045,0.021533356222485773,0.021645720005559668,-0.022447646709454122,0.99951366472032233,-5.7231685021433876,23.596501928686227,-5.5287661342110983,,0.2359064854461175,0.6571428571428571,False,5
-0.10721188306373255,0.98689180019832667,-0.12062415525605227,-0.99402272053509722,-0.10388306417605543,0.033572906299571374,0.020602019074226745,0.12350256547416816,0.99213037103566493,-3.6252334902115915,-8.6800974776822475,-3.9963367312198161,,0.06816149427255838,0.3050847457627119,False,5
0.35739294185631337,-0.89360724537994318,-0.2715444275174127,0.93394068094436533,0.34350795453851524,0.098777981584666108,0.0050089508347743658,-0.28890894097143288,0.95734347767052763,2.4760004438152836,17.419159578541745,-4.3857381499601242,,0.1460933653943796,0.1739130434782609,False,3
0.97335284416037393,-0.13333110045902469,-0.18656649864135838,0.18728169286205307,0.93169407195411369,0.31124222689777575,0.13232463218779092,-0.33788899647065801,0.93183754902902327,12.045615323295817,-7.4675615761244636,-2.4256895156518481,,0.402921984356107,0.3518518518518519,False,1
-0.31339614212021083,-0.93685930878441037,-0.15516924195266896,0.94648262243575187,-0.32143841619013347,0.029120268273513078,-0.077158949781029565,-0.13773881131030521,0.98745861499483278,-7.1019036893415448,5.7686431931078852,-4.9730349384524377,,0.2120957151583277,0.8540332906530089,True,5
-0.2892736165323111,-0.92820393423558034,-0.23400476757517,0.95483533085814187,-0.29713028031224958,-0.0017571188316820446,-0.067898937571526291,-0.22394430778913754,0.97223386141684232,14.539258299850507,-8.6155666995005529,-2.0990988720397774,0.3356519542248191,0.3181299991389955,0.2325581395348837,True,7
0.60304509656122829,0.79375737329278706,-0.079283313861078314,-0.78908299885127031,0.60814700431741842,0.086632800160426807,0.11698133371331174,0.010317629722252017,0.99308051742019887,1.6135048021644385,-17.814697823159314,-3.0267322869698337,,0.1427379965335479,0.4230769230769231,True,5
0.60186423645004683,0.7976202222785882,-0.039514831325176178,-0.79107532221037535,0.60223989352632001,0.10727043038581327,0.10935847233823681,-0.033303027755173034,0.99344432801752158,16.673014521127094,-9.1017196907766262,-1.88633136441775,,0.2461132904058337,0.44,False,4
0.97463759597160093,-0.18427281268584061,-0.12698459364642475,0.20164827478434763,0.96922441101423595,0.14121619726718457,0.097054262117615475,-0.16324083924973304,0.98180084467566464,4.7954299062569135,18.604363470769719,-4.2179276242810335,,0.8214602344214958,0.675,False,2
0.31291464272895092,0.9489197403461076,-0.040444440251876698,-0.9450030626929542,0.31532403968839345,0.086832951668869091,0.095150606234267035,0.011048817858361204,0.99540157009981822,4.9003376811224291,-18.465208147494586,-2.6491359400639753,,0.1597612784916234,0.1875,True,5
-0.55980978827584493,0.81946483822500238,-0.1228429072572948,-0.82734907709827576,-0.56098540020008048,0.028087103570639503,-0.045896683705751881,0.11735740145055332,0.99202859573179059,5.0670276417833788,-20.571669673709867,-2.5366495078139568,,0.3195158111799413,0.8035714285714286,True,5
0.98876113952042832,0.083498327173106845,-0.12401386347323204,-0.044627127472537657,0.95652517397982384,0.28821521652476734,0.14268787078029618,-0.27944162342457407,0.94950121149476419,-3.0868007648943889,13.405419325061434,-4.847971179674996,,0.4710101696711074,0.2727272727272727,False,1
-0.29176495485434145,-0.92359855036260208,-0.2486743430411415,0.95326434916413694,-0.30211562836393624,0.0036369920178733299,-0.078487525961251678,-0.2359912389610328,0.96858032367074132,8.1317020336912886,12.215071662777557,-3.6278176870504191,0.1976818971740741,0.08605806678837187,0.2,True,5
0.42838239995446203,0.90286242005662665,-0.03644132076020197,-0.89579065897728116,0.42962564431249106,0.11393375723694393,0.11852263369629122,-0.016163421623207302,0.99281978682091487,-7.4853359810632858,-8.4526362845057346,-4.4550296005934715,,0.1224992319829128,0.1176470588235294,True,4
-0.48883644381866531,0.87232989531015781,0.0089154328493608048,-0.87140148529759909,-0.48778239562590059,-0.052228210179914962,-0.041211437925179062,-0.033299973958367424,0.99859537807788445,-2.3424848188993419,24.275516342082764,-5.183309577393449,,0.5197985462725909,0.4,False,2
-0.97037734673819886,-0.19166657010181232,-0.14707729546990175,0.1943456105016311,-0.98092524664097214,-0.003929908535455065,-0.14351860024429594,-0.032397320996585516,0.98911719476317006,-11.280089732509891,19.233800328416802,-6.0024622780018584,,0.1585309915070004,0.7346938775510204,False,4
0.88818710795930733,-0.41074083551738927,-0.20595054574668367,0.44902703536257998,0.87097550421570136,0.19944019797848178,0.097459646871781602,-0.26961757564127836,0.95802295386746639,-2.034811640304464,13.186723410776588,-4.726172443836143,,0.2901345740599689,0.4411764705882353,True,5
-0.46750212545087166,0.87967591921528199,-0.087247004829197464,-0.88327371294099322,-0.46881934708376788,0.0059973183492080424,-0.03562738730737243,0.079866744973726311,0.99616865656421461,-9.8089813729029718,23.041098661471608,-5.9752256017601519,,0.2138797085512157,0.3888888888888889,False,1
-0.32668262875458792,-0.9050302113930514,-0.27239452368915196,0.941761052580252,-0.33603187412860164,-0.012988433799169148,-0.079778317310706864,-0.2607736490435098,0.96209798048411066,-15.113890916273535,0.55675412377988731,-5.7167060266947942,,0.7952220497653327,0.3559322033898305,False,1
-0.43968739630104969,0.89158423656438368,-0.10840914465075266,-0.89761043233547044,-0.4403967245803932,0.018607437797577661,-0.031152933995581,0.10549063507613134,0.99393220121631076,-8.4097926959785685,23.276177686285251,-5.8472959419583903,,0.1300936285413253,0.3846153846153846,False,1
-0.43496246427383056,0.89425455832108824,-0.10543452752676311,-0.89987375017765969,-0.43587790007321298,0.015417197182403312,-0.032169681596677692,0.10158366576237168,0.99430672854821156,-5.3517938710379154,19.383587193470415,-5.3608908632553689,,0.32713382897511,0.8571428571428571,True,5
0.32692978645268389,0.93892282595832499,-0.10742830923195176,-0.94201972509768916,0.33286343719125477,0.042435476998599134,0.075602594247006633,0.087326164897222919,0.99330679483604978,-5.100702878999738,-20.951369844595835,-3.6242972410557286,,0.1858013507010602,0.5,True,5
-0.82958961180648483,-0.51323163961464202,-0.21994171973782822,0.54150120403424029,-0.83557872438560032,-0.092653339840517768,-0.13622599609558811,-0.1959629542862647,0.97110298039660314,-5.2055910362846758,7.3434012917067442,-4.8199143206643065,,0.08377825350684376,0.3711340206185567,False,4
-0.98950490732744589,0.037002990615863658,-0.13968112635708924,-0.035943065808237508,-0.99930275862536233,-0.010104089471390708,-0.1399576164244288,-0.0049774781991951079,0.9901449844924578,-13.334334128689688,23.866562178867238,-6.4215191079672929,,0.07193645076450356,0.1538461538461539,False,1
-0.88918004070690027,0.44770689901618799,-0.094431921413183781,-0.44375996043341059,-0.89410134687009546,-0.060496934147285492,-0.11151660291012626,-0.011887560657760587,0.99369146779923356,-1.0014728957092631,-5.3138073050562591,-3.8632181627190345,,0.2094506037258803,0.1716417910447761,True,4
0.58599067504956437,0.80535885902479809,-0.089509982377562622,-0.80170299511836129,0.59227734912669561,0.080497511326151266,0.11784411895892494,0.024589629963262374,0.99272761305660528,4.5622757824869913,8.0807196814410389,-3.8126671219864581,,0.09760354431700455,0.3164556962025317,True,5
0.3440616927906987,-0.91980907807025081,-0.18860755937542426,0.93892790827871841,0.33832446010991557,0.062856525092352691,0.0059945483024427537,-0.19871542363613712,0.98003890014619355,-8.0878641589264788,18.986515995462256,-5.6498936928193224,,0.1128361780446903,0.3235294117647059,False,4
-0.60210798203897797,0.79826120229849173,-0.015653461914729327,-0.79778069945760799,-0.6022953914067436,-0.028039562463191614,-0.03181090281459345,-0.0043948145767024466,0.99948424303085259,-3.1857893045432024,20.735590616754365,-5.1453553545918655,,0.1485242119987068,0.2857142857142857,False,4
-0.97099308409639651,-0.16050908475426595,-0.17722659040989597,0.19014489488694966,-0.96773692610836526,-0.16531836194072586,-0.14497361685975851,-0.19422171752325176,0.97018584552492781,-13.074826654352734,21.319744213393502,-6.2847501787868882,,0.5999528668139131,0.6904761904761905,False,3
0.98626346033299006,-0.079173633225404341,-0.14496869528931489,0.087179273069548646,0.99495110429273359,0.049719959912855868,0.14030025359585835,-0.061675245184434124,0.98818621877274659,0.69442010224470763,19.03211053389165,-4.6572144880050903,,0.3375669956892345,0.925,True,5
0.62809500803325502,0.77594567615847621,-0.058352108228160643,-0.77029119396945855,0.63063347265651637,0.094619763571307705,0.11021858907104731,-0.014482086042720277,0.99380185741778515,11.366446342276221,-12.85457974566998,-2.2365590833158246,,0.194392196675352,0.2727272727272727,False,3
-0.26878729936788542,-0.93590410994293416,-0.22767715012808004,0.96025967516096011,-0.27882729750600876,0.01251776438766021,-0.075198031611790811,-0.21526457013968037,0.97365621288229476,7.9389697470989375,17.947086886450034,-3.8737619676376887,,0.1071050269935693,0.25,True,5
-0.75485891456897192,0.65164685909002673,-0.074460661653340338,-0.65118100980912874,-0.75817278554737288,-0.033724171143237183,-0.078430297460318613,0.023030377622555789,0.9966535456952158,0.029161258689084701,12.774144169048663,-4.4984858459058543,,0.1394029248696281,0.3983050847457627,True,5
-0.81038763116939383,0.57857912497241692,-0.092293463440322146,-0.57809614893379713,-0.81523383963898433,-0.034621226081569131,-0.095271873265780557,0.025297882394189605,0.99512978415420672,-7.1895042186352631,7.6745773425212525,-5.0460173305600504,,0.09601847962818695,0.38125,False,5
-0.2889015766982243,-0.90632768823060206,-0.30839260777108912,0.954700244452795,-0.29673233384974557,-0.022301688049496449,-0.071297420872384332,-0.30086549086702519,0.95099770461462751,17.141307451888572,15.996662916151889,-2.8978459912557102,,0.4498374858049986,0.2105263157894737,True,5
0.98554799650098157,0.1056437375663984,-0.13241807771562913,-0.093985995396058647,0.99136830252540753,0.09140854127106296,0.14093182487398823,-0.077642059870237368,0.98697007618103272,6.481941229875134,3.9531553332491209,-3.4300353245726898,,0.0916592433544879,0.3880597014925373,False,5
-0.82051555567280787,0.55918301628647382,-0.11861103319551029,-0.5643240811060507,-0.82546257667098022,0.012241976944935465,-0.091063463489794494,0.076979794832602921,0.99286532662027005,4.743166132068831,6.2918997224104007,-3.7025638173062028,,0.07074852774442379,0.2352941176470588,False,5
0.8260846390862272,0.54961442367504565,-0.12453174034809267,-0.54488254200326069,0.83537979772715953,0.072412767999812694,0.14383040181353265,0.008036095922598796,0.98956972299908208,7.4706270525658791,-7.743790946295956,-2.8704194309468125,,0.2095997479422406,0.5161290322580645,True,5
0.89428527426994497,0.42995456116950065,-0.12406822136821147,-0.42420900875828077,0.9027865098690756,0.070874780329331116,0.14248005162915381,-0.010751415160626047,0.98973927979028786,-1.1171837761260128,4.1324455850119328,-4.2500698134154549,,0.129617654027422,0.6141975308641975,True,5
-0.51324977137530903,-0.83079797745135664,-0.21528909133053881,0.85108239097813776,-0.52502402732613185,-0.0029213861755710627,-0.11060486404372402,-0.18472815538781634,0.97654599106078233,-15.564641016498896,18.104141309224751,-6.4687099441675979,,0.4172521928542248,0.7768595041322314,True,4
-0.42476686159624122,-0.88429019691689514,-0.19391740748668931,0.90189115244576412,-0.43192276794951034,-0.0059221336430057767,-0.078520458669902191,-0.1774079202389581,0.98099998338774519,10.322938437537667,-9.9396898914676708,-2.4703930388726074,,0.2871708456727124,0.24,False,7
0.79947199240821298,0.58775636973707446,-0.1240442791439271,-0.58540304275438293,0.80862607169347733,0.058541897060862498,0.13471381105421706,0.025813291364524746,0.99054826389236472,8.6699909815300291,18.604624231843331,-3.8280645079467881,,0.1262007221386469,0.2272727272727273,True,4
-0.21253599413790564,-0.95114013857859125,-0.22396626527338909,0.97393605824144669,-0.22478063907092766,0.030368054859980721,-0.079227556146365619,-0.21167451684972236,0.97412365399035006,20.011540980614125,10.909728446516089,-2.4465964882290829,,0.3535552387483618,0.3809523809523809,True,5
0.53110227166772761,0.8471291898806329,-0.017392891696412158,-0.84074420456576804,0.52942720485399886,0.11338437833122192,0.10525948659600692,-0.045595728008946443,0.99339894809128981,-11.119504675706594,21.303278566068432,-6.0512867084884885,,0.103754189216847,0.2916666666666667,False,2
0.080131984312614604,0.99531901518978161,-0.054027058885028123,-0.99563330938830108,0.0825257242844184,0.043632763696935965,0.047887141558286619,0.050294759498138233,0.99758571503425275,-8.4047972647689377,9.2863214020611249,-5.2976656741014443,,0.4694567903104394,0.8915094339622641,True,5
-0.39521426770011797,0.91855937222427708,-0.007373079763682594,-0.91814106473985291,-0.39525946064058975,-0.028052522390689637,-0.028682186887152565,-0.0043172297891381356,0.99957925832938255,-0.22083428876591438,-10.805588148791255,-3.5222446986880542,,0.1170332561813335,0.15625,False,5
-0.86824168148699399,0.48090059952172776,-0.12202866838690422,-0.4834258347036311,-0.87532863981320808,-0.0099616596939479107,-0.11160575643637681,0.050342682709637189,0.99247658381841042,-12.00454175414179,16.822949491390439,-6.0116402240342239,,0.1202041952010597,0.3333333333333333,True,4
0.93549098648228834,-0.3086801553302238,-0.17196853176003779,0.33168092640627189,0.93491954953285372,0.12614752855114936,0.1218375035392282,-0.17504855785351309,0.97699213155722675,-15.343709276579482,24.693620313959876,-6.6932638504815003,,0.1470721904233512,0.2631578947368421,False,1
-0.73382451630530288,0.67906785976238559,-0.019194298815554997,-0.67283711287918346,-0.73041066946287547,-0.11743284662818572,-0.093764592473346481,-0.073260465276484804,0.99289531443439705,7.4969038535551249,14.89351385405978,-3.8046060228657725,,0.256245618980656,0.4210526315789473,False,4
0.12235201038613815,-0.94860737049715882,-0.29184592200840642,0.99233489435796407,0.11178067206037944,0.052692872319689658,-0.017362113754942538,-0.29605597104634862,0.95501278473838502,-1.9821824396602339,-16.006214820857853,-3.4905083635069163,,0.5721499248561657,0.5280898876404494,True,5
0.98303372139337653,-0.03289936200410809,-0.18045036598248418,0.052523484767732248,0.99307632025462833,0.10507476241886923,0.17574409279217224,-0.11276991677415862,0.97795549986663843,-13.332177218051015,-0.52306751873594592,-5.4573750785600321,,0.3608939739261768,0.9637750238322211,True,2
0.96794258930772725,-0.17396026012745491,-0.18117663122114094,0.21455246585993457,0.94769548800099568,0.23630594875283506,0.13059243162478726,-0.26760248488933003,0.9546384273029147,1.6552496172110387,-19.365278832715301,-2.9394921179854192,,0.1826031480199288,0.2857142857142857,False,1
0.9647189972630329,0.2350348209409841,-0.11864185292320113,-0.22561260064752583,0.97026964321308606,0.087611494041672067,0.13570634012039007,-0.057753375696953317,0.98906437447050866,-10.976709374778073,15.776550332061195,-5.8408768641035831,,0.08470869614148874,0.3018867924528302,False,4
-0.91260485594336094,-0.37339623681923362,-0.16651614707838949,0.38094177896611053,-0.92448182986841221,-0.014720980989289881,-0.1484443934499789,-0.076867396029700025,0.98592883388248731,6.8185684454994249,27.590023928073869,-4.3988644513564727,,0.5010422307326001,0.2777777777777778,True,5
-0.98394797077788676,0.13872455421968127,-0.11225813493297179,-0.11492036710761722,-0.97382053672989932,-0.19612973121620592,-0.13652728674491818,-0.18008070496208467,0.97413101771498334,-16.333201434850061,8.0059241936454306,-6.1405243542160646,,0.08939540340529195,0.25,False,4
0.55123854626022328,0.83183642672147406,-0.064685580280044702,-0.82551556159667183,0.55501250362835919,0.10239716000902119,0.12107899354821197,-0.0030463084924605838,0.99263820061788954,-7.9976137642054397,-8.3702746244446438,-4.5144271121452064,,0.4869703807791518,0.2835820895522388,False,2
0.8326455238262277,-0.47926868285831181,-0.27749407432124751,0.54476577185545716,0.79898287820452174,0.25466961764361906,0.099657841973802563,-0.36321879076842623,0.92635869109424751,18.718905055122026,-13.499882352103846,-1.6035073021054187,,0.7909679272588476,0.391304347826087,False,1
0.19389404517855341,0.98098247743773381,-0.0088587924923219236,-0.97893840755849637,0.19406254750431376,0.063398121919902656,0.063911606544757707,-0.0036203061004482784,0.99794899665895076,6.5238641708639262,6.5293217651715727,-3.5496166121028012,,0.1050641383236574,0.3529411764705883,False,3
0.92358583712341513,0.37725882712566794,-0.06830065022242307,-0.35969290636669082,0.91429750924367093,0.18622856306244459,0.13270348365632087,-0.14743080392708047,0.9801295544359897,7.7032844439878865,3.3826572008803431,-3.3014998066904853,,0.4116967569337227,0.2142857142857143,False,5
0.9710422731129964,-0.17918786618195298,-0.15801459565718079,0.19937689964239769,0.972204453612872,0.12274914363970754,0.13162733650928721,-0.15069906764295116,0.97977754377971693,-4.8465970986729028,9.6728310922734249,-4.9145993693252068,,0.1070893595103503,0.3333333333333333,True,4
0.36049245475713848,0.9269501010931287,-0.10396489862742517,-0.92846420193475432,0.36728297391245535,0.055294147969591173,0.089439453200658603,0.076594563498077542,0.9930427267009746,-0.081025201075566489,-9.7836082597215022,-3.5421295392449439,,0.08532288537979849,0.2698412698412698,False,5
0.72454770024974724,0.68549439745150886,-0.071610481951988145,-0.6771892020346949,0.72737448767456958,0.1110906806522115,0.12823967681812204,-0.031996652055352098,0.99122691627438841,9.3825878081768437,12.514234305186124,-3.516106516997457,,0.1185895791588226,0.2105263157894737,False,4
-0.36873365321170626,-0.90792044304492681,-0.1992886401435198,0.92542173120685278,-0.3787129297338519,0.013081905920572876,-0.087350514590706252,-0.17960229941041089,0.97985351030000023,18.199832163828848,-4.4136864376813856,-1.9078295639435339,0.1718372297460781,0.1469092605717213,0.7222222222222222,True,5
-0.96041407321345096,0.25568798606981047,-0.11058237541811397,-0.24679124776234143,-0.96506314420185657,-0.08801822385809549,-0.1292241773100333,-0.057243178482606877,0.98996178235109356,1.9150678796797056,16.394301389894665,-4.4624039408673744,0.2040408315462381,0.2552485106470974,0.6385542168674698,True,5
0.90515742672083876,0.42242086274323354,-0.0474409904130694,-0.40760708536145618,0.89420195926040447,0.18509273356346156,0.12060885877600146,-0.14820077858809655,0.98157528107152059,-3.8676153051655802,24.625267480454532,-5.360019204644674,,0.5806644384954414,0.7954545454545454,False,3
0.55758897534835128,0.82477197277166159,-0.094051727790178202,-0.82262168302686556,0.56418744238067142,0.070612296903617686,0.11130184717255878,0.037996352328859256,0.99306000625625745,-2.5071064711081101,-22.047755622802345,-3.2983954822478512,,0.1569188831466118,0.4090909090909091,True,5
-0.88888823738419132,0.44651342364717012,-0.10248640857650279,-0.44066955332055141,-0.89451427476198075,-0.075196788650280649,-0.12525193098827983,-0.021678901031464512,0.99188808795840322,3.5197335515997308,16.051561041209677,-4.251928766752723,,0.1655722342823154,0.4347826086956522,True,5
