axis_00,axis_01,axis_02,axis_10,axis_11,axis_12,axis_20,axis_21,axis_22,location_x,location_y,location_z,dbh,dbh_approximation,score,reconstructed,number_clusters
0.88421395540512326,0.39733244935729306,-0.24554552684697725,-0.37285231633263166,0.91706671644001192,0.14131449962167694,0.28133046630647146,-0.03340003421656694,0.95902951281079696,1.7865521331157683,-10.194835355894448,-0.1863403436937181,,0.1158873457802482,0.4848484848484849,False,5
-0.49110332382402211,-0.75235236002752703,-0.43907112372599533,0.84737907692154557,-0.52943327919014271,-0.040609147757148537,-0.20190647667815731,-0.39200297096703618,0.89753409151320263,1.1251451831598005,2.1799255887541613,-0.84225650426241672,,0.2365231606120168,0.2321428571428572,False,3
-0.95871043433240188,0.16895580401730731,-0.22875366530624802,-0.12739620513959835,-0.97431279974902951,-0.18570076779926742,-0.25425284662753939,-0.14889091488090633,0.95560817569112511,-17.00718292381325,-11.600857739085706,-5.1733049210467854,,0.2254524053331181,0.35,False,1
-0.89112205235091435,0.37759326509473712,-0.25164422101250322,-0.40683001875565517,-0.91045951234433797,0.074517194129834222,-0.200974684110132,0.16878033812267829,0.96494682434320034,-10.582662626667538,13.960197992814832,-4.5523686320992596,,0.07440859736040775,0.2857142857142857,False,2
0.096403677260476286,0.99472611643389797,-0.035018342265063479,-0.98825345411702603,0.09984929199516536,0.11569455178975011,0.11858094887638958,0.023453617469366667,0.9926673593864036,9.8858505594063253,-0.92471171288691656,2.0016779185207754,0.3288493902783908,0.247133196525882,0.4680851063829787,True,4
-0.78531650739190595,0.56554177406180994,-0.25187394666539054,-0.59777905904304451,-0.79852312017910587,0.070859178015542465,-0.16105334453960179,0.20621185303092213,0.96516241735894492,-11.771578702685813,5.7945944543679095,-4.5617802300814985,,0.07064046586246173,0.2468354430379747,False,5
0.94281776203253342,-0.18292336787602531,-0.27862826324847056,0.22756970533397866,0.96405790295517135,0.13712909597851561,0.24352966310117702,-0.19269509914518107,0.95055873146021752,6.8385051539983488,6.9836651419779825,0.77515292623114362,0.1413768465457894,0.1661289621101764,0.5,True,5
-0.42818887249930276,-0.81601919168187032,-0.3882872239394991,0.88075624296655419,-0.47301947681684064,0.022825753599015279,-0.20229367252392327,-0.33221266285135698,0.92125567390274155,12.042907088972948,-3.499785435893604,2.7998506838607784,,0.2773130674741302,0.1290322580645161,False,4
-0.45201675782898143,-0.79037313981178792,-0.41351076226119143,0.86354660060988997,-0.50390384161286395,0.019188199053084262,-0.22353549878459777,-0.34841242554170404,0.91029701884125014,4.9569582099689278,3.1047739945957882,0.21944410102344977,0.6275403862569309,0.2475236200535182,0.2592592592592592,True,4
-0.74190800947860169,-0.58420046817160942,-0.3290627880201149,0.61612687958577816,-0.78759403699321773,0.0091269460729035828,-0.26449985580977303,-0.19597307437706341,0.94426393576997913,-4.8916702063523703,21.885953764602977,-3.4709607896392201,,0.323870130207162,0.1764705882352941,False,1
0.41994361855587009,-0.84421134173005219,-0.33309843549399626,0.90607075554201943,0.41094704564792206,0.10078844985790633,0.051799065490767515,-0.34413621745987566,0.93748979762272289,8.1782122950271461,-10.562794900644723,1.7445787326302298,0.3054094469178654,0.3489001891988969,0.6623376623376623,True,5
0.045557120275355849,-0.94436959921758534,-0.32571553365756895,0.99403407722507242,0.010509504504314602,0.10856244115887079,-0.099099960179185972,-0.32871813212643436,0.93921434587840125,-11.736642536296772,13.153584774991353,-4.862663847555635,0.2765735711938404,0.1957912607256467,0.7962962962962963,True,5
0.67906172429237055,-0.65725002902693752,-0.32695194439728126,0.72403832807340041,0.67309235615458907,0.15071555847668644,0.12101104942007701,-0.33907090619862101,0.93294546812120704,5.9506071493525639,-15.263163777423102,1.4893380771866171,,0.2721040045706238,0.6111111111111112,False,2
-0.93589220237656723,0.29753036814719258,-0.18863050008133847,-0.26234100701166596,-0.94598290473409297,-0.19050863495116122,-0.23512333268062699,-0.12881003059174323,0.96339244051845829,-11.628595439986221,-5.6518567186495261,-4.130849775944192,,0.07905109268470617,0.375,False,1
-0.055551576335549399,-0.9482501262270322,-0.31262712690528577,0.99079464495184422,-0.091066845522256301,0.10016387163730729,-0.12345037019541533,-0.30418502224311361,0.94458005396132094,-16.790444393702103,17.424682860152654,-6.477389106590568,0.6459400194757399,0.3066495590617037,0.7142857142857143,True,4
0.61629998620821924,-0.70639784008911066,-0.34810403404325618,0.78325902643580902,0.59571046168003461,0.17786046033840414,0.081728969812287,-0.38227102605664454,0.92042883382205221,-10.751964192755155,6.9411337253056553,-4.2551822726991757,0.9795610989943109,0.4225861448672421,0.2512820512820513,True,3
-0.92150074003331717,0.31778875019152619,-0.223263737247582,-0.3190677421422945,-0.94721421342048462,-0.031321076265540967,-0.22143207094336578,0.042373861588500455,0.97425473763888459,3.2766216931781562,13.300103168707233,-0.71718980299132562,,0.169940588139575,0.4117647058823529,True,3
0.18488749980747371,0.98269984449538716,-0.010845646300909728,-0.9770654951075991,0.1849913270710942,0.10545722914347351,0.10563915318235473,-0.0089008166602004557,0.99436469405228678,-2.0758566899458701,19.474007330160433,-2.5486488626564934,,0.3400176258551721,0.2564102564102564,False,2
0.31853154151941887,-0.89916929646973998,-0.30005371742969095,0.94764582842245482,0.29456270619789271,0.12328907490485462,-0.022473115733775612,-0.32361611270684276,0.94592154572444853,7.5228177129605349,1.643391639308486,1.0779456044906872,0.6869678369684012,0.2208874606070679,0.3461538461538461,True,3
-0.26169553268568918,0.95526540835923024,-0.13778043317041175,-0.96492272773806342,-0.25585302921465969,0.058850292575463134,0.020966107576002174,0.14834833006797005,0.98871289831738107,8.3222214306285629,-6.499938739133543,1.7287442981419576,,0.4658881970821076,0.4435483870967742,False,4
-0.16659953808582956,-0.94433009500304788,-0.28369925199253526,0.97620509291924973,-0.19847033709669834,0.08736785364905679,-0.13880997971366571,-0.26239321059101112,0.95492491462294271,-12.159815499905273,20.423197956308758,-5.3506327904629467,,0.1114014718804351,0.2258064516129032,False,1
-0.97741742278588972,0.033502226972537762,-0.20864511118756418,-0.027663911173119518,-0.99914148282791038,-0.030838374001421365,-0.20949913998199654,-0.024370024216778204,0.97750509577519795,16.497598438759077,8.9584148680952911,3.3933735674551389,0.6701365963492646,0.6147631940127376,0.3461538461538461,True,5
0.36255425345878634,0.91201896784349779,-0.19177021560352983,-0.91071834909151406,0.39039287978795162,0.13485358000030429,0.19785474956889632,0.12575691513611525,0.97213100782172313,5.2932005609739958,10.662155969750964,0.035656046370159004,,0.1376588754354504,0.3846153846153846,False,4
-0.94207456210464002,0.24054149053482249,-0.23374197476413236,-0.23486501660678383,-0.97062230742565736,-0.052256677104345423,-0.23944507388886807,0.0056681265845605136,0.97089336640610335,-11.0048347006916,-12.65197704614738,-3.6010581200877358,,0.158074386532791,0.1428571428571428,False,1
0.95523958337258286,-0.084712364821921946,-0.28344515096303002,0.13122846543872807,0.980037139687711,0.14935291992903921,0.26513473596791087,-0.17986389320542095,0.94728694264421198,2.6828006324855811,1.8721360341215434,-0.38043477686578819,,0.1253429079515911,0.422680412371134,False,5
0.053228266314321412,0.99734970777540022,0.049601532894621131,-0.99261975706027727,0.047425072369851787,0.11161039559248692,0.10896223914168057,-0.055176289391719924,0.99251337901823433,-9.4568746046230068,1.6281377047401588,-3.7575561535809885,0.7896209912078015,0.4780896322861504,0.2913385826771653,True,2
-0.81711720785960429,-0.46828532747032581,-0.33619684813474077,0.50735378363008476,-0.86107777034072563,-0.033722569019600621,-0.27369984811095771,-0.19812603438481863,0.94118779616131054,-1.7238154190132786,-16.930434956158834,-0.65841934633919108,1.017358143206522,0.9027875131660876,0.9171974522292994,True,5
-0.44003775883333091,0.88074917233665651,-0.1750647486766988,-0.89265490065112807,-0.45023385763986773,-0.02137058207561017,-0.097642199608910171,0.14686854279599784,0.98432496259747282,15.931409927277603,-9.09722417704279,4.342622119359242,,0.2780135151401534,0.1333333333333333,False,5
0.90616715694128325,-0.31643887165212431,-0.28058425506161866,0.36280806928797732,0.92257473992852523,0.13124844420161996,0.21732783655225421,-0.22073126138665963,0.95081350521864838,11.134398941532442,-6.8243219310339551,2.6580952538926499,,0.07486100085149291,0.1666666666666667,False,2
0.7612449628454685,0.59984155732348365,-0.24636601358576143,-0.59073565524531813,0.79818042892878793,0.11806518748954498,0.26746493632677631,0.05566065920193973,0.96195862637273521,-13.655844509302105,-1.1305057970312535,-4.7002915355935144,,0.09203568348087751,0.3472222222222222,False,1
-0.74780475207016217,0.64609425561279776,-0.15280793711528445,-0.64707973940157237,-0.76077884224065084,-0.050033629240431712,-0.14857948592345169,0.06146353441773858,0.9869885360527767,-0.26884293498534839,1.4047655017536234,-1.2105688834770536,0.5780322149626975,0.4530727191022655,0.3546617915904936,True,5
-0.47705997439318232,-0.81708916168152368,-0.32369597262641631,0.85258469283442084,-0.51966270625586564,0.05522692523821085,-0.21333804718430588,-0.24963167585347709,0.9445479892700912,6.2787342929617891,1.0390476836961429,0.7846653538854157,,0.07644178630964094,0.1379310344827586,False,1
-0.83405981969694554,0.52161985759446272,-0.17960217518234856,-0.51545880701019253,-0.85286348942940304,-0.083223113820210234,-0.19658696661459452,0.023164467648426057,0.98021271772806418,7.959882914677304,5.1965968396021127,1.1919893479219399,0.6838479292527709,0.5103458066913354,0.3333333333333333,True,3
0.93312177997969148,-0.23161773893333429,-0.2750217568465117,0.27189220993563268,0.95504278455645686,0.11818589527928819,0.23528359463390075,-0.18505810622088115,0.95414628198096096,9.2114901415569062,2.148349886426173,1.633998254674113,,0.08922267721687893,0.3571428571428572,False,4
-0.7756915980948057,0.5992019995334672,-0.19814012314576887,-0.61367067962647293,-0.78941700968707562,0.015135447912041113,-0.14734599286003214,0.1333332238109089,0.98005684009463501,-13.656468402556317,5.793915969714865,-4.9977730972027503,0.3055468628084321,0.2322555634897638,0.8653846153846154,True,5
-0.82135765480489242,0.54236843407834801,-0.17665810088645834,-0.5395602282806583,-0.83920786810277626,-0.067859517918414103,-0.18505772869873149,0.039580750748265781,0.98193024254224526,-15.052912077877721,6.192965832253158,-5.3907858244585798,,0.2449159095587377,0.3260869565217391,False,3
-0.35925789184569679,-0.85735427914595852,-0.36861552758490967,0.9137034217702007,-0.40353050924863387,0.048053981634894924,-0.18994689834797074,-0.31954149673501531,0.92833905857306998,-14.094112609362448,-8.9876377081351411,-4.6053473946207317,,0.1025226969203263,0.3888888888888889,False,3
-0.32536975418128322,-0.86967930854410125,-0.37120401850500706,0.92820922349162183,-0.36866557659353649,0.050133123382013173,-0.18044988359401154,-0.32824319174235655,0.92719698370179071,1.3195139095324186,3.7728293783424585,-0.85336887182569643,0.6037205943705313,0.4127419477269011,0.75,True,2
-0.9230358284087421,-0.18412327734584849,-0.33779206357345348,0.2624476621717049,-0.94336326670034953,-0.20294573575478925,-0.28129359056756881,-0.27597892270945223,0.91908081805994424,10.967116861553652,-5.4067706453840252,2.4604683085473456,0.8434430832100136,0.7124006500934061,0.6964285714285714,True,1
0.21803884236709875,0.96950392984154232,-0.11189813779068053,-0.95171004873885545,0.23661357241723399,0.19560674957025542,0.21611813054138174,0.063844712935066189,0.97427758174020307,-20.071200948875063,13.101636352147729,-7.1035988097980631,,0.3378353753361435,0.4285714285714285,False,2
0.28273684134712784,-0.91078941254996482,-0.30086961383951444,0.95910773304365771,0.26415111152077159,0.10166880887566385,-0.013123831791987478,-0.31731189115636749,0.94823041966067767,-6.9179102520996052,27.570899528047711,-4.4470714310802766,,0.2269913631102647,0.5238095238095238,False,2
-0.96220799488229958,0.039354307482903458,-0.26945688535854057,0.0071893029754292233,-0.98548622034037658,-0.16960313511832883,-0.27222066142618945,-0.16513069975561701,0.94795979001796704,4.8355907945275778,8.788928771556364,0.14839708380148872,,0.3207048152773059,0.2,False,2
0.89910987433164458,0.35572411156279127,-0.25507212770547427,-0.33516691375443486,0.9342886636946014,0.12152297238005627,0.28153964872405124,-0.023770766597219412,0.95925511562447219,-10.859752182962703,22.527546197698417,-5.112990298842635,,0.09614955249695609,0.4090909090909091,False,1
-0.37300608174228461,0.89540939205430581,-0.24312236343908386,-0.92758253265952628,-0.36591527441192512,0.075476201924739764,-0.021380086253488903,0.25366913996973189,0.96705473440690504,3.5903516189360314,-11.594013872373896,0.45544996179186248,,0.08544264663613386,0.631578947368421,False,5
-0.32590217426142393,0.91873947393495869,-0.22294741946340818,-0.94540053293959658,-0.31611892773774763,0.07928843448741156,0.002367515407420473,0.23661488237144562,0.97160063416567588,-10.296770623774083,-8.3619439846880024,-3.6075702054450209,,0.08597229199399183,0.2954545454545455,False,5
-0.048001488316611871,0.99311807272348396,-0.10682860454665177,-0.99837817208044943,-0.044426328316694449,0.035599534626168092,0.030608538558589103,0.10836417757862613,0.9936399359853737,1.7130111175626783,-7.7168344467185168,-0.39153124302906478,0.7622550870005493,0.3145712640355369,0.2222222222222222,True,2
-0.95577830211718595,-0.11651934993251238,-0.27002051457860587,0.10036641473088059,-0.99227445215690302,0.072924580155036847,-0.27643158284837727,0.042598740451147581,0.9600890205162842,-16.611928545300763,14.683599021033146,-6.2572539255010353,,0.0773355374305305,0.4736842105263158,False,2
-0.95840465428517341,-0.06553900190007364,-0.27778617293605723,0.058287840000865933,-0.99771069958035419,0.034291218276922636,-0.27939764915358972,0.016673307195161653,0.96003070496449505,1.4042632234462931,-11.804456657456512,-0.23509483511673801,0.3173242892180288,0.2938146752218045,0.6164383561643836,True,5
0.18788812383142572,-0.85951573594447928,-0.4753217358662743,0.9787413300659914,0.12332261833880098,0.1638808732790914,-0.082240268383329221,-0.49600829778329703,0.864414429996605,-3.3074193239388445,10.802206287228978,-2.3549745890625378,,0.743647764035134,0.1379310344827586,False,3
-0.94472431851986371,-0.17879609591231832,-0.27482343073997961,0.17253564589492493,-0.98388151893442732,0.04699582529231168,-0.27879636456166412,-0.0030187391072238334,0.96034549737133801,-18.384845773237714,-12.891536905891925,-5.4168992389689681,,0.3383144192653998,0.7297297297297297,False,1
-0.85126180430439558,0.47424245038891893,-0.22460507292031479,-0.48908824904961801,-0.87214950016894177,0.012162812036907965,-0.19012108029885802,0.12020543916221196,0.97437396682270649,-8.4898303925703065,19.908740856907624,-4.2674435243906101,,0.08868776576628654,0.45,False,1
-0.83230882955833252,0.51040594074937062,-0.21621236756251691,-0.5218738130166618,-0.85300962719293838,-0.0047222032585373386,-0.18684147164558859,0.10890524121416092,0.9763349388961744,5.6786177144129946,13.738353143619479,-0.11058023412615171,,0.1303688383813677,0.5,False,5
0.56188438270294772,0.81011671216751779,-0.16732260200409133,-0.79535981425921554,0.58467139163833437,0.15988161139180729,0.22735150392305475,0.043246693128904418,0.97285200169262176,-2.788068332064483,8.1699068259458656,-2.1202633059726388,,0.1036148100020998,0.2115384615384615,False,5
-0.88185345219318156,-0.31061515451618432,-0.35475726157452359,0.37873905630547944,-0.9147740190604392,-0.14051769027722519,-0.28087580188368477,-0.25827644073143446,0.92433871718072003,4.4916710625217524,0.080234755076134645,0.21804320264472185,0.3972039387345857,0.4227412025610866,0.4658119658119658,True,1
-0.83956642133090265,0.48882277883981384,-0.23702429213256798,-0.51079440486093808,-0.85886116947149183,0.038033768375255989,-0.1849791883871873,0.15300255704198223,0.97075893887320652,-6.4717485363326626,-3.8330211214583296,-2.9181540625450273,,0.07763500249038106,0.3966942148760331,False,5
-0.16202575039784109,-0.87726416752356051,-0.45183540873553951,0.97821821024697897,-0.20300124425014932,0.043354676496192651,-0.12975665435427491,-0.43496905086694027,0.89104721280002885,-4.9830220306844151,-11.230718371502348,-2.0334992439389596,,0.2561338212602635,0.35,False,5
0.022414450176488576,-0.95459347038746845,-0.2970671619632409,0.99455598614513863,-0.0089551417347936042,0.10381809023180853,-0.10176434958351521,-0.29777694962860779,0.94919592573068123,-3.2874564936214621,-9.8127428754450694,-1.7112908137923704,,0.1191834980570087,0.22,False,5
-0.95155375437681478,-0.103630935945557,-0.28949280068153233,0.11726766454387089,-0.99264365159747003,-0.030114378553580845,-0.28424240954476809,-0.062603594611572083,0.95670635126871406,-16.255724482508356,6.1045733564969717,-5.6801115094356716,,0.1021422285702898,0.2592592592592592,False,4
-0.32676120375221052,0.93905651990681638,-0.10677063333570377,-0.94495825096972275,-0.3226144398527182,0.054532807765246827,0.016763640614462047,0.11871299684119592,0.99278708932697846,5.9566957809097234,-10.582231834957355,1.0929314518008213,,0.1660171487063833,0.1818181818181818,False,6
-0.58900692198783577,0.79481572991543326,-0.146078065873739,-0.80337946970249707,-0.59546708016332828,-0.00061975986879747591,-0.087477274254232268,0.11699107624411886,0.98927287164274991,-20.384998336705788,8.8828302818373395,-6.9274503797371985,,0.08438535808722794,0.4285714285714285,False,1
-0.7184596938265746,0.673219274766098,-0.17490419214539737,-0.68427581772484281,-0.72921215146883189,0.0040303135356563186,-0.12482897749970856,0.1225783269326475,0.9845772088276119,-12.703424921089491,-18.455351287057983,-3.5053067692378153,,0.180366963966917,0.40625,False,5
0.42198949079299913,0.87889921814958427,-0.22239836779148198,-0.88388925592051137,0.45341133492705243,0.11470808440538946,0.20165478652526661,0.1481699216970784,0.96818439430499592,-6.3473514752522577,18.840043913288472,-3.620824752288951,,0.08156839393830673,0.1739130434782609,False,3
0.74817679723114894,0.63933636659682935,-0.1774274229979815,-0.61193746757810352,0.76826054533588228,0.18790495005270613,0.2564449567822254,-0.032011635806018957,0.96602859135430619,-9.9105324267762249,15.232891079775282,-4.4627348058705092,,0.1540186503921953,0.3333333333333333,False,2
0.38582504919405303,0.91785199559488784,-0.093202712390185655,-0.90378327069131892,0.39631850479266745,0.1615779761520918,0.1852426274724801,0.021894221643748019,0.98244888519744678,10.837262076089933,0.84421265146642133,2.187712702856591,,0.3326395528843304,0.2857142857142857,False,4
-0.80748578118417491,-0.48029800210822998,-0.34246246853666629,0.53192399664951906,-0.84383094799934488,-0.070754455597729138,-0.25499720581564589,-0.2392972218170768,0.93686352509682191,11.222583503460001,20.238677918652055,1.1410115942199393,,0.4903508282210597,0.2307692307692308,False,5
-0.64261468764303065,-0.63209393108129086,-0.43301688825685636,0.72715200306182004,-0.68123116234207715,-0.084699869523193402,-0.24144632461197973,-0.36929847785262171,0.89739751871013329,-14.441765308487943,8.1037129497052884,-5.2482815245245718,0.498668982365277,0.3099699611497869,0.15,True,5
0.30074925579636219,0.92723740785602748,-0.22311583227186993,-0.93798169438719348,0.32988656009146633,0.10660768483345566,0.17245354775261751,0.17721638452314242,0.96894485236471628,-35.828244040878928,11.19181382094671,-11.300307454138439,,0.1416990435576055,0.3,False,1
0.19161488934494428,-0.91352276273512234,-0.3588312920386314,0.97959804856452604,0.15543809246813595,0.1273839183666432,-0.060592057481959755,-0.37591908886708059,0.92466936858287174,7.3753331508861626,9.0439761161964469,0.80298942135818407,,0.1027111950722846,0.2083333333333333,False,5
-0.95662908836046179,-0.13909897240842117,-0.25595363481997024,0.18998009769540816,-0.96397387986811489,-0.18617712376029982,-0.22083557182273997,-0.22672854872498116,0.94859149026901413,9.6894557694116781,-8.4531766113944826,2.2267347788409553,,0.3846159452014238,0.25,False,3
0.96130197908752535,0.052801330386793709,-0.27038957914792239,-0.023099184176360921,0.99345355310921923,0.11187701061904401,0.27452674312859299,-0.10130181303437656,0.95622853439078837,6.6866639211125003,5.5773231534718635,0.86052688058103588,,0.1024623433183136,0.4285714285714285,False,4
-0.95507688203465169,-0.10491507661757611,-0.27716597212012889,0.12006978465291085,-0.99202894637377337,-0.038233707248245485,-0.2709453749676704,-0.069795388492858546,0.96006104364710021,-24.399098944850614,7.9564951863931146,-7.8920524228017763,0.4312817846892711,0.406850313911417,0.9029850746268657,True,5
-0.099679877539639694,0.99374924677174936,-0.050262874512547295,-0.99346332182408581,-0.096572798196893989,0.060863148445307672,0.055628681486585584,0.05600115346136747,0.99687979245597191,-9.4511701363063576,4.0469280782963155,-3.8737777338342325,,0.3878591223162025,0.3439716312056738,False,4
0.94372150803084986,0.24587048117607133,-0.22121804123132663,-0.18142589211476326,0.94407846318500876,0.27531890785159252,0.27653998074481023,-0.21968969442483766,0.93555442236845909,12.272043636256326,-7.1962998070769588,3.0237340529100702,0.8538098011960292,0.619071580386864,0.24,True,2
-0.39909316916255261,-0.83899673034490418,-0.3698771806942826,0.89024266242718397,-0.45114109391247653,0.062767152062313369,-0.21952823126502363,-0.3042305044764822,0.92695801189894045,-8.8700543926340334,-17.869717967585398,-2.5252416247159384,0.2744826539164686,0.3220637585625309,0.5882352941176471,True,5
-0.77852385254378687,-0.5148309712035114,-0.35895637911873046,0.5539913610459547,-0.83248831603143814,-0.0075349557126461048,-0.29494776301377729,-0.20472487577426912,0.93332392144012866,22.444747516445268,-5.0411714258536167,6.0490396660361876,,0.3418748794893465,0.16,False,5
-0.49503413409026564,0.83752331318231032,-0.2312918199193969,-0.86706596947060055,-0.49334161031183932,0.069358922432009043,-0.056016164376980079,0.23488030017659486,0.97040890037006777,-15.546476917712718,7.7012799545358579,-5.5628530206884692,,0.1168186180791893,0.5405405405405406,False,5
0.47961706101697499,0.86938683966874475,-0.11888649121002762,-0.85067314919147796,0.49391062448756806,0.18002079952870581,0.21522701509358266,0.014792499082075222,0.9764520028884236,-7.2643739027276153,21.281314708177689,-4.046461507429397,,0.1766088772160893,0.3846153846153846,False,4
-0.96260622564500808,0.080451198280813055,-0.25868293149075949,-0.062216578084520989,-0.99501529740995176,-0.077933659811651068,-0.26366333033041278,-0.058925059315767955,0.96281331815867044,-0.57207136408641412,16.941399143802531,-1.9850082987992503,,0.1931768647337698,0.3235294117647059,False,4
0.63628453502817683,-0.64907849826794706,-0.41694015586197009,0.76495962769602699,0.60082632186938911,0.23204417455315979,0.09989373593540693,-0.46658850611125047,0.87881534322389909,-4.6034415992199467,-14.794309623067692,-1.6090075611995467,0.4423228272416599,0.2441174001795741,0.5757575757575758,True,5
-0.96204307445457715,0.059214759156164198,-0.26639582427669978,-0.018507861832303536,-0.98808465204232909,-0.15279456616249637,-0.27226931877165522,-0.14206453708250566,0.95167593505307901,-23.835614381479683,10.101165698480743,-7.8971604131617354,0.719871266682367,0.3740323592998856,0.3181818181818182,True,4
0.29443915651108243,0.954682203166767,-0.043445069567102979,-0.93998406043522942,0.29750968898509023,0.16708665741971912,0.17243998736007266,-0.0083591815773418066,0.9849845556365926,-7.2355458028436166,0.97619281036068672,-3.1630820807621958,,0.4496408205167121,0.3214285714285715,False,2
0.8979570288329014,-0.28258656076096073,-0.33736924881630681,0.38513250526384729,0.87554269985890243,0.29171550201005081,0.21294630252432176,-0.39187984944505005,0.89503299148140003,-18.590552941618324,32.586775722614597,-8.0615831091432693,,0.3306439900486479,0.2,False,1
-0.68140310704893847,0.71453048408704178,-0.15854334743025383,-0.7230886916242738,-0.69073505394532075,-0.0052753479743139903,-0.1132808445817223,0.11104626315861302,0.98733792477011595,11.458069488561637,-0.60476118316404914,2.4085132586443971,,0.07863577059496558,0.2272727272727273,False,5
-0.95454854697570091,0.16774204412021831,-0.24637304662025974,-0.1781521005291162,-0.98379099590700436,0.020423159632336457,-0.23895376235506652,0.063386773120856693,0.96895986317787353,13.053036924703159,-7.1033762800742632,3.2230193016956448,,0.2016600492247295,0.5671641791044776,False,2
0.83938485166753618,0.48374173047155677,-0.24784472758453532,-0.46737384846498758,0.87514514670230648,0.12523041952507358,0.27747929033009933,0.010719627035623555,0.96067181338588381,-15.634460905971943,-5.5080047029091368,-5.172840221204086,,0.2332626984190836,0.7325581395348837,True,1
0.63397414630848115,-0.71576376790662366,-0.29284639380492089,0.76671823644119885,0.63122837625293327,0.11702086532573851,0.10109365816376303,-0.29871887380143836,0.94897160479851561,-10.71338958150189,15.696698547738762,-4.7312275505867669,,0.07649421677599957,0.6,False,2
-0.90974722183800105,0.3312182222510997,-0.25030877253276629,-0.35178871075237478,-0.93517605711509977,0.041115023845764813,-0.22046472585250693,0.12546007909879894,0.96729265127328579,3.7411475679907231,10.6521852964354,-0.34486544015108306,,0.08958836074644887,0.2258064516129032,False,5
0.029193831952970199,0.97429312685156433,-0.22338447382417173,-0.99702576421747557,0.04432957237970668,0.063043750675149557,0.071325631174633253,0.22087958706596822,0.97268949945761551,-9.8415553800455289,21.018257323570406,-4.6944795497650382,,0.2201341668872659,0.6851851851851852,True,5
0.86393365804302091,-0.41868229931248241,-0.27986383607536436,0.46388669926872755,0.87791616512620974,0.11862688249994538,0.19603000979944513,-0.23231086770210235,0.95268247386289562,-8.3011788560155662,15.803813675337686,-4.1232145406807792,,0.08065374692257998,0.2580645161290323,False,1
0.96451879897624415,-0.023536440817939271,-0.26296296768755706,0.058971694005340948,0.99005984440395833,0.12768650596265319,0.25734378898190641,-0.13866340704177826,0.9563193158250034,-14.292969917434158,10.418545996487776,-5.3354510900604417,,0.08943383786538006,0.4769230769230769,False,4
0.90163180688173228,0.3638756815368972,-0.23378317562485357,-0.33147468784013023,0.92858272127154196,0.16690914018479075,0.27782119454870752,-0.07299738448736659,0.95785529476927411,-9.3965044087565808,-21.064206780284284,-2.2992723438209048,,0.217193611005062,0.4782608695652174,False,4
0.94957613269765051,-0.15032574414863167,-0.27514966628570631,0.19363972340596217,0.97137952548972128,0.13756989125033003,0.24659445600061219,-0.18391299058393157,0.95150784871394445,-0.40965241996843155,-8.4113321880926044,-0.97964402521567207,0.1937704136761506,0.0980944293656042,0.3492063492063492,True,4
0.80067830795595107,-0.51426281011771446,-0.30732394846257804,0.57624424663554352,0.80141203870467248,0.16025389991715691,0.16388049117644404,-0.30540547858389006,0.9380142207145451,-10.536440985567928,-6.4850860611009571,-3.8100815583600212,,0.1077459162232042,0.2,False,3
0.93406424244510733,0.27139046790386367,-0.23210171243739466,-0.21011400174998537,0.94321286711020558,0.25729670341136174,0.28874919437819435,-0.19156383074231159,0.93804434942985304,-11.303339575777036,9.7706850349906844,-4.5538919252448649,,0.1022609683381242,0.3,False,3
-0.43163331337962463,0.88648235254032259,-0.16685838730942754,-0.90147611088964508,-0.4305074796573361,0.044767526784151482,-0.032148161319242752,0.16974200597867511,0.98496403341956018,-10.102786892005618,6.4277741315272143,-4.0859526792373098,,0.1411928928730709,0.2216494845360825,False,2
0.21017112514594299,-0.88480443960059396,-0.41587161699010844,0.97766428899212876,0.19055569981959231,0.088662637541305947,0.00079761168740977162,-0.42521715502710444,0.90509100917324992,2.030225593219205,-3.1507582457032797,-0.39529441363876128,0.490909807966484,0.4796883164012849,0.2282608695652174,True,5
-0.39469763395031615,-0.78583044665237733,-0.47611373312282124,0.89820003237812041,-0.4391408072761972,-0.019800333854620975,-0.19352126392199659,-0.43546051543043085,0.8791607702298242,-1.8414463265775856,-5.6386041480625897,-1.6319730337149363,0.3297896289811791,0.1268132467551838,0.2083333333333333,True,4
-0.011739454207195381,-0.93961515130530315,-0.34203150827435269,0.99437993451522655,-0.046962763114860709,0.09488437550045184,-0.10521754154327324,-0.33899537801882923,0.93488576983151261,5.4241078784555086,-8.5729389622165559,0.77398398758420195,,0.1443544636266005,0.4545454545454545,False,6
-0.75794883657652945,0.60021941041100813,-0.25544122709176614,-0.63410247190226332,-0.76983171843258225,0.072616667663675999,-0.15306082535947807,0.21701563229638404,0.9640936671710254,-10.257900697801249,10.535882558174965,-4.2917561787312648,0.2833172284850806,0.2457579953782034,0.8547297297297297,True,5
-0.39938337303085286,-0.86932769780167207,-0.29113961458610499,0.89472366027800065,-0.43884274840634407,0.082985624718415585,-0.19990621072202353,-0.22734642290129262,0.95307455684681408,-15.992810210015918,-16.689297839193596,-4.5490567751450701,0.2049500533990318,0.1487109672480293,0.8857142857142857,True,3
-0.95959511198698344,-0.085200306916891511,-0.26817555584347502,0.075323285726523526,-0.99605441395196248,0.046925548203229625,-0.27111551722107274,0.024829662665461348,0.96222651396325087,-8.8284832249691245,18.659861150063744,-4.2894244062384539,,0.137234840190389,0.4523809523809524,True,2
-0.55920621422727579,0.79240745613237362,-0.24367772453677128,-0.82530036537219409,-0.55994484255876098,0.073082694315190447,-0.078534813211219537,0.24197561190678907,0.96709879865307136,-18.157224522403936,10.538118964233126,-6.4217286473179813,0.1272447401209557,0.1130023908794142,0.3636363636363636,True,5
-0.41693590593901414,0.88515355501899073,-0.20656145423591749,-0.90842778315975603,-0.41339746862021426,0.062140934349681307,-0.030387713343816389,0.21355495071677097,0.97645832983394276,-0.9128213556582081,11.105055915991249,-1.7186415423882839,,0.08018055364796575,0.358974358974359,False,5
-0.84021889451862175,-0.4496500704641756,-0.3030627384312829,0.4658223635143191,-0.88462778750545756,0.021052392337538722,-0.27756392947182457,-0.12348478329236288,0.95273804025629183,7.6998990317550007,0.62103441080514732,1.257712947105033,,0.1039711704570319,0.3142857142857143,False,1
0.95827199163460886,0.18014677955422101,-0.22195028241676443,-0.10637931007685512,0.94540467552341001,0.30804779156170975,0.26532665232918251,-0.2715826528236242,0.92511871143603541,-0.10753068498455504,10.060366426477696,-1.3060715716565996,,0.2534889087958773,0.3076923076923077,True,3
-0.093382775422610032,0.9791189613492367,-0.18057053131882989,-0.99162408428283644,-0.075211239541413386,0.10499973769906612,0.089226300632710989,0.18886325469248447,0.97794137774324985,-8.8057719656254356,11.577362472982408,-3.9978818487685341,0.2659400332342506,0.1454422500495075,0.3076923076923077,True,3
-0.62839347978000326,-0.64038260871664843,-0.44162399054312851,0.71085928233431883,-0.70328510394252219,0.0083152445359162414,-0.31591251208066262,-0.30870726752996042,0.897161695395579,5.8227316406654497,4.5125306581532652,0.5364483741210091,0.5086074862689359,0.4016357530218578,0.2941176470588235,True,2
0.95097493315137538,-0.10285590748373676,-0.2916630569911694,0.19318063895590865,0.93401785375190716,0.30048608887146172,0.24151173315249916,-0.34209839398684427,0.90809733596200926,-25.94643597219056,9.7861443977082683,-8.4390480531321685,,0.4285615338927294,0.66,False,3
-0.95571165701675431,-0.049087041025936563,-0.29018216872442104,0.0564186429888789,-0.99826333400196088,-0.016948531222007152,-0.288846265971336,-0.032569593037186387,0.9568213293211062,-15.755545083962737,5.3760739982816128,-5.4778645891860043,0.108328666951591,0.1358805271890406,0.382716049382716,True,6
0.53256405037351218,-0.78425152810788212,-0.31831599537285549,0.84274289180586692,0.52621374801295195,0.11350554926014395,0.078485352521631413,-0.32870751750243554,0.94116492570481081,7.4460102662064154,-12.186122300583122,1.6539589449554757,0.3677336671713589,0.2736064177201834,0.3181818181818182,True,5
-0.66665927312809869,-0.68965751495712257,-0.28273295813449445,0.70154444571442576,-0.70871488866540755,0.074556000906825862,-0.25179516325687201,-0.14864628702778143,0.95629675159612448,-7.4504067027269665,-4.5348230173793178,-3.1813203051748187,,0.08685693051403653,0.4191176470588235,False,5
0.95872522330407794,-0.0023762103014149417,-0.28432428637939161,0.057192977518266727,0.98113848068188392,0.18465168574329649,0.27852272712140003,-0.19329158116651002,0.94077811152630975,8.7997850578171679,0.39824702334450368,1.5660531340087052,,0.2841884163731895,0.5208333333333334,False,3
-0.95877740171498937,-0.10274320440432065,-0.26493344052683776,0.12213760225076271,-0.99083127128302428,-0.057756367303546954,-0.25657026343107259,-0.087733834957784265,0.96253544045220074,-0.78864808522248042,-7.0712736922067032,-1.2025167331475388,0.2570801942902762,0.188860995233284,0.3076923076923077,True,5
-0.47401834394141973,-0.76837800587798455,-0.43000215079695503,0.85180147027734621,-0.52385666980133949,-0.0029059831388821844,-0.22302660119453674,-0.36765395358628172,0.90282318621754021,-3.1270829148575032,-17.975665495662085,-0.89341593117078133,,0.4604633376244014,0.1739130434782609,False,2
0.77629618422049484,0.57633431901867693,-0.25534875579485183,-0.56886360400699576,0.81502545865000298,0.11012584523410421,0.27158504082676016,0.059768340060869729,0.96055677142243756,-16.005665551699064,9.5379700599714763,-5.75821617783095,0.2530297183828246,0.2448077608834111,0.8804347826086957,True,5
-0.53081813295142799,0.83330176397278877,-0.15440297888900564,-0.84273731089429049,-0.53826889675214928,-0.0077730055888430571,-0.089587580370383682,0.12599509890889776,0.9879773785336976,-12.756782386150046,11.265797879170714,-5.0104757162818556,,0.730928189698534,0.5106382978723404,False,4
-0.90288472812869713,0.36506366549030267,-0.22699710978502166,-0.37374394315408144,-0.92751795522806357,-0.0050899592523511034,-0.2124020542923431,0.080243148419888749,0.97388213068320351,-7.1032413688722054,11.611739353555713,-3.5115140504835405,,0.1085603331219676,0.2380952380952381,False,5
-0.21688525104439535,-0.91500807505367066,-0.34017791002060538,0.96369423007814248,-0.25628055962205254,0.074924666658615885,-0.1557376601644789,-0.31157743394922721,0.93737147591555681,6.1962598663848949,17.066033600647497,-0.16602698035418828,,0.6947811837834454,0.8020833333333334,True,5
0.38075430112182451,0.90343784165785901,-0.19704372214770211,-0.90462552418878894,0.40807808403879098,0.12298348797049391,0.19151716153752441,0.13142428842424536,0.97265041677305164,-14.698416271457519,-20.403509172050239,-3.842748959210089,,0.2200093367702126,0.3846153846153846,False,1
-0.47371980061368163,0.8668420425333323,-0.15548126511954366,-0.87785348664601026,-0.4789068959643375,0.0046304407183433011,-0.070447189368890634,0.1386833021471712,0.98782798867797839,11.481848965899252,2.9640330174547582,2.3537540391496337,0.2818745798164752,0.2097484992351358,0.2,True,2
-0.93200786220703535,-0.23579236735360504,-0.27525134746637769,0.22551759974682475,-0.97180114044528321,0.068879283051439019,-0.28373078258924422,0.0021220101394282195,0.9589016321209729,-16.350521658251903,12.925173315696492,-6.0929385087136545,,0.06976353421573123,0.3333333333333333,False,2
0.83696909108303841,0.51623617311292247,-0.18161209800384676,-0.47200108521115502,0.84891556408378865,0.23781787278460886,0.27694352516555792,-0.11332510148254535,0.95418012201200586,10.209803544174342,1.7528495207250341,1.9951749924430875,,0.1524440535860372,0.3181818181818182,False,3
0.20301471006987995,0.96148665827800017,-0.18527933896861276,-0.96803011163449137,0.22554650388926548,0.10975644651792982,0.14731846613427713,0.15707380601721316,0.97653729524228117,8.9024305756845994,3.3014092242281365,1.494320263828909,,0.4636381177105979,0.86,False,3
-0.29740748973137138,0.95250688889285506,-0.065417212286521642,-0.95471817836840667,-0.29613345790216317,0.028603758561081702,0.0078730517969307912,0.07096197377866062,0.99744795018729737,-21.310826053707718,9.7717804316112442,-7.22860511540018,,0.3300633817629075,0.65,False,1
0.89016300598010856,-0.36082773816396752,-0.27823221624379213,0.40493302728198294,0.90643727492792747,0.12000295845303957,0.20889965581758582,-0.21948760783403784,0.95298799772430809,-1.7503528703514448,6.0929213054910614,-1.8143293351532814,,0.08282477956200976,0.3529411764705883,False,2
0.94886247785543809,0.18171291948505602,-0.25814804475388786,-0.14994796249405923,0.9790179355353501,0.13798366006154747,0.2778049795484559,-0.092218744256891722,0.95620086621261935,-12.860507219025045,12.035766730652787,-5.1061040264945499,,0.06527918248055882,0.2592592592592592,False,1
0.26655520264577837,-0.81799737172886533,-0.509733875455749,0.96332687983263066,0.2092011574386807,0.1680363005967625,-0.030816335512146284,-0.53583129394519813,0.8437625127336591,0.56660696152235723,7.7993932373690722,-1.1441124991659202,,0.1259444991076823,0.1612903225806452,False,4
0.43961127056175481,0.88598270093729481,-0.14756891418904758,-0.87546857687848545,0.4593879586972176,0.15005823636962393,0.20074038381311796,0.063224655347882408,0.97760213853218547,8.9200141339160801,7.995952279734599,1.3105645539061415,,0.1232782453453734,0.4117647058823529,False,4
-0.18660864310489553,-0.90785974568968564,-0.37545691693563166,0.96929887550708216,-0.23242327733973273,0.080244065770402606,-0.16011528427747537,-0.34895573115642881,0.92335962302551799,20.3391757233329,-9.5380582595528374,5.6789435675177096,,0.26212982151527,0.2173913043478261,False,4
-0.75791553773091003,-0.53680217814071629,-0.37068512137587573,0.60104084091476007,-0.79550979552933665,-0.076903008844584828,-0.25360194245814238,-0.28108288236791479,0.92556926700339481,29.365366434108193,-10.036309303117767,8.5853612010300946,,0.1705883863938159,0.3571428571428572,False,5
-0.96008413351883759,0.048515200695936081,-0.27547183497921585,-0.026621251703681941,-0.99622135663343026,-0.082669931324377832,-0.2784416734670162,-0.072036684327370329,0.95774785334554891,13.663389082594364,-1.1618810204256145,3.1202618401164819,,0.205007121675735,0.125,False,2
0.84146895822508472,-0.40823195427150444,-0.35394443611287191,0.51391752027276716,0.80694820769973352,0.29107279578634271,0.16678961208744553,-0.42682696915946661,0.88881942131001146,29.693265939475705,-8.406809403934739,8.5870738779345785,,0.2489220051970306,0.1304347826086956,False,4
0.10674720182655524,-0.94282292057273742,-0.31573719347725898,0.99238568117233539,0.081403967810510666,0.092434051241017501,-0.061446681817022342,-0.32320014614384185,0.94433361203881683,-1.2118802479908644,-10.724678454298086,-1.0649744879470011,,0.08557851044754095,0.2894736842105263,False,2
0.95764327434714147,0.15694496154601587,-0.24142832920559806,-0.087538776710414934,0.95740728157709831,0.2751513397299688,0.27432885679368685,-0.24236248931811244,0.93059341395788875,4.3548084249175405,12.504906323742389,-0.27901298843251482,,0.4170828732638625,0.2941176470588235,False,1
-0.15080658229940402,-0.85832586729704485,-0.49044273902663571,0.97934055285702859,-0.19732715005082607,0.044204947489037416,-0.13471991784759541,-0.47364406613151433,0.8703515625042233,-13.158136049998856,18.611416038674221,-5.5820840523510897,,0.5363642162449498,0.4722222222222222,False,1
