axis_00,axis_01,axis_02,axis_10,axis_11,axis_12,axis_20,axis_21,axis_22,location_x,location_y,location_z,dbh,dbh_approximation,score,reconstructed,number_clusters
-0.59270049455012597,0.78667958221002854,-0.17274651572142302,-0.8052899606291003,-0.58270929772909108,0.10935242864268233,-0.014635677982900386,0.20392427338089411,0.97887725872861919,27.154169722138104,-14.207426626630719,7.2544151660568605,0.9724109522053285,0.767291023405637,0.9454545454545454,True,5
0.75069016260954191,-0.57917225605414091,-0.3178423785123945,0.65854097194968153,0.69444971162371949,0.28993686604035251,0.052802159281871236,-0.42696498198668409,0.90272522737114325,3.5466646626445479,-14.327202554122579,2.5819251031670887,,0.1450706191711045,0.1538461538461539,False,6
0.47878921665819363,0.87787161777274558,-0.010114777352751708,-0.83690960285518723,0.45986858640224326,0.29682183189444661,0.26522293011843118,-0.13364993808253206,0.9548793072372701,-7.3258881462310743,5.5354257111523051,-3.201658240164992,,0.4356184923008712,0.2727272727272727,False,3
0.95466754373181029,0.25744446204689375,-0.14943971997584193,-0.1561961341358028,0.86059561240102367,0.48474525226879472,0.25340214802977284,-0.4394286527725435,0.86179452916365429,-11.810809018436393,-7.3949222667389201,-1.7012815406139754,,0.152099587993151,0.3125,False,1
-0.73106170784801239,-0.62763187729564895,-0.26763222137980008,0.62202582239893622,-0.77426254909608283,0.1166249601764662,-0.28041514864085704,-0.081214110039910539,0.95643693610355252,10.232595360016859,-0.8207922970402215,0.62415874184746822,,0.07640800596799405,0.36,False,5
0.97363467105711621,-0.031451302302078342,-0.22593437741743677,0.081644225464083092,0.97288405550084212,0.21640433221311672,0.21300175530701959,-0.22914499805960925,0.94980146457056513,2.6253369433950495,-17.731683924055304,3.0437831142997709,0.2215031290466394,0.1105021846441193,0.4090909090909091,True,5
0.16415794321350821,-0.89275388065465422,-0.41957440133540974,0.97705007841844571,0.088624530828978795,0.19369779760713304,-0.13573987602182741,-0.44174223378730754,0.88681366980114829,11.944182963758744,-8.5888338654637391,2.5904997421721925,0.4197011409321908,0.1661335968247141,0.32,True,5
0.9618851199203271,-0.11991910162717385,-0.24575684149335547,0.19478059223043132,0.93124876618770613,0.30795495833682901,0.19193107347748858,-0.34408595516063595,0.91911224477480014,-11.805664764595759,13.912040484371392,-5.721439361693113,,0.3578664008871691,0.1923076923076923,False,1
0.42133282918725568,-0.82925127320314029,-0.36717975562391009,0.90565932266370841,0.3635038075191957,0.21828003388161932,-0.047537756797898248,-0.42450831300460901,0.90417523404957589,18.311238947650615,-7.4040739102137065,3.6000874566604133,,0.3185083282799623,0.3333333333333333,False,5
-0.6153600897285838,0.76986109606848918,-0.16925085739650927,-0.7882382286208881,-0.60196276364850165,0.12775494558436079,-0.0035291514325349327,0.21202529080485361,0.97725780690116948,-8.2450252385764067,-5.3815606481379374,-1.3339837010762905,,0.0739490822280996,0.3454545454545455,False,5
0.93154400425657458,-0.26296175025532309,-0.25115112190926825,0.32179388840217626,0.91779037081769721,0.2326145494618112,0.16933535224705668,-0.29750958494974705,0.93958160121534662,23.133136056202645,-10.315615215029839,5.4056229479266396,0.3095417160674926,0.2482790064005684,0.44,True,5
-0.92871491009459728,-0.23722807068290425,-0.28497624155015511,0.27142111355984566,-0.95855765379096614,-0.086589857793469449,-0.25262461258143237,-0.15776586081540839,0.95461549237337229,3.9271684837480647,-8.5408456358504683,1.383543168693929,,0.5172743001345487,0.2,False,3
0.31065143624885533,0.92975268988119508,-0.19762494988033275,-0.91914812017150449,0.34681078406769233,0.186786009217876,0.24220325832183076,0.12362125914677062,0.9623177053059212,-3.2704651312244706,-2.6777618240647341,-0.99681699060781925,0.4168780130440021,0.1424861243235894,0.2048192771084337,True,5
0.90905636203676732,-0.33113478673847524,-0.25291556625115819,0.39137552755393012,0.88685349707380934,0.24559330438723154,0.14297456792157887,-0.32224311899499297,0.93579786556072997,0.6117227595226149,-4.2377050354847849,-0.054909540605155911,0.3626884576247398,0.2967639958079055,0.6187290969899666,True,5
-0.033743896867456984,0.99034507561368368,-0.13445438122993658,-0.9830244368891663,-0.0086124470699630636,0.18327242627903395,0.18034496361954575,0.1383562682468481,0.97382402780680577,22.159334881243211,-5.2481103723065052,3.9702400242781999,,0.1541055773170461,0.425,False,3
0.67873712508185013,0.73043315507918316,-0.076048149199667514,-0.66669457721253222,0.65629015973719007,0.3532726524195387,0.30795171009596284,-0.18907837579480954,0.93242431974706041,-7.0871337316760012,12.95191312784687,-4.6869862581661037,,0.3332274389175438,0.2,False,2
-0.68719757785900804,-0.623772956091451,-0.37237989773032221,0.66428498247396695,-0.74704472270774736,0.025488121430711136,-0.29408323829194039,-0.22985099852608362,0.92773033120206216,12.67936681584945,6.3063360894910048,-0.28493731585327214,0.1410827046383553,0.1291071442878103,0.2424242424242424,True,6
0.27506607073465539,-0.88571815065471204,-0.37395456185396952,0.95544536181475903,0.20851539918034845,0.20891502792122058,-0.10706454743406835,-0.41475858750055655,0.90361081045839708,1.7039487544696099,5.7129001933484949,-1.7960580461943021,,0.9362899898576825,0.4887218045112782,False,1
0.063280056710036781,0.9842562669742847,-0.16503101328120151,-0.98131134719921298,0.091476220506228612,0.1692930622912853,0.18172417087674303,0.15123393139021879,0.97165046375505781,5.8171040661032833,0.82489754663303083,-0.26978738027211829,0.4785159993767877,0.7565294888337973,0.7927107061503417,True,3
0.84757555311366339,0.48183656011065712,-0.22237178576608368,-0.45014692554123259,0.87471033919262098,0.17958164698906781,0.28103990319853867,-0.052109038086105619,0.95828034570260134,-18.039306410332227,9.898966379042486,-6.2037648033683839,,0.1225953427124104,0.1666666666666667,False,1
-0.8292925934048534,-0.46915215405146726,-0.30359520890936609,0.47963009380428062,-0.87636114670375909,0.044114778310338373,-0.28675558868337747,-0.10902933961526866,0.95177929976539666,14.234914610638283,-1.1738765480035691,1.3754495379969154,0.2225435372224572,0.4261254843870521,0.3720930232558139,True,6
-0.53068711426192672,-0.75569762426409937,-0.38378677340151263,0.80374684771188598,-0.59241423528233195,0.055103344980640401,-0.26900221476700586,-0.27922477418102626,0.92177618429529817,0.0040790197756833957,-13.630446975242503,1.7103368168543736,,0.2162212070786202,0.2,False,3
0.80470287313636668,0.5792508407084076,-0.13008362504435592,-0.53224766181631078,0.800971461752502,0.27414803291129303,0.26299374984426471,-0.15137100447795254,0.95284894214465532,18.117489147419015,7.4377585576317822,0.72083745354629425,0.2941133179309968,0.2502439158763178,0.4545454545454545,True,5
0.93349527262164111,-0.24263742888757792,-0.26403343367057436,0.30437906166836465,0.92542444169571447,0.22570553721621608,0.18957838170776167,-0.2910613007855915,0.93773309442189656,4.1236965805210675,-3.6336783400581245,0.28560148142990338,0.23028243861685,0.1985419913718837,0.3351351351351352,True,5
0.062932565058880161,0.97892058883771338,-0.1943038162382118,-0.9787694234865606,0.098590171857891831,0.17969528001818927,0.19506385596233333,0.1788699493001949,0.96434207278042683,5.1051324881003133,6.340716628258817,-1.4307714157636107,0.208854669165205,0.1674445305529509,0.6590909090909091,True,5
0.48264743324115128,0.87557904024048883,0.02031746729477274,-0.83496667518571155,0.45301079478962025,0.31242898574459549,0.26435223947424513,-0.16775745615507598,0.94972381742764067,8.9538201946478484,4.0820349252473251,-0.43857065764729591,,0.0956560784083389,0.5,False,5
-0.7682863653660621,-0.52820053969357705,-0.36158021331375612,0.56540567758281135,-0.82480549100275424,0.0035102377168672039,-0.30008745483563498,-0.2017426377321388,0.93233439686152897,15.746052025797526,2.3552341829723624,1.0701224737596855,,0.2898064497490094,0.5531914893617021,False,5
0.61438705959363005,-0.74441845256827577,-0.26147601893815731,0.78899918958566939,0.58091159224234667,0.20005499451805467,0.0029698210468697694,-0.32921556687726072,0.94425012083061655,3.9281250453111762,5.9454277747256441,-1.5415184876998418,,0.1145985860497271,0.3333333333333333,False,1
0.038346018493734944,0.9949929700652107,-0.092296112520995122,-0.98184346297599323,0.054688159269056291,0.18163870580653049,0.18577673987070384,0.083655213564800462,0.97902441653231498,14.907744807533883,5.6129016256645947,0.33223957556017364,,0.1000989054980829,0.3157894736842105,False,1
0.92987302461514454,-0.22955982050259482,-0.28746903642636001,0.33372191296131209,0.8552007529173663,0.39656192078793051,0.15480905303801126,-0.464686949483614,0.87183725320560135,0.73272244511060869,-18.067904506785847,2.7684480202039112,0.7475713128193258,0.3480548659234697,0.2941176470588235,True,3
0.67887717812213855,-0.68099298046014212,-0.27454387188377771,0.73380020251854872,0.64236028990869831,0.22115723079327848,0.025749559387693688,-0.3515989455507898,0.93579652792629764,10.409318935840144,6.2635426246977186,-0.61184933232605465,0.1770308454453988,0.1781090507893223,0.5555555555555556,True,5
-0.68695481126265079,0.69908226158538822,-0.19843658639412604,-0.7260412131248849,-0.67187402031017152,0.14645633368479433,-0.030939362101377765,0.24468202297861014,0.96910962408999612,-4.1636012432806355,-13.972241053295448,1.0096684550486004,,0.09912360563299938,0.2903225806451613,True,5
-0.21708623464357057,0.96712294753255335,-0.13246422567705657,-0.9679744911849848,-0.1957476911528836,0.15718850410728147,0.12609104307382862,0.162345451935867,0.97864447226369844,2.3950446468420417,-7.9913407027234289,1.066926109813082,,0.07069856131052424,0.3555555555555556,False,5
0.077248686167910599,0.98691518746335971,-0.14153110343487357,-0.97700770136336768,0.10322569002178499,0.18654867567526229,0.19871736703670256,0.12386633793604926,0.97219778767713327,-9.3705056196470409,-9.0988066385853372,-0.8919854013831181,,0.343437427076634,0.7697368421052632,False,7
-0.76643126601352729,0.64096966228429619,-0.041725370076924034,-0.63835286541945901,-0.76729559366788691,-0.061344039226404079,-0.071335360710288648,-0.02038048009738444,0.99724415382760323,-1.3841892210606717,-14.748765944491254,1.7166419379263571,,0.4787720899346842,0.1621621621621622,False,4
-0.68587652657004516,0.72095256552390141,-0.098998932139262669,-0.72684817851641281,-0.685337220982141,0.044772970907107995,-0.035568464790915286,0.10266592327048202,0.99407977170418105,-2.7652806147411115,-11.890585180577553,0.88754601609202832,,0.2628365529176241,0.2962962962962963,False,5
0.3904750183380678,0.91393881206008676,-0.1106576154816432,-0.87878549911054127,0.40585125218345408,0.25103945437751357,0.27434523252085719,-0.00078032770021999043,0.96163095025158041,-11.277392980942912,-15.383604141998603,-0.1263387928974288,,0.1517348803671163,0.4705882352941176,False,2
-0.97499586027885343,0.051379253774298056,-0.21620186104817771,-0.048328867361928152,-0.99864352681756907,-0.019375936748484285,-0.21690411019298922,-0.0084426670527975936,0.97615640568221651,-13.447555506231161,-9.5064005302299126,-1.6812738320056966,,0.3735143666852636,0.2127659574468085,False,3
0.94821447975138462,0.24873633143752288,-0.19753363716798883,-0.20167979345423695,0.95192815179538559,0.23056030606259742,0.24538655485186672,-0.17878207752016156,0.95279714916424241,-10.448023540148327,-2.0248596651671846,-2.4416817330947014,0.7803519539563376,0.5949381181078016,0.8904538341158059,True,3
-0.96961830801333504,0.086416785967083756,-0.22885033508491087,-0.10487297589424621,-0.99203790527109725,0.069731294498367263,-0.2210022526863506,0.091612955461836537,0.9709609007056389,-6.001578641365696,-7.2374669690190174,-0.61219099670875299,0.5630477730631303,0.2324161495966918,0.5412371134020618,True,6
-0.95059054806316701,-0.19661189872340976,-0.24025272363356018,0.17569184906895385,-0.97874226504060313,0.10581092946346382,-0.25594918265878508,0.058372424170714643,0.96492625417320588,-8.7725695985802332,-7.4599014393046552,-1.0523999539223345,0.6318993289828257,0.5118550034426581,0.8349514563106796,True,1
-0.93342284868407299,-0.23050631503560576,-0.27493385437813478,0.24076640232873747,-0.97057609973997205,-0.0036843076990476786,-0.26599497187764259,-0.06963385198487014,0.96145608406913852,-8.9395459084070925,-13.612826253477323,0.043147284968543496,,0.2243423791331535,0.1764705882352941,False,3
-0.05775821262731743,0.99397163406872457,-0.093190018461457691,-0.98482872234908558,-0.041428107969708833,0.16851142248024958,0.16363488781541852,0.10150912538683113,0.98128462789999693,8.6267527893889824,-3.8354276097044107,0.87034604735706067,,0.6127270901766422,0.2131147540983606,False,1
0.95337576304876392,-0.13584765065967866,-0.26948111295865318,0.21307747622313108,0.93536147331023445,0.28230639980930272,0.21371158966600171,-0.32656443477077357,0.92069703289696603,10.594623924363184,9.9490768041591338,-1.2802719414087849,0.349294317761821,0.4111672414891646,0.3181818181818182,True,5
-0.96119934841595811,-0.045254963363482455,-0.27211725578453771,0.053177854443116894,-0.99834689437870505,-0.021808124202261719,-0.27068049135754935,-0.035432566592958827,0.96201694622447842,-0.69576765939077334,6.4648580333679515,-2.3588396310833577,0.8046045381591537,0.4333825964139132,0.3012820512820513,True,2
0.96066219642812811,0.20587040151447306,-0.18640150786448495,-0.12322924642397537,0.91747872131251051,0.37821600807546385,0.24888289852792855,-0.34036770369562069,0.90675637803177667,-13.969512119297406,11.287857210174764,-5.5842621465181104,,0.6088872365532194,0.3846153846153846,False,1
0.098134597122309417,-0.87663762320484373,-0.47103723677582465,0.98321423033865041,0.012249302907316878,0.18204321420437541,-0.15381605282680127,-0.48099525170218377,0.86312466639109298,1.389434162848576,7.2791088088207818,-2.08647633228412,0.7246296692946,0.522694326322093,0.2352941176470588,True,1
0.92549856607437941,-0.29578203949198567,-0.23657005158774733,0.34485424953245913,0.91634997688103059,0.2034164851961108,0.15661401844557948,-0.26984385296703856,0.95008228287987306,-4.254706307553433,-2.5980899785697487,-1.1984451491017993,0.7443336124749571,0.7833842220900573,0.9680365296803652,True,5
-0.2098018875044558,0.96163355090559022,-0.1767599552281981,-0.96965481563978062,-0.18143124041344066,0.16386654176074195,0.12550978649552519,0.20577565155952549,0.97051722020740172,-5.2138236855810653,-8.4688137321525279,-0.2035790211595121,,0.06750715478565691,0.1186440677966102,False,5
0.43497940806815821,0.89793851858111473,-0.067077055727172541,-0.8637654487808677,0.4371470871735017,0.25062257214406586,0.25436620068133942,-0.05107681493666455,0.96575824869729421,-5.9075020805983387,-12.504247971541018,0.42927182005806425,,0.1159653124046195,0.5714285714285714,False,3
0.12567290612386048,-0.8454948541439915,-0.51898436612523602,0.98112911411260839,0.028439158372678963,0.19125081885226344,-0.14694210460923357,-0.53322571757847848,0.83311364891347495,-10.494067977891284,13.372926731696047,-5.357261283682929,,0.3394745595308143,0.1,False,1
-0.4490973698385452,0.89293538292521379,-0.031272261259826489,-0.89130373664230433,-0.44528462565333593,0.08543565534502838,0.062363462472564371,0.066242011420022423,0.9958527975918241,-15.747425104720516,-6.8436227855038974,-2.5778502413487252,,0.3077877282031918,0.2912621359223301,False,2
0.46134841710556268,0.86935082499487504,-0.17716314829817811,-0.84880784921714436,0.49060481911382253,0.19705873888173295,0.25823027154374723,0.059464733607608677,0.9642515607015727,0.094216434687464296,-5.491241527792182,0.14638949976163146,,0.07286629495341948,0.35,False,5
-0.47020533191424263,0.88088276451303593,-0.054336921363745599,-0.88239701755545352,-0.46805580284586323,0.047950691669217282,0.016806226484811795,0.070493408246356193,0.99737065835383132,-3.2117944262749072,-11.08663330079426,0.64608433027469891,0.7741282491430692,0.60620542397814,0.24,True,4
-0.67927330088881122,0.73267216034063043,-0.042181609279557081,-0.73349410395203218,-0.67966544800150441,0.0064248159911838298,-0.023962098556362915,0.035304167667698033,0.9990893021037045,-10.973375146683761,-3.0828577445141798,-2.2850618599216541,,0.08332679934856524,0.2,False,2
-0.064130324714105805,-0.91938652339196802,-0.3880924143258857,0.97941106525954236,-0.13258017899787114,0.15223817321572988,-0.19141908655939593,-0.3703389214518561,0.90895974419038161,-14.067903251316025,-8.9979321387978057,-1.8730822774141553,,0.518028884926384,0.8064516129032258,True,3
0.58634101125525562,-0.75912277731640443,-0.28273101612591661,0.80999281515500654,0.54478232970744245,0.21708029075851051,-0.010763731575623825,-0.35629316889039664,0.93431221756145721,7.2920377282510724,-12.202799028872247,2.7736871008593114,,0.1025967434036233,0.2121212121212121,True,5
0.32139332506442869,-0.9109664686912321,-0.25854675307235242,0.94223821573639233,0.2804539381058353,0.18311945119737233,-0.094305224722328551,-0.30246600060362805,0.94848344375055704,9.820551445124039,-6.4631515062679661,1.8023437708553163,,0.09161858629725625,0.2592592592592592,False,5
-0.24514501279700415,-0.9280721942546708,-0.28033181223699266,0.9423443497169085,-0.29604450020449646,0.15602813994688836,-0.22779606945110484,-0.22591957894345871,0.94713742117637645,-3.8491942044301664,-5.1455676720397028,-0.56378097901622815,0.7168054313274933,0.7235125509406353,0.9186046511627907,True,6
-0.74985482441023554,-0.61043978226166262,-0.25510980879030903,0.60055750910636019,-0.78980640769072707,0.12464556400703705,-0.27757597259968025,-0.059742033803696304,0.95884434025150245,4.4795667232991248,-23.893611051655054,4.6677558497386267,0.4768587209094799,0.4609395896548237,0.4615384615384616,True,5
0.40467509281311365,-0.87799765988828782,-0.2556524564470094,0.91158153563287792,0.3651495310674861,0.18890453635209797,-0.072506366271547634,-0.3094930196173854,0.94813337545843746,-14.08020354440035,6.1739210112254304,-4.7082133497613823,0.5705660553991828,0.5908891736302169,0.6188811188811189,True,5
-0.59115773263743177,0.80064980073454051,-0.097429111289754428,-0.80655596706412402,-0.58681620439121063,0.071513734744793458,8.4476188939142105e-05,0.12085792836067283,0.99266981117395725,-7.0564691627020562,-8.1997455134131112,-0.57663577026769774,,0.156948431995439,0.2352941176470588,False,5
-0.96027044820634599,-0.12000987568724653,-0.25194899491586675,0.12809009785421357,-0.99163576759083882,-0.015856584317753164,-0.24793868825433799,-0.047498780742874648,0.96761059972214991,19.003403514903756,-13.144796450244518,5.0157969146379742,,0.5037953619204611,0.4,False,6
0.054138311799204558,-0.92790950950585371,-0.36885360966667791,0.98489021101632146,-0.011233008386940378,0.17281519541638829,-0.16450019890491818,-0.37263623239183918,0.91328085651077651,-12.450747692148353,-8.4584221933094135,-1.6240585418111866,,0.6725902481598843,0.7540983606557377,False,1
-0.53107942422853816,-0.80533215907864164,-0.26342884943532574,0.80162457833791578,-0.57825864669197713,0.15170686513972753,-0.27450442722412499,-0.13060264576071223,0.95267532158372747,15.787400895750199,-4.8669431209544509,2.3851586514343865,0.1691581522642307,0.166160214052242,0.5294117647058824,True,5
-0.85012732464071983,-0.44595769242998096,-0.28000940780934319,0.45061146588694584,-0.89124197603372113,0.051352185608075099,-0.27245704011904437,-0.082519553549657107,0.95862280620248908,-18.737202853409563,-9.1293680978734191,-2.8566763381911322,,0.1956592146719721,0.4848484848484849,False,2
0.92119998599245811,-0.31189886850614407,-0.23261487835493888,0.37137118774563344,0.88317395231751172,0.28650865756598726,0.11607767537254277,-0.35031823499848497,0.929410085757441,-11.039138694711477,8.1094730255229841,-4.4379866675903097,,0.4286513733669015,0.391304347826087,False,5
-0.12504767038642436,0.98789437745677233,-0.091802936337701174,-0.98037370231792698,-0.10881877785909586,0.16439549077968346,0.15241549768435095,0.11055845772508141,0.98211320299193738,0.19748286278550209,-10.145254635374739,1.0604198485852903,0.6250678179370779,0.67337655140644,0.673202614379085,True,5
0.6606261583009122,0.73541911078808497,-0.15077072148212783,-0.69849475394799809,0.67574410320361022,0.23553128389382852,0.2750966333412771,-0.050285569234240463,0.96010062173247468,14.383370375831328,5.4369552762291615,0.24219213724592448,0.6565476517645621,0.9164240958074046,0.7596153846153846,True,5
0.24197046249775281,-0.92183683810016137,-0.30276581577206063,0.96329733893153291,0.19085571214498834,0.18876528798764419,-0.11622621083926135,-0.33732912869055232,0.93418441800900387,11.713000626946917,1.5104046998678937,0.41986965421449923,,0.08706208895587028,0.32,False,5
-0.73143594826304403,0.66292005607995474,-0.15980754936951494,-0.67725995819656237,-0.73353979949365478,0.056906164713485197,-0.079500959818927602,0.14985446875471395,0.98550658829969784,-1.4756306064927303,-6.6995126035352381,0.15512216588327243,0.5423173653946344,0.4587828021213098,0.6445783132530121,True,3
0.21978625644323188,0.95526101786837181,-0.19791510609287227,-0.94976080836037369,0.25586444025937716,0.18024371032967043,0.22281922803322091,0.14835692080869883,0.96350496400736918,-14.018545571207955,-14.37122315550217,-0.89537319891683009,,0.969893238007705,0.8157894736842105,False,1
0.21821019922818538,-0.92640646395819182,-0.30684747430812559,0.96814888270480426,0.16594294530631429,0.18748514559960616,-0.12276827713312398,-0.33798521038581819,0.93310982616743432,2.4969994405504239,-3.8267484066695636,0.1535295658939636,,0.8755498462137001,0.6131756756756757,False,1
0.09236390506856558,-0.92921543043237742,-0.35780943655367353,0.98146583125019304,0.024363355775862613,0.19008221637940548,-0.16790988990781144,-0.36873447186520425,0.91424348951985224,11.496756059341033,-12.082792502756188,3.3504205502475868,0.1880042026083182,0.1905381560489367,0.3157894736842105,True,5
0.24595515009903374,0.96745114853953529,0.059534354193986755,-0.95352399187424663,0.23046992719946324,0.19410205969251026,0.17406338230645341,-0.10450783629090854,0.9791731466364002,-15.267301170858948,-10.323466812771224,-1.882082673331319,,0.7716728208777269,0.4727272727272727,False,2
0.32603528465674225,-0.89731548194461996,-0.29753305534224472,0.9415649457890336,0.28006113243824232,0.18713956011143915,-0.084595780155340888,-0.34116079487523687,0.93619061414863869,14.885264962277105,-7.2598452891710341,2.7870575736436995,,0.1358783614682906,0.4516129032258064,False,6
-0.26058164950435786,0.96002769212894168,-0.10219605808036872,-0.95771497199079569,-0.24366709340572162,0.15299797389467887,0.12198047534854688,0.13774315931031014,0.98292806740725303,-12.704883150936816,-10.839018609425874,-1.2477254024989111,,0.09517559599432437,0.3939393939393939,False,5
-0.61925735405837479,0.75901191180063698,-0.20105035983396208,-0.78517600187436365,-0.60002421964651598,0.15319785219833162,-0.0043560905882171763,0.25272881430959693,0.96752734891188241,-7.943420527390523,-7.2155770483802675,-0.95589585946639499,0.6640659842048899,0.6441194744464965,0.559322033898305,True,5
0.96701656283744497,-0.049175649815451361,-0.24992143298101163,0.1580408115251688,0.88531744965150616,0.4373055170415977,0.19975502269159648,-0.4623794640852697,0.86388839678612361,8.413618430380799,3.4262893445311322,-0.33050522479104921,,0.3303984768108503,0.4210526315789473,False,1
-0.3414497468863783,0.92834270940154839,-0.14694177163836186,-0.93562041006744134,-0.32081353658368533,0.14728585475157191,0.089590840025422128,0.1877724384611886,0.97811808731761929,1.1805663316934258,-6.4242265935619782,0.53866794512289051,,0.06782227872039118,0.3,False,3
0.2052803271329619,-0.94158230666072207,-0.26698829014707481,0.97082825157669206,0.16136860909313441,0.17734902858457008,-0.12390517839351015,-0.29560604151948877,0.94724050535460702,10.919718040908574,3.513076145892041,-0.0081639638922209965,0.1304432284644435,0.139136588443223,0.6111111111111112,True,5
0.97283118226866183,-0.024334812634237507,-0.23023315942716116,0.1194353676308389,0.90466445827523767,0.40904450967157052,0.19832973494824813,-0.4254292359812919,0.88299223179353636,4.1516124150009261,-17.946896564596262,3.344554169770932,,0.4031290724417518,0.2,False,5
-0.31422864351125657,0.92782460231637698,-0.20100215653951051,-0.94452677562535647,-0.28423576779345305,0.16455758394445122,0.09554857258925667,0.24156062519236154,0.96567019972288271,-2.2713475611332465,-3.2630475010700764,-0.72805969967936035,,0.09150719303506794,0.4244897959183673,True,5
0.88637287914467389,0.43442034413769909,-0.16006899673598052,-0.37273354140293258,0.8746787247376856,0.30984969840954085,0.27461395854910337,-0.21497928525915722,0.9372145329002598,13.178915633951467,-17.485704548469016,4.7318648591130259,,0.2327530585058109,0.4871794871794872,False,5
0.69394364447038503,-0.59226103289171617,-0.40947415940105059,0.71933692941316052,0.59518903241702603,0.35819603246397053,0.031568976568860443,-0.54311774470046681,0.83906287911566746,3.4546956204900527,-10.108393424579484,1.6455946922623679,,0.5039549291620037,0.4111111111111111,False,4
-0.13036537892870689,-0.95894802683995484,-0.25184032599353845,0.96996626583090595,-0.17596600892232672,0.16793274503203859,-0.20535411154107133,-0.22238400464895092,0.9530871121515978,-15.613625877577309,-4.6338169147067454,-2.9765820935009377,,0.07833991226754303,0.25,False,1
-0.67451657816566724,0.72351782423059441,-0.14679694751698844,-0.73703151450815785,-0.6714127013043617,0.077392061278859545,-0.042566799286414478,0.16039620490462458,0.98613443558710756,-0.6744165311692607,-12.616063815552176,1.4326415869643914,0.2132311078028081,0.1905851529732691,0.5294117647058824,True,5
0.94917067872894312,-0.20314893575434737,-0.2404278115008989,0.26280455098478889,0.93186135304146744,0.25013633620369402,0.17323045524075459,-0.30060759905498086,0.93788393779160084,1.9151996486020977,-12.671623152461493,1.9215344935213088,0.3060426168824325,0.24853495612836,0.3333333333333333,True,6
-0.016559248307684873,0.99984898347529105,0.0052727164640932744,-0.98472313293951796,-0.017222498265527589,0.17327359004555007,0.17333823222031519,-0.002322885472895414,0.98485961509943887,2.2838278528099556,-6.7302740558006926,0.76571841199948443,,0.1303641092500274,0.3243243243243243,False,1
0.21899607050736128,-0.93701840134075531,-0.272097843892875,0.96625792744806438,0.16951367213033161,0.19393486691325701,-0.13559623426226519,-0.30538767249138754,0.94252428655403186,7.2753117501455984,-15.383738627653015,3.3517841384749927,0.2908628588787282,0.2476163688238354,0.1875,True,5
0.94022056325313585,-0.20584663367730591,-0.27131615477091814,0.28640095151470935,0.90898618226507466,0.30285081380546686,0.18428181518376907,-0.36245176762554981,0.91360217202986638,0.88723125484078424,-7.8007333002170212,0.80776520932329043,,0.2169584869326101,0.2926829268292683,False,3
-0.8958969277438652,-0.36708011417008901,-0.25024165248810565,0.34945378173680541,-0.93008373834561342,0.11325322995347065,-0.27431870021737254,0.014015328962347931,0.96153669782548001,-2.3865118372887073,-9.1455959770400099,0.43887947534483601,,0.7518876121671946,0.7684210526315789,False,1
-0.96686745779881667,0.12183391268452334,-0.22432970549981368,-0.13639159561255987,-0.98936572571842241,0.050525176099833535,-0.21578844198870586,0.079447835046898937,0.97320264580941584,-5.5582178331984178,-9.4042749498286522,-0.11028705636271975,0.1453097072928484,0.1718272134752902,0.32,True,5
0.9633936366991841,0.15960015454158033,-0.21540773300377067,-0.10159880144875168,0.96090536412866734,0.25756273941106128,0.24809349913227716,-0.22624913670345087,0.94194529768413082,12.74035625609843,-18.714733857358379,4.9530279761613532,0.4832071359419879,0.3681116163835449,0.7,True,5
-0.97322283193832393,0.073453314221682942,-0.21781168477333387,-0.082970999156140493,-0.99594188288816488,0.034865157510146211,-0.21436681807821648,0.052003620441526149,0.97536787458271001,-6.1605566875477686,-13.863220606168847,0.63874575902541408,0.6038731538723022,0.7001536944411196,0.4363636363636363,True,5
0.088039588965217228,0.98735836349854589,-0.13180475258620111,-0.97649598699634166,0.11167971995134247,0.18434540279494643,0.19673489307918149,0.11247711847777656,0.97398371632387171,-12.227135986603473,-6.3069894865359855,-1.9533419372694956,,0.08101315281977899,0.293103448275862,False,3
0.53553434744174144,-0.80261065014695321,-0.26271487773027857,0.84450868003080604,0.50791424110954786,0.16978873057638308,-0.002837615684974662,-0.31279269164863688,0.94981718240323842,-8.1484740790756724,-10.027518008432111,-0.4172402918763205,0.2187890696521386,0.1958797904560495,0.7435897435897436,True,3
0.97079356208138323,0.10266817314984307,-0.21683889421276575,-0.047106235422647962,0.96778599224256956,0.24732827538187557,0.23524638659424144,-0.22989023346184298,0.94435672187643871,7.8647189476022099,-6.2125472171914016,1.3942978809684887,,0.07687130428834879,0.3055555555555556,False,5
-0.74506857854958186,0.63927950455648763,-0.19024859608448347,-0.66356613937265529,-0.73930827193128668,0.11446946200644292,-0.067474379850246305,0.21153012576932417,0.97503959609640378,-12.092013150486876,12.02348387471009,-5.429908134425145,,0.1524950354932374,0.2368421052631579,False,3
0.68840313758595584,-0.62766055921356645,-0.36351525768463083,0.72370932024185208,0.62784447497141871,0.28645442053307335,0.048434904324120037,-0.46027550190682065,0.88645390313740313,15.912283410058123,9.0191408329028651,0.031430695026416183,0.329935393779807,0.2277602344944852,0.6,True,5
0.51414690963957321,0.84859257294830304,-0.12467397661523126,-0.81476199011805495,0.52863568636662595,0.23813275826427613,0.26798480323880791,-0.020855604442567427,0.96319737800535565,-9.9479263039101227,12.719169660923217,-5.1037179843199727,,0.07828052957696433,0.3529411764705883,False,1
-0.27463411677449473,0.93816180943829752,-0.21078074204004688,-0.95555595340131738,-0.24184850690396159,0.16858861061063343,0.107186388234666,0.24771297709200468,0.96288595334931693,-12.11766082073696,-1.8477614127583022,-2.7813398011255792,,0.06900323405629155,0.2164948453608248,False,1
-0.97002902766937105,-0.052248864209356739,-0.2373051656994562,0.049082911188525445,-0.99860949090022444,0.019234149662861355,-0.23798015318104471,0.0070100551229079072,0.97124471984103977,-11.65901368575609,-3.6735889642996962,-2.2965402459631101,,0.07300051482974351,0.3625,False,2
0.57223439666330234,0.81130262603245551,-0.11973238604583394,-0.77389685400221975,0.58252397388883981,0.24849442490772711,0.27135116480467569,-0.049536540428217396,0.96120480467044589,14.257950151840978,-12.858172739514313,3.9705453236434574,0.2899749382311049,0.2343777182105869,0.5769230769230769,True,5
0.3825998164827617,-0.8486612456794479,-0.36522797060078205,0.92082767246431074,0.31797796292862335,0.22575742006792132,-0.075457127240028676,-0.42268676957479012,0.90312906983172181,-7.3095744995131113,-15.631624526287464,0.74463992403316581,,0.3222887811679318,0.2592592592592592,False,1
-0.95553787053172046,-0.10919096696753645,-0.27390639041906129,0.15176979897870577,-0.97854090810955929,-0.13936864523300005,-0.25281081087973301,-0.17474273629771542,0.95160478667013781,-5.6867604483661509,2.8961250245981889,-2.4107153805114514,,0.42291496315758,0.254148118170781,False,1
-0.95405707252497973,0.23383415084200576,-0.18734111205249274,-0.23848298532985568,-0.97114383843628527,0.002347504078559437,-0.18138624003277187,0.046917320546224328,0.98229211386406712,15.939825593240259,-10.463227449350928,3.786395861642649,,0.6703903528341939,0.7857142857142857,False,5
-0.9708715460233881,0.094505918207519218,-0.2201750951990516,-0.1199132641716656,-0.98721405612718272,0.10502007646451908,-0.20743493003314092,0.12836291835522751,0.96979055006402093,4.2465401723062399,-5.651493346271641,0.73338718829185989,,0.1007245803142578,0.4375,False,5
-0.67549808653303456,-0.69219174835590369,-0.25411201978302067,0.68129098831953272,-0.71771460442236301,0.14397338585115449,-0.28203709742656813,-0.075870482447709622,0.95639884230813876,7.2902060931736994,0.42131528509174376,-0.090409897485070431,,0.1175256093254522,0.4444444444444444,False,1
0.50475703574712394,-0.81754813430992501,-0.27719196047168848,0.86295681785634437,0.46932965199109483,0.1871769437649059,-0.022931754817925809,-0.3336835714389898,0.94240618035573787,-1.7189740969719531,-16.151873833769063,1.9165071614052269,0.5091116066599931,0.4805257289980672,0.8876404494382022,True,5
-0.96198057135838166,0.17264960430850268,-0.21162583599626963,-0.19827091447382816,-0.97435853698225983,0.10636769191584076,-0.18783510002849418,0.14428290107254155,0.97154537704390209,1.0851171607426948,-11.779957247637338,1.5353457623706388,,0.1172578945519536,0.1176470588235294,False,5
0.5314131388765595,-0.79938270114425003,-0.28033439485850686,0.8465831060878235,0.48945650953182551,0.20911568512097567,-0.029951966814474734,-0.3484531853610251,0.93684751016144552,12.952640616033465,-10.299678743753041,3.1506270315054428,0.1830407550716076,0.195386390155829,0.6046511627906976,True,5
-0.96513135673017747,-0.12147714654077156,-0.23187230779995879,0.10962174730591651,-0.99194959340976629,0.063396187991052344,-0.23770682946386873,0.035767401394439062,0.97067819395705202,-16.6130190061048,5.4516839775180914,-5.0872540119068388,,0.1672753596044275,0.5392156862745098,False,3
-0.84897049026438409,-0.46025353288018528,-0.25964551244255707,0.44692023731693725,-0.88753944156469555,0.11196446375345817,-0.28197767311761107,-0.020986308354143113,0.95919141297492905,-6.3589234938777546,-4.825870367692751,-1.0676157478806128,,0.07661260548742382,0.2467532467532468,False,3
-0.93361300876596554,0.29624460923546553,-0.20150901062207432,-0.31525860844146747,-0.94648121814420572,0.069175960447326351,-0.17023148846940833,0.12811102684463593,0.9770408410779472,-10.998080802189039,-8.1656480685242894,-1.3721846255790464,,0.3465043671809155,0.6712328767123288,False,4
-0.036635411858424886,-0.96295242915052026,-0.26717122934754034,0.98189262702410507,-0.084409657194099291,0.16959327453668802,-0.18586208756404679,-0.25612034078824553,0.94860827291398209,1.3452900380428203,10.400343296858654,-2.7693557269343763,,0.08947722815180256,0.375,False,4
0.65543409152748999,0.75508636079169167,-0.015834753231174892,-0.69780168218331617,0.61346404298253576,0.36977652752663281,0.28892726421310133,-0.23131462494593708,0.92898578045116076,12.044237420335135,2.6855177604340108,0.25610576290989562,,0.6221340009463252,0.3898305084745763,False,2
0.15247335109585849,0.98343308133143714,-0.098036991735536635,-0.96689810096648865,0.16897010983496208,0.19119927910365839,0.20459701745870318,0.065638986321510606,0.9766430176485611,-13.864911789883894,-4.254071942838058,-2.7472335193608592,,0.1331151361999889,0.1764705882352941,False,2
0.82486975372626847,-0.47551272957902191,-0.3057409579952825,0.56232743036620647,0.74575037832349,0.35727333274134865,0.058118417436335362,-0.46663049325850908,0.88254078223956101,-4.803637351124598,-10.36101940972512,0.23523798032270046,0.5713537193883109,0.3643451953828046,0.6435643564356436,True,4
-0.61538123856348637,0.78778577269433447,-0.026448205316426138,-0.788074743345198,-0.61424875544202495,0.040455720724316538,0.015624664011422096,0.045738854142992127,0.99883123053707934,23.927957620980465,-4.449916421974657,4.2426455527887521,,0.6025201624356158,0.3333333333333333,False,2
-0.15104261795879981,0.9691851792971794,-0.19459243508123766,-0.97912463992448251,-0.11959253179321885,0.1643549994129774,0.1360186275952816,0.21535485731689824,0.96701665878986476,-8.0202433392312908,-10.818883901522614,-0.29619404178304753,,0.1092673756655278,0.2888888888888889,False,4
0.69764500749563962,0.70278350684439561,-0.13923643928189494,-0.65891984426625771,0.70569634674286708,0.26041755898153385,0.28127581187961809,-0.089933356999853997,0.95540353199587702,-9.5639924648460504,-12.02910765225317,-0.35915446290336855,,0.2234749533046086,0.1509433962264151,False,5
0.94760197133649793,-0.20503200287119658,-0.24497424705019374,0.26667380322066236,0.92992237711482317,0.25323794189841398,0.17588515171841862,-0.30529698711212788,0.9358729417315399,-9.3979949120837443,-3.2563319286598809,-1.9520327510346964,0.1865689828648927,0.1054131476524155,0.3666666666666666,True,4
-0.60479266468205217,0.79476875658674706,-0.050679939821777736,-0.79620575632916635,-0.60209005828938023,0.059531128809984624,0.016799593301120519,0.07635564984103628,0.99693910967634847,-16.900018195949407,11.688998295634104,-6.2926020627855221,,0.8293909361922723,0.7027027027027027,False,2
-0.0087149346039219582,-0.87896138728786177,-0.47681330683176909,0.98378610152146218,-0.092956381321011083,0.15337541401706542,-0.17913390624907616,-0.46774564757857462,0.86552010537205148,-15.080697766357332,11.580764488197294,-5.9004409854267656,,0.4364740744614852,0.1052631578947368,False,1
-0.31967466583293169,0.92993067320405542,-0.18176097232039715,-0.94289668302844865,-0.29326294570168937,0.15793254829932202,0.093562562804537619,0.22186885250665722,0.97057728137888466,-8.1817257402828574,-8.9485821735984405,-0.69181853685078654,,0.07675442036089784,0.3076923076923077,False,5
0.15544841449899527,0.98422869150264292,-0.084437392503233316,-0.96522014289000191,0.16952103154142339,0.19902938382192997,0.21020434388745149,0.050561869903398948,0.97634913382596822,-5.796697032161469,-4.1121881536672955,-1.0473010485066403,,0.07434351198160973,0.2432432432432433,False,4
-0.84628824097495947,-0.4584805284481337,-0.27127811968794607,0.46170737171732495,-0.88527405986437901,0.055822413358063289,-0.26574897194417824,-0.078009255637766992,0.96088086667674488,18.161879414005856,5.6670757500626623,0.95186846153545701,0.2721903913649193,0.2956101922755506,0.4482758620689655,True,5
-0.60482222238814942,-0.75402381164083554,-0.25619947459759984,0.74742402217878878,-0.64851486894488086,0.1441727985005698,-0.27485889175273559,-0.104290729386797,0.95581171440217683,-8.0665463628144387,-3.949259309645059,-1.6016214107451947,0.3374737735152686,0.2698908116796935,0.8719376391982183,True,4
-0.97278695491720069,-0.01207170493305392,-0.23138672019571685,-0.017465741587923116,-0.99198011062148117,0.12518150023936997,-0.23104217843005542,0.12581627109163893,0.96477446987101134,5.9674713418955427,-4.907282971126012,0.85472723143681795,,0.07882838855812635,0.2549019607843137,False,5
0.69327418033733101,-0.64532450267204022,-0.32082268798931157,0.71992191778372105,0.64047327774135432,0.26740683011818606,0.032914178893181018,-0.41635353577258261,0.90860684021058147,12.114292527328463,-7.2923671822713594,2.2781060166554652,,0.1082326403005799,0.3095238095238095,False,5
-0.78906646578498385,-0.53304311697574625,-0.30535086051684251,0.5545172141904432,-0.83194694248074086,0.019363472400832443,-0.26435728047486379,-0.15404324179180412,0.95204301789268253,18.904715201452923,3.4967388431888349,1.5412312379766662,,0.2233006888478483,0.6111111111111112,False,9
0.82371883514310706,0.52946073718895748,-0.20287584480614629,-0.47766399233189816,0.84077567341532378,0.25482028455866806,0.30549041074972277,-0.11299378198969078,0.94546708783099964,-6.6772465827650125,-8.8704262812157495,-0.45374755101926467,,0.102164317771494,0.16,False,2
-0.31413256113274557,0.93952330073665891,-0.13644303356740328,-0.94452760883251041,-0.29477206180492177,0.14483448392014758,0.095855778069566008,0.1743714396114488,0.98000319941238412,-7.9838076872019608,3.5435977616207124,-2.898162370185811,0.2033159559322289,0.1404347442411798,0.5382830626450116,True,5
-0.95905424518442728,0.16963614164269708,-0.22680064868140384,-0.18628866080538248,-0.98101022181427588,0.053995180814965169,-0.21333422052981535,0.09403469649274393,0.97244330745110885,16.271643339862035,-1.0567516859255208,1.7511773524589203,,0.1598298900372258,0.3214285714285715,False,4
