axis_00,axis_01,axis_02,axis_10,axis_11,axis_12,axis_20,axis_21,axis_22,location_x,location_y,location_z,dbh,dbh_approximation,score,reconstructed,number_clusters
-0.99139400044510984,-0.033369246377845559,-0.12658763477375765,0.021257092577859411,-0.99516844987354847,0.095853494414199519,-0.12917457914224428,0.092337694212338325,0.98731336379640444,-16.719915222315826,1.390911924909904,-3.4565942876288811,0.3264414829485327,0.2163882179199257,0.5770925110132159,True,2
0.48584163833531763,-0.79237485991963796,-0.36891731299437347,0.87194983597609665,0.41016714820458883,0.26733199223993565,-0.060509387708954865,-0.4515584036434811,0.89018740841355348,3.0943928456933598,13.981853841231992,-2.2206184078941917,,0.5798039249300636,0.4,False,1
0.55571149208743864,-0.76092040945321104,-0.33494009619558823,0.83045524402339099,0.48910746854512999,0.26667953031199143,-0.039100194833304042,-0.42634963901817952,0.9037129854511694,-1.6580549932137834,23.96964426676514,-4.2298676577303649,,0.3630379928763729,0.2727272727272727,False,2
-0.54645885192809762,-0.76668697345019599,-0.33700713329424392,0.8148335387916773,-0.57968974714446453,-0.0024700436877206633,-0.19346582956599273,-0.27595449225799129,0.94149885342095707,-21.14992664638687,10.2355567768507,-5.1042721761917802,,0.433636902361178,0.15,False,3
-0.68072535052353522,-0.70751855896171867,-0.18981697995527957,0.70842724846608007,-0.70176862259959705,0.075177350082606467,-0.18639697096623831,-0.083296392835447042,0.97893711756946578,19.857925353775144,-8.818576856278014,3.3036201104731138,,0.1227562512787102,0.2142857142857143,False,5
-0.8987709768817449,-0.40506735159149504,-0.16772349802482583,0.40800962077571179,-0.91279799504569092,0.018109930839852934,-0.16043341444191545,-0.052156120592089683,0.98566772221438292,-2.3825958294243419,-5.6106387793039429,-0.68366893792171513,0.11043643080233,0.2377074283625322,0.25,True,5
0.2351659743087888,-0.92489052243238878,-0.298788363297737,0.96480305024486568,0.18490748969134105,0.18698741801054089,-0.11769468452568366,-0.33224500262726153,0.93582114715559317,1.4612401568230415,11.774566252416692,-2.2356146738871989,0.5121661483369968,0.2445678352250504,0.4375,True,5
-0.6807740309395347,0.72577745826251772,0.098963629058038266,-0.73231512675903854,-0.67734931524073472,-0.070088945368019129,0.016163969754698831,-0.12018729642065897,0.99261963503693706,3.0587836896072007,15.372481556223555,-2.4385141205490051,,0.3524437906625112,0.5,False,1
0.11888952647589349,-0.98183330503551314,-0.1478804977587605,0.98544195238774657,0.098450049185709335,0.13860644389622487,-0.12152958063189274,-0.16220650091279443,0.97924440876272767,-2.819167012800516,5.298058421100559,-2.144723176332445,,0.06947434508483875,0.2957746478873239,False,5
0.19190314774368569,-0.96090121698285513,-0.19960469204638759,0.97502259679832393,0.16349497731526852,0.15033405510839098,-0.11182181190947514,-0.22346866356057155,0.96827560063637585,4.0402053087911831,2.4170766629308593,-0.76976290195546848,0.1519906571323091,0.1395848834329131,0.4671532846715328,True,4
-0.65589695250501834,-0.72536645196537797,-0.20890834846359724,0.73159895867337188,-0.67902446759496382,0.060734965838572158,-0.18590898677220091,-0.11300125119012587,0.97604741988634891,-8.72458820695668,14.336503595213665,-4.0232319148724507,,0.07203068352819524,0.2916666666666667,False,1
0.70480522719201222,-0.67578134013206526,-0.2157989157806991,0.70938141748330519,0.67363771965707686,0.20734084784380841,0.0052532135109722572,-0.29921865413861271,0.95417011101966764,4.7496805802170128,0.57066683871177792,-0.48339052786556813,,0.1196844359521525,0.3863636363636364,False,5
-0.99200968627719954,-0.006839035902270342,-0.12597622759925631,0.01259135063878046,-0.99891112573118568,-0.044922386173780054,-0.12553182951468309,-0.046149653068927772,0.9910156251544745,6.697779431788069,-0.42638861322823179,0.01791578299954855,,0.5869307626656382,0.6581196581196581,False,2
-0.51724451987993425,-0.84408786359912136,-0.14132864245738647,0.83616739478250857,-0.53361918342542125,0.12678586270960696,-0.18243408277185752,-0.052595110086947588,0.98181034820281543,-17.166220702327287,4.5488632190945708,-3.9623284266698406,,0.07487123992693998,0.16,False,2
0.94382133072217111,0.3241511606126678,-0.064244227346052299,-0.29715054641015287,0.91756038559434294,0.26416754447908314,0.1445781741549477,-0.23023675610427896,0.96233475864514084,-1.7281397770180345,-8.2927043518644581,-0.1218689235703059,,0.2255895180316401,0.2954545454545455,False,4
0.68455650930558776,-0.69141138791082679,-0.23093868934107331,0.728881790797411,0.64459124680619273,0.23072377334119026,-0.01066398665170494,-0.32627046634358736,0.945216304440751,-8.3604978523033591,-13.151027652830491,-0.24135454377143575,,0.6263527224143305,0.6511627906976745,False,5
-0.99728062730891398,0.013491368025819159,-0.072452283491483943,-0.0076676176755740011,-0.99676015403783169,-0.080064992110526312,-0.073297735527911606,-0.079291729147933976,0.99415303834732138,-5.8541920162740482,10.534211262507057,-3.155277754314453,0.7530841597995022,0.444986834511291,0.3289473684210527,True,4
0.10639468028524139,-0.90789240699977369,-0.40547694055169031,0.98646363289976902,0.045204280064574241,0.15762637479189195,-0.12477849563603387,-0.41675886358420899,0.90041233701610712,5.1956204008090268,3.713186411445204,-0.75316370939787591,,0.2563697364162109,0.2608695652173913,False,1
0.92818517022384184,-0.34610517344501301,-0.13668759523502325,0.36584915663054146,0.91589719603260578,0.16518692712297245,0.068019735145452537,-0.20333109750897982,0.97674448061738994,-10.734533987739209,-5.6227494278560934,-1.7282677775991131,0.483730952664305,0.430626848644294,0.9185185185185185,True,5
-0.90937917232381049,0.40667969083664579,-0.087413671726281755,-0.41068537624131074,-0.91116681266327104,0.033355078212876352,-0.066083603754585024,0.066231930079563878,0.99561352378959855,4.8563806076781102,15.527330503470072,-2.2038165766378026,0.3576823980854542,0.299030784741885,0.3888888888888889,True,4
0.10982897609387667,0.97282078198318189,0.2038561310135219,-0.98234531143231973,0.074989378733177403,0.17138927091318071,0.15144399993763455,-0.21908062264573663,0.96388194072928202,-14.789535007990066,6.9112726883131472,-3.9875674836793169,,0.5711560583760052,0.4166666666666667,False,2
-0.92649404870813379,0.36731362984402938,-0.08178921101963231,-0.36841975963302565,-0.92965803417791992,-0.0016793452261588959,-0.076652843524256151,0.02857685810666509,0.99664823521661727,11.833946177235488,-2.6670016775177459,1.1845977782354973,,0.5116901470556151,0.1395348837209302,False,3
-0.65731286874181938,-0.71045020563118,-0.2513966943000906,0.73032668424483926,-0.6828032519443723,0.020066225707087854,-0.18591053457600942,-0.17041192579395201,0.96767610732148324,-8.2708894650433749,21.47941871731593,-4.8460434281260119,,0.1553189658801514,0.1363636363636364,False,1
0.63030450289395423,-0.75948981976884045,-0.16090819525151567,0.77578236832606773,0.6082579100811023,0.16788100493554195,-0.029630231622497699,-0.23064589415652842,0.97258651074479407,-4.1380192863756715,2.8688980442528296,-2.0634427913095945,0.5869561554466397,0.5389942525213941,0.9780439121756487,True,5
-0.53188895584252749,-0.77789194300937681,-0.33463153415935376,0.82444860692645383,-0.56591389928928382,0.0050944212848875181,-0.19333554559308458,-0.2731768357535006,0.94233528174314363,-6.9576959003205054,-9.008627874946928,-0.76882988612679337,,0.2235435250448096,0.1967213114754098,False,3
-0.67838887563470174,-0.71006771352160669,-0.18865941701723599,0.71080666123242342,-0.69927474137637025,0.075952132429746994,-0.18585592205442517,-0.082575288599002941,0.9791010662592966,2.1430935021355846,3.4893195863605011,-1.2194267789319713,,0.06757047459958844,0.225,False,2
-0.17641837427247103,-0.97029231706425367,-0.16555777440259006,0.9714522430062652,-0.19873508265985609,0.12955657636058124,-0.1586098886487009,-0.13797531071268046,0.97765316797757329,2.4335892550025218,11.16483181673928,-2.0258280796015602,,0.1046483360888054,0.2,False,1
0.75821338771607416,0.64919295209742278,-0.060505947105623598,-0.62857326179100947,0.75246430745899062,0.19670566987678165,0.17322850010759228,-0.11111245181029814,0.97859384312552233,-10.670561627090219,-12.794955894133027,-0.54048884794119545,1.176829812498397,0.6342238731165463,0.6363636363636364,True,3
-0.96367301161460306,0.25421115844708331,-0.081920776403986678,-0.25250051356250774,-0.96710708406508072,-0.030779515944949459,-0.087050659597213184,-0.0089763507132631509,0.99616344431602288,2.2331210172755642,-3.3339089802436472,-0.29259545210625038,0.63037471419292,0.5244970611913223,0.2446808510638298,True,1
-0.72317560994995267,-0.6479945991833661,-0.23899798451598731,0.67493215827430908,-0.73647938609945884,-0.045438921397283311,-0.14657291325718511,-0.19416774520953345,0.96995632263496745,17.780817581416073,-7.6061168602135485,2.8219750974154731,0.6500981637750918,0.3686650149195843,0.3947368421052632,True,3
0.67215037538187505,0.73802763786491221,0.059406048694909064,-0.71670105795120953,0.62838245011433636,0.30244849135004775,0.18588562721636359,-0.24586724494295892,0.95131268858274853,-23.337050542506411,0.21939270384074772,-3.9178522088444812,1.089533810549218,0.2763665351808923,0.3529411764705883,True,1
0.9868937650078583,-0.07469464853454813,-0.14304337128617589,0.12145122269842068,0.92747323319912844,0.35361419966428581,0.10625580969374365,-0.36635244120853783,0.92438930744944914,8.7684237324023169,-2.2694352501927137,0.61417379018725937,0.5568628027735565,0.2785603103367457,0.293103448275862,True,2
0.5577433199254056,0.82646495790642649,-0.076668523080298479,-0.80101521048985758,0.56015887641400253,0.2111792265789649,0.21747878435027707,-0.056371149778319501,0.97443587363673889,-4.3593065909470132,11.287325923161392,-3.0431797721140286,,0.215262364126752,0.2150537634408602,False,4
-0.39722370956690067,-0.8959252566808068,-0.19882469413868259,0.90056950328012841,-0.42223243656394743,0.10341343856121792,-0.17660094654246161,-0.13797718635594114,0.97456369813655808,-4.2666213941424882,5.3583335974726465,-2.3404206776369487,,0.06831341455491849,0.211864406779661,False,5
-0.93171705718086273,-0.33296115361033563,-0.14505238896587744,0.32851086328229795,-0.94293584745076442,0.054337834865116619,-0.15486748549567458,0.0029762020737660183,0.9879307689091702,2.6596561413998385,-12.774355007717467,1.2565527625944723,,0.4410672087213485,0.4137931034482759,False,5
0.85223493126751115,0.5231546821490235,-0.0021909981777062104,-0.49220148413183251,0.80321644839406847,0.33553097628630357,0.17729444702494782,-0.28487280595868175,0.94202662567431994,-1.6229794793530417,5.0333373290191865,-1.9597964399442738,,0.2812834112094595,0.1866666666666667,False,1
0.85990446289260902,0.51038293447195138,-0.0085775810793569662,-0.48067576466894973,0.81528000510482335,0.32290760681067776,0.1717996622735139,-0.27354665685414387,0.94639162219803485,0.70493869813587373,23.91964992697072,-3.9052961386591933,,0.3572135300221508,0.1428571428571428,False,3
-0.87667360904545877,-0.4587674938904085,-0.14483014103674682,0.44825777572118491,-0.88825811889478923,0.10031191715337712,-0.17466639547636489,0.023019573562602494,0.98435854723992211,10.996320677663984,10.878333133220307,-0.72621293687392463,,0.1085971268748287,0.3809523809523809,False,5
-0.76183993509744241,-0.63228009973406807,-0.14078987453293978,0.62924028659435816,-0.77396854362717538,0.070917946968864248,-0.15380694073212106,-0.034562536884687328,0.98749625620896408,3.3207564515040353,7.4064540322953256,-1.438757429352576,,0.9300875239478457,0.7282608695652174,True,2
0.85565117324581652,-0.48343885766199807,-0.18479161405626407,0.51753502183563727,0.80219683774232098,0.29772090066000728,0.0043093963200593333,-0.35038136996518782,0.9365972051445991,0.74744670071798625,-13.384564451870013,1.0738191176081424,,0.4107297748294587,0.4,False,4
0.93635335555579235,0.33816509872200756,-0.094269610934508363,-0.31196178508032696,0.92466543292876036,0.2183430369765989,0.16100384526123743,-0.17503771922932362,0.97130816873847636,-12.459481765043167,-4.3581850877977111,-2.1053044332336013,0.8821867208662975,0.4974675879029611,0.8079470198675497,True,4
0.57528059735322468,-0.75611825335781857,-0.31198945695013292,0.81462390521356964,0.495228541650306,0.3018883644486885,-0.073757219060305634,-0.42782458844020776,0.90084737562056383,-5.3080104222238464,-13.118973740170613,0.14337164188366319,,0.3143014492805473,0.2105263157894737,False,5
-0.93472287363085105,-0.30772331382200524,-0.17776251472593346,0.31777882910403876,-0.94767573122051763,-0.030451998767290794,-0.15909043115332266,-0.084953343583761901,0.98360213711103195,4.4274578178129929,21.683830815235339,-3.0604644939779106,0.5580991157271185,0.3853420092883491,0.32,True,4
0.82671635400721211,0.56248978411798922,-0.012054575061764466,-0.5489718250595319,0.81116847619166577,0.20158283290919699,0.12316657544897637,-0.16003420258116247,0.97939728848735508,5.1278977862146347,-4.7084116672275353,0.40678744362760821,0.2591266326408315,0.2236542830462334,0.7225806451612903,True,5
0.52085578159603985,-0.81381631549994482,-0.25770576129390815,0.85228327921399916,0.47871943297329478,0.21081014317617455,-0.048191978069079211,-0.32943999320031159,0.94294582247866621,6.5325334754370878,9.2864409367906831,-1.1977756331165796,,0.1791572230662265,0.1176470588235294,False,4
-0.73850438948354724,-0.64993856815048179,-0.17941885169634653,0.64947829031662374,-0.75718976565673601,0.069581672817582624,-0.18107793107093217,-0.065142278246922217,0.98130895566272724,9.7017011668280393,4.1520223523462851,-0.050922103783805357,0.3763171795423228,0.1226888823346711,0.1818181818181818,True,5
-0.64457139523166385,-0.74956104923304767,-0.15061855769379318,0.74078984497443146,-0.6610311999031141,0.11944939655522124,-0.18909818093219058,-0.034583033807078292,0.98134901627343318,15.72188061112192,-4.5592834568685348,2.061916952772509,0.2334212481979087,0.1233911247901981,0.2352941176470588,True,3
0.22648467759704125,-0.94816221265175005,-0.22291951308286595,0.96797988425618087,0.19366977356245391,0.15970899312079631,-0.10825726067638619,-0.25195324428870847,0.96166518508430976,-22.762664392389322,8.1014831771904365,-5.0119333970821289,,0.1302090951051346,0.2888888888888889,False,2
0.99178125876926215,-0.019987962926018805,-0.12637411163733922,0.059197789839225481,0.94732714604063906,0.31474894765931954,0.11342643621400375,-0.31964317560768651,0.94072455259508625,-2.8633026698451083,11.401320119136658,-2.8514220393597749,,0.0954411696759964,0.25,False,2
-0.84509325743149399,-0.5104498837621626,-0.15892860790626112,0.50425498697768201,-0.85981906898226679,0.080237626601280893,-0.17760713485658469,-0.012332265877104467,0.98402419729718649,-5.0805891528019638,-8.327759234695252,-0.63212987606696369,0.2763219982114344,0.175650842227524,0.4545454545454545,True,8
-0.45074769104334966,-0.87191680526696536,-0.19127886373600686,0.87378671701397914,-0.47479363646762368,0.10520349775450688,-0.18254668495763379,-0.11971669667552151,0.97588145814339566,3.9308076243113139,-4.9625276844497153,0.20294118968936445,0.2189479483827177,0.1865204830310511,0.7171717171717171,True,4
0.51236955913036941,0.85874915703247445,-0.005226870245581744,-0.84238379280299858,0.50376974980470213,0.19132586026081624,0.16693406033336741,-0.093626515890110867,0.98151265657804621,-3.3668836083578033,9.5217071335894019,-2.6736814066112182,0.3274442413685028,0.2949769169545531,0.6318681318681318,True,3
-0.40268306680986593,0.91305875656148627,0.064575961247144403,-0.91211966644748488,-0.40617891146606377,0.055284771501485225,0.076707638370171832,-0.036638762897170329,0.99638021822446632,3.6003144586349678,11.192229046549185,-1.8637537090161347,,0.229848576782798,0.2666666666666667,False,1
-0.24805777871699244,-0.94964169536036924,-0.19143664448343209,0.95453121180228462,-0.27332581749638901,0.11900908866634299,-0.16534057007659805,-0.15321112206042686,0.97426323340446941,-20.59924609813449,1.1408586406215124,-3.788735583335574,,0.1108895482291486,0.3823529411764706,False,1
0.99015785410948343,0.089871581870289305,-0.10728710415253614,-0.045768380060463604,0.93236222522518486,0.35861669838392174,0.13225989313448808,-0.35017678356121157,0.92729905689738557,-6.1114516446822673,-12.526964763582816,-0.065386040321010308,,0.2525838850166899,0.2380952380952381,False,2
0.61356832335550404,-0.77304311900656153,-0.16105355858013312,0.78896641894796782,0.59172454951592957,0.16551147172504732,-0.032648159934930199,-0.22861844557423341,0.97296850102975385,0.16440206525973944,-9.4190996355351597,0.31547304712027702,,0.07910749166060993,0.2608695652173913,False,5
0.3568402867569796,-0.91976840983882568,-0.16337405549766476,0.93028305007789236,0.33395274191688162,0.1518190136444354,-0.085079118971515322,-0.20615925501600466,0.97481275385905597,4.1617498141633948,3.9851064694313663,-0.9227554323369338,,0.08444452729442249,0.2592592592592592,False,1
0.4133432393918397,0.90505186180572073,-0.10014236811190384,-0.89419833824722517,0.42421109776887211,0.1430184477808043,0.17192061634650629,0.030431430655295993,0.98464066019198637,-10.351684939442537,7.3897349711362503,-3.4223782423435094,,0.08130457107266184,0.3925233644859813,True,4
-0.74824298566585101,-0.61094580359795481,-0.25860715277791529,0.63764463962417095,-0.76988788435229616,-0.026114346365632063,-0.18314406340477407,-0.18443934123063976,0.96562952598084606,17.838794417065646,-4.3422535823865278,2.3522452474268318,,0.6235035121523321,0.48,False,3
-0.1505725570998793,-0.97626372770179504,-0.15568249427022937,0.97621410466395642,-0.17167980993028492,0.13240870332969881,-0.1559933553185984,-0.13204232971323138,0.97889268883792835,-13.485807105880932,-2.2338498362673587,-2.5508678384733363,,0.1155332451011738,0.6041666666666666,False,1
-0.26154100434782485,-0.95240423400607666,-0.15659654559417896,0.95034887319918038,-0.28245133568601505,0.13060728225575513,-0.1686218320792997,-0.11466219087600198,0.97898889663250843,-5.0530807494617758,-4.8296499876886658,-1.1742004613866681,,0.07323063850214939,0.163265306122449,False,5
0.56394816372638734,-0.79184801720678688,-0.23439109683457635,0.82421361398979998,0.52206894455824737,0.2193534491219831,-0.051326281216434885,-0.31689230784845135,0.94707173861486005,1.509358876828728,25.748387698509934,-4.0235310445373518,,0.2498720019456016,0.3076923076923077,False,5
0.16586673354729053,-0.94911212013641744,-0.26772076892259655,0.97607360130920429,0.11929991665765684,0.18179068929061198,-0.14060068111368396,-0.29146820288949238,0.94619117263623709,-11.615922873560899,-6.1125242946502549,-1.7407995894467438,,0.355378229559444,0.6067961165048543,False,4
-0.2157937960592273,0.97633294679388205,-0.014388001498573638,-0.97494938839439693,-0.21462760458137975,0.058383914060720785,0.053914076563912103,0.026626459705210631,0.99819051487770971,-4.3808820966711224,-1.5192250152038485,-1.5564920653187435,0.5062259791691146,0.205240014626267,0.2874015748031496,True,5
0.75350038595410285,-0.63929543927200794,-0.15342265052146131,0.65744515210997301,0.73331268812009354,0.1732581121020853,0.0017436553886610306,-0.23141703214779766,0.97285308083892763,1.150312344372695,8.9004358075613741,-1.9352310530634915,,0.08009641912762325,0.3636363636363636,False,5
-0.78695943622791575,0.61535529574224546,-0.045085537967452669,-0.61685669470129101,-0.78626795210375122,0.035644434302862002,-0.013515322195162258,0.055862039853075696,0.99834701811014304,-1.8894411919373935,10.573033414771515,-2.5905670457290983,,0.1139697285184285,0.1739130434782609,False,1
0.68166792198803228,-0.70382357055350042,-0.199903040661815,0.7311408355842175,0.64495761446521371,0.2224022348910922,-0.027602946830539987,-0.29776174548901047,0.95424107030121474,7.3557100782524145,-7.0870811777633786,1.0937551337091447,0.651914981728756,0.5436721823470823,0.6818181818181818,True,4
0.79564355253261054,-0.54930066793316779,-0.25538228897373283,0.60554831557513333,0.73249945378850123,0.31105592375594882,0.016204160496805314,-0.40213595512926176,0.91543656185170519,10.432333777765185,-6.7444458126352895,1.5013521495128301,,0.3212040608542772,0.25,False,1
-0.43805296819958617,0.89467849866746763,0.087521317824064609,-0.89608871888374497,-0.44234527285067365,0.036819389945439179,0.07165615773137389,-0.062298022511085377,0.99548196942505562,-23.807919975299139,8.1638555978645453,-5.133206405028055,,0.2738176746497678,0.25,False,2
-0.065900180333588965,-0.90096260643841775,-0.42886308774676818,0.9869769882125482,-0.12206325284126329,0.10477111741647066,-0.14674328254092764,-0.4163735631683424,0.89727335016906129,-5.3141407333621471,-10.147796276300141,-0.39175285211356958,,0.2804612302386086,0.1428571428571428,False,1
-0.98329862024420434,0.13763436178353772,-0.11908234916343402,-0.13933474776504379,-0.99022696005523347,0.0060328803255396135,-0.11708822097502106,0.022524431984157461,0.99286605263383643,-5.2696287906487607,3.5316770445062882,-2.2872804992762763,0.5104232870412748,0.502034403165545,0.5975308641975309,True,4
-0.43810187035008263,-0.87551028132338105,-0.20383448798673154,0.88072731413561189,-0.46344748551507581,0.097651555569915033,-0.17996152180738584,-0.13674127199498695,0.97412302878125334,-2.6863222278210617,-7.3510463203734311,-0.41088016668542793,,0.06938246624029165,0.2258064516129032,False,4
-0.98198647798895233,0.16009079971448867,-0.10036679178706846,-0.16374509413701366,-0.98606921055446561,0.02924134303608214,-0.094287333151986966,0.045149173229072581,0.99452071419544508,-9.0763236037784267,-4.9799147967353523,-1.6584978246028439,0.4325652245803971,0.2348147269188316,0.1891891891891892,True,2
0.96674023534281373,0.23115906522983473,-0.10944772236730224,-0.20602922503752902,0.95741274509143193,0.20226911273578951,0.15154298334055696,-0.17299226022732139,0.97319494557960307,-19.338317316956253,2.8682171331149053,-3.9242722103523136,,0.07570792633929202,0.2619047619047619,False,2
0.61077275448107327,0.78930997073883225,0.062820478156933812,-0.78299218516710622,0.59026550023395286,0.19623933652761913,0.11781290400818432,-0.1690455835738523,0.97854162421602353,7.4702536100072292,-4.547955167319456,0.75393975080315245,0.3274925368252361,0.3601695961954426,0.4210526315789473,True,4
-0.9667508744678267,-0.21937000202679985,-0.13141365578376185,0.2058621533747686,-0.97249586541375221,0.10896130304405849,-0.15170207817823242,0.078285336838501626,0.98532120930815603,-12.797577430954886,-8.2556368365433492,-1.5060552368180271,,0.1040824737817219,0.35,False,1
-0.48337628440046482,-0.86076928521543394,-0.1594478137476707,0.85598761758140829,-0.50290101408085186,0.11989899325580461,-0.18339183794952749,-0.078529024355085547,0.97989827334643931,6.5732942365155393,-6.3851935733927938,0.8834425797062625,0.6347285896062608,0.3302420257303429,0.1904761904761905,True,3
-0.23500254813883692,-0.95525555670935891,-0.17961242647474801,0.95817499880640256,-0.25872137813116552,0.12232710313034204,-0.1633232195084475,-0.1433529555809841,0.97610217502861463,-4.7281429671723485,8.5574298696575291,-2.7713103485586128,,0.08056245044175064,0.4252873563218391,False,5
-0.58468098225728582,0.80550562458635433,-0.09648231830964718,-0.81019588591096248,-0.57366876367684905,0.12036102373454424,0.041602589337775525,0.14854237894023375,0.98803055935490691,8.1920693818380208,2.4251437909942859,-0.096427123569517909,1.005671286420561,0.9020113051102748,0.9163346613545816,True,3
-0.78687464305838317,0.611426278961265,-0.083583500209808537,-0.61696542429569556,-0.78239805605557977,0.084893740075942331,-0.01348930448073711,0.11836886109121215,0.99287806471318285,5.2429774024896938,6.4718108170703763,-1.0253103162124491,,0.0784063960036872,0.2083333333333333,False,1
-0.10255731145003756,0.99199117519155522,-0.073725885618406262,-0.98921476473657743,-0.093916555513486211,0.11240031062074959,0.10457603499511117,0.084458208260420733,0.99092414642198612,-7.7048590769588374,-9.7878684684563684,-0.76318239232405793,0.444755960472704,0.438719223392205,0.8175675675675675,True,6
-0.9557991727275178,-0.23930253696418999,-0.17082809258402357,0.25915123240618676,-0.9601105864127184,-0.10501571596947129,-0.1388833328940077,-0.14464424516975649,0.97968845159240525,4.8319656992013389,11.714230261003486,-1.7442460479230393,,0.3414132786412908,0.1818181818181818,False,4
-0.94482824393947717,-0.29367152143742664,-0.14510901746918331,0.27852010632053481,-0.95339949469380247,0.11599980126190323,-0.17241270205365569,0.069184109550027073,0.98259219371839512,-8.6016349624404036,-2.8455890156317349,-1.9388083567995493,,0.1172526532805773,0.15625,False,5
-0.3550813126883387,-0.91474380328890337,-0.19277197857593117,0.91852009841227722,-0.37974348832049054,0.11007139451686189,-0.17389102964853453,-0.1379806414782104,0.97505038453663251,6.7242262435707127,1.1874144232822963,-0.16658948661245918,,0.1198250068203069,0.2173913043478261,False,1
0.37801233751113489,-0.88980572787991208,-0.25564123165379005,0.92397353019657102,0.34525919693321505,0.16452660097721766,-0.058134225594335495,-0.29839881629311177,0.95266917565827425,-19.870322775576295,5.5104222191404473,-4.3399123037604053,0.3337687121701708,0.2880957159709985,0.2580645161290323,True,4
-0.56488242266363431,0.82440018454946906,0.03566769239052725,-0.82405912553375071,-0.56583730093177342,0.02747192200768328,0.042829968365783386,-0.013873881542218192,0.99898604055349005,27.5624541189535,-2.2158187992903495,3.5659269527461426,,0.3857724256657844,0.3333333333333333,False,2
0.60837370426814286,0.79348413338629087,0.016259336372262984,-0.77192792868639781,0.58683755172305696,0.24443600553440764,0.18441450287053548,-0.16125947399113205,0.9695290986758045,-3.6611758867190383,16.430682683896325,-3.5942800247977349,,0.338182317507253,0.5,False,2
0.40655338526533169,-0.85675977065041375,-0.31729645495080733,0.90519081879981789,0.33064135470820005,0.26703160134568715,-0.12387060381629929,-0.39577643935911233,0.90995444037512618,-5.4085467055723102,-18.631153928231313,1.0454349553987221,,0.3695522797057649,0.25,False,2
0.090962731674984573,-0.97168678000709641,-0.21806096167279948,0.98749567957000717,0.059699406308891867,0.14590498180986144,-0.12875583201080604,-0.22860617324518434,0.96496691822953107,-7.2346341355914738,7.250776787264261,-2.9877641425410544,,0.07793683878105778,0.2,False,4
-0.80528453238675257,-0.57428356075576359,-0.14736082839184259,0.56443828136570673,-0.81865374634390797,0.1059031166964014,-0.18145591317886622,0.0021060490890428274,0.9833968253607791,-1.318411699140243,-21.158850568143478,2.0589331056289586,,0.3624053905176405,0.56,False,1
0.83228493612047705,-0.47636871005613723,-0.28350421017400412,0.55363347416671949,0.74024584429934071,0.38147878876766572,0.028138254903642759,-0.47445647016033932,0.87982912916882305,1.7180825105373214,-9.7881583271917538,0.61759840403270727,,0.3463325918381002,0.1923076923076923,False,1
-0.45845364133732025,0.88722780055064399,0.051449865642384324,-0.88626448910355249,-0.46072011226053478,0.047667950581705268,0.065996318825911879,-0.02374464336872395,0.99753730647666605,6.9381820331308441,5.9919663404785242,-0.74943610280319284,,0.1197573036258361,0.4705882352941176,False,1
-0.59299498724900068,-0.73719036047456854,-0.3238939911775649,0.78266830179083469,-0.62221331129226454,-0.016760806143073459,-0.1891752480358036,-0.26344063406029528,0.94594490212511939,0.64203591320516096,14.908188742676561,-2.7555562207079514,,0.6729736324456108,0.5882352941176471,False,2
0.94633411351101981,-0.28775592818498941,-0.14713351555545695,0.31447868138310353,0.92485533681382748,0.21388259611881999,0.074531232116858415,-0.24867475095267944,0.96571526014543563,6.8641973851006686,-14.81370111945161,2.2103742770770571,,0.1159776339464633,0.4,False,3
-0.98795179240809561,-0.071235403818729615,-0.13739276953469368,0.074020715075982957,-0.99713987371340218,-0.015264533745244446,-0.13591243363751193,-0.025250534521115822,0.99039902104612687,-23.12053949023878,6.0174344696781112,-4.7954323337739071,,0.6998199005290439,0.5588235294117647,False,1
-0.33952770758383743,-0.91457826131382502,-0.21969874764104902,0.92489214481719473,-0.36712737094726694,0.098954605536060086,-0.17115915470203064,-0.16959981554686004,0.97053616435873091,7.4922369167684062,-10.031575398996045,1.5220070926874565,,0.8044894287994239,0.4166666666666667,False,2
0.47719240169945371,0.86680056347397227,0.14472109356107346,-0.86297504290229132,0.43109187495457224,0.26350307526847139,0.16601652655111621,-0.25063235726728733,0.95374102061437349,19.384099919585069,-6.5082901963924167,2.8980458108206673,,0.4317681601866445,0.4545454545454545,False,2
0.7462346129582148,0.66388405083202751,-0.04890674262268864,-0.63960689852252162,0.73542689429173491,0.2237192403768937,0.18449096938740536,-0.13566595078821986,0.97342582255209598,15.578457378418873,-3.6578810157310069,1.8996741573624174,,0.6138452436194046,0.59375,False,1
0.97417644103259216,-0.1822994097900214,-0.13321856825263545,0.20479584086161956,0.96185429990948801,0.18136970340001915,0.095073262817968268,-0.20396870087304703,0.97434995959424509,-21.829060364859451,2.6717853411000929,-4.1352486266884201,,0.2607705477549245,0.4666666666666667,False,1
0.91459643574376581,-0.37735983148129726,-0.14530284687233758,0.39977671064627385,0.89781358216142637,0.18468717690005632,0.060761347496944812,-0.22700292789053228,0.97199677436680876,3.3072011003443009,5.5703259359313773,-1.2283846531924398,,0.07148212273995841,0.4,False,3
-0.7924792957658684,-0.57221894256847516,-0.21104986981339408,0.58201860104223258,-0.81295970623692415,0.018731366101206709,-0.18229348266813339,-0.10799073016231987,0.97729580392823379,-12.09498713557146,-12.118063708570077,-0.80399788748061674,,0.2936703548539237,0.2272727272727273,False,1
-0.48289798693442437,-0.82690203115878913,-0.28817106912413859,0.85678338566816692,-0.51415281630961118,0.03961201236857545,-0.1809192202549896,-0.22777162322458822,0.95675928184468784,-17.641959395879695,7.1311667381183792,-4.3037650180121823,,0.362352988985327,0.2837837837837838,False,2
0.98281679707139979,0.16144903135089678,-0.089472642020742094,-0.11474513329861981,0.91407342687151827,0.38897728040547652,0.14458456964211866,-0.37202685462640439,0.9168922083092359,-10.660838498118485,-9.4339966825698447,-1.0901033363590051,,0.5829932921713463,0.1764705882352941,False,2
-0.96083298708468046,0.27415371280017553,-0.040493365972823936,-0.26843055069355265,-0.95700856320279715,-0.10990745839511434,-0.068884035772348723,-0.094733055025142315,0.99311662854939509,-13.495728235705643,2.7571863646862935,-3.2911543484067995,0.5767173858198974,0.3967144690767249,0.1764705882352941,True,2
0.70289993687470753,-0.65068473034176544,-0.28729960048979475,0.71019300585327649,0.61960880090951331,0.33423169848559053,-0.039466101639502787,-0.43896960661934081,0.89763473155055751,-2.2311826773585977,-12.105828035048678,0.33958686597147952,,0.3761631693957345,0.2888888888888889,False,2
0.97013760499502522,0.23676355859655746,-0.05268818363931535,-0.19061617724679461,0.87852371757153402,0.43802003451452914,0.14999500107114982,-0.41489648707236038,0.89741985974719796,-21.690725588986496,5.0526134151752284,-4.487904784026397,,0.5708054122219888,0.3783783783783784,False,1
0.58508322077457742,0.81051820973805611,0.02716351323122318,-0.79068581576835373,0.56268147874005647,0.24125814851655419,0.18025971682763595,-0.16263389919054116,0.97008074371327524,9.8639006072862507,-10.611063398818319,2.0160491855299489,0.924271172039919,0.5387708156316071,0.2352941176470588,True,3
-0.94675927892658851,-0.27760464645634236,-0.16304149175058391,0.27965067638042745,-0.96004180457549049,0.01073464798702381,-0.15950663612018157,-0.035431535858399213,0.98656081378713767,19.397322575927305,-5.2218846866312267,2.7343222523346644,,0.36151595811316,0.25,False,1
-0.86653709441026827,-0.46924702068474744,-0.17006086436772744,0.46720786804165648,-0.88247443672465797,0.054366134380403358,-0.17558551207596956,-0.032343501758254345,0.98393273440974338,-7.0907610969894934,9.5075849598832995,-3.2334961122666828,,0.07418168770412088,0.25,False,2
-0.57712872746433108,-0.73066658716807942,-0.36475850960814216,0.78943462847778323,-0.6135049075773984,-0.020117050941724057,-0.20908227876973695,-0.29956312652694606,0.93088481238542875,-10.592090047991633,8.5693760428017836,-3.5813414702557211,0.6724114394195407,0.4353365297940447,0.4615384615384616,True,4
-0.88994688490763796,0.45602597738780154,0.0059033880689185469,-0.45336753148153419,-0.88320506049577008,-0.12002792388858399,-0.049521949088580958,-0.10949488144275955,0.99275296398263402,9.6177594832577924,-7.3369184234279921,1.4750108091362959,,0.4232232102734451,0.3421052631578947,False,1
0.84542119337859956,-0.48696196196837233,-0.21938790618951193,0.53309906629935633,0.79449992899216437,0.29081823935613194,0.032686255476257128,-0.36281939091972387,0.93128604535641024,-19.268978622631277,7.0635763913441396,-4.502376976027632,,0.14573885165494,0.4375,False,1
0.92400190639522239,-0.34549874805780451,-0.16386302837578662,0.37941774995255401,0.88168508795761646,0.28048810437184429,0.047567299680927877,-0.32134408468751885,0.94576705971259389,6.8586084607527749,-8.4474130940215932,1.2245278020185109,,0.2060135446932148,0.3157894736842105,False,3
0.774351530219758,-0.56466181803537829,-0.28554638659822196,0.63268137294689275,0.69785296821440057,0.33573131382161281,0.0096947394165478179,-0.44063393651344285,0.89763452809053279,0.20012881466062757,1.6187144173290597,-1.2857828736695955,0.5834745483575317,0.3019261849384385,0.2110091743119266,True,1
0.10257030240570306,-0.95809750319456077,-0.26744813971451165,0.98393125007675331,0.058219289733160637,0.16878924558562824,-0.14614591402704985,-0.28046334640254972,0.94867364416741529,-1.5699153105915282,13.525250197961711,-2.9057509330210194,0.8530713972202474,0.7235766705115474,0.2857142857142857,True,2
0.4411922152652199,-0.88160822123144433,-0.16767937692661369,0.89472699249114251,0.41768068177885914,0.15813430044270138,-0.069376062854006409,-0.21979488694206906,0.97307613760537814,11.828514213665867,-14.445486897804436,2.900733477833858,,0.6162091322232088,0.2916666666666667,False,1
0.96250142148703766,0.26958931909522543,-0.030209479724171373,-0.23809607516249037,0.8928885614278198,0.38217832992410261,0.13000489462958756,-0.3606544272584648,0.92359466838609394,14.660506011437672,1.0055773959629262,1.1263344447415684,,0.4776868951269358,0.3939393939393939,False,3
0.99165741629873894,0.055137821850904725,-0.11651347261689429,-0.0073325839406077602,0.9265622684788416,0.37606993477822365,0.12869266456354003,-0.37207819505163353,0.91923664790665049,10.702801368357132,-11.811997770156561,2.3100070368752337,,0.3349940218976027,0.1904761904761905,False,2
0.060530462380067908,-0.98109569301479893,-0.1838132320369415,0.98950008412822055,0.034765158060891671,0.14028887088876893,-0.13124651094143275,-0.19037495878610861,0.97289862186812048,-12.546123665292118,5.3314171196817561,-3.4902225655057637,,0.09406339219619253,0.2391304347826087,True,3
0.099726822271181792,-0.93887223459782498,-0.32950491350051136,0.99013038851337665,0.060865574951270304,0.12624260583575364,-0.098470171432989168,-0.33884260193656091,0.93567586078236531,8.3616237739274482,-17.090185934725429,2.7783651005421417,,0.4324537096738522,0.75,False,2
0.20135008447912348,-0.92864844223070719,-0.31156093179782751,0.97659937410013054,0.16578235522194867,0.13700318683992879,-0.075576490970953661,-0.33185581423194077,0.94029777867065756,7.1996904257438512,-11.751646940572817,1.7893706956254987,,0.2786077484020706,0.2352941176470588,False,3
-0.74566393010732224,-0.62086070091817103,-0.24190347949605703,0.64026637219696347,-0.76815007596598883,-0.0021055705127353552,-0.1845109101669638,-0.15645271122240739,0.97029803317357921,14.651266293311084,-2.5450238708385031,1.6470692442442454,,0.6934483782253849,0.2391304347826087,False,1
-0.9847958476016474,0.13182288343124571,-0.11313649256727398,-0.13957310478473245,-0.98817180523600801,0.063528196553650204,-0.10342382204938423,0.078353115703725246,0.99154641963561951,15.703663113193521,-5.5330210389294514,2.1918597626005756,,0.06719748837467861,0.28,False,3
-0.014731601203793011,0.99936205451275939,0.032534042570965482,-0.99046336574553973,-0.019042660223038209,0.13645401499277157,0.1369864994880518,-0.030213591174617249,0.99011203298735018,16.398534959156216,-6.1351998797703837,2.3889434930036235,,0.6673688171586694,0.3114754098360656,False,1
0.33910238681596416,-0.9021592620035318,-0.26668002781790323,0.93900175479899772,0.30731659067665279,0.15437686866652009,-0.057317324956051012,-0.30276257872484857,0.95134091953608357,-0.14554215564777082,-14.320667671787923,1.0263020775843172,,0.3064308496672363,0.4736842105263158,False,3
0.52378245882980023,-0.82353914321518706,-0.21779627043318517,0.8508363920597557,0.49328832419549828,0.18095320709823204,-0.041585691877702835,-0.28008910868649206,0.95907284469234166,9.0422883814947586,5.9224157133740389,-0.3647631148414161,,0.1485070059269576,0.35,False,3
-0.70827901000462323,0.69996168941992432,-0.091621380317455745,-0.70587571177441844,-0.70058389546138089,0.10450686555013669,0.0089623386361027263,0.13869332631587589,0.99029482363668297,-11.795365841180839,-8.7939336998404531,-1.3482944588336001,,0.2965372629118943,0.4,False,1
-0.34232308666404709,0.93888990434914532,0.036064551127805627,-0.93793999729168231,-0.34374136852354098,0.045939449779467595,0.055528963769155879,-0.01810025073898458,0.99829300062952886,-2.9756034123203206,8.6711158378394995,-2.5242326063051341,0.5744107810816834,0.3116489629121799,0.3983050847457627,True,2
0.92600910174140283,-0.30825166421974826,-0.21791754173961433,0.37176754168755777,0.84488383522619681,0.38465595006585196,0.065544171668202991,-0.43720957958309753,0.89696808476171597,10.236294253816038,18.058226371813781,-1.7634562884380087,,0.1580844978807454,0.4166666666666667,False,1
-0.94522864751835056,-0.29548940124918821,-0.13866801238940279,0.2956837111781625,-0.95508326572908298,0.019674818123185861,-0.13825319835193853,-0.022404670800249535,0.99014346630768291,-5.1419705827588436,4.8403242665389223,-2.4469253561350293,0.6462028166982171,0.2414823173828893,0.2673267326732673,True,3
-0.19570221131324636,-0.92871025032704679,-0.31495700567629825,0.96744049285465417,-0.23539844698630782,0.09298636427766642,-0.16049777964897186,-0.28650452368838575,0.94453989891049173,8.4003758022083659,-27.092309856124935,4.440553480935991,,0.1384649822645982,0.6666666666666666,False,1
-0.7422334804468359,-0.64808556897288372,-0.17051262649103244,0.63812695140284825,-0.76121780834491326,0.11550516071533019,-0.20465447563413763,-0.023076905071104395,0.9785622116428041,25.14116093691047,-13.348132909655062,4.8013053585779053,,0.1135545367986849,0.4615384615384616,False,2
-0.86202889033381647,0.50367814092686847,0.056696759892453125,-0.50496489984567916,-0.86307921312648839,-0.010233366640772457,0.043779471829752614,-0.037451331370391278,0.99833899834920437,-8.8353151092729671,-6.1463952186624837,-1.4662736492384048,,0.2994936385065515,0.1851851851851852,False,2
-0.95828481480911076,0.25003185952154194,-0.13847123502903902,-0.24792266351690431,-0.96823255229034966,-0.03255883290288536,-0.14221310284552302,0.0031295222501323064,0.98983111664037604,11.750629313549279,-8.6673143344190091,2.0162254006793932,,0.5775434509041901,0.2,False,2
0.6271782787529615,-0.71991043235297503,-0.29728164432037302,0.77834452707305557,0.56520784983640948,0.27334938020548688,-0.028761151504999527,-0.4028263346315073,0.91482443140279734,-8.9906160520416307,8.3413791223878153,-3.3239663332006821,,0.2708703486563261,0.2894736842105263,False,2
0.33011177677703823,-0.8927394934310785,-0.30666335239400155,0.93991729300360582,0.2809065914869055,0.19402826900217943,-0.087072941525367972,-0.35228920467086344,0.93183186204727408,20.157002868048377,-9.8031401693272322,3.5152192640763458,,0.1807591407943471,0.1176470588235294,False,2
