axis_00,axis_01,axis_02,axis_10,axis_11,axis_12,axis_20,axis_21,axis_22,location_x,location_y,location_z,dbh,dbh_approximation,score,reconstructed,number_clusters
0.81499140065438469,0.55866912259263524,-0.15387601606806361,-0.54226657039333381,0.82890026808472861,0.13737289471695696,0.20429386553016077,-0.028515908378301646,0.97849417958212948,-4.4199568823764741,8.8633081277265333,-2.7149883046068002,0.2807858294527409,0.1931985980529845,0.635036496350365,True,7
0.1528661584200563,-0.95854524787204709,-0.2404640209923527,0.98822195069982466,0.14653900626731811,0.044087365505560666,-0.0070223760172903327,-0.2443712900978823,0.96965630963293836,-6.4938294002807577,3.3331652812614001,-2.9126819666611818,,0.07948451109445882,0.4571428571428571,False,5
0.63287288959320542,-0.69724700675853857,-0.33662815863234719,0.76692658009828507,0.62421223230290435,0.14893861078368256,0.10628041379621603,-0.35242829144335597,0.92978426155405614,-9.8619685687372911,17.824378168043573,-4.5968125295252724,,0.4701425628716481,0.4324324324324325,False,5
-0.80813604075675127,-0.54043703886515049,-0.23418784480128468,0.55323097157076406,-0.8329255612239308,0.013057624388411765,-0.2021178659220195,-0.11900763203453812,0.97210367337679604,-1.938757066524984,-9.7004424590251777,-1.0299290411040742,,0.06784199315811737,0.2857142857142857,False,5
-0.077903163474441747,-0.96559287825089291,-0.24811588137769777,0.99541241226423072,-0.089200549478617108,0.034603344968638414,-0.055544816418638107,-0.24428191796338547,0.9681121411929251,-15.684325512293173,-6.3844192598857994,-4.6250206988875426,,0.1065059057116541,0.5064935064935064,False,2
-0.66396478489204491,-0.63480933292504449,-0.39518081336841315,0.72558060936973856,-0.67471757623937834,-0.13523672437728296,-0.18078590578333079,-0.37652795798574956,0.90859405298801188,6.2394194405631502,-0.4771373986150178,0.40980726913537041,,0.3802638959256769,0.2348484848484849,False,2
0.33392549200261107,-0.90921491541646415,-0.2486403092321261,0.94193701429981058,0.33176007886407888,0.051864353500834147,0.035333084818248615,-0.25152234027285381,0.96720633034575099,10.962205328112789,0.97093175246081243,1.3991750340286417,,0.0784670664204004,0.3846153846153846,False,4
0.29090235573068413,0.95623483629418682,-0.031476297237255951,-0.95095768076662546,0.29259934824319839,0.10032502578427846,0.10514422866376986,0.00074784028047364393,0.99445670187978286,-27.249750420637159,-14.597792439390053,-6.8318345159873841,,0.2493378807206933,0.2,False,1
0.89391566134396283,-0.38368653106775624,-0.23173138820879868,0.40708707385690762,0.91131978584193174,0.061452113321151573,0.18760305088832074,-0.14926785926718036,0.97083685626740934,-8.8146131352015669,9.5875664439832544,-3.865325608169802,,0.07831786128115736,0.6388888888888888,False,5
0.054450494973966396,-0.91863283047855504,-0.39134239019565364,0.99839986689105298,0.056077887885697598,0.0072784807621747022,0.015259403298172533,-0.39111250716032642,0.92021636442401211,-11.214588303648911,-11.577447875503166,-3.1818873496351516,,0.5168063756271563,0.5211267605633803,False,2
0.73410482546339129,0.65401099370108851,-0.18264644904700733,-0.65079502789261989,0.75440918904305498,0.085630643800257908,0.19379354195021686,0.056003532080728918,0.97944252893820916,1.4744683296974059,-13.047662395849677,-0.020345338893686567,0.2726687840824459,0.2573592855799352,0.7554347826086957,True,5
0.69700733201137788,0.71184541913992738,-0.08635321865386697,-0.6946126181677158,0.70016880625402877,0.16515735960289468,0.17802833989163741,-0.055133855282485489,0.98247960192419159,-1.6595202887091698,3.7100663260535423,-1.7119580669723673,,0.07959151833420346,0.3846153846153846,False,5
-0.67073234009814253,-0.7033185486452791,-0.23550190461643272,0.71948394124119419,-0.69410272536116879,0.023754261559458374,-0.18016932658615062,-0.15350708706015997,0.97158354657733714,-9.1764074032699323,8.318535554089344,-3.9422299764338669,,0.07699196927906941,0.3877551020408163,False,5
0.95175768245249104,-0.141939832847847,-0.27204852093659548,0.22634291631567793,0.92336895691984333,0.31009458819927088,0.20718638499278377,-0.35671116221375337,0.91095057419474523,-8.6761084319057691,12.358088787083648,-3.9931140464184338,,0.2553383109752905,0.1666666666666667,False,3
0.85982509756539227,0.47937569514566891,-0.17578323156737438,-0.46506649727356653,0.87739050270032592,0.11789426994117999,0.21074618551793078,-0.019617560370108755,0.97734395000673424,7.4673437557759907,16.834657367449683,-0.36008259237661194,,0.4415063932179395,0.2058823529411765,False,1
-0.79873704469854001,-0.49289705155351043,-0.34506757308692276,0.56692712749989249,-0.80862182093740598,-0.1572398893684242,-0.20152609143970246,-0.32122149254638888,0.92531291312469344,12.439314742570614,-10.866734430642527,2.4014503015233788,,0.3020909429677168,0.2608695652173913,False,1
0.37534070160867405,-0.87428990069485335,-0.30779299416798195,0.92642506330694929,0.36434695265236494,0.094804536651203364,0.029256790538649255,-0.32073114540985626,0.94671831743737722,1.6187870291713804,-16.425228273760567,0.23449689364512935,0.3534420509479042,0.1973930775887132,0.6818181818181818,True,5
0.21647492338387603,0.97628793109474676,0.00069508609836549384,-0.97322323064186989,0.21573889864195706,0.079330138987379381,0.077299100156124595,-0.01784945969755064,0.99684815589113607,-7.1272913611916744,-1.618765114655865,-2.7857872547516966,0.55944036883506,0.4174942960195792,0.2940580688723835,True,5
-0.95337225397330494,-0.13344763511203162,-0.27068999618912221,0.17650873570738837,-0.97408216965848893,-0.14145173371999137,-0.24479789944531841,-0.1826353072010396,0.95221758699928583,1.6294271716471886,10.469548745426849,-1.3171169327603054,0.9883770815877927,0.520198811159906,0.1290322580645161,True,3
-0.96775317847779097,0.097587346018185528,-0.2322294026243458,-0.076902063598124862,-0.99235400663075224,-0.096538065747369117,-0.23987467177775046,-0.075566099681142418,0.96785841238194392,9.1865224058066417,4.3780157018080725,0.8112970075164061,,0.1122986453474257,0.2727272727272727,False,2
0.79100847680506714,-0.47979132508746114,-0.37961279482302224,0.58635576820061841,0.77161961131878731,0.24655646113234578,0.17462102599741572,-0.41761640269398159,0.89168606441984255,-24.27218784856526,5.8867115939231542,-7.4807512969133585,,0.4192497389493653,0.3055555555555556,False,2
0.96511137065287367,-0.070683326793851753,-0.25211884013275415,0.15972509945269761,0.92190170327028875,0.35296620534006651,0.20747996250567799,-0.38092140504399807,0.90102771785220281,13.494123818241388,-1.7938927264311748,2.1517025627420425,,0.3455342839764126,0.1764705882352941,False,1
-0.032975359934802384,0.99781508726423684,-0.057251002305931109,-0.99915621838264634,-0.031508063511814732,0.02634564861651446,0.024484217456549974,0.058071452208455637,0.99801213897123575,-5.7896119517489364,9.5717547239456167,-3.1655652576635238,,0.1220287033959206,0.2857142857142857,False,5
-0.21758772676753782,0.95565098707501162,-0.19846100892288437,-0.97602332731638342,-0.21425399091499725,0.038388695096995551,-0.0058348688407793975,0.20205548317120769,0.97935669499220679,-7.4972924337128504,1.5924511473125142,-3.0552622102171991,0.4202769971644809,0.3617929884962828,0.9287054409005628,True,5
0.9761935952017724,0.0051540229693160869,-0.21683980431246955,0.021067696698228819,0.99273755865926994,0.11844108992686564,0.21587546605130881,-0.12018974862468181,0.96899546308672968,-1.1105368761936862,2.3320579744919936,-1.528688399653602,0.4254497067632557,0.3511488591588481,0.7690397350993378,True,5
0.93269463621848037,0.30766280722873873,-0.18821347618438256,-0.29472403446297263,0.95095157396358743,0.093961947010716515,0.20789049780869176,-0.032166768944178498,0.97762305614001699,-4.1170719246314107,-11.005927773230106,-1.4682077637785855,0.3648579137546731,0.2903113397777586,0.8255813953488372,True,7
-0.53703277127865312,-0.78069707702183455,-0.31954323103820209,0.83160848062594628,-0.55351151400937815,-0.045302746164570355,-0.14150313609166157,-0.2900639201772775,0.94648813235434437,-3.0506263974134384,14.828233126776492,-2.7654347318212325,,0.2025817161027294,0.4444444444444444,False,5
0.60800179475077498,-0.75431104046063013,-0.24768664037254401,0.78729645730494091,0.61308765460176451,0.065481417898486577,0.10246026495634901,-0.23481563409217227,0.96662480419807428,16.113812120882113,-4.4002841313410075,2.830377177223462,0.2364579398493215,0.2439747749068791,0.5384615384615384,True,5
-0.96865238629054184,-0.075519238315139417,-0.23666304987880873,0.10065029828579956,-0.99028359538384647,-0.09595789789600874,-0.22711686856906499,-0.11677005334392226,0.96684160163567556,-8.4208430185685863,23.923967418899771,-4.5831831160050243,0.6603208178853135,0.3828810119858339,0.7692307692307693,True,5
-0.054027275864791162,-0.96268202995543928,-0.26518741045438687,0.99721923697015558,-0.065670416738749723,0.035230523442300363,-0.051330759582235916,-0.26254657789853719,0.96355303307834428,6.7608934666429814,7.6310917401126348,0.035067107795440138,0.1979426321890289,0.1028780319741955,0.2592592592592592,True,5
-0.94149474443810077,-0.19742562665675278,-0.27314971743463967,0.24486239740019089,-0.95758918999763099,-0.15187280710881673,-0.23158163255074013,-0.209871544376243,0.94990730196491491,-15.690237163726232,27.70573982693417,-6.5363654465805219,,0.1484628147556284,0.1538461538461539,False,4
0.68940318785442112,-0.64411233454543004,-0.33142502178109545,0.71456480467233463,0.67976346813462629,0.16528389913471506,0.1188292240980787,-0.3507719029170136,0.92889110644048445,-12.764099727712919,14.740456018204414,-5.1950198881433094,,0.2101816855410245,0.53125,False,7
0.97995532370067229,0.0066246621370494082,-0.19910720077958194,0.022061450372912905,0.9896910080781911,0.14150972029022382,0.19799206034120237,-0.14306579738268624,0.96970682252993456,-19.887810543032373,2.3067885639485755,-6.2017847855597203,,0.132374609623473,0.3888888888888889,False,2
0.96953948918118249,-0.045876900404893527,-0.24060026792905173,0.086291803663754274,0.98329979943739887,0.16023491831316802,0.22923111381038147,-0.17611591193191786,0.95730678574093542,-23.199058078736396,0.29412638329244539,-6.9193892868338986,,0.2675344084685402,0.3333333333333333,False,4
0.46947964824959959,0.87223123640959543,-0.13711867163453878,-0.87147092294757744,0.4827107753111462,0.08676829983011744,0.14187068173632458,0.078758984439238039,0.98674704561694526,-3.1117900574339306,6.4277150940732444,-2.2343608986491272,,0.07308229381707676,0.1818181818181818,False,4
0.91482438957976131,-0.31839578153637305,-0.24843603307463336,0.35745626140348985,0.9246652961912567,0.13122161103635316,0.18793977070715506,-0.20884974579677679,0.95971893086838933,8.4102309750988571,-13.869031752246752,1.6358152711155776,0.6696753915984427,0.6461479696634063,0.8682634730538922,True,5
0.97616279911031012,0.002752370806092465,-0.2170221511460767,0.0080294508914863488,0.9987771111604119,0.048783297761053529,0.21689102690407927,-0.049363009197253886,0.97494696049143403,2.9578256895282822,-3.3231604158108894,-0.21165314001606012,0.1439917289209882,0.1257656163223942,0.5825688073394495,True,5
-0.49457613373464909,-0.76691234263833019,-0.40894976054409771,0.85484733886374908,-0.51419708131110242,-0.06955133937394703,-0.15694099266174211,-0.38398804705372253,0.90990257969862642,-15.915471181538123,7.8658239948345363,-5.625288330766292,,0.4890956612087374,0.3571428571428572,False,3
0.30029216520665752,0.94462302742064708,-0.13233273057769718,-0.94755837718916736,0.31133244964357859,0.072147263410060142,0.10935143956130401,0.10372772949207201,0.98857615832078927,11.340260631839845,-15.390428261369129,2.4136400684015524,0.1856883249795243,0.1277819117707051,0.4090909090909091,True,5
0.071757628648484131,-0.95330391523219271,-0.29336408766874839,0.99708238285859885,0.060884459438017707,0.046041333516276886,-0.026030069607338963,-0.29581198049083685,0.95489146381896417,-20.862431392802641,-2.3944508965462874,-6.1952930450775767,0.2574288804455369,0.2396638587954112,0.8412698412698413,True,4
0.34579696900964674,0.93808370972166766,0.020576923447796713,-0.93105098253304397,0.34031709156558004,0.13163717222957577,0.11648400812126872,-0.064677899959566437,0.99108437840015684,-13.97501851635557,-13.011602256925661,-3.8241734493167368,,0.122601178268549,0.3043478260869565,False,1
-0.22071956898503137,0.97338131596165511,-0.061738850036408166,-0.97530946856896306,-0.22074893503780496,0.0064302565579825027,-0.0073696938056158137,0.06163376847500926,0.99807162378096892,-13.563318899431401,-6.7038950904643331,-4.0850516031746142,,0.1232840635509853,0.3846153846153846,True,3
0.85870218308794022,-0.39727904548236337,-0.32372815877002187,0.48186753661882853,0.84096120526468277,0.2461461525043096,0.17445411406128569,-0.36736032891480708,0.91357109784991408,0.038838145106830729,13.291493796581149,-1.8399154464051375,,0.4872617545910117,0.3666666666666666,False,3
-0.6681598530071734,-0.69019143152339468,-0.27784563822583108,0.72212685458276138,-0.69150496167764852,-0.018806750532742451,-0.1791513793411583,-0.21320571246305908,0.96044162105423125,1.5438761459305952,6.6979330093138376,-1.1434859999894997,,0.1801594434857414,0.3648648648648649,False,1
0.80292507130996582,0.56042089225041103,-0.20307573314194785,-0.56163734075468019,0.82540251015341715,0.057220570623243192,0.19968682313036479,0.068111083985586185,0.97748966895124323,-7.6140952721907995,3.5791839210667442,-3.1798929023675049,,0.09033861557048577,0.375,False,5
-0.81437406913959054,-0.53239537040223284,-0.2309762868506065,0.54350705009217626,-0.83921010209005154,0.018069063343317177,-0.20345751893976538,-0.11082226366697931,0.97279158295217594,20.812672755166187,-12.043237009783699,4.3207244493809576,0.6803676303709736,0.4970243978115546,0.8518518518518519,True,5
-0.94594791844084092,-0.21903413202069028,-0.2391789802791692,0.23811481385314814,-0.96975336503491028,-0.053663268882438719,-0.22019053345028486,-0.10771471586283418,0.96949144862936676,-23.844795596308366,7.0978351771027226,-7.4039958812940814,,0.2951443132535247,0.2083333333333333,False,1
-0.58723670578451748,0.78723686749445587,-0.18817854775947501,-0.80387637778604926,-0.59438928500646426,0.022003343088840888,-0.094529469568644275,0.1641934600616633,0.98188832718188979,4.395834646850223,0.15201773440807531,-0.063475890953637037,,0.07351766426591119,0.3,False,5
-0.58537410393067557,-0.77100801569229205,-0.25076642156715118,0.79524932241654356,-0.60623548730889454,0.0075530870097462038,-0.15784699440720515,-0.19500044529585753,0.96801815721143902,-1.4472615285715031,-8.9032991645327773,-0.94192518134026015,0.6437064121019012,0.4652585822431276,0.8880208333333334,True,3
-0.94280484616505922,-0.20823327767620947,-0.26030352305703097,0.2504222909312579,-0.95784743788111781,-0.14077273155451442,-0.22001749533257586,-0.19790701809890823,0.95520946076490398,-20.338875903898117,-3.3183975497066101,-6.016970036428015,,0.1459357235853122,0.4,False,1
-0.67112537138932182,0.74127943122918005,-0.0097744930348082626,-0.73189433158868245,-0.66461171898153937,-0.15040595194591938,-0.1179890811299916,-0.0937873543125404,0.98857600057110095,10.348151792366927,-1.5320456742392414,1.450648257626493,0.8365959197841916,0.3831404336554006,0.4615384615384616,True,3
-0.70655046954738021,-0.66848670063247406,-0.23218950247564066,0.68278201632538493,-0.73020756350105409,0.024609599519208158,-0.18599772085974153,-0.1411468925742364,0.97235919420326267,6.6758394477665837,4.3017975428631079,0.21570864031218462,,0.07613925461999593,0.2424242424242424,False,1
0.81016125630876701,-0.53620002125285127,-0.23691406877735424,0.56761418244420025,0.81852456335943702,0.088496774322251656,0.14646801242729152,-0.20617244332277596,0.96749162526086707,10.93400588794556,-0.69717321727153936,1.4975139063805705,,0.07127703266496753,0.1818181818181818,False,3
-0.78873690002559771,-0.52848310235026585,-0.31400591247339771,0.58161006543522753,-0.80694593895845357,-0.10280069738524225,-0.19905736440142807,-0.26371170267680644,0.94383913012168497,-30.918295485428057,8.1322556340667393,-8.9342293552513201,,0.1983162690242664,0.1538461538461539,False,2
-0.087237117844145493,-0.95646019051968911,-0.27852035692438532,0.99468596174875923,-0.098977207151682595,0.028343428945679219,-0.054676528512631099,-0.27456769004289855,0.96001201076565401,4.5799080026008543,9.382215551003787,-0.58022495589903766,,0.4625027741264189,0.625,False,3
-0.053550720614089824,0.98507391082878837,-0.1635900685438729,-0.99809235952665776,-0.047761616117349102,0.039121220333329917,0.030723967455744704,0.16537296704823415,0.98575241292803473,18.862797037060258,-7.0828026825521118,3.5459830276096227,0.5259302431370333,0.5721091651202609,0.9767441860465116,True,5
0.70705619997718705,-0.65412880146629038,-0.26867646187579391,0.69466613913905895,0.71357858886050962,0.090799519015673666,0.13232718997792525,-0.25084080332377884,0.95894129443904319,-5.1121795985242127,11.042947327527184,-3.0102431484624828,,0.208430534273954,0.5733333333333334,False,5
-0.94971165704090288,0.23167276513907739,-0.21065492724699417,-0.22370267774075456,-0.9727310812021418,-0.061248311282258695,-0.219100160776387,-0.011044163894394499,0.97563986490489152,-16.883316949896216,-10.665265965504716,-4.6640851131418293,,0.1153108463360223,0.3214285714285715,False,2
-0.44861370851560295,0.88236009910917268,-0.1420788373823807,-0.89229458268482253,-0.4511924915429314,0.015352956933440999,-0.050558068032669504,0.13366372385704753,0.98973627329782699,-12.949387419142953,-2.0928240195625154,-4.2928052853015872,0.2135739758320864,0.1690808192060554,0.4976958525345622,True,4
0.97201260873676976,-0.068792992748201554,-0.22463083627473202,0.09795370519979521,0.98776364347539747,0.12135920346574389,0.21353351047170827,-0.13996609867019272,0.96685724444132659,-20.277843708335542,-7.0455375083583967,-5.7630272403021561,,0.08235084584142698,0.2142857142857143,False,2
0.80548145076269206,0.58193286378136444,-0.11204362779047056,-0.54490182393676401,0.80159413350383313,0.24602611122120188,0.23298419420127472,-0.13711669184843781,0.96276548446074017,-16.418426194214774,-3.247000600558577,-5.0502455894193981,,0.1690299917005573,0.2173913043478261,False,3
-0.84723236256775625,-0.41754591778774924,-0.32840939444029993,0.48542599265940056,-0.85963298049316583,-0.15935101034845148,-0.21577518269832138,-0.29442578926993268,0.93099652262738508,9.9304172048119757,6.3508622760899156,0.83502693919405591,,0.2574278314554562,0.2264150943396226,False,2
-0.84007569450942554,0.50791630628111784,-0.19050945726722146,-0.51775508229076928,-0.85552607490396837,0.0021931533205207104,-0.16187186987424429,0.10047965452346219,0.98168291050127809,-7.4903765076083157,10.023571716089357,-3.5349647641596049,0.2246867555627645,0.1959620640418724,0.8214285714285714,True,5
0.46651776094251846,-0.84291754557419174,-0.26805072297675181,0.88192334263386774,0.46644628847947583,0.068110775074335078,0.067619497503931703,-0.26817507588682021,0.96099413745891993,4.3218796814719029,6.6901879278759742,-0.51043249178911276,,0.07711028281108065,0.2923076923076923,False,4
-0.56011633180738718,0.8278306463249685,0.03108240415126165,-0.82359269213941444,-0.55242232305555294,-0.12854825725951474,-0.089245572983700922,-0.097601219229534492,0.99121603584068363,-8.923602952095651,10.904638750329344,-4.0010044766189452,,0.4993978825084618,0.2075471698113208,False,1
0.95787744908525707,-0.12801669525473092,-0.25706520237087388,0.20076609033957268,0.93856384362814538,0.28069714712430699,0.20533818325796968,-0.32048344289529163,0.92473055174266661,-18.667108914046135,-4.1683358842667015,-5.5448929251382415,,0.1270638765319308,0.2692307692307692,False,3
-0.23213268625614816,0.95804104284563563,-0.16814213093318608,-0.97245617182172928,-0.23232677952266073,0.01879524946514595,-0.021057299383652389,0.16787384471643285,0.98558356439359862,-14.831839777565483,-5.3867001941376715,-4.4815269256942498,,0.07269473308949138,0.4594594594594595,False,3
-0.95530678707818706,-0.18581237829914621,-0.22991890447104357,0.20201669904647837,-0.97816268027998499,-0.048857181804098475,-0.21581982269642075,-0.093121055504591099,0.97198265064402989,13.706563714355132,4.2724155447200394,1.8503664951363672,,0.1048932225339939,0.25,False,3
0.81681061729131832,-0.46007546015281625,-0.34806750271369735,0.55493395748376084,0.79151020352832036,0.25604667649076823,0.15769818740742325,-0.40229612063221659,0.90182543378010904,-12.197454862437986,10.323789085200021,-4.7812038367445817,,0.4315823038721215,0.3,False,1
0.90256190213535559,0.38013391931915763,-0.20218856593997453,-0.37201226300281148,0.92492024505372072,0.078290589889787765,0.21676920673687561,0.0045545222383971962,0.97621225526923405,-2.5273678589349928,-6.4350624719749945,-1.3798857911737981,,0.07807352628720078,0.2410714285714286,False,5
0.63632949707680941,0.77030915236618425,-0.041334984345778952,-0.75250862866697765,0.63163127604699598,0.18647438135301131,0.1697513915457538,-0.087554216918057676,0.98158989612166747,-8.4964746375898077,-0.57667382755265684,-3.189838551091785,,0.6028434147963706,0.2922705314009662,False,3
-0.70698432687358181,-0.65813713646133809,-0.2588989593752356,0.6825227788852497,-0.7308401191440127,-0.0059478191232870264,-0.1852992656700678,-0.18090945210252793,0.96588609695041072,-22.077017600452805,-12.361959610553038,-5.8042449863517307,,0.1686755630741336,0.75,False,3
0.92233994364263083,-0.26919853071165167,-0.27716633890860193,0.33231147641433489,0.91866611883648031,0.21359223943122108,0.19712460781098576,-0.28911020937456899,0.93678021746339157,8.5329072575483291,-10.937529699867266,1.5333921131266011,,0.1643981255586503,0.4,False,3
0.57040197058313424,-0.78336642025605852,-0.24693854209111582,0.81636137815062737,0.57383532539719839,0.065323193356569914,0.090530062514534701,-0.23885156675538061,0.96682689083393547,-9.1913149805938961,1.3106820022817363,-3.4694103770770282,,0.1222523286768924,0.5766666666666667,False,5
0.96320714999014678,0.18164770322176252,-0.19808103927967569,-0.16249706026928909,0.9806561223706397,0.10912504323398561,0.21407169736258225,-0.072922435307925998,0.97409220652721751,-19.610053203274802,-5.0153582382821256,-5.7454566265733957,,0.1867516984358213,0.3333333333333333,False,4
0.97498187494830812,-0.042528419784523597,-0.21817808559273946,0.060457294854166968,0.99526054210850168,0.076166717277349597,0.21390478961724474,-0.087451625671125965,0.97293214262161121,-15.866185527072851,-2.494143912779347,-4.9593478531740693,,0.09550082828865926,0.32,False,1
-0.90883283537992476,-0.33749345808050202,-0.24519592795997214,0.35718480019467747,-0.93320038057906418,-0.039447030268180645,-0.21550381863246823,-0.12343101490287947,0.96867068125079014,0.62398334918823339,2.310642917769564,-1.1562008171092992,0.5989893550965517,0.6520034666021121,0.5626535626535627,True,2
0.76069025487975395,-0.56823092178906953,-0.31378966785686274,0.62231520187072664,0.77588005922860126,0.10360464860236376,0.18459178110515198,-0.27408712704935118,0.94382314081307672,-20.624217735653481,-9.2783141750709213,-5.7206014588914114,,0.2967605480146284,0.5538461538461539,False,2
-0.70143180510860292,-0.66922361294971,-0.24522067337935674,0.69087590514393171,-0.72296643522827653,-0.0031649999798652809,-0.17516822335583981,-0.17163708633001304,0.96946212103542428,-5.6192996004391977,18.122071610553693,-3.5845744350789825,0.3643115911498784,0.2838662150674041,0.8085106382978723,True,5
-0.61097810264919028,-0.68263093349634651,-0.40089994601783552,0.77043398418675768,-0.62917123015859011,-0.10283500936376891,-0.18203635376845867,-0.37169688157776415,0.91033191426646753,0.44389252531547613,-4.0992343447021122,-0.8216651852960426,0.5756844304336369,0.3524369994419678,0.2323232323232323,True,4
-0.54303972356795116,0.83931546807034885,-0.025639884654493267,-0.82734679671396349,-0.54001660813814745,-0.15452941759456351,-0.1435448940031922,-0.062702535776657603,0.98765543354592555,-20.914123869299647,17.002103389119185,-7.2219674174783606,,0.5187403039022469,0.4285714285714285,False,2
-0.7750168206611886,0.61277385984641575,-0.15445751642813904,-0.61619655326790734,-0.78700588606284883,-0.030389850989788122,-0.14018108086676451,0.071623543554867664,0.98753194002810363,-3.6479862365782156,12.441212793686679,-2.7409136089250352,0.3030015544759347,0.1705627302243819,0.3243243243243243,True,4
-0.18789151434130819,0.9764316233391005,-0.10619822871356771,-0.98204598939120358,-0.18861275887040332,0.0033018043471599659,-0.016806354726170591,0.10491192560745549,0.99433949650315823,1.9704065169697613,-5.0306363654950967,-0.37844058376128459,0.504814217396117,0.2456603547684807,0.2318840579710145,True,5
-0.92813491014195559,-0.28638321538928135,-0.23780294892847703,0.30124546634251609,-0.95313851389092474,-0.027895202918755753,-0.21867043143475845,-0.097527571901975613,0.97091277421560407,-6.4267672999078913,7.7757318315157029,-3.1803889000003069,,0.0902728239123308,0.3780487804878049,False,5
0.90725046834165202,0.36801670419366433,-0.20361800786837669,-0.36096278838807272,0.92978447296710309,0.072157461349422816,0.21587601324130642,0.0080336332825853146,0.97638773427533387,0.73109754804669869,-2.851303332631451,-0.84359692522866858,,0.06768095555694774,0.2595419847328244,False,5
-0.45192327654555892,0.87981510607650848,-0.14727773503116137,-0.88824334655001214,-0.4590657102328955,-0.016805683502975739,-0.082396052247431129,0.12322358868313237,0.98895239408481594,-9.5025395470209908,-12.077532198360869,-2.7031739294861912,0.5734411428563011,0.5157680022846551,0.4,True,2
0.41235955448493289,0.91023916163398721,0.037739454856211108,-0.90169649822123399,0.40187671802035424,0.15949460369790755,0.130011626097637,-0.099798658012243968,0.9864771689899382,-26.474470676143355,-0.75569929136702041,-7.5457304808928418,,0.5094364848147432,0.1333333333333333,False,1
-0.081443068149453679,-0.9460555969407668,-0.31360139372689744,0.9945134782872479,-0.097864106316791169,0.036953459916699453,-0.065650347717302757,-0.30887120971671161,0.94883539544682471,7.0827334330046243,18.073086624456973,-0.5323108608643653,,0.1785517762499374,0.375,False,5
0.30594875567147273,0.94515671343792806,-0.11434223168319985,-0.9485573369835224,0.31289569946799711,0.048324524924338884,0.081451441717183867,0.093675334521152342,0.9922653850379668,12.779709241395397,-5.3162629007968762,2.1742966782185968,0.372991924525703,0.295830810146288,0.3333333333333333,True,5
-0.93047107376954918,-0.27535853383212983,-0.24166352377626812,0.2937122663548139,-0.9549356040795306,-0.042791315170039715,-0.21899014925530783,-0.11079562223789619,0.96941613594062692,12.292084073415056,2.5046177882521041,1.6394680067907736,,0.07064986840261467,0.44,False,2
-0.39855168118291151,0.90344906529702551,-0.15791245625410869,-0.9160175753487384,-0.4006545842698277,0.019690245193745334,-0.045479215895758769,0.15249816562012336,0.98725678037884568,11.784526889048145,10.58611625568758,1.0345125530091173,0.2308095498777808,0.1732368396497032,0.5476190476190477,True,5
-0.80949345968188113,-0.48351269568426702,-0.33307028063817673,0.55058750387205946,-0.82215044217282873,-0.14464456787227975,-0.20389639357329309,-0.30047316610166219,0.93174145402072217,1.4792590861617072,8.7647816279731252,-1.2719954340612818,,0.08211567933057178,0.4,False,5
-0.36729648245299229,-0.89395783302438936,-0.25677360992126524,0.92221460250827725,-0.38590908085972969,0.024380488725623092,-0.12088639666298369,-0.22784550485874872,0.96616401558819354,-10.181750182573591,2.7994503694644464,-3.8339087398316214,,0.07535592923968872,0.3880597014925373,False,4
0.74972688032932466,-0.61271184554659042,-0.24998759816948971,0.64686674224598562,0.75822417774763662,0.081605845715771827,0.13954577273326704,-0.22289075935491806,0.96480396283725101,8.6900645964243672,-1.2149598296688064,1.0123761378387404,,0.0938202966249487,0.4893617021276596,False,5
-0.075514193043497463,-0.85134552057435431,-0.51914199526427229,0.99538497808258897,-0.095275989498866509,0.011455620128739061,-0.059214458171222853,-0.51588108166804514,0.85461123180104215,-1.5063557565213423,17.896091463456038,-2.5735355653305545,,0.1793544762811518,0.1538461538461539,False,1
0.79755257994485462,-0.49689394182187496,-0.34206182599644952,0.58408295844906688,0.77786557780057086,0.23188842257078934,0.15085416756819053,-0.38473569298117194,0.91061598199987981,4.6234947863375027,3.8963257408951333,-0.24462552591172712,0.2430305217215756,0.2184155170306698,0.5268817204301075,True,5
0.9196585950916748,0.36022234729468994,-0.15642227777241946,-0.33086553670751906,0.9252646141907106,0.18550846435071999,0.21155629296537928,-0.11884971281421287,0.97011271544636879,10.930510801605067,-2.5010379188707699,1.6384191310997176,0.8036450340302868,0.5842428711162736,0.8714285714285714,True,5
-0.76039224779209724,-0.59600787740087458,-0.25802759459752583,0.61858098588801524,-0.78567916699821738,-0.0081123635764994914,-0.1978918729900043,-0.16577954222729191,0.96610348823685377,-12.341365794640893,12.131415019902255,-4.9494224629258365,0.5506520439279414,0.5677991459981084,0.6382978723404256,True,5
-0.97065425514296921,0.15848290264260539,-0.1808686997322117,-0.11615104617298282,-0.96753885311444299,-0.22444933100125058,-0.2105688757764739,-0.19685460950651334,0.95755365973415241,-5.5754018618850374,0.072619740009766065,-2.4790053730530666,,0.2560263491822925,0.3031423290203327,False,1
0.29089448020658348,-0.92576221963722671,-0.24154650499996275,0.95655222876789503,0.28661093015584821,0.053497741581976774,0.019703680481423985,-0.24661404543852519,0.96891345205231361,9.0740129255189359,10.145731971888324,0.40323710728865453,,0.09202054548012599,0.4102564102564102,False,5
0.74762315632888721,-0.5578362581609555,-0.36038635546010384,0.64956337236192618,0.72720981474460444,0.22188580537050981,0.13830054738371006,-0.39998074256156657,0.90602889808949472,-12.185270901101267,-10.179290603661142,-3.5375333566823972,,0.2926632215199392,0.25,False,1
0.35453935277519077,0.93044607621828379,-0.09258480752126183,-0.92753052060645558,0.36248808919734204,0.091046793098812293,0.11827502135813367,0.053595563622934772,0.99153342600371963,22.863840288484162,-8.1905558487466337,4.6311266439513163,,0.2185650255537113,0.4545454545454545,False,1
-0.28352814947050653,-0.92676719885020198,-0.24640281571682945,0.95377604583731612,-0.2992174091037032,0.027931997354333767,-0.099614471061014079,-0.22709359573668902,0.96876491262360298,-13.88240979027886,-4.2119473005828274,-4.3274778124809892,0.161378140998107,0.1141266244294104,0.5875,True,4
-0.33268650665635835,0.92384823708950481,-0.18927261586241825,-0.94240590596773821,-0.33304288697209133,0.030879505087044023,-0.034507922074717416,0.18864482570139199,0.9814389094845265,-9.499435660518607,7.258977650999956,-3.9486397985555248,0.2371218527459333,0.2228079062369635,0.7671232876712328,True,5
0.034383762611048058,-0.92522898210614235,-0.37784796881753713,0.99939748321459221,0.030039803345869587,0.01738622326095958,-0.0047357589724926416,-0.3782181128473,0.92570439758120471,-1.4449049159531935,11.285367147774766,-2.1134052319275427,,0.1860879651107494,0.2727272727272727,False,5
0.84155226678954953,0.53174846337570558,-0.095043958034939369,-0.4984761670198356,0.8322604705742126,0.24261908423041087,0.20811365446453622,-0.15679949240085625,0.96545462141327476,-22.974714610128164,-4.1860373778056621,-6.5972982812842185,,0.7386348079359881,0.4444444444444444,False,1
-0.83111943112811537,-0.49667744598500618,-0.25010399007430606,0.51064308943892522,-0.85972979203824085,0.010407684187756581,-0.22019111337551098,-0.11906384561105665,0.9681630411551343,8.3748450612744083,-18.613558578746229,1.9710183547871265,0.4173279763688153,0.3594265345553138,0.6774193548387096,True,5
0.9481341182113574,0.25328305950414309,-0.19206609709105932,-0.21567279620174179,0.95646049238809527,0.19664325942997379,0.23351004017406504,-0.14502075116666144,0.96147909122817821,7.5794451668408422,-11.925287182478648,1.3549798475826382,,0.2339576051562975,0.4,False,3
0.93889419150781483,-0.24142885944277775,-0.24533610207437057,0.28269193036232149,0.94749722884943688,0.14944655844368446,0.19637456469948159,-0.20966904194657987,0.95784963495753961,10.583899596947244,2.520843598850711,1.1884112833950649,,0.06971275548000525,0.25,False,5
0.63247167084859979,-0.72191603023625728,-0.2807433540832352,0.76715321269799142,0.6338943971949933,0.098253964052081436,0.10703052751963833,-0.2775160148400817,0.95474045042940769,-18.69464086102996,16.088471489513285,-6.6943843349031846,,0.2371598972943641,0.5238095238095238,False,2
-0.87618677118820254,0.44681241197760291,-0.18070808088613372,-0.4489216113687241,-0.89301951101126731,-0.031393308193068674,-0.17540276178242098,0.053617361516151915,0.98303562992556137,-25.141673849764963,-14.669250822136997,-6.321832565384212,,0.2403971983564824,0.5454545454545454,False,1
-0.28843634474415725,0.95545217847729724,-0.062574832589609108,-0.95746680049036115,-0.28834660160010739,0.010656608485851385,-0.0078613605299230685,0.062987077949821502,0.99798338013313748,-7.5490312000313615,14.44836266129921,-3.7934469513638733,,0.3618409406076278,0.2631578947368421,False,3
0.58016235370350711,0.81034298086983469,-0.082194261966377413,-0.79317997556856257,0.58502985092951487,0.16913190083022192,0.18514094550439458,-0.032929118973642424,0.98216012107057094,-18.824541074803978,10.775835547753237,-6.4698235195851206,,0.3276046197584527,0.3793103448275862,False,2
-0.51632298231664275,0.85395767113935006,-0.06455132712736833,-0.85191526515844951,-0.51986029544686341,-0.063132037888124298,-0.087469760041144734,0.022395738883918187,0.99591539397590756,17.495228761440462,-11.504628142649771,3.5590538863470633,,0.3119412280328232,0.1,False,2
-0.88539431166587468,0.43557404362738766,-0.16233350050990661,-0.43070832420929678,-0.90007899348437548,-0.065940465155882533,-0.1748349287943706,0.011535077210030692,0.98453018728083042,23.693216762844422,-14.872223088644844,5.2300654547947714,0.2474657435610088,0.2146910327615427,0.6153846153846154,True,4
0.74905101184905432,0.65118036778594113,-0.1220111071094488,-0.63186010826718031,0.75754523586286826,0.1639451713288845,0.19918680987578932,-0.045709345123692624,0.97889492313519932,31.244275012231778,-14.702032273667779,6.9761626013766618,0.3324899609400246,0.2998194446917147,0.2222222222222222,True,4
-0.81752562260663653,0.57424797036230568,-0.043487066081805942,-0.55382132409028362,-0.80465433242670525,-0.21404052487745812,-0.15790439311341453,-0.15089954884526777,0.97585630540248003,9.3373931015832756,-11.862157959846652,1.7834014979769459,,0.3852290832304891,0.2857142857142857,False,1
-0.97618245848675833,0.068036032356730461,-0.20600705338386482,-0.022357210684548993,-0.97604691935201171,-0.21640833245014932,-0.21579611412895111,-0.20664827491320015,0.95432097724101372,-10.8293793232152,-3.945387760591184,-3.6061693869043827,,0.6042714357970768,0.3791208791208791,False,1
0.70858576508339999,-0.56728085714041421,-0.41964108788726817,0.69396606424386442,0.66790930044011509,0.26890196738491345,0.12773924690185667,-0.4817567804480114,0.86694468640929645,-27.244318738382475,6.7790860672837931,-8.1239078558990094,,0.4962249194270125,0.2380952380952381,False,1
0.32436231324177445,0.93081396745277178,-0.16844716602921861,-0.9425066869709734,0.33316459987798153,0.026124593836918404,0.080437769508138829,0.1502887466944037,0.98536442895691168,-2.0046936426903024,-12.581992778282929,-0.90771786004679766,,0.6904593654298102,0.7102803738317757,False,3
-0.72766053225737504,0.6856264117037093,-0.020653652684446883,-0.67294535607308226,-0.7193870661877918,-0.17212436417135918,-0.13287098078431739,-0.11134932678744852,0.98485868523834208,-9.542836336317043,5.9317066387633668,-3.8884409716012063,,0.2179328583699427,0.5,False,1
0.57957090893314878,-0.69856739609817209,-0.41964408089120542,0.8094627783510453,0.55299648247984112,0.19739529079775531,0.094167786331693162,-0.45409083174354392,0.88596497929875651,14.111869106590635,0.46015054282302725,2.1222762684038914,,0.3722783812950528,0.4782608695652174,False,1
-0.86210308062131424,-0.3769428256200239,-0.33866264127717638,0.42487840310023084,-0.90190783689264353,-0.07772127334669407,-0.27614601384455822,-0.210894191397549,0.93769239043117758,11.375178057671569,-10.004684267042808,2.1083480102613485,,0.5211024134004094,0.1538461538461539,False,2
0.53573393895728683,-0.71948310896337353,-0.44196515990031299,0.83957704061463956,0.50967392966136316,0.18799701672183017,0.089997441752943552,-0.47178018328448579,0.8771111213170103,3.6885269460772623,15.195229805906219,-1.1171184606018594,,0.3894167912978821,0.2941176470588235,False,3
-0.4356699600420082,-0.80747582406465057,-0.39771155309860895,0.88450732296293111,-0.46596515730995003,-0.022875047498561542,-0.16684867857415892,-0.36174475217233787,0.91722530096690513,25.715163154182484,-11.138628253810202,5.4588334684937854,,0.4300244892348867,0.2105263157894737,False,3
0.18070784476081259,-0.93551463293931791,-0.30357379069728074,0.9835267531833003,0.17327928140536641,0.051472482049695623,0.0044497881543312801,-0.30787442601173332,0.95141659497473985,14.589029367107214,-1.9873281725265866,2.3872763069392957,,0.1057260039265778,0.1785714285714286,False,2
-0.086329838327558098,-0.92218974598689096,-0.37697908617186104,0.99475171316801769,-0.10064840788999234,0.018409973886553112,-0.054919833973087737,-0.3734112617287319,0.92603879046750792,-17.741437857179989,-8.4961806233791606,-4.9923309471900055,,0.6439058814449118,0.3478260869565217,False,3
0.43364315981561274,-0.82279573337889511,-0.36737010095898842,0.89927462694532168,0.42099999241315783,0.11859237631683518,0.057085508471798822,-0.38179338328683399,0.92248309317889865,22.976474547598759,-3.9279665170311722,4.4025797265218047,,0.2554045658405947,0.1538461538461539,False,4
0.10454696647411368,-0.94002685266469321,-0.32468361226026349,0.99406747008482532,0.088926489182425239,0.062625429665942201,-0.029996611812276648,-0.32930471571327458,0.94374710992340749,14.987095971022022,-5.7134081045923084,2.6500426902940313,,0.1343869051388858,0.3076923076923077,True,7
0.5510943391353903,0.83294905991134138,0.04990884656793157,-0.81671149201879678,0.52615372847871933,0.23694850244805038,0.17110630665571416,-0.17134210691116122,0.97023941077544651,9.8252406618856689,-13.036664445271001,1.9354215063677591,,0.4312201305548491,0.1612903225806452,False,3
0.55126166548020572,-0.70624289146136421,-0.44422016436929396,0.82981005804942365,0.51946102766315594,0.20390073148262836,0.086751620918590802,-0.48102101721175405,0.87240640602219743,-3.7337113050620183,4.9498504378527741,-2.3664985050723435,,0.1043215868989077,0.4,False,2
0.97504431761870336,-0.025928411155935607,-0.22049103422680774,0.059198063596442516,0.987563320472156,0.14565121806714398,0.21397235322795813,-0.15506903479721518,0.96445291564759716,-8.2663150243097139,-6.2977246067322961,-2.7797580283326133,,0.8436904158816289,0.427807486631016,False,1
0.7624450743569946,-0.53474060789088784,-0.36432127423641025,0.62480138950790032,0.75482226687026421,0.19966614411520328,0.16822821480879693,-0.37986290646668835,0.9096171942267397,-3.8200576093875669,-14.805492424736986,-1.1756779963392325,0.8143279407180493,0.3781931112035881,0.2777777777777778,True,4
0.445349372279364,-0.85773474423974883,-0.25681714338094402,0.89412380300212524,0.44109699144602027,0.077305038919112695,0.046974051511366709,-0.26405407147257043,0.9633633197415008,-3.9177794878878163,13.941857213974803,-2.8865169403929563,,0.0977245974809094,0.2,False,2
0.97536104051305061,-0.020239119416398544,-0.21968436151567086,0.052245162588584214,0.98864757583826834,0.14087730042560942,0.21433917895567209,-0.14888367551334755,0.9653457243548782,20.313277723298615,-1.0339263217120458,3.635182469373186,,0.390676098902913,0.2,False,1
