axis_00,axis_01,axis_02,axis_10,axis_11,axis_12,axis_20,axis_21,axis_22,location_x,location_y,location_z,dbh,dbh_approximation,score,reconstructed,number_clusters
0.56445932189075609,0.82365931065209808,0.054507007868143276,-0.80251564368387129,0.53211069671037681,0.26986449949754021,0.19327264569330177,-0.19607025889335467,0.96135432490013961,12.617775276459241,5.6348969474456228,-0.20043331397219566,,0.2889099788841046,0.2666666666666667,False,5
0.2556081707244876,-0.94867036944136474,-0.18624981396733348,0.95871424720628262,0.22389336415014596,0.17532470930596583,-0.12462525932800531,-0.2233747784185027,0.96673277233365418,-42.194219927510851,2.3584135795394747,-8.2815056526813215,,0.1669777957324351,0.4545454545454545,False,1
-0.93540047339304211,-0.3195614619433334,-0.15134869149322852,0.31983209596618617,-0.94718968011631011,0.023219394286630501,-0.15077594226516758,-0.026686736814405178,0.98820768733715558,-10.994668257697525,-1.4661018056964652,-2.8091977540209077,,0.7535163410953956,0.2733812949640288,False,2
-0.93069972598096407,0.36440523852014622,-0.031730776826812065,-0.36148416380981752,-0.92955380804162968,-0.072518392632635542,-0.055921546595875463,-0.056022674823497806,0.99686219736327919,-23.414858462583442,17.710084915345625,-8.6570039234219553,,0.6245353577986956,0.1666666666666667,False,1
0.38782221220110191,0.92172833383510067,0.0032879064788480794,-0.90100257372199033,0.3783446196796984,0.21224917174343588,0.19439211370267506,-0.085277355522990164,0.97721004843647219,1.121111710499112,-10.926761258461852,1.1403747032267058,,0.1253303139095295,0.45,False,5
0.20313573691538858,0.97782027374699931,-0.051023373439888831,-0.95773448316133147,0.20926185298224725,0.19736802337292123,0.20366770031485015,0.0087743453192075938,0.97900075521558239,-6.0423927729856199,13.795289620802995,-4.9680652090669959,0.3871301645757903,0.2940630930133792,0.5869565217391305,True,5
-0.45285715794988385,0.88967555045009206,-0.058290731895212583,-0.88713298701986743,-0.44310879729084662,0.12903355030637015,0.088968858792058625,0.11014539797370033,0.98992551915305926,-5.1667680424639686,-2.342065014731364,-1.574158702445045,,0.069132544691347,0.1775147928994083,False,4
-0.90232938805147223,0.41997482521886331,-0.097071219426984309,-0.4287552935644427,-0.89766862017139959,0.10178382287988891,-0.044391144377287084,0.13346233379482461,0.99005920618865739,-2.8773126514914615,7.148743287778057,-2.949482497872844,0.4870445383276879,0.2192598791640002,0.3793103448275862,True,4
0.046335208024919979,0.99892133215022016,-0.0030365560290666477,-0.98573212271308552,0.04621542903865157,0.16185276139234772,0.16181851176191883,-0.0045062505482531268,0.98681024668228645,2.8853139773339831,14.559944948799282,-3.4683193502690322,,0.1733427981407838,0.1333333333333333,False,5
0.74502487083158675,-0.64949394452554798,-0.15197222728848481,0.66700267440068206,0.72309333778841745,0.17956463234263051,-0.0067360362763243392,-0.23514599905303729,0.97193671859058495,2.7485306355006061,-8.7600027781960339,1.0269607023327072,,0.2430935363431769,0.9852941176470589,False,6
-0.17918073122913164,-0.88747585350336544,-0.4245949540499358,0.96727464930603058,-0.23772534093457398,0.088692813054024613,-0.17964971017535566,-0.39480789217797285,0.90102869538538954,-32.312219445104517,4.1181554988864342,-7.1882439469754269,,0.3201729237991178,0.4,False,1
0.21892382726706916,-0.94492721018904069,-0.24327952092006222,0.96928764052633054,0.18197747875754156,0.16542571489326424,-0.11204386541724434,-0.27202346345380757,0.95574547215927597,12.410468507440466,-3.7212392048074348,1.5737514237434624,,0.2147312487038548,0.2608695652173913,False,5
0.63713790078762389,-0.7410572839606443,-0.21187118083593615,0.77012528612297071,0.60103234790618454,0.21369876098001159,-0.031021590126123724,-0.29932293373420765,0.95364744129410561,-10.602055162498461,9.486503648049343,-4.9505980942874528,,0.3646827661107439,0.5419354838709678,False,6
-0.92938458699035731,0.35620994553016166,-0.096740705859331172,-0.36543358604310322,-0.92486953328946464,0.10523611825131537,-0.051986379528106336,0.13315712935598362,0.98973056699549933,-12.744617900364377,6.2980099253576345,-4.6511913879547651,,0.0745258227180289,0.1,False,3
-0.8583441705176843,0.51305368174581489,-0.0046048436860326031,-0.51235973032425697,-0.85758766264632524,-0.045065592405595434,-0.0270701252373034,-0.036322452063107732,0.99897341696151243,-8.5939147208609921,13.922527475908423,-5.4613649005524456,,0.109342976673261,0.3333333333333333,False,5
-0.97369733801079272,-0.16857197122158971,-0.15328726127491349,0.17026496907076472,-0.98539605411758568,0.0021111221714879558,-0.15140453843272855,-0.02404385676132206,0.98817941624687422,-0.6352867535105452,-10.3683778656474,0.75637043735302811,,0.2611724953447369,0.3888888888888889,False,2
0.9685817529802847,0.22177910362860653,-0.1125318487688276,-0.19741978722313369,0.96084657121192518,0.19442040582988868,0.15124422437372956,-0.16609604385408416,0.97444203973843968,-5.3620457333979479,-1.3497619363688442,-1.8375421443245852,0.3521357753997558,0.3152827363724938,0.8886804252657912,True,5
-0.40375697637788893,0.91479524729337758,-0.011399980510299904,-0.91116262404169335,-0.40097112428251619,0.094893782942153157,0.0822373186311572,0.048701263033572403,0.9954221267398542,-1.0050054917679327,18.490846260538319,-4.963087924589269,,0.3187626550811931,0.2916666666666667,False,3
0.88552603529939866,0.46292119734518372,-0.039339621953325424,-0.43736951048113637,0.85920736715340673,0.26546301348926699,0.15668934905863918,-0.21786845865754231,0.96331811080959506,-1.0616810180420377,-7.6419765737730128,0.13861208807627434,0.8618513100806844,0.3688566536826329,0.5277777777777778,True,2
-0.68719477357473913,-0.64113925097151236,-0.3416193847474871,0.68739145653132838,-0.72600615573943306,-0.020200181092973224,-0.23506664727115567,-0.24870770533326589,0.93962127937193896,6.0335663274091846,8.2666286930276183,-1.7788849229230519,,0.4041903949112371,0.1923076923076923,False,3
-0.71762621559325013,-0.67244129681278819,-0.18120517937974751,0.66765543505623204,-0.73829821108584093,0.095665937236411203,-0.19811318667161956,-0.05233023837308079,0.9787812377741173,-17.352369669626221,21.632397462428663,-8.5075112605610705,0.3452129543515216,0.2900013763147798,0.375,True,3
0.27442171658774084,-0.9460930550998885,-0.17204840178506839,0.95365984730386832,0.24480330951732915,0.17494066219642623,-0.12339212740446256,-0.21208316939616237,0.96943030288591592,-3.3924599745619934,13.122636496729259,-4.2738712432664512,0.5021716077778869,0.4273633727186341,0.8586956521739131,True,5
-0.263188129996687,-0.90812535416340967,-0.32563837205469037,0.93148058490370966,-0.32707047460926658,0.15927593850394339,-0.25114921496251952,-0.26140628486027462,0.93198220265156306,-7.0635943217702595,3.2493432815889203,-3.1019483709995459,0.3948071566969406,0.25458503992899,0.2362869198312236,True,4
0.92192725686044386,-0.32880789629377849,-0.20478159192817508,0.38141156801244952,0.86285589700431897,0.33166989129427671,0.067641324972700576,-0.3838815811415448,0.92090150549133387,11.955120123720114,-2.3314809339287006,1.2510648127864394,,0.7929190592439683,0.527027027027027,False,2
-0.99082423950262566,0.06673132855004317,-0.11753406401545916,-0.07650936174707168,-0.99379413535139838,0.080743631985575035,-0.11141653368822596,0.088995203978149459,0.98978088973761646,-11.103785110658022,7.9929635464251918,-4.7275530953712179,,0.07868308595217913,0.2962962962962963,False,3
-0.52396227152441988,-0.81867415608408856,-0.23502375237191545,0.8305244908138717,-0.55227991761951301,0.072221622472378816,-0.18892487442718875,-0.15735157690404394,0.96930277677745325,-3.178671910487445,11.883563328219124,-4.0038681678534029,,0.2154896962416977,0.21875,False,4
-0.19138169968284671,0.97370499582847059,0.12357842095278773,-0.9721050977534782,-0.20543148346378362,0.11317943507356326,0.13559027969661555,-0.098470740327007172,0.98585941662655241,-20.275055418096546,4.1292407136016145,-5.3749279460299864,,0.226974910511048,0.1590909090909091,False,2
0.14201959758439756,-0.94621634737306415,-0.2906975367386907,0.97518873233267045,0.083363496699961404,0.20507916459102898,-0.16981569489704013,-0.31261022277259615,0.9345787705617451,15.561455519927696,0.072643797495561324,1.2905381455177658,,0.2660789434900249,0.125,False,3
-0.30357413151097168,0.95064344079278984,-0.064185630440198663,-0.94542886258111969,-0.29217128631365424,0.14422276260145614,0.11835122507152418,0.1044652474819792,0.98746139144403977,-5.9740120608687715,-12.533926884612116,0.39508062317282067,,0.08386014311357379,0.3870967741935484,False,5
0.98221253948197151,-0.14672794125800384,-0.11717268682831321,0.17819438724059855,0.92511767820588509,0.33526712011007237,0.059205469682503509,-0.35018308457882685,0.93480827961381174,-8.8131788650639216,7.9186700368358149,-4.3267530941382262,,0.2689237483191184,0.3026315789473684,False,5
0.74696757850749662,-0.58798590835619424,-0.31034176037586159,0.66466494273667354,0.64908568100896691,0.37001120605460081,-0.016122982214897649,-0.48265966299626417,0.87565957949469797,-14.043527126736864,21.6978953290464,-7.9696271576849158,,0.4857603622041018,0.2352941176470588,False,1
-0.27401406212895829,0.95749699897304297,0.090087683471177571,-0.95411393611401429,-0.28241212936636173,0.099548913101945413,0.12075964006491907,-0.058676112212491915,0.99094612526969239,-1.7915735135763708,10.412491546976794,-3.4842266387986345,,0.3319988181429294,0.2857142857142857,False,3
0.93903551871227642,-0.30376229162860069,-0.16106136961204232,0.3382602560369587,0.90011774491126884,0.27453241062152056,0.061581602630794846,-0.31227634473394394,0.94799324403554164,-5.7790724987976843,-7.3420608930130085,-0.68632634890155642,,0.08788637301393157,0.2564102564102564,False,5
0.79408481811276677,0.6076105475284771,-0.015450701438990813,-0.57775540109110568,0.76247355487819779,0.29126066439095039,0.18875380301564254,-0.22235894549926849,0.95651894973575069,-5.8483384797021118,-10.19058976011431,-0.041372457909436632,,0.1740095125818293,0.1111111111111111,False,2
-0.12233471024924111,-0.94429676006587138,-0.30551243443979936,0.98016865994019797,-0.16330150265983262,0.11225870701231667,-0.15589617294619734,-0.28572057706461951,0.94554753191079188,9.8041055959791574,-5.2870600718711467,1.4541598175559383,,0.5118994535346404,0.1694915254237288,False,2
-0.38380553773203396,-0.89468581927743696,-0.2285401364970423,0.89877568840019517,-0.41873299403252595,0.12986509018713527,-0.2118857502216239,-0.15556337773531109,0.96483390506376876,3.9163227586906886,17.149831337259869,-3.777779861076989,,0.4580219191148962,0.6333333333333333,False,4
-0.93313704386728002,-0.3116980532235778,-0.17916355929503824,0.31802179604463798,-0.94805772356232842,-0.0069778244717899063,-0.16768242186698534,-0.06348918341298887,0.98379455629027301,10.861010425261563,-6.8637931257020082,1.9164487674144361,,0.07025887076105525,0.5454545454545454,False,4
-0.52787762981228881,-0.82306861828551203,-0.2095310419420906,0.825672228894751,-0.55512864276892149,0.10048661806185305,-0.19902406481562415,-0.11995932465262178,0.97262489277889286,13.956898142441649,-3.378561549554373,1.7042413257059357,,0.1328578196487,0.2105263157894737,False,5
-0.85727159680898157,0.51261629625048466,-0.048061857257217483,-0.51482852368948262,-0.85457159718100373,0.068256695548604168,-0.0060828036533634028,0.083258141403364433,0.99650944872076908,-5.3899638813451958,-5.3435136959733409,-0.99131041867844616,0.8084226991412096,0.8540102391828954,0.956081081081081,True,4
-0.95698738470981914,-0.25344869798578834,-0.14120518048417929,0.24212217841942102,-0.96581590738916334,0.092609307045680517,-0.15984991780947203,0.054437032646497352,0.98563919019738122,-12.062350689498661,-14.98825836163275,-0.026474323612587353,,0.07930488432456721,0.2222222222222222,False,3
-0.93071955548721941,0.3600829635134653,-0.064041927055906805,-0.36162594568308937,-0.93221817894164816,0.013997937688433743,-0.054660629730043236,0.036187376778076583,0.99784903132660174,-3.1055450903541733,-8.0347421468091795,-0.082078834333858763,,0.1342133568142584,0.2769230769230769,False,5
0.79946839876140985,0.59279033548969007,-0.097210583435587569,-0.56961791599732747,0.79948573263142708,0.1906777204962623,0.19075038442091793,-0.097067921935158771,0.9768275740244341,11.193347472537887,5.3681212824556583,-0.33836257543922155,0.2371492029074098,0.1918255481045461,0.65625,True,5
0.41172546684231959,0.91123871124059119,-0.01123170023011498,-0.89047236369317262,0.40490188788310555,0.2076377390731011,0.19375528238519357,-0.075488226401752706,0.97814130790113851,-26.63868152561157,3.1831945890524262,-6.1365773118876774,,0.1901125684442717,0.3617021276595745,False,4
-0.37736437856627597,0.92556863878159601,0.0303120552466139,-0.92033506174291035,-0.37846408208761273,0.098733543926345702,0.10285669601908923,0.0093612752104647312,0.99465213346700887,18.525934562949569,-5.7219528799620853,2.7856932672036119,,0.1720016643242135,0.3,False,3
0.013661155968813368,0.99310945611555168,0.11639149879381004,-0.98663265842512082,-0.0055157674935006271,0.16286673582391381,0.16238648387896892,-0.11706060175324304,0.97975887103439607,-11.659725570862916,-3.8865188641715638,-2.3539067760965819,,0.08364375926453696,0.2625,False,2
0.82422588907275085,-0.50777123827289949,-0.25063928934833601,0.56618233070201041,0.74637214185466672,0.34980879672203158,0.0094473373535502031,-0.43022900349242243,0.90267034534809254,9.2305480808063969,-2.2139400109607519,0.76865508322552034,,0.1380437246713107,0.2692307692307692,False,1
0.72245233131477049,0.68932099356960097,-0.053844190049378862,-0.6653217345575102,0.71426491080594001,0.21719260281319502,0.18817443637019676,-0.12108759232721857,0.97464258909672019,2.509382852753359,-6.3269819897890924,0.56658852008748573,0.4500455791120425,0.2646923857338616,0.425531914893617,True,6
0.51527627496731288,0.85444097536451369,-0.066490450998235751,-0.83422668309927128,0.51783321934266568,0.18951147234507601,0.196357331569254,-0.042182657139508833,0.97962463309966452,1.1705551617294467,7.5467615117528002,-2.4061331692132368,,0.08692939137487618,0.3272727272727273,False,5
-0.15432238068994444,0.98799245492002541,0.0074506267716902275,-0.97527473847853552,-0.1535345985433246,0.15895380314973609,0.15818908718306968,0.017263721245526747,0.98725790785637413,2.5737925703399065,9.405507395862486,-2.585297215715979,,0.09854497105559046,0.2173913043478261,False,9
-0.93397923506057112,0.34333241784849272,-0.099023428187373821,-0.35001681557985648,-0.93480898445255023,0.060169688366564708,-0.071909785752765965,0.090857104516382098,0.99326429980740361,-4.2341029851682688,-5.0556025224300249,-0.80434592813899797,,0.1241404096447802,0.231404958677686,False,5
0.62821544651561101,0.77773442327079945,-0.021783471230058235,-0.75301220749725417,0.61481336193622849,0.23447205663956261,0.19574975892528146,-0.13089574799935727,0.97187876560627917,-0.036599515706336599,3.5512513367280709,-1.8566527415880538,0.4564959169327197,0.5058117757087539,0.9688385269121813,True,3
0.89344936143270914,-0.39161382897200653,-0.21997010595389405,0.44767559661972856,0.81622776045349721,0.36518324613300329,0.036534897654893261,-0.42474798648487033,0.90457412589040698,13.534212623835918,7.4651053368134965,-0.40621276493121011,,0.3283154505243095,0.2285714285714286,False,4
0.89413129904757205,-0.37792423454799629,-0.24021343219064958,0.44622281059261171,0.7969862350719038,0.40706036949418384,0.03760882037941192,-0.47115412982082872,0.88124875181894347,-19.427497628692276,9.5635930746611209,-6.2848431828074993,,0.4366456469893722,0.4166666666666667,False,1
-0.18564492042915368,-0.88196465074278274,-0.43321394063327928,0.96594660467420146,-0.24466731131801761,0.084172820380417346,-0.18023074220907753,-0.40283527851042716,0.8973520033689073,-12.27456545685172,0.9493168556124687,-3.5374020804885924,,0.7191256698546107,0.1814671814671815,False,1
0.95475778114295251,-0.23290971973872171,-0.18490711667811915,0.28885359946243699,0.87417030469402446,0.39037145959809805,0.070719003277616266,-0.42612127480611151,0.901897711347043,-11.89366376969075,-6.7858743190007997,-1.7073952885312795,,0.3486240157177105,0.1333333333333333,False,1
0.4278414174764491,0.90174938650631731,-0.061642237363854754,-0.88451005100749469,0.43174414750426632,0.17674546885997361,0.1859937933331659,-0.021095853414671434,0.9823244239100668,-20.731194256912218,3.3962743612453101,-5.3071665388926927,0.3114527286472492,0.2903757150578717,0.9467680608365019,True,6
0.91002491687914833,0.41322985026170378,-0.033101986523291022,-0.37809609197565852,0.86008713344844634,0.34248133979702788,0.1699941054620201,-0.2991508210403625,0.93894131359688471,13.575102342693803,-2.138711700216148,1.4597701586533303,,0.1301445691959116,0.1481481481481481,False,5
-0.87611814902890461,-0.44690068691344098,-0.18082246812401853,0.44156951886465534,-0.89441029445030862,0.071039321442066442,-0.19347699850835914,-0.017606851439349806,0.98094681294685371,-7.7911606496968728,16.614826231165328,-5.845687920370592,,0.4266762081561014,0.4210526315789473,False,2
-0.91682908008589414,-0.32508705175610986,-0.23182503464762544,0.33612764702574027,-0.94177643840428837,-0.008680148125006143,-0.21550555170062696,-0.085881015638225783,0.97271877145408991,-17.566804537179973,4.5279978822708618,-5.0482810063244132,,0.7353741945790188,0.7457044673539519,False,3
-0.93055112855497613,-0.32956379921897394,-0.15956910537261698,0.32924875901040584,-0.94379210287628224,0.02918426354173681,-0.16021813828393178,-0.025380480545525781,0.98675527836039956,-15.599152959251963,-9.5812992767920608,-1.7221166084141832,,0.1572050703657267,0.3333333333333333,False,2
0.91329761576944424,0.406177234260581,-0.030125062626884927,-0.3793676612764002,0.87526489564797894,0.2999858997086477,0.14821485285733976,-0.26254793241379309,0.95346784978714383,-23.800707861054047,4.6552385771790235,-5.9795506098673714,,0.37668943296841,0.8367346938775511,False,2
-0.23212205316245513,-0.95140656356627717,-0.20234846982038993,0.95367807843954522,-0.26353269289259801,0.14508150288934513,-0.19135693125544675,-0.15929868354692239,0.96850733310631931,16.916146031228159,-1.5720172811232305,1.8013197820758926,0.2444534095133684,0.2274967346974253,0.2727272727272727,True,6
-0.30222648422705994,-0.93069676544807511,-0.20606475442501229,0.93403838076834744,-0.332303889834066,0.13094437006909035,-0.19034562113007136,-0.15289753296125755,0.96973753610498514,0.47963760240065539,-6.7989068896911196,0.25591036843083992,,0.07261575993250387,0.1724137931034483,False,5
-0.96654937169408484,-0.18936120149657043,-0.1729874199054498,0.19523705788270926,-0.98060084372550205,-0.017449255403500147,-0.16632739794475451,-0.050639121759843538,0.98476945324289911,12.999412274306721,-11.837979084514595,3.1565353498302398,0.2514673857217125,0.1947616989901627,0.15,True,5
-0.74265109173401334,-0.6300865528249775,-0.22684861008041407,0.63930446095053051,-0.76791316658786946,0.039989683541420268,-0.19939699635408281,-0.11532694624470272,0.97310869552935431,-13.996328831460735,11.693401742924797,-5.9193081320277923,,0.1023424294496825,0.303030303030303,False,4
-0.98800938585459908,0.089495548265915201,-0.12580938082591703,-0.10415513953984107,-0.98786334825656841,0.11522895503629781,-0.11396999767769422,0.12695098271342423,0.98533968133707139,-14.692423173319611,17.998813853034203,-7.316378554364201,,0.1254875054330722,0.5,False,3
0.89578338594148466,0.43488722424130055,-0.091897919796410363,-0.4040513641282773,0.8828549485984396,0.23939430837287268,0.18524205952560774,-0.177313964275081,0.96656357134736259,-20.408815779439173,15.15032071178338,-7.6359098594979038,0.3682433652773183,0.3172415682527299,0.7222222222222222,True,4
-0.55075841383939406,0.83324416892414932,0.04867570789437653,-0.83249214118586423,-0.55259489347350688,0.03994644628472345,0.060183091054628088,-0.018521302894432323,0.99801550934351868,4.3115909939941002,13.253690327555269,-2.9219480555884494,,0.5285846926159449,0.1176470588235294,False,2
-0.67060543572967879,0.73932853213389016,-0.060676775973649066,-0.74062299578861168,-0.66265147269432934,0.11122321630459862,0.042022942292406565,0.11952550902960002,0.99194139192409203,-6.3024722453324857,-15.849757347744571,0.98917109422304839,0.4297325002931217,0.461958304570589,0.6870229007633588,True,4
-0.95627735634464939,0.26844980816844799,-0.11605308370229631,-0.28363202002846732,-0.94803361199290981,0.14417055089805125,-0.071319667393082153,0.17078340383655519,0.98272403756952054,6.006948832423916,6.1505363325531839,-1.3482640302235653,0.634384385476498,0.425275458257855,0.9195402298850575,True,5
-0.87193807550463354,0.48961592772454809,0.00048559623775357164,-0.48930635593049759,-0.8713506372649279,-0.036432910726716228,-0.017415008793946793,-0.03200484738963387,0.99933598314694583,-21.801313968786069,3.3576359040996149,-5.4179557896143633,0.7859263577479857,0.5180515924026368,0.736,True,3
-0.63857056162403203,-0.72090334481208074,-0.26930652659362697,0.74324029084825116,-0.66847593226787227,0.027088706842646831,-0.19955327079999513,-0.18286141041060172,0.96267346317205116,-31.505903457694359,7.2098732876367597,-7.7101995121528715,,0.3160400586936536,0.125,False,3
0.90862466813571119,0.40897714346051384,-0.084492062243428118,-0.36672414648474211,0.87819070746596817,0.30707406550449623,0.19978641805765035,-0.2480297914511497,0.94792753399845531,20.664197599785563,-7.1918109916633703,3.320122364863852,,0.1767979099660872,0.2105263157894737,False,5
-0.604903384156674,-0.7721425399499624,-0.1946478713868349,0.77229664179573809,-0.62843645229627221,0.092873691087961577,-0.19403554547255031,-0.094146287366511774,0.97646642731241584,-12.900586806476083,-11.564543870578866,-0.85032210900233796,0.1688388006413963,0.1163508464608727,0.2857142857142857,True,4
0.98637058354537366,0.15460382285670862,-0.056309234362132893,-0.13012498190937735,0.94241190434068534,0.30810272903699842,0.10070035252888832,-0.29657623052944304,0.94968519967697906,11.53311305157232,-12.091709636976759,2.963683188809572,,0.4111424544562306,0.1052631578947368,False,5
-0.99039193067245568,-0.074761502089364759,-0.11633804822252865,0.066373900808628705,-0.99501884399324769,0.074377452159824969,-0.12131912029985957,0.065941018370075669,0.99042084648193129,13.30428209573892,-9.923547528200066,2.8197714716622637,,0.1859419644111876,0.2564102564102564,False,5
0.26414442552567574,-0.90745615691607273,-0.32672778537924252,0.95447277795942242,0.19726651082400382,0.22375799391697118,-0.13859811902812738,-0.3709572037074314,0.91824904814512565,11.950220851098047,1.3711104681210589,0.54009369298647003,,0.2588579479682168,0.5333333333333333,False,3
0.79957166644915312,-0.55667287168142199,-0.22538958304607518,0.59838714304540752,0.77040696913237816,0.22001347447421957,0.051166172904366224,-0.31078676909775649,0.94910147344954554,13.101033627368111,-5.5120322642682407,2.0092920840809194,,0.517889945016651,0.7441860465116279,False,5
-0.84828794432905763,-0.46466204151755575,-0.25396210480841658,0.47833330230675691,-0.8781328563833033,0.0089408301860333383,-0.2271669329156345,-0.11389413379467907,0.96717284436488671,-9.1492959999792411,-0.48673599126512068,-2.7591320565459934,0.7842444013685306,0.5404858531411931,0.2282352941176471,True,4
0.93665568709168201,-0.29963940802318312,-0.18136247957702151,0.3455376975694896,0.87518930702844344,0.33859618488909204,0.057269742422897937,-0.37981561582245227,0.92328775285943532,15.492330846328638,-3.2551267722546524,1.9012265833855544,,0.4138342500793908,0.3157894736842105,False,4
0.7258913454608843,-0.64698704392303974,-0.23342990292744045,0.68653011550411691,0.66084937051509041,0.30324002043878184,-0.041930360013851878,-0.38037596465278378,0.92388092870432881,-11.968306957691539,-8.2901688435828209,-1.3713475653799485,,0.1812108562429766,0.1724137931034483,False,3
-0.19825103955369933,0.97959248635635876,0.033092083495092767,-0.97153127862188904,-0.20086330305646674,0.12562208462115421,0.12970543541114998,-0.0072452853232031489,0.99152609943732217,10.646123397725205,-5.7851207376034433,1.6839418477862316,0.7220020834118904,0.296745713236978,0.4533333333333333,True,4
0.96546301695891212,-0.20280328761497007,-0.16356035405059172,0.24369726635382499,0.92498172756370522,0.29158265731167121,0.092156417336331523,-0.32137148318701569,0.94245825612485834,-27.133659732419673,4.8373710218370309,-6.5698992569555044,0.2433580624673488,0.2500710781265417,0.4838709677419355,True,5
0.95511938404993846,0.29388906784548974,-0.037096873358497123,-0.25020803368450373,0.86744258789177886,0.43004569128332037,0.15856513517101251,-0.40146304003298211,0.90204463603287166,-1.274510567791618,4.407459909887792,-2.1821931583001946,0.4997800246705472,0.5289951587059657,0.2727272727272727,True,1
0.28174326875253464,-0.91420656031338476,-0.29128524781150145,0.95617997580684166,0.24232601590587008,0.16431054707844028,-0.079627786473476014,-0.32481451182968818,0.94241973054800632,2.6105789958377978,13.275321266288294,-3.2722579816930097,0.2122450088882649,0.180647735690432,0.1333333333333333,True,5
-0.61046308453285969,0.78982487912032218,-0.059257765273386012,-0.79000995559216236,-0.60182893140402949,0.1169880651620229,0.056737046873242311,0.11823111962445813,0.99136386350544914,-17.423068407493155,3.1254872780153433,-4.6928772221101163,0.2138906879415736,0.1159750901888317,0.1914893617021277,True,5
-0.054438612059560625,-0.89327976909017681,-0.44619243791354146,0.98444278457587509,-0.12277687598461613,0.12569106022289533,-0.1670593948675918,-0.432408479169476,0.88606662601003927,-24.888505456732023,5.8009262344068802,-6.430991020824421,,0.09747462828956055,0.1666666666666667,False,1
-0.28330816935720976,-0.89996748495475865,-0.33135329664826774,0.93959509433100352,-0.32967658484989532,0.092056548440747912,-0.19208732359159075,-0.28525755980502632,0.93900510365466239,11.909362724104733,-9.5736256977493372,2.5595402207353972,,0.2069534828046818,0.1333333333333333,False,6
-0.16892413061508499,0.98558058930586845,-0.0097744605700081227,-0.97710453312121681,-0.16615343989802914,0.1328900514110074,0.12934979493569329,0.031999006133767979,0.99108258695052465,1.4226380952886011,11.21471354911861,-3.0738109268803169,,0.5157988653183846,0.7222222222222222,False,5
0.84945586827090391,-0.48034478581659096,-0.21838867781764248,0.52687413554759743,0.79470992782443006,0.30139637673379682,0.02878147235803917,-0.37108626673066503,0.92815225555552094,20.408783041248075,11.071158158856797,0.025604145496241279,,0.3699723131787168,0.4814814814814815,False,5
-0.88990301238441938,-0.40731091864717389,-0.20535443530620978,0.41832527093940802,-0.90822589653169716,-0.011388088630965937,-0.18186972327082856,-0.096039244166076621,0.97862141164875505,-4.6054423753271765,10.742350482950553,-4.0263477942054751,0.6138378963876611,0.2195485869217266,0.1428571428571428,True,5
0.9889010225519721,-0.070240975507131154,-0.13092353858443598,0.099266976596873766,0.96800750801945512,0.23045071441694331,0.11054788533924755,-0.24088933097538889,0.96423622379023355,-13.81909100602897,-7.7586704691209505,-1.8133913077772377,,0.09189832830261713,0.2641509433962264,False,2
0.46731737302589482,-0.8507189535039652,-0.24060701364942672,0.88065252339452749,0.4239551946230849,0.2114547847435797,-0.077881999891042358,-0.31070766823691487,0.94730942093476045,-36.299493916286565,10.423470380313736,-9.1167348604246925,,0.372240754321159,0.1818181818181818,False,2
0.12939289584472818,0.98276978211786925,0.13198876414647359,-0.97504603512674248,0.10188577935997817,0.19724228083205569,0.18039597525592699,-0.15421687106217641,0.97142907553318425,-9.8810610047032377,-8.7602182787201244,-0.99919191522830297,,0.1872446161877241,0.32,False,5
0.51518306104422307,-0.84409345875723107,-0.14863595290628556,0.85486546700175758,0.49360679577630268,0.1598667085146826,-0.061574726479063424,-0.20942436354614172,0.97588420881389537,-3.5874837647811471,-7.0190341270587213,-0.33519624809138088,,0.142439906709578,0.5855855855855856,True,5
0.23501873107391011,-0.93348600864242703,-0.27086909700672984,0.96141053821940203,0.18224593442914411,0.20609754094779739,-0.14302437919840844,-0.30885318689124786,0.94029449424211309,-4.587090868959419,15.510179176659912,-5.0421985275329408,,0.2752128632311998,0.3888888888888889,False,3
0.14530426477807365,-0.97648868337989836,-0.15923731305286556,0.98164040135447161,0.12218625225855737,0.14646720516088194,-0.12356695782423073,-0.17759608945582384,0.97631492662156094,-13.180756138030288,-4.0760976318250162,-2.5587725041132412,0.2094215052311941,0.1565104067505367,0.6126760563380281,True,2
-0.02928464100777432,-0.98972641365859737,-0.13994297376981352,0.98602616350904437,-0.051573138665609544,0.15840649053563016,-0.16399638616958198,-0.13334855632765863,0.97740643943481798,-9.4813052534330531,-12.878000166062908,-0.07229557003512678,0.4382348809049311,0.3938560586272327,0.8769230769230769,True,5
0.66556592454506669,-0.72352880147715393,-0.18310672712247017,0.7452323497658474,0.63091168092573324,0.21582213911908602,-0.040629360651420657,-0.28010091807150095,0.95911038506970481,-5.1936131094865123,-7.9218356063502204,-0.45118681851658432,,0.06672229410387942,0.1111111111111111,False,4
0.57268418058740855,-0.74474668730719751,-0.34261523762069318,0.81739040049136158,0.48689390362272378,0.30790787550758947,-0.062496099794307744,-0.45638437567469509,0.88758522923182914,-23.083915906561412,3.4178475969502009,-5.6633155934168729,,0.3008759324623565,0.1481481481481481,False,1
0.62006972510194236,0.78350723789374133,0.040372567172772184,-0.75876820023497937,0.58581809416465924,0.2847595105724382,0.19946015723489677,-0.20720417157336571,0.95774844137613901,16.008744778636739,-10.130145327422897,3.2188052157310389,,0.3168463183234314,0.2222222222222222,False,4
-0.94570838807785063,-0.28576119728054317,-0.15484244524026317,0.28147854810827483,-0.95829577963713952,0.04938649293586396,-0.16249760513327871,0.003120393955429783,0.9867040039786561,-6.9636320684156123,7.779867321225387,-3.9369270738130231,,0.4170565049063945,0.1835443037974684,False,1
-0.92046238914499601,-0.36542425648650673,-0.1386149448680421,0.35170778016261928,-0.92914556968004591,0.11397432920191085,-0.17044244642274176,0.056157128801486149,0.98376610499762818,-15.877271547296608,5.6898958600879022,-4.9885359439977437,0.2803064699359012,0.2560061627582216,0.8257575757575758,True,2
-0.36257929246836657,-0.91934071285960384,-0.15280350242037441,0.91170295190105266,-0.38389439906024936,0.14636535746232932,-0.19322004080333965,-0.086242356466904174,0.97735780131075334,-11.391896923976111,-16.475295597974458,0.38228279314051711,,0.07924392470225516,0.2222222222222222,False,1
0.13827730222945384,0.98530258639154389,-0.10029058250044641,-0.97466451976667479,0.15335732664577781,0.16282077346597285,0.17580802483431096,0.075235255128129869,0.98154530959587594,-10.334692685970255,-6.4281475354410933,-1.5197118837742909,0.1519237030247181,0.1327755320963295,0.4852941176470588,True,2
0.76803312937149359,0.63934829093089207,-0.036862922721565758,-0.59866306899196042,0.73721872072123373,0.31322689482749155,0.22743711661238575,-0.21850016178916826,0.94896261111023184,-2.8755912896403886,-9.9751391081816898,0.33277644891055708,,0.4523007492762245,0.5454545454545454,False,5
0.84780215904278677,-0.50082563130492552,-0.17437082941367082,0.53026724211819243,0.8048956297289851,0.2663825767191732,0.0069390963932693533,-0.31830286249294493,0.94796367898250289,16.125109571220634,5.2835563400164354,0.4370608526692773,,0.1804623157893996,0.25,False,5
-0.16783999511576544,-0.97125809020137066,-0.16878228063966674,0.96949838172484826,-0.19364546561227222,0.1502475340253801,-0.17861305627652546,-0.13841660256701044,0.97413460068994884,12.949466555441893,-13.81010843139825,3.4949984541845964,,0.8818115224378166,0.9615384615384616,False,1
-0.066620747993808543,0.9963865033869006,0.052684075441934347,-0.98212881181476841,-0.074799403686990229,0.1727079795822471,0.17602463730982854,-0.040236613631077944,0.98356308490276634,23.012274319113139,-9.7564354626759116,4.1572389789879587,,0.4865727222364593,0.2222222222222222,False,3
-0.31729837513802001,-0.86973859951531729,-0.37799009199700934,0.92946376962742305,-0.36431714963108391,0.058052695326428205,-0.18819894283643862,-0.33290806988989841,0.92398775690884005,-7.3026843403448671,-4.4584847426975642,-1.4759768187962641,,0.1453154700423638,0.3333333333333333,False,2
0.90779240644985904,0.41097433702473218,-0.08374390186189884,-0.38760297174648717,0.89831822893098545,0.20685331968230281,0.16024007952215061,-0.15532048762922152,0.97478134114136339,16.710415954749536,2.6098432658142152,0.99381242481759635,,0.1501145181668306,0.3888888888888889,False,4
-0.82174385650043258,0.56129233792261635,-0.098427362522619813,-0.55962958403265128,-0.8274437025126844,-0.046385858271041414,-0.10747912810977481,0.016965569883236609,0.99406257673211851,-3.6730643105161929,4.0384661744195007,-2.5892718914406667,,0.2432392062227024,0.1669793621013133,False,4
0.99480330177059484,-0.045255416459058631,-0.091204923482455541,0.072514320756401157,0.94373189965658566,0.32266356295034238,0.071470721778649896,-0.32760044086003437,0.9421092755496836,14.341096505696184,4.3721705899243739,0.31857109392105926,,0.34487920525887,0.4193548387096774,False,3
-0.93523203094167018,0.34017944819624923,-0.0980764565306807,-0.34920014136386351,-0.93198462281057737,0.097282702039382704,-0.058312173447547147,0.12523021148876576,0.99041258299675405,-6.0880643249731188,10.907604574893687,-4.3263070508980368,,0.07020032783109509,0.2222222222222222,False,2
-0.99168325412786196,0.076176121460105689,-0.10373775591205638,-0.078589465771160924,-0.99671881346674607,0.019372732157455191,-0.1019216333865274,0.027364308884680159,0.99441599707923312,-12.515501915118126,13.903167782918537,-6.13584622168539,,0.4785099464538277,0.4285714285714285,False,4
0.74313908892587432,-0.62866448164406741,-0.22918390874932329,0.66786302249503926,0.67573633057275961,0.31199261966888442,-0.041270784996323986,-0.38491736913688185,0.92202784190203757,3.8994822291709679,-7.288686426531461,1.0006968772068934,,0.7770360704798629,0.3007518796992481,False,2
-0.65880008476850982,-0.6970364161229603,-0.28305950418147707,0.71704580866257939,-0.69562833381105027,0.044119490916022852,-0.22765710309241693,-0.17390070672001673,0.95808704594825145,12.742422750601039,-8.6596271478370177,2.5419508712748513,,0.4888316718705248,0.7142857142857143,False,4
-0.44032534108283922,-0.85705227674404527,-0.26753502374106125,0.87595146736286722,-0.47546874738700456,0.081476972716667664,-0.19703456758934734,-0.19847132081507834,0.96009713778804551,-6.779515295312053,-2.2606537114492506,-1.859513132165924,,0.07627913972557948,0.2384615384615385,False,2
-0.97622711790739825,0.18751171304596648,-0.10871969339904788,-0.19793772262964754,-0.97563522232187283,0.094639161688696335,-0.088324810910664284,0.11390904457292929,0.98955720266292768,-0.32231489405198632,13.987846273828241,-3.9177959796691142,,0.09031519202563809,0.2631578947368421,False,2
-0.93814890271199325,0.34608272458126743,-0.010167796550344887,-0.3438259409130251,-0.93468364510688851,-0.090278490932072269,-0.04074749925523842,-0.0811987149904837,0.99586465445277128,14.726386130962663,-12.953111782589184,3.5776072828400589,,0.3217067564389105,0.4545454545454545,False,2
-0.87712010261526019,-0.44940155643886309,-0.16940651303454432,0.44280113065273669,-0.8932992755279604,0.07709450715764074,-0.18597710687300725,-0.007392253482451018,0.98252626952545008,12.977949746022468,1.9659045842954963,0.61510676668674957,,0.1460328055412861,0.25,False,4
-0.2034562202692409,0.97790312064830409,0.048073413234998225,-0.96712223609693115,-0.2083798231377702,0.1457821311270466,0.15257833031143697,-0.016832585522739515,0.98814802392353851,-8.78639388599216,-8.7164592948732604,-0.85345706097016438,0.2970701796837601,0.4351837613210225,0.3316326530612245,True,4
-0.26236755636052705,0.94247531990824296,0.20713168935066578,-0.95703017970082715,-0.28161969459984082,0.069163449561846058,0.12351720734864202,-0.18008503262999759,0.97586519587053888,-16.499234151647872,13.849074661181211,-6.7679597852233382,,0.2951626905176307,0.4,False,1
-0.25217175303654432,0.96768205802356111,-0.00091736021427904491,-0.95317385272605981,-0.24822724021306872,0.17275081387815272,0.16694014930458412,0.044437279343925537,0.98496513377615247,12.267409250126883,-16.339745413810046,3.8113368571774364,,0.302174882131211,0.32,False,4
0.54840936839569621,0.8352945514180613,-0.039117477259329944,-0.81358389448160884,0.54379478032984629,0.20583605982954684,0.19320561921427756,-0.081057074073238991,0.97780434619954182,-28.537771948515605,6.4715711382683434,-7.0968449843232015,,0.2972801249248448,0.2222222222222222,False,2
0.34981860405954263,-0.90333994410378504,-0.24820130870002305,0.93058450271764903,0.30456217965526777,0.20311169839617516,-0.10788617870505668,-0.30202454223159331,0.94717566920514673,6.7992198172986464,22.69276832734203,-4.433484902457014,,0.3556582095054671,0.2352941176470588,False,4
0.16576798434716408,0.98526538341551217,-0.042108189328948942,-0.960468090962317,0.17098514520732366,0.2196932551573505,0.22365603414323662,0.0040254641365542465,0.9746598247746775,-8.8761775115317096,10.591960919545835,-4.8635515420648812,,0.5328469567474082,0.6607142857142857,False,2
0.5147781961629404,-0.78486830061293744,-0.34494225523729127,0.85594269759055663,0.44768825588955979,0.25872248448861906,-0.048636480101145158,-0.42843549833262318,0.90226244329011451,11.715223593707135,-0.60250694418514006,0.8986991845683856,,0.2142177415409977,0.4137931034482759,False,2
-0.95080853308405744,-0.24622391546118161,-0.18798116094307626,0.26499360257736143,-0.96076622512892951,-0.081894146583117028,-0.16044165296958626,-0.12767945843584491,0.97875248755030753,-18.435511263694831,11.024534647645719,-6.4272691764944607,,0.6358514854772097,0.3333333333333333,False,1
-0.96843453256328826,0.22444669880685791,-0.10843539797331085,-0.23577922871136459,-0.96597529642694768,0.10630090310597326,-0.080887028918119636,0.12851227990964564,0.98840370419440715,-7.9626840817583426,11.143542082465126,-4.7756300696782139,,0.06935334598799989,0.3548387096774194,False,3
-0.92496918504658576,0.36465676830876931,-0.1070394695467938,-0.3763928078658193,-0.91793888211171315,0.12536611541553719,-0.05254008851476076,0.15624868010355125,0.98631936464045888,-1.2686748155013088,14.029258948477885,-4.0264413346677479,,0.08526003086310968,0.1875,True,4
-0.87880699460194134,-0.43417834553666523,-0.19795815342073891,0.44266150799096488,-0.89668743985769006,0.0015570949318847449,-0.1781826466911674,-0.086260068794931546,0.98020923529092763,13.886647290948799,-11.900282907023445,3.2503913335168946,0.3039964463102893,0.1683552592717911,0.2162162162162162,True,4
-0.99146526193841078,0.060199302445685263,-0.11564029727759817,-0.049662971729100711,-0.99452635585285587,-0.091928867898352778,-0.12054137716333306,-0.085401238276099745,0.98902801016577657,-17.466562011243798,7.7373932885529113,-5.6634649521875895,,0.5418471414953951,0.1481481481481481,False,2
0.18454763841333133,-0.93493866215311527,-0.30303773225030339,0.96906269354668317,0.12168240873599499,0.21473445783165312,-0.16388918552518977,-0.33329129813955605,0.92847037941570343,-2.8973533977511781,14.113279228231956,-4.4173535259255248,,0.230267157557788,0.1764705882352941,False,4
-0.9387569124323043,-0.31722984705857871,-0.13453878063873856,0.30247427296250617,-0.94566792214554463,0.11925391071462593,-0.16505990899176928,0.071255913158975351,0.98370616613067441,-18.318681665962888,14.324370180905387,-7.1005278051469212,,0.3191965995580791,0.25,False,1
-0.38891586932487243,-0.88559907607941202,-0.2538872250322407,0.89152739631483235,-0.43124781556361907,0.1385793028980277,-0.23221401380488502,-0.17245172663357014,0.9572549575602759,2.7963869878248055,-13.789967297090396,1.9330544050530414,,0.1592714496758077,0.3333333333333333,False,3
