axis_00,axis_01,axis_02,axis_10,axis_11,axis_12,axis_20,axis_21,axis_22,location_x,location_y,location_z,dbh,dbh_approximation,score,reconstructed,number_clusters
0.74514438941202332,0.62378989069898438,-0.23589406772857258,-0.62694769314878274,0.77580892435138149,0.071113310654003725,0.22736848722547964,0.094903557143566103,0.96917330021946824,18.860749657348155,15.557114542065513,3.4746306965345855,,0.4200903455790085,0.3333333333333333,False,6
0.88153938117190278,0.41135179499068081,-0.23168517475445913,-0.399082014389535,0.91146571264867893,0.099818838185122022,0.2522337511790409,0.0044671494021901875,0.96765602325535549,-19.865574662201219,15.245569678478445,-9.5875993395587393,,0.1001299195698392,0.3333333333333333,False,2
-0.75129228701152218,-0.58693778415088549,-0.30176801853915042,0.62275487055886258,-0.78185184361042093,-0.029733244663179101,-0.21848631689927589,-0.21026586070742603,0.95291762348523856,11.707108622256614,16.429418707843841,1.3233590790002545,,0.08880291216910673,0.25,False,3
-0.00071669243466999672,-0.93278600358496111,-0.36042996250027665,0.99998619384723308,-0.0025447737308508717,0.0045974168380140089,-0.0052056187795275358,-0.36042169141528579,0.93277494921897774,5.9964548334530798,10.447657324005274,-0.16629857434202683,,0.1414383679635748,0.2,False,5
0.82392577827234115,-0.47783500125333833,-0.30466378760124979,0.52528045714859273,0.84570422865289274,0.094153061428621052,0.21266582526603284,-0.2376090680421063,0.94779490268099631,-20.720267273456589,17.176558989912181,-10.091971023963696,0.2603841456127742,0.1436739007057138,0.3214285714285715,True,5
0.58749012519484978,-0.70926221389087241,-0.38961835781333121,0.79615546591518105,0.59279618575336257,0.12136373531514606,0.14488556481554518,-0.38149678124839037,0.91294489373959342,4.4248016151627789,-6.2622284631839538,0.57949494810168067,,0.6160420341819358,0.2631578947368421,False,4
-0.36942010520138274,-0.83961562508251242,-0.3982139977327549,0.91991349642846343,-0.39105704143496378,-0.028871256171048201,-0.13148363001438843,-0.37698805347309916,0.91683807871226919,0.87521628137412333,1.8395944073002763,-1.0262870805370794,0.267142208806594,0.106012625372975,0.2705882352941176,True,5
-0.069224150517374114,-0.92273927600198635,-0.37915728333829768,0.99558868654893085,-0.088029415022091356,0.032465201472398383,-0.063333910355535206,-0.37523732572093427,0.92476254529737478,-16.746239442849209,16.723047879556507,-8.4916903547233797,,0.385465760143102,0.1875,False,3
0.30328285363020674,-0.83641437726738999,-0.4565418931427021,0.95268781610202014,0.27627283066578268,0.12672508862367776,0.020135435050721295,-0.47337544564153256,0.88063059890001483,-7.1061486760524106,29.615687017768359,-5.8300331090874522,,0.3603086712091685,0.125,False,3
-0.84048057760516393,0.47832940029192589,-0.25454544483226738,-0.4992452466544664,-0.8662132756864348,0.020706151682481057,-0.21058628246258415,0.144483721716128,0.96683911370902131,-31.023517907499038,15.304531829317098,-13.620978684471089,,0.07775906834149125,0.2307692307692308,False,1
-0.42795650571386151,-0.85866960204674558,-0.28202791304774194,0.89237147725364196,-0.45091192364090199,0.018750565394516586,-0.14327028931824742,-0.24364923894677853,0.95922295247732758,-8.862365302760713,10.336406986764857,-5.04569786073088,,0.07598061220261991,0.3214285714285715,False,5
0.68906181792076437,-0.62764908399353192,-0.36228502376693877,0.70113017951270762,0.70383389499416316,0.11416794486117117,0.18333107336239934,-0.33267773538279555,0.92504877813030217,6.7355769011540305,22.704044813937958,-0.73648577914851165,,0.5147618334920151,0.6,False,3
-0.70217267975501041,0.69547210747496102,-0.15255187815954199,-0.69223341708148434,-0.71696203103597234,-0.082330688861838364,-0.16663260209622546,0.04779114747638491,0.98486018405737752,-2.0740282479643222,-9.9117193487873525,-1.3909601463969459,,0.5071326490754451,0.5555555555555556,False,1
-0.44848341667293695,-0.8268660571553581,-0.33934517602836295,0.88040323713338919,-0.47415487921901689,-0.0082030822163811218,-0.15411932070450413,-0.30243953782062216,0.9406261536595879,1.4588932178264069,15.229380460601238,-1.9777590834729142,,0.1140707592297841,0.2758620689655172,False,5
-0.84589373866649997,0.47927282896175177,-0.23401140635406995,-0.49099415134256791,-0.87111341756136951,-0.0092820844610493822,-0.20829912681574536,0.10704657473992203,0.97218954150116632,4.442708217964352,11.934933350201497,-0.73522681701020598,0.1590844406678428,0.1284663037599356,0.4810126582278481,True,5
-0.72256566856332727,0.6556191165759202,-0.21923144982835219,-0.66981370346013913,-0.74242231466009734,-0.012597989988715717,-0.17102180349488835,0.13774135426571382,0.97559154468168829,-9.4976934601530374,18.272059838730506,-5.9120354946390625,0.1467461117517972,0.09829813070493516,0.4333333333333333,True,5
0.8768526453576363,0.45284538353029996,-0.16143263903129951,-0.41719845949966511,0.88360632419809659,0.21256836365798581,0.23890350294715362,-0.11904168367602538,0.96371893922821494,13.402633396545646,9.5844686114821407,2.2085184242421367,,0.2310083042494194,0.2857142857142857,False,3
0.94863201456717483,-0.15580684025702526,-0.2753570944561729,0.19366221264376085,0.97419192664650978,0.11595273800426052,0.25018442863644935,-0.16332274362710092,0.9543235473789643,6.773315665411106,16.767665903119926,-0.32230424481531755,,0.0961745335936934,0.1818181818181818,False,1
-0.58530260045116755,-0.73231581975987892,-0.34804368408939412,0.78729444154525741,-0.615941576187232,-0.027989945264865989,-0.19387709564835781,-0.29039544564852537,0.93706038062098895,-2.5420369022625335,24.707840816496379,-3.9515942250786136,0.2960902593725495,0.261579090888343,0.3870967741935484,True,5
0.44254745346278634,-0.84981033280702811,-0.28631128110504345,0.89174725120765286,0.45070921274366171,0.040596126805206759,0.094544124075474217,-0.27328301045326053,0.95727624268045286,-16.169803217389795,14.880209649255958,-8.106718804873978,0.3174636435361374,0.1944866994142248,0.3272727272727273,True,5
0.087735291685499484,-0.85517492060311984,-0.51086042493454686,0.99576709827004051,0.089393799816197467,0.021369009272378375,0.027393513752743029,-0.51057281921961639,0.85939804030403111,-22.737431179317369,15.002525124166516,-10.578456471473157,,0.340610412026437,0.3793103448275862,False,4
0.57824069045432847,0.80149459494339537,-0.15246021835030635,-0.79257855704073532,0.5961692776211488,0.12806804183676274,0.1935379415570147,0.046782546929377639,0.97997676425549707,-23.916350677789225,22.26684135253327,-11.536246667431802,,0.1867158202988386,0.3333333333333333,False,2
0.63652481183890541,-0.71215254497524272,-0.29609950455671225,0.75833650175062028,0.64787727858509858,0.071977649348930889,0.14057707503742189,-0.27035862216406398,0.95244123251540924,-0.35269770642520637,9.478422658470592,-2.0324325514064423,,0.091704167566219,0.2682926829268293,False,5
-0.07311871699027335,-0.90886212082809525,-0.41063767307634358,0.99469697740806384,-0.096318647362974935,0.036064404964307753,-0.072329636809256928,-0.40582306919891159,0.91108510038580759,7.1800467828125187,12.502268252361906,0.13148133096347819,,0.1944838453156901,0.3333333333333333,False,5
-0.5722313387859701,0.79861574871722851,-0.18645155084374568,-0.80965460950746826,-0.58631129259821058,-0.02642880010756871,-0.13042510576774138,0.13583796992239383,0.98210861808296834,4.3213141860934163,16.30456899500129,-1.0920177048447992,,0.2558615888461097,0.7583333333333333,True,5
0.12009387049394606,-0.94531317514676394,-0.30324983621385254,0.99276253602302245,0.1143242152156092,0.036776635034671747,-9.6638096428569575e-05,-0.30547172489328722,0.95220114259110189,-5.1486290723514312,11.124617619626651,-3.7600618166446287,,0.07541032759415059,0.28,False,5
0.70904708901323532,-0.56272885688624452,-0.42495700863658836,0.68467228105662581,0.69360374440469252,0.223914522308194,0.16874860922263549,-0.44972222468462741,0.87708256595951994,-29.331516969510751,12.685870178963395,-12.894673049753351,,0.2122710702828704,0.3,False,1
-0.019951000764912376,-0.95505801137562241,-0.2957467708627089,0.99899552385528001,-0.030913944846190925,0.032438731959821228,-0.040123570199982569,-0.29480251512035616,0.95471544252364504,-4.9571873850403065,9.1247611576506458,-3.66468000565748,,0.08904131024613704,0.373015873015873,False,2
-0.36768716091153836,-0.8503042933979611,-0.37654848337206975,0.92006532946133146,-0.39150239920648067,-0.01434088347281217,-0.13522551986967485,-0.35172216314096949,0.92628590550186685,7.6374666592755638,10.033716311138786,0.40929172130575514,0.4646758531699381,0.3041869632731508,0.7368421052631579,True,5
-0.66026707707607746,-0.57941788993027721,-0.47783082336550564,0.72303950783117843,-0.66248825150695012,-0.19576308827383754,-0.20312867115367861,-0.47474648544671516,0.85636120738350352,-10.708525958196152,-13.316009091318191,-4.1838822476698292,,0.5041399046688059,0.2173913043478261,False,1
0.50142676080203552,-0.82011342049740821,-0.27565409678003799,0.85866970542243537,0.51078018514577628,0.042307676043406885,0.10610155767624488,-0.25791002303611016,0.96032540291100643,-3.3093220673140165,10.222518668220848,-3.1202643662551495,,0.07761996841234928,0.3963963963963964,False,5
0.70240988330105336,0.70128422452370098,-0.12174067633782792,-0.68097202583416905,0.7118819244963126,0.17175920821526264,0.20711701009890099,-0.037743370406171484,0.97758783856903331,9.5854838159099938,14.036703522282803,0.7389593192650763,,0.1872105124491472,0.2380952380952381,False,4
-0.9542443922191064,0.03444918350672313,-0.29703685575044175,0.0029708738476858379,-0.99220064149697984,-0.12461565279515802,-0.29901306631478453,-0.11979624688905061,0.94669955392633887,2.6572858752821338,-7.5505709781884853,0.067605161397862559,,0.6161427433765313,0.3125,False,3
-0.82029683415426846,-0.47400964304983806,-0.32004368791190013,0.51935286422350257,-0.85171373065591693,-0.069687326215204376,-0.23955313877995565,-0.22337989906870603,0.94483634265026373,-7.3544905389156874,8.0039180388987052,-4.3654904800704513,,0.1181473073106282,0.182741116751269,False,1
0.34933497958000209,-0.8863047434012884,-0.304021337846893,0.93458833130447483,0.35283984591482198,0.045262502408960965,0.067154471417441408,-0.29994657017405596,0.95158937153031697,-6.2335884929995649,-7.1213545799077806,-2.9215684790300549,0.725783971499977,0.521750992214798,0.7894736842105263,True,5
-0.34304419146517284,-0.85102521088312488,-0.39758869846027994,0.92847704929011732,-0.37133690460056568,-0.0062667553956222179,-0.14230618975829562,-0.37130175561529982,0.91754234487214448,-22.655612209183722,13.892338457854747,-10.462902526655338,,0.1688527292129341,0.3846153846153846,False,3
0.92921138451067464,-0.19752266243243211,-0.31233155575663363,0.26644327844780979,0.94374190113830336,0.19585505713625118,0.25607456387884081,-0.26520939248349562,0.9295643043236963,1.1779364481775023,21.246945029658765,-2.3785903079707968,,0.3444478962399021,0.3157894736842105,False,5
0.26076779833421276,-0.90167214699384712,-0.34494564019194873,0.96465872196934532,0.25738031781180126,0.056470542157531438,0.037864303511311058,-0.34748051936562163,0.93692239976478375,0.81439693436666682,19.588775424230711,-2.3978841606873478,,0.07975079919830577,0.2,False,4
0.56005366781728272,-0.76757563449005684,-0.3117170744466764,0.81914185311738918,0.56932643840850705,0.069814260724393867,0.1238810463138648,-0.29444023479523052,0.94760668765997591,-35.963715210330328,15.438129693149458,-15.472691581496669,,0.1147207067383664,0.4166666666666667,False,1
-0.12433028851835495,-0.93533817729600488,-0.33118646326432172,0.99012190879482354,-0.13875179258066953,0.020162980438069737,-0.064811920828175842,-0.32540810399902176,0.94334987187698494,-38.54902841147009,13.897658223849072,-16.187591137372753,0.3613374382222656,0.4124308506268632,0.8723404255319149,True,3
-0.9663556527020829,0.012739240057571665,-0.25689387741533409,-0.013292102918605978,-0.9999115696957207,0.00041567852869853553,-0.25686586478302309,0.0038163531536790913,0.96643952886762352,-8.3176854760082364,13.801697221748164,-5.0360912263607931,,0.1533398448261389,0.2545454545454545,False,3
0.65983342911863985,0.7092655137670778,-0.24811746572593421,-0.72480791777058995,0.68785870856452902,0.038779883818812415,0.19817499376712239,0.15424923997434054,0.96795343060125572,-15.812335326671692,8.5770126400731588,-7.4734996778184435,,0.0835800065943191,0.2467532467532468,False,5
-0.1184696619757887,0.98456480186259021,-0.12882969426580657,-0.99201819881745923,-0.11171463161773457,0.058478494316101547,0.043183705333225172,0.134729328714251,0.9899409960082981,7.5856891311042336,15.021067823350503,0.063101433371513277,,0.4724567023349088,0.7727272727272727,True,5
0.72090284922823855,0.6574384731435956,-0.21925723706465083,-0.65792605040190588,0.74864927332479947,0.081593981106437591,0.21778979355597788,0.085433714544474196,0.97224929223012424,4.2050555584156619,20.301676581347706,-1.346325445858547,,0.2606120037580024,0.8518518518518519,True,5
0.69019327804515096,-0.66365538661888901,-0.28843503038469731,0.70510234593940824,0.70639961733673284,0.061889113560142137,0.16267735150300261,-0.24609166673873772,0.95549723749978399,2.4149795775335527,18.836652931950393,-1.8530106561364277,0.8334562555732954,0.7353497507382831,0.9897435897435898,True,5
-0.66116672717404712,-0.68080323414439681,-0.31522296118222121,0.72212418470887796,-0.69143557397733368,-0.021295748335601893,-0.20345815475546095,-0.24171016407500179,0.94877867590199283,4.6049276024180363,2.4842449283259915,0.075518787177377908,,0.06786572355617848,0.3366336633663367,False,5
-0.18610155644317222,-0.92964303482937816,-0.31800949432784531,0.9789829413712402,-0.2029278654317753,0.020314574458209549,-0.083418290521585198,-0.30754529621590121,0.94786986426509512,-11.239585621624403,-2.4644018330143704,-4.9969326639952394,0.486825526920845,0.4326955208359238,0.9857142857142858,True,2
0.94739906966823695,-0.16165907485910366,-0.27622698330803541,0.19805716740082724,0.97408652423293207,0.10921905396480025,0.25141273084893623,-0.15818276398996181,0.95486640528587896,-16.690463073055462,12.620711565378173,-8.1445819627672762,,0.09211223601656628,0.1333333333333333,False,2
-0.67605820028250052,-0.67944458203080704,-0.28513219702406195,0.70708599043441578,-0.70707793233975202,0.0083785278851834614,-0.20730342969224638,-0.19594860945442583,0.95845157962763539,-18.01131667126824,9.45695482073722,-8.4702545458904304,0.3066239555768645,0.3090525454822415,0.9190140845070423,True,5
-0.36968246129103982,-0.8603924444107196,-0.35079868787489149,0.92011433587433589,-0.39153869129044194,-0.0093307095709686191,-0.12932318714108701,-0.32622430139938169,0.93640440966718941,-16.428844787971546,17.322765454602134,-8.4393896520594556,,0.4635163466869984,0.3478260869565217,False,2
-0.89228322772343027,-0.29942684453680274,-0.33789673909966877,0.37318451273149511,-0.91037685637226418,-0.17873807327793803,-0.25409439383979482,-0.28558281487597681,0.92405546092574997,-13.327748127018493,-3.3490359467753974,-5.6540682052631928,,0.6099282476055177,0.3333333333333333,False,1
-0.86729252859480044,0.43537265454037821,-0.24135932035473806,-0.44475132196384759,-0.89548965771073907,-0.017162008755185296,-0.2236066444787512,0.092460394827014722,0.97028405322018241,-11.912861442089234,22.437897668558151,-7.0076597134234841,,0.3212170790054162,0.8395061728395061,False,5
0.71014999065687878,0.69307792586283901,-0.12381429421395293,-0.66864039830323829,0.71899198193516956,0.18965903002447143,0.2204699719393127,-0.051899119401019406,0.97401204965774291,6.0035196096682082,-9.0971927191515576,1.0963365043393312,,0.685965753674292,0.3103448275862069,False,2
-0.24515561853870771,0.96032018715350553,-0.13298067846254383,-0.96879944824307851,-0.24781973008415084,-0.0036070022073722008,-0.036419112877841671,0.12794733106428394,0.99111206666588225,-10.764854142389815,14.656632528168174,-5.9514055060595954,0.5399971506418351,0.4410810214020568,0.5128205128205128,True,4
-0.33449411036728954,-0.89109548775502412,-0.3066961392522462,0.93474998354106653,-0.35509511987897519,0.012244350048658276,-0.1198171874130475,-0.2825885481415939,0.95172871873221032,-2.733746722415785,22.1218101429989,-3.7801904553267152,0.2217273820069418,0.140465334788056,0.4,True,5
0.87541100627833746,-0.34021638061835052,-0.34337790325776263,0.42781767992953246,0.87598423720065155,0.22276366156917007,0.22500578398445625,-0.34191289904731781,0.91239682520195031,-26.84797175165755,13.662804819108368,-12.106049816569305,,0.2617196147757591,0.32,False,4
0.36002543664560671,-0.81851379916897082,-0.44767940039510068,0.92770427293922642,0.36487216947301215,0.078949869628504893,0.09872419631701515,-0.44373805393952209,0.89070201108312563,-12.782274829604011,18.388874152733283,-7.0342858258893495,,0.4766626032353316,0.2666666666666667,False,4
-0.43114666301845983,0.86608203366272707,-0.25301080201185122,-0.89806865866203112,-0.43898340599985375,0.027681285839831496,-0.087093279287356634,0.23915576560769156,0.96706736088008483,-2.577270821113252,11.775409063432379,-2.9473047158793562,0.5008039673267963,0.472357569735352,0.9718045112781954,True,5
-0.051387802043283991,-0.95629096813260583,-0.28786607662099251,0.99758650186685016,-0.062630512491035573,0.029976494094054097,-0.046695450465980795,-0.28563088623801369,0.95720140604402881,-0.9805872668151715,19.275491252831532,-3.0122189376932456,0.2475930529184246,0.2355772177151238,0.8382352941176471,True,5
-0.90440413015280741,-0.2929941174420268,-0.31017352644433099,0.33514118867816745,-0.93772213436611462,-0.091419813887604229,-0.26407111355452945,-0.18663238160680234,0.9462741680516511,20.330329639289175,1.8037946838642007,4.6860519148437012,,0.4061513596763948,0.5434782608695652,False,5
0.59042833783492477,-0.75298571271066528,-0.29052864632441827,0.79594864042053393,0.60284968139233663,0.055118267914195954,0.1336418336232742,-0.26378926835405769,0.95527748963693249,-17.882492673535992,24.393244313178972,-9.4602101342097189,,0.2730162304969941,0.7105263157894737,False,2
0.93255881479018632,0.27985391059069792,-0.22806982633442965,-0.24961619944891286,0.95623136788292018,0.15268701336210727,0.26081757979439141,-0.085459696956246223,0.96159806066066056,-1.4463787057863462,-12.475163151420869,-1.1207224809373013,,0.6866305206044045,0.4054054054054054,False,1
0.55014955420533473,-0.77170372135845655,-0.31907496681685982,0.82658661902651176,0.55755666169158025,0.076714602584255845,0.11870142903095476,-0.30594760244991243,0.94461951880170203,1.6367073666431229,9.5146761964533848,-1.3424826638829064,,0.09178717068984416,0.3333333333333333,False,5
0.61484223040343966,-0.7332343700502475,-0.29040728346503325,0.77602109171157474,0.62812041485812997,0.057061455092089555,0.1405713232892804,-0.26044596947441384,0.95520029316014854,-1.6971872639996324,4.8184457106174747,-2.1571673731973857,,0.09358762432068804,0.4191176470588235,True,5
-0.48399869876296481,-0.82485487929816848,-0.29216380284655236,0.86103897344421787,-0.5084573562445005,0.0091106032170623734,-0.15606776030264111,-0.24715490077855062,0.95632489731014558,3.5205342448182826,8.3625487620149226,-0.67339145304420134,,0.1161822277547328,0.2,False,5
0.92175501306307239,-0.24953612326904753,-0.29681546300175821,0.30599505970052909,0.93823948238262589,0.16147351837762758,0.23819051058336269,-0.23966309036277372,0.94118376727703945,1.7116046430530518,13.407799330497333,-1.6930225193475603,,0.1357482350410723,0.2916666666666667,False,4
0.60501291737315543,0.7944816746360015,-0.0525189344826969,-0.76992150539571236,0.6005701654963026,0.2157228588836701,0.20292916335712674,-0.090079659098590059,0.97504123485925387,-20.748653078915915,8.8173435838358216,-9.3240378235952761,,0.3643957470562659,0.359375,False,4
0.79722108419949156,0.57534988522069208,-0.18278690457558255,-0.54698946581629659,0.81654849507138383,0.18452934585767114,0.25542330980900907,-0.047128173879263324,0.96568000291660627,-5.3658200220435006,26.936036334835109,-4.9850945563506412,,0.2316486667149691,0.2666666666666667,False,2
-0.043851796107521927,-0.92995485797903665,-0.36504928721932473,0.99852803845834648,-0.052472812295247709,0.013724444701239194,-0.031918276749755517,-0.36391010715700156,0.93088702725857619,-10.906322069217456,18.601894822985475,-6.3758958506529231,,0.1925446381932882,0.4117647058823529,False,5
0.087667225268278054,-0.94440980289660215,-0.31686682029925728,0.99590999547467718,0.076114308572140243,0.048681546238933476,-0.021857230551682393,-0.31983860965084537,0.94721989276472907,-11.866941785116554,14.431948754310403,-6.3195638468937858,0.7618041127130654,0.5589313667153317,0.8810408921933085,True,5
-0.089527438127225217,0.97372932124218303,-0.20937059673128183,-0.99594226250184292,-0.085590607371666377,0.027807511439516954,0.0091568326994364603,0.21101056106978722,0.97744089106806264,-3.0863724775804382,13.274313186066326,-3.2108618149054435,,0.06956729950817273,0.325,False,4
0.38921914223532506,-0.83326271709916178,-0.3926597809938267,0.91781190746902475,0.38704250761624159,0.088427370232310051,0.078292795490186626,-0.39480544777225873,0.91542279662660708,-29.132806815384665,5.942812222657416,-12.321998919386239,0.4817517672823798,0.4038182798943445,0.7272727272727273,True,4
0.77223690570713588,-0.57054761369205842,-0.27950953825256974,0.60703286711858739,0.79244163326619399,0.059559685225774595,0.18751335872853025,-0.21566566341609311,0.9582938285941538,0.68672077595470082,16.571984955423527,-2.3349171055098976,0.2312006774468603,0.2377432743889885,0.9010989010989011,True,5
0.78071417115585828,0.59128130355298547,-0.20216775960845512,-0.55413935863070629,0.80461943384561574,0.21334745813885075,0.28881647143604755,-0.054534271303845971,0.95583003671185607,-10.362838563593497,11.625679396583283,-5.6826835757162346,0.6356059435092037,0.2675964268872967,0.2183098591549296,True,3
0.88662380007041253,0.39150109335597633,-0.2462217111665341,-0.38805909071530853,0.91937665475176078,0.064472543075869096,0.25161156424518533,0.038385682207522073,0.96706678163379933,8.7664473947424586,5.976081157826898,1.1991606416146379,,0.07264908265277141,0.3725490196078431,False,5
0.30859519303859023,-0.83137048188762419,-0.46216028461932257,0.9498030461114888,0.2955882445530984,0.10247811122065714,0.051411870524334637,-0.47058549863755428,0.88085532753184415,-21.44459727647245,21.998570698112438,-10.682222440286971,,0.1186826394675037,0.3076923076923077,False,1
-0.87405613372596358,-0.39504995969830486,-0.28277447628523289,0.41619447048808078,-0.90912843682295108,-0.016359954003699925,-0.2506153184287947,-0.13198869156948539,0.95904689534277165,-30.381280361841608,16.075012508671506,-13.496226278317842,,0.09027992799757101,0.2857142857142857,False,1
-0.42493147834181466,0.88848771961990058,-0.17327091734872285,-0.90154190984556581,-0.43262765329782527,-0.0074497244261522676,-0.081580779024528122,0.15304537133361679,0.98484602390785214,2.7815278395625516,16.538653733095416,-1.6688854771790897,,0.3708605307956569,0.8611111111111112,True,5
-0.3698069322483738,-0.85749823789758373,-0.35768646167220985,0.91974521368497408,-0.39238245137410638,-0.010234928296194806,-0.13157345767527687,-0.33276535855792683,0.93378565066035735,19.694321716050407,-8.1486072893205641,4.985268456319484,,0.1339393753437451,0.25,False,2
0.96135180362145733,-0.048089804669424391,-0.271090539046694,0.093208800302183592,0.98333303003054096,0.15610340033831055,0.25906529914289594,-0.17533830938449194,0.94981137498041679,-17.947643851420448,12.616089529166834,-8.5716150892215079,,0.4601320457114049,0.3478260869565217,False,3
-0.9450638786625738,-0.18175398826451444,-0.27169790760547557,0.19043776679870048,-0.98168267005539067,-0.0057089657243377979,-0.26568350009734237,-0.057136880058860848,0.96236565541023134,3.0886453675765493,1.3424938608048533,-0.26354955343067982,0.4580232778965899,0.4251905472161692,0.9532794249775381,True,5
0.30164592340232022,-0.89793201176868587,-0.32051183930675919,0.95190878140170054,0.30256041891449936,0.048237586969207567,0.053660122857582288,-0.3196487058433411,0.94601548405276459,7.4897048796828019,3.3861213886049311,0.92610461210463813,,0.1229771114154547,0.3943661971830986,False,5
0.37347222695871252,-0.86949852719931353,-0.32325037801791268,0.92491218551821264,0.37574415001865819,0.057911853766550753,0.071105166974152659,-0.32060668259563718,0.94453978757096169,-24.372412917694025,10.817657546152679,-10.996307857855285,0.2098272207076334,0.2107868637784481,0.6976744186046512,True,5
0.40444774867521538,-0.84573892008109797,-0.34806277831966942,0.91074425964375183,0.40718529689365435,0.068884160150070844,0.083468030511710464,-0.34485622084237377,0.93493704324345395,-22.186729123908378,18.466493099781598,-10.761411964286749,,0.3447590816781423,0.5,False,5
0.90230492495626891,0.34259689068408539,-0.26167382920968052,-0.34088426850169001,0.93858698103125826,0.053407813348743477,0.26390100016431889,0.041010358840461759,0.96367754595613941,10.030759224999576,5.5665446052422274,1.527864670271698,0.3516161085502608,0.2573545490079764,0.3720930232558139,True,5
-0.32531208323092825,-0.88614988345152423,-0.33001580653478307,0.93832692470113477,-0.34573259515950511,0.003399268330723966,-0.11710948247201922,-0.30855689378641887,0.94396928573551209,7.9248007055436283,8.2431941643227002,0.63426202601069726,0.1667133312751342,0.1016598203797044,0.25,True,5
-0.92962823520116533,-0.25286927376320734,-0.26804565787050771,0.2627809453184668,-0.96485484284335954,-0.0011432494248213021,-0.25833605844770896,-0.071500088308913745,0.96340553157926112,-16.100872566248061,11.233719626594532,-7.8719405661012321,,0.08046731906977493,0.2105263157894737,False,5
0.83699779450841083,0.51581431845358627,-0.18267534279786574,-0.49024723196134656,0.85515643884258574,0.16841946639359726,0.24308916788350152,-0.051410640769480709,0.96864059509881051,-35.305578250782403,20.182957780867959,-15.568317953522769,,0.5331090942414033,0.4375,False,1
-0.42253743915198716,-0.78160307973905074,-0.45886679794610563,0.89473707693734683,-0.44048601969656387,-0.073604548809777529,-0.14459486736566204,-0.44166581506191949,0.88545108963578423,6.4034843973990707,4.8620524028745864,0.49741966866820991,0.9564568732517356,0.4911397717088002,0.3125,True,1
0.91792466333492462,-0.27380042692123613,-0.28713696846489717,0.31267869707508888,0.94471257040013457,0.098743059115025775,0.24422601179417264,-0.18042030247651569,0.95278652888115156,8.1914333089875857,-13.769473387098337,1.9724462458631506,0.5068267205318611,0.3291180618954468,0.5483870967741935,True,3
0.65483702262870513,-0.68339656120461933,-0.32273458743753158,0.74028663114187421,0.66599324730185483,0.091807942472014237,0.15219782372750007,-0.29903534018913419,0.94202637318207916,-28.207096209621877,13.935213379785079,-12.567902046558773,,0.09428576874074157,0.625,False,1
-0.5827080109309245,-0.76185998465051141,-0.28287936967062266,0.79159166822976224,-0.61087557943198978,0.01461701894551592,-0.18394022068636459,-0.21540749810987048,0.95904411002408985,-3.4143204233546531,-2.5865964314264738,-2.1603092602002958,0.365216507895685,0.3310049508780866,0.9297439264609324,True,5
-0.96526456731175769,0.075288792028186433,-0.25019175223692186,-0.018825297722315448,-0.975134710433748,-0.22081192149192536,-0.26059532470501268,-0.20843198963265339,0.94268031826259224,-19.104712870832198,22.323050152464347,-9.7884897177256907,,0.3647748352778914,0.1764705882352941,False,1
-0.95215638827426485,-0.138609177278952,-0.2723705348281259,0.16189261968609775,-0.98467549337127169,-0.0648456046715227,-0.25920839484800601,-0.1058379361481267,0.9600048642127943,-22.269800541694586,9.964488477744613,-9.9986215550953261,,0.1295562383502981,0.3265306122448979,False,5
-0.449802320672961,0.88111371338491007,-0.14600169999789211,-0.88848110649142276,-0.45809689001541881,-0.027359875108989261,-0.090990085861027428,0.11741321664641005,0.98890593123499237,-0.46095671474198846,6.3632876225535631,-1.9764954209038965,0.2238318099250696,0.272030266416312,0.2989690721649484,True,2
-0.84475902598631969,-0.39479540150566367,-0.36127382823092163,0.47267265880644904,-0.86699465620807736,-0.15779994842673123,-0.2509237845073396,-0.30406719168075125,0.91901055342792159,-5.9317822025982689,13.69735796601943,-4.1993950876730848,,0.2530361131686726,0.2631578947368421,False,4
0.93590080096381845,0.24787596316203436,-0.25029422215020802,-0.23954280955750926,0.96879172760435683,0.063732494966550229,0.25828072546084169,0.00030888810325534199,0.96606985846964621,5.1999180090170363,6.6359107283915595,0.0060667718701881432,0.1534283403838444,0.1354556486092532,0.5057471264367817,True,5
-0.013610291981238223,0.99048439500743779,-0.13695044066717965,-0.99916156731255712,-0.0081830009829520784,0.040114846384189412,0.038612463761064919,0.13738159171323577,0.98976531354692254,-10.323091107185707,19.73460514022447,-6.3480891697033819,,0.1802156044928499,0.1904761904761905,False,2
0.90207772167183098,0.38842655029264306,-0.1880973128226909,-0.36602895743098607,0.91949230581911134,0.14337608538888524,0.22864511012778269,-0.060487309141771764,0.97162888957021221,21.29654621351759,5.4781641659239106,4.7445261748069525,,0.3923073629635632,0.3636363636363636,True,5
0.13074448642710917,0.97849673382686897,-0.15953062765205847,-0.98990599739723117,0.13772212261052383,0.033447470168064881,0.05469913697585374,0.15354725277190759,0.98662619343918512,15.764746270839074,4.2704336398566767,3.2398852635072548,,0.1382216177278613,0.3529411764705883,False,5
0.95757979223087186,0.13365705749134171,-0.25529734133719095,-0.10235218183730062,0.9859171324300402,0.13225520350471115,0.26937886402653438,-0.10051467039036929,0.95777441428140653,-16.404372948992993,19.222589201439213,-8.4732241635624206,0.3416255546140706,0.1580878355155049,0.4583333333333333,True,5
0.96849451072997816,-0.0011918502577942733,-0.2490320505052806,0.047140309136073165,0.9827869867186636,0.17862678967894674,0.24453256212712662,-0.18473851311898723,0.95187998604347734,-13.336449381565691,13.199279936047372,-6.8814889524748093,,0.08145001218909648,0.1666666666666667,False,4
-0.54443287933372808,-0.70168161529565753,-0.45960390626763048,0.81742552641508637,-0.56674235522397431,-0.10304664749618578,-0.18817106224232955,-0.43179394802528365,0.88212563605380734,4.981300803999325,10.183972432742722,-0.46250791971604016,,0.1313915285091786,0.2631578947368421,False,4
0.535205921659339,-0.76265849479132986,-0.36318953969436019,0.83636197158010894,0.53876818801936177,0.10113106383781066,0.11854650528552582,-0.35788386370575204,0.92621048697562935,3.6654091293688018,3.4256066703059362,-0.28794570397181618,0.4256664995906655,0.5804418427321083,0.6951672862453532,True,3
-0.84907503546098417,0.46757632878431005,-0.2458535354993224,-0.48339023510698775,-0.87539309581637681,0.0045616225437966687,-0.21308558083582496,0.12271635815003527,0.96929625537410025,-14.000674571346464,7.9596917024032505,-6.721269812010787,0.366408118117148,0.2379076827379915,0.8793103448275862,True,5
-0.080445915222534942,-0.94562250234506307,-0.31516112987275452,0.99492038815708272,-0.095373752592305336,0.032206653750786657,-0.060513436139175356,-0.31096933992778808,0.94849153589871715,8.9557309898810669,4.9293536782655369,1.2375611839218839,0.3445903416395802,0.2351872781314984,0.8369565217391305,True,6
-0.36303202188729461,-0.86919590880664788,-0.33571747526485385,0.92050226745781227,-0.39043133335302327,0.015457992793581838,-0.14451064559211146,-0.30341695082833664,0.94183588127687412,-15.649119500236194,20.835684025536757,-8.3667958210267308,,0.1228198242606431,0.2631578947368421,False,2
0.75927567036142629,0.61366989559536889,-0.21658650843756547,-0.61196606451450797,0.78650394906785348,0.083120839645040884,0.22135490118773479,0.06943196195298211,0.9727184640889307,-4.4218584507979761,18.151856461408347,-4.0896141741463774,,0.1025933538213441,0.1666666666666667,False,4
-0.61645929484427875,-0.72663307820799938,-0.30328585106143885,0.76326457875224984,-0.64607657903014826,-0.0034981210456861596,-0.19340403465865044,-0.23364379658503037,0.95289320267020905,-5.5928453494297923,14.768001057187675,-4.1781103581285679,0.2937452666475689,0.10986480276741,0.2790697674418605,True,5
-0.93099757505260827,-0.15122336747174697,-0.33222734441443591,0.25560225993817326,-0.91984559374067809,-0.29757615561458928,-0.26059739054845066,-0.36196073931624784,0.89502705167663754,6.1083655563081054,3.387712250361302,0.56474172413170787,,0.1657159035876049,0.1842105263157895,False,1
-0.37261706965501767,-0.8575264066449324,-0.35468997914846351,0.91684768148155327,-0.39923203862081941,0.002026894315183634,-0.14334171885256541,-0.32444142960678507,0.9349817700849028,2.0584165898022908,-3.3393910198574108,-0.26706948509320877,,0.4566918051897451,0.2365591397849462,False,3
0.43362490166060669,0.87384195351947791,-0.21993109131974189,-0.888876526160299,0.45486413885790583,0.054746108740767636,0.14787821307085597,0.17175230842791928,0.97397801753871871,-17.611060972568431,13.716281188544686,-8.5510709471715565,,0.09684559191634093,0.4074074074074074,False,4
0.96206640207123906,-0.070830085047614066,-0.26346031400923958,0.09162991486283284,0.99350258769231248,0.067502347743670907,0.25696730669081097,-0.089082586967517002,0.96230561465224984,5.8070998705643504,15.759041288489023,-0.52818498687465354,,0.08143345444859051,0.44,True,3
0.1481522679850075,0.96253612510463982,-0.22710154856240933,-0.98596366029127003,0.16163118894088149,0.041845183075223898,0.076984193675977766,0.21771441530156627,0.97297166828945114,13.063020041959142,8.1564847552741924,2.1940169941029577,,0.06941764480728796,0.3125,False,5
0.8777993542474759,-0.37678315717284172,-0.29580863096532556,0.42383351159476962,0.89865689422197692,0.1130528235673823,0.22323406579633165,-0.22461130634537713,0.94853377005242301,-13.062464269054285,16.509216143163822,-6.9997401352980297,,0.1041992473070658,0.4761904761904762,False,2
-0.6555588129745441,-0.67347772277867624,-0.34157049001963746,0.72507420295506453,-0.68775258391769778,-0.035549733101785712,-0.21097403380625948,-0.27096889163772786,0.93918359058500211,11.267222808007713,4.3409735859724146,2.0252357504823091,,0.5573244454705286,0.792,True,5
-0.53998969720423218,0.82249391921401116,-0.17864736149537191,-0.8344621030796211,-0.55088751691376181,-0.013997936723896973,-0.10992781921432834,0.14151571137003224,0.98381358904937699,-4.3528482230155818,15.663102470638643,-3.9011841881833229,,0.1611734432959776,0.125,False,5
0.68443411499647699,-0.59506083064771709,-0.42125117217384278,0.70979654745227727,0.6758445805613017,0.19855216984647656,0.16654970265303656,-0.43489850626872217,0.88494321048947455,-14.392010044555949,17.750287936956902,-7.648250325491297,,0.3829768918377308,0.6086956521739131,False,3
0.49164999194952413,-0.79391342973158741,-0.35774537244786531,0.86407745344812958,0.4957101767203802,0.087416103427494049,0.10793720331113645,-0.35209783695399011,0.92971859901461229,-14.517775572756506,15.090699816887051,-7.4603625287596715,,0.1472986335645551,0.4,False,5
0.88465998821001823,-0.36782811897672113,-0.28649464244606299,0.42541264090796044,0.88827714965716287,0.17316983095406974,0.19078991120068456,-0.27507486305911971,0.94230198423702893,-26.822516419692558,11.516820560480094,-11.857893952506451,,0.1878923297101711,0.2857142857142857,False,2
-0.64152766612703549,0.76399243617834267,-0.068976887838474166,-0.75212177988619577,-0.64413569850155594,-0.1392911703473512,-0.15084787640010422,-0.037480119772956039,0.98784622224685648,-5.0011754722070663,-6.0479589499317408,-2.5203208717865229,,0.4511259123666767,0.2586206896551724,False,3
-0.42477995450688094,0.88093935591625228,-0.20858533372936469,-0.89908020257894561,-0.43746754869270504,-0.016641309185215298,-0.10590929883506177,0.1804660495457634,0.97786258000887427,-8.0125670692820403,24.044196198253534,-5.7263289359513951,0.4943098267194943,0.5833316650093036,0.4337349397590362,True,4
-0.90314031801460259,-0.32568573252063071,-0.27976127253246136,0.34462597829163383,-0.93852813111668765,-0.019946984462602266,-0.25606737602243695,-0.11442792812559888,0.95986235898792638,2.7566288747635759,-10.327293947082236,0.12217327614674049,,0.1956561895481174,0.25,False,1
-0.6284958039036711,-0.6632272481936563,-0.40635285372315089,0.76065006443265615,-0.63322405774017398,-0.14296423391067026,-0.1624946274621849,-0.39894474548806758,0.90246251229255336,-6.295265210901662,10.104423969635247,-4.2325688231199043,,0.2899142104694175,0.2957746478873239,False,3
-0.93754352896605819,-0.18158558564820476,-0.29671334041237024,0.22942993334839878,-0.96391193899163652,-0.13503954810769914,-0.26148429585276795,-0.19468037639726504,0.94537056970703315,10.314977410633675,-7.0983277076526452,2.267631820280009,,0.231566839930314,0.2857142857142857,False,1
0.0011269451889431325,-0.95639380355705583,-0.29207811029279263,0.99937762440156297,-0.0092208335821256319,0.034049083299543481,-0.035257535932473008,-0.29193469945472111,0.95578817601718236,9.7413301111727577,7.6681343296309548,1.1476660758468602,1.021845688097228,0.2672522922648278,0.1923076923076923,True,4
-0.89345392364874787,-0.29072668766729171,-0.34237125959207171,0.37224268610589906,-0.90584112578683051,-0.20220592838468585,-0.25134730743996797,-0.30810687741634829,0.91754819117658648,-1.7991466224753871,-5.4904481760096067,-1.4154852693602553,,0.6920103437240452,0.3800623052959501,False,2
-0.4125495322642434,-0.83645254655892554,-0.36076310895605912,0.90730979527457267,-0.41260776045440667,-0.0808935807812389,-0.0811900167961912,-0.36069651144402048,0.9291427273593369,16.120618598701189,10.857553726541285,2.8957172156806776,,0.1976175199085372,0.4166666666666667,False,3
0.73723454335829797,-0.5882062743001425,-0.33241330742499992,0.65190834240629947,0.74853602513971285,0.1212820356405291,0.17748448151980201,-0.30611631440023768,0.93530319195310274,-28.766735139271621,14.506455389104955,-12.840859595598049,,0.1292846206222482,0.1428571428571428,False,1
0.43806663183547806,-0.83070757004392726,-0.34354411528075135,0.89259413806746024,0.44729404011786023,0.056601646289224081,0.10664581923323592,-0.33144075601343381,0.93742930106398759,-25.533018949055467,22.862513108878879,-12.119489374770996,,0.1548209413686226,0.631578947368421,False,2
-0.06096261066313706,-0.94541075356638371,-0.32012820422789745,0.99650508886360734,-0.075997163493266212,0.034670434233118372,-0.057106636830319399,-0.31689578441819233,0.94673961248482141,3.214641957818702,-15.655007236573613,0.51412031993748897,,0.3713259773349247,0.7586206896551724,True,3
-0.3722967460788898,0.92613830780654327,-0.060522455934159058,-0.92537491568727814,-0.3754140471865024,-0.052398078130907369,-0.071248847540382979,0.036498328568335014,0.99679058670108078,6.276699346123678,-6.7815841485120227,1.1301721134919216,,0.6292014548118962,0.2317073170731707,False,3
0.86347946741637471,-0.37568912293023643,-0.33654255639108122,0.45676889965614503,0.86544422003966748,0.20583603743476622,0.21392844985473244,-0.33145736514948909,0.91889642149205819,0.60909068309792558,-5.9698928141176184,-0.56257525192432312,0.6367765643134043,0.3963344552337501,0.2903225806451613,True,4
-0.3678582685181141,-0.85608639290250443,-0.3630377145284418,0.92065458975752068,-0.39016771443602083,-0.012817213822957373,-0.13067295298288301,-0.33894725621982991,0.93168628671875553,-5.9102689242273296,25.675462434661075,-5.1369592149113403,,0.1234655619399855,0.2272727272727273,False,1
-0.54121583454340982,0.84081846885031886,-0.010474868957876526,-0.83348277701664175,-0.53805985814715185,-0.12569029185777744,-0.1113188252547912,-0.059294953333915434,0.99201422754566448,-28.931755982023439,11.983618458875528,-12.693370192644521,,0.569894980255728,0.2545454545454545,False,2
0.40397804338502169,0.91456253646377039,-0.019419252296694667,-0.90659058341526422,0.40310849222559747,0.12488818021884655,0.12204611638876192,-0.032846771417577053,0.99198076346361741,2.7077079624750078,10.416708743633096,-1.1196954947965232,,0.2941304175706492,0.2181818181818182,False,4
