axis_00,axis_01,axis_02,axis_10,axis_11,axis_12,axis_20,axis_21,axis_22,location_x,location_y,location_z,dbh,dbh_approximation,score,reconstructed,number_clusters
0.24061574043345868,0.9699454814610442,0.036191552176756708,-0.96961273977398277,0.23850012779923876,0.05448691501395856,0.044217647197131726,-0.048202199462796635,0.99785838055472553,-28.486130754124442,7.6395967602268184,-7.9456394523133547,,0.1317815294585059,0.1333333333333333,False,2
-0.37104591207707144,-0.75996562773438658,-0.53364517780373044,0.92207147141107715,-0.36961798629190618,-0.11474644142337448,-0.11004150462759925,-0.53463519232444567,0.83788786743065902,-0.75332802127327037,5.9194913325555207,-1.2547791266724055,,0.3089692643689181,0.6170212765957447,False,2
0.89603166245108845,-0.33544204691082635,-0.29087092162919115,0.37919719302031485,0.91894931176529882,0.10835890001102449,0.23094750202297959,-0.20739044233127066,0.95060636213891747,-11.207052711123531,-31.176187729293243,-2.1958804843827266,,0.2896951020235343,0.2727272727272727,False,5
0.12785439464659423,0.98794929414873944,-0.087232138346829441,-0.99062701024088906,0.13147271702264457,0.037054706312169366,0.048076817186149465,0.081676905363089553,0.99549862017963553,17.959518152486687,-14.176764193915483,4.4930647853220869,,0.07421959230077527,0.2727272727272727,False,1
-0.58203109261046504,0.796227049060101,-0.16511297217272897,-0.80092565841368735,-0.59642633648752885,-0.052855603663821027,-0.1405627864310825,0.10147961119904432,0.98485734580274154,-15.512027309616952,-16.311021625925523,-3.9665899530189237,,0.3128118172339785,0.2068965517241379,False,3
0.4619450398260036,-0.78537640830020239,-0.41205664351594473,0.87455424343992805,0.48064018479406545,0.064341961753914184,0.14751832245984792,-0.39008833620937822,0.90888361988322353,-16.74375954432778,-12.174891508786654,-4.3666248765566795,,0.6400505035163769,0.8588235294117647,False,3
-0.028289767059672129,0.99734261756498865,-0.067137115430487809,-0.999570355717885,-0.027709859846641569,0.0095534097211578874,0.0076676625988838336,0.067378534088362613,0.99769802049235967,-23.210350137099507,-8.5344287406007258,-6.0890248672851017,,0.3741168682945568,0.2,False,1
0.4319236968360865,-0.77300390021477183,-0.46465782072854372,0.89574471989575277,0.42779700953322825,0.12095914770411685,0.10527733322196088,-0.4684599117183646,0.87718982792921951,18.315350208284947,-16.64253602265202,4.8306981035173049,,0.1741453157592605,0.4347826086956522,False,5
0.35436691248154584,0.92520882907445934,-0.13569345577795516,-0.92991112582672553,0.36394327086691053,0.053015032343341553,0.098434696128791146,0.10739608090317815,0.98933143708499915,-31.96810806699466,12.007536506483909,-8.7731188942933258,,0.2102682616106252,0.3703703703703703,False,4
-0.81582747286577795,-0.45706866435231597,-0.35427922686015545,0.53486843041127696,-0.82930508308836892,-0.16176786242381799,-0.21986654285456059,-0.3214674403901342,0.92104146926302932,-15.119976485683109,15.444148792393401,-4.8018045492846611,,0.5290579348446012,0.6086956521739131,False,1
0.055890946323179411,0.9926495962258296,-0.10734515001525685,-0.99786282513442415,0.05918031182650068,0.027703301371208727,0.033852390371218205,0.10556737092878973,0.99383577409013535,-16.391439268031814,-14.543843033040496,-4.2846987415121216,,0.3435809543835135,0.2033898305084746,False,4
-0.62375439443526326,-0.62295547638201343,-0.47207724989492672,0.75812182735355549,-0.62917226670887394,-0.17144548315579444,-0.19021501074522013,-0.46483194086688645,0.86472511033109212,3.5699860576033666,16.536071464328604,0.076839969959170917,,0.4061483622603148,0.2173913043478261,False,2
0.86029600277038532,-0.41774587711490807,-0.29219714196205698,0.46156422216874893,0.88161828612152116,0.09852749052883765,0.21644689055529542,-0.21963055281460425,0.95126923835436605,-18.894859623705816,-13.152551359210575,-4.8656454683053418,,0.1487798902954757,0.4782608695652174,False,1
-0.81728776697574201,0.54034614910573964,-0.20016679319608188,-0.53876923994080439,-0.83977380216020803,-0.067139163675122085,-0.20437321753452206,0.052971693874981865,0.97745873959088492,-18.95469480113788,-15.308497652227071,-4.789573755385101,,0.1202536622245713,0.2222222222222222,False,2
-0.78313599587457161,-0.51538675382384536,-0.34795762090872817,0.58477407563559691,-0.80068288516893193,-0.13017756282127815,-0.21151192030255961,-0.30542333142782918,0.92842840121866688,6.9797088174437514,13.103383167553647,0.87296615237051201,,0.08934612651005293,0.2857142857142857,False,5
-0.39363024087172932,-0.84743300569935054,-0.35624785518320062,0.91272402103416861,-0.40644803460782492,-0.041651609700667024,-0.10949929177161233,-0.34155130802677752,0.93346269828350104,-14.649630398253356,11.127150851370432,-4.7586982278796714,,0.1187559723987878,0.2295081967213115,False,5
0.92524482183398671,0.36039876805890464,-0.11846834028979435,-0.32192532611645625,0.9110943327408435,0.25743193518351715,0.20071398574640478,-0.20004960592098425,0.95900680451008835,-0.49385292663107727,17.610797187592564,-1.0744208918168134,,0.3708142560111088,0.1363636363636364,False,2
-0.73105004983761812,-0.5820887997960521,-0.35600344630973429,0.65283907532908625,-0.74842606002975909,-0.11687418188716822,-0.19841110441676313,-0.31785383719616017,0.92714722230279967,-2.4771976023230589,9.648922896407246,-1.6578800871049633,,0.09811198525000824,0.1864406779661017,False,4
-0.20892427249797815,0.96447704919915811,-0.1616622093418138,-0.97713085886445838,-0.21257030511500319,-0.0053990775250139277,-0.039571871525077788,0.15683713511601866,0.98683138378985658,-18.600468948587654,-11.648197324915239,-4.8427089291519856,,0.08703553161910546,0.2777777777777778,False,1
-0.18165625485907122,0.98184742601440644,-0.054558565775338658,-0.98206538676653121,-0.17828898276110461,0.061323851323236291,0.050483474382019722,0.06471994016449889,0.99662568106557659,-16.019309008852485,-21.392893035102155,-3.8607532762132992,,0.2551915564834253,0.1875,False,2
0.044925315534535562,0.97076363660510001,-0.2357958393809462,-0.99856445061868215,0.050528856602052204,0.017772805380678994,0.02916768733946299,0.2346588939199446,0.97164008229361176,4.8356326541484496,15.821630695530422,0.37116657312932005,0.5083871700352167,0.5375099906920688,0.8181818181818182,True,5
-0.96382205691935063,0.10911845840919859,-0.24318759143951532,-0.10532071564369533,-0.99402682688157284,-0.028604445389682726,-0.24485626284016609,-0.0019569042264448687,0.96955741504760606,3.1566768732592809,20.844698788298977,-0.028639560989623083,,0.1001004472609411,0.5238095238095238,False,2
-0.93817301921439034,0.23354777358836043,-0.25551286360979331,-0.20779189357705552,-0.97029117504814455,-0.12392564136349492,-0.27686443430281638,-0.063170191353294741,0.95883033532662665,9.3185489966131581,15.130228991628593,1.6322982894067986,0.3382552056361218,0.2708244507352215,0.4117647058823529,True,6
0.40085725255094529,-0.80716189730622123,-0.43336259023400747,0.91325254625272689,0.38959027115180983,0.11911845947110576,0.072685967285425729,-0.4435189873735732,0.89331274366758096,-4.5334391645547516,14.235046249359007,-2.1753821286142632,,0.2751257160177841,0.2962962962962963,False,3
-0.15536653255088356,-0.90035682569453757,-0.40647118838654483,0.98629868959351252,-0.16448320533722216,-0.012655831387606346,-0.055462919768378277,-0.40286829310240829,0.91357594262519681,-8.8576986312754045,9.8055125917544306,-3.4008526597826112,,0.1667562994985668,0.2916666666666667,False,5
0.32549725374149302,0.9429972518886558,-0.069337729535871473,-0.93996202325030886,0.33066050813647502,0.08446906656352926,0.10258134652036881,0.037680383349584345,0.99401069212393101,-15.368439481692356,-20.340002921649337,-3.7068458718221375,,0.1323864451899444,0.2258064516129032,False,4
0.96633979709704254,-0.039738753483142389,-0.25418148637942367,0.051651672415420749,0.99784911212809013,0.040364020635613229,0.25203075463747909,-0.052134258379574049,0.96631388162443088,-28.241179015580283,11.65164447144063,-7.908858664235499,,0.08743528719562305,0.2777777777777778,False,2
0.22844267341141702,-0.92528592977728841,-0.3027538490602949,0.97249722266961658,0.23138811168171097,0.026621301099948036,0.045421326098284816,-0.30050871855663558,0.95269691571187631,0.36615291796040517,8.5736245478963227,-0.9378105324685877,,0.09023972969766528,0.2857142857142857,False,5
-0.041245851619361736,0.99030101247856273,-0.13267510847226432,-0.99861517809075195,-0.036518546379087129,0.037869801387565079,0.03265740055437294,0.13405334928412638,0.99043586048503851,15.224494755808852,-15.094099596046117,3.9312999664766011,0.9062478766889409,0.5055747614263648,0.2758620689655172,True,3
-0.39524004949539432,-0.84635230040694331,-0.35703373351933199,0.9097647705897155,-0.41438127635541627,-0.024823778920580505,-0.12693843180345374,-0.33462806427723779,0.93376158259447994,14.004213844213863,1.121649703124675,2.7671671012810046,0.3963986317930203,0.2672761745877077,0.125,True,4
-0.94149490262330415,-0.20751886836434186,-0.26556217277149813,0.23159640785124691,-0.97080486656977305,-0.062458105277416021,-0.2448478143760629,-0.12030723302124802,0.962068457791875,3.1556010229606706,7.4125544102192631,-0.21542136044056748,,0.09302994053959857,0.2580645161290323,False,4
-0.45696593852568224,-0.78741403744051153,-0.41371640609114835,0.880283594134457,-0.46706941159802517,-0.083348417184719345,-0.12760456467174625,-0.40227515258975183,0.90658247097758671,-2.7986517643056952,15.27481367404925,-1.697249124373964,,0.2638006106770638,0.4210526315789473,False,2
0.58948905048127487,0.80265745351872619,-0.090794667649140792,-0.79956021555057077,0.59578618198755251,0.075777879763283915,0.11491788838735609,0.027925573647247015,0.99298239725841175,8.8405164047318063,1.5938179326305186,1.2427211178963469,,0.4986018018421048,0.2,False,2
0.0090895639202799375,-0.95585799879023181,-0.29368838243361622,0.99995718673874623,0.0081795701676709888,0.0043265831097631892,-0.0017333543413523308,-0.29371513542990424,0.95589142411788675,-0.61815505257935399,8.0673597403206134,-1.2222824399958796,,0.06591087747407971,0.2830188679245283,False,5
-0.93338824235981555,0.29929155319183598,-0.19801756288893607,-0.26605112012951332,-0.94740620600214287,-0.1778715331537257,-0.24083851540458931,-0.11334040328428376,0.9639246663931107,19.357423450226388,-3.6894131321057979,4.2938828197747361,,0.3504739675190454,0.2307692307692308,False,3
-0.9604013065069561,0.028083145502537068,-0.27720149241736491,0.009070733779396432,-0.99122849304799543,-0.13184762553228951,-0.27847271365150733,-0.12914105276202006,0.95172240503367478,-23.16788806750775,16.910023360996487,-6.6446615593320519,,0.2941531808729408,0.3529411764705883,False,3
0.10800625938555283,0.99082873170926156,-0.081197736131971482,-0.99383192839796286,0.10967753540689354,0.016399278150453611,0.025154443550335248,0.078925677991932508,0.996563089484648,-15.258161440252879,-12.666329721207083,-4.0289260891824252,,0.3822200599438909,0.3043478260869565,False,2
-0.91911068476418223,-0.24989884938549126,-0.30460813224226968,0.308975692437156,-0.93687964166030191,-0.16367821640476318,-0.2444781598329317,-0.24455490614230574,0.93830875901615207,-33.652089050310849,13.494048726738617,-9.1094086822852613,,0.4777624457630846,0.6206896551724138,False,5
-0.37863450130507015,-0.79428396318982808,-0.47513040340618068,0.91873095971770458,-0.38472647422878875,-0.088988559285280266,-0.11211305935369663,-0.47021115027925942,0.87540398449824819,-19.844383422731088,-10.642394523595179,-5.1978440714490288,,0.2182305935501939,0.3333333333333333,False,1
0.96035416463552137,0.10966435491650205,-0.25630764274199386,-0.040312983174592587,0.96434525776395474,0.26155895552577862,0.27585275393726832,-0.24085670654752103,0.93053388173473084,-12.327436441522378,-34.075613589986105,-2.4432733414855927,,0.4076632227658822,0.3846153846153846,False,4
-0.95976513833716837,-0.090977449807038008,-0.26565764219996613,0.11074259641359745,-0.99201429327416801,-0.060363227873670995,-0.2580444856458135,-0.087354138804990572,0.96217581442344846,8.4311122139608212,12.500725278508385,1.301363921357868,,0.09363363339994693,0.2,False,5
0.66896056114730085,-0.68467329134390076,-0.28933415240824745,0.72493442700599142,0.68696571133891116,0.050479579892457764,0.1642006217131462,-0.2435171360806756,0.95589620789292917,11.060942583927606,4.9781106385597633,1.942291288216901,,0.09548444967245737,0.3611111111111111,False,5
0.75005242427891261,0.6288450909597223,-0.20487853086447377,-0.62006907496205665,0.77637714709853223,0.11292859575344014,0.23007760236282448,0.042336474097438306,0.97225095518182514,-26.833864710694598,6.5455253052025073,-7.5236946140110694,,0.3069484834455259,0.1428571428571428,False,5
0.38004045183752416,-0.85365426170500558,-0.35615117076883634,0.92107035363712741,0.38457922437203085,0.061059183029127231,0.084844909204429414,-0.3512452443155486,0.93243129491014132,-19.939648718091689,17.137462208723001,-5.8299282997095005,,0.267133756948073,0.3571428571428572,False,1
0.047331172231421373,0.98639095517628739,-0.15745679941371021,-0.99850647526494618,0.051028146931141598,0.019517865527390162,0.027286974716354842,0.15629783033421701,0.9873329778973472,-17.397179654486198,-10.764940621807526,-4.595249158502523,0.8905418177045428,0.7523940039798349,0.6133333333333333,True,1
0.77075802064516796,-0.52661137702102279,-0.35862589310194315,0.60773909344235222,0.77665838665088693,0.16569533713025894,0.19127275789566023,-0.34566198523538089,0.91865800167969169,-16.816399840875953,13.077152073588838,-5.2405551824163741,,0.09391751026546051,0.2222222222222222,False,3
-0.83754979955905717,0.50514285620053312,-0.20818508132945207,-0.50194313553374703,-0.8619018093990154,-0.071960820209705345,-0.21578559254299959,0.044226301951109298,0.97543867683550223,12.317353975564389,7.7433731149911891,2.3166508888824802,,0.2445957819683866,0.7272727272727273,False,5
-0.81247585393321864,0.54358953086449779,-0.2106974340375376,-0.54660244280333659,-0.83595927442912654,-0.048967959089110807,-0.20275294399074048,0.075382447761020793,0.9763240907980526,-18.961056456970461,-3.6572030357964516,-5.3887590421502836,,0.185064359375174,0.5909090909090909,False,1
0.6717184058479454,0.7394355291257102,-0.045049767054633871,-0.71718798568006625,0.66433203976869204,0.21048594759018699,0.18556879166838566,-0.10907813347940543,0.97655833638108114,14.383559842334286,-7.4396030373458801,3.0507377004083422,,0.5712209017735175,0.463768115942029,False,4
0.030139305071765099,-0.89565249676966285,-0.44373215718500902,0.99951091532934599,0.030709679093988359,0.0059030286665753768,0.0083398097871137354,-0.44369304777088275,0.89614001525012865,0.2135399798260601,14.740268116145247,-0.959464974083305,,0.4183093156718184,0.6538461538461539,False,3
0.08718511768561267,0.9730055339696384,-0.21367963430941428,-0.99548267796242185,0.093188916996269675,0.018167653283436936,0.037589800889479066,0.21113042559877895,0.97673484132366617,-15.704273508063668,-18.852933488406073,-3.8629089999872512,,0.749983564199689,0.75,False,1
0.61526503566482893,-0.69095993980562653,-0.3795040150935976,0.77090680291711278,0.62799098507638207,0.10644258489397197,0.16477753822797647,-0.35805262776105939,0.91904661396956755,-8.0630395010166129,17.783648519420726,-2.9059143330359878,,0.5728597133580456,0.2692307692307692,False,3
0.21391951754310631,0.9757039095083011,0.047332029159369182,-0.97432711386269977,0.20963511839245069,0.082096238212027453,0.070179165042820638,-0.063678867034533959,0.99549981752237982,-22.937511133593521,-11.601066849984628,-5.9623882435862665,,0.6633643212836484,0.4390243902439024,False,1
-0.60444384222078873,0.79601359489639534,-0.031780471070906202,-0.7833071043935691,-0.60111880537361206,-0.15838611691927007,-0.14518134111494277,-0.070841644294299455,0.98686566442740686,-24.046366514565754,5.3719242434378964,-6.9143349325532144,,0.3750253052944873,0.3555555555555556,False,1
-0.96100632656521234,-0.066727726829117887,-0.26835471073535572,0.10316332089777633,-0.98689975292556287,-0.1240411500140428,-0.25656221374742666,-0.14688869305594116,0.95530076014276177,12.500509896945614,3.3749015145846912,2.3369198212773332,,0.3233576068471989,0.3043478260869565,False,2
0.94810806879427734,-0.19885904443126159,-0.24808500626815802,0.22855917629311256,0.96868438238772081,0.097011701615494869,0.22102441679461649,-0.14867968175243537,0.96386853845044373,2.5782750853468395,5.0433221173064684,-0.37852422285269904,,0.2588425529406991,0.1666666666666667,False,2
-0.09292704417697413,0.98886420617839121,-0.11624175755601993,-0.99493180355133481,-0.096726534781561319,-0.027471507989930102,-0.038409253346297696,0.11309977545659955,0.99284095909115655,17.326374976824155,5.4178411938514026,3.7298535749650528,,0.333951400211572,0.40625,False,5
-0.75926900606268077,-0.55036583433519015,-0.34728666088567234,0.61696991886797614,-0.77852417157111653,-0.11510097085407485,-0.20702341810682393,-0.30165802272778641,0.93066843810206135,3.8590932380164209,-5.7169645378550422,-0.027712025041049821,,0.1738394086443447,0.28125,False,5
0.9537919457250259,0.22079330939743966,-0.2037921460591556,-0.1713310386266009,0.95682903600425351,0.23478473345237225,0.24683314095396486,-0.18901986769781051,0.95044457499756518,-8.728388619519917,15.002830468059642,-3.2780983414544642,,0.3646511457535123,0.3278688524590164,False,4
0.75897219468387345,-0.55915754220718827,-0.33362261717330138,0.62348034006757369,0.7718126576053459,0.12480980373911839,0.18770581569564959,-0.30273431347138591,0.93440808119420793,-17.745189643912784,10.785678381010525,-5.4808075241549661,,0.09651221561867693,0.2222222222222222,False,1
-0.43553034217680248,-0.74874440540479203,-0.4996950434198672,0.89166368235508975,-0.43499038076184093,-0.12537641809220393,-0.1234876455857828,-0.50016515674294448,0.85707970304283043,-21.565187863930394,9.2464969856182258,-6.3993298075286749,,0.4923720900790032,0.4444444444444444,False,3
-0.94719012987878815,-0.12393974866484009,-0.29575293161877658,0.20389682719553923,-0.94461558833635462,-0.25715262808603523,-0.24750139740978608,-0.30387551558633119,0.9200014833180129,-19.982278991867673,15.078872801504396,-5.9465632415064995,,0.1379656497847531,0.1578947368421053,False,2
0.47034081331100824,-0.82406276687535474,-0.31575318776486377,0.87600796419461557,0.47924991490317087,0.054125462888620531,0.10672190966031,-0.30205972143772725,0.94729634153385089,11.477466365561664,12.630178225551626,2.1489966328551606,0.1313479450282589,0.1336640662284209,0.5789473684210527,True,5
0.27521967275173848,0.94312619944508769,-0.18645938874374643,-0.95754110051621111,0.28623335177890946,0.034431223498666667,0.085843884771311121,0.16906637823552198,0.98185914834954491,-15.404731241836974,14.276544149517392,-4.9346292538852268,,0.131860791335418,0.5333333333333333,False,1
-0.70434605774828463,-0.65508055199538828,-0.27343390669751894,0.68093952895222187,-0.7323395054733195,0.0004545694881873852,-0.20054423164174096,-0.18587178139919691,0.96189068611496198,-16.666701236419748,-16.649957546421085,-4.1833000818263946,,0.09293105162569124,0.2380952380952381,False,2
-0.32653919621896504,-0.89187240298123405,-0.31294691264358426,0.93974038596648934,-0.34182951662733918,-0.0063709140531750114,-0.10129244945318243,-0.296169205628807,0.94974925181385395,11.060110106936316,6.4853246572152008,1.9566352801929583,,0.1213033811088959,0.4,True,5
0.18547562490468847,-0.87278281845066985,-0.45149633928031085,0.98264808132434545,0.16531861535117939,0.084098178862282727,0.0012413040719556762,-0.45926017379659106,0.88830093545404243,-17.901237269950457,-13.379250037972753,-4.6181755765040586,0.5570024657086741,0.3356139099674887,0.2105263157894737,True,2
-0.63318921965244945,0.77346812295178102,-0.028609000216205799,-0.75920719971315498,-0.62785684290924937,-0.17146490228539374,-0.15058499267733114,-0.086849568735133303,0.98477475210876986,-12.696618859293315,13.567384693854256,-4.3112528702034627,,0.6893150636078375,0.15625,False,3
-0.68950741046395259,-0.5851111246702223,-0.4268776202876432,0.70012967436371187,-0.68937288162058086,-0.18596631189948884,-0.18546689729074556,-0.42709483943649251,0.88498137163222801,-4.6464763921772994,10.77176822812047,-2.1917553044125162,,0.08932015590785986,0.1777777777777778,False,4
0.29817695125055144,0.95417970233591642,0.025131681063329914,-0.95009625623378935,0.29416579336240689,0.10384406533839004,0.091693018455411002,-0.054841422899195358,0.99427602239062762,-21.280125089815751,-10.168992528867724,-5.5681514467368478,,0.2703561680035583,0.4,False,1
-0.51034692098545653,0.85799786727210192,-0.05818659637056009,-0.85159404334499123,-0.51363856226920812,-0.10470440625566503,-0.11972303696446547,-0.0038842124745006035,0.99279973172511449,-21.368236352219366,6.0824077833571293,-6.3224541137983312,,0.6184412159469119,0.6666666666666666,True,1
-0.67952459054159153,0.71656574186396382,-0.15741622672466243,-0.71469402475753863,-0.69501014591075838,-0.078570656462684782,-0.16570691544155103,0.059113743478604389,0.98440173887838711,-16.357824038067669,-9.7300777801388385,-4.3747736189632311,,0.5649142779453904,0.2580645161290323,False,1
-0.95129619680628019,-0.11523741744803373,-0.28592985776552854,0.16727619868255295,-0.97204353936228927,-0.16477266441478972,-0.25894829463856844,-0.20457686869228747,0.94397779926216252,6.9523454210504179,4.8749249236725021,0.80614875184098445,,0.1143978639699879,0.15,False,5
0.8850787855831701,0.43389231254755062,-0.16844288178121272,-0.40974935767267362,0.89802132749684538,0.16019725106141708,0.22077365603135768,-0.072767825808815176,0.9726067223341639,16.752162899360087,14.191447281034719,3.6015063441130399,,0.2630892519377345,0.2857142857142857,True,5
-0.57574498400655216,-0.72816510827312453,-0.3718780559335067,0.79963194486918365,-0.5963646261456681,-0.070270800670440836,-0.17060617261993283,-0.33782363412841154,0.92561802385662906,7.3575907276599333,15.424988954039865,1.083929060885646,,0.4554426609356117,0.6666666666666666,False,5
-0.69458113891542572,0.71619593651781721,-0.06797368592564601,-0.70793139882289791,-0.69725092797620025,-0.11258009591834649,-0.12802412281912523,-0.030075304681681986,0.99131493483387956,-6.8030240390790473,13.552497627515491,-2.8352429339097465,,0.3775839228106572,0.2214285714285714,False,4
-0.79379405869827346,0.57354987406926183,-0.20231543275404323,-0.57548912295226917,-0.81594518200240962,-0.055188126718366246,-0.19673144572983153,0.072622323855606616,0.97776415169449793,6.6052915203674702,11.712400834109184,0.80277321068745555,,0.07879751847593994,0.4285714285714285,False,5
0.62602744120079779,0.77564085480362666,-0.080441949398819101,-0.762288860786283,0.6304428115419225,0.14648397214804032,0.16433300211684118,-0.030382984294112902,0.9859368837205813,-25.647471413984807,7.4447588096033757,-7.3029767554198202,,0.273725596049245,0.5588235294117647,False,2
0.9650519218533492,0.015958094608880258,-0.26157241319300517,0.080557383339592017,0.93174870218007255,0.35405488836510762,0.24936979792395916,-0.36275293961897098,0.89790033337846542,-18.354239293919431,-10.703268406213175,-4.833709212954953,0.5651717439480193,0.4254939361995611,0.1612903225806452,True,1
0.92251905728359951,-0.23099609153388323,-0.30919151774369386,0.30045060067878032,0.93266892653390432,0.19964495994102763,0.24225611550658355,-0.27707305746709532,0.92980777331956976,14.874373321803146,-4.0128491929128467,3.1010616271627298,,0.3525476800141153,0.3888888888888889,False,2
0.93052805032660302,-0.22479657117371413,-0.28910906098549316,0.27882916649547407,0.94669049193531785,0.1613425188557123,0.23742755414401981,-0.23074577800646329,0.94360189829471053,2.8412920703326998,23.914227701019708,-0.10483933028376494,,0.1535585540532336,0.4666666666666667,False,1
-0.54091640904607141,-0.78979081353288882,-0.28920565223342765,0.82714108210445925,-0.5618510949683132,-0.012687686076397241,-0.15246989447024867,-0.24607685373063171,0.9571829048506173,13.958804741123544,-5.6391802943898259,2.8734812571438031,,0.07694886945253053,0.5,False,3
0.086954120408891777,-0.84609839646103935,-0.52588637979127639,0.99618320742261124,0.077884791118010305,0.039407823610331086,0.0076156544771295732,-0.52730585319960432,0.84964141788658287,5.5498922914964322,1.8381644113319535,0.32081262812934075,,0.260635048505841,0.1164383561643836,False,1
-0.45260103251542044,-0.80211300725138623,-0.38957288017021041,0.88239474309371935,-0.46586278892795352,-0.065964985051448891,-0.12857613591387931,-0.37361288185822317,0.91863028024502269,14.803548954768464,10.565194369273225,3.0968184602414639,,0.1970390761376911,0.5416666666666666,False,4
0.95750922176144049,-0.099364401441886713,-0.27074490940347595,0.14992736177260885,0.97344918030610961,0.17296959141209814,0.24636939021255483,-0.20621204884161948,0.94698400962151152,-25.772739612755039,10.140678392566182,-7.3716800742343658,,0.5690377226654655,0.425,False,1
-0.27311147609767772,-0.90927472634419748,-0.31405348852613119,0.95746022584415136,-0.28855168582908786,0.0028000949373801864,-0.093166719112645402,-0.2999289859898116,0.94940116168714939,11.814564542854452,-4.0325928239053876,2.1614551884861299,,0.08980509792988538,0.2083333333333333,False,3
-0.76682941712307651,-0.54774820708817895,-0.33458115109248043,0.60713520311536029,-0.78812100846925082,-0.10125275871541521,-0.20822941716470769,-0.28077958907494938,0.93691159251348222,-4.5171998912824813,4.5859576324601248,-2.2241734425187745,,0.4929549854533272,0.3016826923076923,False,1
0.23552200954932417,0.96252717227429685,-0.1344277711319154,-0.9689177616899467,0.24332102452592747,0.044645829652913659,0.07568192716621347,0.11973437959625291,0.98991712998771186,4.3169456012162213,6.0930037232830694,0.074579711672834115,,0.07588409698997492,0.3333333333333333,False,2
-0.9237013089753221,0.35355590174066776,-0.14756055076347818,-0.3023390989497185,-0.90927186271957627,-0.28603452398748147,-0.23530185091399097,-0.21959714026101551,0.94678938256913026,-35.204798176075101,11.26831424576444,-9.5862693841373687,,0.3861609952287623,0.2380952380952381,False,1
-0.54062886058457826,0.8173901747423391,-0.19898175126807485,-0.83052869332670898,-0.55624802809658713,-0.028464377732323166,-0.13394970945862777,0.14987138977585948,0.97958973139912109,14.559837703298038,7.4069271359823352,2.9369996933172531,,0.0907926363687345,0.1304347826086956,False,4
0.51406223292821307,-0.77864883344161873,-0.35978606818061643,0.85396501211060361,0.50396961983495714,0.12945416321751105,0.080521914829423266,-0.37379221027653353,0.92401060858021955,2.4476332127675855,13.211744907322183,-0.31920601508628471,,0.5682659943610942,0.1666666666666667,False,3
-0.24815247710670546,-0.92372647222713911,-0.2918043053359749,0.96549964526141197,-0.2603847323855672,0.003197833733085262,-0.078935309626895961,-0.28094340292539599,0.95647269759612308,-37.638220879371623,12.275186341687201,-10.100040419781655,,0.1983366139907561,0.5454545454545454,False,1
0.511746985047137,-0.70030027718572052,-0.49768920529660798,0.8426810306959559,0.52198092923624961,0.13200223490101762,0.16734307216125668,-0.48694499821567622,0.85725192616427981,-12.440937600281408,-21.067817895642492,-2.9530432186569486,,0.6787573096476907,0.5964912280701754,False,2
-0.96248218606873215,0.0069747423860355914,-0.27125522016913295,0.026748920907507658,-0.992361577736391,-0.1204283781457933,-0.27002321516980765,-0.12316595309252762,0.95494377387790252,-22.457762586275862,4.6271664194973834,-6.5517514089612519,0.3022215146028118,0.2061174316453349,0.5853658536585366,True,4
-0.42345099783900747,-0.77412786785688492,-0.47054786859202935,0.90026646036378,-0.41752380226734737,-0.12326465383185287,-0.10104233159037099,-0.47581500475244554,0.87372222615612249,-13.374775530121054,-9.0629488236714337,-3.6442325742780008,,0.4286739652326997,0.2289156626506024,False,2
-0.31486228438934027,0.94248393724787727,-0.11218631778816041,-0.94585425903897979,-0.32139625427302493,-0.04543312004575218,-0.078876248179973962,0.091806730521291485,0.99264800493631278,-12.415838020464017,-28.710223299381454,-2.6678252231913366,,0.2412210960326348,0.1818181818181818,False,3
0.049400571800687347,0.98917991760033541,-0.13814005256246259,-0.99839145018907416,0.052759617514220883,0.020758972737381164,0.027822575278420199,0.13689234228381042,0.99019512770409535,4.9971321869091936,20.891694699534728,0.46409348144376433,,0.6176897437189002,0.2564102564102564,False,1
0.89283420092743704,0.38213880538198669,-0.23836321669983626,-0.37984043892861608,0.92326933290659874,0.057401915200798688,0.24200894737340031,0.039289595765693096,0.96947820865442169,13.557659005030304,-4.7663112632963074,2.7375292221370953,,0.5668462743835654,0.75,True,2
-0.062811515590268846,0.99724836840393938,0.039375185395582907,-0.99802113511281809,-0.062646905812318701,-0.0054017645511933964,-0.0029201673543601883,-0.039636560242099356,0.99920989572501684,5.355806059633248,8.1254677458762963,0.3872101132009565,,0.606768545863321,0.2386363636363636,False,2
-0.45835204811251584,-0.76191093909488694,-0.45760804284738055,0.88105153795891356,-0.45722778577382972,-0.12120618538917188,-0.11688279364943065,-0.45873137325008512,0.8808540967406554,-10.344605990488295,-19.991497477579124,-2.4680993597813057,,0.3777062646101816,0.2558139534883721,False,2
0.23629266784012667,-0.8904675475832895,-0.3888872867888552,0.97055535234789569,0.23555867363783817,0.050343016425656237,0.046776951096100972,-0.38933232331131229,0.91990883182583272,-2.4034719143601833,11.310350862230875,-1.6214935070419989,,0.07508633720730175,0.4285714285714285,False,1
0.74349024138438735,0.63606782207663559,-0.20649451974537306,-0.63814536201899719,0.76713674099572449,0.065358377795832617,0.1999818939299999,0.083180203973934497,0.9762624113254722,-12.727986204043708,18.085567819455534,-4.0561635914897494,,0.1892826300754849,0.2,False,4
0.69674130530151446,0.70533874374063021,-0.13057109199639944,-0.6913447526820321,0.70883313632476097,0.13999292048894005,0.19129554732340759,-0.007269210850761626,0.98150556399230104,-34.168328596077878,11.317512748942038,-9.3516275561195918,,0.1936158367382536,0.4166666666666667,False,1
0.17807148012781321,-0.85556929402171367,-0.48609847880061985,0.98351436474969245,0.17054377075538513,0.060119186517644856,0.031464937567053215,-0.48879034911066055,0.87183367239409826,14.16463819691092,-14.170466475886176,3.5897643929447334,,0.2762193595961462,0.28,False,1
-0.83096143566860881,0.53251467256990315,-0.16103172336323443,-0.51370551790900609,-0.84556471618300777,-0.14535113214622311,-0.2135643540046048,-0.038058300594193045,0.97618739617681871,16.710215720436022,-9.3035875922224935,3.8799612710850515,,0.4617992768576249,0.1052631578947368,False,3
-0.038079365358993082,-0.88814904551507001,-0.45797514657951288,0.9989646494591119,-0.045250479052731885,0.004692896390477581,-0.024891586226871834,-0.45732227924754365,0.88895260944492516,-5.0599590900329092,15.326639427037083,-2.2562949785546085,,0.710671956186819,0.6875,False,1
-0.69920621971684016,0.70962535059863674,-0.086847706343047532,-0.69413725172286389,-0.70293012837637137,-0.15512159872631431,-0.17112608825049366,-0.048177758442461444,0.98407050840452703,-9.9089543191047778,16.091693865962053,-3.4554442975556929,,0.4449945385764764,0.3260869565217391,False,1
-0.31642742517242906,-0.88821770976215619,-0.33308104819040396,0.94371238735947882,-0.33040651121862147,-0.015442386104890172,-0.096335946266284417,-0.31921910564565259,0.94277173697972616,0.64010344265981556,10.837391616941353,-0.83391473720183895,,0.4326791816047657,0.345679012345679,False,1
-0.81127978664058242,-0.42067608034056986,-0.40602554503098143,0.54217493039642572,-0.80120872546729649,-0.25320134889984441,-0.21879545844930548,-0.42555400792891662,0.87808446842977073,5.1628972998015588,14.638238808002859,0.45004838968123589,,0.4740037432414018,0.2121212121212121,False,1
0.077264342682889439,0.9956104294931063,0.052821340709362535,-0.99639514908050864,0.075246887456521763,0.039174134539740418,0.0350275354344717,-0.055657691406121645,0.99783530361915362,-12.564806301485596,-23.529994437297695,-2.8421311692769207,,0.7305835581171862,0.4358974358974359,False,1
0.45572906765739851,0.89008233331179609,0.0080285003797818388,-0.88034337208460423,0.44937293161665204,0.15185359909124488,0.13155441504878121,-0.076271936231392834,0.98837038989676751,-24.477552041096097,19.730019696824833,-6.8742319375586538,,0.4982127171031731,0.4,False,1
-0.76844876818116481,0.62110262725828014,-0.15400654886631676,-0.610943171862115,-0.78368940791873332,-0.11215771338184413,-0.19035475154539577,0.0079017927616311379,0.98168356930084333,21.040559085240822,-27.621745669535446,6.0323176653401198,,0.3621271357536335,0.3846153846153846,False,1
0.10432155163449058,-0.95040368381270302,-0.29300145334079325,0.99433928698361795,0.10564274530459207,0.011357496441569019,0.020159271452199853,-0.29252768785151567,0.956044536418029,13.004729395290646,-7.6070462048884391,2.695714984230738,0.4528162745680344,0.1961836274627932,0.3617021276595745,True,2
-0.90268362567527316,-0.26157894527186176,-0.34167049525559662,0.3342352169221473,-0.92631417614976863,-0.17386450711108689,-0.27101492893704116,-0.27114295575293201,0.92359753455648341,29.240490988243749,-3.4073587315194827,7.0476311639067655,,0.5547146150091301,0.2857142857142857,False,3
-0.63163063934975949,-0.65785301433728915,-0.41020988159959804,0.75517931054428644,-0.64175421239402919,-0.1336253710953681,-0.17534806631517127,-0.39418389414315425,0.90214860928655671,11.516509359446655,9.7546983965993821,2.1447975941294475,,0.5022692859388419,0.1875,False,1
-0.33924691637708304,-0.8423586508294072,-0.41874029314301775,0.93513663149063164,-0.35031597307349799,-0.052898009924020425,-0.10213231698631973,-0.40952487394836967,0.90656404486642683,-16.529939362619722,10.264270443384614,-5.1792303542312856,,0.1686648040319242,0.25,False,1
0.22131286937129824,0.96331184727346031,-0.15182522436419477,-0.97253598592565649,0.2295223741149251,0.038642410124906566,0.072071977427123513,0.13910343160125055,0.98765169234224581,12.30989572736663,-10.073066315037716,2.6212097447642084,,0.803963732290613,0.4090909090909091,False,1
-0.71355964923204329,-0.59481762979698805,-0.37016835935900444,0.66595675564249535,-0.73995219841700666,-0.094722456006803471,-0.21756430452159553,-0.31410624212284016,0.92412285008947925,16.435295173534033,-10.365145687047534,3.8962814731246906,,0.3098826140372691,0.1111111111111111,False,2
0.75141208439062102,0.64900744512996145,-0.11903451431254788,-0.63057822204062508,0.75943636109752466,0.16008597481052353,0.19429612790744971,-0.045229963617404167,0.97989961989549812,-12.032659740460975,12.441199504823308,-4.1152385241417377,,0.3517539245269829,0.328125,False,2
-0.49496985615520162,0.86878559830131652,-0.014711413321765204,-0.86118793942711336,-0.49275284630828003,-0.12469950056183932,-0.11558622099101025,-0.049053202131087437,0.99208548466233737,1.9281423443429819,17.355081050686081,-0.38523436794392707,,0.6220965968546368,0.1379310344827586,False,1
-0.7860867619902373,-0.5003337643507445,-0.36295141117554353,0.58332284286134739,-0.79470661318119473,-0.16785666493240975,-0.20445552968765718,-0.34366775120265403,0.91656446208842868,15.385059359963391,-10.592110467010198,3.592466969257686,,0.235155828335028,0.28,False,3
-0.663656680393372,0.73479689070019294,-0.14011902078797189,-0.73042854047755879,-0.67696754882898358,-0.090493563794903503,-0.16135041935202532,0.042290273702211528,0.98599065661147056,5.127159223196486,0.87062077617654376,0.16603154531645536,,0.6250356837764328,0.2127659574468085,False,1
0.87422889902481626,0.45982507969539982,-0.15583558063862382,-0.4295893574887395,0.88215614762585992,0.19301169689506883,0.22622293438612687,-0.10179109631505651,0.96874235825048394,-14.701347597398057,-23.316689355910565,-3.437699593087236,,0.1555313201790239,0.5,False,2
0.38987085284562634,-0.84162006337639883,-0.37373304245641903,0.91664210200625473,0.39352661967938757,0.07002896852924595,0.088136115928599823,-0.36988169531084125,0.92488894281583822,37.190579505342086,-3.0544775429888031,9.1480234432210974,0.4435439934078845,0.509726002808492,0.7419354838709677,True,2
0.96299549792111994,-0.034438995709656126,-0.2673081116579975,0.1043956706344403,0.96204140012732742,0.25214656133653074,0.24847779566077857,-0.27072181296593323,0.93003681918943304,16.879718590087236,-3.5864062459803749,3.6489601573879757,,0.2777524275758254,0.1111111111111111,False,1
-0.060820990183711579,-0.84324583981322287,-0.53407608146290086,0.99767408184774531,-0.067856115206580817,-0.0064787374025278852,-0.030777159750901808,-0.53322790743430271,0.84541159512447139,24.999361430139452,-6.0633867802438779,5.9072530430074979,,0.3437064049098512,0.4,False,1
-0.55024578536300817,-0.77880400205705003,-0.30115428283550788,0.81928268105593727,-0.57320423327633085,-0.014587510955921836,-0.16126209787808762,-0.25475720467538565,0.95346384433492903,-4.6917294773898615,12.480719999941396,-2.2400058538725363,,0.09025335463605336,0.2608695652173913,False,2
0.82966008236681521,-0.49406520830927447,-0.25993021691485391,0.52136445065886794,0.85218207176093153,0.044326359634233044,0.19960775865748939,-0.17229418593661205,0.96460948376852163,21.730885789634723,-4.5011300115874668,5.0180107673088425,,0.09185651281185875,0.391304347826087,False,2
0.85362118005593834,0.48158929473359857,-0.1985009626120299,-0.46801527155810468,0.87638755014201786,0.11360707523946459,0.22867572356570984,-0.0040759237072011678,0.97349411929278329,0.62674943196799726,18.851452482261319,-0.7286692690639498,,0.3523835902120546,0.375,False,1
0.75935146536540865,0.62419955386339043,-0.18373967727236284,-0.61706496222435303,0.78040328707131101,0.10100268275323801,0.20643687762235055,0.03668278186067668,0.97777205373875209,-12.224905444444474,-25.425690091044153,-2.7354339727645645,,0.1176945680925587,0.25,False,1
0.29502272647915045,0.95290484772317396,-0.070242024789169355,-0.95115750943199096,0.29988321833999715,0.073276514717721161,0.090889950555269022,0.045192992197014864,0.99483496638605351,-12.82016390915417,-22.644301030132731,-3.050082768998525,,0.3610008471632054,0.5,False,1
0.30372949178381675,0.95189964290102447,-0.040440891009553337,-0.94819809229852614,0.30615127322398983,0.08480433753509127,0.093106248888998711,0.012588397365514564,0.99557659608369042,-13.20368532415967,-18.921549654506521,-3.2130740002677758,,0.4845033764694031,0.3783783783783784,False,1
-0.51246413330002516,-0.69142846368560618,-0.50922214375105201,0.84624495384538523,-0.50731356922691462,-0.1627956405112575,-0.14577376366231415,-0.514353596355281,0.84509785690422423,13.833653780576558,5.8309299778655035,2.7388129004777717,,0.687482634764505,0.4285714285714285,False,1
-0.94619835632486449,-0.10815777405695309,-0.30497633744139963,0.20690865846983178,-0.9268616293402987,-0.3132352584031074,-0.24879203672613778,-0.35948493148905708,0.89937373015558331,12.021870242745813,2.0716442080886894,2.1805143324098477,,0.4682251184846195,0.2083333333333333,False,1
-0.96091773308859618,-0.041425491118802352,-0.27371707824218711,0.11623049814120291,-0.95774356325108201,-0.26309264214904965,-0.25125202792757989,-0.28462465763999806,0.92512767914790661,-32.133271170925198,11.180560010441379,-8.8318383587583398,,0.181282488928175,0.1111111111111111,False,1
0.76901241757780003,0.6092832499308789,-0.19337482505438588,-0.6041874851702711,0.79158463935211498,0.091385127375333025,0.20875196855304456,0.046558351511290508,0.97685973175772789,-14.523443641047884,-18.500381527297456,-3.6188242767210475,,0.678778244763372,0.1333333333333333,False,1
0.96478414714536964,-0.068502036133451599,-0.25396657351422014,0.084066656675727991,0.99515747097700102,0.050935304004444959,0.24924756097572501,-0.070491694576249514,0.96587088906510776,18.143065194623798,-6.9643439898046182,4.0736939800775982,,0.08048249939960596,0.1538461538461539,False,1
