axis_00,axis_01,axis_02,axis_10,axis_11,axis_12,axis_20,axis_21,axis_22,location_x,location_y,location_z,dbh,dbh_approximation,score,reconstructed,number_clusters
0.36717207033691268,-0.8455253003757901,-0.38764885810348426,0.92820163683373424,0.30608402327658546,0.21155210250431289,-0.060219532908200341,-0.4374923280690175,0.89720347231665865,-3.4781119974452985,16.080823941603871,-4.8610512101003458,,0.07880626665464671,0.4583333333333333,False,5
0.94569179369753631,-0.059980403142130691,-0.31948299261783059,0.15337893615255738,0.94887929341421684,0.27586770103520125,0.28660414037108228,-0.30988778254175325,0.90654709141528267,-22.396968865732841,-17.508616336227409,-5.1612288002266711,,0.1950800415266337,0.1538461538461539,False,2
-0.78239028058239546,0.56408483176137003,-0.26395785918768505,-0.60450438059529021,-0.7897826414516973,0.10400881262029127,-0.14979954169256837,0.24093916626054199,0.95891001427160516,-13.010027922451259,18.552208676996763,-8.2367442506727038,,0.1727221392223121,0.375,False,4
0.31296851005749665,-0.80406434629027979,-0.50550097797845628,0.9453526937757577,0.21249169632972442,0.24729650899645722,-0.091427545539127741,-0.55527273120125509,0.82662760533446344,-4.9158915604695697,14.997743156386438,-5.0609235780526651,,0.1804646090754508,0.32,False,5
-0.81537048145508928,0.52535564500765353,-0.24325382675363666,-0.51978922017785356,-0.84932694097415373,-0.091994097214905729,-0.25493164683615654,0.051431445576407414,0.96559031780943527,-12.580075403175821,-21.056440385605921,-1.7036443226898832,,0.5482874932034624,0.1612903225806452,False,4
0.76592980635761665,-0.55115906343807086,-0.33102147743470178,0.62932813168299884,0.7480471605081862,0.21064555140810942,0.1315204714307637,-0.36966083434103336,0.91981152044803249,-17.717696773821725,-17.581331204616262,-3.6787972522475307,,0.09759321058716539,0.36,False,5
-0.71703700298346296,-0.60270116233432558,-0.35015602989716887,0.59910660595369092,-0.78965441172730999,0.1323525018359922,-0.35627126049562752,-0.11487914937206881,0.9272936805480817,-33.1205964069431,-26.214752808938254,-6.9801448203768208,,0.539280783479168,0.7419354838709677,False,1
-0.77154302266361774,-0.52797972330862164,-0.35490671443921684,0.52332762203039485,-0.84394639571764296,0.11782479015560382,-0.36173134257221989,-0.09482559216873479,0.92744732619742254,2.7895554033583685,8.8836288229344884,-1.9480759328594319,0.2304231926499796,0.1913241565028247,0.3137254901960784,True,5
-0.7147529144928636,-0.58588163426289519,-0.38193059822092923,0.59651242696648854,-0.79578396049466082,0.10440695711485128,-0.36510436274921121,-0.15320117118635798,0.91827458063948442,11.393851486812324,6.8034930025149665,0.72011606173191067,0.4157265738528327,0.1911338716445416,0.3,True,4
-0.9355476550938665,-0.071363148131974974,-0.34591601023523361,0.10018113162482993,-0.99276881403813722,-0.066134882926331739,-0.33869503379107435,-0.096526591994148953,0.93593177695986918,19.451497981694747,5.5377107281686833,2.8681024988512718,,0.1093197474002524,0.3,False,5
-0.71357493834427121,-0.55347253045210876,-0.42951014586608882,0.60344867544367942,-0.79702518075752349,0.024506271517837214,-0.35589394975503347,-0.24170026742512424,0.90272945961366802,-2.4895801208469788,15.638364454764567,-4.5112701554626078,,0.1196490752950702,0.1052631578947368,False,1
0.15397710015014388,-0.90902898016925848,-0.38724329024760351,0.97959092558492622,0.089195855465738799,0.18012694934240731,-0.12920012051472585,-0.40707543843883798,0.9042106592375514,-23.068158574624469,15.126397254498116,-10.878917052683013,,0.09885108810367786,0.3157894736842105,False,1
-0.93220704296070289,-0.13269897868162475,-0.33672096773339755,0.11451243397979941,-0.99070624656655326,0.073403238879723026,-0.34333210091467448,0.029868278672619812,0.93873902358996997,9.236257885468822,9.4821076744274588,-0.20835296268397197,,0.07819127900051998,0.186046511627907,False,5
0.41257862505231085,-0.8187695184797722,-0.39924347678872207,0.91032043335764845,0.35466992877109593,0.21336810970022954,-0.033099648963215378,-0.45147061613565498,0.891671854442319,10.237995311933446,14.545628170200748,-0.75988047750753696,0.6662609898048629,0.2569409272004347,0.3636363636363636,True,5
0.62461145437093524,0.75857679209469742,-0.18553107977894975,-0.70269470761985586,0.64959016287781457,0.29026327390047046,0.34070614751082828,-0.050930057801776812,0.93878935350835602,-13.597106754376977,-19.127101009325582,-2.272004956932582,0.5145528418393069,0.2982166291309362,0.3,True,5
0.56067213508408653,-0.72412936474893852,-0.40160107077614987,0.82761367570941657,0.47454054740719825,0.29977803896420574,-0.026502088955401626,-0.50044773151126876,0.86536102714775909,2.1653475976115573,15.909809105410323,-3.1291746540733527,,0.3060369572244636,0.1379310344827586,False,3
-0.94612300525250481,0.1822028352250204,-0.26768150060834184,-0.17247986117113312,-0.98320777560289441,-0.059608451451084621,-0.27404736164093318,-0.010227259162340865,0.96166181516563864,1.3352848584464849,-26.646755989616068,2.9568844011006865,,0.4009275153291305,0.4285714285714285,False,4
0.93671489671465646,0.17121983165850091,-0.30536694568941802,-0.047996319383812151,0.92681512258142007,0.37243802421341643,0.34678747901049783,-0.33421175592911273,0.87637945354756119,14.862619108176277,-25.844248426255675,6.2836306380058327,0.2160102196654931,0.3289345996280912,0.3529411764705883,True,5
0.94093065455946634,0.14285517862670538,-0.30698843829992456,-0.037324226739380337,0.94487658462627588,0.32529239450576214,0.33653589022361613,-0.29461947960804824,0.89439530232827236,4.1223132620698699,20.775093373783172,-3.3997920777882205,,0.3414034067361825,0.3478260869565217,False,3
0.2738573405791449,0.9288190068029627,-0.24959449034879772,-0.92784494469126422,0.32346460258445758,0.18567285608226108,0.25319146040453921,0.18073711150850214,0.95038317583055942,11.568202000633457,11.933892555592104,0.026764906609396573,0.2123008952328293,0.2165558905188433,0.5238095238095238,True,5
-0.83157101230601849,-0.37111752247260282,-0.41323290769993226,0.41714582724125571,-0.90853557382654238,-0.023504678404180829,-0.36671379890529376,-0.19192419234028979,0.91032197275852633,8.4207681508466763,15.873039993554285,-1.5422078374604886,0.462198077482101,0.5126664196138482,0.4054054054054054,True,5
-0.90952655869164445,-0.22963621779183349,-0.34645150672611408,0.21723273258809853,-0.97324968948249813,0.074799611058664742,-0.35436052111774641,-0.0072283746777170171,0.93508094391484442,-15.187998334170267,-24.211105754518652,-2.0511164948194986,,0.2763753348324708,0.696969696969697,False,5
-0.9279328223548664,-0.19705919499903632,-0.31639903739244152,0.1613866159261852,-0.97754243515186356,0.13551807140473388,-0.33599856755115165,0.074689096551614306,0.93889642744015034,-7.2511982402727879,13.568575522171184,-5.5206271015144033,,0.1177213546183896,0.4186046511627907,True,5
-0.52205767178195861,0.85014845639533121,-0.068581261451192171,-0.85284439999653527,-0.51932842413144342,0.054354551637389711,0.010593239738193039,0.086865355451915371,0.99616373819471149,-1.2903504583465022,12.970836307385518,-3.6920873807364254,,0.3548013977182219,0.205607476635514,False,2
0.84227083701598315,0.49100220625999047,-0.222478472127567,-0.4000374177731022,0.84597556443251631,0.35255553997138389,0.3613168989873341,-0.20794753624630241,0.90895980146278688,-16.00080942189647,-18.10701227932093,-3.2028636825328993,,0.1128479112332472,0.3214285714285715,False,3
0.39016067583808461,-0.74209155368400115,-0.5450456613719934,0.91974220055740219,0.28646878752389643,0.26834663830280397,-0.042999203985611315,-0.6059998017536421,0.79430177434722493,-3.8663584054964146,-21.193530244270178,0.74651293127795493,,0.4824869841237105,0.3703703703703703,False,2
-0.92341840408190334,0.26315676353862316,-0.27936887587329595,-0.27930348511151931,-0.9600169237523587,0.018896277771512066,-0.26322616550675809,0.095477871325956948,0.95999789681002634,24.932153994911165,3.9089962849305397,4.5434789815950944,,0.1322480870212688,0.2941176470588235,False,4
-0.94353971102708345,-0.026736638534453485,-0.33017868779617821,-0.0063539658503949338,-0.99509333308048165,0.098736445027910735,-0.331198491592127,0.095259700916261514,0.93874019225153249,14.450421451352762,9.972048117216108,1.0141646799817381,0.2099654348985669,0.09504084632232981,0.25,True,5
0.22485314588767569,0.96157530200788122,-0.15752460554740969,-0.93768529263752542,0.25749128321948983,0.23333351888928977,0.26492896171557712,0.095242730087035488,0.95955274352683395,-5.095760942943774,12.617157158826521,-4.7645025349039649,,0.3785727984309428,0.296551724137931,False,3
-0.76241640617179984,0.60823409659149685,-0.22084498487310666,-0.63796015627414893,-0.76364993425793493,0.099225082083690797,-0.10829618001915178,0.21654113154635857,0.97024835776304308,-1.7067900092076764,27.081519004469218,-6.1736341069023295,,0.318323459196402,0.5384615384615384,False,5
0.94495095233016557,0.13466476594493285,-0.29821652956083661,-0.048810770407581743,0.95920139527077197,0.27847835104873508,0.32355093321227074,-0.24859220447069649,0.91297136291006842,-15.099858191105021,-22.967347315114132,-2.0591280504232028,0.5365159718337764,0.3093192124889235,0.4848484848484849,True,5
0.87762284255506107,0.39758392936999443,-0.26777820174967304,-0.31682530566496553,0.90032560081366364,0.29838823403380998,0.3597219369400127,-0.17703341951798235,0.91611096296130756,-0.41508968944098346,-24.024322157305452,2.1093023480318078,,0.3846945678037655,0.5517241379310345,False,4
-0.86088603117863993,0.43147279389220267,-0.26964137192268334,-0.46582074512526678,-0.88155890932907577,0.076582783923490202,-0.20466136599864526,0.19153359369412831,0.95991072905462493,14.98518707643346,18.059996009103234,0.034588905044436159,0.3698659321303452,0.3298694468955143,0.4,True,5
0.25606459900623124,0.94792480793690237,-0.1893923959232896,-0.93129240034638583,0.29442673756315035,0.2144932662462552,0.25908567346120298,0.12145556679586933,0.95818743422226571,-19.55432526173994,-19.678635125745121,-3.9339625780504313,,0.2502754268542875,0.4666666666666667,False,4
-0.61732975586072425,0.72728709005486403,-0.29992909356790848,-0.78388841569357715,-0.60089105428095679,0.15636141668114403,-0.066505069508667025,0.33163749716316598,0.94105985261565528,0.95354243099616276,16.641103574542026,-3.6842484139640779,0.2507169113589867,0.2113187249111989,0.7526881720430108,True,5
0.63969453373988572,0.71370386228950489,-0.28533787070130306,-0.68590544583103885,0.69758921338597157,0.20713041482811023,0.3468783978321997,0.063214605279039604,0.93577737245393,9.640378752289223,17.053333569895027,-1.33871593926907,0.2056792627115679,0.2620770694114012,0.8275862068965517,True,5
-0.86570463747319648,-0.28580915050472949,-0.41093626044091919,0.33383715549645454,-0.9413798483544491,-0.048546212233206265,-0.37297216285862178,-0.17921247333799123,0.91037061416361753,-13.904918428725352,-24.441699451570518,-1.580067501354586,,0.4798401166396942,0.5294117647058824,False,3
-0.81860223537573251,-0.44509672244725379,-0.3630141703908602,0.43646842303062316,-0.89290127199827929,0.11055602272610193,-0.37334393785759162,-0.067942815150431463,0.92520164177027875,2.6775364243217852,11.69994053450907,-2.4406584186027436,,0.1216339780467254,0.1818181818181818,True,5
0.4621818694174824,0.88648576964691228,-0.023041262883847502,-0.83007252655146313,0.44162060339948039,0.34051555517707177,0.31203769042574281,-0.13825419656053917,0.93995651861517937,-20.277000501981263,-19.166798768706702,-4.2273987797158847,,0.184062546557079,0.3888888888888889,False,1
-0.56718489809157324,-0.74025236925489823,-0.36100930900651457,0.75306953617411765,-0.64361012497195214,0.13657335289172265,-0.33344799454090401,-0.19440276964615855,0.92250745150949942,-4.1615465231531106,13.45247154784116,-4.6899258200976197,,0.07540567464820395,0.3225806451612903,False,5
0.92255012748041487,0.24943595717968003,-0.29441970985606158,-0.16832564959265475,0.94670508586946089,0.27461965712255221,0.34722865373566375,-0.20379201077263581,0.91536936717926332,-17.766444949704603,-19.443992117670632,-3.4518704400612248,,0.1639531856599235,0.8813559322033898,False,5
-0.92470810087417132,-0.16652983956313044,-0.34231964698620776,0.19478800938782337,-0.97958864767369258,-0.049635801066934049,-0.32706659807509103,-0.11257838995075853,0.9382715739804135,18.388731850263351,4.7765160371966005,2.7408907201349959,,0.1424520072873937,0.1875,False,5
-0.92599819190131838,0.25049385459455931,-0.28245385004607126,-0.26330400417401356,-0.96468226177646565,0.0076899414675171973,-0.27055193583010972,0.081492101606244774,0.95925006510001209,-17.573729793014913,16.208435626996991,-9.2462731570270869,,0.1019017543069729,0.5454545454545454,False,2
0.94395160433159198,-0.00050791903196610588,-0.33008349049607366,0.09785275596764699,0.95547841264822642,0.27836278686771887,0.31524626378333293,-0.29506057849445744,0.90197508180058183,-20.77201770933755,-18.406911254458855,-4.496043322119526,,0.180772851511424,0.2105263157894737,False,3
-0.94959252804999705,0.0056937974563275005,-0.31343517885225219,-0.042537516324033048,-0.99292800799554759,0.11083560187492844,-0.31058749230546884,0.11858141341931006,0.94311921728638337,-16.516420560635595,18.451294047808531,-9.3712757863947918,,0.06439150020762756,0.2666666666666667,False,2
0.92207197826932352,0.271718024326291,-0.27559496030717395,-0.17083867383698578,0.92472796575187155,0.3401357624214556,0.34727138438419553,-0.26654737780106197,0.89908569167530517,-16.496982956404999,-19.891513621798612,-3.0638275478443164,,0.1199005692905446,0.2,False,5
0.20801420219759201,-0.85656678915254392,-0.47225356261758455,0.97498379439852334,0.14290944937464001,0.17024538155173435,-0.078337043244927712,-0.49585302762042183,0.8648659333418699,-18.481713545402332,-20.720863619113064,-3.5360240317232114,0.6722474166879621,0.4871744927524867,0.75,True,5
-0.95195167682575021,-0.083404960813915435,-0.29467205076198072,0.070690059692543411,-0.9960593322023612,0.053560453631864999,-0.29797805363701996,0.030156578788313182,0.95409625316656466,-21.645326202933695,15.736102169415176,-10.500567395957356,,0.5756735406829604,0.6097560975609756,False,3
-0.42657143818496046,-0.8094046806689793,-0.40360980047065531,0.8573557083297263,-0.50398920539194836,0.10457566754664231,-0.2880590174239438,-0.30142817346681472,0.90893512349408745,-7.3030118792926562,11.737518737865082,-5.2396952041982017,0.7717374468693764,0.5425472521976984,0.3636363636363636,True,5
-0.13643414949286092,-0.89051650027386076,-0.4340116191902631,0.9659158555836368,-0.21686752062362563,0.14133307620897451,-0.21998246017419243,-0.39993604643562158,0.88975214300228223,5.211225836114477,19.954387496330632,-2.9835600664491788,,0.188583060972345,0.2142857142857143,False,2
-0.59869427760813687,-0.69103000777273771,-0.40502183930855212,0.72953946744069698,-0.6791940680074966,0.080421287168099473,-0.33066195336871917,-0.24733165252559061,0.91076326575754296,-20.062330965810414,19.588555890163413,-10.695167812940722,,0.2223391922707136,0.2941176470588235,False,2
-0.89016505238758159,-0.31226763327808715,-0.33180582381073193,0.28156001255399737,-0.94953152973673571,0.13825278791550635,-0.35823196233503413,0.02964454827989671,0.93316186265774614,10.798265530461201,10.193956792212978,0.0053193148748353009,0.4734442226373543,0.4473215755461174,0.9664429530201343,True,5
-0.93325688702292264,-0.065068730431098079,-0.35326709887048469,0.068204067741573352,-0.99766496635036006,0.0035805112257694116,-0.35267518762706651,-0.020752716381719515,0.9355156528861468,17.936937720375532,8.3876584792692022,2.210987728799676,,0.3758656449126438,0.4193548387096774,False,5
-0.93275820652411223,0.20199870077289428,-0.29859446252063021,-0.21595163889385058,-0.97630182291683842,0.014129410048485391,-0.28866419559928336,0.077661286722027517,0.95427548785646676,-7.8522045711408088,-23.290334353989593,-0.18308390390335727,,0.211512846570764,0.3571428571428572,False,5
0.1907868570326077,-0.86635477230904423,-0.4615514962395445,0.96829249723569488,0.088844843633793469,0.23348711646844084,-0.16127620711276569,-0.49146312400528058,0.85583525445163189,-4.4783302991169673,-24.590177502277754,1.0934727751137703,,0.4633417934820201,0.5,False,4
-0.94259325129561278,-0.0074912035337756783,-0.3338590188711148,0.027827928279945777,-0.99803315164865603,-0.05617325536141754,-0.33278156352119936,-0.062239136239735621,0.94094777798798146,-4.8193954861731561,-27.550655324963017,1.4234605902913771,,0.3511809916309188,0.1,False,3
-0.83423935517285897,-0.42832798189469701,-0.34724607730943591,0.41294318752626796,-0.90263866271909499,0.12133164649147356,-0.3654074741386939,-0.042173267489043126,0.92989181809115817,-19.274113612512583,14.692904778173528,-9.4963497662692458,,0.1392814823846557,0.4406779661016949,True,4
0.51914535538132422,-0.72933804184652851,-0.44559412103558005,0.85447852528457935,0.45438606719350283,0.251793073312023,0.018829493181992729,-0.5114678119450865,0.85909611076445713,-24.853627555389323,-17.585599831198241,-5.962218463698596,,0.2410965700225748,0.2592592592592592,False,1
-0.3349313742657562,-0.74778221687961721,-0.57327369610950851,0.89924583568309679,-0.4353718697352375,0.042523664586356896,-0.28138568111945822,-0.50127147451440779,0.81825974317394501,-18.686672561102107,-24.870372133002871,-2.9722760386792104,,0.3690737302304152,0.1538461538461539,False,1
0.080587778771081142,-0.93567594714400915,-0.34353476075777895,0.98451609428987397,0.020893556809969183,0.174044590171716,-0.15567167371411939,-0.3522413678431166,0.9228717943371415,-2.2579034332165246,14.045977588434143,-4.1862681601763487,0.5851441765654078,0.5605425327615807,0.9924433249370277,True,5
-0.32151623037033455,-0.87015672778885711,-0.37343618289105102,0.90397438958079956,-0.39946308572663469,0.15251080658030691,-0.28188227434599428,-0.28854204585388227,0.91503326233748772,-27.062626627736627,-21.980599274727822,-5.8831807779935312,,0.2123619988263095,0.5,False,2
0.71954035663013505,0.6615831301236309,-0.2111147486946319,-0.59188863454731833,0.74325100364817576,0.31184257225351852,0.36322103390950466,-0.099426895314089297,0.92638262775913072,-23.187687759331371,-20.139076447054371,-5.028841415655279,0.2370804907673713,0.2367519221810341,0.7692307692307693,True,3
-0.6646757469313237,-0.64554814772069447,-0.37612995150036621,0.65988688344732627,-0.74332227708197718,0.10964165927164654,-0.35036474208382062,-0.17532706969559925,0.9200570450447586,-9.398301873520003,13.809989714626971,-6.2416493962139992,,0.07825764515338797,0.1851851851851852,False,4
-0.93995744449011054,0.13235296154814083,-0.31458336910436968,-0.18206882231054342,-0.97408632288801489,0.13418934199464949,-0.28867100043141064,0.18340809451041593,0.93969703861297016,-5.1444347862747346,18.396264523004355,-5.7921604191501022,,0.0808680013315903,0.3181818181818182,False,5
-0.49599074894969769,0.83528151604235479,-0.23727192399081298,-0.86830704306142603,-0.47899281680490963,0.12887497980298465,-0.0060046587113150862,0.26994568047531797,0.9628568292671954,-5.4319479023322739,22.599662359971145,-6.5563766453944963,0.7406733478180437,0.6737609734582654,0.8333333333333334,True,5
-0.82678372860322547,-0.43157751592127763,-0.36079012440499036,0.45760652808030344,-0.8890314080560886,0.014812864277386928,-0.32714665148101352,-0.15285288103607675,0.93252939105624577,12.806932896971793,6.1837455968924733,1.200533837832378,,0.478765486742364,0.2558139534883721,False,5
0.18458068128684901,0.97820491123614028,-0.095105855388495392,-0.94052181135912227,0.20389084884841507,0.2717484942251347,0.28521692525766762,0.039289609178095763,0.95765736678479862,-7.1697091705198925,17.219244410441821,-6.1743913261720342,,0.2977458994366131,0.3846153846153846,False,3
-0.052939549065319599,0.97925994908416658,-0.19556931319723214,-0.97704555959803485,-0.010325242653726648,0.21278008326416617,0.20634771288900786,0.20234461071107901,0.95732819863496044,-22.989057462754729,-25.726642518738178,-4.071021787357104,,0.276155058053459,0.7333333333333333,False,3
0.22810310598924352,0.95496219439564867,-0.18977929368903135,-0.93003844786239687,0.27138459508838653,0.2477476277311581,0.28809279500842067,0.11999003635202465,0.95005522610029181,25.716037491240584,6.0733392875883654,4.4079052835758192,0.3286428771195408,0.2607585097129377,0.1578947368421053,True,5
-0.82633840272901415,0.52111260729683062,-0.2135567715891063,-0.54183127907988915,-0.83904872979259371,0.049153779550380902,-0.15356988372045405,0.15632939438805304,0.97569329774491731,12.44488997301311,-25.998136599321324,5.7755805634418929,,0.1819964281892076,0.1578947368421053,False,5
0.72916007433277563,-0.51490284667016351,-0.45077782164829561,0.66989286103741041,0.67168696213342438,0.31635451574315215,0.13988974490695621,-0.53264592685097456,0.83469705634974689,-2.5829845283784651,-25.291006218772548,1.7305840565772685,,0.3773044485134575,0.5409836065573771,False,5
0.80697944006023847,0.52801267060070822,-0.26455018995489543,-0.47195342470539448,0.84585148865994997,0.24858645184441505,0.35502696831214486,-0.075748787560291908,0.93178214887077149,21.243285922822963,9.1256442798414401,2.8712580494006321,,0.4411827246683805,0.5,False,4
-0.80713054386967942,0.56756399999270835,-0.16251581789140501,-0.56741090758070145,-0.8217932818250625,-0.05196791226938266,-0.16304952349234297,0.050268358432223464,0.98533646285390708,6.6942677980944385,17.313577452448889,-2.1951883120373519,,0.5026835796865836,0.4285714285714285,False,2
-0.27832200734780044,-0.8922073117030771,-0.35567256454421503,0.92324992551365626,-0.35062314108097808,0.15707637625542864,-0.26485172316773675,-0.28465685637636839,0.9213164705208543,7.304533332092638,-24.54273131405094,4.2770887633177912,0.1831614147134366,0.1231299890573004,0.1111111111111111,True,5
-0.025695034451232831,0.99064638838753649,-0.13401305301827515,-0.980617357056766,0.001070152504672555,0.1959297165123734,0.19424048044512299,0.13644994667769508,0.97141754555294135,16.361250448451464,9.0264034715238441,1.6391853197337702,,0.3562943695515747,0.6153846153846154,False,5
-0.86093395061741185,0.42047122704794265,-0.28635062405919803,-0.45678687853707539,-0.88671141175616064,0.071334562855260034,-0.22391623494210944,0.1922155547456898,0.95546569809865789,-0.31151727785605171,24.46414495179847,-5.391444562902258,0.265667421159732,0.2482009092915248,0.1666666666666667,True,4
-0.6753385063579086,-0.6406254953578886,-0.36539961210670235,0.64450490908423108,-0.75349310099824041,0.12985210400444938,-0.35851265528094789,-0.1478077178144469,0.92174918202181688,8.16492760968098,10.618754443330877,-0.62583493281195302,0.2116651850753459,0.1822625381472576,0.5211267605633803,True,5
0.79672447875027197,0.5334965581904737,-0.28392169230093428,-0.48440070232147459,0.84465742123919207,0.22783722333284548,0.36136693892852173,-0.043991625844896382,0.93138535113289889,3.767916763212861,13.284504796342061,-2.3659137952175846,,0.07298663967035388,0.2,False,2
-0.64206650723455061,-0.6335343047715033,-0.43172315778205744,0.69078901148387173,-0.72232026969688778,0.032618546843007967,-0.3325073561603698,-0.27728633695640648,0.90141618880322838,-18.028300522872332,14.5932812398844,-9.0995700008278018,,0.2145986836811012,0.4347826086956522,False,4
0.50555257772009288,0.82054605309855644,-0.26668476879069863,-0.79466519674216418,0.56321612301615342,0.22648360616474905,0.33604139067576955,0.097425733351268001,0.9367947535259048,-9.189841616308053,-28.757911100614198,0.29772895352903445,0.4896902762369055,0.3665012410013948,0.5454545454545454,True,5
-0.87755902543476005,-0.29075524654959251,-0.38124997505820357,0.31789092737265157,-0.94808762062741814,-0.0086730563931183835,-0.3589366450672748,-0.12880702704793817,0.92443130334867074,-10.634969470490589,-19.045797181751521,-1.4261442043502655,,0.2934078908343853,0.3,False,1
-0.9138567643295854,-0.22708576686918316,-0.33659748777211185,0.20400129877026674,-0.97354327829948173,0.1029415143561811,-0.35106877444327966,0.025407474556407378,0.93600490161513605,10.372541862347921,13.356921959351345,-0.47878421237123958,,0.06841872355574327,0.2222222222222222,False,5
-0.68922510405492443,0.69707954716270648,-0.19760784616992033,-0.71680373684068532,-0.69577688896815371,0.045682859247502761,-0.10564638560645784,0.17313181598202465,0.97921612297952798,5.5318959665552878,10.382661370480326,-1.3813698150813112,,0.08430046063957944,0.3225806451612903,False,5
-0.52363629718991611,0.83548172028555623,-0.16665930317243283,-0.85169239928018881,-0.51810303884828179,0.078672092539419286,-0.020617596212676059,0.18313802501081772,0.98287098773010262,-13.544934271956809,12.932989322610931,-7.3421202085980859,,0.1021393299102002,0.3018867924528302,False,5
-0.80276007346366063,0.55717227690119431,-0.21245074324500846,-0.57662587064210935,-0.81609964045079864,0.038522489046089917,-0.15191731224204519,0.15342891092885846,0.97641215658774816,3.5355617644566424,17.218304710892074,-2.967954355336853,,0.4349142234596066,0.2638888888888889,False,4
-0.94908151238437488,-0.039754795984048519,-0.31251214223843155,0.014909056259915697,-0.99656222262055794,0.081495131676754928,-0.31467761739854594,0.072686261713198794,0.94641148791978125,11.699036103952716,15.292544985528648,-0.435402290152692,0.255391786118529,0.1802776216433146,0.1428571428571428,True,5
0.82944534099547929,0.50799739091315188,-0.23229093207941609,-0.43550323831545507,0.84852268325119262,0.30057642193783091,0.34979616309737543,-0.14814825963752409,0.92503769515016376,-12.961488615060338,-22.475362235953874,-1.5425293722698179,,0.2648964328255047,0.3333333333333333,False,5
0.88944946363309485,0.34225836297220202,-0.30288424293513139,-0.28406704232835917,0.93315840240649117,0.22027553536646421,0.35803012038879833,-0.10988452572474733,0.9272215613868291,-0.57458422067528803,-22.16333858492062,1.8399038186073591,0.1667134972780221,0.12189838670645,0.2413793103448276,True,5
-0.80874746246297702,-0.45387473124283978,-0.37406586358412469,0.46335766966542258,-0.88339651749026615,0.07007326771530302,-0.36225296675379526,-0.11665470940048367,0.92475102965758493,5.2948947417778944,12.931082642134978,-1.9513576818228144,,0.0688158649897192,0.2105263157894737,False,2
-0.48453084565930848,-0.77734982300489686,-0.40119460649282407,0.81609272102747155,-0.56683102387529938,0.11267324908095475,-0.31499607980204192,-0.27281833341389738,0.9090366475905195,8.1803739401092859,12.043580986470568,-0.90459983366845564,,0.0986228472105927,0.3870967741935484,False,5
-0.86887435809655522,-0.33923495598196435,-0.36052322322176888,0.33083003722180004,-0.93968230091830007,0.086883023731404593,-0.36825105066261671,-0.043781479883669205,0.92869496913953109,-12.763831618992439,11.675220172328524,-6.8911252226324713,,0.07455552711816762,0.2068965517241379,False,5
-0.41882916114515639,0.85871146293582601,-0.29529097039540292,-0.90799985539329442,-0.39214064852494063,0.14751940340238631,0.010881010072671032,0.32990958639762669,0.94394982304291253,2.8767086984151047,10.430294192648415,-2.1440840416432292,0.3564668905128512,0.2796924333569246,0.812206572769953,True,5
0.79501541362599071,0.54515707363027532,-0.26599672397976981,-0.4866885736651933,0.83500535383418772,0.2567105204933825,0.36205624474773956,-0.074631254438861483,0.92916384534701246,-18.358076557639432,-23.2885383188062,-3.1259592265332681,,0.1150563487668093,0.2222222222222222,False,1
0.20043582352331338,0.94587105157412554,-0.25525170801111124,-0.94875649109373428,0.25237036677351227,0.19018495887453452,0.24430841421456723,0.20405183598453952,0.94798536221573726,5.1538872724725193,18.030988306979697,-2.7380928919921255,0.5270714865578634,0.4715747305205201,0.9056603773584906,True,5
0.94832867781481345,0.046640798470383021,-0.31384288227081331,0.077309965713515977,0.92535930416841994,0.37112440958566939,0.30772696995125637,-0.37621110311496897,0.87393896689507766,9.9668889892866659,-25.087059507039232,5.0633082382156003,0.7996467910531047,0.5711537430876023,0.3,True,5
0.93472449340797714,0.18178635479940419,-0.30535854766478382,-0.084911144028584851,0.94861931333216543,0.304813871063914,0.34508001831887897,-0.25898864759281737,0.90213339444623508,2.6438191518730978,-26.26953094686252,3.2235038942649838,,0.1688227028050107,0.2857142857142857,False,3
-0.94351830267442194,0.079468743095767305,-0.32164877022795757,-0.1267714942144981,-0.98352468614913124,0.12887272787474249,-0.30610815208517722,0.1623696726794536,0.93804791381941999,-8.1922193246336352,-18.711051508912171,-0.70089937727238727,,0.1358350144691572,0.6666666666666666,False,2
-0.69139304112759048,-0.64060030934666035,-0.33407619841183694,0.6302801050505743,-0.76083601137660051,0.15451716076210775,-0.35316094327909364,-0.10372949174419463,0.92979435397549715,-14.231622580683498,22.489862108981285,-9.3382642076666951,,0.08941141995115766,0.5652173913043478,False,2
-0.7906788721850686,-0.47862147946765449,-0.38177008849874827,0.50206825845029313,-0.86375558366482474,0.043055261519684002,-0.35036321858442598,-0.15763175784096384,0.92325394338888689,4.6356874181167491,11.772095659836705,-1.9715625820715776,0.7400110848223218,0.49599433296734,0.6666666666666666,True,4
-0.55927453175932029,-0.68065901785593896,-0.47319689299146972,0.76365757834043169,-0.64512208809322436,0.025388865619880102,-0.32255092802318713,-0.34716104744862364,0.88059077099737637,7.8444124421072532,-27.836540901664772,4.9865968300716936,,0.4745316786248887,0.1818181818181818,False,4
0.89298401305321295,0.33121373596731046,-0.30475730268191714,-0.26119607872141498,0.93277548644722796,0.24840793132204009,0.36654626023455406,-0.14222289896396997,0.91946532621863941,-8.1072731950699399,-24.945150953546495,-0.013591230847051855,,0.3347687993620855,0.5238095238095238,False,4
0.87211307575865893,0.40891505561413544,-0.26871408668482488,-0.34093548790188544,0.9017494508097792,0.26572715528030788,0.35097261457252538,-0.14012995845410772,0.92584114110563009,-11.761536229542111,-20.29421670915665,-1.542997076101807,,0.1724838999067851,0.1875,False,3
0.94393169047384717,0.12407445432649865,-0.30593870873553741,-0.036671711950396528,0.96036217657036482,0.27633254487240599,0.3280977739360838,-0.24961975001312428,0.91106631544667105,-6.5625722542700498,-20.146163779968528,-0.14912473572175514,,0.1210115604614958,0.3888888888888889,False,5
0.13600688307556813,0.98414510806252209,-0.11384434124134346,-0.96178693393894388,0.15872456901379528,0.22309729916722504,0.23763000959557712,0.079151231626498814,0.96812553993354289,12.959702254265085,13.399813833045545,0.17746560314345666,0.5177514453732011,0.3042647951308089,0.3714285714285714,True,5
0.50486008445745401,-0.76326573431419686,-0.4031646238739488,0.86312724125476836,0.45248609102340742,0.22420460038609794,0.011298695745329351,-0.46117432306251294,0.88723761373280829,-24.614875280861789,-19.417617791129544,-5.4790535164122627,,0.1086738934776071,0.4,False,2
0.76914934513099043,0.62400151801134407,-0.13795430549318841,-0.53138952938228468,0.74439103555194497,0.4043601788662905,0.35501331376082756,-0.23770589329977185,0.90413575050603701,15.696565195373882,6.3651389248576873,1.9522509406186379,,0.6963917191668281,0.2666666666666667,False,4
0.88797048856400951,0.34423594873185864,-0.30497544661836939,-0.29119683111792805,0.93410876431870338,0.20650719592756145,0.35596743809830933,-0.094564412035736206,0.92970143325159182,-2.3507039427101128,-21.843830709940452,1.2870635399007706,,0.09003383731717934,0.3333333333333333,False,4
-0.79037321141492667,0.54173873811547946,-0.286058256833645,-0.59030381572629409,-0.79834925746879359,0.11907925192074248,-0.16386455326467964,0.26297833128239723,0.95078431069264746,-20.99102477744561,-25.816785766873622,-3.4866082984633144,,0.2698452540977182,0.8148148148148148,False,5
-0.6557975589171825,0.74611125687972701,-0.11509801942526315,-0.75093341349699383,-0.6603742878019061,-0.0021928301070601175,-0.077643867832670493,0.084992895982426153,0.99335171888938867,-13.851580973834835,15.296593901035042,-7.9218429809784192,,0.5053433433206587,0.3382352941176471,False,2
-0.88552219849616809,0.3576156291758581,-0.2965830368373561,-0.40510835772132198,-0.90687260502131883,0.11605729949546893,-0.22745912704230373,0.22291958198193948,0.94792890318533429,-20.840530012621894,14.745557026657332,-10.02888470605078,,0.0923042784070084,0.2222222222222222,False,1
0.73452842696980647,-0.51619347078038691,-0.44046826298492747,0.66652462692324455,0.67062958551565754,0.32557776449863252,0.12732993237291504,-0.5327290678710852,0.83665215506034141,-14.773494494560943,-20.521326996941543,-2.443832913689183,,0.6406367321391133,0.3809523809523809,False,1
0.7799797348477352,-0.46206425372825488,-0.42205241221133738,0.61055135439537944,0.70985660227711433,0.35118463498501701,0.13732682503001856,-0.53160157037968103,0.83578772035549354,3.7306907923044967,-28.600836769986728,3.9167898449730894,,0.3080417951220217,0.1875,False,5
0.48790228741415065,0.84818364953124092,-0.20624222313557738,-0.81630696080147302,0.52704094528094481,0.23637002293952414,0.30918328493484692,0.053031487488413437,0.94952269991383786,23.448407736558366,12.763688380620527,2.9493179869758621,,0.1981808562892754,0.2,False,4
-0.81685993115922706,-0.44135814314732608,-0.37140657283371825,0.44872221431301751,-0.89079342871197964,0.071661996522414881,-0.36247514018007648,-0.10812056622632243,0.9257006621529088,8.1325474696876032,27.191492324156478,-3.3372233012518837,,0.1931596532071724,0.3333333333333333,True,1
-0.95240615049215926,0.25249290199107099,-0.17079185855547971,-0.26613064372982426,-0.96194429304652607,0.061948830038750041,-0.1486506137648175,0.10445339400588186,0.98335775967243788,-13.049933510452062,16.987020224198147,-7.9698556414528712,,0.6071258193100664,0.4647887323943662,False,2
-0.05788461070608017,-0.92940003223936096,-0.36450644976033097,0.97004375800776865,-0.13865011597165003,0.19947744958068286,-0.23593320960299652,-0.34204053182996197,0.90958440795338247,-4.5684006031970821,-22.375841215761014,0.66295394149645925,,0.09936723269876772,0.1851851851851852,False,2
-0.86544398679059209,0.4390216899865253,-0.24138488239610245,-0.4593246533299094,-0.88767910024280416,0.032352400768473233,-0.20006890955709089,0.13887321812898526,0.96989002506218991,20.725413661868053,4.9467156054351626,3.3046718129063222,,0.146426325307027,0.2,False,5
-0.88636665138700399,-0.29223822137523692,-0.35909745373147184,0.29414293752958742,-0.95441688922231149,0.050678731916563149,-0.35753893719489316,-0.060706041994546406,0.93192311102091574,-2.204408421507007,20.399437340918684,-5.2078686243867898,,0.06759317914973939,0.2666666666666667,False,1
-0.2691417323056845,-0.84612538932463999,-0.46003755658828699,0.9297151948392065,-0.35293196853524883,0.10520780423015219,-0.25138095476107813,-0.39938809587425134,0.88164435259198948,1.4870617093523464,18.809896653509309,-3.874831773469035,0.3937837996486589,0.2128406469722913,0.2727272727272727,True,4
-0.68134530649124869,0.70109581458955106,-0.21031698002624932,-0.72315603721575661,-0.68919830573526519,0.045288422472467671,-0.11319858285663814,0.18294904792497649,0.97658370184157539,-9.5759451138753153,-26.49293443217525,-0.1828675020329891,,0.1564131170902146,0.3888888888888889,False,2
0.61989378780957138,0.73917038642821586,-0.26336064941950621,-0.70581024663068825,0.6718952422247717,0.22447422842465181,0.34287546950201764,0.046732465195811479,0.93821771946094334,-10.776751604381356,18.044228191642045,-7.419721770019331,,0.9261189918443369,0.6153846153846154,False,1
-0.1425882430301656,0.9822215102771269,-0.1221044540485362,-0.98261427131752876,-0.12565452944953756,0.13667528317855485,0.11890242534403256,0.13946986763360747,0.98306173217635295,5.1516659481014191,14.149034421634918,-2.1832859952227293,,0.2215544513585946,0.5,False,4
-0.91724612329740585,0.30567710473989618,-0.25538413602593923,-0.3113044798550183,-0.95011758949087688,-0.019133399129353912,-0.24849360176486926,0.061952189451876444,0.96665032773182369,8.0438058097019489,14.503447441847944,-1.4186734682182622,0.5810726426088081,0.3416310253162111,0.7142857142857143,True,3
-0.85303280746436239,-0.38070299631811266,-0.35693172734274947,0.3800532710811631,-0.92191693392463114,0.07502451654969039,-0.35762346194003514,-0.071654696548222901,0.93111280945576391,-13.065358070211355,21.542440434531148,-8.7640243485291851,,0.2750342651324505,0.3448275862068966,False,2
-0.90541479226245691,-0.23672503093095881,-0.35239936674612177,0.23558478116214043,-0.97072618114652087,0.046802693528016567,-0.35316266059298718,-0.040644076658569395,0.93467865825397656,6.1145236538718502,14.80689959824322,-2.059609634369886,,0.1010893937534244,0.2916666666666667,False,4
0.72117925375747027,-0.58617608722426884,-0.36918569679263846,0.68091648511764746,0.69788654596245614,0.22205204178215282,0.1274881337413348,-0.41152395280352821,0.90243825939734645,-9.3710247699342251,15.015520806250905,-6.490392596314182,,0.8804452372542858,0.4523809523809524,False,2
-0.51241692355085444,-0.78633870863596078,-0.34510915919373858,0.79843000198282355,-0.58421022416412338,0.14562948161624076,-0.31613039776710505,-0.20092249571124737,0.92719562246851528,-13.695869338641891,17.010061952602364,-8.2657996349853153,,0.08267862949890725,0.28,False,2
0.38912531523477428,-0.73733119068003328,-0.55219942438742398,0.92040706904691205,0.28657162105550493,0.26594648569607626,-0.037845954762837322,-0.61173476381188685,0.79015711251124277,-29.502430607149101,14.448933001883974,-12.749178441839872,,0.3335298415216241,0.25,False,1
-0.39170098324386765,0.90636828132600367,-0.1583252296127603,-0.9193575178202873,-0.37867316648420185,0.1067163877394094,0.036770832912885562,0.18735840411087501,0.98160314499084533,3.273461187050922,14.572052391484139,-2.7431446249353604,,0.2393725212727928,0.2826086956521739,False,1
0.92557722844757429,0.2205095013355039,-0.30770497883536641,-0.15540719483552984,0.96251360699041,0.22229745871615608,0.34518893083738583,-0.15793389813170844,0.92514943973839414,3.2582113932315084,18.151433890882831,-3.2368661572979538,,0.07193172786603114,0.3225806451612903,False,1
0.90034448257448474,-0.18895701950345009,-0.3920141036723761,0.35431929657248951,0.84130296529494319,0.40824889058307606,0.25266113427684106,-0.50646279761331825,0.8244136012097516,20.794867147201987,12.668747445867595,2.2935573761112735,,0.3764713152965843,0.25,False,2
0.9398350393230801,-0.0076397414479452835,-0.34154316449197414,0.13804868587225724,0.92298336292209304,0.35922732649113132,0.31249425465042724,-0.38476401354548673,0.86850676145372707,-10.209755917003612,-23.044563861661576,-0.73141012515785886,0.5892783787249103,0.2326966104498857,0.3636363636363636,True,5
-0.92428262483805235,-0.12430911894855234,-0.3609000864071884,0.14657100499025649,-0.98858553585166753,-0.034865151670663758,-0.35244654902357558,-0.085122742267309842,0.93195254644765391,26.148812439823761,2.5373552373442476,5.0109969196714372,,0.3071031837184489,0.21875,False,4
-0.93050839000499763,0.2694134980669417,-0.24813404278663892,-0.24459847915304614,-0.96133385652767456,-0.12652588782397736,-0.27262743832256575,-0.057040190681333355,0.96042735098533771,-11.098070271230419,21.305942086640016,-8.2053883977057485,,0.417155648430367,0.1764705882352941,False,1
0.41907410854131028,0.86994916744214845,-0.2599333330241046,-0.85790876506434932,0.4731341949517413,0.20034116999042509,0.29726998229903856,0.13904128751590922,0.94461530687886319,13.439313873905258,-29.225333225317744,6.4325436574091048,,0.6775359018727226,0.4074074074074074,False,4
-0.82105747976381638,-0.34200317762716648,-0.4570540902527957,0.42552290102419421,-0.90039390022587451,-0.090670199845328592,-0.38051921847371095,-0.26893242818403063,0.88480533081757429,17.413510655865061,1.619320817987687,2.9328851055360254,,0.4735720017301395,0.2962962962962963,False,2
