axis_00,axis_01,axis_02,axis_10,axis_11,axis_12,axis_20,axis_21,axis_22,location_x,location_y,location_z,dbh,dbh_approximation,score,reconstructed,number_clusters
-0.9788295030697115,0.19169958882613253,-0.071722183208497076,-0.16156395059952725,-0.93878917016199015,-0.30425644422630632,-0.12565784411239522,-0.28622746484300493,0.94988627981594265,-18.406531608696117,-5.2644457140678478,-5.0257651416732019,,0.1927329134975575,0.2068965517241379,False,2
0.80310963324190876,-0.56538323614122821,-0.18803380888691107,0.55079933442167628,0.82482761110522063,-0.12759116411058513,0.22723338265907556,-0.0010992037699229934,0.97383971040227502,5.7091399818425694,-3.2537243691213278,-2.2697368901693018,,0.5250049402191512,0.8536585365853658,True,4
0.61256600252197946,0.78864096163340813,0.052993642903411908,-0.78337322057406233,0.61467148909795788,-0.092224496623832683,-0.10530569709974216,0.014979790520265324,0.99432706693235762,-23.646286410720929,-5.2964910028586436,-5.536501664518366,,0.3494407430891872,0.6910569105691057,False,3
-0.807619918282801,0.58741361362401368,-0.051916414765064582,-0.56025893495313883,-0.7917867838691014,-0.24327682728817007,-0.18401085130517403,-0.16738857613171065,0.96856650323173077,-3.6071983149343105,8.1678281972859921,-1.2536985110113925,,0.2068275621441961,0.5573770491803278,True,5
0.87982803531788267,0.47195278088171622,-0.056242340693542094,-0.47505555295240592,0.86947826735756395,-0.13538745954471337,-0.014994995090283583,0.1458359187954128,0.98919514500999206,-11.506315960397432,-14.583961339579824,-6.0842010440969929,,0.09546896316187563,0.2857142857142857,False,3
0.4978251422241341,-0.82765642192596456,-0.25914276955807619,0.83716088623586682,0.53664268874738519,-0.10571790373799213,0.22656517456639014,-0.16431516016085276,0.96003580652755571,-16.51153919862454,7.2835841886729238,-2.6208133796145243,,0.1424081794173371,0.2857142857142857,False,2
0.70439971553454139,-0.69269378161238648,-0.15490760365581857,0.67893782656602097,0.72118472227737906,-0.13760822654008431,0.20703735994420083,-0.0082414361145839096,0.97829832378375481,5.1527602274341904,-8.6703325832870775,-3.2767247698734017,,0.1095794970422226,0.2727272727272727,False,4
-0.22084596025756784,0.96155570002036128,0.16321059278204234,-0.95055059667131225,-0.17473886615541723,-0.25674869390618488,-0.21835893617098753,-0.21184183820263663,0.95259771707746743,4.2416647546303432,-11.36207834865983,-3.8765831105951438,,0.7469657202016904,0.3829787234042553,False,1
-0.87031569891855631,0.48756069001259106,-0.069535298736340137,-0.45839263390761625,-0.85356240860075527,-0.24760332752795733,-0.18007436629110787,-0.18361859431475044,0.96636299309665841,2.2335083569728011,5.304543259462438,-1.1800515522929675,,0.0704349584570124,0.2272727272727273,False,5
-0.36531012607011365,-0.89487470483183085,-0.2564132883506296,0.91126741822568047,-0.28752442398374023,-0.29482435125532458,0.19010577127205303,-0.34136339619965705,0.92050574548130648,-0.17510175988018964,-9.5647762073038862,-4.0056057314802986,,0.3702044333725587,0.1910828025477707,True,3
0.13295842621860221,0.99049847280223391,0.035140180334121723,-0.97152547617175566,0.13726313822647832,-0.19312451950351159,-0.19611299305939947,-0.0084620482544582876,0.98054479127300609,-0.65624215602618008,10.804003734588049,-0.57940415759903463,0.5045213272207307,0.2719265349513599,0.35,True,7
0.086925913640086755,-0.98879610074601842,-0.12135137694853912,0.97345628448042987,0.11019608482543386,-0.20059831777635215,0.21172328106137214,-0.10069306847353512,0.97212867369396683,-4.3352627902811447,-8.5344851622747502,-4.186831385458861,,0.0792787413046224,0.4468085106382979,False,2
0.87936614146912728,0.47020264026382619,-0.074997775477849415,-0.47586583610844452,0.86247378110508521,-0.17230984571726798,-0.016336929408860931,0.18721232329957477,0.98218361355821115,-24.669247508024359,-6.3540623046269582,-5.7892338232489795,,0.2650762919045614,0.6923076923076923,True,2
0.85695811928552235,-0.47854307300540655,-0.19136172310355953,0.48258485159665965,0.87540089104802488,-0.028020366909712324,0.1809271754050541,-0.06833598781657492,0.98111953908230887,0.028877959932219865,6.8816710859252721,-1.1013642880012173,,0.3821715540267779,0.4285714285714285,False,1
0.15283258326557597,-0.95656544428644308,-0.24824333281973926,0.95980818577513549,0.20350707893305298,-0.19326954065030702,0.23539423954594837,-0.20872809974034931,0.94922185624192679,12.844723676632352,3.2840799905056977,-0.41999464667241471,,0.794380638772586,0.8717948717948718,False,4
0.43703394343604918,0.89757381869906661,-0.057987690682684848,-0.88781425941903835,0.4201508224801655,-0.18777413863859094,-0.14417757473671261,0.13354597094339896,0.98049900590863648,-14.768118735087054,-11.273147969337771,-5.7441623557870907,,0.07853355781475592,0.2962962962962963,False,3
-0.21523591679215467,-0.96322987624591427,-0.16081575056542408,0.95993364442861651,-0.17842299761401292,-0.21608478015914021,0.17944608777188392,-0.20088165528417468,0.9630398029955225,-10.599042082645214,-13.61374968666451,-5.7750641706357095,,0.322445607512681,0.6929824561403509,True,4
0.85937749402617392,-0.46831042129791617,-0.20531846498808176,0.47522716463260989,0.87969140125910283,-0.017383341049600376,0.18875768794023734,-0.082634059893997955,0.97854082561173283,14.140601229159543,-1.7832623360817004,-1.2056359102045777,,0.1665841592886987,0.4285714285714285,False,5
0.98746578380761052,-0.10939272737595927,-0.11377414911336735,0.10778564211103389,0.99396890323669174,-0.020200860208445665,0.11529779340444385,0.0076844385414999612,0.99330124747750548,0.28850847344670538,-20.889640924548175,-6.1091237503643976,,0.4773173893584102,0.3666666666666666,False,1
0.88076043334554843,0.47351583446667928,0.0066191813910119468,-0.46903574361496592,0.87418473574797129,-0.12572397940252594,-0.065318682354428351,0.10762807391463988,0.99204317821398635,4.6030779826416994,-15.715276151993567,-4.6727629102508548,,0.2106067402515641,0.3333333333333333,False,3
0.66579615784885293,0.74174365490666538,-0.080819716650131199,-0.74039191024778239,0.64337341465961739,-0.19465474191209517,-0.092386662637773481,0.18943864366840812,0.97753654911298782,-0.99530676497401693,-4.3011335435598177,-3.1241878180252529,0.5240620787327461,0.3304731893199097,0.8909348441926346,True,5
0.56308511346631562,-0.81513217795449222,-0.13599517438421907,0.79707271479099229,0.57914910086830929,-0.17105965713501237,0.21819771384766054,-0.012076896397526411,0.97582985517202725,-0.79686405271347338,-5.8883968830788014,-3.3693824896402487,,0.08092260715282204,0.344,False,5
-0.84704264114080663,-0.52017801052741319,-0.10924102458760099,0.53081652497599763,-0.81724768655395974,-0.22436585220261862,0.027433208008044704,-0.2480343850879218,0.96836272280196956,-12.282847220792823,-3.7111136365583666,-4.1264333674255393,0.7237913167478355,0.546005302212625,0.9965415019762845,True,4
-0.75317377831618637,-0.5812591468053907,-0.30800497384293912,0.65458149742239979,-0.61582089888870817,-0.43850619576484062,0.065209837364997178,-0.53188572527092048,0.84430163588841745,-10.835746053105833,8.4212058698204473,-1.8815973364663436,,0.1464176243498526,0.3125,False,1
0.89198534316766454,0.44368641911212264,-0.086628569591827201,-0.45205486036037418,0.87419672625075207,-0.17727517321111583,-0.0029241748625605246,0.19728772214187673,0.98034126909635066,-5.3605193513385041,10.557030056362951,-1.0707101846728959,,0.07701543256615254,0.1785714285714286,False,5
-0.47173929932257114,-0.81825911620585456,-0.32850274309457739,0.87310770611818045,-0.3814935752583718,-0.30355491357188252,0.12306488935394055,-0.43001705871116014,0.8943938518492307,1.7413807144240268,-15.764039537274776,-4.9377809788989202,,0.2683069461408264,0.2777777777777778,False,4
0.94210824354463951,-0.29318660723175055,-0.16270731632341678,0.29932713495671204,0.9540472188339747,0.014041741835109228,0.15111361197403578,-0.061931555568165875,0.98657445674468336,-2.9042665338123346,-5.4097692641952007,-3.5038598431703516,,0.1104985025042179,0.3526011560693642,False,3
0.0040642770064502516,0.98264356248954066,0.18545918890764085,-0.97894193934356899,0.04176225076591461,-0.19982140477240706,-0.20409841020122654,-0.18074164851751798,0.96212072810250948,4.6111038165947544,-5.309060254154673,-2.7337862073944268,,0.1254998221472661,0.3809523809523809,True,5
0.48572397141897938,0.87411190728819932,-0.00077273925912361985,-0.86322164470433604,0.47953301448715785,-0.15778618485406748,-0.13755222900017705,0.077307577596555099,0.98747299848818004,8.8170547680500668,3.0739723647270396,-0.88026111784161043,0.6604604781774454,0.4696624026541184,0.9300699300699301,True,5
0.077875396240073627,0.99678573292858708,0.018804927292336682,-0.97082705396525715,0.080110997291794189,-0.2260023437976989,-0.22678239338535672,-0.00065631008881891773,0.97394523219094609,3.2701758616660945,-12.821723524927799,-4.2751046757752622,,0.169958160538295,0.1428571428571428,False,3
0.11557446011720876,-0.96032578765774124,-0.25380489697434028,0.96944711448970278,0.16471334397400839,-0.18177405349633957,0.21636736439723481,-0.22504198691897434,0.95002171961874393,-11.888256961518106,-5.533196076210622,-4.471050394841793,,0.09086212445261918,0.2288135593220339,False,5
0.90066992716840655,0.4299811104413474,-0.062529408745668189,-0.43448528667593156,0.88992257598962665,-0.13878164290035155,-0.0040271524171144046,0.15216456028790964,0.98834696773744191,-2.1700652789119235,13.537951090959906,-0.32802601914297352,0.2208509464314696,0.159782784236691,0.35,True,5
-0.81309141957540132,-0.53809565699474193,-0.22211575211194501,0.58063073952759348,-0.72221404235780595,-0.37586542982407534,0.041836440198684835,-0.43458018931446218,0.89966092019544108,11.082840118110548,-7.3899911606671207,-2.5026521124202219,,0.09987461028244866,0.35,False,2
-0.98215921383887062,0.180604205197129,-0.05239656225864902,-0.14882883603020655,-0.91684083169476238,-0.37047654028716803,-0.11494892882191229,-0.35606882818125085,0.92736278411435358,-5.2170682106514308,-4.8492822510636096,-3.6348326613988045,,0.6256368320851069,0.6539278131634819,False,4
0.98648107041798561,0.14064200409209887,-0.084112569761860101,-0.15201786095026704,0.9770549562134625,-0.14917835798404264,0.06120185993163163,0.1599482392015239,0.98522631568449381,-10.543098564832869,-4.1041710114438583,-4.0520804427228629,,0.08407821350800612,0.504,False,1
0.73761254894622941,-0.66170447596406234,-0.13444297722890308,0.63926798740500812,0.74845904773875149,-0.17648086054060202,0.21740323805361336,0.044229405909719376,0.97507927459087984,11.337400590586247,-1.2957362778844366,-1.3632528490135387,,0.1189752186434669,0.4516129032258064,False,3
-0.5332682388575678,0.83770354280637394,0.11780390399048218,-0.81589943128512787,-0.47253106040376402,-0.33320041263825029,-0.22345716245928196,-0.27380133550321673,0.93546765054827108,1.9216722760205545,-9.7289269936510845,-3.7890756973539244,,0.140611395607026,0.3333333333333333,False,4
-0.83791335700455971,0.53947272974069216,-0.082887755546144679,-0.51332235436441498,-0.83051533291831869,-0.2162046306103336,-0.18547605415019303,-0.13861261000970626,0.97282330239523662,-8.0413635338299603,-9.5341712402439516,-4.7512507295665847,,0.07856327841379035,0.3703703703703703,False,4
0.81445295257035599,-0.56611646679202143,-0.12719486654872472,0.54803162078209788,0.82255593620844913,-0.15186531674871995,0.19059834908093154,0.053980346749167081,0.98018283574671072,6.4347904232674606,-7.4598841118454979,-2.9868773473733738,,0.07470336760327084,0.4090909090909091,False,4
0.99668616686983358,0.029494117721452516,-0.075807531223169383,-0.025635310654975849,0.998350032275787,0.051381357539082045,0.077197899051344582,-0.049267738681303387,0.99579775773361212,-12.546110328763643,9.0892592603215867,-1.9656502737319208,,0.1955297925100015,0.1578947368421053,False,2
-0.98735079599699505,-0.12474162119830452,-0.09786691772462501,0.14936695260125876,-0.93884144952131454,-0.31026802305640544,-0.053178182694721202,-0.32096146279816151,0.94559812832077395,4.2414874638974851,-6.9019438569701066,-3.0827773739660507,,0.125692200505723,0.3333333333333333,False,2
-0.6372954240813884,0.77044199885547338,0.01654293941554888,-0.74035494869729113,-0.60616873405515448,-0.29057531862393876,-0.21384361665561905,-0.19742996797232865,0.95670910697144007,2.1401949999788021,3.5912447008486863,-1.4376346960841864,,0.6891953589043394,0.2575757575757576,False,1
0.68945298638555186,0.7237046860756895,0.030101609859454176,-0.71946357335983213,0.68903828107286658,-0.087168881055396802,-0.083825689214849508,0.038441833570163814,0.99573866012092671,-9.8611117185700365,17.923865865475236,-0.42586512199199605,,0.4028078804722326,0.5319148936170213,False,4
-0.96888106585913092,0.24266010465814208,-0.048842131679262706,-0.21033160993896571,-0.91113352343372078,-0.35439570586526159,-0.13049940260460083,-0.33309424504568341,0.93381910980515326,-3.2491958526278144,10.090030244541001,-0.90635406467520685,0.4879878389306443,0.2982723206582147,0.3333333333333333,True,8
-0.77186470550750663,0.63549033344848416,0.019414234091174806,-0.59575619308286565,-0.71226507040691445,-0.37115095026369904,-0.22203476033095262,-0.29804446911789884,0.92836957060914516,16.394074217095429,2.4086423407728463,-0.23393967432628401,,0.3622648009219598,0.3,False,3
0.19672691345963164,0.98042840704292444,-0.0076589936625194449,-0.96306155499621038,0.19176537712483002,-0.18904624149782873,-0.18387757560107829,0.044566565937344017,0.98193831699940515,-11.737297467772702,-9.473602634101292,-5.1274031329799001,,0.1459299751333037,0.5769230769230769,False,5
0.6363295137781696,-0.75733773816193206,-0.14671162275227367,0.74056700193665381,0.65297827715697632,-0.15868171036279499,0.21597515027751008,-0.0076759310102670064,0.97636868781507491,4.1819181642677146,-2.4396266071210513,-2.3094097104521909,,0.09065614479299229,0.225,False,5
-0.94346494271249659,-0.30142093761111688,-0.13791055159827689,0.33076877188454573,-0.88320228286631397,-0.33248420576881749,-0.021585212959226233,-0.3593036959305696,0.93297102456193026,-10.000147758466392,-17.839789211075452,-6.4757126591434586,,0.2548567986147166,0.5217391304347826,False,2
0.75090302829489874,0.66030964371375278,-0.011654034330131291,-0.65637712547477511,0.74425073301226552,-0.12353103077436629,-0.072895207325464118,0.10040926665065789,0.99227227509371407,20.052286974981872,-0.60964911359078233,-0.41137922178195252,,0.418721176397185,0.25,False,7
0.9011343441298324,0.42991676807093371,-0.055932694921139857,-0.4335047161084703,0.89188579742896179,-0.12889292244425565,-0.0055276524323602944,0.14039692616275198,0.99007986959772043,-6.823820754935884,-15.335512796449828,-5.7310287383559642,,0.1058468931792881,0.3043478260869565,False,2
-0.53301685272084254,-0.83423440473878152,-0.1412302823961582,0.83691667735141895,-0.49530009045833706,-0.23291263504375398,0.12435236180559359,-0.24234433837433522,0.962187981514671,12.215226510989559,-1.5322056239211239,-1.336325001032777,,0.07985858821086252,0.2941176470588235,True,5
-0.98107792670343241,0.16753424365491565,-0.097048333000979259,-0.13778268588032347,-0.95628133907256008,-0.25795722903844831,-0.13602217909921049,-0.23970456346212043,0.96126983155019252,-12.930814747506172,17.498426264752286,-0.72037086378631177,0.2071802369702948,0.138437931281123,0.5161290322580645,True,4
0.93212656626235468,0.36079255807749039,-0.031125463913870846,-0.36202630395375979,0.92632143861489535,-0.10423793747005711,-0.0087760875982905717,0.10843118738781916,0.9940652181261227,-11.477801103973343,17.303791725176531,-0.62576576524696337,,0.1811438970103111,0.3125,False,3
-0.38412291885369515,-0.90684185097829928,-0.17345731614887522,0.89912685032975914,-0.32472011707261689,-0.29347530148963785,0.20981060561231279,-0.26869071975525921,0.94009829639777376,-12.955684378723458,-6.7492002145024648,-4.7638865030071784,,0.1847832551586998,0.44,False,2
0.91091425288227879,-0.40209262571014953,-0.092502671558384403,0.37962736475277942,0.90460912082288347,-0.19381796215756525,0.16161153370592377,0.14143499875762297,0.9766667053297412,1.578615925413464,4.8320830181999757,-1.2902164474088478,,0.07353705803134422,0.2894736842105263,False,5
-0.98635034039033898,0.14295788811860879,-0.081707088043386542,-0.11596907130204356,-0.95538867936983352,-0.27163145221661489,-0.1168938856964038,-0.2584482802353944,0.95892664262192817,-1.9531013031766025,4.4349074261779649,-1.7123569109792607,,0.1560155053416094,0.4019607843137255,True,1
0.73385551811927252,0.67638859823392539,-0.062885154886034078,-0.67551867811221089,0.71686968745754043,-0.17254670882419221,-0.071628165182602344,0.16910445110544817,0.98299190768230627,-10.088150305040326,-11.172037119519713,-5.2661224781262632,,0.07162191928531092,0.2777777777777778,False,2
0.83531143526742968,-0.51075305873711208,-0.20343578618854208,0.51080963902576182,0.8578455669244105,-0.056342665773882472,0.20329367621703642,-0.056853287493516293,0.97746579731023919,0.27692422016966795,-12.868761794276207,-4.5530334183819186,,0.2436967889818599,0.2156862745098039,True,4
-0.79972367050367399,-0.58645123413325406,-0.12851848435036825,0.59836608776153499,-0.76111225842712471,-0.2503320896108171,0.048990569021880134,-0.277097600234189,0.95959201960591956,1.8196239288528375,-12.662574021873306,-4.3442208315445354,,0.09890647655554101,0.3529411764705883,False,2
-0.94269187088868978,-0.30981580290334054,-0.12387979993421289,0.33261442140736125,-0.90199065604395801,-0.27528258768261521,-0.02645152608505625,-0.30071086558478216,0.95334846309574695,13.095795364340175,1.3929119008281545,-0.74115772683021797,,0.1741953535653588,0.1666666666666667,False,4
0.003880236235495221,0.99765547146850253,-0.068326451801029559,-0.97913774141218224,-0.010091016282554825,-0.20294692590093025,-0.20316059438042905,0.067688489710931499,0.97680296951414192,-26.602339316789692,-8.3652782523711107,-6.3744733360922599,,0.1042368661825779,0.5,False,1
-0.98221405841059184,0.18746793132409939,-0.010550743369913504,-0.16881619194892991,-0.90629712223719805,-0.38746176528844245,-0.082198763959423854,-0.37878925664495394,0.92182539683711617,-15.14126667223686,4.4097735605429946,-2.9818009882309875,,0.3621835711652981,0.1111111111111111,False,2
0.46843309158125973,-0.85563712690399274,-0.220126204199103,0.85694761656688878,0.50064947213817756,-0.1224372839787556,0.21496795382557221,-0.13128295057335626,0.96775697657872839,-0.37503404412438823,8.5774359880125477,-0.90871105771193472,,0.3959390891203999,0.1818181818181818,False,3
0.15692097593331586,-0.97462315008888989,-0.15964185736499503,0.96389796672143813,0.18634820808044125,-0.19019741085379374,0.2151197737596755,-0.12403249838658532,0.96867921536573098,-12.910672062530114,5.0915703398565064,-2.6447789808017577,,0.07307546121131805,0.2941176470588235,False,1
0.5507674555293175,-0.82491576715380144,-0.12715811822615442,0.80560545101882364,0.56523633518407712,-0.17750420467254105,0.21830040590552971,-0.0046757340310353696,0.97587041675252773,-8.8433422601193907,-12.321471166888697,-5.3497249298657712,,0.1479830130272362,0.2448979591836735,False,3
0.87160891593400436,0.48916414826421251,-0.031879989292628932,-0.4900505446751679,0.86787924677774952,-0.081462118043041473,-0.012180366493753647,0.08662591451427451,0.99616644673801591,-4.0485179442039847,0.67409151771864617,-2.5511395676403819,,0.527410980905489,0.8751033912324235,False,2
-0.69053856621906251,0.72159755586432806,-0.049532372593590106,-0.69247207511355058,-0.67933753595982782,-0.24286403073317317,-0.20889929093239032,-0.13340719473348678,0.96879492496672737,-32.526413119671346,-6.3804009654833163,-6.5396818143899127,,0.1104077563826836,0.3333333333333333,False,1
-0.01534563187670172,0.98427676471959158,0.17596522956379165,-0.97921630012632654,0.020801217008200618,-0.2017492179362429,-0.20223735844104734,-0.17540399027419779,0.96350064403023417,4.126115367282849,-9.3143076022590208,-3.5047300955004914,0.8731078757553351,0.3584476843748306,0.1333333333333333,True,3
-0.59169661912094473,-0.73980030393648055,-0.3202977071668402,0.80232744509770659,-0.50170881561948,-0.32335574089953278,0.078522492088769769,-0.44831213972542594,0.89042149772508261,6.4031133354608727,8.6440615583324316,-0.19990634511882624,,0.4496544455179696,0.25,False,3
-0.69313279961843854,-0.71162273945739696,-0.11471703788129112,0.71616190764459053,-0.66184138428905237,-0.22153578510302668,0.081725419129967614,-0.23570969163253164,0.96838107020869135,5.3166774353200248,-1.9007718437469867,-2.0822985120361936,,0.096520111604682,0.391304347826087,False,5
0.95693168078603674,0.28077747187071855,-0.073795457840560449,-0.28879074111370734,0.9466449130341219,-0.14305004884170738,0.029692863705033157,0.15820056863522058,0.98696044192687193,-7.2385707310638354,-9.7320374743452192,-4.7087705276425522,,0.1217785307257901,0.3541666666666667,False,5
0.98607532522576724,0.14116712206647397,-0.087905043247626005,-0.15252153336097457,0.97837095817286901,-0.13974065287209692,0.066276955588763245,0.15120222171440473,0.98627848668949136,-0.25936442686968586,-17.034406493478635,-5.3869709937644812,,0.08273632677903611,0.4,True,3
-0.74034652442604554,0.67217156080169704,-0.0085097955137607428,-0.64088537470117835,-0.70959425000621945,-0.29281724138486442,-0.20286192413660487,-0.21133242346483971,0.95613055935268199,-18.076876418759962,-9.6437747178612749,-5.7665473070025159,,0.5689251810114736,0.7586206896551724,False,1
0.54038778124683451,-0.83224749501582762,-0.12387555416224923,0.81392743294006442,0.55436124936308373,-0.17379798362523921,0.21331474348183593,-0.006907405046890705,0.97695911274157099,-11.258235902925888,13.338486126445398,-1.1985244977814888,0.1842876546746356,0.1255681529130174,0.2666666666666667,True,5
-0.98293729670304975,-0.15053142876762926,-0.10570979000677445,0.17473444579675088,-0.94368112531638249,-0.28095161002156277,-0.057464286319439728,-0.29462895763108915,0.95388240004888181,-8.6449658233132745,13.824857335824676,-0.88316124868921098,0.3495567245773515,0.3560632024901157,0.6666666666666666,True,5
0.94867915265791647,-0.2939286876833368,-0.1166781550634436,0.27975426567581613,0.9520605768669369,-0.12376675164186808,0.14746327050639585,0.08477372548464758,0.98542782552504116,6.2368831799774487,-1.3053759782783849,-1.8807508777412099,,0.06878814156438469,0.1818181818181818,False,5
-0.62256533745525489,-0.77185536624127582,-0.12904144374490917,0.77580054218613503,-0.58709465499459601,-0.23119988066708677,0.10269332667181152,-0.24404745374890174,0.96431059362414673,-19.596883351784488,0.19765212542206123,-4.1316763644562249,,0.1121728345803246,0.5384615384615384,False,1
-0.9870546976945811,0.14511328372848833,-0.068301966623188687,-0.11341380651774129,-0.93264593794411121,-0.3425038144714686,-0.11340340493219891,-0.33032361302499269,0.9370304042174401,-6.0439638017011674,8.6132694904645675,-1.4144631664112031,,0.259635372830937,0.2307692307692308,False,3
-0.80977745241841348,-0.57429746840516727,-0.12017859767096162,0.58585131997328044,-0.78016147057014829,-0.21937709708031872,0.032228999989266066,-0.2480534168707183,0.96821009803577884,-2.6902029165425883,-13.864550909343222,-5.0483094808347504,,0.1656021166152631,0.4418604651162791,False,4
-0.99579305791357375,-0.0017118291577346368,-0.091614711984853159,0.02328073336302414,-0.97174324201358075,-0.23488950392687719,-0.088623886538633817,-0.23603419506899723,0.9676950271097382,-13.10085311640907,-5.0462423200788615,-4.4835467013481773,,0.1226437986774702,0.4146341463414634,True,5
0.72583986948461521,-0.64217813304246163,-0.24650300060781064,0.6496685781359427,0.75775847616289038,-0.061096893424428395,0.22602482706414839,-0.11579869276201726,0.96721426804262378,-8.1330333793195422,-17.42974733806863,-6.2134425185565902,,0.5686093425407993,0.2380952380952381,False,3
-0.10045669005574659,0.99291513803975662,0.063466385390508015,-0.97692050152105192,-0.086350473501500644,-0.19537126051168632,-0.18850672967006307,-0.081627963208446383,0.97867363737434954,-5.0317594912546948,6.6551003116307159,-1.6138699762360542,0.990339047346091,0.5488225803567607,0.1213872832369942,True,5
0.98258021035449317,-0.15491385201656477,-0.10265392673011067,0.14148469331288868,0.98172733026747006,-0.12725380373122444,0.12049154234998782,0.11051310989786245,0.98654378552744693,-4.8128858970668738,8.0096243464544639,-1.4218601238012785,,0.08078638487353834,0.3333333333333333,False,4
-0.11015784386488317,0.99256288441493834,0.051808975254661049,-0.97097337350831525,-0.096334233876468972,-0.21893017910127538,-0.21231099211515825,-0.074422011967776217,0.9743641037937234,-6.2637532257382667,-14.090670758948505,-5.4043377802289143,,0.08114246982827684,0.175,False,5
0.9691980880573785,0.23419016833861717,-0.076223560396065287,-0.24289868241323431,0.96007666017171223,-0.13875531224225696,0.040685331359559575,0.15299598572204987,0.98738894675052025,-1.8664704880889418,3.5770995193598178,-1.8612081919682864,,0.0675283708257045,0.2405063291139241,False,1
-0.91615099419402823,0.39990718510570417,-0.027232317898545251,-0.37435681722149566,-0.87794127471866912,-0.29845618027635473,-0.1432631468211103,-0.26323632242947093,0.95403475267765914,3.1911432343735773,16.204398194916262,0.6186591992616024,0.2739001971954072,0.1938165111943644,0.2941176470588235,True,5
0.69552189098368233,0.71662666456445157,-0.051918424453294518,-0.71239929553110015,0.67840878571920349,-0.17957940635214581,-0.093469475708788774,0.16188805729338313,0.98237249249788106,5.6934349100139725,-13.117076139760719,-4.0677638918685091,,0.1120516506158378,0.3636363636363636,False,3
0.25721957185064703,0.96587303637241895,-0.030452741513593277,-0.95386124170234854,0.24871789634640787,-0.168190783383251,-0.15487680082899463,0.072309651124461444,0.98528396461082968,-17.110173476398135,-10.805001059819103,-5.8937094417277569,0.0767891285162638,0.09981054530612746,0.303030303030303,True,4
-0.9857759368657989,-0.13620205700903668,-0.098462185446316727,0.15772363687963384,-0.95206414891307301,-0.26210133674571112,-0.058043575577484567,-0.27390300476799145,0.96000421213307596,-2.2099716161870844,-9.1823956255254284,-4.0920617947749127,,0.07394929069677696,0.3098591549295774,False,5
0.053208082720685515,0.99849194461058555,-0.013518005805588429,-0.97751612182443903,0.049314762604159783,-0.20501289169855511,-0.20403708365514545,0.024122411510182712,0.9786659173366753,5.3118738887120882,-7.700492546662872,-3.1009607162184869,0.3473895835598703,0.1238171155558042,0.1764705882352941,True,4
0.82360671080623415,0.56296890537619215,-0.068833113357372411,-0.56550205769687933,0.80585018849464274,-0.17553602605660421,-0.043352147069461555,0.18349791628975379,0.98206369755825251,-11.77671276001327,1.696614858175062,-3.1575001245414636,0.3166867266223732,0.2845232699661445,0.8010752688172043,True,2
0.99445327912363057,0.063830395393703485,-0.083596389061621146,-0.063823304853952476,0.9979573981498574,0.0027599339642125909,0.083601802598854788,0.0025907724428937216,0.99649587379997284,1.4078755535560812,-7.5882489436192868,-3.4716489975395937,,0.4423128224205502,0.4298245614035088,True,4
0.88018438239339503,-0.41895829849145633,-0.22304572875511797,0.44137206976021043,0.89531391217226819,0.060030781324053734,0.17454555000442099,-0.151284311136126,0.97295781418195226,0.55726557934261289,-8.3743254399892635,-3.6953943534131182,,0.373744118766808,0.25,True,1
0.89367838966695956,0.44752566176492348,-0.03255330865117137,-0.4487065050917674,0.89112843553828702,-0.06747283648564259,-0.0011866467894803834,0.0749058972107918,0.99718990088771176,14.193222846117983,-6.6674234297827875,-2.0620358031007546,,0.1781535175084413,0.24,False,4
0.92667251479879886,0.36888906970690299,-0.072103429649681736,-0.37573193096930385,0.91432280007622868,-0.15112687818797943,0.010176756189924183,0.16713668511593088,0.98588121095896242,4.2062046766301648,-1.3174560171169771,-2.0674982289491073,,0.1133155003657695,0.4210526315789473,True,5
-0.97437913140758692,-0.19870954144313202,-0.105355713736169,0.22017933005894669,-0.93833765559193527,-0.26653987827907738,-0.045895216441268108,-0.28290804555136312,0.95804836353397016,-16.477857898039499,5.3390170521700693,-2.945539706857498,,0.08606322872091575,0.391304347826087,False,1
-0.9298501579438091,-0.34842659494476863,-0.11822686542011884,0.36775537226534044,-0.89023646696832481,-0.26876573265529058,-0.011604737905427293,-0.29339042386374564,0.95592227154889409,-12.65672902758879,10.714981929891676,-1.7589234228959143,,0.06688740349848862,0.2916666666666667,False,3
0.80622195037962663,-0.56968879685630325,-0.15956453698265513,0.55842105020908361,0.82185851534884224,-0.11275864238266563,0.19537680878102126,0.0018042962659311421,0.98072659141349372,3.8690261707730116,-0.42845828962783716,-1.969359173106416,,0.07879788759851775,0.3108108108108108,False,5
-0.84269871212226455,0.53462318258635111,-0.063536865115608882,-0.50513850218188006,-0.82596311115941545,-0.2502399500825303,-0.18626318530757624,-0.17878196677825714,0.96609680371791662,3.1174846225421997,-4.9085505024926483,-2.7924028480161907,,0.1044917331452867,0.3529411764705883,True,5
0.67106642214848544,0.74047669399839033,-0.036934031868260643,-0.7343234949131916,0.65697328092977347,-0.17074868363429857,-0.10217074866764644,0.14170523557576872,0.98462214291935835,14.638827453017575,8.2541964746239724,0.54464350668222217,0.2649498674441478,0.169861353631833,0.2,True,5
-0.87411346959332037,-0.46189508198021989,-0.15026169012098373,0.48572163393875178,-0.83099889774023916,-0.27113709867588726,0.00036959355765509017,-0.3099899437030087,0.95073976365965063,7.2462332257129836,-6.8835105909421879,-2.7783441428430646,,0.1427942960078472,0.2702702702702703,False,5
0.64065906079911039,0.76781478740753228,0.0040521666215413699,-0.76161185578826196,0.6361357204629291,-0.12360714491432447,-0.097485121627674115,0.076103859228275214,0.99232295835166551,1.1239977225277051,1.9961767070331848,-1.8478407560668826,,0.7934184239842201,0.3397129186602871,False,2
-0.13230054083337126,0.97503115505450355,0.17835586216404059,-0.97069307652779735,-0.091026774629629201,-0.22241645056408629,-0.20062780982754463,-0.20255461726064763,0.95849888312412501,7.7612374783132196,-17.091030123824389,-4.6414507167248527,,0.3761362447561277,0.2,False,3
-0.23698854039661357,0.97039352492688857,-0.046613715799657778,-0.94734974562128438,-0.24146255398616559,-0.21029573104028104,-0.21532508258902583,-0.005678186545606409,0.97652591722164894,-7.0023475581788031,9.7163444536629449,-1.3697224017382892,,0.09474014990594515,0.3207547169811321,False,5
-0.99265327179470442,-0.074789674027051778,-0.095110391935881625,0.096198127535700131,-0.96461570721618972,-0.24548412912128664,-0.073385299985043673,-0.25283006555933712,0.96472356439312035,-20.145687727413936,-6.8078925738841569,-5.4717129223673089,,0.1215512901593864,0.3888888888888889,False,1
0.34140117311540213,0.93623757588493928,-0.083092962978341151,-0.92624916103774024,0.32009741865972713,-0.19899782472243777,-0.1597113980663559,0.14490287805448188,0.97647090343707521,-13.867415554292263,3.5210547589252261,-3.0153147735392292,,0.09374820575145879,0.5407407407407407,True,2
0.76700670977091956,0.63921283100533943,-0.055746424499942764,-0.6379818461229092,0.75048811620765232,-0.1724724657697409,-0.068409584006873511,0.16785274531335137,0.98343560272484443,-0.74708748086422339,4.9025719889010402,-1.4939192880420913,,0.07470729091586273,0.35,False,5
-0.56551092035279893,-0.79931675427212301,-0.20319971776951365,0.81684415498651519,-0.50881767036965764,-0.2717907371195013,0.11385528282033172,-0.31968313164675133,0.94065916777248781,-15.513151285642463,10.927048233948044,-1.9373007700748022,,0.2392797851417899,0.8222222222222222,False,3
0.54379377950005514,-0.79392337448154315,-0.27198161854964498,0.81352830487891459,0.57827044976449515,-0.061440899163408946,0.20605829888137245,-0.18785356632496425,0.96033901049634929,-13.017393026683891,-10.185961817826501,-5.3901484508360484,,0.419010166608536,0.5,False,3
0.86994861101231169,0.49151847624020328,-0.0399875194561745,-0.49272352411834724,0.86300603000080389,-0.11155322031500478,-0.020320998453465827,0.11674836057418614,0.99295361287680195,-1.917877601928301,5.6791045135915255,-1.5169436012374204,,0.06865334150115278,0.2608695652173913,False,4
0.48300136207450078,-0.86099660529613575,-0.15935661235953813,0.84928986899796177,0.50494800084313241,-0.15405919272133678,0.21311124477981683,-0.060929156510287338,0.97512626630367349,3.4100619228382691,-6.9459554436561932,-3.1512351389612845,0.725856389697271,0.3204024061604561,0.1975308641975309,True,4
-0.3563196199714429,-0.92579196436325462,-0.1262757583379871,0.92212497153046324,-0.32662337562626975,-0.20737094148998908,0.15073773682575414,-0.19033236512723714,0.97007820585853921,4.5208080185725219,7.3452619101186851,-0.58941431661369958,,0.06651402215268408,0.2258064516129032,False,5
-0.9871492119430002,0.13303623835146047,-0.088531308843868645,-0.096220823622594223,-0.93715676153954675,-0.33537852853469913,-0.12758521255108166,-0.32255009469228779,0.93791441504664652,-4.7175988083393303,-13.310214017275666,-5.1235180905629818,0.4255045798492227,0.1978833650957151,0.2075471698113208,True,2
-0.35810369760292127,0.93343561096064553,0.021440661222127302,-0.90640483719739684,-0.3420401524482678,-0.24786852405726376,-0.22403574015829736,-0.10819655402873161,0.96855639630742818,-0.026970920530849013,-6.6626272374083619,-3.4410535904838557,,0.07469836468889543,0.2641509433962264,False,5
0.92941985514193792,0.3650903070222497,-0.053738259986142872,-0.36900549014275297,0.91800663585278197,-0.14525413858050412,-0.003698798784147514,0.15483179340386455,0.9879339222027439,-3.8376308721908488,-12.543071642073572,-4.9098525824173294,,0.1514564145893682,0.1690140845070423,False,2
0.93506145966979337,0.35166265684035036,-0.044647983427956513,-0.35379816873149605,0.93365638103170434,-0.055790841193001289,0.022066319186420477,0.067964240176498603,0.9974437024788898,9.9061112092800983,-3.1241212905113906,-1.8468303987037644,,0.1519046497738007,0.3125,False,9
0.22856854895331988,-0.96519113934203704,-0.12713175435348367,0.94835671806779387,0.25025547245713808,-0.19491468338977977,0.21994534258550982,-0.076014886968772982,0.97254603142168439,-0.52153285185966114,-7.757090061563213,-3.6704887515021092,,0.07437860727424438,0.2878787878787879,False,4
-0.76930265891021499,-0.58016126747675412,-0.26755620477469844,0.63607994691357062,-0.65632839662295839,-0.40575280272693964,0.059797325426005021,-0.48233384652759304,0.87394412885824324,18.038006827938514,3.8854535277913889,0.18705080488501202,,0.2530809067176446,0.3888888888888889,False,2
0.63748133904917537,0.77038526254517825,-0.011139551932969879,-0.76434585826018087,0.63053291147310464,-0.13492092687851726,-0.096917239563343971,0.09452404351511276,0.99079374941153864,14.202111008640674,-9.5037584563355466,-2.6188488266795349,,0.4301950302436186,0.4137931034482759,True,5
0.99635820716777046,-0.01952031504417371,-0.083001688597299422,0.013994475592690849,0.99767872964550564,-0.066643132172911929,0.084109914173731287,0.0652388665866203,0.99431856697146148,-7.3910154980509697,-12.534564174221876,-5.2264327294381712,,0.2802557167440136,0.3055555555555556,True,3
0.50318669895925761,0.86399218606619899,-0.017906658176100224,-0.85268761565936191,0.4930219849516142,-0.17278064838263107,-0.14045275394821374,0.1022097097683025,0.98479754220725058,-7.2832392716147352,13.834708177786972,-0.7709499684349802,0.1640587164211365,0.1133934337145876,0.2857142857142857,True,5
0.97823211923911113,0.19571628804708419,-0.068971410613591605,-0.19983008286470669,0.97806309292130189,-0.05882622074808036,0.055945141623221811,0.071328261287432276,0.99588273419638629,11.10376760160657,0.7386601069079286,-1.010832836283091,,0.1160639975806796,0.16,True,5
-0.9287734593938537,-0.35832005600444189,-0.094797671862482377,0.37061993824265066,-0.90095571123664908,-0.22565386716623609,-0.0045521975558166505,-0.24471523012480653,0.96958430971338205,-4.8963141292209613,13.462190098542054,-0.59089611410597331,,0.07242764473885173,0.1875,False,3
0.9135162845333733,0.3988369768404415,-0.080106577739394544,-0.40680021869995642,0.89501691654154869,-0.18291610418474893,-0.0012569638054677618,0.19968421321986207,0.97985949759787294,-1.9625522634551285,-4.3733482032362021,-3.2378913032035763,,0.4010872967884057,0.1962025316455696,True,2
-0.83271273657078138,0.55200986826931797,0.043296693708538433,-0.52128325819314225,-0.7551887320663252,-0.39743394883627964,-0.18669028651845437,-0.35351815270696768,0.91660877839256516,-9.3330043446136095,-16.676247347026464,-6.2104074158391702,,0.6276565890864189,0.2857142857142857,False,1
-0.90905212293049609,0.41655689641956301,0.010226917466123628,-0.39490257334211237,-0.85344554571985998,-0.34012153424725627,-0.13295185355358935,-0.31322683878657548,0.94032587548170399,16.13583841329276,6.3636333649300321,0.41361339502213179,,0.6481679492451882,0.6,False,2
0.96523859527994682,-0.23094558072394941,-0.12238706192270389,0.21902042213011891,0.9702204758199714,-0.10345183898612735,0.1426341784844658,0.07305044177652123,0.98707604777155622,-3.5320909430300258,-11.617897445048534,-4.7075588967108404,,0.08690152734866588,0.3243243243243243,False,4
0.68087737633597423,0.73102849887629251,-0.044758599447631275,-0.7278489727399603,0.66858384262667825,-0.15241889075809695,-0.081497676501995645,0.1363560750726503,0.98730195457902181,-0.70183145680461956,13.600554787998567,-0.20008835815264389,,0.1028173163527667,0.25,False,4
0.90574989774498538,-0.4121784266488287,-0.098620826097967684,0.39402165057827288,0.90466900056630395,-0.16223729007210239,0.15608991514676041,0.10808766821271626,0.98181107875691442,4.8335199793230874,8.4371631566021428,-0.39479665210669013,,0.1150155557374948,0.2631578947368421,False,3
-0.63899114770059506,0.76204548542485484,0.10477113774258126,-0.74502671515454089,-0.57924332531771117,-0.33077539778664977,-0.19137791634959414,-0.2894198476581713,0.93787560204709985,0.31363823183107609,16.668173820551718,0.29093657979702559,,0.6729533705538737,0.25,False,2
0.97180720232234019,0.23220909577196927,-0.040861930389922654,-0.2354905433860687,0.96447842531205319,-0.11968947774686417,0.011617464876664721,0.1259376947079287,0.99197012634529103,-4.1840137360578806,16.077268783148583,-0.18745028362028254,,0.2158337261437266,0.25,False,4
0.92259602228417903,-0.32080116874646769,-0.21425029707403365,0.35112412315767333,0.92835261455712803,0.12195602970620417,0.15977618659289122,-0.18774459559690604,0.96913545855158378,-16.342817448341176,-8.1611970599194201,-5.3531521902707837,,0.106440573610387,0.25,False,1
0.84509148514410504,0.53205358677508829,0.052338919903787751,-0.53345972455359403,0.84565512295182088,0.016974548728753702,-0.035229306211381178,-0.042265752390140611,0.99848510362386511,12.83630552678472,12.183909617470059,1.0309900078733381,0.5075139908322771,0.4453310000813591,0.1666666666666667,True,4
-0.8669075225531977,-0.46440675578150326,-0.18110138741924831,0.4943101344787052,-0.75409608704875675,-0.43243101467100964,0.064256037010711156,-0.46439795077309898,0.88329253649367201,9.3248956314907172,-8.2808402175822042,-2.8448346490303131,,0.3284463674539542,0.25,True,4
-0.92597023871279116,0.3735637343851535,-0.055038653420982596,-0.34517497594927321,-0.89651550731693463,-0.27769440238989024,-0.15307956426837407,-0.23813878619930456,0.95909153135189673,-6.0417781222566216,13.212776767392203,-0.74769911237361342,,0.08341413559767522,0.4,False,4
0.59392271548109199,-0.78469145568247334,-0.17752500504009597,0.7777542146699763,0.61645516535029765,-0.12280639509416962,0.20580133526936575,-0.065133313226470299,0.97642381264975708,15.662723406602236,-3.3622000477342455,-1.3521622275870382,,0.1666462409990579,0.2727272727272727,False,4
