axis_00,axis_01,axis_02,axis_10,axis_11,axis_12,axis_20,axis_21,axis_22,location_x,location_y,location_z,dbh,dbh_approximation,score,reconstructed,number_clusters
0.58983477923509731,0.77582730727915772,-0.22402437921944121,-0.78145918320882668,0.61830685818566777,0.083774543264423573,0.20351038839154625,0.12565276917179663,0.97097626305496343,5.7934539309889193,-8.6528207001985802,1.2125635592335464,,0.08599597268519284,0.5217391304347826,False,5
-0.28879368001465938,-0.87621516242505337,-0.38580461313990166,0.94900962665795308,-0.315199442389832,0.0054808783668894648,-0.1264078276615978,-0.3645494488455272,0.9225642310713652,-2.4561240528632471,-4.1327314805791779,-1.4981784818094224,,0.06828058677645892,0.1585365853658537,False,5
0.32278407898896377,-0.88111391415134954,-0.34561352496702957,0.94444804185840392,0.32372291617883842,0.05675711206973446,0.061873537001484041,-0.34473430904039415,0.93665891422084313,0.093394988299733445,14.404515161866765,-1.3326517203495345,,0.08070115496463273,0.2439024390243902,False,4
0.42507337919561694,-0.84010348957285008,-0.33695511437985382,0.90039174266929101,0.4306002367679152,0.062274760765285708,0.092775708200894036,-0.32986294563490537,0.93945894272442099,-0.15455868883716053,4.8957545861382314,-1.153513058154503,,0.07334237810760613,0.3172413793103449,False,5
-0.22734847895772681,0.94445348028404719,-0.23731896825782667,-0.97273110276319708,-0.23173578497940267,0.009629521123864955,-0.04590066266082643,0.23303679868066193,0.97138405362038238,-12.745538498287425,-11.75556613101536,-4.2750957899478328,,0.2086007524724989,0.5652173913043478,False,5
0.95197625606239544,0.038174491873959243,-0.30378267900522515,-0.018410094633438307,0.99753843006326159,0.067662020088918112,0.30561785993134388,-0.058819968693381124,0.95033569593796507,-8.155388107417993,6.5285620397371282,-3.723973404226264,0.1162098306143672,0.1901895519536505,0.4489795918367347,True,5
0.49560930691768879,0.84589947980030822,-0.19704183558355354,-0.84466239738980653,0.52224943582381933,0.11747749238644331,0.20227913716513768,0.10821089065001932,0.97333116348571536,-5.5600580323651734,-4.5803308575226351,-2.3822890338901335,0.6322265634375279,0.2946630055345836,0.34,True,5
0.94735006050324366,0.23765649120310783,-0.21458624152896416,-0.19961644973475071,0.96234003297917969,0.18453978953311007,0.25036200961766064,-0.13198883708351211,0.95911303349790189,-15.042040258448599,9.3273103847381904,-6.0352436202180968,0.5856919199253877,0.6334117162808464,0.546875,True,4
-0.22285824662908485,0.96774983047380581,-0.1174498511166896,-0.97460679833755903,-0.22387528659034553,0.0046308409933404557,-0.02181262349248593,0.11549944446625376,0.99306801770289832,-8.1126857586583494,-15.472095389110184,-2.6783352300830323,,0.270035911527174,0.2666666666666667,False,5
-0.9652277520088306,0.12848053514247337,-0.22765794262771455,-0.087440663600875448,-0.97940271396328404,-0.18200124788141694,-0.24635242458928353,-0.1557660937780046,0.95658110316278144,-3.5466070483832106,20.076425646075805,-2.5994058443275523,,0.2389695689735739,0.2857142857142857,False,4
-0.63853235951641507,-0.65573562617536107,-0.40284887292234994,0.73905697887215438,-0.66846773965433792,-0.083340644476659301,-0.21464204581294047,-0.35094396932534416,0.91146427388209139,-18.859515108222372,13.062259329865229,-7.351072999335531,,0.2428073549210175,0.3571428571428572,False,3
-0.86771028223101465,-0.30385020708497484,-0.3933877448078309,0.3705332309822037,-0.92292934519951286,-0.1044344220431544,-0.33133667296039226,-0.2363820539381466,0.91342188156816206,19.083216225582543,-11.220634247992688,5.5031388990184746,,0.4599061764301901,0.48,False,4
-0.91666845331622515,-0.22455387122401635,-0.3305971954102862,0.24431235351474956,-0.96951254108354645,-0.018891971887776533,-0.31627586157486487,-0.098086653526524348,0.94358284627532518,15.822323482064032,-11.36146344417034,4.4799706888675912,,0.1197225214377593,0.1764705882352941,False,5
0.93266349893310885,0.23879212566329477,-0.27040177232972246,-0.18343071265827299,0.95934247141032369,0.21451152929856548,0.31063156860101648,-0.15046708367459119,0.93854551584829082,-7.5960593765267701,-9.0398679953919743,-2.8387942487476465,0.4984019056722465,0.1905167458230668,0.1153846153846154,True,3
-0.56905691586295848,0.80974027831671258,-0.14316042812213067,-0.81847058591800881,-0.57453645704349143,0.0037093820165378308,-0.079247249135664,0.1192834489754819,0.98969254433129117,10.986428250804966,-1.3840611669261202,2.6055820133646423,,0.6189680639742586,0.696,False,3
0.95361621235534488,-0.071096451586946635,-0.29250882739635214,0.09516291572246402,0.99307660017157728,0.068868611593805404,0.28558735792090523,-0.093510217427851983,0.95377969166487853,3.6641584373755332,6.6952850283372269,-0.0070636420262561363,0.3112855571427965,0.2483570564461179,0.7702702702702703,True,5
-0.9360048574106502,-0.16017077349523734,-0.31343297564488454,0.19438656356407949,-0.97758057776698626,-0.080932551414831855,-0.29344296006109516,-0.13668042029019273,0.94615521554334803,11.406711085813962,-18.53711967960221,3.4321447318726994,,0.1714857236907329,0.25,False,4
0.95129867332578755,0.11642364833205195,-0.28544065624513232,-0.094946817929474736,0.99158442565114435,0.088008116507273138,0.29328473518692427,-0.056620322457093863,0.9543470035533147,11.311761545389464,-11.665148233993683,3.1356276153130693,,0.1036399813996664,0.3333333333333333,False,4
0.95567771743502128,-0.010789003019534392,-0.29421709299772358,0.036979028835172338,0.99581312907110975,0.083598824130559218,0.2920832960382948,-0.090773395791108019,0.95207538503626665,0.78635120216920273,9.2282827346281948,-1.0261758234186251,,0.07753584139033032,0.1904761904761905,False,5
-0.89720901621831206,-0.32346037594355409,-0.30064824365198783,0.34214745538287933,-0.93959124809350503,-0.010168838729730068,-0.27919724209166347,-0.11198960532364327,0.95368088389558536,-7.0062096260761244,-14.185879517261442,-2.376976451675636,0.1595852893181279,0.2702956761152636,0.45,True,5
-0.3554510897415184,-0.87233745381850958,-0.33568123192547733,0.92277893508188735,-0.38467103119026091,0.022521872305796112,-0.14877351837845434,-0.30175414566905356,0.94170636389526141,-11.501287632303855,-7.2866755308647742,-4.1290476730185164,,0.07499171568476637,0.2745098039215687,False,4
-0.82126869144697368,0.55562166725850715,-0.12962368349130915,-0.52255786683678274,-0.82372618331721259,-0.22001920535410499,-0.22902185977755393,-0.11295900933762371,0.96684499789443779,10.642177043019032,9.1301020251188483,2.1886537248173417,,0.4349749444310956,0.1052631578947368,False,1
0.78703524637389888,0.55999068610873859,-0.25881644545244981,-0.55897369118382245,0.8248306844600003,0.084869043458617038,0.26100561972783187,0.077876655325662514,0.96219088180349033,2.2782830187728038,-17.484311775062249,0.60235739734987637,0.1494483886414281,0.1312733100286645,0.3684210526315789,True,5
-0.55612981516179516,0.78518633208561828,-0.2724005370663572,-0.82095701667835597,-0.57003933787650529,0.032935240091541425,-0.12941872142267424,0.241945401235997,0.96162010033384371,11.192116912824931,13.135584209125934,2.2369106211661318,0.4779282211349397,0.4580859437540279,0.9325842696629213,True,5
0.89267056525222832,-0.33010077391012904,-0.30687577453458564,0.36915212726729535,0.92612254582108688,0.077612737716821298,0.25858454877718168,-0.18256645142468891,0.94857973937244644,-10.177772969829931,8.177054743901996,-4.3943456666402234,0.4223815289244154,0.1948462991771581,0.4016393442622951,True,5
0.91117557656872483,-0.24230933396511017,-0.33323453503206685,0.30855666584737002,0.93728172977114377,0.16215962197282052,0.27304185141807014,-0.25057762412194429,0.92879438072352438,-18.561283607763542,9.3244751620760269,-7.0907532122833361,,0.1656048540592581,0.1351351351351351,False,2
-0.68161140486532623,0.68444813905314283,-0.25872115820745417,-0.70899070181128698,-0.70521434405448002,0.0022166833217146797,-0.18093666710386741,0.18494181216398742,0.96594950624287024,1.8978177612937863,5.4079739473567168,-0.53620971039977228,,0.09386318024461346,0.3680555555555556,False,5
-0.25774606874402517,0.93003928647476297,-0.2619043521221347,-0.9654294439981872,-0.2588075061253301,0.031059031448834366,-0.038896692768828824,0.26085551630491194,0.96459392850304959,9.7283306754061929,-2.338202678784743,2.27595475243151,0.1654696097034907,0.1129123991644579,0.6571428571428571,True,5
0.23300055091777563,-0.9109531334040526,-0.34040436544402713,0.97201721714394729,0.22891466453415019,0.052731451117458819,0.029887670497188004,-0.3431653611636164,0.93879937262958135,-18.30241633054608,4.6856649436503144,-6.8301683661012795,0.6084087642435004,0.5357834250570879,0.8011811023622047,True,5
0.10922287482452106,-0.89172687204083578,-0.43919648142412687,0.99388886422192335,0.09086841237542588,0.062672619284852876,-0.015977771769604389,-0.44335777574396501,0.89620231727921862,-12.23468823819244,-9.7336082461711797,-4.2307751671648068,,0.2836874083107236,0.2692307692307692,False,5
-0.85662404042607043,0.46514577543281599,-0.22323678227639412,-0.46139698747741614,-0.88426850119738176,-0.071986371883161343,-0.23088541164586143,0.041335522098312899,0.9721025158397546,-8.2159573007303592,-20.029975926773595,-2.4480654738845571,,0.4179024086080835,0.4,False,5
-0.9561203271744767,0.041329685069285915,-0.29004443986369377,-0.046990360392224415,-0.99881617084184293,0.01257628303776815,-0.28918130298132894,0.02565373261166555,0.95693054084876428,-3.1032460147434642,2.9029917658693769,-2.0466765804088531,0.4471451738165998,0.421473694324367,0.9769691386457854,True,5
0.13455051020616646,-0.83269536692673707,-0.53713553792502622,0.9909064010787465,0.11351363357406516,0.072243749168900695,0.00081517140926892079,-0.54197147608666607,0.8403964865490654,16.175155816731145,-13.866361944529643,4.7267868990241304,,0.3377335335622993,0.25,False,1
-0.73412936349746949,0.61935262908454458,-0.27830989651261839,-0.63745891222794249,-0.76983226825945295,-0.031692490714292004,-0.23388076635749674,0.15414473585747226,0.95996832631887474,-17.398810114510642,18.093817153825185,-6.8928242079140585,,0.1283968844018647,0.1875,False,3
-0.13545863791416543,0.98667925139300239,-0.090083362975558912,-0.9898532071705104,-0.13870905447852641,-0.030828987332228955,-0.042913700244753633,0.084993253121765339,0.99545696102598313,12.818829972068912,0.70751019571061757,3.1031198700917586,,0.2522545211792547,0.2857142857142857,False,4
-0.094668666519679784,0.96216022648685107,-0.25551035624052343,-0.99543416324635914,-0.088346870379266931,0.036133877957005664,0.01219303987561892,0.25776448370743898,0.96613084037185704,-3.5723159772523725,14.141528098906663,-2.5206728709802042,,0.07756718027260644,0.2857142857142857,False,5
0.45671755184493434,0.88311972932898497,-0.10727824339850842,-0.8760905430690783,0.46743846413190443,0.1181805508319084,0.15451355339159276,0.040010322666861081,0.98718019423932735,-3.4269096914167352,8.2678212071417345,-2.297199914224632,0.5407233867290044,0.5770052374184528,0.6697530864197531,True,3
-0.90599018829981059,-0.30397734476953236,-0.29458369366164899,0.30918778352868853,-0.95052974735672247,0.029935161709670002,-0.28911017488336921,-0.063960716512810156,0.9551567062645151,-4.7574013365358683,3.7339680134620106,-2.6106545396675176,0.1123799643869642,0.09693077445287504,0.605543710021322,True,5
-0.12053189105674089,0.96505285485118397,-0.2326908906293183,-0.99270113264472581,-0.11621308435349777,0.032233216887639818,0.0040650318774587135,0.23487764127014371,0.9720164448954598,-20.196042662024837,-1.1398603180319626,-7.0923556921115773,0.4548319377998586,0.4478229636705704,0.8524590163934426,True,2
-0.63237409378929776,-0.64372619214058935,-0.43095196374577954,0.73369114946261671,-0.67621909186628537,-0.066520951554846913,-0.24859666672019298,-0.35825176810131071,0.89991964527278534,-14.322079952518679,15.802401309941301,-5.8934320194633072,,0.4419917385252269,0.2727272727272727,False,4
0.52266940428837338,-0.73460893514156678,-0.43262732950081995,0.84698591482498387,0.50524679940944006,0.16534972565626679,0.097116187677042165,-0.45285249706354858,0.88628046463542609,-11.344609791120019,12.947752053643766,-4.9306177670726212,,0.4332993996593255,0.2564102564102564,False,3
-0.43034051466306472,0.87430014297282599,-0.22451347718394593,-0.89773968012450245,-0.44049336456203175,0.0053909652919240728,-0.094183375228786489,0.20387460796901258,0.97445607189652039,-1.5182640460643242,16.486388035111741,-1.9164221630448619,0.2818110202021402,0.2280775729824657,0.5753424657534246,True,5
0.91136373873983889,-0.27979381495705846,-0.30188003713713857,0.32985537825190175,0.93516608426566794,0.12907294169389139,0.24619416148324824,-0.21720915254886283,0.94456795356425627,-27.631801846171157,5.8376972662355247,-9.563497862008365,0.2383689737259149,0.1819321967961296,0.7666666666666667,True,5
0.83360281299689754,-0.4555575812253807,-0.31236779659840197,0.50050262884847407,0.86219150075473583,0.078249182373131637,0.23367385108185867,-0.2215696419060553,0.94673302736631959,-19.717933765161991,0.68046773855431131,-7.0707818524679817,,0.4687040644539921,0.8297872340425532,False,1
0.95412348027639893,-0.049658101082184519,-0.29526675631056826,0.086549111667820991,0.98979426181435237,0.11321029347587373,0.28663153290376842,-0.13357167467803172,0.94868381037569238,1.1428689062154007,5.911634883240815,-0.85224796524329582,,0.08412449911705239,0.3370786516853932,False,5
0.6204385880977753,-0.71588129120469479,-0.32026541384036172,0.76825972848009183,0.63685176180382341,0.064782891901041459,0.15758473274697327,-0.28624082586253347,0.94511017432604127,-9.5221391963657389,-17.635238166409199,-3.0000254612700634,,0.1125541028526252,0.2413793103448276,False,5
-0.18994438356124793,0.97850639389755412,-0.080289278581532675,-0.98062845467021331,-0.19306834135846299,-0.033052223165811315,-0.047843129544879286,0.072455867027435894,0.99622346001720674,-12.805669950251039,-13.33285540192202,-4.1834988091885021,,0.3147072282501078,0.1875,False,4
0.95661602700093995,0.0030878679333195772,-0.2913352741371435,0.021019133289947554,0.99660680681150027,0.079580579620441558,0.29059245158929653,-0.08225167286209073,0.95330513970643782,-11.016488575982066,20.513452448690355,-4.9844124080448369,,0.07047819857236853,0.3529411764705883,False,1
0.14216499330154922,-0.92206075295225709,-0.35999039229496899,0.98981865386742052,0.13497603283395559,0.045171927305494138,0.0069388137067057584,-0.36274707224941483,0.93186180007489272,-5.8611378530991267,15.728279565194169,-3.2587210645463673,0.7525394478292504,0.7727462690300282,0.9778270509977827,True,6
0.021065059697879248,-0.92754814338420821,-0.37310950800594067,0.99907812466877832,0.0055670039222544456,0.042566527643783443,-0.037405401591804353,-0.37366221400061311,0.92681032890226112,-10.419616291422464,10.51153008130732,-4.6223544687291467,,0.09253922521196278,0.25,False,4
-0.68715299443563804,-0.58673908047588597,-0.42843670907200254,0.6867026002101656,-0.71707375013373409,-0.11935147981378515,-0.23719254014983998,-0.37622132888959758,0.89565462684330022,-11.352528761855696,14.418824004472901,-4.9915164251583342,,0.2959343183801182,0.2,False,1
0.85491996173179019,-0.38326005707670735,-0.34960490225692448,0.45893196520638946,0.87296573227868568,0.16526427798813451,0.24185390289246123,-0.30173259505180594,0.92220612161218418,-17.52719080774099,-0.91737231266696151,-6.2919354049494265,,0.2120225861822302,0.2142857142857143,False,1
0.23962549939412517,-0.91081697473816525,-0.33614291390557682,0.97057430918835497,0.23321490528171729,0.059969311301586593,0.023772471130767268,-0.34062185262143047,0.93989979419780723,-7.1282756897600192,-0.80572586177585759,-3.1684231116860979,0.09184227632130557,0.09613382295554457,0.5083333333333333,True,4
0.5997829427839223,0.75039375822102083,-0.27779422090531258,-0.77027762125117516,0.63546445122048256,0.053453881380882591,0.2166398110807172,0.18191794539841921,0.95915225767180889,5.1043178517283048,4.0748986792874122,0.46746028018072744,0.4171690258060804,0.3779705466103689,0.9636363636363636,True,5
-0.77228117893750958,-0.54399551804939383,-0.32810159554787666,0.58017233678271263,-0.81434804453887599,-0.015405258446263767,-0.25880850119533844,-0.20225266054586563,0.94451681880797744,-10.647034850421603,-9.7817423948969502,-3.7000937663742763,,0.1266677644961656,0.3478260869565217,False,1
0.025931218406221361,-0.88092035727563356,-0.47255359066389485,0.9991316860435735,0.0074182740819229535,0.040998087191629423,-0.032610517562526135,-0.47320639613916515,0.88034780672032587,17.527191971272678,-7.7639633068439222,4.9206851159615406,,0.2674297149497464,0.3043478260869565,False,1
-0.32410501824986371,0.91137633655940442,-0.25367126424728659,-0.94409382963465338,-0.32870716179382581,0.025267422330416046,-0.060355430501583263,0.24767877370701125,0.96696041649281661,0.26499952807090976,-11.733244613506468,-0.3365519439692603,,0.07838694463676932,0.3,False,5
0.25794712068067249,0.93506971611096334,-0.24312118160438453,-0.95826218785089223,0.27971356205857267,0.05910924238835337,0.12327555421806327,0.21772677651742009,0.96819325990194838,4.4486709913674893,8.6070803730241199,0.16514108662777099,,0.09056675522944428,0.5714285714285714,False,5
0.65285180678902655,-0.59261505666501002,-0.47179647411381864,0.73884751075199029,0.63550408776128686,0.22414038077571469,0.16699962343637698,-0.49491610304436628,0.85274215136786002,-12.786189667787131,-14.919860286781534,-4.1643339284223062,,0.5551763688544434,0.2181818181818182,False,2
0.90795631233243168,0.37583013764720907,-0.18538350123938144,-0.32592525501744096,0.91137186541986892,0.25134448683614352,0.2634161404270966,-0.16778864847536068,0.94997837154605991,-6.598182789180469,-15.762477522577161,-2.1464340063960048,0.5796885181657289,0.280504467205344,0.2727272727272727,True,5
0.95473993014545722,0.073263105204317114,-0.28827796169958819,-0.056840979648780036,0.99626884802643756,0.064942170310536576,0.29196021786951565,-0.045616881391617944,0.95534199704278078,9.4589934300316756,17.170461789062546,1.6662382745025102,0.5287968193669449,0.3714886290411777,0.6923076923076923,True,5
0.51984426441030396,0.84249261685382981,-0.14130863847088773,-0.83237575692291998,0.53675110169742757,0.13801758624752855,0.19212636478814193,0.045874234308420331,0.98029741128899739,-16.943765169903489,14.277645124735416,-6.7530676761483068,,0.5182551771232142,0.6086956521739131,False,1
0.24832247366019738,-0.91288806700976122,-0.32399278724450481,0.96770206319076491,0.24879076261428862,0.040692423547119286,0.043458784746217081,-0.32363333194988286,0.94518400350376197,-29.506966634952942,9.79562346726944,-10.202122868358625,,0.1416099304257543,0.5,False,3
-0.028661418217242322,-0.89733006714219665,-0.4404285114616871,0.99944842372463749,-0.033119578329902193,0.0024375901187548357,-0.016774129489004991,-0.44011571675393579,0.89778437525168342,-12.056949723541271,22.00676935963919,-5.2603591641040417,0.4824238764398912,0.3434135428967137,0.5227272727272727,True,5
-0.15935535958985053,0.9605647627416698,-0.2278622521371802,-0.98716654452929242,-0.15747456187897221,0.026532540834242772,-0.010396284532680308,0.22916609465639598,0.97333181306677208,-6.0983849244679931,-18.302719670903212,-1.9143078550728094,,0.1240382085235984,0.2592592592592592,False,6
-0.56558649260974625,0.81050810823132247,-0.15227779177768155,-0.81408760077364339,-0.57822730691589508,-0.053986663199374035,-0.13180780570215458,0.093433334672763685,0.9868621556873628,-7.9011527859365884,-6.8553351145983479,-3.0456052947365082,,0.3994654247153772,0.7480916030534351,False,7
-0.94345438092240108,0.085218501068967611,-0.32036173022676656,-0.025430084351061345,-0.98215077398741557,-0.18636836632277159,-0.33052555412286533,-0.16768322585005102,0.92878156411520874,-19.242648068423939,14.612633616751657,-7.4365498524424485,,0.3163802015001181,0.1428571428571428,False,3
-0.71185447669884461,0.65170012736319627,-0.2618208318652458,-0.67632963135594026,-0.7365791425431486,0.0054218558021081678,-0.18931833971845782,0.18093675902147355,0.96510126695650589,-10.044780728206325,-3.9756230136712909,-3.8551292413013711,0.8366944509003883,0.5039342224024922,0.6950596252129472,True,2
0.71680637957366078,0.67540670488535637,-0.17324663690360315,-0.65335483408608253,0.73738156013389689,0.17145231276028416,0.24354891701432643,-0.0097065838691047235,0.96984004209495456,-6.1990666122316052,-0.24489849370082298,-2.8962652422595996,,0.09246836566514083,0.2281879194630873,False,4
0.53652337480286205,-0.7431400711735564,-0.3998568530190641,0.83308334484519586,0.54199474282681548,0.11051623993619768,0.13459126580758768,-0.3924086305934873,0.90989046472861534,17.147164078727823,-9.6958899448648079,4.8552162847509122,,0.1506137335720736,0.3125,False,5
-0.57447742764127863,-0.72867621750469447,-0.37283596282240827,0.79480838793864306,-0.60544889244997679,-0.041367440015956769,-0.19558965103766796,-0.32009781110490165,0.92697469206705707,-8.9989138650510299,-25.410528120415854,-2.4584796521494394,0.5026675829150593,0.3780713929109601,0.45,True,5
0.46577728554785058,-0.82779936344885874,-0.31272949036082526,0.87877953399934894,0.47420636822462392,0.053617636642251228,0.10391367037865668,-0.29979415305985857,0.94832769383771509,6.1049593665117721,-6.1053791991345827,1.2162061067227499,,0.1007109978845318,0.3035714285714285,False,5
-0.90405074421965015,0.29620908189865736,-0.30814352447625892,-0.26204028758714287,-0.95365219656409872,-0.14792692679061642,-0.33767904814652594,-0.052987430483307799,0.93976869103712557,15.234394460361424,-1.6007612932059003,3.9498264390779423,,0.2012301785859184,0.125,False,2
0.9303569140725183,-0.21918755630450776,-0.29392656837842984,0.26697675949439098,0.9544382987683111,0.13330770320625462,0.25131538418357063,-0.2024953061320458,0.94648625381838158,4.319939790832847,-9.5748262432488822,0.85861505616843692,,0.2196728429860911,0.3283582089552239,False,5
0.5801644781969657,0.79584898245252045,-0.17330197739128772,-0.79073286291288292,0.60136264544170603,0.11447492379097012,0.19532208719967695,0.07062128430325107,0.97819318974082037,4.9310339545737527,-24.491670616354007,1.7091598325527464,0.3398176286208897,0.254151141348755,0.2105263157894737,True,5
-0.52563721413674258,-0.74634050303609778,-0.40826630113491963,0.82867575274351013,-0.55772246624317456,-0.047351319544529827,-0.19235908070465857,-0.3632100001038735,0.91163396157394372,-23.767175591918104,9.6385949339487595,-8.5819459487122423,,0.1306629250792441,0.4193548387096774,False,3
-0.30062945905279592,0.92719636438044528,-0.22344760063448255,-0.95155541142335143,-0.30744447001214359,0.0044940905517851307,-0.064530824731741973,0.21397382956482341,0.97470558268679486,-2.3258560132202741,-14.913846113912246,-0.94894854462919576,0.3222012336449326,0.1288381156770186,0.3636363636363636,True,5
0.89794915448719148,0.39258031948940514,-0.19891709002832436,-0.36173977344601421,0.9158086548543124,0.1744673149938496,0.25066242690711787,-0.084706554902991144,0.9643615231299425,-1.6590994154243133,-13.248073373820825,-0.82690769988445678,,0.09320110495224188,0.2727272727272727,False,5
0.43543774693725285,0.89617276042872096,-0.085254630418389987,-0.88430547859063802,0.44354609024844049,0.14584473374073481,0.16851643562807866,0.01188483449147329,0.98562719201142124,-12.221310020458336,-3.6905395458226993,-4.5090479301641064,,0.1857282563638001,0.2727272727272727,False,1
0.4658427872437339,-0.73815075533632557,-0.48797946674978232,0.87853272232097324,0.45169082026782953,0.15542090817221521,0.1056917848476889,-0.50110763841931993,0.85890650325487838,5.6748486737383939,-7.431396775403436,1.1346202616792915,,0.1160926576618364,0.2222222222222222,False,2
0.57555152380632424,0.78509387874500491,-0.22884065417084692,-0.79011463684077465,0.60602686290332464,0.091925524689964538,0.21085375048641691,0.12790247455259912,0.96911384930209987,-0.4865361325480107,-6.0686330998530078,-0.78247221576481873,,0.08148903518094683,0.1794871794871795,False,5
0.8985113544839104,-0.29741295405916107,-0.32283568672204155,0.35479992303259317,0.92511346341866763,0.13521129545116886,0.25844604945627381,-0.23603096101850868,0.93674704427669486,-10.043400515297748,-6.8883361576934856,-3.655164179986202,,0.3849333868161344,0.7540983606557377,False,4
0.77418026531072537,-0.52619949271989597,-0.35179398895481534,0.5981218004764266,0.79002489181796764,0.13457704894538236,0.20711163317943837,-0.31460254952770866,0.92635306834511688,-8.5220130035657622,-14.459435455231223,-2.8266477114391697,0.3688113569766627,0.1539129967216493,0.3333333333333333,True,5
0.93477373691225507,0.21413969662713223,-0.28344708696251869,-0.20135871563215582,0.97672987318660409,0.073847291513291086,0.2926648739054048,-0.011955967268279022,0.95614032779117364,3.8753838250181274,4.2510738006465427,0.1033871249500304,,0.06657675187415946,0.2191780821917808,False,5
0.72983366929006399,-0.49678272821720704,-0.46962723102016973,0.63453452541997413,0.74790017253086227,0.19496478650863203,0.25437914855713228,-0.44028655767962832,0.8610685198670156,16.732020539350643,-5.4257632786448919,4.5824641629827179,,0.2673576893264047,0.3571428571428572,False,3
-0.68303789281000782,0.69009023818843651,-0.23923774815587129,-0.70626687817750289,-0.70752354216959323,-0.024444509919340801,-0.1861352566685566,0.15226917098618298,0.97065326754310766,4.5516199952387861,-7.3683971579017538,0.78104857737644984,0.5073590207939455,0.6180493550049873,0.374384236453202,True,3
-0.17168151236162643,-0.90123118641585032,-0.39787913610128389,0.97874552149769045,-0.20202172167242952,0.035276452779748745,-0.11217246748395596,-0.38336610779252078,0.91675938224518561,21.241767383306325,-4.4464631848719423,6.0353022437296664,0.3607853907828269,0.1911798409701767,0.4117647058823529,True,5
0.078574548812567896,0.99396903301646378,-0.076495762518046295,-0.99487544533351746,0.083080867570684308,0.057623065834246152,0.063630877342189987,0.071576049402145653,0.99540342605430332,2.837651924170145,2.1362856995808963,-0.11180125374913802,0.202209711261852,0.2594372251842661,0.2264150943396226,True,4
-0.76386549895152667,0.63456467919344661,-0.1176314899661394,-0.60988307186273039,-0.7693767011537378,-0.19000560617274539,-0.21107377422791188,-0.073397272714392336,0.97471057355056634,12.497629722923044,-22.319386456620311,3.8913272434456214,,0.3839302098827193,0.2857142857142857,False,2
0.90851124436196151,-0.21163512655649902,-0.36030250078967763,0.3304687533931136,0.89160216381528556,0.30957387569157585,0.25572978297156251,-0.40032006530689468,0.87996938777096201,-9.7353044996780458,11.335986990622317,-4.4575490564287179,0.5624375669029263,0.3106465793142484,0.3582089552238806,True,5
-0.20510535690448981,-0.9060880542081291,-0.37004895701840446,0.97340958101217256,-0.22825186345469684,0.019361674079621732,-0.10200774560193425,-0.35623801713290726,0.92881047312485976,-12.472968356779576,-8.7648113317720444,-4.3318490229339437,,0.07251638350210475,0.35,False,2
0.76717172575007231,0.61745549383477472,-0.17377070047309287,-0.59154274656335371,0.78579367611986706,0.18056986891037041,0.2480417751064094,-0.035735300520341934,0.96809000929602673,14.258941155041509,-1.1473187481134886,3.6252919260592833,,0.2277875308678638,0.1904761904761905,False,3
-0.91053749667300443,0.3394413135832417,-0.23601072387783634,-0.31410249196738038,-0.93916798001697066,-0.13893570401708577,-0.26881423268186289,-0.052374611633164994,0.96176702395327263,-2.7014711582142574,19.060146237152626,-2.3386461272120558,,0.1553272532672177,0.3333333333333333,False,3
0.93280702912767133,0.28572356227005519,-0.21962033688554344,-0.23216345179354206,0.94255819294327625,0.24017532047821849,0.27562869600481993,-0.17304941166966481,0.94555947621472591,-4.1735720125198341,13.150702615705299,-2.7352666861256543,0.6149100741489937,0.4518488140804129,0.288135593220339,True,3
-0.54807228223784255,0.8006139359151182,-0.2421447894568563,-0.82381226011722486,-0.56678537654983796,-0.0093646681632989504,-0.14474160950864323,0.19434933122540307,0.97019493089228481,8.4310010492528722,-5.7169803038774685,1.9513815397942516,0.6076933186756744,0.3402588098619187,0.4107142857142857,True,5
0.66395371600503927,-0.65153280448313444,-0.36697475074648195,0.72926954801955568,0.67268462745744584,0.12514518893585611,0.16532207757723616,-0.3507141238455902,0.92177449194516514,-15.27893384796835,1.0210615346322423,-5.7259303886893358,0.814498303484307,0.4189681304854785,0.4646153846153846,True,2
-0.59496311379121558,-0.72446668327159292,-0.34809038776921292,0.77865409213145609,-0.62690909343281065,-0.026130315309839489,-0.19929048656371226,-0.28658857862921117,0.93709673383514103,7.0965638622973009,9.3077183023859487,1.0464765176459514,,0.07524730225394752,0.2962962962962963,False,5
0.91841308650593911,-0.22690208789921384,-0.32408771195713426,0.29175642479044833,0.94171740655122271,0.1674709371560717,0.26719953429624177,-0.24836217245268036,0.93108573191003996,22.59708900896872,2.5493589118688744,6.2158974113998022,0.3644707705886961,0.3828625534660287,0.5,True,5
-0.86650412144922229,0.46388318597579581,-0.18434477828367149,-0.44588324956095149,-0.88531353302214344,-0.13193966806391313,-0.22440752053457808,-0.032130017379306458,0.97396556751803476,-3.0287592668759378,18.093620522334401,-2.3882207391805395,,0.3090639255973974,0.2142857142857143,False,3
-0.74116679068587743,0.63502437698607417,-0.21775176007978875,-0.6433576022975771,-0.76453184812334285,-0.039774976694139194,-0.19173623536074294,0.11061235843500938,0.97519337682899365,-15.314932891629297,12.583313062152117,-6.0981306795786425,0.37453761532979,0.3821037575742499,0.7584269662921348,True,5
0.9367629693699232,0.19740097851470492,-0.28897749548828622,-0.19135176137433518,0.98028078226395465,0.049336511255962855,0.29301816093236427,0.009079735976739195,0.95606376134565862,-0.52336625513591062,-2.5344880190366115,-1.0091513672095291,,0.07526972347300419,0.3155080213903743,False,5
-0.39703031049194631,-0.76271684739033407,-0.51051928784093792,0.90067099575684739,-0.43076084969576633,-0.056893301642199155,-0.17651824255027446,-0.4823982805486885,0.85798205632206037,12.866946654518475,5.9235582794230615,3.0317261400505129,,0.5410785682521786,0.303030303030303,False,5
0.80561715900792041,0.57720578733298988,-0.13347086641402783,-0.52891643368448382,0.80224103538880565,0.27686951315878944,0.26688649139755133,-0.15245589594240411,0.95159277030771106,-7.4572893103648443,17.084466759458994,-3.8142648241930908,,0.4423964971704496,0.5,False,1
-0.46364407224017612,-0.79872519837695966,-0.38349997621151621,0.86785273727326895,-0.49659676791625229,-0.014942439641080628,-0.17850994561604067,-0.33974947766379138,0.92341999747857939,6.9529607049085955,3.6951037502240451,1.0563953326942472,,0.1053305101627041,0.1739130434782609,False,5
0.098916517723962594,-0.89819844488663758,-0.42831656064713697,0.99498677819829173,0.082905360742650119,0.05592863641030419,-0.01472527527586329,-0.43170158068202469,0.90189628644578246,11.405788387363861,-23.502097794364538,3.6168550734875837,0.6454017284111845,0.2609012055971159,0.1538461538461539,True,5
0.24691091842299248,-0.89892210558067076,-0.36190336619314334,0.96769462344271062,0.24838734448925257,0.043253241007454986,0.051010921610826723,-0.36089163913284489,0.93121163581670474,10.16373209645395,-3.5912948481530735,2.4076627892267841,,0.2305114971056406,0.3333333333333333,False,5
0.43036649683304978,0.87859396825821245,-0.20702008922791884,-0.88138344899142329,0.45851916784075564,0.11368108271213709,0.19480219261505094,0.13353955093120484,0.97170947000091557,0.43726562740309982,17.50584810687732,-1.259548507303849,,0.5902874385103312,0.2631578947368421,False,4
-0.95669304700813407,0.048164719640562292,-0.28708635214555195,-0.054195944867207496,-0.99844446455554858,0.013093920663279857,-0.28600911413142843,0.028085778969643996,0.95781520955423616,9.2051671152846168,-12.609738002579167,2.5006174807269193,0.9390283828509087,0.8949146457278389,0.9622641509433962,True,5
0.92946510888426837,-0.19044218228951831,-0.31595313983494749,0.23361764858882822,0.96668847347276554,0.10457623784934005,0.2855125314843166,-0.17101219389184155,0.94299386207213276,-16.58599956252905,10.97736186161384,-6.5445055973260002,0.3379766342937551,0.3768818251805389,0.543859649122807,True,7
-0.66269905889236569,0.69695431978614009,-0.27401575406281592,-0.72839331893093584,-0.68487819985179466,0.019622036197676693,-0.17399175348260257,0.21259474946292967,0.96152500862996026,-0.69678224997284444,7.8649080068306567,-1.3610662905125943,0.3285420874450385,0.2762944814673893,0.6698113207547169,True,5
0.90450554596140298,-0.22362808069709963,-0.36312559652108972,0.3397782895335697,0.89246982519621176,0.29672938020338718,0.25772161587012354,-0.39177556411544612,0.88322787324411223,-1.6797320991546638,7.0675062824628414,-1.7389869911973583,0.3004454729946724,0.1392372865169332,0.4848484848484849,True,5
0.9512210995283803,-0.095282799943909882,-0.29342734679451443,0.12054942521058937,0.99029098266166871,0.069221425443162204,0.28398284436461291,-0.10121737841811354,0.95347196414616631,-1.3200712210415495,-9.5560568074871224,-0.8660068006763878,0.6166245810849065,0.5414450724052042,0.9864864864864865,True,5
-0.69751231279794768,0.69749025584818813,-0.16426781940503904,-0.68505854700810764,-0.71631434022433482,-0.13262184269612567,-0.21016983767038969,0.02002770545530605,0.97745973336388481,-13.161446888428078,14.848526808246318,-5.5557606800231278,,0.3759366019290515,0.2413793103448276,False,5
0.68578360704976848,0.67820281359036605,-0.26408670534489592,-0.68831652983896841,0.72226920833343145,0.06743549098094033,0.23647663531996344,0.13552909035152344,0.96213859012942593,-13.500428163084113,0.24366034632844641,-5.1608024515794693,0.1197678871434949,0.1133390971981019,0.5265486725663717,True,2
-0.51364535505477893,0.82469262513370456,-0.23674991717153779,-0.84927697848265826,-0.52793555150886351,0.0035591111810595183,-0.12205352534858285,0.20289437523773796,0.97156410465129439,-23.728817480076273,-0.25467610595446288,-8.1729255166468331,,0.1826373841260662,0.2727272727272727,False,1
0.94391859376769183,0.17157978270040741,-0.28209584631487583,-0.14798419159216597,0.98360213867000479,0.10308982414675059,0.29515820737095921,-0.055562676071944574,0.95383144299676337,18.729862314460583,-3.4138823712418325,5.1430202298058472,,0.4542144219876931,0.3548387096774194,False,3
-0.94126133605020101,-0.1639939951378126,-0.29518310726688279,0.17131588206560552,-0.98521557005382931,0.0010719494362131168,-0.29099478656683264,-0.049560569833784041,0.95544009969682331,-5.4699700085921998,-9.55515439940047,-2.2159765272454357,0.3047455246700525,0.1656271012648103,0.6265060240963856,True,5
-0.51395398019786309,-0.77525666135579729,-0.3671898899237811,0.83568998014438467,-0.54910344053800897,-0.010376351748116644,-0.19358089607462259,-0.31218987910050089,0.93008812274007779,5.7666194640688815,-2.9382132802556917,0.99043643859205155,0.466494979838781,0.1786017118468286,0.275,True,5
-0.92937704361754592,-0.17076749298606209,-0.32725643482743821,0.22544759911049578,-0.96458704503103843,-0.13691315719682617,-0.29228700082628262,-0.20102312279323706,0.93496417752255701,-15.430683653799692,15.445511218380263,-6.2273096754611643,,0.2069536284921768,0.2380952380952381,False,1
-0.29595342899337629,0.94429862217542548,-0.14391553086674425,-0.95294696343948349,-0.30223176394105816,-0.023410376685255765,-0.065602231200864669,0.13021548687721718,0.98931303147123173,6.1557256869100874,1.0445360252952405,0.91270850242449475,,0.2774102812939777,0.2888888888888889,False,3
0.44849045082865363,0.88086927564496131,-0.15141213537967765,-0.87526427208604851,0.46715788401397951,0.12520369568531978,0.18102146150440809,0.076372970534765244,0.98050925535994049,6.8507364672329079,-1.6662039751752999,1.3036639621517931,,0.1240151757023684,0.22,False,5
0.95502627586302136,0.03214213434216405,-0.29477397376827635,0.010770238444311074,0.98969152666440818,0.1428099576798742,0.29632552096480475,-0.13956204802382721,0.9448352345125226,16.353812581417728,-13.205689877167783,4.7230581013802855,0.7851437412394591,0.422733540137784,0.25,True,5
-0.38749070677519909,0.91781772952926022,-0.086380365388278396,-0.91623473890541174,-0.39377408435212907,-0.073863886409910595,-0.10180793380572289,0.050523121977944119,0.99352028603336162,-0.42146198065169244,-25.888548365300156,0.17080746051040094,0.4512034470907033,0.216287224607917,0.5,True,5
-0.62137743096870357,-0.62488648162146343,-0.47265946871874309,0.74638618238479593,-0.65558980455133398,-0.11449748867724473,-0.2383227958626411,-0.42393265179164263,0.87377534396269252,-1.167198959873494,13.382553013584577,-1.7123076145520326,,0.2679705487204342,0.1764705882352941,False,4
-0.78580403439015822,0.58126320126370001,-0.21129389577748833,-0.57955414128021843,-0.81132831891230661,-0.076572555500525052,-0.21593752999675903,0.06228522928919733,0.97441856168244889,0.06281500191198211,0.38886273348438338,-0.92848424413662844,,0.07042447628417722,0.2521739130434782,False,5
0.56870564655692857,-0.69309220980444919,-0.44294139147594946,0.80996932106155584,0.56567059568312272,0.15481109817639926,0.1432605546315775,-0.44681088380643308,0.88308348846457663,22.721476426919853,3.700128635434865,6.2452767393111719,,0.1899915476862495,0.2727272727272727,False,5
0.85842253534419033,-0.31491406107838338,-0.40489490605387068,0.45161477778496628,0.83828699773741677,0.30548159013371678,0.24321768706138169,-0.44508880412734342,0.86182429365909796,-14.921296112457508,21.606456874527474,-6.1309934484100381,,0.4050005495487667,0.3846153846153846,False,1
-0.18816766377699778,0.96380949121982673,-0.18884966228004108,-0.98211945289896951,-0.18350623110606129,0.042033836164187745,0.0058575204767604694,0.19338233574922942,0.98110598901139945,-3.4663721994589625,-20.035936168539269,-0.9916681130111048,,0.1403439917079673,0.1052631578947368,False,2
-0.59661941123679418,-0.72025960858293547,-0.35393696385008638,0.77370375478808306,-0.63336236129483781,-0.015317281803535698,-0.21313793177724719,-0.28298094554047942,0.93514384267808426,-10.617885594669348,-5.1382769735176046,-3.9914321431068904,,0.06432436422652944,0.1764705882352941,False,1
0.53372833013072551,0.80097102519165342,-0.27125538965945128,-0.82233774965471784,0.56639229687099757,0.054409480221853337,0.19721738034129671,0.19402366569217613,0.96096832520259934,-2.4957481840763687,-20.285755950069561,-0.66047594274045418,0.2464818016873788,0.1180564716944819,0.25,True,5
-0.09170564116995697,-0.91499281260754239,-0.39290994929391293,0.99147019781046464,-0.12059652277316336,0.049430006561797052,-0.09261167437901377,-0.3850254947033509,0.91824748635493403,21.759551107010356,-17.536159668826087,6.5667106699062341,0.5144648833818793,0.3896012926092333,0.5,True,5
0.20529651834820131,-0.89349467789171899,-0.39940030061741461,0.9783054541618792,0.19893189820724316,0.057831982784475419,0.027780891116511559,-0.40260819720273655,0.91495074273642518,2.3569321346506964,17.046125547715562,-0.70352980925567754,0.5074869997777302,0.6537900789158915,0.4130434782608696,True,5
0.10885226143817811,0.97210117013515629,-0.20777511930367146,-0.99134743747146881,0.12158247862682421,0.049476854282689206,0.07335832194473324,0.2005916646145055,0.9769245317262919,6.9053617219568748,7.7207414769867579,0.987578162527327,,0.4973020215003643,0.2096774193548387,False,1
-0.73257121434123462,-0.59748916128917418,-0.32610752530502812,0.63046532971918057,-0.77619536928472754,0.0058495062211810916,-0.25661816759671413,-0.20131430858959326,0.94531458531877088,11.481580859240799,7.3836997164208569,2.4637154899719023,,0.1418040973158422,0.5,False,4
-0.77423408081360878,-0.55377338008430332,-0.3064255727198934,0.57917444818585229,-0.81514526341421611,0.0097549014338630044,-0.25518335893102873,-0.16992128484500363,0.9518446355794119,-2.8485424730260775,-12.562597498411092,-1.1969557196727227,0.1225952136911378,0.1138697463386923,0.4814814814814815,True,5
