axis_00,axis_01,axis_02,axis_10,axis_11,axis_12,axis_20,axis_21,axis_22,location_x,location_y,location_z,dbh,dbh_approximation,score,reconstructed,number_clusters
-0.96977977371361468,-0.1866139430379464,-0.15717005681681387,0.21101895563062228,-0.96489008538266263,-0.15639093162584555,-0.12246710113549654,-0.18483062352886334,0.97510996802688865,-11.610758745792578,-16.718434830446455,-2.2481838608123881,,0.4220437858380443,0.3333333333333333,False,1
0.77318735526888571,-0.56770546886069218,-0.28265140062976163,0.63322484543978452,0.71552737940823519,0.29503705603693708,0.034750665749952912,-0.40710081054063718,0.91272192988176282,13.305597202852699,7.6964205702986437,-1.7238657246685885,0.6404539276470934,0.5285754996150542,0.375,True,5
0.48370654978128402,0.86751728846916631,0.11593846603173608,-0.86871350006708759,0.45973924848048753,0.18432763820921541,0.10660594964577316,-0.18987779652635092,0.97600286571629546,-12.344751257221908,16.261879884882823,-4.7272448059848147,0.5584367470865961,0.3476988352597412,0.6341463414634146,True,4
0.97284682342690842,0.20702731079516393,-0.10348309394821945,-0.19677401315088427,0.97521863937039532,0.10113650761743052,0.12185666127327262,-0.078027546478647528,0.98947595023520074,11.639120389492806,-0.77525675573106034,-1.0396547372701614,0.2889134245989816,0.2351878826462579,0.7787610619469026,True,5
0.61648722008131884,0.78578768060190796,0.049811931208118221,-0.77424635897792371,0.5935010165512653,0.21977060531846365,0.14312960240927303,-0.17405247589991268,0.97427904244486052,6.8329822321638467,4.632106379950681,-2.0450799997207678,,0.1382923183932633,0.2,False,5
-0.68723986846374596,0.72303756574814226,-0.070128750958040373,-0.72617365562283209,-0.68635527078077463,0.039853031889969123,-0.019317998687916921,0.078314243841407255,0.99674153828273993,12.434070704148073,1.8435979511574336,-1.1814128259754848,0.335154119852239,0.1114161396310883,0.1875,True,5
0.92741415030153695,0.37340729551276841,-0.021679148468481055,-0.3521235069574547,0.89116156691149873,0.28607708315736458,0.12614289384845145,-0.25767819721055657,0.95796133377806847,36.129838812791057,-8.774856961673704,2.5218131416099485,,0.6565793859425754,0.3571428571428572,False,4
0.71425957403947438,0.69984005204531008,-0.0075605850412935743,-0.69119001642006617,0.70704611428959074,0.14947291884893438,0.10995281758180528,-0.10153666244863978,0.98873691348336612,-11.319520004337917,16.56238687485477,-4.6742134386333491,0.6297474207141717,0.3384413613514376,0.3225806451612903,True,4
0.22247918684519574,0.97242501651137347,0.069947113475512898,-0.96917629421154983,0.21280645876781012,0.12413992848826856,0.10583157449017117,-0.095409634574083052,0.9897962818031657,18.982033623430883,-9.9302389274074869,0.64119806518054479,,0.1010942521729444,0.1764705882352941,False,2
-0.49763056665762856,0.86731020125447977,-0.011697603511962529,-0.8673690685495391,-0.49748222052025803,0.013503302919670446,0.005892202602962901,0.016865795746097978,0.99984040070520175,-3.540541213145858,35.56902723402996,-6.2280997928479938,0.3774848999846356,0.4481598152379911,0.9206349206349206,True,5
-0.89538890314849606,0.43951513025431566,-0.071450419145489164,-0.44261635453275183,-0.89603118427759643,0.034912454829563032,-0.048677251552149969,0.062885348688077408,0.99683296399231724,20.41326751758147,-3.8177938579261501,0.18319727037935368,0.2419427420657275,0.2370114832587366,0.4285714285714285,True,5
-0.80587060317788961,-0.55746023466512962,-0.1995260827581305,0.57182127935285987,-0.82018021671233621,-0.018023223711784928,-0.15360011527653319,-0.12861764607084486,0.97972675053110181,0.94672498665213978,-24.081460562991399,-0.39249712640696627,,0.3121801366970352,0.3888888888888889,False,4
0.75713931873117879,-0.58325501799038526,-0.29419999323643975,0.65272924939854815,0.69350482416657511,0.30495177624879488,0.026164460837053934,-0.42292392087315478,0.90578738020706762,15.882512750395442,6.7720287153954422,-1.3783128304740928,,0.7678501740717576,0.5303030303030303,False,1
0.81799002054496284,0.57516987878483594,-0.0084815580813724367,-0.56342922152063335,0.80409016321315518,0.18970113800526905,0.11593031797378869,-0.15039488010726315,0.98180524617258857,13.009774791545205,5.5972448569611668,-1.5483341438767166,0.2592865655522465,0.229760809158672,0.6,True,5
-0.48259276681972368,0.87562481777885293,-0.019631604698375285,-0.87566861518627748,-0.48192479102864355,0.030870247322369704,0.017569797694616689,0.032088538167822304,0.99933058990867552,21.879088851994844,-24.84654215991927,2.1689689942617694,0.7200425674408367,0.6485737894067668,0.8478260869565217,True,5
0.88632965611126646,-0.44812476539309964,-0.11663590930354084,0.46005516770873517,0.88081959462628334,0.11183060576996837,0.052621130377177458,-0.15277773517031196,0.98685864249853861,5.7772375733497219,9.2835711270315375,-2.5950837669570115,0.1833493924834871,0.1607847945098086,0.5714285714285714,True,5
0.18342179292763516,0.98021154264180699,0.074443116209496271,-0.96962004662015,0.16793174622608445,0.17786481889850153,0.16184378601463381,-0.10480582179071324,0.98123510365621491,-12.94375610904366,-9.9598626120996663,-2.7786671655337507,,0.2913624145000931,0.2857142857142857,False,2
0.98150266034506228,0.1658062485714705,-0.095712150065808757,-0.15030945453886452,0.97701703961221054,0.15114487150949144,0.11857316564802187,-0.13396265241494487,0.98386707036375531,7.9317563407648386,-32.807750291296507,0.84356778524565634,,0.3130177307017381,0.5625,False,1
-0.70430967458452298,0.70949852467784358,-0.023658524184876593,-0.70959177323740108,-0.70459042477804279,-0.0056434621375575783,-0.020673597665716151,0.012813149146893271,0.99970416902626513,6.2468046876955405,-15.626811988267484,-0.29846256836317459,0.3450045784188087,0.2861515909647043,0.59,True,5
-0.52595269438915049,0.85006149908574025,0.027734654079259277,-0.85049336313422652,-0.52588652016403625,-0.010217982892554489,0.0058993668664176629,-0.028962314856794916,0.99956309545156308,-10.084313947510926,30.779420544058631,-6.0217973347294835,0.6839483822947197,0.63588751525867,0.8737864077669902,True,5
-0.12737257256678114,-0.93823413308091375,-0.32170318506291695,0.98704269535591616,-0.15181340651626143,0.051955819177989741,-0.097585579376502654,-0.31091703254056974,0.94541401172920947,-8.0170322060431101,-0.045706496530394103,-3.0133805801449074,,0.3301240905171398,0.1514195583596215,False,1
0.66730696557127256,-0.73272422220194322,-0.13347894177966677,0.74472649155697723,0.65865682614447074,0.10748785115783964,0.0091578640139315798,-0.17113269580022369,0.98520542728653893,2.7255586248374537,2.8708435152317087,-2.2702105211167791,,0.1332265405958604,0.4475138121546962,False,5
0.31655627801509917,0.94569523945880563,-0.073841972577792805,-0.94159435520323598,0.32269942668574592,0.09625565056708664,0.11485727272850248,0.039058854074882951,0.99261382864623005,3.3864076557812703,5.3518515300496858,-2.4490202522741908,0.2018671244016555,0.1407319423229805,0.5757575757575758,True,5
-0.16389459788858107,0.98428304015997437,0.065768211442753119,-0.98378694395089095,-0.16800487248858331,0.062750392284523351,0.07281352686628359,-0.054417457433559316,0.99585989508151185,6.5463613598127033,-33.250774949776023,0.70121321254525526,,0.3949805803920767,0.7941176470588235,False,5
0.61147329018040597,0.78963443009482959,-0.050772849090456894,-0.76714101797544654,0.60733264827527866,0.2064986994596627,0.19389449176174256,-0.087318504039808051,0.97712865320627318,15.828638578462114,0.64506448417007434,-0.71112076643901279,0.6404770543462499,0.3560496910936521,0.3703703703703703,True,5
0.85546454371001823,-0.49562810684384484,-0.15011060642538107,0.51282000228569768,0.85111452422982914,0.11233749107367469,0.07208369934115666,-0.17308046207304087,0.98226630499975676,-9.8436596403997445,23.90819426942776,-5.2637902029469856,,0.1066225293894764,0.1666666666666667,False,4
-0.2859656289222115,0.94634152527874382,0.1505369609372583,-0.95691139425260774,-0.29029269314425477,0.0071229106822338767,0.050440485967677626,-0.14201362554402028,0.98857872096014121,-15.166756259448825,-0.00012967801706156856,-3.6931476715533731,0.4017533248263571,0.288449707915215,0.2826086956521739,True,2
-0.084681996025103096,0.99360720848582851,-0.074657047853538341,-0.99347181529598849,-0.078447296731679342,0.082823751714026811,0.076437633150819792,0.08118335346912553,0.99376383077560693,-15.227669552850818,3.4184702748940428,-3.940269790037557,0.3936301881514431,0.2164934876528803,0.7606837606837606,True,5
0.90296861783206994,0.4194484727418753,-0.09333088408961672,-0.40758080302008171,0.90482527599070106,0.12316293654284605,0.13610864858614485,-0.073172389894412521,0.98798797418652484,6.8396893439076552,-9.7237276548201876,-0.70475091086273201,1.338766318191434,0.325764231114726,0.3214285714285715,True,4
-0.98828610415013063,-0.097670266034209738,-0.11726506503031532,0.09495129864792233,-0.99507195025390127,0.028566846220243955,-0.11947730842645599,0.017097746948199349,0.99268969966473664,-4.6092804633039481,-15.933798714598353,-1.5093238483970508,0.5002972605583662,0.4148101808555493,0.9209302325581395,True,5
-0.87920793585634971,-0.41635760855211623,-0.23160256330183143,0.45763423980463236,-0.87323338473768519,-0.16743463900281097,-0.13253040438198502,-0.25319912634195246,0.95829321939269652,14.577533416390681,-0.39931895483709384,-0.7435857488715768,,0.4380739808249293,0.2678571428571428,False,3
-0.3276100761997443,0.94371966631983695,-0.045440393633568998,-0.94374736633968426,-0.3245782613097975,0.063165345024140465,0.044861414370342613,0.063577855313661086,0.99696805857279491,2.7094964981464051,-2.6758899644200365,-1.7504030355547806,,0.1388856115354921,0.3897435897435897,False,1
0.93297967870639387,0.35548429364326106,-0.056390035412875336,-0.33991603841857232,0.9217368668811301,0.18670360215587931,0.11834697269781494,-0.15502278930889113,0.98079657872983661,17.896241334223873,-9.1397329905971016,0.45086983875695719,0.2130968061329971,0.2765076190839939,0.7333333333333333,True,5
0.84713486257995685,-0.47708919074788436,-0.23398382139191976,0.52868681488015368,0.80099466162668831,0.28088752876805445,0.053411388050816057,-0.36165377934853049,0.93078126727465282,17.591301955316496,1.3539826973295399,-0.60898923284840201,,0.5325976252743908,0.2258064516129032,False,5
0.97734652138905131,-0.16647742853078848,-0.13068681233581486,0.1954843057842566,0.94672018451087614,0.25594292026102228,0.081115123871985231,-0.27569214357588967,0.95781740360559509,-17.796155798241934,6.4120681065228347,-4.4004340791371082,,0.3610162022657447,0.696078431372549,False,3
-0.64397489413663989,0.76477821699999349,0.020263625638465677,-0.76503701281097947,-0.64387363847976709,-0.012046024243751854,0.0038346774255556271,-0.023259760814309194,0.9997221007739624,-6.8360935688658797,20.975533643684582,-4.7555972045489963,,0.2310255830328576,0.2765957446808511,False,4
0.0023195540300988732,0.99956712081207255,0.029329007152741352,-0.99636468039574533,-0.00018750659744191933,0.085190307554093361,0.085158929825277604,-0.029419990359278073,0.99593293993033183,-14.057446746154755,2.6092780566441558,-3.7813305369828161,,0.0988772354633879,0.282051282051282,False,5
-0.17348955734910226,0.98251874919386506,0.067515042570786138,-0.98270255807466655,-0.17721618193725433,0.053759717382887907,0.06478468834777662,-0.0570204554708615,0.99626884514852532,5.3654447700674783,-19.240062659768718,-0.16955465631773309,,0.7523691462341633,0.2882882882882883,False,1
-0.6587842326529858,0.74338179951806482,0.11570149071251963,-0.75229839930377818,-0.64946598727131921,-0.11063927775732753,-0.0071030425022511681,-0.15992945795873112,0.98710288990775252,4.4461976738442521,24.942608024669607,-4.4967871310682828,,0.4129534082559533,0.3636363636363636,False,1
0.92387568689822497,0.36952965126160875,-0.099506542482423493,-0.35987605405264167,0.92734940069148464,0.10252957991060024,0.13016505244432058,-0.058914564206296163,0.98974043730997929,-26.902451039979855,3.4520289474789827,-4.9929689771637964,,0.8518153695398197,0.4482758620689655,False,1
0.42978617997117496,0.88633479247496583,0.17232084944702453,-0.89715455490065954,0.39763550306785489,0.19235309022985234,0.10196834865184681,-0.23726913484128781,0.96607754012029601,-1.6133133359434302,30.919851034201873,-5.5606494990676865,,0.257716023868982,0.3636363636363636,False,3
-0.2769950682165816,0.9594297342111191,-0.052614801104576184,-0.95922327880086078,-0.27289938862475388,0.07359772479338722,0.056253298483010722,0.070855548828716225,0.99589912019740445,8.8759880416824792,9.6174521499369874,-2.3599880115530594,0.869695371712029,0.9116922185916512,0.9897610921501706,True,5
0.94888340718576591,0.31562298790706678,-0.001552118599791083,-0.28901839003268859,0.87085502674900717,0.39759262142159912,0.12684104142762709,-0.37682045046759588,0.91756073276865624,-0.27295248993160859,-12.937177265112917,-1.2284883072074326,,0.3186252263233494,0.3375,False,1
0.97660145038988644,-0.16589674264724288,-0.13684983695790254,0.18830290925745261,0.96701860039998089,0.17151396691127346,0.10388272937090927,-0.19327001127825383,0.97563060698143,14.071098878760781,-21.887247732461553,1.0792512272890513,,0.2176136936293254,0.3076923076923077,False,3
0.9875013893973078,-0.10653624718607144,-0.116150910344668,0.12209886825025953,0.98310892004752071,0.13634044775855544,0.099663796387617826,-0.14881827629194591,0.98382937968486261,4.7500814091567509,6.609570777931034,-2.4420570736635558,0.2998117674931577,0.1354410017472651,0.6237113402061856,True,7
-0.99406546931031281,-0.010448075894131296,-0.10828056351431714,0.011703849237107884,-0.99987134917563814,-0.010968364086053534,-0.10815203483015313,-0.012170571383449806,0.9940598646732991,-12.711507799192331,14.772998776529759,-4.6460302055152392,,0.1308228494372682,0.2459016393442623,False,1
0.97800875330489245,-0.16858147165866713,-0.12279725515014059,0.1854984183905049,0.97223341240166927,0.1426622885854138,0.09533737584825705,-0.16230366361608969,0.9821243839469439,1.9939661864806377,7.2699999627515774,-2.7522018060718252,,0.08444911610002584,0.2469135802469136,False,5
0.965841980565326,0.2521928797178522,-0.059565258307722802,-0.23328925429353731,0.94630384042228866,0.22379715242422898,0.11280688103486515,-0.20225675024988685,0.97281386429755445,15.28003203153037,29.150859303209113,-4.2219743007096451,,0.1777954893801308,0.3225806451612903,False,5
-0.69000731143111316,0.72098888491465063,0.063756866305803975,-0.723754556845014,-0.68626698646739825,-0.072228558971047824,-0.0083217556852389699,-0.095982556303140204,0.9953482291478849,-12.963660552492675,1.425356153673996,-3.6017083366485458,,0.3628552207163619,0.2777777777777778,True,5
0.3545128763838668,0.93499144601529161,-0.010564864233394811,-0.92769866385962929,0.35311695146530903,0.12117593680637984,0.11702909702759601,-0.033157419472560651,0.99257482135243846,-7.8702432905901469,29.467668226488151,-5.7680355004608304,,0.2361839140663846,0.4,False,1
0.7075294830997545,0.70314430425035279,-0.070640766876373356,-0.693890633731018,0.71017560781627687,0.11902266373740999,0.1338574576367012,-0.035195077256193759,0.99037542758893682,3.8903786694154889,-20.408321017660221,-0.26143754516588696,0.4687120853759155,0.4813914365076705,0.6538461538461539,True,5
0.68665931959254589,-0.71454697038126647,-0.1338716024243253,0.72670094956456877,0.6797538403505532,0.0991990243431351,0.020117373552652841,-0.16540055516118907,0.98602127139008255,23.082310257537568,7.6776833915565881,-0.73603402246864869,0.2087127260094224,0.2125033344191043,0.6896551724137931,True,5
-0.99386277585364824,0.011825838275552362,-0.10998605512319751,-0.015363664721572363,-0.99938961383862956,0.031374473028233089,-0.10954789171319394,0.032871709729746339,0.99343782398328251,-15.873382579602126,12.345669942288698,-4.7375845632784239,,0.1319274951755219,0.4571428571428571,False,5
-0.97640916699156122,-0.17821768717735192,-0.12191634259606535,0.17836282689389071,-0.98391587430296024,0.0098109264120147116,-0.1217039054314433,-0.012165865024627451,0.9924918897053705,4.1287044782988493,1.6504047047461385,-2.0155055608258996,,0.1054163951063572,0.3109243697478992,False,5
-0.8786819709553757,-0.4610726063706525,-0.12381456122988049,0.45868654462183689,-0.88725410115842029,0.048855027995505451,-0.13238069232654087,-0.013864040974231946,0.99110198298006069,3.2783395312679762,-17.779705934167495,-0.48716293974322228,0.1398463326324132,0.1096848643130344,0.4545454545454545,True,5
-0.49823462636632088,-0.85556868352830184,-0.14058621858227061,0.85980281476547715,-0.50844587559812826,0.047137154226958043,-0.11180955599132147,-0.097391064030030769,0.98894570317895736,0.78117508818373838,-15.354833348413273,-0.92962928009047119,0.6926106541224949,0.5310820695939326,0.9964788732394366,True,5
0.9920837811108264,-0.037293617665916753,-0.11991229018842905,0.075225046150820624,0.94109043326455122,0.32968164772936076,0.10055328780528508,-0.33609222320566701,0.9364459695103714,7.4548956197286813,-15.519025604026542,-0.16595478552530998,,0.499527238461806,0.3939393939393939,False,1
-0.68106683031852044,-0.69356432810891067,-0.23476902567144792,0.71477500579634878,-0.69931286785656865,-0.0076291506115085395,-0.15888569390827989,-0.17300299311011486,0.97202124495621389,-7.0705518752005219,19.123751307186492,-4.5664088139022354,0.1373780099510225,0.1908391931844643,0.3269230769230769,True,3
-0.93451568031700505,-0.31167700784812635,-0.17186589545480935,0.32846523109781278,-0.94119140516660016,-0.079179105832160007,-0.13708039685347034,-0.13044608702202964,0.98193318671849317,18.971544998441527,-1.2291697953999732,-0.19090295244251526,,0.1770026894141367,0.4,False,5
0.94846100002372924,0.30657727232535109,-0.080200420993498819,-0.28900441784521286,0.9406451109673214,0.1779416243581719,0.12999299173392623,-0.14559241500443143,0.98076738872845903,15.702510232759449,-10.109742890101597,0.27693759340724866,,0.2247519332569831,0.303030303030303,False,5
-0.68000681645692429,0.73031007687725868,-0.065099317843216348,-0.73109194817830303,-0.6821056214772252,-0.015378051177664831,-0.055635356392973269,0.037136407482440112,0.99776028902654035,-22.558931804178531,8.709736263957625,-4.9964930318436469,,0.1870108851305344,0.25,False,2
0.83429078959705749,0.55073843232009279,-0.025417662345782077,-0.53334825555652998,0.81790659842536395,0.21579720699549371,0.13963708922891593,-0.16648115634466243,0.9761073239628002,-15.76029085662973,-14.273478896497958,-2.7662308310410508,,0.3473860356237304,0.5098039215686274,False,4
-0.53912627825737625,-0.80523083577358179,-0.24687275510215562,0.83231400320875415,-0.55421551476559006,-0.0099279028868013708,-0.12882645751152261,-0.21082804441651137,0.96899704825790944,-6.9600685432003369,-11.406750409951769,-2.0840915453377313,,0.4582238542177359,0.2291666666666667,False,1
-0.66133393443742272,-0.70862385606372447,-0.24594645307240595,0.73879047211194693,-0.67206260782408711,-0.050204476705716983,-0.12971532476205902,-0.2149048202857852,0.96798236179168495,-16.045404582027672,-16.1599639986716,-2.6906120784321699,,0.4220975460990695,0.1052631578947368,False,2
-0.47551491699878723,-0.8605916911963597,-0.18239381775549871,0.87227740470824644,-0.48814355882966814,0.0291203572875188,-0.11409510483400712,-0.1452508417080457,0.98279423077062333,-4.8262418106572875,18.91072972910893,-4.4264997941787856,0.3477016104163447,0.3825782715083329,0.4285714285714285,True,5
-0.38011509872338206,0.92372972629651906,-0.047285351628936691,-0.92475410608565467,-0.37851941159967356,0.039406830879425994,0.01850283762659663,0.058706454486671854,0.99810380081500982,-14.51386122671086,39.331905864094814,-7.2528023017728849,0.5638157220342787,0.395101507093811,0.6666666666666666,True,4
0.78773518021885292,-0.58943343736361786,-0.17900142112084544,0.61468348401765194,0.77120514238879767,0.16555012180302386,0.040466039112976755,-0.24043887221243015,0.96982042070051411,-11.120151312461743,31.468970043120439,-6.1499342494138531,0.1882391803115113,0.2442539025682472,0.25,True,5
-0.22392601818138616,-0.96217124215329664,-0.15518904328145133,0.96753944034057837,-0.23860648407842344,0.083272907606099081,-0.11715190893395844,-0.13150454946090495,0.98436882503674117,15.801107202372531,-15.570106310173996,0.765498545231446,0.3830976658639482,0.3516312325328036,0.6136363636363636,True,5
0.88715401990306164,0.45359632133367067,-0.084900661024517335,-0.44085019439331047,0.88742534163108677,0.13463791863486943,0.13641426271918625,-0.082016097831526719,0.98725098562790525,-5.4894850764513876,-22.950909644259934,-1.1406683547579746,0.5121734319343282,0.4817345654533215,0.8712871287128713,True,5
0.89985952819093351,0.43517830312592698,-0.02954105638645705,-0.41768964241847972,0.87924502990553577,0.22904920869266293,0.12565107297716102,-0.1937731195879632,0.97296648759596849,4.2808559151734782,13.209330086831326,-3.149329536441734,,0.1996631029600074,0.3260869565217391,False,6
0.93913599590609131,-0.29039717464053189,-0.18355670010727254,0.33480501771771132,0.89340555705981717,0.29955318513693358,0.077001177293061968,-0.34277688308203585,0.93625574877810369,-1.4460270877166905,-18.493136288560031,-0.97776534955696925,,0.5148475628006659,0.5421686746987951,False,2
0.23608093122429674,-0.95400946037192969,-0.18474778329692709,0.97009326089419501,0.22034218051387369,0.1018252849446465,-0.056434555725510649,-0.2032615876334016,0.97749673549982419,2.4935858932802093,1.8944945384284988,-2.2049242581213635,0.6183626903946572,0.4808625027320238,0.9921671018276762,True,5
-0.46064963031211847,0.88075350409332831,0.10988713810374787,-0.88720942366304556,-0.46050087565725206,-0.028255655759344342,0.025716855499747886,-0.11050886184477601,0.99354236688576958,-13.583316367928081,17.736042418413128,-4.9275724531792093,,0.3456711224318083,0.1666666666666667,False,1
0.95086457622334541,0.29439615982765771,-0.09585123245074452,-0.28151260479987278,0.95096593050001166,0.12811889933588611,0.12886896842292622,-0.094840392802731599,0.98711604630389593,5.242827234806291,-9.4488276484201403,-0.89854718515136878,0.664477286487756,0.5011540214478508,0.9943820224719101,True,5
-0.16672464366320688,-0.91645864663074106,-0.36373952522530006,0.9740590417806525,-0.21033482632398071,0.083476008293507015,-0.15300939945223474,-0.34038626566154334,0.92775283013756149,-28.891996105460919,6.2630615514551939,-5.3985159844056323,,0.5152660427665273,0.6111111111111112,False,2
-0.83039013550444796,0.55283972134091197,0.06942957125467572,-0.55552357455785661,-0.81185699419407908,-0.17967130847360507,-0.042962553082500091,-0.1877670457930751,0.9812735375759275,10.350002380992708,7.231710492487176,-1.9871815458835529,,0.4287990772216926,0.1666666666666667,False,2
-0.090136216468929373,-0.95783801348806008,-0.27280359674665466,0.98953974136219047,-0.11711141044573603,0.08423786445689449,-0.11263464274153892,-0.26235711818179325,0.95837475957676854,33.792971224811438,-18.58299632675601,3.1060053145643423,,0.5391394722237128,0.3333333333333333,False,4
-0.21800212950624903,-0.93438586478021113,-0.28177673294592598,0.96938130300718361,-0.24075101440245833,0.048361538894912494,-0.11302637263416682,-0.26260617807493852,0.95826042093265951,19.370067781008576,-15.537499453063544,1.178038176618889,,0.219242711716554,0.32,False,2
-0.98500567369928826,-0.10810441903473585,-0.13445169156753864,0.12281995954567118,-0.98670432990365464,-0.10644164075482315,-0.12115725449765691,-0.12135897138053439,0.98518674359130898,-20.722364588878982,11.071055573247236,-5.0513490156424581,,0.50928295765099,0.3684210526315789,False,3
-0.96759879811954796,-0.21007189835416698,-0.14007984651435074,0.22027241341960457,-0.97348979269759617,-0.061625379511166589,-0.12342054028365959,-0.090484369011829435,0.98822059743795165,-10.634379261661879,-14.86248592608939,-2.2426913497979228,,0.1948408466181815,0.3846153846153846,False,4
-0.26557072541607968,-0.9083211140418177,-0.32314848535589336,0.95804972233426167,-0.28610607218006906,0.016853634531962439,-0.10776325596983899,-0.30511648471940012,0.94619818823291679,24.316893719499575,-3.7867210531625357,0.64810211184898348,,0.3500630224456123,0.1818181818181818,False,2
0.97480878135285243,-0.19514404369871236,-0.10801223081799792,0.20797129444151316,0.9702408705123502,0.12401852230919796,0.080596404917879394,-0.14335778805614546,0.98638367997344789,9.8265194418308539,9.0271407987754468,-2.2097114352417613,,0.101955764071442,0.2777777777777778,False,2
-0.85599002801034807,0.51607273836257839,-0.030822080815445289,-0.51548886802254978,-0.85652597483645454,-0.025188913737832316,-0.039399224505999135,-0.005673019426343788,0.99920744490767011,2.8938227577479836,-3.5356050809068953,-1.6729540966261425,,0.2313308007643147,0.2247191011235955,False,4
-0.46304750932831545,-0.84168466889688731,-0.27776594868482551,0.87755034472887461,-0.47937346090781879,-0.010318790796094546,-0.12446845612876128,-0.248531694399723,0.9605933584549321,-8.9334900865543645,-30.098542580677705,-1.2818658854454681,,0.6546771210387854,0.2666666666666667,False,1
-0.79474434122385373,-0.55677720060517299,-0.24162073789087421,0.58191332358283021,-0.81213395224356344,-0.0426066596911166,-0.17250598809736462,-0.17446372832057977,0.96943493416063542,1.6557629526502715,26.209639578639486,-4.8325719597506875,,0.2654671051064836,0.25,False,2
0.69246159889682757,-0.64882213533927813,-0.31547863754465072,0.72054761785070165,0.64388618355422744,0.25733579820470392,0.036167173831098895,-0.40551253904380352,0.91337370019905839,-6.240603637863666,-35.685094238205082,-0.74089691085433762,,0.3670311079833737,0.1818181818181818,False,3
0.59148096743367407,0.80560056279221259,0.034029375436485806,-0.7955490520333024,0.57618588651864933,0.18738070868057283,0.13134675851592548,-0.13790416021857421,0.98169774962651835,-16.64855811252292,-17.630160200383624,-2.6373974822416009,,0.4576814978019602,0.2666666666666667,False,1
-0.097789185653229027,0.99511031403935835,-0.013883013425315158,-0.99246892539386089,-0.096476533946924417,0.075483180412213774,0.073774706348674612,0.021159898158477256,0.9970504257123054,-5.8526665402337379,27.443446075483532,-5.4116151293536463,,0.7432860106241171,0.5319148936170213,False,1
-0.94371786988566253,0.32902805924647427,-0.033721184542751463,-0.32132780475099787,-0.93621570003699262,-0.14229759273490389,-0.078390203165779285,-0.12345322690291548,0.98924935017157589,8.385828083677092,29.307453280113446,-4.743229433523938,,0.5994117264842216,0.2083333333333333,False,2
-0.26011130458843851,0.96389713490379869,0.056959832773188973,-0.96397884595950478,-0.26262245771336518,0.042121600719510613,0.055559821524935236,-0.043951769348239814,0.99748751781828193,30.202256485818125,-7.7562852771340465,1.728235185139215,,0.1101326467175048,0.3076923076923077,False,2
-0.97480792543994355,0.2065950226951091,-0.084071428541931975,-0.20693773449053224,-0.97834276440633083,-0.0047126826442160236,-0.083224290585139665,0.012803590566185057,0.99644858649366053,-12.854715847882446,-10.736830559927265,-2.7025879609440508,,0.4257379120857774,0.2222222222222222,False,2
0.70686338509759217,-0.6542875011521605,-0.26879735981671049,0.70706381656278261,0.66438298128163642,0.24219003590361873,0.02012247788032806,-0.36125215572974223,0.93225102084394063,6.3654129743650527,-11.630480216716423,-0.60460954328510019,,0.2288246089816729,0.3181818181818182,False,2
-0.69787598433329701,-0.69591027299710939,-0.16934580723454262,0.7033832064510962,-0.7104983695826621,0.021074432446734959,-0.1349858339730689,-0.10440765660365109,0.98533134826266822,8.2161753363564767,-15.819330021161756,-0.076689865823036316,,0.9187227634467887,0.9024390243902439,False,1
-0.92734855754017576,0.36916627816102909,-0.061162994505577592,-0.36737720212762603,-0.92926646140881286,-0.038701874084096227,-0.071124146286847323,-0.013420237310781624,0.99737718694859356,-6.1368661405240603,-20.36797076740525,-1.363347842042246,,0.544130294331443,0.1785714285714286,False,2
-0.31001922454672259,0.95072971461190803,0.0010441098647571978,-0.95030778491476775,-0.30991400284948545,0.029469047629634766,0.02834068351040895,0.0081437455614847692,0.99956514798505924,17.56043713946335,-12.794239324641191,0.73292937537327418,,0.1944404361212505,0.1470588235294118,False,4
0.11109630243413635,0.97762569989003334,0.17862139429527024,-0.98968423926513072,0.092473744741376457,0.1094244629125827,0.090458377918595095,-0.18893543195502061,0.97781423819471325,-13.94460159019194,-0.39385432600938441,-3.5533511651416201,,0.4478792351447254,0.101010101010101,True,2
-0.58426851999250651,0.80986747395274983,0.052392472542900151,-0.81155936248830085,-0.58294532307292612,-0.039321132549619053,-0.0013029594578109066,-0.065493701535296836,0.99785213200947598,-19.09507645786751,15.485241084896797,-5.2227076944766564,,0.6546812124074592,0.64,False,2
0.21669599848878479,0.95777260300563472,0.18898276421610177,-0.97100010684486682,0.19142774083698683,0.14322783439438025,0.10100315215974828,-0.21453918283114976,0.97147892529068103,-1.9414256990815137,-14.9411203055339,-1.2664338987734445,1.029162555227337,0.6750336870001318,0.3043478260869565,True,2
0.94577065194534715,-0.28858093244965999,-0.14912719183756357,0.31443552729776703,0.92854984273761787,0.19729543513452161,0.081536329889490583,-0.23348711951289713,0.96893528779259652,11.171651826203924,-21.705578654584453,0.67736000386504824,,0.1968307314876997,0.4705882352941176,False,3
-0.24912703305417111,0.96813402537719384,0.025538800061432512,-0.96839770779619938,-0.24934560978420944,0.0057137042632902507,0.011899619182708945,-0.023308277248494255,0.99965750298540468,-23.06193673954181,3.8904125320538725,-4.6847139527121495,,0.2519798099420477,0.2777777777777778,False,2
-0.32800973131450756,0.9418694635285948,-0.072742902302167706,-0.94361113311240408,-0.32301541998126448,0.072519431331563772,0.044806758745867953,0.092428091653380465,0.9947107128426862,-23.206824687868632,7.6245041346535141,-4.9911604809375394,,0.1619609752802005,0.3043478260869565,False,1
0.97469759830384384,0.20912271984429998,-0.078944790237496759,-0.18792311243231768,0.95787281311169747,0.21717407238258141,0.12103510100161215,-0.19684349607342036,0.97293532281396977,-13.918669054504315,-10.742243250453702,-2.8307213401987097,,0.641805339629267,0.2424242424242424,False,1
-0.96520057088063815,0.24071728089618635,-0.10219123567917858,-0.24303938022977098,-0.96995709615038728,0.010728060637327674,-0.096538684625488924,0.035191224835972819,0.99470692169368413,28.399781529790804,-13.405417919579337,2.0088929992419198,0.2048605647985235,0.1767932956803034,0.5333333333333333,True,3
-0.80229225914804247,-0.54730231777540095,-0.23830086837610015,0.58126356257451217,-0.80714576412727734,-0.10319101838134624,-0.13586685296390638,-0.22130496697784935,0.96569369359886392,-19.7448851772075,1.2411536464048587,-4.1818178955479732,,0.7203138454168843,0.3928571428571428,False,1
-0.44818193766358116,0.89071527586518751,0.075889710056898235,-0.88631346091721586,-0.45382020393474365,0.092171966983320003,0.11653926269315501,-0.02595226080768552,0.9928469571942623,-1.7395317814257236,-16.17592398768225,-1.1859886652938421,,0.4043665020570332,0.1785714285714286,False,2
0.49016001541940879,0.87144701113670042,0.01797960135699897,-0.86246137566836234,0.48191506313699173,0.15465525339252356,0.12610921760236765,-0.091312533107897997,0.98780488282511447,4.2435377315795355,-14.108567521545563,-0.62731294284560135,,0.6973056672209428,0.5,False,1
0.83023437680066137,0.55388435893903698,-0.062633828727842872,-0.54204500957628943,0.8284338610010783,0.14101257227738856,0.12999264276049319,-0.083123130773192694,0.9880245229540634,16.817602326128519,-10.432879894161474,0.44130551259295586,0.3150957836468993,0.09686645450791294,0.2777777777777778,True,3
-0.90580642273618217,-0.37928090819802124,-0.18884045436919566,0.40265360133373923,-0.90929909674936005,-0.10509628910559712,-0.13185143860743576,-0.17123418270684487,0.97636778562684445,-14.924264150808318,10.738448934420239,-4.5211231640667791,,0.1176429118801976,0.2941176470588235,False,1
0.99310031520685615,0.031203931433627367,-0.11304016365490649,-0.0047575322022154398,0.97387508014519364,0.22703456600160629,0.11717136946962534,-0.22493030684031512,0.96730410277292511,22.151844610669162,-15.441343536689381,1.4778600833943567,,0.475464077014181,0.6578947368421053,False,2
-0.9375863239170108,0.33418477633874966,-0.096189502895103432,-0.34018160650650453,-0.93879298193462102,0.054260590348403491,-0.072168967004113238,0.083595887062244828,0.99388297493610223,-15.995182168255791,-1.866089851700075,-3.6180591695748712,,0.4935979560485682,0.12,False,1
-0.98641914724422541,0.13829877529173815,-0.088604258942674291,-0.13423516037548361,-0.98967128011846617,-0.050315793024107158,-0.094647702924811103,-0.037738654738635968,0.99479525846757788,13.539856950335109,11.002947860876045,-2.114016983126807,,0.6793884431021007,0.2692307692307692,False,2
-0.52663465122419506,-0.75967375548390736,-0.38151242359711823,0.84037476955434709,-0.53290310967822763,-0.098916744749069335,-0.12816470195201296,-0.3727064004337074,0.9190559005029566,-13.010267457462687,18.974293227823132,-4.9889098988430671,,0.1404500953487617,0.2222222222222222,False,1
0.99197487975939713,0.082409513448940722,-0.095888007693550242,-0.052488625371878962,0.9583720422529769,0.28065632512813399,0.1150251369610142,-0.27337099465921239,0.95500655345716479,-15.455542804690658,8.243759287814088,-4.3363845763630273,,0.138840619330951,0.3636363636363636,False,2
0.68438182853344998,-0.70469852524564836,-0.18714032513015416,0.72902766870581637,0.66553585730253106,0.15993961643678978,0.01183938489001108,-0.24589024210243357,0.9692253699755452,23.207486389158301,-24.669196942230876,2.2966057975066088,,0.3531407506415946,0.1818181818181818,False,1
0.77512336517655667,0.6230339441059517,0.1049403318517317,-0.61700461576774102,0.71069947785943854,0.33795200294068845,0.13597453025722153,-0.32670316292026114,0.93529459020098293,-1.0116425953843113,-20.053587007499971,-0.81314014268089818,,0.1940667312162137,0.5,False,1
0.71956854275661597,0.69438159602604221,0.0074371617870241796,-0.67177998465607891,0.69335476186298395,0.2607121524160384,0.17587712895825491,-0.19259640002412148,0.96538793353094599,4.8424712773950027,-12.085152592898714,-0.72501191026815337,,0.6268256534516136,0.4772727272727273,False,2
0.79178097894349542,-0.5939787170875106,-0.14238035338611385,0.60988168448275537,0.7816179372378953,0.13083474737413711,0.033573982721098357,-0.19042763411609231,0.98112695603025335,27.124763273492729,-18.268717227088857,2.328655835722595,,0.2414169457444437,0.5483870967741935,False,2
0.97738765799474481,0.1892708544026766,-0.094286317529263655,-0.17400871341954718,0.97326342602883431,0.14993088810745472,0.12014297171962374,-0.13013395878208323,0.98419043844069165,2.6360902082410846,23.170857069827559,-4.4319348624925832,,0.1797215375052377,0.3125,False,1
-0.96815134086171484,-0.19841761514419493,-0.1526873642059271,0.21812766969491512,-0.967831094578808,-0.1253925519313342,-0.12289548771671557,-0.15470430623249101,0.98028734396196004,-18.451656516039236,10.566966901361859,-4.8107707232203625,,0.6932287615241177,0.1739130434782609,False,1
0.87289363163080258,0.48710397920863785,-0.028043204123267315,-0.46916210732399161,0.85374411140570627,0.22584930659931646,0.13395381633122644,-0.18398561269618705,0.97375852725976608,15.160188683740177,4.2243372495099134,-1.1460570303366369,,0.1565411681286865,0.2380952380952381,False,1
0.51418833969636324,0.83628561517552302,0.19035945253859521,-0.84814992278899504,0.46280454593511122,0.25778607552545701,0.12748356675790984,-0.2940039491440411,0.94726428101897131,-10.422833072802254,15.205762309934151,-4.5011505570166817,,0.2444717118202186,0.1,False,1
0.52563548178484143,-0.77132232188502459,-0.35884427827500764,0.85056688489598897,0.46876905945251801,0.23830976316201144,-0.015598545033100042,-0.43048512710881826,0.90246287498763844,25.890037655662923,3.8582933914214834,0.0094708428071192171,,0.2443848996110571,0.125,False,1
0.37675367595412868,-0.88673566350321176,-0.26787409491507747,0.92538882302049186,0.34737854622388747,0.15160366701412309,-0.041378664596649121,-0.30500493224683933,0.95145141621698215,-0.024288325174471936,-16.172807147391726,-0.9632390488019491,,0.1385561272035602,0.1818181818181818,False,2
0.23494405073609678,0.95941624040384366,0.15595438651435362,-0.96605735662131487,0.21275252469893011,0.14652490215683125,0.10739868128404657,-0.18508603643599159,0.97683605706119525,-12.504187626670078,12.778222998663512,-4.4675792411090711,,0.728110983089414,0.2857142857142857,True,1
0.89965505778557286,0.43621407688981689,0.018386302619125217,-0.41606508024897654,0.84381398846104472,0.3389215276061357,0.13232772195670134,-0.31256236497798101,0.94063496745609076,-14.190298764045792,8.3921684407636086,-4.2729294318016366,1.14865155708199,0.6553011729630769,0.3214285714285715,True,1
0.3445484560816488,0.92511004424289522,0.15955490419494961,-0.93153906978612322,0.31586827477491392,0.18017267954027633,0.11628122322093071,-0.21070984559727318,0.97060807646269698,1.1712873372762034,29.471082493559134,-5.2023187149930425,,0.2201279273110916,0.1538461538461539,False,1
-0.51072584288613709,-0.79587717380649547,-0.32517478011375756,0.85026836632268188,-0.52357395657214867,-0.053981637899787716,-0.12729029279250986,-0.30405564657340511,0.94411193464950194,-25.284047503354078,3.0133918452949504,-4.826795154686085,,0.5326313256195173,0.4761904761904762,False,1
-0.55225589450652113,0.83302036245791633,-0.033022760533974169,-0.83359823825635282,-0.55123558381820303,0.03540209469099579,0.011287345069028842,0.047078730474462746,0.99882740700193351,13.147562843875066,-24.245342132428728,1.0378088730798902,,0.1860728031286676,0.2380952380952381,False,1
-0.90159568016835079,0.43242212673022334,-0.011676207255773549,-0.42828502126914131,-0.8961133266282828,-0.11641669294256703,-0.060804358875496747,-0.099960042783621833,0.99313182397325073,2.4534224350022398,-18.661693389233356,-0.52187034526316844,,0.4443519626573862,0.1724137931034483,False,1
0.21212029860198409,-0.89714378144334317,-0.38747646939981256,0.97539990782881092,0.17002253348010388,0.140311645691133,-0.059999989404599621,-0.40770746071974906,0.91113919229989326,-15.090751459149178,-34.698976395467902,-1.6140572710485257,,0.2173726956638071,0.5555555555555556,False,1
-0.87793962099426071,0.47099521566201896,-0.08593909885461215,-0.47569051205532314,-0.87845307259351813,0.045152364185639837,-0.054226917937486629,0.080521463439858942,0.99527671292786968,1.6810789575280864,-25.212693285934069,-0.26474840839673541,,0.1293931500918344,0.2941176470588235,False,1
0.26272528708959902,0.96335756757689772,0.05401500269378845,-0.95860735180826273,0.2542422289207058,0.12819061624229847,0.10976050556933756,-0.085458095144659171,0.99027750928283176,12.370525513526561,-11.456775809162979,0.038893831558756461,,0.4276716658366058,0.3658536585365854,False,1
-0.50880193391386586,0.85549114607994248,0.096205462549365531,-0.86068965609155335,-0.50787300174043637,-0.035753741065286615,0.018273148128185944,-0.10099461907441552,0.99471914577708809,33.863952398151604,-20.088875574490093,3.206117037764189,,0.6880171854254677,0.3333333333333333,False,1
0.10147372418743887,-0.9642975276137189,-0.24460858843793737,0.99213055610530754,0.079962455670767929,0.096348146454787745,-0.073348776006858643,-0.25246046011438927,0.964823130494458,9.4547206276915876,-19.541512512930897,0.33767826936983475,,0.8620794409380679,0.3620689655172414,False,1
-0.0079536354601117496,0.980786559688964,0.19492168688079431,-0.99645109894930095,-0.024108523621625182,0.080647296864288426,0.083797058932272697,-0.19358848990131688,0.97749759564513994,26.133945027546641,6.0027457392088683,-0.19293886667179305,,0.4135950330366442,0.35,False,1
