axis_00,axis_01,axis_02,axis_10,axis_11,axis_12,axis_20,axis_21,axis_22,location_x,location_y,location_z,dbh,dbh_approximation,score,reconstructed,number_clusters
0.28078839706229453,0.94388643754585499,-0.17388579324424808,-0.92298702059243354,0.3152348858917764,0.22073043862299557,0.26315933556134496,0.098515784186052557,0.95970922907572254,9.8261332527319905,9.4068263476553717,-0.54388287634944132,,0.4162260163144046,0.6136363636363636,False,4
-0.95326828082588011,-0.11155144964150257,-0.28077724062707171,0.098585726930647669,-0.99332213620615684,0.059933197548563036,-0.2855878835259455,0.029451787818715255,0.95789986584060771,-12.801859763009057,8.7147492879729889,-7.586316572973602,,0.1752790398189239,0.1978021978021978,True,3
-0.93851344289881555,0.1968396355032947,-0.2836312313429924,-0.17632230875622851,-0.97960024283823721,-0.096404396508351226,-0.29682142936972267,-0.0404663085318668,0.95407521555730501,-19.405444715113404,7.7491088627317071,-9.5365589717602557,,0.6381278273966606,0.4329896907216495,False,5
0.59521009227827892,-0.6475264445387876,-0.4758512894519038,0.80153660649545522,0.5205153924530419,0.29428352768581179,0.05713155430961811,-0.5565727534136149,0.82883216374592672,-16.747021250055749,-16.724333768097932,-4.6168287142866324,,0.1446316818148089,0.2173913043478261,False,1
-0.87667029613776204,-0.30963461135619391,-0.36820591972431277,0.32551431622212446,-0.94532710866808456,0.0199270557705305,-0.35424514365643894,-0.10238684030449342,0.92953069509741881,-1.7807343918521017,10.040882216591426,-4.3032658370548118,,0.2136245888639987,0.4,True,4
-0.89384353895376267,0.34558896118460325,-0.28567813668175757,-0.37577473400837008,-0.92496909603972466,0.056793667361722686,-0.24461618333943652,0.15811527844835921,0.95664125019238289,-16.679914966697826,12.299282672682931,-9.4506624761105424,,0.09388944795771208,0.2272727272727273,False,2
0.073534681292079684,0.97322963307103993,-0.2177538333983666,-0.97708322264306258,0.11403957136435879,0.179731333363114,0.19975241344404771,0.19954713096269922,0.95931220978773923,0.2070967071474884,-15.03886751408875,-0.014491103837232218,0.3219853888648239,0.1132863940054533,0.2727272727272727,True,4
-0.93383756961225728,0.22944386662850419,-0.27441374901275323,-0.21225460222302281,-0.97294958903071482,-0.09119803199691065,-0.28791557341661733,-0.026918567412185561,0.95727739621943231,-7.9030404957362181,19.561617419234398,-7.9005706394915878,,0.3586063282333174,0.1428571428571428,True,2
0.84159032891134833,0.47827193871182888,-0.25096149291020092,-0.39477223778119391,0.86179848903581246,0.3185251082298195,0.36861985643765399,-0.16899502044858733,0.91408975735617126,-6.2283791022203712,20.195140791822627,-7.4960894065106594,,0.1974053298055332,0.2173913043478261,False,1
-0.28095784829980242,-0.89644356925887581,-0.34271214541237449,0.92095583040116247,-0.35229825588036601,0.16651215377190151,-0.27000564055006404,-0.26883985202729799,0.92456589166651071,-7.4246481350495461,-8.022933147299451,-3.2428867619565338,0.2261655922164781,0.2316109265537465,0.8,True,5
-0.9020037854968882,0.35662854678149508,-0.24332129082717802,-0.35635055313699521,-0.93318308820120133,-0.046729082745407602,-0.24372823847113551,0.044557867047117575,0.96881945802918801,5.6582464248035711,7.4347554307199522,-1.5885400953860676,,0.5156346533849459,0.7575757575757576,False,4
0.052630100925789347,0.97797626190662756,-0.20197154161832215,-0.97783641400345134,0.091512724579450255,0.18831189205389326,0.20264752632443531,0.18758425410248611,0.96111712485388678,-31.619646288557,8.0226536289284667,-13.614938858826392,,0.4462762175433627,0.6607142857142857,True,2
0.64908884030520853,0.73073175850807914,-0.21145868272296015,-0.68326334269558908,0.68222754763540461,0.260224475743216,0.33441722730698142,-0.024426836779899236,0.9421085116509873,-1.6565712556440837,-15.809342573092268,-0.40196578368140973,,0.1969304006059272,0.3870967741935484,False,5
-0.42864476978151639,-0.76195812169282906,-0.48547243189009925,0.87663773516857901,-0.48075713478684845,-0.0194642911518636,-0.21856336064733115,-0.43392671977866965,0.87403527345563603,1.8712819338163695,-17.909755421146496,0.91483179989733887,,0.4790489704832366,0.2,False,2
0.053696665617924945,0.9667508996517854,-0.25001873154622017,-0.97771728235439126,0.10178744252414515,0.18359801831702213,0.20294231664948664,0.23458903334737968,0.95067470858652892,-0.72625132382260038,19.044401746798034,-5.5309124220448957,,0.116808494423834,0.1176470588235294,False,1
-0.77731718519999382,-0.41561085032977652,-0.47227705288412869,0.51031322809942836,-0.8555766061846084,-0.087000460782500844,-0.36791086260057415,-0.30863618070114041,0.87714611390732022,1.7840375905481081,9.8320764246641037,-3.1790400931313489,,0.4898943088486512,0.2916666666666667,False,1
0.82565759792877824,-0.44426110677686337,-0.34773783226430288,0.52764619429060755,0.82625064319127328,0.1972292277443819,0.1996973325638543,-0.3463263542258993,0.91661280360655983,6.6627099681622441,-13.47449187813254,1.7572124666741862,0.2049533215518514,0.247603322154234,0.8873239436619719,True,5
-0.2208132141567149,-0.90654547678977504,-0.35974549749201712,0.94347972263590418,-0.29201570171333252,0.15675727392292119,-0.24715893151706339,-0.30479850469591907,0.91978820067800038,4.17102357552454,-15.891411958756914,1.1939345636557186,0.1775682247811247,0.1699669673572013,0.5666666666666667,True,5
-0.63621462953035213,-0.58918897122971536,-0.49808362887453494,0.68166602480059812,-0.73164471933918651,-0.0052378712882539813,-0.3613341608595928,-0.34285909765434508,0.86711317793673348,14.587422310271435,4.609328024691381,1.4791800057334428,,0.2436631893687878,0.2727272727272727,False,4
0.45582711476936766,-0.81964042017438055,-0.34700320323795103,0.89002540870224933,0.41591002995413745,0.18674479603978997,-0.0087414704385546105,-0.39396500935985845,0.91908386891222194,-12.168448548389442,6.9579696566106648,-7.1107604118274503,,0.08718698729444463,0.3243243243243243,False,3
0.12131492800606793,0.96754970617576663,-0.22165345547062992,-0.96659893467731317,0.16594114737273216,0.19532033967127937,0.22576356597902436,0.19055472098011433,0.95536365358361053,4.6198809236378331,-13.085064547338886,1.1847904954697956,,0.08418020925109623,0.3157894736842105,False,5
0.94323399531680707,0.10025196452570684,-0.31663729042459848,-0.028031564807367841,0.97398452466145913,0.22487413611716819,0.33094389472106212,-0.20323309112624541,0.92150553401383706,-9.6256995763206312,-0.96483888864652145,-4.9264180863061675,,0.07463375792527117,0.2714932126696832,False,3
0.39763556391961519,-0.78889995709214056,-0.46853262000243867,0.91750883668180594,0.33743793338317857,0.21050694935058401,-0.0079682442940441078,-0.51358786863993322,0.85800000481862582,6.5558230109877504,10.514067590761583,-1.778845299355313,,0.2596561357635065,0.4615384615384616,False,7
0.27966468441309622,-0.78748625683823115,-0.54922951448646073,0.95505800575211974,0.16964423106004983,0.24307414612999634,-0.098243930809519903,-0.59252529917207286,0.7995385543550344,-8.7690808306026753,18.653534966677277,-8.000346636891857,,0.3279099128857388,0.1521739130434783,False,2
-0.16406143222465663,0.95424683429899049,-0.24999365129288598,-0.97359719811416545,-0.11586090730281207,0.19668438164535387,0.15872095728239685,0.27566143979404123,0.94806035057375715,-5.6237850528853581,16.647784710648729,-6.7376582453844236,,0.2702225383168844,0.2564102564102564,False,3
-0.703720873973667,0.65127881688150924,-0.2839239937292401,-0.70045023615879842,-0.70288242107212229,0.12379728919841682,-0.11893863207059141,0.28599336500907585,0.9508214327474761,1.2642768922421741,-19.429550277117833,0.8827299551317489,,0.1122854771632193,0.2631578947368421,False,6
-0.94408916310648605,0.02499363662701716,-0.32874149454100204,-0.045192120240505132,-0.99752077081728174,0.05394426805754253,-0.32657820560022488,0.065784724034177566,0.9428780651339197,-0.84105452776248124,15.030520994409255,-4.8218966529484986,,0.2846554771777601,0.25,False,3
0.94382852498532954,0.015460087778549889,-0.3300737813124493,0.083412352945410703,0.95540803833574262,0.28326288083608836,0.31973441291191862,-0.29488381774748051,0.9004517972831988,-18.951593328968162,-11.714065720312542,-6.1059746692663692,0.5650191640043191,0.3311451611425593,0.3448275862068966,True,3
0.82130432208316551,0.48667753346283849,-0.29766455776601969,-0.43499616570108751,0.87181913184759352,0.22518822609066416,0.36910370677204563,-0.055465122077175022,0.92773168205041912,-5.1746388556424439,19.535438755504309,-7.0988487146047552,,0.1015921139672336,0.3157894736842105,False,1
0.79507100200423941,0.54735182472529587,-0.26128161386110937,-0.45396504447060959,0.82272626637169866,0.34210704322022351,0.40221616100148694,-0.1533866701899993,0.90260439243184054,-18.68108968033771,16.260531909619949,-10.801747382187955,,0.4297439078325597,0.7741935483870968,False,2
0.95314626740691222,0.12305190557653625,-0.27635198834503327,-0.028764804208488336,0.94625774225034298,0.32213176072863314,0.30113913556214766,-0.29908947451434209,0.90546159900219736,-3.0559270767471949,-11.894395117213977,-1.4026046462216275,0.3449794504501219,0.484495774658838,0.6101694915254238,True,5
-0.82200714971315936,-0.43298569783179736,-0.36990219152305831,0.40181152558344951,-0.90126888153386064,0.16205524085016948,-0.40354893597772101,-0.01542039726521402,0.91482810823642391,5.3574381888757703,0.65537036088927159,-0.54786183944225686,0.09228173480872384,0.1965363457672864,0.2558139534883721,True,3
-0.69987492155339304,0.65474995813787806,-0.28544279023839192,-0.70595572249890581,-0.69487606748287134,0.13701740294790174,-0.10863522472789242,0.2974050153544599,0.94855081297225896,2.7354130215273611,18.09505914341069,-4.2373529922886641,,0.09628784966917894,0.125,False,2
-0.64641702172409354,0.73892908205306307,-0.190075894635723,-0.7565673780661375,-0.65301338281422272,0.03434129164221264,-0.09874632383781648,0.16600401670364201,0.98116860425044883,-3.7961591337259826,17.664598021139891,-6.26077588708515,,0.3354044789646974,0.3275862068965517,True,4
0.51415646889316946,0.8193380688802141,-0.25363015274006329,-0.78923091938525758,0.56772802161371505,0.23409282210455984,0.33579410563857026,0.079812419824346059,0.93854797227428599,1.2501765554853155,-11.584518842047554,-0.015940644130153163,,0.1041523169803567,0.4565217391304348,False,5
-0.36316911387281497,0.92371393031972227,-0.12190475651969665,-0.93157325956327264,-0.35764177897666038,0.065296401103504431,0.01671696131163021,0.13727684751516456,0.99039164492679566,-13.674573443827835,-2.4848185529221283,-5.9398686464247739,,0.5767981916353301,0.4009433962264151,False,3
0.9452420517131076,0.023687486204017668,-0.32550939567166265,0.089198839468047353,0.94064035356447551,0.3274741093333231,0.31394431148015739,-0.33857735931901034,0.88701992144811315,-11.219869651265245,23.767416173167131,-9.7443947702198095,,0.1901615607305815,0.4285714285714285,False,2
-0.39760968300181099,-0.8165071487217318,-0.41859600579736661,0.87285603796068656,-0.47724051584735333,0.10180288320733337,-0.28289375563764796,-0.32489623900571957,0.9024486450215139,-3.9444362590268058,10.25998886499093,-5.1553682208415879,,0.2059036064776127,0.2444444444444444,False,4
-0.10122228500994117,-0.86683593161743577,-0.48821052495240169,0.97420782781974657,-0.18584446470625862,0.12798805863351548,-0.20167587171523099,-0.4626632712837464,0.86328995139114462,2.8251356461247839,-7.0009991993931706,-0.13582443526351876,0.7432716743395111,0.400587964355716,0.6842105263157895,True,4
-0.93448279166370674,-0.13019918108712142,-0.33134586964175089,0.08939365313518545,-0.98672132694394077,0.13560898839359453,-0.3446022154072016,0.097104048310206401,0.93371308062927827,4.1139079942961487,-16.790128971123256,1.3165044804951946,,0.07793789207607094,0.3529411764705883,False,4
0.83629637195800699,0.49743119210246201,-0.23058748312386607,-0.40568142440673227,0.84431969159768072,0.35006690827857839,0.36882375213806434,-0.19921462673187795,0.90790008941230893,4.794156189797369,22.355976127861094,-4.311795175505404,,0.3051596902076274,0.1111111111111111,False,1
-0.79619380413484886,-0.45961212659334627,-0.3934871272934089,0.46891548926635773,-0.87972582462696214,0.078744761162271623,-0.38235283467416542,-0.12181611786932338,0.91595149611967797,-14.096062086053468,17.427808469218238,-9.5458433224774755,,0.1613678204143827,0.3333333333333333,False,2
-0.78267034468065644,0.54772076876440623,-0.29568410681264395,-0.60142192085809409,-0.78786310969532436,0.13252695383420809,-0.16037083484481662,0.28155582012336727,0.94604836847057405,-25.83989564026453,16.340754140944952,-13.153518384313911,,0.2848884973717258,0.6585365853658537,False,1
-0.88858867363787175,0.36427224692967908,-0.27877571486643393,-0.39843574958565448,-0.91407599893599811,0.075591147770591435,-0.22728643279924565,0.17824364865531833,0.95737666525742826,5.9632778546423619,8.5946553483702974,-1.633377454460923,,0.2326754842204498,0.360655737704918,True,5
-0.73532604729461326,0.64365437142685211,-0.21214300439369133,-0.67045010248750925,-0.73659322395655558,0.089034164767089821,-0.098955870187502931,0.20770043949012021,0.97317432312563734,11.754011108509355,-0.34056635302094906,1.5098225233023672,,0.09068933863788246,0.4,False,5
0.70186928364848167,-0.57523539764591347,-0.42009968574841289,0.71008441368665387,0.61158084024753523,0.34892549531583372,0.056210622750938882,-0.5432063264886251,0.83771549630688147,-0.0094473611205314612,-11.804505335436616,-0.4225284101394734,0.7974927812542157,0.6467207407045366,0.2830188679245283,True,4
-0.15327370585022465,-0.85741946320088647,-0.49126269471561179,0.95997691068607116,-0.2471262316308574,0.13180651193913195,-0.23441736719912107,-0.45139837146830442,0.86098084078055792,-12.089316652628543,15.546679655896236,-8.5784022711587369,,0.2195379584724768,0.2857142857142857,False,1
0.93807425042983683,0.078451476863561839,-0.33743453655253891,0.0095216754270760311,0.96781524452910783,0.25148159008986226,0.34630339065270804,-0.23912134625539003,0.90713557056674199,-13.043148126511872,14.10698792462806,-8.6819678073425433,,0.2522479033965218,0.1666666666666667,False,2
-0.83305893222886074,0.46233906708570932,-0.30373574448857099,-0.51625751260999564,-0.84701983028598915,0.12663170130750845,-0.19872341610250835,0.26229752981797194,0.94430345215081102,-8.015092231986376,-3.7687298899917665,-3.9761863111683371,0.2354197492195936,0.2204595108123936,0.6382978723404256,True,5
0.83255733242206031,0.46028274344526593,-0.30820136975159618,-0.41029438852917094,0.88620800513462972,0.21516014123617649,0.37216502115558103,-0.052679860685060781,0.92667039949836849,-5.3578235468007627,12.87871146258831,-5.9750824807684122,,0.09972169732876361,0.2,False,5
0.87219140701672804,-0.35670857882617291,-0.33472546858282887,0.43356652526556005,0.88057430766094313,0.19133467238480659,0.22649992868725327,-0.31200621544973234,0.92268624343565797,9.1795925446436204,2.6313656910902106,0.17401996657821139,,0.07896032768703928,0.2222222222222222,False,4
0.90997621296866149,0.29391997309102685,-0.29249673716023461,-0.20977514630741936,0.93477235075352927,0.28669677406350691,0.35768377070103985,-0.19952869890041097,0.91227770908435268,-10.157702186546423,24.640024360805455,-9.5410547238616914,,0.3896601373484891,0.8333333333333334,False,1
-0.70045528930772627,0.66048145327251695,-0.27041937349948447,-0.70482489855277686,-0.69972601019640623,0.11664207231820908,-0.11217954386115735,0.27230086400458348,0.95565055820705702,-7.248700781255061,12.968839338945156,-6.6704097148522399,,0.08339233413641743,0.2162162162162162,False,4
-0.79625122902138223,0.54415839254924248,-0.26433997824801825,-0.5818240423427995,-0.80851736845192002,0.088206851567587466,-0.16572496502887746,0.22403416866586787,0.96038738394273504,-0.80373336136675522,-14.035975491894252,-0.45587985527406827,,0.0751192096396388,0.25,False,5
0.88786892814416685,0.3778951609926291,-0.2624576417909843,-0.28262767824415208,0.89808592617526417,0.33699149053980482,0.36305696788031722,-0.2250264795624603,0.90418622062563925,-14.349075082427941,-6.752499246334513,-5.5300419260049614,,0.3482985358959352,0.6404494382022472,True,4
0.92727315753411643,-0.060998664823132535,-0.36938280171998539,0.16109647784358147,0.95563529475547748,0.24659502883068152,0.33795327508858886,-0.28816721934912598,0.89596162727512507,-20.540554174125781,9.7340808222330093,-10.338933738217086,,0.2083193729831874,0.6621621621621622,False,4
-0.52440461376967018,-0.75142596771620618,-0.40044826894225249,0.7806058419563815,-0.61211478886895321,0.12637248415492053,-0.34007987379533688,-0.24632194439326763,0.90756331963652426,1.3316400468722926,-13.519190511599948,0.080044344038047638,0.4082737959511404,0.1869186130913341,0.4285714285714285,True,5
-0.73135844746026824,0.62121890425741921,-0.28142831115884215,-0.66307615371477646,-0.74422418522356082,0.080376467346765748,-0.15951437459779191,0.24539241048072191,0.95621008631740356,-19.537548231197466,12.494180250500643,-10.419373489662222,,0.1640967526165368,0.2058823529411765,False,2
-0.86789845422726752,0.39976994308109215,-0.29484956462382783,-0.45069948267424931,-0.88330156021673345,0.12902840786373032,-0.20885940119392415,0.24487210197902365,0.94679216526399845,-16.106874270656217,10.615496240148309,-8.9803263667739639,,0.09210587903318829,0.1923076923076923,False,4
0.2031675535243499,0.96003475477853673,-0.19249990860321198,-0.94508117051219898,0.2436775845963155,0.21781371836639812,0.25601665246272848,0.13767535866167213,0.95681814848964786,2.4080166373447165,-16.377475788904313,0.79257655179473585,,0.1322415220127567,0.2777777777777778,False,4
0.93809426892091885,0.14546208490773907,-0.31435636540719131,-0.064705429499929176,0.96516414758388847,0.25351799859555163,0.34028275009314762,-0.21748321791107966,0.91482714209630045,-16.780361654964487,-7.7109290137672639,-6.1527416212152808,,0.08525642826457368,0.25,False,2
0.86881471703785773,-0.36833944663208468,-0.3308882583489432,0.44558726287311151,0.87303929273967873,0.19812719272692006,0.21590039051302329,-0.3195754142411007,0.92263675191754246,-8.76720091312046,-2.4438172952428561,-4.4394303644530106,0.4988471624409611,0.4125185793360803,0.9722013523666416,True,4
-0.87350447372823581,0.38002528400610502,-0.30425436380245963,-0.43341232534182522,-0.8916881423405707,0.13056038086270932,-0.22168376264073089,0.24591266808626044,0.9436012235346809,-14.038594727832963,7.8791187214058755,-7.9153210654347088,0.3315293288574578,0.1945649701026086,0.6880952380952381,True,5
-0.69226284011945194,-0.63158601255110214,-0.34910065731755424,0.63206708572221815,-0.7640990916542244,0.12901076420132648,-0.34822888929032236,-0.13134567706242617,0.92816213765733857,-1.5926097555341425,20.05563685307493,-5.970325932765145,,0.1738397371898776,0.3928571428571428,False,3
-0.73152508776151004,-0.52451584612632296,-0.43560782033602286,0.56863660476107203,-0.82185761817802994,0.034676608377028822,-0.37619603626475573,-0.22233574297696979,0.8994683761498028,9.3363338250578192,7.7950083525571232,-0.5549887924551371,,0.3155905721836288,0.2545454545454545,False,6
0.58461980478670061,0.75264309519816242,-0.30289941416531463,-0.73459569201050101,0.64953717572326475,0.19613930415156128,0.34436732297181466,0.10784168305425948,0.93262067222705891,7.9794431023767993,-7.245690188024172,1.3248947218345912,0.3204581686961986,0.3242789367371577,0.9378531073446328,True,5
0.77542303765119158,-0.52810627469939064,-0.3461544096251436,0.61252160437038838,0.76228268495615503,0.20914682018993638,0.15341576470273652,-0.37420431697024531,0.91456805777454719,5.0157892554202999,2.6918880964576375,-1.0173078692981183,0.2686572135011908,0.1574522610821383,0.2615384615384616,True,3
-0.76309440836239018,0.57280458914298837,-0.29930223283962654,-0.62903635566569016,-0.76456350419446939,0.1405557231303679,-0.14832460071370784,0.29552927217215863,0.94374904615184274,-16.681205067064116,-9.6011527634943157,-5.7887689923859282,,0.08000757043109365,0.52,False,1
0.76238550367471225,0.58563192091236449,-0.27532453031858234,-0.54804997033752934,0.81055061974136611,0.20651615638956344,0.34410692204558607,-0.006553323231729663,0.93890759937010393,-11.673988972287699,11.854937259781126,-7.8256316640858437,,0.4161032293285556,0.4838709677419355,False,3
-0.91681216948292621,-0.21309181445625175,-0.33770893458680362,0.18366693535295622,-0.97597506828861746,0.11721400486751697,-0.35457284547193485,0.045437261039500298,0.93392374022891445,-0.42171383746941049,-15.568553182209001,-0.076922425960563548,,0.07197135792650312,0.24,False,3
0.71908124345142876,0.68532017652781496,-0.11514521683609724,-0.59255684569499656,0.69123962804511241,0.41359903437997836,0.36304070010997824,-0.22918122144700076,0.90314861335204277,23.280148585561697,-6.5369578161590649,5.3266071547529137,,0.252567557784078,0.3333333333333333,False,1
-0.3068876884644407,0.89812966628988911,-0.3149334043872859,-0.94917994606436462,-0.26453742409024911,0.17052091145940421,0.069838217747897058,0.35125924014281684,0.93366994679923609,-5.6134641859195789,-4.4625932457350581,-3.1938484891005183,0.2617042375001143,0.2256787164278998,0.857685009487666,True,5
0.62884271028878225,0.74059738846590994,-0.23679601752169349,-0.68740117678252721,0.67186423462797185,0.27582253784955169,0.36336822628658172,-0.010675131158214196,0.93158444260308437,-0.93280750078610708,16.414216267389659,-5.1051949973552393,,0.2740224304215763,0.4264705882352941,True,4
-0.017182176142639227,0.9753317680158119,-0.22007433999027309,-0.98648369612168874,0.019336352829680575,0.16271454374252442,0.16295609871709346,0.21989553828669894,0.96181664683686363,-2.7644473619983794,10.887989252531211,-4.7941093543739823,,0.1993744763427507,0.3455882352941176,False,5
-0.53464383727937626,0.82051022713003174,-0.20228429112071378,-0.84486536483512653,-0.52433383548659951,0.10619107432323083,-0.018933635709875579,0.22767739487910815,0.97355252621513444,-4.1408543638332729,12.949338046501138,-5.5578065183808514,,0.09654452962247645,0.2580645161290323,False,6
-0.89844647122296517,0.31761405013622623,-0.30317528511253444,-0.35318420266586248,-0.93298936549511513,0.069222560342012657,-0.26087325913991782,0.16926948640876588,0.95041726817047678,2.7344409654692448,0.87538605444384621,-1.4104093162653377,,0.3606065025892219,0.5432372505543237,False,2
0.61814768278142962,0.75514528834373196,-0.21828659089419922,-0.7167230935832638,0.65549096310177823,0.2379907654013898,0.32280249285962037,0.0093376005571869647,0.94642028709207693,-12.055759834558668,-8.9890484242248441,-4.4778907732222066,,0.1652175984289934,0.2,False,2
-0.93911392001772198,-0.092214710493506033,-0.33100074380210687,0.05439649859311349,-0.99106647868661912,0.12177132570730857,-0.33927284914911549,0.096351865536194417,0.93574048316717484,-24.892635146182801,13.905257043899205,-12.45676858054669,,0.280212026476944,0.7166666666666667,True,2
-0.072631930295371433,0.96050550925636324,-0.26861453681761682,-0.98277622225885042,-0.023038205274923625,0.18335795063299795,0.16992792490991801,0.27730562162690642,0.94563528516544082,6.6011095863814884,-16.22554734293611,1.8634945429120189,0.2338049580098773,0.1646367394282134,0.4615384615384616,True,5
0.75164152876944079,0.60517748977503305,-0.26228842539984581,-0.52017694978812168,0.78839847391031137,0.32839577836053285,0.40552552711052192,-0.11039951179912003,0.90739241492104805,-11.498716573542838,-12.974713353024059,-3.6110138759009223,,0.2526653927107717,0.36,False,4
0.60754656787127415,-0.69630634234349786,-0.38215788030610648,0.78991526870948747,0.58006785082509127,0.19888478247160923,0.083192764874447184,-0.4227041117038971,0.90244124341763399,8.4729937587569513,-10.70318836682276,1.8003634374446036,0.5957724050642969,0.5796618851647268,0.8584905660377359,True,5
-0.40258299589926116,0.89478134722082747,-0.19311466044414427,-0.91472427540487966,-0.38523385604952698,0.12196055156578592,0.034733721335236362,0.2257459120757096,0.97356681937261635,-16.265443334432572,-4.6479895252828056,-6.4698141160471785,,0.4963962994871007,0.180327868852459,False,2
-0.84555050096699735,0.45397303816859758,-0.2809854639130499,-0.49464025854164978,-0.86418603623812762,0.092268680498217556,-0.20093622108596673,0.21700455153522835,0.95526627684048626,9.8946934474215755,-12.844656856595158,2.567810940076745,0.2246035505459859,0.1636072449111895,0.4666666666666667,True,5
0.43550816735503961,0.84954791204338675,-0.29765916970551409,-0.8436476446906106,0.50053490042483051,0.19422529460574772,0.313992496367412,0.16653275533487794,0.93470613222848464,6.5596370495184475,1.6388685418487392,-0.37647527945568449,,0.1202974957056159,0.3454545454545455,False,5
0.22684851210576379,0.9691408453620074,-0.096466441866667973,-0.93463142704684521,0.24447694323979491,0.2582539831261158,0.2738683043577318,0.031576036406429087,0.96124872212819135,8.1070587684074322,14.912305424020383,-1.9920636498183384,,0.2837743999685916,0.4615384615384616,False,4
-0.90875983390475212,0.34639019299694451,-0.23274320285874711,-0.3528420053797337,-0.93556734348885195,-0.01470595242823472,-0.22284093771346503,0.06875739954908866,0.97242703401655362,-21.370521024005793,-21.525104952928391,-5.237843417638782,,0.3991173980154499,0.3157894736842105,False,2
0.58002556593596877,-0.64998454459407651,-0.4910096074920427,0.81142530878325891,0.51416095159613673,0.27789833414352749,0.071828344869221142,-0.55960576090904013,0.82564040673331984,-2.4767979193293099,-18.325939735205981,-0.30433600683721423,,0.3507676208325928,0.5,False,2
-0.72814786675920928,-0.56783474175502846,-0.38388069786069612,0.57889968349788534,-0.80935094724331957,0.099127194262682253,-0.36698207119703119,-0.15004915945230635,0.9180465179758569,17.381319721567987,-2.3744504621151044,3.3718381905260699,0.1485228765923364,0.1255282299443035,0.3684210526315789,True,5
-0.9465695398348416,0.08422895712703643,-0.31130626244608034,-0.10906076225392609,-0.99202355124246078,0.063206201569852058,-0.30349935155358831,0.093780363411473361,0.94820535067302947,-12.799914628361289,-7.5689930113120116,-4.8692899927998381,0.5457302775195426,0.2402362438388241,0.4266666666666667,True,5
0.60636042133851475,0.75146717013929853,-0.26004640285344016,-0.71547398884826285,0.65829000214976496,0.23398983813665553,0.34702162859933472,0.044174260293719847,0.9368162167745433,-9.6056741867900755,7.1421141383518396,-6.3330411453409363,,0.3995903349491383,0.9213759213759214,True,2
0.053605745113363794,-0.87253974777267218,-0.48559325844542411,0.98603134581112573,-0.030544996544691051,0.16373511616017644,-0.15769784135727016,-0.48758731704474045,0.85871415447072386,-2.6625209573605266,12.743329332483093,-5.1188442696026302,,0.3597834938895565,0.1351351351351351,False,3
-0.81675479111814764,-0.37960623449315983,-0.43452355277876026,0.43933521552256288,-0.8973472248247647,-0.041863187898638743,-0.37402697708493576,-0.22509345799737876,0.89968703201696065,-5.3197148840227255,-13.97364180486113,-1.6968484405854953,0.5381667814633019,0.4901879016857163,0.492063492063492,True,3
0.9420813756143489,-0.052686521476728539,-0.33122018684745042,0.14670245594773834,0.95282904173144112,0.2656975849571227,0.30159753171980641,-0.29889956120380595,0.90537173645563629,-12.449040150483579,20.348526380247161,-9.4700498408186924,,0.1450316176348615,0.391304347826087,False,2
0.39107835160915144,-0.84469106971481234,-0.36545139163330226,0.91958371678273154,0.34234664307840296,0.1927811292658273,-0.037729441166389349,-0.41145567527620369,0.91064851427555582,12.287344941700091,-25.242301288579888,4.9276457819340402,,0.7120353649888216,0.9272727272727272,True,5
0.60208352787776209,-0.60800534522030292,-0.51751804378379851,0.7961336662305416,0.50632157747001916,0.33137538484713774,0.060552547036316684,-0.61152919829866903,0.78890140618178828,3.845611022574368,7.8880957343059315,-2.2493503517550475,1.02711378682815,0.6449827085865867,0.45,True,1
-0.84805267768957948,0.47098227995177533,-0.24286281690485961,-0.49155160668111031,-0.87038116258050768,0.028524547222063962,-0.19794866463998889,0.14356992650423822,0.96964117196559563,-15.655561048146811,-24.813030451171763,-3.0981767334892032,,0.4518892479807931,0.9047619047619048,False,5
-0.91063832413606627,0.27449683471280339,-0.30885163160862256,-0.29476794676233015,-0.95535907467392389,0.020022387462627272,-0.28956812700326079,0.10927271466763912,0.95089945507029683,-16.32341645086678,-11.14371293296729,-5.3355323058090276,,0.1388993263197766,0.1363636363636364,False,3
-0.89354080982096828,0.34551796861426226,-0.28670918113859262,-0.37744830416331931,-0.92388933325773237,0.062938681085778908,-0.24314110896498548,0.16445617427526632,0.95594799433547661,-3.2944915146165377,3.9608428333239933,-3.8309583588479836,,0.08939700222279018,0.1791044776119403,False,4
-0.46827610326815305,0.85884285718337638,-0.20762089917223697,-0.88268548788010415,-0.44411943913955015,0.1537018323385671,0.039797243545952266,0.25523884979263112,0.96605864675115771,-2.7269829308054132,16.863333600007685,-5.7396164976148478,,0.1476267962719322,0.4,False,3
0.6287608050424689,0.75537562619765253,-0.18457386973472523,-0.69443567817901009,0.65227104093997146,0.30381174767139041,0.34988417928566751,-0.062850238643864631,0.93468225006576666,-15.146873281116031,17.723367734850303,-9.9750541800330037,,0.3269089207240603,0.12,False,2
-0.31410802920490277,0.93095770805457789,-0.1861555580765169,-0.94718491819364281,-0.29394808437729791,0.12820005630817458,0.064628760900347026,0.21659240407891589,0.9741205540177259,-1.6470570107812537,5.0287739472422599,-3.4011994716320664,,0.5300546533506297,0.3559471365638767,True,2
0.87985933829126495,0.37269068150138124,-0.29487149869679513,-0.30406447894808009,0.91833226374815347,0.25339819652322881,0.36522915746650164,-0.13329482090924746,0.9213252157924916,5.962145783272053,5.0235503243712722,-1.1206894520580097,,0.09560044822734197,0.2982456140350877,False,5
-0.92761731460667762,0.20325857537248579,-0.31338804887781829,-0.23615516106571996,-0.96915968726032042,0.070428974800883781,-0.28940777035857573,0.13933934163410985,0.9470098681265432,-14.970670046638793,-10.453784526740147,-5.0897246666022689,,0.07776993369398282,0.4230769230769231,False,3
-0.71405331107878434,0.63779628232972163,-0.28869321291608385,-0.68824339148119507,-0.71505020366735506,0.12257340787355436,-0.12825327683879123,0.28621514369729006,0.94954304194093919,-8.5437604794022128,-12.041794080713464,-2.8849645074124171,,0.09435086317687773,0.2727272727272727,False,5
0.73825123904938306,0.60524037742927628,-0.29777372881320152,-0.55926406899347736,0.79603106146779212,0.23142655489662017,0.37710583285718297,-0.0043167936859284384,0.92616011365063811,12.895890714111575,5.7004013899234192,0.80956990788420824,,0.1779992724375285,0.1666666666666667,True,5
0.94194985055267477,-0.064065749623086796,-0.32958467617446519,0.14744194635938809,0.96084136107911089,0.23461617866932785,0.30164772748613644,-0.2695912805802046,0.91451035529269753,3.9576435448891774,2.5576202057011037,-1.3363590210624436,0.2254111649453704,0.1269681623132342,0.3509933774834437,True,2
-0.89718965599826617,-0.2000515821246345,-0.39373860067199928,0.25372214719921599,-0.96319616685220688,-0.088759316028432012,-0.36149106930923325,-0.1795341434119046,0.91492715456424234,3.4557609496293975,-8.2600570664285815,0.13168974282955806,,0.2330262745903022,0.2448979591836735,False,1
-0.69619019277375804,-0.55084248683842152,-0.46031703224984277,0.63793238645436678,-0.76878558528654384,-0.044844109627283441,-0.32918305818841243,-0.32487117223491968,0.88662124701161704,-16.948794615812584,7.5799069773927918,-8.7491944836833007,,0.2989905342622382,0.1747572815533981,False,4
-0.9033866114904906,0.32459956510460092,-0.2802280366302331,-0.3315654322964417,-0.94313728750335946,-0.023588578314109432,-0.27195035261202555,0.07160432427382489,0.95964359345513561,-4.4481853540015033,16.486642665083362,-6.2061818782911233,,0.1546941109420666,0.3103448275862069,False,3
-0.94553092030476305,0.011017662540043069,-0.325345800433606,-0.067528100241662309,-0.98432587655815651,0.16291876630938165,-0.31845130620768697,0.17601471486831044,0.93145455376225816,-7.417943113249696,-19.496568802644902,-1.553451424257466,0.549080282278879,0.4109801697770285,0.8640776699029126,True,5
0.58569934061730866,0.75758395628145059,-0.28813682788806383,-0.73343995271614626,0.64668740729787699,0.20943073557166195,0.34499582339528057,0.088667617692681583,0.93440672911346112,-3.1971901187069376,5.5456084287404712,-4.0210787929053797,0.1570488457552356,0.1350139363798118,0.6277173913043478,True,5
0.92684077115041108,-0.078707118827425995,-0.36711220952073587,0.22378565513544396,0.90092152737546061,0.37183380974175428,0.30147332467220267,-0.42678518127666099,0.85262432732929683,5.2815201238195861,11.635967278728973,-2.325609480467143,,0.5163616233541829,0.7818181818181819,False,4
0.87448333165875147,0.37210819228537562,-0.31115011792561054,-0.31906623061749823,0.92444113653509574,0.20881888219517616,0.3653431854168801,-0.083331136532579314,0.92713552329399873,-5.7536033729722469,18.69316744415983,-7.0401082241001456,,0.3567148036509482,0.8727272727272727,True,2
-0.79636536036721739,-0.47899894171896618,-0.36927256415729481,0.47940250753672492,-0.87216722549340164,0.097455459275727435,-0.36874848958971113,-0.09942004127565586,0.9241970605980383,-12.643163128313855,-12.34860976134237,-4.0238050651042609,,0.08589497468172144,0.3928571428571428,False,1
-0.94498348212179217,-0.0011687244604059385,-0.32711596200752402,-0.013945575150063174,-0.99894054810176458,0.043855470489775922,-0.32682065334171612,0.046004515444479137,0.94396601904306487,3.6901049526642513,-14.265733467781939,0.91926632158764821,,0.1751333254049038,0.3333333333333333,False,2
-0.17307521367242881,0.95471755225551802,-0.2419904250739579,-0.97813475041423048,-0.13784930674909698,0.15572404650818653,0.11531426817325593,0.26365121665568902,0.95770071291173242,-12.767359041387584,-10.615462407087721,-4.440341064860176,,0.118381737617777,0.4,False,4
0.049609399177150015,0.98352345133585273,-0.17384052515364504,-0.97782985539716705,0.083281296020096734,0.19212756082136756,0.20343962595138015,0.16045512271543691,0.96585012925771074,-5.1095520730976958,7.7911473765477703,-4.9120922104676534,,0.1357828438877329,0.2684563758389262,False,5
0.84271386375573176,0.4802034958144184,-0.2433884681769003,-0.39241602111213619,0.85741007576778627,0.33295289208294654,0.36856886766031322,-0.185074483869308,0.91099090292499818,-13.356868993296365,12.579599798392836,-8.5305190664007267,,0.2564936347555526,0.1578947368421053,False,1
-0.91113034178024821,-0.23906019202413939,-0.33569588153087498,0.20909303355695505,-0.97008859506570855,0.12332161627788973,-0.35513603535175037,0.042170396166299404,0.93386297393237472,-10.966062270444979,-14.639681250167474,-3.1591553225936098,0.1236833205319879,0.09329706051340997,0.3181818181818182,True,5
0.91304978308629658,-0.19774707890111254,-0.35670181719770194,0.32429401342475983,0.88238661947977348,0.34092117361630359,0.24733274442120942,-0.42695426751483972,0.86979110537412274,1.0730577014983202,-10.159617914460046,-0.30609667414778913,,0.6134916326687012,0.4086956521739131,False,5
-0.94457946566561979,-0.0054528409062491318,-0.32823756574911456,-0.0050853367018019284,-0.99949902561559723,0.03123839214975152,-0.32824346511923502,0.031176342305079385,0.94407852601729847,-17.054387737644404,-13.42143307137494,-5.247600235977651,,0.1210399468584353,0.3529411764705883,False,3
-0.52467939302949407,0.80379449180298834,-0.28040319091868166,-0.85100281814229284,-0.50392884834695306,0.14781718207837002,-0.022488620324028874,0.31618053506009874,0.94843246001232573,-14.962912558183673,-16.552419779591904,-4.1129351932871634,,0.1556844218011764,0.5185185185185185,True,3
-0.56061911720479596,-0.7309977949223625,-0.38903525449907433,0.75578085551128182,-0.64367156886231824,0.12034205366769224,-0.3383807084736819,-0.22655934157956573,0.91332872552870226,-14.65096810996188,-3.6202410762159833,-6.0964904516814604,,0.07376724922651837,0.2380952380952381,False,1
-0.8778709792949857,-0.31983305240318594,-0.356439843875688,0.30959396166988906,-0.94686856822475485,0.087129176545788029,-0.36536847511684317,-0.033863447823054338,0.93024681901758144,1.8740026730786208,24.823457567940046,-5.6465021917863663,,0.2831253641706002,0.3103448275862069,False,2
-0.54116610363082573,0.80603737493783989,-0.23967269031816338,-0.83782504493154264,-0.54122748800881837,0.071568151499968202,-0.072030843161026981,0.23953404022597743,0.96821227073743021,-14.176219674089324,13.6002980314484,-8.9744557749223777,,0.2085674184743332,0.35,False,3
0.59702830200214252,-0.6501902437904008,-0.46990408966960162,0.80064719590515399,0.51959914307064148,0.29829649379345408,0.050212292296327149,-0.55431884092102923,0.83078838960490653,-1.6816556352312308,-20.035909974509618,0.11102491061690435,,0.4295356424926448,0.4,False,2
0.88500249088210658,0.40961165514163694,-0.22133432428025174,-0.29017909467563441,0.85703153117292574,0.42578521297553201,0.36409708066077112,-0.31259438022382724,0.87733577911013338,1.1884086672546106,12.417372084276735,-3.8148952011270283,,0.5533608159922749,0.1851851851851852,False,1
-0.78763103618346331,0.54385347278203189,-0.28958720790720205,-0.59406037081612295,-0.79500721966066001,0.12270206401376796,-0.16349197737618715,0.26867623793397166,0.94925415590518913,-9.3733309831080511,-6.3968490014905433,-4.0531858753245693,,0.5582594002130458,0.6323529411764706,False,1
-0.16958377389600668,-0.80577631155892737,-0.56742037270587931,0.95600342857555787,-0.27434886363240596,0.10387562551140636,-0.23937165283919165,-0.52484020116040886,0.81685003217416552,-6.1204220295285801,-8.5866144744610775,-2.6842756935153753,,0.2067380458107105,0.4,False,1
-0.93998714648791515,0.2079175024598888,-0.27054477745532235,-0.21523801817689658,-0.97655796720196597,-0.002670622707707293,-0.26475792711227686,0.055721170709229384,0.96270368814397089,10.768786258426472,14.310681097769958,-1.0475060312489368,,0.255696445981982,0.1818181818181818,False,3
0.55835148610769281,-0.71542456378024044,-0.42001346585697047,0.8289294227008116,0.50153289283663849,0.24767068777675827,0.033460874797749701,-0.48644881636485282,0.87306810668756152,9.3445712898505615,-0.69185075462168444,0.77871615683609341,,0.3709671697563619,0.1785714285714286,False,4
-0.79009035904069913,0.54864238135462662,-0.2734021981119823,-0.59035209600020733,-0.80112691150589144,0.098387369154750159,-0.16505037806409548,0.23913847252701914,0.95685482893610496,-2.5911251531225137,-13.367552873490865,-1.0370746439658551,,0.1512726883518251,0.2307692307692308,False,1
0.75964445794824997,-0.4438451586867832,-0.47533332790665328,0.63698345578854554,0.65516050561753314,0.40622258545120377,0.1311196955464427,-0.61136420159286609,0.78041107017425448,1.4269615427001288,17.107295975005446,-4.4497831003207384,,0.5505863967110669,0.1578947368421053,False,2
0.89656570952031744,0.30339684348102613,-0.32267674827616771,-0.23068375688651413,0.94179354513422642,0.24456067274243126,0.37809381484104609,-0.14482842852581351,0.91436852169663485,-0.42482104425306222,-17.821846344758974,0.20165442602163619,,0.1875916260847332,0.7037037037037037,False,4
-0.36942827154548352,-0.81202038198976212,-0.45182480168326111,0.89724725473586975,-0.43822018948164887,0.053948395709360275,-0.24180594709779663,-0.38546850035232394,0.89047398568642555,8.1950045653061636,-8.6351212437315148,1.4573989321675578,,0.4656177112109431,0.456140350877193,False,2
0.14470801648551096,0.98570967942417931,-0.086232348073742499,-0.96348155697535964,0.1602147426674454,0.2145565790190106,0.22530619017942174,0.052035220009972794,0.97289745428043328,-4.3956094626045568,-10.095809570508587,-1.9604483454561252,,0.1130176912377191,0.2,False,3
