axis_00,axis_01,axis_02,axis_10,axis_11,axis_12,axis_20,axis_21,axis_22,location_x,location_y,location_z,dbh,dbh_approximation,score,reconstructed,number_clusters
0.48667812773563923,0.8709049262450379,-0.068330150196364042,-0.8432792565643108,0.48877980842257929,0.22354953439166425,0.22808878848394976,-0.051175270595391398,0.97229450078019697,-5.9728975946070113,11.714214318508958,-4.1940291692773775,,0.5455208118450153,0.4128440366972477,False,3
0.37574008424892313,-0.86098131229873331,-0.34282731653262977,0.92662690517634927,0.35443214309843363,0.12546088849499448,0.013489540092759669,-0.36481370014159714,0.93098281213837863,-35.164152303827372,4.6114791609121717,-11.834464140346981,,0.1242615584775757,0.4,False,1
-0.022824908598850412,0.99966017483089842,-0.012591997637861896,-0.99438972329256992,-0.021399706921563479,0.1035911712154958,0.10328650326921274,0.014885812061455617,0.99454025099122567,-14.120088335670799,-2.4462619118413724,-5.0501798376728946,,0.6046202036588939,0.2714285714285714,False,1
0.045410622805662243,0.97595296736789794,-0.21319868860336957,-0.9924769737287864,0.068366557414653639,0.10156510446712805,0.11369842547085529,0.20698265461884374,0.97171541550619889,-13.004573869135807,8.0165226445953977,-5.9140835759649386,0.6741776861932658,0.7557476155928603,0.7123456790123457,True,5
-0.49620364483571344,-0.76903712447102468,-0.4029439713373224,0.82620163257874102,-0.56087316425607614,0.053029764676094243,-0.26678231795975188,-0.30659940443959871,0.91368703614602487,-15.979254230486587,-21.874311498593318,-3.0611182569986526,,0.2693430167303579,0.6,False,5
0.28682351478651974,0.92413386458757985,-0.2524061641242803,-0.93813837255454713,0.32430819757827034,0.12132842587061375,0.19398109522892826,0.20199206248256285,0.95998465685021617,-2.18067304853263,5.4337878050170145,-2.4025864831415853,0.7669843157357132,0.7016066486579007,0.999340804218853,True,5
0.50007915304184358,0.85705446058342827,-0.12401004913716024,-0.83002856884044596,0.51521131106480333,0.21356469712845247,0.24692795629825603,-0.0038673692524838765,0.96902612341124805,-2.7704701815599417,-8.6220917394902905,-0.78027864982812212,,0.3111288981665361,0.375,False,1
0.36169175819426813,-0.87917189553371244,-0.31021903577633408,0.9322017581920331,0.3458206060173854,0.10680819480475699,0.013377371865268592,-0.3278183743438241,0.9446460497797845,7.9299702277532162,6.1301874519888457,0.5614409953332139,,0.0789454025563745,0.56,False,5
-0.69799924508770417,-0.62526678781739675,-0.34905371779929495,0.65002788129163247,-0.75773277593564903,0.057487336139078755,-0.30043436454657896,-0.18676853141086294,0.93533775090826043,4.4722453009536949,18.612853927784656,-1.6326167981802131,,0.2265675438579426,0.3076923076923077,False,3
-0.53101879060294788,0.83495295380555001,-0.14447355798889447,-0.84440666768695027,-0.53564257955704042,0.008025367985354373,-0.070685384574207005,0.12625605687200614,0.9894761161901432,-25.112689369054788,3.1669800047866921,-8.8866397202762322,,0.1859290672575248,0.4285714285714285,False,1
0.86279312583202217,-0.38984071112814256,-0.3218885551928049,0.45966470757609162,0.86997827086258894,0.17845493783004468,0.21046704878910041,-0.3019305022253348,0.92980728820544445,-3.9566936229174363,-10.13065643213263,-0.94621426456615654,0.2219114002927698,0.2085923455144282,0.7575757575757576,True,5
0.90151146877964361,-0.27557396612686702,-0.33367058733409027,0.36185836056601606,0.90291197058294637,0.23196659299669553,0.23735121349435653,-0.3298620356620745,0.91370424037629783,-0.59488034643035137,20.419231651607234,-3.337829730710415,,0.2306476704060144,0.7906976744186046,False,4
0.13003230699297982,0.98926761387185436,-0.066642233473756946,-0.98366180902967082,0.13715123710210134,0.11661468011291863,0.12450319110190941,0.050389744052242197,0.99093886244298157,-6.797762081728191,-7.4199978736725329,-2.1843304777045671,,0.2966335508906081,0.2204724409448819,False,4
-0.91248654559984466,0.34088691374092195,-0.22619552634712392,-0.35226082481347248,-0.93584085088300528,0.010687053864636642,-0.20803993703372256,0.089431615543737075,0.97402329065594873,17.703786438488073,-2.1857057149315233,4.7623838739259918,,0.1631522667151354,0.1904761904761905,False,4
0.94057445733850975,-0.12756817997358513,-0.31471582365777978,0.21473357968482246,0.94137970894438616,0.26018019398779169,0.26307637666295647,-0.31229890016778777,0.91283088082945585,-14.294121751131053,10.650917953565521,-6.5877120767080104,,0.2902358849946222,0.3846153846153846,False,4
0.49151910842989843,-0.73284064450629183,-0.47048225875996824,0.86886238909848934,0.44929790132811404,0.20786905655296273,0.059051798095776403,-0.51095595272171579,0.85757617709443201,-0.9191551860259175,-5.9658740183998527,-0.52941923812945602,0.7177531278636715,0.3593188375173149,0.3728813559322034,True,3
0.048840842392060789,0.9981086941590992,0.037331042825670402,-0.99094246986957235,0.043741518034227274,0.12696338452031755,0.12509034144659809,-0.043193914433396097,0.99120466717661027,-14.414428842069105,-3.6326384649725623,-4.9163975468054852,,0.1990067416669751,0.1707317073170732,False,1
-0.76921029205965663,-0.50183009127597278,-0.39557816683867503,0.56150363858623764,-0.82632588767537174,-0.043579711012410927,-0.30500686950282557,-0.25564054226092181,0.91739779959875001,-7.7497075302363365,12.974866943700617,-4.7949359796791828,0.2700556919273406,0.1980970729150938,0.1666666666666667,True,5
-0.75169461305942731,-0.54408714656199697,-0.37272561710119023,0.57128181288998348,-0.81956165611210652,0.044224225170337757,-0.32953345650870236,-0.17968825442083561,0.92688717342760829,-1.7458948174284044,-16.63422863963228,0.44114247393993028,,0.2264151343926958,0.5555555555555556,False,5
0.20378704458572003,0.94149436645219287,-0.26843844433650244,-0.96385365557313962,0.24101029384566836,0.1135789104487287,0.17163033268427066,0.23558946538249195,0.95657756230400792,-1.8034715412197166,-2.2706901334446288,-1.3494929794193993,0.6192678384513993,0.2307055697720632,0.4248927038626609,True,5
-0.85880233052702004,-0.38487315741290057,-0.3381289839460434,0.4115703417371066,-0.91134285540928384,-0.0080033553497484561,-0.30507115708267196,-0.14603716170029354,0.94106574505650864,-2.0410707878172891,-21.042014769934635,0.9895954164605506,,0.3587943590744637,0.4693877551020408,False,5
0.83483009070124337,-0.45609401602618954,-0.30828066466266635,0.51611383560245117,0.84327623948404651,0.15003897034227728,0.19153388305853203,-0.28436496350068619,0.93938881150127262,-5.0863842435251794,-16.139879424190724,-0.58649969113346523,,0.111470816779017,0.303030303030303,False,5
-0.3486484795557635,-0.7374526161000754,-0.578453003026702,0.91358052321858951,-0.4052323906266842,-0.034019658767120015,-0.20932000692505054,-0.54032429946666083,0.81500600372436482,-24.294998089997268,15.122954424302979,-9.8642713202003858,,0.1243217877822295,0.2777777777777778,False,1
-0.84900771537460062,0.4535821889478675,-0.27101493889389572,-0.48529654430295044,-0.87225825749472274,0.060438367945246166,-0.20898125112558674,0.18283525398984576,0.9606758592659923,-18.897665543379443,14.783657124540568,-8.2673533985452767,,0.1424324472485849,0.4,False,1
0.45547882822586966,-0.76176433405857913,-0.46071046916070657,0.88901016038108882,0.41646750328756849,0.19030437053470556,0.046903856740996605,-0.49625589977521556,0.86690836318558573,11.174494920132945,-7.7862159691414039,3.3626782082817366,0.5845810695527378,0.5240152801436668,0.4333333333333333,True,6
0.95544430845713024,0.10754755036488349,-0.2748812431712806,-0.0013086069294540167,0.93279385545307414,0.36040797823701598,0.29516852980082409,-0.34399004002950728,0.89137331762607619,-10.819179155121308,-5.5654643494922711,-3.6217157859594296,,0.08844530456117436,0.4444444444444444,False,2
-0.95008995425171183,-0.036515028213442401,-0.30983177942966478,0.069044414168400375,-0.99311052868953265,-0.094680233830197538,-0.30423995086464772,-0.111346892729748,0.94606549550087049,-3.7284923466735678,10.187364540310552,-3.3510717573986106,,0.657215653281298,0.3591549295774648,False,2
-0.68268234446956333,0.72022386446652642,-0.12337909710499576,-0.71225464369361213,-0.69359459266152634,-0.10779547099752368,-0.16321194529331223,0.014287269983967982,0.98648757459482428,-8.5537781035701332,4.0705130811092785,-4.2353424036157676,0.6130952274175503,0.6875559141873424,0.3313477289650037,True,3
0.0016724422457990453,-0.92888457245333689,-0.37036556804746062,0.99370497040133976,-0.039943338212521794,0.10466595211488292,-0.11201622532744675,-0.36820915359429052,0.92297041364973831,-2.36404011437951,-14.730413409688667,0.11258884141332483,,0.08552531446072971,0.3809523809523809,False,5
0.46801728865685199,0.87944089207644838,-0.08685352532897242,-0.85175819929674301,0.47509943637469604,0.22088117956769632,0.23551600253286303,-0.029398008439820877,0.97142574067744025,12.526983075855489,-4.7930123603789552,3.3858977156227281,,0.1208455847394023,0.2,False,5
0.60153176271913034,0.76705216131265153,-0.22313789518054863,-0.75551591393270046,0.63700448055251746,0.15303919612456851,0.25952888516396844,0.076526293400420803,0.96269854273492106,5.6856748640392221,-6.624429420468358,1.4910676902587989,0.6581699500907074,0.631946430712561,0.6136363636363636,True,3
-0.74068438346661747,0.62269847402428813,-0.25225632704948842,-0.65464576843520605,-0.75334290225004163,0.062557089920822762,-0.15108130909730078,0.21147359664342547,0.96563624412308502,-6.1518521060165501,-20.342347614604456,-0.34901246985260492,0.6253950607453791,0.3128654349555225,0.6046511627906976,True,5
0.31812537050154199,0.91405145284174683,-0.25160721412779213,-0.92606562703017781,0.35642559123995737,0.12394858749679477,0.20297463653486444,0.19357360219600939,0.95985965508317972,-2.2298921042357063,-11.186287478790291,-0.27308867261645797,0.3211808640314006,0.2625765743859186,0.680672268907563,True,5
-0.92988497433019091,-0.212690675719509,-0.3001276578006758,0.19822346852095829,-0.97702966021375326,0.078233621865021613,-0.3098731854201997,0.013255924131392219,0.95068548397088815,-26.547322948468445,17.273254028654883,-10.725157001833439,,0.3022503293758083,0.7894736842105263,False,1
-0.59051054415981186,-0.64209246294063693,-0.48889115994350885,0.76147198173884989,-0.6439606571276012,-0.073993872033411789,-0.26731576508464933,-0.41597108205573019,0.86920097827291554,-26.403440526625047,3.7612891773946222,-9.3131301781727025,,0.4816164670638129,0.1666666666666667,False,1
-0.16669799477398828,-0.91954452093406214,-0.35587870483983308,0.97297700509612084,-0.21189201287128437,0.091747056822211973,-0.15977335851922897,-0.33096774601386925,0.93001764768523831,-28.258104424570679,8.7495630127961057,-10.315412675960021,,0.08284917097485488,0.25,False,2
-0.015224515605434082,-0.89006638634571766,-0.45557660390109567,0.99820372821993431,-0.03993376961297028,0.044661068195040843,-0.057944206719945386,-0.4540783213741591,0.88907555751219614,2.9449935169268486,12.240670371249772,-1.543006987337207,,0.2365997157171172,0.5909090909090909,False,4
0.59005418769852147,-0.71675794646810198,-0.37161014753941896,0.80377539716577207,0.56485450954015337,0.18677391135584159,0.076033982471294156,-0.40889782247767392,0.90940717188868325,-13.0127808694698,-11.116596006303793,-3.5855979914233043,,0.6433100258824266,0.4827586206896552,False,3
0.1896231486612476,0.9599664683955268,-0.20617332768332203,-0.96857151486151882,0.21731311626027214,0.12101334678502491,0.16097292347055647,0.17674668047086356,0.97100377386077796,-5.1900718228648124,-13.98727303539026,-0.83494004990061588,,0.09649716346775694,0.3636363636363636,False,4
-0.068656212679072126,-0.94390027999296411,-0.32301483849781398,0.98901377917078781,-0.10688313623219473,0.10211630525770839,-0.13091244811278019,-0.31245520737919052,0.94086857440917027,-5.2313958162824878,-19.589272201330392,-0.20394083373777788,0.3768643274177874,0.3700384248367529,0.8518518518518519,True,5
-0.18845357873344212,-0.81723215237282532,-0.54462542888726506,0.96646697529363579,-0.25282551655690422,0.044953796775191013,-0.17443289348436819,-0.51789078704473357,0.83747375980675187,-12.8682595877104,-9.5517477185370936,-3.6455877967602119,,0.1871200310723524,0.1,False,3
0.79583860952418728,0.53765630286113497,-0.2785078232012631,-0.52122710784110493,0.84238252145071746,0.13679908481393854,0.3081610125278792,0.036295833755809859,0.9506415743116674,21.630821622603868,-4.3280190441312172,6.21087376704142,0.3421332888320558,0.2220639858390742,0.7894736842105263,True,5
-0.92438452672738147,-0.21079163349748559,-0.31793102081183838,0.22231104686726411,-0.97497579249743715,4.9847530873864399e-05,-0.30998555641799985,-0.07063349978202238,0.94811384523208331,-8.5283915904259544,-8.8665749850316615,-2.5345112512661232,,0.07459943270208744,0.2564102564102564,False,5
0.079933171670014083,-0.94197490306199239,-0.32602756028918894,0.99261751221944783,0.045288170687300407,0.11251424812471922,-0.091220406171234461,-0.33261428651990677,0.93864081197271998,-6.7835239737584372,15.076478459604132,-4.8128103919080036,,0.09329770838476012,0.3928571428571428,False,5
0.95467647408168033,-0.030951918250723028,-0.29603176956463889,0.11072333773237766,0.96013172210250131,0.25668544698499618,0.27628458573791759,-0.27782918307673504,0.92004226680872725,1.4678331238073203,-8.0964706107277173,0.43379252769276688,0.5051827080657032,0.5547547979586607,0.6875,True,2
-0.23428935465037881,-0.90606195737350603,-0.35236377182962436,0.95546277416670577,-0.28150746125209641,0.08856882318887381,-0.17944187214574941,-0.31591973452111222,0.93166267278502601,10.16529844635331,2.6607583416868539,1.7714844037872703,0.2024542979481849,0.1667345417375156,0.2631578947368421,True,5
-0.79372574818752173,-0.48559839929054771,-0.36632448904027226,0.5171401745198787,-0.85578741485580156,0.013926251181628824,-0.3202584527560639,-0.17838748605460603,0.93038294710157377,-0.94525754775129367,2.1136426993338842,-1.6478013097180875,0.5039909133835976,0.3348315335547077,0.5182879377431907,True,5
-0.74587398880657985,0.60305400142065391,-0.28283893683915162,-0.64522213074158574,-0.75958529177840717,0.081966984299789436,-0.16540977849888933,0.24363098301417219,0.95565869916644308,1.2625307507837293,-4.9490662631624476,-0.081137672502019795,,0.06843067216215808,0.3428571428571429,False,5
0.92994526354654883,-0.1342243236467435,-0.34232387843811313,0.24826478992945239,0.91594683538837207,0.31528715296267601,0.27123126827234112,-0.37818676032299064,0.88510359474344935,-11.918571924596941,-18.389643073751831,-2.3171512870999837,,0.4376660780114939,0.25,False,4
0.7369608722035591,-0.56720502223668223,-0.36765083379540042,0.65884988902741293,0.72430163649392687,0.20323376466715348,0.1510148885690879,-0.39200204351725387,0.90748493172545941,-2.3562801834417084,-4.3992242766770309,-1.2312713353498681,,0.1395982429458428,0.2045454545454546,True,5
-0.9498779705163708,0.1192216840365434,-0.28899486359309456,-0.085644657320201184,-0.98829926053533124,-0.12621237775203714,-0.30066066220941839,-0.095135491173421724,0.94897439613457735,-26.528347718445016,7.1333584914063692,-9.6624948259658545,,0.3073754620961477,0.1481481481481481,False,5
0.30255956854255983,0.93515761461960079,-0.18422253744402828,-0.93237452957891054,0.33050633747921954,0.14643530134013433,0.19782680322909679,0.12745900009433841,0.97191499588138153,7.224929113158292,-4.901087370512645,1.7073622704430877,,0.1273735315944537,0.25,False,3
0.88391990979777202,0.42736968572084749,-0.18984400119562558,-0.38036012164042671,0.89321072329994766,0.23979320600814885,0.27205104471179742,-0.13974890163736783,0.9520811276159038,-9.6941946016400902,-15.572628290953675,-1.9833025559335626,0.2922092423782275,0.2169922511315371,0.3529411764705883,True,5
-0.66628056620465503,0.72864276097998804,-0.15858730708813018,-0.73698304386924507,-0.67585214594567922,-0.0089369944524705508,-0.11369344812797012,0.11092161057287683,0.98730451035164035,-19.652588102396635,17.261815867771777,-8.7253542843338501,,0.2918373308235059,0.7777777777777778,False,4
-0.95409182011064542,0.092192435442948487,-0.28497254893244395,-0.075622762995728079,-0.99477148700788998,-0.068635896970930352,-0.28981027675851712,-0.043934536337715047,0.95607518532903168,2.8355388742842993,25.778971625265456,-2.7394720379393176,,0.3962122428668352,0.2941176470588235,False,2
-0.26602318581731599,0.92521580581273732,-0.27056861843512486,-0.96365337017470976,-0.24809113645596298,0.09911089830544402,0.024573293603605731,0.28710015793495347,0.95758532390340811,-12.945141958041873,-3.6366938203271237,-4.5255905282644662,,0.07576600248345197,0.4027777777777778,False,2
-0.54159451452738094,0.79525672675615311,-0.27247407286371217,-0.83746816939020341,-0.53855209826600259,0.092783094966204738,-0.072955103262706489,0.27843917828203535,0.95767905735979875,-23.897598676569473,3.8301649485964107,-8.6395549769168252,0.5234539143384109,0.4305575055896901,0.8968609865470852,True,5
0.61579696839732667,0.76614405917644735,-0.18389500890806926,-0.73673516962225483,0.64264115520063003,0.2103179390448372,0.27931234049774778,0.0059687713171880097,0.96018174853234628,1.923578410925153,-15.514208883211563,1.5103130021761542,,0.2450694475743568,0.5,False,5
-0.13395703233331815,0.96137937084946989,-0.24042715901812872,-0.9890632669877667,-0.11459217234739409,0.092857352601676657,0.061720072779747538,0.25023656675590655,0.96621544868330489,-22.030123639328703,4.0713765076625528,-8.0774503312062187,,0.06815077407492545,0.3260869565217391,False,4
-0.31775424745054109,-0.88770856787107733,-0.33317523430684509,0.92669485894782289,-0.36511970312833486,0.089018204807508342,-0.20067106574395616,-0.2804658640828816,0.93865330258697066,-12.22104457153079,-15.775306918222661,-2.6990100949706255,,0.08260078711355641,0.25,False,3
0.15606187702324906,-0.85957308066160065,-0.48659922887516643,0.98663031206633045,0.15907859360331641,0.035420733604593836,0.046960811874125097,-0.48562137520821413,0.87290696072892371,3.2674693269736732,-6.9883980077771835,0.84281385351602911,0.7760459245772934,0.276535704717252,0.3269230769230769,True,2
0.36406021797284149,0.92084948407257927,-0.13962945739646318,-0.90299788252879298,0.38570355366694647,0.18928178157763767,0.22815560882450975,0.057175137708208063,0.97194445406615904,7.5323027345060725,11.555427533369489,-0.039782868750925474,0.2666062178789978,0.310587622736706,0.2916666666666667,True,6
-0.94593688791183184,-0.15685512538906071,-0.28390116894240075,0.1807834684064768,-0.98169275149548851,-0.059972320383178762,-0.26929675385827434,-0.10805466811017572,0.95697619984041227,-2.0209453619196047,-8.9263062263711674,-0.44860456323528863,,0.1897264039109863,0.1475409836065574,False,5
0.18509587718763237,0.97473087452551466,-0.12505694101034814,-0.97250150465844265,0.19998607133206442,0.11935826201076821,0.14135182943706689,0.099525341094071268,0.98494383941161967,3.8498160400678652,-9.6180769628481997,1.3844135529854544,,0.2052192357837109,0.1481481481481481,False,3
0.64552782354794935,-0.67986824858855444,-0.34795544770355052,0.75807152692683144,0.62576686062135367,0.18369375659209813,0.092851435574626426,-0.38235454843538375,0.91933868090193183,2.5637256425969275,-20.063754706343083,2.2387923486504198,0.456036201269637,0.4137405149272682,0.9019607843137255,True,5
0.91744878611964764,-0.24513417605088178,-0.31336394269194473,0.30988188250199011,0.93426607058883548,0.17640898005351149,0.24952142942963418,-0.25895201308032478,0.93310391231472156,-5.7981445498688853,-7.9551952892110549,-1.7732084546154896,,0.07979497861996028,0.119047619047619,False,4
-0.9429925637625548,0.21660763916031481,-0.25267796767015127,-0.19403271400584268,-0.97465067917488757,-0.11138832739320959,-0.27040031542890253,-0.056010572585225543,0.9611173108287171,-14.174952277529036,-1.1816575610161215,-5.1995206506134313,,0.2438759205429243,0.2173913043478261,False,1
0.93531421902948397,-0.17105586990419,-0.30972116662021615,0.23539710565432545,0.95436535064454242,0.18377970545924385,0.26415055239547247,-0.24479923786736107,0.93289753928752872,-10.796315713945544,-13.941789424580866,-2.5194470977620758,,0.0828635408469535,0.5263157894736842,False,3
-0.46915887473721152,0.86327447850518024,-0.18613738210505415,-0.88046252352296084,-0.4735624081397482,0.022899569176350207,-0.068379053275790885,0.17463052527691697,0.98225683235832717,-4.4822956412460586,-14.240903214296234,-0.57856278356412805,0.8124436127852822,0.4251884113714248,0.2173913043478261,True,4
0.87650929319878768,0.42838828082333197,-0.21957900580290829,-0.36656292705065341,0.88962769606817915,0.27238609160616639,0.31203057454073446,-0.15825941754491438,0.93679820522358259,0.089747280188999551,-3.2745496860475387,-0.66848732628323104,,0.4386617872323313,0.2264150943396226,False,1
0.58886308377631502,-0.67101260667077789,-0.4505356259546377,0.80262963687724187,0.55102206717592805,0.2283863995326233,0.095004918671385732,-0.49610156538158146,0.86305115853823455,-2.9942351381790147,6.5538722182887446,-2.7260147959649688,,0.174880880241448,0.4,False,5
0.73470603788778954,-0.57142789747888312,-0.36561892165763243,0.65726785243945929,0.73303130063117883,0.17511162852473583,0.16794644396607017,-0.36896513423062971,0.91414370953440671,-16.733565388704818,19.024692642767299,-8.0429685840375935,,0.1619924101843166,0.3125,False,4
-0.28894799248396374,-0.83355760533683843,-0.47084049977099895,0.9342664241345584,-0.35285987138383001,0.051343547810937994,-0.20893852295427573,-0.42505485499180418,0.8807230347127204,-11.052557096505033,-9.1109167699002747,-3.2310906521355283,,0.1839954694061751,0.12,False,2
0.5229360446008654,-0.76845029281734412,-0.3688116602361437,0.85090672435701775,0.49599844503992635,0.17304129265001117,0.049956377983327999,-0.4043138508472276,0.91325498646975578,-23.015921025642196,8.8397666052519313,-8.8576987065112096,,0.2915363496750034,0.5866666666666667,False,3
-0.82037189441774294,-0.408507574712347,-0.40013937103474578,0.47451696888146927,-0.87680889555074604,-0.077716194751325532,-0.31909810574960884,-0.25362910338862799,0.91315315080291648,-11.102934609718686,-10.326432592291706,-3.0916142279126055,,0.3069160696384355,0.2888888888888889,False,4
0.89312070374747898,0.41362530593169899,-0.17677532302478074,-0.32571424832564216,0.86572264352765316,0.38004543533787338,0.31023480941904152,-0.28184820520343962,0.90791847224755273,-10.378895153838867,11.258459985088029,-5.4292098185080375,0.3728255251062256,0.2682358607481165,0.5403726708074534,True,3
-0.93335266942696227,-0.17617451366374168,-0.31275443275660897,0.20261921241316014,-0.977773283643941,-0.053896758281148899,-0.29630769351239394,-0.11367474005903876,0.94830364558925717,-4.5360552804144563,14.427412793961812,-3.9689778134382552,0.8093720322855124,0.5493237052845148,0.3488372093023256,True,5
0.41852599300974064,0.90403867334046994,-0.086891140400010586,-0.87370731942078439,0.42689993340996257,0.23322085422431205,0.24793449369895831,-0.02169156424450186,0.96853392448322029,11.667951977171937,0.2037084778280478,2.5128623797166627,0.769965895523006,0.4872071500871303,0.3333333333333333,True,5
-0.47256456177482664,-0.78806254181721191,-0.39451256651615241,0.85144855524486152,-0.52377479523243464,0.026368952399743156,-0.22741612239681847,-0.32344612235087417,0.91851211925057308,14.000469457453836,4.8803566586881288,2.7168084392167531,0.5439735325514151,0.3768681617945296,0.2272727272727273,True,5
0.29665565180515124,-0.86433981704122109,-0.40609371446651488,0.95488126368764359,0.26221589821617775,0.13944387753133558,-0.014042667494171809,-0.42913809362469035,0.9031297249508603,-7.0299761860627603,-15.37992787107596,-1.2425744936585361,,0.1165794735725934,0.2222222222222222,False,3
-0.13871817561518957,0.9607516331682171,-0.24023648165629644,-0.98786655951458779,-0.11713370091578568,0.10197723619799381,0.069835008031814333,0.25146768276336001,0.9653429837000016,2.2078743633799416,2.2860411338044551,-0.74084851332389601,,0.1266087472094106,0.297029702970297,False,4
0.62621261957947116,0.75442981712796531,-0.1967063956959294,-0.73007454134881333,0.65595548693140693,0.19160783710199111,0.27358530507638512,0.023623086014489397,0.96155760651841105,-7.0447574472706984,-12.058085493685223,-1.6712747719726895,0.3569577453497195,0.2004378905473765,0.4705882352941176,True,5
0.86213303202273284,0.42897758587837359,-0.26963839843251863,-0.39223312620743783,0.9019244574157107,0.1807911718555911,0.32074882665542381,-0.050104929192050202,0.94583808670925795,2.8200213842672714,-16.242617961360413,1.8517907831579909,0.3808377888984342,0.2848037451135609,0.582089552238806,True,5
-0.39523917324788099,-0.77596615815881442,-0.49159181982879108,0.89470321289294474,-0.44641992782743467,-0.014676814286196938,-0.20806767353285538,-0.44562963257709776,0.87070205799677947,7.6590653622915328,-13.029656015962004,2.9963148564840028,,0.3898468319352207,0.2222222222222222,False,4
-0.30285226198867876,-0.87036020123129199,-0.38827004458361919,0.93367609111783945,-0.35266310242990612,0.062271125406771849,-0.19112682774339404,-0.34365950633896114,0.91943932884101087,10.526202915183243,8.0878765558404275,1.2982014117634748,0.3629010726128076,0.2039015435047924,0.2666666666666667,True,5
-0.95533215319943765,0.018218942621110977,-0.29497211256845024,-0.040746832467132489,-0.99668575975042673,0.070407328841609079,-0.29271175703620311,0.079281564316578054,0.95290831712830315,-6.6713887646123684,10.593613992775168,-4.310385708229008,,0.06885428260185475,0.3,False,5
-0.39497912821110082,0.88717422103445531,-0.23856527368731856,-0.91839841058412885,-0.38785137078415155,0.078202772440623111,-0.023148384698378224,0.24998643105728949,0.96797259081706133,-2.0747485976735072,9.6805546534669471,-2.7647308913256992,,0.2578614409593379,0.2345679012345679,False,2
-0.39343832542867679,-0.78661586835207797,-0.47585897043198044,0.89738053485952007,-0.44107059562663758,-0.012841546978629007,-0.19978603489513375,-0.43207893414313669,0.8794278452099471,8.9030526953103148,-9.6967710677843577,2.8893102547329734,,0.1976948925832465,0.3636363636363636,False,7
0.46396554642029647,-0.83013265819165027,-0.30921795151410458,0.88462260558795258,0.45257084687848564,0.11234978521773345,0.046677804336710829,-0.32566761945172523,0.94433139533902422,-5.80144146105863,-11.788555613470862,-1.3489296680711234,0.175780801128261,0.1241075556341674,0.4117647058823529,True,5
0.59808567278519065,-0.72131047695608508,-0.34929174602682694,0.79498910988390248,0.58911930174987892,0.14467468151592502,0.10141914599859882,-0.36421098849309663,0.92577778796307009,-10.067883080175967,14.959388675350421,-5.6604679680873851,,0.09971077964550197,0.75,False,3
0.89172677770719788,0.36369176888077653,-0.26935413709150868,-0.32921175989474505,0.9296622069653363,0.16537169675415131,0.31055268645906808,-0.058791820763725161,0.9487362914658336,0.69243212934063481,-15.517754184972924,1.1279036093905297,0.3892029120018951,0.3040433371675099,0.4878048780487805,True,5
0.49976738833604467,-0.80657303503574929,-0.31570951317467361,0.86407708862457899,0.48952805642083846,0.1171881687326346,0.060027847453004463,-0.33136418202644746,0.94159143815144297,-9.2074902689966152,-6.220132876590915,-3.031755265503111,0.4175534727673354,0.4235420285696413,0.9504761904761905,True,5
0.022035381394731851,-0.86487460667411387,-0.5015040943971294,0.99608796849243231,-0.023944905276570519,0.08506115762153077,-0.085575703277317797,-0.50141654962874149,0.86096355484247966,13.734439074088023,0.058056689393817695,3.202905688933928,0.3881791240079339,0.3649487008086841,0.4,True,5
0.053601319191222921,0.96817974129025264,-0.2444481277001318,-0.99056014757655197,0.082483493934511973,0.10948546598281764,0.12616454578874373,0.23627200804050957,0.96346149149949156,25.093314451955347,-2.6134897524523595,7.0790842866802821,0.2349960468307378,0.1728366964230195,0.2631578947368421,True,4
-0.94758213151104809,0.16176237961382292,-0.27553772261280268,-0.16934927270882535,-0.98554876470344777,0.0038021342030662292,-0.27094081987395002,0.050264947360756804,0.96128274050502427,-18.450569881928235,7.30615371526829,-7.4357371935372054,0.1672470919044866,0.08365368706121319,0.1162790697674419,True,5
0.95618064794531499,-0.012057089457919744,-0.29252896452946486,0.055153508886453248,0.98868089432508399,0.1395284188044279,0.28753549163953496,-0.14954837274392394,0.94602252893747452,-9.8374785908163549,-9.5981496653249039,-2.8576254817976801,,0.07603399374776829,0.25,False,5
0.032437498510263639,0.97492759461298517,-0.22014539275791559,-0.99137773208963975,0.059362931398490901,0.11681709931590395,0.12695668949370228,0.2144579857172923,0.96844709269783169,-11.318366502367997,-15.406171966965863,-2.5435589721560423,0.3157553986325583,0.2388235147823088,0.3333333333333333,True,5
-0.016526662807480576,-0.9419907685388843,-0.33523165334432425,0.99214986244868797,-0.057015882092516887,0.1113006722003998,-0.12395773416570854,-0.33076061007431579,0.9355382936918023,-1.2009155656765702,-15.502779946323797,0.47533552613053548,0.4117155354313791,0.4060923495891385,0.9071428571428571,True,5
-0.87897292708172436,0.39291512100380949,-0.27023008926458908,-0.42019545099766792,-0.90609336388839057,0.04930110422990306,-0.22548254127149767,0.15688379012499298,0.96153268274030335,-24.415815791484309,5.211447407244342,-8.8933343697191418,0.9749401100467185,0.6749924630122472,0.9014084507042254,True,1
-0.84465080643750323,0.46475625772069645,-0.26564381433402212,-0.49425278803362094,-0.86766941041188961,0.053516126134801438,-0.2056190572526474,0.17649763495564719,0.96258474336008204,-12.368404357386298,5.5937498461575208,-5.4911257154312318,0.8043497359229724,0.6821493000021884,0.7608695652173914,True,4
-0.72240829026448061,-0.5853715371603736,-0.36805763901820016,0.62545361859237303,-0.78015030281004638,0.013163434775930849,-0.29484577858069649,-0.22069360776401037,0.92970979254025743,-23.827987237109475,16.351515640112151,-9.8230871486552456,,0.4397511653735194,0.5945945945945946,False,2
-0.5100392430702303,-0.79131861674516168,-0.33715696243867127,0.82320365183030308,-0.56271691971459714,0.075401696799010764,-0.24939069377505035,-0.23909101835794791,0.93842408685996503,17.918007641494238,0.40345503442276065,4.5128100136707374,,0.1113710582105423,0.3636363636363636,False,3
0.49871490798403328,0.83638158759704018,-0.2274846818648053,-0.83457195699272091,0.53422315515759378,0.13451865705100474,0.2340365124415788,0.12276587645644949,0.96444567002089976,18.929013757414527,0.65585932584922135,4.746637678543868,,0.1230023666967055,0.2857142857142857,False,3
0.89616431012540887,-0.31737364282949015,-0.31010240259402688,0.37917079847760238,0.91073615424446697,0.16367395313199562,0.23047567081864895,-0.26426053089543355,0.93650805494216438,-13.047088108769286,-7.3106881256111391,-4.0810620123974424,,0.1109524104445226,0.4833333333333333,False,2
0.14533747927713286,-0.91288778395741665,-0.38146154592394566,0.98727293657932003,0.10865267147699854,0.1161324488631756,-0.064569077857869875,-0.39348505801647526,0.91706070862421962,-24.800258567518735,11.900116841440372,-9.6315103944832856,,0.385441974546589,0.6842105263157895,False,1
-0.17392347918935122,0.95670091309436789,-0.23339662866261759,-0.98239057004887032,-0.15213300671026508,0.10846343230947456,0.068259733853340138,0.24815098459143561,0.96631345720763595,18.665428358039076,-0.20627577223395038,4.8723868205925216,,0.1369659378539156,0.3043478260869565,False,5
-0.94812807513132413,-0.18658708915248645,-0.25736824067738578,0.21650413136692487,-0.97183995925432187,-0.093021796895200598,-0.23276407422285769,-0.14391786462479464,0.96182562556474638,5.6701574494218958,-18.310479193600862,2.9965591883128226,,0.5110859657436038,0.1538461538461539,False,2
-0.056604365301374068,0.99798275104610434,0.028746729262250803,-0.99407504939233216,-0.059012082994464185,0.091281817665329529,0.092794083887177761,-0.023409456958738306,0.99541009404186553,-29.375640349729775,5.8305158886722861,-10.354650725963294,,0.6803769636289199,0.4444444444444444,False,1
0.2744963479783466,-0.88868657985748234,-0.36727090509290389,0.9613282273535223,0.24473737587932448,0.12629986595810944,-0.022356078365508902,-0.38773674010714071,0.92149901037993653,-13.634560534529495,-6.0803971304064435,-4.3916708920082659,,0.08602024247306758,0.25,False,2
-0.0025600435404494692,0.97638366998097093,-0.21602864433116609,-0.99352545758447097,0.022053462274467344,0.11144868744528384,0.11358085802035003,0.21491527120286052,0.97000557467220871,-7.621222083079771,-8.3695683142395563,-2.3545118769628504,0.4715962568770462,0.4166577070670132,0.9371980676328503,True,5
-0.17218094010968682,-0.89933720575787934,-0.40192824509177549,0.97179455255220093,-0.22182794413258519,0.080048178191500952,-0.16114922119827962,-0.37680890852197296,0.91216554142637263,-15.77009642023938,-11.860407816667015,-4.2468036548828145,,0.14136461300972,0.3333333333333333,False,1
0.62827503828518472,0.75539727118180011,-0.18613285298098248,-0.72767072971346747,0.65521894735335307,0.20293703493308973,0.27525585440825728,0.0079431555602522685,0.96133819277802857,7.8923513069168454,-3.1124378053458703,1.7315880852532879,,0.4051855362620181,0.1875,False,1
-0.94729136165556183,0.20620151100384945,-0.24519382739473808,-0.21374744962928774,-0.97687962003877638,0.0042703313537493931,-0.23864430416359481,0.056454803273282769,0.96946467252687885,-24.927319137254248,11.968939166587223,-9.7124016660891304,,0.509081543345587,0.912,False,3
-0.075283495893450528,-0.86104025595288458,-0.50293346764224345,0.98868629455678536,-0.13007526350980683,0.074698305057260994,-0.12973745103721637,-0.49161987698977871,0.86109122068856359,15.637490024092465,0.38024656695745063,3.7550943140647051,,0.2927676678733242,0.1538461538461539,False,6
0.010384871741491544,0.96044094857826912,-0.27829002629089628,-0.99360048684169633,0.041214849341949661,0.10516372350608844,0.11247322786715683,0.27541699382535445,0.9547226050143296,9.5677432161549838,-0.11837205943130272,1.8595435809305414,,0.07915055029318557,0.3023255813953488,False,5
-0.47380058938059166,0.85014856241174619,-0.22969637204763724,-0.87922412700973773,-0.47141219573046034,0.068814796378047174,-0.049778870884843535,0.23455908327291172,0.97082650379334134,18.637663575650556,-6.75494599176879,5.4912410045001119,0.551447337160192,0.4903301929492183,0.8194444444444444,True,5
-0.084738770745215616,-0.92039093149557205,-0.38170652857045084,0.98667104761826829,-0.13092112879664225,0.096643167510609265,-0.13892294455726334,-0.36842935721156578,0.91921718011589271,1.510478743150826,-18.661521523102127,1.6769100238998531,,0.1345658561391384,0.2142857142857143,False,4
-0.4111549364597159,-0.82778463870690422,-0.38173840538474313,0.88775496676263266,-0.45870236446525853,0.038513112341870985,-0.20698487194257315,-0.32305530912656522,0.92346766593750085,10.245325796935113,1.6818607233214113,1.9072709477621761,0.5503359348063943,0.3149819539136199,0.425531914893617,True,5
0.68672685317203774,-0.65642246642926294,-0.31227515863314026,0.71468852732973787,0.68816106755614992,0.12511855978722708,0.13276497292463907,-0.30910174808127933,0.94171629023682935,-10.76440971606552,-4.1829506060305661,-3.8140468735036466,,0.06978516638763774,0.2972972972972973,False,3
-0.93481872070969174,-0.17417801631663271,-0.30947694266729697,0.17276270445296349,-0.98443696770111877,0.032201002678863,-0.31026924978281772,-0.023363973451212883,0.95036157192080206,-5.6897933738773485,-1.6028660193088216,-2.6547238906460935,,0.07907408327824975,0.3643410852713178,False,5
-0.94852194772618525,0.16369226082572272,-0.27112904386562431,-0.15556499266466178,-0.98648981583449935,-0.051355392239373757,-0.27587252081163838,-0.0065335289530005364,0.96117202688200043,6.044486227413481,-8.5422878000607465,1.8178871956142637,0.3298055718772004,0.1352565576294361,0.4444444444444444,True,4
0.32337020635220659,-0.84778655676586667,-0.42034469642283923,0.94623396870842003,0.29371318522997236,0.13555014306292018,0.0085431906244441969,-0.4415773080550463,0.89718253154239158,3.0593930661209114,-14.555026827301303,1.6963284075095904,0.8849043712874405,0.4973593454548269,0.4736842105263158,True,4
-0.94837192995304409,0.20433944080173058,-0.24256148789528592,-0.15568257373270511,-0.96623927596464199,-0.20529149475632397,-0.27632158568070586,-0.15693009436102764,0.9481662970021344,-8.491245410336079,-14.764642741860465,-1.7365590192309879,,0.1910845000952293,0.2666666666666667,False,1
0.58799034126005745,0.7934767325925266,-0.15704150221890489,-0.73545510107354106,0.60527061426290585,0.30455422803617976,0.33670930027219304,-0.063577970588041238,0.93945978560346965,-9.8723892711678669,6.5942271860863295,-4.8120866352475096,,0.5448776401169383,0.3442622950819672,False,2
-0.32693424875723964,0.92570231056711894,-0.19023466876528064,-0.94486467686284881,-0.31622537536363265,0.085042662193711663,0.018567159352020704,0.20754937770763479,0.97804832007767883,6.9303263148938674,7.1564730754238921,0.21330452039082934,0.7412832538812717,0.4777113375416737,0.2735042735042735,True,4
-0.95549929130285072,0.060007453382429431,-0.28882556995236019,-0.056467075657417751,-0.99819228297537366,-0.020582409361189602,-0.28953855302264941,-0.0033573422476250725,0.95716046437709867,13.218570247445649,-19.949579446522961,5.49953432490988,,0.09297991921663246,0.4444444444444444,False,1
-0.94943064344986783,0.13666709136807298,-0.28267217658510363,-0.14658413071110774,-0.98909727006952197,0.014130922287220266,-0.27765904613759324,0.05485158592063976,0.95911248434161867,-24.103045360256182,12.159486631786805,-9.4921835218660213,,0.3076811301695854,0.1666666666666667,False,1
-0.72217858777097421,0.65255694393672425,-0.22940689240971837,-0.66654935683252381,-0.74515618762936675,-0.021312225219740008,-0.18485140592181074,0.13751978387719704,0.97309725452859996,-19.558653633855368,8.2481798918544396,-7.8971058655842139,,0.2624668300915282,0.1764705882352941,False,2
0.92239123620158747,0.29625022565929382,-0.24785118756085334,-0.22406674392652987,0.93306576654626316,0.28139362033563958,0.31462438183438801,-0.20401980074554665,0.92703150931296685,7.7552803199884242,-17.398613687538965,3.531591830114722,,0.5788419106154283,0.3793103448275862,False,4
-0.43973230908716893,-0.71884583339056929,-0.53842006292660027,0.8670146961460774,-0.49618832142178093,-0.045636239452441302,-0.23435232666135772,-0.48688583620973502,0.8414399381338844,7.2439345392312218,9.9185868781873339,-0.00075617633208492597,,0.4049832842191829,0.4285714285714285,False,3
0.93483518431758927,0.20529696790770083,-0.28971767831770795,-0.17638644280086246,0.97661906089431982,0.12289439651161821,0.30817365389980445,-0.063783735119552432,0.94918946168625473,9.8298928303352682,4.4514488902637011,1.4152812846859135,0.1726652863645905,0.09430799084053756,0.6842105263157895,True,4
0.73064115293063081,-0.56061660948926928,-0.38970825345244697,0.66679258983661605,0.70862475464027352,0.23073491120762929,0.14680309187200094,-0.42843899714634992,0.89156540867232659,-26.564996895603517,8.6500657021498366,-9.841941822815528,,0.2051863471155708,0.2631578947368421,False,3
0.66516638432068698,0.69596929261688079,-0.2705188069323512,-0.68797341395701117,0.71204959974138937,0.14027811374716381,0.29025206779294271,0.092801461424300236,0.95243982796785376,-15.009974900703138,-14.552605338214706,-3.659565864768787,,0.1274420555371403,0.2352941176470588,False,2
0.29726489355770558,0.95444939598060341,-0.025689172240202063,-0.93571549612154359,0.29657106529617777,0.19100291502253022,0.18992128205164216,-0.032740704655691566,0.98125325624046167,-16.649953511705682,7.6435661986715271,-6.9770899794018106,,0.6121531448706758,0.5223880597014925,False,2
-0.94034722836086204,-0.15527923962839921,-0.30271347484786759,0.15617462374748989,-0.98749750695175553,0.021404687836946212,-0.30225250538477644,-0.027148324156259146,0.95284122050010611,-8.6355887874274249,-12.237197392192314,-2.087420881259427,,0.1218488086704338,0.1764705882352941,False,3
