axis_00,axis_01,axis_02,axis_10,axis_11,axis_12,axis_20,axis_21,axis_22,location_x,location_y,location_z,dbh,dbh_approximation,score,reconstructed,number_clusters
-0.65662298536519614,-0.60684542478016956,-0.44786703999454203,0.70317795546132456,-0.70730105564719792,-0.072567069898065634,-0.27273983582038153,-0.36257943557755001,0.89115045578899643,3.1013617210581055,27.421165373736326,-3.859833881816598,,0.3124202621282204,0.2307692307692308,False,5
0.91705344896149399,0.25315894554227664,-0.30809660828992008,-0.22969722560589256,0.96693243338321655,0.11081901380434578,0.32596342785163124,-0.03085802267700663,0.9448786303751826,7.7700559695782792,12.684879124815893,-0.43869322600744443,,0.1003464449673613,0.1,False,5
0.73181085035772897,0.6298284778647536,-0.26032473522365385,-0.60907461387431083,0.77580577095054726,0.16478325307410968,0.30574661736895287,0.037967015031402152,0.95135561791427314,4.3010314879368066,27.924909096673762,-3.4213326418690637,0.696742978152266,0.5114180149003196,0.7777777777777778,True,6
0.066621835314245592,0.9578846001098118,-0.27931814107183961,-0.99267491487008486,0.091908176044801726,0.078418113747958096,0.10078712441096606,0.27204775325038855,0.95699110523786191,10.180228364172789,10.384424436462076,0.65923303637178265,0.5208557653585557,0.4699502106470722,0.8596491228070176,True,5
0.14393253500503828,0.97929524474634355,-0.14235255173063122,-0.98077083457814296,0.16032592747346983,0.11128417237264249,0.13180286570448982,0.12359781792964747,0.98354033165656896,7.7248071065420785,-8.7405992909002919,1.4126978674420387,,0.6377457720425692,0.2272727272727273,False,1
-0.26235792323283613,-0.86674400482808578,-0.42417349069870519,0.94496376179267116,-0.319812032184215,0.069019946166642906,-0.19547841061252014,-0.38272064768545433,0.9029468959023168,-3.7340463836684599,15.292217330037744,-4.4663725066023634,,0.1337031335100144,0.1666666666666667,False,3
-0.074046714743708011,0.97362901152086767,-0.21578607916304948,-0.99645266068974947,-0.063557539861109708,0.055159170870511871,0.039989736683089069,0.2191049681127778,0.97488144607860683,-21.357037638382188,12.146248663341911,-9.7442180349816443,0.6021067621069028,0.2973108739871816,0.7769230769230769,True,5
0.58288863298436344,-0.69893087114402663,-0.41441100238708956,0.8034337091894036,0.57194677397469773,0.16544232432510542,0.12138828805027801,-0.42938621904037455,0.8949258954921544,-5.914793587547158,7.064773547162333,-4.4114623484986977,0.2217512492395944,0.1979088145095668,0.5205992509363296,True,2
-0.88949012877025069,-0.26759427382556972,-0.37040601430869091,0.31948956894045655,-0.9437304320295008,-0.085435864832366412,-0.32670127970138951,-0.19433521625577538,0.9249324827057902,26.199471370115056,-9.3369198038891277,7.8701904887296257,,0.1289581550414393,0.4375,False,2
-0.92732139625421084,0.20215138948740377,-0.31497594158514908,-0.23451525011321703,-0.96972650204922051,0.068066942694061716,-0.29168069101926242,0.13698659405830016,0.94665571753136868,-8.5422632843249353,26.640188780272759,-7.5387542926113378,,0.09094561544190623,0.4,False,1
-0.7918665204008678,-0.51470121628756993,-0.32867928413625097,0.53229030107115305,-0.84553580936216799,0.041668098970853072,-0.29935672575341188,-0.14195722256496773,0.94352196461335058,-15.056340269917136,12.128875331763121,-7.8391229074165523,0.2256933156917241,0.2002883945509277,0.8156028368794326,True,5
0.20477518061490671,-0.86351999507907484,-0.46086911754072607,0.97866248039989201,0.1724811168934883,0.11166921586859077,-0.016937380602188939,-0.47390239756073199,0.88041447212351476,24.602555147735156,-6.8607198792650985,7.1358336556621706,,0.1186022108020863,0.2592592592592592,False,5
0.88870701744643088,-0.32801768113748547,-0.32031896291455425,0.39340826588694361,0.90436542632938055,0.16538776252161183,0.23543528510674969,-0.27299739288363939,0.93276076783140849,25.702730970363792,-7.6715488697107821,7.5361392083862295,,0.2680208960540727,0.1886792452830189,True,5
-0.9284132370041589,-0.19485004627121877,-0.31635789989118851,0.19674446222475078,-0.98010261993866421,0.026276814366662932,-0.31518324501685202,-0.037845922600332482,0.94827591354161089,8.7534161443684351,-7.9127067451438498,1.6826043200455336,0.1932585380096647,0.1235241411578627,0.3846153846153846,True,5
-0.025660904974268348,-0.88089750622892637,-0.47261094091817241,0.99552383774497444,-0.065535510762376639,0.068098350278344752,-0.090960466343457641,-0.4687479923677253,0.87863616657511179,-7.9260602486290965,33.216133490823673,-8.1860333667156961,,0.2178907088363129,0.1578947368421053,False,4
-0.017155000665070815,0.99419751931300993,-0.10619321326732523,-0.99977979569943642,-0.015772917547460255,0.013841068717213113,0.012085779386328883,0.10640727260812219,0.99424917715466399,-0.97310805194035355,-13.530995364487813,-1.3579252287549448,,0.6781999573915765,0.3333333333333333,False,3
-0.55599694351040063,0.79742512446803981,-0.23447935873808504,-0.82326898325043507,-0.56717436950733513,0.023268343124321009,-0.11443592104268094,0.20597671091919115,0.97184258732267192,8.9321223334345206,-6.8792463029770134,1.7260771379017188,0.763815980497564,0.5004276572970926,0.9595375722543352,True,5
0.84567883289654133,-0.33634926648308233,-0.41436274268693185,0.4584997462740556,0.85524160153704443,0.24153630300014595,0.27313969732971916,-0.39424735121068899,0.87747577277437427,5.4894476152933924,13.912011684332596,-1.3956429232669905,,0.6292946655821949,0.253968253968254,False,5
0.88081642150423356,-0.32672419117586188,-0.3426568757648904,0.39574769546545852,0.90534881632942343,0.15403662650386496,0.25989650467494813,-0.27128365905706781,0.92674645032303948,7.3783002858013349,-6.7429417905670048,1.1157902811323381,,0.1192604918244913,0.3035714285714285,True,5
0.1761257086735396,0.96749173718287762,-0.18149235032667471,-0.97415794812814205,0.19779672962870307,0.10905386672171272,0.14140730830834305,0.15759502603523609,0.97732685470416802,4.9164635872086251,26.956217500290908,-3.127245865954106,0.2792512102496998,0.2032677931372867,0.5789473684210527,True,5
-0.72545321686577369,-0.55774222579937027,-0.40328803565127558,0.62290878436246555,-0.78126956914248324,-0.040031321437007425,-0.29274951153362416,-0.28025251094732778,0.91419705403405316,7.51850250101851,-18.469340802821485,1.957230153498039,,0.3888371283771045,0.6986301369863014,False,5
-0.6150653594987211,-0.59659156925053891,-0.51553186423720465,0.74090717760949065,-0.66097082166105947,-0.11905514301970312,-0.26972422529585099,-0.45518795284133184,0.84855923180215864,-12.297312602771267,19.716411760185689,-7.8653561377353647,,0.4433717304149771,0.3333333333333333,False,1
0.44656154960213695,0.84019116508313962,-0.30767123449093281,-0.86645928202615996,0.49185926846768296,0.085573200320819859,0.22322879520270181,0.22837089599743654,0.94763687077576197,-8.2011412473061593,-1.9573827578870258,-4.3771198747973488,0.2894921998307897,0.2412051098481042,0.8988326848249028,True,4
0.58874193405613451,-0.7192928008347359,-0.36878286531665844,0.79721771155453125,0.59206153503235914,0.11792819475801467,0.13351724782813584,-0.36342950540985125,0.92200441383431164,-1.8132590970729647,18.692677875397592,-4.3011244136489717,0.1668230797418533,0.133122034476312,0.3478260869565217,True,5
-0.5911212443894065,-0.71037111517511831,-0.38203213628748156,0.76234031399810043,-0.64676555340368402,0.023055684411930594,-0.26346331829079367,-0.27760979387493412,0.92386139775397014,-5.9285678646714493,3.4720252154780371,-4.095137477173429,0.2477962934419895,0.2315518969074682,0.7241379310344828,True,5
0.77124139083443921,-0.51885293564413681,-0.36875242133065561,0.60010946690720779,0.78584167911655955,0.14940375862612504,0.21226244319734636,-0.33651818158418734,0.91744218819016909,-4.8580962919409059,22.712709758699138,-5.8592744186216681,,0.1349683211254936,0.1666666666666667,False,5
0.88481289178387101,-0.25998156749965717,-0.38667264073565499,0.37100740923740166,0.89514859677236236,0.24710825965034316,0.28188587907877694,-0.36210298846721983,0.88849410629395487,25.855034526448033,-0.30652660027294337,7.0043070258290054,,0.4762310890820884,0.3157894736842105,False,3
0.64629736195533871,0.74923157693497155,-0.14474724195336652,-0.71077871308261686,0.66008597532933777,0.24306403724561293,0.27765687630273078,-0.054208387700181854,0.95914968057376626,24.925233209300465,-9.6988560787077525,7.4389806911524339,,0.3463209654602388,0.125,False,1
-0.044626067649434033,0.97530674874200141,-0.21629900587948658,-0.9957717223696283,-0.026024300616297021,0.088098880279240122,0.080294402140942675,0.21931594022263556,0.97234424323337709,-38.111435527090485,16.070597923365678,-15.434284465415624,0.4919034297967215,0.3927739854516533,0.7321428571428571,True,4
0.47330566717072314,0.87586119595263412,-0.094068649658099801,-0.84997221407388046,0.48212483753129592,0.21237437778076523,0.23136330894595739,-0.020562258140657097,0.97265009783258372,-12.26210117005451,-1.9025304543172019,-5.7712035101154306,,0.6065015643173972,0.2264705882352941,False,1
-0.79175529571558223,0.53703368118146,-0.29106421453524817,-0.57079811901683575,-0.82014110213099933,0.03947252110256011,-0.2175156523866113,0.19739148378802951,0.9558888759132973,-40.007128081194033,16.086706397036011,-16.08695230691939,,0.08983553152373833,0.2,False,1
-0.020806585664403788,0.98698128882921377,-0.15948360885688176,-0.99685535723730545,-0.0082802349511787391,0.078808847577143584,0.076462296200637381,0.16062183291874832,0.98404986868021493,-20.850977926431373,22.432302866823747,-10.867211281263012,,0.3622299962916748,0.36,False,2
0.86717985687913979,-0.30917309428995354,-0.39039863420643711,0.43666792767727514,0.84896398435521314,0.29762606439247957,0.23941640871316627,-0.42856989049033534,0.87121044082586219,11.068917860841347,11.160546754248218,0.84180306257826976,,0.3769395260131639,0.6,False,2
-0.0005130386457203877,0.98034077237712192,-0.19731119280561743,-0.99641553015392792,0.016189827985383681,0.083029999023665868,0.084592127644446166,0.19664653438296653,0.97681846443223708,-21.953410482009623,9.6777367851271023,-9.7098734379516802,,0.2168490771335443,0.3166666666666667,False,1
0.65516992382577632,-0.65936568063696943,-0.36876723025815855,0.73820896912210821,0.66252269260253782,0.12692990071042498,0.16062343795910292,-0.35538793027455268,0.92081460142276694,-27.893012739762408,20.587823652986668,-12.826699852141552,0.4875360596276598,0.4149321698368064,0.8734177215189873,True,5
0.41832133300517532,0.86962869377838148,-0.26220830900274789,-0.88592929103366136,0.45432110147229887,0.09338965705897212,0.20034109324192217,0.1932311354681342,0.96048174092188154,-2.6360723076172414,16.380522028965128,-4.2618592359022927,0.2596843275578527,0.3439638407178499,0.1919191919191919,True,5
-0.91478488322893481,-0.20746098477184841,-0.3465956681975676,0.22908670610927365,-0.97315420907270256,-0.022139702980958298,-0.33269790876984323,-0.099653525585282718,0.93775331315788768,-0.95512276121606843,-11.170849332789016,-1.3935338112663069,0.293401900629254,0.2789487454569958,0.4693877551020408,True,5
-0.61976016571158976,-0.66074575833001714,-0.42345292518299277,0.73263416882001431,-0.68054363593422595,-0.010369873038283794,-0.28132634372655096,-0.31666291610846065,0.90585875603602584,-23.244929336740338,9.7040083710153322,-10.120573954516713,,0.2234714022356653,0.36,False,3
-0.9480883661161339,0.01655773309925293,-0.31757564690928952,-0.033256318995743016,-0.99833016692196641,0.047232351840785163,-0.31626328791387281,0.055341840303447215,0.94705586605528969,-16.218563369891516,7.2836654919356443,-7.7146052348472001,0.2602810245126504,0.2217620505942772,0.8591065292096219,True,5
0.46395472650733088,-0.69461396558447841,-0.54977945629726199,0.88215994254625096,0.41892978352026278,0.21515499586684195,0.080869323716120614,-0.58481559084438839,0.80712506911074589,22.682798023008701,-20.297419640770691,7.5105994342973119,,0.4181352168724968,0.1764705882352941,False,1
0.57124503838754848,-0.7074409391216071,-0.41618075853209058,0.81152100855326981,0.56275508822677167,0.15729069696444689,0.12293396111039095,-0.42759095912988698,0.89557423638472966,-13.654561887847986,-8.6397953177444791,-5.7974010897582779,,0.1764817414176139,0.3636363636363636,False,1
-0.29260842815557031,0.9557951003034113,-0.028914252684769326,-0.95599075791850829,-0.29308040197531182,-0.013621628110682377,-0.021493686206013371,0.023655955148373486,0.99948907809905363,-22.507820814287335,17.593249902677133,-10.70993009321265,,0.4799670991185114,0.1604938271604938,False,4
-0.060712990661045144,-0.92808398887611987,-0.3673881358410771,0.9924850813488999,-0.095306554992057785,0.076746490964816463,-0.10624168703883927,-0.35996773489763739,0.92689585918149664,8.2242599164333132,-10.41967358271944,1.772241642842836,0.1446596900153463,0.1356717031721862,0.5573770491803278,True,5
0.30416616872347479,-0.89563031918056579,-0.32454471674732505,0.95231624027066375,0.29446763299808881,0.079891123619905816,0.024015001995229726,-0.3333693814390003,0.94249038997654933,-5.0999983533388811,4.8083974453758538,-3.933957594116928,0.2637117751039288,0.2412473400918227,0.9073741007194245,True,5
-0.91028182838996063,0.30231610194232189,-0.28282851237000223,-0.3048062419239867,-0.95172304919136919,-0.036282124001457153,-0.28014308448934611,0.05318093779053458,0.95848403224493695,-3.9469597195821229,4.4074721637797767,-3.5049562348682102,0.2421680377179173,0.2401335594319851,0.5679012345679012,True,5
0.9421147162528577,-0.035029497039671939,-0.33345583779107191,0.13136167200647431,0.95358438644522325,0.27096296620673344,0.30848658406397761,-0.29908151441544423,0.90298741695967377,-0.50056511389418634,-7.3164172344672815,-1.4827941166132368,0.603207623184809,0.2521866751881781,0.2571428571428571,True,5
0.33123991376635803,-0.87142003066514373,-0.36181106904517962,0.94290426881361566,0.31985742800220085,0.092858847746876944,0.034808898016404397,-0.37191175822683664,0.92761521371283384,7.1756963698434388,15.242588263443135,-0.87106937391642469,0.4322391392152574,0.4483099870135847,0.8476190476190476,True,5
-0.93234192517933534,-0.16508672009226386,-0.32169070456273341,0.15331349643690872,-0.98624426519267583,0.061783664385072365,-0.32746527504940026,0.0082839739096471354,0.94482689917946538,0.17482164695720959,16.285004718326881,-3.3364321340754146,0.2666118278822522,0.2677115241316271,0.9090909090909091,True,5
-0.16294734061843144,-0.91321315363840128,-0.37348346711358738,0.97695471278136836,-0.20223767803367868,0.068259876632029287,-0.13786824637912354,-0.3537536679744131,0.92512198602940654,-12.208726230363817,18.798223936530722,-7.6667780817081308,,0.08302668822121165,0.1666666666666667,False,1
-0.90071201305906845,0.30403353216562828,-0.31029257298551827,-0.34049124762368338,-0.93766669093123001,0.069619587830906354,-0.26978432093572235,0.16835910440772017,0.94808840945361361,0.022104394880838374,4.1862221644923467,-2.14448816607152,,0.0935152931267808,0.3134328358208955,False,3
0.8576105686284996,0.48725731632094815,-0.16457344946378452,-0.40078389332948261,0.83371169474023077,0.37986455599467772,0.32229859358111296,-0.25981747005364986,0.91028484488678452,-20.519721907176852,-7.531435153644094,-8.1283330528176965,,0.3181514762579391,0.28,False,1
0.95393759064365102,0.19292730011831577,-0.22974361803115498,-0.12421289852445622,0.9510703351923594,0.28290700478646341,0.27308282442720755,-0.2413385058090653,0.93122580323824178,25.546571801471774,0.50700376874596365,6.8167243654076968,,0.2638694206259897,0.2857142857142857,False,4
-0.04729001264251155,-0.88797437655297318,-0.45745509210154101,0.99585477095780028,-0.077534846902359442,0.047556520861121436,-0.077697682493480594,-0.45330988749550344,0.88796014326880468,-12.145717909103727,-48.763895813225346,-3.3401490792991289,,0.5630188500716693,0.4705882352941176,False,2
0.53033100909673092,-0.76841423522555041,-0.35817395758649928,0.84181394031703383,0.52736615284183719,0.11504012658507119,0.10049035117040948,-0.36252517697331366,0.92654043915099316,4.8272768292183494,10.478918775673295,-1.0932498226940408,0.6927089033267505,0.4038201718564549,0.5903614457831325,True,5
-0.73245709804732051,0.65661791542850145,-0.17988750000605269,-0.65537357302620092,-0.75158376834276297,-0.074882033509802881,-0.18436940987856176,0.063045636661245158,0.98083289524720252,-0.74887776242704229,18.885132821805442,-3.9756039906192933,,0.2482452791597361,0.2142857142857143,False,4
-0.57379212281706971,0.78519942997773018,-0.23286145012802933,-0.8105928366515921,-0.58509983302838586,0.024442556316403435,-0.11705491430181912,0.20278076968194747,0.972202708536132,6.1092171659572028,-14.499062026216725,1.2376931290821556,,0.285532120579195,0.3611111111111111,False,5
-0.26821436129868714,0.9426928149679682,-0.19847244897191102,-0.96199304398309404,-0.2730565472576878,0.0030830711723028592,-0.051287812599882791,0.19175603929858542,0.98010161803317164,12.198167585961478,13.448510515483548,1.0326904845712059,,0.1540164223695239,0.1,False,3
0.85561633632651302,0.48993463647575936,-0.16698723601689386,-0.45826969329800343,0.86700789147057822,0.19566860844881784,0.24064407995159606,-0.090892068460941222,0.96634831126004572,-28.179250760195959,21.728419502135537,-12.994512421646897,,0.3566485048162426,0.2941176470588235,False,2
-0.23780755593522807,-0.85664541335771827,-0.45782769915471261,0.95744274129008389,-0.28610826914405713,0.038019146207163741,-0.16355721778950422,-0.42930256707895009,0.8882276410967973,4.9538758497779929,-9.8936497638702594,0.56251082567673028,0.6400932610124733,0.3938422592409115,0.504,True,5
0.15309023954429501,0.95342678123838664,-0.25988603535719146,-0.97978361596556751,0.18071623005353041,0.085823715141421619,0.12879225303451605,0.2414933063516429,0.96181783022859579,1.654315944976664,21.719349475423996,-3.4938344802919095,0.5366105487570504,0.2318636033296551,0.4545454545454545,True,5
-0.34470466226073948,0.93612345463784008,-0.069653237488475739,-0.93870420603357052,-0.34403806123575703,0.021730761515090305,-0.0036206892429115622,0.072874481803015312,0.99733454793832776,-12.308737452159493,-8.2007308905175282,-5.4385225722039436,,0.3771057979234151,0.3235294117647059,False,4
0.5306990848040406,-0.75655927808831946,-0.38206876361021014,0.83872944650109782,0.53368660924278077,0.10821977031441882,0.12203031164475411,-0.37788445569171591,0.91777553965360159,-17.856190471722797,10.580060160280375,-8.5812562225560409,,0.1351380644974693,0.15,False,5
0.79352988137129976,-0.51617677353550084,-0.32229158511095379,0.56789135044206795,0.81844795034588924,0.087420630675470221,0.21865438816528504,-0.25239748619408436,0.94259522993646216,-10.163073499648705,18.979150338644256,-7.0172760388080597,0.6814205277791181,0.6858273378890775,0.9191176470588235,True,5
-0.90553083647791921,-0.25138349249174413,-0.34178976563123192,0.27089567181824398,-0.96255932238130959,-0.0097511992583124429,-0.32654163467732794,-0.10141937980231527,0.93972584843813423,7.2089175585029697,-11.84201702259522,1.4458394821461451,0.2610331424494206,0.1142198907398033,0.3666666666666666,True,3
0.33475511087708304,-0.81816105825426622,-0.46749491815198596,0.94228397170770195,0.29397325261213958,0.16025181250581452,0.0063192091618638202,-0.49415808149305768,0.86934910024147949,16.041671071404213,18.111794727184268,1.7126484817585383,,0.2899466303297838,0.4666666666666667,False,5
-0.8681329287846139,-0.3660097362102443,-0.33523438212563678,0.37544082400381446,-0.92603414570319098,0.038793667822203712,-0.32463734478828354,-0.092182612194871477,0.94133573202006127,-10.437666030117823,-13.663737593674927,-4.4806928486541135,0.2604289635842376,0.3364983460751759,0.9349112426035503,True,5
-0.49478685615091206,0.81171768854223281,-0.3103229947779429,-0.86404735535315902,-0.49764793272630786,0.075951976672390176,-0.09278003388395395,0.30571380269933329,0.94759217818194608,0.18301246874531807,-4.6730661509190554,-1.4655323320074212,0.33092848589365,0.2675362552317028,0.8866995073891626,True,5
0.06390165132021132,0.96643692029804285,-0.24882977724417693,-0.99163384008374533,0.089513451511351691,0.093003597776064983,0.11215572281126515,0.24080494405921454,0.96407161184080281,1.6283252424915498,19.616581260929323,-3.3136677765622555,0.1978280638429006,0.1517332500449795,0.5483870967741935,True,5
-0.026994382424476313,0.96506185736072536,-0.26062792403153628,-0.9967634622232604,-0.0062360677046373447,0.080148061962108552,0.075722544161035285,0.26194793934492089,0.9621067369989309,-21.168606641187917,21.679762047878615,-10.871524087802078,,0.8355751112137833,0.5512820512820513,False,1
0.070439276800347742,-0.9258827163544584,-0.37118661592241486,0.99561861483901115,0.04231585323201615,0.083384305185663268,-0.061497008625569401,-0.37543383454523233,0.92480676565905917,-4.1237584683387221,9.9926999359967184,-4.0092303981094162,0.3992379631682607,0.3704882290008009,0.9074074074074074,True,4
-0.87223854851467741,0.41305138202761921,-0.26189400583076072,-0.42949867469773678,-0.90304628249240193,0.0061887082287344908,-0.23394615388566747,0.11788115829820529,0.96507679984567929,9.5846876033704458,-12.267934682488693,2.3334012173780452,,0.08156879468837949,0.4,False,5
0.055612726904233106,-0.93642046046593197,-0.34644472261393655,0.99563259570647822,0.025951075578879976,0.089678737965472863,-0.074986391919173404,-0.34991893760851456,0.93377394380539069,-3.5980439228405561,-6.4269941008284519,-2.6068888504532031,0.4014298985053047,0.3271730355602669,0.9093959731543624,True,5
0.38303506976349544,-0.82024527169193828,-0.42483153084286551,0.92251324873550256,0.36330763481894113,0.13029531223238741,0.047470424884790946,-0.44182038969391779,0.89584669559694852,-18.004773950008648,24.271901269413931,-10.204578948520469,,0.2442298248110259,0.3529411764705883,False,2
-0.19040361171061848,-0.86493407183239557,-0.46436571366863871,0.97089689690899894,-0.23590828514421097,0.041309763649698156,-0.14527794127130361,-0.44298570223399963,0.8846795958968543,-7.2567515074751316,4.0804073800949476,-4.5726020109929424,0.232609447266798,0.182007955390852,0.3929471032745592,True,5
0.046172203367111794,0.99432501059416556,-0.09584310587172698,-0.9958609912432197,0.053337228937456127,0.07359365549655747,0.078288017961235037,0.092048429189130671,0.99267218804976887,1.7498519245815054,-17.304242866931869,-0.13319938287587343,,0.3121599240485744,0.1111111111111111,False,3
-0.30720808254187842,-0.78847267437042823,-0.53285461036955151,0.91978134837556291,-0.38968566643078378,0.0463395355914024,-0.24418326150941111,-0.47587385213892552,0.84493704596797403,27.077300988320875,-1.2609954926326497,7.4714534169443994,0.9610598779390346,0.4915035542366827,0.2666666666666667,True,3
-0.73401282876452911,0.64216937554820241,-0.22100601873506659,-0.65154881345688653,-0.75767427956734446,-0.037600927714984175,-0.19159674029590318,0.11639664595741708,0.974547335904135,15.261958642591125,11.247678513783084,2.1924531071500906,0.5227569885985092,0.2666728067848207,0.2777777777777778,True,4
-0.33552074335282822,-0.82705843717580407,-0.45099908234527852,0.92368473213753588,-0.38286232947786419,0.014931586747333365,-0.18501985405889693,-0.41157110948547027,0.89239950439302951,2.9613084653549526,31.662401361405564,-4.4433790328099256,,0.1753124461373937,0.3076923076923077,False,2
0.163761675667496,-0.92580285695883358,-0.34069221245786602,0.98607791904836883,0.14351944445283374,0.083979203551765247,-0.028852229511992039,-0.34970164299129608,0.93641673935346537,8.6183400496726499,-2.347400172481974,1.2663715766346486,,0.1909968638430727,0.7304964539007093,False,1
-0.92429359942099942,-0.1450569845736184,-0.35304364219708362,0.19633176133418789,-0.97390472404704997,-0.11385705059527644,-0.32731511049871953,-0.17455102321455701,0.92865319615772723,11.191049821314566,7.848870694268097,1.2233560824306138,,0.3982980284066562,0.391304347826087,False,1
0.035354213136903304,-0.87183606523032253,-0.48852016844464008,0.99528454237994957,-0.013465096968361562,0.096059204989251273,-0.090325850746089259,-0.48961266990075109,0.86724891130496873,6.4749170369158824,6.6875178241312483,-0.14270043650706749,,0.6617373216069785,0.5777777777777777,False,3
-0.9473715449273914,0.16194446820204889,-0.27615420525612916,-0.13424483285667252,-0.98407063898522962,-0.11654742527609473,-0.29062945603151236,-0.073341439213847198,0.95402072963896845,-11.461783854689966,18.891334899984532,-7.4227514890053534,,0.4700007526903098,0.6142857142857143,False,3
0.75939735706950928,0.63162864542086306,-0.15607981406848243,-0.58808352922236495,0.76898120779854717,0.25065048316342198,0.27834046908995119,-0.098555346564734442,0.9554126997953778,21.189493159904028,10.32793016659461,4.3098368775347877,,0.4065866814844998,0.3529411764705883,False,4
-0.72418995187994295,-0.46971127523438894,-0.50489625816974548,0.62268154316272784,-0.76003066452374501,-0.18606742000704612,-0.29633867348122178,-0.44913773711555194,0.84288711207261391,-16.892726124815393,16.072633778355261,-8.8035588034249379,,0.2334713475947343,0.2307692307692308,False,1
-0.93176717330291481,0.22454823692547504,-0.28528586373803638,-0.20707120249847458,-0.97413743673360942,-0.09043103145441525,-0.29821376871454564,-0.025186179697096196,0.9541667592728923,25.496783713746744,2.9920148791359376,6.5763608220197955,,0.1167598574404444,0.2666666666666667,True,4
0.39361030793567015,0.89420367725744232,-0.21323862001536181,-0.89533434737057549,0.42549843363605777,0.13163392188857742,0.20844023581183574,0.13910739215631307,0.96809183528329434,-22.88085476728963,3.021468643692875,-9.5742558340169861,,0.7735638985071006,0.7083333333333334,False,1
0.23655788382086237,0.93719555065132154,-0.25632960703274438,-0.95792168799230626,0.26910040873359886,0.099854943259608725,0.16256201055647984,0.22192221578466587,0.96141776708414239,5.8386199642063961,4.2619426239100449,-0.19362113757101515,0.5539286647673891,0.4778539843300561,0.6997929606625258,True,2
0.39579746203018418,0.89371937097261922,-0.21121092537738834,-0.87992142710932275,0.43489948514180921,0.19131314627407062,0.26283578744980618,0.11012776113086559,0.95853493679883406,39.179456232885457,1.9743973199098686,11.208365384188669,,0.3271420762033868,0.3,False,4
-0.53188865066549007,-0.71485501408440055,-0.4539567954460374,0.80979779439548927,-0.58614111652372736,-0.025809372571192368,-0.24763278354338453,-0.38134092405445985,0.89064982128547343,19.502243159806419,-3.805747268329966,5.1402264181376589,,0.6854673892489538,0.2241379310344828,False,1
-0.79699889167846993,-0.43572815755997363,-0.41825080917158114,0.50937712059918261,-0.85701796449126078,-0.077814892850550696,-0.32454231723055399,-0.27506577622206585,0.90499232210995895,-17.613273869464489,22.311699764039489,-9.8621913275764292,,0.4009192072074285,0.4166666666666667,False,4
-0.39370450617903563,0.87571568850853043,-0.27949739661462608,-0.91763522179764379,-0.39235294907472795,0.063283197365131105,-0.054243539068830324,0.28139153550239571,0.95805868411955519,-13.467218314746283,-5.0041694396149872,-5.9639949959771572,,0.3920464725916034,0.3461538461538461,False,1
-0.7337185815550602,-0.52427148199680684,-0.43219955604524157,0.59641696019808565,-0.80167533642753042,-0.040043283480278635,-0.32549017292217425,-0.28715164657142223,0.90088849432236373,23.125986845812985,6.5447671136899288,5.4187307607271897,,0.248979104300496,0.2857142857142857,False,4
-0.72956422681230115,-0.54698604042726451,-0.41053904873163138,0.62073647954379629,-0.78158354878067493,-0.061752564634846144,-0.28709277580486764,-0.29988902589642996,0.90974958654980831,-29.087383641201694,14.58809837706394,-12.50600587376351,,0.6788445117513456,0.1842105263157895,False,2
0.26157471530276261,-0.83834352744843066,-0.47828735954403073,0.96510336448322609,0.23355575352694571,0.1184365055952675,0.012416286781316913,-0.49257673511827876,0.87018043866934924,24.676249403844785,-3.8977372790897955,6.9394416857039527,0.371943689124887,0.1454037559404701,0.2258064516129032,True,4
-0.12508805888521626,0.98382647897394027,-0.12821246738936143,-0.98941892489305561,-0.1141240694883589,0.089587319565254217,0.073506248630979848,0.13806214554741517,0.98769209543209635,-7.0248611547725828,-5.2130476997088344,-3.8346995635103269,0.3793563023147295,0.3242192844066227,0.7030716723549488,True,3
0.23213144993019527,0.94232747194671085,-0.24110977907962755,-0.96014192080286742,0.26166578261186069,0.098277719382897949,0.15569997389301807,0.20868625691368353,0.96550896645503537,-19.900468920673344,2.6406056320732869,-8.534173412330988,,0.1796910116598037,0.3157894736842105,False,2
0.94730128623725474,0.10700363598296478,-0.30194452301651314,-0.0036481989848840476,0.94610584005059872,0.3238370424554905,0.32032321760592247,-0.30566969314699438,0.89663764975268179,24.706506069150549,11.709288379850575,5.3749735213081236,,0.4426454660228058,0.1363636363636364,False,2
0.69924137744601422,-0.54204314141738408,-0.466101629379017,0.69287155856996996,0.67440917947765844,0.25514948943921456,0.17604118663602891,-0.50135964284996581,0.84714107982621956,-18.669113559810562,20.986830915839246,-9.9587944926613758,,0.3604816748593963,0.4705882352941176,False,1
0.78275089353125771,-0.42994713630935411,-0.44994055013457551,0.58463561515057938,0.75582577502314918,0.29483655693987509,0.21331253168419848,-0.49383484869948419,0.84298570927177419,-2.4843210726706193,-5.1184841275388457,-2.337740926027029,,0.6216162514756138,0.2758620689655172,False,1
-0.79927008990931647,-0.37465672035451575,-0.46989324880184502,0.46449541573738501,-0.88124713852361758,-0.08744992626006709,-0.38132837835035094,-0.28815937037885031,0.87838080871997515,-10.591212367329677,29.259206644629906,-8.5171863566868939,,0.3465232913082994,0.25,False,3
-0.41863245958832973,-0.80884505956662489,-0.41293647622084667,0.89239325911232437,-0.45073027760016315,-0.021828603834532029,-0.168467014189457,-0.37763988993370934,0.91049820354624889,-10.09916580301932,9.5521677850333404,-5.9217127833951073,,0.2069843583055898,0.5208333333333334,False,2
0.88542972718453694,0.35693629493552281,-0.29767546015017593,-0.33150927522894996,0.93391957289733352,0.1337753033875804,0.32575419975050784,-0.019766454334664937,0.94524784507976656,-1.0059430846907826,27.405780399631048,-5.2844616689469168,,0.105101735896605,0.2941176470588235,False,1
-0.16835780472000991,-0.79840850340691449,-0.57809991461458543,0.97579247534615243,-0.2180401474103347,0.016956980129397198,-0.13958758772787888,-0.56125070672989941,0.81578977043568113,2.8659137735968718,3.0787855755136913,-1.0408864509526554,,0.4753610080436805,0.2879045996592845,False,1
0.34088023545025914,0.93718987237402152,-0.073998704035555779,-0.9201183997449669,0.34874246388594971,0.17821566803600317,0.19282840955143971,0.0073373702593592105,0.98120505882692022,-16.797619763631499,20.553069597815721,-9.322631179166379,,0.4946004866885734,0.2307692307692308,False,1
-0.91004273183397588,0.33962110810821233,-0.23765464262981401,-0.30582654820855643,-0.93712745008207876,-0.16811384450276723,-0.27980769940620681,-0.08030968328919634,0.95669117594080211,24.13789876521259,9.9454093931358436,5.4196163419101824,,0.2210795293707492,0.5,False,1
0.47313637221292154,-0.68240104818678704,-0.55719905125795977,0.87693714429607494,0.4253896175135955,0.22366250974511162,0.084399160203410081,-0.59445141327547679,0.79969012686899388,23.59776570776279,-16.956450694586781,7.6576506691165767,,0.2451453003086177,0.1764705882352941,False,1
0.92548650868140914,-0.19319497755965254,-0.32580734014816271,0.28067085756786625,0.92738184852714645,0.24735961015188018,0.25435917903785921,-0.32037260754954855,0.91250358923737296,10.597232884171898,-31.300019326213597,3.8353323134275152,,0.2929591475145781,0.1666666666666667,False,2
0.90749730071541224,0.33051533071654593,-0.25924556959680994,-0.2788704080099636,0.9355845991899655,0.21659352089780862,0.3141336415136059,-0.12426211779897066,0.94121144348627506,26.038586755508369,10.042007418333112,6.029448218405947,,0.492114907570066,0.5,False,3
-0.77846482979534959,0.61329961940038902,-0.13362666505991869,-0.59104433918985655,-0.78788937345985999,-0.17290727081489432,-0.21132699279392458,-0.055622945196811296,0.97583143528188798,27.857665757654857,8.984205510618942,6.6938979844672781,,0.2336082674421148,0.3461538461538461,False,1
-0.94680433066339453,0.081823091768340933,-0.31123390093386905,-0.075094298834300327,-0.99661141458656133,-0.033563888308122319,-0.31292555939013444,-0.00840654323993964,0.94974045102392501,2.5124681906431667,-14.290802150765439,-0.1086433574920848,0.674540914872279,0.6692334060555158,0.9976190476190476,True,2
-0.68001675811539797,-0.57001052218165071,-0.4611563870146711,0.67465014802477119,-0.73273575625226961,-0.089137474047491574,-0.28709647586199571,-0.37173420089038745,0.88283027668743108,28.409140435422323,-10.591933289063594,8.7342201764883676,,0.3298058390544146,0.25,False,2
0.67593840637185265,-0.60690515779279919,-0.41805908701519512,0.71800228200235305,0.67017046848761119,0.18800070799470436,0.16607225484979221,-0.42724427744745064,0.88875324672122158,-20.69678823501663,19.742634417059076,-10.512488074442283,,0.6062718424742518,0.2727272727272727,False,1
-0.79460858067161211,0.57553910212745507,-0.19326651403016079,-0.56630278889014329,-0.81738008176905208,-0.10578730180160989,-0.21885692773657706,0.025387868156699467,0.97542662529385882,15.149670502396585,-23.079283587381642,5.0157554208244113,,0.4027640620446791,0.1875,False,1
-0.31069425399099193,-0.8154893728424828,-0.48830949542063573,0.91340014795164282,-0.398300152506811,0.084006893972870547,-0.26300047577694424,-0.41992150611039913,0.86861768255491789,12.843520527184527,11.457272924303487,1.4662599847635438,,0.438236950078249,0.3888888888888889,False,2
-0.056004984646727603,0.99810797417502994,-0.025375452369114704,-0.99625132361076241,-0.054186434188316326,0.067432414711019434,0.065929825561148375,0.029056879360534915,0.99740110079310784,-4.6607020572237623,-8.5664307964365705,-2.8554363132020586,,0.3362039144323842,0.3085106382978723,False,1
0.81170019037990859,0.51108309367994098,-0.28273109537466989,-0.49208368089952298,0.85916142561608833,0.14033992919232557,0.31463701614653733,0.02521341087340806,0.94887714272319357,18.352868594346518,-25.559602886656002,6.3013312203993523,,0.1671922774074974,0.3333333333333333,False,1
0.91258198611311014,-0.14890110138375351,-0.38081830395682958,0.29661971205610305,0.88211913699958466,0.36589967827105585,0.28144424854952282,-0.44687167078011658,0.84917303584874926,18.628296827741053,-23.687531755145255,6.2849159245698267,,0.3240265891321421,0.2,False,1
-0.94811936051858181,0.017258739257922477,-0.31744576564991811,-0.010226804230229831,-0.99966431701357439,-0.023804742490110303,-0.31775004435101545,-0.01932328152801573,0.94797759472780618,-6.9879968681062614,22.803770920771004,-6.4782046774555369,,0.1805038699273125,0.5,False,1
-0.12770861731528751,-0.91168432760596374,-0.39054090164934091,0.98490809561603487,-0.16295285962144088,0.05833016999110531,-0.11681845853037842,-0.37719763034629167,0.91873575929520113,3.1328698619967175,-14.877710535072104,0.16348848003533326,0.7013217771524242,0.8999159975846105,0.7397260273972602,True,2
-0.002393813226402633,-0.92943966208011453,-0.36896637273692079,0.99642089941029366,-0.033393505429935848,0.077654781008531418,-0.084496513990928862,-0.36745991393280453,0.92619304185244078,-7.4842134955973325,9.687520600109961,-5.1752357443521957,,0.1106096085862767,0.375,False,2
-0.93143789106676445,0.26557890253395311,-0.24877962459566458,-0.21324404232336538,-0.95231447762582189,-0.21822949873435674,-0.29487358901517358,-0.15021645127321742,0.94365490740428615,3.202797499383724,13.207948677169114,-2.0425681700429772,,0.7730233221663447,0.3559322033898305,False,1
-0.92760439873458345,-0.081356452595965828,-0.36459732180756899,0.18047095822519998,-0.95214175266330914,-0.24669072960393068,-0.32707845035332095,-0.29463063394060324,0.8978933549471384,24.686607527324298,-12.017774892790639,7.5847180368158114,,0.297046040304976,0.6923076923076923,False,1
-0.85506187331583117,0.45472883364056704,-0.24918041788534034,-0.45498411675454509,-0.88846982677116515,-0.060090102498697021,-0.24871398493592928,0.061992376733813845,0.96659107120032151,9.7476747664364876,18.995042204564449,-0.54649551863294488,,0.7187234278349687,0.6739130434782609,False,2
0.57283799630172305,0.79324272987422684,-0.206452419445042,-0.77778287146663072,0.60552704593660878,0.168495701703059,0.25867051406402997,0.064054415468164982,0.96383950791243345,8.2108036100498136,13.707201714537439,-0.33606693753566785,,0.2092444886455336,0.3,False,1
-0.94660023920681757,0.11027417680124452,-0.30296467296436147,-0.085657810908626814,-0.99193574991743594,-0.093414171655455305,-0.31082266095627031,-0.062474586565585494,0.94841246273418489,9.1330576774549304,-29.800799629870525,3.2385610471489628,,0.4130220997459652,0.2173913043478261,False,1
0.42008193089555068,0.90602282493765185,-0.051515163079078052,-0.88136891367695891,0.42085508240724634,0.21463885392884552,0.21614811898086073,-0.044762040882739051,0.97533396862666932,12.276391958223789,15.19557190187159,0.70041929055153596,,0.1904867989952819,0.2,False,1
0.30916199193252031,0.94395950489436997,-0.11558250673822615,-0.93318116668434103,0.32454018217879343,0.15442338002066774,0.1832805851419303,0.060117578718136389,0.98122072126463977,16.703435441293138,30.814661946105062,0.25777192242177638,,0.1429024250812312,0.1111111111111111,False,1
0.47027277541162232,-0.66728552400576591,-0.57755826213378714,0.87858131791176464,0.41576147476097031,0.23502609200046221,0.083296965869570597,-0.61795827169553574,0.78178589774949891,-21.511367240211879,13.615746643536403,-10.075453005532754,,0.7867251971800323,0.3333333333333333,False,1
-0.73418405191350744,-0.49149369764934914,-0.46840978116050774,0.60976452554412519,-0.78073422988004182,-0.13653309372297262,-0.29859839467721888,-0.38586008793938331,0.87289804171598395,25.416800191035545,6.7127301520816802,6.126665445582713,,0.5015791234212912,0.2564102564102564,False,1
-0.056361112940600727,-0.88252088515411142,-0.46688361741969642,0.99303987092281387,-0.097989005713160354,0.065345003764234133,-0.10341779201713028,-0.45995113004117172,0.88190119529806255,28.619644653274296,10.425710709097014,6.8974923546730258,,0.2211876972129865,0.5454545454545454,False,1
-0.77221227989197794,0.58946892447107335,-0.23709614477453925,-0.60019831205492957,-0.79920432847260392,-0.032162517890662157,-0.20844706999726917,0.11746841462099505,0.97095365006573986,9.8946321970121307,17.562094169756467,-0.24296365400832554,,0.4389521187034555,0.1,False,1
0.73607794917446046,0.6466297209922276,-0.20014808684730212,-0.60726830936608966,0.76145435997326327,0.22674315451047333,0.29902249610819032,-0.045357045838798571,0.95316750113188697,-1.3028777474857063,-16.616241893772884,-1.2324170125081015,,0.5717798342550525,0.2830188679245283,False,1
-0.051741975213493559,0.99636724125974407,-0.067639400836008667,-0.99638523479358654,-0.046936187575911864,0.070805777879835496,0.067373821966220701,0.071058531087314553,0.99519417867739657,-20.208029532996147,3.7484177583277503,-8.7476411656224435,,0.5183644936387598,0.1944444444444444,False,1
-0.93283499151809224,-0.065957292432599582,-0.35421534999827764,0.15246844621294189,-0.96300327664127816,-0.222211750561427,-0.32645405727123855,-0.26129356048919972,0.90837955929117242,24.481405426193177,6.1489700660845044,5.9008031564667398,,0.6101764978240024,0.1666666666666667,False,1
0.83272407566697759,-0.42056604232299183,-0.36013166737924368,0.50026711086305886,0.8502268334290134,0.16385099787917562,0.23728344146464717,-0.31660469952615872,0.91839971289447009,-11.335636157481796,24.123095572913019,-8.0331925865391742,,0.8544254318988829,0.6266666666666667,False,1
-0.5691420854196827,0.79606352466475983,-0.20581581888294015,-0.81312428793251579,-0.582083004948308,-0.0028753651226136184,-0.12209086361548434,0.16571734987221098,0.97858652196571638,29.792746015767953,-5.056350535071247,8.7182733421639362,,0.2701146511261583,0.3333333333333333,False,1
