axis_00,axis_01,axis_02,axis_10,axis_11,axis_12,axis_20,axis_21,axis_22,location_x,location_y,location_z,dbh,dbh_approximation,score,reconstructed,number_clusters
-0.38689898522828103,0.90168958060204585,0.1930416417849585,-0.92176539511995537,-0.38400202050854992,-0.053768063055151798,0.025646278261727613,-0.19874191424824583,0.97971624459955964,-18.323510844865613,11.621926870627737,-5.5529033811391697,,0.6263784429700079,0.3333333333333333,False,1
0.70048114415781448,0.7135743166293782,-0.011741436295217608,-0.70288476131450828,0.69265050996103106,0.16182794370123524,0.12360897617570393,-0.10510454651269419,0.98674913494320082,10.224547028786359,6.623055535413517,-2.9789314795578798,0.8818779884845307,0.6484718260717509,0.8161764705882353,True,5
0.98918163847647056,-0.10026424672608367,-0.10708299085034931,0.11180300871740106,0.98786340046924503,0.10782388072721522,0.094972487293645796,-0.11862960356416527,0.98838618151786561,-5.0331862930189253,14.815531281591802,-4.7151308321606713,,0.09782481616035271,0.2857142857142857,True,4
-0.14033162939635493,0.98723871004597175,-0.075277906305440775,-0.98814765125618353,-0.13487104791390445,0.073307705948924468,0.062219394949266052,0.084673076130325736,0.99446428647326313,5.2876994934955031,7.556215123622712,-3.3643488173586671,0.3411032278537647,0.2548478835307971,0.4444444444444444,True,5
0.32975920178946844,0.94353648899743525,-0.031587383012282109,-0.9384299821098081,0.33125763700558719,0.098069090965799896,0.10299532762487996,-0.0026966378819893999,0.99467818445544298,-4.2920746405426025,-23.374697306008009,-1.8469853525174453,,0.2363491256336282,0.3181818181818182,False,5
-0.62968676291352133,-0.75394053427880747,-0.18726518999236497,0.76467139952700702,-0.64405303124317281,0.021756463221041262,-0.13701179276580044,-0.12949657801604808,0.98206843189527004,-16.062803562281935,3.9137801387233422,-4.798077861790599,,0.1275233388339403,0.2209302325581395,False,5
0.56730517487864307,-0.77397201598021881,-0.28130438502701721,0.82341124506620056,0.53834473477268008,0.17938469288393188,0.012600002160392296,-0.33339505848474871,0.9427030152298812,-8.988314868618728,-21.043936852031706,-2.3786813300555898,,0.4654945254659465,0.3333333333333333,False,5
-0.76934026699084257,-0.58651190621499849,-0.25321796432028076,0.60840850979622574,-0.79355535364826035,-0.010439631397663761,-0.19481950311504737,-0.16209159313250063,0.96735292248577642,17.723639083264178,-6.4531614825666326,-1.6144639355278412,,0.4546439863252578,0.1,False,2
-0.91512440415586815,0.40245656814888642,-0.024000743159058403,-0.40056794002310087,-0.9143566520445866,-0.059137452493855408,-0.045745495341243572,-0.044504197730487853,0.99796128484042346,5.8068349369403176,4.5193790010940944,-3.166138976468388,0.198044874914524,0.1777558162589277,0.1384615384615385,True,4
0.92553726366130862,0.37534625393763543,-0.049959615984522469,-0.35601901179030343,0.9075332303235355,0.22278666724556043,0.12896215265802868,-0.18841078927044586,0.9735862250814229,-10.71158399029002,19.812426156920662,-5.4726265963868919,,0.5002134450154287,0.1052631578947368,False,1
-0.83505017017911454,0.55017373250846224,-0.00027810346540982356,-0.54767562842053885,-0.83130646736634251,-0.09476794473374936,-0.052370023085714715,-0.078983677887258186,0.99549935173730908,-8.6937252856507321,4.0678853771616001,-4.1855568479493739,,0.1593923377951216,0.3178484107579462,True,5
0.19173558245213335,0.98106504534042571,0.027365000144886797,-0.96601049026960739,0.18372093653593979,0.18185255062118419,0.17338165736551939,-0.061302481919948817,0.9829449662110491,-17.192337895262945,-4.9324720418844272,-4.2547966200395226,,0.6732687461715671,0.5652173913043478,True,2
-0.36029279554398153,0.93268211155484038,0.017122507547283936,-0.93166886956085204,-0.35886094136394314,-0.056673999811097137,-0.046714226637143141,-0.036371741077224531,0.99824590030748672,-3.955521494539695,-11.702233099299782,-2.7059895641554164,,0.2610412832433352,0.1904761904761905,False,5
0.83559295541118084,0.54838853453828207,-0.032471957966287435,-0.53321297050520644,0.82385206964273916,0.19222823785903506,0.13216785143227044,-0.14331009222079025,0.98081286518654831,1.8817207618594842,23.298680689311752,-4.6880146662539763,,0.2888574586935546,0.4,False,1
0.51539709592111849,-0.8456693910775106,-0.13859694986062868,0.85694229931616384,0.50785775036269198,0.087922699226487572,-0.0039660003534051774,-0.16408469273865189,0.98643828212922613,7.4102342307413034,8.5308525643436148,-3.2934835710965817,,0.1705192801060193,0.6666666666666666,False,5
0.99108181093388004,0.081241736270464965,-0.10562492283444119,-0.070894646948260712,0.99263051379557821,0.098278238262640594,0.11283081613682899,-0.089913532739444177,0.9895376514111075,-13.497864286565196,-3.1986197736020174,-4.0602977741858002,,0.286549228315775,0.8062360801781737,True,2
0.9143222453627321,-0.38788504828670545,-0.11644750298083767,0.39859998778681199,0.91276522276436067,0.089317959270689001,0.071644130054076646,-0.12808137033756006,0.98917252347669216,-16.471327877470891,-10.398317150894048,-3.7987566344129871,,0.06299323892849447,0.3333333333333333,False,1
-0.9400059863734691,0.32937809123421741,-0.088875298013256221,-0.33285802373709306,-0.94258297556792403,0.027255645348346916,-0.074794930415625779,0.055203325845655953,0.99566978019808339,-1.3305268483870796,8.1326398908961295,-3.8855142216623797,,0.1406745407993445,0.4850746268656717,True,5
-0.89125418606301299,0.45346289113100041,0.0061140978296416876,-0.44989104071847752,-0.88237478114482881,-0.13788689959840469,-0.057131666406654402,-0.12564295430596065,0.99042910938989914,-14.07920774111042,-12.888591803284541,-3.4200348435436809,,0.3331340981571035,0.3863636363636364,False,3
-0.70006140369874703,0.71408220885884799,-0.00079375223319305688,-0.71191527591936254,-0.69802269502288294,-0.077077604695842128,-0.055593803287749988,-0.053393971797003253,0.99702478044015697,-16.195413478275782,-12.72717879266378,-3.5857325285250137,,0.1313176720708233,0.3076923076923077,False,3
-0.81973766055090935,0.57156730759250896,-0.036619404227432942,-0.5697407561878387,-0.82031150814925746,-0.04984476237680608,-0.058528955338632283,-0.019996061845793292,0.99808542665326372,-5.9784698727977048,-15.364311918089875,-2.5732874390241012,,0.1165188751502986,0.2903225806451613,False,6
-0.72237042420284758,-0.67057546500424414,-0.1688476116838501,0.67883935053030964,-0.73419508561718139,0.011606568276942335,-0.13175016663589503,-0.10623616140430454,0.98557382858997067,-12.070046126869737,-17.992326621499917,-2.86558182737028,,0.2200638034399297,0.525,True,5
-0.51846606388218042,0.85488810832563722,-0.018954230291223464,-0.85504874497267547,-0.51807028860052506,0.022244545174521395,0.0091969735876358052,0.027739832601917119,0.99957286746092022,8.958479238312135,-9.0989101492028883,-1.9985746050087301,,0.5560991592340807,0.2903225806451613,True,5
-0.98146352699348405,-0.11357549509593852,-0.15436953098077194,0.14961506607882452,-0.95744553976167757,-0.24680634188103689,-0.11976926644068595,-0.26532743036516721,0.95669048156238989,-22.336618202466767,-18.328280871809621,-3.7051515248928122,,0.3651380483682625,0.25,False,2
0.24154452446133631,0.96975055248488307,0.035215176529587985,-0.95934776750914486,0.23317976100516449,0.1589938993571561,0.14597295529640408,-0.072187706798578472,0.98665132205313344,-7.4443705436964613,-23.965059979861667,-2.0340832441754784,,0.3689521492725982,0.1428571428571428,False,2
0.89506345002202969,-0.42871861095620872,-0.12272641547132543,0.44120417384824473,0.891360918564164,0.10399322014120663,0.064809701538806538,-0.14722793714587143,0.98697701954514738,-5.6862069581254486,15.778666744901059,-4.8303661417513695,,0.09136771468638244,0.35,False,3
-0.73791024602296018,0.67387334919327346,-0.03719110191128875,-0.67284741251979951,-0.73884276665053972,-0.037252189648230072,-0.052581634433954555,-0.0024648357384486272,0.99861358708212933,-0.63110063653693316,-19.072329402703907,-1.930575549205289,,0.1619279387556323,0.32,False,4
-0.91235307737143145,0.4085951102539227,-0.025727380112701176,-0.40300522848962683,-0.90738498559916803,-0.11932842795922897,-0.072101650611496135,-0.098501389765739189,0.9925214497396595,-17.733896031368349,6.5197307845074945,-5.1272820982970666,,0.188735871121946,0.1904761904761905,False,2
-0.91632626340615131,-0.33700587402921561,-0.21627117205472596,0.37886633877225279,-0.90450583219899094,-0.19577920436889887,-0.12963979457492592,-0.26133549393034039,0.95650263108616485,-24.240584202100994,10.890167297362151,-6.0352094788443091,,0.2705197525690006,0.2307692307692308,False,1
-0.28076626880163641,0.95881274237019154,-0.042993341016480884,-0.95909580625177981,-0.27859922203946663,0.050176766628105565,0.036132211853893953,0.055322676612363168,0.99781454425107896,8.6880937387578854,-5.8112387237018055,-2.2337769912850596,0.4990974225017792,0.4407737682280456,0.9662921348314607,True,5
-0.7267675748999195,-0.67365560397419688,-0.1341529698077947,0.67325601601062746,-0.73734146840691006,0.055262065406936248,-0.13614414779779835,-0.050156616729030053,0.98941855896213593,-6.6965506329980009,11.915756622966216,-4.5852128675817658,,0.201980669251137,0.5671641791044776,True,5
0.71355091215253819,0.69942640717976856,-0.04059306228755348,-0.68661959229630132,0.70965231883327051,0.15794657910009674,0.13927896912722149,-0.084830933710308656,0.98661293395368355,10.076709836846412,9.0358529238210412,-3.1502561497278303,,0.1422661927050148,0.4,False,5
-0.35551414910116141,0.93333855689745759,-0.049888154881184185,-0.93418255862533395,-0.35309673505392691,0.051241027063109242,0.030209881646615182,0.064821554307412391,0.99743948645923874,-1.9623623719441208,1.2593301457098665,-3.4483347588637256,,0.4479050468681395,0.8317373461012312,True,5
-0.70032012814994959,0.71117151537785372,-0.061536930563725084,-0.71338673025962251,-0.70031466562243627,0.025273349671526515,-0.025121528566592326,0.061599065165811234,0.99778477838318202,-10.254985564137071,-23.301325866011258,-2.3452731459000336,,0.2347394724606104,0.5714285714285714,False,4
0.9938059907247635,-0.01559595357419646,-0.11002917354811789,0.025446708511888131,0.99573320835028711,0.088700861407055742,0.10817632747270234,-0.090951327755861899,0.98996249330667252,-15.250365211623629,-5.1247587926703737,-4.0658671869581502,,0.0711597005835862,0.2972972972972973,False,1
-0.12970517492121342,0.99048969690829591,-0.045899105842807,-0.99063063095084714,-0.12744992204900016,0.049065979982363464,0.04274951017945515,0.051833171697432859,0.99774034783163945,17.823225656420178,-8.7236545160430765,-1.4626190621312509,0.4370655674660935,0.3763636908077586,0.851063829787234,True,5
-0.54346312876266534,0.83940549612566218,-0.0068000551117982783,-0.83938976639955032,-0.54349953492726755,-0.0057511388046549011,-0.0085233643123510394,0.0025823647830702789,0.99996034104004561,-5.7365573563458518,-8.2132873117642653,-3.1069635228131576,,0.1672461687519841,0.2352941176470588,True,5
0.98305416696977221,0.13631767416751783,-0.12256425462966426,-0.11896392205240201,0.98308858358406404,0.13922795005525296,0.13947074981255669,-0.12228789202630166,0.98264621375675509,-12.827435820058239,14.102278688866367,-5.2215221579788027,,0.1243715981544888,0.391304347826087,True,5
-0.43900339519355275,0.89552571903223388,-0.072867726466069649,-0.89823808022887808,-0.43553407058254828,0.058978170440726473,0.021080090969274219,0.091344183797308381,0.9955962383673066,3.0160455062988261,8.2453728787249307,-3.5775554678173367,,0.09179616291695061,0.4680851063829787,False,5
-0.98322604537957825,0.14360051854473771,-0.11245192199744299,-0.14821099687175349,-0.98838039458940918,0.033729749444156541,-0.10630166552560516,0.049830579617007729,0.99308452270766767,-11.699085114574949,5.1558464966398532,-4.5156229249201569,,0.1030813596408798,0.4978902953586498,True,5
0.92947313331580839,0.35172911087398528,-0.1112039882733043,-0.33582972941229688,0.93154410361967388,0.13944165752844984,0.15263710979626444,-0.092261669046326156,0.98396630894448267,-13.536631122503934,6.057913801197528,-4.7320921495333303,,0.2626607092139023,0.8108695652173913,True,5
0.049964095807460432,-0.99003411921083584,-0.13166636597312634,0.99639796372563838,0.040367266063761446,0.074576012993058743,-0.068517786110952911,-0.13491822200490122,0.98848489434967701,-6.5191564237209505,-4.0008905358118794,-3.4488038540352441,,0.2438050460921285,0.881851400730816,True,5
-0.53849673234585371,0.84243393793031873,0.018064591776525918,-0.84262705611257904,-0.53839694167546748,-0.010410451553637179,0.00095580326713398667,-0.020827707932408027,0.9997826228847928,-3.2759315286660016,10.455299460989233,-4.222681703411757,,0.4683429995430638,0.887459807073955,True,5
0.86111303128738603,0.50379633756303133,-0.06836371555968021,-0.49094638578196936,0.85892008529103414,0.1456980897996405,0.13212113243032109,-0.091899604687498693,0.98696426937534609,0.3807033744781666,-12.063413104214767,-2.3253151776498204,,0.09753591247167949,0.2325581395348837,False,2
0.91145041742492994,0.40087506629452768,-0.092505771707919071,-0.39233254972261283,0.91460514608840193,0.09783965033034947,0.12382773115935401,-0.052882964856080433,0.99089357906081721,-10.987738179175562,7.3495025259430014,-4.6087251022474858,,0.2319256337502105,0.7722513089005235,True,5
-0.95806991837563482,0.28549817328503735,-0.024347988718005122,-0.27589148986662526,-0.94209121245683314,-0.19065160170003459,-0.077368710231457111,-0.17594016159626982,0.98135576740272945,3.2880180361238232,-11.743791754424702,-2.1664800530861066,,0.2292387101073074,0.3333333333333333,False,3
0.28677379472008907,0.95796878851763922,-0.0075226915321182503,-0.95252398750954925,0.28596455106595942,0.10450994571117686,0.10226848918777022,-0.022805169582607102,0.99449538981312535,18.681381370723702,-7.0005153868384671,-1.5026670966885201,,0.08667528527705654,0.2777777777777778,False,4
0.58432381340139539,0.80670132752923451,-0.088309961242330925,-0.80179685264242784,0.59068918324411357,0.090598542433633411,0.12524970333197755,0.017867763177646913,0.99196434152356472,3.561724033238113,9.2375240198910813,-3.6280071683108961,,0.08503800343886539,0.4,False,5
-0.73654160470240182,0.67400287433965356,-0.056803080235999039,-0.6758099372033608,-0.73679185057204666,0.020462104188221093,-0.028060529567375675,0.053459277141628028,0.99817569213435309,-9.7510183646659119,-10.595207842453439,-3.2268450669395117,,0.2739678667631525,0.6120218579234973,True,5
-0.9106974068585546,0.41037010371188498,-0.047186980414097857,-0.40695061359031132,-0.9109204358633084,-0.067934951424641316,-0.070862057827675309,-0.042665413464491528,0.99657324429985084,-20.168709170767137,-24.220357604926658,-3.0637604873507405,,0.2674811767410765,0.1818181818181818,False,2
0.91077627198581501,0.40131069559568067,-0.097140660838456766,-0.39157616992650007,0.91412380322906617,0.10509888446468377,0.13097589676468718,-0.057683602267360509,0.9897059747703596,1.4024630504280124,8.3864816439356424,-3.7070224026533234,,0.111750743371877,0.5121951219512195,True,5
-0.91929931225173322,-0.35904886894237525,-0.16116043002142799,0.36688258462223766,-0.93003544154820772,-0.020766476955353635,-0.14242873163234013,-0.078217563088040842,0.98670971882827407,11.362368252226434,-10.512795354935012,-1.750442621251167,,0.2933633310059304,0.2631578947368421,False,7
-0.96059634026638463,-0.24791134794687816,-0.1256767067757186,0.24664370095556831,-0.96876278325067799,0.025798344275168077,-0.12814661854987902,-0.0062155729874123038,0.99173575654337986,-8.0013537171206632,-11.791938503239331,-3.0222463247565172,,0.500455326018194,0.8723958333333334,True,5
0.98259463614526499,0.15212336637741389,-0.10661267476505051,-0.13703072403298777,0.98105962309194483,0.13691090756286486,0.12542073867407441,-0.11991871138690284,0.98482949842587242,2.6318579853555133,-13.660972706391172,-2.0909826346790208,,0.1358175889810616,0.631578947368421,False,5
0.69882869705352291,0.70783747430451938,-0.10297845475959573,-0.70343734461172425,0.70618918052863411,0.080453362328135325,0.12967017536843761,0.016215772398962817,0.99142457824356134,-2.5240683210051111,14.1694105328753,-4.4583579510103037,,0.09176999188420856,0.4642857142857143,False,1
-0.17784927409111198,-0.967625082895746,-0.17908471363091483,0.97811254090396571,-0.19379703233111262,0.07575333382791466,-0.10800691196240345,-0.16169232885531673,0.98091288999466775,10.835736422640878,-7.5136213948460364,-1.9665614834274043,0.4469983213136893,0.2206293076171325,0.1764705882352941,True,4
-0.98843267997621831,0.14409552989615326,-0.047300268698787472,-0.13668749319751877,-0.98153685103584343,-0.13379812876874914,-0.06570666905580376,-0.12578508783869158,0.98987915692725026,-18.403175078579583,14.942475508188355,-5.7992164496284699,,0.3813806120855874,0.1764705882352941,False,2
-0.99028492851481587,0.081778383043561567,-0.11246357820729395,-0.077274018417633789,-0.99604507949386334,-0.043851176650761783,-0.1156048720167052,-0.034734646721186743,0.99268777462158619,5.0254921256625957,12.59904960027802,-3.752089718646952,,0.2325279374027017,0.2916666666666667,False,3
-0.00028673764210528085,0.99720709659602413,-0.074685502475720159,-0.9969840647260183,0.0055109697044320189,0.077410618750284405,0.077606007911176889,0.074482452372643004,0.99419800433547745,-14.742359420982888,-14.771021230205553,-3.3173477405554399,,0.09929388169739031,0.45,False,4
0.15313190517361322,-0.9323631373334158,-0.32748984680397181,0.98659758564162225,0.12534476808329625,0.10446957987981824,-0.056354446355373129,-0.339098317978627,0.93906150337453642,-12.586143184152988,18.787529023223566,-5.5676948624606615,,0.1798197000024037,0.125,False,1
-0.9847108510544943,0.14810379257331166,-0.091704996815526366,-0.14257043776865291,-0.9876977738689946,-0.064240001312946979,-0.10009100903672058,-0.050183404823051357,0.99371193803354163,-7.1006148460578045,-18.347486931219173,-2.4526273897022874,,0.0986127992213254,0.2727272727272727,False,2
0.99029895111248489,0.049079451424011558,-0.12999690332246641,-0.018323443955025692,0.9734997737373865,0.22795271863894218,0.13773975035239325,-0.22335934719902767,0.96495510941788643,2.830109669313841,-10.448429419305667,-2.2938965877535527,,0.2200899260467632,0.1379310344827586,True,5
-0.72118230066787081,0.69256617275239329,-0.015753906261584349,-0.68888346326638761,-0.71937436135187904,-0.089107251487652667,-0.07304562438301318,-0.05340996712860159,0.99589744058804452,4.7160750662007649,-10.979216491782914,-2.1178643329121667,,0.2181794847908293,0.2580645161290323,False,2
-0.51881292972438497,-0.82511403716820586,-0.22365144671739873,0.84888339195753315,-0.5281792273343574,-0.020583747743170275,-0.10114410911898775,-0.20053311317701683,0.9744518149760204,8.6200923885172909,8.5171674963002246,-3.1880834501167308,,0.3096835707712096,0.1304347826086956,False,2
-0.79194818269265088,0.60754674055979718,-0.060868990175401511,-0.60815717223909826,-0.79375276571250819,-0.010069795324961398,-0.054432800625637046,0.029043156834431504,0.99809496805521447,-6.724245811279741,-12.70382197169789,-2.8374435135599785,,0.1164155179060349,0.2,False,5
-0.051143555923865193,-0.95532155144749642,-0.2911100651427394,0.99551075006830503,-0.072011848027420403,0.061421822197943912,-0.079640964245183479,-0.28666186890415546,0.95471581621468571,-20.482499204954479,-8.7643140261768906,-4.2725783419519816,,0.6156907888591798,0.5,False,1
0.86799723427213504,-0.44341588721746522,-0.22352438851067721,0.49299152483617881,0.82343783584209229,0.28090832480257755,0.05949922466405233,-0.35402327814260925,0.93334203848189401,-16.271401486610117,-3.8346399063544654,-4.2530598676776243,,0.1060835093139049,0.3571428571428572,False,1
-0.27555661138630444,0.95755852523421658,-0.084559001132751915,-0.96035255493106586,-0.27034906191272606,0.068076096834957661,0.042326400256467174,0.099965271340504092,0.99409024759684073,25.485098970736903,-6.3535798851371075,-1.1782776378524134,0.4197443947833593,0.3513985717194904,0.7441860465116279,True,5
-0.96365254201692585,-0.22869161963247325,-0.13810836822652178,0.23648072385393684,-0.97069827766061823,-0.042681623589394729,-0.1243006255408009,-0.073790221957823726,0.98949702254912342,-28.162587298515998,-19.486973423194186,-4.2051720805327371,,0.08410688726526694,0.1666666666666667,False,1
0.89842190966752267,-0.42361466121812663,-0.11570951140858302,0.43414707353346116,0.89642644549979678,0.089083928690481082,0.06598780775031636,-0.13026989909281039,0.98928022451611541,-16.452145540849173,-9.0332206445086047,-3.8998553327627308,,0.3360326533749067,0.6417910447761194,False,2
-0.7818281726133588,-0.60361293809025929,-0.15619260378807592,0.60761279009755786,-0.79379971977438213,0.026243136168745348,-0.13982634164532504,-0.074387000585821567,0.98737792578420946,-18.563433112959988,-16.524098468255438,-3.5326195232348896,,0.2680025160373051,0.7090909090909091,True,2
0.85956086432823131,-0.47005813340355423,-0.20050055295801364,0.50764128253917995,0.83052262395940479,0.22919969317946454,0.058783065395394699,-0.29879344422652693,0.95250565820365063,-5.8354210415719656,6.8993755271211832,-4.1573277652427807,1.498290100722235,0.5186887514002461,0.1494661921708185,True,2
0.15589475184101201,-0.96436371764760087,-0.21377428852256131,0.98180861307148826,0.12753253570405132,0.14066733677558146,-0.1083912987608751,-0.23181473728344548,0.96670225712529367,-14.037171141443338,-10.80350845237823,-3.5712835364965554,,0.6778484771824823,0.2644628099173554,False,4
-0.91209506925512696,-0.3897182107280916,-0.12728825895337073,0.38936869232268351,-0.92063615401089149,0.02865472678211629,-0.12835344202400228,-0.023426227927883972,0.99145176673687063,5.7703640509476788,-12.58502310479985,-1.9433155531728739,,0.4602584211271775,0.7558139534883721,True,5
0.81523769522976886,0.57687557887143537,-0.051010457537648497,-0.56362651834460198,0.81057655311685439,0.15903081259913404,0.13308887292030103,-0.10089706655272535,0.98595493500760889,9.7104889774739984,-5.5429535380189527,-2.1825338805474002,,0.08606377903942841,0.2368421052631579,False,3
0.27981030355126452,0.95937688427148393,0.036085841435250066,-0.95446914767645752,0.27393677883270406,0.11809863393172687,0.1034158602938985,-0.067488036927317044,0.99234597027013272,-2.0143310738222522,9.9780316817495063,-4.0697759282565977,,0.1689225265891982,0.5333333333333333,True,3
-0.87992784418505299,-0.44962483867119341,-0.15350730757116332,0.45658008160634628,-0.88960778657815864,-0.011515864702703667,-0.1313834773028428,-0.080221509019789056,0.98808040734669,-4.7763602010764821,23.472514616527722,-5.2341633008891169,,0.1944365774414729,0.3571428571428572,False,1
0.39904768205941482,0.91656653649313646,-0.025821146837136523,-0.91011563726037492,0.39935177441642578,0.11048840248910591,0.11158169319897693,-0.020589911399251162,0.99354193735917407,-14.895475214115441,-11.25955449089127,-3.592036642723992,,0.08174283316841993,0.1428571428571428,False,2
-0.97715319786611288,0.18508036705719064,-0.10448390129587348,-0.18383650133293686,-0.98272174380514599,-0.021496860939193528,-0.1066572485942488,-0.0017977715509668087,0.99429422171697046,10.037250643293412,-13.520682527726553,-1.6260235989995795,,0.1196606930695713,0.3571428571428572,True,5
-0.87123992409711659,0.48222182306246392,-0.091668467978709298,-0.48737439229372009,-0.87204687846741058,0.044726317661660943,-0.058371194913046223,0.083644217478308816,0.99478462417091273,14.484476612875213,-5.9622774349464764,-1.8373393265258715,0.2873750260222136,0.2745752872888999,0.6363636363636364,True,5
0.91602325206120094,0.396192233533111,-0.062714557889443703,-0.37931076959516558,0.90641151377507734,0.18585345777008966,0.13047889389608874,-0.14645778157551106,0.98057400356303326,-10.759416332198345,-3.1034893666858472,-3.8391195640275777,,0.1041367753549148,0.1882352941176471,True,3
0.58862287816421177,0.8067057088553512,0.052430969873397737,-0.79851995109061003,0.57008626768415238,0.19330684185564276,0.12605155695956008,-0.15565200512084137,0.97973642286582996,-10.064325147924176,-24.446712028996171,-2.2080696402309061,,0.2354669287884905,0.2307692307692308,False,3
0.97602232227499819,0.19613917861547722,-0.094391996657373994,-0.18017047163904665,0.97129812964270035,0.15530146329624661,0.1221434712552549,-0.13457104430239766,0.98334714443327642,-1.518860126427622,12.780267268434125,-4.240836417379847,0.1653752155768663,0.1461628753489419,0.5,True,4
-0.67479481351343085,0.73638906934124537,0.048816986901170423,-0.73773755022198373,-0.67129060787373251,-0.071499837573106767,-0.019881314037059596,-0.084261843887073251,0.99624528857952976,0.59525644589075277,-18.495018599213651,-1.8735771187523707,,0.101469734719707,0.2222222222222222,False,2
-0.82649352411805788,0.56273531465019466,-0.015408446919135704,-0.55999005100268506,-0.82464671896458142,-0.079805586765343967,-0.057615947175444382,-0.057330223673879591,0.99669135046140522,-4.7894354757494257,-16.846627432963132,-2.396724537728518,,0.3161314513832232,0.5,False,3
-0.11467557114343413,0.99330777561454719,-0.013754137072446812,-0.98947951450062921,-0.11298238204809782,0.090361893131655616,0.088203195897463171,0.023971738577294323,0.99581401475529352,4.6354436436772897,-9.7260956009876907,-2.2192813936181452,0.1845220161783799,0.1089720968276899,0.1904761904761905,True,5
0.99054557830319445,-0.064155983045080203,-0.12125785394567828,0.082326755939221535,0.98504670446147402,0.15134495461070074,0.10973496507729849,-0.15989684133562668,0.98101541148463911,15.31051222247137,12.536836243323947,-3.0435827312916945,,0.1903835132377248,0.5,False,3
-0.54761896337983118,0.83564007715809585,-0.042651288304228041,-0.83671671557220206,-0.54716258102275306,0.02276505678854044,-0.0043137951812025968,0.048153622664660237,0.99883062618013674,-14.513311393987784,-6.3924098448224864,-3.9200863634448733,,0.0762805106655539,0.1956521739130435,False,2
-0.80808420119891056,-0.5531889679813895,-0.2024398416231436,0.57475268252186351,-0.81572611040169074,-0.065194069844194236,-0.12907082438196479,-0.16903513987515476,0.97712222560984974,5.8504878828735434,-9.3708512013206615,-2.1707661307369479,,0.3650217611419857,0.5833333333333334,False,3
-0.32645232177992828,0.94487716832374291,-0.025219404929536539,-0.94459842739835875,-0.32516117520089433,0.044766294223682494,0.034098277977665313,0.038436270923167155,0.99867910788024361,-15.27819338749998,11.419358926396367,-5.2943666108366862,,0.07362955538903704,0.3043478260869565,False,2
-0.66906095482761274,0.74102346372123329,-0.05693562100961512,-0.74102999645077361,-0.67100025669761099,-0.025163463034878916,-0.056850532850016802,0.025355112429792249,0.99806068712696183,-2.5666524764181795,-22.750236029913868,-1.7663968087057667,,0.1774897047403199,0.4090909090909091,False,3
-0.55914405887146368,0.82603918929593045,-0.070832049074322431,-0.82902061238670532,-0.55800351742142285,0.036836107059408485,-0.0090964645174668526,0.079317919114421348,0.99680786616109773,4.7988208261221068,14.569399002725946,-3.92246968070538,,0.1293039081663774,0.3461538461538461,False,3
-0.85192238954083577,0.52171413465747873,-0.045195175601273931,-0.52019867863109326,-0.85303870541334548,-0.04145240423892483,-0.060179539292822201,-0.011803760643154616,0.99811777575854344,-18.112749337432859,-10.607694225179696,-3.9155059104002685,,0.148759817392743,0.3684210526315789,False,2
0.076942617730069288,0.99540001060240668,-0.057084607991745903,-0.99471019915295733,0.080545265524122514,0.063750136491859996,0.068054781447937987,0.051877539401705183,0.99633190635836633,-8.8881828900111071,-3.2506690507825984,-3.6927176333152532,,0.1332386510291239,0.4369747899159664,True,4
-0.3847831665881018,0.92300604086033589,-0.0013278726448854861,-0.92155296451078517,-0.38409589261633881,0.056661087852612077,0.051788495940861046,0.023025937778641703,0.99839258705060385,6.0995984818633824,-7.659911280155951,-2.2898361535418332,0.2361134628759347,0.2880210221732689,0.2542372881355932,True,4
-0.77354665022876645,-0.59738595349853418,-0.21155519961112124,0.61989581870499533,-0.78263754591109724,-0.05663608109958454,-0.1317374429382846,-0.1749528344809031,0.97572370670963005,-9.3700515985309014,19.422225384890623,-5.3399573692592961,,0.2554096029127312,0.2916666666666667,False,1
-0.24475067908954765,0.96958596543116549,-0.00040090412860957492,-0.96899752448764176,-0.24458769398234587,0.034937909056216868,0.033777250066093674,0.0089395520756574975,0.99938940447988511,-3.7513346502005858,-15.843610670929174,-2.3764479411758335,,0.1152696032927703,0.2702702702702703,False,6
0.76530766087764401,0.64304857755828537,-0.028155125683536564,-0.62755513870814883,0.75516452143168578,0.1894758387020615,0.14310392057168053,-0.12733841710622718,0.98148163276033629,-12.587208094737289,7.0688233182653395,-4.7036455485393249,,0.1732998317628545,0.2330097087378641,False,4
0.35718491155518112,-0.89517363032000463,-0.26661416042105063,0.93250814932950143,0.32545770623189418,0.15654338979446764,-0.053361881445335706,-0.30453481415755784,0.95100528735366996,-10.572841111521639,-11.841692151794495,-3.2098912206800043,,0.1933847407523222,0.3333333333333333,False,3
0.68783825856841707,-0.71291896018446332,-0.13647375666798092,0.72544252690625943,0.68158527226786014,0.095784428710557978,0.024731967277769648,-0.16488806153585089,0.9860021586982054,-9.1679793912801877,13.010589130544103,-4.8873329781997592,,0.3614867346930013,0.8413793103448276,True,5
-0.68457618034323575,0.7267986545843107,0.055849521046301726,-0.72867367511413428,-0.68023724777548333,-0.079447856701716835,-0.019751670874299694,-0.095084186031490908,0.9952732635132937,-16.640151510856885,-11.536989826996097,-3.7042288987690926,,0.1360115764450882,0.3846153846153846,False,3
-0.75703880271232105,0.65175687207427468,-0.045882795161718518,-0.65189071251616804,-0.75818288524770694,-0.014043199515229962,-0.043940301808902515,0.019279321082946103,0.99884811540870555,-8.4349057471347813,-15.401603502630779,-2.7829622172912716,,0.2041175320933838,0.1666666666666667,True,5
-0.74341937722303797,0.66799994452766798,0.033222036065599037,-0.66734224032772305,-0.73754861640806246,-0.10332653438942593,-0.044519252505931375,-0.098985415822667122,0.9940925126016833,-1.5962825841022601,-4.6308860984520104,-3.0495237694121147,,0.6240461864736427,0.5588785046728972,False,4
0.12271745104945465,-0.91995507568259149,-0.37232121338135299,0.99062493420779896,0.090856867921087575,0.10201602461067232,-0.060022220333139482,-0.38134982401649065,0.92248015956381013,-25.472312125515625,8.1962217282723504,-5.9615463067975139,,0.08405554607375038,0.1666666666666667,False,1
-0.94902362332001444,0.31174835675514923,-0.046552383838170015,-0.3068310201531011,-0.94749705489866887,-0.090022530680694254,-0.072172622595824895,-0.071149792823405167,0.99485115445921246,-3.7759780983769633,-18.266476759052757,-2.209280210948152,,0.3542546181834964,0.2608695652173913,False,7
-0.90579409514674036,0.42350509837831324,0.013434613685283703,-0.42022106216448135,-0.89380148065228671,-0.15663068695863819,-0.054326016885582848,-0.14752065899851141,0.98756586568086302,-11.031982663176779,-15.700885392436813,-2.9571422243937273,,0.3505393792742675,0.3103448275862069,False,5
-0.62304514500270791,0.77956993045656009,-0.063917687821981053,-0.78213992040423719,-0.62003913153047296,0.06171402013311187,0.0084789267367877674,0.088443195888041864,0.99604513396858763,-14.831220374652201,-8.8171020061709093,-3.7824640515529273,,0.2657786369568675,0.8714285714285714,True,4
-0.15932475018725173,0.98609490228206365,0.047248996508896107,-0.98571133151958379,-0.16154834134998347,0.047700150114638858,0.054669871882597892,-0.038974056760838913,0.9977435682618776,-7.1330772710217731,-6.2326504401773004,-3.3665775967453082,,0.1446664466248239,0.2522522522522522,False,5
0.2183854776778931,0.96994968134323101,0.10726322203609226,-0.9710926456857486,0.2051468119236188,0.122040399264462,0.096368338340205972,-0.13081437696117704,0.98671208675368305,-19.201988362091246,-9.3038952449942798,-4.1063231475772488,,0.5517950678654103,0.6458333333333334,False,3
-0.70772173669841454,0.69915892620904974,0.10152211240309951,-0.7064328273456526,-0.6984700272118991,-0.11442150818371373,-0.0090886661841428976,-0.15269714139045462,0.98823123769600429,-7.0186895302371628,9.7216593589536764,-4.4688280494342711,,0.5925874288231608,0.6060606060606061,False,2
-0.28818892145323305,0.95613609844050507,0.052449087795605531,-0.95675867468226161,-0.28977061677154647,0.025413147701135619,0.03949663241169369,-0.042857332100895082,0.99830018787603614,-14.80155290025994,-17.578937039810068,-3.1354942006029782,,0.0987046576290376,0.1428571428571428,False,2
0.74770005119504535,0.66352553863361174,-0.02604789864658788,-0.65094991297202753,0.74014972355009501,0.16864933302693177,0.13118248451922709,-0.10914323758114647,0.98533187781867149,-20.035900412004146,-12.907051374582847,-3.9159814988105324,,0.1301630036263254,0.35,False,1
-0.90402070527557887,0.42318985272317472,-0.060472415076497324,-0.42028570313121333,-0.90570931036586977,-0.055231991273929776,-0.07814404760791499,-0.024515172214764402,0.99664061434136531,-3.9801110818644969,-4.3809822973370185,-3.2397797554813739,,0.2987696048072857,0.1012145748987854,True,4
0.84013440107341475,-0.4627535727425986,-0.28290160665322411,0.53978883716008497,0.76428233352323149,0.35284632057263599,0.052935804616329935,-0.44914546149131329,0.89188909344793388,-15.862596638430318,-22.070645764504935,-2.8685260821957419,,0.6838465146831809,0.2105263157894737,False,1
-0.94181244490301763,0.3236848702888741,-0.090650004809026324,-0.32705471460689384,-0.94468073688836274,0.024769315805334084,-0.077617860568330838,0.052975561329126272,0.99557473733650981,-10.9205864366154,-8.6481464128430705,-3.460200897773456,,0.1615753946022463,0.35,False,3
-0.95790475282328547,0.26892433918276593,-0.1004897224280854,-0.26582374361993966,-0.96304784266885846,-0.043319626715136651,-0.10842611238277219,-0.014783522109797664,0.99399458028079224,8.3204920035131078,-15.964693439627652,-1.5468404745287874,0.2985358273102986,0.3068845045347608,0.2857142857142857,True,4
-0.96173095588752255,-0.23939486466725396,-0.13328040838255456,0.2440015850428518,-0.96958608982487471,-0.019132195762302545,-0.12464668059859964,-0.050920655819208328,0.99089368341245032,-13.423931379263358,-7.4210776559084968,-3.7490612559710499,,0.09934204944615307,0.4888888888888889,False,1
-0.9634935094464302,0.25464718789789625,-0.082674463713387228,-0.25270979317345216,-0.96696943274126013,-0.033284779979398625,-0.08841955490067599,-0.011177022847766904,0.99602061046517898,24.031754622168901,3.9397807721141129,-1.9430160288868519,,0.09499573855433245,0.3333333333333333,False,3
-0.59519275881912448,0.80054935994313514,0.069758885770319967,-0.80327543870684648,-0.59512034736330877,-0.024090282781615881,0.022229471869638466,-0.070373961440377428,0.99727295969137031,2.5828672280022729,-17.633771962410396,-1.8191894857660456,,0.6311940817023521,0.6875,False,2
0.70849694435813215,0.70140265069995944,-0.077887106932148509,-0.69342947934708921,0.71241415965472543,0.1078036283984708,0.13110162854676516,-0.022369325303225343,0.99111653012038103,5.158296542414547,10.197542549464576,-3.5522200589786177,,0.07619764373220544,0.4347826086956522,False,4
0.98191431440846511,0.16691143886507262,-0.089357992008249149,-0.15177524090988845,0.97610944758891094,0.15548190433107525,0.11317488858620764,-0.13910757672989427,0.98378886286125311,11.419385683575888,14.682452934609724,-3.4488395296254244,,0.1400935274058685,0.3181818181818182,True,4
0.75252421348923093,-0.63564511039760918,-0.17222834186052685,0.65852657473938947,0.72348321184314257,0.20715885822995544,-0.0070752013697499908,-0.26930899689528159,0.96302783226490185,20.842584912946439,11.876490105332644,-2.66296704811541,,0.2880643751782044,0.4285714285714285,False,4
-0.2703930941064327,0.96222774371318909,0.031707158311282957,-0.96169812904623608,-0.27149024608840544,0.03781209948981526,0.04499203538983778,-0.020268584249622301,0.99878170850491499,23.273274767643414,8.6357203288438509,-2.3065231335499767,0.736444479221796,0.5147702981481792,0.578125,True,4
0.073764531668548974,0.99708384648884774,-0.01956008534551943,-0.99286505378328438,0.075266774334352762,0.09248728375954289,0.093689801171932416,0.012598244016765875,0.99552172522956961,13.516623357823645,10.326464416682819,-3.0101513503842332,,0.1053853008044778,0.28,False,4
-0.94877728636416603,-0.2788630596568909,-0.14851617702542685,0.28947594273255067,-0.95560504473633212,-0.054978878249515833,-0.12659122978528831,-0.09515457126839133,0.98738050826830592,3.7442280217288362,-9.3000941687380223,-2.3202219564876962,,0.07689245237447737,0.2666666666666667,False,1
-0.98316943108271604,-0.11526020074714526,-0.14174962401437002,0.13098982625868461,-0.98557708676408895,-0.10714229539416431,-0.12735593901034648,-0.12390678822945313,0.98408717735242002,15.738687174124555,-10.442411862613746,-1.4773186784233003,0.3023318247212757,0.3121597694443506,0.3333333333333333,True,4
0.54820705302805306,0.83343412044315712,0.069689266687482002,-0.82849328690100743,0.52978396229656477,0.1814602624634872,0.11431491840640463,-0.15721488534643821,0.98092587857352598,-9.2249388494147198,-5.6161373599252196,-3.5378050135493244,,0.4488159283067437,0.5070422535211268,False,2
-0.0057807042680633591,-0.94007446633862357,-0.34092019769488202,0.99597350453766686,-0.035912846980714605,0.082140402243341265,-0.089461509696200189,-0.33907265469201731,0.93649686231347562,20.911864470648695,2.3409852881020776,-2.0220832362210843,,0.1390022005473369,0.1875,False,3
-0.99012062193271222,0.12594124394177758,-0.061643792047348753,-0.11429294129355988,-0.97956108335879355,-0.16552101842187264,-0.081229782678805623,-0.15684032339722045,0.98427782427656541,-7.4420536584485371,7.9547126536201125,-4.3709383410426224,,0.4232759181226374,0.1881188118811881,False,2
0.49792680756594165,0.86555868087058552,-0.053638272499783847,-0.85960854426950395,0.50078829897149657,0.10141119382049699,0.11463875839371701,-0.0043874346498208455,0.99339755661625229,18.585837067989836,8.7487226385566075,-2.6480208946962254,,0.1473740205471538,0.4444444444444444,False,4
0.85898319598138506,-0.46943265789932148,-0.20440364164853786,0.50828574037561181,0.82986730381441187,0.23014313848258633,0.06159119378954718,-0.30158454495775688,0.9514479949478063,0.47756057577336497,-10.838983721441295,-2.4069467421272042,,0.6143765828980648,0.8571428571428571,False,4
0.63435863874726217,0.77085990912679569,-0.058001016782026571,-0.7621125424531271,0.63619994682199155,0.12014200056319109,0.12951289542879965,-0.032009813569021925,0.99106093745688806,-6.2440088014999562,13.093883693880537,-4.6326848049153728,,0.08049733433489004,0.2916666666666667,False,2
-0.96315450302374739,-0.23812446137338592,-0.12502057510951445,0.23947380040705057,-0.97089310731319312,0.0043443170162222877,-0.12241610279568202,-0.025754903753813344,0.99214463799838659,5.5096530420075123,-13.600678478981564,-1.9048331797093974,,0.3642745973855397,0.4117647058823529,True,2
0.15733493360773979,-0.91415411160383975,-0.37358798013913919,0.98654004975619447,0.12842934876275144,0.10121577250320363,-0.044547153598101123,-0.38448428136163038,0.92205606580735511,13.97745839078728,-7.4459195443624111,-1.7807590018878587,,0.4922743546527914,0.5681818181818182,False,2
0.96756161716647227,-0.18281495787038943,-0.17436515754315296,0.23620955161959531,0.8994404003710349,0.36771186260992728,0.089607838439895837,-0.39697060011950519,0.91344664755577765,-7.3835103587062845,-22.005981334618799,-2.1939813661903815,,0.2442096161513811,0.5,False,1
-0.11425118506342924,0.99207998461949265,-0.052191673943155506,-0.9915754847737106,-0.11065049886923398,0.06733888249569811,0.06103052275199547,0.059445531517316422,0.99636414230703885,-13.058842449170132,-12.539790247559656,-3.346577554950573,,0.0925615591041674,0.2727272727272727,False,1
