axis_00,axis_01,axis_02,axis_10,axis_11,axis_12,axis_20,axis_21,axis_22,location_x,location_y,location_z,dbh,dbh_approximation,score,reconstructed,number_clusters
0.55645999034720417,0.82598192352935107,0.090034111011013246,-0.80717559153933371,0.51170918863744075,0.29431491754095557,0.19702751981872188,-0.23644781298791093,0.95145813789536637,-6.1838614916337269,23.378766962714828,-6.3518602371288457,,0.5512014137864389,0.1724137931034483,False,2
0.94084369680236868,-0.27792283329612882,-0.19383507659839178,0.30552934049443053,0.94317636339562216,0.13065285924482245,0.14650924982502167,-0.18214622220749238,0.9722951164390613,3.6102167427244578,-9.8865009299292179,-1.4246349732590373,,0.08421947377967447,0.2394366197183098,False,5
-0.8119018956255124,0.57027094522335431,-0.12492542140718232,-0.57360250081710662,-0.81905963281998684,-0.011022202191464159,-0.10860701144981807,0.062708587281573358,0.99210490884033475,-4.3416803445222669,4.5751492655255674,-4.317420824730184,,0.0791610897770241,0.2470588235294118,False,5
0.23522379766796472,-0.9221342271623677,-0.30714529478135416,0.97056127611507703,0.20601929750885628,0.12476721668704506,-0.051774263070902771,-0.32745154778932101,0.94344841381701661,3.4036048508495624,-14.162699612524836,-1.0952123437879273,,0.09457989544786309,0.3157894736842105,False,5
-0.90206544714158765,-0.37624351178149928,-0.21146808013403312,0.37510733793742385,-0.92578651983883864,0.047051086174414801,-0.21347696385968284,-0.036880069509394098,0.97625173309666158,5.1876981782963929,6.9621081938620195,-2.4222028724434597,,0.06887496890148452,0.2222222222222222,False,5
-0.14593656099547858,-0.90812197962338737,-0.39244998444351253,0.9782324725818683,-0.19162077614505285,0.079641118374442058,-0.14752542069479865,-0.37228476771749314,0.91631888661882066,-19.067936216018214,2.1365186101712292,-7.3826196491711293,,0.6638511458122156,0.2631578947368421,False,3
-0.95197867237795109,-0.23688232142334703,-0.19396745380243721,0.22700294820147376,-0.97122917348960047,0.071996903201087509,-0.20544164340598894,0.024508332456408724,0.97836244449327325,-1.9113917487681307,5.4655066700473807,-3.8755768733661857,,0.07883022186469017,0.3333333333333333,False,5
0.057670497301724591,0.98808687988059152,-0.14268297567968624,-0.99197738785596046,0.07281952163979602,0.1033352759255883,0.11249433640605197,0.13557888875481108,0.98435938010493562,8.3837733296893564,9.3541246555771238,-1.9638363053026326,,0.09687876426216771,0.3166666666666667,False,4
0.31988463260464961,0.94736510700731624,-0.013159629493423725,-0.93828186637224675,0.31868472803644199,0.13441422303220649,0.13153311773238374,-0.030649602629639922,0.990837847883418,-25.160879111799865,-0.0208190469919457,-8.670028365738542,,0.3378391095650517,0.3636363636363636,False,3
-0.61914160694106146,-0.75448806404537316,-0.21774166291159272,0.75941553052734823,-0.6458489470542943,0.078531456007933598,-0.19987926993139338,-0.11673430858974089,0.97284190835395701,-3.4116804978595106,3.3706324923901874,-4.0022479255004653,,0.0878531377858932,0.4,False,7
-0.93537259960351005,0.33303104230048525,-0.11903119244645637,-0.32869009386093095,-0.94283545672537117,-0.054992033415344546,-0.13054088290135551,-0.012313667435589655,0.99136645670792267,-10.074121094243253,12.021419609263218,-6.1749727358407211,,0.1579555359960926,0.287037037037037,False,5
-0.051959067402860187,-0.9488122309223842,-0.31153748693650485,0.99111469401424113,-0.087242003835873799,0.10040167367010502,-0.12244149061360662,-0.30355260370945469,0.9449147570852775,8.6423065529021201,-19.449007441302335,0.501502088980744,,0.2808601457487442,0.4615384615384616,True,5
-0.9095876240953733,0.37718818458859021,-0.17429695206542595,-0.39350922594192672,-0.91666220722314096,0.069863344805301555,-0.13341980059616101,0.13213429250411302,0.98221162971801435,-17.321021405388496,1.3086863312876105,-6.9808671664464184,,0.07600528106110042,0.2727272727272727,False,1
-0.15850988239427943,0.97078560779008694,-0.18013861576847884,-0.98456391184679426,-0.14169415937176444,0.10274565046203729,0.074219408999868841,0.19364418118694138,0.97826040010835025,1.042401826478788,13.530559775096361,-3.9235039383860766,,0.1184586851586338,0.2,False,1
-0.51025875114624863,0.85000677834080562,-0.1308605504090363,-0.86002088681841238,-0.50426683838296527,0.077968134153130739,0.00028480650092702064,0.15232672937450462,0.98833015050808004,-18.767401905754706,-4.6308521032170953,-6.9218559955484471,,0.125040102102828,0.2105263157894737,False,3
0.95656736123890063,0.24522408129328391,-0.1576199015553307,-0.20524382219568477,0.95051731529982253,0.23322051103135039,0.20701173122060831,-0.19074061777472306,0.95956456784729416,1.1617158109045422,-7.962227663822711,-2.0995584298200152,0.5749215961335133,0.4353672585976251,0.5396825396825397,True,2
0.28891591224404722,-0.93298243188996788,-0.21464244090317244,0.95595063670154379,0.26901063058335456,0.11743790198679152,-0.051826401014379651,-0.23911725662910205,0.96960660153490563,-12.513346567843916,10.537992893686082,-6.560467972649807,,0.4472054849739059,0.8430232558139535,True,5
0.48566170527156438,-0.84829300782273265,-0.21102530869963929,0.87414070637685093,0.4721991910385665,0.11360435483512023,0.0032762001917882727,-0.23963909710559606,0.97085651342035029,-5.8460962312890219,5.0807661732557001,-4.7224367309848443,,0.07045345754822882,0.2875,False,5
-0.93356283306929788,-0.29498130991639432,-0.20358404532682151,0.28989685481769739,-0.95547267842904848,0.055061550490573694,-0.21076112136357614,-0.0076149573621408992,0.97750793456930041,-8.4016806255997665,4.6112553463495694,-5.1911313676265118,,0.06760965191773752,0.2727272727272727,False,1
0.84788622554329729,0.50975595789760786,-0.14573198661183934,-0.48463992638612619,0.85665770304801148,0.17680984576927689,0.21497230120736788,-0.079287093504538927,0.97339635633035493,-7.0561613777119589,11.78380224641233,-5.4851555317738443,,0.09482049617559106,0.3478260869565217,False,1
-0.29434953891151588,-0.92101756346297825,-0.2551176135340259,0.94163607215733569,-0.32511817992368153,0.087290759506474871,-0.16333969681214197,-0.2145339527343664,0.96296174719948557,-10.358569035588905,14.759246022829679,-6.5012968218126339,,0.1025274731636023,0.25,False,5
-0.0087995979513572891,0.98881075021963083,-0.14891563828552323,-0.99452465810686874,0.0068537742142472076,0.10427717965324561,0.10413103040549256,0.14901787150912618,0.98333636283704029,-24.129161372701514,-12.060350241187891,-7.7134222320912214,,0.1398236069165293,0.625,False,1
-0.96112045060148432,0.18135707251332703,-0.20822365784174438,-0.18146888493907648,-0.98321829309789788,-0.018730507644597993,-0.20812621947887344,0.01978384105910664,0.97790187462668265,-5.4238458225716588,-13.319060694433414,-3.2533078416840162,,0.3441397186374238,0.3513513513513514,False,3
-0.41774096691707574,-0.85742086476806945,-0.30053609636708045,0.89053194307757533,-0.45197856605132763,0.051654953186159959,-0.18012590851308807,-0.24605860377268274,0.95237063194523841,-15.002690158097332,12.873460914464907,-7.3205852930097732,,0.1269670248798795,0.3333333333333333,False,3
0.90594116105657474,-0.33292753922455032,-0.26159102876312568,0.40002027736122886,0.8754900707976806,0.27111051922512519,0.13876019026835607,-0.35025189444249566,0.92632025781374983,5.0526916696588025,10.853237696751059,-2.7841340396541332,,0.1781976079866907,0.1041666666666667,True,5
-0.98208913971386091,0.03043386626516071,-0.1859427369924489,-0.028845585109389761,-0.99952066151540508,-0.011241860322224753,-0.18619574075629569,-0.0056768818872485454,0.98249626927345279,-0.52038716896404136,-24.24981860837757,-1.3505738312910776,,0.1710770938636123,0.2352941176470588,False,1
-0.9475319017046836,-0.24724773200822645,-0.202612571842652,0.24246554329773101,-0.96894710125707084,0.048497167740552516,-0.20831167889785188,-0.003173953734282392,0.97805734517585963,-8.8225491721532592,3.3308503748823375,-5.1781851662454574,,0.06859194455860188,0.1808510638297872,False,5
-0.41322554533598871,-0.85840674980488352,-0.30394489726131435,0.88376448230137772,-0.45851134217270129,0.093422100819696249,-0.21955634471440866,-0.23001130621863827,0.94809799625737179,-4.941340005821754,5.6810800416248917,-4.5686564077387599,,0.2860937868532359,0.1358024691358025,True,5
0.98025462387157414,-0.060183080416772589,-0.18835835317274052,0.084971826513576112,0.98833011371076629,0.12642537336867882,0.17855156419741969,-0.13993421012751459,0.97392903014472443,-4.0735126756707372,-9.9603381216553899,-3.1557833881526807,0.207248000728473,0.1813400006574582,0.7055837563451777,True,5
-0.96711417638673214,-0.16237013916930307,-0.19577054869912131,0.15348161424794848,-0.98633716861800613,0.059853019058855886,-0.20281411173697408,0.027837523394817057,0.97882148953299264,-1.377248868849527,3.968751188794537,-3.5891784256670163,,0.2265009593641632,0.8874801901743264,True,5
-0.86454070097572344,0.4999590869126509,-0.051090975424958301,-0.48933586699310061,-0.86059571155144088,-0.14115746715416791,-0.11454163273899939,-0.09703572884632683,0.98866793297686506,-19.646881533805516,-7.6565886696098238,-6.9700186184548159,,0.1957191164997954,0.1111111111111111,False,1
-0.72643478919498161,0.67638850473970746,-0.12161861577580857,-0.68389826307540424,-0.72891609416332559,0.031056294565284075,-0.067643645745084233,0.10573513288241987,0.99209093276002147,3.6753700983199273,9.0536768839546848,-2.931537351555821,,0.07494811784823749,0.1818181818181818,False,5
0.33671640797776953,-0.91474498803291049,-0.22330174085129442,0.94093824295435013,0.3179485281045486,0.1163785049832278,-0.035458194321318331,-0.24929969984904005,0.96777702809616739,-0.2813976137626264,-21.262850629259287,-1.4424749798981849,0.390512080910675,0.5086120132839486,0.9008264462809917,True,5
-0.83047414953004817,0.53947076205503508,-0.1388667845458425,-0.54975339596905737,-0.8339465054480546,0.048004475535779322,-0.089910458695474149,0.11620896238559275,0.98914689833130032,-15.269859425782446,6.9568623379228658,-6.8947690223683962,0.348952293775273,0.1565537321814809,0.1,True,5
0.37448837875933494,0.92205014368021843,0.09788762288202793,-0.91166687822668835,0.34688259456428322,0.22030880312133738,0.16918025097099815,-0.17174399007720892,0.97050607651562382,-5.6816759303373061,-3.8230044873883151,-3.9434006329460365,,0.1595432208655422,0.2652519893899205,False,1
-0.9019817427333513,0.42882569266476134,-0.050373217946582088,-0.41173427528857398,-0.88937466329448711,-0.19871485813197226,-0.13001470043152411,-0.15849679365969763,0.97876194453569543,-1.1313735814312895,11.821434299384348,-4.2660069084697954,,0.3518876718734469,0.2666666666666667,False,1
-0.4985750134960526,0.86415908522391949,-0.068205801383526776,-0.86675788222468575,-0.49585302070357651,0.053484160837727869,0.012398770857969948,0.085783782174118528,0.99623662510325051,0.35726235905819759,-11.972213546937194,-1.9267413602430241,0.3949391228607761,0.1355794786029323,0.15,True,5
-0.95134002247509863,-0.21524679614863709,-0.22050165166008506,0.22774020161345987,-0.97317653161711704,-0.032585869310773341,-0.20757302860954516,-0.081217332247650445,0.97484213221240867,7.1056803757385776,-3.3433406080884982,-1.1726114295349281,,0.5438634563881187,0.4640522875816994,False,1
-0.91770705546416786,0.3826534958008182,-0.10672423577941205,-0.37281858575263926,-0.92236248360965656,-0.10126080656812542,-0.13718623279574474,-0.053138977980749444,0.98911889404179953,-18.676869536584654,-0.74873787562277239,-7.0967965673896449,,0.126110434755446,0.1538461538461539,False,1
-0.14148015617722048,-0.91798190515809153,-0.3705301434571675,0.98457172195430143,-0.16941539638012851,0.043782962408966536,-0.10296547837023019,-0.35861908102007589,0.927787941823079,-5.6116405246744243,-17.67775908167518,-3.0513475107313739,0.8936068151666751,0.4097903742294808,0.6,True,5
0.42731964679556939,0.88935241619445837,-0.16263517230780175,-0.8863138731593857,0.4475856128177243,0.11880588135185115,0.17845346090148462,0.093377722223562498,0.97950751058101693,-8.3948118618624648,11.705037489083283,-5.8015636819437528,,0.07857802482599874,0.5,False,5
0.76931405808827746,0.61482018797172255,-0.17364336005203718,-0.60195550475612858,0.78862599020334112,0.12537391223692823,0.2140220790515317,0.0080736632462794222,0.97679545742199503,6.5526033747702161,6.7121263429204827,-2.1737756272097788,,0.2746305924188258,0.918429003021148,True,5
-0.3871915258944682,-0.82709947775723125,-0.40741769250884052,0.90599840458292469,-0.42327759220308148,-0.0017236101519921276,-0.17102518284950774,-0.36978714665666329,0.91324030408146961,2.7573660163992111,-16.810921011517713,-1.0220693997934709,,0.6597573997637443,0.2894736842105263,False,1
-0.97510451093159267,0.1397081460688864,-0.17219996133232096,-0.15026260005705511,-0.98739118311448149,0.049797615724819548,-0.1630715909806231,0.074433093646428514,0.98380250598647545,13.960775628052344,-5.3224778995561763,0.51662264567359184,0.7687932085666122,0.6119312424614616,0.8169014084507042,True,7
0.41700918276742793,-0.86261777729075517,-0.28634579059172127,0.90883757648016184,0.39198652825100644,0.14269134958850135,-0.010844402487312665,-0.31974541743655838,0.94744143194342789,-1.6509233935716003,10.698306769978641,-4.2654512660305723,,0.2144725140279898,0.1428571428571428,True,2
-0.056199500639912837,-0.97364818547493948,-0.22102223202470378,0.99233103705360093,-0.078881306756726402,0.095167496260414902,-0.11009418253454312,-0.21397885494998981,0.97061440366725538,1.2076697118748934,-17.813273483783362,-1.3456573570304673,,0.09863376134103775,0.3333333333333333,False,5
-0.55378595444352774,0.83012017267010396,-0.064973960839917244,-0.83124036269649626,-0.55570988138201693,-0.015032869273060606,-0.048585760107950383,0.045683986915994096,0.99777372046681567,-11.285281799325077,2.8614581717341094,-5.7548215368916997,,0.38473025484801,0.5030674846625767,True,5
0.92102379083146713,-0.27510004255216031,-0.27574470676739116,0.3535188768584292,0.88760283367241222,0.29527210054703712,0.16352241567194908,-0.36943358840866714,0.91475638468846288,-13.193936959430133,-1.1006691957444181,-5.9143502646021142,,0.2703176169963391,0.2921348314606741,False,5
-0.3551686421143766,0.93011998455936196,-0.093445438529241684,-0.93424866587961963,-0.34974070688045544,0.069719927229665954,0.032166223912365621,0.11206360816095362,0.99318028663740998,-22.78235618066071,2.05011541672993,-8.2296253544688316,,0.3309645184695169,0.4571428571428571,False,3
-0.76805192202215211,-0.60504818025468798,-0.20979262296031406,0.60411449262817063,-0.79325513079105481,0.076105041030631912,-0.21246629114917465,-0.068286140937651632,0.97477950228816213,2.7950329401169025,9.2483031933421636,-3.163994476585855,,0.1840477500546951,0.2878787878787879,True,4
-0.98441039033623123,0.032129495277171322,-0.17292738051362166,-0.00994573874344277,-0.99176927638474188,-0.12765102702341335,-0.17560542610897839,-0.12394110679076267,0.97662753205537101,10.148202290026086,-12.767882759573583,0.33096620886528494,,0.2121767518821538,0.303030303030303,False,4
-0.0063708995585901847,-0.96969337705338388,-0.24424202369292891,0.99404527646183083,-0.032711356734265687,0.10394207754573949,-0.10878143215979127,-0.24212542542947962,0.96412752184441719,7.7396506162014598,-2.1641277903949292,-1.1182604723586271,,0.3036281855906245,0.676829268292683,True,5
0.15626783788645993,0.98310680677600759,-0.095296218775840519,-0.97854960813823688,0.16720856225894082,0.12034102010453604,0.13424241972935955,0.074446646519367679,0.98814810102900397,-21.461248966065092,0.96569133859224321,-7.8677845723405104,,0.7111998969625528,0.7108433734939759,False,1
-0.19894798789586879,0.96505378678042886,-0.17056050754187063,-0.97783198059721088,-0.18387945727872049,0.10016467896528841,0.06530172917711527,0.18670708023971269,0.98024290375133061,-2.4755186586132689,-6.1998713550566329,-3.0145667661112103,0.5458872563343082,0.2462312448799209,0.7567140600315956,True,5
-0.97813137421817753,0.10537641885878608,-0.17931766538341387,-0.1181943718034443,-0.99103184174164238,0.062337622092584172,-0.17114060080544732,0.082168722776165604,0.98181423688663461,-14.401966641997141,1.547560117417506,-6.3149858557847116,,0.08481878365055043,0.2619047619047619,False,5
0.77918108816589404,-0.57379557109756452,-0.25226072709288844,0.61815942933800339,0.77005113605321029,0.15779787002261284,0.1037099405318832,-0.27889046317860966,0.95470642491966784,3.249204055211945,-12.218051139618204,-1.3260272418915651,0.3040017467715239,0.3537142111593224,0.6538461538461539,True,5
-0.1096323011398814,0.99393452979551811,-0.0086550001119385933,-0.98752437455564113,-0.10792679515516609,0.1146621844638659,0.11303259797627035,0.021117702708820296,0.99336683779308721,4.4651748074377045,-18.388961039092582,-0.51266963739735849,,0.4068242102206273,0.5862068965517241,False,3
-0.15689295162441808,-0.95058082965431301,-0.26791918188941999,0.9781257048105334,-0.18707503982702778,0.090956226079433433,-0.13658223647120107,-0.2477882478396303,0.95913829915872451,6.5803024267847476,11.896885444678817,-2.5742609411239861,,0.1425594966665552,0.3230769230769231,True,5
0.4639437640909721,-0.83318952760042608,-0.30091758815010983,0.88585003499008552,0.43830106855929063,0.1521903045789969,0.0050891324569382751,-0.33717559875643832,0.941428019730703,9.2383759608262928,2.0854765868833938,-1.1759677757461389,,0.2098791425468227,0.4224137931034483,True,3
-0.16564277761343871,-0.92603065641884785,-0.33916027715076319,0.97665299025907637,-0.20173788855169703,0.0738292688620652,-0.13678964450026521,-0.31901261369290818,0.93782703387261679,7.663196515322209,-7.9230448396951294,-0.65110070445548962,,0.2055978605061263,0.4615384615384616,False,3
-0.40120950066226813,0.91414153461635572,-0.058105002087494556,-0.91596349167556845,-0.39994365482984295,0.03249545935739679,0.0064667221862658858,0.066259547618449904,0.99778146598018358,0.55391254172808368,-16.180792702423695,-1.6040786471528545,,0.2264211571036286,0.4761904761904762,False,4
0.71616353204967398,0.68904268993081885,-0.11104038371258249,-0.66101492031511844,0.72070105006615426,0.20892408083880742,0.22398453179390265,-0.076224457272219076,0.9716073083456207,3.4475045486374287,-22.169985648676612,-0.42521401519646751,,0.330957833955947,0.1428571428571428,False,4
-0.41182924979454394,-0.81162427524691816,-0.41432198209071447,0.89228531155967528,-0.45146484703566564,-0.0025327190757145207,-0.18499619398386735,-0.37073646667272714,0.91012684857139858,-2.9198005337391617,-21.203733848705546,-2.1037570260456908,,0.3698805771930856,0.5348837209302325,False,4
0.91406468340399782,0.36728289017340132,-0.1720146305970004,-0.34542268091713924,0.92727575163944154,0.14437053691638277,0.21252982393434927,-0.072546254261551368,0.97445785692920173,-4.1797868753179603,-28.295834691709686,-1.9970023408965079,,0.1885165857945799,0.4634146341463415,True,3
-0.62984400497252435,-0.72999953263484341,-0.26532472887592495,0.74376086334639091,-0.66529154752231445,0.064860889213743445,-0.22386671828211543,-0.15648590718744146,0.96197497540077481,-3.599518789295268,9.3357213779152843,-4.5666030751928242,,0.1350710447747467,0.2786885245901639,False,5
-0.72507442739869687,0.66984261683779378,-0.15993105827308662,-0.68408852121081209,-0.72730343569544631,0.055250407900801386,-0.0793093303467962,0.14946765902193399,0.98558076737852729,-7.3983135716596831,5.0837817906989926,-5.0043881471939251,,0.1191868855554236,0.3111111111111111,False,4
-0.82248376427607672,0.54849771913349121,-0.15056795677571513,-0.56050352897978661,-0.82660712320450636,0.0505614266884927,-0.096727718382380881,0.12597982367398469,0.98730584548234657,-21.562685261258153,-4.3489821286148143,-7.492834545750104,,0.126215772978642,0.2857142857142857,False,3
0.78555360054418433,0.61780646316950061,-0.034938728340615649,-0.580904410438559,0.75573111328219478,0.30235831450496486,0.2132032049597217,-0.21722260122566794,0.95255379633470361,9.1728110640054314,-23.817897503567366,1.0233688054739782,,0.3514755099055329,0.2352941176470588,False,1
-0.97925785577921276,-0.062539366695860951,-0.19272488035533664,0.056119447128482734,-0.99767771888760926,0.038597628025682361,-0.19469119021848838,0.026981416725148893,0.98049341843931404,2.7192969908700566,7.1199409709801564,-2.9760440712341518,,0.4595046459556121,0.5142857142857142,False,1
-0.97531136768812599,-0.064693217555356619,-0.21114574033271705,0.073734258653804716,-0.99665573973583144,-0.035222088983980104,-0.20816098375797926,-0.04992117841114023,0.97681977907234874,-19.185286351059098,5.7996946462018997,-7.6531176045495739,,0.3388925066010559,0.5384615384615384,False,2
-0.83768351004298902,0.52261582416804198,-0.15861600591117697,-0.53494928157180222,-0.84366138696344395,0.04543930339177029,-0.11007090054991372,0.12291527356709936,0.98629419159602427,-2.7583598444031181,1.4624365484640827,-3.6714037057589315,,0.108912108252818,0.3728813559322034,False,5
0.85210057973491493,0.5196802631088987,-0.062104960755851493,-0.47740762161202543,0.82039565624287436,0.31469497937617363,0.21449140971649433,-0.23850239276134566,0.94715893270609108,-8.5434219831570744,9.9536810719342483,-5.6583948593858509,,0.1147270730557348,0.3076923076923077,True,5
-0.13404141647001017,-0.95970204836826722,-0.2469916537627653,0.97842097352532575,-0.16771490909026987,0.12068184550543076,-0.15724279708930228,-0.2254854488134321,0.96147335643632781,-8.1369464647232874,13.921186325146405,-5.91912635225715,,0.4519886004972679,0.9574468085106383,True,5
-0.73357221992633015,-0.63917345094834288,-0.23093093719798899,0.64585778647068859,-0.76141385633991088,0.055827045674720084,-0.21151718088027227,-0.10819537409876175,0.97136720307826474,-10.193462123492155,9.7812144569433208,-6.0227716945244092,,0.09451891189520752,0.3225806451612903,False,5
-0.81414032153358873,-0.49321207068180428,-0.30645944297239675,0.50937939597061743,-0.85998930657927497,0.030838669392610998,-0.27876184784470359,-0.130997121735803,0.95138403722321374,-2.7102888135894245,10.325307396432516,-4.4618036945173269,,0.1717944744857989,0.1891891891891892,False,2
-0.95648223247426545,-0.18643438394435946,-0.22446371520656511,0.18816146521608773,-0.98204018741227272,0.013868428714338868,-0.22301794091234409,-0.028970515883512869,0.97438375768516516,-17.418911731544227,7.8424346774872724,-7.4433361406014376,,0.1882474266055933,0.391304347826087,True,4
-0.51249758078551522,-0.77453441343643481,-0.37073261536000912,0.83751483104970936,-0.54615810824062982,-0.016740029115673447,-0.1895128952361067,-0.3190732881419166,0.92858876761111753,-17.561028854762224,-8.8181150797651675,-6.385745392353801,,0.4635249139542551,0.2790697674418605,False,2
0.35565800564421929,0.92491343495638778,-0.13432245105846027,-0.91824908528440874,0.37258078642923981,0.13417218399547687,0.17414362002532119,0.07562205644483036,0.9818122550587417,2.1929529902693092,-26.157981472838816,-0.47139854240339862,0.3850527686403468,0.2183529924888427,0.9285714285714286,True,5
-0.95166098163584534,-0.17295026548896941,-0.25382982822984868,0.21350271596402728,-0.96658653427834307,-0.14186987709787346,-0.22081206105619183,-0.1892053842232741,0.95678804145591201,7.6915367673420691,-20.235602072331574,0.4103402708569322,,0.3060466750017607,0.2580645161290323,False,3
0.76948008434673021,0.63676036173079387,-0.049362349237229958,-0.60737683748729376,0.75348447083487546,0.2517032568216423,0.19746842045674834,-0.16369909571881192,0.96654478891728612,-20.521440932280619,-0.46242728716835663,-7.5320887527088294,,0.2320576526940573,0.1818181818181818,False,2
-0.949123299956799,-0.2361781035971047,-0.20829033789494683,0.2358259855258687,-0.97142319633553231,0.026890112904382639,-0.20868892167498646,-0.02359824151357344,0.97769732380098007,-14.575022873282856,9.7551707338606342,-6.9572193813755776,0.1257635637301865,0.1256215956693666,0.2903225806451613,True,5
-0.96120733894312271,-0.18656218899088334,-0.20316249949439649,0.1838424669425385,-0.98242324197008923,0.032349976591348834,-0.20562684384671756,-0.0062548601830193645,0.97861048319222921,-6.2143118015923307,4.1503376003064449,-4.7038813758198028,,0.06962409443585463,0.24,False,5
-0.015465493289537278,0.98476618026911578,-0.1731946555627093,-0.99465994649349831,0.0025250305562669962,0.10317565149898349,0.10204121402090952,0.17386544918086563,0.97946842533196221,6.1482504601784536,10.808168645677778,-2.56344837580128,,0.0696679799094666,0.2058823529411765,False,5
0.16114728788537169,-0.89702746915208253,-0.41154984047354282,0.98418197101480853,0.11496105477011062,0.13479541466811926,-0.073602985921739292,-0.42676184866123273,0.90136392483316707,-9.8270595173910937,8.2054170123099812,-5.8208654836433622,,0.2062090055793696,0.2592592592592592,False,2
-0.96684223911660416,0.18126480419720944,-0.17988650705191311,-0.19549257207851967,-0.9785718706551616,0.064650972340572238,-0.16431292986894061,0.097673766804623863,0.98156054136058257,2.1824158570875865,-11.366641363303673,-1.60306167106237,,0.06783603726008014,0.2413793103448276,False,4
0.80385223531438443,-0.47761735098093072,-0.35454654112263873,0.58761035576612042,0.73019717556748709,0.34860601628439869,0.092388600901203016,-0.48856294459897753,0.86762353333015096,-0.5392519424052904,-27.081048658048786,-1.1391967448109974,,0.5408699078990553,0.2105263157894737,False,1
-0.34054959504987731,-0.90185455525498404,-0.26586525624308088,0.93145277840458596,-0.36214256498690284,0.03533389629071617,-0.12814716116145916,-0.23560798753552725,0.96336243506570107,-10.657648335510103,18.457595376002686,-6.8092167313663099,,0.2636372628930655,0.75,True,2
0.88072479826704475,-0.40376187812283332,-0.24758872246569619,0.45481006475546304,0.86686386818800321,0.20419314147949119,0.13218031137277864,-0.29244380623438465,0.9471034713697023,-9.2985492250653117,1.7238832166020679,-5.1841001795671904,,0.1170518607596823,0.36,False,5
-0.062771752350370275,0.99163620597572166,-0.1127711935954422,-0.99362587168500405,-0.051493650765752741,0.10027976390594052,0.093634044156387181,0.11834711204288689,0.9885477362505205,-5.0571091725001391,-8.2336977230279871,-3.4384280266675677,,0.09301061090578072,0.3571428571428572,False,1
-0.20267357626387747,-0.94042752178562716,-0.27298259606164138,0.96874951966075862,-0.23326036721111329,0.084344349221421075,-0.14299576791450405,-0.24735738791610729,0.95831442282888613,-4.2141175913353992,13.825124064011868,-5.0531283618348279,,0.06886725044566502,0.125,False,2
0.42661295494543827,0.89187306007211753,-0.15021262060931595,-0.88791383951750413,0.44460271784271649,0.1180569222034588,0.17207672784547345,0.08301125227622265,0.98157971236651376,-1.3875782779069428,-14.174420989871168,-2.141465100180469,0.4796433234334154,0.2699716851384136,0.9034090909090909,True,5
-0.17431742674204881,-0.90221976362670286,-0.39447805117066598,0.97496547545997569,-0.21430205705258779,0.059303878491479431,-0.13804258906269906,-0.37426478122367529,0.91698970394463031,-11.68081307250174,11.483164654151448,-6.4702277115167082,,0.1126487720351751,0.1785714285714286,False,3
-0.53008137573258884,0.84527624744755192,-0.067244335095469246,-0.84781540555488877,-0.52972595469953465,0.024483688886002719,-0.014925588941349155,0.069989130717935125,0.99743608736404876,-12.229920656515386,0.44782332382789614,-5.7776416185374533,0.6984420387193028,0.4141244223382013,0.5570469798657718,True,4
0.92566187269774736,0.35423229786125798,-0.13292695958921186,-0.31566362227002642,0.91674475941809141,0.24481732711315932,0.20858229792833613,-0.18465785992315206,0.96041392105671608,5.9790357914413645,-11.393869261907861,-0.72727003463698303,,0.4078641870727949,0.3214285714285715,False,4
-0.31735936268608123,-0.85107485671325522,-0.41827577408450933,0.93443263899664608,-0.35582317970495775,0.015016922534782345,-0.16161274112286672,-0.38608477444100842,0.90819594188236041,8.6013463782074471,-14.258501452210133,0.05344643220928795,0.4836769147072264,0.3146204900710895,0.4,True,5
-0.5581290165354017,-0.74231509752571267,-0.37075638482245532,0.81316499825906785,-0.57823269093577412,-0.066405125852628977,-0.16508993460400628,-0.33854874260372769,0.92635309810777833,-7.4699020085411538,10.376493191690209,-5.4599297989745699,,0.2379070271922387,0.28125,False,3
-0.95985199684676625,0.22410098336593343,-0.16870949411249972,-0.23005141226642992,-0.97304138323867773,0.016334448848373498,-0.16050075346706336,0.054490510727838205,0.9855304624298139,-4.0496038823723914,2.8254900962225413,-4.1008645439562246,,0.06832576078064086,0.3253012048192771,False,5
-0.054273009030024744,0.99818232144443997,0.026201023770375198,-0.99396719488295249,-0.056511164624756124,0.093998424291412586,0.095308215738946447,-0.020941380769725459,0.99522751297586043,-0.81396735101017437,-18.965432577889089,-1.7159200682382374,,0.2523916335762519,0.4347826086956522,False,1
-0.86770954887408691,-0.44393663340858175,-0.22360770181410008,0.44367001150020968,-0.89454318744168748,0.054308440385173989,-0.22413625250756025,-0.052084079328722659,0.97316503687316425,-13.886491030992492,3.3468519469689282,-6.2991968998522641,,0.3858914185593458,0.8666666666666667,False,6
-0.8780597013654512,0.46088017786223356,-0.12884340298086866,-0.4662638715467331,-0.88454268685468973,0.013499526737543052,-0.10774582557234429,0.071928414312857694,0.9915730635138148,-9.361482404393719,-0.13885464076724907,-5.0575245522010741,0.3816109134148525,0.3621305185766329,0.4681208053691275,True,5
-0.942739274123223,0.29224994115035591,-0.16072533379412093,-0.29794317148001925,-0.95450825523829308,0.0119940506242385,-0.14990839734333056,0.059194278267096966,0.98692629401915877,-7.9103708051120094,7.0896353733982025,-5.2560811111231516,,0.08105526145108993,0.2625,False,5
0.95952971468445614,0.26220439482062857,-0.10272089356267894,-0.21719487974855506,0.92124191379407594,0.32270686463110648,0.1792459507173817,-0.28733637362119069,0.94090844270080087,-1.5950701744908724,2.8827940204322897,-3.525314656513336,0.8465343315751331,0.4801954629573743,0.2279411764705882,True,2
0.57402142242440446,-0.77406629978825781,-0.26705948799841867,0.81686857675593072,0.56394698232639096,0.12120036895033068,0.056790271231985136,-0.28772411205366744,0.95602808558970953,-3.5653883119133924,-8.2737947997673764,-3.0741967125102589,,0.07709711581356077,0.3298969072164948,False,4
0.50031030240848851,0.85425371780290493,-0.14120972673241267,-0.84509145458199209,0.51727406021041278,0.1350850843947172,0.18844106425198429,0.051750673941023104,0.98072005845206933,-7.0302857632504754,13.055707161678351,-5.624896610245357,,0.526931768409208,0.9444444444444444,True,5
-0.95382509412778016,-0.21427810087275756,-0.21048179327080693,0.24911947223556929,-0.95585521091032322,-0.15582138597975564,-0.16780100823654731,-0.20106146140408143,0.96509953392013004,7.9372762320575383,-12.398729025506693,-0.23957636295701523,,0.3484076866441427,0.2727272727272727,False,2
-0.50324981546845493,0.86412734383125911,0.0048535424276801575,-0.86413286783207732,-0.50326148485600275,0.0015048564181878582,0.0037429885484620423,-0.0034367868224162712,0.99998708918318624,0.82142294330322685,-25.761623204027003,-0.84583174025796592,,0.4785463253423673,0.5,False,5
-0.43492127655778473,0.89868615188038348,-0.056627587055912199,-0.90029052835101364,-0.43272447093709099,0.047185769185923154,0.017901054683999579,0.071503375239513001,0.99727970979588143,-5.6402295404339799,-15.626728110283825,-3.1901451845508166,0.5667842898260254,0.456133803143314,0.6333333333333333,True,4
-0.96591719553959676,-0.052220466088199746,-0.25352907975703898,0.071284488198975732,-0.99523050736088892,-0.066593985917625845,-0.24884230569404781,-0.08239696681139444,0.96503276978408947,-15.204872895671059,-6.757562859086284,-5.9225127065877627,0.6370524830839777,0.3524598778418667,0.3452380952380952,True,4
0.97961639151691804,-0.041973177543591422,-0.19644331965802667,0.084502636632011796,0.97329588338609985,0.21343483264431878,0.18223893621729048,-0.22568423903889337,0.95700344533121984,-6.9363515249306564,6.7029411605425073,-5.0261921767216577,,0.1301455224923784,0.1538461538461539,False,5
0.63325096805322556,0.7697989293414208,-0.080017622086982945,-0.74724165699726508,0.63504894297666903,0.19581303856535448,0.20155177376454531,-0.064206295711696143,0.97737118541695722,-2.9086887049354067,-23.333409846752716,-1.9791014990447862,,0.9116285394009342,0.6111111111111112,False,1
0.7979957558202081,0.60265843986009571,-0.0023618971886879281,-0.56348454407621096,0.74750311194226016,0.35174460368833171,0.21374737958664949,-0.27935980831542723,0.93609302701056818,-14.26574130714901,15.071168600591172,-7.3237311201238953,,0.3370784210564818,0.1666666666666667,False,1
-0.84268296206571758,-0.48102236827102351,-0.2418737411689893,0.49277302459413236,-0.87005326272959504,0.013493192577588048,-0.21693356512190121,-0.10781837151673612,0.97021390790226247,-5.0574327165330031,8.8589233505449503,-4.8473236971589415,,0.09788869770683226,0.2641509433962264,False,5
-0.31320533555236013,-0.88978796859994469,-0.33193341006340071,0.93622244679059607,-0.34793500021964091,0.04928250955042688,-0.15934223516369717,-0.29532796440049947,0.94201456758167745,16.762784403173935,4.2643430070733679,0.22639612575684195,,0.2561228513239556,0.3888888888888889,True,3
-0.82097201326582181,-0.51630571493765531,-0.24378958582552276,0.52927118281407659,-0.84833248599374844,0.01428314567086357,-0.21418909513990594,-0.11730473959045036,0.96972296538380742,2.3175676336855564,15.078603639414041,-3.803226779796435,,0.1057870583408285,0.1818181818181818,False,3
-0.9806199069420245,-0.031256038624462953,-0.19341059474217062,0.058937140049290744,-0.98852725192043778,-0.13906935583886318,-0.18684488655519682,-0.14777324609052939,0.97121164331367149,4.7643395531033592,-5.4423918735217001,-1.5266045765208609,0.4967738356303442,0.5140523635946112,0.3461538461538461,True,4
-0.60638754832509689,0.79007004135431602,-0.089908125276126349,-0.78547944103637712,-0.61275465198649826,-0.086912508754987294,-0.12375859140059145,0.017918320883800021,0.99215056560546622,4.7554482688294168,-10.395864253487295,-1.126646305779788,,0.398644712006955,0.2807017543859649,False,4
0.10898100902088304,-0.95950855365471699,-0.25974309449188937,0.99046401747020607,0.08266002320949839,0.11021955661217159,-0.084286237130202502,-0.26927802737400902,0.95936706958493889,-9.0526953381155906,5.9141089681455501,-5.44769668546187,,0.249174629849527,0.1951219512195122,True,5
0.94611393673292543,0.30895293647537619,-0.097038661176717791,-0.25477353404699377,0.8951145416664541,0.365869380580639,0.19989713621993932,-0.32143123734400381,0.92559337432296418,5.7636282822170841,-15.662596805025938,-0.41657778368562348,,0.1928068171922738,0.8333333333333334,False,2
-0.031975022177037224,0.99433403960575328,-0.10137758942726238,-0.9945073682121065,-0.021537657191125319,0.1024266756980223,0.099662894442255956,0.10409585488395866,0.98956119591835745,16.722407069844852,2.910711203507272,0.3381574965158477,,0.1240005036500459,0.3157894736842105,False,1
0.68712706233361009,0.70486781161369172,-0.17611862013912011,-0.69641681273227585,0.70807024190010925,0.1167910761973641,0.20702662426026425,0.042401659005816827,0.97741602000425254,-4.4393881429588742,-6.7836971572932239,-3.3642697039114666,,0.0669747103607574,0.1666666666666667,False,2
-0.90619355772081134,-0.35392012621085123,-0.23141689698073864,0.36501967511876449,-0.93098325166431617,-0.0055517471779567146,-0.213480380179281,-0.089502678079660808,0.97283883449165331,-19.763099175994988,7.4252184527696192,-7.8983413401492388,,0.1526291152848006,0.2307692307692308,False,1
0.28313907966486618,0.95606695851281365,-0.07594888021947184,-0.94607924083147843,0.2914182345483059,0.14145487846123739,0.15737322400671405,0.031802254838418559,0.98702699302143027,-15.098239757610092,0.35706142012273301,-6.3967038998171901,1.065082877406463,0.7696187347027105,0.8099547511312217,True,4
-0.97337670047423364,0.16244649274395834,-0.16170632631124787,-0.15219332741648797,-0.98557841204710783,-0.073975568917025655,-0.17139133602312107,-0.047395471322553673,0.98406233503489049,-18.320054983366017,12.168402355075855,-7.9552731750907384,,0.1675099642351045,0.4666666666666667,False,1
0.075787357798519084,0.99708501768607849,-0.0088172503577449712,-0.98737291045876108,0.076276917647310483,0.13884007896288439,0.13910791526765759,-0.0018164085931645091,0.99027556193703403,-15.265473478919882,-1.8662660731867222,-6.3131018534564909,0.6786888739411594,0.4169116028752505,0.7770491803278688,True,4
0.59932252362696758,0.79469050279813647,-0.09633025192454836,-0.77640306042202345,0.60635983828865325,0.17183141237234056,0.19496358747396375,-0.028191333295933541,0.98040524696998577,11.154705200022399,-4.6412856880605498,-0.16062050604107517,0.820609087500574,0.3092620300001235,0.1818181818181818,True,4
0.023745011124300396,-0.93495058772457029,-0.35398244724871153,0.99457695713738059,-0.013770720666841998,0.10308755300065986,-0.10125636166708192,-0.35451060035744453,0.92955332469748542,-16.253943455970173,4.140150373105131,-6.9144242584866396,,0.1796321000842876,0.2142857142857143,False,1
0.98011501599352824,-0.044404029182974245,-0.19339813240133336,0.087814861101313257,0.9710664615441178,0.22207763830233579,0.17794129816814072,-0.23464485815057534,0.95565615414213356,-17.469925668808337,10.01760816058926,-7.6022593081872767,,0.09246471088907397,0.3333333333333333,False,2
-0.98204590951079207,0.080654202658042032,-0.17053073390657675,-0.071215171833406782,-0.99560797052772776,-0.060771443313423781,-0.17468323020215354,-0.047535971802981004,0.98347653783447564,-2.0349320233664092,13.157052274237817,-4.5569000829019739,,0.184557263127218,0.1666666666666667,False,2
0.86268702882659976,-0.43196564641180224,-0.26301477261622785,0.49437433406548542,0.82991573979798916,0.25852249931652588,0.10660726106433881,-0.35305175988173337,0.929510272526759,2.2606987234786198,-12.806375023981616,-1.5149297988695252,,0.2141756932065982,0.2727272727272727,False,3
-0.5712561284249833,0.80553047076007633,-0.1574391832230774,-0.82045549100351101,-0.56575735675144578,0.082288520243139901,-0.022786465699788275,0.17617966386239861,0.98409425515153037,-20.116069373861038,15.652370816653368,-8.5825395783538205,,0.7097355050403593,0.6521739130434783,False,1
-0.97917486952233335,0.14052521772342061,-0.14652384816031652,-0.13026574004115682,-0.98844902974837701,-0.077455487610775198,-0.15571580480944117,-0.056755429460787682,0.98617007121452949,9.8851072876383075,-8.0019808007978455,-0.16184199971955848,,0.3325865175591658,0.25,False,3
0.95309261092555719,-0.17013212499667874,-0.25033884046072019,0.26262405670935907,0.87600743614080179,0.40452388886632784,0.1504761769737081,-0.45129373125507988,0.87959700334485225,-2.6021183078794077,-19.86473421783348,-2.1044409116175942,,0.4424482061586977,0.203125,False,2
0.78872549308454309,0.60317626770292532,-0.11870335563291012,-0.57143974321946556,0.79055619696786184,0.22017610975076801,0.22664667751329506,-0.10582669566645189,0.9682107177967535,2.1037240697465895,10.462948023092107,-3.4283426608130849,,0.4610859778596708,0.3333333333333333,False,2
-0.97033917025297844,0.20110886010513968,-0.1341533490449385,-0.17328883318219365,-0.96556230295457324,-0.1940629264115516,-0.16856119057219426,-0.16505958166756873,0.97177284358671612,-17.428902989052169,-0.95394410710539579,-6.8397549594185083,,0.1184817172594274,0.1785714285714286,False,1
-0.23437977090771847,-0.90706349823833254,-0.34971693289414185,0.959518666399929,-0.27363958873317645,0.066673115331755184,-0.1561731469214504,-0.31993309557089955,0.9344799422882627,4.5791278769355905,12.339318927638523,-3.0403436923710347,,0.2512995166547007,0.15,False,4
-0.97857724202897611,0.077709975104001072,-0.19065083569787045,-0.075483591569951936,-0.99696746505548761,-0.01892355739637587,-0.19154322955056793,-0.0041271527920343932,0.98147550036828102,-16.601931856375323,1.5218225376824117,-6.834004938877249,0.07060224330977001,0.2164252424747149,0.2631578947368421,True,4
