axis_00,axis_01,axis_02,axis_10,axis_11,axis_12,axis_20,axis_21,axis_22,location_x,location_y,location_z,dbh,dbh_approximation,score,reconstructed,number_clusters
-0.63583879751890027,0.77181440379217159,0.0033984803447217327,-0.77035470489078806,-0.63435259042079384,-0.064423750892473847,-0.047567344074961687,-0.043581155622162859,0.99791684555993487,0.55720639559880092,-4.6829455495826773,-0.6410959924946712,0.3318554987763945,0.2245798182897525,0.5217391304347826,True,4
0.98684828442151606,0.090885196281200731,-0.13368000834544422,-0.079147898798555841,0.99273291571641142,0.090647494002682391,0.1409470597425998,-0.078874832171741488,0.98687014708106124,-26.725664707997741,1.8819844137363861,-4.3397647485512589,,0.4467193301041454,0.6785714285714286,False,1
-0.78238155009232258,-0.59095214172012311,-0.19660792525108325,0.6079855184387648,-0.79315905115883245,-0.035388259826795297,-0.13502858750606281,-0.14722189294130761,0.97984335217160967,-16.97578800310729,15.638564984220636,-4.025163078392116,0.8182304362130854,0.8916697381293759,0.77,True,4
-0.64629857492679754,-0.74309541132564194,-0.17351473053999281,0.75477445882481364,-0.6559812323292542,-0.0020344870370067984,-0.11231058878530163,-0.1322793729141809,0.9848291725716346,16.078198889262843,-10.047914139676699,2.397143716751494,0.5716240929930502,0.5007325127289042,0.8787878787878788,True,5
0.99187836947993135,0.040751566923541961,-0.1204848951159843,-0.024703071647037673,0.99096724259126923,0.13180926508504301,0.12476801837424117,-0.12776241193846455,0.98392566166689233,-8.8026231003017337,-8.9991593842518345,-1.2661307427475099,,0.3927571909642086,0.3461538461538461,False,5
0.4809969861782134,-0.85181185816255134,-0.20750531940443445,0.87283673206190149,0.48751762165414692,0.021968334943376168,0.082449611587779387,-0.1916849677735451,0.97798718533459272,-12.068559304969218,15.386811971790824,-3.4606813934031626,,0.1763276471599422,0.4411764705882353,False,3
-0.97766989564554152,-0.15224269406581298,-0.14485764478279611,0.15419877828939599,-0.98803715435643569,-0.0023061624605412757,-0.14277363875202298,-0.024591537463525496,0.98944981902200935,-6.061145179736239,-2.8840655922437861,-1.7323315907386356,0.2719136184764934,0.1960367279380893,0.747557003257329,True,5
-0.97960477946663627,-0.15047131002284925,-0.13316478853710462,0.15992458082039543,-0.98509516851867784,-0.063337488192854549,-0.12164951498277748,-0.083342029139964927,0.98906799649128752,15.887894570643475,-4.5302993536484522,1.8585143713078027,,0.1565974447561614,0.2,False,5
0.61344291093313308,0.78732061270040576,0.061757977969993438,-0.78412211871737802,0.59790443326614706,0.16632135046006163,0.094022858731562478,-0.15045444991008239,0.98413574294311645,-13.785874631433369,10.027076718293841,-3.4021338127455989,,0.1155228242595483,0.3181818181818182,False,4
-0.37288379747458744,-0.84677070568343171,-0.37939036041696472,0.92394127761856804,-0.37647041662659725,-0.067842029138027407,-0.085382604162086179,-0.37583160777318847,0.92274612624769181,-11.783156976014599,24.209376200588746,-3.8602178908328728,,0.6082577461393612,0.5217391304347826,False,1
-0.98243972903473442,0.15348093901645529,-0.10609326167474079,-0.13093008540293152,-0.97221765339933786,-0.19403645831406691,-0.13292663973236862,-0.17673832571718204,0.97524052042157705,4.6989277128168423,1.3434240240962214,-0.59412205467861612,,0.1289163625445022,0.2297297297297297,False,5
0.24996297170354917,-0.92113149972062958,-0.29838778962878787,0.96802179776752661,0.23097125352064549,0.097908524113208981,-0.021267623846017839,-0.3133193901907842,0.94940963124797639,6.0523394814380911,-19.195810027700318,1.9007976302767298,0.5225474552819308,0.2740765242890718,0.2666666666666667,True,5
0.66374486095242435,-0.72143562058951116,-0.19741683034603708,0.74503167363236511,0.66103114115808459,0.089250410104380312,0.066110247645930792,-0.20632129256058318,0.97624841069900137,-5.0307641937716836,-3.2952677390491294,-1.5631457708443379,,0.07212514524650596,0.2079207920792079,False,5
-0.15623225080635139,-0.97035847743213899,-0.184379795757457,0.98672520049635681,-0.16170884603560901,0.01495419069210031,-0.04432676971543599,-0.1795958640654399,0.98274130018900796,0.59135196969108983,12.864946986230448,-2.052273941142511,0.413035878532842,0.3898335820369476,0.9174311926605505,True,6
0.97881163247517589,-0.10024372764599029,-0.17854686555332813,0.15624642996344359,0.92922623226896217,0.33485170208154635,0.13234364833629311,-0.35565405147540002,0.92520016991685317,-8.5844371816177123,14.691669172989318,-3.0897378308870076,,0.1960822915092871,0.2093023255813954,False,2
-0.95341969693668294,0.28697304382565109,-0.092937363910354037,-0.28101317717409768,-0.95698742805826642,-0.072157167301279676,-0.10964705079336971,-0.042679440669561662,0.99305387044029536,10.218669640304721,-7.1253070081342971,1.2699296376398459,,0.1286677559925219,0.5,True,5
-0.84655080316098996,-0.48248110134919281,-0.22486379101214199,0.50093969075386702,-0.86496257515888852,-0.029986160173049874,-0.18003100814832618,-0.13802800590957401,0.97392869640940516,-19.184891622194218,8.1515259092386128,-3.8861934241215024,,0.3182102065235427,0.8387096774193549,False,5
0.22532190563962123,0.97148986864657194,-0.07373922942367607,-0.97118402764202327,0.22999381700786528,0.062485427030405244,0.07766352613646324,0.057535026333708397,0.99531808857913961,-6.1943331826024837,-5.5602079277744716,-1.3670039439678008,0.8803624207562641,0.3954892485171103,0.3469387755102041,True,4
-0.85093495477607173,0.52239212106834254,-0.054919710359420615,-0.51107902252344606,-0.84754606224686668,-0.14305210626310097,-0.12127627746894062,-0.093659725685850195,0.98819022475823337,-14.307426598176775,14.360352061744031,-3.6599699797408087,,0.2233653124665317,0.3103448275862069,False,4
-0.8905330739807541,0.43445346379352728,-0.13491120021775485,-0.44162696952732561,-0.89678588969079887,0.027215580787363098,-0.10916255737431027,0.083816799326203353,0.99048386166469748,3.9136936862638372,0.76049040370030119,-0.68435897499150622,0.09693248081028621,0.0951491371254359,0.5943396226415094,True,5
0.53363160727316683,-0.80757571942547512,-0.25111504358258296,0.84479271237437692,0.52288676268620815,0.11364289034814347,0.039529493270210506,-0.27278359701778809,0.96126298605524019,-2.7221994107055254,-12.358478039189881,0.055262808402795689,0.5479397281610273,0.5156447247474164,0.4807692307692308,True,5
-0.81032121048503958,-0.55356303411752583,-0.19221733297665791,0.57384434752576352,-0.81605321083210636,-0.068991462539514034,-0.11866844842160679,-0.16620807546328487,0.97892424374922882,-22.194082814631845,12.871693502108903,-4.4719581057832256,,0.546222386937228,0.8926553672316384,False,5
-0.96540465264888264,0.224311413947271,-0.13295956609761569,-0.22778474167577126,-0.97364575471862624,0.011316173297496283,-0.12691717024734034,0.041210846768451978,0.99105685911810082,-23.022889949888693,3.9431458124182663,-4.065464961156291,,0.07901177170554587,0.2903225806451613,False,1
0.050348498361768246,-0.9165176974443896,-0.3968127253301606,0.99831561319031181,0.034716860766814323,0.046483072606593429,-0.02882646653974813,-0.39848469211468102,0.91672186893141205,1.6762861302893373,-3.7170749439464998,-0.62137380810896181,,0.6618247016193917,0.2142857142857143,False,1
0.91386684495024362,-0.34312993058905494,-0.2170466319357173,0.38950971200027329,0.89179866439221045,0.230168039583551,0.11458435302497752,-0.29488471123851295,0.94863767220136652,-7.445359176249454,-8.9849962440934661,-1.1394299996786268,,0.08676872888662368,0.25,False,5
-0.94915597856731704,0.28889154856830396,-0.12507838148827541,-0.28855473753084238,-0.95722864197680868,-0.021201189300178298,-0.12585345366109726,0.015968723964130217,0.99192031336016706,3.9025427040238583,-9.7949456273930675,0.66594503245080272,,0.1348661769348584,0.25,True,5
0.9886685479280134,-0.060450260196158345,-0.13740548890102713,0.069712703293201075,0.99553607373914144,0.063624404779998672,0.13294600910695908,-0.072482355965239997,0.98846935548668402,2.8744205734056587,-5.9747716884975581,-0.10146223596405375,,0.08244010829370403,0.4146341463414634,False,5
-0.51075023634985972,0.85677059404267264,0.071262509444498218,-0.85938095238474743,-0.50642764155209896,-0.070678303249742003,-0.024465787272148223,-0.097340603325352798,0.99495036670047488,7.125506201073402,14.536834140560334,-1.2750633008973746,,0.2436547547549755,0.3333333333333333,False,5
-0.64503190088112494,-0.7350011971827517,-0.20906239974133095,0.75619001616321058,-0.65335473219987827,-0.036114448176713221,-0.11004774555058257,-0.18138587059621486,0.97723521203816988,-9.3724111925957097,-12.283967019761631,-0.94803451105548631,,0.1116789054927261,0.3225806451612903,False,3
-0.058349058891751751,0.99554157712969737,-0.074110427960994082,-0.99731249567370095,-0.054835831208818429,0.048588245376144507,0.044307711513249269,0.076746334256124579,0.99606567397873214,-6.0017653912661446,17.417588525395793,-2.9323152772490437,0.4200162212255666,0.374959629478254,0.8489208633093526,True,5
-0.82247985106923194,-0.54461457080621822,-0.16407883425564576,0.55278370467388038,-0.83330975612247649,-0.005002619125849473,-0.13400399409030098,-0.09481465929199219,0.9864345441797896,-5.5472491398842179,15.555652433425207,-2.8082547279909469,,0.08388990520415048,0.2105263157894737,False,3
0.12939985706059881,0.9890223117496687,-0.071348047303617421,-0.98983740976400547,0.1331151328311683,0.050022631308505358,0.058971003250604809,0.064150044993616664,0.99619636242205578,19.940598663362699,0.42346407132300184,2.005994746400992,0.3295931158615557,0.2944208533584219,0.5454545454545454,True,5
0.96285343079163099,0.24362190372546486,-0.11645444962716325,-0.22860623530990951,0.96498607588828911,0.12861206210597317,0.14370963777776161,-0.097212351925569318,0.98483364008490448,-4.5216961156347741,13.694658510941414,-2.6562697401281778,0.425490568339888,0.3939049760134066,0.4117647058823529,True,5
-0.91704573691495228,-0.36417893062527379,-0.16248330035651071,0.36890808338457137,-0.92946517681395824,0.00114503437487571,-0.15143956688935109,-0.058891354024419126,0.98671062931415521,-15.728731939562683,6.9637450759247432,-3.4211820302159057,,0.0915122821027395,0.3023255813953488,True,5
-0.93333057506121808,0.3391558896693459,-0.11775958627004227,-0.3389205619285402,-0.94054263429492357,-0.022636381681035038,-0.11843517365183209,0.018783918019449473,0.99278410244418203,-15.603361327495714,19.037881357539625,-4.0281607592836535,,0.08976391881124857,0.2631578947368421,False,1
0.51200058716001651,0.85430580744246654,-0.089537624035224722,-0.85287088103461062,0.51800169842549104,0.065463735850878682,0.10230669103751477,0.042846561103329753,0.99382972041017792,-1.7939568849872078,-7.7534754093089493,-0.55108888996244587,,0.08801616624734547,0.2692307692307692,False,5
0.25822752982655267,0.95774985515869127,-0.12662447545077604,-0.96352084589219489,0.26486217790642619,0.038413620577279803,0.070328673888161941,0.11208586734362171,0.99120665654088613,-0.39061851324815577,-4.0840243066847624,-0.81444739943860356,0.4349086319351987,0.3769351751223849,0.9669876203576341,True,5
0.89281228353118358,0.44847678027321181,-0.041890379941083314,-0.42801361451982189,0.87367797188630525,0.23128153239355653,0.1403230991729891,-0.18856134014269077,0.9719845929036538,-26.740796529475233,13.602623994215923,-5.0381786134450843,,0.1153780811422719,0.375,False,1
0.98838589628274631,-0.036521717060697324,-0.14751096302408137,0.068058305392284607,0.97428386120653099,0.2147999647570385,0.13587268708789141,-0.22234460185809055,0.96545403356559889,-13.008161647789636,19.748956485128176,-3.7638025280295682,,0.1136879672853579,0.4,False,1
0.86732943680233887,-0.45226496227314728,-0.20783659917398345,0.48654868899356757,0.85841295439943577,0.1624732992152064,0.10492864858931134,-0.24204049995672602,0.96457574875481888,-5.9149951404950762,4.3836528409853983,-2.354857956777038,0.2871135521931173,0.2254091196380669,0.549618320610687,True,3
0.15221584091885165,-0.96281623095452817,-0.2231932866012864,0.98820387776674068,0.14441558296699772,0.050963078430170033,-0.01683549049313135,-0.22831785914995636,0.97344107240912991,6.4153843547877774,-4.9557881521200624,0.2684013018526214,,0.09925440640835011,0.4102564102564102,False,5
0.4820855498307125,-0.85839037956907949,-0.17538380457634262,0.87528810126186962,0.48062000232907204,0.053620454591468178,0.038265682194526293,-0.17936100363361027,0.98303884355692328,-6.1469904757760023,-7.6813441011933126,-1.1169112932325065,,0.09012367576262152,0.2631578947368421,False,5
0.94314435805773855,0.30995150922184567,-0.12003658523532074,-0.30015784022970271,0.94934817888325362,0.092969383130631439,0.14277251420527939,-0.051653626998980871,0.9884067543300955,-21.954092177326306,3.7278214997630563,-3.9242817621701751,,0.07689039778027493,0.3846153846153846,False,1
0.94052033066458951,-0.30524020332031543,-0.14916409046263585,0.31822789843814775,0.945261788337039,0.07218833815447534,0.11896433189075115,-0.11536277470153664,0.9861738781528091,-9.6712555221658505,1.1423518326636672,-2.4197602549546877,0.08766899808253031,0.09108626652860485,0.5464190981432361,True,3
0.033538544228392031,-0.91328960396349113,-0.40592766023424642,0.99864824468359115,0.01448608316115256,0.049918301103211965,-0.039709563601517367,-0.40705313251080344,0.91254090202670879,-15.160451418403627,-3.9964164710414587,-2.4885622320327001,,0.3754134888349773,0.1875,False,2
-0.032809932705607836,-0.93323295982249765,-0.3577705284351903,0.99943154758756314,-0.033411228235310675,-0.004502389869592574,-0.0077517741571411563,-0.35771487602383789,0.93379868144513256,-18.62992074936998,4.6132743970493548,-3.5842030700557328,,0.4999904413643219,0.53125,False,2
-0.58160354865585817,0.80506586739237485,-0.11664588012731986,-0.81160523448858679,-0.58398183854308461,0.016191219922113403,-0.055084077024491522,0.10408727785662956,0.99304158173097556,-13.522803777891568,21.68352551033426,-3.9303098989796221,0.7722797485618791,0.6836422121527432,0.968,True,3
0.98996834359093677,-0.034282973422649618,-0.13706697786527447,0.045588386696129815,0.99573483418699427,0.080211214833364852,0.13373248553086073,-0.085655225876194938,0.98730886990537914,-17.250958272141126,12.66738789807572,-3.9130034106347718,,0.1184128852608194,0.6333333333333333,False,5
0.95696452296052448,-0.23031281039194237,-0.17656418426255621,0.26492437922677231,0.9416691094143661,0.20754363798022207,0.11846507960680241,-0.24538805542267403,0.96215940839843872,-10.190124007159838,13.994842637139095,-3.2277674028470482,,0.5604673922841555,0.2127659574468085,False,2
-0.5415283459826552,0.8399993823817411,-0.033883448696730059,-0.83892887877020073,-0.542561567375481,-0.042723318836868016,-0.054271418469251806,0.0052899154393965253,0.99851220820377562,25.541728696273463,-7.9641019327438887,3.72784431615128,,0.3846171974907053,0.4,False,5
0.21098984089881517,-0.95880128394510511,-0.19021930749193261,0.97747223134108974,0.20583866732995815,0.046674189750846973,-0.0055967843056426297,-0.19578187080790851,0.98063149810129557,-13.367255489253346,-6.1379812206696158,-2.0869412788689368,,0.07459168864514475,0.1923076923076923,False,1
0.34036326148738089,0.93814435960270959,-0.063545344245632004,-0.9379518550340108,0.34350622884916265,0.047431934180321933,0.06632622307905485,0.043458385697696097,0.99685114277138642,-6.9347556353376518,-3.7667998035357049,-1.7023645535081307,,0.2228007278350623,0.1529411764705882,False,4
0.54636643308651378,-0.80860097586850077,-0.21828463670361328,0.83456744646552483,0.5475695474851584,0.060537327054578524,0.07057547800995688,-0.21524881530779105,0.97400567216636835,-7.5017470570345681,-14.748119620981228,-0.30261154317949263,,0.2241072101830008,0.2307692307692308,False,4
0.51439334115804447,0.85693101806036975,-0.032691296368948464,-0.85156988722697813,0.51492814652632624,0.098375459761033984,0.10113465153198524,-0.022764757872227814,0.9946122601589642,-15.817912793944135,17.952665229582429,-3.9915935286083348,,0.1843608977738552,0.2380952380952381,False,2
0.4867854802325729,-0.82377362689541611,-0.29058029504134608,0.8724202596360181,0.47518257093360439,0.11438712714966429,0.043849593058166048,-0.30919012906705545,0.94998877744746613,2.4954498634054527,1.976433043943441,-0.99270724668178167,,0.09536304164400991,0.1875,False,4
-0.76754319919674363,-0.57116391311801307,-0.2909453930182534,0.62188399092423707,-0.77354404722325387,-0.12202421414461571,-0.155363249190311,-0.27459313785523909,0.94892616648706773,2.435160568428274,11.760457389410117,-1.7517514971745631,,0.221855079898397,0.4117647058823529,False,2
0.76278596139010701,-0.62383058365716237,-0.17027325098246013,0.64120295971606311,0.76377576696117155,0.074197993599806833,0.083763605208542535,-0.165776900371675,0.98259944929031429,0.2364860585110283,2.5847668350604165,-1.3998379706600381,0.3291583879773645,0.2979736804549878,0.9224806201550387,True,5
-0.25795500893925766,0.96247993860709791,0.084211526182723095,-0.96612803727817131,-0.25763967277103755,-0.014778856500435537,0.0074718771520441429,-0.085171396567795432,0.99633829809885133,-15.878832568590999,10.66720968653906,-3.6573414124146852,,0.5214902123898901,0.175,False,2
0.96533255028544851,0.24887654716923313,-0.078698993821477714,-0.2160884665202735,0.93109079749518298,0.29389743356603332,0.14642008740712156,-0.26670281417507552,0.95259160552399691,-3.090183787347184,15.483174991762905,-2.5455904179675928,,0.1446994518787323,0.25,False,2
-0.73417802638059793,0.67204953434975878,-0.09660253081655705,-0.67517371522629455,-0.73765861560119683,-0.00047020936813314124,-0.071575693132614138,0.064878272245795732,0.99532292746775786,7.2915127138013851,-6.7708317729755763,0.80034225482610855,,0.0863958202399098,0.2058823529411765,False,5
0.45963276384827961,0.88694627795022962,0.045431513593804485,-0.88249743744979237,0.45038895835727133,0.13545500760178855,0.099679462738018684,-0.10235275384709772,0.98974133918320983,-17.478377980181367,10.684346561299174,-3.8224891154649967,,0.1579159102859431,0.2666666666666667,False,3
-0.98888038347526097,-0.051749143320336199,-0.13941884142192426,0.050354948926509581,-0.99863998588978942,0.013511391514182455,-0.13992843276628586,0.0063407213826350232,0.99014131766931035,-15.404263993033336,12.454674783934339,-3.7023451954165343,0.170707043302419,0.1367246323387936,0.4923076923076923,True,5
-0.96461266299477144,0.2468665929821291,-0.092624487364471847,-0.22891726980657739,-0.9584142807501641,-0.17040818653588374,-0.13084071986364967,-0.14317454984577985,0.98101057807855463,7.1482886160561945,-5.7322593125025616,0.59533016148771778,,0.2589123512774812,0.3214285714285715,False,4
0.95796327053325525,-0.24181257644349535,-0.15437956530250105,0.2573537378652293,0.96212456741798691,0.089918687587996968,0.12678890296877426,-0.12586895822446342,0.98391136767468257,-18.537247102719203,14.196265930302806,-4.1360539282987281,0.7265368322156532,0.6962920864208485,0.9641025641025641,True,5
-0.68115246269882723,-0.70717793981622024,-0.18955390789063137,0.72014322393522656,-0.69382509557828298,0.00068830659278685397,-0.13200401349770324,-0.13603712060711157,0.98187007401052062,3.3375790776104788,6.6109033880577019,-1.2512673468450781,,0.1123307769661091,0.3090909090909091,False,5
0.026411772389986717,0.99876872635542813,0.041993446316983485,-0.99893560427141559,0.024780421551372306,0.038904874073049225,0.037816356224827888,-0.042976295350973581,0.99836013604299334,-23.66228753487216,12.787448001792804,-4.6486706007689511,,0.1421353086623998,0.2631578947368421,False,3
-0.69748042158766665,-0.68563796442227321,-0.20837860553515075,0.70599923828514977,-0.70730599336449895,-0.035823278625068941,-0.12282563674852455,-0.17210117226080354,0.97739196306485876,-21.062652268481468,7.1684396265172863,-4.0578259668365115,,0.08237375717437763,0.1794871794871795,False,3
0.20650178416706416,0.97782030762672634,0.034992272412561309,-0.97698226701693769,0.2041052976403428,0.062021588254360341,0.053503860330498997,-0.04699439826109883,0.9974612090010383,-18.846195131895708,15.978754016436246,-4.2327705260335238,,0.3112471747883745,0.4545454545454545,False,3
0.25040700511317171,-0.95618580217738702,-0.15167413591195947,0.96814057885441629,0.24737785136779364,0.038833210375786471,0.00038905743567262119,-0.15656599364817825,0.98766742290472997,6.4336807365716755,-2.8130389713569999,0.023041259216185314,0.1482153002920989,0.1155861950678341,0.4607843137254902,True,5
-0.9462424188523354,0.29838137929403319,-0.12487528680676629,-0.29689135669559286,-0.95441390586627561,-0.030815882407142732,-0.12837759572422314,0.0079150982098082426,0.99169377538451731,10.376045142179244,-2.969227290515851,0.71088476192720562,,0.1524889120622347,0.7916666666666666,False,6
0.074342902470992095,-0.97919496663572314,-0.18881300317365463,0.99691601373134031,0.068203483050545605,0.038816832248250742,-0.025131542296553386,-0.19111646243858718,0.98124558769288595,-3.311538231040057,-9.8494490418285014,-0.39582310058538173,0.1937066549510321,0.1244564154812804,0.6538461538461539,True,5
0.99359190605074788,0.03671105299867259,-0.10689912449675482,-0.005767220298297418,0.96101785602263767,0.27642615573727131,0.11287986268805847,-0.27403828016060822,0.95507128404436048,7.0808859629502727,5.1964339178682115,-0.59741019927449135,0.67403698624917,0.4664670678083409,0.5,True,6
0.73760406787385657,0.67522837606743313,-0.0026228246751678896,-0.66742557715405637,0.72965846243379695,0.14880062889424533,0.10238817322579045,-0.10800540890198558,0.98886373865735477,-12.855285202193132,10.40988041720246,-3.3317422667878787,,0.1982695334719438,0.3111111111111111,False,4
-0.92616764950380159,-0.33530769103079716,-0.17257530920789405,0.34928984598198898,-0.93525619259073434,-0.057379941744163609,-0.14216219084722642,-0.1134222489473764,0.98332360133235774,-2.1458822825936021,15.016154765159417,-2.4604136701840553,,0.07734447632781387,0.2666666666666667,False,1
0.69045979977916938,-0.70672458189516396,-0.15429073281961417,0.71996142351209069,0.69207570810507701,0.051833993723226529,0.070148510628181865,-0.14687266456342685,0.98666489086248821,-5.8046135727693322,-11.975096528886398,-0.48821723792894889,,0.09186292953326813,0.1904761904761905,False,3
0.72946174451476742,-0.65455965992111897,-0.19858805324949108,0.6795485603835506,0.72662562657117347,0.10113828597863005,0.078098126546783997,-0.20872673622226831,0.97485067175228612,-21.830734535151333,8.203180353738329,-4.2251964477716868,,0.09959964039397723,0.423728813559322,False,4
0.69465366867505562,-0.68821700963822752,-0.20931705195922926,0.71689462430263684,0.68632545550505419,0.12255393413416828,0.059315918961675457,-0.23519080928130812,0.97013757013494539,14.273949878618039,-2.5963864887791521,1.3952266112349259,,0.1843474381343667,0.2857142857142857,False,9
-0.4216676325659624,-0.87707512246414132,-0.23007745913219685,0.90437541792312315,-0.42515241612752674,-0.036749510436229954,-0.06558590628018221,-0.22357247732097402,0.97247819321667528,-5.5477278814104878,7.9437772815365193,-2.4933742565922965,,0.1473218122085225,0.2093023255813954,False,5
0.68743825322141816,-0.70803941171258677,-0.16158229936964114,0.72324000173780401,0.68764799661973186,0.063750550046034082,0.06597384249979564,-0.16068734924244776,0.98479796298492062,-8.095100452936979,-2.0186542827085328,-2.0074183872254387,,0.0819211935668602,0.375,False,5
0.52351382933491664,0.85178151284686932,0.020038085422296653,-0.84321137191698536,0.51458733249907163,0.15554568300459584,0.1221795922606059,-0.098326657645775417,0.98762544298496224,8.9821997408821339,6.9262961576212785,-0.39957792572538131,0.6691618546903528,0.7648690566957115,0.5533980582524272,True,5
-0.72958807599650211,-0.66145888346881487,-0.17370487858408404,0.67229527218091223,-0.74026721842999454,-0.0048489505166046283,-0.12538064590245093,-0.12031870510485083,0.98478581571577095,4.4890495757700712,2.28755658005776,-0.73795899238120111,0.3150027505086341,0.3846599855370813,0.7466666666666667,True,5
-0.14812593703991317,-0.95477270184528928,-0.25781348798519466,0.98858616243091224,-0.15019709634525591,-0.01175719777728464,-0.027497385806071285,-0.25661239264793573,0.96612316694784417,-14.629700324622322,9.5217197957501973,-3.4701376414995284,0.3269771251835229,0.3567561057579454,0.2278481012658228,True,5
-0.77555529583772975,0.62427665961176071,-0.093769053328027041,-0.62538573220230709,-0.78004133109781504,-0.020693180928380257,-0.086062007040487151,0.042593122016731724,0.99537890117333305,-24.896459083749804,12.661780111933899,-4.7688003726118744,,0.1673527934169687,0.3571428571428572,False,1
0.35338381541302505,0.93529785008110944,-0.018379625616083389,-0.93095329626647894,0.35353668085043388,0.091311420226803192,0.091901246861565519,-0.015157405019093156,0.9956527576913432,-20.507655611820496,10.874572619267282,-4.1844702892168097,,0.4242996738489216,0.1785714285714286,False,4
-0.90390665616443877,-0.40205585564685659,-0.14595837037216075,0.40381923864420222,-0.91464830060971314,0.018668387519561336,-0.14100630993838428,-0.042066318258645811,0.98911457649036894,-11.445522267373272,17.732989520560647,-3.5193904058779117,,0.06865485696472282,0.3684210526315789,False,1
-0.97912714817669344,-0.14127485790341579,-0.14612132708042155,0.1485205399942513,-0.98810521547703045,-0.039871447765361098,-0.13875041226313478,-0.060741235346834857,0.98846285991196903,-6.1032262342782984,-9.3600649447893201,-0.93895553803477894,,0.08558293579934555,0.1481481481481481,False,5
-0.34840160204672377,-0.89570457872292586,-0.27627817746985173,0.93376203778803102,-0.35739920568707867,-0.018821917016872108,-0.081882723924043402,-0.26453566003288065,0.96089338851599349,4.0263462916837689,-4.6395819606634401,-0.15969077856097963,,0.07955472207503922,0.1538461538461539,False,5
0.88706306228005083,0.4506045519302222,-0.10037261239054487,-0.44422026524921027,0.89233189465299956,0.080075874812016418,0.12564823707581524,-0.026444802225617278,0.99172233662199405,7.9797821326897553,9.9657499437545738,-0.8035535427592968,0.6040627467993719,0.4969679633902446,0.7482014388489209,True,5
-0.26478038072311044,-0.92564498282385288,-0.27031965477403497,0.96133544758189304,-0.27537683129725293,0.0013258986409144038,-0.075667081393736485,-0.25951679436543812,0.96276971609811246,-18.164174580297175,6.6194439753984424,-3.6899575424524156,,0.1092717838680145,0.2222222222222222,False,6
0.99007145032779686,0.076299024531211943,-0.11805499608826681,-0.046885095357484897,0.9710171949354699,0.23436594243399245,0.13251532394079837,-0.22650400878403779,0.96495368952381755,-21.477424573508717,15.388393727483905,-4.4823563310468169,,0.1489038967896904,0.3684210526315789,False,3
0.0014060602479828435,0.99866460987246408,0.051643198805451818,-0.9995556958909293,-0.00013401647338465768,0.029805919740658663,0.029773038249073073,-0.051662162438918913,0.99822071064747753,-15.161712223532847,5.1220220510287113,-3.2486132355360575,,0.09376593178838266,0.3670886075949367,False,5
-0.35193921658060057,0.93182129533076508,-0.088588156097349588,-0.93586739308257805,-0.35202613530987581,0.015159901833877071,-0.01705902686124737,0.088242130679672501,0.99595296875688821,-12.063162894976823,-0.20862930254420342,-2.5351065239665949,0.2511391975894676,0.2081051300166317,0.6854700854700855,True,4
-0.9831117806113866,-0.12025575650625009,-0.13794846809667796,0.11852665514149463,-0.99273484033792425,0.020711561993422403,-0.1394369350067618,0.0040112100852042198,0.990222829139772,4.2344912937527459,6.2468974056093654,-1.134450781042087,,0.09235376468950882,0.3823529411764706,False,5
-0.79604907264001545,-0.58058897950406207,-0.17094534456194743,0.59020831475231705,-0.80722193415505017,-0.0068479351785353769,-0.13401499597508088,-0.10634465617703318,0.9852567152556676,-13.609840223939516,-11.904863962248497,-1.539242725503259,0.4451923936721689,0.4057392610075823,0.8289473684210527,True,5
0.52427482285872073,0.85125910972590035,-0.022222471175011221,-0.8451025083665521,0.52333367411521969,0.10919531074925615,0.10458327050259304,-0.038468086067963814,0.99377187819199686,-3.6837027459193612,-2.6827433256242195,-1.4821505462259787,,0.08497883891095846,0.2592592592592592,False,4
0.44954118104595869,-0.82716701291316741,-0.33720536664192258,0.8924812302453089,0.43167263461901156,0.13090450787082403,0.037282438273610691,-0.35979642753839358,0.93228565929493135,-8.5190772492863598,-6.7098705013888402,-1.5121690076199266,,0.3150257108801425,0.1071428571428571,False,5
0.52728739755158693,-0.80679725033135341,-0.2665449253710217,0.84713530127174885,0.52346112158934521,0.091379623131471036,0.065801076909877118,-0.27398293932687423,0.95948088424694966,-14.385066506485503,12.357741816771266,-3.5967939436984357,,0.3492252609622901,0.1111111111111111,False,4
-0.8446818403209243,0.52377536434470306,-0.11032658944076339,-0.52646340642114842,-0.85017985915500005,-0.0055216652040787351,-0.096689556475855448,0.053418861769594581,0.99388005054721973,9.3865930118151493,-2.816037252886165,0.51779204596820205,,0.1240918034877374,0.2333333333333333,False,5
0.98766057014324471,-0.06103938912807743,-0.14422479384346926,0.078718839363249721,0.98961881139632379,0.1202412261241122,0.13538811806662707,-0.1301107263272254,0.98221242935577757,-12.776812699916643,26.396478859565367,-4.0613824484527203,,0.4874818726311594,0.8636363636363636,False,1
-0.94235831725884633,-0.29602739906858822,-0.15597621900072672,0.30262665084037793,-0.95290226274739664,-0.019859200689563043,-0.14275122449286343,-0.065917043710857562,0.98756115317189852,-15.381480310950236,-6.867076295586708,-2.2637477223323224,,0.1034435780242989,0.3870967741935484,False,1
0.93750115752383423,-0.30821560763261502,-0.16153859864790737,0.3293266895469984,0.93580382533528472,0.12575822851751839,0.11240778973668467,-0.17109745673009683,0.97882079519542653,7.2396509586521649,-4.0620741787920434,0.3343955908180663,,0.08206471095645214,0.3265306122448979,False,5
0.19603062115585973,-0.89315154244719941,-0.40478675595112723,0.98056674088633544,0.1752595391835596,0.08816439526655967,-0.0078014253056497979,-0.41420335120488333,0.91015093342469611,-24.678355518054527,20.824288696943039,-5.1315666304296812,,0.2594287563557659,0.3571428571428572,False,1
-0.6204049941673867,-0.72962318120471525,-0.28765892418083761,0.77537401060844791,-0.62573468874633964,-0.085154230502619055,-0.11786766683504277,-0.27587336360771297,0.95393977816559816,-15.323925728451306,8.674284189958879,-3.4732759304331848,,0.1171568249091235,0.1692307692307692,False,4
-0.2129585842943226,0.97668893604362761,-0.02696967899930558,-0.97690476090496714,-0.21234937993750985,0.023766130550961918,0.017485122149076771,0.031408009330787148,0.99935369487149539,-8.6294138855199556,22.324260873884644,-3.4562934543846446,,0.1965571534610506,0.5172413793103449,False,2
0.30018863104318094,0.95235981465148067,-0.053829074201769023,-0.95140287684502667,0.30299615712906908,0.055008132998898271,0.068697537972106232,0.034700319912286851,0.99703386907093461,-23.760782957384588,16.094575258317125,-4.7682322881789068,,0.2546847717994416,0.8,False,2
-0.45129663280513271,0.89204162482390048,-0.02435341455083051,-0.89231605787774015,-0.45141023264717062,0.00092450795391681856,-0.010168680950768796,0.022148170194463704,0.99970298413316683,-11.578382257117395,-7.3060788539431218,-1.7959275398700856,,0.1836933726256095,0.2173913043478261,False,4
-0.62047041868864417,0.78281040349423703,-0.047162821305864799,-0.78415005156967799,-0.62014225674601031,0.023071151276814465,-0.011187321199048056,0.051297695651519468,0.99862074395900369,1.522320240437963,-8.4104184697693452,0.088470029192636662,,0.8205126768403993,0.5487804878048781,False,2
-0.41522014055433848,0.9079393180196661,-0.056907202286004724,-0.90936543189204011,-0.41599370367185717,-0.0019364362049911002,-0.025431204411906827,0.050945395271369362,0.99837759417106575,-25.542648310307172,4.5047788253745376,-4.3775637562996277,,0.1336823840740702,0.6086956521739131,False,1
-0.79879899856971992,0.59386053011662121,-0.096176039914408817,-0.59443964899183022,-0.80373119627006917,-0.025645035557655852,-0.092529258024054775,0.036685622686405094,0.99503391977240074,-7.4658316642240647,-7.9175867492791472,-1.2567964762391048,,0.1166889540862059,0.1111111111111111,False,5
-0.33543872373688788,0.93722604992511338,-0.095332019592248879,-0.94196386028479273,-0.33514285816900413,0.019579339510883906,-0.013599578491241333,0.096366985841002381,0.99525296056067103,-16.764949898394704,4.7831761697556132,-3.4006669715075946,0.6262663420925563,0.5849787668842064,0.981081081081081,True,5
-0.98987264158981858,-0.020130475568107962,-0.14052372534698707,0.022511004980218269,-0.99962841984407036,-0.015371301012829477,-0.14016207791972204,-0.018378960619366596,0.98995798179507422,-7.560732681689748,-5.7613790507264175,-1.5192446544295075,0.3094140431307258,0.1065506920041318,0.2075471698113208,True,4
-0.21714493053554992,-0.9135178332367726,-0.34399599925159663,0.97427459771257019,-0.22459879542605568,-0.018557730065279603,-0.060308269704263819,-0.33917628079150519,0.93878770931117372,1.9113993333313855,12.805317313847489,-1.888471211313107,,0.1227936326780437,0.3928571428571428,False,5
0.41805155582448766,-0.83569899816422588,-0.35614615137613792,0.90775900274443955,0.39929339553195037,0.12860162215534776,0.03473455929109566,-0.37705698342806904,0.92553851440065893,18.120495285739562,-6.2830950848763791,2.3804255059845558,,0.2105073057369292,0.1714285714285714,False,5
0.59354008762518096,-0.77781231900613068,-0.20668372162364151,0.803201289919933,0.5886923371554259,0.091153826279754671,0.050772554129664943,-0.22011208185101713,0.97415235932084199,-9.8758595173651376,11.244383231843159,-3.0508752838377133,,0.1052090887591361,0.3333333333333333,False,5
-0.71780182960008465,0.6949036767644089,-0.043236714052727124,-0.69068426955616002,-0.71852665822450812,-0.081698722195608156,-0.087839474101596732,-0.028780574004480169,0.99571878828790217,5.1476622423430234,-4.1539009831880289,-0.010408255329389868,1.021570508349155,0.547110811632961,0.358974358974359,True,2
0.43458160187630479,-0.88306485091227194,-0.17701779682820737,0.89969877162547907,0.43461042040359965,0.040692785751426375,0.040999410315637794,-0.17694703037885082,0.9833660543225381,-4.0248663589853599,-7.0844300191980798,-0.92241638632392908,0.3091640253707402,0.1949729324492778,0.7788944723618091,True,5
-0.8485973360146839,-0.46347085084918538,-0.25510259058252238,0.50938079500890976,-0.84602542463948394,-0.15739182488195558,-0.14287675452946499,-0.26350664370507471,0.95401807201877153,-6.8344349941200715,18.153479458999723,-3.052824811597318,0.2116123002844572,0.1884345269000198,0.3134328358208955,True,4
-0.91240933156852877,-0.33417662474844489,-0.23629472092792914,0.38404558880156064,-0.89863758681912942,-0.21203649043962919,-0.14148567909415266,-0.28421201773962562,0.94826437852723211,1.2777931287423083,6.3947041335897437,-1.5605216068373342,,0.08923801563109329,0.4285714285714285,False,1
0.092493752698358356,0.98988501781486571,-0.10757582078440393,-0.99389373128790781,0.098312769934671057,0.050098404908473268,0.060167737354630935,0.10228514444158388,0.99293383093144183,-0.55786783003220641,-7.1056279510078078,-0.49916606778569989,,0.07958436793526187,0.1428571428571428,False,2
-0.45655233269619011,-0.83752901661561929,-0.3001751386050171,0.88423831364171634,-0.46446084074861416,-0.048976852687208902,-0.098400061980271847,-0.28778685469973159,0.95262592556801362,-10.118599412407985,-3.7641770459983563,-2.0096469724182704,,0.08622987969134274,0.3409090909090909,False,4
-0.89079525929558923,0.43632787888217156,-0.12689282141511968,-0.44215819261251088,-0.89669990090912477,0.020625722174122701,-0.10478520278236909,0.074479996104667795,0.9917019670536642,-20.719665087426606,3.1409746460078267,-3.7371433968225674,0.5361766171486353,0.5432390719890813,0.9972375690607734,True,4
-0.98858297709418197,0.077254003477054869,-0.1293658237185257,-0.072183019405841209,-0.99644470467943913,-0.04344608412461104,-0.13226227394484572,-0.033612043423065223,0.99064469989389548,-9.4480815190678804,15.91165618403787,-3.2259990770056324,,0.1367107727862874,0.4,False,5
0.61799884907415548,-0.76537590083292684,-0.1796584341666301,0.78401340020794896,0.61693870707268372,0.068626671271864725,0.058313041743594973,-0.18326582370881839,0.98133237336946066,0.12879595300398003,5.5575858898118931,-1.7138595635561573,,0.1391281185045343,0.2083333333333333,False,1
-0.76183597740759235,0.64495929213586167,-0.06027814707692096,-0.63110963714358381,-0.75999018261755835,-0.15529181636333833,-0.14596769996102804,-0.080264773173161066,0.9860278884268685,-17.549819500757124,21.111936075317523,-4.3640771973556216,,0.3993952589642268,0.3333333333333333,False,2
0.64351420339337007,-0.73194353930252543,-0.22393777105322896,0.76477575741225046,0.62696082507597595,0.14845256715385596,0.031741312284068221,-0.26679351396415879,0.96323087056070889,-12.623918439370852,-1.6994629770836456,-2.4489635828219574,0.7320283912185258,0.3833801130897574,0.3423423423423423,True,3
0.75890350565471321,0.64095281928783532,-0.11508671753058393,-0.63850627990954956,0.76712264491455373,0.06190781998560356,0.12796561890233193,0.026501530262938791,0.99142446473378287,-7.9438065487358474,0.8715168408050562,-2.2750804015112038,,0.08270323437573276,0.5793103448275863,False,5
0.89662163095489711,0.43284773831016254,-0.093340700359261231,-0.41582680139388456,0.89553340291599148,0.15845502675597084,0.15217661497848942,-0.10326063965268384,0.98294431080921707,0.43966704612210078,21.101275279329233,-2.4820686044910123,,0.3336706495360086,0.8421052631578947,False,2
0.86836240709636736,-0.45514989061207528,-0.19693985634609301,0.48469886638760001,0.86294338777310486,0.14281357926070481,0.1049463618444173,-0.21947046857036151,0.96995823341065968,-17.651973577174619,-3.9537868574601509,-2.7748593290473504,,0.1325347185022733,0.1818181818181818,False,2
0.50568252996735508,-0.84427551167063652,-0.17743742355856379,0.86243294476980759,0.50000895024059344,0.078743034326724692,0.022239484290218978,-0.19284685652762407,0.98097680669112686,7.9615129906495694,-10.21259222753582,1.2304302704716199,,0.268329154545861,0.5714285714285714,False,7
-0.51762185786230808,-0.78123797739878587,-0.34890519476360132,0.8457612249376486,-0.52888189677034325,-0.07051162783947465,-0.12944327968319236,-0.33158884471353678,0.93450161872861459,-12.160486542226128,4.9571785709567147,-2.9392359731378557,0.4245848217327204,0.5404794536884586,0.5764006791171478,True,4
-0.52462822516894603,-0.83394650172944906,-0.17116792225558949,0.84450703017403694,-0.53520202356504676,0.019148628110331325,-0.10757834978614511,-0.13450660290518496,0.9850557712293232,-6.8626392582233802,-12.134589657222767,-0.5828972892485802,0.1405453134694889,0.1238583811601637,0.6071428571428571,True,5
-0.18889582308029848,-0.9613919503684879,-0.20010968439706031,0.98005994689204456,-0.19736091021321911,0.023047160731257597,-0.061651184260963596,-0.19176597426677186,0.97950239539918249,-24.544863680279253,3.587783009089438,-4.202729989242048,0.2202435158398838,0.143769732009365,0.4285714285714285,True,1
-0.73114743818641326,0.68036982937153911,-0.050202777954903383,-0.67877446519240159,-0.73286894760719423,-0.046565341573902588,-0.068473710548031128,3.0233557478304141e-05,0.99765292063408395,22.36938510586284,-8.9892509842670307,3.2740998648586386,,0.3528026955866418,0.2222222222222222,False,4
-0.57041309945355478,-0.80478143654737522,-0.16418201899274121,0.8141682900371916,-0.58039909861102801,0.016336518277243594,-0.10843842247886819,-0.12435322963337159,0.9862947748062163,-8.7492075368115021,-3.7485101454426482,-1.8701431736904726,0.1661748087982087,0.1578733423038333,0.646551724137931,True,5
