axis_00,axis_01,axis_02,axis_10,axis_11,axis_12,axis_20,axis_21,axis_22,location_x,location_y,location_z,dbh,dbh_approximation,score,reconstructed,number_clusters
-0.85138246476250556,0.45281144827457226,-0.26478234647801974,-0.47687175656157144,-0.87842169816585647,0.031123110148167807,-0.21849765785656125,0.15276489290048989,0.96380582121519676,-14.45343145545179,-19.503812286861809,-2.8306333208171086,,0.1263179417888911,0.5,False,3
0.88134583804190414,-0.31818785780511472,-0.3492649437198162,0.4153304902641638,0.87416192900379641,0.25167738423881308,0.22523342918657424,-0.36687519543538782,0.90259209688048037,-15.113011015285895,-6.8433028251383483,-4.7839693616484231,,0.1825658540768855,0.1538461538461539,False,2
0.90372035593042044,-0.25937693685308444,-0.34060699186262322,0.35038855969935584,0.90524995662226881,0.24031307344210617,0.24600279573371733,-0.33652060956810814,0.90897552432785755,-29.835920667476966,2.1112000383379517,-10.372394107189583,,0.1224312541891774,0.5333333333333333,False,2
0.19124705606122108,-0.85877789231909918,-0.47531578472830244,0.98040247494140087,0.14380614771432945,0.13465058116599549,-0.047281610343684721,-0.49175229897127104,0.86945047344847526,-41.644753913392321,1.7275358413252526,-13.853876838536731,,0.3998574800544734,0.2142857142857143,False,1
0.28738777305263274,-0.89825813197089455,-0.33247645969001771,0.95771189831802495,0.26441324738168426,0.11346168705407916,-0.014006702678860186,-0.35102416292504951,0.93626163508008531,9.9262760686978879,2.7176021999381215,1.0391266809908977,,0.1137704957617062,0.6981132075471698,False,2
-0.94478514250491885,-0.11259625451171773,-0.30773871705050976,0.12261121031281486,-0.99236514755457661,-0.013338104236023843,-0.30388735677482193,-0.050333859269053094,0.95137741039163626,-1.0899271803735238,8.2205781442820385,-2.8835842142875792,,0.06908753994440023,0.2830188679245283,False,5
0.39817149714362388,0.90660102594530323,-0.13976422509830189,-0.88581924112269739,0.41959276264248324,0.19815697210761263,0.23829337153855887,0.044905381559144197,0.97015451129591412,10.754682504244599,7.7910102146980993,0.49614917097358058,0.2681141807715934,0.1616721570671442,0.3076923076923077,True,5
0.60424771804115673,0.76737585145611131,-0.21452039027575565,-0.75485040270051973,0.63750325329816271,0.15424160131793754,0.25511872684089221,0.068730667363749193,0.96446385654352851,-7.8965807138562436,-13.725971615189943,-1.682162274862401,0.2371605033082361,0.1066188254336084,0.32,True,4
0.91525992808503309,-0.25214094052830022,-0.31420408996587668,0.32603067503155908,0.92172932124411477,0.210045369616494,0.23665008552765504,-0.29468628143903797,0.92582759331928854,-6.2386246313123204,8.6484846624417635,-4.4712699590839513,,0.2950605331291543,0.3035714285714285,False,3
-0.59668930171370438,-0.74016002474218512,-0.31004034413937087,0.75726366615448681,-0.64719902031199961,0.087665090141136631,-0.26554400227208563,-0.18247346623779503,0.94667302537702369,-9.9977366806540982,5.2704013588929808,-4.970952937373311,0.1117161781707866,0.170935549964162,0.7481751824817519,True,1
0.67187351629169267,-0.65962840859479144,-0.33686249521212536,0.72529899312388779,0.67811258592399892,0.11876317352168238,0.15009113457933065,-0.32411985959852829,0.93403370813612452,-17.581035927460501,12.199440381417563,-8.1505644268437685,,0.5423890304645737,0.9016393442622951,False,3
0.83917713320616949,-0.39658356992830052,-0.37216019557013602,0.50535187286626659,0.8215093424824681,0.26408688874039526,0.20100055645304507,-0.4096875300481454,0.88980610473777866,7.6109165001368666,12.618599859785183,-1.1011329384188244,0.3871264522058627,0.3174929104750549,0.3225806451612903,True,5
0.14316772771094852,0.98502842305291405,-0.096031284069172301,-0.97811544903598191,0.15562613041159506,0.13809661795371214,0.15097407095002763,0.074158703541820414,0.98575215779108161,-23.690056527091013,10.380089920672416,-9.7342397507668696,,0.09358478481578651,0.2222222222222222,False,3
0.58097815650082163,0.78985126767938885,-0.19646718966323712,-0.77026190453739329,0.61155066990600682,0.18083798427305761,0.26298475257576293,0.046268272960828638,0.96368992255283448,-3.5302423116756141,-2.3551744569799253,-1.9555832205191512,,0.09120148527710516,0.2259414225941423,False,5
0.94979551710997689,0.12884258651639632,-0.28511061638872282,-0.079658238702417158,0.98082438282943218,0.17787100678326676,0.30256080493781956,-0.14622967532969883,0.94184597539531401,9.8962665410028237,3.5042553595381047,0.92419529795181177,,0.1712642513755913,0.4285714285714285,False,7
0.88203496697424699,0.41390084924271808,-0.22516750216426953,-0.3661486383852649,0.90286080977684713,0.22533870678982937,0.29656279544702857,-0.11631184447532822,0.94790403691058911,-2.4083182708230275,-14.870413361251838,0.18336170728272583,,0.08343462288148855,0.35,False,5
-0.58150585604439442,-0.74621526634038826,-0.32405819796237173,0.76887878206680249,-0.63426578760401608,0.080822825751937472,-0.26585025460500661,-0.20216252609126381,0.9425783549237976,7.0616825663496101,-13.469955646456127,2.6878626962549692,0.1259870650403661,0.1464928967187881,0.5789473684210527,True,5
0.79035675005752282,-0.52023701892581498,-0.3235578028385242,0.58176620139942437,0.80287126792015739,0.13017608865519353,0.19205284311302559,-0.29112054425523065,0.93721104035576919,6.2115134892656485,-8.1500332630410792,1.6675292338781009,,0.0869878298520016,0.4137931034482759,True,5
-0.91297690841411183,0.29926829665280763,-0.27732949955087488,-0.32509400134152427,-0.94429331638898861,0.051225217567554097,-0.24655030925628268,0.13692559746670205,0.95940832066645076,-10.339722695662322,-14.615918457441744,-2.2928545101530973,,0.1039251119772314,0.3103448275862069,False,4
-0.38787858558255461,-0.87186478092886688,-0.29900168331020227,0.89595617899630819,-0.43279976683823645,0.099734082154005102,-0.21636249250923914,-0.22920769097180338,0.94902639912415643,0.7964968981006606,-6.2160289861048037,-0.16195613341427564,,0.07245994138970482,0.3095238095238095,False,5
0.91018535709232762,0.35381960514485683,-0.21534693578003553,-0.28019200411609296,0.90885101391191014,0.30900206365120136,0.30504926907652208,-0.22091066413016699,0.92636030890223775,-18.31336962676496,7.9240270746029138,-7.7572273144367871,,0.1119980547988275,0.3243243243243243,False,3
-0.55397635250763733,0.79567959867809168,-0.24495750061960761,-0.82864631381292642,-0.5553784295945966,0.070000618177902679,-0.080346048232523157,0.24176181706073985,0.96700348310898365,-8.288688259802278,-28.364629572750268,0.23505677677895889,,0.07813726461362983,0.2222222222222222,False,2
-0.87802200818311538,0.38975085637491574,-0.2777978097485822,-0.42296354782419637,-0.90349817837168611,0.069230621050327179,-0.22400712122175598,0.17828435611142396,0.95814168994354731,2.2771558274293318,-6.1798204065655824,0.21465854437732704,,0.07362075170390021,0.2758620689655172,False,5
-0.55117537748734602,0.80686027747792533,-0.21256104036235457,-0.83057707417116977,-0.5548796731117257,0.047437034358006412,-0.07967074188772072,0.20269445230609887,0.97599566181996433,-22.867132305620281,13.782398651828757,-9.9880472893414929,,0.1186786732287247,0.2,False,1
-0.91837342522894827,-0.22058926877296722,-0.32852796887853836,0.27573833451070207,-0.95220225931869529,-0.13145047824042921,-0.28382850934061282,-0.21130838092839813,0.93530216798364463,18.407332575234399,-4.8396175138114357,4.6159543119756545,,0.4116393674871893,0.2790697674418605,False,5
0.2364406563055246,-0.91943372246339417,-0.31422515183052763,0.97111062376314916,0.2128786947898148,0.10782772240444981,-0.032248604003258713,-0.33064224064945213,0.94320503403986877,-9.9424896588479843,5.2881645276454492,-4.9657189461238742,0.1936452011102962,0.1930626540033917,0.8048359240069085,True,5
0.6855510937553333,0.70766439241696855,-0.17097018908566536,-0.6710968378879979,0.70530845735801828,0.22840537243239692,0.28222106942536312,-0.041845999622120822,0.95843632041363547,-3.1118269017734868,21.34894139016064,-4.9756053439333368,0.2662435659574876,0.154525130935606,0.2926829268292683,True,5
0.50591863541108995,0.83555720166584668,-0.21422067381119198,-0.82668284440388817,0.54057343216468712,0.15612763754693937,0.24625557681416804,0.098104674618648802,0.96422697727552265,-10.077627288716894,-11.98424507340458,-2.579920925377531,0.250580583734633,0.08046969325712522,0.4166666666666667,True,4
0.010595005022905097,-0.86036117593176209,-0.50957471760074613,0.99425473107133344,-0.045218861521529624,0.097019504765622919,-0.10651420379852916,-0.50767499594919219,0.85493907553529991,-5.1577967441372348,-8.5404110373037323,-1.5573845603082779,,0.2916616391263216,0.2222222222222222,False,2
0.33527634645038845,0.93695665154223029,-0.098498754518280635,-0.91965969667912095,0.34818255553173849,0.18164512194786941,0.20448915329412395,0.029684021866336174,0.97841864507525245,-6.1269130252645621,-16.211313367982793,-0.76579190820031784,,0.1326117491970521,0.2564102564102564,False,4
-0.032661569239837429,0.97708290421261712,-0.21033834693233838,-0.99181372017701919,-0.0056925833890492513,0.12756621403404445,0.12344539830796535,0.21278297109918398,0.96927015885499712,2.5190371002885543,-13.639943251792996,1.406996741862619,,0.1285021581516668,0.2758620689655172,False,5
0.14736588889633556,-0.85311702485877616,-0.50047441161951878,0.98672746203423289,0.091911827199555846,0.13386983113577447,-0.068207114418326137,-0.51355969265212931,0.85533866487244459,10.51085297981413,-20.533028682679401,4.8434867976596658,,0.3123690332440794,0.1851851851851852,False,4
0.60904161357495112,0.77433881564477536,-0.1716616192393253,-0.74682067750213788,0.6327611120475809,0.20462710166436224,0.26707150463736906,0.0035740266025982848,0.96367008760497297,-12.053868841968601,-7.4621348487564765,-3.7941381336924929,,0.08915946676995279,0.2758620689655172,False,2
0.69610325957797614,0.66492155736404801,-0.27077587513935814,-0.66160251202250431,0.740559724069216,0.117700514748398,0.27878731694685854,0.097214287216925876,0.95541981048671798,-15.087648990392077,3.954164913277384,-6.2397382334849603,0.2285059481260977,0.2004327471370541,0.8625592417061612,True,5
0.94050528272873157,-0.063306637759284023,-0.33382942167365259,0.19971176508353353,0.89785822618421984,0.39238478125501669,0.2748909311828423,-0.43570962267196084,0.85708348523611688,-11.971207618769069,11.353015176336584,-6.4781716688993898,,0.4483951386353591,0.2550335570469799,False,4
-0.95928294421107729,0.0073659698436285889,-0.28235080207782287,-0.030211700776260751,-0.9966006583493312,0.076644510004859889,-0.28082643408684449,0.08205406916138977,0.95624455222088711,-21.727595746743113,4.6074339999875047,-8.2539798717822954,,0.08709282127388497,0.1538461538461539,False,4
0.93905312335856794,0.22055411584259199,-0.26369511465973677,-0.15748428361080691,0.95783600793108192,0.24030997134168225,0.30557802919403443,-0.18413599293875618,0.93419270184386949,-34.68047958548761,3.1129374844970883,-11.975621973987659,,0.6499645357516246,0.6190476190476191,False,2
0.53582486678904429,0.82741602110927803,-0.16815005245968459,-0.80582261461784743,0.56060110927673235,0.19072574563533456,0.25207464351052855,0.03330351767289691,0.96713455620696964,-5.2318692702881187,21.929344915986526,-5.70447830755087,,0.1201746762385862,0.2857142857142857,False,1
0.90030562005514625,0.36517195998328678,-0.23685276046329853,-0.30543758510974806,0.91773123304163939,0.25392373954043512,0.31009300556356512,-0.15626523459118535,0.93777582841461515,-15.884997280228466,-8.9397886450653701,-4.6913006430293915,,0.3519025175110349,0.5555555555555556,False,2
-0.70635693160564772,-0.59670574262001497,-0.38079146773129158,0.64155469585447744,-0.76698631678598728,0.011813640003572393,-0.29911111213013064,-0.23595390776031172,0.92458547252967094,-0.84862862841724218,-6.8556316784421218,-0.46965025093422358,0.5926493122025707,0.3329954598122462,0.2631578947368421,True,7
0.92236645829345676,-0.20385568191588821,-0.32815084574901576,0.28321675789409761,0.93452787711536578,0.21551314331660792,0.26273253445879574,-0.29171991334987191,0.91971251350191063,-0.52769476514474312,-22.979852157688459,1.8499414694248446,0.3636229853363742,0.2558058018761767,0.4,True,5
-0.19480242785923921,0.9519609233695443,-0.23626767548175354,-0.97987580934929108,-0.17818803120213911,0.089957900088751722,0.043536333702073687,0.24903699707816648,0.96751494134926497,-4.1145354571698798,22.38463582777085,-5.397026616442651,,0.155038012431041,0.4375,False,3
-0.90926132353917222,-0.23433925148533169,-0.34398976834941924,0.27825187194583012,-0.9568588711542092,-0.08364805109584772,-0.30954763974941552,-0.17177373462432122,0.93524009902205285,-12.662602102358763,25.270378298108231,-8.2214462636102859,,0.2367652884290799,0.2068965517241379,False,2
0.54730477647799547,0.80150281281104363,-0.24093717583710214,-0.79942111968671692,0.58586411880999856,0.13300040484833831,0.24775664480132395,0.11981851003484874,0.96138450664124064,-20.506671681009315,3.9558662006302723,-7.8599131575439838,0.1685892205066593,0.1131304174309765,0.3875,True,5
0.93145618621748683,-0.10550176271993182,-0.34822227272269879,0.255658915534834,0.87074610203959302,0.42004731244278581,0.25889745472817421,-0.48028179628822293,0.83803430961353309,11.853648128347464,3.098892970183861,1.5191370813847167,,0.6753202239680393,0.3235294117647059,False,1
-0.81584684895850124,-0.46322500320540694,-0.34614522306372159,0.49246844681390645,-0.87032122403106627,0.0039744048314031832,-0.30309857792009115,-0.16722309471605848,0.93817252606138568,-0.91604158616036269,18.622348367888407,-4.0043125350312669,0.3060615407972576,0.2289700913976911,0.5,True,4
0.89523839910683822,-0.28710452903718686,-0.34076267132853866,0.37699751613059268,0.89570344222800835,0.23577153435531895,0.23753122236032459,-0.33953841165210308,0.91010581001154922,1.6614981812014484,-2.864106471980703,-0.42667535212109631,0.6872037414580829,0.6658863923769516,0.9737470167064439,True,5
0.12419396061967622,0.96105976944174021,-0.24686024326769876,-0.98051988912734411,0.15702006690896408,0.11800612532239506,0.15217295151011132,0.22739573027762308,0.96183916258395707,-13.116838694066242,-13.512198909533481,-3.2372877761431345,,0.07449781438815688,0.3461538461538461,False,3
-0.60855732860726974,0.74981325556700318,-0.25968838937155769,-0.7870087888728422,-0.61214059397375364,0.076818353577517373,-0.10136638513473739,0.25112541684479162,0.96263226674532587,-0.038410145512428384,-4.819685784315042,-0.64995826155908987,0.4484979100551672,0.1473175171947876,0.1594202898550725,True,5
0.35913323917756795,-0.85722743584949113,-0.3690317598049454,0.93321239415719137,0.33481534205482816,0.13043509541573511,0.011744952500173697,-0.39122859040670271,0.9202185860648292,-13.974042933344281,10.558289852282067,-6.9267500778061688,,0.07902882160026929,0.2388059701492537,False,5
0.78526871953585653,0.57179364945409927,-0.23749749590780714,-0.5417840561553382,0.82025316876541865,0.1834523797233456,0.29970497929528184,-0.015387058661489678,0.95390783821675462,5.4812639528066009,-23.080747718074626,3.7412374975197555,0.2648641658278915,0.2370233040761726,0.3333333333333333,True,5
0.82944151644047637,-0.45794757457052809,-0.31986057861182837,0.52235803910035838,0.83876410652267908,0.15367775569821385,0.19791121694373826,-0.29454845535867624,0.93491836951343843,20.82311413676609,-4.9155289905292614,5.3593577532204488,,0.1710287119597161,0.3809523809523809,True,5
-0.67772644254759884,0.71541014181517615,-0.16992703745951687,-0.7274222569651827,-0.68607115255400941,0.012776294646521635,-0.10744174767499841,0.13226754182793576,0.98537382156993547,-16.137581674530388,15.0817860970078,-8.1070646267718747,,0.1679015495193442,0.28,False,3
-0.28909102076205928,-0.87742321757903508,-0.38282486722782955,0.93376550370377731,-0.34658434341072425,0.089225988340781076,-0.21097005903109245,-0.33167422292938575,0.91950195434083049,19.437660629519392,-5.4611060127911468,4.9773023117070574,,0.2231333510011723,0.2631578947368421,False,5
-0.42844453606410432,0.87840025611223682,-0.21177410034933647,-0.90335415349595005,-0.42151193236741041,0.07923991565812509,-0.019660948055209598,0.22525692205534542,0.97410100409953482,0.53245841556268747,-20.012570836606425,1.8191305882429261,0.5668192497087456,0.378301541069566,0.3,True,3
0.23177473311125402,0.9503560962570653,-0.20761445854814087,-0.95022860049140112,0.26686613172768786,0.16077336391595606,0.20819721395676544,0.16001799287496082,0.96490836977244054,-15.976618320403388,19.092172039915454,-8.6401293925795333,,0.2920230963668062,0.7142857142857143,False,4
-0.32947291869200396,-0.89080386112434906,-0.31291544681354888,0.92224310873346171,-0.37463722799660343,0.095470392230578821,-0.2022751696136022,-0.25712920566316844,0.94497054311381368,4.8631756880330785,-5.692979576435226,0.88866861658323149,,0.07654926151992979,0.2222222222222222,False,5
-0.12741574164510097,0.95894499344034689,-0.25335691886491268,-0.98947104373533501,-0.10521438599225158,0.099383029686058597,0.068646066095118724,0.26335229738121996,0.96225427256713081,2.3563835715624788,2.6833958387740902,-1.1248554142838694,0.1721863376981625,0.1202567281058253,0.4353741496598639,True,5
0.48681471488534239,0.86182970850909446,-0.14234109351214566,-0.84381807406278586,0.50610600342350476,0.17840339454074125,0.22579302747444327,0.033260589739481455,0.97360733456260906,-1.4657057869338668,22.85591925629301,-4.6370716185305634,,0.3100561462386897,0.5,True,3
0.95439258184504472,-0.021994691795597213,-0.2977432337635359,0.083442160660426659,0.97719127450199805,0.1952808717245017,0.28665694748857989,-0.21121895409734998,0.93445938803489592,-21.476358059764436,-0.48232268312764531,-7.5209506249758871,0.4610804684054828,0.4095681325199416,0.9242424242424242,True,3
0.0044379785361360908,0.99035892266105974,-0.13845399471354064,-0.99732765811328772,0.014480290626289279,0.071609102393775548,0.07292356758124785,0.13776619864466941,0.9877766082481505,-4.7977369514518493,-7.2737408682510472,-1.6280687328767323,,0.2488332175981461,0.2266666666666667,False,5
0.84536475699195279,-0.42152737872114793,-0.32813578991694176,0.50499663379681559,0.83090474490067467,0.23361443610237531,0.1741747039320643,-0.36319688034181113,0.91528749506379414,-8.7375868549919868,15.907426198209121,-5.9636506772113602,,0.2521437263532955,0.2608695652173913,False,6
0.31790252416028864,-0.8843196752853103,-0.34193083662606699,0.94803576667012512,0.29157868433669354,0.12731871800592548,-0.012890703887168467,-0.36463760467588607,0.93106028108255556,3.8060814564987853,-9.0429426959319059,1.1078964243248008,,0.09150854396394134,0.1666666666666667,True,5
-0.23047321706370311,-0.85072192241438227,-0.4723921114285089,0.95304152297676015,-0.29535312595145702,0.066920747700842498,-0.19645343391868769,-0.43478585730711206,0.87884430167537364,13.291763867637858,-14.875842004445103,4.6828319435831283,0.837683487197618,0.5929624339895276,0.6458333333333334,True,5
0.7414656893859668,0.61489810820051549,-0.26856833021564602,-0.60332357757290889,0.78612378030871832,0.1342015751686865,0.29364824570907833,0.0625277423593531,0.95386633719165459,-17.429972996942862,-0.37573603202782646,-6.3678042502152161,,0.07391794485257804,0.3684210526315789,False,3
0.77533312832184964,-0.52691730039394147,-0.34816188572590145,0.60625736133605501,0.77542461706905874,0.17654652380930186,0.17694787919751637,-0.34795807475738394,0.9206598863090738,-6.7030269653679682,-8.2811275002725218,-1.9993026260428433,0.6319333679476968,0.4871442100206192,0.6172248803827751,True,5
-0.20971363844200011,0.95299597670059011,-0.21867523463782224,-0.97677121138025269,-0.19412422981033459,0.090740200679181524,0.044024884669602686,0.23262513147343497,0.97156953314561856,-5.8172104747529323,-18.325418342461568,-0.3747758398650865,0.221537532934138,0.2078109781919404,0.631578947368421,True,5
-0.0086054009537928789,0.98112549555570872,-0.19318050896761998,-0.99488778318419446,0.011038691409786954,0.10038150309094715,0.1006193119896116,0.19305675140363188,0.97601477693332728,-11.005197006703664,-20.940355863789108,-1.6364206285410154,,0.160136747103877,0.4333333333333333,True,5
-0.049194128807086311,0.96534770345500365,-0.25628841004825437,-0.99596467031627711,-0.028128339496894268,0.085224245370300267,0.075062062139948524,0.25944673432382581,0.96283595636847741,11.021649939899175,1.9987079327491919,1.5348455209962757,0.3587139753551224,0.3860258496356506,0.9879518072289156,True,6
-0.30681507090396826,0.92119133461534763,-0.23931367970884415,-0.95162411377277178,-0.30130206167101276,0.060237975721161158,-0.016615003833247793,0.24621858715862946,0.96907190083359107,2.5901087190309164,7.9039265484827608,-1.8762085372327988,0.1279467472726082,0.2769227813321828,0.3214285714285715,True,6
-0.84984435934704861,0.49884032861704269,-0.1700673144118105,-0.48863968637107402,-0.8666910809474434,-0.10038838134630296,-0.19747359770152356,-0.0022128604549780939,0.98030570816425611,-20.751333828653227,13.729442773772238,-9.3256190475284644,,0.4700914710412775,0.1764705882352941,False,3
0.79962614264429377,-0.51970290777883332,-0.30084367975085263,0.57164605166181592,0.81221369796392784,0.11631724059320836,0.18389894947841506,-0.26498640811556207,0.94655342157468791,-7.0391117891071771,-3.6861662602671714,-2.8933918372098222,,0.06630901457000829,0.2692307692307692,False,5
0.93515466492042132,-0.15467168777386259,-0.31868859671905325,0.23655572944787145,0.94231964193298623,0.23680177214850889,0.26367999458237262,-0.29683389534969506,0.91780308292605239,-6.4941630106285739,-1.9177518487899188,-2.8926592291361941,0.3535795972095838,0.2963028118645214,0.4154411764705883,True,4
0.63275283929602855,-0.6803737865500028,-0.36975039545405036,0.76735474237864998,0.61498798411616484,0.18153919340388319,0.10387754190300789,-0.39859915951786457,0.9112234447817078,4.1917104631083699,-17.587549585182359,2.4580228147408216,0.3743482001866157,0.1411055388854021,0.2916666666666667,True,5
-0.34304049634110767,0.91509373523003679,-0.21195913194006627,-0.93930007564754103,-0.33269327912677998,0.083848374536387577,0.0062117436014635374,0.22785661668384888,0.9736748823271657,-4.9621587922217198,18.830464254865959,-5.2534985628009156,0.1780492646401638,0.1343646905356265,0.282051282051282,True,5
-0.23337225269861489,0.93715478134668084,-0.25938062277169105,-0.97199062870677766,-0.21720459799101904,0.089757341302896337,0.02777785766718989,0.27306240753830657,0.96159519144638328,-9.373943406971053,8.3301533956814371,-5.3284822076624145,,0.08934768263649247,0.379746835443038,False,5
0.044052331119353222,-0.93552127335862523,-0.35051296583209041,0.99531010992130731,0.010852433439618172,0.096124969580618447,-0.086123035312203347,-0.35310362753998431,0.93161185641162714,-11.048931802585514,-7.293202568652343,-3.5033987822647092,,0.1000713248200121,0.2222222222222222,False,2
-0.85082916168079403,-0.40692181321812398,-0.33242198417197399,0.42749558317999953,-0.90393311668529874,0.012346939750191743,-0.30551147931812633,-0.13160379358847174,0.94304993373520463,-6.4026902205093634,11.404155907506809,-4.800167058161823,,0.07715310818043855,0.2926829268292683,False,4
-0.589394181377771,0.77946249997246309,-0.21225623688058348,-0.8039837477587598,-0.59162790052514214,0.05988790078131441,-0.078896338937920654,0.20594814506785844,0.97537722407553795,-14.352875717835483,-17.866252534362101,-2.9907293060244426,,0.3562545167337778,0.8552631578947368,True,4
-0.35432483454869279,-0.87687420196041077,-0.32487773940104858,0.91227404102809984,-0.40046519370125955,0.085928474326469079,-0.20545068918916629,-0.2659309357147206,0.94184433519642252,5.7679738920983237,-11.403744899849606,2.017445042400011,0.2828588616561622,0.2468344112725644,0.7916666666666666,True,5
-0.44232901247490075,-0.80207379349968266,-0.40127630693078198,0.86553318696232029,-0.49897817717901044,0.043279105420058299,-0.23494115644098562,-0.32817435682901863,0.91493401102485616,23.127180907177372,-0.13092159484726434,5.3102440912878013,,0.1561634470554508,0.1333333333333333,False,5
0.59354652882254888,-0.73016727287786032,-0.33846457974330513,0.79898083945718201,0.5850920529389898,0.13891331026196052,0.096602982888730954,-0.3528782271630645,0.93066901769171029,4.1962792806394598,-14.608504498051426,2.01169077649701,0.4383984936022368,0.2260364490132118,0.1388888888888889,True,5
0.27641042983863984,-0.89593685917748711,-0.34769874696869041,0.96085255430955829,0.25049632520097065,0.11838057246696462,-0.018964259891046054,-0.366808854075237,0.93010301656257199,-14.300834362600417,-14.367135534762566,-3.5078324560487562,,0.09093011061200652,0.2352941176470588,False,1
-0.86283559259161957,-0.40006473287185101,-0.30897079096452423,0.40021321656197512,-0.91404962979039084,0.06589882828372258,-0.30877843423106299,-0.066794339522330715,0.94878574755399292,-26.857136209030347,6.0468456233567593,-10.05689212216153,,0.08608511520124981,0.3333333333333333,False,1
-0.24208427795543769,-0.92081641217888355,-0.30576516712798302,0.95387132298667832,-0.28353830652970863,0.098668778820403438,-0.17755196859071731,-0.26777446441412966,0.94698053552186989,-10.144018645741561,-3.7997829200127349,-3.7892842891805931,0.3084554850791693,0.2610640388917602,0.9161764705882353,True,3
0.94027831502340775,-0.12732411311623254,-0.31569805275912954,0.21152491028011841,0.94517215723358783,0.24881078256657962,0.26670939733674398,-0.30072938567684188,0.91565710501404418,-13.8104735693938,19.957908358339562,-8.0294172187752864,0.3227985276504089,0.3350472800141996,0.4461538461538462,True,5
0.75428487302720471,-0.58101514724525127,-0.30573800711378946,0.63592532189069007,0.76233818369327366,0.12016438183364314,0.16325843102441878,-0.28506471608183681,0.94450240462617441,-5.3472917654559247,-3.4143728533108302,-2.3127560173308899,,0.07919521055187165,0.3765690376569037,False,5
0.21413951073213669,0.95029696924544904,-0.22600871705824555,-0.9618063872195558,0.24551844196132971,0.12103374802321012,0.17050731200469349,0.19145852005015113,0.96657689381297496,-0.14159768594459365,5.8741766195235492,-2.3509451349687556,,0.09286069480288406,0.3982300884955752,False,5
0.11833813231379831,0.95886447984971634,-0.25802130866076745,-0.98328086105996648,0.14937535182746667,0.10414294282183087,0.13840099245905907,0.24138333320458072,0.96050989153542499,-13.278365819231068,-7.6088390117935436,-4.1501948085748204,0.5539158760223873,0.6528270944876677,0.7337662337662337,True,2
-0.93518265474246431,0.18965954677156271,-0.29910309023352094,-0.17811994677798915,-0.98181634939580154,-0.06565013799610378,-0.30611547956391011,-0.0081186438218786225,0.95195976847440911,0.8133521578047842,-31.055091274192058,3.3480969193743402,0.3431350888042721,0.2531716879053335,0.125,True,4
-0.5498337078577975,0.78677779531332337,-0.28047030948970902,-0.83134564191499682,-0.54800252174480701,0.092507620390295545,-0.080915495254548428,0.28403157740511764,0.95539454973559101,-3.31629355843554,-8.0193645832815985,-1.0296639126147473,,0.06756823247812752,0.1466666666666667,False,5
-0.023190671214464234,0.98922351138011533,-0.14456499334699563,-0.99466379358006862,-0.0082897882543133909,0.10283587482782888,0.1005292520091981,0.14617839766358409,0.98413705628178538,-26.723754819190084,20.089984406532452,-11.96567433895037,,0.2428955925507466,0.5625,False,1
-0.93635405136326666,-0.049251429246975356,-0.34758507909967323,0.11372432503646195,-0.97927354655299881,-0.16760101108439429,-0.33212628379969727,-0.19646276425480805,0.92254783825596898,-19.497984533340475,14.648320740130496,-9.0620909884546776,,0.4063860751079664,0.2666666666666667,False,3
0.58620774088571526,-0.71819348692369911,-0.37491145603468062,0.80638608740147555,0.56186092105113616,0.18453667234701204,0.078115059822071523,-0.41050020796090581,0.90850845713897854,-5.4069413231468113,-9.7208483275079587,-1.4632041619383893,,0.3046778275955115,0.3448275862068966,False,5
0.7746957697355028,0.59280651494597092,-0.22006112830649741,-0.56240053279401159,0.80503143053244008,0.18875920260454673,0.28905380998514424,-0.022468459949563563,0.95704914358697724,-23.632780937232152,4.8171798361216016,-8.9290977579514834,,0.3122331142247561,0.3666666666666666,False,4
0.79377839530589056,0.55356012239033903,-0.25196636689208701,-0.53047163976617018,0.83277151509060587,0.15840278740440972,0.29751587949115477,0.0079243014133174583,0.95468398273864175,-20.601620772743409,4.8521617998723281,-8.0005896090988617,0.3548754595053824,0.09911221253685275,0.2698412698412698,True,5
0.83648232305116921,0.48399839274469453,-0.25698809124835531,-0.44662139802467954,0.87386517167727829,0.19206506334032419,0.31753212443688472,-0.045882649770849965,0.94713680764745156,12.658726508443348,-20.067871702707386,5.284241960637126,0.3460329723450794,0.3213354894844584,0.6071428571428571,True,5
-0.95472600920960793,-0.033561905287123599,-0.29558728973383469,0.0088549052540379068,-0.99638145693513946,0.08453154990150627,-0.29735473426807546,0.078087071844876926,0.95156847952160328,3.5400462307693439,6.5412410321766856,-1.4480458302510593,,0.06773666520745264,0.2142857142857143,False,5
0.89953251132236511,0.36373752780565327,-0.24194270383690225,-0.30355184095412335,0.91871840066039445,0.25261191607160932,0.31416164776662664,-0.1537904780987393,0.93683026633361899,-17.179938409903198,15.857535814718295,-8.4808758572504725,0.7203982392986766,0.6347164514299724,0.8435374149659864,True,5
-0.3173192260504929,-0.84924281930168677,-0.42201320197742609,0.92281019103645467,-0.37904434023625633,0.068896585213810688,-0.21847164598175883,-0.36757587243912609,0.90396798499871511,-0.17912579831414335,-17.000173712897627,1.1833862361832956,0.591113752777786,0.4403342014737319,0.2857142857142857,True,5
0.79299315670348947,0.59122603507676008,-0.14701574360880909,-0.5272076868441038,0.78688153853393694,0.32073275362356735,0.30530952876372319,-0.17683104863648907,0.93569058554855389,-8.9095957346098444,5.7724535878290464,-4.7414626660888413,,0.09860601949452463,0.4878048780487805,False,5
-0.95310570420071183,-0.070161031822989356,-0.29439250369804176,0.069012785810929803,-0.99751326778449578,0.014300908660436734,-0.29466379488271505,-0.0066865691825406977,0.95557759380276774,-4.939233556297669,3.3941281324606218,-3.2094542156849486,0.7667026864417876,0.1911857954139188,0.3851851851851852,True,5
0.3881363483965567,0.91464587358879235,-0.11301814447415875,-0.8955123981618075,0.40327447084236434,0.18822126847223963,0.21773313893818447,0.028153633758468466,0.97560220024060984,-2.8862185368023479,-3.9119943074023542,-1.5925133742802982,,0.6102751670924519,0.3855421686746988,False,3
0.15696876052725992,0.97434225292133936,-0.16130090635425534,-0.97554068406346417,0.17841864605852528,0.12840233827945294,0.15388691287930936,0.13720044063635942,0.97851666165357887,-6.8934218687425783,16.732299449384243,-5.5703767226159293,,0.2796058120549133,0.1176470588235294,False,1
0.64318974048851685,0.72763781489997137,-0.23843273277364946,-0.71630484538705841,0.68181472683868094,0.14844543354686979,0.27058145946338913,0.075311941904926211,0.95974672971632069,-32.029749931144245,1.7669654601335942,-11.021370146308309,,0.1945959600630751,0.5116279069767442,False,2
0.72780777628100113,-0.56770208766884844,-0.38472091240447959,0.67079015269323972,0.7059793670506822,0.22723050928186972,0.14260579172910243,-0.4234471312397205,0.89462624330508356,10.782011447228749,3.1875452215085884,1.2358455749437638,,0.1461426478933192,0.3214285714285715,False,3
0.097961508878385173,0.96442528533006144,-0.2455349502500615,-0.98585634886517048,0.12775436280042055,0.108471573177926,0.13598088902675143,0.23143615059339503,0.96329980069447019,5.7438490863013145,-3.960803509598712,0.87451832611087643,0.9396843826101746,0.8652714354981432,0.9828897338403042,True,5
-0.93160076084112686,-0.2029732889584186,-0.30153252953808624,0.196254283315871,-0.97913289384117197,0.052754454583355176,-0.3059481633878659,-0.010030960453306481,0.95199532622380933,-7.9815180875025078,-15.55948167642622,-1.3886461375557837,,0.1075044793935683,0.5,False,5
-0.95189345152903726,-0.092713177964317023,-0.2920669847276377,0.094971110976768344,-0.99545900069448134,0.0064703953653222485,-0.29134059966982906,-0.021578799042164538,0.95637597754017378,-12.233061195141039,-25.096813530606596,-1.4169994097536445,,0.2694619086897695,0.6756756756756757,True,5
0.94734681209487881,0.21128863974370254,-0.24060575290072891,-0.14409584898106759,0.9523202805905131,0.26892837240133682,0.28595524810728012,-0.22009814604231126,0.93262339783464665,14.350858150731575,0.30706368397405837,2.753174197936497,0.6914270569797497,0.3757564223087607,0.4,True,5
0.14604163127772371,-0.86596124562147514,-0.47831262058976115,0.9873295460718241,0.097251162342669159,0.12538970801706928,-0.062066169427051919,-0.49056430007156365,0.8691918419474205,-8.5610172161111642,-6.9253357476271065,-2.7510856420548606,,0.1012619250168959,0.3428571428571429,False,3
-0.31396693037082257,-0.82916374130701642,-0.46250649372227676,0.92937740102092148,-0.36800229426887443,0.028843680147341885,-0.19411958454808353,-0.42078712137444996,0.88614659361771708,-6.9672491747532206,-10.978438607064133,-1.7415901364390434,,0.1682982161848821,0.5454545454545454,False,5
-0.56978244978140113,-0.75978242273293073,-0.31317507887311957,0.77916085021131987,-0.62060883092860863,0.088051396760075257,-0.2612591231308099,-0.19384362016714707,0.94560473851468008,4.401769483531913,-6.8374933889964309,0.92252024433293334,,0.07225811235163496,0.25,False,5
-0.89432036863873965,0.40143810287587567,-0.1975816990444402,-0.38144737082869801,-0.91488025669605599,-0.13225739750816709,-0.23385675428719938,-0.042913464870335399,0.97132355732118425,-14.638656240909075,-11.756622714199931,-3.9232666930789142,,0.09693946409427626,0.3333333333333333,False,1
-0.89323755357535206,0.35101682979189675,-0.28091610506620485,-0.37633581462936433,-0.92561738774060265,0.040047548483224955,-0.24596346783612613,0.14149076547644443,0.95889641556057426,14.71016566963598,-10.505835719035057,4.3405287825746921,0.3407446202607323,0.3358881658471367,0.7037037037037037,True,5
-0.90535560753854472,-0.24688154500630222,-0.34551516122134651,0.29074170744898103,-0.95340094345008153,-0.080597149938100507,-0.309516531784916,-0.17342474957108844,0.93494565231784554,-10.349948457105832,9.6923093334323678,-5.7947236033344405,,0.1532765923050458,0.3636363636363636,False,5
-0.93888807072979585,-0.14155008510963382,-0.31377183437449663,0.18617388186929543,-0.9755258907527754,-0.11699795801944964,-0.28953147730600687,-0.16826410751095647,0.9422625503396288,2.2347479874485101,-16.529293151020362,1.738928143379004,,0.3314548087496847,0.1891891891891892,False,5
-0.88174258467699029,0.37128404812689947,-0.29099513737112981,-0.37428848007556348,-0.92609563851076238,-0.047486861488919618,-0.28712044171369089,0.067044939688581759,0.95554530400828686,17.109074718989991,-2.1925687383228092,3.820039164799343,,0.213834861808145,0.1063829787234043,False,4
0.44264830448976683,0.88855280754669586,-0.12056693880670422,-0.86443084914909207,0.45858967660333777,0.20604566375496963,0.2383732064887216,0.01301601758338003,0.97108640074637775,-3.7960895102544732,7.9830728416208894,-3.64286918834526,,0.6634650712022051,0.2882882882882883,False,3
0.94968880489173313,-0.10121535191404817,-0.29638931559728149,0.14951038330140121,0.97806185762782583,0.14505739532568682,0.27520504927849271,-0.18207266458894891,0.94398714274141482,-9.3844895792711895,13.374742645356712,-5.9516273223635467,0.6436800257334185,0.5903747411489473,0.8899521531100478,True,5
0.7150912234143092,0.64165248103748751,-0.2773565138486272,-0.63803593586202834,0.7612145023116087,0.11602855691232174,0.28557781206615607,0.093992420167409468,0.9537351509756683,-1.8918735354578322,-17.024556479190398,0.60851250973465254,0.2835799399171076,0.2770773945963184,0.797752808988764,True,5
-0.94623075242761689,-0.10914505478150585,-0.30452375962641887,0.11251515232088739,-0.99362864234125192,0.0065162579207034277,-0.30329474716597782,-0.028097653564376178,0.95248245034000645,-7.1230506470756003,-18.487471100676295,-0.7351491071240458,,0.0740399929521692,0.2272727272727273,False,1
0.54092233986820837,0.83088097957619933,-0.13053666155528226,-0.80204461825471929,0.55630087994547039,0.217379302833865,0.2532339877665406,-0.012889094242462346,0.96731919173014691,-18.788870556926536,6.4023028491542879,-7.6756646066315612,,0.3697052204778665,0.3703703703703703,False,1
-0.91958277380472531,0.33460228655786572,-0.20593404757799441,-0.30388289922651213,-0.93795409307006872,-0.16702485698480474,-0.24904358188738226,-0.091013345852972896,0.96420633953389379,8.1261245891741343,15.074413277386819,-1.1559266067213194,,0.1782479391739372,0.1428571428571428,False,4
0.47364532745776239,-0.78420648723358166,-0.40084945947100503,0.88055936937372337,0.43024281972461553,0.1987619507943208,0.016592190499784887,-0.44711441651570549,0.89432287109200126,-21.273949080726069,8.665855024656512,-8.773297702005534,,0.5215526443857275,0.3,False,5
0.38257129794978412,0.91610466020001191,-0.11996438448488519,-0.90080841590948924,0.39870491592416862,0.17198426627031116,0.2053859776412526,0.042268683179412125,0.97776784494614288,-21.684388169533708,10.61997058575256,-9.1299631693592467,,0.3882718211772902,0.396551724137931,False,4
-0.48248055606407753,-0.73901748789068167,-0.47017620698185603,0.83935294766416801,-0.54354193028932452,-0.0069856470586749375,-0.25039796777843798,-0.39801422412911558,0.88254491960654724,13.254679454785553,-1.6952854177705403,2.6059201123463138,0.5854751193105802,0.428869712850398,0.2272727272727273,True,4
-0.86374562258471721,0.43492704080694305,-0.2545230218283912,-0.45686200363696533,-0.88898650000292001,0.031306747601374099,-0.21265137925383279,0.14332296392230531,0.96655983721338679,-10.300392156315011,2.9900424518769868,-4.665537045523279,,0.09087178463197847,0.5585585585585585,False,5
-0.69440031015475689,0.69280588120363262,-0.19449478200362294,-0.70639271805104265,-0.70781977027980458,0.00070759134119199874,-0.13717702847575836,0.13788104935307069,0.98090329752114624,-19.317647257588153,13.870829881292861,-8.9050075377889719,,0.6179511567534712,0.3703703703703703,False,1
-0.031716119262100634,0.98815994627481574,-0.15011331838682865,-0.99740069412962395,-0.021568669775560052,0.068750620607065521,0.06469886497223909,0.1519036308396412,0.98627549082851984,8.4495460883665778,-13.627622425189099,3.0107558927671709,,0.222439557430454,0.2727272727272727,False,5
-0.32056689804277411,-0.84001328742629011,-0.43773798193269808,0.92611439441108512,-0.37497026403668365,0.041345248249939237,-0.19886928456607633,-0.39214152806803959,0.8981514513825829,-14.690587194734226,-4.458898808723716,-4.9765148384950768,,0.2083765112425462,0.2222222222222222,False,1
0.93562405630207157,-0.19359044909026366,-0.29517852782661669,0.23668098781712224,0.9644331601285111,0.11768937781484538,0.26189642088957582,-0.17997615860320015,0.9481660440343066,-1.2814009646877238,-2.57358769414222,-1.3034007612581444,,0.08083485610046712,0.3761467889908257,False,5
-0.95465901344651261,0.10326421672679525,-0.2792179607208905,-0.089054162939613185,-0.99402329426216318,-0.063143063968434027,-0.28406957617537304,-0.035414573384390635,0.95814940582538888,-8.104781334842988,35.21698134329538,-7.7748346560828265,,0.3717270431251938,0.375,False,1
-0.93893112280615176,0.24076781210061396,-0.24584386769301819,-0.25505236023787226,-0.96653549717146536,0.027521377956029255,-0.23099056293076015,0.088543737010538526,0.96891865833677626,6.8831030475021278,-9.7308242787909709,2.0227688137416409,,0.1336956818335725,0.4137931034482759,False,8
0.91508459375570705,0.32711939898248299,-0.23582426736935683,-0.27291208266984834,0.93288609571658432,0.23503728970415672,0.29688243700791833,-0.15071971081450813,0.94294453037717585,-8.1634432526306977,3.9047828719490631,-4.1876814208133917,0.2715215358254094,0.1509476459099952,0.1358024691358025,True,5
