axis_00,axis_01,axis_02,axis_10,axis_11,axis_12,axis_20,axis_21,axis_22,location_x,location_y,location_z,dbh,dbh_approximation,score,reconstructed,number_clusters
0.37048346666562521,0.8713236799885109,0.32177172905446638,-0.91632022712001893,0.39954300505751894,-0.026881749949087985,-0.15198434885914555,-0.28488669993681304,0.94643558993783317,21.976100160823623,2.8493579030778013,-4.6539271255271428,,0.3306355307690451,0.3571428571428572,False,1
0.76574718311964074,0.63457501435570296,0.10462219028387422,-0.62674915234627226,0.77278342529028321,-0.099956378635115792,-0.14428011497626678,0.010969446297651612,0.98947608342514159,5.0907798982490675,-15.757781658841372,-4.7143902492179315,0.2432142438755887,0.1800196002233321,0.5892857142857143,True,5
0.95298850820074144,0.29378540442095463,0.074182473580637037,-0.28496032500123647,0.95218484930538427,-0.11018904631801096,-0.10300736096277566,0.083869833089729701,0.99113840339530057,-0.32436390956327543,8.0093581589203051,-0.83194461404660258,0.7624692059074945,0.5586774369814462,0.91,True,5
0.75213741034569781,0.62710106565180601,0.20256744411883837,-0.6353750143012209,0.77163475219780986,-0.029637820472330351,-0.17489398834777858,-0.10641457916561928,0.97881971280763114,-4.7213284961083879,-17.754975654208817,-3.8821614849564114,,0.491364617555345,0.3541666666666667,False,3
0.9535542902947779,0.28580004078709076,0.095144900790961065,-0.28530738469728567,0.95824705165902202,-0.019033765365494823,-0.096612171581118816,-0.008995814187220022,0.99528144945512353,1.0429918839484573,-6.5217848039515856,-3.0580653676624436,0.316166117599518,0.2047464802301924,0.3125,True,5
0.73308847799744414,0.66563643682731199,0.1396761160514948,-0.66788785669060102,0.74333981320546549,-0.037036913868444821,-0.12847993739345481,-0.066136646962959844,0.98950434542546106,-2.0628513256309549,-18.098838660800286,-4.2251601306907958,,0.3905528798048056,0.4428571428571428,False,5
0.77368765217354085,0.60355874386348662,0.19267656728342261,-0.61816606861925893,0.78577226924033705,0.020800300495430163,-0.13884570026472859,-0.13519905176746094,0.98104183800650191,-4.2762038640770328,-6.2248391787207815,-2.3953903357397084,0.4723442418702008,0.4930553664260287,0.4510250569476082,True,5
-0.98250556832796587,0.17087159325912701,0.074065557593442716,-0.18136238802082449,-0.96824797915349037,-0.17205677864171903,0.042314210567183909,-0.18247944947930195,0.98229871123900303,-16.920149515431739,-15.416537091734892,-2.3645040578110241,,0.0571737640074597,0.1176470588235294,False,1
-0.60299037935293465,0.78457827163874039,0.14435905957081924,-0.79521103623945044,-0.57672769480741082,-0.18714853428522943,-0.063576805918384577,-0.22764468303585983,0.97166655187606354,-13.055413510826837,10.468693360058323,0.8748054699108101,0.330264616143165,0.2436012545053728,0.6,True,3
-0.35298298991785249,-0.92703308435917253,-0.12654117642954038,0.92048200111910183,-0.31983933470300019,-0.22453437507988672,0.16767794859320762,-0.19573569035886362,0.96621511325134612,2.3970119433756754,-24.189530897052645,-5.4823525945089342,,0.2654499763430866,0.1764705882352941,False,4
-0.73399786676215417,0.66917957607731715,0.11595614062907234,-0.67753506053539603,-0.7097249372744564,-0.19296827499893929,-0.046833463825604937,-0.22020265296256361,0.97432921453395027,0.66366060528343096,-10.239311698556532,-3.4499574195009046,,0.09090433930754276,0.3114754098360656,False,5
0.83037165129105883,-0.55439182495774575,0.055969859318925945,0.55681949150916199,0.82183342423640215,-0.12058970388614397,0.020856044870450896,0.1312993801504409,0.99112335163917464,5.6907784772958019,-10.011559439544623,-3.9842179207262514,0.4915687345556728,0.459239385976144,0.9512195121951219,True,5
0.85276886228740134,-0.52026287733872445,-0.045954390174214113,0.52142064567376656,0.85312015542892916,0.017507446018008771,0.030096142247885579,-0.038891372618518334,0.99879010976162708,-15.115647193740758,3.2661957775195551,0.070510589653615327,,0.7640642442775116,0.1592920353982301,False,2
-0.95718689230588827,0.27971247639791696,0.074526396297825676,-0.28851483484725482,-0.94277049221185705,-0.16716156582083591,0.023504111786177645,-0.18150683062066036,0.98310875653062169,-4.0268910915812306,-9.6480828497347417,-2.9033441777823219,,0.1324166420961711,0.3947368421052632,True,5
0.029577980056553287,0.98677190714307539,0.15939368359189315,-0.99012311883381876,0.050786996741661539,-0.13067857709951791,-0.13704507523645754,-0.15395416277314777,0.97852785505485407,-11.948330045805797,-24.368909880253693,-4.0209542819355155,,0.4386583584568882,0.8421052631578947,False,5
0.33477751385569238,0.93552917805552838,0.11273496894641313,-0.93122947921899513,0.3467518737884247,-0.11213739366391215,-0.14399886544733762,-0.0674410485606763,0.98727707950651589,-8.3937019569864262,-10.202744024175825,-2.47230098082261,0.266858244991632,0.2249324099783846,0.7572463768115942,True,5
0.89926693706242156,-0.43452687254951755,0.050053700549575475,0.43738791118188586,0.89419369799654069,-0.095443415777194646,-0.0032849746297287097,0.10772199169903547,0.9941756290746997,18.775040065377141,0.023283772746846509,-4.5426646810825879,0.3122035021548908,0.2612860717454629,0.525,True,5
0.30760454897382056,0.9447332759572652,0.11339523248208737,-0.93947636308484828,0.32044516007781776,-0.12123969064447863,-0.15087612354338756,-0.069238260245011854,0.98612497111814634,4.6346827505232628,-18.654991649689926,-5.0295091622204193,0.8797222113361111,0.7780620703498797,0.9224137931034483,True,5
0.9180468851897351,0.38156115180440442,0.10770795712072721,-0.38132404947265641,0.92413999046984818,-0.023606086252550257,-0.10854439592719296,-0.019400140414028863,0.99390228325762253,-20.173346140901312,-13.202214411940881,-1.7355238013557444,,0.3920577738880982,0.25,False,3
-0.46068269826207314,0.86847095914565631,0.1831110172616596,-0.88520541751296222,-0.43454072476396338,-0.16608951600661742,-0.06467472711715673,-0.2386054308733008,0.96896059157743253,27.323185466607466,8.9066141135144168,-5.0083088481712164,0.4097240356243492,0.3654955439451846,0.2368421052631579,True,5
0.50346924629985923,0.85770819502616569,0.10418910794900095,-0.85509330686415519,0.51191823203036024,-0.082189782035444067,-0.12383115353728766,-0.047711381240402924,0.99115562325689166,-7.971804659824401,-19.644397317013841,-3.8280965740115205,,0.1156021196169038,0.1666666666666667,False,3
-0.43472097355103306,-0.89990509105679262,-0.034474660910686114,0.88353353169998028,-0.41877700412105656,-0.209748228076309,0.17431630307174539,-0.12164147281851501,0.97714747022849135,-10.953506710544815,-13.165946780726038,-2.6462469794165733,,0.3453202135128931,0.74,False,2
0.10204073620070195,0.97833824902518662,0.18011651409560095,-0.98277472857424475,0.1271879343553009,-0.13407856737842716,-0.15408283821191288,-0.16333248252801319,0.97446445759699074,-2.8765509717716222,-13.284090265499438,-3.4935893928134232,,0.1448926662125783,0.2,False,5
-0.9255718740580432,-0.37857162716854875,-0.00047859757484301768,0.35405494374453983,-0.86518195779063856,-0.35511304780817049,0.13402165035072525,-0.32885209899970924,0.93482324223392765,10.42535387665356,-1.0684171172924932,-3.4005843272491827,,0.4132741525128928,0.5476190476190477,False,2
0.78011298772363202,-0.6241511952334986,0.043116259966556492,0.62500306854711007,0.7743620168390708,-0.098664234571719647,0.028193805908476713,0.10391704559658223,0.99418627879430777,16.31216000991466,-0.39732494353391667,-4.2046754706880298,,0.08580134144295741,0.2307692307692308,False,5
-0.52870526811208818,0.84312748509682112,0.098014199710221045,-0.84465036728984177,-0.51118600817309157,-0.15891702893395643,-0.083883827449997339,-0.16680800017496195,0.98241467546549266,-10.044090901719086,-16.485991785061799,-3.1610402850023727,,0.09392764148996839,0.5,False,3
0.93867367356144993,0.32788311864940556,0.10669768070296529,-0.33210548165238757,0.94293561913020385,0.024049266765841834,-0.09272369502499167,-0.058009298222602881,0.99400062258563626,5.3317820459703276,-4.690447979397792,-3.3039948547708318,,0.2693360908632235,0.2325581395348837,False,3
-0.29973285324036669,0.93723942103245172,0.17816420614462314,-0.95049681562226396,-0.27732935560323513,-0.14015788244915298,-0.081951328118128289,-0.21135443260894532,0.97396780420926932,-17.49545459808532,8.9984737263291183,1.1558900161710244,,0.6602665553364601,0.9591836734693877,True,3
0.039525044521730258,-0.99768872325441327,0.055271894725389063,0.99047975571378477,0.031819712107144016,-0.13393042762038787,0.13186214155972412,0.060039298899951597,0.98944815842513234,5.6039916225120683,-8.3265049888415383,-3.7634143886361486,,0.07840830266182783,0.3333333333333333,False,4
-0.74075200494114068,-0.67082801680270376,0.035724488075158739,0.65663103735274608,-0.73425393749142243,-0.17235671168654609,0.14185255711737177,-0.10421577208318383,0.98438657289114262,-10.378628846287773,-14.939930140274599,-2.9401558838897173,,0.07700719597109319,0.2941176470588235,False,2
0.92222197688909746,0.35249954280305934,0.15890468107138528,-0.37107708296792846,0.92235653859409017,0.10751843659922261,-0.10866657185527512,-0.15812175067447881,0.98142197250971486,-3.8627729897098706,4.224193429239488,-0.96435589403715583,,0.546831171465651,0.2460732984293194,False,3
0.68322934473593344,-0.7273200243055794,-0.064832435831447863,0.72794176628523954,0.68540610504121802,-0.017867738238319594,0.05743211113334773,-0.034986474763238337,0.99773618717294621,13.367157909069022,5.1244627767546085,-3.069435789939476,,0.263112916122263,0.1538461538461539,False,5
0.0091567343297070582,0.99644270858580974,0.083773997890691551,-0.99080344261446041,0.020351350910217648,-0.13376980458781451,-0.13499886043870177,-0.081778670949726337,0.98746521794843345,15.265870082158733,-11.962103809681999,-5.580465694916926,,0.1321254462173786,0.65,False,5
0.47460030057418073,0.87576040532699784,0.088307797823233239,-0.86690793632425656,0.48244468892667536,-0.12537045929748139,-0.15239811230102379,-0.017053873106571055,0.98817204007153936,-0.70346962136627311,2.6522289759127995,-1.5151536697252828,0.4133978533355174,0.3201472134034063,0.8877374784110535,True,5
0.065651516132578497,0.98493557774652118,0.15997432956140065,-0.99115476310252526,0.082898467049429381,-0.10363435598309541,-0.11533479097249912,-0.15175556612520183,0.98166599927946385,8.5667515758967809,-15.117536699838135,-5.0764082962942352,,0.157386147298446,0.2857142857142857,False,4
-0.98821801539992038,0.13213784667707665,0.077231751984452673,-0.14690434689291135,-0.96049010635048804,-0.23638500051144279,0.042944928722839767,-0.24494559616039854,0.96858525077486934,3.6648272891227363,-20.798759433274174,-5.220373367171657,,0.2158086710327633,0.5526315789473685,True,5
0.21968869281671091,-0.97443663564910121,0.047011927777383923,0.96832167542154701,0.21193973995322404,-0.1320404465963681,0.11870135280313127,0.074530461781884022,0.99012888005011024,-19.805415557750887,-14.630162399826679,-1.9730876164911388,,0.06661207473829707,0.3333333333333333,False,1
0.48501882295588461,0.84902842790619693,0.20954109378739805,-0.85702362261733789,0.50914585740782781,-0.079252799069190749,-0.17397485925943965,-0.14114256796437721,0.97458274346208174,10.492317799616814,-10.503331127997422,-4.6605363820661765,,0.2340540522093106,0.1666666666666667,False,5
-0.50176984187449125,0.85929788604083945,0.099167377856789557,-0.86109042774084887,-0.48531866825419245,-0.15162145460672044,-0.082160215666274655,-0.16147115311943588,0.98345145567635894,10.96043291418647,-18.710215450547917,-5.8176528805525072,0.2255709452691973,0.135332058839643,0.4375,True,5
-0.77430577991640948,0.62416772420711397,0.10423632402456261,-0.63209301690056463,-0.75501407239470752,-0.17439084973559352,-0.030149248308770887,-0.20091889543811464,0.9791438200194823,-8.9887132312415119,-11.16123924997672,-2.4885309044026909,,0.2446882312010428,0.9498327759197325,True,5
0.99007392523823456,-0.12527549021026041,0.063715572005068263,0.1314565687211692,0.98580484340936381,-0.10444128135318639,-0.049727186763486211,0.11178041985615297,0.99248795692107539,8.2451622162874969,-4.3604177559292445,-3.6342798446410631,,0.09019482082150782,0.3333333333333333,False,1
0.41753089084198813,-0.90395430164534207,-0.09238276749252998,0.90369457968890099,0.42371340130612695,-0.061668956489425594,0.094889735132928588,-0.057737111899333615,0.9938120365923967,-14.659225548334019,-11.554976865516297,-2.0217919977648999,,0.3262273401871024,0.4571428571428571,False,2
0.99105772078840659,0.10854920841131681,0.077599377697013444,-0.10426780925036024,0.99289975461389024,-0.057256451529986485,-0.083263545563576277,0.048653331242081502,0.99533915593591948,16.988150124163798,8.1914443723554271,-3.1550019614271787,0.1475969877877388,0.1126425822862296,0.45,True,5
0.062460620756483086,0.99038557200759714,0.12343050519988936,-0.98766671797743455,0.079127113486964148,-0.13510497441213654,-0.14357271695694054,-0.11346946140000058,0.98311319606401193,19.787183975820167,-5.5594541735669676,-5.4610513174136575,0.2356213147283352,0.2466792209985179,0.3888888888888889,True,5
0.78841284483767138,0.60556186284232894,0.10816661391528332,-0.60071057782136228,0.79578518292258105,-0.076633832831191656,-0.132483915206694,-0.0045577309927756632,0.99117467648225466,6.6086754129922705,6.5962774665050068,-1.9064032309066214,0.4751245418854794,0.3750731079566575,0.591304347826087,True,5
0.98493711082262625,-0.16397768540848379,0.054865348011770447,0.16701296211779162,0.98434901688670129,-0.056246630466402131,-0.044783459100626088,0.06456261799415533,0.99690827569477103,12.964657983811049,-6.0544492930191591,-4.429624927625361,,0.4013332508511491,0.1875,False,4
-0.1976820485431916,0.97412722628789239,0.1095351755758073,-0.9730726849711534,-0.18149032791445158,-0.14209437229015812,-0.11853842181671073,-0.13467519399711497,0.98377397540036648,1.3986400247162805,-4.5405273682363578,-2.7558287691073984,,0.09759034857721283,0.2993197278911565,False,5
-0.95842393508594159,0.2649464419849531,0.10595727220862478,-0.28433276647812344,-0.91802984579393276,-0.27636222632346996,0.02405074970298586,-0.29499929679760545,0.95519473215027817,8.2747782460959396,-6.6509287834649102,-3.8647628422589904,0.3591542523939141,0.1674561526294696,0.2727272727272727,True,3
0.958373177938458,0.27496416933571238,0.076912660789114712,-0.26745347080567078,0.95884798148858374,-0.095284780260374818,-0.099947450003188693,0.070747819590355185,0.99247430861512442,6.5838355467127512,-6.5233554090583334,-3.6658212412491697,,0.08866916440097602,0.4259259259259259,True,5
0.63193647525872643,0.75876818865219675,0.15788327057367571,-0.76380369101553913,0.64426388710711946,-0.039089197493201958,-0.13137812918676628,-0.095889935129232273,0.98668379307268217,-5.6592113303522211,-12.405062337436522,-3.1141553761598599,,0.09795755112442549,0.1666666666666667,False,3
0.95285797540778072,-0.30202280615185906,-0.029050013183149134,0.30241279419551537,0.93756063404312528,0.17183294037964128,-0.024661318063829922,-0.1725174833366436,0.98469768829552184,15.502700577713261,11.298358369357071,-2.568216002653736,,0.3086799910736406,0.1904761904761905,False,2
0.50031340187018303,0.85318014133175379,0.14754709873871957,-0.85205196305992392,0.51543735230086307,-0.091278628927070588,-0.15392839944212644,-0.080049873767573679,0.98483402944606901,17.473194204447623,-8.6956257777498323,-5.4061222279343397,,0.1331324553166549,0.2666666666666667,False,2
-0.77373032051102597,-0.63259024974898526,-0.03421939573433487,0.62268832094763793,-0.74945352793719899,-0.2248970084680969,0.11662180789765655,-0.19531765251764727,0.9737814788430097,-5.4362984893330921,11.739249356574396,0.28361509182716388,,0.3527769942651506,0.7333333333333333,False,2
0.026577483087559872,0.98727336180117886,0.15679587517065294,-0.99079559436662346,0.046842609205848151,-0.12700338635831626,-0.1327317881158166,-0.15197723198094082,0.97943105596207802,-1.687029975093844,-10.255701754044262,-3.2155571783429862,0.1915663238452116,0.1516466135509645,0.28125,True,5
0.81196575918526581,0.57127942811569443,0.11979741617623679,-0.56923978167306277,0.8203949293345435,-0.054020652374586198,-0.12914208017335488,-0.024330535012143779,0.9913275685637537,16.745858828559719,-11.503876216524938,-5.7347877545505543,,0.232861009827164,0.4285714285714285,False,5
-0.73925730045903115,0.66180353920636958,0.12455809573025833,-0.67247810258246388,-0.71568717298887008,-0.18858704082276606,-0.035662939658897053,-0.22317693857816426,0.97412535580476645,12.092878940088903,-21.055435915064859,-6.2782420704771322,0.3647108344364082,0.3029317309327272,0.5714285714285714,True,5
0.97733694250581915,-0.20770321190204907,0.040888587392444421,0.2069755491443443,0.97811341215139846,0.021337174741406839,-0.044425475459179943,-0.012390671294191243,0.99893585799845275,-10.71753853919347,-10.712127959492905,-2.279264266009887,,0.5919453236874618,0.7431192660550459,True,3
0.52482872530682079,0.84111771351574993,0.13067440875264658,-0.83767576643415775,0.5376276376394018,-0.09620724284180214,-0.15117578980036214,-0.058970460879256857,0.98674635308265701,-14.903013001989084,-17.621367563289162,-2.8654975982250739,,0.1056184795429921,0.2727272727272727,False,2
-0.85980470408948928,-0.50953331030970284,0.033341813244385385,0.49534168558571379,-0.84814826827369194,-0.18783271691971692,0.1239858272008989,-0.14498386361652399,0.98163495961795033,-26.285628136811859,-10.874434488921233,-0.90238966164590606,,0.622039960875078,0.967391304347826,True,2
0.99038165500377229,-0.13787780108933262,-0.011571058670649975,0.13765971967766863,0.99031774519353055,-0.017904332801514738,0.013927634768864536,0.016139254058726998,0.99977274691210349,15.649343077372528,-2.7106519497374215,-4.4139432398280265,0.7976470392715507,0.6348848952064792,0.40625,True,4
-0.77948775362387501,0.56718151826016261,0.26590217617481271,-0.62554939656783837,-0.68245975531096081,-0.37806961638634207,-0.03296656494112804,-0.46103558184265919,0.88676907809811578,-21.970787174231884,-18.355567186303553,-2.3082957350862143,,0.2901157145121166,0.1818181818181818,False,1
-0.96925713309323791,0.20614562822640153,0.13433015265017717,-0.24385767069905975,-0.87754480166483573,-0.41285416010045661,0.032772646965214799,-0.43291927773450656,0.900836751346617,-21.674019817239774,-15.318442347253697,-1.8996569650974067,,0.412056607747928,0.12,False,1
0.68751875889219116,-0.72365807878704791,-0.060307057444218645,0.72423682225711961,0.68937351300408911,-0.015658379715363172,0.05290540103099816,-0.032911161854909221,0.99805704945514462,-3.2316644013337763,-8.8740024466019705,-2.8640918541764395,,0.3504065986805065,0.2,False,1
-0.85988616914537885,0.48777103096067187,0.1505828591442212,-0.51035535151124967,-0.81474554169065128,-0.27518560550842081,-0.011540853361593634,-0.31347906413470544,0.94952497863558893,3.7152429471990991,4.4262963704664466,-1.7676996540062837,,0.889967215700682,0.5462555066079295,False,1
-0.54713330088347711,-0.82920436927843055,-0.1143033902992838,0.82343228591335571,-0.50866532697923283,-0.25143360086634298,0.15034766902036056,-0.23168879795680664,0.9611013886794012,-11.848619896984172,1.1490871848677484,-0.57981843866296301,,0.6394251951606512,0.3631840796019901,False,3
0.27397027284136588,-0.93551531012725997,-0.22305020537252163,0.95505914746490028,0.29193497849102995,-0.051341924165925062,0.11314731301646255,-0.19895997801301213,0.97345396023962827,-14.174417075291712,9.8296080714891865,0.90728542061721085,,0.6192182017532087,0.4444444444444444,False,1
-0.73170303185089525,0.6636248316217046,0.15560448590985815,-0.68010681620639668,-0.69557605772327036,-0.23157863992983366,-0.045446581057383931,-0.2752744644481529,0.96029088170875387,-5.8554343120853893,-17.649056837758991,-3.7653159812226851,,0.1202492666097416,0.125,False,2
-0.065626365482954446,-0.99756392368207358,-0.023651602937692362,0.98857083552478053,-0.061774238203003352,-0.13751962276080487,0.13572355471079139,-0.032406197901993491,0.99021662025750778,1.6631203581718741,-17.370958929189467,-4.5740191079033972,,0.1954566380212003,0.5087719298245614,True,5
-0.098967733026539842,0.9657831146802679,0.23972559983879096,-0.98686653270654368,-0.064350377403581363,-0.14816705285514992,-0.12767080497651645,-0.25124092884420179,0.95946764470207679,-7.8167689397575897,-9.5962907474810955,-2.4581953539519819,,0.0724493785640838,0.3529411764705883,False,3
-0.50809755017984837,-0.86085389157285974,-0.027703011841670414,0.84805674355854688,-0.49440796770207013,-0.19068434958743161,0.15045477462051349,-0.12037997689222259,0.98126042514580103,3.1410387491830818,-16.847559792898156,-4.6547090439640852,,0.4097677688554112,0.7142857142857143,True,5
-0.082429305939203779,0.93456167865179296,0.34612119021800036,-0.98797246464073296,-0.031037464260953634,-0.1514829525853213,-0.13082743838391786,-0.35444484000729082,0.92587960165353522,-0.29174844930530747,-17.714088912508434,-4.4007003197343426,,0.3072150225211446,0.2,False,1
0.29344207190095756,0.95116719735202782,0.095774282142752659,-0.9441174524767959,0.30407534068705089,-0.12720229209718106,-0.15011324514244512,-0.053095667125861973,0.98724204922868908,-7.7521335119213557,-8.072984743210057,-2.2748511909359759,0.1354511646418822,0.1471117796191451,0.4318181818181818,True,5
-0.57913310143256125,0.78442546108097155,0.22199447478035894,-0.80964660735350713,-0.52160516535373835,-0.26907326637415035,-0.095274456314680497,-0.33556630862499282,0.93718623042047366,22.937590854108763,2.0054236953813782,-4.9446054276167013,,0.3030813029802885,0.3461538461538461,False,5
-0.44023755134481779,0.8540007354068847,0.27726096427448876,-0.89303340460353819,-0.38441630155261236,-0.23391332874127624,-0.093178520315212315,-0.35058073396168143,0.93188567556688851,-13.700146905460288,7.6695685685361967,0.51913494273502347,,0.6738761026207156,0.4393939393939394,False,1
-0.011763818152065269,0.97303750222766294,0.23034676433811047,-0.9919475177848216,0.017695192465548123,-0.12540734477748636,-0.12610207985206776,-0.2299671703138495,0.96499397201994208,18.361088535641219,-6.565319513400163,-5.3315537673466595,,0.2875223299902596,0.5217391304347826,False,4
0.045738762707069558,-0.99381541468672363,-0.10118738615599254,0.98921107861077096,0.059171912302126373,-0.13401539742964091,0.13917401891064846,-0.093965984939045927,0.98579966835797472,-8.4670418128011598,4.0915063876047313,-0.51985351805557856,,0.7598195283456178,0.361244019138756,False,4
-0.88280649067374695,-0.46836788517933775,-0.035836073402911631,0.45330601329356418,-0.82944320491018764,-0.32640102349749495,0.12315176952118526,-0.30439364967251203,0.94455182372533109,-12.902209286170946,9.2933470627274719,0.70241210006245669,,0.1008392444137342,0.5882352941176471,False,1
-0.73441640376684647,0.65887608244749196,0.16283382282811165,-0.677311108322734,-0.69617142509994567,-0.23789705634357722,-0.043384426016727928,-0.28500465759870502,0.95754380407699491,-9.7523516462655202,1.8718063971452639,-0.70719712164959891,,0.6857217518299479,0.3796033994334277,False,2
0.57139772592524563,-0.81890989405739401,0.053770105285048213,0.81735451165385242,0.5619778128675591,-0.1269351807958965,0.073730869291974033,0.11647971179352203,0.99045254083875567,-16.734310601554782,6.3373735524369552,0.64685901092010523,,0.1121774171605804,0.44,False,1
-0.22450664314652011,0.92907327431274633,0.29397213837517039,-0.97014294118967825,-0.1846902788874128,-0.15720106406868523,-0.091757511098102068,-0.32048767814422885,0.9427980734573016,-12.003982278974869,-18.658516875481936,-3.2811461448527544,,0.4463437772569503,0.7111111111111111,False,3
0.9069579660967817,-0.41922254713990942,-0.040984188452577452,0.42120253148086173,0.90170025730971182,0.097596482732289117,-0.0039591928096076173,-0.10577855140399087,0.99438182950774501,5.8954849357121502,-7.5212915368302005,-3.7160550813310786,,0.2004793348980686,0.1739130434782609,False,2
-0.30412821134362622,0.934477273580544,0.1850898598691979,-0.94567721304526786,-0.27272170871977597,-0.17696744988810834,-0.11489403723370953,-0.22885605684455551,0.96665622920131211,-4.9012012464311034,-13.546779433087043,-3.3249936013975563,,0.4713194385142304,0.7770700636942676,True,8
-0.57824133530522204,0.80697832968582239,0.12009551849221116,-0.81152815052195382,-0.55374293142368147,-0.18652299270793429,-0.08401796864272576,-0.20531619837652143,0.97508268348348881,7.7313025993367965,-8.1408682623634263,-3.9941121365910237,,0.1319613321683058,0.3684210526315789,False,5
0.60169191886891782,0.77214219588318977,0.20436062268579466,-0.78159302280112852,0.62189867022596701,-0.048522063844905983,-0.16455753242083623,-0.1305315031241894,0.97769235714293357,2.5025483325994995,-9.1114423490608978,-3.4868457554500107,,0.341448220780655,0.5,False,4
0.99640651435697081,0.052547007739417465,0.066429437184315057,-0.045819226001132092,0.99402876990444244,-0.099032333764876496,-0.071236624538564677,0.095632717099820644,0.99286440501432849,10.774683852856048,-5.5376216468975024,-4.0781849104129151,,0.07392406765078215,0.1379310344827586,False,5
-0.98217171255475988,0.15728987667160654,0.10294960783743219,-0.17991024710106659,-0.94528150070013317,-0.2721675723192194,0.054507155908957522,-0.2858369799916296,0.95672681096746792,19.540124007036244,-14.140105373159326,-6.4333573715901551,0.3069685846180422,0.2627526922765149,0.5666666666666667,True,5
-0.9955294976991852,0.060331391995338546,0.072671468615355117,-0.074577635406129411,-0.97423759437034529,-0.21283628922886405,0.057958567166883766,-0.2173044703989935,0.97438163551894497,-2.8354769146880807,-15.644661848610335,-3.8367181421528112,,0.1170438892530923,0.1875,False,1
0.76870193888135463,-0.6384780731027585,0.037987883950485496,0.63866990844671079,0.76300640081061544,-0.099609137967863054,0.034613251865676736,0.10083145585093752,0.99430123217577482,-0.66273612303175611,-13.78187558697598,-3.8406090231231427,,0.1251974887400362,0.7333333333333333,True,5
0.68853701376733634,-0.72502768219137503,-0.015863187843581011,0.72309258007519106,0.68803760039528938,-0.061166829920268839,0.05526211462260381,0.030645072988884123,0.99800149207751332,14.203917726770342,-0.8592061944006617,-3.979047540313847,0.2605726701591098,0.2702511982117177,0.3421052631578947,True,5
-0.37621601662955251,0.89695497495409826,0.23223540155731132,-0.92096370676117489,-0.33457909063311203,-0.19970649198220083,-0.10142662204820493,-0.28901315716799647,0.95193699125713038,-0.49354060323893023,-19.043289085614749,-4.5388584054691563,,0.1558135727306831,0.2727272727272727,False,1
0.87918498153406066,-0.47214900615524363,-0.064102139056111757,0.47644780966855538,0.87271093958268742,0.10664474011754629,0.0055904299467356838,-0.12430177761930324,0.99222871112142863,-19.727466479481805,-20.596283855412835,-2.8085629263135488,,0.2889082063681495,0.1851851851851852,False,2
-0.16852830316750167,0.97018497142668492,0.17418189414885998,-0.97796139265806192,-0.14247958279595452,-0.15261416368278041,-0.1232466044229471,-0.19606297382242457,0.97281528811697882,-19.334058623839407,-16.914192733752294,-2.3761260671509619,,0.526916726975029,0.9020979020979021,True,5
-0.78304871173067814,-0.62187050848787007,0.01057287709010378,0.61053176135784004,-0.77179281891017515,-0.17772679328671276,0.11868312192648868,-0.13271365925074405,0.98402306945419649,-7.5567833243839386,-10.941019344284207,-2.673193551198374,,0.1746641893220503,0.2465753424657534,False,5
0.9960541624164897,-0.06931547028435063,0.055420854486773981,0.064704331281565247,0.99460649856043215,0.081063324227187483,-0.060740884469937806,-0.077157492187187954,0.99516695400982502,-16.511772917714861,1.3125770618392196,-0.080606122479454728,,0.5563793611074923,0.3333333333333333,False,3
0.92191620413060404,-0.38458732944263874,0.04650912376725138,0.38651987549004629,0.92123294262823119,-0.043957380127672627,-0.025940285514569061,0.058501721758499187,0.9979502242791034,-14.780662546746672,-13.057048078573741,-2.2073931825494157,,0.2183583105614139,0.5154639175257731,False,5
0.26997889505865358,0.93987135939498123,0.20917271335414978,-0.94958473751966399,0.2958539616374104,-0.10372685116766711,-0.15937447252498799,-0.17062315544051621,0.97236182377492697,15.530292891443478,-7.4521270508660153,-4.9989048323966205,0.7616234569525051,0.4678808158115296,0.25,True,5
0.077050007521885205,0.92161379893397877,0.38038309893494987,-0.98691841109503808,0.12469034660623327,-0.10219768737530965,-0.14161689935357841,-0.36753275102730071,0.91916501823110153,-19.900989189887547,6.0638233177710195,0.92747176006913234,,0.3229760220851712,0.3529411764705883,False,1
-0.87906357738568619,0.46072759622159154,0.122381816434283,-0.47646654922833881,-0.85728854770285046,-0.19502813500614952,0.015061685839220018,-0.22975297181410309,0.9731324255014161,0.015569292296800263,-11.664430099234941,-3.6061091788596706,0.342376799142912,0.1506313267856635,0.3461538461538461,True,5
0.99002746274018372,-0.12427304751449769,0.066346308726961276,0.13011272844588523,0.98717685987353265,-0.092479863898033254,-0.054002786192947051,0.10019010426030539,0.99350170714081165,-4.730255820004496,-4.0483699768825403,-2.0243244976944306,0.4827276380877764,0.4232847628476651,0.9757301522007404,True,5
0.54184461537539264,0.81855334434553972,0.19072187931494627,-0.82739519841134068,0.5593782004567015,-0.050131970833792408,-0.14772135402354869,-0.13063862872272711,0.98036317263088502,-8.2575297693669203,-13.636516172729058,-2.980321944858578,,0.7334364241827968,0.696969696969697,True,2
0.66939013539799863,0.73389614810166492,0.11538323289537085,-0.7284215355646052,0.67889490794598784,-0.092215890662675937,-0.1460099762261155,-0.022319224147518808,0.9890313134961406,-7.6306211484158375,-12.764873965736614,-2.9276261129926344,,0.07836983503102984,0.2978723404255319,False,4
-0.86253102328577624,-0.50403539648378015,0.044593194111092083,0.48600933946593305,-0.84975349612124784,-0.20423985355851498,0.14083733816526922,-0.15449050107095508,0.97790466266265752,14.896668821470207,8.2848404796216677,-2.8778284725547838,0.2092529104515679,0.2125028552660003,0.2,True,3
-0.75254012877133292,0.64201448438544995,0.1466313623619076,-0.65764605929827757,-0.72100660956063289,-0.2182913870479683,-0.034424050869570511,-0.26070456614559739,0.96480470247224825,25.033455986610406,-4.9780060703351063,-6.3044081013239142,,0.1809179302316283,0.4285714285714285,False,4
-0.085091640299974125,0.96375673989472888,0.25284849032284734,-0.9856762751556547,-0.044337248490794984,-0.16271597644834593,-0.14560801264467899,-0.26307252745915649,0.95372488273606304,-6.798836238659911,9.8698668395194531,0.1709829677566416,,0.2742114370674653,0.1627906976744186,False,2
0.92268325723083522,0.34141975588124085,0.17913167536728763,-0.36157728797139627,0.92753167772746614,0.094587798554161773,-0.13385616029584618,-0.15204452343332447,0.97926757898175454,11.578244219863878,-2.5471265673966426,-3.8866829815793369,,0.3549474333224309,0.2058823529411765,False,2
-0.93683931493896444,0.32130981324964375,0.13817417231222975,-0.34920917216643105,-0.88144313230903448,-0.31797949396159542,0.019622743425083605,-0.34614737961555542,0.93797491412390999,19.107822209050102,-9.3046941280055684,-5.8006988122656242,,0.2767595245949422,0.3478260869565217,False,3
-0.58003518301065415,0.78116847921432608,0.23094370212624227,-0.81131354904505137,-0.52858990881416845,-0.24972591662811569,-0.073003504064671931,-0.33221757235553706,0.94037331577011118,20.412688219606814,8.3371728591206473,-3.6855686478602818,,0.1244905600390274,0.2142857142857143,True,4
-0.35104152130660693,-0.91894376654460574,-0.17975595747444958,0.92398797377389519,-0.30885645639985376,-0.22550812327128422,0.15171049614299786,-0.2452550575807525,0.95751442918167373,-21.723035892942967,-0.023017905613805484,0.20427926726572673,,0.7242605158498195,0.3333333333333333,False,1
0.58817974311876375,-0.80865459405310858,-0.011060619401641533,0.79966649093137609,0.58357524155916651,-0.1413274238096055,0.12073977416843508,0.07428112112753224,0.98990111727272645,20.470191896630975,-3.4323705357944982,-5.2740783754198519,,0.2465354404518403,0.2857142857142857,False,6
-0.37644427663212721,-0.91597587215209231,-0.13884490709467256,0.91387573959268353,-0.34254741381703996,-0.21792751517691261,0.15205538193316362,-0.20892455796883108,0.96603814101860819,-17.23114675939977,-12.656624715058182,-1.9276293737367773,,0.2878550402243898,0.2777777777777778,False,1
0.01434109000486701,0.97670661665975977,0.21409931833267881,-0.99157926971209887,0.041453189797298805,-0.12268734626215619,-0.12870464255299183,-0.21053697544297184,0.96907651759633096,16.903847646075629,-17.866885735323908,-6.5077226805050881,,0.183283828539632,0.6428571428571429,False,3
0.96586378281136753,0.22612475818887251,0.12639124489987261,-0.22576080762097611,0.97402759179602239,-0.017387011312065159,-0.12704019362249214,-0.011740705007160523,0.99182808240657017,15.414177914783675,-1.5422198293460201,-4.2568878941066304,,0.2532265152275495,0.4042553191489361,False,2
-0.93647383774969895,-0.34895806623918224,0.035284829841743921,0.33297268119060502,-0.916142457778931,-0.22318644814486155,0.11020864208894911,-0.19725938523018299,0.97413694630042635,2.6160655128200445,-13.622830711478107,-4.1403973491648243,,0.101455533790369,0.3333333333333333,False,1
0.51678676352780151,-0.84790292417195323,-0.11828808994616503,0.85219879866072024,0.52268849150461749,-0.0235361086387091,0.081784158635313728,-0.088641818738555839,0.9927003472181497,16.876489369028807,-2.0636497894143822,-4.4925480652803875,,0.1060154215024734,0.3333333333333333,False,2
-0.74712625030052904,0.63719911892934988,0.18915509231192112,-0.66328437106965754,-0.69628209920317063,-0.27430836921967022,-0.043083746431806735,-0.33040659975988085,0.94285485077423958,-12.607286430910769,3.2808978905583737,-0.16751839498918003,,0.8322051692365697,0.4158878504672897,False,2
0.45320318655476449,0.82126096824266903,0.34660827130598254,-0.87828275469932149,0.47787007762219641,0.016111850021878912,-0.15240168796433626,-0.31172200909539605,0.93787158745275512,-12.180397520571566,-23.148146586601712,-3.8644397440939167,,0.4387029383114764,0.3846153846153846,False,1
-0.61874847214590689,-0.78026770752693475,-0.091283255900349719,0.77133370901292497,-0.58136973465166297,-0.25894698486644008,0.14897864799182281,-0.23063290359729161,0.96156841993734976,-19.372672030160622,19.357770903439096,2.7213484628817373,,0.2675299089529783,0.1904761904761905,False,1
0.77703485290168262,-0.62831535314255527,0.037903223892014656,0.62848160970344003,0.77107035058829532,-0.10228089121736378,0.035038602150130785,0.10329729642634045,0.99403318099064231,17.953447620269277,-2.4943236233600694,-4.731338680674539,,0.08313939798395843,0.3478260869565217,False,4
0.6884846479133252,0.71688499631282077,0.10983984545342286,-0.71133519322000449,0.69701077345355256,-0.090433536789950392,-0.14139000132372792,-0.015870845952480235,0.98982674432166606,7.9503726670016137,-17.225501171720847,-5.2674679746856068,,0.2106133652759194,0.5384615384615384,True,4
-0.44501946980400187,0.81921789659504152,0.36171772059682183,-0.89072750177784843,-0.36318646010525146,-0.27331321368131711,-0.092532097522739679,-0.44382162305887252,0.89132495636183628,6.7841700131428508,4.9800727888958516,-2.101871647792946,,0.428975857850355,0.3378378378378378,False,1
0.88509297373019324,-0.46531424783460829,0.0096477259266181115,0.46540031246932223,0.8847158339202702,-0.026085290188473984,0.00360236129499511,0.027577961724398019,0.99961316468933425,-22.090664012634331,-9.0855921701128484,-0.99387638148453616,,0.08827017852111052,0.2222222222222222,False,1
-0.59925358305194265,-0.80052354146164295,-0.0075632509622185207,0.78643292320565117,-0.58688617612218019,-0.19258212163879362,0.14972775460021517,-0.12135351598694764,0.98125171269149003,30.101185816418273,3.3502687929602746,-5.9625579374494349,,0.4439386538890138,0.25,False,1
0.36637748189985408,0.912372762929339,0.18260197759445129,-0.91743125663217662,0.3869542205236377,-0.09266240107641896,-0.15520125679589472,-0.1335753445948254,0.97881060333720649,-6.1283770585353219,3.3375348185361098,-0.82805888051256971,,0.2600083781211522,0.319838056680162,False,2
0.84473886588864688,0.52342505671141848,0.11154576847111186,-0.51923141338224987,0.8520692906172368,-0.066156355281333873,-0.12967261782748779,-0.0020332224883842301,0.9915547782105022,-2.5384511140776649,-3.4821422520971348,-2.1743146869225018,,0.06669939967063124,0.1818181818181818,False,4
0.99435915265047559,0.077853808624463755,0.072032354000775234,-0.071770771100445857,0.99392005889830148,-0.083497742096679484,-0.07809501876480357,0.077856926488666309,0.99390113544651015,-18.026675761215017,-19.639712024952061,-2.8450426047650166,,0.09662065068576606,0.4,False,1
0.84833964381423344,0.47969152008417698,0.22408903206643341,-0.51379091265236609,0.8480545224839563,0.1297012913210856,-0.12782310749229903,-0.22516565558237403,0.96589941543473934,-10.001914517527945,11.365055068941006,0.67939557303198217,,0.5402250966199005,0.303030303030303,False,2
-0.26822319362303693,0.94788816762990857,0.17194283954231174,-0.95661683271346509,-0.2409939817203082,-0.16372579559693748,-0.11375655485253235,-0.20839847034420894,0.97140595210564595,-0.24181030179412499,3.6961330891457167,-1.421947090306743,,0.3326338272388344,0.2030456852791878,False,1
0.96832980056609608,0.22563655281581502,0.10689033337500611,-0.23168065107498881,0.97161596684230966,0.047817244740285106,-0.093067036339905318,-0.071067285092924551,0.99312031886193264,3.7336770572840416,-15.149486633928429,-4.4708195268880644,0.3211451632635516,0.1689575395049445,0.1071428571428571,True,3
-0.99628923468907016,-0.071845520559219875,0.047391792730819872,0.059034516050424507,-0.97112193824994608,-0.2311646749924379,0.062631356023628099,-0.22750912558673769,0.97175969818540964,-9.9408391218300469,-19.498894144553454,-3.5881508913161246,,0.4138200043214144,0.1,False,2
-0.89663325691231766,-0.44252384906979786,-0.014881048459705892,0.43034455911657177,-0.86306354387989337,-0.26443312890831611,0.10417467560579591,-0.24350351584716276,0.96428920699782639,6.9339348787573893,-19.924699056285153,-5.4793909627881972,,0.1934049541120537,0.2,False,2
0.50960180143340306,0.84182520637382985,0.17786603354628616,-0.84691457991721275,0.52724389942623229,-0.06891708671636651,-0.15179492185010945,-0.11551706554219143,0.98163848196219317,25.530955202475621,-2.1206268105532722,-5.8886367260363466,,0.09765407796071651,0.2857142857142857,False,2
0.86029447301425788,-0.50267172549982264,-0.084938542983447191,0.50966954613051385,0.85178857540807018,0.12121541383588909,0.011418119295046214,-0.14757153921851202,0.98898547378838808,-5.0324880618888868,7.8957871106242319,-0.27624587217061419,,0.6904117094435678,0.3157894736842105,False,1
0.21494735899148135,0.9636685416414259,0.15855779612897045,-0.96384247998341321,0.23550151688303952,-0.12468644403146863,-0.15749700518426482,-0.12602371759504788,0.97944510615016722,9.9176799380127196,-11.026909631908211,-4.6228669486537672,,0.1233899080791045,0.1351351351351351,False,3
-0.90746170088192946,-0.41816041550866606,0.040683268478511656,0.40556199659077596,-0.89715133089377319,-0.1750398708775639,0.10969379359735079,-0.14234239135672375,0.9837204456902735,6.8806590731445478,-11.050238920828869,-4.21303714550276,,0.06963031638623915,0.2666666666666667,False,3
0.023265102472183937,-0.99934243985721771,0.027810481966011054,0.99060528692850069,0.019294118555166332,-0.13538427714650586,0.13475867510576647,0.030698939548496285,0.99040278401988335,25.423769681308279,2.2427765049148345,-5.2914016411300526,,0.2344524798769851,0.5882352941176471,False,3
0.9348576644947606,-0.35483396665495143,0.011575976991777343,0.35470139446582905,0.93490184639940377,0.012060612048386085,-0.015101917076904989,-0.0071689404306437658,0.99986025943313883,19.68137145746012,8.6188899896491034,-3.5018762889070558,,0.9733531711940149,0.4468085106382979,False,1
