axis_00,axis_01,axis_02,axis_10,axis_11,axis_12,axis_20,axis_21,axis_22,location_x,location_y,location_z,dbh,dbh_approximation,score,reconstructed,number_clusters
0.82378085697421077,0.52293049803688263,-0.21892645775632746,-0.50658618770915465,0.85236596118098462,0.12977943844200243,0.25447108697284354,0.0039953026060625951,0.96707212939467246,-10.844591562959909,-19.242337343337692,-7.1260959196526272,,0.1088669082243748,0.6153846153846154,False,1
0.096833641016294519,0.98236290325473141,-0.15995740769486982,-0.98237039913960045,0.12015441313343724,0.14321772201393729,0.15991136564306352,0.14326912896187594,0.97667922667817397,-9.3548762491335484,16.227483994311381,-10.302654913038836,,0.4005923210691354,0.2222222222222222,False,2
-0.89677474956132297,-0.27002882048975685,-0.3505417017333855,0.35514046099717561,-0.91179524655815036,-0.20616663482890685,-0.26395132413371364,-0.30937657386892264,0.91357311367464566,-30.588039187059511,-2.4985875864135849,-14.079439872526647,,0.3880896631928185,0.1818181818181818,False,1
0.3561101712322341,0.90622678999726203,-0.22790030942543379,-0.9212039871614851,0.38137353792059503,0.077054776696265967,0.15674425023818889,0.18250268399447689,0.97063072811037732,17.516990486225485,18.262783718417293,-2.5692681267056821,,0.2045753003269544,0.125,False,1
0.51523332759281415,-0.78966095052395668,-0.3331219016444838,0.85318803276415023,0.50943897560723506,0.11199156611232072,0.081269913779178193,-0.34191740720509156,0.93620921153579406,-21.482659863261301,6.8543046270806247,-12.56428988994694,,0.08331355806307067,0.2272727272727273,False,2
-0.06328172082423808,-0.93635598762214001,-0.3453011558823551,0.99452544023527301,-0.08799535232973156,0.056355715710152313,-0.083153908713663599,-0.33984449739922784,0.93679834812680296,-12.610170633842291,-16.680338821123598,-7.812507456130799,,0.3327543036480702,0.3478260869565217,False,1
-0.88730200825576844,0.41948622639124838,-0.19164146736369678,-0.41036762409488958,-0.90776054751266766,-0.08700115789009559,-0.21046035075518577,0.0014471515236395144,0.97760132288805357,-5.9675165640795642,-2.9776567447964588,-7.2657931009492627,,0.1869814116392919,0.1942446043165468,False,1
0.94682205508770945,0.21933843692554333,-0.23541165240180167,-0.14494300921568071,0.94395539780121873,0.29654633877599407,0.28726211041310401,-0.24665534060506977,0.92554936274193822,20.217252821795899,-5.6769600499856612,0.35433752947954084,,0.3615481510630161,0.3333333333333333,False,2
-0.34824267483700211,0.91448316300022925,-0.20602811461416429,-0.93668038763970851,-0.34810174962447443,0.038144767917847572,-0.036835999151599352,0.20626613027222146,0.97780232801370837,-4.581476112939149,-10.58818902203147,-6.130311034714663,,0.08931739676212694,0.3023255813953488,False,4
0.75015699115273671,0.61645010093822861,-0.2392775828988587,-0.61498612489672033,0.78336771381008674,0.09015038072283868,0.24301554437769621,0.079525455127304551,0.96675702592616664,-7.7065169597903296,-8.2317354901624284,-7.1661723115307261,,0.0712270521236446,0.3225806451612903,False,3
0.96526591978253895,0.05830664043733548,-0.25468026972515995,-0.031201204504308886,0.99352963358629309,0.10920326013158554,0.25939967028477362,-0.097463854155259586,0.96083953300712677,-18.489283708204532,-0.39886051067749045,-11.026886318808286,,0.1624384296231528,0.6111111111111112,False,3
-0.14227851817520665,0.9895953593906246,-0.021397381578352997,-0.98856634592172421,-0.14097362122883389,0.053507175487039038,0.049933986190158035,0.028765652959241883,0.99833818630411586,-1.9525349180472156,15.442033181745867,-7.9919146739540023,,0.3867476134667096,0.1904761904761905,False,5
0.35691449017362509,0.92291367311087646,-0.14436896719548797,-0.91985271185782269,0.37415789493819246,0.11780007700859232,0.16273609062500879,0.090753631554947062,0.98248701933800553,-8.8862713533614333,4.3158932399997996,-8.7731412262362234,,0.1348097357668868,0.1913875598086124,True,5
0.96423525773800878,0.014419425298882481,-0.26465533795667995,0.078454810889124343,0.93824509184396088,0.33695843998788322,0.25317031892239317,-0.34567069271890277,0.90355772467063022,1.0961243514572623,11.96224929275443,-6.7494746218316912,,0.4502486043177076,0.131578947368421,False,3
-0.28076081423557875,0.94308242536089526,-0.17823833528504895,-0.9597052542981831,-0.27813891278286368,0.040057085121431663,-0.01179788380320345,0.18230272672501979,0.98317166647864118,9.0344758529886473,-6.7688577764239408,-2.6828383654974486,,0.07162297797257242,0.125,False,5
0.42002358469668766,0.87758043429862398,-0.23115529333066051,-0.89107949556389221,0.44706855835266512,0.078147531746500923,0.17192300859438553,0.17315393575864479,0.96977326919602558,-7.6303585151681279,-17.140664143326056,-6.3403602243970454,,0.08102863377224973,0.3103448275862069,False,2
0.11076127786378857,-0.85664358867193635,-0.50387865733056003,0.99317931220378597,0.076824391317855872,0.087708988758600698,-0.036425171741475498,-0.51015661799677581,0.85930985795444981,-21.759625326291438,-3.6265319067498547,-11.575869886401405,,0.2740131193949065,0.2777777777777778,False,1
-0.45923043917779033,-0.82416292705524308,-0.33145568844161921,0.87939726830226439,-0.47453086373242076,-0.038482513793635278,-0.12557009291661947,-0.30915356868892296,0.94268564364363538,4.0632997213128741,9.7541033671629105,-5.5954399290913175,,0.6519469709518272,0.3006535947712418,False,3
0.78552218179684263,0.57887244121906012,-0.21877293868807421,-0.56684645120384347,0.81490128533483286,0.12091731024649813,0.24827404750142285,0.029027434552935952,0.96825482460999812,-7.3794358962590643,-2.668775747729299,-7.695566908556378,,0.0678818052804348,0.1906976744186047,False,2
0.59453324515817685,-0.73920140303392667,-0.31640402360646658,0.79486565533858611,0.59968409782181142,0.092561183996316562,0.12132110436707641,-0.30652939267273277,0.94409794039751982,22.707422235155491,-4.1990247607785385,0.91669579815788826,,0.1273275977232823,0.1,False,4
-0.94167588427805082,-0.15928888977466804,-0.2964347796118153,0.20605426444869188,-0.96936662925165762,-0.13367863776905098,-0.26606046130844108,-0.18696359990017888,0.94565133280755598,-19.486780989638905,-0.56101256679960776,-11.283971405468391,,0.4727581439730442,0.3728813559322034,False,1
-0.95682217098889422,0.1799738292412508,-0.2282558956354464,-0.16797994229798185,-0.98322348470709386,-0.071093727613657426,-0.23722156750528683,-0.029681642620976376,0.97100202265580016,7.7616344179732089,-9.6680084780230047,-2.7735030406141994,,0.4296286304696732,0.7407407407407407,False,5
0.093986335912779509,-0.93409538861053698,-0.34443050625375837,0.99411827835250155,0.069354986822913939,0.08317893031442615,-0.053809082013623714,-0.35022234477446412,0.93511972063128279,-11.276254122485977,11.234815026812747,-10.227534757912196,,0.2602130999979751,0.3157894736842105,True,4
-0.39798453805773976,-0.83080386382890115,-0.3890671501347025,0.90396579391211529,-0.42743790691585903,-0.011944838560305662,-0.15637823027458092,-0.35645725631323744,0.92113195228361955,22.681135235751483,-6.9102754878728296,1.1528379050231226,,0.1142728007800848,0.15,False,5
0.57380943118809768,-0.70531680260297291,-0.41625826675936695,0.81201602315972921,0.55614175461720394,0.17702069625656036,0.10664293137124113,-0.4395845274088005,0.89184792899424969,-13.596890417123838,7.4192940975284767,-10.491873272382593,,0.2644446119140869,0.3461538461538461,False,4
0.83567195572489184,-0.43163640166488809,-0.3396209639770813,0.51520899122565011,0.83031756896871634,0.2124439456000794,0.19029471294595257,-0.35250922175124577,0.9162560618108615,-12.765943909626447,-18.466810136539763,-7.6895954097924459,,0.2551839815985166,0.2083333333333333,False,4
0.90131901044858909,-0.26087965291683735,-0.34578294940318732,0.34779084591868742,0.91170679832910129,0.21870583297128565,0.25819676392073665,-0.3173838694302068,0.91247022446015713,4.2309457703310525,-9.9179088223114338,-3.6726459948708481,,0.2329555641280497,0.16,False,5
0.93615542285234044,-0.20719176416332577,-0.28405034259272732,0.26000831509917138,0.95180887997834029,0.16265156646546081,0.23666157344074032,-0.22612259696294634,0.94491262601326653,5.0719463876204518,9.7738065966882886,-5.3269681504843431,,0.08056933777232969,0.3142857142857143,False,4
0.96423616354736574,0.019516878844817023,-0.26432501271657083,0.012276173793088882,0.99292619561082684,0.11809684850499735,0.26476011116567483,-0.11711815192346212,0.95717575294486712,-22.889983136682599,-0.72825548271904317,-12.164148194818463,,0.2532683621263666,0.3709677419354839,False,3
0.33310057976553969,0.9401199228000936,-0.072239424929939483,-0.93068775112716262,0.34010952835217378,0.13470641642448627,0.15120950255101923,0.022361562521630352,0.98824877781855391,-4.0073951175871949,-14.546973459182688,-5.5680864923655546,,0.2661846485070373,0.2413793103448276,True,1
-0.85929077954251576,-0.39001881720104653,-0.33091491115136101,0.44756142545148653,-0.88652331419037356,-0.11732512026309866,-0.2476047791159332,-0.24892114338885257,0.93633868751266358,12.299705030731761,-5.7674186757076011,-1.8699138856703281,,0.5284341813884061,0.7790697674418605,True,5
-0.96435385527221429,-0.027463978182914503,-0.26318695203977083,0.033041240925659715,-0.99931298657454937,-0.016787830757596364,-0.26254507845265118,-0.024885432803581693,0.96459877514667658,-19.442410881416734,4.1334154567088346,-11.714847310562986,,0.4194029883851538,0.8602941176470589,True,6
-0.26757644379604245,-0.84272852283084876,-0.4671311202786641,0.95400372233972242,-0.29974029938350871,-0.0057140780043021394,-0.13520260532777476,-0.44717378023853438,0.88416959107388549,-6.7613700726432686,6.4119213850843035,-8.4161942122617255,,0.09156779302080903,0.1666666666666667,False,1
-0.7694329152203071,0.59668978531241901,-0.22789095874869877,-0.6186274901655846,-0.78497529256838627,0.033373918987856521,-0.15897489546155152,0.16665860362128893,0.97311453203206932,1.1810122324559122,-8.4574903699330708,-4.6944240345176196,,0.1596984788877573,0.5573770491803278,True,5
0.38738215701660411,0.91553857337895306,-0.10827827612405125,-0.90732387313282425,0.39942673703167081,0.13123136434360788,0.16339661461736429,0.047406775881360913,0.98542079536212401,8.3361458486459448,-10.767196936463414,-2.5119295492269953,,0.09248010942836571,0.3333333333333333,False,5
0.96467913300552344,-0.029857390783319965,-0.2617302171307756,0.060647158859140161,0.99203927335635134,0.11036304744304537,0.25635150178226973,-0.12233812297977197,0.95881035205079035,-0.59468452431558294,7.9110530600890216,-6.7827895832524119,,0.3095648646077714,0.7837078651685393,True,5
0.25534044015037966,-0.91747471862991625,-0.30502688455079896,0.96684102937217753,0.2437454847504702,0.076200804367842309,0.0044366142900007788,-0.3143696539723807,0.94929028074395017,3.0799716839754256,-1.3170798947762004,-4.808484085810572,,0.06555722278757058,0.2830188679245283,False,2
0.89284306946882119,0.37819425424598002,-0.24454111997130623,-0.36490236719599606,0.92572612458877046,0.099385133036157661,0.26396498956538206,0.00049830631471954601,0.96453213319959696,-10.682768690151951,-15.154664740439204,-7.3896125450268277,,0.08283028656719262,0.3333333333333333,False,2
0.83224582701447836,-0.46496513403464984,-0.30195083631135616,0.5200467519697376,0.84347816243151785,0.1345212446674359,0.19214124799926047,-0.26898329619753386,0.94378478859536463,-28.968668346290094,15.198495521824857,-15.736450829621315,0.3737078697376044,0.4063988305005781,0.7708333333333334,True,3
-0.045939230982309148,-0.92547480836302998,-0.37601325261507668,0.99604922567301546,-0.071073463112130905,0.053240049562686194,-0.07599688870567517,-0.37208190217566872,0.92508352648849823,5.2541614421864651,-4.846666751345035,-3.8494793871159754,,0.07902137542104375,0.225,False,5
0.94754049730876311,0.21032740860448726,-0.24068524497688384,-0.17895919021335388,0.97300201541209053,0.14574184794420003,0.26484073364579352,-0.095023466542379642,0.95959883628953369,-1.606779181184923,9.5681483768555644,-7.3017787296997039,,0.1764848736311587,0.6490066225165563,True,5
0.91293395427619184,-0.27794747128577268,-0.29882569892076022,0.33392442424545865,0.92969830223805183,0.15542054467805455,0.23461899757260726,-0.24167389189055749,0.94156659666562981,-18.072034885721109,6.8140891905123091,-11.680640617619034,,0.807177983829872,0.9702602230483272,True,5
-0.94111512368035866,-0.0075018242357632256,-0.33800302752081712,0.055220909449187068,-0.989738779720024,-0.13178694577962494,-0.33354606149632055,-0.14269152235312663,0.93187239164428504,-21.564397842784466,5.6573949754181552,-12.487086361894514,,0.442568649195852,0.3529411764705883,False,3
-0.30976372724871293,0.93058317885270403,-0.19509326107629135,-0.9506793936475133,-0.30657701449342656,0.047108647595683908,-0.015972594497512677,0.20006369340960978,0.97965269090853047,17.332833549203734,-8.3427671840577506,-0.21346057297021362,,0.1511112249819073,0.2692307692307692,False,5
-0.89658234821691041,0.37144292586092331,-0.24118508596869731,-0.38809921108442791,-0.92130929049555543,0.023836811913953454,-0.21335204527141463,0.11497540638959858,0.97018635359607686,2.4239891094429513,0.78484219818793677,-5.3090085659741328,,0.1674853987767128,0.5213675213675214,True,5
0.21603423988179374,0.95327840879195969,-0.21116221851876044,-0.96961905247870839,0.23487737310081622,0.068348465056293245,0.11475234319606312,0.18998130154393877,0.97505846224453852,-19.710019698950266,11.68864236659093,-12.66135467363878,,0.1121341208981996,0.1875,False,2
0.41407803022667911,-0.84185321202423347,-0.34615394593746146,0.90881801920733229,0.40362747878212585,0.10552092842676353,0.050884111937371725,-0.3582848416783303,0.93222463997465743,3.1161161419663506,-11.368519560071089,-3.8928139691437007,,0.08111227689998242,0.3214285714285715,False,4
0.58964351842095686,-0.75240073554366227,-0.29362161762634553,0.80197786780889702,0.5884924685837909,0.10250909210822608,0.095666194284351566,-0.29592186058740799,0.95040950736913254,8.0180375231012615,10.383154273715258,-4.5632529231995145,,0.4183235769605953,0.8726114649681529,True,6
-0.27016084687068304,-0.89598481267032182,-0.35245472373376469,0.95623210283082682,-0.29242382335748157,0.010415039545207339,-0.11239787513049894,-0.3342147857248709,0.93577090928764617,-15.44427037406728,-21.009351484563979,-8.2191440743427702,,0.3213931742711422,0.1764705882352941,False,3
-0.94285012975714033,0.22987610967467265,-0.24122729326878203,-0.23598961202678337,-0.97174874618192764,-0.0036438042347601701,-0.23524994332070168,0.05349157405321766,0.97046180536532056,-2.283820760865436,-11.583126573886545,-5.3661834180689807,,0.1348751272478743,0.2857142857142857,False,5
-0.38276610787702309,-0.82728159886895647,-0.41121194393341509,0.91268322769020982,-0.40759911179805408,-0.029534555260208872,-0.14317622901046215,-0.38661107101874381,0.9110611654615095,-18.879188588978923,15.527654354961296,-12.949846550154165,,0.4563204910874831,0.5128205128205128,False,2
0.67577593463604535,-0.64401965032206754,-0.35856042191773185,0.72014750979575493,0.68059621047546071,0.13481974047377634,0.15720830226725718,-0.34932433108142491,0.92371968768277479,-9.8232636970124272,-19.455793615657807,-6.8294858854318488,,0.1776600080577929,0.2916666666666667,False,4
0.84632454606691476,-0.45973603083318648,-0.26903075043269314,0.49649148034846091,0.86379333555385762,0.085774608096652633,0.19295329141018622,-0.20616463180305225,0.95930452512613951,7.950997141370161,4.9340458889207834,-4.1181278141658586,,0.1180818981162995,0.3529411764705883,False,5
0.89335243742040293,-0.34580039914945104,-0.28695558280525763,0.39563344809945145,0.90807196039769444,0.13740265457561887,0.21306242582859,-0.23627822304979451,0.94803850344406826,-20.673065120441546,12.005300979579649,-12.959634712096218,,0.07774835875339434,0.1538461538461539,False,1
-0.12351455992112899,-0.8781139085442099,-0.46223383379919419,0.98795504447831661,-0.1525680092848429,0.02584245794632474,-0.093214717600480584,-0.45347432800994514,0.88638143609768338,4.3954951823021897,-6.9780976583031142,-3.9181383473359213,,0.1427756482374476,0.2941176470588235,False,3
0.65336550106303659,-0.68102935049617697,-0.33062447850000898,0.74659118170585903,0.65196700247005068,0.13244106270060713,0.12535999928085667,-0.33337374139690823,0.93442325480872501,7.0962145947399486,-8.9052830897536328,-3.0190478311158122,,0.0954697259433643,0.3125,False,6
0.68566408390048805,-0.63678593404539829,-0.35265909636763121,0.71517075577547784,0.679588448251642,0.16337175730969242,0.13563021098721417,-0.364229618791299,0.9213800685182576,-6.3568466712635256,-11.505130531750464,-6.5195200616540312,,0.1963435818293679,0.574468085106383,False,6
-0.96387181126576449,-0.029190888185649393,-0.26476220178527665,0.027685315427486666,-0.99957232871886825,0.0094171635442443502,-0.26492386596328998,0.0017469134126754989,0.96426774992042208,-19.675771851868326,6.3236923455777507,-12.019853102468334,,0.1768457586439884,0.2340425531914894,False,2
0.95707532023593556,-0.1032946573537341,-0.27080813347729643,0.15484933061888595,0.97204546643394585,0.17649163150726585,0.24500717581770018,-0.2108502429388884,0.94631583461889068,7.4736258249902372,-5.8008716870682946,-3.1607480239709616,,0.0787507331944913,0.2790697674418605,False,4
0.95986801299475566,-0.080133585417659844,-0.26876012746985334,0.14217132119896453,0.96508152521740509,0.22001128405740819,0.24174514071236675,-0.24939177647260019,0.93774358369961697,25.529209798864667,-3.3919553316424542,1.6270809090597891,,0.2886136512326412,0.3953488372093023,False,4
0.25161582794879522,0.95251206835405999,-0.17149412458015267,-0.957835388963173,0.2704736553140577,0.096929713869480627,0.13871136498286452,0.13987409131402023,0.98040522020421128,-23.241006349398688,17.156471407755038,-14.401443915358955,,0.2371600378025621,0.3478260869565217,False,2
0.84571711276297679,-0.4458708385237462,-0.29319236097481655,0.49816433240160696,0.85662653483661555,0.13425080162395786,0.19129783872986389,-0.25959617710579908,0.94658066836870236,-7.0743357656364703,-12.521822878623233,-6.5857738959850574,,0.1245676708883296,0.3636363636363636,False,5
0.44334950509152943,0.86486177059191793,-0.23548956262159515,-0.87807599511043399,0.4718324572864957,0.079728784399421215,0.18006599663989398,0.17143001493204529,0.96860104626955779,5.6548904598426315,-10.951553750347747,-3.1449212442195575,,0.1076958904179306,0.2857142857142857,False,5
-0.2358796774526222,-0.93523849426466243,-0.2639881372531992,0.96378848156471897,-0.25991389712667984,0.059636640445240939,-0.12438866736170202,-0.24036165444177807,0.96268049450790871,-20.984588673210311,2.1376105487015464,-11.936070820765686,,0.07718673811855623,0.2558139534883721,False,2
0.74289302820050729,-0.54625071243062606,-0.38693682665276835,0.64653003657251962,0.73532529166492244,0.2032132555898703,0.17351904927303274,-0.40113199150271139,0.89943552572291297,-9.0320161393749405,-7.2589050657040834,-7.671097588232608,,0.452488473368077,0.1428571428571428,False,3
0.1253117938297123,-0.8575309122739565,-0.4989365579127033,0.9915310430592682,0.090960848760420446,0.092694739023228556,-0.034104911332243394,-0.50632682971316134,0.86166698702900313,-0.45236192196861058,2.6992063314541817,-6.20166515151067,2.017061291450488,0.5441605468409632,0.4365482233502538,True,5
-0.95889408148861166,0.18992878596170848,-0.2108297814570412,-0.13835389077447188,-0.96160418679844883,-0.23701390009714551,-0.2477505628523933,-0.19810210547797258,0.94835394996357614,-27.536404143938192,-1.4660158414828981,-13.336047279699068,,0.6131989268167295,0.3333333333333333,False,1
0.71186799852764782,0.68341372645288578,-0.1618321079638449,-0.66678725611884782,0.73003022501610149,0.14983532841235592,0.22054185033625578,0.0012446118755046753,0.97537671860237707,2.9548937455351982,-13.607905820342612,-3.7188462388881591,,0.09167332375104142,0.3333333333333333,False,8
0.84674548263493155,-0.45932106611615292,-0.26841431753775508,0.49726539593351632,0.86265631442440049,0.092472748368341046,0.18907462453862323,-0.21177403383236573,0.95885480910821341,-11.338768276626295,10.199515546141571,-10.123226296917913,,0.07708561660567938,0.3409090909090909,False,4
0.94389102741086817,0.22728249631419273,-0.23960883798901439,-0.19677803283092765,0.9697169024109864,0.14466352330021734,0.26523222686628262,-0.089396845848335516,0.96003128583599973,0.41604651769876866,-9.6963053939589265,-4.7680878565687124,,0.06869927164863451,0.25,False,5
0.96581650453013057,-0.0081900498447543216,-0.25909728416319139,0.039661905371431216,0.99240140714846747,0.11647480565362701,0.25617457492793605,-0.12276958162868763,0.95880249112484539,-13.522250966447238,-6.9658935775712161,-9.0253767399053011,,0.1019938072512841,0.2571428571428571,False,1
-0.26312055923659688,0.95417854938312863,-0.14251619979542424,-0.9646928054477697,-0.25843349708454538,0.050792900113736703,0.011634535845156196,0.15084900888557762,0.9884883479808485,8.0750872264451985,12.456897558511377,-4.7043797015592483,,0.1693782182590518,0.4693877551020408,False,5
0.72695414342865339,0.65518678837494082,-0.2055916965513043,-0.65322046648770771,0.75213117897466231,0.087187796025395795,0.21175621717790205,0.070915174350168461,0.9747462964963709,2.8223705865002051,-9.4219916601727078,-4.0988014130619286,,0.1553040976104713,0.4067796610169492,True,3
-0.72374991780767395,-0.62089238159849724,-0.30112905364034925,0.64436113641431481,-0.76424160958117338,0.027082984762222408,-0.24695097155556803,-0.17443455121541759,0.95319872271737649,12.400580414754844,2.1305014291755509,-2.5503677158654559,,0.2599454743385673,0.6935483870967742,True,5
0.93458202016272074,-0.22223368216120734,-0.27779243708502871,0.26587388714843124,0.95515263321963551,0.13036304455703734,0.23636311836060908,-0.19569271260491142,0.95175461044965837,6.0614747833318017,-4.2797498511988783,-3.6993818263449332,,0.0763649575919626,0.1911764705882353,False,5
0.83732380553868035,-0.42989951228686069,-0.33775028351393332,0.50569836935504842,0.84379097572206208,0.1796829110451425,0.20774504545203462,-0.3212525464887882,0.92392575322078896,0.25430760919224871,-11.914213776276647,-4.5770170197315565,,0.5597455951589225,0.2916666666666667,True,6
0.93322541825048733,-0.16613427851312881,-0.31857451284452371,0.27631661468402469,0.89860489381639252,0.34082014796486282,0.22965070690238171,-0.40608945604651303,0.88450658929545833,1.7699785248767177,-12.466283342860915,-4.1756172356036583,,0.6021843902279529,0.2222222222222222,True,4
0.79264384580271574,0.57466143376149403,-0.20366632087379039,-0.56085640678566484,0.8182656508767846,0.12602148849567815,0.23907284387515604,0.014337403613533251,0.97089577925700621,27.546741644595386,-7.9602935833455222,2.5656813682751674,,0.1402600684351661,0.4666666666666667,False,4
0.89734347288286853,0.3751609161814291,-0.23244134452464216,-0.35643644650883849,0.92663740932816019,0.11956659748335895,0.26024555956762185,-0.024441738962405243,0.96523305482242427,-10.812751290067837,6.4694942999003313,-9.6123790812512482,,0.130858269324833,0.5660377358490566,True,5
0.039955206940582681,0.99486006527299153,-0.093043172577863209,-0.99374063297121351,0.049286187215645622,0.10025181360811576,0.10432226905271605,0.088455199252294614,0.99060211079167892,10.451506489234369,-4.5055859673634409,-2.4371252270010162,,0.2601051786743243,0.2771084337349398,False,5
0.56348611271440141,0.80847181008115088,-0.16987269669408472,-0.79970895048468515,0.58539471097451368,0.13333651742020763,0.20724139377232714,0.06071544010524077,0.97640393282705018,-0.55381333688083467,-13.395750942143252,-4.6988839674797811,,0.07929235118493327,0.375,False,5
-0.89292466205563503,-0.3131153927902976,-0.32348771026208623,0.3454018754883908,-0.93731947388718895,-0.046149195886225194,-0.28876130679495832,-0.15294101696281667,0.94510631837293713,16.97215172981744,1.6406593229697444,-1.2225565358537751,,0.2235978994688546,0.2647058823529412,True,5
0.55905215947532505,0.81817493726167922,-0.13435198183437971,-0.7977097528047703,0.57494339898164648,0.18193196048959051,0.22609695545524341,0.0054644308286489196,0.97408947573084448,-3.9186332723336275,-5.9893412791223657,-6.3536796552771211,,0.2363671361210504,0.1785714285714286,False,5
-0.087629338363813883,-0.83825249747477482,-0.53819499211273247,0.99212274012706259,-0.12199207428615716,0.028467566354206907,-0.089518532051697047,-0.53146089629309956,0.84233944946835182,-29.332107220131412,-3.0682900239944115,-13.688898188624265,,0.3812717830934969,0.2258064516129032,False,1
-0.43740052579630234,-0.81639615501830254,-0.37706511122676117,0.88195133215198518,-0.47133344251897547,-0.0025755928540727863,-0.17562069282535214,-0.33367964282308721,0.92618317206533196,4.5905669690350885,6.4866303579248941,-5.2206568555443127,,0.1260622436489773,0.2745098039215687,True,5
-0.40024061990642801,0.9155114976125065,-0.040572699148867436,-0.91433725652301556,-0.40191986381811079,-0.04947529082680871,-0.061602171316311884,0.017295109358936439,0.99795092648956407,13.491074371562437,2.7309908478210851,-2.2905816645099542,,0.4296027379962045,0.462962962962963,False,2
0.34590727818449279,-0.87895067170297381,-0.32831977036402515,0.93780218759040834,0.33491079561825149,0.091442965442910432,0.029583979611259366,-0.33952978616203922,0.94012994445402054,-22.999746664176175,2.7800422260271067,-12.520337295716027,,0.0850371483087188,0.4166666666666667,False,2
-0.58279716165271278,0.78725402709132308,-0.20144122020588828,-0.80637839128315825,-0.59093124167802125,0.023540553953954282,-0.10050551448119013,0.1761572151158376,0.97921768627895267,-13.531545399722393,-0.04858157285763498,-9.6446194851668974,,0.08146192672184453,0.357487922705314,True,3
-0.90652011798674281,0.35200674561617035,-0.23305048106797449,-0.36097792872649903,-0.93256378444995003,-0.0044410477044615343,-0.21889771734220539,0.080100180855598432,0.97245449784001325,-15.283173934067888,13.300823349628274,-11.664724147485231,,0.6793315341642762,0.2333333333333333,False,1
-0.02141218746449737,-0.91658707732400235,-0.39926137793509142,0.98447290772956397,-0.088923780720168474,0.15134614355485992,-0.17422575060674039,-0.38982135768204651,0.90425919786333575,-10.664674865561844,8.6347839491696607,-9.7015712663138292,,0.2464989845059663,0.2058823529411765,False,2
0.96504183487360773,0.061243881788631341,-0.25484003587984622,-0.029874094809829398,0.9916822719747399,0.12519508740486582,0.26038777890499104,-0.11320538147313854,0.95884448488920659,-11.807197372386389,-15.205480703775537,-7.6877434151398285,,0.09242391757225982,0.1785714285714286,False,5
0.7941747509395467,0.58453813691523904,-0.16613738730873384,-0.5626515082357566,0.81059012329695301,0.16237897737533707,0.2295860301720013,-0.035479832371269421,0.97264147364009179,1.2512881609961684,9.2135109633124515,-6.4164998287786492,0.9461003226743788,0.4909686417697636,0.4,True,4
-0.72440764361195564,-0.6048094881521795,-0.33081573257279184,0.63941799190065685,-0.76883999999673958,0.0054484895838799452,-0.25763966602661548,-0.20758260391013644,0.94367964110898461,12.078264887227791,0.74894965518690482,-2.4563596154262384,,0.1882672638087604,0.2698412698412698,True,7
0.2160300028267339,0.96730808459716611,-0.132838651572663,-0.96578293863814568,0.23169352865696702,0.11653936765724754,0.1435073284336007,0.10311730335615427,0.98426239816138772,-9.1803139235243449,-4.220598796593154,-7.9978070848197955,,0.2893565707940333,0.7703180212014135,True,2
0.83769269033680893,-0.46684911875120771,-0.28341287352112249,0.50753150991553875,0.85709887019589015,0.088279630446564061,0.20169958601626409,-0.21779216475839847,0.95492609660157379,8.9139088698106903,8.0727684538327988,-4.124019809005409,,0.1620733542807997,0.3934426229508197,True,5
0.66450743771207343,-0.67418684677798391,-0.322338270853609,0.73571751266656593,0.66582280504191238,0.12409566407349443,0.13095650721158042,-0.3196124026343149,0.93845527613267998,-0.53278552050539152,-6.1100010886028215,-5.3618389201862602,,0.6702833904071538,0.6617647058823529,True,5
0.89453067589215418,0.38752990460486969,-0.22279013201860434,-0.36916252942631972,0.92149921328427276,0.12065747711612686,0.25205931197931997,-0.025686045888919373,0.96737083390554257,-10.297052132849052,-11.610192669334936,-7.6295081622203238,,0.09607801051395981,0.3777777777777778,False,4
0.40992869873684701,0.90806415788701245,-0.0858949772272318,-0.89597318177746943,0.41852307150480433,0.14856142215845514,0.1708523324027908,0.016060005577075182,0.98516575089341762,11.599688649406106,5.6993381333893396,-3.0951930414265281,,0.4428991107546473,0.2857142857142857,False,2
0.16019894676953658,0.98416688835769173,-0.075840841993418395,-0.98386201953268237,0.16540750209809446,0.068234044074357375,0.079698331067869499,0.063685901972165337,0.99478252996068905,15.985551024408412,-12.664790313703167,-0.23519183613291414,,0.7270216893017715,0.2592592592592592,True,5
0.95810959865734224,-0.044042400717105953,-0.28299516585931728,0.092357447888239769,0.98283111257146938,0.15972822537391723,0.27110163920610969,-0.17917385719072887,0.94572756654290191,9.3552877379372248,5.9488788947698437,-3.8230862441086382,,0.1167775842619934,0.25,False,5
0.94167705001516433,0.22540628262458356,-0.24987265002017048,-0.20375613531480299,0.97285447560596383,0.10971602715656077,0.26782040772934396,-0.052403979303195618,0.96204264570593601,-1.4291892834432511,-9.2597173520377805,-5.3425935738398396,,0.07004434092550219,0.1875,False,5
0.92872601723736381,0.29207506465751543,-0.22838594858644884,-0.26451918705249766,0.95359088718431828,0.14385416073270363,0.25980297263024094,-0.073188636306006458,0.96288412539004797,3.5475876673847582,-12.880673813670604,-3.6500886914915114,,0.1029639645381984,0.3684210526315789,True,6
0.64073001872730073,-0.67314910755833735,-0.36923613324690641,0.7571371775580531,0.63373838238038971,0.15848961182775481,0.12731196904116404,-0.38111145573349198,0.91572142098323817,-11.35047082634985,-16.922230245247093,-7.4436959176181876,,0.5397304664506161,0.7804878048780488,False,2
0.88321250758780734,-0.38654942771295697,-0.26554699466430337,0.42411020147822731,0.90002135776390713,0.10045940757794089,0.2001654401802555,-0.20134819468671417,0.95884967594187898,-7.7085296277320836,6.6542660148032517,-8.7296157167362214,0.05012976202919202,0.1114351333968711,0.4160583941605839,True,5
0.82774995327435885,0.5278473210077993,-0.19028195016655639,-0.49697623596663154,0.84713772558559874,0.18807523700396978,0.26047002848454093,-0.061113661275934608,0.96354578752995179,5.1042817939043967,12.691368640332408,-5.5824429959006219,,0.1422423791853548,0.4166666666666667,True,6
0.92298651711227897,0.29150497559218314,-0.25123840955145677,-0.27762141285147246,0.95647831000452499,0.089864306692034462,0.26649998190487206,-0.013194381224158266,0.96374460722165112,-10.855607253265765,-10.626412376841163,-7.8733393630186468,,0.0744646281248377,0.4375,False,2
-0.96778846870154522,-0.10280752776630922,-0.22981751909482034,0.11291213606778031,-0.99311430157313307,-0.031222324377274027,-0.22502517498477725,-0.056165792485179,0.97273278672900865,-7.0609230259752325,13.419781841637199,-9.25167272631146,,0.2903840713989004,0.4390243902439024,True,4
-0.14779153780136309,0.97864411760945336,-0.14287530375374191,-0.98861698165361789,-0.14206572237886389,0.049535786165788624,0.028180222504433826,0.14856992156350945,0.9885003052433593,16.210454977482673,0.54975953715683301,-1.3033409115754531,,0.193117923517517,0.423728813559322,True,5
-0.39496162211613628,-0.82076529921099262,-0.41273434636153161,0.89260999469132385,-0.44914053695662254,0.038989427278076055,-0.2173768948912142,-0.35301147527156551,0.91001658440604682,-24.638893425681506,-3.1258490240003591,-12.424014110780247,,0.2387518875072357,0.44,False,2
-0.83409796072463727,-0.45736675353574263,-0.30837679010453839,0.47027409196527376,-0.88179290747606809,0.035826620705021482,-0.28831037154642986,-0.11513870367986405,0.95058940062136299,-8.046251427089139,-9.8289980055455874,-7.1209752194571001,,0.6519040646317007,0.8652482269503546,True,5
0.54979153449524842,-0.77547902272167224,-0.31042157450151142,0.8302599130214654,0.54810600049351377,0.10123383353696458,0.09163921336930915,-0.31338809412873603,0.94519318503225069,13.81314032655429,-11.773565907886107,-0.8614886545997521,,0.1012150938725742,0.3571428571428572,False,4
-0.4398673886386934,-0.81157070288237099,-0.38453826160109372,0.88055116731486704,-0.47389815957314829,-0.0070835085662484809,-0.17648320643223253,-0.34172141954550828,0.92308187571374267,-10.475097281097518,14.156965406800165,-10.328590513260446,,0.4702378379940665,0.5769230769230769,False,1
-0.48344848396087658,0.86646611204391732,-0.124555369356072,-0.87282214916039225,-0.48798937771927142,-0.0069183211975268333,-0.066776188053555674,0.10537003327633454,0.9921885389362145,14.278491437108515,16.903150967285313,-3.4007421140355696,,0.2599036143490634,0.1904761904761905,False,2
-0.84829860638177623,-0.44792998493532199,-0.28239724327014781,0.46233712722290304,-0.88653407282719399,0.017370046278036178,-0.25813534279910261,-0.11582774413874231,0.9591402809212638,-6.3393101256740074,2.3890319822516934,-7.9104796124999721,,0.08207611011847389,0.4170731707317073,False,5
0.86850951926740627,0.44378699800491567,-0.22078114807130653,-0.42151768362556497,0.89561832133377217,0.142093859410653,0.26079504852055274,-0.030346711404386689,0.96491710513085105,-12.470215598647567,-7.4289560616559536,-8.6553293438933139,,0.07223222234636359,0.24,False,1
-0.89883906294457283,-0.35549810230155315,-0.25633852263153523,0.35816840653909715,-0.93288913353471048,0.037858382032287821,-0.25259400523798603,-0.057783767555023985,0.96584538344653326,4.0627398312662306,11.767900489845815,-5.8507362244615715,,0.1116101071685935,0.4285714285714285,False,5
-0.55954410503205809,0.81198702800273381,-0.16609473465213362,-0.82619444839598566,-0.56234914056609586,0.03414934178323191,-0.065674408741365001,0.15633461056292935,0.98551832127901695,-18.999803128537049,3.0657358009691147,-11.555241894912205,,0.158515035681882,0.2857142857142857,False,3
-0.68916732643507994,0.72163928370772035,-0.065460983678312934,-0.71100205974966635,-0.69088806359694788,-0.13095707163414885,-0.13972997962518885,-0.043708440707353774,0.98922449676748125,-14.665255173805642,12.618327133721557,-11.37775071910959,,0.1957820148552836,0.4117647058823529,False,2
0.26078191657591265,0.9450575986627856,-0.19712667804415132,-0.95882770505322501,0.27733188447993312,0.06112657256197452,0.11243764498315972,0.1730698155674113,0.97847054883123752,-3.4795389080828745,9.9348937287362276,-7.8675839657740765,,0.1294694465666188,0.2391304347826087,True,5
-0.90037226037769524,-0.34152775363489207,-0.26960820877611252,0.34566377572516171,-0.93775858440083615,0.033546855798490476,-0.26428459450710451,-0.062989133028197253,0.9623855891619385,-1.1217296272332193,-12.006498489076559,-5.0262808874779603,,0.1526749514267156,0.5263157894736842,False,1
-0.8134581362620944,-0.49859072343829841,-0.29948814843040983,0.52670495888614688,-0.84990338286065292,-0.015688406125591733,-0.24671389671792598,-0.17050375451377392,0.95397102831425884,-21.312800857885758,3.0870608167310154,-12.14592814425227,,0.2861969102219132,0.375,True,4
0.49041000430777237,-0.80191288303817021,-0.34122390844174671,0.86845293306083082,0.48235192346073014,0.11456930213532429,0.072715409184655438,-0.35252283607043799,0.9329738041960044,7.3583835518902836,7.710244327438291,-4.4591697912920587,,0.08435230116725691,0.2954545454545455,False,5
0.3287824639800816,-0.89443785405537291,-0.30312211501638503,0.94401291043327962,0.32051323109132995,0.078172204975206189,0.027234469234339087,-0.31185284017981307,0.94974001166493405,-6.2215430541024173,-7.5336226197044445,-6.8469021088341906,,0.09010123536958223,0.2380952380952381,False,4
0.9282839849192458,-0.18464987961160284,-0.32278981598226719,0.27551978197642701,0.92447530540560452,0.26350381294181757,0.24975526637512033,-0.33354134924269119,0.90905031503391387,-6.6921280848937172,7.53286090170982,-8.4592379302265037,,0.2294506494353014,0.2857142857142857,False,4
0.080760154480054941,0.99207986169384976,-0.096204706069242307,-0.99363432684312047,0.087738724518608716,0.070659328746223021,0.078540575293136211,0.089885840049249877,0.99285039849479051,-12.399166739547123,14.667755884507189,-10.945898137729637,,0.275359051541915,0.3529411764705883,False,3
-0.9311936883243308,0.26769394641765498,-0.24742325249715721,-0.28141396549539854,-0.95935291353089647,0.021169962775974396,-0.23169914727742283,0.089341694360042648,0.9686761929560328,6.583224942184998,6.3293273521104219,-4.5956631612622267,,0.1500638607952041,0.1304347826086956,False,4
-0.24178131176860562,-0.90636980146339452,-0.34646151341045145,0.96170452598864797,-0.27134052892679061,0.038713331743481315,-0.12909764510789384,-0.32383344539583536,0.93726500930668499,2.2372048970869889,3.4107802459014978,-5.5666678826698357,,0.07895103598073824,0.3414634146341464,False,2
0.91509054432152515,-0.27738854509561789,-0.29268565175469613,0.3254749092199819,0.93657380757815423,0.12998302361002073,0.23806591348107639,-0.21420807176270251,0.94733284690763575,2.6555397992345746,-8.5751702759294481,-4.2305825440012246,,0.1187929426724842,0.1764705882352941,False,2
0.85105226573483406,0.49359124713933955,-0.17910254530586384,-0.45501193319118655,0.86349024731592239,0.21759764117266667,0.26205759222206626,-0.1036931701594702,0.95946523898526659,14.002362499014447,8.6347819046664842,-2.7188024916453815,,0.2917832395330699,0.2352941176470588,False,6
0.87902939047126505,-0.31726331666813756,-0.35588104555377842,0.42204899366617216,0.86502442932065537,0.27130680718302513,0.22177010085466575,-0.38868589448963686,0.89428256037546883,1.8056026015042954,-10.224816491074586,-4.3346884588629617,,0.1070712436447283,0.3636363636363636,True,7
-0.64629963248722577,-0.6784935467212736,-0.34920379737978968,0.7301409229475041,-0.68285499685706486,-0.024561879095585146,-0.22179048150054859,-0.27084231634832501,0.93672483792778238,-17.233994613037893,12.339153502290847,-12.113121222588697,,0.2469930450347887,0.3529411764705883,False,1
-0.94921892902946137,0.22399036367235498,-0.2209337949569681,-0.20292717645357491,-0.97252101785260958,-0.11412024750894548,-0.24042459489149834,-0.063491627927227789,0.96858909107753688,6.8630495582686137,8.9550921960101562,-4.7317598887657875,,0.2241029004397296,0.3333333333333333,True,5
0.93637185447574423,0.25355730590143988,-0.24272709525238537,-0.2330911226808369,0.96620069080379878,0.11011245895742343,0.26244290554908123,-0.046528676257409862,0.96382508974019265,9.5046633971351362,-3.7042113609694391,-2.7541625239623286,,0.2788824512814563,0.8085106382978723,False,5
-0.74024055604036165,0.6477570136672901,-0.18015207586339543,-0.65473998203099659,-0.75541178863946068,-0.025857020605267803,-0.15283806830468114,0.098812351603255813,0.983298857950892,-31.827425917451652,6.6103089027693338,-15.300901107078561,,0.2406994415862831,0.375,False,2
-0.43346395549116801,-0.83833813693050419,-0.33060273359100212,0.88346941489592701,-0.46767620412633421,0.027581896915062375,-0.17773798759241211,-0.28012164547188395,0.94336688064862917,-15.014205275250005,14.851832772449058,-11.825585318950921,,0.1210036988657129,0.3448275862068966,False,3
-0.92747874587126455,0.28769549729292909,-0.23877704411111661,-0.30288111495250369,-0.95259541321853636,0.028722968511900711,-0.21919444829236923,0.098961000158555565,0.97064953216154393,-4.6979737853123051,1.8782530976681846,-7.3884335126655589,,0.9062463849892377,0.8759578544061303,True,2
-0.95319027275616575,0.17591011165769882,-0.24593482173047962,-0.18162980294203604,-0.98336680529962317,0.00058388188068066171,-0.24174142923020861,0.045225643736595184,0.9692861922788063,9.1099011993343311,-10.157162803078741,-2.2715392692623406,,0.0815401066605604,0.4,False,5
