axis_00,axis_01,axis_02,axis_10,axis_11,axis_12,axis_20,axis_21,axis_22,location_x,location_y,location_z,dbh,dbh_approximation,score,reconstructed,number_clusters
-0.91180674005431173,0.26238121181822577,-0.3158552967362217,-0.25071594450700752,-0.96492905047142896,-0.077803873465684709,-0.32519222617013221,0.0082478628204187346,0.94561196523595659,-9.9904430586653064,-16.264480890757998,-2.1882236586938508,,0.3094059527356167,0.5806451612903226,False,2
0.64541978217584728,0.71689650643562741,-0.26361468820320599,-0.72776522678704159,0.68195674982695342,0.072751398921694493,0.23192903969897152,0.14489441129957314,0.96188072551562376,-23.340050827237636,0.90154660636010586,-7.4828423607819188,0.351643341079435,0.5618112966961176,0.8674698795180723,True,1
0.16704070164171539,-0.86722708054858644,-0.46905713378885777,0.9858503074244499,0.15367687904217542,0.066952133640191758,0.01402053301985743,-0.4736038509250442,0.8806263776669464,-17.880898096784161,19.159514571411538,-7.1884736135390206,,0.6466653421351013,0.8970588235294118,False,2
0.95764555894308012,0.081002934320157954,-0.27632138547010654,-0.04804601960962139,0.99111459798303692,0.12402997083203079,0.28391295045535847,-0.10550060803827964,0.95302836173289518,0.57573629194560783,-15.011324302645754,0.65156212567380012,,0.09223037352463331,0.5,False,5
0.16180485988685495,0.95429990795180042,-0.25125857796338069,-0.98124954677492326,0.18261046955840074,0.061666387616500354,0.10473067492861529,0.23656944454186246,0.96595361360582499,-9.6499845313949688,13.878697156829773,-4.6302068361361615,0.8008073705936478,0.721558946214477,0.9545454545454546,True,5
-0.24495299546911756,0.94571082473406576,-0.21360961118713559,-0.96942487810461664,-0.2422266197562746,0.039264110753944551,-0.014609439501749304,0.21669633283067341,0.97612973708169659,-18.454928290560996,1.2206713799156208,-6.153506166254302,0.2734590210895963,0.2255682107165771,0.7959183673469388,True,1
-0.38045638971971779,-0.80087039577123909,-0.46244950502585314,0.91486034754155143,-0.3990460339000565,-0.061585772097023019,-0.1352164191863908,-0.44650741539850514,0.88450418200060343,8.9575309371975997,1.6475560719949225,1.5141978771644629,,0.3957550476206552,0.6382978723404256,False,5
-0.58050408349062443,-0.6496834255603281,-0.49084259758389814,0.77689427307459558,-0.62242977474727923,-0.094955062908452209,-0.24382431690585538,-0.43645460481045417,0.86605835855624902,3.5835854609377034,-9.5713122122630754,0.95481104975683473,,0.2767928016991592,0.3170731707317073,False,2
-0.75326929671693343,-0.53261269519495014,-0.38588739748889128,0.60133792898404737,-0.79536728119179856,-0.076049872943652508,-0.26641708238916578,-0.28933476273469061,0.9194059676141475,13.358842548405445,-9.6618642040465659,3.7442891073114462,,0.2796147297027289,0.5,False,9
0.18017381126938195,0.97414728552052721,-0.13628816473066024,-0.9801561525765915,0.18944733057627292,0.058340599103680377,0.082651765249854486,0.12307223509187945,0.98894990300346897,-7.5675887739690655,-5.457076859436893,-2.566069774878887,0.5854384819893386,0.2208208950953828,0.4545454545454545,True,5
0.68771470436813231,0.68948517721169689,-0.22728545004290751,-0.6852704132684222,0.71988231422979876,0.11033546283074516,0.23969344191024045,0.079872674078835498,0.96755744524070431,-17.157550320491342,12.923737550814,-6.6664907992826601,,0.08877847931570577,0.2857142857142857,False,4
-0.85526024773284481,-0.42693875214508265,-0.29368896908932735,0.44406997619102395,-0.89594431200500568,0.0092545141190554792,-0.26708007206389534,-0.12250343547295348,0.95585623574032708,-20.122071299477856,2.1928574588477034,-6.7485245328737387,0.3309731214543156,0.2192775344228567,0.5220125786163522,True,2
-0.82085896684390991,-0.41858095012736107,-0.38856215042438674,0.50342971997398478,-0.85158665442073345,-0.14614611544415837,-0.26972036185439041,-0.3155790839123811,0.90975863183492722,9.8745033901687833,-11.063758734265065,2.8847187096880855,,0.7122998465462471,0.3181818181818182,False,2
0.44087025970990024,0.89714567859879457,-0.027623277771355675,-0.8791439057815601,0.43781876361383842,0.1882039403274913,0.18094034108089066,-0.058688683740209135,0.9817414279586929,-26.089542509325423,33.861967756914702,-10.439878413501127,,0.2711199812292147,0.4285714285714285,False,1
-0.89554470378064288,-0.3299629811332595,-0.29853662189435415,0.34484612724958774,-0.93865442994049242,0.0030016119087330623,-0.28121314345421589,-0.1002611202547717,0.95439345959297983,-9.0085396979891215,8.907736712410383,-4.2316416846016596,0.1501983278638253,0.1155791235566622,0.4652173913043478,True,5
0.85801784998494413,-0.40856991712448792,-0.31124908341729013,0.45957797996550454,0.8812912108910731,0.11006308162582518,0.22933261747523095,-0.23747931368234085,0.94393332716613221,7.0252203560284547,5.029512136115482,0.79553382145229001,0.7343277392595078,0.3538962616923022,0.8235294117647058,True,5
-0.94358510827823361,-0.21734301068205858,-0.24981825222191542,0.22885206747448505,-0.97330178802694256,-0.017617055265015891,-0.23931960773870509,-0.073794614513631313,0.96813247038851913,3.6308591917213704,-11.401761090277065,1.1151647594252188,0.5058292552083351,0.3387061252797464,0.7868852459016393,True,4
0.78673067191880808,0.5516793979563418,-0.27695611878546578,-0.53786327114859334,0.83279206822242691,0.1309979872179251,0.30291574969208163,0.045904389510599247,0.95191114901136842,2.9783539539499495,31.082697202646372,-1.5993974853877473,,0.1697555847207127,0.8333333333333334,False,2
-0.83033596115104691,0.52566410729469215,-0.1849849667444379,-0.51501433931465934,-0.85065802850824368,-0.10555164060663777,-0.21284365604746497,0.0076265874768484121,0.9770565046320534,-23.920493202093301,9.5259767728790639,-8.355036160259754,,0.1370384977980174,0.3043478260869565,False,1
0.24268790673249652,0.95234246441019921,-0.18478747362012155,-0.95917524795717091,0.26407233818479647,0.10123558619336362,0.14520820786752597,0.15267491832885455,0.97755048242082065,-24.502313055783464,12.034169175832913,-8.690882633079795,0.5725131557878573,0.5328616432919735,0.9726775956284153,True,5
-0.83085370170813377,-0.44285037555821033,-0.33699506112974886,0.49535186274276877,-0.86450185497065468,-0.085223675287832257,-0.25359151885494946,-0.23773953735180181,0.93764132478501139,14.811697879608616,4.1849399541517558,3.2603584324152539,0.2805393335513411,0.1418639916945476,0.2727272727272727,True,7
-0.75586780296088252,-0.55101156906380178,-0.35362425709350859,0.60451737223183799,-0.79477716894602857,-0.053740100409749011,-0.25144106887499912,-0.2543924182832179,0.93384253833449615,7.9329790181607702,-4.6348816092720346,1.6045506766767754,,0.4627101772342136,0.1538461538461539,False,6
0.32229687078847241,-0.85138793897262199,-0.41383970864564301,0.94589253798257455,0.30699238668386702,0.10508558943560466,0.037577036456379449,-0.42531664896885368,0.9042641839866612,-7.3456856035658014,8.0899620874033005,-3.6869640359858864,,0.07430782648097758,0.2083333333333333,False,5
0.66221712951363154,0.73434319878678056,-0.14902529910832282,-0.71199849242908342,0.67864871171466046,0.18026112411372666,0.23350935775133003,-0.013266215874573578,0.97226405228154511,-7.4970504331049721,21.576852788059846,-4.3999778108772523,0.2981370620771662,0.08623390398576909,0.2777777777777778,True,5
0.83368527982113372,0.52182641360672588,-0.18073751207732328,-0.48078580375536029,0.84685572644512341,0.22733321247546528,0.27168707204589365,-0.10262832284240561,0.95689788495621886,-9.3671557154496252,-15.029080176741012,-2.170249056379276,,0.2133873737354761,0.3103448275862069,False,5
0.88872068821258243,-0.25983127786117277,-0.37770788367200331,0.38729487139415497,0.86636914306804325,0.31528905869270074,0.24531249649118692,-0.42648823545858128,0.87059150241699879,9.4577096876189088,-4.1656956210595437,2.06652104631265,0.5014423968942748,0.4892554231392479,0.3563218390804598,True,4
0.84357539501053336,0.49263455887354934,-0.2137562732092001,-0.45580838614168279,0.86730969650622125,0.20003151119061577,0.28393532371957053,-0.071309759148031587,0.95618808306447378,3.2394336617129271,-4.3218149248920357,0.30172515326400534,,0.1702133755363859,0.2,False,3
-0.94778191507185838,-0.13791456880953812,-0.28755697378571576,0.19680924635133679,-0.96242531807420073,-0.18709256447115119,-0.25094932160366251,-0.23391682034401062,0.9393121734262837,-13.15147399698815,-17.619527149843911,-2.9076455369742926,,0.5252832731547113,0.4166666666666667,False,3
-0.52819756074258273,-0.7786868110061419,-0.33860624210234425,0.8236377898017494,-0.56680868899416903,0.018673545223169059,-0.2064658035512803,-0.26902557582095643,0.94074285089929244,-11.914412947416164,-9.1908727847291853,-3.4156914128689801,0.5886627114693535,0.6381094512772715,0.9848942598187311,True,5
0.10412222816095355,-0.88306078649173969,-0.45756115324991165,0.994299560661839,0.081805564335957301,0.068382989926959806,-0.022955288507737415,-0.46207304293181428,0.88654472968105857,12.305971711274145,18.606723932698909,1.7824684060077769,0.3390766113705834,0.2502538957542381,0.4583333333333333,True,5
-0.51998740910287322,-0.80434302595237472,-0.28748111412101057,0.83002537767643714,-0.55527114936038346,0.052266845141884961,-0.20167044103578502,-0.21143851893582483,0.95635913020300922,-1.9822746961480973,-3.3528316490880501,-1.2694952189862101,0.1404483921146724,0.1040072956636753,0.4959677419354839,True,5
-0.77747080735573049,0.59715872307678519,-0.19733373549125188,-0.5975075010819576,-0.79925993374407989,-0.064562717277101944,-0.19627513816177139,0.067712759246037618,0.97820808235000067,11.253400085194508,9.4619629349857597,1.91785888227729,0.4923757898763235,0.4048225155297216,0.4242424242424243,True,5
-0.75457020081328785,0.60730050233972555,-0.24861599285345887,-0.62993016061749552,-0.77650493303060453,0.01510237476533767,-0.18387986509949986,0.16800651426969587,0.96848438623136113,-21.640523115027523,1.2575710847993609,-7.0900825216956642,,0.08978016722418106,0.4054054054054054,False,1
-0.92440200169427111,0.30923170490493679,-0.22328612125524322,-0.28116929283343206,-0.94803498488282256,-0.14890767678590303,-0.25773002935469641,-0.074869353675675723,0.96331189749167689,-21.091419004512868,18.778223860201646,-8.1371854278708895,,0.1392014844204961,0.15,False,2
-0.65517212898456079,-0.62184876944810408,-0.42901467263686399,0.71858077661903286,-0.68824792476525132,-0.099782070182532767,-0.23321910058017298,-0.37365612800033488,0.8977694298272646,13.232592443223798,6.3472807557711945,2.7422192175710487,,0.1708592764751456,0.4146341463414634,False,5
0.58117983527942529,0.81355209189459321,-0.019052370942006125,-0.78445977706933645,0.56631731083284997,0.25279944938899002,0.21645520835708085,-0.13197612369281433,0.96733109406764783,-11.69928678889192,-19.252296403607577,-2.3783449316254286,,0.4172820135814676,0.4,False,1
0.73359734072402671,-0.54186005631140166,-0.4101495106139228,0.65991192262832254,0.71215801092087949,0.23947279982120595,0.16233051486281569,-0.44633916123887324,0.88001713454281805,3.8749118312049013,5.7039378810729131,-0.13888745095103167,,0.4250828683081461,0.2869198312236287,False,5
0.53325025956461503,-0.76569163666531792,-0.35966717700543482,0.84272312353559331,0.51795205733209582,0.14677671260749903,0.073904652984000938,-0.38136856693523841,0.92146411673004325,7.8309694668037215,15.296208537771124,0.60302866487777473,0.3018128724255466,0.1713439238533661,0.4,True,5
-0.12128873534215202,0.9924226176614428,0.019656821541407965,-0.99224741424558283,-0.12176031028209013,0.024889671813097425,0.027094493943529932,-0.016485593529457387,0.9994969302623824,-9.3913425623874538,-10.821760137682229,-2.5538268022751023,,0.5718620237433562,0.4,False,4
-0.51417555006786764,0.82296168922640245,-0.24157309820845316,-0.85172756246693271,-0.52307180729890768,0.030919957037342263,-0.1009141370004331,0.22165275201242113,0.96988988781138308,-1.540857670738164,12.853061817684059,-2.1437068051711083,0.2395420695662707,0.238711720393276,0.6388888888888888,True,5
-0.95373374294497748,0.14610883375996975,-0.26276254730357951,-0.13071083646086398,-0.98856028770769011,-0.075254466970349404,-0.27075196176549765,-0.037426812108322285,0.96192131119730595,-2.6847627461634165,10.184391030245271,-2.3815160762416792,,0.08359091669968925,0.25,False,5
-0.74026322229691721,0.63287987269740675,-0.22687756268326587,-0.65036858261028618,-0.75961251601425173,0.0030874371225973612,-0.17038505940390591,0.14983955502140495,0.97391839457056939,-3.3619355817027223,36.512275458139591,-3.7214499394260985,0.7059073327326173,0.5025855363951268,0.375,True,4
0.81105111145177955,0.56097671583817366,-0.16583491459958205,-0.52111476693270475,0.82166839262274893,0.23086890706507429,0.26577338899428321,-0.10082746080391991,0.95874831361016122,-12.734600774185289,-3.3752610554682478,-4.1561376563426826,,0.3765944685741462,0.2181818181818182,False,3
-0.92739150185157793,0.26987403321566167,-0.25906178508106059,-0.27203107637765511,-0.96187514462596857,-0.028201057348720825,-0.25679582507955223,0.044319435315485017,0.96544895871041658,5.6922618498419606,-13.978203299764461,2.0092545259168744,,0.4354656506073598,0.4090909090909091,False,6
-0.76211922621365047,0.61816283371882463,-0.19248115763424381,-0.60737616657499427,-0.78558916244778432,-0.11808412307017849,-0.22420632754712946,0.026914287159442191,0.97416997686981099,4.2239645960672147,13.647630511935009,-0.42331382408101792,0.6361375769153016,0.257501257424792,0.1764705882352941,True,5
0.94893077774740675,0.22906022646955698,-0.21693729899078174,-0.13358763024537493,0.9146831933848919,0.38145642055763196,0.28580539548637901,-0.33299559815248497,0.89857064692874467,4.8604924605267392,27.984520524459871,-0.94087651921505233,,0.1673223866653132,0.3076923076923077,False,1
-0.95665731344002003,0.14069942456315604,-0.25497148187458307,-0.12157842086001723,-0.98855273846207792,-0.089342995586178517,-0.26462326470457687,-0.05447160000150688,0.96281222082520745,-10.647598318883508,28.509294846252637,-5.6434471583595176,0.291059432526086,0.2485540480786225,0.6,True,5
-0.066113523737043239,-0.92580281947307153,-0.3721802539560401,0.99366565453609224,-0.095056318470223139,0.059940498114769022,-0.090871166903647382,-0.3658598581077166,0.92622297275060661,-9.1936813239379287,6.4991336057780469,-4.0962356091078531,0.2603268628556062,0.0799502705433938,0.2,True,5
-0.85090708387408254,-0.3657599903248599,-0.37706334227880445,0.44722778092727772,-0.88093716104290143,-0.15471596640468543,-0.2755801999051587,-0.30028211363854379,0.91317369960429828,-13.562650040848553,12.747020471124349,-5.7143756538453259,,0.4736261564549586,0.2532467532467532,False,1
-0.41219443356991969,0.89535797352012036,-0.16861153041212112,-0.90868051874380884,-0.41746716403050277,0.0045696621114771005,-0.066298294016187156,0.15509760220671967,0.98567198905126185,-22.216059742612156,15.701609108637969,-8.2814372885211736,,0.08201674717716663,0.2222222222222222,False,3
0.94181169126297293,0.19508037274529555,-0.27374145898992891,-0.17894421537501015,0.98035338131143601,0.082983224419496723,0.28455176327726434,-0.029170120342417734,0.95821678032426916,-7.7923427972854098,-2.5585665024297,-2.9208246290826736,,0.06772377441088508,0.3018867924528302,False,5
-0.92712598057616669,0.26572988791868768,-0.26424428623416657,-0.25973938421238491,-0.96393343421167188,-0.058032634765835124,-0.27013490783246341,0.014831084775410168,0.96270824785847364,-14.457446475106941,-8.4143765692714076,-4.2179033566263016,,0.4567626754009453,0.25,False,4
-0.95573900177484472,0.096831771601421077,-0.27782470821536742,-0.11278167697980608,-0.99273277776061142,0.041975293892049792,-0.27174115224611539,0.071450961982547828,0.95971428363222933,-13.85368473576159,6.3813836966552779,-5.3396262810245805,0.4622071462089032,0.4436527457296397,0.9790940766550522,True,5
-0.95401689603066975,0.11317053475361678,-0.27756835581813716,-0.12502703849464755,-0.99182983108722933,0.02533428133445836,-0.27243348130004397,0.058872881949638065,0.96037179364956371,-0.54710554190260774,1.5338048030128917,-1.2857085510606838,0.2865030667125186,0.2557599260754159,0.8303715670436187,True,5
-0.94878774179530889,-0.073617570357964734,-0.30721698252790069,0.095596854936037423,-0.9937812135713836,-0.057097643374544649,-0.30110307594791608,-0.083542521431774971,0.94992504165724834,8.7702147632752752,15.721951239543229,0.85398950858080425,0.2396016769649965,0.2321764275153131,0.421875,True,5
0.07655070054338807,0.983030425180492,-0.16670684873686961,-0.99075289830727031,0.093780012914224373,0.098051025866901287,0.1120209120747567,0.15765941883461596,0.98111916855735271,15.936243132686272,-4.1521796294584039,4.0977306042389543,,0.1280200687278668,0.2272727272727273,False,5
0.73478433380783359,-0.56592119256609963,-0.3739320614699172,0.65453831465868739,0.73620831211667437,0.17197940520330562,0.1779651017316129,-0.37112063399234663,0.91137143777428964,-0.98812485922175153,-2.7158131208117782,-1.0364879095717427,0.3781344790481636,0.1508391337013454,0.15,True,5
-0.18084555575009439,-0.87382249040519144,-0.45136364522135264,0.98128866185649166,-0.1911507432140534,-0.023107476725294063,-0.066086663384789412,-0.44709691190029782,0.89204086469840715,-0.14228528361241544,-8.708738629699516,-0.27889582225598863,0.6656103155778306,0.6387988033353822,0.3177570093457944,True,2
0.95173667448960164,-0.098281890397106969,-0.2907541443409617,0.14390855214023335,0.97964983073074074,0.13991618123052466,0.27108602149940414,-0.17500536897250424,0.94651227661262927,-11.855903136940702,-2.0153523555058865,-4.078023580000365,,0.06922293375322504,0.1041666666666667,False,2
0.46622509545682872,0.86782734839261932,-0.17178432334793226,-0.86456645094299323,0.48811683483613211,0.11944374179250175,0.18750736590893882,0.092831292845635238,0.97786672854663581,-27.313298641924678,1.0103705697076535,-8.6196159289822543,,0.2375396986958278,0.3214285714285715,False,1
0.79893011630453203,-0.52710945287969768,-0.28959677820461771,0.56699868328938496,0.82070356223058316,0.070414175349407082,0.2005571300396285,-0.22045699722825557,0.95455515815659953,-5.0786772036054337,-7.6982476931694359,-1.7173274446112696,,0.08870599954118903,0.3956043956043956,True,5
-0.51616334331288838,-0.79589292574854154,-0.3164330162348537,0.83515082971568633,-0.54965032837028616,0.020189307755265208,-0.18999603849886318,-0.25384831546784475,0.94839998844837392,4.4422262465741715,-5.4787977970410253,0.76612403171587051,0.5352800199426664,0.4649937009779552,0.9386666666666666,True,6
0.73235181016111206,-0.54803218061056014,-0.4041306164706866,0.65994199027940181,0.71746189149275341,0.22299103955473937,0.16774205083939167,-0.43001065483412793,0.88710396296562688,8.2322648502109601,19.015743059305478,0.50327109919353386,,0.3962728033819841,0.6739130434782609,False,5
0.7011474556038938,0.69190170177476118,-0.17223321567390498,-0.66055405613324369,0.72126557518303047,0.20843298439021321,0.2684410259742428,-0.032372907454854494,0.96275199840707382,-24.79295235669543,24.044599097687044,-9.5502610871226867,,0.2208086112529308,0.35,False,5
0.39537387061895451,0.90307162990127121,-0.16775319281387113,-0.88804380219141099,0.42248164792068521,0.18134900760590109,0.23464378922359974,0.077271524106127504,0.9690053682725952,-19.268647526396016,29.289036510123779,-8.174637816763191,,0.4393855525035364,0.6,False,3
0.82933410793415085,0.50618154007420757,-0.23661188876548089,-0.4882571107486523,0.86241395961363976,0.13359324858278124,0.27167983219304914,0.0047339995379889477,0.96237604813707345,10.398363731255092,29.976421891921113,0.63990589775902862,,0.193122273989923,0.2916666666666667,False,1
0.72252708839856206,-0.58024917999436232,-0.37585302399497167,0.66978512408833435,0.72221686610204749,0.17259978524815744,0.17129650924717976,-0.37644878460901643,0.91046351848172558,21.184568907254917,-6.2602685317466973,5.875944547714278,,0.4062769604921027,0.4,False,5
0.047033604343731279,-0.94170010643977897,-0.33314974049779089,0.99774443693382242,0.028298223433347772,0.060870757495903156,-0.047894453019593691,-0.33526127137178302,0.94090700990487319,-21.713402341598872,20.239700376412955,-8.4524711685406562,0.1492986163150563,0.1319920268566179,0.5,True,4
-0.94947630453247722,0.15774061288700422,-0.27131650553805814,-0.16556649322632933,-0.9861800864854624,0.0060475896241805188,-0.26661298440264819,0.050662965424054088,0.9624711842348086,9.539270974124662,-5.8530307927109098,2.2699662131750626,0.3084501297935541,0.2758021971935679,0.855072463768116,True,5
-0.70852965957776703,-0.6091147677137223,-0.35632137355436588,0.68144392098575413,-0.72176545054196461,-0.12119742965721131,-0.18335731250804627,-0.32868500750264118,0.92646978460865848,8.8041311214038132,-14.249188551483297,2.8642575614096395,,0.2035034095307929,0.2941176470588235,False,4
0.80995956013117798,0.53562733616457048,-0.2388909117261564,-0.5174702166191415,0.84437955609477189,0.1387362251228374,0.27602551669048075,0.011248199964524752,0.96108448751049513,5.6499414840197382,28.156136110026264,-0.72866548045863477,0.3327480604052171,0.2827677261352315,0.3636363636363636,True,5
-0.7724473268277805,0.61269482691387489,-0.1671232370126666,-0.60582248606893985,-0.78984277225127175,-0.095538005503955928,-0.19053672257563398,0.027448937964913711,0.98129624128228166,-24.126069001611381,9.8093982495661542,-8.4141575344231185,,0.1041132940878236,0.25,False,1
0.17675356685299684,0.95916856302614506,-0.22080272712786314,-0.97829757378032456,0.19585119495309908,0.067647369283454384,0.10812970794500507,0.20405385842419524,0.97296967533522094,-7.5980261501508242,0.54147691919809759,-3.1381369624505768,0.7511457528297932,0.2798826087300134,0.6985236985236986,True,5
0.29565643002337588,0.94159240324139903,-0.16121731155157709,-0.93836459666194671,0.31788233754855738,0.13573025899233565,0.17905071660648025,0.11115109370919676,0.97754093277466125,13.16205861265167,4.5311956881974966,2.7822468150041781,,0.1420416333976774,0.4,False,5
0.7299294187939831,0.66688116715602019,-0.14990848031949766,-0.62602287144863289,0.74029642572608489,0.24506441292115669,0.27440555388381915,-0.085033587186515908,0.95784700294353231,-2.4898426775169371,-10.565698542116346,-0.72059560934571931,,0.224321980529216,0.2093023255813954,False,2
-0.47854305444155598,-0.79026200459117413,-0.38273033475971885,0.8642404930904164,-0.50095004275800237,-0.046232291351297299,-0.15519315432254618,-0.35289519515048084,0.92270258810253902,2.3739438421447536,36.111640576774249,-2.032648424961299,,0.307073223153457,0.3043478260869565,False,3
0.69028567640551197,-0.60982630742510047,-0.38938099558356853,0.70882861867931768,0.67793344970518021,0.19485437411565593,0.14514707813302663,-0.41050957667647658,0.90023008901410573,0.27495787520067999,13.427075142840906,-1.6914241705740749,,0.09863298633677521,0.2916666666666667,True,5
-0.062716329953881905,0.98786624775282461,-0.14208074643621224,-0.9931314880875789,-0.047683327173074892,0.10684637419518433,0.098775044044878399,0.14780587559519037,0.9840715999425409,-10.352780933521801,-1.2219204079711639,-3.7114139626166214,0.6129863571777294,0.3702622274802748,0.6564171122994652,True,4
0.1189716994785011,0.97301513950654761,-0.19770501514693561,-0.98925332216796857,0.13320594527217069,0.060283005265033371,0.08499176020552679,0.18840837145732214,0.97840619696625253,-4.3794016977739263,-3.0565497389600091,-1.938150159139636,,0.1808700223744747,0.2650602409638554,False,3
-0.69986812567764223,0.70427511563899281,-0.11908470998472587,-0.69470339547107762,-0.70992503894871373,-0.11573085757317286,-0.16604758047444884,0.0017322140022748012,0.98611622056085801,-4.0211370646932609,-10.071769962147107,-1.1341442202762351,,0.1772399528534857,0.3043478260869565,False,5
0.80437522644717252,-0.48097222532012301,-0.34877817240858,0.56143027163073589,0.80740022747349016,0.18138611515878333,0.19436189229038339,-0.34171712152943978,0.91948510791580329,-6.7210568650361147,31.685097421240446,-4.6086159642448843,,0.4034864320050758,0.48,False,4
-0.26048761135541021,0.96460880799476434,-0.040939612470954095,-0.96528219058696851,-0.26105295406973872,-0.0090359120782513083,-0.019403527152960301,0.037164535654062858,0.99912076368357094,-11.261544672238033,25.041519130582774,-5.611397731660464,,0.732885506048322,0.2727272727272727,False,1
-0.9414411716607316,0.24139985530478875,-0.2354031226659854,-0.19415121474925548,-0.95891002618906584,-0.20687403772700702,-0.27566977729424447,-0.14905593424253083,0.94962545372037566,-17.089493407664236,15.420378481898926,-6.7912884196533287,,0.3483142286640459,0.3043478260869565,False,2
-0.73601075325329612,0.63871949332410771,-0.22433363533654241,-0.65456673992432224,-0.7559884240950393,-0.0048872915957274901,-0.17271523986133422,0.14324423716887244,0.97450014594023959,12.359297954377544,9.7320618204421585,2.2424828358329258,,0.1062115119830592,0.3157894736842105,False,4
-0.96016975486544032,0.015857235323318057,-0.27896700509117756,-0.0093496760925930525,-0.99965260450650384,-0.024642521387374154,-0.27926085547137414,-0.021052752581658132,0.95998445623360606,-2.1909157340026306,-7.3630665907281232,-0.91741270149168319,,0.07298035251714002,0.2258064516129032,False,3
0.50851243449612005,-0.77033743378730035,-0.38470162732801932,0.85454884366758266,0.50631808477499585,0.11570769557889479,0.1056474218768588,-0.38758513275895584,0.91576000519513645,8.2520869435611672,-0.80091995081371614,1.4607222853724753,0.1488392721014977,0.1882837908032917,0.2923076923076923,True,4
-0.40157788929270094,-0.85347020741213753,-0.3321502730558894,0.89919818592008727,-0.43623642268582213,0.033769897250380571,-0.17371764812258905,-0.285107678925278,0.94262176409660592,-17.600887273337328,-14.359791220952374,-4.5328395563984474,0.3588593846249236,0.35163291593303,0.4705882352941176,True,4
0.75072286444366043,0.62324479356650031,-0.21904590407892807,-0.60624350760497869,0.78169134507234184,0.14638118228038904,0.26245759712440581,0.022903456753129686,0.96467167543182297,8.743386796762449,9.1226509477437325,1.1370507116108277,0.5660881952461009,0.6392470571772896,0.7028985507246377,True,5
0.56444314593275224,-0.7554055296440364,-0.33281589624407981,0.82095510071792954,0.55582657925646306,0.13072695359899078,0.086236057509323727,-0.3470148405692059,0.93388652566035935,-6.3647459854265573,-8.9399108118091846,-1.9737955822477302,,0.1468174230616593,0.4,False,5
0.89608420115596199,0.34680804738526771,-0.27705104711496825,-0.30563886006184082,0.93469157826633897,0.18148427132421124,0.32189748625731907,-0.077947622072769479,0.94356037250110347,15.641885935151837,20.946852095240892,2.7900824964831994,,0.308386993798921,0.1578947368421053,False,3
-0.33162398446985841,0.93047346878726689,-0.15570695812109792,-0.94244478064813408,-0.33421118652131315,0.010035847403467628,-0.042700917477552294,0.15007333769529574,0.98775230951872173,-14.681452493889235,2.6742484605757419,-5.2296484370251877,0.1434152616632293,0.1078663939515172,0.3723723723723724,True,2
-0.37598528477889454,-0.83571751411122985,-0.40026404065001819,0.90593927514218453,-0.4222916341915729,0.030721416742461267,-0.19470258186420314,-0.35106411422923389,0.91588475929881974,-15.845878062498491,18.300825925701911,-6.5662297467533852,0.1620211233673461,0.15068885398114,0.3333333333333333,True,4
-0.9329448261669312,0.29487986627108087,-0.20654252781522586,-0.26972040621052623,-0.95248030501232284,-0.14153505232719185,-0.23846352719437519,-0.076335660287847898,0.96814668990108899,17.012292765747013,28.174428997066038,2.8100923897112668,,0.2152301284615046,0.2777777777777778,False,2
-0.95009536266258199,0.16320687284932014,-0.26586146486808249,-0.15805151616753957,-0.98658657375729664,-0.040824633727455137,-0.26895821252417407,0.0032325124260698876,0.96314642229477077,1.8954430673152474,-4.0355422953415001,-0.088986352429089907,,0.09071627214771363,0.391304347826087,False,1
0.63623540068689199,0.76820825492699785,-0.071137837855860031,-0.72856889832585969,0.62860392283099664,0.27211113280004884,0.25375554241244291,-0.12129791945247573,0.95963271069272538,-2.8241721557261363,-13.698102281964728,-0.44571354959738835,,0.3692165686851488,0.2258064516129032,False,3
-0.37996819277039351,0.8895957284340269,-0.2534632368505047,-0.92321945131749039,-0.38171336495825237,0.044280376254961895,-0.057358671461551027,0.25082732499506877,0.96633101773873797,0.80937802181712848,11.03819723202697,-1.2852156520989269,0.2173228074983952,0.191832329667992,0.7553191489361702,True,5
-0.65934896267863641,0.71066150750944379,-0.2453959395731872,-0.73560538887598648,-0.67723950853204773,0.015210520697078442,-0.15538229394371611,0.19054361660174329,0.96930360202627619,20.517943457847664,3.5367803775572058,5.236105837408604,,0.1360749365643492,0.2666666666666667,False,5
0.84297025699072714,0.50162246526891929,-0.19436061372232713,-0.46277757631935923,0.86039416817552783,0.213445052005245,0.27429557175603025,-0.089982096591898819,0.95742632176473985,-4.2338723597536738,-18.90034085702591,-0.30132493362167712,,0.7069450188826112,0.1463414634146341,False,2
-0.50143938380574116,0.84374755957103253,-0.19143824091974213,-0.86141696511431531,-0.50752558106218326,0.019457563586829298,-0.080742532668728884,0.17466493719524812,0.98131177672176084,16.214688639352016,33.424526151123807,2.2973110024974472,1.015615099751088,0.6397682680480408,0.4705882352941176,True,4
0.54529737859987715,0.81190310683449196,-0.20848048830670629,-0.81068415570551011,0.57404780300626967,0.11515346087599929,0.21317121893010685,0.10621894829160862,0.9712237468491377,-4.3744750925921458,13.543212711999727,-3.0655185344053844,0.6507179792438508,0.6496228779805355,0.9364820846905537,True,5
0.9630785321377382,0.076713044501982408,-0.25805977938968866,-0.029597154249870625,0.98290302769888016,0.18172959748120954,0.26758876918833352,-0.1673820388919012,0.94888329296107943,-17.342238490046348,25.350908853478153,-7.40715734135311,0.2450276898480889,0.2261590437638273,0.5714285714285714,True,4
-0.94299962899198353,0.19658597239216352,-0.26852496193018743,-0.19748095982492889,-0.98001399253329535,-0.023955060959539261,-0.26786744898849857,0.030438953621599985,0.96297481788197159,-9.0410965672876493,-5.0605726514972069,-2.954855451474431,,0.0689999877836657,0.3275862068965517,False,5
-0.95928189660443619,-0.02489649275841398,-0.28135103962012453,0.016768865653365973,-0.99937064170273915,0.031259009059047757,-0.28195220870157051,0.025268263711313924,0.95909565052570256,-30.668850838642108,11.357732880315869,-10.505904913449644,,0.08451453097945119,0.4545454545454545,False,1
0.93640144231314504,0.2200812644136684,-0.27334332969352421,-0.20382933783244581,0.97514481283519838,0.086868838137693472,0.28566753380923132,-0.025628715431856394,0.95798602759782714,-20.190207993265229,5.7895097933978921,-6.9646133796131124,,0.07171047972031704,0.2653061224489796,False,2
-0.81751983795260896,-0.42451533508849865,-0.38916326243446936,0.50267623238773107,-0.85575320278219569,-0.12248698429012847,-0.28103010505356169,-0.2957586620924465,0.91298898889902846,-9.7122826545522898,1.5647075710131537,-3.8126903862952979,0.4855728980160077,0.4176392120776559,0.2070866141732284,True,5
-0.71912980648224201,-0.62012712164646022,-0.31351981504729159,0.64878311271110101,-0.76079067264647693,0.01667408393330707,-0.24886300265348132,-0.19141553075076279,0.94943525345212232,-23.068388598480382,19.84283160779971,-8.7957069690046303,,0.0631216138539429,0.2857142857142857,False,1
0.42350142742763375,-0.85304314749016497,-0.30489986796787738,0.90352895417613788,0.42206360743281229,0.074146748048554936,0.065436762848810864,-0.30688711247113876,0.94949372313196212,-3.5510644552238166,16.585075519128491,-3.0494040258087751,,0.3075583101381051,0.2307692307692308,False,2
0.18110856511567167,-0.89185066948869962,-0.41449013374784038,0.98341496129015304,0.16840012579275723,0.067352888161327049,0.0097314722643159837,-0.41981398376607659,0.90755799675945092,-25.901310076824579,6.4287195828353703,-8.7010998673734594,0.8631751730767188,0.7128006690228235,0.7297297297297297,True,2
0.82767449971289864,-0.43962292152659699,-0.34883607811323325,0.52238551289881863,0.83067717100251448,0.19258456191682946,0.20510557875991631,-0.34162424451973339,0.91718295727618082,6.7844652935509053,-7.4838475937299442,1.6273482601502864,,0.2376997090570808,0.375,True,4
-0.75519676874960329,0.63622694133072089,-0.15777553547719092,-0.62917730817602657,-0.77108354155589143,-0.097806374117404893,-0.18388516891399415,0.025405729010991168,0.98261935335453909,-0.23704184708083978,-4.7797661061131533,-0.61493325035399893,,0.08206576005384811,0.3142857142857143,False,4
0.88287192719551011,0.38881936298965153,-0.26335653235567813,-0.37561419435825882,0.92126192313744359,0.10094773882408319,0.281870780973626,0.0097965270081153688,0.95940236131244616,1.9775054972014801,16.256453898013032,-1.2604015655938137,0.4632896840356319,0.3859840718769332,0.7448275862068966,True,5
-0.53344973897523973,0.8385400917399275,-0.11082369120383603,-0.84147187410412561,-0.53941117457369792,-0.030994674328266164,-0.085769814497527325,0.076720918202392435,0.99335665278450858,14.564811807791287,-15.071940862642711,4.6534189136742166,,0.3283189582120528,0.7297297297297297,False,3
-0.8615041520491612,-0.37627020006667861,-0.34092716603966378,0.42528233300078044,-0.90154866591448446,-0.079655133075188289,-0.2773905788585258,-0.21361352843299586,0.93670898748273834,-0.50568257636916081,-20.782871398086861,0.96863884124872512,,0.1476540501489242,0.1875,False,1
-0.9543965614928237,0.16177041705592082,-0.25091340254404226,-0.12234220213414565,-0.97858092638441674,-0.16556496034362261,-0.27232258258844955,-0.1273173306434397,0.95374562034652965,-27.170238029460393,3.2956418564897558,-8.7524461339422253,,0.2740949464861804,0.1904761904761905,False,1
0.565637042161937,-0.71638771962902659,-0.40846465171299517,0.813864129297587,0.56481063967891454,0.13643357485669286,0.13296584364781938,-0.40960661184875774,0.90252008728493438,11.10701130945699,2.9129033692630992,2.1894530003757313,,0.2413149492143035,0.2777777777777778,False,5
-0.45949311619268463,-0.73432484159225342,-0.49963296847991134,0.86967153919442186,-0.48622536365443259,-0.085183975337623119,-0.18038151259688998,-0.4736580230077676,0.86203862277373156,-20.096933350670376,23.250235378850221,-8.087790574735223,,0.4310314173857214,0.3333333333333333,False,2
-0.2409417987735254,0.9398819581486817,-0.24201023604462699,-0.97045546137780325,-0.23659334927204603,0.047326362233214937,-0.012776818296108813,0.2462630541247178,0.96911880648731263,-12.783426306498153,20.76190993599246,-5.8329561371528333,0.3920542442530223,0.3835536681563704,0.9357798165137615,True,5
0.118217123128169,0.98312223629770656,-0.13962585826521098,-0.98836469128436266,0.13005035496846329,0.07888055650757686,0.095707621544303539,0.12867623583853438,0.98705748439934338,-4.327355065697355,-11.274361558536853,-1.0647550630547105,0.5419256653816087,0.3364672581183896,0.4324324324324325,True,5
-0.3800232318279339,0.90053058466213742,-0.21125105765207536,-0.92315503856431647,-0.38357816285736757,0.02554540569811874,-0.058026873467100448,0.20472532590530906,0.97709795971980073,-15.26785579519956,21.344865230687368,-6.5734182524373539,0.3397148703270114,0.3047685858339352,0.8290598290598291,True,5
-0.75839038303128803,-0.57546688933766998,-0.30607496827032576,0.59819207500946459,-0.80099917396039644,0.023802619827078767,-0.25886341634446175,-0.16503994241027581,0.95170980297971386,-4.276984227989697,-1.3964087438737183,-2.0216581296703597,0.1320119990399308,0.09062995049518671,0.4269230769230769,True,5
-0.95343202063975141,0.20990789116246816,-0.21657806732568091,-0.17667294527136412,-0.97067543406526124,-0.16302107873327104,-0.24444642036230207,-0.11716603146792673,0.96255808585358349,15.285530896158328,17.533906948825813,2.7994585025085654,0.2805536240002716,0.2679654425095466,0.4137931034482759,True,5
0.27095257870349509,-0.87561343485423182,-0.39985724052054,0.96202064020972378,0.26064195090014725,0.081129903497044686,0.033181137780383195,-0.40665327508055299,0.91297980588940764,-9.736344894752456,-23.611649516336879,-1.388270995474246,,0.2965051381856297,0.3846153846153846,False,5
-0.89590342389582212,0.3494562642714385,-0.27429432078187838,-0.37345044034252656,-0.92683133141498841,0.038967315990352761,-0.24060719785516496,0.13734628669523422,0.96085595896123532,5.4834653042923271,2.3239601499017417,0.50246154543782329,,0.09037967738460258,0.4615384615384616,False,5
0.82028648879738653,-0.46151133189159366,-0.33784222180198548,0.54109646525358968,0.81757603401488299,0.19693664944485534,0.18532320844008057,-0.3443497047191158,0.92036872462797858,-25.204636271932021,27.613007135417657,-9.8510191158403675,,0.1972327750852647,0.24,False,2
-0.58247409237548353,0.79721701684774926,-0.15864728097175829,-0.80345123653382,-0.59426053835815318,-0.036339001947683955,-0.12324788932729135,0.10629882689217936,0.98666636568685895,-35.219341958547133,12.445774542937505,-11.862995386350628,,0.2078112781920192,0.5217391304347826,False,1
-0.045527182709468178,0.98147244934868649,-0.1861158424316085,-0.99768788758162941,-0.035262150259444167,0.058098706801316985,0.050459435266793404,0.1883305921207942,0.98080856106784997,-8.4712838079373203,0.12043990722181264,-3.3434602837047773,,0.1507473799577813,0.3681818181818182,False,2
-0.87696277362319053,-0.37419321201018374,-0.30152236030620128,0.4163509330221567,-0.90494642369399425,-0.087885555212617705,-0.23997540342856097,-0.20261147630120102,0.94940001865406964,12.985994233053345,-8.2179995490003055,3.5436617560405033,,0.6037252667491897,0.1785714285714286,False,2
0.95935025042700151,0.097319812988167761,-0.26490743856222265,-0.01456264448400453,0.95448198491190428,0.297912856158079,0.28184220122487358,-0.28194502031172647,0.91709976509109337,-3.2980901525711031,-11.859436842678436,-0.75753904087493573,,0.2095473535699116,0.44,False,1
-0.75241788520180974,-0.50349935866210127,-0.42468308402300292,0.60470357870268565,-0.78363666146875632,-0.14229253215213694,-0.26115303546503388,-0.36387082684512451,0.89409010364640795,0.53293762104875975,-13.486772436050098,0.46683292027809292,,0.3364416024047061,0.1428571428571428,False,3
0.11726977096963266,-0.86859321022409841,-0.48144951549391324,0.99300505649812121,0.095850774744352676,0.068946259870059728,-0.013738944133095385,-0.48616711543820124,0.87375784819399815,7.5784141909594522,21.653338878445268,0.24652561759113772,,0.7690943221529216,0.5892857142857143,False,3
-0.19963496977772072,-0.8548769697769153,-0.47888541989382866,0.97091672140874297,-0.23849499817994582,0.020996569530419298,-0.13216126108185633,-0.46076621229012416,0.87762628645743446,-2.258734875494659,-8.4061054382780025,-0.85655746981630065,,0.2597947142063216,0.3333333333333333,False,5
0.95289853973168315,0.096756751591513396,-0.28744130531063988,0.0036042428630162662,0.94406682235074657,0.32973450588306541,0.30326783939384455,-0.31523953742832289,0.89925116159578422,-25.151278709776594,7.859977684626033,-8.5460547797910706,,0.681362126420654,0.6046511627906976,False,2
-0.93726665513683194,0.19495991179450137,-0.28900147051822467,-0.17405743347018957,-0.97998523924808734,-0.096607146265898683,-0.30205169594356929,-0.04024380261544068,0.95244170915004789,17.117296149367384,-3.9327490502760432,4.4699332977027701,0.348983089132433,0.3182137751433672,0.3432835820895522,True,5
-0.85852633943280832,0.45413292987790038,-0.23810881231196857,-0.45787422311934289,-0.88799064203006695,-0.042706152599923781,-0.23083266732193763,0.072359530592340571,0.97029911781341749,-4.4842011226730607,19.65706241566328,-3.4642644896685937,0.5354477198823431,0.5103068021596103,0.6390977443609023,True,5
0.76476808195459589,0.61362883088084064,-0.19644194749416222,-0.58490693764563695,0.78907365376567284,0.18774089385877638,0.27021039046914819,-0.02867798536686253,0.96237410503286447,-3.659938126265712,-2.1325600015306678,-1.7843287572197861,0.2266346806879866,0.1786420910839549,0.1818181818181818,True,5
