axis_00,axis_01,axis_02,axis_10,axis_11,axis_12,axis_20,axis_21,axis_22,location_x,location_y,location_z,dbh,dbh_approximation,score,reconstructed,number_clusters
-0.14881966868214014,0.98742128676947627,-0.053403264393193484,-0.98773690819124194,-0.14585495703931917,0.055696783604299027,0.047207058901649356,0.061037152141705076,0.99701853525813966,-4.4103127365378239,0.55684516930625017,-7.6444184082619104,,0.1804624480443439,0.2388405797101449,True,9
0.03679126474455538,0.98669891213433569,-0.1583403285060844,-0.99449341528446444,0.05170973262716199,0.091153444846969314,0.098128740918948423,0.1541147635515368,0.98316803744889714,-7.5283484369132196,-8.7043167565896091,-7.1551361034791761,,0.07560083824671894,0.2527472527472527,False,3
0.97121826885020102,-0.18250997709264549,-0.15305287489381275,0.21462779754084396,0.94921836701237317,0.23004217058863449,0.10329560868877984,-0.25627056012738947,0.96106993358319603,-11.485650517627843,-3.4429694560851845,-8.5822773851052165,,0.260834669913239,0.8164794007490637,False,2
-0.9241360509353741,-0.25632528099973345,-0.28331944811816379,0.30826567276317696,-0.93832515137481198,-0.15658283843800971,-0.22570962398054534,-0.23204150623939165,0.94615638507844824,-12.454621972342895,12.21623042061923,-10.707906088979321,,0.1978161323037202,0.3333333333333333,False,5
0.94064578441681324,-0.20501215783921328,-0.27047277755254584,0.29162901098837435,0.8958918615290441,0.33515711598587328,0.17360307661104987,-0.39414183688633592,0.90250439567186835,7.4676894107357281,15.386101859004429,-7.0261820251016527,,0.1924478303025516,0.125,False,4
-0.93431336342279747,0.31827247693959837,-0.16050286400034691,-0.32689491232673518,-0.94459031264213256,0.029813714252606316,-0.14212056580409888,0.08032292129506205,0.98658500550644468,-16.17102030226998,7.0153464150076061,-10.840741580544741,,0.2459760591943736,0.4736842105263158,False,4
0.64430541789261631,0.76345613403440937,-0.044780128175946898,-0.7388593044820756,0.63652145280564854,0.22119531708073975,0.19737643388835391,-0.10943112684889744,0.97420088884279699,-22.002031168019517,3.4031381668432776,-11.515196508797082,,0.4557490949259603,0.234375,False,1
-0.57645785450602838,0.81361266867839932,-0.075701831842568901,-0.81591763979948295,-0.57816755994443969,-0.00082322046540471427,-0.044438125999510927,0.061291908062213574,0.99713015948959516,-13.853217353095916,-6.0776817346275243,-8.7371132532475642,,0.3765145896837689,0.1333333333333333,False,1
0.6604863565886735,0.73496057612529542,-0.15359272216414671,-0.7215123120036403,0.67788011476495458,0.14106216230234464,0.20779258020290475,0.017649406443990517,0.97801367171670639,-3.7250371176154924,13.361578011211876,-9.1179319096986244,,0.1427246485306585,0.4146341463414634,True,5
0.71694439365174212,-0.64585587163349067,-0.26241366101611319,0.69234208062649394,0.70369300232149423,0.15962018004481376,0.081567026457465636,-0.29611881324952222,0.95166195081792637,-0.41447953972812024,5.1056663542888892,-7.315342997429287,,0.070377455459643,0.196078431372549,False,4
0.82685599363513351,0.54005051084574751,-0.15701787008141746,-0.52017044378266464,0.8404981934855118,0.15160968360411148,0.21385012322793656,-0.043683320419126079,0.97588928281468379,1.5332115764271825,6.5190408708910681,-7.1338576420835746,,0.2414374240366046,0.5730337078651685,True,5
0.22652293204158638,0.96774581796656056,-0.11025149916221008,-0.96497901023788368,0.23835622266924242,0.10955282248835178,0.13229841669346099,0.081574155975299489,0.98784755201261709,23.088862393538118,-4.5669762248782062,-1.2850649489754633,,0.3532994827216432,0.2105263157894737,True,5
-0.9511306176513703,0.28455142841753878,-0.11992094375738312,-0.25727986541056158,-0.94502740011238273,-0.20181745189936917,-0.17075602191561648,-0.16110151340806561,0.97205384797200634,9.9096749049138531,0.6480887264967794,-4.6043756502407689,,0.1839525606516038,0.2631578947368421,False,1
-0.507644948735129,0.8515239859050423,-0.13116214184015812,-0.85881462931994734,-0.51228297625715125,-0.0018933312326260693,-0.068804349351983068,0.11168282618874063,0.99135912153202388,-4.9614472640975382,3.8687940452151901,-8.1448596130005431,,0.4580357793524631,0.1403508771929824,True,4
0.86475543368020036,0.48061850066470813,-0.14561557862871616,-0.45367347911256917,0.87198884587500791,0.18389080188924151,0.2153564818399139,-0.092958643968051355,0.9721009599013648,-10.894793300888832,-8.2835456176776763,-7.8655253764569526,,0.09940922485223536,0.3775510204081632,False,3
0.94973367563909861,0.25321366888148106,-0.18408906335963293,-0.2285496395512023,0.96266806650214465,0.14503536119870217,0.21394159861528278,-0.095671477612725181,0.97215017397176606,-15.505685205136542,-9.2461022463594293,-8.7366596211645149,,0.0731370782055212,0.1304347826086956,False,1
-0.22468754437366822,-0.88636326356029227,-0.4048156029775532,0.96822167453186703,-0.24990246344313391,0.0097748520071395811,-0.10982848615017526,-0.38975495349745365,0.91434609413184431,21.1567030197238,-2.8921634032806489,-1.9038125213158121,,0.3260577789442908,0.2592592592592592,True,4
0.72218553829802024,0.67134964129476193,-0.16654641216967986,-0.6621384385979423,0.74062054666163546,0.11425363886414683,0.20005183429370862,0.027764455622509676,0.97939185140560958,-20.064964868223715,1.773558685919348,-10.941777760514974,,0.09105916117582681,0.425531914893617,False,3
-0.36465156928429276,0.92033945331787093,-0.14143734897496724,-0.93113285604291185,-0.35967132930129947,0.060234037520394461,0.0045648018439697208,0.15366139900833989,0.98811301835312682,-10.79940271945272,-4.616907445008648,-8.3302284803888131,,0.0840204926845638,0.2137404580152672,False,3
0.86903482006915111,0.46332282987662265,-0.1735235915444843,-0.44042520532009521,0.88425354157859215,0.15531037545659879,0.22539769303639934,-0.058545960755937806,0.97250616987916016,14.172945799979905,-5.9205916278245576,-2.9714491368541198,,0.269049458493294,0.7241379310344828,True,5
0.58843327408134327,-0.74363095369965915,-0.31742603335839703,0.80638139782124985,0.56844795668172499,0.16314399097796806,0.059121258458850891,-0.35196580124226168,0.93414386020255735,-28.443680524335111,4.1992261701849927,-12.950154381378088,,0.4063286588801912,0.71875,False,2
0.9705376528613352,0.16647577107308298,-0.17419093553923404,-0.10959098048294545,0.94882111287623316,0.29618965673550068,0.21458443880020239,-0.26837345883289104,0.93911085885473256,12.699843019047451,-8.0610372101815599,-3.0198309122254741,,0.2286369771868517,0.2,False,2
0.13041926724767633,0.99138131992187584,-0.012405371438991786,-0.99109841727461045,0.13069903056717849,0.025331614329972676,0.026734659271102197,0.0089912134197726312,0.99960212888673805,-20.206294013759525,15.034260903935007,-12.682577204194629,,0.2371608499516725,0.5333333333333333,False,2
-0.24078285210120978,-0.88400994466874083,-0.40068695494210615,0.95600698956180763,-0.28728252553598693,0.059324416816652063,-0.16755373479268637,-0.36877522727053585,0.91429239180285626,2.9609497785727239,-12.521915122452207,-4.5688929267540832,,0.3707956225127094,0.1875,False,3
0.7953644723202592,-0.51603404310648282,-0.3179689018220061,0.59586366654880685,0.76181633731193177,0.25413059456044584,0.11109386597705662,-0.39159256193116082,0.91340758612049089,9.1360324426992303,-7.2021831214921495,-3.8592707886516511,,0.3763771579415566,0.4736842105263158,True,4
0.6087994885183825,0.79332202751326386,0.0018285081354177668,-0.76951815612016949,0.58996873803205885,0.24449682113736246,0.19288595122810631,-0.15025660986161399,0.96964836977727364,-19.983070827654167,-1.2813353482935579,-10.539414042074126,,0.3497664030920633,0.375,False,1
-0.23524853787648511,-0.89478965209753436,-0.3794859732930187,0.96471240590397078,-0.26247833143985738,0.020859036879036369,-0.11827129542686442,-0.36118776837501304,0.92496232174847526,19.325656172228339,-1.6978385629027812,-2.4139977434660951,,0.5355902406255768,0.1764705882352941,False,4
0.90238084157835385,0.40863177857669364,-0.13685352129043457,-0.36404182329471657,0.89278221268430091,0.26535536852828834,0.23061302574790055,-0.18963119535501882,0.95438862215746589,12.7770141073948,18.204325189383443,-6.1855646174554542,,0.28529468183721,0.75,False,5
-0.92319883090149979,0.33537216644018858,-0.18769504148836841,-0.35193867067303103,-0.93394909416561034,0.062275690218072187,-0.15441208083244529,0.1235499877962439,0.98025114629289978,-7.8663925471394105,1.514264269739956,-8.4078801907183571,,0.1114051803983308,0.6537842190016103,True,5
0.96943495648987676,0.15385866737428236,-0.1911108987192488,-0.13360026266500566,0.98436561826067859,0.1147837070411636,0.20578346617576093,-0.085742871774160331,0.97483399868316434,-14.357919566380261,0.5945287185113064,-9.6239822626831462,,0.09342674375271673,0.475177304964539,True,5
-0.68820728676497511,-0.59477607972519708,-0.41546617844334666,0.69666780598177425,-0.70162967083374439,-0.1495652804439376,-0.202545546858314,-0.39237382684432331,0.8972279985908872,-23.905331251058119,3.0793752041491995,-11.854406166124404,,0.6976852421285166,0.3953488372093023,False,1
0.066316629563340362,-0.96557265680783089,-0.25153836500308618,0.99494967854565908,0.04495506161157644,0.089745081187716597,-0.07534747378146904,-0.25621960670597888,0.96367747267132131,11.623161351683393,-4.1594385842934507,-3.7065573665255278,,0.07864816519559122,0.3157894736842105,False,5
0.71898643504285442,-0.6315169925494265,-0.29024953806284609,0.68894890060983938,0.70267487516904548,0.17775666557027048,0.091694703079632039,-0.32777173143438498,0.94029664122533396,22.760798588127209,-7.2115897661432244,-1.0398944136934285,,0.262060366971464,0.3125,False,4
0.94136388031115581,0.31004243879593729,-0.13307039862790981,-0.26382876925193827,0.92228326605029121,0.28246762235451767,0.21030555237684745,-0.23079701754804877,0.9500022691185499,18.234314635841596,-2.7177825136685465,-2.4835743367846357,,0.08558423643252391,0.4615384615384616,False,5
0.8500546886195004,-0.46287616614350691,-0.25130197208198246,0.5160221389219215,0.82748138471785326,0.22134974607591035,0.10549018200026999,-0.31783677062560495,0.94225878013411868,-7.2904881000319826,4.3276427664518451,-8.6180003701639922,,0.58991994600415,0.7455089820359282,True,5
-0.88736362743376307,0.42517633943133798,-0.17835602904124453,-0.43919789597408998,-0.89719527557030276,0.046323273483862559,-0.14032462677493887,0.11943918068245485,0.98287500794270766,-9.6398134313473207,-5.6740549751986809,-7.9112817680983332,,0.07313196336526971,0.2393162393162393,False,3
-0.35888995891740821,-0.88880812196614956,-0.28498792906940429,0.92295189131193622,-0.38344693924966988,0.033589449292608556,-0.13913232446840562,-0.2509752320589958,0.95794239345638732,-4.8597296256403117,-2.4518682476320395,-7.3469710002369588,,0.1811007295910077,0.3273657289002558,False,5
0.95124671559916607,-0.22702771559916279,-0.2087776386771942,0.25289847867470733,0.96160051422548709,0.10661524527616943,0.17655606912767963,-0.1542169491045158,0.97213429476748603,-18.995679072426352,1.7588686558680999,-10.726154857584154,,0.06660372913458734,0.2954545454545455,False,2
-0.59273038550446855,0.78733639371118669,-0.1696233864701103,-0.80387471915487119,-0.59129730311360551,0.064443271442837902,-0.049559318028017899,0.1745534372862404,0.98339970079726868,-5.7864145404757288,-10.749255883181764,-6.5696340359315677,,0.0907244178138374,0.2318840579710145,False,5
0.91390923525261236,0.37624516234974448,-0.15234660327162,-0.34477047892542267,0.91758866643218062,0.19789986381184843,0.21425038292035942,-0.12833790182026467,0.96831098123219295,-16.616198449642916,0.35205175379086295,-10.031650739578975,,0.1483220582756747,0.2365591397849462,False,5
-0.70002569961802807,0.70271418666333241,-0.12710936919198151,-0.70978783493897113,-0.70424168101689322,0.015648772832082603,-0.078519101159781737,0.10117522710917708,0.99176525658669257,9.9347310524646062,-0.68546961012740093,-4.473020972451824,,0.07599267947210306,0.2571428571428571,False,5
0.83701495507798573,0.52116772162601865,-0.16670384192016438,-0.50354566353634345,0.85286898416529322,0.13804441525322811,0.21412082969562296,-0.03160224333820065,0.97629584066841757,0.21091668340003045,7.0835891031917813,-7.4761431658900186,,0.09264642710218841,0.4464285714285715,False,7
0.12028126988003043,0.99204729993476792,-0.037075204762549663,-0.98510445056042761,0.12389590072319012,0.11924356280331846,0.12288872040218676,0.022180182058024467,0.99217256660411013,19.621818015604749,-6.7047601948618123,-1.785490602267894,,0.1626099190336709,0.2222222222222222,True,5
-0.95368237142634582,0.24406465690467602,-0.17584759788130502,-0.25061931235133195,-0.96795783851082162,0.015734774927039188,-0.16637275830846793,0.059076781525924701,0.98429164335443342,-8.7372271173450908,1.4717633381668249,-8.5919850508776392,,0.2098214233171509,0.4761029411764706,True,5
-0.70704171967132934,0.69114735372872305,-0.1496908216224091,-0.70262804722767924,-0.71053721137358161,0.038088036211805149,-0.080036453527293897,0.13210680030655877,0.98799896731703918,-13.634324730555397,5.7613569547499193,-10.119955306218381,,0.3694890327347473,0.9404517453798767,True,5
0.16601812204016639,-0.87633847797101783,-0.45218232515402002,0.98375044328359984,0.11539337820604867,0.13754793202922438,-0.068359699337963209,-0.46767001218127641,0.88125575811610302,-15.726427837884607,10.754884276025527,-11.251658512378143,,0.4674964021005902,0.3452380952380952,False,3
0.34015007929380492,0.93961474672156242,-0.037710095462518051,-0.92905878137548081,0.34198927075633762,0.14104297017807954,0.14542250274811147,-0.012940882153947508,0.98928500911696482,-10.116295410529457,-6.5099973170131538,-7.9511267238280459,,0.1835175214282704,0.2318840579710145,False,3
0.19995552194435007,0.97308226312119861,-0.11458053256504899,-0.96817237948775947,0.21419234809262322,0.1294754093084077,0.15053249762417989,0.085044383809257107,0.98494031288273065,-5.7051393861411439,6.3607906114963217,-8.5834005612207616,0.4550017067854885,0.1808398266346366,0.5526315789473685,True,5
-0.55453213024421266,-0.76240125754257049,-0.33352427051763733,0.80748195753555196,-0.5898636461261868,0.0058109580339872346,-0.20116412399174927,-0.26609246790585228,0.94272360410801437,3.5252748329665029,3.4799715325098388,-6.3245742793359296,,0.561457615666191,0.8148148148148148,True,5
-0.57679149421327824,-0.75848924328297063,-0.30332431492915335,0.78942823128286721,-0.6130206125257196,0.03176155336559762,-0.21003485390957766,-0.22113298361533112,0.95235789685420469,-5.6014189833518397,13.889681249208152,-9.570406553479442,,0.3007521075060643,0.6875,False,3
0.38026762627204425,-0.88269525259525927,-0.27612610064102477,0.92486142351723777,0.36121423242392836,0.11897741627746958,-0.0052801230189121751,-0.30062163817693621,0.95372886658668432,-26.140879159569725,2.3921518138273736,-12.230228119813479,,0.08870434287615989,0.4444444444444444,False,1
0.873816919562871,0.48206860042268701,-0.063669895336553692,-0.4365712108423031,0.83543865504465675,0.33383803186704297,0.2141251245168142,-0.26391687733770897,0.94047770463045643,-13.477465891901605,3.6128336763980826,-9.7470206178791514,,0.707596397428293,0.336283185840708,True,3
0.50357315729873275,0.86296541995226062,0.041288729876384628,-0.84536766699743138,0.48231827754083367,0.22961399509908792,0.17823462863177397,-0.15053160172090974,0.97240560160862499,-17.564741274408377,5.199454562447503,-10.860692540756181,,0.1371554946323187,0.4,False,1
0.50700075162410163,0.8574206695810549,-0.088204496641459698,-0.84093116658694933,0.51450178841303129,0.16769818956240057,0.1891692652502262,-0.010849197895220791,0.98188455736391023,-5.9448597021277605,3.3218285947855302,-8.2668563514158215,,0.07778337596531275,0.2021276595744681,False,5
-0.97798914323864583,0.078790426295049676,-0.19320793056079472,-0.09075232852089174,-0.99441649578784119,0.053850234661210111,-0.18788627032164076,0.070199014446611738,0.97967895138935623,0.34612491723561067,0.61682390228819051,-6.6721779993946031,,0.07038475440275135,0.3043478260869565,False,5
0.79250036822895809,0.59652594694637651,-0.12688562163103617,-0.57509748070763966,0.80020958811612342,0.17008087126643565,0.202992743812905,-0.061817551769320606,0.97722696250797114,-6.1689783565676795,-16.274000654758503,-5.948171243697125,,0.2210770294072566,0.3055555555555556,False,2
0.62440498739888017,0.7720089520064326,-0.11883008766020908,-0.76111070473604647,0.63554045540364423,0.12961027999941271,0.17558162445883124,0.0095135465131093166,0.98441890757194395,14.898900166752632,-9.4392086849590182,-2.444784326101205,,0.3598221422254245,0.3043478260869565,False,4
-0.43463867470937234,0.88481958954560858,-0.16787946986818472,-0.9005712433791957,-0.42861661826048619,0.072520549842065435,-0.0077883275053863416,0.18270765858958155,0.98313643684250829,-6.1118565510194838,1.174945171909092,-8.0192727529048486,,0.09526247625547744,0.5351043643263758,True,5
-0.15727306491937623,0.97569577303500299,-0.1525874881256486,-0.98609282177262469,-0.14674899458792573,0.078010764872146074,0.053722713067844409,0.16273441882116477,0.98520626217638785,0.29067438846508287,4.8142876024717438,-7.1475151755377633,,0.1748485869779922,0.7238095238095238,True,6
-0.80012864028613417,0.59101933892424885,-0.10242216562544758,-0.58960805702253949,-0.80633145880055035,-0.046817920102063412,-0.1102565104108085,0.022928575318171912,0.99363865783589111,-0.17726171292008708,3.71293197400577,-7.1239565999315406,,0.1264832020458086,0.2857142857142857,False,1
0.38423812864293666,-0.88459158480856004,-0.26430813188938396,0.92323136156541519,0.36746722338355564,0.11230179322188678,-0.0022166458999054589,-0.28716818734787081,0.95787761152262774,-16.662986192291363,2.9476525075947522,-10.42917154481534,,0.1054860283904155,0.4102564102564102,False,4
-0.87937730901566502,-0.35516108786736067,-0.31710589722243027,0.4218900990092338,-0.88994789320066647,-0.1732093870021941,-0.22069049083807082,-0.28610024301382508,0.93243893001154954,-3.010233169294243,9.3619997550979193,-8.4326311039721844,,0.4018627912199924,0.1282051282051282,True,3
0.5342069235876844,-0.81059926646991842,-0.23989954562152285,0.84469562779527918,0.52304143617973831,0.11365277129299123,0.033350549838375848,-0.2633561946062179,0.96412201281166232,-2.6432786931350396,3.8574940163976277,-7.6674651995018488,,0.0669446589546776,0.2680412371134021,False,5
0.96801044316495988,-0.081645263800520368,-0.23725478461460084,0.17299615481834602,0.90206666276986702,0.3954087332587648,0.18173638144753521,-0.4238039485636933,0.8873342666888151,-23.983819512700496,1.0374052684373605,-11.636233535849115,,0.1217307035372099,0.25,False,1
0.81356020693290554,-0.52748122571261458,-0.24471073988692096,0.56903571337160763,0.80881514602392868,0.14837929933098953,0.11965845813377435,-0.25996464390952756,0.95817547313320373,11.214122306817854,2.1396296319633739,-4.5296687938915596,,0.0690370474212941,0.3684210526315789,False,3
-0.77612185958683,-0.57569607337419826,-0.25731088234470439,0.59413354641353233,-0.80433142746684749,0.0075022540094235313,-0.21128224747375116,-0.14705436372536784,0.96629955293985681,-12.831770857125447,-4.4048823013093976,-8.7521893953929286,,0.06314655186378672,0.2142857142857143,False,1
0.79763458522542008,-0.55514943750470813,-0.23577143696910596,0.59354841836296446,0.79193117569856275,0.14333627599290705,0.10714169828360168,-0.2542717345575351,0.96117976544141148,-10.674846199137351,6.3456580155254887,-9.5888048072146539,0.4968215240861603,0.2798243370794027,0.2037037037037037,True,3
0.3233078641257916,0.94444679438161461,-0.059095495401177811,-0.94297442311561919,0.32677104788084149,0.063402836029800361,0.079191302200328439,0.035226905188344843,0.99623682064390051,-1.3066223196934332,17.922571988206176,-9.1888016784272697,,0.6099743540607365,0.16,False,2
0.73491588722556744,-0.64260229773141808,-0.21670469688901681,0.67245521074319148,0.73188254648924944,0.11023578225214994,0.087764618427862581,-0.22673823033338636,0.96999337454309331,-11.2502804551034,-12.328811821763546,-7.4984227315741849,,0.07899587959735806,0.4745762711864407,False,2
0.91664268175675256,0.34936835742748562,-0.19418533623888856,-0.33042511888417148,0.93569187422691524,0.12369299622899063,0.22491206013055581,-0.049218566965572308,0.97313518992670567,0.73812846497334239,-3.4747008692008508,-6.0602660226713008,,0.3028464296558452,0.2857142857142857,True,3
0.78844473536787807,0.61272631245680897,-0.054049655815348679,-0.58694401294438725,0.77572046125715544,0.23185014913888885,0.18398811086430539,-0.15107690760029063,0.97124875446536207,13.710752423716926,1.7764582293705398,-4.0030043177017394,,0.4384636535489657,0.5833333333333334,False,3
-0.014461941395034197,0.99549364129878615,-0.093719060946911514,-0.9966517800109076,-0.0068080334332627362,0.081479323032668111,0.080474105476090241,0.094583618108295575,0.99225896697050198,-0.75349204343006049,8.7584017139408576,-7.8598453100700434,,0.8201268695552093,0.8547008547008547,True,4
0.97208078272317333,-0.071960186172164708,-0.22333983851155795,0.14415169904876213,0.93416542628568799,0.32642800736737104,0.18514653526776156,-0.34950921009115726,0.91845744187730205,-23.920692931346352,0.59720300073384802,-11.600666700863945,,0.07458703403282875,0.2727272727272727,False,1
-0.54726834235146216,0.82373150762048686,-0.14820177061412998,-0.83555943702805546,-0.54795020096032088,0.039887397269108046,-0.048350684103148189,0.14566049780508239,0.98815243294035049,2.4845428742115745,1.9632240947677042,-6.3753455259413538,,0.1580365126989934,0.4117647058823529,True,4
-0.21162114758432476,0.97730418209877645,-0.0096449752377064379,-0.97370755668693876,-0.20997041093630042,0.088351686922172712,0.084321313710389451,0.028088470650494274,0.99604264661241848,3.9232043358677169,8.2605247122486141,-6.8540003340362556,,0.2240661251857891,0.2380952380952381,False,5
0.37022351265845627,-0.83101580850303525,-0.41514729517712246,0.92890997709508127,0.32743236566447514,0.17295751029828405,-0.0077977642981471723,-0.44966740145735762,0.89316203621657486,9.6659626946850619,9.3692013089381447,-5.811880258455532,,0.2514032589313694,0.2,False,3
-0.39014646484995691,0.90973232912512947,-0.142031071634517,-0.91929936644870913,-0.39353217432782828,0.0045937583539202714,-0.051714705955693108,0.13236131275179966,0.98985154042135881,-2.7394219390518848,-5.6076023421597139,-6.4807179105806654,,0.1868224457076996,0.2093023255813954,False,3
-0.51201321436244462,0.84778686703032846,-0.13820237483176201,-0.85896327108518356,-0.50626271537569267,0.076682214020418221,-0.0049565355723776294,0.15797307084225409,0.98743098069879753,6.1738479981317491,4.2024443487120733,-5.8608385990939142,,0.1684000196270859,0.5333333333333333,True,4
0.97567967584469051,-0.065367331888239275,-0.20922782335390788,0.095207908736343091,0.98613916070781782,0.13588601779629178,0.19744524369468475,-0.15250136930629421,0.96837942362591201,-12.473153020960538,8.1794084530081452,-10.202849446690783,,0.4445003344540933,0.9366053169734151,True,5
0.30724813933380052,-0.91387166640298079,-0.26539999664988279,0.95135282176680491,0.28824783903866102,0.10881632141311096,-0.022943177466445454,-0.28592264799309347,0.95797800077682482,-4.137025327888832,2.2335538808597621,-7.7816118103523371,,0.1466070394810772,0.2385321100917431,False,5
0.66754709379786104,-0.66409462687215803,-0.33668858626564568,0.74122924984721428,0.63550148145778818,0.21614131080358645,0.070427812211979218,-0.39384793210639801,0.91647352915539704,-3.730296271789558,6.2759619880131217,-8.1708224402724294,,0.0738295009206663,0.2571428571428571,False,4
0.12426628253136388,-0.94599070442355748,-0.29943192576954281,0.99060569616282501,0.10091688528666759,0.092282918212432979,-0.057081045501990085,-0.30808662646771812,0.94964434649827767,-10.484566161342245,7.5089138699145996,-9.6994468723300695,,0.09018568924496038,0.196078431372549,False,4
-0.88589223418419538,0.44156536678534392,-0.14217938060020602,-0.44175012701164074,-0.89656717806768493,-0.032001882709402962,-0.14160428912053724,0.034457540067043838,0.9893234573359686,-13.329243948758037,0.49343901121323752,-9.4139286304025322,,0.2648609627801811,0.2558139534883721,True,4
0.97926557184205765,0.072773243327947032,-0.18905817850698492,-0.045434105579428709,0.98837126774232065,0.14511367665259822,0.19742006446925528,-0.13351513830636924,0.97118434191866254,-10.215339086993929,-15.739902329838252,-6.9368890481022047,,0.4781729286703923,0.6527777777777778,False,4
-0.76100174422876743,-0.5961769052359065,-0.25583088739265192,0.61387668934111983,-0.78929035093923683,0.013272234092407395,-0.20983745033802043,-0.14694842488966731,0.96663043861554743,-20.846804820796002,12.551042224513388,-12.44213177815419,,0.2082774398694499,0.5333333333333333,False,3
0.97592540247203807,-0.069399854624119323,-0.20676863637394766,0.10851567181497257,0.97685955860045459,0.18430884878776244,0.18919291154886295,-0.20230932491873976,0.96087302973420363,-6.3509844874182688,2.3681830957147483,-8.2227976397791362,,0.07271907735294733,0.2936507936507937,False,4
-0.47183911540554963,0.87102335634417605,-0.13669733675618953,-0.88151796510181801,-0.4690602766836971,0.053930826436868133,-0.01714428114732669,0.14594783157121621,0.98914372266299166,-1.0970335516811449,2.7860511492262852,-7.2310867358579181,,0.07166417150262819,0.2978723404255319,False,5
-0.9781876106285835,-0.061217169095992806,-0.19849800155320196,0.050670117142286836,-0.99704204950609354,0.057790057496731044,-0.20144859801331272,0.046471601269605221,0.97839606123180467,4.5868814429259972,11.113386250446535,-7.0719300326628742,,0.2167667546968501,0.7631578947368421,True,5
0.62544736335657491,0.77891569686957296,-0.045890443890827914,-0.75550079441740214,0.61924763128937688,0.21389464878105652,0.19502344809018224,-0.099109577300504625,0.9757782260238913,-23.834939124428395,-1.7950059296605465,-11.231552147183359,,0.1653436423226253,0.2727272727272727,False,1
0.34134598463967081,0.92641288651747089,-0.15887757067862415,-0.9276383903644051,0.35928688366326833,0.10198015468547203,0.1515583567227799,0.11257041761450753,0.98201729393406612,-8.6436847800207914,2.3718216456243226,-8.6911948016588028,,0.3900161744662466,0.9229910714285714,True,5
0.92517711653206547,0.34355964568750869,-0.16128878727452198,-0.29732793256476586,0.92020401975306998,0.25459902306775095,0.2358885405486553,-0.18759352836749071,0.95350158078131186,1.3636389721315081,5.4060641144632049,-7.0340175208763345,,0.2519096925583876,0.3205128205128205,True,5
0.89391638532944495,0.40699014922660925,-0.18780978268461593,-0.39296679924835221,0.91314034219237883,0.1084057662179088,0.21561676819775799,-0.023102681517279774,0.97620473025829302,9.3552772268252102,1.6209804373997774,-4.8616262753433244,,0.1029739415181957,0.3055555555555556,False,5
0.21717241934147169,0.9747445831777426,-0.05204937889178321,-0.96908408711846672,0.22169399677364435,0.10829498551777389,0.1170989853548674,0.026921540820982304,0.99275528619528586,7.0533866098645808,12.94710464283942,-6.7887846726143755,,0.3452045176902078,0.8148148148148148,False,7
0.97781368980023542,-0.03281518449993881,-0.20689019238592235,0.08457180952302322,0.9654254017214724,0.24657940454331384,0.19164549844243792,-0.25860579532788647,0.94678141381713909,-2.1382298758486096,-6.6694068849972625,-6.3127577715868419,,0.1569049835136412,0.2173913043478261,False,1
0.10324452149142696,0.98714708386714645,-0.12198853878375431,-0.98870702567835178,0.1152458089684793,0.095795724797446774,0.10862313821775574,0.11072054158009716,0.98789775559818771,2.5882261099456461,-4.1439833079561827,-5.5721492404596997,,0.1307039430821997,0.2333333333333333,False,5
0.83691150935109659,-0.49640408570850209,-0.2305690985530735,0.5378898417816147,0.82386191255128804,0.17867867011897301,0.10126027663314163,-0.27355901143855843,0.95651023185167194,-13.752397220984971,-12.193880207939317,-8.0513725782905379,,0.2164672298343408,0.1666666666666667,True,3
0.38733533349273547,0.91176207298678968,-0.1366062285948339,-0.90838168791818685,0.40274395632438559,0.11242781995168118,0.15752475514336717,0.080543329376267236,0.98422493547461454,-9.0544920210505975,6.2210142192089757,-9.2413549733704539,,0.1964858771054807,0.3333333333333333,True,5
0.17279305596678676,-0.94761506816122754,-0.26864147558307422,0.98404632423114946,0.15435477318526816,0.088472796734863232,-0.042372061276540661,-0.27964314150130154,0.9591685575718486,-9.8018539282063095,-2.8023843604490613,-8.3091866476898719,,0.1032601002035713,0.2981366459627329,False,2
0.67877940320037411,-0.66164485171251652,-0.31856649540286952,0.72944863067958143,0.65750552289278652,0.1886562550385415,0.084635790246371662,-0.36043387405709504,0.92893713750800533,17.247828634695999,-3.83578675694325,-2.5513506448895784,,0.244471200412025,0.1904761904761905,True,4
0.84350631511036722,0.50551841019872501,-0.18151648222429509,-0.49425162156522745,0.86281579755784044,0.10613309599163935,0.21026752233541099,0.00019087896901100188,0.9776438679888223,-2.6604676274626549,15.955176566617753,-9.2230409385259122,,0.4316278689732999,0.9135802469135802,True,5
0.80332099002598623,0.57799920028122764,-0.14350021413897282,-0.55598329019510495,0.81421685554975765,0.16713315997279249,0.21344312593169978,-0.05447785433482695,0.97543538759857285,-4.263749299264405,-7.6763166183233604,-6.560763758614848,,0.06886260623421354,0.2615384615384616,False,5
0.97706579666276316,0.086616560380636906,-0.1945250638339123,-0.061199176505850765,0.98921447647056726,0.13307659574871733,0.2039536461717856,-0.11811981632600549,0.97182849269011706,-5.1743855178557547,-5.0320510142842254,-7.1054473148009523,,0.08207002719307759,0.4514563106796117,False,5
-0.39303199841295328,-0.85764176887863108,-0.33162696587921536,0.90809193249903986,-0.41871826933825457,0.0066372473614921268,-0.1445506497864365,-0.29853912171960117,0.94338724946291774,7.2217769424952136,-0.36987498047393758,-5.0846484182984888,,0.09098617298226652,0.2857142857142857,False,4
0.78447788656888706,-0.55962957560925675,-0.26722496812202257,0.61266968530471788,0.76612109727765643,0.19415025370752922,0.096074461710856596,-0.3160272178301784,0.94387313522394856,-30.379798980180237,2.076868496944198,-12.997723146820944,,0.3294607311171884,0.5666666666666667,False,2
-0.97914882031000761,-0.017769130300673244,-0.2023656237948491,0.017732602532208715,-0.99984077742756527,0.0019936400068001348,-0.20236882786870958,-0.0016363989121552453,0.97930801064100614,-1.1621216698613319,12.466819829631392,-8.45085320953382,,0.07864738395213115,0.2777777777777778,False,3
-0.73995930114222641,-0.58193389015866814,-0.33736209054650579,0.63864032677145832,-0.76525794961627902,-0.080739108060066317,-0.2111841984485448,-0.27519668972189587,0.93790618736191189,16.560438018545302,-5.2806172563340921,-2.5774422529186189,,0.2793443360667597,0.1,False,4
-0.39882242365577891,0.91650310537692703,-0.031027926514355125,-0.91699357908453283,-0.39828512606648225,0.022175082230856846,0.0079655701032175369,0.037296329426046854,0.99927250212555885,-9.5433134683123111,-11.741091614540522,-7.2360046238639217,,0.1168646624521789,0.2631578947368421,False,3
-0.37028982010233447,-0.82440617111545766,-0.42806531529117442,0.91562700957144849,-0.40159771247146042,-0.01861334684943422,-0.15656509340152397,-0.39884049739769656,0.90355610183526014,-4.2851885746212162,11.91277851941925,-9.0078433515865832,,0.2600789935369898,0.25,False,4
-0.21450873001691181,0.97510596884716039,-0.056163638282904715,-0.97633067856503053,-0.21244027543245475,0.040589844381696667,0.027647980745060738,0.063541159045331044,0.99759616592481826,-6.1898888318777905,-3.6267833864589365,-7.4686730614560073,,0.4132382246160832,0.3091216216216216,False,4
0.12714969473735094,0.97993263448460488,-0.15350891505141326,-0.98570029352020661,0.14208855174457979,0.090585731863842403,0.11057977429158801,0.1397958344700993,0.98398640142149929,-12.784766959931563,1.5465414223473608,-9.391127005209734,,0.1950411440460837,0.1879194630872483,True,5
0.54025760552380386,-0.81021531374821043,-0.22731666248116564,0.84075319967134565,0.53108678796594222,0.10526576314459557,0.03543694281511714,-0.24798784045978622,0.96811479384833854,9.9839278000807692,-6.4289057318858873,-3.7532883517934894,,0.07050901460866993,0.2307692307692308,False,4
0.039154192343922471,0.98700132284254805,-0.15586961836405694,-0.99478729149427492,0.053201282184207901,0.086993495477776878,0.094155158665793923,0.15165095542401941,0.98393942588738781,-9.6584474626360812,15.408917302419079,-10.603320063752493,,0.1569729184355044,0.5862068965517241,True,5
-0.35588392194635049,-0.84481734451927659,-0.39953759334946326,0.92165515548716459,-0.38800967931471569,-0.00051295420962357841,-0.15459110085646438,-0.36841843487736697,0.91671666744883451,3.7395450194230935,10.179032794707933,-7.1377781354612795,,0.2189783513847323,0.2352941176470588,False,4
-0.057306151272610725,0.99392972042233285,-0.093913342436017663,-0.9947210061773355,-0.048823645428832524,0.090257251878115549,0.085124173393170771,0.098589870211009525,0.99148066677868529,11.941762572562075,0.7235877785849828,-4.1745820963679154,,0.203225014006303,0.4482758620689655,True,8
0.59248802708310488,-0.77527967986423829,-0.21885921445709255,0.80411026376127881,0.58556293678634574,0.1025803625257703,0.048627373740910987,-0.23676457727404204,0.97034937701392254,-6.2011640852665026,-2.4356287122565909,-7.582053036580942,,0.09825303945421897,0.5354058721934369,False,4
0.97516181627249421,-0.083165730524385362,-0.2052873433762466,0.1276395749173341,0.96846434121677949,0.21397420103010684,0.18101815102097885,-0.23486225975642763,0.95502468446792088,-7.7778585242757128,-7.5288918469604305,-7.3137486961033842,,0.1097127690231302,0.3076923076923077,False,2
0.63860342094115807,-0.73100241414351586,-0.24046026964678052,0.76708303858314575,0.62962200784564282,0.12312489250541397,0.061394484119492145,-0.26308097185614465,0.96281832116289112,-17.510233307574421,9.9864928165519711,-11.41767516356972,,0.0735883499578232,0.3846153846153846,False,2
0.82874284429827705,0.53998672706975059,-0.14696813468538328,-0.51669940491043465,0.8391844276286291,0.16967976128817802,0.21495818893358043,-0.064682540257083115,0.97447890998024489,-1.7528127425842746,3.7520006699869466,-7.4617068017363302,,0.0667636491814593,0.3378378378378378,False,5
0.81399061436652431,-0.52735015766795312,-0.24355921442391396,0.57027299100702222,0.80524473035389321,0.16238731466833001,0.11048979795037125,-0.27107699172905003,0.95619520449749973,-12.883655320596496,14.847847444565399,-11.165912301301528,,0.1767924867102483,0.2727272727272727,True,2
0.28463309481701077,0.94942506873368016,-0.13257465894708581,-0.9476955158481184,0.29951513084473341,0.11029005230042371,0.14442025680720336,0.094248210885447298,0.98501779890955898,-8.4441999983788119,-13.655122937943938,-6.7676614302316223,,0.1899405441081999,0.2727272727272727,False,5
-0.87500697557926044,0.45210766401131214,-0.17309376889383016,-0.46387419956619985,-0.88530131676756574,0.032593028494332224,-0.13850458355034179,0.10881286078331651,0.98436590842211602,-9.6182065197209514,13.829922328322439,-10.363729851141574,,0.09107400334276983,0.3571428571428572,False,2
0.96246880451766936,-0.17175236544624747,-0.21013073381575531,0.20368086219024786,0.96882366832446287,0.1410489492047669,0.17935413769346495,-0.1785548225558479,0.96744522771797459,3.8276700762691851,5.2184659758854819,-6.4960191068258553,,0.9528932249435116,0.759493670886076,True,4
-0.30259849961144458,-0.92979190959145985,-0.20957374093900921,0.94224347924903817,-0.32494531773075891,0.081165055889374088,-0.14356661814492871,-0.17290906668860487,0.97441832947215512,-2.4031857503674665,7.1566157485484396,-8.0314863305675868,,0.1383362295882593,0.7256637168141593,True,5
-0.94164749909144829,0.30215899158746168,-0.14832373801138576,-0.29304725929380809,-0.95271249392768143,-0.080387858128487963,-0.16559979249748322,-0.032231160651559371,0.98566620161586371,-2.8183868446420348,0.12905745825142678,-7.2457687034773128,,0.07187882712153462,0.2350993377483444,False,5
0.017595977425957705,-0.93512453634637127,-0.35388201861836488,0.99635040847842038,-0.013167311741246987,0.084335552564701433,-0.083523919348351267,-0.35407446028270995,0.93148002204674107,-18.547403367131999,-0.20947948660293725,-10.368558911954587,,0.5208350082978046,0.4857142857142857,True,3
0.81443200286884365,-0.52147104802365296,-0.25449648087185145,0.56795155977451073,0.8062480382293592,0.16551473227785415,0.11887614753491901,-0.27934216818164526,0.95280449968649561,-14.260962077885235,10.773923377457153,-10.878593400817733,,0.1652263081419538,0.625,True,2
-0.043798541858988779,-0.89163174580155979,-0.45063790076943983,0.99292723088935853,-0.088674122465764393,0.07894564055928166,-0.11035035971583909,-0.44399293900217346,0.88920923759641379,-27.493277827901391,8.7048860447774405,-13.264700203487145,,0.2960186054835209,0.2173913043478261,False,3
-0.0067926523902434449,0.9983812334598724,-0.056469217708844527,-0.99457337775919319,-0.00088251635184351251,0.10403373211395377,0.10381549078135925,0.056869445575214589,0.99296939028038167,-3.3184388332422641,5.3814770741955504,-7.9502008734103322,,0.6274593020084815,0.2280701754385965,False,5
-0.77901077347888847,0.61351281075704323,-0.12939955888957927,-0.618166353802444,-0.78602968129238304,-0.0052629985738036483,-0.10494081108137543,0.075890520912618664,0.9915785672377132,-6.9151726951544479,5.7865062322505363,-8.7493505971688208,,0.07402984521785791,0.1506849315068493,False,4
-0.12103809934599746,-0.95489931768551195,-0.27114031716152481,0.98664582024758274,-0.14572342033367458,0.072764759013066838,-0.10899451314026294,-0.25871215249771123,0.9597855063790649,-12.997918687622549,9.8571295581193557,-10.537979067053953,,0.1018138272297479,0.5833333333333334,True,4
-0.27732470519449337,-0.93040260244879414,-0.23967061823531829,0.95014142952256764,-0.30259797766159208,0.075271029087738014,-0.14255620573514108,-0.20684646787321972,0.96793195366966478,7.7347633066533481,0.63989027290592748,-5.1016983976590042,,0.07679582784031039,0.1333333333333333,True,4
0.78512142619335135,0.60549747794510733,-0.13021962346064564,-0.57917405677550715,0.79227630427753659,0.19197830512464076,0.21941230159295896,-0.075306453126159092,0.97272153262238314,5.5963182199981754,8.1786343381889139,-6.4634051772451677,,0.08307198898853276,0.3461538461538461,False,5
0.30588275187759667,0.94515801814695855,-0.11450791604209147,-0.94073163239418578,0.31855212494641427,0.1163981937363919,0.14649142608616772,0.072117018966663921,0.98657964587690672,3.9360204824167129,-8.2391598109875623,-4.7895263927539196,,0.207355382771971,0.2857142857142857,False,1
-0.83300788268460302,0.53185611505665653,-0.15240387220197565,-0.5398010278260329,-0.84169030646290566,0.013125485299202003,-0.12129599228034746,0.093201399577589925,0.98823113762596315,4.689309740646733,-6.1617863027075064,-4.9329025541256293,,0.7785449969966353,0.5277777777777778,False,3
-0.0068697784800052647,0.99135758354116821,-0.13100743375493062,-0.99625653492746435,0.004504555684562035,0.0863285908167616,0.086172633463059659,0.13111007029782862,0.98761552575308409,0.91279637704288308,9.6747295464430909,-7.6335545528687163,,0.2240732723920787,0.3181818181818182,False,5
0.80683038997751044,-0.55286846272728174,-0.20823348609267792,0.5803937868138993,0.80758355289538686,0.10465112192750101,0.11030763362777422,-0.2052931270511385,0.97246437361427518,6.115932828564044,-6.7026234372174445,-4.522201286096827,,0.07362286895545174,0.1714285714285714,False,5
0.88748197910494908,-0.39981934061935182,-0.2291729295328549,0.4385203798040892,0.88556452875773406,0.15321665021325639,0.14168843728562189,-0.23647401606265461,0.96125148970847318,-22.39127951490951,-0.16160137328183222,-11.14865946652278,,0.246496347045254,0.7448979591836735,True,2
