axis_00,axis_01,axis_02,axis_10,axis_11,axis_12,axis_20,axis_21,axis_22,location_x,location_y,location_z,dbh,dbh_approximation,score,reconstructed,number_clusters
0.98625660957851935,0.015161105863716239,-0.16452367893915043,0.046504667160400331,0.93004807430333336,0.36448305230416567,0.15854089691617063,-0.36712493834340643,0.91656099832546112,13.495974594513573,-2.921124258528184,2.4437549095098556,0.8622055239859604,0.6644137964644803,0.3166666666666667,True,2
0.97689457786900202,0.027550170739562688,-0.21193860389831076,0.059949586055888224,0.9165215743290307,0.39546713001356043,0.20514148985973507,-0.39903532660862945,0.89369333513038585,5.7020645129965501,24.468150946619069,-2.0593151464292565,,0.2085684722165682,0.4375,False,1
0.41856136972326374,-0.87533988101464955,-0.24204642629182677,0.90802639398921192,0.39831464690546253,0.12974401673882946,-0.017159475351371606,-0.27409037700334549,0.96155083986226653,-11.265166554754829,-2.8703455055252913,-3.8512048682231108,0.1479317828502852,0.09942427378400794,0.4339622641509434,True,5
0.97517955651428279,0.076717437026321472,-0.20769994562521826,-0.042447294704091032,0.98543163547468093,0.16468976585689563,0.21730867384646721,-0.15178579202879125,0.9642292329157427,2.3135821767646636,-3.9066730155014868,-0.25718938804610719,,0.09552597711407332,0.375,False,5
-0.84477686340792635,-0.48321866841708055,-0.22989512727304226,0.47596857518898206,-0.87485843836468302,0.089870063172770492,-0.24455258429064894,-0.033502706089674386,0.96905706859886898,1.9666510525458663,3.5980549892039386,-1.060457093791813,,0.06970499526307297,0.222972972972973,False,5
0.030409465621992499,0.99919478741494494,0.026173291795038994,-0.99164926299394973,0.026875860172602937,0.12613257843848169,0.12532758516839734,-0.029790349826514323,0.99166805507340661,-20.202376091532759,-5.0316050749224939,-5.5254456240940426,,0.5131893501845415,0.2173913043478261,False,1
0.95711828812409816,-0.18465758111959382,-0.22321774184293244,0.22642697167163744,0.95747582481754601,0.1788040027224603,0.18070807684774079,-0.22167909830433413,0.95822907925869694,-2.7107645600063064,-2.0715964816167287,-1.7089999181007001,,0.08672449542307817,0.3212996389891697,False,5
0.40243309393066062,-0.8793778530701446,-0.25444487897998735,0.91526083343108511,0.38085520131183909,0.13132753869906733,-0.018579873423482524,-0.28573397971445891,0.95812884370532625,-9.3979451426545886,-17.444934405041892,-1.6382215985554236,0.3069755057426806,0.244068662872327,0.4666666666666667,True,5
-0.58574475252204461,-0.76538589147588154,-0.26662243345705078,0.77805882049769703,-0.62313967372306778,0.079507351094361023,-0.22699682098792029,-0.16087692240336876,0.9605160379188884,-12.684692641407263,16.850687768219419,-6.0115253794500934,0.2356096448135181,0.2696143518673355,0.8545454545454545,True,5
-0.46445312327305055,0.88007346072983283,-0.098762341005687357,-0.88559764950121522,-0.4615161771016878,0.052149990137741686,0.00031540423499090697,0.1116849228520071,0.99374361810665712,-4.0412089887273366,7.6787698000904028,-2.8779037713193478,,0.2456998457877426,0.2580645161290323,False,5
0.48730594490079993,0.86663530886846263,-0.10712682897763499,-0.84645142377174831,0.49894211821622853,0.18594824512396863,0.21459940181444789,6.3971619490621467e-05,0.97670215145074468,-10.808167734846128,16.685468590692004,-5.4764095903922563,,0.08728057420266429,0.3125,False,4
0.82756316799195651,0.54288481763083962,-0.14288204145044364,-0.50701209693377425,0.83207590902293371,0.22491868572102935,0.24099364420235966,-0.11369149664591441,0.96384454506132777,-7.9768949156652118,-4.9227551690095055,-2.8422019795339168,,0.07776607941303186,0.3939393939393939,False,5
0.019501245419103704,-0.97191695317629589,-0.23451468515981796,0.99331770679164333,-0.0078526841642352838,0.11514455577927694,-0.11375251558226805,-0.23519305151283998,0.96526918199991418,0.2301347837787196,9.2560541743034968,-2.0010892084098351,,0.06944466969473992,0.1475409836065574,False,5
-0.93157745462130104,0.33126321442966888,-0.14976023773692662,-0.31940209111980539,-0.94253599358444518,-0.098021451662776551,-0.17362531563569067,-0.043480841338520732,0.98385144519226109,3.2431187063817943,19.882157912606203,-2.1993172260870724,,0.2980577623256468,0.2666666666666667,False,2
-0.026535650990288685,0.98417443953809991,-0.17520425732951883,-0.99294599752729817,-0.005688897321540036,0.11843091843679758,0.11555996374627336,0.17711100758318679,0.97738302920187237,-7.1844992335674123,18.685541423784699,-4.7017576481041132,,0.113117751529704,0.2857142857142857,True,5
0.34544310456559613,-0.88495561796648581,-0.31228611198328848,0.93771775180258277,0.3124543449948784,0.15184762180598185,-0.036803253421318183,-0.34529094474569944,0.93777379149463846,-7.8554823320284948,14.84455574014097,-4.4734429224318895,,0.07471929799379608,0.1739130434782609,False,2
0.59880197448120109,-0.72831410488503301,-0.33315876092777058,0.79955743596956641,0.56767370677320905,0.19609811122021861,0.046304448416837743,-0.38380350084890702,0.92225309475920703,7.1061583330562748,5.2142522846568147,0.088859845463345272,,0.335777580785025,0.2413793103448276,False,5
0.58223108234834098,0.80617867323165171,-0.10527541770961291,-0.78398866717982807,0.59100703458545634,0.18992749880968396,0.21533401143590064,-0.02804695878271643,0.97613760895785817,14.981725613404993,21.356533644328447,0.37316437982579048,,0.3113587120060048,0.3611111111111111,False,5
0.80535511808133886,-0.54844286333359904,-0.22497457509380014,0.5860990381941531,0.79356058308229149,0.16355280005546169,0.08883158902148186,-0.26357546668181453,0.96053991179720477,6.5940103163700146,12.609122224281011,-0.79461542744863067,,0.07496854434960826,0.15625,False,5
0.79217922739206237,-0.5595952013633344,-0.24352675889857292,0.60120845960027869,0.78414750321660731,0.15382158920067168,0.10488307677397074,-0.26826461527806689,0.95761873227090488,16.132445341603766,5.4553541070444558,2.1717002746137974,0.5232656956055484,0.3863755068678162,0.5238095238095238,True,5
-0.48176317919521533,-0.79025656545085798,-0.37868034004095397,0.85141324841918409,-0.52437743550801985,0.011125895304438055,-0.2073637373988314,-0.31705341173349061,0.92546064990368004,-32.929153422483061,29.469333349295521,-11.808540205876925,,0.2900423378335258,0.4583333333333333,False,2
-0.38991726260917309,0.91936164815886467,-0.052332477621311435,-0.92069533635640421,-0.38818056037581966,0.040446880694097409,0.01687086040891464,0.06395320508723959,0.99781028338463851,0.88495902762702094,18.98201925884274,-2.6775414616249136,0.4865079426682716,0.3567072920479591,0.1538461538461539,True,4
-0.54490899231769896,0.83843154493874927,-0.010331241112809086,-0.83844554813360161,-0.54496944452499774,-0.0041674151531328751,-0.0091243030557437294,0.0063913211260664127,0.99993794712872508,14.636297296451978,4.3213029084126031,1.9428958194998134,0.6573951851202308,0.2984408150193661,0.1538461538461539,True,3
-0.97667307392758951,-0.035278818688312813,-0.2118138607758949,0.017473121406701094,-0.99619746981144175,0.085353917130896462,-0.21401961754273771,0.079661823311034094,0.97357567616165375,0.31062032803077055,4.0837309503084889,-1.5042360583300927,,0.07833327827562006,0.4827586206896552,False,5
-0.96838209134095377,-0.078794309143771141,-0.23670146179665866,0.081201780478781876,-0.99669759278517023,-0.00042353668255259991,-0.235886404901162,-0.019630725478228934,0.97158233752986789,3.455710911413945,24.434180191781248,-2.5379023263900056,0.3167982158974012,0.2852041665354316,0.5833333333333334,True,5
0.12659295197106954,-0.91831540642598075,-0.37506138008589618,0.98747048683504191,0.080753814743563163,0.13557602676774647,-0.094213916917921081,-0.38752501303148013,0.91703222524289485,15.550156879815361,7.5315142615914823,1.8234614708976522,,0.3026376542463902,0.6206896551724138,False,2
-0.7377281331180523,0.64370922895546001,-0.20345916092356092,-0.67072105404648619,-0.73312938318003673,0.11249255609518435,-0.076749392602958183,0.21945326626784262,0.97259950373185533,4.840282414201595,2.3895127402850749,-0.25697207106987696,0.3307188890222464,0.2554265520794856,0.9283667621776505,True,5
0.71400433809603725,-0.65158738675129002,-0.25618681192962556,0.69469837028108894,0.70486016323988465,0.14340963916781527,0.087131966056319274,-0.28036766522562606,0.95592990997619309,-15.157653441132393,19.164489998271598,-6.9086572857401034,0.4129948915358688,0.2931082618802752,0.8529411764705882,True,4
-0.39493661297202826,0.918463391209419,-0.021214870781516681,-0.91839188716016584,-0.39408920888861304,0.035355862822688391,0.024112514024299356,0.033446889924792361,0.99914958450763869,-14.774196240038915,-1.3438056760168471,-4.7229052777592457,,0.467610525414527,0.16,False,1
-0.43800600373199799,0.88397839472133499,-0.16350210506478619,-0.8987467584965777,-0.42652115079746911,0.10165614597404665,0.02012473072165416,0.19147298918723227,0.98129154160478038,-3.978980904002567,18.68102071709226,-3.8493475243551396,0.5917958103032526,0.5564435523376887,0.4130434782608696,True,4
-0.86525619825892275,-0.44205855381044884,-0.23646552894139253,0.44032326895488588,-0.89561851329233944,0.063110200957573248,-0.23968130964136802,-0.0495147821467136,0.969588137384923,11.023944158758814,-10.096826127763489,2.5087297545113505,,0.07955355401237443,0.3928571428571428,False,5
0.29574738423822916,0.95302587645191517,-0.065384734680997286,-0.94167442634591547,0.3023608440290641,0.14774029499132496,0.16057010768613469,0.017877326732239268,0.98686252421832921,-2.3195415275419213,-11.820075404742003,-0.67466820392281246,0.6231772324726618,0.413380213963083,0.1428571428571428,True,2
0.6532785686606456,-0.67644237764901771,-0.34007766973037568,0.75391509156184489,0.62246922331833454,0.2101049755164433,0.069563973750744454,-0.39364676518677688,0.91662592032627621,1.2858274138398802,7.9731140398937193,-1.6365998982310443,,0.3453476271343625,0.2533333333333334,False,5
0.31018502678040871,0.93640760746802376,-0.1640915654055673,-0.93431818158368707,0.33215403021458739,0.12931835049350154,0.17559836196101072,0.11320111699192517,0.97793185978798702,5.5454488921446305,-14.101764509071604,1.4646382051039535,0.3009745409671334,0.2372731083948924,0.3902439024390244,True,5
0.050002853370596935,-0.92981155473888755,-0.36462334995012613,0.98965377824769607,-0.0030302530864333328,0.14344412419577537,-0.13448090516820391,-0.36802349142450919,0.92003999690494742,5.750946689415545,15.713585139006794,-1.2652837485873385,,0.1584975685673376,0.34375,False,3
-0.96066623311357735,0.2128470317793057,-0.1783718857278549,-0.21556138208525341,-0.97648103194829561,-0.0042526225660284717,-0.17508192113655591,0.034364739311288882,0.98395395501171767,3.3678797637529261,8.04053283726698,-1.0326835076201417,0.534662081445312,0.5274921810803481,0.6883116883116883,True,5
0.97229061459689148,0.096672577131348636,-0.21285058984551328,-0.060385762106828611,0.98344933187769112,0.17082438749810047,0.22584180414966787,-0.15323780362595632,0.96203620256117006,-8.7071121710749146,-16.473780583255216,-1.6117471233570047,0.1991964775435873,0.1281208007408649,0.3157894736842105,True,5
0.33621239916054346,0.94134824243717985,0.028717749061221348,-0.92731240418695704,0.32556599029448002,0.18465776724681746,0.16447774223802053,-0.0887145558744806,0.9823832245535733,-1.7213679524583645,9.3558751020865607,-2.5219650749525284,0.6641161201262278,0.4832937701040351,0.3722222222222222,True,4
0.65914736576701138,-0.67200661357916303,-0.33753794084261746,0.75086667464652379,0.61290389775593157,0.2460651316640724,0.041520923733467205,-0.4156391745510174,0.90858136095281394,9.6351535968207394,-19.389218007097107,3.0029533047273609,,0.1455069094092549,0.25,False,3
-0.50204808057541506,-0.80327620426896529,-0.3204607065550884,0.83950205713871184,-0.54168401652934917,0.042599557468408086,-0.20780765349335373,-0.24764039632474516,0.94630344671131295,-9.7207665709291327,27.305830082623515,-5.9922094581305183,0.385585747667777,0.2890090064716286,0.8472222222222222,True,5
-0.83504652647002653,0.53951151433536482,-0.10781755204930406,-0.53815240696766553,-0.84170608928839907,-0.043850269437455666,-0.11440841536028362,0.021405259970172369,0.99320316619529458,5.1791146196737623,-9.6967839589299469,1.0152664797164201,,0.4408260339688043,0.4415584415584415,False,2
-0.91133650050068848,-0.29641050815367392,-0.28566867786167843,0.34651637926003209,-0.92698585194934291,-0.14360929353725069,-0.22224351904988385,-0.22986526693224363,0.94750713838920064,-0.38862245382427624,20.950034304401516,-3.1332354838699654,,0.3927022328991319,0.5384615384615384,False,2
0.97461915403886035,-0.033559593155848146,-0.22133968981588253,0.10355631398482447,0.94414525063967947,0.31283515711699339,0.19847819632003311,-0.32781625859885505,0.92365735323430187,11.895708908752441,7.972556633431064,0.90542966632339206,,0.1730559406097676,0.2083333333333333,False,6
-0.29588374740604206,-0.91611008531284932,-0.27054596579701973,0.93872672851053562,-0.3312780333862469,0.095115686275442451,-0.17676237495820524,-0.22582554369208416,0.95799680929286501,11.315402682344299,10.179758986407759,0.55551508471651212,0.2059813582132102,0.08033884189969442,0.125,True,5
0.70221804843444724,0.689471424530407,-0.17753581950955313,-0.67252988972534633,0.72420714580285606,0.15240589684817185,0.23365221993152765,0.012375973662433842,0.9722414696961742,7.40192704212871,14.270069360630146,-0.72567162663866225,,0.0835690356598466,0.375,True,5
-0.9387045418790364,-0.26134856788302196,-0.22479036705597999,0.25578461528080321,-0.96522089961686819,0.054063347366358178,-0.231101738724139,-0.0067484078342599091,0.97290618527707118,5.4692858343011377,-15.499086489201432,1.5717971554579566,,0.2523845472100291,0.3125,False,5
-0.95205763270928889,-0.17412291511680789,-0.25153026543780149,0.19640807398214952,-0.97828531594500967,-0.066194479233517664,-0.23454238950477246,-0.11242353418034445,0.96558314840711346,-17.530976846376259,-5.2365950561706986,-5.0238028814096349,,0.3062370252926055,0.6521739130434783,False,4
-0.69270515994971882,0.71622177799673747,-0.084769841938195159,-0.71874033715035679,-0.69527763909862583,-0.0011542627224736257,-0.059765283668917465,0.06012794103104574,0.99639989039307952,17.278789280631273,-5.0792914410827246,3.489677928023704,,0.2675745437572578,0.375,True,5
-0.069315134996162681,-0.91480944012267518,-0.39789332781902975,0.98889037386924239,-0.11558244828356612,0.093469385990960802,-0.13149616165202005,-0.38699403859906534,0.91265786226798673,-3.4590912714137909,-7.633238351125236,-1.3638365232445475,,0.2104112812732177,0.4117647058823529,False,5
-0.75599472889044439,-0.57836949097215706,-0.30653009934176501,0.58995177318074155,-0.80491830676519194,0.063744997883411703,-0.28359985051258951,-0.13264709324695129,0.94972410385457329,13.920383357609243,-11.455392398898002,3.3540916844538926,,0.1633499018450967,0.1538461538461539,False,3
0.058883117796002388,-0.92704100588314509,-0.370307644870841,0.99329748566849918,0.017449796439900397,0.11426114636587517,-0.099462975037247034,-0.37455370511499803,0.92185499867461107,-11.425544650655992,-18.011052355710099,-2.0151310946665113,0.1990184820454559,0.1701384677566772,0.2,True,5
0.88764033638793527,-0.40350153712976877,-0.22199356466128756,0.4409359491130862,0.88374171166539106,0.15676758543291142,0.13292901111816594,-0.23703817539931613,0.96236312346562192,-5.5855197663884519,9.8937615142327093,-3.5024428935055334,,0.06901888280609828,0.2333333333333333,False,5
-0.44573035206196482,0.89439829556837092,-0.037096389785391232,-0.89508389906156938,-0.44474037875123257,0.032106216671364082,0.012217483024558606,0.047515096470520685,0.99879579930831786,4.6012453948960585,5.9843112532401284,-0.59175700992841318,,0.08791911538976874,0.1935483870967742,False,5
-0.34810487819268987,0.93049163001312996,-0.11405402340102186,-0.93698044839879469,-0.34147072798191735,0.073928216872129665,0.029843476621298506,0.13260116291725155,0.99072009089154234,-12.348892038412595,-14.458167101003973,-2.6616117438118136,0.2478746731120883,0.2016494553410168,0.3611111111111111,True,5
-0.79384370041100039,0.58500042055738366,-0.16609240580307705,-0.60161063316387786,-0.79534498557695765,0.074101281917028416,-0.088751481012587646,0.15874779326111346,0.98332207986640829,-8.7527190898305545,15.377637132623118,-4.7567884352273202,,0.1179680177977069,0.3055555555555556,False,5
-0.9025324265031256,0.41631905872642944,-0.11006207544617709,-0.40952230077450463,-0.9088260177540447,-0.079540899049991565,-0.13314166995624083,-0.026715366261093443,0.99073688985865394,2.8879874890684141,9.9190789594446827,-1.333995957452689,,0.3906138077211442,0.3968253968253968,False,5
0.93171450756254526,-0.26530949598535203,-0.24803013473665486,0.31373515481722419,0.93197723725233483,0.18162786646139584,0.18297084201942412,-0.24704109088065646,0.95157362846350424,6.4801658152887018,17.763320800272378,-1.2738993597498898,0.198793176965493,0.1465654081692286,0.35,True,5
-0.93330412676775742,-0.2415169470799842,-0.26573101292743068,0.27123701939404804,-0.95910379217436781,-0.080934511470574469,-0.23531656607325152,-0.1476126014604171,0.96064386409406788,0.29792959468967284,-7.4215627248425182,-0.48963013193844668,,0.3150644007646516,0.2258064516129032,False,1
-0.037736038762376897,-0.93371713383208432,-0.35601728239921804,0.99203981473922886,-0.077836144197132293,0.098987578153435299,-0.12013741028790152,-0.34944791978909162,0.92922180022016043,22.725650354970757,-12.137728774533896,5.4362778501785227,0.1918436279894783,0.2154455217832945,0.25,True,5
-0.93242937363766665,-0.26716660793047448,-0.2433052954306438,0.27494809188606822,-0.96145688001109686,0.0020529606760076452,-0.23447603277494861,-0.064982085887199115,0.96994758547452964,-0.041649201050666884,-3.8919338369291614,-0.75045456670725486,,0.1002704552160734,0.4029850746268657,False,5
-0.44521878692606176,-0.80757855744226437,-0.38677785009945753,0.87724207749540373,-0.47998822649152939,-0.0075920946428211233,-0.1795176014758304,-0.34267794791755857,0.92214166740874326,0.59993408433275608,-13.191265564804905,0.17341384788002878,,0.36008638460404,0.4166666666666667,False,4
-0.60068032072292821,-0.74306123656758616,-0.29503076281440604,0.76673687662894174,-0.63995520536934425,0.050713875201724823,-0.22648998722569533,-0.19574813876849703,0.95414094967943497,0.79658443023594616,2.1789685806317118,-1.1853521295307479,0.4391460987210277,0.2394982476603656,0.2151898734177215,True,5
0.93529369005510032,0.29032769144297427,-0.20232534424660714,-0.23742619088453373,0.9387973173705535,0.24957644275835439,0.26240144287937106,-0.18538993629441269,0.94698260506493914,10.110131618746991,-14.021816025521641,2.5516163404598116,,0.278665787837248,0.4772727272727273,False,5
-0.93283735948373847,0.34256791734073366,-0.11163190744692693,-0.32062558108084482,-0.93061131213330506,-0.17652711544150734,-0.16435844215609277,-0.12887904305340275,0.9779450366731568,-17.506642547451914,-1.452927597650618,-5.3628656243683315,,0.7777696779188106,0.2307692307692308,False,1
0.82185129466612239,-0.51939873281964788,-0.23406282447446219,0.55887227175245935,0.8147684388068549,0.15431842077498828,0.1105542098785223,-0.25763801635159533,0.95989604604277401,-9.0894648644238778,1.6616940626114602,-3.5831716565429907,0.2034619119130677,0.1101217458245773,0.498220640569395,True,3
-0.91422820883579392,0.34916273344969462,-0.20560196433603017,-0.37221336254151904,-0.92419401820467129,0.085572363881338848,-0.16013742508992898,0.15476046744773633,0.97488727697151034,12.275619015820096,18.050037566244296,0.077695357811862278,0.2205599306714816,0.1754996635101264,0.36,True,5
0.96237784801908333,0.20437449658186554,-0.17905290500036222,-0.16891766139510922,0.96616802220211606,0.19490042725161039,0.21282786779688154,-0.15732265577774271,0.96434116404313708,13.969804683574216,1.0659250008345293,2.0910586660685739,0.2825166093334525,0.137821683728319,0.2380952380952381,True,6
-0.79967687096121398,-0.54294445168939365,-0.25637516344097233,0.55103034404229867,-0.83322587579761542,0.045827937395462953,-0.2385004444320965,-0.10462295293576933,0.96549032917201816,-2.0980251693067369,27.05987625513708,-3.9981444998238387,0.3398874866908106,0.1966123626725207,0.6071428571428571,True,3
-0.69552465026716359,-0.68434066030167107,-0.21891395919084933,0.68088220049174153,-0.72506614470576913,0.10333689977465439,-0.22944474263809966,-0.077181257176765342,0.97025675138921386,-3.7356281573958299,5.0241451782764024,-2.6042238506814526,,0.07970017400296206,0.4985163204747775,False,5
0.94938773103471019,0.22709140444171583,-0.21700790351840898,-0.19264041856232336,0.96664537159648112,0.16877912995164773,0.24809797519709617,-0.1184323418656887,0.96146823925874481,7.8859691903991083,10.019396462034967,-0.23623307099727123,,0.07707596715408613,0.25,False,5
0.95755475160236647,-0.16442663118882939,-0.23675468451463241,0.22365228027062795,0.94196420735917641,0.25036591138561026,0.18184761536374067,-0.2926897931429987,0.93875669359873537,3.7432545072071619,3.8218636902965906,-0.68336363788642474,,0.1009393851573364,0.4716981132075472,False,5
0.86423711896141864,-0.44551745532458625,-0.23368440087085859,0.48614638740004229,0.85909292942237858,0.16006570099294964,0.12944455271333427,-0.25193954754579773,0.95904669967382916,12.037753111320914,-3.045900235554579,2.0769374620922103,,0.07681373089576282,0.275,False,4
-0.2892299605898716,-0.91162384899702409,-0.29204107217484532,0.94501482421366723,-0.32055848712548846,0.064724325784287107,-0.1526204832700831,-0.25726292828868691,0.95421317000696293,-7.5012166298218927,26.623007253369806,-5.4102254303116544,,0.1688315817629234,0.125,False,2
0.70220728207699812,0.70544441948659387,-0.09619305595134317,-0.67224871201525149,0.701447432054076,0.23675550523394079,0.23449222202851622,-0.10158578187899053,0.96679559718079167,-20.958108438227285,-8.2289177661626276,-5.3576255229131187,,0.3504268919684168,0.35,False,2
0.94346833584494949,0.28325102101611083,-0.17215213722545464,-0.23550560162295409,0.93831450145341033,0.25318571833033499,0.23324796003860643,-0.19832991568487135,0.951977223300148,-19.530812931944251,-1.5335840322613739,-5.7118749220380458,,0.3326444234002857,0.5757575757575758,False,1
-0.68304236452191136,0.7135984330065418,-0.15566118552460917,-0.72800646003741898,-0.68234546463708323,0.066417324795507743,-0.058819405064187646,0.15868819521254174,0.98557512868785602,2.8160686556354482,-12.645782248056216,0.62906427627337858,,0.08347065082881622,0.3529411764705883,True,5
-0.31486546401491866,-0.88861746638078298,-0.33349473461160994,0.9318160159822747,-0.35622830680195128,0.069428422075807711,-0.1804955731578797,-0.28889512262413342,0.94019197837164936,-1.7673934402832487,3.8738358964639703,-1.9842609634684849,,0.08651918929259773,0.2972972972972973,False,5
-0.18718212158660891,0.98226364489472473,0.010999330728166778,-0.97906874079790274,-0.18746089028985813,0.079264212631836028,0.079920298740352419,0.0040677426006732187,0.99679295709760551,0.56898744977565308,-8.9223691107422187,-0.23013478268665524,,0.1119516800349594,0.1282051282051282,False,5
0.5554623857734271,0.82732468829079542,-0.083638496731062037,-0.80376354136477557,0.55996441130309638,0.20100753131843735,0.21313307477641341,-0.044426548577581382,0.97601258916974876,-3.6531175330628982,24.501684199935291,-4.2280266721497863,,0.1596283442208438,0.1764705882352941,False,2
-0.94698376164212972,-0.21729475822005695,-0.23665321302743192,0.23019377762896404,-0.97274293928465028,-0.027964241680486904,-0.22412625889669205,-0.08095777987287367,0.97119166900824816,-1.0920882177412743,-21.0849291992327,0.60608916493067422,0.3233459884572215,0.2348203047277619,0.5,True,5
0.4769689220791366,0.85846902824853144,-0.18849820929836006,-0.85363916839501897,0.50353849808947282,0.13322594013051059,0.20928644856398779,0.097364821572373084,0.97299500202603972,1.1605587620067839,-5.983240908514607,-0.31617186511760054,0.1944721510668926,0.1748078148115869,0.4876543209876543,True,5
-0.08939362382993811,-0.96636399607291934,-0.24114188170562592,0.98653986075411892,-0.11919435785962275,0.11194555907974155,-0.13692290955787931,-0.22788885920204788,0.96401181771272593,2.69596779130557,-6.3094802306215731,0.030388159380675149,,0.07691318417504434,0.2162162162162162,False,5
0.92408119196515359,-0.3115620821444734,-0.22136625674673766,0.34692377409596231,0.92680719517233956,0.14377871171976686,0.1603678447297833,-0.20966042055329026,0.96453339103949232,11.768152576232849,-1.5900508817859025,1.9071123073130514,,0.07097222315140053,0.2857142857142857,False,5
0.63957266993705419,0.74409896792852004,-0.19303762793118673,-0.73168134297160792,0.66626007797164,0.14401361341376301,0.23577364614573076,0.049134859610421092,0.97056506909851881,-8.1076177219706782,10.529487805604132,-4.2321942793807086,,0.1013709242774945,0.28125,False,5
-0.78350725786385755,-0.55637086256210899,-0.27670894486184133,0.57829029833959222,-0.81582585364479943,0.002916739796405346,-0.22736910018945866,-0.15773281147760401,0.96094934958217582,3.5651741258006258,-19.057632518560496,1.5576488811700477,0.6387741513916089,0.7173534148272052,0.7352941176470589,True,4
0.88014398826664708,-0.39688686729522954,-0.2604368915623515,0.45620854724851678,0.85884523731321505,0.23293479723262928,0.13122622198127598,-0.32382969739198886,0.93697065362343923,-23.985801196223097,24.118257783459214,-9.2110103697374637,,0.2100099906212265,0.3076923076923077,False,2
0.88551968440994133,0.42992288224251152,-0.17612837320207597,-0.39776508877863309,0.89743584117627972,0.19076646749664819,0.24007878430099605,-0.098869744090471223,0.9657054162797476,-22.201604098562122,15.562149286639883,-8.0598803666092671,,0.08479526747177363,0.1333333333333333,False,1
-0.54247210614902941,-0.72236853715636218,-0.42884462288434272,0.81344415349903765,-0.57919052829005646,-0.053356734132818301,-0.2098395176997675,-0.37778569118703176,0.90180116896457096,-0.0020910759762475251,-5.9856378488020061,-0.62726378004548922,,0.0813689316705494,0.3333333333333333,False,5
0.7259385723522932,0.65877639273861055,-0.19755215397818168,-0.64471060902226218,0.75184996070448085,0.13809368994568669,0.23950244212796495,0.027116433374901175,0.97051701646893651,22.126255338509139,-7.7336076718826483,4.8837736732205341,0.1967427552908949,0.2264373158127998,0.5,True,5
0.97659602068834883,-0.038307756105401096,-0.21164292617012356,0.10340801345776705,0.94644637653792696,0.30585296972720077,0.18859213962517507,-0.32058036770893944,0.92825709408072987,-0.16839943234977811,-10.240700388480864,-0.34208717658842924,0.2755550664306054,0.2738422442230232,0.2758620689655172,True,5
0.85921083699320844,0.49546066508768499,-0.1275753383076027,-0.42552208284840759,0.8304866110217578,0.35947593232641961,0.28405579487449861,-0.25457949301635552,0.92439255034522649,2.1019890932665546,-10.91288419893668,0.29091003183336278,,0.2754504582787352,0.3076923076923077,False,6
-0.90225900951592852,-0.36555979061634125,-0.22868038663574389,0.35885851039460986,-0.93062721633274892,0.071788256268847245,-0.23905909157507099,-0.017292301908560757,0.97085103235769699,-0.12644090844669831,4.8037785184148927,-1.6593984085945206,,0.4388072572705363,0.4769230769230769,False,1
-0.61404994401003354,0.76413721585684624,-0.19757778621045188,-0.78829886272872629,-0.60616573419213993,0.10558411675958322,-0.039084130818944157,0.22058426515472945,0.97458453337013107,1.1320265784415813,-5.9597854152911918,-0.31844394239666746,,0.1857350582331591,0.7058823529411765,False,1
-0.87498650287837543,0.47807850670602858,-0.076417021705924751,-0.46435138400982079,-0.8733629362704296,-0.14702031736211479,-0.13702704823805395,-0.09315644354969109,0.98617719760514566,6.6949919697790365,7.9423806466330538,-0.25449766402433044,,0.2829694575589338,0.2702702702702703,False,4
-0.95431043680103667,0.24248702720687826,-0.17461853237553115,-0.23961328795931514,-0.97013683079427582,-0.037682910845159887,-0.17854148662409014,0.0058797255725520498,0.98391481662857916,10.555716645846866,3.097427464902013,1.1002387239478384,,0.2146682344380046,0.2162162162162162,False,5
0.40642518550708845,0.89761267652794841,-0.17061668008100017,-0.89263873371230218,0.42992743530174948,0.13549351073523291,0.19497348451014412,0.097231082022127199,0.97597718058711813,17.720007069766915,0.17074611579001239,3.1099700721672057,,0.1132292754033247,0.375,True,5
0.75453609941710487,-0.56177417129191121,-0.33924188294741575,0.65058637717270518,0.70813778918576309,0.27436879808825865,0.086096692815209194,-0.42772731032327982,0.89979814819208048,18.785453144221382,-2.9992387822390092,3.6665192449949604,,0.1842106405032724,0.1428571428571428,False,2
0.69128575971519257,-0.6489024234178935,-0.31788306544604605,0.71973459276082297,0.65736493304191135,0.22327888567936058,0.064078970016713616,-0.38314095276959004,0.92146453860819244,-9.6855996483928184,24.454674270900334,-5.739676400769647,,0.2131858351517784,0.2380952380952381,False,1
-0.1101355900248487,-0.87750186812809228,-0.46675542122356439,0.98436438325775677,-0.16125207824506621,0.070883906743519826,-0.1374660422921071,-0.45165057145248444,0.88154117800769205,-5.4016976428594861,-5.8460152540559722,-2.057256700627025,0.7961456125796522,0.6502839039843109,0.3061889250814332,True,2
0.32849747773871846,-0.90830969256543037,-0.25896507392116436,0.94358964693868497,0.30353564758838575,0.13230528649010198,-0.041569042681170842,-0.28781871557421879,0.95678231675537306,1.2322577665881782,-6.7805167032050617,-0.19512275526367634,,0.07131495235479218,0.2794117647058824,False,1
0.27360393105552372,0.96022843087831555,-0.055697840567968476,-0.94827507923357057,0.27898382575201836,0.15146748520172648,0.16098218229211592,0.011374774799442405,0.98689176280012203,-20.974032441155185,15.44593705625474,-7.8483810611950346,,0.166871314230105,0.2222222222222222,False,2
0.36208218891937571,0.93214529322305772,0.0012809330407203556,-0.9186077162234062,0.35658962836688146,0.1703047287540444,0.15829198388475854,-0.062840983945756185,0.98539061218105684,15.011826748697855,-3.8261584902549624,2.8359482870693875,,0.3794300038993892,0.2407407407407407,False,5
-0.04744678771183914,-0.9552792489596893,-0.29187387488920358,0.99029257761121814,-0.083205566865783398,0.11134381155085427,-0.13064996388807817,-0.28375762571172336,0.94995378665832375,9.5593289766051921,-15.672056917898296,2.6167420304839846,,0.2103108870819307,0.3636363636363636,False,4
0.27489532022702118,0.9596820414865298,-0.058676589586750233,-0.94969526139692406,0.28054489412755257,0.13918862331092413,0.15003823978410774,0.01746257790845393,0.98852596575673202,1.190485595754744,22.156448386889227,-2.8377267646114417,0.7087824938739449,0.4604748756871807,0.8085106382978723,True,5
-0.53371047000674077,0.82236866882727055,-0.19713677164965451,-0.84552483979731641,-0.52319730960664002,0.10654726888145535,-0.015520292874414102,0.22354943021989021,0.97456901898093196,4.3658375843291655,13.07732510617509,-1.3830235324628644,0.3020610514982945,0.2970007585739339,0.8955223880597015,True,5
-0.10254644850511282,-0.96910108566450748,-0.22433749499997019,0.9849472480407746,-0.130470868846606,0.11338549712955862,-0.13915151625438235,-0.20933331828995869,0.96789277163217913,-4.2257284317026853,9.3088455698337054,-3.0697661993987424,,0.0705256539104904,0.391304347826087,False,5
0.24617653643551624,-0.93815359464376025,-0.24344392735413867,0.96718171946389409,0.22148132502766482,0.12452126002758707,-0.062901784104117855,-0.26610872875759645,0.96188851226924299,8.884944739087814,-2.9844872314009554,1.25656203561535,,0.08187216491119517,0.2033898305084746,False,5
-0.95522328179927307,-0.2197237353676188,-0.19816650076319037,0.21355571916778926,-0.97553260026010569,0.052250364979448002,-0.20479852714156696,0.0075911755254307114,0.97877471224730128,-8.4156764503004826,13.393065270124035,-4.5446979278347017,,0.1121462005255175,0.3653846153846154,True,5
-0.19511740006312139,-0.93597448631227753,-0.2930545361619159,0.96954587658598645,-0.22916575507754444,0.086393575541528281,-0.14802024654660784,-0.26727292730878455,0.95218443010798814,-12.408362624030215,22.676855325427653,-6.3521573483989524,0.5436756857463926,0.7330264725047431,0.6129032258064516,True,4
-0.51103128961241528,0.85687547741724202,-0.067907563923662539,-0.85952330879136996,-0.51016166889390502,0.030899081470523643,-0.0081671709550060478,0.074158531487348633,0.9972130211375263,8.3172560430006381,5.8570804750399805,0.2936631996530582,0.5196205464318975,0.252895162417952,0.1590909090909091,True,1
0.97635632739796174,-0.030533666529398713,-0.21400004008933568,0.073025500308040309,0.97836316446682003,0.19357891083284962,0.20345908250733424,-0.20462945443592281,0.95746080239481968,-18.953184843173354,-7.6343520698669005,-4.9498821389106187,,0.08288717434349727,0.2941176470588235,False,1
-0.32550340783765347,0.94439501818522154,0.046535804634819072,-0.94459243621762856,-0.32698666334499782,0.028720226930703432,0.042339826718119505,-0.034608837331536635,0.99850366421562997,-14.404544756247649,1.8457549019550337,-4.8931643081414755,,0.7789960636874762,0.4516129032258064,False,1
-0.97785783607718457,0.014034698530376449,-0.20879913711413867,-0.0048580470104564195,-0.99900212120098497,-0.044397761375751438,-0.20921389007829191,-0.042400342841720347,0.97695023369934997,-6.3097804048872987,6.5856128258411468,-3.4224943813678048,0.6908928147625748,0.6978776823990677,0.8933483019927028,True,6
-0.9226856384378036,-0.30407689597019349,-0.23704103855188516,0.30753984672203916,-0.95125314091634328,0.023166885310231117,-0.23253054702298515,-0.05152381229999374,0.9712233736207484,-5.612730723053307,-18.960927624487312,-0.70682859831798683,0.3530045908256967,0.3008812838579867,0.2857142857142857,True,5
0.41781229551460064,-0.86287620675101462,-0.28438976342302202,0.90835276025573652,0.39049560571439135,0.14969450508798698,-0.018114873794947181,-0.32087043139051152,0.94694984957317674,-7.9760510235215278,-2.4232910574064483,-3.0319282480262189,,0.1010589542668555,0.3630573248407643,False,5
0.31022623211079126,-0.86602436700233354,-0.39212431787451096,0.94954370970261981,0.26226618236419674,0.17199765391509919,-0.046113211496597403,-0.42569736356514926,0.90368983970118455,11.686453936298498,-16.574603462179663,3.1725663828511808,,0.09324406477461153,0.25,False,2
0.033098221245193814,0.98084699123947039,-0.19194709564586337,-0.99125995947156842,0.056755054623729845,0.11909053918377362,0.12770356494173787,0.18632778523648985,0.97415284013856651,2.3633451594638943,18.273092416322491,-2.2611811339090582,0.2341781034192585,0.2753808838241334,0.8536585365853658,True,5
-0.96926038907681744,-0.01871416184770075,-0.24532443480622942,0.041732954924213118,-0.9951596327682648,-0.088970027435238269,-0.24247197495783179,-0.096473236987630495,0.9653498101233452,-2.4138156631917962,-5.7485011048700061,-1.3276695815391928,,0.4005729960722622,0.3243243243243243,False,3
-0.94380946976597702,0.26230007780549247,-0.2010531122944838,-0.28279759381079705,-0.95578761344374541,0.080595030382361849,-0.17102399163535234,0.13292368927600171,0.97625923151300786,-9.7876881556276665,-12.622815228538423,-2.3193151504138685,0.2300650049918649,0.133490670904989,0.3478260869565217,True,5
-0.22441835248534886,0.96151581284053966,-0.15850471515181722,-0.97054714443679646,-0.20591101143315418,0.12505557083215524,0.087605042625082702,0.18190106384563107,0.97940663642763104,-8.4462036994760847,19.552849930397578,-5.0636507073225223,,0.1791177186242131,0.3928571428571428,False,4
0.94195401954479829,0.2672419136980958,-0.20323480171067709,-0.22944446193718118,0.95431071691545033,0.1914322189880211,0.24510786186851724,-0.13368924842073043,0.96023399278870825,5.6070802492433476,7.9322329569806387,-0.53557055456214053,,0.1069310350554507,0.2456140350877193,False,5
-0.060415806735047983,-0.93513576105074903,-0.3491003275572665,0.98952005873538551,-0.10206148488152308,0.10214453810213808,-0.13114870817844076,-0.33927063195598894,0.93150172014619004,8.0816054627882323,5.0051769960760852,0.34686948046406807,,0.08101338078449498,0.3877551020408163,False,3
0.48681327219552883,-0.83341574355915904,-0.26159326520767878,0.87339960040729203,0.46908939480761958,0.13087504608367032,0.013637302616857916,-0.29218716273435774,0.95626392063623367,-6.1821139332818111,37.992616039314143,-6.0566617971092294,0.5961340810844501,0.2734139225843202,0.2727272727272727,True,3
-0.77586785592469043,-0.55326388166431539,-0.3031965491039732,0.57963649340460133,-0.81486686620875093,0.0036777532199859381,-0.24909958983595515,-0.17289033402959231,0.95292094464477739,5.6775996307519767,-10.967297084531864,1.2762333399115893,0.934177052298776,0.4337258000674555,0.3076923076923077,True,2
-0.96704791574262483,0.16228797989434268,-0.19616559392426469,-0.14681635552797206,-0.98496064768885194,-0.091090505838106392,-0.20799828462593206,-0.059288566234741602,0.97633067119009387,17.231088431239606,2.001040598186933,2.8256962232350493,,0.3733988354686558,0.4909090909090909,False,5
-0.19137878948094966,0.9776105316351642,-0.087474609875199089,-0.97794423377437822,-0.18232705117006417,0.10189171722506928,0.083661428174822916,0.10504520382978316,0.99094211263227105,4.6737760144571014,10.493641251882883,-0.98931321426908336,,0.1165803307951029,0.25,False,5
-0.20976177986266739,0.97665280283534306,0.046360526557786136,-0.97428391604393683,-0.21277291144933436,0.074152134773491446,0.082285154474778813,-0.029614031593874934,0.99616874197387872,19.493069579393193,-3.0758973820637534,3.8234554383011221,,0.3030706152436059,0.1111111111111111,False,2
-0.37848286579425267,0.92520492576853708,-0.027323353267967226,-0.92303653151327392,-0.37506780151406388,0.085602019598561785,0.068951300148115596,0.057619350925215751,0.99595468200457893,-1.5505659787478812,19.547116882737448,-3.4324941361361292,,0.3223041526525658,0.1052631578947368,False,3
-0.59143195507288915,-0.66838817199254397,-0.45107149550722725,0.77537367396058432,-0.62497342918261867,-0.090575264529480073,-0.2213682638670835,-0.40331806847224833,0.88787984963974109,-3.7397074682505171,21.533242397224196,-4.0702351688009939,,0.2127483198414847,0.2352941176470588,False,1
-0.19773465973370363,-0.94584267291498914,-0.25745415598320709,0.96726548275149826,-0.2308802308782871,0.10531763796772153,-0.15905499117446026,-0.22820157116597148,0.9605339935160413,-9.6052883202132726,9.3077712762163358,-4.4801206113489416,0.9643185146241418,0.8359053369015628,0.9457690509583918,True,5
-0.22172053544364634,-0.94651852847443019,-0.23439854824034778,0.96063539961119071,-0.25328926473202257,0.11412351810805825,-0.16739066036201541,-0.19986801551551797,0.96541863623894164,6.3653869529283096,-6.9172887781220069,0.98682521985775584,0.2320872989448304,0.2164029524227714,0.8205128205128205,True,5
0.71159219949351094,-0.59094589721819069,-0.38002564147827561,0.69894256881225125,0.65046930572812944,0.29726918408690939,0.07152501046570281,-0.47715053061539486,0.87590612739683937,-1.8610552473881019,-10.007802524293655,-0.71929203508811768,,0.1275707964981406,0.3333333333333333,False,4
-0.098878865274895783,-0.95455434679399143,-0.28115648493080836,0.9852534578266402,-0.13355915731022056,0.1069466004099025,-0.13963736549577482,-0.26643564047492335,0.95368414878413466,10.249197750240794,-3.9169946662215196,1.6122745699090042,,0.07319942615936596,0.2941176470588235,False,5
0.57865465151387285,-0.75620099054217305,-0.30548135161478207,0.8151577398590053,0.54820359368681526,0.18705795630450858,0.026012562913265175,-0.35725744466966258,0.93364364979299574,2.2112455199502152,14.643770495106208,-1.9839723592974092,,0.2388192561094758,0.15,False,5
-0.61206083872655204,-0.75000345299119886,-0.25075157068027815,0.75654186215136876,-0.64765313144814385,0.09049769134044755,-0.23027362095969028,-0.13431396735518736,0.96381212778394765,11.317875337444617,-9.2510631758438073,2.502199964595706,0.1565797285482873,0.1572074155184997,0.54,True,5
