axis_00,axis_01,axis_02,axis_10,axis_11,axis_12,axis_20,axis_21,axis_22,location_x,location_y,location_z,dbh,dbh_approximation,score,reconstructed,number_clusters
-0.2067742387577878,-0.96541129137937398,-0.1588252267851254,0.97534193576867823,-0.19059511605896742,-0.111272683375014,0.077152592420117683,-0.1779172285409085,0.98101627778094336,26.540769225680545,4.5528776705033716,-1.261609999900573,,0.2563558106092176,0.7857142857142857,False,6
-0.90930386326048074,-0.41543458374901926,-0.024095453613588599,0.41419107727908272,-0.89795540651542116,-0.14873412322704513,0.040152655727339358,-0.14522463473875291,0.98858361796210148,5.2651205363345692,18.78733566471114,-0.25434192045275089,,0.08053920059110224,0.3636363636363636,False,2
-0.99417850668261265,0.10662413099854939,0.015504565106218338,-0.10771044667272435,-0.98718242324620409,-0.11776808952901113,0.002748913947544963,-0.11875250701587374,0.9929200801421797,-2.0151396867425753,-13.746675924999954,-1.8601888073738773,,0.08915215345235354,0.3333333333333333,True,5
-0.40172529316276789,0.91238113924320696,0.078596727581721981,-0.91289003189482998,-0.39219863392498483,-0.11319019928612026,-0.072447073787310509,-0.11722153514027624,0.99045975849552448,3.4925844083790083,-9.8111811675624505,-1.795813676989571,0.6869702352274666,0.6086453862323792,0.9498327759197325,True,5
-0.99379949015510016,-0.11084113167018388,0.0087645249463954734,0.1091122698158184,-0.98737690822535573,-0.11481007655679687,0.021379568356331764,-0.11314187833605414,0.9933487954507656,1.7989746422939199,-11.707544248089736,-1.8440972647397027,0.161917437710472,0.135786982105187,0.4523809523809524,True,5
-0.99793922563068826,-0.063359983746944779,0.010139743941987755,0.062188432925801077,-0.99395909566160967,-0.090431824938945388,0.015808249677156556,-0.089614890565920008,0.99585102833255301,2.2502843606708263,-2.503570097539582,-1.5153471729718573,0.1752702119754296,0.1530393098326125,0.6590909090909091,True,5
-0.66696505949335749,0.74117905366607384,0.076231357207415029,-0.74196536989500839,-0.65132506461226725,-0.15894354370149155,-0.068154231648403354,-0.16257081722894862,0.98434025118041713,-12.024519154107415,15.438149573786225,-0.65439495565561212,0.4723873527821689,0.2409374654714074,0.451219512195122,True,5
0.54100206124331063,-0.81684609051580015,-0.20019798735137889,0.83883680683482553,0.54123179639132823,0.058488922662073228,0.060577068513119683,-0.19957606816467169,0.97800808370191294,-41.362705130427805,1.0184801170437887,-0.48549946235345015,,0.4038799335659486,0.4545454545454545,False,2
-0.90849343672988825,0.41337562981169346,0.061320992298736381,-0.41700788742345479,-0.88716490793761338,-0.1975926313167391,-0.027278145929355246,-0.20508294615065217,0.97836439425851218,11.990356892161566,15.029127738581911,-0.57155819903271743,,0.445391592515135,0.3720930232558139,False,5
0.41762012928276782,0.90719449491540283,0.050907524129856371,-0.90530109455788355,0.42022590854858316,-0.061968653178981113,-0.077610281600721337,-0.020207280363905726,0.99677896747982819,-28.52940579288747,-12.217437872008302,-1.4367442745762158,,0.3305928298489352,0.8611111111111112,False,1
0.50068330179535103,0.81302469429168855,0.29716506822843486,-0.8623725178236884,0.49824249601815135,0.089822356148303736,-0.075032471675505849,-0.30123954194877456,0.95059185067028396,9.729269414111867,-7.3516492230594821,-1.8886902396956979,,0.5606264847303699,0.5833333333333334,False,1
0.91646192375694424,-0.3984567402563321,-0.036465990292588374,0.39906889820402036,0.91685370715502446,0.011103790448223613,0.029009598238350198,-0.024728643723154767,0.99927320457903968,8.4769944139718625,-8.0343808945429824,-1.8779513314681775,,0.4202481914842601,0.7011494252873564,False,5
-0.99630017417117356,-0.082133720177700709,-0.025298516878643124,0.085584495639272326,-0.97500748697016659,-0.20502608238536435,-0.0078266884861484896,-0.20643268239765231,0.97842950210296165,-17.632973934670304,16.361211947095349,-0.65589511746723461,0.2733066517653095,0.2419640719632037,0.8070175438596491,True,5
0.1877343044538122,-0.98095648125255663,-0.049801735108796576,0.97922079724121636,0.19087954658484238,-0.068495466607960187,0.076697204522202078,-0.035907945975346939,0.99640762654363091,-0.20171688677481661,-10.95572807119258,-1.7529624247297597,,0.0896470580434668,0.3389830508474576,False,5
0.91196295044172915,0.39976628868007758,0.092252324938577296,-0.40813448897802984,0.90690452451316128,0.10464426560590179,-0.041830801190730502,-0.13308304870460755,0.99022173588506335,-5.1007393815586584,-6.7149121056090104,-1.516406274316791,,0.2414158317440344,0.1584158415841584,False,3
-0.12274035144973237,0.98405591086081889,0.12871973596104297,-0.9903205191010821,-0.11297415826906734,-0.080635655951688173,-0.064807990042582642,-0.13737104448638421,0.98839724835885734,7.0291118590434944,-4.612899947229117,-1.6817636155774727,0.2274220934885502,0.232883384220716,0.6774193548387096,True,5
-0.88902027522512594,0.44842079393974588,0.092529680649456603,-0.45718696603579928,-0.85836590541739,-0.23278326938155597,-0.024960535363314277,-0.24925241017778182,0.96811683576670893,1.385781013368059,-8.2643078232936933,-1.6893607444388146,,0.08235146046988384,0.2222222222222222,False,5
-0.99990036343743305,0.0058631311802863507,0.012840829040684884,-0.00700706055024125,-0.99583227521759921,-0.090933936115098285,0.012254154403082841,-0.091014852236886448,0.99577413722799768,-2.4534383676814953,-5.7019781465091208,-1.539663153038028,0.2210307543948815,0.1412709809853724,0.7416666666666667,True,5
-0.97797722021752043,0.2080167566356253,-0.017017217587073186,-0.20242123837251924,-0.96521037550805155,-0.1655130607152836,-0.0508546850481498,-0.15842335677039682,0.98606076944489218,8.4168852324388315,3.4144095962338392,-1.3511083478420782,,0.1619062473556307,0.3478260869565217,False,3
0.97488816688135738,0.2078921602872594,0.079836782035613937,-0.21508926108877832,0.97189668615321867,0.095673618143531244,-0.057703308735192985,-0.11044311266660037,0.99220594990431443,13.062572752064108,8.2209133914075831,-1.0590575805129281,0.6714583581415435,0.7020490325319754,0.1176470588235294,True,3
-0.25673224882880746,-0.9658768021131382,-0.034213382630189713,0.96293510738728916,-0.252599335320361,-0.094602086429107543,0.08273168300193004,-0.057232673669926182,0.9949270775751653,-3.2080729619477104,4.4169727296136552,-1.5036148882637081,0.3927884595592857,0.3305530920661084,0.840937114673243,True,5
-0.95727300569841955,0.2694314106452268,0.1050481200157196,-0.28888982617020503,-0.87453992724803575,-0.38951583277749979,-0.013079025057801705,-0.40322032514088818,0.91500945814609713,3.3803701103675281,-7.1860602776836187,-1.7047931669096648,,0.4020237356254998,0.3636363636363636,False,1
-0.94484032321324174,-0.32752384599408135,-0.0022122241168015411,0.32565204870943065,-0.93867521212367766,-0.11331191162415322,0.035035793149980288,-0.10778207851871599,0.99355700226435828,10.015441451417427,6.247007169378179,-1.2374593941897658,,0.07862785875985226,0.3428571428571429,False,5
0.48632009757135636,0.85954494414432869,0.15708358187318339,-0.8715241058344213,0.49007330791695841,0.016549495969445965,-0.062757434999361081,-0.14495048072791203,0.98744663779317643,7.1809135952832257,8.5723611959998625,-1.2631705535182838,0.8027930360121699,0.4893454034951429,0.5172413793103449,True,5
-0.73003318263069394,0.67713753237221652,0.092392177758537142,-0.68013429717880547,-0.70663793188874569,-0.19514141287048367,-0.066849757360757128,-0.20529879558551131,0.97641359805768091,28.040820054399259,-3.7797546928405059,-2.1311177403236621,0.4597818116407671,0.2960393565477852,0.5185185185185185,True,4
0.98622494627728441,-0.16539312684162133,0.00233857518989849,0.16540549971422502,0.98620184073066097,-0.0068520072784275798,-0.0011730322480442493,0.0071444337079632275,0.99997379018769172,4.7889792416960137,5.387885146769074,-1.3531277535639039,0.4525705052103242,0.3518187201795895,0.5555555555555556,True,5
-0.094130148544642689,-0.98419043758771174,-0.15002898951826538,0.99130976556360728,-0.078747927746050744,-0.10537415515167117,0.09189376384276135,-0.15864408730428964,0.98305014609133723,21.314996213912352,-15.449068006929002,-2.666915610885924,,0.44887535750597,0.6,False,5
-0.93259757979324187,0.35728710753644138,0.051065418357555389,-0.35964543287769185,-0.90808999928098211,-0.21454070899501676,-0.030280633646051384,-0.21844559046616221,0.97537921201545219,-0.51891383798936463,15.388862497889678,-0.74555440407290252,0.5390687121182935,0.4425957357012694,0.9653465346534653,True,4
0.64623312241970599,-0.75992695920449771,-0.069955472708604569,0.76118671018612372,0.64841963540727277,-0.012114811361586507,0.054566873867803303,-0.045420183756854055,0.99747654768610505,-25.41685168265888,22.504373172388327,0.33719075218097172,,0.1193891454258365,0.3846153846153846,False,1
-0.36876788498600521,0.92654383049241629,0.074342297377664554,-0.92621001128805813,-0.35953190909056126,-0.11345404944501239,-0.078391721455287791,-0.11069478995028172,0.99075799339956871,-7.0742789931913483,-9.8974282836024958,-1.6228268932983758,,0.0726882760831494,0.1971830985915493,False,5
-0.60176698952365337,0.79813949779144588,0.029151884756517064,-0.79601796430327554,-0.59639482413782463,-0.10328898415650087,-0.065052984759409127,-0.085361325006300268,0.99422409615089324,0.83442796032342059,3.1946653022132758,-1.4268511472683241,0.499824356454677,0.4876310683551472,0.9692307692307692,True,5
0.1571450832996199,-0.9616650924769542,-0.22473467179330781,0.98453613550101282,0.17039095667817514,-0.040688079028461138,0.077421061007232131,-0.21486547371224279,0.97357013487417909,3.8060938992815889,11.128884914462638,-1.2027053460162058,0.4802477216501359,0.4390386557926866,0.3529411764705883,True,3
-0.6023452184893423,-0.79815657892486203,-0.011238918185783596,0.79485594574009599,-0.59844114274164995,-0.10036047128070477,0.073377539374413936,-0.069384970944926072,0.99488766326773193,-6.1831583273100295,-4.3647310693973269,-1.4492805131320559,0.2973838674530755,0.2491902555241057,0.8134254689042448,True,5
0.99461830013133246,0.10152626773212677,0.020660445402802076,-0.1016328249889951,0.99481323079994011,0.0041718952695524725,-0.020129727484840328,-0.0062492228131459139,0.99977784596660124,-21.736009708078193,-2.6723704235314902,-1.1431702701058997,0.4060438915793573,0.3688166725144066,0.87248322147651,True,5
0.42093306677772335,-0.90700509585838107,-0.012534328064497141,0.90448267797801329,0.4207295718405496,-0.069983659639858184,0.068749098400054776,0.018121353862102535,0.99746938700061516,-13.67904409450828,0.34042360659183823,-1.2396634698730837,0.4459826363133271,0.3854891506890333,0.9328185328185328,True,5
-0.74691143382023395,0.62371425487957088,0.23044270066249506,-0.66474147506598946,-0.69231942142375902,-0.280735801148632,-0.015558963837451343,-0.36286960051717393,0.93171002552554516,-10.980567644463211,-6.8104256584644638,-1.4867954561657315,0.5236704838399316,0.3087193858483818,0.2413793103448276,True,2
0.99679439647670032,0.078807250340705071,0.01379668244137887,-0.078877185680396256,0.99687372988494682,0.0045995917660270474,-0.013391069105605162,-0.0056730907811582522,0.9998942420622281,-4.5152800828850648,1.8226703803610502,-1.4143027943089366,0.1965202609504746,0.1612109807113581,0.6530343007915568,True,5
0.10176307392278992,-0.98744236970363441,-0.12083808712428686,0.99196105186005901,0.10990455622122669,-0.062723680651739222,0.075216676199303972,-0.11348372145769259,0.99068859718159841,14.829809911900043,3.5957333642006528,-1.3378694427015965,0.6001809305620346,0.6855642610509123,0.7891566265060241,True,6
-0.17780415356419935,0.97077327510186084,0.16119842221103495,-0.98012385818185144,-0.16005223217858611,-0.11721990273573801,-0.087993781587351563,-0.17883660509711202,0.9799359994812411,18.794266309256667,-5.1770453952558411,-1.9921402633688694,,0.1671879256873682,0.2727272727272727,False,4
0.56973813564344045,-0.81221810191006516,-0.12530048572589839,0.82143063068471145,0.56753659570416892,0.056159874549699243,0.025498544398691148,-0.1349220792388407,0.99052806965144324,-14.23014811163849,7.7263346537395536,-1.1515086412419575,,0.3790625795612765,0.25,False,4
-0.8247379056263221,-0.56185169433381743,-0.064265547514397378,0.56262283982717243,-0.80372568673123534,-0.19359896847145369,0.057122037147797664,-0.19582567263416167,0.97897363540059801,4.7817515798951238,-7.9392285357548689,-1.7554227799831996,,0.07355719344968001,0.2857142857142857,False,5
0.89375230534918515,-0.4415729241323893,-0.078868050287719982,0.44848034388152674,0.88300170525622756,0.13846793732304913,0.008496930911971446,-0.15912680851372402,0.98722158656368153,-18.61380267331354,-4.5244277442124297,-1.2617070670143178,,0.1546148442257371,0.3,False,3
-0.015800442530222329,-0.99981305521401309,-0.011144534062415527,0.99653948489132127,-0.014837073993906911,-0.081785795147066576,0.081605153442584413,-0.01239821998992313,0.99658761936554918,-5.7524247633531029,-10.810908511689053,-1.6705488337301035,0.1650529881091919,0.1313507630195143,0.5581395348837209,True,5
-0.93007137651536853,0.36727723385729161,-0.0086410692013992613,-0.3464126907044961,-0.88458212748891296,-0.31227024745572429,-0.12233348807942319,-0.28744024286331982,0.94995401176951577,20.722034216712451,-0.17808788104931267,-1.6563148459776795,,0.3253008047775955,0.2,False,2
-0.093018030161387044,0.97125285748102819,0.21912446896645879,-0.98993322588682353,-0.066635700805957154,-0.12486749642483427,-0.10667640015580918,-0.22853352098332586,0.96767379598538361,-29.984169562808354,-1.1528356358089733,-0.94766522758780014,0.5081458364754856,0.2599963593409231,0.4285714285714285,True,4
0.80257408764613847,0.58717633926082546,0.10535074964718856,-0.59466238407465344,0.80150375362219584,0.062995094223120496,-0.04744979247181122,-0.11320635822155255,0.9924378255853592,6.2202350373403883,-15.183557333769574,-2.1490869803591339,0.2648168390718136,0.2184662423876579,0.2068965517241379,True,4
0.51785133963416741,-0.84046281567094905,-0.15953759905914189,0.85373993187972352,0.51959383262165826,0.033917220044366675,0.054388590284177529,-0.15376769678964897,0.98660902928713556,9.4199266840747011,-11.391811752561054,-2.1064884854433754,0.2999252276145317,0.4360245038995912,0.2857142857142857,True,8
0.81764896435711076,-0.56098506417292449,-0.1294060619161374,0.57403276200322251,0.81157635092952507,0.1087667906985731,0.044006354458136984,-0.16321637291281546,0.98560836866398871,-3.5242929663472657,1.5786571749032097,-1.4342908935538565,,0.1734555698085171,0.2666666666666667,False,4
0.99810070395924189,0.053396652479142694,0.030721039371854275,-0.056371164153814858,0.99277878137806941,0.10588948530150925,-0.024845051982417196,-0.10742015057472486,0.99390323203141584,1.6157477958931694,-5.1072764409999785,-1.5718468098728411,,0.43278589625915,0.2352941176470588,False,2
-0.97886428175976403,-0.2027057612741604,-0.02711258455411393,0.2014559134561274,-0.93290164348515425,-0.29851304580579874,0.035216939510669676,-0.29766574866611822,0.95402037150290497,-19.352208371748485,-6.1892311702264866,-1.3028859502599539,,0.3771340012740294,0.2121212121212121,False,2
-0.66411171008639702,0.74034081764579518,0.10416866253186449,-0.74560541480664766,-0.64559464488853069,-0.16516694554982614,-0.055029100820644529,-0.18735802149576633,0.98074908607862776,-12.051579643653763,-0.11770749580488829,-1.2754495322434505,,0.1044977063252798,0.3047337278106509,False,5
0.3328855754236425,0.92423637910451595,0.18701419522229701,-0.93950066698164092,0.34206381893301363,-0.018189021909211435,-0.080781745561245358,-0.16964509812174186,0.98218880581451473,6.7577982838117725,14.298717915314267,-0.80009611069630393,,0.2468450242151336,0.32,False,4
-0.89603884242582776,0.43598839358235858,0.083836230387909536,-0.44370090545518814,-0.87273194279330302,-0.20363806747872842,-0.015617277689359553,-0.21966582959053796,0.9754501647690017,-0.055849946716759732,-27.007856040702656,-2.5701762276205642,,0.3434201991681076,0.8695652173913043,False,5
-0.58741026794670914,-0.80800649121742585,-0.045548735012935403,0.80602979423259691,-0.57907073218961636,-0.12244614298024226,0.072561339018321444,-0.10863975916709664,0.99142939981018474,-12.711976409551715,-11.76283004882146,-1.6147754086374344,,0.1484032994019298,0.2222222222222222,False,2
-0.91317923731960404,-0.40684189430301054,-0.024152713477446963,0.40639551984799804,-0.9045006032470092,-0.12931102108200737,0.030762996860857469,-0.1278996941580936,0.99130989415944204,6.7051440446198631,-2.8229267248602183,-1.6104936767305293,,0.338491781415841,0.896551724137931,False,4
-0.74495293130062834,0.66612770347902017,0.036318215875318055,-0.66554421251975759,-0.73835834901946718,-0.10898554773317615,-0.045782434710871338,-0.10536048163809529,0.99337965430188468,-24.433725010249795,-10.669321614968947,-1.3884595975118985,,0.1545220800197884,0.4347826086956522,False,1
-0.74947941979787336,-0.6613604137095026,-0.029715357602405547,0.6591849789964116,-0.7413540607167094,-0.12597348976807049,0.061284278285248399,-0.11400245539829938,0.9915884617109133,-23.131093854397179,-10.499257901904217,-1.3916590046516373,,0.07780898747649931,0.2727272727272727,False,1
0.056854742222371954,-0.98499269410113555,-0.16296297387509145,0.9946067242172163,0.070062460286808223,-0.076476897168077512,0.086746771863423944,-0.15773599534014265,0.98366373997689327,-1.8178261062477463,-10.137437397780545,-1.6854380578165151,0.2886186625830822,0.2477666414454782,0.2575757575757576,True,5
0.52071305351956942,-0.85177566726912746,-0.057759229068259865,0.84891660457012674,0.5237652245843476,-0.070785506999919798,0.090545648042596003,-0.012173831128356251,0.99581789673424015,9.1541300875061129,14.556916383638814,-0.70232106549545648,0.4205412868075897,0.214642724353128,0.4423076923076923,True,4
-0.95336419104810932,-0.30180611570826626,0.0031285377212546105,0.29967647223278338,-0.94776906249619686,-0.10921454191267162,0.035926747936578497,-0.10318368425371122,0.9940132776208439,-9.5992112603458697,1.5785891036168227,-1.3095736126835615,,0.07640656422956718,0.4290322580645161,False,5
-0.27997480920602474,-0.95456683941297182,-0.10206005733478839,0.95664452962405944,-0.26852240426050977,-0.11281383935722697,0.080282938102767987,-0.12922022869228189,0.98836065398532658,-19.442136036979171,18.065990828434085,-0.24145557609402826,,0.2382701303110947,0.2105263157894737,False,1
-0.53319942993965508,0.84193812616528774,0.082695584049637519,-0.84368198263999306,-0.52198354453006202,-0.12543480939708446,-0.062442614300467846,-0.1366505431716851,0.98864935592464043,-7.1905750183839565,25.374028446569582,0.50894299745570359,,0.1452273453738415,0.4615384615384616,False,1
-0.95745911639580439,0.28782479094591018,0.020710628853509973,-0.28834219022204577,-0.95139488866605082,-0.10819679828010514,-0.011437734413699063,-0.10956575896262156,0.99391374006722844,-19.101522221829413,16.833477607933652,-0.45034081576092727,0.4435008036278628,0.3372861337050241,0.8488372093023255,True,5
-0.74421854697337986,0.66265258900237622,0.083846888011893828,-0.66554372777267157,-0.72507160351211497,-0.17698224827034567,-0.056482747483521341,-0.18751724205741224,0.98063600952029839,14.449187741009057,2.7310578689905238,-1.391684198994823,,0.4902411954870022,0.8584070796460177,True,3
-0.68089722496833938,0.72606064644446011,0.095994305638749888,-0.7309041432582345,-0.66534970276677952,-0.15195034187557052,-0.046455380725587858,-0.17362520183662616,0.98371550099041849,19.198608523082111,-8.4295884015908893,-2.2166055870977033,0.3183299763189914,0.2531434897723157,0.8666666666666667,True,5
0.81979926722732643,-0.56655877391012699,-0.083308565940075519,0.57263893331107951,0.81200484030088427,0.11283967114576281,0.0037166530491013726,-0.14021160805506952,0.99011458501363558,-29.66228016526453,-8.6800431943472383,-1.2510206062471672,,0.4565551743860386,0.9354838709677419,False,3
0.30446629194356151,-0.94780562114711142,-0.094682530553827304,0.95040036899031188,0.30891574034164271,-0.036196740077719773,0.063556397736319492,-0.078965624743385698,0.99484924205412639,-2.2190964056707752,16.000801587017072,-0.70426289176154766,0.4036937174564943,0.293155814979858,0.8448275862068966,True,4
-0.99627724083385227,-0.085848888121522873,-0.0078503378771732808,0.085573042356516221,-0.973816739096246,-0.21061389573768674,0.010436178339670085,-0.21050160822248734,0.97753780444410987,-32.666554113558306,3.9701401283976381,-0.68630401790896489,0.3254038157712685,0.3312731113811982,0.65,True,4
0.097383869056974631,0.98486635301589376,0.14336892531042494,-0.99251376536157376,0.10677205262361456,-0.05929716980033712,-0.073707581803257982,-0.13652104407640694,0.98789128800136861,1.0792683066729221,17.450719265802139,-0.43925221807890819,0.6322209219261288,0.5001579234965258,0.8522727272727273,True,5
-0.97101410712631142,0.23454309863215955,0.046055820975380017,-0.23762924173437136,-0.92649354214229229,-0.2917911236507631,-0.025767173582658499,-0.2942775072149626,0.95537259826358212,-26.894736694978651,4.9903909229080368,-0.77245008664864645,,0.2612903659319879,0.55,False,5
0.62427444068801485,-0.77855898699419557,-0.064244271917716617,0.77983782891555709,0.62593436795482515,-0.007689447656565096,0.046199386315574104,-0.045299787897570908,0.99790457756265416,22.853978780546672,-15.6155813546077,-2.7491564798993671,0.6111412275162864,0.6745095178049683,0.4905660377358491,True,5
-0.74581698824436804,0.66523176277371077,0.03498173585002342,-0.66463170653834969,-0.73954489416332458,-0.10648025253951011,-0.044963481960593285,-0.10266475205219203,0.99369926737219683,-4.7010208960419773,-12.022788106324011,-1.7260268858286298,,0.0843737226898515,0.3098591549295774,False,2
0.97985309688842648,-0.19971777090338916,0.00084882480030759946,0.19876592911699872,0.97558040252769462,0.093461134308105154,-0.01949394625047661,-0.09140946444041137,0.99562256697520723,-7.4261326887692976,-15.868694126033075,-1.8338043911915329,,0.3950004098728034,0.6493506493506493,False,5
0.9835165616597944,-0.18081639814426245,-0.00077659708272714151,0.18059206801471867,0.98206357414521317,0.054200012059907987,-0.009037583253314373,-0.053446856776264096,0.99852979704647493,12.032548299589969,7.4621886792892518,-1.1380749432992814,0.1718296821099209,0.1488818864682656,0.2777777777777778,True,5
-0.61618924440217548,0.75420986821493385,0.22688827596481975,-0.78724135974952425,-0.58113021614507165,-0.20624915365378338,-0.02370351414444322,-0.30570434503028315,0.95183139097573899,0.47049764839870217,-12.976512262087628,-1.8717179471960517,,0.2227115629137539,0.125,False,5
-0.99617850980485689,0.086377451338389061,0.012934933446265191,-0.087265271608249928,-0.99049256846910794,-0.10634493019701641,0.0036261514189910044,-0.10706730456938826,0.99424516258221385,-9.3584968048978592,19.692357524070307,-0.18222917227821861,,0.1057407133194684,0.2962962962962963,False,1
0.98821961519522705,-0.15260027088471145,-0.01162538039416307,0.15302739978224963,0.98420210876039482,0.0890439443616175,-0.0021464061311489389,-0.089773974165701292,0.99595985185308322,-19.02857033910529,-1.0489377229818815,-1.154688327366685,,0.1184780818957743,0.2674418604651163,False,5
0.83587405886222088,-0.54697370306410142,-0.046198764891935862,0.54839275796336029,0.83579879736775675,0.026566018368403804,0.024081958693920977,-0.047540913694995642,0.9985789507047047,-16.779153924114851,0.99535836049504833,-1.148709004132342,,0.5987295648076403,0.2932330827067669,False,3
-0.29056020075469058,0.94925884783430936,0.12034288323650327,-0.95457646886455538,-0.27888855615229668,-0.10490442477496023,-0.066019200445566861,-0.14535753525554845,0.98717407386790812,4.4500164557471935,4.3533308002611664,-1.3706955445513003,0.3108012909783313,0.3413586399039092,0.6792452830188679,True,5
0.90017374080873325,0.43195127848058223,0.055725482298518932,-0.43189167150300412,0.90182095784472693,-0.01373113536314275,-0.056185589297909122,-0.011706964209827109,0.99835170483364089,7.5302438985001876,7.2894081174757277,-1.2717463076930786,0.2315351698864402,0.1318772989444077,0.3243243243243243,True,6
-0.68171184354880654,-0.72396717603102168,-0.10554852151951274,0.72832188200362191,-0.6578540425987246,-0.1917688578242509,0.069398836877787431,-0.2076043994384103,0.97574802832177299,3.6416477711068498,3.2709893714066003,-1.3783003117883637,,0.4715107100471817,0.1973684210526316,False,5
-0.31040669168906765,-0.94760953493669098,-0.075391346000165824,0.94752181498563559,-0.30204448868703715,-0.10474510480262503,0.076485919494862817,-0.10394852644869469,0.99163733691716671,-9.0228710713115241,-9.9351728330582727,-1.5943448921050067,,0.08846616030109042,0.1944444444444444,False,2
-0.71871603225054326,0.6674914223411974,0.19468555695521025,-0.69442963485938769,-0.67506436771645029,-0.24910957763330926,-0.034853223883778615,-0.31423446746102407,0.94870540856706054,-24.599424293837458,17.708949838281303,-0.14157903178421921,0.5740636301216815,0.4986481914751009,0.3142857142857143,True,4
-0.79621500591289962,0.59322714668034726,0.11884114102706551,-0.60301913032684062,-0.76219255628877414,-0.2354366912735654,-0.049087603516385234,-0.25912170804368584,0.96459646878969085,-0.36596318536547179,5.3850314384796754,-1.4886469082531513,,0.2112692812787572,0.2678571428571428,False,5
-0.81364044193269724,0.55829782972161945,0.16215043811132865,-0.57763329528547103,-0.74476733242794435,-0.33415774228021761,-0.065795193055524961,-0.36554774500233811,0.92846423662653421,-3.0388922125928111,15.100305284190206,-0.87127966723212713,,0.5071264150407977,0.2456140350877193,False,2
0.50807213478466373,-0.84181483564535475,-0.1822374504396371,0.86003443921116673,0.50736267759717213,0.05407288370488933,0.046941125104634385,-0.18420340895003212,0.9817665888107513,5.4631331391496358,-4.1575381277462284,-1.6206304082049643,,0.2845052982764898,0.2727272727272727,False,5
0.57861885768717547,-0.79754450223534068,-0.17065457650754734,0.81284200344387503,0.58108578328882676,0.040338441925260107,0.066993245675480359,-0.16205579105293533,0.98450486317746144,11.381963979958025,15.89118545099112,-0.47218912080276787,,0.2846805289065899,0.1666666666666667,False,3
-0.074003424023992265,-0.97825890033161544,-0.19373439848076146,0.99619360323032358,-0.063542955711392943,-0.059670743773169284,0.046062979883073826,-0.1974128078454821,0.97923765510873473,7.6092445845493533,17.51300579573552,-0.3769824642055668,,0.4718257199170242,0.3103448275862069,False,4
-0.29526801228060823,0.95227659817124621,0.077369771224028452,-0.95270879465107261,-0.28737467483212703,-0.098801563042444973,-0.071852303500720138,-0.10288380261503328,0.99209483903561968,-7.024594231648428,-13.508976287055324,-1.7632695610808666,0.1956400969132709,0.2754557313554024,0.8340248962655602,True,5
0.58562156998560744,-0.77931982840694125,-0.22295286905390121,0.80834631244857846,0.58190525736298815,0.089232900905986234,0.060196477624320226,-0.23247984107248593,0.97073657991060314,-12.008558967034816,-13.436486713622719,-1.7030818139190755,,0.3716409594960848,0.21875,False,3
0.98618249652311929,0.16149193093849556,0.036938324179416004,-0.16379474171541333,0.98390417232378891,0.071441320468062425,-0.024806574487592839,-0.07650448304246979,0.9967606021189821,0.32979852058218129,-4.5438024102497145,-1.540808773675004,,0.2365189713213617,0.4537037037037037,False,5
-0.21586894792316211,-0.97615195164712054,-0.022977480672709612,0.97140902021141817,-0.21231953955997557,-0.10623054444429969,0.098818585167161382,-0.045252407853699356,0.99407600655533546,-11.952901712333777,3.5593091477280914,-1.2512727059207844,0.6354452737871006,0.3683461634151237,0.9219380888290714,True,5
0.99008100301718915,0.1383238174065172,0.024619687296218013,-0.14006536657033036,0.98549854848301843,0.095782587276501491,-0.011013652981370059,-0.098280885608291957,0.9950977675445033,13.307903372420588,-17.451180353388221,-2.4945627873191634,,0.6094521394077388,0.3333333333333333,False,5
0.77273504341886157,-0.63368801320166168,-0.036332555607620783,0.63327680540176656,0.77357281974326964,-0.023357660297634308,0.042907346836913579,-0.0049592821030206725,0.99906674707370757,-0.005429926606859101,-20.838486593332387,-2.3047020733309842,0.3987930381542388,0.3399434842387051,0.8656716417910447,True,5
-0.40424421597393095,0.9138872882728013,0.037371622723762814,-0.91121568101995132,-0.39885160424278221,-0.10297271704828004,-0.079199725472806293,-0.075679733920941614,0.99398188180604574,-8.1440440779520475,16.918390224153104,-0.53962131855198081,0.1893186605180658,0.1683682656489406,0.2857142857142857,True,5
-0.74129855591939908,0.66617254116285984,0.081796065873803989,-0.66912702540484026,-0.72401330234185979,-0.16755226618850971,-0.052397279172530287,-0.17893821121452186,0.98246406636714367,-17.710023967307457,-1.717163897164647,-1.1908636399996435,0.8792180766346557,0.5367835886964459,0.5374149659863946,True,6
0.92390027460151214,0.36507259056116231,0.11458746097288201,-0.38118717087232779,0.90417896527492669,0.19276083501767996,-0.033235874497304266,-0.22177105847094766,0.97453218226545713,-3.991788332640327,-15.013225564757137,-1.8657958408617816,,0.2737774018601901,0.2068965517241379,False,4
0.68891588591692654,0.72144950474869141,0.070039376276228554,-0.72286621497983983,0.69095215130770704,-0.0070398752808979309,-0.053472772249206491,-0.045779216912461687,0.99751938624112269,9.7602670762389305,21.827759338696207,0.18879229693222194,,0.1711607453646689,0.2727272727272727,True,5
-0.50872893586825274,-0.85021585029711322,-0.13538049236841238,0.85647079499023637,-0.48382120843515569,-0.17993002972583527,0.087479409801104122,-0.20748505047811089,0.9743188937349766,16.465617857542018,13.612902850555624,-0.54930995378286529,0.5517897882884968,0.4713891921705398,0.4666666666666667,True,5
0.82458864373395979,0.5304102115304502,0.19677036395049941,-0.56308870063668437,0.80307883840204219,0.19492433025694139,-0.054632260069298492,-0.27153155767801601,0.96087768698449394,1.8634539789357296,-4.0134114344756506,-1.5515517180812171,0.3032191684840568,0.1054553268066988,0.2173913043478261,True,2
0.72952284551695279,0.67392666915928723,0.11670159581050032,-0.68127474339000982,0.73110128176282485,0.036819014430469033,-0.060507370523970122,-0.1063661619154489,0.99248430602788495,13.154375028048218,29.802289943925796,1.0099719332858146,,0.2976321171608847,0.1176470588235294,False,3
0.61503314539891796,0.78319084772169256,0.091358229545516839,-0.78548206989648162,0.61868139665688926,-0.01585078237251069,-0.068935824734699697,-0.062011494705891464,0.99569193357809693,7.4809046316271832,-20.677264287483968,-2.4415890954808308,,0.1040075851023132,0.5263157894736842,False,2
-0.60630589622646303,-0.79270201318611133,-0.063377271097084603,0.79192160015764301,-0.5945979933648714,-0.13897267893448706,0.072479924149966915,-0.13444978459319457,0.98826611599207448,-1.572533070357691,-6.7499018655124621,-1.5720857796473879,,0.0765225907749026,0.25,False,5
0.83076930582011821,-0.53400552120145828,-0.15703650477999676,0.55545349558106938,0.81358650108375463,0.17189653719916764,0.035969080526612525,-0.23003284239571709,0.97251792614091059,13.445384156431993,6.6258415467667326,-1.1446255374047629,,0.5047243371934523,0.2790697674418605,False,1
0.67841981074031243,0.72930227689771499,0.088683421826680098,-0.73278200609207289,0.68038281424670022,0.010476527354943005,-0.052698120865522641,-0.072093099458620274,0.99600476558483109,-6.7526506608064141,-29.788956206284833,-2.5393702976643739,,0.213524289032235,0.5833333333333334,False,5
-0.44853899011681142,0.88756672498114531,0.10506228177244384,-0.89028761328877815,-0.43334029921443529,-0.14001482314852243,-0.078744777411326253,-0.15633775546228451,0.98455968140456251,-23.793837582232108,-6.2772686484959177,-1.2256519598742368,,0.2089606639148704,0.5178571428571429,False,4
-0.96545182550024855,-0.25838241229551212,-0.033783156373977698,0.25870151571771144,-0.93485144837872314,-0.24315899166915714,0.031245774171803183,-0.24349804615346404,0.96939795910443805,-24.66760183220007,-12.538907246168613,-1.4805945688087074,,0.9244466178601376,0.3695652173913043,False,1
0.63816259027933719,-0.76742446669120912,-0.061710584924142498,0.7679032243569921,0.64022957996282714,-0.020753866212264202,0.055435966574971698,-0.034143416119875682,0.99787828954515456,-6.8710140347383808,-23.228876981827732,-2.1644875150273748,0.2793421964326064,0.2148117871951059,0.6808510638297872,True,5
0.99783376387823641,-0.065549423674271162,0.0055724967979617424,0.065564104933559728,0.99784524292109078,-0.0024938572555274208,-0.0053970185152134023,0.002853810736661435,0.99998136380405933,-13.365819961936314,7.1010188995777686,-1.1827049343408578,,0.1881232759239823,0.40625,False,1
-0.48417830275558832,-0.87353792444440004,-0.050028648773337382,0.8717670206043111,-0.47672960984053125,-0.11292094973022412,0.074790593843068354,-0.098287199871920958,0.9923436871436917,-6.8260814600181856,14.312156274533123,-0.91073790946899102,,0.07499102365248547,0.4210526315789473,False,2
0.50170452269898402,0.84988929648593892,0.16118546963675282,-0.85811536242235142,0.51250073539947227,-0.03132125460061614,-0.10922727076211977,-0.1226017126048236,0.98642699850937954,2.7784334181130914,14.084961627487326,-0.84020435214635814,,0.4770776846297252,0.3793103448275862,False,4
0.26110954979386553,-0.9645899383129537,-0.037256595548398629,0.9628346496772987,0.26300791783918009,-0.06145138350511236,0.069074165845402782,-0.01982639804178115,0.99741449435701024,-13.984615342713379,16.170635436683135,-0.74742420054960179,0.4649046160359426,0.391614942617482,0.9210526315789473,True,5
-0.14891898032079484,0.98707549860592581,0.05920386264491373,-0.98578323819482228,-0.14347971502806611,-0.087435568675424111,-0.077810954205333904,-0.071382991162657561,0.99440933421721633,-36.968232164457717,13.847734724797757,0.2902958292136234,0.4813087063055527,0.5006700457775478,0.9772727272727273,True,3
-0.71907034863084263,-0.69342860453533506,-0.045766845336946367,0.69203376983318898,-0.708497554817896,-0.13827681015820059,0.063459397494643174,-0.13110295659991764,0.98933559505375979,-6.1956619832350395,-6.8723776309701092,-1.5114316461335153,,0.08184680953922922,0.2960526315789473,False,5
-0.98992769283441018,-0.14154902252005347,0.0026527689606639527,0.13831164411030392,-0.9709466377743452,-0.1952754866802266,0.030216751364862595,-0.19294170316007916,0.98074484302424048,-19.080539982897125,-3.3089698634730143,-1.2141998471138444,,0.08371286582090791,0.2115384615384615,False,3
0.35347290453585894,-0.93355465191205833,-0.059435828019282148,0.93348699919720934,0.35612897078945555,-0.042120998257771117,0.060489074127248008,-0.040593941146396945,0.99734307229429842,2.7345905302689126,-10.615161384309724,-1.8027878119175014,0.580795115032636,0.4652334794176428,0.8802395209580839,True,3
-0.38432073667094852,-0.92136271971706796,-0.058209192403499574,0.91810672711232366,-0.37482639317532673,-0.12878358828000208,0.096838055514333429,-0.10293645464432705,0.98996286663160271,2.5321778094826901,4.9050695959236315,-1.3987815943851767,0.3731624819909657,0.3604545124389631,0.22,True,3
-0.86718779290281012,-0.49391183508177783,-0.06353291278149921,0.49671022714063262,-0.84879647980855077,-0.18117253135757538,0.035556744708310793,-0.18866805514119558,0.98139700573976951,29.750296933879333,3.1888960650600655,-1.3298398681226058,,0.2801044610188508,0.3,False,4
-0.90782231348866305,0.40624858091774707,0.10402277459483389,-0.41845336405087635,-0.86130064324224709,-0.28819782106219244,-0.027485073159728826,-0.30516109262618579,0.95190402788337691,-0.16990834396448753,-14.609651014082164,-1.9695671965787052,,0.2438262994600432,0.4117647058823529,False,4
-0.79690471894070525,-0.60016818035845143,-0.068855095782809225,0.60237348121863699,-0.78081862302018534,-0.16573613688451086,0.045706214616560076,-0.17355239332860298,0.98376344144074501,-22.439180790770358,3.0305963941249501,-0.93095069202114289,0.5819188847994431,0.582063501764881,0.7702702702702703,True,5
0.9980619502688115,-0.062192654029567959,-0.0021017160548626405,0.061998205798179488,0.99090568353549902,0.11942423880792692,-0.0053447079829847203,-0.11932309131850657,0.99284109200554971,-8.4480139009619037,-6.4814661276911298,-1.4959116984815628,,0.08719445004869752,0.4038461538461539,False,3
-0.94682299861811647,-0.32160989864593037,-0.0096582804241688233,0.31965919367497936,-0.93681169367749417,-0.14213321388108385,0.036663458468337941,-0.13766235390279463,0.989800417827292,-4.2347181696875307,-7.5512746273205149,-1.5557850665642994,0.1034199711147829,0.09346499992262207,0.2589285714285715,True,5
-0.94869400543579341,-0.31617155718412571,0.0039026244959152415,0.31352455328029372,-0.94220907774525775,-0.11808644420433316,0.041012663173502724,-0.11080433313817659,0.9929956501502013,-28.054433722400702,-3.9880764656335903,-1.0772196876365066,,0.1137201483246826,0.4615384615384616,False,2
-0.26105331584784375,0.96463739615214439,0.036412363692252273,-0.9623949971462803,-0.25713951879309088,-0.087607861192181391,-0.075146761424939576,-0.057913399310251024,0.99548932813349367,-22.930611217121971,-8.1158289167784634,-1.305124716352595,,0.07541994696252387,0.5,False,2
0.98634062751421014,0.16157921307915576,0.03200506859225126,-0.16309471739808831,0.98521986582459453,0.052363433246930796,-0.02307118704600274,-0.056868039224935843,0.99811509679144705,1.0121160089288441,-21.414475138261611,-2.3595681390762668,0.3276743973918547,0.3389777883870152,0.8378378378378378,True,5
0.98478487197482723,-0.1737013665411162,-0.005156664742985104,0.17363349965403641,0.98474271686470261,-0.011540770330243422,0.0070826356262680395,0.010469806286292514,0.99992010652297281,-5.4765275047075503,5.7843139921509543,-1.5197315700143716,0.2705835264342414,0.1290642348170944,0.2083333333333333,True,5
-0.16528029951588422,-0.98120634021068243,-0.099581828273521328,0.98385526077785013,-0.15700979609572049,-0.085888007135617353,0.068638534597463469,-0.11216970116897768,0.99131564585049003,-25.36648632453204,-6.4999587076007286,-1.2122146358996819,,0.4101006577416098,0.9078947368421053,False,4
0.859178286277819,-0.51021642783517873,-0.038624722080799687,0.51067177934764818,0.85977273217096561,0.0022765748789290302,0.032046936930326918,-0.021680539254871789,0.99925119367004056,8.7253180140744178,-5.8447789042192309,-1.8071791812971971,1.286611137113218,0.7785127797375638,0.7804878048780488,True,1
0.74459394798958567,0.65020167412551055,0.15105507466373214,-0.66464284687615904,0.74313438284488853,0.077467251984960475,-0.061884882755296966,-0.15807932185497958,0.98548525574370371,6.3073387532253609,-6.9395429002741169,-1.768801602533338,,0.08468176906264675,0.2307692307692308,False,3
0.79464807182450359,-0.59826138230213233,-0.10304251739713989,0.60597039208287617,0.79191160373819747,0.075338541157370931,0.036528425431755288,-0.12230834113312733,0.99181971336767594,-17.418277395049252,4.1990122902414235,-1.0678451823377748,,0.2799903438151673,0.3629032258064516,False,6
-0.91758223892707691,-0.39751462026069212,0.0049961469724210984,0.39536097485730526,-0.91378267909042832,-0.093225076852743921,0.041623723589480813,-0.083566393205142808,0.99563252435887695,1.5822999599993768,-7.1788790025576397,-1.6418152660449503,0.2280714812601524,0.187301397212275,0.7790055248618785,True,5
-0.77799876469870277,0.62749788032553078,0.031053700492163903,-0.62657316889532422,-0.77132855849154813,-0.11161683957101161,-0.046086724202995602,-0.10629517882912179,0.99326600103392293,1.2937073319778607,-14.297992729193645,-1.9909982550111174,,0.09773833754870488,0.4848484848484849,False,5
0.77888475568581772,0.6112548806053365,0.14037809051414962,-0.62450773043183805,0.77649482808164727,0.083939719997903464,-0.057694297734850714,-0.15304657101224978,0.98653338266389845,2.7690057014389025,15.682668122024813,-0.64686654313245473,,0.09236148483151836,0.5,False,3
