axis_00,axis_01,axis_02,axis_10,axis_11,axis_12,axis_20,axis_21,axis_22,location_x,location_y,location_z,dbh,dbh_approximation,score,reconstructed,number_clusters
-0.75014043277593045,0.64025181996726666,-0.16542955643821339,-0.65627092997241865,-0.75151688957331908,0.067311448945791511,-0.081226828005763155,0.15905964829160191,0.98392186208940169,-10.079292445419608,-6.1979232061772969,-4.3765541450878684,,0.0669599174607422,0.2,False,4
0.9476820063276169,-0.24496095109123792,-0.2046776668895228,0.28036353909369727,0.94529483005792825,0.1667752086270885,0.15262732661525349,-0.21543401938001361,0.96451702030811892,5.9126029929628201,7.545592644362376,-3.5184628415610186,,0.09246655167893401,0.40625,False,5
0.88489421257579015,-0.41907605958545008,-0.2033162286493774,0.44850814775844672,0.88440494586675067,0.1291058988610444,0.12570868682856035,-0.20543404783229841,0.97056384542547069,-3.4588164620767943,-7.6101853762343108,-3.12841299942902,,0.06627767531972742,0.3432835820895522,False,5
0.97951457463531721,-0.056986253073298992,-0.19314182622534312,0.092794055365123626,0.97895411789168474,0.18176385325968747,0.17871894517898515,-0.19596275672581445,0.96418781189689973,-1.3509730658842773,-3.341357433102476,-3.2964227807421951,,0.08001736690113267,0.2538071065989848,False,4
0.28702918527353188,-0.91078308029946631,-0.29679694648265681,0.95746835133710551,0.26324288838391358,0.11814202428898858,-0.029472071339118965,-0.31808389200887066,0.9476043661019462,16.537785330963526,0.26919726834914148,-0.875107458077238,0.3066148403608791,0.1467215081985143,0.1111111111111111,True,5
0.73185868362540418,-0.64632848725059822,-0.21596840919552029,0.67712012998223903,0.72541131689991867,0.12363960080152819,0.076754131972983336,-0.23672327279310496,0.96854060077169457,3.8714986135145439,-6.8467402463777187,-1.9858854438685005,,0.2585025745874391,0.8131868131868132,True,5
0.96617213659716417,-0.16376896810729638,-0.19922632242839852,0.19407837092164953,0.97043592107785903,0.14348417690521797,0.16983812411726498,-0.1772959338700146,0.96939216183621468,-7.258039663254138,4.1800665716684433,-5.1646960553448142,,0.1340852935726009,0.4539170506912442,True,2
-0.85830236033812113,-0.44576349493055029,-0.25418883694079025,0.47285321227050547,-0.87946255994733036,-0.054364007361054262,-0.19931607532628817,-0.16685476390618825,0.96562549152263777,7.394766137463634,-9.7191527360654462,-1.0752777875891808,,0.342934077449457,0.3846153846153846,False,5
-0.61072655993049985,0.79142033515210397,0.025824835007983993,-0.79024127341489236,-0.60709565602499127,-0.08338821395854161,-0.050316983087895131,-0.071335247552087422,0.99618245500993219,2.016532133666324,13.766780900689506,-4.7586236365020467,,0.2556788117925186,0.4444444444444444,False,4
-0.61032729973975619,-0.73968239878802344,-0.28349697726002759,0.76892417911718791,-0.63921914377843181,0.01242952115437472,-0.19041059309118274,-0.21040160443866307,0.95889257525976279,-9.7024918422464452,5.9100868389701393,-5.7507639056467408,,0.09971459613384617,0.1942857142857143,True,5
0.98321497518995982,-0.048311565895525224,-0.17593835614478681,0.080552761912363047,0.98017661387928723,0.18101121001867707,0.16370572717683907,-0.19214525288140161,0.96761595516229748,-3.4203038190269259,-9.8824909490520074,-2.8538824645783651,,0.1605787643374474,0.5,True,5
0.27429453022865424,0.95198616167454597,-0.13595903304601775,-0.95237586287618448,0.28850515866601362,0.098716712029638526,0.13320182617924611,0.10240664726112571,0.98578402913581942,-18.422899005296685,16.305964156438463,-8.3017737190751895,,0.2207785376131361,0.2592592592592592,True,3
-0.75824960442673517,-0.58831113188873829,-0.28097606567551503,0.60514640453264779,-0.7954520678787147,0.032462852442230697,-0.24260124993063975,-0.14541671088038202,0.95916558201846602,6.9064305329442481,11.112661817022436,-3.8046267414750949,,0.148396978796284,0.3225806451612903,True,4
-0.88646565058528337,-0.36267226594557389,-0.28748474367575361,0.41301369178657549,-0.90022928603027064,-0.13786559748629462,-0.20880215690752413,-0.2409482518868574,0.9478109511835332,8.3067458297334742,15.137293490524108,-4.1563400039456386,,0.5777537894900298,0.4827586206896552,False,1
0.66193493202796505,0.736841685229356,-0.13750082425024657,-0.71411659138107675,0.67567523371535609,0.18303134282950717,0.22777102466162535,-0.022963219549162417,0.97344391254582907,8.5848845046716509,0.36362678585345126,-2.1650974137241783,,0.8122588975170251,0.8,True,3
0.52982730856705607,0.84251131103154075,-0.097250778302823276,-0.82893719352091044,0.53867804747031911,0.15062898250749251,0.17929348090286812,0.00080743883992762111,0.9837953017514639,10.735370705058738,-15.679067131142546,0.24360274036507379,,0.1391345319187237,0.3636363636363636,True,4
0.86033260707780701,-0.45574442874367277,-0.22830860883419959,0.49424991965039189,0.85539958867577015,0.1549469606636554,0.12467887601468571,-0.2461474341983409,0.96117980550638293,-8.1750035672365211,9.7700024374333356,-5.9187919969820184,,0.3257359281132942,0.21875,True,2
0.44242642801162607,0.89333184240716468,-0.078848431425714308,-0.88127122275251002,0.44937275277441313,0.14637336168935741,0.16619232155900157,0.0047274100063804947,0.98608202693764924,-4.3256274444888181,4.1745605389638136,-4.6247061884892275,,0.1074787838843618,0.363265306122449,False,3
-0.67963582089064589,-0.65228993663155665,-0.33557858920303429,0.69634092457759944,-0.71754308830864022,-0.015531683067659174,-0.23066093670301677,-0.24423299324558909,0.94188416341373316,-2.1160862419377562,-12.437201050989792,-2.3432194387104781,,0.7354234752667234,0.6075949367088608,False,3
0.54671073315580609,0.83235964586164457,-0.091020844828638342,-0.81765667933047304,0.55412790981255788,0.15614036733987141,0.18040213135798897,-0.010939812971159285,0.98353209987963841,-0.57679472915499275,-3.3884459050254265,-3.1697010519234823,,0.07284840351006294,0.1844660194174757,False,5
0.61876071009278455,0.78557819756705649,0.001441926755982037,-0.76216350563639035,0.59987130008601763,0.24343626272427152,0.19037325001565364,-0.1517277787368139,0.96991582461473014,-8.4139639000847239,12.97986335362201,-6.3445956376984123,,0.2962601667775126,0.1904761904761905,False,1
0.95200407595195458,-0.21248845716069845,-0.22031090518703547,0.26201115392302321,0.93782481241709559,0.22767252015727529,0.15823525078436462,-0.27446908166186057,0.94848738980594993,0.34573805442561678,-8.4363868456704001,-2.3895581069533756,,0.1008599760973839,0.359375,False,5
0.57499734283894921,-0.76959333403369778,-0.27767635106189015,0.81803112937416878,0.54669829903231593,0.17873455516490191,0.014252266590648835,-0.32991979335297617,0.94390137347657221,4.0773647081529898,6.7168674097449932,-3.6984715856821468,,0.1203040901482263,0.28125,False,2
0.94020975338715607,-0.27631514835778426,-0.19913703428463486,0.30562606675786386,0.9425028851269377,0.13520731801761846,0.15032739921179381,-0.18798470766372255,0.97059951717008597,5.3187742619167242,1.008476427409986,-2.7465587994063743,0.4726704051247538,0.2883408633868871,0.8465116279069768,True,5
0.91446106598135501,0.379382157120217,-0.14081952159787425,-0.34822597816907452,0.91499631003391013,0.20376560247627429,0.20615437645714513,-0.13729869439706593,0.9688392238056972,3.7332999494780053,-5.0259721035813207,-2.2233814339904923,,0.07796687840388658,0.26,False,5
0.21791171211968074,-0.88924132416148172,-0.40219939473425892,0.97468686975594598,0.17717429622709457,0.13636265867820904,-0.049999916464184987,-0.42173348949303102,0.90534019693903267,6.3257420488071521,-0.11235181203148231,-2.4913692855334268,,0.241621404783324,0.36,False,2
0.98341248463702702,0.0058350280079038815,-0.18128937505594997,0.032357672701970805,0.97780620462137902,0.20699760196979661,0.1784737125667028,-0.20943012832942917,0.96139802125372487,-15.191381234996804,3.8373628577492553,-6.388571067037268,,0.1527051290196343,0.2857142857142857,False,5
0.36108681832922207,0.93248982924127877,0.0088897688637966099,-0.91810618004406064,0.35381443912603466,0.17859559017745558,0.16339324280331655,-0.072650265157821942,0.98388240515760605,-4.8253060961472194,9.1384039976534979,-5.3004911812688489,0.451608753539429,0.2254937357661322,0.2295081967213115,True,3
0.97342552118821746,0.08980297036676177,-0.21066129500398156,-0.029126106069973706,0.96098240392561629,0.275071789339702,0.22714406143381491,-0.26162615667905093,0.93806040823429959,-4.2895303741615827,-10.968313542028488,-2.9117970953746841,,0.4081933141657749,0.4545454545454545,True,2
0.88854418854317618,0.45644923672135224,-0.04629599661573075,-0.43329890760830947,0.86805809865092698,0.24233694318445054,0.15080212754332911,-0.1952670777756273,0.96908693452412864,0.62827875527234311,13.725624031307158,-5.009679204035324,0.3804796060763648,0.7043698138165934,0.3043478260869565,True,4
-0.96785669861065005,0.17844581808300169,-0.17723007917163003,-0.18727278917147477,-0.98171048050495513,0.034255436103874354,-0.16787588686416632,0.066344724548516337,0.98357311072138998,-1.7280750566383531,3.2679293733340473,-4.1196979119270019,,0.09392065351622793,0.4336917562724014,False,5
-0.97089657699760556,0.19141838554083887,-0.14394039895481878,-0.18241014480676548,-0.98047181313018561,-0.073495324536885842,-0.15519786031356403,-0.045100170001298567,0.98685338263591438,29.061589875192421,-5.0024572452471272,2.0180630296059694,,0.2577231212903663,0.1764705882352941,False,5
0.95833640418874033,0.20589542404122918,-0.19798588526831573,-0.15967772525252119,0.96086930448873176,0.22634752870204244,0.23684248027914359,-0.18530314096157158,0.95371294710987331,4.7326441846931324,10.015506056522648,-3.9596101406726891,,0.2184809752099782,0.2068965517241379,False,5
-0.5882410434593327,-0.72850215234312421,-0.35107988951421298,0.78196299109342926,-0.62308553681961887,-0.017271200491735639,-0.20617069469275678,-0.28469110951633836,0.93618620840742106,32.508232877152359,-7.0115272864880422,2.8395958800560748,,0.4585668855830961,0.3076923076923077,False,4
-0.98001429358426728,0.071396341530564081,-0.18567322582047208,-0.08528478068468813,-0.99403943806508421,0.067912456551172645,-0.17971780811620652,0.082390278475687209,0.98026187901937933,5.3231892104216483,-11.811115060621228,-1.162357364072885,,0.0703594737834899,0.2571428571428571,False,5
-0.79201739897153922,-0.51405596316100621,-0.32932492536242708,0.57471907362932728,-0.80977276261520492,-0.11817808313383328,-0.20592820625889457,-0.28286841404644231,0.93679188414601722,5.5801481631146128,2.1083121841124877,-2.8553611359607287,,0.2036451577905605,0.1463414634146341,False,1
-0.31695228908997614,0.94727233254506282,-0.047078386073233836,-0.94761890471099364,-0.31422014819169303,0.057307154044915168,0.039492504035088721,0.062776002302046913,0.9972459654769289,19.972360632769387,-16.800966899524248,1.9344253938338074,,0.1563009852276944,0.3333333333333333,False,2
-0.64906416264934375,0.74772074084711659,-0.14010498374914082,-0.7566997790816945,-0.65351964954569042,0.017818866276891221,-0.078237823985730343,0.11758299777059021,0.98997630352107946,7.5491052774660101,-8.4669356034759815,-1.198563452190669,,0.1553220928466809,0.2162162162162162,True,5
0.81804914632344605,0.57106819412842846,-0.068386488829128234,-0.53648421856611372,0.80050229090248393,0.26717179022003978,0.20731685273751177,-0.18187138289123528,0.96121928957769154,-16.109030012381083,8.5391117007115547,-7.0798695544490711,,0.5804316237641436,0.6382978723404256,False,1
0.64981100640240896,0.74985652491241406,-0.12434165836342387,-0.7322214242251972,0.66144319247284755,0.16231047112540767,0.20395450930026615,-0.014425504414261187,0.97887407921472813,-0.70060614285652301,7.3490311728269067,-4.4449245497371805,0.5104118437779016,0.1565170943746485,0.5,True,7
0.34335118001570708,0.93601768839099708,-0.077335982576001883,-0.92720467934626338,0.35093422765554499,0.13090702982727398,0.1496711387683482,0.02675920176276414,0.98837366180043762,11.434564236032681,-6.1817753945008969,-0.8270399755965171,,0.2179808681235279,0.3714285714285714,True,5
-0.51098222798378434,0.851725790167698,-0.11601870990464887,-0.85943048600627991,-0.50882234653679514,0.049790153522554101,-0.01662535436428679,0.1251518998177833,0.99199828606921603,12.47174053258961,-7.22002722709066,-0.52612620464068582,,0.1712489192153104,0.2941176470588235,False,5
0.68110188051749443,-0.63590472475781112,-0.36293995286579706,0.72948331475435624,0.6319223628669941,0.26177895408835616,0.062883398846846086,-0.44305677778281316,0.89428539617405212,2.8387788053094525,9.7829872215566418,-4.154676829424587,0.3596799462215905,0.3986718048219154,0.4074074074074074,True,5
0.62175606941098416,0.78228319020773673,0.038110372197206643,-0.75963759974808531,0.59047955304758992,0.27255203995143068,0.19070948376934777,-0.1984109567315393,0.96138597090310429,-13.15038109567819,-1.5543552950244086,-5.4607346596837996,,0.3499333577959014,0.1111111111111111,False,1
0.25326964288886578,-0.93236647315954679,-0.25796753229616765,0.96610375701852402,0.22999579426907188,0.11724105634644964,-0.049980182729149399,-0.27891700261290364,0.95901370531801799,-1.9938177345624557,-2.3329325654104283,-3.5135644380072657,0.5208261408622631,0.2576333225922768,0.3723849372384937,True,5
0.49165556710068109,-0.8177585014131411,-0.29924210383140076,0.87070646758003334,0.46642235934966447,0.15595008821092193,0.012043697655188493,-0.33722576423699829,0.94134676569347386,6.6535140882144326,-14.099970092173722,-0.69270723808901735,,0.380854767582002,0.2666666666666667,False,2
-0.67615647774369081,0.73644323942727585,-0.021535382678439574,-0.73427423415547399,-0.67598716560947303,-0.062311323101534977,-0.060446394935007766,-0.026319328128426772,0.99782439652788113,-5.1842738854556885,26.429900757134725,-7.3399933059140814,,0.1013666435439881,0.25,False,1
0.97006564668561013,0.18984206193727166,-0.15143524239698947,-0.1391350208128706,0.94558415763294468,0.29412930288734712,0.19903287945420428,-0.26425478681189479,0.94369238660867072,-3.1063568797135619,-8.7605176416199928,-2.9475123441571536,,0.1276879276434486,0.2727272727272727,False,1
-0.70828880526864091,0.70008178700892953,-0.090622623166092334,-0.70202571405341563,-0.71202098575778905,-0.01363864539817107,-0.074073376721410483,0.053959311883016337,0.99579190974932019,4.4928201796406704,-9.0993047443854067,-1.6323078374825395,,0.4263852365057291,0.8031914893617021,True,5
-0.29190986246675105,-0.9213247105176684,-0.25680617201340766,0.94482899401478437,-0.31949615869578818,0.072252173999465097,-0.14861629878198268,-0.22154679498510771,0.9637583791429124,-10.669978479803465,12.236826851508432,-6.6132572163109486,,0.0952149858299709,0.2105263157894737,False,3
-0.98037449765128093,0.067694179914052244,-0.18515761491432831,-0.079457516126986219,-0.99521534474293016,0.056858778734163083,-0.18042269116141826,0.070455060811660017,0.98106255504942019,-9.7753275796768087,10.957641568074443,-6.3137482117636274,,0.1547742280415312,0.6091954022988506,False,1
0.21389597689104642,-0.89564581519068032,-0.38995779874397596,0.97666875042940671,0.1882510304774869,0.10334264104824158,-0.019148446529324251,-0.40296417118099537,0.91501541721433721,11.37131660856682,-2.5068007134639703,-1.3339650590297134,,0.4045820833996661,0.1408450704225352,False,3
0.23426090486684131,0.97048927090302051,0.057204925601661044,-0.96435961985804364,0.22452973238096444,0.13998900979784462,0.12301362541693214,-0.08796007241388179,0.98849920264142177,2.9140650557369732,7.700993267616032,-3.9533168955982134,,0.3677415035009496,0.1636363636363636,False,5
-0.020826033651443969,0.99887979693176743,0.042490323650220263,-0.99574358949566111,-0.024539709990936853,0.08883978057074117,0.089782962195762109,-0.040459287130549582,0.99513921929760274,-0.79679090489310922,1.7210393758844609,-3.8267722724382573,1.32137426214827,0.551618927570827,0.3636363636363636,True,1
0.98212406051016188,0.0037975861181915455,-0.18819646146171012,0.018971687788273215,0.99270848444542381,0.11903755698323037,0.18727627940958869,-0.1204800533272892,0.97489084102824408,-1.0517519812830791,-7.0770898150582751,-2.7869344037129311,,0.401726704822306,0.9481132075471698,True,5
-0.52504099513496516,-0.82461036242010222,-0.21059369320345922,0.8336882424416453,-0.54808317327575684,0.067592526114480772,-0.17116035709896538,-0.1400806387812539,0.97523409845861608,7.3373632420420432,-12.378515557692616,-0.74905977407181257,,0.08964850228721641,0.1111111111111111,False,5
-0.85123277281891041,-0.46498067516277025,-0.24330174311788946,0.48158851601756458,-0.87633897638353997,-0.010124214095387579,-0.20850723661069648,-0.12578938824966018,0.96989781012473009,-7.4212137278438215,12.352618073952261,-6.0930776235408599,,0.1191308936498293,0.5,False,1
-0.98005917181592783,0.1202939718037091,-0.15815618889934779,-0.084383719011230277,-0.97255725713346441,-0.2168219766602687,-0.17989832602142658,-0.19915255947318578,0.9633145126852225,-15.703208528569464,9.3899101802222056,-7.0934079638637817,,0.5419343951629794,0.3650793650793651,True,1
-0.65719321208930737,-0.70947098407803588,-0.25445629238649636,0.72937219331293723,-0.68374284682711839,0.022625716223421244,-0.19003495890391767,-0.17072387695952565,0.9668195654982864,-0.27442762523532271,11.54798496348495,-4.9029884827428774,0.7044570320305157,0.2520892319912168,0.6590909090909091,True,5
0.5122041922443632,0.8489777527541067,-0.12993706467320557,-0.8399500085150845,0.52673382317223549,0.13051997058638926,0.17925079816506018,0.042287762472724519,0.98289414308064815,11.201821083334425,-0.38378382324293359,-1.6706281693774494,,0.101919897687378,0.1818181818181818,True,5
0.092600740982286781,-0.94632383593067093,-0.30967127783989379,0.99325697608580765,0.066004429188043584,0.095309993098511403,-0.069754442341754819,-0.3164089329918196,0.94605481072534559,2.0817523092548122,3.6389352148323408,-3.585095853948983,,0.076972205411139,0.2558139534883721,False,2
0.98148499800004041,0.077150470173644584,-0.175314014422258,-0.050649678112458747,0.98725057284694229,0.15090035295018278,0.18472089434594674,-0.13922683421442511,0.97287927299673926,9.5877098797513813,11.913128545053327,-3.5654315113663575,0.3964780867138202,0.3651353030164833,0.8125,True,5
0.26888407354012284,-0.91208639059541163,-0.30951538101862347,0.96239755551094219,0.2415292380230665,0.12431642018076161,-0.03863030084056622,-0.33130355155148983,0.94273307812250673,-9.6379942379765353,-5.1894397600905338,-4.4750392643916115,,0.1370562603100406,0.2597402597402597,False,3
0.068989067207759075,0.9962914283357166,-0.051418852871106285,-0.99194838370075444,0.073992767365018683,0.1027787645923342,0.1062022253969449,0.043914236899249781,0.99337436403316359,-7.289683739705163,17.786640179411346,-6.6800139140343413,,0.1090430253400939,0.3,False,2
0.95297100071246332,0.26971056842312041,-0.1382117255588847,-0.22204310749354478,0.93175758946089859,0.28727104430594175,0.20625986089323656,-0.24307201353280777,0.94782533518650469,12.123529841800524,3.7190389902464416,-2.0678614281038494,,0.1957328422225417,0.3333333333333333,False,6
-0.4044665155261471,-0.87436734983325315,-0.26812044935757956,0.90734621678677707,-0.42037870511611836,0.0021417674053254149,-0.11458481880624466,-0.24241180216827102,0.96338301701279272,-16.824079432109677,10.55853224939931,-7.4216461078709353,,0.1362634603015437,0.1875,False,4
-0.63162553705819602,-0.71624684719920417,-0.29671473642733781,0.7516307639266151,-0.65953621223643533,-0.0079485513087612231,-0.19000098856331737,-0.22804043199839519,0.95493307918353443,6.760418719391696,9.5162963426520815,-3.6546089218080131,,0.1703505290285364,0.25,False,3
0.18669127578004088,-0.94538386955001896,-0.26719975064033052,0.98106314760372448,0.16512312371210205,0.10123958923974079,-0.051589417146294413,-0.28104037647674729,0.95830832138112798,5.7966025732387765,4.4462537642344353,-3.1176844854913246,,0.136642588367404,0.2666666666666667,True,5
0.47613328435920527,0.87774294655575136,-0.053520232594260975,-0.85918169211435946,0.47730561494874757,0.18435338313658434,0.18736038925243065,-0.041793177792861597,0.98140176015185121,8.3719857596198377,3.9392024393112575,-2.6553345615498931,,0.2149658603483723,0.1538461538461539,False,3
-0.79735750848705844,0.60177745211072664,-0.045660724812825293,-0.59626872040781176,-0.79721887099774902,-0.094369935828658894,-0.093191291023042591,-0.048020514951386511,0.99448952403796698,16.100510059139097,-19.096322852450282,1.5548572475695641,,0.4137535806568758,0.1071428571428571,False,4
0.23021280569901212,-0.94458965487124802,-0.23399241013846123,0.97196184794785057,0.21135818919709029,0.10304310745084568,-0.047877241211127172,-0.25115353823815412,0.96676246824360512,1.8938041340678469,-5.0236695798659374,-2.5696679835720695,,0.07543798783219671,0.2843137254901961,False,5
0.93718040154689652,0.30583401724906567,-0.16780479388174965,-0.27774161917617934,0.94521615749829968,0.17154010779273779,0.21107460276829226,-0.11415765194435366,0.97078089318278205,7.0697555910295176,7.2517983252886058,-3.3091302888798069,0.1790211134967856,0.1357914655981448,0.282051282051282,True,5
0.98005636532419871,-0.060810137061163283,-0.18918680719892692,0.085381432125090653,0.9885311179530929,0.12456419985966116,0.17944227995595124,-0.13823297750179425,0.97400827106097976,-7.0280817012087278,-10.102363312471837,-3.4571082564196045,,0.08418252881024355,0.5,False,5
-0.17427853595215034,-0.96307944256062672,-0.20519497855329943,0.97543351273283985,-0.19736446795453899,0.097860763468797463,-0.13474588729920164,-0.18309902814088277,0.97381635422178892,-10.594323937956547,-7.3044126980902968,-4.3391528571287585,,0.4444661727027093,0.9795539033457249,True,6
-0.24458226447422279,0.96962406320083949,0.0029482141302278053,-0.96861414650767608,-0.24446430522698309,0.044987094317108178,0.044341302302360282,0.008147363486721293,0.9989832177661182,-5.1822744068120121,20.217272120331163,-6.7053883467957913,,0.2137282000757931,0.4,False,1
-0.40827098669711848,0.91243562142125145,0.027857461890430729,-0.91271354206800559,-0.40746694255679183,-0.030408565390293449,-0.016394863434535077,-0.037840817710978386,0.99914927862053127,0.56882889920704915,8.641444833980886,-4.3828000732762904,0.8047243161173481,0.349640523314047,0.1666666666666667,True,2
0.50974391354514581,0.8427470452064999,-0.17302762900586968,-0.8426690880550215,0.52961755263777044,0.097026058224051359,0.17340689328915784,0.096346591707711648,0.98012620800900452,-19.870764216986885,-0.81996454814016351,-6.7040371237072343,,0.3214499508460038,0.8557692307692307,False,2
0.97856277967176664,0.12355944963686775,-0.16476634561250975,-0.072358245412289302,0.95530064457984354,0.28664431406569224,0.19281900985619016,-0.26857725307771441,0.94376219916211357,-5.7624185115911724,0.84990207486295311,-4.4698800858141956,,0.4377031675512104,0.1807692307692308,False,2
0.5008894404793518,-0.82456988184398694,-0.2630480533516163,0.86538971355079142,0.48222238025318281,0.13624323712916359,0.014505588466545996,-0.29588187835477098,0.95511439208321591,3.6205430328974835,4.5770067992149546,-3.523885291098638,0.5806726228343637,0.2294036733479727,0.2878787878787879,True,1
-0.35880946323876556,0.93133451815329826,-0.062223664199984097,-0.93317503756290054,-0.35642259396893733,0.046338793444938964,0.020978998064436996,0.074692367780232055,0.99698592358949312,-19.906126833057073,7.2175267609902738,-7.5578297794791611,,0.2145201823610208,0.1351351351351351,False,6
0.92624264452511151,-0.29391439923441348,-0.23598493465855494,0.33831844780246084,0.92428950319795122,0.17671882229864191,0.16617819152843824,-0.24352256610170464,0.95555301708465112,8.6294086898302425,-17.466955555800027,0.081389655025056809,,0.1890313508366656,0.2307692307692308,True,4
-0.69509435908065309,0.71006800316769136,-0.11246005002534341,-0.71663969526981419,-0.6968062361515498,0.029809669972978486,-0.057195971342773835,0.10131386942446341,0.9932090015321039,10.866255271783816,-7.242802630409698,-0.80330687099244391,,0.1957245366670027,0.4545454545454545,False,5
-0.44238576423219828,0.88466332913652324,-0.14719249194771436,-0.89682257526903275,-0.43601486117827853,0.074835214434830016,0.002025855995494763,0.16511158321804822,0.98627281266124101,-3.0453458463546892,-11.02607442753809,-2.687215807422898,,0.08398808969287765,0.35,False,3
-0.88069168593812897,-0.38543020722487165,-0.27536468487816057,0.42534123847621907,-0.89931435735552512,-0.10158010388720459,-0.20848737412844034,-0.20658470904888318,0.95595803925497491,-4.8711964582783054,10.638506441289806,-5.4791875701091914,,0.1521232067091037,0.2307692307692308,False,2
0.50142593141739977,0.85746675606233747,-0.11542442354252755,-0.84464591650823351,0.51404451425171049,0.14943732162244278,0.18747082713894248,0.022561019827457757,0.9820110433982836,-8.9252738867968056,19.437095947659788,-7.1182229943749924,,0.1501934930940839,0.4583333333333333,False,5
0.26344997453653202,0.95955237515982383,-0.099264043046020545,-0.95440485015303012,0.27423575743220369,0.11792426107446455,0.14037625483347788,0.063670940551614083,0.98804884414091598,-10.446007154536378,18.048599322136155,-7.2160776673702172,,0.0807332618726756,0.2941176470588235,False,1
-0.92744008729799621,0.35455371163916727,-0.1189392703675943,-0.33654113557949911,-0.92996742934582033,-0.14798866314278303,-0.16307957730981132,-0.097222661549749234,0.98181098259575228,6.2016843828291623,12.350033633515528,-4.0682003014257271,,0.3440477023174227,0.45,False,2
0.9824110959749407,0.11040686706412148,-0.15059469516022736,-0.069268412645726307,0.96441125760490898,0.25517212468147865,0.1734079741962801,-0.2402524711839695,0.9550960289809286,9.1422675166894294,-7.3068147136268893,-1.0902591933233812,,0.2480243217654639,0.2307692307692308,True,6
-0.95857511486199776,0.22176558956396158,-0.17875618157886614,-0.23781316576280781,-0.96850843171660905,0.073731376521163697,-0.15677578689701877,0.11318763615864909,0.981126858089023,1.7430230043254993,5.2400883981306947,-3.8960364916427785,,0.8929049105825697,0.7526881720430108,True,4
0.73393257986185045,-0.63315363068274433,-0.24588503039141485,0.67483014724772106,0.72083134453941955,0.15813426287529009,0.077118354384330165,-0.28199051878166259,0.95631276616716832,-16.21111027182295,1.4386775506913587,-6.3250823705828116,,0.124926580106158,0.375,False,1
0.95209252630976282,0.24917785345587612,-0.17728569793476132,-0.22787334222329583,0.96468626728681073,0.13211413857806628,0.20394499564607663,-0.085386199443245492,0.97525157559245201,-18.526831323760042,-2.034999615772251,-6.3464972882760611,,0.0635614992416369,0.25,False,1
-0.19178246467616694,-0.92118888070651228,-0.3385713105173227,0.97286597107623152,-0.22393063750188158,0.058196837628017042,-0.1294267691192032,-0.31822337382832766,0.93913928454978413,-0.43030968122127489,-4.7368218167002825,-2.9763967936679641,,0.08092962397976801,0.3076923076923077,False,5
0.9734091011404723,-0.11606016765803448,-0.19749622604011044,0.14971627556480585,0.97485895760880448,0.16503045052619189,0.17337750329238411,-0.19021054190833797,0.96631267770791229,-0.42988686875446114,4.6635399051543649,-4.0620335044515175,0.1569671164715422,0.1253870000421251,0.48068669527897,True,5
-0.81262462676899794,0.55705336324615418,-0.17126811280765353,-0.57386888473192821,-0.81607095745230984,0.068576202427687402,-0.10156632859899967,0.15401215179010488,0.98283494951894235,-16.727588972047052,19.139302996924265,-8.3452178471605514,,0.1000175191110916,0.4814814814814815,False,2
-0.40905695007446402,0.90017449801471716,-0.14952686955771727,-0.91243481236043245,-0.40140756188238813,0.079590718406234273,0.011624318842893472,0.16899065769322819,0.98554910218814062,9.7482512884460082,-10.715515038229759,-0.55971486478090637,,0.07708103151127149,0.5238095238095238,False,5
0.67935545667749409,-0.65371305918136513,-0.33336976428323084,0.73117200474174016,0.64150990471466152,0.23206150399179254,0.062158370027381254,-0.40140288789286105,0.91378994228805821,5.2907596346064087,-13.057323837025024,-1.0353081007726972,,0.1032723430482257,0.4137931034482759,False,5
-0.075491592793342319,-0.97454024859498933,-0.21112158413090409,0.99140572062938903,-0.096041808154213704,0.08882943312772508,-0.10684435652315902,-0.20260127086197527,0.97341512651297257,3.7264706655886046,-2.845578277472693,-2.5442719624013463,,0.06853639178471217,0.25,False,5
0.89385970838155093,0.42708692222445549,-0.13642427422160394,-0.39666393537002809,0.89515124583117012,0.20337642307717646,0.20897976961613191,-0.12767540073070655,0.96954961087065705,-1.3043651996152237,6.5276568031605402,-4.4330345810448737,,0.08928327747796508,0.313953488372093,False,5
0.82733357000359109,0.53686595270177018,-0.16520929990389169,-0.52123987837481323,0.84338625385699362,0.13041708475838928,0.20935174500567996,-0.021784756934326563,0.97759770418531011,7.5176090316765283,-0.33000894995590213,-2.2272833948400983,,0.06479980827104921,0.3055555555555556,False,5
-0.9636521277724911,-0.18446724412015095,-0.19325219917575712,0.17570943765265928,-0.98250852537814193,0.061670017667054454,-0.20124803144213865,0.025472208502312146,0.9792090667649469,-9.1923527330313881,15.298967813454212,-6.7124271630865948,,0.1802313851281987,0.375,False,1
0.014153707316700299,0.99938795502002853,-0.031990434977950954,-0.99451593008033967,0.017385901651824891,0.10312999195282688,0.10362305431529344,0.0303553254740975,0.99415331656124906,-10.94612283685337,13.294962419016342,-6.770887537140144,,0.4762627845393315,0.8654970760233918,True,5
0.97279217259092643,0.033232372921689887,-0.22928366347347914,0.034585489561610512,0.95773892300320218,0.28555209555604849,0.22908346264540713,-0.28571273117356999,0.93053156979638807,-16.75894522454875,13.114136492327438,-7.7027224708932227,,0.4936247557265187,0.5862068965517241,False,2
-0.47713587473456642,0.86445469536554531,-0.15830172678067164,-0.87878656161678237,-0.47108987411447151,0.076213579030015688,-0.008691154298099954,0.17547766287272426,0.98444504857797588,-3.0336375313192465,-12.111365281819229,-2.5416718918504073,,0.6578881046516059,0.7045454545454546,False,1
0.97294840291538076,0.14185653923592834,-0.1823406908520869,-0.092444434139837037,0.96239361557458336,0.25544579718180349,0.21172017348608069,-0.23167919841299378,0.94947317874795034,-8.3133637311397113,-3.3463687412264917,-4.435471692272583,,0.1212524163949425,0.1538461538461539,False,6
0.69655523861827828,0.70014176601160905,-0.15688309991703753,-0.68894281566299087,0.71372126677372816,0.12633190452635268,0.20042104754686785,0.020086334684327009,0.97950392692381072,16.728833191070045,-4.8970181474658432,-0.10010123593451054,,0.1358323386750886,0.3666666666666666,True,5
0.87279092915759515,-0.38346165874427096,-0.30198203630897658,0.46196372652661122,0.84870260468791492,0.25747505543177818,0.15756112894324592,-0.36422663970259395,0.91788531177761468,12.561924003737353,11.905280323796223,-3.1361497754944483,0.4612567647566407,0.4054956763598751,0.2105263157894737,True,5
0.64345821528721747,-0.63575096636506057,-0.42635927801008522,0.76375340078762577,0.57060360850046266,0.30181495117304452,0.051402995678519942,-0.51983865836636522,0.85271654217748816,-17.130383094179908,-1.901040717900498,-6.1346978002959736,,0.372885995251318,0.2542372881355932,False,1
-0.63809733664461277,0.76995539723957329,-0.00068936833606800252,-0.76833415661723037,-0.63681130675424724,-0.064296060262176824,-0.049944096171030364,-0.040497479570945072,0.99793062955601275,14.878235297533164,-5.8745255359018396,-0.28177053319122314,,0.2277908382709601,0.1666666666666667,False,1
-0.55693295436552381,0.81993700042919326,-0.1323971286277216,-0.83006943306818581,-0.55495211151859358,0.054889800572727014,-0.02846788765519459,0.14046874829737188,0.98967576009732594,-19.608317290686056,11.438826064569337,-7.9422753064529887,,0.7392222728567654,0.85,True,5
0.73213792728297677,0.65875469900947692,-0.17325213408994813,-0.65105189634536531,0.75154624415350435,0.10634693772679026,0.20026353561967103,0.034935503884958224,0.97911900546839248,9.8194049414598794,8.3318771003694234,-2.9532059914680957,0.4700144806094974,0.4333489841624419,0.900990099009901,True,5
0.83041074181680852,0.55563335226686283,-0.041104473283914172,-0.51550420978743294,0.79423078436103023,0.32164090359389697,0.21136085154704992,-0.24590453233308354,0.94596910700685954,18.416733779267034,-7.8027378719093825,0.55845870114095808,,0.1161695839772773,0.1111111111111111,False,4
-0.76473105734062385,0.6423499446453379,-0.05072433886039221,-0.63856788393081332,-0.76603927843245012,-0.073585878474170918,-0.086124720904140153,-0.023882472921021206,0.9959980722553442,-15.232294225076879,10.0738883097016,-7.1119114570518631,,0.2357587019513882,0.2222222222222222,False,4
0.3991041368811476,0.90853039321014295,-0.12364632035680583,-0.90372575050489123,0.41255653901691491,0.11435414285786291,0.15490531236444349,0.06610315217755168,0.98571533287935942,11.251084243928103,-13.310116564895852,0.045708720892710039,,0.1125220662170034,0.3076923076923077,False,2
0.85167995484328263,-0.46680304219047869,-0.23819356481622478,0.51102675573587253,0.840498604749921,0.1800381913248067,0.11615898346755543,-0.27505820332277486,0.9543846579574895,-5.4910954065768145,-11.754336309799404,-3.017494786136004,,0.92608897076492,0.7588652482269503,False,2
0.49452003650098514,-0.83097896751514566,-0.25480166609841376,0.86892510723091498,0.47956668420894111,0.12241304432365607,0.020471724959272575,-0.28193926818431092,0.9592138226343947,8.3352024773254136,5.1405659124728658,-2.8428567135497693,,0.3057319021404235,0.3584905660377358,False,4
0.92988081745751472,-0.29860798976610098,-0.21483699349132773,0.3382527472757404,0.92362313985773659,0.18029246928186021,0.14459164666383342,-0.24031971198215191,0.95986441321045812,-14.683587403500463,-3.5804722462097698,-5.5286567401609874,,0.4281973076523907,0.8518518518518519,True,2
0.47008270523279433,0.87497716605778042,-0.11591897652461465,-0.86573790023489072,0.48266221178672974,0.13242007933098843,0.17181425533959913,0.038107062214745219,0.98439205272668751,14.399895782115452,-1.1954155921918728,-1.0023065118795447,,0.06821452503668912,0.3846153846153846,False,4
0.077573690970624679,0.99216935112371096,0.097889229029289898,-0.99093524874886951,0.065928827649383986,0.11705008531305773,0.10967978508462829,-0.10608189466413487,0.9882899252589078,28.091204531815396,-19.984130126725852,3.7436351978857019,,0.3081886122077182,0.5,False,2
0.22872969123070411,0.97161040076507055,-0.060464514176896522,-0.96339815080109015,0.23484169063265098,0.12928025129090759,0.13980962550035184,0.028681169187111305,0.98976293078267674,5.369734013094984,-8.285561494237335,-1.5805031284896824,,0.09288802433411289,0.2857142857142857,False,4
0.9267904040320678,-0.28091133898111226,-0.24929574129117432,0.3464568465173834,0.89570970443053199,0.27869657136427134,0.14500758771632541,-0.34466352435499847,0.92745881551898812,4.7138040426470464,5.2771274180296501,-3.4381177858955678,,0.5275649759911509,0.392156862745098,False,1
-0.42708095589775114,-0.84751716914522224,-0.31514521274093976,0.88917996600442128,-0.45693667857237413,0.023829809726964898,-0.16419757965889575,-0.2700435516343912,0.94874424111814482,10.461958976347438,-5.5657334524100861,-1.0712765691502724,,0.08452801893036682,0.1875,False,4
0.51842467506517287,-0.80667678332113801,-0.28374006332245783,0.85471643095621785,0.49905545637725562,0.14284072988316174,0.026375726284508114,-0.31656945321801261,0.94820256398736535,-8.5058524625203145,-7.1603361866058037,-4.0746002190949566,0.2879781693778046,0.146554861924202,0.2272727272727273,True,3
-0.94915945603387886,-0.11797704093946526,-0.29185226542317205,0.15028518648879732,-0.98446409870397833,-0.090800887027549848,-0.27660565746834842,-0.13004559267476234,0.95214361000973546,-8.5331265266841783,10.720568522047433,-6.0728347917934542,,0.3635654727407407,0.25,False,2
0.37310691006119545,0.91485982208206285,-0.15434616809160773,-0.91353953721499026,0.3913012503603005,0.11103533406752297,0.16197761453240372,0.099573276567768362,0.9817578189064502,-6.603825501974816,3.153331607578671,-4.9449512250230567,,0.1154800143857269,0.5910931174089069,True,4
-0.46328443970743738,0.88455352205090476,0.054153435277048412,-0.88620803562055661,-0.46230151684301696,-0.030209685966592473,-0.0016868688509615454,-0.061986886935748498,0.99807553838449248,-11.967763145685595,-4.7670204827669993,-4.9156340563495391,,0.2881391428885201,0.1363636363636364,False,2
0.97901483938475564,0.088198116309741864,-0.18371455180211835,-0.050127123952807079,0.97801874126485699,0.20240210764447053,0.19752775933690914,-0.18894558479656828,0.96191597880335789,13.40283271886427,1.5403627919905585,-1.5691066542217142,,0.2449712236799972,0.5454545454545454,True,4
0.88285066198996298,-0.42313832085038605,-0.20378584360008711,0.45145573149156015,0.88420610796665078,0.11986359388024105,0.12946980778275582,-0.19782194029576894,0.97165016791554826,-20.727734393097528,13.369806651771546,-8.337624617610885,,0.1688472690674963,0.5384615384615384,False,2
-0.98150921040828343,0.0048010893733500537,-0.19135469532921615,0.022971570919032722,-0.98950600780241582,-0.14265401309615083,-0.19003151531580198,-0.14441194571002092,0.97109897184737359,-13.112574485841742,-4.3798159225041022,-5.1428402572567649,,0.2959005291578554,0.1842105263157895,False,2
0.97944404008087682,-0.055883154959234772,-0.19382065251632044,0.088731120581742026,0.98226401491788573,0.16517927605394139,0.18115231323490869,-0.17898178116556429,0.96703121015841254,11.185553691066961,5.5198740365154109,-2.4436283643786405,,0.08268139885625196,0.2162162162162162,False,4
0.46791588406073725,-0.76674544353328966,-0.43949533588491951,0.88374942019632396,0.40957760460489878,0.22634740579201407,0.0064566048601634174,-0.49431529475331093,0.86925870811089789,2.4293714879769195,-3.0391232849887366,-2.7209989071279228,,0.3484212413917589,0.3076923076923077,False,1
-0.37485526824888354,0.92621859458857236,-0.040033022674128838,-0.92320347520804458,-0.36899182945877274,0.10742612883492203,0.084728219796281035,0.077227875997192025,0.99340675653989563,1.7032433703132788,12.370798704750825,-4.635223360278597,,0.2688291649472433,0.14,False,2
0.17422636503886424,0.98434569521143611,-0.026621909098693664,-0.97742806314778985,0.17615634440625358,0.11663328725790729,0.1194970924186213,0.0057004073661537369,0.99281818590281445,13.386956025133653,8.7952174232300777,-2.4964048484974768,,0.3926079085849749,0.9333333333333333,False,2
0.97725163125839631,-0.084851957704677364,-0.19436922204013574,0.11805318026453407,0.97900619895722707,0.16616350090423615,0.17618937491299919,-0.18532945712165214,0.9667524484017409,3.496998447252512,-16.049697408844956,-0.94636816984659622,,0.1089155226166037,0.3333333333333333,False,1
0.98543409242417412,0.074869981880533065,-0.15268966992351837,-0.052455801625364146,0.98791176099715661,0.14587234610897931,0.16176538061026766,-0.13573812396193663,0.97744929451062046,9.3005357767101202,-14.218500043301752,-0.20496947177577007,,0.2214543698634236,0.2962962962962963,False,3
0.92161968860071541,0.34084268688620373,-0.18558936494237904,-0.3120442492411985,0.93512832293880976,0.1678195642740955,0.23074994279310018,-0.096753720516804004,0.96819067412733251,26.979924080596899,-2.363411550157124,1.2111133581772682,,0.4009585195159479,0.8157894736842105,True,5
0.036788090452462244,0.99652677423246339,-0.074706255686537992,-0.99449579498937479,0.043846989927633272,0.095160681075417336,0.098105810986468714,0.07079427739674278,0.99265473360003686,12.785575892597604,-5.8415958006174016,-0.64337691796421659,,0.1000414900267023,0.1724137931034483,False,2
0.36580476785382748,0.92569439986375313,0.096315885897880704,-0.91743697400939606,0.34125543428947086,0.20458281278833712,0.15651284463548196,-0.16320112324610653,0.97409913398756254,-18.333583230097418,14.060485272267853,-8.0752306732005046,,0.7505792685867484,0.4347826086956522,False,1
