axis_00,axis_01,axis_02,axis_10,axis_11,axis_12,axis_20,axis_21,axis_22,location_x,location_y,location_z,dbh,dbh_approximation,score,reconstructed,number_clusters
-0.82919682600565958,-0.3729873164676813,-0.41630888231741842,0.44502089673000239,-0.89119279890931558,-0.087930635422503622,-0.33821446630173135,-0.25817795592656329,0.90496139025806877,9.6030598296932848,15.953536194961044,1.1456910234298483,,0.3559209247695116,0.1875,False,5
0.77040311174243781,-0.53029219869344946,-0.35393393369728843,0.60746006987566747,0.7790900277814814,0.154954806695696,0.19357507309625033,-0.33437839735293667,0.92234471780319927,15.781614407685973,-3.886177000921653,5.777524232666944,,0.08183352304415892,0.3636363636363636,False,4
-0.90325557144587576,0.32450546984252188,-0.28075892273313341,-0.32671825365089291,-0.94426312474876506,-0.040278207147414577,-0.27818079621587172,0.055347549918521921,0.95893278874732468,-3.0418851074956255,19.152511224751894,-3.9232365637885867,,0.1852954386201949,0.4,False,4
0.28120912844532636,0.94401077542982414,-0.17252559795984429,-0.93435184292207307,0.31034074666451889,0.17514352568060931,0.21887909837886599,0.11194765219552738,0.96930885865175265,-9.4757856689792703,-8.4584355321609603,-3.355711522772733,0.7380172058526022,0.6168275561371684,0.2006172839506173,True,3
0.66295708042475288,-0.65654364072152371,-0.3597754262631252,0.73422105521904424,0.66409441569698158,0.14106044489195591,0.14631251343518015,-0.35767171382178131,0.92231425964476366,5.7792729235603462,-5.5562850089038864,1.5960845867603672,0.2522500877417231,0.2227608986738846,0.6629213483146067,True,5
-0.13577939868058025,-0.87754889661739077,-0.45986072776389675,0.97692869312626029,-0.19582051319295352,0.085232946443651592,-0.16484624181508692,-0.43767826157858131,0.88389108825748075,-21.90089902983113,-7.022312875311572,-7.7649606809407228,,0.07472218138143576,0.1818181818181818,False,1
0.60170779777075589,-0.69333256145210387,-0.39653207352259801,0.7901489625357645,0.58923537004272175,0.16871957709249752,0.11667194652323881,-0.41483929167917638,0.90238352100068686,4.9016983033209778,0.83033095038778448,0.68144664957970502,,0.2517344930427108,0.175,False,1
0.16244510048173089,0.94781177776209524,-0.27434362260664819,-0.9713189940578455,0.20253311344297803,0.12457828760081531,0.17364043628123596,0.24623803908931796,0.9535280944961777,20.557839505248953,-7.3706379380414679,8.2637469016464209,,0.1553781815085397,0.2142857142857143,False,5
0.1380952463280557,-0.86202760668214129,-0.48768648562314421,0.987946462751781,0.085121943668803074,0.12929053113932715,-0.069939185567447257,-0.49966254614880301,0.86339206059487117,-28.100380003081519,-11.950063408364906,-9.1096820039542585,,0.1849032438275465,0.2142857142857143,False,1
0.84229754466777818,-0.33333867268537054,-0.42358018784993601,0.48364389761897741,0.81431416081625707,0.32090657174641735,0.23795677452544994,-0.47516079045568332,0.84711203312842487,-31.288479500251004,-8.9051220514394558,-10.662398878967986,,0.6151555588337172,0.1578947368421053,False,1
0.64250170641519111,-0.58978673364317358,-0.48922711093324034,0.75375237533854644,0.60141908548459988,0.26486305949748401,0.13801780292798357,-0.53893106463942586,0.83096594012122316,13.508942425601452,-28.844827127546218,8.5742500037004472,,0.425653205278592,0.4444444444444444,False,3
-0.6195058592106184,-0.69843091593559481,-0.35833887044120483,0.73086723737848514,-0.67975622595878449,0.061355966270689039,-0.28643598190599812,-0.22388775968246949,0.93157323884593768,10.475282529072176,11.380385547416362,2.0892675854671552,0.4517418684606919,0.2898585457851742,0.6582278481012658,True,7
-0.8635190136295946,0.42518650025546312,-0.27120352708009271,-0.43800803993606213,-0.89885294983015163,-0.014571600221091066,-0.24996773802141031,0.10620647147017685,0.96241171821955351,-17.58661589283696,-10.436541629389612,-5.789191634798577,0.2969628684646689,0.145886154698351,0.24,True,3
-0.94356050636779754,-0.098749158735525089,-0.31613632260778268,0.13146508850550181,-0.98776936271557669,-0.083836845030717561,-0.30399095599571146,-0.12066602558089844,0.94500222695151548,-5.4983217038743231,-3.3453198042195913,-2.905791042150462,,0.09874003569076364,0.2828282828282828,False,5
0.19366528730951227,-0.90945644685611715,-0.36794391931810788,0.97960886775495504,0.15881726280832947,0.12305910470145826,-0.053481049982012412,-0.38427340306859165,0.92166899100865074,8.5815766185176177,0.2113777323197194,2.1984378727240914,,0.0675923773218935,0.1621621621621622,False,5
-0.29699655211028125,0.91563203235677104,-0.27094469796771231,-0.95487133568326754,-0.2858906254321707,0.080543668779460911,-0.0037121860215114932,0.28263851756654135,0.95921931176490083,-24.068951845149769,13.407354424392825,-11.547906305174072,,0.1959166102710214,0.5384615384615384,False,2
-0.94268794794304023,-0.013786048201873152,-0.3333907282422795,0.016898224358170004,-0.99983649565748334,-0.0064367666499677706,-0.33324747983515624,-0.011701573669417986,0.94276677410544019,-13.486615358555163,-22.27610439433392,-2.4012560320664065,,0.1409906012012381,0.3333333333333333,False,1
-0.7612023453038711,0.59686642524571532,-0.25361675796028915,-0.61433000686709982,-0.78894418312795156,-0.012873172539778266,-0.20777303041192852,0.14600529553057537,0.96721911763078483,-8.3367111789163602,9.3770680905261834,-5.1936254134348259,,0.2726649410751919,0.1612903225806452,False,4
-0.86481985907659242,0.43544768821509983,-0.24994383804140702,-0.42890937119841521,-0.89951940023464938,-0.083075868335381567,-0.26100452610045666,0.035357593662788192,0.96468983508973183,1.9608641855347031,25.988376560264847,-2.7143199490172871,,0.3357582914761797,0.45,False,5
0.69528263225092823,0.70125025432601806,-0.15757582967547334,-0.6352187922241096,0.70211537172238037,0.32176247574334299,0.33627243017464625,-0.12362073288424086,0.93361596339479913,-9.149928391776097,24.109201088384268,-6.6804706709953212,,0.3796285002597159,0.5,False,4
-0.65048977555782717,0.71769359077090633,-0.24855373998612623,-0.74668297174291653,-0.6641880705973634,0.036314550600538516,-0.13902370878341164,0.20921308908028458,0.96793713212872978,-23.365914138067964,-9.7339518113901136,-7.8648322102147148,,0.07230283217865324,0.25,False,1
0.60872510377836819,-0.60647449917666885,-0.51150995090850704,0.78427785884933299,0.5573672222118492,0.27248856805846411,0.11984151262696924,-0.56703656094845889,0.81492794184456829,-13.37163309193631,-24.836908108375631,-1.9416659934983873,,0.3163579270756207,0.25,False,1
0.92426106952263665,0.19993160259721177,-0.32522120110438707,-0.15257290095448606,0.97435554932605206,0.16538673886336022,0.34994711780382215,-0.10324058204231175,0.93106304671615014,-8.8718609892501838,-6.9690616192289614,-3.4172517294769138,0.2978303512006218,0.230256216587243,0.7349177330895795,True,5
-0.8719777478109324,-0.30753253846415074,-0.38089177611018216,0.34680617591554891,-0.93719678157268105,-0.037251428920794846,-0.34551452020053602,-0.16457803740354759,0.9238689224857547,19.873394435312694,-19.050498964123907,9.3790492313840339,,0.3145495352925156,0.3448275862068966,False,4
-0.17721382894500412,-0.83827674198534763,-0.51564266956593285,0.96767498643312633,-0.24394247813602718,0.064009280518553271,-0.17944464177650926,-0.48763118358784741,0.85440941552069483,-1.0370457158713702,14.864044481246564,-2.7311455870841881,,0.502982177304727,0.3666666666666666,False,3
0.38771789966786568,0.88684295467148055,-0.25136508116024381,-0.89067658961323815,0.43067609188520423,0.14564791997627971,0.23742376248402039,0.16741468761146444,0.95687108817221844,3.4562699613230987,-8.1447464280867603,1.157045417867538,0.5024135263224947,0.2535642458820258,0.4342857142857143,True,5
-0.54996678963122669,0.81385304167735295,-0.18756267447241237,-0.82929267572160459,-0.55876972308337425,0.0070749247227212125,-0.0990463946705019,0.15943532581536457,0.98222715732407084,7.1411007894602507,17.091017583760742,0.14645682985870778,0.1614896882772615,0.1443955473938263,0.2105263157894737,True,5
-0.71790544279246982,0.66519014568888712,-0.2052653046360845,-0.67744918887904582,-0.73543747912721147,-0.013939540241152154,-0.16023224299768937,0.12904954232157806,0.97860709374626953,-21.897866300690207,-8.1852288620780254,-7.6094023455027058,,0.2247582051185789,0.44,False,4
-0.65117942699586573,-0.67724164393505237,-0.34250417454023002,0.69196173262349026,-0.7151754677505423,0.098554608783612177,-0.31169586850331177,-0.17282304837012158,0.93433285263337784,1.7557536815927874,-9.8896875853872199,0.86512948445535487,0.1414808113957844,0.1272118852250622,0.5428571428571428,True,5
-0.38992632988392723,0.88517792367989412,-0.25380602966242138,-0.920435266471055,-0.38288752598012932,0.078715072795327662,-0.02750231807700404,0.26430509998591961,0.96404690582036723,7.4614467405111276,-17.633767581909069,4.392107213602225,,0.0723875157692567,0.2962962962962963,False,5
-0.85093079914006675,0.42730767090144861,-0.3054912919603866,-0.46571120420272788,-0.88272722991202801,0.062495694666771198,-0.24296059218501267,0.19545022885792804,0.95014175715231619,10.893572484590985,0.088541918142590381,3.0879543170886739,,0.09767924792775057,0.2894736842105263,False,5
0.27872460389441939,0.95836330242133938,-0.062067509664589571,-0.93706464852380256,0.28554357437564637,0.20093459537805441,0.21029132095942968,0.002155853623162729,0.97763639080401155,-27.888128801934698,2.0211388791764522,-11.270568260992389,,0.3618342892984124,0.2,False,1
0.53645800534602728,0.82451165622529077,-0.17998149140617145,-0.7915749650938303,0.56554859216720366,0.23143868417875973,0.29261217188774513,0.018311707902929159,0.95605585517626246,-1.8610846167117019,2.1271825692907544,-2.0268269501345784,0.5163126883598764,0.2943060570550906,0.2535211267605634,True,2
-0.81786058578800203,-0.46026382265716431,-0.34534225887881287,0.46165162949351246,-0.88310638156170684,0.083671332193137549,-0.34348483984084555,-0.090996331783232381,0.93473944626377303,-10.817032960976235,-5.351903576411674,-4.3889683804006596,,0.06982326723305522,0.2285714285714286,False,3
0.31465027431262349,-0.83480615785920731,-0.4517675106460618,0.94920207591856287,0.27509168157048158,0.15277429693052419,-0.0032594396576769713,-0.47688913337491079,0.87895741109683156,12.674119846517728,-19.410439121954866,6.7392815576432801,,0.1135150969537581,0.375,False,1
-0.31480092244453733,-0.73550427251051742,-0.59994486775606504,0.92300330208829273,-0.38457771602306301,-0.012840742680678363,-0.22128100587753893,-0.55779337165052267,0.79993829198292876,7.603312066524829,-0.37217354668114183,1.7694589931131872,,0.1692182027810636,0.1818181818181818,False,1
-0.92721072659577375,0.14681785627797317,-0.34456463191058739,-0.12327699340863059,-0.98833777721616789,-0.089393629658568591,-0.353670823481195,-0.040409840451866179,0.93449665243530367,-15.290801313995292,-20.160132573233067,-3.384100794528496,,0.4543085300586093,0.225,False,5
-0.82141038816804735,0.49255466861065544,-0.28753238537504833,-0.52373109936810203,-0.85102041993072131,0.038340323624325753,-0.22581122594835057,0.18208279240715283,0.95700321156457802,-19.782275789617128,-14.641810185412902,-5.846775607284461,,0.1640686222087433,0.2,False,1
0.26071573482930099,0.92532076871651914,-0.27533394377426185,-0.94384150305175929,0.30425927012395132,0.1288002859493616,0.20295448437867666,0.22629134213555588,0.952681324339401,16.638632758226567,10.647385809124689,4.7160202900428505,,0.1137961071788585,0.5333333333333333,False,5
-0.89326166326562495,-0.2895052925261502,-0.34390447298526916,0.29664804053852517,-0.95441893823340429,0.032930690640690888,-0.33776255118734083,-0.072602864549325102,0.93842702597199812,26.832558522517356,-6.3785162303004874,10.764871935281667,0.3863154312946874,0.2384509841106965,0.3571428571428572,True,5
-0.68412922555901523,0.68053820433826551,-0.26236416518280498,-0.71268741726362772,-0.70021723618615272,0.042100681965071877,-0.15506078811266466,0.2157859462149323,0.96405009071417258,12.848664813726648,15.722310334614575,2.660415459807044,0.241601251017307,0.1936319221731301,0.4444444444444444,True,5
-0.94343100529937562,-0.025795103818521965,-0.33056398905325468,0.0067866537058367329,-0.99826264497583417,0.058528907194033773,-0.33149944128351966,0.052974562431816662,0.94196699313928767,4.7324784862496729,-20.797682288845714,3.9206168278321716,,0.09147879539879322,0.3809523809523809,False,4
-0.80470825784502265,-0.47526186980381757,-0.35576786654588094,0.48495868815377369,-0.87190259657199098,0.067830176729760827,-0.34243202323994071,-0.1179492145018315,0.9321095924075673,11.666567370651322,-18.062367211192846,6.0248307886851586,0.1713380780445459,0.3383245732391134,0.5862068965517241,True,4
-0.83670611898791647,0.46578478920782923,-0.28804062316068541,-0.49353336124150421,-0.8692781899680474,0.027932951643844753,-0.23737668754500854,0.16552932848438923,0.95721071328191132,9.4958422623533956,-14.136769008012735,4.5155356375685338,0.6650685979674418,0.7109330383661357,0.950530035335689,True,5
-0.24180813060218967,0.9224212148667128,-0.30111115943866013,-0.96977372493558722,-0.21928990461431452,0.10700869197781637,0.032676450223865741,0.31788526247384391,0.94756593939562039,5.1861237482654117,2.5430287216166172,0.71512746614564138,0.4068329490178256,0.3532180904317558,0.9426605504587156,True,5
0.91052376869202223,-0.22422884824497025,-0.34737284042021843,0.29898719958974235,0.93739260229075261,0.17861064820456196,0.28557507091544254,-0.26648927330251831,0.9205598003857951,-12.095132028964191,-11.882451710969979,-3.6704239938646044,,0.09029542998546686,0.2615384615384616,False,2
-0.58900178609188503,-0.70818892870537198,-0.38928824441499127,0.75155096843684022,-0.65709650340460513,0.058269434998882437,-0.297065712969734,-0.25824915580225732,0.91927108934481572,-31.39802787201797,-3.7038480390145958,-11.597734464203047,,0.2265769890593947,0.3125,False,1
-0.9427093269513912,0.048932197426810251,-0.33000721951775497,0.01649830450096227,-0.98113692220591331,-0.1926087896044778,-0.33320703898244647,-0.18701866200807912,0.92411962928684666,-13.500537474178218,-0.56945003947935235,-5.9653339331225412,,0.7801407549708841,0.5645161290322581,False,1
-0.88729258136939526,-0.27280032706123997,-0.3718761307238172,0.29179042495708923,-0.95646683860333204,0.0054345704071862566,-0.35716973968996624,-0.10368784021007459,0.92826645358020643,18.813939605166375,25.540985600892878,3.8450639152591153,0.1308326697616943,0.1569203409142332,0.3684210526315789,True,5
0.92324618541307579,-0.17640538532669497,-0.34131747852687705,0.24502175211466795,0.95460414163568064,0.16939679383820774,0.29594057192426848,-0.24002515034834643,0.92455778893987528,5.5569071967096955,-4.7328800488263578,1.3426583393467377,,0.1245122243281537,0.2318840579710145,False,5
0.28679296278470101,-0.83940815004978175,-0.46167494422718691,0.95788898005440859,0.24417786283263135,0.15108233911616992,-0.014088945577929113,-0.48556269310202538,0.87408830942875004,-9.8459545750757087,-24.602207719584626,-0.71354506707403254,,0.4078944010565522,0.1333333333333333,False,1
0.65329874691614476,0.69662676923835154,-0.29649939571326578,-0.69277348801621541,0.7080140101296305,0.13704399206826282,0.30539423959800166,0.11587625227239715,0.94514922238748211,-18.299027837040196,2.645077433804004,-8.1211299860313968,0.384301273760446,0.3730471537006959,0.6238532110091743,True,5
-0.38508862423903367,0.8792744492652852,-0.28032694189271257,-0.92284380387408682,-0.36955456638471901,0.10857594630216609,-0.0081280460688214762,0.30050934317161293,0.9537442369596113,13.985769663944987,2.6420817247835031,4.4753003849858342,0.3173375861208518,0.229195299361579,0.3870967741935484,True,5
-0.053257637937140445,0.98420447045466053,-0.16883478414834419,-0.99477476038151991,-0.037543115669263633,0.094940458044682569,0.087102239404313248,0.17300888648536486,0.98106122392430117,13.0475741915513,-4.9219577196962092,4.5927642401281217,,0.08539521897930379,0.2727272727272727,False,3
-0.51319481774873088,0.80336196133836213,-0.30206065303251206,-0.85033834962797916,-0.52366403943771367,0.051967922334282192,-0.11642924970905033,0.28352342561833804,0.95187115563916025,14.239188274013806,3.7468631765257396,4.442646584679248,0.2410639858432636,0.1983919488987006,0.425,True,5
-0.90122284300526001,0.30446109936053622,-0.30838421850297421,-0.33430233908448098,-0.94125896446974155,0.047681315921375707,-0.27575230430254105,0.14606505667517811,0.95006613764006742,-21.428891974552702,-2.2591624257319078,-8.3377039575947247,,0.08486659928758496,0.2352941176470588,False,3
0.36292262505068229,0.88720243443112923,-0.28488420202917381,-0.89825160049518005,0.41441792492663942,0.14629369674509418,0.24785324374348872,0.20280439797739958,0.94733264787341442,1.4901318988241024,9.3443813059850473,-1.3811003642420419,0.6301580548356414,0.2845631654708944,0.5703422053231939,True,5
0.502624270290155,-0.73235219747097291,-0.45937903932888097,0.85526241575052864,0.49873210742874907,0.14068576766769297,0.12607554528876136,-0.46360170823576041,0.87702817115587894,2.4938123298943782,-19.69234847904929,2.989139658971506,,0.4245393659891423,0.2380952380952381,False,4
0.71818060330026079,-0.53903286433438125,-0.44006839492372724,0.67423675148231699,0.69545762823225421,0.24848237419209296,0.1721087562962591,-0.4751655064301698,0.86289994640463075,-12.545161543411675,2.3590882652820548,-6.0565834622510684,,0.12023332322068,0.1351351351351351,False,2
-0.81540554183311231,-0.43532697490339228,-0.38158121975446968,0.46495154140666567,-0.88518599493974037,0.016303941428581631,-0.34486789715978666,-0.16412245210208853,0.9241915138241551,-5.4560819034409151,18.263355844334185,-4.8881206970638917,0.3203092965900066,0.289713913627543,0.4,True,5
-0.65956638866201334,-0.64924207744209428,-0.37875705118984304,0.68309885432256767,-0.72799252955200766,0.058333799290515853,-0.31360506081781758,-0.22025349439939554,0.92365592296823906,-16.011178040799109,-6.7638825536076954,-5.7469114835082173,,0.08670649589137093,0.4230769230769231,False,3
-0.8120617450373665,-0.3890697573915517,-0.43494878564050032,0.43062099186732888,-0.90252665940917332,0.0033452083515703168,-0.39385439391996713,-0.18458156175251281,0.90044897881608932,-7.7748803330475811,-12.911380335138455,-2.00919638473514,,0.1988547184674189,0.425531914893617,False,2
-0.7400513737206279,0.61069228902725003,-0.28174259950683489,-0.64678787359146805,-0.76107920142342556,0.049233075627138495,-0.18436217298903307,0.2186627020855138,0.95822607556224615,17.565871482526077,2.4007966971751449,6.0250585909757159,,0.3521822991784858,0.8,False,5
0.011348772057766833,0.97771275689179904,-0.20964009727105876,-0.9923448788257182,0.036796126102226261,0.11788844969817878,0.12297498461537536,0.20669738777959251,0.97064583811189387,-5.4449587971991358,-11.600726879598076,-1.4541359590855163,,0.1125398607319868,0.1379310344827586,False,1
0.040600445380152859,-0.9131745061049269,-0.40554152097529683,0.99393439637167158,-0.0046058683237430297,0.10987812196368392,-0.10220577060134661,-0.40754276754349145,0.90744855120209289,17.484325083769185,-9.3988749554199611,7.1577494182446086,0.2459278948439727,0.2155726243371957,0.5483870967741935,True,5
0.11124364000907012,-0.91759659961701745,-0.38162983757670255,0.99079515424216436,0.072598568720903825,0.11425589765925724,-0.077135043189064709,-0.39082723573334055,0.9172263934935897,6.88246684887981,2.2705472225152934,1.2802328574086188,,0.09138757979716391,0.3552631578947368,False,5
0.057359133578877279,-0.82631391054086833,-0.56028140344092958,0.99547597255628972,0.0047585802368808154,0.094894383275501593,-0.075746404919237856,-0.56318973460174704,0.82284859177191516,11.248591733032075,-8.0555172675383009,4.1881567680164418,,0.410418551136191,0.4193548387096774,False,3
0.94047992307206563,0.017532786365197936,-0.33939669370904785,0.08561089374743143,0.95423996176464398,0.28652551412252225,0.32888947865525736,-0.29852754776348867,0.89594252832209609,-9.9857917002798526,17.300502333661662,-6.4478108426915739,0.4328194130091808,0.3493328385241417,0.7083333333333334,True,4
0.073491411905581991,0.98525112882331489,-0.15452904428782199,-0.98841051030787785,0.092594447418725773,0.12029518452598627,0.13282949781221159,0.14389746856565772,0.98063746769708471,-13.547620442857387,6.0174061715351472,-6.9870589378178405,,0.2075617223955272,0.2666666666666667,False,4
0.92213139267671651,-0.10551075970307655,-0.37221119573030059,0.25168050371173778,0.89428248601854521,0.37002129567350245,0.29382072542880044,-0.43488655392799985,0.8512009554277552,-18.109206999794971,-26.840795717142601,-3.2473085130440662,,0.3668097444964025,0.1153846153846154,False,1
-0.44967676575396265,0.87868896625397186,-0.16030130044569671,-0.89165919293720353,-0.45212426232710606,0.022968131524879198,-0.052294263467705104,0.1532623632817135,0.98680087049499177,-5.7421955770596318,-9.8407739335413531,-1.9126801694128626,,0.1031113722199439,0.1793814432989691,False,4
-0.78465401411005764,-0.45860808984238793,-0.41712911439036526,0.51977064913519611,-0.85339324136119421,-0.039477181974045317,-0.33787061197824086,-0.2477873998615574,0.9079894570044843,7.3815077120997623,-1.430267435481404,1.7794574549073288,,0.07256880346583211,0.2857142857142857,False,2
0.754433484768119,0.60741705826000081,-0.24874612438267074,-0.57246390603956876,0.79430643467933915,0.20337739330839219,0.32111554515867335,-0.011036537580398464,0.94697571325545848,-17.738453289752353,-11.427921412292024,-5.6993497489972871,0.2691998679645321,0.1417365825105515,0.1764705882352941,True,2
-0.012163740084557785,0.98927812220666334,-0.14553638840652072,-0.9913195679732888,0.0071244271689040427,0.13128121225357189,0.13091049453885556,0.14586994022338293,0.98060410103100182,-4.154483195115338,-3.7553468654224065,-2.3103713653751003,0.5733962461960054,0.3454587048599847,0.3049180327868852,True,5
-0.21490519024768034,-0.87419849861741028,-0.43542248933613104,0.9538687745379173,-0.28358342295559935,0.098563701159790046,-0.20964283952985166,-0.39415406536004466,0.89481420004043832,-11.676606552116567,1.8555912657671207,-5.6281455105441927,0.2543045276038565,0.2062789237018766,0.410958904109589,True,5
-0.34876938318485673,-0.86937113127184706,-0.35007678224064576,0.90813566524431311,-0.40580394445233814,0.1030183099171869,-0.23162368372885467,-0.28198757912013361,0.93103892204238303,1.5967949618571899,12.729368942665396,-1.6120851888953511,0.761070755232786,0.7031017038554426,0.9458128078817734,True,5
-0.94197006415483964,0.072314268856894626,-0.32781556515183885,-0.095827040784271997,-0.99381434791917245,0.056126821792431704,-0.32172904203794883,0.084283381456148568,0.94307302745845734,-23.348164055581709,-0.0059188363114692222,-9.4274160364195634,,0.1625050312088069,0.7441860465116279,False,4
-0.3484101665045457,-0.85052573364829254,-0.39397504017171975,0.90502917234148139,-0.41465031629475002,0.094801436737826802,-0.24399293655179283,-0.32352912017111718,0.91421898652026201,-14.87894799889377,3.7542439968048495,-7.1157375383323718,0.2707271508970701,0.2579863147269298,0.6455696202531646,True,5
-0.35490767315258903,-0.86227731241274064,-0.36127327611612503,0.90533580462712193,-0.41339895762209522,0.09730561493114738,-0.233254419888624,-0.29253912274297289,0.92736898657826317,13.457881639477126,-20.360469866576178,7.1621542257798483,,0.2968323704768109,0.78125,False,1
-0.83307008347142941,0.48534269410784175,-0.26539914336909032,-0.50180607084841222,-0.86495473772669162,-0.0066309082204153852,-0.23277650930577853,0.12765489007590486,0.96411582590222256,5.3462109721690609,-18.105369501659553,3.7155254369201769,,0.08110901494936872,0.2666666666666667,False,4
-0.74716831880533896,-0.52279569888758726,-0.41039512740557893,0.57593981471226952,-0.81746029562199995,-0.0072107496689237244,-0.33171197325812463,-0.24175053734424345,0.91187929271969415,6.4491318810044138,-19.784340254137025,4.451511943141675,,0.09955136529180153,0.2666666666666667,False,3
-0.066804149135127167,0.98577398860970922,-0.15422985780592655,-0.99206320660689795,-0.049120842970144074,0.11574859343742144,0.10652605200217796,0.16073825358764812,0.98123158024924062,16.83304215898972,-13.528590736569244,7.4000503350437601,,0.2019107242533591,0.5909090909090909,False,4
0.071081063934672298,0.96848113198745178,-0.23872951081552368,-0.98766929908224521,0.10180603948464029,0.11893227474003297,0.13948777007430377,0.22733197599272331,0.96377556240596929,-8.6241860134547181,-0.15039801488642907,-4.3496127983074251,0.3622940137668063,0.2817967785374527,0.5747126436781609,True,5
-0.58055687205560991,-0.74091305110155981,-0.33764118382742359,0.75890722598549343,-0.64263247250416899,0.10527738422938776,-0.29498057674363864,-0.19511882531051816,0.93536896642631562,-17.84405251669406,-14.873671243191609,-5.1218791078593267,,0.07990388014120262,0.2173913043478261,False,1
-0.92749924978293385,0.180081795684569,-0.32759073325586585,-0.16720172097597102,-0.98362178124597122,-0.067318466717358888,-0.33434821093400252,-0.0076640930007267905,0.9424184503306946,4.0143627925610952,-17.128684710736273,3.0983324193985253,,0.4130421666438457,0.7806451612903226,False,6
-0.1066174229484287,0.95326408690608222,-0.28270179649048921,-0.99114841601600556,-0.079273030690342389,0.10649227218034074,0.079104630413140933,0.29155336942021809,0.95327807602342285,7.4198218694907387,20.623356353931463,-0.088983500628321582,,0.07589692461143087,0.3333333333333333,False,4
-0.45609638043494327,0.84093988270720332,-0.29119788018895332,-0.88846483639243867,-0.44904973623685301,0.094786965769411383,-0.051052191415279696,0.30195106897974255,0.95195547463822572,13.047232276017445,17.041475436899482,2.6408837936122462,0.2701108945373745,0.1933222957039787,0.851063829787234,True,5
0.013177953031762099,-0.85334091248899091,-0.52118675024059369,0.99581252630796113,-0.035956739126772483,0.084050730868490367,-0.090464103389415407,-0.52011191101899157,0.84929373364821403,13.187990029465274,28.910611845707283,1.1901028474787636,0.6439787726058317,0.40328974129135,0.5319148936170213,True,4
-0.94547567532220966,0.012690604679410225,-0.32544538086579489,-0.028322282284139862,-0.99865889490051918,0.04333889664367517,-0.32445892760136669,0.050193228516848661,0.94456711996068665,22.794607859572643,1.7259471113664335,8.054421399754343,0.2810902104768812,0.2833920579919729,0.6071428571428571,True,5
0.61227790046702923,0.75388054306397556,-0.23828533188019202,-0.72766158872034425,0.65517890508254706,0.20309902667374019,0.30923192736305943,0.049038037526000222,0.94972147810551666,-19.754618865230874,1.3245080109974388,-8.4798910930997717,,0.2488774580211553,0.3333333333333333,False,5
-0.48589193219513321,-0.74550754930685403,-0.45620995621990573,0.82816615254355097,-0.55954947735404459,0.032329648529283606,-0.27937403961157803,-0.36210892880361811,0.88928469551196265,-14.195529831221048,-6.9264871855101813,-5.1907254367542954,,0.0974679274676789,0.2586206896551724,False,4
-0.91621405423014357,-0.071545529900522473,-0.39424997651542881,0.072720837845576008,-0.99728038196622504,0.011979961950552287,-0.39403487989542263,-0.017693979104562323,0.91892515284393339,4.1385940251950712,-11.215299625953827,2.0590463169248276,,0.19159346475056,0.2340425531914894,False,5
0.52199238619793664,0.79309170058603096,-0.31389409553692205,-0.80501938320365019,0.57971293782015842,0.12600278723241096,0.28190023309284307,0.18691833560536361,0.94105993135226074,9.4933640052667165,0.43941275693338411,2.5724852992282212,,0.08877020884801312,0.2571428571428571,False,5
-0.91626384113656167,-0.21473090404435838,-0.33815856084678131,0.21370429718432307,-0.97604832401538166,0.040744846934540245,-0.3388082743833572,-0.034932907623860449,0.94020670342979074,6.1187517263952653,-12.70552102066679,2.9940946598752736,0.6315740173017496,0.2544964029659982,0.7087378640776699,True,6
-0.26428331287868173,-0.90197999651720695,-0.34144753098636904,0.942186708112138,-0.31708407338906686,0.10836003626710686,-0.20600615910860709,-0.29306957584473936,0.93363359307787486,-11.19067236455499,-3.3986272277578093,-4.7666613002296971,,0.07452052714589748,0.308411214953271,True,5
-0.80028056093864219,-0.40091578284728241,-0.44588962630642504,0.49342170457547624,-0.86283383333645614,-0.10978523354143999,-0.34071402266059436,-0.30787060774596176,0.88832969310305554,9.6354176715404787,-19.054654568914923,5.4942308042532595,,0.1079817240173247,0.2727272727272727,False,3
0.63445855699114173,0.73169295293477377,-0.24917416014969826,-0.71426129289464979,0.67820214097911113,0.17283709510348672,0.29545413338313603,0.068317483830563214,0.95291110627900588,-12.473825877506192,-14.486020043354824,-3.3348776716474529,,0.2935573145778648,0.636986301369863,False,4
-0.88604690636435979,-0.3145047812390796,-0.3405989170562746,0.31223918455407063,-0.94791105794731623,0.063018392951655539,-0.3426770656918221,-0.050511076002782734,0.93809437683523311,-0.11168652703528205,-15.733201924652731,1.2584946951847045,,0.1026727741942,0.5370370370370371,False,5
0.80751284730176953,-0.42196080647816175,-0.41215540665977934,0.54808339695257968,0.79502227862125563,0.25989260566777861,0.21800823706344136,-0.43576215334992768,0.87326041607319183,-14.608538915770499,-18.660155463093375,-3.3106883535794678,,0.6033759072352041,0.1666666666666667,False,1
0.50970501678753721,0.82573472669942904,-0.24158426476953415,-0.81069368339383241,0.55497858957438884,0.18647926645974178,0.28805650065040656,0.10080141981461421,0.95229329840989696,-7.8690826164231256,17.45499073372568,-5.6800066168709131,,0.1569422167846041,0.1785714285714286,False,5
-0.86670288560726905,-0.3663575897247654,-0.3385383649323912,0.3585797112644406,-0.92936784740561496,0.087726819605907266,-0.34676605766647184,-0.045359901451804407,0.93685419388010371,-1.6726532085186716,-8.6054305483662006,-0.63779868719405319,0.3188255563742352,0.2979080166487746,0.8508420208500401,True,5
-0.21339848471900219,-0.89092727888113354,-0.40088610660023216,0.95888644460595407,-0.26957889212197411,0.08867923811829713,-0.18707718479436874,-0.36548023840933996,0.91182581793984407,13.996000988683493,-12.957389873221032,6.0961746136869728,,0.2931725836975566,0.4651162790697674,False,5
-0.79382377120674019,-0.4957467379382246,-0.35224848060810737,0.52234918116152029,-0.85243385822178619,0.022535534096415732,-0.31144044889352446,-0.16610746274845969,0.93563516266345548,11.410705605157332,22.697487456638907,1.2347197295519754,0.4141506986327068,0.3133154869959439,0.75,True,5
0.9103909546515131,-0.22626219779886905,-0.34640110787341916,0.29875272104955319,0.93869801558401078,0.17202571669412714,0.28624311581974266,-0.26009892999754086,0.9221786298000727,-10.05284620579374,0.76032370439724961,-5.0167828848162843,0.347449209072092,0.3501322739052944,0.7142857142857143,True,5
-0.065239282366250706,-0.8649498953034036,-0.49759975346755142,0.98784446169106532,-0.12648884890288783,0.090354250644403375,-0.14109271966556547,-0.48565651413097899,0.86268800544549151,-3.5155053518671937,4.7972098168318178,-2.9121333694667113,0.2686732394865237,0.1564988798931268,0.6095238095238096,True,5
0.11609246440849852,0.98489825397136177,-0.12844442001006895,-0.98217136580418762,0.13308593046573822,0.13276875877405711,0.14785786384868596,0.11074097902867847,0.98278913692707837,-18.113590740280802,-5.8525296888536831,-6.7019147279146347,,0.2945187304664155,0.1785714285714286,False,5
-0.15636181547758571,0.96904629976740619,-0.1910503901269294,-0.98567267297013617,-0.14070745681316366,0.093009641204977761,0.063248434134454745,0.202856305064127,0.97716372992209921,-0.80071640851103176,9.9891778089855467,-2.328621374722486,,0.4853007173329539,0.1904761904761905,False,1
-0.87651441781511263,0.38410676473397287,-0.29014559904957249,-0.41034748102813295,-0.91132513724193731,0.033187935230002436,-0.25166926744459883,0.14815021942800188,0.95640686546434528,12.217882030430227,-5.4856563986914155,4.2540904156687507,0.4971971425086584,0.2718966413540539,0.4714285714285714,True,4
0.28091120654827018,-0.83378678896053138,-0.47527727127486574,0.95783073673977703,0.27473341937433937,0.084153597875671934,0.060408391736017059,-0.47887486761550835,0.87580231066953573,-0.55268054757462448,12.062161981232039,-2.3996643172830265,,0.186830961526154,0.1333333333333333,False,2
-0.85184954772405419,0.46093698151928447,-0.24877589736590955,-0.45196112796885235,-0.88689316096137738,-0.09566430810421124,-0.26473285940254088,0.03094543759305303,0.96382513613452059,15.548151023902639,-11.881731505576694,6.7378940052145673,,0.2695670860347427,0.4347826086956522,False,4
0.10419780883629257,-0.91026277165542313,-0.40070500767010919,0.9911587061701681,0.061764870912279252,0.11742878652301295,-0.082141559619922574,-0.40939807920821558,0.90865063524097645,11.663961790502809,4.7392745731034873,3.1317596204654516,,0.07861531236117766,0.2666666666666667,False,5
-0.86117047891166365,-0.33873781852729767,-0.37900144663368396,0.40821109769866043,-0.90515810606429148,-0.1185432526201336,-0.30290114883689745,-0.25679854619034292,0.91777197642323727,-5.3922042232138301,6.9763561019555063,-3.8605209435166192,0.46924221680923,0.2929853142170161,0.18,True,3
-0.26403164218668401,0.93182353682739782,-0.24898230487061096,-0.96413377583343618,-0.2477343639757994,0.095256218708635071,0.027080513683535007,0.26520290556474879,0.96381225591846997,-27.470602980363772,-1.9325155746222347,-10.597313503251637,,0.1501279566441438,0.2631578947368421,False,3
-0.10845188371883682,0.97412758896625418,-0.19827664848042098,-0.99063024729505189,-0.089247771557078692,0.10337576319543972,0.083005433930436287,0.20763014156641144,0.97467934329764672,-6.0891365488079865,0.55304133802600486,-3.5138214756509574,0.1634726783813288,0.1294709396336585,0.2386831275720165,True,5
-0.91639961688706939,-0.20287237385346474,-0.34504281197598269,0.18995033868304018,-0.97920515586782098,0.071246975767925824,-0.35232174358593271,-0.00025029769689688397,0.93587890581401167,-3.9083784061504274,18.666339756351778,-4.2045123445023682,,0.1533448683238978,0.1578947368421053,False,3
-0.50573747262211399,0.85503301686188182,-0.11466537778190206,-0.85945224457177927,-0.51087073948296124,-0.018786347187897498,-0.074642133452416187,0.089048456562717815,0.99322652214762686,19.93972706510268,-21.172301646609277,9.752283141118383,,0.2191063720317358,0.2222222222222222,False,1
0.38497080924128585,-0.76060552490665612,-0.522758750776666,0.92284635512883895,0.32480280685921842,0.20702111361354131,0.012332106775691715,-0.56212309340378819,0.82696163575139892,-11.427849765837701,-6.171339229723861,-4.4286049364438274,,0.2775746145079128,0.2666666666666667,False,4
-0.13077435395626888,-0.90918655011987903,-0.39531997853439454,0.98192660959382605,-0.17380732661869391,0.074907586967125211,-0.13681447920046788,-0.37837921493493315,0.91548400749894543,8.1949602442798355,6.1218020785388854,1.6401582299660684,0.510559227536229,0.4953131403080626,0.9899749373433584,True,9
-0.49543966803328116,0.85325078590794834,-0.16279628892128079,-0.86437364988883869,-0.50282652799717875,-0.0048658113558045502,-0.086010050092533277,0.13830610648041292,0.98664770419502257,14.950897789823603,-13.778849558411366,6.7634783076145633,,0.2287266037384634,0.1538461538461539,False,3
0.78899960408568526,0.52493694859396278,-0.31925041073347488,-0.51296397559475237,0.84882044865177952,0.12795235712021452,0.33815319678314337,0.062809600790421444,0.93899274201342442,-14.143848322271625,-11.109088963331333,-4.4621253913974348,,0.07216306403143229,0.3768115942028986,False,3
0.84172708151408615,-0.41843787565046642,-0.34118215731028995,0.4979503395542223,0.84589987782161691,0.19104673783974396,0.20866475405207591,-0.33070098415713545,0.92037811767440902,-28.827121597980213,-1.1289673949548089,-11.066069622103617,,0.3008084139586629,0.3548387096774194,True,3
-0.10034668299733042,-0.87851349040011451,-0.46705951483343283,0.98289630442565401,-0.16038624608974114,0.09050473364212834,-0.15441955173430888,-0.44998922126007579,0.8795818908958537,18.77194506988053,-19.771654499505562,9.1487220589510692,0.3498988349522709,0.2391705970750239,0.2631578947368421,True,5
0.73692181232807408,0.62397260741972194,-0.26000851467777158,-0.59112891867872619,0.78141994571275886,0.19987363493965177,0.32789151257211141,0.0064073108324048944,0.94469365529311666,-0.37602115552153115,-8.3434021904152686,-0.28285479163558763,0.3044940529330443,0.2469189138126357,0.618798955613577,True,5
-0.91279084836281232,-0.14447875874827859,-0.38201931288307295,0.20542940392865397,-0.97082463290395049,-0.12368626499506086,-0.35300372115123158,-0.19137769049047279,0.91584002556992283,-12.128130846198692,-21.614530730638567,-2.0889155221666882,,0.3024151764612458,0.1707317073170732,False,3
0.22643050264129058,0.95575718841082846,-0.1877696042351942,-0.95719345942450973,0.25402876431169968,0.13874461480436304,0.18030504349172463,0.14831582418373235,0.9723643903332474,-9.5546663200827702,-0.62801754092264295,-4.6270705864266217,,0.1186625492832127,0.1923076923076923,False,5
-0.73465179964786109,-0.50072330547426092,-0.45778041092765132,0.59319394941305326,-0.8015359799272711,-0.075239692063257438,-0.32925320295162386,-0.32682754510132683,0.88587588527351668,-18.930799425126239,-8.5858433457467704,-6.5459847689117332,,0.1979066912854552,0.1739130434782609,False,1
-0.53467598811798045,-0.74790827823113115,-0.39338885988726957,0.8005902545481447,-0.59732599347313664,0.047506861018876488,-0.27051216618222151,-0.28954250961590228,0.91814394463652971,-14.522167289972268,17.818963411909596,-8.2259139211133494,0.522599244788571,0.4499952944094659,0.1739130434782609,True,5
0.72264494496577014,-0.5445732102739137,-0.42570447750450469,0.67246358963364439,0.6963786691534668,0.25069796521926613,0.15992812176866514,-0.46743637834470142,0.8694401808448563,-5.1497329920626855,20.36939208648019,-4.8813525831495701,0.3224670911649434,0.2705724973507626,0.5128205128205128,True,5
-0.84600113448306458,0.46902658654692581,-0.25356683845784544,-0.47602486385616205,-0.87865126326457532,-0.037044386272261781,-0.24017162497699515,0.089364526942770958,0.96660828254272924,-12.739380516344136,-18.584314821700879,-2.7479337362998253,,0.3453919727775202,0.4,False,1
-0.66752331742437476,0.70606957399251447,-0.23638607695206112,-0.727458921580042,-0.68613437042167624,0.0048107317168402247,-0.1587959007920508,0.17517243621094702,0.97164730199983684,8.712430410596383,-19.286474452083198,5.1770327296370358,,0.4593475891992904,0.1818181818181818,False,2
0.096919460687666728,-0.92914757073424592,-0.35677921735810503,0.99190241767379683,0.060610157760914642,0.11160646302555505,-0.082074429348545419,-0.36470700647896409,0.92749802558941563,-10.344595003097456,-14.780933106400235,-2.5280738986290605,,0.07713738096331715,0.2898550724637681,False,3
-0.7868199445591737,0.5506367873663881,-0.27877141754979512,-0.58188842881045266,-0.81239479457376884,0.03769023966422641,-0.20571881600962535,0.19186929443834147,0.95961760227255699,-25.766288412892941,-11.134901816246828,-8.4615277219938605,,0.09673878540929223,0.4166666666666667,False,2
-0.29313754425433641,0.9307290255352253,-0.21866380856188167,-0.95599950293530289,-0.28256373616894287,0.078883999579778055,0.011633165347032154,0.23216635421287529,0.97260652549502813,-21.041065051350252,-16.607256099426973,-5.9325481860748823,,0.1205230121872369,0.2916666666666667,False,1
0.61511109552740062,-0.70374224471481561,-0.35550695234106744,0.77892693241977151,0.61224191978362408,0.13576695330892352,0.12211131851800709,-0.36042569922719891,0.92476058589581933,17.816961852996325,10.644593172196494,5.3216740757874712,0.226770445545479,0.21145811335673,0.6808510638297872,True,5
-0.88715907588026133,-0.27370503220896836,-0.37152971540210505,0.28959738989430411,-0.95705275190699668,0.013541854882251847,-0.35928001036752372,-0.095580256385580098,0.92832229787912535,22.252978354222307,-0.7330061971328512,8.1112525226002301,0.5211627762050749,0.4584298515097858,0.3333333333333333,True,5
0.8045388061231008,-0.46972032046335449,-0.36342830102486123,0.55422103853205773,0.81372412621035317,0.17519157191954887,0.21343933538703935,-0.34236802854092341,0.91500152084165298,8.3522292976583703,-9.303416307856768,3.1711429637613002,0.5270252197842206,0.5426980000531199,0.8448275862068966,True,5
-0.082035354676927449,0.99511822161076013,-0.054862788857923617,-0.99254041775525981,-0.076593454907494293,0.094852315667820972,0.090187137138535656,0.062234778729999773,0.99397842663268243,-24.601236562405035,-14.771286802701667,-7.5317987021330355,,0.1615283135645221,0.2222222222222222,False,1
-0.54801311396464569,-0.69082311711496103,-0.47164080377162243,0.78548308273370149,-0.6188517791813698,-0.0062291366347819455,-0.28757251896162467,-0.37387952105407274,0.88176876224690781,-14.506367806472145,0.53563020822073804,-6.4423315207901775,,0.1135866969581485,0.1666666666666667,False,4
-0.81801781702521947,-0.459304497922011,-0.3462459085937426,0.46183410036637701,-0.88329516228814553,0.080615879435383384,-0.34286457205152598,-0.093962941987629264,0.934673660035927,10.071515266927083,2.0430151674693278,2.6689306053605821,,0.07695984959257109,0.3714285714285714,False,5
-0.45860092760775922,-0.78168227785996236,-0.42267955436354127,0.85037598254032831,-0.52410688724422716,0.046611791016185421,-0.25796487651591726,-0.33806033074412323,0.90507973972534594,-5.225641223861345,15.883202179405314,-4.5734593389141738,0.2438927224262348,0.2227711695986229,0.3125,True,5
0.30121674836555873,-0.8150710464623967,-0.49490166672054542,0.95351784100399517,0.25283615210833293,0.16394391441627842,-0.0084969047987942803,-0.52128022157544607,0.85334326809502314,-14.745629546703851,-25.148370549191949,-2.365354156028074,,0.1305088203913115,0.1666666666666667,False,1
-0.92685227710492246,0.19451950586645556,-0.32110281571934407,-0.22539233050758228,-0.97232069133146404,0.061569233851536294,-0.30023849482333526,0.12943969656243154,0.94504085159322304,8.3506077865355834,-22.484540711483245,5.5614690647143226,0.2596415307262497,0.1911961398847272,0.5,True,4
0.39598627782023044,-0.82378611654235401,-0.40567388623147493,0.91673155555008379,0.38010693039783949,0.12297144596310475,0.052897285722464299,-0.420589057936129,0.90570785660034792,-11.472192093619777,31.227002549025357,-8.2361866943108701,,0.4357251736742452,0.6,False,3
-0.58420863115355137,-0.72388484584491763,-0.36700273192685429,0.75490333927543529,-0.65071457815414602,0.081801504438912293,-0.29802889731784638,-0.2292624429202316,0.92661616035430583,-19.646281152021508,-1.7058701981892757,-7.9358452540081688,0.1507600500565955,0.122609520537248,0.4594594594594595,True,4
0.43132539534623948,0.89101155991983116,-0.14162204425384856,-0.87170275594690205,0.45204701700580868,0.1891766362179152,0.23257839238412792,0.041855638871949985,0.97167659068778378,-6.4282538548761767,24.393921935944878,-5.7052548463209778,,0.3563961720053,0.1904761904761905,False,4
0.91985327003576534,0.29661965213379371,-0.25668413190638861,-0.20396643235119544,0.92062844470437966,0.33292786196880542,0.33506365974010716,-0.25388983589191189,0.90734353756024699,14.571146713766408,-2.1638419501052968,5.0461056388679291,,0.3591335040019573,0.4583333333333333,False,5
-0.55181689519905042,-0.74196500088242756,-0.38077033975668123,0.78373819181887261,-0.61743224487892201,0.067319162712097161,-0.28504834828036318,-0.26127640622397014,0.9222158525493489,-13.519823778771038,3.8110250902580818,-6.564826763380518,0.3593011879732412,0.3491136004081039,0.425531914893617,True,5
-0.76440802474006153,0.56568660136589377,-0.30932028829047348,-0.61097507953892294,-0.78877989915879343,0.06734777550484132,-0.20588789157064175,0.24046816778556743,0.94857010093426797,7.9130517952202446,-2.2877818050458756,2.1191022115608926,0.1598032411989031,0.1096942908320186,0.4285714285714285,True,5
-0.85744606938717571,0.44264410628350259,-0.2623974719103877,-0.44178103458284018,-0.89471470172336542,-0.065689573015702385,-0.26384797815294808,0.059596960430457022,0.96272137544154102,5.2844511971682326,0.054432501747072565,0.84380675804173622,0.6906469891619595,0.4653999297545463,0.1904761904761905,True,3
-0.94187828811550978,0.045412216866362209,-0.33287087727207343,-0.05435273185055764,-0.9983668310253957,0.0175912264692063,-0.33152838629139847,0.034661235805897112,0.94280831976358248,15.03280298559957,-26.409476399540583,8.7329412823184196,,0.2911784038784108,0.4358974358974359,False,3
0.59685037587353185,-0.71230758159229457,-0.36930683452348961,0.79440685448722448,0.58923724574063241,0.14736762797747238,0.11263826331818626,-0.38133630490438458,0.91754849691911777,-3.6616644544726169,-1.7977048681891112,-2.320035695333146,0.4719902919387525,0.3990238890108491,0.8517872711421098,True,5
-0.60635177945796326,-0.67264859696030133,-0.4241242560329459,0.74176758497292494,-0.67064959293122917,0.0031580665938507613,-0.28656302872421646,-0.31268672582716855,0.90559849936927839,-17.545776606271328,-1.5830181286609637,-7.1356220702851605,,0.1809637764889461,0.1923076923076923,False,2
-0.010738607905062366,0.96743806183439773,-0.25287996918373401,-0.99326973119700823,0.018846612415048553,0.1142805595379237,0.11532529379145462,0.25240523313628405,0.96072455724694239,-20.868283782320113,-14.509027958646787,-6.1904087720997225,,0.08767592400706711,0.2608695652173913,False,1
0.24689522246198864,0.94497378076967775,-0.21463294896941626,-0.9385033866996183,0.2883418781939775,0.1899219693266623,0.2413589490339921,0.15454292263779826,0.9580513257564941,12.239601303596835,22.235421260909426,1.6815990678221622,,0.199737154222173,0.375,False,4
0.08248278176963969,0.97811581674066728,-0.19101319261579919,-0.98639188113881759,0.10747770414285718,0.12441704037472548,0.14222393446592457,0.17815159879697651,0.97367056046237443,8.8839455144863209,-21.845293062884988,5.6460819134949576,,0.1148795269084553,0.1176470588235294,False,4
-0.9367183652056299,0.0047254791161977262,-0.35005195919122423,-0.015477283134353483,-0.99949022727610981,0.027923812174008023,-0.34974155885921132,0.031574600974083565,0.93631398931130794,-20.098061871209726,2.5407344559006959,-8.6828626514112948,0.3527185196685559,0.4277607648575116,0.7319587628865979,True,5
-0.94273947141567882,-0.010260453290354639,-0.33337218260251184,0.015929489647721479,-0.99977119605809228,-0.014276095129067662,-0.33314942652576962,-0.018769087107462265,0.94268721269289668,-21.862381367587471,3.0165036401113023,-9.3750928337056791,,0.7657885143195013,0.4615384615384616,False,1
-0.93108639060951859,0.20247462709824526,-0.3034504219854775,-0.21001045058367981,-0.977666754012392,-0.0079579359454292065,-0.29828466917925511,0.056318233994846506,0.95281399688098745,13.277603423721894,5.1927820013447548,3.8271260473971305,,0.09205169377651855,0.2222222222222222,False,3
0.15920228189855434,0.93908656933172285,-0.30458340194283112,-0.97124582677589222,0.20430137037539292,0.12223949457172163,0.17702027400472131,0.27636455156823492,0.9446091558034897,-5.807547770661257,-7.5846660884317716,-2.351982105188938,0.5305701161988001,0.4474329682339263,0.9662813102119461,True,5
0.41837430694077765,-0.82080887385152446,-0.38889038545381593,0.90740513732320549,0.39645449221060119,0.13942651241959031,0.039734821646508073,-0.41121360411910973,0.91067256230551563,-7.4374853933531684,-11.723281194228285,-2.1244343116976885,0.4667232378330501,0.4168251752457232,0.9027331189710611,True,5
0.91447160653091075,0.26598156516363647,-0.30495161557512285,-0.21223375684185392,0.95691017693303204,0.19819118481604076,0.34452650595501094,-0.11651918415048823,0.93151745363108251,-4.1762667110300971,21.25978092813455,-4.5670265705153161,0.4556521783618475,0.3114590778171688,0.8888888888888888,True,5
-0.14033635507034778,0.94423526582993089,-0.2978682094629243,-0.98748113246587033,-0.11159734677600666,0.11147665772024871,0.072018889671329051,0.309783464625914,0.94807567449801888,22.095009219677905,8.6024218910401355,7.1931645394650481,0.510932603983416,0.4606854096009757,0.875,True,5
-0.42046210264992967,0.87018099921472303,-0.25689812930588696,-0.9065868330678386,-0.41423772736914088,0.080668577104559602,-0.036220634218978753,0.26681854101563757,0.96306590212044119,-20.467077898997854,-11.514222126891388,-6.5486556620047773,,0.1229923483672242,0.2592592592592592,False,5
0.41178619951207618,-0.83048761018750583,-0.37512991778375332,0.91075107714367987,0.38908958281762968,0.13835379295281144,0.031058032343135006,-0.39862215927849232,0.91658920611096251,6.8713302619453778,18.1421098689442,-0.064695165073261479,0.5527482665959916,0.3916150103005068,0.8857142857142857,True,5
-0.92382690038625814,-0.18826083169975497,-0.33331924242448807,0.16674289072128001,-0.98166991558865047,0.09230918276142841,-0.34458767609511137,0.029699092172792804,0.93828423060791222,-26.012935732591096,-7.6994380118136823,-9.1221205578154478,,0.1149083959576451,0.4444444444444444,False,1
0.85238071758685674,0.48445955353578862,-0.19684017190100894,-0.39696135491681317,0.84450050396606346,0.35950046106183503,0.34039505723309554,-0.22829331963280977,0.91214766634701661,14.282945510536019,30.298180166767754,1.4685312194460971,,0.2395604002424206,0.3125,False,3
0.94409175854966909,0.046710717035061938,-0.32635695235840162,0.053796195978315697,0.95481743035187006,0.2922834993538207,0.32526407846065064,-0.29349920546795799,0.89892240802686685,-10.247597844218623,-12.253938245218404,-2.9600704920088741,,0.4378099977941082,0.1875,False,1
-0.62104207066757511,-0.67589778041277837,-0.39682355889489307,0.72208693065224883,-0.69029345657889463,0.045666271859813957,-0.30479043791126931,-0.25818042961742815,0.91675823133496603,1.8345597906526032,34.339664040574789,-3.7185384158193275,,0.1002317831194654,0.4,False,1
-0.79343549775363853,0.54591071058612384,-0.26914978538313461,-0.57485145501598967,-0.81743735793572669,0.036632915759690125,-0.20001478837934347,0.18378700149469329,0.96240138326539937,21.658018133003935,27.501168050897117,4.8102355819805664,,0.1829439215965385,0.2307692307692308,True,4
0.81744378072811652,-0.43512265177182835,-0.37743071319644439,0.53771329872297657,0.81138202179154362,0.2291803287586508,0.20651894277615171,-0.39029154824120971,0.89723042394142072,-27.045070431376718,2.4288570462052328,-11.188908681913702,,0.6127481099600854,0.4528301886792453,False,2
0.70633956992864089,0.63510621224328456,-0.31260919871784093,-0.6279347307680756,0.76602867996832336,0.13747012534079067,0.32677574244158208,0.099197583821260843,0.93988161675594906,16.595604856163945,11.945577972691581,4.6084329264243484,,0.0887941371763989,0.4705882352941176,False,3
0.75726237313959366,-0.46661868611028018,-0.4569690361498322,0.62430909203905305,0.72266050010211336,0.29664787069779647,0.19181203253280049,-0.5099301946000836,0.83855789353553678,-0.49002395769715434,-14.336876349679873,0.86492583129568024,,0.318566405342444,0.1590909090909091,False,3
-0.46323076510901856,-0.78132420305057737,-0.41826994630728032,0.84820844476775403,-0.52764011265617883,0.046242250603152187,-0.25682619119003997,-0.33335926752312878,0.90714492021686455,19.388077247660604,19.81253251912517,4.8030407796309253,0.1658071861280395,0.13945818071532,0.4444444444444444,True,4
-0.75124418599728748,-0.48830481425199618,-0.44406146126814267,0.5565194761303246,-0.83034845053666029,-0.028416955836223709,-0.35484960996583287,-0.26847692465031769,0.89554558523695793,-17.126323037511586,24.496366052015116,-9.7008175208005607,,0.5385383238767467,0.5384615384615384,False,4
-0.94509429066231165,0.11630288637144336,-0.30540206348217852,-0.11654787053909851,-0.99303093952259736,-0.017497057571727703,-0.30530865633044707,0.019057590942664945,0.95206272513798063,15.73374808382273,10.853147778393961,4.2750902019454076,0.340442602437708,0.1859792078318646,0.1914893617021277,True,4
-0.89240502847282732,-0.25773895999569496,-0.37038344139114987,0.28206381266142594,-0.95932004046470287,-0.0120443160744928,-0.35221196848391434,-0.1152201738548409,0.92880086175323273,-16.710004223149749,-12.156261966985953,-5.1660581518439868,,0.1205114983715111,0.5833333333333334,False,3
-0.28992504807781222,-0.81410784405508663,-0.50316188721430022,0.92757637530552639,-0.36849630900696878,0.061745754698607686,-0.23568100150868815,-0.44881943863453433,0.86198351320175626,-15.936431862033846,16.107942547727326,-8.6327139860703657,,0.2816973110251217,0.1875,False,2
0.63469628434839465,-0.55061838264477359,-0.54219924688991838,0.76145577353135918,0.56520716672371518,0.31737353960264064,0.13170319506412992,-0.61429655328497756,0.77800643508398792,15.678911718115096,8.0203691730462161,4.5953917690954986,,0.4319194341374852,0.1666666666666667,False,1
-0.94165950490883443,-0.065024574302475976,-0.33022595529671811,0.033585998130411444,-0.99441666288968,0.10003739949106952,-0.3348870817819527,0.08311019975991886,0.93858581768074534,1.0448798804999861,-5.201795178046253,-0.22676322933046669,0.2699156793074461,0.2388308447961184,0.7316770186335404,True,1
-0.89966278003187461,-0.21228511045371906,-0.38149955977035122,0.26395831726197277,-0.96051151308320781,-0.087997954424149719,-0.34775406392096575,-0.17986846614751406,0.92017087864819658,9.6589446401716312,-1.9901261564917243,2.8038185846613013,,0.228115863753781,0.2708333333333333,False,1
0.66611154643719561,0.74130855021595476,-0.082201223103838789,-0.67602203607586964,0.64663047705958288,0.35335991973840453,0.31510254591621939,-0.17980728437528795,0.93186894252502084,-16.323412731159188,-13.124568095995238,-4.9247606436315499,,0.4182688979799185,0.3461538461538461,False,1
-0.94170200137950322,-0.093211724347707692,-0.32327838628953465,0.13984760528156337,-0.98236220665700458,-0.12412550998482691,-0.3060065160986784,-0.16209894933684246,0.93812789252267792,13.240200579461018,-1.0581234690413066,4.4805671805454406,,0.4451299586366977,0.3695652173913043,False,2
0.67019919411832296,0.7325787782453852,-0.11900157086211235,-0.67158165882774468,0.66685357208075213,0.32293093523122923,0.31592897260195379,-0.13650878018516116,0.93891119771948295,-30.636076042248956,-1.5196665172440709,-11.715346298227482,,0.1566812244119022,0.3,False,2
0.45825669526875484,0.84363444161772272,-0.27978872414325889,-0.84881587567291528,0.50875904366147628,0.14379097571920929,0.26365206323293167,0.17159593354451341,0.94923254534597845,-0.4157678157781185,20.503440091430335,-3.0247551670620987,0.1929712581227425,0.1100768205514999,0.3333333333333333,True,4
0.8909842882582808,-0.29700367053764054,-0.34341784718336044,0.38362142133251714,0.89702470228918074,0.219502365768177,0.24286128380560087,-0.32731560178240182,0.91317188615184597,-16.828384823844576,22.845541162023419,-9.4800894343128501,,0.3140434931189666,0.2916666666666667,False,4
0.93190448465102615,-0.063743369556845453,-0.35705855867748648,0.19005788623684944,0.9242799704031075,0.33103555124912315,0.30892075256687662,-0.37635530971300174,0.87345557957136222,5.633478151893561,17.609049611685112,-0.51222648337459542,,0.7005802950084293,0.2028985507246377,False,3
0.94016245353324102,-0.012426160223318272,-0.34049985537215788,0.1385279891316781,0.92695350331785797,0.34866488052839939,0.31129496814675583,-0.37497038980278669,0.87320825097891497,14.231263334401232,12.775544239576561,3.364758142431846,,0.2946111299962826,0.3478260869565217,False,2
-0.90652042961180301,-0.25344836868686133,-0.33761610611225634,0.24491292300194589,-0.96712814790479595,0.068416413797300762,-0.34385806787550643,-0.020665670572459896,0.93879420493349619,12.612476762039986,2.1484008075612211,3.7941524703938994,,0.07560104975803428,0.2285714285714286,False,4
0.36364742753680523,0.93040977897234411,-0.045806021858464829,-0.90072449221885031,0.36373612188318716,0.23746878269463928,0.2376045823694454,-0.04509630616817073,0.97031458074535215,13.255150842774869,-1.7297788032994552,4.471174836447787,,0.119731032992412,0.2222222222222222,False,3
-0.95448490607017655,-0.048565892631903793,-0.29427864033441192,0.063482662429725126,-0.99712614577690828,-0.041344902695721455,-0.29142497431592473,-0.058144677150634309,0.95482494775953997,-18.690881701891822,14.847676662862405,-9.6527815353032445,,0.2098060702787889,0.3333333333333333,False,3
-0.84468573314410256,0.48340491946794034,-0.22983841292744364,-0.48054708801329743,-0.87399597885663571,-0.072149325321676436,-0.23575518748216781,0.049504674290688236,0.97055076054713518,-8.9365699245238197,3.5942265112443974,-4.7994113377481638,,0.1793017750747611,0.2222222222222222,False,3
0.66607536564638381,-0.65746874354479301,-0.35224772325831666,0.73138913743497302,0.66836097662805172,0.13551211961637566,0.14633364931266601,-0.34789144310032721,0.92604427912298537,20.941720989080675,-17.749103877629597,9.6626872069006744,,0.07975571725524243,0.3333333333333333,False,1
0.69137628432172304,-0.61346803937856098,-0.38164878899128518,0.7052942479954718,0.68764667373684685,0.1723429019227484,0.1567126581421929,-0.38832849079056364,0.9080980817171308,-11.283521939633584,23.075310445166259,-7.4010302122912899,,0.1990608793746624,0.2692307692307692,False,3
0.23776548430545302,0.9446129846765855,-0.22621645310053451,-0.94544632239535387,0.27846638637217175,0.16907904402948737,0.22270793865979363,0.1736743528596473,0.95929056766794507,-23.133138173713618,17.288491848003328,-11.372922625654606,,0.3436656080045587,0.4,False,2
-0.91190424462629549,0.29698278050905136,-0.28325231987339206,-0.2547401586846218,-0.95072807603471854,-0.17670194394136193,-0.32177336773866083,-0.088979511801510494,0.94262640865492697,6.8117557626424334,27.452589737501071,-1.0160793302942177,,0.2903413283903863,0.3333333333333333,False,3
-0.48429536651941008,0.82275742421865561,-0.29753692016439692,-0.87245472309834449,-0.47958648529717474,0.093912508558206778,-0.065427472144526544,0.30506888404651689,0.95008011339854448,-15.138910949867981,27.689536354420884,-9.1599358453677837,,0.2387579106768794,0.3333333333333333,False,3
-0.92033391008264043,-0.111939102198131,-0.37477344002886948,0.18669719762038089,-0.96769571767684037,-0.16943775963639096,-0.34369994232279522,-0.22590846683774229,0.91150190030428646,11.970496008210633,-2.9429556030105823,3.9995567621002373,,0.5101058176884438,0.1235955056179775,False,3
0.28621651002654719,-0.73364411493494486,-0.61631681950888362,0.95805807904811302,0.20951708575542799,0.19551805018256832,-0.014311762954441046,-0.64642780215417328,0.76284092053537722,9.8401833755047861,-8.0386807662503283,3.6862949161797025,,0.2711653387555421,0.35,False,1
0.57602469661810007,-0.6902020814351677,-0.43796876106474653,0.8113106598035259,0.54817476500132079,0.20317342420925866,0.099852702393046402,-0.47236163455377078,0.87573050879051628,6.4595961939209126,28.756052514454883,-1.2748120461761416,,0.2892155564041805,0.2727272727272727,False,3
-0.71581642758629649,0.63523776984421654,-0.2899652009482141,-0.67890014100292162,-0.73027509044457029,0.076111042709892329,-0.1634057543166853,0.25133895050214639,0.95400591791491207,4.2352666337270355,-23.647662472716721,4.3236380352221095,,0.216783905962356,0.3181818181818182,False,2
-0.51430185783094751,-0.70302059679791418,-0.49117780844572145,0.79524600304856519,-0.60534704825905894,0.033745307812005125,-0.32105668295009593,-0.37325191445182221,0.87040543121647174,-5.5021155142652942,-19.605675919505931,-0.045769272842028245,,0.3185176629798904,0.5,False,3
0.69787659338511676,-0.54658492183672824,-0.46283170118945227,0.70296957787339798,0.64645448971688202,0.29653054700887505,0.13712050535817552,-0.53229833359275469,0.83537802883766055,-3.0144135033268249,20.364608339598998,-4.029864614193607,,0.3434564055416789,0.2307692307692308,False,2
0.45116716838479004,-0.79545321685910064,-0.40460149030887194,0.89094110309282137,0.42772149613989568,0.1525721880278216,0.051692717005379973,-0.42931166013556965,0.90167586275792233,18.06891254272346,-14.749177704792213,8.0463027266358793,,0.1142131028808232,0.1578947368421053,False,1
-0.73443879510949006,-0.44861539844181109,-0.50925816686530989,0.59348013401721134,-0.78852513696682569,-0.16127442109138573,-0.32921267710255864,-0.42068079662892133,0.84536777829689169,12.689060371026182,-22.938113645312018,7.3379257528744182,,0.4106241128928406,0.2307692307692308,False,1
-0.8474636304203722,-0.39492943481741649,-0.35473389551820306,0.41667732139872349,-0.90890564316745492,0.0164481503622919,-0.32891549818564092,-0.13387036017413143,0.93482261510948705,-3.390481402271861,-20.02560662694896,0.8890876517349382,0.4103020754709613,0.3301498524506771,0.6363636363636364,True,3
-0.20181635051610736,0.97864080543128473,-0.039145045780605237,-0.97832383758155284,-0.19953540409405732,0.055390354148751972,0.04639643826914526,0.049475210538483028,0.99769713543645588,8.0362267502880211,24.027340649747895,-0.19872210129305282,,0.3162752993876679,0.2307692307692308,False,1
-0.49288646749971388,-0.76225675942275906,-0.41955638818872609,0.82907771654468421,-0.55774764348815931,0.039340896182711659,-0.26399445085968609,-0.32845425693347419,0.9068763592781397,4.0110503714116588,21.731850660387604,-1.4967494902384968,,0.1282447133009528,0.3333333333333333,False,2
0.27252945209146401,0.95551021097160915,-0.11281814779421456,-0.93912258514229163,0.28967120364830046,0.18476840599140198,0.20922826725465443,0.05559523815881795,0.97628515387446035,9.0580568850068435,5.4538414590340407,2.0205933307914812,,0.09906556562596742,0.2580645161290323,False,2
0.92209166946312515,-0.1932537429586659,-0.33526100867708114,0.24842229769692856,0.95989656003828494,0.12994212570851216,0.29670408678292021,-0.20310486173189946,0.93312116042193594,33.44646586402888,7.0788334189126774,11.812415098161294,0.3391139218259844,0.2830967991669451,0.2307692307692308,True,2
0.70699365223641764,0.63877395653928637,-0.3035256301279281,-0.62874090098714031,0.76420746888624425,0.14377699372416275,0.32379755268267418,0.089189556258704755,0.94191314245586599,0.93095302139980307,-22.247271576622463,2.868847148194638,,0.1497132779923172,0.2222222222222222,False,1
-0.033169079176094483,0.98794335837355918,-0.1512208081984181,-0.99365270329156485,-0.016324398863782938,0.11130058060540804,0.10749008060269925,0.15395270263073954,0.98221405402524942,-26.101603272267294,1.6661051505946833,-10.674084373216569,,0.5615425995343749,0.3888888888888889,False,1
0.92302370848760684,-0.12174734300923717,-0.36497235243231335,0.24366961141821794,0.91909707380076477,0.30965414481670706,0.29774545175548905,-0.37475078839285009,0.87801451728195057,-3.4844314978710225,-12.397155203767952,-0.67807284052107453,,0.3988821604277933,0.1153846153846154,False,2
0.51017629864300285,0.84837569026178972,-0.14134649792533691,-0.81671440287621799,0.52939190388425483,0.22961227370579812,0.26962516284180138,-0.0017030192704919345,0.96296384734209828,-7.1933628245053463,-3.7146612733273545,-3.4007615363473542,,0.2221276365677214,0.4482758620689655,False,3
0.88670453892822132,0.40307119761641896,-0.22647002074481393,-0.30433747762860608,0.87760731514635137,0.37038372009615977,0.34804275650377819,-0.25949761088240986,0.90084806132420225,5.5477022277161261,-31.462249960368229,5.9542441591969748,,0.3635440833792954,0.2,False,1
-0.93675850642903324,0.15476277585721659,-0.3138980468907312,-0.16326368766728605,-0.98658214125637789,0.00080426566463248639,-0.3095617368508673,0.052001555389712711,0.94945635461295674,7.8220824013023913,30.628304856090487,-0.98329540611984834,,0.2092783447495027,0.2,False,1
0.93974796219751844,0.13249384404972778,-0.31514940716196543,-0.057206764066838944,0.96979199931989557,0.23713047927274311,0.33704770239628229,-0.20481420689016244,0.91893959919319013,1.8228193580766663,-4.413258144395181,-0.062576259662597902,0.2816396862666434,0.331410147187183,0.6596491228070176,True,1
-0.36778905829387809,-0.79210174864748517,-0.48714066591580912,0.89918942739893015,-0.43647212499059995,0.03082949497110879,-0.23704341849814337,-0.4266929855244701,0.87277918962984435,-19.109126025372259,16.914514376385988,-9.9619194557169095,,0.2401549141226998,0.4444444444444444,False,1
-0.7116596527428497,-0.57885540699019278,-0.39807908316833673,0.62296213179778115,-0.78190508266580294,0.023294292162389277,-0.32474408540247379,-0.231410586403477,0.91705529794909779,3.8459740386452959,-4.9838790209959587,0.70451406422135099,0.8150202439404554,0.9041252544009921,0.6114605171208944,True,1
-0.35958283850832912,-0.81002764889031509,-0.46320124166880383,0.90313211156064466,-0.42694301178776778,0.045519817152549664,-0.23463284364790951,-0.40196377040576531,0.88508336102475516,-15.676460149510099,24.267920746792122,-9.0990245156568399,,0.09442773659049042,0.1818181818181818,False,1
-0.41759952861659805,-0.81200799791960987,-0.40774213053568936,0.873153570113545,-0.48279051678701279,0.067202380155026775,-0.25142290408227874,-0.3279578146882875,0.91062077457507906,8.5168362089397291,34.802804443426872,-1.317765346758444,,0.1742013467085302,0.375,False,1
-0.49410266574160555,-0.67935417224460859,-0.54253153305672719,0.82556265446848764,-0.56228397815058928,-0.047781078494447876,-0.27259651364972409,-0.47150253081928517,0.83867544627050183,18.448023658443596,-5.0584158104192065,7.1398450064583319,,0.550436377062067,0.1481481481481481,False,1
-0.00079559635031912785,0.99818005245082908,-0.060298838427520984,-0.99292063745970893,0.0063735925712085605,0.11860853689487263,0.11877699580749411,0.059966325608604376,0.99110850317205434,-3.9410804392245415,-16.487560014447464,-0.033210993179896738,,0.3823349370144963,0.1875,False,1
0.853197368291156,-0.28247380140814093,-0.43847782413604369,0.46071288323590953,0.80225972791786249,0.37963530945054652,0.24453607088014698,-0.52591622952632988,0.81462520803085159,-6.8391176659475885,7.0932534465428922,-4.3679422618291719,,0.08868170136768519,1.0,False,1
-0.12170852265815475,0.99216388955839885,-0.028246269996557327,-0.98965948275764171,-0.11912680121936256,0.079893137497026798,0.075902198257005699,0.037677864689913632,0.99640314873657543,24.942482453442853,-8.7947161616910705,10.308932535688424,,0.362857257842769,0.2857142857142857,False,1
