axis_00,axis_01,axis_02,axis_10,axis_11,axis_12,axis_20,axis_21,axis_22,location_x,location_y,location_z,dbh,dbh_approximation,score,reconstructed,number_clusters
0.98290115246179488,-0.1840951102195188,0.0037835013596927702,0.18358842405697295,0.98136261514035339,0.056768901320737739,-0.01416386393441741,-0.055103611480099658,0.99838017656617017,1.6665341998238821,5.4715290922941353,-0.86542575949120693,0.1651223095264177,0.1724030799765482,0.1679389312977099,True,5
0.58602117673314691,0.75430830391355785,0.29596986851257251,-0.8033624217173897,0.58854220858487005,0.090702194496134286,-0.10577334159734626,-0.29092447707454094,0.95088114338556329,-14.390243250657992,-17.763173930963102,-1.703122313506215,,0.592346074970296,0.2549019607843137,False,1
-0.9955979761184981,0.049259918245156069,0.07973788562051852,-0.06371038871669403,-0.97966201601000336,-0.19027170245936026,0.0687434092718575,-0.19451425356949062,0.97848788895927852,14.249372521144867,10.32214249097232,-1.0794914716081532,0.4587210793562409,0.5618514284931273,0.7913043478260869,True,4
-0.18390990948133165,0.93263419639238831,0.31043614627503102,-0.97845685674949867,-0.14356083925909557,-0.14836598299851267,-0.093804715630181806,-0.33103435040905971,0.93894458525239533,12.248298544605362,23.55347381255843,0.214495516732984,,0.5203474772134188,0.2307692307692308,False,5
0.98661212294506906,0.13511521843412158,0.0913257718572619,-0.14493394314979691,0.98317790129214477,0.1111546964092222,-0.074770789623197428,-0.12290277522608893,0.98959801781372314,-12.363122537136322,-8.0589722882240018,-1.2323784581240134,,0.1488925361396523,0.4769230769230769,False,6
-0.99599392533488318,-0.074650425879942972,0.049228189200438699,0.068049241009842887,-0.9899054957078135,-0.12432381254390676,0.058012080586679143,-0.12047582115682512,0.99101976520279011,7.0020889622170515,4.2735190851918601,-1.2380343054451954,,0.07522685792546366,0.3043478260869565,False,5
-0.5142169682940928,-0.85752880298092815,-0.015008716684961058,0.85085468688651911,-0.50785844674405989,-0.13463320494571529,0.10782954753533917,-0.082000915414453965,0.99078183196378633,-8.8805894295405547,-12.687395292281108,-1.5471028587201998,0.3818036969418989,0.1514692157977632,0.2448979591836735,True,5
0.75768642509554518,-0.6524157404900508,0.016278291886780129,0.65232193300039165,0.75635391047561162,-0.04903934986194549,0.019681894028902261,0.047775136515436231,0.9986641874916542,4.0568879425494009,-7.1595833254381622,-1.838795223872739,0.1543065462750339,0.121532713167095,0.3235294117647059,True,5
0.91519982081900153,0.39675097709845425,0.070696181964013713,-0.39575798265897,0.91792358907800609,-0.028140784918946116,-0.076058576995428617,-0.0022241370402439307,0.99710087056418539,-11.189870861374292,9.2587601087461113,-0.078883944571012929,,0.165011526050536,0.3802816901408451,False,5
-0.076874244894321653,-0.99249683054635018,-0.095080975107422055,0.99330065822363556,-0.067984527089129387,-0.093444670521976164,0.086279504196657919,-0.1016274836445229,0.99107401425103558,-6.2219327644641833,-9.1756028431597336,-1.5615460754863422,,0.1099720199645861,0.2982456140350877,False,5
0.93800248622981752,-0.34448824717940896,-0.0384601531710419,0.34660618619258965,0.93089092903648873,0.1153526329591624,-0.0039354186193547025,-0.12153158351984746,0.99257976338803577,-31.415467566460972,17.497753257019724,0.68164868770874454,,0.215547455790718,0.5555555555555556,False,3
0.91191493263185119,-0.4092945406433327,-0.029818360830375701,0.41030411918363419,0.90794731035048415,0.085335874099140979,-0.0078540068748053291,-0.090053654156205226,0.99590594633686458,5.7258385469748339,5.1040597241502077,-1.0900822620845059,,0.4556950454844493,0.3611111111111111,False,1
0.31960126650436588,-0.94753317107992452,0.0059933423087060109,0.94433835565275248,0.31799042082814166,-0.084303987477450923,0.077974999146278728,0.03260340418982903,0.99642205793698368,-10.031569213169732,2.5068994416318442,-0.70024696104473905,,0.07826906197896934,0.4427083333333333,False,4
-0.88494678554520767,-0.46144605771221481,0.062743307014047095,0.44179528860281708,-0.87448621151760464,-0.20022684343998465,0.14726204440234181,-0.14947040405191186,0.97773845612771115,5.6537280957755263,-6.6401761011109475,-1.905464820907129,,0.1969351953437434,0.1142857142857143,False,3
0.48574415068393267,0.87216558838994929,0.058136103281504446,-0.86767171086684025,0.48915564874095202,-0.088727411019525387,-0.1058225979540966,-0.0073442312893307118,0.9943579033874137,-2.7493624990443939,4.9663261439630109,-0.75721712582507406,0.1781710977656842,0.149376550892145,0.7492063492063492,True,5
0.22098870704978105,0.97150257295551057,0.085713138416992407,-0.97013942048638602,0.22798258233910856,-0.08278554806445293,-0.09996747558484341,-0.064859023202759408,0.99287451922908121,-4.1353492372545411,5.4023247562420451,-0.68894316496678554,0.2361956522470821,0.2193164833043493,0.7589285714285714,True,5
0.49353307832852344,0.86422577530934663,0.097667342988986938,-0.8622054053083088,0.50090699919577564,-0.075458711980897111,-0.11413561956157363,-0.046967940636567562,0.99235430814787806,8.4816978081087075,6.3129848142367484,-1.1105014433992808,0.1458653278385874,0.1435318613225574,0.3246753246753247,True,3
-0.96458667808229981,0.24265566683865897,0.10339616925805524,-0.2626271391396206,-0.91994374144766955,-0.29108503630142646,0.024485225208133961,-0.30793138833569766,0.95109344116346284,0.14749034202339972,16.942814851676729,0.091898589041966308,,0.2964080924127643,0.1538461538461539,False,1
-0.99854604959261317,-0.024014717331641081,0.048260544904386062,0.013898719154352061,-0.97971062070852921,-0.1999348025651792,0.052082746172368161,-0.19897334751767662,0.97861994386419204,-11.986789639006382,0.62082244136000919,-0.75939720762257124,0.2331476449886798,0.1412585326615887,0.4289855072463768,True,4
0.86799088067133257,-0.4965747798702238,0.0023063105265339404,0.49657083047048206,0.8679368225565659,-0.010152949141470524,0.0030399666547306775,0.0099579138002000717,0.99994579780880477,-3.4869419644932549,-16.782752680717238,-2.1303250667725666,,0.08306047052832213,0.2083333333333333,False,4
0.99689906328458344,-0.06339097233889876,0.046624481211581283,0.064678042547737319,0.99755070551976455,-0.026633451319965765,-0.044821963751192566,0.02956644285247827,0.99855736791760619,-22.322571267475933,1.834004247225772,-0.36456216941394226,,0.1221978947794239,0.2631578947368421,False,1
0.93710525875384731,-0.34466364394166604,-0.055142602049022965,0.34877348822608784,0.91836084271921659,0.1870037873163454,-0.013812600279872779,-0.19447451016753403,0.98081031650804185,-6.8961725223600343,8.3377259550792928,-0.30809094238965001,,0.1171899446536242,0.2,False,2
-0.43249131333493301,-0.88707567066097726,-0.16139398505273128,0.89233354189868497,-0.3954655754654805,-0.21759556205102881,0.12919796396372324,-0.23812545673054966,0.96260280124488251,-14.319544849746,-12.515129112720059,-1.4268695308794725,,0.5453050593475129,0.1142857142857143,False,2
-0.98162842902880121,-0.19047100282841095,0.011243860724308219,0.17709367126460726,-0.93145002961151435,-0.31786581120770585,0.071017314230202702,-0.31003490032293013,0.94806903844671564,-12.756944521685853,19.262175631957515,0.5759994550703732,,0.1830331065111215,0.3888888888888889,False,5
-0.094685559234473679,-0.99550649415780568,-0.0012103561830787285,0.99063698931759558,-0.094102149851414629,-0.098909760838412492,0.098351412131321383,-0.01056434962394015,0.99509567090245044,-25.412574695500105,5.9357349882760975,-0.030879485472514016,,0.09015531783562936,0.3333333333333333,False,1
-0.97118883250993782,0.22883701899098802,0.066527215087534633,-0.23717708090179726,-0.95534335925297487,-0.17625577501501782,0.023222487009087592,-0.18695637103495683,0.98209369788556977,2.5759565036385457,5.1192704927828654,-0.94514996285899866,,0.07343887662891532,0.203125,False,5
-0.56153190496723859,-0.82737357385471433,0.011614171978362342,0.81686511932528738,-0.55652908907701404,-0.15167976081466489,0.13195945033815926,-0.075685813056264484,0.98836145269251763,-10.780236401856975,-17.483577884018509,-1.8284122916022383,,0.518175902274821,0.8095238095238095,False,3
0.89690769565605211,-0.44163726654903301,0.022651937401672248,0.44205709481881589,0.89678557561177574,-0.019004112581357258,-0.011921006387859832,0.027058384463134261,0.99956277113393222,2.6057905006790882,-6.7585520658489253,-1.7775921041018499,0.5872839642276536,0.3538097661007875,0.3007518796992481,True,5
-0.20503131232413654,-0.97366766842464658,-0.099666606399311325,0.97325543035775708,-0.19203925747412495,-0.12607454488485834,0.10361480707784886,-0.12285029529186967,0.98700140663573555,10.627994872347367,18.072604275893635,-0.18551916818503011,,0.109970127279044,0.3125,False,5
0.50783015217214,-0.84996237025391619,-0.14025870987987482,0.859804663789552,0.51017281309458429,0.021439237507304115,0.053333635452287954,-0.13148258413761094,0.98988274729785009,-25.519193334178336,-1.2255550505990815,-0.52070580093241581,,0.1451720242033003,0.75,False,2
0.80967686846641351,-0.5867183656333923,0.013598827114962013,0.58654150939458383,0.80821605756890491,-0.052496305059490392,0.01980975586788046,0.05048132046863156,0.99852852230479494,-0.66662076421732253,15.988866019561591,0.033169368149946206,0.1915305739128126,0.1496008323516284,0.325,True,5
-0.61360986711095944,0.77855317802002699,0.13167338371511367,-0.7886514078389647,-0.59607234688143251,-0.15075381984175651,-0.038883002683570936,-0.19634843080141426,0.9797629334814274,-28.487185346942191,18.188860215226416,0.68318128296066472,0.2270161104579193,0.1887755424426704,0.1764705882352941,True,5
-0.2397714184927752,0.93914439285173679,0.24600300048801071,-0.96707600874382516,-0.20878895407852141,-0.1455031476185614,-0.085285756056180773,-0.27279109595061696,0.95828563475823114,21.916987526233093,13.602610419114578,-1.3026896318526728,,0.2795424949630564,0.25,False,5
0.96570390764630265,0.24619841613536006,0.0824760731915712,-0.2466378096873269,0.96909494529071771,-0.0049777348883686123,-0.081152656082837005,-0.015534700010655836,0.99658061365164008,-15.862001475896525,-2.7340189763016487,-0.83266022852809807,0.2809581297371263,0.1897923237278837,0.234375,True,2
-0.39300679790385895,-0.89505920855565013,-0.21074788250677295,0.91557166324685124,-0.35963880752911753,-0.17996793486182061,0.085288840188793569,-0.26368341111789256,0.96083134443068763,13.242269628171876,-3.2670380438036308,-2.1650152617677283,0.4376898409678145,0.5320013522960109,0.1538461538461539,True,4
0.55646912665959036,-0.82883519828804941,-0.058088941749028754,0.82863065227426447,0.55874007880757837,-0.034362282311095477,0.060937288963647945,-0.029012728463733907,0.99771985466905988,-21.658882628175949,0.32706923082963929,-0.51675404001237146,0.3922595948595705,0.4425264227871717,0.3228346456692913,True,3
0.83032591753491425,0.55252722563556633,0.072612227629142045,-0.54880907434375159,0.83336591147614814,-0.065649505005617684,-0.096785694127575733,0.014660236048315237,0.99519727033952932,8.4163327562113892,-6.5317847354026055,-2.0459466956344357,,0.08951028458404006,0.3333333333333333,False,5
0.86176882693508983,0.49962599887994158,0.087911035519669806,-0.49904827723273071,0.86605412133469861,-0.030017926481147775,-0.091133451125059189,-0.018003337535154096,0.9956759382066197,9.6190638678212519,-1.6783378596803928,-1.8763792319954602,,0.1460303579623572,0.3018867924528302,False,1
-0.98790590179762194,0.13529574530659416,0.075742923731269687,-0.15108814625297928,-0.94974746447028235,-0.27413888048598334,0.034846825612472918,-0.28226727588263417,0.95870270872180752,-6.9953088864100454,23.785425444166062,0.84184325314919894,,0.531002112249454,0.6739130434782609,False,3
-0.1602480714613273,0.95784759316083989,0.23842932678031228,-0.98138953195045087,-0.12871444889637931,-0.14250325337822131,-0.10580709886865593,-0.25682791694301632,0.96064784333683417,14.680288445310099,12.20993254150685,-0.94170507297181316,0.5852939481903108,0.4698462079196101,0.396551724137931,True,5
0.80928411215817031,-0.58113681913387494,-0.085669266690694384,0.58681707744787515,0.8064049571407883,0.073189908555041566,0.026550770683616103,-0.10950361887044047,0.99363172958112622,-5.0200811358656656,-14.030417759684392,-1.8267145805081855,0.8514687058720992,0.5506828580025003,0.6705882352941176,True,5
-0.35894813513898716,-0.93073723659596408,-0.06988871649953228,0.92714844901020488,-0.34693665576087801,-0.14152989220454254,0.10748018318841278,-0.1155991059790977,0.98746385094271583,-0.3996673972256134,11.038034269001447,-0.35471764414653734,,0.5422653187288997,0.4222222222222222,False,3
0.64540297128846147,-0.76005390915244264,-0.075980654341195997,0.76325658485741577,0.64560418420304833,0.025191725056276731,0.029906359253844939,-0.07425154895089596,0.99679100976813229,-7.7729157948837164,-10.924366545719106,-1.550432399261122,0.2105146656327492,0.2354077756870308,0.3619631901840491,True,5
0.89191583609939684,-0.4509900136533963,0.033077921640038199,0.45214941164691169,0.89053367371561587,-0.050106741322120091,-0.0068593631239903322,0.059647158888580874,0.99819595549874607,9.8878008595572613,7.1092529258182351,-1.1124203840675813,0.1913576959239792,0.1136320494017317,0.5333333333333333,True,5
0.31089521164941658,-0.94771042762563618,-0.072035496410441879,0.94697536357629886,0.31533901165865952,-0.06163577293809884,0.081128466970611907,-0.049053573730911772,0.99549581553677291,0.34113068029572907,20.17503811296163,0.35341145113106254,,0.3716324902317142,0.25,False,5
-0.81818642773733807,-0.56174047760450518,-0.12255041936720359,0.56698154785892163,-0.75293084115730913,-0.33410637949858019,0.095409086851914848,-0.34284513158977559,0.93453428074697953,-1.753002964726923,14.160125146016599,-0.045372808079122896,0.9947203620281795,0.5197608644084168,0.3111111111111111,True,2
0.99873692929169289,-0.0068073988982454807,0.04978157680548323,0.0072713462678506684,0.99993175047096439,-0.0091445023662412861,-0.04971592896097865,0.009494931295872748,0.99871826492121063,8.4391064082746912,7.3075458584670363,-1.0057017940725899,0.1891477426997744,0.1717131995372902,0.5131578947368421,True,2
0.65166596567368473,0.74182096826662591,0.15821858368267289,-0.75064902319041671,0.6606750197320318,-0.0058789697527716345,-0.10889220893093521,-0.11493550079086319,0.98738660994166638,3.3290536024840844,-14.09450383492249,-2.2541078035945836,0.2839859842122353,0.1556249849213829,0.1538461538461539,True,5
0.58934871469922334,0.79347000092850062,0.15189947369526738,-0.79832597934371352,0.60082200492239513,-0.041091959139647152,-0.12386978318893686,-0.097047802796144944,0.98754139193512624,10.867921125236036,-8.2558595127503693,-2.3183938975607741,,0.1702929595999191,0.25,False,5
0.78157118951059279,-0.62358728258208063,-0.016893097078204772,0.62360936584801363,0.78172274418534016,-0.0045727508110056381,0.016057227457923602,-0.0069607632654549861,0.99984684488231834,-2.6916039312341442,-15.950311228780295,-2.0849969064750749,,0.2283367149711696,0.6666666666666666,False,4
0.6314789837027639,0.77094484630647142,0.082935740758829632,-0.77008977751033147,0.63605046002379428,-0.049005580066032832,-0.09053191545423489,-0.032921972252758759,0.99534924324438812,-25.370502299543073,4.662807856094652,-0.087809812664550665,,0.1309489531821801,0.6764705882352942,False,2
0.96249201756175795,0.24583742827325419,0.11477401705041389,-0.25273412681299762,0.96625449665312313,0.049776589293468107,-0.098663961373784484,-0.076916880836469581,0.99214374773437941,3.3529278697847489,27.060683431173082,0.80980309586456367,,0.4225578375847622,0.6,False,5
0.76164682401419403,0.63857725058389503,0.11006003137290681,-0.64024104825019235,0.76779423810352954,-0.02415384173409596,-0.099927551779209089,-0.0520682530121232,0.99363141125050947,-21.20233032603738,21.387619007124961,0.85434075024238942,0.3953274070607855,0.1453864535944704,0.6538461538461539,True,5
0.89224470327058314,-0.45097765285306041,0.022771607601001213,0.44842762443086559,0.89086556580447462,0.072603094363562118,-0.053028814175691899,-0.054568308485953815,0.99710091995549865,-4.9423828597847805,5.6165072491026917,-0.65878262545728272,0.3762506961245478,0.2187895638625254,0.2537313432835821,True,5
0.90539049818743422,0.4118687909307574,0.10311229242503432,-0.41590154094552145,0.90918399970097252,0.020257416589552366,-0.085404648767209407,-0.061225433808002147,0.99446341924877824,-9.0770960347340051,2.8347377005354111,-0.71454222369327403,,0.07894271585783182,0.2523809523809524,False,5
-0.6224290572758655,0.74307985642867791,0.24579340029507138,-0.78257136297739327,-0.58572013971663506,-0.21098336374707585,-0.012811342879760587,-0.32367305247774547,0.94608225043774941,19.209490837846676,8.4599767233235976,-1.5923274725443493,,0.5457077285218266,0.1,False,5
0.91418594832501987,-0.40381591056976052,0.034594251773946982,0.40520880660020636,0.91241635732960957,-0.057464893030464467,-0.0083591230832371771,0.066551493206999143,0.99774797610077759,-20.943173237333962,17.163106753111038,0.51978002494679265,0.2801371992192949,0.2170883245851424,0.7674418604651163,True,5
-0.79994388480604595,-0.60006572711089134,-0.003302167211207907,0.59130397383372257,-0.78730235667521664,-0.17468431441345927,0.10222226611586031,-0.14169023368083392,0.98461895471781935,-25.949679105440111,19.18396968963658,0.72191632659159966,,0.1915815379890372,0.7837837837837838,False,3
-0.95874481239225906,0.27468820777375524,0.073176315983899481,-0.28339793012521786,-0.94372554346324877,-0.17049255648191555,0.022226063791760828,-0.18419687056255668,0.9826380386303426,-24.049615460427649,3.3080774298098721,-0.20107903700421065,,0.1111588973662188,0.3636363636363636,False,1
-0.89357404305690247,-0.44891486266465513,-0.00093576370611388182,0.4391844971005901,-0.87377008477333806,-0.20890863185061145,0.092964547443859347,-0.18708630370491156,0.97793471555344169,-4.3327944132847245,1.2914887805994268,-0.96531048427452737,,0.1215139327538173,0.256140350877193,False,5
-0.0010861152140871173,-0.99982391410083715,-0.018733957025218385,0.99447096814296176,0.00088726388434791446,-0.10500812484564669,0.10500625635904332,-0.018744427302015164,0.99429489215754141,-23.520683804650425,-3.7020608001621089,-0.7666652196488889,0.2732262475224247,0.2225027849568425,0.4634146341463415,True,2
0.20476956362889909,0.95594215478681932,0.21034263123001151,-0.97507525037660003,0.21797764813544654,-0.04140049536360204,-0.085426470805262875,-0.19662233244185118,0.97675072381385242,-21.947071433920293,3.6248166716793557,-0.2323217912410333,0.1890170221824895,0.1533045537007346,0.3541666666666667,True,2
-0.87019092933038189,0.47517230886898837,0.13030358166697503,-0.49271037874061879,-0.83809797643068928,-0.23415436059159872,-0.0020565000372887512,-0.26796092772435892,0.96342758525002692,-1.3391065413642647,-9.7521598202007382,-1.694109592682786,,0.08277621714772077,0.2162162162162162,False,1
-0.38820734364722981,-0.92156499919135804,0.0036070214574739426,0.91522587055385818,-0.38598963275402071,-0.1156443222789139,0.10796603265515864,-0.041592735806258274,0.99328413866368404,-3.3236541581075949,10.808653203758634,-0.26290259944150807,0.1728019692553661,0.1373129252415158,0.59375,True,5
-0.41568107741287746,0.88132138062829724,0.22468169913969635,-0.90502128133090454,-0.37629530491440571,-0.19833891155681418,-0.090253654879106485,-0.28578745169584674,0.95403344293277093,-19.480362881178813,11.317303333003775,0.1300037549503176,,0.2560649925101837,0.1363636363636364,True,3
0.94132449338848656,0.32873545877158056,0.076427719403020344,-0.32656509956424579,0.94434043452722127,-0.039703645469048011,-0.08522578185914452,0.012415388160512134,0.99628430894163944,-26.785731757841869,12.026874021417575,0.2579902282520804,,0.6355909976332772,0.6521739130434783,False,4
0.19779259988979411,0.97503835834420205,0.10088749767081882,-0.97542800390093387,0.20596520383014313,-0.078221122575986596,-0.097047908966013868,-0.082936931271004238,0.99181811275892384,12.423756757034031,8.7582361976135541,-1.1220683529966751,0.2727653331700163,0.2077914221381595,0.4615384615384616,True,5
0.54938825017691229,0.80941769142785458,0.20740190782910478,-0.82765422783995146,0.56123450832482646,0.0020750431425211602,-0.11472153113606592,-0.17279707019794185,0.97825361886619344,-24.612828212053788,5.8060142198587563,-0.0414042978281704,,0.1647898076949076,0.1428571428571428,False,2
0.80343364957457719,-0.59499010999067348,0.021934897869889593,0.59512713987034482,0.80142445045389921,-0.059519220462044359,0.017834184058132252,0.060873797548309655,0.997986133496367,9.9111303785067637,-9.7206296439149789,-2.2749266597969635,0.3243151711419386,0.2361546012748176,0.2916666666666667,True,5
0.78399109242295062,-0.60902596796789399,-0.12018875713742577,0.62050366894654463,0.77451686567947153,0.12287726234712937,0.018252775825784842,-0.17091224391136522,0.98511717123184717,-8.2212873636431905,-15.025663563604716,-1.7321366307782247,0.2589608711184569,0.287107624614368,0.225,True,5
-0.98095352930165103,-0.19420962602745467,0.0035769412785530905,0.18220636426717449,-0.92639439294221859,-0.32953644646041075,0.067312808373827901,-0.32260819872330232,0.94413607914608033,-14.420223369031312,-15.103055372327848,-1.4958823674065798,,0.4194743076015366,0.3333333333333333,False,1
-0.40807991348036887,0.89566897335557294,0.17677068303886734,-0.91139479652585764,-0.38839345789678903,-0.13605163258323938,-0.053200649238936706,-0.21662781915337673,0.97480361042078956,-0.9330761576442077,-8.7618484278125575,-1.6818661368546042,,0.1088410011303927,0.1525423728813559,False,4
-0.77430693453820021,-0.63268653848968159,0.012510601104783498,0.62499730214664084,-0.76769460820518753,-0.14150392518268462,0.099131949620083648,-0.10174837859460473,0.98985863840140975,3.5506411096127901,-16.873017642477873,-2.4521611044460063,0.1892548356606849,0.144456890053145,0.5172413793103449,True,5
-0.99860665528531478,0.013236282867513143,0.051083743360559333,-0.020415218325722434,-0.98955809623168911,-0.14268143902774558,0.048661759941348207,-0.14352552037239363,0.98844952229299188,0.30626617327996025,3.9972071421521447,-0.9386813527676201,,0.1595155032269881,0.3225806451612903,True,5
0.30304615105761629,-0.9528402571548672,-0.016077147576991274,0.95008246863189638,0.3033966890415507,-0.072758173952812588,0.074204670523408026,0.0067744685158731971,0.99722002258721287,-7.5582174798439477,14.634691631762101,0.12877355327623227,,0.08853897377477363,0.2631578947368421,False,1
0.82179368845217404,-0.56972139427965007,0.0085244659787639052,0.569645610854975,0.82116935963483795,-0.034420354887371905,0.012609982309023368,0.033142355030411602,0.99937108855980239,-27.987596334452132,9.5547178495456571,0.20732237071467136,,0.1169012667697976,0.4090909090909091,False,2
0.93516713314849631,-0.35416152845046711,0.0056608165890181944,0.35405683006964239,0.93511685207707518,0.014150407856338976,-0.010305055063506874,-0.011228745570781021,0.99988385381155509,-16.95124151981841,13.893398796144851,0.32461335335928659,,0.1103137051816735,0.2083333333333333,False,5
-0.011702348731967531,0.97029885385723791,0.24162613525338295,-0.99529516238778037,0.011939886575592872,-0.096150812976510902,-0.096180012277174418,-0.24161451386846089,0.96559403059798887,21.142510339347108,17.992946169610541,-0.73408222172424631,,0.3203462563462124,0.3125,False,5
0.010753749099665092,0.98462808479989172,0.17433270348273516,-0.9932585360452576,0.030642132066953012,-0.11179687077742145,-0.11542026448390041,-0.17195521034760544,0.97831976785751251,1.8368705777742755,13.81184650675509,-0.20596709316169354,0.5041381393743697,0.241104292028804,0.6060606060606061,True,6
0.046436917451378797,-0.99854237922066635,-0.027508718580580509,0.99471923022604047,0.048747284436372683,-0.09031807835972612,0.091527404181087166,-0.023169358221822006,0.99553298042981042,-25.184906741577752,13.31888081689055,0.30255864215538458,,0.1068932805748619,0.4090909090909091,False,1
0.95028457228730456,0.26319888722030499,0.16638983574343733,-0.28962460406651513,0.94334961032408471,0.16189225250367034,-0.11435392600190539,-0.20203430022496416,0.97267945446614634,-18.55381945595683,28.47886125754102,1.433732223842441,,0.3941712195102079,0.4090909090909091,False,5
-0.66911685967029544,0.72257910279881643,0.17367230148592744,-0.74226838945085738,-0.63838469246688567,-0.20372192431348463,-0.036335466516776049,-0.26522523375881163,0.96350158757035331,-13.002206471286625,-0.4811399434016036,-0.79989136376301784,,0.4573187964241285,0.3408450704225352,False,3
-0.75916277079879124,0.64281322666356189,0.10228901729649591,-0.65080558799920807,-0.74693206875651208,-0.13617845384686622,-0.011134364019016706,-0.16995187639298936,0.98538945886811424,-33.654851451933219,1.6472651186045566,-0.20960927779226166,,0.4340529327312632,0.475,False,2
-0.18700492451543835,0.97767397792860844,0.095826672112859251,-0.97936890171934976,-0.17794146321666629,-0.095777815872703453,-0.076587939990633944,-0.11176058585011972,0.99077941990052876,0.5079092312639315,-10.635334202063975,-1.8417234486520644,,0.08813012819912598,0.1935483870967742,False,5
0.99276184664052214,0.10407666882360227,0.059932986422207915,-0.10481930709361133,0.99444709432715273,0.0093749370504370294,-0.058624471983272877,-0.015589213927157102,0.99815837806122587,10.921761721840616,-4.0523133404695182,-2.0769492831240228,0.2995552939337083,0.1868528021958571,0.3333333333333333,True,5
-0.52886049265544888,0.833874378198181,0.15798765993847072,-0.84667434721195123,-0.5054897687424551,-0.16620061212256909,-0.058729286403405162,-0.22166103645272739,0.97335361294713985,3.9337890163303331,15.849179689136335,-0.10614278006242253,,0.2977722190222429,0.3076923076923077,False,6
-0.99778600597396205,0.02514255531452422,0.061570595212201165,-0.047565166387397523,-0.91683255175876399,-0.39642859001597269,0.046482698168972936,-0.39847951509176616,0.9159985997932325,-15.266601669340798,-6.9621000219519003,-1.160806660040631,,0.3023254543548066,0.2727272727272727,False,1
-0.87557603234552495,0.47196673124679472,0.10302434750235313,-0.48202166196594171,-0.83944673298049266,-0.25096673063171221,-0.031964495579646701,-0.26940042146328358,0.96249762801668504,-13.789959558724881,11.999663006318269,0.098376089925651736,0.3233969540778551,0.2328076182211544,0.3142857142857143,True,5
0.69422608348951065,-0.7194955579003719,0.019398122704220866,0.71897038429070104,0.6919557913875678,-0.065412302192223604,0.033641217512109349,0.059357602098111605,0.99766975676195846,-5.4424033431825602,-4.5091116438094376,-1.3027849464817516,0.2550634329624658,0.2060396091271214,0.8445883441258094,True,5
0.51153817701291537,-0.8557684711324447,-0.0773887412608745,0.8587398311402048,0.51228555117842478,0.011376135860239819,0.029909795579319172,-0.07227612240191468,0.99693608935525424,-1.9427843392406008,21.562762058735888,0.53439493403962579,,0.4993948692044796,0.717391304347826,False,3
0.99775961669997693,0.044071155632232017,0.050333691737807239,-0.039956288634624908,0.99599204072643643,-0.080020933562016006,-0.053658571368082081,0.07783050848368929,0.99552155660633901,-10.241944422204815,9.2211889945315431,-0.098198118906835663,,0.08052583186697108,0.40625,False,5
0.95639826075765511,0.27160444723465327,0.10739362672938652,-0.28214061396758683,0.9542147288427496,0.099352529960494693,-0.075491991427736549,-0.12532069063772494,0.98923995255365516,-13.023878139582211,-20.788273028855507,-2.004763297062051,,0.5700791202823676,0.1,False,1
-0.059747657787405706,-0.99813020589234469,-0.012896103063565242,0.99430925338521359,-0.058367485590188069,-0.089119836503549113,0.088200487648647311,-0.018147416102195869,0.99593742035699973,-7.3415775540122397,9.7584466663391876,-0.18147796872816216,0.1970777812853939,0.1732188249869304,0.6129032258064516,True,5
0.18503979044888189,-0.98028058206075253,-0.069356011889853283,0.97895085503401469,0.19005261352675654,-0.074399109670886046,0.086113293856437428,-0.054129331478237001,0.99481380976286882,1.6328192464445177,17.177793557680232,0.05787067894123403,0.2377495282843435,0.2747580137588788,0.5094339622641509,True,5
0.81236244381604528,0.55922708991286763,0.16532489765552402,-0.57684192392477207,0.81219752157856662,0.087112460328027927,-0.085560824446653527,-0.1661332231951835,0.9823843939470891,-12.515966282221312,8.3043280112234079,-0.098399677139743055,,0.3796113181870902,0.2784810126582278,False,5
0.69598724647324739,-0.71805383647853571,0.00066382606380493286,0.71776264087369912,0.69567806535722865,-0.029134528429960997,0.020458350681324976,0.020753729767902566,0.99957527910013855,-23.693652842253503,9.1081947761623603,0.026378248833407583,,0.1894639096589208,0.3478260869565217,False,4
0.97991029385116202,-0.19602414820815331,0.036747099529068974,0.1968217013793464,0.98024579630190933,-0.0194781081878308,-0.03220301027343192,0.026319425368069568,0.9991347526623352,2.2918414054750174,-12.533899656466257,-2.1017039639705644,,0.0849907501362083,0.4782608695652174,False,5
-0.14269303516641876,-0.98971254740441439,0.010381292080460562,0.98465819923259135,-0.14301300274796147,-0.09997755612657111,0.10043370151012683,-0.0040440765665675504,0.99493553411550129,-5.0439843199838732,3.9723652711093673,-0.74758842445313767,,0.09287074325295093,0.5,False,5
-0.56703583055093254,0.80095723734841606,0.19219227562680111,-0.82034784399508009,-0.52813727969034263,-0.21931809923923135,-0.074160513240125209,-0.28202573949992377,0.95653630382515187,9.8877672926135336,5.7354491469306836,-1.2430637875030544,,0.2959070756489804,0.3389830508474576,False,3
-0.14461772372725715,0.98001450143833591,0.13659169431015122,-0.98530562959942536,-0.12994970676079967,-0.11084173398347365,-0.090876456046809592,-0.15061424462298784,0.98440683614703739,-2.4574847523948109,-8.3945799110223263,-1.6344150438635225,0.9647355754362044,0.8080145472389377,0.5676691729323309,True,3
-0.54222581971651851,0.82294084007268087,0.16958636199063862,-0.8387018334866807,-0.51792074957015388,-0.16833695871902266,-0.050699062504445655,-0.2335090381658923,0.9710319944038972,-12.58537733958995,6.3727918953544442,-0.27835880870124191,,0.07362563193717539,0.2586206896551724,False,5
0.98797649337056415,0.1371035505923687,0.071449737313503445,-0.13781580791289016,0.99044467996175922,0.0051126338383349346,-0.070066051954710315,-0.014898065324510042,0.99743109837876298,-13.615559929104782,4.1284932983947549,-0.43928922608740811,,0.07472455820360514,0.2638888888888889,False,4
0.92922631010221113,-0.36919484323674839,0.015285036513546083,0.36944473557842489,0.92904822194182357,-0.019493297825718375,-0.0070037109602925016,0.023760661483369399,0.99969314241854024,-20.219667013922358,9.7157716263158758,0.013123804504763114,0.203267484026171,0.2138890955413069,0.7160493827160493,True,5
-0.80442476261969409,0.58925787852437295,0.075338926732494829,-0.59387971690615193,-0.79461807200255863,-0.12605158267314656,-0.014411215483700862,-0.14614127494959006,0.98915875602675152,-18.319643207992428,0.97375775346870386,-0.58197182534631542,,0.06657897751257592,0.1458333333333333,False,2
-0.47155759757216936,-0.8816914593836882,-0.015924905708565744,0.87553192187297646,-0.46595520967835891,-0.12778730905300789,0.10524868623111805,-0.074201839757915222,0.99167373718535301,0.2411151132948828,9.9243254791155735,-0.4469493937071935,0.3154256790284732,0.2079505609497161,0.7297297297297297,True,5
-0.53173774680747221,0.83864503552287661,0.11802318845441445,-0.845195502719016,-0.51662325355120975,-0.13691229336225766,-0.053847291516501916,-0.17255410248092046,0.98352709719322995,-11.238116716077965,17.504493446574216,0.46834876060322406,,0.06875314131379676,0.4,False,5
-0.93721355909455695,0.3338443163341373,0.10088962831087447,-0.34857562209053133,-0.90598005225391709,-0.24019821107200057,0.011215183168949462,-0.26028468523788084,0.96546677948912607,-1.0951805659194547,3.1464034772954887,-0.95117270601412329,0.2996960998275776,0.2741678161034369,0.2426470588235294,True,5
0.117208918509757,0.92588434968311295,0.359166034632526,-0.98813378766375581,0.14487735655119666,-0.05101146181024558,-0.099265739805100062,-0.34892509593122856,0.93187852766888568,-2.3573251063324241,8.5170383491491659,-0.4582606793552752,,0.3940567644327455,0.25,False,1
-0.54372156915051617,0.81991983371823429,0.17916004441829037,-0.83722757514331347,-0.51503027361780851,-0.18383091327851581,-0.058453765149461025,-0.24995056217706063,0.9664925627273202,-1.5894669647938082,-10.738159762707962,-1.7399155951865544,,0.1136514590684477,0.2258064516129032,False,5
0.47935055363141926,0.83595308977873617,0.26721803536183109,-0.87165594614906883,0.48893270281156886,0.034069394833877151,-0.10217122039118613,-0.24925337271691844,0.96303364318855289,13.611990703882642,-0.7777232012241545,-2.0265611464043385,,0.2958447779402042,0.4545454545454545,False,3
-0.77368640664140031,0.61235598257304791,0.16257150668340967,-0.6333338890968514,-0.74051924722075091,-0.22476527627075404,-0.017249031850338381,-0.27685988351982005,0.96075547138573025,-15.09315080079161,-7.8551189526164027,-1.1819426069322478,,0.6080084744635111,0.3333333333333333,False,3
0.67773183326738673,0.69098257704412158,0.25144112710034466,-0.72867165906006948,0.67696951194795829,0.1036816916123028,-0.098575734634202133,-0.25348640617281171,0.96230320919496015,-0.011352349245997262,7.9832635582969376,-0.56305091052882217,0.5098714385286398,0.2338353422976314,0.3823529411764706,True,6
-0.69627665894736135,-0.71651174703162379,-0.042540928184405434,0.71095926623607963,-0.6803067875000508,-0.17809996247730223,0.098669833070475221,-0.15425171391933304,0.98309240297888234,-25.817221302946393,9.7254066685606766,0.16234246955045453,,0.1118017965463965,0.1612903225806452,False,2
-0.92614541298604269,-0.37434548638747933,0.04604487839307371,0.36807790313457661,-0.92370608913815133,-0.10623426054316887,0.082300250479354672,-0.081440270815010887,0.99327445907997269,-6.3348429380872098,-5.4731626818038759,-1.3033875597784907,0.1246616840620851,0.1033007727247244,0.5526932084309133,True,5
0.12016406228129764,0.94169579024401318,0.31427637005152104,-0.98768295349293922,0.14535820991038984,-0.057908325749513448,-0.10021467714622019,-0.30344691372355587,0.94756371238884407,-16.785750142218241,-1.8284033532453927,-0.78400761995704149,,0.1332109575482517,0.2181818181818182,False,2
-0.36336039788641111,0.89763668312274236,0.24943457330576668,-0.92981048982575842,-0.33259419222676145,-0.15758666284622747,-0.058495078919611157,-0.28918763529831099,0.95548356204215212,-25.153673157046843,-0.15403280595062663,-0.45639771591916833,,0.3247404413673368,0.4285714285714285,False,2
0.62051841110632888,0.763330880561645,0.17967433945631328,-0.77641932379930734,0.63020360937434838,0.0040551649253468131,-0.11013598462403279,-0.14201893364100815,0.98371778848324554,-16.018770744217669,12.245230340747366,0.13948640889541838,,0.1425125366730002,0.4,False,5
0.044986960016307656,0.95334184132892064,0.29852220520435918,-0.99773106427717106,0.057860386291356411,-0.034422363000784335,-0.050088889035732082,-0.29629632004093032,0.95378173285367973,-22.13586261846033,-3.5667124465867945,-0.77400827632304059,,0.2237488066527788,0.28,False,2
0.79436709716577092,0.59451347286639067,0.12463805807524914,-0.59963530123948683,0.80026056123470846,0.0045320679317641388,-0.09704854686112363,-0.078337505146970243,0.99219192439743797,-15.451887899583996,8.9430166879936603,-0.0032643120886668891,0.1349290483181037,0.1636372385982029,0.3103448275862069,True,4
0.86231912657779208,-0.50628715063930085,-0.0088907275096851146,0.50576827341060404,0.86031750073188096,0.063657297662609094,-0.024580023380179707,-0.059389553222661123,0.99793221383951813,6.8698131430047571,8.8152083875960958,-0.78618361456408981,0.3031224935096261,0.2520203349946371,0.4680851063829787,True,5
0.99739227411857423,-0.058831880580436077,0.041802647714547433,0.055724603146053098,0.99584917921672678,0.071966525951894747,-0.045863058476208807,-0.069449421025226291,0.99653066073576846,-9.0080132721653285,14.208219884380441,0.12183838787177008,0.5835519056854499,0.249218031105167,0.2711864406779661,True,5
-0.69894407281240867,-0.71485809725683302,-0.021332694783884595,0.70779006868624295,-0.68714174304251796,-0.16391901548512702,0.10252025043631881,-0.12966929380092335,0.98624311023988587,-5.2230905500435929,12.60079117176624,-0.032047712757824059,,0.5182015344336524,0.3466666666666667,False,1
0.43304776522414912,-0.88238410521439459,-0.18403239904800092,0.90024344944937273,0.43360452134220406,0.039355441746887529,0.045070664049521453,-0.18271674782731451,0.98213197957583298,-0.70864045192706637,-14.098003008966366,-2.046624278644857,,0.4456832453902546,0.2115384615384615,False,4
0.74339809045898841,-0.66573342481870823,-0.064484774800587216,0.66808268807403148,0.74370147015926136,0.023950890979857753,0.032012513142605406,-0.060886208307842499,0.99763122878155108,-3.8751057399940771,16.133428989277554,0.14446515791621548,0.5907517518270007,0.1940598772997281,0.2272727272727273,True,5
0.60434639879601282,-0.7967110404733615,-0.0041168252506814731,0.7964586009245106,0.60400600265628324,0.028817455969422187,-0.020472598165895028,-0.020694606616991372,0.99957621319302425,-4.1804038213382428,-11.12001847112907,-1.6581575681277863,0.285317908326374,0.2995422231032673,0.5333333333333333,True,5
-0.076378281829506886,0.96828152169368098,0.23790177134973506,-0.99648897921098945,-0.065922002057103996,-0.051613989923499283,-0.034293911643502303,-0.24100868115350607,0.96991687439328278,-18.136846969321041,-2.4121174611653338,-0.78609831958285159,0.586136518612426,0.5249826121524627,0.7034220532319392,True,2
0.64978999561634054,-0.76006633271402912,0.0084930248771398278,0.7588993332182451,0.64807995788221584,-0.0637508449535273,0.042950711726578744,0.0478700121791579,0.99792970608963627,-29.46682252162843,17.150463549418145,0.64134353021637025,,0.1520909296470648,0.35,False,2
-0.048340647697116691,0.96313165333844919,0.2646518469948162,-0.9957618519965864,-0.025714785856477147,-0.088301097935885642,-0.078240116874597046,-0.2677987455644627,0.96029282824852369,-4.4578166024249439,24.662574453964236,0.85488830687939654,,0.6451160842336003,0.6,False,2
0.093146386022157343,0.99144677854135821,0.091416826082376904,-0.99057370637311704,0.10154175330310643,-0.091940222853535841,-0.10043646256832234,-0.08199120474840807,0.99155935744193724,19.156855973342306,21.078426397264892,-0.30367953047139323,0.3392126212902485,0.3804375216974082,0.7777777777777778,True,5
-0.40228985473583456,0.8784816448395808,0.25774575157811336,-0.91397531312065849,-0.36906304974464454,-0.16864635281907969,-0.053028292284557417,-0.30341797078144123,0.95138085708314346,-14.925950449879817,-19.651503627522363,-1.8275325263859186,,0.2072194183737588,0.4615384615384616,False,3
0.93292760333428781,-0.35835067383719982,0.035083920780996161,0.35956258658186602,0.93233582387287384,-0.038270848616772955,-0.018995611795898641,0.048318796381063636,0.99865132085667663,1.3530235826002115,-15.706586063993644,-2.2840115907438121,,0.09143749886747825,0.2608695652173913,False,3
-0.8294371639762379,0.55030330234494873,0.095918019387915082,-0.55852919325956318,-0.81427969077603812,-0.15809403994617238,-0.0088955770963913619,-0.18470208612228656,0.98275429690752236,-22.38332807862507,8.0632704367833696,-0.060056136717006853,,0.09638748750007478,0.3125,False,2
0.03689114202901158,-0.99918212955733965,0.016556437209011565,0.99505406419637221,0.03519955553256849,-0.092889184605058808,0.092230434055567412,0.019901338235663306,0.99553879069092654,-6.2482709257386322,1.273417876745071,-0.87166319603111031,,0.07068754819876324,0.3221884498480243,False,5
0.85159018298924172,0.51555738068202472,0.094840642451641727,-0.51109307221380618,0.85679925765855647,-0.068402511728738791,-0.11652481182736722,0.0097785121586597377,0.99313964220977502,-11.334658057004928,-9.8440642144736081,-1.3988841875564786,,0.1043347623439849,0.2125,False,4
