axis_00,axis_01,axis_02,axis_10,axis_11,axis_12,axis_20,axis_21,axis_22,location_x,location_y,location_z,dbh,dbh_approximation,score,reconstructed,number_clusters
0.12672596394884222,0.98285133175040218,-0.13395443157170728,-0.9831972660485444,0.14234640601739362,0.11428314280155664,0.1313912710034667,0.11722098946175892,0.98437572782637284,-32.819830018516413,24.037039342359897,-10.453304763505566,,0.2510287282277224,0.4516129032258064,False,3
-0.50039536733126821,-0.77750396232916419,-0.38090952326747574,0.84494584977142539,-0.53451600995524284,-0.018951149188668928,-0.18886764494600367,-0.33133098808287947,0.92441808129686309,-15.853749753498937,15.605106351315088,-6.0389996972540985,0.214740729712236,0.3153449533885499,0.267175572519084,True,5
-0.95385560429893979,0.20948197418172687,-0.21512040498388718,-0.19668437351618645,-0.97723731113967638,-0.079514117809617577,-0.22688046051180918,-0.033534164808785558,0.97334511681547331,10.888069901340891,-4.0319982716743095,2.2000724606943809,0.8377284034265176,0.7219165834976241,0.8247422680412371,True,3
-0.080677371099212969,0.97584886131146287,-0.2030028612351083,-0.99429995734912802,-0.064550038118751873,0.084858042602862366,0.069704781816180977,0.20869186006164328,0.9754942085609577,9.4320673614990991,11.072121690279435,0.55306479799007724,0.1435701116774837,0.1103881486198428,0.2380952380952381,True,5
-0.047617322121785627,0.97570269757101658,-0.21386172305157974,-0.99624027305799123,-0.030877784049834395,0.080943689003591446,0.072373399611241507,0.21691198308256809,0.97350463924107644,-14.214329002000653,-9.5601308229877056,-3.2166558599247912,,0.08116283273860264,0.2692307692307692,False,5
-0.96600349694888465,0.079282209989731442,-0.24607229641239664,-0.08623376192051678,-0.99611969872116268,0.017586475618957771,-0.24372316711293965,0.038208336770981011,0.96909191556509944,-8.0441610029845592,-20.310914701502917,-0.27627326907671768,,0.1553047127151143,0.3333333333333333,False,4
-0.86979097661291949,-0.4146486305388431,-0.26745124825845407,0.4219091462840614,-0.90605163916683229,0.032605205795252459,-0.25584434581322635,-0.084480414034013046,0.96301958981115421,-23.024279689465594,13.366104790260755,-7.4157011717516044,,0.07327049438200244,0.3225806451612903,False,3
0.39416718865045619,0.89406055801931406,-0.21280964730384885,-0.90176506609799834,0.42093066125720813,0.098168956288851875,0.17734709740130694,0.15320932415412072,0.97214963356243111,-9.9357720651819506,0.78792069780241669,-3.4281816783311574,,0.07389981025581477,0.2628571428571428,False,3
-0.37762275936403034,-0.88921641101575766,-0.25825418871830719,0.90990511131914931,-0.40806155580922943,0.074555047219073259,-0.17167917755389744,-0.20683312367898588,0.96319588814716761,-9.9926219839620511,-11.798637792036169,-1.904212583576415,,0.09281724491194135,0.375,False,1
-0.7567022301595635,-0.60059838554896894,-0.25823112544291649,0.6093557193189616,-0.7910419206003253,0.054205970023788574,-0.23682766351255141,-0.11633683478985006,0.96456124671596932,1.9633559623152328,6.8338715055032058,-1.0951911495219306,0.1572251074198553,0.1340748553086706,0.5983606557377049,True,5
0.41636577238844968,0.88391476222369325,-0.21291838038647767,-0.89125688674838621,0.44309211036575452,0.096594738755254289,0.17972397004001339,0.14954622982426885,0.97228350790209472,-15.209981544196605,-3.4695516132858391,-4.1677249735258091,,0.07276304976140695,0.303030303030303,False,3
0.13862908034763577,-0.93615374286314312,-0.32310702221600679,0.98916094306351399,0.11494187934072507,0.091372824687215706,-0.048400483465221675,-0.33227177746078373,0.94194100616937926,11.20264216958677,-6.1855182905526798,2.6416459284612377,,0.4844695853612693,0.5918367346938775,False,1
0.79750641984954851,-0.54425230496658639,-0.26033236225508788,0.58394733686866784,0.80479245159196267,0.10637019142875628,0.15162129818316139,-0.23685130018464637,0.95964183086091903,1.8573522587735696,1.4647182598772162,-0.68594597729850781,0.7651770178177124,0.6378547471621143,0.9986111111111111,True,5
0.96462841209039851,0.13422386937266467,-0.22688318465366034,-0.08394923950518525,0.97227060936658227,0.21827136172305545,0.24988907894195411,-0.19150408625553061,0.94914784579272859,-22.133037964703117,21.968888166824442,-7.9678810853581901,,0.2762782577413517,0.3333333333333333,False,1
-0.10965691604171957,0.98274758371996174,-0.14893806584213359,-0.99236561594241035,-0.099735073085068279,0.072549290085818993,0.056443290650523358,0.15575654685852725,0.98618155176987954,-16.028640937516265,-6.5914487901007366,-3.9712241741002265,,0.0721211886855159,0.32,False,2
-0.42328760994552456,-0.85380420161428416,-0.30306102450232736,0.8896912927611339,-0.45489939618887548,0.038935111814643486,-0.17110523911215539,-0.25315000425200712,0.95217544207755156,-9.9825074058782715,-0.14440149440315009,-3.324084635822472,0.2599964271353307,0.2458861476679072,0.2150943396226415,True,4
-0.89836113666704531,0.372807455189124,-0.23229694247170332,-0.39466379441766292,-0.91722237311680788,0.054255024005361641,-0.19284127541101082,0.14041979778285871,0.97113053854179343,-2.2659699009739711,7.8667326460325011,-2.2272835937656614,,0.07012540489804857,0.2079207920792079,False,5
-0.9185756027526949,0.32677429582799156,-0.22234527567197196,-0.3393393447060844,-0.94045662455037826,0.01975212580345289,-0.20265160044265679,0.093594321010574438,0.97476788617219046,-7.4563160431730919,-9.7241134642288145,-1.5877956987351973,,0.0865520549519544,0.3,False,1
0.96486673584705696,-0.067050209303068556,-0.25404025564516719,0.12201042737572704,0.97065712597329823,0.20721534549557502,0.23269215213977387,-0.23093075418764128,0.94473559745724034,13.835832384826535,5.4744615357155526,2.0897675260879045,0.9032897042615535,0.7995567069772649,0.9044943820224719,True,5
0.72480953566929174,-0.61445644867551519,-0.31159975879955454,0.67363105112147859,0.72690985168451938,0.13350383698217455,0.14447264089729428,-0.30666812714246183,0.9407881354625478,-26.607233910784672,22.679362029361574,-8.9928876523457948,,0.2365437211043157,0.4090909090909091,False,4
-0.29063746712844951,0.94330263565741779,-0.16034338234841095,-0.95677004724006154,-0.28458260009301983,0.060031828462469794,0.010997245355561777,0.1708592440755422,0.98523407335948543,-13.775042708924184,-11.204788200039486,-2.9167840319087843,,0.08650377022112665,0.3636363636363636,False,3
0.84184122403226658,0.48633542848578071,-0.23405384961458861,-0.47703260372837869,0.87330930677006113,0.098847102582320795,0.25247425314273136,0.028437751464353622,0.96718563150600656,-1.612729858532173,-9.0840685839170892,-0.19053898499329161,0.5266482628072603,0.4608319607601536,0.81640625,True,5
-0.65857608002562074,-0.69200339713990666,-0.29564986921173297,0.71695167872588261,-0.69634900308386771,0.03283833546698034,-0.22859973138703654,-0.1903401278000294,0.95473179404419251,20.754935958158814,-2.9749487060307986,4.7842270370581987,0.5288929009306164,0.5120281949667381,1.0,True,5
-0.71286951212422789,-0.57662000073358732,-0.3991571538100806,0.64606686041793049,-0.76137087778128221,-0.053962934837528911,-0.27279052504345674,-0.29635074020585633,0.91529315971767056,-12.821636372226772,-12.559617074898554,-2.467504420234937,,0.2239208984985999,0.2962962962962963,False,3
0.67444302586026583,0.73089459359803122,-0.10449735842412045,-0.70425680265234269,0.67934259009230513,0.20619408625025837,0.22169564900184588,-0.065473187915729869,0.97291536162083658,-4.3076846244921647,-5.9964436025361323,-1.3610251226409211,0.4740819947308224,0.3293424598108671,0.7213114754098361,True,5
-0.96077090429501943,0.182743111996751,-0.20862460180399273,-0.15699845904505383,-0.9784584656181351,-0.13405414919980835,-0.22862798017217884,-0.096041585149084424,0.96876481181163987,-25.199177599676212,6.286659460858842,-7.268970703262033,,0.5225642743201824,0.45,False,1
-0.28660435500212722,0.95242055445120521,-0.10369682325256827,-0.95788924801095965,-0.28289633746472737,0.049171646240923947,0.017496635071180572,0.11342288000180085,0.99339273102498771,-13.699002867642648,-20.171968141642463,-1.7151047607114893,,0.3672012828976961,0.2222222222222222,False,5
0.97238399186657853,0.046814248178571619,-0.22864338724112016,0.034483547491115325,0.94010460159679987,0.33913746919051913,0.23082516611939377,-0.33765628118546426,0.91252834392250903,-0.95603020556515617,24.58858328743397,-3.1730602639865011,,0.1734237635738997,0.2777777777777778,False,2
-0.65186244194000009,-0.66790919162371976,-0.35912764935683894,0.72292838222101341,-0.69034314796364737,-0.028300039557386872,-0.22901945543409163,-0.27807130345325182,0.93285928157921061,1.9732331931358233,-3.3548379266497537,-0.14828968244912394,,0.5047948200739221,0.40625,False,2
-0.88216121599545649,-0.34729890104155703,-0.31808027654783089,0.39569146586892284,-0.91284495871095228,-0.10070921107080089,-0.25538177858242161,-0.21470341099136431,0.94269963003957546,-22.153707401489406,12.384305697607108,-7.114190618303164,,0.5522195540449825,0.4838709677419355,False,1
0.83956684463407694,0.53856972892135691,-0.071205059376116486,-0.51946527677154386,0.83423701136908401,0.18494441081212071,0.1590073571248935,-0.11828463954189208,0.98016600860701208,-37.957302920895515,23.35004025502062,-11.512728749550798,,0.4237159445052773,0.3478260869565217,False,2
-0.089788166334953762,0.97241615565372852,-0.21527866919374691,-0.99430142614549855,-0.07504694788391908,0.07571413063845267,0.057469636776605805,0.22085012075371938,0.97361309821295694,-21.344225607476616,10.811929277594952,-6.8522347166731663,,0.07631523632670455,0.3,False,2
-0.94776298585683627,-0.15275824729730478,-0.28001828605002127,0.18616200317455067,-0.97774867079431538,-0.09670183728342556,-0.2590155038096652,-0.14377918709815751,0.95511178096787186,-14.448456319195248,-4.2409143188222531,-3.9415057049802038,0.545428472114574,0.2289737898729296,0.28125,True,3
-0.94649784628976097,-0.13832986986244875,-0.29155904045781539,0.15683789093370812,-0.98677403174899025,-0.040974214248828952,-0.28203493212066899,-0.084509510527991313,0.95567486086744402,-13.812282240386173,-0.5256207997328225,-4.1953008527275317,,0.1723944480607351,0.2363636363636364,False,2
0.63650219111864215,0.75788210729224803,-0.14310720508565841,-0.73613544085173799,0.65232172289460022,0.18050202924576131,0.23015119687541216,-0.0095436516114970893,0.97310808510192404,-18.434829421562288,9.5990203801450118,-6.1498784264979607,,0.1877088710829911,0.2535211267605634,False,5
0.33764791794788851,-0.89931627806949455,-0.27789227320076304,0.94126294269234279,0.32392344448362953,0.095381732150410709,0.0042374779772481191,-0.29377514209526401,0.95586516291122348,-20.048293244274895,6.6243524628940769,-6.161621866313058,0.681764563209309,0.6268760175269001,0.9151376146788991,True,5
-0.86593958016611794,0.4630539004654764,-0.18902309056154076,-0.46711345359767054,-0.8838368947415719,-0.025246088046125839,-0.17875588093762054,0.066433641758407505,0.98164805621614259,-12.842894938689225,0.18169133742241528,-4.060544939785923,0.6116552553062246,0.5390989855606475,0.9697885196374623,True,3
0.015522916834684283,0.98541404893313833,-0.16946442463874761,-0.99609330067045487,0.029975848591121363,0.083063739746539217,0.086932016037718302,0.16751298656056635,0.98202964513357605,-0.98391583125030568,-2.2994020528918262,-1.0455046962471257,0.7907740992712091,0.8923503507359397,0.6959619952494062,True,2
-0.84534969666585846,0.50022610505687393,-0.18750395773575357,-0.50934835788251309,-0.86056025348530396,0.00054812744630511334,-0.16108426574103785,0.095968192339646527,0.98226369442717953,-16.88242555218061,-2.3858902948203018,-4.6690188054771076,,0.1495674706399974,0.1818181818181818,False,2
0.96897969213202695,-0.02107507038742807,-0.24624012192144359,0.064989132344017569,0.9830199787919407,0.1716045861073206,0.23844238069792512,-0.18228429088667514,0.95389604694801422,-6.7149528158320928,21.963928101712135,-4.3981101276578007,,0.080902361526555,0.25,False,1
-0.63146332820180695,-0.69417831689116372,-0.34550040447798014,0.7444289539914114,-0.66741362863515374,-0.019610731024377173,-0.21697833439205466,-0.26958396219027592,0.93821366955200647,-20.083921263051352,14.155743335865354,-6.8708012056051988,,0.2266041286724618,0.2857142857142857,False,2
-0.77014097315273056,-0.58777217989642505,-0.24780384583611517,0.59472293260713593,-0.80210124717243547,0.054205375338531613,-0.23062418542410673,-0.1056288493936553,0.96729262959728946,-1.9690820571557137,-5.3191354619263134,-0.84049039266799752,,0.1622531685314488,0.2131147540983606,False,3
-0.10578352444504185,-0.95018135908683632,-0.29319827898519446,0.98904886514978763,-0.13105480450510776,0.067874741708884245,-0.10291835745825423,-0.28280739569541447,0.95363923400732342,-10.90651626331683,1.5030870353487733,-3.7327194693986065,,0.07833558903134918,0.3105022831050228,False,3
0.5166718608762384,0.85390630085637986,-0.062403666049831386,-0.83287102672357305,0.51815939284102763,0.19451657115793253,0.19843397144417188,-0.048527033377196188,0.97891219524965678,-9.8035589003543659,-15.970539870233411,-1.2452710206734745,,0.3372715917521475,0.1818181818181818,False,2
-0.31037916151654155,0.94459733571032956,-0.10677382387662754,-0.95054354284122788,-0.30974881376530949,0.022861442076826735,-0.011478208010704857,0.10858888405325917,0.99402047514170067,-10.710406714482959,-1.9587917325683757,-3.3413676677818178,,0.4608738492168662,0.2857142857142857,False,4
-0.63461946256702895,-0.71655620241870643,-0.28949153097528785,0.74826528726291086,-0.66339739442498524,0.0017195777078618663,-0.19328010142921531,-0.2155251861045982,0.95717903056120568,-5.4775952228494749,-12.465840204303634,-0.70374992796965352,,0.3159125838814604,0.6,False,9
-0.67007445261416565,-0.69389187535264851,-0.26365563387382995,0.70636050261815542,-0.70523271900667495,0.060841206295399027,-0.2281557982933014,-0.14546778805645189,0.96269624199074832,0.083249686204077578,13.439595244504657,-2.0473256901612098,,0.3213724673329471,0.3424657534246575,False,1
0.051846188009541855,-0.93624182549803159,-0.3475100242827428,0.99674271957449445,0.026988210857521587,0.075997285806471637,-0.061773163785901586,-0.35031825625111696,0.93459145918045738,9.4347266963463952,7.3948005474544765,0.79005250417075745,,0.2319070568001189,0.2391304347826087,False,4
0.92983629679180768,0.28354141465376503,-0.234539394014394,-0.26429224844354965,0.95809432500706049,0.11047566158171862,0.25603528776547696,-0.040737336258118484,0.96580867714751995,-18.172701730584116,8.3827252802262908,-5.9816593063225012,0.3062634653488685,0.2238785338263409,0.6693877551020408,True,6
0.91401767057645966,-0.31604988612922447,-0.25433082265366103,0.3615962956077603,0.91891895826869652,0.15759462915061623,0.18390165001089306,-0.23600935916204518,0.95419063373688229,11.19096684082904,-8.9520601514637281,3.0103049399984791,,0.1138709176653925,0.3333333333333333,False,3
-0.65945195204343354,0.72192775819535038,-0.20962689448909022,-0.74493680695677655,-0.665006049686794,0.053255117322251674,-0.10095680555141677,0.19127798050742911,0.97633009663015724,3.5275351666411447,19.167970825478015,-1.6141819660957568,,0.1449671369244543,0.2916666666666667,False,5
-0.54699729700018962,-0.74505080731720819,-0.38169785379336985,0.80860557573348824,-0.58825664699657365,-0.010542303214435583,-0.21668174811737784,-0.31440962418527696,0.92422703285095065,-17.693667581157939,16.47885103935544,-6.5249864008013603,0.3736039161122985,0.4111123793339413,0.3571428571428572,True,5
-0.96873500399561507,-0.080506088148605798,-0.23467266948800489,0.083052161392686549,-0.99654472940616801,-0.00096993855093491232,-0.23378372595546645,-0.020429685846785742,0.97207396704910409,21.544155825665545,5.0372760168059267,4.2481417614892214,0.3225127910016325,0.3505140479496974,0.2352941176470588,True,5
0.95069877414133608,-0.18208128892646297,-0.25103435037667493,0.22560131122209404,0.96148739407787742,0.15699057106783382,0.2127813178383694,-0.20588442207270233,0.95516266443300457,-11.404382878741416,7.5782192811030269,-4.4906566165718909,,0.1141231266436931,0.3228346456692913,False,5
0.95208276256073243,0.18918069667814225,-0.24031037688600901,-0.1702456112821191,0.98057161358502298,0.097446100334702801,0.25407645517422628,-0.051864965397039185,0.96579251409941169,-6.4501159795998184,10.780872267163476,-3.5388633180002063,0.1912005190714752,0.1739760779710409,0.8385650224215246,True,5
0.87772660475258735,0.43999277601300257,-0.18974289015893581,-0.40668763067981101,0.89346948385869518,0.19057138417222586,0.25337951448673962,-0.090103487555411615,0.9631615561103003,-2.94811600650005,23.04576572729875,-3.5421519868065774,0.3858574309798091,0.3649406402072244,0.3488372093023256,True,5
0.81325372161978082,0.56426063899519874,-0.14222628291672146,-0.52762532935666651,0.81810472437311932,0.22872728691534239,0.24541779905468686,-0.1109711279527878,0.96304491726400843,-6.6896896036183424,-8.7539421457709903,-1.5569077163833838,0.7239845901085008,0.2899412209696426,0.2790697674418605,True,3
-0.96319079085443704,0.174805884964503,-0.20422145576550488,-0.13772045617685633,-0.97331098234020685,-0.18357234978716558,-0.23086051278562936,-0.14868972472138026,0.96155852104728257,-18.049794863052082,19.381925498377012,-6.8451437248896498,,0.4996809703197937,0.3125,False,1
-0.4883780944410564,-0.73856045473695675,-0.46477445236250181,0.85053017472294934,-0.52198705263305256,-0.064249037107253007,-0.19515444846549904,-0.42668251848675443,0.88309499469871766,-4.4134429790133538,19.547136062456676,-3.7083398955267315,,0.1277715556597167,0.1428571428571428,False,2
0.39765465469053096,0.89372534823849015,-0.20766746861014207,-0.90052664194142895,0.42353261212626891,0.09834578597577813,0.17584806725309376,0.1479024285855014,0.9732432012923915,-8.9297677653008343,2.4170488761330109,-3.3511316247901477,0.3529595306338067,0.3158678054239982,0.9376218323586745,True,5
0.60849256952435371,-0.74120699177300042,-0.28345897089432481,0.78830381318280951,0.60562746565851577,0.10859314417349969,0.09118054044088944,-0.28952990896773262,0.95281611072548755,-3.7818425898799175,15.337794843760008,-3.1893215242616053,0.3100469713594138,0.1412766261819305,0.3404255319148936,True,5
-0.87697455710066496,0.44086478511723215,-0.19119065730738219,-0.44369562715743222,-0.89567100306049963,-0.030127142545733884,-0.18452592403092052,0.058409721109887097,0.98109045854110699,-9.8948095245242342,-3.0325071974197266,-3.0166454980443489,0.3292354158955222,0.1396999904555772,0.1587301587301587,True,5
0.13804115573175471,-0.93189977812611857,-0.33542129159123668,0.98896281493693261,0.11128707243933549,0.097814815748442904,-0.053825551518411702,-0.34522165493545465,0.93697642391223801,-31.89420308522682,16.510873896551875,-9.5871598984725388,0.4969631492540351,0.2438047213338756,0.5925925925925926,True,5
0.0078432061042514462,-0.87088689658376861,-0.49142089645913445,0.99660563803489377,-0.033466292855018814,0.075214423348216819,-0.081949291364043567,-0.49034275828366752,0.86766830819368779,-29.234411056177322,-17.94613953686185,-5.6791174469473598,,0.7071975211145574,0.2121212121212121,False,1
0.60979799888224684,0.78157422387515618,-0.13148434558210786,-0.75270374742288537,0.62305473336948947,0.21269665686470157,0.24816016838879154,-0.030733236077940623,0.96823137680278937,-0.80535301431705031,-11.095242426575462,0.27981274867908995,0.5870640454524869,0.4993456496033269,0.2666666666666667,True,5
-0.62221544411342267,0.75932754947122849,-0.19044582883527869,-0.77752126053822501,-0.62774347597035818,0.037400772554895392,-0.09115168960467418,0.17134701920568224,0.98098499911647064,-15.618902936649119,18.698626143407978,-6.2418553834156576,,0.2676521266907781,0.1739130434782609,False,1
-0.96936259801436175,0.037993029908536674,-0.24267814744887242,-0.051622322190113576,-0.99741171417963403,0.050050057631786403,-0.2401484737043893,0.06104426341282259,0.96881489897804474,0.79660084168523648,4.47837825782082,-1.1665990167099327,0.1622355036322123,0.1248723352519915,0.6009389671361502,True,5
0.70456249310299945,-0.63456333561801115,-0.31768076177482013,0.700925682060067,0.69223083856330392,0.17181284693111787,0.110882286868176,-0.34372349240528988,0.93250162424930649,-14.104489836684234,10.337782861660877,-5.2431422075649072,,0.1127827684213932,0.2307692307692308,False,4
-0.9625469897260559,0.16714856759564817,-0.2134587756922435,-0.15357875359374898,-0.98499213717767653,-0.078765831061089045,-0.22342081150577514,-0.043033080866659926,0.97377168522052671,-0.60600634766090256,8.4646363553219572,-1.8305403662590094,0.6220600551774729,0.6898423677138024,0.31438127090301,True,4
0.50781998215059665,-0.74242659103001951,-0.43694578915480176,0.85967759679988498,0.46938294248679863,0.20157897425775861,0.055437309539181329,-0.47799833706193962,0.87660954505245836,-17.784692354111208,21.909288222793553,-7.015699385738742,,0.291940046219865,0.2857142857142857,False,1
0.86029099091508787,0.4595054708033654,-0.22080338143269637,-0.44164443736106146,0.8880921863013358,0.12744590844175555,0.2546558499197828,-0.012123981701168449,0.96695574209440505,-6.2839840639717144,6.2199168128741178,-3.1411622272931989,,0.08871861964599839,0.4545454545454545,False,5
-0.099921915987374904,-0.89927671040582591,-0.42581334975207985,0.9880430497468341,-0.14017998891109901,0.064191140789502388,-0.11741610857282554,-0.41430781893485824,0.90253115659075922,12.473509329578224,19.399292630275767,0.71511985873610906,0.285555594263959,0.3334218729700105,0.5454545454545454,True,5
0.10486118360555462,0.99089805812136489,-0.084410725527921143,-0.98833033298531681,0.11326589558198651,0.10185278493562601,0.11048658323061014,0.07274527688667079,0.99121180361046302,-6.2324958851700973,7.2942100669098711,-3.1734158764685905,0.1891417493542638,0.1243269045847738,0.4147909967845659,True,5
-0.93324460415096755,0.3083869750237006,-0.18426063730172065,-0.28525245368991081,-0.94791594262052514,-0.14172650912841814,-0.21837020512650096,-0.079704701000466394,0.97260557995080255,-26.922757687724236,13.557160902711875,-8.2199324891837744,,0.3808581633174037,0.4444444444444444,False,5
-0.96763837841245781,-0.053617707420698796,-0.24657881108127991,0.043881194455713847,-0.99803098505885313,0.044817336328651619,-0.24849629654473535,0.032546801892105889,0.9680858930333337,-8.6214840627238232,0.46043674066396567,-3.0936906485907643,,0.0706051639911475,0.3624454148471616,False,4
0.92386353820299172,0.30600950104079494,-0.22985723406456718,-0.28112191308258866,0.95012942182267701,0.13499833988494644,0.25970489553305504,-0.060102138561533222,0.96381590574989773,-6.4563008915751672,8.0649204555545744,-3.3201730219199028,0.2721456134377023,0.2205845648021445,0.5358361774744027,True,5
-0.47320336988476153,-0.81114286737322083,-0.34369436922832414,0.86133904357150159,-0.50787158179267611,0.012708596568339697,-0.18486109041395757,-0.2900236285493909,0.93899556555609376,-7.2180464038250056,15.763548792852589,-4.1111190073307036,0.6269633987176796,0.5056893689906147,0.4189189189189189,True,5
-0.72327099053912103,-0.62779546832020872,-0.28766634179404293,0.65233105104448608,-0.75781053584864932,0.01368910515620568,-0.22659054280298935,-0.17775275444670746,0.95763285459452241,6.7776224016835949,5.3991255393098534,0.24982772903552578,0.3095177831174857,0.1305023693052245,0.3478260869565217,True,6
0.96460206490144274,-0.087750067242840638,-0.24868209040208161,0.13116434528238435,0.97774133288451703,0.16376141333003613,0.22877668350274605,-0.19058282102037533,0.95464098875828673,7.6844180557139632,10.94815903454038,0.073707092642846889,,0.08304635082490955,0.2692307692307692,False,5
-0.96319361725830899,0.05897330776941466,-0.26225980371301272,-0.063237406422478978,-0.99796770856394379,0.0078411155194512139,-0.26126439884112096,0.024137142216199892,0.9649654461501832,-8.6752882445262198,-3.481989226330203,-2.6765742847658296,,0.1406307115878861,0.4851485148514851,False,5
-0.75857831907867523,0.62764665197731639,-0.17498175357858453,-0.63742661732918282,-0.7705109633642967,-0.00040355383573381642,-0.13507864873490011,0.11123190008755714,0.9845715936684668,-4.8772161850122036,18.137386409273802,-3.6761297126581658,,0.07806825393663139,0.2068965517241379,False,5
0.86449300724524891,0.45431610068937178,-0.21505515822335297,-0.43362897127358607,0.8904593336242782,0.13801481961593506,0.25420022756928917,-0.026058699426719442,0.96680049052941142,-4.5468493714878004,-4.3105303270076565,-1.5903151678436327,,0.07390832931046676,0.163265306122449,False,2
-0.8470368018533504,0.47805469991243338,-0.23236256195368771,-0.50333100874193204,-0.86189761412594623,0.061566211535472926,-0.17084072097973993,0.16910412962324317,0.97067875293502126,8.8370335566282812,-4.7448878987357741,1.7330467061687713,,0.08131794381823874,0.3170731707317073,False,3
0.95668025223163111,0.11882288612791091,-0.26578942176515447,-0.039873995748820959,0.95779678667906742,0.28466713876082572,0.2883972251132883,-0.26173734383821828,0.92104321472310346,-2.7631819884886122,-4.3197582590219916,-1.1971893427133109,0.5167330776548379,0.5045875268328975,0.6708860759493671,True,4
-0.03181218384313883,0.9924643449554239,-0.11833219744149151,-0.99651733211507532,-0.02236419228788376,0.080330876364967746,0.077079126573823528,0.12047558630491234,0.98971937505088015,10.494466824277616,9.3254238503137028,0.94761493665583318,0.210351744835542,0.1209314725562081,0.4090909090909091,True,5
-0.27816315533428665,0.94048785264928403,-0.19521234088451442,-0.96045421027082001,-0.26971853460985096,0.069134810775541539,0.012368063208473765,0.20672327180811803,0.9783212764247835,5.9431477389214109,2.5702493760464229,0.26702121186455702,,0.1095111461385177,0.2758620689655172,False,5
0.30117494254816146,-0.80214741857816851,-0.51560951586398374,0.95355835259299515,0.2508035866541849,0.16680536298791412,-0.0044857754340348194,-0.5419013561431425,0.84043012679756912,-28.114580339579117,20.012455252062164,-9.0466085918873045,,0.3460532716655969,0.2,False,1
0.96822139384658745,-0.080538191339457055,-0.23677189916360639,0.10691342881155502,0.98915209495193723,0.10073555376306223,0.22609036077977443,-0.12284841386018489,0.96632883428701888,-12.442531834125417,8.7740308631591155,-4.7848722470436442,0.2172668687552645,0.1661761331196771,0.7717647058823529,True,5
0.13771597158762286,-0.94005928608410316,-0.3119661036342315,0.98928541857922603,0.11513890066955443,0.089762988693184914,-0.048463096849081136,-0.32098531461681157,0.94584340989623861,-10.154345889501247,12.146266602438253,-4.5495344712379229,0.3285819432612068,0.27845323753142,0.8020565552699229,True,5
0.88726196195980234,0.40469370413437183,-0.22133507786440779,-0.38412844743839963,0.91391433721435777,0.13117133872384415,0.25536551593315548,-0.031362239525299512,0.96633579215723486,-2.1562806304453996,13.320169629442812,-2.6301120843578896,0.90786790064897,0.8321567638444389,0.9940209267563528,True,5
-0.14071966825998092,-0.91471475372583388,-0.3788071993522425,0.98365015870637917,-0.17260390507511583,0.051383433417175536,-0.11238478652254447,-0.36538310205742824,0.92404807693602975,2.9408137729864596,-7.5589514305214873,0.70587025249930124,,0.1143813966752494,0.3333333333333333,False,3
-0.96705605350257484,0.079116549404035508,-0.24195694037250648,-0.096195252716094873,-0.99357722872051601,0.059588286793183433,-0.23568848664903536,0.080900322486741935,0.96845551012043363,2.1900673759090639,-6.1490349648162859,0.24475381621797901,,0.08365064272421333,0.4307692307692308,False,5
0.83036911245828604,0.52680148886631806,-0.18156907336732725,-0.49752042195976132,0.84768209643040671,0.18414258911053932,0.25091944286607298,-0.062571996288933854,0.96598352908949658,-1.863899610452143,19.677895048302663,-2.9919312627445653,,0.06117125623357302,0.3,False,1
-0.96235177979827058,-0.10980013853628888,-0.24864227616500348,0.098730708260097999,-0.9935032468934456,0.056599873309416182,-0.2532415826154179,0.029920360786499661,0.96694026332801208,5.2631978014608451,4.4402866265071603,-0.06580549907065214,0.2277837571749584,0.1985189647373947,0.425531914893617,True,5
-0.57472633853706467,-0.76947867175586404,-0.27855378206840198,0.79210177653726643,-0.60858754345718225,0.04686125857527882,-0.20558310095502969,-0.19371054607734711,0.95927671343576892,-15.847187989749411,-1.4189558074755921,-4.5095658832486665,,0.07998691981101741,0.2083333333333333,False,2
-0.42784603367300306,-0.84145853374237656,-0.32999289001796756,0.88913354253128152,-0.45744391738493961,0.013660380422801016,-0.16244788399992982,-0.28756320772945121,0.94388457268052361,-22.652791258056915,10.170711283424509,-7.0827196583001761,,0.1679019728594029,0.2439024390243902,False,5
0.20911925092111128,0.97442138697862013,-0.082292766953459662,-0.96859695583912864,0.21797135686276203,0.1196178277957782,0.13449563574096862,0.054694133013236251,0.98940359600143146,3.0092829174178957,-3.0112512629520825,0.025166839463162741,,0.07747042617239297,0.4117647058823529,False,3
0.1458697083511834,-0.83346165336565414,-0.53297626640830065,0.98821049472606171,0.09743445653181973,0.11809549014938017,-0.046497809613078631,-0.54391929461027588,0.83784828856532667,3.4115356630144356,-15.857936617819762,1.928894354199759,,0.4427371292541883,0.25,False,1
-0.8476659837450361,-0.43928831447431937,-0.29746958965224007,0.4578305424504247,-0.88900161838134228,0.0082046885927819224,-0.2680551704427851,-0.12923582816566809,0.95469603870405995,-4.0616444143567438,13.620859762566816,-3.1619830639223019,,0.1885828932345235,0.525,False,4
0.28484908579210655,-0.91634646814359244,-0.28137190450392291,0.9584100945106665,0.26685415979430221,0.10118768769238744,-0.017637717070419168,-0.29849289392084488,0.95424886859524383,-13.35473967268797,-6.7471459679272776,-3.3634559196098239,,0.09236838908647843,0.1956521739130435,False,4
-0.11785297098111668,0.99286496740287966,-0.018161325254587329,-0.99157080331832381,-0.11666853196467472,0.056354198209732746,0.053833254012536053,0.024649749558292439,0.99824564642633695,-11.821865071134708,1.3640695824012101,-3.9195297534152616,,0.4152272819562422,0.2146892655367232,False,1
0.68678735462422313,0.71542636440516494,-0.1284065677536381,-0.68703232127309111,0.69662080811674576,0.20665439560986926,0.23729668993555258,-0.053708163371877365,0.969951397819937,11.280108216842823,-2.3731373609031094,2.0388792972448999,,0.3943751219762842,0.225,False,2
0.72155390022077492,0.68526448236359749,-0.098856250622505804,-0.65050615415531132,0.71988060046631075,0.24210259081292657,0.23706900363028358,-0.11038346924796158,0.96520141796131342,-1.8635190129298533,-19.263194647230584,1.1483569029202525,,0.2386687543961392,0.1111111111111111,False,4
-0.48463200874653661,-0.80927556286447444,-0.3319712027400637,0.85472494725990233,-0.51880420234496427,0.016954768083419683,-0.18594913452300338,-0.27552724543970797,0.94313713551665035,-13.142135034125785,19.090623372766974,-5.7264103716996537,,0.2479333414590773,0.6818181818181818,False,3
-0.98008918978810788,0.01350562397985236,-0.19809790049721895,-0.0092044245366153452,-0.99970182366704963,-0.022617301468703124,-0.19834429316075872,-0.020343595495665931,0.97992126188427442,-3.9375501844917751,22.096521940097368,-3.7204659546904009,,0.1182827251006891,0.625,False,4
-0.95383901197835741,-0.1555562253869037,-0.25689180596416517,0.15269566541185564,-0.98778144598882611,0.031174488362367012,-0.25860234529598175,-0.0094908220720604716,0.96593723983694457,4.7030627238176201,8.912045807217801,-0.54604182939795809,0.1060058052778177,0.09657592142551501,0.3382352941176471,True,5
-0.96183600354595356,-0.088516771325026902,-0.25891366027489293,0.077698220906070148,-0.99563322535194154,0.051744246475553257,-0.26236327629983081,0.029652348464905151,0.96451347812238253,10.692389092691638,7.4259311871111686,1.1041326523077493,,0.1865720377181463,0.5689655172413793,False,4
0.81995887641363874,-0.43482472958375323,-0.37228335382192312,0.54957051309653415,0.77992028995166229,0.29949389385516301,0.16012398984941498,-0.45016863047543787,0.87846941438536896,-26.312459668888895,-11.873834675909231,-5.6705216043071616,,0.4911191565976588,0.4736842105263158,False,1
-0.93572796964783023,-0.17500865305304025,-0.30624359287225678,0.21663295097694249,-0.97032622057324336,-0.10741131327316557,-0.27835827878791336,-0.16685022332800462,0.94587402523043407,-4.3906568880016721,-11.013613603095775,-0.7025065440445406,0.4937725876141633,0.2583968683467804,0.2727272727272727,True,5
-0.041614641659623634,-0.88624101514273057,-0.46135136791638853,0.99329781691163743,-0.0865315625220619,0.076627251066873445,-0.10783166751059865,-0.45507049098603647,0.88390224556543084,17.628500247624025,4.2437934532675605,3.2678898444363593,,0.2865636100457971,0.5555555555555556,False,2
-0.81589644499752567,0.53464157510051868,-0.22016216117770046,-0.55531664580569073,-0.83063633977373763,0.040825163054235475,-0.16104786223826884,0.15556881828092758,0.97460860290024087,1.7003544601209157,-16.732280038708897,1.6295626843254072,0.4896526066459237,0.4434121185313512,0.9310344827586207,True,5
0.64638454638690113,0.7274937706878255,-0.23008657458141399,-0.72941429871684282,0.6776553328069862,0.093477434419587224,0.2239236455125172,0.10740606839774651,0.96867029347024047,-6.7914005656766596,-2.3257993046858658,-2.3737910807366327,,0.0741296779183751,0.3312101910828025,True,5
0.26060823544257189,-0.88815601971652125,-0.37849997656646672,0.96530985192315222,0.24626261117085749,0.086784884164315346,0.016131875266428786,-0.38798661185744271,0.92152382042992853,0.82178866365575165,-6.6194036126974707,0.0148880559865565,,0.1711188018163378,0.2083333333333333,False,4
-0.90531916602349094,-0.29448890896990271,-0.30606125224250075,0.3181474784300336,-0.94758802727351676,-0.029310621564491407,-0.2813883252715767,-0.12390808311648559,0.95156050639949108,-17.659853506411359,-6.5225864869748733,-4.3686629589127515,0.5366136798774803,0.5111508545706435,0.9785407725321889,True,4
0.703203850824622,-0.64979911401311052,-0.288557542984408,0.70113915277776351,0.70110158942471001,0.12984779454509301,0.11793317017489971,-0.29362846036091483,0.94861693777761302,-16.189542061130311,17.567255593440169,-6.2777951652724457,0.326171595651525,0.2846063931502332,0.5753424657534246,True,3
0.21262504159116902,0.97401918936620291,-0.077956464996549096,-0.96925708654592624,0.22034834254470348,0.10948656592616605,0.12381959404252744,0.052280270506249421,0.99092657722302357,-20.168262541495881,11.69015918596109,-6.6420981512291108,,0.203062212831116,0.2954545454545455,False,5
0.8793095003230007,0.41951467755189392,-0.22543788049093383,-0.40573455027931404,0.90774557880081386,0.10666507805846197,0.24938780513761483,-0.0023236794325893068,0.96840091034784592,-6.0938721805052944,-3.8554295527173075,-2.0336637065773284,0.06589747948495783,0.0977033506857536,0.310126582278481,True,5
0.46578165595408655,0.8726784507690224,-0.14655978486627941,-0.86525025610984452,0.48385762497962803,0.1312394492937409,0.18544390871236455,0.065681963372410862,0.98045725883846047,-29.098681260218552,12.092140064848232,-8.6092891305174994,,0.2157802227560194,0.25,False,4
0.87380796321252219,-0.39174030608747751,-0.28809577576367545,0.46987640924481389,0.83275051226649144,0.29281862023289595,0.12520304893086551,-0.39123665077084263,0.91173355736861506,9.0569835011251634,14.294860920163181,0.22154350024598124,,0.305461903967628,0.2608695652173913,False,4
0.74259206056188387,0.63903367416657508,-0.20048190659414208,-0.61016535323298771,0.76893337046179222,0.19089188957190123,0.27614357371577214,-0.019427688267912108,0.96092002353163919,-6.5517463556775519,-13.344038366473555,-0.84399459207448535,,0.263086458772622,0.2105263157894737,False,4
0.65994725241671859,-0.70328587273810328,-0.26430778504355423,0.74432784494335491,0.6598750197111245,0.10266945798642033,0.10220412550189135,-0.26448807074847192,0.95895796423104285,0.22516617888866736,-5.2620370118305457,-0.28189312411610212,,0.07418186170695884,0.3125,False,5
0.12651166289170171,-0.8771585311506368,-0.46323612810534753,0.99062350744006111,0.087438857128232433,0.10497386708728963,-0.051573885441450154,-0.47217301648205834,0.87999589592605831,-26.313799590631014,5.9098692604398781,-7.4551973009650752,,0.3526187840880818,0.2631578947368421,False,1
-0.85194893943540007,0.48045144686169483,-0.20820521560086228,-0.49300486463360271,-0.86997160402383644,0.0097781204633791974,-0.1764347132581924,0.1109766434917607,0.97803628591008951,-9.548614808325496,-13.630080605834214,-1.4976992817226993,0.2076846650421992,0.1891187790685511,0.6060606060606061,True,5
-0.96291894460170957,0.13367437956212855,-0.23434646653152361,-0.13491923615336709,-0.99079787567972888,-0.010787458659435881,-0.23363198805583654,0.021230397952395275,0.97209328994693744,-16.340810731841245,-8.053527241467366,-3.8706205011074788,,0.07435994065671113,0.4230769230769231,False,3
0.78551324539441547,0.60977765000903084,-0.10554695097158523,-0.5815764966522079,0.78568499998647967,0.21087403666168095,0.21151293069616078,-0.10426072292916105,0.97179832362615826,6.6665036518385774,-10.169216641767859,2.0073404113128017,0.5405774546893773,0.1989361460438848,0.2666666666666667,True,5
0.29387888374851479,-0.86286661562463884,-0.41121333310972413,0.95583422786114003,0.26709823176359176,0.12263549012362249,0.0040162838327812006,-0.42909175968462121,0.90325197549461811,-0.87637498638961975,-3.799110067717363,-0.75833314354314862,,0.1934077040465379,0.3076923076923077,False,5
-0.956318159982539,0.17276568847793441,-0.235812624285379,-0.18986459818422358,-0.98045007512005478,0.051663183732939079,-0.22227687968827375,0.094178909963034949,0.97042429981643608,-12.083432422840744,-1.8250604398187875,-3.6676505900353473,0.2360619498541724,0.1975495832451376,0.8167701863354038,True,4
-0.13145001442834625,-0.93893992122470316,-0.31798226057020124,0.98462941049526265,-0.1608754460530564,0.06800010915418879,-0.11500355513869562,-0.30415607044374104,0.94565494083078872,-2.3329334616924924,14.312688896940127,-2.7649662893537479,,0.09121474023153146,0.3,False,3
-0.32675642520780412,0.93992188857811809,-0.098879128015777779,-0.94509761691799066,-0.32445538542676167,0.038976882424159365,0.0045533593479818724,0.10618637501730385,0.99433581886570543,-5.5129951029845969,-7.3894988377142825,-1.4992836913467364,0.4114411036785314,0.3903108150072152,0.5865384615384616,True,5
-0.93966983823431716,-0.21026689667039625,-0.26983036759655693,0.22910502891791068,-0.97258129551521466,-0.03995634290660717,-0.25403047226113551,-0.099365264446626078,0.9620785120686548,-5.2581728534341403,-8.1850012597914379,-1.3086144125219115,,0.105071847376515,0.4285714285714285,False,5
-0.9068677125959741,0.37201371057159832,-0.19798169359234935,-0.38253420739907379,-0.92379610774693777,0.016380826632644563,-0.17680082584791923,0.090590013016653426,0.98006883305262504,-19.833001154442709,9.0041319566906797,-6.3379709658232004,,0.1296864598775109,0.391304347826087,False,4
0.83026575771735212,0.50904051275843754,-0.2270165807439174,-0.49770186074301731,0.86045212857065001,0.10915581638729777,0.25090163286629025,0.022358238053709165,0.96775434890067236,-2.5229702057604011,-9.3971597619294815,-0.39907550625540861,0.2474998252050857,0.2028683869586999,0.8144329896907216,True,5
-0.4775091892897963,-0.83144663030835131,-0.28404484697436377,0.86106408742514351,-0.50715038349894681,0.036974665158409699,-0.17479591382668766,-0.22692507456374114,0.95809780244176224,-11.086862217338309,-5.1507756139637184,-3.0827551241984312,,0.08504745330570404,0.4615384615384616,False,5
-0.8950836870095934,-0.27499086457244265,-0.35100600799845777,0.36504980721836039,-0.90395946931210469,-0.22270140567768498,-0.2560543526268414,-0.3274710708485245,0.90950473679809407,-19.426140930914915,33.389322670814721,-8.2671920861722725,,0.4777401909464283,0.2105263157894737,False,1
