axis_00,axis_01,axis_02,axis_10,axis_11,axis_12,axis_20,axis_21,axis_22,location_x,location_y,location_z,dbh,dbh_approximation,score,reconstructed,number_clusters
-0.48108219919147449,-0.81713856881055635,-0.317560194267683,0.87254455407994325,-0.4814211997466038,-0.083064008932706171,-0.085005404337173768,-0.31704603419184241,0.94459297765582506,26.056564539361368,-2.4540681062473193,1.2773500669686784,,0.3277788099325382,0.25,False,3
0.32615680129641211,-0.92276911303655262,-0.20522890876732336,0.94517030996490703,0.32213599887064193,0.053679450374003082,0.01657788071298507,-0.211484189142705,0.97724081556887421,18.332707441959371,-14.696235630675238,0.53044607142005695,,0.3432272586170471,0.5645161290322581,False,5
0.72142230805812979,0.69239756656538287,0.011638868090065341,-0.68326606132487255,0.70897206842978111,0.17465994282603636,0.11268248700520145,-0.13395602263703882,0.98456002413341392,4.6745620725163555,25.933912703522225,-2.7555036681301641,,0.552797591716826,0.6621621621621622,False,1
-0.26954563452161379,0.96254743211435101,-0.029113430584675096,-0.96233345166628526,-0.27035356290349472,-0.028692835855650103,-0.035489135159845066,0.020282799497461465,0.99916421539712463,8.8147995524363267,-15.356127518048016,-0.78455357445764362,0.3986187228604515,0.2610622347191592,0.4202898550724637,True,5
0.046677081129551254,0.99541007566950457,-0.083546581934014819,-0.99855721436811995,0.048719854962159144,0.022580198534281688,0.02654693448605111,0.082372064367101663,0.99624801293718823,9.7504604943685393,10.125930758972395,-1.3747688597337229,0.8139793120965634,0.9215533938495002,0.9925233644859813,True,5
-0.35912241307573373,0.93328688374486346,0.0025855476139353822,-0.93277878151651761,-0.3588324199741636,-0.034103359483289589,-0.030900439790123316,-0.014659024704507778,0.9994149667758081,-34.189132833830527,3.0393806122329305,-6.4102363551389496,,0.3822806720826445,0.1764705882352941,False,1
-0.75072278889817734,0.65740029776525111,-0.065116378332201227,-0.65442565378731676,-0.75352870172997499,-0.062622354907671235,-0.090235014789085716,-0.0043982004613453557,0.99591078814255052,-3.0011608206640314,36.191148737022388,-3.9305810473165796,,0.1870176126010695,0.3636363636363636,False,1
-0.7058859983796365,-0.6664270172697534,-0.23999997488442579,0.69935362493863729,-0.70947714944203688,-0.086871639243146739,-0.11238089062101841,-0.2291663262186292,0.96687813624607588,-4.6303005376532571,-11.920415703211338,-2.6955306574617617,,0.323424190450414,0.25,False,2
-0.63688378066854812,-0.73245996205263997,-0.24058564776640851,0.76409390329995253,-0.64124514522309806,-0.070463967158055502,-0.10266234392989591,-0.22870738448430927,0.96806682384077525,-10.964026356471436,-16.669001377970829,-3.5187872304601844,,0.248695434017662,0.1904761904761905,False,1
-0.71027451528203656,0.69617734245295104,-0.1041499918195594,-0.69800470059521602,-0.71569789851116838,-0.023789830047319084,-0.091101870934963997,0.05579987385150418,0.99427703543343748,13.820454246378976,2.5441033803408315,-0.53410574919687459,0.2776372797815958,0.1117839116175228,0.6060606060606061,True,5
-0.84755126343116738,-0.50633671268364444,-0.15899682149323677,0.51740234714840849,-0.8550175999695957,-0.035209585449851644,-0.11811717496430976,-0.11210725726264666,0.98665105070004211,3.3957003863926527,-15.385367688833714,-1.5455689633393022,0.5954315027095964,0.5306653278110252,0.9940298507462687,True,5
-0.43378715671662949,0.90067509922946398,0.024760215986496401,-0.89987534054376772,-0.43169273136635788,-0.062175213443075861,-0.045310861269023867,-0.049251916850507033,0.99775807415305351,-10.482040431658719,30.032651138866701,-4.2720936944194454,0.6556523018303763,0.5425550435594546,0.2051282051282051,True,5
0.5339387035809865,0.8440530326849992,0.049839129542063001,-0.84077392660792549,0.52377764755443967,0.13695320463073515,0.089491145676798486,-0.11502805717559773,0.98932294065581095,6.4219695368051015,-13.942219904546722,-1.1343602302975024,,0.5990052943906155,0.2631578947368421,False,2
0.93405950261904636,0.33453357256278576,-0.12498053606637212,-0.328286690392813,0.94211022241262066,0.068236190812317216,0.14057273732125886,-0.02270721590202246,0.98980992512097299,6.789696311002305,-20.227197220022795,-1.0418970004199597,0.471407239126617,0.4040406979591999,0.4444444444444444,True,5
-0.66598325867082564,0.74374568089589055,-0.057520964168698993,-0.74035002810707529,-0.66844545221500062,-0.07115134078101798,-0.091368129301422574,-0.0047999543530983374,0.99580561626562802,-4.3385419260602349,35.331909672048567,-4.0347895870700539,0.4380426566995926,0.4328088583063149,0.9358974358974359,True,5
0.97753736381217127,-0.12498596950263996,-0.16970329925678368,0.15310829665371645,0.97446270592038697,0.16425676322793112,0.14483974539797395,-0.18655010639987374,0.97171009357485194,17.862986906976129,-9.2185563705966516,0.33564633606337357,0.1911088935592009,0.2400826152916782,0.1142857142857143,True,5
0.90813888549587363,0.40331270345290748,-0.11235046899688471,-0.39708818153610415,0.91477991183035035,0.074153145557063163,0.1326828577272248,-0.022728311533503243,0.9908979176081526,4.4009008689445395,29.763717691574954,-2.9397687073187861,,0.6659553883510856,0.7857142857142857,False,1
0.75713955471627736,0.65250245024564268,-0.031308898215513026,-0.64535372919571565,0.75455520617181859,0.11901682676070285,0.10128306322983868,-0.069907032996952514,0.99239848238514716,14.134903893736505,6.2942561436931594,-0.6738554939447633,0.2795382025936643,0.2284322243315068,0.7052631578947368,True,5
-0.43775421174036083,-0.87127352955276849,-0.22193171653514873,0.89682689584612152,-0.44065935242767473,-0.038998128224748629,-0.063818249667212668,-0.21610592731039291,0.9742820224096973,-4.468355841487754,18.58785069699303,-3.2113126908562757,0.548997737809155,0.3945665895293695,0.6976744186046512,True,5
0.29690628045078615,-0.84715860121675979,-0.4406460768160107,0.95465509792828596,0.27392587024483078,0.11661158437370844,0.021915853358095254,-0.45528773538837464,0.89007458865901334,0.8439345195672312,-22.970945042267175,-1.9258422307795124,,0.1815903695209513,0.2,False,1
-0.95325621304378483,0.2712375372344773,-0.13316452488706623,-0.25408330625426045,-0.95805367847934908,-0.13257006688952275,-0.1635367413651326,-0.092538357166984164,0.98218755168069105,-27.53217926266252,4.4424103895555627,-5.6157063776799365,,0.5536862430677281,0.6388888888888888,False,3
0.78151150373199241,0.62385625787735066,0.0065680318078609606,-0.61700828137105435,0.77128789355089922,0.15625545104525324,0.092415097544168823,-0.12616796253045531,0.9876948389947251,-11.426281659743198,15.536286879336201,-3.8474971016773005,0.3983948790990939,0.3739988736569064,0.2972972972972973,True,8
0.82467056155523966,-0.54433643578923141,-0.15367598893920309,0.55639720533816728,0.82956403294641967,0.047388449368487059,0.10168881352461395,-0.12458474992529392,0.98698430853281993,6.6988066933066639,9.5734273856332663,-1.7127541207907309,,0.1561494744174164,0.4126984126984127,False,5
-0.94350400702170278,0.32256589062386537,-0.075838215564601963,-0.30744627858737084,-0.93754381543399745,-0.16275251126861054,-0.12360005872477293,-0.13024146938473524,0.98374802929192073,-19.088189612168385,43.666886790765126,-5.7526961881068219,,0.7265825362481886,0.5263157894736842,False,1
0.75691586801654598,0.651467362267937,-0.051658926086552849,-0.64154172556539335,0.75578654364056741,0.13119037621114921,0.12450936954035496,-0.066158720902856905,0.99001032345383222,-13.164511575679358,-15.33664255787926,-3.7633552757424984,,0.3561231123878146,0.6582278481012658,False,5
-0.068702300943537797,0.99738460530230533,-0.022448673703093502,-0.99685694022389892,-0.069520966869840481,-0.037987838750427272,-0.039449139059167179,0.019768264249724041,0.99902601625585485,-9.8771191431455154,23.245597204039008,-3.884124084784609,,0.1686387031231492,0.4333333333333333,False,4
-0.55747098183753463,0.82794953909769375,-0.061038226686328072,-0.82813073953200056,-0.5597621875009674,-0.029423998475975686,-0.058528477267714207,0.034144606485482468,0.99770164036984232,25.005390419807842,-23.616663155860643,1.6026746836532322,0.6339847898337593,0.6507225898466004,0.9078947368421053,True,5
0.81678284766888565,0.56517392187227544,-0.11594920348763765,-0.56485729569457077,0.82427767929519047,0.038762648469269662,0.11748197842444921,0.033834087120048442,0.99249848327049395,13.195912793232312,-0.1314339279158625,-0.55522599515862248,0.287905419210217,0.2505213242404475,0.7195121951219512,True,5
0.89532450332616431,-0.36070382600551315,-0.26131740020278205,0.43043441195193144,0.8515364088581594,0.29935257038573071,0.11454366307810979,-0.38049769288910723,0.91766075156057236,9.4534545315066207,9.2800234127400056,-1.3792788556868141,,0.4044088548944955,0.5325443786982249,False,1
0.94905146492020387,-0.25949192615748301,-0.17878830272669613,0.29180877207270922,0.93786121695375668,0.18778705566528006,0.11894939039032991,-0.23039157535182703,0.96580058217660592,-16.616663102697164,5.2309149637100241,-4.290023247044993,,0.4480079163068594,0.6826347305389222,False,4
-0.29305150696703558,0.95091388459269222,0.099416288168413622,-0.95568799236499991,-0.29437824274996149,-0.0013825501078319584,0.027951306118058863,-0.095416111240609197,0.9950449689345775,-2.0730278760796215,30.84799536553394,-3.5731438169247713,0.6736937427412625,0.3317350357096578,0.225,True,4
-0.82212640813176174,0.55936380336406033,-0.1059259389312211,-0.56010826659419122,-0.82803001849934255,-0.025397207658104274,-0.10191613584324327,0.038450278933594664,0.99404963523191869,11.166481286347315,-19.728746785500867,-0.44195187055181961,,0.2347747929167248,0.1538461538461539,False,1
0.45977281421311789,0.88176714965567027,-0.10533590602765035,-0.8842948313386092,0.46548067772782314,0.036747652032053914,0.08143470131566749,0.076252425864118761,0.9937574940454369,4.5839929635284076,5.505198941462103,-1.8423670357965078,0.1528575875898176,0.1405429834690234,0.5502645502645502,True,5
0.8622466248065016,0.5038487386431213,-0.051645005349309048,-0.49078907058775562,0.8563554972092331,0.16056572047337228,0.1251273199641138,-0.11310044636190256,0.9856730912586259,14.835075614892219,30.146718998661566,-1.9140452969628214,,0.1991345678652207,0.2962962962962963,False,5
-0.93115911758265979,-0.29238894330510617,-0.21783343080346207,0.31470343557237618,-0.94620746846226866,-0.075187593824844051,-0.18413159799889484,-0.13856454257547215,0.97308551636494156,17.160338775996077,1.6533335951561183,-0.0518128892914205,0.3047147848711031,0.3402850389284924,0.5211267605633803,True,4
0.45095509718716908,-0.86586273981328599,-0.21661305621762522,0.89144454812158935,0.44898967716933036,0.061113725296984965,0.04434092855596964,-0.22065807394792925,0.97434280233210735,19.870551898127186,-0.93916732063089359,0.38920328373956742,,0.5036788294402972,0.53125,False,1
-0.96642680014726046,-0.22589893296411648,-0.12242921237515707,0.23058037986118568,-0.97272337667960673,-0.025336157642711028,-0.11336634588888835,-0.052715316054241214,0.99215380212601278,4.4827319536982255,-2.6097539522830333,-1.5992954554588747,,0.1681915668594568,0.7922535211267606,False,2
-0.97165270669768045,0.21593626171852476,-0.096242134442765082,-0.20599612123526329,-0.97306208519807103,-0.10351703427942757,-0.11600265343127807,-0.080757100152310038,0.98996044121565374,-10.489555704435968,-11.628662886939264,-3.4273142859981101,,0.5143343277587586,0.5354609929078015,False,4
-0.57286906383442149,0.81960618796677231,-0.008168986966006847,-0.8173136837342051,-0.57196142765235025,-0.069702709120311845,-0.061801117160606212,-0.033253900890912277,0.99753436030707221,-10.825181501664741,-9.8070286944271885,-3.4900988439945393,,0.2356153348306791,0.1764705882352941,False,2
-0.62737431225266327,0.76772417210644606,0.13038814320700171,-0.77548489175988544,-0.60070779238301963,-0.19435362312670676,-0.07088480075204015,-0.22304650576458501,0.97222713461852772,-21.839079145359889,9.6405708589600092,-4.996870684483385,,0.2695981744121222,0.5652173913043478,False,1
0.80173656381072922,0.59766932957781282,-0.0031392245812706943,-0.5835210841997267,0.78387236136149174,0.21224341070557226,0.12931212836907244,-0.16833149905934541,0.97721178865233405,8.0543681475984936,4.9932408368854322,-1.3701022645383143,,0.1429886814839754,0.325,False,5
0.43749686916188546,0.89758339415544697,0.054226746259895292,-0.89584244059362306,0.4298386039822914,0.11271688497210945,0.077864055281039804,-0.097891904991893985,0.99214634194369178,-31.108885742001377,4.021234999907219,-6.0487701853553135,,0.4334146497774087,0.1111111111111111,False,1
-0.53405948974478112,0.84070038000635339,-0.089461346238013412,-0.84257115709644392,-0.53797498668246579,-0.02562730834796087,-0.069672854417661384,0.06169104279532437,0.99566053883646599,-15.510193235908059,38.412833128081047,-5.2048135332791743,0.3798156776588368,0.4133620725801553,0.922077922077922,True,5
0.47918605234752709,-0.86289255453015412,-0.16061496372386547,0.87637125433301633,0.48049006532440786,0.033207253775678,0.04851960237233164,-0.15667079006940554,0.98645836796321995,12.922206554074645,-26.647631538092906,-0.25720797797849426,,0.2439822687341611,0.6060606060606061,False,1
0.78391667672062049,0.61525555343006411,-0.08327813598276998,-0.6099486021454632,0.78821609922829128,0.081719542694099867,0.11591956996165226,-0.013265929699917231,0.99317000982163339,11.669032157240805,-32.408563625662012,-0.53450506545308241,,0.3722965737835226,0.7843137254901961,False,2
0.95820855413734907,0.26725500826340881,-0.10203493194066073,-0.25469646960099002,0.95941032889068023,0.12108480165020016,0.13025388727712497,-0.090036555775982491,0.98738409115865122,19.987811815080519,-8.0962459273285923,0.61944505138503403,0.2022492229073705,0.2503090492717919,0.7258064516129032,True,5
-0.91194471700861335,0.40746039952317409,-0.048299647415859598,-0.39310923753704075,-0.90136229363862941,-0.18168968867152824,-0.11756683411203825,-0.14670391414998329,0.98216902877760703,-9.0891533029379534,-12.060291426937411,-3.2395934627243168,,0.1139478732459541,0.1363636363636364,False,1
0.50764366799337901,-0.82770523799610851,-0.23916928176510024,0.85974918457165095,0.50468669834303959,0.078247531232517931,0.055939663697685368,-0.24534745873843411,0.96781991016716695,-11.648566847814052,30.773214291933691,-4.4023288454946181,0.204049313627338,0.2686114548847371,0.3658536585365854,True,5
0.62702514990953517,-0.7543353817264673,-0.19446746066246878,0.77549977059966069,0.62808069221572993,0.064146316072574899,0.073753421485366233,-0.19103082458439383,0.97880930567593594,3.0956711765654803,7.3292706343356606,-2.0832051467053758,,0.08514380166933536,0.3690476190476191,False,5
-0.99038888177486062,-0.0024340540340381991,-0.1382893279964201,0.016571613601377065,-0.99473084495087871,-0.10117276177884219,-0.13731440011662555,-0.10249205571297254,0.98521070540079947,-12.064029572824655,13.935561618706467,-3.9102550903473192,,0.1589906916056762,0.2804878048780488,False,2
-0.96953011756691077,0.20614168340285327,-0.13235164333898478,-0.20407442714826921,-0.97852135596257694,-0.029147626134314455,-0.13551745022246331,-0.0012499155962628974,0.99077417123994727,-1.9652985788342707,-16.309214029657081,-2.3055174435442636,0.4511224524569691,0.3870221992919441,0.9094827586206896,True,5
-0.98695899415906096,0.14870094689537272,-0.061643914873676708,-0.12845141892238218,-0.95833113116272017,-0.25515030084483026,-0.097016374006454534,-0.24390463594774123,0.96493437690748629,11.524567724068376,7.7370000195745954,-1.0333723068311282,,0.3524851334316665,0.4117647058823529,False,3
-0.94201337018982445,0.32646249565724489,-0.077672706357203108,-0.31210121773619481,-0.93737362785849376,-0.15467227186212426,-0.1233030424247239,-0.12146160185280744,0.98490783274586502,-4.0143801208681751,51.544417707851508,-4.2970980595672019,,0.3406393544251552,0.3125,False,1
-0.66583461857732829,0.74168599615647712,-0.081031745688705553,-0.74213288411509315,-0.66956127559483636,-0.03043814282821028,-0.076831263291700286,0.039869553912616165,0.99624664398521889,-22.142267679366174,3.9667724929684787,-4.9336784813092134,,0.1541025031159635,0.4,False,1
-0.98774180196938799,0.099041041853131132,-0.12065241261952758,-0.077507707669202688,-0.98210296748583981,-0.17165755592857909,-0.1354942356490926,-0.16020185168765738,0.97774059894315235,-19.853592456841405,9.6678137479113424,-4.7749051524388619,,0.5410892174004107,0.3548387096774194,False,3
0.23548391025215809,0.97149729358978421,0.027209126411505996,-0.97080022110477104,0.23381222991073991,0.053654187600732178,0.045763071523672469,-0.039049323833980881,0.99818880558380707,10.358269959962751,-32.932831828758744,-0.74402912208333383,,0.4116628805899665,0.7619047619047619,False,5
-0.72020400181608002,-0.64896092621062407,-0.24526702187606092,0.68880174191818666,-0.71107940923488133,-0.1411319740265958,-0.082815192438194796,-0.2705841643814742,0.95912765255069332,20.512482857793824,-0.076351354184896858,0.45356027057264237,,0.1796967999807204,0.2058823529411765,False,5
0.29048272644004031,-0.93268280429746087,-0.21382837091411694,0.95664921482569276,0.2879788233398809,0.043479616847018024,0.021025351681875117,-0.21718882078873705,0.9759031461733545,3.9549914905764672,1.9726093540519236,-1.8115596142748687,0.62574184444629,0.5072751172199366,0.9639215686274509,True,5
-0.67252659327497077,-0.71470938600002321,-0.19208975740895801,0.73260865395488206,-0.67969827634161384,-0.03598351412321435,-0.10484532172862177,-0.16492648878124372,0.98071744748929213,4.0751733790895681,-24.138300920806792,-1.504163161691908,0.2179708594682778,0.2711346652291449,0.3461538461538461,True,4
0.86995887273580907,0.47856151823109927,-0.11895559262424626,-0.47585100100809308,0.87798154574275034,0.052098274201424391,0.12937304428603444,0.011281781930006285,0.99153181331142748,7.4074124267634787,-9.1762360361136022,-1.0756874621460453,0.6466372019207145,0.4900886664628198,0.9696202531645569,True,5
0.03823727762590462,0.99471723155743064,0.095265627812343226,-0.9989552473170259,0.035663521874525754,0.028574937712702024,0.025026475132129026,-0.096258726618554641,0.99504167404799437,-19.559829016365889,-1.5895686864882543,-4.5440147866831433,,0.1335463119980967,0.24,False,1
-0.68509556914395764,0.72341803920451175,-0.085500887087893204,-0.72469723954844234,-0.68875584473857876,-0.020719491531279825,-0.073878089648992645,0.047767425008543696,0.99612263350346031,22.126779787568417,-2.6305151502938338,0.72241929743211197,0.239373300787575,0.2316298938716211,0.5540540540540541,True,5
-0.98673137228780261,0.087688012540242957,-0.1366455685332377,-0.084183110095107913,-0.99596072826050386,-0.031231902560071214,-0.13883228341327716,-0.019314249132415855,0.99012754575494288,-15.058927784353711,11.296357168498707,-4.2355497224698908,,0.1271283735199672,0.5,False,5
0.62964619013425127,-0.75913968473926607,-0.16508365849892559,0.77355449344031912,0.63227745499638599,0.042879663963054641,0.071827020874554226,-0.15470022287398533,0.98534700492518146,4.0895877982099051,2.9716913506834128,-1.8174536874854976,,0.1325123604334103,0.5598455598455598,False,5
-0.11607199733605834,0.98716210913526636,-0.10971901258228081,-0.993224915364468,-0.11473499471727364,0.018443114879896132,0.0056177338548498105,0.11111638616711676,0.99379152229806045,-13.817242785052748,2.4077860479674116,-3.9013834085197225,0.3496201397003398,0.2179064728043837,0.745,True,5
0.50922307339343686,0.85990035568315371,-0.035542085191056783,-0.85871042738418957,0.51041111682118367,0.045791852190268337,0.057517505382323073,0.0072020914558311722,0.99831851953835693,-21.650388561570203,2.3819711382908721,-4.8703052869342889,,0.2005689107230627,0.3225806451612903,False,3
0.99008836317230142,0.076887555193279083,-0.11753015343813801,-0.055081910597591204,0.98237065978476457,0.1786445350940371,0.12919371592964879,-0.17040008993673136,0.97686887201601524,4.9488199912397723,13.408150769770291,-2.0701194437088368,,0.1521472042435043,0.2149532710280374,False,6
0.9619178210927134,-0.23093168968430233,-0.14623494850342419,0.24264618402610427,0.96773814994808482,0.067865326291322747,0.12584488405102554,-0.10076421901950497,0.98691926585895207,24.008531394149585,9.0277602213810262,0.51017329386247789,0.292284901175461,0.1974051040783957,0.3611111111111111,True,5
-0.75337517262979958,-0.63858188314815556,-0.15696823812470312,0.64778437038861603,-0.76175721279463182,-0.010067682731252983,-0.11314264777369629,-0.10926631352026099,0.98755233480785609,6.0215650413528214,-17.674584334254067,-1.1728724919469871,,0.1087515542343782,0.25,False,5
0.98861492526809835,-0.049928331179914125,-0.14194256332313135,0.058757006719023452,0.9965449101206787,0.058701416286059224,0.13852127525608832,-0.066373216421666631,0.98813281113586648,5.737613070405259,6.8856103113064995,-1.7494490340528788,0.2331542229345914,0.1443165033209057,0.6497175141242938,True,6
-0.68572455250022313,0.72718750582997371,-0.031307658218909726,-0.72236537488004804,-0.68519286451316785,-0.093268449084611751,-0.089275434878682669,-0.041340897245016078,0.99514864565159344,-20.918963177010461,8.3692397327884454,-4.8973728963662984,,0.2252234305185243,0.125,False,2
0.20737037049344295,0.97738525844250745,0.041419633275615819,-0.97710950748041647,0.20488516247730415,0.057263256875835347,0.047481994827423074,-0.052346220263959506,0.99749954054690515,21.190970068586577,-8.8187794396646737,0.79341692097640426,,0.09119508764918273,0.3636363636363636,False,3
-0.71700161933126261,-0.66050599395505405,-0.22280150319464437,0.68798760778690793,-0.7219692003973649,-0.073712449486078135,-0.11216830839410459,-0.20613661884060241,0.97207302450225908,-30.737463721005383,-0.43861480420449456,-5.91381653980417,,0.2078443357703282,0.4772727272727273,False,1
-0.4734693698906936,0.88076846220158034,0.0085832258721776494,-0.87991837545788532,-0.47252905536316225,-0.049597826254320437,-0.03962837754521021,-0.031035589710215888,0.99873238851279544,-6.6550108369642391,20.486988381023956,-3.4954619323875296,,0.2486063693547508,0.2786885245901639,False,5
0.37290814417005536,0.92739445034508561,-0.029648768621688137,-0.92555154335693357,0.37404372659576107,0.058699499009403064,0.065527525523588939,0.0055519423171276061,0.99783531674082537,17.559927498667925,1.2816141805997567,0.00089662190628562143,,0.09023580713024137,0.3863636363636364,False,2
-0.94807557723378921,-0.27546245846898249,-0.1589752616825742,0.28786653546622909,-0.95574601175017648,-0.060682936500333205,-0.13522410144456193,-0.10329566785619451,0.98541587534941566,5.5576043175164429,1.8134630613591434,-1.6048400616031218,,0.09783202659884796,0.3546099290780142,False,5
0.073257711453431199,0.99731272635601642,-0.00079596541136858767,-0.9968594493149403,0.073248437659982971,0.030098250644953153,0.030075671632079096,-0.0014114633193503395,0.99954662810054962,-12.590112956895165,1.6622131942313423,-3.7774994211281765,,0.09726250964015211,0.3282051282051282,False,5
0.98783203528217678,0.083889591235071809,-0.13095956075325096,-0.074830050949979687,0.99454722683565033,0.072637986400648724,0.13633903896204974,-0.061954419341399197,0.98872307365559864,-2.3424864722257928,-23.376931961867879,-2.3710808716500114,0.5618353673943031,0.479368212033126,0.9078014184397163,True,5
0.97113786206169517,-0.15783269173663983,-0.17882979139228444,0.20028991822666808,0.94674967251546693,0.25208928229619754,0.129519116453888,-0.28063125095224895,0.95103674979570663,-2.6346116746273909,-25.910625759508815,-2.4797551425265159,,0.4609649459080197,0.2631578947368421,False,1
-0.97881522966882195,-0.11501321061077832,-0.16938921911790136,0.15166890224933044,-0.96306011926990898,-0.22251236092026985,-0.13754014053669822,-0.24348956457480911,0.96010183922556658,-8.8574207365094111,-17.511740435945882,-3.2858976960799469,,0.4220437858380443,0.3333333333333333,False,1
0.68778382007759931,-0.64819286290790101,-0.32680181963190474,0.72056001269949932,0.66419748418701807,0.19908533370927675,0.088015254007259833,-0.37240799464417473,0.92388614048871998,14.282819327838265,8.506816811719915,-0.73368443761194102,,0.4977804532769261,0.375,False,4
0.85549239268156729,0.51771719916198511,-0.010083042984971383,-0.50519766037774683,0.83876058354519012,0.20311574887187778,0.11361377562962355,-0.16867004826821513,0.97910281625801676,38.007568357562342,-6.7416749541288663,3.1930308279270987,,0.649714820294327,0.3571428571428572,False,3
0.70938984704994368,-0.61943351025787086,-0.33625610964273794,0.69983417354020572,0.67567129844199314,0.23173352370127145,0.083655092180657892,-0.39971292552445986,0.91281509777222836,16.921794429975673,7.6754685690245141,-0.36427188676477679,,0.7678501740717576,0.5303030303030303,False,1
-0.19287256576109266,-0.9177579132614635,-0.34716074954219145,0.98014924524433056,-0.19675351220366064,-0.024403124441196383,-0.045908936207469289,-0.34497603986579584,0.93748808072146228,-6.4073556809805936,-0.63430315738175602,-3.0061684592289049,,0.3301240905171398,0.1514195583596215,False,1
-0.22030644373796304,0.96727497249370598,0.12587374005261515,-0.97536862028693894,-0.21699452378054657,-0.039616047364778112,-0.011005698845881571,-0.13150096667536482,0.99125494720397733,-13.527341482039443,-1.003141264945449,-3.8548757699026432,0.4109877594467091,0.288449707915215,0.2826086956521739,True,2
0.96401244515193252,-0.21474293799397973,-0.15673377483460998,0.22613560240217548,0.9723267318865233,0.05868062529556925,0.13979518918188005,-0.09201193966321751,0.9858960939373963,9.0782674517345239,-9.2936906386401112,-0.84014311977003053,,0.1195445025547041,0.3214285714285715,False,3
-0.9052808754230931,-0.34882956455704606,-0.242455091685325,0.40401273902077917,-0.8833634124305616,-0.2375769102584693,-0.13130210699804321,-0.31302877898042297,0.94062359114998784,16.100175417589742,0.42881627702576158,-0.16092946119768034,,0.4380739808249293,0.2678571428571428,False,3
0.96361270389192533,-0.18788115956811388,-0.19013475951922509,0.23078791178731908,0.94365521760626725,0.23717455609174781,0.13486102725005933,-0.27242521939756231,0.95267885626020343,18.945191057273558,2.3080016768096576,0.13438468017929681,,0.4778454831245724,0.2258064516129032,False,4
-0.10669482541074733,0.99350022659206927,0.039667543307804712,-0.99427917825280454,-0.10680966930621458,0.0007811757961290397,0.005012975513359004,-0.039357264948208612,0.99921262790874421,8.1969697259988159,-19.011449026577068,-0.83809219106257815,,0.7523691462341633,0.2882882882882883,False,1
-0.60487803101721005,0.79010227509244391,0.099302379057534793,-0.79345751093474748,-0.58744005735685656,-0.15918340790989241,-0.067436977497343967,-0.17507876486403565,0.98224216981338441,4.3310533180883777,25.184066921667043,-2.7412643169567659,,0.4129534082559533,0.3636363636363636,False,1
0.94313245703876603,0.3058925692971593,-0.13011880928137246,-0.30348461057825998,0.95206054654252759,0.038442253566948859,0.13564018439305325,0.0032329191029604534,0.9907528897822564,-25.43634745598046,1.7053635934378528,-5.3181246351830636,,0.8518153695398197,0.4482758620689655,False,1
0.96325807777613115,0.2636763340737836,-0.051075105956262662,-0.23102477108636429,0.91043882375736795,0.34311616595519612,0.13697237219062078,-0.3187098038101609,0.93790331602557153,2.1653748534328976,-13.022252692616064,-1.7417397355734081,,0.3186252263233494,0.3375,False,1
0.97900675083025557,-0.12437295494746825,-0.16148420946464406,0.14272428014948635,0.98390947402538875,0.10747989011389351,0.14551825206686947,-0.12827125555134597,0.98100505774164326,17.017559243440967,-21.144818064010472,0.44263147290217675,,0.1912949245155906,0.3076923076923077,False,2
-0.43100078183261409,0.89919049022320574,0.075463821476436876,-0.90117379733935943,-0.42465889391451328,-0.086894250720415386,-0.046088100944122475,-0.10545750855891835,0.99335522389521447,-11.446076486702859,0.54562216202620639,-3.6273833387963235,,0.3767671777300478,0.2777777777777778,True,4
0.41483729875281822,0.90888976211320838,-0.042771671574293693,-0.90680210331182631,0.41684282408960055,0.062864977803649219,0.07496639909127234,0.012706704167510477,0.99710509911266965,-8.2379470523710285,28.961637522297462,-4.0523099789646073,,0.2361839140663846,0.4,False,1
0.98181189369402166,-0.094126123376210166,-0.16488080027439544,0.13621370182505446,0.95419341563616245,0.2663845960105598,0.13225442463703743,-0.28399858882529755,0.94965971205962285,10.026475403144333,-15.163523263936554,-0.61635108325651145,,0.499527238461806,0.3939393939393939,False,1
-0.5252471914926542,-0.79532143037029779,-0.30262057138076559,0.84254938293837478,-0.53591069258956203,-0.053946889422271341,-0.119272482741166,-0.28330822784013543,0.95158316656971142,-6.6566307601006187,18.674542836308586,-3.4124724950959813,,0.2302199317027027,0.3269230769230769,False,2
0.071110414449774617,0.99197291252351505,-0.10456122501384643,-0.99705406783801964,0.073710543529370634,0.021211826424491764,0.028748821966113822,0.10274481296989979,0.99429221491639019,-22.029728769807683,6.1036250391270883,-4.9815878268473854,,0.149892934338724,0.25,False,2
-0.70748117965800028,-0.65513096272743332,-0.26509206345258907,0.69862658688715984,-0.70495003455087113,-0.12233699718860415,-0.10672990454471085,-0.27175148658756776,0.95643079049836344,-13.310851076118151,-17.227681145981947,-3.784982783836718,,0.4220975460990695,0.1052631578947368,False,2
0.91163975730696289,-0.34309675756483166,-0.22626879556359911,0.39254427614768639,0.88996986831017189,0.23208322809644266,0.1217454071453688,-0.30039681830617915,0.9460125831036994,1.3746266941708147,-18.663194303370041,-1.8475399874460685,,0.5148475628006659,0.5421686746987951,False,2
-0.39874327093746009,0.9128636066761503,0.087657512446485786,-0.91632907607122127,-0.39277775439582679,-0.077888766829585523,-0.036671899712958214,-0.11138074904570397,0.99310095182386204,-13.143181453671799,16.843099352436045,-4.0639731773833097,,0.3456711224318083,0.1666666666666667,False,1
-0.40109021963344954,-0.85440059644116606,-0.33034263502516648,0.90847739613455458,-0.41725259711419344,-0.023855626465048643,-0.11745406092158162,-0.30967707535825068,0.94355956492984006,36.420591133908594,-16.581252816348407,3.190825749595906,,0.4957378868169635,0.3333333333333333,False,3
-0.28166801504151701,-0.90893743255309034,-0.30740181034985814,0.95731892484691361,-0.2878598132394779,-0.026023144538745085,-0.064835217532782596,-0.30161145804748762,0.95122390789022293,21.880896995586074,-14.453367364905841,1.0311944359986973,,0.219242711716554,0.32,False,2
-0.96473033274656916,0.25317703691954518,-0.072088647201435846,-0.24505297778461535,-0.96376933722972913,-0.10534563443570805,-0.096147923313957759,-0.083964591301382646,0.99181930020039688,-8.0147213625503611,-15.604237518562753,-3.1301485959816593,,0.1393407486151853,0.3846153846153846,False,3
0.95589253767861349,-0.25820129998853686,-0.1400055180861407,0.26841625928852975,0.96146590684415512,0.059464457669251687,0.11925673213656296,-0.094421388787577998,0.98836351267108802,10.745558389928757,9.5717049110850514,-1.2436573340241741,,0.101955764071442,0.2777777777777778,False,2
-0.96326655202452505,-0.24485973289728874,-0.11027810732984016,0.25828398095575611,-0.95717554697185725,-0.13078362841263208,-0.073531863382005513,-0.15446256337571002,0.9852585354022444,4.682504705458685,-3.4498221891106824,-1.5529981314850227,,0.2575768597572489,0.2247191011235955,False,3
-0.51943795533167858,-0.80033831013989132,-0.29940407459363061,0.84994218409443756,-0.52008260692332708,-0.084334842577750146,-0.088218446243531284,-0.29828287127868969,0.95039193727857252,-5.2853042944515654,-30.700816269958022,-2.9649555779939516,,0.6546771210387854,0.2666666666666667,False,1
-0.074151452661295872,-0.92083465564401012,-0.38283821522047295,0.99679804579510667,-0.079956825056641243,-0.00074968387903006153,-0.029920193302791647,-0.38166797493612059,0.92381509997449429,1.5895928105632744,26.275789766274936,-3.0486088107257605,,0.2614282790678195,0.25,False,1
-0.83760510651384645,0.54495873536067663,-0.037916517456367496,-0.52526198962922543,-0.82250787238967593,-0.21812987440457371,-0.15005841460136263,-0.16279059128555212,0.9751829036628078,-2.2563427053021003,-36.154139377858357,-2.6941221675845499,,0.2833225382388702,0.1818181818181818,False,2
0.64169713739327749,0.76695369946704905,-0.0026089720355288171,-0.7599774838803921,0.63631081291845615,0.13244913498352434,0.10324247118363336,-0.083009470766067781,0.99118636991588804,-13.811198680799983,-18.723244398769822,-3.8438044737820674,,0.4576814978019602,0.2666666666666667,False,1
-0.030738697446840095,0.99860071219376101,-0.043031965855451507,-0.99940641666364283,-0.030036498509979966,0.01687077617648192,0.015554639526797589,0.043525008482171279,0.99893124229138919,-6.0956102095605535,27.030572966918687,-3.7663211044688132,,0.7432860106241171,0.5319148936170213,False,1
-0.91710700157177316,0.3957909224481444,-0.047584591788505576,-0.3793501194391834,-0.90316979771396111,-0.20094228867712349,-0.12250809993428599,-0.16623435927921201,0.97844667879528369,7.9652778733791427,29.842926875900616,-2.6315586004748672,,0.5994117264842216,0.2083333333333333,False,2
-0.19415622229912433,0.98051437327747337,0.029915299410456092,-0.98095481694901243,-0.19388968395441925,-0.011594721237959047,-0.0055685228798692636,-0.031596744331332347,0.99948518613364046,32.136502308219022,-5.9773602357484723,2.2892524970812063,,0.1101326467175048,0.3076923076923077,False,2
0.65564028821122666,-0.68974664351092052,-0.30722203736014481,0.75090284733425694,0.63831321052501411,0.16941416450389957,0.079251033681618177,-0.34176865425996511,0.93643657586925078,8.6813742382311041,-11.309973739198961,-0.86309955155914642,,0.2288246089816729,0.3181818181818182,False,2
-0.74135260107828238,-0.64245282431385486,-0.19403785559940276,0.66119192620530076,-0.74873309716381142,-0.047159155340289902,-0.11498503204934021,-0.16325782597669389,0.97985984949990379,10.8040602232232,-15.39904934016382,-0.52958085027251889,,0.9187227634467887,0.9024390243902439,False,1
-0.89777502497307571,0.43269608098831841,-0.082304957517420646,-0.42452911562657014,-0.89986626473960096,-0.10007864691791715,-0.11736709300274921,-0.054907258909451639,0.99156954289607691,-3.1641739224526364,-20.824730066290623,-2.4776624067475042,,0.544130294331443,0.1785714285714286,False,2
-0.45821941732269572,0.88874135648348307,-0.013182066012087143,-0.88686956920083171,-0.45814053100918739,-0.059746305928908554,-0.059138251698711099,-0.015686144284611347,0.99812655112641002,19.904076656719742,-11.802315068436977,0.68153304235339784,,0.1971782068557764,0.1470588235294118,False,3
0.1769937367807963,0.97316098857695554,0.14707449626734631,-0.98347061434116589,0.16907557943638796,0.064799684919454481,0.038193819758975095,-0.15611258357407698,0.98700055389145902,-12.283948846166599,-1.3203238220959397,-3.6986615489701653,,0.4478792351447254,0.101010101010101,True,2
-0.52660748307747518,0.84954396134748233,0.03097767752485861,-0.84778042076641336,-0.52212151079018954,-0.093045613197472496,-0.062872227031735922,-0.07526078466371218,0.99517983166856461,-18.476663609015581,14.234039922523282,-4.6429191309423388,,0.6546812124074592,0.64,False,2
0.28076628209397969,0.94714066046219647,0.15522520458468531,-0.95832775828720695,0.26776998078717679,0.099534642639893062,0.052708657119490278,-0.17670259389287024,0.98285196788539375,0.6404616692611278,-15.129187282459228,-1.932197440335645,1.047719942446107,0.6750336870001318,0.3043478260869565,True,2
0.97928692867546097,-0.11449015981855318,-0.16700034320355614,0.13797929814928392,0.98097216010735799,0.13658453198124537,0.14818510251578748,-0.1567980369744052,0.97645048568443016,14.135779823848747,-21.120404754035572,-0.01992987727644227,,0.1680919816722936,0.4705882352941176,False,2
0.98215879008573326,0.14712285741874531,-0.1171280320088799,-0.12824937654113253,0.97955593149056863,0.15499120781017284,0.13753620786593065,-0.13720438005613692,0.98094788323298376,-11.55861565318056,-11.668104600051164,-3.5817938439174042,,0.641805339629267,0.2424242424242424,False,1
-0.45076067263102887,-0.86916662249934962,-0.2033819026912051,0.89061490580557123,-0.4532636264174596,-0.03683984967160684,-0.060165651049044234,-0.19774090952548495,0.97840616674971859,30.733434454078061,-11.733647997619073,2.2125357500217264,,0.1912856807583053,0.5333333333333333,False,2
-0.83703164992332224,-0.4847558128407794,-0.25375149052511048,0.53254591884607216,-0.82822494761385335,-0.17446569998261072,-0.12559005273919083,-0.28116763339172746,0.95140522417414852,-18.164915803529315,-0.046161821915269484,-4.4189404007472719,,0.7203138454168843,0.3928571428571428,False,1
-0.38855446890281847,0.92030422399351719,0.045448432264909994,-0.91982016252436871,-0.39031582493954597,0.039804841607593136,0.054371806198548339,-0.026338035261788142,0.99817333894933102,0.92545683496733655,-16.3638820095806,-1.91480909063241,,0.4043665020570332,0.1785714285714286,False,2
0.93616550430608614,0.33311356130375402,-0.11238106523281347,-0.32661757443971184,0.94237123423573954,0.072508047499078951,0.13005809707377353,-0.031173901913932336,0.99101618514785594,19.017775449558862,-9.4697350716734352,0.5056928526468859,0.3176894720302526,0.1037958216368894,0.2777777777777778,True,2
-0.92802623291131559,-0.31133131635730932,-0.20454858220886496,0.34741189107239279,-0.92149676000231484,-0.17363380790254901,-0.13443321379010353,-0.23219933841520835,0.96333336819068172,-14.006944442886105,9.7452671402557076,-4.0850353396779582,,0.1176429118801976,0.2941176470588235,False,1
0.65299475472276525,0.75618165233514412,-0.042274803089374452,-0.7501044626501836,0.65343779190600881,0.10179561494130432,0.1045999302907698,-0.034761484155452591,0.99390668264303128,24.813396845157527,-14.193217328526737,1.4175781302802664,,0.7169754226012773,0.6578947368421053,False,1
-0.90983898663151219,0.39613389481076849,-0.12357570872705985,-0.39807293595060728,-0.9173030089648565,-0.0096502542808670003,-0.11717916226449074,0.040411967609517332,0.99228822264749317,-14.226342737503087,-2.9209624687065268,-3.9132215958190266,,0.4935979560485682,0.12,False,1
-0.89240838882013285,-0.40795549634443479,-0.19282007303654924,0.4317315879332686,-0.89621885896965248,-0.10197839382806888,-0.13120633957272315,-0.1742528904480502,0.97592050220621296,14.278576745426022,11.80298106512967,-0.92685395153541417,,0.657122372740241,0.2692307692307692,False,1
-0.58019771012063737,-0.71186365587663558,-0.3957533987380521,0.80882715961144602,-0.56071064428289275,-0.17720665693687615,-0.095756164530796273,-0.42291099398078352,0.90109769066652079,-12.657670397928214,18.085723626992397,-4.019839352360707,,0.1404500953487617,0.2222222222222222,False,1
0.96419877848585334,0.24732643637215057,-0.095657458871966569,-0.22703630949430276,0.95631869340795195,0.1841441576855371,0.13702273438227916,-0.15583385546780676,0.97823339738144477,-14.376739436728228,7.2602268327576658,-4.0657417153536528,,0.1019206693486386,0.3636363636363636,False,1
0.63190078322626519,-0.74287585735382911,-0.22099063491208376,0.77173670348599277,0.62941482557529083,0.090881449364538638,0.071581147312721749,-0.22797464312251822,0.97103228650882401,26.309717416868985,-23.337234071985517,1.7665002432726926,,0.3531407506415946,0.1818181818181818,False,1
0.81240202945549655,0.58012280099800961,0.058825830200802787,-0.56998884553276419,0.76881491452201545,0.28989022608003295,0.12294575431797816,-0.2690374750303936,0.95525032244142849,1.9111504226004048,-20.216396621570844,-1.752029179779387,,0.1940667312162137,0.5,False,1
0.22828036271833674,0.97223412604312764,-0.051467272653013048,-0.97227860928446164,0.23040134884498234,0.039868839690735687,0.050619975553702672,0.040939255092975371,0.99787854745323312,7.2091078895740939,-11.828586377394048,-1.0565750495261435,,0.5726080600512813,0.4772727272727273,False,1
