axis_00,axis_01,axis_02,axis_10,axis_11,axis_12,axis_20,axis_21,axis_22,location_x,location_y,location_z,dbh,dbh_approximation,score,reconstructed,number_clusters
0.43314449243093578,0.89025745017216318,-0.14081023077072913,-0.88868405155253727,0.44789847768282881,0.098120386289356931,0.15042109291224792,0.082635501464948413,0.98516235652034656,-13.081400653160175,1.1198310752980218,-5.0403158197190763,0.3215486286673669,0.1557372553595463,0.2588235294117647,True,5
0.39752278220429543,0.90572205310364384,-0.14711628105099994,-0.91351544006550267,0.40573363575480381,0.029491652702414699,0.086401263824598368,0.12266939039103759,0.98867944363711957,-1.9516947835349561,-6.065547312616836,-1.5737679467518622,0.7309146431523629,0.7093371913197537,0.6626506024096386,True,5
0.89216860501570927,-0.32535832701474193,-0.31333231443068882,0.40677776894059448,0.8802939802101003,0.2441605109381374,0.19638489483673663,-0.34528896224470917,0.91771918669707275,7.8059750517772786,-17.600859415280997,1.5662908279735963,,0.290367197631174,0.2941176470588235,False,4
0.12975580541573636,0.98392300663237842,-0.1227149052903299,-0.988967815849635,0.13734245005354484,0.055495140570073369,0.071456911313855689,0.11416027519584299,0.99088916705789731,16.047714189769057,-3.8522053539771379,3.5256414649732828,,0.306933813706164,0.3035714285714285,True,5
0.6403039088094894,0.76560010214586349,-0.06218832653747744,-0.74903104041367607,0.64027826745331384,0.17028282568652786,0.17018638271052897,-0.062451771962256708,0.98343091842725761,-23.843581942916625,17.964296781741215,-8.0605301657012429,,0.2468619128502602,0.2727272727272727,False,1
0.96424787847686155,0.11563901337794974,-0.23844002901745681,-0.10355346346452148,0.9926489491747591,0.062647776550715142,0.24393177131602456,-0.035716694796980898,0.96913446366095446,6.0233405948990777,12.22764091467057,0.19947485951149149,,0.08779946214222918,0.2941176470588235,False,6
-0.46231745838372179,-0.80915929621680827,-0.36266210309258129,0.87297260153753276,-0.48706920997226466,-0.026123201599050523,-0.15550371261936619,-0.32867129178392251,0.93155449508801147,-29.089777501909779,6.1786969819504547,-9.3183296348845968,,0.4336181261329226,0.1875,False,5
-0.96349662799953695,0.13366009264036352,-0.23196816046365598,-0.12150939758820452,-0.99039571978350582,-0.065968056908354472,-0.23855756984693366,-0.035373688949298251,0.97048389373489607,-2.5348371213284642,-3.6389654138679894,-1.7907561101069127,,0.0818194628631022,0.2416107382550336,False,1
-0.96304060212015019,0.13051770169903681,-0.23562242722470067,-0.1230846555278589,-0.99132720994583046,-0.046049217090020245,-0.23958916136095637,-0.015345760463944331,0.97075307951823508,-20.54392758041649,-1.4324575020926098,-7.0609871235041881,,0.09211792848680249,0.2444444444444444,False,3
0.92749116886797456,0.30894912407045616,-0.21050076106279483,-0.27494988723996444,0.94523964436357999,0.17585384337609344,0.25330355540072635,-0.10522572622467651,0.96164694943718343,-10.271122919386368,7.1895066555181533,-4.3769489463794296,0.6720543787865019,0.5534202054083297,0.6,True,4
0.88517345970341443,-0.38591845523815266,-0.25987476242083557,0.41302505832595177,0.90893109712497711,0.057048767506667937,0.21419208069284895,-0.15783284381200141,0.96395567635793544,-4.5924220674718432,-3.9107350451975686,-2.3806418587686093,,0.07585770526819682,0.2947761194029851,False,5
-0.57143596324200419,-0.77708810071204637,-0.26380868758520071,0.8047839154062949,-0.59354568079854597,0.0051355923419892074,-0.16057331477239667,-0.20937432635625117,0.96456135214193084,-10.69727529659489,24.059093634736215,-4.7855712697573205,,0.3238272322340912,0.2380952380952381,True,3
-0.75757911869049188,-0.58245626844139797,-0.29464991816978398,0.62395580195668432,-0.77876695615180536,-0.064816550437706191,-0.19171081380227109,-0.23295219114525417,0.95340455238681165,3.6596604758003655,-4.5619508727671487,0.11207420891010467,0.2002473465669098,0.1396335406957054,0.1649484536082474,True,3
0.35983696062301701,0.93192673188017583,-0.045054724244233818,-0.93088212062028275,0.36185891600159931,0.050165749467472001,0.063054256629310274,0.023889146432683556,0.99772414494370287,9.0187818236116009,11.434334275163696,1.1831852494459683,,0.3940329968062219,0.24,False,3
-0.95534337962000526,0.20809965230919453,-0.20979409363711388,-0.18155034414198865,-0.97351879378512174,-0.13892670977564511,-0.23314909298161821,-0.094634522537777765,0.96782529807083195,-7.7019122755474463,-13.436187856069871,-2.9931685804431121,,0.1007424661212293,0.2553191489361702,False,5
-0.64153224434256428,-0.70624373981148558,-0.29942638401764143,0.74782483021665724,-0.66274654174724934,-0.039051820872920029,-0.1708636964958363,-0.24897148708064834,0.95331988117348643,10.278204081188582,7.3055314386417356,1.6646902862160458,,0.1083849770932645,0.3333333333333333,False,5
-0.86141030137618591,0.49662804795764459,-0.10645597524219877,-0.46446241423092982,-0.85504644180168266,-0.23058674751394045,-0.2055406491421205,-0.1491850003990384,0.96721087525222471,-6.8337947085485462,1.8372200078524816,-3.2870352331352959,0.434832743993331,0.3528466677113643,0.3478701825557809,True,2
-0.19379380100247615,0.97531256852895654,-0.10587424787199474,-0.98027011682394471,-0.19679130547059273,-0.018538612492528958,-0.038916073221498468,0.10019269314988853,0.99420670058312832,-17.740133705961597,15.774080490378012,-6.4494633139638049,,0.2502930775918202,0.4705882352941176,False,4
-0.064937676984067577,-0.95716775801190224,-0.28215772385384058,0.99746413489104446,-0.070514466920244531,0.0096441464636901168,-0.029127267533571834,-0.2808159414588513,0.95931955536651381,-8.3131114945874405,-18.379539215787801,-2.9520082043993101,0.4613121355036223,0.4144566550914687,0.8415841584158416,True,5
0.31068899245824672,0.94742341550655784,-0.076558616204628338,-0.94458590463211234,0.31672872458533546,0.086257659328783903,0.10597083908138769,0.045516884476364983,0.99332693232991098,-4.6682099528641423,-13.291224620086703,-2.1005470669823905,,0.6256125138626396,0.71875,False,5
-0.89466987949311383,-0.34935845024263129,-0.27841422372401109,0.40655975160593477,-0.8950367679099569,-0.18335308141238893,-0.18513501857265541,-0.27723249689270629,0.94279752203998601,-21.654819714739702,3.1422770113263119,-7.4427689434561985,,0.2939615671356793,0.25,False,2
0.94882549984265863,-0.12875249391582733,-0.28836256025841006,0.21541260772853998,0.93157845539786455,0.29284635881315046,0.23092764944874078,-0.33997702385453221,0.91164030405149155,10.654582891168477,10.515150142497555,1.6959831392494635,,0.2475345128277433,0.5,False,4
-0.13105185825010238,0.97208657405040677,-0.19461013077468517,-0.99137411595400593,-0.12883154876499661,0.024078917318425066,-0.0016651323101503634,0.19608703321167695,0.98058508184687099,-15.419587661760758,-1.0021103898313328,-5.6813429021602451,,0.1429787538528511,0.2666666666666667,False,4
-0.57585900391825551,-0.71808287968846807,-0.39082398276537667,0.8055293668378587,-0.58003280738070084,-0.1211791299022293,-0.13967407335677229,-0.38460228842322269,0.91245396211071783,-20.680313578100453,16.873610203662402,-7.2340461244878806,,0.3989627744425372,0.1428571428571428,False,5
-0.51629610260976067,-0.71599468615803019,-0.46988290437452074,0.84393184093845341,-0.51867525349938748,-0.13694900239716523,-0.14566187655046942,-0.4672553807082479,0.8720407254933602,-13.674071596841701,6.4019138719908302,-5.3631951052914824,,0.303061109810815,0.2419354838709677,False,4
0.19009015115164085,-0.90719126513344595,-0.37532618200802792,0.98067366816730028,0.19348940189295985,0.029000136523743451,0.046312967929484077,-0.37358514400425735,0.92643901535982409,-11.499536360767257,13.636147665277509,-4.8573265901234128,,0.1592273802405934,0.3684210526315789,False,2
0.88448098831002753,-0.38397670977088971,-0.26505710266212479,0.41422014706949578,0.90768469565962651,0.06730648577230898,0.21474415260920054,-0.16932329910208629,0.9618807458834715,-17.221301917965175,-4.4318621145069246,-6.2116588417257397,,0.07417344540558111,0.1304347826086956,False,1
-0.82794802352071029,-0.46957939846449237,-0.30658972403829104,0.52965937137583563,-0.83441884965662472,-0.15233559548401668,-0.18429058755645794,-0.28851407569725418,0.93957256636337327,-16.606443750391335,14.210559925640121,-6.1751699898238419,,0.2587634539185495,0.1666666666666667,False,2
-0.79208503130211927,-0.53096504240598763,-0.30112692827100229,0.57517981683678077,-0.81439901240523804,-0.076957305676466678,-0.2043758339205714,-0.23415886132320823,0.95047364307122728,-1.8036324614481141,10.14093053904895,-1.9892779212955627,,0.0770952546532253,0.4166666666666667,False,3
-0.29533552259796242,0.93840245130234667,-0.17938162804907259,-0.95210073946329166,-0.30465846781510553,-0.026218312340926111,-0.079253460525345237,0.16304618173480709,0.9834301356051981,0.96471051525801821,9.0880318961738684,-1.1462850971770078,0.5272272241563428,0.3700300150116085,0.484375,True,5
0.7665657356025436,0.60735416487247507,-0.20856148113251821,-0.60911989050282189,0.79054477411527846,0.063339711973249488,0.20334682685983049,0.078484893648918516,0.97595603869997993,-17.328563151403912,10.712580842846521,-6.3679012099717847,0.5951355751712027,0.3958643013387577,0.3529411764705883,True,2
-0.96004734997111107,0.1515468802371332,-0.2352501411345799,-0.15285309050689441,-0.98816623923589142,-0.012783440729590114,-0.23440353780593609,0.023686002718647851,0.97185078831026028,-8.6701443019874826,8.3396732258620947,-3.9947077121832471,0.1808863566174044,0.1451514835032921,0.4224137931034483,True,5
-0.63285344117599529,-0.70353006498578829,-0.32332950631328949,0.75308579448688029,-0.65631625745430611,-0.045942968376445313,-0.17988415198056584,-0.27257002377786743,0.94517049996493607,13.988684812945367,6.6067072421026474,2.7172606454817307,,0.541306638037328,0.5416666666666666,False,4
-0.91929385532870522,-0.26025388416827344,-0.29524011131655592,0.31241589295116379,-0.93877603540545418,-0.14524415712841759,-0.23936398514900367,-0.22575976418251406,0.9443184904945171,-18.306676483431961,1.3353299323414001,-6.5148597863326234,,0.1704603263227011,0.1904761904761905,False,5
-0.66626240356448485,-0.68343084060581394,-0.29835665855701199,0.72748246902287694,-0.68361782224852008,-0.058616809607565781,-0.16390139371236018,-0.2561034150748891,0.95265280870111602,-10.080498092359798,5.9359414390796763,-4.3390639286562021,,0.07532945974202962,0.1951219512195122,False,5
-0.44141095790442725,0.89355264947645052,-0.081975782128079683,-0.89326253474575745,-0.44624689120656597,-0.054274820202916373,-0.085078847321056306,0.049268394555634504,0.99515537230948514,-13.038623031199563,14.397804552936478,-5.2574612591777239,0.3261212306156652,0.2727772103838034,0.4545454545454545,True,5
0.95921907530533812,-0.11839062126465674,-0.25667572220009915,0.15176927196742288,0.98178115498551155,0.11433219932195664,0.23846352689007239,-0.14862511400125422,0.95971127003451595,5.8694625471331197,-11.035370161953157,0.85339671766317038,,0.1519342029032588,0.5238095238095238,False,5
-0.079286188540022035,0.98003179457060774,-0.18234961458010113,-0.9968351610370868,-0.079006978770701342,0.0088067602268054566,-0.0057759870985464156,0.18247076186677497,0.98319431397704782,-13.253007004392396,19.23007999162029,-5.3819202097629981,,0.1476302017238179,0.4117647058823529,False,1
-0.89210430336431323,0.42784753169486639,-0.14524600353016159,-0.39636614012906995,-0.89537198396167383,-0.20298495829917629,-0.21689581572279304,-0.12351315702849748,0.96834947470569632,-22.527739461298172,-1.9437132997628734,-7.5409693212402367,,0.2825953064111402,0.2162162162162162,False,1
0.96807941948115694,-0.046157471731580232,-0.24635690650025491,0.070345575437745875,0.99342710662925782,0.090299965839165108,0.24056961070209881,-0.10474765685957062,0.96496331059220652,2.2559748019789789,-14.2226662159902,-0.092723357711799168,,0.2751948418849116,0.3870967741935484,True,5
0.93040514140390329,0.32239139301907155,-0.17438481171364789,-0.27430398314586024,0.92800370864233039,0.25212386157679684,0.24311231494825086,-0.18674288862846344,0.95185266499978827,16.078534826680354,7.9965302354460528,3.2622827684681979,0.787628281759424,0.4237922212252007,0.7936507936507936,True,8
-0.76584889522177246,0.63342563299672094,-0.11066813972546269,-0.61907063982080401,-0.7728559821954889,-0.13944595259994735,-0.17385917461972245,-0.038283132674197057,0.98402611202813062,-20.177850605089539,2.4563740918306416,-7.0073335761993105,,0.3002261626535039,0.4473684210526316,False,4
0.30820549249786017,-0.81773083773180655,-0.4861333679316705,0.94921549552251938,0.29830974014917322,0.10000620976754467,0.063240156973941988,-0.49226778886554251,0.86814348272122654,-3.1580313287723958,-8.6331267497697191,-1.7898015980779212,0.4313092137304136,0.236433484850882,0.3146067415730337,True,2
0.86492873636370027,-0.36035298466451315,-0.34934797474104651,0.45430287849531276,0.8579705569916527,0.2397820216911753,0.21332410928717532,-0.36610415154544668,0.90579278790351547,14.414792008163234,2.2401564826201383,2.9541276417243587,,0.4778019956540674,0.2333333333333333,False,2
-0.73992612389503698,0.64127643887898889,-0.2031596911701451,-0.64462496833344007,-0.76227018249447265,-0.058333687359487067,-0.19227059416035941,0.087799190306776104,0.97740642559924718,13.828859427968002,8.3318448285866911,2.6480283538473257,0.7383828491373826,0.4545910580190677,0.3,True,5
0.39495483731471365,-0.87901287060237521,-0.2671086853643666,0.91469962054708109,0.40335209877777906,0.025133415656988404,0.085646252998798605,-0.25425077723958467,0.96333860174931907,-17.821967967281584,-11.930453022983437,-5.9788832423430636,,0.2299537417613378,0.4807692307692308,False,1
-0.87444424761441519,-0.40165615013122918,-0.27206542388884936,0.43026444091599159,-0.90117578242735707,-0.052485427022084599,-0.22409767668878025,-0.16295565724515604,0.96084633790970486,-21.123296112259379,-4.7927713312437987,-7.1930715689002795,,0.2573171624756532,0.5789473684210527,False,1
-0.20502151717384515,0.97658908585869475,-0.06511478232639048,-0.97828991471517179,-0.20652568489117179,-0.017204192710328067,-0.030249301848413485,0.060173905157558827,0.99772946276822594,-5.7270230413311163,11.79344193898678,-3.1965687467833073,,0.2489210793159741,0.3170731707317073,False,3
0.86464915582450974,0.49100751184152175,-0.10627069514763629,-0.44977945890890009,0.85083555723218907,0.2716197579209001,0.22378622762712874,-0.18705741863018741,0.95651933930257305,1.819410777478895,16.224054348834407,-1.0582257792309122,,0.4739934606604198,0.2608695652173913,False,5
-0.77257413842270173,-0.53119821213971996,-0.3477896779089128,0.60218941373462642,-0.78664939050016447,-0.13620075774997339,-0.20123893914043373,-0.31466044531412751,0.92762691505170769,-9.467392998401376,0.1341672079141622,-4.0410452752314292,,0.0929922239166954,0.2717391304347826,False,2
-0.62044377615303792,0.7621183087099227,-0.18500055178859737,-0.77243545167510608,-0.63464357551077411,-0.023895712133662976,-0.13562077137530798,0.12807503891089325,0.98244785651938771,-11.076061053266619,-8.0204320136866514,-4.1834469313581852,0.2477384851467595,0.2222370909092587,0.7911646586345381,True,4
-0.12641597228863635,-0.94069109199961942,-0.31483213206863703,0.99090754424915473,-0.13448654932631179,0.0039505443185067768,-0.046056928907925662,-0.31147012293776499,0.94913914776322739,-8.2079429295375164,3.3413760303447644,-3.7375199891444728,,0.0666001460490557,0.2450980392156863,False,5
-0.96875047310925255,-0.00060413342146155551,-0.24803660188248181,0.0030676489224584205,-0.99994973329585601,-0.0095457012123593005,-0.24801836702286434,-0.01000829178012768,0.96870363048507069,-14.906543312838403,-2.5291712707959597,-5.5305377439684085,0.3183528314446386,0.2931335102819256,0.4675324675324675,True,3
-0.51086394959485737,0.84725914855553852,-0.14549900409724101,-0.85156535336253625,-0.52192574690785243,-0.049294661650339786,-0.11770502944600129,0.098719045293329269,0.98812958468992895,7.3608701498763418,-9.7230787694190912,1.2721090337204677,,0.1398670926321023,0.2,False,4
-0.44113255291631093,-0.82798276833523388,-0.34618868568666689,0.89282545533026003,-0.44397319505198074,-0.075832106588510043,-0.09091081933330819,-0.34253808170079364,0.93509512110420556,2.4659043385490493,-9.8108058593271519,-0.1975756143521443,0.2303417179614987,0.1735449858485952,0.1587301587301587,True,4
-0.95896266315138146,0.20709139268620705,-0.19365889020878266,-0.17248442997472488,-0.96819485077280365,-0.18123976482362583,-0.22503273561396431,-0.14039902425699469,0.96418275336669435,5.1234121068218998,3.0817210777554971,0.31377401055448789,,0.2577226377444187,0.2236842105263158,False,4
-0.2300221161988491,0.95151023236849408,-0.20425010099742488,-0.97243861634084205,-0.23294689828566409,0.0099438437335935097,-0.038117758440296148,0.20090798958016481,0.97886823230419751,-4.434608074776019,-16.781469497667867,-1.9550322338093928,0.5531969463030828,0.4820474108928139,0.7771428571428571,True,5
-0.28594916512705376,0.95742796419185983,0.039557152912847948,-0.956225895797712,-0.28242521205071519,-0.076603105707085867,-0.062170018248375446,-0.059730168102375913,0.99627666631787481,-1.6764706729428844,-11.526474711086104,-1.2855403853654359,,0.4588945488032374,0.4626865671641791,False,2
0.6612473553231315,-0.67966056936520569,-0.31751133133847215,0.7350130008886534,0.67164101587568847,0.093028137238848785,0.15002607640947321,-0.29488956618306794,0.94368020014915088,17.12953924766909,-1.473658439501925,3.7431360517323107,,0.210290316412352,0.3076923076923077,False,3
-0.96764640837203919,0.13907222429088528,-0.21052160173122206,-0.07718369739304845,-0.95753685377400632,-0.27778741965992021,-0.24021470650530932,-0.25255116332213562,0.93729120591372506,-23.162916836331597,5.9902829340437078,-7.7574629926561487,,0.7904750387257237,0.5,False,1
-0.96440407394298,0.14380977502618114,-0.2219088343647064,-0.099461289711673756,-0.97483749656387897,-0.19949763693327269,-0.24501476284312756,-0.17032499493611777,0.95444075881583013,-16.241511811706552,11.968631812680261,-6.1040030880933305,,0.1628566299283485,0.1071428571428571,False,3
0.81782887687337691,-0.50064808049005172,-0.28373830839993941,0.54064004078091055,0.83736476668495108,0.080799714226438696,0.1971402405812866,-0.21948063016194791,0.95549148532431616,-6.1091962002099027,12.602475708562263,-3.2681327940146927,,0.0808777531727642,0.3846153846153846,False,6
0.98516852609073169,0.05818059964470701,-0.16142488353782206,-0.017911241455525698,0.97049083268217495,0.24047189255582993,0.17065216854683962,-0.23401401988949946,0.95713910998632801,-26.898653665879486,10.935801050606395,-8.7865583762429242,,0.2526031428380406,0.25,False,2
0.94797693133072225,-0.15844399248080066,-0.27610729601285655,0.2215281507188181,0.95121811336369777,0.21473094618128097,0.22861543277715932,-0.26472552210837458,0.93683263277949547,-11.601472194882843,8.13807211707954,-4.7818609830448571,,0.4052477070784153,0.1,False,4
0.95875279142896919,0.15193747581115016,-0.24022507856444941,-0.15039762301361759,0.98831342340251882,0.024842143914073193,0.24119212242321167,0.012311805981654874,0.97039928870257153,-19.226930144082367,-5.1735337007285125,-6.7519750491910377,,0.1280573197933735,0.6052631578947368,True,1
-0.65480488388370495,0.74706235001524079,-0.1145792705150116,-0.73707295775562853,-0.66473760156723383,-0.12184980922434821,-0.16719455429952246,0.0046654316355809744,0.98591288396096977,6.7435980105084594,-8.5366646370038684,1.1003399382281902,0.8395084011604426,0.5055519112045351,0.1621621621621622,True,3
0.66035663870610728,0.71839050708462904,-0.21873314574490718,-0.72616843408182474,0.68508768306240797,0.057743154220511461,0.1913335178684695,0.12070603069802538,0.9740747091949391,-19.184400430028251,14.180698763176252,-6.8488419577320601,,0.09948448812533534,0.3,False,3
0.79024619538275853,0.58954576528994451,-0.16717278878982839,-0.57851537822176935,0.80770593550999148,0.11371490185042946,0.20206659259758489,0.0068492605895098257,0.9793478339105971,-19.015509789408853,11.224560225374738,-6.7917227205180586,,0.1346570201240262,0.3809523809523809,False,5
0.969834780884262,0.082731161915531898,-0.22929468514399137,-0.030383577604651293,0.97433660526402477,0.223035911580443,0.24186222524221965,-0.20934119157653389,0.9474591967521343,-0.7744423905074429,-7.8456026747561554,-1.1121624934425551,,0.08153028025997405,0.3695652173913043,False,5
0.76169409614908612,-0.57513443766344097,-0.29839987014940872,0.62036039026517797,0.78026131431295798,0.07965718785302113,0.18701628293189523,-0.24578986960445054,0.95111106076954266,-11.290049284697105,9.7737850561431419,-4.7462180980659285,0.1687977841113321,0.129072495726816,0.2954545454545455,True,5
0.42930108808442019,0.90015106706671721,-0.073679252359019898,-0.89797736738197265,0.43414240145569022,0.0718124148600294,0.096629309421497972,0.035333153226644293,0.99469309077915491,14.552810805807374,-5.2487313858993385,3.1747904134042164,,0.3391971128967407,0.38,False,2
-0.093666643298811775,-0.93830617979790565,-0.3328784656390279,0.99490369760667341,-0.10074885331183864,0.0040374552528581317,-0.037325492919750611,-0.33080384143690045,0.94296109467405287,-5.3019866928415809,-15.726178554169888,-2.228610333274117,,0.06156651038196338,0.3157894736842105,False,1
0.047496133333709889,-0.94457023782810401,-0.32485563428653286,0.99843949796614617,0.035331624540476177,0.043246331733929791,-0.029371520550641128,-0.32640272994674829,0.94477434960092643,-16.366068132658704,2.6279667607765926,-5.9628905839301911,,0.6022237740924201,0.4896551724137931,False,5
0.49224920287065232,0.84010932902880586,-0.22783116018661045,-0.85985899205146721,0.51001970293983212,0.022856430198092907,0.13540028087652589,0.18465161221049528,0.97343235309220277,-3.1550058919377264,7.8934668513040833,-2.4034316168249457,0.4690261743785953,0.4661736304486109,0.9316770186335404,True,5
-0.20872580454520592,-0.91585564188991875,-0.34298976914094859,0.97609376185004815,-0.21683051676403745,-0.015016493507539549,-0.060617708587326402,-0.33792450372567712,0.93921910286544774,4.40472690434577,10.899958521801008,-0.20335818456834415,,0.3089340135633561,0.25,False,5
-0.32789568411511411,0.93829721849536762,-0.10992156341017727,-0.94225880524601957,-0.33320524584115091,-0.033505344055564323,-0.068064412691398096,0.092588303299036598,0.99337537810093768,-18.539747706095806,3.2524958426385129,-6.5879679149569776,,0.1172084595404499,0.3157894736842105,False,2
-0.8237828639795014,-0.4987773968019471,-0.26944925580376849,0.5317025584391416,-0.84465719180429777,-0.062021106750446565,-0.19665752556920543,-0.1943587836264476,0.96101533851663701,-0.46821597795095438,-4.4267602167116626,-1.1547334998665255,,0.1405921935446469,0.1505376344086022,False,5
-0.76712869497234226,-0.56587520714813921,-0.3021569381713457,0.61439183958392396,-0.7835746932767782,-0.092376228050759429,-0.18448911296527531,-0.25650721235718543,0.94877174136144704,-11.412768979052384,-13.836502168544859,-4.0858472075377339,,0.3126115431106622,0.2391304347826087,False,2
-0.32831544295429393,-0.87803737187245767,-0.34822312317396809,0.9397108809806296,-0.34095982657695451,-0.026265125684481815,-0.095668333759579435,-0.33585230422898671,0.93704364874841617,14.131893701756892,-0.92562655323421583,2.9277671297207055,,0.07795603475388624,0.25,False,4
0.26816702518165991,0.94991561593102558,-0.16045799829114343,-0.96003531298531508,0.27735662296879399,0.037490018892173481,0.08011644292158876,0.14399175777011658,0.98633043614595262,5.1430797087267761,9.6295643601116634,0.07608973742895421,,0.153495889396756,0.5,False,5
0.063721098393469081,-0.9583205697031929,-0.27849830754113813,0.99796597742387383,0.061714832340450519,0.015974585240402229,0.001878702728646077,-0.27894975381408493,0.96030386093315268,2.3162519595921767,7.9873490226293873,-0.68545505410084329,,0.1437161723290037,0.4090909090909091,False,1
-0.26409189172973352,0.963666182816586,-0.04003699312288525,-0.96307663186559855,-0.26572793531826688,-0.0432673727640841,-0.052334251470963183,0.027132130163371931,0.99826097471341269,-15.843445877184795,-7.9189741686559056,-5.7306861675365708,,0.6370650168561494,0.2888888888888889,False,1
-0.54215675672679464,0.83670732876416243,-0.077375042021463863,-0.83458008426933439,-0.5468977870218954,-0.066173208260934382,-0.097683847572025764,0.028699417117661635,0.99480360342161633,-17.784705919767745,5.7156646278911314,-6.4181735559376563,0.3653845899176765,0.4093528508639548,0.2727272727272727,True,3
-0.098366162582429334,0.99369826586543353,0.053738761381685263,-0.99509819794050725,-0.097664977241463821,-0.015528318517462811,-0.010182068275282119,-0.055002805714390313,0.99843428268924306,-12.779214200649823,4.7524408638020521,-5.0362593062393355,,0.2016243810163313,0.2692307692307692,False,2
0.77947437195224822,0.61044880776100163,-0.14061278950657027,-0.58605869119454157,0.78990805175567103,0.18050063780192108,0.22125757375734839,-0.058288273904198634,0.97347191185995718,4.5695253953034394,-9.7938936813632882,0.50775486310125273,,0.2236219454292729,0.2222222222222222,False,4
0.53537900643461778,-0.79146395266462288,-0.29487985875873923,0.83578770843004102,0.54678390544126731,0.049862482766672829,0.12177120310789016,-0.27315228789612533,0.95423246733213296,-14.50994401447806,-11.122988367270906,-5.0349692892116229,,0.08089298536560297,0.3,False,1
0.74941173690019303,0.64988128181331395,-0.12663478252407973,-0.62492615180911604,0.75746182292426523,0.18899442213277062,0.21874495052751869,-0.062497250827010437,0.97377858892962943,-15.450711165211585,4.7794761873618041,-5.7014266593254126,,0.5217854065083125,0.2567567567567567,False,2
-0.36325884419662396,0.91422533103441916,-0.17954123818203904,-0.92829382950501704,-0.37158617114098702,-0.013938562325126434,-0.07945802801380844,0.16160371750608937,0.98365169662455676,8.3282621361953364,-16.042592444352,1.6895198968538749,,0.09774089101460662,0.2857142857142857,False,5
-0.79326224802508105,0.56683313861543094,-0.22234027711050033,-0.57829861579278186,-0.81566421148954737,-0.016205093868508998,-0.1905405910307483,0.11572418529639494,0.9748344454865856,-10.818847067480164,15.437397487077773,-4.6481838614911055,0.3093817046208381,0.3196198367676896,0.5740740740740741,True,5
0.38194780549091012,0.92290956105323496,0.04851614161495818,-0.91783633848889923,0.37265929405745912,0.1367534507860291,0.10813107615282733,-0.096762558198515203,0.98941633183453681,7.0099532757154339,1.1612695165696709,0.86968378007923863,,0.4752983458735855,0.2331288343558282,False,1
-0.89323939427422494,0.42284830372548687,-0.15271770216021374,-0.38407414222346448,-0.89428070893224032,-0.22967165020298208,-0.23368876265650282,-0.14649684524975062,0.96121185830177169,0.073257738046017207,-10.064221531478154,-0.83595388979632645,0.3947751310158001,0.3174446771959338,0.2380952380952381,True,5
0.49506926482387353,0.86661803863801279,-0.06228642014077132,-0.86365154320528525,0.49867194494537714,0.073704160286402753,0.094933845102147446,0.017305098427859461,0.99533315961165658,12.339413320308042,6.8329016491621006,2.217767411279,,0.6691141523120921,0.2285714285714286,False,4
0.35406646470448894,0.9297512657044501,-0.10099268534224419,-0.93065891562033354,0.36093163226207792,0.060019493575143558,0.092254654885536455,0.072738853122693542,0.99307509177219089,14.434171673689788,-4.1405960390611201,3.0515244120125358,,0.3072304897773613,0.6090909090909091,True,5
-0.14200989756400259,0.98612424182544922,-0.085977721986826933,-0.989154617116907,-0.13808101631852329,0.050067717830444648,0.037501099052785244,0.092155372152828513,0.9950382178354793,0.87202898097161907,10.91479597312026,-1.2418830645690688,,0.2753847032437522,0.25,False,3
0.00034864405180960387,0.99054495267966747,-0.13718810140883431,-0.99918936660929025,0.0058676147141644864,0.039826884795221569,0.040255286637296071,0.13706300674653821,0.98974402957499463,-13.971477002029186,14.329406561930149,-5.5071192279155392,,0.2823651622012465,0.8461538461538461,False,2
0.32957420013926103,-0.85801389870721234,-0.3939454229050221,0.94160751374491558,0.3291919606822632,0.070766821896189588,0.068964749413639018,-0.39426488893562112,0.91640551105441159,11.386737389419599,0.52677219001689934,2.1448237501628835,,0.816038496875404,0.6363636363636364,False,1
0.94302963608611279,-0.099308961092267473,-0.31754186449989219,0.15008384992392207,0.97876594204367662,0.13961399889469389,0.29693424096137355,-0.17931804410635446,0.93790996135160232,-13.632011146416245,-2.7424443380981298,-5.1493497984952574,0.6943760596007207,0.4942202193637957,0.3962962962962963,True,3
-0.65038228550410349,0.73139007155323588,-0.20511325148759124,-0.74187115222184652,-0.66961098706877731,-0.035331565176311593,-0.16318724277188268,0.12918858010726192,0.97810031927526786,-8.0769390751446171,16.627906060983641,-3.949257682118327,0.2006039169089255,0.2381794386630702,0.6938775510204082,True,5
-0.96594191520555439,-0.051812115182834177,-0.25351868011905182,0.091201842672320718,-0.9850455585499216,-0.14617616588981475,-0.24215375351664203,-0.16431905641572467,0.95622215376786135,3.9340466530183567,-7.2115716624248378,0.27010667097888824,,0.2664438756643928,0.186046511627907,False,1
0.54611891334899831,0.82078474457734651,-0.16753070032566983,-0.8261211197893128,0.56083232876170119,0.054689984949524983,0.13884533813045885,0.10853341460042244,0.98434875425055102,-15.940300060973941,0.30628943218959642,-5.8468406599875191,0.1641750683682904,0.1443552597501923,0.2233009708737864,True,5
-0.039794374779859303,0.98501965050678675,-0.16778765106933691,-0.99920531768308585,-0.038848178305863575,0.0089192015425715396,0.002267344199999799,0.16800924723895794,0.98578281177573557,-4.7866520793723062,12.260149436768167,-2.9287767304778578,0.2556377924333744,0.2232346985611618,0.717391304347826,True,5
0.55564021878300185,0.8303694742847203,0.04183877922329321,-0.81777269221756288,0.53674427495493038,0.20773398173227675,0.1500392319828964,-0.14963996618291506,0.97729018688757907,-20.939452645088913,-11.612618156600893,-6.9278687894523303,,0.1728309655264306,0.4230769230769231,False,1
-0.95073180445753092,0.22796833392963364,-0.21009396640140476,-0.1991088210483267,-0.9684559392575236,-0.14982913968108375,-0.23762304891081801,-0.1006157663697658,0.96613236887299891,7.3290745823128578,9.8875277110171442,0.70962401163977307,,0.1289837605556096,0.1923076923076923,False,5
0.70959483453753736,0.68440202530780681,-0.16753817043353977,-0.67966966821433017,0.72754919050121303,0.093387994466380464,0.18580719282920108,0.047602974230636183,0.98143244491780002,-10.715268839535073,-0.044047683364352476,-4.3531926476967611,0.456530634279932,0.6201044386089369,0.6147540983606558,True,4
-0.9177670959938754,0.32682331374203016,-0.22558829558655585,-0.32888276311393588,-0.94391000479505216,-0.029496287467196798,-0.22257512358193032,0.047121379887300016,0.97377609845385182,-1.8516690892908156,-9.8167823469548416,-1.3695933702409637,,0.0763655094912613,0.2745098039215687,False,4
-0.29918109640637014,0.94082411285831358,-0.15918750019222261,-0.94892018611132645,-0.31087685705358692,-0.053907885684090488,-0.10020554846677732,0.13492801196508525,0.98577547121219333,-2.0512473211887974,-4.7894296164535204,-1.6183863598908166,0.5538752844836583,0.2414752424814316,0.5714285714285714,True,5
0.79959989173254675,0.57267496918137106,-0.18078548839554298,-0.56683730011926869,0.81914496470526943,0.087732559471959071,0.19833176330279895,0.032325013087675269,0.97960175846824826,-7.4408337829913558,-17.284550328680524,-2.8046254120967289,0.6300019904435626,0.2208124196874053,0.1153846153846154,True,3
0.89161993003629259,0.41181531174418839,-0.18820746365411539,-0.39902297103232653,0.91110951602275891,0.10324784937862104,0.21399665640054574,-0.016958738921639918,0.97668717214038192,14.676164753343039,9.9079055358906025,2.8811509138599942,0.5744481504013551,0.2916221326980526,0.6,True,5
-0.63385199451196395,-0.70067639224306844,-0.32754273371034082,0.75442339063564678,-0.65344403340357216,-0.062098654341990682,-0.17051978394022188,-0.28646725565500386,0.94279346344916459,13.355332308620119,-3.5983394068783561,2.7692773604806917,,0.1211120118585084,0.21875,False,3
0.94436279605043461,0.23713812026501027,-0.22791318819450374,-0.23740557386814876,0.97104488316306103,0.026653862368761341,0.22763458202158288,0.028936945243328592,0.97331657248186454,-1.5804857051604198,-3.4264167314461078,-1.5233589023397307,0.1232659552142458,0.1155190079311062,0.2354948805460751,True,5
0.44939035063001015,0.88515877294255252,-0.1205912909105441,-0.87740232173045463,0.46271665419259395,0.1267219939663963,0.1679686833390216,0.048859437324291183,0.98458076194983102,-26.265150973476551,-0.90216411586897427,-8.565171849350774,,0.2544910675433202,0.1612903225806452,False,3
-0.7981410263308637,-0.50573681931787984,-0.3274159001541464,0.56580298233384974,-0.81591191052004874,-0.11897369227541772,-0.20697315591553711,-0.28021067762981217,0.93736017030413898,-17.297250512217534,-8.5581842132281434,-6.0131102463435502,,0.1537217483876525,0.3125,False,1
-0.45518929397162994,0.87842524230360775,-0.14550532752259188,-0.8812638992259727,-0.46780820968610787,-0.067300957432364472,-0.12718744660792403,0.097593916993458832,0.98706574289214899,-6.4465123266233624,15.798665755377293,-3.4764655033749978,,0.1669885554267041,0.2666666666666667,False,5
-0.94432466118563663,0.25208999884669209,-0.21142745034197336,-0.23078207150019461,-0.96552202951035559,-0.12044436891894574,-0.23450068177024963,-0.064944922909176125,0.96994411552295612,6.4787165141883865,9.7327434142028295,0.43299147723398085,0.2973961588385866,0.4223106644728494,0.4782608695652174,True,5
0.82707608192716953,-0.45393555364267574,-0.33149308868077376,0.51625317988842379,0.84673068474598301,0.12856827666531725,0.22232365811827695,-0.27747010766696367,0.93465637021966064,-22.903934965130276,23.886467778267122,-7.7822340361125919,,0.3751347443796017,0.3448275862068966,False,5
-0.9666329641776592,0.12606309505377666,-0.22299957092015324,-0.11897571985669267,-0.99187724610610084,-0.044992296469029892,-0.22686006843358694,-0.016959502423059596,0.97377968998530096,12.984861930918232,0.11436193239667455,2.5774194503296162,0.4225257389468294,0.2280255625031734,0.36,True,5
-0.8537814464042156,0.49567199210170088,-0.15926869755811232,-0.47914074715533672,-0.86774459130264237,-0.1320737244134372,-0.20366979695416776,-0.036449972715244944,0.97836088091138795,0.39425959363224294,-15.273176076333796,-0.60091782201094401,0.759631043186116,0.3892218359553832,0.3333333333333333,True,4
-0.7749327590257995,0.61533752398043207,-0.14435702466555697,-0.6015689429912654,-0.78813838830415717,-0.13020248734066528,-0.19389178893659414,-0.014057470005500311,0.98092219962645899,-6.7502857774849661,-14.504167328799417,-2.7079259593268703,,0.1111489188253758,0.2564102564102564,False,5
-0.32866260027866989,-0.88012728032409593,-0.3425738834286316,0.93964218244144204,-0.34126439573986178,-0.024722078735235825,-0.095149693403328545,-0.33002209415373618,0.93916556219637615,-3.8393544626193106,2.3488700486809324,-2.399277913301272,0.7690698924727228,0.7923413465711876,0.7106719367588933,True,1
0.86371341810659275,-0.41891873500108878,-0.28018962301933109,0.46049593679473999,0.8818999827671764,0.10097481166503713,0.20479898334259913,-0.21623948265833043,0.95461922385917664,5.5127514246512188,-7.7867906322101481,0.64031840134079776,,0.09309905143348592,0.2903225806451613,False,3
0.43298231818721283,-0.79877148375096685,-0.41772051527726783,0.89956373991256378,0.41248540651191251,0.14366929821372296,0.057544678048873706,-0.43797249475393008,0.89714475078845024,14.893207126992873,-0.86509783169279331,3.111053109201551,,0.2871595892565247,0.1777777777777778,False,2
0.27799618439388218,-0.9238941654712417,-0.26294047324563885,0.95900339330249296,0.28262657280041048,0.020849747753837421,0.05505100450261538,-0.25795695640027272,0.96458674858612925,-3.6841731448034718,-6.0708245516609853,-2.0446108849715507,,0.07362249251867807,0.3443708609271523,False,5
-0.70366945487355503,-0.66287516452702144,-0.25582379586588344,0.68579288511588743,-0.7277965701251764,-0.00052080558526573426,-0.18584245209957351,-0.17580861403044096,0.96672328731148016,-6.357257455900128,-4.4972008359858551,-2.938918269222758,,0.08539557624332432,0.4869565217391305,False,5
-0.58434041046778695,0.81139920453679193,0.013327249206040559,-0.80028851278967539,-0.57346194726807387,-0.17515619124769377,-0.13447892396664998,-0.11301648513633114,0.98445045233175743,12.488606021013645,-1.8242357392461019,2.4677174466926255,,0.3237432967700932,0.1666666666666667,False,1
0.97028753418020841,0.019081424023143775,-0.24120116142286796,0.0001607599217602988,0.99683435370407136,0.079506260329829076,0.24195469652548382,-0.077182708767158367,0.96721287951341195,-24.16188258085602,-7.2389485137547229,-7.92440750930355,,0.1589485096459057,0.3043478260869565,False,1
0.97019095592562665,0.037870529423301755,-0.23936443353455694,0.018837332431979242,0.97294131081108781,0.23028321828576914,0.24160849311844895,-0.22792768308918271,0.94322548064321909,-20.417616180031942,3.6444767848349771,-7.0834083492557083,,0.1946188005642938,0.1111111111111111,False,2
-0.85816871852976073,0.48636644208593871,-0.16429891828509818,-0.48105676898937483,-0.87360815739855302,-0.073438221221706804,-0.17925076163434164,0.016014722581741372,0.98367306210658145,8.9757099472911452,4.8586503554433733,1.3921703612238141,0.497575522318092,0.1850738632258011,0.2711864406779661,True,4
-0.112361514392188,-0.94395840237733897,-0.31035048681243399,0.99225754760191343,-0.12322083434849572,0.015543011596739091,-0.052913602320480264,-0.30620117662034091,0.95049512893322496,-27.41614096373544,13.437562143093286,-8.9032544506159876,0.6103373597283084,0.7722001985871271,0.8333333333333334,True,5
0.96269405362409377,-0.090704411439648289,-0.25493698998418685,0.12008622776412943,0.98749649438761833,0.10212723179224047,0.24248599344744021,-0.12893170020422209,0.96154935373295147,-11.647403957243911,11.723706028413012,-4.8545699349633411,,0.1213133373823058,0.3,False,5
0.72891852572050586,-0.535135392489129,-0.42697528566293985,0.66252037170368339,0.70852117072841048,0.24303190676792896,0.17246605445436652,-0.46003028415001979,0.87099230635281444,-2.0525721069337219,-8.2600632196307942,-1.4245696767673517,0.8088268553751112,0.7315178224886187,0.5384615384615384,True,1
0.44505776837716127,0.87521410891309703,-0.18953587092314567,-0.88650101251691737,0.46053617940313607,0.04497090467450874,0.12664729611650741,0.1480090910053054,0.98084339798265552,-0.0013628482771243511,-8.8769845399140408,-0.85670159561041992,,0.07613782879698727,0.2264150943396226,False,4
0.69301980930838825,-0.59741163332830616,-0.40351317731912167,0.70068066869702084,0.68986182037014621,0.1820364504979326,0.16961764183145342,-0.40888874912327433,0.8966826899299124,-4.0335377063159985,-7.1375795100839854,-2.2114805764621592,,0.2744099013519184,0.237410071942446,False,5
-0.79440740434945734,-0.44723383688041518,-0.41097295660904531,0.57134181607452972,-0.77984876950512105,-0.25574289023550095,-0.20611988045653543,-0.43797008099934331,0.87504102934091776,-6.8167972174073439,9.0534086132687843,-3.4849008837697282,,0.3500175314722527,0.103448275862069,False,1
0.90060549511605381,0.41889696545240079,-0.11590976879252615,-0.36894425049673873,0.87777224472497539,0.30560763474736208,0.2297604887533243,-0.23246767243048547,0.94507613401386115,-27.042615103636201,0.6713868019823771,-8.7365926883265015,,0.3560806792087674,0.25,False,1
-0.046727623735186283,-0.95546055031779897,-0.29139606374567251,0.99842173313702332,-0.05377149985785807,0.016207054103054081,-0.031154004232615211,-0.29017884586827747,0.95646519300538557,-9.1215332796148427,4.8593707677007041,-4.0335825855715246,,0.1122022182878619,0.3232323232323233,False,5
