axis_00,axis_01,axis_02,axis_10,axis_11,axis_12,axis_20,axis_21,axis_22,location_x,location_y,location_z,dbh,dbh_approximation,score,reconstructed,number_clusters
-0.34217734269327293,-0.88363818934365324,-0.31952811532139297,0.9323317351609367,-0.36160070969305658,0.0015691912809313938,-0.11692819060931649,-0.29736926048761148,0.94757549628400761,-29.303465777836994,7.6543893127323823,-6.8986411826474487,,0.2061261279946095,0.1111111111111111,False,1
0.45569958003158556,-0.79860669879161128,-0.39314785183719569,0.88882143148143733,0.4322134717120964,0.15227599223077046,0.048315170478074682,-0.41883034216224324,0.90677824675382046,3.5635765749069361,6.2552083277762831,-0.76756990553123072,,0.6576352943620165,0.4714285714285714,False,3
0.7381535901899211,0.67432601266323045,-0.020339762423336238,-0.65239676270728419,0.72117628055020244,0.23298763139023204,0.1717781746869621,-0.15871106142132596,0.97226696831874881,-28.524411067420282,-1.4144446896360039,-6.3196196226631525,,0.3999480497071514,0.2121212121212121,False,1
-0.92943932537355789,-0.31563134576609087,-0.19110048147252992,0.3178667107649305,-0.94793134209688146,0.019670405636139872,-0.18735873248031512,-0.042462032926989524,0.98137336479195192,-7.0450993434327849,7.6510948427954153,-2.9224246984592104,,0.07967994864953702,0.3095238095238095,False,5
-0.94000139851113884,-0.26951563895182462,-0.20918578144198344,0.28110171224176522,-0.95929218291882234,-0.02720910078611892,-0.19333700673138446,-0.084379074131155515,0.97749730110978705,12.840731952081306,10.576578238841611,0.90512252683281369,0.5917873484516751,0.5763127562500375,0.9752066115702479,True,5
-0.98363544285420779,0.035623692199500678,-0.17661332938111379,-0.040545474619858586,-0.99888127710468333,0.024336366564622423,-0.17554879677416466,0.031098983967205385,0.98397940687158203,-2.8012158832054821,18.22296807598471,-2.509305913725183,0.5995187455518449,0.5197848549465525,0.9612903225806452,True,5
0.56597274924238905,-0.78239455930894786,-0.25987227762646881,0.82270334580992077,0.5563528987782157,0.11675040391466793,0.053235814149624819,-0.27987533936528441,0.95855920135742956,-25.497747533207185,17.118888611581085,-6.57008296750044,,0.1125098247802766,0.3333333333333333,False,2
-0.63333646140208122,0.7726197158350534,-0.044087428612368862,-0.77083599357962707,-0.63486865785713764,-0.052475311078497844,-0.068533186565332041,0.00074964900935695078,0.99764855553725107,-22.296253413966813,16.981309745041674,-6.0164243384145042,,0.3271494205091514,0.4705882352941176,False,3
-0.80246732715764135,0.59513394386766438,-0.043148322110949294,-0.58465001275596706,-0.79866545905950048,-0.14254068573472189,-0.11929187494929498,-0.089157576020194487,0.98884800409834694,-17.115242022782862,10.045516509458722,-4.8654989457756717,,0.3464732972766201,0.1904761904761905,False,5
0.32949582283683071,-0.9181261433754816,-0.22017467516393627,0.94415662921790344,0.32062695577343425,0.0759382297354049,0.00087306183448902092,-0.23290070863336834,0.97250012734246383,-4.1295678092196315,-13.728624187926918,-0.4922609408486836,,0.0776097649692983,0.125,False,5
0.61995228759955823,0.77741569608234473,-0.10622615772435237,-0.77424840363061653,0.62806998742949771,0.077894161307207457,0.12727360518001091,0.033954769548841635,0.99128628712868239,-14.803576681226566,4.1591854517950466,-4.0896258256329325,0.3658709899513863,0.2548725099957951,0.4961240310077519,True,8
-0.029539528983558657,0.99278271712159794,-0.11623206447485281,-0.99927326963350038,-0.026528089062456579,0.027371391756128318,0.024090430120746679,0.11695613312413852,0.99284485902946862,-2.6650317957357252,14.205970126507617,-2.3457959054887945,,0.1144037781663192,0.3421052631578947,False,5
0.78674004278639165,0.5969912209616679,-0.15697639048966558,-0.59241433737690041,0.80167700379297502,0.079744808356448066,0.17345131290006124,0.030256630417408226,0.9843775588507846,-16.389840601466531,16.398887377159724,-4.9178376403909798,0.201714179831444,0.1649902724703651,0.5142857142857142,True,5
0.48748219638612544,-0.83280081946035389,-0.26230498148666714,0.87086456869383144,0.48539712971711579,0.077359740537898403,0.062896829810927382,-0.26614361079790549,0.96187918536123174,15.869448728097844,15.947485256965333,1.2741128892063791,,0.4037500328517473,0.8571428571428571,True,3
-0.55752312043132235,-0.76402150972880545,-0.32471387844722327,0.81627293138725854,-0.57576889154210009,-0.046783383982277334,-0.15121663820153211,-0.29113796764437688,0.94465454644908609,18.460020178678633,-4.2394790032235825,3.0828874083916542,,0.5859707794389569,0.2222222222222222,False,4
-0.24294904933537789,-0.88632268711238149,-0.39421802817339946,0.96477188188433982,-0.26306946708369811,-0.0031098896520258823,-0.10095036083335593,-0.38108601364808209,0.91901168373934627,-23.962171316087883,4.9148255930697999,-5.8211965897446118,,0.2119310717577789,0.1875,False,1
-0.0069875709597236949,0.99978902487645305,-0.019315268278629394,-0.9991954380901853,-0.0062179731377032836,0.039620869624766776,0.039492408787598542,0.01957658158748346,0.99902808123771136,-9.169800025785511,5.1911048812261669,-3.1471617807034717,,0.6975968237682026,0.2345013477088949,False,5
-0.29463965645465845,-0.92699040642395247,-0.23211260035214965,0.95011891279966398,-0.31017185588797919,0.032672180144452501,-0.10228159357707363,-0.21090805156030107,0.97214004618798222,-7.4023366689406354,15.56636618686775,-3.2437757147001949,,0.1026435712719737,0.2272727272727273,False,6
-0.6265546841657692,-0.73770335661505393,-0.25144181312744018,0.7623308047337447,-0.64718702654014237,-0.00083476471474078218,-0.16211407065376213,-0.19220486548735055,0.96787205651318131,18.131045081576264,-0.40005473895513138,2.692969549201901,0.1752027628471356,0.1603137563751722,0.4545454545454545,True,5
-0.95127298153831186,0.25981625024691707,-0.16605791370133993,-0.26610258888195432,-0.96380513074452701,0.01640372338361859,-0.15578551532646387,0.059792859591727275,0.98597955716957519,-21.995964941113936,12.551585662703328,-5.772348061482357,,0.09722540173346583,0.3333333333333333,False,3
-0.77143129384640885,-0.58959345020619591,-0.23931845384008671,0.61476288948436419,-0.78763444062412613,-0.041213804186889309,-0.16419606751469679,-0.17891772247788673,0.97006602867847858,-9.3284287986782566,8.2897912397719562,-3.3346625919944062,,0.1955141468357108,0.1,False,5
0.5651467275485017,0.81393501781687294,-0.13460669787445931,-0.81126393755703041,0.57793600406848289,0.08854828525057247,0.14986660722349682,0.059158786099791152,0.98693476890142917,-6.6649060176860555,5.9142195596354759,-2.7959135473723222,,0.1121421779796061,0.4242424242424243,False,5
-0.020506334556003675,0.99195470623081294,-0.12492137939368064,-0.99825469092486097,-0.013393206140548761,0.057516902522546681,0.055381064359477802,0.1258828138222983,0.99049808424579633,4.461632158805271,15.470728992517104,-0.98334997390103551,,0.0701535080392784,0.2173913043478261,False,3
-0.93026148203360493,0.32927454504233866,-0.16183896017894026,-0.33658633628418066,-0.94145576655577623,0.019252995758243945,-0.1460247008948562,0.07238310304232165,0.98662934941270164,-6.5494455075700007,22.573173553969877,-3.3362045612885942,0.7051078739617094,0.7229670638787484,0.8863636363636364,True,5
-0.91353365527167218,0.37179315030510296,-0.16500337594177883,-0.38097502424479573,-0.92419657925731524,0.026808837922479158,-0.14252821330408338,0.087352940850800545,0.98592858369004677,-10.918746401258575,-11.969871513134894,-1.9858312026019398,0.3420337050842072,0.3149420016926563,0.9019607843137255,True,4
-0.57514698367786821,-0.76173908359865694,-0.29826081821876776,0.80392772098559628,-0.59376558248286049,-0.03380314319253562,-0.15134783314324488,-0.25922191569593112,0.95388564923987429,-13.06733620343981,17.901364577892913,-4.356885018408029,,0.1008044473364577,0.3571428571428572,False,1
-0.97449744462175103,-0.1032777883953224,-0.19921954936664635,0.12323151061043464,-0.98824473594014228,-0.090478376860274573,-0.18753326429822778,-0.11272107305544313,0.97576904771102546,8.9810841135325763,10.163059889564483,0.15171360279042018,0.316665133276189,0.2154264673840375,0.2307692307692308,True,5
0.73473077794052188,0.65754161092363672,-0.16676244736410292,-0.65662686530320724,0.75109392145687404,0.068549842542629635,0.1703286344364919,0.059135023923935451,0.98361130800561469,-3.0874627415321667,-13.028843138671867,-0.35689327125076842,0.6883628193639779,0.6263877675635412,0.935672514619883,True,5
0.10705332342198849,-0.95344757681417369,-0.28191719389119885,0.99335462319773815,0.090514044180601438,0.071090086353527648,-0.042263205226142159,-0.28765417791725667,0.95680138765093792,-5.8772835718837628,-7.3227288952528689,-1.5252279105738276,0.0926657484093937,0.1661414230376878,0.5833333333333334,True,5
0.47279090783133521,0.87321082226375779,-0.11820159623911038,-0.87017394734252795,0.48379872912554067,0.093467058704310185,0.1388022292268575,0.058665574044438867,0.98858094842237931,-14.59902119596028,-1.9167276483836388,-3.6185292151508981,,0.1598977822597745,0.40625,False,2
-0.83773952335970037,-0.50287914392366961,-0.2128498475631572,0.51477810211209185,-0.85732326919213531,-0.00056363781128222767,-0.18219768545987297,-0.11004262223478117,0.97708475819897944,-21.73395523632913,5.7325883747555828,-5.50563612537485,,0.08461859530939826,0.32,False,2
0.56145559231068676,-0.79188142429347108,-0.24019039889637009,0.82670189756834034,0.54956105286002999,0.12060937665156138,0.036490963538373666,-0.26628266755145114,0.96320400255694638,0.73183869031430115,24.157513821579638,-2.0796743015465666,,0.1381830303560749,0.5454545454545454,False,5
-0.84582314673667836,0.5200043291781441,-0.11907435525943233,-0.52140351649050942,-0.85303764675286897,-0.021567248634357335,-0.1127899704574486,0.043843709449743799,0.99265107248513662,2.4079523125157856,3.6415806458478674,-0.87275089676598894,0.1280341008498682,0.1432842734812053,0.4642857142857143,True,5
0.49604821583856978,0.86726626636171777,-0.042253884961950761,-0.85420136380544498,0.49615069695234704,0.15548156156476711,0.15580820785918129,-0.041033025049420829,0.98693469551891011,3.34001632406674,-15.949945042173395,1.1178118462436291,,0.2917135296997885,0.4545454545454545,False,6
-0.888679520235091,0.43278150400438886,-0.15148887783077208,-0.43846939493372711,-0.89873413110029865,0.0046423379714776447,-0.13413910697920553,0.070548787282909892,0.98844806064442814,8.2907641845417217,7.3872003230479129,0.097199072378496482,,0.08537665657622218,0.25,False,5
-0.84027332716419567,-0.47273692689196745,-0.26544403102942438,0.50315608512099119,-0.86231067467196243,-0.057046072191713176,-0.2019274366254605,-0.18149407235367984,0.96243712108290314,7.9072474763931959,12.246950262349934,-0.19270292108217249,,0.1296255895285447,0.2,False,2
-0.01330337099850301,0.98768446867026138,-0.15589230470943746,-0.99818478620894158,-0.0039595800848579062,0.060095376748647886,0.058738002188417349,0.15640879794019102,0.98594428596438377,2.1938814000164477,1.9659690388283382,-0.79883652244115066,0.6043635597088376,0.5960743256144798,1.0,True,5
0.7112095093898978,-0.65742984215690969,-0.24893179064740301,0.69786282797968147,0.70293326505422715,0.1373764834475186,0.084667036546600766,-0.2714237047896616,0.95872867141891194,-0.83118716184353825,10.260222465518464,-1.8661062375581756,,0.07217834936922932,0.3142857142857143,False,5
0.84910596986440556,-0.49437909098181138,-0.18603323988100848,0.51350923329588405,0.85511222973223477,0.071353639586492129,0.12380355108194707,-0.1561165877232896,0.97994912713728966,-12.483806136572831,1.8720115736529153,-3.5095929357184623,0.5392192619411575,0.2629242024988067,0.9328859060402684,True,5
-0.95639198126841718,0.20504692854522782,-0.20801474769746831,-0.19091824265056725,-0.9778238455896463,-0.086085722506673179,-0.22105339352448847,-0.042617884631278601,0.97433008427373513,-14.806871349792941,7.3793229826975679,-4.3284632720584835,,0.2174838158850106,0.1627906976744186,False,4
0.69337922445771061,-0.60311057303598625,-0.39431318489574829,0.71581307789593607,0.6393098078515238,0.28088183831995001,0.082685480004476883,-0.47701216575371791,0.87499857435276851,-13.505634539261511,-6.1363656661238517,-2.995113931903151,0.695607328754152,0.7781447176861185,0.3181818181818182,True,1
-0.49018853545234115,0.86772295188706627,-0.082292639278889829,-0.87083691740652991,-0.49155455683744637,0.0041449890512609069,-0.036854619696618844,0.07369529442737946,0.99659958889529943,-16.208780166479734,-10.544195603321135,-3.072435762490382,,0.1585047425399578,0.4545454545454545,False,1
0.51121946876152091,-0.80923078926400072,-0.28948261513664425,0.85826601506077904,0.49835998274082988,0.12254295163023438,0.045101021616793448,-0.31109943315557809,0.94930661039487085,-12.005834567056418,-18.172318786145855,-1.4843930857544936,,0.1363713717247221,0.2692307692307692,False,5
-0.98430520369515362,0.0011726673974168655,-0.17647065146878499,0.013278701302956677,-0.99665096663949848,-0.080687835441661138,-0.1759742653638571,-0.081764757369717542,0.98099316123096503,2.0673020922688998,14.757461463880828,-1.429206204525205,,0.0937410482790509,0.2692307692307692,False,5
-0.26169336239205826,0.96259426288139294,0.070205905362485638,-0.96507923945618723,-0.26186811421416567,-0.0068667553170284543,0.011774788771190377,-0.069551246040197467,0.99750888643843649,-5.6032200461260349,16.987730279684865,-2.9642498383702196,,0.5269655301924265,0.15,False,4
-0.98357231824951996,-0.028394764359353643,-0.17826730527565354,0.023882113877092537,-0.99933896493338759,0.027409447324384165,-0.17892774913363174,0.022701773561627048,0.98360026945255041,-10.430269092315291,-5.7898104993684187,-2.4744293201578169,,0.06688460483564189,0.2173913043478261,False,2
-0.36664922346028028,0.92820070345284833,-0.063338779950451396,-0.92968427375458773,-0.3681260039527296,-0.013053595182954271,-0.035433008189807769,0.054098977101541892,0.99790671037286283,-9.5021124585834666,29.542815836424708,-4.1763859147083684,,0.791558334290641,0.6285714285714286,False,5
-0.98366793316786372,0.03076463363925732,-0.17734411344700937,0.0057564594767631483,-0.97940356628723391,-0.2018304177227519,-0.17990069602854744,-0.1995549840542461,0.96323078642013626,-10.457822609486655,6.5754521571248601,-3.4744790619343289,0.4859376962310886,0.3806931558024128,0.2653061224489796,True,5
-0.77985112021818781,-0.55380187202446907,-0.29178025436384813,0.59893073973488919,-0.79565726411962479,-0.090617255830734114,-0.18197307299448678,-0.24542413205686972,0.95218317361160931,-5.1731125757935041,16.058710059786829,-2.8815344610529534,0.79381495253613,0.5354837772594518,0.6716417910447762,True,4
0.77982005178791169,-0.52218169147786342,-0.34526362089686957,0.61755930268370263,0.73199816075252389,0.28774850186185486,0.10247533604882078,-0.43761281258692647,0.89330500488995457,-23.000733665615041,5.5385287434807138,-5.6916140494394032,,0.1396581113524209,0.2608695652173913,False,4
0.0078406084154133866,-0.93663127234953092,-0.3502290457922867,0.99843180878656068,-0.012081579731103007,0.054662223101500387,-0.055429667713899837,-0.35010840476643879,0.93506772848228825,20.314504589357881,-2.1332758927881272,3.2878813655042931,0.6269975687834666,0.2701248297927673,0.1,True,5
0.9496129608859124,0.27638405535377675,-0.1478075724166083,-0.25210688861195674,0.95375105265495774,0.1637102509739651,0.18621853084988307,-0.11819806895952523,0.97537268531692567,-20.565607452719938,-1.8466750715691025,-4.7991888975820389,,0.3761163027228061,0.3939393939393939,False,1
0.46382371363424396,0.88457862786424402,0.048869354368060114,-0.87587964276431896,0.44958068367213061,0.17524856706960473,0.13305041924619768,-0.12408811383332319,0.98331059484971484,-21.696318421595052,11.467929537487343,-5.6929784083815234,,0.3621898145119666,0.1153846153846154,False,2
-0.98259886828888321,-0.047147674769326228,-0.17965678612636263,0.056927380579427117,-0.99714191369919847,-0.049671695004973183,-0.17680140660575311,-0.059034741535369369,0.98247450954927118,-10.900156902370297,-18.657397632538629,-1.2489617557728372,0.4468744319305631,0.3388804015087984,0.8448275862068966,True,5
0.18205521463404589,0.97433146179584762,-0.13241639392204058,-0.97908565812430937,0.19206331426460035,0.067104078631513076,0.090813946505139673,0.11743034475152894,0.98892008840537649,-21.607293725778611,-1.3311382582291953,-5.0512082725053515,,0.1204512927460016,0.1515151515151515,False,1
-0.051412865520409683,-0.92632841484730821,-0.37319215573944386,0.99633668738655823,-0.073146849738112044,0.044302863800993998,-0.068336832137286169,-0.3695472990293166,0.92669567342983583,-1.230820008761873,-4.8345611129909969,-0.85393265038425914,,0.09063476106496807,0.3,False,5
0.700264747597096,0.71351999592518534,0.022770566257775848,-0.69199245845141977,0.6706078457324921,0.26726682302221261,0.17543010208951015,-0.20291459448977667,0.96335348996301151,15.901083322903562,8.7602167537090274,1.6327507624750224,,0.3390011531303251,0.2,False,4
-0.85161272709974278,-0.48693753208281254,-0.19402990205336432,0.49136746423894617,-0.87050330451348412,0.027964476009591604,-0.18252062384598094,-0.071525077282049127,0.98059695348836862,-8.4328526546733098,-17.746315110030707,-0.91484653758445067,,0.2867862947366036,0.6176470588235294,False,4
0.4240930948997636,-0.81879764230847063,-0.38693083078042534,0.9053292750369375,0.39411222533486417,0.15828599938937976,0.022889967659076971,-0.41742780788022649,0.90842174929317687,-18.397491802232651,16.642707030591374,-5.2760623638139297,,0.3835627040653262,0.15,False,1
-0.55301176614078862,-0.806884570984158,-0.20764218169137763,0.81993251475557793,-0.57130568204808541,0.036338531975913489,-0.14794815901672415,-0.15015694045658257,0.97752965964019656,-10.28726871090088,-8.2839607826066644,-2.1902662591241593,,0.08370515330151831,0.4594594594594595,False,4
0.2032374958413169,-0.93894627034519995,-0.27762280469909228,0.97898716051440793,0.19003429828313145,0.073966918443148968,-0.016693107322735427,-0.28682201254589479,0.95783843798786605,-3.2006870848562166,15.810934251833693,-2.5073869914263751,0.3183422850648484,0.1467483391039499,0.2903225806451613,True,5
-0.35582128073924901,0.92624598958372484,-0.12433657126181943,-0.93451803174730697,-0.35381207859596336,0.038640152416133486,-0.0082014945112919638,0.12994375637047276,0.99148744604665118,1.3853890021278683,5.3444947217431205,-1.1838771879086076,0.2912123677311816,0.2105286464617014,0.2816901408450704,True,5
0.68700264572244218,-0.69040444949639701,-0.22664743741313884,0.72250743171936616,0.68228183545712606,0.11168933751948688,0.077526614015131778,-0.24048532828601688,0.96755177174067375,9.7122552061604743,1.171293021972708,0.73671391492020022,,0.07082814320925632,0.28125,False,5
0.26807664314094731,-0.93729010969666726,-0.22276032785729785,0.96336132156316512,0.25879581556605097,0.070425066287330168,-0.0083592773822564678,-0.2334779991997365,0.97232615226133601,11.833981316111682,0.45666469294277623,1.2244571137899587,,0.1010106046099091,0.35,False,5
0.98384943746572573,-0.051674886315204303,-0.17137675023959964,0.070829084473185047,0.99166758187643067,0.10760412560884385,0.16438833654206073,-0.11800471676871283,0.97931167747008441,-4.1375192505247185,11.915475975131908,-2.5237773779454344,0.1974019587531639,0.1405797236374757,0.5074626865671642,True,5
-0.98299046926386757,0.051158256004117941,-0.1763875567578943,-0.055889394056083036,-0.99819552249501553,0.021956195092682627,-0.17494602873013759,0.031440924183636781,0.98407588900350229,-2.814545099826375,9.3739847388820738,-2.1888946541506509,,0.06793459325009894,0.1940298507462687,False,5
0.80902932226577351,-0.55692404387377614,-0.18790200922146152,0.57726463941869299,0.81304200732764864,0.075685073808729603,0.11062138939187256,-0.16970062956838652,0.97926738153228809,3.5451078262533078,-8.0563907140738618,0.36376444589802814,,0.08909121997700986,0.4,False,5
0.88168056915149984,0.4581450682469787,-0.11288255144909687,-0.43417548255687272,0.88140018686372568,0.18607891052748465,0.18474583710382608,-0.11505132349330109,0.97602877449143155,-27.112141225508022,4.3879386192887351,-6.4188349126552824,,0.3588884344316955,0.2307692307692308,False,1
-0.88041766065868698,0.44543254824152811,-0.16264866358916952,-0.45558433771918028,-0.88970293517500065,0.029522844814878359,-0.131558557400345,0.10009261765008629,0.98624226935712533,-17.074821309917066,22.924457568129721,-5.314176643051332,,0.07153548207952373,0.2857142857142857,False,2
0.70116962850848785,0.70980599776633857,-0.067354269294546951,-0.69627093763192582,0.70200147609934171,0.14966866393305067,0.15351851180371834,-0.058046301254071397,0.98643940181051848,15.239097780940876,-5.7773829916071131,2.4994576058229816,0.6676435053359664,0.376573146807215,0.3461538461538461,True,6
0.87596509462473005,-0.39103410017467266,-0.28244908479170527,0.46229881406501566,0.84770875991750949,0.26013393641199223,0.13771332365885297,-0.35844412515718871,0.92333788486508539,-31.491133826273444,16.69542121502452,-7.6276240784052352,,0.7534088774274357,0.7777777777777778,False,2
0.95451196932988147,-0.23593573156132122,-0.18232177867335569,0.2537460891179722,0.96386126063388533,0.081144269708904995,0.1565880667973332,-0.12371661497907843,0.97988487921530476,10.596054864852626,0.015033892650118424,1.0233269101265492,,0.0816695574631722,0.3809523809523809,True,5
0.14670332285940096,-0.93877957743117701,-0.31172269737725389,0.98866021910658719,0.1289353073852455,0.076984788533756066,-0.032079685443053896,-0.3194817545770226,0.9470492607432105,-28.450914061592655,-0.028941976183761854,-6.4247118930196869,,0.06604949786335725,0.375,False,1
-0.98148120793245053,-0.065256520082892067,-0.18010059706210998,0.066643010381262566,-0.99777551606778181,-0.0016518786256917301,-0.17959217032705052,-0.013623733788583501,0.98364680970096019,-13.895498392599437,21.823459044752944,-4.6979658370733475,,0.08063610865876274,0.4,False,3
0.45050756746186627,-0.7935587669123576,-0.40903229104329919,0.89215432987766219,0.41721352510766324,0.17318639134694341,0.033220224865757104,-0.44294170939726973,0.89593474022168196,-2.715302687935389,-24.165510807917791,0.77985886388087522,,0.3834498143717578,0.5,False,2
0.49590946702907324,0.86581141026104735,0.066666351127964041,-0.85591022626915148,0.47438835868762064,0.20584792860156617,0.14659974447054991,-0.15914234824031587,0.97631051818452086,14.709526719188133,-1.7340853153178333,2.0738819537581312,,0.4416229236158444,0.2608695652173913,False,2
-0.75070345804976746,0.63996193515149546,-0.16399097423112638,-0.65359534666683283,-0.75560574971554839,0.043279022773936575,-0.096215595864619322,0.13967344971023349,0.98551199209266804,-3.9262371669528413,-1.5303578108063389,-1.7203049773901988,0.1642956997974171,0.1446674575439634,0.7391891891891892,True,5
0.6441819891367716,-0.74108262654894563,-0.18927785263762559,0.76133868521445947,0.64502215143335384,0.065649299738902156,0.073436852245401876,-0.18639464795858798,0.97972652507966895,-9.5306475520832361,11.32620519988496,-3.522994805431944,,0.08211263153522301,0.2857142857142857,False,5
0.88448199897671986,0.45984767582204872,-0.078941171306268876,-0.42836999093161959,0.86740347166109555,0.25320025319798439,0.18490739399869824,-0.19013503725336706,0.96418770125596953,0.83558322544112584,-5.929875829338866,-0.38555714691057424,0.7533552587006873,0.4609709987047997,0.2203389830508475,True,1
-0.97649014439034376,0.021433511241701491,-0.2144938285927534,-0.0015319414753918955,-0.99570936489280459,-0.092523044805518401,-0.21555660756247208,-0.09001924938933803,0.97233321637982661,-27.559028853311609,6.0335426035508339,-6.5478304471755493,,0.1817666047093627,0.3529411764705883,False,4
0.3735708166845379,0.92394648009527991,-0.082266316565101749,-0.91832373588554261,0.3808891586279895,0.10772634287342128,0.13086772341134034,0.035303693279944509,0.99077105741433935,11.9701563898243,2.341807709535896,1.1603960447892738,0.6423574321430013,0.5243370453567225,0.4711538461538461,True,3
-0.2723212811413922,0.95958475093697393,-0.070980459330277176,-0.96180514901270764,-0.2735961871868679,-0.0087167476419019521,-0.027784441152471303,0.065895615377918687,0.99743961857538577,-8.9320060637320164,-9.0665520776247881,-1.8689288226752403,0.4976611876437783,0.671441927987146,0.9207920792079208,True,4
0.13061482497972821,0.99118870847091822,0.022016168950786369,-0.98981799674138837,0.12910281932939893,0.059939931331847308,0.056569433640270325,-0.029621043886993575,0.99795916396246642,17.301085779252961,3.5557081035569311,2.2553634782138099,,0.5014351455746179,0.4642857142857143,False,3
-0.96668535024264901,-0.17638203372742811,-0.18549612342155283,0.17961637661601582,-0.98373652224827479,-0.00064190825163631948,-0.182366090262365,-0.033938664868353285,0.98264478635434338,-5.7153478664085027,-14.415615181344121,-0.67247588226129251,0.4140684198892375,0.2958600937841049,0.5573770491803278,True,5
-0.64668269841489023,-0.71898831271563746,-0.25467095191473343,0.74425287435227006,-0.66788411108186896,-0.0042980440627335692,-0.16700043888930294,-0.19231905870896379,0.96701821754715556,6.9736374375111243,11.071417972079425,-0.31604466970627687,,0.09495743353431027,0.1739130434782609,False,5
-0.84422355912517433,-0.50457136450424456,-0.18081570822345447,0.50693563395630814,-0.86121590634358391,0.036378918154841164,-0.17407712441139567,-0.06094998591571224,0.98284396216975112,-3.7245498867406566,4.6185603183492718,-2.1401218450398471,,0.07738799605494215,0.2909090909090909,False,5
0.13855467215060305,-0.9543379766057436,-0.26465379126945104,0.98978189522691495,0.1243502913653388,0.069776822214627138,-0.033680895270988151,-0.27161743582732423,0.9618157650238085,-2.0550227898927913,10.200910683084073,-2.1203292180375608,,0.06679800203092205,0.2894736842105263,False,5
-0.93095520392326281,0.33135875721296043,-0.15337464688297836,-0.32723758208664283,-0.94350336714017347,-0.052124476642382359,-0.16198139756862101,0.0016643958173760479,0.98679240807186952,-14.62927620366694,10.959860076207272,-4.4411420405995949,0.2552870313342277,0.2668918803669879,0.5353535353535354,True,5
-0.20997220714687281,-0.9533150418388241,-0.21703018967349463,0.97316984509951621,-0.22514478136959631,0.04743711638603082,-0.094085731196903027,-0.20124676003821523,0.975011598269101,5.0861576364858596,-5.678567479229983,0.40398876759229152,,0.08246756769698295,0.3125,False,5
0.72051023131431402,0.6830571199717459,-0.11957415033065193,-0.6631027969943647,0.72911279681329133,0.16937889520642824,0.20287850351785364,-0.042749273432466664,0.97827031664635111,10.289257918055897,-10.103881801689642,1.8757479111761173,0.5993909173802713,0.3366328816541714,0.68,True,5
-0.4383545199760055,0.89227427169607509,-0.10812926933003057,-0.89851431563282158,-0.43807585295723367,0.02759658780856318,-0.022745096603213111,0.10925278543374778,0.99375373682591972,-11.205218589601454,-3.5309312822736185,-2.8390122411512047,,0.7496981060762724,0.9528234453180844,False,2
0.95474682569903169,0.27604923575408913,-0.1107037409359195,-0.22870767538516321,0.91937111624268919,0.32007741225926495,0.19013494691281438,-0.28027409808659792,0.94090123387325109,5.5915293028658803,6.3538787367860783,-0.37536706599652458,,0.314633578436658,0.3076923076923077,False,4
0.11988281114395383,0.98747309457411148,-0.10259141818130998,-0.98998296864027335,0.12666669547051904,0.062364012545475959,0.074577700383000475,0.094087383589980408,0.99276670515019616,-13.22786392259315,7.7238134608541191,-4.0237660024791273,,0.07977401618303763,0.2682926829268293,True,5
-0.8903893952152051,0.43811762098128149,-0.12353005737068201,-0.44310652072731516,-0.89634625482988373,0.014832489385635805,-0.1042273293202666,0.067943665180380711,0.99222997444373828,6.6512495204665161,-14.09014615673555,1.5772143969011849,0.6349550296913853,0.2408914979544591,0.3125,True,3
-0.24372966599405857,-0.9461899744191602,-0.21288584317209672,0.96515843754618469,-0.25818587586414227,0.04253520821242187,-0.095210505448889274,-0.19510147568108158,0.97615079462101151,-0.37047319965507225,6.3108968284452809,-1.5407846402095882,,0.06940215088185224,0.1666666666666667,False,5
-0.74654134399780425,-0.63257830326283637,-0.20620550900269763,0.64363749219762734,-0.76514121519035705,0.017020559760806131,-0.16854317055134477,-0.12001504513240455,0.97836066386704523,-4.8719431447339012,10.713802678387845,-2.6170049082889841,0.1319322138359284,0.1153369645990849,0.3076923076923077,True,5
0.57319185350512925,0.81862960304349808,-0.036009333459502108,-0.80999921233037497,0.57269863799048615,0.12616475763069759,0.1239047016844993,-0.043149079534626461,0.99135552746519162,-15.330771064706047,20.934053470334153,-4.8837235543356572,,0.3613104075728658,0.3703703703703703,False,2
-0.483439632378317,0.86312565315585132,-0.14594597873941023,-0.87457781722507211,-0.48336341694802748,0.038385528186509879,-0.037413412885591808,0.14619820115382393,0.98854758232248985,5.353361815627097,12.543587030861095,-0.74267594550510874,,0.1008682336204187,0.3255813953488372,False,5
-0.40776636936149491,-0.86084663946772644,-0.30441690382576858,0.90419793693045447,-0.42710017433839631,-0.0033958696708525776,-0.12709318970131675,-0.27663785785252482,0.95253284286386242,2.7956378508027107,6.5931207319130536,-0.96986113328316537,,0.8953152611984917,0.6475409836065574,False,1
0.92970758010151511,-0.32131013675372672,-0.1800100317234776,0.33985763649359457,0.93679451353436793,0.083143408210728686,0.14191759023734107,-0.13847684077566697,0.98014466388896782,6.012982777286398,13.981011048936647,-0.64054302822084475,0.5161657962570262,0.486113093375949,0.8787878787878788,True,5
-0.32190304210202725,-0.87931143931306666,-0.3509840796655076,0.94008588606648991,-0.34083654209590886,-0.0083053230332235245,-0.11232523449360288,-0.33262868827761488,0.93634459331523368,-6.8629981787628695,18.697446918543864,-3.2551835950439925,,0.2289672325157599,0.4782608695652174,False,5
0.73790621509664478,-0.60523440245467275,-0.29863980948138874,0.67001500000584413,0.71010142173517321,0.21641596664029955,0.081082165048263266,-0.35978783878144305,0.92950438061155216,-5.8155248405517455,-12.549342608153173,-0.91693626805893202,,0.2641292871361337,0.2083333333333333,False,4
-0.73309640416894573,-0.63990662073091498,-0.23041089153792771,0.65663892066601659,-0.75418623084460568,0.0053345169393642297,-0.17718631454243527,-0.14738604394293314,0.97307880666969693,-7.1014950728113764,-6.7821141267161398,-1.769280831039336,,0.08342656823097654,0.3267326732673267,False,5
0.68972214245076147,-0.66767266159888772,-0.28017241685538719,0.71943748368146931,0.67564303521378211,0.16098508018193419,0.081811205144572519,-0.31260151298508659,0.94635470136319788,-3.5742099341542253,-9.3297610674881941,-0.86017810766271652,,0.7642485281329857,0.5416666666666666,False,1
-0.40460419594712232,0.90813412913864167,-0.10764686765337222,-0.91437711672218436,-0.40360586694206041,0.031887185275152427,-0.014489066112303467,0.11133152142833511,0.99367769387243687,12.9437221214526,-10.206846415941012,2.417194723866154,0.8243649436509448,0.8754692711153502,0.9333333333333333,True,5
-0.2369576667793338,-0.94827462217143876,-0.21124939076860946,0.96608413122488157,-0.25296377283712795,0.051872738769714273,-0.10262804465622077,-0.19179304100415229,0.97605476991428075,2.8484833374973975,10.802048394366629,-1.1604912993955079,0.468586875212234,0.4138886433590831,0.9158878504672897,True,5
-0.72289093506368951,-0.59572853097234257,-0.35005172958904152,0.66064863430863996,-0.74432502016750957,-0.097589171216715592,-0.20241560707829256,-0.30180752432331964,0.93163305022576093,-16.197497161376795,7.9135023224763108,-4.5856863975775264,0.7471992420240652,0.3252287425511142,0.2666666666666667,True,3
-0.977715779525136,0.13764252276731778,-0.15851306064107992,-0.12543447086154674,-0.98848395793079558,-0.084650212245164044,-0.16833908633243233,-0.062880846366090745,0.9837214804877672,-24.055979007912143,6.8417348334465995,-5.9439072862722098,,0.1317368769604772,0.1428571428571428,False,3
-0.97853447778725144,-0.079229532735318853,-0.19024446621169888,0.10769938536267634,-0.98365502245200309,-0.14430398191821142,-0.17570178762361219,-0.16169563366860834,0.97107332569604354,-7.8489781315930358,-4.2600550593970468,-2.1325868586397445,,0.2770794057224178,0.3378378378378378,False,3
-0.86587383361056469,-0.46038283383485806,-0.19572978970695196,0.46524703997926053,-0.88487731495131838,0.023180363997995085,-0.18386869243859455,-0.070991434657490304,0.98038386367085351,-12.240341622841999,-8.0621148964545277,-2.570708063863397,,0.0771481793936075,0.375,False,2
0.064377966520286919,0.98993358919951957,-0.12604350995298938,-0.99538331504327549,0.072709647604572089,0.062652719643108645,0.071186610820939022,0.1214281520891077,0.99004427694929498,-1.4703284345376011,16.370759872370002,-2.2074639295275174,,0.1249226907185109,0.3902439024390244,False,5
0.97140554502515786,0.16894499959020054,-0.16681982558389891,-0.14992918886961754,0.98129579217139173,0.12074686990402113,0.18409917278269841,-0.092283017832032452,0.97856596057728173,-33.343013408833144,1.683962002445696,-7.4173969220429079,,0.3031319854252149,0.5454545454545454,False,1
-0.54582350519676615,0.82291645178626549,-0.15775048194607127,-0.83610927662226686,-0.5472197727037994,0.038364018405154077,-0.05475380097221156,0.15283662434607811,0.98673349367374275,22.917133385775767,2.1381380030090669,3.5231440067518438,0.6859757028750921,0.5675520236318929,0.7966101694915254,True,5
-0.91317380170450602,-0.33783103633188266,-0.22799955870893146,0.35832272653705061,-0.9320267935703499,-0.054137599817759202,-0.19421233618798572,-0.13113446136656889,0.97215498842237391,11.214514048680185,4.4207420260440111,0.84830493666068596,0.4502409568171274,0.2717126854696433,0.1388888888888889,True,4
0.92665696558968835,-0.29324507866384197,-0.23518969357425085,0.34612031074115313,0.90969090508638495,0.2294846132000215,0.14665469176456797,-0.29405744514049131,0.9444694914823285,13.829858057821285,-5.0287867424764121,2.0736747843459402,,0.3333041763658396,0.5769230769230769,False,1
-0.81399001070582733,0.56583594969093787,-0.13133902888510363,-0.56008149899020521,-0.82448153105817057,-0.080863585332708487,-0.1540421272250308,0.0077384094832037287,0.98803397717824359,1.2604858438980153,9.0096243672760092,-1.3629356333334344,,0.1950627166252998,0.3985507246376812,True,5
-0.13024817772027453,-0.91553470133191905,-0.38056750105286252,0.98856655036717667,-0.1493287057212381,0.02090725096131545,-0.075970966136329324,-0.37349317035883356,0.92451677323865733,19.116761502884867,-7.4362383217414454,3.4839087769230459,,0.4523040716438584,0.2105263157894737,False,4
-0.94531801813628569,0.30575692090565959,-0.11351894073314314,-0.28354535513228496,-0.94244157427212905,-0.17721712859195382,-0.16117033278426612,-0.13533877641592923,0.97760295592251945,-19.077434466424815,2.907020285269299,-4.889838838227428,,0.5975760782482308,0.6869565217391305,False,3
0.95295141921104187,-0.22644990492356409,-0.20150442472504554,0.25958534728071042,0.95291474657721253,0.1567448028894142,0.15652169210948302,-0.20167777843827278,0.96686453734915134,1.98680899902605,-12.536228034861301,0.54320792696829878,,0.8679569894658157,0.425531914893617,False,1
-0.3291889647358045,0.93965263765097329,-0.093207006451966473,-0.94425113039474329,-0.3270601796606199,0.037702010935913702,0.0049424937448684231,0.1004219071514309,0.99493266722911977,-11.651009848700996,2.4750956731468547,-3.4141119539826583,,0.2120670074868599,0.5036101083032491,False,3
-0.25201602021755354,-0.84741024782523844,-0.46731552235558438,0.96260636712468695,-0.26910991348506896,-0.0311261374903831,-0.099382631906773197,-0.45768518257075541,0.8835425095208812,-18.937813215479974,10.498496822726857,-5.1700687511463563,,0.2772209635549958,0.1578947368421053,False,2
0.31850516475060753,0.93936542173532722,-0.12707110007864972,-0.93989511374037671,0.3303653136625061,0.086347754433090562,0.12309197859386145,0.091931300309980757,0.98812802856166548,5.2125670247472389,-10.358400587500162,0.93869048251898413,,0.1083422326121849,0.2142857142857143,False,5
-0.21348067539306886,-0.94350427623686595,-0.25342786341771523,0.97102104504524389,-0.23345151705436462,0.051171469240772816,-0.10744361922870427,-0.2351596689650772,0.96599989584847967,12.460605895048015,-15.490133458464493,2.9150951638663969,0.1717735499441153,0.1588139313590904,0.5714285714285714,True,5
0.84310815933099015,-0.4448541662202587,-0.30211488289388744,0.52087375606175668,0.81520973978118039,0.25322640149087344,0.13363817536776884,-0.37086095907007766,0.91902284363447406,-11.145417222552918,-9.6091389870348802,-2.2175895497947722,,0.5380156290122448,0.5,False,2
0.13107732159483082,0.98153252770195598,-0.1393292245960393,-0.98778632545732203,0.1412496671182773,0.065777707306478264,0.084243165913005277,0.12900553709815774,0.98805903689757779,-19.350974348327121,12.906164487483064,-5.3036114346869354,0.3514526439477381,0.3134232577175822,0.6619718309859155,True,5
0.62764875066107195,-0.68072317694822326,-0.37772079921433022,0.77662350718405582,0.5811377920119053,0.2431764684023994,0.053971973122457627,-0.44597625840513544,0.89341603022120841,-7.0489725713109497,17.354250874589194,-3.2422383010352234,,0.36898782838788,0.2,False,4
-0.96261368532507618,-0.042723336769075089,-0.26748758722638205,0.069084483028318933,-0.99354957862612259,-0.089925352468389175,-0.26192026845890537,-0.10504261662377951,0.95935594106840461,-0.78680748666673028,-6.9835442948598256,-0.53028956253023085,,0.6089361911038502,0.6805555555555556,False,2
-0.092090330019229727,-0.97242264042133819,-0.21427454238182977,0.99369237953379441,-0.10357586359668226,0.042982500353837119,-0.063990827259971281,-0.20896470725027871,0.97582730293345976,-25.684974376783888,13.67524753221139,-6.4893473291750601,,0.09472347322275144,0.2777777777777778,False,2
0.97832477166356102,0.10598941032890617,-0.17789571677691485,-0.077750429722334147,0.98424088083616235,0.15882304357003002,0.19192579771212082,-0.14154904941039365,0.97114795720506963,-0.17232809672239552,17.035593209329878,-1.9701970193020781,0.1184598366683157,0.1175032471185832,0.2307692307692308,True,5
0.97995277747224685,-0.10296671480438961,-0.17055910871841837,0.13827886764005837,0.96782859629874374,0.21020647694727962,0.14342771241504559,-0.22957714134642293,0.96266444178778732,-17.730655487222887,6.1220441330151232,-4.7733934540496055,,0.232471005680602,0.2916666666666667,False,4
-0.817067936329265,-0.49878974281513755,-0.28915182843109449,0.53616387237416441,-0.84175825915321167,-0.063018529878879681,-0.21196294342025182,-0.20652318419432603,0.95520672370270698,-5.9679196598194366,-19.972700108125299,-0.21093847830909682,,0.2363024362909598,0.625,False,5
0.62904797692487902,0.77323340994086709,0.080054584365522652,-0.76102803608394443,0.59155000845378136,0.26627976977710138,0.15854012432482814,-0.22842653359351833,0.96056563946953555,-16.715478806605592,11.582155151467473,-4.7839321527734349,,0.3003042144576822,0.2142857142857143,False,2
-0.80556342892975852,-0.54676255477259739,-0.22829426333018479,0.56116213556638228,-0.82770294125901411,0.0022132866406709695,-0.19016997548905121,-0.12632715357245722,0.97358966237978006,-16.145604862825053,17.578404827781661,-4.9255033935929724,0.1361356230624896,0.151582207718148,0.2222222222222222,True,3
-0.62912254184858618,0.7771708116481294,0.014503684365132136,-0.7755380726096911,-0.62632447551863102,-0.079109729484805741,-0.052397760169891283,-0.061017873516708759,0.99676039941436223,-8.3646512247370381,-7.3505260939290933,-1.9367910264681683,,0.2718013954806129,0.1477272727272727,False,3
-0.80953506797440966,0.58131780843945902,-0.08199133680342377,-0.56856651651012247,-0.81112285076882018,-0.13715625127644282,-0.14623641825213313,-0.064415266449859482,0.98715023346245567,-7.846042050668145,-8.7799578520206509,-1.7182559786106957,,0.2336031387737424,0.3421052631578947,False,3
