axis_00,axis_01,axis_02,axis_10,axis_11,axis_12,axis_20,axis_21,axis_22,location_x,location_y,location_z,dbh,dbh_approximation,score,reconstructed,number_clusters
-0.90976513623082633,0.39661086660831657,-0.12258555129829629,-0.37728824466091315,-0.91314491088899041,-0.1543371379747141,-0.1731501583585591,-0.094160459884917058,0.98038402192950302,1.4470436342691195,28.755751531023872,-1.0398092879220482,,0.1556085278173761,0.3,False,5
0.37501094237929583,0.9268789959646262,-0.016190118449202373,-0.92312784721470109,0.37497811270874432,0.085008191876667138,0.084863247596026495,-0.016933452955465722,0.99624870759186479,-9.5162510404508787,-10.027793819876379,-3.0459167243919159,,0.655336182163532,0.3148148148148148,False,1
-0.28460667186005217,-0.93191669368910379,-0.22478949787815461,0.95617155211112514,-0.29278939815448229,0.0032142280158109909,-0.068811374540450651,-0.21402253234625629,0.97440204760763371,23.799064208072558,5.9562454611857989,4.0868098111668605,0.3643238749701062,0.3116315339252568,0.7678571428571429,True,5
0.34459052593964623,0.9333574757728923,-0.10050468571908934,-0.93577413683784494,0.35004512606520327,0.042369500154973372,0.074727065097087375,0.079449557184737549,0.99403402034594623,21.039629469966997,-5.0736676959525457,3.7472640726942252,0.3397065052684203,0.2936482519066027,0.6296296296296297,True,5
-0.56766546577725596,0.82241166093686568,-0.037349416581181794,-0.81764212084981247,-0.56850238897444072,-0.090919722517023183,-0.096006672560347492,-0.021073530445024274,0.9951575880926955,-1.5119266739471222,20.605870150654944,-1.9138201204622705,,0.4402145494326976,0.6991150442477876,False,5
-0.22525605478175412,0.97045577307543884,0.086459830492037315,-0.97370631096690374,-0.22113434106490101,-0.054732286495405763,-0.033996025758645715,-0.096515261520365131,0.994750760002863,-14.592594311529753,6.1014063254094051,-4.6958108944341976,,0.1310460279619314,0.2941176470588235,False,1
-0.089987754106205561,0.99445148102252845,-0.054483538826169298,-0.99587506235080492,-0.089208521190124082,0.016574074177870261,0.011621716684873051,0.055750261337260049,0.99837710513719491,14.190429510197674,-8.7403089198291646,2.2897894291581746,,0.3165571267732299,0.71875,False,7
0.69556279593024994,0.71591292459252054,-0.060506870015537201,-0.70754608073714897,0.69718501660040322,0.11537589116186693,0.12478357484538127,-0.037439778702326981,0.99147734337176241,14.5804709822419,19.292161237550783,1.4526149155364074,,0.1837181603859372,0.2173913043478261,False,3
0.18002966219765898,-0.9116966490131756,-0.36932173088940268,0.98364292002257181,0.16914343676828536,0.061944359611527014,0.0059938817527491126,-0.37443252793575577,0.92723478979445895,3.8986500576115279,-21.229385003150824,0.16946506484074875,,0.4042290832567833,0.5945945945945946,False,5
0.84516940848097133,-0.47352382476938476,-0.24791905603179651,0.5092021340586963,0.85432224791737454,0.10414741179440173,0.16248648447792069,-0.21426311882630705,0.96316637102466862,-0.12556236322924702,30.735305126741281,-1.3421994195905547,,0.09516780906417341,0.2666666666666667,False,1
-0.97485697007683003,0.12400915889933203,-0.18513675054321499,-0.095210660823464299,-0.98298474758381671,-0.15708569662173993,-0.20146666711438802,-0.13550909388914933,0.97007652662826582,16.243340347259736,-7.6323408545476834,2.7335911137885662,0.3910973986233925,0.4176083297471423,0.5454545454545454,True,5
0.69119853796575736,0.71271661210936055,-0.1194973302519908,-0.71082627236743923,0.70032411073763345,0.065361689327561284,0.13027122332353089,0.03976393771870107,0.99068069408406889,-14.298663481808511,-1.4584072875473217,-4.3562082708470351,,0.1920263542071898,0.2982456140350877,False,5
0.64049991034336573,-0.7393649330474078,-0.20760385504595608,0.75937302977698484,0.65006755340944677,0.027654613567701224,0.1145096786191587,-0.17536154591032266,0.97782199899494948,5.7069591950886851,7.7492286049702006,-0.50949484151780189,,0.07167840645953144,0.3064516129032258,False,4
0.61780932512032083,-0.72749270876859329,-0.29843926766246603,0.77847463172967646,0.61938081620139218,0.10170866371672935,0.11085524591880655,-0.29516395987693478,0.94899386259451057,11.594302910900705,23.432739520625454,0.82298717859625581,,0.4728216767322615,0.3157894736842105,False,3
-0.89348639694399723,-0.32513873088261691,-0.3097851903433636,0.38969175967775799,-0.90417131467885026,-0.17497018646378454,-0.2232092984516672,-0.27705421742316083,0.93456865434956349,1.5583149763356108,-2.9311062632211682,-0.92628164738398677,0.5546462224998638,0.302062455395132,0.2359550561797753,True,5
-0.32537934865587176,0.93749040145783968,-0.12345050280456324,-0.94404760488055506,-0.32950871355128614,-0.014075773977460213,-0.053873919363350051,0.11196318532533485,0.99225089868653515,-3.6870039711549163,-0.61895022833478897,-2.1976296366276031,0.3511748851130261,0.2972862801608127,0.8885281385281385,True,5
-0.18535286435331549,0.98052264650700349,-0.064958874396980115,-0.9818843233896597,-0.18744546970468506,-0.02770146871232106,-0.039338164136765566,0.058647553862810203,0.99750337005358425,2.3054680098598985,30.567293130509213,-0.84607859404550878,0.2984856233211284,0.2398389962359062,0.4333333333333333,True,5
-0.57153791255217479,-0.74567333468211805,-0.34251378433509921,0.80724272224611682,-0.58586777042268046,-0.071541197646076513,-0.14732142375153706,-0.3173802664376062,0.93678501513410917,3.4377992259544077,18.781706725367517,-0.93746218590569419,,0.4430703509033922,0.5411764705882353,False,3
0.71523206541785966,-0.61832774740260155,-0.32575126920724096,0.6858626256136956,0.71056080332621485,0.15714898524232801,0.13429650548093783,-0.33581861408866293,0.93230376329133191,6.713400404131578,7.8561670871898501,-0.27073952780549404,,0.07562674505355485,0.1904761904761905,False,5
-0.53605387335207122,-0.80522238588427208,-0.25350178329763684,0.83607320497758741,-0.54792707506670746,-0.027523014503291133,-0.11673834324140094,-0.22669986696000344,0.96694329178994265,7.196668667470262,-7.7833304512158401,0.62529758613481745,0.3227710012699557,0.2870476926866697,0.5891472868217055,True,5
0.98132566262184429,0.056023820977380727,-0.18401433466687217,-0.022765498264717018,0.98374895972238385,0.17810029852273035,0.19100176954299769,-0.17058521544442493,0.96665350995236232,8.8287530756547969,9.6391980295083854,0.17592210605759065,,0.07282288215247099,0.3636363636363636,False,5
-0.14932161674739083,0.97908045518888309,-0.13821909071859576,-0.9886121335091177,-0.15047055976135471,0.0021587319555097656,-0.018684331684501256,0.13696741551272215,0.99039932493781013,12.695021683948449,-3.4684504434486372,1.7546718516321087,0.2248263338320501,0.2436152018785397,0.7804878048780488,True,5
0.97285820982049964,0.16080195295183869,-0.16640202977045454,-0.12619081710461055,0.97143432432112331,0.20097569805634091,0.19396592809904364,-0.17452244972391773,0.96535958755224438,-7.6472726681565906,2.5337928708475514,-3.2230064627741508,0.2896211134533397,0.1438374036151635,0.3388157894736842,True,5
0.72931211380016958,0.65917423906725825,-0.18328437798794611,-0.66051066040399309,0.74820113373327302,0.062615740616271898,0.17840826258054299,0.075394867400537038,0.98106376235831205,-0.71466544547139843,-12.511631368921904,-1.0952257606211337,,0.1327712847173724,0.5,False,6
0.25343949184671327,-0.88511932103869173,-0.39029759350588511,0.96607609220569679,0.25229921156869678,0.055155162137231151,0.049652875456009493,-0.39103567019623597,0.91903519877811579,-18.463968018079317,-9.1469125640518154,-4.7619184209310328,,0.3992458269065371,0.3846153846153846,False,3
-0.75520721325529527,-0.56391419187576319,-0.33415991568151454,0.64252475979499957,-0.73773407358332177,-0.2071481830104652,-0.12970735560310384,-0.37114582157861364,0.91947092451430312,-25.282262403024426,0.16536946390061777,-6.4177399104806421,,0.5674988831823451,0.5454545454545454,False,3
-0.79743482916030717,-0.54849017799815658,-0.25150788830893728,0.57967912845170833,-0.8120919313447329,-0.066923860335820567,-0.16754044669732235,-0.19916129062729782,0.96553869888064536,10.659812065567499,8.8284652366286043,0.67503500309234798,0.3922792179578769,0.3065629967751337,0.7058823529411765,True,5
0.8964036132089217,-0.3927836540387476,-0.20538150682561468,0.4077022451030442,0.91246699362112749,0.034392802880245071,0.17389491529060866,-0.11456433420568315,0.97807748760723523,-18.206123705599978,-7.4690231401817933,-4.8232502716418706,0.575253884607624,0.5850061206878172,0.8377192982456141,True,5
-0.50187657110357342,0.84556531732368567,-0.18204175761790214,-0.86021464393330394,-0.50992322806526624,0.0030112858048405126,-0.090281081850073081,0.15810627950462264,0.98328618959140657,-6.8228647135001168,-8.8348209694040705,-2.5287560794253765,0.5589128272695056,0.4724598490137651,0.9884057971014493,True,5
0.73416826180050876,0.67183454282693611,-0.098159617100624583,-0.66418411655767418,0.74064230901719696,0.10153043586126037,0.1409128194215199,-0.0093443650504916875,0.98997790892750825,-8.936208513341807,-14.945992166971861,-2.834968180120133,0.6797417954335709,0.4629334636137797,0.9433962264150944,True,5
-0.84123672659995419,0.53188948835736338,-0.097027532145952708,-0.5155825922100119,-0.84321204370957969,-0.1522105119665422,-0.16277395500938227,-0.0780193663012866,0.98357390065645178,-21.481379973297599,10.358473715555931,-6.0398383706291146,,0.288512780768896,0.2307692307692308,False,5
0.41921109937722706,-0.84857244220161998,-0.32277990100827897,0.90492114351209851,0.41926401603836483,0.073043883249301417,0.073346971196447161,-0.32271116372285524,0.94365127384269853,-4.7759165962620918,8.8281386485639093,-2.8385486607023185,0.5742614511090144,0.4533455032404661,0.208955223880597,True,1
0.075744025305881132,-0.97063287727175662,-0.22833015611086677,0.99709275689039711,0.071823003073040612,0.025445832395053013,-0.008299204008166557,-0.22959371461065903,0.97325117488966317,9.8731543443440639,16.378730691653644,0.28676802578171984,,0.0987084116491011,0.1666666666666667,False,4
0.60086872411608316,-0.76892719926569775,-0.21842101228710026,0.79194100648461163,0.60975756642284862,0.032018001783795672,0.10856435247009914,-0.19221517218860956,0.97532923105649449,13.850001910074784,6.176309965252659,1.6300419819233878,0.4467490079812195,0.4011096444604406,0.958041958041958,True,5
-0.9800466653122204,0.01854636074410184,-0.19790039493024161,0.010342331705345419,-0.98953062358795763,-0.14395200990789755,-0.19849828710921558,-0.14312643880421411,0.96959437525695769,2.009291709133842,13.423617392124607,-1.3637109490389003,,0.130127835090893,0.3469387755102041,True,5
-0.97503724962662053,-0.087339790513114773,-0.20414240821955973,0.10378325323944936,-0.99204371263347635,-0.071262252079386593,-0.19629416238796421,-0.09066991351884561,0.97634398067222894,10.990034546071987,6.082041380466177,0.89823096505048605,0.2941601650001914,0.2671994410271611,0.8387096774193549,True,5
-0.83246685543614163,0.52741883761587849,-0.16978899943217071,-0.53006634760070392,-0.8473089670609576,-0.033123729852527775,-0.16133382082350861,0.062425027561138643,0.98492360830293801,-0.71167389450705354,1.7528364425624214,-1.730859903837501,0.5571687957643656,0.5518256443187068,0.4144385026737968,True,5
0.94488038940725916,-0.15010527507659471,-0.29098016445758912,0.20758214592392971,0.96191349929437442,0.17785407661582478,0.25320091312474002,-0.22845311612983338,0.94005237690426924,8.7455511770517145,-9.5246237539522642,1.0374376634107676,,0.2836220468747314,0.5,False,2
0.35007789374605314,-0.89794021060479634,-0.26673741111688953,0.93399490163142218,0.35631542916998887,0.026321828620303363,0.071407226782987693,-0.2583460723804798,0.96340973362777627,11.684734309681613,-5.4910030083342622,1.6138505586339764,,0.09150166047895476,0.5,False,5
-0.37282732133807039,0.92787404519206695,0.0070388012324451854,-0.92601750480138945,-0.37157688594745208,-0.066499613765824125,-0.059087809785850189,-0.031310926024390312,0.99776162315765937,-26.737334639079773,5.8463127351711117,-6.8054196785136734,,0.3346801142757836,0.6451612903225806,False,2
-0.62418235868754335,0.77072175059788017,-0.12800143068963327,-0.76918755191883614,-0.63493107044060071,-0.072201424932336666,-0.13691929402520919,0.053390251399400096,0.98914234970460468,-10.795694289439894,-39.465531464358797,-2.6787183559210987,,0.6937904879108808,0.8717948717948718,False,3
0.68684275417737384,0.71236230548066526,-0.14417689400285938,-0.70902518959540928,0.70033400259905021,0.082556437197765259,0.1597820751937912,0.045521758905670048,0.98610215389324696,-30.146503763057748,-2.9560468317904252,-7.2218426270280132,0.936404423204722,0.6040716443151236,0.972972972972973,True,5
-0.57215624043409374,0.82014369023256739,-0.0012505614858628888,-0.81324813123730366,-0.56754170353570577,-0.12854529079986673,-0.10613535495468401,-0.072530973518183717,0.99170285081225196,-17.429459655381869,8.9999340558979526,-5.3226312894506664,0.1872046914131525,0.1679564095699413,0.2307692307692308,True,5
0.2132042058780953,0.97437825336107864,-0.071630900963916055,-0.97687503683405275,0.21380953700436606,0.00080268078639324919,0.016097484472952867,0.069803304097945329,0.99743088468858399,11.894908456935301,14.449782318895265,0.70351669473059153,0.2699283684085058,0.2539079025456639,0.4516129032258064,True,5
-0.40155504923340268,0.90439194851626103,-0.14432167506691379,-0.9130351446077305,-0.40763811260533017,-0.01407102919848767,-0.071556740746765921,0.12612046864218618,0.98943077587225625,0.40170229019274684,29.182371381499919,-1.2526551594949653,0.3250384863473526,0.2094832697070285,0.40625,True,4
0.95349284345574481,-0.22669614446528397,-0.19864605599722809,0.23671011456345462,0.97118017370557741,0.027881747874932736,0.18660042642511537,-0.07360657773446809,0.97967461566184599,4.7388764282678357,22.171080861128992,-0.59145414330409318,,0.1045678032193822,0.4166666666666667,False,3
0.64851469610934642,0.75975821474306415,-0.046863035119748014,-0.74778964384467117,0.64738539811982054,0.14731868469376891,0.14226502552933531,-0.060494639693731478,0.98797826953808243,9.9968116442398074,0.18238035610782849,0.89876749330742245,,0.2352232012710056,0.8333333333333334,False,6
0.0016900778607334258,-0.94058410594587916,-0.33955659804930499,0.99994706802356015,-0.0018566322621438641,0.010119983583508064,-0.010149127445843075,-0.33955572820766222,0.94053118111706091,-20.271786653029771,10.096408777833952,-5.8236236722710855,,0.1030107269818802,0.1428571428571428,False,3
-0.96346292825498847,-0.13549177481984839,-0.23104364270520578,0.17292214116415633,-0.97340712548012864,-0.15025478747686333,-0.20454124027571283,-0.18471747892574025,0.96127120731133542,-13.103711959937845,10.610575236954009,-4.5190547529741529,0.3652196149748801,0.3897491539493028,0.3893129770992366,True,3
0.29886180712249677,0.95163140077431063,-0.071269189021614485,-0.95172329738940042,0.30270420729784109,0.050920802138543893,0.070031317635201845,0.052610264630667009,0.99615650106083675,-21.209707031061384,-5.8141381552602081,-5.424109030855357,,0.429688238332088,0.5925925925925926,False,1
-0.36153090744012467,0.92181353668103394,-0.13983993191189381,-0.93053036435962722,-0.36613181954206442,-0.0077930561114210491,-0.058383593331162879,0.12730787214630621,0.99014345512118618,-31.042962409813445,2.6608001871068523,-7.5230424710037473,,0.2637669035973833,0.28,True,4
0.50553455941076963,0.86275847200630806,-0.0090900067491724856,-0.8529372038149704,0.50131322640295606,0.14554441034185828,0.13012661368705303,-0.065824524417573305,0.98930995971714641,-11.962874234069474,-26.18350250187191,-3.2411789063754552,,0.4699458204376145,0.8421052631578947,False,4
0.97496324708532855,-0.050442888680046129,-0.21656911556000902,0.1080446237812502,0.95869865611795413,0.26310310912187312,0.19435283919922589,-0.27991499020102634,0.94014603767497695,-11.832821243931017,3.5632606466499692,-4.1192677180493247,,0.09127811158682146,0.5454545454545454,False,3
-0.17275837063066329,0.98046080189222296,-0.094080610807421569,-0.9847053514400953,-0.17411310977340499,-0.0063242272471378293,-0.022581324635138952,0.091549117734107247,0.99554449565041014,-18.605445634028211,10.451080305909692,-5.5360668221267941,,0.1259232043359405,0.5161290322580645,False,5
-0.62650330857980574,0.76970634596097098,-0.12266109948132382,-0.77254041620845926,-0.63409799615706142,-0.033181871467124716,-0.10331945442663648,0.073972104586865609,0.99189375342320452,5.9393815283668108,13.192384820772661,-0.55442055846971505,0.3230001481346012,0.2868880536930016,0.6732673267326733,True,5
0.5058407498233537,0.85984337474603356,0.069242376645371084,-0.85556655959214567,0.48983290110252808,0.16753981946134811,0.11014080953855064,-0.14398992986606146,0.98343067990141542,6.6081152948786013,-18.780388812205366,0.73444362855836109,,0.318813674016216,0.2666666666666667,False,1
-0.71462966784007631,-0.6418236638818724,-0.27814892112685519,0.68298709358843313,-0.7261187534435094,-0.079247623871447959,-0.15110614757318377,-0.24660482634955722,0.95726328237674385,-10.036720234869899,-18.783179029387121,-3.0282731550224087,,0.274494884086124,0.3214285714285715,False,5
-0.88680741474666447,0.42578017996748035,-0.17967706447178516,-0.39948227247118634,-0.90173776983703291,-0.16517538687889174,-0.23235000135914499,-0.074700955791709489,0.96975937431520154,14.233766716966704,-5.9506769355324982,2.1708265535908606,,0.2374336738881919,0.2083333333333333,False,5
0.083852342130118468,0.99572611997044125,-0.038707605556327546,-0.99621922799770013,0.084652804880519933,0.019523124584124054,0.022716392472401294,0.036924201202887141,0.99905984249121382,-19.222830604233916,-19.801478893894679,-4.6063575586807159,,0.1981959465326053,0.45,False,3
0.13732538690534674,-0.8833119768820481,-0.44822058141948867,0.99039158393594195,0.1298989875225261,0.047442212316443876,0.016317125364253674,-0.45042891174673744,0.89266317661394379,-28.537564068508001,5.6736162927449705,-7.0624613190948473,,0.1466879668175727,0.5714285714285714,False,1
-0.63516813563844687,-0.66229070429935111,-0.39740717465623088,0.7592256928080493,-0.62990247134666388,-0.16370468524603096,-0.14190767015815781,-0.40570173722826663,0.902922097171317,-26.077272882985824,-25.519270168201018,-5.6935670749109066,,0.3411477399648342,0.5161290322580645,False,3
-0.93931403595278051,0.29529818862228413,-0.17460848106118948,-0.28760966628772228,-0.95530212167673478,-0.068399825860843658,-0.18700219709929305,-0.014029829518801648,0.98225930495145242,5.4593666470380695,23.918401033684507,-0.40005724086666317,0.3142793046124623,0.1934390190561454,0.4,True,5
0.481699162961927,-0.82670674052247251,-0.29072647209445496,0.87211001108385622,0.48477086031160194,0.066493169273730973,0.085965370755290704,-0.2855751707825076,0.95449294228058423,5.2464439324943468,-16.815073509933686,0.37439275059085553,0.3561975918595587,0.3069104850556703,0.5694444444444444,True,5
-0.41058079967898747,0.91086396744944853,-0.041835866636343644,-0.90606845175493578,-0.41270650199575709,-0.09334507991769489,-0.10229060401316378,-0.00041953864768837223,0.99475447036841502,-13.497220303006019,16.190792258261983,-4.4942560478334528,0.4189456385669288,0.340319095257719,0.4259259259259259,True,5
0.1238854458394567,-0.86975780047116458,-0.47767537599160437,0.99226413823497184,0.11247261882681975,0.052552735295567227,0.0080172490274456019,-0.48049066435654963,0.87696319488575658,-3.4686321271120684,15.11836172074239,-2.4883145818998567,,0.3872568079790181,0.4166666666666667,False,2
-0.10937676570355306,-0.96527758444578193,-0.23722543727591022,0.99351187403924723,-0.11364519174546237,0.0043504639017634614,-0.03115893559243476,-0.23521044908688443,0.97144488540168517,3.3094559625885487,13.905834207445487,-1.0661488338121097,0.365142176550912,0.3041166382257253,0.7844311377245509,True,5
-0.30303045666369671,-0.9152224151852163,-0.26559456522438807,0.95081993800321651,-0.30912186518375662,-0.019624422561592754,-0.064140375971395547,-0.25847940577124456,0.96388506003692853,-15.664557105958281,-14.781287361004882,-4.1657652143559494,,0.1079756610903856,0.2777777777777778,False,2
0.50435443593110496,0.86287397572691438,0.032788793357567236,-0.85429419484295011,0.49309056654531941,0.16444793048759124,0.12572999488687084,-0.11095131904238151,0.9858406428974732,-9.1341169844907881,5.5075709116929037,-3.645695907269773,0.5099238112564016,0.5335036380934337,0.3956521739130435,True,2
0.23621932174157881,0.97099781851657063,-0.03692788204066505,-0.9662717834112543,0.23874137614304369,0.096547376456121894,0.10256350529882888,0.012876014654639889,0.99464311973060504,0.25453459085942531,-6.9629488953589629,-1.0512720570469041,,0.612385309645855,0.3295019157088123,False,5
-0.50167655477326611,0.85364162934585852,-0.14005928401421164,-0.85990463828994756,-0.50975159781518264,-0.026782859673724024,-0.094258407785514128,0.10700129519129999,0.98978082189398064,4.4386192052632341,15.840074896068078,-0.83763689764591331,,0.1076450929007915,0.24,True,5
-0.42629451211552744,-0.82827587752465637,-0.36363726383711747,0.90199755824747763,-0.41959699144448503,-0.10167974078608401,-0.068362225357085624,-0.37134543955931071,0.92597471383549668,-14.910324200956898,10.741495291796275,-4.8261408949452536,,0.4268517457704278,0.1666666666666667,False,2
-0.58509462370112564,0.7985216821172777,-0.14151821262520678,-0.80381947560486799,-0.59415517394765349,-0.029221223614869646,-0.10741755887356151,0.09665791462590323,0.98950427769960558,14.904401643224961,5.0703679881159029,1.9460053506918236,,0.08163263841251811,0.1666666666666667,False,5
0.98032005854235638,-0.0055689395938806306,-0.19733618454634672,0.01183106668697383,0.99946264983856836,0.030568569458102546,0.197059911398941,-0.032301679359844009,0.97985916989635546,11.615266710481633,-3.9143695292740932,1.5085235960096124,0.481870451240024,0.4508314399384737,0.9918367346938776,True,5
-0.85206075076983079,0.50651200184574852,-0.13205328085195223,-0.49632470201702955,-0.86193320028806431,-0.10359994405829845,-0.16629572202933796,-0.022732140844810012,0.98581386813503136,6.0281487860119105,4.7940590864674313,-0.26596158791401392,0.1301364927039757,0.2491664630776796,0.6565656565656566,True,5
-0.53945671135282525,0.83705921655982196,-0.091204849370262228,-0.83703955530288343,-0.54487079440152741,-0.049805624849008474,-0.091385116046029807,0.049474087970432068,0.99458588125146263,-14.029678752544369,17.494214944737308,-4.5118361764737847,,0.3444150840076121,0.7659574468085106,False,5
0.14314848143954825,-0.95974500980915822,-0.24165684018452874,0.98939317849540098,0.14486406587389369,0.010748989033980746,0.024691103829512163,-0.24063233067255063,0.97030223684518901,13.822291309212638,10.20162928826692,1.4439403085220794,0.1549562425685074,0.1388464233522745,0.1666666666666667,True,5
-0.22267496475787421,0.97483896519504376,-0.010239726926851128,-0.97383686174345763,-0.222910238853438,-0.044190407601173848,-0.045361071192533825,0.00013172608032724353,0.99897064815163938,-4.0256976125171642,5.8615100940272544,-2.6179581220395285,0.5511907433656115,0.5339249457333052,0.2971428571428572,True,4
-0.17741348602564963,-0.88914360816364058,-0.42183894917132692,0.98264982829130609,-0.18359761244961445,-0.026291284903334908,-0.0540718959839004,-0.41918439947658337,0.90628950633898597,17.174236305735434,16.513928397153492,2.0828854039872398,,0.5261045796994434,0.1666666666666667,False,2
-0.56287413503911254,0.82458569044182106,-0.056843180967974777,-0.82227435533642446,-0.56562173808899185,-0.062744991491414104,-0.083890360948326817,0.011423157171946974,0.99640951361384889,-8.5271865471565551,-16.554560018934907,-2.7559042664877973,,0.1535717387600308,0.1785714285714286,False,5
-0.87436090174342562,-0.38794143136896747,-0.29153809241644402,0.44911516747697972,-0.87446247552885337,-0.18333288094085398,-0.18381670175625195,-0.29123328230019579,0.93882617956473013,-6.7758670664822613,6.0286816882081791,-3.2167079535395922,0.3351048727656236,0.1811608131287162,0.1755102040816326,True,4
0.8522245791201768,0.51131450635920828,-0.11077338276894882,-0.4698902333039322,0.8411676870099174,0.26765666622739209,0.23003572633183128,-0.17605225905118177,0.95712547071633314,3.184529666379019,-9.5918840142391666,-0.27312624898747889,0.5249074250368551,0.4121571399113641,0.1454545454545454,True,3
0.018692526191439317,0.99511373353203969,-0.096949712740713026,-0.99948938144101795,0.016084899823349166,-0.027608918564910802,-0.025914587614573579,0.097416288851491575,0.99490627740263515,5.5555052445176392,-4.9889535165369239,0.08331932546183958,0.3013730115750859,0.3530742633538045,0.7470588235294118,True,3
0.29975633364459531,-0.87901151187846649,-0.37078956623006942,0.95275400743683158,0.29580725628523596,0.06897730381842597,0.049050400130974642,-0.37394762883876365,0.92615183913484622,3.235986492726,36.826616003640822,-0.62545373621127287,,0.1275016148486897,0.2,False,1
-0.44501670277123645,0.88754192717136782,-0.11928730765488901,-0.88856382453918525,-0.45419707049820429,-0.06449302963224994,-0.1114202134933958,0.077293910910139069,0.99076293196773491,-1.1272977505669846,21.891132083627305,-1.7691485794749184,,0.1794592069059442,0.4444444444444444,False,5
-0.43043672436769459,0.89780343658063655,-0.093130100287754952,-0.90076326881026858,-0.43387426857100969,-0.019458998797746107,-0.0578771101373294,0.075512305857849585,0.99546377723460211,27.927922869145338,-2.5185014898610936,5.3281902339894431,1.003439985575127,0.5882142791755471,0.4210526315789473,True,5
-0.31559486844707757,-0.91630892896861016,-0.24653159169216154,0.94581407854224897,-0.32468419864193404,-0.0039874783412758713,-0.076391150280309961,-0.23443147793042621,0.96912655226972677,3.0310337095789102,-1.5853388546841118,-0.66421268474146256,,0.08789012106830033,0.2307692307692308,False,5
-0.92393807502108383,-0.31163531242063436,-0.22186001347432729,0.33512405051024197,-0.9390563829876053,-0.076583159636083961,-0.18447304490343275,-0.14510872345496906,0.97206643501425694,-1.4766558716672802,27.103910954584514,-1.6757671250718842,,0.1577436196718227,0.5357142857142857,False,5
0.80645039583550293,0.56469922953236762,-0.17536401917813715,-0.56751423759789266,0.82245818545105709,0.038602115333706458,0.16602815779391872,0.068390886455027444,0.98374658193533382,11.784126650095875,-1.8775530285357465,1.4457462778242913,,0.08093762872091541,0.2424242424242424,False,5
-0.22966730672323274,0.96883739922042789,0.092774037824671612,-0.97264378610486157,-0.22505792107624206,-0.057558644115723409,-0.034885434985062434,-0.10345543017472358,0.99402212268805457,4.982209109860424,19.133146853205776,-0.64376493944489166,,0.1065422401958317,0.3076923076923077,False,1
0.93583575178582079,0.31083600504590647,-0.16610967354903755,-0.29615336513821583,0.94907278002293671,0.10748973223915281,0.19106184861656003,-0.051398795575726283,0.98023136749268891,-12.386275679796796,-3.2989001348676563,-3.8681230326767158,,0.0970286044567454,0.2916666666666667,False,2
-0.72993205101469594,-0.61397051170961803,-0.30039875441237551,0.66387788732546504,-0.74141983519064758,-0.097789461120039431,-0.16268174950422101,-0.27080775235746168,0.94878754715760427,13.712160517387828,11.775213519200705,1.2657465658969829,,0.4403980619141766,0.2083333333333333,False,5
0.92439717302425284,-0.30199885730649567,-0.23299475678722872,0.33382267177356617,0.93606087366609869,0.11114164206730848,0.18453262669437875,-0.18051795195223824,0.96610609081417276,-10.728347266745391,5.1246423440126589,-3.9498636813328893,0.2282184299802337,0.457859632449336,0.3908045977011494,True,7
-0.90675929259963983,-0.34635234445657687,-0.24047377980485457,0.38081026261592882,-0.91755040330913928,-0.11438881620868166,-0.18102797897172807,-0.19529800530642599,0.96389188187926111,-6.2160014410101887,-6.4114637250496092,-2.4771259485932298,,0.1440638778913562,0.375,False,4
-0.80366119966446348,0.58263860066141204,-0.1210823569855965,-0.57391324031916635,-0.81264574698000513,-0.10114584767386345,-0.15732853759007179,-0.01179622543957036,0.98747586316079072,17.226337887115871,-3.0576164834804396,2.8405194170537769,,0.2235352095562787,0.4782608695652174,False,7
0.96298833260736172,0.26013220774033496,-0.0706024486702274,-0.2373515074834176,0.94250676066184358,0.2352557501997932,0.12774088287405108,-0.20979094499729384,0.96936578557307285,-27.700680320684302,1.6917555778211599,-6.8662945273823848,,0.2928461797702273,0.2727272727272727,False,2
-0.34837783464111616,0.93196189925072959,0.10039871849650758,-0.93551003158595936,-0.33897684669662759,-0.099577498490620461,-0.058769593607626673,-0.12861460161499907,0.98995172565060474,-18.504705522467514,9.5694285029758284,-5.486006916171255,,0.2685730795447504,0.2222222222222222,False,2
0.89910844521031075,0.40440677822239457,-0.16750869075746624,-0.39750270235049168,0.91457916993840238,0.074407953464934076,0.1832910400853078,-0.00031566210785238802,0.98305864269731136,4.3495941992105438,-7.1160210837600726,-0.11262073596332234,,0.1388592114063417,0.2352941176470588,False,1
-0.95894191869270795,-0.16859596026218274,-0.22804779928168345,0.20772121540814098,-0.96500773566695119,-0.16003739179425269,-0.1930862326612417,-0.20083692958770061,0.96040732737233581,8.6200617356037306,-22.01905212076597,1.2684925166555086,,0.6858867222915095,0.6065573770491803,False,1
0.31354753586305856,0.94416078796203196,-0.10123413075202881,-0.94508901046811133,0.32063631190927394,0.063238578238485388,0.092166724182918686,0.075846964079873888,0.99285071032520111,18.073576356148511,-7.2957149928637604,3.1663540318012942,,0.1426264738923593,0.4166666666666667,False,5
0.82244814781297315,-0.52247158746646671,-0.22494995987836763,0.54646607944618764,0.83551306348046916,0.057382443030895257,0.15796793400472767,-0.1701216066340521,0.97267917155788119,-4.8247603580529397,2.1961562264483634,-2.6067029761324898,0.2871380106277602,0.2811940913219579,0.8379599741768883,True,5
-0.96172843472213221,-0.11688870868861673,-0.24782140268351679,0.16869085195983702,-0.96530035490406729,-0.19934548223410159,-0.21592085196196881,-0.23352142215049532,0.94807485521177515,-15.969460401804312,-7.7762202505274338,-4.4194633698932986,,0.3635546375265625,0.375,False,4
0.93652572473481532,-0.27629432984532593,-0.21582634270461376,0.30086317034583676,0.94939862999374169,0.090130982993957054,0.18000255453570435,-0.14934418187973422,0.97226302804297349,0.23582786769920464,21.722864692940419,-1.5321832979638617,0.3084550988750282,0.2847926515245617,0.8426966292134831,True,5
0.86652534635454448,0.4679488207535526,-0.17365979753672606,-0.46338462142257925,0.88350382299350794,0.068525085807386713,0.18549532811957856,0.021092555824656911,0.98241874337504087,16.157201574361768,5.9491398056718898,2.175925213937004,0.4104991593322999,0.204578610806263,0.5454545454545454,True,5
0.60688555994872384,-0.73334756048955152,-0.30641682827440819,0.78685884275434259,0.60870891272187722,0.10161998402010983,0.11199588700046635,-0.30277849180048166,0.94645766212652405,-1.8553402500558072,-7.5445724179136597,-1.5096914282338776,,0.2256925585441614,0.3690476190476191,False,1
-0.16916221899703351,-0.94200970203469248,-0.28983075222706911,0.98497376937964676,-0.17196406660305871,-0.015969766165757977,-0.034796800112220951,-0.28817716958469819,0.95694467009963646,-0.45232018289287246,29.141083552718751,-1.4379920425784674,0.2590349690306085,0.2777942776721301,0.6842105263157895,True,4
-0.48741759850006977,0.87265701046475219,-0.029896935614660058,-0.86762627471410536,-0.48789139357379135,-0.095846937887180711,-0.098227959859450223,-0.020778117415840042,0.99494700247727019,6.1255337489182384,6.1183406283121284,-0.35439961758137778,0.3786623998399785,0.2864561757694327,0.1744186046511628,True,5
0.75034094732741052,-0.61468487461459465,-0.24320971955052612,0.6433724463487428,0.7635699631960724,0.055070923217106271,0.15185637307350522,-0.19779640093993206,0.96840912104965837,7.181464131278287,-0.97241598670624763,0.34030184171335209,,0.1750179957583847,0.6428571428571429,False,5
0.81510726349120566,0.563597406160952,-0.13400788324768093,-0.55542975151369289,0.82604199408903034,0.095668255627740229,0.16461451982530173,-0.003547924754569054,0.98635159658846827,-0.12434447186187564,4.1742365969131434,-1.7383748288972201,0.7624050579977426,0.5744239299432415,0.3156934306569343,True,2
-0.32866941273080519,0.93888260392274814,-0.10235171315824443,-0.94284729425447766,-0.33248199630785719,-0.022241893987519919,-0.054912629259558705,0.089191805578662242,0.99449958520123094,5.6550915961514008,-9.9722790602251621,0.30591783893630176,,0.2368767869753508,0.391304347826087,False,1
0.044235013391192401,-0.94126937007160016,-0.33474652583005871,0.99901850799881309,0.04090674081929515,0.016989974436967644,-0.0022987531635274248,-0.33516952653926668,0.94215503194184436,0.93666038288300446,-19.606208346477167,-0.62946020389136048,,0.4732906385426804,0.2666666666666667,False,1
-0.46107180204632287,-0.85063715423898179,-0.25264446399231222,0.87934133617409493,-0.47618968175606102,-0.0014837400778374907,-0.11904456246848778,-0.22284483125544474,0.96755804649096822,0.9573101532211159,19.144626956327716,-1.4701389314750175,0.1854755144551144,0.1736321276794544,0.53125,True,5
-0.83217020272366404,0.54694176677030815,-0.091364421199002219,-0.54116958582491392,-0.83697216376354433,-0.081320824289113414,-0.12094723261383825,-0.018229120854929892,0.99249154458660738,10.580945416370087,-5.4788240491755182,1.3446657725800117,,0.1234215928297206,0.2727272727272727,False,7
0.97464078232842266,-0.11111561993516149,-0.19423867902316863,0.14860115431864035,0.970367534764628,0.19053751444266054,0.16731121408144889,-0.21456972405547842,0.96227168261429596,-18.510604399900185,-3.4635867396761642,-4.9784683951034427,0.4565215222748514,0.4916830357438972,0.3333333333333333,True,4
-0.043306455587696906,0.98677300143449376,-0.156216498950626,-0.99906139279690376,-0.042626571104988575,0.0077012244832828543,0.00094038669779860674,0.15640338575552462,0.98769281489594085,14.480396824387421,14.974990165913127,1.3759069063855991,,0.1207134282019219,0.4054054054054054,False,5
-0.4259877552524643,0.90252888571085832,0.063055870721778595,-0.90163718469315368,-0.41774272178413996,-0.11198841714651217,-0.074731650279979842,-0.10455921219047926,0.99170688794246864,-10.212693502911407,15.299510096824315,-3.8313194375127448,,0.6151916027254983,0.16,False,1
-0.96077277978714914,0.21914910227165052,-0.16996863414643529,-0.18828946054365828,-0.96540168302438545,-0.18040695513716537,-0.20362402772819627,-0.14132678934729506,0.9687951248558867,20.078515230994068,0.65284750140052494,3.3480599456376656,,0.334330583390426,0.3620689655172414,False,5
-0.06313897145265232,0.9964982204477032,-0.054815754381946219,-0.99760631269297517,-0.064570361579984387,-0.024744964751564343,-0.02819778642069689,0.05312217098341121,0.99818982152243096,-2.6282953776147546,-20.914009548173244,-1.3530289795547774,0.3952294065035323,0.400423511157313,0.75,True,5
-0.85694144919403636,-0.4314635051172962,-0.28194076754722741,0.47299405020100843,-0.87564181127895502,-0.097611714535476041,-0.20476323187444775,-0.21700382967128978,0.95445343353163281,5.9891861410548497,21.671537846275534,-0.40105433755019859,,0.297929756539108,0.4117647058823529,False,3
-0.086553129039330781,-0.95844471112774976,-0.27183136604289176,0.99578352121823477,-0.091554250396151879,0.0057443976717904358,-0.030393004519361052,-0.270187999262814,0.96232775618842215,-4.7442380307942464,13.144218715696988,-2.7990579726349107,0.1572475764098742,0.1398769264521052,0.5921052631578947,True,5
0.019777789797214208,-0.95465047259086777,-0.2970712275074287,0.99977365830906439,0.016553933922059921,0.013364109510729248,-0.007840355989870592,-0.29726830045219638,0.95476179561407659,-11.839142251142045,0.97198480607400961,-3.9740273444287322,0.4169356810295572,0.3086470468565662,0.7844827586206896,True,5
0.50172757943238344,0.86285487510579206,-0.061244596031714588,-0.85748439188694681,0.50543393160163419,0.096213608476069828,0.11397347808676021,0.0042432642954628175,0.99347473093225902,-12.949365933566531,-0.48371522343633289,-4.0995919337726789,,0.09693808091636416,0.36,False,5
0.89852609475867318,0.4136690370419363,-0.14672690561218119,-0.39852756220200575,0.90897969512591181,0.122195319117109,0.1839201979203354,-0.051320966881019489,0.9816004885671884,-2.0480921822144165,18.14407222428818,-2.0697579869127489,,0.09522166417001857,0.1666666666666667,False,5
-0.39928088864349809,0.91612874736213379,0.035817456927374453,-0.91459377430530397,-0.39527744575242407,-0.085287565807779936,-0.063976557941446952,-0.066812118183196406,0.99571237860028505,-17.333527387545871,20.038913007814848,-5.0667541067823212,,0.5960250193234813,0.8705882352941177,False,4
0.60688375614642498,-0.76313237873677586,-0.22208349567033955,0.78671709975044324,0.61651732740265042,0.031346291208780894,0.1129969534361831,-0.19374043856625411,0.97452364310892836,9.1592723142373824,6.5964599139181335,0.36837608503918384,,0.06720966949518319,0.3333333333333333,False,5
0.70008692493224234,0.70766892063254794,-0.095304754916435169,-0.69728974777403996,0.7062848730987703,0.12226481783845285,0.15383531840293688,-0.019140971830575421,0.98791108810927342,-4.3257460648099935,6.7559744253726066,-2.7021974388664853,,0.4964273102969188,0.6371681415929203,False,4
-0.79391681993709862,-0.528784476591871,-0.30013840196886865,0.58327395768862333,-0.80175143200525334,-0.13033085421256407,-0.17171946104974656,-0.27853477088684531,0.94495016170367296,-2.5311300266085217,8.2884667075238259,-2.4002997639506845,,0.1830549859271745,0.2808988764044944,False,5
-0.16291077618701724,-0.95290533659214105,-0.25579581407122354,0.98571229844961283,-0.16843743994918942,-0.00030579166550628173,-0.042794201561929444,-0.25219089657951499,0.96673078361821874,-12.950692590338528,2.870783846054747,-4.2895724316684678,,0.09655372711622418,0.6363636363636364,False,2
0.77078452859499813,0.62167838054941404,-0.13930973273983685,-0.61578867432895457,0.78305502594311649,0.087344919219234873,0.16338763431415487,0.018461243259418905,0.98638920485300396,-26.205942768704006,-14.936501343404744,-6.0507741700941633,,0.4042556001961196,0.5882352941176471,False,3
-0.9246378473108211,0.33572903616313993,-0.17980785744060071,-0.3306486213024632,-0.94194300984691159,-0.058436764381007852,-0.18898767301385208,0.0054203761410196935,0.98196449985287115,-6.6325431859859618,-1.880410325501684,-2.7296328308079971,0.5200359230636973,0.5969329152719256,0.976882923191648,True,5
-0.51158575922207228,-0.77821559785628225,-0.36422588350413165,0.84336798574447047,-0.53587398676904441,-0.039617053468990408,-0.16434856732716185,-0.32744397010395448,0.9304676216075819,-13.592876501492594,-13.945065301410624,-3.7731995608692808,,0.1968854764509671,0.3636363636363636,False,2
0.83888869239143993,0.52571261718032514,-0.14103902266817325,-0.52265324466069019,0.85036273784982697,0.060965563412471155,0.15198469535921483,0.02257118104929802,0.988125090341606,12.287668493011708,-8.3084607217813993,1.8381921283616103,,0.1257699977620035,0.2,False,4
0.87757387050736635,-0.42925811040008116,-0.21354525623031556,0.47337282724970697,0.8464152719596294,0.24392489379955709,0.076041227135932948,-0.31514863485228317,0.94599105161011099,-13.467553372240372,-9.234534344339373,-3.815030531355847,,0.4785250795910654,0.375,False,2
0.36253128226184622,0.92183454182007463,-0.13708445166741012,-0.92831838542345002,0.37019341283144896,0.034377498178365169,0.082438126291060107,0.11479509834299209,0.9899626461286517,-22.007048308647903,14.979487302700401,-6.0651698118540729,,0.09945344126684372,0.2608695652173913,False,1
0.90863651052984462,-0.29579852631223463,-0.29475909411527379,0.37853427098360276,0.88149110328582314,0.28228574267726247,0.17632781239231371,-0.36807155100530592,0.91292487966835945,-15.350625515387959,-5.5141611544781188,-4.3573125286769256,,0.6282623765700789,0.4761904761904762,False,2
