axis_00,axis_01,axis_02,axis_10,axis_11,axis_12,axis_20,axis_21,axis_22,location_x,location_y,location_z,dbh,dbh_approximation,score,reconstructed,number_clusters
0.044208973409162092,0.99327550438515688,-0.10700158437387783,-0.99446163563651913,0.05397658580168984,0.090180837389836066,0.095349996944138621,0.10242216836996221,0.99016063217497607,-39.59279098908975,21.32405974753306,-18.931818530315773,,0.292603446234657,0.2307692307692308,False,1
0.026835781738981906,-0.89281961447247682,-0.44961425336801153,0.99865881875003992,0.0040229497393756697,0.051617628850698719,-0.044276455947057806,-0.45039643858340095,0.89173014054710331,-2.119013697530205,13.169314851293398,-3.6835967211179876,,0.3459951784840766,0.4,False,6
-0.46576053383272503,-0.76755224286998358,-0.44037561193725783,0.85822581542788801,-0.51309749456119613,-0.013394431983540303,-0.21567469683992466,-0.38418031644044781,0.89771371249565191,25.760063657187334,-9.3744836566056282,9.2989304710058232,,0.7177285866930943,0.4888888888888889,False,3
-0.93667173885746469,0.19906688807235826,-0.28812918578117014,-0.20932350157716381,-0.97783414837713312,0.0049040753503115792,-0.28076631798206847,0.064905718860156086,0.95757899013399328,-8.8624304311908801,16.397101974516087,-6.7849158570129378,,0.1180907838515242,0.1612903225806452,False,5
0.94875632261574983,-0.08935721937885463,-0.30311174118056938,0.15090378500863311,0.97086834637835229,0.18612549978611229,0.27764993781145625,-0.22232845374679577,0.93460182467607644,1.1266448689681745,20.673367033886056,-3.5670698975539299,0.1948533987732455,0.1384504563668199,0.4375,True,4
-0.7788668287139725,0.57790533471681227,-0.24370450803152804,-0.5963405020679996,-0.80272819539539775,0.002334504344610952,-0.19427935742720151,0.14714913667126239,0.96984672131970251,-13.83467099576059,11.819279502296906,-7.9636058399925576,,0.09770174760540642,0.2564102564102564,False,5
0.44992211020153494,-0.71738749885396058,-0.53190720171835948,0.8904921217208468,0.40557499022724275,0.20623459567995878,0.067778137366720267,-0.56644867710166813,0.82130507139848319,-22.91242797097058,12.97927633017396,-11.963564185966435,,0.4666717966488382,0.131578947368421,False,1
0.30628587056074652,-0.83198806029797956,-0.46258494681134171,0.95178539113050276,0.27639405556098534,0.13308228763102753,0.017132855144493045,-0.4810428188552005,0.87652967531193227,2.9422582834350699,3.4216001194493475,-0.52957971380849933,0.4612840792809455,0.2837593211896544,0.2222222222222222,True,5
0.19063820363544037,-0.81327139095830625,-0.54976969720365232,0.98149296842100497,0.1475680256931948,0.12204601891556406,-0.018128106762096072,-0.56286172586324967,0.82635225497572629,-19.51436070192608,16.361774145709973,-11.030639730715421,,0.2209175878822015,0.2,False,3
-0.91439410028174428,-0.21820628071411591,-0.34098306178878052,0.27180389690253665,-0.95513292104277225,-0.11765944402765183,-0.30001011816026157,-0.20026762643326401,0.93267722541308595,14.57312367036239,17.943497135659324,1.9507873172939592,,0.299301723824436,0.2,False,4
-0.61786581542041041,0.74266647041971068,-0.25824087176355476,-0.77550407810969701,-0.62978774067636079,0.044281220951944519,-0.12975075710800688,0.22762670187852446,0.96506519242059774,-20.954003616912871,12.615663187380113,-11.098192747241601,,0.09813845519422765,0.3809523809523809,False,1
0.8651468861519287,-0.31209540080189369,-0.39257779634096568,0.43665133305918047,0.85378580522464909,0.28352321269084868,0.24669105926089846,-0.41670884271299657,0.87492700363260778,13.943661706776362,14.757799474506259,2.0352251946244415,,0.3739763108761127,0.3333333333333333,False,4
0.75029769006685831,-0.54105447510319382,-0.37988607667449881,0.63337947176688281,0.75295958850710032,0.17855616152774501,0.18943025372057226,-0.37458231811715964,0.90763663760853897,-14.13383674820443,9.9909982525505008,-8.0536299869682217,,0.2416092389012544,0.1904761904761905,False,3
0.70435276948830849,0.66866424088445298,-0.2382756997189725,-0.65232825814881756,0.74208812242760935,0.15418515548649142,0.27991966657360351,0.046833230875972409,0.95888040377882322,-10.071641100562871,-12.874698803571158,-2.995319906330443,0.3096273140240126,0.2658878136600914,0.4696969696969697,True,5
0.33930680148449099,-0.83634750092258525,-0.43057374765179551,0.93858076598007578,0.3315349801655465,0.095659305134874431,0.062745838097999676,-0.43658609073947696,0.8974717517416374,10.38915401902659,-8.4947999170582413,3.7564828209493428,0.8034795144094953,0.5373364533387978,0.611764705882353,True,5
-0.93306035446097713,-0.18122242090649648,-0.3107359153589182,0.18377759243985117,-0.98273706734954014,0.021299130832936282,-0.30923158223274694,-0.037232923844565079,0.95025761661342001,0.86654488630403126,24.896959915336648,-4.1865988455069765,0.22496680586349,0.2020782814156327,0.6909090909090909,True,5
-0.72170966251376456,-0.50983231537006013,-0.46819458907453443,0.63401273255368251,-0.75832827262968316,-0.15154565612479354,-0.27778232124107749,-0.406213295123246,0.87053302112615727,-3.8937261981514797,-18.573566419949763,-0.17081041549270634,,0.5063332555165574,0.2285714285714286,False,1
0.93279964778626123,-0.15696565625848741,-0.32441732358979991,0.21775401106374931,0.96275080958272496,0.16029369704843854,0.28717243557743333,-0.22016507761938642,0.93223351733424331,12.603224746248156,17.205711945165131,1.2810839492013868,0.1793690290344898,0.1748952452190358,0.4117647058823529,True,5
0.50674144751005046,0.86132180484637921,-0.036576684808722726,-0.83174884644830238,0.49962032655273347,0.24201939122157246,0.22673103406313699,-0.092218641236562537,0.96958174508452122,-11.433167135738147,13.754743612223463,-7.3398794411272785,,0.4139994335806026,0.1612903225806452,False,1
0.52071953493937562,0.82135359494732807,-0.23287214947181217,-0.82292408810694306,0.55550838046890427,0.11919053839198966,0.22726000780136701,0.12957125952894405,0.96517572366808257,-31.707203058387513,8.7515441459753003,-14.5021965065614,0.3458170972342683,0.3898129278884651,0.9058823529411765,True,5
0.090651140791971743,-0.853041030926458,-0.51390988531943949,0.99502759316299161,0.056202108994124311,0.082227804232369098,-0.041260871505318056,-0.51880856055055413,0.85389414916726292,-8.5522764344076858,-4.5379370182498091,-3.8259636243448107,,0.6396331897329617,0.4503816793893129,False,4
0.32422419393490481,0.90471277892167379,-0.27635748537552751,-0.92936608344585936,0.35914570717127675,0.085399320611751775,0.17651446118595043,0.22914874792646656,0.95725309940264369,9.7230690428499447,4.3378121281181059,2.0167102630883251,,0.08534300662432523,0.4545454545454545,False,5
-0.4578906499004457,-0.8171569578460357,-0.35012948887170314,0.86387166632608559,-0.50197502921406001,0.041794905963965054,-0.20990925861605186,-0.28332944832713075,0.93576841518503073,-6.4671666804532704,3.2681502351182825,-4.095860228295737,0.9996369847666732,0.539379329633373,0.9298926014319809,True,5
0.73338174987819427,-0.52758174404759117,-0.42872918292705564,0.65571111945295413,0.71542098064060522,0.24127939879937865,0.17942724645758903,-0.45807240018029693,0.87061790667416827,6.5517573172548662,3.9570276975325798,0.8358785958576993,0.3746972335486453,0.2187934991455348,0.5,True,5
-0.52094089878077421,-0.72654081920076197,-0.44806139982436111,0.81692793743749148,-0.5765466538591727,-0.014923168494609326,-0.24748600972904775,-0.3738079640121092,0.89387822494426872,-8.6143261466239505,-16.601195483708302,-2.1482282167902116,,0.1473813333256874,0.2758620689655172,False,4
-0.73948945790229736,-0.57802848411636432,-0.34501943887483216,0.61312333704390432,-0.78993257097115699,0.0092901502164891847,-0.27791206383227274,-0.20466950156052999,0.93854956177468385,-9.7801749570161771,28.449962041408455,-8.9256757962807018,,0.1255188050500658,0.4444444444444444,False,5
-0.69250326028452491,-0.65137082604858765,-0.31008915083905253,0.66841799309866146,-0.74103757150523453,0.063880389162738166,-0.27139753314512982,-0.1630317901220672,0.94855891457111574,-8.7148325579511923,-8.6108606987009431,-3.0167069664000397,0.2663317451134038,0.2552671855801545,0.8774703557312253,True,5
-0.92308894965552613,0.26215236974830175,-0.2813946091509355,-0.26977118459704869,-0.96284907588385771,-0.012048445157243834,-0.27409906782943139,0.064790370464688871,0.95951649746634693,-7.3705867666459763,-14.203486257506604,-1.9053827283191382,,0.1049515744430189,0.1428571428571428,False,3
-0.3983675625312324,0.91567845145056581,-0.053256536425297596,-0.91590137503101599,-0.40024039753387419,-0.030533512706887381,-0.049274296942927107,0.036614173908760206,0.99811394436194534,-31.096845507373224,10.006516228432471,-14.551522049695926,,0.1469337728377041,0.36,False,4
0.58873660430155683,-0.64277110602796084,-0.49013724201601394,0.7978216412568726,0.55950559795995847,0.22457540959254735,0.12988394626613081,-0.52325786291948062,0.84221812459438072,3.5017132589101752,-19.28457695859181,2.5635776289552785,,0.6124708627540448,0.3214285714285715,False,3
-0.88762956702128604,-0.28706145037987335,-0.36015201714749367,0.3372467657568744,-0.93767969903695503,-0.083793800489622303,-0.31365326514502129,-0.195837957811478,0.92912277097491147,-10.68533014928718,-17.869180888075082,-2.751396487989402,,0.4066323700666243,0.1785714285714286,False,3
-0.3875790513970595,-0.85970587717929436,-0.33269848761534199,0.900270085138134,-0.43061060090553521,0.063939691844356383,-0.19823282453603136,-0.27473681065913635,0.9408631314624426,13.923538836391014,-6.3194469869575709,4.6987762518901235,0.3113615484798859,0.265167702430337,0.9107142857142857,True,5
0.58852825202303438,-0.68964564342415524,-0.42192817288822304,0.79942093196558317,0.57429463857552054,0.17638549157651989,0.12066760172469683,-0.44110605823259197,0.88930578277919403,-32.22794822129174,7.1359306658162911,-14.568801226506878,0.5428963390579494,0.2569589942081447,0.4117647058823529,True,5
0.55869880580805287,-0.72580254654926946,-0.4013306714060747,0.82431166796216371,0.53931429865374569,0.17219280277948185,0.091465394822800097,-0.42702546843275474,0.8996017623702699,-9.2343361626642082,22.03163678445209,-7.7794939378348458,0.4704641942690438,0.1933150324908294,0.1666666666666667,True,5
0.12151250211765623,0.96236058321649398,-0.24309837453244298,-0.9847115565179001,0.14767288806115048,0.092389764540089472,0.12481130673621216,0.22815526731348601,0.96559168995383926,12.173237511348205,21.188848187247022,0.65629922818323094,0.1814803225278562,0.1777056314717146,0.4545454545454545,True,5
0.93955887185609377,-0.11976749356980176,-0.3207567205851079,0.20368522000534484,0.94853905122780502,0.24245824268774763,0.27521165939669007,-0.29313719617248163,0.91560314916029939,3.787270272077409,12.098722428936016,-1.3839199355613305,,0.1570383998131863,0.4032258064516129,False,6
0.61081261392000952,0.75355895133076922,-0.24301616725122466,-0.75133471579223365,0.64847517536182286,0.12237684333588396,0.24980811740535469,0.10783716339334615,0.9622718174557896,-23.856759597408715,8.3743702312624251,-11.656830071254308,0.1866553043214556,0.1625844119257331,0.3958333333333333,True,5
-0.28820885840697519,0.9488903306172799,-0.12861879488152822,-0.95749623432116004,-0.28721541822331337,0.02661324474025839,-0.011688250362894281,0.13082218464708428,0.99133694615282975,-9.7676305132962717,10.921010202431395,-6.3343274795603524,,0.0710504860684322,0.32,False,1
0.9386880175767609,-0.15929313493207772,-0.30576216708632142,0.20803906148751294,0.96891146216614188,0.13390417237138641,0.27492645298917218,-0.18930471638757984,0.94264477392080903,1.475940385619209,-7.5381680740396488,0.37623023581716014,,0.1871061233471898,0.3076923076923077,True,2
0.95404142663458436,0.062180495545021031,-0.29315276263208434,-0.029474054174139609,0.99296328400280975,0.11469610609299785,0.29822179061159743,-0.10078443627927854,0.94916081936007124,-10.490251502067608,-15.770209464405191,-2.9224241822698449,,0.2023310778942279,0.6744186046511628,True,5
0.6707562514680685,0.72846994766056261,-0.1393470002257762,-0.68774758539580505,0.68124038947060428,0.25082820921136328,0.2776496171413626,-0.07240902643563607,0.95794969752691006,5.9072891899291147,8.7309806011304634,-0.012611777311637953,,0.6786638152840023,0.3707865168539326,False,5
0.92842871451993703,0.21907280326674367,-0.30004537810755694,-0.1650509455579422,0.96678305879835125,0.19516327162386876,0.33283375343448185,-0.13167241202831131,0.93374732582501163,4.1526062733353948,-4.9822605144263923,0.95958032083259159,0.4584378034746779,0.1637853060238224,0.1879699248120301,True,5
-0.87406364815478166,-0.36230202928448596,-0.32365101351718023,0.3785325022614201,-0.92548614684794117,0.01373086757127661,-0.30450925060835599,-0.11051077580442269,0.94607689155007013,-14.25212405852511,-7.2751611758466925,-5.4977932573279711,,0.1504014124339038,0.5319148936170213,False,1
-0.92824695997135698,-0.15045806213297314,-0.34017635550273617,0.20917087487130775,-0.96738127650652284,-0.14290210274933771,-0.30757946356918131,-0.20380342834162768,0.9294401735381862,-13.298718702989563,-5.381918274608954,-5.619393912923849,,0.7416262133751385,0.7317073170731707,False,1
0.8169835882653963,0.52687670701351663,-0.23439017068041029,-0.50481242276409333,0.84992697192115008,0.15095880306889226,0.27875120507012235,-0.0050077946782056404,0.96035029424914409,-30.292572155867667,12.301753276114978,-14.647079392712428,,0.1116145368966768,0.3703703703703703,False,3
-0.88365410693105395,0.3660899783633797,-0.29177653614672955,-0.39981039175088878,-0.91439168234919432,0.063557075913019262,-0.24353042921139137,0.17281776237560931,0.9543725431169976,10.117651603543024,2.365423774423749,2.3951931056959346,0.3449610914937926,0.2956079900256302,0.8551724137931035,True,5
0.94485309979678733,0.14500948664252483,-0.29364071343748532,-0.11841685678499417,0.98723637262897479,0.10649785250204991,0.30533599171006059,-0.065852815748892624,0.94996491452283549,-13.981479107702878,-10.286922384525479,-4.6822900195905097,,0.0847460434438975,0.375,False,1
0.57293055406145599,0.79085748204412232,-0.21516278330060892,-0.78915505454168,0.60318843539596256,0.11574977881572557,0.2213252812359035,0.10348021308154703,0.96969426387209645,-24.675495279942535,10.000664638973721,-12.176639657818381,,0.3117170752659136,0.2307692307692308,False,4
0.46679497486913163,0.87300686418626805,-0.14128505413024381,-0.85749530315779188,0.48588059579112003,0.1691799388107037,0.21634291414154061,0.042178925037574783,0.97540590616595169,-4.7265976489599195,17.064272562307799,-5.3139531095633492,,0.1125545382662612,0.2857142857142857,False,1
0.9464347186298343,-0.063740328352234185,-0.31654145686405172,0.11533683189572944,0.98238456312261813,0.14703055922712194,0.30159366468863896,-0.17566371475046672,0.93711446512138774,23.853368713035913,-1.497822634812221,7.5990677956731885,0.3011350335192791,0.3202335091753748,0.3243243243243243,True,5
0.9401021624818281,-0.084072296078463296,-0.33036309286765808,0.16897384471851493,0.95660234178617642,0.23740218931224266,0.29606716112739168,-0.27900503350530775,0.913509949251057,-18.334936965026063,15.406696172200357,-10.308887998775967,0.1062420816533717,0.1639040527486881,0.3478260869565217,True,4
0.72875079530964038,-0.55371916188884884,-0.40288629672983139,0.66814527950571567,0.70384949861458146,0.241200681537661,0.15001387872392444,-0.44496176583737346,0.8828957260815633,-6.4116217555098629,11.163758432171718,-5.0638487166446806,,0.1136432856746283,0.2608695652173913,True,5
-0.807641016796803,-0.44084895286400877,-0.3916225079667075,0.51049563878995396,-0.85514034267216588,-0.090162060263552765,-0.29514435580553439,-0.27274016039673848,0.91569788366190874,4.845256210089695,4.6223377402216803,0.08261537522702446,0.4171817976672191,0.2696425307393658,0.3387096774193548,True,5
0.03489146080089664,0.96823914914947429,-0.24757935297088168,-0.99377277349582838,0.059845059682332349,0.093990656397465511,0.10582183433293829,0.24275814895883313,0.96429778621154816,6.3831132420041525,16.590246889361111,-0.9863674910022201,0.1730719734926016,0.1483865114649597,0.4444444444444444,True,5
-0.011790793425908962,-0.88456742392355148,-0.46626328369671055,0.99583556828640751,-0.052544695516015122,0.074502187275391096,-0.090401870147003724,-0.46344312219125766,0.88150324694101012,-6.8218781220187275,8.362659531525189,-4.9734845905124718,0.4100039744201488,0.4293123606944144,0.4692307692307692,True,4
-0.92139419811773549,0.28429818319709332,-0.26496655393805491,-0.29016196089877189,-0.95681542338106784,-0.017614824083392294,-0.25853194797230727,0.060653018151954022,0.96409669808930698,-6.654312249929391,-11.098893700743291,-1.9794012307344833,,0.08027585001272844,0.3714285714285714,False,5
0.59803976674024928,0.80081194723340809,-0.03238305985395934,-0.76162582019513947,0.5804279709211918,0.288148365576467,0.24954868745266767,-0.14766040681423434,0.95703806447293716,-23.424784581993833,13.714308282540383,-12.284179315745028,,0.2029122875575721,0.4166666666666667,False,1
-0.76512753361716357,0.58150174519477527,-0.27646984941643632,-0.61589794274494736,-0.78617909736539271,0.050913171068775187,-0.18774871883306704,0.20923228049506915,0.95967300231660968,9.5336795864353423,-4.7945906892467915,2.969158579615252,0.2564216349592687,0.1794685743065815,0.6666666666666666,True,5
-0.95642691154605131,0.042547424041845375,-0.28885511866311697,-0.043299154636218432,-0.99905496330161603,-0.0037899221883189865,-0.28874339140189664,0.0088823988768837493,0.95736532050827994,4.8663234967649078,2.0018828268843341,0.38969608619466733,,0.4112842978753901,0.4641638225255973,False,5
0.58313928550126948,-0.74213402178055232,-0.33043254594681315,0.8050339933612658,0.58245639562362295,0.11253806791460516,0.10894422076403912,-0.33163480051550898,0.93709632154285849,-13.230992548744888,16.434875981769984,-8.5841985278514308,0.3889711385087272,0.1819341534180275,0.4054054054054054,True,5
0.91024745258878592,0.29445672134322876,-0.29110962593398093,-0.27311838404986372,0.95539300206752131,0.11238576375324769,0.3112168429722551,-0.022791464547189638,0.95006559025899762,-18.069732425486293,8.4896253734399778,-9.4329338257365851,0.2198020866324577,0.1337610860688415,0.4545454545454545,True,4
0.47411781971308964,0.84911936317582282,-0.23282740412243638,-0.85486661057715829,0.50724519473232521,0.10911182585443313,0.21074954602757445,0.14730451283260726,0.96637777775998179,-35.537210811546686,10.330695782380653,-16.149440974238072,,0.1206951174083644,0.4666666666666667,False,4
-0.30071071752907563,0.92192668438124847,-0.24418077931923371,-0.95361332400780063,-0.29440231652951621,0.062840307899075451,-0.013953230376673592,0.25175079870350836,0.96769150183010466,17.04056617996342,-9.1229353176778982,6.1801375660666817,0.199465786069781,0.1376915566379396,0.3513513513513514,True,5
0.102192179890173,0.95729529446097417,-0.27044865977144644,-0.98800207314181232,0.12932170903137713,0.084426293538716252,0.11579577642028287,0.25857612955584464,0.95902540288938309,-12.219060465081757,15.292007719910661,-7.9391216216663159,0.1254916518475966,0.1074731516414794,0.5227272727272727,True,5
0.94694152820389998,0.16172474416008556,-0.27775321652362123,-0.08391168601928202,0.95860882883636234,0.27208076416090149,0.31025887757204335,-0.23433783391363319,0.92131710528156552,-15.731844904907486,8.5709472722171576,-8.472160986308948,0.4758647388344708,0.3089783464319581,0.3255813953488372,True,4
0.15358717455460283,-0.86015050682388228,-0.48636620505844458,0.98682745235279634,0.10820371729782553,0.12026443716170904,-0.05081888522217276,-0.4984305981513889,0.86543883650505604,-1.5646125521151921,18.181913441212938,-4.1907802605054032,,0.459219457678099,0.3103448275862069,False,5
-0.65116195961576862,0.74989604941215648,-0.11680760859375514,-0.74596110695673423,-0.66074198179758703,-0.083438962110516671,-0.13975023884500168,0.0328016549313766,0.98964333078969791,11.837857171380245,-11.509374120667555,4.5523513365947901,,0.4371792031196425,0.1666666666666667,False,2
0.91655764128161543,-0.24379418211322834,-0.31699603621500749,0.30069087540176365,0.94272943847336932,0.14438214323734702,0.2636419686969535,-0.22765237227718654,0.93737255653137552,17.376565285828736,7.4464539800184673,4.4773217395216598,0.5988955333608516,0.4917741193056092,0.85,True,5
0.050308850876657964,-0.85879274013677853,-0.50984708394952538,0.99658797850989034,0.0097214621056716938,0.081962761447499879,-0.065432565386373001,-0.51223092708552098,0.85635159643925862,-27.789939864946057,19.190579099395684,-14.457955366841633,,0.3996540910509482,0.4166666666666667,False,3
-0.86851551789124004,-0.34874293609504992,-0.35222032835416567,0.38888668115306957,-0.92003555761377021,-0.047976264423896131,-0.30732384288216774,-0.17864192467090306,0.93468664179285987,12.556415269926566,2.257858852106843,3.3081924565071197,,0.2465656688072612,0.525,False,5
-0.4734251375279705,-0.72088523318168973,-0.5061552328458172,0.84875519967806456,-0.52701170170153167,-0.043281373466019693,-0.23554882758373374,-0.45009237590769868,0.8613556773909905,-23.128789217124623,18.577619975805675,-12.744081390622503,,0.4150398418896462,0.2272727272727273,False,2
-0.95203332675031938,0.12260372799469091,-0.28035846810561021,-0.073324563529133024,-0.98093372945252844,-0.17997923992954698,-0.29707920347944711,-0.15078907223058025,0.94287146661454324,-17.964569456176601,19.617368139120163,-10.805867126449758,,0.374021698392106,0.3928571428571428,False,5
0.61043858059560696,-0.65150124243019314,-0.4504562913672473,0.78146969243466735,0.58809631353496084,0.20844146855329618,0.12911180862526186,-0.47925865367096193,0.86812515443051752,3.4001563661783099,-8.4438314901678471,1.2273087597049814,,0.3135041206433609,0.3571428571428572,False,2
0.49587608008180245,0.86592061641163498,-0.065485870811959584,-0.83955584871318156,0.49731620724925596,0.21868371429693928,0.22192992158380997,-0.053460977175038615,0.97359592944162165,-4.5192750535215618,18.199204447021554,-5.3103446904973843,,0.216896400816003,0.2666666666666667,False,4
-0.87609286886790794,-0.30418091365810279,-0.37407921204595418,0.37353302583865022,-0.91878375484067254,-0.1277086154051422,-0.30485137973547444,-0.25161554722830243,0.91856151272866926,2.2324194673253874,15.976673480265143,-2.53202798561728,0.583738813412739,0.3647412887091395,0.4666666666666667,True,4
-0.2072048430148985,0.96638250086612887,-0.15222028462362791,-0.97826019436058598,-0.20331312602650137,0.040874991314021676,0.0085524944174520529,0.15738054137999102,0.98750099748515785,28.063947671673173,4.7462711971614171,8.3684043439421938,,0.09422298258663997,0.3333333333333333,False,3
-0.36764280118176512,0.92623484742435391,-0.083233275533349915,-0.92929141811598281,-0.36931242175328527,-0.0050789127488863189,-0.035443348532726265,0.075480742944866647,0.99651714811601755,-14.884643153188009,-17.940235365299131,-4.2489907964598341,,0.2495311783743304,0.1666666666666667,False,2
-0.54894401068679843,0.78983356962923024,-0.27353867261840703,-0.82916667135293654,-0.55589295869976829,0.058869768009642845,-0.10556090303035275,0.25912535722072,0.96005778211347848,3.1793115631646844,4.8798492966967304,-0.66483086436628436,,0.08977063101692136,0.3706896551724138,False,5
0.23304216275524156,-0.82625540483040205,-0.51282877880137523,0.97232702592965825,0.18904028312564072,0.13727318020125226,-0.016477409539953844,-0.53062772010546899,0.84744481686451245,24.478443887268984,7.3965207636578878,6.854887904088085,,0.2658583132648878,0.2857142857142857,False,4
-0.58469872296315195,0.75662502450826286,-0.2926533369929859,-0.80274878984181497,-0.59170249081610626,0.074044194705040048,-0.11714001781099959,0.27822065820116015,0.95334751354233505,-7.0849649489630755,34.619718752016304,-8.4276623890842277,,0.2553245929520162,0.84,False,1
0.93932828850124028,0.27452859934407431,-0.20566092133293384,-0.19005606562176491,0.91564975767350743,0.35420927880678449,0.28555394996691247,-0.2936316900721509,0.91227154523401999,0.98078399280290263,10.254823689635582,-2.163175719182918,,0.4429527770675092,0.423728813559322,False,3
0.9017012291477815,0.33209154593848261,-0.27685754183256062,-0.30021183978946808,0.94171257104674955,0.15182320238600922,0.31113942952252466,-0.053783256211474284,0.94884119680149259,-6.5589907858942622,21.531262250675919,-6.6298553799629873,,0.1670824437511101,0.4736842105263158,False,5
-0.96033820325555808,0.0037468126625462839,-0.27881265531313243,0.032526868882400285,-0.99157792729502303,-0.1253603482047449,-0.27693417659905212,-0.12945723423655989,0.95212829300217061,-4.0005231051662573,-10.846347273701829,-1.0790446532174987,,0.4226808268533764,0.2727272727272727,False,3
0.32885814794719326,-0.86210955594558381,-0.3855119091235073,0.9439519142464925,0.31235404358756413,0.10672270163785232,0.028409542747567157,-0.39900133458649933,0.91651013790305014,-12.316016746988705,30.136213104286771,-10.059806681878898,0.5039281147426088,0.3890558340619122,0.2941176470588235,True,5
-0.22804872115435743,-0.88508198876122401,-0.40573840581135567,0.96210249200665654,-0.26883463421671711,0.045680787210238313,-0.14950777790618563,-0.37994448622929394,0.91284698155250243,2.1540191569358473,4.5235607772001885,-1.0197772690975102,,0.08200214577137557,0.2795698924731183,False,4
0.10459589554765941,0.98174108710111485,-0.15888403485594876,-0.99079218473450681,0.11667603194542536,0.068684425006657585,0.085968280799421704,0.15023695107061147,0.98490523058282142,-23.965104716782754,17.7767445713773,-12.964874071772813,,0.265884768675215,0.25,False,3
-0.43688635911510026,0.86601937905818027,-0.24318870104270196,-0.89692213035059321,-0.43992319845496458,0.044702030697817086,-0.068271526323250301,0.23765103525303441,0.96894839085301965,6.6822837626978213,0.87946837241420894,1.1639631744890846,,0.1017334056642166,0.3392857142857143,False,5
0.84223781267411257,0.49251380840161607,-0.21923871792104455,-0.4617034421173658,0.86892625252565847,0.17831741140083054,0.27832606496500384,-0.048962395830400823,0.95923786693168289,-19.96634851419487,13.433407486030362,-10.7456336552404,0.5221823883572163,0.3534651130579623,0.5411764705882353,True,5
-0.94897032486817245,-0.07053544957202465,-0.30737610979591201,0.075985148701588442,-0.99709218405522504,-0.0057821858133204201,-0.30607446756695289,-0.028843142159872989,0.95157054045086598,0.64176819617012915,16.533466720143249,-3.1718660692094676,,0.138704082205085,0.4310344827586207,False,5
-0.93863230904318118,-0.11024943223684472,-0.32682480186136498,0.12922497121861359,-0.9909301637228638,-0.036855358331299826,-0.31979727208626341,-0.076827555705185763,0.94436604738340335,10.923061361047225,20.118206872024366,0.38917672185369434,,0.1505205597132404,0.5,False,4
0.54419333177795948,-0.74006378761642078,-0.39516984691046542,0.83273518164668447,0.53375388359553044,0.14716966057769074,0.10200850403896325,-0.40916058217468387,0.90674245687417043,-25.232256001164593,24.812228279798276,-14.304059542052475,,0.09006877335576262,0.5,False,1
-0.58304117292827451,0.77242171106365565,-0.25184854763908565,-0.80421148537251941,-0.59271871270101051,0.043913715499645518,-0.11535543968685918,0.22814299877829267,0.96676982505821929,-4.7645417084633479,4.9054689152979032,-3.5445800901570643,,0.1517898236576064,0.2341772151898734,False,5
-0.58537425513593666,-0.7416778695143067,-0.32749186142065811,0.77336894838345105,-0.63205419914055849,0.049070959080333799,-0.24338745058101044,-0.2245471603505767,0.94357889001300266,7.5370561521927879,-8.4004044836376863,2.7449043532276707,0.3563371288488331,0.6282940553437047,0.6883116883116883,True,5
-0.91440499229325489,-0.24931781517332588,-0.3189108607532401,0.2607461728627184,-0.96538140111285287,0.0070840470658634358,-0.30963679272111483,-0.076677098423096737,0.94775823877758891,11.460961840752264,6.6138664088671026,2.4682536447508636,0.2327351490317828,0.2500743992937409,0.5555555555555556,True,5
-0.2432084417703459,0.93986908431590754,-0.23978273123562863,-0.96994556792477271,-0.23375874178107839,0.067545879992919861,0.0074329748237867699,0.24900392564797968,0.96847395210050169,12.869470138346184,0.36156187586586569,3.6192704601989512,,0.1009118163625778,0.3870967741935484,False,5
0.94935465356037807,-0.10218268910721057,-0.29712697590436948,0.14499402832144442,0.98140720642660118,0.12576417186566741,0.27875163410171566,-0.16247643897118166,0.94651937817715581,-18.858083529952026,-18.256361128891939,-5.645674471734317,,0.1867383998320058,0.68,False,2
-0.5335763069737125,0.81371835206054444,-0.23056185321116585,-0.83915569890274422,-0.54334387134051565,0.024395706092449933,-0.10542313614829674,0.20649426383455327,0.97275180872002742,-12.950762447161512,26.971680610848885,-9.8957842206695457,0.2091599749713033,0.2032374853193831,0.391304347826087,True,4
0.95381681512609939,0.0035307062220454911,-0.3003681362865856,0.050907434787629373,0.98356702333771018,0.17321761944426683,0.29604377423963257,-0.18050884941234652,0.93796302646628016,-5.963907783359371,12.857908670436936,-5.0810651732066869,,0.08813155197387197,0.5263157894736842,False,5
0.38657205672542522,-0.85833246583291545,-0.33738319913158493,0.92104815658316375,0.37804543747517616,0.093551806283791339,0.047247626541784618,-0.34691068778778028,0.93670733769132974,9.1996447113215822,20.117615882432606,-0.27894217835148105,0.2499746742800273,0.188051394826083,0.7083333333333334,True,5
0.64189234204654788,-0.60221069960955043,-0.47467514628193175,0.73028749442283425,0.66885033478835743,0.13899426298635958,0.23378279815165312,-0.43586867624237235,0.86911685080839718,-23.843470217455231,12.826516530870324,-12.309721463094952,,0.4479980317594382,0.2,False,2
-0.71335970270529392,0.67488340331242624,-0.18881294047191843,-0.67138572238407779,-0.73538359183171786,-0.091935763680365656,-0.2008958594272798,0.06118304338719105,0.97770010170136357,16.367037795282851,1.4853082578635917,4.645215218617806,0.6169189767977927,0.3862036387389693,0.2727272727272727,True,4
0.16060917655899115,-0.91221160476258845,-0.37692795139324115,0.98652626313259006,0.13630851041668085,0.090476085998638212,-0.031154848012631901,-0.38638061302871868,0.92181310324862553,-16.61742091588366,11.487297160566209,-9.0846583101545946,0.3323992728024157,0.1471055011104359,0.4,True,4
-0.9297311511510804,0.29372816914508726,-0.2220895072486791,-0.25028644808512113,-0.94644372645963493,-0.20396314998090564,-0.27010494346498026,-0.13404490029790117,0.95345439545890454,1.8929634337376864,-4.5733260575404495,0.038637857804657685,,0.6778511725789317,0.3766233766233766,False,5
0.73888903757782942,-0.51672177554168885,-0.43248305958540667,0.64888616090457474,0.71864782594547949,0.24998410439537816,0.18163078024892304,-0.46534278649709526,0.86629460965729643,-2.2784947920493992,-12.014704566348758,-0.34993796337434357,,0.175400433757701,0.2380952380952381,False,4
0.94886734322866306,-0.025111476300329436,-0.31467471889587567,0.093159600740289158,0.97471007303165424,0.20312942258702746,0.30161573855502022,-0.2220578467171275,0.92720993252189909,-20.088998161933002,8.7294835506072026,-10.272407226595845,0.357750899680611,0.308815698684748,0.6195652173913043,True,5
-0.69402150855667799,-0.64258005357658277,-0.3246921933250464,0.66566057703203829,-0.74453487644706728,0.050634118332646076,-0.27428113651158542,-0.1809936255768882,0.94446342737791966,-4.6605620067316069,6.2960683262367336,-3.8102818181890186,,0.07217558815795856,0.2280701754385965,False,5
0.92624186310309076,-0.1260143257672566,-0.35524132746168352,0.26496347409289484,0.88798854941755778,0.37585993867387035,0.26808649431095782,-0.44226318612871862,0.85588136196749587,-3.7950331070008279,-16.805302321855208,-0.34534227034950671,,0.4034324449910766,0.1666666666666667,False,1
-0.93062719347267786,-0.14077899633030061,-0.33780808303147469,0.19967499115546947,-0.9688769977291628,-0.1463122044751804,-0.3066967959992894,-0.20361394221309359,0.92977332606405372,1.2992542106459064,13.101483999141628,-2.4027624120847006,,0.6814748462352097,0.183206106870229,False,2
-0.58194151280981221,0.77970070715391482,-0.23110794649321847,-0.79216777129022731,-0.60775630960975568,-0.055700002321407593,-0.18388664388068357,0.15066212328656406,0.97133239769354096,-15.879499703290744,9.6264879251980489,-8.5788549571671968,,0.08136595838286391,0.2857142857142857,False,2
-0.29325933748523719,0.94728806598063564,-0.12901271653750554,-0.95596323196650301,-0.29218513601121243,0.027606981404479668,-0.011543834106474166,0.13142741854261716,0.99125858056782856,18.875554450498225,-10.890964235503251,6.9294598651900925,0.336406247047536,0.2637021989892938,0.631578947368421,True,5
-0.14567506668460062,0.95900918021338877,-0.24306412160761581,-0.98857368912518029,-0.13148116315553166,0.073720858003016879,0.038740626167753929,0.25102608629724754,0.96720477039891506,23.998298414842107,2.4319265122732232,7.3211426775720856,0.197916076790856,0.2000186587683613,0.4827586206896552,True,5
-0.75294850230489396,0.61498584028181069,-0.23422418562072791,-0.63189443351223906,-0.77504580448090021,-0.0036641305656121698,-0.18378786078809595,0.14524605746604802,0.97217570686450827,-19.649995705667752,-9.40070828940034,-7.2048962687001312,,0.7934729952868336,0.5945945945945946,False,1
0.90578486555977888,0.31874110469566647,-0.27920939364613062,-0.28472260523288501,0.94582083315592103,0.156064056200134,0.31382609099985997,-0.06186323419953163,0.94746299392753197,-12.838974852535941,12.578141278293117,-7.6665387502416547,0.8498215398840201,0.6341325551160152,0.8529411764705882,True,5
0.082655037039691362,0.98108244713655934,-0.17505820966897959,-0.98755813187039476,0.10421373302212007,0.11776431558944998,0.13377997244963297,0.16314634464227329,0.97748973866800337,26.964843907429508,1.5208564805255393,8.508473791265482,0.5981475415039621,0.3343499783891559,0.25,True,4
0.17311580786406952,-0.9285190603390282,-0.32845588996804143,0.98467331113006917,0.15598970586216676,0.078010781390654677,-0.021198759768353066,-0.33692664817755563,0.94129222154021919,3.3494376619739352,6.7378477000568076,-0.77954569668303408,0.4982672850787938,0.2234477201847878,0.3896103896103896,True,5
-0.46652999163042341,0.8420587780941623,-0.2707153138333403,-0.88117066767412033,-0.46901912572115934,0.059659987751462071,-0.076733443426333717,0.26637956742649421,0.96080898451128771,-8.6924865296993055,-9.6495224297829871,-2.9048886340590911,0.1260789235305687,0.1081833330300368,0.5,True,5
-0.48321988500435009,-0.77818635888663046,-0.40115400232224191,0.83645137899197775,-0.54566718272788239,0.050955041715582919,-0.25854909266675774,-0.31092332903239417,0.91459228629188205,9.6411493726537802,8.7702687510187971,1.4102017209719566,0.423494234947022,0.5090295136285486,0.9814814814814815,True,10
-0.86010523531039451,0.42319277420828544,-0.28482777260925007,-0.4543750266651595,-0.88936739915175966,0.050684953083448378,-0.23186702942567611,0.17301302027284152,0.95723778419020999,-17.318725780221992,16.600342773722854,-10.149818410436934,,0.07414615884611214,0.3157894736842105,False,1
-0.69253723324774719,0.7035897816662704,-0.15922813727593682,-0.70094301154983119,-0.70848828015265763,-0.081995435517973184,-0.17050241970426133,0.054824958013103997,0.98383085378222035,5.4253720397491296,-14.233380299655789,2.6186800033975355,,0.2800282298011901,0.2857142857142857,False,3
0.95551725668452914,0.016461100889155186,-0.29447547323264239,0.023268340673972848,0.99112184587735574,0.13090481636266679,0.29401591198496646,-0.13193376664895395,0.94665100470948038,-5.7757908778978502,-15.614909330927706,-1.2286880230950441,0.2092380931384789,0.1803826933130564,0.675,True,4
0.016329866138557664,0.9919462091592679,-0.12560276114184238,-0.99633497555163497,0.026692208573554289,0.081265875335156487,0.083963992070530513,0.12381536308561961,0.98874658224418477,15.358188966871985,12.141679504379663,2.9909646301101098,,0.1237064487758027,0.4,False,4
0.83218019823147127,0.51539271847132573,-0.20456408144678331,-0.48131856337925105,0.85457270966282017,0.19503313678982723,0.27533353994376242,-0.063842224634502148,0.95922656976115661,28.797323334913692,-2.3055937968936333,9.5382489103024106,0.3803923517463045,0.3341828825557026,0.2758620689655172,True,4
-0.94902756316581838,-0.070515323163718668,-0.30720396083166907,0.083924413721811697,-0.99600089252940538,-0.0306417176750714,-0.30381470855276171,-0.054861746962204194,0.95115025710308077,-17.128683808021361,-10.638013201052605,-6.0384726071602604,,0.1937517791257266,0.4285714285714285,False,1
-0.90081698990978765,-0.2968955040168314,-0.31683088609613341,0.35787941030412113,-0.92088286491823945,-0.15458679368028155,-0.24586801005873868,-0.25264166084509299,0.93579971833463871,-7.9933247941990357,9.1072999016446499,-5.4483013658752117,0.8069585844350143,0.3844209345459448,0.501779359430605,True,5
0.34029263421351835,-0.8505087313173334,-0.40104341542157868,0.94006287270614652,0.31767215034593771,0.12396047859723679,0.021970854773826765,-0.41918886298131586,0.90763317408132449,-14.013017158916639,24.454566939569531,-9.8922610926252013,,0.2396209627699564,0.2941176470588235,False,5
0.041173809501695698,-0.88538496025463853,-0.46303152113653134,0.99582177355419921,-0.0014413115023140573,0.091306724486875657,-0.081508973288141676,-0.46485631626992591,0.88162627711375974,17.735573435847328,15.995442643782161,3.2366761970765792,,0.1977404469207873,0.1,False,4
-0.73051271236609061,-0.50055483476317963,-0.46453851774287147,0.62302093719870999,-0.76705370924732819,-0.15321070113395413,-0.27963563593286789,-0.40133958753793841,0.8721986279462377,-11.517933966919633,-0.58660686253002337,-5.5019387862194273,,0.7915024006415647,0.4703296703296703,False,1
0.47633264912709261,-0.74870123185331261,-0.46103543551108728,0.87586592155604881,0.45009463703473185,0.1739934055340796,0.077240499948793881,-0.48668396638260558,0.87015666522400159,-19.978871768328471,10.971811086227468,-10.49772440496457,,0.7746482650823261,0.3975903614457831,False,1
0.27450640667312864,-0.85485256813385702,-0.44031048074098622,0.96146130129247909,0.25135817245083669,0.11140572363730233,0.015440168793844938,-0.45392307266444049,0.89090709127859868,-4.0097836342791133,23.001057091555225,-5.8997488123630211,,0.2760947032598581,0.5789473684210527,False,5
-0.64204089186852564,0.74114719398355167,-0.19617423383048133,-0.74691501720173192,-0.66238614754219938,-0.057987486777242497,-0.17292035810512665,0.10929514350835547,0.97885296207259009,10.202633395777211,1.0101736878766963,2.5096436325994205,0.1777360067149691,0.1878235793481076,0.28,True,5
0.88089700764423917,-0.27288954853479569,-0.38671922143061532,0.38375179190946207,0.89004617865150903,0.24607389555603756,0.27704697098092035,-0.36516995244450512,0.88876086868289583,-12.003743913256562,-15.503219391860361,-3.4698579235752551,,0.5391231258890864,0.25,False,4
0.065227770449128433,0.96564173404803133,-0.25155790471966505,-0.99276082528436371,0.088276585145527262,0.081444387748663999,0.10085277260911606,0.24442439726786028,0.96440936965445256,-39.334550019035497,11.737053129227917,-17.649329261145628,,0.1690939965753681,0.2777777777777778,False,2
0.95379856041228461,-0.067078997325055428,-0.29286296159350672,0.10954730426103786,0.98529851913064148,0.13109621019734427,0.27976364003314325,-0.15712172452220569,0.94712463245265444,4.9166407258304075,11.021859785929275,-0.81775325296118206,0.2207032921969213,0.1779715616305272,0.4090909090909091,True,5
0.87864349964063715,-0.35424722439371675,-0.32014762930342305,0.41133382899089233,0.90205551770826753,0.13076820752675894,0.24246666093907793,-0.24658618570677834,0.93829908416860208,7.6874111407263124,12.21768167833439,0.0662741806462048,0.2852346766984641,0.3964540978024467,0.9044117647058824,True,5
-0.67162565725382994,-0.64690862475357758,-0.36114845664601025,0.69591854023322608,-0.71807686272267357,-0.0079375425679525796,-0.25419748597894543,-0.25666096400075544,0.93247455068767782,-14.559395231306846,13.401591226884552,-8.5002870703109039,0.7149681428299273,0.2560350815810842,0.7901234567901234,True,4
