axis_00,axis_01,axis_02,axis_10,axis_11,axis_12,axis_20,axis_21,axis_22,location_x,location_y,location_z,dbh,dbh_approximation,score,reconstructed,number_clusters
-0.49557676506812554,-0.7777595728142066,-0.3866441733952215,0.85455016133541817,-0.51624898286391696,-0.056841969121249745,-0.15539527562388167,-0.35857639993149726,0.92047556932595664,-0.26689078258260346,-13.122560112156933,-2.0656811566283584,,0.08962435042799592,0.1875,False,1
0.85492687191762828,-0.41063981160809432,-0.31697789953813754,0.47080782367707769,0.87077357671716027,0.14175108908103287,0.21780733880563907,-0.27042249021424625,0.93778016610969794,3.0692702814195596,6.2415139251649183,-1.9586116560205442,0.7888074851953515,0.5094617435711636,0.4603960396039604,True,5
0.90406578752200484,-0.30866734900521403,-0.29561718402405612,0.37999852596728695,0.89709870525344437,0.22542190065582607,0.19561741255549925,-0.31613032232085769,0.92832938508613638,9.0717005933693553,17.99653695547731,-0.78424086385602032,,0.2932683410385756,0.1111111111111111,False,3
-0.60116357521477526,0.79675006197474774,-0.06157673731388999,-0.78667469828829473,-0.60358657808979643,-0.1297156961314623,-0.14051788109706537,-0.029539490399881213,0.98963737985127931,-18.938823426478208,6.3072700159189106,-8.8583095327280521,,0.3943923596834564,0.1555555555555556,False,2
-0.083363303285335769,-0.948592372298662,-0.30532453370496598,0.99524505448435618,-0.094741514717920264,0.022612538853173558,-0.050376990678178746,-0.30198767624814082,0.95197983287696775,-25.208765278131008,8.1421586563804045,-10.902635114528623,0.4590968487017914,0.1796394789451754,0.8192771084337349,True,4
-0.96884855275239767,0.0042806552511647361,-0.24761695786073706,0.00080455931728683119,-0.99979092557021854,-0.020431784840080423,-0.24765264891353442,-0.019994527703025341,0.96864254725261956,-16.208878904293652,9.8335194203804548,-8.1840226384840307,,0.08236758567198148,0.3947368421052632,False,4
0.20345889738747147,0.97482966158754814,-0.091168020505995206,-0.97657886865987642,0.20871283292059814,0.052274914263483331,0.069987072812559004,0.078396965906632365,0.99446253090589798,-13.673373747592697,9.9009159398250475,-7.3464083657001149,0.3962164491647921,0.1923223402758628,0.1914893617021277,True,5
-0.9482944168903672,-0.14823151329251882,-0.28065123794768404,0.18303373554851343,-0.97779993024963274,-0.10200954884210206,-0.25929973109456678,-0.14810373010435002,0.95437358229545644,-4.9755965467436081,16.260946746020235,-4.971966369513531,,0.295512296029438,0.3529411764705883,False,5
-0.96039761007180979,-0.057236785332161012,-0.27269099906890071,0.10444985814225584,-0.98126357465856917,-0.16190127912511479,-0.2583150357652797,-0.18397213770874607,0.94838156606107415,-16.318189906667651,13.03371335455798,-8.4856252179792993,,0.08145321786129411,0.2222222222222222,False,4
-0.10827908551695913,0.97131833719931493,-0.21169867137034129,-0.99410961511184082,-0.10479616534504231,0.027637598867496511,0.0046596976079063615,0.21344425864691538,0.97694413129352997,18.703334768480026,10.633824770809314,2.478215116167767,,0.2172697401732835,0.3571428571428572,True,5
0.96314958139645657,0.14633915423899421,-0.22567174345151655,-0.081931499358806947,0.95878664587451357,0.2720577091455389,0.25618374903308966,-0.24354264437530587,0.9354447429442504,-9.5187203847622932,-15.169238783877379,-4.630278454192446,0.5791427093642776,0.4341213302791889,0.3414634146341464,True,4
0.71245148743693376,0.68972869676437776,-0.12917895691100026,-0.66199304216314914,0.72169142016427423,0.20230350018932494,0.23276187440489449,-0.058615858954607081,0.97076572400478456,-5.5534816536966387,12.787260370315666,-4.9944089424041476,,0.21065898090997,0.1818181818181818,False,3
0.7241118004676903,-0.63150357382877687,-0.27724598584095711,0.66862621667452637,0.74135881864314357,0.057672215108780955,0.16911854658478848,-0.22713506612041759,0.9590665143458631,-1.4075734495597021,7.88995296501965,-3.3717813010309525,,0.06815117416031488,0.2253521126760563,False,5
0.66237752165326658,-0.64228401825598846,-0.38565173239779094,0.72455491664615079,0.68008728052962641,0.11180994421654336,0.19046309766557354,-0.35348625256826927,0.91584457069574621,-4.103342451644413,18.56944477625153,-4.906220665536174,0.2521558211893583,0.2470385521698358,0.4705882352941176,True,5
0.95897268117023604,-0.029145875332302201,-0.28199630267129772,0.075159934045766971,0.9852451677984474,0.1537626210886272,0.27335394835890747,-0.16864897651904884,0.94701380224137821,-32.849997506455693,12.630981995515834,-13.227770640984028,,0.23992262999777,0.2105263157894737,False,4
-0.51519762195720664,-0.79613894627745163,-0.31738649711332678,0.84184439947088008,-0.53956189427746537,-0.01307552382224076,-0.16083972584269163,-0.2739265238415981,0.94820611795479648,20.765223675020952,-3.5627206993013534,3.6077824210471396,,0.0943598906034615,0.3181818181818182,False,2
0.1206621999163337,-0.95389666126082007,-0.27481228711033173,0.99268771136284473,0.11690129644274946,0.03008645208731783,0.003426546446318731,-0.27643307784247734,0.96102706114551539,-11.662933991710592,10.888031537579558,-6.7761186223626995,,0.09311660878164858,0.4047619047619048,False,5
0.16655480560400121,0.97087272739142916,-0.17223717350717604,-0.98370232697617943,0.1756075784188823,0.038622665670638087,0.06774384571208783,0.16299731779812759,0.98429804721880498,0.55850946071666963,13.305346531627011,-3.1431662804967417,,0.08886831135700035,0.3214285714285715,False,5
0.96558444227446216,0.050851989158297417,-0.25507010808042657,-0.035788603753873716,0.99734907205421985,0.063356170290945257,0.25761572288752937,-0.052047129327480131,0.96484466918250866,-4.6781490955554732,13.397109201281232,-4.6880742326682601,0.3192389016414702,0.2857338560548273,0.8674698795180723,True,5
0.030791277219008317,-0.95678018439035073,-0.28917741268153696,0.9995245804231403,0.029015810171055294,0.010425732111533768,-0.0015844169799532903,-0.28936095368602005,0.95721874621465153,-12.29913307894277,15.840578304329407,-7.2703177725004906,0.2218760517515216,0.1827968507821806,0.7058823529411765,True,4
-0.90981282672617847,0.39307155015140582,-0.1331742346930968,-0.34363938489271023,-0.89342127769960578,-0.28932748522075163,-0.23270709803330261,-0.21746994508477518,0.94792100383404521,-18.021081972304856,16.763554698116167,-9.1361788377663959,,0.507137523138954,0.1785714285714286,False,1
0.95399602294513042,-0.16498650611659696,-0.25034184828812028,0.19991783437381108,0.97230668165345935,0.12104782654522943,0.22343779381331078,-0.16552694527319908,0.96056045238410848,-5.6835391832169107,20.020133795629114,-5.5036071717212653,0.3886518036895813,0.2348966369602223,0.9253731343283582,True,5
0.56235240398688724,-0.73520908321969058,-0.37845393072530087,0.81705371276806404,0.56445573067768495,0.11752854358428109,0.12721243721464698,-0.37530964823247304,0.9181283481962238,-17.401804004006781,-7.9399925901464474,-7.315524123513292,,0.136136624512052,0.1176470588235294,False,1
-0.87937817969427801,0.41880241092846265,-0.22649184903233352,-0.39211549571065724,-0.906860616755927,-0.1544320556123164,-0.27007305511872881,-0.046993216293067394,0.96169235336528969,-3.4934965408231573,-16.654818207775939,-2.7942768381642487,,0.5579513474929854,0.5952380952380952,False,2
-0.19898011854789019,0.96628643921016155,-0.16339348157504935,-0.97932352911841014,-0.20226879262873673,-0.0035722322960175454,-0.036501201866941266,0.15930427780527912,0.98655451412236139,-1.3396297964104542,-13.194676608410134,-2.3933415243076164,,0.1111715447053902,0.2692307692307692,False,2
-0.76283657553183393,-0.58386225709885986,-0.27782228810210702,0.61081689869098121,-0.79165777955849259,-0.01344158986314916,-0.21209213871427843,-0.17995228478666936,0.96053844269537758,-4.107464729860574,-5.4165664369881501,-3.4470537990404462,,0.08167153432064773,0.1935483870967742,False,5
-0.71141718130477005,-0.61477604211000514,-0.34049377702380129,0.68181010822024934,-0.72122483775543933,-0.12235076515221682,-0.17035424994131723,-0.3191945354359913,0.93225226096520331,8.8245260124696756,-8.4385038464933704,0.44026864647397473,,0.2259035646800539,0.2142857142857143,False,4
-0.92677094645545899,-0.20983832750412124,-0.31155013900867679,0.25735593763287207,-0.95887036468648801,-0.119731136681761,-0.27361201393790796,-0.19114261700697327,0.94265633493472423,5.7475952272047985,1.0469669865830564,-0.88965756555700348,,0.2661812325010616,0.2894736842105263,True,5
-0.93956146348989211,-0.190597584966919,-0.28442365747158038,0.22987228529451903,-0.96681527554766222,-0.11147625496568153,-0.25373803179304444,-0.17011990939474564,0.95219547764590629,0.32240935864302539,-7.6566729172415133,-2.0882390009665981,,0.2334710770661037,0.22,True,4
0.084942922578325392,-0.94270635841909933,-0.32262892260312437,0.99636596559172474,0.078321048039752053,0.033476499883118828,-0.0062898739512196079,-0.3243000697350451,0.9459333497955984,-24.234323312022958,15.964753106822537,-11.045101047530919,0.3904674920091253,0.4130620031251205,0.7288135593220338,True,5
-0.79191037818989218,0.57666175246411078,-0.20084615047384574,-0.57871068936117775,-0.8137092092057463,-0.054509273274090435,-0.19486377532587348,0.073065354982917011,0.97810508789545081,-16.975642357659385,20.329904244757703,-9.0782418949055703,,0.1378276250591844,0.1666666666666667,False,1
-0.17654458413156168,-0.94590371481014368,-0.2722097943171497,0.98147453071730018,-0.19008556532057821,0.023983815584935345,-0.074429532895685505,-0.26293276738574684,0.96193898167597047,-4.1318117135784762,5.2634153969923796,-4.0714170006444581,,0.06550376707959078,0.3475609756097561,False,3
-0.6720593760348722,0.7125663065151967,-0.20145831802859418,-0.72334025975212024,-0.68995030874693741,-0.027339350426478018,-0.15847732867938738,0.12734924530321107,0.97911547123684484,-13.25053308284237,8.9183512614034886,-7.1739660839937116,,0.08445279732255012,0.1884057971014493,False,4
0.067680784858520304,0.99461633159771734,-0.07847078615658673,-0.9974583240430549,0.069210333692145104,0.016935805485434406,0.022275618019557658,0.077125110238624589,0.99677254888591571,2.1839526017454771,9.7088476236089267,-2.4048944373845091,,0.1349222746116993,0.25,False,5
0.76695578001473819,-0.56060478143799741,-0.31225167818738669,0.61712249668992125,0.77774900691966087,0.11944164397176957,0.17589387590584857,-0.2843039944572292,0.94246091863508119,-1.4225501728263437,18.221273035831743,-3.999327218880306,,0.1643599110155922,0.28,False,5
0.35887683587291802,0.9317136950021272,-0.055830164063222276,-0.92303108449780802,0.36314500496461999,0.12704063294885995,0.13863994274610569,0.005941036502986996,0.99032503268403105,19.964703994506248,7.2228801024372826,2.9422724614279501,,0.3584907802493849,0.3333333333333333,False,4
-0.74508982740296681,0.63762174963670448,-0.19565186809955162,-0.6455242581484697,-0.76319270945051543,-0.028901909685145409,-0.16774856554523621,0.10476350811140428,0.98024743107325008,-10.996275208591021,14.413144386865541,-6.810151163105572,0.3527877121654887,0.2265528880689646,0.4545454545454545,True,5
0.92033570175276624,0.35679423997375675,-0.16025001217095838,-0.29815471093493839,0.90515647329051474,0.30297776685357725,0.25315205791489503,-0.2310619596165206,0.93942770152451138,-6.2674643200367894,16.972360899427247,-5.5138401781327229,,0.1470922558010489,0.15,False,1
0.76101129793649125,0.60071921310213472,-0.2449453641589695,-0.611537875410188,0.79029251775131903,0.03819899638832723,0.2165253596043929,0.1207234997679987,0.96878408598198773,-5.7294655125398375,-3.6545049474786775,-4.0709529278675731,,0.06571750422069314,0.1346153846153846,False,5
0.44098140690104576,-0.8147866367719232,-0.37637499293320925,0.89338512616910914,0.43867960826935837,0.097073259080181107,0.086014040175892398,-0.37905532291018057,0.92136781312680949,-7.567252607543077,5.4275396409944632,-5.2002859685540956,0.4221451609047698,0.2471261447442525,0.4023668639053254,True,6
-0.29655091546366391,0.92596275786374027,-0.23377451868635762,-0.95343610260603873,-0.30113208816146558,0.016705200595067329,-0.054928615357288935,0.22784300851439498,0.97214731943571131,8.6683780457772741,-6.2798634926739823,0.26900185188292092,,0.3423105734183133,0.9188034188034188,True,5
0.74184751549800476,-0.56416476823639783,-0.36246431276776758,0.64580146676758743,0.74662911424084955,0.15964157130509002,0.180562258709486,-0.35250968787920833,0.91822338822371108,1.3669964447638694,5.3661365331599962,-2.3781342752932249,,0.09742614760080945,0.2647058823529412,False,5
0.25335710752406748,-0.90441403248910979,-0.34328622737276648,0.96641494546744833,0.25242153842781467,0.048223646843487615,0.043038694731464877,-0.34397474438470615,0.93799202874080367,-5.2738194353041434,-16.640664809422525,-3.2770704036796587,,0.128075368393265,0.4468085106382979,False,5
0.95248568552614543,-0.14168592294672919,-0.26962217658516557,0.18959723953308402,0.96860822855395878,0.16078241924724299,0.23837765337636632,-0.20426257321471156,0.94944873245187977,0.022575853481179187,14.883366856444791,-3.4029651690791463,0.1479429893984138,0.1134323330288277,0.3870967741935484,True,5
-0.34626618909914075,-0.81828088875336202,-0.45882034979691888,0.93071741304415012,-0.36102488085523682,-0.058533174011562342,-0.11774898446765429,-0.44730014811586072,0.88659898158771067,-18.871541669454107,8.5915144412264279,-9.031871744420906,,0.3061499434825781,0.2388059701492537,False,1
-0.19731245042730874,0.96233356396496417,-0.18703451171605323,-0.97998687088248082,-0.19874335471922258,0.01126107689851363,-0.02633495404088998,0.18551331656094369,0.98228879642100386,-2.8448808180343805,16.441876727755805,-4.3350618608626732,,0.08868588263471222,0.2222222222222222,False,5
-0.54532937750514165,-0.78563106914653713,-0.29223225903641237,0.82021442091233021,-0.57201095977682748,0.0071948330518930292,-0.17281253935205826,-0.23576955928801066,0.95632031305197729,-6.7090243549837814,13.914099808421236,-5.345135224009014,,0.1983785580888264,0.1875,False,5
-0.80125844061751494,0.55260227987112986,-0.22938097484407283,-0.55891130162902147,-0.82812770870261587,-0.042692563641784816,-0.2135487491195881,0.093995842249454148,0.97239997603315176,0.32185434215488318,-5.9801339552308592,-2.1244381673827823,,0.1158755954101521,0.2142857142857143,False,3
-0.82258809414577838,-0.49672473149133201,-0.27679120017529485,0.51628087696870895,-0.85641541357672391,0.0025875595896164491,-0.23833355501489306,-0.14077350785241144,0.96092660283753717,-10.296555298051452,9.7872198187481807,-6.3187511738091269,0.305525194393291,0.3517038324627055,0.896457765667575,True,5
-0.89009543650855238,0.41882495463662889,-0.17976587907686126,-0.39569564774327864,-0.90584631295098339,-0.15121974629702783,-0.22617486213918223,-0.063467430125506902,0.97201688105175754,-1.5824007353513849,-9.4482735052473643,-2.5663488467640758,,0.2848735685909565,0.3571428571428572,False,3
0.82810707741626155,0.51474672717643133,-0.22197854669821254,-0.50361789247971389,0.85706498640805284,0.10866750870271932,0.24618628456392405,0.021804034821948481,0.96897724295160492,10.470116109835855,-5.0064309784940875,0.76468977895539669,,0.142365964784157,0.2941176470588235,True,4
-0.49884815070950556,-0.80614334173237812,-0.31825058541071116,0.85212795379653872,-0.5232318434506853,-0.010314473215859508,-0.15820389657726425,-0.27633557602985431,0.94795051375481509,18.407874439295203,17.088435686180734,2.1126491045665801,,0.6456361724129074,0.8157894736842105,True,5
-0.44168000312687278,0.86590762231437024,-0.23478237679970806,-0.89259328465055199,-0.45051901173441539,0.017602507281198707,-0.090531779141827445,0.21733984835671569,0.97188856731710516,-6.37554043166294,18.876651135945863,-5.7458554893801344,,0.1151968101059987,0.4,False,2
-0.076731562469918441,-0.93745528417117707,-0.33954360176634457,0.99578181206764049,-0.089235990312080737,0.021342932982781435,-0.050307554862170346,-0.33647366644740451,0.94034813856955612,-33.59499168804853,8.3230645397347747,-13.240470475530104,,0.1326127451714675,0.5,False,3
-0.945762586729611,-0.20531681374725785,-0.25175014505494797,0.24274593618470597,-0.96165463176811106,-0.12765100730016801,-0.21588779494988641,-0.18183887150884637,0.95933679424905982,1.4256050380661138,-12.743490463680985,-1.555500830148733,,0.2278070336508124,0.1702127659574468,False,4
0.91335599460195449,-0.31163320891624702,-0.26204116131867122,0.33324896175700575,0.94193127546681854,0.041359421965621888,0.23393579591963451,-0.12510082093261976,0.96417002027102661,-16.263392202940032,-12.605415355449674,-6.751193119909356,,0.23328332838392,0.7391304347826086,False,1
-0.96250673318825231,0.12504505274120092,-0.24071668690024317,-0.095980126111088818,-0.986996848260841,-0.12893811273190964,-0.2537096844012442,-0.10099978370332011,0.96199295201831103,4.5866440798834818,-8.4706372738234972,-0.75621916347578833,,0.2279828569313721,0.2131147540983606,False,5
0.31130707888130515,-0.88628456904827213,-0.34291043335732724,0.94845433348676489,0.31230203512800098,0.053868507915921598,0.05934879888058199,-0.34200453435858114,0.93782227450066691,-18.613378646823985,10.821232224377583,-9.0688358804101021,0.3561175271876939,0.2516300614485085,0.6666666666666666,True,5
-0.49323033746847994,0.8368600531424123,-0.23746386178787174,-0.8636525634689538,-0.50374438428443502,0.018596906070662101,-0.10405807904355686,0.21425883122143499,0.97121834281967223,8.3635731371219784,-5.4786913183769821,0.20947924428870485,,0.07285483105542634,0.2622950819672131,False,4
-0.92271606926104877,0.32282218469926077,-0.21066773030873953,-0.31053401228745964,-0.94629627801707961,-0.089955441323324031,-0.22839370118304775,-0.017583835674235021,0.97341005027834504,-11.432196272518919,-15.23894932093801,-5.1373402704976527,,0.5996588666014047,0.2307692307692308,False,3
0.70120489121596452,-0.64759054232763824,-0.29822506605348281,0.69217013048585452,0.71861702299401087,0.067008094484336728,0.17091580090209268,-0.25340888648787008,0.95214060161878156,4.1928429252879376,5.0367687740496141,-1.5969407023713378,,0.1162471953610626,0.3793103448275862,False,5
-0.96324837311747347,0.0033616523930739897,-0.26859127122773202,0.038802016198933031,-0.9876927015277559,-0.15151742766989335,-0.26579498720901173,-0.15637079855903965,0.95126294899600172,-29.679555471651625,6.887389525112086,-12.084319229402904,,0.322694722803661,0.5555555555555556,False,3
-0.7423377774318618,0.63215137948598732,-0.22207939483771733,-0.6463978261634058,-0.76292167643433495,-0.010971142048443877,-0.17636460679157442,0.13540734485465419,0.97496685914479464,-7.7482887130929221,-8.8914852710930727,-4.3631281471021373,,0.2272092109895413,0.6666666666666666,True,4
-0.70222949041512961,0.7050251841362728,-0.099061761164043582,-0.69086955820258988,-0.70841645757488647,-0.14437927893575006,-0.17196800964210071,-0.032948632303382214,0.98455136549043021,-8.2192163411232695,-8.120847858220527,-4.5893390491666493,,0.1865567579968923,0.3900709219858156,False,4
0.39097677372051254,0.91428175752128826,-0.10595296255830772,-0.91043566209740734,0.40106625768765963,0.10125592390408419,0.13507060225064924,0.056874641169846279,0.98920230873135684,-1.2611748963761928,-14.732660254278636,-2.2242995592093862,,0.2454237512278744,0.2285714285714286,False,3
-0.93855498175452068,0.2995804396641043,-0.17136541773191549,-0.24501484225190104,-0.92805638637552579,-0.28049789800260122,-0.24306845393849028,-0.22127562874899623,0.94443359894790324,-18.291819452480119,17.8910313866438,-9.2627426626099858,,0.3785508750645623,0.1,False,1
0.47790809755981556,-0.80630352109494774,-0.3485376337738112,0.87395470353982829,0.47636450664925806,0.096332927732007467,0.088357379133658598,-0.35064439062203523,0.93233120985942142,-38.120503207077547,10.450241559362206,-14.564586000538101,,0.1867027313746932,0.4117647058823529,False,3
0.86328700926693325,0.45144584567544982,-0.22568160769839396,-0.44336429306906472,0.89198049512104083,0.088311380665184805,0.24117139810168695,0.023821098757207365,0.97019014218434341,5.071265335045033,-6.5754673041972724,-0.70541696858343494,,0.2830748635187497,0.6024096385542169,True,5
0.77759324550747155,0.60417247392410001,-0.17413892813954965,-0.60218605477628118,0.79526501238065783,0.070182017042621586,0.18088863970447749,0.050290971710892945,0.98221694049239383,-11.671432005063021,20.469358919717862,-7.3994541939561751,0.4869625572062561,0.343544130302051,0.6851851851851852,True,5
0.24791206166500357,0.96053041032347519,-0.12617820938982732,-0.96441161787966334,0.25704956524832573,0.061933450609311234,0.091923016593977752,0.10633368163222046,0.99007237471348508,-0.32808010410697153,-4.6293347248629289,-2.4287016753351023,,0.0900577995674472,0.2837837837837838,False,5
-0.67520593222174519,0.69823153406888416,-0.23784380152608184,-0.72006467372534044,-0.69386970050150476,0.0071905756913108985,-0.16001192063525924,0.17611803870633527,0.97127679973159575,-10.727575512542662,-10.562164097175575,-5.2260600045673691,,0.0713469402449114,0.3333333333333333,False,2
-0.94334266872547345,0.21912423621531499,-0.24917700227941406,-0.22386779248997105,-0.97457316623941481,-0.0095055316394214648,-0.24492411242580342,0.046815731855174729,0.96841131055109786,-15.736127465936143,-15.216453283282515,-6.4597181318886649,,0.149239988757657,0.65,False,1
-0.71840672899096636,0.65472259039796987,-0.2350108537133378,-0.67383702936119905,-0.7388786802193652,0.0013977764350985543,-0.17272935362055247,0.15936318753043482,0.97199174114699394,-0.33361418657481257,12.080117706031881,-3.3235522853065453,0.2264224700262448,0.104474266573701,0.5384615384615384,True,5
-0.92520322078323203,0.29668643691850827,-0.23659281138896665,-0.29970671224249146,-0.9537304146894362,-0.023962110364348005,-0.23275499326358517,0.048738631955737077,0.9713133680053786,-0.75005057423701726,13.156879626361611,-3.4927646032672421,0.2125194537493014,0.2010595008133031,0.8478260869565217,True,5
-0.55923615502793778,-0.77254126298058967,-0.30072399289368795,0.81141096667608759,-0.58442702227804533,-0.0075695963560038701,-0.16990340216530181,-0.24824393773780551,0.95368117382544726,-8.3306923387136287,18.941934752996364,-6.3213656716277011,0.1638608624973742,0.1041760235834525,0.5238095238095238,True,5
0.96592964692140781,0.040253804829712192,-0.25565513567111592,-0.022373020504099079,0.99711969064967176,0.072469100120167301,0.25783592680580503,-0.064280274699437256,0.9640480699284435,8.7933346474372254,-4.554405001587444,0.27918761983320894,,0.07500665443643671,0.2352941176470588,False,3
-0.91579717540064942,0.34176484481082131,-0.21097944065626101,-0.315276018113824,-0.93714149934526014,-0.14955548337393329,-0.2488303959135324,-0.070445731285539007,0.96598179745436263,-5.793704256001142,-19.047429220407924,-3.2839223079668582,,0.2601244554107167,0.5135135135135135,True,5
0.4707266040691449,0.88082176083095876,-0.050690135807469588,-0.86984868707378993,0.47293824318980759,0.14033060865164793,0.14757955758686223,-0.021964602777826775,0.98880626535599891,-11.908853528463299,14.970121475746218,-7.1032050970022169,,0.2987600372493876,0.3043478260869565,False,3
0.82448101468795343,-0.46874947103103642,-0.31702521954451263,0.52581978469374269,0.84165078398769988,0.12303459610010656,0.20915212273306963,-0.26813782131772051,0.94040283832793525,10.642305044825749,5.6873004161705385,0.28656641187823773,,0.09511929977698538,0.1923076923076923,False,5
-0.08901961141411649,-0.90814762847877806,-0.40907626877154724,0.99252270768505213,-0.11531487874414838,0.040014415774256476,-0.083511577120854524,-0.40245541818764702,0.91162242889158529,-2.8949170594181646,26.267752979253611,-4.9978096056374079,,0.1942769044016726,0.1666666666666667,False,3
-0.15859408057290325,-0.90800310411786378,-0.38778638516528685,0.98524384573185475,-0.17114231149581097,-0.0022076375102421109,-0.064362116611725168,-0.38241426768387643,0.92174662777634497,5.7807135670175391,-16.126727891867034,-0.16422048223886679,,0.1902866459586308,0.2727272727272727,False,7
-0.51741894941739841,-0.74678007080371145,-0.41784824593888098,0.8360690554344975,-0.54523985186874968,-0.060844379189958067,-0.18239014591984762,-0.38083202305550379,0.90647713974859223,4.2340179544298771,17.155711997492308,-2.2332812880046937,,0.6213577668059846,0.36,False,4
0.7021929986966966,0.68012361550054534,-0.21061068401153782,-0.6850339486558682,0.72599524098064949,0.06049296870213932,0.19404505087811622,0.10179772940451649,0.97569654120417693,5.7987433961273469,10.933229554515474,-1.4117050326074274,,0.0785013806385116,0.3214285714285715,False,5
-0.16388982252212689,0.96427474590575135,-0.20812097559367776,-0.98644218143566609,-0.1620090898351822,0.02617016421844022,-0.0084822613794936705,0.20958833273628166,0.97775292483465148,-10.49377784116923,-5.2530275229667334,-5.4228441929617928,0.1955500118441229,0.1805530573891675,0.7405405405405405,True,4
0.95550820329507513,0.17220046982979775,-0.2394808377015023,-0.15055440613244778,0.98289611209434946,0.10605943439372345,0.25364826873038665,-0.065285764299787857,0.96509083756394076,-2.0228594291250008,2.8991883156350715,-3.2776100567492268,1.083463204094601,0.6947048900324858,0.8288169200264376,True,6
0.13185753071067288,-0.93245723656505708,-0.33635857885944098,0.99123650365444216,0.12676435425190205,0.037161704939586412,0.0079865773521916907,-0.33831095233314151,0.94100048571381822,-1.521074762581375,-4.6448849725823855,-2.8338019275307764,,0.07116425587447782,0.1204819277108434,False,3
0.96493226157963718,0.060820471501989562,-0.2553558317506795,-0.048240510397474061,0.99730664249096013,0.055247751085434602,0.25802826147419766,-0.040991841745433015,0.96526736461506824,-2.3118973270078333,11.108247402816422,-3.8378823416603258,0.1527984147772672,0.1256269126836051,0.5616438356164384,True,5
-0.5230076046140536,-0.72652935564165522,-0.44566595215114985,0.83675084160410329,-0.53717665442674223,-0.10625098123649003,-0.16220688823442256,-0.4284814317211581,0.88887152506956357,-17.58382279634338,-12.36603718945641,-7.0839074371068991,,0.2937602625096702,0.2,False,1
-0.89455840305826562,0.37648641583431308,-0.24088014075485381,-0.3847087968333856,-0.92293460042847275,-0.013815388917578789,-0.22751792271567164,0.080310036883118302,0.97045653834624535,-11.540002632475041,-0.37065833522327268,-6.0744787203543957,,0.1406614769874681,0.6038961038961039,False,1
0.50787546754702517,-0.79395817619676834,-0.33420491306112021,0.85372460019171992,0.51568519175496252,0.072270948742452934,0.11496441402180635,-0.32202359766785393,0.93972548441216253,22.410643640573902,4.4546789590296942,3.8719600532756271,,0.1322405461127901,0.25,True,4
0.96035567137177169,-0.11022774892934475,-0.25606020352651782,0.12753316740744161,0.990473431297619,0.051939128838911268,0.24789569515241255,-0.082536205749288633,0.96526447104687951,-13.426700024511646,12.657536277636211,-7.5543110144514101,,0.08699249497776998,0.2909090909090909,False,4
0.92202547997514828,-0.21019675324757636,-0.32509435430467798,0.30611288132380055,0.90993207358683947,0.27985447172699579,0.23698927858500013,-0.35754852311558022,0.9033244906752107,11.827388827122702,-7.4055549566088477,1.2411476770845249,,0.6199920040896378,0.1428571428571428,False,1
0.74159362799222595,0.65552867162278972,-0.14255192598414493,-0.63737465196389664,0.75478371385159082,0.15509706102406379,0.20926644249671331,-0.024160007964839525,0.97756015163257803,-26.014024930578625,12.163121589631869,-11.348814466605257,,0.4186288945184027,0.25,False,3
0.26213030016185779,0.95028222529361839,-0.1680815219709248,-0.95865732728702413,0.27640557617704659,0.06764677595520216,0.11074219871373681,0.14340031293286307,0.98344929491804667,-8.609754793942054,20.71625854275749,-6.4722730275551905,0.4186817231107751,0.1737899515223056,0.6,True,5
0.63900197336663567,0.74398953009697977,-0.19533575489300525,-0.7479076790429251,0.66028525726827747,0.068245751976137539,0.17975144411706293,0.10248394088948352,0.97835906506639492,2.2824487532454718,-15.524509331262232,-1.2005810356375057,,0.233761708002456,0.1904761904761905,False,6
0.91419030692516234,-0.26451285777562727,-0.30706518981390296,0.31206102373077987,0.94284573281633743,0.11687532493268785,0.2586000777110769,-0.20266936665760488,0.94448458305386329,-18.380135658169493,13.707429058697169,-9.1398005286986734,,0.1782258343394665,0.1136363636363636,False,4
0.6706352644553627,0.7081944881876725,-0.22070094918120764,-0.71467517793112567,0.69656657758828966,0.063516872058143825,0.19871520354013997,0.11513283583555724,0.97327113282705702,3.3565373671695551,12.676579584817528,-2.2643682386890904,,0.09843058795436312,0.2916666666666667,False,5
0.90348037297505313,0.40323862516424602,-0.14533350207198609,-0.34814242556231279,0.88815027216443387,0.29997657504850556,0.25004013112388346,-0.22042618998179608,0.94281081219811025,-1.7155468005198302,-16.800759300506861,-2.2414344895066787,,0.3136387778041606,0.1052631578947368,False,1
-0.84740782444350915,0.47051189486872391,-0.2460051541308885,-0.48695968467237188,-0.87339679158889572,0.006950535663357852,-0.21158980262693064,0.12568453058855883,0.96924359899616075,-6.3179495594372934,-7.0273370120315199,-4.0570551697143262,,0.1280835314491698,0.6390532544378699,False,5
-0.56003989755848016,-0.69305502097819749,-0.45390533268468836,0.81101711411698452,-0.57048890025064303,-0.12959033644593326,-0.16913472071708222,-0.44070075174399514,0.88157602829264381,2.7804510097265007,-5.8979023337115626,-1.4768132604089401,,0.3842845700796628,0.25,False,3
0.97318763969555211,0.030721153634003663,-0.22795181215159802,0.01674579857737947,0.97894722941388446,0.203425416929366,0.22940225843222936,-0.20178833648721253,0.95218489332897782,-1.0150904205918274,-5.6420789806815073,-2.5693109434314971,0.5915883837615187,0.418675383017346,0.3289473684210527,True,4
-0.89112681324416676,-0.32824850902738656,-0.3132824907947992,0.38277410890233099,-0.91457421565514607,-0.13052963499834219,-0.24367393022504932,-0.23623488391867892,0.94064663681353022,8.2105392058414353,13.740706891232294,-0.79513032078883983,0.1566384459640072,0.2538839857923423,0.2272727272727273,True,5
-0.76874151212023756,0.58619461656428307,-0.25575839977240933,-0.5792548043502973,-0.80767699416822847,-0.11009879530891226,-0.27110949666175305,0.063511767432722521,0.96045088173075366,-12.337212507017771,-5.1974280472051966,-6.0066355989055307,,0.2653382299949401,0.2222222222222222,False,3
0.74177629936477207,-0.60902795288628409,-0.28080753961360766,0.65193430951787679,0.75304639544915208,0.088897594874608965,0.15731998529797481,-0.24901019839392707,0.95563818640825771,0.91211851185463944,10.014048207457149,-2.8407810200513972,,0.0937585134903214,0.3823529411764706,False,5
0.86837932399620466,-0.40128322593588345,-0.2913573788981263,0.44618480121050147,0.8886524379114481,0.10590546616103338,0.21641735795596645,-0.22196535129729433,0.95073387969443257,22.906777988475021,7.1511003241910203,3.7906705434948118,,0.1666793777871251,0.8064516129032258,True,5
-0.1511208705286107,-0.93804217007321844,-0.31183227808391123,0.98593762555768505,-0.16579699185041447,0.020936953050219267,-0.07134059854212324,-0.30428316525512955,0.94990645557442688,-16.826873968553794,6.4062735113055256,-8.1827072879778946,,0.1650287631705777,0.6896551724137931,False,5
0.35893233724400797,-0.83166387461331348,-0.42367768048803967,0.93200826357217359,0.34381179593654076,0.11469108774474616,0.050280949809409697,-0.4360374394912232,0.89852277514162215,-11.622231730082843,25.582966554130817,-7.6685803909239869,,0.518513779646442,0.7402597402597403,False,3
-0.80379429469482533,-0.46227468130939581,-0.37445540567114799,0.54463769517252103,-0.82504594557603439,-0.15056217548146192,-0.23934183256006783,-0.32496354673846578,0.91493944088007517,9.9626358785891114,10.74170734578003,-0.15151521373069912,0.4425775748272805,0.4741052083637184,0.1111111111111111,True,4
0.33580282361498615,0.91755281808473066,-0.21291615644889739,-0.93528512072553205,0.35160984258035755,0.040152976851573839,0.11170589331646416,0.18565383008541764,0.97624507618373435,-12.655001512304581,5.7619223137618505,-6.7862071427113806,0.1480119387489924,0.1228952538945421,0.4850498338870432,True,5
0.63750874026468951,-0.65967152394383555,-0.3980151838607987,0.75266971140801953,0.64358170164017903,0.13889168025083215,0.16453240293357518,-0.38811863368247146,0.90680373542093129,6.5569372343307597,14.538645456513889,-1.2969313753266258,,0.1387613987871897,0.375,False,5
0.088998771934232127,-0.93520230793479409,-0.34274751906853074,0.99602488222328145,0.082286340865143526,0.034108534109859784,-0.0036949406350581179,-0.34442067496080975,0.93880815189965361,3.2762709630397122,7.8770478652223579,-2.0148085684201615,,0.4114744083533742,0.5238095238095238,False,1
0.80306215447276896,0.56026393876399372,-0.20296673366394527,-0.5504115157868894,0.82792801999794663,0.10762135936448021,0.22833821262051965,0.025288586811758412,0.97325338326374733,-11.310951060302273,-2.88666823296741,-5.825519264779115,0.1606324981475994,0.1678045519301816,0.5521739130434783,True,2
0.89219449660417227,-0.36218334934005569,-0.26983736155330235,0.38878890832353769,0.91992839388463932,0.050743816267796074,0.22985248528963143,-0.15018312683403309,0.96156791929667274,6.5110694578232504,-4.1145757523851421,-0.48973626073088522,,0.09104170567213618,0.2352941176470588,False,5
0.32957373376104065,-0.80399143187806343,-0.494953463955419,0.94210382815685556,0.31437813891000005,0.11664802933476054,0.061818532714753821,-0.50474167971562078,0.86105418283105084,-7.7970210332799068,22.420205855986904,-6.3145679200027978,,0.1957999749960307,0.3125,False,1
-0.38412975072748989,-0.83789739656770934,-0.38777865778184689,0.91403266964304242,-0.40440760951644256,-0.031603230695745076,-0.13034037529195791,-0.36658210293227733,0.92121058850758963,6.6005946862656613,20.02009042978047,-1.6537747742191935,,0.1145872618023484,0.5789473684210527,True,5
-0.24691880157647461,0.94294283880955065,-0.2233604892675139,-0.96824700211237436,-0.24937486995206051,0.017604463547416641,-0.039100490130394627,0.22061499716514846,0.97457692087253112,-37.970487228223142,14.601772093369776,-14.723836319776179,,0.9172211542867135,0.7924528301886793,False,1
-0.29695131197824093,0.93121092898142854,-0.21134361608514868,-0.95305194375033442,-0.30276432503107181,0.0050750371613914949,-0.059261377203971316,0.20292848305258893,0.97739864944548804,4.3008360249021536,13.992083008133104,-2.012867931253377,,0.1148772832379851,0.6190476190476191,True,5
-0.76840698360465698,0.61362001116322862,-0.18171733392175593,-0.60874331364474688,-0.78844118987175871,-0.088272692302986705,-0.19743932141396001,0.042789858771018846,0.97938079537325529,-5.8322914775078329,-5.5167968817035691,-4.0230579364068912,,0.1958136560072765,0.2173913043478261,False,3
0.89866787152869132,0.39685515534181259,-0.18682088309585765,-0.37282227706588544,0.91548099824179807,0.15132115378098204,0.23108354853926422,-0.066336472146363637,0.97066980279478898,-3.7047415480638568,-6.5865443955331262,-3.2740298372527779,,0.3552761352197422,0.5628140703517588,True,5
0.095747844680358671,0.97303197960801013,-0.20985975531097478,-0.99400368263991323,0.10464941081624307,0.031704569293767935,0.05281125956986886,0.20556572544062279,0.97721732658949167,-2.1978093217372319,7.4039661918144981,-3.6216542098954623,,0.09962461050102184,0.1914893617021277,False,1
-0.96286170179447772,0.11290881365811707,-0.24525281449100461,-0.07034335280261575,-0.98189605135723645,-0.17587483346276245,-0.26067058893156569,-0.15209123619520054,0.95337248750878389,8.3704521943548418,-15.221706391510802,0.58517499187896826,,0.6183318913091926,0.7368421052631579,False,3
0.34293955314007935,-0.88978413151694402,-0.30112565847619321,0.93713126884484743,0.34612827366568666,0.044499473282928526,0.064633179136795824,-0.29745489989215157,0.95254560766654184,-10.35295516344069,13.140755988343042,-6.5232365426279779,,0.07914230214504346,0.3611111111111111,True,5
0.15072573767296593,0.98578957798003064,0.074166434112024782,-0.98628678289019278,0.14485069936559902,0.079099031532694999,0.067231941062665168,-0.085071633575768885,0.99410395998693002,-4.0961121103767422,-9.9364050672861399,-3.2941413088071085,,0.5492743309616956,0.4,False,1
-0.27888288911058934,-0.91869129716823761,-0.27969739839453683,0.95481969684964718,-0.29640485270446515,0.021529277767556875,-0.10268242629232699,-0.26105643796042599,0.95984678752920538,-5.0067228499249952,3.4921106866024991,-4.26315554680221,0.3930978390051361,0.2991006967512566,0.9535168195718654,True,5
-0.78292980195480621,0.57724165405135475,-0.23197628766549505,-0.58048568413269763,-0.81196051270283431,-0.06129026291626407,-0.22373487821080226,0.086672940641279811,0.97078859986744304,-9.5075578954588185,16.188822955157441,-6.4923339984679584,0.5887214996959687,0.2887389927799339,0.24,True,5
0.93558428202223443,-0.23116565678120354,-0.26691663559593731,0.25680493328218224,0.96427341315536319,0.065023156826161291,0.24234949448033413,-0.1293801522901426,0.9615235299869187,1.7883627776617537,-3.5956105374611278,-1.9322878544680513,,0.4105805371893611,0.9899817850637522,True,5
0.95735206244554139,-0.11032853324394054,-0.26702929293152317,0.1434049092759718,0.98379063114445198,0.10766162764862568,0.25082276716203183,-0.14136339280252769,0.95765564304114015,3.3472778832576946,3.7748637075859137,-1.7103422129743893,,0.06906046761718299,0.2428571428571429,False,5
-0.8239949078407014,0.5305464401792408,-0.19887902520308426,-0.52340044850006262,-0.84716785523913163,-0.091425355123526841,-0.2169893139362562,0.028759343919235736,0.9757502435432992,3.8352251317621922,-4.0988409350596458,-1.1929046017572491,,0.3354099155016566,0.2348484848484849,True,5
-0.79370849904441632,0.57922208634417616,-0.18581871067187994,-0.5846140258738779,-0.81075304146739668,-0.030098945212458275,-0.16808705868149607,0.084742435901180774,0.98212293541151841,20.371302650185445,-1.519561956945396,3.4625707748244676,,0.3063853357910542,0.5675675675675675,True,5
-0.97217621849334512,-0.083893913055854086,-0.21871262320258703,0.11362401755777864,-0.98536138868555734,-0.12709255022108931,-0.20484868276366741,-0.14840736181149261,0.96747727215172485,-17.061269465445054,9.0808626112845854,-8.4306868201678213,0.6026897834598502,0.317588916455287,0.2894736842105263,True,5
0.86364725356908834,-0.35499619409035821,-0.3578982028229985,0.45338986643542134,0.8573567137452347,0.24367415622023364,0.22034302897128927,-0.37271593416076626,0.90140544817880097,-20.337113278907481,18.115740620566296,-9.8544105419693349,,0.195254029271928,0.3846153846153846,False,3
0.9501355845928674,-0.1276209751284427,-0.28452637416878168,0.17574419792963791,0.97286262969461035,0.15050674615363097,0.2575972588837786,-0.19300567465997123,0.94678004930639037,-0.0047483852941331284,19.763460147603499,-3.7013612015249993,0.2725979325263458,0.1697612490267014,0.4137931034482759,True,5
-0.2911128256800421,0.95622561991803978,0.029763846138271405,-0.95528598185851743,-0.2888611267022585,-0.06315015712498892,-0.051788180014270345,-0.046816805664878475,0.99756010902508885,-24.689346994003913,6.8024285060008385,-10.678563355593782,,0.09232784137409572,0.4666666666666667,False,2
0.50390707550818958,-0.78229278482117448,-0.36619074001060592,0.85518038873797841,0.51144739024776553,0.084190674820373262,0.12142554085011874,-0.35558341612831329,0.92672340652633478,-5.4807825766173695,11.56394638801172,-4.8847471729371863,,0.199350260626931,0.1346153846153846,False,4
-0.96020601954859552,-0.038879579527693747,-0.27657327838819096,0.10243597926615021,-0.97027892757684009,-0.21923884886607481,-0.25982930969085627,-0.23884551701065365,0.935650334702813,-9.0062180685724904,9.4139428832142933,-5.8137291596289167,1.12701610673647,0.7310050507701884,0.3261538461538461,True,2
-0.79192686809672874,0.58200405525295629,-0.18472443058681143,-0.58830152418893322,-0.80827054734899439,-0.024495691970971324,-0.16356390868246587,0.089274867444720407,0.98248503592637126,8.0867188401735035,-9.5372975254193921,0.28004116032655174,,0.1761892094227719,0.1153846153846154,False,5
