axis_00,axis_01,axis_02,axis_10,axis_11,axis_12,axis_20,axis_21,axis_22,location_x,location_y,location_z,dbh,dbh_approximation,score,reconstructed,number_clusters
-0.26764902524521939,0.96116341696530816,0.067296992301729114,-0.96221957380423451,-0.26301333125465221,-0.07040936990436665,-0.04997490443495884,-0.08359948247391033,0.99524551516538506,8.5360550329178224,-2.0996719223336089,0.30392533684387374,,0.07829509599002663,0.2857142857142857,False,3
0.95424372560109649,-0.15941127583001177,-0.25299596298990279,0.20896914338129124,0.96067171526860595,0.18287086317225232,0.21389438811111833,-0.22737172344230319,0.95002699441302618,-23.463697932073316,8.6387478234392692,-6.2701652678961555,,0.1149313177090734,0.2592592592592592,False,5
0.96166257037348601,-0.1417464750478109,-0.23476166116762343,0.18951357190857568,0.96225677812512156,0.19531128747390747,0.19821631316598251,-0.23231407569017948,0.95222920740287331,-13.538315379150951,15.327889163799396,-4.8116849976002403,,0.4990796215393387,0.3679245283018868,False,3
0.01604814632327883,-0.95540069229337232,-0.29487620142177157,0.99984474343596996,0.013187788351924606,0.011686370773087398,-0.0072764017926349317,-0.29501796454407891,0.9554639996217662,-2.5246453798401536,-7.3049335088376397,-1.5920045415792263,,0.06662309581912469,0.2439024390243902,False,5
-0.4282693743016962,-0.80577495531762944,-0.40903797429835764,0.89755607562519946,-0.43179158790716626,-0.08915781357176375,-0.10477802318961311,-0.40531808002540193,0.90815131991370068,15.907510141868606,7.4388780855435437,1.1633694263341317,0.2051145490904484,0.1658610737890556,0.4545454545454545,True,5
0.28125619972556398,-0.870542132188031,-0.4037961691267658,0.95960702309338541,0.25821715853969246,0.11170613351799255,0.0070222037698924392,-0.41890368239155573,0.90800352066113144,7.9530478380529175,25.936230697110542,-0.41745225101844435,,0.2339528077118539,0.2,False,4
-0.38662328342978397,0.92013853795213429,-0.062189289152404348,-0.91821235076985874,-0.39035310669051482,-0.067160486826356683,-0.086072734380073207,0.03113716545178688,0.99580216977267388,7.8749793931308698,22.053697116487168,-0.5043350026274438,,0.1439147290357811,0.6153846153846154,False,3
-0.92539807412724828,0.34402220050786408,-0.15901927543322136,-0.31904909920568758,-0.93360233327335274,-0.16307775937445071,-0.20456313621378383,-0.10017688787479302,0.97371377439065843,-6.7453144690309257,12.609338351306901,-3.2811120577791071,,0.08985841232481644,0.2777777777777778,False,5
-0.38080741085107211,0.92465111390326338,-0.0024562976932062941,-0.92345962481575405,-0.38044902273742731,-0.049808256677825062,-0.046989756075663143,-0.016699061518284014,0.99875577804003646,-11.500727117320018,20.952359559553624,-4.5185319426091572,,0.1614106544636943,0.1428571428571428,False,3
0.84392682787967677,-0.46461044598949708,-0.26818770043085105,0.50475018369866775,0.85702383194880638,0.103621443378994,0.1816996456823966,-0.22281670706934312,0.95777761187535937,3.1979625932107716,-13.75790921881144,-0.19945634630490761,,0.1100450720398203,0.5,False,5
0.92840403676533689,0.31580217927030507,-0.19579307466290358,-0.30575631745118359,0.94871013189155518,0.080387561133545171,0.21113744067909476,-0.014767166770729576,0.97734482754504171,-1.6514779252151226,22.621525280871552,-2.446233945565754,,0.3718334893790861,0.8163265306122449,False,1
0.96371716319579181,-0.13919817402500764,-0.2277566633711513,0.15740521545077116,0.98547474206226449,0.063742692963273395,0.21557557262072294,-0.097280013905310991,0.97162944139411,15.328072189999236,12.507312124352071,1.1090058992355376,,0.188682385948696,0.5161290322580645,True,5
0.52626832966094883,-0.80658453999227531,-0.26918957082570033,0.84530662337717533,0.53057984522379831,0.062783280552781054,0.092186537360689866,-0.26058857935017044,0.96103862286679531,4.3560371541502079,1.7605860421160666,-0.79764460453152763,0.1171084858166302,0.1657537747407599,0.3870967741935484,True,5
0.9730284001111601,-0.034352374248270541,-0.2281132327608846,0.079812519372146992,0.97791236697769046,0.19317702830191774,0.21643866181573343,-0.20617302659561465,0.95427825542438982,-1.3418296460291672,5.8023034259301358,-1.9460939619815767,0.3186665920866308,0.3339955818170999,0.3783783783783784,True,4
-0.74118903699960526,0.66844367457351672,-0.061821237081216868,-0.65216105033721283,-0.73883292482632468,-0.16974060685540557,-0.15913760037986305,-0.085492474026854365,0.98354779295675632,-14.849041465281726,-5.6454765899229162,-3.9832294183702803,,0.2329323869040099,0.2307692307692308,False,1
0.75151864118667977,0.64796054345377752,-0.12396316419005766,-0.63548453409662453,0.76147980786537695,0.12770242416377214,0.17714157861135194,-0.017194078643340827,0.98403517456780187,0.085452108945001992,-5.0119914485124735,-1.1403669590254648,,0.08590333857263205,0.148936170212766,False,5
-0.81221039313018761,0.55919166040713952,-0.16618954305976263,-0.55513547847785549,-0.82842681059634604,-0.074388305669159882,-0.1792731932734746,0.031838756512660604,0.98328399547498946,-20.772630715504611,6.116938227863125,-5.703278296031395,0.4715282822667098,0.480595557376311,0.7668393782383419,True,5
-0.87078052307032017,-0.43031544348905354,-0.23784427623173462,0.4548239536355273,-0.88874025828820558,-0.057235692510534911,-0.18675238108448927,-0.15801700032791366,0.96961547830397221,-4.186386752657401,11.198428183008634,-2.7039943368200574,0.4812459705948049,0.5100287499439758,0.8081081081081081,True,5
0.40638001199659812,-0.85261921667476848,-0.32847489585438455,0.91018487597224795,0.40927345930822562,0.063708139646839496,0.080117272800738104,-0.32486259689718383,0.94236166928424547,2.2724119753584837,-8.5707286589646756,-0.54999667758190085,0.2634359010284003,0.3087133900098245,0.2826086956521739,True,5
0.85511402035384787,-0.46397343372960831,-0.23131940036978307,0.48534468011443099,0.87328680685259275,0.04255225566081057,0.1822650643400979,-0.14865667078997483,0.97194683010478566,0.23689727146454492,-12.28302790423292,-0.82695091394652043,,0.08801649709197384,0.358974358974359,True,4
-0.84345629808203304,0.50724259673587413,-0.17687968024168149,-0.5047499510738912,-0.86101830039232463,-0.062249283372716499,-0.18387212979855447,0.036775459836143359,0.98226198411482024,6.7240615400452013,-15.26213546174437,0.49365097110408018,0.5694211232325987,0.5229705871702229,0.8494623655913979,True,5
-0.92821835410192199,-0.27557810805902938,-0.24993477842614148,0.30640885229586551,-0.9473007985859091,-0.093460217382741684,-0.21100782531235449,-0.16333371775939171,0.96374155991108212,1.5005431306483676,2.0096103114092667,-1.252133425483944,,0.09483580795088412,0.303030303030303,False,5
-0.32889561499547398,0.93171883282537526,-0.15403795310010429,-0.94202271761973733,-0.33516981006587648,-0.01594985607237543,-0.06648965276698468,0.13986141347392864,0.98793618776518199,-5.883091711898313,14.521145750290412,-3.1895813026376554,,0.08057773496482293,0.3333333333333333,False,4
0.9125052234208435,-0.34159312813995502,-0.22505188743317714,0.35799398661064158,0.93305613380352603,0.035306610177629441,0.19792554857899228,-0.11278468858482285,0.97370688158219787,4.9868459673783914,-8.4008079912747426,-0.066595022588901973,0.2214537730092151,0.1564041467183573,0.6481481481481481,True,5
-0.72624562735069276,-0.64731552441856877,-0.23140851453806222,0.66617223788624935,-0.74578420430999803,-0.0045243862931868628,-0.16965210939928088,-0.15744374375762588,0.97284614884778053,-28.29605784465307,-1.0892884147577078,-6.9112404059017134,,0.0902819113348298,0.35,False,1
0.46844072578043339,-0.84134059568084441,-0.2696465992548453,0.87856803954229135,0.47578952990804396,0.041743539915749736,0.093174493962221536,-0.25645725821135357,0.96205415044351805,-19.059268081960383,7.5819223849316781,-5.3778322840809292,,0.08435680821614633,0.2307692307692308,False,2
-0.74817556035384336,-0.61952244279319435,-0.23754004665480374,0.64198269217477177,-0.76636490824704573,-0.023303440851728374,-0.16760535145765806,-0.16993166356818629,0.97109818035032069,-0.73555613419873977,-11.740835618426297,-1.047775443559201,,0.07888760706946955,0.2058823529411765,False,2
0.75294014462658965,-0.61458367118298529,-0.23530416427453163,0.63785458149152785,0.76952697907377376,0.031140991439923948,0.16193415785423276,-0.17353714182513663,0.97142276529181892,3.7302398588139876,4.942509966199915,-1.0177792032776787,0.661818843488645,0.4888830224331105,0.571912013536379,True,6
-0.53932890019690127,-0.7957138131233884,-0.27561542956997126,0.83126323605149188,-0.55539551782997132,-0.023178679073266865,-0.13463197911939156,-0.24160990538265809,0.96098849307334588,-22.476863246290424,1.9546114838748512,-5.8262436445601766,0.6087238296867351,0.482540592444113,0.9641025641025641,True,5
0.33649481182290547,0.9281807788130283,-0.158907782875186,-0.93923865415993446,0.34296390695254642,0.014370423086332396,0.067837984552185482,0.1444167593109778,0.98718884084151426,20.985992119261446,-4.9364693697901894,2.8860738781154618,,0.1530788802701476,0.3809523809523809,False,2
0.4123664917039811,0.89794554409260374,-0.15377801001439634,-0.9052888849125037,0.42279405931585334,0.041197308906021003,0.10200936904826867,0.12222513346877559,0.98724622327710843,-10.349571130696715,11.499422363278248,-3.931500477010816,,0.1049023925226567,0.2272727272727273,False,5
0.16890265826181752,-0.89666715259012852,-0.40921865731904516,0.98553818083017886,0.15939320626603765,0.057517822648059755,0.013652331596945788,-0.41301552423866922,0.91062165062105982,5.2303102794616834,18.299087856504318,-1.2183385364558965,,0.2584998896223109,0.1,False,4
0.027305384040671066,-0.94350265465495775,-0.3302380303075928,0.99880081898901041,0.012321216599983654,0.047382608712248524,-0.040636682803511764,-0.33113581546027815,0.94270765973878812,5.3424124779851869,-21.347892456958295,0.41362520278727594,,0.3532874623001748,0.2857142857142857,False,4
0.25097725881762201,0.96572949087177262,-0.066158642798489847,-0.96574027760526171,0.25446775574900865,0.050910485118231617,0.066000998229596861,0.051114692062151912,0.99650948640145287,6.1819618177139777,3.9309916022268832,-0.51789460450313096,,0.1006722088195702,0.2058823529411765,False,2
-0.93091981234314836,0.32380531881855745,-0.16893317759342541,-0.30353760870325563,-0.94318039546158816,-0.13518750578227887,-0.20310889465926585,-0.074571154756626526,0.9763124089084172,15.410475854235111,-1.2090018593407932,1.4868464237925301,,0.4122575771002694,0.1395348837209302,True,4
0.65243684313163341,0.75753947479954542,0.021450171208077545,-0.74879352828727641,0.64002663175534324,0.1722619012985768,0.1167665094088137,-0.12845176045635914,0.98481761129467116,-12.720943708143484,-8.0808974574045287,-3.5260548795598226,,0.6621721145676995,0.4380165289256198,False,2
0.28184390558397027,-0.92178721216110626,-0.26621861013353415,0.95795948210166426,0.28586705215434044,0.024365121466955478,0.053643671916507353,-0.26189380288361974,0.96360468682674583,3.1199366952247933,-4.957446248262765,-0.52896320809555997,0.278061439909268,0.2450394200674303,0.7421383647798742,True,5
-0.97483849671928113,0.046865920843889602,-0.21793001348494195,-0.032550331827400553,-0.99709772707382882,-0.068822950838589914,-0.22052297207324872,-0.059997567681191216,0.97353475061772843,16.636608696472059,-5.2755388508808387,2.0018857967645367,0.2888445783741251,0.3534727625281168,0.5737704918032787,True,5
0.49992056544658309,-0.81315908906815071,-0.29808006325386027,0.85965952028904491,0.50770555446736487,0.056750146602418755,0.10519000627426141,-0.28461792956319909,0.9528524002966986,4.584200721435062,-9.8163031628413293,-0.065379186096083911,0.2199032049394374,0.1210902187315621,0.1666666666666667,True,8
0.90430803528915527,-0.3429173667543069,-0.25423346925564383,0.37045256596798726,0.92634264115317055,0.068221752756011667,0.21211287956935151,-0.15587492023946803,0.964733712254909,-11.051406309941186,-10.245395078569045,-3.1537399226480773,0.2453357561409601,0.1250595531868822,0.4736842105263158,True,5
-0.51522142112695646,-0.79349952580991312,-0.32389101523716779,0.84869835407805816,-0.52501265357820148,-0.063818628690774537,-0.11940682977583465,-0.30776649610088985,0.94393950700278773,-7.5647700695121651,-19.786694008332571,-2.1365756664451006,0.7461267117303139,0.4900407382015413,0.4210526315789473,True,5
-0.89640929252809354,-0.35151987364042109,-0.2699706626748658,0.37800143781951379,-0.9243702585912853,-0.051522209174899233,-0.2314417708099902,-0.14823428573614197,0.96148910719603731,-3.4827656712746609,4.3113788459832127,-2.3521848323464432,,0.1606589758009478,0.1754385964912281,False,5
-0.97258688142376459,-0.017464218587979009,-0.23188307215384554,0.027190439770746908,-0.99887641880595435,-0.038814687148853645,-0.23094466451396453,-0.044055658234797568,0.97196896087788176,-6.558678811235696,-6.3464720314747716,-2.3645127929353458,0.2454909833952227,0.1955875874748318,0.3035714285714285,True,5
0.13059409692406168,-0.94527105526936561,-0.29901139429548496,0.99133846909507095,0.12872942073765298,0.026014917428096571,0.013900415131613511,-0.29981889251094479,0.95389486325940576,-3.453106892636336,-11.480724834620851,-1.5698600689114133,0.1358335295940048,0.1615626922401638,0.4731182795698925,True,5
-0.53971150623473507,-0.75759007019829949,-0.3671086699803896,0.82805040177089118,-0.55636371104060567,-0.069223934908330884,-0.15180257627886548,-0.34134543584770932,0.92759865850541079,-30.685899557337066,1.6650564134632184,-7.5522283929015295,,0.4102448879884233,0.9295774647887324,False,3
-0.97295563528008466,-0.05743584696000003,-0.22373746950547707,0.05852470001477942,-0.99828439672291835,0.0017671298024030369,-0.22345512136647688,-0.011374829385354493,0.97464784511717184,-9.8496483152741998,2.9876469582304059,-3.4605227728738686,0.3413487251058026,0.3221049284786467,0.9315494710640946,True,5
-0.39000596836154811,0.90706955008958312,-0.15849345709729706,-0.91751265580845043,-0.39736703986700755,-0.016430522166267898,-0.07788370223413503,0.13901175104146252,0.98722330908396372,-8.6456837719667359,5.4271383043478965,-3.3694973523340281,0.726614383332692,0.7727809416358822,0.902292576419214,True,5
-0.54296020499078768,0.83243432837768405,-0.11066754146884047,-0.83221548536930112,-0.55101388282361274,-0.061652954894197698,-0.11230138782713996,0.058624140710476905,0.9919433493995804,7.7639561662906056,24.25470396028021,-0.50242027682697954,,0.2507191408913435,0.625,False,5
-0.094805132649352281,-0.91824565936467584,-0.3844956383124134,0.99534458980642238,-0.094167747298830665,-0.020532484305315814,-0.017353223516776383,-0.38465223829661394,0.92289843493581747,-6.1876146245342509,15.641722941128652,-3.2665154554339151,0.5729736396900902,0.4874606675655517,0.7554347826086957,True,5
-0.030201812855733621,-0.96836277145845318,-0.24771231974516805,0.99948878247832429,-0.031858734399565623,0.0026823017086518566,-0.010489242118739407,-0.2475046744927519,0.9688299189765005,-4.8477588117301522,-1.8092073724397639,-2.3470819236053448,,0.07055601922398991,0.31640625,False,5
0.54675068645161373,-0.80245394705972972,-0.23902165113845084,0.82980313526936722,0.55741427601464377,0.026759700898937387,0.11176065301267414,-0.2129718003476811,0.97064543922837732,-8.618313629969478,-7.529260765303472,-2.7126491806967667,0.2350894011323615,0.1808820027575452,0.704,True,5
0.054260100779243703,-0.95641425955146298,-0.28692787524054453,0.99841518717919375,0.056262855918163435,0.0012669072056690294,0.014931693586533169,-0.28654189077787412,0.95795135020317113,24.1387539576405,1.816047122351881,3.3228069907594109,,0.1329317116469435,0.2272727272727273,False,5
-0.31813791019947701,-0.86799324497659402,-0.38128204359622309,0.94298267228089405,-0.33122366390481428,-0.032780546783948428,-0.097836342285949729,-0.36997109501212838,0.92387739391308465,-17.024823334987072,7.1011824334173124,-4.9579329120850195,0.6856051923630911,0.5299679354660028,0.9514285714285714,True,5
0.62932800355071317,0.75219747769072676,-0.19530800931498438,-0.76136279319760203,0.64714643551483741,0.03909204695057069,0.15579782116967755,0.12409853164380638,0.97996254691831575,18.801440186555872,-12.509627976829874,2.7216188530792333,,0.7390504233320165,0.7160493827160493,False,5
0.78640627294516741,-0.5711075168804024,-0.2353749732558498,0.5945886113796629,0.80313852913810047,0.037853483743146829,0.16742030071080172,-0.16971949557015958,0.97116720276856316,-0.76305337342963986,-10.136266606982252,-1.1410825057403438,,0.1175287823207522,0.3404255319148936,True,5
-0.76178409016540571,-0.57812465321249229,-0.29233009649846037,0.62973880309715413,-0.76672904204512404,-0.12472215504203266,-0.15203302221763343,-0.27910295848037969,0.94814951285273075,7.8696656527271687,18.250889381889465,-0.60860638605070172,0.5005570613974102,0.1945395811709437,0.5142857142857142,True,5
0.95567364019819045,-0.11321579148456835,-0.27179050386071801,0.1882968789737762,0.94467304635866278,0.268583545386123,0.22634526458283891,-0.30785551812817519,0.92411730919778678,5.6625517138431833,-15.447355470681055,0.28351682949059365,,0.3703797071575001,0.2533333333333334,False,5
-0.67520897558676585,0.73409516203295122,-0.072091139309109042,-0.72226123640516615,-0.67782316932576836,-0.13745711153538775,-0.14977164509195767,-0.040743640055670882,0.9878807671583969,-5.6009933299265127,-3.1283521295020953,-2.4019124625160253,0.7704428124594302,0.7184533963957632,0.8621632174931667,True,4
-0.93150582331257714,-0.25627980010710555,-0.25810378763555503,0.29582245958162123,-0.94667577792201907,-0.12764812534001496,-0.21162696789832289,-0.19525786937483997,0.95764732073209491,-5.7442680991099726,4.3400043035922602,-2.7772268296454783,,0.07128219651348908,0.2553191489361702,False,5
-0.53842517410581836,0.84099382264489086,0.053176330846088193,-0.83522365002144461,-0.52422916084615645,-0.16608805304232285,-0.11180244332738813,-0.13384011802022683,0.98467610739489209,-15.535173315314122,-13.91972677504571,-3.8592747315887213,,0.251557929041242,0.2142857142857143,False,1
-0.18710859197224175,-0.89497308592752223,-0.40498586429100558,0.98097872086506355,-0.19192186862167859,-0.029098892671484914,-0.051682918068822775,-0.40272716795633579,0.91385978364832321,-20.492059917158588,5.2513877878613009,-5.5961028934689958,,0.08122875785947899,0.2142857142857143,False,2
-0.081697461049501291,-0.92999912940965923,-0.35836733131710097,0.99595666295455154,-0.089658776869178489,0.0056239885096184827,-0.037361081013518024,-0.35645886582830072,0.93356372390849807,-9.6018204953840574,-17.088692856525565,-2.5984145314429608,0.5548875601335025,0.2807566138359227,0.1904761904761905,True,4
0.9649509425142937,0.18497282846640825,-0.18615781280922772,-0.14735135813461592,0.96887649202074544,0.19891184093829378,0.21715721447067537,-0.16450956184585028,0.96217428164788621,1.2053302166887054,-12.973696545577219,-0.59494152263598865,0.5773026762945919,0.3297445520647834,0.2608695652173913,True,3
-0.33905919251368338,-0.88192695739230198,-0.32748084798461841,0.9380172716674201,-0.34351103739149769,-0.046084327529272537,-0.07185027505568202,-0.32280800642947627,0.94373329334057554,-12.316212839059954,19.04620458667425,-4.8499440531681195,0.4446614054037308,0.3691146199248161,0.8923076923076924,True,5
0.57914279343626562,-0.75730291632033997,-0.3018044362555789,0.80358641919593399,0.59264825842953228,0.054926393148461899,0.13726795581888784,-0.27433617098944685,0.95178630668451691,6.8514055942327534,-12.263613137929216,0.39438089761052558,,0.1582074979885059,0.3,False,7
0.61548528324421792,-0.74967123155472648,-0.24325071570090886,0.77740848427776721,0.6282375345613902,0.030881203687201316,0.12966847991215608,-0.20811209659086516,0.96947173273377329,-19.999680552920342,3.7934151700024832,-5.4047817265225682,,0.07217956415939261,0.2380952380952381,False,1
-0.97517839170673781,0.023859823691774543,-0.22013135433567485,0.0070785248686899447,-0.990309642735962,-0.13869645269384301,-0.22130747577509519,-0.13681198893945484,0.96555967233956419,-7.9175359888450139,2.1687942488197178,-3.0570360551574289,,0.1004234819516356,0.42,False,5
0.71190430739997035,-0.65777159977995814,-0.246025973483053,0.68547423401777585,0.72700962426013738,0.039775378450467309,0.15270013622493173,-0.19696072896912498,0.96844676654983919,13.152571657842397,-3.7672128756039389,1.1951835529892796,0.4324305907109194,0.4793114016981816,0.8409090909090909,True,5
0.97450459111052079,0.084161338058037549,-0.20798478569548728,-0.049800881979862419,0.98499529403190778,0.16523965289549547,0.21877082542822035,-0.15066897461414128,0.96407374512024691,-13.709696396505928,-23.87231662038317,-3.2369777617806976,,0.1726901571652098,0.4666666666666667,False,1
-0.95838237381051006,-0.1726414571551691,-0.22737227808303859,0.18869476144251848,-0.9807261660772606,-0.050699843940069447,-0.21423704762127802,-0.091493794558627134,0.97248720967618951,-10.567996264779296,-11.96559480977149,-2.9677556177586744,0.2325813039549468,0.2237577165792099,0.7192982456140351,True,3
0.80553103775083656,0.58191786663202016,-0.11176468008498341,-0.56246983710614262,0.81024507441664784,0.16471369624093321,0.18640662425420859,-0.069817733263114218,0.97998880328101268,-4.2779655924989646,5.9157633725169836,-2.5307850065495741,,0.1048181776936734,0.3457446808510639,False,5
-0.60975785848848429,-0.7414839791789829,-0.27999439750187793,0.77520724641536187,-0.63150834344769047,-0.015840999370834989,-0.16507295089338658,-0.22671285975183678,0.95987092887871861,-11.197228856736956,5.0263927947065099,-3.8014333039795507,,0.1739683956701409,0.397212543554007,True,5
-0.39285353732971867,0.91551973460379699,-0.086543132359081773,-0.91617647883087727,-0.39776773766711088,-0.049004964118390261,-0.079289077713034478,0.060037008771112482,0.99504210952764949,-7.511071807099265,20.928519073260944,-3.6256907679240258,0.2874407026670626,0.2555483506204199,0.7142857142857143,True,5
0.36139347680208878,0.91813729666705512,-0.16253817826532613,-0.92804781182738971,0.37104290946025725,0.032471807797874376,0.090122216391369081,0.13910810115942301,0.98616779622158013,8.293755562099987,-1.3348133128081987,0.17753813459052861,0.2155243784091411,0.201496400202305,0.6766917293233082,True,5
0.54881317762934134,-0.74623161797160897,-0.3767525293874725,0.82700511117860032,0.55041193662954968,0.11449561607405874,0.12192884049663918,-0.37441297033513898,0.91921068613238055,17.545203127527593,-4.5900036495004679,2.1403015710858386,,0.2447927229497316,0.1052631578947368,False,5
-0.61429471523368073,0.7757082053918084,-0.14463327045944013,-0.77667793727346923,-0.62676387738689388,-0.062756862219029597,-0.13933192236025024,0.073782261355755538,0.9874931864679527,-17.351678222705985,15.563998275765522,-5.480907854555606,,0.1699519111239026,0.5925925925925926,False,3
-0.034676587084132529,-0.96516375984277147,-0.25933848729867187,0.99911235150222355,-0.039689311580365198,0.014116218402095908,-0.023917428454906159,-0.2586187836032865,0.96568332355056363,4.2827039293468117,-15.738433619973387,0.062827901360233668,0.1518489101848912,0.1501065066063834,0.2413793103448276,True,5
0.21757060255021066,-0.91357511405391201,-0.34357465547871724,0.97578489483705777,0.21171084814984539,0.054975956412818841,0.022513816064126283,-0.34721611102748978,0.93751485339122786,34.115948134447301,-18.916481944153887,6.0784296935702198,,0.4669989267207393,0.6071428571428571,False,2
-0.70741028760756997,0.68784011393261191,-0.16262429908272158,-0.68980448081461465,-0.72203133349093729,-0.053296638781245784,-0.15407940561624386,0.074476379627839553,0.98524758596125195,-2.7986999443750347,-21.572816921388103,-1.1939689861675968,,0.2825781239683235,0.6551724137931034,False,4
-0.95287524217248543,0.23925573675931894,-0.18650861986107878,-0.21279742763419759,-0.9653334558710972,-0.15115744694931463,-0.21620829689675966,-0.10434563432996066,0.97075535586948081,19.930705891628499,6.3799344085635692,2.245372760795485,0.5336049982233215,0.4863380856931888,0.8307692307692308,True,5
-0.83043488637600427,-0.50400301837219807,-0.23740020421513011,0.52292707306558206,-0.85214000470901119,-0.020116874249966589,-0.19215924579560417,-0.14084874811740081,0.97120361120056808,-12.868577971583642,9.5233034643490146,-4.3608621963447831,,0.07932039411062194,0.2972972972972973,False,5
0.96850803292778154,-0.089130744216845567,-0.23248204358554389,0.12454351527431305,0.98194605235601407,0.1423757811762848,0.21559476560778656,-0.16684621870989957,0.96212329581230494,12.647006446690101,32.560533008522079,0.91486797706138323,,0.3125716998718016,0.4,False,1
-0.75617736344403264,0.65244155177113983,-0.050157915998365471,-0.63504719204574289,-0.75018104063689717,-0.18423753728206496,-0.15783174233863551,-0.10746361147574529,0.98160109684073871,3.294030177478569,24.349793564897642,-1.5579066056395068,0.5302308433427712,0.501814559329141,0.4354838709677419,True,5
-0.048008930971211124,0.9934803799520463,-0.10340153382488666,-0.9988468334291819,-0.047790575621788789,0.004589578437553787,-0.00038196269170652671,0.10350263538710394,0.99462910603522281,-13.558755382301033,2.3865453442686211,-4.158942296300066,,0.07088542717221855,0.2303664921465969,False,5
-0.83975261046463723,-0.48899949886899091,-0.23599797313473636,0.50902649486918283,-0.86027065190153884,-0.028747747704742876,-0.18896449597483003,-0.14427021724104303,0.9713282265425015,-1.1500341300247268,-8.5733672545529309,-1.2191190113445955,,0.07430268110434513,0.2272727272727273,False,5
-0.40818774916119188,-0.86676595024658765,-0.28653018851047779,0.90730163115171747,-0.41988539404952074,-0.022360813341898704,-0.10092824948522802,-0.26909671747720887,0.95781023438823121,1.437969085612526,-6.8327356323248081,-0.80816412530339654,,0.07424773628069098,0.2553191489361702,False,5
-0.11285772957712231,0.98269759572532456,-0.14686241258527222,-0.9934866751240089,-0.11394374725677253,0.0010241152913643423,-0.015727657986566813,0.1460214293066408,0.98915639964441748,10.507388153520447,-8.9952760300084815,0.992403428823325,0.1811171354753339,0.1616564393280858,0.3333333333333333,True,5
0.61338659451437871,0.77799317068925056,-0.1359540805968677,-0.77316057475766609,0.62664438053326976,0.097670599396492974,0.16118191992419154,0.045204498746931332,0.9858889095545148,-15.839686263927419,9.5987233665448102,-4.9115603987523135,0.8103793427803636,0.7711000187260983,0.7025316455696202,True,4
0.57895155596059666,-0.76675344887262664,-0.27731614538778193,0.80630630641344692,0.5889394559739306,0.054958688439920647,0.12118265589064239,-0.25542017508228243,0.95920555569295329,-26.512604910801993,-2.505864497734406,-6.517384514356082,,0.1017587992354282,0.4117647058823529,False,1
-0.022830017672660328,-0.89366746055689128,-0.44814870326138934,0.99931989472857741,-0.03338324535701595,0.015662277264168668,-0.028957525666611018,-0.4474863448991846,0.89382181268753835,-1.9483445021936137,10.683679369517771,-2.2727642667899346,0.5444333254339115,0.2955452901534381,0.2909090909090909,True,5
-0.48343779872628034,0.85798739108911881,-0.17362468572981493,-0.86970965352423402,-0.49330100197744647,-0.016100932109827465,-0.099463628173550783,0.14321926609271501,0.98468026713772361,11.963718667255037,-1.1857652801459888,0.81527782847308694,,0.07019994689030695,0.2962962962962963,False,4
0.76666089285240591,0.618379893021057,-0.17273500883728898,-0.62178331840537948,0.78214957746967029,0.040342823609797095,0.16005180512429898,0.07647448183075789,0.98414179532482549,-12.351362992638382,5.6470030898739667,-4.0513522727812195,0.5726247813159633,0.3672669513966987,0.852994555353902,True,5
0.9743061294527009,-0.043079695488874588,-0.22106945955396726,0.057994197627260408,0.99642565640431724,0.061421366809902594,0.21763326756832832,-0.072663960088975202,0.97332199695256072,-2.437404948410594,14.726714159803295,-2.4724105462167052,,0.1041452990302476,0.125,False,5
0.62404202518407026,-0.7135738769781671,-0.31840834301021859,0.77021885569937321,0.63039343720861962,0.096783411024056173,0.13166041595450551,-0.3056410254181382,0.94300005220150263,-13.164244020995531,-4.5018723106860552,-3.7308890120421374,,0.1243983197565595,0.1923076923076923,False,1
-0.203186434597217,-0.94715928651568393,-0.24820265663923055,0.97759339151314495,-0.21048183419065028,0.0029254650171896771,-0.055013031778825383,-0.24204686208013626,0.96870371264471866,-23.325243191590612,5.8814167498997083,-6.247106570841761,,0.0806558278989191,0.3888888888888889,False,2
0.96207616900483384,0.15239967385744679,-0.22623833548080916,-0.11870026212214926,0.98062997353960812,0.15580469430617799,0.24560067753391146,-0.12304143368740608,0.96153060938850632,-3.2941803364544713,-21.246279314480478,-1.2988958377704749,0.3157439810392275,0.2111657330476232,0.375,True,4
0.1303950723286369,0.99036748510415884,-0.046576491504552453,-0.9909431343358126,0.1317027283184391,0.026193431737663184,0.032075374122927103,0.042739160051918801,0.99857124661835273,0.23143663964299346,8.9189915575483916,-1.797853233847849,0.3079248119883103,0.2345321943099308,0.3289473684210527,True,5
-0.77704727040986854,0.60502733711800871,-0.17360720287034054,-0.60517427708448823,-0.79395729879551458,-0.058274368676087512,-0.17309429194470688,0.059780674379106308,0.98308933320779091,-15.413285088822299,-11.463211991187015,-3.9598706957256056,,0.2919893995879959,0.7050359712230215,True,4
0.34542567293301224,0.93681477471597296,-0.05530987572431198,-0.93249603524359947,0.34926526039406275,0.092005011476753926,0.10550947224655066,0.01979534682016984,0.99422125078401224,-19.312664787877406,4.3179402097337194,-5.2730840162759245,,0.2547379425791532,0.2580645161290323,False,3
-0.88942395008246133,0.42557158081355229,-0.1667748980619258,-0.42225499061542127,-0.9047034773006708,-0.05667751812178471,-0.17500217118676589,0.020011190967278297,0.98436466429671732,-7.2128332131133339,-8.0855138785927121,-2.4322982154079185,0.4885662600403588,0.5686370039306174,0.4615384615384616,True,4
0.15855066714671825,-0.95996890320560413,-0.23091424994044821,0.98698922164113656,0.16042631403122073,0.01075519086671412,0.026720073195143631,-0.22961511850177768,0.97291465969213375,0.53208873089772823,3.5365669586234971,-1.519286156901144,0.4934294993367949,0.4402179177784952,0.9730994152046784,True,5
-0.97592945059887082,0.078355259648782233,-0.20352434925373919,-0.072234697722829824,-0.99668841433167177,-0.037341038843463084,-0.20577622772972956,-0.02174069967571253,0.9783575451126918,11.686111960064457,13.979712315549806,0.17567177220208899,0.5055615182141857,0.5057489246218535,0.7027027027027027,True,5
0.091681153843653357,0.98506968176936571,-0.14571303335219177,-0.99515250295592128,0.095865050347906766,0.021940555652910164,0.035581763453509337,0.14299515439550359,0.98908357782795298,-8.1422676206004141,28.933083720471821,-3.5321434408715806,0.7967922234179083,0.5571614740574589,0.7142857142857143,True,5
-0.96724336527334631,-0.090722337647981155,-0.23708591224781819,0.13156441316838724,-0.9778896820721189,-0.16255022265303246,-0.21709693116751405,-0.18841769330022662,0.95779313806743871,33.641890425155246,-12.646288070989828,5.9085272156581361,,0.2262243720575781,0.3333333333333333,False,4
0.76985455442135842,0.6250409644817605,-0.12902619019564565,-0.61196547970140014,0.78033121892996105,0.12876894197405253,0.18116902795601475,-0.02017378206962156,0.9832450365125065,-5.1611834738492188,-12.867109124508522,-1.8872324196426826,,0.3324347970819156,0.5064935064935064,False,5
-0.88103111607398366,0.45253853626171314,-0.13781525934212263,-0.43362229784358403,-0.88900494879685854,-0.14711187520912355,-0.18909224024872215,-0.06985037016939008,0.9794718221903671,-12.441434637421295,12.946890804112661,-4.4802749147705496,0.5449535749587814,0.2238827235873322,0.3703703703703703,True,5
0.49825329248509997,-0.72166334155591261,-0.48056807840524768,0.86094726241526776,0.47735278850541274,0.17579569575437051,0.10253520306418727,-0.50133455572148766,0.85915667684778252,-13.095238493436314,-6.0943560805145314,-3.6689254994637821,,0.3548673114461657,0.3428571428571429,False,1
-0.9754460652307404,-0.017285327222919027,-0.21955908382178971,0.030034646950217014,-0.99804206271652673,-0.054863111752044905,-0.21818087406654801,-0.060110386052147122,0.97405536171216656,-9.2138322516690252,19.47744828415399,-4.096753733355543,0.3304546131037834,0.2835678992823393,0.5606060606060606,True,5
-0.26704527175193227,-0.91118531439094419,-0.31373260218411003,0.96147120670780117,-0.27396682138020528,-0.022700208251718545,-0.06526822739113905,-0.3077068468869405,0.94923998802837806,10.456091317483818,15.650380783165094,-0.071309799884609795,0.7340180718952396,0.459996609767176,0.7272727272727273,True,5
-0.53764598047645928,-0.73889664949634937,-0.40616319508367105,0.83361915228048622,-0.53811973752095066,-0.12452412232795378,-0.12655397515949712,-0.40553531221516687,0.90527631246922424,-13.554785407398828,-14.945908983715185,-3.4557058220334724,1.120313391989172,0.499017832270345,0.2894736842105263,True,2
0.45016284079331825,-0.82032679902994032,-0.35272845017404153,0.88531550733269315,0.46155084000601232,0.056455952440822091,0.11648978171988161,-0.33769033874695908,0.93402107356944475,23.82268555709981,-12.552945196057813,3.7578701755207495,,0.5095206638241594,0.4782608695652174,False,5
0.37642789152676837,0.9263270215686088,0.014842223301836599,-0.92230800635834687,0.37318602727438133,0.10039985286073014,0.087464186316475068,-0.051482406305404765,0.99483645789295527,-32.698180939294701,8.9809493569981829,-8.1741159903724441,,0.3098409965954673,0.1666666666666667,False,3
-0.97112466358793958,-0.069879155847018648,-0.22810916542155726,0.095520976643741179,-0.99004584817663188,-0.10336808757657968,-0.21861525745527718,-0.12217250953599043,0.96813286646071528,-14.610653885491558,-13.034079639426709,-3.7343753516535236,,0.1547892289054285,0.3214285714285715,False,2
-0.091825442339373786,-0.90874094050037191,-0.40713387380280353,0.99477748088892159,-0.10201297157035173,0.0033342386953129641,-0.044562895501404007,-0.40470144142303899,0.91336240981039118,15.514177609241269,-3.4332657995199662,1.6195258934613801,,0.2693173730291093,0.1212121212121212,False,5
0.041868817122461835,0.99911317614555084,0.0044568380173860001,-0.99905678765245876,0.041814221674663393,0.011709223342729631,0.011512480111325205,-0.0049428856035198254,0.99992151226163473,-26.804083156546238,17.734903341283179,-7.2048075038204367,,0.3071952748148805,0.2432432432432433,False,3
0.67860247132816032,0.73383116124090608,-0.031472411714656701,-0.71562928506165258,0.67020718639240484,0.19671566706829594,0.16544912290327046,-0.11096915832698737,0.97995532226257054,21.551479159222676,-3.8818515029331562,2.910040441712908,,0.3224811538365477,0.7333333333333333,False,5
0.89811649324797871,-0.32478936413880749,-0.29647703705053402,0.38321889233932283,0.90873327008136895,0.16536965985768246,0.21570824070993921,-0.26213682074354278,0.94061375819211357,-19.527476325801366,22.047536932358724,-5.8949199086329509,,0.4472977778520704,0.6538461538461539,False,3
-0.73146455547666245,-0.63222395826312805,-0.25544563155284622,0.6603556416849754,-0.75017129394139703,-0.034255747563229827,-0.16997067563598825,-0.19374182910356211,0.96621636970165903,-22.654428162648539,5.1921291855990397,-6.0738042095354317,,0.1038826293049425,0.28,False,4
0.77352757593374788,0.61626759160254441,-0.1478828753117169,-0.6086459926091019,0.78740445755382538,0.097694810022068784,0.17664978050069083,0.014438689856309181,0.98416786133478884,-7.3653706028668946,6.4314994386065498,-3.1406467169275722,0.442331509542327,0.3865883235310112,0.8997797356828194,True,5
0.68498011103519363,0.7258249227199699,-0.063090641499068456,-0.71067703305187435,0.68472478021432848,0.16152439460658888,0.16043815686674781,-0.065803927838616244,0.98484995857349322,10.911449511431973,-15.058022571110493,1.3080360644749218,,0.3250623681778521,0.1428571428571428,False,5
-0.97303367103935923,0.018659390182394632,-0.22990715991828187,0.045823038031237481,-0.96121991276270236,-0.27194949621952175,-0.22606575196003717,-0.27515106117637461,0.93444431044565646,-5.7963786577070113,-5.2517230097541612,-2.2310843163525522,,0.3491014407718046,0.287037037037037,False,5
-0.70414505101033831,0.68892911387981259,-0.17191981615400148,-0.69002665839546429,-0.72102427581625739,-0.063144313973881747,-0.16746031721347793,0.074166500068556379,0.98308512979616536,-17.445864201326813,8.0900428332938041,-5.1488175308539716,,0.09917608308463291,0.4516129032258064,False,4
0.957869508310495,-0.1303204949203515,-0.25593470583866623,0.17973150388730805,0.96706136167831191,0.18024680096827017,0.22401471281908375,-0.2186524441953559,0.9497412895562557,-2.1724387213178789,-14.440332113357844,-1.2273735208162049,,0.1782386040112451,0.2391304347826087,False,4
0.08253313266678633,-0.96069698265376247,-0.26504639128304064,0.99655459927843104,0.081745916794541254,0.014019120672325632,0.0081983333191546666,-0.26529024220158559,0.96413374317229017,-13.488231122209289,1.3961316366925358,-4.1030996236462185,,0.07242090785038621,0.3360995850622407,True,5
0.56673971678240753,-0.78054254976996318,-0.26374120159732767,0.81524847422740987,0.57754165649569889,0.042609391946915612,0.11906308702229329,-0.2391630469173904,0.9636519176019489,10.980611177676018,-0.20780604270498307,0.57521627968822664,0.3491689785995234,0.3764265961302559,0.9613259668508287,True,5
0.32473577916595719,-0.89781709477342875,-0.29744098248573725,0.94370651203963341,0.32851208314660357,0.038701813402863619,0.062965807097739593,-0.29326485564977095,0.95395546624423233,-6.9225741596154791,-1.8556188547172809,-2.6703802633393172,,0.09335381086244823,0.4493670886075949,True,5
0.97002717078195055,0.11574354412743464,-0.2136602909704704,-0.1066930662136349,0.99285402881482532,0.053455281199373102,0.21832058438612334,-0.029057003613444564,0.9754444181880948,-7.041699997466929,-3.7022859264648669,-2.5898170603104633,,0.07442498234534152,0.3802083333333333,False,5
0.64696207686491247,0.76141964489222602,-0.040990187494520103,-0.74706664179584126,0.64370062075006751,0.16595464308618202,0.152746534541781,-0.076743958838298487,0.98528110758671417,-19.943869183204896,6.8517492547125789,-5.5872298171532142,,0.09554563152786452,0.1764705882352941,False,1
-0.9493973375490643,-0.14863747166880675,-0.27667959352047333,0.22934725718189025,-0.92994812985543351,-0.28739574005459295,-0.21457989439342523,-0.33630845632289413,0.91697987498517108,-12.111996323430677,17.586819970357475,-4.7491511720692898,,0.1704992203030796,0.25,False,4
-0.44599489438517692,0.8725318764597817,-0.19944091542089923,-0.89044619657289936,-0.45508844654605995,0.00027718071838553132,-0.090521407364289819,0.17771502576277906,0.97990981443545211,-7.3594752757730211,17.610475140890472,-3.545070517056093,,0.1040837293153439,0.4615384615384616,False,1
-0.97312207448006582,0.081060372859541208,-0.21555195223306706,-0.074047112515611191,-0.99643491387075145,-0.040428796018302786,-0.21806066423753434,-0.023381154190100666,0.97565509701995867,-14.500889116068663,2.1589840849438002,-4.3316472584547707,0.1879043675185838,0.126862783966246,0.6666666666666666,True,5
0.68563335596352049,-0.68598135833086682,-0.24359079870294897,0.71284104302786,0.70051594705575004,0.033690581703781135,0.14752812804734594,-0.19674090561732616,0.96929276665604058,-14.797201291831474,1.1787282488421229,-4.3057391436671875,0.2290801487910852,0.1894684926540066,0.676416819012797,True,5
-0.50487325636772629,-0.75844572506414443,-0.4121444857529597,0.8545207354334311,-0.5066632357248626,-0.11439702041189595,-0.12205452764627597,-0.40994200528457175,0.90390831647037517,7.7379894403780334,1.6846424707233905,-0.18090445949390205,,0.5134081001566453,0.1785714285714286,False,1
-0.70626395995754598,-0.64964909808339988,-0.28133124288729727,0.69830789983426034,-0.70463579761571404,-0.12591453350400661,-0.11643580159964095,-0.28538472642713747,0.9513139660637584,-13.555272470229493,11.227947941658526,-4.5799185261831026,,0.2811942158135992,0.2571428571428571,False,4
