axis_00,axis_01,axis_02,axis_10,axis_11,axis_12,axis_20,axis_21,axis_22,location_x,location_y,location_z,dbh,dbh_approximation,score,reconstructed,number_clusters
-0.31576890681080766,0.94569700591089856,-0.077117900014649299,-0.94532822624824886,-0.32054307522394532,-0.06005565405784815,-0.081514061056036036,0.053938019403183352,0.99521160961526922,-24.085262109984409,14.112244875766512,-13.462869534888364,,0.3673374645986568,0.2758620689655172,False,2
0.94878909709621229,-0.02421497907268038,-0.31498076769838451,0.072843024977785512,0.98695954213128279,0.14354356797883519,0.30739736977313203,-0.15913672418558325,0.93818034517465909,-5.6119660928091921,16.318295862347089,-6.5257906182664076,,0.3166934886931534,0.1666666666666667,True,4
-0.077308300132217664,0.96257203506791966,-0.25976624883897148,-0.99667331268926762,-0.081355927607688186,-0.0048498263983409997,-0.025801831401441287,0.25852715592041009,0.96565934736222359,11.486441537584634,3.0486351638179814,-0.49835820383110063,,0.4638255757835619,0.7439024390243902,True,5
-0.65528627268047834,-0.65618741146332327,-0.37418976719519004,0.7254719992127534,-0.68470978624854706,-0.069734403085718738,-0.21045255806185409,-0.3171601955676876,0.92472651695119568,11.591249588360855,-11.795959334173681,-0.41770684468743141,,0.1035935441722993,0.303030303030303,False,5
-0.33127803209906459,-0.88153262854606029,-0.33638533002680526,0.93734922539181098,-0.34823172328946872,-0.01054023492228252,-0.10784848216799846,-0.31880227681671047,0.94166544653105899,-7.7457483044582354,11.664169532524586,-7.3757373248889202,,0.08593786566319037,0.5357142857142857,False,2
0.23090457300762518,-0.90933081054408083,-0.3461221679687832,0.97010345990783031,0.2424801766183183,0.010131190552194058,0.074715160703982625,-0.33811365092582918,0.93813474715447143,-2.218416886187085,-11.701951536316539,-5.2127757473388181,,0.09728361856787297,0.3235294117647059,False,5
0.07975575972274207,0.9870209492798494,-0.13938674425408484,-0.99612346087249626,0.084123034137881664,0.025717033787702369,0.037108886947054505,0.13679532451857473,0.98990402044814907,2.5867903540286248,-7.4969716403248601,-3.5196925177601694,,0.1878310635118859,0.171875,False,5
0.60466188337168236,0.75809835825145333,-0.24427624938552994,-0.76213136011405003,0.63979874195471065,0.099062403180411845,0.23138668226179096,0.12627133090935994,0.96463244516357682,-15.940629748392338,16.90391567272944,-10.25245058935146,,0.2081987426911096,0.4285714285714285,False,2
0.43803778181433983,0.86943537928387127,-0.22848418534481352,-0.88988433982906512,0.45539555973889217,0.026846711103771487,0.12739216392761823,0.19156462465604462,0.9731773893541853,-34.189393567333411,4.6383761435535131,-17.034960036495161,,0.1435177938888426,0.3571428571428572,True,4
-0.695941403537645,-0.62491324121515079,-0.35376405102274894,0.68517231190327199,-0.72532644249585976,-0.06663673774596704,-0.21495224084241804,-0.28876459750162231,0.93295795263588843,10.634723645601259,-17.635154847709984,-0.69168514228417688,,0.2658733616619249,0.6792452830188679,True,8
0.7421795327464632,-0.593119252615389,-0.31205623427389517,0.63134119956956636,0.7749789593502987,0.028564003402693071,0.22489515534644752,-0.2182135759784217,0.9496341423729493,-9.6636298760533776,-12.624394096287247,-7.8333806844381684,,0.09481835716541148,0.3243243243243243,False,4
0.33922313214229388,0.93936521784832494,-0.050206116324022554,-0.93431562195936602,0.34264887484602458,0.09821439369785484,0.10946225460064152,0.013591764547800644,0.99389802231125413,-13.671541263893234,-13.773549087631467,-9.2551048433214191,,0.2567499454084556,0.3333333333333333,False,1
0.89854631236065274,-0.2578185468904487,-0.35516773702346471,0.34849354746882838,0.91104829903111817,0.22032531448995354,0.2667710102609781,-0.32174616347643215,0.90846718948596805,-5.6947833825210701,-10.971638679855479,-6.4555734269790861,,0.3604873037773987,0.3571428571428572,True,4
-0.6599745883606094,-0.6773370064029467,-0.32503557109236064,0.73416491415602203,-0.67329180702261882,-0.087635731402756281,-0.15948486304512877,-0.2964670679068917,0.94163254834684096,-10.044733902758468,-6.2327844593566102,-8.1017709989654865,,0.2171765281108551,0.3055555555555556,False,3
-0.55821068737616497,-0.75428890891078548,-0.34561404831575687,0.81244491307528999,-0.58143153893945532,-0.043250765826534997,-0.16832733502647271,-0.3049354151630696,0.9373794860472533,6.7989421353300008,-15.805240983824802,-2.0145320665276012,,0.1949527071266355,0.6119402985074627,True,5
0.16258914458595258,-0.92646768222908604,-0.33944425734996903,0.98558849748674837,0.16877341170452476,0.011438930169718892,0.046691366274943129,-0.33641220145333423,0.9405566155360876,10.997657514234813,13.173051610661286,-0.71275545095087478,,0.3589279815050429,0.7222222222222222,True,5
0.85408703379003714,-0.40407752085546611,-0.32750068068789695,0.44329734730738829,0.89486703385746103,0.051965888671146154,0.27207131525018996,-0.18956357470371127,0.94342082368558211,8.8040285920917825,7.135190675558662,-1.4242999052705343,,0.183033137210866,0.4146341463414634,True,5
0.85785753094381534,-0.39218535582915737,-0.33207093109174329,0.44337081088289415,0.89156025531031269,0.092426377231037471,0.25981297246293356,-0.22651922175428338,0.93871521853851303,-3.7713708091751608,22.708473331269204,-5.8603975972566982,,0.2006918603677896,0.3529411764705883,False,3
0.59202767741039619,-0.62446792700665255,-0.50945366552814619,0.78414434544449407,0.59228713499774921,0.18523929179194729,0.18606685542426971,-0.50915199877460005,0.84032337076648778,-21.009720251616468,11.538376153852573,-12.325041446226095,,0.2876761080736992,0.25,False,2
-0.09594145946567352,0.97130437494084587,-0.21763052997309135,-0.99502848014787648,-0.099453987269026975,-0.0052180562376027383,-0.026712544809566328,0.21604794754189233,0.97601727664664439,4.2101443108210859,4.6951908165879495,-3.074881891651096,,0.1816366976366565,0.3274336283185841,False,5
0.88169113016534328,-0.34209031071933754,-0.32495379717693129,0.37471866788696345,0.926201569190087,0.041672210966535825,0.28671705726164703,-0.15850827278652385,0.94481133382991012,-11.015837344384357,-18.091158040043528,-8.2597272296971838,,0.3049882154049428,0.7894736842105263,True,4
-0.58274786230300246,-0.66067776701407499,-0.47319110003736919,0.7912808849442422,-0.59396880142591202,-0.14517446075161214,-0.18514721197775749,-0.45902717904930224,0.86891573745151063,-20.273387627486926,7.1848941675809987,-11.944672742921112,,0.3300419751333759,0.1896551724137931,False,2
0.59549629832331452,-0.72974896267485478,-0.33593244880214279,0.78090700699504534,0.62398280125187955,0.028804690033019519,0.18859587776319786,-0.27948508943561112,0.94144552666306636,-9.5818332030667825,9.721092099455376,-7.8478126390909768,,0.06823707978354994,0.3125,False,1
-0.25142671627207308,0.95836432588563281,-0.13536035318518919,-0.96431380608839212,-0.2600276744376801,-0.049844677888927047,-0.082966798973815828,0.1179975736882265,0.98954185503784042,-2.8807219717488328,15.112148820736246,-5.5318253131012769,,0.1905464789887978,0.1904761904761905,False,4
0.04770322815739781,-0.94124496343789754,-0.33433863196788394,0.99878065655664916,0.049207858455921821,0.0039732548939891881,0.012712281920799859,-0.33412049543387012,0.94244463626220154,6.0582604853855999,2.6376084812540617,-2.3966481104980817,,0.2579362210228332,0.7891737891737892,True,5
-0.22928659108653041,-0.84875424246894149,-0.47649123290874007,0.97149345509862128,-0.2298447820967667,-0.058067571358143347,-0.060233926058836915,-0.47622222967209615,0.87725951811175928,-2.8409938773936312,12.356238782628211,-5.4770608174566879,,0.2508199688766869,0.1875,False,3
0.95055127223333191,-0.038993453764233521,-0.30811002810542987,0.068977034099426932,0.99381509920432598,0.087027107043383414,0.30281091067271443,-0.10397624323387819,0.9473618597033181,6.0416301773870078,15.182473213751965,-2.3501905409509236,,0.1006390997161794,0.32,True,5
-0.33880968158629754,-0.83385590153872535,-0.43576637678052971,0.9345091218624042,-0.35195566505011311,-0.053102834153086712,-0.10909033329928595,-0.42521940843307171,0.89849193311486042,-23.616846989320486,9.2300336622999364,-13.132478920685681,,0.1384421670014103,0.4166666666666667,False,2
0.1923141408498743,0.938399572342831,-0.28709147297675985,-0.9794726483279963,0.2015589676386545,0.0027043930520677184,0.060403662194563695,0.28067815232260374,0.95789935400450787,-6.3554255612466779,-3.6270385220468344,-6.7609843223628872,,0.2368636885400709,0.796221322537112,True,3
0.52222836833762021,-0.73297280955476996,-0.43592246071613783,0.83665821667975326,0.53934832722432524,0.095427513760847085,0.16516827711664595,-0.41455306339925679,0.89491072060882715,-22.565233906627501,21.243935287676383,-12.923489446714495,,0.3199062671146088,0.4722222222222222,False,1
-0.88091012948114256,-0.33273846084509623,-0.33657459864337991,0.37636374976711101,-0.92367787426229508,-0.071899321690311088,-0.28696284017056178,-0.19001131880160119,0.93890789063066282,-7.9712401642372983,-21.861591481372699,-7.2237575948157442,,0.1681182436657749,0.4210526315789473,False,5
-0.87834447553059092,0.42814931806747625,-0.21260090249866131,-0.37807909228483572,-0.89436024827035399,-0.23911492276908364,-0.29251868706454454,-0.12964531519551789,0.94743068873975655,2.4838212132472366,10.420641546640915,-3.7019941651124904,0.9294019746125617,0.5347785971073993,0.25,True,2
0.89712438512069947,0.33701622453053792,-0.28563596066494995,-0.33569438112881411,0.94035464518464396,0.055158170366727398,0.28718830077207047,0.04640264736892151,0.9567495357808159,12.006006718869788,13.34151678948772,-0.341630308881059,,0.08383813300641299,0.1666666666666667,False,4
-0.9070804509632574,-0.20248617512040507,-0.36905880881697167,0.30686335693103739,-0.91821513767599749,-0.25043131017439429,-0.28816650682081035,-0.34041197074685492,0.89503058859400686,-1.7269246316647824,-6.8186591397367513,-5.1027384890349188,,0.2183452303163235,0.2444444444444444,True,2
0.87469834798713231,-0.34470084191985173,-0.34071121145087979,0.39692564136069708,0.91287393817996565,0.095452649110428445,0.27812377686738682,-0.21872929061180776,0.93530992840313376,-11.543452008016954,-5.6348410123183426,-8.5407354992392346,,0.08128833455502968,0.4117647058823529,False,1
-0.59175194412417731,-0.7384583621640386,-0.32327833824007091,0.78348062877757396,-0.62123350208014372,-0.015067853979168034,-0.1897043514407451,-0.26219874760045186,0.94618395452533466,-16.342536970426945,15.53181475826128,-10.507708398519775,,0.176597170885804,0.4857142857142857,False,1
0.22493448622595089,-0.8901220075914158,-0.39634238797748489,0.971826204589883,0.23434347563045715,0.025238135863421201,0.070415232575705519,-0.3908528457499893,0.91775582155083335,-8.565341060711404,-19.913726003296929,-7.4393076238856697,,0.110567778718554,0.625,False,2
-0.96361636377754922,-0.051763758641423734,-0.2622289395765558,0.090081402466684085,-0.98656687566017232,-0.13627597286301316,-0.25165222905781648,-0.15493970808491234,0.95533493732239994,-14.006019965770445,9.9424061620311779,-9.5296699030121435,,0.1928716821750834,0.3103448275862069,False,2
-0.88563461611248395,0.37446251208947201,-0.27464368513209086,-0.34984634170022783,-0.92692928478011261,-0.13568212194683504,-0.30538314285870538,-0.024081695469181236,0.95192500124803381,5.6388753783377448,11.757813503814837,-2.5645909143060308,,0.5472463788541285,0.3469387755102041,True,5
-0.33275405106004341,0.89971460094909783,-0.2824683669760838,-0.93703400700208284,-0.34914107907948,-0.0082326557584421565,-0.10602835104230644,0.26194301620433014,0.95924128614078519,0.026209923050088513,-11.946558648195593,-4.4656358930078115,,0.07256296384133502,0.5806451612903226,False,3
0.81625452190985137,0.50091056563260761,-0.28777970863030083,-0.51545027992853099,0.85643859734433103,0.028704318498687702,0.26084394641877123,0.12490610159834517,0.95726636909492713,6.9823808275775416,6.9148443332428844,-2.0637763914956637,,0.08029639056897817,0.3793103448275862,False,1
0.37310009310862047,-0.83529845227217669,-0.40382275338822199,0.91957544327061891,0.39072551525013255,0.041407437329092703,0.12319628507379193,-0.38679460617260997,0.91389967063118727,-5.1655770799975569,3.0625772675427947,-6.3084501133240982,,0.1588445579633621,0.2875,True,5
-0.7120576044380964,-0.5906945615813457,-0.37954433585564279,0.66430776289175075,-0.74179817519106972,-0.091818644321054188,-0.22730852188960357,-0.31751441258850088,0.92060601435953215,-5.5295291436737504,-19.855937268427894,-6.397005411283665,,0.1164994763131739,0.1935483870967742,False,4
-0.74108677688029001,-0.52326311032125805,-0.42069716722377137,0.60771244432270166,-0.78915738767197363,-0.088973043659712203,-0.28543996592718085,-0.32159964996820001,0.90282760867832401,-11.806800617917993,-8.686512844323321,-8.6469774653120357,,0.1822155817906603,0.275,False,2
-0.76210947932568485,-0.56171952880406018,-0.3219632160388487,0.59982647997054739,-0.79975418452164448,-0.024524238342139678,-0.24371568568329027,-0.21181221707036649,0.94643449284758219,-9.1663890847710974,11.847350439090619,-7.7906634094510974,,0.5202047502036171,0.5416666666666666,False,1
0.73397216250838349,0.65440205156180953,-0.18177684003872163,-0.6425004876169913,0.75576807965238457,0.12652167083340471,0.22017717428175118,0.023928324016586511,0.97516636900329057,0.61964491062795879,-6.0891758520368473,-4.2277892157528738,,0.1562892621841381,0.2325581395348837,True,4
0.86450870748858599,0.43546724938985998,-0.25098400224963135,-0.42237169407649156,0.90010145379358086,0.10686217722672429,0.27244604368455799,0.013625255502583061,0.96207458426731163,9.6503100790592082,16.314901117372411,-1.0847558504801893,,0.1049845922561222,0.2352941176470588,False,3
0.040511354631261161,-0.85174755493766685,-0.52238389408905583,0.99911360436749785,0.040516563025168782,0.011419881278473916,0.011438344011573707,-0.52238349014716512,0.85263395047812862,-17.084434565612639,9.2239078329843895,-10.727323719583939,,0.2540799466051121,0.2777777777777778,False,1
0.89991539361369721,0.32207602459496759,-0.29397162910424818,-0.30058175349732558,0.94656394955913015,0.11690722329904736,0.31591596002984224,-0.016844102116826354,0.94863764548024387,-6.7918362106981407,-20.398539760792072,-6.8850716321190264,,0.1487947124120419,0.5,False,5
-0.7991420476079375,-0.49105191809466098,-0.34675640077804687,0.54352426079171412,-0.83664972120040804,-0.067813139922133572,-0.25681387360462471,-0.24266284789978076,0.93550060212345898,5.3041864922095128,9.6661461300870748,-2.7235715225850212,,0.105165869752662,0.303030303030303,False,4
0.15561265600630372,-0.92790887118813059,-0.33877695916492501,0.98706530055435815,0.15945070133293004,0.016660320704341317,0.038558964355887113,-0.33698753777373752,0.94071919596285247,6.3660790421210516,4.6766082567537,-2.2836651631536777,,0.6534336444003253,0.2786885245901639,True,3
0.35790427356753224,-0.85488496922143897,-0.37560114531422589,0.92750283249248533,0.37196008231918137,0.037204742702058327,0.10790285761051749,-0.36168686257641286,0.92603433346670116,9.5766264820414388,10.506949130051318,-1.1537040230469384,,0.1430749111891691,0.1904761904761905,False,5
-0.87153568689379945,-0.31493418230166792,-0.37582177596373062,0.39564186537892754,-0.9044317132823162,-0.15959570911743395,-0.28964298857392579,-0.28778418446327753,0.91284566184145888,8.2233439860011242,8.6083309720003616,-1.6212129741396819,,0.4939234450298156,0.3095238095238095,True,4
0.33205767061669,0.91692225618102285,-0.22133973774385973,-0.93862411319705885,0.34443379699662108,0.018711857511367024,0.093394204904014344,0.20154139923696382,0.97501722389091883,-1.2925850157528018,-22.913736080589221,-4.8921512572246995,,0.1390694654099911,0.4230769230769231,False,2
-0.95200521647487213,0.15515048725282424,-0.26384539812140539,-0.11553190944161525,-0.98039093887062778,-0.15964330515603642,-0.28344037416254952,-0.12149869664148749,0.95126212003265087,-6.6739536802201718,-21.55704478198237,-6.8244878807033231,,0.3426466839920719,0.1785714285714286,False,3
0.18898288658448859,-0.92355298336917147,-0.33366953035615449,0.97998369842658906,0.19903472057437555,0.0041389399637771418,0.062589291387088047,-0.32777288923244186,0.94268102435971379,-4.8275642293307515,-15.150733441947922,-6.1530024894810271,,0.08221425769925728,0.325,True,5
0.78593654809589475,0.55530414338149514,-0.27192103763859921,-0.56495480147633081,0.82365739249553283,0.049138295415073648,0.25125647186878258,0.11500351355851335,0.96106418995468157,1.4831896738605672,-16.68492427483412,-3.9314912451794672,,0.08369621545847351,0.1333333333333333,False,1
0.92791905556941401,0.2780915146962733,-0.24825659259141369,-0.22660719023059211,0.94957515729454156,0.2166937977535183,0.29599899940196234,-0.14481757525583333,0.94414641992122084,-21.972921952199268,10.670382740386056,-12.636889775441274,,0.2126370303589419,0.125,False,1
-0.14740004963244413,-0.92232378202775778,-0.357200317013249,0.98866187948428808,-0.14785593574893427,-0.026197525043439997,-0.028651586743977421,-0.35701185326235252,0.93366033610046484,8.2015092451428195,-13.385296392879649,-1.5958809780175822,,0.1350427427070308,0.2,False,6
0.42003401368217591,-0.78120759579314247,-0.46182910218514905,0.88483733054293512,0.46558234574616369,0.017204005555487335,0.20157957691119216,-0.41586989744942915,0.88680206504479187,-2.7487863575996521,-9.6387551519201082,-5.4376380373022846,0.5396511003389021,0.4459763981234656,0.5241935483870968,True,4
-0.90716548556573129,-0.28172148237746619,-0.31254405795876916,0.31054988139794354,-0.94946525044180141,-0.045546782182840861,-0.28391821526984601,-0.13837898890558112,0.94881067788440043,4.0345866472864262,13.166202251417138,-3.0758017657354886,,0.2435695052849423,0.6428571428571429,True,5
0.56920129969309297,-0.73611057935470658,-0.36626642678488974,0.8022112294442183,0.59484143171530024,0.051193890929355147,0.18018608098654171,-0.32296266978858268,0.92910068891468467,-12.341257183347111,-6.5938726916708914,-8.8300266433490684,,0.06686948668094173,0.2173913043478261,False,1
-0.82273066284760854,-0.44703741972323141,-0.35110084274682429,0.50382206580840994,-0.85948974656614152,-0.086259501228657998,-0.26320634949575433,-0.24786068852253645,0.93235588520170432,10.532928074831229,2.6097448054191719,-0.79831652364166095,,0.07817743376495333,0.2307692307692308,False,5
0.60786393681977235,-0.68418462496911747,-0.40297994152294403,0.77034089849734966,0.6312001943472676,0.090339441874894566,0.19255216024823862,-0.36534601901736863,0.91073923379411814,-11.689827668847679,-20.538683614574641,-8.5596115174802279,,0.089440944791325,0.1818181818181818,False,1
-0.1449537146079467,0.9506793297320284,-0.27422113821078514,-0.98818480391918873,-0.1530459891260279,-0.0082291260550489444,-0.049791705379029091,0.26978831930366504,0.96163145167093589,7.400274024465336,-15.012274103906289,-1.8676261177803897,,0.09195194152333586,0.2857142857142857,True,5
0.7515834292475293,-0.53287885931244949,-0.38879618076620426,0.61451464166672176,0.77987301405359644,0.11903712499963939,0.23977928196102524,-0.3283872763199297,0.91360149556216996,3.6372893166109281,11.755002769303728,-3.2473837794679321,,0.6205279728439563,0.421875,False,2
0.049679686158345143,-0.89005134529917862,-0.45314515501584141,0.99876496072922394,0.044587508784876953,0.021920476270156409,0.0006942641862418171,-0.45367450533557757,0.89116719037774239,-8.8104358587222151,-7.8919862750844345,-7.560527387276097,,0.465144534950965,0.8273092369477911,True,4
0.91970723717805947,0.26679603131026575,-0.28802513008310876,-0.25770840224162861,0.96370051522895384,0.06976887817297249,0.29618402606549693,0.010059553893678019,0.95507791728167024,-0.73455651733840277,-8.5152580734053771,-4.7669160308958611,,0.1230722795446198,0.5448275862068965,True,5
0.79431694200994518,0.53049158332226942,-0.29603931438273884,-0.51958600508749087,0.84574656867125042,0.12142127036902919,0.31478719629805835,0.057370912534476945,0.94742683065330713,-4.4055755968849404,16.061196834242942,-6.0560497335878667,,0.1066619704991649,0.375,False,4
-0.94180085963038318,-0.13722800034009278,-0.30688697711393803,0.15681315000681145,-0.98681897964578025,-0.039974209132919387,-0.29735631283766695,-0.085771658101733012,0.95090611833243954,1.5431902513719049,-15.649845759857355,-3.9264638292968366,,0.1352450103608115,0.671875,True,5
0.72422653432005224,0.62950283567653387,-0.28146421950572631,-0.64249346779704675,0.76423776702111557,0.056060496757550218,0.25039582828971046,0.14023842317204219,0.95793272928808959,-24.242441594609929,8.3141053942581831,-13.414416233092178,,0.1310423572939982,0.5121951219512195,False,2
0.77779900355497511,-0.52321512759268807,-0.34824508657991948,0.57795202362892073,0.81313449964314655,0.069164614314875333,0.24698212172569048,-0.25506512060306735,0.93484844536407052,3.3974195519301111,-24.70263819382355,-3.2617525919652599,,0.1657320823958635,0.3157894736842105,False,1
0.6048555791756528,-0.69757101264780608,-0.38411510078829308,0.77294442824740439,0.63032550590877223,0.07243388324633783,0.19158976794541896,-0.34071166536290642,0.92043952647865812,7.9776376917402594,6.9942159671057835,-1.7098798903864729,,0.4535083293661717,0.5901639344262295,False,1
0.6688983537348886,-0.65123483662534276,-0.35842458054145743,0.71203551100573992,0.69979974663377198,0.057321424250484448,0.21349572229333161,-0.29355323567774266,0.9317972281486876,-12.977712943795705,-9.5390513579868088,-9.0665707098933304,,0.09991812005484822,0.2727272727272727,False,2
0.10832959329529566,-0.88308129215576603,-0.45654367880957258,0.99359465388492763,0.11103726894007669,0.020985439657527818,0.032161514077643977,-0.4558927026733719,0.88945347301666233,-3.4141264503626676,13.611554257387828,-5.719627452184346,,0.1490299361030325,0.1578947368421053,False,2
-0.83858971287222384,0.50304150971007311,-0.20908498983306101,-0.48127982783392226,-0.86393710471838581,-0.14826464990334903,-0.25521955408046404,-0.023704822282037269,0.96659249977203221,-6.2047102481100778,11.617951303912564,-6.7476372586244162,,0.1702350084396718,0.1875,False,4
-0.79728157892569351,-0.48945788512551797,-0.35323230683816037,0.54717090876285346,-0.83313245269924652,-0.08058729963816065,-0.25484520891981882,-0.25752921183390598,0.93205827314756529,-16.644077442742883,-17.914042815782732,-10.273603278633246,,0.1465898769876796,0.25,False,1
0.93392753576042986,-0.14826196089864968,-0.32526565896039306,0.22765948265494773,0.94822388884199749,0.22145567634775451,0.27559121521872387,-0.28087336573596133,0.91932564117097315,0.47731344657888386,-26.399638614006935,-4.2794001431227287,,0.345280789633682,0.2307692307692308,False,2
-0.39981125487826547,-0.84126237923954039,-0.36390736424108444,0.90770813762817992,-0.41855114747876077,-0.029679518658376397,-0.12734558239784721,-0.34218788146344292,0.93096216702039669,-4.1609537450444467,-20.590185453280071,-5.9306182897734558,,0.0771597832867155,0.2777777777777778,False,5
0.45100635876613598,-0.83267130488651364,-0.32132812259604676,0.88126612283772376,0.47245146640223834,0.012634580837473911,0.14129148980414705,-0.2888738650569887,0.94688362801136217,3.4241486738524678,-12.422642338303541,-3.2165460178888128,,0.1698567439875678,0.7636363636363637,True,5
-0.16892849156367562,0.95579178805477816,-0.24067659343000242,-0.98423558780826848,-0.17655979231098232,-0.010341539093121736,-0.052378167491169171,0.2351354878068222,0.97055027172430097,-12.572675559243647,-7.2897875799480127,-8.8646799963552105,,0.07428656273127537,0.2,False,1
-0.5675906574607511,-0.73701938598015238,-0.36693769260285958,0.80162180485912671,-0.59634155870320016,-0.042180888300667435,-0.18773206315828975,-0.31808673353800204,0.92928870778109407,-5.365539183824966,9.1152606355072265,-6.4203004723989476,,0.07577315097661333,0.2727272727272727,False,7
0.3969472759166936,-0.75187951765383931,-0.52641243438481422,0.90927011898095167,0.40033375138826083,0.11384523805486267,0.12514276195882271,-0.52384165396809756,0.84257297054752822,-10.070714000436503,-14.691292785555511,-8.0058258489068184,,0.096447483612883,0.3529411764705883,False,1
0.78245905499392876,-0.4750101334760598,-0.40264525373219417,0.57370616737848645,0.80132166671265037,0.16954297381120756,0.24211373519463003,-0.36366050040101328,0.89951763722463429,15.131694548125431,-7.1537110242013373,0.78456138497723948,,0.1319373358032047,0.3066666666666666,False,5
0.1593407260315913,-0.89410521539745502,-0.41855274079474847,0.98579377551776459,0.16691255027353979,0.018730528866389047,0.053114641843440287,-0.41559122266988935,0.90799932294115149,4.3564909817057682,6.9566569657389161,-2.9875923118578127,,0.2226742631749627,0.1967213114754098,True,4
0.80574990626514453,-0.4931813101829034,-0.32793182803745191,0.54244077555744674,0.83679846101078148,0.074339361462304784,0.23775006533405205,-0.23778252866066946,0.9417719339083066,-3.2489227284800881,-21.282171603607583,-5.5967275452552183,,0.3526279523533248,0.5918367346938775,True,5
-0.77621810472236086,-0.51969774633510835,-0.35693095460527635,0.58224645719564116,-0.80805170198853427,-0.089674466803857544,-0.24181504705941864,-0.27742872844685917,0.92981653225139482,-5.9467887430837472,20.992001271457713,-6.6292106663552266,,0.1398660921320324,0.5,False,3
-0.84705014676618273,-0.43223416941577991,-0.30932130811316444,0.45795708112126621,-0.88889372064914973,-0.011969345905323416,-0.26978020815893511,-0.15179451959791598,0.95088225512192615,-4.3503343829706438,2.0975882498445562,-6.0678063279074044,,0.351812722974509,0.9355597365945437,True,5
0.60049337610731957,-0.70010468027550155,-0.38634329540910994,0.77644014752630697,0.62601924617478899,0.072391993535722912,0.19117636506786129,-0.3434433578846543,0.91950979188062687,-17.071630635612049,11.821522316305211,-10.82865695234978,,0.132631481662816,0.325,False,3
0.9200372822099443,-0.2019334229600539,-0.33578905883809684,0.2947288608993176,0.92135355356417015,0.25346109738511408,0.25819817562626107,-0.33216038599795672,0.90719522710217049,-10.902370456696119,-22.604488461765317,-8.2767653189968939,,0.4280714288302745,0.24,False,5
0.079530473500171145,0.97896708742807537,-0.18787853926787204,-0.99652556232438716,0.082757399970658965,0.0093817047576697718,0.024732719601820524,0.1864796355709844,0.9821474625016402,13.535654033872438,10.040626066010821,0.18221965458226475,,0.5382526584291405,0.2,True,5
-0.38035413684251879,-0.84940159424909845,-0.36585196770534401,0.91671865621512116,-0.39857288338245317,-0.027686855714217241,-0.12230141427606223,-0.34591413431556528,0.9302611330947822,-5.8898448139672084,-14.283209278905057,-6.5181322265705299,,0.09318389534876587,0.2413793103448276,False,5
0.20295379569951039,-0.91705424719069573,-0.34325102260687773,0.97661626609191088,0.21496727047659714,0.0031211261645934939,0.07092549341284278,-0.3358579764325203,0.93923851818949455,-8.4255747296836319,-17.562522206193982,-7.4078184854613864,,0.1046360569395075,0.1612903225806452,False,5
0.30016526497116486,-0.89576146362627662,-0.32789055184146693,0.94921994097775342,0.3144576834305382,0.0098928752994442721,0.094246046893126018,-0.31420974780170452,0.94466391750262624,-2.2323399218075908,10.944787294514331,-5.334881664635593,,0.07290016611280978,0.1428571428571428,False,1
0.81351727851300926,0.51008055759548876,-0.2792981602586414,-0.5209016020172258,0.85267893096994629,0.040002021146896126,0.25855590996276639,0.11294452374074737,0.95937082297738308,11.029623127553853,-9.5345892646022179,-0.61159288436124781,,0.5085504596393525,0.8571428571428571,True,5
0.55757655501124559,0.80339203623064492,-0.20897277675086903,-0.8112624454371703,0.58071818243772366,0.067967913087927656,0.17595917118778667,0.13163445106583546,0.97555663155323924,13.67566364451222,10.966490026502841,0.22991744451084367,,0.3453408827798825,0.4583333333333333,True,5
0.94972201271403422,-0.012248647598589693,-0.3128547094074326,0.088628409251549023,0.96888166557320365,0.23111322590806974,0.30028836747357268,-0.24722113329588163,0.92125382366205488,-1.1700059647436951,-5.7396734614061593,-4.8936684516588755,,0.08759729033181107,0.2700729927007299,False,3
0.82179940349807645,-0.46659563954348759,-0.32700802676572005,0.50948189035929492,0.85871523880296718,0.055103013016378766,0.25509595019546183,-0.21188829086706867,0.94341369949100673,-6.0437424581305876,13.554428422424957,-6.7105399908305952,,0.4480107573428683,0.7692307692307693,True,5
-0.26113567863433551,-0.86157357195885897,-0.43531498647098865,0.96150086650164457,-0.27213842373858604,-0.038167552209482362,-0.085581779957948814,-0.42852264634104192,0.89946878795881458,-11.577396805661445,6.3072454054452063,-8.6588644157885177,,0.09309838837235038,0.1384615384615385,False,4
0.88617911124717008,-0.31947440282835643,-0.33559304034297238,0.35434154279645375,0.93395470734865749,0.046590510513532996,0.29854422425798788,-0.16020209286631604,0.94085420528552033,-16.306161182965752,6.3670832787374305,-10.402724217104446,,0.1017312150092116,0.2452830188679245,True,5
0.93480201412511632,0.26919452019797474,-0.2316883783943568,-0.23444583214562253,0.95770929746319333,0.16681742517525566,0.26679645083316056,-0.10162289037386013,0.95838011351179975,-3.6691401971269513,-6.8169923074570464,-5.7731514556110897,,0.2678196124284391,0.108695652173913,False,5
-0.20901682226129004,-0.88706597246895391,-0.41161380989891627,0.97575523290717037,-0.21712111542911863,-0.027570757862068938,-0.064912968396659623,-0.40739708114138995,0.91094123016329109,-9.0700494707800541,-15.232930297264616,-7.5710631985182184,,0.7303999292042065,0.7414965986394558,True,5
0.14120031122425539,-0.92241454835424985,-0.35946331258502551,0.98878550298392576,0.14924388799185684,0.00543056036701844,0.048638474472367521,-0.35619890915259744,0.93314341658691546,-9.9598769024217564,6.9659683765354821,-8.0946229552390143,,0.392663284517258,0.7612359550561798,True,5
-0.031524583154953129,0.96774776346104086,-0.2499409269668752,-0.99945101960514249,-0.033071154687998892,-0.0019895069349966481,-0.010191175945316605,0.24974099592128801,0.9682590432777255,-5.336940664291153,-17.676957933052709,-6.2686009566884087,,0.1321978631155852,0.2702702702702703,True,5
0.94477146380619192,0.15198101042555279,-0.29035952480938543,-0.11632145728192979,0.98379347952685803,0.13645405166665031,0.30639223187494857,-0.095142851073870688,0.9471386583474577,-30.776216631325788,8.8239336604065102,-15.918107875775641,,0.6891129292634128,0.3,False,2
0.93996404647140552,0.26658010889182865,-0.2130789451924324,-0.20648879945460011,0.94136219780801678,0.26683250970947248,0.27171670364719347,-0.20681454997479864,0.93989242729039069,6.7749117534002323,10.44122208369863,-2.1097854840749304,,0.5105632931200722,0.2666666666666667,False,3
-0.52731296670884054,-0.72996796656897722,-0.43484227361639288,0.83089030859396495,-0.55001828716531076,-0.084268492738173884,-0.17765790223164035,-0.40574209982067494,0.89655508375546167,-0.83044132952976479,-12.451273292125602,-4.7992431778076954,,0.4981278331047285,0.2828947368421053,True,4
0.18455065268050247,-0.91178807775169335,-0.36685631773907318,0.98057271274167623,0.19606459039348409,0.0059859352038774969,0.06646962931768359,-0.36083400292060408,0.93025835697114967,-17.351598912854797,10.78846422926676,-10.898625954773077,,0.1091266983043033,0.1923076923076923,False,3
-0.47832640352377614,0.8737079074139279,-0.088534423894805009,-0.86686087812172807,-0.48589027792217387,-0.11163716138786156,-0.14055628649774582,0.023348026535192662,0.98979735298841653,-13.033690531324682,6.2927058721972173,-9.1875691970901237,0.6345324315626064,0.5677697225210989,0.2815884476534296,True,2
0.71900919650500072,-0.58542257953428767,-0.37457466373562054,0.65649109735449873,0.7489999765047014,0.08954593396822888,0.22813420268674856,-0.31028928206977613,0.92286258294347623,-10.640139775918644,-11.584842365689996,-8.2035975002028128,,0.2123297786111264,0.4,False,1
-0.074626423334750447,-0.91747111767419487,-0.39073986893319002,0.9967851194196593,-0.080087577649333511,-0.0023249967307373666,-0.029160292244738768,-0.38965719310687164,0.92049820706847474,-3.7194944281420286,-19.628583739839723,-5.7607224872205602,,0.09162602472703525,0.3684210526315789,False,5
-0.80610903341948226,0.53291232469783978,-0.25727938204343559,-0.53583666905137517,-0.8418293332956821,-0.064826211541894121,-0.2511320177504951,0.085602732363467479,0.964160195129665,15.822658292533566,-9.9283275596987224,1.0096363785491207,,0.2172037222384635,0.4545454545454545,True,5
0.81822034980929359,-0.38099434479555605,-0.430533121132116,0.51101394826756252,0.82509021756377643,0.24102049198471961,0.26340122215728839,-0.41721630135262483,0.86979903084085008,7.5654704114127753,15.181249940811137,-1.7870613181630115,,0.4185511810000124,0.3333333333333333,False,3
0.95299923788545593,0.048333282841484033,-0.29909253812073799,-0.029012678856839613,0.99721496004705024,0.068706534797715907,0.3015803658318788,-0.056799799542999796,0.95174737494599126,-2.2153837117191371,-13.249201029173843,-5.2008694546176493,,0.08529645103513164,0.3333333333333333,False,5
0.35939215036312949,0.9097696773764633,-0.20774122456481964,-0.9255123674358493,0.37598340866453606,0.045423937877351273,0.1194325750398721,0.17594206584930602,0.97712857367084682,4.6194938179818577,8.2869261126561593,-2.8406963674538863,,0.1039918818161696,0.3,False,2
-0.017015601943257498,-0.93327384736957919,-0.3587623100417493,0.99985457846044345,-0.015474718732591944,-0.0071662411232636921,0.001136319584535396,-0.35883207618067081,0.93340144090400468,7.0719188808790587,-20.262065743166652,-1.9822002203251512,,0.1734640903011311,0.2083333333333333,True,5
-0.53475165903683697,0.84222403265616719,-0.068551746686239728,-0.82790196833267238,-0.53844001910509143,-0.15703718240275533,-0.16917149283563698,-0.027221767806163255,0.98521062792139524,-9.7023760099041514,-7.4304755611702236,-7.8472799840033751,,0.3309694942087462,0.2470588235294118,False,1
0.2603719387584858,0.96549659826907575,-0.0047720266125055866,-0.96230731261311619,0.25990765809952759,0.080078994452613086,0.078556282998051022,-0.016258166934258578,0.99677709765497147,-28.713859353976922,6.4198846469154667,-15.110987267676249,,0.594522833478646,0.5641025641025641,False,2
-0.95012678553659347,-0.12707702352964845,-0.2847990897049118,0.17396636716256589,-0.97389484096344625,-0.1458236669441719,-0.25883352661925485,-0.18809643493599398,0.94743070282855546,-35.500900620323428,11.809302738124332,-17.783763074729979,,0.2868214360788002,0.3,False,2
0.16538050357892584,0.98589269321269291,-0.025785393264481427,-0.98474243723859889,0.16651002721347652,0.050564247633594531,0.054144448813936999,0.017029630271687746,0.99838788572149906,2.0100033052125204,3.5775696268093693,-3.7897163887134306,,0.7140894932651972,0.3805496828752643,False,1
0.82693014390895692,0.48674372571596924,-0.28154410413086023,-0.49526113835886298,0.867565651288837,0.045235445562737904,0.26627606337445081,0.10203130000109542,0.95848144055787121,9.2347094562867795,4.4921619294913704,-1.2172675837412776,,0.1963048853899417,0.4603174603174603,True,5
-0.43987274867877013,-0.82506349143325797,-0.3546578634032328,0.88723841894876965,-0.46037170425532636,-0.029425870630019228,-0.13899623344203191,-0.32760972058992516,0.93453299463631578,1.9674450143469062,-22.756808921114509,-3.6878371598673874,,0.1028170141511103,0.2272727272727273,False,3
-0.59228795816207613,-0.63408981815654886,-0.4971167640770055,0.77684364576992082,-0.61312262324170108,-0.14350818407363622,-0.21379645610509085,-0.47118016870344803,0.85573379270512306,-20.69529975057258,8.5243567200301591,-12.037078784532735,,0.3639226083394531,0.2777777777777778,False,2
0.87764856187518758,-0.34575400722059657,-0.3319445259818502,0.38991400135897614,0.91779696324856008,0.07493868023894229,0.27874732892468745,-0.19519964329532397,0.94031751332979618,-2.1326764151537887,-8.1174243891981828,-5.1853997823389291,,0.112381912948892,0.3869565217391304,True,5
0.19548098928669153,-0.91229721007390974,-0.35986245055417421,0.97887769473047037,0.20391051822257925,0.014797273984001217,0.059880227009045439,-0.35515391177566696,0.93288801973430102,-15.18223065972963,5.030355091890466,-9.9145542235133437,0.4839219325004291,0.322843088675499,0.9330357142857143,True,5
-0.81772586378488954,0.51086130476877523,-0.26522658046885278,-0.51457245766911874,-0.85528176774337705,-0.060895677795119986,-0.2579527040091254,0.086682322625253008,0.96226117943034173,-1.3524045012379384,-16.308053753152347,-4.9081264138554985,,0.3695502021641214,0.8245614035087719,True,5
-0.46492785011243065,-0.82731226909696443,-0.31527211039269482,0.87249601967514712,-0.48860038341460038,-0.0045123140548888833,-0.1503089812381726,-0.27717156190478148,0.94899058764057598,2.6664922398318529,5.1338257009614141,-3.5413074244167415,,0.4319599461711978,0.9620637329286799,True,2
0.74355998423557323,0.61120903017842776,-0.27118641424662121,-0.63275240236317376,0.77428720022274566,0.010184737348310402,0.21620117286274484,0.1640208919606512,0.96247296058289666,10.996698773400691,6.3140237741971719,-0.70098969766385311,,0.6137955355364112,0.8732394366197183,True,5
-0.044582890684154067,-0.84294233203456503,-0.53615351413785739,0.99893205450389577,-0.044131476611127242,-0.013680762286762287,-0.012129152603134576,-0.53619085933672017,0.84400962436507754,-0.094460793747328298,13.008717102123601,-4.5556331382612241,,0.3516740940208773,0.7636363636363637,False,3
0.27128649596014659,0.95165064232421792,-0.14409959081679655,-0.95901119347041841,0.27999024043150939,0.043623343080841752,0.081860661542089749,0.12635869668134606,0.98860118949194209,-3.4723209376596467,-8.423270974973228,-5.748830147257693,,0.08730131749061441,0.3157894736842105,False,4
0.8426773112625735,0.48726738874255526,-0.22905335830607654,-0.48559857935933382,0.8715648621716181,0.067592238844157784,0.23257035238283763,0.054269539299502553,0.97106428638723152,-10.009229772009981,-4.3560737814805615,-8.0846641581101721,,0.2311060865385982,0.7564102564102564,True,2
-0.40404750922772237,0.91382591473555541,-0.040838803172961236,-0.90592928998299871,-0.40593852089190857,-0.12044101795896109,-0.12664016676305659,-0.011666825352933508,0.99188011037040702,-1.6181500405823346,-3.6715028215688021,-5.0987094799622028,0.7707629588189884,0.310270223568208,0.1926910299003322,True,2
-0.50138368302200265,-0.79164360907045039,-0.34916299720503674,0.84991030716767313,-0.52621624283031487,-0.027366686896650876,-0.16207057774144037,-0.31047844047447076,0.93666230084865554,13.694092398890383,5.0731608409408322,0.21594531676652678,,0.1297792744562946,0.2083333333333333,False,4
-0.90693856416022711,0.3079697346520609,-0.28743187606339732,-0.30679221865938988,-0.9504448375941511,-0.050330361221396405,-0.28868837075475368,0.042535317431121544,0.95647779449498949,-5.4082084258201384,10.961407948186251,-6.4400946551088261,,0.08164893161829828,0.1538461538461539,False,5
-0.36915152603526868,-0.74688052432005314,-0.55307922869805348,0.92172172282564468,-0.37041226393333399,-0.11499487118609487,-0.11897989955096072,-0.55223567171922494,0.82515425611436966,6.4917503620449368,4.0104959986896773,-2.2088732005652343,,0.3434779550482653,0.2333333333333333,False,1
0.95253114872196254,0.045721457610468488,-0.30098830380662961,-0.023377878425947456,0.99672418375126104,0.07742335775257686,0.30354223019988408,-0.066711691923950003,0.95047970238502433,-16.516292528039916,-11.553986759630609,-10.284777866660338,,0.1303557307214079,0.3125,False,1
0.92414564763579321,0.2465575334090952,-0.29182906756360272,-0.24965084552744859,0.96795337605300069,0.027216118662051585,0.28918727026487334,0.047703715859666096,0.95608319628049632,3.2040622523214255,15.975427709194911,-3.372337131673802,,0.1173991575078478,0.3103448275862069,False,5
0.7569657391706951,0.6060703920275935,-0.24429807536958104,-0.60703285731790857,0.79059443002289986,0.080445990286782468,0.24189663052266364,0.087402100228109625,0.96635753891481446,2.7799068501481674,19.559525328056733,-3.5609996555156065,,0.1170803672560538,0.3157894736842105,False,5
