axis_00,axis_01,axis_02,axis_10,axis_11,axis_12,axis_20,axis_21,axis_22,location_x,location_y,location_z,dbh,dbh_approximation,score,reconstructed,number_clusters
0.073467309510326401,-0.87122107640628799,-0.48536212301618986,0.99181537634809069,0.012867370897163277,0.12703027200510231,-0.10442611585618493,-0.49072218901499048,0.86503579089857718,-11.545766206218564,18.139897828379187,-9.5947518864659891,,0.1414617984636211,0.3333333333333333,False,1
0.61966542386484713,-0.64331328286873668,-0.44962515782710444,0.7637030345301612,0.62634565668770992,0.15636109937534046,0.1810315925904179,-0.44027166435405618,0.87942505311771002,0.6638575800913078,10.05589883085389,-3.191611985424081,,0.1389349334530734,0.35,True,4
0.015985346728230508,0.95381502085024228,-0.29996895621118647,-0.99033739107102636,0.056436252103736741,0.12667596968294723,0.1377545663003944,0.29504551419896885,0.94550083237110627,18.359540486319773,-5.3710714118981704,5.9459325432367072,,0.1650132777020145,0.3888888888888889,False,5
-0.49270579325295094,0.81628446299050261,-0.30153055695117681,-0.86081714399510711,-0.50793634383988329,0.031535935227587283,-0.1274160347016301,0.27510061084424819,0.95293483933269751,0.36552084874489044,-3.9133694225654407,-1.7399968441446294,,0.1559395260293714,0.2961165048543689,True,5
0.04704697968134125,0.92843412841731365,-0.3685059713123337,-0.98153881523626285,0.11143630565321057,0.15544614490863881,0.18538645011827803,0.3543896428683368,0.91653687603947276,4.8112386861778429,-18.88159699071652,1.7922920601466266,0.4080507331971955,0.2013866256457024,0.15,True,5
0.30110732466233703,-0.7376684587440383,-0.60430093828231346,0.95358274585319225,0.23041034569425994,0.19388403598062615,-0.0037849499039087076,-0.63463085141777209,0.77280615718495538,-10.490274348149836,-10.752601110820013,-5.467819323380863,,0.3872690299309555,0.3846153846153846,False,4
-0.75766560528506077,0.52983521132736844,-0.3810741127467282,-0.59993042592558465,-0.7953040232239118,0.08703444543746304,-0.25695586122283687,0.2945609605523839,0.92043876814358916,6.8265666738788227,-10.570734319531201,1.73225365428997,,0.1247142620703823,0.2105263157894737,False,8
0.47301939817517791,-0.72788095838672939,-0.49642920881834507,0.87428127089848784,0.45750093095873784,0.1622502928441486,0.10901792653557622,-0.51076629547171937,0.85277950438784544,-7.015054573176279,-12.316304891390367,-3.7858555463667214,,0.09951193797884104,0.3939393939393939,False,5
-0.42530734787496782,-0.78313260783578464,-0.45367056151780843,0.84747472128902512,-0.52053544658586925,0.10406462234466715,-0.31764800742275989,-0.34021488414231987,0.88507263882032738,-7.0949642135683737,-4.0830588470827154,-4.8933215763399804,0.4939798731000497,0.3906500703259153,0.9671694764862466,True,4
0.38377837987647206,0.84975930069461814,-0.3614184361960302,-0.87227097923353747,0.46205760429582698,0.16014402611201831,0.30308001241645138,0.25379499836559927,0.91854809611595689,-17.105676760260483,-12.917329526871121,-8.0721594359222859,,0.0895708284854716,0.3,False,2
-0.37946204207633283,0.85299205112507781,-0.3583477631305837,-0.92375250611435955,-0.37100537990944099,0.0950595367424662,-0.051863918775004555,0.36709613018347786,0.92873600400416045,-1.8510266316762429,17.725112491174436,-5.1537451012682478,,0.1343408201080662,0.35,False,3
-0.65074555911982046,-0.60996839783594514,-0.45218223198980545,0.64721597225008543,-0.75700653180130884,0.089736258416152237,-0.39704118495467028,-0.23426409125515596,0.88739992844161708,-4.9602875953594792,17.697600724753876,-6.6194813760456874,,0.8865857847731564,0.6176470588235294,False,1
-0.21540557102837266,0.89486164027531889,-0.39092593254183983,-0.97604950289807868,-0.18480900491800017,0.11477368859469764,0.030459938646601153,0.40628595405820406,0.91323814838883111,3.5668221745043267,-8.5607149521230497,0.18503506175237247,0.320296117487535,0.2434437275884739,0.8461538461538461,True,8
-0.56330059917253972,0.78276090966945278,-0.26453316099368096,-0.80407973456239645,-0.59300127110638168,-0.042488503530742835,-0.19012684039325997,0.1887719543779387,0.96344015579713593,-2.4719947354172476,-22.389910332563367,-0.79486778563053317,,0.5792162826673922,0.2352941176470588,False,2
-0.11792492704222385,0.92902654281974295,-0.35071839746224165,-0.98902909847922227,-0.078239064312532525,0.12530000469623545,0.088967150923604493,0.36164669437435226,0.9280606200591861,-1.2601065473599684,-10.426790139737903,-1.5863581523934418,,0.158882475314467,0.2666666666666667,False,4
0.73460832915206298,0.60489346074550931,-0.30733451463793632,-0.56120014030032461,0.79627915783104697,0.22581830158509053,0.38132008243378801,0.0065881675145620655,0.92441959671000595,-1.6877611102455292,-15.043205137431066,-1.3718035081557038,,0.177303457987031,0.375,True,5
0.91755525932754378,0.12828080613427592,-0.37634609185948276,-0.051569397595805429,0.97692491503679169,0.20726385987905604,0.3942498488420404,-0.17076810345582563,0.90299795765557023,25.979962049161045,-0.5207687797567897,8.6538628148200427,0.504493664734224,0.5741365749571707,0.3333333333333333,True,5
-0.66538703840984703,0.68094731547110865,-0.30589351524487185,-0.71782932595489812,-0.69611886213111118,0.011814761293616555,-0.20489301577972574,0.2274407248888794,0.95199242053007549,-9.6819678306369426,-5.4904023681456868,-5.8239256843013303,,0.4802024078022077,0.5962732919254659,True,5
-0.40566283920444579,-0.77217706353936932,-0.4890605723551063,0.86932935353517204,-0.49121917459803294,0.054499519166197018,-0.2823192093547785,-0.4030462815247694,0.87054555250047005,25.812530793410808,-5.7725927211718968,9.4185149657089227,0.3044036759843501,0.2198098257325299,0.2142857142857143,True,5
0.0020210486184292307,0.91862619353551556,-0.39512255302998223,-0.98991402555012165,0.057809181785226163,0.1293380088004881,0.14165499419940838,0.39087595865155472,0.90947778838550719,-0.15409394147437727,-12.607918973202899,-0.92838912637792392,,0.07858147895566137,0.4,True,5
-0.26777795814356736,0.91608771440203851,-0.2984598208370941,-0.9633839709001264,-0.25019231977062401,0.096411242811704351,0.013648800136476819,0.31334821309438204,0.94954020852483734,-17.171622095476653,-10.032502522870391,-8.4698900156900088,,0.1428011347205065,0.3636363636363636,False,2
-0.48730913964729167,0.85904584109612936,-0.15674835026774708,-0.86653217768481805,-0.49790634678569379,-0.034803087037383426,-0.1079434456232691,0.11886762690475638,0.98702517689317759,-20.619868733794238,-17.012218308788402,-9.0592183868352176,,0.3250860153223138,0.1875,False,1
0.76379354150803302,0.50335225036923104,-0.40404942519306697,-0.47669069639790163,0.86194528552394534,0.17267398394294403,0.43518433556172548,0.06071932815237252,0.89829157697844653,-2.834244325093632,6.4919890061605026,-4.2071721345449085,,0.06944761025345915,0.2714285714285714,False,5
-0.87601746150810045,-0.15257090552592217,-0.45751013750506614,0.18195976539663769,-0.98309089584009468,-0.020565366350280265,-0.44663637436924569,-0.10126405731216191,0.88896655718141337,20.220603937697788,8.1116244047347976,5.3328459262439862,,0.1938378736168483,0.125,False,2
-0.32700391691221165,0.87571534213309821,-0.35523383548978238,-0.94487290342056884,-0.30967243500231034,0.10638693238045777,-0.016841457943287619,0.37043976912913984,0.92870379709673512,0.69550078149367844,-6.8743704237724979,-1.1756083029785145,,0.165831810207464,0.6764705882352942,False,5
0.22009496198560313,-0.78634907134237142,-0.57724634750472514,0.9744415154357452,0.14995569055143967,0.16726333688686537,-0.044965994972245543,-0.59930662341595287,0.79925567275179554,6.7457925394031655,-8.3586118046550801,1.4668634645049292,0.1475596160027363,0.2843648741364315,0.65,True,5
-0.90507026885376363,0.0092751224265993498,-0.42516088783065137,-0.0059088646378160775,-0.99993989245331327,-0.0092356266245743057,-0.42522099402036595,-0.005846672936651311,0.90507067274324182,-15.176378043378138,-17.473197910222353,-6.6252851002829525,,0.1833516329155024,0.2631578947368421,False,1
0.76500995001800565,-0.44002310472442502,-0.47025465833112823,0.58927005220206974,0.7728706655750972,0.23543946115992598,0.25984722809993277,-0.45722051747727166,0.85054618713306662,-1.3222372796597777,20.064350348013548,-5.2904840265968742,,0.2237317668682622,0.7777777777777778,False,2
-0.69755042119552746,0.61869241262801267,-0.36144585825054393,-0.67820629020731982,-0.73285330186156972,0.054426701845884697,-0.23121340318668396,0.28310022343178232,0.93080321533593136,-1.1674443598771047,-18.515129340324428,-0.70777942763043733,0.3111309475936462,0.3051934736733053,0.6046511627906976,True,6
0.082569115443483346,-0.88500383038667663,-0.45820362435907319,0.99179503961751858,0.027946191709096346,0.12474618134052422,-0.097595801984333541,-0.46474426362233717,0.88004990134944405,-7.9038396990297466,5.3772456668502508,-6.3385116328203877,,0.071097049086484,0.2132352941176471,False,5
0.77921879780790759,0.48557223856812159,-0.39627978282362969,-0.45018238984649517,0.8735302299966321,0.18515062288345149,0.43606637225874023,0.034125333902763372,0.89926724646854972,-1.2460839798707029,-11.697089935600834,-1.3938643777562583,,0.09100284448384766,0.3333333333333333,False,3
-0.77344851854477381,-0.43977738995385457,-0.45647917416490197,0.48172842459313731,-0.87588556152766062,0.027608115589252205,-0.41196494280449353,-0.19854553732771452,0.88930565921247817,-15.904464532485438,8.4325113039320616,-10.233658491462954,,0.1605878696910169,0.1012658227848101,False,4
-0.22397202350696316,-0.84772446301284354,-0.48083236943427898,0.94472478103263857,-0.31005572803526515,0.10658580400482717,-0.23944022383265123,-0.43038201672712623,0.87031011650380252,4.8981896321089868,0.69648261587850779,-0.25193451981751036,0.1857030786561136,0.1703057390431896,0.6321243523316062,True,5
0.53172522749304052,0.78487677222847341,-0.31817720670042954,-0.76597855793693204,0.60595633320537068,0.21469459944106734,0.3613102977059095,0.12955838322746738,0.92340104727423411,-14.222982655620248,-24.453177714910243,-5.433474886863106,,0.2270990729932092,0.625,False,5
0.88874481201258348,0.20119806934934836,-0.41188832953946786,-0.1311374477733451,0.97257044188292963,0.19211898752371401,0.43924438404174465,-0.11673076914737869,0.89075153585163713,8.1421372110858741,1.3229507342736502,0.98238718291512517,,0.08136344587792282,0.3333333333333333,False,4
0.8931595947542047,-0.13007368520426624,-0.43051919204129169,0.27195969998743308,0.91861876130375375,0.2866661698971516,0.35819528176854953,-0.37312251044146172,0.85584796098408222,6.7031342069272855,-5.0289521836892153,1.0484124389164946,0.8561083996896899,0.6068426961565472,0.6166666666666667,True,4
0.64941069618084135,-0.61308866865750911,-0.44987557396426436,0.73493372459992323,0.65794551367527221,0.1642562677046587,0.19528995911617544,-0.43729850834223449,0.87785639285139205,17.041589023355424,-14.182619388691753,6.5120556573516968,0.3566348028704668,0.3581347310881935,0.725,True,6
0.90292744129221825,0.16065452276098691,-0.39863788088681223,-0.027554613353890759,0.94724139922888961,0.31933442481169155,0.42890882369613986,-0.27735150243569229,0.85971702615003442,-12.060677271018774,-0.47188575825649698,-7.4676061421591653,,0.1470668101509895,0.2458100558659218,False,2
0.8372292157061707,-0.3395354418811018,-0.42867577966877807,0.43437475157338873,0.88912760845111694,0.14412033543380875,0.33221350900224789,-0.30686769070171227,0.89188923350369653,-7.0691148294976562,6.8581323995891745,-6.185906237351789,,0.08381014114653772,0.1686746987951807,False,4
0.76765145374382193,-0.44078680074931753,-0.46520774053123659,0.57616917932941913,0.79252591044211051,0.19982932234476314,0.28060706041698319,-0.42143763187817629,0.86235143652750679,-14.465298194103765,-13.16984591518027,-6.9575961990365078,,0.1131453184885199,0.5714285714285714,False,1
0.14051751394615877,-0.88298338210151739,-0.447878527289439,0.98758958065665103,0.092949437275132357,0.1265986662198928,-0.070154461389213718,-0.46010949679701463,0.88508621190502523,-14.730812454002255,5.983713459792658,-9.3913598992205909,,0.07355281016593258,0.2429906542056075,False,5
0.89398817516554618,0.15923913249262117,-0.41884130807165476,-0.10445315140626263,0.98303193182700266,0.15079045118896744,0.43574612083812952,-0.091055585723608723,0.89545195207953709,-14.588705416234973,9.7358237228285205,-9.8817040306198223,,0.08334849864353877,0.4516129032258064,False,3
-0.49441621211933828,0.76406048785058922,-0.41444442341414722,-0.86246393850046177,-0.49057226724750425,0.1244781321916212,-0.1082061180333027,0.41898737631719007,0.90152149974751017,-4.3510640852263203,-10.029337753168441,-2.9545023276669493,0.1825856414499388,0.1350447066104997,0.6260869565217392,True,5
-0.89808546069291495,0.069563425201275148,-0.434284969998112,-0.050752627928671447,-0.99720790585790042,-0.054777397280575166,-0.43688290885582642,-0.027153680574955701,0.89910844817569402,25.058618187732677,-10.01549333646344,9.5201937217972077,,0.3467890838995625,0.1666666666666667,False,4
-0.3098545233286763,-0.82965575458237506,-0.46439369425209487,0.91123382326256586,-0.39854079929187791,0.10401033911144338,-0.27137261047321126,-0.39094316746573338,0.87950005463150149,-1.7559678403994881,7.8513938912773718,-3.8988447952579657,0.1555501143203986,0.1260416631412584,0.5,True,5
-0.69813932020625025,0.58829397570231345,-0.40805843666602482,-0.67681746442324053,-0.72815984469443529,0.10817282665379059,-0.23349434561387108,0.3517007801056764,0.90652465594676945,-14.186752895988455,6.8799859897670697,-9.2468583449507378,,0.06846060791721321,0.3260869565217391,False,3
-0.8580251955613436,-0.26189224427366675,-0.44182034377246698,0.26332493947213298,-0.96287857284858991,0.05937028045294182,-0.44096795805808414,-0.065401118785274659,0.89513683514182296,12.054304757366399,9.0023585022927808,1.7791511591015374,,0.0863125952803381,0.25,False,5
-0.10827184049107735,0.92630809017148619,-0.36087467442247623,-0.98816695543040012,-0.06061036571854804,0.1408987287482634,0.10864288633908598,0.37185979300042304,0.92190944110449069,10.034562542201298,-7.2510226210200273,2.7225543975842359,0.545590431640374,0.2169634728927607,0.4482758620689655,True,4
-0.21619894382683946,0.89035277800725809,-0.40066188661128882,-0.97574314874112822,-0.18257542416726258,0.12079537315184034,0.034399482160452716,0.41705892291725677,0.90822823697691235,3.4223307574223369,-11.649752363845609,0.53320583965868318,0.1397408985565535,0.1137745633066777,0.5,True,5
-0.16068890524372356,0.90976431729654883,-0.38276358591893028,-0.98500357860670085,-0.12312875809075627,0.12086049421966197,0.062825360035311875,0.39644444239385268,0.91590653356740548,5.5019670582936779,3.1888559509568397,-0.30093202814792652,0.2172338787459279,0.157624124648423,0.4,True,2
-0.85701583267836423,0.33782011153856001,-0.38910337286984081,-0.37677597326176887,-0.92594053563692158,0.025961325795487725,-0.35151632751731238,0.16885406925652535,0.92082820047186631,8.7841094124831756,2.6020183284748977,1.0390440063887652,,0.09150995610657926,0.2826086956521739,False,5
-0.1304181050922171,-0.85536755393554109,-0.50133568149343377,0.96870775935885411,-0.21763773104781425,0.11932767902841626,-0.21117858514088228,-0.47008527492220975,0.85698508708098708,23.404832072301215,-3.5263370049591933,7.9585408978394234,0.3180674808088699,0.2608949259073507,0.5517241379310345,True,5
0.42951729768526808,0.83329897862952751,-0.34803405466150955,-0.84362362172497929,0.50775762799972346,0.17458916368355457,0.32220191783534391,0.21862068388668093,0.9210813865886911,11.256573610953771,-11.933490043716731,3.6891032622272251,0.1834693513290319,0.29498928707391,0.3214285714285715,True,5
-0.51302078298450904,-0.71726362529253784,-0.47153214954886008,0.7848201967651538,-0.61443776162962438,0.080768161010906531,-0.34765922248010106,-0.32863220918799796,0.87814232110105539,7.0742132702278981,15.624679668237546,-1.0436977239776035,,0.2520607990226043,0.7027027027027027,False,3
0.65095411450549123,0.69475915247965569,-0.30588962201114739,-0.64505196210045412,0.71868481575118537,0.25961529577249365,0.40020832949693391,0.028317055892792042,0.9159865923401056,-11.166851864064137,-5.8972247052979485,-6.3086836106154269,,0.2721949133142049,0.2783505154639175,False,4
-0.53469156006384055,-0.66768172326678676,-0.5179826753975374,0.77616295820764236,-0.63042884455882486,0.011425158842955335,-0.33417958929721958,-0.3959300296311446,0.85531480387832814,0.058524186015525892,-17.326061649729276,-0.31411318119298126,0.5321539842111208,0.2868704369959024,0.2,True,5
0.90425074240183001,0.0023551596606879895,-0.42699537244414337,0.080088864572327598,0.98130257789339836,0.17501721170012535,0.41942385320491182,-0.19245701816962615,0.88715496251782389,6.1838585758009863,-7.3226110393086472,1.1124052727492548,,0.06839765287172624,0.1739130434782609,False,4
0.21164903707420377,-0.80978239636030147,-0.54722678630576027,0.97587749534825086,0.14441964040424562,0.16372562883780159,-0.053551836368023353,-0.56867867729542687,0.82081469456335676,10.576013361642275,13.757245941636626,0.66842851441718221,,0.6956201375368505,0.4444444444444444,False,2
-0.34286986467221769,-0.8335062490807239,-0.43325233830071491,0.8945385480848248,-0.43050139619604993,0.12028854419081186,-0.28677698981952571,-0.3463176007895552,0.89320942532723979,-14.007225079724641,-0.11905071864427594,-8.3176024338458756,,0.08627242653942532,0.2972972972972973,False,1
-0.90628683424416923,0.034389683283903995,-0.42126182328726819,-0.043658016027537133,-0.9989699081905794,0.012373365194782188,-0.42040236882327414,0.02960527340419121,0.90685466094321965,-4.8923727569687756,2.9035886052267372,-4.6667121812904888,0.1416740205520055,0.1767977956409402,0.5978682170542635,True,5
-0.67399317657760138,0.64484208360249951,-0.36043291351099005,-0.70573587282781991,-0.70624506126031661,0.056167528424936192,-0.21833477902246523,0.29222696771618839,0.93109254298840383,0.98819556097945005,-15.853010580359937,-0.18334181931911872,,0.08626661056188974,0.4347826086956522,False,4
0.50531173039705535,0.76189709786727133,-0.40518251120274551,-0.78900641362923418,0.59807542950209935,0.14062240176377583,0.3494695042132675,0.24863345086152183,0.90335622693244566,-2.5629463513378079,-4.1343255755656285,-2.9421955919201608,,0.06969546760190319,0.3136094674556213,False,5
0.89507574944143142,-0.10900215668404692,-0.43238632332682292,0.21119898171980253,0.9576341110627169,0.19578534023169381,0.39272686804238377,-0.26656226133372313,0.88017621414707281,-0.44038137450829251,-13.868556210628892,-0.9488932535384399,,0.08570031459936049,0.3846153846153846,False,5
-0.48804484488595273,0.79952959938035884,-0.35009234366796532,-0.86663695056076262,-0.49155154204974366,0.085542255238338957,-0.10369486632899558,0.34515141782006581,0.93280108998318056,-6.4396517017299342,-18.761549509818902,-2.9125776744563798,0.2145009929866719,0.2364240386713069,0.3043478260869565,True,5
0.89860188230526417,0.12849132372237887,-0.41952906555506825,-0.068961171345111746,0.98563548541685564,0.1541656470611768,0.43331168223825683,-0.10960232486198476,0.89455481465402764,3.7800008726415761,-6.0169229372648259,0.03204559079234176,,0.07685303686472159,0.2608695652173913,False,5
-0.76239151750460721,-0.39615559722024041,-0.51168341465020795,0.4757341673084664,-0.87913750702864912,-0.028182366663774924,-0.43867547924672312,-0.26491128048183604,0.85871173124694855,-14.64157565847505,-4.5866278790312691,-7.995331978851536,,0.2897950442910394,0.3137254901960784,True,2
0.81764232654559477,-0.25654336184185866,-0.51540908930284157,0.48950744829495479,0.78102006130495838,0.38780165278523704,0.30305689879108427,-0.56937963375420864,0.76417494643638662,2.2131412624242257,-8.2697944263450154,-0.38981977318242,,0.5701147536537778,0.2847222222222222,False,2
0.58406478183586608,-0.65795388534099342,-0.47535777618938124,0.79333091323996563,0.58661937065803782,0.1627998036442628,0.17173931616512567,-0.47220165049844909,0.86459887147143344,6.9873404832059345,0.46991016589099871,0.61909392293779475,0.2413056159719917,0.1676997519553425,0.1666666666666667,True,3
-0.85427184534450495,0.31160665349445293,-0.41607800680843843,-0.38484669898531376,-0.91718666276980543,0.10325523675482448,-0.34944617973559583,0.24833428908464411,0.90344753490893037,-1.3079363744230799,-5.6087600345192437,-2.1568694448463339,0.3162686820070701,0.2645975367914199,0.8747152619589977,True,5
0.40558865103519637,-0.79822098215391502,-0.44535503791996006,0.91187375530095693,0.38698992116267578,0.13683952393894194,0.063119731818029406,-0.46160812879296809,0.88483548464529549,-23.929924335695588,8.0623462379498125,-13.765111151642834,,0.08290779788029218,0.2941176470588235,False,1
0.86611075995988684,-0.17543055974374464,-0.46805584088835389,0.32091846457914125,0.91307224175641399,0.25161562039365415,0.38322772678118433,-0.36813475799211559,0.84712059907914705,-1.763505537653995,-3.7257870477992103,-2.6132298343326017,0.9412126110481358,0.5568011600033459,0.6139817629179332,True,4
0.89744943821759005,0.11866967516756621,-0.42485528599577987,-0.01958202872691412,0.97290258461356882,0.23038468916830246,0.44068248205921451,-0.19843908145287659,0.87545467099003382,-5.6718069980454793,-32.240755009591822,-0.99209418853703468,0.5542446412830571,0.4528633264583574,0.2857142857142857,True,5
0.63028058679749288,0.67641668377546138,-0.38106016823648542,-0.67069194038916957,0.72161451389805931,0.17159491376110528,0.39104821058690675,0.14742104070273696,0.90848683741422653,10.182393516004193,6.8415626756392278,1.104399543355268,,0.121035818628026,0.3714285714285714,False,5
0.27842352681367288,-0.81094656676322829,-0.51463191270224329,0.96045804411841418,0.23462024345776267,0.14991226383472095,-0.00082777102313592865,-0.53602146152439989,0.84420394904334595,-8.8081729715914214,-8.7958094789586951,-5.0076429943628957,,0.1228181238270385,0.3076923076923077,True,5
0.47107647679655557,-0.761957003028082,-0.444419259872261,0.87715096093682154,0.45789344837323998,0.14470584530168187,0.093237035219677772,-0.45799030063236834,0.88405414980651409,-15.013540748047797,6.7456967544865112,-9.6065482296008859,,0.3684470484514046,0.9514237855946399,True,5
-0.37144203671085047,-0.79024022453818354,-0.48739224541013954,0.87907133943615845,-0.46825627437246398,0.089272849695408552,-0.29877147378224461,-0.39529286488964394,0.86860759691665412,-3.7259639024512454,-15.259187900862848,-2.1601009918954985,,0.1055639402219411,0.2777777777777778,True,5
-0.84395022134017361,0.33771270609684051,-0.41677110269381829,-0.41569567324939083,-0.90279955610757934,0.11022735020716741,-0.33903558978609888,0.26627634073027756,0.90230359592860176,-2.0350116902197688,-12.17984490971428,-1.7135694845247367,0.3778942187190126,0.3023304877380167,0.8581560283687943,True,5
-0.80490826320552844,0.45606164511156566,-0.37964518129641889,-0.49259040376558144,-0.87026063371617124,-0.0010599632014091087,-0.33087366462370477,0.18615640000295264,0.925131565128128,-6.5242518651524595,-13.948349977864021,-3.3911296852597248,0.2182498161499904,0.2378104714942025,0.3846153846153846,True,5
0.053131187415308097,-0.87271941756519078,-0.48532246509770449,0.99416388275745204,0.00053279325774775992,0.10787905427825574,-0.093889568879965399,-0.48822180854199643,0.86765443266286346,17.289671587555851,13.011319877959316,3.5090398303745762,,0.286699402221177,0.5,True,5
-0.71358597409363733,-0.50447708025102389,-0.48610485811009613,0.55294761456185304,-0.83163193118594458,0.051354323890913954,-0.43016740128372244,-0.23214479648128772,0.87239027982862727,-12.194431486764104,-10.181801017857962,-6.283027412433003,,0.09999636936424017,0.2222222222222222,False,3
-0.73381488277513851,-0.50799710252359287,-0.45105948792298417,0.53114515381318617,-0.84297776274437919,0.085283744636643954,-0.42355701316171962,-0.17699558001858673,0.88840982730686158,9.5094949428886419,7.9716209240927238,0.72811778148688233,,0.06657907720101416,0.3529411764705883,False,4
-0.47064770186228133,0.78983774137536156,-0.39325193328300495,-0.87571731241463913,-0.47259098567853769,0.098878455654757225,-0.10774938268516857,0.39091444403405701,0.91409844545131436,-7.4565181250921153,-9.0592872162059788,-4.2693769940064108,,0.07958423279386852,0.2926829268292683,False,5
-0.5502366764357951,-0.68452192864883477,-0.4781938196001374,0.74895600164542186,-0.65779405561004101,0.079824106655798782,-0.36919440340312853,-0.31422397999352808,0.87461922165753592,2.8488687819527998,-14.729095784668248,0.54515788970337986,0.610166538396325,0.2061998062405975,0.2333333333333333,True,5
0.90152274886551953,-0.048303003565475781,-0.43002738648196787,0.16043140426355798,0.96024028379570081,0.2284739851755021,0.40189363991481752,-0.27496439264476852,0.87342777891106349,-17.713101508069641,14.843473585871266,-11.809851165848618,,0.1794852585586413,0.6129032258064516,False,1
-0.90674116684522277,0.10134405513005512,-0.40932852189648428,-0.13167442083823352,-0.99020066096950754,0.046524164822880271,-0.40060242541088054,0.096083471551287714,0.91120012250304983,4.1020513530903102,-12.860658962145605,0.94754718298245411,0.1809831605532421,0.2524044642464936,0.2571428571428571,True,5
0.70341366491344492,0.60404977828176409,-0.37461057295648936,-0.57803975002043917,0.79284517626140227,0.19304552280572518,0.413617290994158,0.080748943254875333,0.90686291398087104,-8.5712516765401841,-7.2937102316162159,-5.0687192816493605,,0.07309943613132149,0.3137254901960784,False,3
0.36861877018839373,0.84796779112931797,-0.38088164496607396,-0.88144242400194051,0.44898642801084587,0.14652795170767197,0.29526167281647064,0.28171228704003626,0.91293961021323444,-5.0804951611991624,-17.114039466275383,-2.5035270033577373,,0.09182394970567534,0.2142857142857143,False,5
0.48795939205170308,0.79127640572262548,-0.36847968933879433,-0.80562054706410158,0.57075312702054093,0.15879673215910686,0.33596304239703112,0.21936845202297484,0.91597287972972963,4.6182994632863332,1.8378299389347126,-0.55977537160464585,,0.09394006674398081,0.4477611940298508,False,3
0.86895967854022604,-0.22833515790301842,-0.43905823387868681,0.32955931528251736,0.92885165556009319,0.16919001056147878,0.36918793964834012,-0.29171502811593131,0.88238461432049908,10.883729734535923,-10.861902101553445,3.3497553279252203,,0.105798485640896,0.3529411764705883,True,5
-0.81930600053477187,0.42427243931084818,-0.3856560316252563,-0.47122135145342592,-0.88145709195252442,0.031366111984232115,-0.32663146728710157,0.20742780018074525,0.92210931688713238,-8.9032870928280978,16.333497248788042,-8.0576807049466801,,0.1917736399926568,0.2857142857142857,False,2
0.34536280286759319,0.8835712439927349,-0.31626949139076205,-0.88753318238776602,0.4170284565477903,0.19588802053727633,0.30497439983723984,0.2130472323652649,0.92822491467608015,9.9641560531132924,9.5829013023772998,0.82043007344729046,,0.1320408007209539,0.1875,False,4
-0.8212344910669972,-0.35703893508835055,-0.445081014550057,0.36550578353414565,-0.92816164574624327,0.070153271974420978,-0.43815457647389899,-0.10506739835269273,0.89273815249398647,11.180172305748473,6.0250820527111308,1.7274943999995729,,0.08541272037322793,0.3333333333333333,False,5
-0.18105617720889497,-0.82832944965964639,-0.53017825636388349,0.95245151358184554,-0.28201379424750211,0.11534441525179326,-0.24506075771153552,-0.48408526385407985,0.84000397757937628,-10.35341230925302,4.8543222003357949,-7.3270267812296801,,0.326571554513825,0.1574803149606299,True,4
0.082135946065752696,0.92470395128079352,-0.37172071350621599,-0.98083136550887839,0.14113137659345476,0.13435686426388588,0.17670177927194608,0.3535598068594944,0.91857059836226229,9.6859385781270273,-4.6865233377827673,2.2237617842533024,0.2505197223496353,0.1541618578507081,0.5652173913043478,True,5
-0.90571249587833125,-0.024337341678598919,-0.42319329934423877,-0.021401387467265474,-0.99445185168413852,0.10299269535488177,-0.42335192857044995,0.10233869493992315,0.90016661574048262,-16.797274849598619,-5.3452177238665444,-8.8036482739099089,,0.1099184340641474,0.5,False,1
0.8477277837684174,0.44744191941386269,-0.28487424133874323,-0.35641901546936761,0.87825191355524557,0.31880881692386587,0.39283977654882768,-0.16872849518616215,0.90399535666577369,-5.7530631582550029,6.5353775997431383,-5.4951545796148755,,0.4425371716453598,0.368,False,4
-0.87402357082663573,0.36939842137140483,-0.31563840692756667,-0.36625514628314038,-0.92775654789133022,-0.071588795672779523,-0.31928038690244265,0.053033896076732187,0.94617516370191757,-4.0739679417328771,-3.6362399582663518,-3.5882131784268103,,0.3210779515787369,0.282051282051282,False,2
-0.81015166740766975,-0.37332407933005413,-0.45197722021020031,0.39158566016734953,-0.91839468594469897,0.05667337628762547,-0.43625101323420845,-0.1310737678595727,0.89022734221726829,25.403889270477475,-9.0809903325915418,9.5704804314505694,,0.5784153439730848,0.2333333333333333,False,1
0.90876488612640749,0.021805724538358814,-0.41673839770414123,0.11739531242122965,0.94494587569954203,0.30544333782216854,0.40045564344279089,-0.32649931451043318,0.85617374128096102,8.7544693424181368,14.158943600431666,-0.18174505165025517,,0.3028335737373906,0.5,False,5
-0.59225855587154042,0.74774250964818711,-0.30018484682273366,-0.78803101234022555,-0.61523295787009113,0.022260528755126754,-0.1680384675810766,0.24973895734436274,0.95362127000059838,-7.9987278888039661,-4.4154076906627573,-5.1154181226417546,,0.07636924862918512,0.4857142857142857,False,2
0.4465781704088167,0.82279885604035941,-0.35152521988186092,-0.83304543680389498,0.52571562040447228,0.17221610459811643,0.32650151291306795,0.21592852743770982,0.92020195234745106,-12.881540441750218,-19.305895144212769,-5.4346753646711141,,0.1221799807411528,0.2307692307692308,False,5
0.65536383494576911,-0.53041396922826289,-0.5377353113686103,0.72672211755859084,0.63682994838561713,0.25753170812607162,0.20584753507471154,-0.55956111202146075,0.80281888008253377,1.1504346649268358,9.2904299675394935,-2.9576631875326185,,0.1436173803116146,0.3877551020408163,True,5
0.53913268196685749,-0.71349182904114616,-0.44751017991409398,0.83097239901214504,0.5371797935407765,0.14464695465681604,0.1371890058103252,-0.44985250838803864,0.88250319964392543,-6.2071856746705336,-11.093344588656896,-3.5825968247029372,0.1662817031843997,0.1164132544863377,0.3611111111111111,True,5
0.69434156758919419,0.66363021009106027,-0.27836079424422533,-0.59159157271323037,0.74660726008430045,0.30429756864638391,0.40976724931656944,-0.0466105507788655,0.91099849502818808,-13.0485868135989,17.186751173390419,-10.108037881720152,,0.1203795484547481,0.25,False,1
0.7523917330755856,-0.47447567904415494,-0.45692396522299444,0.60043193245268101,0.77927123922690256,0.17949325949713546,0.27090251842804103,-0.40940098401121994,0.8712075870881687,-3.1440075270245029,7.6727784557631846,-4.5395379764649411,,0.1457455982319186,0.2978723404255319,True,5
-0.17897809010002871,-0.87391444359372439,-0.45192962786524232,0.95957520182210321,-0.25646998638437701,0.11592488141924849,-0.21721481374946638,-0.41291244999668858,0.88448913691775577,-5.8011872638631639,-12.099280766144052,-3.3381049569126393,0.17151878246031,0.2221334419419306,0.6031746031746031,True,5
0.80000534797802036,-0.40169487272140741,-0.44568225501571967,0.5193726333631028,0.83554766550592807,0.1791986785137322,0.30040557737838453,-0.37483506759230045,0.87707192474906714,-10.695332070586003,-13.18430001176004,-5.3035383156555804,,0.1285543075393634,0.5319148936170213,False,5
-0.49094216603902691,0.76826910126402825,-0.41077777160877388,-0.86421857638886601,-0.48901640325647361,0.11827598898551932,-0.11000928065081282,0.4130684512148845,0.9040312012213001,-5.2504662271464326,-6.851637561442657,-3.7282167251253733,,0.06931650578611108,0.3061224489795918,False,5
-0.88776869624287214,-0.16979528683484205,-0.42782742144456426,0.14585613375198447,-0.98534816511182999,0.088402385475012973,-0.43656927310354116,0.016079616892927057,0.89952693995367505,-12.945332100483041,4.7185954410969488,-8.4172840899500549,,0.09121089087578363,0.3179190751445087,False,5
-0.84383387303737889,-0.32816599328818241,-0.42456033206591243,0.30762729043504561,-0.94411947932344842,0.11833790154305301,-0.43967015465497461,-0.030748814793449417,0.89763281217570767,-1.2519645244142301,4.8229714119226843,-3.3790640229774302,,0.06604200446946262,0.2184873949579832,False,5
0.64578266412709495,-0.61622713228733239,-0.45080913050407867,0.73819370948316032,0.65472638820534201,0.1624912424319557,0.19502512143927619,-0.4377184917507137,0.87770594391691192,9.1109123561458816,-8.1466999421109314,2.4847181102645033,,0.08351408397001536,0.3076923076923077,False,5
-0.55064989635860317,0.73247137670463747,-0.40033782477886432,-0.82365163887283788,-0.55467156474489931,0.11805690596289932,-0.13558270325652721,0.39474692851478665,0.90873108949006154,2.630131180340411,-11.833460914494861,0.19441228058741114,0.2295467757929696,0.1320472892466358,0.4390243902439024,True,5
-0.42079529007833016,0.87118681349707905,-0.25291275143159525,-0.90234543045669813,-0.43064056463587574,0.017928419450993355,-0.093295487467565066,0.23575886002205748,0.96732296154867015,-5.6377505434974973,4.2206139165177445,-5.1584586797088896,,0.496951340996267,0.25,False,2
-0.86519993151858277,0.41277375444545233,-0.28468738317889036,-0.41227679947753432,-0.90876051722690565,-0.064669644672342375,-0.285406585615679,0.061417831046785748,0.95643657966260776,5.0907117237750041,6.6730826440839328,-0.95527935144283482,0.5758274686406023,0.2839903256946911,0.1649484536082474,True,4
0.80154419695628065,-0.36896007212128362,-0.47052668947251819,0.50789738761698799,0.83539359346114106,0.21013754461285539,0.31554261832207314,-0.40741380583423759,0.85699874377860796,-10.093792758648979,-18.411769116947429,-4.4063816618896743,,0.2328437649844296,0.2941176470588235,False,3
-0.90454645219125529,0.056259697562562279,-0.42264708949475016,-0.076104404350133298,-0.99664202676842983,0.030212416610216647,-0.4195281104607006,0.05949383925321107,0.90579062019000212,-9.838877708788667,-3.0372752699684917,-6.1987714159998397,,0.07068096953999516,0.2366412213740458,False,3
0.45247888169599171,-0.76297851789553506,-0.46165641211736363,0.88717304091550175,0.43765589304863051,0.14622350957539851,0.090481252709530349,-0.47573217308664117,0.87492402092888943,5.5860826037461484,-4.2447930335036919,0.59276625955622919,0.1698398803252193,0.1383159400426547,0.3604651162790697,True,5
-0.77081782672086474,-0.46153448057703461,-0.43911934738497949,0.46868818815710683,-0.87770911837269483,0.099790208975808814,-0.43147567751998706,-0.1288899792998433,0.8928695945908085,7.2940864409388926,1.5788594118549091,0.59852027688089626,0.2150319065076175,0.2135217106095431,0.6363636363636364,True,5
-0.89845606385711474,0.14231547421195367,-0.41535888953795908,-0.19033230084591293,-0.9787459356159135,0.076354494105001613,-0.39566439892044958,0.14765737135394424,0.90644745248236136,-1.2092374870998892,6.7338209938039828,-3.4990754348778386,,0.06717735953478873,0.2702702702702703,False,4
-0.73234903826958353,0.6146411481738806,-0.29305485001464981,-0.63048380356617939,-0.77464650784536226,-0.049121902688184338,-0.25720625883974629,0.14879195829908876,0.95483291394839487,-16.555362815616846,-8.3370827228122977,-8.3883271393376937,,0.08965828905467796,0.1875,False,2
-0.13833293916679551,-0.75953941596158081,-0.63558152391508116,0.96976686585775618,-0.2341493816804098,0.068748039558284346,-0.20103786664681175,-0.60685578407017204,0.76896673108443114,-3.5666809652401974,12.838510799858367,-5.4408071433532115,,0.5802532347396265,0.5298013245033113,False,1
-0.88175287893888099,-0.19848522782945213,-0.42791993972761533,0.16460540653133848,-0.97960904552455896,0.11520059924807582,-0.44205986090533977,0.031140524400745245,0.8964448377431814,-0.70135848787362065,8.2178496783218193,-3.5811335637724544,0.1331495133596049,0.1322814847014417,0.5546218487394958,True,5
0.80568386469769826,0.4687363923337855,-0.362159777815937,-0.40147666624042927,0.88166233574382846,0.24796776442757162,0.43553415093451897,-0.054384926520537419,0.89852784216022141,-15.574009984405709,-7.9821041560220909,-7.9909698738455042,,0.07391284414425564,0.4444444444444444,False,1
-0.39243395105870754,0.82908968445907516,-0.39825354886052444,-0.91801455628012918,-0.37987660030195758,0.11376749536147598,-0.056963747368380141,0.41024878265093845,0.91019287396637727,-1.8699216938322216,-2.2978197040308803,-2.9196128534659369,0.3920791556095998,0.3141414174849673,0.9017798286090969,True,5
0.26772589430333887,-0.83593244955734547,-0.47910310507920334,0.96344844121130202,0.22737420844146497,0.14166181723785143,-0.0094840206131502625,-0.49951767647669287,0.86625177878047455,-3.1728096207456398,5.5291169962828697,-4.2329029083278318,,0.2198570754062896,0.6927835051546392,True,5
0.54374565505781403,-0.67958079838898489,-0.49245365372463207,0.82645449790617476,0.53565692900000472,0.17333383196865382,0.14599186791188812,-0.50124005513852865,0.85290373526460983,-11.585486963569593,-14.965787518913826,-5.3973076290365496,,0.1173614375937158,0.3181818181818182,False,3
0.341791032468512,-0.77160302709382955,-0.53647708124741778,0.93912271549079318,0.30171374677230539,0.16436952350669176,0.035034488340895217,-0.55999784248535922,0.82775298310452239,-2.3267851589959179,-10.859678476213318,-1.9607754575899936,,0.1783570708647657,0.2380952380952381,False,3
-0.88711163846660324,-0.073368372064783333,-0.45568632070500303,0.052996119497682438,-0.99694687537717008,0.057344040613522822,-0.45850229248640273,0.026720959119416104,0.88829141509329723,1.3542864308987683,-14.25977810655491,-0.16312491797434336,0.104059638493924,0.1623410157375964,0.3846153846153846,True,5
-0.38565363426613919,0.90333373930926675,-0.18777494455559798,-0.92168795258982839,-0.38645197305283702,0.033855436407484743,-0.041983239847477594,0.18612637628533032,0.98162843256641774,-1.6314023448040222,9.7202943698910325,-4.1813814813368833,,0.5382596356468982,0.36875,False,2
-0.54324556469589758,-0.68370716534233211,-0.48726662978064428,0.74900814879006583,-0.65687258871843335,0.086632529897388538,-0.37930337394269675,-0.31790393871403377,0.86894535861916544,4.7525686951153094,-9.349969040399742,0.67705689947953485,0.1835291829445946,0.08832968718348735,0.3076923076923077,True,5
-0.87574079670872318,-0.1403428974136405,-0.46193281776197326,0.19467954095548659,-0.97823000089961154,-0.071874485551608497,-0.44178946718242745,-0.15287228815417053,0.88399781119705068,2.5089490266617132,2.5469775292878793,-1.4907187313352976,,0.2065961149980446,0.3734939759036144,False,6
0.86408871926233333,-0.26782257821740107,-0.4261710359005691,0.36301751518207526,0.91810434350750081,0.15906821839604554,0.34866741877412621,-0.29215660360437579,0.89054789318471983,3.482259640599958,11.919787033159162,-2.1893213137465493,,0.0820103414010333,0.2692307692307692,False,5
-0.82212221770446192,-0.37644645038523838,-0.42708679346129663,0.39326424343682365,-0.91794868759306991,0.052090707234819837,-0.41165312338273424,-0.12513303695873185,0.90270893928814333,12.978958106792405,2.4305534178353128,2.694833712205948,,0.1242079989141931,0.5,False,6
0.68237605949176505,0.65551940184580448,-0.32350769270020591,-0.61089406341887642,0.75442243696438849,0.24011503469022566,0.40146152581793704,0.033780177744249296,0.91525272077142805,-11.273471799294681,-27.629448414277508,-3.8239477858240614,,0.3133701452594471,0.391304347826087,False,3
-0.90530217584400441,-0.0022249440776811458,-0.42476231004641141,-0.010920593653206559,-0.99953382673305535,0.028510872498703141,-0.42462773230957745,0.030449611495501183,0.90485585046094519,-12.699653803444347,-11.701767789493291,-6.2398222723619181,,0.09770143238955384,0.1666666666666667,False,1
0.16427870890702861,-0.85947980624163645,-0.48405265050682078,0.98454708619732012,0.1126913725778545,0.13404361083947841,-0.060659219086682148,-0.498593137948526,0.86471113207269146,-15.973470512983605,-10.291050079088274,-7.8873930390593454,,0.2686338498018442,0.125,False,1
