axis_00,axis_01,axis_02,axis_10,axis_11,axis_12,axis_20,axis_21,axis_22,location_x,location_y,location_z,dbh,dbh_approximation,score,reconstructed,number_clusters
0.20050588431423355,-0.95642392529946685,-0.21225142041957148,0.97924868027253986,0.18913446865607272,0.072802300449042442,-0.029485802343751956,-0.22244421296348327,0.97449944052277448,3.0594646327207129,-8.0226645777267169,0.58576119905335,,0.08281207274197691,0.2714285714285714,False,5
-0.98656797782423811,0.040278281225968396,-0.1583075651801753,-0.038396922626844181,-0.99915108365576744,-0.014926096686468757,-0.15877437282062173,-0.0086470856933112492,0.98727702619094238,13.547378890461585,5.9751059706881771,0.79269003741124699,0.08211320213665903,0.09761382844576331,0.3846153846153846,True,4
-0.10889924776276361,-0.93960577420690683,-0.32447179062862286,0.98929934037254819,-0.13432555804990295,0.056951379202130767,-0.097096699095010175,-0.31479776608423188,0.9441793248600775,-14.348486065329066,4.8146208833297255,-3.3565167704809507,,0.4884105222451457,0.5585106382978723,False,4
0.69496603725324546,-0.66158442202603251,-0.28165272872280178,0.71246083310226216,0.68645632516971811,0.14552413864962749,0.09706579397372804,-0.30180087171339637,0.94841682053477039,10.870757842300133,34.249982922131878,-1.099175958186807,0.6527879087395045,0.5279564151319198,0.7380952380952381,True,2
-0.33039072029331751,0.93542958572765489,0.12575158881481657,-0.94374058153925744,-0.32938388294231502,-0.029325286252439423,0.013988806239525371,-0.12836568000533186,0.99162823956196489,-14.241309156605382,-5.2328515391156696,-2.4047768692146012,,0.4600737749485964,0.4428571428571428,False,4
-0.96186786017930326,0.23596925787473738,-0.13830664804026568,-0.22940855350672876,-0.9713644179973433,-0.061829467300250934,-0.14893601019242664,-0.027743049340837017,0.98845758031451869,14.485802025627658,33.839198713403349,-0.35522964364245679,,0.4466657956825122,0.631578947368421,False,1
0.70830879514517198,0.69399017263386986,-0.12913671440611463,-0.68485855103851212,0.719931649853494,0.11254858776837626,0.17107722171412726,0.0087212285165365888,0.985219023559603,-8.5307510935695348,13.771533352067713,-3.4842914998409045,,0.1246045928490563,0.5238095238095238,True,5
0.89194617810673449,-0.38009505685480655,-0.24486682730686465,0.4350234302360742,0.86903931536052326,0.23563803492507707,0.12323404767525911,-0.31669925183406045,0.9404865514090659,-12.431199850235529,-5.3783829430673604,-2.1442417863189722,0.4567313544941249,0.1889099896159755,0.2173913043478261,True,3
0.53405135211475696,-0.81487277022903393,-0.22532536839792194,0.84453390753677571,0.52659347213567087,0.097271753992422147,0.039390764464068792,-0.24224302558248767,0.96941564059570329,-34.75832444100876,10.952404584766548,-6.0978371373392575,,0.5774969812774057,0.8913043478260869,False,1
-0.83820336098270343,-0.50818458159232083,-0.19789784402346805,0.51399893962976517,-0.85743355536880195,0.0247545589153308,-0.18226413716575263,-0.080969927500604597,0.97991002400412763,-13.666547078552901,17.342665725630493,-4.1532782990348851,,0.09656981235117378,0.1851851851851852,False,3
0.069731107227043856,0.99755727607326627,-0.0041296050871537648,-0.9949729561517372,0.069847543023883255,0.071764456802795071,0.071877598816070434,-0.00089536965110167954,0.99741305841743622,16.519665370585358,-8.3864087466187556,2.8607500115680828,,0.3375313307668806,0.4193548387096774,False,4
0.96609617541688886,0.24092044190827511,-0.092819828245807312,-0.18985484945299547,0.90655831576787316,0.3769710283978035,0.17496661391259813,-0.34656797426022878,0.92156243588436315,-16.221379389543287,-7.8875938380277519,-2.4294855484522797,,0.08357461414355705,0.125,False,1
-0.21051813253291721,0.97434347565136059,-0.079604694148517646,-0.97731030249439921,-0.20781142261573576,0.040975422740096301,0.023381371070975238,0.086424557193253787,0.99598398953034928,-27.396318595844498,8.0396043096782837,-5.0543577693824489,,0.133298905121875,0.2222222222222222,False,1
0.76528707096065263,0.63993656725464299,-0.069403810491994511,-0.62269274969028887,0.76332239498696031,0.17202517488588143,0.16306268274382096,-0.088431392625666475,0.98264462054939927,-19.376461650209105,-16.907737070172196,-1.9078650192985287,,0.3357850595534344,0.696969696969697,False,3
0.20053145712165932,0.9702212945607176,-0.13585939159877136,-0.975555955385354,0.21047851518812416,0.063161480004593568,0.089876095914498993,0.11987257494993067,0.98871272529387422,26.771515419889482,-8.3662281312888993,4.7314202276815385,0.3382975600716686,0.3320931645941578,0.8732394366197183,True,5
-0.26458458589817185,0.95352531152145292,-0.1441682253237804,-0.96426232588904248,-0.25942957973034725,0.053800186170578954,0.013898337171995123,0.15325068824919125,0.98808960260444101,3.1636455190902248,-11.959165595592445,1.0879320671944532,,0.076683936349023,0.2926829268292683,False,2
-0.65000996618091489,-0.72003433998585109,-0.24297652789235907,0.74326827762911285,-0.66896675496824831,-0.0059789813098772848,-0.15823814753635829,-0.18448314282988551,0.97001374148816566,8.0417017796060755,5.3677396290464516,-0.32751507002670799,,0.1077548891718338,0.3783783783783784,False,3
-0.98355283523941439,0.080052355759388016,-0.16191182980215607,-0.057150185352091203,-0.98829218886768699,-0.14146521034282106,-0.17134082002468529,-0.12988521763653227,0.97661259137530032,6.2368776177771306,23.925016031268903,-1.7425754037679047,,0.1761514296653431,0.2857142857142857,False,2
-0.58387331865565328,0.81095226904511775,-0.038057392088912803,-0.80990276640063597,-0.5850767734069402,-0.04174539730701915,-0.056120020835981041,0.0064487634705560903,0.99840320347596545,8.0335629177359511,-11.02396328488029,1.7084498857694661,0.6592852075621389,0.7407605507108147,0.7333333333333333,True,3
-0.25558934454462412,-0.94690235375025489,-0.19506414180334217,0.96163941837765377,-0.26979036730469247,0.049626472087834203,-0.099617849693389882,-0.1748973703971107,0.97953417186468739,-0.44059075351879828,15.148665864026684,-2.5752116904548963,0.2356407846838581,0.2168678314487586,0.7435897435897436,True,5
0.34391321209194975,-0.90849195616770451,-0.23741539151279656,0.93900143586136098,0.3327598400904726,0.086874577830712979,7.7452560147205085e-05,-0.25281070863699578,0.96751575677068968,-14.3470564653881,18.50444323282732,-4.2697057014475988,,0.1141756930685386,0.3333333333333333,False,5
0.44925062288970685,-0.81117673858364958,-0.37438773566184702,0.8933679848971694,0.41173865158292017,0.17990254682313514,0.0082171402557086187,-0.41528734819817642,0.90965317403532742,-2.3987601665636382,23.383007565283982,-3.4058643491239962,,0.3911544259423099,0.2142857142857143,False,3
0.43485271157918515,-0.8523246421352173,-0.29059563596396953,0.90029612903033918,0.4183873200190471,0.12007885117815867,0.019235365481763786,-0.31383874020960723,0.94928143659213604,-3.8613794435274391,-11.189812163759663,-0.11073079717578922,,0.9053493103131405,0.6274509803921569,False,1
0.94458002206681002,0.31140150301757091,-0.10391191380521236,-0.2795098299150266,0.92890385857910107,0.24292360218334108,0.17217095252433562,-0.20041638015704957,0.96446380837831724,-2.2457791167793224,-22.979468671854342,1.4222470350921674,,0.277099812581418,0.2413793103448276,False,5
0.33385761839138528,-0.84816403812941998,-0.41128682821849039,0.94260513006557933,0.30312125759660891,0.14004667781529237,0.0058872248200810134,-0.43443672452618931,0.90068311462293538,-14.093171197217984,6.7357796887759056,-3.4451168501031129,,0.4375347249134614,0.3333333333333333,False,3
0.82068283708155154,-0.49700583924377473,-0.2818951519224242,0.56287962649970591,0.78803080882472787,0.24934708824166502,0.098215105718657214,-0.36330791362236559,0.92647782105565624,-20.722461036640304,20.757341489087686,-5.2247997367043491,,0.2814334400472452,0.15,False,4
-0.9824975231816061,0.14666938235795743,-0.11483339767134014,-0.14318043731101113,-0.98896264508870124,-0.038108384780608559,-0.11915527396400248,-0.020999497562907744,0.99265353562492709,6.178827342166489,8.6580966607048175,-0.97348389025966997,,0.1896289484467832,0.2941176470588235,False,3
0.94777083239216409,-0.26152257158977676,-0.18258256711891951,0.28861452658493753,0.94686791266452708,0.14192537127122062,0.13576488614813878,-0.18720870843898119,0.97289300294214853,6.0580314653150023,12.808754151857398,-1.200875807039506,0.27593304883902,0.2729085724066807,0.4137931034482759,True,5
-0.3022975188799682,-0.89683054416085972,-0.32297242163867634,0.94153532068211754,-0.33380696659847786,0.04565248030878219,-0.14875298311978921,-0.29028931105098998,0.94530665178158169,-6.8222617063095505,12.217070580414468,-3.1547904277248864,,0.5083582296090539,0.7153024911032029,False,6
0.59582244835552822,0.80301825804731219,-0.012541422498408172,-0.79007822876363398,0.58888066166945152,0.17028199771398972,0.14412495436024322,-0.091549131915101056,0.98531556060799563,-14.231737551654071,20.874842763373472,-4.4101747724037468,,0.1152863089595733,0.1851851851851852,False,2
-0.69630029319944131,0.71104750766826907,-0.097863903095648935,-0.71384853325740183,-0.70024563429118658,-0.0087363162940545386,-0.074740706824513059,0.063776904086640274,0.99516146089390711,-16.744852157233126,13.035146452243819,-4.1561131139561365,,0.07282340136606663,0.2631578947368421,False,1
-0.46376179552022112,0.8855707299130281,-0.026257938555148852,-0.88567064513002403,-0.46416402869443263,-0.011800966956981337,-0.022638581466742254,0.017783047755078718,0.99958554303356795,-1.7567350659364389,-25.176549006186256,1.6623066621573248,,0.4136609541363713,0.375,False,2
0.83136565797706707,-0.52359875910584341,-0.18621353924776621,0.54517316050052633,0.83341919426238908,0.090546516801574717,0.10778389400196009,-0.17679588823796621,0.97832808714455444,-13.685223492676258,-0.59335199832782526,-2.7693512390499335,,0.09881819641821032,0.3488372093023256,False,1
-0.97595290556826275,-0.077875751419730785,-0.20359590726161086,0.089168955459888233,-0.99491250994556768,-0.046882778671962791,-0.19890908349057018,-0.063909818452441855,0.97793185427734064,7.3815704506737037,11.749753976045344,-0.87009372274401575,,0.1947086485583841,0.6111111111111112,False,5
-0.15422685061402289,0.9879898056623706,-0.009498550253135507,-0.98617179359426488,-0.15333863652042551,0.062868561850323718,0.06065700346003753,0.019063222636488186,0.9979766136909024,21.536178213290668,7.8278875452185579,2.1043561827093686,,0.2843024292102833,0.2307692307692308,False,4
0.92939766326591444,-0.29410415265817719,-0.22298594329032029,0.34692398158954385,0.90231603017006179,0.25587014811462166,0.1259513180316752,-0.31516428904201077,0.94064219360962531,13.8141183230214,-5.744195651333512,2.042976868053032,,0.4721026046413467,0.2413793103448276,False,2
-0.21993831359202057,0.97544865892253663,-0.011271735470758021,-0.97378205240968707,-0.21884504202925714,0.062091561294515304,0.058100366772300731,0.024632526980345126,0.99800680658775409,1.5742472176999052,-18.276327436186289,1.5244253549720606,,0.2850327976911272,0.3478260869565217,False,5
-0.70512997747072237,-0.64988732583814968,-0.28361625233240118,0.69261788399947821,-0.71694818659257664,-0.079156582200724551,-0.15189529826898118,-0.25225336758218614,0.95566524311979784,8.4209949500191019,5.7506342635258516,-0.25264630246338521,,0.1117249866369643,0.3561643835616438,False,3
-0.36982831478572764,0.92909339835589944,0.0035319561483658779,-0.92882783790821,-0.36980929011011515,0.022802115581942013,0.022491445251657777,0.0051522887863456601,0.9997337589632318,-13.724959662329379,9.3375529638941241,-3.6160547679075856,,0.4314552093612084,0.2095238095238095,False,4
0.158259566176433,0.9829943516016737,-0.093145125652669247,-0.98356240539259199,0.16524813105313782,0.072787704193653144,0.086941960019227799,0.080094693348868526,0.99298838648060972,-7.4665100440252221,7.9846834909194682,-2.9161911147921762,,0.06541356248176385,0.2391304347826087,False,3
-0.77261253323214196,-0.52762668161768034,-0.35310049325613824,0.60875179743971619,-0.773577222883571,-0.17606683205435816,-0.18025294063212396,-0.35098200107820021,0.9188691486346765,-12.613024607255706,6.2503429544725284,-3.2894322304295236,,0.4308602980966869,0.2934782608695652,False,4
-0.2461641665101344,0.96868872128790218,0.032332095137510702,-0.96903477898435297,-0.2466443969253917,0.011753237173516944,0.019359758395133264,-0.028437698833064101,0.99940807333139103,1.595822366035891,29.310845669117011,-2.7421854135817596,,0.1841625458410368,0.5454545454545454,False,3
0.52239938153161325,-0.83434419841323626,-0.17597910316160292,0.85194466781155143,0.51939000473914532,0.066515456583682478,0.035905001919692515,-0.18467209196639511,0.98214410820709086,-5.2525925932205215,9.1595988185092292,-2.7494284176713721,0.2542983595001581,0.2179285355213943,0.8617511520737328,True,2
-0.61610699148949599,-0.7418638421014766,-0.26467001118410954,0.77111233611873775,-0.63661063572919574,-0.01061430930258922,-0.16061737179789706,-0.21062986079590845,0.96428062389422264,-14.584919021081562,12.731068955618701,-3.9270785045948782,0.6184445847144586,0.4127259067517758,0.4015748031496063,True,4
0.96980830375362526,0.22019085480690742,-0.1048229050824267,-0.19678350057291485,0.96046489155963599,0.19693513141033542,0.14404203508971139,-0.17036190754021246,0.9747967545014059,-12.982851422169013,4.2131021511654998,-3.1583998685838877,,0.1377387568050994,0.25,True,2
0.49842729756648224,-0.8213416595083427,-0.27743126607621865,0.86670338966857929,0.47943267776036913,0.13772995982180342,0.019886261025313628,-0.30909899037622612,0.95082193431306028,7.0966709753484931,24.453085354013936,-1.542496758910086,0.4121694562789044,0.3494667517267885,0.6060606060606061,True,3
0.95434442727329127,0.27326075912051651,-0.12064523056172924,-0.24129098369221635,0.94331241535176191,0.22790425233432499,0.17608343284152639,-0.18838854680713518,0.96618030414133349,-17.772417437907741,3.1618132922938429,-3.5432271227579322,,0.2245546252934466,0.25,False,1
0.53272921829910846,0.83775150518985242,-0.11988325789099122,-0.8344788827608467,0.5435797007877029,0.090366493335533954,0.14087077126441228,0.05189917575153416,0.98866672916594167,-13.398497266578957,13.304649955593799,-3.8331098918894146,,0.09318258825729979,0.3333333333333333,False,5
-0.93304413568196554,0.34618801578719172,-0.097890237484750731,-0.33278474373690259,-0.93389339881681055,-0.13075715652441228,-0.13668560716278014,-0.089425820497844408,0.98656984923665159,6.0074548393120546,-19.738650397581484,2.3235566393435119,,0.2563338350413276,0.2272727272727273,False,2
-0.88960755179898121,0.4475790720284899,-0.090947116855554885,-0.43197929444917221,-0.8892127014803165,-0.15064747157941955,-0.14829798700392896,-0.094729857005025064,0.98439522613754538,-16.361581333651547,-12.313793298147633,-1.9139113184697456,,0.2581076573965592,0.2307692307692308,False,4
-0.50099049019360065,0.8618013154687485,0.079416757626521089,-0.86541259094402734,-0.49973798047546319,-0.036373043670416022,0.008341233189420233,-0.086950810960216535,0.99617768510554361,3.2016304525477883,5.2401083180166728,-1.040480828516485,,0.2900929653322948,0.4225352112676056,False,2
0.79747771662438105,-0.56505934628440924,-0.21151176483637957,0.59826125206526226,0.785999105343134,0.15584890335545601,0.07818417848176562,-0.25082532084386855,0.96486988379713778,-4.9566998133558684,-4.7149642771034248,-1.223546402338985,0.751133299597647,0.6824110791699656,0.273542600896861,True,2
0.9197069025589143,0.37320281121315885,-0.12189698555782297,-0.34676546026292454,0.9177682789613345,0.19353320568055798,0.18410032306905644,-0.1357241608371417,0.97349166571210244,-3.8962159906395022,12.025418809901097,-2.7757244907375904,0.2248766013243688,0.1953695179654078,0.3243243243243243,True,4
-0.19304057692199122,0.9800825914217397,-0.046620270845126793,-0.97955284959362821,-0.18975640854121528,0.066848487421508451,0.056670543623905542,0.058571489733381138,0.99667338184371346,10.350345429881973,13.247734554932581,-0.35935468394996534,,0.1367395855103933,0.1333333333333333,False,2
-0.80465553806025181,0.59112407175447002,-0.055693777582266249,-0.58511398374224288,-0.80539940581032832,-0.094728153944075341,-0.10085182744129589,-0.043636325610510063,0.99394405274591013,-25.378954010163103,6.0327271611051021,-4.6214992153047607,,0.2877986042518422,0.7037037037037037,False,1
0.96751310036225224,0.19394252463139922,-0.16218723059174678,-0.17925558959052862,0.97861567953108786,0.10088996667884564,0.1782858217244806,-0.06853939681311573,0.98158877176571269,4.5406190465984251,-15.680037371369167,1.6840287647451524,,0.09071547460270626,0.4782608695652174,True,5
0.79462845672779647,-0.55722449481865066,-0.24096986976072232,0.60147592176539788,0.77648333642317291,0.18788385719268702,0.082415601040488617,-0.294235434017109,0.95217287194810274,-6.5825575672302126,19.324850284530573,-3.656816969922553,0.626372185222746,0.563045976685083,0.6623376623376623,True,5
0.98013413097700242,-0.00098352799440740504,-0.19833335061617874,0.040146436038845393,0.98027130797701867,0.19353662813639083,0.19423014433227076,-0.19765423200556301,0.96083685170946476,-15.543571257191795,-0.46604549959809699,-3.0027746804941571,0.6160134298462369,0.3199913955605361,0.8699186991869918,True,4
0.44213060899221357,-0.87392235592875334,-0.20194118054550098,0.89674473883070482,0.43550474078910784,0.078641554725617929,0.0192197287084028,-0.2158595296903715,0.97623525108972864,2.1540977978551541,10.344203292987356,-1.8116561641215752,0.175891348766451,0.1307935679086862,0.5223880597014925,True,3
-0.11472036543808142,0.99184786893037991,-0.055471097447387874,-0.99257126288013564,-0.11216864182108283,0.047122010743885508,0.040515748275038822,0.060464871539416473,0.99734771942960598,-13.972207242609931,-7.3007958265799706,-2.1458395385397169,,0.0689147846839448,0.1578947368421053,False,1
0.6003039063389215,0.79005444001526359,-0.12429481826045538,-0.78604409255528385,0.6115025129317132,0.090550324334817661,0.14754627949620391,0.043343494210416222,0.98810497262004504,-5.0999382658998629,-9.1932525424094109,-0.56990292223416061,0.3004353240342861,0.2459143328187248,0.6559139784946236,True,5
0.27337413426638602,-0.93219121866184507,-0.23724694848163483,0.96183529056218853,0.26188074125349137,0.079318038236404709,-0.011809171996961514,-0.24987598766241109,0.96820583258234927,-23.483253363382723,7.8036613965181276,-4.6397496037248889,,0.1323059861568227,0.3636363636363636,False,1
0.88730259752063267,0.44254777475605001,-0.12979047535010152,-0.42710587711467035,0.89469491569796267,0.13077300011211207,0.17399617859954553,-0.060600947869507996,0.98287987818963463,-15.981526658108196,-6.9580407593032394,-2.4465216145371187,,0.1802563428976102,0.6176470588235294,False,5
-0.73348889321723554,0.66170536605528529,-0.15537069241203338,-0.674129076375655,-0.73742480676841815,0.041888456016742126,-0.086856386707370045,0.13546461861386913,0.98696773259916526,-10.406265169984529,-15.346545904611634,-0.62203301239615694,0.3888132434549472,0.3272263137620078,0.9743589743589743,True,5
0.84920734712798707,-0.44377290071840203,-0.28620358867739937,0.51602943494704112,0.81243247371656035,0.2714168342587252,0.11207365369293623,-0.37817864593174227,0.91892350492799457,-9.8098183900842546,-5.3794295614769974,-1.8787218333517266,0.1578087276393481,0.1351714406400925,0.2962962962962963,True,5
0.55127245013403736,0.83331480332413466,-0.041050265335008496,-0.82519559412508869,0.55183852701497038,0.12052581274768419,0.12308906190136264,-0.032568062005697146,0.99186108108819149,-6.9453982646901125,17.547458359368893,-3.5709098000695541,0.2930117097289313,0.3229926785115468,0.3291139240506329,True,5
-0.83055190838904036,-0.51251962112739269,-0.21796138518269084,0.53435463592054144,-0.84363167884001289,-0.052447245187973501,-0.15699888707105245,-0.16002883620465297,0.97454713638768431,-6.6823615428766017,-11.844402325230876,-0.48663278191618597,0.4948022277012249,0.2467326637691049,0.2222222222222222,True,4
-0.87297916280624688,-0.45274055120153295,-0.1814755482257488,0.4561555393229641,-0.88955119281614259,0.024915844443921739,-0.172712203538371,-0.061030063551581519,0.98307976588464585,5.1563557475652013,7.8016997636334979,-1.0294278307933402,0.2164960923390981,0.1371567537104975,0.3333333333333333,True,5
-0.59447740703436847,-0.78107314574525544,-0.19110560829369833,0.79015970688832615,-0.61150580533870424,0.041331436549154735,-0.14914506406799966,-0.12643334620531696,0.98069891344463012,-3.0518879254096873,16.488388400721057,-3.0442984844128427,,0.09174400296252977,0.4,False,5
-0.18160169112878388,-0.93733239570119187,-0.29736981310857902,0.97949499722084665,-0.19924343731885827,0.029859723788084297,-0.087237470151880631,-0.28584966792779665,0.95429533748576456,15.434264755666815,-1.3096839402928566,1.8596091351756716,,0.5162204379752825,0.3703703703703703,False,4
0.98595465932050197,0.045303411854371534,-0.16075139389300908,0.022301238146593638,0.91817557452993437,0.39554553355303224,0.16551756565791159,-0.39357491689763113,0.9042691636054504,6.0222888494914395,-17.709351646620856,2.1318231243082955,,0.4456949387473217,0.3157894736842105,False,1
0.61973499089049189,0.77272461621866395,-0.13720498735716857,-0.77021378217750325,0.63240308997480754,0.082686525710913936,0.1506627718110484,0.054433438987761623,0.98708547244409284,-9.2467845433167906,12.587047846406966,-3.4705730745499026,,0.07526027608406176,0.28125,False,5
0.69830462835744911,-0.68580974118457494,-0.20502596155343361,0.71427730264314304,0.68630001662756079,0.13711390194230566,0.046675271219343353,-0.24219266312866494,0.96910481011253069,-6.2942283719777281,-14.686284444038987,-0.057050228435535165,0.6374150646444161,0.407306309231516,0.3636363636363636,True,5
0.26502460434256508,0.95693048610480624,-0.11851583799764999,-0.95840501084800311,0.27492622753525908,0.076651187822949662,0.10593297066779986,0.093271722276633037,0.98998918759198828,5.3795015874004406,-10.795688302978757,1.2749131840684833,,0.08995022730945434,0.2647058823529412,False,5
-0.80090193606336613,-0.51949093055313911,-0.29780070833190758,0.57409485397285387,-0.80753636539987317,-0.13527792576266987,-0.17020924608210844,-0.27931020681277752,0.94499450840645838,-13.596046947658445,-6.5756782859242398,-2.1624177283078163,,0.7626078241164439,0.26,False,1
-0.94127763886054916,-0.28367137220079641,-0.18310368421969936,0.28782232849144485,-0.957675197047683,0.0040649946426999789,-0.17650697947354083,-0.048875040188214654,0.98308520314555048,-6.084491786754465,-10.567182001141319,-0.55453892639988511,,0.07741953757788074,0.2692307692307692,False,2
0.43829253010443631,-0.84344565692166962,-0.31064301356158958,0.89864452091680724,0.4182644103829255,0.1322607577221086,0.018376155225031728,-0.33712654423376065,0.94127998496310783,0.30871857989141122,-18.230199368087156,1.3328361328593761,,0.09126267602812824,0.2222222222222222,False,5
0.19690235576340753,0.97625797687999039,-0.090276380482424909,-0.97612141701200883,0.20382171310078351,0.075124486814410141,0.091741166034049554,0.073328520009945497,0.99307929522665139,-6.1714276900852383,-4.1374385776320208,-1.5443528007100973,0.3427293587112263,0.2977966489569683,0.8803986710963455,True,5
-0.88859073635896491,-0.41733982603923631,-0.19035223365795279,0.42456375196682994,-0.90539268567300557,0.003115324328183372,-0.17364366896860919,-0.078048410178309685,0.98171091564459934,10.606584302747867,6.3601358668465142,0.1500018790825669,,0.1180569202721374,0.5,True,5
0.69207151112242504,-0.6927570683505615,-0.20279217870287697,0.71962970227091627,0.68408839486686213,0.11897966052209911,0.05630377520377048,-0.22827770863318389,0.9719666520200102,0.68889729202828875,-17.025494412953531,1.2473171158693106,0.5952436484344281,0.2036891272226837,0.5686274509803921,True,6
-0.412240382145108,-0.88700931828038054,-0.20802003896891641,0.90535883875750556,-0.42436961512535298,0.015355873209305558,-0.10189818650258609,-0.18200246987921331,0.97800401867545994,-13.503014028246687,-13.515269625493218,-1.3470473932799596,0.1697655939755737,0.1978114326824768,0.2380952380952381,True,5
0.47242109458249743,-0.85038248529221072,-0.23166341554444533,0.88107500889650425,0.46248991760569103,0.099044963582740134,0.022915891680236451,-0.25090377602045832,0.96774074890291528,-20.014425322550331,16.345455695573836,-4.8090720613213866,0.4114335817825064,0.3419778179771886,0.8695652173913043,True,4
0.57656266940186873,0.80746931875248729,-0.12477494750784775,-0.8042547908593205,0.58779826595578188,0.087563861947765942,0.14404762973413593,0.049864795324666103,0.98831360536785429,6.7584431332367796,0.2476159926733858,0.11985095546578431,0.534385061357622,0.5136850108394341,0.9287925696594427,True,5
-0.5506818246535542,0.82262903482106198,-0.14153091204962748,-0.83370253841842157,-0.55039946672836648,0.044726999226523782,-0.041104810313536667,0.14262502618578904,0.98892289713333581,-12.414806819117421,-10.504064705199909,-1.5076522247250561,0.443566314952435,0.3883285960641617,0.898989898989899,True,5
0.85298490768749535,0.50374240681800198,-0.13660283609999738,-0.49108567667301084,0.86323916459466588,0.11684606487389898,0.17678123606301396,-0.032584233658490169,0.98371065984512063,-8.9044596269927467,-9.8222280862500391,-1.0800731428703922,0.1698284506861328,0.1410324606375515,0.6590909090909091,True,6
0.47690257043493295,-0.85759586008489674,-0.19259615540763095,0.87850781994437965,0.47207339194180042,0.073285216224943175,0.028070422318292702,-0.20414713660938205,0.97853768348748993,3.5116041349045086,-2.9618306459774608,-0.071772847052759853,0.3805095921425292,0.3548114730026248,0.9713375796178344,True,5
0.74998403877340314,-0.60545858794986396,-0.26635284842271068,0.65513760852403513,0.73545882047881583,0.17290181397925547,0.091206663586289566,-0.30417136889862906,0.94824106790403873,-1.3064952732665061,-19.538638337646645,1.2261597916207383,,0.09259301066907434,0.3076923076923077,False,5
-0.20994618683156521,-0.93227086389325253,-0.29460759489635491,0.97529425808108461,-0.22087488722991036,0.0039235628250376409,-0.068729242604244761,-0.2865053586355823,0.95561026087215273,1.737259710084075,-7.6365087107642431,0.29661220946991945,,0.1074515492233652,0.2816901408450704,False,7
-0.39527931171295683,-0.87022387600034623,-0.29404875679156817,0.91342356521397394,-0.40619357133648892,-0.025771556350037098,-0.097013691010731026,-0.27877802683110509,0.95544291065067388,-5.0972761755126674,2.6083475673828231,-2.1764327091449442,,0.3498354832408991,0.2005323868677906,False,3
0.32329714446308611,-0.88811028804500436,-0.32670946213820007,0.94602540503951738,0.31160929448076086,0.08908187589525704,0.022691174536147302,-0.33787536734988544,0.9409172900613253,-7.9917561420054906,21.512536888941298,-3.9652355193382691,,0.3455446688329121,0.3333333333333333,False,5
0.59233358317493434,0.80565218454881293,-0.0080922045740757786,-0.79182226606926998,0.58396244430411604,0.17890042649275179,0.14885706298348603,-0.099561142892634819,0.98383390550734873,-6.5612626480630079,-6.9053226213711403,-1.183598371861067,,0.0912068542742542,0.5882352941176471,True,5
-0.84218413821864968,0.5339850558879683,-0.07473846012083657,-0.5297643364094925,-0.84527857932018158,-0.069669729517676582,-0.10037741380171492,-0.019080970383588636,0.99476645066452662,-8.1289441396102617,-4.1178815847215375,-1.8259382429510187,,0.5476446445961074,0.2391304347826087,False,5
0.063855429504229178,0.99642330839362625,0.055345050480869823,-0.99561209964380459,0.059805916729218783,0.071970823025944472,0.068403444106890449,-0.059697929730245708,0.99587003470344337,-13.934363170590531,19.490189497426336,-4.3034110837572639,,0.08836605400256448,0.2121212121212121,False,3
0.044100678914863869,0.99859693903033642,-0.02931353746121787,-0.99655580029529078,0.046035224523412986,0.068973146955108255,0.070225828703263327,0.026170813176534996,0.9971877564032855,6.1778395496480485,-14.85605096525631,1.8501703044988504,0.4120114289450945,0.3512348303350083,0.9193548387096774,True,5
-0.19330729064087768,-0.94779016578518738,-0.25362589186826079,0.97610750975242888,-0.21192346398795744,0.04798515203953535,-0.099229132768535566,-0.23829025798851361,0.96611144913916236,-4.0537621447978029,4.7062939314861501,-2.2753541101320747,,0.1272457159282908,0.2760416666666667,True,5
-0.72809534979436508,-0.62401241627929038,-0.28369995759094285,0.66661034125057017,-0.74099854433890611,-0.080943253118591588,-0.1597116606438595,-0.24805173173534553,0.95549072409808167,4.2242009004183112,21.588079365512037,-2.070091860294458,,0.2650996818484943,0.3698630136986301,False,5
0.54247117031978642,0.8337472269849916,-0.10291059647439968,-0.82801971360294568,0.55133805931562607,0.10202792870079071,0.14180403117251586,0.029864792731819079,0.9894441423841509,-11.575947164619583,17.263529071650574,-3.9894461087916917,,0.1273964755879731,0.4,False,1
-0.98234350010191485,-0.055660552489675559,-0.17861453105518313,0.067118007296398927,-0.99601364104337509,-0.058753722878462672,-0.17463224474328742,-0.069704589175051707,0.98216335165992474,4.382377502084827,-10.672897647161754,1.1145580284395256,0.6045552957475594,0.2185545721014574,0.1818181818181818,True,4
0.020391914850473061,0.99001733068351516,-0.13946273608035326,-0.99743247046811223,0.029722802631363645,0.065153832271134637,0.068648646487816489,0.13777604998701409,0.98808153681028077,5.0788391375882558,-24.3567791701985,2.6026207538997208,0.3573642200980007,0.3292962792046058,0.8596491228070176,True,5
0.43309705650608382,0.90061516146450193,0.036321764632757381,-0.88273274472755037,0.41566090692371366,0.21910936045984769,0.18223567442060762,-0.12695803005571241,0.97502400871611439,-11.087647471409372,11.690022606482824,-3.5557807147720824,,0.3957022710325776,0.2575757575757576,False,5
0.52174092645183678,0.8414760002389774,-0.14037288444351043,-0.84125255275321376,0.53481191788636173,0.079185573009941571,0.14170585080151163,0.076774693151608564,0.9869270987971176,12.357472604456087,-5.6254748484103994,1.7841802456053901,,0.09312639557029176,0.3529411764705883,False,5
0.98338493792582637,-0.060721533522583748,-0.17107588733449872,0.093609747044933703,0.97705861474897804,0.19129474274792008,0.15553545936153557,-0.20413073926157008,0.96650885260804631,22.990642609207288,-2.0488643103225708,3.3307314899774036,0.5021880097445407,0.3481598946517187,0.8604651162790697,True,5
-0.83319076245325296,-0.5194706221182428,-0.18958751572467036,0.53142826342590943,-0.84697428178618628,-0.014784005712117951,-0.15289589332185641,-0.11307006124018668,0.98175251823280352,7.4185081781608986,-18.616295774866025,2.4072006328109996,0.3595788424727844,0.3610324031279775,0.4736842105263158,True,3
-0.91618593707857399,-0.34580480170817268,-0.20253979316426851,0.35588254254081564,-0.93441886797750517,-0.014456662212306112,-0.18425782103926538,-0.085325367173000904,0.97916731823659875,0.34425783599596405,5.4658892207769112,-1.5828566527414036,0.536581196836744,0.3979362108024744,0.8213350785340314,True,4
-0.9748158266820266,-0.12884611726340284,-0.18202412509439747,0.1393515702846716,-0.98916926571963582,-0.04610101533449254,-0.17411273333513441,-0.070305347035771903,0.98221276425667914,2.8818998057391134,-20.452028147015685,1.9291934029578059,,0.1662554801155196,0.8518518518518519,False,5
0.80918502904627521,-0.54296790451442878,-0.22451156637150793,0.57890872818094441,0.80208590605497199,0.14670679515242394,0.10042048199097275,-0.2486846476467415,0.96336476623422118,-8.4825938220920545,-5.9165260350410733,-1.6113144620648601,,0.08617097815286083,0.2678571428571428,False,5
-0.56853869534231249,0.82263753511260063,0.0055890716873453761,-0.82103856915962947,-0.56698154301983594,-0.066540197077812988,-0.051569563220659198,-0.042419520255548904,0.99776809151752266,7.5071968352969751,-20.310334954474747,2.6175266752111948,,0.1875331979239903,0.4583333333333333,False,4
0.97369962587168346,0.10723873648734669,-0.201019630817344,-0.070425566312354637,0.98075819092951311,0.18208132944992819,0.21667782116988346,-0.16313560102340185,0.9625162323263986,5.0296681865131125,-17.43730653971145,1.9907199404001044,,0.167793497170854,0.3125,False,3
-0.9860658361823128,-0.098607319402247845,-0.13398045855414648,0.12025327910210246,-0.97902022798321942,-0.16449480862591742,-0.11494918694478923,-0.17831430049210426,0.97723625324726038,-15.411469595901359,1.8251307219756341,-3.1892669697170271,,0.3174814585354838,0.2413793103448276,False,2
0.83281821382140075,-0.4803760244343428,-0.27505035516426252,0.5446572807897202,0.79981684172050538,0.2522726029179222,0.098804196318168697,-0.35990539708219349,0.92774233273093054,-3.4206430593361827,14.1933537033629,-2.8665887788201467,,0.6521768403041137,0.1917808219178082,False,3
0.95628717234663652,-0.23124184467113573,-0.17900294209415982,0.25288658803516656,0.96132160398765354,0.10912903966652419,0.14684419497279008,-0.14962614403805283,0.97777747950292748,-8.3780486302712767,5.4567882243819419,-2.8209357794107373,0.2093904336801178,0.1569447239653737,0.7211703958691911,True,3
0.081469871489982831,-0.96235827017418196,-0.2592859808527278,0.99559859981323129,0.066487768802163991,0.066051530259659236,-0.046325890054464844,-0.26352596917014731,0.96353929628406709,8.7575426419436369,-4.5394709260284367,1.0307446782435781,,0.8681582208423029,0.4384236453201971,False,1
-0.62447928901020811,-0.75259410827166051,-0.20887251085791325,0.78042500040988072,-0.61188181911706296,-0.12859804885468351,-0.031023158004022486,-0.24331614748877256,0.96945078061688073,-11.439385526109447,2.0862390499420744,-2.8437488892355485,,0.4898413150496572,0.825,False,2
-0.98450759124833298,-0.055156852556312863,-0.16644075339437564,0.073365426142944723,-0.99172928109753078,-0.10531166725790446,-0.15925550860573173,-0.11589113266275655,0.980411611696268,0.35428497205457304,25.075627079327589,-2.9532897770100428,,0.1778013745722688,0.35,False,2
0.61368750049786158,-0.70302038902052466,-0.35937443475310843,0.78782670732058824,0.57528776511308355,0.21993877908089116,0.052122269377746076,-0.41809845722344269,0.90690514890052842,1.9057857296571228,-13.170357378338782,1.0318333296945941,0.7381176888072659,0.7220683130797558,0.672316384180791,True,4
-0.84007635736523778,-0.49831209791786246,-0.21437529443630343,0.51407033511013245,-0.85748380753976683,-0.021288738028838156,-0.17321490800652586,-0.12808814494637302,0.97651934070375046,-15.622739192852057,30.426618320595519,-5.131289559040412,,0.2470122593650338,0.5789473684210527,False,1
-0.62675186509670699,0.77392179078737977,-0.090703700818950947,-0.77628341414577484,-0.63024058440026265,-0.013448668967400476,-0.067573371382359457,0.061982800189005739,0.99578711176674228,0.10853846335461584,-23.790714437806884,1.8150386729998227,,0.2666529184384891,0.3,False,2
0.36342947304168643,0.92607014887592631,-0.10155342183089527,-0.92376354301798425,0.37234495241598248,0.089555306940474963,0.12074740045029966,0.061264310746644346,0.99079097165508923,-0.14443060397242402,-21.922637297291043,1.6242244885714727,,0.1010543480319052,0.15,False,4
-0.62576600723175102,0.76924231796596421,-0.12916330920033972,-0.77859130913254015,-0.62598950690666044,0.043962604404582495,-0.047036980520751399,0.12807573342794812,0.99064833769122307,-8.8060993406496682,-13.078322227401914,-0.66032125616092874,,0.08706951759434586,0.2727272727272727,False,2
0.71692339651213088,0.68504106783681273,-0.12938152461038999,-0.67800375582474637,0.72831723814363758,0.099322241770717273,0.16227060923361059,0.016514720700714636,0.9866080849958252,8.0032668208170659,1.3120097196978611,0.19888421895156549,,0.08543878732614898,0.24,False,1
0.50770226911677463,0.86031824754361241,0.045726566426578102,-0.85052513159149856,0.49205186186734468,0.18572012751487779,0.13727857249017741,-0.1331821240871531,0.98153813749578356,3.5708622536933285,24.453498188025339,-2.2332739434002304,,0.5638226090911289,0.15625,False,1
-0.40001384097836068,-0.84862390322942083,-0.34615949776569954,0.90518374222591358,-0.42500065622280092,-0.0041030500947189658,-0.14363606732165124,-0.31497922642271381,0.93816670538157498,-11.39524988641084,-5.7157439855575261,-1.9912050579698821,,0.4863975946602533,0.4831460674157304,False,5
0.16731204766531196,-0.90125344798201878,-0.39968600326576426,0.98144537687408084,0.11374332234878841,0.15436135796743605,-0.093657092195581743,-0.41809649498839341,0.90356165808420974,-10.156014218212629,-12.89890444488544,-0.8623181468206953,,0.1371372262242888,0.1538461538461539,False,3
-0.88308196243290937,-0.42600496878905536,-0.19668760558987525,0.43749015880106995,-0.89906340178345356,-0.016951711588499313,-0.16961311440409563,-0.10101864253988539,0.98031965464410775,0.80777309314654855,15.444215717614085,-2.4354033633531609,,0.1636472365156798,0.2432432432432433,False,4
-0.24240204955419281,-0.88787168012825479,-0.39105642303657129,0.96508114042160287,-0.26192736323311488,-0.0035282846097529769,-0.099295713776910516,-0.37825644213414134,0.92035994328825277,-1.7551131682485008,-14.862572478913371,0.62672911676675547,,0.7236263033398638,0.3389830508474576,False,1
0.98602657656007431,0.038270887855968001,-0.16213244419280776,0.007795411314861337,0.96158731587526003,0.27438853020897847,0.16640559449624923,-0.27181827217927645,0.94785231182385188,-12.551224132286618,20.284198803554265,-4.2910607171951822,,0.1537049727632905,0.2173913043478261,False,1
0.53139652341681975,0.83578019390462055,-0.13816367966029433,-0.83331356245116261,0.54506376205381801,0.09216290973429217,0.15233594958337934,0.066158618278300052,0.98611195900467419,12.047974104509757,9.5844953193913263,0.17313850342009671,,0.09123613042992351,0.5454545454545454,False,4
0.98203869920793918,-0.087203812334962091,-0.16731852369725775,0.12136030054732416,0.97094271477301608,0.20625693219931096,0.1444703108221348,-0.22285811572266495,0.96408640149495994,17.549322644234799,-2.8280694541270743,2.4674427537290327,,0.4381264519953727,0.5333333333333333,False,3
0.60167547960041989,-0.72736787320236351,-0.33003423198310111,0.7987401223573074,0.54838390340004728,0.24756678175466362,0.00091333687008639253,-0.41256644498165185,0.91092705212380409,-5.647173930396777,30.849915298826438,-4.0120284779063926,,0.4141784025007486,0.1333333333333333,False,4
0.36363167860582152,0.93091328795781847,-0.034241095453785633,-0.92497771464655687,0.36518120833730278,0.10516136402947313,0.11040031576741229,-0.006567753106677926,0.99386550141233121,16.128845678671777,-0.18786293384690161,1.855245337394331,,0.4070147907768989,0.7407407407407407,False,4
-0.98329908606162886,0.019835377183413772,-0.1809128662156391,-0.012964604989736637,-0.99915189121140346,-0.039082186557774984,-0.18153464233535729,-0.036084014475503377,0.98272229929492605,-11.914038340756878,3.9647282831165476,-3.0233731358411662,0.3566209163250126,0.2956273507814802,0.6785714285714286,True,3
-0.60556518492101852,-0.76730662692438834,-0.21102451774495445,0.78190890257240631,-0.62301966844221479,0.02156294998762278,-0.14801781950018184,-0.15194417728913107,0.97724290332462427,-0.013547863422887645,-28.176902454351048,2.1665574169513739,,0.2280173626219245,0.72,True,2
-0.6057667947605192,0.7859770025388465,-0.12363956424064276,-0.79376707342198516,-0.60766031201362147,0.026130027833963759,-0.054593255230501778,0.11396971827444796,0.99198310459391348,-7.7989468326166911,12.601993180116144,-3.3109229257774349,0.7405798909188804,0.9074260200606261,0.5580110497237569,True,1
0.91347054560317764,-0.29669696958420089,-0.27846448706250554,0.38512406144491412,0.85130706524381383,0.35630848707564988,0.13134313690332899,-0.43272068231772354,0.89190907130877228,-11.021030747169148,24.100492599812153,-4.3889571280077506,,0.1550613015458311,0.4,False,1
-0.84826698725935279,-0.45395726192873898,-0.27270116000505351,0.50303571447969653,-0.8516737590554827,-0.14699278245615754,-0.16552398099321072,-0.26186754758553848,0.95080344931941263,-15.72569487151938,6.0774688085288791,-3.5542292859195843,,0.4391427141813344,0.3488372093023256,False,2
