axis_00,axis_01,axis_02,axis_10,axis_11,axis_12,axis_20,axis_21,axis_22,location_x,location_y,location_z,dbh,dbh_approximation,score,reconstructed,number_clusters
-0.92194729151715316,0.095842710952983037,-0.37526972489313271,-0.10204892012959853,-0.99477373243906031,-0.0033524841003402008,-0.37362977606792452,0.035205056546512764,0.92690959344964607,4.2059384824675012,7.0508751739903612,-1.7725907175285991,,0.08156665394309333,0.2682926829268293,False,5
0.61666500030702409,0.71824662703180098,-0.32225154794629041,-0.74457982392238653,0.66505554237354081,0.057463130492036212,0.25558787765472635,0.2045064994460512,0.94490842333015312,-2.7627178472005021,-18.381738216621518,-4.0996352195358554,0.1270140499632837,0.1508502354488453,0.3571428571428572,True,5
0.91794195850464333,-0.08146711533405443,-0.38825979696049734,0.16215444125301642,0.97024825109674651,0.17978951144498459,0.36206145610735874,-0.22799438669154121,0.90384183441494126,1.2946529400488571,-19.117614179563528,-2.3387976326509001,,0.1727513041615944,0.3,False,1
0.72895836426236671,0.60644513533977973,-0.31755944482041581,-0.61043223969123495,0.78580553435498157,0.099408968019110117,0.30982605429091514,0.12138352441661113,0.94301317916703831,-6.4690448798562947,-8.3781467835600569,-5.9893775396240878,,0.07363264796626974,0.4693877551020408,False,3
0.52944267079159213,0.78102349438195595,-0.33119897277688587,-0.81493903481743279,0.57671181514781211,0.057252526579587654,0.23572192913663403,0.2395950406254572,0.94182237637029453,-18.120112051382385,-0.19512774139167471,-11.369513698112382,,0.09456866313420452,0.4464285714285715,False,3
0.91686578674776187,0.18013597955260852,-0.35624171283277645,-0.15001575130944098,0.98246748224554969,0.11069291164819416,0.36993567474693773,-0.048048675327350909,0.92781405537360484,4.7901188251303424,6.3797689987665231,-1.5249944182786102,,0.1020858493729618,0.3103448275862069,False,5
0.91076581953126845,0.21878127039030118,-0.35020048215264321,-0.18393636237905894,0.97426470212631866,0.13029084689829856,0.36969316543357594,-0.054249847162202117,0.92756882090472448,-19.452249045990882,17.870420259373887,-12.609043561505436,,0.3718162596626937,0.4285714285714285,False,1
0.60551338499589269,-0.67451886608734057,-0.42234800802545042,0.76726047590155055,0.63571395772331774,0.084729723681147978,0.21134072657711683,-0.37535591542961727,0.90246497662892822,-30.599888925520069,4.338489776053172,-17.237759458103987,0.5400853177999099,0.5899537205632098,0.8771929824561403,True,3
0.88906596208034305,-0.23272700169027163,-0.39420788646906785,0.29806024166890183,0.94787945892784187,0.11262603464091772,0.34745043877714277,-0.21762967175207898,0.9120940294545582,2.5230942024812366,21.575064392447228,-2.8496938125933271,,0.1938293355798092,0.2142857142857143,False,5
0.93860297371631163,0.10251264990701438,-0.32941708264742309,-0.064576511129768463,0.9901617143419893,0.12413562607744821,0.33890165526477473,-0.095241461876511752,0.93598863881909433,-2.460749949782401,-11.491148089244092,-4.1869191660216405,,0.1653465029058588,0.3614457831325301,False,3
-0.49555610959306767,0.8094931314296282,-0.31487300997900358,-0.85131733535184495,-0.52457754814615265,-0.0087858130190104494,-0.17228736684509877,0.26370298851022728,0.94909314457346949,-30.748635866880246,-2.0868546416955538,-17.470356929128762,,0.1056928700443846,0.2222222222222222,False,1
-0.66738134696568474,0.66338045126947798,-0.33842061786447564,-0.6971672965776623,-0.71631020311995663,-0.029282306754109574,-0.26183945139123604,0.21639332193889849,0.9405392240174707,2.9177467512187301,19.186658161290271,-2.6233710135983586,,0.1336516698994264,0.2,False,7
-0.66150517782797835,-0.63667416045237168,-0.39630406649319633,0.6961361197152891,-0.71785682491742375,-0.0087224851514228,-0.27893619796382901,-0.28165154416715737,0.91807788620233099,-8.5673081254620449,-24.031810412229177,-6.510336152483009,,0.155230668579485,0.25,False,3
0.13967532869935534,0.92963709597618838,-0.34097752468115244,-0.98588685032863677,0.16265783193079425,0.039617522141771694,0.092292583135414136,0.33063166741335037,0.93923627464108317,1.1414157296083842,-3.2869403070121526,-2.9010548028709322,,0.2470496337409638,0.8138639281129654,True,5
-0.2646197822623168,-0.78930108230044227,-0.55405791422449258,0.95489012031493747,-0.2947490601530614,-0.036164204177774897,-0.13476360398998283,-0.5386341922104817,0.83169223756230504,-21.128527237930719,-0.87228201405991856,-12.713398921545526,,0.0943716722290848,0.2631578947368421,False,1
-0.20502497758513086,-0.88464846143961084,-0.41876229323895281,0.97278693359370716,-0.23136456333527936,0.012490823112527669,-0.10793674256512241,-0.40480555641592386,0.90800997852403864,-9.4293960565229558,-10.382902942401971,-7.2450765552180254,,0.08226533407471678,0.3220338983050847,False,2
0.89387273774836862,0.30529462637027543,-0.32830887867931563,-0.24588160665809417,0.94618730960601738,0.21040867531487531,0.37487833255266945,-0.10735346407992778,0.92083737409630007,12.399324748079527,-6.7551913236759251,2.1002524764947941,,0.2941959589564808,0.3714285714285714,True,5
0.83916437036512204,0.47334111434844883,-0.26786442275352207,-0.43050925991797595,0.87906817798842085,0.20469713132576015,0.33236265830352463,-0.056456424926553589,0.94146042691656862,6.236427647882719,8.947863820777771,-0.95521016682118176,,0.4854288093842926,0.36,False,4
0.32471235823796496,-0.84659418688637988,-0.42171099954557578,0.94088796303000088,0.33457714328695137,0.052801289900895526,0.096393596430442915,-0.41392803471150863,0.9051916132217932,-8.4689367088107623,14.39443523948016,-7.5779258843080388,,0.09213334557968507,0.3214285714285715,False,5
0.35198012894912389,0.88919441279785705,-0.29230683377921657,-0.9195253997629117,0.38683562332245136,0.069507119920096519,0.17488003892901596,0.24431843315190743,0.95379530047404881,10.691910624017478,12.874412692748651,0.75638441316995531,,0.1641215970462817,0.2142857142857143,True,5
-0.34861903933546151,-0.81942916633557539,-0.45497319346463011,0.91907395057801111,-0.39404719430763191,0.0054664455738204845,-0.18376027530929537,-0.41624830332010621,0.89048835545524385,4.0610379509373402,-19.89586338733438,-1.0949869604633291,,0.3800722664039492,0.3469387755102041,True,5
0.086100267344017462,0.98040582920426689,-0.17717548934766009,-0.9959362227259394,0.079982903411354375,-0.041397770764601716,-0.026415605722324136,0.18001984675080701,0.98330822764285797,-7.9852320134728751,-7.7191099490704138,-6.6182586120014344,,0.2449279248368928,0.136,False,2
-0.33109831734162809,-0.80498882478567246,-0.49230772513106652,0.93058137252843121,-0.36492188243279478,-0.029160398227863572,-0.15618006709130555,-0.46778735734507465,0.86993262667373716,0.066784664465836752,-15.610032313404679,-3.0207706950944231,,0.1346010768498606,0.2352941176470588,False,3
-0.68254757737677763,-0.57821185906705264,-0.4469897657120544,0.67490375635576649,-0.73334205469970171,-0.08194114025139218,-0.28041705417818436,-0.35760379869772757,0.89077819847759332,-21.813692357364985,-1.3673326260349881,-13.089129999705543,,0.1758452476086311,0.2941176470588235,False,3
0.37224043973619964,-0.83476435299608609,-0.40571607066029153,0.92106043215995081,0.38611431831236459,0.050630163968751564,0.11438852798390904,-0.3925356138762493,0.91259577935933411,2.6458885038106024,10.247567324641581,-2.5353798496518447,,0.1240834593595991,0.3392857142857143,False,5
0.034491866424390422,0.97256606157986469,-0.23005557375032687,-0.99926911620500891,0.03735653920609458,0.0081069339088798136,0.016478608843632166,0.22960780657802912,0.97314372556627216,-1.6345938896779064,13.250880315572292,-4.4738314230905472,0.7246315884175488,0.2876671132357008,0.3793103448275862,True,5
-0.93221512793087946,-0.0079942692650075906,-0.3618163165416014,0.051331462056060116,-0.99256921639007423,-0.11032421165809894,-0.35824577633239585,-0.12141845960854672,0.92569839656676856,9.4309100564681252,20.90314402663331,0.0021227690433170132,,0.1986317387322669,0.5454545454545454,False,6
-0.92866752315775281,0.12353904638252855,-0.34973523621582658,-0.10117577156608215,-0.99151784969222523,-0.081583190607585385,-0.356847438942824,-0.040378927184870857,0.93328958397667006,-6.2354228772821774,6.0013129188156089,-6.2852728564551628,,0.2358273900623091,0.2843137254901961,False,6
-0.51895657224332381,-0.73213421157960079,-0.44120694958282047,0.81510704600522277,-0.57930477053656393,0.0025468384754581894,-0.25745791826646308,-0.35830919478614659,0.89740177248187092,9.1020055130083328,6.4624065375704669,0.3092008650954034,,0.2366558287378695,0.3684210526315789,False,7
0.76324631382729624,0.55460077636325411,-0.33147102933185862,-0.56147503777482155,0.82317418134358478,0.084439618219671497,0.3196886710298143,0.1216644813682157,0.93967915140679581,-21.320408905702298,2.7749555774150552,-12.906310014706859,0.2561787472802439,0.1826094323976179,0.8369565217391305,True,3
0.91368361519744401,-0.12272447478774151,-0.38745445488186642,0.19067215599642418,0.97133314945544758,0.14197197503957706,0.35892391985963623,-0.20359424367362661,0.91089132375687876,-5.627350282778858,-7.3480524336320192,-5.6236533002722924,,0.07570751656688551,0.2644628099173554,False,4
0.63512889927063354,0.70271978501357124,-0.32061844154969688,-0.7257754602391806,0.68498529587235424,0.063601303078410457,0.26431281207289531,0.19230197136053095,0.94507073237137895,-24.826020191585478,1.7403613845847239,-14.378927703784386,,0.09427070764066511,0.2068965517241379,False,2
0.80590340955921524,0.5455748835607821,-0.2299298608020954,-0.49490941948110651,0.83394722760821627,0.24412432913055696,0.32493747240000803,-0.082946175271735145,0.94209106302845536,13.064166673508909,2.287235941311883,2.1438263994321893,,0.5416117103986859,0.1428571428571428,False,4
-0.79472469288068337,0.5367012655896819,-0.28348617962810296,-0.5348229785582258,-0.8400428331498021,-0.091062726072531866,-0.28701401382477981,0.079245125957923573,0.95464295204023863,-0.44786881720376304,14.420020301124415,-3.9948802836680239,,0.2780633006837924,0.3225806451612903,False,2
-0.5872541284014795,-0.68534864347489688,-0.43061563552957455,0.76716444116014504,-0.64091640729677413,-0.026170194444057732,-0.25805291878772252,-0.34572155811420885,0.90215591521655636,-8.6236346063827423,-9.2883761882127445,-6.9509574390518498,,0.08609928181633476,0.2021276595744681,False,1
-0.48456727415482925,0.80527989306318815,-0.34164140651609731,-0.85976984130137413,-0.51041996421471458,0.01634870391371027,-0.16121531194885694,0.30165502475375433,0.93968817659585513,6.5329218215521507,-6.9756939567596792,-0.3303028704763924,,0.1305088435539833,0.4266666666666667,True,5
-0.90382828702122209,0.23514297314021101,-0.35749434927431223,-0.24523224887207618,-0.96930531891778526,-0.017559693358177111,-0.35065021273831576,0.071798195663059894,0.93375020610766213,-20.071927377749862,-0.4690542189007807,-12.242120191144107,0.5920304413016471,0.451333862609812,0.9537037037037037,True,5
-0.54852729529146527,-0.72751764805923935,-0.41211148744312276,0.80058861411213633,-0.5991626955900281,-0.0078698899166921889,-0.24119634589736033,-0.33424861402202533,0.91109943845340857,4.7051342374961438,-10.891799363374052,-1.0616137492947193,,0.09160658765769789,0.2727272727272727,False,5
-0.92660799660663207,0.07565793693795661,-0.36833883477436052,-0.082829147940504277,-0.99655699555582655,0.0036724460774586395,-0.36679279283553479,0.033912109740238353,0.92968436360781714,-17.745468233945111,-1.1040948163526212,-11.118144037808998,0.1304181458898063,0.1008781493210705,0.6428571428571429,True,4
0.2777016807178771,0.89968105137266352,-0.33683197937168241,-0.95054920847607671,0.30808737231857702,0.039222101975020907,0.13906106137941934,0.30928332774143158,0.94074749236403277,-8.873226686073993,8.8268363835590673,-7.4846776211827857,0.4381274002511807,0.4397844674511771,0.9458823529411765,True,6
-0.63246178507445094,0.74448216614865947,-0.21386536584271182,-0.74240654681762974,-0.66138084785010254,-0.10680774007252743,-0.22096291467746337,0.09122323379313807,0.97100654578306556,-5.1548147095766446,-24.597766120425884,-5.0334714333129131,,0.1265308626642992,0.2105263157894737,False,3
-0.37805339036390556,-0.80906305483478336,-0.44999178585365845,0.90837293926996743,-0.41799971617536497,-0.011612083333946616,-0.17870153115291584,-0.41315034863681621,0.89295719504625781,-12.483844433043453,-18.747829651234706,-8.3550098367737107,,0.1457758079315611,0.7777777777777778,False,1
-0.77132441143054165,0.55103142247903825,-0.31846981610830405,-0.5723284229319171,-0.8194143768141573,-0.031626814169802883,-0.27838611430097193,0.15787479377973698,0.94740525692726241,-1.9801827747232734,16.841575186420748,-4.7747847165380879,0.1691154135467491,0.1573069466129492,0.2631578947368421,True,5
-0.87115168790765118,0.33191285582712055,-0.3618405626686087,-0.35953962704128728,-0.93307932300625307,0.0097073974475327604,-0.33440393724156758,0.13855263662188971,0.93218945158291733,-11.112464013650444,11.474361099381468,-8.5469058654049679,,0.0995357259029133,0.5813953488372093,True,5
0.171441389042124,0.97048626965084439,-0.16960026692931809,-0.9796804094387741,0.18612452699785745,0.07472587110030933,0.10408720135147867,0.15334295180742,0.98267583344956855,-20.788982004146341,-3.4884204914225379,-12.551122681062502,0.4528496276674421,0.2953854658026415,0.4038461538461539,True,3
0.75457609104191947,-0.53772585348174873,-0.37611943492090633,0.59198359798034805,0.80511884204954209,0.036593304019264999,0.28314367828037174,-0.250268968659979,0.92584831412911905,3.4555043284817746,-4.7031265507276903,-1.7787492282308397,,0.2725835867874423,0.9595505617977528,True,5
0.85002213870251431,0.40008890194755509,-0.34262404214240721,-0.39182552836700707,0.91498018945139037,0.096353558478202955,0.35204420040034484,0.052346188494448595,0.93451846290727947,4.4784665645630426,-9.2021879019698183,-1.2207524139361394,,0.1035293054483933,0.25,True,5
0.88577725612860947,-0.22415796892561521,-0.40638880089443385,0.31078194105800661,0.93680421834273042,0.16066250840654872,0.34469296139824296,-0.26860949622530017,0.89946411873965304,-14.635501864229914,12.17583982872069,-10.141776028678269,,0.4355725286580089,0.1739130434782609,False,1
0.44611993526504246,-0.78215881570594115,-0.43497654002554537,0.88152105207370135,0.46797524898905229,0.06260831481928282,0.15458860925045595,-0.41137179454492878,0.89826254989445908,8.8392420051774767,-15.73241148182581,0.84983790653037061,,0.1322234111978982,0.4193548387096774,False,5
0.75389658246654556,0.55254492947556444,-0.35543500651470133,-0.57444681175713219,0.81691911228839997,0.051517224692307739,0.3188272312825996,0.16533984664555385,0.93328019999563661,-9.8842104134836415,0.53551136561658097,-7.73412273909027,0.5180772631284618,0.4266705917013558,0.9919246298788694,True,1
-0.87060963862130292,-0.22658056478252131,-0.43669223121383516,0.33564267292579364,-0.92252708146406504,-0.1904935171511678,-0.3596982808562097,-0.3124180398572195,0.87921107540843646,-18.457607881067915,-3.8058802341888125,-11.482739133119408,,0.07965953154728266,0.28,False,3
-0.605965648284437,-0.62750368448192451,-0.48892203781465132,0.7578756744647096,-0.64216043092829578,-0.11512794189356093,-0.2417231787683666,-0.44030569711462358,0.86469693993590691,3.4842094915176505,-8.3426427292380314,-1.7146169864770744,,0.4381162839136372,0.575,True,4
-0.9256514125100036,-0.049920997297877759,-0.37506980223289205,0.070951731099265683,-0.9965755162802552,-0.042462833216357493,-0.37166559481912365,-0.065917633297380915,0.92602351549419015,8.1038648333854173,-21.87726260748499,0.75021734248180705,,0.2378105934209157,0.3571428571428572,True,5
-0.4034096701692747,-0.74534693748954739,-0.53077168423802557,0.89507481599054639,-0.4418937604639776,-0.059757662625765526,-0.19000450466609206,-0.49918718657228978,0.84540548908120738,-13.330914020042549,11.595807577423139,-9.6066112230350651,,0.5274425011560878,0.2448979591836735,False,2
0.92702836494553664,0.11265014756258476,-0.35767073523079279,0.0026654768332489928,0.95180736922153508,0.30668489876228733,0.37498174064834067,-0.28525896331177891,0.88205216287396093,6.8631472237033329,10.655906441187357,-0.72406046735298268,,0.3778579020813281,0.6111111111111112,False,3
-0.32529425468470186,0.8921900594944131,-0.3133377500533247,-0.93949680638589472,-0.34255765777496194,-4.3479148459861505e-05,-0.10737503741479451,0.29436567197804775,0.9496417495566859,-7.1983473772069493,9.5412037522456359,-6.8254805025578449,,0.1004637456307265,0.2222222222222222,False,5
0.92103642168428868,-0.077515539233123834,-0.38168475357079651,0.11929972009287169,0.98903759848213513,0.087018420891519052,0.37075529223028514,-0.12568201926325479,0.92018723275056724,9.0372734257341705,-16.764787517693335,0.94346914207438526,,0.09216477508471761,0.5789473684210527,False,4
0.16521301503389163,0.93005862793489635,-0.32817009045199208,-0.98184934246900768,0.18652850891657408,0.034336337232386036,0.093147884337690209,0.31654077772890027,0.94399438964338911,1.3955150612136245,-20.921434680181168,-2.2555094991118136,,0.08855334832392535,0.3529411764705883,False,2
-0.7309932809252413,0.60066711840933362,-0.32380215580501992,-0.62685620004380105,-0.7785887687907399,-0.02916905174264663,-0.2696296120770062,0.18165500811909027,0.94567506592722206,11.43417149904317,19.134183868410755,1.029958657565831,,0.155531008006799,0.5,False,5
0.92453680393212656,0.10892083450915564,-0.36519576939608367,-0.094331050164301725,0.99387228945420014,0.057615321139143472,0.36923346428766235,-0.018818184420814059,0.92914612671271224,4.4322369537854138,17.690462622538828,-1.9581985450364328,0.4876488419758065,0.3855731217927978,0.8488372093023255,True,5
0.2951304241347586,-0.86339309265506015,-0.40920703843600753,0.95141984937906954,0.30489550067868426,0.042883608446620126,0.087739973544252101,-0.4019839564229214,0.91143326460088592,-1.6118670189423523,14.405334729494587,-4.4556014550898295,,0.07485997143226045,0.4,False,2
-0.66491848695920186,-0.54753106603115831,-0.5080286777640286,0.67222333277887414,-0.73515992976137057,-0.087496677313584709,-0.32557517805807429,-0.39968688920708662,0.85688458617739938,-7.0497970700427812,-18.932964534039716,-5.9143057620514474,,0.452356126815002,0.3513513513513514,True,5
-0.89387193950921751,-0.19053938239309368,-0.40581732283786059,0.25600623764771357,-0.96003168114246407,-0.1131369855009242,-0.36804043533760294,-0.20502174265192563,0.9069246512232837,-34.765014543735859,-4.8748505546971526,-19.346932194718104,,0.2017670809627502,0.5,False,3
0.70918373581722249,0.61054291762103363,-0.35255605879792207,-0.63706958947434045,0.76915094701033715,0.050489195676872156,0.30199464733555059,0.18879662723655266,0.934427667893443,-0.74744327108344333,-5.6279403239135632,-3.5864810406169911,,0.07488365794526189,0.3272727272727273,False,5
0.83907312162005676,-0.38326120007312653,-0.38609215103816713,0.4419814430777963,0.89404525085399911,0.073044461804283117,0.31718874593787322,-0.23193521066003658,0.91956367778770087,-5.4291259898898305,-14.356184701201069,-5.4112444334574503,0.09696909428699607,0.1258088735126806,0.2653061224489796,True,5
0.85860762675537716,-0.33800343474831412,-0.38541746376603409,0.39174971815085607,0.91755265705505318,0.068038811423613246,0.33064346599656996,-0.2094058252044467,0.92023045959380245,6.1088847353682496,-5.8916029449457499,-0.60745796769863913,,0.09183309301260206,0.3380281690140845,False,4
-0.30878692254656631,-0.80362289776067841,-0.50876406580943734,0.9415770602547967,-0.33390378032942769,-0.044055704325896755,-0.13447407209627626,-0.4926443988075434,0.85977800638152968,-0.25688473576519355,-17.875276035736597,-3.0688408139801107,,0.2394178731043775,0.2222222222222222,False,3
-0.93159078773670301,0.061353190503475701,-0.35829372059687725,-0.06834118910404309,-0.99763842593459018,0.0068595167904468256,-0.35702673019811043,0.030876481564407858,0.93358371708714383,-8.098791837927747,-11.247772257490217,-6.617904578384854,,0.1339760442494148,0.3095238095238095,True,2
-0.26804192292322931,0.94495376082069971,-0.18765904578898412,-0.96054162883021277,-0.2771383258723758,-0.023539915396140507,-0.074251645367750696,0.17394464131864282,0.98195211437050678,-5.8477076923064741,15.498440665189161,-6.3541136877789084,,0.1081943209546332,0.2413793103448276,False,5
-0.33162690647435483,-0.8516782141766116,-0.40579282201535577,0.92973889660810694,-0.36800529682779193,0.012557294319534215,-0.16002868191729944,-0.37311703392317186,0.91387882126690367,-5.7888874531272236,11.47502443832216,-6.1576817015702208,,0.1758598797615556,0.1,False,2
0.59877414533215967,0.75533117378153392,-0.26635378877641502,-0.76112901041793435,0.64015639857287088,0.10431881357850395,0.24930333407709759,0.14026618722992679,0.95821356927254031,0.84614343733965613,9.8068859910546422,-3.278599077774432,,0.1529773970036678,0.2727272727272727,False,5
0.29472900068227786,0.9342479969482187,-0.20078719171069331,-0.94283606502560169,0.31850915756723075,0.098041170091203625,0.1555473260582296,0.16041382965334966,0.97471659091865281,-27.801409220355961,-3.2306748084979247,-15.858783038134757,,0.4801965272051293,0.4626865671641791,False,2
-0.08458663668772945,-0.88449158062338074,-0.45882430700673793,0.99404223622889154,-0.1066730682357247,0.022380551964653512,-0.068739606391978847,-0.45419764455524392,0.88824510479571217,-23.624900003256084,-1.1002006110070293,-13.93518401859561,,0.08863777123075244,0.4375,False,3
0.92906871993354911,0.086003780998366211,-0.35977029240200215,-0.033949932945146866,0.98831642449252144,0.14858683364059835,0.36834591852504228,-0.12583320202674605,0.92113369799049227,-5.3304866937909754,24.430132569125785,-6.4174229644101084,0.4109254201875309,0.3146749510491383,0.8275862068965517,True,5
0.92234175440016863,0.11982824486491205,-0.3673239439821645,-0.099029711853355018,0.9922517426835632,0.075030629156844011,0.37346861214867727,-0.032827897800880308,0.92706176971424847,0.9523332651060521,14.552864019998166,-3.3331330772540904,,0.07446890665457764,0.5333333333333333,False,4
0.50069497344096492,0.82302130735972034,-0.2682172089983213,-0.83751272242498653,0.53891644892556934,0.090230265730199641,0.21880809707878643,0.17945748440606224,0.95912357282229754,-16.936247102853379,-0.86368783771450874,-10.808519346491721,0.2906460729934355,0.2737348174278044,0.1379310344827586,True,5
-0.87645652559702925,-0.24880908615911285,-0.41221110778707992,0.32372824701509401,-0.93825210365733214,-0.12199595102758753,-0.35640423794186094,-0.24036852669860603,0.90288370820932584,-22.193327085721563,-4.124584952973902,-13.151726143206366,,0.08416971235005151,0.1818181818181818,False,2
-0.10511129892329429,-0.84337357345551212,-0.52694651572577933,0.99188680378026295,-0.127008541890969,0.0054220635652314705,-0.071499533741369914,-0.52210137510220267,0.84988115098003969,2.7287479073513037,-9.4807822924504261,-1.8871103290853246,,0.1011307851965969,0.2580645161290323,True,3
-0.90880504345335444,-0.13501438001582017,-0.39477146576556299,0.1926232647749373,-0.97509340128112687,-0.10995061002762946,-0.37009413783683709,-0.17596583749963265,0.91217671159258462,-1.6166121083864875,10.02838532779537,-4.4203141903691101,,0.105620158782846,0.2058823529411765,False,3
-0.50691402662606166,-0.75779248951322231,-0.41083903471689126,0.8305502148613142,-0.55693815097820243,0.0024973143189288803,-0.23070437837973293,-0.33995652490036954,0.91170447567952995,9.9618521536719165,-7.0513019641687649,1.0013585977100283,,0.1626667779626872,0.4655172413793103,True,5
0.33475710430918337,-0.77964687247962117,-0.52923381916434342,0.9363888726565196,0.33806719803853225,0.094267962614185352,0.10542087212494528,-0.52712552949285452,0.84322305226867145,-3.9358209323793707,7.3751260184375456,-5.3194878004570043,,0.2610836088034935,0.15,False,1
-0.91614221911520966,0.057005436642644375,-0.39677930206582279,0.05334643151751059,-0.96369331955830451,-0.2616282555135126,-0.39728779568344091,-0.26085545045461039,0.87983909970466501,4.8949099336363791,-14.837601509255643,-0.96441565064536505,,0.3425098267732115,0.1159420289855072,False,3
0.64530626740112351,-0.61162955962586607,-0.45769979576650421,0.71813591638413987,0.69000164246775841,0.090435275146969127,0.26050072332326063,-0.38704911210809623,0.88449553869106246,-3.9200679259406108,13.185199824654299,-5.5601913780820285,0.7107681188217537,0.2341828800732534,0.4285714285714285,True,5
-0.71615388536380542,-0.4775657574769126,-0.50897402661022828,0.63100521551112809,-0.75466366571186227,-0.17976420570316773,-0.2982549756099328,-0.44990409971441536,0.8418018000598958,-0.64196147325682551,7.3201627878516859,-3.8810459681249103,0.9373300540927367,0.430445367906192,0.2571428571428571,True,4
0.30457140642874098,-0.85848579963017779,-0.41259955188942365,0.94785107518046874,0.31587383293981114,0.042450688370647284,0.093886088773834156,-0.40401219473828603,0.90992282575914363,-3.2326742291527455,17.6760098246151,-5.2506889291675538,0.3825142338702509,0.3103156886617048,0.8409090909090909,True,6
0.84827521945210926,-0.36464891282268586,-0.38400562813676375,0.42450401449971359,0.90175638351215259,0.081435658459372728,0.31658410215471067,-0.23209178178539164,0.91973252149229723,-3.1757088233416209,-6.4879177783289563,-4.5894136185835128,0.2491886669328544,0.1494916536470547,0.7806267806267806,True,5
0.7610923468164279,-0.49970630672935362,-0.41356020919857983,0.57874699981642808,0.81105575536461594,0.085090962466160408,0.29289989727029142,-0.30410881063337081,0.90649185405838628,0.57472909898164448,-21.189710382365423,-2.6174133252603973,,0.2210145418744516,0.8823529411764706,False,8
-0.56582318673624765,0.77161539842332094,-0.29060935681367567,-0.80171014841813026,-0.59720161971730856,-0.024719695192377374,-0.19262647604890154,0.21899749387388953,0.9565224191841708,9.2373235163799361,23.976051178754656,-0.054348913614584472,,0.3126994314694137,0.59375,False,5
-0.93030776837012552,0.024911554691887709,-0.36593287711413708,-0.0019675580976150939,-0.99801539640648118,-0.062939631797039736,-0.36677456949102888,-0.057833234203591918,0.92851049116109785,-25.565462989276959,-1.7074346179728155,-14.828714284350658,,0.2948937640223465,0.5833333333333334,False,3
0.57149737518881338,-0.67045334730522221,-0.47316282529328063,0.79458806771305202,0.59616123417906308,0.11498515343353984,0.20498915288457326,-0.44168324843638718,0.87343881024966219,-0.87519751288894199,-15.775581789432604,-3.4319135089310646,,0.1288910021711428,0.5063291139240507,True,5
0.79230531691964268,-0.4636483964638104,-0.39658851374869752,0.52947560813591243,0.84548693914688755,0.069335532889939697,0.30316309994781537,-0.26491885585696545,0.91537431395111046,-20.190827548514587,1.9675063857057689,-12.262346738853582,,0.3416138588592235,0.8738738738738738,False,3
0.83955600004532371,-0.38216594405469084,-0.38612810567567241,0.44632816950781368,0.89041557960755024,0.089169841852246273,0.30973680422529803,-0.24720292635188851,0.91812516865150895,10.943187426690764,0.95923044961433923,1.3444884531983188,,0.3875345351444613,0.8468468468468469,True,5
0.9269829267681724,0.051084310886261322,-0.37160872791363558,0.00017749996456962525,0.99062326711293669,0.13662178138296693,0.37510348168749008,-0.12671201930270237,0.91828178800962579,6.9856332930755327,-19.483410962250137,0.13896871638617744,,0.1105079243356077,0.2608695652173913,False,5
0.02259292485740115,-0.89249736840062555,-0.45048641171998222,0.99902873006199777,0.0031039426261323319,0.043954090263423895,-0.03783062591471837,-0.45104191926929721,0.89170063967946589,-17.824646160328534,-2.2156941749045549,-11.220663118809206,,0.215001180414335,0.3709677419354839,True,5
-0.10012914087674532,0.95337033025314843,-0.28470891896863315,-0.99493194700054099,-0.098583064851847521,0.019793942561522178,-0.0091965202656939526,0.28524794954113036,0.95840963647992572,-17.308071659419703,2.9626938247525056,-11.015323076931708,0.5411563824405359,0.450765908073924,0.9269005847953217,True,5
-0.79300281542941053,0.58091789914962533,-0.18352364743709054,-0.52968754669904794,-0.80627024690512561,-0.26336171291114308,-0.30096118951282008,-0.11163638924263505,0.94707955262686083,-18.82988787871798,-4.5445311433049218,-11.54409648997926,,0.2681168298510625,0.2549019607843137,False,1
0.1310335884203459,0.94860629531722951,-0.28805606258193661,-0.9835122499079344,0.16091457498945072,0.082523656226547587,0.12463487869260481,0.27249329540464962,0.95405112597428121,-6.5582033021523189,-12.94615836040647,-5.8621274571539495,,0.1318976720650673,0.4473684210526316,True,5
-0.035664246533534213,0.96956797050351995,-0.24221067708273955,-0.99851488492528584,-0.024583727071314596,0.048617537431718816,0.04118356591939018,0.24358487419576566,0.96900481059755017,-2.9198746223900947,-13.793427966086194,-4.2979567284102389,,0.2230131972882888,0.287037037037037,True,5
-0.19838136944720708,0.92096485655147475,-0.33536333319755285,-0.9790406916963198,-0.20229055120202846,0.023618994414919527,-0.046088569722256049,0.33301991816031301,0.94179274675984614,-5.4265429056663015,-9.6432535770600172,-5.4902806731805338,,0.09565115134967979,0.4634146341463415,False,5
-0.84046216636982163,0.41777862596084192,-0.34508602781222025,-0.43574626558519108,-0.89963763656894269,-0.027880367594535223,-0.32210020013887847,0.12693755377711241,0.93815687308230911,-5.1670168903526115,-18.215082115644162,-5.1408998199910005,,0.1092142439778724,0.3396226415094339,False,5
-0.58273811428784383,-0.68602288003811207,-0.43564767670729265,0.77175459495997445,-0.63510388572396925,-0.03221644760803008,-0.25458031211076337,-0.35498684821064702,0.89954055066075655,6.4174742466025094,-10.826378687686196,-0.2858400556536646,,0.09838271281205802,0.4864864864864865,False,8
0.65079255142907344,-0.59836573118464564,-0.46736228639921279,0.72634746505718728,0.66991554212551452,0.1537287429977704,0.22110724775419144,-0.43951293287290305,0.87059747692491274,9.3187347381879739,7.8388879975334342,0.32491251976014374,,0.2602007330604933,0.5461538461538461,False,5
-0.33132002886924061,0.88447670218142416,-0.32852397441946057,-0.9377686372503079,-0.34707592517702146,0.011326303554792496,-0.10400491074841781,0.31183211101614811,0.94442771723378949,-5.2936267146728078,21.32999462698734,-6.3470785006948836,,0.6007450017964818,0.5714285714285714,False,1
-0.87706368274200852,0.30813092648355972,-0.36853036314448778,-0.29486903891344945,-0.95096662628798334,-0.093352694533737651,-0.37922492838061617,0.026791935929189908,0.92491656156860025,-7.6487892132773982,-17.211224421558374,-6.2628766945812639,,0.3965536499581733,0.8163265306122449,False,5
-0.40845149399651209,0.87230298936055506,-0.26880266331392144,-0.90405181920462607,-0.42723389536379086,-0.01270853434069481,-0.12592730142754754,0.23782071693803641,0.96311142727633259,-1.6486437750207061,-17.292504291877986,-3.6111730840626253,,0.1208585212744774,0.2727272727272727,False,5
-0.91372101386440552,-0.1069603921044915,-0.39201196836762026,0.16315542426635352,-0.98012344109838756,-0.1128642890462761,-0.37214811077723992,-0.16708535163295613,0.91301055246619256,10.456460723925751,3.0308532308164717,1.0144010213099286,,0.09159930532972121,0.1,False,3
-0.53966910939838586,-0.74607446217360163,-0.39003865097388113,0.80867717425576346,-0.58821949524057027,0.0062492604877455588,-0.23409075205754662,-0.31204282127826771,0.92077727898218265,-6.4674407494740702,13.170696294822239,-6.4896762783804904,,0.0765754083087188,0.3448275862068966,False,2
-0.69647146466340837,-0.55328454837439689,-0.4569504430895599,0.66030289627156591,-0.743447527384971,-0.10623492458016486,-0.28094053478447578,-0.37571529454536601,0.8831253780521201,-23.492435836157352,-0.034598354428733283,-13.841995077222849,,0.3594085833248228,0.7058823529411765,False,4
-0.89682967954041215,-0.22892373009229092,-0.37853725271903338,0.24776979736873669,-0.96881829349459248,-0.0011143168671962772,-0.36647872162964201,-0.094789450841627307,0.92558538590550665,2.1367258299161014,4.8274895831242528,-2.6022545459397413,,0.2101199483944515,0.8338658146964856,True,5
-0.14157122934351599,-0.8998121350535262,-0.4126690061448548,0.98660952049203932,-0.16235747452137625,0.015546849890275596,-0.080989141844050441,-0.40494218362311585,0.91074836635917633,-27.35631477376473,2.8576482217094403,-15.639926335533797,0.3354467508185912,0.272434600971167,0.74,True,3
-0.92493878704634269,0.09960351865447481,-0.36683426678663561,-0.096017031246029574,-0.99498405219305908,-0.028061817335647984,-0.36778930099710594,0.0092668739674164578,0.92986297652876371,-12.388564082089262,5.8168008023826134,-8.9317764476705026,0.1665725331475486,0.1066077392063945,0.3684210526315789,True,5
0.68107158627112696,0.67349422313964558,-0.28730998202578456,-0.67692910997300693,0.72872572419279236,0.10356543328178446,0.27912089575179405,0.12395301649099333,0.95222222997444239,-5.1092444493858942,10.618162485431787,-5.8757755738705386,,0.1405562913066858,0.2307692307692308,False,5
-0.53670357319189832,0.8026973066581129,-0.26005058816865162,-0.82218793479025842,-0.56677965144973685,-0.052610137690810042,-0.18962139754885302,0.18557440714259985,0.96416070496846829,-13.710491486975751,6.7832882936883854,-9.6587124828115218,,0.4184873626542522,0.3703703703703703,False,1
-0.22051692521405281,0.94444954632651323,-0.24369517873315044,-0.97535734348235825,-0.21170035628208858,0.062137039397393456,0.0070949425069057326,0.25139215101844187,0.96785931219219212,-8.6457516142535678,-16.35027794173946,-6.7399743338043443,,0.391739507924108,0.4230769230769231,False,2
0.60482911314084831,0.72036762691198331,-0.33948818240765555,-0.7355130531502958,0.66874370744193479,0.10863886230234068,0.30529050516317413,0.18399004281214376,0.93431545615129385,-0.55062496867757504,-21.608452585617854,-3.0609167749616204,,0.1858591608812695,0.1851851851851852,False,3
-0.64411054132402701,0.67668270639356165,-0.35668210695681535,-0.72630345834499277,-0.68733208137616131,0.0076089622956450817,-0.24001020176519888,0.26396046063567574,0.93419482886046279,7.5634506150655261,14.919269489785188,-0.5318599822427853,0.2021329401378137,0.120718076594397,0.3823529411764706,True,5
0.92858501185360154,0.01215307125590652,-0.37092071743149552,0.0049123346162989112,0.99897361097136661,0.045028808017159909,0.37108724678903204,-0.043635162906509137,0.9275722224326568,-24.34363974878255,5.4891810340197562,-14.315994738465111,,0.09573108415839413,0.4736842105263158,False,1
-0.59662870156472125,-0.6687489358928469,-0.44363166389627839,0.76042883605581069,-0.64777611887619402,-0.046196159023241028,-0.25648036526019014,-0.3649122641894631,0.89501779964429728,10.139877224756574,-19.847306233984792,1.4883445322379671,,0.1279773789139003,0.2,False,2
0.42873650604068586,0.86062817023863458,-0.27478020485421767,-0.8859734658993732,0.46003389627694274,0.058479329668766872,0.17673716674847487,0.21837574697744233,0.95972704818701793,-13.051803392994726,9.763411780781631,-9.309036963283166,,0.1235041345462257,0.3636363636363636,False,5
-0.92565428027281005,-0.060764172705044556,-0.37345932673866422,0.071776124315594325,-0.99729818225006572,-0.015637252282468123,-0.37150012300247925,-0.041280152569784928,0.92751474792207822,4.5405859512704572,15.632935959279809,-1.9331276246334683,,0.1200676848816738,0.5151515151515151,True,5
-0.1437333505408194,0.96265470114892149,-0.22942678635719888,-0.98935622210870289,-0.14509692075348399,0.011006787117636281,-0.022693384875459029,0.22856686099200613,0.97326368489693271,-9.7273073480873702,12.349519266161717,-8.0068751381695762,,0.09583123533075306,0.2258064516129032,False,3
0.76158330500690918,0.5386324118115724,-0.36036924741270648,-0.56189126108362808,0.82587793040562485,0.046945231778857913,0.32290723165113833,0.16673562611202572,0.93162768890390302,4.3778234730128176,-5.7725723375649833,-1.380553379006318,,0.09275823413901516,0.3888888888888889,True,5
0.92794043568487472,-0.020239191369021366,-0.37217861700222882,0.046066263708499998,0.99709655191232727,0.060633039776059286,0.3698708520131081,-0.073408727664184326,0.92617855272826399,3.2364564040648016,-3.3741215970121492,-1.8573501012980038,,0.1464085625888674,0.6614173228346457,True,5
0.19321703306618324,0.94243202877238863,-0.27292682036960381,-0.97532803549327562,0.21476268179858324,0.051109819873574866,0.10678202711098077,0.25631789178799247,0.9606761873989742,1.3043627159037827,-15.123518386460065,-2.4618324261669184,,0.07531634387105653,0.2105263157894737,False,5
-0.45237254602117022,0.83789229932212461,-0.3054432424248521,-0.88277787550643261,-0.46937122160592837,0.019846381143855958,-0.12673713789837987,0.27861649460296001,0.95200343844572577,-11.262288068385784,3.8582494093533066,-8.4357304524586478,0.2464986822758447,0.1873548651278859,0.2653061224489796,True,5
-0.75429333518540875,0.61257296535758765,-0.23621161404106125,-0.59057010680233446,-0.79024865807287703,-0.16350537411808624,-0.28682488289259506,0.016168504167912073,0.95784657749903768,11.529907920631571,10.731543727423606,1.1446182959778199,,0.250631900105067,0.2173913043478261,False,3
-0.80488253359893247,0.49834493436928523,-0.32220557645055775,-0.50823897289499298,-0.85917505794096882,-0.05925678225127741,-0.30636131207775913,0.11606268220494216,0.94481331503180488,-35.963945362048356,0.22322750505753086,-19.802951673872414,,0.3746462739714783,0.6842105263157895,False,1
0.36466976722563449,-0.7949308469070574,-0.48487205478067263,0.92629568808974927,0.36273902316182977,0.10196420598396712,0.094827522892569668,-0.4863181568800734,0.86862097095961777,0.35373358309437386,-14.837704603445026,-2.8685548574552002,,0.1809988227607323,0.1428571428571428,False,6
-0.57158929344891451,0.73695928424372981,-0.36080007342230708,-0.79386034356461421,-0.60788963779133265,0.015998224320131114,-0.20753658600363772,0.29556928398075144,0.93250595914292278,6.7561915860502353,-4.9228136960223026,-0.26462368973211714,,0.09589824455787524,0.2444444444444444,False,5
0.1048465951852016,0.96668685717817948,-0.2335031298228038,-0.99099022515341317,0.12123351140224604,0.056928106972475995,0.083340057166159026,0.22543060101072382,0.97068814714072083,3.0440669583531959,15.673731882597071,-2.4658025855915855,,0.3259750107487503,0.1875,False,4
0.23724561599010341,0.92775791320648648,-0.28806209777793079,-0.96072611161227695,0.26801203802708895,0.071936680066021233,0.14394393408487627,0.25968211712652084,0.95490593352688757,-9.6725825288064691,-13.846171290094105,-7.2672942174224104,,0.3505639467306991,0.8504672897196262,True,3
0.39639093406303044,0.89374325310996294,-0.20999339254619223,-0.89566726241479178,0.42669522609185107,0.12534488050501585,0.20162931937352468,0.13839863276364059,0.96963469204547537,-9.2863878268465943,10.378867105096074,-7.6854512844423315,,0.404827083868761,0.53125,False,4
-0.32458895952524852,-0.85569664341267215,-0.4030201754336919,0.93171037157360603,-0.36267097628700207,0.019635337053558917,-0.16296561249690261,-0.36912466378084252,0.91498043243131166,1.6461137814318274,-16.54095159246133,-2.2999738386280622,,0.09834082567033403,0.1923076923076923,False,5
0.85379408365135601,0.38998798716055783,-0.34488408573373996,-0.38368630895956785,0.91911922756024245,0.089468775816180804,0.35188134227168716,0.055939390410689155,0.93437160999334512,-3.7684116739572486,-10.198757872817586,-4.719984686200303,,0.07128828954480533,0.2926829268292683,False,5
-0.38835402310629796,-0.81322942553150257,-0.43340403111514197,0.90346784397651481,-0.42862312077534276,-0.0052986071031505544,-0.18145800516257365,-0.39362434094769577,0.9011841490926874,-18.988235561609972,9.4951349690607323,-12.066526148286894,,0.08332633427751869,0.25,False,3
-0.78750233248117651,-0.46522240045538321,-0.40423779443693364,0.52012905735485038,-0.85352560169995839,-0.030980815642546781,-0.33061433730535683,-0.23465328754836115,0.91412909078033644,-28.638393417292551,6.2070467751157432,-16.366673043415069,,0.2475203409748628,0.6666666666666666,False,1
