axis_00,axis_01,axis_02,axis_10,axis_11,axis_12,axis_20,axis_21,axis_22,location_x,location_y,location_z,dbh,dbh_approximation,score,reconstructed,number_clusters
-0.50459171968844996,-0.78312468774748178,-0.36345965369248445,0.83501817360583996,-0.54965206944265455,0.025045005597398098,-0.21938971299908105,-0.29085791376171161,0.93127322941893098,1.7663972388883951,-7.5652016077926136,0.70041181646954231,0.5041700861360321,0.4131121593886376,0.3809523809523809,True,3
-0.27369100793207068,-0.92028875955967915,-0.27957437508690486,0.94289088029714219,-0.31410105439581548,0.11089326165244208,-0.18986842820650096,-0.23325764007968344,0.95369851279890805,-21.513575201661894,0.79265505485501009,-5.602063023654102,0.282562181076519,0.2462784162504775,0.5950413223140496,True,4
-0.82209807813741242,0.54087919299017273,-0.1777764003265706,-0.552875423028651,-0.83296222936607145,0.022420772966069438,-0.13595409715659176,0.11672027690082444,0.98381546055473834,-9.297830228242967,-11.597352282047737,-0.91278836585205148,,0.1612605313235716,0.5609756097560976,False,5
0.56423622804242934,0.82402661111851749,-0.051162712330208832,-0.7902220223871449,0.55696059603563031,0.25562482234322803,0.23913727082749578,-0.10380288354456982,0.96542132101430733,9.1675878125718508,10.751893696129786,-0.32284549309432115,,0.4998891382642739,0.7777777777777778,False,4
0.87297555527040815,0.45031129686134241,-0.18743909896117572,-0.41036227074131354,0.88577494170048998,0.21680765532500407,0.26365979339359735,-0.1123498490188069,0.95805063789608558,-0.53781998477855786,-17.261514488698499,1.9518666116689134,,0.493906905587412,0.6,True,5
-0.96028949582544865,0.18153303035404614,-0.21187223295605009,-0.20685942807238777,-0.97282190485977971,0.10405151821360004,-0.18722516183694551,0.14374734889891869,0.97174247538103564,-13.652841798793476,-0.61396452798461953,-3.7469521120211153,,0.07396499833469758,0.3157894736842105,False,4
-0.0047819749540976807,0.999552003052816,-0.029545319572506723,-0.99208370537822688,-0.0010344563228814885,0.12557408738718229,0.12548726723674405,0.029911922258845453,0.99164420165109368,-16.736100179340124,-1.3496907019680142,-4.3129802033835523,,0.6229449891307512,0.1714285714285714,False,2
0.63696752529538603,-0.6621952267408987,-0.39467689747518919,0.76950465236325083,0.57685828825912944,0.27403851053831818,0.046205645871301715,-0.4782593406806781,0.87700230406840951,2.5797800140246041,12.158392992288737,-2.113895277355363,,0.5025596029143121,0.2,False,2
0.45927762715320597,-0.7769621415224941,-0.43057390984278249,0.88803467187133844,0.38991502502343683,0.24364050323240038,-0.021412210322276484,-0.49426319294658433,0.86904856788752749,-12.955714945964839,-10.541905621775451,-1.8909534061433646,,0.3575006397744209,0.3454545454545455,False,1
0.42670774662850303,-0.84192769366858966,-0.33026997683881887,0.90392730759160456,0.38535946731888832,0.18550876943663563,-0.028912308061055977,-0.37769807992838855,0.9254773032662611,-5.7410064032551498,-13.577042072840788,0.14174606192921196,,0.07450015470558895,0.3333333333333333,False,4
0.25720571634133627,0.96634203924602069,-0.0053181450883677539,-0.94694030807877283,0.25313167677043469,0.19806162462997773,0.19274146522483968,-0.045906616094295777,0.9801751426055203,-3.3597891743266941,-13.711212462201418,0.73431219717991258,0.4377552402873051,0.2270519227970459,0.2,True,4
-0.92236641395808772,0.37200510917667617,-0.10417483932575342,-0.35210134591817405,-0.92048447536363176,-0.1695080317187074,-0.15894917616869803,-0.11966841421607063,0.98000746427478991,-28.726888606001832,-8.3619152343367631,-5.5388336927085957,,0.1720516365448961,0.2,False,1
0.84062563048503869,-0.43929197389267199,-0.31681400070879323,0.53152830651451721,0.78148340769413716,0.32674354296997055,0.10404906893115708,-0.44306460609288073,0.89043110125507186,-2.5901293228382003,-10.931439778687265,0.4120203645017495,0.549794282730335,0.3064742615461062,0.4545454545454545,True,4
-0.94406390964046882,-0.20105412517127327,-0.26138204465105924,0.22380006915127953,-0.97278253272092396,-0.06006390830564548,-0.24219179086467163,-0.11520148777112411,0.96336480818695303,6.9052649796252767,-4.6418720866120315,1.3653305287691324,,0.2060381947481308,0.625,False,5
-0.011780066277205473,-0.94902031434873224,-0.31499471899055509,0.98680743837353579,-0.061902578050697557,0.14959662563486742,-0.16146922186338183,-0.30907687358343627,0.93722952183908692,2.4560361171126384,-6.1562473305055558,0.60673878631284972,,0.1134832886774343,0.2083333333333333,False,2
-0.97579594779329493,0.011731567254278029,-0.21836812633702321,-0.024794831625333687,-0.99805603535090093,0.057178375495561859,-0.21727283446131759,0.061208828034838861,0.97418991720082249,-1.8162714462699212,-9.5619486923285102,0.31325757066916626,,0.09084557680864883,0.3428571428571429,False,4
-0.83299766489519833,-0.49636996582350917,-0.24440079236269857,0.48969894258442626,-0.86703781967677029,0.091871458472408796,-0.25750696283953467,-0.043154099208776664,0.96531232656101396,21.782711743098826,12.321513920372265,2.5072739673378068,,0.09646889074010026,0.2105263157894737,False,1
0.36935299504957037,-0.87648368571698443,-0.30879558565478593,0.92798417870611205,0.3302718493952369,0.17252788055323817,-0.049231383476950372,-0.35028110735382251,0.9353498899940732,-4.5821137088785475,-14.355531673947715,0.59675597149121185,,0.1044723514643022,0.2121212121212121,True,4
-0.59338645426505032,0.8031753849228872,-0.052932191988644989,-0.80465184586816163,-0.59359649263994041,0.013364537647109515,-0.020686295843169999,0.050522321596821199,0.99850867406585719,-2.2043568613707163,4.8627966765886628,-2.1805513854747951,,0.07493876141127465,0.217948717948718,False,1
0.72458236847938218,0.68116665698321299,-0.10484453587633169,-0.64056737371293948,0.72175240756679659,0.26219630414260475,0.25427117615513745,-0.12282283006773517,0.95930220545500489,-29.789756213383821,-10.065323613267068,-5.5220490485261138,,0.329963351250241,0.1818181818181818,False,1
-0.14768326885881333,-0.94798122854660904,-0.28199511063569405,0.97415917643270389,-0.18868887193190612,0.12413866674417465,-0.17089046512644296,-0.25637492063836231,0.95135080227881363,10.633027531445938,-1.3650153228869226,1.7751939148800435,0.2313475293114473,0.136892262043963,0.5434782608695652,True,4
0.8884249507819818,-0.36690929997235777,-0.27582362556863588,0.43787858202417096,0.85770296939302459,0.26945864933026309,0.13770785828170493,-0.36017104532177857,0.92266644237193496,-2.134155344144109,-1.7400632583414097,-1.1500105663010505,,0.4209585614702404,0.3111111111111111,False,5
-0.13447768772579297,0.97803946416806309,-0.15923114655673323,-0.98494748830056622,-0.11431941641013051,0.12965151878035666,0.10860109020783394,0.17426955431599336,0.97869092447216188,-9.8979991240840342,2.5460981893004071,-3.5455218048664907,0.3380884256509028,0.283762730930394,0.8667642752562226,True,5
-0.77151345104856239,0.62948250338929213,-0.092297198104212441,-0.63350580339237739,-0.77347236242070228,0.020270708905153784,-0.05862927527538489,0.074109935218490519,0.99552515065295843,7.0776352833494691,4.667267977981016,-0.04993386654145511,,0.2208056619417471,0.2857142857142857,False,3
0.42421470057202326,-0.81589224687009776,-0.39288895290635628,0.90478831964862072,0.36395575183828405,0.22112057193136969,-0.037416366018297204,-0.44928393272082856,0.8926051553474762,-10.892473965533185,2.3456796773204291,-3.6918465563913245,,0.0813159696081417,0.2574257425742574,False,4
0.97047589358462383,0.12694645647426572,-0.20508812047447453,-0.080637232184094007,0.972125927480882,0.2201563487731468,0.22731954767862295,-0.19711869091504819,0.95366138903445374,-9.9072603263664814,-10.118231072081059,-1.2651354549871598,,0.291995787709834,0.2439024390243902,False,2
-0.08016847281390603,0.9876217867788164,-0.13481922061227467,-0.9899254608828898,-0.063049294621248336,0.12677684466636055,0.11670731709058127,0.1436244851255461,0.98272651811678402,-22.451383786914931,-5.8413046277180722,-4.6719838220570598,0.1697075965626831,0.1980936060598974,0.5555555555555556,True,2
0.47515243734910306,-0.83232425771160845,-0.28542335452101047,0.87975252841045903,0.44337367343344752,0.17162538990934739,-0.016298774083085374,-0.33265014013367034,0.94290945176747387,-5.7157029732050919,-3.9243740632080235,-1.5264157442486843,,0.06933370487302873,0.2384937238493724,False,5
0.97653237940804949,0.077917512073859968,-0.20078190476203928,-0.012048030790731586,0.95056589306476558,0.3102891037340012,0.2150333855979539,-0.30058833020296061,0.92919712592327641,16.754815106601885,-3.4030635887035805,3.5075902161083423,,0.3099929850465652,0.5416666666666666,False,2
0.57476923220581355,0.81140477245970677,-0.10612551502419847,-0.78689984786376566,0.5836249991011051,0.2004257714372536,0.22456393107870803,-0.031688415136242709,0.97394398463393739,11.753094938682857,9.1067946482403421,0.58074697666578212,,0.3632089284306894,0.1666666666666667,False,7
0.67727563500346166,0.72788437739994316,-0.10715431567489958,-0.70047040906072144,0.68248909059161555,0.20868600157590056,0.2250309317870868,-0.066279516900232927,0.97209469979961782,1.3633385177177217,-5.9683879905729826,0.32813704926395115,0.226333302920845,0.2585707863318999,0.4545454545454545,True,2
0.96245890520254285,-0.12051843995386247,-0.24320395027097821,0.17311873609701775,0.96267513802095173,0.2080540358861411,0.2090520485632521,-0.24234662008665978,0.94739925940654979,-14.528313029329768,4.8079165861883517,-4.9099004641206774,0.2512600225705629,0.2013057852116294,0.7368421052631579,True,5
0.86043423697189658,-0.42098708411938457,-0.28709371092249436,0.49401250937255498,0.82729755801808236,0.2674516612039447,0.12491823097539453,-0.37195245059278259,0.91980802892125391,-8.8961095342631076,-16.36433509817271,0.024274291044411339,,0.3694184397574792,0.2222222222222222,False,1
0.42824723623882899,0.88839341306968389,-0.16541296281792284,-0.87636973380169936,0.45294305048152339,0.16376410686359807,0.22040960580279703,0.07483138803263728,0.97253270846535833,-14.33263304559998,14.99847460994039,-6.2713029339804551,,0.08256608821678707,0.4666666666666667,False,2
0.010813764081040246,0.99747677256606837,-0.070165167266808603,-0.99644570715496816,0.016611715904587238,0.082583313006566669,0.083540500350637634,0.06902274325093799,0.99411108318702512,-5.4299320559751232,-7.2509474676939751,-0.83460583576905534,0.5983619005056983,0.4276861454332163,0.2622950819672131,True,3
-0.30315394990701672,0.9514109218293707,-0.05399018873425801,-0.95068340805160878,-0.2980516761684453,0.085826895484798632,0.065564779502049017,0.077346339001707384,0.99484612052914034,-12.988853615115438,-11.560886569266373,-1.7248873104847779,,0.1016105935688237,0.2068965517241379,False,1
-0.85574560389608101,-0.45313028832333269,-0.24974467605245135,0.45063339188702189,-0.88991662339758804,0.070554585372127096,-0.25422235843632723,-0.052166514208333112,0.96573787710041825,-9.8191660763566322,13.062405041587247,-5.1816014425342072,,0.2271098754223194,0.48,False,2
0.12070597595280036,0.98385518711618192,-0.13213265362454221,-0.97982762233239706,0.13943836100373511,0.14315995946853685,0.15927302936694288,0.11218696120839231,0.98083953216165942,-9.4167449397972227,11.418868104125545,-4.8676456176461702,0.2500785868923084,0.2488115652203085,0.735632183908046,True,5
0.38006452437171584,-0.87347679135761291,-0.30428482097158582,0.92425058240129643,0.34575326203222528,0.16191214508164548,-0.036219031529926518,-0.34277248540932226,0.93871998221053654,4.3859168340939023,6.7056079343743606,-0.93761488816364813,,0.2999857128313198,0.7096774193548387,False,4
-0.42435333253028995,0.90162232566684408,-0.083674554253649641,-0.90507460785015392,-0.41951955216647074,0.069593818510934269,0.027644228969644719,0.1052640831867815,0.99405999285532021,10.597702978413324,-12.245231541556068,3.4999037398127388,,0.2338121873636167,0.1666666666666667,False,4
0.88143107157421752,0.42719908033757614,-0.20144530727285695,-0.39690088729589806,0.90114493773576443,0.1743774264546141,0.25602529509260513,-0.07374786066005308,0.96385284215009193,13.265123723271202,15.416683665592535,0.017055839742625086,,0.1989933197869937,0.2857142857142857,False,4
-0.35188107591055456,0.93497566622833483,-0.044723729461115136,-0.93479839697759348,-0.34854643183327255,0.068317946869140431,0.048287321567378319,0.065847463255423205,0.99666064744158211,4.6125258721160858,10.908387212826407,-1.4703551677115652,,0.3376792988330314,0.2777777777777778,False,5
0.80990890689241601,0.55129989478557773,-0.20028976146010061,-0.5258084153711875,0.83372147104955707,0.16862389817521428,0.25994821188300937,-0.03125595495861723,0.96511656934199008,-20.438756964086295,1.1068513368796895,-5.3960785915556162,,0.1037417151214155,0.3846153846153846,False,4
0.33206358602402497,-0.91139263384242353,-0.24309924272740371,0.94138098779401536,0.30396160487721602,0.1463187567621913,-0.059461001142184944,-0.27743613632373043,0.9589022784439154,-4.0126181519766684,-2.2658109772453305,-1.5053059740591739,0.6973509799820558,0.5069807971645334,0.9488425264361247,True,5
0.73681174987181386,-0.63261019035000876,-0.23856402142016661,0.67272420550163625,0.72118477694369465,0.16533197161125973,0.067458050542752376,-0.28230633108380621,0.95694960517624561,-16.527310613905986,19.950146767663579,-7.4004059701159512,,0.4666795742672089,0.9466666666666667,False,4
0.86761916714605902,-0.41097811546688445,-0.27988206339111482,0.48349486648066825,0.82869401012112609,0.28195558458063752,0.11605901467624397,-0.37995161033565367,0.91769661594435681,-10.253490176772095,3.4491478969825478,-3.7533939165083137,,0.1206220482210426,0.5348837209302325,False,5
-0.96969180446547265,0.14856383036149023,-0.19397575276517853,-0.14139497480545066,-0.98867082652492155,-0.050373186104264667,-0.19926180128730456,-0.021419269055018661,0.97971217684628575,-19.183859502241393,6.6628596417168202,-6.1237615273821167,,0.5809952594691525,0.6268656716417911,False,2
-0.11989245527571347,-0.91275799872543795,-0.39051073599927466,0.97914108434401281,-0.17370571308641036,0.10539953600834044,-0.16403821541821551,-0.36972849633734728,0.91454486105304456,-8.2719368155453363,-12.989785841725462,-0.40853415371098512,,0.2182125149601516,0.1923076923076923,False,5
-0.5267649116795674,0.83709118960718798,-0.14763830162000974,-0.84974549754279671,-0.52293726219352754,0.066852144432943836,-0.021244228132905621,0.16067034602427793,0.98677947013477973,-1.094325380346872,-4.9926173910372906,-0.32577477830630613,,0.1195659325402465,0.3409090909090909,False,3
-0.074453802032792699,0.99648014965817999,0.038521976845335981,-0.98883634381067043,-0.078772217301237957,0.12648170990539373,0.12907097474648332,-0.028674886550036055,0.991220678940535,6.7898544514287629,17.442751128062888,-1.7885962683192209,,0.4792451035468084,0.2380952380952381,False,5
0.30532230109429725,-0.91080883102371213,-0.27785889545541431,0.9493890762272621,0.26856011375909411,0.16289827266748122,-0.073747368731568189,-0.31353267553306474,0.94670934662030737,5.6583979618322644,10.762331896630206,-1.189302267366934,,0.07525609722987377,0.2962962962962963,False,4
0.66342741633875235,0.73530971955077085,-0.13850516085782769,-0.70538764005793786,0.67636807951311173,0.21202475862322487,0.249584335453127,-0.042963209259905599,0.96739951527097079,-11.797277913277032,-11.414066236160103,-1.4618758038712536,,0.08667010506475128,0.1666666666666667,False,1
-0.58216797156744382,0.81296231653328899,-0.013142479898258619,-0.81297709152129849,-0.58226886933607502,-0.0055868115826344378,-0.012194324196884612,0.007432072316471583,0.9998980261799022,-21.207348372963576,10.299702115461416,-6.9926668645578962,,0.4131804346780986,0.28,False,2
0.42069080558982086,-0.87495782699134839,-0.23972494046044626,0.9066555086735909,0.39630412445684166,0.14463343157903694,-0.031544170365050403,-0.27819389268111755,0.96000683507509821,-11.867541630341446,1.0938507019544366,-3.7173912277739527,,0.07804129483008033,0.2543352601156069,False,5
0.23488049759918952,0.9590700388787804,-0.15816387821690345,-0.95234587517157165,0.25963408355678846,0.16008584165790557,0.19459826795542312,0.11302567487381285,0.97434937826637347,-2.0614293072377268,-4.2074737711256489,-0.71751990213325412,,0.0726918163673913,0.3802816901408451,False,5
0.52716185760867562,-0.80654443413964516,-0.26755644570992965,0.84976260129244963,0.49961669770564743,0.16818643470385525,-0.0019741649527299926,-0.31602093464209635,0.94875016286727254,11.505568875602286,7.6894382578849676,0.66472172711772748,,0.1347785640714596,0.1379310344827586,False,3
0.16276971415127475,-0.93908076421337983,-0.30270999065033699,0.98169351119440273,0.12338249352667138,0.14510206879967824,-0.09891344819547028,-0.32078665585643634,0.9419724259183635,-17.396445606551165,8.4770694247135321,-5.9854669808121264,,0.1765627256819146,0.5588235294117647,False,5
0.16660149256283285,-0.9340897939156958,-0.31578505281024416,0.98229301221646415,0.12939407041723325,0.13549026788505922,-0.085699363046298938,-0.33276633159529889,0.93910712260639684,3.783307177877659,17.303359002059405,-2.5488458726356455,0.4498666970854026,0.3510757127976862,0.4166666666666667,True,3
0.82559175010131836,0.55306976784317663,-0.11185747209076879,-0.50204948675959338,0.81047036769754499,0.30180141803615751,0.25757440674312237,-0.19300677444613495,0.94678604236058939,-10.99633070311136,-13.884119833070624,-0.90449158925901019,,0.1821177048438478,0.4285714285714285,False,1
0.89788488222898055,0.38539185812056298,-0.21278123497862414,-0.34650541142737057,0.91682695706892003,0.19839942198326244,0.27154509407499411,-0.1044099922714473,0.95674542873100699,-2.62873348424701,-6.4590090247948506,-0.37380441851746843,0.2507578088675212,0.2277980871248033,0.5913978494623656,True,6
0.23864995766780192,0.96187609056461598,-0.13356864941028307,-0.95199455431070246,0.25888270222551041,0.16335885360513935,0.19170958835677482,0.088171043367697682,0.97748314606622655,7.8540873236053939,14.799702095327978,-1.1695733881351589,,0.1260023242966721,0.6,False,4
0.94039074420975755,-0.25044569019300433,-0.23009173055190305,0.29383629592799382,0.93896714604947318,0.17888803714900992,0.17124683763484905,-0.23583395621381317,0.95658604719941775,5.4738271367301374,-6.1995970037941834,1.3174571131211286,,0.4474388040661252,0.1951219512195122,False,1
0.67152028641310979,0.73752248873865089,-0.071561746348178995,-0.68320001888981263,0.65364733483648896,0.32555014337289817,0.28687669672633659,-0.16972253906273385,0.94281282374047304,4.8034522598129952,16.018717861570352,-2.0805839246752647,0.6768136368112847,0.6064877412996492,0.5,True,4
-0.48254343223815338,0.86863630533813663,-0.11235125745773204,-0.87557210038631983,-0.47503646025001106,0.087828574269583931,0.022920144609288859,0.14075272814993917,0.98977943830402859,-6.3326539299738815,10.321684550479597,-4.0873701429732501,,0.1440765973838118,0.2777777777777778,False,5
-0.80264187372677342,0.59366606516304721,-0.057676907113667325,-0.59562805082914272,-0.80287386679611494,0.024915438614049989,-0.031515831035375974,0.054352158095872669,0.99802434604796642,-30.7476552942009,5.5416735687536054,-8.1848618403206572,,0.4561624726073879,0.2962962962962963,False,3
-0.24512273950738192,-0.90970515945758601,-0.33518855206084097,0.9502197301406502,-0.29402813287750873,0.10310151079394939,-0.19234684044149256,-0.293230250712325,0.93649277255052066,7.6318644654353403,6.8359151946709025,-0.14184987678132616,,0.2944182193751226,0.3076923076923077,False,3
-0.82287784620035243,0.53660161000651074,-0.18689773238616028,-0.55803129287478315,-0.82516297898008184,0.087790285870446266,-0.10711268087937284,0.17653546459320041,0.97844882509802023,-15.838604616544949,-3.9738515146297355,-3.6933240082963157,,0.06793550552714296,0.1685393258426966,False,2
0.97387197278154591,-0.013927591003932618,-0.22667025133309576,0.056310473800227155,0.98175698686949309,0.18161043272160837,0.22000570713273679,-0.18962921964128598,0.95688988284298604,-17.123900083666708,3.3869484058174981,-5.117076760031388,0.3210329087918563,0.2666383642511672,0.7184873949579832,True,5
-0.97428412571228706,-0.019860228671444467,-0.22444601511758189,0.018121924889962723,-0.99978773188433467,0.0098023982708451418,-0.22459305025607185,0.0054829272013817388,0.9744372218290811,-20.470881408689461,-4.6393865797337179,-4.4547266105686276,0.702149822868023,0.7121643881393234,0.8539325842696629,True,2
0.8596110189937719,0.49790402643160475,-0.11471911997432548,-0.44174942588967725,0.83704284833106501,0.32282613708303953,0.25676125243234932,-0.22682779926854768,0.9394800736196367,-12.175681789868209,-9.2476663248627826,-1.9826134302187914,,0.09054281044851212,0.4117647058823529,False,1
0.16346577329835232,0.97891607738817432,-0.12248369030577536,-0.97108569127084254,0.18155433672071619,0.15501807322673955,0.17398712931996338,0.093602009854758028,0.9802893157543584,-10.353108407294496,-16.547021601884591,-0.34977982657510642,,0.07223249453367073,0.5,False,1
0.78456475821652127,0.61713496576095883,-0.060021447832182273,-0.55581709225017439,0.74289455614956945,0.3730617085763368,0.27481903159572618,-0.25933012258230687,0.92586305002102387,10.228388636713493,13.19776667263819,-0.45151695278160914,,0.2763756393595182,0.1333333333333333,False,3
0.93730893993663333,-0.26671694136867136,-0.22430787837658669,0.30414004303289915,0.9402868798966455,0.15283788050800232,0.17014930308059201,-0.21147731954319088,0.96245860065772004,-15.342856102067495,-2.8423299290393684,-3.7652898308833973,0.4513063591764621,0.4661651987307103,0.9575098814229249,True,4
0.45163743098352405,0.88725756829435687,-0.093795727189400671,-0.86351488110181995,0.46113769648316566,0.20419127062122638,0.22442299581440778,-0.011226414680818142,0.974427158161708,3.9696663604003901,-6.0073136428554195,1.0116686390898406,,0.2234571500738236,0.2368421052631579,False,4
-0.96036502951098757,-0.13609195031675914,-0.24326526910214838,0.14550774321846291,-0.98913255449796744,-0.021078099909513731,-0.23775303732198627,-0.055639650352121407,0.96973074745151,10.195946484182738,0.54313112560014098,1.3565176416865476,,0.1978753910971422,0.2777777777777778,False,1
-0.57673238587944986,0.81315433346463539,-0.078484298082367759,-0.81661161424828199,-0.57653386476413737,0.027462233247548928,-0.022917821724867088,0.079929548652622473,0.9965370242492626,-11.476401459137785,13.640609675063532,-5.5514390249375039,,0.268595670607248,0.2972972972972973,False,5
0.96830158122721344,-0.09929621766887925,-0.22919927781197916,0.14664345627549835,0.96879839153955449,0.19981334610568063,0.20220718217821607,-0.22709015325862775,0.95265015497218042,-3.8600940675000426,-11.929484312085778,0.29037444862648298,,0.524135085358379,0.2363636363636364,False,3
0.49078229501154569,-0.83380127992212283,-0.25280064181767903,0.87120081759561019,0.46565930883476686,0.15546878630859701,-0.011911100870241317,-0.29654145358744971,0.95494570106383636,-8.672144241474955,-24.765036238235986,1.3883598944507667,,0.2001811136447892,0.625,False,1
-0.84818351534014935,0.50685189154148802,-0.15390219084223944,-0.51874527891085476,-0.85359589990726858,0.047721853161828948,-0.10718236754674344,0.12031292408679559,0.98693299690746927,4.0925757702331564,-3.2481772553406607,0.49293378106152863,,0.08106764639515547,0.3333333333333333,False,5
-0.30102313111537188,-0.87426361118638585,-0.38085195639360792,0.92738826634234472,-0.36140671693222459,0.096623953587156503,-0.22211726178764171,-0.32411159052340577,0.91957359624140478,17.952334872319977,1.2420063485284631,3.1615839804469585,,0.3584995816315712,0.3125,False,5
0.57525715463171856,0.81674540007869967,0.044790149534281815,-0.78183982779872729,0.53292606005210774,0.32359897741648286,0.24042813835463384,-0.22117134978930192,0.94513361188760148,-13.908314866188372,17.945773915251799,-6.5605001380452874,,0.3588672117688108,0.3703703703703703,False,1
-0.96095542919211518,-0.13933422190318739,-0.23906199554264473,0.14213061618794692,-0.98983212838673329,0.0055897723947289923,-0.2374100904515912,-0.028606506602933228,0.97098821657718615,-4.5898973097624056,-18.987583364173219,1.33232954352299,,0.2757026897088049,0.2857142857142857,False,1
0.18420790059336481,-0.86575923280608746,-0.46532612238085269,0.97743982352287206,0.11158196891966043,0.17933447968416294,-0.10333847662203335,-0.48786311094714596,0.86678183196604386,-10.537118832926016,5.8022674201361886,-4.268670889656998,,0.5710297180746919,0.40625,False,2
0.32972432337228402,0.93969319437862497,-0.090876680260582862,-0.92530409747194808,0.34076793189286347,0.16640175418271258,0.18733445432784779,0.02922185880390929,0.98186143889539301,-19.081092122968059,16.48340771833875,-7.4617729311473751,,0.1588549420120275,0.2941176470588235,False,4
-0.76685091826628438,0.63057689466532874,-0.11963464827710915,-0.6378691112520517,-0.76943137490061864,0.033141457859634169,-0.071152414327798064,0.10172580416381512,0.99226467976168087,-24.177298200765232,7.9440824445481333,-7.2182921051154105,0.6991166495634337,0.6000750680459358,0.9772727272727273,True,3
-0.39429655073594405,-0.86324287591006654,-0.31518560764770759,0.89342140358797084,-0.44040793149237839,0.088538406861118357,-0.21524039046758259,-0.24668317954234781,0.94489099013708511,7.6664850100056237,3.1208062548621727,0.40738397076348759,,0.5906083720192435,0.2666666666666667,False,1
0.66070950713909704,0.7472272533453187,-0.071514886800029431,-0.70801979842977425,0.65200573161094733,0.27128673203445519,0.24934095573626083,-0.1286077672789763,0.95983807487932249,-7.9005444283007735,-16.14334230988494,0.15199678082070478,,0.1214620103621328,0.25,False,1
0.96886741803078691,-0.13948752772037612,-0.20454621944395146,0.18670649298946895,0.95422814862932559,0.2336435871985853,0.16259339394307881,-0.26455976635517897,0.95056378969123556,16.330698402223813,8.5426022988345469,1.7259669059933114,,0.4426909751238817,0.6410256410256411,False,5
-0.93483016209427017,-0.25590939239834837,-0.2461766660776552,0.25480764554554131,-0.96628801931776742,0.036885328987075389,-0.24731686519592438,-0.028246178595610079,0.96852285547859274,-23.01216391011484,7.4973800848575589,-6.9880109716717209,,0.09660104581689805,0.2962962962962963,False,2
-0.97301181437648243,0.10192515622084002,-0.20702480917306623,-0.12059890821412306,-0.98950092920114929,0.079648066188863387,-0.19673309945545175,0.102465475353513,0.97508815700901208,-17.220452770699954,5.9366837527429901,-5.6117477304635717,0.2266903879031637,0.1139819894660199,0.3404255319148936,True,3
-0.88075574036495485,0.4378427106359008,-0.18045244957380671,-0.45662711748303791,-0.88618788158323658,0.078502956085410441,-0.12554282692895036,0.15154141109948382,0.98044591861492558,-20.919900167599135,6.9717634139361184,-6.4883025426297651,0.4894171626752947,0.5425659961774435,0.8032786885245902,True,4
0.71740923916075816,-0.57696302602686345,-0.39043264485017853,0.69414352653437805,0.63953169326507187,0.33039972439444665,0.059065625681933479,-0.50804810786719157,0.8593010950507205,-1.1903519789834434,2.6444198897467786,-1.661009448768646,0.4441516934989671,0.5374466683231874,0.4171779141104294,True,5
0.38180053940938241,-0.88166493780282706,-0.27729999198673461,0.92289721407206982,0.34748450095412836,0.16587722524407708,-0.04989068414763044,-0.31925140414068459,0.9463558847439395,-25.237379164118654,-2.7262157234733486,-5.8119051184821116,0.349345091307127,0.2914818965204425,0.3214285714285715,True,3
0.76608535270678546,-0.56576439223306163,-0.30499817187857714,0.63846418414641615,0.72449125931507941,0.25976123794419603,0.074004850721901647,-0.39372968856463486,0.91624244303155067,5.6376401345777065,-6.9446269689134574,1.5448486616914259,,0.2152332009931788,0.25,False,2
0.96759805079450301,0.1427775836904433,-0.20825122735339766,-0.093272364098445304,0.96855135153162186,0.23066977596069177,0.23463648095333584,-0.20377154129511593,0.9504856026074503,11.0658799644509,-7.6635764568699081,2.8631959701640826,0.7242416455765448,0.6960717338627556,0.5454545454545454,True,5
-0.9043064040961688,-0.31213778006117743,-0.29120428185233938,0.32400790287538017,-0.94602178366141665,0.0078526245530066707,-0.27793669492342132,-0.087251309999060792,0.9566286649052983,-6.6081476258441221,11.982311112313718,-4.3815298331792567,,0.8099759100550152,0.6666666666666666,False,2
0.90079851284380619,-0.3647838396986362,-0.23557332097057929,0.40881651266416336,0.89531387322261791,0.1768675419296247,0.14639364136293612,-0.25562828229645318,0.95562706274920139,-10.155165239231833,1.5496336106325184,-3.4023442392673511,,0.06952762346261614,0.2628571428571428,False,4
-0.53774216529091812,-0.79655683539767563,-0.27627987919766267,0.80908535445338092,-0.57970000039956793,0.096585706736495608,-0.23709545098394846,-0.17159579691234139,0.95621160294400154,-8.4633076555044173,3.4432642510018376,-3.3258321794530468,,0.1168746030145358,0.219047619047619,False,5
-0.72502559104643705,0.66901218405792939,-0.16358664343339324,-0.6859509003296933,-0.7227286169158873,0.08446720445079331,-0.061719159623635805,0.17345329017602529,0.98290625263168629,4.7670003968958392,3.6551822995117869,-0.36586913219724737,,0.07521899279273768,0.25,False,3
-0.7287053078128406,-0.6209516066055778,-0.28880387223744908,0.63577086257069459,-0.77014413686244332,0.051705113504536437,-0.25452698220720732,-0.14593529631433866,0.95599105885888835,8.3076052586918738,1.7495505877371869,0.74569038498266904,,0.4740901156439309,0.4814814814814815,False,1
0.89649244408402429,-0.37361525626954672,-0.23814478365669434,0.42073880305612998,0.88634535286821647,0.19331522198681714,0.13885300610050877,-0.27350238706738594,0.95179634742170272,9.0124551785097999,-13.478155780994472,3.4174920850145942,0.4780529556148048,0.3805228361311416,0.8787878787878788,True,5
0.13062193667295918,-0.92373064849060504,-0.36008276645645182,0.98536862350066523,0.080850513449232719,0.15003956243404593,-0.10948326575422355,-0.37441271815220378,0.92077604823630632,-13.712487698683841,-12.456581612499006,-1.7115424719744101,,0.3895281573016192,0.5714285714285714,False,1
0.64365124947692109,0.74244641008392376,-0.18570513509403144,-0.72455538377440987,0.66929216237449962,0.16452202657268913,0.24643977943975787,0.028658847456947967,0.96873428016774721,-7.2179885711581262,1.0038619227243606,-2.6842438717536008,0.3923115828869838,0.3227730598837062,0.709070796460177,True,5
0.89090368696635835,-0.37712676860944205,-0.25311266453488684,0.42997335674218712,0.87984080251766394,0.20249215964310899,0.14633363605680599,-0.28923271361185054,0.94600787752276194,6.4951858666417746,5.952069385457758,-0.35813481730746921,,0.1126674874651038,0.5,False,4
0.94639362151584927,-0.23082725015052255,-0.22595993835647576,0.2867282252806545,0.92245281649912014,0.25858794666466117,0.148748236902225,-0.30951507543379458,0.93918814946617124,11.797476449522396,14.083347271947369,-0.12810552713698978,,0.2040257144039181,0.1666666666666667,False,2
-0.33117943691274876,-0.90585456643050699,-0.26409787019806313,0.92078271070929407,-0.37140250784430645,0.1192450285160977,-0.2061052649133438,-0.20368525141491789,0.95709609660213468,-17.93157602266481,2.844993039604633,-5.2543299553818716,0.3138269215198808,0.2990058586728915,0.7131147540983607,True,4
-0.60753469757346423,-0.73345922557218324,-0.30485923910449653,0.75586653336444876,-0.65179870039510623,0.061840422887149998,-0.24406428453161713,-0.19286269360947955,0.95038760852073723,3.2863850139713704,6.465698950049962,-1.1810708230351612,,0.09907711607443079,0.2592592592592592,False,1
0.59987541919703424,0.79195607542600088,-0.113820279559615,-0.7622263766657994,0.6089188648350331,0.21961048873617661,0.24322917620653522,-0.044982114710865856,0.96892526915032473,4.8975147460258643,-11.7472883698847,2.1638477013605604,,0.2384068514274645,0.2857142857142857,False,1
-0.83041073381756048,-0.44884525667700403,-0.33008475990135311,0.49405750098558016,-0.86707921123519316,-0.063881352237082772,-0.25753679131429597,-0.21612861217874171,0.94178724992284069,-22.848273660329919,-8.0254013400333317,-4.3461518701472652,,0.4486914939643115,0.2222222222222222,False,1
-0.62676521736141844,0.77375503837676396,-0.092024468987691094,-0.77852695028507291,-0.62677207029701854,0.032443174558194385,-0.03257529717005915,0.091977782546451586,0.99522808317094869,-17.635320254771884,-0.63415672413786739,-4.5894378343799502,,0.08588022946862617,0.3448275862068966,False,3
0.944145943761179,-0.20250039098416242,-0.25996543718458959,0.27979553554426045,0.90938006566029195,0.30780246014154083,0.17407726781177937,-0.36334761294240769,0.91524620567377468,8.4061967543639629,-7.5826696298224245,2.2259142004568981,,0.2541093490717338,0.2962962962962963,False,1
-0.957534189993967,-0.17011682975688699,-0.23278431911549002,0.16133145740411128,-0.98528629752702945,0.056418727009233616,-0.23895697488138187,0.016467426603551549,0.97089051288834527,-18.75020919914321,-1.2570444162986629,-4.7353215016887802,0.9804851936090003,0.6300227337879729,0.8194444444444444,True,3
0.25080884873892856,-0.8896531414662725,-0.38159167872668132,0.96477546076685561,0.19739458104313606,0.17390712945968542,-0.079392894495390637,-0.41176773459560712,0.90782382709953524,-35.261161979536503,10.550941688812385,-9.6507823015988876,,0.4694286409327201,0.25,False,1
-0.80818001071432599,-0.49933332934492236,-0.3122679882522495,0.52964477460484893,-0.84809345922505119,-0.014625223193699466,-0.25752957697237533,-0.17721092129155566,0.94988146963683195,-18.263619368768133,0.54809149180291905,-4.8951843600943139,,0.1760535534244677,0.2608695652173913,False,1
0.55587067738513929,0.82184679733923705,-0.12480237067711127,-0.78467724166896746,0.56832469352641801,0.24756548453870875,0.27438916966631366,-0.039684813611048614,0.9607995103758582,15.866168068900977,-4.8296401111171834,3.5256199177440597,,0.3978476061383469,0.4,False,2
-0.7073398911989105,0.68235647959639278,-0.18455327976367814,-0.70383302264158454,-0.70405946286668075,0.094442305070828486,-0.065493164207600388,0.1966975025278617,0.97827436741508156,-5.9994035030762447,-14.334663645275993,0.21706408077338837,,0.07818626982175092,0.5,False,3
0.90110660424513467,-0.30101147975051301,-0.31208809148092687,0.39835506928544445,0.85896011081544699,0.32171535058573641,0.17123120790437069,-0.41422170040489303,0.89392407751066227,17.402982947357614,-8.3437651696436603,4.4071680164170353,,0.348929210887205,0.4545454545454545,False,4
0.239353727592992,0.94822741714281511,-0.20874519986338982,-0.95245407542682381,0.27105265224720509,0.1391463039846606,0.18852328049918837,0.16551502979615623,0.96802053057846016,-21.304223953656074,8.4804983527050304,-6.7675610788898446,,0.1073421831101165,0.1,False,1
0.96435649120543177,0.075371583738846157,-0.25364479540224383,-0.0063236288157474613,0.96486471681225594,0.26267106800979484,0.26453084808496102,-0.25170459394993916,0.93095017471180919,-7.786080019976124,-17.721318561897547,0.39438028912771356,,0.386032901160193,0.2941176470588235,False,2
-0.97570125133502372,0.071310612440712934,-0.20717592692347178,-0.046275270757495081,-0.99129345645754718,-0.1232715802639445,-0.21416271257992089,-0.11068911300475785,0.97050618380442621,-19.657191506234934,10.368485010498674,-6.7693958402448375,,0.4879093992510897,0.3157894736842105,False,1
-0.66764777243271678,0.74189081512804711,-0.062003793386148753,-0.7430984358919096,-0.66916252911726404,-0.0051209569792844412,-0.04528980614473653,0.042655926364669236,0.99806277628481055,-15.017971364701358,-3.652557500503546,-3.5395032564121145,,0.08495300618391927,0.2758620689655172,False,2
0.25286117198538327,-0.9216006380442423,-0.29447154643296547,0.96282579552091074,0.20981004358368843,0.17013592533893218,-0.095014289355350945,-0.32654557043061316,0.94039368099240317,3.8487718265207715,-6.9994408797273078,1.0963982983734266,,0.105743602654537,0.2727272727272727,False,4
-0.96305966847212299,0.21265037184442354,-0.16521469158883106,-0.18977165898352161,-0.97122901618960678,-0.14387812744823414,-0.19105703967403603,-0.1072101556094229,0.97570650819044824,-32.684378012602956,10.220898449105581,-9.1884344443272674,,0.4948653868891237,0.25,False,1
-0.086695314729020034,0.99235400010944141,-0.087849080079570083,-0.99299428318147931,-0.07896997914686904,0.087898213647623902,0.0802887038937386,0.09485399759806433,0.9922481761972306,11.888276481655895,16.27888080514882,-0.41195788650128373,,0.2441762378133154,0.1818181818181818,False,2
-0.71232151132238564,-0.61202345450767304,-0.343548185324688,0.64866372512842208,-0.76099925362250653,0.010747450325873473,-0.26801760429104482,-0.21519160559483316,0.939073552322504,27.579364222987465,4.786240623048335,4.9664219463791177,,0.2577620370067381,0.4,False,4
0.5346378959165996,0.8237359846697937,-0.18873618574602302,-0.81162130786634079,0.56272211126213068,0.15689065655424408,0.23544250437676428,0.069302619407756866,0.96941424276519794,9.1808816358261449,2.4110806625656434,0.77752194609767256,,0.08228802535078822,0.2083333333333333,False,1
0.90445009440870949,0.38261970075393503,-0.18860591538720431,-0.32552155822801759,0.90480371039955709,0.27452861558678665,0.27569138878985572,-0.18690214081749704,0.94290076249038901,28.609858434237381,5.4296834084202628,5.1400314630929183,,0.1659588722059566,0.3529411764705883,False,3
-0.18821840071808735,0.9780824664832426,0.089042250584662225,-0.977488309825153,-0.19535932783956633,0.079695277032196199,0.095343787350257642,-0.072037641439244432,0.99283439728364575,11.598749925778183,-3.8220952087686206,2.3629449727606815,,0.3998668795035254,0.2,False,1
0.91646640310964278,-0.30791657763908775,-0.25549307854873027,0.37064776976355562,0.89385744854711668,0.25226789816808537,0.15069692346089314,-0.32589299300824637,0.9333189135378922,10.331096935944059,5.7599530307237448,0.65063554559692971,,0.1691205287719168,0.4411764705882353,False,3
-0.58387606825921723,0.81155878635763101,0.021472615115231325,-0.81165314522777321,-0.58296377119111109,-0.037046097237111664,-0.017547329028126682,-0.039058645193696229,0.99908283614503746,9.0810203949484141,-10.707881922446319,2.9013202286899524,,0.3336684427915611,0.2727272727272727,False,1
-0.7258315254808676,0.65293696907844279,-0.21642992175014444,-0.68454376674151807,-0.71655018007188898,0.13399877183869247,-0.067590147458421207,0.24541628684665673,0.96705864254291696,16.497046616864672,-6.9295955247145624,4.0040954815067487,,0.06257929620361094,0.1428571428571428,False,1
-0.012456997431491219,-0.95630447159235832,-0.29210713929558874,0.989722134595582,-0.053412186415455816,0.1326545688390951,-0.14246023833532442,-0.28745242381093478,0.94714105841667651,-2.3825906466093079,9.5231272182958744,-3.0379599728489044,,0.6943693417854734,0.3,False,1
0.79643692624173534,0.59496548601862231,-0.10818638068279054,-0.54710407075097323,0.78514158189333061,0.29022376220728952,0.25761474780441318,-0.17195571182331681,0.95082378750481722,-0.45474922988634164,-3.2993993295511208,-0.54900686025920076,,0.4969734740200862,0.3623762376237624,False,2
-0.75064510670992679,-0.59111132605191063,-0.29515982786550449,0.60649209440600316,-0.79369345452674356,0.04709606846036736,-0.26210544289553056,-0.14365966885161469,0.95428645403253132,23.271756497218785,-12.290003422582048,6.2611016776626691,0.4866206527725256,0.4527057366943695,0.4761904761904762,True,4
0.35179091203806223,0.9341869275545448,-0.05948057324563466,-0.91250738500860695,0.35640923800591828,0.20075539187976085,0.20874248851679417,-0.01634746005475271,0.97783400126891473,30.542393724038032,3.6151445075887834,5.8565409425150063,,0.1950842560168665,0.3,False,3
-0.62770450517281717,0.77710869178029929,-0.04570706012489234,-0.77542959623839747,-0.6293576254879083,-0.051165618512609645,-0.068527333694699183,0.0033257179275706927,0.99764369598417357,1.1106506686411979,15.186268402859616,-2.930433505725254,0.8040842310332635,0.4372082063797452,0.5,True,2
