axis_00,axis_01,axis_02,axis_10,axis_11,axis_12,axis_20,axis_21,axis_22,location_x,location_y,location_z,dbh,dbh_approximation,score,reconstructed,number_clusters
-0.59261602044121875,-0.72281484933924967,-0.35545034237020057,0.74208824072757651,-0.6615402560114968,0.1080256110841106,-0.31322722629149813,-0.19975781148912025,0.92843175379712939,-9.0594741131478447,17.683000476955524,-5.4906263538282536,,0.09406199337861527,0.4,False,3
0.93610447334588143,0.13728389224912513,-0.32382332823742416,-0.087069468066082803,0.98247350311942516,0.16481724242000739,0.34077459223439965,-0.12609103297688026,0.93165107668606462,7.8795437395853121,10.189255309083137,0.68921777193223199,,0.07500141850068211,0.1724137931034483,False,5
-0.73636523096686346,-0.5172444605816543,-0.43614723961147628,0.60501877667578696,-0.79194904159699053,-0.082273904631672334,-0.30285066698432589,-0.32446091214690392,0.89610634971299397,-16.981212501658195,27.128239501641687,-9.2065320701804154,,0.635571965127502,0.1904761904761905,False,2
0.25262567559006838,-0.89799258269725935,-0.36026322245459513,0.96666505076236908,0.21819571689417716,0.1339750303736652,-0.041700691448104524,-0.38209939878223254,0.92317988592852707,3.4740626228692326,7.9867505589865333,-0.64655247220599033,,0.09170951757634356,0.2631578947368421,False,5
-0.81259112955284896,-0.41963050897320181,-0.4044822519109057,0.45844404570244318,-0.88872270225854377,0.0010076955138084293,-0.35989541971523042,-0.18461363554505941,0.91454529272138008,-13.47839230515862,21.466475663301612,-7.3421322700223932,,0.3117891100766867,0.1794871794871795,False,3
-0.36767030886527374,0.92290515359987102,-0.11430057496667329,-0.9299417906532168,-0.36419258822731171,0.050715132623106826,0.005177835030383604,0.12493932983288131,0.99215087254172574,-2.6934992058532203,15.665119079006052,-3.2557140659995927,,0.2496315148186692,0.16,False,1
-0.32801820285512517,-0.7451662715450027,-0.58063007702616765,0.91206463024159767,-0.40990412451293701,0.010803655378617105,-0.24605318298683154,-0.52602836088846194,0.81409581419083998,3.4094671000142576,2.6394615110150723,-0.10199224567479857,,0.08504786003169923,0.1764705882352941,False,2
0.91468820251826877,0.27793405830430717,-0.29342486501385118,-0.17625471446198765,0.92765011488543458,0.3292408540612225,0.36370285646915379,-0.24943520919777556,0.8974978042361107,-20.37533154025629,-15.155812794999131,-5.8814703166770759,,0.4038459375565249,0.3076923076923077,False,2
0.53654424344878826,0.79286134339511083,-0.28894837769343734,-0.78714360402212502,0.59364574699363304,0.16730114680848129,0.30417958752853391,0.13767940015148714,0.94261294352713987,18.246459516568287,-2.9462586094290026,5.6042822420390506,,0.1405887408103885,0.45,False,8
-0.85812824197352955,-0.31399029045493337,-0.40623394470113572,0.38899096725769189,-0.91400502418393215,-0.11524254057618637,-0.33511482766261463,-0.25691421382740859,0.90647291135151953,-10.958749480862259,20.603103989130346,-6.4078762902046069,0.7851266819263997,0.4890827749612739,0.4871794871794872,True,5
-0.42693230666787529,0.86406714957291375,-0.26667727040785938,-0.90404637807371602,-0.41459253464688384,0.1039864246277729,-0.020711151948708539,0.2854837845552905,0.95815972412794792,5.2559508607752079,18.565171961363617,-0.75975301269272433,0.25969732820116,0.1788890210519367,0.5208333333333334,True,5
-0.09283323470346351,0.99565049525888016,0.0078792020686798692,-0.98958528805740509,-0.093136297249287514,0.10975694873234809,0.11001340006942163,0.0023919501332090309,0.99392722589721128,-4.0932046017360051,16.688030102044564,-3.8326776748613116,,0.4517710994264892,0.24,False,1
-0.24037407722603066,0.93048308969265869,-0.27644442984755235,-0.96909837651327457,-0.21379151904075455,0.1230508960779335,0.055395303384582331,0.29748009375797019,0.95311959070238383,-9.3357440166608736,18.962221068343311,-5.7237150062977751,,0.2998455566019087,0.3157894736842105,False,1
-0.92480237647032204,-0.087767380502697279,-0.37018569852783456,0.15712223012381771,-0.97427911814393298,-0.16153267393812223,-0.34648689625404883,-0.20755020324821749,0.91480585036162776,-18.041841708985313,21.182411474009157,-8.7776591533915447,,0.2678517326678463,0.3076923076923077,False,1
-0.6879014417574435,-0.57358376853947157,-0.44473954950744954,0.64659386851551603,-0.76265558482355955,-0.016517509968947131,-0.32970892560889331,-0.2989282847197513,0.89550762418213781,-2.6737780971762093,11.275839812371551,-2.9989676532504239,,0.1276961148321588,0.4186046511627907,False,5
-0.7267084484906583,0.62778205710030532,-0.27889876241247508,-0.66809412290771231,-0.74035595385134223,0.074318937916553723,-0.15982826354708279,0.24033882412082114,0.95744042936975771,4.4089421224146248,12.150366589806772,-0.5773172921343831,,0.1248760710137226,0.3953488372093023,False,5
0.94445258270877175,0.080775109063780659,-0.3185666347414069,0.075418961514135588,0.89018763363759157,0.4493083096970657,0.31987700645538736,-0.4483763582911563,0.83464803484265193,-16.000590337111827,-16.797250972531746,-4.1878871563968048,,0.6400795690041292,0.1428571428571428,False,1
0.94469352655244221,0.086790388148470538,-0.31626186841753168,0.064767411190317259,0.89598084991788884,0.43934439683250964,0.32149544839330879,-0.43552927009037545,0.8408061200758058,-30.841747825566063,-17.769221541921915,-8.7697985751898404,,0.5455686329816136,0.3934426229508197,False,1
-0.52109235167521173,-0.68723962189975429,-0.50612692391995884,0.80298498292562503,-0.59573285995178127,-0.017817877808647228,-0.28927128827716403,-0.41569707921123705,0.86227493301946068,-16.788586636656753,-23.041757288639122,-3.7103544679396072,,0.3805261007872609,0.3611111111111111,False,4
0.036307663810492073,0.95511769720117101,-0.29399309182659,-0.98695806791479479,0.0804386820733511,0.13943955896444407,0.15682960730206719,0.2850961292607036,0.94558165768697355,-5.4524292183145224,17.496742313767331,-4.337122793249879,0.5019068856811183,0.5429565123581735,0.832579185520362,True,5
-0.89086352767538879,-0.29577257124648482,-0.34479089482758452,0.29451050835368486,-0.95392541203432191,0.057357377419167008,-0.34586953541330789,-0.050446946125545941,0.93692548801897269,0.70522243746984858,12.642210889988059,-1.9292100010376798,,0.1073970544982334,0.2333333333333333,False,5
0.82685737895611811,-0.33185925852340253,-0.45406641298175299,0.5010472110998524,0.80138060014636892,0.32671214540954163,0.25545756421542565,-0.49765305810508487,0.82890461854412334,11.307885400088859,10.264295985114792,1.9580797883761318,,0.211441442509656,0.1666666666666667,False,5
0.80638745639553067,0.52484016483377172,-0.27254737486390956,-0.46350605719816407,0.84711921635847787,0.25990607575971242,0.36728926625830099,-0.083257640210737699,0.92637290560442298,12.01032350900268,13.120889799741526,1.9478329037951052,,0.5636455843032743,0.6666666666666666,False,3
-0.22172541879547675,-0.86681972506655647,-0.4466110196754105,0.9514282608541258,-0.2926406480133229,0.095633234696080149,-0.21359331241418461,-0.40371402671430917,0.88960265373145919,-6.712249867282412,18.086296619075661,-4.7963682579471358,0.2550241964714537,0.2314826363855587,0.5647058823529412,True,3
0.18719638021650759,-0.86562780110067872,-0.46437702914274492,0.97757235093245853,0.1177270893414569,0.17462139367092352,-0.096487377030489152,-0.48665063690166233,0.86825188953263088,-12.273752711286889,-26.232279258383112,-1.7116428553103231,,0.2320023935406768,0.375,False,4
-0.7829758921064417,-0.50971210731643612,-0.3565702175380886,0.5108221739641845,-0.85396273343425622,0.099037147030786782,-0.35497811054574352,-0.10460027514558154,0.92900447979158995,10.180313359188935,4.2317820500443277,2.0882746899232245,0.3658659516095254,0.3173256715907386,0.3157894736842105,True,5
-0.85783071170372549,0.42992603203424024,-0.28158493751828029,-0.45322821970029625,-0.89116812092004993,0.020088830805387703,-0.242302808331188,0.14485505595291076,0.95932599351820913,13.911066024178227,-5.8275126215139146,4.3661614037870597,,0.08037845665768739,0.1666666666666667,False,2
0.26758170515978685,-0.84812181227604311,-0.45726296876675065,0.96279095944221227,0.21670000060698319,0.1614765560484831,-0.037862903746627652,-0.48345682462711692,0.87454896903566237,15.754884481934706,-7.2409510559137384,5.2509661020501293,0.3697796667629666,0.264347308938424,0.4444444444444444,True,5
0.02773573051756606,0.98745427471910774,-0.1554502640448695,-0.96989386936655653,0.064222796984036712,0.23490703376595101,0.24194340540264239,0.14425493990331803,0.9595071135200951,3.5000313729317383,9.1747324258376715,-0.71261338601123603,,0.2232796694061579,0.2,False,2
-0.89475537633630942,-0.2904201883954452,-0.33921811668840024,0.2760355941311341,-0.95682218696762711,0.091080477047282921,-0.3510230295720535,-0.012141527862794765,0.93628810523856154,-6.9682619818091514,13.001324574121458,-4.4674792391018761,0.159709266276949,0.1206954421336965,0.6565656565656566,True,5
0.93617646068146476,-0.074872703854843389,-0.34346428152486502,0.19043691308684468,0.92928183382740126,0.31649495328099053,0.29547828448107716,-0.3617034027153293,0.88423030476469922,-6.056069579570905,-20.739320642869718,-0.53425399612476376,,0.1882849335804771,0.1521739130434783,False,7
0.20654959118282104,-0.89069706801819404,-0.40496419521484034,0.97605342677028328,0.15870270250533172,0.14877217585117239,-0.068242028634834445,-0.42599552256015316,0.90214790377548693,-5.8081349249545786,20.298161068619549,-4.6305768284545277,,0.08324630621568106,0.25,False,1
-0.26210862865173606,-0.89281574245887807,-0.36630467756214868,0.94004818287951275,-0.3220345407533784,0.11226383401027855,-0.2181936769277078,-0.31491872694294337,0.92369784820005052,-0.75484216254848291,12.562468669187057,-2.4969990038947496,,0.159839505524321,0.2105263157894737,False,5
-0.28151582378125811,-0.80971906980141828,-0.51488238361851824,0.92720086668938706,-0.36771180702605688,0.071320262086468272,-0.24707770796089709,-0.45732161000061983,0.85428891556383424,21.817762013329844,-12.30955103226429,8.1752122925975321,,0.3214807781291389,0.2,False,3
-0.17021230558167652,-0.91189298114729367,-0.37346882328097059,0.96463507128235593,-0.23160184638689571,0.12585612421438233,-0.20126338534531105,-0.33883886389327261,0.91906543512138583,8.8925075706831116,-2.0482102673112843,2.2402975884577945,0.1594540099373913,0.1481611212508837,0.5454545454545454,True,5
-0.7417304012360334,0.63019244403993224,-0.22955063789327429,-0.64994459830390594,-0.75985122480279521,0.014076054179564049,-0.16555371037160946,0.15963583445037777,0.97319492874835944,2.7764723439182721,16.280997417777225,-1.5534245146164556,,0.324856800811221,0.2,False,3
0.26266942343674327,0.95492518067344268,-0.13828475442796198,-0.93779209382175999,0.28638234117916628,0.19629351345915241,0.2270479305274718,0.078122045393938216,0.97074516906686648,-29.401080508610491,-10.242616877475623,-9.164356959942058,,0.1939587650212273,0.1739130434782609,False,1
0.5662232362566576,-0.73197429175522477,-0.3789523491581428,0.82068703423896028,0.54337127179071187,0.17669310350040301,0.076577010617397856,-0.41104902043671387,0.90839125064199144,-10.557797257239262,17.416225858731085,-6.0231256529396671,,0.104449625145057,0.25,False,3
-0.00030171443579374724,0.98096572811250804,-0.19418071283496974,-0.99194896668685173,0.024297050295768792,0.12428556165465317,0.12663789502864831,0.19265485619527634,0.97306060958559559,-0.66841172126851156,-24.018808480758917,1.8937854184381291,,0.1625589352005923,0.3846153846153846,False,3
0.10911168129399743,-0.91211086724327584,-0.3951561803412873,0.98855960089636696,0.057922509397721214,0.13926556782164909,-0.1041372002735458,-0.40583093618129912,0.90799597728040493,-3.2773208657597102,16.875956720258475,-3.5958502925200211,,0.2835348319545733,0.25,False,2
-0.87149805726314278,0.41991368138177104,-0.2533054211322312,-0.4408600494015314,-0.8970860726798805,0.029647850604522769,-0.21478722733963454,0.13751028467790061,0.96693193585668458,3.0545826800014382,4.1712109813519698,-0.39376846538297916,0.7353545872781042,0.7439923777786671,0.8692579505300353,True,2
-0.26803325213339041,0.94881503347923912,-0.1670574990671998,-0.96322898571580962,-0.26056522659119113,0.065541466022452977,0.01865735318016952,0.17848191767030691,0.98376628740623095,-19.553288794282899,-17.869198817154615,-5.2441670457970773,,0.4631518742521445,0.25,False,3
-0.91528503663538074,0.26642020875967065,-0.30211516690795887,-0.29089319312747225,-0.95599076088276624,0.038246768476468587,-0.27862959624467998,0.12288994048026483,0.95250386383745655,-2.0110930564740097,-27.510566975443464,1.9415659057339867,,0.2601915007320668,0.25,False,1
0.28516177094259926,0.93847117162589688,-0.1948194662244972,-0.92085944928263863,0.32463710865606488,0.21593661651120402,0.26589591771924009,0.11782447840134019,0.95677413908910391,0.51702208648505299,15.716803782902698,-2.2304842662725308,,0.644616148155561,0.2,False,2
-0.71978036303278048,-0.55082929182217044,-0.4224965328414963,0.60778815475785664,-0.79409919920184191,-0.00014409383509293716,-0.33542478728984659,-0.25689210400025914,0.90636452874871587,22.17093850138129,-6.431131152893153,7.5774784995959346,,0.3782798762715134,0.44,False,5
0.76804173776384199,-0.48643261477565403,-0.41652755051162915,0.61444561798538744,0.74303345244842001,0.26525058167916699,0.18046736987957906,-0.45965704587779516,0.86956709262922638,-4.5722492575743212,26.011041266369581,-4.9259421031792856,,0.2571469920897228,0.3636363636363636,False,1
0.89702749008065497,-0.21491857644513507,-0.38620161514214024,0.36750977048716887,0.84810478678836454,0.38164753270934682,0.24551629403375574,-0.48428119530440172,0.83975798492093601,14.033248839131842,-13.517233146129959,5.4542153571412353,,0.4583669899532343,0.5535714285714286,False,4
-0.024873822724385035,-0.92380121818427341,-0.38206361018072466,0.98801856848866865,-0.08094818544515428,0.13140281425730199,-0.15231743585249174,-0.37421745089505087,0.91474624797313731,-13.275510056954598,20.152193021038205,-7.1528478819229369,0.175265508560762,0.1128684114304205,0.3947368421052632,True,5
0.64086626308985539,0.75505688987196928,-0.13849016531910763,-0.69751064506365879,0.64809378530774464,0.30570139919267297,0.32057656317348471,-0.099315348775244922,0.94200166063629021,-1.4991253701366649,-24.472798519960833,1.6723731194208438,,0.1953588583115313,0.2142857142857143,False,4
-0.40920685627368253,0.88534756644503232,-0.22070214173965308,-0.91227230960166183,-0.40164192007321387,0.080268307406798939,-0.017577881347313695,0.23418679431121217,0.97203269670190551,8.9071514607632807,10.152362844013634,1.1515089111469696,0.7049598724113382,0.2743969312633203,0.6938775510204082,True,4
-0.89592246412564114,-0.22404412473026536,-0.38357159494531129,0.25133553907529865,-0.96765341528152959,-0.021847532852062715,-0.36626955247845749,-0.11597886905743786,0.92325268310435438,12.880153690234161,-3.920839922280217,3.8024153361885586,0.9209669695550371,0.4707339994268427,0.32,True,5
0.62954954128112972,0.74670884393347381,-0.21469344997986065,-0.70143977599877627,0.66506437506638538,0.25626474136007338,0.33414011390359322,-0.01073682490748365,0.94246225647046489,-15.30095333026174,-23.020251617316795,-3.119340597089963,,0.1872765817979073,0.2,False,3
0.58775897373379182,0.79491393497062157,-0.15050323845327304,-0.74903378567971046,0.60497419808330311,0.27010110618763922,0.30575770915174283,-0.046022338521497508,0.95099640780146555,11.669236896386973,-1.3761409598992731,3.1274940654262502,0.8365997897037507,0.631215095522123,0.4444444444444444,True,5
0.67623470985497536,-0.58413268099304727,-0.44888264411005296,0.72061161725010081,0.65109328246470777,0.2383200256242152,0.15305395869284708,-0.48463032150826812,0.8612246728950822,-6.8416959393393402,-32.514354143885207,0.98534227465772095,0.3746268071305955,0.3021113348972692,0.2666666666666667,True,4
-0.92691952757339258,0.34328042574512779,-0.15158739625497636,-0.34631156920426914,-0.93809510229766613,-0.006773188348810702,-0.1445284969768805,0.046218268524205006,0.98842065195757067,-4.8407808699087376,13.753041863912168,-3.869020475770597,,0.2409451952326661,0.2173913043478261,False,2
-0.62768740949593693,-0.57349956408069891,-0.52640931408888347,0.7087969181666125,-0.70064918439576107,-0.081839166681166392,-0.32189353015833133,-0.42448671404980831,0.84628339510911155,-10.679196194424149,23.041595667473793,-6.5661976668006554,,0.2982850244235097,0.1666666666666667,False,1
0.55554723866306865,0.79154941460879358,-0.25459141746397507,-0.77262956908889735,0.6045775783118984,0.19372532300147355,0.30726342864607936,0.089081288916342927,0.94744588731054136,11.963484461163581,-16.835965823138856,5.1879055773084364,,0.1001946357253576,0.3076923076923077,False,4
0.40636146059092748,0.88905398757277065,-0.2108396796795271,-0.87385303119564672,0.44555723240293216,0.19457551881884075,0.26692928504866165,0.10517490116181222,0.95795980967314853,-22.005793178922183,-15.240711928171324,-6.4003564340061097,,0.09227023298088605,0.25,False,2
0.1241745410553919,-0.88863977982105868,-0.44147482949004357,0.98733792339496207,0.06639308948190957,0.14406867353859756,-0.098714276474108076,-0.45377450279695902,0.88563208627034617,-6.3549048639269676,22.380109734382636,-5.1202408884149051,,0.2314138591102899,0.1904761904761905,False,1
-0.66712876426800605,-0.61316710292795107,-0.42304292426795997,0.67206312866476448,-0.74037464948845166,0.013286439861020863,-0.32135706461126889,-0.27544778503701212,0.90601222659665737,-19.313956923253386,23.00942394109553,-9.3917301835205542,,0.3685767530368451,0.3720930232558139,False,2
0.039134780236762493,-0.83572057964287361,-0.54775868933062088,0.98505845168554085,-0.059741769183874464,0.16152636867603121,-0.16771498364399284,-0.54589562534990144,0.82089563921678566,-8.4562038513704856,15.966944550042275,-5.2253479681828683,,0.2705680598777561,0.3120567375886525,False,5
-0.69985918341101716,-0.62636113684980366,-0.34332033094398179,0.63353700041415628,-0.76632818547486037,0.10663949199541511,-0.32989087968826397,-0.14287350486016884,0.93314477392710815,17.376395667027122,0.89724263319723441,4.9029154452700263,0.3386739579114296,0.3195914913679158,0.8448275862068966,True,5
0.67898997309019393,0.67406263251980747,-0.29088173521801802,-0.66043032404533208,0.73386417678839033,0.15898162506427102,0.3206312578716487,0.084160189324679391,0.94345782047131233,3.531981041561151,19.393027831857687,-1.443092436317839,,0.2551967972103594,0.3684210526315789,False,4
-0.94423133212381294,0.070682055732033178,-0.32160727360117902,-0.084867063865931888,-0.99593194943577301,0.030284213112392711,-0.31815840851133526,0.055889167917895478,0.94638872985839162,6.5800508095955577,2.7974105792020967,0.97573353097598736,,0.06624183149810868,0.1578947368421053,False,3
-0.4747043379833536,-0.71524582486126009,-0.51291246964596426,0.83478739673543001,-0.55055089108055688,-0.0048701726960335007,-0.27890104652272329,-0.43048475739442976,0.85842709643835768,-24.16013269917805,27.724980948191906,-11.657141267980911,,0.3635673987135357,0.25,False,4
0.9433201703863161,0.023914157678719059,-0.33102140294073079,0.13325455651132956,0.88618302613324662,0.44375992086069604,0.30395769329184802,-0.46271779440155486,0.83276765272965525,7.9526720714911905,-17.389348804104955,3.8800040817062316,,0.7838196836947633,0.3846153846153846,False,2
-0.73738822458293873,-0.49936703311628555,-0.45485291302030911,0.55324337125219081,-0.83283692779590601,0.017447746702320771,-0.3875311321841548,-0.23877859605943802,0.89039564444799024,0.19278853228642892,25.546698657858826,-3.2111875120933253,,0.3149963730798856,0.3333333333333333,False,5
-0.26022261818188974,0.92473526814477536,-0.2777568592056246,-0.9641048778254816,-0.23312492847241809,0.12710055970704076,0.052782322227006587,0.30086118322897792,0.95220616196619101,-1.5075532901106719,-21.495074434894267,1.173259303453668,,0.08707038514811824,0.3125,False,5
-0.043358571520266405,-0.8771597328332803,-0.47823721872264519,0.99100583720636581,-0.098420001972035265,0.09066936547001643,-0.126599624401626,-0.47000458115604982,0.87353776609468603,-31.938007169840859,-12.440399502438758,-9.6947180887254234,,0.26480185987308,0.2142857142857143,False,2
-0.94112271425688876,0.1854534804589795,-0.28265711258589937,-0.19382953612684028,-0.98103374662918363,0.0017026155059321202,-0.27698041020007313,0.056389667141755626,0.95921950449573412,-11.588685710561597,-12.017599723623382,-3.5116944181454199,,0.1517325704477099,0.28125,False,5
-0.83222774034748881,-0.32332308760187789,-0.4503989001093382,0.42752681687768213,-0.89146833581529272,-0.15001675602795039,-0.35301247718253531,-0.31740571397235617,0.88013396917239195,1.1905857826671682,20.178987799451683,-2.3680139015833803,,0.2414262533275151,0.2307692307692308,False,1
0.80901663112945132,-0.38558237090697206,-0.44364211454922942,0.52545533536513656,0.81268134205928499,0.25188435204480475,0.26341750339008457,-0.43689274600807637,0.86007903555037135,-5.1377717942683701,-22.822205962160712,0.0970653014646016,,0.2042283235488826,0.4666666666666667,False,2
0.56559519473813114,-0.73092792467736256,-0.38189847422578183,0.82440501346320838,0.51314901641676292,0.23881888687295344,0.021411433064216806,-0.44991383161373605,0.89281526345419526,14.418402572295896,10.766135100779092,3.0084540527855852,0.5191262436663324,0.2945045626274306,0.4166666666666667,True,5
0.71310491333532378,0.64261275627310088,-0.28023245360255755,-0.61342627877456057,0.7654664987518256,0.19434309814711043,0.33939590905875128,0.033314933043768064,0.94005347302718578,-2.6994357490128991,-30.97481751094471,2.2634122195162631,0.5374296873259796,0.4612521939451789,0.8571428571428571,True,6
0.14353880278825698,-0.91525576366693362,-0.3764352522925748,0.98532110190017752,0.096652634916020566,0.14071458458174424,-0.092406375561085177,-0.39110760058870109,0.91569422107896636,-7.5546068606062953,19.518640340832587,-5.1647125110176937,,0.08726927940435086,0.4230769230769231,False,2
-0.0077311719154630337,0.97612856416577953,-0.2170558803637149,-0.99013619759314286,0.022894165672993214,0.13822506065808127,0.13989474327724488,0.21598352575553367,0.96632322615448019,-0.19350209960637693,1.75225630299802,-1.3116436337471631,,0.4287751419834573,0.3774145616641902,False,1
-0.84902584417750937,-0.35781815699053021,-0.38874320887517522,0.37392590130847225,-0.92674568376476674,0.036357364508749782,-0.37327541607948733,-0.1144928126620868,0.92062851335346452,14.884451602662148,5.618650361537493,3.5991916961311339,0.5282056956977517,0.1938653175221276,0.3888888888888889,True,5
-0.89481310596413588,-0.29376732577910358,-0.33616999226494132,0.27048655766529817,-0.95579899198258478,0.11526191499125896,-0.35517112427278463,0.012208408154588651,0.93472157739785666,10.637098173471744,1.8307242928915484,2.438267726108529,,0.08794004701932365,0.1052631578947368,False,4
-0.9286956111008815,-0.14137834828237011,-0.34283614826752229,0.13657723098998797,-0.98989103760062924,0.038241255903256915,-0.34477691613138645,-0.011309125293310796,0.93861652541814544,3.8635733462935882,13.683622199070543,-0.97319000602713723,,0.1084307490933806,0.375,False,2
0.11013533199984465,-0.90881179985319704,-0.40240690984732908,0.98694143549866087,0.052116496197251005,0.15241546417592999,-0.11754493413638155,-0.41393838100822955,0.90268388995658888,11.101632653822247,0.19156967713905984,2.8052145188190312,,0.07878877501337687,0.3529411764705883,False,3
0.037487648501233276,-0.90733644192089158,-0.41873053073806993,0.98735157585726485,-0.030965456904784208,0.15549278481927953,-0.1540504523265829,-0.41926330824556507,0.89469924359918873,6.450123005212256,6.5945586563322092,0.62428008427491533,,0.1445480455357297,0.1944444444444444,False,6
0.045950886599348879,0.9944130423099764,-0.095032717021834245,-0.99032195573708759,0.057819652528850268,0.12617175502668698,0.13096159744675179,0.088315282172799936,0.98744593316744966,9.1770355793299974,2.1174983712592605,1.9245427094500471,,0.6547821450440541,0.2093023255813954,False,2
-0.031517003010601834,-0.91129435474402476,-0.41054753382879006,0.98734896489430812,-0.09224802428970473,0.1289663659129163,-0.15539852008100946,-0.401289049223023,0.90267291912980008,4.0267424302902688,7.9812896614984972,-0.38137012442113088,,0.1202233548219534,0.2203389830508475,False,3
0.80463826485262513,-0.48449885981262797,-0.34324643854703457,0.55863380515810623,0.81361537673949336,0.16111576728436672,0.20121017486582221,-0.32138897550058965,0.92532350664897156,8.4399444960240437,6.7231753302463861,1.3400044280875698,,0.132226466198241,0.6666666666666666,True,4
-0.93753916277886795,0.028748179697010517,-0.34668986200927043,-0.044295935897388276,-0.99833289639238687,0.037004027399207232,-0.34504809566040645,0.050049676771136066,0.9372496153833465,13.990311366575352,-3.867945707338496,4.1916757802437559,0.3203425835114717,0.2100472733075962,0.36,True,5
0.090805918801303745,-0.93124529369276232,-0.35289727695992901,0.98999864422540917,0.045994685156822306,0.13336856214706991,-0.10796744667955757,-0.36147848056614179,0.92610816784276928,-5.6296132870580493,14.677708729532045,-4.1385495709048108,,0.09893586911039289,0.4390243902439024,False,3
-0.26347293680331862,0.96372644436550825,-0.042583471005180895,-0.96354509926695897,-0.26078190781072202,0.059779914998481218,0.046506486116024981,0.056781484563321272,0.99730286761842046,-3.7800685291813494,21.541681255641539,-4.1710791755363017,,0.4005448739775899,0.3125,False,1
-0.3082558331204529,-0.81775094558913008,-0.486067621155022,0.91950717262355697,-0.38712058036019087,0.068148483148371936,-0.2438952661308752,-0.42593549658331542,0.87126003690590381,1.8478383030349272,18.107198644702461,-1.9441677590585986,0.4293630225621969,0.28828967651959,0.5813953488372093,True,5
0.82547056665272334,0.51915226798627734,-0.22153840803512623,-0.44569325834925588,0.8403327473624006,0.3085423685207343,0.34634644945784682,-0.15595446885250133,0.92505261504028979,-18.454763687293596,-28.570620791835186,-3.4925151817552123,,0.2780085731419579,0.3333333333333333,False,3
-0.93413400964791116,0.22075939403034811,-0.28046201519362673,-0.23760037657334193,-0.97098529030550396,0.027085550807442474,-0.26634510145922102,0.091939414603802463,0.95948289769593476,7.4087724060765865,3.5347535313812335,1.193941974032505,0.5577689903022904,0.3965324227955157,0.8285714285714286,True,2
-0.94179606109900027,0.046589890877651086,-0.33294077756624685,-0.07859402442095588,-0.99341983131150569,0.08330677092732626,-0.32686871771970871,0.10462514432500616,0.93926057116821704,16.788186491852507,-1.6074843923201385,5.0421152869715193,,0.1300445487465129,0.391304347826087,False,4
-0.87614703361419588,-0.3333989592128806,-0.3481544333838254,0.33224376863785443,-0.94095344360130806,0.064966877531208944,-0.34925700234978851,-0.058751603983273656,0.93518329504917463,-2.2821965338807821,13.889289127325792,-3.0684399534489732,0.2069082779219217,0.2265595683774614,0.6141732283464567,True,6
0.51954631758864489,0.79364238522991748,-0.316549187720716,-0.80221446317548872,0.58061820898145211,0.13904837457242022,0.29414890608693428,0.18169826572022374,0.9383294524217608,-0.026376731072097731,10.510160620678827,-2.031961309704672,,0.07345464295684874,0.2753623188405797,False,5
-0.94484049050954433,0.091358253821563512,-0.31453158339403609,-0.051428149619241574,-0.98978063027355767,-0.13300168932017559,-0.3234680709442983,-0.10948960404510731,0.93988320215100185,-15.136215221214931,-24.13332893286351,-2.975767238459099,,0.3545619584974771,0.2857142857142857,False,1
-0.12432276916886099,-0.90333060900243012,-0.41053338464184141,0.97511064321052743,-0.1877790742674656,0.11789085106489881,-0.18358399321220403,-0.38565895569343861,0.90419250568101295,5.313608831399967,2.3653702357084021,0.52650238802962912,,0.06682793276273075,0.2978723404255319,False,5
0.94459002336203668,0.043213374052665732,-0.32539559319064493,0.023395732526211657,0.97991260102534128,0.19805033211613762,0.32741766516861809,-0.19468923610393785,0.92460465815438975,-24.573389332542209,-14.456761956530586,-7.2848865494164583,,0.2674920448338772,0.625,False,1
-0.92178593893019312,-0.1060819555975268,-0.37290387700745076,0.17526293460506548,-0.9719656417227559,-0.1567344731196465,-0.34582305669837016,-0.20983186127725448,0.91453649650996438,2.5402275584774756,16.89485776371707,-1.6422780869484799,0.7495653194967682,0.5373048816782255,0.5116279069767442,True,2
-0.9299047935016338,-0.12192966947540002,-0.3470017733734298,0.12940907455787279,-0.99158995042905895,0.0016314503279436787,-0.34428239345740619,-0.043388084881881603,0.93786305377998735,-28.10507463652096,-17.305335220221522,-7.9102980828266283,,0.403425686548788,0.2592592592592592,False,1
0.13119605236937792,-0.91594188526690112,-0.37925988274059125,0.98809705188931352,0.089820272766832979,0.12488608668598519,-0.080323171565489904,-0.39113013360492593,0.91682354174391401,2.0997434703086286,13.723570416563975,-1.6635905332217817,0.2360973538545504,0.2104694261463609,0.3214285714285715,True,5
0.14203783361311256,-0.80604797485443025,-0.57455366681935427,0.98555770348683769,0.061093180753257842,0.15793554496439369,-0.092202315156638348,-0.58868861505767334,0.80308433404047563,-8.7393103587064189,-21.724556159887932,-1.2703318711046676,,0.4138954057326921,0.2258064516129032,False,1
0.94344543216244781,-0.054384109711730175,-0.32703682536172313,0.11767245866506397,0.97715646391673061,0.17697015990688811,0.30994178324893606,-0.20544491630754269,0.92829331429233941,11.042716317017565,5.5708133483195752,2.2778915216517004,,0.1452314756911396,0.6170212765957447,False,4
-0.57652706871464099,0.80582580880408605,-0.13513439571236027,-0.80749002573616424,-0.5871776937483949,-0.056411118593105297,-0.12480543808629892,0.076597139826217936,0.98922013768146178,5.3052996978862099,9.7342117483605879,-0.086570702342444267,,0.675610233776161,0.4810126582278481,False,3
-0.749469691748746,0.59985320693037136,-0.28012731263728763,-0.63707361435102516,-0.76856524844251806,0.058691300754125417,-0.18008995265633493,0.22244907062480374,0.95816701045819763,16.676519835859217,-8.4429970915080776,5.7957477598079494,0.6363327535603637,0.232895511408456,0.2272727272727273,True,6
-0.10596133494506747,-0.92143262354541733,-0.37381026706454867,0.97851395567213595,-0.16348948089763696,0.125624950510203,-0.17686897424796952,-0.35246717563771979,0.91895824499616996,7.8384395720801123,4.6118286032182105,1.2736631077371019,,0.08658830258237096,0.5238095238095238,False,4
-0.88240923646335478,-0.29229968082577318,-0.36866629354107128,0.30624097817259011,-0.9517094726766262,0.021576443299909084,-0.3571699913095378,-0.093861473495413253,0.92931136929514402,-18.422309441683588,26.141677476053648,-9.5900066618352398,,0.1105625722997501,0.3571428571428572,False,2
0.76758025795424556,-0.42589610685602874,-0.47899170531834045,0.58937280482041909,0.76270735664892575,0.26630280706691839,0.25191316864548008,-0.48671346219155082,0.83645069262001792,-22.37754245159817,-12.149434961652705,-6.8796060775486865,,0.4673487769240756,0.119047619047619,False,2
-0.61231862220968736,-0.68404748411492133,-0.39641511622449144,0.7244200772663355,-0.68626481396921157,0.065239227166176542,-0.31667247519900882,-0.24722387543247143,0.91575045665698851,14.670209317962923,0.63640536920161506,4.0923025679666178,0.5281524267072925,0.2579697237398454,0.6,True,4
-0.88412541871863348,0.37689425668757942,-0.27617560220178605,-0.39326218631230697,-0.91941660718539209,0.0042373633981035441,-0.25232339723550518,0.11235578181660356,0.96109785219815891,23.311833611803173,-11.716452810681028,8.7015169122141884,,0.1908864966802307,0.6666666666666666,False,2
0.60982705625410061,-0.69416111837776284,-0.38242816736348262,0.79050470490937852,0.56727759684157975,0.23086454824805536,0.056685738740838681,-0.44309871344224866,0.89467885700357863,-1.9942634041276681,10.153568152796389,-2.7065369324648967,,0.1640942885138605,0.2180451127819549,False,4
-0.9246254352322153,0.25268621443158112,-0.28498680944540933,-0.23504614708089303,-0.96732172454997778,-0.095089378776415517,-0.29970170714239236,-0.020937006708084044,0.95380319169419936,-3.8039999512530858,12.366935529942795,-3.4463407972625406,,0.2346366441753273,0.2352941176470588,False,4
0.92266014390216666,-0.13513569268625575,-0.36116008004296318,0.2531556599115618,0.91876225718393711,0.30296555353541288,0.2908787904079212,-0.37096395961937223,0.88191568188480574,12.23054031234911,-6.8526472320473619,3.9125613936458778,,0.4628043549081515,0.4814814814814815,False,2
-0.17489041251049048,0.97251542174804761,-0.15371108637351974,-0.98132525005214011,-0.15947473034603488,0.10755725912816687,0.080088059172480061,0.16965130368870324,0.98224454080168289,13.370930759833776,-19.020021990580005,6.0860235226732797,,0.165539490759316,0.3333333333333333,False,1
0.14426099569332618,0.96960825280068919,-0.19760718919706713,-0.97105454578396744,0.17713327099148818,0.16024004936391215,0.19037288208634931,0.16877097027821869,0.96709592355540719,-15.977905558111921,21.589947484161474,-8.1770277929832247,,0.07804251135098364,0.4545454545454545,False,1
0.9443738487143517,0.050169126315884112,-0.32502475694805899,0.078125251234162835,0.92578282779445031,0.3698953918076181,0.31945966722583757,-0.37471217557695291,0.87036561656027356,-16.36136265011281,23.039051981880704,-8.5117613090866548,,0.3195483725720778,0.16,False,1
0.94641264354072396,0.047585063775627677,-0.31943507924417031,0.078281442507773899,0.92579112964467181,0.36984158775095299,0.31332909840160389,-0.37502859354549656,0.87245540293938584,-0.63316368125568934,-18.707548431960564,1.0034535594119121,,0.2348479400843806,0.4545454545454545,False,4
0.91069873231938336,0.28581785498373802,-0.2982213485389052,-0.21871186904605883,0.94610349461502108,0.23885831745121372,0.3504182319603929,-0.15230341837838099,0.92412701045906687,12.755214909783753,-5.9695958256034594,3.9843772809352229,,0.1971269910467021,0.3265306122448979,False,1
0.31960185457791179,-0.72483982676076764,-0.61029655094206459,0.94723509505082759,0.22774663286328997,0.22555962831030602,-0.02450161738353078,-0.650183586966677,0.75938196843534322,-10.256544243800281,-20.52285361433297,-1.884640456083811,,0.727241080020383,0.2333333333333333,False,1
-0.35487196891856193,-0.81936957674075162,-0.45022148148166619,0.90193925051366886,-0.42681368330120339,0.065845790523786418,-0.24611272632414946,-0.38270560024455214,0.89048579409373663,10.17601385044731,-19.34745749383967,4.9557750201311359,,0.1634834663134187,0.5,False,4
-0.79724285617194146,-0.45463993416736648,-0.39712259888238166,0.49692012575879024,-0.86778650895799969,-0.0041186753155516287,-0.34274511943815084,-0.20062179625050597,0.91775632821056996,17.224684404492713,0.0062581353549942542,5.005897001859724,,0.341450562957187,0.3333333333333333,False,2
0.10435682683269981,-0.88937358762937069,-0.44511153020414052,0.98929987734105551,0.046947761465288049,0.13813638328250261,-0.1019578608366318,-0.45476425686355337,0.88475650056552713,18.403587599911976,3.5395125898356046,5.0645589250163274,0.3896167527192958,0.2038900143591899,0.3571428571428572,True,6
-0.10083771432307842,-0.91796547429415154,-0.38362891363140533,0.97921579672854353,-0.15977644957222287,0.12493161969405588,-0.17597777930006525,-0.36305767333305317,0.91499778525776188,9.5645228448547179,7.398155598439808,1.6714241709825215,,0.1062948752007022,0.1052631578947368,False,2
0.68616751930781172,0.68450559234711694,-0.2462239417532055,-0.64654026989598745,0.72899108283195146,0.22485035146586235,0.33340638093741826,0.0049086858751510032,0.94277043332573363,6.0188058916632681,-15.949588273089768,2.9035174894296802,,0.4041694164896081,0.5416666666666666,False,1
-0.82537903778568855,-0.39190479152875735,-0.40639891530461986,0.45492450822856412,-0.88795719045421395,-0.067644066507398362,-0.33435480525479089,-0.24071282121536375,0.9111883460106206,-1.4641650074562529,19.369026728341041,-3.0860616929371996,,0.605687661927186,0.625,False,4
-0.94454731426198757,0.087055341011494758,-0.31662554969843981,-0.068939681609454975,-0.99530084971070865,-0.067996609214935902,-0.32105714665780882,-0.042397950027260517,0.94611031196865869,11.232327424166217,3.0424996357992069,2.6831722447197293,,0.0730627487999073,0.25,False,4
-0.15565283026267548,0.95062371125293821,-0.26848976895760973,-0.98335841980688532,-0.12333739202418158,0.13339454982712057,0.09369319412916563,0.28478491415867746,0.95400164467442639,-22.850682882837567,-13.511211095415376,-6.8732940828637528,,0.1376922903183821,0.25,False,2
-0.92426328679036118,-0.12816633336021144,-0.35959806407220524,0.1598278892955215,-0.98534351616299376,-0.059608732236866677,-0.34668778821126234,-0.11256796235406924,0.93120139140608871,-20.170504836677527,-19.067049282999246,-5.2331882787355273,,0.6265551598174608,0.4137931034482759,False,1
-0.52098289046348401,-0.72377497792536671,-0.45246724652006443,0.80612587976816819,-0.59147223173373564,0.017935023164494718,-0.2806027330806139,-0.35540171695849965,0.89160065375180197,-18.478387705602387,-16.33356858723085,-5.1342204712173505,,0.329074464933756,0.3793103448275862,False,3
-0.59929295786740699,-0.67273519200648335,-0.43390703161683797,0.73505762782714468,-0.67712172475324972,0.034589790983988442,-0.31707764731003357,-0.29821725520698084,0.90029341565577892,20.643754395330284,-12.241126171988537,7.7218925495524271,,0.257761789178319,0.5,False,3
0.93899812943991434,-0.099802179514782319,-0.32912313481802213,0.17011166857106283,0.96648766443951217,0.19225923827537267,0.29890555887154668,-0.23651875073735026,0.92450762431974143,-20.399374730248486,-17.408791925354347,-5.589361473464197,,0.1500406481445494,0.3684210526315789,False,2
-0.88149030906850745,0.36941898661840855,-0.29411638401173057,-0.39990806315693644,-0.91524556435075721,0.048980587566217815,-0.25109435684693393,0.16079542674495534,0.95451372682509517,15.375605007910341,-6.0400460985108415,4.9835747914411916,,0.1293282685645543,0.5625,False,1
0.60144893155780821,0.75748694814057682,-0.25391476153356263,-0.74445009895284819,0.64672569413242076,0.16595157943819894,0.28991935585101125,0.089215469205814163,0.95288371124566984,13.935912414607982,-1.374330412074678,3.965318517201323,0.5585044049557784,0.1950529971816264,0.3478260869565217,True,5
-0.5251979721251242,0.82613918595710045,-0.20411059625065195,-0.84874169542630984,-0.52591114823919338,0.055272041780683928,-0.061681638439085695,0.20226593777468366,0.97738624192056101,-24.763091845064505,-10.349984946811734,-7.7115465216578327,,0.2352647898059252,0.1818181818181818,False,1
-0.94460031493379548,0.057928952517163262,-0.32307039710756325,-0.069487397036255519,-0.99728565551845927,0.024347955771326035,-0.32078302118425805,0.045448407644062674,0.94606167640514782,-3.3494405753464265,-19.238258113318732,0.22701642224167412,,0.5582604230162431,0.1780821917808219,False,1
-0.73595160076016275,-0.46997494882532348,-0.48733847458946788,0.58437050083536002,-0.80444093596739408,-0.10670472479386282,-0.3418864710572575,-0.36331574149290352,0.86666909076733378,4.7834280454772662,-17.120786337983549,2.7104552865198124,,0.08097059254289099,0.5,False,1
-0.48353504462218239,-0.65332256088331997,-0.58254913274597153,0.82646399617544664,-0.55999805640398048,-0.057960675026041186,-0.28835936545902963,-0.50948190180282549,0.81072625965083978,-22.805282271512763,-14.629319780936379,-6.6655810957466244,,0.3773936233248116,0.2857142857142857,False,1
0.1906384549555126,0.96909272602251151,-0.15657671558196121,-0.94739928642070614,0.22340079240162494,0.22918699361845202,0.25708281074726325,0.10464881425312725,0.96070653900850633,15.770184921775824,19.185163042255308,2.6463479702208819,,0.4154511636442,0.125,False,2
-0.67993576400695865,-0.59998016978476476,-0.42155800631623325,0.66385276276369654,-0.74783606366707955,-0.0063821038799143776,-0.31142714428141877,-0.28419186783574879,0.9067789786164806,-23.920737777105053,-13.574126060016619,-7.1265540115356218,,0.5680235415097122,0.3428571428571429,False,3
