axis_00,axis_01,axis_02,axis_10,axis_11,axis_12,axis_20,axis_21,axis_22,location_x,location_y,location_z,dbh,dbh_approximation,score,reconstructed,number_clusters
0.8241517425545849,-0.47099366102271339,-0.31454550786915153,0.52719563283716842,0.8409185582356401,0.12215049378659945,0.20697504671254136,-0.26649756038529476,0.94135029630155609,2.0479380653808921,12.051831019231235,-1.8323316551447417,,0.07409667342103435,0.2,False,5
-0.7479725423045821,0.60819015133344601,-0.26578528134458401,-0.63938123490294829,-0.7677078455748545,0.042618074766417421,-0.17812555238482966,0.20181527113629169,0.96308975901718719,-3.750716803254901,19.773456784482452,-4.6803501786352744,,0.07392381062332659,0.2272727272727273,False,1
0.52790006054520022,0.84930281548676745,0.0025007364161058754,-0.83394911324207266,0.51779477819058928,0.19083355103680877,0.16078060392700882,-0.10282653006305054,0.9816192246059865,-8.8103437354143033,13.706905539868883,-6.0404372235498442,,0.2168543931546585,0.2051282051282051,False,3
-0.69834788368393153,-0.64601809900869012,-0.30817340752792355,0.67707390580858384,-0.73586846135484629,0.0082785056839736193,-0.23212315573264639,-0.20287489577680329,0.95129418017575851,-11.953805359747893,-11.418889788516504,-4.9824872604892692,0.199834040567889,0.1772204303589667,0.7159090909090909,True,5
-0.47524510270441861,-0.79948378806146292,-0.36737959249577135,0.86268007021035364,-0.50549966282791914,-0.015911861698699729,-0.17298898467048426,-0.32449308699532031,0.92993496959460642,10.245556207683443,0.65336456960049771,1.7211220679800918,,0.09606201058119779,0.1875,False,3
-0.90700904593055931,-0.21411654889256243,-0.36261369815614508,0.32488431057252509,-0.90364941434636747,-0.27904824080306034,-0.26792680967747889,-0.37090677998899763,0.88918130053113553,-11.937788858561781,-9.3053182693764906,-5.1298173260249804,,0.2953368542421596,0.2826086956521739,False,1
0.5916182698772493,-0.74484464095577907,-0.30853570877113712,0.79603135778122924,0.60031859660110509,0.077147002559101757,0.12775719226886745,-0.29124567535731349,0.9480791403723845,13.688468857018417,2.9704363055119187,2.6382252145010665,,0.07839526298318251,0.2962962962962963,False,5
0.96560993416327956,0.028824595157455633,-0.25839233301163311,0.017965576673201786,0.9840625261094631,0.17691292423636293,0.25937365536998019,-0.1754710443949957,0.94970270057473416,7.9967980967694263,-5.8953912135819122,1.5221541016641749,,0.6822369077154878,0.6124567474048442,False,2
0.61842981426107291,-0.73100809380190668,-0.28839509640269245,0.77426786280485194,0.62955607827888727,0.064563309469971061,0.13436458410095448,-0.26322293041870615,0.95533232303799254,1.6884644945931946,-8.7865552855676459,-0.48696911452701963,0.6148580561178905,0.5143959840453072,0.9646365422396856,True,5
-0.70673155995137982,0.67736331702447594,-0.20422888854980376,-0.68195450797295221,-0.72907408192439016,-0.058215394196693318,-0.1883309619368464,0.098132154851030745,0.97719063081889779,5.1440894808373043,10.564814108190188,-0.72974450353266507,,0.145758363252885,0.3333333333333333,False,5
-0.91395821183016657,0.33636601140030886,-0.22702046912746021,-0.32792535726097971,-0.9417134543500103,-0.075104793198773098,-0.2390509299154967,0.0058031259523524809,0.97098968925304119,-14.12467281013558,17.84162205404645,-8.6642560517610541,,0.1957675007164976,0.2,False,1
0.61067670169858768,-0.73617294938791378,-0.29175906942550273,0.78064607558632326,0.62150319426978817,0.065768413270533066,0.13291226683119922,-0.26792381025573486,0.95422804466429423,-5.5767434828151909,8.0264016534066336,-4.3366148167437055,,0.1004181031014977,0.5913978494623656,False,5
0.034506204191133968,-0.94254343155211096,-0.33229685750890198,0.99869968695533595,0.02003513874972377,0.046877803815817791,-0.037526752425899479,-0.33348234264088256,0.94200916662159673,-16.61074119540995,-12.638540400657867,-6.6060531183729756,,0.3361740822259165,0.5789473684210527,False,1
0.94923988424496664,-0.1057947273334427,-0.29622815164505167,0.17365099402325174,0.96148185705850131,0.21306799577147101,0.26227652284056574,-0.25369295263325214,0.93104828626171909,10.55582214564112,9.31939023720048,1.1744902043662329,,0.4755688912641595,0.5454545454545454,False,4
-0.58246579066477022,0.78726480661187292,-0.20235544711134767,-0.80329559586134058,-0.59556116889878274,-0.0048041408897807059,-0.12429717766319938,0.15975299174126703,0.97930035905981205,-5.2163505167272817,-23.504098081430314,-1.992784749687269,,0.07452511862785564,0.375,False,1
-0.69567358663433654,-0.63732589673427353,-0.33144224566457031,0.68076903451333193,-0.73219845915330994,-0.020950848701329669,-0.22932898313799199,-0.24021056963708723,0.94324286359745224,12.14970792216551,2.3093802412523834,2.2497629027456139,0.2240814175698378,0.09620499350474558,0.2352941176470588,True,5
0.9515392880989435,0.14728509649986185,-0.26996311517165333,-0.081209111957799993,0.96703387169911625,0.24135155089960397,0.29661096294503764,-0.2077320180801337,0.93213161373551401,-4.6014193135185089,-2.5380269132135931,-2.8663010651247354,,0.2838292562679304,0.3760683760683761,False,2
0.94248258097283766,-0.19567603575690098,-0.27099349363636638,0.22056267803285023,0.97324857240822271,0.064337557960608249,0.25115471252149857,-0.12040807836611866,0.96042865692482482,12.881337431482233,1.5959719476209118,2.475737157963001,,0.0953333221270897,0.4285714285714285,False,5
-0.92008698497963837,-0.27792804349924066,-0.27603612572951919,0.28413245187841324,-0.95861397945556215,0.018110444001531764,-0.26964548922731851,-0.061767637392534255,0.96097662256181038,4.860119009897816,-9.316519026176481,0.63358073276090554,,0.8734804421359296,0.689119170984456,False,1
0.92112000530901927,-0.18996190764393367,-0.33978288577235416,0.25732710019085947,0.95207904718525704,0.16531258699257029,0.29209707175333766,-0.23970807569852615,0.92586140383862758,-3.9529660368275756,-16.774712568796108,-1.9787409217394127,,0.1843757046314284,0.3333333333333333,False,3
0.88443579917193971,-0.36805043894509509,-0.28690101347924135,0.40668011691324552,0.90941479858756546,0.087040258601220527,0.22887682200371884,-0.19365845838036924,0.95399779970774423,-6.171816300792937,20.917528361599942,-5.8356138672674129,,0.09132532714142333,0.3448275862068966,False,5
-0.59885815381574159,-0.74853568632282863,-0.28471606542240302,0.77455986331698545,-0.63170926135387973,0.031629531424122906,-0.20353360839619433,-0.20158803392301899,0.95808994088878596,-3.8090588641388021,10.058456139793,-3.7512194878919916,,0.07380663371245069,0.2362204724409449,False,5
-0.4940260193700674,-0.72981055732271793,-0.47256199868977067,0.85205239548028688,-0.51456403962864317,-0.09607582670660908,-0.17304625838680265,-0.45011154122212538,0.87604485782234476,6.2379276107726112,8.3634183697264479,-0.10623378408684628,,0.4435886075417751,0.2293577981651376,False,5
-0.87766438624014875,-0.38587051216618212,-0.28426954280455807,0.40047320862605085,-0.9162791403931404,0.0073311699724265753,-0.26329913463294891,-0.1074080291273298,0.95871637149916455,-11.071996940927242,-2.9579289207828241,-5.3865841338434741,,0.07306708218112573,0.1,False,2
0.88632512814569042,0.38928610371183259,-0.25076701671947277,-0.37728441702117749,0.92107088842428164,0.096358119379186702,0.26848507573143487,0.0092058652045107214,0.9632398539072814,8.5824188570963429,-11.994489121982598,1.7944202105028251,,0.0943645479611274,0.1612903225806452,False,5
-0.35484073716185127,-0.84742373673439786,-0.3949190571111299,0.92896338432547976,-0.36721161100369842,-0.046718982508401119,-0.10542808844414128,-0.38344314202131508,0.91752726117747385,1.7756764240259146,-14.408635905185402,-0.30039706338798128,0.5232599512627847,0.3309835006259408,0.55,True,5
0.2521330010375884,0.94491007226536905,-0.20874363491909204,-0.96205012940001999,0.26802214393569251,0.051221859411001332,0.10434796744156039,0.18790711985332181,0.97662808478931473,6.9810484792821059,-13.953788067116442,1.4025016226501668,0.2044928621246507,0.2228883106236536,0.4130434782608696,True,6
0.92639880855953693,-0.23792711501063871,-0.29184916556705193,0.2854179093755535,0.94925351523830137,0.13211502872654854,0.24560509869943359,-0.2056901838942313,0.94729598528780801,-3.0360881873440073,6.2433027943279198,-3.3128827062045882,,0.07304670528259993,0.3147208121827411,False,8
-0.94885893150235734,-0.15509585720589561,-0.27497636841330925,0.17073916685308718,-0.98473831098417686,-0.033743084955940632,-0.265546351905872,-0.078966663584063068,0.9608586790115824,-22.943091670139964,21.363342920070043,-12.765319304379281,,0.2101482992969135,0.5555555555555556,False,4
0.90776482207974507,-0.28855362705950471,-0.30446647123342374,0.34974521897282951,0.92137591753959724,0.16954262114204019,0.23160593602102791,-0.26039051996735613,0.93731289733522483,-7.4982028727427652,-8.8607518818303568,-3.5328536798792847,,0.1278389092270362,0.1333333333333333,False,5
0.1328458994084325,-0.89694453718033462,-0.42171372307848809,0.99108844265673945,0.11601626618356875,0.065451698320683968,-0.0097808917079750951,-0.42665058678405499,0.90436364973069228,-10.625033536892317,21.203070026727922,-7.7310944090326768,,0.3563277955823606,0.4090909090909091,False,1
0.88780162672333052,0.38808910473076691,-0.24737647094394499,-0.37627328726395703,0.9215837412371739,0.095403465235128479,0.26500317899788361,0.0083818062830451068,0.96421110782050723,-17.49688892173306,-17.294326130616327,-6.5550663155947033,,0.08714259056385781,0.1538461538461539,False,1
0.69981255424670696,0.67188505464553749,-0.24255486443825902,-0.67734549365098351,0.73199499786141498,0.073392134023834127,0.22686002545491565,0.11293270761754388,0.96735760316480957,4.2811550818027371,-7.3998515808877396,0.34240613607916404,,0.1275726670159218,0.1212121212121212,False,1
0.75913203898501658,0.61921974082095665,-0.20071238119278598,-0.60332966355292339,0.78508010125816019,0.1401518879130543,0.24436011225968807,0.014701944976913212,0.96957309592950691,7.8325963826856935,2.8996236239737869,0.97113150047267438,0.6140684281137158,0.4251060077999859,0.5714285714285714,True,2
-0.95816293964439547,-0.062683177382363217,-0.27927513381119429,0.091620602227457368,-0.99155479997798501,-0.091786403612383549,-0.27116313602605957,-0.11353368625156382,0.95581413242671998,-10.779590052082693,-0.80278330023594857,-5.6100075603609056,,0.2145894210620694,0.2413793103448276,False,1
-0.94727824656117421,-0.12189457291447656,-0.29632015909482895,0.17901319789953626,-0.96835068058812135,-0.17392881987268377,-0.26574084851555824,-0.21780420679711482,0.93911827206785359,15.142233174241055,-9.7607722846088603,3.6846937657854437,,0.5568926184713664,0.4324324324324325,False,4
-0.82095649689499484,-0.45863239287454416,-0.34012756197060617,0.50907133469989707,-0.85768986179032947,-0.072211336845067406,-0.25860550340772787,-0.23243155807302934,0.93760266873499243,-11.212747356434681,9.9997014585438979,-6.6138422285862397,0.5656988840148942,0.3095172438302065,0.328125,True,4
0.90448980859693007,-0.23390793021267348,-0.35663043382178128,0.35066062390171732,0.88382445892119821,0.3096634506323111,0.24276596340744977,-0.40514368561816982,0.88143251642685527,-3.6777355990141016,18.049150640708799,-4.5490808960216134,,0.679883463177799,0.1509433962264151,False,2
-0.38357774597136896,-0.8533696490030005,-0.35302741388739156,0.91074143814309205,-0.4128891896468167,0.0085176241903594865,-0.15302988480874302,-0.3182495235397701,0.93557420610132902,-7.7758729623894354,-10.594385568189486,-3.6144616373674916,0.2583753427407705,0.1787493040791124,0.6746031746031746,True,5
0.56547498702219978,0.82438664283101915,-0.024994042771106145,-0.80334907112230547,0.55739959807854789,0.20960905989198608,0.18673057858629302,-0.098449739378397044,0.9774657742535815,1.8231137685145349,-17.805490562678251,-0.075503800976870941,,0.3546614210172094,0.2307692307692308,False,4
0.82765895004473933,-0.41689168627043205,-0.37574191186163397,0.5132736952955137,0.83305737033843941,0.20631415715479523,0.2270039121436648,-0.36361619826872504,0.90346692481134638,7.3201864243793242,14.515966430813657,-0.23854604830214943,0.5756702500585152,0.2454857049252477,0.2424242424242424,True,4
-0.95711414505843884,0.17894818920166244,-0.22783779078655841,-0.1339457356607115,-0.97066105316610596,-0.19968890746552964,-0.25688723835053451,-0.16060717744830733,0.95300277089037033,-8.4557981974648744,19.91143897848897,-6.636647179098909,,0.1478011002388118,0.5,False,2
-0.1285463959866863,-0.93790751840549624,-0.32218831604711817,0.98764929137693092,-0.15042304346200217,0.043838171018820538,-0.089580697259402625,-0.3125738231427454,0.94566003604067317,-11.779574950992188,14.056234550855041,-7.3875166763749975,,0.110839261470053,0.6,False,5
0.11573298385862696,-0.89738203964319241,-0.42580670658528164,0.99317239170974969,0.098227326808398713,0.062928472201488214,-0.014645026210841024,-0.43018236504289825,0.90262320821779451,3.3635339796110122,-4.9618867247214817,-0.018651863335372266,,0.07945914724031834,0.1111111111111111,False,1
0.44965090790233431,-0.82075764560443099,-0.35237898377241383,0.89150413772397041,0.43672404393559422,0.12038472440298659,0.055085691823270097,-0.36827842270544964,0.9280821999833524,3.4356850100186369,14.042163945251598,-1.547410249053778,,0.2679518343422658,0.2592592592592592,False,4
0.25052977760795309,-0.84490919169855627,-0.47261325448510449,0.96780908438914837,0.23072864981820129,0.10054783104029935,0.024091631442231823,-0.48258962684289269,0.87551518853649224,-12.921574977898434,-14.96601894600421,-5.0572478914875951,,0.6268164803528111,0.1935483870967742,False,1
-0.19432583727347294,0.95501276815297442,-0.22402696630708632,-0.98073777979672405,-0.19375471643035552,0.024749083627176892,-0.019770590465542685,0.22452109594820968,0.97426864941188485,-16.138498229463874,13.179157144692974,-9.0580323712702189,0.5246453388930756,0.3831015821575174,0.8769230769230769,True,5
0.20942101844419617,-0.89564248466176111,-0.39238676927580252,0.97774637235304773,0.19691140633005211,0.072373540797557534,0.01244461265971019,-0.39881128084098555,0.91694857756022585,-14.008873776707725,4.002513877562051,-7.2556447201315644,0.6393820805460291,0.4479020968082281,0.7368421052631579,True,5
0.31895517864129613,-0.8992018533156424,-0.29950562767936811,0.94674130444073645,0.31700011828605784,0.056496260694647971,0.044141777079668564,-0.30157412355893326,0.95242036492082083,-14.43761596544002,-19.779798140256002,-5.3025886007445671,,0.08575786587626844,0.3333333333333333,False,1
0.91270304386871626,0.35588183706282878,-0.20080157310530791,-0.31335759182290546,0.92497048282465766,0.21502703446327201,0.26225974407012886,-0.13333313148616127,0.95574165059830085,15.707974921020419,0.90219231754624873,3.3022235860159892,,0.3794922263389535,0.4705882352941176,False,6
-0.96347104442402032,0.091478316725291942,-0.25170471613697448,-0.056761174317943489,-0.98825281311757407,-0.14189625243553705,-0.26172832411975544,-0.12242587526462195,0.9573453866913213,-9.6577016542446419,18.809577692213725,-7.0175861002770041,,0.222874185105003,0.1818181818181818,False,2
0.60773063899229973,-0.73405018330867156,-0.3030409193731381,0.78098573268278693,0.62161128969906654,0.060503635135371513,0.1439609522611667,-0.27344054729167178,0.95105494653089817,-9.8759714038915583,11.466910583489964,-6.2287890079858981,0.6650942676570664,0.4136288856941523,0.919732441471572,True,8
-0.19935810868019169,-0.89986977791185063,-0.3879313435446205,0.97576380922946171,-0.21874496527637971,0.0059689835187552442,-0.090229336146669087,-0.37733940023155943,0.92166894486654982,-1.9518508093144222,-20.426501077990942,-1.152163148811348,,0.4771287933500337,0.7719298245614035,True,5
0.9742212262593779,-0.025628658194132341,-0.22413427713056949,0.069262927895345799,0.97952080856585966,0.18905457520475255,0.21469897327430032,-0.1997051763616898,0.95604507917216341,2.4803534111255452,8.7380947812225696,-1.4434016799616842,0.3750085941904424,0.3287350250454278,0.6334841628959276,True,2
-0.48226807582644526,0.83993474501216647,-0.24885161675184075,-0.87113260889691846,-0.4897949329747216,0.035055689249203062,-0.092441769536863783,0.23368899793023007,0.96790700560087817,-8.2132243052962419,16.623997236317354,-6.3119835108564324,,0.110223006063907,0.6511627906976745,False,5
-0.95558151163831639,-0.1067061469810108,-0.27473218379268133,0.13226365092921843,-0.98828173630862148,-0.076194070121560181,-0.26338242397301792,-0.10914672636081349,0.95849710008263134,1.1522135474365913,-10.709784795276567,-0.48512882177130512,,0.2029262735541178,0.28,False,2
-0.40651119689175119,-0.83617657904547271,-0.36818117205724732,0.90030549535305016,-0.43522255093387358,-0.0055987673387559236,-0.15555919078838593,-0.33375149410066229,0.92973720929456205,10.316936846081115,12.66564738248246,0.86394636852496565,,0.1995929310100909,0.3684210526315789,False,3
-0.86476680525554328,0.47236788005706609,-0.17043168255495672,-0.4635882572409018,-0.88140127324835904,-0.0906516589176109,-0.19303963395236701,0.00061758122098945489,0.98119076550738638,-38.060713173074866,27.356322802725774,-19.65091319685461,,0.3828264266905255,0.3157894736842105,False,2
-0.8510011875739224,-0.44741431914424717,-0.27498619196691104,0.47719375043113471,-0.87742136938718041,-0.049171791630898624,-0.21927859744453199,-0.17306694533449846,0.96018994430026416,-12.864605124544141,-6.9127202623859336,-5.737054563292407,,0.07304186810685578,0.2941176470588235,False,2
0.94312850079900323,-0.16400971082302213,-0.28915297981582755,0.21617222364224928,0.96337902400422226,0.15865190145169125,0.25254346300427011,-0.21213597258461475,0.94404455849784419,-0.5942757226482458,5.8713904671468118,-2.320723068165679,,0.07798782808558893,0.2323232323232323,False,5
-0.29531208389188512,0.95478576546600791,-0.034277035620373264,-0.95451570530292751,-0.29639253796431325,-0.032422704531339372,-0.041116194345848671,0.023143152390313448,0.99888630637322873,-12.001081244409011,3.8380029648923286,-6.5303856411234733,,0.4423045268116284,0.25,False,3
0.93619904391107578,0.22860910286461253,-0.26696297171597355,-0.22080777057029641,0.97351228824061509,0.059310649130626739,0.27345068775880255,0.003420925599587156,0.96187993982215847,-8.9595706148228338,-10.159792984832501,-4.0391399372317611,,0.07790752265056373,0.2325581395348837,False,3
0.087238513891892577,-0.94624312172690772,-0.31146973573439068,0.99594240429953329,0.075909827303667507,0.048336584868956693,-0.022094547110102645,-0.31442272930442616,0.94902591022835425,4.1721523258121538,-5.0461771375415321,0.22730146807217938,,0.06922115410902381,0.275,False,5
-0.26741300515000072,-0.91858773379229641,-0.29101006855945522,0.95696337661324893,-0.28851195880973896,0.031336008755692257,-0.11274475818243176,-0.2701063215663429,0.95620666937241361,-9.6363147716445319,14.70977603211044,-6.5273071469675852,,0.0782136143154907,0.225,False,5
0.8676124899466594,-0.39841880749047931,-0.29750801859180381,0.44441412412616832,0.88969879374756367,0.10455688729730073,0.22303509491944867,-0.22293162683207174,0.9489767311121371,-0.15861534098358443,16.224907215614973,-3.018403632328738,,0.8278804387480244,0.5918367346938775,False,2
-0.90864540940504779,-0.28670338963196573,-0.30358637377305714,0.33502059541324986,-0.93451418132681119,-0.12018504710666669,-0.249248311159945,-0.21091327903340101,0.94519356118802134,10.8486692130961,2.3786447578522956,1.8602757711459401,,0.2300766094516845,0.2439024390243902,False,2
-0.56044074879094985,0.79882389957469335,-0.21860133705656629,-0.81410919796848102,-0.579844870228994,-0.031719713936871265,-0.15209332949789453,0.16018833895574397,0.97529857745453707,13.926989759688722,-6.8682526408195761,3.2787869904565148,,0.09052809574383001,0.2325581395348837,False,5
0.87392657407827734,-0.36450534305613469,-0.32154035206072873,0.40668563446144279,0.91064546375070066,0.073018039366775686,0.26619379752823252,-0.19457824707249191,0.9440763570409425,9.0089921531319277,2.056758091916405,1.3164995930109149,,0.1903519799765461,0.3513513513513514,False,3
-0.20381780623054202,-0.91607268898835836,-0.34535363086698301,0.97345872738079098,-0.22714290160764553,0.028003720028444978,-0.10409806890399696,-0.33047984921761658,0.93805472191741612,2.7150965460014365,0.91178870264212331,-0.66715389346595433,0.4176716221780498,0.3663445055023282,0.898876404494382,True,5
-0.53449603699405923,0.84497222407485117,-0.018328310878140519,-0.83718260020096802,-0.53229413382883561,-0.12565129928558896,-0.11592791017866425,-0.051815978553048397,0.99190514869527657,-6.4196863427167594,-11.354839829331118,-3.0619019096459503,,0.2362259350922923,0.2,False,2
-0.54038765254762167,0.80676243848856122,-0.23898860395019428,-0.83402457107858929,-0.55114565823809725,0.025327420762317088,-0.11128431970070092,0.21300899335306586,0.97069200518983745,-8.2053420806014543,9.963649284867202,-5.4638468468282717,,0.06749708862204688,0.1829268292682927,False,5
-0.72697392941347205,-0.6221608908749211,-0.29055934302455588,0.64594645410775198,-0.76317059196846559,0.017995165465348292,-0.23294223399538125,-0.17460376118579984,0.95668774540129564,-7.8416341271281906,11.085135980914096,-5.4979728875421108,0.8369447519388198,0.8480822853603749,0.7667731629392971,True,1
0.93141739969721737,-0.23231314171567485,-0.28016465110264666,0.28294461234483925,0.94637784111399981,0.15592090364487704,0.22891914268209113,-0.22449852123031719,0.94720453972682073,-8.9450555356525481,-13.052537004751802,-3.8206689956758955,0.353270857713188,0.1649893155482003,0.3333333333333333,True,4
-0.55770136250373503,0.82283122580510204,-0.10916942842000449,-0.82182166468170148,-0.56584562485736611,-0.066542319538576616,-0.1165261417934807,0.052607059125654915,0.99179340369296431,4.6731728978597964,-6.4470026614592646,0.41294035468433893,,0.1195207114457793,0.44,False,1
-0.9627647835157167,0.037204246035051756,-0.26776821263716039,-0.049398646427549549,-0.9980194991875343,0.038946796692288677,-0.26578891126806281,0.050723991546681904,0.96269586647523897,-13.089870293091986,-4.7882314877156515,-6.0229076226088605,,0.2340720582432348,0.5,False,1
0.14360705623169928,-0.89314824327753473,-0.42621969561567674,0.98896286273467071,0.14538580622352196,0.028555620819428161,0.036461891504857603,-0.425616238974726,0.90416887116782452,-22.432160141012254,10.436046860335404,-11.478864411187846,,0.2174115290338331,0.2380952380952381,False,4
-0.37906441184816264,0.92515934718239512,-0.019757378147216093,-0.92329172739785625,-0.37955698270449384,-0.058897224034281125,-0.061988368174119839,-0.0040840177896483976,0.99806851619004799,5.8791508116389597,-7.3321870707087795,0.90879660779277582,0.8017086264595447,0.3160240744504435,0.1764705882352941,True,1
-0.46710977521979374,-0.82043307696839773,-0.32969383389787688,0.86863946634929368,-0.49543984350137477,0.0021997662938966211,-0.16514822249884531,-0.2853575435966263,0.94408534408599465,-11.163308587429849,18.488047677404566,-7.5615655177000178,,0.197589702385358,0.4444444444444444,False,2
-0.8389361228547022,-0.44828337545346553,-0.30859066262861384,0.47983375826049285,-0.8768207877638895,-0.030738747188573175,-0.25679903855569758,-0.17386006280097605,0.95069812893457917,-7.0517141056531463,9.5803036128083203,-5.0229959821526062,,0.07247946390223274,0.3153153153153153,False,5
0.79383641593858811,-0.50772041991715544,-0.33472932337774725,0.57718819317641445,0.80238014345917708,0.15178898194591559,0.19151379685945208,-0.31369743477047823,0.93000880911467654,7.6844060031507189,5.4079696365606278,0.68295669131986925,,0.2057637605172137,0.2195121951219512,False,6
-0.65894504227672523,-0.63105748399032757,-0.40933834801875479,0.71978260670049676,-0.68702663215711446,-0.099535952290076446,-0.21841343903332483,-0.36022334544925272,0.90693699397642025,8.133772245715253,10.382580882733134,0.23236299027100121,,0.323632435125388,0.2777777777777778,False,5
0.92079475792199128,-0.23726099447669385,-0.30958719980534094,0.30426460907491348,0.93354551774306127,0.18951468008133487,0.24404930126487143,-0.2687005522915254,0.93179394275255834,1.2116635204158126,25.153154779973629,-3.3162028798311174,0.3197771431192294,0.2411165676092091,0.4090909090909091,True,4
0.69387037529372086,-0.64171055651294262,-0.3267284253774082,0.70220941080742438,0.70348420914256293,0.10959886340903885,0.15951754029962051,-0.30547917956370235,0.93874204400881422,-6.2030760641351286,-0.68968594531002148,-3.8033708398264214,0.418931167811312,0.4118039701015619,0.8908081431215299,True,4
-0.6885917828854986,-0.64507371015434689,-0.33124200369258405,0.69307198577623041,-0.71981390386810662,-0.038976484325174504,-0.21328989445063953,-0.25641344010379702,0.94274045667902318,-13.36163115834648,10.917123350512565,-7.790731766660099,,0.1223251147166377,0.2033898305084746,False,5
0.93157884988586537,-0.2403649674386118,-0.27273710578790772,0.2696617785034307,0.96003046618240762,0.074993527827118572,0.24381011394053356,-0.1434091574127162,0.95916132215101313,-13.661053358250465,13.011795913540785,-8.0088816818509407,,0.08420612821727912,0.2413793103448276,False,5
0.8547714194072108,-0.4394503351077918,-0.2761326194751938,0.480729549875546,0.87090376486670573,0.1021064749046478,0.19561421328992878,-0.22002280635117774,0.9556804090512242,-3.7204870867618411,-12.261967378886666,-2.0669710764731373,0.6429597248887151,0.3531216874335107,0.6967213114754098,True,5
0.218031859729023,-0.91201305373067587,-0.34741084894970004,0.97583149928588409,0.20907499271271227,0.06356518247943338,0.014662644528460014,-0.3528736845487731,0.93555607507428729,-11.319370907077381,23.560642268354979,-8.1257878331998175,,0.1352153861336909,0.3333333333333333,False,1
0.95932152007507776,0.020065477248402134,-0.28160184257855198,0.031991128720192205,0.98331987770202434,0.1790491156059788,0.28049739536054491,-0.18077443054499967,0.94267800253166012,3.5034990010674858,15.364530407591984,-1.6402079253713466,,0.2544644535163856,0.2777777777777778,False,3
0.43658788791095593,-0.81491403830245346,-0.38119040689272021,0.89630427326043061,0.43055624216843214,0.10611301553009225,0.077650923140306818,-0.38799024795397286,0.9183865752655973,-6.7140328107584724,13.323190733734071,-5.1224999644969564,,0.0748249860665931,0.2,False,4
-0.90470403958151269,0.35882563633298198,-0.22968405141655535,-0.35382480498235164,-0.93311391968060753,-0.064081356707650639,-0.23731541910312773,0.023293252424743713,0.97115334332297054,4.6854110895951919,11.974544900375315,-0.92214753021721141,,0.1166664013546908,0.2580645161290323,False,4
-0.044448918473540822,0.99698870710721366,-0.063543776620684417,-0.99896375648153157,-0.044979663261065075,-0.0069457274082411272,-0.0097829894633961589,0.063169199722713842,0.9979548814067456,-15.623539593347163,-15.087510063918394,-6.0476150536559201,,0.2835248185616236,0.2142857142857143,False,2
-0.63376127761896239,0.7317759522353694,-0.25070021683436566,-0.76060641266472329,-0.6485302317227809,0.029772866084672209,-0.1407996022866555,0.20955308222885533,0.96760683013520798,2.2778894107210355,-6.5196934782355997,-0.28416047518336601,,0.06957832384576232,0.1976744186046512,False,3
-0.34477265112439326,-0.85407710545457616,-0.38946645166816418,0.920391035833522,-0.38909897253737585,0.038501048396840903,-0.18442386015360057,-0.3451873223464203,0.92023559608252192,1.3792578926921781,-16.402598559763437,-0.23886780185064962,,0.4544646900611488,0.4328358208955224,False,3
0.59187073056582984,-0.72842230760239612,-0.34509416118890163,0.79922284727347948,0.58589868787944666,0.13403569650364092,0.10455562488715917,-0.35513894369435661,0.9289480351322742,9.7024154566599705,8.0151387787531725,1.1039186168079798,,0.1334113602573395,0.25,False,4
-0.57521359262446692,0.7794124315546338,-0.24828528832403357,-0.80885202527490019,-0.58721998456725299,0.030513782681423771,-0.12201526162225668,0.2183780008676009,0.96820624077121287,-10.552592958746347,-1.9329271683008302,-5.4217059518539115,,0.06737989599638222,0.1578947368421053,False,1
0.66859566607995224,-0.67833624589684138,-0.30469619755041844,0.72785868633382256,0.68089138672846905,0.081293617261036705,0.1523206093327697,-0.27612833426065009,0.94897395906891535,22.482776588036504,-2.8565065845129229,5.4834897779755218,,0.4180628119393928,0.8507462686567164,True,5
0.91174551674499393,-0.30309002068715429,-0.27723014276096852,0.33466265465091144,0.93946486789264971,0.073530059006191764,0.23816175233947906,-0.15981927717052691,0.95798579236191261,-5.3826475376798761,-8.7534678822447098,-2.7993438823174621,0.339916170040934,0.2875222076274399,0.7941176470588235,True,5
0.62029497453284621,-0.66035956529706108,-0.42327223992363616,0.76899855366016134,0.61829794429901741,0.16232337029580643,0.15451656557753204,-0.42618411114949595,0.89134265822176295,16.398755060507618,6.0908317773201501,3.2440115057098358,,0.4043253877948709,0.3103448275862069,False,3
0.68819680677101525,-0.63854753243909523,-0.34444477636643023,0.7043853634879339,0.70181288704918954,0.10630113487471676,0.17385745556101095,-0.31577796057930319,0.93276892355943486,7.4510043078555324,11.653956707637205,0.0061484634266185069,,0.208820345584719,0.2068965517241379,False,7
0.62447877155705123,-0.70742167615880847,-0.33102996235274207,0.76965834811297351,0.62946979509706125,0.10674176427468521,0.13286192477382219,-0.32143793982839908,0.93756352306618096,-15.357383493535695,30.687398310201587,-10.221662001873618,,0.4732248728610067,0.6666666666666666,False,3
0.86159733276251083,-0.38250339663103461,-0.33367826980828097,0.46285426015254189,0.86189364246931099,0.20713590449177657,0.20836499234557068,-0.33291215153055709,0.91964859013001554,-5.3316591411960834,-10.200411301952972,-2.6965133533796588,0.8323235158397863,0.5481017937830893,0.6346153846153846,True,5
-0.10479252854697793,-0.92280398584268764,-0.37074429149155891,0.9933333528752295,-0.115131349587663,0.0057984832307238013,-0.048035154068499022,-0.36766503240717702,0.92871688254206064,-9.2114638264803048,-15.479483096049986,-3.8189665056593265,0.4988511117073742,0.4285945131775741,0.925531914893617,True,6
-0.1042604202454824,0.96241340276856702,-0.25077919957935541,-0.99440266550397716,-0.096535941225047273,0.042943577987617901,0.017120268947063658,0.25385282000249876,0.96709133083073295,2.2793686586565962,-3.2569883973098341,-0.47537665095234083,0.2780193269452002,0.2452001722784664,0.8835978835978836,True,5
0.92898413316354123,0.2961084326423099,-0.22205466995426923,-0.23529382492318626,0.93559667185989692,0.26324073308988982,0.28570141106302194,-0.19229837160725061,0.93882694890687868,-32.525654265396973,19.774114944485127,-16.414370975670064,,0.5116640569331936,0.6764705882352942,False,5
0.77409452663798983,0.57966262566739835,-0.25449735604419277,-0.56561706656621535,0.81383393770448376,0.13323534009205226,0.2843501324742731,0.04081130045456513,0.95785147069734733,-6.9306331481796004,18.796944796777549,-5.9178180745477897,,0.1067853471569402,0.3529411764705883,False,2
0.47102375179781814,-0.8264163327561167,-0.30850068103043016,0.87762566678704024,0.47429106041946117,0.069434710360070387,0.088937136444296155,-0.30345351367238227,0.94868653980172746,12.102571044522865,11.541079745617743,1.4383285765766523,,0.1177899411182032,0.1176470588235294,True,5
0.029779452581295138,-0.95581539968331186,-0.2924553058711522,0.99892237080244473,0.018037896711287152,0.042763669073834949,-0.035598894847760722,-0.29341362614995187,0.95532254379092008,10.201407510472045,11.071711333295593,0.8058642987508613,,0.09322443377501037,0.48,True,5
-0.80627653060216309,0.54880895924412287,-0.22074166451651506,-0.55295871942661246,-0.83180661731219485,-0.048315691092281648,-0.21013046140486125,0.083105220347620357,0.97413485285187995,-0.40101883543522221,6.8067346731388598,-2.4046738459983397,,0.2049058315401667,0.1746031746031746,False,5
0.82250741471299837,-0.44248502350066943,-0.35733535610089417,0.54362454444451425,0.79632066160438186,0.26522774850956926,0.16719422065261494,-0.41240805991102181,0.89552536798283555,2.7781013215491637,-9.4255129331045477,-0.159218591967178,,0.2961636039125032,0.2888888888888889,False,2
0.19972520092684481,-0.93550206257681101,-0.29145451622725643,0.97983136221817857,0.19260945206303562,0.053217483871811078,0.006351828744601537,-0.29620514831871136,0.95510322184625152,-23.492789925752909,9.1726175350387784,-11.526130992051531,,0.08009280005410445,0.2173913043478261,False,5
0.96248747695852455,-0.027362722896471552,-0.26994284227166482,0.05534971583568233,0.99378152899193983,0.096616155954124927,0.26562052943047004,-0.10793309978933008,0.958016795424247,1.2377639635184325,10.267848943686781,-1.9004427167892866,0.3817172283104208,0.3487220268655829,0.9324324324324325,True,3
0.87896286184767936,0.44857524307560181,-0.16187816033116692,-0.3946786986648933,0.8747789517359692,0.28105250473871674,0.26768080303362174,-0.18314485223282889,0.94594130409232668,2.5532758122887556,15.97356697093131,-2.0478036715672703,,0.5912352938081438,0.2222222222222222,False,2
-0.041647586454574038,-0.90204445255779508,-0.42962924033661409,0.99740806904613122,-0.062787514738388478,0.03514074265926749,-0.058673864234231113,-0.4270521438919187,0.90232136406777974,-12.150986591625298,-2.2354981956064535,-5.8893690788815976,,0.1993212199473252,0.1,False,1
-0.054083082139384488,-0.9063746422902772,-0.41899884014096828,0.997020397590484,-0.072130714363494303,0.027340205447757861,-0.05500315458969781,-0.41627174761036101,0.90757505757187817,-16.793252857545479,14.790124266680856,-9.487232305178825,,0.1200201560995943,0.15,False,2
0.032729496109961544,-0.94226978134940975,-0.33325131543645037,0.99854902664841128,0.01656238842784493,0.051239912851962485,-0.042762383749032712,-0.33444483318673313,0.9414446516342847,-18.740351514815234,14.223609924178788,-10.229159987011144,0.2552422967057101,0.2360984199315085,0.8260869565217391,True,5
-0.93993387575612486,-0.14203289197859936,-0.31040452123360812,0.20687619945684768,-0.96032569813926449,-0.18702083197233868,-0.27152632893397377,-0.24000252308992648,0.93202588033064271,-7.5796242564523899,-17.41460809784045,-3.1377038352106847,,0.2405902006395664,0.2,False,1
-0.18461075319379633,-0.93169625489544872,-0.3128273620050126,0.97779467246073148,-0.20623644090353213,0.037203614755232928,-0.099178870293178123,-0.29901274062695044,0.94908109907959393,-2.6611244767458051,-11.083044511958631,-1.7694487344376375,0.1597354986218414,0.1576382411411421,0.6736842105263158,True,5
-0.88143578734667549,-0.37316670439704475,-0.28951263100941915,0.39011296600282169,-0.92076656465798912,-0.00089842328995080184,-0.26623828902137425,-0.11373453361831329,0.95717377174763674,4.2371184181173422,1.8331136529202532,-0.2295068244332642,,0.08091751082396968,0.4899328859060403,False,5
0.45278022137132323,-0.82374774408088314,-0.34121800253883106,0.88935958147489513,0.44449690664370689,0.10706089306078939,0.063479177481545038,-0.35194055478991054,0.93386735670567,-14.047017196112357,15.790835749619664,-8.4866591713622288,0.2070382119241282,0.1540062946296002,0.4098360655737705,True,5
-0.93329792189877026,-0.21196292396021768,-0.28987360667310164,0.23210457331646001,-0.97200401810182313,-0.036546625555520441,-0.27401178081429478,-0.1013898794759433,0.95636689419638155,-13.953805417512202,-10.76489087700255,-5.7807301732586494,,0.140840649375064,0.1428571428571428,False,3
0.74333030711016046,0.63186506414021637,-0.21956000375887108,-0.62571973541488113,0.77284661146162104,0.1057493634241933,0.23650553322035917,0.05877632066888154,0.96985074979853636,-6.967448442801917,-7.3918438811404954,-3.5253332568226807,,0.08001088884031436,0.3690476190476191,False,3
0.68433414950146165,0.69154221116318848,-0.23120584336396049,-0.69378590715673494,0.71510169657149492,0.085385470609918246,0.22438334799360363,0.10197516236858277,0.96915075163933284,8.3351165275225672,-13.970415182873182,1.7914164823192362,,0.1025938739788025,0.36,True,5
-0.55448721051585459,-0.77879880652150713,-0.29328544514691129,0.80959100508949056,-0.58639528235280158,0.026513719327292819,-0.19263005438543199,-0.22273974004441563,0.95565719290570472,-14.711583413458882,-10.263538922246793,-6.1534686751439835,,0.08037899120193201,0.2857142857142857,False,1
-0.94613662945389487,0.19746482766278645,-0.25657965671839483,-0.2045565976601583,-0.97885425627538369,0.00097124933255537949,-0.25096230147040693,0.053403996176989522,0.96652260006323965,3.9630545087383657,-13.167503833254157,0.43149095305469015,,0.09818668362223043,0.1052631578947368,False,5
-0.93761309887666033,-0.1814741400608636,-0.29656165177594246,0.21359543001357487,-0.9736834714407745,-0.079482637854803972,-0.27433313524294023,-0.13786817592255254,0.95170042396521315,-15.067804437305446,13.208198039475739,-8.543564761912279,,0.1502265621333616,0.1724137931034483,False,3
0.66353589011848135,-0.68393857223614563,-0.30322953670817798,0.73370463962001753,0.67413051116909806,0.085003268825086506,0.14627926826701793,-0.27888363759545298,0.94911869244936531,-13.556157134020907,-8.4130719609608118,-5.830837119953185,,0.787199882739366,0.813953488372093,False,2
0.039971687943429125,-0.94674731922085975,-0.31948674105676095,0.99824829615802246,0.023879309659885582,0.054130562418783862,-0.04361884203597894,-0.32109078485419668,0.94604339461842735,-11.042148564299129,15.635629186812112,-7.2981545320201713,0.220053821251418,0.1827888957786327,0.8348623853211009,True,5
-0.27778481961470936,-0.91742504093046828,-0.28489803134692288,0.95282731918470387,-0.30088362104641958,0.039864099153072569,-0.12229347409782226,-0.26038498585694891,0.95772854470009527,-3.2958232994916425,-6.0403817203580621,-2.2617549878350585,0.5897355612727961,0.5375502455701586,0.9909983633387889,True,5
0.57065309510072326,0.80934422828750929,-0.13898548553594009,-0.79348514253815428,0.58703749745566258,0.16052509197068945,0.2115097482934776,0.018678777226817739,0.97719738520840349,-26.327498873863089,10.551911028149258,-13.044822688856669,,0.6060701643077281,0.4791666666666667,False,2
-0.96061421084096044,0.148852924863032,-0.234655374304786,-0.078517788904985314,-0.95541514976995201,-0.28463458752500992,-0.26656199045601164,-0.25499940852829611,0.9294729726540456,-2.7545121957901539,15.014741610490494,-3.8603654713949709,,0.45491646900966,0.1666666666666667,False,2
-0.84897526912913313,-0.39919998128364753,-0.34623744359940622,0.46420095700565994,-0.87648034685707432,-0.12767017305671879,-0.25250438396619207,-0.26911257220062829,0.92941915170789102,14.98603777431568,6.9564947483884021,2.7339283570953419,,0.3229522025515282,0.2380952380952381,False,2
-0.96341404285785803,0.046946328959681413,-0.26387387938461793,-0.015430745099887056,-0.9926223577698704,-0.1202611614821983,-0.26757293235665819,-0.11178952121104387,0.95703073556572171,-11.985840294157805,21.174841378710351,-8.2042227030688526,,0.5934894382432463,0.6206896551724138,False,1
-0.10126911737847721,0.98711509617266768,-0.12388846908977813,-0.99468246969993401,-0.098116733410156504,0.031303212240287641,0.018744341466810827,0.12639973707624938,0.9918022767316228,8.6550331829931171,-0.28771654036274924,1.418711110892541,,0.2966118051704447,0.2142857142857143,False,1
-0.72224062470921657,-0.61091973801736543,-0.3242615514063189,0.65745791675357301,-0.75198520846193428,-0.047616530244359183,-0.21475001214829118,-0.24757891662105153,0.94476828499217413,-9.8921885115091364,9.4459284771674703,-6.0732342510298452,,0.1279429079878731,0.1696428571428572,False,5
-0.89598483681113472,-0.24956163780189905,-0.36732841047509346,0.3135550167150174,-0.94126271695301134,-0.12533055958975456,-0.31447483793996972,-0.22747194686789293,0.92160842535795051,-7.7652025993257006,-12.202207692537016,-3.4749107790899205,0.4370032197251458,0.3964104297736644,0.2,True,5
0.87554622854453279,-0.38100093454401168,-0.29708094782068278,0.42893392212139175,0.89597774748612624,0.11506331501937676,0.22233868789530403,-0.22817134764531272,0.94789416285718175,14.079920081743117,5.5586788457632075,2.5904595909343748,,0.08487874490090747,0.2173913043478261,False,4
