axis_00,axis_01,axis_02,axis_10,axis_11,axis_12,axis_20,axis_21,axis_22,location_x,location_y,location_z,dbh,dbh_approximation,score,reconstructed,number_clusters
0.50548031441426233,0.85296250811307517,0.13017146958189241,-0.852603272969086,0.47059964883660516,0.2271643225448596,0.13250400243788774,-0.2258117141963959,0.96511748459429758,23.206851805199172,4.9521269446434255,-0.95862369202675757,0.5665469035901639,0.4360094136209071,0.7333333333333333,True,5
0.60459436511204612,-0.78261042675787595,-0.14827870246470504,0.79263829450841405,0.57273387271127474,0.20904651426880472,-0.078677746240942301,-0.24391972240677878,0.96659866607990186,17.947460102552323,-1.7511680624077586,-0.235166382856942,0.4532295869123527,0.3136635801863256,0.4096385542168675,True,5
0.00048696072086787937,0.99940895672208996,-0.034372955836242863,-0.99046700318491387,0.0052168863977234484,0.13765137012833845,0.13774933201708062,0.033978247747304742,0.98988413473945047,7.0186863438648572,-9.9693454151711585,0.40838995781390319,,0.2559529234170337,0.8,False,1
-0.66533107552848292,-0.74454684007211291,-0.05463115296919601,0.73511234806873593,-0.66614222929770461,0.12595382512315231,-0.13017064051844268,0.043640958799225374,0.99053070172615176,4.9463350922580709,-12.233057870529532,0.6757827528817888,0.5428786054699732,0.4478470625044393,0.8450704225352113,True,5
0.20486229910495066,-0.9764583567294014,-0.067531592449397715,0.97073235358764143,0.19385627204257047,0.14176897928657162,-0.12534008179203179,-0.094598220718334347,0.98759356039480783,-22.260572117769957,8.191079648620244,-3.2242127337495936,,0.07580991663498651,0.5263157894736842,False,1
0.63682245980007235,0.77070759228589736,-0.021609300938678504,-0.7587906722058515,0.6314533603069552,0.15969774428727701,0.1367255296847491,-0.085302174356388372,0.98692941418446689,-2.3691612936421476,4.6959194264003417,-2.5092565756538043,0.2262146137832875,0.1502937533495379,0.6719242902208202,True,5
-0.34692777337734426,-0.93158022843401878,-0.10862503417840429,0.9292357773438481,-0.3571117403515342,0.094826552227066999,-0.12712981618649632,-0.068040303452584786,0.98954965865411115,-7.5570390106303096,-11.233212848409156,0.26814251424129004,0.5133183122270348,0.2812719232144396,0.5769230769230769,True,5
0.99651496472207191,0.070166796580102775,-0.045105939106239973,-0.06033319383343054,0.97971207925769777,0.19111291813589548,0.05760061463931665,-0.18772549750698825,0.98053113503800993,12.642887416881184,7.5966334169762266,-2.2954485832993461,,0.7276967750584906,0.5853658536585366,False,2
0.85488946686649259,0.51875756211806301,0.0073885848473535312,-0.50677822977140197,0.83192938501083247,0.2259852300157264,0.11108476614948881,-0.19693676675730387,0.97410270743320038,-4.4189683167329967,4.9604563820395828,-2.5404083945311329,0.6102009680856743,0.5313694133521073,0.8030211480362538,True,5
0.078058710233925355,0.99425987383076531,0.07317199632815341,-0.98694032934841747,0.066692778915018083,0.14663171398517388,0.14090998567260377,-0.083662276628261464,0.98648111964047414,-23.669403724256327,5.7011274576861046,-2.8432456824188264,,0.08244834809378339,0.2,False,1
-0.99406769282392193,0.10515782273261498,-0.027771467405626526,-0.10591772737462837,-0.99399525854415138,0.027474734203272261,-0.024715523695032805,0.030253236353859819,0.99923665093840464,-30.415020885326648,8.4436481153206788,-3.3777912678326194,,0.2367060151031394,0.1304347826086956,False,4
-0.84665444159975212,-0.52765850002557624,-0.06894029206618002,0.52055882274219889,-0.84812837012191555,0.09847222887493888,-0.11042992612814362,0.047484472673720336,0.99274893919370721,-19.040069226325691,-12.908132398138198,0.48295247998392521,0.2812350110131977,0.3227113282258756,0.8518518518518519,True,3
0.99126290750372881,0.12499324162496031,-0.042125262673814313,-0.11658900298547194,0.97965829390827064,0.16332982446445346,0.061683487175314501,-0.15699145430506667,0.98567176620063146,-8.8848917369340334,-12.718017106449805,0.50948362439422257,0.2026691938873148,0.1885864000164896,0.6933333333333334,True,5
-0.42793220113754121,-0.8976893251669763,-0.10501384056797705,0.89165938664486977,-0.43830804361261433,0.11326781145840124,-0.14770771624282961,-0.045165632794638942,0.98799923895546926,-15.934940568927045,8.237182824489933,-3.151007796196867,,0.09687773799259188,0.4242424242424243,False,5
-0.66531829545009513,0.74651638692468647,0.008052936873627424,-0.7432035827402298,-0.66331042290446041,0.087565503872193723,0.070710680533178458,0.052273960240415834,0.99612621325779638,-28.250858082760349,6.4741758387382529,-3.0199963768627289,,0.09492345573552145,0.5555555555555556,False,3
0.67924434829231672,0.7329512167499922,0.037545028667595667,-0.72035354141557828,0.65603467206110211,0.22518722082683956,0.14042040693211053,-0.18000284141753667,0.97359184795202158,-7.8777351738966068,-15.686516039953295,1.029498929318907,,0.2705643104700471,0.57,False,5
0.92457592551461198,0.38015148791331915,-0.025381177988576059,-0.3690081321562716,0.91007170722372432,0.18868621071354136,0.094828035734891472,-0.16508886682082735,0.98170938148235953,-8.9732098529122002,-21.126001340109916,1.9968077573472522,,0.07869985856861067,0.1818181818181818,False,1
0.99804788146072632,0.013832533589099444,-0.060902276856144202,-0.0023205180235049078,0.98270370357755432,0.18517031665755912,0.062410267647708365,-0.18466751741837154,0.980817448102692,3.5246873614020902,1.0397267855738475,-1.9250719822415459,0.8638468151524991,0.2615533341851922,0.2933333333333333,True,4
-0.82827532684765559,-0.55383574721281315,-0.08500557655021479,0.54719241647772021,-0.83215394920281804,0.090001467629294521,-0.12058375630524382,0.028031588170828726,0.99230730511265441,-15.507475532971796,4.9624467718514902,-2.5894747288813318,0.2580198180035951,0.2258455489288148,0.7139107611548556,True,5
0.87447638017479457,0.48494560575167178,-0.01090045772132732,-0.47252830177245236,0.85673126035692149,0.20670885697348501,0.10958131474130234,-0.17561123822064106,0.97834177487735996,-13.939428974514096,-9.3474480831417743,-0.14574317284691607,0.2770448381090646,0.1679393261692967,0.5324675324675324,True,5
-0.96501076953843334,-0.25454350626809741,-0.062942974918439476,0.24983358855733215,-0.96545612279133397,0.074011168030841915,-0.079607742735276626,0.055696304917533128,0.99526907362538231,22.655438493910001,-0.48165211498135885,-0.10912134344036731,,0.2730362721252601,0.5882352941176471,False,6
0.44732257018213684,0.89304910682398986,0.048639603272640108,-0.88153455333858322,0.43106753883229099,0.19255546794421236,0.15099453458913834,-0.12901189776894195,0.98007988488605569,7.8447019588465974,-1.9805415773624169,-0.99998734099334741,,0.7709643150746182,0.6340425531914894,False,4
-0.28934064569191648,-0.93453387521612208,-0.20719176340801407,0.93862014588429965,-0.31945971408870427,0.13014496845632945,-0.1878143032112321,-0.15681813398934696,0.96960500223615742,-22.277882960335262,5.9913283523352785,-2.8773496177639881,,0.2482150012236164,0.4,False,2
-0.2479332972223445,-0.96286099068189523,-0.106900854774578,0.95729858629391218,-0.2604356186958704,0.12550978126893458,-0.14868926258520895,-0.071217983245652164,0.98631612683474257,-16.011212230668878,13.451449380830901,-4.1025317804583219,0.519185296345491,0.3689923622119577,0.6727272727272727,True,5
-0.83326196761125793,0.55273580534910249,0.012554792618445255,-0.55100402007757676,-0.83209119086306893,0.063394163346695231,0.045486956272789161,0.045906204081333182,0.997909593718729,-5.5676238458643352,-15.269415216617411,0.9505281346706389,,0.1168891890436924,0.4166666666666667,False,4
-0.94179894559847843,0.33596274493943307,-0.011990833263595423,-0.33617114983884028,-0.94098004159075344,0.039313093797047477,0.0019246001210316416,0.041056002492022056,0.9991549932686864,8.660427060480183,11.942605962628502,-3.1818668138468036,0.4098615138853509,0.376170897456983,0.6527777777777778,True,5
0.74664123207487576,0.66165405456587034,0.0688533415475025,-0.65353145851761885,0.71025165245216704,0.26160891215094534,0.12419139782427244,-0.24032582521550058,0.96271490818463124,14.380227290034458,1.2571087914240198,-1.0290566121687699,,0.3296176094638035,0.1212121212121212,False,5
0.69570920725296737,0.70173247386517656,0.15349343330092868,-0.70606732073096445,0.62873976943489918,0.32581473405410433,0.13212735348611429,-0.3350490075407011,0.9328904142538641,-6.5036107918012727,5.3065995054542459,-2.6143700652772499,0.5273456021362347,0.3684053726579766,0.6867167919799498,True,5
0.95532958759772768,-0.28199590720093903,-0.088451610399550448,0.29498171431696241,0.92823950466127536,0.22662129247891694,0.018198002060129323,-0.24258963355450333,0.96995829931647581,2.0869192759135147,-18.566575466036376,1.646309345110089,0.1648099171114231,0.131632888947155,0.3809523809523809,True,4
-0.9402476185216172,-0.33250992253968176,-0.073290976778061248,0.32840356077250171,-0.94245460029586969,0.062693122853262492,-0.089919503648370647,0.034878041714053155,0.99533813604715438,-6.8371659658300361,-16.70084233311243,1.1849163435971055,,0.07764830014562749,0.5555555555555556,False,1
0.48576986267201716,-0.87209506728317288,-0.058973164574812817,0.8684757944036976,0.47391949674824785,0.14543075718964635,-0.098880913499400508,-0.12186264490091253,0.98760926520728742,-12.023689347014525,6.7324392958196349,-2.8658460102201553,0.5512295284278601,0.4914933323717139,0.9919354838709677,True,5
-0.44005892753853709,-0.84516716867109687,-0.30338193303839789,0.88831202814115306,-0.45914387780519389,-0.0094148889404473135,-0.13133880216213492,-0.27364092616875035,0.95282252417337665,-25.424692623052632,9.4270090891079388,-3.4504015439595728,,0.3333095147178238,0.375,False,2
-0.88112571744756918,0.472202626477354,0.025340670875027241,-0.47237915852531798,-0.8813947265045502,-0.0011254691836226627,0.02180368417081046,-0.012962084626297089,0.99967824009464246,14.393931097897134,12.525449176045656,-2.7792626696807119,,0.2255185713886154,0.25,False,10
-0.64190771341897213,0.76450839203882059,0.059003440200085799,-0.76313372324897899,-0.64445676423710352,0.047983324907662786,0.074708820720038219,-0.014226648630672543,0.99710390360050338,21.699539495030525,-1.5784444398234907,-0.0069032055424447141,,0.1269675270762436,0.2941176470588235,False,5
-0.61646123816874543,-0.78366935926224457,-0.076406002309763243,0.77553766945519986,-0.62109015772415432,0.11308553945656025,-0.13607668827339087,0.010457118708669208,0.99064311615074474,-6.5929895910181928,-2.3845476744927412,-1.2195579779778429,0.2242768132536119,0.2082345750634088,0.7141041931385006,True,5
0.47641149763879714,0.86185133993147067,0.17390903592363427,-0.86666432333030308,0.42701709298985346,0.25797161270365365,0.148071049108148,-0.27362139929622503,0.95037166112168414,-30.35662330604459,5.3585029725468338,-2.8376132357111605,,0.4391513758415431,0.1875,False,2
0.91792588752018467,-0.38670533757081149,-0.088718920837248888,0.39657217651914928,0.88754715508491044,0.23450065311539406,-0.011940428432260571,-0.25043767566986891,0.96805908743936042,-7.1594192825626513,22.613259948349867,-5.29150200205489,,0.1715182952896496,0.1363636363636364,False,1
-0.64736119471215359,-0.74682601364628964,-0.15223136641981583,0.7462308150407243,-0.66169110804377862,0.07283164298196157,-0.15512270712087459,-0.066451357224570684,0.98565773109051558,-8.9436752032786888,5.2455660388459755,-2.5776612900680513,,0.2654423175414927,0.2098950524737631,False,5
0.9118758657752728,0.40508114583615784,0.066269681639958056,-0.40544195703200847,0.86371469635672948,0.29935554575697543,0.06402518953233044,-0.29984360687776429,0.95183747904770011,7.764345177274266,-10.615690024350448,0.58128907249673423,,0.2959274735285976,0.4418604651162791,False,4
0.5675938076719107,-0.81909482316355875,-0.083192188089749916,0.81614803999467622,0.54647941046517345,0.18778346772409013,-0.10834964838590906,-0.17448187471566953,0.97868096389495329,-3.0007569849171833,-3.9688205747450085,-0.98477623328393327,,0.08613387813029888,0.492063492063492,True,8
-0.96615002235447589,0.25719559031212652,-0.020113742278413303,-0.2578019361733514,-0.96544438262375309,0.038148470028445514,-0.0096070812277655182,0.042042506873838384,0.99906963301165663,-3.7792161341764277,2.304257665760729,-2.0796887304065876,0.4397051386675313,0.3919366012225894,0.9193781634128706,True,5
-0.38120582401769848,0.92418604608824284,0.023712274263910343,-0.91769713679128551,-0.38138388888386915,0.11125778365980311,0.11186637055014559,0.020651428899617866,0.99350864798668981,-12.652290070049524,-10.622196234292696,0.072764345742077144,0.2233372421710254,0.1515287596279922,0.7222222222222222,True,5
-0.28457583864991254,0.95670542141946269,0.061084602669635023,-0.94854214199477094,-0.29023228881790325,0.12662157552128725,0.13886827181422978,-0.021907878814011551,0.99006850668486568,1.7401582107432043,-14.982863235495582,0.97006365076805401,0.3824343750344366,0.3314476410198189,0.6379310344827587,True,5
-0.15192686869440106,-0.97919559776491494,-0.13451471252813046,0.98015647436094555,-0.16679091690875456,0.10711711256871281,-0.12732443731285678,-0.11557149888509824,0.9851049265476326,9.1423122594013631,-12.51517202893794,0.8866711772498167,0.5953945906192297,0.3143002721381457,0.4468085106382979,True,6
0.12904854313672404,0.99138241239078873,-0.022525228445185522,-0.98174646220300865,0.13092870618938401,0.1379549123715744,0.13971527284503982,0.0043111828762693871,0.99018233484345797,1.9579505137248063,23.765166433587364,-4.8491297424622655,0.7163283278953126,0.6473682779945827,0.8941176470588236,True,5
0.94780978940674987,0.31876061624414026,-0.0069478512064230641,-0.29654890902514736,0.8893505057573442,0.3480149744840717,0.11711254271309066,-0.32779162198080991,0.93746322855803932,-0.22102998720883099,18.67816774886202,-4.5087890139739883,,0.3380383425393302,0.4230769230769231,False,5
0.33175813965544637,-0.93187633741240039,-0.14677543576228189,0.93666114738339967,0.30687444788300822,0.16880156462222684,-0.1122605529773051,-0.193480141118796,0.97466045535759827,6.7199856211451028,1.5119925504589444,-1.8783979813190483,0.2404176886178295,0.2072674519218965,0.2592592592592592,True,5
0.69455976185482293,0.69954451942977314,0.16800060282016371,-0.70774023401212449,0.62244511623528331,0.33416438834098822,0.12919171170254631,-0.35099792394060014,0.92742113358320322,-15.990324945745845,-4.6219813825994231,-1.018401387553423,,0.5808790553900898,0.2708333333333333,False,2
0.19977485085261093,0.96997062939021528,0.13873351104605994,-0.96781988219024695,0.17322459966024939,0.18253195257215427,0.15301857600982283,-0.17073434391737499,0.9733627788255671,-6.1365751565260158,15.346248079026312,-4.2646984262523606,,0.3499673417623125,0.3,False,4
0.42478595134236202,0.89412547603407599,0.14176222574791109,-0.89267512058447274,0.38764321745914598,0.22992143233595821,0.15062544483473517,-0.22421500633266825,0.96282896004616503,-14.308000937494326,-8.0424188633722196,-0.37848548335301507,,0.2469184794437417,0.3260869565217391,True,4
-0.77877987119054704,0.62608025821171132,-0.039056657639815168,-0.62537155361092944,-0.77000785585054365,0.1264844728126818,0.049115498192413093,0.12292848411172586,0.99119940255798455,-0.35265264788620337,-3.5018404353443091,-0.98618774597930325,,0.08183335083100335,0.4413793103448276,False,5
-0.99756508603952299,-0.030074835431128929,-0.062923790324070097,0.031582799830946619,-0.99923395860719966,-0.023108931628741614,-0.062180590780366411,-0.025039972842916734,0.99775075739897512,2.5244727415546393,12.294864576264178,-3.6530013742214886,0.7759848032089268,0.6669530821446209,0.6105263157894737,True,5
-0.041988028221293675,0.99631248220101776,0.074822745850001593,-0.98941813797677058,-0.051873655551037789,0.13550229556118787,0.13888395778010887,-0.068341507667144474,0.98794771349556443,3.4483227166004573,-10.308718091160197,0.28588964017422602,,0.176407245548292,0.3809523809523809,False,5
-0.6348278070415696,0.76556721143613826,0.10440546049267294,-0.77053629007131819,-0.63727852182569655,-0.012243827129797602,0.057161884940236496,-0.088220918117817348,0.99445944538554631,-6.4697606058082737,13.57759047957577,-4.0141948985880243,,0.5946834533782845,0.3888888888888889,False,2
-0.94772446977830938,0.31873366444417589,0.015072509194265164,-0.31908103118171866,-0.94699152177734047,-0.037341039378263635,0.0023716921036918553,-0.040198368521937942,0.99918890418415918,-25.741145475571269,6.4108398468423218,-2.9856318446581094,,0.4363696287633999,0.4081632653061225,False,2
0.95197203290995436,-0.30080418915273816,-0.057149701184283586,0.30617924472646979,0.93636831149192312,0.17166436826695802,0.0018758080972362534,-0.18091772998224642,0.98349644448877072,1.0878767532830409,-3.059785408458406,-1.0287026949889653,0.2964403890535334,0.2182961477327542,0.7043701799485861,True,5
0.83930302042687632,-0.53738157686628096,-0.082410440764696738,0.54267737030666774,0.81897134891997236,0.18651327407249091,-0.032737007489414813,-0.20126343555874643,0.97898994777665005,-14.700797697372471,14.024053475677084,-4.1590355110792796,0.6103119180637477,0.5759441021190408,0.7211538461538461,True,5
-0.1463734377813819,0.98921664539805809,-0.0050244581272985353,-0.98094474690354516,-0.14448973708591334,0.1298850237678838,0.12775844486530044,0.023940433251231942,0.99151633139416517,13.369631607746376,-7.3518104131805142,0.38759682849059701,0.4805327114137929,0.4334002822238756,0.952755905511811,True,5
-0.38850639381101915,0.91906885608984223,0.066145443786134475,-0.91869334346792741,-0.39189101955178884,0.049233824372868593,0.071171080051354349,-0.041639723346425524,0.99659460705141045,-2.4992674260104946,-12.450640923778408,0.48545105255760179,,0.2649374115690044,0.8301886792452831,False,6
-0.93592774843199833,0.35177072236225282,0.017222328638941027,-0.35201602224259182,-0.93588673498109443,-0.01416825221854856,0.011134172601140531,-0.019322996019357531,0.99975129508559402,-4.0076045989002722,13.920366478052019,-4.0946224788966079,,0.183777065761229,0.3636363636363636,False,2
0.9966777938103436,0.076100101400803769,-0.02901981895417971,-0.064214941238825415,0.95341591924119917,0.29474484941921086,0.050098070292578997,-0.29190214028719691,0.95513523851270055,-16.310437616597795,6.1521185390837925,-2.8042241795341227,,0.1419742740007507,0.3,False,3
-0.11247987697100359,-0.94266939569705333,-0.31420166723418308,0.98509969743219206,-0.14719234274982679,0.088955046820407779,-0.13010327972649777,-0.29951431460277478,0.9451795130833287,-0.33856340857645112,1.1323271307963256,-1.9497718425136215,0.5125049013516625,0.7049989928739547,0.2756598240469208,True,3
0.96226945804527897,0.26888804645942188,-0.041673835730359196,-0.25517998654254093,0.94495418366853401,0.20480421195737986,0.094449269882799392,-0.18644250920476921,0.97791539827330476,-12.573368942082466,-8.4848219606883468,-0.27052982856280616,,0.06750782657711386,0.21875,False,2
0.66333656805325791,0.74831827311559618,-0.0020879666227917038,-0.73602215007929517,0.65293554820256838,0.1787360189946717,0.13511473670913027,-0.11702534774442647,0.98389485002683053,-28.144822650651861,7.4338741413667204,-3.1811364274276395,,0.1119757076816995,0.1538461538461539,False,2
-0.27033744756120492,0.96222061326869657,-0.032390675307971593,-0.9551073767328262,-0.26380024275661712,0.13483074883753213,0.12119225782463408,0.067386373417505793,0.99033909007016596,6.9361680264498835,-0.10309116082047826,-1.5139670751858068,0.3137840226767635,0.2402063264427533,0.7948717948717948,True,5
0.95094421628786185,0.30738521204305086,-0.034920322534480956,-0.2970588697479245,0.93880565910718183,0.17435584972238446,0.086377806251080269,-0.15542929532613126,0.98406331541302383,2.6402484878764292,1.4963686565085128,-2.0448548207313886,,0.06527988652394359,0.1666666666666667,False,5
-0.97417264554880734,0.22504298828933411,-0.018528628828001006,-0.22405192235028271,-0.9735555864648977,-0.04461228703096054,-0.028078332492903802,-0.039308694773505175,0.99883253539300698,-12.133119090789894,-6.7674175116853785,-0.58104211215879575,,0.6220120376908378,0.6020408163265306,False,4
0.84339744217841239,0.53674548502511599,-0.024187575985689401,-0.52532807135707282,0.83323061765341633,0.1725026238906624,0.11274383340639373,-0.13278185911508456,0.98471204213149144,-12.267248602475863,-22.93536032599296,2.2231455834631251,,0.2050155731787375,0.5217391304347826,False,1
0.9955922877130563,-0.081144955623646667,-0.04702651191741123,0.08813503959980408,0.98091566593122204,0.17331090884721415,0.032065736246388921,-0.17669168771490865,0.98374378577525634,-15.242507610149115,-0.10048258560838111,-1.7212761064231354,0.3892529200732485,0.3516908181981362,0.9670932358318098,True,5
-0.59303189256333444,0.80516114234030378,-0.005358103023173022,-0.80103992662793722,-0.58929645934132924,0.10518896784208019,0.08153655836898481,0.066672467128719964,0.99443781694800359,-12.315332057090565,4.2891254861024422,-2.3923170188917835,0.437024982718715,0.3714329090802609,0.8675305975521959,True,5
-0.73263259199484754,0.68040828725142677,-0.017147821625193675,-0.67814494152431049,-0.72758351182401326,0.10364203590640017,0.058042427860134471,0.087560241899015373,0.99446683233111643,7.3413619595994524,0.72370088893872864,-1.7118600453776376,0.4352236571903031,0.3736793885376474,0.9527272727272728,True,5
0.77356842791654157,-0.62594190602532696,-0.098937442922835198,0.63243338991886233,0.75262438664895248,0.18326085216712928,-0.040247914808904037,-0.20433615172716477,0.97807302511155381,-18.686733180289362,17.755108267965635,-4.8845567700167596,,0.1197084800191552,0.36,False,3
0.080234523659754448,-0.98776431155619271,-0.13373139507614801,0.98800332285815773,0.061048643188037648,0.14185378805706278,-0.13195398908078046,-0.14350863381978152,0.98081263082448555,-4.2936259971562611,-18.766375801025383,1.6121642861908958,0.2094317910547232,0.1723816470160202,0.525,True,5
0.90319634657567649,-0.41908492883333254,-0.092758729816185659,0.42655091375077797,0.85225743934846554,0.30283919008869031,-0.047861022875904241,-0.31308957104949731,0.94851686489451259,-5.829722273712707,7.2836169745791457,-2.9951825882518839,0.5602275384204607,0.5005433989730496,0.4492753623188406,True,5
0.58930301581207256,-0.783032381705417,-0.1989528706893656,0.80634971552635371,0.55474342009699407,0.20508504121378374,-0.050220432349448896,-0.28128282396874721,0.95830990870114796,3.8843708741922409,-16.432974400755583,1.3178231725349177,0.3319028634490572,0.2089865300973337,0.1923076923076923,True,5
0.9954600153551546,0.090292526070254897,-0.030110090749903652,-0.073015843827640675,0.92736232446575595,0.36697112381167962,0.06105771351150234,-0.36310656686064191,0.92974489873482224,1.8372792001773202,3.8173468825541024,-2.4937843011600385,,0.09886898533599892,0.2631578947368421,False,5
-0.9634899428007585,0.26430523728390742,0.042776999264639508,-0.26769484606591976,-0.94785949717392803,-0.17292149376792415,-0.0051574714282282205,-0.17805930237278877,0.98400624252439639,3.1744781875961148,14.959304136597925,-3.8858576508131666,0.6664795973218269,0.2735851272583359,0.1666666666666667,True,2
-0.60828199013256001,-0.7916112562971499,-0.057832857304659681,0.78165856702840364,-0.6101000852711852,0.12956762922580545,-0.13785102491993229,0.03360810699431209,0.98988261428958513,-8.1343757510857753,-4.3742000795863794,-0.93526383061766993,,0.07514026229615137,0.452991452991453,False,5
-0.86304806427918701,0.50511885851453286,-0.0017255482963773189,-0.50389075782845005,-0.86070132652259634,0.072714033702663647,0.03524404799420594,0.063625193871746547,0.99735133818818533,-16.4710864944748,-16.638082781653296,1.1372126942009064,0.5859547785823735,0.6118358140131082,0.8028169014084507,True,4
-0.88217437496966189,0.47062931868799213,0.016625779324945911,-0.47020171676704087,-0.88222740411597067,0.024189935430304066,0.026052210965922522,0.013522271187605482,0.99956912241511087,-14.154586595567551,-10.674730092711009,0.1007974690456036,0.3015649342200194,0.2517632886184592,0.3833333333333334,True,5
0.54338541594388867,0.83931888560960377,-0.016616196873549465,-0.82483172871640098,0.53747890657322317,0.17541107231747538,0.15615668106808978,-0.081610252100493011,0.98435504657104977,-10.160150236613815,11.51041820978447,-3.7069321149856975,0.5729669949606916,0.4628378453570897,0.8044444444444444,True,4
-0.91108286475437017,0.41085036693430288,-0.033615317058117274,-0.41183852221164419,-0.90367869753386831,0.11727678050671295,0.017805762367789281,0.12069294765411646,0.99253018453498998,-1.8313046822836982,3.8301997364873293,-2.3827557107390249,0.33796946294463,0.2815968054162964,0.8789659224441834,True,5
0.85648813789015932,-0.51163837539663959,-0.068222008728378608,0.51499323971204192,0.83813684572911229,0.17974590644059094,-0.034785524350553071,-0.18908410999537137,0.9813445708021804,-3.8960972619810486,-19.918769899625975,1.7906522261827353,,0.09453312473386535,0.4117647058823529,False,5
0.67591569708888455,-0.72522979962065959,-0.13107138578280264,0.73437338442538991,0.64784651939904081,0.20246140261824075,-0.061916901379546786,-0.2331021772629443,0.97047909419978196,5.1203097178611339,2.4932953426537181,-2.144625695878287,0.1410784619315706,0.1629339498877855,0.3809523809523809,True,5
-0.46167476779459321,0.86947982081874609,0.1756737031282993,-0.88085912635747443,-0.47272825880330838,0.024803081291233292,0.10461170247422451,-0.14329282786585551,0.98413594446481356,-22.706431442708432,4.3744423673201638,-2.5855322792939619,,0.5945117213039299,0.7105263157894737,False,2
-0.51182498287164957,-0.85306329143907222,-0.10157857897988143,0.84718193576649869,-0.5208084161893124,0.10507788224601841,-0.14254106292350871,-0.032274051891828526,0.98926256926819989,-0.46532158758559727,21.079846558029907,-4.7476923618671654,0.1985460064464226,0.1384772518729907,0.3125,True,5
-0.077862631215907571,-0.99465697231098482,-0.06778582516485826,0.98667369047480968,-0.086624403442498138,0.13773612907676436,-0.14287210779209275,-0.056157992853880186,0.98814666960612085,0.85790630415126645,-5.1969001746807386,-0.63815860717625528,0.3426308616694445,0.3095533986984743,0.9158878504672897,True,5
-0.077142790424869961,0.994275372125767,0.073928845991479974,-0.98659981517843365,-0.086818771577848008,0.1381423381574006,0.14376993627092119,-0.062281500350271184,0.98764934067652488,-35.302612211754621,11.463905460139339,-3.9826438126394947,,0.3654893088863322,0.5185185185185185,False,2
0.66266216490744279,0.74849523911588944,0.025174038631662073,-0.73744453290733047,0.64627959520792422,0.19620969828979024,0.13059255754165386,-0.14858520060466571,0.98023875768916668,25.20505600162782,-0.93715176216307128,0.11484686794218586,0.3614348846301577,0.2830107974036636,0.2941176470588235,True,5
0.96172735168363166,-0.26433342792697867,-0.072168829171328636,0.2738628968518943,0.93585496981667515,0.22175344235731329,0.0089227098729222562,-0.23303071546429741,0.97242843998863004,-13.903992881829783,4.5705692861783396,-2.495052353613656,0.643358509352842,0.480384755463226,0.8282352941176471,True,5
-0.47272077849169408,-0.82327182979135249,-0.3142587466630069,0.86951433569872438,-0.49369118253546507,-0.014623142656036675,-0.14310795085043779,-0.28016514872255521,0.9492247383231518,-11.830998134304675,-19.31204541655995,1.6513012896387502,,0.7186921100515359,0.5172413793103449,False,2
0.94733588878194708,-0.29746307134087963,-0.11861886449534945,0.31985356908240148,0.89711591832230686,0.30475682672906568,0.015760969861166603,-0.32664774648108519,0.94501473086289034,-0.66977861475053424,-11.889919815191531,0.44146493506382772,,0.2278123172943885,0.3846153846153846,False,5
0.84475028523322404,0.53469287372267127,-0.022371553110538255,-0.52105543312825298,0.8313006256115808,0.1934954921059473,0.12205814682320462,-0.15179855285207886,0.98084606750809722,-1.9773567959555074,-10.246169401738888,0.12970385343946014,0.2524268869645963,0.1960897459155959,0.4166666666666667,True,5
-0.68408438836958929,-0.72444617366263853,-0.084889876042823664,0.71736878502031243,-0.6892796102601334,0.10136885694392678,-0.13194914121541176,0.0084475052648452023,0.991220492013414,4.1678045105972616,22.911505000370376,-4.6280183245092319,,0.08833094587449677,0.3809523809523809,False,1
0.082522642156452539,0.99658877027401371,0.00091460114099549406,-0.9865191216297704,0.081558621584763041,0.14187393666216339,0.14131537846371925,-0.012610083620755379,0.98988431122062615,-7.173082543228289,-0.98324797043814782,-1.5014843841856862,0.2402272955215903,0.2113606349154191,0.7990373044524669,True,3
-0.68360481338865708,-0.67493544537650729,-0.2777527743988813,0.71812157202382465,-0.68996372549863227,-0.090837576421212124,-0.1303298388930598,-0.2615572634634038,0.9563482268628124,-16.891134486022775,17.115665585715689,-4.7539393198987847,,0.5486800882705509,0.1428571428571428,False,2
-0.9262961307754245,-0.3719844512493376,-0.06002537912589917,0.36368266302600316,-0.92430258908416052,0.11575683317469182,-0.098541355403675757,0.085394916950880806,0.99146220776898986,-13.31387894457148,-3.8093875271083419,-1.0720612623766468,0.249712785364952,0.1923027070673099,0.7380073800738007,True,5
0.48278760865418907,-0.85131803756409319,-0.20536242072976904,0.86952749551344055,0.43812011796474615,0.22797521089074668,-0.10410600115311847,-0.2886318782681116,0.95176340514401436,1.7320043243532008,-17.751578376225901,1.5021522741352007,,0.3375825897842396,0.2,False,4
0.23103617126437304,-0.95776844457911847,-0.17117796042714181,0.96712057561957687,0.20684817451784779,0.14795818636321767,-0.1063018333838036,-0.19973342050626086,0.97406697970525202,-14.750555330111521,6.933988376673307,-2.9424725392042825,0.5064373969859238,0.4621646183533507,0.9347319347319347,True,5
0.95283122594633907,0.28941430765284698,0.091389350514267789,-0.30197076211353441,0.87383094786448279,0.3810946514749724,0.030435401922230043,-0.3907157957903451,0.92000807237205773,-3.4552490271073864,7.9922488945477701,-3.1639525071805035,,0.454342704981569,0.18,False,2
0.71533446228744224,0.69782117235718744,-0.036636299949311245,-0.67948582624476761,0.70686013823765981,0.19659032759294429,0.16308163292167849,-0.11573398973800203,0.97980101276887976,-21.496387718136202,8.4659310929905285,-3.2357880870865587,0.4670682385072924,0.4624401769292335,0.9557522123893806,True,3
0.830217241757645,-0.52000482248701507,-0.2008340510933756,0.5563980858095473,0.75099876884419448,0.35555874240690022,-0.034066135615889295,-0.40693467999760458,0.91282181427672271,4.4700405279128725,20.500628839877539,-4.3452931542331852,,0.5709460517895542,0.3157894736842105,False,3
-0.57265500308029249,-0.80431668924643396,-0.15855885609692877,0.80630905922671481,-0.58753789057145178,0.068300279295036015,-0.14809439035980196,-0.088734945441494933,0.98498434556162096,-8.9822200838593655,17.795375556057198,-4.7814244390652547,0.4282715181758107,0.451392620245367,0.76,True,5
0.43810459158201948,0.89876361435634089,-0.016980351700668452,-0.88609660853133521,0.43495564693620142,0.16014488923339404,0.15131809932726956,-0.055113979237912232,0.98694745660979599,-1.2520050111039609,-14.25639551674452,0.78230455997941128,0.223426610652216,0.1077026621021461,0.1818181818181818,True,5
-0.96655154529709641,-0.24877630082192559,-0.062357537099804364,0.2438713727256776,-0.96675787313387596,0.076850297973125287,-0.079403172787290477,0.059072556090144911,0.99509073418874117,-19.689784918922477,-16.188393896959443,1.0672210411158718,,0.3516394863694745,0.5357142857142857,False,1
-0.25592075288659699,0.95216948204902363,0.16696660054169948,-0.95905560960539493,-0.27175668796668528,0.079753622048166634,0.12131325536140521,-0.13971964786626012,0.98273165924058159,-14.4204384805603,-16.201917426991145,1.0333936589527888,,0.4020453948983832,0.2432432432432433,False,1
-0.88973221817292902,-0.44896023401450635,-0.082530529010283654,0.44280854962681754,-0.89277711366718726,0.082883132719987401,-0.11089259814104813,0.037198569673098029,0.9931359917412127,-15.007651590765196,-9.3091808294790148,-0.15388015350585788,0.4981914251469136,0.4410869002426883,0.9536082474226805,True,5
-0.86780563557874268,0.49558621918107715,-0.03616183368664902,-0.49597089586258214,-0.85942239865051873,0.12412095373085547,0.030434344334042997,0.12564808019064566,0.9916079419959094,-5.7834044791271282,-9.0683676979489611,-0.093497639448187064,0.2834622396429284,0.2786664371849883,0.8388278388278388,True,5
-0.18706349436145692,-0.92029671481591035,-0.34360035764871599,0.97095627842136811,-0.22632801864611696,0.077585651829773422,-0.14916820864852243,-0.31910748138325928,0.93590558330091445,1.0202504975237883,3.3125753552489736,-2.4208708740967078,,0.3182580637952494,0.11,False,4
0.82202773946319596,0.56645564732379849,0.058295756003362356,-0.55746427105846796,0.77961038143228856,0.28537911566239627,0.11620663512157092,-0.26708735046418242,0.95664014403313857,-17.350535798667867,-6.6678249515513173,-0.64190043269753261,,0.070329187267613,0.2777777777777778,False,1
-0.99112276929058418,-0.11471332016706563,-0.067204987687017409,0.11206387578521812,-0.99281465526927959,0.041961268171218161,-0.071535613073203413,0.034057516920497535,0.99685642978487676,-10.070156314026068,-13.003977640717931,0.54755412212231447,,0.07301776789854199,0.2173913043478261,False,4
0.47675812009964708,-0.87544781022038365,-0.079327337654720886,0.87368419615104365,0.46198119174595392,0.15247722409885617,-0.096838113958064659,-0.1420017959510505,0.9851182008427829,-8.6839902579044264,-1.5142364321638246,-1.4317224086001834,0.2459507348695563,0.1513776472632992,0.707936507936508,True,5
-0.61548216827792379,0.78812060004735629,0.0069007472710102616,-0.78377537009465958,-0.61296314824572506,0.099861644917689577,0.082932923286732171,0.056054425995473972,0.99497740253808409,-20.53409103182911,19.294152487838996,-5.2329482574726205,0.2232433213456885,0.330948812524508,0.8,True,3
0.42594877237905177,0.90473625300459082,0.0044671924058892754,-0.89324190390016334,0.41974207639395933,0.16104499502095207,0.1438281767442999,-0.072587201376689947,0.98693695531716186,2.2855339924688525,2.5938531546305477,-2.3193870588812522,0.3150168405679556,0.2742813637649585,0.75,True,5
0.74532564486833808,0.66651444942919791,-0.015753469576207661,-0.65301254653757324,0.73458300613792604,0.18428896103098791,0.13440348643584085,-0.12706807543777557,0.98274585068492148,-8.3473817717871945,10.453187049080523,-3.5178159714349859,0.3556078525764909,0.3897220223679831,0.7974683544303798,True,6
0.83555067230687119,-0.53622197273891303,-0.1196706729300149,0.54846177100409965,0.80126224027667114,0.23909936857686426,-0.032322743611594131,-0.26541442737499576,0.96359245637697943,12.767367889758955,-19.151713477499175,2.1990996196736732,0.4552153955898203,0.4632938868091864,0.8260869565217391,True,5
-0.50311914564791982,0.86209137333013885,0.060577135226603747,-0.85881724288413497,-0.50656924627350686,0.076292477052351565,0.096457600049968839,-0.013640482383188594,0.99524362275422484,-1.9027693829127312,-6.3003254958257386,-0.55716610083613638,0.5496276541817371,0.5118404459133409,0.6568421052631579,True,5
-0.98381135138153031,0.17920559945559569,-0.00076027403442428809,-0.1790282180048581,-0.98263029794178436,0.048852786254676872,0.0080076245448817279,0.048198036169545065,0.99880570045357042,-19.442141665528865,-11.179385468153537,0.1554121465892071,,0.1899243076574699,0.5,False,2
0.51641084083832811,0.84506100223568426,0.13853427722073275,-0.84554806175308339,0.47758222789344745,0.23867067449926499,0.13552977064192964,-0.24038951329197131,0.96116833237939869,25.649707905594003,3.3697401730093741,-0.50575145491882179,,0.3556728521505528,0.4444444444444444,False,4
-0.86148902658642412,0.50772853856921896,0.0069561622710613835,-0.50636819616629869,-0.86003909279017909,0.06264190916579078,0.037787656482837592,0.050442938009314819,0.99801182509152864,2.6393085445749707,-4.4286726991847045,-0.73695202915580826,,0.115075871022648,0.3442622950819672,False,5
-0.9657178661052398,-0.24030006876796162,-0.098208350129995778,0.23372700109092637,-0.96949207386869818,0.073870208249426098,-0.11296323316099353,0.048383836721413775,0.99242043121750123,-26.978789416955138,21.397853142366277,-5.5808314270772819,0.2239218847955164,0.2301996059026862,0.3,True,3
0.089692410732208613,0.99472575978604871,0.049758760787541025,-0.988476371152608,0.082789581335873233,0.1267294318428086,0.12194152340369975,-0.060552027549023925,0.99068850645885953,21.435127706545678,-9.3494290117482084,1.1575539350104285,0.5675556529398817,0.5025998167315654,0.5882352941176471,True,5
0.67054768558158973,-0.73495587586641109,-0.10102307603023025,0.73863889317573683,0.64872289896705215,0.18322441388610286,-0.069125876842870665,-0.19748027973754714,0.9778666331691066,-14.177862351120918,7.8429545446995608,-3.0592242680051505,,0.07635315773033882,0.34375,False,4
-0.43695762004836758,0.89068101345153394,0.12552039897409328,-0.89429046307353177,-0.44515629016004554,0.045611895232209362,0.096501844217585536,-0.092321230537154617,0.9910419690682688,22.485708222403858,-5.2052032697333823,0.60585696950861923,0.8072891698254009,0.7560573235127214,0.1764705882352941,True,5
0.9732958393204254,-0.21615192700972108,-0.077288767693193719,0.22822697439733364,0.94732637299578415,0.22468909894360869,0.024650706257368059,-0.23632834674798572,0.97136051762688835,-4.2827489805812053,-24.421247885263949,2.6314770151780227,,0.297477676348631,0.5294117647058824,False,5
0.99886601291128185,-0.0044887039294493961,-0.047397677029081001,0.015546447763213626,0.97172504367601764,0.23560294449515551,0.044999957918480292,-0.23607263930806421,0.9706929034238686,4.8579139839960934,-9.8493511183636198,0.26855689766676749,,0.06954645151108427,0.1578947368421053,False,4
-0.62200746598665702,0.78291505052229382,0.012277455865554128,-0.78158427810881281,-0.62174375048349184,0.050603606075516477,0.047251756263468392,0.02187995430512709,0.99864334931426946,-0.90963433454790443,-13.125696881044567,0.60904982300338162,,0.1144548130165995,0.4285714285714285,False,3
-0.86961057998732538,-0.47999521995370237,-0.11568071574685149,0.47311715001247412,-0.87710127460356924,0.082785967729246887,-0.14120057201789663,0.017261022866288889,0.9898305185997387,-13.597058372907304,22.983836221922957,-5.5785517071990558,0.5043284908959703,0.4682205298557521,0.8333333333333334,True,4
-0.94737882118749728,0.31810317221980355,-0.035829331407204117,-0.32011240419946396,-0.94183576850695672,0.10233979596691778,-0.0011907321395905404,0.10842396868132696,0.99410403136309811,-12.522939805841549,-14.948889419600123,0.8326216454609322,0.1707104233005115,0.1156482771685719,0.4482758620689655,True,5
-0.37034627034023121,-0.89800093475702869,-0.23756675108395062,0.92339244118039943,-0.3837023935442555,0.010902878487458453,-0.10094572609072411,-0.2153295018429025,0.97131002569730762,11.481301324564543,11.44778245263474,-2.9134094719892891,,0.3119561502955262,0.2142857142857143,False,2
-0.97489737263233833,-0.19844417704567927,-0.10097039878710046,0.20963040200774635,-0.97088935617414629,-0.11588335782942091,-0.07503470789330538,-0.13414084636833798,0.98811741506106032,19.908881285204231,6.4255884958036882,-1.4055618227562134,,0.4045475284985902,0.1875,False,1
-0.6736555633679373,-0.71819610350654928,-0.17430587727164321,0.72699381138059371,-0.68639503211795749,0.018489405023041597,-0.13292170687192112,-0.11426380350661493,0.98451795466129366,-3.1047365318293112,-15.445452612699253,1.0007676667419123,,0.1869262278997068,0.3636363636363636,False,4
-0.21558542631593827,-0.97304947107097906,-0.081839176490625998,0.96493710231526908,-0.22513753543011805,0.13494250151773862,-0.14973080022356025,-0.049878021100891706,0.98746790858005706,7.2815409692187485,-8.237787281699001,0.12403953397972757,0.3914322301632414,0.3725343353223808,0.782608695652174,True,5
0.86152066008926509,-0.49773939356496683,-0.10018806482278424,0.50748193404082986,0.8381068239591849,0.2000975718374044,-0.015628143252931402,-0.2232318250756945,0.97464009429729448,19.844133790768893,5.1899925623721046,-1.237479786115985,0.5147842282603008,0.4767456452024639,0.8,True,5
