axis_00,axis_01,axis_02,axis_10,axis_11,axis_12,axis_20,axis_21,axis_22,location_x,location_y,location_z,dbh,dbh_approximation,score,reconstructed,number_clusters
-0.92932684951628308,0.27879696157549394,-0.24212364813130247,-0.29173448514746514,-0.95631892866596524,0.018576782577250817,-0.2263682772472364,0.087899720656277103,0.97006754515583371,-7.1624790582649664,10.124220869398849,-4.4517226383354158,,0.0844642981691131,0.2452830188679245,False,5
0.34543006066223714,0.92984157913319587,-0.12677819570402585,-0.90209426141625804,0.3662411891316269,0.22823964358390503,0.25865810776146048,0.035525048888593258,0.96531546874103502,-14.634185248633445,-16.576324445469936,-2.2713814568388733,,0.1908492779973063,0.12,False,2
-0.45015918181775988,0.86620253535789093,-0.21690984017495388,-0.89294270338881887,-0.43581121270713508,0.11279146839810839,0.0031685153984234576,0.24446217420757657,0.96965365254397506,-7.4774914021928884,-3.7422425652916482,-2.4996274796073412,,0.1080013314572733,0.1222222222222222,False,5
-0.70908745190361888,-0.62519284061474489,-0.32608112119056915,0.64074294628198569,-0.76435743956119051,0.072153872919901663,-0.2943526156546144,-0.1577707724248279,0.94258417185191479,-15.773395068086474,-9.4081208318536707,-3.7888135620514407,0.7235028427076491,0.5867331728344238,0.98,True,4
0.53704169075004327,0.81636479301320808,-0.2124493989749969,-0.79934226192003333,0.5729557406525424,0.18103498988279013,0.26951469478471896,0.072596446068655007,0.9602559998840422,-8.998359884835704,13.515682664571951,-5.3848918614218757,0.6743308080954665,0.6673707971685493,0.8489795918367347,True,5
0.56180053542217023,0.79762473135664358,-0.21948791840920212,-0.78146275725570635,0.59873535877981465,0.17559023084760464,0.27147028828524017,0.072874948199283862,0.95968386695998997,10.678207235427482,29.525242697972836,-1.3541690276071985,,0.4603843803054154,0.6578947368421053,False,2
-0.96022521682944884,0.11964922787384119,-0.25229267772575009,-0.10825127552087703,-0.99239280686450915,-0.058635980691737422,-0.25738918841501235,-0.028992743105340949,0.9658727796838914,9.2815724081717708,2.082050692862222,1.4458825315553372,,0.1424804059520421,0.3506493506493507,False,5
-0.39401762932885753,0.88978523749544702,-0.23028751358516358,-0.91909961174771093,-0.38077946099566973,0.10130600065669015,0.0024518285570354209,0.25157351454200644,0.96783508683954456,-29.102175936131083,10.927134239041166,-10.662960215375051,,0.4983068446581197,0.4594594594594595,False,4
-0.81626617566113213,0.52647374884227249,-0.23777073464055914,-0.55467353241949868,-0.82928641440967543,0.067980256757509933,-0.16139021935923745,0.18737511749297292,0.9689395040143991,7.0158568809215565,-8.555050126449661,2.3590466993100558,,0.08306413250912717,0.3703703703703703,False,5
0.93260304100772773,0.24934390625674041,-0.26091988102819624,-0.2119768762717231,0.96356086573290289,0.16314491090481806,0.29209137582137007,-0.096840458697221452,0.95147493594423749,-2.7161495681857768,16.547080468079194,-3.8612009178258959,0.4055436029690477,0.3692430857478057,0.9454545454545454,True,5
-0.91087245902411917,-0.25191802232123933,-0.32687715340952078,0.27425091337636009,-0.96137559968398367,-0.023310788156872764,-0.30837931173084271,-0.1108795128146665,0.944779304247503,-6.2543279329493018,-8.108834942164787,-1.4660784844274966,,0.2007772922023371,0.2727272727272727,False,5
-0.1988086503506262,0.95281165526051848,-0.22940154782710581,-0.97696624023085821,-0.17416039192640434,0.12330905616872331,0.077537642438641086,0.24863247471670058,0.96548941295143442,-12.63914429160833,-0.026177620713776648,-4.5218472542738519,,0.1172619918048694,0.25,False,1
-0.50232487243084079,0.84207558167961838,-0.19641394369104614,-0.86458920715403031,-0.49241590516476147,0.10006037784024026,-0.0124589489967043,0.22008019238381862,0.9754022162729572,8.850814775068244,5.5751240214898514,0.81617983158398022,,0.1196061813296035,0.2727272727272727,False,5
-0.22022008063762985,0.97027564845672398,-0.10034082965492455,-0.95496460782318771,-0.19348060554096258,0.22496189251650356,0.19886104165738508,0.14536306715044667,0.96918721866291346,-14.531477124762711,-1.4424521784611268,-4.7657759056027045,0.6773484478055084,0.2826540875638496,0.4513274336283186,True,2
0.73527093616691841,0.65352162797330504,-0.17968342216059865,-0.59978144088997876,0.75084889696032997,0.27656492383777864,0.31565625859812113,-0.095579368613609772,0.94404751506651385,-22.375175625757208,24.493801975646114,-10.551933291509213,,0.2327105387978195,0.35,False,2
0.63659868259393171,0.75116761267572851,-0.17461195545184155,-0.72108646573889323,0.66006109024784732,0.21060310080579051,0.27345278614024277,-0.0081593386906377297,0.96185081948515749,-0.23033897335282297,-10.811334682071093,0.71087665588685656,0.4172651703771099,0.3673586111598782,0.296875,True,4
0.63421761272853161,0.75438487116423036,-0.16932656573452831,-0.7125565300381167,0.65531323733200098,0.25065464782742541,0.30005201416581151,-0.038314842241354036,0.95315306308014336,-7.7998801476249451,-2.0120560096103026,-2.8803100696245556,,0.1704289967990238,0.1699346405228758,False,4
0.6302034453458093,0.76167566978677992,-0.15064458679000908,-0.71661046103817783,0.64527715379237394,0.26473919604823171,0.29885291466693586,-0.05888606667518112,0.95248063841035868,-29.825824130152782,22.797342027751586,-12.500003584752207,,0.2083293509547388,0.375,False,3
-0.92908827939249006,-0.18081274058307512,-0.32264798455645227,0.2185633517523996,-0.97215093182554646,-0.084573205103504689,-0.2983706258435303,-0.14909499855313799,0.9427330751809766,0.14958230507101178,-5.7572295635197559,-0.13363852258900311,,0.1182487116582558,0.3636363636363636,False,2
0.94978478259551258,0.16306135285304027,-0.26705778767100163,-0.123130026612304,0.97939231855606124,0.16009273218929918,0.28765928334828139,-0.1191708083345818,0.95028966907171764,-11.916360412237159,-2.6410517289349302,-3.9508875708786522,,0.06606665359279973,0.24,False,4
-0.65853737465187834,0.71428335787498931,-0.23691308712150616,-0.74720460742114225,-0.6580636776882729,0.092937994146645483,-0.089519834870428541,0.23822569292629944,0.96707534266703143,16.262613865363043,4.9296069136529503,3.3707407043369462,0.1432304858590479,0.1387668800775393,0.5882352941176471,True,5
-0.94752999645628722,-0.14871693623941079,-0.28296674485018475,0.13157864571249664,-0.98817289196453684,0.078748940176405047,-0.29133136770353424,0.037384601937224614,0.95589142988625109,-6.1662946987976763,-7.0960941708424201,-1.5979549631935528,,0.07281062440635087,0.3809523809523809,False,1
-0.95593353734150588,0.12006474027090006,-0.2679095562488148,-0.14367228301336962,-0.98712845710245012,0.070254425285972977,-0.25602606757805302,0.10564973886488077,0.96087917315253557,10.454753714028973,11.121714966956148,0.74978835142161404,0.4560122931706536,0.4754417257219892,0.8939393939393939,True,5
0.73323633001870892,0.63582660799002721,-0.24101661542846164,-0.6166608353669315,0.7711455799382223,0.1583158509635112,0.28652032818851264,0.032542573863151764,0.95752132217570396,10.006724585014341,-8.3358877046354305,3.1583114908386478,0.2424089184807921,0.1765156322152315,0.4615384615384616,True,5
0.9073779324923309,0.35022493876059146,-0.23239573984064929,-0.29346170913331276,0.92371190093763911,0.24624489708160058,0.30090781461852695,-0.15523793459175195,0.94093340400114889,-9.6790169620295572,-13.092138637797438,-1.4712392403611354,0.3171372778547657,0.1611822082581507,0.2424242424242424,True,5
0.95883470436433749,0.035017151670645182,-0.28179746059080613,0.017340486377807031,0.98329523615143888,0.18118991719757949,0.28343485537021201,-0.17861768571661563,0.94221038261659262,8.0580604776918641,-5.2279273361736536,2.0588686301628121,0.5194561805687891,0.548468555242649,0.7647058823529411,True,4
-0.78096366370539272,-0.54773270552116915,-0.30014103230699712,0.54728586249139433,-0.83168194801717676,0.093719379316147253,-0.30095504762156788,-0.091071513904258661,0.94927974731703091,-13.500613950909218,8.6429858975320553,-6.015420727614587,0.136320899023036,0.1232688514771884,0.554140127388535,True,5
-0.75402208411279603,0.62036558655266183,-0.21586392864804022,-0.64323926077286375,-0.76393788294038878,0.051401988375313859,-0.13301860798615428,0.17761038829338763,0.97506953593048806,-18.300817664330634,-8.780487309554454,-4.5275065799688994,,0.5797623917361344,0.4166666666666667,False,2
0.81550214660621578,-0.46799711255124277,-0.34049221947696739,0.561011647278854,0.78377752661328914,0.26638078082590649,0.14220471334705717,-0.4082541995125738,0.90172408644896862,-11.940171035306131,31.261768002495156,-8.3140217082766075,,0.4547635404294238,0.2692307692307692,False,2
-0.38121862314163685,-0.77412719562712229,-0.50537060298406944,0.89238932236878488,-0.45092430939950234,0.017566004519038114,-0.24148221195809799,-0.44429084188521051,0.86272358790330728,21.85055386594674,1.6651156787215471,5.4909404730970408,,0.2560726762495019,0.2727272727272727,False,4
0.1268847145045631,-0.89023098577172943,-0.43748035521265283,0.98689984472072478,0.068995383114441894,0.14583666753974961,-0.09964419559263632,-0.45025373855281292,0.88732328111230718,-1.8406557957864758,-11.439488938056808,0.34625366280958836,,0.4647155486447797,0.1818181818181818,False,1
-0.94581381368657991,-0.16544864853774821,-0.27939752063445505,0.14134557102631901,-0.98443334397177806,0.10446253312928541,-0.29233142046467053,0.05931050474895537,0.9544760890852807,-9.6663966593885959,-5.0290570120399982,-2.8626505267503042,0.3338924401203964,0.1224939274903733,0.5486111111111112,True,4
0.27907480783256094,-0.83360645368558128,-0.47667340182452772,0.95878929972856863,0.21434060887242104,0.18649713701341369,-0.053294749827908272,-0.50907600980791501,0.85907001221019952,2.2866516171991926,-10.793026889763906,1.4287199150055123,,0.2800206516214478,0.2058823529411765,False,5
-0.76040170208146896,0.62268959453974448,-0.18451807587207375,-0.63601528534466667,-0.77147710644283096,0.0175394139736091,-0.13142986068449491,0.13069331691606983,0.9826726050083664,-12.098809864689835,-1.5925352996507307,-4.1157612769316545,,0.09780576564557772,0.1911764705882353,False,1
0.46813641771167475,-0.81493403890255456,-0.34165890395253673,0.88356055485507556,0.43737140254526763,0.16741267018889361,0.013001550533303485,-0.3802482984492554,0.92479305318010208,-4.0803766065423988,-8.4120807109153226,-0.85514893932376523,0.6433881462474066,0.7053167353605879,0.5508021390374331,True,1
0.62901049020581024,-0.71077069299349493,-0.31488224019876548,0.77596155475855444,0.5986415191559451,0.19877624878075631,0.047217250531270599,-0.36936885835734645,0.92808252743387964,-10.296711704975225,-8.8437462402160847,-2.4767595328949592,,0.1322767964858069,0.3809523809523809,False,3
0.25248324740954692,-0.8463727446051833,-0.46894070730425846,0.96610463738639518,0.19356366333826711,0.17080672661102037,-0.053796276804546225,-0.49617162900004547,0.86655621582065268,-22.7699465664613,10.69877319727369,-8.8366621775798233,,0.210968286256252,0.3260869565217391,False,5
-0.39009323934746148,-0.78622665010677073,-0.47924411240753673,0.88717761185584409,-0.46025175597360513,0.03292728572130324,-0.24646125382534961,-0.41232993559174996,0.87706378022224696,2.742685783011594,22.26518492492556,-2.883771335742034,,0.7662447449866554,0.3043478260869565,False,2
0.55761784969985351,-0.7225191268120108,-0.40869113654069161,0.82921621994871619,0.50752093876690929,0.23414302741512244,0.038246493565751868,-0.46945565083825114,0.88212731372855724,-12.765023039780234,17.188025746751116,-6.8742857798964589,0.3460363857197017,0.3174805195557004,0.3137254901960784,True,5
0.24637343854311547,-0.87215596157391284,-0.42266311345032703,0.96823519142563197,0.20229472576948998,0.14696073628971729,-0.042670163644056042,-0.44544452249065697,0.89429214159449,-12.864530252116566,-16.02065086690293,-1.8420659778010711,,0.3187631726107075,0.5294117647058824,False,4
0.21627723811618449,-0.88067164347860161,-0.42147551844150283,0.97359671623936717,0.16224856968435269,0.16057657289686478,-0.073031434333138578,-0.44507623842222832,0.89250969271552683,-20.689954894607279,17.584820918966756,-9.1305036111909779,,0.1723074425636004,0.4,False,4
0.54050300158410658,-0.69963048891796331,-0.46730470172573857,0.84039912773734826,0.47524893894638792,0.26051439908119356,0.039822247260470817,-0.53353127837713787,0.84484233062529623,-18.623626470011661,14.368377641929742,-8.1317591693132858,,0.5279839897903433,0.4696969696969697,False,1
0.86374457128232862,-0.38785358111488183,-0.32173733882884564,0.47210317951845571,0.84610207828721185,0.24744668315947399,0.17624954884728161,-0.36562394989171898,0.91392298570323061,-5.1083429476050526,-2.4367327849580085,-2.1144263269046317,0.17095569317507,0.1822670454220564,0.1538461538461539,True,5
0.15156355261423501,-0.8781763763445869,-0.45369013825434101,0.98267768644726072,0.084347971985314643,0.16501510288644561,-0.10664452202345731,-0.47084145065218674,0.8757484080888378,-0.50988233535908145,6.2224631402556536,-2.0959012629074789,,0.2964756484153039,0.2367149758454106,False,5
0.19151785430205129,-0.8773008429924144,-0.44007288301864006,0.97909409331419606,0.1394656952041807,0.14806780979830686,-0.068524943785392464,-0.45923038961507556,0.88567024412768647,7.5093840807936756,19.456474983289045,-1.1317042637270496,0.3669131477701451,0.2737051309377481,0.5161290322580645,True,5
0.25772717371751735,0.95771048091269328,-0.12793490015455766,-0.93856727181213373,0.27959692940054609,0.202279592032692,0.2294954906108328,0.067942562652302835,0.97093543965061324,-14.345400335168666,-12.198543429751538,-2.9340506978051817,,0.3450678750312938,0.3333333333333333,False,3
-0.31961085674512829,0.93350396017651793,-0.16254001533592832,-0.94676470769582077,-0.30763550746290941,0.094852426482857244,0.038542035653201884,0.18420301540093462,0.98213225209485477,-27.018810776144655,14.687143941022937,-10.585884204028222,,0.0681145788767156,0.3125,False,1
0.47286789618610275,-0.81110263233688151,-0.34425059560254984,0.88090967497665762,0.44397705864911485,0.16395888486385682,0.019851883765732034,-0.38078457322935455,0.92445065390289483,2.7906077809475822,5.6381910055925228,-1.1232932088519905,0.5037660905914895,0.4004947459625013,0.6141732283464567,True,5
0.47439171029548544,-0.82801717596549018,-0.29889807879787134,0.88018139648312177,0.45203257982872169,0.14473166916197686,0.015271361692578575,-0.3317440324701032,0.94324582290754411,-2.9650987485814495,36.131150050710993,-6.2687031046929862,,0.1016996363119855,0.2666666666666667,False,1
0.7677732061641126,-0.52144664393431617,-0.37231398231347312,0.62791704222889999,0.72795004190914048,0.27533420521793134,0.12745388175723926,-0.44517652006155817,0.88632577194330342,-15.676312143825918,24.437919544844213,-8.6438364237088869,,0.6275712550902675,0.3636363636363636,False,2
0.5546036667539137,0.80536159971395416,-0.20930233283290062,-0.78757280797245843,0.58923106426166494,0.18037689722201816,0.26859606282574339,0.064803137387368509,0.96107060532474042,-21.746253871663882,12.2257698571165,-8.7881497897737546,,0.08427342390772596,0.2962962962962963,False,2
0.74766813242997476,-0.51855591409274315,-0.41483988201246103,0.65006052949826632,0.69916406733564407,0.29764225999530408,0.13569698499637611,-0.49220866602094482,0.85983542457657269,-15.353084111460047,19.366822192336087,-7.9051108120922642,,0.2589463883243273,0.1739130434782609,False,3
-0.25332016845300998,0.95721517308948278,-0.13988568426472661,-0.96559690831970857,-0.24141332932398413,0.096655134722014466,0.058749492749809035,0.15955787925383594,0.98543887698307264,2.5452334846486897,-5.5094384618636898,0.56742196799365319,,0.2282952393810777,0.3478260869565217,False,4
0.055380952454938001,0.97797770478259327,-0.20122762994517734,-0.98891360187010868,0.081535741656089664,0.12410403244406774,0.13777822085319122,0.1921237408046198,0.97165098161725094,-3.722393128454982,11.257644614735373,-3.5148882112914928,0.2158200474715191,0.2017305029788226,0.7962962962962963,True,5
-0.94647145854037285,-0.14527260352327695,-0.2882492824518888,0.15081237144888934,-0.9885577894421218,0.0030208527386536982,-0.28538992061112151,-0.040612406957420848,0.95755063866863133,-15.719280814003957,27.930270150228246,-9.0917673146516016,0.3235090392271648,0.2289391857817701,0.4285714285714285,True,4
0.39894801319524337,0.89046545876829397,-0.21888752707301409,-0.88537825964493344,0.43618731976011743,0.1607667858377286,0.23863323346859538,0.12966066798014145,0.96241482275745649,-0.63207936967983869,-1.5416483679110908,-1.0061663198408513,0.4541866900037006,0.4332117220855499,0.9431818181818182,True,5
-0.94447051317158126,0.22698099557898269,-0.23760277228050636,-0.23385250626330747,-0.97227179024007238,0.00075578947666096741,-0.23084292292331171,0.056277824667778122,0.97136211136057993,1.0323014919358897,9.0841568497711798,-1.9851809779110454,,0.1344148188209841,0.1707317073170732,False,4
-0.96726115492635678,0.083799221730401413,-0.23954863516185954,-0.076195629285039576,-0.99625594088098857,-0.040845150718209738,-0.24207454275158202,-0.021255368656306367,0.97002480641213362,10.428002422185381,5.4483718619313626,1.3227007126163728,0.23121773595696,0.1144052807454907,0.12,True,9
-0.71337478258661169,0.69275530960827414,-0.10576625444369139,-0.6920743301819493,-0.72015914866573982,-0.049029808241942668,-0.11013419574641423,0.038221480905112321,0.99318154298431749,-11.14330780042898,-10.016125407345351,-2.3962849777323347,,0.09776599499219982,0.3076923076923077,False,1
-0.73211877937173409,0.67269792264313855,-0.10714288479804068,-0.66951363326764135,-0.73960836139328601,-0.068782022548765254,-0.12551329714417647,0.021377011688791442,0.99186160103678456,4.6223596835687184,-7.50235022397628,1.4712487918440582,0.6228041677056038,0.4080639577853681,0.3518518518518519,True,4
-0.27249869282379774,-0.86718908886569912,-0.41680636578823937,0.93935510009108636,-0.333531929557287,0.079802555715074802,-0.20822213701282191,-0.36978309333725745,0.905485508188697,-17.812093330351964,-6.4504113213314858,-4.8800927153186171,,0.6911400940533581,0.5094339622641509,False,1
0.59694289127296085,-0.67333363599632268,-0.43621210344813799,0.79990901989845442,0.54131677589988858,0.25907857498149772,0.061682610546016967,-0.50358510975337734,0.86174085013471835,-18.040620079853838,-10.17367669930009,-4.2897194696729812,,0.1686638219259939,0.3636363636363636,False,1
-0.70538163109259588,0.66750106676234333,-0.23849335501913338,-0.70083872638212807,-0.70714242265492011,0.093673228218135438,-0.10612178909265203,0.23322075369242756,0.9666158729955302,16.936734506526449,-1.7693881729525351,4.3861007142853721,,0.0921548550071212,0.2608695652173913,False,5
0.21009805525773964,0.95593653893471442,-0.20504667933530613,-0.96504855232525011,0.23637578994842262,0.11317145214761198,0.1566527970763878,0.17410289904472925,0.97218726679193135,0.58107261828713197,28.564801086673647,-4.3189366969709262,0.3374361256889439,0.23672880261011,0.6521739130434783,True,5
-0.080051578018985159,0.9966475433769505,-0.016894352232657006,-0.98055497217668219,-0.075689815445505612,0.18106075880049829,0.17917503005792193,0.031060040542730732,0.98332679333232254,-6.6026101914379822,-13.386499680216483,-0.52485999286623208,,0.317556439859154,0.1290322580645161,False,2
-0.86562677463405879,0.43031592681831282,-0.25596579881525644,-0.46524029442140991,-0.88022560714912845,0.093564677980675193,-0.1850452795488596,0.20007769402270761,0.9621471617539803,-10.207852887412416,-20.177965766880071,-0.38733685193877238,,0.1169984754398514,0.1764705882352941,False,4
-0.058731094049969935,-0.87073029051876072,-0.48824114919249495,0.98961308572872553,-0.11506779151913286,0.086170435239584287,-0.13121203887663518,-0.4781089462957413,0.86844414692357308,17.203718376310661,-4.7553225788202491,4.8653278265552382,,0.5115044962862221,0.3061224489795918,False,5
0.13967511296723478,0.98900961291455858,-0.048485548158042485,-0.97527265481922698,0.14587429355181805,0.16602391165918157,0.17127203968963506,0.024097220656201124,0.98492903925978315,-17.436910874804667,-18.466847737237778,-2.65544148560745,,0.3838015071955544,0.4242424242424243,False,3
-0.955545119881826,-0.099530933541781913,-0.27753759590067911,0.073736261464650482,-0.9920577594312141,0.10190370796755546,-0.28547589673253326,0.076909006108657432,0.9552949896048526,-15.808821366453397,-8.453039115798644,-4.0089389356836014,,0.07308474121280573,0.2941176470588235,False,2
-0.86045793139351801,-0.40181197346559344,-0.3133038242372268,0.40535621036642727,-0.91238835225838333,0.056866839024154389,-0.30870453676509951,-0.078068128214499488,0.94794877305565828,4.7021411571977492,-9.5208753869860843,1.8407618391456921,,0.07077972911211831,0.2,False,4
0.11337998819388852,0.99114202016860309,-0.0691554345894341,-0.9870201474057575,0.12032945120466615,0.10635812986274351,0.11373744718548115,0.056198923734210537,0.99192009460381747,-11.625096099385937,-5.4671105888492875,-3.3263387873105779,,0.2639030250535361,0.3829787234042553,False,3
0.78343399158103311,0.59617920606401853,-0.17550366119339983,-0.54469465270737716,0.79466650528112637,0.26797925422739816,0.29923054013151978,-0.11434815101766679,0.94730437780654297,-12.329303281541963,21.350123061953852,-7.27547241545623,,0.0857080644497602,0.4666666666666667,False,3
-0.45449835504830466,-0.77090984161645182,-0.446239018192361,0.85521431524312552,-0.51774599559348722,0.023399979703844331,-0.24907773939398309,-0.37099474409458383,0.89460783564228707,-11.666984669011509,-4.2465601223283791,-3.5362985650448571,,0.2882238337190545,0.1363636363636364,False,1
0.84615463754799913,0.50938432571626979,-0.15668419853512883,-0.4483266302720777,0.83931442220071728,0.30749720856417573,0.28814156580559197,-0.1899444903135061,0.93856034896784579,6.5019853601861346,-14.670565392467967,3.3652897396010961,,0.3545685357300492,0.2666666666666667,False,5
0.33819508661166275,-0.82273392076062835,-0.45687304475266988,0.93838102188457018,0.25810483508732041,0.22983244303495959,-0.071169805104416325,-0.50644919758490348,0.85932768435970219,-5.491837460031797,-12.485535569698957,-0.37078832959858332,,0.3859237772493601,0.456140350877193,False,2
-0.4105541204553898,-0.80923860548685489,-0.42021208165257506,0.87974088635309344,-0.47272652343652138,0.050848863490666085,-0.23979425984742381,-0.34880153874274861,0.90600011010756298,-16.711673725333938,-3.5569237074602853,-4.9982280810510229,,0.2094916770847119,0.3043478260869565,False,1
-0.94376031100303781,0.19615126897843596,-0.26616001775923809,-0.23198614863878975,-0.96643939183636374,0.11035093450759781,-0.23558204985777231,0.16589026971196402,0.95759151844599233,-18.261611204862948,5.8621198645228842,-6.9696690409769202,0.446096115879959,0.4215717013612217,0.9321608040201005,True,5
-0.21786968675195043,-0.84731274422272884,-0.48434895795526861,0.95633635427396979,-0.28440237706024674,0.067350318606911527,-0.19481677825222937,-0.44852692382980619,0.87227863754146384,-1.1410976884087156,9.5660013125510623,-2.6160224192087602,,0.5298217998882355,0.2258064516129032,False,1
0.76624041814078769,-0.54297006996945218,-0.34359732933304127,0.63324876683649622,0.72878532707108323,0.26051477183827837,0.10895696814562533,-0.41719953279367644,0.90225990098709952,3.1802296494974307,15.892005493573562,-2.0187953186928276,,0.1683529303514717,0.1612903225806452,False,5
0.42110851759729007,0.87555780025031893,-0.23678292765280837,-0.86803308493618714,0.46474376963044556,0.17473348862152618,0.26303265930902692,0.13195365478267543,0.95572069828288009,-17.636515531301431,20.177893764555918,-8.6156712050230162,0.3874947924450676,0.3615815993518381,0.7647058823529411,True,5
-0.95410644891242624,-0.10420388303142789,-0.28075333462826663,0.08264368748818432,-0.99272146588545962,0.087602009614955928,-0.28783833146763887,0.060379151463033777,0.95577374571941909,5.5616411907099161,-5.001937152726935,1.2682292925669731,0.2817852308659785,0.2608794457873877,0.8013245033112583,True,5
0.19599252683820137,-0.89034989128845043,-0.41093065169955545,0.97743176164259948,0.14368985909535245,0.15485598382175109,-0.078829440920391722,-0.43200728636887853,0.89841840128549044,-11.807448894877599,7.9245875549504747,-5.5752364467874918,,0.07309254893083576,0.2133333333333333,False,5
0.63034841267737352,0.75084183296482443,-0.19722428984569407,-0.72975344027447553,0.65976089360349299,0.17937524823421952,0.26480331388161121,0.03085620102253539,0.96380864273764133,4.3388607888791908,9.8571073576799151,-1.0763898398605576,0.883939242617524,0.6726843614940174,0.6473988439306358,True,5
0.47134473316926506,-0.80009795719400578,-0.37104905525762194,0.88177732290464561,0.43581949982449819,0.1803610722518616,0.017403888206694321,-0.41219488408603999,0.91092946061074676,5.0798121605798165,-13.341781797167739,2.686000700313794,0.2957668783146546,0.1481096289631391,0.1538461538461539,True,4
0.26606959162266808,-0.8734216523931212,-0.40784995959864589,0.9624436194105549,0.21702891409622591,0.16309730194618266,-0.053937481120810926,-0.43592782381614908,0.89836389094467695,-13.209311690187455,-23.569466936216298,-0.58272094357775173,,0.2952175156490175,0.4285714285714285,False,5
-0.48231862020345334,0.84438797429286028,-0.23319026024822739,-0.87575196319975457,-0.47106729414656889,0.10561298848723298,-0.020669967508716899,0.2551559390941725,0.96667895352498423,11.076253878711421,34.470668775853234,-1.9262028452889428,,0.8344843931092283,0.8888888888888888,False,2
0.92173789610098811,-0.23059232050101014,-0.31181153381054166,0.32603905847180109,0.89612793312807071,0.30108679781490322,0.20999472193877744,-0.3791858504659299,0.90117717878577264,-4.2949035194290994,13.601416891769848,-3.9914284713065595,,0.2611966473648408,0.3488372093023256,False,5
-0.87368182079338119,0.43103123621683193,-0.22559288424183749,-0.44751263294567289,-0.89392377496862363,0.025154083165094127,-0.19082064712497163,0.12293233078094082,0.97389687476630293,-9.3430106589845821,19.584167012246493,-6.2940102441201979,0.5005002779765225,0.550337584134805,0.8409090909090909,True,5
-0.96935955681313157,0.11088686425530679,-0.21919432691261453,-0.070178210495102825,-0.98013851341415481,-0.1854818408739668,-0.23540830143976227,-0.16441592945306643,0.95788847667947774,-3.0168872790095613,15.18557344910935,-3.8171732943937888,0.6387665023221024,0.3605651601383844,0.2727272727272727,True,3
0.51349947319633871,0.83285812913903767,-0.20655659697551446,-0.8120107719403109,0.54945733991736712,0.19681244336634765,0.277410881689929,0.066663095772347386,0.95843582695038265,-9.9147215570188099,-10.546314716103083,-2.0019624148993702,0.1595302773409206,0.1703141283759438,0.7285714285714285,True,6
0.96122079112222358,0.1030588521686424,-0.25579965540252192,0.011383254670157791,0.91193243859992623,0.41018245811139531,0.27554493685691528,-0.39718773951227937,0.87539527492078972,-17.230552029516005,15.563657123588621,-7.9253442634436135,,0.171005930417083,0.1428571428571428,False,1
0.55587568344361393,-0.69942571109528739,-0.44922811489815095,0.83000891672191757,0.49670860901216324,0.25370407149927759,0.045688321464064888,-0.51389126514473205,0.85663781430061958,-20.139353326862533,-7.5875806247762929,-5.2549112067504042,,0.2487308960872632,0.2222222222222222,False,1
-0.95867169952552889,0.07125283283805639,-0.27544801023312182,-0.055015344411447724,-0.99628568526836658,-0.066243076684517246,-0.27914491650059431,-0.048351495756522866,0.95903089024805832,4.7136001238826974,2.4877358070527071,-0.1721537302456313,0.3364170442528466,0.2859980083464029,0.3272727272727273,True,5
-0.95110528519961535,0.15741581478515881,-0.26574235213997066,-0.18648416472910057,-0.97852746892033826,0.087793216558272352,-0.24621615050733225,0.13305733284521618,0.96003820413849639,1.716374112626504,-12.948122003046093,1.6246970428360858,0.4722459982011299,0.4338661739771847,0.8870967741935484,True,6
-0.0580569364089688,-0.95231974894321358,-0.29952710713312752,0.98623576777040434,-0.10124098727228419,0.13072594565140555,-0.15481731978407978,-0.28781479855780229,0.94508954032197723,-26.621787407291841,19.206413474931473,-11.115647223903862,,0.1385738463123272,0.4,False,2
0.95762454833624855,-0.07503328372391084,-0.27807414615063153,0.13456079715824537,0.97017835292873045,0.20161189294442164,0.25465391473906929,-0.23048637669524538,0.93916314550027158,-3.1540407726976034,-14.529895123719314,0.5713492442414112,,0.08972199072630327,0.28125,False,4
-0.25572140671642446,-0.92252371633721719,-0.28906150719585982,0.94494257233812318,-0.30166868980698536,0.12680511256707003,-0.20418152984534024,-0.24071974240910507,0.94887507527835835,-6.0748861797207363,-3.1243423260654155,-2.2196266907291466,0.146574839743927,0.1001148502654946,0.5495495495495496,True,5
0.85471223253074635,0.48403164523860037,-0.18756429822842408,-0.41008918303030711,0.8511342802789672,0.32771527107466314,0.31826696580676239,-0.20318416114849669,0.92597102283739918,24.483099757613743,6.545516616568924,5.6763503422629809,,0.2679549183740739,0.1052631578947368,False,5
0.47061077661337675,-0.80664488767063403,-0.35756051533996946,0.88233601792667371,0.4315853423171378,0.18766257955783211,0.0029408170046839877,-0.403804553579859,0.91484055119103469,23.338862334093388,-2.0835761658811389,6.4143634776955514,0.3710399257028206,0.3485161877576464,0.1666666666666667,True,5
0.51066817484453586,0.84284761506920525,-0.16978195714828914,-0.80293354853682675,0.53812510503995559,0.2563573442673257,0.307434109745503,0.0054100922256157258,0.95155399167209687,-24.406121849945791,28.333107840449607,-11.562207101776641,,0.4235011535602644,0.2173913043478261,False,3
-0.78394928131653963,0.59015944910838547,-0.1927053423010574,-0.6042241620712826,-0.79660020624252048,0.018473586106383028,-0.14260675402145856,0.13091957852995445,0.98108275780639553,-12.014057286159037,-20.44045068105963,-0.8569899631292921,,0.5133209379742121,0.3684210526315789,False,1
-0.96129904261440169,0.037093105184714079,-0.27299863042951295,-0.014641503105139392,-0.99637304421212691,-0.083823523871766822,-0.2751177512547241,-0.076582362951362337,0.95835555230265634,-0.26978988446469088,-8.8745093239905941,0.36133762452689877,,0.3694028559531551,0.3815789473684211,False,1
-0.9595682692591373,-0.045919381004436592,-0.27770514413527458,0.02009124412173242,-0.9952604592346399,0.095147045112788889,-0.28075804269987564,0.085720643559317231,0.95594293382351658,-12.720829027308289,-2.2593326738542587,-4.1850345662648705,0.3799915623567055,0.3397443340917592,0.9232283464566929,True,3
-0.14912221035698148,-0.84567201520254642,-0.51244649387181185,0.96998165216662702,-0.22577896033795022,0.090329704576152692,-0.19208893991677117,-0.48359353156548629,0.85395499611494319,-20.528254529439565,8.2411055405553704,-7.957140556578417,,0.3843084655830806,0.2837837837837838,False,2
-0.96905890883563828,0.066793562762860803,-0.23762039302157117,-0.050238266649388345,-0.99591241427869892,-0.075063837163029654,-0.24166288041473635,-0.060803643468271405,0.96845339029332556,-4.2526537667766062,25.708074201477601,-5.4613166626470964,,0.3623178731136833,0.25,False,2
-0.73215849361481955,-0.5324216291051499,-0.42481896036864542,0.61308481324281072,-0.7868695437357548,-0.070450925558951522,-0.29676750495751114,-0.31203129651062766,0.90253283485931468,8.8265875490998056,-8.7001823682420039,2.9219153311423125,0.4956214994771532,0.4740306597093646,0.5230769230769231,True,5
0.44570485965624257,-0.83907672031501379,-0.31192536848452551,0.89476586680752612,0.42817563808517617,0.12672673966660078,0.027225386590149447,-0.33558289642910938,0.94161717165165637,-7.8890614321134569,-9.9348304249141997,-1.5475549887658226,,0.1312166696488398,0.2272727272727273,False,5
0.115163960257848,0.9930582213516399,-0.02392971507656072,-0.97897976509294848,0.11754770530668777,0.16667680257218401,0.16833265219880422,0.0042315461770643936,0.98572116352479089,-22.081416583915047,14.65958334335823,-9.1762170629852271,,0.4836944953564311,0.3684210526315789,False,1
-0.42852764966978962,0.89254076938850502,-0.14048141673496378,-0.90327993381058047,-0.42684778034713716,0.043431942022856981,-0.021199401964222681,0.14550583284562407,0.98913024317541831,-20.163500608467793,20.653609869840118,-9.3617197946180823,,0.2748330338726209,0.5454545454545454,False,5
-0.89943528000709316,-0.27712707313768448,-0.33795970530922997,0.2861909206806616,-0.95787698472107752,0.023799980285946348,-0.33031944235620825,-0.075314457282760136,0.94085960617176378,-13.981026190267931,1.2367384239486605,-5.1178863686874472,0.507531863133661,0.5052188102447188,0.56,True,5
0.93019645648008598,-0.23474889673652274,-0.28218346484667661,0.28789774550298464,0.94348927687404527,0.16414284193344636,0.22770472214292969,-0.23392507327064177,0.94521406020495435,13.970468769986319,7.2236145710400086,2.2607968091597739,0.1603504694405428,0.1707015095813944,0.5714285714285714,True,5
0.68396226630581225,-0.63012199995884299,-0.36761648961612892,0.72432217781897801,0.64659861369403282,0.23930653039256644,0.086908003022680161,-0.42994941323000269,0.89866039251420604,2.8656380961047327,-6.7366305492096252,0.85293141769979253,0.6751340939916932,0.2375032163712661,0.2777777777777778,True,4
-0.58851108572046573,-0.75263910347600937,-0.29527797395495958,0.76173541921792243,-0.63857251513477764,0.10947280038136792,-0.27094990882636111,-0.16049773466710135,0.9491188671993166,4.4126759229849091,-5.7213638189762239,1.0592488333603216,0.1880147952559866,0.1684067165599251,0.6224489795918368,True,5
-0.96526406877338478,0.067092819178712959,-0.25251501173138347,-0.077263710740884381,-0.9965419554629249,0.030568774994701536,-0.24959085828130231,0.049017186952948461,0.96710998280734384,-13.315091637522967,24.553748490556664,-7.9600883405875349,0.3943435687647086,0.3279819977121763,0.6515151515151515,True,5
0.24548726384389974,0.93666983443834984,-0.24977114433750824,-0.94791635933049245,0.28588516682670884,0.14044303863875948,0.20295462301721229,0.20228517652486977,0.95806582673334206,-0.50801336058811897,17.904408812083904,-3.3610272352755373,,0.09549785933181809,0.4117647058823529,False,5
0.66121595580291814,-0.66252743085937871,-0.35192451342653513,0.74402616158820978,0.63918243016484466,0.19460444969444382,0.096013179636690232,-0.39051661210175626,0.91557536282308194,6.8593622777549781,3.8260457869522724,0.38417122317766955,,0.1920462288859731,0.6,False,5
-0.65239882703564323,0.71404745779700862,-0.25399212290176909,-0.75304598565466996,-0.64852865734319509,0.11105099771735746,-0.085425487835331479,0.26371728919102655,0.96080990701066027,-13.07841608883944,-1.5191863165121882,-4.3807600590339817,,0.09950601717736869,0.4705882352941176,False,3
-0.93130548734265373,0.24485261638546099,-0.26966142752469618,-0.26254549849073194,-0.96442035811620208,0.031036012522069931,-0.25246772163529291,0.099702402680232755,0.9624549238442669,-6.4387993555864957,34.457878140153959,-7.0953131098579529,,0.1851837848877897,0.3333333333333333,False,2
0.58630836385082552,-0.68944224358539086,-0.42533738989008685,0.80816304793918892,0.53397835183349052,0.24847456151250186,0.055812099263591958,-0.48942467503501785,0.87025771874925617,3.3753806489081768,19.634348168199864,-2.4156946390796481,,0.3429211508200712,0.6,False,4
-0.16538517235168074,0.98397006671111087,-0.066713211455724564,-0.985313241726682,-0.16193864006929171,0.054163571988604747,0.042491886805144395,0.074691262333955788,0.99630098609140127,-5.1603916690101324,-5.6562808396053503,-1.4876566299368141,,0.2256902651499627,0.2352941176470588,False,3
0.87091863746410314,-0.31642993173900247,-0.37599577819081931,0.44991201967396593,0.82119057707389442,0.35103448645102764,0.19768637148413246,-0.4748874965975563,0.85755580815754684,5.489886619727967,-3.4257020944670247,0.9507291737757334,0.4933254857858774,0.6201246138311126,0.6821305841924399,True,5
-0.8079483897984634,0.54560199320071578,-0.22257103234130865,-0.5643795232581621,-0.82510232826074792,0.026113246170904297,-0.16939643782842573,0.14671268832005779,0.97456669034855781,-11.776821947152245,0.37617921146221645,-4.4164302118427772,0.3840668447659472,0.1630726558984849,0.3740157480314961,True,5
-0.95971190227967029,0.0080390261231341256,-0.28087085765833247,0.0038141923421582125,-0.99912583460488236,-0.041629539534725535,-0.28095999102988445,-0.04102366005231399,0.95884229295353829,3.9978717065249443,-3.6061352033819021,0.62013004780416259,0.7378441797236458,0.5215023857539284,0.4666666666666667,True,6
-0.82810181167791663,0.51918695724613528,-0.21140551771713867,-0.52818276831012478,-0.84897929579258757,-0.016034917392194509,-0.18780402752871045,0.098382207441291558,0.97726689727165827,13.104804384282174,-2.6359837949722387,3.2439435894207977,0.4115650930022309,0.3235429369829888,0.3197278911564626,True,5
-0.92727923065592666,0.26421483337338947,-0.26522396237825946,-0.27597077317765001,-0.96113775938409152,0.00737155599976895,-0.25296909049502941,0.080029552738971166,0.96415865392709998,4.1113062193747156,16.408173080908615,-1.8292803359289294,0.2773498538281878,0.2846979948492651,0.3076923076923077,True,5
-0.26038341059923797,-0.92027938380246543,-0.29203824275745682,0.94342971016150545,-0.30682253182259406,0.12569930767729487,-0.20528239444552177,-0.24278754027776586,0.94811040961302906,0.47534699905447925,-4.7166980293798177,-0.12617205842741105,0.5857711433846202,0.5213783266990838,0.9796839729119639,True,5
0.68448737754946432,-0.66808534604850756,-0.29178588103385544,0.72263694996079786,0.67464197413149152,0.15051260841311448,0.09629573472803768,-0.31387923973275178,0.94456707244005578,-20.352774816314341,-12.126814095929506,-4.5675583141505145,,0.1185465083708443,0.391304347826087,False,2
0.96122436408280132,0.012826312709232325,-0.27546906831057749,0.04624938810022558,0.97727119086331482,0.20688647517165415,0.27186157505974862,-0.21160459638410922,0.93878366985964867,-12.898188326723234,-8.5022146435198973,-3.1831239064929679,,0.9270374522372209,0.6923076923076923,False,4
-0.69843307921120201,0.68420058094559844,-0.20990664328997569,-0.70791224229020344,-0.70355654302245696,0.062196848681801212,-0.10512607230946938,0.19203581906508016,0.9757411301758212,18.051923506637756,4.7140848434158791,3.9116176948280361,0.2327041097734838,0.1528275795610707,0.4666666666666667,True,3
0.064869156585064119,0.97057746480946494,-0.231886561335438,-0.9859225746066953,0.098222658971439281,0.13531070225774966,0.15410603299302553,0.21984470443613552,0.96328585400520672,-6.1147839939854176,12.929419050554706,-4.4875893568998926,0.2396795879296599,0.2109144383878935,0.5670103092783505,True,5
-0.24343937386343184,-0.90455660788688119,-0.35002087706472435,0.94603021290529388,-0.30103907194237867,0.12000963892302791,-0.21392547188996569,-0.30191525349384052,0.92902264352619812,-13.61390849920981,6.2380228907932,-5.8061895684290681,,0.09473490102158737,0.1627906976744186,False,5
-0.94928889451882548,0.16959610781631484,-0.26474092044257802,-0.18720166572494784,-0.98139915820577728,0.042558531727454552,-0.25259875512961533,0.089960282828306273,0.96337999585855016,-13.09194969056022,-5.164883751273794,-3.7862375137154012,,0.07024348379517263,0.3170731707317073,False,3
-0.7168967840068643,-0.55186640937040032,-0.42603106376089173,0.63071793199551118,-0.77376438777585321,-0.05902171184542683,-0.29707556503341187,-0.31101790690968378,0.90278124163143658,8.9400541003519205,7.2346225644836819,0.62996316722263701,,0.09972802214611177,0.2,False,6
-0.88971398152147574,0.41572695484390837,-0.18862696016586236,-0.41737533663536247,-0.90814072325545381,-0.032836795421890067,-0.18495096499807867,0.049512885002515925,0.98149967639577318,-3.841045939195169,-4.5493717911748428,-1.3549608473146917,,0.1178843673721163,0.3252032520325203,False,4
-0.86415327960254928,0.45608023667850761,-0.212673287141179,-0.44980825441840239,-0.88954131914221435,-0.079929817939231984,-0.2256360866732702,0.026590585740175393,0.97384870341381424,-0.38572804172000497,14.073342468548976,-2.8890279261196818,0.6233715719152844,0.2669136931955439,0.358974358974359,True,4
