axis_00,axis_01,axis_02,axis_10,axis_11,axis_12,axis_20,axis_21,axis_22,location_x,location_y,location_z,dbh,dbh_approximation,score,reconstructed,number_clusters
-0.80549998873661577,-0.53630571373714719,-0.25208321950935614,0.52630492174097143,-0.84293933496485507,0.11160827442550394,-0.27234701668375733,-0.042772175323427281,0.9612479615175058,5.890455869299136,0.42356823888660228,0.15031509646428282,0.290475413453182,0.2211864856563674,0.8044692737430168,True,5
-0.53742140889741596,-0.78140611679161476,-0.31714777296926772,0.80878940092735718,-0.58408669980121986,0.068574281351585886,-0.23882615896564441,-0.21965247040716243,0.94589368220627601,-24.936277393560772,1.6845923376021312,-7.7834941524718362,0.3125398568791912,0.3016846866552863,0.6333333333333333,True,1
0.97064547394996348,0.032795333583917299,-0.23826839907039907,0.0130218829831584,0.98204126453042762,0.18821632586747666,0.24016201711349836,-0.18579402803803682,0.95278685165223453,-31.617792058501362,13.425387484111575,-11.190546295983072,,0.1486578620601021,0.4230769230769231,False,2
-0.83705796530382404,-0.44663800880584337,-0.31598805643785488,0.47475476624204127,-0.8800103965267595,-0.013770037591781387,-0.27192255267242205,-0.16154315551816462,0.94866323542833009,-21.35366429731825,12.356502238037463,-8.433410861080743,,0.1689295982714187,0.2564102564102564,False,4
-0.85733798183228427,0.46272719900846571,-0.22551080729208237,-0.49085889389363052,-0.8668385354042849,0.087455702064969248,-0.15501332585706445,0.18567308053655734,0.97030736159775555,-19.10773372430938,15.347260310202566,-8.3342295815626422,0.3264908534965604,0.2728343770467012,0.7708333333333334,True,3
-0.91469526223357456,-0.31145864089608694,-0.25753852577549452,0.30536959240942557,-0.9500544794932434,0.064388648273777799,-0.26473003093558156,-0.01974844312813849,0.96412032947908588,-30.516831398426799,6.4073626217867314,-9.8825418765627404,0.147257193159926,0.1074909306930238,0.4193548387096774,True,3
0.92100014438256594,0.34954715940309733,-0.17197533951273342,-0.28162871768774328,0.90244205353478091,0.32601166449298447,0.26915422980301046,-0.25182359572755364,0.92959177987651942,-11.137935714732146,10.333650559023228,-5.6019996706423214,,0.5516861124740172,0.2045454545454546,False,3
-0.9581822742691456,-0.10897764019515151,-0.26459516853847481,0.10780306567607212,-0.99399066027912919,0.019001744885693617,-0.26507589159945932,-0.010317035201868548,0.96417235517172695,-6.9380242700118977,32.353737443850207,-8.1982252490607852,,0.2275268429724312,0.2,False,3
0.86827709014313403,0.43991614841342336,-0.22927860148228071,-0.41086300501863565,0.89671691169389656,0.16459152891086759,0.27800447089863201,-0.048708958593457585,0.95934402146107733,11.888878706092052,12.181671822044024,-0.12816739461619328,0.6038162333868236,0.6062827249655518,0.9135802469135802,True,5
0.91406695462974885,0.32974166521359205,-0.23611869192434487,-0.30241356031179667,0.9420937136975106,0.14493265039726383,0.27023626883421764,-0.061072652094039601,0.9608550828156972,-11.573067207739008,0.013255656266175891,-4.1619742541169353,0.1072977295169016,0.09077286729636559,0.4904942965779467,True,1
0.96747053154232354,0.070202948105910337,-0.24304797196120223,-0.024522753239700667,0.982225616751492,0.18609533140489043,0.25179238505316093,-0.17408154375001991,0.95199590910615317,-13.683537581656822,20.481719878514667,-7.8475039183741995,0.2448888730979524,0.1928675526003979,0.6615384615384615,True,5
-0.56252364271367239,0.80794816089264554,-0.17546202067208796,-0.82615826777621826,-0.55753253417256177,0.081363320508195558,-0.032088439867632171,0.19072819049451745,0.98111828511018395,3.0728820372095487,21.382707744432228,-4.0612066709464125,,0.2037355976513582,0.2777777777777778,False,4
-0.83991436994435309,-0.45841165564418096,-0.2905212645066495,0.4687626208448763,-0.88253520265496077,0.037325880745287615,-0.27350586183777575,-0.10483496575250822,0.95614024781725782,16.422273586831505,-3.1256529991028934,3.2675519035757707,0.2503642088647716,0.2229314363021911,0.3823529411764706,True,5
-0.96961214724101485,0.023824262979425588,-0.24348447263872072,-0.047469867289887217,-0.99465345765785407,0.091712108626702954,-0.23999769920178249,0.10048335017684687,0.96555900944224449,-12.352681761298564,-3.5153207851072534,-3.9747484645565336,,0.09246032670181802,0.4,False,2
-0.96936452135214046,0.093170939141785758,-0.22726988547357677,-0.088505581586456605,-0.99560382442053985,-0.030655942771955352,-0.22912701013145109,-0.0096021299008087618,0.9733491728714776,-43.704131516581121,11.312722458721526,-13.855856076501254,,0.2864227247686973,0.3181818181818182,False,5
0.17351597677778066,-0.94659780616772526,-0.27174399563063678,0.98154939008392261,0.143716984235252,0.12611987657861487,-0.080330570947388463,-0.28861396674585099,0.95406969219784588,-16.242256147574825,-5.0682708122390361,-4.8016644378440754,,0.273343028551894,0.4545454545454545,False,1
0.95803385315968181,-0.024117073189571282,-0.28563876309209535,0.095192467934475208,0.96667324808951383,0.23765779069202264,0.27038774056631559,-0.25487486774658297,0.92840146032985349,-3.2599131640395349,22.330733822317516,-5.68500263423413,,0.1257855422333415,0.1818181818181818,False,5
0.67462654676651668,-0.68920798831613761,-0.26433193382394388,0.73367880887401171,0.66546000355784196,0.13739865018989886,0.081206082328200174,-0.28662751526330754,0.95459428014569947,22.71481804953207,-11.106409115492765,5.9176725817034503,0.2069260412061406,0.1939325438457932,0.45,True,5
0.9714234820042863,-0.00673009035993705,-0.23725750671878817,0.046746476480367415,0.98544435588003154,0.16344475641898268,0.23270407290664077,-0.16986502685349097,0.95759839552117254,-17.561552956913665,20.348407001597916,-8.79136209400904,0.6192508557334312,0.6697649267600161,0.7222222222222222,True,4
0.5072780038543524,-0.76870275860529935,-0.3895703989244389,0.86156057083588833,0.46262904615517991,0.20901614395660048,0.019555295612224882,-0.44166778755774272,0.89696552656574646,-20.314070420702322,34.653778292885939,-11.617498210008291,,0.1638536872409806,0.125,False,1
0.76353738639508817,-0.56609497600829572,-0.3107203529142003,0.63741538451817503,0.73780523109005203,0.2221374992109664,0.10350017949986928,-0.36766821879831024,0.92417952462125719,-4.674889901524578,21.963455076107365,-5.9996719167672152,0.2874148659615539,0.2182307315915789,0.4285714285714285,True,5
0.9573771008917985,-0.13713863292579287,-0.25420873715759673,0.18825998276904637,0.96374357474380878,0.18909389473968544,0.21905995886015725,-0.22889149721924909,0.94848374626290621,-48.527590544585877,8.3716638745822838,-14.618470599615646,,0.3124870750995619,0.2222222222222222,False,1
-0.9330152311701384,-0.24738044663026387,-0.26131493074362283,0.24068873069612912,-0.9688772925906286,0.057842258065704491,-0.26749114624678583,-0.0089278512120534309,0.96351895682042299,-11.90767567438939,-5.4235221831818476,-3.6763182280719562,0.2170014098840736,0.1658336347493167,0.639751552795031,True,3
-0.49569991976731476,0.85772160692885535,-0.1363643448635376,-0.86785776962702432,-0.49520124444466573,0.039982736255325502,-0.033233736483974971,0.13816429534376251,0.98985157789007794,8.2393935227030024,-15.277791145971531,2.557652193613094,0.4808593960463031,0.3146232438751169,0.7872340425531915,True,5
-0.97591210154032682,0.093761867895915119,-0.19698802551376918,-0.082072765447992427,-0.99439148645533815,-0.066705568259796955,-0.20213765418363608,-0.048931419290805356,0.97813398109222494,-4.6111650412627689,-10.248153811713356,-1.2511041245475936,,0.4338389823713384,0.3666666666666666,False,3
0.87329742157195989,0.43492737813147148,-0.219521728372047,-0.39795083020627242,0.89675281958335085,0.1935704453356682,0.28104581515102711,-0.081685716750203141,0.95621163633638151,4.9976650580194155,21.936552586443486,-3.6610741402897218,,0.2413128958349715,0.65,False,4
0.51409342742399922,0.83254635178165715,-0.2063359397063422,-0.82492761678155058,0.54580555227221306,0.14693783100323882,0.23495185666548224,0.094672441839631166,0.96738552491008711,-28.938916262589188,2.6606408502755965,-8.9328397722604329,,0.1251342272783404,0.2916666666666667,False,1
0.5509592721564055,0.83395615240563103,-0.03100026273567974,-0.80153701770442753,0.53915263177432493,0.25855917871990641,0.23234089109405021,-0.11760771877566717,0.96549786887906042,-19.512460334298318,9.6170146716866221,-7.5320554894965213,,0.4529234651181117,0.2564102564102564,False,4
-0.38371533340954217,0.91217653331217208,-0.14386283391130728,-0.92301781207894307,-0.37407878780367387,0.090017659935900246,0.028295962457660404,0.16732911459134192,0.98549495479108007,28.604774732845321,-2.1511011667177491,6.2338666791860584,,0.4925932056361091,0.2727272727272727,False,5
0.46806112768015412,0.87233388568494707,-0.14125286772516937,-0.85214632750866326,0.48787674860730074,0.18926942352600629,0.23402012150300375,0.031778452671114787,0.97171225816984985,-14.428507520556314,-18.453511124892575,-2.8874342481506159,0.3899323289692612,0.3462009248480791,0.8712871287128713,True,5
-0.3164080619034737,0.94100022744313194,-0.12001879150558722,-0.94839237551638855,-0.31099836051076357,0.061902518704802401,0.020924636791800996,0.13341136275292018,0.99083982957062222,15.287981346293877,-10.897769802266696,3.903517789041854,0.7205378559173895,0.715722469274487,0.3428571428571429,True,5
0.89195318361212494,-0.3518878414897913,-0.28389164351183616,0.41755033742444309,0.88193775400708618,0.2187178862682948,0.17341059356604915,-0.31362516651026701,0.93357807438396856,-18.126325875793093,15.387123942869893,-8.0534163184804441,,0.3842633845917625,0.475,False,1
-0.84811915696268148,0.5050496887756819,-0.16005845013774622,-0.50836694903849544,-0.86084455944287841,-0.022576306227728993,-0.14918760242795712,0.062221028159163361,0.98684933142634013,18.411402584376535,-2.2248100178019996,3.6586087070256177,,0.2024353669940172,0.5434782608695652,False,5
-0.0077208068123491465,-0.91735022230940055,-0.39800622956312898,0.99112928862876037,-0.059829598474024526,0.11867245834093992,-0.13267675894598691,-0.39355938405192253,0.90967460603243055,-9.9629451687724462,-3.3428459102111758,-3.3889229714895519,,0.07715074984322425,0.2956521739130435,False,4
-0.82068194747996337,-0.47405196683245354,-0.31899196513827299,0.49606494150426961,-0.86817346119837979,0.013943280861775986,-0.28355019818518973,-0.14679773163474705,0.94765484808343159,-26.597664424851249,15.883270339293416,-10.285394024828109,,0.1773948387637267,0.4285714285714285,False,4
-0.97175872551229681,0.040558498888832811,-0.23246502437700539,-0.064293279889812482,-0.99335586775673124,0.095448908607077027,-0.22704923155942933,0.10769924865641572,0.9679098709524131,-5.6704125267102015,19.705849111812363,-5.8361691304166783,0.203617052833236,0.1863548982491393,0.3703703703703703,True,5
0.92257279420023264,-0.27558968420834917,-0.27001808339353522,0.32846409348930933,0.92817433313698672,0.17493926544362792,0.20241239756947191,-0.25008545192324227,0.9468297038256277,-6.0449788314576667,13.758440816991401,-4.9682394302600779,0.5771583370630111,0.5081646553187832,0.9197860962566845,True,6
-0.79550401212679189,0.56037347191578779,-0.23055354836398392,-0.5914873052004016,-0.80074311619273342,0.094621507368666286,-0.13159078416418366,0.2116412857714621,0.96844815642349091,17.273172209864303,-1.8197269430828191,3.3029167563848651,0.3256907851833057,0.2462484009414326,0.6792452830188679,True,5
-0.49566090160351678,-0.74127842675665523,-0.4525776890731234,0.83920929488682416,-0.5429956361243754,-0.029723703091062231,-0.22371417030923571,-0.39454028080167514,0.89122945240144946,21.776802406171363,-13.302119077833595,5.9244998287331025,,0.4349434147421727,0.1923076923076923,False,4
0.2506236192018364,-0.89490540742062941,-0.36923178799703804,0.96629518790587754,0.20807107461618105,0.15159168096571643,-0.058833760105204948,-0.39477935568793909,0.91689031459302606,-20.120710917918089,7.6424109760496837,-7.399560795953315,,0.194546575409857,0.2857142857142857,False,1
0.70392413530861797,0.67150471192174321,-0.23145676399040807,-0.66007169574061231,0.73879852140787183,0.13594889204276328,0.26229023659322015,0.05708035242041655,0.96329936424531792,-12.304760602742043,-2.1214029357215223,-4.1203385294847976,,0.08419286292569372,0.5483870967741935,False,2
-0.95746995889556341,0.15343014311539235,-0.2443572568926852,-0.17495892288313017,-0.98216545445596415,0.06885052924185707,-0.22943550971046836,0.10867479586775929,0.96723788988386805,-5.9079518800468138,-15.614181824670107,-0.95775045776567758,0.2970575514616697,0.2163938597628338,0.4428571428571428,True,5
-0.96154043261901445,-0.10616167819348796,-0.25331737903662327,0.10206182239347429,-0.99434615321795439,0.029310612248508075,-0.25499682517350064,0.0023293054333423588,0.96693908468302003,3.9402781571811292,15.7387904967362,-2.7908790742308067,0.5638252194870137,0.6557117860093494,0.459016393442623,True,5
-0.91369816158059158,0.33218879877141599,-0.23410739308072714,-0.36120012774483523,-0.9278200807657937,0.093189942831155059,-0.18625288518937105,0.16970709972939557,0.96773413862489899,4.1966891828601405,3.680650080941394,-0.78926352425204149,,0.07029570474408489,0.3,False,5
0.95370855413161482,0.23366334054548976,-0.18931834845388781,-0.1470829524736656,0.91151126508061153,0.38407527741677477,0.26231011964431467,-0.33845037585481497,0.90368398470699907,10.685086279919494,17.409191963158513,-1.2950680871966889,,0.6310445272151023,0.2222222222222222,False,6
0.33814610476095947,0.92291181104834463,-0.18409508647015954,-0.92142299299631258,0.36446832578667715,0.1346941256179135,0.19140762736293429,0.12408315165936853,0.97363570788132592,-1.3081975635997394,2.7460717550765974,-1.980510376378491,0.3956464683201711,0.1613228970052312,0.3114355231143552,True,5
-0.83720306436141123,-0.48619339130876671,-0.25041368826712224,0.47540888336428666,-0.87333140440983925,0.10620099665191439,-0.27032836078033873,-0.030137092082986497,0.96229638523616878,-8.2976184957321397,-5.190041992137024,-2.7546568059753112,0.1055550235259459,0.1080721232774399,0.5855263157894737,True,5
0.58948180776224179,-0.71247652591937205,-0.38064208691528323,0.80669275260585638,0.54369062905181886,0.23161887395983963,0.041928525022304014,-0.44359632538502858,0.89524538473781246,-26.698811626106167,17.720598594310754,-10.518030094686479,0.4016975263764646,0.2532943832931769,0.7209302325581395,True,5
-0.3219893522398164,-0.8886092331729355,-0.32664428322563971,0.92575608923006136,-0.36776182469080526,0.087902807427027996,-0.19823854392536094,-0.27408916618483448,0.94105080026662524,16.43998953068494,0.44563776225208873,2.7719430311662392,,0.1428633843330352,0.5227272727272727,False,5
-0.32420023777259593,0.94090764387888692,-0.097913285709727738,-0.94209601845877644,-0.31175237382478377,0.12355383206818563,0.085728045774492279,0.13229989835557227,0.98749553875589335,-0.9724874598087565,10.430725507306263,-3.0952606612485893,0.8461131779254443,0.6697157887013271,0.1541501976284585,True,3
0.44041078648191351,-0.81140632640597565,-0.38426307735553045,0.89776651339944569,0.40151032091303773,0.18112081497970489,0.007323016385711742,-0.42474608375907297,0.90528290482166152,-12.276120852245644,-15.7268181261673,-2.5998405754163296,,0.5739152113539213,0.703125,False,4
0.72691969182513794,0.68123683700975379,-0.086626402082699311,-0.63284874820833215,0.71351832750620214,0.30065604634515475,0.26662749957195858,-0.16373139043475624,0.94979040227742206,10.497805703678347,11.866355373292359,-0.40565312394755981,,0.3392136953597223,0.1428571428571428,False,3
0.45589651054499591,-0.83024630657046439,-0.32070148440410995,0.88998803256903947,0.42163737707694471,0.1736180409276783,-0.0089260045253729964,-0.36457234217337109,0.93113228585708252,-7.0760965966170257,21.043282622416413,-6.4265872341330095,0.1662210548821211,0.1418151356093114,0.5625,True,5
0.479472564528795,0.85994212012050197,-0.1749445909619351,-0.83807157592354764,0.5078338395126164,0.19935100971627212,0.26027311327373726,0.05103274917670364,0.9641854411980435,-15.102989021544351,33.966653943127668,-10.328488457103669,,0.1763933037131545,0.4545454545454545,False,2
-0.95284333012833922,-0.13958722844349272,-0.2694531385703296,0.16241886771554631,-0.98462639557755971,-0.064272642251140294,-0.25633903261098762,-0.10500603214771709,0.96086629328572859,0.96582648082193667,-30.765949680643651,2.3504678730657451,,0.3060044681132991,0.4166666666666667,False,5
-0.26242441036344311,-0.91727250934777471,-0.29957398491897813,0.94541331473215462,-0.30656533906033218,0.11050500990445433,-0.19320220799090088,-0.25422202202338873,0.94765187191593758,14.057769840613336,-8.6378286109050482,3.4023458770166086,0.2380943375728714,0.2435996155041989,0.6730769230769231,True,5
0.54159564425256901,-0.79687692606597338,-0.26769632576912639,0.84016427127064497,0.52381315316264254,0.14051255407996913,0.028251644322255395,-0.30100987571416199,0.9532024440357012,-25.200478881079867,17.518079487869734,-10.154908309290825,0.6392396839366021,0.5919555873703064,0.9259259259259259,True,5
0.95592464004936872,0.15028521180467783,-0.25223488588874643,-0.058685328094097343,0.93953654412737908,0.33738274187585632,0.28768752981833245,-0.30770998905138863,0.9069456697206405,-1.3815854927658628,12.833616003564943,-3.6062446996045709,,0.4385751961790669,0.169811320754717,False,4
0.31072706620216034,-0.8738363672554823,-0.37397686237405148,0.94932814723552472,0.26578870444220853,0.16772725913606937,-0.047167353071420517,-0.40714416101999351,0.91214520387466902,18.841521672841807,-12.54079978764455,5.0030990437352987,,0.5601126033610354,0.4857142857142857,False,6
0.96880332171313543,0.07173281977773116,-0.23722252507788924,-0.013179301240499649,0.97075291165354027,0.23971877384757517,0.24748016053091293,-0.2291139172614973,0.94141403381332933,-10.93164014232153,29.588459733377825,-8.691097324870336,,0.1219322685554303,0.2222222222222222,False,1
-0.8113362763894244,-0.46901697105343898,-0.34893627996870868,0.51861714133182391,-0.85294020746714883,-0.0594076022298822,-0.26975860937391871,-0.22916387880674943,0.93526157267306487,0.86182221229960942,15.243146487591401,-3.5115507065429612,,0.4727550385959773,0.2592592592592592,False,2
0.96846520864497931,-0.098529909947589117,-0.2288383632391145,0.14893137399526332,0.9652619903459505,0.21468287270589853,0.19973628985269531,-0.24199410496765,0.9494968497455829,3.741648679552827,17.340361219764489,-3.0852996380387347,0.3679547471933395,0.3114780935579595,0.4736842105263158,True,5
0.93354358856580355,0.30193160153662046,-0.19321924397226628,-0.23906618382871581,0.92604983063518398,0.29202580524693822,0.26710246722420461,-0.22642663088532572,0.93668951783857601,-21.90029737648517,-21.04277905854638,-4.3707799650002972,,0.2947308683691173,0.6333333333333333,False,2
0.33487940355953877,-0.85417759352036815,-0.39778942142716728,0.94162607136298537,0.28787473923600831,0.17455221636894247,-0.034585066157481525,-0.43302283223584553,0.90071921260808552,4.3012254797700606,-5.3412194349262379,0.48169835692207708,,0.09946052840116401,0.4102564102564102,False,2
0.95362092579586344,0.22206201447906199,-0.20321316790439792,-0.17123939075121758,0.95543139859510451,0.24047435130124467,0.24755646010434082,-0.19452327445347875,0.94914513893108265,-7.9791064142370391,31.481205369778124,-8.3217878904636748,,0.4304806154789477,0.9142857142857143,False,5
0.95530145750914108,0.20335358863809289,-0.21458435000931481,-0.14335507287928392,0.9534380796898827,0.2653396903537879,0.25855066884594591,-0.22271763779565862,0.93997255569193927,-1.460044092233125,-17.31057865068238,0.33872894531657333,,0.2345248084111334,0.5161290322580645,False,5
-0.73156289856091827,0.65446607238904542,-0.191023259161829,-0.67267685308954961,-0.73850854480064787,0.045945408627769191,-0.11100259801775336,0.16210888115118507,0.98050962967490662,-13.407025468730817,30.847078327189692,-9.4998929404403967,,0.1664720775984071,0.3793103448275862,False,3
-0.48249130587105382,-0.78955659735537309,-0.37921302632089426,0.84891254129935456,-0.52817030326199477,0.019586423277481058,-0.21575364883013542,-0.31246841492339422,0.92510207690381119,7.3559346829316503,-15.075961360579896,2.3590789427471344,,0.1320303104008108,0.1428571428571428,False,4
-0.92373970934891247,0.33465316110336601,-0.18631213362395854,-0.33798611888848723,-0.94103865795856811,-0.014547428165661069,-0.18019526300844996,0.04953287787987308,0.98238289948382818,-1.0019597799370905,-13.678471145313896,0.11872640928958458,,0.5760787976752589,0.3255813953488372,False,5
-0.035906259677966193,-0.94808766793170607,-0.31597549656857238,0.99054282780015457,-0.075660063389552751,0.11445724573638946,-0.13242222928802336,-0.30887753029915649,0.9418381094788435,-7.5555019560705992,-15.564896755624016,-1.4449057236894391,0.3084771976565587,0.1224729973725795,0.5319148936170213,True,5
-0.50256131797211723,-0.79385445603476745,-0.34238461459573599,0.83672357739686276,-0.54627530880279418,0.038431003377564416,-0.21754488434877825,-0.26716734386177082,0.93877357955340945,31.713121330353975,-13.170493559534366,8.4424504124516844,,0.4483425423873356,0.25,False,5
0.059489206411049038,0.99774882900075978,-0.030956559049690996,-0.98831917197076813,0.063229176405971824,0.13866248795560504,0.1403076927171116,0.022346039439594151,0.98985575003924953,4.5338508421670438,-14.382479219830575,1.5718233508090087,,0.3549489990202334,0.2222222222222222,False,1
0.70914045581352314,-0.64090593269792573,-0.29386969792952611,0.6991240960497549,0.69317760235112014,0.17530062727031476,0.091352680591224367,-0.32976415364826184,0.93963306174136063,-11.265603775493394,-1.1290455978342617,-3.9600500863575441,,0.4747974596595563,0.4104234527687297,False,1
-0.24601885969753137,-0.84845232700640938,-0.46861857567806214,0.95183047643478835,-0.30276866938073749,0.048475529613837637,-0.1830121985088719,-0.43411954763501137,0.8820695854399031,9.3331490545411153,-10.601006557600353,2.4310484099188527,,0.3954195109798554,0.2173913043478261,False,1
-0.9685178818241823,-0.010149612611808332,-0.24873700559151085,0.0032688171451640789,-0.9996008854210674,0.028060375975587568,-0.24892253297215294,0.026363900114551864,0.96816450944531063,25.631931002434357,-2.1243339003754684,5.5078410683705545,,0.4386700523885161,0.1818181818181818,False,2
0.33137034012323735,-0.90462894387205306,-0.26803016918911032,0.94267209777579997,0.30553531479292989,0.13422923485350277,-0.039534968845080926,-0.29714414906458847,0.95401380541116865,-0.21111652300121392,-13.145458651639897,0.24844602241285674,0.1737219071408426,0.1359565156903407,0.396551724137931,True,5
0.052445344600198562,0.99636305613108112,-0.067157622105749187,-0.99105759187219644,0.060192862144826914,0.11908681261708456,0.12269611005345349,0.060311522314944521,0.99061000643734909,-0.91453381246750198,-6.4041384088465509,-0.76805694699840965,0.6832196991140045,0.5886873436758007,0.2127659574468085,True,4
-0.38732594430981515,0.89452507384994895,-0.22316698931126247,-0.92182401109283574,-0.37187236013781527,0.10932264330067255,0.014802210551975961,0.24806418528129814,0.96863050465257405,1.5295364290201099,-14.373770736682975,0.79961989532778699,0.6553004466388612,0.5829028751463534,0.9552845528455285,True,5
-0.13677512665705899,-0.91882437358909064,-0.37020850236935876,0.98062667079547861,-0.17849032996387781,0.080700276542058122,-0.14022801878556257,-0.35199854063334424,0.92543672400627941,2.1157733096171119,24.396645407788164,-4.8853241307681188,,0.2090426107432172,0.2,False,4
0.36650593684167121,-0.88696470118484916,-0.28101070640080739,0.93036077184079202,0.34608705640358145,0.12104785669193137,-0.010111007843678854,-0.30580609582213403,0.95204012482584432,0.24688421757877255,5.4766960565395593,-2.0364320885937031,0.5761086216082543,0.4278351573962004,0.9702970297029703,True,5
0.90919831519984939,-0.26547173511351041,-0.32075408258286781,0.37175420141914678,0.86451656249199538,0.33824536494124469,0.18750263295475977,-0.42677379375126301,0.884707234966566,-16.09046237037338,-35.326312457878892,-1.3518652121728532,,0.342739329417484,0.4444444444444444,False,3
0.71697071184062056,0.68766799833797243,-0.11430539105659537,-0.64422994739158534,0.7162633894654028,0.26820613675933758,0.26630954403961948,-0.11865698872540001,0.95655619060253361,-9.5915491277425247,18.917737455375185,-6.6211147315404135,,0.2981730162811473,0.2727272727272727,False,4
0.81581908894304289,0.57362472661492159,-0.073443087708102872,-0.51052163052656985,0.7740224014400805,0.37450899432913937,0.27167421460388208,-0.26803730166692707,0.92431008110616042,-19.96157098631781,13.643751700174487,-8.2867326133959907,,0.4054450434063024,0.3,False,1
-0.14359265045038078,0.98910929666311931,0.032310214967188305,-0.98398788278033067,-0.14618031029669082,0.10197628853339773,0.1055888122772406,-0.017149814464137603,0.99426198086104478,-7.6819683678072401,7.1331704694286673,-4.2054794989073931,,0.6579965863343872,0.3429394812680115,False,3
-0.37317355326053492,-0.85740476899194296,-0.35439887310314505,0.90390234576757222,-0.42207853568455544,0.069356030958096532,-0.20905034910945694,-0.29446013622263667,0.93251872888053,15.019336444706957,-2.5870765500982005,2.866559186317212,0.2313269558380996,0.200501731790591,0.4464285714285715,True,5
-0.93331315246740021,-0.23781610430237141,-0.26901683955806038,0.2594766694801417,-0.96458017041884925,-0.047507397636964183,-0.24819028471488772,-0.11414287261667651,0.96196309035427963,27.12382431173679,-1.0638268804836795,5.7381885964801764,,0.2236433130701566,0.15,False,3
-0.97029086016374388,0.0083622154328859902,-0.24179685696004521,-0.023710925162044628,-0.99787817549637325,0.060637767900785178,-0.24077674038549171,0.064569499154659538,0.96843034910532122,-22.612625543282448,15.15856491418247,-9.1805312934903238,,0.08853241800080568,0.2608695652173913,False,5
-0.26754122598250402,0.93998370570668444,-0.21178367596608422,-0.96144841998674235,-0.24593391012444138,0.12301807816698633,0.063550201453451624,0.23653148808738308,0.9695433084903391,-16.487714211674813,8.8348758749616394,-6.5973939069524565,0.4625045813180479,0.4179900954396251,0.958041958041958,True,5
-0.86306150507190993,-0.43859707742443782,-0.25051435515305415,0.42503739679344005,-0.89859738270136613,0.10893096497006355,-0.27288834674654877,-0.012463846797642883,0.96196496959761446,7.033815643864231,5.2891445470423575,-0.34515994472207934,0.2229723669462196,0.2264926779433269,0.7272727272727273,True,5
0.83808588922897564,0.54000522379116223,-0.077500971307043032,-0.47259451098101085,0.78962841141469375,0.39133285075154028,0.27251875250319513,-0.29134400657120901,0.9169799340057222,-20.690903093225273,15.614157263015649,-8.77422789076771,,0.4457212277574766,0.1363636363636364,False,1
-0.18719709039322244,-0.89495433889169196,-0.40498639563230576,0.9643204143492633,-0.24598842069309496,0.097856197321286711,-0.18719879224390693,-0.37221825342646975,0.90907105552787859,22.435397749189089,9.6508443448067052,2.9100821564651085,,0.1709373162417993,0.3428571428571429,False,3
0.91695705267141625,-0.29499075276297404,-0.26864515506609044,0.35187713977347751,0.91529796263141516,0.19599009696313041,0.18807509686555102,-0.27424459044275529,0.94308942447251476,0.5252025262413047,26.12497392766015,-5.5143338283103498,,0.09706130712209982,0.2777777777777778,False,1
0.9350849698819993,-0.22420529799866273,-0.2744960536148236,0.29246421228538472,0.92559820277714766,0.24027619846336037,0.20020185721683675,-0.30495893389937867,0.9310849934360903,18.225605454877122,8.7332682841584042,1.975955857269476,,0.1138884110420912,0.25,False,1
0.87988283810975265,0.42573405596941383,-0.21108459154509138,-0.36839306081835893,0.8917231010451323,0.26290010232659206,0.30015453343370813,-0.15355918940357702,0.94144932492880795,20.460931606606287,12.381390607025002,2.0112631833447772,,0.2905396454197184,0.2608695652173913,False,5
0.77289294534146591,0.61183474073847521,-0.16821041901998135,-0.55446376035517675,0.78010460320751662,0.28983917352083571,0.30855539777192698,-0.13074807103711603,0.9421775355132822,-12.976905189519581,12.880630317697394,-6.4162789630720223,,0.73908346506254,0.651685393258427,False,2
0.075734788232549227,-0.89313702793629102,-0.44336270837825331,0.99073293646602856,0.017123920140021853,0.13474056538562754,-0.11274968049964193,-0.44945858617693268,0.88615714681937841,25.357621172949074,20.77993598204527,2.161385048110199,0.3352332616337371,0.3090574474554038,0.4705882352941176,True,5
0.73165510167368608,0.64206534151794026,-0.22898233428874093,-0.6196037541090319,0.76643841004717173,0.16930254427609503,0.28420415213163958,0.018007243704013243,0.95859466881749411,2.1928057790233288,-4.2115138845471849,-0.15566849470255167,,0.1208319841986863,0.2307692307692308,False,4
-0.23748549811351558,0.95171255349166362,-0.19453496783908375,-0.96940568615933798,-0.21940149360304267,0.11007088737126386,0.062074582783283969,0.21472354349519296,0.97470023393920924,32.757492307271768,4.0060534887560726,6.4901058122861919,,0.393240724915504,0.4166666666666667,False,4
-0.92798502138830063,-0.21228372040938231,-0.30623426021284156,0.24975310663527275,-0.96426656881809081,-0.088393268894277927,-0.27652700736995883,-0.15851058737175,0.94784345114901614,25.667668274548184,-3.6469054909040048,5.7107977733069202,,0.4062454134187958,0.1764705882352941,False,2
0.63257096881417674,-0.72375029610594677,-0.27575256716855723,0.77200915333489051,0.61776174805780104,0.14957369355510539,0.062095382925306419,-0.30749948215098805,0.94952000078789012,-20.437149068345263,30.730315423636121,-11.086683663647271,,0.6577766771834186,0.5581395348837209,False,2
0.96688773614998769,0.059176487777749781,-0.24824634735891243,0.011199367795878247,0.96196807857796929,0.27293220762303372,0.25495623123141081,-0.26667500649910936,0.92945239849331462,-14.155521769209827,14.551936207359228,-6.9995920669699272,,0.4927660165363054,0.5,False,2
-0.88500948268380519,0.40655171101166054,-0.22687865001633609,-0.43357557522772711,-0.89724039798447708,0.083497837041464879,-0.16961850171985787,0.17226541875300649,0.97033715242495078,11.673442352056469,2.8729946644038322,1.1886587129742603,0.754873341772881,0.8244856302839365,0.5306122448979592,True,1
-0.84661770743407283,-0.44147355345389944,-0.29721971512647105,0.45508450447647258,-0.89007502189570231,0.025778851463303692,-0.27592852560849324,-0.1134352546528228,0.95446104779470764,26.396312880981352,21.319740910554501,2.3075949379468086,,0.2518063884734576,0.3333333333333333,False,4
-0.89466687447708515,-0.29692585904367724,-0.3337757000510666,0.35101295279701095,-0.92939489637523742,-0.11408344998459061,-0.27633510577219222,-0.21922627767409075,0.93572364963969756,-38.604493236235776,10.815497376314696,-12.602778872337757,,0.4064416060204576,0.3,False,3
0.87658030221789274,-0.32550213202105116,-0.35447896385165029,0.45191706262526776,0.80998433291392102,0.37375974762157205,0.16546281235292509,-0.48782552463328682,0.85711627871865814,-7.0488439016268414,10.771316175949433,-4.6247603421787211,,0.6459713593943978,0.5445026178010471,False,2
0.95172717393476003,0.1937827954954511,-0.23804120350082977,-0.15240847289087189,0.97150478813155283,0.18152163515278019,0.26643393887646455,-0.1364795765213053,0.95414164640651611,18.132472886350609,3.3060446215279837,2.8161033201731089,0.3722183677598076,0.3040260697263927,0.3333333333333333,True,4
-0.46559469332809977,0.88416350689042034,-0.038424921964089281,-0.88495986441501961,-0.46553898048691961,0.010931423592083531,-0.0082231331779702849,0.039094126546493968,0.9992016960305381,17.131620924658659,16.237426687870308,0.56061897222763857,,0.4313810450141793,0.5,False,2
0.96106295263362984,0.13759549166303231,-0.23963614449648141,-0.10588146196578162,0.98439081584294275,0.1405839169181699,0.25523933295461904,-0.10973696896704652,0.96063035583662859,19.690133901685243,9.7340584113389941,2.2151454743278651,0.2537438627232173,0.2744652733580059,0.71875,True,4
-0.74066149657028146,-0.59394449615711165,-0.31408674436045053,0.61718545970387007,-0.78619493244730243,0.031299145744018625,-0.26552336211413652,-0.17066769957686029,0.94887822216170026,5.5973233170862375,-15.438718565233867,1.9695398053627209,,0.09090929806040737,0.2631578947368421,False,3
-0.33280255183924484,-0.79604656216484293,-0.50552184161994562,0.92129051497645476,-0.38883210780460337,0.0057774522626934111,-0.20116224423013701,-0.46380972694173178,0.86279446491648903,-5.3322386611697485,15.334439351487296,-4.9742815608547577,0.7959660518977136,0.5379406129128741,0.2268041237113402,True,1
-0.83686298454482744,-0.3915293185493835,-0.38257696979167383,0.47477609918360641,-0.86701447895570649,-0.15124003744102643,-0.27248486332771282,-0.30820559047074408,0.91146108707934281,-11.010299430702922,-14.107760986227211,-2.4194371945337161,,0.586769794204936,0.1935483870967742,False,1
-0.9637393860658342,0.081988199820791724,-0.25393765147294961,-0.099988957457945685,-0.99325030940693348,0.058788019608643202,-0.24740372699683488,0.082047290955759328,0.96543235802147143,23.971588482088094,13.073884365888103,2.8164274822518203,,0.13699590245412,0.5333333333333333,False,3
0.63863042149457416,0.76578021133730834,-0.075708999899948226,-0.72636311364847039,0.63237752184415563,0.2692495069580334,0.25406261407881758,-0.11695870121727697,0.96009002199637805,23.993725994860387,7.6137764987351684,3.6432035081752034,,0.5134867173741033,0.1935483870967742,False,1
0.95731577233248466,0.16548745736200171,-0.23698188432730014,-0.11347965666032594,0.9692353659942452,0.21841513873872415,0.26583618934921693,-0.1821996343625894,0.94664376281176954,30.092769817237439,-12.999403541227645,7.9540462712013102,,0.1657817361717237,0.4090909090909091,False,3
0.70861044600849554,-0.60612191213639488,-0.36123048519714096,0.6996881500688541,0.66973956251826783,0.24876778539646999,0.091146741361750119,-0.4290281412984005,0.89868076952451492,-25.788357017139791,3.6000096020644601,-8.2441954713223353,,0.5970396631825898,0.4285714285714285,False,1
-0.54806134988670663,0.83638956169001233,0.0090143139700133157,-0.83578020725627256,-0.54717108290544403,-0.045554924988912657,-0.033169291807676263,-0.032500878881542128,0.99892116353239035,-15.674740941677726,13.921169567038556,-7.3223616629128392,,0.5007517439460417,0.1666666666666667,False,1
-0.81444023804531362,-0.50919381244332695,-0.2782242980440835,0.51275397044493964,-0.85601990067908518,0.065675683736974411,-0.27160718776505666,-0.089171693999829937,0.95826820073691166,29.4858911302792,8.9123096070160184,4.9178309315999931,,0.1598721118942851,0.2,False,1
0.95064869557489851,0.24721566914573345,-0.18748725431498406,-0.16585869981316828,0.91559606532113591,0.36629869896675749,0.26221737032094117,-0.31712498813130624,0.91141307462900101,27.258795630686645,23.592003877919122,2.2211968050689634,,0.2371098568411292,0.2727272727272727,False,1
-0.8132588301491922,-0.52059515428537673,-0.25998223116004116,0.51465667239084489,-0.85199002971335036,0.096132714684583453,-0.27154849428407929,-0.055620810886123834,0.96081618463076501,-11.210725535916561,-5.1053089320334415,-3.5030164091065865,,0.08052764808500587,0.5294117647058824,False,1
0.21724138169055529,0.96367675242359785,-0.15534895854007613,-0.95735214931370971,0.24140603238249181,0.15874504632826814,0.19048108642487105,0.11423766615110406,0.97502139019959444,-3.7183844513376352,40.803866365207575,-8.8158759675144776,,0.4056772516897554,0.4285714285714285,False,2
-0.85442648761480533,-0.38082912762140952,-0.35344667605926527,0.44218643149996056,-0.89017620374504447,-0.10980658488174561,-0.27281227439313976,-0.25011097904965585,0.92898760007831371,0.15016747167504066,-8.2074733369812183,-0.27509193348874211,,0.4475566881343426,0.4076433121019108,False,1
-0.91827736493663625,-0.24849754585808592,-0.30824608796793745,0.29020832969706162,-0.95202983879853764,-0.09704798509847104,-0.26934328731095308,-0.17857255035346251,0.94634350943026524,14.065244448342757,-10.704111645783923,3.6012868052088436,,0.3521740171097082,0.2903225806451613,False,2
-0.72596421485331553,0.65718794088596688,-0.20268194075070728,-0.68072108719359359,-0.72862445643189366,0.075665070800867512,-0.097952846831432308,0.19290000477810121,0.97631697104691761,19.404082682486571,13.507558925690603,1.5816901005938406,,0.2545534935432587,0.3846153846153846,False,1
0.17088662350043693,0.98035325590715938,-0.098515255371195043,-0.97155859235044018,0.18429552228466758,0.14869116347602063,0.16392578667998231,0.070304011962713825,0.98396426884480703,27.209672454969798,20.414603381278059,2.6192198243159184,,0.1208508207086565,0.1904761904761905,False,2
0.87528011457031141,0.44285642192296509,-0.19432681389703288,-0.39940985745560598,0.88851635694725761,0.22585492955538206,0.2726838587175191,-0.12007028357908844,0.95458191905994227,30.983595984574027,-16.798833989226576,8.5997891721725654,,0.1001007219283518,0.1,False,1
-0.9194334346916877,-0.28311014970462089,-0.27293003188596576,0.28632155868436354,-0.95769842235906355,0.028873808954100327,-0.26955912932713627,-0.051598206802062632,0.96160048921119445,21.632146802971729,-17.539335840752166,6.2656807944459514,,0.1882626932124395,0.5,False,1
0.95539762375474491,0.17195874215553308,-0.24009492189564344,-0.13982459089242069,0.97948406735537086,0.1451207965067304,0.2601239402776212,-0.10507688991052003,0.95984081122922582,-2.3084846243490036,16.072821993017925,-4.4205405299587746,,0.5046508707113404,0.5882352941176471,False,1
0.067633143277486638,0.99649512844596677,-0.049226181183019746,-0.98751426502739637,0.073896136176657926,0.13912202351016115,0.14227204327557808,0.039202296381938617,0.98905098233638833,31.566688707272757,-14.237998497513503,8.4526878417060569,,0.1471118636314481,0.2142857142857143,False,1
-0.1281005291714285,0.99115386813932171,-0.034702508532698462,-0.98742886614357017,-0.12419583218276016,0.097773358205884106,0.092598535260685566,0.046791077577821416,0.9946034920141209,-18.31789146428769,8.393697675642569,-7.0201088023821745,,0.5295473128094705,0.5238095238095238,False,1
-0.86641639677514348,0.46436170605943411,-0.18355062883234663,-0.47302612492136348,-0.88103975437579629,0.0039033769118900635,-0.15990282217977525,0.090206192442699423,0.98300250778110176,27.067036300956946,4.2876907356850831,4.8675391762998341,,0.6823625108804152,0.5370370370370371,False,1
-0.93801476842579179,-0.21442142237844161,-0.27230818540821483,0.22204303582261586,-0.97503256946982542,0.0028946011378037095,-0.26613001419942345,-0.05774895755142577,0.96220573342915527,3.5440082026009052,-1.7368904914983103,-0.15438583971181163,,0.4819297428425146,0.2,False,1
0.92597897820717345,0.33535055446600914,-0.17350198136546066,-0.26539384930775733,0.90492857992535791,0.3326715647359838,0.26856849530056903,-0.26200051689570519,0.92694481630697556,21.379760938786902,-20.232844740874331,6.402400399085316,,0.4047333741667888,0.4,False,1
0.93017722298725913,0.34061582644925853,-0.13693499409573498,-0.25108262193791508,0.86239519061778902,0.439581678599198,0.26782055708345548,-0.3745068677228699,0.88770307830485284,13.680950521295893,4.0956658871045395,1.5619041558352784,,0.5499720421825437,0.25,False,1
-0.64486093412687395,-0.62876938397218274,-0.43451517512770332,0.72053971160367936,-0.68974363439851671,-0.071247756517751906,-0.25490566811882298,-0.35903033379641897,0.89784203497883175,25.801758134122732,-20.752087399060567,7.5801737924583552,,0.2104387449220759,0.1,False,1
0.85351869171197892,0.4945852522621404,-0.16398558211948977,-0.44394108396881987,0.85501016958643039,0.26809312536574648,0.27280424641647766,-0.15602255653776315,0.94933387435009342,-15.514662567931234,11.639844455253289,-6.8773007904283503,,0.1281477181740495,0.3333333333333333,False,1
