axis_00,axis_01,axis_02,axis_10,axis_11,axis_12,axis_20,axis_21,axis_22,location_x,location_y,location_z,dbh,dbh_approximation,score,reconstructed,number_clusters
0.94675834043800866,-0.02762619351084987,-0.32075760044489859,0.085075407254886215,0.98236407006859061,0.16650227901950321,0.31050091769829502,-0.18492600485160093,0.93241168634790428,-1.3707733996685763,12.630300406367127,-3.6365990395829062,0.5398866910565994,0.3554027138892867,0.4411764705882353,True,7
0.34218964937197666,0.90885531568998446,-0.23851259716153941,-0.91145360529449326,0.38275296169159451,0.15083930426776437,0.22838250646307004,0.16577751795213896,0.95935355593403338,-8.0170690029191309,13.935434543322165,-6.5967464112217016,,0.09606238672562775,0.2631578947368421,False,4
-0.33971759694675024,0.92903858481107338,-0.14655805080910694,-0.94052593607318236,-0.33528425330710038,0.054730549585816773,0.0017081857014640267,0.15643457871116492,0.98768684545511221,-3.0321340632193317,-19.662528423725025,0.85465508839867743,,0.60139115579096,0.1923076923076923,False,1
0.52942271678324992,-0.72456308826096882,-0.44127079903792937,0.84715534230946132,0.47921508762853227,0.22952282192784182,0.045159859946464237,-0.49533951075894206,0.86752484467634117,2.356973205784417,18.702430503505919,-3.1091063760558182,,0.2079495165005616,0.125,False,4
-0.87847280381385284,0.36640881180349499,-0.3066433035175874,-0.40031866302645158,-0.91479894052166666,0.053738872831033763,-0.26082657263427467,0.1699631755798493,0.95030627586829641,-9.9648075796235549,-3.4960283073904055,-4.5464730240256506,0.1159615509251481,0.104844725229884,0.4713375796178344,True,3
-0.40035096881069882,0.87386347167375023,-0.27582917656882494,-0.9161674656714911,-0.38790287811301216,0.10083913921052297,-0.018875291187489165,0.29307676473228422,0.9559025752432333,-5.9870186785566997,-17.867187904752779,-0.51930242051215569,0.1463703569859408,0.1063088718958458,0.2903225806451613,True,5
-0.1851267471946389,0.9367328044490848,-0.29708540950724122,-0.98118636205878862,-0.1593366525502512,0.10901905367375211,0.054785129213794748,0.31167849496401479,0.94860692881403463,-8.3866712307576154,7.9938968343877104,-5.8987860161166035,,0.07200895770366866,0.3733333333333334,False,5
0.87568657993168231,-0.30834574161472134,-0.37161259041590872,0.42108175743203835,0.86429449277895831,0.27510940243821169,0.23635390262379929,-0.39738889438436942,0.88668985521120591,-9.1554598221260619,-15.920911470926091,-2.0393068138834209,,0.08832658698980597,0.2413793103448276,False,5
0.57777046622538841,-0.72722645120260365,-0.37057114975260119,0.80959989881363559,0.56824497952731179,0.14712459713778808,0.10358229674345276,-0.3850186124244806,0.91707762805995852,-12.14279850531055,-22.655146550032562,-2.1517016982149237,0.2093552924798301,0.252542028522989,0.4137931034482759,True,4
0.53080738064844513,-0.69648878049324747,-0.48285287955666945,0.84344196474789224,0.48978157936684996,0.22072529672679403,0.082759753209841858,-0.52442099801585451,0.8474275426776634,20.027707318374798,2.7965021684879736,6.2068698293216453,,0.2806526214206709,0.3529411764705883,True,5
-0.6613010456171371,0.735885768877242,-0.14544092350377719,-0.73861108428212086,-0.67263216954050919,-0.044940301231937013,-0.13089917204195972,0.077705210013088832,0.98834574269106423,-4.3033625998766407,23.148656098039197,-6.7784600737572971,,0.3042063678104646,0.2941176470588235,False,1
0.80209675888544596,-0.46130480107993727,-0.37926068855875839,0.56668394140491907,0.78832175755099954,0.23962077774160179,0.18844123736393315,-0.40711999100056906,0.89372434955552582,10.687777565939427,10.971904171466305,1.4999689689034335,,0.3418040430498503,0.2040816326530612,False,5
-0.66953689833707231,0.72473803419986149,-0.1627117806100484,-0.7300694926238539,-0.68244685947470307,-0.035564307009450624,-0.13681694962657409,0.094979291307286912,0.98603248248607123,-7.7563583178156899,-8.8108925340545401,-2.5996980416453366,,0.2477657481862706,0.2692307692307692,False,5
0.0025092294107366422,-0.91588415051556593,-0.40143483481400283,0.98974315280352632,-0.055065202901524349,0.13181925090043004,-0.14283625326331151,-0.39764814379523428,0.90635189550742656,-2.1384233720148718,13.949107304136735,-4.2361812841180102,,0.5345689629110151,0.3978494623655914,False,2
0.89389966024341339,-0.27967028795793819,-0.35032545932351788,0.36917828164563204,0.90258801338638561,0.22145490387976419,0.25426520363173599,-0.32729101442713221,0.91007131484151849,-3.2888066120441946,17.055173794709681,-5.2588087622252147,,0.09602849395505242,0.2941176470588235,False,1
-0.55192265180642952,-0.73977262232017527,-0.38486082379022624,0.79048907844947136,-0.61110096425240323,0.041019853021308533,-0.26553418475794277,-0.28158849187300955,0.9220626431916763,-14.95119767904162,12.231937257966869,-9.4494695673165729,,0.07904071614180717,0.21875,False,2
-0.48991173844608171,0.84383905098033241,-0.21891127100574637,-0.86829080536415548,-0.49473924688007986,0.036113085116039959,-0.077830365878652857,0.2077708681147209,0.97507625368996198,-28.150987945133572,9.1249976383324451,-14.631752606533604,,0.08874392197040287,0.2,False,2
0.60919505354573444,0.77191929478022603,-0.18171953412170197,-0.72936319417558315,0.63533887199841177,0.25372002031723162,0.31130486298386095,-0.022025441511677291,0.95005482063342828,6.4268843591250651,10.104227284848928,-0.053088969576673257,,0.2194018799433553,0.3513513513513514,False,5
0.091520633184705505,0.95700598833100936,-0.27525172479034526,-0.98372266422906884,0.12981251634921584,0.12425148080062615,0.15464053020969112,0.25939978584739415,0.95330900421573328,0.18506658962234021,-10.818897865346123,0.87491862555432054,0.4407747404052797,0.1975560611838849,0.345679012345679,True,5
0.37835317808082963,-0.7225783091852559,-0.57855808673901832,0.92556889236191697,0.3041480260484648,0.22542449676722512,0.013080448313050275,-0.62078544227921428,0.78387137753979153,13.47524627147601,10.534974714325537,2.6551268878105168,,0.7544653890825427,0.4,False,1
-0.94917553098538143,0.14295889565749409,-0.28040785568704951,-0.10881980398236051,-0.98501152471631326,-0.13383028968542413,-0.29533719989168328,-0.096514508383111153,0.95050559600230999,13.187700388141256,11.469429591598429,2.357531380642802,,0.389467408409908,0.1304347826086956,False,2
0.54836637803910293,0.81589703546308112,-0.18332032882043406,-0.7940119114681008,0.57679219889639854,0.19197875856206217,0.26237263554541801,0.040283828204552119,0.96412541367922577,-11.411163306554185,13.858317029002736,-8.2070326909629969,,0.1240934053035699,0.3571428571428572,False,5
-0.73022061876777988,-0.52942717292249297,-0.43183876215284034,0.60415919019927788,-0.79551644114267173,-0.046317003027511988,-0.319013355244186,-0.29472098744913761,0.90076079995349057,-8.185426619810988,12.062937262588658,-6.2373264435123161,,0.7746218328014922,0.3488372093023256,False,1
-0.83416948369878363,0.47006402215833465,-0.28844598721083603,-0.50645500970927781,-0.85994444219998389,0.063236694013317232,-0.21832222884095026,0.19883503564937299,0.9554056902657807,-1.2568391410052591,8.0897412935292898,-2.7817679772934003,,0.0752705109527485,0.2394366197183098,False,5
0.94805561348286982,-0.031035048632438882,-0.31658708043759698,0.11552632687818744,0.96086903075886387,0.25176253400090198,0.29638525864430826,-0.27525902616427184,0.91454264360577697,8.0267083992075232,-12.170554572440576,3.9567921075477632,,0.3168373072863899,0.4090909090909091,False,3
0.8473400664666586,-0.37360906515381753,-0.37740042156199299,0.48275024024862789,0.8380381253490492,0.25425244541861125,0.22128492334583413,-0.397628428179302,0.89046314679692773,-13.792365099719646,8.2572487042702232,-8.2890624768240748,0.2175913141430318,0.09782565274717211,0.1454545454545454,True,5
0.43558707639608746,-0.80419597863230063,-0.40439179866602698,0.89959789374817645,0.40460247528180704,0.16437903321189862,0.031424965243462416,-0.4353913928265809,0.89969261784899413,4.6321640519999754,-18.668719047106098,3.5509750531673467,0.2173129394910087,0.3148367120249184,0.3529411764705883,True,6
0.29863423500057351,-0.86948802854319129,-0.39345668364598663,0.95407668366400489,0.26181199430274338,0.14557527718646188,-0.023564281748385943,-0.41886160943597572,0.90774427939061542,12.025949891288736,-9.7299152431253226,5.061479559942148,,0.1082019894786844,0.2222222222222222,False,4
0.27539925468951643,-0.89067852724990693,-0.36172781426425576,0.96098416019361654,0.2449761281684199,0.12843730176463508,-0.025781667390394378,-0.38298623698972123,0.92339419962604541,-17.959601627753798,7.7901488911313894,-10.014162946216089,,0.07234957629091227,0.4166666666666667,False,1
-0.86954940973425621,0.44179319365705938,-0.22068665131607529,-0.43624326991288204,-0.89661007804410453,-0.076040629964915091,-0.23146410841969287,0.030151981494435848,0.97237607155124728,-31.866384741997024,15.675514008613186,-17.072330603528517,,0.4942359691661121,0.3076923076923077,False,2
0.7720443765562649,-0.5264831709692821,-0.35603785095685819,0.60960256029891124,0.77189213517614796,0.18046398568750294,0.17981156554810471,-0.3563677908275899,0.91688047124791727,-8.0687850104029053,-21.257085093667378,-0.72988621132795006,0.2758323929786615,0.2248791673827237,0.6326530612244898,True,5
0.77938349515247407,-0.52253488096478595,-0.34571471715712765,0.59853964680457539,0.78407216968639959,0.1642593191460327,0.18523406459657979,-0.33494496696977116,0.92385075115770265,-0.51960051604228275,-15.113833559972083,1.0704814266126381,0.164524520002447,0.1479575439646049,0.32,True,4
0.64515893575189931,-0.62581876294930072,-0.43831589471531213,0.75569745807519773,0.60724872852074274,0.24529641980393174,0.1126556677587161,-0.48948938461477287,0.8647015918056874,-4.1631096595992654,20.795793827666358,-6.429254086294482,,0.420224829656811,0.2142857142857143,False,5
0.65799500227084562,-0.66542197575104589,-0.35249988819028821,0.74212080990137008,0.65239646342743951,0.15373860289044214,0.12766863552934837,-0.362756734871932,0.92309710800496536,17.461031443032365,9.5904108428338564,4.4091073687450413,0.271794587190606,0.188688693809045,0.55,True,5
-0.75764711541618701,-0.55275010351001053,-0.34704203141867745,0.56712677372429143,-0.82072799244539629,0.069085345346348942,-0.3230140415316427,-0.1444745150060065,0.93530157889697385,-22.248077930713933,15.519600856719824,-13.059189830233514,,0.08258905157601651,0.3,False,2
-0.95253502697486614,0.0381163653428752,-0.30203338404726149,-0.051452888156478506,-0.99801474255496336,0.036320434238981208,-0.30004936708206703,0.050136975736473285,0.95260519680382405,-11.753640907132329,4.7505625527153308,-6.9033151895962863,,0.09516978635710371,0.1827956989247312,False,5
-0.44857485011468051,0.84893890326117361,-0.27943396782479629,-0.89228727446264566,-0.44324271963181944,0.085786428561940187,-0.051029635278106486,0.28781700787671594,0.95632491669948616,-3.9789699267413328,7.4704300546602731,-3.9518324529727051,,0.07393863456079816,0.3026315789473684,False,5
0.75764014980675742,0.60817829279535673,-0.23685558379172725,-0.58141868402977703,0.79379645052790193,0.17843628832271277,0.29653619890643462,0.0025217656175087755,0.95501828434658464,-9.0927951666513689,9.3043814204186628,-6.4447000348928718,0.7352776920509626,0.6330060357306767,0.6411483253588517,True,5
-0.57072051696358628,0.79128936438618558,-0.21940654804751003,-0.81812510263160398,-0.57084035364689822,0.069372956491073431,-0.070352028832473767,0.21909457423129275,0.97316399418677868,16.324309742308408,3.3526245678258055,4.7774105861685783,,0.1407430532834345,0.3478260869565217,True,5
-0.1111933599415123,0.9827097955907973,-0.1480455820171982,-0.99008988850396973,-0.096684104075605987,0.10185380062272842,0.085779073130422837,0.15790390010696712,0.98372166233335268,-2.6215223699525585,14.018355489636775,-4.3276953648545984,,0.4843849041279393,0.8461538461538461,False,5
0.91569050548512065,-0.1525024054580485,-0.37182511278007202,0.2750955378874585,0.91232568515065948,0.30328911824988009,0.29297328069094314,-0.38000639539866804,0.87736069906127956,12.687845354900857,14.418386930177528,1.7408412952829675,,0.3201873581674068,0.44,False,5
-0.94984250678076754,0.11244065728487299,-0.29181554259801568,-0.097044708350180947,-0.99303868311068,-0.066757010321278509,-0.29729032425165952,-0.035089491805278511,0.95414212288903355,22.300067705396117,7.7265706482099654,6.3900584360118673,0.89965168850669,0.6023323618065966,0.375,True,5
-0.91178833529076297,0.33307435769816823,-0.24021553628284159,-0.33304906160741493,-0.94197573506030574,-0.041952796331331338,-0.24025060705463527,0.041751488614785268,0.96981258963179595,4.8303497412018581,-6.8778532186682826,1.9618304781022928,0.8337415054481818,0.5255103245997804,0.1751824817518248,True,4
0.34335595865400714,-0.84570574103804808,-0.40851987128177047,0.93919895534281839,0.31077696177513264,0.14602397855412641,0.0034652474292754948,-0.43381963948754582,0.90099307014823915,-7.3912382245953658,9.1181222123249519,-5.6161079117016985,0.5038692859848778,0.6340897280456383,0.2622950819672131,True,5
-0.32411067311621683,-0.87885114561373046,-0.35010417796077054,0.91968404642537249,-0.37943008951526702,0.10106464228942709,-0.22166083624042898,-0.2892290978167143,0.93124271951694948,-16.028515846373722,-12.983667612151516,-5.1627320881523167,,0.09695277970501047,0.2916666666666667,False,1
0.18033322674256175,-0.83440124474763899,-0.52082097701245433,0.98073900758523158,0.11213660787580261,0.15992617101289139,-0.075039498488142314,-0.53962945058410239,0.83855180503589,9.4383289270289286,13.921442350030441,0.52369143972000209,,0.3498046225799659,0.4285714285714285,False,2
0.29191560391860871,-0.83571328713479531,-0.46515436351300621,0.9559840997439697,0.23986341369047137,0.16899687514704642,-0.029659420519398655,-0.49401300031386808,0.86894848771106381,-10.219069151192313,30.234615797656048,-10.44288392442488,0.3321048328853633,0.2515658642651727,0.3043478260869565,True,5
-0.84077328705003462,-0.43378214185270408,-0.32393414946986127,0.42857647816818972,-0.89887861479419295,0.091320524673403236,-0.33079069234794517,-0.062050699233410042,0.94166195026698085,5.9356453557578499,-11.405103999686894,3.0869326721659904,0.2464530230245609,0.2278874567395362,0.7777777777777778,True,5
0.61160354818577412,0.77433723687141831,-0.16230509369982948,-0.73192706094335969,0.63166244592266274,0.25550994475717853,0.30037289708858339,-0.037475298602388796,0.95308537114430358,-6.4550938488576612,-11.170245073724116,-1.6879997905130599,0.8429687726016071,0.4508543256150152,0.3636363636363636,True,5
0.88194925293374737,-0.31681065639921713,-0.34899358624694382,0.39993258468982407,0.89481881552273634,0.19837644792112902,0.24943825479048412,-0.3145318670316013,0.91588769053235641,5.0246783011808365,-15.879416686329282,3.2918305745309424,0.2352292588676716,0.2319887035672188,0.5333333333333333,True,5
0.74630066290169617,-0.55194511899310761,-0.37201062642372756,0.64308201143395938,0.74208664868467933,0.18908445841473903,0.17169987513840174,-0.38034719857470578,0.90876573516711745,-7.2134758690745553,4.2886298496291371,-4.8073047023527531,0.4481769577636479,0.3554120487492724,0.8550106609808102,True,5
0.501343300423435,0.81281063418956956,-0.29663743538010845,-0.82233627411191457,0.55422941457276098,0.12881307504313769,0.26910582936880401,0.17935615119277393,0.94626287237164897,-12.569737903086766,-17.32242819045975,-3.1235182975725571,,0.07443822554243318,0.4285714285714285,False,1
-0.84733134632164764,-0.39648814614569278,-0.35330827828781097,0.40234177514849884,-0.91350650958423241,0.060224188808059728,-0.34662758907954844,-0.09112083687711528,0.9335664451851915,0.021309815548704703,11.721796045135862,-2.9169919564677325,,0.1288475783551078,0.4848484848484849,True,5
0.86424586396147984,-0.36685999106858735,-0.34422788030406715,0.44475301453607735,0.87696489697954005,0.18200913583316675,0.23510389764218478,-0.31039703029961541,0.92107537199440559,-19.208475006051327,1.2623286309063273,-9.2335897360157819,0.3598716244630329,0.3422032026013195,0.7264957264957265,True,3
-0.68321321610914265,0.72651725130744937,-0.073432859718738835,-0.71648380975251036,-0.68637688093386362,-0.12465042190875503,-0.14096329911126437,-0.03254936054933838,0.98947960435346971,-6.9356174162667807,-20.597742721426322,-0.40955236983875559,,0.2078409913872097,0.1818181818181818,False,1
-0.22437124079389525,0.96574027885040015,-0.13039654945803225,-0.97345656976142281,-0.21591306712828115,0.075920051577853864,0.045164732844704944,0.14396965391780128,0.98855090190533756,-7.6870661541492318,-7.4994012969060675,-2.9517633405113961,,0.08025034636042863,0.2258064516129032,False,5
-0.15357089779395083,0.98810451249718867,-0.008090224561378534,-0.98567967601166462,-0.15260664134906926,0.071741127072948316,0.069653109394342702,0.018991719217863856,0.9973904746651886,-25.245390785902877,13.841119234960633,-14.174562551113974,,0.5375963803014682,0.2068965517241379,False,1
-0.80083966599068823,0.52796471826330293,-0.2826819513960388,-0.56572898912996894,-0.82179522774613967,0.067847730335305736,-0.1964854707959468,0.21425652830852079,0.956811162060348,-1.7942409539510136,23.100509396210285,-5.7249185703617096,0.2063088077541905,0.2299449168200718,0.7142857142857143,True,5
0.39072396375234159,-0.85110130289148977,-0.35065846113571486,0.92033686451369656,0.36853914002930338,0.13099220619395341,0.017743730350650896,-0.37390570266160728,0.92729697807680445,-5.3378182489590911,-9.4389033644275866,-1.455292831244603,0.1242012077036966,0.09915495343394662,0.5154639175257731,True,5
-0.11836774109459305,-0.84157302389231514,-0.52701415856209177,0.97977608851233988,-0.18521964112136749,0.075713281016824577,-0.16133162816888769,-0.5073938608217663,0.84647715607260132,14.288543906708322,13.982337924566767,2.4452342429951939,,0.3737344757907616,0.3181818181818182,False,4
0.94012122066333292,0.16881617192110221,-0.29609658991010335,-0.056234384189530584,0.93364425751877889,0.35375993899399349,0.33616927952046916,-0.31592641627460438,0.88723205251308179,10.67718689643463,15.521909851991055,0.7540928310246221,,0.301533937036909,0.1428571428571428,False,5
0.013377970271058047,-0.92816973203480546,-0.37191662835353906,0.99287702892103247,-0.031708371461549048,0.11484678759199028,-0.11839018266887674,-0.37080389387612184,0.92113421222639202,-14.344896837527852,-20.410381928175806,-3.3058793090255829,,0.2920778959781688,0.2727272727272727,False,2
0.92356800921361337,-0.18473541939455604,-0.33599844817844354,0.29320880530400517,0.90493876275241003,0.30840627775766327,0.24708445691585434,-0.38335187555202654,0.88993854319348509,7.3480092161522199,15.130977175035865,-0.58870680074554294,,0.1996689965331229,0.4210526315789473,False,8
0.87625129902249566,-0.28008435380634594,-0.39209235610283494,0.41693225028198855,0.84863450578248656,0.32555640720175327,0.24155984690380117,-0.44874517306395428,0.86039328798847325,-11.332809082676215,11.124291142272861,-7.6004110603213846,,0.1918955540480735,0.4,False,4
0.74479416738629467,-0.5658988424274537,-0.35361016439947374,0.64975612772172242,0.7357152634530888,0.19115445485319821,0.15198231053457317,-0.37213109418781282,0.91565267761479985,-7.3933532141533842,19.438331786876919,-7.3934519730587906,,0.3951711640504833,0.7727272727272727,False,6
0.56743381824084571,-0.70710879072580846,-0.42191944728218084,0.81852805355872571,0.54015316533976909,0.19556682620217894,0.089614102985968586,-0.45632413485560286,0.88528955517068375,-21.661004379666718,8.946732801127423,-11.873367708478193,,0.07886130924258161,0.3333333333333333,False,1
0.36042937054388791,0.93253632835874478,-0.02160243367141107,-0.91046836748650484,0.35674696897099922,0.20923420355301156,0.20282509868306464,-0.055745819764318527,0.97762691397230284,-12.879976383904589,7.2694831322499169,-7.7648417275986255,,0.4355854050133138,0.1481481481481481,False,4
0.40784864061875847,0.86197296242118082,-0.30110147525424802,-0.87983694713289251,0.45916329388089688,0.1227029584497331,0.24402137776289742,0.21487596796128408,0.94566478499910234,-1.7927712602572472,-5.7403189483516535,-0.99545327330160582,0.1837263504652037,0.1299640301464739,0.5857142857142857,True,5
-0.83775170034680546,0.48710664444008178,-0.24677764385851816,-0.4844570853826447,-0.8715354176870701,-0.07567924510444346,-0.25193932005264846,0.056152761814083851,0.96611254331576779,9.0564884782658961,-9.2508489681676593,4.002073404639833,,0.4326379430900163,0.1379310344827586,False,3
-0.076104677567324946,0.98112713392645545,-0.17775720836476097,-0.99242418974367241,-0.057290101406131069,0.1086833560969251,0.096448461179996572,0.18468186525518621,0.97805434561780691,-14.371694025288251,-15.746587964698019,-4.1023862956454753,,0.243013001316748,0.5,False,1
-0.93949025182231183,-0.1000636049037389,-0.3276359896356269,0.09718790983451514,-0.99494739340624549,0.025183219335796037,-0.32850049758386407,-0.0081828679437659022,0.944468349792288,-3.8016565306857633,-16.012159413684309,0.054226483541727002,,0.102472786164059,0.2758620689655172,False,5
-0.74457074717373017,-0.5659769462371006,-0.35395550395675524,0.58822354652461528,-0.80696195635391232,0.05296659618543445,-0.31560649829678383,-0.16876758375231188,0.93376123334996597,-26.256186637165044,6.1386192958569223,-13.127185027748652,,0.4848920448370581,0.6785714285714286,False,2
-0.87754184546235436,0.39493326875852142,-0.27193385719735985,-0.41513778352595249,-0.90956652870906507,0.018690921360389065,-0.23996026786050234,0.12929208436656242,0.96213441200721261,-20.909079924090712,13.419401554095337,-12.263556844841135,,0.1197738751421058,0.1818181818181818,False,3
0.92033991762469491,0.25650001564584773,-0.29526628320932558,-0.21044311879515026,0.96108712398223284,0.17895595510440657,0.32967882822277206,-0.10256355146561556,0.93850550777948027,-11.264265907065933,-6.8450545038367814,-4.5858417397524676,,0.1297942226963646,0.180327868852459,False,3
0.85427424974831367,-0.39131564573936983,-0.34218061256672166,0.4668582105316435,0.86704737930842091,0.1739892332691646,0.22860209420770505,-0.30838435017682109,0.92338517157785915,-2.7777281589814149,4.7760745566136427,-3.0464185526748655,0.3582664946644961,0.1957733021911754,0.7269155206286837,True,5
-0.66329720140642723,0.69352293649182273,-0.28118100783332312,-0.73505702016428276,-0.67429243229813951,0.070858258888195344,-0.14045639790913445,0.25368415856182414,0.95703518638614971,-3.0089603945944612,-15.641917954572977,0.27526877839707276,0.1100431376470727,0.08988096415731014,0.391304347826087,True,5
-0.93725444229606891,-0.07160117309061706,-0.34121456945495798,0.05301651305821916,-0.99657286917415466,0.063496187044111682,-0.34459158396489092,0.041422076698792366,0.93783839323335816,-8.8857926529818574,-6.8523604367258386,-3.538339046404225,0.1607449584201081,0.1312987594092992,0.6103896103896104,True,5
0.56037884958173068,0.77553481770362886,-0.29072545721153309,-0.77580316779787617,0.61441220839847888,0.1436213180752918,0.29000860293487185,0.14506338166574942,0.94596597482333411,-2.8444945355082991,12.368204164089471,-4.1779450637939357,0.2278201603215547,0.07433381251117332,0.3043478260869565,True,5
-0.34676379585695755,-0.85693865888195242,-0.38132794914151547,0.90952062224558361,-0.40655033711268396,0.08653936158516895,-0.22918793073126664,-0.31681691606851253,0.92038032035672979,8.3895248361019092,3.8388603672602746,1.8755225326492198,,0.07741653604615135,0.2241379310344828,False,3
0.87052357955292192,0.39793225184992537,-0.28954899478329221,-0.35623246041629159,0.91546642955460544,0.18713538015110134,0.33953958765970532,-0.059759010167417428,0.93869149837190247,-2.7002409090774284,20.523422430094296,-5.6309508272588502,0.7186014260981755,0.3166707464573988,0.48,True,4
0.48322214930740937,-0.71237045647239017,-0.50894467986613834,0.87379388213591558,0.4286708537062856,0.229620449273512,0.054594926143122613,-0.55567043463553323,0.82960819795333762,-13.085048770915813,-13.182812212694872,-3.9483299082361518,,0.1165122171814873,0.391304347826087,False,1
-0.9502919955371405,0.079773609318905786,-0.30096726478850416,-0.050779184531747498,-0.99338731256765411,-0.10297146035627741,-0.30719146738854858,-0.082570082268629719,0.94805885042956173,-16.116287335612373,1.9802659414285251,-8.0506924045590775,,0.2133948464480502,0.2068965517241379,False,3
-0.37391180063757873,0.87767391906752545,-0.29979736011615071,-0.92740278095954209,-0.35753711363544793,0.10996042125118705,-0.010679288949610136,0.31914840460494581,0.94764457927307677,-5.1670182786325043,4.2911147035772181,-3.9021239538632702,0.2218946875799311,0.1390543722150314,0.7226107226107226,True,5
-0.4321555135673697,-0.83584075791042645,-0.33854370398671924,0.86646637203571431,-0.48890743150951599,0.101022519994481,-0.24995527244807297,-0.2496792959588206,0.93551195125712716,-2.2484214275924197,-14.547172031857739,0.36095371717951502,0.311586103259783,0.2967991378452356,0.8203125,True,5
0.51976544541040526,0.81825495686897609,-0.2455660956171955,-0.80666420972391983,0.56471752683348264,0.17431858087294871,0.28131252106475291,0.10748460562529566,0.95357764500106001,-4.3498886242380603,-12.329092892582818,-0.6378731265164157,0.2817274221378383,0.1361591759889224,0.3142857142857143,True,5
-0.94821084456504501,0.020745253792385603,-0.31696345009217264,-0.039528036446955045,-0.99781490029135311,0.052942979621521585,-0.31517253780095106,0.062730050228308992,0.94695892847285701,-15.593267935497336,-15.55963462533715,-4.6034748479921017,,0.0882232962054385,0.55,False,2
0.94670991255785775,0.0044511018313134545,-0.32205671729864643,0.081916785370207898,0.9636974790136198,0.25411967499075039,0.31149635911083173,-0.26695946627771155,0.91197733613583554,-5.9984006678577799,14.90091039646674,-5.9927356002265251,,0.1129659823071835,0.5294117647058824,False,5
-0.70410300604007914,-0.58487782561417245,-0.40268708197577308,0.64220827109203782,-0.76646932456426509,-0.0096597641263029277,-0.30299751389458762,-0.26541044366572675,0.91528673265095584,-10.468293261522739,-12.814628858776599,-2.924432882466351,,0.1902597586200419,0.3372093023255814,False,5
0.87438973595490621,-0.31597975720149857,-0.36823821460515738,0.41540205918913364,0.87967487352927243,0.2315453435132919,0.25076626343696912,-0.35542778439528744,0.90043732219500994,24.475309015306298,16.411860171759546,5.8743206606669593,,0.1855811069784949,0.1428571428571428,False,4
0.053107693307326564,0.98975322780292485,-0.13254478852549542,-0.99280243809768354,0.06660101004809077,0.099537050226891452,0.10734473354045616,0.12630460606908786,0.98616644369338735,-22.998836627301053,18.196977588569613,-13.897441569750924,,0.4951500166040217,0.2380952380952381,False,2
0.11639396413437403,0.97652855836781027,-0.18123029494312642,-0.97785774284068638,0.14462338777082689,0.15125577832336495,0.1739157263722978,0.15961218751015094,0.97173930131420561,-11.751757204292476,-11.923155410860101,-3.4794947752013181,,0.2663199834828772,0.2,False,4
0.91059537741838759,-0.16497427146525312,-0.37894531053804442,0.30635729003578305,0.88486453662111653,0.35094153739936429,0.27741894215463553,-0.43565840010816653,0.85629462742037421,18.857562326898226,7.6657455821777623,5.1383934295851352,,0.3926739975457212,0.1739130434782609,False,5
-0.91244677705265165,0.27591968890037111,-0.30217412914303365,-0.30338040373598679,-0.95170611747164358,0.04707224868262809,-0.27459280703474004,0.13462463089706875,0.95208980620559602,-3.0495375819534818,5.6647758426753434,-3.2889261856975285,,0.08147618310247616,0.1111111111111111,False,4
0.89337650793866286,0.32787098001720805,-0.30721171124466617,-0.29818451956799241,0.94411428898071104,0.14047847391131554,0.33610178124093038,-0.033894391940292048,0.94121557724129912,-26.717105352345364,15.91356180724754,-15.00767524032752,,0.0889137105053206,0.2307692307692308,False,1
0.84513071489152802,0.42986646308831794,-0.31775603638463584,-0.34443350944450346,0.89248044445922803,0.29128030113552394,0.40880268139859033,-0.13672410237334956,0.90232305052654183,-13.01074528590747,-12.152342678911424,-4.0848945808106443,,0.0800340864198314,0.3333333333333333,False,3
0.67907173823337219,0.72757313972865933,-0.09746230388252311,-0.6656907522021458,0.66631925022846294,0.33596797348485796,0.30938228256519418,-0.16326660136219487,0.93681728213904691,-39.420342635377793,13.350970876377689,-19.611777912914928,,0.6300244731877929,0.2333333333333333,False,2
-0.7709920061456571,-0.53136679702424139,-0.35102799529338918,0.55507601344541579,-0.83090281590226223,0.038615150177591706,-0.31218895841627969,-0.16507524813215313,0.9355683923140351,16.131064156987826,5.0993299877928848,4.4867076222407771,,0.5430809451940206,0.6716417910447762,False,5
-0.16029905380340792,-0.92168320489685618,-0.3532764967568488,0.9723542725744112,-0.20901694867535783,0.10411092052580335,-0.16979806228582084,-0.32682102897075405,0.92970782134307028,12.757027212695785,18.672748345017563,0.95625012911265894,0.2623945867342791,0.1368559433660597,0.3,True,5
0.85357867790832787,0.47561730185972234,-0.21258321380567646,-0.39885956081741147,0.85913239807290476,0.32062840380422108,0.33513354258386885,-0.18889072172337848,0.92304160463221185,3.1776620803459648,7.8673629966787173,-0.81617062592239731,,0.1131781195887483,0.3846153846153846,False,1
0.43412200513719407,0.85693554936564975,-0.27784806799590228,-0.86493673703841123,0.48271531119673544,0.13736946260936689,0.2518382925152754,0.18068589477220504,0.9507523767276943,-10.194827211321831,-5.1825196899095598,-4.3489539066084673,,0.0729916722512887,0.3551401869158878,False,3
0.73108856418773671,0.63482815093233824,-0.25000546013585967,-0.58427606363661189,0.77174391281482768,0.25106336748830155,0.35232228537976418,-0.037477350721320468,0.9351280422528736,-5.3275300460248847,-25.427976815832082,0.89167235209265283,,0.21711707233165,0.3333333333333333,False,3
-0.43387205049874039,-0.82746595679850654,-0.35644794028799009,0.86550679259098073,-0.49269835742826817,0.090256969627611261,-0.25030588441922719,-0.2693481370401854,0.92994545286166663,-2.2838579717620466,9.4853397244049074,-3.448186419515463,,0.07329968021935349,0.2173913043478261,False,5
-0.54171629235461949,-0.70811676173390703,-0.45289525317566526,0.7926448413301086,-0.60966207005602935,0.0051298974418766408,-0.27974562393419433,-0.35620613707021154,0.8915489744277576,-11.311926830489444,-13.861395538780299,-3.1055143245046977,,0.5686766120934342,0.4415584415584415,False,3
-0.39912641224937334,0.90431796982726964,-0.15135097123054478,-0.91648875614771885,-0.39839511138100592,0.036464984334608264,-0.027321546437760164,0.1532656017350329,0.98780726279221487,-0.7825819941752008,14.808033010870323,-3.7468619351515788,,0.4295927500499608,0.3157894736842105,False,5
0.22992202240516277,-0.90514050273371616,-0.35757032025054242,0.97231203867868266,0.19787234246127783,0.12432150067221093,-0.041775148756450955,-0.37625417791679389,0.92557421666041118,-16.262217917916253,-22.28276025188817,-3.7655735273881579,,0.3225547579561442,0.65625,False,2
-0.50482003069822934,0.8588940552813803,-0.086358198268284364,-0.86089176825944513,-0.50827998176029909,-0.022733752107287425,-0.063420027979845653,0.062868608574196405,0.99600473799424283,-25.880604724032711,11.220649585160723,-14.06016533071141,,0.4517395134126231,0.1333333333333333,False,1
-0.2789324022083024,-0.87315600763394374,-0.39974404477247488,0.93736088052655198,-0.33801684454400854,0.084256705744996524,-0.20868946944393993,-0.3512025044575624,0.91274613458833276,-15.187346125355521,-30.580961453466539,-2.0004779130710486,,0.1223467495637732,0.125,False,1
0.52244076287635555,0.81567187285710985,-0.24846538011350322,-0.80732607563858139,0.566952731253068,0.16367409116502021,0.27437247835593953,0.11508256320773552,0.95471238955318827,-13.956110432590568,-16.808374126614556,-3.8009123410274888,,0.07671941387596008,0.28,False,3
0.44344678781459723,-0.82841644753375765,-0.3421712083628084,0.89546920206118374,0.42592090390430032,0.12933016576673206,0.038598633872485869,-0.36375482549774185,0.93069467194686639,-12.975797689538744,-10.677954918907579,-4.2655051081007631,,0.07178772554645607,0.2142857142857143,False,1
0.30856118761031442,-0.88254544139245739,-0.35482888464428181,0.95110936695899817,0.28098468078670424,0.12821303071859524,-0.013452344902131499,-0.37704264087843775,0.92609820287918043,-12.698552855621447,-4.4057787994990987,-5.4292272718676688,,0.07964591407379448,0.3823529411764706,False,1
0.42003208987921054,-0.76084943859287912,-0.49465258036788207,0.90625603899988105,0.38030094697343431,0.18458380618937123,0.047676359424238465,-0.52581301003684777,0.84926300003476041,6.0247438432240221,5.5679075204119712,0.70379261294468598,0.403156399920498,0.5023479115946271,0.3653846153846154,True,4
-0.67045316151786138,-0.65795099089304121,-0.34291843314929754,0.68077871870841711,-0.72930006320771368,0.068277038299490625,-0.29501337997526494,-0.18767501535390718,0.93688056562588606,-17.578729549794577,6.5611350015008458,-9.70336117792991,0.2647297309576401,0.1701080896685928,0.4787234042553192,True,5
0.54384764088427318,0.79272861966752661,-0.27533811771098599,-0.78917668901715765,0.59469649995341201,0.15341520933426989,0.2853592420380443,0.13385592442316277,0.9490272359001577,3.1624492084165499,13.076950478542772,-1.7998677792512343,0.381883475880502,0.2322503269057581,0.35,True,5
-0.22002482956209971,-0.90697288351129857,-0.35915075240262267,0.95121036158787375,-0.28111548385468876,0.12717284594209385,-0.21630516032687774,-0.31364673330411913,0.92457439089757354,-11.779883053749295,12.758492103600323,-8.0136220202235737,0.3495006095379471,0.3621130598174869,0.3404255319148936,True,5
0.58051741405474444,-0.73330078118718467,-0.35393431069826581,0.81078865517383758,0.56060986423446013,0.16833994405493696,0.074975253387979876,-0.38469019279581856,0.91999574289565256,-3.2670360629184798,-22.273313193433481,1.1438937081783602,0.3866275147709441,0.3138468810884589,0.625,True,5
0.93095924542740627,-0.11154123808680053,-0.34766857142873836,0.20318424864220322,0.94940346583744573,0.23947697208615065,0.3033661887174301,-0.29358407869281899,0.90651935681547957,-0.35114973691497831,8.9429703057417473,-2.5633272781331038,0.734067452777001,0.6087823530311456,0.6463878326996197,True,5
0.39398728233840441,-0.7784017791250667,-0.4887378557166725,0.91856580039715852,0.35186370319189536,0.18007999532656169,0.031794523055505217,-0.5198871075830005,0.85364307744669032,0.46361869449963766,-15.268000120379085,1.4453044285209062,,0.2544330251375371,0.12,False,4
-0.95394094165162624,0.14312982373955599,-0.2636485034986788,-0.13232623875052216,-0.98948513197079013,-0.058386129747467486,-0.26923307073788133,-0.020809304770509199,0.96285020977097968,-0.72958429354257437,-20.037065845155887,1.8141334332435857,,0.2124776963743448,0.375,False,2
-0.94068813690181907,0.17107446183949571,-0.29298354492788775,-0.17472236262651522,-0.98451988753438069,-0.0138811760128216,-0.29082284141792103,0.038132919578984951,0.95601671290516133,-11.0118467359958,-19.055794187245017,-2.2270914004184053,,0.2915551776590526,0.25,False,3
0.69459608322503419,0.66789439215773971,-0.26730761697468602,-0.64826924195751556,0.74220297678146341,0.16994625970748281,0.31190266286178181,0.055243299874087604,0.94850667194213856,-6.1674539174919794,10.956489219626867,-5.2632223250196448,,0.07933194073578173,0.2608695652173913,False,4
0.9462859845160061,-0.059316798138625539,-0.31784328365903047,0.11139795277702097,0.9826528470446424,0.14826961358332033,0.30353472886255028,-0.17571254836704203,0.93647838668102645,6.0469232609547126,-12.471475157631632,3.2710357277148119,,0.1185879890185557,0.3947368421052632,False,5
-0.3864445798820364,-0.844889933475932,-0.36989402129641419,0.89052936017528772,-0.44618159603015961,0.088766221220530434,-0.24003759152597171,-0.29509826105047615,0.92482375130583472,-8.7417116302552884,-20.031736698558149,-1.1955002114606257,0.1618571439702839,0.1299535156162192,0.5,True,5
0.86765674210575461,0.43386196720822917,-0.24276649539966272,-0.3665453112808153,0.88814452731377846,0.27720720297394197,0.33588139671092115,-0.15153577799579704,0.92963465691137526,-28.666245496133119,15.911996150795581,-15.743136202230239,,0.5883685971211673,0.6111111111111112,False,1
0.11781625164244136,-0.92456557565079267,-0.36235042040881532,0.98947538179968775,0.078429756801592282,0.12160280449235809,-0.084010711586609665,-0.37286360719378786,0.92407517592950739,-22.516849654398513,3.9350541234415903,-11.160724047482816,0.2903697750128246,0.1973517981509698,0.6739130434782609,True,5
0.94439310923547815,0.11757081292421374,-0.30708103031103473,-0.06317049926019376,0.98136760303120829,0.18145830304507754,0.32269357485355199,-0.15196950901125159,0.9342238088804603,-18.613582128120544,2.8331302771534821,-9.2994619442224735,0.4605537678022921,0.4135662436624447,0.774869109947644,True,5
0.91656475641312329,-0.22195365978601428,-0.33263436414319147,0.29412090519886502,0.9377480391420745,0.18472008069019816,0.27092792478139138,-0.26714263604446853,0.92478801440160352,-18.344026189969249,15.008818316404948,-11.394063817153535,,0.09418669462476564,0.48,False,2
0.56399507258589854,-0.72373072688305984,-0.397647322465707,0.82183416874078064,0.53894469903851139,0.18473551490831297,0.08061114804404057,-0.43099007685050861,0.89874879497411053,14.178885917955956,-7.0545048173677287,5.6195081752827916,,0.1954066388949272,0.3333333333333333,True,5
-0.12438160115770545,0.97036249558093846,-0.20718553150106739,-0.98695201247798847,-0.09947476449574813,0.12661159620731749,0.10224941251222358,0.22023033033269895,0.97007404832953681,24.512511763531734,5.9750344168106331,7.451000018701718,,0.2396406951135646,0.3529411764705883,False,5
0.26905964732683335,0.93850636550749078,-0.21636244609977895,-0.94261711513996815,0.30271022394942371,0.14085274069642117,0.1976863182558766,0.16604915603040349,0.96609926889322639,-0.16755594190847201,-13.339808067256795,1.10114682262209,,0.2538791276978193,0.2972972972972973,False,7
-0.25198488566376731,0.92833858073156528,-0.27329671956011942,-0.9669488675067841,-0.2301789833167604,0.10967006549925652,0.038903791902163476,0.2918991523875446,0.95565756409451774,-5.4115680817004241,19.832952158578692,-6.6785519396121904,0.1425419708643644,0.09183455507386759,0.5172413793103449,True,5
-0.33741715824260193,0.92995614422030914,-0.14605215215936684,-0.94129567514901336,-0.33156507493268161,0.063459065787704175,0.010588355360956411,0.15889043681663512,0.98723944198911007,-18.407385677365717,4.2094838423432126,-9.5744164318353882,,0.1401232947064844,0.3292682926829268,False,5
0.18189837713459686,-0.91082696980169675,-0.37054987717938942,0.98153208791216595,0.14548565359026538,0.12421225784196431,-0.059226183353187273,-0.38630060274515993,0.92046950168060548,23.730861946108913,-5.4480124190459867,8.725149673402731,0.2661180650856764,0.2049014890802951,0.5263157894736842,True,5
0.69898548953087569,-0.63200849960764383,-0.33464091478624503,0.69937133064182333,0.70182936194798906,0.13533398901961707,0.14932858835991636,-0.32863475642629675,0.93257716547589853,-5.2057691029486755,12.345737150763672,-5.1184378694003021,,0.07255971856230932,0.1864406779661017,False,5
0.11542132487006847,-0.85015988559550015,-0.51371790575128506,0.99280505415884646,0.08213986656324769,0.087127302021946046,-0.03187541688966064,-0.52007808187350091,0.85352372348569905,-25.72723862714853,7.2738114035243306,-13.295075663518881,,0.3466720149377312,0.2272727272727273,False,3
0.022037020932214487,0.99259144600560978,-0.11948468950006896,-0.99011521516469359,0.038226451365675942,0.13494665284979218,0.13851436895790942,0.11532978683966408,0.98362229024138725,-23.842054390499793,4.3179209820468571,-11.920095536516808,,0.1771160586569634,0.2,False,2
0.91543530199979606,0.32334495457755325,-0.23963774369198426,-0.24446118944566028,0.91973083516970966,0.30713827129298593,0.31971383252427188,-0.22258308827777284,0.92099936704938834,-13.766778370561738,19.328442875455352,-10.214341332998575,0.2970918942207519,0.3119421303413773,0.1666666666666667,True,5
