axis_00,axis_01,axis_02,axis_10,axis_11,axis_12,axis_20,axis_21,axis_22,location_x,location_y,location_z,dbh,dbh_approximation,score,reconstructed,number_clusters
0.96622588738350468,0.018337282406816955,-0.25704333997186296,0.033308539390123987,0.98021076432349663,0.19513430940775789,0.25553488167695343,-0.19710555948090017,0.94649422748797896,-0.96820527632252329,-27.287729583585083,1.6260407649325008,,0.1538473318501651,0.1666666666666667,False,5
-0.75333369634756575,0.61008325189558665,-0.24553363864004557,-0.64532689561094925,-0.75768041663307462,0.09733233816089179,-0.12665520024242669,0.231773190872537,0.96448931992236919,5.0103838468164872,18.501058080929742,-1.3773959321319091,0.4640395077513126,0.4527100700445374,0.8560606060606061,True,5
-0.6564949682172263,-0.68862222777055104,-0.30791846993284827,0.70313160641987815,-0.70645469266194671,0.080794252699781896,-0.27316716632652793,-0.16346618805195665,0.94797600423475792,9.6922063865158208,13.677086626360596,0.19225685764916381,0.2007899747140276,0.1585842896493843,0.5277777777777778,True,6
-0.34162987076946838,0.92463038447588397,-0.16836770326287617,-0.93954678845114048,-0.33156720639752962,0.08552788991251116,0.023256476714776236,0.18740821685752626,0.9820067701116415,7.0054730648259245,17.396150668660379,-0.6821444665966534,,0.3920858247539022,0.1333333333333333,False,3
-0.74771381938408987,-0.56662805006395711,-0.34620325992511131,0.59925996736000264,-0.80039947881245255,0.015753280180419882,-0.28602715923797367,-0.19568680895111923,0.93802725812248267,-23.06568048992813,25.566191459312137,-8.9992694557340975,,0.1618435547869784,0.1666666666666667,False,2
-0.9270921651535301,-0.26684434925618983,-0.26323793529995143,0.26016981934099626,-0.96366080629959683,0.060576526031836546,-0.26983658464895821,-0.012326543394350596,0.96282722952403765,24.623842896668943,-5.8609532279854006,5.9935284215027611,,0.1982084175289978,0.28,False,5
-0.22688597252190926,-0.92536363369554953,-0.30368552962983963,0.95489292773060597,-0.27269906624280399,0.11753601933184034,-0.19157831830053085,-0.26331989044519871,0.9454947822452906,-7.7262036723255365,13.329561139055016,-3.9619885077604842,,0.07981034714428241,0.2222222222222222,False,5
-0.82134897801601159,-0.46964875323279731,-0.3237528453912521,0.51575767745826717,-0.85388856991349593,-0.069773406925121184,-0.24367986058537372,-0.22428633208014123,0.94356545442652207,-4.8053775644256929,17.097265521952661,-3.582397947191319,,0.334334576872712,0.108695652173913,False,3
-0.96013950094681011,-0.058260591698159635,-0.27338222725076777,0.04430378530337381,-0.99739316662889133,0.056956525260808709,-0.27598788620046838,0.042574342237701152,0.96021774200106513,5.5179385126049452,5.2382086853208341,-0.054876657378947993,0.1797203885311391,0.1381877132348404,0.4553571428571428,True,5
-0.85052378635460479,-0.39583147807855956,-0.3463043889516399,0.43175057590663585,-0.90149547199554769,-0.029955870473288709,-0.30033436208551667,-0.17499529974735573,0.93764381084557813,0.94365891617844699,16.308439105133797,-2.1234743425843075,0.7715326279029,0.442666411020071,0.1153846153846154,True,2
-0.13872221033829096,0.99009410664442532,-0.021675062787364557,-0.98685273747730995,-0.13636898648973547,0.086747761108294796,0.082932640693506948,0.033423936209543981,0.99599448672965141,1.9827523736648405,10.303257071723619,-1.328728950810693,,0.2599687799480682,0.4473684210526316,False,5
-0.94868146338717163,0.17233182268935388,-0.26515132267092562,-0.1939713289975018,-0.97931999760452804,0.057510571365725321,-0.24975709109556649,0.1059909674473935,0.96249016112739982,11.076482514725662,3.5983039896884166,1.5411068153677248,,0.08781444930960247,0.3488372093023256,False,5
0.1119941496880441,-0.92848507211806675,-0.35408019047888195,0.98884564940173003,0.068921772914570578,0.13203814175299647,-0.098191609086133072,-0.36491815530639427,0.92584725945096125,5.1257786893372632,12.540498723535693,-0.75344695321926647,,0.08762223752024108,0.3333333333333333,False,5
-0.83632168445790667,0.50999564577028145,-0.20117276505740736,-0.52541905413314238,-0.85036560970056752,0.028515739380491706,-0.15652749809322028,0.12954833512606737,0.97914062892249598,9.5464274998091039,12.737145513452893,0.30211950204386573,,0.1414766092162052,0.3571428571428572,False,4
-0.029171842330580983,-0.94750918068218792,-0.31839496876993867,0.98970287890321085,-0.072034865131332976,0.12368989326621889,-0.14013284806117979,-0.3115081551556575,0.93985395363629909,3.6259701847654293,11.385172504843839,-1.0166494420022083,,0.09414627793753393,0.3617021276595745,False,5
-0.6151981344313413,-0.6922757185187558,-0.37720761516906803,0.74097960252740969,-0.67112629396333412,0.023210475853817511,-0.2692219976720282,-0.26522410731375612,0.92583783076146886,6.2038193731663487,7.9784285658422363,-0.059896025831089765,,0.09214334319809223,0.3333333333333333,False,5
-0.95979966863404542,-0.02946232218622688,-0.27913539306467444,0.050770922049472818,-0.99629493044964523,-0.069417037062825857,-0.27605598990824615,-0.080798410452993075,0.95773937337046278,-15.122462752718935,15.538132229805324,-5.7724723010013266,0.5866698558985955,0.4711396920534051,0.2791878172588833,True,5
-0.7642222589944051,-0.56294321859570862,-0.31473682894537652,0.57526655966086371,-0.81561319725998982,0.061995949797464131,-0.29160371087049164,-0.13367888798325472,0.9471521687216462,-12.100988752801996,13.767131475608334,-4.9383029151576894,,0.07986319249066604,0.1692307692307692,False,3
0.91022643004517989,0.36899673163782809,-0.18796078869755606,-0.28864255267641525,0.89078968650461265,0.35096896045299608,0.29693993135253743,-0.26520774207706388,0.91732847481735558,-8.5089012442530869,-21.571182267071652,-1.1068943503352986,,0.129414260944972,0.3888888888888889,False,2
-0.96051010319585894,0.12300937391431807,-0.24957771452573219,-0.11744340087056115,-0.99238517015366823,-0.037131141256787875,-0.25224470113490399,-0.0063535807449332064,0.96764262140579604,16.09207689549973,-1.7849975100545914,3.4051439904655649,,0.3997524495366943,0.28125,False,2
0.74351064086548768,0.66565605375116255,-0.063983943487575384,-0.59937347375105343,0.70577734286983751,0.37766358211401307,0.29655246733653684,-0.2424466134967064,0.92372954576574584,13.854614882273626,0.82416056336177579,2.5325735340945985,,0.4577833691052226,0.131578947368421,False,2
-0.76217232908420351,-0.4727428779004742,-0.4422753804732279,0.57777335758513149,-0.80490025959586387,-0.13532745237872273,-0.29201247925930379,-0.35867777112178095,0.8866109453756742,-1.4061905361427873,10.283529153355028,-2.1511946029899698,,0.08666143339465318,0.3333333333333333,False,1
-0.54805122362727976,0.81420863200135629,-0.1915832974325315,-0.83526482306261518,-0.54489092465515365,0.073665158539370168,-0.044413192125991735,0.2003950693079351,0.97870796694532336,-3.5335380298151637,17.597238643675624,-3.3086519662292821,,0.2299417664033325,0.3333333333333333,False,1
0.23846176897104146,-0.86830387976964751,-0.4349532815328333,0.96820198801374124,0.17767838890140103,0.17611161382385565,-0.075636599245616443,-0.46311851884197097,0.88306304551836945,12.197622430749494,2.9905925498089658,1.8648924269467828,0.932720718062441,0.4391631976399794,0.2692307692307692,True,3
0.23247933947910013,0.9601317877291925,-0.15524273544132833,-0.95366857419767292,0.25637190193809989,0.15744744673832994,0.1909701738574362,0.11144683974248032,0.97524868346913163,1.2253200651707983,-26.950765525409924,2.1264817214541996,,0.08329741332562454,0.2,False,2
0.46530996783526318,-0.80360347350960826,-0.37109040838647278,0.88514208751023205,0.42093386529746846,0.19833851356648419,-0.0031809984558252291,-0.42075662610234155,0.90716797939510585,-11.332121511247442,-26.90850484361107,-1.0778753944716557,,0.1705934349814366,0.2,False,3
0.54848213014727021,-0.70959528458554866,-0.44231423784801238,0.83419509218460697,0.50062933868660098,0.23127648696167302,0.057322779802003856,-0.49582738663790249,0.86652714993564961,14.045990687279996,10.848188210275975,1.6421265118678599,0.7376994659229367,0.3600711578166094,0.2857142857142857,True,3
-0.95727596988648489,-0.085941607353222649,-0.27611004618346302,0.11920940670468272,-0.98719153213446265,-0.10602828035543126,-0.26346125869092613,-0.13441323970337471,0.95525977941156714,9.5113214618027584,4.8659152673478614,1.0284718573389797,,0.09838134649306393,0.1176470588235294,False,2
-0.8636833601900612,0.4460936349841973,-0.23463060788693219,-0.47151908699569783,-0.87957553995130855,0.063376810570652115,-0.17810335182008485,0.16537030672388164,0.9700164213684741,17.520552022462873,-1.025005342204041,3.7045310492277115,,0.6669367824028372,0.53125,False,5
0.19676339881556151,-0.93086012755062675,-0.30786943307672043,0.97771582355369158,0.16285138691883236,0.13248091995204914,-0.073184241878130246,-0.32707621239559115,0.94215986861343204,2.5791423387611405,9.2726980699892962,-1.1886270869936515,,0.1146955845430603,0.4782608695652174,False,5
-0.95731403473738708,0.032173664663226693,-0.28725371050164566,-0.03681428681046503,-0.9992641198372354,0.010766944439001086,-0.28669591413457896,0.020882387508471274,0.95779401684834331,14.332018271236512,8.0993221111455309,2.0121441396789006,0.2021323578411057,0.1475542454530099,0.4545454545454545,True,4
0.95438795433353496,-0.10140734599673552,-0.28082055266833539,0.16647697377172244,0.96151584917131494,0.2185696433546416,0.24784884471560514,-0.25535039058177372,0.93454113242964121,-5.6676267095760213,18.143914075208862,-3.8204198508739942,,0.1301721573697021,0.12,False,1
-0.92270347768182526,0.28570601861159761,-0.25882496634400676,-0.30567956015195608,-0.95130942002769803,0.039628195415300937,-0.23490061468453732,0.11568257559233389,0.96511100031299624,-5.042360818075867,14.82735199525661,-3.4580799502264634,0.8696135356792996,0.6367553267259674,0.4336283185840708,True,4
-0.95819524519492449,-0.072628765588094224,-0.27674344526111194,0.097169888321623848,-0.99236149446304422,-0.076004454544708736,-0.26910942920938985,-0.099718236628137197,0.95793339455015003,-8.3127299098222753,-29.182563238356106,-0.035116383669987018,,0.3383110921363528,0.4347826086956522,False,4
0.10288470345963639,-0.92422510009027203,-0.36772639578516775,0.98824486532659062,0.05294925338625104,0.14341709354699728,-0.11307883953088776,-0.37815914762037128,0.918808377803219,2.8153538896404053,12.901635910346032,-1.3188165167385311,0.5250456962242337,0.1155737153621527,0.186046511627907,True,5
-0.9312673618516949,-0.22904341182735122,-0.28333763648387994,0.21767472751440081,-0.9734041572330161,0.071428703495260981,-0.29216230720494463,0.0048437774483158225,0.95635648378035032,-13.63166803410987,16.130493888937551,-5.5470791247832674,,0.0697530882068042,0.1904761904761905,False,1
-0.96106547721927427,0.070992066305084131,-0.26704545496791943,-0.070994302499101145,-0.99742995205534812,-0.0096591798581697752,-0.26704486048219434,0.0096756015110639124,0.96363552509517014,13.112945626416613,12.279538440928116,1.2916201857333043,0.6865846618671985,0.4486068015736113,0.423728813559322,True,5
-0.90110411896067588,0.38065254858040248,-0.20764152776202871,-0.38216514793643341,-0.92345329000076803,-0.034406698322897097,-0.20484424935747889,0.048349337596322844,0.97759970082808889,-15.420377018970813,20.433984406238515,-6.3854347923922106,0.249067829971602,0.1567866299525311,0.2083333333333333,True,5
-0.8882941776828247,-0.35387355050770564,-0.29275751765900837,0.34866665826879806,-0.93450366942569496,0.071655099201529071,-0.29893981887072796,-0.03842397794323156,0.95349807687931631,-10.414586295984758,12.543873026476621,-4.4808867755882433,,0.08782664786885697,0.3058823529411765,False,5
-0.94174826881501983,-0.14973396480362966,-0.30114770124990109,0.16032912838979496,-0.9870063659613173,-0.0106303406156288,-0.29564297518067795,-0.058293853329669354,0.95351825252078803,15.508542866265186,0.43434741138416832,2.9889515451108495,,0.5978401933360387,0.6379310344827587,False,2
-0.85436599044550043,0.45648121844210843,-0.24836193665633946,-0.48849657739210367,-0.86849773247639983,0.084159269005576159,-0.17728465316061537,0.19322677323021467,0.96500443825961746,6.1085633862455433,9.9176570788970579,-0.2925147206494354,0.6340765963121642,0.6111914482742605,0.9504132231404959,True,5
-0.9586284974647985,0.087116436954101525,-0.2710020853440171,-0.11482440732661604,-0.98947163748935507,0.088097866524827415,-0.26047410491347356,0.11557077925045346,0.95853880237211508,-2.2896728566487585,10.770308502427836,-2.3931302414890414,0.1351878085873383,0.1346691740277467,0.459016393442623,True,3
-0.18210514640710759,-0.88987577135970319,-0.41828079946253638,0.96934744633041081,-0.23382665829996233,0.075436212530743896,-0.16493405938361186,-0.39172210228074356,0.90517984436243226,-8.4556485525525975,11.646751986514104,-3.9513697196313275,0.8339288394902283,0.3012126803861916,0.3055555555555556,True,3
0.0086140763199220993,-0.89302204462874057,-0.44993046740164122,0.99374791215734581,-0.04244240187933164,0.10326533593433358,-0.11131435115056827,-0.44800699808130023,0.88707319027130505,15.818923454535133,-25.609732114579323,5.7017354028439113,,0.5129147157853305,0.25,False,3
0.21658231588495716,0.94970810153684893,-0.2261561901014035,-0.9596552213514733,0.24965553227579554,0.12935985210622178,0.17931524357611944,0.18901491232006717,0.96546331175341582,9.8898951396002328,19.141187500369814,-0.099056503291930359,0.5339146314106221,0.4289120833874674,0.6792452830188679,True,5
-0.94007758233898331,-0.18376714962145974,-0.28719988492981191,0.18614972765743298,-0.98233301448951538,0.019238698942672203,-0.28566136959126404,-0.035376310773555644,0.95767745016748584,-0.062664132909250547,11.613666596706258,-1.896032313727368,0.5356878959866389,0.5219968409044105,0.7287878787878788,True,5
-0.12369249614420333,0.97975332895761169,-0.15742801781796956,-0.98870346922697083,-0.10814749202534971,0.10377653832721803,0.084649963592253588,0.16848600643704992,0.98206254856741448,7.1973910400768615,14.152331717747014,-0.39884230050636343,0.2106212990713547,0.161463520961029,0.5,True,5
0.66257154229074899,0.74665177805920158,-0.059245874687543304,-0.69044347404584783,0.63951957928328818,0.33808655232178098,0.29032182228341108,-0.18310060085745203,0.93924832151656279,-21.16064597893288,-16.367131604044808,-4.4837347447788005,,0.312389038714902,0.3243243243243243,False,2
-0.35781446612879791,-0.86145184323437518,-0.36037415225992631,0.90465890835510765,-0.41544415169698473,0.094859982893302233,-0.23143264109176159,-0.29207341304690837,0.92797201144669317,6.7340462432122745,7.0397499409538442,0.16190278078031264,0.2144335323009811,0.1633311304249625,0.4111111111111111,True,6
-0.58033513310477181,-0.75659934893227021,-0.30127820777402858,0.77031051761614433,-0.63003216130327455,0.098392998599858783,-0.26425903907759529,-0.17497685823784953,0.94844623429427821,-11.367235693320707,18.545209894884554,-5.2259382358326372,,0.08648791394954147,0.4545454545454545,False,2
-0.66728956965203168,-0.65587290507546414,-0.35292401819864472,0.69176834395767062,-0.72138081736602777,0.032653860941451271,-0.27600939935384106,-0.22235208279706487,0.93508200856616797,9.3691019582313864,24.670134385083262,-0.77433131398114918,0.3625510706730583,0.3222875794575071,0.775,True,5
-0.36516518177999568,-0.84466336504784756,-0.39140540333729446,0.90462847214771513,-0.42121383122080552,0.065009505212563989,-0.2197765169331663,-0.33033726422300325,0.91791915464837548,4.8533167101205983,10.217942058324892,-0.64439782383686106,0.2639265654560892,0.2065548125120666,0.2903225806451613,True,5
-0.20052955917936738,0.97929547873987699,0.027717525411998734,-0.9769923291040159,-0.20199503135948349,0.068439726606648071,0.072621517246887701,-0.01335562150248093,0.99727014525004376,11.649069868410955,1.5130637811530159,1.8393505311529741,,0.1104379397302109,0.375,False,1
0.75301538919235933,-0.55230013028781155,-0.3576763756855435,0.64901738325210723,0.7129441713354373,0.26549396376455336,0.10837093649160202,-0.43205922585091638,0.8953103179797719,17.036083548574151,-5.798145347415784,3.9092409296631025,,0.4564582383472517,0.2222222222222222,False,5
-0.96981671595382468,0.0196363107703817,-0.24304310884258168,-0.031337093062180445,-0.99852353745315259,0.044370392723691712,-0.24181299397458,0.050647413076793872,0.96900016279342172,-15.520804475048529,18.979560097372513,-6.2267776368321153,0.2701054010780465,0.1698477936827548,0.3157894736842105,True,4
-0.78973525398560585,-0.5314950753545794,-0.30631881020616702,0.53965828676994643,-0.83936586095321131,0.065068310157881254,-0.29169703826542076,-0.11392074587231976,0.94970253317924624,-0.11977181899383239,18.183139267334706,-2.5378151603532393,0.2442088041626582,0.08251310712014473,0.2903225806451613,True,5
-0.51355073394319428,-0.7985620555671622,-0.31394949765010971,0.82157739529620499,-0.56317419280202841,0.088574330932208498,-0.24754035469941321,-0.21244639787516592,0.9452990536465995,4.1648245919736464,14.404083262796711,-1.0841572866583495,0.4243596953099353,0.192814826198874,0.40625,True,5
-0.48920136632522276,-0.77158774600940117,-0.40661329711861099,0.84657863240685904,-0.53219353420786963,-0.0086406770261662491,-0.20972992713885324,-0.34845716000029275,0.91355950288246845,-6.1645876424035162,12.968475713707138,-3.5271084061042264,0.8293670278149358,0.3460465917246267,0.2926829268292683,True,4
-0.83917080958822599,0.50536870869728778,-0.20098462778202345,-0.49337980868824227,-0.86287397056835435,-0.10965799238704604,-0.2288421218084557,0.007139970955115385,0.9734373652685443,-1.6507105632658685,-24.637806951587741,1.0974962304394291,,0.5110808597822065,0.4347826086956522,False,2
-0.95944938011932468,-0.028737940238206215,-0.2804122282988174,0.034833796424962128,-0.99925226976982584,-0.016778199738785138,-0.27972038469741006,-0.025865655814526586,0.95973302237341829,11.821202560633475,6.2269196950825005,1.4839066478480398,,0.2370145803366953,0.1818181818181818,False,4
0.78564606098582668,-0.4461397819131574,-0.42862519973974411,0.59224490504505656,0.74268115252834255,0.31252308415114827,0.17890287673938338,-0.49938362075027476,0.84770853482828623,-19.263776000306805,-23.275422917214041,-3.3456723242470514,,0.1655439859838811,0.3076923076923077,False,2
-0.18771423983203839,-0.90121128817945828,-0.39061692004085297,0.96198167252368216,-0.24900324693580414,0.11219912987170255,-0.19838000376252718,-0.35470494368326622,0.91369019751436076,-14.582044123169577,17.034419697272124,-5.8436923515562196,,0.3236094104897198,0.5,False,4
-0.96117910575265286,0.13727343580505522,-0.23935482131514776,-0.12611171459631909,-0.99011306370310825,-0.061416256203237096,-0.24541915594775282,-0.028846575303154317,0.96898777752207599,5.7167868107607847,-30.296359980492703,3.7377831842043565,,0.4402958189016794,0.2307692307692308,False,5
-0.82324600416476534,0.52063639751484903,-0.22628247437551957,-0.52180185944702284,-0.8509836227656904,-0.059579302297113695,-0.22358183312688151,0.069026193342395945,0.97223790737055815,16.21768288056391,6.0298234196503158,2.7207093199949486,,0.2944000516854337,0.25,False,6
-0.21308573385621732,-0.84421164581018338,-0.49183449157762504,0.96017679474989215,-0.27404682324145557,0.054395417960449964,-0.18070692529834864,-0.46065717811592821,0.86898790060592257,-12.879699689486293,18.527664361950713,-5.6396895550702046,,0.2645869722711701,0.1935483870967742,False,3
0.43156832313107496,0.87014683356232558,-0.23789340157156685,-0.8707687254948927,0.47071922735609723,0.14207475390539767,0.23560689542081018,0.14583517078790534,0.9608441568701086,12.99124983816635,4.3427993886400831,1.9831271106712749,,0.08300962105769272,0.3636363636363636,False,5
0.68646758255429108,-0.65415843970572851,-0.31755156095323372,0.72042297877131878,0.67113832983272992,0.17482583872984847,0.098757226370166512,-0.34878371233631594,0.931985478560997,21.65535464390469,-4.6134491120980652,5.0326498436776133,,0.1494131247822744,0.5,False,1
-0.92239161068740871,-0.20471019718788813,-0.32754763272046949,0.217760423611849,-0.97599684850323309,-0.0032480178794621062,-0.3190205548892982,-0.074322855697646267,0.94482908437403168,-12.247348998597893,20.925295755462034,-5.675805780550137,,0.1242690889185187,0.3333333333333333,False,3
-0.91797713602656728,0.33491225723850265,-0.21248942958149733,-0.33183595573764429,-0.94195317700305503,-0.051079455885251257,-0.21726222914290261,0.023621860325984817,0.97582740866538198,-3.792679273191236,21.499758402306572,-3.7005172080682298,,0.2146121155019028,0.7916666666666666,False,3
-0.96167081495307272,-0.0189246839198456,-0.27355273715689449,0.0179870336529343,-0.99982060189337263,0.0059355412512109296,-0.27361599055585784,0.00078763450314626657,0.96183869195620753,0.88136359982375911,23.431221306771342,-2.7413495996143373,0.4971018108438578,0.2284889213642488,0.25,True,5
0.80008680187894188,-0.45088254320442739,-0.39568427021128239,0.57807430499366175,0.75573511426661133,0.30772477146067956,0.1602847695984318,-0.47494143775621456,0.86529730343786315,-22.914251320540483,-20.12774932980231,-4.4790880684996948,,0.2938661500042926,0.2105263157894737,False,3
0.040153142408826226,-0.85653409148301429,-0.51452606861272199,0.99120307072071878,-0.030847580549788166,0.12870469831378267,-0.12611184618628815,-0.51516771725486765,0.8477605943601616,-22.385481505155816,21.133658332943213,-8.1915462393353309,,0.3742665353164409,0.2,False,2
-0.91041069018949594,-0.29926797370382557,-0.28564148001278389,0.28485030142273293,-0.95416655216702007,0.091795950374084667,-0.30002113420235177,0.002206952856194197,0.9539300018298128,10.049001107913192,7.0841868861730122,0.96090433383791873,0.2042271155928104,0.2046276438330124,0.6363636363636364,True,5
-0.8484650375295032,-0.44577968038285393,-0.28528504455687637,0.43830029834304468,-0.89396825980895767,0.093346659964575363,-0.29664781907584703,-0.045839142791990459,0.95388618001606396,12.54113496537126,10.900091909363656,1.255040766607723,0.1955567587710165,0.144800543483525,0.627906976744186,True,6
-0.88511557283806452,0.3890187414787547,-0.25541112250219505,-0.42187031440137562,-0.90242600429584707,0.087479966835368947,-0.19645829212947444,0.18518025150895173,0.96286676851195363,-12.475270685704793,17.232601884641134,-5.3778321265171405,,0.09788126355390095,0.3448275862068966,False,2
-0.56421957261231603,-0.74365359501099948,-0.35865806070461215,0.78942250907386124,-0.61314384306423586,0.029440276492431638,-0.24180234913810636,-0.26652196596085176,0.93300464393895555,-17.76685895730628,15.754235867986448,-6.424346750801635,,0.1556854172726436,0.3902439024390244,False,5
-0.31227184389769935,-0.86823335015881775,-0.38556081904250439,0.92909749511508577,-0.36377391625751898,0.066681199910780642,-0.19815181068969534,-0.33740092993746096,0.92026978239955914,-11.599387783740868,-29.72784178580423,-0.73473263521978871,,0.2843705982167122,0.3962264150943396,False,4
0.9091073045713135,0.33624468214579006,-0.24589311194858132,-0.29083679998256146,0.93494363778846523,0.20321011277683737,0.29822452037179081,-0.11322503207130422,0.94775641784240483,-12.60828716314699,-23.358930840254263,-1.8311467853113954,,0.1067825185987064,0.1875,False,2
0.95008576897873043,-0.048505562853226353,-0.30819513616600963,0.17752785464492951,0.89637550366863195,0.40619554065495911,0.2565558270810902,-0.44063382393445183,0.86024469820838712,9.8037782669897648,15.212551678961578,0.12324889683363834,,0.4996176490295061,0.2,False,2
-0.84838783249393701,-0.38366068386417618,-0.36475000388363421,0.42958763857361804,-0.90159170092856278,-0.050861238693943489,-0.30934211879564832,-0.19984214889159996,0.92971531614005676,-23.939746727368018,-16.956839465957998,-5.1280594327635525,,0.3061641984278362,0.1351351351351351,False,2
0.14934091098966229,0.96826023430628794,-0.2004230799232205,-0.9725178145272193,0.18045177415831634,0.14712667205614682,0.17862360631220836,0.17294298443200232,0.96859915930366836,-19.388381263079943,-18.876638561718199,-3.8283285644681171,,0.1149717750351084,0.1428571428571428,False,5
0.76238424065933108,0.63002382259725809,-0.1477844800858148,-0.57748285016353718,0.76541914762178687,0.28398430629338572,0.29203394898760271,-0.13116215694275685,0.94737144839013909,-9.8251044925488653,21.239755888828352,-5.1696296535085642,,0.3145880717909396,0.2222222222222222,False,1
-0.95204471953126768,-0.13211224961543622,-0.27596594991806161,0.11423839515939424,-0.99023160782995268,0.079943429535595051,-0.28383171261160295,0.044583812713306213,0.95783706472442853,-0.5006815218401971,13.885671554421318,-2.3122408869481386,,0.07368948417257068,0.3255813953488372,False,5
-0.95859302129145529,0.11675362649675967,-0.25974604950061525,-0.13418210452117699,-0.98967684200615169,0.050347901872868306,-0.25118634986318189,0.083116418935052921,0.96436356139467705,5.7839041300521528,13.988331298025745,-0.6890827722224202,,0.1112772452813836,0.4074074074074074,False,5
0.59628845693059185,-0.70460176063619873,-0.38467705291543342,0.80182713221720325,0.54597611813148672,0.2428648358046287,0.03890149318046604,-0.45326199635359077,0.89052806608769408,4.5272267130746142,23.276633091107868,-1.882218190317327,,0.3783311680267995,0.3333333333333333,False,4
-0.093764588340615032,0.99543356292202845,0.017894797614693259,-0.99259320618515867,-0.094861396622368838,0.07589494361234489,0.07724589962180739,-0.010645996393457091,0.99695523156880428,-5.8855133327628542,-24.297963751793883,-0.021998695243524206,,0.4110220470499302,0.1470588235294118,False,2
-0.44764314969520497,-0.80122282642340614,-0.39706119547123453,0.86214599912547474,-0.50455336131064532,0.046153892382631581,-0.23731811292628824,-0.32166424732664795,0.91663091005534381,-21.126352644187904,-23.033448563470163,-3.807392223727327,,0.3262349672239353,0.55,False,5
0.75723870610970367,0.63762197495344319,-0.14151946518331379,-0.59557967605453366,0.76304137036111686,0.25110299995859198,0.26809399739658002,-0.10585879355962041,0.95755914928845154,-4.2379576954134315,-25.232863414165248,0.53751499942722936,0.8292827075337897,0.6602927789472607,0.4,True,5
0.76730137470789794,-0.50357744480954258,-0.39706215816980311,0.62740954361240009,0.71760329872171602,0.30232891070453594,0.13268709415557192,-0.48109797624060263,0.86656729242554875,4.5345793542410027,8.7440365880879281,-0.64032535940349655,,0.1029490499713927,0.25,False,5
0.39100985825136836,0.91570393227588442,-0.092723239615147474,-0.89121125753092179,0.40185341250400652,0.210371883361438,0.22989951109212617,0.00037851468652744247,0.97321429887062083,-11.721473665723716,-22.365446843458827,-1.7472616182574769,,0.1824407690856029,0.3636363636363636,False,4
-0.95327937285777775,-0.086933955276879332,-0.28931112094732875,0.081585231304234646,-0.99619894250759045,0.030520763093235523,-0.290864723397178,0.0054912991792851265,0.95674843000467313,3.3720998893532061,7.8369850070661915,-0.81392158065915132,,0.1231284823010503,0.2755102040816326,False,5
-0.73122258827028197,0.66208237664983272,-0.16419638526173136,-0.67314390463284113,-0.73932545253792814,0.016587913830282963,-0.11041200142630503,0.12265725318666407,0.9862881871855409,6.3201697831105692,-20.139000163732607,2.6699362949603951,,0.1434239474959038,0.3333333333333333,False,4
-0.39180840617710572,0.91297542106643215,-0.11385101395036507,-0.91998069051012143,-0.38728527868359175,0.060379152060062467,0.0110318601094931,0.12839779376431254,0.99166138606833987,-4.1137089745256059,18.641873616601455,-3.572248445024452,,0.2036170313298584,0.1578947368421053,False,3
-0.90340482149398194,-0.31716168205497192,-0.2885622912604624,0.32137515948791923,-0.94634135124300023,0.034000791045027831,-0.28386217670824276,-0.062020273811342869,0.95685722564592923,-16.768040458453548,22.533704087685891,-6.9244750061735552,,0.2571281530121166,0.32,False,2
-0.76888244349824852,0.60765810150305133,-0.19892566389953426,-0.62504299866148993,-0.77986477384625719,0.033647947009877319,-0.13468867028972942,0.15020840919014672,0.97943677483753411,-37.941768696821221,24.140766438192617,-12.571197849153554,,0.1164247397757622,0.3333333333333333,False,1
-0.74938021319934256,-0.56302195380731179,-0.34847607607453424,0.59493061251398738,-0.80355459183118405,0.018909897957165758,-0.29066623876714553,-0.1931483820227749,0.93712690718116942,0.6235553576887618,28.757675554147461,-3.3352609017517985,,0.3170702339896657,0.7037037037037037,False,1
-0.92031379866324503,-0.24546107775461559,-0.30458393145005602,0.24326997142487636,-0.96887867364858693,0.045758460986977889,-0.30633679666825825,-0.031983981248422028,0.95138572196062121,10.569107815929918,4.7857318802142288,1.3145010390469194,,0.122228802160692,0.2325581395348837,True,4
0.3737366580945316,-0.86437391485067927,-0.33642034082683187,0.92752624492821056,0.34672068550029489,0.13957016592230248,-0.0039969195268975688,-0.36420118282608072,0.93131172174647259,-4.8520213956177871,-33.081462888043738,1.3976280074329632,,0.1276313918216335,0.1176470588235294,False,2
0.87000932154895616,0.43837962665166197,-0.22562598111625864,-0.39214768388680604,0.89264888730811121,0.22225696391745517,0.29883770585409508,-0.10488692446792694,0.94852240808297228,16.620819643676846,13.303289250999514,2.14177206540902,,0.1996084832308286,0.2142857142857143,False,4
-0.90397122600173829,-0.26979232193983826,-0.33173502314833414,0.27892253936381428,-0.96008918812223421,0.020759766030273047,-0.32409603452642965,-0.073762143902551841,0.94314415999418866,-24.338229322829509,18.229021356923425,-8.3001288556868911,,0.3096140485676719,0.3125,False,3
0.92487430842713825,0.30541972020083691,-0.22655310221638292,-0.2250649336876191,0.91985392891982731,0.32127017458044127,0.30651800801194706,-0.24614537160629685,0.91948853543760289,-2.0045311993319928,20.051204791575717,-3.1431714366425214,,0.5188063250302315,0.4888888888888889,False,4
0.17667967357542841,0.98340490804678793,-0.041219895375509769,-0.97609746696137722,0.18044422997347384,0.12113469717988717,0.12656234802208355,0.018832596708047267,0.99177986739213886,2.6145280963251727,22.130467532336638,-2.2102848168067752,,0.4109938716939499,0.1578947368421053,False,3
0.62877099992761232,0.77533951099045839,-0.059124211175364205,-0.72693683756050087,0.61310416682782365,0.30929939349423213,0.27606134073348698,-0.15149892182929375,0.94912497219122449,6.8398030882056435,20.169156489741461,-1.0577034510166383,,0.5715432240287242,0.3157894736842105,False,2
0.92173399835436776,0.30317602959060497,-0.24184857113356573,-0.25279027305821256,0.94259857350498732,0.21818571693288805,0.294114797527811,-0.13997222691677258,0.94546510330478872,-21.011097198759515,-19.216069935575586,-4.1607128037128307,,0.0809109141816754,0.44,False,1
0.78048471238562156,-0.46629870671631796,-0.41642421861248963,0.60925974167486818,0.71665855700404613,0.33941579198256355,0.1401648347718002,-0.51861934864365333,0.84343807733930665,9.0176885377007103,17.214006796569144,-0.14493269522961991,,0.2738326445654543,0.2666666666666667,False,2
0.18525212389769882,-0.89977947600951202,-0.39506777284845762,0.97964658353323208,0.13747534570449527,0.14626380514364026,-0.077293091302255368,-0.41412247448729289,0.90693348938136786,-5.1539264061072831,-29.404008927465672,0.86070565004656308,,0.1096880861094084,0.25,False,1
-0.95605447450110681,-0.012464140925954104,-0.29292402936152512,0.031971096863154365,-0.99757011271761498,-0.061900881883322073,-0.29144071567263979,-0.068545717616377205,0.95412986214910844,-8.9692080900765632,-12.208382305626872,-2.1196143761574704,,0.3700365073141076,0.5211267605633803,False,2
-0.87177003672743703,-0.33994504475076182,-0.35278090879984741,0.36624389719320133,-0.93048085517973056,-0.0084134364402357192,-0.32539577568398076,-0.13653843668872362,0.93566812731524651,-22.430436891480486,17.4282227554142,-7.6821430806071431,,0.2174597008882771,0.4090909090909091,False,4
0.83682553247428826,-0.42693604669907625,-0.34270780590480876,0.5253360367997022,0.80239636567429962,0.28316447657193478,0.15409437575299673,-0.41699602441946626,0.89575065670065479,-11.978971143922992,-27.757966780171294,-1.1007880056857597,,0.1370600107157394,0.3125,False,2
0.70575734337752383,-0.6426190797348702,-0.29824032361404562,0.70103411743621846,0.69423513331515818,0.16306055887709128,0.10226308453750266,-0.32415782889141453,0.94045944277745563,8.5281381358131796,13.517217802252727,-0.076204777564615356,,0.08857280889188612,0.2,False,4
0.95743239301779171,-0.064615138834765079,-0.28133271518539787,0.14051927495826516,0.95567676353163855,0.25872042248515265,0.25214588270568211,-0.2872399823824261,0.92407556311998384,11.014123569907909,22.679128416451423,-0.19683373460848216,,0.09934043317916551,0.5,False,1
-0.52014076778764262,0.84948339915671944,-0.088495967379463386,-0.85400015534924112,-0.51587074661922117,0.06753597149667051,0.011718205867509018,0.11070378195740563,0.99378436107214607,23.735160897214787,-2.5403013655946625,5.4864127450404769,,0.3742635946592927,0.25,False,2
-0.40209459628489486,0.91520306736691692,-0.026893886306651488,-0.91530848335045234,-0.40105518069391749,0.03694756210178303,0.023028589735005739,0.039472617353768225,0.99895525251838035,12.394133678521401,7.921866383541162,1.5027793196255808,,0.1862829803553703,0.1,False,3
-0.34810349086495246,-0.83408888615500054,-0.42792486448013878,0.91149375275316591,-0.40782706539256841,0.053443647192505439,-0.21909609384830517,-0.37144692046912542,0.90223283410349175,0.45614445822459637,8.2724894722548576,-1.6369160416251025,,0.6912397138856381,0.4311377245508982,False,1
-0.21442945182769432,-0.89772373721316645,-0.38485335107401625,0.95834728252739054,-0.26947508040553181,0.094623818950611865,-0.1886544361027343,-0.34853302954592047,0.91811449779115351,14.479719966245593,2.0128742034312039,2.6469795055487664,,0.0780581130261765,0.4545454545454545,False,3
0.14556413790524636,0.97544508323442436,-0.16528149124959415,-0.97613956697158755,0.16881047409270689,0.13658173241366467,0.16112922623914258,0.14145640116439678,0.97674329228369583,-4.6207141625960677,-24.115535113002167,0.2846311882348771,,0.2248475203071896,0.2,False,4
0.13179494622396939,0.99121260599848027,0.011298754777521125,-0.97794596881464668,0.12815104627851409,0.1649211672797174,0.16202399275725637,-0.032785348060126507,0.98624203252729636,-14.753550211331756,-22.791892972575944,-2.4113009194051545,,0.5551206792237774,0.6,False,4
0.75975718215165622,0.63295075343120755,-0.14880311791035095,-0.58088223144850781,0.7635633069912926,0.28204061658548973,0.29213842156823089,-0.12784529693104726,0.94779255256423844,16.437130534778021,8.2009475368195073,2.5417090669218578,,0.3653887736201131,0.1818181818181818,False,3
-0.04431420752852254,0.99357145005107306,-0.10417305147938799,-0.98776044316042955,-0.027966146776371215,0.1534509744576254,0.14955118835579798,0.10969807782222368,0.98264987344601973,21.557654790348217,-3.4493660011180185,4.9949431499864518,,0.2000170736116706,0.4,False,2
-0.81058225956015051,0.54367436486870169,-0.21765703634611494,-0.55723249362599192,-0.83035578884976513,0.0011008955638212997,-0.180134251417433,0.12217793953205087,0.97602469362100819,8.4369628781172761,-27.285286479570662,3.9860238677947017,,0.7648148057414449,0.8,False,3
0.74895403637399438,0.65685749744302002,-0.087212839949147913,-0.59548973192318166,0.72494618336137373,0.34618638102016108,0.2906197353469997,-0.20734333672117761,0.93410326524649812,-9.3362518576037754,-26.806998803118297,-0.5526075934992688,,0.2215810933367207,0.1333333333333333,False,1
-0.81975310842115756,-0.46535489083916565,-0.33384078062141992,0.48989406465009538,-0.87169728964503823,0.012150746730287293,-0.29666251305896263,-0.15358600456279681,0.94255116176681808,-10.535215363611979,20.00789576653559,-5.1980183453033675,,0.345586840274134,0.1304347826086956,False,1
0.95883301050901748,0.15554390565112747,-0.23758230441892791,-0.055513311706901984,0.92317254402337212,0.38035605185766191,0.2784915262293402,-0.35150895774675373,0.89380306692371803,9.2281131574187043,14.612227403459581,0.0045681388318750656,,0.4668858841110771,0.1052631578947368,False,1
0.73611338887085143,-0.53178860955285656,-0.41873375010250713,0.65833685907205486,0.70624944518787103,0.26039259044559049,0.15725666508040526,-0.46734633401971093,0.86997571538872565,-15.89574041890322,-24.242080001782078,-2.4982977491901961,,0.2049621004735655,0.3,False,2
0.85801808125371504,-0.39502380348164906,-0.32826996043589796,0.4701897249568936,0.86131703090249956,0.19249570078904338,0.20670412377757508,-0.3195139542495693,0.9247617197165714,12.385444413631928,9.68597095467487,1.3166312327283474,,0.6374692889813098,0.2439024390243902,False,2
-0.027939562653127734,-0.89418657930657275,-0.44682182380313851,0.98899743397301043,-0.089688250023702606,0.11764392633063421,-0.14527028751108695,-0.43861871733396962,0.88685408290809042,30.821162392072871,-14.815927523135541,8.6066239510990989,,0.3918047032164372,0.3333333333333333,False,2
-0.83265825207162902,0.49442175030913499,-0.24945414023076953,-0.52530440125287592,-0.84776502136352816,0.073142016494325848,-0.17531549070569447,0.19194166138113489,0.96562046236856081,-3.9590599086342633,13.404003561076308,-3.0768839489580717,0.2431164378254931,0.1014342754560047,0.2391304347826087,True,4
-0.9160508421381317,-0.23329964851451226,-0.32622404666275684,0.26612453294380112,-0.96211726804279185,-0.059229177770068683,-0.30004764218947527,-0.14107316022858335,0.94343509362311551,-19.19768073651711,-20.591405759102305,-3.5961160792620515,,0.2974545139725059,0.1538461538461539,False,4
-0.95775122448676642,0.15599938206620159,-0.24161288208426213,-0.1399546297947549,-0.98673067453546615,-0.082312074021966039,-0.25124747479947607,-0.04501964821883659,0.96687534754028115,8.2741907603683966,2.5986230421488457,0.90181953229746925,,0.2970744818196198,0.4307692307692308,False,2
0.90795022897687971,-0.30034991526779098,-0.29226068859746146,0.36779499828885764,0.90537860450454688,0.21217073723560181,0.20088111144288978,-0.30013248891786176,0.93250590784264686,6.802075032796707,18.232367663719462,-0.78201305982532965,,0.1610010636985196,0.2916666666666667,False,4
-0.91607145094546094,0.36370390325232765,-0.1689158592959849,-0.35281774621565448,-0.93119704968838601,-0.09160618214374755,-0.1906114758297241,-0.024321295415106886,0.98136422385949418,-13.933239912320378,-24.714944379951984,-2.0025175314828241,,0.4976267437996815,0.25,False,3
0.82951580718644435,-0.39643750913178777,-0.39337110593078006,0.53389138744248277,0.76961201127104506,0.35022469719035743,0.16390092142072304,-0.50053436791165551,0.85005990053449598,14.532906150309527,-0.80492251613356502,2.846015475434589,,0.7694102055909986,0.3246753246753247,False,1
-0.4053646703948216,-0.83850649031359681,-0.36412408557752945,0.88506187999312658,-0.4596754654464566,0.073238890281166147,-0.22879019336223944,-0.29258388911311878,0.92846632424267916,-9.886023323372946,-23.88934741317928,-1.1168258822031325,,0.08375665546078075,0.5,False,2
0.90883193899381509,0.36022690387141526,-0.21038318467015638,-0.27774505227848156,0.89880117834114936,0.33913732874366087,0.31125904420525136,-0.24978594744255819,0.91691045792959391,18.487345570778469,-23.590388151256001,6.2189849602222127,,0.2825655164472539,0.5882352941176471,False,3
-0.042726008403953353,-0.93681973428833754,-0.34719342397832803,0.99017897006936761,-0.086007768444116589,0.11021919524125948,-0.13311684881423913,-0.3390744007075629,0.9312939682756326,8.1031821650813995,9.5187911571155279,0.20971747764599011,0.9807695628865152,0.9300002854761729,0.6946564885496184,True,2
0.72452619592057965,-0.54542701260007942,-0.42139193792834534,0.66375805487756834,0.71686828122383395,0.21336614530035736,0.185706855043105,-0.43429165465311298,0.88142142173234028,-0.21978274011293852,-24.701046301760126,1.4686431717559525,,0.4619250624011467,0.1666666666666667,False,2
-0.46484987884079731,0.86249050532556293,-0.20006178636849248,-0.88513005333273209,-0.45816459205588683,0.081424782919324756,-0.021433124571379608,0.21493100011287158,0.97639402208411219,-2.997319676727376,-25.091358135322444,0.80754287294133564,,0.1325483079812251,0.1111111111111111,False,3
