axis_00,axis_01,axis_02,axis_10,axis_11,axis_12,axis_20,axis_21,axis_22,location_x,location_y,location_z,dbh,dbh_approximation,score,reconstructed,number_clusters
-0.92533430863448651,-0.28908290118172997,-0.24533139527645159,0.29198914925165487,-0.95608758021593865,0.025275990111676666,-0.24186515661258678,-0.048245364556452133,0.96910971041238847,-3.5117630453068549,15.203404414432464,-3.3575955381258535,,0.1389929866972571,0.1904761904761905,False,4
-0.23860428870298145,-0.91446472161624981,-0.32683675792642897,0.95376077500070189,-0.28401463823048345,0.098367013479460141,-0.18277958716061521,-0.28825328825552449,0.93994769233573461,-8.6054551822576482,15.477237467861421,-4.7140146986675777,0.2382847635014112,0.2994239282103218,0.4583333333333333,True,5
0.67639622829697976,-0.67062329634849305,-0.30455301137946716,0.73216600534556675,0.65719411309866804,0.17896602561595665,0.080131660172095776,-0.344035306477601,0.93553119933806994,4.6286429352450567,-13.517732745482913,1.1865738406812749,,0.3886758109586808,0.2857142857142857,False,5
0.44761684794087192,-0.80715005133692797,-0.38489992474183876,0.89397990822778717,0.41400528458065822,0.17146296400192645,0.020954262681282171,-0.42084251088273272,0.90689166933509813,-17.536564656969194,-17.334040526647517,-4.1474055390314142,,0.3224667312115763,0.2448979591836735,False,4
0.86993243920257102,0.47582213034291232,-0.12965666777685805,-0.41258028770428118,0.84620026698690587,0.33722783744694468,0.27017597491434814,-0.23987164990307419,0.93245189374672821,-10.712525920716496,19.562478155930851,-5.5701408739097742,,0.5175669516094239,0.1739130434782609,False,1
0.67305154936246581,0.73540205784944135,-0.078647474286154651,-0.6935163479951546,0.66448760648064498,0.27837258467221149,0.25697604356096709,-0.13281579026768928,0.95724776254182042,8.5394885824912148,1.6566484537886839,0.82268777158503514,0.4976433796139985,0.3571415220129068,0.2340425531914894,True,4
0.91059594961186519,0.34286710582689456,-0.23077513794244398,-0.31464432571899187,0.93715174137029211,0.15081631854500907,0.26798127703872504,-0.06472064113185047,0.96124776918761989,6.7390277861713663,6.7706618869680737,0.039045448858981868,,0.07119629648576681,0.3235294117647059,False,4
-0.96443979746449626,0.11562723778730331,-0.23766829605212672,-0.13964752019983526,-0.98639011532313237,0.086793493390092735,-0.22439796605290246,0.11689688736017682,0.96746094006777561,2.0297143019701531,-3.7633236723171892,-0.33861443494920668,,0.08673725960774999,0.2967741935483871,False,5
-0.37376254727046315,-0.85115133657425857,-0.3685688002337541,0.90345743838572801,-0.42402032569668791,0.063019206767257863,-0.20991954478655492,-0.30943200487979405,0.9274619232468132,-14.403198490342611,10.121655525325984,-5.6535727595857894,,0.09365767858401312,0.2551020408163265,False,5
-0.41965215632977576,-0.85987970595435825,-0.29068704645308074,0.88231881856080374,-0.46162158794638652,0.091755173997567052,-0.21308582801593512,-0.21797339477491895,0.95240854105213724,-7.866423543664486,12.204579839768808,-4.2562038535755304,0.2299414698901839,0.1556661095503141,0.1746031746031746,True,5
0.11146242271422462,0.97714594654609088,-0.18100256205705764,-0.98150745427563935,0.13676871966617737,0.13393070791356135,0.15562533702462658,0.1627271227221144,0.97432060329572867,9.7219798254508429,2.8282244390939835,1.160475742287294,,0.09336253179571659,0.3214285714285715,True,5
-0.04636015416534308,0.97526026948088107,-0.21614380138658829,-0.99242003829439507,-0.020314373900428312,0.12120145958190884,0.11381214213570144,0.22012435800045593,0.96880961149101419,-8.0625798442102745,18.625808133728345,-4.7958608118888462,,0.08057336872548884,0.4615384615384616,False,2
-0.68302272585175239,0.72786658664444448,-0.060746917753970203,-0.72748350929044159,-0.68536248326076099,-0.032342081706454695,-0.065174379018951081,0.022102004099373268,0.99762909026064661,-19.867115350201193,11.07270033005951,-7.1602976109495522,,0.5448627311099943,0.3720930232558139,False,4
-0.84938798668201432,-0.44263730237950599,-0.2874234969908836,0.45348621847347764,-0.89070408765223075,0.031567038097246869,-0.26998203224455503,-0.1035299318158838,0.9572832681517518,-16.942059429248765,-10.713834177370865,-4.6341835554414956,0.5284583354376405,0.6161589182348581,0.9423076923076923,True,2
-0.43210886052992747,0.87900422605758488,-0.20157753650750679,-0.90180298118613011,-0.41973670596258689,0.10282256946549596,0.0057719819245565657,0.22621376669112025,0.97406058127001471,-0.45329368140184734,-5.7485988789776794,-0.84501185863451167,,0.06817679464995334,0.2567567567567567,False,5
-0.26411444775027876,0.94745395778281016,-0.18048422748610066,-0.9634051285756603,-0.25027819827077175,0.095975943363179952,0.045761520119870322,0.19922806366580378,0.9788840901374859,-20.932398882753539,15.943400139127956,-7.8788017855848818,0.2202562479976205,0.2418177651206017,0.6904761904761905,True,4
-0.80403572073888285,0.55343931303128402,-0.21732806207981056,-0.58021377546337893,-0.81018273013407716,0.083402149582762375,-0.12991741430015272,0.19315504286441487,0.97252896865728822,-2.6605269380183776,-2.1395093299379453,-1.6903791636131731,,0.07870461336096399,0.3882352941176471,True,5
0.34271859011346101,-0.88924926724325426,-0.30295166066218737,0.93886429430352036,0.31294136629089353,0.14353235922934551,-0.032829938662670949,-0.33362170488642412,0.94213520959365549,-7.1619869438724137,13.836509151999918,-4.1799413662310849,,0.3591400631459375,0.788235294117647,True,5
0.71854404787421799,0.68901064027285119,-0.094650878787941484,-0.64461323455239739,0.71088361278169299,0.28127969517607265,0.26109046153475213,-0.14109864162791955,0.95494656616290652,-12.163634978130938,17.038491640774591,-5.7228540028488926,,0.261415802039219,0.1428571428571428,False,1
0.77795599351258149,0.60059939928576067,-0.18456661056495899,-0.57660004011012322,0.79913109777343661,0.17006434757593311,0.24963346310712808,-0.02588146342475911,0.96799446483341867,11.397068256753236,-0.043135476485503532,1.769230996929938,,0.1203331431665759,0.2564102564102564,False,5
-0.94414952765568905,0.25299939667667415,-0.21112312689229021,-0.25648148523406417,-0.96648433340369322,-0.011192900309904719,-0.20687899158606643,0.043581401611900619,0.97739538789267599,3.5742901648604408,0.29086944418051763,-0.31006538965487584,,0.08476909347297487,0.3,False,2
0.050364661526136431,-0.91077588158438771,-0.40981787954350984,0.9939834497302068,0.0057489554029751047,0.10937939099396993,-0.097264086546858891,-0.4128610456751225,0.90558569690131974,2.1587060310173287,-16.329844381943293,0.68099610668291422,,0.2243115493378884,0.2857142857142857,False,4
0.78021359740571006,-0.55989885741758427,-0.2788906808871966,0.61448838064965694,0.76940353187491906,0.17441970985230615,0.11692207862419729,-0.30745971215898166,0.94435043968291399,-3.2357920809149854,12.448066651523522,-3.0295276904786363,,0.0888193318298016,0.3846153846153846,False,5
0.67273115080504364,-0.68819982389985856,-0.27168695427039907,0.73715707020690369,0.65494118537362001,0.16628739442715593,0.063500020318868589,-0.31214266944075703,0.94791070324894122,-2.1600266220732549,14.404461562651379,-2.9450069397576755,,0.248623910039164,0.4871794871794872,True,6
0.63205329887444517,0.75819370744833714,-0.1601590751961196,-0.73605028196264122,0.65202292331852019,0.18192330771478246,0.24236049555290018,0.0028999056737006312,0.97018193177487899,4.7391819961634623,-14.170113317162677,1.3029535918139008,,0.1315937272262304,0.2352941176470588,False,2
0.88808062884416494,-0.28654267588799132,-0.35945248860830281,0.4271360418950193,0.80339312439771793,0.41486659227362388,0.16990467440894308,-0.52197009738626066,0.83587057553700761,-14.696303642819798,-4.2231051297958251,-4.6817648041183286,,0.6801990068589655,0.5106382978723404,False,1
0.56896211684670228,0.79087733075904354,-0.22537781009844343,-0.78716508442907962,0.6030800374900841,0.1290953067958665,0.23801940981583697,0.1039592038850316,0.96568071559833435,-16.340755752549914,6.4272324595770609,-5.9616660556534828,0.2513024350341065,0.2255067625427851,0.8535714285714285,True,5
0.28610215554919738,0.95240628990984388,-0.10520368591579643,-0.93693976170349869,0.30106252288685004,0.17749715561663587,0.20072229454919577,0.047787197586505209,0.97848195906604962,16.825773741011854,-22.219384620345018,5.4429041360606396,,0.4270535929892435,0.4615384615384616,False,4
-0.58934082202967131,0.79052180122467197,-0.16659134814837684,-0.80670543304424269,-0.58697004246820861,0.068501923635562401,-0.043631866637749123,0.17476112563545645,0.98364363932286769,1.5970610567109591,11.722428362505106,-1.764667862037524,0.1111971787307569,0.1068222261453172,0.1875,True,5
0.69349214011933591,-0.67110801874276627,-0.26207380405500702,0.71534873706512958,0.68466738520417336,0.13966658876411381,0.085702018482807465,-0.28433184629379593,0.95488772387707122,-8.3794994567430052,5.6634712711620354,-3.7820537956259015,,0.06966773245361577,0.1916167664670659,False,5
-0.26508386565412873,-0.83531088921217167,-0.48164952250929816,0.94765593679456628,-0.31790239418387051,0.029770677355009767,-0.17798530733708579,-0.44854630322379663,0.87585811878202569,0.87411729980292519,-9.9022063547225159,-0.2371646545120108,,0.1694845568793032,0.196078431372549,False,6
0.66831317853333927,-0.67241398382374395,-0.31814608241647002,0.74146867586121212,0.63655719091102336,0.21217715573569268,0.059847289957747019,-0.37769614382165612,0.92399346579235309,-10.286033491788888,-16.70425205114952,-2.4536394259133649,,0.3263006550686199,0.2413793103448276,False,4
0.84017675878863696,-0.40564412000076955,-0.35993869186324118,0.51799708772429387,0.79677726896572143,0.31116715888518193,0.16056783955876838,-0.44788260913807193,0.87955621612896473,-6.6640480882654094,18.256092075281224,-4.3457744217701428,,0.3041775810257813,0.125,False,3
-0.95069772493446403,-0.16014219816021588,-0.26557167050129393,0.18222944848651373,-0.9813892136758684,-0.060561038506300499,-0.25093079505858729,-0.10597022057670141,0.96218711716702487,-12.504525103022452,-17.475992307447186,-2.9510042905219369,,0.280835328043633,0.5,False,5
0.91696493698358705,0.34575908412236167,-0.19906270391399958,-0.29109066817618273,0.92101102582389005,0.25885307263304735,0.27283974645097159,-0.17941389594368623,0.94518206008095518,4.4916551593604694,1.0316942686990838,-0.094061167143389954,0.4632567313171514,0.3352020128734413,0.2727272727272727,True,5
-0.83243854476041867,0.50515871215394892,-0.22772954294978895,-0.53663299221023031,-0.83736780345291351,0.10411624950956035,-0.13809815664465208,0.20887756527546453,0.96814206697981187,-19.476692989351108,6.3263821598573093,-6.7218855837848723,,0.07448204749572378,0.196078431372549,False,3
-0.61006476908260132,0.77307087917989648,-0.17373080696357363,-0.78807893725675116,-0.61474936951407388,0.031855946608421712,-0.08217399939434776,0.15634778043218539,0.98427780904451301,-8.3827268711978888,-9.420030984410781,-2.6777236630955041,0.5856558889920939,0.6281554055170695,0.4395604395604396,True,5
-0.97426331701568281,0.039519925148490967,-0.22192152809913926,-0.0089485149790387939,-0.99051587952656661,-0.1371065880451498,-0.22523523968790787,-0.13159205113520403,0.96537693098642074,-5.5254678062852687,-3.806925005666745,-2.3678146303975667,,0.3773380872674044,0.3354430379746836,False,2
-0.411467158388995,-0.85423012488737593,-0.31778242761704734,0.88596165176310748,-0.45671200202184559,0.080536319846294391,-0.21393159928461358,-0.24840499379862735,0.94473712210510274,-8.8948300671298615,2.9035577999638273,-3.7364358555635162,,0.0739037802841786,0.2644067796610169,False,5
-0.087902566156676798,-0.94556933698306633,-0.3133237428291647,0.98509769026159388,-0.12919835639760394,0.11353556863570001,-0.14783666495272779,-0.29867442753199208,0.94283503691477921,-21.703578753507177,9.9802691338243843,-7.6169393382479269,,0.07691006587841874,0.3214285714285715,False,3
0.40822216861461597,-0.84057570060767051,-0.35607183629080347,0.91281626177730135,0.3711580824725404,0.17031779134964406,-0.011006056809507128,-0.3945556606655537,0.91880612609531254,17.296439396226265,-4.7060502060321605,3.7441389741532074,,0.3152711111121727,0.3636363636363636,False,6
0.35000925557727225,0.91183291293381441,-0.21460256266149044,-0.91788376873323896,0.37958254755232246,0.11578634068729685,0.1870371837531504,0.15645391808556278,0.96981403547760969,-32.432873532464974,14.345533788734761,-10.594051467216897,,0.1635933424455149,0.5357142857142857,False,2
0.74456888709896119,0.64514146309237452,-0.17149246328408746,-0.61324624803951966,0.76253694070850364,0.20607390256984859,0.26371615731628106,-0.048269106620550228,0.96339186301130231,5.9816414929684454,-4.518841127585155,0.72278663568378465,,0.334938914550063,0.4651162790697674,False,1
0.9716668718259639,0.066344088090486961,-0.22685226948697002,0.0038862114744646005,0.9551820637026851,0.29599345016580469,0.23632263445620885,-0.2884886256962701,0.92786094070585567,18.861772486525812,-4.0135070169811691,4.1265099241772987,,0.3847675652583534,0.25,False,5
0.79572525392086746,-0.51349708808595296,-0.32115737699735192,0.59239389794449115,0.77023429587326897,0.23623843704770411,0.12605867661808856,-0.37823256071874278,0.91708742225670048,-26.22934550026525,25.754211453449628,-9.9280843293824503,,0.2379108602713668,0.25,False,1
0.89669014423008098,-0.3494739117056796,-0.27168873785596792,0.40342647003697019,0.89780064258484837,0.17663830119128851,0.18219184535578875,-0.26799625223380574,0.94603601425870021,-17.810125540883469,11.846784037710991,-6.6691850484073703,,0.07758229746122701,0.3191489361702128,False,3
0.078189307428394472,0.99242554903915647,-0.094752107196612395,-0.98484777913827382,0.091648687737695037,0.14722557509607434,0.15479432848227798,0.081804936588746158,0.98455404535222601,-4.8942994703267448,10.9355432078242,-3.3606672544364447,0.8276208177656661,0.3861270056788904,0.4568527918781726,True,5
0.93537472113497611,-0.26406541859256621,-0.2352521748362747,0.32849665308279291,0.89514523269800994,0.301338615665878,0.13101175510261553,-0.35914407565983486,0.92404082861276982,-25.374226753467944,5.1938214847133484,-7.9925420524112099,,0.2043446043350588,0.2352941176470588,False,2
-0.4927484892251221,-0.82997018768045061,-0.26143529587268272,0.84039574731378219,-0.53182311572034557,0.10439904924094581,-0.2256854321024489,-0.16826663705910777,0.95955845293006992,-11.328554104566718,-1.3990978627815989,-3.9620273430707895,0.2272762215575984,0.2123072565559155,0.8645038167938931,True,2
0.4315454605457541,-0.82566785806868725,-0.36337460510418113,0.90209047386748509,0.39447784902994687,0.17498572393839135,-0.0011368552632064211,-0.40331106453576632,0.91506223437706014,-11.767841426953856,14.289736350719304,-5.3925098426401847,,0.1007692012206284,0.2,False,2
-0.70971751302021091,-0.63426135727790212,-0.30661634394858922,0.65470057281956717,-0.75452502103898011,0.045377886419007224,-0.26013114319922659,-0.16853641532357144,0.9507508953704662,-18.737044505401631,16.49433889092116,-7.3603824491796859,,0.06233366266216647,0.3333333333333333,False,1
-0.46895718769959283,0.87934498619708545,-0.082653199302494762,-0.88321953031012135,-0.46706323795898924,0.042133039601179645,-0.0015547937673523748,0.092759511627182961,0.99568732824066253,4.3126330625773308,-4.3268292983679251,0.26316558031279053,,0.6327226110385263,0.5714285714285714,False,2
-0.77565007603522529,-0.5268641236076399,-0.3475358323996296,0.58059345487638137,-0.81155607225647253,-0.065482682736396333,-0.24754433885923841,-0.25256867746971623,0.9353773909283577,-12.499066644804387,16.116644397983446,-5.720388803525716,,0.258197406495135,0.2631578947368421,False,3
-0.27467741055505679,-0.92557914402434283,-0.26049101381416556,0.94378247733123699,-0.31134307806801081,0.11108610723960131,-0.18392105810178572,-0.21533401005484373,0.95906428799138288,-5.8305808564260246,-1.4915199402544885,-2.5653563514970763,0.1707219382006994,0.1405230724563231,0.7141009055627425,True,4
-0.96541988132291789,0.11219390407010088,-0.23532314088493905,-0.1206539307151596,-0.99245483338582774,0.021818173436184904,-0.23109972252130759,0.04945636034544957,0.97167226299403886,-4.8745758462671605,2.9785148220136235,-2.7609616182312231,0.4547926008051073,0.4339267835569574,0.8880258899676375,True,5
-0.8796557274668273,-0.40663347506428899,-0.24668809880484505,0.39504577748268527,-0.91351239367484083,0.09712847314544483,-0.26484832419313004,-0.012013474085587006,0.96421524651526203,-3.5550430354289588,9.6963776023858621,-2.942187969350174,,0.1153639242382097,0.3516483516483517,True,5
-0.57038855701273161,-0.77458493144811191,-0.2732674111606751,0.78534342081662079,-0.61175772640843284,0.094806094527900911,-0.2406088223839303,-0.16053245202484456,0.95725478658396335,-10.490199625757553,3.2195275853400478,-4.1622682866039629,,0.08061193043637213,0.384928716904277,False,5
0.46127583487185919,-0.7503716761461523,-0.47346272482729079,0.88724165916609488,0.39322000169690369,0.24120586333188904,0.0051809654953786782,-0.5313382895134704,0.84714389550620905,-21.791381223221091,-23.478535874574522,-4.5196061880981535,,0.1456615497063065,0.2857142857142857,False,1
-0.030792021554496091,0.99632305692542877,-0.079951345500605203,-0.99348006177753356,-0.021723200233801851,0.11191724363167244,0.10976893121050428,0.082876225845364471,0.99049599339448746,1.8813372753789652,-6.2199671452715322,-0.11298846350637241,0.2336574408816126,0.3392785571687199,0.2784810126582278,True,5
-0.72531940599541,0.67830304094783223,-0.11754464652798421,-0.68607950585296817,-0.72629135633959363,0.042376613301919913,-0.056627475089505094,0.11138155299382692,0.99216303031188902,-15.470312700071322,9.9685636034326706,-5.9286356413425567,,0.2247652666603945,0.1764705882352941,False,3
0.095692759220215862,-0.90741649390355461,-0.40919213387430103,0.99306959021485952,0.058850060057781275,0.10173229291472895,-0.068232578899778407,-0.41609130851650544,0.90675925038221106,16.450995172268453,-8.9968934473881159,3.8436925089371892,0.3662835300970514,0.2144598154758655,0.1818181818181818,True,4
0.4821184286849805,0.87126725355498813,-0.091952126702285475,-0.81913118740521107,0.48550677749709076,0.30546238201212195,0.31078275135929695,-0.071948188907977911,0.94775394463458029,-11.14348295858494,18.322712084866701,-5.6046625389299667,,0.4971655946360216,0.7368421052631579,False,2
0.83970747078026398,0.51171672188802986,-0.18176182232796234,-0.4689113493422376,0.85207524165500426,0.23257241671490014,0.27388594336667782,-0.11006261444621343,0.95544372462610794,1.7387539986326945,15.608589226478385,-2.092743652333283,,0.2647669599199039,0.4615384615384616,False,4
-0.9259776551205916,-0.27495904907119972,-0.25877191414687029,0.26717602933872214,-0.96141855450878799,0.065508262021133398,-0.26680020907819368,-0.0084784656687871204,0.96371456565506897,5.8278176727346853,0.61595350345836997,0.23647573655895299,0.3778832461053101,0.2777879743697545,0.763265306122449,True,5
0.93792951363930244,0.27305114072593711,-0.21384878300473401,-0.23334208874120008,0.95297382728628222,0.19337102711944451,0.25659247273884545,-0.13146847171698467,0.9575366018477649,5.9497667478771641,-23.605376387021785,2.5759487138527004,0.2652389087799833,0.1780463824600665,0.5909090909090909,True,5
-0.84721275571712462,0.49573669492962802,-0.19098606192715764,-0.48936674730469326,-0.86815576138982897,-0.08261816142997766,-0.20676250429567633,0.023467067688452192,0.97810968891606687,-25.109350659681766,10.210307502831846,-8.4042003977005191,,0.4768715026395129,0.2222222222222222,False,2
0.96932210239860817,-0.041808825489047553,-0.24221206392905009,0.078434765761932909,0.9865217427559192,0.14360654090150798,0.23294344661615748,-0.15819884064383063,0.95953659518412049,5.2947668916859296,5.1719972881317924,-0.25055072662421063,,0.08301615861250236,0.2916666666666667,True,5
0.075718146487696689,0.97170016438497542,-0.2237533303141683,-0.98694653108667196,0.10502095860051108,0.12209481164495349,0.14213833778560447,0.21158778033913805,0.96696809882369139,3.9688204639031648,2.4896810198435411,-0.40747377642234522,0.1510841854040344,0.1303007186955075,0.639751552795031,True,5
0.57019589161256046,0.81713874311638024,-0.084622217451088416,-0.79098285189170303,0.5739069996400904,0.21207754189771583,0.22186205894975644,-0.053991020200506473,0.97358214678386679,8.1808693694207033,4.4657902230288453,0.5965668797066509,0.2820147048353022,0.1157833497209987,0.32,True,5
0.30728365763153154,-0.88011315979699467,-0.36190824763292806,0.95001810562812106,0.26167313057338371,0.170272639360177,-0.055157526515823854,-0.39614138724459713,0.91653131347520334,0.60026032027402709,-17.901911041684357,0.47703189972145776,,0.2890601802846092,0.2926829268292683,False,2
0.94637355724674388,0.18989073946915075,-0.26137826460515762,-0.1355187385234482,0.96774242994187809,0.21238940839694243,0.29327761873889713,-0.16557806724940677,0.94157959939284674,3.6523803812151407,-10.928114172403225,0.67683157528806537,0.2356812557445508,0.2957468314221717,0.8317757009345794,True,7
-0.97054806249925818,-0.064230215977777463,-0.23218729020853496,0.057456729136139847,-0.99770498552410369,0.035825774762358056,-0.2339555142669448,0.021429914040775381,0.97201109876806091,-4.7473515843204188,-8.09895980404273,-1.9060975565915514,0.605577687183377,0.7030917236318996,0.5738636363636364,True,5
-0.8215793560516742,0.53987193868190242,-0.1831547202055159,-0.55310370065595715,-0.83268727963944789,0.026611851633098732,-0.13814361378797901,0.12316730146634111,0.98272384616386388,-28.246835145019283,5.5089214984776778,-8.8205465316181204,0.7586481791027418,0.6297318120181457,0.9011627906976745,True,4
-0.83295060413245514,0.51143176628437892,-0.21126012285951651,-0.53480249727928331,-0.84206612266972158,0.070078056164698727,-0.14205484848895442,0.17135400049961158,0.97491447139405962,3.656788942067509,0.12334332869264855,-0.23989253308700051,,0.08867579607713529,0.3228346456692913,False,5
-0.88951481703752633,0.40080063707884217,-0.21936781803147945,-0.42445218396372247,-0.90258054369604979,0.072032670849910094,-0.16912638410113409,0.15718527748659983,0.97297947292958775,-9.1287399205918334,-13.723752354148091,-2.5245335845770649,0.8044869520190676,0.6633829275142084,0.8244897959183674,True,5
-0.91162562884917997,-0.27120785679385345,-0.30884463932311201,0.32130120055984951,-0.93882669429511101,-0.12397570970845323,-0.25632840526195638,-0.21225158772598152,0.94299788555630581,12.923187620171955,-1.4021408183318653,2.2934274772088354,,0.3953151444753635,0.1538461538461539,False,3
-0.6443338861707415,-0.67303944513758318,-0.36311396065285539,0.72012858718506689,-0.69379316352000364,0.0081156744479155135,-0.25738815250696501,-0.25625953941619278,0.93170938999628605,18.684019850311476,-8.1395829372047288,4.447439006087138,,0.1971281609073789,0.1818181818181818,False,2
0.051506295786721869,-0.94704608539429336,-0.31693976341518698,0.98901190829566654,0.0043349753658822616,0.14777230199851624,-0.13857325407052482,-0.32106840412585158,0.9368631346831745,1.1973222924528035,-17.05719439718068,0.54853595254991394,,0.1449829705970948,0.3333333333333333,False,4
-0.67330521737547533,-0.64996859560256692,-0.35242149336467976,0.69368798020019584,-0.72026900979804565,0.003088632434552846,-0.25584579414314523,-0.24239096157854195,0.93583628448799394,-20.856567885593435,18.954111076310571,-8.015974519468152,,0.1869545174712053,0.4545454545454545,False,1
-0.55041142645079355,-0.7309952486483291,-0.40335246136099323,0.80248640461676868,-0.59650567383499742,-0.014019682161478683,-0.23035371070954333,-0.33140145976779345,0.91493728770125049,-2.411919774128259,-7.8466418459032274,-1.302403076332056,,0.08759161599636121,0.2741935483870968,False,5
-0.96770423975745479,0.071788706652307271,-0.24165033820095194,-0.092563429279060541,-0.992822609071211,0.075731621381908115,-0.23447924410392032,0.095653795085303667,0.96740365699651554,2.9623620903573302,12.252477584216047,-1.4758077558092721,0.2808167891017379,0.2898975493398572,0.4047619047619048,True,5
0.45182677843512059,0.87932659636931199,-0.15045696795596331,-0.86458383451890453,0.47318380007193933,0.16909134938862722,0.21988032057810042,0.053682662629943895,0.97404867247762894,-6.8073787085583524,-11.718615841059204,-2.072177582677539,0.7342758541513732,0.7740060297846357,0.8292682926829268,True,3
-0.7646122897599229,-0.54201647354593208,-0.34869211168725806,0.58893802138455309,-0.80735591164346243,-0.036447755788263647,-0.2617633536531323,-0.23322644433937029,0.93652836174089205,-12.759405913700975,14.923821651029691,-5.6755568906092275,,0.4577236161066113,0.4736842105263158,False,4
-0.50048023611933568,-0.80549449740461054,-0.317329714815407,0.83425186224500358,-0.54667510501113992,0.071903823972043673,-0.23139438972169862,-0.22874646273101762,0.94558537012443755,9.2418105829775321,-26.290332314286943,3.8290001860025669,0.4532736512258815,0.26923276905905,0.3333333333333333,True,5
0.91039378459179143,0.35453531135515093,-0.21327885497381527,-0.3078763678112163,0.92486837063248184,0.2232277741388638,0.27639699549743318,-0.13756165892400835,0.95114746011019091,-1.6807753212876719,-21.610126984593155,0.10881269627934238,,0.2661621029971725,0.2,False,4
-0.83561000075315239,0.49916302042051258,-0.22932990578201395,-0.5300480603059593,-0.84228473055191289,0.09800758360954244,-0.14423931644044408,0.2034519887436893,0.96840193508120931,-4.5866162833768316,-2.1417467790356777,-2.1694588069244358,,0.08596653291560089,0.4494047619047619,False,5
-0.94115162668156427,0.26635536008456806,-0.20805873629546834,-0.2661272444362166,-0.96348271709729172,-0.029619986894123373,-0.20835043883667095,0.027493199323503609,0.97766774449581095,-8.0151545616037421,-5.2805063709453535,-2.9182041394081728,,0.08381028794516462,0.2459016393442623,False,4
-0.43286605088153401,0.87739404349761396,-0.20689773906239964,-0.90145451306375568,-0.42064791852334921,0.10215228592137186,0.0025967039132913927,0.23072715721579284,0.97301502354892044,-12.207164513196661,10.743476977833518,-5.1683106416055944,0.4037864312346265,0.3633080469251049,0.9175257731958762,True,5
-0.3999443724000431,-0.83404028710545675,-0.38002802327010465,0.89420672719839633,-0.44604978916166044,0.037867065135436931,-0.20109407753255354,-0.32467889533181232,0.92419953846961289,-12.200662066931988,20.533923743349042,-5.9915259269940204,0.4807217560175634,0.298311722984675,0.5172413793103449,True,4
-0.86904883341283601,0.45109603535830928,-0.20314155662444611,-0.46766680398845595,-0.88300371888779827,0.039902291632693793,-0.16137498440282302,0.12967960253768596,0.97833599294652107,-6.5981050108794577,15.310557936085965,-4.1771914262390046,,0.1115034975627294,0.175,False,5
-0.8690709755335928,-0.40389266704317939,-0.28563324910422655,0.40900981029930294,-0.91145126199303439,0.04435732284790847,-0.27825638279115505,-0.078277139191802916,0.95731190054022075,-4.4003318808345648,-26.518687332903454,0.14256436587276058,0.5798613191421049,0.3052334558304006,0.6938775510204082,True,5
0.76673434266424279,-0.58328999024123762,-0.26812540920921457,0.63254926087541474,0.75770827202927227,0.16049799707280188,0.10954396535272271,-0.29266185570174907,0.94992060608874584,-0.44596141963538949,14.545096908796303,-2.5146468067859948,,0.07327781088999843,0.35,False,2
0.91758350781067644,-0.28710821677844067,-0.27497159499148144,0.34648704790343882,0.91668506086957136,0.19908597342281922,0.19490313447714347,-0.27795210205511178,0.94061437217072674,-9.1824156620500723,-8.368374162332838,-3.0030479517708071,0.3148610718423533,0.3358794734830766,0.668769716088328,True,5
-0.96874733553498371,-0.039829782277937049,-0.24483093827692956,0.023882699946346488,-0.99741553909397718,0.067763257132045673,-0.24689717806638117,0.059798250957390824,0.96719488865755188,-5.7281102839510982,-2.3788018933091837,-2.428680457808968,0.1329526636947451,0.09187777149055558,0.5112994350282486,True,5
0.037173341067492115,-0.96255264488036574,-0.26853407334580798,0.99297672290836203,0.0053761701932560409,0.11818766668406078,-0.11231816627798642,-0.27104151458377185,0.95599222114831306,7.87788588573446,7.884399965765053,0.24962593999148056,,0.1999519042819632,0.5957446808510638,True,5
0.84195845551929649,0.50002432378660144,-0.20268604984387284,-0.46840346898074947,0.86385124355138765,0.18536239980514135,0.26777630482617559,-0.061128590990411957,0.96153998665534746,-4.9852760643627212,-6.3854555671889202,-2.0829184029991565,,0.09583254056049513,0.296,False,5
-0.72752909398220655,-0.61751179831377467,-0.29896587824151005,0.63701618791206438,-0.76981794589774755,0.039883662215922308,-0.2547779302596887,-0.16142957943654684,0.95342996446279593,8.3639917613794612,-0.89464058034764338,1.056152854914886,0.9296951107857168,0.4312695747479716,0.5407407407407407,True,5
-0.89318434910800792,-0.27954143719464003,-0.35224750304247682,0.3475520416807954,-0.92618247449552982,-0.1462655197264498,-0.28535819040640009,-0.25306641189318857,0.92440688786891456,-1.3712505055076611,4.9537237553639688,-1.9879839859050572,0.4987106084340915,0.4035973212122973,0.5107296137339056,True,2
-0.40352018765414466,0.88684922816614198,-0.22509976600761575,-0.91483664114537466,-0.38684881560657008,0.11585298391342458,0.015664551491002793,0.25267853166605447,0.96742347576522747,0.57570209671642814,-3.6364896447105823,-0.71968630792952615,,0.08503409630580809,0.379746835443038,False,5
-0.53517628821217855,-0.79400693170798209,-0.28833892025724095,0.81145829245437484,-0.57808316890641187,0.085762984055778646,-0.23478028056560829,-0.18807669240710695,0.95367991361396365,-13.450859876422737,16.167866798811826,-5.9913773619817094,,0.08012675982365867,0.2173913043478261,False,3
-0.067219198252420148,-0.95673034765590592,-0.28310531831901597,0.98807579428494685,-0.10322597463008,0.1142393229577361,-0.13852004957576963,-0.27205043656623601,0.95226086543008104,-10.143661803589577,-12.637342389062376,-2.8772977596335085,,0.07741598836235185,0.25,False,3
0.18837948458558809,0.97369910444815366,-0.12815312631431075,-0.9677189798275837,0.20628085344825423,0.14480395568533405,0.16743101823953782,0.096738118120642813,0.98112618486805669,16.764334084082233,2.7941977767233461,2.9535036330227005,,0.08872958382006207,0.2608695652173913,False,5
-0.69345865991320244,-0.63198038235985743,-0.34599983136364887,0.67626673130335846,-0.73658923974277291,-0.0099799813343997151,-0.24855260031561954,-0.24090887946991962,0.93818149452485544,13.945036902429786,-19.917294389525541,4.3553388476864647,,0.2615146199525871,0.4545454545454545,False,5
0.39721314511246858,-0.80174753466132653,-0.44656758504659355,0.91760843678024628,0.33916898323689576,0.20726591026930474,-0.014713058810941648,-0.49210292772400333,0.87041268052912146,-20.62551329966287,21.06683325561492,-8.1763887496478684,,0.2658729508085672,0.3076923076923077,False,1
0.90592112017496962,-0.33228820457317082,-0.2624718520574511,0.38485765651288023,0.90463863653297349,0.18306698641529695,0.17661117814097665,-0.26685855128382757,0.94741490666041073,1.4177155243545083,5.3546708634671933,-1.2995952157487833,,0.09216943268397429,0.1583333333333333,False,5
-0.95066990385885153,-0.18188467483119386,-0.25128608986283502,0.1789192975914306,-0.98324813491988106,0.034799283411648257,-0.25340603553662844,-0.01187729927744699,0.96728708815712139,-9.5698151022034015,-17.243564257053983,-2.2192657178240562,0.2358117525918656,0.2034374263555143,0.68,True,6
-0.26493404662379161,0.94822989935449908,-0.17512854967051694,-0.96395896727535557,-0.2558580258721258,0.072936822019115222,0.024352830409875612,0.18814018328622581,0.98184021667685462,2.6122417903005699,9.4288030701721652,-1.2510423507431525,0.6440983680314135,0.3296813557631475,0.6336633663366337,True,9
0.54460002516595629,0.81990879424454877,-0.1765230345017062,-0.80429349148626428,0.57022513916060036,0.16719829611006504,0.23774522527713327,0.050920131477881131,0.96999193196036482,9.1186884228419505,10.292918521790842,0.32526591083738315,,0.1083438494307317,0.2941176470588235,False,6
0.89806718858698087,-0.36071445485129416,-0.25171493170809511,0.40222956961542272,0.90506503621001855,0.13808929559220218,0.17800757880064894,-0.22526065411316804,0.95789923248640263,3.5833423074629622,4.3320791451081613,-0.69187291404160045,0.2910383965817001,0.2800055826512724,0.7922077922077922,True,5
0.65323276136893771,0.73462651929853862,-0.18333258471321431,-0.71063426036820354,0.67841828385190694,0.18640702810347998,0.26131572372371725,0.0085152380324526877,0.96521582211234103,7.8476999082888295,-7.5058648840576137,1.4827908633653266,,0.07314668827252283,0.4666666666666667,False,4
-0.57212020495494331,0.80389159393597232,-0.16259389988986406,-0.8200540474165906,-0.5640162825486762,0.096938085062784771,-0.013777895266749829,0.18879602278399116,0.98191966646104245,7.6843545409234304,0.44206852882014402,0.76210679622655397,0.3119384884033498,0.1437960562533975,0.1666666666666667,True,4
0.96288070606093912,0.13882914888586631,-0.23148912137552721,-0.098434953424641577,0.97913672467207835,0.17776904776344862,0.25133902570010141,-0.14838376534533895,0.95645750158700893,-5.7637973918166789,-23.042393555003944,-0.74855729702913631,0.2158254343794276,0.1497510459554067,0.3636363636363636,True,5
0.7763856506176301,-0.55274660358154937,-0.30281432222419724,0.61746738203415996,0.76338885969707582,0.18966149059384196,0.12633033538671279,-0.33422842655803325,0.93398715475193805,21.095627166310358,-8.6858572937830729,5.1837050185915583,,0.6169229715181984,0.5333333333333333,False,5
-0.049960656110611353,-0.95782803868791933,-0.28296533558768427,0.99004849123225858,-0.084816002073684615,0.1122952839658224,-0.13155956008487252,-0.2745390575045567,0.95253366767520831,4.9593758602546618,9.6417191006069007,-0.70466872139095638,,0.08758601585839117,0.2285714285714286,False,5
-0.36267025925784779,0.93111336982819726,-0.038706273096563132,-0.9310280712581952,-0.36019724175014745,0.058691375557510375,0.04070643166739582,0.05732224317632803,0.9975255118833517,-5.4199922100601974,-11.040762044674629,-1.7441377841718488,,0.4755810866424398,0.2380952380952381,False,3
-0.22973011750953509,0.97283561155492926,0.028547259055868746,-0.9711806284548441,-0.23105574258840123,0.058492997281534634,0.063500078922079678,-0.01428694185156984,0.99787956350925466,-22.42959662131992,15.359041541700083,-8.1692243955779027,,0.2318748288322277,0.3846153846153846,False,1
0.33960861651018992,0.92799595569280635,-0.1532628259227633,-0.91896634164768687,0.36209559188970181,0.15616544192847129,0.20041669219579228,0.087808248768797503,0.97576783147296653,9.3511686155120479,1.1155063945713404,1.0816545543354628,,0.07865123004832995,0.25,False,3
0.18226667240207695,0.97271879326202992,-0.14351658219987834,-0.96447699987068403,0.20525753276550765,0.16629330101799508,0.19121447866706887,0.10810871601252617,0.97557651092582398,-12.55358618983718,-8.7488651338625161,-3.7697352207197752,,0.1819664588256221,0.4,False,3
0.88446377109097007,-0.36872021611915118,-0.28595321269848573,0.42945093813146135,0.88291029582457803,0.18984546680119341,0.18247117406743141,-0.29071431294657923,0.93924941250045524,-23.541055345240281,8.7827903251774941,-7.9243838400579749,0.1701953331560214,0.1323533463345266,0.3,True,5
-0.97002661471641005,0.076815700475726972,-0.23053788170763753,-0.069478619109076448,-0.99678960612168077,-0.039789478690732752,-0.23285422098067529,-0.022579399642324104,0.97224949600566768,-1.5841392116256374,-12.269116966064697,-0.71198389890931491,,0.07321367773357039,0.2727272727272727,False,5
-0.96573348384275082,0.12038988878169922,-0.22992414589180321,-0.13885598768552498,-0.98812155541096491,0.065839246776482618,-0.21926662506825445,0.095509509533592177,0.97097892908128114,2.7826859784262488,-21.798505860326838,1.4541776856496482,0.241036247939283,0.2108982478235154,0.5,True,5
0.43933934624415771,-0.76495844353344444,-0.47097719531697713,0.89792760903341973,0.35843430804424053,0.25544247053372393,-0.026588489563757423,-0.53512935490751801,0.84435160077954574,-3.8050512854038083,-13.53731952440558,-1.1443599740908379,,0.3487312861511847,0.2592592592592592,False,5
0.89449098686817197,-0.311536791580585,-0.32067226556607248,0.41853742103233749,0.83569015107953137,0.35559583600524458,0.15720146820943709,-0.45229061330116488,0.87790711325996906,1.507959388083963,27.40717126857572,-3.2097903124425264,,0.4390742012081075,0.125,False,3
-0.96560772428162434,-0.037041156707227574,-0.25735126873099307,0.06735883073095443,-0.99164570007467256,-0.11000724269778737,-0.25112648353015221,-0.12355872382475433,0.96003579674748429,0.45907747148704425,-4.6046137740217921,-0.67416354215766294,,0.1573178494299296,0.1666666666666667,False,1
0.46587391979485659,0.88358418081272294,-0.047333775176766124,-0.85603584325810367,0.46359764124685904,0.22864789981046335,0.22397349377183562,-0.066001685189529813,0.9723577796468641,35.987079083045167,3.1318713412956143,7.9622609506772735,,0.3446247948058323,0.4210526315789473,False,1
-0.89558379855488135,-0.35846521349110561,-0.2635001906693562,0.35327224918775341,-0.9330051203672971,0.068557737143466579,-0.27042259099386812,-0.031688106367892467,0.96222008199526865,-5.0316339522849702,14.894409396842518,-3.7516930233363275,,0.1202067340192358,0.6111111111111112,True,5
-0.61527042656041941,-0.72446398376586862,-0.31079613644034726,0.7450092920475373,-0.66324746345283747,0.071161485272615357,-0.25768868225629732,-0.1877624521821778,0.94780894941309179,-0.43311599436542259,-3.6963820329606452,-0.98312244628210332,,0.100857840155463,0.2375,False,5
-0.32203239989091215,-0.87191075648401173,-0.36887228975348474,0.92565419934868787,-0.37173325063582302,0.070559858275546922,-0.19864399474597874,-0.31872562353724193,0.9267980040182201,-23.002611085966738,5.0647497616094235,-7.4555435253048437,0.2863931358183944,0.2705025656286656,0.3125,True,3
-0.71357675267949705,-0.60423520732428582,-0.35455328550891008,0.65032260663184216,-0.75952056046389926,-0.014457715454805023,-0.26055464942877443,-0.24089070646744204,0.93492403017500125,-4.8025621240340204,16.572368027832034,-3.7600870525400722,,0.2023978980002992,0.103448275862069,False,1
0.5889327159380402,-0.76440871988861303,-0.26236913891709007,0.80751793684058959,0.56973512449407149,0.15269796854720261,0.032757255357571763,-0.30179661508369604,0.952809406621,9.300588599560248,5.2143869686445354,0.86913599950373877,0.2700786330719373,0.2273051445514127,0.3787878787878788,True,5
0.86820641854945313,0.44774051989596841,-0.21388324299210471,-0.41618696822400036,0.89179367043740665,0.1774611417981217,0.27019626620300802,-0.06505748389744262,0.96060475822207292,3.2841093856024917,7.756211206438361,-0.88458846285181725,,0.0682649267141591,0.2448979591836735,False,5
0.93440441248460826,0.30588651184687399,-0.18254269582606408,-0.24394498442559082,0.92292374981792547,0.29782981146221454,0.25957511148585288,-0.2337631149094575,0.93700350458519399,0.60465119352285079,19.269158449913853,-2.6719399219295159,,0.1956063751605317,0.375,False,4
-0.079647840118758487,-0.95878012754984532,-0.27275793037035395,0.98648700228104613,-0.11511574471407313,0.11658370233218528,-0.14317686927353837,-0.25978651299562594,0.95499285430342418,-26.657638056501671,7.5990484633992859,-8.5125393899502324,,0.08168456529638016,0.2727272727272727,False,1
0.2151872498387005,0.95636605307556777,-0.19763203189644002,-0.9609790945207527,0.24339021689378906,0.13145486759518443,0.17382067598801274,0.16163283962441929,0.97142225512596503,1.7251125417603357,4.1317546301144468,-1.1036866436808932,,0.06804350471586687,0.1515151515151515,False,5
0.91678677262953123,0.35352854886972707,-0.18579445273095452,-0.29905574063438661,0.91602225305952822,0.26733667143391615,0.26470299870826619,-0.18952782654220507,0.94552182705691201,-2.0492858117037125,-6.6836882660220827,-1.2710305863025182,,0.08624908236526004,0.2716049382716049,False,5
