axis_00,axis_01,axis_02,axis_10,axis_11,axis_12,axis_20,axis_21,axis_22,location_x,location_y,location_z,dbh,dbh_approximation,score,reconstructed,number_clusters
-0.58310372820346135,0.80884003478515498,-0.075946298685138802,-0.80506078036857776,-0.58784265347948528,-0.079486820684522341,-0.10893659654844803,0.014792325001377921,0.99393863243838831,-8.8290990437686059,1.1828975199568106,-3.4931948775836177,,0.1201924023987469,0.25,False,3
-0.82041357323680852,0.52870285734915012,-0.21770360006131403,-0.5421461337065242,-0.84028075638546307,0.0024124998118676688,-0.18165665018347049,0.12000641265832027,0.97601194785975942,12.999451626786319,0.91937020610202036,2.2225512749048524,0.2441384825124416,0.212633686033952,0.3571428571428572,True,5
-0.66119143958528614,-0.67680204876568373,-0.32367401348534425,0.7250717484890824,-0.68726027171386217,-0.044093973134363071,-0.19260539909909799,-0.26384144047204167,0.94514065330379071,-6.1437667576254915,7.3215065757940394,-3.2902274389930186,,0.1487345404609051,0.25,False,5
-0.12190498408609943,-0.94809752520476898,-0.29368394160314798,0.99067984394985964,-0.13434333936588122,0.022479189476182399,-0.060766945344078893,-0.28820643620262382,0.95563823096657941,-6.7578050509747172,17.755824616142181,-4.2900167086141892,0.2595765133811013,0.1363293310958004,0.4722222222222222,True,5
-0.535696228802374,-0.78966600407183507,-0.29909388569500117,0.82434837343497813,-0.56581528407349202,0.017401825304792042,-0.18297352175115295,-0.23723546598696676,0.95406499989043014,-16.361890353495564,10.725170536697853,-6.1462088201279803,0.309924980835407,0.2364869274407978,0.7511961722488039,True,5
0.92440117415530842,-0.28031921072558569,-0.25865732024915072,0.31119970283774784,0.94639760454135879,0.086523517450892651,0.22053846415984771,-0.16047652232199638,0.96208631193331762,-16.691549724036012,12.587929145031381,-6.4292577135374982,,0.06579845370066247,0.1636363636363636,False,5
-0.42080772976733649,0.87765975743255864,-0.22942145660657617,-0.90467849174253145,-0.42467406449336387,0.034767305405293852,-0.066915477630508757,0.22218300819394124,0.97270603458772287,-0.0088645743080780215,4.2915488132623487,-1.492024742177309,0.1697071363786103,0.1222231063419728,0.5866666666666667,True,5
0.77812427534547079,0.61861683270809553,-0.1087925843442015,-0.58597219545826229,0.77732216495109474,0.22892539838464193,0.22618399206820544,-0.11438298022847279,0.96734550992194246,-16.574117899064877,15.601708303913149,-6.5887964997595647,,0.1025719620412603,0.4444444444444444,False,2
-0.056009852725405741,0.9882670150209012,-0.14209575440299277,-0.99760436548938425,-0.049606502142958406,0.048215401083711737,0.040600817161737954,0.14445588242372806,0.98867794133326403,-0.10415770408297206,-12.783356769394617,-0.14157285150356128,0.5525266485782828,0.3653552307751632,0.6481481481481481,True,5
0.38740298738360296,-0.84301067839723909,-0.37316473771578018,0.92014449159047107,0.37861124891267667,0.099938164844551633,0.057035427253362421,-0.38208182147939229,0.92236676096497361,9.7379247068156065,-5.6124579815002962,1.8758231909534711,,0.237183548786686,0.3684210526315789,False,3
-0.58903863412943169,-0.72670193021895768,-0.35346540441601104,0.78507877118604774,-0.6182799493374822,-0.037164866207821314,-0.19153279232533091,-0.29938972738435959,0.93470903526219329,-19.537002932813547,14.735163162744788,-7.2705822110137586,,0.1323634606239089,0.4,False,5
-0.9588364540125488,0.17744707039496743,-0.22168714817256469,-0.13946141436135456,-0.97433446109062816,-0.17669994860091356,-0.24735231626360751,-0.13850954891081863,0.95897441910592685,4.3160572172257554,3.5619426355648018,-0.28492269558292443,,0.1658110248887956,0.3066666666666666,False,5
-0.044346565148338228,-0.92685743324459047,-0.37278503269148877,0.99741736964723338,-0.062180515279133805,0.035946825250864553,-0.056497547606413602,-0.37022814852313923,0.92722119537658876,10.56847162538236,-6.9389568126381196,2.2211837094767093,,0.07717794395614817,0.4736842105263158,False,9
0.96852061263382005,0.039090909888140415,-0.24584491792088628,-0.016569013354959226,0.99552632720210976,0.093020425950009325,0.24838134128765227,-0.086018792200281843,0.96483546612287829,-9.9984060877764946,0.34434872171438874,-3.704198650791656,0.2102562306393561,0.2080146167161481,0.8037166085946573,True,2
0.21995466637073677,-0.91228358487881434,-0.3454831479282276,0.97550063983567048,0.20413731329690843,0.082014992532568456,-0.0042949297939939013,-0.35505861217632717,0.93483417540090252,-4.6716991597386048,16.151888174293433,-3.6125226102564643,0.1740621768198115,0.153747990094209,0.5068493150684932,True,5
0.88036383383435657,-0.33428586268424809,-0.33647062588868193,0.42819681992219211,0.86525786200978139,0.26072267956352241,0.20397794852629314,-0.37360646975087219,0.90488187200059178,-30.591326510838599,9.8822094596400838,-9.446523560794029,,0.7043316404713515,0.4482758620689655,False,1
-0.65632079178149161,0.72355059070235861,-0.21381665269474459,-0.74290376367127442,-0.66921218376699609,0.015781350413211468,-0.13167010366203924,0.16920282442109952,0.97674632735913147,17.824567094323548,5.8397616839596758,3.0497813168332049,0.4485829957749264,0.4534798495293328,1.0,True,5
0.18263508771394807,0.95510309438916907,-0.23328631298032157,-0.97845266846994716,0.19980825749273246,0.052029182213039482,0.096305764623714152,0.21875726119594743,0.97101517000214266,-3.2007801242014886,-2.1481106904113134,-1.8289270515489151,0.2588869910790873,0.2214672338575191,0.8328981723237598,True,5
-0.11525793833795966,0.97263554118079021,-0.20173178153685295,-0.9930939935703752,-0.108349748595578,0.044996132208407986,0.021907249588311188,0.20552478198802332,0.97840668252227769,-0.87542968763085161,17.58206264548819,-2.6975690748149588,0.6620558470756039,0.64995971784704,0.7751937984496124,True,4
-0.70986365741219026,-0.62431514263371246,-0.32607390353052657,0.67468374206120152,-0.73563962986560782,-0.060300772544675578,-0.20222620028987842,-0.26280208836582308,0.94341911485133667,-18.254043929554296,15.047910168283204,-7.0433323444173599,,0.4766166871388101,0.2545454545454545,False,5
0.62986083930995063,-0.70611545310522805,-0.32353715395571359,0.7669079361168496,0.63135167327704556,0.11509683823315492,0.12299406743724954,-0.32061820212875225,0.93918923963116629,-4.7223112181930365,21.900570485588883,-3.954147126072626,,0.3826896004952253,0.7727272727272727,False,1
0.7724279232506267,0.60558560131448014,-0.19136661898906163,-0.59797318008672196,0.7949852871048162,0.10211008365409929,0.21397004294923655,0.035559425859449545,0.9761927821659252,11.699192228019568,-5.6604794016053077,2.3507898624182419,,0.09078890342121596,0.4864864864864865,False,7
-0.84300006182720533,0.50669629040115072,-0.18058174064129906,-0.51089666367395747,-0.85924929532525884,-0.025985525391371042,-0.16833150271457747,0.070352809302537317,0.98321665334609432,-28.35904823240157,10.830269425760838,-9.0105913274279139,0.2376035732317862,0.1846913835564281,0.3809523809523809,True,3
-0.91586353885735616,-0.26076980471397559,-0.30527542832844479,0.29961418812885338,-0.95005506038018661,-0.087331097083962861,-0.26725515236112563,-0.17144821724192844,0.94825112303703418,6.8711979149721358,3.1702588168220562,0.43794889135017795,0.2485850245006912,0.1970592670173741,0.1428571428571428,True,5
0.12814408650622139,0.97786789845323696,-0.16538883356544154,-0.98838701831691511,0.139653541843206,0.059899835335727916,0.08167126248617354,0.15579236638968927,0.98440771200687816,8.754282433174005,-3.4177629582001208,1.4780563141882803,0.308164338494437,0.1171058719917034,0.1764705882352941,True,4
0.16161329615048431,-0.94876573689513921,-0.27152296219877714,0.98684170447366137,0.15399111343295196,0.049296929875985288,-0.0049591147288541373,-0.27591722214733616,0.96116860836359141,7.3699456444602518,12.090610430550747,-0.16976968744010254,0.8818368530774143,0.812319506443717,0.9906542056074766,True,5
0.80153018691292921,0.55507401109908905,-0.22235602458600706,-0.54278689497761334,0.83141310414893488,0.11888917902817434,0.25086200610671539,0.025398670276227359,0.96768959973759838,9.7018843121131066,12.801206705468495,0.41680019174949073,0.8701715680207394,0.7112726942155901,0.5714285714285714,True,5
-0.97481718149184271,-0.015286977103443556,-0.22248094525000917,0.026396663226309298,-0.99854380738775594,-0.04704764497910513,-0.2214377538696046,-0.051735607260395604,0.97380118510021418,22.751548997671168,-2.8877227638398892,5.1029552074265281,0.317687008435135,0.325019481783324,0.6829268292682927,True,7
-0.95568733854944143,0.17636374457577819,-0.23570647113622792,-0.17540030055022202,-0.98417408511409921,-0.0252211172773169,-0.23642429127138254,0.017239483432924224,0.97149696587677992,-4.405317353043074,8.3752572501971265,-2.9256928785813434,,0.1082563523648178,0.3809523809523809,False,6
-0.51231508702190409,-0.7404251951779347,-0.43509054454843887,0.84118799173086045,-0.53471238582024239,-0.080532148973105594,-0.17302027100181397,-0.4072507762990053,0.89677800543184449,-13.155254494544819,-10.265652159845686,-3.712748101545909,,0.1406350354445418,0.1666666666666667,False,1
-0.96672711294818625,0.16430031324483549,-0.19607166077359556,-0.15071456337582834,-0.98513635381204101,-0.082410465259896162,-0.20669738623722472,-0.050117576413550198,0.97712047315422323,4.7451422381152071,12.65527980210099,-0.89540883367848945,,0.2171857866488649,0.3928571428571428,False,5
0.46771011620768949,-0.76473715455587066,-0.44319784706018206,0.88068070175910595,0.44583538998931027,0.16010092623769845,0.075158158213722126,-0.46519661378267851,0.88201097599692679,-0.97655547726356406,5.3054312126105501,-1.8237105351089531,0.477152577566189,0.5789336784431057,0.3032490974729242,True,3
0.67996719636147396,0.72401624352952698,-0.11595296881800947,-0.69940350745328417,0.68791167130513264,0.19393882087973999,0.22018025714028377,-0.050774123208309707,0.97413687065938881,1.4137427962704776,10.282218038844578,-1.5847408482082646,,0.5135680083136087,0.3214285714285715,False,5
-0.28215707163312254,-0.88417141932987997,-0.37232819953316215,0.95431956619684621,-0.29843565342146583,-0.014502632201285386,-0.098293196617487449,-0.35941210609422702,0.92798781537885944,5.6864539752661027,4.8331894452882533,-0.036069178778476527,,0.1908282343628085,0.21875,True,4
-0.091174206719185302,-0.86781955673514743,-0.48844291475784596,0.99333725778961046,-0.11397166637139304,0.01707488071834257,-0.070486568338549493,-0.48363175682800341,0.8724287750133618,-23.08725600139045,6.4069130373933847,-7.4118327689553292,,0.3259202697188217,0.3125,False,2
0.25724415434128178,-0.89091885354828715,-0.37428470640602829,0.96624869711466477,0.24264987493407628,0.086512967344163916,0.013744103515837311,-0.38390706503877353,0.92326944335435657,24.193263180822768,16.605305172915394,4.2065431436687524,,0.177008182799922,0.1764705882352941,False,5
0.94780697391173274,0.24906283649384137,-0.19907195604084221,-0.21413232040301117,0.95982392287042817,0.181343283427993,0.2362398983302931,-0.12925068883091193,0.96306021092849037,14.616745849536889,-7.6580078561823983,3.3342317942206217,0.4347696563397012,0.4527528616166371,0.45,True,6
-0.89464220315839593,0.39945815622070457,-0.20012123764519976,-0.39596434660474017,-0.91636927289308323,-0.05898806587169049,-0.20694821706352662,0.02646766189441159,0.97799381303159094,20.931725076701987,-1.9342036638960785,4.5397946473280832,0.5538901319510685,0.3536236015281356,0.2222222222222222,True,5
-0.24585573167813682,-0.84570313926670426,-0.47364666095671915,0.96727129357960262,-0.24570254783625051,-0.063375883454331983,-0.062779007780069229,-0.47372614264067842,0.87843174917629963,-1.4215482158612542,23.935436356407156,-3.1842702699069783,,0.4366896379707915,0.2173913043478261,False,5
-0.90097593600004577,0.38137112679445012,-0.20687780547070131,-0.37870513638971171,-0.92394358457849024,-0.053950645856194981,-0.21171863975779673,0.029737453888693914,0.97687814051463273,-30.565746191655492,11.216163402937816,-9.5871528463555382,,0.2554466759853057,0.2307692307692308,False,1
-0.29203712959731087,-0.89398349716847814,-0.33986441668256806,0.94856496326165862,-0.31615079268616708,0.01652836217890731,-0.12222448776318232,-0.31755658247677232,0.94032919316412877,-2.7415261019641615,6.5831209702387063,-2.3415113828594545,,0.09117428682924449,0.3088235294117647,False,5
0.59459527703338733,0.79984273313820442,-0.081902739731936625,-0.77671357283149689,0.59773444181029645,0.19856878620031079,0.20777988908679529,-0.054453092839076456,0.97665878297967434,-2.2344877353584094,18.606229252356155,-3.1734885328975975,,0.2152108425821825,0.2916666666666667,False,3
-0.75085276692427694,0.62289569956123803,-0.21959296407278878,-0.64073533813817773,-0.76764549611962629,0.013364832517001698,-0.16024465314983868,0.15073599356281331,0.97550003146156761,-16.163531757853207,-2.2322677769162986,-5.0942013027159918,,0.07933751206009931,0.25,False,1
0.14521064850746254,-0.94921074292414509,-0.27912870342806995,0.98932333417917107,0.1357718086678234,0.052965615446971898,-0.012377722272321201,-0.28383971090821875,0.9587918494140889,4.6176890665585102,4.718142971834915,-0.23568485852603832,0.505659116518458,0.4666392409099898,0.9854651162790697,True,5
0.92831584370559406,0.31132582712532014,-0.20323858809268255,-0.2523158660915073,0.92903000390433477,0.27062881510291026,0.27306848599511507,-0.19994869644548297,0.94098571761004368,-9.252833152735386,-16.382743118493373,-2.2723754748066614,,0.4286301899035059,0.3076923076923077,False,4
-0.65982300828177243,-0.65409383513974662,-0.36985788158990363,0.72529734314391769,-0.68304920338221309,-0.085950856815387028,-0.19641120581669269,-0.32496929176631917,0.92510410097379359,-9.9895347711456601,20.28260168986635,-5.2641107754263103,,0.3122959409891464,0.2619047619047619,False,4
0.85001576065136075,0.50039780227840225,-0.16454557459632485,-0.47514093045991801,0.86321216864144767,0.17060436134815768,0.22740778976537507,-0.06683405856503416,0.97150342550592861,-11.566638800993672,-9.7817533538036745,-3.3215261581510735,,0.2550970406615077,0.3571428571428572,False,3
0.26149981203794331,-0.811816934988836,-0.52208343429901394,0.96520211705438752,0.22086740822453793,0.14000878978801365,0.0016497084133875808,-0.54052830827765885,0.84132421004785285,13.831912385264459,11.135126854538461,1.6760477342141509,,0.2808964697018818,0.25,False,4
-0.91022402139673098,0.38277175872130931,-0.15804433427921485,-0.37071110138825014,-0.92324140675344002,-0.10098803970491085,-0.18456844307701931,-0.033332950384356158,0.98225424623098478,-2.5742026465270706,8.7569613335581327,-2.4718048858514705,,0.2000286947038823,0.2448979591836735,False,5
0.40941128252884373,0.88993575693899407,-0.20098942822821872,-0.90311696492832338,0.42657350063139188,0.049140576082627681,0.12946871976172464,0.16139825612595318,0.97836008377425177,5.6098491239335226,1.1989265745019761,0.26356151804815553,,0.09133937326326322,0.2222222222222222,False,5
-0.64990503798033716,-0.70473524335104787,-0.28455522906233138,0.73281322267960636,-0.68033700362833482,0.011240202842849975,-0.20151481899281198,-0.20122076998401162,0.95859375099847999,-15.071576298743905,-6.3033228082218251,-4.4606249773887967,,0.5875035490368881,0.9411764705882353,False,2
0.59226779948610697,0.78324622564824187,-0.18906137548338475,-0.7822381219485447,0.61519839449285907,0.09815526467705922,0.19318999524380054,0.089756812672873207,0.97704725592803787,4.2132363987983004,-9.4038606002577936,0.73438299786264816,0.7578932629585496,0.5213654999860744,0.788235294117647,True,5
0.28386097363303969,0.95086961728603858,-0.12357151196940984,-0.95304322887524229,0.29396482484775671,0.0727549699146465,0.10550616827065713,0.097116696167707822,0.98966499169280209,5.8837866052485515,6.4506894499857355,-0.090522898945483252,0.5774647116923706,0.7656263807216506,0.4875776397515528,True,5
-0.41129718403796123,-0.86094147686498324,-0.29935664317997585,0.9005350728101571,-0.43460019080925516,0.012619698386364266,-0.14096527601238279,-0.26439071005256393,0.9540578302160998,-10.426153584551642,21.029031838712879,-5.4361725815141035,0.1503542650599849,0.1351163734972715,0.5,True,3
-0.5378451036837868,-0.77333490811628935,-0.33567210836193601,0.82388816683598254,-0.56655777710385324,-0.014851725515398352,-0.17869228576248325,-0.28454420586599738,0.94186180616748039,6.4421524750955221,0.44283735249607364,0.55183814444830515,,0.2548943146799383,0.175,False,1
-0.46973303317311366,0.85651826729792657,-0.21383950834900592,-0.87947725874033122,-0.47504765291689272,0.029145819884579337,-0.076620029395580228,0.2017577389918645,0.97643391269061919,0.74480851594371655,7.6655603472885003,-1.5740426546219117,,0.09283663132950758,0.3424657534246575,True,5
0.6935499357653756,0.69599886769274488,-0.1859410196010029,-0.68988844173341068,0.71599390962894482,0.10680196316971249,0.20746668301799645,0.054206065570887377,0.97673910431232114,22.364539238913753,13.033659243690238,3.883059607748669,0.7037665121738154,0.6405723607831504,0.9090909090909091,True,5
-0.61765584550823049,0.76357459496506797,-0.18829523210491594,-0.77652983316688395,-0.63003346755924072,-0.0076972694567222361,-0.12450973741568602,0.14146260169815367,0.98208230694248111,-12.212168576328926,18.402567044000506,-5.754293453505456,0.3620868260800163,0.3073123104299882,0.7685185185185185,True,5
-0.67254851589673448,-0.66756959975812324,-0.3194202924735362,0.70153789069597983,-0.7125304607218218,0.012038706798659926,-0.23563336283925457,-0.21598882383662282,0.94753667279675091,-24.153512066440669,11.087831892983498,-8.0766862880776049,,0.1022851658713005,0.3636363636363636,False,2
-0.92050191193651965,0.31639848190303937,-0.22927762815125477,-0.32174834881512016,-0.94671126048259258,-0.01468976889558072,-0.22170753292560169,0.060247737923625595,0.97325021444597204,-12.727871085874684,21.244504550861247,-6.0111829683301368,0.3585632062706515,0.3010993382418213,0.3243243243243243,True,5
-0.95801611423105459,-0.086840876917362447,-0.27324675106916779,0.12309625079042891,-0.98530144008881004,-0.11844148428763353,-0.25894485496910741,-0.14710450113827739,0.95462444334402397,-7.5832233484763716,-1.5700798716359512,-2.9669444271465415,,0.3085629852818793,0.2589928057553957,False,4
-0.91152370703384378,-0.26240570989704842,-0.31665087230055905,0.31670244601166275,-0.93908928625871035,-0.13345738317655895,-0.26234346228848282,-0.22193367443344708,0.93910667761812849,3.9042669387995628,16.591810838344433,-1.3666083759596848,,0.107716318181249,0.3333333333333333,False,5
-0.6338373808765857,-0.69443912542940078,-0.3405942977742864,0.74422499684465915,-0.6674968997952162,-0.024021715911696703,-0.21066401846323263,-0.26870465168400848,0.93990344264094439,-1.1393682174878677,13.593618390324233,-2.4951530288897379,0.3118313013751713,0.1939214137841347,0.2291666666666667,True,5
-0.088529571444308619,0.97657747798436878,-0.19610952162905512,-0.99570902412358464,-0.081439033937206806,0.043945682725759237,0.026945394017265156,0.19915851286114855,0.97959677035818671,-7.6799362026573768,22.305049864453284,-4.7482825073569774,,0.3453063593442291,0.1538461538461539,False,1
-0.58166741508688757,-0.69489422114000576,-0.42282979986321151,0.79133521446538735,-0.60373403684493687,-0.096404310598313364,-0.18828594364199916,-0.39067535650606555,0.90106668412815094,-14.956723792212145,23.205638346127969,-6.7383017148364965,,0.6687857966430751,0.1428571428571428,False,1
-0.40826509702594505,-0.83583213730389938,-0.36702077434443658,0.90000413539412794,-0.43579474352954173,-0.0086889461666852172,-0.15268322378002858,-0.33386760813534322,0.93017216331930785,6.6233401464604924,-9.2852395477255936,1.3227416943389898,0.3578478470739985,0.2833428993888901,0.4642857142857143,True,5
-0.69540874485352322,-0.6173947816197628,-0.36773680970217698,0.69180531467835338,-0.71364012375351393,-0.11010531482111134,-0.19445329558542843,-0.33097047813627906,0.92338857391577633,1.6710827237758692,14.395952313154666,-1.8260126933287142,,0.1519226974338378,0.2916666666666667,False,3
0.87514226456884359,-0.34983127922862844,-0.33428145751533772,0.44502753546675788,0.85312577977618387,0.27226255078079048,0.18993817268179836,-0.38703291843787707,0.90229097889968934,-20.092538626683652,27.79100253589186,-8.2229851412567854,,0.5315789269633406,0.4,False,4
-0.69169059830001911,0.71480913291568049,-0.103014657809922,-0.70821152460009262,-0.69929542658769328,-0.097068752836063033,-0.14142331012592729,0.005814624138308605,0.98993213782519285,7.8270412483442726,9.6565023293812544,0.13790330870200254,,0.1321695610073816,0.1379310344827586,False,6
0.28792223095925945,-0.84492120636293133,-0.45078702727302455,0.95730083772522978,0.26671404138242993,0.11152903756431881,0.025997980883419154,-0.46365048815639054,0.88563668048603594,-29.506546855494996,11.571527311028131,-9.3705520021088784,,0.1848209923281562,0.3,False,1
0.86653181937919388,-0.38564690880990787,-0.31685811924068957,0.4630789836051753,0.85803965111004499,0.22209415135511781,0.18622690714980533,-0.33918198485225415,0.92210363853804589,-7.3381752481137346,-8.2997521487238402,-2.3908866913041926,0.8049853937560082,0.345797307007864,0.3666666666666666,True,4
-0.22920368742288666,0.95788104456498668,-0.17300165934129547,-0.97337719127616629,-0.22584363710767985,0.039134321014883358,-0.0015852996792240087,0.17736559993714851,0.98414375514142372,-7.1189201992767579,27.341766940412086,-4.8294464530279653,,0.1801724893961785,0.375,False,3
-0.97009655683227469,0.011961287899031059,-0.24242441711585333,0.040893559575323528,-0.97645277142569953,-0.21181997535721153,-0.23924963366204802,-0.2153994261061685,0.94676433183010689,-9.0758553543692209,-12.286110957637073,-2.537638292612538,,0.1965076229787117,0.3,False,3
-0.53723130251036544,0.81422553216856375,-0.22004388282303303,-0.83822281959819267,-0.54438019410304628,0.032135789599550532,-0.093621751254039681,0.20171015599902251,0.97496050210199681,-14.351438102127029,5.8425676062817642,-5.2470922939646067,0.2759904119068528,0.2142861132983269,0.8180592991913747,True,5
0.56431044494435201,0.79920036667643679,-0.20696013053474233,-0.80752602588849531,0.58647118676418564,0.062874991913656683,0.1716258699597534,0.13164467706541641,0.97632691234079061,7.0110135869687129,34.382331284695248,-1.3195904183767364,,0.6214784555089992,0.9487179487179487,False,5
0.40189086745377106,-0.86072985866384866,-0.31245454239259668,0.9137250626971497,0.39928876407536723,0.075332547297007751,0.05991861527393319,-0.31577300911838124,0.94694095183172744,-13.814627944134477,22.0666786507167,-6.3605421958910977,,0.1383875651785583,0.32,False,2
0.81933921840143464,-0.49817140861981324,-0.28374018542158908,0.54344606064071677,0.83252012175120471,0.10759473060260025,0.18261879520852398,-0.24235406848887647,0.95284567539737342,1.2914170903361015,16.396913239798049,-2.1078395921193125,,0.5897642357343716,0.1746031746031746,False,1
-0.53276335148189613,0.82815721867086889,-0.17412303834102064,-0.84148593917627279,-0.54025444086609664,0.0051529887528891927,-0.08980325988739904,0.14926741200875765,0.98471042150766563,13.594355483056763,28.979666937620351,0.67255855158027311,,0.213611701467027,0.1818181818181818,False,2
-0.35597157516240224,0.92640221064683193,-0.12273215465012463,-0.93112066181296049,-0.3627670657887731,-0.037608099180888456,-0.079363409839759994,0.10089103075926983,0.99172700330833974,4.3780531118922035,37.005226242057752,-2.1336728345671276,,0.2856189509985242,0.24,False,5
0.55407925389850443,-0.7853677242748045,-0.27603209608067575,0.82680798470816963,0.55776785465918421,0.072688215906751466,0.096874851339715268,-0.26850057351206158,0.95839590212062287,-15.135954824737276,8.0517238513742093,-5.6124438580003844,0.4168874606379732,0.396203485038811,0.958656330749354,True,4
-0.96769057262803393,0.058254469622617391,-0.24531891980810688,-0.038997402690898166,-0.99581610851208224,-0.082640671652748937,-0.24910672056408426,-0.070403798170561083,0.96591363328869484,9.9452362928203542,15.713348494972998,0.33996142646409855,,0.1278358527269425,0.2692307692307692,False,2
0.91654117361368115,0.33670639051703821,-0.21582651286587351,-0.3120816296903946,0.93960154341667701,0.14054890970329648,0.25011464067631617,-0.061463372784005932,0.96626338041207549,-16.68166512556741,-7.619873351101063,-4.7492282017655265,,0.07597171595507532,0.3928571428571428,False,1
-0.60766357416888461,0.79228838974141857,-0.054991709459212362,-0.78562106133980203,-0.60980772024510332,-0.10456621016749414,-0.11638096325267006,-0.020338431857437889,0.99299638447577498,-1.1487292894773611,-4.8859835409204599,-1.0105759063405293,0.659111133638816,0.2961087473367192,0.1204819277108434,True,1
-0.96523484509415736,-0.022406514806800074,-0.26042204574549932,0.0739248846198933,-0.9790433635291631,-0.18976091210636212,-0.25071259491695613,-0.20241551428612306,0.94666316835836106,-20.242513171136206,26.769019615405334,-8.2452707296950063,,0.3443498905220256,0.1739130434782609,False,1
0.97316324169256574,0.068333339287744418,-0.21973588637317248,-0.032170243069780037,0.98591497624362456,0.16412414532714237,0.22785605210142873,-0.15265062843080499,0.96165451444915095,-2.0449121680540503,-9.3585438906268479,-0.94913445294208676,0.4052691088760337,0.3473435821824719,0.8235294117647058,True,5
0.058089461063720503,-0.9255395349836355,-0.37416865675200717,0.9957581133046981,0.026928465697363714,0.087980892943031547,-0.071354006903563347,-0.37769223836009752,0.92317776120384576,4.9733752281332881,-11.321317601934133,1.0879014414971655,,0.5234606080192371,0.34,False,3
-0.87054023663428326,-0.40859855082936308,-0.27423880225247182,0.42729844022681773,-0.90406160326052787,-0.0094159699305219613,-0.24408141957235246,-0.12537879314360983,0.96161552548271423,-17.46001373740911,-4.2621193591480715,-5.2360076368977184,,0.1719902154758369,0.7543859649122807,False,1
-0.93412058804170495,0.26449551677888977,-0.2397099259532002,-0.27389663958339572,-0.96173940297653249,0.0061604859603432288,-0.22890906015608936,0.071410379961264536,0.97082500988192788,-0.48339709323015601,-11.131663503781212,-0.4107190003276921,0.2309572411085702,0.1746147804335858,0.64,True,5
-0.17835146543858102,-0.94673589117151924,-0.26810801394882033,0.9796173161004369,-0.19643596192489116,0.041986031710796408,-0.092415738768285072,-0.25515498276599052,0.96247351443954032,-3.5745005788858166,7.7821459037225011,-2.6711845136422445,0.2684134361694233,0.2353452281700986,0.8807339449541285,True,5
0.034966781742826691,0.9965558230900331,-0.075191858867154793,-0.99496975866075199,0.041780779664982531,0.091046942843530057,0.093874935553194275,0.071630007091544962,0.99300384619544668,9.1261177531154924,-9.6829406189452687,2.031570773629249,,0.2749268963449011,0.2,False,4
-0.22836107057180113,0.96632945984737717,-0.11856895242168848,-0.97339772382932521,-0.22895346490928603,0.0087853372115376735,-0.018657242325407657,0.11742097741506022,0.99290695504246662,-7.2987573374991737,-11.045186089214889,-2.2017901300730434,0.7669661233912255,0.3588336400119349,0.8235294117647058,True,4
0.96961752054366157,0.052826337504010112,-0.23885401801241549,-0.012446791147319915,0.98579405986585922,0.16749671317169793,0.24430911003255262,-0.15943478164785582,0.95650071048379426,7.7637345132995446,24.141950176383116,-0.66027487065721524,,0.2568084540458942,0.2903225806451613,False,5
-0.83441513059554495,-0.47063790072556649,-0.2867949724696216,0.49707176122607621,-0.86741085756018177,-0.022761115489282571,-0.23805682940177506,-0.16154990122974888,0.95772155420447358,-1.3241025659526668,-1.5388987783889956,-1.349500875629426,,0.06784238929818624,0.2747252747252747,False,5
0.83559308819847178,0.52677746932534186,-0.1558514958738953,-0.49400122413517572,0.84463459355597992,0.20628910276956827,0.24030601637888749,-0.095382918699912903,0.96599954312225067,8.8831479781299372,-20.691628946959653,2.8689012510942726,,0.3071801376887213,0.7272727272727273,False,4
0.10715506245992798,0.97835174548821868,-0.17704704089412612,-0.98997031900872878,0.12147913471087513,0.072122030695580416,0.092068235950115207,0.16754307484958758,0.98155629385123955,-0.091781846728962169,6.3726761045927338,-1.7095385585625844,0.5864775964975919,0.4043881411505431,0.8376068376068376,True,5
-0.65060646491046881,-0.6095052941329232,-0.45300609735481634,0.73179043264879218,-0.66260819113775515,-0.15947773424790412,-0.20296302742222766,-0.43526277288678222,0.87712731575211633,-4.8998646289112058,-12.481584324674365,-1.432376057333075,,0.1283333094385744,0.2,False,1
0.59473757107455727,0.79519998048225771,-0.11808561552261115,-0.78145891272995804,0.60632907607145026,0.14726513241515832,0.18870397257940416,0.0046949495587831902,0.98202279412516347,-14.087098143952828,14.257368166307691,-5.9007565908430921,,0.09020444655104584,0.18,False,5
0.93158537216017312,0.33223552630093012,-0.14754067046321867,-0.26248684699057201,0.89555798131246123,0.35927226063877732,0.25149423360017625,-0.29596529724123671,0.92149617106896675,-18.140677097600502,-8.5951301683362349,-5.0370933405565417,,0.5488128433374035,0.2380952380952381,False,1
0.95664242912777964,0.17876893254420123,-0.22994984572621274,-0.16111414737551699,0.98249258327369782,0.093544402973330623,0.24264685101596187,-0.052440371558404378,0.96869629560706749,-3.0350388223045393,23.532122117269669,-3.6136429502964389,0.3371289194635902,0.2825957254588732,0.3,True,5
0.17552314881455497,-0.94576468930492608,-0.27335101370614995,0.98446667745362082,0.16745753883319772,0.05275730917470986,-0.0041213121273918352,-0.27836509327120079,0.96046649584171528,15.740288724209028,8.258270994603798,2.3685783361451511,,0.1357425002959384,0.4285714285714285,False,1
0.86908388809780734,-0.39258370239406198,-0.30095054753791317,0.45708552421479548,0.86993697615163657,0.18515528908846604,0.18911906038811865,-0.29847561732697409,0.93549253704088831,-8.75741693747654,13.617977060249746,-4.4842115407767276,0.3923960561957304,0.4786651325769749,0.2315789473684211,True,5
0.29497209696837984,-0.91018045207743847,-0.29079719164081869,0.95503974277506776,0.29034773901796573,0.059977330444828697,0.029842113367013735,-0.29541451403623603,0.95490298625908876,-3.1281844610495431,13.087473698635124,-3.0002661844676561,0.2332550982866538,0.2095795481081771,0.7354838709677419,True,5
-0.31108094378490875,0.94627307320391796,-0.088294492144762871,-0.94931892135680396,-0.3137845483420405,-0.018243979163943436,-0.044969233569667311,0.078144277787901339,0.99592732660629546,5.6970173778089199,-4.4947885390232063,0.70429616402384077,,0.1693369758817466,0.4210526315789473,False,5
-0.75926818815126773,0.61315026785915383,-0.2180792688123751,-0.62987080176872123,-0.77664349800194765,0.0093621627056873283,-0.16362943360141688,0.14447015621071169,0.97588615238855236,-9.8926204510959668,-0.92790417210362641,-3.6089706999575104,0.1360198595476703,0.1083438982129118,0.4422310756972112,True,2
0.9807628513459864,0.056442043193247173,-0.18686499185203764,-0.021480749965058582,0.98267780331282562,0.18407311660646797,0.19401754250744724,-0.17651807453190538,0.96498630174884847,27.073481312068509,-8.4310596980397339,6.6036725332647199,,0.1457166099965658,0.2307692307692308,False,2
0.75311643356628177,0.64655944448641622,-0.12155871929986092,-0.5959602767068225,0.74873966603264974,0.29020727264636964,0.27865208788008911,-0.14611569818035933,0.94921189239565162,-22.087035893892651,8.6257879906427721,-7.4056733032211799,,0.1200405791305827,0.2285714285714286,False,2
-0.94475592929031205,0.23755411506837257,-0.22584126391091802,-0.22693449029888779,-0.97122512829232266,-0.072266778580099417,-0.2365099811500192,-0.017023295440178311,0.97147992065136035,-9.8325683200327223,-9.8083649532262669,-2.9271729749001811,,0.2224113329880443,0.1538461538461539,False,2
0.81075882162164103,-0.46232577857195412,-0.35906128673323257,0.55710210097935875,0.79773450792534217,0.23077457388000192,0.1797425443434926,-0.38713631879862254,0.90433295219182352,-20.355203342273445,-12.291436002651942,-5.2765081122164181,,0.3276597492674786,0.1333333333333333,False,1
0.71027061326827168,0.66600612240452517,-0.22792871878550811,-0.67137140031631704,0.73825951075176577,0.065064103942742979,0.21160363599149709,0.10681170209416793,0.97150149847075695,-8.4060229577573171,4.5997434045519432,-3.5991453614121487,0.2373041534221595,0.1994313374179739,0.8662150719729044,True,5
-0.7267042401055267,0.64771478580278197,-0.22883728643974827,-0.66991260900410454,-0.74193482561672341,0.027382673981882315,-0.15204618939639633,0.17320008888433233,0.97307948570530289,-5.2620812906194789,13.628120490366943,-3.6277313392093373,,0.07988262809241178,0.2982456140350877,False,5
-0.96477155900164924,-0.022771365524922489,-0.26210170517121412,0.079276621639435482,-0.97510398534282072,-0.20709281742732197,-0.25086063103437628,-0.22057579803931054,0.94255782905684693,15.988482955261285,-0.92084537489064588,3.1384995350738976,,0.3368030145240994,0.1538461538461539,False,1
0.47000019228665652,0.85721817749045759,-0.21042056798337133,-0.86638196671210932,0.49360928465200993,0.075711041872296075,0.16876642736801484,0.14672038128791015,0.97467482921647619,1.2523158814067605,11.717524767571527,-1.7121138656389576,,0.09118159767433118,0.5,False,5
0.1738003056964052,0.95822814476560592,-0.22713933239071671,-0.98034956843577914,0.19020942559833315,0.052298165181322818,0.093317615741171284,0.21358650938815521,0.97245700449930739,4.5188230731839836,-3.0452918199140786,0.27773141077795754,,0.07535094508543015,0.2388059701492537,False,1
-0.91477165295335949,0.33220221091691354,-0.22985759507767947,-0.34132638812692317,-0.93994483449501487,-6.9816686741816514e-05,-0.21607665242040591,0.078392596385470553,0.97322427071602435,-5.4440987903210054,19.230501199773791,-4.0022245536836785,,0.0818548066489212,0.2,False,5
-0.61948400644839108,0.77387494887414898,-0.13174645824340586,-0.77657462634181662,-0.6286718093564394,-0.041274760357471713,-0.11476678734161583,0.076741902670786857,0.99042378045852197,-16.854474325681906,-8.7421776466514256,-4.70788557076781,0.7545890719039376,0.5015363815162724,0.9698795180722891,True,4
-0.78944236190470363,0.57321516170635156,-0.21955667974416843,-0.58929805271536295,-0.80785686230084242,0.0097516716165974571,-0.17178056437269981,0.13708270650741483,0.97555100803617534,-1.0043300470537082,17.197461259305118,-2.7237431206079932,0.2433549896456448,0.1230617337298688,0.3170731707317073,True,3
0.88834722703112723,0.43717561206445876,-0.14041612600471745,-0.38730449914695275,0.8776743041831041,0.282281846241007,0.24664636459237516,-0.19638049799501303,0.94899961582742265,9.1822340225116861,-4.4462140648763953,1.6540032417991666,,0.5971233636026365,0.2926829268292683,False,1
-0.7147038665977794,0.67537507837084632,-0.18184302732235036,-0.68608142403519579,-0.72750425961708298,-0.0054618525096711695,-0.13598037602544472,0.12085551602874042,0.98331240284123611,9.7305357023760539,1.0978577414050037,1.3532621931514461,0.2117358369191772,0.1157645555178783,0.25,True,4
-0.68144512338791385,-0.61620762746476676,-0.39486795725289392,0.69583565588940366,-0.71271193255117515,-0.088625285286603461,-0.22681552813639888,-0.33515647249219516,0.91445330943837377,20.592694243951723,0.96131492225728377,4.1938253583463521,,0.2067423889260857,0.3333333333333333,False,2
-0.39855844424303316,0.91040472933953143,-0.11097024519567539,-0.91565841019898697,-0.40187138645056042,-0.0083105104637839142,-0.05216169432099925,0.098298614173952734,0.99378898167420027,-9.4838888668280905,9.5897283500143704,-4.3404947465808474,0.4084927807485496,0.1932296193716519,0.1159420289855072,True,5
-0.67125209171261668,-0.67579714959117354,-0.30449768796475585,0.72032660047413399,-0.69160841714375021,-0.052984771258291,-0.17478620660914301,-0.2549039229599287,0.95103826002891434,5.7961897125938489,11.26990285161871,-0.49551504502672677,0.5354885650326584,0.3778559671474181,0.2254901960784314,True,5
0.59654874966554505,0.79942908677235813,-0.071012143291047714,-0.77955078758780338,0.5982032372595063,0.18561642304355075,0.19086686156509799,-0.055371672853186921,0.98005296744703008,-9.7335361461571335,-6.5960955467043032,-3.1301678149767902,,0.2044857639427434,0.2162162162162162,False,2
0.49491615669241268,-0.76142210179882797,-0.41868171770100715,0.86343747652034453,0.48507303529051754,0.13849142419017513,0.097640780337879013,-0.43004712919202115,0.89751086048510331,14.150892709640567,-3.4142810693767607,2.8613789979159416,0.4391938456681155,0.2542388680484119,0.4347826086956522,True,5
-0.79383746350634155,0.5851894191839051,-0.16545520604992459,-0.5804910519613129,-0.81026377797129923,-0.080639622398213928,-0.18125181413345176,0.032030513309689174,0.98291496381449583,-10.81014968590137,17.445942400504439,-5.3171392510812421,,0.4067282079756331,0.2297297297297297,False,3
0.94292420236641339,-0.12880623127370408,-0.30708777796703213,0.24149825144878059,0.89943859873448817,0.36426474116186802,0.2292870322082034,-0.41763520193059189,0.87920890291758813,-24.438115896333887,22.873985347748253,-9.1155339582767549,,0.4417695238254095,0.1666666666666667,False,2
0.88780868943036939,0.44054988847925874,-0.13308466002076103,-0.40009855022420138,0.88176185115447014,0.24983432101521413,0.22741345844171362,-0.16855810158385631,0.95909920514513225,-9.0333655666353767,22.536740115116523,-5.1174182105089603,,0.4469811334941264,0.1666666666666667,False,3
-0.93063679705727786,-0.20386387624462182,-0.30389911471653064,0.26696369757682803,-0.94621404381756002,-0.18278229525457468,-0.25029090302901813,-0.2512339611695445,0.93500586127359686,0.42364069837906215,18.833978381090756,-2.5418942525937793,,0.2861979590885749,0.25,False,3
0.96597754649724588,0.10352286100922777,-0.23700294705261502,-0.073622479473041069,0.98854829412220979,0.13172699307397168,0.24792561420595932,-0.10979657297262349,0.96253706545985274,-4.8278822109655026,21.034745725600089,-3.9977842124295493,0.2161683633805663,0.3430180041804187,0.6333333333333333,True,5
0.90071245799389066,0.40352174675076102,-0.16089520786467837,-0.38395193920442122,0.91272620678019767,0.13968457265494807,0.20321903551529763,-0.064039607711522742,0.97703682236054246,-20.514469246697772,24.082293027158219,-8.2747330398124195,,0.1725520517625149,0.3809523809523809,False,2
0.31073102630784549,0.94098608063136779,-0.13413211900097077,-0.94532707132890081,0.32064770890811606,0.059512813617736207,0.099009885882150706,0.10830624557242062,0.98917480743678998,-25.045227704066441,5.7510756186401464,-7.7945005369810696,0.6034920918374109,0.4617788257565687,0.4285714285714285,True,2
0.83995460990367277,0.51932384829934986,-0.1574134488826251,-0.49502977121828212,0.85212566556765634,0.16978626472260314,0.22231009628252155,-0.064688412165029158,0.97282764682261336,-9.1915729496839766,25.462027481585622,-5.3100061692859031,,0.2023943260141101,0.6363636363636364,False,5
-0.31338416347682807,-0.843209159584697,-0.4367936346541671,0.93934972065839495,-0.34273987646680676,-0.012307695905963888,-0.13932863446156485,-0.41415901568357449,0.89947753798918673,-2.9493644110111035,-11.356053299663758,-1.0374787748619145,,0.3387933925375831,0.32,False,7
-0.87285000374851363,0.46073738244011125,-0.16079158988719622,-0.45185926858091796,-0.88751561077756558,-0.090217747830680539,-0.18427173509178074,-0.0060913913318006024,0.98285646083133904,-7.0504171305474141,0.71485042604027615,-2.9526194713245322,,0.2686164133678197,0.8172866520787746,False,5
0.4662339643542211,0.86204559423064819,-0.19875433064483852,-0.8701196260890981,0.48741503284603699,0.072927512300002079,0.15974268927596411,0.13893876069415456,0.97733223317337536,-0.48209610685643078,8.8182734721624687,-1.9560678254794339,,0.07191789328407754,0.2238805970149254,False,5
-0.41010415687680041,0.90346844920748393,-0.124737090710792,-0.90757330110644585,-0.41777871446438769,-0.042090959352708582,-0.090140355175229336,0.095946375789329449,0.99129663034924909,-28.463985674737469,9.9862864601160055,-8.9706380633807594,,0.4112269914640221,0.6285714285714286,False,2
