axis_00,axis_01,axis_02,axis_10,axis_11,axis_12,axis_20,axis_21,axis_22,location_x,location_y,location_z,dbh,dbh_approximation,score,reconstructed,number_clusters
-0.035003918837475272,0.9918286765080998,0.12268089550622924,-0.99559847842093019,-0.045286325525147123,0.08205375363966462,0.086939032844561878,-0.11926870996460595,0.98904832004883869,-13.902995959141009,-2.6269570975487331,-4.0173219659178905,,0.1560199448359785,0.25,False,1
-0.23590887450988091,0.96620840288282883,-0.10386686250240998,-0.97101855400479442,-0.23015788941978099,0.064422928498089879,0.038340196998964807,0.11605459119071987,0.99250257488715632,-1.1822359413425372,15.10350310397193,-1.9347277506371301,0.7593410703474278,0.8222955730868936,0.6081081081081081,True,5
0.82313802490910026,0.54102544960184129,-0.17243913370193423,-0.5055958178304083,0.83653338160189761,0.21115106075531992,0.25848918921523312,-0.086621962277598802,0.96212264016082261,-8.74872807443613,4.0724382173616043,-3.1044780513560104,,0.2433596719762139,0.3243243243243243,False,3
-0.26359580909489772,-0.91991949264530271,-0.29028499182495676,0.95360889324836973,-0.29387018992796016,0.065348222541428302,-0.14542120940641942,-0.25959283218708773,0.95470635974202067,-23.928827379221936,-2.3006327694234336,-6.1094050615415423,,0.1780692480206717,0.3846153846153846,False,1
-0.22332303389419944,0.96324486290631861,-0.14928548695998228,-0.97381542117178421,-0.21379277413691994,0.077305725627937513,0.042548184688800506,0.16264065854339349,0.98576755280758765,-15.773136263448659,-2.9119655034934939,-4.3287512755305189,0.250067295589005,0.1671821151813745,0.726027397260274,True,4
-0.054998844178080659,-0.9188812242572667,-0.39068199708527712,0.99495974554468491,-0.083291940921563029,0.05583509042863162,-0.083846478069921432,-0.38564199497070339,0.91883078955283393,8.6245628136101136,-15.11274336574284,2.0770012467134906,0.4931622810040642,0.1969352145886548,0.2857142857142857,True,5
0.97155386054232684,-0.098968441875453686,-0.21514726021505728,0.14161579570699956,0.97095277377860745,0.1928618093296372,0.18981059631004271,-0.21784388585492345,0.95734841041496088,-18.434800640290025,-1.7101960127789992,-4.9598186433211975,,0.1359750414814655,0.3888888888888889,False,1
0.2090034468952173,0.96995314803803523,-0.12453292655768551,-0.96653536606513724,0.22426014544106918,0.12456634100783473,0.14875128682215732,0.094330683119832989,0.98436516440338151,11.321012995672314,13.069281285807998,1.0110563629726772,0.4553521131897497,0.3551642613041089,0.1,True,5
-0.56402242535723024,-0.78316590935976316,-0.26178208898021238,0.80160562348594988,-0.59539729085133686,0.054134004494317003,-0.19826025342929923,-0.17931320214525356,0.96360762110236875,2.3101534057648894,-18.935712502285025,0.96649235390525878,0.6590719582345663,0.388115708427531,0.7674418604651163,True,9
-0.88002145302082879,0.4675863524033384,-0.083218058552519639,-0.45250990174398131,-0.87870434158775546,-0.15203114450164978,-0.14421175765783434,-0.0961336731898359,0.98486612584262834,-6.680926375170869,1.0799626336102401,-2.4618131220644281,0.4273301249064928,0.2631303165716641,0.3571428571428572,True,3
-0.8140553081446481,-0.53506107846020923,-0.22588403573187602,0.5453371274169212,-0.83798638087996569,0.019653063892361697,-0.1998033351628101,-0.10718427019247952,0.97395593302834949,0.32807493156970857,16.702736706343636,-1.7331721397735931,,0.383403519698876,0.45,False,3
-0.22505497541686731,0.96665977602174424,-0.12214391291302056,-0.97326617484102207,-0.21713165324724418,0.074878555464450144,0.04586077790920555,0.13573033036027282,0.98968382146514489,-7.8374267603067338,-9.8593111491647072,-2.1477151477915761,,0.1030420899924685,0.3793103448275862,False,5
0.92241313877146858,-0.25764724256441746,-0.28770105981855426,0.32143834044975639,0.92511062179929315,0.20210821537738427,0.21408268194945995,-0.27890542453146516,0.93615189443607327,-24.860132436051078,-9.8672350802081521,-5.6809007146838173,,0.3175209597280259,0.2666666666666667,False,2
-0.74692040076957744,0.63984669885026935,-0.18084832563401185,-0.65824817138809111,-0.74997189793448216,0.065203505832000075,-0.093910914053943695,0.16774490835480535,0.98134723005804103,-3.1361371266159854,22.433607430052096,-2.7426277437430362,,0.08514884252073344,0.3870967741935484,False,1
-0.76353189889583328,-0.60065253737252289,-0.23714039874402276,0.60677247167625559,-0.7929787062242325,0.054881136019866737,-0.22101178019375317,-0.10198676788139407,0.96992396206748888,-14.157759777025005,-6.8571298880326035,-3.7671590984884857,,0.09767051821952258,0.3478260869565217,False,5
0.97797408945502329,0.12956861265857061,-0.16364184968507639,-0.075641291422536186,0.95071376763756743,0.30070205695391233,0.1945381078003762,-0.28170073950580299,0.93957416842702435,-3.008317550054274,-14.705170709516949,-0.71892324040580946,,0.5523231052814336,0.2790697674418605,False,4
-0.52170606744673353,-0.79159381250985505,-0.31812264173644911,0.82666410056350226,-0.56121480638698396,0.040797131413327775,-0.21082989358437876,-0.24169645650719201,0.94717135666312613,9.3965879840265298,10.583306928572563,0.65548369855522093,,0.2211835504056328,0.6875,False,4
0.96280757905020198,0.19394505743862181,-0.18811400909719084,-0.16200243227550584,0.97158857145440514,0.17254234192222967,0.21623315578400176,-0.13565014749095253,0.96687241134772983,-2.3061744768470169,-3.4616710064905436,-1.3530969147224186,,0.06797000666129469,0.2115384615384615,False,5
0.97814544873406906,0.0078451541971687536,-0.20777375839226905,0.060766438996631068,0.94487287069898174,0.32174943373490783,0.19884396146852198,-0.32734341565500868,0.92374637602256204,-25.66596614272947,-6.474906768190527,-6.0827421773901049,,0.3870893398957695,0.1818181818181818,False,1
-0.90214399095808229,0.42379924877223074,-0.08081099132121547,-0.4057852958431622,-0.89711315149802684,-0.1747177354671158,-0.14654184813800428,-0.12482864314480369,0.98129674237456133,-10.970902590624883,-17.070967644825252,-2.3584509882812106,0.8456093793596778,0.4504007836021872,0.1176470588235294,True,3
0.97604807589889742,-0.040307519842773129,-0.21378834715247039,0.099662807345182652,0.95635114827100853,0.27469948313165998,0.19338427641909706,-0.28942664881597985,0.93746185873827115,5.6320276735867818,-4.5906992920698011,0.59211115222075694,,0.4263828055560233,0.103448275862069,False,3
0.72446943426340005,-0.64495167758041616,-0.24327221872683086,0.68248370409763959,0.72067601898844724,0.12182803165170063,0.096747260732454946,-0.25429001010886992,0.96227675764282916,-7.7868570704250972,-5.3541731314283432,-2.4572548600803779,0.1458130749773308,0.2353645952325996,0.8576512455516014,True,5
0.97564556643859957,0.088636687584505242,-0.2006471188498633,-0.036818798545068601,0.96791881431076554,0.24855089011496129,0.21624084896800141,-0.23510998812744782,0.94760919619868056,3.9525825847964802,-11.906092343491791,0.73244220185391595,,0.07660586735934322,0.1818181818181818,False,5
0.49774539205093754,0.86058797882041593,-0.10787889229061882,-0.84739252139060006,0.50904234540856386,0.15100266644079829,0.18486600386047428,0.016254885134660335,0.98262929903698648,-0.90760538164812921,-5.0246836814771525,-0.87590644967681797,0.4079554199325054,0.4492150667210336,0.7405857740585774,True,5
0.88610524455733652,-0.36851074616769502,-0.28110020549069614,0.4377220965885959,0.86475700125147237,0.24615989710886174,0.15237080339115733,-0.34116734712672936,0.92757101050455615,-5.5632530150774802,15.892070218331598,-2.9885438321250484,,0.3843344840809367,0.282051282051282,False,4
0.97165990445396511,0.13348035308079742,-0.19508978809239902,-0.10207845212295638,0.98132873709127733,0.16301502805269225,0.21320651887006831,-0.13848070298877171,0.96714325475135399,-10.679157336136457,-7.1869764717883164,-2.986000594728857,,0.1152354688723563,0.2,False,2
-0.47341019686276448,-0.8011121858035305,-0.3661994692287911,0.86215353325036959,-0.50660808969626181,-0.0062871741035310652,-0.18048288176517574,-0.31869657860007539,0.93051513699581634,-9.8855885766756568,16.94355693573997,-4.0019677530366904,,0.1577461482417966,0.3018867924528302,False,2
0.9622938861619128,0.20068621443556278,-0.18361786402996161,-0.1529712841264598,0.95744108433596975,0.2447577501495371,0.2249227931715771,-0.20744062611042366,0.9520389297454227,-3.1270316720454723,-7.0262838034146329,-1.2696860114018489,,0.5286968178562365,0.6283185840707964,False,6
0.95343071144690728,-0.16413489715792318,-0.25304073586046261,0.2441219508545418,0.91264896799997053,0.32783583440429998,0.17712806548037244,-0.3743415509178068,0.91021648615899842,15.952709462110068,-20.086493314110207,4.1758604993361237,,0.4680075460584541,0.2631578947368421,False,4
-0.95102612583988599,0.24413312922902225,-0.18960043033396012,-0.24595491763739705,-0.969176762583014,-0.014233107850699991,-0.18723110441365928,0.033097100808891715,0.98175816546545069,-10.956197570456991,-2.6514725266033081,-3.3977905030260165,0.5318760121609463,0.2237723390196426,0.3055555555555556,True,3
0.20101363729884242,0.97730712203430692,-0.066815468575101206,-0.97132651158059224,0.20769403496359476,0.11570650690959008,0.12695796753480013,0.041641050197635504,0.99103365100175622,4.1209199235546681,12.477173505784588,-0.62575348265740549,,0.4283852082147901,0.2291666666666667,False,7
0.90857650456101158,0.39874462032110919,-0.12446470634147019,-0.35292298176177161,0.8921680430029697,0.28192472752249187,0.22345940191469693,-0.21222372819556629,0.95132906235786785,0.87754616987540568,23.575189016254221,-1.8518904449146461,,0.2783653843071801,0.1176470588235294,False,1
-0.91214620428211513,0.36338013644609468,-0.18958949984149578,-0.38085690963655527,-0.92238433089606575,0.064460534433950584,-0.15145070615822068,0.13100390281909677,0.97974520210631388,4.0775148283520881,-7.4098511390655428,0.41513139262510718,0.1760809595409348,0.1448220857085902,0.6527777777777778,True,5
-0.40124440420195806,0.91455538374966805,0.050905580746259504,-0.9159667696356053,-0.40079191924835755,-0.019253944752511756,0.0027937465759172858,-0.054353357943334679,0.99851785535380067,6.5664796677132369,-11.307887158762735,1.331966546368323,,0.6798956167768094,0.1111111111111111,False,1
0.46680856519374109,-0.7878443723733064,-0.40173499770554255,0.88430525345302058,0.42081838451962095,0.20227729967963787,0.0096944405279685841,-0.44968114500166434,0.89313654367786466,-11.048001998668168,4.4373731297650041,-3.6114543184872097,,0.1135110030702209,0.4259259259259259,False,2
0.85727833913971696,0.51152482932254995,-0.058448252569132303,-0.46313777719845045,0.81577055227778694,0.346441633421957,0.22489386068438444,-0.26992731433282424,0.93624889661005306,-10.436646485929366,-6.205655295766964,-3.0044187923675354,,0.2520719763543113,0.282051282051282,False,3
0.97845731339502751,0.059544395778513844,-0.19767587307296194,-0.01391444094464476,0.97434679436950067,0.22462126487729794,0.20597979074895684,-0.21703177010117877,0.95418527371248285,-10.524363138868154,25.042033406842521,-4.4928261057990904,,0.1321421724428578,0.3571428571428572,False,1
0.51447605913721972,0.85167032091403361,-0.099860147450435879,-0.83173001349042297,0.52395425052129152,0.1835677750039274,0.20866137456140871,-0.011384543682501774,0.97792168547961145,-11.771589931985334,-5.5164467936646355,-3.3250084823328656,,0.1737928643572365,0.2941176470588235,False,3
-0.61845010680008727,0.76486025849312744,-0.18030044474927712,-0.78411535315275305,-0.61576497314387879,0.077437786637091971,-0.051793613014486234,0.18926775432424969,0.98055858510542915,-7.819451762748777,-7.6756833479563449,-2.2832376470072693,0.1742626094005134,0.1335207411910579,0.5238095238095238,True,5
0.48476876597271235,0.86343662733751925,-0.13955799550474815,-0.8557018994800194,0.50122073934146638,0.12865469163726803,0.18103453472633418,0.057052265739438779,0.98182052138382991,5.6829820079074764,12.196311642760506,-0.27928623762004001,,0.07849213814864307,0.25,False,4
0.26340824332579144,0.94662958145158438,-0.18576472450069229,-0.95344074109433208,0.28478042912435664,0.099251500790856442,0.1468565646115651,0.15097199312635662,0.97756872225022806,14.869813657834344,-5.1558778009117292,2.8226910002962717,0.4484031940110311,0.4444795677187453,0.7936507936507936,True,5
-0.41441400232090675,0.90846699110933904,-0.054302492991681356,-0.9100874459956857,-0.41376496366757515,0.023224889283268768,-0.0013694237537430903,0.059044736479337265,0.99825439832372787,-3.0044094257231357,17.814630243695305,-2.491735475792237,,0.4606312258204605,0.6086956521739131,False,4
-0.50158534130822141,-0.81537352929349149,-0.28909886390677914,0.84511150988636863,-0.53325688378681813,0.037731044930581312,-0.18492885454221794,-0.2253954383332705,0.95655539052176974,-21.872373528394313,-6.5443249390207479,-5.3383085424206911,,0.1707559179000055,0.4375,False,1
0.44188640484191533,-0.8555466407258121,-0.26977092274495607,0.89705415742279093,0.41958050568509514,0.13873009010134235,-0.0054994423693292827,-0.30330206855842251,0.95287859213113191,-2.0451111546722429,20.130834732273062,-2.3338976906160944,0.4304787706775224,0.3889089845198214,0.8194444444444444,True,5
0.97649385534919253,-0.030174827685423261,-0.21342265634047525,0.090500109103063997,0.95604531328313769,0.27890336893210899,0.19562586924433872,-0.29166219968227219,0.93630319905407466,5.1415247006345863,-7.918288426891273,0.70441429100937036,,0.3093925815136288,0.1458333333333333,False,4
0.9172971455666793,-0.3157685200764152,-0.24260294405462587,0.37145059253507273,0.8980739701623992,0.23555806380187594,0.14349356794144019,-0.30619174686051853,0.94109309322401158,-15.542190836429659,-9.7325919694800334,-3.7924143963164014,,0.2429242400541997,0.1052631578947368,False,4
0.30241422811294433,-0.90847906940551415,-0.28846388870522877,0.9530716332725172,0.28371008436274303,0.10565533532265078,-0.014145546511483989,-0.30687842622604777,0.95164359664262699,-0.3564093135875025,11.688475282246079,-1.6355991904475278,0.8126701802680002,0.8483933271671042,0.4848484848484849,True,4
-0.85644760875059622,-0.44984538216071768,-0.2532520989331829,0.47718326505705044,-0.87702400910697365,-0.055901869373239599,-0.19696097332943258,-0.16872468580088673,0.96578380364681704,11.120072271039481,9.2012526906242478,1.1154844615484558,0.649784173518369,0.503127165823944,0.2549019607843137,True,4
0.34710335138566284,0.93216581574523305,-0.1028890441828739,-0.9238322049804385,0.35874205880412846,0.13355969558948702,0.16141041012841223,0.048693194606634238,0.98568537186121319,1.6629343208643204,13.816109667818937,-1.2390173796190624,0.5948249338258553,0.571734319072199,0.7789473684210526,True,4
0.34176063491380398,0.93850775793788976,-0.049018942396876708,-0.91139040638186075,0.34370796267069975,0.22634567270408087,0.22927537063195336,-0.032680646981840283,0.97281281844681078,7.2359152370682436,10.079082508065966,0.16160020153991184,,0.2999674329133825,0.3478260869565217,False,3
0.97688410742560927,0.080708496269547819,-0.1979484258315222,-0.039231713920037124,0.97794938006950727,0.20512406646846992,0.2101387952810371,-0.19261658457041864,0.95850953989319254,-2.739190982022969,-4.8512067823199674,-1.3296343817636431,,0.1026313068243366,0.2666666666666667,False,5
-0.15906135191141466,0.97762447182064349,-0.13765855740026187,-0.98592016349093436,-0.1500070896733858,0.073887104894766104,0.051584082332852152,0.14747293021137431,0.9877200095698927,0.66832302463862847,11.787563161364405,-1.3983844416661395,,0.09064848230525413,0.2653061224489796,False,6
-0.20993713879533449,-0.92361468074908692,-0.32072156032794485,0.96898311727609421,-0.24029201100275865,0.05771886937695446,-0.13037682381593838,-0.29865644301272537,0.94541324977951058,-13.207989913085539,-5.5242631168288279,-3.6697056991840391,,0.336543681080463,0.15,False,3
-0.53585088121101354,0.84398625346308009,-0.02347417880850447,-0.84408809258468365,-0.53614245443329556,-0.0081584625384896886,-0.019471134074076454,0.015442555474885544,0.99969115351606164,-16.399763957169775,-3.7393516831029876,-4.4115221431348921,,0.5285558645623429,0.2,False,3
0.86817835394521015,0.45921693999856222,-0.18811206170615774,-0.44247060525182358,0.88795028305655488,0.12555500112647033,0.22469114185714872,-0.025770076409276005,0.97408921251227776,-1.1301040794883983,-6.3555058100320787,-0.88190031950206527,,0.07415102287595224,0.2619047619047619,False,5
-0.97532941727889022,-0.062994360930312465,-0.21157560889999488,0.078099833950291964,-0.9949015832504301,-0.06380639139401173,-0.20647746542264336,-0.078756270460011712,0.97527663056994862,-8.2144258912570418,-11.768431187380486,-2.0572312040121625,,0.431094791682565,0.5833333333333334,False,5
-0.97028214227212706,0.078369492062380974,-0.22893402346898434,-0.054400873323007574,-0.9925299205324859,-0.10920119884631659,-0.23578191060704198,-0.093501762345225878,0.96729742637351768,11.909848358595523,5.3663899377707551,1.4938884155747059,,0.352153806165655,0.2142857142857143,False,7
-0.93971101826727399,0.28473788904959491,-0.18938726643220577,-0.29940481666332042,-0.95263368240653634,0.05334625482042496,-0.16522698903595043,0.10683352322254905,0.98045226319794399,-0.97084481344092499,13.193253710000985,-1.8424928325641778,,0.08327871331292792,0.1904761904761905,False,3
-0.74576275234014489,0.6602509078354295,-0.088919378790810522,-0.66361228606730593,-0.74798537498107776,0.011688139070943016,-0.058793290455431982,0.067724570998335218,0.99597024628274677,15.890730283808896,-14.974411530686842,3.7292334373569669,,0.1497577967093358,0.15,False,3
-0.94728676525147482,0.25552302420807055,-0.1932764043512798,-0.26959685877766526,-0.96167671178410041,0.04995433664193643,-0.17310493383093734,0.099427793456770053,0.97987182619550017,1.5234586916209376,11.83244640101274,-1.1874351520431587,,0.07218701011834797,0.2463768115942029,False,5
-0.97491362257401759,0.14005330183980488,-0.17299855826964294,-0.11317660034199557,-0.98116830796224808,-0.15652414697268796,-0.19166242629851774,-0.1330181344564263,0.97240510603919472,-3.3638746346794455,-8.0127898687914225,-1.3179715286405327,,0.09066050031775767,0.8333333333333334,False,3
-0.74881885864734499,-0.58932677118492294,-0.3032561189800459,0.62847546230494544,-0.77666443563991094,-0.042555231085285306,-0.21044930556946775,-0.22245518914354526,0.95195839121698822,1.3249915718921512,18.965387207479651,-1.5728478892864859,,0.1695512218300705,0.3,False,3
0.76930933884710817,-0.58147763338711622,-0.26466375466456388,0.63081170203143211,0.75696849595646643,0.17051478736348263,0.10119158928900084,-0.29813161187623877,0.94914582876249431,-6.8423141429172771,18.120041540781372,-3.3444952987089338,,0.1340491509889436,0.2558139534883721,False,1
-0.86909453141180926,-0.39526818992646484,-0.29738485755388488,0.43823470089218725,-0.89410671959665189,-0.092322916472830238,-0.22940148736227378,-0.21056170593051846,0.95028349748462237,-2.0791226579936959,-13.029894560944376,-0.61498553119952137,,0.3394549788690302,0.4074074074074074,False,4
0.86250380101565327,-0.45078953734754468,-0.22994779027322348,0.48738712261952832,0.86224838320302644,0.1377734312863878,0.13616528903582098,-0.23090370001746335,0.96340152344701924,11.058549046382717,3.3903577689964521,1.4377297221257175,,0.0682773726881943,0.3846153846153846,False,2
-0.51025297315321949,-0.76133254074082557,-0.40001833182670216,0.84713414641636964,-0.52515679684539263,-0.081080680204931616,-0.14834298555613337,-0.38024084622276549,0.91291360900146856,9.4233282434520316,0.28795704633669228,1.2396947977789903,0.7219208078737587,0.2851723017654035,0.3333333333333333,True,4
-0.27709151135207671,-0.86269913730704206,-0.4230490430509295,0.94940083751015869,-0.31357306961657122,0.017606241684425913,-0.14784567654020642,-0.39676457566285606,0.90593571925796268,-3.5109626932376941,-12.924441594694748,-1.0240712953271276,,0.1531159581190868,0.2105263157894737,False,1
-0.6591337120427907,0.74293154633454939,-0.11659960167018553,-0.74884132123789493,-0.66265892682473804,0.010946337568769393,-0.069133387414291286,0.094529699885490426,0.9931186790027583,-10.005556817637778,2.6445567530573832,-3.3386740503655101,,0.111248830335777,0.360655737704918,False,3
0.97874421052639271,-0.040607883482072012,-0.20102430241185978,0.10160447104719711,0.94746331704084086,0.303298193738747,0.17814685465729577,-0.31727631909909954,0.93145017876139702,-3.1596590020083415,-12.117711922140451,-0.91468187614072549,0.5939927799959104,0.215412191140065,0.5,True,4
-0.94300785646319418,0.30615601402060783,-0.13040198513713291,-0.29786100133754589,-0.95129745349568684,-0.07944796318859168,-0.14837454812361217,-0.036078387597490498,0.98827290938155266,-1.0671919311531157,16.069392901383871,-1.9825872469648487,,0.8162658280040213,0.3026315789473684,False,2
-0.70705570897936998,0.69802664020809391,-0.11327415397821838,-0.70262673201710601,-0.71155796347348943,0.00096957331961530779,-0.079924338312197085,0.080274990982626082,0.99356329741395788,-6.6145646432577792,-4.8382725506626167,-2.2330102448506137,,0.07212558708226961,0.3090909090909091,False,5
0.64673680294371283,0.75207255954423446,-0.12695815412461384,-0.73395461119878402,0.65894640583319397,0.1646215749516371,0.20746598858171167,-0.013285308430734277,0.97815201485337289,7.6998319240420416,8.3491631091708864,0.40126786318227053,0.3643502184715434,0.1839868636523785,0.7368421052631579,True,3
0.85350116368612561,0.49032775324956696,-0.17639290796304807,-0.46802276911509577,0.87015554310594134,0.15422068081758999,0.22910794655853001,-0.049071633305149576,0.97216332147869966,-0.59767745244577231,-13.054033997054244,-0.31015778809187161,,0.1058312154631884,0.3142857142857143,False,5
0.50849070247182016,-0.82208647855092576,-0.25614649574697379,0.86070823279274278,0.49386059951263528,0.12362461830806917,0.024870534825578258,-0.28332936669671205,0.95870012332570975,-18.269237513308429,1.5394760915410182,-5.0769242556662313,,0.0694139809259835,0.3846153846153846,False,1
-0.4266117159098145,0.89815465719588106,-0.10639856956667117,-0.90441457886924648,-0.42442802257038398,0.043533012596849607,-0.0060591564798722353,0.11480011068959667,0.99337013303622579,7.4652660870938128,5.7480163010298213,0.43916288123901742,,0.07378650585549947,0.3636363636363636,False,5
-0.41881516339311575,-0.87541663204922615,-0.24132877831619737,0.89163896357498196,-0.44677742145464611,0.073279562725705405,-0.17197039729828753,-0.18448754974232828,0.96767273726355529,2.5260151427341344,-14.155448837458257,0.58116541090090479,0.1627932486023878,0.1054610210776167,0.4516129032258064,True,5
-0.23000336848971467,-0.89913647590404566,-0.37236010551915466,0.96649889526251676,-0.25583025249862495,0.020754935866488605,-0.11392249970798912,-0.3551119254620172,0.92785623048775145,2.4945733944654318,9.541158149463266,-0.85139832545601779,,0.1878279966112667,0.2028985507246377,False,3
0.87212574516991548,0.45270694611546414,-0.18561547766991174,-0.43427378385085164,0.89097166928738003,0.13257362176211043,0.22539513142852732,-0.0350129328401593,0.97363808946766628,-2.9866660901717563,-10.815876421820912,-0.96473977011482193,0.3507080793835564,0.2638797123603488,0.7622377622377622,True,5
0.47263284054216242,0.869205850722371,-0.14525628079724395,-0.86234550337280613,0.49012907039743381,0.12701860951864644,0.18159964442076934,0.06522793436364735,0.98120685164999899,4.4538473359959037,9.2293101939815401,-0.36469456020652236,,0.08267987140559181,0.3846153846153846,False,4
-0.38803593449306045,-0.86842324094488499,-0.30865707205388931,0.90660654868303614,-0.41991301951996074,0.041684792462750767,-0.16580916569095561,-0.26365532542395498,0.95025953820440956,-0.54162171277257265,-11.19499568360928,-0.41673960418380557,,0.07738424281989105,0.3076923076923077,False,5
-0.71659601968752484,0.69000622686729873,-0.10188989867671562,-0.69035593573062792,-0.72249717351677556,-0.03750354998877789,-0.099492846825723333,0.04346540169635256,0.9940884931865418,-18.15925069107735,-7.2817260032950282,-4.5204622306818196,,0.4702109503905161,0.1052631578947368,False,2
-0.93650222807533956,-0.22074531782857093,-0.27246115588591457,0.23447103618041251,-0.97194781234553129,-0.018460316065007781,-0.26074299607546336,-0.081172376665338053,0.96198967523778123,8.9590651099111369,-2.539188513954878,1.3135116882742219,0.4805850660956568,0.2640139643743902,0.3529411764705883,True,5
0.68505029604103307,-0.67061882884656643,-0.28456366298343949,0.72492284395043727,0.66617168279916572,0.17522031661693024,0.072062210713402297,-0.32632142962574034,0.94250801712988619,14.21743287310291,-5.7501980860115154,2.728546053295092,,0.1003731179467059,0.2758620689655172,False,5
-0.66398103706884071,-0.68033959825563906,-0.31026958190957499,0.7185422455405196,-0.69536288746490427,-0.012942028823128435,-0.20694497767903061,-0.23153506382797986,0.95056051381887241,1.5187242956952798,6.709412891726191,-0.94810108035493001,0.5501304860773443,0.2040933655468032,0.205607476635514,True,2
0.12341153733897139,0.98704917688124028,-0.10248665703250866,-0.98487761178246258,0.13448136255767604,0.10922844379695712,0.12159639082351824,0.087456763847619495,0.98871918773532297,-2.022711218175731,-5.7779412938108727,-1.1090300345397592,,0.1215014671821632,0.2307692307692308,False,5
-0.13289966965422617,-0.93361782930318149,-0.33270922231433969,0.98369169539418211,-0.16529635385458025,0.070906726161208009,-0.12119540510397543,-0.31785981848858541,0.94035993617980451,-11.630367207720694,6.732576884518112,-3.8435447979536632,,0.1704260842947176,0.4351145038167939,False,5
-0.71987009676190294,0.68197400921243145,-0.129222654928348,-0.68492569264591874,-0.72811074546907795,-0.027046957055684703,-0.11253372535163461,0.069037620839552533,0.99124667342054518,-1.6619939440133755,-9.7023635566570903,-0.78028627365503811,,0.2297184052263201,0.2285714285714286,False,5
0.82980337339231325,-0.47661251824336859,-0.29028756253145099,0.53363886078132772,0.82987689719841784,0.16289230110822442,0.16326643185524442,-0.29007730512751306,0.94297361006510416,-12.04147191645878,1.2447344665606521,-3.7723110916520453,0.5844513533522667,0.3864587868471404,0.8118811881188119,True,3
-0.97313204637923656,-0.052335364988254848,-0.22422093988141562,0.082712431830301192,-0.98827986692920555,-0.12830260419457201,-0.21487827700928036,-0.14340123498051668,0.96605559460912238,6.2759495690415958,8.6103798085165,0.10529082356717198,,0.3461483711047218,0.3478260869565217,False,3
-0.51878978962389577,0.84599753255975163,-0.12306636049223768,-0.85489873824169826,-0.51377213686473067,0.072016239378351152,-0.0023025061879447112,0.14257056598141088,0.989781961939595,-11.705925025931398,-7.0381316571000268,-3.2185997052368829,0.242519750580314,0.2777524992311966,0.7272727272727273,True,5
0.36383246728655244,-0.82810185409937487,-0.42646600683449409,0.9314004579266536,0.31807182892135721,0.17698445869805568,-0.010914335627998553,-0.46160332633528744,0.88701930440887156,-3.5227457242675708,-4.8901544610807903,-1.5425388082255083,,0.1656694753188654,0.25,False,4
0.86884797703112404,0.46540683780825626,-0.16881844724509171,-0.4433465834699965,0.88318512587131692,0.15306155743735461,0.22033383701648246,-0.058142142727857477,0.97369014142313681,-12.652323061280857,-3.1237029155294258,-3.6919662428674664,,0.1359761453155467,0.125,False,4
0.91172166856183912,0.36233026819065012,-0.19359849128468698,-0.33795138880505238,0.92945459730945679,0.14799665653335253,0.23356467600977629,-0.069504879635938779,0.96985391365258777,1.6020119076759267,16.134521940210604,-1.371207100461614,0.1771909924861972,0.1162764087356134,0.3181818181818182,True,6
-0.15345505176733737,0.98814037204798733,0.0054911033453877156,-0.98625379407387059,-0.15350194160646335,0.061160506848306706,0.061278061016807953,0.0039697672364831793,0.99811283940549989,-14.785163760003607,22.226330283970359,-5.2746109881751186,,0.1457533492049032,0.5,False,1
-0.85908422112660476,0.49472550408447663,-0.13122871873052111,-0.49428020626602254,-0.86846018601263208,-0.038262030846805475,-0.13289611997688944,0.031993451193397734,0.9906134666840658,-16.784879333305415,3.3681240773120944,-4.8519678332311669,,0.1236225544684937,0.3333333333333333,False,1
0.97521154265128318,-0.078109876047367743,-0.20702969435220875,0.10769543467902681,0.98487710535439632,0.13571580857822116,0.19329806111029565,-0.1546477759704605,0.96887559828823733,-6.6100188388029224,-22.306709312068122,-1.0591794777634114,,0.1226999209653589,0.2941176470588235,False,5
-0.40945975359053505,0.90863945042663086,-0.081957667841209128,-0.91206043390667413,-0.40550829313729264,0.060899828397545333,0.022101472610419795,0.099686374822596985,0.99477341720774848,-4.5981451178545676,10.453749002204338,-2.5576233661486927,0.2515464298236019,0.2459485932482638,0.7060301507537688,True,5
0.94209485474029753,0.28621830841239221,-0.17474657250259634,-0.25123892178474927,0.9475560536934533,0.19752602180301354,0.22211773646490507,-0.14218510835680614,0.96459686196320826,0.88653128561720596,13.136625183377216,-1.3996200175414348,,0.1055231449974636,0.35,False,4
-0.6171940403211863,0.78527145138184207,-0.049196181118714516,-0.78620419577694289,-0.61796647830729268,-0.00062787834239474982,-0.030894645729323308,0.038290721240762993,0.99878893742978636,-8.872711009611896,-0.019274147618584161,-2.9833890252021327,,0.2815629137163931,0.1935483870967742,False,4
-0.95374685639769663,0.22586348976218909,-0.19837494273208303,-0.22803312498207448,-0.97357759448473757,-0.012147486498121723,-0.19587707324345371,0.03365043104861988,0.98005092758887835,-3.1192532963519204,-5.8434558119319391,-1.3570789803814181,0.2955827002343014,0.1504778184156587,0.4095238095238095,True,5
-0.17655115534378718,-0.8967661543041402,-0.40575873871222667,0.97438361682187979,-0.21757606307561234,0.056896608384235658,-0.13930634162121203,-0.38531950543812377,0.91220755418546806,8.965244301887628,-17.245998525138194,2.3347423675552168,,0.4732285475810641,0.5,False,5
0.97726644075222024,0.10590530135403341,-0.18366918882763106,-0.074109054813717157,0.98229155644147181,0.17207889509875873,0.1986407606059393,-0.15455537935932059,0.96780911492762423,9.1518272687755733,-5.7337961588740818,1.5078154205915895,,0.1837786977059537,0.2592592592592592,False,5
0.96831354785879631,-0.10173465485751466,-0.22807659466533398,0.14909115764701816,0.96815281480482263,0.20112671104796909,0.2003514405852492,-0.22875792267487394,0.95264322443866356,9.4098834540024399,-9.5002606388091042,1.8341200362777843,,0.1866346867505675,0.1666666666666667,False,3
0.4684023000214107,-0.80725795929518562,-0.35907363101350803,0.88339035887980333,0.42107874851922361,0.20570406263294122,-0.014857966646375731,-0.4135544398263149,0.91035815266689302,4.3832833776847382,17.594389632871358,-0.78631470432939798,,0.2534102176061832,0.3333333333333333,False,4
0.97279417766974485,-0.092854402622018911,-0.21224878752434331,0.13100350230982843,0.97609932574480274,0.17340181274456401,0.19107477665669167,-0.19648960836199469,0.96170799286027864,-19.202146596591614,0.84936887414795881,-5.2762965167814642,0.6920519734224514,0.7584961751062831,0.8970588235294118,True,1
0.86155133120661964,0.48378007115471761,-0.15390304236641272,-0.45949154177050022,0.87199502675562357,0.16879631617671109,0.21586298139669535,-0.074709544684705323,0.97356132687958286,8.1705162907997604,-8.8232163008920299,1.4695454115757687,0.5179984390935287,0.3360480145855908,0.5,True,4
0.86020924035082125,0.47879875654702497,-0.17547596286695569,-0.46034513195152799,0.87715281614920104,0.13669417182182711,0.21936823449075907,-0.036806084422928362,0.97494763441215582,-13.19489652630585,3.075037152683247,-4.0296762585764299,,0.08058858111448802,0.2857142857142857,False,2
-0.84761305651086827,0.50831457190939799,-0.15221170262785133,-0.51212601528627844,-0.85876119380331295,-0.016004889393797614,-0.13884902196019391,0.064385619528546309,0.98821831651645842,3.9867323149055549,-22.66455627261066,1.6176633752809402,0.8128649148761304,0.797611321918708,0.9145299145299145,True,5
-0.98821559022106675,-0.036766290588630665,-0.14858730470797696,0.036000623250578657,-0.99932101292511222,0.0078401691242874633,-0.14877466978487541,0.0023985417819798929,0.98886821398390656,5.3326646941519229,-9.0463407137045664,0.79581258939939903,,0.1766230711368727,0.15,False,3
0.814076825602152,-0.53495699376377126,-0.22605295140907367,0.56880842470073001,0.81299864774078812,0.12445953061588015,0.1172002474698696,-0.22990044278965524,0.96613140327707125,-15.277656129378203,-20.36676026304935,-2.9421990562365687,0.3368481161429547,0.2275835877334051,0.5555555555555556,True,3
0.71016212861331396,0.70162865758109294,-0.058197748619347012,-0.67233862332258032,0.70039080061294612,0.23961114749830403,0.20887921551007577,-0.13103416835966891,0.96912306754621502,3.7545279525104487,-4.0125562172247422,0.058394506266512027,,0.1027889446990679,0.4722222222222222,False,3
0.91760850756359469,0.38376826725419078,-0.10352074137886043,-0.32908655978355605,0.87955605188172015,0.34363234389106245,0.22292748376262828,-0.2812526775818453,0.93338109491049048,-5.6148836850701818,-30.382761415352384,0.041482057082635353,,0.5766706460982872,0.2380952380952381,False,3
0.90863375074865993,0.38437198047396209,-0.16322649180493845,-0.35520355706638118,0.91692225619250889,0.18189010183687909,0.21957946180782389,-0.10729285495951842,0.96967680349012331,-18.412415319528776,-14.592384979909896,-4.0164541025786376,,0.3248456165815046,0.625,False,4
0.90814284041012616,-0.31050639205545105,-0.2808244325277508,0.3825413852007572,0.8879833873415931,0.25524026409255018,0.17011369733361467,-0.33922158583742174,0.92519730094798203,-6.7683698611211423,-2.9864284596048378,-2.3579983349792553,,0.426317963543507,0.1666666666666667,False,4
0.76453674187040188,-0.58559239685797915,-0.26937912887289134,0.63759632049238668,0.74839817314096613,0.18267760271537009,0.094628232704413479,-0.31141888057950456,0.94554945845992,-10.12785494426641,-10.050674230284566,-2.651927585536662,,0.1614622890661677,0.2380952380952381,False,4
-0.16664532887269798,0.97951033046863778,-0.11308778391201135,-0.98430212137162665,-0.15849662440659001,0.077641186975933779,0.058126312701098547,0.12425108674347995,0.99054681828515201,-3.3805324891260593,-2.8118326192697936,-1.6355354345613702,0.6738107560910467,0.7315449113497158,0.8652291105121294,True,5
0.72477706376358286,0.67908459548571731,-0.1163714742376286,-0.65503122002282521,0.73152888311629793,0.1892078062925269,0.2136172011745501,-0.060906529540117688,0.97501696704299978,-21.867162708787728,-0.89853481512305144,-5.8071262886369146,,0.1437406605404087,0.5517241379310345,False,1
0.95721293010236341,-0.17851120051115565,-0.22776557627726696,0.22764418663732558,0.95043012350538525,0.21180345753497565,0.1786659753144958,-0.2545905175484855,0.95040104042415452,-4.5304725731475823,16.943372281039856,-2.8014172977091736,,0.07380235841349102,0.2,False,1
0.97730190695979513,0.043130143728375356,-0.20741449649124813,-0.0053967966322584987,0.98380770545860385,0.17914595520520998,0.21178257066826425,-0.17396030979004012,0.96170991124085592,8.5761087778344418,-0.99621256749964748,1.0981103671127148,,0.08837902278922752,0.1304347826086956,False,5
0.75779917746603542,-0.53543870743556032,-0.37288845143224397,0.64517355477434879,0.70021728912476933,0.30569074606633029,0.09742428265905112,-0.47222996367288661,0.87607497998623018,-28.270201418387359,-7.6436255142348521,-6.5121071426051707,,0.267828860093465,0.1818181818181818,False,1
-0.39534668953701163,0.91617861472539264,-0.065709519797267912,-0.91852205647457552,-0.39399701249510832,0.03291786619219627,0.0042692905550704568,0.073369612679850482,0.99729567987300838,-1.7122738618661386,13.813797223064538,-2.0434070047215438,,0.09547823082895437,0.1212121212121212,False,1
0.89638460831817868,0.39817884691985134,-0.19480307963644558,-0.38311783682748535,0.91696182501617818,0.11136307542281881,0.22296940838351337,-0.025191612266343824,0.97449988486224504,4.582123959115675,4.8702252529264864,-0.17530698042338888,,0.07336811535902943,0.3484848484848485,False,5
-0.74655311120416068,-0.5829778314700701,-0.32061706156385927,0.62020739611359099,-0.78422704026061285,-0.018186124658084529,-0.24083446173126546,-0.21242598084635167,0.94703429964499053,10.16493777700598,4.3821080371723262,1.1516749187251933,0.3164354159716769,0.4301906668636015,0.2439024390243902,True,5
0.19668792447201788,-0.90243806686679595,-0.38330065984369288,0.97910957490729678,0.16022671264757979,0.12518722330574628,-0.051558711114056417,-0.39991616124366658,0.91510041158573796,-20.147515659034621,27.051120388784305,-6.6628071414741239,,0.6452372277751793,0.4782608695652174,False,1
0.41552447736842513,0.89661055466126072,-0.15306509065663149,-0.89310513346335008,0.43406420181525873,0.11811642258336907,0.17234450756872938,0.087622953456888197,0.98113178968902215,-10.006706563276113,-8.7623779376428956,-2.6840481997396148,,0.09254207842883758,0.2,False,5
0.97552213331709603,0.13756035161271296,-0.17156257480187784,-0.10628200831044902,0.97794573570741905,0.17979508536435002,0.19251156359543908,-0.15716007023370476,0.96862790079894834,14.544781190450488,-7.3541111396302021,2.9461671949000316,0.3192442311665089,0.2605952991744834,0.2962962962962963,True,6
-0.50880725214850331,0.86043450168865621,-0.027706469729701838,-0.86051870610762415,-0.50926289736027575,-0.01260388079431074,-0.024954690940768742,0.017428989529252453,0.99953663951054805,-14.259517340531415,4.8978578012652472,-4.32039652406573,,0.6693723156649569,0.4615384615384616,False,1
0.88715667475330051,0.41691525962405784,-0.19782492444904937,-0.38839678554105317,0.9060875523493519,0.16778940508547796,0.24920066497111273,-0.072020925918554607,0.96577016665860493,6.7669842960261732,15.539337310233435,-0.17790777199412894,0.9139788218079474,0.5027838975781861,0.8714285714285714,True,2
-0.95959274663913441,0.15313031418166695,-0.23607809613809128,-0.13144318234969957,-0.98573559315928594,-0.1051096103726696,-0.24880604978847581,-0.069831563476230207,0.96603266110992292,-5.1080039638516608,-16.253645274892268,-1.1248861642976098,,0.2994350577129509,0.375,False,5
-0.96905604220269392,-0.01663194643817674,-0.24627985185176732,0.0052153963787428051,-0.99888428575707577,0.046935948996358806,-0.24678571010304351,0.044199117923933939,0.96806159476744158,-8.5278178968138416,-4.0211798444883344,-2.7351228089804702,,0.1449573354628696,0.3870967741935484,False,4
-0.9383397920504517,-0.28401046729755841,-0.1971204939120719,0.2983326103411128,-0.95332434018542778,-0.046587079937231296,-0.17468854645274967,-0.10252198240105721,0.97927174719930721,-5.9532895612819337,14.339884900319809,-2.9617985606677868,,0.1823560642857621,0.4126984126984127,False,3
0.8480463220990081,-0.45690404364231663,-0.26843272989269434,0.5215614381446293,0.80928351048355451,0.27024778611474132,0.093760875715034331,-0.3691868017179285,0.9246134346971363,5.1210621266936593,-14.662909237982975,1.2213172992603487,,0.3501721652567736,0.5333333333333333,False,6
0.070190586031286875,0.98765131660867578,-0.1400648365355634,-0.98908275397526702,0.08714464692232135,0.11883230327434527,0.12957078151067283,0.13019480524941662,0.98298561803557438,16.12753132730472,0.24123189266610978,2.808665959609983,,0.2792351228711749,0.3,False,6
0.43980548369225686,0.88583665823595736,-0.14786666777733706,-0.88044334386339307,0.4577589881891625,0.12359703466783836,0.17717408038668842,0.07582956980879868,0.98125390270905188,3.8822508450898039,10.494979920717562,-0.61783834960909745,,0.4760770478677941,0.8633093525179856,False,6
-0.85753159787018063,0.50640981175797073,-0.090491221726041973,-0.496377959485584,-0.86072722614089914,-0.11294938475583635,-0.1350869349387388,-0.051939818396395943,0.98947146258687357,-4.6536025115516759,18.754783436022478,-2.8989911208958499,,0.1930236375045924,0.1875,False,2
-0.61925809088426742,0.78511095084251892,0.010964111524868425,-0.78422222332680158,-0.61774431166075061,-0.058201974632779263,-0.038921990117951902,-0.044640343613624622,0.99824461852159108,-7.4767505398035805,1.7748759370609328,-2.6751977401849949,,0.6276431803033333,0.5155925155925156,False,5
