axis_00,axis_01,axis_02,axis_10,axis_11,axis_12,axis_20,axis_21,axis_22,location_x,location_y,location_z,dbh,dbh_approximation,score,reconstructed,number_clusters
0.92864258551855838,0.30076315605782816,-0.21717382972987653,-0.24710871345875521,0.93813412138039043,0.24257298702576341,0.27669519709269541,-0.17159806018710416,0.9455124925911117,-1.4071567891953467,-25.905456869734017,0.5906844051147353,,0.3653985281209579,0.3333333333333333,False,4
-0.71396585570918913,-0.5836148580155669,-0.38684163993152904,0.64590659761022595,-0.76225377779875614,-0.042117043997716763,-0.27029136879491145,-0.27993369881990549,0.92118385798926117,6.3091638363207325,7.96229568607178,-0.45039821425358861,0.3135206253727391,0.2327070533697963,0.5526315789473685,True,4
0.96387842177735372,0.085483074065280024,-0.25225192185660161,-0.036614075464813489,0.98063127626463897,0.19241026347220491,0.26381394487376159,-0.17622413018635166,0.94833921063626203,9.1752089544905751,16.631465942271365,-0.49868020017108117,0.2224824227475049,0.1601187340101774,0.3043478260869565,True,5
-0.20301955539166686,0.96122349258749096,-0.18663455582092775,-0.97667876085333971,-0.18518907483854258,0.1086443954303626,0.069868864500249664,0.20433894356766585,0.97640357328058547,-18.999235808593358,18.131386346928881,-6.8751405250227968,,0.1156859696590068,0.3125,False,3
-0.95791887953685395,-0.044542720769831012,-0.28356192666379065,0.099239988481193114,-0.97835848965160377,-0.18156566419036191,-0.26933778961206462,-0.2020658599394155,0.94160848728855118,-33.151020364090222,12.048271413418297,-9.6355594500677828,,0.199451564644213,0.3636363636363636,False,1
-0.5243922555755085,-0.7341388897516673,-0.43133844350651279,0.81147986949999451,-0.58432586994778768,0.0079811719712215845,-0.25790149997373729,-0.34583719907487065,0.90215489138359495,11.368920050166516,-35.010598085350686,4.1678248639653122,,0.450499174602992,0.2666666666666667,False,3
-0.17005648610211158,-0.83832856133115374,-0.51796333344266809,0.97136789875769436,-0.2310983493339942,0.055117675914035387,-0.16590719332706383,-0.49375983655167976,0.85362522632054083,-34.59009278285393,15.84546605644319,-10.420760350451676,,0.4970384018892355,0.4705882352941176,False,1
0.14338991726035391,0.97060436547941942,-0.1933041575868541,-0.97675722583805924,0.17023859351222925,0.13024647040176304,0.15932562066788952,0.17013520209313662,0.97245532525022449,5.2599461537114829,9.9801347340580335,-0.76947257281629378,,0.08120801253338866,0.3448275862068966,False,4
0.50551136857360546,-0.74322987932232321,-0.4382551799184663,0.86233660311916194,0.45220084993046616,0.22779370984087877,0.028876273370139205,-0.49307579316438832,0.86950699998997361,-30.429806574062201,-24.927544069920796,-5.4315091581145927,,0.3291373940954754,0.3529411764705883,False,1
-0.9659107921203548,0.083278316117222001,-0.24511438907193919,-0.055781870104029317,-0.99155619476698698,-0.11706705594193242,-0.25279383820245138,-0.099403393724230349,0.96240024973135752,-23.126440737278202,10.860467172925102,-7.1620223390250599,,0.1079479971162462,0.2571428571428571,False,5
-0.86726846632243004,-0.35305338709823175,-0.35099674240825479,0.4081180928224814,-0.90795934420967317,-0.095128605441692632,-0.28510529569560961,-0.22575016084336894,0.93153198294288997,-14.873481597473029,15.940889040448077,-5.772861372559114,,0.6063911059474262,0.8695652173913043,False,3
-0.87570997578646748,-0.39356669104020386,-0.27970930984099884,0.39408485054796899,-0.91731029876377312,0.056911741763019004,-0.27897879646426155,-0.060391021564306605,0.95839645013833907,-7.894995071897899,15.816650042223916,-4.1508817948472814,,0.1511629667512656,0.2692307692307692,False,5
0.83636530710876655,-0.42746659730567216,-0.34316961003674029,0.52328853287832466,0.80906971125537397,0.26753563068719632,0.16328559159616193,-0.40333424168678728,0.90036620608507667,-5.9258210537342544,14.816034156856356,-3.6439611394671458,,0.09842535339405656,0.2857142857142857,False,4
0.28281312475679987,0.95916373227403939,-0.00465522882679692,-0.93925100366637782,0.27791933718031436,0.20141597288436944,0.19448467440134456,-0.052590652319493669,0.97949473439708357,-8.5702495941672154,-30.88216841299916,-0.40493671577987822,0.6518251687512292,0.6407540990168343,0.4705882352941176,True,5
-0.54620273365775363,-0.76460404045768604,-0.3421158211199522,0.80067408687991093,-0.59657171237731743,0.054983621108621497,-0.24613732009554828,-0.24389106852645737,0.93804774204152608,20.474715561779796,3.4706171187180566,2.8437183584434411,0.1611556229603476,0.1811636073230568,0.5357142857142857,True,7
-0.96303731833094397,0.13029759797967852,-0.23575762864151528,-0.14267279543048195,-0.98910984176652661,0.036141311053261432,-0.22848106474278429,0.06844163120004379,0.97113961209121791,-18.443402122754406,-23.882363241774755,-2.9514471419362476,,0.1840225718188575,0.4117647058823529,False,5
-0.28103340839134588,0.94224867399432022,-0.18217480540373696,-0.95863368192207854,-0.2666801831477511,0.099514540650110422,0.045185033500745916,0.20260581500102207,0.9782173564578116,7.0027807649894713,11.278784832459037,-0.53650938127123704,,0.1108897853361855,0.5,False,5
0.96800764852946997,0.0033430112516927221,-0.25089841901498222,0.077202031857149342,0.94743904283011238,0.31048205487320601,0.23874890296203302,-0.31991887158611287,0.91687015271383665,-18.490170548555472,-19.402983511302224,-3.3775098523627074,,0.1904420972521214,0.391304347826087,False,4
-0.95750049726162423,0.1802442788802629,-0.22517725834257041,-0.16511772188936283,-0.98265139138309332,-0.084453424625279092,-0.23649299283870912,-0.04368344015533409,0.97065072059643864,-42.861494903123045,14.767324062602187,-12.390544193358979,,0.1211259878831224,0.1818181818181818,False,1
0.60315685302901634,-0.72148310391966419,-0.34009401847515974,0.79252917993508576,0.59020593111193487,0.15347461624554029,0.089996164338019519,-0.36210370011744197,0.92778316473500588,-17.897050825828035,13.826417581479111,-6.2129791792617279,,0.3061608608910448,0.3,False,5
-0.96437279693511191,-0.054842878099687416,-0.25879985945377354,0.057705432065273343,-0.99832761793280345,-0.0034713661251321304,-0.25817666750058998,-0.018281848767491494,0.96592472913987082,-14.841628155484734,-24.569037757237012,-2.1652100377293202,,0.4158742741951205,0.78125,False,5
-0.9618240942930909,-0.051213225221395521,-0.26883380962910619,0.060977490723329246,-0.99774376143971988,-0.028091495745255587,-0.26678860032310636,-0.043411888585294732,0.96277684364918958,-24.236353725038743,11.959326316430348,-7.4703516798701219,,0.1125456200721625,0.4210526315789473,False,4
-0.7995152481239306,-0.45194823980354643,-0.39562375630870117,0.51869865356689937,-0.85162914626069774,-0.075362484215696773,-0.30286477973712261,-0.26546296498335087,0.91531543165022244,2.2290432645786336,-27.184740394070072,1.5513264261984698,0.5970143204585306,0.4812554040577384,0.2391304347826087,True,4
0.94121466372010276,0.25533843512029497,-0.22117242221527508,-0.19334296754069574,0.94406837373702868,0.26712057691626456,0.27700803905448379,-0.20865567152569686,0.93793888768903755,2.2208542171057131,-24.419571931849294,1.2050434338121447,,0.1143070585060348,0.5238095238095238,False,5
-0.30893245557275856,-0.81460051506765085,-0.49090400155764069,0.93022857248991719,-0.36629512195270197,0.022420672537326061,-0.19807963251469426,-0.44972645517600335,0.87092512577010328,-1.8029321569718337,-27.153295144729459,0.68518346527713203,,0.7478312472747395,0.5,False,1
-0.11334625486698342,0.99260594931073887,-0.043428745095351134,-0.98580758958295911,-0.10690671614732847,0.12943859688374051,0.12383869681269179,0.057483766713069984,0.99063595419115125,17.650112193808951,4.6557729508970205,2.125868851135964,0.8050310940032338,0.4438450875366507,0.4318181818181818,True,5
-0.86626251098239493,-0.40246504810296291,-0.29599180245736062,0.42457739620057838,-0.90531718414105544,-0.011611663724391513,-0.26329317633014049,-0.13573017775863661,0.95511989935483788,-2.7322764498681966,-33.726339651564402,1.0989416874824687,,0.2682667102492152,0.6,False,5
0.8845351653091702,0.43144726605315453,-0.17734372824190295,-0.37986985411757745,0.886878878643934,0.26295389053590612,0.27073314400747045,-0.16522442685794822,0.94836936554556273,-24.836819536227516,-18.915716948215888,-4.8207142761969628,1.025268826443883,0.6260014020182639,0.6612903225806451,True,2
0.90337205010284638,-0.243690088734969,-0.35289386470343198,0.38189590223076475,0.83151132794903515,0.40341595326881058,0.19512677661543923,-0.49920341760125791,0.84422833931519581,23.074404935391843,2.7160748736004905,3.2839031045232669,,0.5259961988593969,0.1724137931034483,False,1
-0.94627875376931525,0.26218123642765817,-0.18925517015410009,-0.2494080242176101,-0.96431383262315629,-0.088850828175705276,-0.20579639846377551,-0.036875892896376258,0.97789979594150411,-16.974449335204305,11.254776486609199,-5.7588164745898167,,0.5938986803671354,0.1604938271604938,False,4
-0.75749423166147156,-0.47732754862811505,-0.44537725617758361,0.59139958444384078,-0.79065294305095046,-0.15847540870596988,-0.27649416000930405,-0.38344013217912698,0.88120635750952481,-6.7729853840925598,5.8569257419337504,-2.9401141837836895,0.6769334847812822,0.4559881075193525,0.315525876460768,True,1
-0.85119770268078709,0.48927791859460407,-0.1899199550512907,-0.50198641170825709,-0.86458348741316526,0.022473000528617365,-0.15320611414437901,0.11446620317029398,0.9815423449452183,10.683533920739418,-31.999800270732436,3.6785277932146574,,0.2315588340454877,0.4782608695652174,False,3
-0.13430075207069631,-0.87043485943330068,-0.47361003312490602,0.98257424455440745,-0.17894748929530968,0.05025584556287134,-0.12849576620099007,-0.45860762265605026,0.87929965683502054,-9.7282403948807108,16.275195638477797,-4.626474854039186,,0.280383094622246,0.3333333333333333,False,5
0.95572919456599836,-0.13383596157973648,-0.26204893062605006,0.18304738415774557,0.96769670481856296,0.17336880525718129,0.23038090590853189,-0.21366099988374823,0.94935431495382261,0.79703918801401175,19.756403468271195,-2.5090921145940741,0.1818464310208341,0.1562037367988241,0.4166666666666667,True,5
0.21924299954901796,0.95942074193611449,-0.17732553987371774,-0.95937633470095185,0.24506796975228037,0.13978103811770443,0.17756563734156725,0.13947591241591356,0.97417499161661503,0.61338240376663766,9.8586347804571641,-1.7428096383672431,,0.06736512554203351,0.25,False,3
0.18949549614051972,-0.88035359311895545,-0.43482066191132401,0.97807401832250329,0.1302807265929648,0.16247506565894837,-0.08638675607365226,-0.45607508522276557,0.8857385872897926,3.8138914289779473,19.22217595028015,-1.7389357830317087,,0.4755797167723526,0.3928571428571428,False,3
-0.72707672515504629,-0.60867109682119735,-0.31761443863951477,0.63988529187985155,-0.76843089662252684,0.0077955340892299496,-0.24880966414842148,-0.1975688563776693,0.94818790227252414,-34.064822585180124,13.89730945444175,-10.077417128070797,,0.1701721856882537,0.2307692307692308,False,3
-0.91155442263756459,-0.30625924859074721,-0.2743607246355188,0.31764325355946743,-0.94820526318401843,0.0030890675425100933,-0.26109633861479525,-0.084332980041958078,0.96162188537865079,-12.841703097028953,12.955543249248615,-5.0421547424364155,0.2977361853561688,0.2433693275974077,0.2948717948717949,True,5
0.35550958621279227,0.93353053521508988,-0.046191708474974058,-0.90926263662548912,0.35686722504649715,0.21421307458807501,0.21645875299389644,-0.034154406869985526,0.97569415532926429,-8.2016897353153535,19.98753401387383,-4.5598245280389156,,0.3853943657931624,0.3170731707317073,False,5
-0.52756110805657519,-0.77545493918004682,-0.34691341076324766,0.81401351303822034,-0.5782645497753709,0.054700192543200923,-0.24302526176777228,-0.25353451002646321,0.9363006858741203,-11.564755668310672,-21.804476826932216,-1.7867550652438722,,0.2526502644721542,0.3076923076923077,False,2
0.92894983458135649,0.25858115801830528,-0.26493015975759271,-0.17095891606869243,0.93439085720668835,0.3125488361603167,0.32836755906741011,-0.245050016703658,0.91220898672708151,-17.284470155845614,16.497729287546427,-6.3818569000472989,,0.2213811454727573,0.3636363636363636,False,2
-0.94478922549284861,0.25827101727929891,-0.20166655901794972,-0.23760007988464782,-0.96377729068947904,-0.12115913498394314,-0.22565354291797224,-0.066553854770136284,0.97193161435555919,-20.671285444456185,10.8680020046901,-6.5503612644220093,,0.1924805878518527,0.1527777777777778,False,4
-0.88403169844534168,0.40722634681296993,-0.22946602930544671,-0.4290764724407114,-0.90172485462471541,0.05277942165154715,-0.18542205085070368,0.14511715616493798,0.97188459913969238,-10.450437367784316,8.3336215932439153,-4.0559659162654444,0.1868477163738144,0.1473872236949672,0.4963235294117647,True,5
-0.96306038833274477,0.027541606033432614,-0.26787338121113047,0.0085560054855465147,-0.99112416496039923,-0.13266380215297477,-0.2691495554417947,-0.13005517893821658,0.95427677706042602,9.0691175843925897,7.8955651172525503,0.089392089232974939,,0.3066004766789033,0.3076923076923077,False,2
0.37373236817710026,0.92299326450130681,-0.091692696884528246,-0.90248588166651944,0.38467723476774363,0.19375927963338396,0.21411060312217572,0.010337249956540923,0.97675472401928765,-16.902337838958761,-23.780722788153422,-2.6378723705927656,,0.2334958014711991,0.4074074074074074,False,4
0.29605358989623015,-0.84120029744198166,-0.4524757800071475,0.95438590217522856,0.24130739108891452,0.17583598248093724,-0.038727530759521137,-0.48389337936097376,0.87426962418460308,19.837979555219224,5.9535450342594887,2.4982451526279381,,0.6956292604174397,0.2777777777777778,False,1
0.45163780035491269,-0.7874157224922459,-0.41952327380324228,0.8921851063459586,0.39574765172119974,0.2176913690792675,-0.005388256213854456,-0.47261006773996039,0.88125517902920902,-5.9357542117387556,-28.878488248143345,-0.03780222664858135,,0.3925382750270945,0.3142857142857143,False,3
0.33646934756522812,0.9296150656934602,-0.15034695801636225,-0.92548149068293528,0.35593313322924686,0.12959789764075491,0.17398962196729448,0.09553760675961756,0.98010212587379031,12.927071754948551,-33.378576658352763,4.2821175480768385,,0.3263438535905704,0.3225806451612903,False,5
0.90452488598681291,-0.26806434652550037,-0.33162665265686847,0.37731221354565897,0.86546650412937165,0.32955003222478835,0.19867114571526986,-0.42321299170977766,0.88397994293323257,-19.210150149089085,-22.794557298755159,-3.2339842149430029,,0.1489853411727523,0.2272727272727273,False,2
0.27182940249949017,-0.84549143368465962,-0.45962268384254923,0.96124175198725215,0.21568061383286918,0.17174448187104516,-0.046076785621907271,-0.48849371375948586,0.87134999939416835,3.5085391112316726,6.6240129195802746,-0.90092892477136821,,0.4327339497636,0.2195121951219512,False,1
-0.31171706091057116,0.94909638565523724,0.045260630502026999,-0.9495690436402987,-0.31286553049296117,0.020827654438440701,0.033927942721662899,-0.03648575839315496,0.9987580708746,-17.859742537311703,14.871635692207269,-6.3078341210327107,,0.2349007917312685,0.125,False,1
0.75216249875965946,-0.59901712721863309,-0.27464532903066541,0.64899997297136602,0.7456220586458765,0.15115151585033054,0.11423926882991201,-0.29193531297090847,0.94959105013568124,-18.186368003736888,-20.265705319139194,-3.2063087468129199,,0.09173349940223754,0.1904761904761905,False,2
-0.053681355769953282,-0.94142393511185829,-0.33292534664877094,0.98913225254443682,-0.095834146858460867,0.11150427468164566,-0.1368784096162306,-0.3233214974207802,0.93633728446885867,-31.306530415118523,13.306318260241131,-9.2894764795461864,,0.1107117715000832,0.3043478260869565,False,1
0.96756484407695686,0.096624989924121107,-0.23341354679730686,-0.035667119217131851,0.96695612783592089,0.25243554315372063,0.25009224120929052,-0.23592256815049847,0.93903909009379805,0.6512210280764732,22.54089699313386,-2.8180721263488495,0.2743422042394332,0.2353507463288126,0.5294117647058824,True,4
0.14980982383400057,0.98182652619126087,-0.11650617644583142,-0.96834232852819302,0.16949824934048452,0.18325795549200069,0.19967511478254571,0.085364020159037129,0.97613668745666193,-25.688551567003326,15.59058397300937,-8.1876444113960645,,0.3872010568186172,0.5254237288135594,False,4
0.48815354193486266,0.86233330190038915,-0.13448938965591323,-0.84076099440117824,0.50598275659824177,0.19261983365890889,0.23415180928190465,0.019045378936012686,0.97201347920242009,-12.510820168238318,-21.297543265292155,-1.9839796181371381,,0.1835237514849134,0.35,False,6
-0.95665656510194719,-0.10330220624136149,-0.27228086718132039,0.10870171732068301,-0.99406292291555209,-0.0047793238145819039,-0.27017059998985615,-0.034169569360142163,0.96220594855304464,-33.165729842756576,16.811039592346638,-10.168900734519122,,0.469656323348143,0.3181818181818182,False,1
-0.033944892984281855,0.97485527359533231,-0.22023837037095439,-0.99241663930751189,-0.0068294168480679089,0.12272967485941276,0.11813957112613664,0.22273426904920438,0.9676944182567383,-2.1217591698603808,-27.012017975527208,0.54704698869848301,0.2090524628009308,0.1816985910290282,0.5,True,5
-0.86111883496727804,0.46828368638992851,-0.19795136050468801,-0.46343019909729533,-0.8831100870769294,-0.073137026652846826,-0.20906171966488524,0.028756967225997881,0.97747953134923682,23.077919040585329,4.7711123607697639,3.2191338883249241,,0.3218232261528476,0.25,False,5
-0.54278716496883583,0.82554039733186924,-0.15448348105294168,-0.83913582035075818,-0.54075030359306409,0.058653083194921317,-0.035116499674017018,0.16146876334805349,0.98625284279108472,19.343391678162526,8.3325474052118906,2.1512622126438554,0.5449506406080122,0.3469670734590251,0.3793103448275862,True,5
-0.78727594015149205,-0.55127567848319559,-0.27620955879816556,0.55951181728704802,-0.82694828529265541,0.055705114376350916,-0.25911989575239075,-0.11068721590332725,0.95948174545472231,7.4610762217307878,5.453568541735466,-0.053982176614673631,,0.1211931248615359,0.2181818181818182,False,5
-0.82054199831201502,0.51792882160493181,-0.24178619637409235,-0.55042880735019117,-0.83001723772030844,0.089997295104876765,-0.15407451783202408,0.20693264807196252,0.96614694644073362,-8.2106169558220863,9.8168374559104592,-3.6584360894492849,,0.073928680969536,0.3013698630136986,False,5
-0.58448934631699401,-0.75739260741889469,-0.29108184805848036,0.77327876288335262,-0.62861984395345705,0.082927960673842269,-0.2457888502668989,-0.1766169018388063,0.95309722015612686,-1.4933146145347933,10.552826309457725,-2.218413476888589,0.2318652395803175,0.1845076148590755,0.6119402985074627,True,3
-0.94520969164149693,-0.1321092613448698,-0.29853941430554798,0.14294761322509292,-0.98962164273928521,-0.014662335941057772,-0.29350403523671681,-0.056534478762186459,0.95428467136953032,0.75791465418886905,16.420106149979915,-2.216619313095392,,0.3638499610391056,0.2391304347826087,False,6
-0.9328232078697537,0.26598402431287094,-0.24309126201884118,-0.28449842708562234,-0.95767284554071797,0.043856195682608734,-0.22113685320495483,0.11006915882423386,0.96901149241396323,0.33150802941626778,11.130493106675047,-1.8787859865364762,0.3760068742604632,0.4488425203886027,0.8414634146341463,True,5
-0.94406644677166118,-0.16145537231608872,-0.28752514121412731,0.18086694027367511,-0.98260631462555403,-0.042094897244510793,-0.27572757206338561,-0.09174417261199902,0.95684759120550145,7.4573792905084346,7.0792042242445143,-0.18034136455823999,,0.229027379900151,0.2083333333333333,False,1
-0.93647508657934364,-0.22542037940967591,-0.26870069736234692,0.21129608952305162,-0.97407890557934318,0.080772818804459606,-0.27994352067601114,0.01886632587838305,0.95983107210559337,-23.830361836231383,12.943204747789602,-7.4999862584067625,,0.1019546217077477,0.2857142857142857,False,5
0.88644619314473017,0.44679171335677448,-0.12079036192897769,-0.37572088428312589,0.84706785688091768,0.37591204151061014,0.2702720181090178,-0.28784233655750985,0.9187490547001349,-19.267288511865083,-17.720966719503899,-3.7144162927840556,,0.229133357627496,0.3043478260869565,False,2
-0.96546607070107182,-0.074980678080469196,-0.24950584009121865,0.091900612801432482,-0.99414381600800528,-0.05685376381349723,-0.24378175422240456,-0.077820119555503192,0.96670289401688081,16.142100084769439,4.070568454676363,1.7938561634852417,,0.2507935073012442,0.3,False,4
-0.39458261539418765,-0.84869985123577762,-0.35215496892852599,0.90007627792761458,-0.43410071746975532,0.037673080630801631,-0.1848438625993673,-0.30210119100164462,0.93518319962172847,-16.99535170803858,-29.59777672584973,-2.1636086133777641,,0.2342062475800655,0.35,False,2
-0.054115741534964373,-0.86054864319822733,-0.50648545804180012,0.98848314968468953,-0.11795702351256113,0.09480086177611223,-0.14132427005846288,-0.49552212190148298,0.85702116508210879,14.039162971693242,9.3800031899229257,1.0473971326008997,,0.4443071100389059,0.2777777777777778,False,4
-0.46373616308136945,0.85534656812666476,-0.23093509790524691,-0.88575083680784816,-0.45343451389249151,0.099209861935576765,-0.019855128928464777,0.25055815693171157,0.96789792016008447,-12.097316363024056,13.789975245535116,-4.9620271636063062,,0.07833370309495397,0.32,False,2
-0.68705691884118314,0.71719064612052164,-0.11657773110542138,-0.72635299090570682,-0.68213589827833487,0.084273061427375034,-0.019082003951193305,0.14257697358703009,0.98959975936131306,5.4796495603914037,6.3764454893986464,-0.53501726199147837,0.7649751157584229,0.423469445680568,0.1886792452830189,True,5
-0.15033828413669442,0.97119113890484554,-0.18489502977512745,-0.98537439489717682,-0.13202289190182656,0.1077369848051393,0.080222828445890515,0.1983878215178273,0.97683497586314616,-8.8879322354926984,13.11766972504596,-4.1256562507539423,,0.2452915793583604,0.303030303030303,False,4
-0.37982562615730403,-0.82774993800872754,-0.41299217164585711,0.90127835714433002,-0.43171122481343677,0.036369510765212928,-0.20839821654090668,-0.35840683377501525,0.91000809053872667,-9.0092069157192025,15.961917424819298,-4.4113887443039781,,0.1746277204546804,0.1219512195121951,False,2
-0.90266777740493609,0.35478982341312054,-0.24354684320951389,-0.3675298304186928,-0.92998206579153975,0.0074283954193920809,-0.22385867726590308,0.096216103166708269,0.96986068798780234,-3.2872135907252966,13.110573143630662,-2.8967410310414503,0.6368493920939626,0.4292413122656246,0.3023255813953488,True,3
-0.18126774257834757,-0.92616385222118269,-0.33070005191921253,0.96651416133102164,-0.22988311757140933,0.11403564443734934,-0.18163805065883595,-0.29895529949219757,0.93682087266370673,0.17020489522391069,-28.152168759296337,1.2058867764122858,0.5603692136966112,0.5298737746586509,0.9852941176470589,True,6
0.94286103295206825,0.28162217265095246,-0.17805062317193981,-0.18649713412937138,0.88891051618217298,0.41839803200095743,0.27610123415531895,-0.36128526968601971,0.89064081559616926,2.2240109384444962,21.41582580853451,-2.3596041625279072,,0.3634375718952519,0.25,False,1
-0.33465023426372126,-0.89561700011517775,-0.29305188928230341,0.92034046203741349,-0.37743857901604888,0.10253561823633625,-0.20244173147846356,-0.23539394251984647,0.95058247258245099,10.804876681674811,7.6362829748103112,0.45581771719357439,,0.07240652038943765,0.1666666666666667,False,5
0.82361890114659386,0.54413912801440678,-0.15988907103926359,-0.49209775518992327,0.82579862433214091,0.27549306958285225,0.28194273356679317,-0.14822024630550706,0.94791299894769843,-29.469824261888085,-26.464046085123783,-5.132273041308121,,0.2698138680196998,0.1428571428571428,False,1
-0.51874042816512378,0.83031628385014,-0.20367434045642641,-0.85432840376476094,-0.51239811812442737,0.087012338569327802,-0.032114587150112311,0.21914159193508076,0.97516440458844611,1.1908275224049707,-26.340669357719687,1.1864020822494039,0.221626951893605,0.1170770384017812,0.4210526315789473,True,5
0.49767717275812251,0.84259699391605836,-0.20578565926493445,-0.83318150608489028,0.53036251338739926,0.15660198693348118,0.24109336289826669,0.09351957141167086,0.96598554861311525,-10.345334295415858,11.07285233036683,-4.3053217090185605,,0.1015752803655501,0.2264150943396226,False,6
0.5853438072481153,0.79251254591070097,-0.17116218008198952,-0.76905049261315339,0.60955834054999392,0.19235376075710775,0.25677610310881027,0.019039276248736803,0.96628336363210598,-16.079891237360254,13.856409030040066,-5.7943788635212172,,0.06796502091277626,0.2666666666666667,False,2
-0.96239890999499966,0.10291115738177074,-0.25139139151287787,-0.1180481148817924,-0.99194870863298379,0.045851957583192299,-0.24464868814954188,0.073804153864807071,0.96679882408855256,-7.03528669895395,14.295643169399586,-3.8079571783230355,,0.09104171682245663,0.4,False,2
0.78787511385937048,0.61098714747613592,-0.07712010490178009,-0.54883203403720915,0.75343172850420614,0.36211052028040652,0.27934960779579848,-0.24297188335719394,0.92893942780043226,1.6194130150321946,19.363582528187713,-2.2948329168358224,,0.1629858880255525,0.3333333333333333,False,2
0.1350483956207148,-0.85615030796199365,-0.49876706087797551,0.98527026764381842,0.062741263492948632,0.15907870238465663,-0.10490200444866948,-0.5129036790976369,0.85201255004299037,6.5422868302481323,-33.036882849282414,2.907967418710105,,0.3551063110217262,0.1923076923076923,False,3
-0.95648600384468074,-0.13134048394111572,-0.26054596854940748,0.11474800907548839,-0.99032980244930202,0.077972923466675045,-0.26826743906491318,0.044682878811037753,0.96230765427627807,4.2210240988694467,7.2305918544275452,-0.81218930511544174,,0.06939518521075574,0.2285714285714286,False,5
-0.66220438311607999,-0.64007266450320899,-0.38960536333271178,0.71108122380625272,-0.70076817567331817,-0.057336350718295223,-0.23632360891805498,-0.31500944131764036,0.91919541107900149,-20.543724870314851,-22.090311697055977,-3.5902871656368016,,0.4745211718684706,0.1111111111111111,False,3
-0.93240515903135035,0.31710355653963496,-0.17339536857032184,-0.29113206585109386,-0.94328416327566977,-0.15955283622234642,-0.21415587697982427,-0.098286935770910133,0.97184203377491762,-12.136075591889448,8.8516464202093008,-4.5186507295025002,0.7306128791243145,0.3109661448602807,0.1733333333333333,True,1
0.94962224376044813,-0.068700441936089346,-0.30577417064421675,0.16281248019144459,0.94182759691849582,0.29402869583875968,0.267786650991574,-0.32900004097342805,0.90556572516311595,-18.836232629471631,11.748028311973476,-6.2259674458621026,,0.4578083447517012,0.21875,False,3
-0.96600835211492686,0.090003538627503848,-0.24233701054261286,-0.070779254023869531,-0.99369808530060955,-0.086916123186245448,-0.24863258202421418,-0.066809268102782246,0.96629103320456322,-8.3847962652259191,7.7613393247677598,-3.5478044517959355,,0.144784229888044,0.3791208791208791,False,4
-0.72039216352805913,0.6565023491324079,-0.22369576730683194,-0.68507564717922254,-0.72386022444321418,0.081839679318706976,-0.10819652660474632,0.21220518620582651,0.97121700488511764,-6.1209962256108357,12.309726925884705,-3.4448069702534081,0.4880904701355553,0.4323775473475366,0.7303921568627451,True,5
0.93670525559424167,0.26591905604171745,-0.22775056482038891,-0.19166214976743615,0.93382706268000493,0.30204740911478922,0.29299980288158733,-0.23927823269222381,0.92568733537357784,-5.276587502496735,13.861628717517766,-3.4231087508626943,0.6142707836890667,0.5257108125987497,0.225,True,4
-0.64483886281639102,-0.70606619946678517,-0.29266595800023171,0.71747721243324325,-0.69117287233186009,0.086640118833878635,-0.26345643025116294,-0.15411224001699561,0.95228153759077894,10.805875235621341,5.5452713658451112,0.61054705786631336,,0.081636445059697,0.4137931034482759,False,5
-0.33421036056448716,0.92580238806143422,-0.17661645775833362,-0.9420883945854801,-0.32261955532506154,0.091575538814751029,0.027800929457627896,0.19699380899308794,0.98001048338254348,-2.5300505438746894,13.184520674807366,-2.6700861788224786,,0.07501331568534926,0.275,False,3
0.96605615653204269,0.12426982460573985,-0.22647850476148132,-0.054877039863158221,0.95540512781857156,0.29015435932247557,0.25243615613139692,-0.26787693523414369,0.9297945658300909,-14.485352138533392,-22.416580740326438,-2.2835009325704858,,0.3377455569829089,0.3928571428571428,False,4
-0.24719865631657653,-0.85449727691630384,-0.4568667508780872,0.95131021072396416,-0.30361933428467253,0.053143041132947745,-0.18412416269356119,-0.42148511668996491,0.88794627603320742,-8.1261589740800151,14.94032790104291,-4.1512060029587312,0.6694547826661286,0.6473912435787846,0.291044776119403,True,1
0.90235056370896238,-0.22791817210444493,-0.36580974153060219,0.35995088011253529,0.86533795707765837,0.34874859705363026,0.23706291165074464,-0.4463670315617323,0.86287754001042216,13.4271209264519,-30.40062334731061,4.079087036174653,,0.2751075996044759,0.1538461538461539,False,4
-0.94092771613187187,-0.05329639061092898,-0.33438679364279367,0.093392366263799723,-0.99007806937307941,-0.10499182096775712,-0.32547334597246086,-0.13001888822138347,0.93656937263993845,6.3160423389178213,-29.196108600722564,2.5181186386787879,,0.518371791871113,0.2142857142857143,False,2
-0.88239936465953195,-0.33875509033193218,-0.32652159197005615,0.37565113737094075,-0.92510353756655617,-0.055404582606160518,-0.28329769543780958,-0.1715471758906244,0.94356450876640008,-24.195000399508668,-26.816068895619772,-3.9286906442290896,,0.2216252487142132,0.4,False,1
0.62809744662066602,-0.69499277992648034,-0.34996947495269393,0.77604041434786997,0.59245204260713791,0.21624489013481546,0.057051492946179269,-0.40741331968983868,0.91146010010966427,2.4519324194258227,9.32588614389676,-1.3205899705678814,,0.5090800976080585,0.2,False,2
-0.96222491584918446,0.12891287638532184,-0.2398013378217359,-0.11607644403814248,-0.99098024822817221,-0.066965713324741577,-0.24627113200391876,-0.036600791298743607,0.96850963424109293,18.567442403834342,3.4927989361804181,2.4020120262244729,,0.08825833742794276,0.2,False,4
-0.96619942624338406,0.079111304521076231,-0.24535702603334875,-0.047363692584371536,-0.99002370657461747,-0.13270169948056032,-0.25340747690573179,-0.11659529114518022,0.96030734076702862,-3.7549026006567217,8.8300509935493885,-2.5267529949409191,,0.5553139800185432,0.2376543209876543,False,1
-0.95658728426533635,0.042268144625718741,-0.28836465028114516,-0.043193033249336779,-0.99906175512898876,-0.0031577392713127428,-0.28822756540724809,0.0094346906935638773,0.95751546052840664,-6.2892038362721054,21.253271066229658,-4.3114961116656723,,0.2405225063393854,0.1333333333333333,False,3
0.022999329971022879,-0.90054873306456185,-0.43414630045262242,0.99690531809349658,-0.011994035141326506,0.077691247112755324,-0.075171920141703152,-0.43458960238004235,0.89748596642252199,19.664294100544797,9.7079044644654875,2.1571466741098506,0.6199668772872616,0.4270443324049671,0.3571428571428572,True,3
-0.95311665819100455,0.13053201019401944,-0.27300188679480286,-0.10708022909710775,-0.98929197432749294,-0.099172647780142842,-0.28302378065336642,-0.06528999805423305,0.95688805810228161,-20.860795710375736,-19.672983537231346,-3.8657220615157564,,0.5096640003372249,0.3548387096774194,False,3
0.92732261701261498,-0.27385559724970054,-0.25509973702825828,0.33326211861076621,0.91439259343146295,0.22983155870495353,0.1703206513489785,-0.29814308130945238,0.93920262925066744,8.3055063020121853,-30.443709483579923,2.9649526899245151,0.9728709399565281,0.4886784925954717,0.6136363636363636,True,4
-0.022285520772135369,-0.93840699457376875,-0.34481251151740755,0.99150142779075878,-0.06496301768752917,0.11271523864064278,-0.12817282962001741,-0.33937017969756472,0.93187960964882199,2.9876572621338386,-31.234403040018208,2.0695220987708898,,0.5086177088280984,0.2727272727272727,False,2
0.56908241122223502,-0.73397789661939228,-0.37070427096495895,0.82069170116342183,0.53500011102672529,0.20059913470122911,0.051091495172655987,-0.41839135803164718,0.9068287217801706,-12.678566853602437,19.789110503875836,-5.5786556404776624,,0.07423618633861395,0.3333333333333333,False,1
0.89869015689659482,0.39081541638373368,-0.19904600527009306,-0.32793759353302687,0.90013505161945051,0.28672953038327886,0.29122660703469427,-0.19240633867639939,0.93710557793249838,17.314129778338962,-31.349229234187248,4.95228768595695,0.3620377452033396,0.3922464315252424,0.6,True,4
0.7980232259538127,0.58899492603257331,-0.1274515905987646,-0.53856145117467868,0.79194663169113533,0.28770140052090581,0.27038952299764757,-0.16095188616773135,0.94920176790404032,9.0864924581810609,13.874555157243956,-0.25819476927206164,,0.3565277064618843,0.46875,False,4
0.92932569628282324,0.30919046564955932,-0.20187869174297227,-0.24190088187409819,0.92282344523698423,0.29980135468252289,0.27899411029084281,-0.22977846912265515,0.93239698709866581,15.185137630176589,-28.939881322946832,4.2907986116175758,,0.3869051688844303,0.25,False,3
-0.46575607155512944,-0.81628930322912086,-0.34167682866013849,0.85429565799810525,-0.51545944348854289,0.066936468715238312,-0.23076007136226495,-0.26071696445033665,0.93743077286415355,-13.216440467504039,18.759400812415318,-5.5894932660698053,,0.09323830893468568,0.2666666666666667,False,1
0.95159422105881264,-0.089847137070557845,-0.29393184653537796,0.17784945940823085,0.94091925235098506,0.28816753867058637,0.25067510493799072,-0.32649418450485174,0.91135258777755146,-3.3834715534145428,-29.546687380801131,0.57050351361045937,,0.2952209843257253,0.3478260869565217,False,5
0.86034550089815998,-0.37582904078227897,-0.34432274277045261,0.46999153533131743,0.84636852925919437,0.25053596427766589,0.19726524225318126,-0.37737626420364712,0.90480582414929966,-5.9054582384930709,-25.629971254017775,-0.2671384676926451,,0.2850681348961092,0.1666666666666667,False,2
0.2130758880836072,0.96321541944262024,-0.16375201270628514,-0.9578101724017607,0.23901318280765607,0.15960066443428014,0.19286871068447495,0.12283629020827422,0.97350547314680091,-17.046719373362127,-19.797237649522703,-3.0501071957699315,,0.1340478670816525,0.2424242424242424,False,3
-0.015489746276690412,-0.947695946285524,-0.31879846479283691,0.99178705100792386,-0.055046455413140759,0.11544840059288557,-0.12695870672502146,-0.31439192282950756,0.94076522344646396,-20.051315864172381,-20.206344092430744,-3.6486416930423937,,0.1342487661452537,0.4210526315789473,False,1
0.96564979338839874,-0.010057890292338844,-0.25965229706630899,0.069123562697646676,0.97318911107160244,0.21937385252497466,0.25048435002795683,-0.22978640720140966,0.94045510124436049,15.367187584665995,-30.763129498980977,4.5124176907855329,,0.2071341893416715,0.2105263157894737,False,4
-0.49327631326026761,0.85942157540934738,-0.13443598661546596,-0.86923868135083826,-0.49289408907737292,0.038464682450820839,-0.033205325172543321,0.13583067648179439,0.99017545602114554,-4.9302143186757243,12.281980374367556,-3.16233792532966,0.5571578454340504,0.2326794722066755,0.3043478260869565,True,4
-0.87762538862255002,0.46709938508098481,-0.10766541553388517,-0.44405602594460908,-0.87682567224698471,-0.18436644572943392,-0.18052125378303518,-0.11399519702860067,0.97694276802022129,-33.209621622746468,14.718410238211048,-9.964444125405894,,0.3471658571612548,0.2142857142857143,False,1
-0.75414356480098976,0.65342948797160771,-0.065554465282066959,-0.65328678961319686,-0.75664425128095492,-0.026567791032857516,-0.066961587392609684,0.022789937530524274,0.99749524538276202,26.579948053848298,1.3224542147498091,4.1231853907388176,,0.18723889865665,0.1111111111111111,False,3
-0.49050882241836341,-0.75331600022359146,-0.43808229699096701,0.83900915536298737,-0.54410412170107902,-0.0037870786874825424,-0.23550951646767473,-0.36941265348527119,0.89892689307759299,-10.738490990170412,14.9259741175497,-4.778597181216842,,0.28858403502755,0.2666666666666667,False,1
-0.87800139990184944,0.4391592397382329,-0.1904014283636839,-0.44322927389269967,-0.89611301296402646,-0.023006059225468181,-0.18072452112246429,0.064192134635582515,0.98143671080512584,1.9438214044253597,-29.00201608119901,1.6485699209683626,,0.1223347139221565,0.1428571428571428,False,1
-0.39039353523714659,-0.79358676931583993,-0.46670432525517935,0.89714284655874033,-0.44174001625572645,0.00068622654600375421,-0.2067065565325025,-0.41843254845343947,0.88441313981715408,7.1278228296119766,-26.810189550765003,2.4326341781000118,,0.3002551947404227,0.3529411764705883,False,2
0.96311520130177364,-0.10865951824685466,-0.2461751777003649,0.16965422033474567,0.95530976052242522,0.24207582897347835,0.20886970710003488,-0.27491156859060811,0.9385078981612236,-10.430366072789504,-24.747137774798347,-1.1765453060816706,,0.1207810259920645,0.25,False,3
0.80266151968690691,0.57193542511832141,-0.16918733495339094,-0.5105624293625961,0.80551037255053881,0.30079734945118175,0.30831881314196452,-0.15505776087709261,0.93856091984192125,-9.7480854901606602,-22.68942432946454,-1.2734501443356947,,0.2148824516055271,0.2307692307692308,False,2
-0.27192954645258677,0.93893620766038244,-0.21083908487381958,-0.9612561206278295,-0.25474432803588259,0.10531855434386703,0.04517734301202278,0.23130958751829936,0.97183068607679191,17.029084374139863,8.2390675856994271,1.7353489563176268,,0.07152480166202531,0.4,False,3
-0.78730212467463478,0.61421896458685554,-0.053762701054327872,-0.60119357237057502,-0.78409761430538494,-0.15413377235671022,-0.1368270917001167,-0.089028056153411861,0.98658621123266899,-8.3148712573378596,-22.501067348709736,-0.96820767140605057,,0.5514848162458335,0.1612903225806452,False,1
-0.43271908211829763,-0.7755094138433315,-0.45971659205544413,0.87089983682871941,-0.49137517730963759,0.0091602039078756137,-0.23299714629670804,-0.39640330998150852,0.88801843767643462,28.305885974033529,2.5208336433442273,4.3135842725068461,,0.2824258967954366,0.2173913043478261,False,3
0.9249140678151635,0.29160848263722572,-0.24392306166417088,-0.25713131477101103,0.95242430496950159,0.16361977346119777,0.28003116633999714,-0.088613972698313212,0.95589231073426051,24.746511300103453,2.6244906220431909,3.5986510191992869,,0.872701362600481,0.5892857142857143,False,1
-0.77888138251750716,0.58734940882974196,-0.21991922134040456,-0.61288070722094612,-0.78723410047616416,0.068115415023602299,-0.13312036164302654,0.18783807653092405,0.97313710561317757,9.7266021642251772,10.493696942992457,0.072408042578982854,0.8166209994752808,0.784505464581628,0.8313253012048193,True,1
0.74818468386675896,0.63084801490835696,-0.20554916908950049,-0.56790202736561424,0.76908255774030343,0.29325638389242026,0.34308448834248351,-0.10267814502521455,0.93367565695639587,22.819307206363494,7.7601331225678738,2.9498656175803086,,0.1587518531528659,0.2142857142857143,False,2
-0.23707241857736502,-0.92789044579939994,-0.28777767276852795,0.95502252715742986,-0.27690679587631095,0.10608769494786657,-0.17812535185008121,-0.24968369388429493,0.95180324229148261,4.0916028170550662,15.468710024319822,-1.438096229906944,,0.07592364749792385,0.2105263157894737,False,3
-0.8922427355008179,0.39076313248641714,-0.22628980364881929,-0.39942704425318132,-0.91672900184808714,-0.0081224066493641722,-0.21062036289301569,0.083139109088401941,0.97402615533403514,-13.390570907131577,-21.647145559208742,-2.1695612091674761,,0.2957775463815035,0.2,False,3
-0.26065620804572098,0.96340230089398515,0.062564749175567758,-0.9641650923272217,-0.26308552328130708,0.03422984337448047,0.049436989642033108,-0.051400525989299645,0.99745374327993641,-0.78357462986762383,8.7559248965089793,-1.944785665014477,0.4625986290767948,0.3010056485214244,0.2767857142857143,True,1
-0.010863481055114413,0.99979154958628269,-0.017287051663805147,-0.99060604358309201,-0.0084037021983669573,0.13648825665974473,0.13631453039210584,0.018607395444367208,0.99049084480310001,-10.801440812778651,-28.50478412503805,-0.90046525130640143,,0.5033482734080618,0.6923076923076923,False,2
