axis_00,axis_01,axis_02,axis_10,axis_11,axis_12,axis_20,axis_21,axis_22,location_x,location_y,location_z,dbh,dbh_approximation,score,reconstructed,number_clusters
-0.47443001540664126,-0.84933535272671701,-0.23139926337358285,0.85780736369392596,-0.5050865713780871,0.095152941131660493,-0.19769341737582136,-0.15335258074812858,0.9681943496551495,-21.246508643235021,-0.96961304827901973,-4.0993618920627366,,0.1473000747929386,0.5833333333333334,False,1
0.84791019619209096,-0.48340584223060978,-0.21763981917564096,0.51755398639729311,0.84373145965767338,0.14232039610752928,0.1148310513657413,-0.23331527099881008,0.96559712818596954,-4.519111747876992,4.2391302313243591,-2.2343867866007687,0.4599768545258625,0.4278912660610955,0.967906976744186,True,2
0.73866192837435374,0.6536263853121681,-0.16477592055282261,-0.63538375366107702,0.75676668867392782,0.15359578281013664,0.22509118408734019,-0.0087594142068921355,0.97429832777692449,11.448024482648231,-10.801486275967843,2.244295964157192,0.3452071582626653,0.2527490941236479,0.7543859649122807,True,5
-0.90324182632955274,0.39180021911710866,-0.17506225026726713,-0.40576615657585374,-0.91253888185727394,0.051250514888495177,-0.13967114715113316,0.11732594512068351,0.98322255530221891,9.8442966373032057,8.6672944542630486,0.18872001216068454,0.1247933892597091,0.09406383243175194,0.1666666666666667,True,5
-0.76167869597012861,-0.55741046738998634,-0.33036212698994588,0.61067061209133622,-0.78799484328081915,-0.078393433977790444,-0.21662633180949425,-0.2614530508655698,0.94059307596848118,7.6966927496981183,13.484314944342199,-0.58170865096615942,0.9812509538370991,0.62448011576987,0.2162162162162162,True,3
-0.84571876702922477,0.51917174419067558,-0.12337125730322572,-0.5223287234643843,-0.85270878254657279,-0.007774111653949603,-0.10923585372318767,0.057865639216664183,0.99233013461217268,14.540526991480649,2.8957745517060238,1.4765547378449289,0.3231813830417397,0.1839904018649329,0.375,True,5
0.63590832898285654,0.76029320516636123,-0.1325701297732361,-0.74085901789683783,0.64949341800002436,0.17113215821574645,0.21621404378801254,-0.010608588619949177,0.97628835141894887,-8.4606918678571734,1.1857503484496461,-2.511200588402168,,0.08403148578262934,0.3990384615384616,False,5
-0.34186634217889922,0.93478449570575661,-0.096464245569822887,-0.93903890024705083,-0.33581512486389603,0.07371665846643273,0.03651503673872622,0.11578492346061839,0.9926028932010974,-6.5070506597067741,-0.93371480343319679,-2.0276787441039978,0.4114284923605919,0.3155705729512507,0.7220902612826603,True,5
-0.28147610781715043,-0.85210418750380867,-0.44123650615807142,0.9449763013657192,-0.32603822539687777,0.026811666065732986,-0.16670630037666095,-0.40941119820851102,0.8969902341699143,3.650453611398778,-9.0269873634376161,0.60706115573023156,0.655877411827443,0.4248073912467129,0.25,True,3
-0.63302624369901173,0.75590326568889421,-0.16699708892428139,-0.77281374680242843,-0.62964625481721281,0.079400922840037413,-0.045129674733054639,0.1793205139283362,0.98275503852331692,-0.82710256442515651,-13.223440765099612,0.38126397423272768,0.5250294943024241,0.4840433998966371,1.0,True,5
0.44824981509398604,0.89359109534916814,-0.023812970853746812,-0.87581993757855559,0.44435542904987563,0.1883817656085543,0.17891769115462702,-0.063586216954424679,0.98180713625707727,-3.3870698131273729,11.416168701323569,-2.6678602581664967,0.541149722259192,0.4014770758996448,0.25,True,4
-0.89575831192254785,0.42380472861858853,-0.13418866800960999,-0.42486032417779662,-0.90498895615584407,-0.022106428374900788,-0.1308080714681111,0.037209424027811716,0.99070919406368363,9.6332280467959723,-0.89675291124841194,0.81998576566296777,0.2415601993578972,0.1867349060016788,0.3,True,5
-0.18832268679185904,-0.95001813234320553,-0.24899822059328805,0.97040645722434515,-0.21901869158759577,0.10169621680551472,-0.15114851443792623,-0.22247777631571655,0.96314991856347221,0.92765525465938359,6.0866349146368481,-1.3887165645233446,,0.07685766391101549,0.3243243243243243,False,4
-0.78437974933686827,0.60903515200656677,-0.11757802707381751,-0.61425924335788662,-0.78903095220794461,0.01075817862012253,-0.086220593709565543,0.080661887395249071,0.99300537216180673,11.624110522724282,-8.7001123378406113,1.936652673080238,,0.2344834566825437,0.3333333333333333,False,4
0.89767313890192157,0.40246997918744543,-0.17944595717604633,-0.3748216187931947,0.91150258670692852,0.16932745941466917,0.23171467320655198,-0.084740487840433865,0.96908583724113173,7.4440803414786423,-9.1740478906836476,1.2957729277460557,,0.1246658679026417,0.4772727272727273,False,4
0.65463603184809016,-0.69091809808093241,-0.30673090413327375,0.75441908665850566,0.62287888007273495,0.20705975573414576,0.0479948694292925,-0.36695242539539752,0.92900075888284561,4.3905529846381883,-13.818967905671713,1.3865728548026264,0.1568462643343361,0.1147573663972369,0.103448275862069,True,5
0.71603782361545099,0.69526234334678794,-0.062450853284643587,-0.66203413091978058,0.70472917934527124,0.25508350255677198,0.22136089232142658,-0.14130483963145979,0.96490014905553234,-7.9783526824092341,2.6130473928968301,-2.6330313017920943,,0.09228847063663026,0.2816091954022988,False,5
-0.96578048596687738,-0.086400834453096542,-0.24454641426811072,0.14324715564567003,-0.96371753053220277,-0.22523049026350306,-0.21621356415592205,-0.25255379060849853,0.94311625875300853,-1.5286699212382033,-19.50357601451713,1.0648333322205727,,0.4439650818011061,0.1904761904761905,False,1
-0.16966722877228843,-0.9021261968219918,-0.39671319172447644,0.97460662740028725,-0.21328743310835219,0.06819378788048655,-0.14613334085064408,-0.37506905482262798,0.91540605788157781,18.613781090520845,4.4904504466722743,2.2884141627434396,0.5369735609365999,0.5284909315353463,0.5897435897435898,True,5
-0.47336954323271108,0.86604710353906711,-0.16088408868264692,-0.88083958717239885,-0.4640361930692441,0.093765842350828951,0.0065495961411260739,0.18609896822227268,0.98250917390983827,-11.897176962838813,-13.355288501746868,-1.2561740474219119,,0.07713424440152918,0.2666666666666667,False,3
-0.16074258125220323,0.98410962476006636,0.075432546205073059,-0.98368201530810062,-0.16599223528933266,0.069399355782641337,0.080817790935991438,-0.063046207485085798,0.99473295933631101,22.814509346683863,-10.224666835459461,4.3533423185150637,0.7990163929689826,0.5402615081069884,0.5740740740740741,True,4
-0.50339473441510074,-0.83520284466802763,-0.22142707517732557,0.84020100608579118,-0.5329517416809969,0.10012347582668829,-0.20163335719958522,-0.13564162081613043,0.97002337083536216,-15.574770212039654,0.50400608049957762,-3.3396463263590932,,0.07392581102846217,0.3076923076923077,False,1
-0.45970849481736026,-0.8505960039303252,-0.25525386949176726,0.86732908494597416,-0.49178270201095009,0.076746546564583559,-0.19080974346069904,-0.18610806565157825,0.96382333946625898,5.5536392122451481,-16.197183265697547,1.9427710417360993,,0.1134571662352736,0.3809523809523809,False,5
0.30813537373458738,0.94505834812427048,-0.10916643300058254,-0.92631585457561882,0.32419467939319963,0.1919290166050493,0.21677529613700675,0.041982478413797958,0.97531838006414484,-9.599737631407848,21.23967794094435,-4.5605141553471213,0.8696379847764892,0.7055604723329563,0.9329896907216495,True,5
-0.1422398504731284,-0.95970350833975493,-0.24235717653444522,0.97939188625798612,-0.17192376935024983,0.10598938939548015,-0.14338534816851645,-0.22228673737487872,0.96438024052643545,-13.403117974011924,4.4709807577864886,-3.5851925948989662,0.4160563902336711,0.3851250801582993,0.7894736842105263,True,5
0.82274590803508196,0.54565138580269323,-0.15922856522348069,-0.52112375298918212,0.83596367095764401,0.17203131955981013,0.22697842382481592,-0.058560276729366367,0.97213758753963542,-9.4424249670212088,-10.677520549044683,-1.1660234524426958,,0.07388424067574216,0.2142857142857143,False,5
0.81896208227233636,-0.4631697165143262,-0.33878447648054644,0.53557000546163935,0.82892445728566633,0.16139706739431098,0.20607250435217883,-0.31362088230489826,0.92691750718837917,-14.21490367231641,-1.4060610384544678,-2.9087234660623209,,0.1674872355615577,0.2826086956521739,False,2
-0.51557140555325343,0.84584181700469008,-0.13688588817714908,-0.85681862235194639,-0.51022448780763852,0.074382931055085283,-0.0069263386255116466,0.15563609044060855,0.98779017670029867,-16.568081687017894,5.1913467394224417,-4.0291386916881393,0.2181084546306086,0.2339460342584558,0.773109243697479,True,5
-0.11577109344621267,0.98026580071125202,-0.16023736729675858,-0.9895921313755579,-0.099950041411640239,0.10352488947780956,0.085466177180505601,0.17055482748295164,0.98163464862463568,10.885576818922095,3.8787342955121829,0.71181060914998107,,0.1311929376549351,0.5142857142857142,False,5
0.96732547254764123,-0.076487603755468508,-0.24172520892995183,0.147948494568024,0.94454089625209725,0.29317867975407197,0.20589481080284125,-0.31936208569432867,0.92499469463636974,19.708378407844275,-7.8205083656378749,3.329400243566226,,0.2196589293028251,0.4285714285714285,False,6
0.55078410880496054,0.83348221446476256,-0.044093805220720206,-0.8082586401728965,0.54580434092794705,0.2209425083818683,0.20821824145301926,-0.086052423528491934,0.97428955877146062,0.90357223905658823,6.9531119545032292,-1.4649143237761397,,0.09755048753648159,0.1956521739130435,False,3
0.94924266143183778,-0.25354262168959418,-0.18615721502152266,0.29076976247187553,0.93303232127142455,0.21190477270440933,0.11996380683294144,-0.25527793960627598,0.95939661173079205,-15.896928856459439,8.0920410744621041,-4.3531876736048449,0.5443670674871365,0.234801247850416,0.8363636363636363,True,3
-0.69467407810382853,-0.63399188508181514,-0.33982674241589994,0.6893242907970113,-0.72174222897560814,-0.062611317112153661,-0.2055722435733818,-0.2777452872034506,0.93840162409731553,-8.9457411536430023,20.172112144224833,-4.3873628772983633,,0.3634881725665597,0.4444444444444444,False,3
-0.34463035588062096,0.93504217686018509,-0.083222865236445037,-0.9380666883513421,-0.33967437525807898,0.068207089063972881,0.035507830279296992,0.10157483096516018,0.99419401914478278,15.174603965332599,-6.0174883550012641,2.0902564717684604,,0.1785362537691856,0.5217391304347826,False,2
0.50282021929501397,-0.73262118905748608,-0.45873523999373444,0.86438399176235714,0.42830500531747928,0.26342956782595106,0.0034845161912836486,-0.52898111097088263,0.84862644454608172,-9.1856966811121783,34.121133763588738,-5.5553396718016117,,0.5716646850805263,0.3125,False,1
-0.10275343867414218,0.98227371912764661,-0.1567803289694891,-0.99049447470805763,-0.086549421206201516,0.10691067889449474,0.091446303443329796,0.16627548947458684,0.981829942091062,-16.865598408953872,-3.6076162629296196,-3.0422078913693542,0.2028152828879331,0.2065969534155226,0.7413793103448276,True,4
-0.7153699116435065,0.68651264964018932,-0.13017784527010873,-0.68612089836113876,-0.72540131476748082,-0.055054930439646668,-0.13222708628441263,0.049933099419294857,0.98996095035870868,-6.0715117033857009,-15.880986598862261,-0.053650648396552966,,0.4320289210570698,0.25,False,2
-0.6775569662235027,-0.70168800402756482,-0.22034178570079921,0.70103013808423975,-0.70676891751787552,0.095049685576566165,-0.22242594951937772,-0.090064655855803144,0.97078064192997837,7.8632963575414578,2.7286526001144025,0.24351097307952016,,0.1055402598183625,0.2564102564102564,False,2
0.71240337310372692,0.69790110951000184,-0.073589913270369872,-0.6710403410636594,0.70814336337582406,0.21963113980477325,0.20539302484651248,-0.10708416433574258,0.97280351926425301,9.1122451107135891,9.6850210185402652,-0.059216442380533953,0.4032441163026135,0.3401201124028613,0.6825396825396826,True,5
-0.75500453516538646,0.64515758044713301,-0.11721709888620864,-0.6506526641038054,-0.75928308203626993,0.011845337822255414,-0.081358850620685513,0.085210901445199771,0.99303566889642858,16.354591282387318,2.618143998698415,1.9105412050894859,0.5644605034729433,0.4399869462337352,0.2142857142857143,True,4
-0.70171911345695615,0.70483939625415704,-0.10388316176002656,-0.7108188215257164,-0.70249881355594623,0.035100141271523194,-0.048237835502603021,0.098472546633894542,0.99396995366331897,-5.5259762714856278,16.332613573546713,-3.445796350567718,0.548166483529532,0.246980730370667,0.2439024390243902,True,2
-0.21763288660971225,-0.92438182887625919,-0.31329564489361572,0.96173391368362771,-0.25783621461717432,0.092673435798287823,-0.16644460320688423,-0.28113825935875186,0.94512299368285102,-17.904196063945751,-2.0001907358170143,-3.409594687157981,,0.1001139658882705,0.3043478260869565,False,2
0.54179456760774214,0.82828560339554291,-0.14283418959906644,-0.81977054117580161,0.55825770984370471,0.12776771587688548,0.18556644721251264,0.047867406528287679,0.98146513186214746,-8.96236201591765,-9.3992497580234584,-1.1958972217286585,,0.1148666369580139,0.3148148148148148,False,5
-0.39231310737657465,0.90603347767602538,-0.1587254330938255,-0.91920107560637698,-0.37977427806819353,0.1041195482215577,0.034055959604965644,0.18674805232737685,0.98181737434581762,-17.10308996979229,-2.3515980212357275,-3.2195322143209388,0.327610818075589,0.3049888148202736,0.8426966292134831,True,3
-0.77751818629201241,-0.57642392232919581,-0.25139795494753825,0.59036062420371327,-0.80678279616249127,0.023996941597503818,-0.21665595624164474,-0.12975739509891915,0.96758628299607552,5.391145864896111,-19.189262156424356,2.212464957873475,,0.1459886248992509,0.3125,False,4
-0.27509239272042407,-0.88582722335559017,-0.37367673974904775,0.94683012660297561,-0.31706771025857955,0.054596506008853379,-0.16684389957186108,-0.33878931133302764,0.92595081710755456,0.48186270780698148,-4.4090577533664543,-0.62639936453242628,0.9387164808460771,0.5984923563302302,0.3773584905660378,True,1
0.25051188071960279,0.95180741650155032,-0.1769362583275981,-0.95385255989630924,0.27391884047293719,0.12301935950580502,0.16555691346961157,0.13795329182953397,0.9765038646497054,0.14593615587741768,-15.563012578948408,0.88155147461833816,0.1856889077221205,0.1567529852976574,0.1666666666666667,True,3
-0.74819287400381607,-0.53848656263368677,-0.38760759171211512,0.62342783944483082,-0.77048832994395466,-0.13298670018210668,-0.2270355749548065,-0.34114506486703222,0.91218139227996131,-5.5460503414378977,20.621551804410668,-3.7638327851158082,,0.2276813682961173,0.1666666666666667,False,1
-0.947898306185467,0.2768785542468038,-0.15756607289934987,-0.27563787470592799,-0.96078964661229305,-0.03011672276702243,-0.15972652615743799,0.014883586961018193,0.98704909486856451,-8.2358896949086873,-17.231495645226168,-0.19981542640225833,,0.09375639855750478,0.25,False,4
0.91618867903466494,-0.3070267409048133,-0.25755171282304723,0.37851760299736642,0.8740613795771015,0.30453428206509614,0.13161583730632442,-0.37649871859163619,0.91702016677334441,-1.9279901851157446,-21.863732396106208,1.2696499001274637,,0.6383143755950811,0.2121212121212121,False,2
0.099645858172028895,0.99500189047117249,0.0064761800432171779,-0.9827701979036898,0.097398465258430364,0.15708684565438524,0.15567093839732002,-0.022017650285500817,0.98756355846821475,6.3513017975128836,6.855379195104315,-0.39120186405503599,,0.2546239138203855,0.2857142857142857,False,2
-0.84892970978998095,0.50187452786607067,-0.16565115790452031,-0.5156948208735388,-0.85520397535670434,0.051817103916559096,-0.11565984419887662,0.12941452319310762,0.9848221573596897,5.3207974214933529,2.0421433163002018,-0.20957799367222538,,0.06927696079245746,0.2702702702702703,False,5
-0.94124716246770901,0.30202182341923794,-0.1511178259670394,-0.30194012986505708,-0.95302360580333412,-0.024045056845087232,-0.15128098731684109,0.022996194470599883,0.98822327331241899,-6.6292606411446391,1.2069876614745745,-2.265696100429095,,0.4243550221065522,0.3125526537489469,False,4
-0.72055391274727043,0.69162096077505009,-0.049623637927856512,-0.69008765622813495,-0.72225985744626853,-0.046040471796616772,-0.067683716994251575,0.0010700178933656102,0.99770625412270009,-9.1795394288435013,-0.92004328623734266,-2.3715760424823791,,0.08021019364114766,0.1843971631205674,False,4
0.97719577713699957,-0.039203970052006917,-0.20868987008903472,0.083361845039510427,0.97473344980708665,0.20723297184276879,0.19529264178976513,-0.21990395757998202,0.9557735262620729,-15.967911576578302,6.0064937101567191,-4.0644164281839199,,0.1004812714142326,0.4516129032258064,False,3
-0.80525399153959476,-0.5307300584594612,-0.26437022176706665,0.54654749685033399,-0.83727331220538814,0.016100756356580634,-0.22989528658975433,-0.13152568462561484,0.96428686161721577,-3.9305197048415303,19.651595164779732,-3.3529249507935983,,0.2171152785881991,0.1578947368421053,False,1
0.95154500125144326,0.2758952145727393,-0.13580847237655028,-0.21212234448101136,0.90864579166982939,0.35967615469000325,0.22263472677295698,-0.31344003550371508,0.92314090071784816,-24.531778672089018,-7.6531675076070522,-3.9632254248679053,,0.3272192642584194,0.2307692307692308,False,2
-0.14495754263252206,0.98940513443609768,-0.0080492723540155353,-0.98677062295628393,-0.14396505653908917,0.074550655035119068,0.072601986917776709,0.018749465250652381,0.99718474168451188,-10.446935849149545,8.5433172903436638,-3.6007434860969738,0.2648072043253213,0.1561258692338419,0.5185185185185185,True,5
0.80478311614366715,0.58853474126049621,-0.077142687920044112,-0.54724733817919757,0.78601847564091021,0.28756791685951832,0.22987928750949205,-0.18921367360891347,0.95464846875357634,0.95606229281046506,-11.177214497459897,0.43166804229271155,,0.2378343454199809,0.293103448275862,False,1
0.33510073543574831,0.93164778390395497,-0.14049876816993728,-0.9265605751260424,0.3529022065789435,0.13017500994357589,0.17085958484240213,0.086558877872589479,0.98148589543045395,0.69235166564373773,10.315640989546061,-1.7106230442925909,,0.1884303311795198,0.6666666666666666,False,4
0.83689308515866778,-0.48806461473690632,-0.24779607715886723,0.53558590525093075,0.82358029066999705,0.18671701292722517,0.11294999827423269,-0.2889782633030375,0.95064917883949851,13.172627424424391,-4.2707376354122815,1.6556135068459104,0.2347446118918441,0.2262310970446967,0.6666666666666666,True,6
-0.97706298075515374,0.12179166134024771,-0.17468463832242404,-0.094260547807104897,-0.98291820302663735,-0.158071993996377,-0.19095256155641949,-0.13798042392625318,0.97185313800397499,-20.933009034040655,-2.1181645488492928,-3.9415512580844361,,0.1316922187769423,0.2105263157894737,False,1
-0.97782893498854107,-0.055872136708508595,-0.20181396938467994,0.047195591627681076,-0.9977529978024744,0.047555562314920231,-0.20401752383089045,0.036976475167338978,0.97826866977027882,-12.678072410623756,-2.1145972273333595,-2.6393026654854492,,0.08248543530392441,0.1739130434782609,False,2
-0.53852291280856002,0.83730416119252871,-0.094418292877280277,-0.84240358163139495,-0.53748503919132118,0.038288879587968463,-0.018688981641116917,0.10015774705523189,0.99479603319979037,-8.4386051005202525,-24.174147257473823,0.56410021990297787,,0.2079490122617303,0.3333333333333333,True,3
-0.95741976803607232,0.230348031217497,-0.1740321013146067,-0.23275158666760193,-0.97251276648578333,-0.0067541043731547401,-0.17080423495179584,0.034039734669834315,0.98471681705256786,-3.6848760472421631,13.607563911096094,-2.8688651778148109,0.6486842931383614,0.8798389147418275,0.8461538461538461,True,1
0.78671562444868037,0.59791403768633655,-0.15354911196729984,-0.57552927667407749,0.80036907379992561,0.16785528706497138,0.22325899296408475,-0.043682367635844419,0.97377988930681425,2.4975735682354481,-1.8048889799701635,-0.54059615393895843,,0.126371367076453,0.3818181818181818,True,5
-0.68993854394523513,-0.66053758170315102,-0.29609949128034779,0.67891006749581617,-0.7323860697421064,0.051882223357676477,-0.25112930102151354,-0.16522937997058113,0.95374699274125219,9.5877395215273342,2.061658132279018,0.59431166598907892,,0.271400135559279,0.2285714285714286,False,9
-0.94163995342644013,-0.28534754229279108,-0.17858045306952108,0.30356635204753779,-0.94908532411560464,-0.084169575577688449,-0.14547050565527722,-0.1334684519122088,0.98031857287748903,-16.158275921866853,3.5037281850999973,-3.8378477162249549,0.5539555892061165,0.2636368246593027,0.2978723404255319,True,4
-0.93780171530737022,-0.26931983949881055,-0.21907707962926912,0.2647736970746557,-0.96299117655378375,0.050427008804592777,-0.2245502885858148,-0.010715312962993336,0.97440358679765371,-30.197192682227957,3.2548857151399058,-6.1813114741520829,,0.5469892318650131,0.71875,False,1
0.56911238529966801,-0.78467974914650607,-0.24574129522304319,0.8220181291477402,0.55018704751557868,0.14690271644370798,0.019932090983431155,-0.28560795511586778,0.95813924234610148,-9.988208167781135,-15.42321760231617,-0.72136492217865222,,0.07040050748130486,0.2,False,5
0.67121231129509717,0.71757074461817261,-0.18592003559061065,-0.70682294076766872,0.69513198612516169,0.1311215171900936,0.223327928326122,0.043402169690102507,0.97377661098208435,-4.3527923030372708,-10.41120409465203,-0.49186469592354881,0.4070963597049972,0.3519836607110307,0.9695290858725761,True,5
-0.82499712867564889,0.54612479738728248,-0.14535282369336586,-0.55345654747375961,-0.8327865264024148,0.012347125213049245,-0.1143048018910888,0.090632814815056625,0.98930283793353146,-15.878218727384104,-14.65826345863127,-1.7447314882068679,0.4034303600179787,0.3478314966441939,0.9193548387096774,True,5
-0.56477661122941936,0.80939530746104882,-0.16095532196310786,-0.82500121982891728,-0.55849642807232902,0.086340761585989453,-0.020009165125314379,0.18155157969702246,0.98317783600959185,-11.382116068305491,-2.6762774779227878,-2.3831454331108537,0.3131989827681946,0.2648631172165533,0.7840909090909091,True,4
-0.93152902537484339,0.27725590423823898,-0.23533558687379144,-0.2928520672343643,-0.95557401262865727,0.033406183639071954,-0.21561850941130917,0.1000373427965998,0.97133989336660209,8.648244719163932,-7.2281416778913012,1.2015481218864796,,0.230434485327048,0.28125,False,3
-0.6056195285090844,0.77633908429722154,-0.17470722046036158,-0.79508300086280426,-0.59936135072367525,0.092784659279913584,-0.032680398214103401,0.19509894272200107,0.98023894746195694,-12.544609042068831,1.0789785651987229,-2.978900086515329,0.175742670233946,0.151063176130063,0.6349206349206349,True,3
-0.69523208386478885,-0.68103076899389203,-0.22989006339685758,0.68054580270283749,-0.72660004228120401,0.094391678555385883,-0.23132176721738404,-0.090826594346264403,0.96862829288168428,-14.988645994238219,-0.42464174297160162,-3.1688456313442241,,0.07371613399521079,0.3636363636363636,False,2
0.054688765423694614,-0.87255120908845074,-0.48545187861899824,0.99306541994885311,-0.0031417082441186871,0.11752106777559751,-0.10406829795014355,-0.48851255581365705,0.86632861673510986,-21.063156103846563,2.0724632360185309,-4.44390622137084,,0.3708353317612005,0.1428571428571428,False,1
-0.032774001599136432,-0.96724077345057358,-0.25173627270203586,0.99180514371016693,-0.062593332293403567,0.11137608209333277,-0.12348449995539129,-0.24602309023167226,0.96136580828715934,3.6701133873849736,-6.08048127335051,0.20219155507606976,0.5657423095320125,0.4219430906230963,0.8624078624078624,True,5
-0.30181826154802138,0.94353238321211896,-0.13657371206124716,-0.95260113191181195,-0.29273056259020164,0.082824520559786424,0.038168317705455368,0.15509822550784508,0.9871614457462633,-20.440587846044625,10.543144482598075,-5.2441302659271241,,0.2978422699790536,0.3636363636363636,False,5
0.97315016742447702,-0.057126678012878879,-0.22296926761534566,0.13334200814920574,0.92951996067147569,0.34382052233110566,0.18761306059133498,-0.36432016876987483,0.91217989131697086,-9.9833499333394791,15.661736450748453,-4.2160623508817769,,0.4152833771590894,0.1428571428571428,False,3
0.30423328636124225,-0.91252976837002764,-0.27337068114262175,0.95138366107942085,0.27658247506073552,0.13554063567946933,-0.048075325281847006,-0.30131637248549942,0.95231150721348712,-11.285878479408112,14.095804061864321,-4.2574838309979546,,0.1465397315906736,0.15625,False,5
-0.26426260336218188,-0.93348188881345251,-0.24243935266682909,0.95129408502527213,-0.29366729104778716,0.093803443244824772,-0.15876032331843135,-0.20584238005309635,0.96562108216106368,-18.006697737641666,1.8262833690938727,-3.8949359513616955,0.3420297149437207,0.3347307938927577,0.6363636363636364,True,3
0.60891595018171973,-0.73798124622949179,-0.29086946527241092,0.79290332583827372,0.57686343785006589,0.19629796215551143,0.022927744958819385,-0.35016032654395363,0.936409132925205,-0.29978292721235988,-22.640991474089851,1.6159725951906618,,0.2582096081702834,0.4705882352941176,False,5
-0.8118242630715079,-0.53129621749379241,-0.24221002284214446,0.53178425737759716,-0.8440584638460894,0.069071073649806983,-0.24113661997664437,-0.072729903661208309,0.96776210486858327,6.7155825414491277,0.039820161230270476,0.20720558668460792,0.3681367441734389,0.2226699681341638,0.7071428571428572,True,5
0.93905864156417984,-0.23669352681278247,-0.2492890733035972,0.30985620186912505,0.89684826918591187,0.31567755102553113,0.14885564103143581,-0.37368349765966846,0.9155340745761239,-15.827802213732866,1.6418702316324993,-3.5306860905514657,,0.2872263345953037,0.2307692307692308,False,2
0.95584668101039516,-0.17600063807121002,-0.23533146368460828,0.23452619853306841,0.93941212999556967,0.25000462439486282,0.1770722581406837,-0.29415748403825392,0.93921072714340581,-14.978841714916474,18.31175538566519,-5.1962208556745679,0.3245501885274119,0.339931847549691,0.3809523809523809,True,5
-0.96797910794634756,0.18115425637464916,-0.17378026923889031,-0.1753271769788507,-0.98331748946553099,-0.048446836055953194,-0.17965752862605039,-0.016427121127985306,0.98359205064875699,-25.407660019951319,2.920510135662989,-5.3016186188747749,,0.2356185296361862,0.1666666666666667,False,1
0.65395969242687568,-0.68756447516004882,-0.31558170602687519,0.75589086772735214,0.61097838982656194,0.23523265770579765,0.031075983771029381,-0.39237800608957268,0.91927894763767692,9.1614597741819015,11.905489860134049,-0.15079575118400379,,0.1763461040498074,0.3,False,2
-0.11357503608140894,-0.96008174365209897,-0.25562424901611569,0.98350168763187029,-0.14510644041780449,0.10802106912329004,-0.14080178125425516,-0.23913838348374905,0.96072248435248442,6.4220790731475104,-10.557180277967316,1.2565977691957921,0.1802720536903578,0.126041498074364,0.4230769230769231,True,5
0.0056561252613543007,-0.95781411355170398,-0.28733278985906413,0.99293136989637509,-0.028686452502506954,0.11517109931980102,-0.11855506283047523,-0.28595316281514821,0.95088142570631684,-19.324036688974722,-16.392292930554127,-2.1593839359240263,,0.2107051650145232,0.65625,True,5
-0.88727135852663841,0.44784456955729668,-0.11038468125756554,-0.44414115858064479,-0.89410918762164093,-0.057509928405568372,-0.12445146681713831,-0.0020005320818880651,0.99222367955942969,-1.6981586250746159,-29.677676239857938,2.4100492059826149,,0.3867152547598696,0.3611111111111111,False,3
0.65403567978276822,-0.65237616504814788,-0.38293951069087151,0.7549259241660895,0.59515718620731617,0.2754537578755567,0.048209735459428887,-0.46924754978887401,0.88174971416160419,-6.9023237563372613,-2.3578306195299223,-1.9239158343003429,0.6725158840948298,0.4688987346487766,0.2250922509225092,True,3
0.97004038976648599,0.22761176303649674,-0.084938375008596564,-0.18964420808709723,0.92795543245233025,0.32083296233589581,0.15184438271039563,-0.29511286096953859,0.94331950193435121,-8.6718515804189948,-14.503090180026737,-0.64344542062309029,,0.6937748107752759,0.1851851851851852,False,2
-0.72432686265215551,-0.57901751439579852,-0.37428507058577309,0.65158035169661421,-0.75234101051316882,-0.097087842611426833,-0.22537444691757441,-0.31420013036747102,0.92221723945806944,-21.9929936020187,-1.8508907544486326,-4.143283413962414,,0.117014210788874,0.6,False,1
0.85190170045964142,0.50967014627443596,-0.12041525962504318,-0.47016890297175734,0.84560017700754153,0.25278754582286866,0.23066143030924272,-0.15873462962255541,0.95999928225300502,0.60605052012777516,8.4689434437215656,-1.5935202945647045,,0.8229967877750637,0.3571428571428572,False,1
0.82026771626579909,0.56886017941461087,-0.059657102917146237,-0.52355562301297842,0.78872791053500146,0.32217664836946663,0.230326688127065,-0.23303729190725592,0.94479798757033251,-6.7574427101721435,-14.747638795785672,-0.29009313796412228,,0.2565083194763959,0.25,False,1
-0.042215060968245184,-0.95125736831753349,-0.30549518465770875,0.99125808900389378,-0.078132828873548416,0.10631397855675093,-0.12500115844181542,-0.2983365218571421,0.94623994320382987,32.738440853889138,-16.541796489003328,7.3051064462291766,,0.4163773800054131,0.6666666666666666,False,2
-0.87971963267527431,-0.42361423272131521,-0.2159730300792492,0.41609446307990355,-0.90566068267940958,0.081511506199513681,-0.23012771601857915,-0.018157909697920499,0.97299101981234914,0.78022205139542944,-25.250434334045636,2.1687162544942193,,0.1049610117807807,0.3076923076923077,False,1
-0.43266105022018209,0.89990812885736027,0.054495644218724909,-0.90142654224852337,-0.43283451789413407,-0.0091907045009924637,0.015316806202373037,-0.0531002799973537,0.99847171002085089,-11.349041917299061,11.269241399775948,-4.0195091674025694,,0.06849082443256879,0.1428571428571428,False,1
0.7989541091566168,-0.52511340877730273,-0.29313518960376955,0.59503002385053338,0.76094908623041502,0.25864214444194911,0.087244496549584466,-0.3810674429643362,0.92042164345175626,-12.978524644547692,17.960379821095433,-4.8581218319578898,,0.2135281174852892,0.2222222222222222,False,4
-0.40138671364974093,0.91550066106914352,-0.027335794984264444,-0.91564253737986767,-0.40181076004538691,-0.012118450903737518,-0.022078266372577787,0.02016563149791073,0.99955284875801931,-8.3035317033448131,7.3418080589849302,-3.1472013698000043,0.5393535326143626,0.4227143927264822,0.53125,True,5
0.94013943578845771,0.29414480634813306,-0.17209495685167953,-0.26679951728022727,0.94946587649469771,0.16532563912229481,0.2120279671515056,-0.10951430167141071,0.97110800577228573,7.7011510140950827,-23.657095721066398,3.2111786033188401,0.219822885518264,0.1540879371861471,0.3529411764705883,True,3
0.33847219463423756,0.9406727720756326,-0.023902078048332442,-0.92378698110369639,0.33701493200056915,0.18176509332644619,0.1790368314141052,-0.039442001523725317,0.98305144398093458,8.4513117475557955,5.983519871129233,0.10789232339429429,,0.1044964742149012,0.4166666666666667,False,4
-0.83864429384722305,-0.45083124154378018,-0.30565820788192061,0.48773700340559539,-0.87138193007285181,-0.052973082329076868,-0.2424631186519382,-0.1935063916014319,0.95066656220936385,-11.987893263026958,9.3855070261600329,-3.8867542093783958,,0.1574578701887392,0.4666666666666667,False,4
-0.6963756044664885,-0.6593475085272138,-0.28341115098543501,0.67736376735805959,-0.73432939883605652,0.044030224568739819,-0.23714835899586151,-0.16131087069392658,0.95798719136611554,7.2602950266965287,-12.769608187253148,1.8046496329448307,,0.1928517348169203,0.3684210526315789,False,4
-0.91027154010967737,0.37880111629534902,-0.16707913562067961,-0.38350857519143788,-0.92352680822909328,-0.0044053645498509375,-0.15597081785061354,0.060066203272566426,0.98593364645062687,-8.252974483482939,4.4642827704206063,-2.8467382035454571,0.7986424720599887,0.5563508178650132,0.5867507886435331,True,3
0.53815053533670365,-0.77016037048629349,-0.34241350009781396,0.84284348823142163,0.49317104167842141,0.215400041772771,0.002975846553512837,-0.40451863663153648,0.91452491325007335,3.12497659826463,-3.8802573262922446,-0.22042630277574451,,0.2217868009602174,0.3846153846153846,False,3
-0.96083613814869928,0.1967753757777114,-0.19512397883149563,-0.21534648194607292,-0.97335095423020168,0.078827740121137038,-0.17441275280478541,0.11775980378166517,0.97760565683324518,-6.0871172043834934,-19.609377431287498,0.40700673847740354,,0.09007309419119575,0.2727272727272727,False,4
0.96697666653159653,-0.1321848960758529,-0.21790658464777501,0.19232229030511802,0.93947496775022887,0.28354703599667752,0.16723714609869395,-0.31609166110500797,0.93387247456204736,32.771657874642059,-12.902295689819768,6.9930703219818122,,0.5366014779455038,0.7941176470588235,False,3
-0.19575058712659946,0.96640161368941435,-0.16658219802274007,-0.97797726627213866,-0.17983760375880892,0.10591932273746828,0.072402861093094253,0.18364737224579464,0.98032212480018455,-11.882562788067721,-12.308103770564788,-1.3827708867830528,,0.09279928445311726,0.3684210526315789,False,4
-0.91772383481124065,-0.30718144818057208,-0.25183828325542296,0.32412566416488253,-0.94560737531234329,-0.027735276897423486,-0.2296203755092871,-0.10708057549616269,0.96737181760809343,8.0843355897682159,-26.925582236776304,3.7547151430553884,,0.3329686310265521,0.5142857142857142,False,4
-0.49163718133909756,0.85076721075820194,-0.18570954478339863,-0.8707996159455812,-0.48056040915936399,0.10377727119949678,-0.00095435526741588506,0.21273656537439584,0.97710912540960859,3.3788067408573279,18.022101024543883,-1.7392667296390616,,0.1671924693282978,0.5714285714285714,False,3
-0.46694622003893255,0.88308302786748027,-0.046104159072204637,-0.88426371259758407,-0.46593174109541896,0.031389476308610359,0.0062381226735297723,0.055425432178684411,0.99844334205467877,-13.300131357624878,-11.343051442984747,-1.7191247650760637,,0.1863736457912556,0.2857142857142857,False,1
0.48528537815827566,0.87314711451051885,-0.045958874743986577,-0.84664415932487114,0.48238373125408007,0.22472116790029634,0.2183844528048208,-0.070143084073525208,0.97333867617073189,-13.30696890685874,-14.167938603645872,-1.4084700656998328,,0.4851951685432776,0.3529411764705883,False,3
0.88882763482536231,0.41419903609286257,-0.19602192242322106,-0.38610354322485985,0.90731306972182124,0.16645434034946019,0.24679847949280515,-0.072264458841872353,0.96636864524276156,-7.3626851003186102,-34.399244155626228,2.0348658740556815,0.3899502578501275,0.2824188119180856,0.25,True,3
-0.69726826064441216,-0.6395448212520991,-0.32372734562828542,0.69284717774421034,-0.71710953733671856,-0.075608860278405243,-0.1837927120149162,-0.27701323627281216,0.94312454423573577,19.590698465036315,-9.5768278336906807,3.5693716421262693,,0.3685954084014162,0.4705882352941176,False,2
-0.93517374385784813,-0.2802326621418964,-0.21660961166984455,0.27352229544573414,-0.95992957980846927,0.060997997531329902,-0.22502360474623895,-0.0022038324803394307,0.97435081999729789,6.4005915516517593,-13.615005552301527,1.706999802980895,,0.06778993820855363,0.2666666666666667,False,1
0.82311362452504189,0.5582197751158664,-0.10428156016688214,-0.52257637688049074,0.81644292018922704,0.24563161115651624,0.22225636424567635,-0.14768764586951166,0.96373775883785628,14.829189660113409,10.378406185902914,1.0420474092671568,,0.4179304543277579,0.3043478260869565,False,3
0.39271669231627238,-0.85696291016803272,-0.33374866317710095,0.91855189884125921,0.38330855633544247,0.096627945104695648,0.045122153220821512,-0.34451287528389241,0.93769657675195861,26.39694072760452,13.208495343810334,3.3709828063922882,,0.3333147396598622,0.3684210526315789,False,2
0.25378193517568426,0.96513473590118959,0.064106715213199689,-0.95339311177435304,0.23841042740093496,0.18493794236911101,0.16320632279327235,-0.10805280960458691,0.98065706877422443,20.999638567038819,7.8885809702989604,2.5519635124832836,,0.2712269712819767,0.45,False,3
-0.97806256224166743,-0.036862624638350813,-0.20502383092225365,0.032041939711500017,-0.99912757408156505,0.026784413553634229,-0.20583230660124613,0.019627470918576313,0.97839042510878649,-3.4576217532415003,-29.925125061570206,2.1597854434862525,,0.1265024556961793,0.4736842105263158,False,1
-0.95851461437228747,0.21962421504018684,-0.18170013264366788,-0.22737377120534352,-0.97354257052338933,0.022716327752781526,-0.17190375854705697,0.063087776523613803,0.98309156758193272,-10.428635694792458,6.4598852060065575,-3.3553543500545278,,0.07939594541709578,0.21875,False,2
0.70360842037668747,-0.61396918890390217,-0.35773876761081624,0.70777448962948442,0.65028672708235224,0.27601167440933333,0.063170108475005621,-0.4474025119031021,0.89209894615902863,-13.292825496130714,14.277008610027925,-4.5717727993787447,,0.4992157638446637,0.2222222222222222,False,1
-0.95393263222017155,-0.25024820576023477,-0.16549431621441651,0.26259266499026801,-0.96321463752949077,-0.057119649353266466,-0.14511245804135151,-0.097945890994540555,0.98455521783111888,-18.16497047288161,-9.4256763745855601,-2.6849456059543271,,0.3397545633957167,0.3809523809523809,False,2
-0.97838345297100104,0.0014150195738126268,-0.20679414080709915,-0.017994545247416789,-0.99676623538263476,0.078315185899467482,-0.20601459971050423,0.080343448524040892,0.97524505381231508,9.6390320645244216,4.4439220328340658,0.44440729424435138,,0.06967573934620809,0.1521739130434783,False,3
0.85500512405722462,-0.43518941420639634,-0.28209291305983386,0.50164839792112281,0.83199172323920445,0.23693597726945137,0.13158693969790564,-0.34409293254025541,0.92966925897159103,-2.784537462199776,-24.421465335612574,1.5048539016675884,,0.3702117735612356,0.59375,False,2
-0.047537359236803287,0.98899331043674121,-0.14011577851250653,-0.99314177164823569,-0.031796968697591084,0.11250944044411289,0.10681582693680786,0.14450323419570613,0.98372211239901786,8.8451683667137804,-17.24149415969115,2.7003389254565473,,0.1058021363820009,0.2727272727272727,False,2
0.97900626972247373,-0.043275520003905846,-0.19918321518762119,0.081855123173197236,0.97841409076354435,0.18975143163003452,0.18667207250788037,-0.2020720078678353,0.96141585226262749,13.724619565396718,9.4397667874541504,0.9034415411981489,,0.118279040307863,0.4736842105263158,False,3
0.6674199771206224,0.72905279015255064,-0.15176496074881277,-0.71127236743961719,0.6844565274115525,0.16003400076409147,0.22054975279321926,0.0011363337976970089,0.97537506390534212,-11.03089595875926,-18.160023200194104,-0.55229603613059586,,0.1625738138864788,0.2105263157894737,False,1
-0.25640353374582431,-0.83694396686718042,-0.48351010765782532,0.95261461237533696,-0.30350855668401433,0.020197928323801753,-0.16365398917118054,-0.45541997358944886,0.87510571903293199,-11.006524057530561,7.5794720630128403,-3.591974647534665,,0.09602557703661722,0.4285714285714285,False,1
-0.86305565630873859,-0.39240944238280773,-0.3180405062917433,0.44942064479751448,-0.88397120779615146,-0.12890301709891033,-0.23055588941356667,-0.25418444743183966,0.93927325552284946,-6.9710170117786969,-8.8673435628852868,-1.0558566368206019,,0.5138828364114948,0.2142857142857143,False,1
-0.39257774233840881,-0.86072633359975237,-0.32408778882951667,0.9007621303804485,-0.43099940452199315,0.053545287133074548,-0.18576948267396837,-0.27090531916080007,0.94451045910430853,2.1575961432281936,-8.7195042910400762,0.3293195243761618,,0.2514850829529762,0.1219512195121951,False,1
0.11925080738987524,-0.86716800228748003,-0.48352755944786074,0.98875601126200141,0.05946646694041656,0.13720528234321788,-0.090226354964171418,-0.49445262171250137,0.86450899923107472,11.836194129150506,-0.23803234157649997,1.2062405779003418,,0.3738278622898064,0.1568627450980392,False,1
-0.4452603666263511,0.89298736069472129,-0.065702203549381444,-0.89516777757330812,-0.44226915404144851,0.055431447553955494,0.020441524068250574,0.083495922193472516,0.99629843675016871,16.806440591616226,8.7838008387955195,1.6269024222309461,,0.112373047958055,0.4285714285714285,False,3
0.29133127317299806,0.95529373004724616,-0.050398200402593352,-0.95411858713998077,0.29397437441614055,0.056892783906631321,0.06916509918598937,0.031511212592644722,0.99710743279525027,-5.4706596354388566,-35.252913654395158,2.5041214238929874,,0.3814429918746093,0.6590909090909091,False,2
