axis_00,axis_01,axis_02,axis_10,axis_11,axis_12,axis_20,axis_21,axis_22,location_x,location_y,location_z,dbh,dbh_approximation,score,reconstructed,number_clusters
-0.30673682991821383,-0.8351196087212156,-0.4566045951379043,0.93479363742040467,-0.35459500561807911,0.020572735089052524,-0.17909040345606059,-0.42052065480786949,0.88943184464573044,-11.138315915987443,9.5804082075066912,-3.3471724824817475,,0.3562070682489838,0.1111111111111111,False,4
0.46128009554710381,-0.77144413246064292,-0.43828600701380038,0.88693610431515901,0.41416081596606391,0.20448756778976598,0.023770155958780625,-0.48305772844492467,0.87526579430212215,4.7846788259926409,4.999181457588973,-0.30237550603596214,,0.09414220613676906,0.2957746478873239,False,2
0.059037787428198124,-0.92166350533026464,-0.38347219273098693,0.9948160387946734,0.022458261314003816,0.099180015404441449,-0.082798481945360672,-0.3873396564271212,0.91821152353173074,2.5564973522113204,-11.052551339589797,1.2837999243737186,0.2145446605063452,0.143411370618541,0.550561797752809,True,5
-0.4735898058663186,0.88009424929587854,0.033864555745296981,-0.88016196004020297,-0.471526575422822,-0.054567506523693105,-0.032056510691122489,-0.055648908581836243,0.99793565879567603,-0.34387211732014911,-13.58388645238885,1.1706603439377636,,0.6307702809869713,0.1730769230769231,False,1
0.54481420955776538,-0.76271750151713669,-0.3484816924077993,0.83672109876778522,0.52193886076779328,0.16576377317510699,0.055455206615588309,-0.38189244362761982,0.92254153378552417,3.574159490976053,-6.370807730616594,0.5392669678323031,0.2949145214219425,0.1305282432584718,0.4324324324324325,True,5
0.51668529024015286,0.82904043059272603,-0.21384170615685907,-0.82971605586472386,0.5464610721963199,0.11380493492961927,0.21120506028439637,0.11862656117698031,0.97021655391648964,18.240616346604959,22.08561153741007,1.9566250640403207,,0.2115023798417478,0.7857142857142857,False,1
0.017157400409373226,0.98835936752685205,-0.15116674314515416,-0.99822768046927446,0.025549157200124906,0.053746986067078943,0.056983520039779141,0.14997666881313207,0.98704603603661345,-11.184020756204374,-6.8914055986755125,-1.4457439211778695,,0.1055153214938691,0.2121212121212121,False,2
-0.074567594464140866,0.98049140017780001,-0.18186887593320994,-0.99362073882770063,-0.057580169761856953,0.096965722921506722,0.084602016685928427,0.1879391875782527,0.97853020420685044,-4.013269971362643,5.6574653632374021,-1.7534686382131977,,0.07222917075064066,0.2441860465116279,False,5
-0.65240378201435856,0.72703839322556008,-0.21397308239439447,-0.7531901211703047,-0.65332822153180414,0.076595537216943996,-0.084106757069952423,0.21113363002157337,0.97383193811308633,-10.54183043254832,-0.54899395602662227,-2.1300323337205134,,0.08806190188996921,0.5192307692307693,False,5
-0.11854984707581032,0.99260668555935183,0.026036542419832331,-0.98921575974283604,-0.12033501180250715,0.083496500590703807,0.086012292346529989,-0.015857260714517624,0.99616787382846583,22.52404881706515,-20.561391886467522,7.6261610103955659,,0.2443742381001264,0.35,False,2
0.19489893571885045,-0.93948548338358939,-0.28174710533945541,0.97966768632886747,0.17252444684899471,0.10240380658203807,-0.047598626227050675,-0.2959769277341584,0.95400840092231121,-18.817846564483585,2.0076153980181721,-3.9843066279374302,,0.07527921526356365,0.2105263157894737,False,1
-0.6561046252835937,-0.69526496572868091,-0.29348483455158392,0.72127894994694675,-0.69211251669701834,0.027146649788671581,-0.22199864198887417,-0.19387339080341859,0.95557820783726533,-4.1143338912565257,-1.5740174143194927,-1.3501723976337303,0.3307676365853446,0.2537504374061024,0.2968980797636632,True,4
0.73918010013461899,0.64608263717272241,-0.19023670915182259,-0.62241570540566837,0.76320355591720201,0.17354832727428601,0.25731589385294296,-0.0098771544120177246,0.96627686125218915,-7.5426993746291107,-10.839019230827223,-0.34361073191129915,0.6570323342146849,0.3174871229759854,0.3703703703703703,True,5
0.88031246837850619,-0.40008523129657098,-0.25491521279772705,0.43885723563288681,0.89086302870744483,0.11733452524665919,0.18015072786420297,-0.21516243115508635,0.95981813041296016,-1.6696763066670743,2.5604655526129236,-1.3224482678566263,0.4373805028822534,0.4096091246099897,0.9390402075226978,True,5
0.78455902008700695,-0.55147454182324018,-0.28344836164804921,0.60447150587453602,0.7820888388495767,0.15149668885058781,0.13813523296352179,-0.2901945517541098,0.94694549977617248,2.9813692834883594,7.6567702171337739,-0.89519833880210276,0.1844651427838135,0.1509069883829517,0.59375,True,5
0.21205745996347883,-0.92510200847043933,-0.31498874201754795,0.97637994863427757,0.18690594074481418,0.10838987599966438,-0.041398424834336062,-0.33053357354171431,0.94288585055826379,3.8015114320940735,-9.3128148319235766,1.2411872143767615,0.2409801955166951,0.1966485794320167,0.774390243902439,True,5
0.7656274157707279,-0.58323677279220398,-0.27138446359946999,0.63707955708871755,0.74591734361059792,0.19426001760669348,0.089130792433819009,-0.32162428913849844,0.94266299305545831,-14.577491993450174,9.1124273729215179,-3.9452341070649259,,0.199366108760585,0.3478260869565217,False,2
-0.085109979724027202,-0.90906323124150457,-0.40787293726861928,0.98912302949680642,-0.12637524901650282,0.075265722311535568,-0.11996634474066453,-0.39703065126104853,0.90993117217116593,-5.1092035060021042,-7.9855040563037898,-0.42168775398474995,,0.1036348115943914,0.3292682926829268,False,3
0.41711028926322735,-0.85699803669662411,-0.30261092460266326,0.90873783999553237,0.39862560704607286,0.12366553103999561,0.014647346210188386,-0.32657616340645834,0.94505738701081898,5.1079744321224636,18.028486472187662,-1.1277626632884854,0.1990023165747251,0.1137638491131579,0.3076923076923077,True,4
-0.12303491409247649,-0.93744315254544541,-0.32567275854746286,0.98414745568867901,-0.15749367326977765,0.081544640176364286,-0.12773486358765626,-0.31047717891279808,0.94195951399122957,-7.3127060319286539,-22.211242965245219,0.98335416191209146,,0.1924251498356079,0.1428571428571428,False,1
-0.95457222215348625,0.19673382490769686,-0.22380275876347824,-0.1994438636858501,-0.97985124128529744,-0.010662560186106299,-0.22139109722618938,0.034457903140643578,0.97457613093084428,-6.1219732434028176,-4.2478717291731627,-1.0840093066589884,0.6759493560868516,0.8276608728579302,0.7821782178217822,True,4
-0.3600654378584604,-0.85195650158368863,-0.38016180748344086,0.91532397718348302,-0.40139615061068179,0.032605936084354373,-0.18037432537034026,-0.3362309469460068,0.92434509414124422,-13.260646669317998,-14.764565775960758,-1.0768558163563509,,0.2826936043232136,0.2666666666666667,False,1
-0.82226456425501593,0.52428816773257614,-0.2213659945568108,-0.54869710901136814,-0.8335776758126493,0.063872849860856687,-0.15103797182521553,0.17398326230531186,0.97309678629852914,-13.470273307036756,-11.159700906025693,-1.5062646973947444,,0.0845142137853721,0.3333333333333333,False,4
-0.43724642858297208,-0.81633363831153161,-0.37737905566220009,0.88044207596197144,-0.47412194495560539,0.0054892793050325406,-0.18340477520285742,-0.32986023142017595,0.92604261033724455,-2.7480558963583968,21.511756267849862,-3.2171226887476352,,0.2627922070026524,0.3,False,2
-0.29086196902843503,0.93957152017307899,-0.18056764231875461,-0.95645814138362995,-0.28076373822583411,0.079746768451331593,0.024230946202669301,0.19590069366162885,0.98032432361388377,17.397460946141699,-15.076715887777757,5.5770085263802942,1.076147411969478,0.9020930714303204,0.9705882352941176,True,5
0.51648428293103299,0.84995464394315867,-0.10402446214557162,-0.82656785071200622,0.52659279543105231,0.19870987889243183,0.22367291667645323,-0.016647253213932456,0.97452208559164022,3.2034483640322917,-16.72304316142829,2.3248022700238455,0.3171613274762545,0.2149198070126651,0.2758620689655172,True,5
-0.62190507490933955,0.78049911198071853,-0.063680562178102279,-0.7790786973304441,-0.62489121398306446,-0.050471319109674284,-0.079186243552194613,0.018223799935311258,0.99669324867183207,-0.32653806078575764,-11.771773920440934,0.87224619683202198,,0.1887030085110951,0.2631578947368421,False,1
0.30197651744328657,-0.90401225705253818,-0.30260869454065314,0.95322053419037589,0.28185339411232319,0.10922123156774992,-0.013446044423437248,-0.32143506860038989,0.94683615296587809,5.8356049784581483,-6.4378521276929686,1.154518581212417,,0.08892660837264363,0.3428571428571429,False,5
0.26150521630165552,-0.91834385867910062,-0.29708513775247042,0.96480751093502037,0.23990820056026169,0.10765928732491158,-0.027595084533208691,-0.3147834375095318,0.94876229835469716,0.83754437833345929,12.409437175135427,-1.6468350380121763,,0.0895604107882225,0.4193548387096774,False,5
0.44923636638584913,-0.84772395475009621,-0.28204748475974123,0.89291697064015407,0.43654371766200356,0.11013113144178399,0.02976525926730296,-0.30131989498321254,0.95305841910559508,31.438762401355735,0.74973057489275807,7.5364855495775753,0.5925939094570738,0.2843597230096498,0.4545454545454545,True,3
0.96723982358230476,0.13439564284400049,-0.21537162037051408,-0.059556345644418043,0.94482443279162021,0.32211773141737554,0.24677958864127236,-0.29873835104408969,0.92187593104793863,-8.0595158214975449,-22.788182100174854,0.93287012817108272,,0.6529597910366287,0.2916666666666667,False,4
-0.59356848471108437,0.78418922131883606,-0.18089698484260661,-0.77676974802003318,-0.61703597370179819,-0.12607682466960121,-0.21048803414608303,0.06568007555745517,0.97538757176626234,16.55862908935941,30.448617640928628,0.76272203367128455,,0.3081597980751788,0.4666666666666667,False,2
0.95537037198603647,0.1964786457644816,-0.22059826402267377,-0.12760492468461157,0.94796498696602483,0.29168367572207099,0.26642904407646045,-0.25051651691068005,0.93072930502238083,-1.7527963847150576,-18.184850861783271,1.3693576437188166,,0.2062008892201218,0.2352941176470588,False,5
0.73829237965625716,0.6593753071803784,-0.14194564601382623,-0.63098217977710758,0.74956391599072714,0.20003855790415953,0.23829781984993231,-0.058121769806394191,0.96945139585713191,0.043252920650464814,-14.726645305142423,1.4140522495371124,0.6805029087756497,0.4929323979815268,0.7402597402597403,True,2
0.92539931750663829,0.34766747105415435,-0.15087555378210554,-0.27650824769756782,0.89160542344063198,0.35858465924586319,0.25918968365555906,-0.2901156639377821,0.92122397353980701,-9.2582974177522388,13.424236839606809,-3.4479029269096846,,0.2619995028908309,0.3333333333333333,False,1
-0.96566691153539919,-0.074296782234339748,-0.24893252924297798,0.0731759171540102,-0.997224028820616,0.013766680480348459,-0.24926431977792662,-0.0049218383152695479,0.96842298320168207,-14.732960358946743,-4.433301120093085,-2.4929575392130472,,0.0777329086592059,0.2272727272727273,False,1
-0.36024559871629169,0.90425967625112047,-0.229210703309771,-0.93285622025073667,-0.34879495393097154,0.090118546658279966,0.001543031124020558,0.24628544012692022,0.96919611072085898,-15.247502777086174,-8.4905542210046381,-2.1928913762683555,,0.07532275011565033,0.3846153846153846,False,1
0.92145980032988162,0.34738932335055239,-0.17387493895918604,-0.28843429591112579,0.91163226831050737,0.29280072458464473,0.26022585059572495,-0.21965260161692851,0.94023148281933566,6.306992382440602,7.4568683054480847,-0.10398269721370046,,0.0934236835035136,0.3043478260869565,False,5
0.13912443753045892,0.97905181066002123,-0.14866722209406566,-0.97756528028341516,0.15975770016880886,0.13727199285061698,0.15814712664553965,0.12623402584131488,0.97931325787699453,13.263970828039099,-5.6257441676858582,2.9689149419949885,0.5825481342908049,0.4627038943219196,0.7757009345794392,True,5
0.39247527339246346,0.91525643079159424,-0.090933083474284304,-0.89628686396299728,0.40277853104916461,0.18557831881243747,0.20647764349411957,0.0086672268060266899,0.97841293016630071,-9.3912371106399295,-11.260954925766399,-0.70310616034608431,,0.3188749640213926,0.3559322033898305,False,5
0.038473901735096752,0.98990360229282903,-0.13642073542154998,-0.995158007827881,0.050314095098044354,0.084433591007998049,0.090445001748681836,0.13251169760494125,0.98704627635006803,-11.402262819899152,0.18544063569609268,-2.362711688765605,0.2189311974235857,0.2534374146905413,0.3055555555555556,True,5
-0.72986927745566865,-0.58937009846901811,-0.34631448837286727,0.64446038021385521,-0.76219304206740823,-0.061094884881175107,-0.22795099508656227,-0.26777724633480526,0.93612696264149753,5.4950268217158227,17.093648557913159,-1.0076053533741116,,0.4168421320363616,0.4487179487179487,False,2
0.94938472102593063,0.22081866432026223,-0.22340046770392252,-0.18297701682774148,0.9668536500993079,0.17808265104289439,0.25531953077533343,-0.12819179684153048,0.95832082332964208,7.182656323477727,14.590919084793775,-0.39552525828700807,,0.1243601389749082,0.2692307692307692,False,5
-0.95558095676620836,-0.12269894887542751,-0.26797388494150343,0.14471104523102393,-0.98740708322347548,-0.063921556522445522,-0.25675620431436802,-0.099861003124206899,0.96130329844493134,22.753317685467056,-4.2510261912313343,5.4662606049554467,,0.2290718839062475,0.4166666666666667,False,5
0.89269077785882778,-0.35402397109640676,-0.27887309482080042,0.41209921867857913,0.89171248438151851,0.18714454083046095,0.18242096669600541,-0.28198559021210656,0.94191651319128278,-1.9319286701521876,-10.675589378487214,0.47303183698186302,0.1476100709298652,0.1112115077653236,0.2741935483870968,True,5
-0.97206498435283795,0.0013167185626842409,-0.2347081857271805,-0.00058851608051733312,-0.99999479410678505,-0.003172602741065414,-0.23471114128635001,-0.0029458464923220037,0.97206069879637846,-6.8723076720640206,-9.6675082666729431,-0.39179610671426968,,0.09851370763316729,0.3255813953488372,False,5
-0.95863171259154134,-0.10739130668211033,-0.26361401112785771,0.10302626812839287,-0.99421491119384575,0.030369366726208678,-0.26535038663877214,0.0019538702422062133,0.96415006855869256,15.058538771042038,9.0519520354161678,1.9612499441298623,0.3769713887050147,0.3661612653531905,0.4615384615384616,True,5
0.8111449742761988,-0.51703435518316676,-0.27334832406069615,0.56512038752640414,0.81327059326994378,0.13867187791459426,0.15060802869857617,-0.26695770766673954,0.95186700962311321,-5.8975923851241179,-22.150455390234374,1.2861963636943043,0.456210721960795,0.4140617230526552,0.9135802469135802,True,5
0.62695824020808655,-0.73364491124601505,-0.26208492752924228,0.7758941942987253,0.61828487797112275,0.12534755253202026,0.070082553383228857,-0.28193785463300713,0.95686962635263229,-11.276791081047515,-13.82466152144951,-0.77765855076374368,0.4953981616665697,0.4242699914845648,0.75,True,5
0.59421638033855595,-0.73751447634242651,-0.32090386492328393,0.80147500914578673,0.57639593614292939,0.15939113686989392,0.067414412792116532,-0.35190925248318305,0.93360332848840122,9.06039687297028,-13.28929034079537,3.1821645608622049,,0.3387197232895578,0.3157894736842105,False,2
-0.96326066138429334,0.15848444793846528,-0.21682153488787448,-0.12560446062059016,-0.9794346663272715,-0.15789633899681438,-0.2373866417928871,-0.12486157999171003,0.96335723806917517,-10.504531536511688,11.140675298549999,-3.4414478403228972,,0.6199470844098364,0.2828282828282828,False,3
-0.33230388636795882,0.94018173661930826,-0.075049511872178398,-0.9431430227544898,-0.33061215014443035,0.03430517171506911,0.007440815430746428,0.082182165366813054,0.99658954738716143,6.6145746667186334,-6.7097358842605566,1.5271222362807422,,0.118736772024835,0.3243243243243243,False,4
-0.94825454432967105,-0.19988772463312629,-0.2466945818195444,0.18752567030482384,-0.97955245775088906,0.072877331804336781,-0.25621756796686479,0.022844694245805361,0.96634914901911162,-2.408539571804087,-3.0923021780467157,-1.0696123337511323,,0.0665420071433428,0.2934362934362935,False,5
0.42422374282234732,0.88060959059546062,-0.21109468249364738,-0.88465601267629201,0.45280961318373608,0.11111792584493033,0.19343721271121295,0.13960731771540558,0.97112915803142619,-12.112143007104434,-3.2599766345777357,-2.0433386073572555,,0.07732895154663386,0.3333333333333333,False,1
0.20265078968841696,-0.90583026480079187,-0.37202713450713265,0.97630937347150548,0.15746831093423019,0.14840397003853059,-0.075846322984951087,-0.39328776032626267,0.9162816558609117,1.9263971358878029,12.802825226202788,-1.4259890740558756,,0.1697117236918289,0.2285714285714286,False,2
-0.9687350731470592,-0.018915843856583306,-0.24737531992087683,0.03533180864366469,-0.99744495445422554,-0.062090467318074605,-0.24556877112680736,-0.068889430865719692,0.96692824188885285,-15.545070807042043,-10.785829277323939,-2.0151756892307322,,0.638489272021362,0.5277777777777778,False,2
0.64996505920329584,-0.67534805831393874,-0.34849737724472063,0.75388254633714602,0.63087208772133152,0.18347074770205113,0.095950654729798579,-0.38197566554130358,0.91917792771106155,16.848151948102306,21.275547143037851,1.6243691778173854,,0.2507916667323208,0.68,False,5
-0.66770832306378802,-0.60540801036098957,-0.433182105242233,0.69363830248042091,-0.71721911796178106,-0.06680301012833087,-0.27024340999074387,-0.34507662601351852,0.8988273591383954,-16.63505678821555,6.5886527509734787,-3.9617087576633288,,0.2770894525664329,0.2692307692307692,False,3
-0.31490743147417716,0.94770684561179286,-0.051817413896119435,-0.94902807467675288,-0.313636888580754,0.031266845007438877,0.013379950585552719,0.059022342396156585,0.99816699004745646,-4.4873500417690382,-15.580189435366629,0.6229459112097907,,0.215127537067457,0.5,False,5
-0.75392076928549645,0.64898858739187171,-0.10206511193874507,-0.65102830273289602,-0.75887544548732877,-0.016437982757416217,-0.088122770500536768,0.054054339987751221,0.99464189819643056,14.648932699639435,29.939377758446103,0.34161912626352636,,0.2476712215712178,0.7058823529411765,False,4
-0.90916009832270217,-0.32748854278940864,-0.25725312429497693,0.32476690031699973,-0.94423575506819168,0.054270611838198188,-0.2606806016494998,-0.034206624979293963,0.96481891084865401,-4.2118338624912512,-3.5882055684176799,-1.1354529059703038,0.1682212680595307,0.1256088605919185,0.6014150943396226,True,5
-0.84479805691949073,-0.45236998341057627,-0.28579300399794255,0.46882147481936837,-0.88320911433542637,0.012169022270675067,-0.25791988634699203,-0.12370553125849679,0.95821410643071192,0.4048645332030133,1.9154132970273388,-0.87472973481052507,,0.6344730962232158,0.5545171339563862,False,1
-0.54038724873170696,0.82780991871808896,-0.15070620385414529,-0.83605876631030063,-0.54844361000415387,-0.014674669376489757,-0.094801691355556161,0.11806923865919677,0.98846967287750576,6.0109552756718116,-0.21821766086235206,0.40316788442224077,0.4871487289032429,0.6706592023755217,0.6536585365853659,True,5
0.60895845410230665,-0.74019126996342,-0.28510784809834694,0.78949295306019718,0.60032345702462131,0.1277208832348829,0.07661904623277252,-0.30286734854709735,0.94994783590386311,6.5463726949303958,8.5227507472501713,-0.13915179289626292,,0.1152709744287277,0.5303030303030303,True,5
-0.66239754418085139,0.72328601238718448,-0.19515849391769555,-0.74103283678746734,-0.67084544099431964,0.028926270064704468,-0.10999921938766881,0.16377954262417194,0.98034505820752782,-12.213143111102555,-8.1306165415544562,-1.6188737293586717,,0.1202147013103906,0.303030303030303,False,2
-0.25684464161249382,-0.91951654886602829,-0.29752335443870509,0.95194273053739198,-0.2938469621280857,0.086365505991169503,-0.16684084587403966,-0.26104267698904143,0.95080011197855407,20.226625719919607,-12.046710886200561,5.8545129545826926,0.62972584720927,0.5423051652856331,0.4594594594594595,True,4
-0.92038086480562653,0.33619299693523252,-0.19968308018295988,-0.34207273376553637,-0.93965821881445555,-0.0053550563599353979,-0.18943417989850792,0.063377445721267689,0.97984590158862661,13.600467031085268,6.1174089865611574,1.8252078787447295,0.2160629169421875,0.2119085269573836,0.3636363636363636,True,5
-0.024734852893387727,-0.95635294574083374,-0.29116529708255207,0.99345177034201171,-0.0560119726920539,0.099580313915277829,-0.11154266921973469,-0.28679557543304773,0.95147597492283631,17.207073578323428,2.5540093564014681,3.2308037178575173,0.2326105784275762,0.2161430875154732,0.3846153846153846,True,5
0.11741541615393274,-0.91866367119854042,-0.37718785673642624,0.98875666281868757,0.072729379575232039,0.1306548853975765,-0.092595257875610459,-0.38828790422394305,0.91687437615647593,-8.3988496849993393,5.9077190554331258,-2.520580352497948,0.6534629139877393,0.7295459978866896,0.8396624472573839,True,3
-0.46706105564714712,0.88163217729198584,-0.067665901761255282,-0.88155762476635469,-0.4702262438096696,-0.041754447055987076,-0.068630346888782084,0.040149515514393552,0.99683393395785036,24.748474520504651,-2.8605513306423687,5.9646044592859306,,0.4907170047222398,0.5,False,4
0.94858185807336382,-0.11450874903867721,-0.2950935528399124,0.20438584176310082,0.93345037485133031,0.29478267482452125,0.24169999218219607,-0.33993844160893005,0.90885805805726261,-3.8861862409353791,15.294462833005122,-2.8810662108646827,,0.4278733809174451,0.6363636363636364,False,2
0.45044757608016145,0.89207343576073395,0.036082771699889576,-0.87043149398132325,0.4298110605064519,0.2400238874607285,0.19861015958139822,-0.13952575918574453,0.97009616380784258,0.59627162449496163,-12.237014842079235,1.0769673115909937,,0.4995033852533479,0.2615384615384616,False,1
0.23282013702436438,-0.90296973788109458,-0.36116538630785627,0.97159073642218519,0.19973429076190727,0.12695532282040645,-0.042499702287802359,-0.38046269930807253,0.92381919753849162,3.0922445401024232,-7.5166200251544222,0.67951570015903617,,0.1656317806734164,0.2222222222222222,True,2
-0.68036087755115215,0.72049296951592101,-0.1341601922179495,-0.72608124988385081,-0.68753354621753204,-0.010180441672656457,-0.09957456936854843,0.090484825819999615,0.99090736268906243,-8.7083122614756387,-7.7425766701991376,-0.91984363476276088,0.6199559475758964,0.7332246352860068,0.6988416988416989,True,5
0.85809391741745689,0.48812417784613055,-0.1594039393904752,-0.44629191812959867,0.86248385743325606,0.23863176544470105,0.25396525885121934,-0.13362777656269784,0.95793802755060498,6.2125148041353739,-27.368370116591535,4.2634398172818742,,0.2924720994182822,0.2307692307692308,False,4
0.95331602094395007,0.1921607868472949,-0.23294376190365157,-0.16252708426096826,0.97664668944589728,0.14052114031703422,0.25450640678227482,-0.096101383926559703,0.96228426824622748,3.334199754571447,9.269712519703134,-0.92025224971394937,,0.06752963190720704,0.3508771929824561,False,5
-0.96798585106098223,0.13260530030758627,-0.21311786991259063,-0.091842405822712733,-0.9772959351578262,-0.19093880594757301,-0.23359872567811923,-0.16525280467914488,0.95818742733727957,-11.241208466989997,-10.112172349634644,-1.2155746509824454,,0.1195625800390914,0.3333333333333333,False,1
-0.86524795943982669,-0.3473369947832205,-0.36152867208587502,0.42464543317010628,-0.89107130824399516,-0.16021291992878306,-0.26649995266976706,-0.29214540160559577,0.91849269977921766,10.781194981123736,3.8597808170467629,1.2038881591635431,0.3029162079937662,0.230751125763617,0.3703703703703703,True,4
0.57680133381257259,0.78713600842113429,-0.21844249943378885,-0.78279939883303806,0.60904401285185683,0.12763421013169238,0.23350657913358897,0.097377074592281898,0.96746699315541396,-2.2754251777670382,8.3083158649813349,-1.799373616346249,0.2050160448632303,0.1886328317147062,0.726643598615917,True,5
0.81786070593731863,-0.49781078194732703,-0.28859710854529214,0.55718239642129685,0.8103938547609143,0.1811341416850184,0.14370679455729629,-0.30894372552738225,0.94016069459179674,8.6323648798795496,9.7388296552641354,0.28586957095531657,0.2927849742910491,0.2152174313968378,0.5128205128205128,True,5
-0.8622708714153261,-0.42017369938774041,-0.28274194356599547,0.44552636118562894,-0.89479974305495158,-0.02897725517516217,-0.2408219379486598,-0.15095523234262159,0.95875821354032664,-7.8074766986561128,-1.8282272355710767,-1.5258955651114754,0.6450315378294048,0.2884861831562622,0.5897435897435898,True,3
-0.92988906242822644,-0.25472540642198843,-0.26537011681707173,0.25428810335434499,-0.96643524336405917,0.03661257811600941,-0.265789187268413,-0.03343482775495793,0.96345120282461227,-5.2835078321354434,15.345313081723853,-3.0825011777169182,0.4885874802163052,0.4496976948126766,0.9186046511627907,True,4
-0.19035872171348364,-0.93139623142578276,-0.31026539793128399,0.96887393181249071,-0.22918897937647359,0.093571982914628316,-0.15826200214142908,-0.28279581294322559,0.94603364996175798,16.097358168285151,-14.228186265259358,5.0627664170846458,0.2827574239996365,0.2533803785609619,0.7368421052631579,True,3
-0.19767008272768255,0.9792220187286117,-0.045285499130444745,-0.97819943854936864,-0.19404221445703121,0.07398295364684801,0.063658438687508367,0.058922466391639783,0.99623076951989109,-11.113069698657311,-15.285692823066421,-0.61026452635240114,,0.1908362619648029,0.3684210526315789,False,2
-0.97128092489174667,0.026373629436993142,-0.23646944117951416,-0.032482143054548197,-0.99923075283351781,0.021973005582840904,-0.23570802982506858,0.029022995401575345,0.97139044179665635,-6.3615285653952895,-5.8017678264067447,-0.82496221009097637,,0.06929890131876731,0.3265306122448979,False,5
0.63936344085205032,-0.66848272206022163,-0.37992794160048921,0.76407286031236921,0.60767391078612099,0.21662198014970105,0.086064247140742733,-0.4287928036439736,0.89929398803018767,-19.349862317262453,7.397705376133664,-4.6936764063924583,,0.5246110775502603,0.44,False,5
0.34786927501874493,-0.89519396447277289,-0.27859420932505669,0.93754274797010051,0.33191794997708052,0.10413486549511493,-0.00075048424775245315,-0.29741930074313117,0.95474666604228664,5.9593287916040492,17.300716378095292,-0.8835737145245891,,0.1322947104630704,0.7916666666666666,False,4
0.49841645905010451,0.8383690679926451,-0.22072231237711168,-0.84180072636601244,0.52888106981102578,0.1079645825500154,0.20725001914984167,0.13199287794683712,0.96934272047284797,-2.4399474552723737,10.401716437233908,-2.0743439895719562,,0.07868884310243385,0.288135593220339,False,5
0.52291910353960547,-0.80200362621405308,-0.28869671749579107,0.85131845945322626,0.5083152485269542,0.12989414424509671,0.042573368994250085,-0.31369697425141041,0.94856824561967534,-8.9480218937082299,7.583036649577358,-2.7763156052411153,,0.09015948339554307,0.2826086956521739,False,4
0.90459014378146685,-0.33798421444377025,-0.25977556189960133,0.38402785262050421,0.91064897108670118,0.15245018816130701,0.18503859106983725,-0.23766598882793705,0.95355943578223246,3.4906653461961037,11.401447100838777,-0.97334625396923213,0.3628495230789762,0.333371585961998,0.6607142857142857,True,5
-0.28948676423749753,-0.90182062627562087,-0.32080675079422943,0.94278563530582793,-0.32655138116108767,0.067226790216197235,-0.16538639361292728,-0.28299073038817601,0.94475583476476943,-13.452466477782714,12.626516362631586,-4.130873578868874,,0.3524653507111949,0.6086956521739131,False,1
-0.44262841220626797,-0.82937376713470656,-0.3409094353293009,0.87478615891492084,-0.48293016904741326,0.039084881920183841,-0.19705142698959563,-0.28092277624397344,0.93928330598852949,2.247608839094033,0.61233505833523127,-0.53542311940536924,,0.07896684534268045,0.2953367875647668,False,4
-0.85235407574769106,0.47546898694054046,-0.2177654059166311,-0.48377881340102552,-0.8750256488008239,-0.016975678042205691,-0.19862172403993131,0.090881001306285958,0.97585350045023234,-8.0481722094764443,9.0105159087104809,-2.7817409603829177,0.8322460404487967,0.5325623208739442,0.3706293706293706,True,3
0.92518527440086051,0.34043515391917023,-0.1677382306089896,-0.26103659639508076,0.89165437451021412,0.36988156450311221,0.27548521443858942,-0.29842315994712776,0.91381153102425605,-4.1626795905827052,-13.324620727679644,0.39233895407751562,0.7107170047690252,0.4104968356769927,0.4556962025316456,True,4
-0.9701835918617675,0.04569911885532224,-0.23802392446568713,-0.036660660564513642,-0.99843362662440782,-0.042264514579098827,-0.23958254120276276,-0.032278224261574118,0.97033928199849095,-16.297147095623764,-18.30178466396325,-1.3633482718421626,,0.2095266456525326,0.5714285714285714,False,1
-0.57651707658772244,-0.7278566120100155,-0.37128535219699754,0.78841041756527019,-0.61486045306733428,-0.018858333128604049,-0.21456251740996868,-0.3035973906461234,0.92832728631424088,10.623546194102373,6.2531086530323154,0.96186954401975366,0.349160588865657,0.2855019219251168,0.7894736842105263,True,5
-0.45203386336117196,-0.85206656586154805,-0.26390898756139658,0.86936448029266944,-0.48706838882672349,0.083485238283159804,-0.1996767056524863,-0.19169494502111342,0.96092781272742978,7.1989734226837276,-4.1629583275870257,1.0708368384809661,0.2179187001865688,0.1699794951037837,0.7450980392156863,True,5
0.31368494540227132,-0.90483663560895156,-0.28787569867539653,0.94952264797505803,0.29798895284467997,0.098027164423772045,-0.0029147916577793587,-0.30409414141414282,0.95263752663181744,9.8617970768675605,21.769523834875692,-0.25643616214095838,,0.1318235372366149,0.1875,True,4
0.16086473313149016,0.98671215938383272,-0.022839705747395106,-0.97748326083463077,0.1624766754518765,0.13463953625217892,0.13656138701196127,0.00066667698231284711,0.99063138609634693,4.2962042621949479,3.8120082835413318,-0.3691108781137421,,0.7590788589492492,0.2362637362637363,False,1
-0.95685638212419111,-0.10525191625106076,-0.27082817082733979,0.12667075076788542,-0.98995415380995533,-0.062811577390757364,-0.26149643379614829,-0.09440766642542596,0.96057628933468953,-12.350176235671938,11.445630749819108,-3.8022443024765007,0.7215552178786527,0.455221334475674,0.2727272727272727,True,4
0.66894024225228432,0.73972480100701987,-0.072980621198923318,-0.70918400324355213,0.66455006309309872,0.23543844882773177,0.22265893613081336,-0.10573756389327105,0.96914527587096622,6.6028331130300826,6.3953056789065519,0.058668756762199945,0.6554018659743114,0.5807911254172156,0.325,True,5
-0.50759187216578361,0.85952891315825852,-0.059670250177260076,-0.8605615671261716,-0.50915953024533001,-0.013797171655861612,-0.04224074450789575,0.044346591811962266,0.99812278768600449,-5.2071103661998732,11.499314921782736,-2.6025690691302401,,0.186231132728885,0.3181818181818182,False,3
0.59519431405287671,-0.75177456585543034,-0.28386392981850339,0.80183694040028852,0.57887905397442119,0.14817746751508054,0.052926831840089936,-0.31580697111140194,0.9473461392061574,4.5996675750328038,1.5926358259285078,-0.087327016575768426,,0.2956582072694626,0.2439024390243902,False,5
-0.67697158214686404,-0.66691277492511181,-0.3113467963658208,0.69621190498204188,-0.7174666236582431,0.023035348873376299,-0.23874350321390736,-0.20116906963578937,0.95001712884296075,-3.5917439318878164,-27.323886807763913,2.3203481670163417,,0.2821841384151656,0.7142857142857143,False,3
0.0058140353453083344,0.98395386253113404,-0.17832833034340645,-0.99636336674014681,0.020859850522767481,0.082613001727385324,0.085007284459890156,0.17719950069408041,0.98049686309672868,-8.4336567783881495,-3.0632009900143942,-1.4746126958186536,,0.07425062243575208,0.3717948717948718,False,3
-0.16333746499512036,0.97996209074185103,-0.11399637379245571,-0.98233991200598147,-0.15085875240085042,0.11067942041834614,0.091264285506707926,0.13006128375854364,0.98729676017802837,-2.2700918872806901,-13.821051015367425,0.76763508629941668,0.4830341312178333,0.300624555592907,0.2,True,5
0.8593458504197693,0.46095739338251301,-0.22145652135875887,-0.43573764395506082,0.88667212818150387,0.15474250465394088,0.26768902668360556,-0.036480386402576753,0.96281450259180357,2.7640373555245792,-17.952414304421428,2.3512575950479242,0.4826716276534225,0.4905470901121519,0.8591549295774648,True,6
0.41895739967489692,-0.79056195486318948,-0.44663910798377371,0.90787382198455246,0.37310450320302435,0.19120186464777472,0.015486142605896036,-0.4855973900388233,0.87404539594615616,6.2027469831003907,12.562670256875123,-0.48742545193059422,,0.11180255362082,0.1290322580645161,False,5
-0.31121210161625368,0.94542476620135552,-0.096535171107249851,-0.95019421893503098,-0.30777259405196872,0.049060948349658587,0.016672555594163821,0.10699552235319659,0.99411970309733089,11.59767132208446,5.4864826652811791,1.283683867610407,0.125426116477578,0.1209322205018573,0.3636363636363636,True,5
-0.96505680235322544,0.17632694123668824,-0.19384059952930463,-0.12657099855918902,-0.96138471696516348,-0.24437513848495671,-0.22944531059818277,-0.21130129147718291,0.95010873781087657,1.4697309227967597,16.646765372970837,-1.8517978202080378,,0.2020281602670233,0.4615384615384616,False,1
0.11666056628305858,0.98853489801158312,-0.095859624909263974,-0.98602573752745137,0.12683797958184967,0.10800635105881265,0.11892668837549164,0.081919975273573836,0.9895178424077129,16.08692726103542,1.3370403814950569,2.9205369133513863,,0.4380853774823125,0.1111111111111111,False,4
-0.59107557220283879,-0.74442396126375276,-0.31058434255684808,0.76903384476931247,-0.63624864807502657,0.061437801246711513,-0.24334463944047766,-0.20253548755485778,0.94855825479329436,4.7562515484372181,6.7881898501440281,-0.40400164819357803,,0.192022883522397,0.6188679245283019,False,6
0.1025503071549542,0.98969655376953525,-0.09992079843122334,-0.98663596463442804,0.11398816772245692,0.11643097057558061,0.12662111906123424,0.086645421552356966,0.98815973563574122,7.1472248634234852,7.9951776098550367,0.067493673770481558,,0.08960567446253172,0.2666666666666667,False,3
0.75654757242682436,0.65020664199740719,-0.069764556599571675,-0.60058896957061314,0.73306675470406801,0.31922722750065502,0.25870574072715946,-0.19961076085747867,0.94510681082336412,18.883530495898121,-3.6299112099248187,4.2681273643500708,,0.3583132028610039,0.2142857142857143,False,5
-0.3749195896364817,0.91026689952104745,-0.17564018032088327,-0.92704700309346399,-0.36901956601420816,0.066395888081364318,-0.004376683931899647,0.18771982190228534,0.9822128654740454,13.838131799186266,-10.533608691628134,3.9520625198100761,0.2666691374900022,0.2587750142578827,0.5063291139240507,True,5
-0.27786298070150411,-0.91725758531974155,-0.28536062469982354,0.94649212980179109,-0.31217848817639338,0.081836665029630606,-0.16414875015956157,-0.24735220575790176,0.95491993074171166,6.7399812396121153,-9.9856130414219226,2.1495287703042378,0.969398816250391,0.8039969332569177,0.9272030651340997,True,5
0.7706112156878776,0.61684479554441307,-0.16019005108252754,-0.58612749610768933,0.7846642040627132,0.20188275104416314,0.25022572322321729,-0.061681318666191032,0.96622073169903466,4.7744503171062034,-12.21952414932894,1.9859681170983932,0.2860913807682446,0.2578663388791095,0.7522123893805309,True,5
0.42531295474816383,0.90504197945729048,0.0028117509513878869,-0.88421987218571929,0.41486121545973803,0.21458189471420042,0.19303913633057335,-0.093750665743210393,0.97670195275603311,1.0286654082415194,5.4311775221836438,-1.1569800276376005,,0.0880356625379682,0.4038461538461539,False,5
-0.97394835571941163,0.14484081859218184,-0.17448707018286896,-0.13432670814162043,-0.98841222087931702,-0.070693826436631732,-0.18270450424467014,-0.045413862266530117,0.98211844766440781,-11.929541204134544,-9.1450796125928768,-1.4433222451139773,,0.4908179099961666,0.7272727272727273,False,5
0.15821431295203575,0.96804390066734358,-0.19457450387414305,-0.98102130611838312,0.17648021594860064,0.080323908772647987,0.11209562042692271,0.17817334188786177,0.97759338792854655,-7.0314460650232906,-15.264605225206678,0.24018625570769547,,0.1139249635153969,0.2692307692307692,False,8
-0.71668465226552291,0.68254648214429514,-0.14315519173084323,-0.68852294904131395,-0.72514006329169534,-0.010394097015562459,-0.1109020191452771,0.091116344975882391,0.98964567084777222,-6.6782574984233749,6.6325409195350895,-2.2962039253713957,,0.1105494132431435,0.4117647058823529,False,2
0.3755585740062698,-0.87516777126975298,-0.30501988397662283,0.92653310325048133,0.36241297173783094,0.10096160902634636,0.022184816235700525,-0.32052801756927507,0.946979209846605,3.2921513541037499,4.8123691652780831,-0.62174135668957053,0.1118657877313624,0.1214393269680114,0.3902439024390244,True,5
-0.12760363844795924,-0.8651733904459552,-0.48496630390068607,0.98356617930515666,-0.17335224337268296,0.050463557590740303,-0.12772972395608786,-0.47055712106173475,0.87307566306488726,-2.7054084421176197,-12.482950432370345,0.55785282583172335,,0.1995515805028193,0.391304347826087,False,5
0.96514183811767051,-0.077004250874720209,-0.25014311436069619,0.13217457435267876,0.96831419361992455,0.21189031202224451,0.22590067332687042,-0.23756676489235412,0.94473854478847641,-0.67534976800207303,-4.802554491615151,-0.54664973564772523,,0.0794491714997615,0.3157894736842105,False,5
-0.63598512826474396,-0.7108964044451932,-0.30024859495587142,0.73483231820835071,-0.67670646048405603,0.045714663464616251,-0.23567855384531633,-0.19155852496309944,0.95276489795297525,21.189395167820191,-13.392498557968397,6.3499806128736687,,0.1338238202838839,0.25,False,3
0.10038886335316363,-0.93578424907385227,-0.33797916400267625,0.99231310372599013,0.069462161117659391,0.10241929674899181,-0.072365601554561593,-0.34566291001227251,0.93556420001702478,3.833279981308213,2.7219483865410572,-0.38242608630602726,,0.0801768144674339,0.3142857142857143,False,2
-0.80618132490677485,-0.50008968926208908,-0.31619926322701092,0.53683462991461905,-0.84293811332238333,-0.035551613647412758,-0.24875741495680384,-0.19840776144659261,0.9480264282717864,-1.6179003693126861,15.156733162299759,-2.3677758189141649,,0.190790017687767,0.3888888888888889,False,4
-0.95117254355691461,-0.15442549961966379,-0.26725186145410679,0.16225709226889545,-0.98672127456812231,-0.0073322795297238175,-0.26257080643497105,-0.050337772913350724,0.96359881705314032,-1.3667914084113417,-15.797264658099488,1.1916873752757295,,0.3602679974872495,0.6216216216216216,False,5
-0.42821730824765936,-0.85888192068780045,-0.2809835995796981,0.88272491034739009,-0.46412054865251617,0.073408779929101914,-0.19345973630014354,-0.21659631260509121,0.95690091848454006,-5.5718463972497476,12.850481080684686,-2.7954054132227975,,0.07718275246355477,0.4318181818181818,False,4
0.8929058329567735,0.38856793057731159,-0.22745139436511702,-0.36757786847190066,0.92084368472238631,0.13012847081462209,0.26001093069604686,-0.032586371902429925,0.96505566900817275,-13.748466734329208,-7.5882584922816898,-1.9925683946872395,,0.1346475631084268,0.3684210526315789,False,1
-0.92713568055218476,0.33252093859956383,-0.17276937008596965,-0.32061372374309366,-0.94257311647200948,-0.093609616235895907,-0.19397492104554337,-0.031396584163084718,0.98050394415742459,-10.663148761453828,-12.223960113151268,-0.85811982219395533,,0.2923674549018246,0.25,False,5
0.017199683897922348,-0.88826903743718788,-0.45900140305256509,0.99545228885349979,-0.02780628354547739,0.091112848774017485,-0.093695845639708189,-0.4584811094535961,0.88375118714718548,-7.4699529635233572,17.363814230084163,-3.6400041725295225,,0.689284072373281,0.1914893617021277,False,1
-0.95600759079821063,0.20478696488191128,-0.2100280584842332,-0.20418199339211432,-0.97861874227848444,-0.024800621679716472,-0.21061623847800592,0.019174365067262729,0.97738075682593806,-8.2452734016947655,-9.3685159444671786,-0.6426898853959373,,0.1316491534524384,0.2333333333333333,False,6
0.93937077622516951,0.26271787962071169,-0.22036755773415886,-0.23040055718367691,0.95954756332302682,0.16181488488483056,0.25396481650727115,-0.10123136593189358,0.96190128523044871,10.733052177793432,7.9522426047612713,0.87323258174014107,0.348280426212444,0.3024514642829332,0.5277777777777778,True,5
