axis_00,axis_01,axis_02,axis_10,axis_11,axis_12,axis_20,axis_21,axis_22,location_x,location_y,location_z,dbh,dbh_approximation,score,reconstructed,number_clusters
-0.30091674719967226,-0.87875188635769552,-0.37046488831947494,0.94221987907338534,-0.33392573684977811,0.026745125691776714,-0.14721009046157379,-0.34101132604669498,0.92846134263854574,8.1299720630282355,13.758114509899874,-0.6133867572346412,,0.1141658269129,0.35,False,5
0.86558241469668995,0.47357594819985993,-0.1627664113214114,-0.42169446330067395,0.86462633534408084,0.27312099855379324,0.27007566160134455,-0.16777103896700421,0.94810970646572745,-4.9886120304953661,-26.357968107197131,-1.7834412751127056,,0.2188859406030474,0.25,False,1
-0.4485620182361561,-0.81986915911321634,-0.35581832124118384,0.87318042054619238,-0.48693531164539372,0.021212153298956961,-0.19065169543091315,-0.30117862508450222,0.93431438328944072,28.784076640907621,-0.66194557346407468,4.095554321489689,,0.438874521948916,0.4230769230769231,False,1
-0.72274139245694557,0.66434259304110199,-0.19050931394769141,-0.68045245321072123,-0.73226003255071459,0.027923174037666719,-0.12095180258642933,0.14981376372099894,0.98128818277346153,2.8992649234774501,-30.609549777863556,0.15789072117059394,0.3484451709821619,0.2960986417633085,0.6896551724137931,True,6
0.77128759236585609,0.60186984199617577,-0.20704623434870723,-0.57586338514943747,0.79842701181964615,0.17577163719150385,0.27110295370340798,-0.016340137461149457,0.96241165225751468,-12.026226747066659,-32.655467943412205,-3.0267605295844291,,0.2152303709677646,0.6875,False,2
0.90777005097794949,-0.29580217906812301,-0.29741318969749947,0.36658731159523222,0.9040620914228904,0.219739568192552,0.20388054719582893,-0.30850090066419472,0.92911781640678393,23.239902022988876,0.3696727789284312,2.9927107320344266,0.7104613359321995,0.6502674718927797,0.282051282051282,True,2
-0.94647879709121474,0.2405573589667635,-0.21519768517273441,-0.23114244705072814,-0.97052074344191452,-0.068283641674671644,-0.22527994990271316,-0.014887699482772701,0.97418032241261276,11.153128848134664,6.6094705711964421,0.29704975468100953,0.144909710214937,0.1838101057951749,0.15,True,4
0.94878836744077799,-0.10926039596114995,-0.2964165981915925,0.1997086393735901,0.93445855002948675,0.29479429715708277,0.2447796829163168,-0.33889435544311119,0.9084236471383742,-20.56178352702107,-24.996898877509416,-5.3585173293657924,,0.2792462914512449,0.1666666666666667,False,1
-0.89134786562246426,-0.33143816612161259,-0.30926966305833747,0.35472990172276758,-0.9347412963699796,-0.020625365071281987,-0.28225109260024295,-0.12809157231648899,0.95075068752405167,15.96798182697891,4.7318888587865029,1.3968518732214108,0.1883529104443711,0.2074527102661627,0.3571428571428572,True,5
-0.93576193631176974,-0.16322745627586713,-0.31258022341114111,0.22193390075551336,-0.96145402547939407,-0.16233145285160266,-0.27403456396135678,-0.22127574292538274,0.9359177866390459,-0.56710654085371426,8.8556433476783152,-2.3636404680842804,,0.1416921890387025,0.2627118644067797,True,5
-0.94529740038762367,-0.16206715918825756,-0.28310256221561991,0.20739084311103934,-0.96846478393259217,-0.13807606771663886,-0.2517972657001924,-0.18923582693307708,0.94909848740310498,-6.057724579774777,17.941153943114259,-4.0534845066010972,,0.3836830440171224,0.1176470588235294,False,3
-0.41041449692049509,0.89420662436199927,-0.17875808699081203,-0.91092975434981938,-0.41106002863203678,0.035165828601164524,-0.042034787470311363,0.17726862612472336,0.98326441552319921,-16.21819903802119,24.308602316763643,-7.1019519750883564,,0.2833682563105721,0.1176470588235294,False,1
0.14278767423796135,-0.93401295507347826,-0.3274621807791277,0.98856758349590479,0.11839454296802267,0.093364152952083529,-0.048433593164050923,-0.33704974699634677,0.94024021138372804,1.080620461507223,21.954651007742413,-2.5137661840910801,,0.1867150304692688,0.4545454545454545,True,3
-0.82048050151903906,0.53145164409740075,-0.21064400445594358,-0.53549151520310101,-0.84348091653820056,-0.042293978074473187,-0.20015140212487439,0.078096692772782875,0.9766474915778981,-7.4669806094422198,-22.694576540246096,-2.5441020503162517,0.8365853816072645,0.3166263653956479,0.4444444444444444,True,6
-0.16024804994387409,0.98697552494970253,-0.01413773813043806,-0.98701418647531947,-0.160060159612572,0.013555109784170509,0.011115672973263852,0.01612632800910388,0.99980817328090221,-0.76877409186906065,-26.779763623392629,-0.81150921740518633,,0.4434279327846435,0.2083333333333333,False,5
0.69789390470644419,0.69200289149387806,-0.18459711790194103,-0.67493485152991983,0.72168718392917997,0.1537223300065865,0.2395976710318288,0.017309151235128439,0.97071795559762986,5.0558683034907279,-24.378940331568028,0.40618485367706236,,0.1558453373945187,0.6,False,5
0.46803823881383172,0.86746539397443645,-0.16865348281261253,-0.86264181877854462,0.48990593080635697,0.12586211286643656,0.19180536880518498,0.08657926551741324,0.97760663422461203,-8.6605239316171527,18.771984301929685,-4.7482410235946153,,0.128121362316767,0.4814814814814815,True,5
0.84732870044507203,0.48055903233159331,-0.22604665413712288,-0.44461008746453989,0.87469798260562182,0.19293861549837399,0.29044094671178811,-0.062979803668935908,0.95481809827997244,-4.2312941446985395,-26.947375503083773,-1.6043715957291529,,0.1867719723466589,0.52,False,4
-0.74782962017094623,0.65692055346975609,-0.095949182508078129,-0.64559071637377796,-0.75328036419415856,-0.12562372328309995,-0.15480144097188234,-0.032001239796392245,0.98742717935274782,-10.727466224798249,-28.217442968343086,-2.9877110804691731,,0.3337923502318146,0.2222222222222222,False,2
-0.58500133201699289,-0.63765193773063555,-0.5011720740890403,0.78037261329820451,-0.61085427792693525,-0.13369979638164781,-0.22088917119785612,-0.46931552014261047,0.85495667527705521,-7.8423742204903428,21.118071416528146,-4.7184916487460402,,0.3026418057872601,0.3,False,1
-0.94141941998878376,-0.16323174014938394,-0.29510146505191309,0.20666623648412308,-0.97073155787219967,-0.12234912851549146,-0.26649304374686783,-0.17616935476641712,0.94760002958828271,14.209721599091727,5.8622636125381851,1.0027321877726272,0.5529689455562209,0.2127036191330748,0.1481481481481481,True,5
0.63236139889834841,0.75959803898549072,-0.15208510891182248,-0.74033732316814571,0.65037310397217485,0.17004550436228247,0.22807829600281676,0.0050640694106063866,0.97362962469999659,13.505797820449208,6.6943293360676464,0.84338008528527431,,0.141786097715419,0.2941176470588235,False,2
-0.6370375159156545,-0.69686167105049956,-0.32949509061094984,0.73332067576526672,-0.67960227503160853,0.019532902166220202,-0.23753734403496563,-0.22918237103356709,0.94395521662642856,-17.244100513271324,12.413197516473231,-6.5501457853662215,,0.1860526609908609,0.4197530864197531,True,3
-0.13699407543205105,0.97889894792250365,-0.15162279859155003,-0.98775387251293956,-0.12345711020089363,0.095397218389932523,0.074665324161953345,0.16283486020217119,0.98382411927677937,-4.6689620664428295,18.751714299775752,-3.8052458735187895,,0.1958674094528171,0.2941176470588235,False,4
-0.87911314090770032,-0.34821320817400586,-0.32543455123352166,0.39895381329623392,-0.91119740566305396,-0.10273822448004762,-0.26076031204880668,-0.22015187840689726,0.93996660052053083,-1.602977775700634,7.964943699463273,-2.5218775266591846,,0.1233333455394736,0.3411764705882353,True,5
0.45217124166176226,-0.80411977894086217,-0.38591780126104513,0.88838557551563491,0.44457518672127472,0.11455990820308078,0.07944959049494614,-0.39464450391186645,0.91539252678965166,-9.9134151459600766,18.213294297998193,-5.0563158049553723,,0.1833889205472906,0.3214285714285715,True,4
0.73537517552394616,-0.58374565086133234,-0.34418652838774183,0.65901685626178952,0.73435114964036352,0.16255821168032536,0.15786112373207803,-0.34636599735302676,0.92472182925012081,10.06336513495491,13.734866257312492,-0.15706878427172502,,0.3207123831816191,0.5454545454545454,False,5
0.7606937254961702,0.61077072732194326,-0.21978210718205199,-0.59627961822454767,0.79130566173140915,0.1352256137046739,0.25650667219537682,0.028186315091586214,0.96613138793893516,-6.5508092698821923,-24.488111065798687,-2.2539024320730401,,0.07832560711298421,0.1578947368421053,False,2
-0.75334491984947394,-0.5680920141153758,-0.3312746522680608,0.60675033564699654,-0.79471120501816439,-0.01697441636208083,-0.25362464771635657,-0.21378859678877143,0.94338166929077105,-14.838096133373636,16.587717526158766,-6.1914634255241339,,0.1081747892192526,0.3076923076923077,False,2
0.90867253268587422,0.39146991163165662,-0.14513971416997207,-0.34531712112080543,0.90007300695308079,0.2657530207077195,0.23467065049357427,-0.19136324213793376,0.95305288172030667,-17.173551289199203,-26.332743702284297,-4.5682129845004278,,0.3918325063593565,0.5333333333333333,False,2
-0.020539431734259865,0.99661352697405925,-0.079621665370429417,-0.99722288733130382,-0.01471939178019205,0.073005838727050965,0.071586623936686897,0.080900045475563148,0.99414814686514441,15.041448234516812,24.886123378239198,0.41263898981897318,,0.3931293738564157,0.3125,False,1
0.65172302237154878,0.73275344055519265,-0.19577920590660772,-0.70265158632035085,0.68049102977841991,0.2078766620681613,0.28554833277816305,0.0020865631152453268,0.95836203801172037,22.424327304241075,5.4117204925770901,2.5646059877945739,0.577912048776898,0.1837839382808735,0.25,True,4
0.70241066987022582,0.70225970802381232,-0.11597652063573498,-0.67065804864978185,0.70756896645134038,0.22262960157231865,0.23840518583648365,-0.078596820554600544,0.96798011713308474,30.099572044598457,-1.0892727266479838,4.3655286542804799,,0.3340716432101332,0.1333333333333333,False,3
0.09858615983173985,0.98032444649183614,-0.17101096076014027,-0.99086767852405777,0.1125892586845111,0.074195030057390449,0.09198919907236662,0.16213463059861033,0.98247155114775586,-6.9626550767363362,9.4838818152562379,-3.8157400654267986,,0.1452465190464023,0.3655913978494624,False,4
0.45282419292283677,-0.80793348180468993,-0.37708585134254635,0.88988340722038539,0.43577221709986419,0.13494479003543386,0.055297123411800306,-0.39666870784424185,0.91629480210222769,12.89568183819652,10.812126951269796,0.53808450637933825,,0.2870289131508328,0.5769230769230769,False,1
-0.15719355853991368,0.98640086283063633,-0.047995030581659132,-0.98716696219831268,-0.15555953484888257,0.036091825414543692,0.028134923097697766,0.0530525110110249,0.99819530011802382,-5.2597617763255764,21.58489539966326,-4.0575779012232438,,0.2780842107914464,0.1052631578947368,False,3
-0.66935619329186946,0.73163689653467512,-0.12911134005550381,-0.73171477114077077,-0.67930760903174214,-0.055988088072270042,-0.12866926671209414,0.056996701138646522,0.99004827956170161,-14.646571062843243,13.824144071113166,-5.9761175680743346,,0.08588329428166275,0.5,False,3
-0.71376664184900396,-0.60684103465505856,-0.34968720257163288,0.65852952665974351,-0.75148886294041772,-0.040041870508413208,-0.23848698811652252,-0.25885989943461002,0.93601042139701307,13.919246885289645,11.699811012501121,0.64637903166576416,0.5039197550630045,0.3775060335746255,0.25,True,5
-0.1749890551546206,0.98081014132967825,-0.085966838030427317,-0.9842731799024077,-0.17212292933680912,0.039749270701718305,0.024189623827083791,0.091570540357542807,0.99550474546218615,2.2825042286965314,13.278245080624298,-1.9035915352642141,,0.09521825399027546,0.1923076923076923,False,5
-0.41036144792606938,-0.76959509091699085,-0.48921046400551227,0.8936262800537611,-0.44628889183553933,-0.04752153850080254,-0.1817568531123297,-0.45667233445948419,0.87087015409073942,-22.233172393571323,-22.096732671405512,-5.961513703068408,,0.3185902041402795,0.2222222222222222,False,1
0.054311229546175913,0.99733968174793575,-0.048619435991272525,-0.99697445365621806,0.056874243508350207,0.052983574645724466,0.055607815116841118,0.045594732549711525,0.9974110944147615,4.2086288256211102,18.760175790442673,-1.6294018276506017,,0.2179108002513657,0.3333333333333333,False,2
0.55065912059449384,0.81251674338082924,-0.19128793645159556,-0.79996470717852064,0.57912798243579355,0.15705810144220683,0.23839253380691669,0.066538122047877624,0.96888682421604833,-10.637798174379759,20.404392174585187,-5.3881854958014266,,0.2308110349792009,0.3818181818181818,True,4
-0.77707937424875728,0.60099452301917411,-0.18695782791344881,-0.60411606273130147,-0.79554519005923441,-0.046385701715574004,-0.17661095341792746,0.076898854832641139,0.98127220344725929,-8.6002730874002538,15.377663577450665,-4.5723989387466366,0.4624229245440751,0.2532264341509238,0.253968253968254,True,5
-0.90270939778622494,0.35280459244330425,-0.2462613707006148,-0.36506193265414177,-0.93097264799855617,0.0044400456506468039,-0.22769613188469923,0.093908722861463206,0.96919328479683309,-11.97581238136735,15.56511067425771,-5.3840683490692074,,0.1024399582585752,0.3636363636363636,False,3
-0.87635601219140136,0.44224981598713869,-0.19082777616303026,-0.43583830562538994,-0.89675014093571592,-0.076708253019891925,-0.20504904595138868,0.015946315910474726,0.97862178790547583,10.09557563210149,5.1204194599521973,0.15166956786904723,,0.2197845810296782,0.3125,False,5
0.84446241022575785,0.52496967420768914,-0.1062547828475405,-0.48277459559958918,0.83194336379132694,0.27349392915972714,0.23197398034986241,-0.17965823278059223,0.95598692032621357,15.694962283642894,10.547511166724343,1.0654409418793302,,0.4386141869968233,0.3095238095238095,False,3
-0.08909914063533747,0.97912281863119222,-0.18270153029943367,-0.99522456089163558,-0.080175028292756467,0.055677986999423973,0.039867487205699867,0.1867899110604378,0.98159060335250681,3.3844234320566304,16.13775738303563,-1.6673746040819168,0.4340852773119568,0.2883176617136138,0.6923076923076923,True,5
-0.91169403174006625,-0.28853764929624853,-0.29250643997720438,0.30635958231572008,-0.95178130769441993,-0.016004644539549126,-0.27378421943727937,-0.10420348968290279,0.95612961146751696,-14.103093255124776,18.352377271952623,-6.1587014610053741,,0.07989615015868727,0.34375,False,3
0.76494247484405575,0.59325248799155095,-0.25082762142811693,-0.59121298432991143,0.8012423473472815,0.092075555806845552,0.25559776473821549,0.077860043085359751,0.96364287801631954,-7.8513791695792206,-24.370200079843155,-2.5645422262153672,,0.08607637325731765,0.1666666666666667,False,1
-0.24044864932376733,0.96474683526962601,-0.10699528436158356,-0.96944092589124531,-0.23315582802415877,0.076306297679111207,0.048669685077059238,0.12207335374933029,0.99132706916480917,-9.5772432458651462,-22.25625843121091,-2.9758936315786415,,0.2136096618099282,0.4210526315789473,False,4
-0.64637234373732633,-0.6966709530013625,-0.31121114455573706,0.72692674460588358,-0.68620970491050082,0.026339112804697314,-0.23190580248931009,-0.20920283012143875,0.94997572318505719,13.835756944990736,12.834321570865018,0.56704847843863659,0.3844698855180544,0.3549585865724084,0.4285714285714285,True,5
-0.36337804202358759,0.93096696479075614,-0.035452913045207674,-0.93147961307313165,-0.3637616208206883,-0.0048180542789417746,-0.017381858480403217,0.031272890595420211,0.99935973368430997,9.1561147135562635,-37.070614621569561,1.5744841296082273,,0.4682653619874143,0.2272727272727273,False,4
0.8406841243327916,0.50691158077086262,-0.19050158103069045,-0.4710873194740085,0.85808125734233731,0.20438515902233972,0.26707104022263628,-0.082080479276005411,0.96017490823090179,-6.207758419865308,24.301479695789894,-4.5100630842161582,,0.4259976454637284,0.7142857142857143,False,1
0.28401797994721889,0.94651632308371603,-0.15310335464249036,-0.94549289858461805,0.30300662808268314,0.11929024295398216,0.15930149337893451,0.11087756073275398,0.98098379228873933,15.968900171371446,9.2193129766541002,1.1691398569225226,0.5322290417117008,0.2074922954698194,0.2380952380952381,True,4
-0.88043998551999658,-0.3754151314403727,-0.28963582475784622,0.39267475357883241,-0.91967600072709577,-0.0016098411164648802,-0.26576675826625384,-0.11515004460365889,0.9571355689913652,-5.6096154287417406,13.457884023564336,-3.7345256756357297,,0.08055596819351854,0.2888888888888889,False,5
-0.90725052581172483,-0.30127244282743604,-0.29348151322892291,0.31921187590659894,-0.94757910476073914,-0.01405768476765315,-0.27386175653884087,-0.10643662627886065,0.95586138267629339,8.7933583941451161,5.8164460613215141,-0.16553442802183765,,0.07902595277984845,0.2258064516129032,False,4
-0.82016222237103298,-0.49876209495831697,-0.28030394508140616,0.50994296119062821,-0.85940711228862954,0.037115922187830851,-0.25940721911223419,-0.11249794656130579,0.95919346676879946,1.2173520039723253,16.258681129116713,-2.2810524491563324,,0.1676731663550601,0.3235294117647059,False,3
0.96081609202661322,-0.044823261465868916,-0.27353850283693543,0.11645432630721474,0.960796845012026,0.25161043797758553,0.25153693006602929,-0.27360609979768735,0.92836893257285313,5.5745314418736873,-34.497371362459937,0.65532305157034287,,0.3927353667057518,0.5416666666666666,False,5
-0.95228988524530267,0.17313321078497929,-0.25133417153816029,-0.17889606085111859,-0.9838679752064049,8.2311619707661765e-05,-0.24726539157642399,0.045041077768341903,0.96790037061777445,-3.067287586472641,-23.162757212101976,-1.4755079509025977,,0.0921930502016191,0.3636363636363636,False,3
0.35312117936556225,-0.87596491366727947,-0.32861969312162542,0.93547615045054844,0.33575767018634234,0.11023229494691483,0.013776959813347381,-0.34634124347948558,0.93800742984444785,4.7204458165714387,14.525082448255763,-1.3923090050649432,0.1446579677285488,0.2002886169099428,0.3333333333333333,True,5
-0.093975924876486913,-0.84020302806957803,-0.53406684709530694,0.99040556287078263,-0.13349082137158291,0.035735439610416329,-0.10131804665615335,-0.52558450531979473,0.84468667634190242,4.7283545164743854,-32.081059812464183,0.5420035137587883,,0.1715808903789299,0.4444444444444444,False,2
-0.65352856039463048,0.73660756415594753,-0.17409686147878667,-0.74869343937464861,-0.6628914148182008,0.0057537811640340358,-0.11116903609315575,0.13410543832584149,0.98471172270139706,2.8940347278503613,9.7308581178000306,-1.5836703066543754,0.2032145356817101,0.1539789484136946,0.5,True,5
0.96453748291963004,0.02827603448424023,-0.26242696110901043,0.0020070972851593044,0.9934307410298614,0.11441736903699679,0.26393827991322505,-0.11088655757442586,0.95814443365587709,10.650491654605545,15.998494086195244,-0.10249472524838732,,0.1503193281169236,0.2,False,5
-0.29363913040906825,-0.86733213497964812,-0.40188434744868118,0.94759166943583351,-0.31947090499540093,-0.0028929011787954678,-0.1258812500272265,-0.38167172870552712,0.91568586447455802,6.5610245252847639,15.613336621943272,-1.0361613373660128,,0.2700224908531566,0.1666666666666667,False,3
0.73582929106267114,0.64246453199344145,-0.21399668115336487,-0.63039297355587476,0.76531053446079078,0.13001724783551227,0.24730538470803476,0.039231504862633465,0.96814303474260688,-17.369098627536957,-23.374001360346472,-4.7675968728817857,0.257684797595104,0.1155965625263807,0.4210526315789473,True,3
0.96426029087330378,0.019787274311365153,-0.26421687156625628,0.046071967120502218,0.96949419319385788,0.24074547391184487,0.26092041945884598,-0.24431429172014932,0.93393311407761059,18.813172084497161,-24.828793202632479,3.0811702589632368,,0.5657679557070356,0.2727272727272727,False,1
-0.69872930325882887,-0.64318013457394618,-0.31320388767841389,0.67612288541120402,-0.73677429386511406,0.0046350536988205571,-0.23374174764183669,-0.20852566841759165,0.94967459743868976,4.3789950273209364,20.325610865482258,-1.6418297064700478,,0.2302219203390336,0.3,False,5
-0.87970968599169563,-0.35182081825758604,-0.31989526444284039,0.39097600277433975,-0.91806798357563724,-0.065490020521930134,-0.27064484777470216,-0.18268357718723904,0.94518679476550171,6.8789836928821781,13.003951551479238,-0.81134442322774158,,0.09685345571239014,0.4444444444444444,False,5
-0.2340053534735955,0.95527143015772509,-0.18082585343394006,-0.97223018636656355,-0.22931742650618323,0.046711696803037835,0.00315583005487656,0.18673514030571867,0.98240522602013336,-6.0069549445761785,-26.227782975178194,-2.0204357483812307,0.9189623922674668,0.6950557237725667,0.8333333333333334,True,5
-0.61343201866489216,0.75999577643536764,-0.21472675258829949,-0.78028530844631538,-0.62521208234437964,0.016269281282288495,-0.12188517506059893,0.17752822843425811,0.9765386485999622,5.6995529347288185,9.3626961573813627,-0.98056217867855977,0.2607179445576382,0.2220762625646651,0.456,True,5
-0.92087704464022124,0.34997700822599676,-0.17176018854167646,-0.31544801725402083,-0.92779512803274744,-0.19922035239704822,-0.22908080902860134,-0.1292760384289286,0.96478478886377739,12.460157195137253,5.8148930939042076,0.64316445789476395,,0.314933010928991,0.2,False,2
0.68213562669838346,0.72018724835675541,-0.12657532971764007,-0.69051791471081536,0.69138685125371913,0.21253054222133705,0.2405743050540344,-0.057572121880240273,0.96892180000760431,-20.091680716667479,-20.908924236660635,-5.5718137649962642,,0.1355934544513673,0.3529411764705883,False,1
-0.80237212559416649,0.57683472991230711,-0.15316875150138726,-0.5703074522223841,-0.81669118806350161,-0.088118745332863152,-0.17592152230216482,0.01664925543141911,0.98426338969021288,-9.1514088218293494,23.367926152757796,-5.2674088532219185,,0.5871934809665426,0.65,False,1
-0.92091323362112265,0.29650386417127256,-0.25299066123672043,-0.31632474693734131,-0.94777905205132595,0.040663533635420322,-0.22772235423101622,0.11747479314387232,0.9666137813828698,-3.9245976816464858,14.064288648403872,-3.3780741352091703,,0.08419736849206945,0.1428571428571428,False,3
-0.7932683995595109,-0.45288388787618522,-0.40696612925702469,0.54758842566123855,-0.82289404879828265,-0.15163212236929938,-0.26621826072255217,-0.34313491305100796,0.90076982026672003,3.6542564910316377,6.7180744540406998,-1.273768954909366,0.2248247985501343,0.204645890771871,0.169811320754717,True,5
0.27454536217637449,-0.86742952836303067,-0.41495886233617668,0.96154435945230443,0.25105467693801398,0.111373219370761,0.0075689439753230739,-0.42957835433299024,0.90299786742586463,3.5795621644180833,-23.795878996938491,0.013913225638147305,,0.2975498035097874,0.1666666666666667,False,4
0.83717936714341601,0.50211245405143445,-0.21682663746826508,-0.47706117200942594,0.86427925364427094,0.15948043729904149,0.26747587814668689,-0.030074161776293337,0.96309511441140183,-12.361621578790878,-23.755963987660266,-3.5238158336856991,0.2464628644749034,0.1484672928512398,0.3809523809523809,True,5
-0.57200424215551149,0.79525105026463494,-0.20096495716690141,-0.81314957061454352,-0.5819385319132071,0.011632750495263917,-0.10769829509088207,0.17006855126006354,0.97952935898155769,1.0791346962023447,12.61050290901947,-2.1088257372403891,0.7329121527396467,0.5013216920719827,0.3414634146341464,True,5
0.20520436209902404,0.95086170977005802,-0.23184731757925803,-0.9697737734618096,0.22949612640121317,0.082887612298121055,0.1320227180495005,0.20783054842828824,0.96921435454641403,-6.8080142225640996,14.706587752818702,-4.0944630461590172,,0.07533777058954012,0.225,False,5
0.37390327422413555,0.90063915395529925,-0.22146208679400434,-0.90916221409276998,0.40312788002677907,0.10446042700969838,0.18335869215939743,0.16228686548146454,0.96955792158168563,-4.7531559536404115,-22.811665877755061,-1.9163907585995905,0.3006392412114937,0.3151604533550001,0.9655172413793104,True,5
0.43299606791165968,0.89974230632137853,-0.054572771493924782,-0.87312018359272303,0.43368913387840152,0.22265417166271817,0.22399899592643435,-0.04875979256814536,0.97336885734682366,1.1257742523521919,8.6443127644450612,-1.9150216141878409,,0.2767510198493479,0.1304347826086956,False,4
-0.88633997810404208,-0.33958484671575595,-0.31477543597867308,0.3743440813095878,-0.92562810201033952,-0.055489868960180322,-0.27252147071929594,-0.16701721063942371,0.94754276913879698,6.1997318360624929,5.8380352015392551,-0.72361795964597819,0.2065329283649374,0.1550611029123022,0.2727272727272727,True,3
-0.8479060629448506,-0.38980592123889402,-0.35931414136999973,0.45742174871176672,-0.88053997746496471,-0.12415591766592762,-0.26799375408175541,-0.26963065822175392,0.92492089170916214,-12.330146139194282,30.835076378424617,-6.5059742463077361,,0.2226162276745143,0.4285714285714285,False,1
-0.81549748052178384,-0.50262488335362865,-0.28693568250807239,0.51666547560342013,-0.85564661712615842,0.030424544697533258,-0.26080767930050258,-0.12343862132376449,0.95746658489138625,-9.3404372746123521,13.629786773878431,-4.655874898498535,,0.5115972418643616,0.9820051413881749,True,5
0.72459854445685079,0.65119036254863771,-0.22562814783352564,-0.63819279284149899,0.75759419179309462,0.13697079880958404,0.26012863843910228,0.04474541635901555,0.964536644808624,14.244199582031504,9.5918832874371898,0.87279607999532061,,0.1175191441008794,0.2857142857142857,False,3
0.85647227083164501,0.5066743091348016,-0.098673166358731523,-0.44053925389783399,0.81709687394096975,0.37185731722131715,0.26903608507340837,-0.2750160778184923,0.92303073722910656,7.5246767371577423,7.1099141438238984,-0.50995385890907186,,0.3070821818637655,0.3902439024390244,False,1
-0.92993226561787345,-0.23628730409322074,-0.281769926158144,0.24557233164097386,-0.96937521764636581,0.0024325594495832326,-0.27371556641013989,-0.066932782232759377,0.95947891658303663,-0.26602486868780595,11.891017688737875,-2.3500445222373085,,0.06673879955178444,0.2325581395348837,False,5
0.24146771432137798,0.96950503497513141,0.041872784696974974,-0.96017162308808102,0.2324467338531892,0.15504505841008037,0.14058377273643657,-0.077643435516818987,0.98701960454913773,-10.677058484359884,-20.614915395455213,-3.2658477119250668,,0.4855423236897478,0.4186046511627907,False,1
0.583082194160636,0.80824750380428723,-0.082165244762951534,-0.7848915398569688,0.58654247353953815,0.1997828756302088,0.20966741643320194,-0.051999031993465755,0.97638910028633974,9.1053419072728072,11.661163099631244,-0.34781825346367196,,0.3253025726720591,0.3636363636363636,False,5
-0.52945081512961634,0.82537333495598075,-0.19606298044819137,-0.84450596897898,-0.53473810842208525,0.029407886017940484,-0.080569862339829296,0.18114638650774406,0.98015023539135493,-15.163453608702179,21.580187837511104,-6.6434006622678732,,0.5034524607989136,0.7160493827160493,True,3
-0.91430980056121225,-0.27741367971794401,-0.29509191602459561,0.29889197824826713,-0.95383422205115054,-0.029391532503669424,-0.27331515497051107,-0.11507357276728135,0.95501670085607382,0.39937773003581578,8.0859952446161625,-2.1085994855358399,,0.07484306790453364,0.2769230769230769,False,5
0.50002065339208646,0.84948193926254523,-0.16840362540068821,-0.84354879019615592,0.52175679904672922,0.1272606820943202,0.19597138755428506,0.078423705059472631,0.9774686377295142,-6.7490389170022782,-23.372994271400582,-2.3537620527180931,0.118587610052062,0.1471518069199968,0.1923076923076923,True,5
-0.96429409638824337,0.011044277363450629,-0.26460332501368855,-0.0054781296269287728,-0.99974811590734092,-0.021764531594124975,-0.26477704916886413,-0.019537878012728851,0.96411170802775159,-10.778796925255648,12.875887730932503,-4.9433691197752889,,0.08669162306635281,0.3255813953488372,False,4
0.79383664982334534,0.57414039411728002,-0.20046491274061629,-0.53449454148649422,0.81594852541463825,0.22032609694455269,0.29006716208214745,-0.067755529047691526,0.95460475054604554,-14.95110434006026,-26.115515946115682,-4.0257853596302651,,0.2085491547092445,0.125,False,3
-0.93983886492478186,-0.20183273870691851,-0.27562012546794029,0.20793977815533352,-0.97811509588205248,0.0072047115386221772,-0.27104235211053107,-0.050541119830379566,0.96123963639078214,-12.263864424782398,-21.461829220834264,-3.5699485033335612,,0.1310146488881662,0.5,False,5
-0.89294807631719564,-0.32451998667365056,-0.31197838266577477,0.34763372051886687,-0.93741927012947046,-0.019897445769256908,-0.28599742893884433,-0.1262215918108458,0.94988082431487508,-2.1975163958694117,11.480833650099942,-2.8245834212419871,0.3796074235861985,0.3047381389153205,0.6554054054054054,True,7
0.64325564956043713,0.76046849441801245,-0.088937271749141456,-0.73246476181856057,0.64503643208487149,0.21776908407140227,0.22297430794299777,-0.074937776060003902,0.97193970374531014,-25.203331804921689,16.107519359361167,-8.8557772049686942,,0.3689266141736571,0.3703703703703703,False,2
-0.9651498113595337,0.064303783375805612,-0.25367472297454907,-0.064374630052086171,-0.99789348939895672,-0.0080306177116859501,-0.2536567535830927,0.008579467275517786,0.96725624531607679,-3.1788916133668912,16.062719865657243,-3.276129249290471,,0.1339266927786777,0.3333333333333333,False,5
-0.55255749770173401,-0.77292056353778948,-0.31188782309353313,0.80791114924989182,-0.58866299834194236,0.027485437977088946,-0.20484088129891512,-0.23679036476068699,0.94972129412011386,-11.959688957426483,14.02390131471897,-5.3059662820614406,,0.2174202529313089,0.7254901960784313,True,5
0.74822860341456343,0.66025068011578536,-0.064984586164227642,-0.61341679097933077,0.72579816905861327,0.31134684571356441,0.25273266028931335,-0.19309597923780944,0.94807180383411849,-15.742830518631056,15.172199973402742,-6.3674506949063279,,0.3673056789475865,0.25,False,1
0.95805160347924712,0.21189243692346058,-0.19297336667395931,-0.15664207422177334,0.9510037418479006,0.26656170688002756,0.2400008034452083,-0.22515212227720746,0.94430193062374168,-9.4004918820147605,-26.099875179172304,-2.8056610728906763,,0.4710439827593039,0.2380952380952381,False,4
0.64953653295240266,0.73363516650122718,-0.19970411821715589,-0.72200141102175786,0.67747864700231009,0.14048717143751144,0.23836160521939295,0.052935104879831427,0.96973275691223237,-11.504021919077685,-24.433688285976,-3.2869245011659527,,0.177090034274045,0.3333333333333333,False,4
-0.97307103542700546,0.014281333427050374,-0.23006260784525726,-0.01352302177567887,-0.99989668761337125,-0.0048725744593920289,-0.23010842638866949,-0.0016302194187349374,0.97316363191889621,-9.8386581911035265,16.796362591564474,-4.96911760294552,,0.1222866604980346,0.1818181818181818,False,5
-0.76407962276972663,-0.51012581774315602,-0.3949100912105819,0.5893799308349007,-0.80090087716530955,-0.10577845756526578,-0.26232351628689632,-0.31357524619732868,0.91260995927897093,22.113149534985741,4.1467868361416595,2.5453784161921948,,0.3383781833783144,0.1304347826086956,False,2
-0.46799689281840473,-0.77836654212388212,-0.41847871441021978,0.86170381623304526,-0.5069903787343103,-0.02067096902052816,-0.19607509123222613,-0.37027865449273761,0.90799134171275186,-5.4339719144675538,11.061191734354635,-3.545080321798368,,0.0834479242389078,0.2666666666666667,False,4
-0.86155804917666334,0.48952078316059938,-0.1344884037853662,-0.46519686224636403,-0.86735008925686563,-0.1769059129092212,-0.20324765006031348,-0.089851129764411064,0.97499598318404346,-15.162033187971598,17.678754270103532,-6.3532521105689073,,0.3245809279834677,0.2,False,2
0.90106998910005109,-0.28308034839541907,-0.32853978616837731,0.38107675406393465,0.87845972064023181,0.28825167254463996,0.20701058488717522,-0.38493380673177435,0.89942903120794138,-7.4353617462763602,17.000160107307188,-4.3935730900145593,,0.434230719439287,0.1346153846153846,False,3
0.37562122235052497,0.92563910093867985,0.045836144398602674,-0.91038321519007692,0.35926649654732357,0.20525590359058982,0.17352549904862669,-0.11882692991087551,0.97763442140090417,7.7132301163810872,-21.664233177558867,0.77818277975047334,,0.2428986627215694,0.1052631578947368,False,1
-0.92837203409785662,0.30975541305331611,-0.20537027630399035,-0.28984892783573307,-0.94931863391599158,-0.12158013954734202,-0.23262193649242063,-0.053345247061427445,0.97110314554040622,5.7740541655194315,14.42222478497691,-1.1761421375513306,,0.1184460120061751,0.2857142857142857,False,3
-0.38034618450237107,0.91344147700426725,-0.14478068939866262,-0.92457776182603857,-0.37930591383429257,0.03581879488601377,-0.022197798792725251,0.14748454772821465,0.98881523345373434,20.40107328826933,6.0519614423192536,2.144513960529177,0.9542467894331941,0.3209754442612368,0.5333333333333333,True,4
0.75149386320393363,0.60593738681662968,-0.26095374460747139,-0.60917658286730036,0.78917320187301676,0.078163599786663276,0.25329994957154328,0.10022744486079992,0.96218168494506739,-20.216678873548361,-22.496620135164445,-5.4674589423818318,,0.1304317706950099,0.3529411764705883,False,1
-0.65049439914806673,0.73961830596898126,-0.17268989012843203,-0.74991449139035882,-0.66148296322441413,-0.0082791887638595102,-0.12035485980937692,0.12411708520353981,0.98494144845307574,2.1187071775476323,-29.205468978540729,-0.053222109735558527,,0.1463682552029276,0.3333333333333333,False,1
0.71186449086459347,-0.63396830548085892,-0.3022137228714476,0.6878123197824827,0.71631744931879116,0.11748840179719622,0.14199704011538866,-0.29150214312616685,0.94597216721810562,-12.131823898327776,19.193458199249722,-5.6947078052643469,,0.2777886366191107,0.1,False,1
-0.94689250033380468,-0.10250883009750326,-0.30477291966911257,0.17006960498225707,-0.96405778019875343,-0.20412967912439761,-0.27289360980567723,-0.24512147231585352,0.93029271820053161,2.0619403377041658,-22.477672690499386,-0.37793269596070078,,0.1673342894145318,0.2222222222222222,False,1
0.56277390466106991,0.82631101687330055,-0.022262875518351599,-0.79785117996254595,0.55003914835268586,0.24675986284609872,0.21614584628187195,-0.12110755002585297,0.96882089906330437,-7.6337318105168084,-25.572122651771981,-2.4518580863372619,,0.6360800508893242,0.6756756756756757,False,1
-0.85067202877734982,0.48306018188582739,-0.20738842815417741,-0.49606672435979998,-0.86819387729069952,0.012537799562979575,-0.17399685180705785,0.11354405361521402,0.97817832906370394,17.743648058184331,6.6617109661172922,1.6756923886152963,,0.1496189349745967,0.4210526315789473,False,4
0.97159104371337057,0.11200116418909037,-0.20848640962003262,-0.080118932703876114,0.98457324783932365,0.15555216572429151,0.22269216510321016,-0.13442938242591945,0.96557596321689299,10.854585300119883,11.740095372980459,0.018071000196738133,,0.1853390470695323,0.1052631578947368,False,3
0.73560919874528041,-0.53686479754265748,-0.41310446122114031,0.66044681250835613,0.70400016181532821,0.26113938808909037,0.15062906282945376,-0.46493006067953246,0.8724396392345134,-2.1616585584540067,-29.864915187559628,-0.99020849514519571,,0.1619587260623734,0.5454545454545454,False,1
0.64369087187131291,-0.68570860402500089,-0.33980254830656248,0.75629797573429158,0.63783420853364881,0.14553657383787399,0.11694200857588317,-0.35067254353647181,0.9291680869680683,12.950746752036423,14.258988692164515,0.32114311485663083,0.7514963627499938,0.4461217062925177,0.1904761904761905,True,3
0.35147548398013617,-0.86532110731182665,-0.35732949136834963,0.9357919312532279,0.33595384591782196,0.10690404489250524,0.027539890382560356,-0.37196020573934885,0.92784005075447051,10.252069972135416,-27.274464978363049,1.4300046562315556,,0.8099055446393276,0.6274509803921569,False,3
0.88190982442998345,0.44493088217590476,-0.15579336205386618,-0.38522440455532964,0.87066155617687602,0.30586044649586869,0.27173004932996947,-0.20972592753837443,0.93924321430037583,-16.913094865188338,20.692345039167311,-7.0206470436416248,,0.5222607229452203,0.44,False,1
-0.096762557329101537,-0.91237702693629374,-0.39775013289503935,0.99104501134994782,-0.12526525969891214,0.04624283934778857,-0.092015177973601911,-0.3897137095759568,0.91632768788847196,5.6333205930327104,11.492178910596946,-1.073131165103165,,0.2114808496771322,0.1851851851851852,False,3
-0.92547526849195683,-0.17278471159714387,-0.33710676476160034,0.20194461900704325,-0.97795336011395884,-0.053156338247835208,-0.32049009074204049,-0.11727177358644301,0.93996459127780418,20.616605399245291,2.7352410579374613,2.3807590535287235,,0.3818227002744621,0.119047619047619,False,2
0.66240604711460083,0.74225531309327197,-0.10136705051849382,-0.71075815199202019,0.66544205643110343,0.22805639414327536,0.23672996878912145,-0.079018477064250081,0.96835685682477068,11.861807693253388,-24.784353053947481,1.6918415161593467,,0.7738214159289996,0.2765957446808511,False,1
-0.9494212514631174,-0.11578912310890513,-0.29187697106808103,0.17570028253351555,-0.96628908366234767,-0.18818825019809735,-0.26024737844568085,-0.22995279029542071,0.93775957273039867,11.347270144322433,9.9682155274356177,0.21626437736266166,,0.2700675115845629,0.21875,False,4
-0.75922409907022714,0.63265043587622538,-0.15274879173539557,-0.62783731454601555,-0.77377707308822441,-0.08419826379841279,-0.17146158127886454,0.03197604022767217,0.98467175190350065,5.0086577821963241,7.0352031539900794,-1.0332416943464435,0.1993794835397429,0.2444060065590185,0.5059523809523809,True,4
-0.92309918887235276,0.31316467073821058,-0.22319448134896294,-0.30923463788258027,-0.94949175571491817,-0.053285500495271809,-0.22860845617962994,0.019831662331494096,0.97331643309477534,18.312529143801672,8.8821620458046482,1.7214955515899562,,0.6852500732509665,0.574468085106383,False,2
0.46381202662352017,0.88391958408358229,-0.059704043689600361,-0.8648593551939141,0.46636120786773394,0.18581043977590439,0.19208513657477494,-0.034545515912412839,0.98077005849352639,15.269829815769183,-27.388249096399889,2.4643793150465498,,0.2230972327547721,0.1538461538461539,False,4
-0.11479462655164513,-0.91167383112327394,-0.39455420332304247,0.98750589230942898,-0.14789070145071329,0.054410045750528699,-0.10795511275074916,-0.3833786197343671,0.91726033794203987,-3.5997036528885049,24.398872919065553,-3.8365123961595464,,0.4720303721569346,0.3076923076923077,False,1
0.089674193928027862,-0.88559846626900118,-0.45571251407587293,0.99392558894734162,0.050262572740992037,0.097906064251086694,-0.063800176951477688,-0.46172397633591733,0.88472623285257612,-11.965937338263924,17.793073957077741,-5.5679788206659167,,0.4021125448685081,0.2857142857142857,False,3
0.74954125838286967,-0.49198395835945752,-0.44287660437054466,0.6433682283988581,0.69887403000263126,0.31249386053936579,0.1557729908191379,-0.51915977781877642,0.84036176758966141,-16.15549646200585,13.600799911281626,-6.3425002929597003,,0.5258545534484861,0.2560975609756098,False,1
-0.96029611664954506,0.095074209138975796,-0.26228279223845236,-0.082966050798295846,-0.99492749785821166,-0.056885045666940776,-0.26636066294168792,-0.03286592098502103,0.96331294420612268,23.752295987215266,2.5101801172924101,2.9220338018951564,0.5607965960854127,0.2777229874584966,0.5121951219512195,True,3
-0.2752541539696215,0.9514745085217432,-0.1375914617836963,-0.96137124983966338,-0.27252257552948128,0.038688057698739495,-0.00068607885159009674,0.14292552417285295,0.98973320841311796,-2.7415832413020373,13.713290772224163,-3.0589792846528288,,0.08407574683288994,0.2,False,3
-0.505079542976411,0.84872229114318398,-0.15673266342216444,-0.86069838166025447,-0.5087762144066319,0.018575776201183183,-0.063976175832566415,0.14428179431488392,0.98746636031569168,7.2967401088079651,17.208123378823558,-0.96934277421602311,,0.2396255532176965,0.1578947368421053,False,3
0.94008903427817192,-0.17000028117444368,-0.29552074720828791,0.24740157004036997,0.93657137817776803,0.24824688662651245,0.23457423296580265,-0.30648647275011454,0.92251881891357601,-16.027105441074156,-22.295363681510835,-4.5164801342585781,,0.47020058157001,0.3793103448275862,False,3
-0.62655456639369989,0.77759087166315011,-0.052742882338241315,-0.77126853839575504,-0.62835081833580642,-0.10158784758817631,-0.11213481623509627,-0.022971404024684616,0.99342744958303653,19.00737344248822,12.15568326985613,1.71540723267595,,0.1636225299442388,0.3076923076923077,False,1
