axis_00,axis_01,axis_02,axis_10,axis_11,axis_12,axis_20,axis_21,axis_22,location_x,location_y,location_z,dbh,dbh_approximation,score,reconstructed,number_clusters
0.68494830727281153,-0.62372535296249099,-0.37658000535865743,0.72198148607070445,0.65050866603266766,0.23575667368610553,0.097921142432306027,-0.43336492646292379,0.89588296689720393,9.3529469680687782,4.6209736205905667,-3.8065432719904062,,0.5309124332140758,0.2878787878787879,False,3
0.83518664283856547,0.52014549671119836,-0.17863911630745247,-0.50571767002317969,0.8539969873335479,0.12222431775858204,0.21613169561721662,-0.011739159948019537,0.97629364551519127,-8.6658880875134834,-9.7960520930612702,-6.2995560632763876,,0.07689435779282429,0.3061224489795918,False,4
0.02611167320020678,0.99706857767009827,0.071919621422907365,-0.99723876440933878,0.020977692264560824,0.071237512495805677,0.069519977574955302,-0.073581165050453562,0.99486319907201171,-5.8719608053926553,6.5275507032773419,-7.1539362390174324,,0.4029533222241038,0.2740213523131673,False,4
-0.58583020199115587,0.79027625692953118,-0.17962853940410356,-0.80622263955528095,-0.59085653945549288,0.029893230859102976,-0.082510786588890994,0.16233295265019268,0.9832802156966004,-15.259205277983902,11.352265034946676,-9.4910607176225987,,0.1161013990762578,0.2631578947368421,False,2
0.17868694687607289,0.9723376533434398,-0.15043424778514075,-0.97642544914235552,0.19406133074110218,0.094517417326875089,0.12109631407791735,0.12999879923124752,0.98409145658072705,5.9111595534754482,15.00827529501175,-5.5714748522583131,,0.2148789252390522,0.3478260869565217,True,5
0.69411338760444352,-0.67017881109779309,-0.26280594799933971,0.71257878150083132,0.69147621078263832,0.11871027788895969,0.10216694819301092,-0.26966833532551104,0.95751809571396296,-15.566946875950444,7.5932351905783007,-9.2506868802457269,,0.1362128932256093,0.4301075268817204,False,5
0.92103871860988473,-0.31226244091036098,-0.23276564784814316,0.34280882096152321,0.93363353490110335,0.10397372157926191,0.18485072651313253,-0.17555794059163121,0.96695895383557695,-7.2134711722430858,3.0763411000908492,-7.1155690771880895,,0.2672438705598543,0.7050610820244329,True,5
0.64778535932848891,-0.67456370840403268,-0.35403097540167261,0.75823723920151742,0.61592311655972187,0.21381067226736056,0.073826941747046487,-0.40694289254336236,0.91046530130517311,2.8866981720856817,-10.157634163814212,-3.776321237489229,,0.2351803813850751,0.1304347826086956,False,5
-0.21784497978872691,0.97586809962896315,-0.015000563569594644,-0.97591506363601077,-0.2176221454557826,0.015178615732130862,0.011547872062451781,0.017945861187983941,0.99977227042814665,3.1272311662290968,-9.1121501789510582,-3.7935381423642669,,0.07878498034269059,0.3333333333333333,False,5
3.234093580118595e-05,0.99226867041679234,-0.1241083585555523,-0.9981393155599666,0.007599492624277864,0.060499210286858174,0.060974631508060873,0.12387547546283408,0.9904226173161188,-6.527060119559879,-4.4321958210150996,-6.3193342930086995,,0.1068209827651891,0.2085308056872038,True,5
-0.7777036438924716,0.61443727604101239,-0.13283025290825878,-0.61554286285021587,-0.78721056727355831,-0.03750342340377201,-0.12760888006142707,0.052596165108712081,0.99042900661547928,9.677427133603496,-1.1937055283541731,-3.1655822976499981,,0.1914059568374821,0.1807228915662651,True,5
0.83284588790584713,0.52979147056245268,-0.16027702492121221,-0.50965722183552165,0.84696871453237232,0.15130602378715385,0.21591026661374574,-0.04432825648110772,0.97540646012220267,-6.7955383547851529,-12.122420438597896,-5.6653493894139348,,0.1335527474515993,0.5888888888888889,False,3
0.11773126708453832,-0.96121661120906987,-0.2494032379228889,0.99221998934599642,0.10362463431260818,0.069003100697063863,-0.040482607288810146,-0.25558670055253307,0.96593819523185331,-9.79305498252916,13.00223025675511,-8.5808830372401275,,0.4438130653800916,0.6565656565656566,True,5
0.3390323156573653,0.91869792172689779,-0.20261100057667669,-0.9313286327307756,0.35819478772677249,0.065753113243368605,0.13298145282642787,0.16640499589871052,0.97704928767392352,-2.8197990946231197,-2.8324437214214506,-5.6474394996537205,,0.1731634927136145,0.7759882869692533,True,5
0.84374584447968726,-0.44188774381622881,-0.30467715993861899,0.51007565471406935,0.83682226852139185,0.19887513010611868,0.1670801496027382,-0.32320846642950896,0.93146149187017468,-8.0458433224367472,15.77671848796072,-8.4453397617072099,,0.1833886299806299,0.2105263157894737,False,4
-0.067434721496699782,0.98458519786978316,-0.16138322859697668,-0.99670701068986978,-0.059178628242881698,0.055434869901140549,0.045029914260723621,0.16459003036336156,0.98533366365240005,2.6614314387656277,-4.569510069198266,-4.2981298018451977,,0.06681149423629959,0.2564102564102564,False,5
-0.0066782348054551573,0.99478452995970112,-0.10177986113539694,-0.99718823499615772,0.00097209600578211826,0.074931161839411634,0.074639300406232123,0.10199408797676959,0.99198093774661589,-8.455203471594352,10.468053746863951,-8.0575784112791204,,0.2460965579784933,0.3837209302325582,True,5
-0.96533928765670607,-0.065863976541397362,-0.25255097762748152,0.13610962309500982,-0.95267824890094543,-0.27180567428212765,-0.2226976205696343,-0.2967593143697127,0.92862246318266517,-27.134126485793658,0.97448348225501569,-11.075805743746711,,0.4808792402845036,0.1052631578947368,False,1
0.6659885781694429,-0.69477041558549091,-0.27157555739610956,0.7387036030593318,0.66491265005329692,0.11049051826407022,0.10380848026536409,-0.27419926591124555,0.95605363970790314,-2.3554488656141928,14.949738967378714,-7.2984663663134945,,0.2617041797587255,0.7796610169491526,True,5
0.76796116983529383,0.62853874946203492,-0.1231855594211731,-0.59707794651652157,0.7721430201427113,0.21746972715416296,0.23180502024076155,-0.093456925209390168,0.96826248286380789,-3.2533532640558995,7.4737465510791594,-6.6796138230217696,,0.5087600850455359,0.2371134020618557,True,7
-0.10340768174730451,0.97730188203440171,-0.18489965583435747,-0.99374064115771232,-0.093614063474413811,0.06095855338889189,0.042265700835383786,0.19004588522728944,0.98086501214033983,1.6631347545611876,15.356294494545045,-6.5394509883516232,,0.07784801861584642,0.3,False,5
0.58892958573042242,0.79581241031244321,-0.1408706876681341,-0.78769521936716924,0.60421178475965887,0.12026786995559184,0.18082639308878673,0.04013386039552784,0.98269582720812043,8.0987764572304659,-9.3260411086317596,-2.6991934741608503,,0.07445471212960654,0.2777777777777778,False,5
0.74492841439210455,0.66237613785619032,-0.07962103635335091,-0.63211061965023063,0.73893152771080628,0.23327314864847759,0.21334906129783088,-0.12344249411645397,0.96914608222374954,7.0486045305173146,12.038111375966171,-5.0334944623316007,,0.4446078388089951,0.8333333333333334,False,4
0.74076489427137293,0.65746093851937004,-0.13788577060868631,-0.63502641521695424,0.75229265506341603,0.17549134769082295,0.21910915862151115,-0.042436722998671822,0.97477705202231146,2.8069416999821795,-6.5858249634258961,-4.0793530056697467,,0.1578809602700068,0.2352941176470588,True,5
-0.73663182511331893,0.64864713574081168,-0.19139082403673696,-0.665081385055736,-0.74612368913754956,0.031083625273067059,-0.12263892319555017,0.15018766195334954,0.98102159034061087,-22.32304040530591,2.0336522912393091,-10.167171619480898,,0.0958688862013866,0.5,False,1
-0.96428021167574929,-0.11226768214808051,-0.23991590384063663,0.12012101841851186,-0.99259026417812057,-0.018316888188453395,-0.23608179579262684,-0.04648155552373788,0.97062085836407919,-15.085439337341867,4.5696995584924656,-8.8437525875917355,,0.223525211355225,0.3225806451612903,True,5
-0.72993024518991723,0.66818250073598706,-0.14399299589629305,-0.67670481957166406,-0.73611125631491015,0.014519142363308861,-0.096293428256910452,0.10803871545278171,0.98947218841048967,7.1216652557933759,0.58152659399955198,-3.8749472693212219,,0.1554466043135973,0.4069767441860465,True,5
0.98911616255915424,-0.078337502969004727,-0.12454899675562901,0.11152453533031897,0.95131603985073221,0.28733268234239617,0.095976533504857089,-0.29809566912536822,0.94969862433568364,-28.79975389773433,10.965509781002472,-12.343134195786051,,0.5690656562463692,0.5964912280701754,False,2
-0.34668272517083254,0.93789613167087404,-0.012725339482152459,-0.93778411806812001,-0.34685649886385927,-0.015859290498147188,-0.019288233908890326,0.0064354792142141681,0.99979325294780796,-18.468499599118299,8.5010346304702846,-9.9468783505825105,,0.111309743973007,0.4,False,1
0.97478466159223764,0.1147310928352225,-0.19139393893575299,-0.042602527497638522,0.93760898730846998,0.3450716035393222,0.21904311944299948,-0.32821664073477713,0.91885469393667385,6.8256779471325117,-10.217644086712523,-2.9018175506790143,,0.06611425548098865,0.1666666666666667,False,1
0.97797966373267986,0.021973537699201476,-0.20754021529885844,0.022707300047975939,0.97733470617815787,0.21047862272493506,0.20746121529058378,-0.21055649061626222,0.95531450758874059,-14.325454084575799,7.3610173070885967,-8.9790338290871468,,0.2283944522992698,0.2613636363636364,True,5
0.22328325402341806,0.97055731400237422,-0.090349813000416876,-0.96779432634589735,0.23179094201116493,0.098219657371971691,0.11627007510707361,0.065509231701137233,0.99105489767041755,1.4594409688307279,-7.9447345255277337,-4.2557561977795784,,0.1179892920425307,0.2037037037037037,False,6
0.41393716626241805,-0.87727399962517649,-0.24299455131398789,0.90958459215603726,0.40922223631189919,0.07206268812793952,0.036220051062577384,-0.2508535247700045,0.96734720602867841,-0.89599886184010402,4.4352357417956458,-5.9541717486712571,,0.0886380812821465,0.4100719424460432,False,5
0.97108289003740644,-0.037459962377173306,-0.23578543613908434,0.11640902038884753,0.9365507894407652,0.33063810846601993,0.20843934525109778,-0.34852456156859224,0.91382912480108291,-10.143863493159294,4.546330045922832,-7.8657122235530368,,0.08115709612410071,0.3023255813953488,False,2
0.9416765353686547,-0.22134071166490096,-0.25348292269058775,0.27631905502060744,0.93850665291313307,0.20700976370767346,0.1920757209243425,-0.2649783987374506,0.94493034962050548,-22.433997690456511,4.7474615746270326,-10.447273968619777,,0.1089838289971746,0.3478260869565217,False,1
-0.47676869198215044,0.86308036369298646,-0.16668503278102534,-0.87750386912675493,-0.47847105848806082,0.032440805429117349,-0.051754941920598277,0.16173352156215742,0.98547637921459008,-0.63159197104869413,-6.6755936880276776,-4.7669959957273953,,0.09106768784449967,0.3398058252427185,False,5
0.177369148786163,-0.8992115641822167,-0.39994843155067161,0.98389196010737112,0.15281643876683945,0.092756384571064429,-0.022288918658077382,-0.40995816723611089,0.91183195009906359,-4.6711488632615845,10.861784549337569,-7.334720946041398,,0.1750004559433225,0.2413793103448276,True,5
0.9752317574615601,-0.025586490628694544,-0.21970059338960229,0.061573648289036817,0.98542811059059499,0.1585563770216355,0.21244223938476464,-0.16815698128581144,0.96259624171821301,-4.2070026713389375,-7.9393009019016674,-5.4442182649571436,,0.1319627041386363,0.42,False,5
0.87987608810388729,0.43364026134094263,-0.19435584201963055,-0.42420408952240479,0.90108028307444554,0.090028961378795735,0.21417039948477554,0.0032322126532669526,0.9767909667814787,6.6109137280464552,1.6040430521007867,-4.0912278944511833,,0.3505001340567461,0.9085173501577287,True,5
-0.63821545017290959,0.75998003758244226,-0.12292835977421739,-0.76072642605457086,-0.64707433018899452,-0.050893181396953965,-0.1182215879728806,0.061034037115802409,0.99110973279981285,15.814582942329658,0.93322186185794842,-2.0313520903984141,,0.2579786645403104,0.4285714285714285,True,3
0.77623655136025593,-0.54877765058448069,-0.31032226241653332,0.60760507277835807,0.78249420909971157,0.13608412199600842,0.16814544854483693,-0.29418685039341219,0.94084069065345011,-20.86158349981552,7.6145650533326137,-10.362523447724373,,0.4918989982092453,0.7666666666666667,False,3
0.074149000987994249,0.9950112149184428,-0.066742848598224547,-0.99406302632434496,0.079090511033720265,0.074722090169562938,0.079628043724342096,0.060806029725250788,0.99496834190927119,-11.984798060611167,15.177154889811467,-9.185410200566416,,0.08136011266217529,0.2142857142857143,False,2
0.43276211932995756,-0.8557657756919258,-0.28351699283718379,0.8999876507193153,0.42836882712572377,0.08076123141495177,0.052337143844225317,-0.29011219398937366,0.95556043151278525,2.3159361691187828,-3.1098975991982738,-4.5177792637840044,,0.4083779822941738,0.6893203883495146,True,5
-0.85367556887977614,-0.44721670642176792,-0.26689930797035699,0.48355047133587853,-0.87095641145041358,-0.087257498384187004,-0.19343465245048208,-0.20354888074043304,0.95976605919394586,-13.986734423830686,18.602232059547557,-9.8558511290867479,,0.5078465391073529,0.2380952380952381,False,5
-0.83924108732116298,0.50388978438705512,-0.20437583649335325,-0.52198690169435191,-0.85185856572473317,0.043204843026334538,-0.15232882790700428,0.14294078911131819,0.97793857629030578,-19.149310363357198,4.7594405458793654,-9.768251843171889,,0.4759021902782736,0.9495798319327731,False,2
0.7233933462869746,-0.62392318148094184,-0.2956719975892747,0.68193248848565868,0.71265829084997567,0.16457898295513823,0.10802845780390316,-0.32068368230000427,0.94100575354830807,21.61117347807895,-5.0072391739326392,-0.20544102620917828,,0.1804942453649379,0.2142857142857143,False,7
0.93361053836022345,-0.26395549124425677,-0.24227847883115478,0.31163803549399233,0.93189615993142505,0.18561056526639436,0.17678545612176477,-0.24879116894911746,0.95228664631861382,-11.165275047257818,-9.1232914529922162,-6.8315238040296116,,0.4747521383907776,0.625,False,2
-0.96219389803200772,0.18256750846810657,-0.20211879536974792,-0.18668518306208903,-0.9824188839462481,0.0013337506823774964,-0.19832182183270855,0.039015911081969931,0.97936010418405284,-8.6910006890485114,-11.051283487287565,-6.1221890397310919,,0.1293864178563135,0.2068965517241379,False,2
0.80104564779846243,0.58094697012987162,-0.14431385255776352,-0.5608664468984389,0.81265320419687581,0.15818849026421444,0.20917623881947606,-0.045775403935660375,0.97680597536453706,15.891462814254503,13.085671278074649,-3.2949294020649305,,0.2994267859313847,0.7307692307692307,False,5
0.92677461090965463,-0.27602979786358756,-0.25474766194146925,0.32887492811906255,0.92395773137118675,0.19530333405779582,0.18146653197749585,-0.26478229044027202,0.94707984691960567,-0.98119422344912222,16.976978625712533,-7.27103201581519,,0.2295901486960693,0.3125,True,5
0.50537706091523493,0.84806295283984068,-0.15932122997657547,-0.84635438486102066,0.52314687937945115,0.10000798879122155,0.1681614745629984,0.084300478148774435,0.98214823110194815,7.2431533426065524,5.4396127063703501,-4.3630679027915811,,0.1780500988203427,0.5084745762711864,True,5
-0.2792885300043576,0.95990405647418253,-0.024127150109686385,-0.96015334475467395,-0.27891849528528129,0.017607599047218828,0.010172097346080482,0.028083364332017358,0.99955382700651874,1.8582913323824017,-11.529935800358166,-3.8474657397677237,,0.09858847452693584,0.2580645161290323,False,5
-0.93263256987790066,0.29671550636144128,-0.20532023253351619,-0.3080082194025533,-0.95106406650975206,0.024659241156277802,-0.18795591606387982,0.086238330680784736,0.97838413925103063,8.724532738596162,-0.26580797611606072,-3.4317747367300604,,0.08092475156311867,0.2307692307692308,False,5
0.84806395275286872,-0.47629124362854802,-0.23223734256994888,0.50695475886184871,0.8568329634071522,0.093990133983537394,0.15422193264417833,-0.19744347054711539,0.9681072623577438,-12.653723158395032,0.080588399147658307,-7.9860691841437426,,0.06862435455026042,0.2705479452054795,False,5
0.70244759897689624,-0.66929471078073088,-0.24209907230828076,0.70194447863170162,0.70770064856878767,0.080210603624362692,0.11764913773615655,-0.22628385301707599,0.9669303481914735,4.3222472555195459,10.123944518550783,-5.377539911547772,,0.0956416089497418,0.4583333333333333,True,5
0.96424245052416702,0.21371786127392373,-0.15672004460071084,-0.14360784552940253,0.91835433486613172,0.36878462865877126,0.22274039442712712,-0.33309156609719853,0.91620779590951029,-8.4989791202692384,3.9632298588408488,-7.4601453151031505,,0.09102314780926085,0.2761194029850746,False,2
0.40670920574316261,-0.82138629648800277,-0.39989020231244593,0.90637863071011493,0.41756999913098097,0.064133248926046188,0.11430397961498753,-0.38853551673878622,0.91431654938358253,3.9013420738446802,-12.045258684570065,-3.3756744341200138,,0.5096199875251398,0.6578947368421053,False,2
-0.96514105555875085,0.1362152515885581,-0.22349082332303111,-0.097421149307163182,-0.97950601980852403,-0.17628691620915954,-0.2429235734600739,-0.14836900752357135,0.958631720247071,-19.008275375804146,9.1102713833248963,-10.133719641751791,,0.3283911581824442,0.2888888888888889,False,5
-0.6175755742402238,0.78105400743765507,-0.092493500136152901,-0.77784274485280369,-0.62394266159925271,-0.075207840790014496,-0.11645202609535604,0.025498872563687797,0.99286894055372021,20.003089106859388,-3.6264346355897845,-0.6506073745382851,,0.4839928501290686,0.3125,False,5
0.12473819091692931,0.9877784087983178,-0.093456935743876382,-0.98985301801064018,0.13035181429923368,0.056563302981044443,0.068054290548054383,0.085453025813960859,0.99401528857318866,1.8751559270049067,11.347388344299318,-6.0389135771302138,,0.8003622344647227,0.8607594936708861,True,5
-0.41445306794330417,0.89998178299832909,-0.1351349131184556,-0.9078767016068352,-0.4191748735841716,-0.0072332589604339886,-0.063154961419336617,0.11968799282652932,0.99080080501646739,-11.267875300202688,-7.897546060190523,-7.0043217494840047,,0.186901561729065,0.1728395061728395,False,3
-0.73752897143083007,-0.60332791122971485,-0.30339157508304698,0.64479199286257627,-0.76266772386848847,-0.050805796023359356,-0.20073440721632665,-0.23309520479934653,0.95151054815964153,-12.330332634801975,-8.7428142507843809,-7.130270388055882,0.2486344145549884,0.1452721122100106,0.2571428571428571,True,2
-0.40587176735554215,0.89654814969279761,-0.17739651559742978,-0.91338715183827002,-0.4046053306996627,0.044927021114128815,-0.031496338207184484,0.18026630758918086,0.98311344158632119,4.7111545409201474,-9.4140879541270319,-3.4046365117313906,,0.0739312950117975,0.282051282051282,False,5
-0.93679113476752884,0.31123843153101055,-0.15985308429642625,-0.30404848990353667,-0.95020802849754704,-0.068258467358872574,-0.17313834239804568,-0.015340838207859427,0.98477803238838324,-0.74045435299747586,-5.0886829623360557,-4.9839645039989238,,0.4977044765656242,0.9425675675675675,False,5
0.6524209598948304,-0.7018635088088665,-0.28589247295515946,0.74922883369328019,0.6540999950050892,0.10396803016769871,0.11403089867451516,-0.28202980611426609,0.95260492472516334,-15.00642759027833,1.1842861068764772,-8.5570730824128258,,0.3815884508339011,0.8273657289002557,True,6
-0.68219736830237154,0.70881266047459757,-0.17941951686547461,-0.72329846537085085,-0.69012691703112894,0.023752228974996632,-0.10698635741761549,0.14597756930443534,0.98348587614997196,5.7981069398858311,-11.883469341966002,-2.9601432464636588,,0.0883401800602323,0.3225806451612903,False,5
0.96232052234723264,-0.14378002532849288,-0.23079539983692671,0.17618142558588984,0.97620173702759239,0.12645265478761133,0.20712150431056761,-0.16234984736934369,0.96475033532581778,-12.712174647596097,12.569492118025863,-9.0783186348148863,,0.3998192175722445,0.8324873096446701,True,5
-0.97545523130672795,-0.050950744700909774,-0.21422211214241979,0.077894900958587046,-0.98980059891656447,-0.11927765418996679,-0.20595988959258221,-0.13303682196607117,0.9694749753759393,-19.209611282961259,0.71554006418976801,-9.4129874802463505,1.095248011002129,0.4780504770032484,0.3769230769230769,True,2
-0.97084589400907018,-0.060077565869921461,-0.23205373551157613,0.085829337542748421,-0.99102174057490544,-0.10251455762407283,-0.22381147178530464,-0.11944285573876581,0.96728580539066422,11.560429074232575,-2.1783260270141764,-2.617926205617966,,0.07566225599529594,0.4761904761904762,False,5
0.6232253951599992,0.77768575083047253,-0.082431667354881638,-0.76380018543231698,0.62793068696581733,0.14937312040723399,0.16792672080767893,-0.030131799180926983,0.98533887120974739,-1.2359000099416235,-13.232225629050959,-4.3513411881597861,,0.3066684118713104,0.25,False,4
-0.22878839464358844,0.97013852214940854,0.080542649063526345,-0.97343670148814576,-0.22873983769251621,-0.0099536349279650826,0.0087669077950855642,-0.0806804467895538,0.99670146324441056,-8.570832325970521,6.5628259955332586,-7.7084002415842372,,0.3108614367037535,0.2359550561797753,False,2
0.55516257988911633,0.82334187448657814,-0.11790957385975705,-0.81918023701717069,0.5658007411888637,0.093878967562631088,0.14400780941099489,0.04447110283163247,0.98857679106965968,10.515258199493347,2.2704997668904263,-3.2852149297355835,,0.3231723553167113,0.303030303030303,True,8
-0.47028020908268464,-0.82119258538404083,-0.32323252103620581,0.86577968223213386,-0.50029582418545726,0.011385523115771262,-0.17106158767874161,-0.274493763158417,0.94625108042631012,0.80268106406394202,-3.8016189813265706,-4.7887353657398295,,0.1325039365605853,0.2112676056338028,False,5
0.69114626213798946,0.71650799087355554,-0.094515307474645274,-0.69556419148765936,0.69497779645613011,0.18219856737389803,0.19623276956921437,-0.060184395380557087,0.97870860765596235,-13.441817861702853,-8.1922366213843016,-7.4307286263419812,,0.07402106111078746,0.2647058823529412,False,1
0.97566309416797514,-0.027721709386230128,-0.21751559371060514,0.067784455136292332,0.98151951461389986,0.17895449162837301,0.20853487554950517,-0.18934346902071605,0.95951146758063943,8.8003284989865875,0.98851038210248254,-3.5471295382948571,,0.07414648919598535,0.65,False,4
-0.58269535358641289,0.7867418112501644,-0.20372394886123382,-0.80840764491028738,-0.58681956146248004,0.046042175617406464,-0.083325893691017477,0.19152055951200633,0.97794512664300326,-11.900171317273147,9.0417858962826774,-8.6222295042174917,,0.5164540796888446,0.9884678747940692,True,5
-0.59965656364454412,-0.76042707441615076,-0.24932442754955333,0.77993234988381543,-0.62510955200455653,0.030717708205106518,-0.17921365819247179,-0.1760361113168501,0.96793272092109539,14.711347066067956,-2.6028917293101106,-1.9027251701738899,,0.09145581652927318,0.1428571428571428,True,5
-0.58919456619885413,-0.74453369420914461,-0.31387790834818174,0.78526956271655679,-0.61912996527314823,-0.0054589350444134016,-0.19026685742055316,-0.24969514270036491,0.94944765978918089,-4.3994712492958561,8.6096083203196869,-7.0376619329079686,,0.3029849892926448,0.196078431372549,False,4
0.80119433444172894,0.58197554664971862,-0.13925552613894843,-0.56359951910201955,0.81208510100054787,0.15123944856055699,0.20110499876046464,-0.04268784176659951,0.97863912022709465,-21.363217639889793,3.751607698781585,-10.145022090287418,,0.2119006326796523,0.303030303030303,False,3
0.95834681320145676,-0.17558312097172216,-0.2252597461963424,0.20339056162183033,0.97326936325597435,0.10667251750317805,0.20050851620259796,-0.14804497349501242,0.96844154224872669,-8.9334796757744002,1.8056968252531844,-7.3382873001729125,,0.06757204556952642,0.1551724137931035,False,5
0.97718094170722158,0.02782828667406663,-0.21057776146824053,0.0088279949133683259,0.98520321962420343,0.17116273703091639,0.21222505429378216,-0.16911594396416638,0.96247614195215836,5.5711367060200443,5.2627443168210979,-4.6769795973422195,,0.07263959992661975,0.1,False,9
0.87659658121827633,-0.42798219771558499,-0.22002198125407377,0.46122340031261455,0.87765188933415927,0.13038457022305427,0.13730043263041797,-0.21577395483866579,0.96674205019373272,4.1278195263156805,-3.0652537795506416,-4.1197012908831461,,0.1717103927509578,0.2285714285714286,False,5
-0.21173557009675373,0.96113645685451687,-0.17715744314295304,-0.97700256770077754,-0.20348861434517324,0.063705310123799777,0.025179973429113774,0.1865719569952228,0.98211856402426401,9.1387545846000933,14.590608816559882,-4.8733096916786538,,0.1922128985257051,0.8484848484848485,True,5
0.58774093932410787,-0.76284981357400394,-0.26948237451180584,0.80498190361696109,0.5847501378087856,0.10035642073040651,0.08102297878767234,-0.27591201181302694,0.95776189037028359,-17.269424487906303,6.4819433699958484,-9.493305945946247,,0.1091139763178221,0.1904761904761905,False,3
-0.87326637646252714,0.44637952030823769,-0.19532321825475682,-0.45829433609413522,-0.88861423349094726,0.018194656944615882,-0.16544526963332506,0.10540430677483709,0.98057013765934775,3.4971078373604767,-5.8972140543756941,-4.0168183469222507,,0.07077237623638759,0.3103448275862069,False,5
-0.730576259927186,-0.57367857013201684,-0.37033933979809408,0.65217006446259684,-0.74692746736603477,-0.12951280057589848,-0.2023179068932254,-0.33614320856659408,0.91982346560897121,-36.071668322459182,-2.0667407824633157,-12.773569382871004,,0.2777234719083548,0.5,False,1
-0.022422232230525335,0.99972149467866622,0.0073604741187790201,-0.99971754411232738,-0.022478949136096549,0.007715493487337334,0.0078788004046779908,-0.0071853965227818839,0.99994314567428932,-0.66371207353940376,-3.007493584719251,-5.1923903048325846,,0.3135304157698606,0.2565217391304348,True,2
-0.83319299014318671,-0.4738321505121833,-0.28508338134176947,0.50438638733344443,-0.86252561617815426,-0.040545452386346062,-0.22667998025624958,-0.17757436351426548,0.95764478381784723,-5.2123976952226307,17.950094396346113,-8.1368237609277703,0.3070590385785781,0.2805838435688197,0.56,True,5
-0.64879002808173036,0.75993618433653953,-0.039604232068416956,-0.75467929834139402,-0.64923365610362205,-0.094629891880237738,-0.097625079342601812,-0.031506436141607891,0.99472442835440888,-24.708073241845042,6.7905215164774528,-11.118827299752988,,0.5069280175878601,0.4358974358974359,False,1
-0.82430252824903849,-0.46239751432804627,-0.32667090575300328,0.52475234985267616,-0.84059781922386489,-0.13427686934158628,-0.21250956036455787,-0.2821060883060259,0.93555108983653856,-8.5392604129380736,-1.3331546353751642,-6.9917306170516573,,0.3584281212938769,0.195959595959596,False,3
0.31015696689767358,0.94873236831176733,0.06090606868269588,-0.94237569757007744,0.29836235989579002,0.1513537142812354,0.12542208941867466,-0.10433980791127168,0.98660149197682334,-5.8555829724014297,-8.1205509192253444,-5.8237230483439841,,0.1428947917208749,0.3888888888888889,False,5
-0.91873627416501613,0.35698642132232417,-0.16877308293938487,-0.35018368263713773,-0.93409738498357497,-0.069523116885965519,-0.1824693041255899,-0.004771829662414101,0.98319997085719835,1.5281664276563325,1.0125095559013642,-5.0928453043782929,,0.06947566647068086,0.1896551724137931,False,4
0.6612412058063698,0.73239190816173183,-0.16236428364315117,-0.72488695646488177,0.67952788921834484,0.11305197088746438,0.19312940762819386,0.042941129860271071,0.98023318209266141,-7.6810922933341637,-4.9493086318050796,-6.5235735455536199,,0.2571069705416993,0.7070063694267515,True,4
-0.15196866647095156,0.98646471292171201,-0.061586480426515183,-0.98807714810374758,-0.15007022613969145,0.034387157799789951,0.02467942070240859,0.066077964456138699,0.99750921239210988,-9.9514458800363155,10.307027748573512,-8.3634948466426593,,0.1252877701874553,0.1724137931034483,False,3
0.70070307864736359,-0.66697490137441928,-0.25329760462880335,0.70436179004803734,0.70320493093097214,0.096836428242116579,0.11353265739174165,-0.24626673760568962,0.96252949547253819,3.6006799562767444,11.258987148161609,-5.6317268388422708,,0.1795732586233531,0.7045454545454546,True,5
0.45819077959481164,0.88523104431719557,-0.080169867602402883,-0.88176966555001135,0.46405107920616084,0.084491732160131158,0.11199761787699175,0.03197802471519301,0.99319380763534482,-11.340955415066663,0.73954947630973855,-7.7234709067833256,,0.4191761693178241,0.4890350877192983,True,3
0.64682690202580784,0.74336128282998493,-0.1703788778137027,-0.73894328186943903,0.66614550252891125,0.10105936691137878,0.18862074381074947,0.060532409912913004,0.98018265764826518,-9.0272704877870495,0.67344956378913667,-7.2450737563718155,,0.1328860270266351,0.5877300613496933,True,5
0.95596012900259864,-0.19366030949401791,-0.22053552159236317,0.21676795683752104,0.97245599333868527,0.085679600303437214,0.19786835180447929,-0.12971131618463849,0.97160850645094021,4.4963995653088018,8.3598939139259727,-5.1737455101319343,,0.3756281628482198,0.8225806451612904,True,5
-0.87241535720242558,-0.42581501174171155,-0.23994378569317001,0.43582974943491914,-0.89994316068610658,0.012439334459511855,-0.2212326242326374,-0.093722373581264756,0.97070708386486715,6.2412800727914091,0.67232154130614796,-4.0897027779137511,,0.07190715511720357,0.3943661971830986,False,5
0.89370803216852457,-0.31321709644293311,-0.32121800032582482,0.40311846566357945,0.87487612801831693,0.26849071355396797,0.19693007865357903,-0.3694412147007094,0.90814741810014465,6.1792814960176514,20.197108204737432,-6.181395558983235,,0.4965502143012339,0.24,False,2
0.39455102802960185,0.91871746753551387,0.016961754800596779,-0.90954581968037651,0.38785549652317969,0.14931348136959732,0.13059819364269776,-0.074339280746379716,0.98864441694442107,-18.16813389612804,7.2876226285290571,-9.7862953263755088,,0.4236461234533843,0.2608695652173913,False,4
-0.67911967329664524,-0.61190015774792816,-0.40543145695606753,0.69930309399305313,-0.70722026525073567,-0.10399364956776772,-0.22309561195416233,-0.35414360557087721,0.90819086901380908,18.55889055095184,-0.52927693317390634,-1.3043476866134591,,0.6826179427801915,0.4897959183673469,False,4
-0.43318347031461746,0.87800758467481421,-0.20360442603166279,-0.90023058192349981,-0.43251332202804688,0.050170964092180192,-0.044011139679186281,0.20502416326316475,0.97776690067846794,-7.7090071175882926,-13.408558163323832,-5.7190059617569524,,0.09496788351866155,0.3488372093023256,False,3
0.010254763179930324,0.98484345180984767,-0.17314218220695676,-0.99792835280553582,0.021077330049622117,0.060784445582802285,0.06351253812400269,0.17216016259646935,0.983019346664044,2.0354140737888247,2.0544125542845362,-5.0831512641745,,0.066978216498326,0.2113821138211382,False,5
-0.5288175542587138,-0.80768236699235896,-0.26077037476955006,0.8318622317041614,-0.55419416865793258,0.029564351670793042,-0.16839602659208899,-0.20129087777433519,0.96494806116849263,-10.727918772526715,-11.802870165043457,-6.5426334070659138,,0.07191389149907776,0.2127659574468085,False,2
0.95382500935801762,0.24555655167332185,-0.17297349928091649,-0.20956439058140033,0.95661174619033862,0.20242710601823521,0.21517578331081855,-0.15683095032862204,0.96390011686667887,-8.9044743243430275,4.788926410325522,-7.6029558898677312,,0.1678007649499132,0.3043478260869565,True,4
0.31523543117633618,0.93588605449214735,-0.15730198961929753,-0.94036485174817153,0.33036839008930707,0.081059684347015243,0.12783023323027923,0.12236837760189409,0.98421817278252455,-17.149822450612916,9.7117306972356836,-9.749493251584612,,0.07317919617425497,0.1290322580645161,False,1
0.26096954721957832,0.96479422297588813,-0.032665007827344189,-0.95594118532458172,0.26299086680853373,0.13043103225662894,0.13442970514079805,-0.0028127011302865323,0.99091914053978669,5.9896881817779075,16.693187575547359,-5.7549115382991065,,0.2447957109561301,0.1666666666666667,False,3
-0.14504718250494592,-0.95313860689787366,-0.26549597151022342,0.98612027827291893,-0.16117327721301922,0.039874446596241939,-0.080796730294722785,-0.25602728517327156,0.96328703802163052,-2.229347042667599,-11.075940826738524,-4.767396266981498,,0.1735929028415304,0.2368421052631579,True,5
0.66228647662953477,0.72219166739194851,-0.1995390147897752,-0.72450391102834921,0.68516423211227073,0.075126945489808361,0.19097304987422403,0.094811236589551429,0.97700569273576776,-3.4069478840488463,3.9137284179035348,-6.4247973313969426,,0.06519404906392014,0.1894736842105263,False,5
0.86796816657486098,-0.40302033916517971,-0.29018247368140043,0.46320337331038036,0.86770001117729201,0.18038660026956127,0.17909186683531322,-0.29098332739541899,0.9398163684525459,10.092615039516915,7.872975144857036,-4.0108594787883707,,0.1571553940917909,0.2142857142857143,False,4
0.79595301735143287,0.58961521345401346,-0.13715937530015054,-0.56594942693582506,0.80519831691717614,0.17707884284904765,0.21484887786572346,-0.063321169424803717,0.97459242208346486,-6.8328714578364398,-14.537492933741422,-5.4624847506242791,,0.2468486299779367,0.4150943396226415,True,5
-0.75571898401950555,-0.61040973952438915,-0.23725253862982082,0.62933825654861109,-0.77711377518189906,-0.0052477868566382785,-0.18116891575786923,-0.15327795117467291,0.97143383390059723,10.658526191397113,0.26281239671128326,-3.0280973288241304,,0.6769194181652877,0.5192307692307693,True,6
0.96112418740283678,0.18075364887136333,-0.20873048365997116,-0.16363012110671132,0.98176856971048576,0.096724655570496754,0.22240836282802076,-0.058809811667069403,0.97317826023593668,7.9335325991365915,-6.5126225540970379,-2.9671255821523128,,0.07815083466572192,0.1578947368421053,False,5
0.936742362847236,0.30119539935399281,-0.17831174121567794,-0.26936518279383526,0.94563748953812032,0.18224197287805541,0.22350871111842999,-0.12268280151688331,0.96695025015051739,-1.4655043970037642,2.0683374598995399,-5.8408380523524777,,0.08850285414098708,0.4647302904564315,False,5
-0.88044801011661489,0.45779881046493986,-0.12341616838395648,-0.44520945462255396,-0.88775882118164418,-0.11693082112455948,-0.16309458297680865,-0.048005463762593764,0.98544184630680121,-2.9240767703873916,20.466364377302767,-8.0481418338337285,,0.3628252859246452,0.2857142857142857,False,6
0.75222862575778604,-0.58454646838496138,-0.3040682832674641,0.64649893382634005,0.7438978442290497,0.16927824996962487,0.12724473722696356,-0.32391576628815494,0.93748992165142742,-12.586177337830083,-12.940545886023756,-6.821856468660406,,0.09918895137710214,0.4347826086956522,False,1
0.97692234336517825,0.0090824514137837313,-0.21340160287637266,0.011425917134885088,0.99544288517713786,0.094672650579997714,0.21328896701778913,-0.094926136688121152,0.97236662073620794,11.492547284664562,-6.7185736118085746,-2.2169363736117527,,0.07640134946293549,0.391304347826087,False,5
0.78420089536139703,0.58510991266154999,-0.20658011961361142,-0.58425465824883294,0.80839136052654526,0.071762821436858609,0.20898672213545072,0.064418928361409028,0.9757944207874143,0.70609473248386534,1.5003017933025229,-5.3076664799785958,,0.08408998387815417,0.4980544747081712,False,5
0.50470618342068452,-0.80936377526525682,-0.30033639091075198,0.86234670423464233,0.48893004434581377,0.13155064968159522,0.040371154461762468,-0.32538852319092371,0.9447182007683842,6.7688883923913492,20.70203154588993,-6.082501791099225,,0.4692422387095758,0.1428571428571428,False,2
0.90032120403875615,-0.36133314600068073,-0.24261097905794676,0.39727044148332036,0.90995074567376633,0.11902032083390141,0.17775805433749714,-0.20353868931730823,0.96279492939521638,-10.098763615618267,6.5230967543089831,-8.0258022430011184,,0.07950619179759756,0.4615384615384616,False,5
0.97596280277196945,-0.084001143602972408,-0.20109802455239587,0.10752789651149701,0.98820145883175814,0.10906708135179505,0.18956360166787295,-0.12806906197899268,0.97348033174097881,-7.0403219847599967,-9.0076549163060999,-5.9851322304131376,,0.3343588997139152,0.1395348837209302,False,4
0.54477830679436456,-0.80280619293419764,-0.24231965052955673,0.83573087253934875,0.54356624371649409,0.078036192734917742,0.069068843416446007,-0.24502643791730344,0.96705301798333376,-4.414037066593349,4.2227071326351826,-6.6349464313018673,,0.07707010354619419,0.4052631578947368,False,5
-0.56159418118058069,-0.78479272200081784,-0.26213042394705049,0.80849192701435191,-0.5878488607893847,0.027830214178877537,-0.17593402063481919,-0.19630104524217296,0.96463107975023132,-17.886170482053505,3.6699605049114519,-9.4217632719988842,,0.1545250806065017,0.25,False,2
0.87370949817910459,-0.35186419449925849,-0.33589180016934611,0.45730113684229207,0.82954049199972535,0.32052806799966849,0.16585349871004595,-0.43365211951775445,0.88568530314293636,-7.871498003447944,17.836398496632999,-8.6685418326679322,,0.6014645588607666,0.4615384615384616,False,1
-0.84668844828714029,0.51448731639377787,-0.13572572640086322,-0.51369957366445429,-0.85686684023088078,-0.04349673700064291,-0.13867739381049551,0.032894063030793647,0.98979117043104281,23.277198319331113,-6.1017817541297932,0.26837681205719999,,0.1959166397099356,0.1818181818181818,False,7
-0.79534738820553197,-0.49751039308787592,-0.3462743722024284,0.57335936441156665,-0.80283207109224841,-0.1634616311777653,-0.19667631101940819,-0.3285484353870502,0.9237826336798709,-4.0360092404418051,2.2184529216476045,-6.4011543680340104,,0.2606922908564783,0.3358974358974359,False,3
-0.42372209253757531,0.88747889211374031,-0.18122031990962409,-0.9048212188951934,-0.42397162743694961,0.039327102174973816,-0.04193030088843834,0.18063575277622185,0.98265587806025589,2.776440241486434,6.2411048459520568,-5.3499396613937762,,0.2996219794989022,0.8547486033519553,True,5
0.38171147819160284,0.92409302091063061,-0.018666443717152814,-0.91973627869395103,0.38175729314917162,0.091359437288215883,0.091550669418544339,-0.017704740373173794,0.99564301689779067,-2.8481689711761433,-7.799071567220432,-5.1840813968090389,,0.5864637618159069,0.4470588235294118,False,3
0.97452041231412334,-0.044286168987164823,-0.21988338095351961,0.074155459546372857,0.98880216158694623,0.12950387276235539,0.21168593199024027,-0.14250972064186479,0.96689195141959883,-0.22624908343594508,-11.509218741149372,-4.3177073023820043,,0.08068327451117309,0.4615384615384616,False,5
0.016723734865470831,0.99159300618010782,-0.12831066513289863,-0.99847469636879294,0.023315746897580359,0.050046544914265897,0.052617462912963514,0.12727798726136968,0.99047045213640694,7.2296386571582785,-4.8266832302997207,-3.283719254455415,,0.2834649672043203,0.25,False,4
0.87333460383200823,-0.4235968192024489,-0.24052526792658804,0.45841089743770058,0.88169499110609861,0.11168433985469574,0.16476079284815054,-0.20779720262791068,0.96419614380066032,7.6259555600510218,-3.6646320013358142,-3.3666793853718109,,0.1020565022693958,0.303370786516854,False,5
-0.082543101899612448,0.99387719350600745,-0.073449033740488334,-0.99088729865113445,-0.073976398494800394,0.11256044526206718,0.10643776444780556,0.082070802934781056,0.99092652886326149,-12.916982864866284,-11.71707499584606,-6.991159443606966,,0.1957632750175855,0.1428571428571428,False,2
0.46724200490715401,0.87485008056043068,-0.12775854332979403,-0.86756332478472165,0.48151696385471587,0.12439972270312993,0.170349013319192,0.052713850775144566,0.98397279616747191,0.88971332103227296,8.2041024088080032,-5.9392753953926647,,0.1221057441283565,0.5,True,6
0.053981408437448877,-0.9557565096007461,-0.28916345187265391,0.99754988004178669,0.038711723619055852,0.058272114111803351,-0.0444999367609272,-0.29160057752041768,0.95550450486537897,-10.787895308629452,8.5900705939538575,-8.3595454683068695,,0.08167782971214449,0.2,False,5
0.70862791416195048,0.68083382751468657,-0.18523438822795746,-0.67532015125326061,0.73050605308048533,0.10150664866916337,0.20442400197079855,0.053162070355410179,0.97743778405265747,0.17338003192484763,11.519200104217783,-6.4402543674412343,,0.08472644133406579,0.2325581395348837,False,4
0.68445827710123697,0.71857481650113098,-0.12315478065414691,-0.70476753894318811,0.69538652356923181,0.14050017398657921,0.18660006152080172,-0.0093710153485667969,0.98239126681367062,-15.589445349078629,12.316656586134943,-9.6922700511111408,,0.4654146532673184,0.125,False,3
