axis_00,axis_01,axis_02,axis_10,axis_11,axis_12,axis_20,axis_21,axis_22,location_x,location_y,location_z,dbh,dbh_approximation,score,reconstructed,number_clusters
0.81896780386224055,0.50277781903594476,-0.27659754323297886,-0.50579922558797552,0.86013201226118052,0.065879168772370753,0.27103298624275424,0.085949904996998852,0.95872505662433993,1.7742664125246641,-21.351433653426373,-3.6765157443966663,,0.2201295197197981,0.7586206896551724,True,5
-0.031597077970768696,0.96022013851270571,-0.27745073483115662,-0.99949044438547541,-0.031611734575936273,0.0044215177512510351,-0.004525068599838377,0.27744906529260499,0.96072969139213438,-14.907377116413613,18.275362934344255,-10.222189356084444,,0.1667174632051998,0.6727272727272727,False,2
0.91460120738549722,0.29333016102893339,-0.27832004613346162,-0.27238096170722498,0.95563798829828772,0.11209213630157215,0.29885321338148496,-0.026710521371606094,0.95392520927985691,-16.941909921873027,-27.434169779753514,-10.525069794082883,,0.4273899646226653,0.5,False,2
-0.85685934442134393,0.45450290927752496,-0.24334989076655084,-0.4563366632709116,-0.88827381193014776,-0.052215752353642758,-0.23989354645883437,0.066307921829538999,0.96853205722374136,-4.8361627030612002,11.545263493222649,-6.3350382363721423,,0.4589832452549831,0.4691358024691358,False,2
0.83490165922184389,-0.44157588637722717,-0.32855738615769547,0.48087356495107086,0.87562801002185431,0.04512430161691286,0.26776824673560345,-0.19566891586384427,0.9434054491070144,-6.0153720598265252,-18.392272592095729,-6.4420782244711443,,0.3019433829290462,0.6557377049180327,True,5
0.87242605198789647,0.38710816440570794,-0.29836228458579944,-0.3942035990979148,0.91820986277714933,0.038654499828879585,0.28892266486218177,0.083892293741522128,0.95366963712793307,-3.4482951363137948,-17.836858530632611,-5.5552003502765421,,0.0797667732893667,0.1904761904761905,False,5
0.52566521399590938,-0.66672421523461978,-0.5283511177374528,0.83494054596365352,0.52332219239985722,0.17031784301042435,0.16294283506970039,-0.53067193609761176,0.83176735253186107,-22.607273493236143,9.7599833125893269,-13.028434521970258,,0.6788073615744908,0.4827586206896552,False,1
-0.48043070441593749,-0.76292115447222353,-0.43259409417278877,0.8611757692414227,-0.50373575401740611,-0.068019001727160161,-0.16601997688787326,-0.40521796873199623,0.89901933521524713,-9.5162858426078643,25.483584132662543,-8.1565753679587747,,0.2125375751529914,0.2777777777777778,False,1
0.44354103192960359,-0.76511006795792502,-0.46677396768054857,0.88484987275208904,0.45663949376155072,0.092309671366582718,0.14252036937025631,-0.45396801280113774,0.87954589855672238,-11.965732582681889,7.7073192007402778,-9.0275249486975699,,0.5761800390127841,0.3445378151260504,False,3
0.19512562148744844,-0.87781722055786227,-0.43745047620411592,0.98049507499182542,0.16387370488799444,0.10851182775650881,-0.023566920798286137,-0.45009147530069205,0.89267142001171684,-15.308715912670324,-18.824331037084541,-9.904008337180807,,0.2293674631937775,0.1764705882352941,False,2
0.82297910652000705,-0.46857306571972929,-0.32116144275666975,0.5113424132466502,0.85731471869843778,0.059501340473229039,0.24745570643374434,-0.21319182720037211,0.94515338340839883,-5.2196924802717337,-4.6766828379540515,-6.2899068754681515,,0.2191332811928495,0.8234200743494424,True,5
-0.68222613966359691,0.69002248388578569,-0.24173635657840145,-0.69886813589340291,-0.71258492057522493,-0.061693270311141815,-0.21482742607169544,0.12685307525201711,0.96837878658431964,6.3431277286156362,-8.4793125373408333,-2.110465732987223,,0.08439492242178098,0.2173913043478261,False,2
-0.27095152484640433,0.93603707726534779,-0.22454367318620472,-0.95649722720445152,-0.2880186561384373,-0.046457594281276063,-0.10815879776330413,0.2021876447777001,0.97335596302978611,11.1592202196518,4.3190016903332458,-0.52832225759736029,,0.3313815107930573,0.2592592592592592,False,4
-0.62695096224023483,0.73078998459727551,-0.26996016253950528,-0.75008881643064496,-0.65985488923719959,-0.044252600098024397,-0.21047389009498654,0.17474988858959351,0.96185405235212618,-11.681322608878041,-18.422830098141503,-8.5109707046806502,0.4399347260654284,0.2434236966440897,0.6666666666666666,True,4
-0.54944333456638361,-0.75151688067461064,-0.36514983248205946,0.81446114105074918,-0.57925891635513338,-0.033349026093551865,-0.18645394020745396,-0.31572374931921054,0.93035124673261727,0.91028287127343632,-20.719480519548949,-4.0144246494520628,,0.0773869364298027,0.2777777777777778,False,4
0.8016697362614007,-0.4539687431167222,-0.38889331986497189,0.53760304827464112,0.83199268183910646,0.13700780945619365,0.26135913308776793,-0.31890524868555314,0.91103833394232947,7.946234968167027,12.009896665693242,-1.7706438359730197,,0.7331670585009279,0.7428571428571429,False,4
-0.7573263289533102,0.59606830029268654,-0.26675721707254568,-0.60683069232429832,-0.79327166439023666,-0.049765222080840665,-0.2412744129146609,0.12418795377060685,0.96247805679451937,3.7798046283224949,-23.038843315776248,-2.935643454399909,,0.1295765073986187,0.21875,False,5
0.83654240529103641,-0.34990610506287839,-0.4216189295911818,0.47773637998652835,0.84259182082120354,0.24861008572175189,0.26826247480267412,-0.40939558024597106,0.87202666443624888,6.6364012079523036,8.3184707242926361,-2.2222459475799163,,0.215874542134127,0.2666666666666667,False,2
0.93266342358935717,0.19563295677444098,-0.30309517403328901,-0.18635169754305603,0.9806767348419333,0.059549866184456277,0.30888830201450074,0.00094231812832830386,0.95109785454239382,2.6897851005622506,-13.390609350191738,-3.4298934057993176,,0.08700187727712708,0.282051282051282,False,5
-0.20597432731834486,-0.87201853468811841,-0.44402505745300419,0.97579095108408243,-0.21712578130821591,-0.026237661361491114,-0.073529560505818353,-0.43867991776657067,0.89563013207469633,-10.082824979826643,-16.290898838821175,-7.9807311552455751,,0.08890448634585246,0.4736842105263158,False,3
-0.056158031943695716,-0.89783173323102472,-0.43674300710095409,0.99796806303966867,-0.063664834727385891,0.0025561635287449092,-0.030100176096858784,-0.43571202372955908,0.89958268757042525,-4.0755497643433944,-8.0931755658130022,-5.8485031146497759,,0.4393154699242436,0.8648648648648649,True,7
0.75438421018934898,-0.55127283818739725,-0.3563744116709332,0.61070703167163931,0.78847781270662487,0.073072979521787762,0.24071016780312227,-0.27276546105800881,0.93148141064113821,2.7509632258442953,-8.3442741178460587,-3.4401423329952161,,0.136729104903102,0.5,True,5
0.30998633763012812,-0.86509355109554376,-0.39436229324767291,0.94696627780603504,0.31786705865490417,0.047068054137222329,0.084636512102313571,-0.38803824666517472,0.91774886540064615,-3.5410410526064369,-12.770401732933884,-5.6857126943113405,,0.08827172931941187,0.1923076923076923,False,5
0.43455081395336032,0.85057115501370351,-0.29613223456950444,-0.88793479253133856,0.45964573586566143,0.017251136566758321,0.15078923802712912,0.25544961882760903,0.95499115071084739,-1.5929667960432023,-3.8396536134598822,-5.0149052090128343,,0.2174469372812046,0.8105781057810578,True,5
-0.80991171529069317,-0.49037325073155497,-0.32183394538465859,0.52092903993958506,-0.85353632178487737,-0.010425101513416909,-0.26958477105079592,-0.17609606003801015,0.94673873315534107,8.3132957262437799,-12.422215486247609,-1.3930423704033141,,0.1648525712438924,0.7586206896551724,True,5
0.49614551555445902,0.85132756867427761,-0.1705315167655056,-0.8565315912652498,0.51206762807167838,0.064345764784209059,0.1421029927898057,0.11414076877342774,0.98324901441292656,-30.991948752041502,10.97716746638779,-16.383604912802383,0.5580929402952781,0.3325298287401314,0.6363636363636364,True,5
0.018561745792642449,-0.898410968364732,-0.43876325451782427,0.9998271789734503,0.016224122843981947,0.0090768950602448748,-0.0010362331400971345,-0.4388559100204612,0.89855685210285463,-5.4519412900211677,-22.628057591594512,-6.2802176612043468,,0.3872613912962081,0.25,True,5
0.6950016938873832,0.69567766003550169,-0.18167344005439326,-0.68127648998903445,0.71793827768557716,0.1429229639424269,0.22985862977467086,0.024438141529098262,0.97291715349083807,5.3039460743851006,-6.2994232630327076,-2.4966124447607845,,0.1829375137541986,0.2484848484848485,False,5
-0.41337314848293788,-0.83983873473051696,-0.3518430612638942,0.89455461433973027,-0.44669804665914475,0.015260965710015274,-0.16998435832982023,-0.30843436053259354,0.93593459342309304,-8.8095146781543683,21.794667729324075,-7.9351782228650327,,0.1424027138842847,0.5,False,2
-0.55310079019343594,0.81712651181780127,-0.16243084550623144,-0.81545725447198913,-0.5709165973035395,-0.095308473140397115,-0.17061354581744792,0.079740219511991894,0.982106162986353,-1.7578257559916897,11.394781064795735,-5.2632900308206123,,0.1553466552514652,0.3478260869565217,False,4
0.8241959825711187,0.49110891070315005,-0.28198053149392138,-0.49568635480254386,0.86641599714055728,0.060152785151656854,0.2738540121601209,0.090196217919046529,0.95753256983608925,-0.91668323574138721,10.736791651897425,-4.9594986428738235,,0.08494429572549794,0.15,False,5
-0.37097111126702598,-0.87226597962719354,-0.3186416410174967,0.9192438606505875,-0.39362075338595676,0.0073093884886434521,-0.13179969370796674,-0.29019780028264747,0.94784707492801912,7.2595113316047728,5.1002472493790965,-1.9312748735138463,,0.4208198224143381,0.9254901960784314,True,5
0.82775605184257084,-0.45098185517777378,-0.3338192399164735,0.49482910582217315,0.86722204066409814,0.055408376782087661,0.26450722989972741,-0.21104809519825263,0.94100724059061402,-5.0473857955369708,9.4197258772464405,-6.3583723851980798,,0.06918547092384475,0.2758620689655172,False,4
-0.80231703590297954,0.51887070419527914,-0.29506027558408099,-0.53024678794643876,-0.84654805969942126,-0.046847908081697885,-0.27409071084650632,0.11886788862868677,0.95432945426651106,-1.7546476590500348,-20.554540247555071,-5.0047255446755772,0.1564038636268621,0.131214602088754,0.2916666666666667,True,5
0.061877909532675683,-0.89689417435152263,-0.43789492384151607,0.99808199814416587,0.054787997557922803,0.02882013712914841,-0.0018572270770894662,-0.43883837040292434,0.89856409641699497,-4.5527867681425676,-15.274600726461228,-6.029246325964448,,0.4853198475966745,0.40625,False,6
0.79036654321176725,-0.46758079143151265,-0.39583952664654709,0.55825551553209773,0.8158144182544006,0.15098878880972053,0.2523321357843154,-0.34031608609131986,0.90582197743155457,7.0447443800100178,-12.153543200053104,-1.8764235705934535,,0.3150180564089111,0.1428571428571428,False,1
0.80681342524484101,-0.47048642611403918,-0.35734383958188926,0.53228660640825576,0.84131767656966838,0.094103856083576937,0.25636510192120721,-0.26613359414747806,0.92922001946959543,-7.5754510279852614,-7.2911483395078758,-7.2041392280767456,,0.4852793410710966,0.9404761904761905,True,5
0.2637151885286439,-0.89723119931079121,-0.35416164998856015,0.96160035061261062,0.27346968663346827,0.023218445130880946,0.076020162069051544,-0.34668502343757257,0.93489594580524493,2.6697920865333993,-11.82909507979746,-3.4182888692408389,,0.08803907348191986,0.273972602739726,False,5
0.90271535293761629,-0.26118981309343076,-0.34188429783617519,0.31636168680703519,0.94151543843986119,0.11603431518307039,0.29158236347784017,-0.21290505093965112,0.93255089115450529,-8.5763051986811067,30.323667591309299,-7.8458274638739036,,0.4205815263848595,0.8285714285714286,False,1
-0.50164905198617316,-0.78364597286743376,-0.36639762260422404,0.84604817666950749,-0.53277233376333322,-0.018871224935695836,-0.18041815705625588,-0.31945677263915573,0.93026698265573171,7.6023919252221619,3.5037366541728061,-1.8320055483655553,,0.109874512079153,0.1,False,2
-0.89806092613571364,0.34422127568293914,-0.27385814998914215,-0.32265325493450292,-0.93865415331099156,-0.12175080103308356,-0.29896730595240034,-0.020978413649197988,0.9540327332604096,-7.0415449093552427,-8.8604935628731418,-6.9218991223923858,,0.1279295785723989,0.3291139240506329,False,5
-0.89673159361475985,-0.26191732817283014,-0.35675168144795172,0.33653498013418903,-0.92704899486374759,-0.1653008417044447,-0.28743113289832717,-0.26828990723641249,0.91945846535657227,-11.894033807893102,15.079167993190881,-9.0647213523866359,,0.3086279383521506,0.1052631578947368,False,3
0.37037886052864233,0.88830702664123407,-0.27153291898646953,-0.92009802064025348,0.39095523143734007,0.023950770878233031,0.12743285324982045,0.24096604207145866,0.96213109007090303,12.256967994537344,-14.944317121822456,0.0081279609959997046,,0.09146787664367857,0.4583333333333333,True,5
0.59484900469984137,-0.6774309556397502,-0.43271464263255832,0.78761936309191982,0.5987801117142324,0.14532073733011977,0.16065615609209133,-0.42725832719387219,0.88974149130700186,-5.6902838972216987,-11.901494078668915,-6.4206632045684326,,0.3107953001980707,0.2038834951456311,False,3
-0.86595188652624533,-0.32019149828667487,-0.3841936160929445,0.41252454322105631,-0.89160118539435618,-0.18673732204259436,-0.28275578059855361,-0.32019483229483103,0.90417058009525486,4.1252462146499864,-12.424363126649199,-2.8409505860662954,,0.4458621245074858,0.3688524590163935,True,4
-0.81764402393315649,-0.480421099625083,-0.31725985746927343,0.50757088207866918,-0.86160328081815896,-0.0034038433083840337,-0.27171685592226197,-0.16381499784333692,0.94833253486807589,0.3084574319552944,1.9392412236429597,-4.3957124984147447,,0.375400323797553,0.9780297661233168,True,5
0.037642357615926547,-0.88974048895008528,-0.45491198625226309,0.99928950273834416,0.034373068253476399,0.015459039290856839,0.0018821875754280008,-0.45517068721712112,0.89040221409665543,8.931537015644377,6.9701243194243183,-1.3716736148300599,,0.2683611284244188,0.5393258426966292,True,5
-0.43558535478383298,-0.77322322776280139,-0.46085923962302988,0.89023345831618139,-0.44582223748067268,-0.093417997527983188,-0.13322833179265611,-0.45096382628299736,0.88254282558522024,-9.2880169746488193,-12.556751732112261,-7.7910029743140132,,0.4221404685793089,0.6875,False,2
0.9234126880497685,-0.13965051000758683,-0.35750068895503118,0.24386710070006026,0.93274664854924227,0.26554194925906371,0.29637450083441341,-0.33238746166902478,0.89536625499310352,-0.84751728608272758,-11.002608560735217,-4.7048605360969065,,0.6310922294565106,0.4366197183098591,True,4
-0.88708825932430857,-0.32923032760446858,-0.32354568696618713,0.36623597468418356,-0.92863814662982147,-0.059181107382810738,-0.28097265172271452,-0.17099293555402789,0.94435998696181622,9.4199601090545837,3.2475731059422426,-1.1720309784639769,,0.2101043480554881,0.7837837837837838,False,4
0.47053128021629748,0.83678851435641044,-0.27997374266027847,-0.8665901033913691,0.49799387756928154,0.031995165379284284,0.1661983966292952,0.22756774847219247,0.95947434192538383,-19.723658801026993,7.7543195976051367,-11.929749801374587,,0.1664244023353073,0.6666666666666666,True,5
-0.94698127991916858,0.1570492947241981,-0.28028909095661536,-0.11778435122388732,-0.98135008031635818,-0.15191730141707296,-0.29892022696602816,-0.11084917180434771,0.94781810439602243,-18.133260516612943,18.612776878632253,-11.385539537955092,,0.1870517442280491,0.3571428571428572,False,3
0.9345591167827707,0.27340806147281915,-0.22769999815521177,-0.21444981357533219,0.94348048458751743,0.25269715601883869,0.28391994416686117,-0.18733020878699519,0.94037059619072927,1.1379595445669743,-6.9695538403606712,-3.9866438820886034,,0.2805988179604203,0.2857142857142857,False,5
0.86811016700936783,-0.3922467459059143,-0.30418288620694789,0.4366402671726991,0.89490500734465017,0.092142850579012003,0.23607205471703324,-0.21280864210762973,0.94814685931346376,11.54344166216848,6.9846051546083157,-0.48148499658459581,,0.157502123188087,0.5714285714285714,False,4
0.61769258114081971,0.75841895509700075,-0.20798212363846375,-0.75792478035589372,0.64466113405148995,0.099810067457733964,0.20977583875666497,0.09598286718482793,0.97302691981307343,-26.385190716205258,9.9523543273791475,-14.510615681794128,,0.511954001796406,0.2058823529411765,False,1
0.51734128702830739,0.8315797192974772,-0.20207217321794904,-0.83546288483475661,0.54192322071770838,0.091219465633894825,0.18536386055399764,0.12163220502842281,0.97511324773097152,-11.445186670475525,16.522704149577159,-8.8248969634475856,,0.3631423945085274,0.4698795180722892,True,5
-0.61167470402552759,-0.62468195603288046,-0.48541375162042583,0.76331222801762399,-0.62724610874485076,-0.15465044979957909,-0.20786654135298596,-0.46511802036835348,0.86049795357953651,-19.414456236964096,17.022880427654936,-11.987943557684346,,0.7972383287450842,0.32,False,1
0.4586845125465262,0.87220002447998168,-0.16992832385178114,-0.87548155548757578,0.47631040310876799,0.081611554889110427,0.15212022860557062,0.11133515701467828,0.98207123919882022,1.3786407196122985,-8.5960096949013565,-3.8338642462178107,,0.09882686419300195,0.125,False,3
-0.80181906250554091,0.53141425015665744,-0.27328572178797222,-0.54009820345283299,-0.84016886188784223,-0.049093931815552105,-0.25569536880780186,0.10823667698393757,0.96067929098410199,-12.824354600024602,10.289166927689967,-9.3722490201283239,,0.09251624116347816,0.2745098039215687,False,5
0.91568552145529158,-0.2423711774971862,-0.32058733305571652,0.27587837568018747,0.95913509452803203,0.0628569190842454,0.29225185650259067,-0.14600028343578478,0.94513108593858985,0.13038062264435335,-15.349314017680369,-4.3871917624190955,,0.09837620180915937,0.2352941176470588,False,5
-0.8612238368306343,-0.38046253134162894,-0.33695958974310614,0.41626585829132046,-0.9084403029662067,-0.038196219284873781,-0.29157544151679288,-0.17316026735884843,0.94074400540875125,15.678215937279752,-17.350130977205616,1.2555550185494373,,0.2141969771223095,0.8723404255319149,True,6
-0.56201114812424324,0.80690304818551828,-0.18179917550139849,-0.81092669901334147,-0.5808193803701206,-0.071040384386584832,-0.16291518717232734,0.10750031728040416,0.98076619210350902,9.1984021055052043,-6.873826524426554,-1.1290215833581032,,0.1705075931434555,0.2352941176470588,False,4
0.52472621953258347,0.84260498758912472,-0.12115786984333279,-0.82686603141890869,0.53832947825134647,0.16276958847148862,0.20237331993271157,0.014771856199006672,0.97919703412737547,-5.382566204259347,15.512306636367828,-6.6600609894029539,,0.2869751306178072,0.3333333333333333,False,2
-0.37209153798037015,-0.83500587144926508,-0.40535550077513177,0.91642335781841999,-0.39982250649227258,-0.017612283981664523,-0.14736389180602169,-0.37803063096459766,0.91398945587150671,9.5570916157535279,9.7863231429629511,-1.1973412723070189,,0.2241509618818457,0.425,False,5
0.92158126751940894,0.24902755999792572,-0.29778052609060579,-0.22559602282359095,0.96785239708049819,0.11121228327711792,0.31590251952698378,-0.035313054625896692,0.94813426598213957,-11.569605117224397,-12.169368318604199,-8.5683838536130654,,0.1783135335109084,0.5121951219512195,False,3
-0.50697113721422193,0.83471175260436448,-0.21502687296212336,-0.84850805219121572,-0.52718467377452705,-0.045939145659392375,-0.15170481666179225,0.15916221222826732,0.97552705692882569,7.405965629466583,-7.4880102790311742,-1.7578470458180331,,0.09916810585140143,0.2162162162162162,False,5
-0.89056121682504619,-0.31249970627538787,-0.33052178848737357,0.36009770818159825,-0.92831189855796803,-0.092556250777913726,-0.27790350780343936,-0.20144714585592896,0.93924900201014117,1.4156735683574591,-19.987826638558413,-3.756995181956833,,0.1424619081921651,0.2727272727272727,False,5
0.74299674955254269,-0.56867661514003476,-0.35293446636341558,0.62622460187553741,0.77678344612176464,0.066710013019184999,0.23621722663722233,-0.27058156852244752,0.93326686248669022,-3.1959552893416587,12.504461168156517,-5.700199068555114,,0.2386215994148189,0.3225806451612903,False,3
-0.8308210813736675,-0.43018243814712442,-0.35309970356102682,0.51388449896688437,-0.83656629264473215,-0.18994620220526059,-0.21367978956055658,-0.33926377336880958,0.91610099858744443,5.2132923180356716,-9.1236555392733472,-2.5644006016293743,,0.2448243265971666,0.2272727272727273,False,2
-0.40195773152317443,0.91119543550950244,-0.090293191190653183,-0.91530338172588099,-0.40258865429027946,0.011920353933853031,-0.025489242238835322,0.087437141669831298,0.99584388575052263,-8.7558034472852881,19.405245482071816,-7.8118693383316993,,0.2131694203723758,0.2727272727272727,False,2
0.38399532598792735,0.87885557029235062,-0.28312625485025911,-0.91413374011085602,0.40503631076985114,0.017466887212319832,0.1300272848688491,0.25210805922075752,0.95892357967962139,4.9144492608511499,-12.040420701243361,-2.6049618459791537,,0.07993667466206722,0.4193548387096774,False,3
-0.47696394602237718,0.83816552393527033,-0.26454479522583291,-0.86675768677087983,-0.49845513292547072,-0.016540643392738322,-0.14572750810453494,0.22140694421486962,0.96423153777247772,-0.36668066577100489,-17.855506025297576,-4.4314085075002785,,0.1373895908378512,0.7619047619047619,True,5
0.58940793755411269,-0.71558014519696178,-0.37489110278599952,0.78769557568432413,0.61205809235096864,0.070146786348586301,0.1792594856501282,-0.3366451356957183,0.92441121229508194,-4.5644108002484849,13.624397457298294,-6.3156835711223911,,0.2859546103564802,0.7153284671532847,True,6
0.60842386859287112,-0.65734541211719255,-0.44465425365666328,0.7780168640538091,0.60458108166603441,0.17079658936701803,0.15655719521747535,-0.44986522966329306,0.87926737672088751,-7.0551414601334406,-23.760980694042527,-6.8283441196407137,,0.580050756067737,0.8518518518518519,False,4
-0.13591408732361082,0.98580180752399071,-0.098600999738460426,-0.98983102005434498,-0.13933453639798687,-0.028643301222697266,-0.041975142705725513,0.093705300005880343,0.99471473506007912,3.0829531651550157,-3.7914659891923876,-3.3878062222272702,,0.2449874035661125,0.462962962962963,True,5
0.54780443219600972,-0.7531637263276455,-0.36421793669541325,0.82076265035515505,0.56815232683535288,0.059595346240767358,0.16204621516218765,-0.33158307383796148,0.92940501897492456,-8.0577336545413729,-9.8776411511911135,-7.3181107083884793,,0.1967758644835007,0.28,True,5
-0.25052559945218633,0.96453194279025256,-0.083156811845960826,-0.96691730463365022,-0.25355456765315965,-0.027946506440289027,-0.048040087626069997,0.073404445093476073,0.99614453641095635,6.7541716121220379,10.266737467834705,-2.2269961362013118,,0.4136586177643091,0.1538461538461539,False,3
-0.0093502651725819435,-0.91238092083948974,-0.40923541859092188,0.99986406521372906,-0.014088601623272726,0.0085651852622314947,-0.013580266399376335,-0.40909970250830718,0.91238862869510617,-15.629233761788248,12.383351166046468,-10.512795043890492,,0.1334768228158686,0.1538461538461539,False,1
0.39168442313988638,-0.83620738453576748,-0.38384960950537095,0.91313267636286111,0.40451772133055208,0.050538386281481849,0.1130133975596387,-0.37030071992556152,0.92201157736475192,-12.531418253895337,11.377103566744795,-9.1812244572356896,,0.1206424115844327,0.358974358974359,False,5
-0.0049449024250382383,-0.93353656282213804,-0.35844809082241663,0.99968909130853933,-0.013375280804039038,0.02104335006885193,-0.02443908056196057,-0.35823258888275605,0.93331245764944348,8.4966192295860949,13.172818960709494,-1.5892691556601386,,0.2663549446509254,0.6170212765957447,True,5
-0.8577351020361248,-0.37656331612616656,-0.34998651928773478,0.40798893001268449,-0.91281421217520964,-0.017755197494162663,-0.31278671282870046,-0.15801988165739383,0.93658645584847089,-3.2802823019292497,11.206425016249996,-5.792623643816432,,0.1438982929796548,0.3676470588235294,False,5
-0.8992583569164786,-0.30311158506727953,-0.31536926691400607,0.33222826301921338,-0.94227776428195487,-0.0416772862724821,-0.28453257944761373,-0.14225323173061286,0.94805338947502571,-11.335821584846173,22.792526066879223,-8.878874210991583,,0.1986432064678972,0.7555555555555555,False,2
0.63495302210447568,-0.68308274443479167,-0.36087757477547133,0.74617199044191196,0.66327453638896183,0.057395557824297685,0.20015499094538672,-0.30572022117197351,0.93084538241654868,5.8979083435561499,7.7363814019409816,-2.5080099136708007,,0.07213521808458162,0.36,False,2
0.87110440063473005,-0.35781110824363838,-0.33637528745772544,0.39664991462774407,0.91647803498688973,0.052314975029841337,0.28956168327424059,-0.17899503402058034,0.9402737948998473,15.443469328741852,13.304783359940084,0.78775410496335962,,0.332583792795541,0.7714285714285715,True,5
-0.32528569096647092,-0.85453129220082757,-0.40492652407819585,0.93912362333386601,-0.34202693563937203,-0.032625073079034436,-0.11061663233319398,-0.39088853391564848,0.91376699147240925,3.4589964499403019,-18.37247928369576,-3.0396762394438968,,0.09609156486966089,0.4285714285714285,False,5
-0.71242310615164461,-0.58340100239297332,-0.38999562590895337,0.66014848001671433,-0.74566719332124765,-0.090467790599939577,-0.23802794405881017,-0.32190636404284823,0.91636182299125124,-0.58672721502186986,-20.144716585349915,-4.5268893371320553,,0.1069161590110922,0.4545454545454545,False,4
-0.23771296835086034,-0.76136557530351778,-0.60317079291073739,0.96735523317280536,-0.24172163285570158,-0.076121646479580238,-0.087843027788275019,-0.60157552555960758,0.79397134048822671,-11.174097477796456,-5.5674309839510308,-8.5658261520095031,,0.1052797577342572,1.0,False,1
-0.88889156355236898,-0.31295690309943025,-0.33455906062732743,0.34839122809459006,-0.93601105095340009,-0.050068599739315628,-0.29748166402682574,-0.16106299790928497,0.9410437663957536,-16.087935425949148,-16.713106785738006,-10.173842608916942,,0.2801560768827182,0.7368421052631579,True,3
-0.5768865347287121,-0.73985109432105745,-0.34615355592660441,0.79233582155459337,-0.60984775541481218,-0.017019432920158589,-0.1985091230399921,-0.28408814379950798,0.93802348298027372,-5.3697961627191946,14.233421230458315,-6.6170650159639344,,0.07807585854550765,0.1304347826086956,False,3
0.94964410166662405,0.06281994802523222,-0.30696862103462264,0.018733373311925493,0.96655967089061978,0.25575664865682907,0.31277010869670191,-0.24862835063186936,0.9167108608323179,3.4622030665955545,-6.3088157947056276,-3.168674031169445,,0.1335625779469824,0.3495145631067961,False,7
0.94854571331717652,-0.073799558197567769,-0.30791988399168485,0.099182106426219802,0.99277103557812196,0.067591276670893971,0.30070573574919862,-0.094653558448624303,0.94900830573844086,10.675781019700041,2.6385859074976148,-0.76199377459185202,,0.260804212593391,0.2321428571428572,True,5
0.72747590702041476,-0.58613233027340894,-0.35668991591168919,0.6442860573879694,0.76232009526526612,0.061347767768853811,0.23595398059852857,-0.27443936263411328,0.93220639092246638,-4.1559949499343123,15.202000656287522,-6.1732321093813143,,0.3022982376677936,0.3225806451612903,False,2
-0.061751508604903874,0.98864618247943503,-0.13698714192893316,-0.9980821376191461,-0.061762750285651792,0.0041724384653989057,-0.0043356372788548557,0.13698207381256655,0.99056403816381011,-17.513071750141165,10.226142548784097,-11.170171103423202,,0.1734491641838986,0.1714285714285714,False,4
-0.37011973658443326,-0.86316586637539383,-0.34344732888040469,0.91920835571895865,-0.39377034745341366,-0.00095511405901646529,-0.1344149521709456,-0.31605316102015657,0.9391714540178745,-10.574824988087506,4.6294163002686446,-8.3666671120830802,,0.3171849142629404,0.9513888888888888,True,5
0.47566056679901381,-0.75328305007980167,-0.45421544629714217,0.86916692432613352,0.48189761291114502,0.111011478361427,0.13526227430399965,-0.44759282515810195,0.8839484034812769,-18.724623376622752,10.405843036914471,-11.617405708243913,,0.1597531628310359,0.3888888888888889,False,2
0.46643503990140633,-0.8090647985027225,-0.35756468698114507,0.874015226665525,0.48376146858242058,0.045521698911536741,0.1361460139298481,-0.33374989638759517,0.93277825315145768,11.732401972461563,-15.756175327670565,-0.11162349301379172,,0.1949949627090594,0.7391304347826086,True,5
0.50250859837963335,0.83463106567378098,-0.22555729375656497,-0.84803629868035646,0.52660849734167892,0.059312112153086086,0.16828411890329345,0.16147592619269235,0.97242273759160647,-8.745818155982068,-14.181338991488868,-7.5302625602073485,,0.1369477659864737,0.4166666666666667,False,4
0.7777764068680314,0.56613019497559558,-0.27305761893114855,-0.57111399300099719,0.81795641890981985,0.069109360890402052,0.26247412809248671,0.10219539667283001,0.9595120806852675,4.0824726461628753,-8.6261879509471946,-3.0415867438225672,,0.1292916985329908,0.3663366336633663,True,5
0.7384450539279076,-0.59581419418951653,-0.31575995365420678,0.64728394873900286,0.75757654987541245,0.084268978774581227,0.18900368259442352,-0.26661436023058488,0.9450896205570043,-1.6279708493613296,13.327701176211999,-5.2761322198497274,,0.4508178026131505,0.7291666666666666,True,5
-0.30791728173532357,-0.80127048880919916,-0.51298396794850887,0.9451459303569435,-0.31940192466338235,-0.068422078681042151,-0.10902347425411248,-0.50591305012303689,0.85566691403651274,-15.712510532516621,6.5000870764588825,-10.437943007913784,,0.2355067285472677,0.2644628099173554,True,5
0.93635039505641704,0.084703110108348523,-0.34069534897862247,-0.0052609352474112768,0.97373368658692194,0.22762915051935909,0.35102743516428297,-0.2113482688450877,0.91220153969293993,-6.2477183039609994,-25.377728091329612,-6.4697060747212616,,0.4806142379712881,0.1052631578947368,False,2
-0.65288845861130473,-0.67827381542283216,-0.33716656406575862,0.72452046482629562,-0.68904828028395193,-0.016809624791097443,-0.22092251279587605,-0.25525888574050237,0.94129492965301464,-19.256409228239836,-18.571456882137355,-11.302647623947085,,0.08672560332725102,0.4545454545454545,False,1
-0.79412288654263408,0.5818860453081578,-0.17543509154336095,-0.56499907107580016,-0.81318485309874022,-0.13966547309289992,-0.22393054894917247,-0.011790884886779374,0.97453377790659945,-12.763219224968614,8.6726269134385365,-9.3540498918933466,,0.5124096567197545,0.2777777777777778,False,3
0.78838597168601898,-0.50336854239466255,-0.35364907772559651,0.56505170339708644,0.81982427469910402,0.092761689840901829,0.24323678203911361,-0.27296202875411335,0.93076720973705118,10.86287696622362,4.836921046552801,-0.67068979269995621,,0.3942838635508248,0.4117647058823529,True,3
-0.097250113295497098,0.96778196196454724,-0.23225091939551984,-0.99510480491870956,-0.098670932781190962,0.0055203488826744106,-0.01757392078364169,0.23165086039154054,0.97264023985652015,8.7831663357600043,4.7035668530032764,-1.4483879827135466,,0.1507058144381109,0.3076923076923077,True,5
-0.7026981554098356,-0.63176135019411472,-0.32725051380329895,0.67043048604270739,-0.74193660099086878,-0.0072830965018417966,-0.23819795500413748,-0.22451653950438757,0.94490955002096433,2.309385418655169,10.737499311368451,-3.7853449023642276,,0.09251993839506369,0.4736842105263158,False,2
0.77796192900639216,-0.47476449921738828,-0.41155061329017228,0.57181991716041725,0.80643376321237847,0.15062060911368147,0.26037899177028084,-0.35250993721310253,0.89885456265777941,-16.592804203946283,11.071323508645721,-10.842057827111235,0.3613219970684264,0.2112447903554787,0.4166666666666667,True,5
-0.5107981382876482,0.83057260821866175,-0.22188827007915818,-0.84394311712776704,-0.5336358402342648,-0.054706535899630607,-0.16384528365058321,0.15931708161499497,0.97353622969622466,-18.332789924445773,20.76830964015998,-11.598662619924346,0.3454604629025231,0.2936973719027169,0.5806451612903226,True,4
0.67839772999008041,-0.63919461141600498,-0.36222474885221501,0.70768715186851083,0.70096758343602628,0.088449658292696312,0.1973712619013801,-0.31634584825567386,0.92788463144232369,-5.3578807763779679,6.5553473101178357,-6.5887581729724989,,0.4741007463040955,0.2316176470588235,True,5
-0.46063807711240812,0.85956649412685826,-0.22126455678360746,-0.87627458000863467,-0.48008467190088616,-0.040762338457342756,-0.14126366250694367,0.1751118213607567,0.97436154874607195,5.4068805678005445,10.59685730765869,-2.6568454198443461,,0.5760802458307832,0.1428571428571428,False,1
-0.050713665104224204,-0.89231484784620085,-0.44855583430037704,0.99710005914344857,-0.070755024330748414,0.028021395184498039,-0.056741485950116008,-0.44583398125890517,0.89331543417037551,-7.2922272003568054,6.0069280524317215,-7.2672328795759285,,0.2333909089310561,0.2368421052631579,False,5
-0.56401203396861588,0.77709193026203094,-0.27931802208274503,-0.80751540316683301,-0.58975834583824482,-0.010196428906502804,-0.17265369728706387,0.21980269660713714,0.96014450754943048,-11.199194300812056,-13.188894534565616,-8.4639376602225216,,0.08788372200328087,0.4285714285714285,False,3
0.79618405260428371,-0.48713866008457496,-0.35886889002757366,0.54592292941426623,0.83410839790611579,0.078938809734105109,0.26088140891670258,-0.2587645771613577,0.93004396890047014,2.1820959472982966,-9.8354403460160338,-3.6109995182392902,,0.199151273127241,0.3125,True,5
0.13760608027625548,-0.91731718329216294,-0.37362247243432356,0.98987621505095946,0.1406075517555517,0.01935446371502627,0.034779958990648084,-0.37250329075894351,0.92737891545277584,13.361266002724831,7.2704837983935775,0.14840687057767035,,0.1754773644604865,0.1851851851851852,True,5
0.95088082843334554,0.19481143548887042,-0.24057047765817036,-0.12840311711517893,0.95535301805064232,0.26610759180571064,0.2816705338387745,-0.22214660813142001,0.93344126481674528,-28.10949383047322,9.2176838548781745,-15.230372762323203,,0.5308401352573572,0.3488372093023256,False,3
-0.45263744250453641,-0.80264939010676917,-0.38842412670196447,0.87861192567861723,-0.47580315229846587,-0.040650268365097164,-0.15218551080265166,-0.35967390345154893,0.92058364827845052,12.067129725573675,-20.185711176226128,0.0077616121578874464,,0.1570936221393744,0.9,True,4
-0.88830133337488204,0.35782189209167686,-0.28789622203901777,-0.35502637040337759,-0.93267802628255791,-0.063780683657953585,-0.29133660505094583,0.045554284426435665,0.95553534195642642,15.59865755355238,2.9770824504265114,0.99093438094255315,,0.2163566647045373,0.2380952380952381,False,8
0.21350224586738875,0.93172113232355003,-0.29378992935651016,-0.97276031257191919,0.23054420958566052,0.024222751939145144,0.090300416912456466,0.28061557157122469,0.95556304642717937,-8.4029849807090642,-2.7068566668202543,-7.5639590649085395,,0.1711977541842458,0.6791277258566978,True,2
0.26286131497401671,-0.7537237043883136,-0.60233255476795233,0.96185542540161573,0.25372557792995803,0.1022617803951455,0.075750047627753447,-0.60623750176582303,0.79166787337691447,-11.235865173858983,29.753499668479428,-8.8330677221052731,,0.3853889623108269,0.1538461538461539,False,1
0.40267445045623113,-0.83857078952751951,-0.36695002098510021,0.90720607577411505,0.41895696182875214,0.038107744800145116,0.12178022429074352,-0.34824430373864662,0.92945977959526671,5.7713453069297946,15.73467213872652,-2.5695347065942924,,0.08510430739127574,0.1333333333333333,False,3
0.098799721779935387,-0.92086459798789322,-0.37715647568191535,0.99475400259058278,0.10149523059996841,0.012774681814986772,0.026515831237626346,-0.37644004879669102,0.92606144523769196,-0.92905436033988797,-14.511451994247885,-4.7766424154096585,,0.08198849556136494,0.1724137931034483,False,5
0.94305871145353237,-0.099008176876208095,-0.3175494412894676,0.17587541393157863,0.95872978476995585,0.22339435661929907,0.28232623952796065,-0.26652313352991358,0.92155157954799083,9.0282700773565416,-4.4174258221611353,-1.1939572569221137,,0.2485944540307646,0.1066666666666667,False,5
0.31182850641435417,-0.84245233044795598,-0.43935982236681853,0.94705020009046503,0.3128405028934591,0.072296184256011031,0.07654345887144505,-0.43863981884021525,0.89539723488059741,8.0113840502377709,8.2222610309539483,-1.7114982669348837,,0.1844429097464052,0.4150943396226415,True,3
-0.48241022962517965,0.86012000707948766,-0.16575265842382117,-0.85997067006005767,-0.50102976699475843,-0.097054722819828826,-0.16652572470773777,0.095722233607247603,0.98137986376520003,15.755928998552147,-9.2960166189064619,1.1989325268401583,,0.4443358409982083,0.3833333333333334,False,5
-0.086538879269293684,-0.85234536133688854,-0.51576972321211767,0.9962326475527985,-0.076955775804305585,-0.039979000991763936,-0.0056155431399476374,-0.5172863748233153,0.8557939425453982,0.7502243081112675,-13.093312789949614,-4.0970595761557531,,0.3827394159338657,0.3700787401574803,False,4
-0.23047836408588818,-0.90474872754188718,-0.35820310397821575,0.96931070348313764,-0.24582313460061531,-0.002783272920858719,-0.085536447210046496,-0.34785158689657203,0.93363953948631551,13.553387813497501,6.2630592169927333,0.22032948604172073,,0.1420874485112697,0.5625,True,4
0.92190877057986065,0.27987367001426861,-0.26787113984278743,-0.24050258386201462,0.95553313170510534,0.17063100940194972,0.30371487596695779,-0.092882522826298608,0.9482247154919542,-13.057232676646578,-15.63201154671772,-9.1161622763370804,,0.3317725586781017,0.4814814814814815,False,1
-0.94799468385607866,0.10303673939422275,-0.30114699021511193,-0.067361689613303216,-0.98966887996511332,-0.12656188526187176,-0.31107632850002381,-0.099694224324206521,0.94514156584256748,-2.9237468665737869,-22.05810059054301,-5.3323801805127298,,0.1983570498033679,0.1,False,4
-0.94994797290863919,0.060143358166027658,-0.30656422693341329,-0.052791579200381383,-0.99808547431293115,-0.032224759596656327,-0.30791540710444854,-0.0144278353901529,0.95130433596912478,3.6219317661053791,-16.441238123114417,-3.0729827576414248,,0.4044731206786872,0.8717948717948718,True,5
0.21227140860244187,-0.88150995093251483,-0.42175947588274876,0.97540786564983373,0.21733465050587752,0.036676222787038304,0.059332492939127159,-0.41917282366160596,0.90596567218917579,-5.5615503723306343,-14.606272250353662,-6.4184789602871435,,0.09605475930201586,0.2608695652173913,False,2
0.30437731369516763,-0.80109060145944122,-0.51537200075388556,0.9482971929513544,0.30591443772770527,0.084550521171204235,0.089927107972478229,-0.51446108214625086,0.85278538343982735,-16.110731926794724,7.9295667600012498,-10.539669073164523,,0.2876564649548195,0.3235294117647059,True,5
0.55442905511634999,-0.75213660920625658,-0.35622878032874844,0.81418927710302158,0.57885214791665773,0.045011241959454308,0.17234919173948082,-0.31499319348834809,0.9333140115538614,-9.7099622475012435,-15.167203815696167,-7.8660775625570576,,0.07720035204300368,0.2173913043478261,False,2
0.28036073057328231,0.95207181032100241,-0.12229934073618831,-0.95514784029892374,0.28935594615570026,0.06297411846657798,0.095343924424782234,0.099158481313654179,0.99049337789752667,-19.601732719370041,13.455835892745037,-12.067002266514269,,0.362842988074021,0.40625,False,4
-0.83818484064087173,0.49830473460969504,-0.22167220029899609,-0.4745246101271593,-0.86667367378804361,-0.15395823312315521,-0.26883557670722136,-0.023856542672771347,0.96289059506685315,9.7551871043272111,5.3946995696023583,-1.1368463496103081,,0.1093921507367737,0.25,False,1
0.002671072489824621,-0.86940268465130166,-0.49409699178690125,0.99997184753552026,-0.0011424921026925959,0.0074161208320114493,-0.0070120972721298795,-0.49410289073522567,0.86937515714387748,11.388654522041328,10.567198486850039,-0.56871304360166752,,0.3161956171899309,0.2142857142857143,False,4
0.82120792054676139,-0.47137894336231129,-0.3215889348001511,0.50910540123537062,0.85978375061453516,0.039794379153037261,0.2577387081216892,-0.19640212303800142,0.94604279205643194,-4.746595375821772,-12.903821659853817,-6.0801867934457157,,0.09807831826488307,0.5641025641025641,True,5
-0.48097452049478179,-0.75432839030301768,-0.44682456313152036,0.86067191764556195,-0.50335028109489321,-0.076696445145807757,-0.1670549634435527,-0.42145838952920522,0.89132792230711766,-8.5185370914963485,-20.599040475658018,-7.4593212903587611,,0.1551878171504156,0.4666666666666667,False,2
