axis_00,axis_01,axis_02,axis_10,axis_11,axis_12,axis_20,axis_21,axis_22,location_x,location_y,location_z,dbh,dbh_approximation,score,reconstructed,number_clusters
-0.89860924953389487,-0.17621558256233644,-0.40180777134638362,0.16781731227466742,-0.98420790109699363,0.056321906210265692,-0.40538718079514802,-0.016818914366498995,0.91399034883662511,-5.7202850856518586,-4.6638888630244129,-3.4746041346632488,0.3058457288948787,0.2755496141934771,0.9140625,True,5
-0.89831162235540052,-0.17068573645977847,-0.40484887119811946,0.20254635195404769,-0.97857895079622981,-0.036853932879104601,-0.38988614293318435,-0.11510697818869869,0.91364061814312503,-9.2687230895388719,3.9372995425968691,-5.5386604836829179,,0.3644023111796506,0.6434378629500581,True,4
0.42277664965001777,0.86373095067926287,-0.27427859805206073,-0.86705650701076586,0.47355593670493779,0.15478303673787841,0.26357715788929159,0.17237638948013367,0.94911193343503908,-18.704136995773407,-23.363524792800511,-7.3739734270392416,,0.2356676438039672,0.75,False,3
0.34135648557346565,-0.82461414622601081,-0.45109562134970754,0.93769410692566768,0.33187393889736888,0.10290505584090232,0.064849915912097864,-0.45811701400918492,0.88652314683910072,-7.6489158040805387,6.552586274566961,-5.070633467725143,,0.2211197149571981,0.7920277296360485,True,5
0.022459514123557928,-0.90442260547922981,-0.426046148818993,0.99693332908200194,-0.011693156270353128,0.07737704738431328,-0.074963374996133023,-0.4264774563732518,0.90138641636902384,-1.0926713576089468,7.5312781113459515,-2.4554517019597069,,0.1803658648727816,0.7620817843866171,True,5
0.89279323334540006,-0.16509109110042719,-0.41912429437093907,0.27626257023816397,0.93557285032888504,0.21996007367904316,0.35580786216449833,-0.31216722019897775,0.88088159922612397,5.1065290197805027,-10.712011048611803,0.84105621262251451,,0.1178090214413247,0.4347826086956522,False,5
0.28553730648411535,-0.85189278514551248,-0.43902975892622287,0.95776104283980212,0.26994923467732224,0.099101945064371672,0.03409151542847802,-0.44878290220790379,0.89299029964588095,1.476669729110891,-3.5528958029607982,-0.85220341417799139,0.1631952380929793,0.1464509568338284,0.6857142857142857,True,6
-0.16114749135080805,0.9331046272005924,-0.32147665658362351,-0.98683022341972859,-0.14770385114967816,0.065952122793149798,0.014056890719865996,0.32787089997802088,0.94461795280996685,-4.0725220165259977,-2.990055746901334,-2.929812573577717,,0.07770875027339381,0.3155339805825243,False,5
0.038617397057309565,0.96787180279882401,-0.24846100295915813,-0.99270483621880645,0.065580597975854471,0.10117456852846353,0.11421823318677943,0.24274134076436593,0.96334357146949756,12.857056732210379,16.235530835933233,2.4535575007828716,,0.2831092590942522,0.3,False,5
0.7280116080607808,-0.5181055798438271,-0.44896069612322304,0.62612573097514135,0.76920723893685827,0.12761971860955235,0.2792233291464058,-0.37401448060446574,0.88439103385243067,8.4063922528530632,-8.0375565231723414,2.0138070454804731,,0.08474245767095075,0.1428571428571428,False,5
-0.90858640697975113,0.17570754157432017,-0.37894274090624236,-0.17625131211664299,-0.98377298980903127,-0.033558597994578665,-0.37869013194007128,0.036298269326630161,0.92481145084557859,4.4523444465328748,3.4200666788960206,-0.090722454154018792,,0.0949329007851037,0.4035087719298245,False,5
-0.5619526742667571,-0.70749502998488945,-0.42855568416615325,0.76821717387188171,-0.6384823938228269,0.04671837482801483,-0.30667827711257661,-0.30297032086485332,0.90230672114437294,-11.577015046727228,-3.0264418409468439,-5.891757264040459,0.4970912810209997,0.4036912109909719,0.980719794344473,True,2
-0.43449597702350862,0.84074924943636298,-0.32303861305203058,-0.89365131439555534,-0.44712605934562721,0.038283355824007256,-0.11225227939549197,0.30531784524695477,0.94561114584393191,-6.4259832034452158,18.789111850101811,-5.3604005697852788,,0.1331514248342053,0.28125,False,1
-0.89842637248172075,-0.18469332161128693,-0.39839481696117496,0.17312867000043911,-0.98274090440693318,0.065167311048746124,-0.40355484986952811,-0.010425533925643687,0.91489605496425097,-19.230895784080467,11.004641951079725,-9.9664493175827165,,0.08596655004243992,0.3571428571428572,False,1
-0.32123142788305148,-0.76189356257008434,-0.56243094603202581,0.92152353875539217,-0.38832239771679444,-0.00028801253055872611,-0.21818509862030924,-0.51838587436941519,0.82684421023207355,-4.8486471768273631,-14.797598871201668,-2.5820412557134271,,0.3635650097181408,0.125,False,4
0.71892855300583081,-0.53832666891955294,-0.43971142036899702,0.65485376657646222,0.73666046844454103,0.16881320633081401,0.23304136987574348,-0.40931131399101062,0.88213149142596081,15.301851658401043,-2.5306923479352315,4.3009649637496112,0.4336009254856499,0.1692245023456887,0.9,True,5
0.18134060842410685,-0.88520647451121837,-0.42839827406257625,0.98341876841846299,0.16244878331300419,0.080609668914082361,-0.0017634224360949663,-0.43591270947695948,0.89998722216360805,-12.445397483690526,6.4958152991351925,-6.9677610973075828,,0.07320977572825332,0.2,False,5
0.53956119587590723,-0.67752743187509068,-0.49983026615212633,0.8240367572530376,0.54675309491362589,0.14840645504246133,0.17273430059157147,-0.49195287605533533,0.85331426165277768,-3.4909178164143877,10.607865373428904,-3.7398100199004478,,0.1347109329107442,0.25,False,9
-0.74553933375241166,-0.45687774876593018,-0.48521523524162696,0.55281360608839647,-0.83058020307368674,-0.067332333879184525,-0.37224752349955914,-0.31843248726323536,0.87179844706434095,-5.0015654229717441,-21.754311787180391,-2.232821227293782,,0.3382690034902787,0.3846153846153846,False,6
-0.91997405758686557,-0.056392460965849545,-0.38790156446368468,0.076336032061490422,-0.99642533192488725,-0.036185191826022159,-0.38447437310731913,-0.062900304010346866,0.92099023240159317,21.707065747255569,-5.3087198438141092,7.1764741900201461,0.2606343414419175,0.2160231529444064,0.2727272727272727,True,5
-0.27107200524290503,0.88341294996737796,-0.38223229560507521,-0.96189232665414326,-0.26338854461671818,0.073414075547989913,-0.035820662995950284,0.38756681281376776,0.92114539878778556,-9.716501913415982,-5.8401160920400317,-4.9846886779319846,,0.06873703763071642,0.3846153846153846,False,3
0.91695295760218609,-0.0029793436511789638,-0.3989842065245367,0.058283897101931707,0.99024588176738237,0.12655465610301739,0.39471541758996109,-0.13929902065036112,0.90818253779878166,1.87615935335563,-6.511607773657361,-0.45176070053607748,,0.0675008610768447,0.1388888888888889,False,5
0.33387166686719999,-0.82030644810777165,-0.46435658847068118,0.93939220347484742,0.33027828147144478,0.091970347606935871,0.077923026853356822,-0.46691925209941942,0.88086004217749059,13.017184590257004,13.718400773985746,2.6041946143503747,,0.3353657691381501,0.9302325581395349,True,5
-0.88419210333813136,0.27079895967526979,-0.38062087151558421,-0.30274724113332141,-0.95273092825878669,0.025453611243064993,-0.3557364647891102,0.13773780083166026,0.92438080131588851,-13.005444995873143,5.6008028197985933,-7.0737035367632233,,0.4489830883706444,0.9704524469067405,True,5
0.024984917084673725,0.94677613789021275,-0.32092163940745067,-0.99372057298885208,0.058544451124635605,0.095351822537503544,0.10906501151597796,0.31652407801652144,0.94229365449355118,26.063109967163037,-7.3760096306581637,9.0917838670575932,,0.1270568239221398,0.4,True,5
-0.71146608489931673,-0.57319790273461702,-0.40652204655919338,0.60096688855015135,-0.79613357825979392,0.070782232471197581,-0.36421807877202972,-0.19394713163100197,0.91089500011127433,-8.7818217518805852,-9.052464166050294,-4.3659495018003804,0.2258060311954956,0.1354545752999352,0.6521739130434783,True,5
0.26726312102674199,0.89174911803675894,-0.36517658005368692,-0.94275245480302883,0.32041670868385541,0.09247130235412368,0.19946988018722919,0.31955694840961762,0.92633423968955453,-7.3339830982475682,7.5011764704696615,-5.0059756145243108,,0.0686721875782226,0.1728395061728395,False,5
-0.15524305884475584,0.92629635263352628,-0.34332879252744491,-0.98782663140800642,-0.14207337127085348,0.063353795915065667,0.0099065110728885422,0.34898456165504493,0.93707611044397154,-0.93095850132640179,-7.4510240710559996,-1.5374445899805467,0.3242571223227987,0.3562175277598033,0.7960893854748603,True,5
-0.53713301162315552,-0.72439724225148427,-0.43213049330391479,0.78477369121444529,-0.6169856529025094,0.058812904112276874,-0.30922222009793343,-0.30753429000830096,0.89989125957906546,-6.3948189097492234,-11.264248355002811,-3.2619312636869524,0.3187227888285527,0.3118588807541125,0.8827160493827161,True,6
-0.65747887265150906,-0.55956117242420944,-0.50459174223538827,0.66554802392349555,-0.7452402143042578,-0.040778068066958273,-0.35322423454291824,-0.36264075515444677,0.86239452852657972,15.568334650231851,4.4332258560202114,3.982598592160163,0.3222101795200103,0.3672418673322801,0.1904761904761905,True,5
-0.88113827773055664,-0.23733015244002439,-0.40898622747083158,0.27482564115379471,-0.96087449441520678,-0.034511924703295629,-0.38479371419298636,-0.14280968008197162,0.9118877084336926,0.61422817346452008,-23.093005470060653,-0.011920438596852767,,0.2723501829231417,0.6071428571428571,False,4
-0.8908376725734537,-0.16021180432033869,-0.42513576523309926,0.20913486129608347,-0.97532960830293669,-0.070673651089407707,-0.40332474622142805,-0.15186946014278491,0.90236623172709607,-2.2289793115875964,2.1212378611067924,-2.614519201612493,,0.5504420748939546,0.2805049088359046,False,1
0.57438840061347651,-0.69600093370251248,-0.43088358697671619,0.80093884863563924,0.58654711229628631,0.12024743574439384,0.16904119612362772,-0.41418013634421996,0.89436004420533854,12.808544200493246,-13.286126549399288,4.092308769028163,0.4773870747666888,0.3864359337238648,0.4864864864864865,True,5
0.2090445199489831,-0.81830390123267482,-0.53542423731718169,0.97788189130414749,0.17106789059819852,0.12034443678752982,-0.0068844272618852065,-0.54873901085458576,0.83596537166775542,5.791229919615172,-6.5731845695844147,0.97968904017170755,0.5977190914203842,0.1897253635598322,0.2894736842105263,True,5
0.91424475405388006,0.12127766666239412,-0.38658538158327233,-0.060238974583563636,0.98423215742799874,0.16630792592581489,0.40065920134957567,-0.12875864185968575,0.90713472897931124,-3.6782536744123737,-5.961176344321486,-2.5999836030322121,,0.142229848719124,0.64,False,5
0.87257577122824082,-0.25507549467144847,-0.41659094503308292,0.33708954854798662,0.93165475291371913,0.13560994665949738,0.35352815973434953,-0.25875840738301253,0.89892264788659748,-11.473706001126692,-11.326036560766136,-5.2361207624432833,,0.1035042808516096,0.3888888888888889,False,4
-0.86942361576196792,-0.28605615324653694,-0.4028330343271011,0.2836666015489191,-0.95657627925057409,0.067045366288910405,-0.40451926470944793,-0.055979453060217801,0.91281458430176632,-5.1726764566197385,9.203257515760864,-4.220338944998435,,0.1297821977939224,0.7384615384615385,True,5
-0.67682638879040924,0.64361437120776999,-0.35730460480066711,-0.6978281614488171,-0.71550343289960761,0.033025665744091645,-0.23439687823411343,0.27168985752821834,0.93340383799853699,-6.2691071637632128,-2.7899201049247382,-3.8645207631231644,0.8909986429225452,0.5253242415378099,0.7956043956043956,True,5
-0.88550253450420735,-0.16916478698680268,-0.43274534801697767,0.23418885269154913,-0.96690606687989755,-0.10123358684677397,-0.40129894425682372,-0.1909867342894713,0.89581428022989351,20.430874260701479,-8.3582463732431265,6.8598595811105021,,0.2337492399613047,0.2083333333333333,False,3
0.51593808880993275,-0.73190166565609405,-0.44511553592858288,0.84089972558802406,0.53183340618564257,0.10020418938828587,0.1633876985000409,-0.42599668998105222,0.88984902096032426,-2.6460832421123119,-16.691777338732955,-1.6383916516288171,0.1683966880863065,0.1254106696777827,0.375,True,5
-0.75513438755488105,-0.41311781353329424,-0.50902429104472513,0.53938669744622125,-0.83284028688605072,-0.12425396234172699,-0.37260441134019484,-0.36838937102070579,0.85173659306665717,-13.344542930395386,-20.776093566828347,-5.4879087325185925,,0.18648542389659,0.1428571428571428,False,1
-0.88925640554499019,-0.17436921324127491,-0.42286927373696076,0.23911390491505055,-0.96532075039490617,-0.10478735292626326,-0.38993279635532324,-0.19429674812161912,0.90011176416925254,-10.464602371840567,-7.5065418441327623,-5.1876359837606669,,0.2034749029868636,0.1794871794871795,False,3
-0.85019888659708331,0.36024012084224744,-0.38391263142106202,-0.4091471851049428,-0.91102921936903869,0.051228335680005226,-0.33130112307353099,0.20063104642952084,0.92194725936943622,2.1784987796684825,-10.261701682458858,-0.2146718014448219,,0.07255687271882783,0.2894736842105263,False,5
0.82441712201470352,0.41681616564174367,-0.38288469934003344,-0.40749565750930022,0.90661261934778081,0.10954837995342079,0.39278963586130494,0.065710292185245184,0.91727774390359729,7.2631092655098399,-8.3659494811968091,1.6429427089013859,0.3450295559623962,0.3220338882315185,0.8910891089108911,True,5
-0.04343057167119313,-0.9093283606207333,-0.41380637744617088,0.99354768084784861,-0.082748482796082337,0.077560908174208659,-0.10477018338332207,-0.40776785205034977,0.90705489773666359,-0.95356950666477636,12.864639597830505,-2.8533262119327203,,0.07692218973908545,0.2222222222222222,False,4
0.22618309370277387,0.91149143344669681,-0.34354704899959215,-0.95648031890991758,0.27457305740481919,0.098767584183033136,0.18435457049128134,0.30625643323962326,0.93392740051800593,13.644396126156716,-5.3584508088889153,3.8484138868305937,0.8891935209488108,0.3052119527055563,0.6382978723404256,True,5
0.053870506429535316,0.93509379244507351,-0.35028212610368081,-0.99278997555889026,0.087773557426752899,0.081632512189875939,0.10707956372157633,0.34335899864040559,0.93308014933651595,5.4261231917190607,-3.9345106638254967,0.65251821013049305,0.2506612669705607,0.1730752334129103,0.6826347305389222,True,5
0.56378654928923222,0.74109211582225631,-0.36459183027960451,-0.76645307594112311,0.63392936806327038,0.10335975371146273,0.30772456713907598,0.22116969090043614,0.92541318264117811,-9.5316404956434013,-16.129702588460944,-4.2109385745859518,0.08540679105857149,0.1235531738027716,0.3214285714285715,True,4
-0.39893015675421728,0.84396569455983672,-0.35857584475001575,-0.91062355580683896,-0.41058697683483331,0.046723378124233356,-0.10779364379110504,0.34516697533188745,0.93233056878902787,-11.925596184489955,-8.0211383225139858,-5.6810518514287374,,0.0860880024386375,0.2894736842105263,False,3
-0.86519673845766065,0.32764311404706237,-0.37958476468342339,-0.35280897025280072,-0.93568888277909001,-0.0034849896379061801,-0.35631507724398154,0.13090570828333511,0.92515039926892617,-17.531945108760759,5.9352835782641735,-8.9356061996067631,,0.1353838699220306,0.2531645569620253,False,5
-0.67292755743928001,-0.49622121791153095,-0.54857360976736902,0.65286885577599929,-0.74707077925493237,-0.12508999936512,-0.34775100229408701,-0.44232313265058298,0.82669189346795524,17.408342840857543,-4.7929211929248909,5.28014927360333,,0.3842152426951251,0.2307692307692308,False,6
-0.22776420840905343,-0.80013028970686517,-0.55490087841109559,0.95822524872188475,-0.28543113449417423,0.018260344280744793,-0.17299664181619212,-0.52756097937108359,0.83171604226763829,14.056686517343067,-4.605992991547585,3.9999330820305472,,0.2002150527230865,0.34375,False,3
-0.86467640456048966,-0.25816300207316156,-0.43091365696264217,0.30382162950572744,-0.95191581641356604,-0.039353473876881206,-0.40003391461328552,-0.16494890973348869,0.90153464954870399,-8.3942509811236068,-2.5538039503959222,-4.6857297732620085,,0.3051564668716593,0.2210526315789474,False,1
0.0086136328938188483,0.93270181688684906,-0.36054559504220945,-0.99606308820688561,0.039815390076794063,0.079202645314370712,0.088227714694033677,0.35844393632617516,0.92937280725813409,-15.160039197354649,-15.270852329257078,-6.3761840639207996,,0.07307037859701936,0.25,False,1
0.1049190416822899,-0.79947954803852839,-0.59145959030231277,0.99372012626760442,0.061024729261474592,0.093788555108068147,-0.038888370281683585,-0.59758550408010525,0.80086157353824938,2.6098258398193508,3.691633682216569,-0.76714304233822683,,0.2240610781195775,0.3220338983050847,False,1
0.91437103859184232,0.081323008086874551,-0.39662598520543019,-0.031453687619749794,0.99092759390337926,0.1306643378124992,0.40365365019976607,-0.10700033643200312,0.9086334016994112,-4.7905349569936462,-12.998653961032758,-2.5925254275794072,,0.08654166571459607,0.4130434782608696,False,5
0.91889276162062428,0.0010004258509723786,-0.39450613656740435,0.05979303901106614,0.9880911245205094,0.14177701551950037,0.38994984950252748,-0.15386659413892362,0.90788996364154428,21.9197946462019,-0.046356082656368092,6.9134885157673898,0.5045671195626412,0.614085248967492,0.75,True,5
-0.8986064641236724,0.19461039788079082,-0.39323430124015346,-0.23877139608083933,-0.96881891900677208,0.066167383114018152,-0.36809596988931897,0.15335154127438902,0.9170543395786378,-5.7052357233454076,5.8119542144182024,-4.1933238224263567,,0.06609789210736157,0.3618421052631579,False,5
-0.08609192461940951,-0.88962370959202519,-0.44850622721100569,0.98889319628513694,-0.1310486361479285,0.070117767396958616,-0.12115455771984829,-0.43748818303525883,0.89102506297422202,6.2041711899810315,14.539165905827717,-0.047824744345583016,,0.7966576451346443,0.4523809523809524,False,1
0.069638611664278968,0.9322684513415409,-0.35500140619259052,-0.9917017378575218,0.10324720568031395,0.07660076794378852,0.10806538250449552,0.34672114033103296,0.9317222354069401,-4.5078934475318242,-11.695301818446605,-2.5656278390079854,,0.09622654621451682,0.34375,True,5
-0.42044657781123518,-0.80288728464437098,-0.42260700818042607,0.86981682313689246,-0.48920145784799596,0.064036144695320402,-0.25815377083216412,-0.34066690739751226,0.90404794607882943,9.8594251882016088,-13.284031259059473,2.9061410456520909,0.274330956143043,0.204975379379227,0.5652173913043478,True,5
-0.89427567891839987,0.23205350992468118,-0.38265151068128683,-0.23634349455216855,-0.97098405209071392,-0.03649278241470913,-0.38001679262619981,0.057802587460546312,0.92317175986105759,-7.7989135329212704,-24.13080173310977,-3.1569192840115683,,0.1324121338174604,0.1,False,4
0.051328619249639482,-0.79873659414476927,-0.59948746944363984,0.99508381476385033,-0.010004630063274773,0.098529736487618105,-0.08469695650345406,-0.60159767332604486,0.79429633324581139,15.943027139584615,-3.5598484050261345,4.5845173449466969,,0.203687690890504,0.2857142857142857,False,2
-0.80380068213616285,-0.39156885530183538,-0.44785968221648381,0.4524198182616882,-0.8912018065268249,-0.03279707437234132,-0.38629104499263311,-0.22898290678767741,0.89350213035983639,-14.322762045674487,-1.869620770112383,-6.9999456830925011,,0.07839968867738542,0.375,False,1
-0.78179231542515149,0.49376988151995199,-0.38077825521680264,-0.55080039916167312,-0.83310461275945735,0.050553184689549363,-0.29226648084500123,0.24925490627605854,0.92328343203579233,-6.325291692573165,-1.3118095999358639,-3.9625776422815582,0.4024411365744596,0.3292130203350901,0.8914971309337506,True,5
-0.46242777170257693,0.80437097075725805,-0.37302533072328492,-0.87891021644113676,-0.47133876646718198,0.073188787806534789,-0.11695036294763622,0.36170030222301741,0.92492999950168919,-0.39005250646904754,-8.1420537269999986,-1.2578642453865858,,0.09250344922282049,0.3214285714285715,False,5
0.91749371545765246,-0.018990920583971099,-0.39729664865322634,0.067528753121185281,0.99179594851421549,0.10853876732617367,0.39197595538197222,-0.12641258420806278,0.91124898296581347,-0.5626663459750284,-5.196903645459483,-1.4903925987476616,,0.07939999922963727,0.4432989690721649,False,3
-0.47906918882714916,0.79704235651056554,-0.36771754682715596,-0.86667963117212432,-0.49590961303994729,0.054222436370196511,-0.139137087894808,0.34466960646777972,0.92835539161977088,5.1634129024641604,8.7757366279512716,-0.15176738164792022,,0.06569405066942091,0.16,False,4
-0.34156439126762445,0.92878737668608791,-0.14383245644343862,-0.93875636917835303,-0.34455389886990906,0.0043692219698008711,-0.045499955440132578,0.1365160052232742,0.98959240820290573,0.64114109222875659,7.5259070681296114,-1.7476653612229791,0.6154210360646827,0.3214427414104266,0.2857142857142857,True,4
0.88494305758633596,0.26750837370657221,-0.38120211807728854,-0.24079478505693991,0.96348252617285435,0.11712938678639365,0.39861467148002494,-0.011861355590292902,0.91704179399001862,10.069254079622189,12.111808875847501,1.5182274906210356,,0.1587171978841299,0.5434782608695652,True,5
0.086903554411930914,-0.82572163526202513,-0.55734329931450699,0.99460932553296277,0.040146110306889998,0.09560637735053143,-0.056569088674272849,-0.56264737703772738,0.82475927840742003,-1.8724606302940772,-24.360648713748478,-0.87952402737885937,,0.2747159356655417,0.3,False,5
-0.22639048754087071,0.90482795169908747,-0.36060189263929321,-0.97391537476302381,-0.21611976210827175,0.069145435326293234,-0.01536847263736496,0.36684959622479818,0.93015331198598505,-15.167910513156817,-3.1340438598547169,-7.3536602741544375,,0.08097857018462928,0.3,False,1
-0.56135002525028188,0.785856676258329,-0.25945217966268652,-0.81152526372885836,-0.58416012939387607,-0.013553212030217573,-0.16221250100196929,0.20294390261040379,0.96566084983908518,24.18943958721038,-10.246112733542354,8.5540715568202241,,0.2252252870545809,0.2666666666666667,False,2
-0.034754545600962646,-0.86303949656014345,-0.50393942982990203,0.9943473306099635,-0.080480940516895277,0.069254633941402202,-0.10032700368750319,-0.49868391350707525,0.8609580981327476,-13.031159143295923,-7.7795726588455496,-6.1224755558489559,,0.08869506779805643,0.3333333333333333,False,2
-0.42759911353047514,-0.78039494027751488,-0.45622662712429124,0.86556314103186549,-0.49900813386210424,0.042324121095568948,-0.26069032777416923,-0.3767951957346532,0.88885653143591292,-16.142696728924324,8.4044339963905728,-8.5498372712980579,,0.2369327605083281,0.6684491978609626,True,5
-0.90297080159093923,-0.098072900322622142,-0.41836041602489726,0.14337365785414991,-0.98657613487622664,-0.078176238885005564,-0.40507743174328681,-0.13057272423823174,0.90491051379529741,-5.2542814397981834,-17.788301990946053,-2.5413971772802908,0.3516852710078161,0.2695015154509752,0.4375,True,5
-0.90465726778504207,0.082602304216287586,-0.41805751659533996,-0.046392021724798761,-0.99429305948646773,-0.096068164223772928,-0.42360713894360752,-0.067514229575696708,0.90332653046437861,-10.992929523664788,-13.003969791381612,-4.9746042249751792,0.2043834387437845,0.2823132221156257,0.2941176470588235,True,5
0.88779821475576826,0.29121627147561008,-0.35638099430850056,-0.23945013499332571,0.95356441700096983,0.18269793507667137,0.39303684652733234,-0.07686342340440791,0.91630456258517345,-4.2846879689028867,-17.542411989982732,-2.259480403413491,,0.5056954522331686,0.4583333333333333,True,3
0.2975302572161676,0.91772942234949295,-0.26315100872873065,-0.92941267700861807,0.34145933411108087,0.13999142460912645,0.21832961745158766,0.20292419890807645,0.9545438427023456,-3.7361816366527263,-8.3860270401569181,-2.5195782647230467,,0.2312770857055221,0.3008849557522124,False,4
0.91038896325220642,0.15265242826096992,-0.38456361207816225,-0.11237355237521046,0.98573892619709536,0.12526353861509196,0.39820110536655917,-0.070823763849630739,0.91455993470030361,7.5207382426951366,11.432234695570239,0.67453226721806825,0.144096840816502,0.08928872428686213,0.2307692307692308,True,5
0.10990346653236979,0.94043723396406542,-0.32171266219747241,-0.98189821054531068,0.15296237939913299,0.11170682439525231,0.15426319124173563,0.30361212008510535,0.94022473290450237,-9.0753762594275571,-0.89163386633531994,-5.0631859545516997,0.8429585482077874,0.7700411142723957,0.989778534923339,True,4
0.33501479062561274,-0.78568001321743686,-0.52006923278802608,0.93945006039142143,0.32077714579335032,0.12056370418673899,0.072101831409700279,-0.52896969626559964,0.8455722242008944,-4.4278629685351989,5.2220177058824744,-3.6474758684293254,,0.07873457403664426,0.2063492063492063,False,2
-0.9004223359785527,-0.16421005744257736,-0.40283330784039489,0.16270702325471809,-0.98593400136039111,0.038217398460381663,-0.40344273627680732,-0.031132009189842103,0.9144751262605717,7.7244429936835015,9.7824438445688315,0.72614575528123715,,0.07947227410952451,0.36,False,5
0.13081425706997823,0.94219715454048902,-0.30846742473563604,-0.9760125803030949,0.17700848463116736,0.12675740395997431,0.17403181673856072,0.28448641152853565,0.94275150936940577,5.8398021684530956,12.30760630279261,-0.11375539387499956,,0.1251551037433649,0.25,False,2
-0.29530161579844577,-0.8377927482002554,-0.45923879057619937,0.93340284998554834,-0.35554736527163977,0.048427168895677802,-0.2038530729365699,-0.41435417472430303,0.8869918503249391,-19.347456522461407,7.3163048869971163,-9.7434716021523737,,0.2390771267183044,0.3404255319148936,False,4
0.87838297549238264,-0.25337629410787704,-0.40527003583944704,0.32457196174797065,0.93864223603026231,0.11663530506318831,0.35085095127735078,-0.23398975687894485,0.90672620104610979,-1.6878793798032929,-11.001844506610011,-1.6452061867216443,0.1965222005240773,0.1325675411854863,0.6590909090909091,True,5
0.8062393708394513,-0.42843906548487382,-0.40794367757676386,0.505116979459999,0.85750268368685101,0.097703554341978277,0.30795277879833066,-0.2848317303888333,0.90776427082921163,-10.666154430878816,-10.082342295385063,-5.0093421789544674,0.1400940128813079,0.11841676974289,0.6707317073170732,True,4
0.071102111582884348,-0.87831949903243423,-0.47275717588194044,0.99728415526443726,0.053472145420928117,0.050646256747956316,-0.019204254397186604,-0.47507429659317069,0.87973610209514053,-6.0665191809065098,-14.155205482768674,-3.0171803780024171,,0.1786598150080713,0.2222222222222222,False,5
0.79022886180785268,-0.43771798853136878,-0.42888379368066409,0.5466728010059454,0.81978615402349631,0.17058578578439154,0.27692452871889145,-0.36926091613846235,0.8871071982609563,-7.6362485515758305,8.6334681868306102,-5.0556226121673689,,0.1893018334751393,0.5384615384615384,True,5
0.29525451394111124,-0.78691911867475905,-0.54183306715402524,0.95365702301761368,0.27715716906231336,0.11714173503302086,0.057991848104543053,-0.55130953583400344,0.83228284930780305,2.7092456811026051,1.2523674777104792,-0.61955411375325842,0.5845287657201499,0.2589680376363681,0.3900709219858156,True,3
-0.86734712530534064,0.37368522978222601,-0.32873745339885985,-0.35874249965347171,-0.92722666926050568,-0.10749196599955126,-0.34498229399049091,0.024699248058893411,0.93828415950520294,7.4832371627208047,4.0414671613410915,0.90268292049089238,,0.08769616797118399,0.6363636363636364,False,1
0.34579988824117364,-0.80917497601754207,-0.47503504658014672,0.93608519535496981,0.33233234099027642,0.11532442139100643,0.064551873169100646,-0.48455244640692197,0.87237720187509926,-1.3444991912978801,-13.842381319233658,-1.2637408029098951,0.5919382329036743,0.2706037139156351,0.6046511627906976,True,5
0.70858052842564612,-0.46266966878216836,-0.53277613715802885,0.66122475747948239,0.69898104092495061,0.27241021369190999,0.24636447558897759,-0.54530934524952979,0.80121299487171149,-14.950923530415263,-9.6894038995717526,-6.803067171191242,,0.1223891185103517,0.3076923076923077,False,2
-0.19136122832150984,-0.87668334490322042,-0.44136967846079378,0.96783506009809372,-0.24336721933559252,0.063778468136047942,-0.16332843212436193,-0.41496832327560024,0.89505592782665555,-6.2260595686004629,8.8482418977242876,-4.5937049939918442,,0.1062525916666966,0.477124183006536,True,5
0.58692612272457234,0.75664130773115434,-0.2881174376853835,-0.74332931082208409,0.64462786881553313,0.17865174619664814,0.32090382069440665,0.10931075967732762,0.94078259745942372,-15.719867124264828,-4.9513635165626031,-7.4425884972136984,,0.4454632014065834,0.4470588235294118,False,2
-0.22286138921413004,0.9688458358996852,-0.10803030805005615,-0.97475288693744855,-0.22303195525946445,0.01065628172728228,-0.013769916654034972,0.10767772839813339,0.99409048692881108,-9.9916130596383557,15.009750114099838,-6.5436017565837377,,0.5136293503995029,0.125,False,1
0.66165868669998062,0.66182131816746836,-0.35242066502055497,-0.66691360048816184,0.73426793937375379,0.1267944899896539,0.34268649199869572,0.1511394588679425,0.92721239863082738,5.8347362819368769,7.609361896209192,0.13440578962841424,0.1501413212005306,0.1284021704661983,0.3559322033898305,True,5
-0.53654439593803938,0.81600184410500987,-0.21508394083405685,-0.82818103653578579,-0.55809925481091349,-0.051394479295101728,-0.16197617698290151,0.15055302121421027,0.97524228061199114,-5.2710375768774167,16.671929441993523,-4.7524601924030296,,0.092947577935857,0.1142857142857143,False,1
-0.50059260570788788,0.78906623208970217,-0.35606393314452278,-0.85066850453811815,-0.52464665935114541,0.033301324576724453,-0.16053080233235142,0.31956277037139835,0.93386802991380335,22.356648672873785,-1.7827125509349147,7.2139445146253536,0.2132325586361216,0.1765762617814485,0.4736842105263158,True,6
-0.91043585444558028,-0.16229056003089717,-0.38048433484810568,0.16964557913056316,-0.98540028183214379,0.014375745079430256,-0.377262418511841,-0.051459291580731037,0.92467562360462785,9.0051132840560655,5.1923087268199728,1.3956279286058129,,0.1007259632171915,0.3157894736842105,False,5
0.70511851708171724,-0.56297113327983705,-0.43112803198364874,0.66393867805000872,0.73766193003649494,0.12263893657414915,0.24898455505851147,-0.37271756071916873,0.89391739622510202,6.6936532295269195,-10.226301134865608,1.495856192681807,0.2011035228514755,0.125274049804054,0.2051282051282051,True,5
-0.49585080028033685,-0.71620085890956742,-0.49110926845107133,0.82054420455636123,-0.57156067937432409,0.0050594626324189651,-0.28432233860588108,-0.40046812543616739,0.87108328435306603,-10.87760678387578,6.6827124726597891,-6.2848967656931256,,0.08391058829551148,0.1625,False,5
-0.69742944476578006,0.64443567161777093,-0.31352007068168442,-0.67220331823738777,-0.73992461137553478,-0.025578671416021562,-0.24846502475064977,0.19290991324272647,0.94923700773218012,9.054946284785574,-15.631941892098366,2.7590139985822204,,0.2500501588858262,0.1666666666666667,False,4
-0.88111483243725397,0.29326584406530132,-0.37098759650928542,-0.31259156557971041,-0.94985017331074884,-0.0084357210697361684,-0.35485654170029834,0.10853475464664337,0.9285995056246249,5.2871064420632568,4.1621194984794361,0.10567017442649447,,0.08853247547357351,0.2857142857142857,False,1
-0.32515462967349279,0.89372432463764884,-0.30908137820462833,-0.94212499880261746,-0.33438534484410093,0.024226592510293028,-0.081700388206311508,0.29907068178688162,0.95072697125014183,-5.6358143970024273,-9.4233428737759546,-3.1218856992244377,,0.1667274980414186,0.3846153846153846,False,4
-0.90295851296563978,-0.098450023530913644,-0.41829835850699143,0.14769551267947861,-0.98520370259934753,-0.086946534829643263,-0.40354920319240745,-0.1402899043099643,0.9041386969660542,-1.8374498547939484,3.8142308738555166,-2.5624749364783859,,0.1023573647482598,0.2862903225806452,False,5
0.77217974162792302,0.52611850283104888,-0.35628326875991595,-0.5047328781683752,0.8484978758318148,0.15904740301170417,0.38598337828888818,0.057014697120259167,0.9207421767232038,11.198606025527585,15.924969077280986,1.7741148150095365,,0.1140772358252211,0.2,False,6
-0.047956000559489807,-0.88899896975367854,-0.4553910998111817,0.99349192938729824,-0.089610234646918252,0.070312104852786828,-0.10331509208553814,-0.4490554950375551,0.88751065014676578,0.51220776637908361,1.5500548937085672,-1.4870715564031403,0.1808261596699586,0.1709964861875448,0.428,True,5
-0.60801315231302677,0.75415019431660502,-0.24814812315752638,-0.77121668338439464,-0.63525301664204958,-0.040968672382076368,-0.18853337604771775,0.16646648088850385,0.96785540079944155,-14.242783842437669,-4.4810372319845699,-6.8779742375205233,0.7180059583418537,0.4844925779366753,0.5978260869565217,True,3
-0.82891277504034444,-0.38190904627667915,-0.40871639525097708,0.39895437618534135,-0.91578563610903307,0.046605519189669556,-0.39209567339806328,-0.12442728426036997,0.91147069828607685,-0.20055611586041311,-12.058430091804411,-1.0192448300511792,0.1851865554960744,0.2230198092391233,0.703125,True,5
-0.90291573372184508,0.2213742755164122,-0.36842449421438495,-0.23762673055603037,-0.9713556845761705,-0.0012926588143729323,-0.35815738820076504,0.086380346035091829,0.92965677596415341,-0.31846964804867228,5.0635739300178253,-2.0558691903635182,,0.1412480174359948,0.3454545454545455,False,5
0.61320608347675565,-0.65769772379431479,-0.43750657515387831,0.7667399146634809,0.62877527697548419,0.12942779580229907,0.18996895127608773,-0.41481966585515345,0.88985192159756732,2.7684222677239476,-9.5303990167480634,-0.017089871830695814,,0.08868018198700357,0.3478260869565217,False,5
0.36166835583582996,-0.83280417670454909,-0.4190861530168542,0.92941826919933046,0.35742512052798475,0.091809390010374983,0.073332675292321348,-0.42271087811767305,0.90329277217049486,4.8464978611939449,-7.4065325151593084,0.63672345468335401,,0.09089504383818821,0.2608695652173913,False,5
-0.24938047857282744,-0.8719169425990928,-0.42139081873652534,0.95032977640614902,-0.30402303350040444,0.066658166619342998,-0.18623289983949581,-0.38383699705716695,0.90442604269642213,8.9340837477333466,3.0282764976311047,1.4262089302163847,,0.1660583323843207,0.4047619047619048,False,5
-0.90877080228782126,0.15389384525732672,-0.38788182904212437,-0.17689659538913136,-0.9839350361092235,0.024071544538622633,-0.37794605891434263,0.09049049181353197,0.92139472944143841,-5.6793052293577677,7.7312733909633238,-4.2919541597400777,,0.06800564304192044,0.2054794520547945,False,4
-0.74690307931891098,-0.442437727195792,-0.49637148151132804,0.55238481023733144,-0.82840865617493731,-0.092790731183142308,-0.37014431175285661,-0.34349374947480038,0.86313685621038549,-14.26711427802023,-10.821311067094916,-6.3678821961680905,,0.3391636115544168,0.1111111111111111,False,1
0.88635365350118334,0.28803816342040989,-0.36250685143663319,-0.21199592495288117,0.94851564441501368,0.23532063254917446,0.41162474260966914,-0.1317273271321045,0.9017832237063157,13.953980577273766,-23.00022566675035,5.319005215740729,0.4505624997976879,0.4252268150049117,0.4482758620689655,True,5
0.17132267263208151,-0.8901267569542296,-0.42228296010654709,0.98501178139020118,0.14605084623686732,0.091765684414156487,-0.0200083073922879,-0.43167523309502243,0.90180716384804516,-19.647159916944549,7.9944826415184727,-10.008887606648914,,0.3582097713260157,0.8669354838709677,True,3
-0.17521550352996748,0.92026612899663018,-0.34987108932333588,-0.98448726844336842,-0.16045642128320303,0.070982780601371462,0.0091839858261628382,0.35688091668026312,0.93410474022659806,1.1470826931235572,-13.502279112470875,-0.39749423795966071,0.2397455889414405,0.2072078911908641,0.4705882352941176,True,4
-0.64528475037479305,0.68538156977828202,-0.33743102219861121,-0.72313402363973223,-0.69043223551955468,-0.019506717050344374,-0.24634279934342129,0.23142046574088618,0.94114812503023082,7.6198540126428025,-6.0823754781373349,1.6241272309449284,,0.238949300851564,0.2592592592592592,False,3
-0.91575488149686179,-0.038626210980140567,-0.39987624690644957,0.060792041446891265,-0.99722846564637246,-0.042891899017207899,-0.39711122461017084,-0.063587759277242792,0.91556500160213172,-4.2708296263633825,-16.453484753409821,-2.3130147335778433,,0.2891112821643538,0.44,False,5
-0.91718304344981194,-0.002438283222049583,-0.39845867989425299,-0.010589923359868303,-0.99947890163908326,0.030492272817316667,-0.39832539252647919,0.032186642466442893,0.91667927963675788,6.8793098344773504,6.8281466610326129,0.5575039085159188,,0.09143812775458984,0.3333333333333333,False,5
-0.81205949701916325,0.44417351194884541,-0.37850926617985509,-0.49343406841789217,-0.86890967583209089,0.038971725262522128,-0.31158015569922048,0.21841672675964943,0.92477669739567414,2.9183455700686833,2.4027157892530315,-0.71269617171929234,0.2112551376492779,0.1867481736574486,0.6666666666666666,True,5
0.4618885580948085,0.81118226869889509,-0.35866737633859808,-0.83301549413434517,0.53560572504026083,0.13860625467925633,0.30453923627869872,0.23475483861384272,0.92311755443939914,0.5646176687396236,-18.097217633307956,-0.31051580570279375,0.3702997324173145,0.1854296657996803,0.2962962962962963,True,5
-0.83409582681005845,0.42983134933746059,-0.34572989865613873,-0.45664470786722156,-0.8896384429437505,-0.0043648154004256035,-0.30945074321272165,0.15423505426250528,0.93832392357955863,-10.861926568871645,-17.668495034840181,-4.6396006202916578,0.228600310497864,0.2050382572871145,0.6129032258064516,True,5
0.91948803516516142,0.1309431383699183,-0.37066918903780871,-0.00023569345837755578,0.94307897113096983,0.33256878786071392,0.39311791823408915,-0.30570565700422908,0.86718069261193109,4.3746605938944008,14.979551787103212,-0.87067893769081106,,0.372402944760119,0.25,False,5
-0.77169468182711998,-0.46548767896436394,-0.43336882533485094,0.51194818525109698,-0.85894607323302763,0.010986304914298174,-0.37735444035793164,-0.21338431059928162,0.90114968919276728,-8.0863298575646105,-14.289757478543647,-3.7613483132432957,,0.115277871330365,0.3513513513513514,False,3
0.88139611443138455,-0.18544390262894384,-0.43445534689195003,0.31540661100837453,0.91570138397175604,0.24901735908250033,0.35165261153227595,-0.35651302131893819,0.86558587467250925,18.435941507031199,-13.630891396054805,6.425470516692843,,0.154214473972441,0.3333333333333333,False,6
0.89528491587388392,0.18591791904115573,-0.40484496636132139,-0.11826354211805785,0.97533500045654575,0.18637427797343964,0.42950978337446921,-0.11897968004595083,0.8951900254816183,-14.491778300189912,-17.395458115093628,-6.0428928179481902,,0.3086620968282099,0.1904761904761905,False,2
0.86886255534545331,0.34875442635301107,-0.35135197454653749,-0.31649860649023409,0.93706138989538823,0.14746044777180878,0.38066585348348303,-0.016920451131827274,0.92455784368809857,3.8065985061194052,2.1689134063138731,-0.36867789539579454,,0.1471322902025167,0.25,False,4
-0.74330088105851677,-0.39537334914284872,-0.53961441326673298,0.52721695022396442,-0.84274307106447588,-0.10874926928194978,-0.41175974501421969,-0.36532729293112387,0.83485919856311253,19.955209372956372,-4.0568205195983174,6.385495482784151,,0.4863189356679133,0.6,False,5
0.040807057835072227,0.97264999487875969,-0.22866300858073874,-0.99394884791131644,0.062875180918613702,0.090068858992547199,0.10198270327174515,0.22360388880071269,0.9693300929748272,-15.670878944843976,-26.527768653094267,-6.0243958138833706,,0.2355578997318752,0.4,False,1
-0.64906024999518896,-0.6231386521786807,-0.43637026942393747,0.68003851806223048,-0.73237192811107743,0.034336174314966814,-0.34098153297196016,-0.27446234546072001,0.89911179232412042,19.265066223912008,-2.9955430967875172,6.0074846893928209,0.3003732040075564,0.2766566157029157,0.7291666666666666,True,5
-0.44107948650853113,-0.73448367622675759,-0.51573502492830425,0.83472779321974289,-0.54682857369927429,0.064869270170985219,-0.32966406811763616,-0.40188585486733092,0.85428880470815394,-6.6804485933433631,-5.152982491127343,-3.7333290453264114,0.5665361905697048,0.2215680164464889,0.411214953271028,True,3
-0.87485587631093586,-0.23318965944859674,-0.42455833334239362,0.27076885143832125,-0.962193308232838,-0.029466365278372625,-0.4016359356120861,-0.14073599510499674,0.90492096611074813,-16.505333613851434,-9.0357392181053324,-7.4343411293826147,,0.07060028741788307,0.3333333333333333,False,1
