axis_00,axis_01,axis_02,axis_10,axis_11,axis_12,axis_20,axis_21,axis_22,location_x,location_y,location_z,dbh,dbh_approximation,score,reconstructed,number_clusters
0.87941427302435804,-0.30201024005741406,-0.36799504249582415,0.37771318173852458,0.91315774842756459,0.15321774971478069,0.28976419506557494,-0.27373845434495314,0.91711720617968728,-6.1522396678281286,-11.887848640391264,-2.4561801396898768,0.2074165088136386,0.1944938155936201,0.2608695652173913,True,3
0.1826522771296018,-0.90566440348866728,-0.38263577186782755,0.98294043705632494,0.1596642154159042,0.091298606315459829,-0.02159265752270207,-0.3927840711754243,0.91937719711333199,12.18983899361459,-5.6656520510101833,3.4624124840886199,0.2584455901468695,0.1849422922558271,0.5983606557377049,True,5
-0.80725444634737109,-0.45819431742278,-0.37201912092508493,0.47936031043349003,-0.87672289275306925,0.03963157962785397,-0.3443166444328653,-0.14633843242348776,0.92737862362808876,12.514552512741645,6.7419570395568975,2.4455855188868272,0.2523035297620014,0.2280018797569203,0.5714285714285714,True,3
-0.83651791236425999,0.46523323999803756,-0.28947506748365609,-0.48080595690692141,-0.87661160018399453,-0.019435385915242548,-0.26279918968017829,0.12292328837036264,0.95698821888237295,-16.788213288113234,-5.8286766643612991,-6.1405443413050254,,0.3556031871389794,0.5142857142857142,False,5
0.40008354743558255,0.85564263754881231,-0.32834255264871115,-0.88813382102607696,0.45038557413972813,0.091493991914481654,0.22616690965077052,0.25500688503516744,0.94011702333469116,-0.66435715905684289,-20.18556094685577,0.22951694622555349,,0.07740034757603509,0.5,False,1
-0.27875904881529834,0.95055213695318641,-0.13690882965433904,-0.9603515735555167,-0.27654324543772113,0.035336787802731341,-0.0042717529227434131,0.14133105934826629,0.98995317252406612,-20.484359380954363,-3.0451291462266123,-7.6045273739793489,,0.2828252491367765,0.125,False,2
0.79878740496268197,-0.4367810291231598,-0.41371610347084498,0.55689492827749421,0.79699757727121479,0.23380098520455306,0.22761089721669719,-0.41715368201890368,0.87987276639652978,10.179349775892682,-8.9480863775625856,3.0322147048553529,,0.5245050428868376,0.2105263157894737,False,3
0.92141218239485823,0.21852827083304016,-0.32131757652059173,-0.18562672784794501,0.97397042369424025,0.13009354971453183,0.34138293460981578,-0.060224651228411641,0.93799290154116111,6.9076530893018724,-1.2640826783487242,1.1803827069494279,0.3018792654794845,0.2659020790881403,0.2107843137254902,True,5
0.74232588431417312,0.62930821838119422,-0.23005096773338857,-0.58544996268254001,0.77617159125419566,0.23410681776689624,0.32588437009496807,-0.03910022004819369,0.94460073582439519,12.616222364368031,-3.3824441761241326,3.2456004693071905,,0.2057681451766162,0.2,False,1
-0.85172218175374681,0.4161385295324127,-0.31843060365994424,-0.44377814861885517,-0.89599249842659312,0.016074749506303873,-0.27862210952660676,0.15500376447644876,0.94780987179975618,-9.7991555962727812,13.717331744347183,-5.1508916070990081,,0.1180160375502337,0.303030303030303,True,5
-0.068964714652305678,-0.89130784328052626,-0.44812297044398663,0.98993507898059885,-0.11678530470939395,0.079935799286731515,-0.12358158251374149,-0.43809989855117515,0.89039096544880103,-5.012155128911493,9.7081743936393075,-3.2574809293598532,,0.1179586288810668,0.1428571428571428,False,5
-0.78146639033330834,0.59515218153614535,-0.18736104609068727,-0.5768646437633953,-0.80358724293614303,-0.14654257322027325,-0.23777607860161287,-0.0064361326163600296,0.97129867324205899,-4.3271493514442154,12.19940822908076,-3.1782058722622351,,0.2028194963420072,0.2,False,1
-0.19598483956890558,0.95292217450861805,-0.23136393839342434,-0.98049229468399335,-0.1868219792281311,0.061093437803087194,0.014993422706849946,0.23882394646904576,0.97094712516618698,-16.102235124472834,-17.498124584646451,-5.2724580256192395,,0.2296532882873638,0.391304347826087,False,4
0.087283841794197195,-0.90942049864355989,-0.40661515909831086,0.99436754729490195,0.054902185075643907,0.090658319864425865,-0.060122473737915669,-0.412237924893888,0.90909030433220139,7.0250388178598895,6.7177517514862179,0.66479651792219641,,0.09600024770754259,0.3064516129032258,False,4
-0.67785361553982781,0.70108770201731985,-0.22133799940285265,-0.70877591319624911,-0.70315871729212742,-0.056608507919864492,-0.19532327248028258,0.11850676088799258,0.97355275504280159,-0.50762870356093992,-8.8216847434168546,-0.59667653216881833,0.6798334871361239,0.3834719134875648,0.2535714285714286,True,5
-0.15184514907606328,-0.89346023593329726,-0.42269593978187697,0.97814064058614658,-0.19730370849579285,0.065666839786371445,-0.14207018665360419,-0.40348488623469303,0.90388937854384921,-6.7703630434869391,-4.5519801493557255,-2.9108752035412726,,0.07354732647389313,0.2323232323232323,False,5
-0.92657554002961406,0.20085678538366403,-0.31798478011403186,-0.18811332297110428,-0.97960446046824856,-0.070629163604562117,-0.32568565571667019,-0.0056260817672506014,0.94546136931360114,-15.601935182425455,-11.707456338898236,-5.5037521478723201,,0.6422224206871088,0.5208333333333334,False,1
-0.089465112919008632,0.94108448487432816,-0.32612265468564111,-0.994514879574666,-0.066594075385741178,0.080655957176799908,0.054186233260640974,0.33154972696767393,0.94188036961850119,-0.45346816806414519,3.4867052844363302,-1.4922677102765027,,0.09999791309724237,0.4971428571428572,False,5
0.92251194000051018,-0.14252649448236726,-0.35868916756303676,0.23139240108696837,0.94802526780810914,0.21841622722813359,0.30891629493392547,-0.28448952523411458,0.90754417675194465,-15.345535212308466,-7.6965518495145497,-5.6175571661870025,,0.1902510068194442,0.2352941176470588,False,4
0.24247962432958872,0.96201844196416986,-0.12539596925664964,-0.95481281785416161,0.25953969827068729,0.14481584127076136,0.17186074201625939,0.084614787965187815,0.9814806279347692,2.8781245498080357,-9.2761660884649775,0.51644678526395305,,0.3719726721101396,0.3220338983050847,False,4
0.75958734357210622,-0.52442914361293691,-0.38470916393357757,0.60801048991931705,0.7825970540793088,0.13366037219183058,0.23097686384818364,-0.33543393429375712,0.91330923793152774,-15.631023486547905,-6.1392893925735663,-5.7438596310732404,,0.154344148795325,0.25,False,4
0.47872394932861567,-0.78440856180270657,-0.39436859473064384,0.87216990869060873,0.47641383022760503,0.11112836155760569,0.10071261447221146,-0.39715622938394451,0.91220825404493,4.031085495217293,-4.1017473369900399,0.48202798316419038,0.2106903491174632,0.1099960237213917,0.246031746031746,True,5
-0.57908248955641894,-0.68634014669032906,-0.44000076514733139,0.75977157974025045,-0.65003850448765366,0.01403884975552791,-0.29565286555036718,-0.32617042435596738,0.89788765297630835,3.5461235392920787,-19.695891600016243,1.7390481713447601,0.3548348270747576,0.2444329659683888,0.25,True,6
0.77799925158755578,0.58580572671108622,-0.22704364135931768,-0.53402284346979723,0.80697648881051298,0.25220735350002643,0.3309633925098584,-0.074970641317459091,0.94066074424247825,-9.3449293814503704,9.4226984276683172,-4.6783662827679162,0.7928989292210802,0.3604112957418367,0.2,True,4
0.078872529604338174,-0.9191390239433751,-0.385956705782179,0.99545136369577358,0.051862630593603076,0.079917770640423602,-0.053438811645064414,-0.39050444582914812,0.91904873167728829,-5.4348627071830515,-17.080111727075874,-1.8073942097068547,0.2865293327245284,0.1979988592960625,0.7346938775510204,True,5
0.5009883658279245,0.83328576199268245,-0.23376376144591299,-0.82538623597575356,0.54126900432728231,0.16051612509754826,0.26028488001965278,0.11252867996572469,0.95895207253455983,5.6663784710117673,15.695398086465142,-0.12178148652325038,0.4188559679517732,0.3701655287227179,0.2222222222222222,True,6
-0.24609496955433996,0.95764680839130212,-0.14949868339888991,-0.96918638019983416,-0.24142833407287545,0.0488888529415311,0.010725035906286734,0.15692338858420385,0.98755254225790945,15.152093285147867,-1.3440886656071209,3.9709560248148734,,0.30981249024255,0.3,False,4
-0.37550371646349678,-0.77377051803281349,-0.51017266130726013,0.90479004739879187,-0.42534785210827547,-0.020836862406985346,-0.20087789587257432,-0.46942346567902538,0.85981956294312045,-12.047243311009014,-8.7109939864474075,-4.4614161387036191,,0.2986941808690554,0.4,False,5
-0.003288045377025128,-0.89810536621166404,-0.43976805243151751,0.99786236805925332,-0.031649725627437217,0.057175075678875399,-0.065267780479925999,-0.4386399959528533,0.89628961322872802,-0.49468368443334765,-16.457666039647528,0.0019913783692915151,0.4066713652212501,0.3058098615565421,0.8300970873786407,True,5
-0.86632141955663555,-0.27158157150928769,-0.41920239507178547,0.32458296624930466,-0.9440023741439344,-0.059206550578611544,-0.37964864814480559,-0.18735785979552741,0.90596022889233985,22.496598092812853,8.1033246882694741,5.8751839258727045,,0.5219666164768461,0.8536585365853658,False,3
0.22530655217334622,0.92919968307601986,-0.29295888195988323,-0.95975810741496359,0.26341153748813306,0.097358806326837105,0.16763452150141389,0.25923408512300883,0.95115527455375526,13.340274495367277,-1.0812509629137819,3.3081576053762416,0.1806629791613124,0.1903312310302791,0.7319587628865979,True,5
-0.93409505814988991,0.03610399699050941,-0.35519420566960747,-2.9601354082019107e-05,-0.99488158342831035,-0.10104768220468034,-0.35702439897535559,-0.094377626355442459,0.92931503925192049,18.852226891881998,5.731102167259472,4.7413186295784477,,0.2864601617261268,0.5294117647058824,False,5
0.92006447009955461,0.19120215873423249,-0.34194020728161861,-0.13232013088179007,0.97318794380794216,0.18813986549983563,0.36874483565719646,-0.1278552326744575,0.92069554449552349,5.6295983890159178,-28.890527009876692,3.4381389772463637,0.5556926989607828,0.4520823556935996,0.8571428571428571,True,5
-0.89906515663326414,0.28611036806944035,-0.33139508356518194,-0.30930531653201349,-0.95078721162403923,0.018272913758222126,-0.30985813736778872,0.11893080128946379,0.94331511130248025,-2.3639513005372201,6.0248656384588797,-2.2231951942921793,,0.09533070544864984,0.3513513513513514,False,6
-0.7479903486108771,-0.51749838000058768,-0.41557895168276493,0.56395202759103991,-0.82570268146608383,0.013160258191761594,-0.34995506705994917,-0.22452284631298913,0.90946189723516191,-13.353710574972588,-2.7894242887744025,-5.1640387977006164,,0.4572672183398425,0.1627906976744186,False,4
0.6650439133289896,-0.56817546700689903,-0.48465785048377719,0.72432446864736022,0.6487723493236055,0.23334202980142238,0.181853395521728,-0.50623223667070139,0.84300549529205071,8.3879172552830141,-7.9066540582734373,2.3243750275687378,0.5110449668363043,0.1624224797032128,0.3191489361702128,True,2
-0.39263964662246109,0.90500176392625031,-0.16372512082928564,-0.91231530776917169,-0.40577147985817125,-0.055048027609996636,-0.1162535466565649,0.127754895890862,0.9849689332490057,5.7302577462669015,-0.44467378997020091,0.73231876425353526,0.7155287437870543,0.7698795257308804,0.4454545454545454,True,5
0.85229687133842624,0.42990316989631416,-0.29794849826745406,-0.38453988740158035,0.90113170865051961,0.20022666820824556,0.35456891869410956,-0.056079480897168105,0.93334665249219906,-5.9808348516797256,5.3902931988036711,-3.254481026248873,,0.2088533185244033,0.3,False,4
-0.484574597373361,0.83214069002375723,-0.26968376218680729,-0.86780837684729162,-0.49607511908253027,0.028602400265051842,-0.10998218334854926,0.24789382451775349,0.96252406261446122,2.1079956845020686,14.497505899087752,-1.2422170527195244,,0.1563209222342332,0.2,False,3
-0.58182287364105112,0.76630174781003058,-0.27251380701051142,-0.80041231852914441,-0.59894114111971408,0.024690682878657368,-0.14429921709721488,0.23248901216510753,0.96183501452568443,-4.7951957139104682,-11.408459708958819,-1.8781332263601622,,0.4702895255404782,0.25,False,1
0.93505499046711915,0.038848229340438911,-0.35236767712099937,0.11524139027187577,0.90668113395200844,0.40576932277305727,0.33524854477050514,-0.42002397123570584,0.84331979510541877,-17.622850483459064,-13.502417886036845,-5.9451217976579285,,0.1355936103970083,0.4210526315789473,False,1
-0.91043034292174418,-0.15814046062456338,-0.38224100434260633,0.17530880224778952,-0.98445998635257748,-0.010264459319729399,-0.37467774759363398,-0.076355287859662002,0.9240056577067195,-5.4169136993683571,-25.050837625134907,-1.0620309534726544,,0.28526085993728,0.8837209302325582,False,5
-0.55756186059538004,-0.742057416135804,-0.37212304788506567,0.78284359248432034,-0.61915129576015371,0.061705612911344292,-0.27618957495832452,-0.25690944730853232,0.9261300419314572,-1.6331074877050307,-21.330813795932485,0.035517503874056194,,0.1526560649863747,0.34375,False,2
-0.84035520885428561,-0.31132701068036511,-0.443710057776806,0.40173791694818012,-0.90728337317754404,-0.12427198735722007,-0.36388153159731229,-0.28268776623052461,0.88751217331706989,11.245834409386937,-8.8086824696398569,3.3905245026527666,,0.266893452442073,0.1,False,4
-0.76518014584948135,-0.5245671990425762,-0.37326746186400039,0.55198780893682686,-0.83293902795571395,0.039013260480400394,-0.33137411362821906,-0.1761869160772635,0.92690310573451817,-10.113185844907262,-30.844679083871409,-2.2785441587149284,0.7289541210802759,0.7217238907295873,0.9180327868852459,True,1
-0.86232061318957354,0.42332482734454618,-0.27784753125062545,-0.42482370033843952,-0.90341848669788616,-0.057964312497056816,-0.27555032879514563,0.068052394860216706,0.95887480301375916,-17.200094872037784,7.0958500440438916,-7.2464948389969193,,0.2723563606809645,0.1363636363636364,True,5
0.56436397116979786,-0.6567932924332951,-0.50011586563524246,0.80016372425196924,0.58422888927404126,0.13570047652399339,0.20305497392744262,-0.47675903342490777,0.85525990295995613,-7.4723816569259789,9.3060152195271222,-3.9807380792344471,,0.3801193102754536,0.1666666666666667,False,3
-0.67127850414868917,0.7187718887293113,-0.18097552829152344,-0.72279476620221694,-0.68887376718331927,-0.054960520715719621,-0.16417337122255743,0.093914348526513147,0.98195071124891975,-16.57094296597808,3.4826838002841694,-6.7479637939912189,,0.3658903466790944,0.3333333333333333,False,2
0.3991558729154292,0.87861384931846542,-0.26213029756765838,-0.8995497873828967,0.43059213077783565,0.073488753776251914,0.17743948020805589,0.20646578578057587,0.96223027917723614,0.89522733636934415,12.321893367842071,-1.4759854782857467,0.5405196741342091,0.2836065727654743,0.3333333333333333,True,5
0.58681603029587726,-0.71904834302299525,-0.37231227079385032,0.79662503760894077,0.59503665482757351,0.10639515433592378,0.14503618873350851,-0.35902765883354509,0.92198896096979466,9.2301731940774268,7.0206473625125696,1.4177103291118758,,0.07458276539747447,0.2619047619047619,False,5
-0.8699305357779904,-0.28396011444621388,-0.40322142344462919,0.34806010390166464,-0.93274167548623743,-0.0940591881906815,-0.34939236825234493,-0.22217025051707695,0.91025565243627993,-5.2838337794296972,4.0510856415641321,-3.0053088692011061,0.4770357015516192,0.2313530286061665,0.3240740740740741,True,5
-0.07381037776993149,-0.85084228844093823,-0.52021094599599582,0.98751202653347825,-0.13515781036960742,0.080946672246840198,-0.13918342424730087,-0.50773986104764512,0.85019304156063003,-12.819706743764002,-15.749967624997627,-4.3532233425262552,,0.1824449928025678,0.1481481481481481,False,3
0.93471773011513637,0.087090248460908931,-0.34455486302100524,-0.056646811294220868,0.99362435131484472,0.097477111386981535,0.35084740811156562,-0.071595649987762716,0.93369168311826856,-0.35970969921885626,-11.721506557001257,-0.40670625224470919,,0.07527294642268949,0.3103448275862069,True,5
0.93711990668223855,0.13175265437251932,-0.32318341319700805,-0.023249446474720107,0.94751658506973502,0.31886013274852465,0.34823231288680218,-0.29129634237934232,0.89099983006615946,-11.686558846198421,-11.707121964049144,-4.2394630720851048,,0.07572770123994796,0.1428571428571428,False,1
-0.34022431546614568,-0.79514522799757503,-0.50198753127769669,0.93096666253444982,-0.36002474664570944,-0.060689826595235169,-0.13247070776235637,-0.4879818113366281,0.86274287211750567,9.7671099134150747,3.8362012114246027,1.6280328511488893,0.8587492929115339,0.5299417094425609,0.3417721518987342,True,5
0.92193108534052359,0.20249301368385186,-0.3302115281029348,-0.15640854046375896,0.97449851374541552,0.16090063759343054,0.35437189836785954,-0.096691396293606152,0.93009210916443719,-18.265278980890603,-10.796135558390011,-6.3642354131472327,,0.08774972590390256,0.2307692307692308,False,1
-0.81470059905583636,-0.44757562623285341,-0.36869905437949174,0.47267201788956209,-0.88088682614054981,0.024891023205945481,-0.33592275511234987,-0.15399499451053114,0.92921549936676706,26.834001514509769,6.8822035996427742,7.6422003086409589,,0.5728305845029432,0.7619047619047619,False,3
0.87007023887457202,-0.33863675143210681,-0.35819398376334266,0.40054109923582248,0.90924253194203219,0.11333510458194618,0.28730577308453664,-0.24208091351271624,0.92674280362198891,-7.9912966488229626,4.4255158828095595,-3.8528482920343277,,0.09900243023791708,0.4821428571428572,False,5
-0.90727100520118409,-0.20249232221929292,-0.36858673682523063,0.22527848180119056,-0.97410179460153545,-0.019372645441940853,-0.35511818984471127,-0.10061089998755868,0.92939147728237181,-0.64997929772780672,-13.691170365212821,-0.35048953847194803,,0.1274731264715778,0.3228346456692913,False,5
0.70614351915843188,-0.59321962074416745,-0.38658997906657133,0.67895775447097817,0.72222632009854837,0.13192994429103821,0.20094202645109582,-0.35563973923207121,0.91276649691181777,-13.215982699641284,-8.4916974453576604,-4.9042223901390516,,0.07772570524983506,0.2,False,1
-0.74941354147006178,-0.55737569836234713,-0.35736770242480609,0.57604209169106646,-0.81497958264970582,0.063117259638637735,-0.32642740764445621,-0.15855790973393905,0.93182859840172472,15.066052168414911,1.2633446940147808,3.6893004820946915,0.2249733469609479,0.1600309326897361,0.4468085106382979,True,5
-0.89513698388618934,-0.27063640850964049,-0.35423962859643171,0.28049007298105683,-0.95954900991794112,0.024310831425085583,-0.34648968099817401,-0.077599174960178929,0.93483863260312561,14.959024329134705,-7.2900346377055385,4.5634993803355162,,0.09129522444285619,0.35,False,4
-0.17819577024647268,-0.84914637722249175,-0.49718879464061005,0.97256437183644762,-0.22878148821196342,0.042161277090402974,-0.14954868806058041,-0.47603514649806644,0.86661740647065366,14.453414878560622,7.8289575140515746,3.1656051764881199,,0.1614038084117487,0.3333333333333333,False,4
-0.24154995701193588,-0.82123820912445322,-0.51693464010607049,0.95629426415357566,-0.29191676515829323,0.016908062174262307,-0.16478743463778672,-0.49025748958437998,0.85585787096451837,16.693552915064288,-6.3549450367392106,5.1668350327942898,0.5236182304822822,0.4512360465744797,0.3580246913580247,True,5
-0.72248728206416546,0.63063052187347868,-0.28340302069159429,-0.64865373645664992,-0.76014224709448375,-0.037843022645879215,-0.23929157410231344,0.15648932571818996,0.95825395042227923,6.5689098596124209,-6.5759894416714335,1.6229075432564908,,0.4925472962773744,0.4155251141552511,False,5
-0.89915037572380307,-0.22969961713671699,-0.37251401010296226,0.25255488688278865,-0.96749491232420703,-0.013023967843810824,-0.35741380911678,-0.10579073926398483,0.92793517475016185,6.4949109524097901,17.376252132749165,0.067610764870623119,,0.2229715323022949,0.4666666666666667,False,5
0.42225798154873001,0.87176241549928257,-0.24845218441633554,-0.88047523550778228,0.45961433011127556,0.11626705128229158,0.21554942977402661,0.16966130519131284,0.9616410374172224,-4.3811595843635676,5.2324438731352947,-2.8017505251772596,0.3385548605025781,0.211203653605632,0.19,True,5
-0.4767273007569624,0.84219501082759607,-0.25187029290903984,-0.87345524738420643,-0.48611060840990117,0.027792214887444627,-0.099030356608339073,0.23324673658694695,0.96736184974473938,18.543264689637532,-3.5449234722163139,5.4311120374784494,,0.08674607199190633,0.3333333333333333,False,1
-0.32810357743600049,0.906342624113878,-0.26625380783768821,-0.94388081060495899,-0.32585844974817196,0.05390070592714015,-0.037908545809942115,0.26899687440951447,0.96239473383455687,-1.2021177517164414,-4.5931498064777694,-1.215433656519969,,0.06549433743754149,0.2527173913043478,False,5
-0.52192343710708289,-0.73974090497575951,-0.42471086553557141,0.81099035593529689,-0.5846566603369967,0.021707881138671642,-0.26436824389148955,-0.33310656407407341,0.90506875351682303,-20.415772229831635,-11.691392869009494,-6.9611857190410324,,0.1331737322471491,0.1818181818181818,False,1
0.10688892570858681,-0.88557159211248526,-0.4520372913866979,0.994252593640229,0.092437479924338983,0.05401011335773144,-0.0060446340287715963,-0.45521233237753522,0.89036239523626681,-12.257718987187198,-19.755159096989825,-3.9992953328497109,,0.2676399862984488,0.2857142857142857,False,2
-0.2777445295470215,-0.85901931929078235,-0.43005091023261888,0.94271224528810127,-0.32983819502382972,0.050003876722592176,-0.18480151214362339,-0.39152595595774031,0.90141878553800214,-7.2094427799763121,-11.934660241500996,-2.7102802068139047,0.2703539411667261,0.2723672337347404,0.3444444444444444,True,5
0.89674597029848024,-0.27057666050999324,-0.35019271200397095,0.32275009771663687,0.94127144529547579,0.099198995434765916,0.30278546724923516,-0.20198103143271945,0.93141001914518595,-16.050851980288606,1.5458619924368744,-6.3586596443659946,,0.6597964939748353,0.6440677966101694,False,1
0.064666708405637041,-0.91708404790200082,-0.39341462340342709,0.99585318385555521,0.03402677761387949,0.08437188281630506,-0.063989475921693781,-0.3972392572353538,0.91548146867228863,-1.9713487930613809,-19.932828869864277,-0.22459229931360611,,0.1835583156333721,0.56,False,1
-0.88985692922959458,-0.27560704203252645,-0.36358685878914504,0.28449386449417385,-0.9582064528557499,0.030060518471447549,-0.35667616484319076,-0.076688669878169524,0.93107516417584146,16.871186925584105,8.956634140071623,3.9132149903261668,0.2454408299595174,0.1706526864206617,0.4285714285714285,True,5
-0.45983863082428078,0.84220681634060024,-0.28148909767712282,-0.8848206715903566,-0.4613717912907398,0.065026527875661946,-0.07510534420426361,0.2789690819976367,0.95735857366054555,26.907411311591197,-2.6601774980322634,8.5561333189857596,,0.2772880438521528,0.5652173913043478,False,2
-0.9336227469127516,-0.067269819595565356,-0.35188540438425314,0.06795103885108901,-0.99763414096654091,0.010429625928615002,-0.35175449217621518,-0.014173642775699533,0.93598498122796836,2.2875365584397978,3.7004361487943389,-0.66562164558347803,0.4930260681241759,0.4458603403944306,0.9499509322865555,True,5
0.91544285406210724,-0.2449752933490594,-0.31929842873895609,0.31860474870445388,0.92587427662379451,0.2030956375438368,0.24587678835057936,-0.28765244573079524,0.92563528207145207,5.7174377711422206,-21.254743217956598,2.7257035793665354,,0.2870256678256251,0.3,False,5
-0.40844388927575459,0.87298593015285575,-0.26658798747964713,-0.9095756220241018,-0.41372678484775649,0.038759970575409142,-0.076457681973517461,0.25831320766598731,0.96303089753784377,-1.4323800623653578,-15.422216216754984,-0.46004207989295615,,0.1127170686528608,0.2857142857142857,False,5
0.92092975165845026,-0.15976289229655624,-0.3554774405716129,0.23998389283495847,0.95114430539358785,0.19424788672500068,0.30707673908989713,-0.2641975180852168,0.9142776097813653,15.054280530312612,10.902500311204097,3.2191259375927701,,0.2173411927017855,0.4324324324324325,False,5
0.80834944742888093,0.53600722065506046,-0.24344903008034297,-0.48082408868576471,0.8397283931357179,0.25231809586553339,0.33967538412567722,-0.086905035339397002,0.93651916598205875,0.66674837308128532,-16.962517965446185,0.38626033979417385,,0.4640891743762272,0.1666666666666667,False,4
-0.023512719892334569,-0.77439204188349431,-0.63226902302008825,0.99505586494437237,-0.079171602236960473,0.05996401453404962,-0.096493407251852265,-0.62773308250142801,0.77242488274924381,-13.929499498090882,-18.484145192470812,-4.5239673980789572,,0.5842826896024901,0.4347826086956522,False,1
0.89626826507835955,-0.26241700842745558,-0.35754791385409102,0.32466266931991128,0.93742293365629481,0.12582684373891023,0.3021545104139563,-0.22885706705979372,0.92537943282379664,-1.0408990859104792,-17.878215740350875,-0.085696970187292332,,0.06963493857367152,0.1951219512195122,False,2
-0.926091811890422,0.17063174103171369,-0.33650968025006778,-0.19319003817757197,-0.98055585377676735,0.034464862876041523,-0.32408573726479373,0.096927945282061306,0.9410490998481077,19.916158432708926,5.1495229558425812,5.0675339009025002,0.2067300688093865,0.1349490739386726,0.4347826086956522,True,5
-0.52538251334276764,-0.77084306619683007,-0.36024183817250788,0.80866263607696354,-0.58404799033637933,0.070375322358720807,-0.26464685089132289,-0.25434015074365879,0.9302005869880966,-3.1959016543137873,8.2218224492326488,-2.6466134413122666,0.4533588854953358,0.5572821010354645,0.6961325966850829,True,5
-0.10006510915634483,-0.92694019178421683,-0.36161976547828145,0.98815084172395629,-0.13509422714028702,0.072852342403000592,-0.11638250697490712,-0.35004489804653199,0.92947494932452446,16.813703610423715,1.3889005400895007,4.1850411951818582,,0.2953385368467785,0.5555555555555556,False,3
-0.57889468184274173,0.80225905997729041,-0.1458127155585045,-0.80513973383117954,-0.59067714379699832,-0.05339026879570434,-0.12896106521135825,0.086492268325988164,0.98787050324391035,-15.151953311370004,2.8242578712632058,-6.1100345246748207,,0.564047299133295,0.589041095890411,False,2
0.90129159467999809,0.15636172726614864,-0.4040104845242668,-0.057727815798319544,0.96762280763238695,0.24571040155592078,0.42934946214283481,-0.19813407681659173,0.88113672432925816,-1.0584764193329779,6.2583902506658431,-1.8412870038382088,,0.2895078420438498,0.1923076923076923,False,2
0.058994971842542196,-0.90644869925947302,-0.41817502186059269,0.99581502041608605,0.024147551408738206,0.088143864645659167,-0.069799988617531922,-0.42162501274446684,0.90407981407463156,6.8770210114288997,-4.27746321486784,1.4424734250739546,0.2059520543451116,0.1353743479394869,0.7030075187969925,True,5
0.76482942724520175,-0.51403998202423928,-0.3883282684795144,0.6005789108216627,0.78702359938845545,0.14106319818402685,0.23311138774423493,-0.34111105359715443,0.91066038127163362,-4.1088952516342934,6.423605417376792,-2.8190444641274817,0.7311098355020982,0.794048647355951,0.7244444444444444,True,4
0.61250474798527454,-0.67971790725841119,-0.40351146234988483,0.77453218694182624,0.61805259928963729,0.1345766543737654,0.15791714627173453,-0.39496145516185499,0.90502354878192126,19.251369140927931,-4.8524497191228617,5.8808131184401544,,0.11779273328322,0.4666666666666667,False,1
0.86048788059138015,0.41801929193485698,-0.29123955590824863,-0.37408988383111702,0.9064846153304188,0.19581215739703783,0.34585743619383758,-0.05954421667585999,0.93639581379344172,-0.1716221578826313,-7.589608968751195,-0.62708053682952847,,0.08562342050806131,0.2649006622516556,False,5
-0.93298978050101977,0.11157929673204987,-0.34216973861146655,-0.13289455432288125,-0.99034608861577644,0.039416521850039368,-0.33446839448889776,0.082247706984529517,0.93881106074854326,11.52291030211353,8.448587275947121,2.0826378521407229,,0.1706423496186002,0.5454545454545454,False,2
0.62662699785402809,0.71497576813302233,-0.31007782336543172,-0.71869137263637872,0.68402894704697215,0.12484835000851818,0.30136575196675375,0.14461690974573588,0.94247792173456657,5.4061634060794548,-18.479366078906374,2.3146613587828231,,0.09729087910650568,0.2380952380952381,False,4
0.79648056351357732,0.53065858122115894,-0.28986235030000124,-0.49832261744842415,0.84758525313728583,0.18241109506703362,0.34248106646126514,-0.00084192668887106414,0.93952435321017869,-12.544412566522098,-4.1181014388628654,-4.8693806454044983,,0.1633382076026554,0.4,False,3
-0.91764246176966113,0.21528409510955324,-0.33404351625226436,-0.20009288580821311,-0.97653125852460143,-0.079683989441411709,-0.34335863088942031,-0.0062816810822063501,0.93918336392662083,11.182186501531264,3.7179056658132792,2.0927168224708099,,0.160110219018592,0.1707317073170732,False,4
-0.89498312568495808,-0.26156829002512388,-0.36136855755933606,0.29635409334238627,-0.95409305944603517,-0.043366868414912552,-0.33343583505435437,-0.14590566668308969,0.9314140219748509,2.2433591693572157,-2.2229948821117969,-0.23526678679493174,0.6373846209619796,0.4890287017941223,0.1959361393323658,True,4
-0.80065864967064471,0.55322370139074628,-0.22997665735265954,-0.55407678423321272,-0.82976178758100283,-0.067039488692563834,-0.22791367638068985,0.073748980263466435,0.97088436182108562,-4.1991792949218087,-19.479646014731387,-1.1588321962959081,,0.1912526936641512,0.1612903225806452,False,2
0.89523545687575823,0.29565279489222274,-0.33338101569356021,-0.26763799406546634,0.95495415361452551,0.12818919075717394,0.35626307819512526,-0.025534082454300153,0.93403673897130568,6.9037280558850931,-10.022936391100604,2.0257168277817632,,0.07843172215336151,0.2666666666666667,False,4
0.32487868984246443,-0.84570265469860162,-0.42336846448688442,0.94465333717805178,0.31177790352777801,0.10210098643105239,0.045649857005408453,-0.43310686753682626,0.90018583184130607,6.9057529432922262,-2.853429392172846,1.328340856506957,,0.1214625773336552,0.2555555555555555,False,5
-0.51892407398517915,-0.67979143395648711,-0.5182677027926843,0.79847321734791965,-0.60194839458251503,-0.0099323430062198265,-0.30521848996527867,-0.41897701199339599,0.8551607666423896,-6.9150074375550883,-16.718395596188127,-2.3124706132542392,,0.3932959507564185,0.2727272727272727,False,4
-0.69525958477573579,-0.56388683998853784,-0.4456969165982777,0.64235170894065163,-0.76568631687259614,-0.033297840396970077,-0.32248781651171787,-0.30944481873480889,0.89456442605308484,23.218142650602974,-10.796714295769927,8.0512236606169871,,0.2213498549390335,0.625,False,2
-0.10843324677387015,-0.87962143227183542,-0.46315047973863033,0.97836043554159302,-0.17701335672451507,0.10713136659254151,-0.17621886721047472,-0.44151150316743271,0.8797809405811724,-2.5470604932070096,16.420843760190714,-2.9029876628435973,,0.1760466322581946,0.28,False,2
0.55488392091853023,0.80686505637419925,-0.20266379821847236,-0.78972649192952316,0.58747096572519542,0.17666333058842193,0.26160256545142313,0.062021328848756802,0.96318090331830564,2.9439010330177231,-17.668012875253098,1.3601502396122964,,0.3099544502514405,0.2666666666666667,False,4
0.1240999380843678,-0.90368154289601133,-0.40982785946851058,0.99052680756403011,0.088352806000043194,0.10512100251105991,-0.058786468378935794,-0.41899099119313277,0.90608537149350821,-7.681128214402861,-14.499462218382021,-2.7520876495458069,,0.1969026309856998,0.4264705882352941,False,4
-0.78766706739795589,0.59000320452798183,-0.17741704986673995,-0.56507946686941191,-0.80657824386666888,-0.17354173170607159,-0.24549091033943771,-0.036438374931842987,0.96871381623936825,-8.8491421510944868,-14.294988042738225,-3.1527520609136177,,0.4493854078715062,0.3333333333333333,False,2
0.63854078915783741,0.7241768807576755,-0.26044866280664997,-0.70975754729688512,0.68497750190390649,0.16446898169744797,0.29750610857056081,0.079835250745326963,0.95137608131675999,9.0836475725858072,-8.1762376468757108,2.6191570273512159,,0.1034135083059315,0.1363636363636364,False,5
-0.20507823148428198,0.93493085676035703,-0.28956383069821229,-0.97842727033250854,-0.18828915524414222,0.085013355933775542,0.024959880627813791,0.30075153714451897,0.95337585309480832,-7.6616465145895045,-7.4907689598209179,-3.1247296237415116,0.4650163728541625,0.4113183377577208,0.9610194902548725,True,6
-0.49124116934380718,0.82179799555739119,-0.28866965209315565,-0.86425503918274826,-0.50111300119891644,0.044147336008429711,-0.10837592347452213,0.27117119044483551,0.95641039553309704,-10.753847269550549,6.2843155402162161,-4.8185634156889652,0.4733306288703913,0.4447543724100934,0.900497512437811,True,5
-0.72651135872023653,-0.57535274178684481,-0.37569997094601371,0.60737618720991626,-0.79338225514924532,0.040481655408860645,-0.32136492164021258,-0.19878083341373035,0.92585677478026895,-2.2992073201710164,3.4673656223971583,-2.0351424358970656,,0.07622867752196069,0.2205882352941176,False,5
0.71872317414506615,-0.58557021765619299,-0.37489267683021021,0.66379719470335496,0.73832851072180861,0.11934946400915711,0.20690646014756917,-0.33463193279989861,0.91935367856979133,-3.0089235532892604,9.9837205376357598,-2.6540411603954133,,0.0720219098186896,0.2195121951219512,False,5
-0.86030021678603719,-0.31659863475150934,-0.39956081073020328,0.34927084595451119,-0.93697269193018429,-0.0095943078605724152,-0.37134002364964269,-0.14780892750637081,0.91665648297783742,4.125968374846547,-8.1964231524712599,0.89820831153013025,,0.2748673038659987,0.1264367816091954,False,3
-0.7623175304645583,0.57968155992287396,-0.28782159722960643,-0.61027731712002209,-0.79189710196714769,0.021461036899967777,-0.21548452138194513,0.19201111681727592,0.95744355032731676,16.961212627669926,0.21404573671449106,4.4383985425350625,,0.1949718325481909,0.25,False,5
-0.7986963814205128,0.5652707151648162,-0.20628404902667125,-0.54694923915328764,-0.82490460085085304,-0.14275478725680835,-0.25085976181010106,-0.0011908283478706538,0.96802270729173867,-2.1983415753161459,8.5327015578244616,-2.3256038285723131,0.8022935783542097,0.3019058232506335,0.2537313432835821,True,4
-0.27580099030341043,0.95489428083340688,-0.1100487445603536,-0.96111533770433311,-0.27560575906141904,0.017285057178544623,-0.013824665534641775,0.11053677217935584,0.99377588047759791,-7.4569389282682836,-1.5313104346417039,-3.3329831199987772,0.6528930819519835,0.3717852745003025,0.7616279069767442,True,5
-0.45973224278364611,-0.80789311226302618,-0.36872073999584065,0.85557417908941891,-0.51420315606198874,0.059899402095158538,-0.23798968259272524,-0.28793025796857763,0.92760825649924139,-11.207034052698415,11.758569052844926,-5.4928400318941302,,0.09717041785868337,0.5,False,5
0.24907760669687296,0.91115153190633147,-0.32827310542733107,-0.95183839883508725,0.29287755791401282,0.090699495992985296,0.17878481016354672,0.28987173366002716,0.9402182564063063,11.813078227982988,-0.12689048826379018,2.5879563598053332,0.134967120637162,0.175735863190417,0.7604166666666666,True,5
0.38481066666194957,-0.70985223850146506,-0.58994114140111087,0.92098546311107565,0.337462800854474,0.19469112660193691,0.060881257881747128,-0.61824643754243591,0.78362287798712404,-2.5938156343447245,15.228461034538412,-2.876613210645611,,0.1266678465572909,0.625,False,1
-0.37671576421426139,-0.83113543123204259,-0.4090221606993818,0.89311213597692729,-0.44306543969947221,0.077741422129023616,-0.24583723388289819,-0.33601623635568439,0.90920687598706851,17.090777286776714,5.1134178705208981,3.9947114528467704,,0.2075736137416644,0.1153846153846154,False,4
0.89617792539775243,0.33756799073997235,-0.28794613672969821,-0.28147676110580944,0.93420648242225768,0.21915538131110235,0.34298098925037113,-0.11535206902353123,0.93223277199679422,-4.7752420640277968,11.028076621673414,-3.2747524450291055,0.2763428717497017,0.3459042268534555,0.5353535353535354,True,5
-0.8298669481445029,-0.42355943026218357,-0.36320553053788163,0.4383265036319815,-0.89767193892985997,0.045331735811333082,-0.34524009702103264,-0.12158330104862464,0.93060559654185815,-3.3170822228342112,-18.022221824228797,-0.94592955496623954,,0.09855571165873943,0.3571428571428572,False,1
0.26096726501267831,0.91331908735980216,-0.31264089824599428,-0.9483376462620472,0.30308087665652877,0.093796006776788302,0.1804211608264506,0.27201144621020912,0.94522906105169413,5.0796168338375312,5.2812595018730981,0.12539586849605139,0.4526625988907936,0.3205396986938723,0.8530183727034121,True,5
-0.30018259497319688,-0.87519056271402251,-0.37938356397117617,0.93313488748324647,-0.35192839562069367,0.073523371233062809,-0.19786280963533298,-0.33194560291131775,0.92231362630672153,-11.563422193382955,-6.9833517718382359,-4.4017604054005588,0.4138856110813703,0.3797999453487536,0.7015706806282722,True,5
-0.81214605561967501,0.49418403732903743,-0.31016273404549427,-0.52907830791214727,-0.84787366912703643,0.034443944284525595,-0.24595716789356303,0.19207388799685676,0.95005931031254465,-6.0490700030523632,-12.652875180669042,-2.290192460192777,,0.1489788706333543,0.2641509433962264,False,5
-0.44975687274371179,0.85065286895923287,-0.27222867584298321,-0.88762160747520802,-0.45956770476138659,0.030420497752005643,-0.099230224039479759,0.25531788278884521,0.9617516006564778,-12.473120834118459,-5.498226162108482,-4.7138573302527575,0.3702498879367077,0.1596512667506542,0.2592592592592592,True,4
-0.74634382553514678,0.59792449773328205,-0.29233061607701255,-0.61570896873400749,-0.787062629456869,-0.037879851279341431,-0.25273179441073146,0.15171918903962828,0.95556680968474916,-8.5844817617753364,-19.418472513616695,-2.7453018735788772,,0.3595020552613931,0.3684210526315789,False,3
0.34323378844767388,0.91925328611194868,-0.19277956956130635,-0.91598352091939428,0.37300573810026122,0.14778670017423709,0.20776129541367444,0.1258575199051068,0.97004903423041877,0.9776694376232502,-1.9457323314806025,-0.75719774926525596,,0.07477039546412731,0.2212389380530974,False,5
0.92987027812747236,-0.11399134714863778,-0.34978170139442211,0.16073581733839951,0.98111858013452391,0.10756546257685748,0.3309157942433309,-0.15624437426690113,0.93063549933916145,-2.6147699918988661,-16.950391876028526,-0.74705773324630242,0.422390082085008,0.4159113959236189,0.9667590027700831,True,5
0.91717418593742794,-0.1287215811859099,-0.37712367624827764,0.24473743178890758,0.92882824638456152,0.27817562474010993,0.31447591661586149,-0.34743178216044057,0.88340027994869552,3.0090042746147629,12.860174429019164,-0.86908199848439271,,0.1023172147174411,0.1923076923076923,False,5
0.93820584514267191,0.031147772824413077,-0.3446731907012841,0.0037108528583532766,0.99497888382901301,0.10001625020682881,0.34605783000994017,-0.095114862048210361,0.93337941980009442,10.260192983096593,-3.9969053820665579,2.5498770239929534,0.1815120833465128,0.194459189795552,0.7338129496402878,True,2
-0.16982162742074972,-0.87639827993897979,-0.45065138386580583,0.9731948743698482,-0.22110930904124196,0.063264602706092771,-0.15508820509769045,-0.42782791911620527,0.89045545664242765,-5.4296248657772406,15.62681698316578,-3.863694649849938,,0.3055584659312244,0.3125,True,4
0.61165914630354967,0.72700949871061604,-0.31197800808350479,-0.73967122855604284,0.66542630169880412,0.10047044666888938,0.28064134119834727,0.1693074888833638,0.94476209270821299,-0.82051403061772543,-6.3475475654039721,-0.91254908951650948,,0.1341559520301387,0.52994555353902,True,5
-0.88818129095667808,-0.28579714188094413,-0.35979714852568312,0.29354417601965993,-0.95533295298275323,0.034216453208823966,-0.35350503690820001,-0.075225943915222804,0.93240294199589258,9.7538629325779027,-0.21366146334325886,1.847905018543875,0.2031561433792904,0.1458057364235272,0.2264150943396226,True,5
0.35719227088665223,0.90205793025153802,-0.24229150230486529,-0.9095539724580709,0.39492152985074769,0.12941621399997741,0.21242705290188302,0.17415072704601917,0.96153329191701087,8.7695319001206276,-5.9869493544864447,2.3146788606150297,,0.2228084772517882,0.4761904761904762,False,5
0.9274631070080338,-0.12485808292228365,-0.35245232907157475,0.18034637377202228,0.97508826275466254,0.12914358406586493,0.32754750893005963,-0.18333940920344222,0.92687609227266499,-2.5857042171836366,-14.269787967339843,-0.96246838477928565,,0.07692394662175464,0.3092783505154639,False,5
