axis_00,axis_01,axis_02,axis_10,axis_11,axis_12,axis_20,axis_21,axis_22,location_x,location_y,location_z,dbh,dbh_approximation,score,reconstructed,number_clusters
0.35053877198144928,0.93606853009676272,-0.029971257901941412,-0.92727986413891117,0.35138303292364093,0.12915888562505856,0.1314329597181052,-0.017483453202115973,0.99117087626900624,-23.851303446876717,12.917600518966115,-5.1113066104008071,,0.218494952989942,0.3333333333333333,False,1
0.29590653846524051,0.95235514189663206,-0.073885074247547297,-0.94609280323200329,0.30286736023562227,0.11480317842514742,0.1317107746774332,0.035931125879273995,0.99063677805082462,1.9549976653995702,-11.598829662288477,0.65953762802218796,0.3932554351091665,0.3070052187773964,0.2542372881355932,True,2
0.24004046798702339,-0.94871182838771539,-0.20573390679663978,0.97012196645885473,0.22673321717306075,0.086344764892597292,-0.035269589203378582,-0.22031322000186754,0.97479133211669111,0.62153678877567631,-8.7548876033631977,0.075694823785898938,0.2617072302182207,0.1909805060485204,0.6261261261261262,True,5
0.80566729024965089,-0.53891593719886788,-0.24590614074246098,0.57713651418032674,0.80765323980890058,0.1208705432517293,0.13346782916331013,-0.23930285593626469,0.96172786260936671,14.172917506714317,6.9647740730932171,1.6310547724854467,0.3909178531255873,0.1579395686105927,0.3333333333333333,True,5
0.87478985732743464,-0.43246395198788651,-0.21844366721895864,0.47195573204314567,0.86255189659091036,0.18237876158983884,0.10954675946218814,-0.26263883170324204,0.95865549159898478,7.8360470518993424,-8.3939057911103738,1.5022193569207818,0.7543882294604008,0.5822038613729784,0.576271186440678,True,4
0.33377165686196381,-0.91957246417806238,-0.20732333250531326,0.94256487956243573,0.32254479979834749,0.086811865194208276,-0.01295873802007929,-0.22439103201450147,0.97441302118783102,-0.30230715768769401,8.2276974212907703,-2.0523437474410873,,0.08595171092617988,0.4864864864864865,False,5
0.43925027923213211,-0.85406304606926675,-0.27863148697406437,0.89836063123083876,0.41852447581761199,0.13336206130725792,0.0027144887219490849,-0.3088908811869937,0.95109361004608772,-4.7102509467208202,27.86012926870243,-2.9049114970276668,,0.2829457799340027,0.3181818181818182,False,3
0.74273026846576173,0.66408556794741447,-0.08568609425535953,-0.64463234446759521,0.74377939582921215,0.17675222998916962,0.18111015645454598,-0.076043203403674195,0.98051850693656883,1.0459151772690243,26.69881388996323,-2.0428020826316642,0.2970411947171062,0.6019241839629714,0.86,True,4
0.97979228718101108,-0.044316961319631254,-0.19504635582342306,0.081047507187826093,0.97946908286870271,0.18458498661316186,0.18286162954333074,-0.19666296713854431,0.96326803216810897,-14.214290411046473,18.739765510227926,-4.0926668726568671,,0.3100551814427542,0.45,False,4
0.22871394799532674,-0.93986689269494206,-0.25365361028052819,0.97231502742242626,0.20772839469036605,0.10701589362281777,-0.047889638137260278,-0.27110724456443169,0.96135708480447812,8.561737253250735,-6.2601490061123499,1.4817549138902144,,0.0989276201856208,0.3265306122448979,False,6
-0.2779111178646454,0.949628960943117,-0.14481107383525466,-0.96027111987687785,-0.27065423101782099,0.06801223097766039,0.025392654402993119,0.15795924718182333,0.9871190856893215,18.137277127451082,-4.2613814597535535,3.4854391836001044,0.3203324901787241,0.08594040673697172,0.2758620689655172,True,5
0.98170783317002197,0.089231258420545995,-0.16818892000755051,-0.071004960972634562,0.99123144628035476,0.11143839294529914,0.17665793446628755,-0.097457695569113365,0.97943553731956401,14.960706923998844,11.245758692269993,1.4412226993877597,,0.06832915110821328,0.2222222222222222,False,1
-0.175148687646036,0.9750443277528219,-0.13642395732758272,-0.98380711673454635,-0.16797679950363373,0.062508814506226265,0.038032805291341565,0.14516319693904106,0.98867646476292093,-11.998940655987171,11.627322107691283,-3.6075682997679568,0.189939948608358,0.1538628177283339,0.6344086021505376,True,5
0.2326192483908906,0.9696550066449664,0.075216044607569144,-0.96522905038268125,0.22068966137314378,0.14010336776949783,0.11925252859124284,-0.10519145141767844,0.98727584441899396,6.1299517578804377,17.62686319598064,-1.1386379818913754,,0.1854622321342125,0.2941176470588235,False,4
-0.29470368235331457,0.95084157008394676,-0.095131741325868713,-0.9553733706539308,-0.29106035867523494,0.050453842799042546,0.020284532352103202,0.10575526562842617,0.99418527525764411,8.0809051256570985,17.454186229853054,-0.7326777302710884,0.1175857612405158,0.08960370624087324,0.3529411764705883,True,5
-0.62034621487016328,0.78223245826750021,-0.057297076095082083,-0.78271601175843974,-0.62209843651070751,-0.018686364758720639,-0.050261502496682896,0.033255323238806908,0.99818228036920154,-3.024873639425774,-5.5108771229838736,-1.0460710784668728,,0.08294804352129767,0.2028985507246377,False,2
-0.021087705594137519,-0.97458898755153212,-0.22300586094552979,0.99679983686735729,-0.037698015105534846,0.070490743210117557,-0.077106380371450789,-0.2208057177710416,0.97226510844811787,-8.2034089274487805,-7.1252985314603112,-1.6100490125784426,,0.1025588786781283,0.3571428571428572,False,5
-0.89299297831970192,0.43025187365746143,-0.13208658480690952,-0.43382054960723637,-0.90099719435649994,-0.0019458931603061613,-0.11984686650131635,0.055564205887962556,0.99123627234572909,17.260974187982239,-9.9587490088379749,3.9453490899770149,,0.1239713600238866,0.2857142857142857,False,2
-0.91890339145768829,0.37402842936410829,-0.12537659747726485,-0.36828535527550055,-0.92728789550596313,-0.067104813074172737,-0.14135930905729613,-0.015488475571843685,0.98983718502959051,-3.4794474317288668,13.707898881589861,-2.6732904015055414,,0.3172999647646681,0.4324324324324325,False,6
-0.96358029085582619,-0.18665041023073295,-0.19150625951885333,0.18850675980729839,-0.98203383906571085,0.0086452551620523968,-0.18967926766296014,-0.02776982698114136,0.98145331632649879,-4.8265742682204529,-8.0258871000164032,-1.0006409970234198,,0.09500878481476102,0.4482758620689655,False,5
-0.9536448723864982,0.26562274171510764,-0.14144262601736662,-0.26598068708758538,-0.96383334241213225,-0.016720112172853269,-0.14076836103100521,0.021675957612202944,0.98980524417394256,17.809493857839449,10.689435511442214,2.2328717773976532,0.3692172355535835,0.3452488935120042,0.8157894736842105,True,5
-0.91979738854885418,-0.32449387619103287,-0.22062748771000171,0.34561200039919776,-0.93619793483544878,-0.063920043725782319,-0.18580933560715751,-0.1350449966654064,0.9732613932941484,-0.30993370436690482,16.898898554020302,-2.1898315793016163,,0.08073920477504364,0.2758620689655172,False,5
-0.22692379489275502,-0.94522642263535295,-0.23463290746066789,0.96634396040261017,-0.24850511352872637,0.066517356708424263,-0.12118144043075185,-0.21164172202581005,0.96980556813883068,-8.2603211465991109,-10.164624786913652,-1.2792776609540601,,0.1043316123526662,0.4285714285714285,False,5
0.96982786392241882,-0.14363679637395849,-0.19698321016549711,0.18693807148255392,0.95679834415443343,0.2226905612138016,0.15648665051710306,-0.25279517272044655,0.95478088002388162,5.6818410294912027,1.9196760817533074,-0.22420084015632094,,0.125470837352634,0.4269662921348314,False,2
-0.98308325926865436,0.10753907034517345,-0.14826548382889324,-0.077846365040463689,-0.97805932531989703,-0.19323534771044024,-0.16579278873252251,-0.17842450645604629,0.96988527501978783,12.624123104339469,-12.587146070745385,3.0731740548273678,,0.3204856559481448,0.4,False,4
0.82631466652851704,0.54763493140146946,-0.13152966885373657,-0.53254196560707834,0.8357274389605468,0.13401008408248716,0.18331155650208,-0.040689429553061943,0.9822124228370519,26.385923999720994,-6.1643655036065406,5.6420642842504254,0.419662042945769,0.3347268370087073,0.927536231884058,True,5
0.33776773028343671,0.93125439694111445,-0.13666824267918129,-0.9321408873834891,0.35109082067987801,0.088592334331195871,0.13048496636431395,0.097470425320554749,0.98664744956885841,16.79990796998479,11.7628875891481,1.8823357640132909,,0.09400087888975989,0.5,False,4
-0.24302519001742554,0.97001630862042798,0.0026679631543672089,-0.97000097486508519,-0.24300229401208545,-0.0069277605074293397,-0.0060717195075721125,-0.004271547174353546,0.99997244367380389,-5.8540805662049529,19.008547281411438,-2.9479305366243791,,0.4561481880680477,0.8585365853658536,False,5
-0.84903613409481427,0.50643447732907931,-0.15053824488732129,-0.51704228265953434,-0.85504230813175874,0.039622332679095512,-0.10865045302966252,0.11147542992577845,0.98780985395941068,-3.2822688771844413,25.109996915816406,-2.722651957526431,0.5360685139020489,0.3947595111411437,0.8352941176470589,True,5
0.87558808228291496,0.45937133919855178,-0.14941045106369455,-0.44636332192120615,0.88764870259556283,0.11331180708063764,0.18467618960654675,-0.032523122595210605,0.98226114220662519,-6.6390353629033259,-3.7341727146415238,-1.8257661380214243,,0.08093367267913348,0.1290322580645161,False,3
-0.93293732753039094,0.34316468316187765,-0.10893090989641944,-0.33156137399240815,-0.93681185282783552,-0.11158229105707368,-0.14033886908736376,-0.067982002263004479,0.9877669002308157,15.852318701769068,-6.3382315964048717,3.2884753892244412,,0.5895315714870847,0.2950819672131147,False,4
0.59242861654522883,0.80309693868377308,0.063746696973710826,-0.78892991619644748,0.56230968040297757,0.24778500893994193,0.16314999732936586,-0.19708660634820699,0.96671554656453851,0.8439862380165134,-21.172044089179913,1.2980686646349195,,0.1195590079936103,0.2857142857142857,False,1
0.3676410767993083,0.91710029030399998,-0.15416580740931182,-0.92022554758069386,0.38268874196458003,0.082062588025113847,0.13425714219235269,0.11169773631496291,0.9846312180062422,-1.4173045345238138,-5.5853453004284281,-0.74663268696150653,0.4329441079596126,0.3702722101204628,0.5088757396449705,True,4
0.28343027133893683,-0.87439350298906049,-0.39383154167646095,0.95863079398454398,0.24704577389165391,0.14140504385218339,-0.026349233637827797,-0.41761751344118114,0.90824078875257808,8.2851274511029889,0.2354114161516826,0.64441452285624601,0.3369828258977186,0.2359825526558922,0.3026315789473684,True,5
0.082809452847936033,-0.96618349107942125,-0.24419675690845755,0.99380202462928691,0.061826872774980814,0.092384921094285366,-0.074162863764531337,-0.25033357619074831,0.96531495910391618,-4.3871821645975979,-4.7053798555524358,-1.3844483588288148,,0.08456630837180515,0.3,False,4
-0.91409187233166034,0.37662121334947074,-0.1503080523204661,-0.3853683681136526,-0.92217459778241129,0.032942860565954774,-0.1262032875745312,0.088036769931773937,0.98809020708908968,-10.317349323314751,11.391766650222463,-3.4532670234903646,,0.1088767649981898,0.4743589743589743,False,5
0.93354485322948477,-0.28422766467292238,-0.21842307946578449,0.33091782031908062,0.91757630096632281,0.22033412831476767,0.13779478656323738,-0.27797188084325508,0.95065463248040549,-12.575677129264136,30.895951127534417,-4.0683644737098588,,0.3019622721780497,0.3636363636363636,False,1
-0.65760997444706737,0.75145958485456676,-0.05345665382279316,-0.75113752581079962,-0.65946315556226442,-0.030012726878620888,-0.057806044896340759,0.020416630134840588,0.99811904219255299,23.045040521469808,9.1834277711147188,3.61073671741083,,0.6665329440033333,0.7037037037037037,False,1
-0.96676795233212198,0.21895617170760723,-0.13197697228950633,-0.21034710444214952,-0.97465640185122226,-0.076151125948552098,-0.14530595994782752,-0.045859494126927788,0.98832337056353325,13.564934038345447,17.367704186033166,0.62457570395713868,0.6963666776102899,0.7468827267609607,0.8875,True,3
-0.71527933168200797,-0.62695753777128349,-0.30870653297316208,0.67616616373233951,-0.73249578065244614,-0.079052200158215152,-0.17656386009608924,-0.26528131701673446,0.94786656558285443,12.763123656150706,9.5958109096037951,0.91386136195299528,,0.2797986548396849,0.3181818181818182,False,5
0.059077055398066416,0.99204395701212977,0.11116964010560293,-0.99464728997694518,0.049040163702272321,0.090949606296964178,0.084774229970034171,-0.11594761618838831,0.98963098184788956,4.354259120032542,-17.437350139749242,1.6814270872215786,,0.4353652766470471,0.1627906976744186,False,3
0.9285232943013646,0.33101211527706503,-0.1681531191490202,-0.30350906718166454,0.93759135406989669,0.16971947122205439,0.21383811184692372,-0.10655248618958117,0.9710405911230291,4.1883549538353169,-20.260492328513468,1.9069205072853255,,0.1667861969911762,0.24,False,4
-0.89554696250713217,0.42195108011003274,-0.1412548191681478,-0.4280468918606487,-0.90364068227291194,0.014469820654881761,-0.12153804471311608,0.073422090240765972,0.98986751656572181,7.099884169836816,12.511168843839748,-0.90528156222600997,,0.0732290996763361,0.2807017543859649,False,4
-0.94881351916445933,0.29014799195689378,-0.12476797912178925,-0.27854377177237521,-0.95493923619007004,-0.10249108444905557,-0.148883421029918,-0.062491583018090088,0.98687817332957573,12.752770741425111,5.6462268133450797,1.3533434350120561,,0.1528223579925707,0.4067796610169492,False,3
-0.79764359727393219,0.6030398905353882,0.010372181591590368,-0.59575684150819164,-0.78509658518558978,-0.16940229551605832,-0.094013177395964806,-0.14130195452644584,0.98549240490372214,35.364423766866999,-10.016197427212372,7.8890881847305137,,0.5472191505299194,0.4117647058823529,False,1
0.42562008865119816,-0.87424404582669046,-0.23354847135685852,0.90463915371551284,0.41730042647998034,0.086535285430317924,0.021806918659595963,-0.24810824733612891,0.96848683827007565,-1.2912672057695149,19.011511377668075,-2.4026184614667887,,0.1575493795226583,0.2424242424242424,False,5
-0.62121874183494852,0.78013071923834265,0.074049548909301821,-0.78211011034631939,-0.61133744794065115,-0.12070749785941601,-0.048898364871157965,-0.1329006608188204,0.98992240315433278,9.3684505545196206,16.011870069496247,-0.41867829618872215,,0.09233278948415002,0.125,False,2
0.40940589078793138,0.91207439330622253,-0.022519273150464703,-0.89662790984674967,0.40679000059733844,0.17487220104369011,0.16865707181137668,-0.051402300426168973,0.98433357945307776,10.584797700356981,-8.1619597520764486,2.1437683932514244,,0.3946402220507973,0.3396226415094339,False,4
-0.66742619510044621,0.74342081657943504,-0.043217630315738123,-0.74165262925850095,-0.66882040831081757,-0.051289754736246029,-0.06703470450217687,-0.0021796566972586834,0.9977482635860554,0.025827108497668866,12.324948592586898,-2.167777935620228,0.348155400595867,0.2930374441544836,0.4130434782608696,True,5
0.2599985462099979,0.95535053538071857,-0.14037845460205997,-0.95837998838282168,0.27306630946119342,0.083322196950073604,0.11793453199140067,0.11287225161667844,0.98658567847853496,-5.0663635902842294,11.839308492874627,-2.9578605051237536,,0.07956243312164868,0.4081632653061225,False,2
0.40299700598125188,-0.85031659823688666,-0.33845988821867456,0.91475568747328873,0.36270447905189807,0.17795362629337969,-0.028556004717386743,-0.38132288632934441,0.92400076350403526,13.278735330112118,-13.919541702572024,3.3011363275382117,0.3495005618037789,0.4304951008433289,0.1818181818181818,True,4
0.98188073807135867,-0.058213696613072304,-0.18033685627482043,0.1031507314168295,0.96249449783021523,0.2509268185243157,0.15896585423485501,-0.26498208840071236,0.95105959330326928,-13.891580847126026,-13.827232544869858,-1.784953953622803,,0.2575686972066458,0.25,False,4
-0.62357389831554577,0.78114953856319247,-0.03099986680723324,-0.78012037896578379,-0.62434343929681346,-0.040093193054545784,-0.050673342714254513,-0.00081744084739324152,0.99871494638291358,-6.3336924747974566,15.460205112971238,-3.0060369921788515,,0.3804307871330426,0.21875,False,5
0.74595281275682745,0.64626158387407817,-0.16093590758045784,-0.64107752523119887,0.76224520638375859,0.089453071430906819,0.18048270771356245,0.036444623108894542,0.98290273255436189,3.0273280407364265,-12.96524517474097,1.0022565874732796,0.2175487302597848,0.1609019425581755,0.7087378640776699,True,5
0.46138295734344276,0.87718927214208386,-0.13290879395984811,-0.87642078909139787,0.4739158214420407,0.085383807805275963,0.13788534048778187,0.077089396325033741,0.98744359730204934,-5.6756126096242054,-14.491441509546098,-0.44272725837207566,0.1845527381166129,0.1401955581226626,0.6,True,5
-0.31041448294514962,-0.92184096959067097,-0.23206049978837062,0.94228552785617514,-0.33060906309341104,0.052873730654338327,-0.12546247554829304,-0.202254478775205,0.97126324600731462,-6.5144809017264782,-2.2208154717672559,-1.9892601224659321,,0.09054815295895349,0.1758241758241758,False,2
0.53095930819063752,-0.78581114851990774,-0.31714831216253248,0.84538212554525061,0.51699560970492198,0.13433019524451734,0.058406120007357877,-0.33943538178519256,0.9388143302794365,-11.400080974774639,7.7279434246140299,-3.593022804195749,,0.213570904245123,0.35,False,3
0.37117460975444866,0.92304434238055255,-0.10108684915896046,-0.91895670532577534,0.38077021458598803,0.10262854096661811,0.13322155535208635,0.054801329211929053,0.98957002354870127,8.857284447354953,-0.49364982849598171,0.93899898032540252,0.5616861451593239,0.4320792040119745,0.8994307400379506,True,5
-0.56001885900746085,-0.79415277227974457,-0.23600900795600691,0.82159396532482909,-0.56900531161286683,-0.034875657673635069,-0.10659377888885457,-0.21343460271647871,0.97112483062964339,-3.8828205180990816,-21.943462700839746,0.43460139985604729,0.2656857628346008,0.1851710726028628,0.4390243902439024,True,4
-0.93239640088501852,-0.30193737575082669,-0.19867252638794503,0.31221450761102815,-0.94976050122259237,-0.02184242556616886,-0.18209627358589159,-0.082394243986546017,0.97982250214210642,-1.3971123125378169,-23.456675534431582,1.0412846321237081,,0.221789583438354,0.2272727272727273,True,5
-0.9626159043371596,0.21357912198714124,-0.16659705690184085,-0.22556921954575176,-0.97258763265962556,0.056496229883651078,-0.14996382200608843,0.091963337525058225,0.98440519941768856,8.7706913938976356,-12.46990537762297,2.1976288440154259,,0.1017470335131464,0.4,False,3
-0.32196673716790125,-0.91759164834647822,-0.23315871641920299,0.93864788621830797,-0.34153151621199185,0.0479204458643918,-0.12360245084689755,-0.20342514672166934,0.97125724904677502,15.188194396765823,-8.3372842854032125,3.2716308599116348,,0.09813337311106007,0.2666666666666667,False,5
-0.88805155813946102,0.45474227986887916,-0.067630532939868704,-0.44334664690818709,-0.8859986253678066,-0.13583146366591672,-0.12168886868298161,-0.090641572945376503,0.98842092475455268,-3.1099975277628049,9.7693249935986284,-2.588373509948418,,0.1896470108096422,0.1578947368421053,False,3
0.74333090428599735,0.65230066470578452,-0.14819922252749385,-0.64526116706159153,0.75762265801386741,0.098213717709469822,0.17634396223198195,0.022621911687441376,0.98406862367211534,14.261836118967947,24.405656086585061,0.60541324055205903,0.3760423942050157,0.358493282237994,0.7446808510638298,True,3
0.083184722309593367,0.98980617665389081,0.11560291792201224,-0.99241115669863866,0.07173978537291309,0.09986740837089586,0.090556049131721481,-0.12303306812583367,0.98826234680533998,-0.33560192832256536,-12.084820076488477,0.24133678465820155,,0.1060699929514596,0.2093023255813954,False,5
0.89663836699125854,0.42785370043832271,-0.11393353264286613,-0.40005663382971646,0.89313268388295031,0.20559352788663693,0.18972171348605593,-0.13876317955881268,0.97198274235227189,21.538304383954447,-4.8180386125902022,4.3613162121926656,,0.1143720827075559,0.25,False,5
0.91252637443944495,0.38000502799430896,-0.15130034584047636,-0.36387021017161669,0.92315720939826651,0.12401305127150951,0.18679958806717634,-0.058111491419951068,0.98067781073239491,0.47060781218143966,-19.492621579503108,1.0797097062732237,0.1289215352320188,0.1336702842148192,0.4074074074074074,True,5
0.39621835699190255,-0.86295800710851556,-0.31355141771316763,0.91813047814644333,0.37494955168232386,0.1282546638208848,0.0068875744076659015,-0.33869796524414542,0.94086994300926374,-21.754213718298892,-15.717579696879472,-2.7425567098161778,,0.2498471137661508,0.1875,False,2
0.97366862700368939,0.1925351834526072,-0.12206395013115226,-0.13933106359558559,0.92639492149503688,0.34982753485900203,0.18043353209997434,-0.32360879555579797,0.92882780316528668,-2.9171518404634553,17.345240779722673,-2.6369378984755651,,0.4889499835641301,0.2564102564102564,False,1
0.97274142958982557,0.20133724243955559,-0.11505401325628917,-0.14530254794228142,0.91587619829938283,0.37424318156801561,0.18072432243896713,-0.34732420617559223,0.92016553678317647,-10.179927247693215,14.773528872433376,-3.4390715324299372,,0.6920449598854304,0.3793103448275862,False,1
-0.96828130101137599,0.22694386921571411,-0.10453612933870882,-0.19674349163148083,-0.95039708066038819,-0.24090950079410722,-0.15402376638808646,-0.21270136176718141,0.96490145097311131,13.657775491396535,-4.3306653506350017,2.5450201487743347,,0.7121772779053126,0.3907284768211921,False,1
0.96363930179714918,0.22537560839237653,-0.14354487512157824,-0.19511662526234833,0.96053313354826297,0.19825640444179249,0.18256176647407762,-0.16303967154567445,0.96958200629144486,33.982835823996155,-9.1885519132089488,7.4936416626898854,,0.208437506302327,0.5333333333333333,False,3
-0.9553569324806066,0.2617821543720309,-0.13697895901774507,-0.23251358393457242,-0.95220340633265133,-0.19810630039046534,-0.18229252548348615,-0.15741275876127364,0.97056203229470006,-4.9486684070060356,11.292117207812728,-2.9163492190135889,0.4721407478419279,0.5090061950173972,0.2321428571428572,True,3
-0.44332988493290454,-0.83236875294439616,-0.33259716211532891,0.88638932215449673,-0.46228868723715572,-0.024558892952257744,-0.13331385035273308,-0.30569826426451951,0.94274916522359797,3.42347487420037,-4.6805459553044884,0.15579759278948876,0.7104984763757738,0.6822176192432596,0.2165450121654501,True,4
-0.89438108353412649,0.44108242610189868,-0.074355704558474608,-0.42880487858649874,-0.8927730125550466,-0.13814023365336731,-0.12731399576143265,-0.091665922989145623,0.98761759049027065,9.7466879975611374,-5.7544885743644079,1.6996483811190464,,0.2793294170091413,0.7635135135135135,False,5
-0.77583383100669534,0.61963869830533469,-0.11886862591931652,-0.6255364511717304,-0.78001639004310419,0.016690701591079334,-0.082377271871270238,0.087305869370825767,0.99276969648174318,6.9413388467386508,15.725629711120499,-0.99962737768946341,0.04537504893832633,0.1101680408664745,0.3888888888888889,True,5
-0.19929071252256084,0.97975953994039267,0.018826996522049139,-0.97844535893496409,-0.2000107979170275,0.051384436313188904,0.054109994279062469,-0.0081807464442580913,0.99850146915602256,1.9120637406699301,18.238887502002385,-1.9131093243934236,0.3489643946375696,0.2195969042521075,0.1666666666666667,True,5
-0.878688232274347,0.47693982448119149,-0.020866103767445604,-0.46251898608922692,-0.86131862823234873,-0.21025320013483376,-0.11825048824244655,-0.17509604359835004,0.97742426691106254,-2.3128197924461524,8.7270341811389134,-2.4503141320441708,,0.7798636595245132,0.2182163187855788,False,1
0.98375092127393227,0.04183874585374571,-0.17459565927615617,0.0046179962032853183,0.96625006445938044,0.25756452986253753,0.17947924393577208,-0.25418562563140584,0.95035617992340904,10.677813519429616,-17.097661919500105,3.0480773311251901,,0.4091851587587346,0.625,False,6
0.82868575510253817,0.54572271844153208,-0.12436492217229586,-0.52315442511649457,0.83418207307999093,0.17449847114802641,0.1989707686349097,-0.079542337963835585,0.97677205616258322,18.69020147333082,-6.6215466152378148,3.9216558402139317,0.4475181537063608,0.4367499977321168,0.5384615384615384,True,5
0.92190952133371262,0.37346097654684862,-0.10300356047690834,-0.33951837267603996,0.90691977875652074,0.24944696734103183,0.18657467429868319,-0.19499593302655868,0.96289484213669096,10.401202878808567,1.8523795907270137,1.1084573102305102,,0.4417111121884267,0.4594594594594595,False,1
-0.98358654728674733,-0.043759727065450851,-0.17505025073873201,0.044998715534794176,-0.99898219424412882,-0.0031130665596802581,-0.17473585664297522,-0.010939006826196345,0.98455457874761954,-5.1342319034773451,18.01652101710555,-2.9144371724047389,,0.1243213553023974,0.3773584905660378,False,3
0.33534216358966629,0.93291095368711163,-0.1312356118193703,-0.93380215947249534,0.34759295384130806,0.084809583210728318,0.12473636311639325,0.094107868589598742,0.98771683633823781,-6.8354528118532958,11.883684186718995,-3.148506299566685,,0.08322166507100394,0.3934426229508197,False,3
0.031608300637694556,0.99883323324097395,-0.036511470857544442,-0.99693304298564678,0.034122615746500148,0.070428367139933792,0.071592060552673878,0.034173370743912607,0.99684841254717527,14.701794740843381,17.873793451418198,0.86840514772841526,,0.1425300025798851,0.3333333333333333,False,4
0.84862414817917986,-0.47751049614107732,-0.2276417826372506,0.5195787594510386,0.83323035103721155,0.18911661703226065,0.099372872829975922,-0.27876676305741588,0.95520370809582289,-4.1055043707172461,26.243952461349867,-2.7648881076559904,,0.173338695155261,0.1515151515151515,False,4
-0.46085407504037307,0.88494013634492164,-0.067040857725083988,-0.88616030479289143,-0.45474431348103694,0.089036641704588748,0.048305649028379471,0.10044184607270662,0.99376959091605088,13.090236714062435,13.352500917109076,0.79755537078346173,,0.1715225387572066,0.1764705882352941,False,5
0.72537742447604503,0.68750746210800162,-0.034074647559650673,-0.66470476219878494,0.71246347614826677,0.22486301222074007,0.17887194070271739,-0.14046097216146081,0.9737944054720693,26.38753228031683,-7.2187932553218133,5.6992089043908498,,0.2397609714209416,0.3714285714285714,False,5
0.95846497812601339,-0.21566298986587615,-0.1866396541681668,0.2435119302274926,0.9594680163313789,0.14185579111904673,0.14848173471098272,-0.18141279017544731,0.97213300222653565,0.61833552290297022,-15.130340946929909,0.74157850774080247,0.1842302600512946,0.1043922677109956,0.48,True,5
0.33591557678468598,-0.87148402462594388,-0.35731823364499693,0.94183964326651393,0.30678433585645759,0.13719131767251033,-0.0099404046707927823,-0.38262117831463671,0.92385183999389309,-9.072859666615182,-5.0939059867369485,-1.9361396285687031,,0.1086111625162703,0.3125,False,5
-0.18482756760744073,0.98254221363907601,0.021203034441876156,-0.98159400560015309,-0.18561881579774084,0.044931763727822684,0.048083036740262548,-0.012508142910553438,0.99876502138329093,-19.115163824137394,17.550114528213573,-4.6752423916425032,,0.4393732271089127,0.3617021276595745,False,4
0.47522712068137024,0.87245083397029133,-0.11396809234798957,-0.8688923226942098,0.48573896975828484,0.095308891616803282,0.1385110657382935,0.053732630334886664,0.98890216356591032,-2.4058964827804346,-9.7282363339408011,-0.35047135974023275,,0.1397722767521825,0.3282442748091603,False,5
0.96680300431921862,0.2114794717983047,-0.14341681856478419,-0.18170364647835646,0.96361677595802309,0.19602676844944988,0.17965448977357229,-0.16345990976436969,0.97005418518968434,-11.693336374955789,16.20648171156186,-3.6168142783735169,,0.14782860584118,0.2857142857142857,False,3
0.8876610920448873,0.43732340528884039,-0.14424293693713849,-0.42050047287380893,0.89745733539258166,0.13322793799706723,0.18771557735729244,-0.057607033742591407,0.98053265712101534,-2.5866707767589094,-1.508458135520192,-1.4753131858596462,0.3023570184154519,0.2718457106300264,0.7128842380640942,True,5
-0.65162713794176907,0.74161673743438961,-0.15933200511821785,-0.75633866877080858,-0.65123024986319777,0.062056263061188485,-0.057739858155532481,0.16094650173362024,0.98527271978873443,-5.1506087135259797,13.707531111630317,-2.9032295703606863,,0.07291001088731265,0.1346153846153846,False,5
-0.30403331511428561,0.95033811154164038,-0.066492233020748026,-0.95264779927866783,-0.30291457075287292,0.026550581069209434,0.0050905628497657993,0.071415940637022404,0.99743363167320609,-4.8185441439158518,8.3348250563271478,-2.7169634194803116,0.2598092856144004,0.1692869712330449,0.5102880658436214,True,5
-0.52917419982752423,-0.76972779051241547,-0.35706273223311469,0.8377091689185886,-0.5408662559595675,-0.075544963260359033,-0.13497412547088039,-0.33909117015510293,0.93102049589480895,9.2187341562038672,14.404282922775238,-0.37281834655758611,,0.4217472025264213,0.4102564102564102,False,6
-0.29755111588620281,-0.93371728596488557,-0.19908632129115347,0.94604991372417302,-0.31638827625135385,0.069914371864318856,-0.12826883556562274,-0.16754249771644772,0.97748484248175116,-0.15265677764297883,19.933079130799079,-2.2796179403578933,0.4379098420286862,0.3548288944515442,0.8018018018018018,True,5
-0.11124639460647891,0.98815129889076569,-0.10574143079963644,-0.99223047396379194,-0.10447694870446589,0.067551859537655537,0.055703915703030335,0.11243477082246012,0.9920965155091781,-10.542259656730751,-11.588633442205373,-1.4960036348444092,,0.09009438663428979,0.375,False,5
0.86405529331259157,-0.46669101337283703,-0.18870068398266818,0.49132104207309696,0.86344866190945024,0.11428054017629942,0.10959965198256043,-0.19145732235622437,0.97536250184302642,-1.270281922649628,5.452361081332783,-1.9298705316038429,0.3003473241235082,0.240547003790836,0.7797552836484983,True,5
-0.45816171367363551,-0.83685716134258326,-0.2995962877494856,0.87029172343223182,-0.49088677876484216,0.040280101281323401,-0.18077654784012975,-0.2422813693693999,0.95321538899007219,-15.732664026171694,14.000710870831668,-4.0624471658891572,0.240691953734923,0.2633699222878251,0.2391304347826087,True,5
0.9206269858168018,0.37779309706475622,-0.098581584467338945,-0.32631374323595286,0.88312914587504265,0.33704933271163606,0.21439518175838773,-0.27812818540420908,0.93631160332581109,-0.67092769171144961,-1.128015418676025,-1.1925136579520756,,0.3382709169263717,0.2329113924050633,False,5
-0.89456866504643417,0.44037078463783941,-0.076292041226433641,-0.43970262290745543,-0.89775963474428866,-0.026253411818405015,-0.08005315062723059,0.010060331070921705,0.99673982704284425,13.019834500849075,-15.115383024177047,3.41229329573981,,0.5694109904754342,0.1111111111111111,False,2
-0.96763425993609553,0.19099842054311161,-0.16493496399479474,-0.18357847631992824,-0.98121717817001863,-0.059260377117619487,-0.17315565838280036,-0.027063861773694985,0.98452255705794578,9.70674421975278,6.4219864021004138,0.43923771989747235,,0.7309287054855436,0.6751269035532995,False,5
-0.92651443115017607,-0.3238066791200942,-0.19162526823904166,0.32814344387248368,-0.94457955048166931,0.0095578792289642001,-0.18410021486672501,-0.054025062416121795,0.98142162372599173,13.731307988485581,19.375606616668708,0.50915764955092613,,0.09912387020373041,0.2307692307692308,False,3
-0.92663288080637762,-0.28431006733918374,-0.24600668653120636,0.32649966224116039,-0.93296005089255307,-0.15160314638876493,-0.18641211002744074,-0.22080156033903803,0.95733860059383613,-7.8376051858196973,23.147183322787651,-3.3359834057652464,,0.6639727466373266,0.1714285714285714,False,1
0.95933104697736182,0.23301508280245606,-0.15933585124473582,-0.21340398229977037,0.96814600437851817,0.13096585258956195,0.18477738672229188,-0.09163670330427677,0.97849886661334751,9.3946138875984566,-12.090642009842172,2.2703533370075437,0.2521068135954347,0.09569381391788916,0.3137254901960784,True,3
0.98088516109659862,-0.047069599480337662,-0.1888087750748392,0.067084510749135531,0.992616481995657,0.10105537139665362,0.18265806622771882,-0.11178985855312229,0.97680041890174496,18.912457073447641,-2.5701109040383998,3.5448006911945242,0.7119071299453184,0.6914950000143708,0.4177215189873418,True,5
0.20625814995712724,-0.94595397717562768,-0.25025716501605733,0.97780483348166891,0.18963471275281638,0.089086381333182085,-0.036814171132153982,-0.263077457766278,0.96407207615358481,-0.69133610188482109,4.2859190399837157,-1.7748227689299827,,0.1147827876244186,0.2895927601809955,False,3
0.53121402096760306,-0.79268043190723669,-0.29911435405006415,0.84692142633028134,0.50646660735942206,0.16191254816263664,0.023146523499480917,-0.33933657112252624,0.94038020499619956,3.5407505067789891,-11.758527794005257,0.98648289788507859,,0.1200502790494193,0.4117647058823529,False,4
-0.98355251187744985,0.078449841321941785,-0.16269627769595976,-0.075719576076856435,-0.99686558903977374,-0.022924728725241331,-0.16398476203080528,-0.010228381345399672,0.98640984283245736,16.049845293869993,-9.0764578931216544,3.6028419743606857,,0.0997282326224749,0.3333333333333333,True,5
0.24607613981439058,0.96887825540019357,0.026860000497525155,-0.96057445485035298,0.24008018719444277,0.1402077758386796,0.12939571130063254,-0.060302818585534046,0.98975770770812621,13.347073673612931,-16.182518023288381,3.5868606677132298,,0.2964731071260482,0.1923076923076923,False,2
-0.37004835712835554,0.91634049253553518,-0.15291930920043723,-0.92899675184585551,-0.36403637299279634,0.066652488311394656,0.0054081832860912241,0.16672618533986669,0.98598840291129253,3.1174162189551109,-10.415562977286053,0.74273276212011485,,0.08108577455211188,0.1875,False,5
0.37279861420903293,0.92615838121997685,-0.057024960673519379,-0.91666380621178845,0.37712326923160744,0.13230837534102163,0.14404395032468723,0.0029483385246845129,0.98956689903957606,1.8280860795407108,12.232080257073925,-1.8903197053398901,,0.6251563138695538,0.7123287671232876,False,5
0.062700843914004656,0.98822029272510492,-0.13960392981138089,-0.9944362566078685,0.073724415399576221,0.075241226184330046,0.084647124677701913,0.13410952099049517,0.98734467166410478,5.5409604069731042,3.129102347171711,-0.33730703210417146,,0.07293462731280168,0.293103448275862,False,5
-0.2330829998446419,-0.92257444536060695,-0.30745521291887645,0.96728667232472543,-0.25250991810889784,0.024397434283086196,-0.10014394003823929,-0.29171070262197563,0.9512497344280374,14.648711870778955,9.5183337200161215,1.4528234274547247,,0.364220509376988,0.6666666666666666,False,3
0.53674496180072961,-0.79350528391581099,-0.28679994835986694,0.84322023097219312,0.51645304681790427,0.14918408933832558,0.029740343991541122,-0.32190932703199615,0.94630327966729177,-5.7557776133621141,11.413982720900931,-3.0222628713683255,,0.1125229749449049,0.1780821917808219,False,1
-0.96587381511832071,0.23363459820938826,-0.11181523951732766,-0.22776514468409853,-0.97168591196407228,-0.062845265196194544,-0.12333212126535115,-0.035232981850619856,0.99173979694983616,-12.001491604329342,12.630162054877111,-3.6011130448972879,,0.4049060165738441,0.2307692307692308,False,2
-0.87197781567944965,0.48889927598872357,-0.02514332715846504,-0.47554672679606291,-0.8581199738096349,-0.19361152130620235,-0.11623252383238676,-0.15686812450798693,0.98075603078283458,-12.156217545420775,27.005239613726761,-4.0169136279658719,,0.355399107417532,0.1612903225806452,False,2
-0.57269662483362604,0.8192179181167023,0.030009640796073073,-0.81889282894427329,-0.57001167435197742,-0.067091175322100266,-0.037856447374502646,-0.062997569310185714,0.99729544050556573,12.845243297033409,23.287232485628447,0.25852932193951006,,0.2249165648678281,0.5,False,1
-0.90373809744430633,0.42419387813243031,-0.057593445657605144,-0.40564579643565352,-0.8915659753688,-0.20139910476157852,-0.13678062385378637,-0.15864950463096275,0.97781460186403435,14.814782398847893,28.119795552433981,0.74480320072790174,,0.350321896019003,0.5833333333333334,False,2
-0.054359974996120025,-0.93950852872037516,-0.33818444313731988,0.99694283816791751,-0.070103147133898536,0.034504002486980441,-0.056124598387158192,-0.33527492185309776,0.94044710443080259,3.8452087862022157,14.113705683667815,-1.5408323352159687,,0.532917416842271,0.5511111111111111,False,3
-0.45697426835044586,-0.81405897837951824,-0.35844455329279623,0.87747336350710303,-0.47857001271572081,-0.031799988440386527,-0.14565374832495259,-0.32905732425972889,0.93300925126706091,8.3591171948132832,-14.506988145879063,2.2752845089529865,,0.4040216757029629,0.2692307692307692,False,4
0.36268387921039646,-0.82451694953361598,-0.43431809045062786,0.93186841307102519,0.3163530995013053,0.17760061136270658,-0.0090368402325396169,-0.46914018839542893,0.88307747063941899,12.143837194946718,3.1027659647923111,1.3688727928540985,,0.1515948860131713,0.125,False,2
0.52204553628046335,0.85153364126608067,-0.048568671402190303,-0.83878026957982343,0.52288437518877584,0.15178797563391672,0.15464836699183943,-0.038501791848870953,0.98721907123555097,-3.1528195862723534,-2.7013616502254529,-1.4722505095745098,,0.5727818336144562,0.3642857142857143,False,1
-0.0092620105748548419,-0.96937342420969141,-0.24541674677187539,0.9929174343836642,-0.037986366795709103,0.11256999793295511,-0.11844485492023255,-0.24263594204824929,0.96285960345695554,-5.1312449253724539,-17.92786523634275,-0.098789143256584638,0.4591580732251722,0.5041553937975285,0.8641975308641975,True,4
-0.98070863433007893,-0.07552687110582787,-0.18029494250088282,0.09919982325005211,-0.98704330937525842,-0.12611463231797254,-0.16843387313005484,-0.14156693525856481,0.97549414822637814,-14.569795221542005,-20.910228271086712,-1.2531156750647912,,0.3117751006150646,0.3214285714285715,False,4
0.97801540292012601,0.1340434272314289,-0.15974426833860619,-0.1074316073206398,0.98043254511440048,0.16495597663923345,0.17872974402568775,-0.14416790244902672,0.9732786314843046,16.024892481249491,8.8091669939006927,1.8635842077563984,,0.09973513301056759,0.375,False,2
-0.70640086286797044,-0.67230484690080183,-0.2213685022153721,0.68578182782245423,-0.72750187159809965,0.021078696585803615,-0.17521730955553838,-0.13692048661523309,0.97496239659648776,8.7411836578502982,3.3253156933544497,0.50128494850333294,,0.1378112853910865,0.2857142857142857,False,1
-0.93276372937226648,-0.26497058717424959,-0.24442261167918677,0.30737040350411071,-0.93884650292882854,-0.15521172310115178,-0.18834877280529641,-0.21990414245948611,0.95716608167647499,2.3251287779064129,-16.618353043960592,1.1818400791178048,,0.595443522342376,0.5652173913043478,False,2
-0.64257951803170688,0.7591732636346471,-0.10367024061155317,-0.76424924371429281,-0.64472940820256497,0.015718895664157073,-0.054905887555613625,0.089330543382923067,0.99448750496456273,-8.6892510010355419,12.220409576800574,-3.2971760401079555,,0.07854426614913053,0.2857142857142857,False,3
-0.51444153640137436,0.85178297021450777,-0.099074099933055021,-0.85716699408385166,-0.51412319175735577,0.030693451263809603,-0.024792133394447538,0.10071303465679479,0.99460657285781684,3.4576815788240669,-6.9943922732301713,0.37428727712141813,,0.1537855902473915,0.2352941176470588,False,1
-0.42042825365971748,-0.8444821428026501,-0.33179812237576706,0.8954527958576296,-0.44515339718886249,-0.0016563097442201663,-0.14630233735451464,-0.29780591575497461,0.94334896121527934,-19.293503428865247,13.076337498374633,-4.4692944214105763,,0.3873277105820194,0.2608695652173913,False,2
-0.98391964162255785,0.11996852969018929,-0.13232418793747602,-0.098412059978810876,-0.9823792211205552,-0.15889031550506449,-0.14905437021458051,-0.14331300636908781,0.97838856132182461,3.5863571536204084,4.5657296633345021,-0.91772836341046138,0.4139564377098205,0.4362375808535696,0.3006756756756757,True,3
0.53001157775007623,0.84545189639641427,0.065565374479088806,-0.83358415908236383,0.5052562795475769,0.22327906687526816,0.15564439333886912,-0.17299474806319703,0.972546985993339,6.9373285643784985,-5.7601463116530569,0.97914405075342537,,0.4254205397037579,0.375,True,1
0.47862063124387727,0.87780267794839262,0.019615043572325963,-0.86527306438464857,0.46776028827097588,0.18028543137773081,0.14907989602261423,-0.10326069582994898,0.9834187375165282,4.6771541439481625,6.4718834802504714,-0.906931642543367,,0.3523932203838154,0.3595505617977528,False,1
