axis_00,axis_01,axis_02,axis_10,axis_11,axis_12,axis_20,axis_21,axis_22,location_x,location_y,location_z,dbh,dbh_approximation,score,reconstructed,number_clusters
-0.013284428254004377,-0.85375864060079487,-0.52049947892908255,0.99837182162413551,0.017553423765714324,-0.054273226373662414,0.055472783893272939,-0.52037300171471568,0.85213538204533346,-14.408027125080407,12.415054818845151,-7.6382843578092769,,0.2649441481155207,0.3636363636363636,False,4
-0.41274300515326912,-0.83416083318593182,-0.36581267894320119,0.90808679593448793,-0.40809290713906937,-0.094013563873625416,-0.070863126846659685,-0.3709931044121117,0.92592793117616845,-0.24304632188277109,9.0570789671210488,-1.5137784782197377,,0.08169600454375901,0.5,False,5
-0.14117038720836084,-0.89702001853247404,-0.41883888086881454,0.98993934143043227,-0.1238305310871342,-0.068455093740060174,0.0095405483974248112,-0.42428891798240237,0.90547661041773919,12.649695449622282,6.642374606233246,3.782851214226902,,0.2158832031552243,0.4035087719298245,True,6
-0.40031733705643652,0.88051298715658455,-0.25385607950299705,-0.89339681235823265,-0.43665338867606385,-0.10571638390457652,-0.20393176633421484,0.18447411093781946,0.961447417737189,-24.891719119796662,24.291276010500287,-12.09226253057329,,0.2305430108471089,0.2857142857142857,False,1
-0.91406747999757476,-0.20151810470265613,-0.35195325753277584,0.25708353372895504,-0.9590925864564781,-0.11853044878703711,-0.31366972868977394,-0.19882621577969156,0.92848233005394942,-10.375672453698012,-9.0446640511498586,-6.7454112962447965,,0.06996060781202215,0.4571428571428571,False,1
0.193985552778002,-0.86182685147515425,-0.46864067620068611,0.96747704347072505,0.24712842601540527,-0.053997327825498126,0.16235077970419143,-0.44292439437399661,0.88173703857662122,6.5711808014078441,23.455295206730309,1.9836912293372091,,0.4659981156353372,0.1764705882352941,False,4
-0.78009258353656141,-0.51411062597096457,-0.3565751328612175,0.57613065159323207,-0.81250264496314328,-0.088954618894431278,-0.24398572377499886,-0.27482670210814369,0.9300221773712446,-13.91331769963657,5.2503495792664285,-7.6333551591976541,0.3514633259568813,0.2932263158657302,0.8617511520737328,True,5
0.44302570180448531,0.86716851832640129,-0.22747964384585542,-0.89076329309850655,0.45446143485952878,-0.0023579426886039881,0.10133599167594663,0.20367514587944302,0.97377998117749387,14.818329095506771,15.925230991164108,5.0388440830462322,,0.1827834712151557,0.2592592592592592,False,1
-0.13125398648999817,-0.84478793031275967,-0.51875403018036015,0.99102726821309883,-0.098487269623401347,-0.090361559195321017,0.02524568653385003,-0.52595970427401573,0.85013472155383907,8.0457408826613968,-2.8836145821169938,1.4154672766702801,,0.5320659853412237,0.313953488372093,False,3
-0.24715803955330756,-0.89404998464115915,-0.37361414379986674,0.96873657951098313,-0.23654678023126124,-0.074800135558589942,-0.021502162717403933,-0.38042114258459031,0.92456336249772952,-2.3160147276239051,20.878534228128323,-1.7331765200431752,,0.1227962683793033,0.5428571428571428,False,5
0.88017827820572336,-0.32468418160368945,-0.34621724508052931,0.33086972533512549,0.94270043362237732,-0.042908242854274886,0.34031077478015231,-0.076785901469769796,0.93717261051740508,-10.673880232658181,5.7669577593907588,-6.281947900161545,,0.1155641890151771,0.4840764331210191,False,1
0.38129262094332789,-0.83578638367767744,-0.39506589079944465,0.90095472783174058,0.43170208728771386,-0.043747985428664329,0.20711474020890722,-0.33925569809573158,0.91761051416043382,-14.368644735286356,13.329370007508579,-7.5875514210424067,,0.0977078909026983,0.25,False,4
0.2594055153354905,-0.86933171481628602,-0.420679388879589,0.95323011866752094,0.3004332115032684,-0.033048847043991331,0.15511647068778134,-0.39243121058398023,0.90660720572966924,4.7042895777999796,9.5549000760486145,0.62121388288588353,,0.1015673995613241,0.4615384615384616,False,5
0.73415140627213649,-0.56704008201108169,-0.37347992993132922,0.60627250072459193,0.79510731555049086,-0.015427625327381379,0.30570470643055914,-0.21510439826037567,0.92750996238059213,-14.606712933651272,-17.723651929374071,-9.0353883673943205,,0.1252201590665326,0.3333333333333333,False,1
-0.8831235337037181,-0.31771908898250323,-0.34517735255196863,0.36448580555425175,-0.92789966537964075,-0.078436653025350966,-0.29536912798755072,-0.19508149959562862,0.93525412950031639,-9.8594364868527222,-15.276348018146882,-6.9012261855882038,,0.117141342880123,0.3235294117647059,True,1
-0.18819173015360166,-0.85485005751375032,-0.48354446731457024,0.9821275217079839,-0.16533894825285897,-0.089936440302983672,-0.0030665624936924291,-0.49182762362374066,0.87068719115138948,8.0763179914816678,4.124934500434378,1.8010361944069868,0.444982116191437,0.4786648360477446,0.5436241610738255,True,4
-0.51388303842667926,0.8054460354013856,-0.29526413069242757,-0.82363897811774889,-0.55948245679899511,-0.092726556386572734,-0.23988133846240686,0.19554044233956155,0.95090529437327986,-7.808076231266952,15.67526547681728,-4.3953700572266321,,0.09236501504571555,0.5348837209302325,False,5
0.52617097653202627,-0.76569422387580655,-0.36994115610264378,0.81104081278552931,0.58263974292149279,-0.052380625851223786,0.2556499627450059,-0.27247621087280927,0.92757738817678947,13.520899219706941,7.4946253389154576,4.1075332930026915,,0.2530073953591516,0.7325581395348837,True,5
0.55442317714288769,-0.66479545462139256,-0.50066150657057973,0.78921481463658294,0.61089891637830451,0.06278925326804001,0.26411156166463201,-0.42994129539106835,0.86336293962187183,-12.316079519033895,14.050608863962426,-6.4679560777799132,,0.3001819430328451,0.2666666666666667,False,5
-0.93615635651919893,0.10058157271593757,-0.33688963085658619,-0.071602769661503446,-0.99266639275775215,-0.097398542422942935,-0.34421551319703758,-0.067058033965369829,0.93649287266652448,-12.534005283189327,7.4217299648449435,-7.1081377881846413,,0.07432291186201476,0.345679012345679,False,5
0.28088279820993822,0.92639004915095413,-0.25081134444806924,-0.95501981128785174,0.29568012061326665,0.022592616533732526,0.095089503718713747,0.23318392549276851,0.96777230957199412,1.5664238975605813,20.791503567165059,-0.13310689887733429,,0.243290816154489,0.2380952380952381,False,5
0.093508957495205713,-0.89992461130158563,-0.42590112566398552,0.99049347565911738,0.12743438000522764,-0.051799164755862367,0.10088978910118478,-0.41700860035060844,0.90328571210262421,8.6861535095812297,11.359785055549626,2.2473204880020923,,0.07948041473184675,0.2758620689655172,False,5
-0.4934964269744051,-0.77610982164506404,-0.39257460604267713,0.86042447112544895,-0.50155777603299156,-0.090052911054180548,-0.12700789759691389,-0.38222158762543368,0.91530085321773069,-14.264826430048378,16.899760266433724,-7.3650155282996801,,0.1327144956977352,0.375,False,5
0.93909874956256045,0.14650774824970592,-0.31085208423434463,-0.13099069237763766,0.98888491441026438,0.070342480495299065,0.31770265513599727,-0.025339805733375569,0.9478517379658763,-32.211603633722518,7.2969986030830221,-16.113983904140575,,0.1985697325032171,0.1428571428571428,False,3
0.31746487856685007,0.94523723919514624,-0.075780027152758556,-0.94683205728892184,0.32036896957108479,0.029542826980314713,0.05220254942589056,0.062372149030629487,0.99668681583471241,-8.8136587462218792,18.528377397288825,-4.7023425560252665,,0.3824521391521241,0.2631578947368421,False,1
-0.82693580335622696,0.48707858426029199,-0.28094773514406968,-0.45863977372878095,-0.87333104171637699,-0.16414155332700403,-0.32531021361402929,-0.0068807215885154926,0.9455823182509373,2.4297984993614419,-7.501196083799595,-1.1443057652846305,,0.1997867861037949,0.3513513513513514,False,3
-0.94110628737850643,0.12131441441855741,-0.31559747893626527,-0.085077245730658446,-0.98834755313421796,-0.12621797206614341,-0.32723205545228756,-0.091934362824175345,0.94046119261593342,-34.270815960992707,5.209868902432893,-17.189190291317836,0.3380325561645876,0.3716693077182052,0.4347826086956522,True,5
-0.060655813771114064,-0.83843821296707,-0.5416107784122729,0.99809942625141568,-0.045031622450271369,-0.042067663306739118,0.010881524358143699,-0.54313305553619207,0.83957612901485046,-6.0126770202291366,23.55825728201556,-3.2754603178521902,,0.2410271891866196,0.1,False,3
-0.54399715520726644,-0.72482740940585499,-0.4227201458416644,0.82689224986563692,-0.54866857628654642,-0.12333693894304029,-0.14253526664845523,-0.41663895637553028,0.89782831197939095,5.7648221505339308,1.934176727393971,0.7456040965267331,,0.07511413415110293,0.3132530120481928,False,5
0.23008170155122029,0.94420784928235413,-0.23565641931609793,-0.97289176672904898,0.22897364490156549,-0.032445033076260205,0.023324254374428158,0.23673319854655187,0.97129468847708322,4.1453603027137138,16.625107041634688,0.75599512955959947,0.4100096913955623,0.4003563731643375,0.7808219178082192,True,5
-0.13319973961006398,-0.87912837347846484,-0.45759275815174377,0.99004597366022906,-0.096849261367141476,-0.10212340873574847,0.045462065581985636,-0.46664067923590669,0.88327780288835001,-1.8574044457587322,-15.337903880924424,-3.583566702910896,,0.1948451495699821,0.4375,False,4
0.55061599368324832,-0.64602316243117519,-0.52865499250705239,0.79434596816746583,0.60015748830478444,0.093943983776415094,0.2565862629921945,-0.47166202182719286,0.84362220620938144,-17.508668851564419,-2.0922016307569571,-9.754741851163276,0.4534316425205918,0.2020421453419303,0.2941176470588235,True,2
0.78238290184091486,-0.49311579804572603,-0.38041267674029317,0.54938680986783417,0.83415216020766458,0.0486241376697817,0.293344725621976,-0.24703640083722928,0.92353770286391357,-9.7971684455525185,10.630963978195219,-5.6019581554162521,0.6537040918729708,0.2657999276643829,0.8346055979643766,True,4
0.72888304848883967,0.66520117351881047,-0.16197808609442715,-0.64976231510269589,0.74666288958279303,0.14249022139171275,0.21572768829707772,0.0013885492687775169,0.97645257766720417,5.4953636805057329,10.594524253859481,0.98823829818301445,,0.2725293891492922,0.25,False,3
-0.46365429692111032,-0.79373810680853529,-0.39370612231281621,0.87915343318515171,-0.46734672864277021,-0.093146530507923889,-0.11006331752838189,-0.38931587821061747,0.91450490053785027,7.9289243872810333,1.8651432825478258,1.5803921429668155,,0.4217070203957776,0.9238095238095239,True,5
0.91096401038268615,0.26704598944443919,-0.31437399909842023,-0.27018523400944361,0.96219291563762799,0.034419942185057589,0.31168014231059904,0.053583883942851074,0.94867500034039232,8.1641803112315205,5.6418994760219006,2.0083663827802587,,0.1278871760488521,0.28,False,1
-0.67396750752076295,0.71007867066472674,-0.2038530850226864,-0.68205143518514122,-0.70409802977638059,-0.19761529350460166,-0.28385496044307745,0.0058520023953614331,0.95884937059990039,-1.1669567103766783,16.699492373549155,-1.5457996705215209,,0.2854032956887632,0.2,False,3
0.66117214682283332,-0.56728421920728944,-0.49095825372842206,0.69850251509867156,0.70426193742224186,0.1269226532148644,0.27376199273550711,-0.42685329814427642,0.86188783098314936,-7.537887926089474,16.722164312183235,-4.3109203981235584,,0.09031631755547403,0.2,False,2
-0.93496205785444353,-0.0052441340299075323,-0.35470896440724548,0.13787336323874094,-0.92665566763291929,-0.34971446832098207,-0.32685912268410428,-0.37587467685661585,0.86711091632853532,10.300499079275186,4.516987206233023,2.7482792622738619,,0.1290735747612718,0.4285714285714285,False,4
-0.42160922451761862,0.85586094198956764,-0.29957922120598063,-0.88153356426102492,-0.46426963035171298,-0.085745468768544678,-0.21247173196193833,0.22793805805484418,0.95021050552352893,-0.59595415036889099,12.192320773122653,-1.5509176829435414,,0.06964088196583922,0.2121212121212121,False,5
0.93754516011026989,0.030650316746336389,-0.34651065039499029,-0.043025354873657794,0.99867942768885054,-0.028075247978733134,0.34519254278127987,0.041230556562103289,0.93762580468637657,12.217281768449721,7.6161148755679227,3.6577106111573801,,0.08350624918339894,0.3043478260869565,False,5
-0.93849909985349478,-0.066432868386897367,-0.33883050862056513,0.10849450551357076,-0.9883510967785657,-0.10672887036774098,-0.32779319981895205,-0.13692619725420502,0.93477421587138187,-11.627729951797912,4.8842158487618583,-6.7368102335919824,,0.08324868816738955,0.2989130434782609,False,3
0.62728640015902659,-0.68968623791641237,-0.36172457119227686,0.72855983671234847,0.68379398755268617,-0.040327991723799361,0.27515874782606364,-0.23824079376862409,0.93141236178144537,2.583524544824364,4.2405351031449179,-0.4091773736494248,,0.09491758385419882,0.4436619718309859,False,5
-0.86331848346545381,-0.33877803743146107,-0.3740463038996592,0.4203525976480087,-0.89287022660236948,-0.16151300906615759,-0.27925774789158475,-0.29666850153179553,0.91323759802222271,-2.7203037483152528,23.480923464193175,-1.9480091462883378,,0.2790333878842006,0.627906976744186,True,5
-0.21170647619363037,-0.86291018578988976,-0.45887512375125949,0.9772128094940955,-0.19426972010072796,-0.085524270313412684,-0.01534577786665231,-0.46652469078500303,0.88437504487045815,-2.3556477801728288,14.239283315321314,-2.1450436571081313,,0.1483574841258924,0.2368421052631579,False,3
0.84640272696014451,0.46345673010419319,-0.26231714224495556,-0.45539869843991571,0.88524462621982491,0.094625457505650115,0.27606964565787007,0.039367639884197364,0.96033105733194235,-17.609818535115846,13.567614556400315,-9.0160718417637629,,0.08693204210716461,0.5,False,1
-0.43372401445396508,-0.82159152881980302,-0.36996059122219471,0.89576632632442643,-0.43754304717435649,-0.078477834403228169,-0.097396960471970037,-0.36543596106693971,0.92572695242706626,-0.0045755349025693448,18.507278976483885,-0.97388575666693433,,0.2517543473600141,0.8695652173913043,True,5
-0.80615110193039297,0.53804094520411783,-0.24623635422145462,-0.48783649745080326,-0.83985900242850209,-0.23801766277891015,-0.33486706707490166,-0.071755120539665374,0.93952927046739332,-6.7432508612761453,-6.257828684095907,-5.053617294442966,0.4648590946866165,0.5026797395678276,0.4979423868312757,True,3
0.67333781515711533,-0.62983407049180229,-0.38720179535633442,0.67914398559163369,0.73389426224597454,-0.012753771095120492,0.29219793550631445,-0.25437817416233477,0.92190677999225257,-9.366944445693651,11.540035245057085,-5.2753287002933762,0.7378223053491358,0.4433029327436966,0.4567901234567901,True,4
-0.87359983901888361,0.37323275996207045,-0.31228292966038862,-0.3509978979607184,-0.92773688982840763,-0.12690444782855098,-0.3370812912241451,-0.0012530533139912259,0.94147471180274123,7.2555762660034313,15.414428321643465,1.9514468994548912,,0.09415099749128186,0.4,False,4
0.68011048211444547,-0.60163816424250371,-0.41890482385020072,0.6725557607714403,0.73944112140037865,0.029926186447670325,0.29175071683066511,-0.30208996558816958,0.90753687083210699,-18.222771359401762,12.13800997345772,-9.4304020568897311,0.2797137314911065,0.1696097800638523,0.5806451612903226,True,5
-0.79235633532697869,-0.47833395320449967,-0.37863975897805058,0.5564951239867203,-0.82103567370923181,-0.12733263319288241,-0.24996922779855485,-0.31160399822303875,0.91674333018855991,9.0877534660778796,3.3171118632842598,2.2296482830432596,,0.07070465218713987,0.2380952380952381,False,5
0.26428861149899346,0.93879594060738203,-0.22093825320898247,-0.95951833536866016,0.27906886371829881,0.038014910158180523,0.097345230613990613,0.20194739711637769,0.97454664068716101,-7.7669982010150189,21.62272951894747,-4.1115223536349461,,0.684939987063471,0.4933333333333333,False,2
-0.16369273413197083,-0.91602728171747083,-0.36619490430875873,0.98649275953919491,-0.14971411802803591,-0.066465917881509726,0.0060600469589091668,-0.37212860950535415,0.92816139427282107,-2.0973089048784246,9.6578209402863688,-2.1891052631418946,,0.07665919510204508,0.2727272727272727,False,5
0.51251718074989361,0.84314909925585113,-0.16255994543621805,-0.84889436196643264,0.5260108748175939,0.051874095608806348,0.12924589609648243,0.11140985592700059,0.98533412726066716,-10.242164617623198,-1.2365613882700071,-6.373374014449749,,0.1732908315170661,0.2372881355932203,False,1
-0.56629179351525305,0.79030651024334875,-0.23394278032086985,-0.78906455335090686,-0.60184651366059161,-0.12311744246745446,-0.23809816303872114,0.11487555815565043,0.96442359515723974,-12.218293615216865,12.763573851458439,-6.5007364242965133,,0.1212506034573666,0.25,False,2
0.3866425378124127,-0.81597558893329325,-0.42975735737616128,0.89896638217660008,0.43747253374881939,-0.021845501406533144,0.20583243590428513,-0.37789101667061731,0.90268011379965341,-10.734081293343184,13.220577005295954,-5.9134474037322029,0.1975378703730171,0.1291710066426531,0.5765765765765766,True,5
-0.32918226592771743,-0.8723036206076048,-0.36155971743760151,0.94269443557671917,-0.32567378175043221,-0.072551974563507857,-0.05446317041254263,-0.36472315714146319,0.92952180271007023,2.6082973741113618,-3.3543920616584049,-0.79477531990976202,0.3619595255975956,0.3084710029027889,0.9244505494505495,True,5
-0.19510336575240769,0.93231697748125075,-0.30449914642295295,-0.97051829615789176,-0.22832040016404823,-0.077227143490560216,-0.14152354395952976,0.28045471714548431,0.94937676300612139,-11.036093401168035,19.489862822894491,-5.731128062004478,0.348818496090549,0.2891535096616321,0.6415094339622641,True,6
-0.18846182473959691,-0.88921869996653446,-0.41685998158332099,0.98208047540476562,-0.1705189938247961,-0.080257165248516851,0.00028362751987459633,-0.42451546070173274,0.90542064433092351,-22.623059519913916,5.4592791178779656,-11.834994798674508,,0.1087738626150248,0.25,False,4
0.95079144427516005,0.00087384242599138073,-0.30983038245557643,0.016298465837152103,0.99847040195045478,0.052831964190739669,0.30940263331864098,-0.055281939440570887,0.94932287324554576,-10.536400309391867,7.0120608441000964,-6.228436143526527,,0.6451917830258329,0.8577586206896551,False,3
0.57092341660731294,0.75286827809606727,-0.32746878966719084,-0.80729395900840595,0.58738667652223475,-0.057038197663476072,0.14940855436676559,0.2969280183492724,0.94313882106570457,-9.7319339902043254,4.6457714804949761,-5.8900422792165168,0.2652560219037662,0.2351031920802786,0.885483870967742,True,5
-0.84867863255866016,-0.3697905383336117,-0.37815279504097382,0.46746464934513343,-0.8588983650530998,-0.20921376656841689,-0.24742954603481476,-0.35432831705644163,0.90179269429340347,-2.9959562280132972,16.604431315433278,-2.3078843131349949,,0.3051011038923831,0.1388888888888889,False,5
0.44167975161873257,-0.72037776453269686,-0.53476618570819179,0.84730807764424387,0.53088053447531269,-0.015325784613587898,0.29493731294773529,-0.44634262006006103,0.84486108145013361,-19.611810055915999,9.7297190184777929,-10.155689889316431,,0.3614102154503634,0.4666666666666667,False,4
-0.52571497067865447,0.83743105773816329,-0.14944227360382858,-0.81488529598420356,-0.5461849689733187,-0.19402044752126338,-0.24410187216217286,0.019778857478507661,0.96954787030025824,-11.693311669081776,6.57353003052659,-6.7415049671840217,,0.1477477118059093,0.3,False,1
-0.22769709402510027,0.92110806701877113,-0.3157751767404578,-0.96332343118458519,-0.26037876035462709,-0.064891201922492092,-0.14199295863979511,0.28941808863498908,0.94661247069092991,-3.6595111794221316,22.379918889392389,-2.3907053208071147,,0.07793395122687051,0.2727272727272727,False,2
0.13451366753131713,-0.91232870346908435,-0.3867329958429917,0.98425443107358901,0.16817818298501802,-0.05439957426180058,0.11467034559676548,-0.37332617855473105,0.92058583317713549,3.3130696430332245,18.80515839834349,0.52244910217159357,,0.7468043530326339,0.9779411764705882,True,5
0.64802743835482701,0.7088468109234991,-0.27856173065025724,-0.73934203132033016,0.67329732637801132,-0.0066386004060192405,0.18284911775124757,0.2102543910024417,0.96039538274701386,-17.004322966338357,10.513132876564176,-8.9582012637991806,,0.1448041948716347,0.2142857142857143,False,5
-0.86150537887292733,0.42990536606834634,-0.27016635319494409,-0.38796668989539912,-0.90060312267124987,-0.19594862328274115,-0.32755202595102567,-0.063995247170672731,0.94266339625284246,14.856456398465571,6.6552343297534531,4.661114601275715,,0.4855339801832343,0.396551724137931,True,5
0.68366123495582254,-0.60111943058097672,-0.41383903392102117,0.66968230304806764,0.74210551496349586,0.02837283286883753,0.29005676824186988,-0.29653808328572118,0.90990781750588057,-17.205190053296306,-2.5261371286945709,-9.6194189061762216,,0.09802055139510357,0.391304347826087,False,2
0.3450994033223253,0.9366345948187309,-0.060183366600135235,-0.93645700437613921,0.34791166630019055,0.044785616073603034,0.062886252722214653,0.040903645815210554,0.99718213530807964,-11.050275835357063,-12.547982893148617,-7.3095961495348671,,0.7375559257732476,0.4897959183673469,False,1
0.76125518950510085,0.59235665532355408,-0.26382594517114188,-0.61157478753195449,0.7911021538702534,0.011561202233860535,0.2155616285585143,0.15254827116601372,0.96450101568503444,3.4210368648029972,6.0068782008646213,-0.088701874167824268,,0.1926516226160624,0.2978723404255319,False,4
0.10081708006333627,-0.89147359701899076,-0.44171341635219075,0.99182958474873661,0.12493848993012981,-0.025776899563893813,0.078166432595143109,-0.43550568257142153,0.89678582128808682,-11.960997481582746,11.499439252668868,-6.4751725802663112,0.4924855897029753,0.2923210090541014,0.624113475177305,True,5
0.14484686913047939,-0.91109159637081238,-0.38591642557110983,0.98202770574749298,0.18007081946088332,-0.056533928954221969,0.12099987457602093,-0.3707918594052062,0.92079988453051864,0.97807318692585898,-8.3772101733395505,-1.8757904012742288,0.7734707847933433,0.5086621526041645,0.5,True,5
-0.072302535431520779,0.94237036745638048,-0.32666563013316724,-0.99312100198246733,-0.098267755324386807,-0.063672000791917635,-0.092103304997775123,0.31981485081783173,0.9429928114279843,0.18623650838422523,10.843144326768613,-1.2495387171336492,0.5262425675407635,0.4877221739535167,0.936986301369863,True,5
0.94732123116697065,0.073863144174733872,-0.31165160181349738,-0.05807549722758816,0.99652842526773,0.059651774954210743,0.31497574764109165,-0.038410071153824846,0.94832217354224846,-14.648519515469905,15.129849940864295,-7.5952113666953434,,0.1515515127174361,0.4838709677419355,False,5
-0.63218352524599508,-0.66901850060748336,-0.39084298158270747,0.75586868412103336,-0.64338883009529413,-0.12129858067490359,-0.17031301410251487,-0.37210893452525867,0.91242995242034497,2.7741538462341282,9.0383478479251274,-0.20943708118771401,,0.1875841225363552,0.3061224489795918,False,5
-0.87446157728147589,0.3932753190246841,-0.28399203035371562,-0.34669772858329762,-0.91615337011431641,-0.20115587842109442,-0.33928989795391029,-0.077443694864158974,0.93748858087563491,4.3592618403352734,-2.585722427308867,-0.065165064388714791,,0.8333331065727245,0.2574750830564784,False,1
-0.78037205752348426,-0.51559343614927489,-0.35381189979471767,0.57797854057059161,-0.81068695570244953,-0.093420910366920878,-0.23866348375160551,-0.27739875351861032,0.9306393893823045,-5.4473358553167719,8.1118753770994712,-3.8303594942955432,,0.07661922726028537,0.256198347107438,False,5
0.57546251385605263,0.76194910435235153,-0.29711354314995775,-0.80299505827854134,0.59529749265803422,-0.028632701851202425,0.15505428574120284,0.25505775348282794,0.95441275707189632,-13.247068458499882,-7.721029730669712,-7.9529535486953584,,0.08506147608588184,0.5,False,1
-0.67557248189533259,-0.61510439362907043,-0.40650757267730442,0.71018358385733327,-0.69102354671009913,-0.13463185028717922,-0.19809366200192915,-0.37964857806978392,0.90367353521294203,-19.234357166811506,8.6299550170208867,-10.066448456428891,,0.213360001521368,0.1,False,5
0.016995910225658301,-0.9234841773057757,-0.38325985088641501,0.99727194328725965,0.043195365635098057,-0.059856758346105807,0.071831818629735977,-0.38119697618623088,0.92169900465326526,-4.8258221687184131,-4.9379752674060606,-4.2056603729822086,0.5137924839053855,0.4422698983325951,0.9452590420332356,True,5
0.24349844192517758,-0.90133482733756853,-0.3581955301345417,0.9584411209994671,0.28021548334390406,-0.053571452020891169,0.14865774906574936,-0.33026476034039209,0.93210839590683192,6.7572103232367509,8.8346364224116591,1.4355783568778278,,0.09630163791284586,0.25,False,5
0.1529134974615014,-0.86820261226700213,-0.47206110446301985,0.98144349622183158,0.18934032288823413,-0.030313459922092355,0.1156984270332162,-0.45866596361767886,0.88104449819558328,-19.96415302632029,16.744079585072488,-10.168425665674363,,0.1149050183464431,0.375,False,3
0.84556408518037718,-0.37795908022954017,-0.37705213369653912,0.41209976530233788,0.91107358002062377,0.010895651708993093,0.33940412680288806,-0.16459606757284811,0.92612794647863017,-13.370967934198038,8.6029194267989055,-7.3908328960285656,,0.09050246454713409,0.3170731707317073,False,5
-0.49311096523810805,-0.76068505324622249,-0.42213721196991444,0.86094984248676532,-0.49637968686267137,-0.11123207807161473,-0.12492775786011312,-0.41828872353663465,0.89968194328781381,-12.074831773279318,-11.961409854868327,-7.6533670343352389,,0.1145869249471884,0.3666666666666666,False,2
0.31071299426060367,-0.83814243714644765,-0.44830200786057511,0.93031387575484803,0.36485799532310875,-0.037346162142794598,0.1948679752437622,-0.40545764057792216,0.89310165934309016,-23.63456738976376,-0.51682559652681692,-12.552820793126154,0.4726475487720784,0.3918387299655823,0.7,True,4
-0.92803944220879553,0.17848013309589394,-0.32693674586203852,-0.15127260196543638,-0.98267746876537299,-0.10705882623812848,-0.34038124742616749,-0.049898241160897937,0.93896260411672128,6.8017654131309131,12.527286303852364,1.5135338391726239,0.1830387821811025,0.1475491652804059,0.5522388059701493,True,5
0.71892391598850613,0.62184986143016308,-0.31056585913303209,-0.66089784804140217,0.7499427683987091,-0.028282124756182581,0.2153193848077668,0.22558500385834038,0.95013102704850005,10.697919223017413,10.658665753967366,3.0884183109876844,,0.1700852499560643,0.3333333333333333,False,4
0.89393266558767159,-0.25852996794474237,-0.36612381112106063,0.29008067241579449,0.95643654483071294,0.032898924041485533,0.34166883511101814,-0.13561486418080215,0.92998441692702671,-6.647607674794191,-16.614741269645968,-5.5475527906205189,,0.1339571414141096,0.3333333333333333,False,2
-0.1874223871798141,0.94386974370720444,-0.27199771267037426,-0.97362920607200065,-0.21517535566928775,-0.075800629259929184,-0.13007312507749474,0.25061818215502862,0.95930782802283177,5.664253661085386,16.745427740016709,1.3209523897699733,,0.2849221093980515,0.7692307692307693,True,5
0.94049342749523046,-0.0056083879362852761,-0.33976559393651135,-0.0078203573712974199,0.99924175093636747,-0.038141384298537126,0.33972187867262738,0.038528809615398577,0.93973643963654074,-12.544744104905359,-3.9266609174899538,-7.5966444197331127,,0.2710617892631825,0.7352941176470589,True,1
-0.79079798462692807,0.59329055780007889,-0.15048209705895069,-0.52140710081725383,-0.78174566111588339,-0.34206484260127673,-0.32058256772216154,-0.19204175418840896,0.92754880298607689,24.220426379986272,-3.0008539880793701,7.8014526006912606,,0.3291419028321629,0.3333333333333333,False,1
0.791160248663625,-0.45775900598441127,-0.40561330522392391,0.52677005519150177,0.84698646149953527,0.071604769324676923,0.31077125009893486,-0.27031579028362651,0.91123575634151066,-22.286583145623613,16.476566254656237,-11.136723973649298,,0.20421514086294,0.1666666666666667,False,4
-0.7550482123573129,-0.52867329037331012,-0.38782308990296566,0.61272781338263083,-0.77946927610136663,-0.13035441811212828,-0.23338128400402283,-0.33605386422397965,0.91246971271202459,3.2183624398999773,15.149597936852535,0.2237869642114664,,0.09171415906960059,0.3157894736842105,False,5
0.94113243258643564,0.0023468923721774171,-0.3380299342220035,0.088922674701417376,0.96303873332848311,0.25426198306671322,0.32613264518886248,-0.26935272451799153,0.90613829382542432,7.4271889729385689,-7.4364071615923937,0.85330816871323112,,0.5698577327542858,0.3,False,2
0.75783460358800769,-0.55173703860316392,-0.34824266516040231,0.57320177213228607,0.81797352173550175,-0.048570013012452812,0.31165115438421881,-0.16280527624445612,0.93614528786826268,2.1753025339070629,16.219447146691707,-0.13323096920188401,0.2929163248984237,0.2397191216809852,0.9090909090909091,True,5
-0.46954048941993659,-0.76660991863747896,-0.43799653131266264,0.87926296876435595,-0.45105520570063662,-0.15312032252463381,-0.080177057535044283,-0.45701032160881694,0.88584039498547795,-9.2430811373606563,15.694795460717071,-5.0574827692673239,,0.1368411079682287,0.375,False,5
-0.057278257189773064,-0.92759289842371806,-0.36917558972281517,0.99748568171830532,-0.037714809340083505,-0.059999232690173578,0.041731475174868346,-0.37168401626963637,0.9274208731904855,-20.23717856358444,5.2253443118287253,-10.628225885412514,0.2368386820454889,0.2288974905439988,0.7209302325581395,True,5
0.5600634898479987,-0.7078666259552151,-0.43041111416651434,0.78830293625095926,0.61512551878619859,0.014109459101117924,0.25476924468506151,-0.34719653799654981,0.90252268446051431,-19.37524891564075,24.852953072557952,-9.3654031241178046,,0.1166516454803899,0.2857142857142857,False,1
-0.81817371781669435,-0.3199757345989464,-0.47771047376195686,0.51174204045520821,-0.78403002208524986,-0.35130756965904292,-0.26212945562211931,-0.53189515295485434,0.8052177933692124,3.7566346545760889,9.7953434440227891,0.21220081304004335,,0.5374104511887452,0.3157894736842105,False,1
0.48021074469920227,0.83367459303658753,-0.27273487785891432,-0.87077567077068918,0.49051560176192327,-0.033825665137497574,0.10558111511673475,0.25373434405578171,0.96149441536458646,19.587621560137777,19.342833777629377,7.0964895465305711,,0.5017043143112654,0.8,False,5
0.92223104585703064,0.152750200600765,-0.35518625293481304,-0.15244938930145299,0.98788524201325978,0.029016069927142216,0.35531546794230756,0.027388406832614523,0.93434511472587567,-19.931722889960067,13.116974445721681,-10.234561917421997,0.44116968971598,0.3940528996877183,0.7226890756302521,True,5
0.72118408209655782,-0.55637058755525803,-0.41272907461670399,0.62364127713889017,0.78082766576165119,0.037144499320680008,0.3016041730134349,-0.28418290885383457,0.9100961471933906,3.8875511580082263,13.378340608782619,0.37110918450220065,,0.155989010437977,0.2631578947368421,False,5
0.68477758813365264,-0.62184736020520126,-0.3799809408321424,0.66676007961799255,0.74506179785811888,-0.017717607068548642,0.29412693011294561,-0.2412235021266585,0.92482461634846413,-17.112911933271899,19.83293663551909,-8.5091797893432322,0.2738394939164348,0.2415925481740559,0.4473684210526316,True,5
0.023796427630085666,-0.90528928361882599,-0.42412856894691475,0.99691895452115653,0.053206514790455135,-0.057633886735985802,0.074741743012117778,-0.42145032892235923,0.90376617114314739,1.6450561620084736,19.183942011244788,-0.16748029310857018,,0.08947497481099646,0.3,False,5
0.66760491266703392,-0.58584034956950826,-0.4594505037532543,0.6855778562377115,0.72437680712606578,0.072534435507221898,0.29032168988786689,-0.36341343689264394,0.88523668601483663,-21.645943155643188,9.3155813271445513,-11.204557961146842,,0.1666859180577237,0.4210526315789473,False,2
-0.4363097353585848,-0.7053407836699499,-0.55868434175586457,0.89415819330028878,-0.40927532172748138,-0.18158974744965967,-0.10057305894366622,-0.57878155630317785,0.80925704809904886,-1.9030660147609413,-3.4487454714711707,-2.6851580501262613,0.7188263720680839,0.4585804208869736,0.4252873563218391,True,2
0.45397984660662721,0.85161163978902688,-0.26203036818443148,-0.88642863545414186,0.46146310060075468,-0.036001125410837984,0.090258368708570874,0.24861500710894993,0.96438789142040005,4.6532926717423582,20.595174802534043,1.0944747621553241,,0.2251878525093577,0.2941176470588235,True,5
-0.73867829454991241,-0.5576695507146131,-0.37862785075400029,0.63535212966598253,-0.76364442763202234,-0.11478179069635155,-0.22512673872672823,-0.32534882872437398,0.91840410014216767,7.3918032622926075,5.7125474582028337,1.6540244401846174,,0.07269684067790272,0.1568627450980392,False,2
0.4603370841994609,0.84778168760154538,-0.26335523362601659,-0.87958514659763998,0.47570200786780698,-0.0061294041590695611,0.1200822168164235,0.23446494381466174,0.96467945522149512,-14.447447509897959,9.2944042692844224,-7.8149158699242252,,0.1122289028201697,0.3673469387755102,False,5
-0.63335324013443794,-0.68103634081380771,-0.36749581725803121,0.7515430619826261,-0.65453529295101787,-0.082259201718131891,-0.18451747667087773,-0.32828806370695951,0.92638018546952283,-18.064429067367609,4.8149082685574669,-9.6914512433382249,0.1698142944931094,0.1812994177442062,0.4456521739130435,True,5
-0.11613827756511344,-0.89751244302405875,-0.42542133832377788,0.99188622429381579,-0.082505365499583927,-0.096719091806832302,0.051707045364892804,-0.43320235373410149,0.89981225940685383,11.62087770742715,4.8311935515903714,3.2250891584127515,,0.1560198468255138,0.1777777777777778,False,5
0.93756171952470746,0.10841875843760132,-0.33048962903655804,-0.08592494284130886,0.99292353494825747,0.081974129721352901,0.33703846409510957,-0.04845850353348146,0.94024297240431631,-5.8532323370322983,24.981503748287476,-3.088618134491365,,0.1991205942686119,0.2142857142857143,False,4
-0.91782562049828043,-0.11572257509335598,-0.37974256539227924,0.23100527892275102,-0.93362710455083786,-0.27381926659357186,-0.32285088116151839,-0.33904087550291351,0.88363940228548521,-8.6157463378780523,-9.2568697724094235,-6.0037866899520003,,0.484814506675326,0.6041666666666666,False,2
-0.83361945450172548,0.45055048805565912,-0.31950408884559212,-0.44284899039836906,-0.89090363394388572,-0.10087361760501726,-0.33009601145634865,0.057401853091911093,0.94220043010084853,-13.40453290422197,10.959872673133399,-7.2401645571363815,0.3325528818750011,0.205476587706504,0.7435897435897436,True,5
0.91695460169562359,0.21930557531845984,-0.33331565079284953,-0.24084514430053583,0.97026226445575403,-0.024181700520181391,0.31810041637205622,0.10245097758163657,0.94250513117780566,8.6820834412619643,7.4713172452860759,2.1939158449832954,0.213589854391406,0.1224102632599144,0.3488372093023256,True,5
-0.93888038299842869,0.16195808840081707,-0.30376504740058202,-0.037829407500224024,-0.92561015346924491,-0.37658303164484719,-0.34215868007242878,-0.34207516921898179,0.87516399392051036,-27.603324778603437,11.255417258162371,-13.83559613151394,,0.3933937812933773,0.1578947368421053,False,1
-0.91697638183599406,-0.16339455587988366,-0.36394578478639739,0.26752975924140621,-0.92860088884089942,-0.25715407281264163,-0.29594280372262211,-0.33317053944295505,0.89521798941491659,-11.055702135681743,15.164935099760809,-5.9317634615423547,,0.4861962467340739,0.2631578947368421,False,4
-0.44198366355308405,-0.78923590973459312,-0.42632982529680374,0.89020944022568627,-0.4443887608212127,-0.10022864754578759,-0.11035213493750315,-0.42382225996424017,0.89899782996041711,10.168500159001427,11.309760944775293,2.9056682490484564,,0.2148167074305039,0.125,True,5
-0.73640210055442579,0.61110805629517884,-0.29027381871287927,-0.60847917547843011,-0.78581204656598158,-0.11069110389219851,-0.29574488889601952,0.095112412454484901,0.95052016795487759,9.01786906924786,16.206067830164599,2.7236556744290539,0.9589427252443434,0.5437631699407848,0.6265060240963856,True,4
-0.92813504761777865,-0.10537860386909495,-0.35701636269244552,0.22221496652767719,-0.9263011287786288,-0.30428067220009469,-0.29863998733365688,-0.36174793526713939,0.88314924519885896,-2.9644872393269099,8.4153520637240842,-2.6458403718483567,0.5314637569623123,0.3298121643163973,0.1470588235294118,True,3
0.67024486972227004,-0.6149044031384413,-0.41552904785578443,0.68409125361996137,0.72897867735082422,0.024682882500084227,0.28773420257530657,-0.30080336262881147,0.90924494263072608,-30.389391217389321,-4.7405726412960831,-15.713759273950455,,0.1597292984097943,0.3,False,1
-0.22153372261983642,-0.83790553414381663,-0.4988357701622475,0.97399395886684859,-0.2150583572361143,-0.071313891169865737,-0.047524497189144477,-0.50166145839008702,0.86375760681620051,-16.313617408520344,4.4343247616149455,-8.8774531671022245,,0.3360097823603186,0.2571428571428571,False,5
-0.13599955126128987,-0.90242154378507389,-0.40882695528706475,0.99057414458036941,-0.11705705879861621,-0.071137255178191097,0.01633971069503877,-0.41464804629707491,0.90983515625437406,-19.963794297793136,7.5339774481550048,-10.541718355613202,,0.06854542582118774,0.2222222222222222,False,1
0.69272861492983573,-0.62273939078030283,-0.36376189633875883,0.65878095695565775,0.75164434341639863,-0.032224707333359304,0.29348716634629984,-0.21731643329649469,0.93093439672691813,7.2156030739614696,16.529574993433418,1.9830211757451379,,0.08678309802303796,0.6,False,4
0.83539646656635214,-0.41752663034223175,-0.35746923868147767,0.46062429377988173,0.88665477826371419,0.040848061911302663,0.29989665491338707,-0.19878334220247326,0.93303117806136338,13.044162334101557,9.7610858306312043,4.0195410167057082,0.576675141551105,0.3234200953066925,0.6097560975609756,True,4
0.82538676853288373,-0.37901000707453936,-0.41843529591587014,0.45514837003828501,0.88522698849631942,0.095985103475642639,0.3340309021368183,-0.26967497728765083,0.90316043040124849,-32.455736635120743,12.075582174064204,-16.22976187376873,,0.436174787560496,0.9047619047619048,False,3
-0.79619643464751688,-0.43793406604189733,-0.41747453964834214,0.55022940660005781,-0.81105780892849966,-0.19857701450231219,-0.25163234602715978,-0.38781307917102853,0.88672553705008128,-14.479342855596036,19.127573239380499,-7.3561813876825459,,0.614524416589969,0.4666666666666667,False,1
-0.61234793702249701,0.76404415777223411,-0.20314164762157777,-0.74280925468661452,-0.64399555159786193,-0.18304136328732401,-0.2706740016629014,0.038810494666816658,0.96188841885507115,-16.812116952897153,-1.0387657616233903,-9.4626058986956334,,0.5864036598998427,0.2933333333333333,False,1
-0.85553986093145395,-0.32466417386643159,-0.40329235123544815,0.42677107381727414,-0.88323836050942417,-0.19431018778611614,-0.29311771851977741,-0.33835362083514409,0.89420290223053311,-27.047119753265378,9.0672509906387759,-13.764259878859216,,0.1695431029934573,0.1428571428571428,False,2
-0.80321182425719184,-0.40832666129834105,-0.43372814417141958,0.53837621919404377,-0.80922387733641865,-0.23517602546803085,-0.25495452923955064,-0.42240508285479084,0.86981155085379069,-4.5573438993426265,-7.7002648041796169,-4.2409302246236926,,0.7025539308996634,0.1829268292682927,False,1
0.29007819056974427,-0.81334892226354916,-0.50429968670276515,0.94483337961464164,0.32716961739854844,0.015809054913657888,0.15213325777672249,-0.48106503936994988,0.86338398165256158,-23.159701441313999,7.491110948010852,-12.007222035256419,,0.2200624269971944,0.25,False,4
-0.93756990951923669,-0.022189005399579756,-0.34708833573525388,0.076511709443468828,-0.98667375345374131,-0.14359966073617622,-0.33927661735246223,-0.16119104281840271,0.92677334048460169,-3.470941804334335,6.1311862184256425,-3.1095437894969518,,0.1162671436833568,0.1365461847389558,False,2
-0.20758026578729286,-0.87656884574998239,-0.43420904172555003,0.97818178063086159,-0.18218410404431243,-0.099846663817118098,0.0084164896194489774,-0.44546157061425035,0.89526149912099484,-25.206658845692086,7.9808662532838088,-12.969476196480665,,0.1541253119208883,0.2,False,3
-0.21361107597184442,0.95870031453994553,-0.18778715377565205,-0.96931294302452786,-0.23193516139381964,-0.081476986900299794,-0.12166645678772632,0.1646201318497599,0.97882454274629216,-8.1100813452690979,27.21163429729102,-3.8931916933965618,,0.4188157251378722,0.4444444444444444,False,4
