axis_00,axis_01,axis_02,axis_10,axis_11,axis_12,axis_20,axis_21,axis_22,location_x,location_y,location_z,dbh,dbh_approximation,score,reconstructed,number_clusters
0.44447215786958721,0.89441132663210221,-0.049728057180580626,-0.87076048644367587,0.4444171597897098,0.21040333488996735,0.21028712782080813,-0.050217197021039939,0.97634909586490859,7.2559702172557126,-26.130776097023265,1.993612000521078,,0.197497597551773,0.2857142857142857,False,5
-0.83790490053347411,0.51334559525501589,-0.18544993258090936,-0.53068066267391545,-0.84566327020870591,0.056847758829107579,-0.12764564985131394,0.14604770882212409,0.98100797897970504,-2.7413429914743133,11.562088546551582,-3.4168423150683247,,0.07609339692754549,0.3103448275862069,False,5
0.94106646460122123,-0.2229961180472658,-0.25429636359729868,0.27433716164606192,0.94302120941186196,0.18828202341002351,0.19782070403004343,-0.24694884072463297,0.94862175766836532,5.5809669196341885,17.283477505043511,-2.447769738532001,,0.1158223534154447,0.2692307692307692,False,5
-0.9692247457282136,0.074511053595607932,-0.23463055035556082,-0.053875142507414805,-0.994191304545193,-0.093172522701350347,-0.24021003577678984,-0.077664360287073478,0.96760910798385613,5.3982202714557737,7.9941229066369131,-1.4044955307524953,,0.272860428186373,0.2727272727272727,False,4
-0.97379121899304533,-0.078789309878573188,-0.21336097689338393,0.071190867499589083,-0.99653208627679102,0.04307738856388213,-0.21601509714993733,0.026759029685059967,0.9760232743811077,11.982859140569142,7.6444748614765672,-0.067936015274512887,0.5813135237737143,0.2282811619800223,0.1818181818181818,True,4
0.025918409408333561,0.99753346963420253,-0.065231993785966169,-0.98796438183942059,0.035514693327276733,0.15054928354037866,0.15249464341541261,0.060544888449974188,0.9864480220529549,-4.6039691113347567,10.563806425865522,-3.6933171835694769,,0.1798822462161622,0.2244897959183673,False,2
0.85990174630126737,0.50294350525961484,-0.087274378973455566,-0.43718948453671586,0.81388706250454701,0.38269204864778683,0.26350396831651535,-0.29092212017117436,0.91974451815520886,-17.044457973671655,12.539176216425203,-6.6030959951139518,,0.5442471959595186,0.3703703703703703,False,1
0.32254560429509604,-0.90335999287856905,-0.28267482451810805,0.94520122579158428,0.29142715175757228,0.14718987050933705,-0.050586321392228392,-0.31466003636448781,0.94785551937154511,-8.328628393674709,18.140934751495241,-5.3737400686286909,,0.09573819621685113,0.2105263157894737,False,5
-0.26879170137917197,0.95273220399251202,-0.14160638666833453,-0.96228837221296948,-0.25923084442832317,0.082464889502704475,0.041858212735434511,0.15843205727550919,0.98648222145867692,-15.204105833529539,-20.126517705572404,-2.7588283335239514,0.547817912170627,0.2103254396037079,0.3661971830985916,True,4
-0.14507232136266185,0.98566700200864432,-0.086107971325193849,-0.9846516053915364,-0.13529036381704099,0.1102621125233994,0.097032147117945999,0.10078233282448112,0.99016548304621133,-3.1397092722770181,15.099939775317978,-3.9297878386975627,,0.08214046611310022,0.2368421052631579,False,5
-0.2684278930488404,0.95028997547940885,-0.15778285311371976,-0.96217129907184096,-0.25656647050765191,0.091651718225316009,0.046613919334966843,0.17641601036921675,0.98321133730731691,4.7025812414195807,15.062077968026511,-2.4080970781307447,0.2299390390119327,0.1245144585844446,0.2121212121212121,True,5
0.95142863608200845,0.21262135625971493,-0.22265603361554898,-0.17699995895372345,0.96950910262007739,0.16947894992355672,0.25190189553377568,-0.12183701735962948,0.96005269450556707,-14.57826252817366,-20.896255638028013,-2.562906142441733,,0.08448671364984583,0.375,False,4
0.42715830366063134,0.89949183824856815,-0.091925059358065844,-0.88205448093256256,0.43689966722298079,0.17634787621980796,0.19878550319517774,0.005754450856565646,0.98002612721027971,3.5771577253185747,13.160741969782373,-2.381952448956576,,0.3400358615573663,0.1929824561403509,False,5
0.92309107739353502,-0.26922196533598414,-0.27463138243302243,0.3526671812055639,0.87739674109212695,0.32527037679665283,0.15339074984158851,-0.39710765807466453,0.90486285466997163,8.0640050260245992,12.704637206627261,-1.5503030348948452,0.5264125368814434,0.2961905598579981,0.3035714285714285,True,8
-0.65136381298443924,-0.68752570774397403,-0.32098844889733957,0.7108257936482939,-0.70090367529096687,0.058827961445961051,-0.26542771938636162,-0.18984846366184344,0.94525429733304711,15.549459003581902,9.7719376877407775,0.27865793411321915,,0.1307467949127085,0.1666666666666667,False,4
-0.20420936960188424,-0.8853816732515627,-0.4176096574997562,0.96871935605775672,-0.24421519249274637,0.04406528060475487,-0.14100121476727029,-0.39554801532303713,0.90755739488373954,-5.6487838931676757,-24.142951071741642,-0.47707497756621231,,0.4852311739400471,0.1481481481481481,False,4
0.88912105761470916,0.44734544015178151,-0.096673688672309813,-0.38244735957018972,0.84224215883376319,0.37995021126567691,0.25139165074419584,-0.30084913670883534,0.9199413214317842,-5.654033454544602,-22.228736100713768,-0.71348059990731172,,0.1590402879011543,0.3333333333333333,False,2
-0.86239766640032645,-0.44260754884405384,-0.24570067703107981,0.43394501825728526,-0.89628585331197663,0.091451573428276894,-0.2606951977251532,-0.027752961266895221,0.96502216918781836,6.5551990890200944,14.217088497456199,-2.0012888450530393,,0.0862817720259387,0.2307692307692308,False,4
0.95388412313511439,-0.1431341347547444,-0.26385166116354863,0.22670598186883917,0.91964871181745622,0.32070335925490112,0.19674724246006331,-0.36573059254115353,0.90968766962285319,-15.471508740465215,22.75169190315745,-7.5187154372664526,,0.2349880339760745,0.2051282051282051,False,1
-0.86175316469392937,-0.3768796838259032,-0.33962212392493762,0.44070850356038904,-0.88772145486327869,-0.13314140402214145,-0.25131155570240071,-0.26440938427883359,0.93109085457635565,6.2980918169080899,16.147336666811768,-2.185731542404989,,0.3341898590906119,0.1333333333333333,False,3
-0.87447432090950139,-0.39973666222256993,-0.27478221002282188,0.40796645394231357,-0.91253076388787158,0.029171517203467709,-0.26240814493380554,-0.086592181133040499,0.96106386865755311,-5.2964543531920478,10.06690468932787,-3.7976382253234791,,0.0727814279662,0.2439024390243902,False,4
-0.40886277389835957,0.91023062571410041,-0.065661557491869887,-0.90771280912908348,-0.39818788884220774,0.13230215917503188,0.094279840173436713,0.11369526459578175,0.98903220298702532,16.405032913148041,6.8446621715055551,0.71124002522660568,0.987095394237013,0.4216401838771096,0.16,True,3
-0.33286283372806358,0.9381116859137536,-0.095649352713852706,-0.94184960804507911,-0.32579602562947729,0.082318075228763998,0.046061369365825736,0.11748793315099394,0.99200551198874554,-8.1596596815742348,15.83206112309219,-5.0379193985022068,,0.09398649347564812,0.3448275862068966,False,3
-0.80077731948965525,0.59211677671534146,-0.090296219872132766,-0.59597671982486089,-0.80271277379811878,0.02153954985901263,-0.059728000282626578,0.07106282793109199,0.99568199766224263,-15.037371494232339,19.328187890701798,-7.0116396522836393,,0.1974321753905817,0.2692307692307692,False,2
-0.93406120275032478,-0.2189384245179406,-0.28212698521449514,0.24769257407839695,-0.96629308568917693,-0.070185905249613531,-0.25725096358038335,-0.13543869025833039,0.95680630376167219,-6.2073799891820185,10.890854329749576,-4.0643549975223756,,0.118293593950345,0.4219653179190752,False,5
0.029998880920892729,0.99847541511565507,-0.046334787720616138,-0.98969273828195992,0.036165208492336079,0.13856536900200447,0.14002982159329452,0.041700396932479289,0.98926878347607006,-22.904510432158727,-24.146929036432361,-3.8016285990871777,,0.6648281624970442,0.6444444444444445,False,1
-0.96202138398134851,0.15834207585542262,-0.22235701872531174,-0.16967089723383905,-0.98495878520134572,0.032679934004760242,-0.21383789045554369,0.069166310213043619,0.97441745578424355,-10.857770864855611,-20.834156048528193,-1.7643290984612514,,0.1176288780720094,0.2631578947368421,False,5
0.32455574314392044,-0.9018942182183155,-0.28504453816319919,0.94295533741537985,0.28488916570793593,0.1722596728839445,-0.074153902339290145,-0.32469213480866782,0.94290838174302238,-0.50909151488713089,16.221934395875238,-3.5297192201961529,0.1824183392270897,0.1299475351468411,0.21875,True,5
-0.91525662975959632,0.38293619460795658,-0.12516058700838106,-0.36576814343905423,-0.92007331260858827,-0.14028102035060389,-0.16887559600561816,-0.082613378363533385,0.98216906018725258,-2.0961796894775349,16.975116805282152,-3.9611068125765527,,0.2605087336783841,0.3846153846153846,False,1
0.28693960800942225,0.95781366381155109,-0.016082498913193716,-0.93412329251156256,0.28348461079881226,0.21691046500250832,0.21231894814819868,-0.047217166964355017,0.97605901635152348,10.366819701806104,10.364954227524803,-0.72955222831163924,0.5584785073876513,0.3965591699822079,0.2962962962962963,True,6
0.84922345171911418,-0.43750630300498283,-0.29564804055022198,0.51408472528058424,0.81288703083236569,0.27373631534330045,0.12056709453022327,-0.38445144028271344,0.91523803777000401,-12.595104057445598,11.878327699639819,-5.5384090603275506,,0.3656468964041913,0.1682242990654206,False,4
0.72791946559564646,0.68370310812662893,-0.051800690583586939,-0.63293708372358837,0.69907653056250718,0.33269002459371655,0.26367385091136442,-0.20938496687841712,0.94161246592794046,19.882758176378342,4.0363365962367022,1.5807461969183982,,0.3832560908678104,0.2727272727272727,False,5
0.91098301672636484,0.36429738328328742,-0.19338396978313069,-0.3199868784180192,0.92009590198386793,0.22590247628741308,0.26022747909555,-0.14391298650727502,0.9547621229595008,-13.398545734332881,-29.255389186269067,-1.5074648236661521,,0.1835070832201357,0.1904761904761905,False,5
0.94800258053268582,0.2576229055664167,-0.18687307411953924,-0.19480576924995155,0.93402776454350223,0.29940415382690266,0.2516780077207863,-0.24743195749414876,0.93564715937168896,-1.6696497766307354,9.5552109971206587,-2.9774589692115541,,0.0755228576765707,0.4,False,2
-0.43147704480857912,0.89758082048773469,-0.09042251100151899,-0.9021003971449183,-0.42856916970857561,0.05043154019343514,0.0065140827623981074,0.10333023501311955,0.99462577347357006,-13.87870784995633,17.785446328319168,-6.545372426147372,,0.2488706437371987,0.3103448275862069,False,4
-0.78350966075903739,-0.47713811094684788,-0.39806008915656527,0.56224004250041182,-0.81713202105405902,-0.1272061113989616,-0.26457276145966813,-0.3234725386337815,0.90849698438873383,-0.92211359064067255,4.7244638658061113,-2.2349313604150183,0.5959522355588257,0.5353122185127962,0.2011173184357542,True,2
-0.96488129097326636,-0.070913233729821473,-0.25293360316838442,0.10870795884969259,-0.98434711533086949,-0.13872035258940463,-0.23913735386278645,-0.16134456861566465,0.95748694830046044,5.7398333577867238,11.249039990042474,-1.7577817766703487,,0.2496100885213263,0.1351351351351351,False,4
-0.86404007328505261,-0.42309762827567493,-0.27280606427471793,0.4359547543709375,-0.89984669593105426,0.014811345764039266,-0.25175028083189549,-0.10613350446237603,0.96195502770742791,8.3048714362835749,6.9950166826001254,-0.67770997587658077,0.6943824142749372,0.2629389894222363,0.1358024691358025,True,3
0.88363602714920197,-0.39582374507258788,-0.25002186776497426,0.44884270587517455,0.86810768574952946,0.21196525971311495,0.13314502208729778,-0.29952063164214165,0.94475382736142732,7.7287978434166158,15.26621763085833,-1.8808782200162433,0.8275503842823744,0.4069690259434699,0.3714285714285714,True,3
0.56767262564404353,-0.72904851752168442,-0.38240822322987877,0.82286168833441464,0.51681910557665234,0.2362131537031463,0.025425026368422241,-0.44876081737422663,0.89329015265129941,-15.931160435880797,-20.102164684761444,-2.9300137050001176,,0.3691536645970028,0.3076923076923077,False,3
-0.53163416463851376,-0.75068220942865582,-0.39222612793695988,0.81347572007363844,-0.58150696155596704,0.010339560562286715,-0.23584394806690243,-0.31356956821295318,0.91981071859973307,4.8823606044947967,12.017802591957333,-2.0045170359077202,,0.2257441380752986,0.5714285714285714,False,1
0.88289775867962372,0.42813686311695437,-0.1928480597747104,-0.38629466745303864,0.8957379170661417,0.22006820267216026,0.26696062933669079,-0.11980154577626805,0.9562319865042026,-2.3658571194842137,-24.351494192590952,0.20161192571693962,,0.1393118648763014,0.2631578947368421,False,5
-0.94110198686210866,0.25819167449395081,-0.21832111566727094,-0.27540334407723205,-0.95992499649551211,0.051932640739411146,-0.19616332071840004,0.10900027672029446,0.97449417200906319,-19.982359671620003,-18.606280579632788,-3.833313907804663,,0.1233665581925649,0.4545454545454545,False,3
0.95458946380062071,-0.1387649689257241,-0.26363466957114068,0.20260978057266549,0.9511385659094358,0.23299078362895798,0.21842214268965052,-0.27582550976800968,0.93606199353679431,-17.270185384406272,-19.535951515814276,-3.1780388522894247,,0.226594401157138,0.3,False,4
-0.95856357492816868,-0.14731752648087518,-0.24383071835288828,0.13972278334449317,-0.98901417502886046,0.048254589485870913,-0.2482607835228848,0.012186385171114845,0.96861657810563218,9.9793406134298532,5.8513728765855433,-0.22507332766458579,0.1895248417880915,0.1780235308240098,0.3064516129032258,True,5
0.49015893031637692,0.85886915897119109,-0.14862029067131288,-0.84083874319673035,0.51083959852124616,0.17897796658247028,0.22963978525170439,0.037238049771335602,0.97256305537418986,-23.188895807015619,-22.598889934320852,-4.0641076760398924,,0.1553175548450372,0.4782608695652174,False,1
-0.27091277788303247,0.95560988833069649,-0.11582749286888831,-0.96034169550728343,-0.26006783079738932,0.10054129129136793,0.065955247326456218,0.13847189140375765,0.98816771888236232,8.6374939639632515,14.854257288803643,-1.6886305551148466,,0.0860586378718194,0.3076923076923077,False,3
-0.80987314467175442,-0.49712320105205471,-0.31140650686079702,0.5243250058037825,-0.8515074722843915,-0.0042793612504067741,-0.26303759774668867,-0.16674395827017621,0.95026715956726937,0.32628889663889421,7.4224549618580653,-2.3235342845720246,,0.1564450798811036,0.3257328990228013,False,4
0.57962151473270707,0.80958647215057455,-0.092782777333670075,-0.79708672179437201,0.58694157524798063,0.14195895598559616,0.16938611985066446,-0.0083265452743727097,0.9855145920004077,-6.3657960040312034,-30.396695083010609,0.072519706754203161,,0.2285112687487062,0.1428571428571428,False,2
-0.62064398891152606,-0.72129181559965383,-0.30747220325900282,0.74139391230808493,-0.66748226770701247,0.069299993428688242,-0.25521776156941323,-0.18494739534705512,0.94903021824061995,2.7913342754003256,15.16610808342562,-2.7508885419541107,,0.165450994407256,0.55,False,5
-0.35751857152116123,0.92256990438820685,-0.14506978505051382,-0.93377467615991272,-0.35052399038309162,0.07209567482424703,0.015662859889485348,0.16123803423215072,0.98679125003064005,-14.04781658385296,-23.630196647667617,-2.1937188840852406,0.4908788301720796,0.5549314441628719,0.9479166666666666,True,5
0.91613230697055736,0.36801233690200086,-0.15896073733073435,-0.31525484651575852,0.90633509639231336,0.28137355027766831,0.2476206329713419,-0.20766225688714413,0.94634053553221908,-2.7972205375387373,-22.585564475898835,-0.054905733198627724,,0.1483783503902151,0.2222222222222222,False,5
-0.18179799627954427,0.9636929709590859,-0.19556417430806203,-0.97964076128103939,-0.16027196393639276,0.12090027465923135,0.085167290584171954,0.21356206428114252,0.97321003761496883,-1.7567166925527846,17.876672693803876,-3.9692109667429323,0.3965083639178895,0.3579566036073588,0.8,True,5
0.96805462938219933,0.051758016961589173,-0.24533923903830712,0.026889574901557915,0.95139067866787219,0.30681057234961462,0.24929337194018064,-0.30360646275085851,0.91960639976166181,-26.057156270221558,-20.500999666029536,-4.9050130819758149,,0.2881281084067061,0.3478260869565217,False,2
-0.51277152165091744,0.85327033251694007,-0.094842533866572445,-0.85779711892597577,-0.51374926533270115,0.015677854840634067,-0.03534783368322332,0.08939480978523931,0.99536882542973126,-4.2526527487507435,14.507545847316331,-4.0917225393061205,0.3990467068473912,0.5571667778847849,0.7367256637168141,True,5
-0.90914148698750863,-0.30036064124115353,-0.28852251529359629,0.3088746977310653,-0.95095607471443611,0.0167022473114668,-0.27938893632297479,-0.073932598743136332,0.95732742209935784,7.2373231778237024,9.3169161063307211,-1.2630644056087399,,0.1405101467912946,0.2592592592592592,True,3
0.17773360446682684,0.97146526293665991,-0.15705415865438538,-0.96759791356888303,0.2016029555427149,0.15202146550269419,0.17934615552158956,0.12494595321117642,0.97581938148193026,0.034693464800889529,10.942801407578846,-2.8036309709147571,0.2464404875700814,0.172552449771508,0.627906976744186,True,4
-0.58125353767452403,-0.73466803543450077,-0.34986740724403409,0.77667930845191768,-0.62914433674112646,0.030767765099527666,-0.2427211914182654,-0.25385090359772244,0.93629383314166847,-10.600318826274689,13.432273955760554,-5.2910628193110139,,0.0927348738015681,0.1666666666666667,False,1
-0.94810475955090423,-0.20690400533215419,-0.2414292805242042,0.19221930996070782,-0.97782411117062173,0.083136902104984922,-0.25327672967557108,0.032415122873381108,0.96685063893755185,1.1957316241040021,10.010228955691744,-2.4283118401640187,,0.1132155177196916,0.5060240963855421,False,4
-0.85374836647068331,-0.43740848055880077,-0.28246689697003607,0.44557385127430915,-0.89442513295200732,0.038309588934933372,-0.26940243096382693,-0.093153114167079706,0.95851177745072891,1.5415011915136927,14.575218711712056,-2.9377560745486178,,0.08729675241941838,0.25,False,5
-0.56760617257673018,-0.76377668571847068,-0.30735713299955247,0.78846995280484156,-0.61172985308103633,0.06404467482457385,-0.23693536328865483,-0.2059897113992909,0.94943660790013296,8.4445753165981348,13.949077995289805,-1.5684155999188154,0.4374475512203603,0.2845849902404154,0.48,True,5
0.79340885397457606,0.58574470745046836,-0.1655461510531589,-0.54793213458992884,0.80573814351321538,0.22484754828906073,0.26509010980886144,-0.087687979687312692,0.96022812492651122,-20.279746755333267,-20.977888163540602,-3.6319762631962549,,0.1111846852905224,0.2941176470588235,False,2
-0.97466952689491215,0.075467213315391579,-0.21053268880831155,-0.075598871731767978,-0.99711059379376299,-0.0074346712861511066,-0.2104854482745348,0.0086696861914716348,0.97755854689425614,4.1803986649615315,6.4742633424777676,-1.4672652043944041,,0.2187659311611195,0.2413793103448276,False,5
-0.1267012046498554,0.99000866415654154,0.061884163040757473,-0.98701003187329561,-0.13203860994306896,0.091525966073991147,0.098782598273940758,-0.049483839576993816,0.99387793410406633,-8.7918135793465346,-24.661367475953419,-1.0459876466984173,,0.4791799327901569,0.2631578947368421,False,4
-0.84817039101564773,-0.46237427616265964,-0.25848987706952786,0.4596439793540904,-0.88495176114794682,0.074751539681022605,-0.26331426100365213,-0.055411273078712811,0.96311743352921209,-5.6775288925535374,13.882674063094067,-4.3402787806609702,,0.0671457553292397,0.3611111111111111,False,5
-0.87157404699673668,0.46668522906089716,-0.15021177576378195,-0.4681548425049058,-0.88321415550408877,-0.027636912931914961,-0.14556690572014502,0.046234754174509993,0.98826748578787382,0.47228762378559158,16.141591329045408,-3.3677171601701854,,0.07636317293633563,0.5882352941176471,False,4
0.77456659019025298,0.62023227006606041,-0.12392953049916804,-0.58001534704328106,0.77467670109889197,0.2519091224406097,0.25224748671751873,-0.12323936036525623,0.95978292623981176,-3.0283146374853582,-32.554400392169498,0.74076480236481412,,0.3669566694359328,0.5263157894736842,False,3
-0.66593238457460491,0.74122680717443901,-0.084361599681187935,-0.74545884982839272,-0.66552440595134399,0.03699146246962226,-0.0287256398938565,0.087521913879319152,0.99574833778600436,17.590630698252795,3.0320791328364241,1.2823088733469739,0.6390279970196128,0.3948127515232001,0.3333333333333333,True,4
0.92989748263265792,-0.25125914583676673,-0.26862522857472748,0.31920184581448369,0.91413304160508391,0.24994192100258983,0.18275900366896508,-0.31816603193806947,0.93025239730876863,-15.023535013420032,21.566098643292452,-7.2303115205201411,,0.1683882180191915,0.1176470588235294,False,2
0.97573740662737785,0.0097075109545832622,-0.21872877620273803,0.049823183217066629,0.96296139414505344,0.26499623355877189,0.21319982111202493,-0.26946450159025254,0.93911379430850594,-2.6606818376012571,-25.437406151201941,0.30884458024322964,,0.1568454467461361,0.5,False,3
0.38504938154559909,0.90651309175862038,-0.17312131076669207,-0.8960668949737518,0.41212064553322669,0.16498694874860395,0.22090969535864557,0.091600152813750363,0.97098317106994536,-0.4900801118710652,21.910929270619789,-4.1241691377985177,,0.2017475144855413,0.7,False,5
0.97065995851365783,0.055665758615248861,-0.23392427889394951,0.0056323056896990581,0.96730444121412951,0.25355550701974416,0.24039035353125798,-0.24743371097166733,0.93861016221001337,16.796323520258117,14.010368247322035,0.050861194520873815,0.2894082698810513,0.1975615888024909,0.2142857142857143,True,5
-0.87239633893411628,-0.41418872379166982,-0.25956180169312032,0.41636371537561334,-0.90786150176704883,0.049282351079204395,-0.25605836118542574,-0.065078373466972067,0.96446820630538543,-10.945715091101361,15.745501912068196,-5.646050606826444,,0.09086327298157586,0.2424242424242424,False,3
0.83212018075955885,-0.46490826983184302,-0.3023843670143036,0.54017228179552546,0.802948838652216,0.25196640348838728,0.12565791161918238,-0.37300598272550473,0.91928049370063658,-2.5196607037471566,13.661667934827834,-3.69090520960235,,0.1226098188755877,0.3235294117647059,False,1
0.43969778861959274,0.87352174360446588,-0.20886746547333218,-0.87038183631101029,0.47179841215768981,0.14086063078573835,0.22158816237090229,0.11985834028425534,0.96774617775602212,-18.723435542345424,-20.94372729394253,-3.3290187867915688,,0.08745084504089987,0.2857142857142857,False,1
0.94945807231513735,0.22058983736233448,-0.2233147835860517,-0.1529467494326377,0.94638031635634878,0.28455507138557434,0.27411067245478815,-0.23601783929550374,0.93228692942713098,8.6997872254631723,10.784454163867432,-1.1465121866486745,,0.3635297509482499,0.3529411764705883,False,4
-0.51718024608165603,-0.75196482069776149,-0.40874625563532885,0.81774064163040538,-0.57511293464205349,0.023352846363947882,-0.25263577753123334,-0.32217079451804587,0.9123492440238008,-14.548884029538474,12.875115964323669,-6.1068561766337455,0.9772814066813269,0.8046416440652405,0.7110091743119266,True,2
0.54039441814062084,0.81725596829365021,-0.2001663186724186,-0.80964834943643049,0.56981297571483969,0.14065106811490299,0.22900529054439692,0.086057277411080491,0.9696136972564221,-9.2349971539695925,16.227886454630816,-5.3675013502021862,,0.09635468369783523,0.3157894736842105,False,2
-0.055198646005294616,0.98200546292242796,-0.18060559312958827,-0.99137591825951832,-0.032370357385059181,0.12698798627374355,0.11885662865098907,0.18605760063290006,0.9753233674389481,-12.094043269085603,17.01931250392251,-6.0522992159078566,,0.07868407509375822,0.1935483870967742,False,2
0.82493508997639409,0.53581565422832411,-0.17995466653996911,-0.50093063662101611,0.84052896015524381,0.20634816314861637,0.26182168477821266,-0.080079034860678133,0.96178831015753175,3.5644943436356358,-27.953366285026661,1.5427649094461446,,0.2509270031617518,0.4545454545454545,False,3
0.7048105975275355,0.67926914821986728,-0.20453715038969061,-0.66133703864169058,0.73347618078950194,0.15699048867713253,0.25666192341973476,0.024619433200258611,0.96618763217885384,4.3533979405097742,24.333110758264347,-3.4926391704480748,,0.06726581710085562,0.3333333333333333,False,1
-0.59315230196817559,0.78183544704930363,-0.1921033066010871,-0.80405381662670361,-0.58738140628262392,0.092089866551534796,-0.040838788398858697,0.20908471319219873,0.97704440844387941,5.531761206410879,13.17487887129427,-2.0369950372686438,,0.08704569992933169,0.4,False,5
0.51979425842096627,0.84968652807976763,-0.088581786572337437,-0.82021490209199066,0.52536392185070313,0.22636312421389121,0.23887537189677557,-0.045006150884049384,0.97000670259734745,24.04817164394905,-0.84467767493086343,2.7278896570725815,,0.5165552424890187,0.3461538461538461,False,4
-0.88971527719981858,-0.38458139339534125,-0.24597535927679473,0.39474733686685554,-0.91874924655330936,0.0086233400867611332,-0.2293060521525232,-0.089425800593701713,0.96923772142565734,-17.404878295118863,-23.354860520936487,-2.8582035285362513,,0.4780536188589952,0.125,False,2
0.41536435184488296,0.89353968913547099,-0.17046782440145991,-0.87972982703935432,0.44225506052623326,0.17460209865934112,0.23140416295691135,0.077442142136077793,0.96977050274154419,-12.541068400272724,-20.416205764178279,-2.2070656140186378,0.2425990679671575,0.3050742746975151,0.8153846153846154,True,5
-0.97308095317040277,0.06021602525005762,-0.22245783618489387,-0.011960473038116048,-0.97715655452734085,-0.21218391793196895,-0.23015300489388607,-0.20381142815686373,0.95157264362263727,-5.6322579757362794,7.6359831107293301,-3.5716054020111083,,0.5128737661071433,0.1198044009779951,False,1
-0.77138621714243838,-0.58442433780970238,-0.25181639616667323,0.57912014354778596,-0.80872223407719546,0.10289901576974773,-0.26378620763768484,-0.066457064973424088,0.96228909126896345,-5.2583064781010647,-28.528925618537439,0.058520124915691023,0.33056600407189,0.2719318870650161,0.75,True,5
0.97791665771604452,-0.0018407836609964853,-0.2089871337594629,0.051558069460209591,0.97118044684968974,0.23270218118955141,0.20253586357733885,-0.23833831243077974,0.94982844387427734,-17.30382071158256,16.589434997914918,-7.1157733176019553,,0.1898526210576696,0.7115384615384616,False,3
0.7818947932109096,0.61728794828638345,-0.087155729875064092,-0.55709195460127081,0.75460252256181393,0.34673273145447503,0.27980187002270607,-0.22255476144925096,0.9339059329975703,0.4853944402761623,-35.582124703691406,1.5996880505430016,,0.3030830732833025,0.2307692307692308,False,3
-0.41424320226788153,-0.80187504167842272,-0.43057982640629794,0.88598174276340547,-0.46359002367034752,0.010983689873818106,-0.20842005869102059,-0.37693594613216885,0.90248566284937592,14.434562287753979,4.3388767037819775,0.61194047895373427,,0.4209133397685296,0.2272727272727273,False,2
-0.93489880107969459,0.31645927962898052,-0.16067904678724182,-0.3058066574146448,-0.94803219567945096,-0.087847847077097627,-0.18012917592836528,-0.032992124695233147,0.98308951763685393,-0.83610795625618262,8.8203799989034,-2.7147478021203924,0.2086903243991057,0.1949208304757852,0.2861356932153392,True,4
-0.96639033613449821,-0.098347268885418976,-0.23752375234622647,0.099887712806241161,-0.99498311732912714,0.0055714504710307061,-0.23688006048671614,-0.018341508465564559,0.97136575295355054,14.570065222242766,6.8674227606274885,0.39620772048107444,0.1610841805803376,0.2634563041728878,0.2857142857142857,True,5
-0.91020116014617947,-0.3309891549290902,-0.2489578827590665,0.33178749252235412,-0.94250452386187866,0.04002851865387029,-0.2478929363138031,-0.046167107546619138,0.96768677282811955,-14.654445543523586,16.146127828850272,-6.490427466085066,,0.4971407093007668,0.9340277777777778,True,5
-0.91228274341131166,-0.29071704601404402,-0.28848534664831665,0.32962491436311409,-0.93923047496695633,-0.09588290110575301,-0.24307943538078419,-0.18256427375095652,0.95267133579464092,-7.3139135608184684,10.106248229115506,-4.2908085817553143,,0.1210478136856847,0.3760683760683761,True,5
0.2570523054731228,0.96639291022506235,-0.0029757885828854413,-0.94777858833001327,0.25270019522290416,0.19457224580467841,0.1887852212280462,-0.047194855662919921,0.98088367600079729,-3.2115865903333787,-21.486515032587061,-0.26504752345328625,,0.233230181513169,0.3333333333333333,False,4
-0.65588472259574793,0.74737694069465277,-0.10603272694503663,-0.75284532297700524,-0.65790628205237933,0.019576611240553446,-0.055128489342150852,0.092666242795943918,0.99416991360075657,-9.6580956939847855,27.241507337851765,-6.7869278769075683,,0.3259457358104983,0.2142857142857143,False,1
-0.17702128365955982,0.97039159084111504,-0.16432779909793738,-0.98076434286942427,-0.15997299574505053,0.11184786268972934,0.082248215101777128,0.18096629812538134,0.98004409597495556,10.013697106336593,7.5516486423222355,-0.41319772972842522,0.5444210867278878,0.3583926632180345,0.918918918918919,True,5
0.70802348778248836,0.69952666914607309,-0.096773859599168718,-0.65175784201326858,0.70004346508170612,0.29180620687470576,0.27187213193434567,-0.14353252645235834,0.95156920805986334,-13.451965154943363,20.627434296517652,-6.8117974816431994,,0.2715692745693922,0.2272727272727273,False,3
-0.96094752128250682,-0.13359905983265818,-0.24234511043723334,0.12605917025055483,-0.99093563901927617,0.04642892328278983,-0.24635126737394036,0.01406593520841587,0.96907853269483024,-7.7319813704651095,13.377159878050854,-4.6589947463151731,0.257996911088404,0.2198583523358155,0.6229508196721312,True,3
-0.94553137463836279,-0.16749297756127712,-0.27913531134943231,0.20424256354647158,-0.97294032437595912,-0.10803749552432185,-0.2534864785554693,-0.15916415322194866,0.95415479746144261,-2.1885184416717922,8.4879391230783536,-2.9629263799149363,,0.1460885918938292,0.2380952380952381,False,5
-0.38747012937445441,-0.82916687394673383,-0.40292579216518865,0.89700366797290099,-0.43994985241525714,0.042761513104134563,-0.21272357294316285,-0.3448571044783546,0.91423315352545609,-17.102637635312941,20.235738017615621,-7.5433363240701299,,0.671791030581472,0.3870967741935484,False,1
0.86956709867310233,0.48483907500820017,-0.093723701647105806,-0.4178227650956936,0.82353990947668254,0.38367454237533943,0.26320561899973122,-0.29447086247085674,0.91870001267151291,11.386120526101131,-25.822080303124423,2.654351835257557,,0.583712649096364,0.3142857142857143,False,1
-0.96879204436584843,-0.090372471891219663,-0.2308133252169598,0.064346879893073666,-0.9909375315457003,0.11790796250525182,-0.239377220765606,0.099376178727018066,0.96582758361943122,-9.6169436029475417,20.911181964109623,-5.9772908196015688,,0.07391494868900304,0.5714285714285714,False,1
-0.93785108112249349,-0.2379514120734304,-0.25261527097472325,0.23472354325332886,-0.97109730043839382,0.043300015287158905,-0.25561730747344741,-0.018685785333404391,0.9665974516552901,2.986498382575681,7.4289588890466991,-1.7675777384119835,,0.08254307042527931,0.2238805970149254,False,4
-0.062238368656562001,0.99779824133947081,0.022914079663592518,-0.990886773486643,-0.064522556024388028,0.11823807294315242,0.11945621623088697,-0.015346313692195662,0.99272085858002423,2.6952468430322485,18.922166437766521,-3.2245722419160652,,0.5878029244022639,0.3777777777777778,False,2
0.74446576690222233,0.64350720434374631,-0.1779584217405375,-0.61500424602406001,0.76469432974687634,0.1923859647306787,0.25988555035450578,-0.033779579788277642,0.96504841365926508,-17.753232663398506,-22.110059768721854,-3.0338446873328109,,0.1086033677688139,0.3043478260869565,False,1
0.46606004474797952,-0.7563043955081743,-0.4591205680695718,0.88471880969267402,0.39381370856290726,0.24936597747870001,-0.0077886112683464431,-0.52241212111028246,0.85265755919452568,-7.4014526115045856,14.082978747696153,-4.7050811268400219,,0.5036852961593434,0.3373493975903614,False,1
0.41660250621246075,0.89832089946850902,-0.13950596186394934,-0.88048527641836283,0.43690660988964503,0.18400622882178919,0.22624771784037012,0.046175489307928169,0.97297471414173842,0.10020436649212533,-24.382757439229078,0.69234350990095206,0.6254094204268115,0.6781829924222214,0.2857142857142857,True,4
-0.46860726697864258,0.88274279218060014,-0.034240213025119537,-0.88340619529846487,-0.46829224529069891,0.017200788030975717,-0.00085055458259501726,0.038308430583804259,0.99926560068037373,7.8490140466422105,-27.980908709813043,2.2493450145079876,,0.3019047349567603,0.1428571428571428,False,3
0.96235373951457981,0.19866203119614356,-0.18549576114652036,-0.15124036122209006,0.9584548444953348,0.24184843228938938,0.22583541170444504,-0.20468929728846622,0.95241832111516933,9.4287547490923913,-26.913436119597456,2.4219051665502094,,0.3795725059013763,0.25,False,4
0.9081252283577077,0.38159058607184321,-0.17232873887314137,-0.32505159736644351,0.90195575337134559,0.28428379835975659,0.26391291872468747,-0.20214955746099134,0.94312540404155187,-12.311281180814296,-24.561513200403482,-1.7050376607616353,,0.1738980289302513,0.125,False,3
-0.54382000876887371,-0.73550808497455911,-0.40408867219915712,0.79491861973777478,-0.60582328666787477,0.032901874188622671,-0.26900592197349865,-0.30332491204645495,0.91412789678206252,-6.3501649666333142,18.29745672231574,-4.9760849582744049,,0.6249102034344564,0.4657534246575342,False,2
0.84074702006983004,-0.41657671711506011,-0.34584431034981644,0.52567377993400466,0.78101976774148663,0.33715752918618019,0.12965926628512423,-0.46526547384764477,0.87562349986265797,3.541019685645538,-25.993638963935666,1.3736666510853683,,0.2444744498427234,0.2222222222222222,False,1
-0.59482233060102507,0.77576986430612749,-0.21063597188708677,-0.80314495583786616,-0.5845582076276179,0.1151081309351282,-0.033831567072140439,0.2376401050530812,0.97076392884150975,-17.219668224173308,18.249744744167362,-7.3006191060156995,,0.1322963430807699,0.2,False,1
-0.75142863020971751,0.64167462087313076,-0.15365121095673154,-0.65201093282114608,-0.75783624076509948,0.023790243057175767,-0.10117686090626188,0.11805893913780711,0.98783871644454646,-1.1724323483222787,19.329563882250323,-4.0236342707726918,,0.1299709332677595,0.1052631578947368,False,4
-0.73841702303439061,0.67180953185365333,-0.058414493095482189,-0.66898405754125079,-0.7406942276018994,-0.061906315936811965,-0.084856530972408806,-0.0066343129108561716,0.99637109303889781,-8.6639255126777233,2.1971362558933203,-3.5573940500309797,,0.1128241479502634,0.2671232876712329,False,2
0.84626723553008099,0.49135337675383084,-0.20592140544606469,-0.44656664968009524,0.8650083275752698,0.22877679213357599,0.29053397987459129,-0.1016486713048556,0.95145023735358225,-14.527577827030425,-21.97441525046834,-2.4270777538990251,,0.5361494746099057,0.3571428571428572,False,4
0.94687063284612993,-0.15389663461947772,-0.28240366588691457,0.25894208338948793,0.88558309952049985,0.38560546066358531,0.19074853106506623,-0.43824468016903917,0.87838294507581149,27.034362417473879,-1.9826106504933567,3.1979027367717077,,0.4781899032706882,0.3571428571428572,False,1
0.96190036893543018,-0.091910291236906957,-0.25748821061677901,0.17914404998380445,0.92333546771009412,0.33964543780828571,0.20653108627343253,-0.37283255280799826,0.90462190884887772,-23.813880044981143,-19.328678113257084,-4.6074575186722173,,0.2637117538715593,0.3076923076923077,False,2
-0.1743838574525963,0.97182928257090384,-0.15855004193526592,-0.98104047335488875,-0.15764571510998054,0.1127271845966096,0.084556844191158526,0.17520180948033845,0.98089472730525307,-7.085665747909327,16.74617437003457,-4.9322893124882636,,0.1241276598017847,0.45,False,2
-0.95044304709098792,-0.1802980822559174,-0.25327971843642894,0.18345845506668773,-0.98296263246681947,0.011289749264015589,-0.25100001892617918,-0.035736042152688829,0.96732720720049981,-16.164189289480802,15.527239689220787,-6.7446738320639339,,0.09269594358216751,0.2258064516129032,False,1
-0.76349429542964542,0.64318554790271665,-0.058213502003178291,-0.63880360522379265,-0.76537743455372986,-0.078277305964359986,-0.094902132744616424,-0.022577281613057026,0.99523055196044397,-18.882924857599132,-25.423349840746326,-2.9937347874224152,,0.3113812059357606,0.2222222222222222,False,2
-0.62934805532721827,0.77707655424085609,-0.0085471694149440169,-0.77559811716789018,-0.6287634857880261,-0.055713908365107298,-0.048668119970609408,-0.028434271378913634,0.99841018940597648,-9.2221760461660516,14.852810179437924,-5.1582383658933697,,0.3499958869534927,0.5932203389830508,True,2
-0.0052059013576353612,-0.96983546489024219,-0.24370488224937775,0.99092829610978517,-0.037731404479252981,0.12898625153473312,-0.13429076870735748,-0.24082257401903065,0.96123383070033275,-3.9309031677112163,18.101522954343416,-4.4344279272046796,,0.1723274785840804,0.6111111111111112,False,1
0.97249650534236121,-0.000273125459013146,-0.2329173082863954,0.042892575512372765,0.9831068181280056,0.17793597476661366,0.22893399499159475,-0.18303253686903104,0.95607966006210798,1.8595584632098816,-25.989494238786886,0.99938428060076079,,0.8385529445106824,0.8676470588235294,False,2
0.83926956697760435,0.53788698487454423,-0.079398900797150021,-0.48428272874923173,0.80590329756555201,0.34057321328631662,0.24717773479911531,-0.24738121690124498,0.9368594883674054,16.889872891635086,4.7686264745395412,1.0297750761954221,,0.4154724233921691,0.2,False,5
-0.5398820597564632,0.82381735280128421,-0.17277827055681449,-0.84040115877124544,-0.53912085059265102,0.055449082879745024,-0.047468451513266507,0.17513902386316216,0.98339873318567561,0.20028225600783897,13.172437540681114,-3.0442427185890018,,0.1263681646156263,0.1914893617021277,False,4
-0.81156123634166621,0.56131043445335937,-0.16216952809133706,-0.55339059211332542,-0.8275065509236782,-0.094824895142893301,-0.18742254994543461,0.012786882035068226,0.98219615322998077,1.4948991482133647,17.160951844315107,-3.2550053036408131,,0.5415162055233562,0.4677419354838709,True,4
0.090493132305088375,-0.88310000343416017,-0.46037525665504647,0.98648060380833447,0.016065837938839998,0.16308864816800267,-0.13662727149276385,-0.46890966377961235,0.87261487260906412,14.044577550985061,14.771949176445268,-0.63152477541265917,,0.5269827384149555,0.4736842105263158,False,2
-0.66503746168833844,0.72584348700427337,-0.17571683733954235,-0.74492432035779832,-0.66144448864370275,0.087057138606459278,-0.053037076565415564,0.18879200411126973,0.98058383001814109,-0.66457530953155641,20.368632733624374,-4.0181112671832082,,0.1191253893069214,0.2,False,4
0.93438764959260678,0.27310621947214542,-0.22876344370208174,-0.22037259420166258,0.94762168217663867,0.23119054304522446,0.27992077453028119,-0.16560839457693194,0.94563112238970726,11.610918760937629,-33.292982156262333,3.4115792386550421,0.6216775457435634,0.685764255102979,0.5769230769230769,True,4
-0.94494392170835728,-0.19878513208097182,-0.25993356091505521,0.2076181201200267,-0.97818709208779653,-0.0066879795638572354,-0.2529341831865678,-0.060286682910664878,0.96560334239239898,-9.3735287764839672,12.050377465093508,-4.905441078572836,0.778616006010395,0.8322635725720674,0.52734375,True,1
-0.49988557633193709,0.85393559685496556,-0.14459739623949058,-0.86608231964910298,-0.49209746108802427,0.087985819209397714,0.0039782114719577599,0.16921609029484588,0.98557094550256008,-12.140350776425574,-37.58428099627443,-0.38790650428880591,,0.3324501960717605,0.7037037037037037,False,2
-0.80699682605062006,-0.52965238764535705,-0.26119814510405587,0.52797851423160136,-0.84522290933809718,0.082685682193684357,-0.26456532511653441,-0.071179925481956063,0.96173728582933049,19.175277413872074,5.5879392396778256,1.3170750599909509,,0.09088891068619893,0.2222222222222222,False,3
0.62915072018832841,0.76965239100859906,-0.10864883018816071,-0.73877316959019312,0.63556128566702785,0.22422322817882989,0.24162693388810896,-0.060803364841288565,0.96846237698932314,9.7182409482076455,-30.515524973941851,2.7497660618943733,,0.4846777008841331,0.1111111111111111,False,3
-0.64008358316336555,-0.68549458332004432,-0.34697288482477356,0.7264954863760672,-0.68696149153775621,0.016976967321120404,-0.24999462962221397,-0.24120755664593097,0.93772149371599245,-20.411488052588862,-29.659681306866144,-2.8337059001714144,,0.2524926601847578,0.1428571428571428,False,1
