axis_00,axis_01,axis_02,axis_10,axis_11,axis_12,axis_20,axis_21,axis_22,location_x,location_y,location_z,dbh,dbh_approximation,score,reconstructed,number_clusters
-0.61733558828408874,0.73755651337507178,-0.27369172624678723,-0.76282683444892119,-0.64626315989408301,-0.02095587765649369,-0.19233302390015297,0.19584258408661639,0.96158914832463704,-21.610319251780847,19.301500737139079,-13.685713429031615,,0.1644940642264872,0.25,False,1
0.36605428370465676,-0.8067886220262579,-0.463784843165925,0.92735885537020346,0.35776893917763553,0.10957618138160666,0.077522994962373346,-0.4702058118831372,0.87914542581041899,4.1924031134698723,-2.5760022311020285,1.294164887913694,0.7116577748599138,0.6879291977855111,1.0,True,5
0.12550173466505862,-0.90326119524103032,-0.41032734221327044,0.99183759524643711,0.10484315190485008,0.072567886523047548,-0.02252774404654407,-0.41608548000429146,0.90904640919909707,-6.54044647054201,-13.69320932389186,-2.1607608540233283,0.4457602790432802,0.3866099741303527,0.9466666666666667,True,5
-0.82404052380449244,-0.35159238985472996,-0.4442296776716505,0.43171313280589041,-0.89745790098936284,-0.090515672204830408,-0.36685281257057667,-0.26636836776916312,0.89132873091864995,6.7656913340555374,14.539869675785742,0.29352012329164973,,0.09322025079029089,0.4761904761904762,False,5
-0.44754935764373199,-0.71231244757747114,-0.54065751589973743,0.86048259279349815,-0.50761829230660549,-0.043512949970146,-0.24345282904920537,-0.48470057390302079,0.8401167024205749,1.937341181846828,-22.677955419302904,2.4860821057867639,,0.1897807779495875,0.3333333333333333,False,4
0.71275677844256735,-0.53258110302660455,-0.4564374475030919,0.66071078778585957,0.72823775564739746,0.18201930159472141,0.23545494194762953,-0.43130863653375456,0.87093847679605474,19.33007875807106,-10.936860926947361,8.900729976445616,,0.2183201389905277,0.4782608695652174,True,5
-0.39728629498147172,-0.77138968750875714,-0.49711321630493382,0.8888089446252927,-0.45827722685620026,0.00080205926403056904,-0.22843436644683565,-0.44152002598991114,0.86768531558157647,-18.108223671556196,7.6530990067275244,-10.774464983962599,,0.1195455931640196,0.4117647058823529,False,3
-0.50386198198436449,-0.76204653917366727,-0.40670403888359141,0.82221064570290081,-0.56743479025240673,0.044580409419696425,-0.26475036771194194,-0.31193401697257245,0.91247159509310127,-4.0822042808166463,14.848935685809449,-4.9855449404971388,,0.07786336893474767,0.25,False,3
-0.35882355570640484,-0.77705451456717367,-0.51713821872008958,0.90841586211660141,-0.41806227450148709,-0.0021345007837719338,-0.21453735647939098,-0.4705424699529448,0.85589923860546668,-15.109686875818136,7.0765568954582347,-9.4115140083936595,0.7883076036857826,0.7696344813348783,0.3701657458563536,True,1
0.90227665239602495,0.29470563926646653,-0.31471483715510712,-0.21874383095257993,0.94190408739713716,0.25488787057205187,0.37154808431912484,-0.16113744545917691,0.91432310739129818,1.8336077857220057,-16.423990891718145,1.8979181329258974,,0.7796574760484928,0.391304347826087,False,2
0.14722641878881951,-0.83047491715312349,-0.53724835373421975,0.98833323938949103,0.1020962544811774,0.11302107210068169,-0.039010120846928335,-0.54762009349586938,0.83581723102068273,-11.772872207350286,24.74207251509122,-9.8926143432526068,,0.2209673022363418,0.3076923076923077,False,2
-0.076314135670013078,-0.88498470716608157,-0.45932365580176976,0.99231937327788478,-0.11239110715205569,0.051676885069831625,-0.097357147217470907,-0.45185208543869637,0.88676450017486397,2.0100438928198066,-14.080205489427442,1.7086240402551929,0.8608321910774921,0.3961634075790523,0.5849056603773585,True,4
-0.12750684751100955,0.93851566138971554,-0.32082761284532685,-0.99155652703035568,-0.11291628785076248,0.063761788255234181,0.023614773793236191,0.32624877818044085,0.94498892966767933,-12.272179731736571,9.6754084369576674,-8.3107500140715267,,0.08410201382673879,0.4285714285714285,False,4
-0.68536168694813737,0.63463095138093706,-0.35710350546155317,-0.69287432010392536,-0.71920736123440776,0.051632819860655169,-0.22406368425991241,0.28281500507499002,0.93263665931610662,8.9282609216024209,-6.0105986297358003,3.9055297871585695,,0.07321604193650724,0.3142857142857143,False,5
0.83686129761485861,-0.32816966810479237,-0.43814134419199269,0.43929367994337964,0.88016310236497619,0.17981650646440916,0.32662552153219654,-0.34295419835781527,0.88073729710542537,0.086543310311493926,6.037057962535842,-1.9158786720649241,,0.205392807081611,0.1206896551724138,False,5
0.61450697286775158,-0.60229092912101323,-0.50953588391344806,0.76589290294429857,0.61033394602803803,0.20223880820801671,0.18918044697184622,-0.51452707511305007,0.83634481373363112,5.5800310692293387,-13.874679431861242,3.319764814522935,,0.1331846506811678,0.28,False,4
-0.71465056818849049,-0.57759781724719161,-0.39453178186192683,0.61366227990286959,-0.78841505550483693,0.04266504983843826,-0.33569803635451795,-0.21161867064270157,0.91789126078372507,1.0878468943850303,-10.818391028360542,0.91622877577821749,,0.06977060918302813,0.2,False,4
0.75388829250540823,-0.47917206190678752,-0.44949591489943086,0.59831938173824895,0.78335792442249574,0.16841698156907384,0.27141547461343851,-0.39590970856052016,0.87726229988976789,27.270329910897416,0.29470295027666604,11.155995164549681,,0.2431822178209875,0.3333333333333333,False,7
-0.85983212892269179,-0.24801297548910722,-0.44629393235995357,0.31315342877026114,-0.94655071421633963,-0.077308961097442411,-0.4032662149519845,-0.20623120376309795,0.89154082939185886,16.107632248586931,-4.9450013766731322,7.0393131542698484,,0.6456122738013583,0.16,False,2
0.72777930474762387,-0.55020800512604162,-0.4094000912020988,0.63949575346416776,0.76010164235591415,0.11528518807348087,0.24775484835288603,-0.34571179381540212,0.90504192761140922,3.1454655805109066,-18.730221150795369,2.6407932037964295,,0.1358458972329798,0.3333333333333333,False,3
0.57583990168250065,-0.67973273859798999,-0.45428164359609013,0.79908582705354125,0.58540483312331015,0.1369781820511132,0.17283011494657491,-0.4418875257731843,0.880264259148131,6.4626540172617934,-4.9684198476634993,2.5957835678379606,,0.08052284970927263,0.2075471698113208,False,5
0.7606933246744928,0.60393672484394334,-0.23792036100434449,-0.56627672412971652,0.79660146131131981,0.21155799097549305,0.31729534743608145,-0.026201988883304467,0.94796472417172561,8.1134215267870573,4.1410031053247156,2.3904448691220228,0.6694215993897878,0.1966446637513119,0.2105263157894737,True,5
-0.90018708329207087,-0.20554826380341851,-0.38394417083934851,0.21090135755074643,-0.97708831013932229,0.028619077069949678,-0.38102996267664668,-0.055211823339605365,0.92291268390143499,-18.951685721724413,10.717813783325189,-11.500132928905469,,0.69160562343485,0.7272727272727273,False,1
0.60185343884138265,0.72285432312221687,-0.33949089192248388,-0.74026619308742403,0.66446327083671974,0.10244278930613265,0.2996304415887252,0.18965808512291199,0.93501412247134319,-17.155545376168963,6.1150353252123084,-10.17687729317875,,0.1003375144497278,0.3974358974358974,False,5
0.50934469372343283,0.84688394475301931,-0.15282528290616054,-0.81656739045622118,0.53167818513767917,0.22480214476784222,0.27163519620862925,0.010290362883269843,0.96234527515462509,14.664060850316602,21.200690654340125,3.2607674001092253,,0.3596381193570762,0.4166666666666667,False,4
-0.47841833118349752,-0.76490373792586142,-0.43132142549917585,0.84127913842751245,-0.5400423889153978,0.024568870979581298,-0.25172467426586975,-0.35110751897615944,0.90186373609550718,-14.533708392066705,5.5387534967443894,-8.8802091719974339,,0.1048862052533105,0.3507462686567164,True,5
-0.33834819100432195,0.91063899469272502,-0.23718584061686185,-0.93856158415801716,-0.34477955967908913,0.015139615922732497,-0.067990105066085063,0.22773597996916939,0.97134631776755431,11.126512304459292,-8.6824031870950122,5.1994875132078819,,0.09072136649707958,0.1142857142857143,False,3
0.91578166489711299,0.20239644442592813,-0.34695766531670047,-0.12080587329406441,0.96256383361100295,0.24264543515539228,0.38307947375959972,-0.18029571683163581,0.90594898933451917,-9.6234303790110935,6.2947117944913824,-6.7106500497991002,,0.5042167716807385,0.6056338028169014,False,5
0.92448321537392386,0.13868996180813403,-0.3550998155245208,-0.061288156035211323,0.97343043120657857,0.2206285510326742,0.37626393186391643,-0.18220397936003502,0.90842014700449791,7.3999467473366094,18.863417603988101,0.12994051242011684,,0.1732023080428966,0.24,False,3
0.11107743838364005,0.96448421395836437,-0.23964975215351961,-0.98621088732959106,0.13674207439685079,0.093218511049176209,0.12267798659379731,0.22599072130235973,0.96637379180652994,8.045474577764363,-13.849824185008865,4.3775157919827805,,0.1252508481675572,0.5882352941176471,False,5
-0.12448299826500218,-0.84565769719326001,-0.51900582108561033,0.98589122172314414,-0.16441126799668832,0.031423460741435899,-0.11190389659079297,-0.50777159642255909,0.85419290783422219,-21.044911612529827,5.910638223900885,-11.829108107716088,,0.4230754619138962,0.6619718309859155,False,5
-0.69313806103349263,0.63560928793199223,-0.33994185008809497,-0.68254573452102629,-0.73037762105219783,0.026073951623898743,-0.23171307393818602,0.25009870803488565,0.94008493637830359,-9.7354810030583163,3.4690057392902585,-6.2931830275410343,,0.0794245571489834,0.3738317757009346,False,5
-0.80179502905457423,0.50247694925141972,-0.32348361141541793,-0.5251583391565029,-0.85077276774886368,-0.019859921231512701,-0.28519020003807699,0.15395652999442611,0.94602533616934281,-10.879584830562672,17.058582910533222,-8.7438623955647916,,0.1806765225963864,0.1578947368421053,False,1
0.81909091240904741,-0.35425453552396841,-0.4512136980075076,0.49055127878013194,0.84030087234075534,0.23076803684770003,0.29740464034054703,-0.41036345841712263,0.86206282363865294,-15.085921115914065,21.72618269677206,-11.063860015616806,0.3502834411168862,0.1961882974258938,0.6,True,4
0.64919408118274324,0.71537832573983384,-0.2584199992627596,-0.69210567582061255,0.69649888776061419,0.18941761492828302,0.3154944982946386,0.055885153752121053,0.94728035508814146,-4.3333019496854837,-14.200971896582583,-1.1060585625777466,,0.08328522667684823,0.24,False,5
0.86497032505945981,-0.28145135741400051,-0.41546536579641613,0.39035034348587966,0.89764827010107495,0.20458297222644062,0.31536161165714061,-0.33913524823345231,0.88630375001951045,-2.6598009335301227,10.707366011313152,-3.7948982016141635,0.1856309172963366,0.4546406814238501,0.2857142857142857,True,4
0.3375995191540313,-0.83036331251368212,-0.4433095238073182,0.93902871593154036,0.32972370785992888,0.097505626150813152,0.065204565200058406,-0.44919822540433607,0.89104956033358018,-8.8969348242619599,-17.464244618452085,-2.8227101394278695,0.296222422102651,0.3370478363102073,0.6966292134831461,True,5
0.52130110376905714,-0.74369738612506064,-0.41852043806714451,0.84129584791927547,0.53009095755774915,0.10594750109981695,0.14306102013808542,-0.40733005608015294,0.9020065243282831,-1.0779088953299945,9.3989477178280687,-2.7337663296713615,,0.07629305300369195,0.3181818181818182,False,5
0.23449231791786099,-0.81068799000227332,-0.53646839208250041,0.97171484356595561,0.21136265048902167,0.10533799301224114,0.027993135428173652,-0.54599524983678227,0.83732047122029141,6.7966529871839034,-4.035445655009549,2.7137366927418056,,0.1187133205468224,0.3484848484848485,False,2
0.41931138714028049,0.87235695303345839,-0.25133902822417731,-0.87645993247154974,0.4611565909447663,0.1383928661462272,0.23663462846012209,0.1622588830307336,0.95795412598472507,-12.243877886123139,-5.6630092958442617,-6.1293652885709022,,0.09785956582612718,0.1666666666666667,False,1
-0.93104485301124595,0.20131958652707244,-0.30434504392520401,-0.17500472138370221,-0.97821069986239062,-0.1117012720077228,-0.32020123231286668,-0.050737074760958588,0.94598991541666089,0.69658836545117753,-25.112395930647033,2.2935512387435772,,0.316680445212738,0.3703703703703703,False,3
-0.91311732134602119,0.1649727929976387,-0.3728280233947362,-0.17222582191778243,-0.98495764966828014,-0.014024786083334406,-0.36953352178471166,0.051404337662275271,0.92779446557246303,-17.491386724500604,15.460884498351142,-11.456306948119483,0.8092575899893218,0.7240844864518348,0.7572815533980582,True,4
-0.61115375457763577,0.76858931992932333,-0.18910723295590967,-0.76284931170015102,-0.63567682847856455,-0.11821969960222958,-0.21107348460729602,0.072009909220992707,0.97481411411084939,-24.453127005578036,8.2685469301726382,-13.59362103664162,,0.3904161950370141,0.5294117647058824,False,4
0.87013896453990691,0.33929389282928035,-0.35740430422446223,-0.31582143930707463,0.94066770699112545,0.12410110192124293,0.37830543329884514,0.0048907374507014129,0.92566791011882998,1.4646534955494737,2.8679860173023233,-0.65924868945270343,0.4575363732976038,0.3756990853004971,0.8506588579795022,True,5
-0.17114886526067005,0.94671335998439843,-0.27284039280691946,-0.98461200144202898,-0.1742763424846461,0.012921418904070378,-0.035316745834025776,0.2708534114188399,0.96197253442417485,11.980791454399352,7.3106385906655529,3.8461338286171824,,0.4018075614563914,0.3870967741935484,False,6
0.063330876701228833,0.95995771465437651,-0.27289262747791615,-0.99432562596895202,0.084112485169631587,0.065127869457250354,0.085473677806128578,0.26721952756888001,0.95983747295474942,10.5769741743274,-9.9481081479309239,5.0128085195132348,,0.1261788553709829,0.3076923076923077,False,3
0.44504783788864977,0.82791229723835869,-0.34131166120151957,-0.86033825569104716,0.50105903086395176,0.093583830783760175,0.24849649451274758,0.2519941976934793,0.93527986001180186,-5.9694545914203232,5.6988089173990559,-4.8578583988336534,0.4338618663848127,0.3671756377731828,0.8299894403379092,True,5
-0.65681771677529666,0.68926082036589298,-0.30579406213761218,-0.71827724532675596,-0.69532641087013636,-0.024474092266332459,-0.22949572060474827,0.20356989918696244,0.95178306896535891,11.221128382179185,8.3070928648267053,3.2154690854161374,0.4444419784599261,0.2920231973284748,0.5384615384615384,True,5
0.031510644696845655,0.93225854346146053,-0.36041793436773278,-0.99553088336344353,0.06139172151163956,0.071758740230285833,0.089024376102219888,0.35654602041384703,0.93002666401918699,-4.2176633105690078,2.2538590665448588,-3.5413621158135169,,0.07189043495404748,0.4457547169811321,False,5
-0.32295928239283977,0.89167115084243831,-0.31720633769145135,-0.94559816157855214,-0.31792101654130428,0.069067677394030524,-0.039260905944260988,0.32225577728981802,0.94583814432902369,5.6593787494183525,-12.757929084145351,3.1664325214731948,0.3625711529160053,0.3263601068015352,0.6666666666666666,True,5
-0.52316345372585937,-0.59586791041600673,-0.60929585098053296,0.80716201077076033,-0.57586384416730463,-0.12988580118456766,-0.27347667003628173,-0.55975196856939746,0.78223285831557288,-3.1012903112258772,26.434873995988614,-5.9520358937449345,,0.3305022000556924,0.1,False,1
0.68838614663084208,-0.50594275530870458,-0.51975613654614572,0.69659172400661873,0.66088152936967359,0.27927687728039102,0.20219911763463783,-0.55430815661384258,0.80737722555143743,-3.167081844902337,4.4079934134614671,-3.3339247812092094,,0.3000975391433948,0.2307692307692308,False,5
0.60358878357495549,-0.68558668600508177,-0.40700304214474187,0.77610447354647005,0.62213645837991294,0.10299550133697651,0.18259908675473044,-0.37804381112123503,0.90760148214360592,-11.98276513586314,10.802301967381323,-8.2579507516351569,0.3398713052311201,0.2839875508349491,0.8520710059171598,True,5
0.7024207086567964,-0.58270904951956182,-0.40872400425970962,0.66370210501733073,0.74366432637795976,0.080392073417582352,0.25710827261223324,-0.3277400391786493,0.90911044591596779,-8.6876918437160136,-11.29210749001019,-3.4768686646055871,0.1911467914208403,0.1995266822157769,0.4186046511627907,True,5
-0.80766055362679645,-0.44497155837844371,-0.3868911246714184,0.4654226020049399,-0.88394186180594525,0.045039832259785736,-0.36203070540799032,-0.14369097807899261,0.9210247939987799,-10.180013995223403,4.5759228892669217,-6.6078545411326974,,0.09995305050407555,0.6185185185185185,False,5
-0.53107908014882077,-0.73932547702926876,-0.41394788276270483,0.80024277672326061,-0.59822022747271852,0.04176191739772192,-0.27850764608988321,-0.30907992244390853,0.90934212077278131,5.7652292430078056,11.910619039722057,0.1102055146931839,0.1895480871890017,0.1396241409961649,0.2,True,5
-0.17763954368162738,0.92001694313166982,-0.34930361703143165,-0.98408160544657575,-0.16796472408523067,0.058062425755928113,-0.0052522702018789891,0.35405744705291847,0.93520892737617556,2.659906349397815,-13.34818053695383,1.9430737038467356,0.2142997148912381,0.1831425177411447,0.6125,True,5
0.57869141350261788,-0.65320790082718572,-0.48829876739070699,0.79118212170040914,0.59491013936585413,0.1418195204523669,0.19785625650957162,-0.46840299356071763,0.86107580234458869,12.84117639248152,3.0138593850214153,4.662639198765393,0.4486926184821897,0.4006732909437363,0.3103448275862069,True,6
0.70558888391628438,0.66442023050615351,-0.24635357555335516,-0.65687278539832639,0.74367788984528893,0.12434363658146422,0.26582413490279083,0.074087471608961952,0.96117041977672979,-28.801742285475747,12.470494479867275,-15.915128968808038,,0.2527914379283001,0.3636363636363636,False,2
-0.28960155260816184,-0.75008494133770787,-0.59456162128525247,0.94085653006976644,-0.33720766349627973,-0.032863072048381001,-0.17584063964857333,-0.56891438060378263,0.8033781780644742,-25.218940639841193,6.2524766485091101,-13.726471791673363,,0.6312611012854773,0.4210526315789473,False,3
0.90785280309469008,-0.14613533721765037,-0.39299841110289124,0.22962157327282789,0.9575297641703403,0.17438659299270504,0.35082363232944386,-0.24855827072172759,0.90285190649131364,-0.63178917405665536,8.2845115710735957,-2.5119984154800528,,0.07238106332911069,0.1944444444444444,False,5
0.022007140163280314,0.96466089088217688,-0.26257389699708711,-0.9943463598622686,0.048408959754052121,0.094508672851674136,0.10387974976138488,0.25900953306381169,0.96027238811265259,3.0326620075818553,-12.480216987686804,1.9626498937666264,,0.161273416981265,0.24,False,5
0.05789919420162068,0.96844416938710032,-0.24241199246517017,-0.99435427782354502,0.077571552038134622,0.072403207721844165,0.088922738851322805,0.23685131431876327,0.96746793301930967,-7.1816958059449645,12.714672101430033,-6.1128985729212957,,0.3201910215444773,0.2857142857142857,False,5
-0.80874362676579081,-0.44548334580448185,-0.38402908063915825,0.47295578186801929,-0.88071327377237851,0.025631188008895689,-0.34963777622465675,-0.16089971414511978,0.92296517129558764,-21.830168860238917,7.8118269383761518,-12.3826228987053,,0.09767052914499326,0.3333333333333333,False,3
0.51337416346863063,-0.72593042567313715,-0.45768109570409549,0.84233871869637178,0.5282122746400425,0.10703866546508871,0.16405014863705086,-0.44047339306887778,0.8826498392514166,18.747965718431121,-12.896753370125955,8.7914198800777221,0.3049186846414254,0.2517469793878909,0.4838709677419355,True,5
-0.78766686339346959,-0.436631539955537,-0.43466517070953614,0.5142057495114386,-0.8545185571112528,-0.073419906850136982,-0.33937200750986179,-0.28133775763050251,0.89759439985450429,-11.991628323975712,-10.710739294538785,-5.1120363108362596,,0.2442108446983813,0.2,False,2
0.4557044389094263,-0.78816670303687697,-0.41367464580540236,0.88382257535969444,0.4558754136432176,0.10504885777667096,0.10578808837862075,-0.41348622160793391,0.90434397487769713,-9.5761711044537883,-3.2606940455896885,-5.1801725392080096,,0.09105765799558606,0.3381642512077295,True,3
0.92087540841388404,0.1373458192292619,-0.36486245095762532,-0.086267249992552808,0.98447565962080397,0.15285822579405395,0.38019264032498712,-0.10928770083786413,0.91842787124971847,-5.3332214049664,16.853094867321417,-5.8443213572151134,0.1575836956150891,0.0841608537420643,0.3043478260869565,True,5
0.36998990098812712,-0.74607793859841975,-0.55360200749593447,0.92311210392132503,0.36241618133100967,0.12852453113469722,0.10474500828555414,-0.55858949242371325,0.82280390263602787,8.6397196350071681,9.3857111584980011,1.7549548319243955,,0.3113660084661001,0.2,False,3
0.84636709842066571,-0.31753200520357761,-0.42759345222112388,0.4256828942110229,0.88580388911177355,0.18478512821811233,0.32008875064130332,-0.33841527108842512,0.8848832103769616,-28.835181694495066,6.1114226099276738,-15.167952055568346,0.4027499273669329,0.4127480409324616,0.9545454545454546,True,5
-0.12719596222465537,-0.89053495045035647,-0.43677075133314985,0.98373930632881312,-0.16955618003010214,0.05922566164513933,-0.1267997018034703,-0.42213529091984203,0.89762109588766403,4.968050090170987,23.63284424594751,-1.7152151866626359,0.2406283129993878,0.1849287554903437,0.6764705882352942,True,5
-0.88632988582195382,0.35988998368691744,-0.29137352855171117,-0.3377130715808041,-0.93291250889857225,-0.1249965280479118,-0.31681100798789052,-0.012387509128310825,0.94840778931601755,-5.677575297994955,7.0843280257230585,-4.8211396722825954,,0.4579714787257558,0.2972972972972973,False,3
0.64880474767769114,-0.57465106982300418,-0.49882717181621566,0.72320215022511225,0.66956430726459137,0.16929940444981606,0.23670878585439548,-0.4705951406342449,0.8500053907539491,6.5304363169954556,7.9373140859320213,1.1272586898484953,0.3143519095901072,0.2073663153734693,0.1428571428571428,True,4
0.8920132835597242,-0.22670062771053512,-0.39104875316084275,0.3025672696245803,0.94219229009814742,0.14396782915476897,0.33580552304112998,-0.24673976954528332,0.90904022838365939,7.0384347524905069,-12.800323943916384,3.8173736861466172,,0.08083791467896503,0.3448275862068966,False,5
0.90581367689435821,0.22123847192787433,-0.36132412220905191,-0.18517731477337426,0.97379564509783356,0.13202804127084694,0.38106553877836474,-0.052683774803187242,0.92304575998595073,-17.781261051764606,10.986367257712342,-11.038317236541586,0.5906760154968218,0.32033731714349,0.7068965517241379,True,3
0.71296413104859935,0.64722054162491383,-0.26979199086864858,-0.61520670319093085,0.76199085179878279,0.20221437664990949,0.3364563273101896,0.021806243915882095,0.94144656117021341,12.203886450586761,-12.874949537156947,6.0360296135387586,,0.3140272021009857,0.1904761904761905,False,4
0.85890456857274811,-0.30843153415038504,-0.40884340624070564,0.39709782704045454,0.90521301510179031,0.15133642340849934,0.32341344722291931,-0.29233437367502169,0.89996908620431104,-21.085701886841619,3.6389477714391472,-11.532714964645397,0.5834511801719324,0.4581017867446824,0.9213973799126638,True,5
-0.82554466172971808,0.42899217966701686,-0.3666629532337668,-0.47015646497348346,-0.88218786273821925,0.026409719442108417,-0.3121360439507157,0.19419136083233757,0.92997892741980048,16.082630009704737,-16.324768597038652,7.9253802326556952,,0.230803364671914,0.2727272727272727,True,5
-0.8574297880374615,-0.26713572705730737,-0.43983253849118331,0.34704456945815204,-0.93126459894795921,-0.11093382512066832,-0.3799660845333967,-0.24775946011375827,0.89120201106623376,3.7337857322456416,1.3219310063593837,0.45800122480658462,,0.235378224271399,0.1685393258426966,False,5
0.76067245122113769,-0.42558531264977995,-0.49015769259495989,0.58421091198767028,0.77799547263720858,0.2311290870283132,0.2829753209517763,-0.46216900178700426,0.84043130684157874,-5.9380216522254461,18.692607679679149,-6.4562437467426754,,0.5383942361740283,0.2307692307692308,False,2
0.5011356650348916,-0.77019113621867163,-0.3945486775040925,0.85456650815765023,0.51226498011657906,0.085443977443711322,0.13630527636624196,-0.37998711009237168,0.91489380137717113,-2.8404785781029434,-11.035064370693901,-0.84646365439191706,0.3424108268388822,0.3163685009707328,0.850187265917603,True,5
-0.73131818601716769,0.63120007443080917,-0.25837990796325294,-0.63525400513601393,-0.7682724792464275,-0.078801945351621189,-0.24824596624962819,0.10650757565115954,0.96282401121373162,-9.72962567571882,-16.764973782032957,-3.2907213779196955,,0.241009394333763,0.1875,False,1
-0.72043488798644395,0.62907645939043233,-0.29195270235563092,-0.64936557557759655,-0.75969239475525407,-0.034522667999482864,-0.24351164536164338,0.16471270015339845,0.95580950245404062,-7.286890747657111,10.133014954426733,-5.8831475327984428,,0.08233399805880545,0.2333333333333333,False,5
-0.36046481578075812,-0.785821050159072,-0.50254392217102584,0.90147348185840681,-0.43188066398859132,0.028716782181422373,-0.23960525472164818,-0.44267862970745209,0.86407462218844722,13.741348902902676,18.556314214371874,3.2166715139108417,,0.3293886851585376,0.3809523809523809,False,5
-0.92330873425035509,-0.10049667676317399,-0.37067694724188871,0.10535437119787677,-0.99440884646253602,0.0071765274714980787,-0.36932565267864592,-0.032426286198195972,0.92873413754254019,-1.1962246948756223,16.19267458333632,-3.8744489283311965,0.2271860939274388,0.1217659686053185,0.525,True,6
-0.91994879898675763,-0.0013497384837548448,-0.39203620425778168,0.095369052203155696,-0.97072472782018815,-0.22045010020477379,-0.38026168768980051,-0.24019092614927928,0.89314577078484669,-10.600287415667134,-8.2796894388866598,-4.6313452608382706,,0.4877986139933725,0.2622950819672131,False,1
-0.92853238975470453,0.018593587598870715,-0.37078549011068346,-0.021274041496803602,-0.99976875034389523,0.0031402219981356699,-0.37064135810080456,0.010803903739316539,0.92871322771304521,-11.24169441259035,-6.9572140314703397,-5.3992738329216357,0.2579406963831817,0.102605055861389,0.5268817204301075,True,3
-0.088435347235816489,-0.91086438974877026,-0.40311940271696134,0.98920346923897184,-0.12778988407210223,0.07173731228879407,-0.11685754492056505,-0.39242299756313687,0.91233135711686453,13.698723063188933,-8.2523888667428231,6.236091380518566,0.3483288442444455,0.1130417292464296,0.3846153846153846,True,5
-0.097860965194791497,-0.81746221406367126,-0.5676079281240386,0.9913520443020768,-0.13017962538193259,0.016564703242496551,-0.087432006434921175,-0.56107824206035617,0.82313234084029518,7.3400082639956539,-14.894141289480212,4.1996533971469914,0.6447488521315531,0.4626377660420616,0.3255813953488372,True,3
-0.50697638886715801,0.81893798811759999,-0.26891543791518174,-0.85013834520415443,-0.52655876344773933,-0.00081403312571610986,-0.14226642311086046,0.22820262981456915,0.96316344646220708,-11.253648847328977,-10.017397643055052,-4.762198400781088,,0.4500320789480969,0.4,False,2
-0.26295527867959184,0.93354800195986098,-0.24360346765038016,-0.96438355137405019,-0.26181234733654268,0.037665111460137075,-0.028616206137661096,0.24483141714020537,0.96914327626383823,13.635535529419949,-15.127554418789401,6.9191554631466436,,0.2123234266518652,0.1481481481481481,False,6
-0.92506922297354943,0.018663877353108035,-0.37933967942895364,-0.023565813503173699,-0.99968797601610182,0.0082826953803223496,-0.37906672914019607,0.016601514719377805,0.92522040864216526,-8.0700887624268791,-17.94241252833357,-2.410658343224044,0.2880994734525547,0.1640515953227716,0.5142857142857142,True,5
0.80218517208101747,-0.43584059403479075,-0.40809548672430784,0.52460385378874796,0.84086674095725478,0.13316876714124704,0.2851135673435114,-0.32091447543438478,0.90317448656022803,0.86828128082119993,1.2493212997124963,-0.89775964670380981,0.468600637241536,0.3946163788124385,0.95,True,5
-0.90887834510130616,0.25463429495642187,-0.33030520679813369,-0.24965689470849733,-0.96658484318562232,-0.058182264035848141,-0.33408320629810501,0.029582372384121119,0.94207924003966159,-17.261614556963327,9.4924413822181783,-10.596420857590889,,0.1261309775308118,0.3571428571428572,False,2
0.69139138710765768,0.63895393483925078,-0.33721776196811881,-0.64040210105758111,0.75806713315233243,0.12336681318425631,0.33445941277587687,0.1306602111878043,0.93330852906098205,4.6677586470954164,20.152429404200941,-1.3243522689961937,,0.2025647331372091,0.4444444444444444,False,3
0.66311097316775713,-0.6186914014945829,-0.42131316972197541,0.72131400073297702,0.67854731245538646,0.13885120491431824,0.19997487244925555,-0.39597284562989932,0.89622293873380809,2.6656871769827388,6.5116420034002713,-0.59748803924030425,,0.1763359633776257,0.5888324873096447,False,5
-0.87768952525831478,-0.20231418859481592,-0.43443073825991652,0.25921660407577324,-0.96288031148566278,-0.075287833842512156,-0.40307300755974546,-0.17869100382082798,0.89755316039232313,7.2589308169598956,6.8804018318233515,1.7130148574859207,,0.5727035139189784,0.1333333333333333,False,4
0.62629775517240738,0.69769572216755138,-0.34781000723829214,-0.7154988267388489,0.6915789146696808,0.098894053004393079,0.30953602504608818,0.18692052871047626,0.93233479241378892,-10.211894786001066,7.8619614213847804,-7.0498371379063673,,0.07907323049339945,0.3962264150943396,False,5
0.53957351160907963,-0.70635690404843987,-0.45817065562184256,0.82864289579384665,0.54186304586721001,0.14048270631610837,0.14903481747643563,-0.45546060600957855,0.87769257690443814,-13.583513066473689,9.7208001144453,-8.8791032239509882,0.1156842761793514,0.1259593778974665,0.2631578947368421,True,4
0.92503366987441737,0.060430806440672197,-0.37504776659993222,-0.004688197216321693,0.98900707655061748,0.1477938542012541,0.37985619700819423,-0.13495599344130918,0.91514815709192188,-6.3569570897205203,-3.8105253418218172,-3.7375116198395655,0.2500075758419509,0.3032986450147769,0.5934065934065934,True,5
0.40056611059614555,0.89928628538747857,-0.17558749373422572,-0.90047532580196954,0.4217921006907695,0.10599816704407858,0.16938411573613721,0.11565293212391092,0.97874073207741252,4.151381912441205,-9.3882858754320999,2.0791029471291074,,0.387637507757487,0.2682926829268293,False,2
-0.81465360101124129,-0.38521482121353934,-0.43353091225060064,0.44350816530820869,-0.89547604351554289,-0.037724829949195668,-0.37368438241966145,-0.22300716806230686,0.90034870207518281,5.8371755274240478,-23.48715946908645,4.2206937286559318,0.4066254453953029,0.2103424346356687,0.6111111111111112,True,5
-0.40735248409690328,-0.79977827989348205,-0.44092931033296434,0.87439737536001916,-0.48090703655643185,0.06447985851425786,-0.26361559829340558,-0.35928140113444795,0.89522270476975541,-5.592158955872387,-14.827832373389656,-1.5366997231690822,0.530882635550644,0.4546111363659028,0.5333333333333333,True,5
0.24706955643289491,0.90109864971829545,-0.35633952595792096,-0.95354506537780048,0.29150522331125267,0.076003375424395572,0.17236137205794527,0.32100767632273214,0.93126023707886374,-9.9854945847341003,-4.1856542750886332,-5.3436259881331321,0.1131407238045641,0.08541193485386228,0.3815789473684211,True,3
0.68305618094857312,0.68857602833516374,-0.24351038349548756,-0.65403565952459108,0.7250657805830073,0.21567793094747828,0.32507169938058367,0.011944330442682755,0.94561393984653874,1.3533164381838363,7.187428910855715,-1.4026150575230298,,0.3605714516562498,0.1956521739130435,False,4
0.47823488799881425,0.84445963737506879,-0.24120388211040161,-0.83717621902730976,0.5213395768536786,0.16535121378800161,0.26538155586984463,0.12285343483352196,0.95628430048480162,-15.166936018173718,14.361682596988963,-10.188635406727963,,0.6910905744737521,0.375,False,2
-0.92492924308919133,0.076508793140190073,-0.37236044345591734,-0.075305272940620324,-0.99700167498768733,-0.0177982004451223,-0.37260570466083098,0.011578628760681553,0.92791752015479723,2.988788879448574,-15.994414510212012,2.3322371181786941,,0.1022918980584368,0.125,False,5
0.40035833683286398,-0.67493004990747718,-0.61982467671133668,0.91166816733432443,0.36171849372318193,0.19498944578593624,0.092597812056749607,-0.64314007730083389,0.7601292562267159,-21.229515593338185,9.3750599229713654,-12.339170978350612,,0.1166188606293974,0.6,False,2
-0.48017248687551423,-0.7515077990154958,-0.45240514018595007,0.83771445955201951,-0.54582603846281874,0.017561890372430215,-0.26013240302824969,-0.3705535909350639,0.89163959599149567,-2.6174598807110629,-14.889033252156896,-0.26633059244943708,,0.09486470584817039,0.3076923076923077,False,5
-0.13658062982247068,0.9583298158699296,-0.25089777912927858,-0.98570760995102713,-0.10625674600203772,0.13072877117793272,0.098621697622435306,0.26516686811094148,0.95914560563780105,0.037150454356390861,13.803871817871467,-2.7875672981706359,,0.2101120919914189,0.2962962962962963,False,5
-0.77720953297292528,0.52465485953630242,-0.34739404171768762,-0.56692891269489543,-0.82339242774886046,0.024829778017967485,-0.27301455969708138,0.21624566652485966,0.9373904532811439,2.6188813610542123,-9.2026423718709811,1.32632930069512,,0.06550710275650216,0.1428571428571428,False,5
-0.66466231066445858,-0.58796989219424156,-0.46099394644102859,0.67477326892495393,-0.73730930651659921,-0.032496493169917595,-0.32078816737297783,-0.33266558643343747,0.88680807352909397,14.877639212542828,1.3767888228705476,5.8663916264396105,,0.2400902454585583,0.5,False,1
-0.22429169120808984,-0.83203530845023654,-0.50735636661732464,0.95825739161750223,-0.28302188599140266,0.040513990920282739,-0.17730202668168837,-0.47709103695415167,0.86078344186710332,0.32304880731306196,-14.538641501652677,0.97834787024292824,0.3227630525070661,0.3956300414962305,0.6666666666666666,True,5
-0.78524078082003057,-0.48200585732860968,-0.38867373160281993,0.51617039784202101,-0.85627365205614236,0.019067070725373877,-0.34200151538956453,-0.1856496331678272,0.9211781462756774,-3.5186783593372839,-20.78193612239928,-0.11529519988790246,0.2250223956154005,0.1925353262192342,0.6086956521739131,True,5
0.42177903872483397,-0.74095355893542658,-0.52258039189514127,0.90112793292041349,0.40635112851263522,0.15115293204926544,0.10035382903973787,-0.53466492671338783,0.83908433732231602,-20.428726368643638,16.646509766402584,-12.904943982977132,0.3980204995094204,0.2720970710832598,0.6363636363636364,True,4
0.8143006087833573,0.47783229827070633,-0.32953120226222776,-0.45723526197514391,0.87778232630504005,0.14294790251358935,0.35756179010288003,0.034270721554233996,0.93326045876945707,4.9487186003319712,13.532075792435926,-0.46857194398766516,0.7215640426141914,0.7965142846168499,0.9656652360515021,True,4
0.75128175741561087,0.5976918400176231,-0.27989316774594408,-0.56061641933184936,0.801724998710866,0.20723478669759532,0.34825989052724254,0.0012209907493612171,0.93739722521007252,-2.283322745783777,5.9988378516428025,-3.1583865792531856,,0.07582274711789147,0.2676056338028169,False,5
-0.48541258226318085,-0.71544336033922773,-0.50250912740675968,0.81957628252512549,-0.57249249746357789,0.023389259719148674,-0.30441639591665387,-0.40049112161748091,0.86425547114420176,-2.6119086555420461,22.204373894915442,-5.4163591814115799,,0.3356140562224476,0.1666666666666667,False,2
-0.91499461740379473,-0.08096215168604412,-0.39525938333763849,0.10473391901109741,-0.99373918747543355,-0.038900301852853189,-0.38963528630074207,-0.076990631053604,0.91774549108089198,-19.963535871382366,14.089991081300091,-12.299134771538215,,0.1455913446270353,0.3333333333333333,False,2
-0.2459794391770091,-0.7503908591093873,-0.61352072016129899,0.94949113056844137,-0.31377856754424566,0.0030989549438038277,-0.19483508019354873,-0.58177020301400473,0.78967254125429531,-7.280291755056755,17.425894426267753,-6.9433059676323188,,0.3545378343674502,0.3571428571428572,False,4
-0.43921621579423825,0.87057010541039825,-0.22180353322054142,-0.89147692356807506,-0.45289898677614371,-0.012304573244993705,-0.11116658908587609,0.1923283633343485,0.97501373843046013,-4.5384971235431566,-21.392460573371498,-0.46745138147988563,,0.3092781229542412,0.5,False,3
-0.91604199912253192,-0.13279932911556647,-0.37845923694639932,0.14054637402932343,-0.99004779336429305,0.0072168969580926889,-0.37565113149144758,-0.046580092753768475,0.9255898240409981,-6.2154730610528439,15.330420530246732,-5.9871858488131977,0.5936685093460361,0.6571876208341957,0.9546925566343042,True,5
-0.68069096706353083,0.65945915090065899,-0.3190194910213171,-0.69998474438826153,-0.71393731907825364,0.017744352652572112,-0.21605824441992078,0.23538719744442529,0.94758202932381752,-15.029247912939336,-9.496827523122878,-6.5142558666050894,0.3697299595998968,0.3422517549401065,0.9159663865546218,True,3
0.75693585723409473,0.55629736345307046,-0.34290137277131005,-0.53111828182810716,0.82941392727796459,0.17316439572066583,0.38073807104260809,0.051046847625551256,0.92327284190874392,9.0246592012999916,12.230959576043531,1.6877534045410088,0.434262499118749,0.3622349584598618,0.6363636363636364,True,6
-0.65155523554810546,-0.63107847874983991,-0.42096998549616238,0.68938398096104025,-0.72415738081811032,0.018596091012934614,-0.31658411492707533,-0.27809358400624928,0.90688392681224572,15.355894448834155,18.797733820751123,3.8484808729152924,,0.564983798504848,0.5806451612903226,False,1
-0.51152254112219653,0.79266269027678504,-0.33170853074206708,-0.84698784530193827,-0.53016275465245077,0.039230644783198487,-0.14476283996478839,0.30102045283085899,0.94256586355693728,-9.4757418502253206,-6.8573866655815001,-4.6474625248093107,0.2109828786163928,0.1269170119440102,0.5428571428571428,True,3
0.74582464870400178,-0.4499964851295255,-0.49117080201964963,0.61512994939642207,0.74822253825344653,0.24855216475646702,0.25565746369137821,-0.4875102015554581,0.83484912687158597,-10.399317695233952,-12.454236870202488,-4.1188758378907062,,0.3048569870417651,0.2777777777777778,False,1
-0.55376394934623907,-0.63083286934524285,-0.5435028788866747,0.77849363723994158,-0.62383517153694479,-0.06911827204434845,-0.29545413380317059,-0.46138874033413313,0.83655680327847426,-2.4253575418150737,-13.231005108316781,-0.37248600874603199,,0.4234047454693131,0.4285714285714285,False,3
-0.56986974147018576,-0.71736387431126492,-0.40079614467935598,0.77116084808829544,-0.63533879020454131,0.040688672098884722,-0.28382992113666283,-0.28589105179169477,0.91526328582162331,2.4052457668880574,-8.162271015022375,1.1393999861827107,,0.2278927142287745,0.8325358851674641,False,5
-0.86774658426681883,0.3422392051933984,-0.36040004428670691,-0.37765389332392474,-0.9254450966067248,0.030478025261700077,-0.32309967866055062,0.16255368219502772,0.93229978979633366,-1.5791179725475419,-15.547102249992882,0.24435740761763425,0.3009081296746741,0.2690055884461759,0.8348623853211009,True,5
-0.084325072110913113,-0.86824729951959911,-0.48891298723843846,0.98946638655215591,-0.1309036011782978,0.061810331514827621,-0.11766712411251098,-0.47855080615905066,0.87013997369826335,1.3914553402540784,17.793556275804356,-2.6939947694227895,,0.302506510661282,0.723404255319149,False,5
0.40670906247078492,-0.7606041289715848,-0.50603270397822264,0.90862750646298795,0.39425721677682002,0.13768551673378157,0.094782872941201982,-0.51579318143105757,0.85145381612054583,-29.334238966514466,13.2998653931618,-16.221564746004663,,0.2171856065008806,0.24,False,2
-0.86098301062871463,0.36715613755465787,-0.35200088929526985,-0.39682241282308339,-0.9177990346073398,0.013300554691545702,-0.31818269608824112,0.15113339382737881,0.93590516035559823,10.081770422502817,-7.8457716367984549,4.6202121282182844,,0.136837598984817,0.5238095238095238,False,5
0.0070212009848751649,0.9408124855633766,-0.33885479153287934,-0.9971745785877788,0.031931535655306376,0.06799438836388938,0.074790123378795842,0.3374199816827021,0.93837849155137254,7.7531331296741106,-7.6505798398736991,3.5338403147973589,,0.08294999465441041,0.3953488372093023,False,5
0.70070049800980494,-0.52254214477757155,-0.48576590969320327,0.67438592257043828,0.70731659013993387,0.21191240820592439,0.23285712256151569,-0.47608082112606775,0.84801215334940783,-15.410984483863238,-11.743779567366847,-6.3954925043643183,,0.2799746890104583,0.25,False,1
