axis_00,axis_01,axis_02,axis_10,axis_11,axis_12,axis_20,axis_21,axis_22,location_x,location_y,location_z,dbh,dbh_approximation,score,reconstructed,number_clusters
0.85717715168412301,0.48573719118329661,-0.17119203174229616,-0.46347737543680584,0.87247252182488055,0.15485613038799456,0.22457972546270505,-0.053395503199192618,0.97299170970219528,-15.58169471633482,20.186767330470413,-8.5596178255979343,,0.1378401396607389,0.3125,False,1
-0.28114499570166646,0.95951192404265451,-0.017156894004293183,-0.95896255914155837,-0.28157827579062816,-0.033233789543945444,-0.036719225980191159,0.0071093053627948877,0.99930033334362278,-4.8145520710697873,-12.425684374749089,-3.8756285136579813,,0.2142915310624788,0.2,False,5
-0.1574132891973431,-0.92498464827927152,-0.34586768688581943,0.98586454501603926,-0.16754318405218968,-0.00061673168671428497,-0.057377306179297864,-0.34107577153079593,0.9382830931069156,-26.88851640082677,12.729504667010895,-10.451351906494535,,0.4012500604845768,0.8032786885245902,False,2
0.39035285341836951,-0.86087805813197005,-0.32636424261102548,0.9189514861470095,0.38594381844978554,0.08108967325501143,0.056149941552441067,-0.33156649111050163,0.94175944170277903,-9.0757545025694863,9.5039881326645208,-6.3610896308773199,,0.08805236569796868,0.2674418604651163,False,5
-0.97933561165792959,0.054226877947304526,-0.19483635555685364,-0.034814484233193631,-0.9942043392101525,-0.10171373350379065,-0.19922276834279079,-0.092828754186359455,0.9755475954406545,-7.1834637550934266,3.9832800624783267,-5.4930078670887577,,0.380141647790807,0.6212624584717608,True,4
0.97164364286980709,-0.0064476335615198076,-0.23636213591044303,0.025908908765768048,0.99651216979710189,0.079323539336307092,0.23502629579954987,-0.083198097741041671,0.9684217659754526,-13.192766814487573,-3.673111200734902,-6.3242875623307722,,0.2013366280190792,0.7730061349693251,False,2
-0.36277713955365704,-0.85178788717611675,-0.3779552119991394,0.92324499797680892,-0.38360086158863205,-0.02165762450644159,-0.12653624274518838,-0.35680215000544385,0.92557052947002616,-19.499917157638833,-6.0163827995243286,-7.6934771751924842,,0.3882741629291343,0.2857142857142857,False,2
0.74617540722176523,0.63609152145897818,-0.19649386246250872,-0.61798944909377085,0.77156329139843172,0.15092755936275021,0.24761119212630606,0.0088127007450256589,0.96881940207624295,-7.1956687974165465,7.6791792831967518,-5.7676823154304691,,0.1542002450066596,0.2211538461538461,True,4
0.087154902869025289,-0.9479527186386123,-0.30625098551932228,0.99601275903783915,0.077042818384347289,0.044977638546605525,-0.019042235680807047,-0.30894991076396494,0.95088766208170794,-24.62686849836745,11.351180650258096,-9.8843680615926939,,0.1200524770901024,0.1851851851851852,False,1
-0.92384254161580914,0.34998802482883512,-0.15499464757614209,-0.32059763504511229,-0.92873035500474432,-0.18621784043491102,-0.2091222482289315,-0.12234504554403362,0.97020594469757038,-21.503255727706684,-7.5875291842377974,-8.046022679155115,,0.2249666099124933,0.1538461538461539,False,1
-0.091475295822259009,0.98877839823035119,-0.11810821075290041,-0.99564484385589203,-0.088672177836032331,0.028785235468756085,0.017989306751703397,0.12022696898298824,0.99258342761289198,-17.786668975900241,16.407667692745893,-8.8053724673523845,,0.6549109442968656,0.5777777777777777,False,1
0.034690108977517918,0.9944207308500036,-0.099619307339861352,-0.99864741762311293,0.038354210908416508,0.035103985247852777,0.038728950590180902,0.098266802946562523,0.99440620665040402,7.783409539547824,-9.5894250819654481,-1.2246220982931773,,0.2692862152222619,0.4761904761904762,False,4
-0.048439627499246386,-0.88974431640912155,-0.45388176203214103,0.99693323162169178,-0.071030434164044171,0.032845229650580593,-0.061463275019040794,-0.45089880110744829,0.89045636444679399,-19.939108180076808,5.9800154745465637,-8.5243414400059176,,0.5451907608836434,0.4166666666666667,False,3
-0.16233262200618456,0.97565937052476082,-0.14743443471531664,-0.98670509813356477,-0.15932099190038176,0.032091601036894894,0.0078210708876723239,0.15068382211473869,0.9885510692943813,-4.6521308825350518,-19.201645657621121,-3.4359273521487181,,0.1508147527849152,0.25,False,3
-0.45708483021840124,0.88642212508707041,-0.073001877649400082,-0.88631820575718023,-0.46080454446137442,-0.045817135954991622,-0.074252919993683567,0.043760575406040642,0.99627883441963394,-12.535285606334298,12.441903518497524,-7.3215836806474401,,0.5065402157389355,0.2391304347826087,False,1
-0.18546957014070975,0.95947042832777041,-0.21217336240995238,-0.98264167248093048,-0.18198238025873403,0.036024391448645596,-0.004047475225382853,0.21517181609097921,0.97656782022776578,6.2706259420876131,-4.4903090382371813,-1.9368523569581111,,0.320222394711148,0.7083333333333334,True,2
0.80752999136167447,0.576650912052869,-0.12397192698352404,-0.56553694807465782,0.81667520308044173,0.11493290667133155,0.16752096410245382,-0.022701063898276003,0.98560711659569056,-1.5648261849201588,-18.243382021149586,-2.8074575493486886,,0.2143808389298078,0.2592592592592592,False,3
-0.34653033037582376,-0.86708010660227564,-0.35789498301067268,0.93025215399422145,-0.36671593102991767,-0.01226197039519461,-0.1206136813082761,-0.33718172350150877,0.93368132958618089,-11.362124557523712,15.286519584486031,-7.3265774623674549,,0.0637164488381092,0.25,False,1
-0.57885285744014714,-0.7588245666779817,-0.29852076383285675,0.79698609034850121,-0.6039097516854065,-0.010304543186541858,-0.17246025984089619,-0.24388171072314169,0.95434751005614649,-0.47515135731447622,-9.3590244287372517,-3.0672890587838695,,0.08539655310691277,0.3529411764705883,False,5
0.34751209070210276,0.93714596350460688,-0.03150856872148064,-0.92985727635024207,0.34875019854688416,0.11721239111979057,0.12083373880817944,-0.011434251201180551,0.99260690379681826,-19.901496803182084,-9.0183450936437612,-7.600888169607523,,0.1630115232678803,0.75,False,1
-0.71695666714483419,-0.62005225615252779,-0.31860373048150592,0.6680812028260642,-0.74166603246873197,-0.059991688695765072,-0.19909958278974646,-0.25586460466866179,0.94598766387870992,6.5333307876388576,16.610387281965874,-3.421771257052121,,0.1231316264777803,0.3076923076923077,False,1
0.86139325058692617,0.46291732067791058,-0.20906750598712112,-0.45415763029359829,0.88624873635610601,0.091126418525640726,0.22746981050107207,0.016453921222357185,0.97364611321928307,19.157504594908755,-7.0190420658943795,1.0991449131970927,0.3812738603291583,0.2748242073232071,0.6666666666666666,True,5
-0.95110590849355425,-0.18224853429139379,-0.24936523931231491,0.19985765334449426,-0.97869714607669311,-0.046998028266800926,-0.23548772627948439,-0.094537653926748955,0.96726840264827407,0.037940427809597832,-7.298312701514166,-3.1798705135599219,,0.1234107044011607,0.421875,True,5
-0.46945852402433641,-0.82431801074456235,-0.31639929105960291,0.87058777527997,-0.49190812458310329,-0.010164767690733094,-0.14726038080204704,-0.28022529174088123,0.94857164521968207,2.4566870665084517,14.69569385210939,-4.1401136326720369,,0.1170690424398647,0.3846153846153846,False,2
-0.76972933484382844,0.60988194188330103,-0.18857562951116605,-0.61543224921473194,-0.78743032340237962,-0.034592375069102038,-0.16958743381328412,0.089428757964532743,0.98144923431706221,1.4406168638561359,-4.626841051344055,-3.0227456620593829,,0.302532615002149,0.4810126582278481,True,8
-0.24355511536207283,0.96463913684637048,-0.10075833189001357,-0.96953761683927442,-0.24493844361164938,-0.0014029877849774733,-0.026032965919952571,0.097347288125522541,0.99490994073836603,7.2688607131639191,-7.4798997204951814,-1.4837829802477158,,0.1461444474994269,0.1176470588235294,True,5
0.80797221274162334,0.55457829136384862,-0.19905733391503272,-0.54300481642211196,0.83197577556438007,0.11385112303547384,0.22875024104860539,0.016100547257916778,0.97335199162389463,-12.620516398846348,7.2737838718039329,-6.9341459217494075,,0.1393973605196272,0.5688888888888889,True,5
0.47211056277889901,-0.76963905297683455,-0.42984572191137704,0.87910943960074139,0.44722524051780865,0.16479131484595635,0.065408024870517389,-0.45568115209728594,0.88773671654710129,-13.47835266370009,7.8518326008142196,-7.1444660971315894,,0.3848666932641651,0.1788079470198675,False,4
0.75962470563129336,0.62772931900382933,-0.17007706681842671,-0.61848704897694318,0.77812145477181049,0.10954803454007543,0.20110712777612616,0.021975069665191527,0.97932273509341516,-9.6683557217383065,10.815291586523573,-6.5477171344729097,,0.1286851800555876,0.3061224489795918,True,4
-0.38105300030355232,0.91476247485862938,-0.13419472996424081,-0.92022682000545208,-0.38927864865423079,-0.040555313395263005,-0.089337621987117186,0.10803586576896794,0.99012476032328156,-28.753526304547236,10.5109432852816,-10.728869971211129,,0.5242368997635521,0.2631578947368421,False,3
0.26047944800116352,-0.88229676796993373,-0.39204957645534905,0.96527594381562909,0.22965143562087337,0.12450931855937028,-0.019819421279545051,-0.4108681435048005,0.91147932461085657,13.918257306994008,-4.9557042102706115,-0.1786140518009372,,0.4705250065553102,0.4545454545454545,False,5
0.20327466361727695,-0.92989216435149369,-0.30656153347897142,0.97907516874525335,0.19609919075581078,0.05437758114674264,0.009551182007343173,-0.31120036963765285,0.95029632476383485,-13.464566647859847,0.53015265577872217,-6.6041123844539067,,0.1282388521616848,0.6287425149700598,True,2
0.7765916934023831,0.59062470386069077,-0.21924370213962943,-0.59383583621358171,0.80246862929644602,0.058336083375552433,0.21039092510594501,0.084891449419565376,0.97392458663312875,-2.9036166856496028,-2.4478229920092067,-4.090663076590964,,0.1745314782316329,0.7409326424870466,True,5
-0.36487381229597055,-0.77111420802578712,-0.52177579407382391,0.92266612845249096,-0.37453844247955309,-0.091696076859829168,-0.12471694554910318,-0.51488234897474916,0.84814023027277086,-20.374020208384927,-4.6087691351962841,-7.9306737013477537,,0.4056986392008048,0.1428571428571428,False,1
0.32169360182144746,0.92504096429623206,-0.20202089228850242,-0.93988466423488615,0.33779702465527328,0.050099781138455965,0.11458640618860702,0.17375955947211502,0.97809895767700183,0.71383054157953252,-1.969503643248607,-3.3276862243477057,,0.1562781468904917,0.4047619047619048,True,5
-0.85830733390747704,-0.45010371433191554,-0.24640447825729994,0.46195086640861571,-0.88683913399882108,0.01085114890464163,-0.22340527653788311,-0.10451314153174662,0.9691063335167085,-1.6492139502848653,-15.133097707414716,-2.9556415663502551,,0.09977729257613786,0.4285714285714285,False,2
-0.53205661473648103,-0.76521042759089497,-0.3624482862717322,0.83121857739988281,-0.55355430289610652,-0.051510293442383365,-0.1612185947726586,-0.32868014124885203,0.93057935150537507,-14.411709554659753,-3.3086196072411549,-6.625588284290501,,0.7491553911965738,0.5,False,1
0.66984785060625096,0.71502223223504646,-0.20011762652949419,-0.72104371221474661,0.69074271236093976,0.054502021942589643,0.1771999495309303,0.10778549406049234,0.97825480584373958,-9.1150368940235893,-17.513240683624129,-4.5639414762528121,,0.1364917677825399,0.4666666666666667,False,2
-0.96775790267869821,0.19017803227694494,-0.16515737295742222,-0.15956212936860123,-0.97022188265926079,-0.18223453372091125,-0.19489630236175731,-0.15000604803936907,0.96928510608454399,2.9920530246641386,12.090964655323637,-3.7988010895788795,,0.4224782920035689,0.2068965517241379,False,2
-0.86629131626901001,-0.43067183909999202,-0.25310298766142075,0.44644279864803765,-0.89479541020544462,-0.0054773543411235567,-0.2241164494012306,-0.1177409906595881,0.96742383484504102,-8.3284562260228459,-12.50750934911798,-4.6651590954255022,,0.1488174013145016,0.4772727272727273,True,5
0.80902826079108092,0.57819970031503687,-0.10563323244585823,-0.55890497283065022,0.81239962962942236,0.16622897798863978,0.18192994417228034,-0.075445002045061965,0.98041294722167549,-11.540477890290342,9.2372999287894153,-6.871245107060453,,0.3138669652054448,0.3652173913043478,False,5
-0.47083501704719166,-0.76103939554381805,-0.44624368359952538,0.86875058447400622,-0.48801394635214468,-0.084349333974140489,-0.15357997492591854,-0.42738908104455431,0.89092747443641462,-22.604992104253963,10.191584435844296,-9.3808974960494655,,0.2970122385762783,0.1627906976744186,False,3
0.94749335547459923,-0.22794143274163139,-0.2242744848866616,0.25171312069307605,0.96419727358925711,0.083451317988372853,0.19722283387690701,-0.13552239978223493,0.97094635946319208,-19.436552205795735,-4.9363949644719689,-7.7529752337928235,,0.1954621338629412,0.4642857142857143,False,2
-0.35472271125406091,-0.88950057425151807,-0.28802869045772095,0.92691864841868044,-0.37490988113282214,0.016260388761088155,-0.12244842724288739,-0.26121123527749474,0.95748371956422873,-20.954646005309733,-13.284170481108722,-7.5465974851726854,,0.3664565332763378,0.7352941176470589,False,1
0.93864432696275657,0.29736935124667063,-0.17469486655241989,-0.2436018305009266,0.93020860890723001,0.2745361398640867,0.24414130260410954,-0.21513580095839432,0.94557475194125129,-4.9258361980919592,12.061673323321093,-5.6279334514141102,0.3100958619024437,0.2005239450026173,0.2222222222222222,True,5
0.94430515230122591,-0.18808559154796151,-0.27002146134967514,0.24039701189102008,0.95463189007261695,0.17574763477854807,0.22471550015793193,-0.23087174948104533,0.94667902653451363,5.008246518531708,-14.863057511133466,-1.5020938014911276,,0.2443734971879792,0.4705882352941176,True,5
-0.8616026812815597,0.45614513819650665,-0.22264867506481631,-0.47144050056752651,-0.88171443453089138,0.017986393871813954,-0.18810814451551117,0.12046272800979463,0.97473281319927441,-5.2582798419846153,-1.1643454009531904,-4.7104285217755582,,0.3955586822298297,0.9764359351988218,True,5
0.8991742534045255,-0.36127805409820857,-0.24690854509600754,0.38929197760447265,0.91811214599606616,0.074309108104578941,0.19984348422506615,-0.16293635260895878,0.96618545156262647,-12.406533728007448,-6.4953060368476168,-5.9540549911979008,,0.2708313482316981,0.810126582278481,True,4
0.25553295496343204,-0.89265686056469995,-0.3713039701032419,0.96676093893112047,0.23245908810143281,0.10647093178923142,-0.0087290254137323692,-0.38616900658367548,0.92238674235350049,-2.2378780614764366,12.583249757601257,-5.0315384918630528,,0.3374493574720522,0.2592592592592592,False,3
-0.89783196360954154,-0.32475052663824011,-0.29737999355911698,0.3750072550600051,-0.91788497888703136,-0.12983344787039244,-0.23079714853826727,-0.22808827453803804,0.94589027653574365,-7.3481968315321042,21.078095929052701,-6.9028823556122729,,0.1175095740531469,0.2857142857142857,False,1
-0.9181958220408909,-0.30760206796448664,-0.24959447143441452,0.33145737519989549,-0.94163139128385376,-0.058875558378926052,-0.21691574588362433,-0.13678922008991073,0.96655898343295421,11.573452694284345,-4.7807494352200424,-0.67370344735630239,,0.1049896287379535,0.3111111111111111,False,5
-0.21455853194851393,0.96683758788710006,-0.1385269468975393,-0.97664829867691882,-0.21398465724814439,0.019200707119148185,-0.011078675894697937,0.13941178254024741,0.99017251922549965,-16.523475790624218,4.3055468585608629,-7.5866244677334889,,0.2517806608156962,0.5434782608695652,True,5
0.19696059401976387,0.98039333244131321,-0.0059529915168368697,-0.97814816273163652,0.19691463263375072,0.066714310304759647,0.066578496138816917,-0.0073171824722932099,0.99775435989654382,4.7943794814028493,-8.1606119105573125,-2.003054228331953,,0.2961536695369414,0.2105263157894737,False,4
0.083475207013097005,-0.89390642754611971,-0.44041252094582295,0.99632681968432124,0.066396309936600048,0.054077707093863489,-0.019098643717482822,-0.44330895413756,0.89616539376926185,2.0584450411834032,5.689973107523902,-3.5756953667623188,,0.09287965459732703,0.2653061224489796,False,4
0.83854783823772172,0.50761049908936928,-0.19791185967770247,-0.49549958476239708,0.86156895642400422,0.11035893632482222,0.22653406915326682,0.0055239968044612786,0.97398757742189357,-6.059428568982705,6.0374382145805585,-5.3999862158862975,,0.1608487498665777,0.1553398058252427,True,5
0.92279185650347495,-0.26269010628318545,-0.28186716309602106,0.32385682980541902,0.92514268233422514,0.19806001896349157,0.20873893589662218,-0.27405277846495824,0.93878811840392529,-27.38939282007922,14.233254065311376,-10.645986306839312,,0.7638373341459861,0.5205479452054794,False,1
-0.64824462852330422,0.76117850051084845,-0.019651767114967328,-0.7509984071696082,-0.64340681688125245,-0.14842190006682601,-0.12561964026137043,-0.081455253672133965,0.98872885445394665,-14.922323924419485,1.0065650312141479,-7.0486648475081823,,0.1205571000274737,0.25,False,1
-0.9516965448019814,-0.19871207951516295,-0.2340666487706658,0.19765085356965861,-0.97986593000666944,0.028229404799791386,-0.23496345821245479,-0.019397645911933645,0.97181063208730101,-15.426360961069895,-1.4459756414886948,-6.9662874499249829,,0.1569707456972899,0.64,False,2
0.53754980183740164,-0.75888730299904328,-0.36760069626077818,0.83784762926335576,0.52987825100024943,0.13130266278599012,0.095139690362882195,-0.37857509223898411,0.92066787651894322,-8.1919988314687231,7.8176475236617335,-6.0256691048451865,,0.1004199925053097,0.2422360248447205,False,4
-0.39516310715438502,0.91394811727916891,-0.09243894020354651,-0.91707840999852541,-0.39831166683763003,-0.017748407692110856,-0.053040632148086457,0.07776024037315997,0.99556016209892606,-6.5105723364157448,15.202094455851521,-6.2026310384235215,,0.1453855812620526,0.5135135135135135,False,5
-0.90846551960994393,0.35174551531354215,-0.22575538119089159,-0.36499190623602384,-0.93082760224920214,0.01846302448664331,-0.20364505410647138,0.099171908057733363,0.97400904748886219,-18.248830117935242,-2.0639243409029033,-7.5768141708656618,,0.1374558952439396,0.625,False,1
-0.9104583587614915,-0.32896565670288491,-0.25069338577507805,0.33989242221910487,-0.94046427144874223,-0.00030894403575511264,-0.23566654043237062,-0.085490062805142458,0.96806649094068531,-9.6249825866495886,14.132631984642931,-6.8273226381996572,,0.196695706378702,0.5283018867924528,True,5
0.5653476031910164,0.81371922329065627,-0.13506706931530019,-0.8075076097059245,0.57939262455946017,0.11061485828370771,0.16826630034917106,0.046531841284774333,0.98464269657244263,-24.611451018192231,12.381017863531913,-9.9720039753560474,,0.1403366197359299,0.3333333333333333,False,1
0.65863904825831177,0.73926536598283643,-0.14029013781320332,-0.72878063209321953,0.67313121447270952,0.12559123531640939,0.18727892138516741,0.019521443613565698,0.98211278315886408,-7.2679572820902782,-11.993335269679756,-4.4452361276971128,,0.1898373685696986,0.3269230769230769,False,3
0.83948877750114281,0.51679394619702057,-0.16787676916044345,-0.49621562980052009,0.85501831290252639,0.15071076054148194,0.22142412061767586,-0.043216915385410226,0.97421951172888155,-10.77702323154662,-11.527154152769775,-5.2942173199811187,,0.09927760427950477,0.4545454545454545,False,4
0.8248529652673583,0.54343871880605332,-0.15585873280661397,-0.52115311630642902,0.8377622313517421,0.16295359181266894,0.2191278509312452,-0.053186489101908721,0.9742454425468301,-17.038465885260798,-4.6080716730903735,-7.2016830169402049,,0.07450851336380965,0.3,False,1
-0.10754957099927612,0.99360583458065366,0.034358918276850087,-0.99387311412060209,-0.10833578857930157,0.021899542029880748,0.025481813241788113,-0.031793118755233829,0.9991695926086458,6.5800250900029917,5.7358063837272857,-2.5277089659200871,,0.2569225552699504,0.2916666666666667,False,2
-0.41580742226696743,-0.7881615660169814,-0.45376814943466537,0.89835042578147328,-0.43367730394935861,-0.069932170976330921,-0.14167109827324306,-0.43672112599790358,0.88837152026681832,10.78425154234875,-11.329975217788556,-0.41456575097894371,,0.3128388032490297,0.1739130434782609,False,3
0.69607750660719681,-0.62221569353630024,-0.35822302482203761,0.69519502118171617,0.70877582758239488,0.11975269833722355,0.17938781262856943,-0.332392022996993,0.92592416305456959,11.974057802131258,-11.245119482226835,-0.18117032488423596,,0.2822158504797791,0.2307692307692308,False,3
-0.95098009926887273,0.21120095324082175,-0.2259004385669377,-0.21716858276127851,-0.97613279169618561,0.0016061247992423533,-0.2201696106551137,0.05058587080975481,0.97414907083998004,-4.8654811785220193,2.2364444405666473,-4.8708912909754254,,0.1703116024285528,0.6163753449862005,True,5
-0.85811880157941278,-0.44775552547232789,-0.25129089077185696,0.46069764840786109,-0.88751934115471132,0.0081912042933663526,-0.22669318279864628,-0.10874009603319543,0.96787695105695781,-7.0896189117518995,-3.4294443136378518,-4.955138500155928,,0.1719849308410706,0.742,True,5
-0.4255449609092119,0.88079250213169458,-0.20764405706248168,-0.90154758432597504,-0.43248121921907562,0.013112902759536246,-0.078252408530195827,0.19278112773653849,0.97811655611581017,-23.794846390065924,13.559033966693566,-9.8348556752163478,,0.3104550784401124,0.7011494252873564,True,2
0.61048811601957986,-0.67995352607364712,-0.40616186746034943,0.78359707917547783,0.59314016310391116,0.18482522668923118,0.11523835171731689,-0.43110085744878784,0.89491461771522995,-18.087680311094129,7.1424680644988303,-8.1138934523228539,,0.3529710596688976,0.1428571428571428,False,1
0.10224663656209465,0.97432453865742641,-0.2005924193027547,-0.99226656842856586,0.11416122708036171,0.048726495980161565,0.070375297446884783,0.19405903122890045,0.97846226800411862,1.4108621003049431,16.616911939471883,-4.5795225526191459,0.6390375664143904,0.721786270753185,0.9461883408071748,True,5
0.25945338907175031,-0.93459337473003279,-0.24334987735750091,0.96546757381107773,0.25716058311628864,0.041722876346688823,0.02358607255423649,-0.24577155734953984,0.96904078282570127,-4.2117625513006178,-10.011210026427543,-3.8835625556181217,,0.125420254545568,0.3783783783783784,True,1
-0.97164724154184312,0.029567408326789502,-0.23457921128899417,0.024933489105890438,-0.97380369631830865,-0.22601920749752302,-0.23511690523043241,-0.22545981770958387,0.94545645667752876,2.4231577658307488,1.7298231108493947,-3.2090366158605921,,0.6701974884674081,0.2694610778443114,False,2
-0.76956562617811386,-0.58533055156073766,-0.25525848157248598,0.6033474986248778,-0.79742113299366135,0.0095568069044652294,-0.20914239863832351,-0.14665497626984575,0.96682561769281883,-12.626742629085113,-15.768451648476326,-5.5079308709970158,,0.5524635991738294,0.9076923076923077,True,1
0.25803121311216398,-0.92419135599805413,-0.28158521012003512,0.96585656630629824,0.25377372922927305,0.052153501091262044,0.023259113974390205,-0.28542815532379939,0.95811783292326891,-8.9700461030090821,-6.1304823096811294,-5.1901212888037342,,0.1436619144986351,0.6222222222222222,True,5
-0.91245289396313878,-0.29687231822551108,-0.28159641860240942,0.33837993699171359,-0.93439685469669775,-0.11136218466966953,-0.23006245791040389,-0.196899326063673,0.95304875051378901,-1.3697471587609815,10.907581698336481,-4.720956547077849,0.324997094835295,0.201087044233513,0.1470588235294118,True,6
0.76575615828472354,-0.53789520121991874,-0.35254256275463702,0.61703751838505938,0.76902878519023699,0.16691143895502961,0.1813345167204293,-0.34534545031520858,0.92079004826961353,-9.8535443602565369,-8.4987554215871786,-5.2600412855373682,,0.3276783506788987,0.3137254901960784,True,5
-0.39685060008434714,-0.85356357128630167,-0.33754826467583687,0.90386476536975524,-0.42743134086642398,0.018191612578572432,-0.15980640517755063,-0.29787863068388487,0.94113242120656071,-9.290839175802768,-12.936626316693596,-4.8743701448129864,,0.2270555623581743,0.28,False,2
0.53207768967403168,0.82569871329831046,-0.18738987968580495,-0.83302308804644176,0.55011657537993441,0.058688059039506191,0.15154493370850844,0.12487348937932671,0.98053084842727734,-1.3664173306160512,-13.780626761526293,-2.9937794267592928,,0.2222672053663133,0.782608695652174,True,4
0.82525527713331237,-0.50011131382015472,-0.26237835534338894,0.5363111223673972,0.83956818243063591,0.086577405107481464,0.17698617908934589,-0.212164890684582,0.9610733330876251,-11.664213704550971,-0.65133286676292923,-6.1422948302886029,,0.1327501774804919,0.5056179775280899,False,2
-0.3473298822754845,0.93710711117948142,-0.03452846731825443,-0.93612261541100494,-0.34865824368881498,-0.045955174070970661,-0.055103555189846637,0.016361273932078063,0.99834658657239961,-0.52988061702747047,8.1808944263188828,-4.311562865288475,,0.2474795811840503,0.3333333333333333,False,3
0.95555593938229277,-0.16715797902457646,-0.24283957000382828,0.19419037880360177,0.97665457873759309,0.091847322285458388,0.22181736517085102,-0.13492236241377656,0.96570855470444494,-15.233120958179779,16.666860562431868,-8.2025393454846363,,0.1037626983661223,0.375,False,1
-0.83138950903656028,0.5157402474930799,-0.20689002242671156,-0.525508317047925,-0.85074099866693687,-0.0089867625228338757,-0.18064465942121333,0.10125092741778163,0.97832293069294596,-0.70427046337748789,-6.644873617423646,-3.3610227661816006,,0.2387106365558501,0.5323741007194245,True,5
0.41481163545437277,0.88846480333109279,-0.19637107814928331,-0.89904130624434209,0.43345248791570218,0.061997341766850393,0.14019998843843096,0.1508284918758106,0.97856769274298705,-1.4563452699869994,7.1165486110270173,-4.4555097571263431,,0.08437847019012998,0.4,False,2
-0.74472193243952145,-0.57593272106870408,-0.3371805809146583,0.63400439416510801,-0.7683094154451372,-0.087971985982407103,-0.20839306975732705,-0.27928863732839737,0.93732074848280611,14.596393908074175,-7.619569497143817,0.1607580972226535,,0.348877186921438,0.25,False,4
0.69488085246872067,-0.60456832289208862,-0.38940691291731255,0.70567150245454968,0.67751007691224907,0.20738328357391014,0.1384497435746366,-0.41890003418214916,0.89741541655261969,-0.71376471907779071,5.8995119372960074,-4.2098095231464621,,0.09757581659505825,0.2222222222222222,False,4
-0.012018367533225827,-0.86656245583386782,-0.49892391101350642,0.99900308789191516,-0.031859069840506481,0.031270274244356674,-0.042992897369866223,-0.49805071007687035,0.86608146323984481,4.4344530471958636,-6.1655063854992598,-2.2309275502993224,,0.3671219749794489,0.1363636363636364,False,1
0.02172909329048223,0.99975355890858852,0.0045462021936593655,-0.9972095104895573,0.021348501418992829,0.071536240300573539,0.071421556227456065,-0.006087933703267101,0.99742764066837153,-12.259904952925197,-14.237199384613897,-5.506117980814599,,0.2557701052652303,0.1875,False,4
0.93451411378289651,-0.25990188281664078,-0.24317562058918488,0.28910921278148571,0.95279702882976947,0.092702130169890928,0.20760355060894251,-0.15693576125769071,0.96554229975337269,-11.49554433606346,12.083400063481538,-7.0709575970901364,,0.073600803104854,0.2857142857142857,False,3
-0.27974029224970642,0.94593647227849931,-0.16416320935385459,-0.95987985583835778,-0.27901790987709696,0.027922541495192091,-0.01939152515361673,0.16538801764675964,0.98603791629485171,16.598158000534106,-6.5399835367573154,0.51248442796891935,0.2207398331770853,0.1470113967179376,0.3076923076923077,True,5
0.4121574951078944,-0.82590141822750629,-0.3847246373657156,0.90940202972215822,0.39877209412703585,0.11818953118935359,0.05580454787565961,-0.39858206722748313,0.91543333352083112,-2.5588801087160844,22.048224051823766,-5.9848375340094666,,0.4332638803051984,0.5882352941176471,False,3
0.80061574023125526,0.56569463336648007,-0.19749434998076107,-0.55933853468475214,0.82379897418833248,0.092171870670861064,0.21483677550799785,0.036671949861105529,0.97596123282777558,-18.094930096797754,0.087807704906743139,-7.6667344529647599,,0.08405861519729013,0.5652173913043478,False,1
-0.87706793803305039,0.42537135271958626,-0.22318388015258706,-0.44029101667108866,-0.89764523846692756,0.019412534517512729,-0.19208241125411304,0.11529196911825124,0.97458304373903604,-0.81041571594976258,2.4067580757622071,-3.9568929998811861,,0.5329529716926188,0.9506172839506173,True,5
-0.45221022988443493,-0.80385564719854363,-0.38642205741246111,0.87543281806231021,-0.48293186337114008,-0.019854379878580831,-0.17065546884688698,-0.34726490437113211,0.92210834349590387,-1.1443222689162309,16.029721682526745,-5.0359180277202844,,0.1952768604894071,0.4117647058823529,False,4
-0.28961242913369423,0.95475663425904667,0.067560419104812253,-0.95663575776253307,-0.28643670016546335,-0.052934334494959837,-0.031187623528972239,-0.079961153922747136,0.99630996482116829,-9.7275352219281856,-14.365638900310467,-4.8741532057889003,,0.3093100270202622,0.2222222222222222,False,1
0.86236934300652035,-0.41780802841043924,-0.28592930531564137,0.47622958000730087,0.86110699074855401,0.17804532459472383,0.17182695763055822,-0.28970882257838176,0.94156481176373363,-8.9533516507121043,4.4576910254253459,-5.9667969676932913,,0.3603661819057288,0.2884615384615384,False,5
-0.25844846919087505,-0.85296440711927424,-0.45349322923342439,0.96277922213364842,-0.26588406993801816,-0.048598670567444151,-0.079123689250572615,-0.4491741104971001,0.88993373925170349,-12.292016380690088,-10.152261118095977,-5.7292016519394187,,0.3167326612551067,0.1710526315789474,False,4
0.51143560861945514,-0.80611771557087952,-0.2976707020834215,0.85420570913729821,0.51465692493027781,0.073897605499493646,0.093628119244680535,-0.29206588000672007,0.95180423250929447,-21.377016298844566,9.0715539322785972,-9.0307959093761081,,0.1628274919829772,0.6404494382022472,True,4
-0.43896907588713602,-0.83804291810359532,-0.32402194035466814,0.88613431363913886,-0.46342460630796095,-0.0019006471538528455,-0.14856691625690363,-0.28796128504492013,0.94604765720823636,-2.2363425976970177,-6.4348493419076487,-3.7113773715195992,,0.4745792114915122,0.1794871794871795,True,4
-0.96817777204315925,-0.048380234856213074,-0.24554257186240036,0.083308414750048049,-0.98748449038390762,-0.13391821863760128,-0.23599048657388363,-0.15011240497204778,0.96009101449817225,-1.231885912614056,19.739687682389452,-5.4391858112632763,,0.3320131254978131,0.3,False,1
-0.90687389000157159,0.36699009718894599,-0.20711836277516929,-0.37358542226613634,-0.92756314376298965,-0.0077811697548165609,-0.19497097195134308,0.070319861332119343,0.97828494683225165,-13.249754942023168,14.522504896286357,-7.6520091434791739,,0.1228257944446632,0.6111111111111112,False,4
0.11283301339364482,-0.89295917207324882,-0.43576671293109137,0.99351400893339514,0.095171985028779577,0.062227062591577079,-0.014093443213206634,-0.43996160091073916,0.89790598872179062,4.8381499954012153,9.5140627965254509,-3.2241823106943475,,0.5041112191348989,0.4146341463414634,False,3
0.96189272883670529,0.1859717524376637,-0.20044172596129198,-0.1373596305242816,0.96251777452210985,0.23386292059930816,0.2364206211676769,-0.19741844144929782,0.95138385989169527,-3.4992874991444753,-12.974841310295275,-3.5393168800454706,,0.4285176674050396,0.5428571428571428,False,5
0.64126110703558037,0.74594352342462633,-0.1798678750204048,-0.74493605618864522,0.66141560984889791,0.087176047388707739,0.1839958281962113,0.078087456797263533,0.9798203326617213,-4.5412525614477204,6.0661957139318829,-5.0764156296017475,,0.1690645666504795,0.6732394366197183,True,1
-0.47414797683878629,0.85841215740697507,-0.19573518864933315,-0.87457818946753152,-0.48482400340443771,-0.0076600411611093475,-0.10147259022702658,0.1675537338849776,0.98062687077900423,-17.763078424765091,-5.1028273254027763,-7.3729571247958416,,0.1660084535267267,0.6739130434782609,False,2
-0.93668237832619639,-0.2515936822481597,-0.24357081349372384,0.25967430031841715,-0.96569562192511726,-0.0011061414030470174,-0.23493697003094843,-0.06428518373214151,0.96988248528633836,-6.9660120329785027,5.1781139629247832,-5.5515814460505917,,0.2682182272384592,0.8431952662721893,True,5
-0.93371360918606916,0.30433798798876543,-0.18856639437523121,-0.29332604227675674,-0.95227248510176077,-0.08448045359946664,-0.20527720025122004,-0.023569115067549468,0.97842003652416776,11.589550065308007,-2.9779777920431711,-0.85272968232352675,,0.1286298113403776,0.12,False,5
0.23661990903186922,0.96124049031449721,-0.14151939241565689,-0.96661496138216729,0.24763401178243571,0.065824863392867861,0.09831853885154701,0.12121928884663223,0.98774457676547933,1.192933509037025,-7.4615225570299435,-2.8969550850685639,,0.0709368644290254,0.25,False,4
-0.44312463229817406,0.88037324736744837,-0.1690665714158251,-0.89367542897345398,-0.44867430043663864,0.0059665548523603062,-0.070603030386247878,0.15373456816014774,0.98558657390048288,-17.831409286222495,-10.00728391962013,-7.0781599070276124,,0.1136053838078653,0.3,False,1
0.82263157334315407,0.54342830082578475,-0.16722133954901655,-0.5130631170795924,0.83623548082033039,0.19358837390133582,0.24503781837002125,-0.073456806892155335,0.96672672720354103,-26.312085341733539,10.742972107993227,-10.22686222876874,,0.2850319728856136,0.25,False,3
0.77874709117119723,-0.56557739960495668,-0.27143170973284397,0.60215688851356541,0.79525436690438633,0.070551920846747815,0.17595468055172961,-0.21838657691259206,0.95986835212769683,-2.6822872804653568,-9.0591148836534376,-3.6181343057108948,0.7842084736619801,0.5952705338417045,0.8363636363636363,True,5
-0.48527264228775335,0.86790827538557669,-0.10604568904154568,-0.8705413090907782,-0.49091204867428956,-0.034105566010932169,-0.081659609438058944,0.075766654826816368,0.99377619321594635,-18.980035460882185,-3.0861960510966724,-7.6910963330215543,,0.1033915611734077,0.4375,False,1
-0.44866905015693082,0.89079866942413966,-0.071929228992534289,-0.8877576584793555,-0.45350528565346848,-0.078862511344861635,-0.10287090571454185,0.028472555848548325,0.99428712669978891,-14.784881390690684,13.339181968369225,-7.8868042821507869,,0.3037553461514974,0.1818181818181818,False,3
-0.89968062253979997,0.40894369524972563,-0.15277379206493086,-0.38963521725003925,-0.91004278321466447,-0.1414444420874256,-0.19687349975279567,-0.067728774050677995,0.97808672328208168,1.4761670319792377,-18.732876097126354,-2.0513993393231189,,0.4441431497634767,0.3235294117647059,True,5
0.97016016665958338,0.031877872658136866,-0.24036025516262341,0.020959861813282927,0.97658259149040294,0.21411942039585502,0.24155731249502252,-0.21276805030991022,0.94677337391136107,-5.7070898691049372,-3.45464460168089,-4.6388625393360927,,0.1412855842473089,0.5517241379310345,False,5
-0.96903114508112764,0.097430094408354401,-0.22690530308112394,-0.10115849599731323,-0.99485858472849209,0.0048327093417911901,-0.22526783736325784,0.027636445060821226,0.97390483536846673,-1.5569285180907431,-11.299478520451324,-3.1990464977240718,,0.1105678824600637,0.2166666666666667,False,3
-0.96977235999791811,0.076179653886995879,-0.23181507741673824,-0.077937443883160776,-0.99695699934550741,-0.0015799673932435018,-0.23123002535360765,0.016534865879772126,0.97275858957159089,-12.860396212042808,6.3183417351014075,-6.9491613989509622,,0.16275818873332,0.8319559228650137,True,4
-0.26572484823167752,0.95428791140650293,-0.13683890958228034,-0.96168474658362724,-0.2723238930217094,-0.03165668140987872,-0.067474092958986431,0.12318392522125651,0.99008735339183451,-10.405933371919314,-13.409345987302935,-5.0669989676162102,,0.4483631527176232,0.631578947368421,False,2
0.40323988952784973,0.90482495568931487,-0.13670914766539383,-0.90880880503793049,0.41345582229432909,0.055864468998197692,0.10707075874905361,0.10171569482017526,0.98903476685511549,5.1834500861682606,-9.7561871268330229,-1.8002246234193695,,0.1590679569007094,0.2083333333333333,False,5
0.58621765161405326,0.80899864245660302,-0.043244207004875496,-0.78742460540570314,0.58151387562625556,0.20446051759644593,0.1905553875852882,-0.085806811836285607,0.97791913536074937,2.6788696877403284,-7.2470269043315554,-2.5700000940588734,,0.5881694006467244,0.1481481481481481,False,2
0.97154441187367202,0.05166921472736976,-0.23115308348905711,-0.031693894232144672,0.9954993428200628,0.089311564274880934,0.23472740109634346,-0.079444009807420571,0.96880942216737154,-16.062968837550692,1.1867449469038447,-7.2528031411133931,1.347679496816205,0.6329475685542193,0.2352941176470588,True,1
-0.89623478798067879,-0.33663773812839382,-0.28885677780004682,0.37773835405453199,-0.9205895549172709,-0.099139332524447496,-0.23254449184919368,-0.1979644024692796,0.95222536968176852,0.054567965806201602,-15.013351852790665,-2.6245514236162744,,0.3382265310964968,0.2777777777777778,False,4
-0.43816772062255172,0.88506187935329761,-0.15708124751239205,-0.89625750497635481,-0.4435329591911143,0.00099944221231803437,-0.068786142339863784,0.14122317029009493,0.9875851774886143,-9.2140734756406601,16.757100493232969,-6.9729451247543386,,0.4246717090154185,0.855072463768116,True,5
0.58940972895915555,-0.75201692864818837,-0.2950706871833253,0.80037865609806857,0.59313075017417749,0.087120147270689258,0.10949967246957421,-0.28751774245142225,0.95149533341193715,-1.9923487901957828,5.2879389091909692,-4.4621131732377934,,0.07865408918213448,0.2098765432098765,False,1
0.71149518431325387,0.67605495782959302,-0.1916358439673459,-0.67420875620923459,0.7336369906278446,0.084966575977364928,0.19803321880393315,0.068749254370849874,0.97778135811315547,-5.5861510835149044,-15.879295852338512,-3.8172141712952703,,0.1199860558331021,0.391304347826087,False,1
-0.79298493345699894,-0.44982958864754563,-0.41088713351403289,0.57062365062645748,-0.78467718539865527,-0.24221966076389975,-0.21345618907853986,-0.42653845769405607,0.8789205876824383,-5.2386079357411885,15.558764165005334,-5.9595417432046736,,0.743869927173437,0.125,False,1
0.7341174334659778,-0.62472579754045598,-0.26606253356827358,0.66412662742625428,0.74222106241350527,0.089686773011400489,0.14144757553509577,-0.24253983672215704,0.95977445839011311,-11.00269845488944,-12.584655129503131,-5.2531748784451393,,0.1266987410219382,0.1428571428571428,False,2
-0.94169213435738441,-0.22487272568938016,-0.25029618720720409,0.24061664732447718,-0.97003252327114231,-0.033771775590726451,-0.2352010908132936,-0.092028044840966883,0.96758011856537607,9.7527202118174028,4.4612525185526213,-1.7955627368195466,,0.1214743131152064,0.3157894736842105,False,4
-0.018446451054253465,0.99089065133957299,-0.13339957095635718,-0.9991930057078906,-0.01350855887602226,0.037826659666492068,0.035680047476630644,0.1339896858901094,0.99034019320995736,15.969024118203549,-5.7429379703547774,0.31632659076733305,,0.1571260617228291,0.25,False,1
-0.64246354727776078,0.74940023809791356,-0.16012455638679562,-0.75621382778231383,-0.65381601319088245,-0.025792781276972723,-0.12402111550094408,0.10451748195384039,0.98675977769461798,-26.888268714439114,8.8653486529941326,-10.178708564238095,,0.2298725090918289,0.1538461538461539,False,1
0.61493123021419227,-0.74387095642213508,-0.26175481332513578,0.78094502254102682,0.62052995892481533,0.071185966630794434,0.10947353047953609,-0.24819059262668153,0.96250557185709917,-7.0230001223182708,-9.38628494468837,-4.5217860321058083,,0.1104645546206135,0.3333333333333333,True,4
0.014495903476049884,0.99986782353263126,0.007362353328417115,-0.99894451290879505,0.014160770215260701,0.043695911894835682,0.043585879729835714,-0.0079879941806436372,0.99901774911016838,-10.561228545535768,-16.290482159103558,-4.9707925626135099,,0.1406277116515054,0.1538461538461539,False,1
0.96799720479127394,-0.074584638621545019,-0.23962166679575111,0.10310222018108223,0.9887072729860702,0.10875596782788415,0.22880416016762486,-0.12998099871189511,0.96475571844060415,-5.1529441676707473,5.0724169218909125,-5.1432586402074811,,0.0699063933240447,0.1617647058823529,False,4
0.5989871973215718,0.80052734051766206,0.019243558105714376,-0.78133514783105107,0.57902826474461022,0.23289837996576002,0.17529895666739789,-0.15453881619374876,0.97231066541551281,-24.212258212342206,9.8668150643456194,-9.7529217967593667,,0.623870248100898,0.1282051282051282,False,1
