axis_00,axis_01,axis_02,axis_10,axis_11,axis_12,axis_20,axis_21,axis_22,location_x,location_y,location_z,dbh,dbh_approximation,score,reconstructed,number_clusters
-0.94443839836034449,0.11020717008586202,-0.3096618984702727,-0.13040092013085969,-0.99042953677386913,0.045220932265095243,-0.30171461968484836,0.083088581330800576,0.94977080178370521,5.3933314380867214,-8.269695240830389,1.6956168292945855,,0.1004112996466393,0.4146341463414634,False,5
0.67175369792993722,-0.65835037587649126,-0.3395905650938163,0.72109446642075858,0.68611525808596552,0.096273688612157043,0.16961644912807264,-0.30954908367642109,0.93563327483596481,1.7557206609134084,1.361722236083468,-0.67155387154106816,0.4868502468201961,0.4077842535149125,0.9282769991755977,True,5
0.77058283639021741,0.57982090316146651,-0.26459367437229309,-0.55884062035230042,0.81429765078566252,0.15689645301666311,0.3064298505450565,0.026963979342362054,0.95151126662429042,-1.2008690864190874,6.9573151291486761,-2.5600534082726081,,0.2214265427566669,0.2857142857142857,False,5
-0.26103659658911882,0.94462067217926526,-0.19887604413996707,-0.96520540772307029,-0.25869949724608382,0.038119431091830192,-0.015440730012243595,0.20190679982659282,0.97928301733486256,-17.0670144864268,13.176088833578941,-9.7768395477656895,,0.2194704258566461,0.4230769230769231,False,5
0.33204057627035477,0.92945097219821993,-0.1608413690249936,-0.92749228259388639,0.35275921918043684,0.12376994389588711,0.17177637043212066,0.10808248499637702,0.97918897818458628,-13.194288569400745,6.8246535744303483,-7.5473602481434581,,0.1274548932948099,0.1111111111111111,False,5
-0.94106472996165025,0.12162670096720526,-0.31560120347368686,-0.1297822472828695,-0.99153056113072857,0.0048697673445513845,-0.31233594463720232,0.045542199723069568,0.94887942634033851,-12.133014874840992,7.2169361650618118,-7.0683861845828844,0.3764581632911602,0.4161132153125669,0.7058823529411765,True,5
-0.87960918628467433,0.42408884554820103,-0.21549090580627089,-0.39803639907401739,-0.90421881840726803,-0.15477517065199403,-0.26048935566698805,-0.050368437733945712,0.96416197605196963,21.028947002583635,-0.29373170958191597,6.7721606794207725,,0.4713999531155955,0.125,False,5
0.67477743542690916,-0.61939136127378402,-0.40128512832908847,0.71740929292669553,0.67810292614081458,0.15968822117390097,0.17320311504445535,-0.39563968852817938,0.90192567199311013,3.3649078977530165,7.9080344175689623,-0.73726122954668094,,0.07738406507680998,0.26,False,8
0.75361717065584444,0.61649494437878549,-0.22802443651520815,-0.59024523733658851,0.78735873040557813,0.17797974450928605,0.28926064352786418,0.00046174615832267341,0.95725026346109254,-11.910093255073543,-7.5181302163958748,-5.2148692205809546,0.604442751085879,0.4457272795273958,0.4385964912280702,True,2
-0.13093120037426464,-0.86808419459593766,-0.47883906676594179,0.98361314471040207,-0.17413131423933439,0.046727582370557727,-0.12394435171265068,-0.46487430182147726,0.87665824651601054,6.0543884292712731,5.8644526848964285,0.64043168114961668,0.4832372069983384,0.4881597682652874,0.4868913857677903,True,5
0.94640981717159245,-0.084787619831530714,-0.31164004473837653,0.13081908520889998,0.9828627397710934,0.1298737914853009,0.29528769853541137,-0.1636822968221201,0.94128278471493143,-0.42485075295440794,15.189610338873365,-3.1239220264620067,,0.08244915763013003,0.28,False,5
-0.61500401265921556,-0.64443487544823175,-0.4543938332758104,0.75249544935575108,-0.65185602433205903,-0.093991075325735682,-0.23562823071938832,-0.39973418023484508,0.88582838182123447,-4.2754799479147216,19.574661320239809,-5.1164004300125692,,0.5550213320902089,0.6136363636363636,False,4
-0.78623103958242346,-0.46186772138823479,-0.4105106092865084,0.54022321136349261,-0.836282521688959,-0.093757270766966341,-0.29999939050147384,-0.29548223611106433,0.90702294008561235,-14.469799832019376,14.985352000060088,-8.9835359873046894,,0.2347518081593806,0.2222222222222222,False,1
0.74058827582054831,0.65809079897337375,-0.135814233509361,-0.60627534245151904,0.74156074578268838,0.28725923736151199,0.28975716531682505,-0.13040000238040939,0.94817541864717647,4.4489276225896095,6.42419345785496,-0.045971209360580745,,0.2348524987025956,0.3538461538461539,False,1
-0.068238810265295685,0.98331322837327806,-0.16863736145853456,-0.99717380314875015,-0.06189837610523595,0.04257930658653885,0.031430416596550131,0.17106632030196403,0.98475806316623338,-4.2513045118183408,11.145678273774276,-4.1024223004436928,0.3811542469994849,0.1715323342584079,0.3838383838383838,True,5
-0.77399708010216228,0.60246861765771242,-0.1948334794919328,-0.59655986167490149,-0.79698051284628513,-0.09454307791528746,-0.21223772386583517,0.043053767325043374,0.97626918505470184,-11.79512058916565,-2.4463653864554713,-5.8340795109360908,,0.3502376078199432,0.2183908045977012,False,1
0.37550993263098859,0.8980621128189813,-0.22907800421379843,-0.90691005434731597,0.40699731945706541,0.10893729975775623,0.19106659524683556,0.16684610715827367,0.96729309555424348,-18.490161938490441,-13.627586543434465,-6.949112012853524,,0.516553055857354,0.8611111111111112,True,1
0.74101819352141773,-0.57103861037490755,-0.35328026031940929,0.64109790193340443,0.75813147512766332,0.11929017795837323,0.19971358743671366,-0.3148834258608223,0.92788087118514873,-6.5878578607644043,7.2220196995706303,-4.6681063405132948,,0.07034949994990854,0.2520325203252032,False,5
0.40857282998004579,-0.82336000519425645,-0.39388646136750016,0.90987176019723903,0.40151710323423051,0.10448634267678958,0.072122275322369839,-0.40107644864402958,0.91320099635590535,1.5686395100961186,19.601251685139516,-2.7602251288870612,0.2475957346652575,0.2100205371011078,0.6129032258064516,True,5
0.84984804030433614,-0.34801173302922472,-0.39578547480279608,0.47269427159182054,0.83542305005571205,0.28040765510215537,0.23306315452073773,-0.42538942289343146,0.87448579456457487,-7.5023489184682282,13.70299246815414,-5.6124607130905204,,0.4362850383135713,0.16,False,3
0.90840247944454056,0.34603081257956864,-0.23466489316583866,-0.27407409068643207,0.91669591387403193,0.29077825623842468,0.31573458498146251,-0.19982812172508896,0.92756692136708208,-16.668367846199413,8.9388522478433323,-9.1572463655251077,,0.2250041693671262,0.1944444444444444,False,4
-0.87772832368750242,-0.35910907563783023,-0.31722809079788228,0.4255945837045072,-0.88845282276750537,-0.17181627407739475,-0.22014140936705562,-0.28581856747068457,0.93265508435374511,-9.9923830728263887,4.576974453331748,-5.8666380269288325,0.7592818340290343,0.6725320061768876,0.5651750972762646,True,2
-0.056263291788596986,-0.91345811598566129,-0.40302445625177313,0.99377946089681135,-0.090093694744045494,0.065463801195848811,-0.096108402841552101,-0.39683421791384477,0.91284488189174451,-3.0539839772192843,19.155360629890531,-4.6035880651485979,,0.08543287953649684,0.2777777777777778,False,5
0.78812420995156285,0.56255045070189125,-0.24979435562743033,-0.55353331013742246,0.82525280563151249,0.11206552264467615,0.26918600308435819,0.049947945026951518,0.96179212854496354,-14.325006876354824,7.5374825206745557,-8.1300048538066445,,0.1376594316004972,0.1836734693877551,False,5
0.54997910319101684,0.79578736706510678,-0.253466866617297,-0.79967716806665268,0.58930744255676903,0.11503549460970654,0.24091370431360748,0.13942454793466641,0.96047976683900549,-12.099438453216443,-19.330859029906257,-3.8507921598658306,,0.1464541733562759,0.3571428571428572,False,1
0.68643555473742091,-0.59206031777800072,-0.42222128002380943,0.71241921784200157,0.66395933379955974,0.22719344424925139,0.14582553700131537,-0.45675221200675076,0.87756044212647843,24.206633147630718,0.69063113018851174,7.9893197652519063,,0.3329525435370582,0.5454545454545454,False,5
0.90800845789857576,0.31183396492006765,-0.27978602307277761,-0.26993446473728383,0.94618361308284593,0.1785271830296096,0.32039978953121484,-0.086580301776568988,0.94331745781186072,-16.539397852316778,-12.970105509451663,-6.2327384032932764,,0.5357530281417116,0.25,False,1
0.9449749634558442,-0.095762897225793606,-0.31281270107933123,0.13830735130029329,0.98348589874004244,0.11673287264428811,0.29646820237239963,-0.15357393820050463,0.94261426388935177,8.0064584180204363,9.9897109871884968,0.75181702639927828,0.3619426492375732,0.347471858395183,0.9036144578313253,True,5
0.95568938477779031,0.080514386270836943,-0.28315231488808579,0.0001896707170227583,0.96170118004642358,0.27409998964308302,0.29437690780370374,-0.26200815617218781,0.9190723378772655,18.410852114113215,-8.2428571917773112,6.6199249007152181,,0.2860220217097034,0.1176470588235294,True,5
0.75323328594714567,0.60146460993358941,-0.26623286787829403,-0.58962671937001598,0.79682196901987612,0.13196621344965853,0.29151320509750211,0.0575766678848606,0.9548324348120244,10.167853139723627,19.107938170185044,0.82603477006165749,,0.1473469271057854,0.25,False,4
0.35626197619698208,-0.80156404767847467,-0.4801796349133528,0.92647478880038803,0.36976379146180655,0.070137039009827762,0.12133371350740674,-0.4698614859648419,0.87436166085517109,9.8474177273782892,8.8283419481500047,1.7088009790459378,,0.209063495232751,0.1923076923076923,False,3
0.33536579989439069,0.89539151392869309,-0.29292288583461373,-0.92443174508777071,0.37268400859234291,0.080824367696389454,0.18153712825528057,0.24368148580477972,0.95271381040730208,0.21907424809693885,8.2058923816449134,-1.9850444275655188,,0.09262395787621096,0.304,False,5
0.51935123638707337,-0.74530034766380648,-0.41809291435687645,0.84712948388423415,0.51339193718000642,0.13711439155898567,0.11245412752428793,-0.42538936353741652,0.89799663618077208,11.239543999284765,14.805978247644946,1.6107342189539913,,0.5755248423393979,0.5151515151515151,False,2
0.37628416035584339,-0.81476823961871947,-0.4410928999359563,0.92468208126603479,0.3600979144110667,0.12366301234530504,0.058079938453934915,-0.45440313351187794,0.88890073293015937,-14.140995399177235,11.147107844882358,-8.2581720524895204,,0.3223238967693426,0.2692307692307692,False,4
0.25528602075450141,-0.90517437236304932,-0.33983584746829237,0.96682406439807855,0.24224423526645211,0.081049114621645629,0.008959693527854154,-0.3492521812348951,0.93698593254891249,2.7517100088075805,19.23946936365147,-2.2367869648132284,,0.102140874207921,0.4482758620689655,False,2
0.83792077640392237,0.51617230280816406,-0.17735536722739784,-0.44894299692412798,0.83662597449693377,0.31385851001659781,0.31038517681008959,-0.18336611631043859,0.93275822666208419,-41.331571971615269,12.293316899143932,-20.351713074519285,,0.3612162622088013,0.4666666666666667,False,1
-0.92316626537171964,-0.20952817448117556,-0.32227626437300444,0.21315378435822904,-0.97671323227690099,0.024427977996048247,-0.31988984149766025,-0.046143320142744471,0.94633043030054087,0.42366193276457947,-3.1829727388272371,-0.7512446312885851,0.2157670769473454,0.1594200329330706,0.7226890756302521,True,5
0.45000055535555505,0.87384296627524127,-0.18411401486844939,-0.86307284316839994,0.47851299056561758,0.16164957545618147,0.22935729237350733,0.086161407551390207,0.96952124488525593,-25.653543024200388,2.9888551499863891,-12.409428611582971,,0.1893342546806428,0.3888888888888889,False,3
-0.24310444473109433,-0.90364865461033617,-0.3525894751306643,0.95763117531871156,-0.28145075153915827,0.061057403447478745,-0.15441101323963732,-0.32280734731256344,0.93378405186174418,-10.401867028805544,12.296846106137757,-6.7946552406475185,,0.07793918292662647,0.1739130434782609,False,5
-0.38408379177251206,0.88419838811381835,-0.26584365960950496,-0.92181186129824288,-0.38355767336954866,0.056092812099294696,-0.052369201516900263,0.26660217864125435,0.96238284745532443,19.95179322281188,-6.289284091967887,6.9746507503807056,,0.2692032765945078,0.2857142857142857,False,4
0.86802873701453176,-0.27825768028970832,-0.41121621451098872,0.42545372732337894,0.84379265432807249,0.32711325624106163,0.25595944527131825,-0.45889717787514983,0.85082203927414946,7.877169927829053,-8.7304793789080257,2.5791121128999062,,0.763502965089204,0.2826086956521739,False,1
0.26182627386128693,-0.88702989210099903,-0.38029590168079092,0.9649570254830766,0.24773285291392463,0.086523826533405374,0.017462568160763484,-0.38962341319076188,0.92080869598783288,-6.4024259693678411,14.826109494899699,-5.4182403712525806,,0.09371375430860782,0.2857142857142857,False,5
0.72921624906974447,0.6646164542727786,-0.16287612103231214,-0.61904335376573505,0.74216285533106685,0.25686498851597039,0.29159730494489133,-0.086482743230762549,0.95262361238432391,10.15023432377907,3.5422456017363211,2.4884591511128691,0.5075329372941624,0.3280742795700254,0.1935483870967742,True,3
-0.91667786533672757,-0.20322403337513223,-0.34409545690177828,0.2381331506688607,-0.96925499463678344,-0.061946411713437927,-0.32092724059235311,-0.13872543973760584,0.93688897880986211,12.978260344544044,1.8876821063341021,3.6532204590599036,0.8461833132888112,0.8851883729432816,0.7714285714285715,True,1
0.71106500947382223,-0.58519139114327479,-0.38979172391649197,0.67160317186781793,0.72939700317797396,0.1301122257594422,0.20817236089134961,-0.35430360919243875,0.91166508141648839,-10.098144680519594,-5.0392882908365078,-4.8187533326598677,0.08475805084102309,0.0992042950897282,0.2098765432098765,True,2
-0.88358031975309015,-0.22059139085005389,-0.41306810192493071,0.28783926876827082,-0.951625043346505,-0.10750968435777883,-0.36937023959703791,-0.21389066169096954,0.90433202472400886,11.469776911707225,18.095204980590484,1.3279991120886536,,0.2881061554570514,0.125,False,2
0.91281723118173896,-0.25217175749977161,-0.32120726513760606,0.30097486667369522,0.94705456146182843,0.1118113913923607,0.2760051305473421,-0.19873867850476556,0.94038508366398732,-1.0776508216107434,22.000877482127088,-4.166210721873683,0.3323750061804255,0.3115578762280977,0.6774193548387096,True,5
0.18066177112678949,0.95294450195912384,-0.24342986800967784,-0.97441136220174041,0.20706767511727867,0.087438407657471892,0.13373040666011837,0.22140405169599472,0.9659691631864431,-15.917550563786417,13.613044302916316,-9.3677550785250538,,0.09379655394182858,0.4736842105263158,False,3
0.90095265457832974,-0.28137581092005381,-0.33032100635191547,0.34767561094200017,0.92359302716596747,0.16154748443262892,0.25962662375874868,-0.26039119263040705,0.92994109654114465,11.718239442153722,12.201963856212849,1.9990755519563195,,0.2402485929816295,0.3888888888888889,False,5
0.83383345050511404,-0.41799458666038208,-0.36055832030526247,0.49743081827071578,0.85215455303935306,0.16246599265331463,0.2393415088388598,-0.31482239954761326,0.91847836059965038,-6.5180514886381005,0.090471062347565107,-3.9511511686474559,,0.3839735347710979,0.282051282051282,False,1
0.90066076346041757,-0.26270170438337531,-0.34611848213721402,0.3435150526779448,0.91826876383648548,0.19692609259791688,0.26609697057006865,-0.29626051352869182,0.91729063571866332,-22.471155567292787,10.319988684004517,-12.143046277403741,,0.0832821853230759,0.4090909090909091,False,3
0.93157933727573117,0.20185794319732256,-0.30234633969845681,-0.17057862072235172,0.97715103131273695,0.12680219302880047,0.32103406752768188,-0.066552481340664965,0.94472635970106755,4.154463788328882,11.829845510444175,-0.93402550556004849,,0.08819764361917384,0.3111111111111111,False,5
0.88642755087197722,-0.30208480840751806,-0.35070067804967348,0.37919774392507533,0.90843195138553601,0.17595584873484582,0.26543411245964721,-0.28895701796505979,0.91980898762270147,4.9463905657412299,-6.1286124866776888,1.3126455239389967,0.4812580748675108,0.4011292348096025,0.2277227722772277,True,5
0.66168783501638728,-0.66086813828999702,-0.35415040983237539,0.72964598734003505,0.67628597163473525,0.10126212386004828,0.17258604274364639,-0.32540834095513815,0.92968998568711747,-4.7134088814707926,4.8366437499128372,-3.584323617645182,0.5309544768448928,0.2887334674158749,0.2956810631229236,True,5
-0.93272245829324552,-0.13907119590085115,-0.33269808876233742,0.16214373277517,-0.98585256007288558,-0.042475165914591551,-0.322084190417877,-0.093562451167361463,0.94207634617074199,-11.791801122231011,14.426718255350869,-7.7173901053409866,,0.1063091726209655,0.2727272727272727,False,4
-0.75322960248314685,0.59033302749765182,-0.29008978366798155,-0.62396136016639092,-0.78083444708816274,0.031141407479911898,-0.20812829447815867,0.20446144596470756,0.95649261897394333,-3.5929178143609222,8.5861557921075402,-3.5836555152085552,,0.08629136150009899,0.1272727272727273,False,5
0.93124965290274764,-0.15737080288905861,-0.3286464884439913,0.21925742071207352,0.9623829352440737,0.16045332471996945,0.29103310366898499,-0.22148028433487302,0.93072349074241356,-25.95753977776069,3.8459280634789517,-12.638331355404594,0.417679689938725,0.2964915727297897,0.6396396396396397,True,6
-0.63599991209196116,-0.66230159622698048,-0.396056444783077,0.73732375161615393,-0.67299194540451712,-0.058613366422028232,-0.22772307112301343,-0.32929991961103827,0.91635351574731572,-7.0113024697857931,23.203397506991216,-6.6986022387519899,,0.1860492534012506,0.4545454545454545,False,6
0.336128828062778,0.93366837221716692,-0.12361545884916852,-0.92626907481117637,0.3514702468097774,0.13599362726217407,0.17042010442900321,0.068789798144937353,0.98296742147315741,5.6598228937105883,11.272607223043954,-0.23121801147476637,1.147341107671892,0.5939097076646915,0.746268656716418,True,5
-0.58755953169657094,0.75720687883080751,-0.28532707436171229,-0.79771581371580669,-0.60117734469791717,0.047278756008287959,-0.13573237366316016,0.25538900303902967,0.95726338061501948,-7.3432665563307786,5.8213389697518361,-4.868126456804803,,0.08636674352194917,0.4415584415584415,False,5
0.94645791362882381,-0.075723999551034094,-0.31382047992661261,0.11284562563711663,0.98837969322680197,0.1018403004289616,0.30246203481419304,-0.13180082666238635,0.94400490442961682,-12.338130540834888,-9.58291131795065,-4.8987018694250075,,0.08688241677522404,0.3214285714285715,False,2
0.24066919978987644,-0.87275509517873573,-0.42470799393472403,0.9705436800697762,0.22139784735804327,0.095015568523489566,0.011104114062720938,-0.43506498023258727,0.90033058463327886,-33.36136896684333,8.5550783734332843,-16.765659042610839,0.4566817798547672,0.5314927253934447,0.8055555555555556,True,5
-0.79128087341625541,-0.45847553172518374,-0.40456738150142363,0.53249087682426954,-0.84191282189120653,-0.087385733584531153,-0.30054624513463657,-0.28457509930507963,0.91032355093723427,-11.551782724754334,15.414214915003848,-7.8298436486593062,,0.2219437611608301,0.4375,False,2
0.79048514334549436,0.55229256483831701,-0.26477568048135675,-0.53417513922917204,0.8331699272439762,0.14312509551354566,0.29965006053653154,0.028298324342264675,0.95362940708635457,-13.550298929192842,-9.4817524432245577,-5.3187184770669358,,0.154789410253428,0.4516129032258064,False,2
0.34621232874217761,-0.82356386060980469,-0.44931012777856749,0.9364726091014226,0.33205773146350265,0.11294563018588448,0.056178962518833225,-0.45986979730439637,0.8862074777937281,13.520685943205669,11.794539191333303,2.7553577423837803,0.5121843946744568,0.1868804951434297,0.2083333333333333,True,5
0.82449673232966758,-0.37093718552304716,-0.42732978222204587,0.5114851918315676,0.81156057788189528,0.28240454487318178,0.24204965795209271,-0.45141448007817053,0.85885792204591682,23.270024689417262,-6.5143655170145331,8.3181542851613521,,0.4162407042268782,0.46875,False,4
-0.93656454063080818,-0.15978409041952149,-0.31195497380521131,0.18413948732788762,-0.98162548812281314,-0.050040486351278557,-0.29822727983809022,-0.10430937405840347,0.9487781848482385,-9.3700020938964244,13.628673911382945,-6.4029044439741334,,0.2860267463424961,0.2727272727272727,False,4
0.8588785018403654,-0.29812819118181888,-0.41647004778147756,0.44852450179068176,0.83040094463362923,0.33054506870470335,0.24729231765234827,-0.47069507409174483,0.84693131767333818,-11.853169997212603,11.768451685962878,-7.3405101812130908,0.7991716180422627,0.5708686684563874,0.3831168831168831,True,4
-0.86958284328184099,-0.36126136573162698,-0.33662427764436037,0.37845954897989548,-0.92548689464945533,0.015568481558601938,-0.31716564829092347,-0.11386058783365778,0.9415103388080085,6.969118930122038,7.8935060965908903,0.73383212166542,0.25595758175214,0.100527636662267,0.2926829268292683,True,5
0.048222008505114933,0.96583754646561837,-0.25462221374618338,-0.99479475303959042,0.069350020817855101,0.07465905127620788,0.089766570730049594,0.24969663283640303,0.96415432080633734,-7.6582089620152702,-8.2372150914452309,-3.2507095412675215,,0.11003869890753,0.4676258992805755,True,3
0.87364208830296686,-0.33711312038591768,-0.35086214616185357,0.40996064810369875,0.89838087592391747,0.15762001389598743,0.26207206747768325,-0.28154315093400106,0.92306645785129027,16.833057110007076,-8.2314531503485036,5.99862273290986,,0.1453587618878401,0.5714285714285714,True,4
0.92490395967904104,-0.20396492490623561,-0.32085974315583088,0.24423504741845822,0.96550511800245065,0.090272413967828549,0.29137931804185335,-0.16185850771296872,0.94281488983702233,-9.703279240316629,15.290536289028262,-6.9482360285901663,,0.0812759498089748,0.4,False,5
0.58413005830115738,-0.69199647910448658,-0.42418503968914312,0.79876230830933281,0.58289470690134704,0.14903870467344535,0.14412095549722176,-0.42588100870241452,0.89322702411715094,-5.2287584393076516,-6.914844100129935,-2.6130765352203249,,0.08505022059850985,0.3584905660377358,False,5
0.56816301247808942,0.77917058869665112,-0.26473380018791792,-0.77996438103452403,0.61245583942042503,0.12866005237545414,0.26238589056817485,0.13338305165925984,0.95570006066799473,-7.8913318330391142,11.146060502350567,-5.6045286550784352,,0.08274616079834639,0.4545454545454545,False,7
-0.26545604559367209,0.96208953001896336,-0.062584535515255946,-0.96397535080913077,-0.2659914831054947,-0.00023226655479828551,-0.016870414641716375,0.060268293017384789,0.99803963947660268,-14.266990999041488,9.8853704278855119,-8.1937403784590046,,0.6788159589569512,0.2972972972972973,False,1
0.94316807669439251,-0.067408896837346313,-0.325407467234193,0.13698516701999641,0.97101012951850985,0.19589382937946426,0.30276895996965086,-0.22933680254075872,0.92505977530064343,-12.446739391493205,9.8011839856606162,-7.4672127722651327,,0.08910071431775338,0.1666666666666667,False,2
-0.63808523748125712,-0.61488340356220883,-0.46342812790360638,0.72388338124426177,-0.68416558751386691,-0.088939862942217701,-0.26237393175935503,-0.39221913375759609,0.88165983862688135,11.767090091938298,10.708270957503242,2.2247741827021459,,0.1008752342670841,0.5,False,4
0.94076878020750476,-0.11589238375026679,-0.31862683122355834,0.15699025185608131,0.98185170362052565,0.1064015644604787,0.30051316611597745,-0.15012057649154617,0.94188940407289767,-3.4573644594401185,20.353887768903004,-4.8506244948176853,,0.08566985853689849,0.1428571428571428,False,2
0.31191284717727691,0.9413127291998985,-0.12899892097224547,-0.93125589664939357,0.32980644876621562,0.15488757635121153,0.1883423232348464,0.071819580884718237,0.97947389811063601,0.86378438862015738,12.826267139516769,-2.1951659439953097,,0.5574294446859355,0.3368421052631579,False,3
0.87861778173287719,-0.32224839354414336,-0.3524014280348719,0.39964920045565794,0.9001376633231255,0.17329946232558646,0.26136432464655796,-0.2931009381175757,0.91966326983121705,-1.9213587809911985,22.854042928332259,-4.6212188257617521,,0.1139690729937779,0.3,False,1
0.63021513509303639,0.73525691673413673,-0.24945169851952598,-0.73054229743818078,0.67034271834743731,0.1301867566702265,0.2629388429909324,0.1001893524940598,0.95959640396023305,-3.4072204513643163,-11.032453508169876,-1.4348143228646326,0.5340224189183926,0.1752201165458975,0.7571428571428571,True,5
-0.23504103367664286,-0.86657414179681602,-0.44023285799373024,0.96076989342151364,-0.27573893573194569,0.029820315495111743,-0.14723085404571068,-0.41595347827674961,0.8973883103353002,-12.531306655848578,18.817907494309743,-8.5215117954729731,,0.08819996631706489,0.2142857142857143,False,2
0.76194339697124602,-0.55323315404118723,-0.33671254369500109,0.61367602733641624,0.78289612897659067,0.10234932684714376,0.20698790613103968,-0.28461680994472077,0.93602846015085384,12.80774952987456,0.84118704415712087,3.6463211186783333,,0.08119274459336161,0.3076923076923077,False,1
0.94767650761581923,-0.037912236755979781,-0.31697302600890598,0.086542810630873074,0.98625108775925463,0.14078044545247123,0.30727769011301942,-0.16084605745198083,0.93792801800615888,-25.123352865984295,12.44291468346521,-13.462361443464054,,0.133544022834402,0.3333333333333333,False,1
-0.85161815915010541,-0.37954990789233334,-0.36150847628334537,0.41654845267669166,-0.90870586380113816,-0.027222043752829189,-0.31817274801346312,-0.1737685832144239,0.93197134178536456,4.7269484639564059,8.7131246188443878,-0.2157165151349747,1.173039479711623,0.4324241847918837,0.6035242290748899,True,5
0.39251904776884688,-0.84536676419415091,-0.36233110704788973,0.91773780827376272,0.38599518951623918,0.093621733241775348,0.0607133626437312,-0.3692732696340667,0.9273355055912923,13.427124283101943,-0.0063755976904442402,3.9498877536475345,0.1592622391462223,0.1218001070109093,0.4285714285714285,True,5
-0.92376304340618431,0.26598634083881056,-0.27552333136074963,-0.25142916544517652,-0.96390686868369335,-0.087560968861365107,-0.28886885328897499,-0.011610985814260621,0.95729826627229153,-5.7601937194155584,14.238031668075292,-5.0954312617464987,,0.08704462382018635,0.3157894736842105,False,5
-0.52340094965711637,-0.72043409701980365,-0.45500127225018894,0.81166975387419593,-0.58404843770425052,-0.0089237358224144303,-0.2593138186519045,-0.37398146246369735,0.89044607315080171,19.623129320526051,0.66866692478904599,6.1785390610258482,0.4011608626967688,0.217494131993341,0.2666666666666667,True,5
0.95072020452766448,0.084217421017289976,-0.2983932283080028,0.034817387024640538,0.92731646960358405,0.37265522237414272,0.3080890167851682,-0.36468012174937903,0.87868627310161529,-9.7435367774804025,10.881156405961633,-6.4067557748951511,0.7328504228575805,0.5499470563267675,0.2105263157894737,True,2
0.68817399821733005,0.66110060834075868,-0.29893566837875352,-0.67052256621995399,0.73688390303220008,0.086032561520844153,0.27715706082901914,0.14123773965732117,0.95038721820587913,-2.7862217738938826,-7.6435928056826468,-1.5222515879281184,0.2235049070414096,0.2167828404796908,0.8285714285714286,True,5
0.93707330856508386,0.16800615317344,-0.30605154283347541,-0.14165338890743626,0.98416653084025596,0.10653899279087964,0.31910489151049776,-0.056481608243030008,0.94603482818781848,7.5081508287697725,12.163040206264276,0.47872662901654511,,0.08199995454331256,0.5625,False,5
0.81235131233586888,-0.46276774640914459,-0.35486808567353051,0.53853430584476047,0.82877602623395796,0.15202335270659856,0.2237546575481647,-0.31460500826155724,0.92247359962345377,-11.657233748664936,-16.3047443864549,-3.9955544233985361,0.1912686198000109,0.1486122519470409,0.2592592592592592,True,5
-0.94852231008486643,-0.027406723896048434,-0.31552226348794427,0.024674634885992672,-0.99961548049610693,0.012651227046495572,-0.3157476677103298,0.0042145744535831333,0.94883383566231649,-14.103321002701023,-6.0945137479886489,-6.34219355391307,,0.1396412154206133,0.5625,False,1
-0.6538065158240034,0.70832157970402609,-0.26611572593830307,-0.73912516102109815,-0.67313173579260621,0.02424175353328499,-0.16195998336506731,0.21254224519945589,0.96363621652258447,5.3262375315630406,29.182816760150978,-2.1591043875495131,,0.4195452594802571,0.6842105263157895,False,1
-0.53256012902631689,-0.76874789786987496,-0.35412763022972416,0.80446207862031305,-0.5897997776452617,0.070547759365444121,-0.2630978392791497,-0.24731132568131095,0.93253237753784957,13.656168447357961,9.2854268653526635,3.0527065611980095,,0.1376231269052225,0.1818181818181818,False,5
-0.63617556753994609,-0.69248220671917482,-0.34021910681584133,0.72606450095787145,-0.68648511851117666,0.039604576900807702,-0.26098081867069012,-0.22182555181952585,0.93951180772033871,-7.8202636095172338,15.763042552622766,-6.3094028894701379,,0.1121889040190362,0.3571428571428572,False,5
-0.011133286247402695,-0.78890365359843484,-0.61441604412350259,0.99696113305112866,-0.056135388878383451,0.054012195853176348,-0.077100902217435846,-0.61194758227687529,0.78713125171266318,-41.210382689126,13.475802928516696,-20.434544465749955,,0.5133018791691124,0.2727272727272727,False,1
-0.55260996528152939,0.81408184039401987,-0.1785860672399506,-0.82502758978656909,-0.56469407244081127,-0.021215104081211078,-0.11811732456549906,0.13561475469467626,0.98369555043549484,14.475565045266181,0.86136188734428698,4.2851510910513957,0.1883581401343101,0.1754178678106814,0.3684210526315789,True,5
-0.81914884368173335,0.48989322570095095,-0.29832834144143133,-0.52731459074378662,-0.84784739724235925,0.055624755083224772,-0.2256867171182011,0.20287784108096424,0.95284106088829679,-1.0727322768921095,-5.985701381971281,-1.0110740084925183,0.1499413881909589,0.1088195381539012,0.3858267716535433,True,5
0.93947793154737058,0.20338400868804885,-0.27571028480173621,-0.12250605262225672,0.9509501495751993,0.28405295297500405,0.31995856482736568,-0.23308530205246036,0.91831245159843411,24.402430540934372,-6.9049390298134403,8.7348430426038259,,0.4339584709251153,0.2121212121212121,False,1
-0.351117602727825,-0.86712450084728865,-0.35328675192399334,0.91818603595295911,-0.39278478716968751,0.051521979281216587,-0.18344163223122523,-0.30629268845077445,0.93409526096964002,-6.6018172593388647,-2.6950229654045015,-3.5309172957469754,,0.1192564900475647,0.4593301435406699,False,3
-0.91222701375060544,-0.24202833744565916,-0.33055129595411181,0.26797858017040199,-0.96280397638152193,-0.034582996310111941,-0.30988603704185824,-0.12012821041379083,0.94315420643141468,-4.083689159536557,17.583145162094013,-4.9215344068071278,,0.1145018114485988,0.3333333333333333,False,4
0.95605579582221711,0.085490735533695503,-0.28044366531026066,-0.0013232416055610659,0.95779085642943373,0.28746290955847492,0.29318179395453436,-0.2744594860413434,0.91581462437303385,16.794671046982579,3.2887207104897085,4.9775246851398629,,0.6211926777295705,0.25,False,5
-0.94953352055650131,0.0091557289333024944,-0.31353192176758804,-0.027642102435663639,-0.99812742117522435,0.054567071307095073,-0.31244520721642255,0.060479944823033767,0.9480085277895397,-9.0484903010231257,-5.5267732846943725,-4.3569553313424292,,0.06970930244610106,0.2753623188405797,False,3
-0.91192230189628787,-0.25478583768896329,-0.32168601495450305,0.28700981141078796,-0.95627651224588661,-0.056219216294667279,-0.29329692030111643,-0.14359459961981799,0.94517591352187158,-6.1807718989696818,12.391300270935215,-4.9745151015019848,0.1371758224564209,0.1697579887691307,0.2857142857142857,True,5
0.20224826666118392,-0.87041361562297337,-0.44886053109032681,0.97918516825457047,0.18772489836536779,0.077173627645601345,0.017089321309407622,-0.45512580708179573,0.89026313796839229,0.74177625158780414,18.721286330771342,-3.0235510903421412,,0.3196730124225488,0.3333333333333333,False,2
0.44679834887206754,0.86941269963911672,-0.21093314853625345,-0.86918182715495629,0.47768907660586241,0.12781274363305994,0.21188248344015101,0.12623273663222839,0.96910840952577249,-17.218703949198314,8.8562051705872609,-9.4356323360602037,,0.0841721266067047,0.2105263157894737,False,1
-0.85678871755102259,0.46050349744687707,-0.23205521393941669,-0.45080680504700571,-0.88738740522259607,-0.096523663293618306,-0.25037235869916913,0.021911683903861875,0.96790162728859619,19.369040435956148,12.283236206450171,4.8480273814024715,,0.4857624939408413,0.2941176470588235,False,1
0.06939571965110361,0.96669649437950589,-0.24633741463382688,-0.99292862821275207,0.090773856536737016,0.076503896926816833,0.096317046101126652,0.23928642820649138,0.96615994116219273,-17.741507161062724,1.1002997533668664,-8.7684617446501552,0.2691283927220885,0.2386915587951087,0.3783783783783784,True,5
0.9226115249510628,0.27746669148558584,-0.26795561039753679,-0.23692872779755125,0.95582391824292223,0.17396958141865179,0.30438914562071306,-0.097019958930055827,0.94759399301467817,5.5548580999378983,-12.531665866360505,2.1263315078831746,,0.1780217058717166,0.2727272727272727,False,5
-0.15825830609501221,-0.89691190650201014,-0.41292050146107534,0.97888510641440196,-0.19731058626734305,0.053408622776682367,-0.12937641590337101,-0.39574937084190764,0.90919974619784816,-17.182894125695999,5.2413370861263235,-9.1076231507288838,0.3855697886642998,0.3111040473906114,0.8143564356435643,True,5
-0.67476122262058658,0.68531315722504493,-0.27394008283165,-0.71471773556763418,-0.69932693219078057,0.010972710590558182,-0.18405393479261395,0.20319379529619389,0.96168416366314569,-0.16206859552592578,27.315457282682864,-4.2335692477912827,0.2043455548750182,0.2879057303650661,0.3703703703703703,True,3
-0.80105648842987898,-0.48383825609623421,-0.35243303517426688,0.51630286474846165,-0.85640325923545213,0.0021930397686494851,-0.30288587652269783,-0.18020543695640778,0.93583446522044023,-15.710191018958152,6.0593437632423672,-8.4891580443036219,,0.07529703337577047,0.2459016393442623,False,5
0.34769912457749824,-0.86938301293979614,-0.35111037520951188,0.93646952461214361,0.34044210752030496,0.084403796714602658,0.046153529017271835,-0.35815129238752708,0.93252211958773223,-4.8273775649610426,-5.4511432424559363,-2.5974672542464128,,0.09305926597037803,0.4398148148148148,False,5
0.87451283283397441,-0.35941399156054837,-0.3256514822309472,0.41429999053023242,0.90267840161631807,0.11630658236772559,0.25215634645066587,-0.23662900482807497,0.93830905943549747,-5.2206637117159937,-11.142168409505086,-2.0429318090183357,0.1462084766588922,0.1153143620790398,0.4,True,5
0.8514937821693499,0.4621697944505383,-0.24770429956801837,-0.42549000593271069,0.88506529850008731,0.18872644817919171,0.30645814359928031,-0.055303693262733794,0.95027622706936332,12.149035917240626,24.803315471253281,0.99022529847244234,0.5890744384947112,0.5299629210643955,0.2608695652173913,True,5
0.045622218118249007,0.98665276022613391,-0.15631680636489909,-0.99529601820282909,0.05828263779801509,0.077388437643476568,0.0854660714176321,0.15205086277116545,0.98467054681603017,-11.386208772982059,9.2947588533210119,-6.9071942587896427,0.7862492956463047,0.3402329601539737,0.7103825136612022,True,4
0.45797424419101074,-0.75439911350801592,-0.47025691828615634,0.88475471111080684,0.43823448576559887,0.15861789512219204,0.086421599296159723,-0.48870493451988112,0.8681582771309696,-38.644373729125988,8.2444363628637287,-18.47424922446401,,0.160530784883942,0.2857142857142857,False,1
0.3620829846802795,-0.84930481955407988,-0.38415782653387825,0.93205917805694372,0.33549386187352137,0.13678288359661969,0.012712230521675194,-0.40758458278914744,0.91307897088245416,-6.2076930823135923,16.006854506318447,-5.5850737650520861,,0.1362988383227607,0.1739130434782609,False,2
0.46031374333351227,0.84971341642721265,-0.25709602805543719,-0.86009477992529848,0.49858929339922248,0.10791517990030192,0.21988230316135005,0.17145211124759238,0.96034157793214481,9.822783656153133,18.178838351544254,0.62600220591259503,0.2831898129266556,0.2547961901303985,0.3636363636363636,True,5
0.8995323004567396,-0.2857592968136502,-0.33042891023573262,0.34452078231366623,0.92910990526366977,0.13438829746266651,0.26860206810258375,-0.2347262410245238,0.93421438695061421,10.065519889175773,12.03164643697445,1.5098576011195439,,0.07634401831203877,0.25,False,4
0.066594316827298605,-0.90634613387747154,-0.41725517680631058,0.99644450755578395,0.038780554682941025,0.074795801622782765,-0.051609498430198152,-0.42075260448848495,0.9057061915919199,1.1421957228635526,11.132139724987393,-1.9875998108104298,,0.08214037927216641,0.1142857142857143,False,4
0.92102183139970983,-0.1315912538400662,-0.36660950342008752,0.24447677374257476,0.928020083896262,0.28108687444560065,0.30323240787479455,-0.34851465650381791,0.88689776243740737,10.241146718912185,-4.8799054334780942,3.2390158313215407,,0.2093516444669383,0.1481481481481481,False,4
0.85912828103901318,0.42236046087145651,-0.28898137969668852,-0.40690250360276431,0.90622959387868696,0.11479667129439425,0.3103690533554419,0.018962180015009961,0.95042700216709208,12.393748562070201,-5.5008557849341768,4.0466100354256378,0.3081278428159694,0.2003512474095032,0.5849056603773585,True,5
0.95019216803663709,0.056512604120082854,-0.30649823715219371,0.034340784287858334,0.95845105927203988,0.28318241032027491,0.30976693551173318,-0.27960309825871488,0.90877200281907766,-18.224051619022482,14.442028936752182,-10.501310133769497,0.5412927425573411,0.295980464301939,0.1,True,4
0.6173161128147272,0.75480894038262403,-0.22177529253227332,-0.74285376575228335,0.65207086175151985,0.15156475171451467,0.25901563575770303,0.071183247840279851,0.96324651344292045,-12.139421313588993,-5.9835523967859192,-5.5729355442741006,,0.492450919695511,0.25,False,1
0.7595401693430559,0.61380284629191373,-0.21527841749294607,-0.58216326887158953,0.78910962630162718,0.19593857725024905,0.29014592799325511,-0.023496032900295477,0.95669393063135988,12.020870420615323,-10.173614673886838,4.3188811090827297,0.5636621906772079,0.305473711816926,0.1666666666666667,True,4
0.12469012642704314,0.99215263067976389,-0.0092482326329921816,-0.98564207931616288,0.12493069205066366,0.11358703123620467,0.11385105995519013,-0.0050477340429329609,0.99348500568861786,-12.170213267645169,17.868179557649711,-8.2984172294193872,,0.2618181409923588,0.3,False,1
-0.043142103682722491,0.99107593870925836,-0.12612391764210029,-0.99731561168863836,-0.035245982625705663,0.064181706045146517,0.059163583156755892,0.12855428588853235,0.9899360918805532,-2.9083851315392222,9.5591640829605229,-3.3320760197778578,,0.4713076743304865,0.5,False,1
-0.89567508380768945,-0.22976189766816138,-0.38075663438213891,0.30960085692513201,-0.93679177814542591,-0.16299838585199236,-0.31923886611331065,-0.26387617319314072,0.91019553480756621,-14.561793052624822,6.7066769650195246,-8.0959177062750562,,0.1282559487376284,0.5,False,1
-0.81607709701540387,-0.40925766341339137,-0.40807638582050282,0.48735973748172612,-0.86683018780832133,-0.10528965659520129,-0.31064233132117658,-0.28480447756593213,0.90685597067546642,0.96056098775076437,16.927122635749363,-2.6869119402587596,,0.5165041765853107,0.1176470588235294,False,3
0.3872592289309385,0.92190455933953652,-0.011057715713064187,-0.90121369738838053,0.38104392094600459,0.2064446704317176,0.19453575827436048,-0.069982239025848658,0.97839579157596002,-2.3102463906880915,-2.8629246461089064,-1.7934873634203115,,0.5966072105673667,0.2941970310391363,False,1
-0.50534185562791833,-0.7693681944168862,-0.39077127628605557,0.83141527690343031,-0.55535258934952614,0.018224676523038524,-0.23103732659924189,-0.31568351702690678,0.92030737843146637,-7.6984631373661765,18.640113464933439,-6.521019534923818,,0.1833598587279334,0.1875,False,3
0.94987729382228281,0.038010154615264344,-0.31030364939359045,0.040978761584341591,0.96887826646224307,0.24412219455865264,0.30992558426156153,-0.2446019887965809,0.91875785672661703,-9.4767344702772611,16.847177775501983,-7.1321898716146981,,0.1417635661720297,0.1111111111111111,False,2
0.95560506227391895,-0.010069154506807674,-0.29447848322751791,0.053277897733122491,0.98884705361328518,0.1390790069473678,0.28979377248243343,-0.14859379760893482,0.94548371363157624,4.1071830341500108,16.745245901998537,-1.4985873936064273,0.2933677546001778,0.1255103554947856,0.125,True,4
-0.17298160932218062,-0.91502615715328961,-0.36442350989143324,0.97427869238844444,-0.21322329038075435,0.072916788170266436,-0.14442434834255408,-0.34243679732833548,0.92837419580756386,2.0844294538326826,-8.9959379238483876,0.42985861206942683,,0.08518069949639671,0.3809523809523809,False,4
