axis_00,axis_01,axis_02,axis_10,axis_11,axis_12,axis_20,axis_21,axis_22,location_x,location_y,location_z,dbh,dbh_approximation,score,reconstructed,number_clusters
0.90735405401199476,-0.3085508211991943,-0.28549082543104942,0.37610304732533939,0.89922254305507898,0.22348448683107924,0.18776346412599179,-0.31015352456301404,0.93196012400775397,22.445849565290697,-1.2873895905087553,4.3000856815800139,,0.3131222309392474,0.1428571428571428,False,5
0.79638840324843263,0.59643148989953354,-0.10017479237630414,-0.56394691223600868,0.79218792365147939,0.23324273579305793,0.21847057319209906,-0.12925854508302942,0.96724497267865661,-15.410033451544292,3.8496967317415627,-5.0928774716667329,,0.1404315568631454,0.28125,False,5
0.53778017518359789,-0.81385055393333205,-0.22009034290924043,0.8417558025902856,0.53296750506040436,0.085981436108449619,0.047324961543381644,-0.23150143501087828,0.97168278445324996,0.75142728034908302,11.71025547021967,-1.5283889250568032,0.3051508567149995,0.2272612540825428,0.8098159509202454,True,5
-0.03600363566897298,-0.95834822150740284,-0.2833238863071974,0.99519045876263434,-0.060227693454736386,0.077256557837762599,-0.091102628976518066,-0.27917971143104248,0.955907422148634,-18.415136017415925,-10.931286272429368,-4.8375432909147813,,0.3356458888737865,0.6571428571428571,False,1
-0.6441878544684011,-0.71982445581294219,-0.25860154865932294,0.73182436309794574,-0.6783636494077715,0.065236958378333321,-0.22238504835461498,-0.14722605739396849,0.96377869777897862,-3.0264217882431881,23.145977760355425,-3.0445023731581742,0.4430903319447514,0.2543233625278251,0.7058823529411765,True,5
0.19306501376744292,-0.94682572984912494,-0.25738480482469978,0.98109664099043747,0.18274754064531171,0.063660956836751145,-0.013239391838663066,-0.26481007096362824,0.96420969960894942,-20.93209976071503,5.9259390548545987,-6.4296750020152924,,0.1119153970416941,0.44,False,4
-0.22464885382853614,0.96507961278665655,-0.13473764676986871,-0.97408634102147318,-0.21868639916070309,0.057723990311862136,0.026242955415183331,0.14421372960187451,0.98919851773311618,-22.105065108171086,6.6732878867737879,-6.7787480347541429,,0.1659948683813835,0.4358974358974359,False,5
-0.37548945681732099,-0.88032642174632192,-0.28988456149707398,0.91311186794993771,-0.40498039375993106,0.047091371598493817,-0.15885334251443833,-0.24701471989614063,0.95590237144104984,17.752644465827686,-2.7475877596537237,3.340284119392535,,0.07934251765045117,0.35,False,5
0.9365168630139945,0.30018232806433232,-0.18118149797455374,-0.27905780106896716,0.95099441463605527,0.1331779523554032,0.21228026039408016,-0.07416328774334903,0.97439052632818524,-23.308894426268317,13.964448677333406,-7.5890783784141309,0.4408583363570661,0.2561641209006798,0.5,True,4
0.80171053496347189,0.56533426757183314,-0.19405510567259657,-0.55416158113747249,0.8246895285701703,0.11310226990616275,0.2239758025318806,0.01686260287527272,0.97444881471756672,-4.4006127160426072,11.472504929925368,-2.7938122703551009,0.2563949265115854,0.2461249024172578,0.7787610619469026,True,5
0.95578086690271646,-0.14512392887877654,-0.25577720721260294,0.22554850947201888,0.91986186458558117,0.3209081176226114,0.18870825190659171,-0.3644080067011769,0.91191885621168756,1.5914224934843602,19.304070007196238,-1.7031664695304114,0.5062864264591157,0.4319185802447318,0.1724137931034483,True,5
-0.73536686299845133,-0.5733606251384018,-0.3612383843734196,0.64279643965789857,-0.75895731693043011,-0.10390634360274988,-0.21458870885241571,-0.30861202928379894,0.92666622977984336,1.7690996151567271,13.769143378575558,-1.4131736363883267,,0.2509961561976164,0.2,False,1
-0.77033232609605173,-0.57260187328203349,-0.28056229626475876,0.59450430077042771,-0.80404569829813299,0.0086689915062073825,-0.23054878819224572,-0.16011748737154219,0.95979666935289654,6.9666522142703533,0.28300441295602635,0.5296907715758683,,0.230764029061978,0.3508771929824561,False,5
-0.94050308992669607,0.26655957888028614,-0.21071290597754305,-0.2723908509488312,-0.96218566783206549,-0.0014017624381103405,-0.20311859136403046,0.056077905860738075,0.97754698419900299,1.0472499482569662,-16.948494595242167,0.18402926062088346,0.215981805560955,0.1644643179089108,0.3333333333333333,True,5
0.97672828997565475,0.0016319010652534188,-0.21447420464976069,0.050452567743398041,0.97016307913983191,0.23714581649697941,0.20846195328963993,-0.24244780216127851,0.94750339168671838,5.590847516200161,-10.471278773051521,0.71055999875888554,,0.23862268851336,0.2439024390243902,False,4
0.8442069482569553,0.49726465548223925,-0.20010619911139427,-0.48570783902115994,0.8675705077774124,0.10681436770508956,0.22672124652990489,0.0070197181548233567,0.97393439200438625,9.6595964992736683,-7.4001825611051455,1.5523222356295701,0.1877005268226919,0.1894958378823235,0.7014925373134329,True,8
-0.96336193809399129,0.17031654644185701,-0.20718602810013118,-0.18404219523051915,-0.98170924287947026,0.048738412158679745,-0.1950954807434582,0.085083702629449601,0.977086749956391,21.499313659039942,-8.2993710317732479,4.5594494966894699,,0.07592219541630216,0.2777777777777778,False,4
-0.81117876904305886,-0.51908460359360187,-0.26933284048897715,0.54076071482652599,-0.84114272019025649,-0.0075348239024186914,-0.2226361470069321,-0.15175670852719819,0.96301767764818247,-21.97250538744224,-14.051406129639934,-5.2749645016594844,,0.07600941126799102,0.3,False,1
0.97631853632250054,-0.014922427962980329,-0.21582269754773309,0.056635090992788739,0.98045613260228803,0.18840976224920833,0.20879315626075762,-0.19617108142194228,0.95808262937620192,-17.976332754940387,-11.979638149395493,-4.6332539317946217,,0.07729609562914683,0.5555555555555556,False,1
-0.59094608180133035,0.78620687122939725,-0.18072488493657349,-0.80540825928047355,-0.58772269779079056,0.076808634829119718,-0.045828640460449585,0.19094707678620695,0.98052993303639124,-14.292640467269251,19.75711280702491,-5.6702934785590768,,0.09902045090348618,0.3684210526315789,False,2
0.97157786339575414,-0.12945345313016016,-0.19818743358754687,0.16324534951182124,0.97270300084130235,0.16492370362409481,0.17142756844248899,-0.1925893964552626,0.96618937747777633,-1.0530830916523946,13.254299442956221,-2.0692263756125095,,0.162742990141114,0.2121212121212121,False,3
0.16272923467438488,-0.92380287786132453,-0.34656520171163219,0.98556379382187154,0.13555599530036852,0.10143263994181861,-0.046724773832830281,-0.35806817087429277,0.93252559241932331,5.8942834397804864,11.953331783485709,-0.38209197376755277,,0.835445802434576,0.5609756097560976,False,3
-0.28453275338917849,-0.91778109855735646,-0.27698188998493523,0.94835093932685133,-0.31173735603091346,0.058739396768574183,-0.14025551014720733,-0.24596275324875783,0.95907805515903632,-0.80696506484141572,3.227303677796427,-1.517194025976953,,0.07100860182025694,0.2137404580152672,False,4
0.021657207047539151,0.99447166847846613,-0.10274758379911902,-0.99601183327002196,0.030358917893970654,0.083897342570537548,0.086552835707393153,0.10052082718503724,0.99116303902690317,14.997109392652725,22.827819051490582,1.0306597870834349,,0.2755747727325357,0.6111111111111112,False,4
-0.21451752183005263,-0.84895886484394312,-0.48296074232878905,0.96916623194171547,-0.24639368065722925,0.0026398856185033959,-0.12123962921334058,-0.46750294109777057,0.87563802588349515,-5.6855436357362352,17.887301371786126,-3.4646471072550344,,0.2244758393856094,0.119047619047619,False,2
0.94131420095860352,0.28892246398600618,-0.17450325176890466,-0.24974769236439162,0.94397517686260923,0.21572425831572134,0.22705432220578392,-0.15948252340448416,0.96073495798592212,0.54541616735314702,-9.1276406647857851,-0.67403352944473549,,0.07242916702975061,0.1666666666666667,False,5
0.49526072842190288,-0.82126820617521445,-0.28325844101941766,0.8680960717478744,0.48043997342329664,0.12484647433119844,0.033556237854010171,-0.30772709575655921,0.95088275483274898,-14.76367678273941,10.790339336810211,-5.3863054448633187,0.3185012045946811,0.3069588788917906,0.7195767195767195,True,5
-0.37299382885734139,0.92070228733671022,-0.11481681813781305,-0.92782527606128407,-0.37065466791693102,0.0418971866978314,-0.0039825539724832187,0.12215733806996948,0.99250275768862073,-14.808271276601742,-1.648222259810161,-4.6141038936566998,,0.1298383452054521,0.1363636363636364,False,1
-0.81581872465817062,0.53936904187261647,-0.20861650262270981,-0.56335862090192212,-0.82270983357583427,0.075997328855077956,-0.13064024170446067,0.17952594911888933,0.9750402867781216,1.7500348613199557,1.6479293917579607,-0.84595073702300361,,0.08317902742984584,0.4853801169590643,False,5
0.95745683141283555,-0.18875876262037558,-0.21828088673752366,0.21580273830352689,0.97052045997761993,0.10732760551475123,0.19158704058885179,-0.14986716217655999,0.96996610228376146,-5.5263296365980281,13.684350941409988,-3.1617206858141396,0.1823151152724212,0.1356881394300308,0.5959595959595959,True,5
-0.67265640146742389,-0.7000911279447799,-0.23959502945157587,0.71125369386544768,-0.70103928776216284,0.051595542217086079,-0.20408711014576952,-0.13570677796972844,0.96950096538653496,7.8630766457047008,16.87874787478189,-0.17775800089439703,0.1824629540229193,0.2020079347784358,0.5,True,5
-0.93136626170657422,-0.2780447760855877,-0.23504890777503318,0.28415637638128827,-0.95874315570478197,0.0081679343221479489,-0.22762258305488109,-0.05918330745024937,0.97194922490975444,-10.018670057704821,-3.0295107916222324,-3.4921632843268426,0.1931189856690422,0.1534263081429124,0.5433526011560693,True,3
-0.11061856348579183,0.99346819348000248,-0.028008605033445211,-0.99203120977563997,-0.10866063592918332,0.06377260407530036,0.06031262092978059,0.034839844188014557,0.99757133730552572,20.631955482757665,-2.7756594686154421,3.9495658232254853,,0.1315605410758223,0.4166666666666667,False,2
0.76435036455104766,-0.58247116536423305,-0.27657885264407406,0.63485549628248672,0.75486067828874159,0.1647539232108842,0.11281409065625456,-0.30151732602404901,0.94676305539279981,3.0720907279671295,22.22102071057185,-1.6240358308735736,0.4026030371975017,0.2575794960826221,0.7792207792207793,True,5
0.81040611954055097,-0.51001122564593715,-0.28832355284706657,0.5699157120054581,0.80032731037978866,0.18620493406342742,0.13578660692622804,-0.31522174096242561,0.9392535607619914,-3.0003088997494873,17.252162560187585,-2.7249846539628129,,0.2045243281726835,0.1875,False,4
-0.068208773043289705,-0.9484909476821346,-0.3093743451629043,0.9897770467652387,-0.10326532493631499,0.098375151143368131,-0.1252555826165534,-0.2995015773428315,0.94583817019220828,-0.15648087766097712,-6.769509020075243,-1.0007613966432711,0.2526235609619544,0.1538566912079656,0.3076923076923077,True,5
-0.10663216855842847,0.98988721742117336,-0.093556813833588201,-0.99286913168476643,-0.10096291311298113,0.063382785701463148,0.05329604090421601,0.099648316402769277,0.99359435639602378,0.71299748979224553,4.068359590258865,-1.2208923815010695,,0.2051427405230812,0.2553191489361702,False,5
0.76427728184773958,0.63772327724775835,-0.095860618127616856,-0.611023971200371,0.76363483538662813,0.20859421085582622,0.20622789110583059,-0.10085068091200641,0.9732929657043794,-17.771609234244998,6.4460931845873857,-5.777130059970883,0.478635325019541,0.2685682496470686,0.3043478260869565,True,5
-0.93492240449146635,0.31035646462210087,-0.17204348998774802,-0.31726275590761899,-0.94824153164989988,0.013503383581656495,-0.15894792006753744,0.067207607616410717,0.98499680008854906,-5.1748826415969011,8.2467059112287693,-2.859964424147968,,0.1076449062338098,0.3402061855670103,True,5
-0.8905728090603291,-0.33354145134404517,-0.30924128443288745,0.37176919948815484,-0.92549581592068964,-0.072423456319295074,-0.26204529012048761,-0.17946474569843601,0.94822184692036304,9.1908665261875822,14.627013904015213,0.23975666050317218,,0.3751494776487225,0.125,False,4
-0.42598558868339959,0.88434957888956089,-0.19095051859556264,-0.90459369723351146,-0.41998970426113824,0.072930729051945586,-0.015700992308264577,0.20380007515331891,0.97888661662525445,3.7983108852480294,16.07860365668644,-1.1080471974087582,0.2026509365870424,0.2745899511035319,0.7956989247311828,True,5
-0.3229245699904128,-0.87592118338955915,-0.35844358354689632,0.9328335982237459,-0.35853078121587173,0.035737332660331751,-0.15981614474590949,-0.32282775501832323,0.93286710761414671,-9.9894341345844904,12.662261966562999,-4.3566615715382975,,0.1484928257315754,0.2068965517241379,False,4
0.30848754702366066,0.95122510425845375,0.0024968700047025838,-0.94403492117038312,0.30583141823538645,0.12355246347589396,0.11676258365655834,-0.040471528864471085,0.99233490032811977,2.4597052674729341,6.3316970952083942,-0.87989080010329468,,0.4687618683744628,0.4174757281553398,False,4
0.12382316232215013,-0.95671561442373454,-0.26336867237839656,0.99071913978734261,0.10419559298754433,0.087286106918580297,-0.056066126418456,-0.27173242633110745,0.96073829836675051,-5.1006437563193527,3.9540762117112953,-2.6632930381020965,0.8699813580723441,0.8311858828593757,0.9985870717061109,True,5
-0.76611809904879125,0.61274671619823118,-0.19391884925955694,-0.63268994532552825,-0.77208147565754126,0.059946876736438545,-0.11298889942753812,0.16861689338485097,0.97918427881139702,7.2039066921289239,11.724796950666995,-0.073803299229059982,0.2711537699077186,0.2926057180973867,0.8352941176470589,True,5
-0.8690321367490268,0.45496038234428338,-0.19440729357347591,-0.47126078824022022,-0.88083239532458857,0.045249981369647592,-0.15065329324188875,0.13094022240660269,0.97987664702832999,-30.475684916076965,16.042669844168163,-9.3015726819451903,,0.4410419201284523,0.5,False,1
0.96496174670098656,-0.14106355218826891,-0.22124624662988326,0.18197373310877618,0.96724682910727389,0.17697212221246256,0.18903541430705381,-0.21103233360306295,0.95902605090362825,2.8214770220943852,-21.472597478106639,1.0693606463296956,0.3291543281436658,0.2803354639511514,0.4166666666666667,True,5
0.78644499123297096,0.61710379110910218,-0.026214247335090257,-0.58646166160442315,0.75936608746131495,0.28182594749574214,0.19382207106712804,-0.20626695375766618,0.95910737071236241,-8.1274653162176538,-7.7355849551472229,-2.9899985434349072,,0.4396243007325843,0.1805555555555556,False,2
-0.89511275770474108,-0.37912254908580334,-0.23460444106814313,0.38323804825024316,-0.92317376667988416,0.029644474821099123,-0.22781955440119164,-0.063374200497971558,0.97163880189280472,-14.033338480607544,1.2770824421417999,-4.5556685970615973,,0.09864842200768686,0.3928571428571428,False,1
-0.13531169985401142,-0.95924133816690549,-0.24808627336953384,0.98424179092521313,-0.15890196469116272,0.077577462020990848,-0.11383690473193531,-0.23367973974877157,0.96562670755939606,11.225610883911358,-7.2587889170633506,1.8981215100774127,,0.0771633893980919,0.1935483870967742,False,5
-0.5210258567763203,-0.76242297860300323,-0.3837228925521986,0.83493591786020527,-0.54861386482389973,-0.043644477198387918,-0.17724014679930183,-0.34312392662288743,0.922416338396851,-5.0962804713152146,17.936811117324481,-3.2877331449053209,,0.1813419744575281,0.3333333333333333,False,2
-0.37652025297780223,0.91509255521815747,-0.1443541287315171,-0.92640804162012536,-0.37178651096061854,0.059522522538062755,0.00079969937853550943,0.15614226094185246,0.98773425314143637,-13.425032306849095,11.746676509156151,-5.0937872978333258,0.5422828337812882,0.2994041973621673,0.768595041322314,True,5
0.48307879147712679,0.87319483366915751,-0.06454195285620104,-0.85742527706263494,0.48670882462966392,0.16714189864206819,0.17736058039785263,-0.025402804591310973,0.9838180329917896,-14.662225862636975,16.176324815716654,-5.7009492130565631,,0.3852815123339599,0.2,False,1
0.832795895980733,-0.48679053985115356,-0.2636019080907227,0.53628578549057593,0.82753410331996968,0.16608691737511705,0.13729002847404215,-0.27968245950333653,0.9502258520624246,-0.22584238188529293,-10.542290335218869,-0.78994133499367902,,0.0736389934946177,0.2258064516129032,False,1
-0.84928519820585957,0.49363501808542065,-0.18718739548442004,-0.50131787223781288,-0.86523324258911694,-0.0071990897809541265,-0.16551447998101601,0.087726306422468023,0.9822978428552539,-2.4822235483529784,14.601130516260005,-2.4719843078660428,0.5032362056217966,0.4196846152373542,0.711864406779661,True,5
-0.72312421617335421,0.68733098353984889,-0.068319009432357136,-0.68434014955499678,-0.72634422206665528,-0.064051782000442259,-0.093647892078353792,0.00043604647881212433,0.99560528432343687,-12.614238064179419,2.8521238448424024,-4.3788001649191166,0.4489764256265047,0.2569534653427122,0.3833333333333334,True,5
0.81322264297475,-0.52625442961805491,-0.24844558410351641,0.56728654047394167,0.81209665456997526,0.13669310382517572,0.1298264763069098,-0.25210176307124299,0.95895244256746204,0.38037553729252871,13.599625318844602,-1.7535781731101439,,0.06711904239847123,0.2,False,3
-0.53465164110711005,-0.81604230746412909,-0.21959639134123887,0.82450465427713326,-0.56070112656983606,0.076199224003020108,-0.18530973459810374,-0.14031820655901117,0.97261045808239377,0.038562736945100151,5.5904167971063572,-1.4338979883961216,,0.07028325787833911,0.1983471074380165,False,5
-0.014999711492854215,-0.93997826864421419,-0.34090447801657886,0.99611508553037087,-0.043636126066425432,0.076489377567975941,-0.086774103475360034,-0.33843277468138339,0.93698106276888393,-6.7010049042752922,17.614370510295544,-3.755531121235391,,0.07140979414438153,0.2608695652173913,False,2
0.87357682890424382,-0.42595833716159298,-0.23542094002899885,0.46241850468296525,0.87729000876784802,0.12857436386341248,0.15176511630930647,-0.22118258412144776,0.96335124121629845,10.194711999006017,-5.133530388047487,1.6226057782215471,,0.09006293311854277,0.2391304347826087,False,5
0.80515717133829645,0.59260501051606029,-0.023264370908606752,-0.56435788338903914,0.7776546671941017,0.27704403629725505,0.18226933065975931,-0.20993456147688339,0.96057554153661029,-13.231254113472305,15.773295624303216,-5.2889390873965283,,0.3844837156655119,0.2222222222222222,False,3
0.46176474357129788,0.87562626687235456,-0.14160495174151247,-0.87193101373349391,0.47740126807746658,0.10873976516301204,0.1628177781577114,0.073257559345158096,0.9839327726600916,-26.738031102218766,10.369588874553989,-8.0766605588644609,,0.1886413765572979,0.2941176470588235,False,3
0.72074009230650293,0.67958701093326246,-0.13673044252399569,-0.64495844350073372,0.72970167414858356,0.22707723994681894,0.25409117556327027,-0.075478217490533434,0.96423063277689303,-16.568747339504949,3.8142497711425274,-5.3680263449682899,,0.3625424299594714,0.3265306122448979,False,5
0.97257339119076047,0.057141984748704092,-0.22546794079576477,0.0078886589984412288,0.96069221630039447,0.27750357583109081,0.23246240084562045,-0.27167123351362493,0.93389291306566569,-27.213175287657602,14.137649079241898,-8.4793980659659312,0.5550140284542164,0.3846934593310329,0.35,True,3
0.96573967265981553,-0.1183369804979412,-0.23096156324709893,0.17321342527918396,0.95665428224766969,0.23411470171744841,0.19324594162353409,-0.26609949887932371,0.94437654711571906,-11.438057034593401,-9.2244460488344391,-3.6146531033993927,0.2494010403732325,0.2477498747965194,0.6822429906542056,True,5
-0.09951480447032042,0.9814971930706532,-0.16358503502968155,-0.99314652531226122,-0.087847517296674921,0.077089512678391509,0.061292601114778716,0.17013545691371523,0.98351265540883892,-17.495293043142489,-6.857869639839886,-4.9068090100335482,,0.5495915807943734,0.5051546391752577,False,1
-0.93310268409654273,-0.28743697562165449,-0.21610036089119961,0.28134207047572529,-0.95778312524156661,0.059144943849257309,-0.22397772280354641,-0.0056098171072002587,0.97457811879795664,8.2343868874354307,-15.469483877615668,1.8502312751336911,0.6225779885328964,0.5440929655911912,0.9175257731958762,True,5
0.91148153151676237,-0.32944985583544217,-0.24630105601451074,0.37224562298626412,0.91541870115116986,0.15310714467415451,0.17502746604868866,-0.23123882475205321,0.95702350653255319,11.492999877695203,9.8708600020070438,1.0528523287960838,,0.09040522658303855,0.3684210526315789,False,4
-0.35489510258095669,-0.90262417774382242,-0.24355504494126612,0.92182902714111103,-0.38126818712268973,0.069755388381482861,-0.15582269053037859,-0.19976026441829597,0.96737538002339507,-10.325203155081955,10.273409179974813,-4.2627908769993885,0.3349092157339373,0.304971720546715,0.8080808080808081,True,5
-0.78462011579595281,-0.50715901050851298,-0.35659642727931806,0.58167491596953258,-0.80122249726313,-0.14034529565066611,-0.21453569870812852,-0.31754093899757535,0.92365696340164916,8.5145840587038322,-7.7758805260339416,1.3103743354487474,,0.07899197933496598,0.3157894736842105,False,5
0.2013106316116747,0.97017060115307152,-0.13506677703416992,-0.97095193846891137,0.21584810543519331,0.10325661510771181,0.12933044028214324,0.1103566945786584,0.98544154427246522,12.085973834682788,12.537255511898344,0.95318644529626551,,0.1435924988398294,0.24,False,4
-0.97080066625315908,-0.10406701860231365,-0.21613912658667028,0.10221892022567863,-0.99456598102968874,0.019743397031663848,-0.21701925893873875,-0.0029266051457707797,0.97616293528898246,-20.128864718531446,6.9661252908286126,-6.3604709404050324,,0.1523036523469662,0.7291666666666666,True,5
-0.87312047624894551,0.47052555224308379,-0.12753955716230878,-0.46371006914931451,-0.88231510796046819,-0.080579290355819594,-0.15044469324092036,-0.011214051500268038,0.98855482363124247,-8.6234719855022064,-12.459185078213785,-2.8318866629212054,0.4187453330697101,0.4392977398590316,0.6030927835051546,True,7
-0.93707775734718068,-0.25660976511217221,-0.23672073237098656,0.26496634252079176,-0.96425085106576014,-0.0036240240222267933,-0.22732820770052911,-0.066119018958504056,0.97157097595370367,20.343530788605978,-8.3953516829650869,4.2998290527681871,,0.0826608398168955,0.6428571428571429,False,5
-0.9451048906203755,0.26393829783159695,-0.19264817845805704,-0.27240143755709628,-0.96200850454317877,0.018360119918578804,-0.18048324726210915,0.069829879882156123,0.98109611421785181,5.3277368554317874,2.6098597418229801,-0.041035445103786164,,0.2642752524221853,0.1875,False,2
0.31771998979879984,-0.89973477129861923,-0.29921789618682831,0.94798619031215814,0.29496708152962647,0.11965201122979624,-0.019395645379597079,-0.32167026926670694,0.94665307626933382,-5.5535418336578681,9.8937718878229344,-3.0824685198786304,,0.09107418567712922,0.3095238095238095,False,6
-0.028768611528313628,-0.94352798287558493,-0.33004138001387567,0.99783778466551576,-0.046627415006082397,0.046321049898148142,-0.059094183170166126,-0.32799516719089183,0.94282927819137574,-17.543397993857013,12.071996856975435,-6.1431950033105966,0.1531873520398283,0.1605974907356718,0.1076923076923077,True,4
-0.7740807181796604,-0.50919496292061717,-0.37619081790858833,0.59527199939950171,-0.78769925097893811,-0.15868565385106287,-0.21552328986302322,-0.34677136523001906,0.91285230556926789,10.69831831011242,15.259200224922147,0.53294932579775112,,0.3969329114378271,0.5,False,2
-0.60109160469171274,0.78206163887729552,-0.16452500042759932,-0.79662635869891041,-0.60278116038951668,0.045180939627054759,-0.063838290980083465,0.15822283550748073,0.98533761063338898,-13.524038140335758,10.941113994528868,-5.0747056736709606,,0.07524997534844541,0.2580645161290323,False,2
0.975801181569938,0.10906963379627871,-0.18951482535743766,-0.058134564011254705,0.96492631040437382,0.25600310145899546,0.21079000572592566,-0.23879076714343259,0.94791694942812199,-11.53592933592425,15.842843915768853,-4.8627480014587903,0.4590945063451756,0.5606070346963219,0.6285714285714286,True,5
-0.51184292764301376,0.83499178445070366,-0.2020038052157882,-0.85823773650952218,-0.50740836913066278,0.077231694058674888,-0.038010591324527429,0.21289778494853023,0.97633484425742434,10.748731322222783,1.6795442663929181,1.3956119675847161,0.2709603002838853,0.2474238978011055,0.8709677419354839,True,5
-0.86927335540774175,0.45605747340649166,-0.19072339795697943,-0.47116211535073138,-0.88111507550908752,0.040527580347738498,-0.14956635529554524,0.12509118538372507,0.98080686207984136,5.9291764718597015,1.9299514293041502,0.12596096796742834,,0.07482778557207727,0.2285714285714286,False,5
-0.14131274972521779,0.98576027166854596,-0.091144904218802308,-0.98835590309478527,-0.13523656919929986,0.069740082943000256,0.056420878961529197,0.099938767008402041,0.99339263499688335,7.7511810485840833,6.6828322727491001,0.44281460776945375,0.3825604333213221,0.3827288099905693,0.1836734693877551,True,5
0.97288509720209082,0.069904462476798643,-0.22047211562442023,-0.033382267394939033,0.98569109632555618,0.16522314259236026,0.22886723633069606,-0.1533832740241011,0.96129774751842434,9.8883709038633807,7.1973329056941795,0.8949237851299513,0.2202752979862148,0.1049520449562791,0.2272727272727273,True,5
-0.50265479546489644,0.8513587029467774,-0.15008835901869527,-0.86409796235009406,-0.50000782606109251,0.057679158628368948,-0.025939700433104923,0.15868375088345399,0.98698865198491503,8.2397639692988704,9.3387705498462097,0.36856528899298407,,0.1376996039838816,0.1333333333333333,False,5
-0.9715827829043383,-0.074404615301355337,-0.22470168932546961,0.087752572732281223,-0.99488675079279854,-0.04999839073225032,-0.21983262256254926,-0.068295726943977952,0.97314403442577124,21.747049583789639,-3.3061130221863579,4.2351158019739463,0.4540362633914422,0.3650058611631977,0.8666666666666667,True,1
-0.97605929410093351,0.050841902542021644,-0.21147897140164085,-0.065814854313661991,-0.99575334434005269,0.064371439220145987,-0.20730812659145778,0.076748799218678915,0.97526045878402767,-13.444604823807236,-3.9268157981245997,-4.2609401629167394,0.1906600032574301,0.180730783169936,0.7755102040816326,True,3
-0.50268527828173326,-0.76534058800959159,-0.40194688124670153,0.84538515548595305,-0.53237733128980658,-0.043569668494668728,-0.18064177225328704,-0.36170175763172197,0.91462581892450201,-3.6955475853189705,-15.968630997905136,-1.0863712953859312,,0.4264822089441117,0.2352941176470588,False,1
0.87204038649721727,-0.43174025221889784,-0.23053398650035833,0.46572358168392686,0.87680826268239431,0.11961946311272741,0.15048956701804755,-0.21167811673823331,0.96568383289401549,-1.4512026824950315,5.7446746658738235,-1.8434522287507498,,0.06636812496159974,0.2213740458015267,False,5
0.94325828580135462,-0.23591054272688342,-0.23368787323563678,0.27605656015279212,0.9482270417960017,0.15702946476190188,0.18454425448573478,-0.21263041418646766,0.95954766692394911,3.150143890829479,-20.281409626543706,1.0090269415969157,0.2013396973868708,0.1097189616959927,0.5333333333333333,True,5
0.69488974811271953,-0.65430494063090472,-0.29835093871786245,0.71247645315559605,0.68267332936758884,0.1622788620523116,0.097496367453680108,-0.32533393618889472,0.94055956127040541,-15.089477214498093,35.77025610089818,-6.6015670559261475,,0.5944818247665056,0.5,False,3
0.056897171885777462,-0.95023265147525415,-0.30630151795527893,0.99098935067906035,0.016491125624459133,0.13292159198690143,-0.12125517998046223,-0.31110440505712234,0.94260873668874923,-8.9849134604595875,-25.800326422120417,-1.3363918183149499,,0.3444845350887644,0.2941176470588235,True,4
0.8984077884779853,-0.34333338075952635,-0.27383505118653129,0.40890252884173484,0.88142230765513441,0.23641792968117367,0.16019415566408882,-0.32437155427708558,0.93226655376396417,-13.89207033454368,-9.153747427223216,-4.1009464172298609,0.3156278266150008,0.2122036252575842,0.4583333333333333,True,3
-0.79733874782980485,0.5960461341770672,-0.094762477499125558,-0.59330360566053753,-0.80288800132224392,-0.057980072809352717,-0.11064245441693657,0.0099931609286665196,0.99381003416913127,-14.528098085303178,12.938863689199151,-5.4182495336566285,,0.2911239419536533,0.303030303030303,False,2
-0.69521658019040067,0.71345477322218687,-0.087499675398496249,-0.71395716268665776,-0.69950419061944169,-0.030968647924264084,-0.083301119300892568,0.040941102480486491,0.9956830568262679,13.199688824397521,5.9968420042226729,1.7131680183218811,0.530377248902513,0.3234054341018381,0.75,True,3
0.10153655649123171,-0.96651013441039579,-0.23568726689811453,0.99288128941436138,0.083624309961941382,0.08481579990936583,-0.062266145109355631,-0.24262138171519287,0.96812075295793176,4.3142751313250614,6.8542039650772608,-0.33813600598296523,,0.06606044434604666,0.25,False,5
0.89406511306130176,-0.36420054616953279,-0.26077871035898698,0.41762198518237081,0.88826463566128344,0.19125327324222124,0.16198595957371698,-0.27989980207806925,0.94626457700668509,-12.23460008449401,-14.977351775161875,-3.3073856380120494,,0.1221678207620806,0.35,False,5
-0.26994034524622706,0.94402880646706966,-0.18958328662809365,-0.96261536919636137,-0.25999434811452665,0.075990722693351637,0.022446848226494134,0.20300874737031532,0.9789196021614005,-4.0735195414024101,5.6070893226123744,-2.4430030050781375,,0.07829197411250273,0.2747252747252747,False,5
0.83262950917128764,0.53800703382784343,-0.13144022218844525,-0.5063119619481834,0.83562312336097777,0.21303096698045298,0.22444664765900008,-0.1108261127000824,0.96816386789552666,-19.562114707843261,-21.749899786170594,-4.0075390914055351,,0.2443227955398954,0.45,False,1
0.58159437335633513,-0.76227870447197921,-0.28404077451798032,0.81131105098129475,0.56901101184258362,0.13416723503712627,0.059349502406338919,-0.30847632828209298,0.9493787397312623,-20.929909295220671,-16.993458628347231,-4.7773736440638457,,0.3536973012290627,0.2272727272727273,False,1
-0.44920793288926475,-0.82435164631836821,-0.34446566772546561,0.88039548672235779,-0.47404374176106912,-0.013649829891550197,-0.15203953429373968,-0.30939763106617646,0.93869967822641864,4.1145701844055145,13.842222464057279,-0.88254555018659342,,0.07963372887665891,0.3333333333333333,False,4
-0.2428534120318894,-0.90602398876481904,-0.34661614510457517,0.96115591633644792,-0.273048185695277,0.040298793777981824,-0.1311545834346331,-0.32336545899524294,0.93714100068926842,12.716844497713657,5.1027905795410993,1.6616739809635872,,0.2281088843272669,0.6,False,7
-0.85995370740071775,-0.45037862108485699,-0.24008065061029674,0.45569169911830937,-0.88940086390036499,0.036210200882517835,-0.22983623840123371,-0.078263663107389358,0.97007736936523992,16.211458300743125,-2.2176748081528102,2.9061877400128178,0.3604102863643968,0.09191843668095964,0.3461538461538461,True,5
-0.13334033934909523,0.98804888798961776,-0.07732883579071026,-0.98961983829753242,-0.12851944786633429,0.064306509531284889,0.053599715952911339,0.085100801774196627,0.994929607553798,-19.759536356588804,-3.1231402397699055,-5.594969909848456,,0.411605501981168,0.2916666666666667,False,1
-0.62222260748729863,-0.70658305106390396,-0.33701545762906993,0.755346849593303,-0.65497705634628667,-0.021358662631938224,-0.20564572337196546,-0.26785340693964937,0.94125681344128576,-10.762786388212318,8.3491630532604173,-4.2561119236547356,,0.2306274860153804,0.1764705882352941,False,3
-0.68919730705312598,-0.65548501746896792,-0.30878222718353909,0.69408154880590678,-0.71957012167840229,-0.021671261959650592,-0.20798527726239102,-0.22925582187032212,0.95088584624057282,16.473067790625532,15.315499532061764,1.8832385971487238,,0.387862383499037,0.5,True,5
-0.94823322178312031,0.26633413532058869,-0.17297365542138898,-0.26243067210232057,-0.9638781134375658,-0.045487633220061052,-0.17884043012341305,0.0022607076486828859,0.98387549504711169,-11.1598330706212,18.026190416136266,-4.8189023542199951,,0.1836531665048514,0.3636363636363636,False,4
-0.4847957414884162,-0.82883055477866352,-0.27930807453417961,0.85991687414267781,-0.51000773640765251,0.020858532283682243,-0.15973746773810973,-0.23006959875141389,0.95997495859578585,-10.45149204259328,21.151932509082116,-4.8425719741268098,0.3910174330806516,0.3501742115524477,0.2894736842105263,True,5
-0.51274183499338333,-0.79329880225507854,-0.32828771068724999,0.84176258526790737,-0.53974700106555307,-0.010436708476825013,-0.16891287899596846,-0.28169164911548067,0.94452011843469696,15.719916488770707,-18.897716179665785,3.9261733102545522,,0.4408560392337459,0.5,False,5
0.96091097046812535,-0.15112221185632704,-0.23197453290751255,0.2012107499552758,0.95672715425685206,0.21020795991118599,0.19016924287708226,-0.24866690449522774,0.94973703185267044,-3.6750500113027935,20.216920178391796,-3.0004683624370521,,0.1360643338935338,0.2142857142857143,False,4
0.25789399825005699,0.95986185660541057,-0.110253806739788,-0.95619002978612444,0.26992399641373122,0.11332106202136998,0.13853271311935977,0.076198768979917647,0.98742211591686313,-0.89447788683147644,-19.47531382761138,-0.01541681621629408,0.2607244382279489,0.2057494571503569,0.5,True,5
-0.50690858324798405,0.84344878665643819,-0.1778702687840335,-0.86109764989510762,-0.50491850234992719,0.059733937839639623,-0.039427472333958061,0.18344331623825716,0.98223929067863425,-9.9617753934046505,-2.1570780122177529,-3.525343793394788,0.126319223653044,0.09745363770189368,0.405,True,3
-0.3401154025199245,0.93279364748443827,-0.11923726003807915,-0.93989266681980799,-0.33309704586567723,0.075154061060664121,0.030385651664243368,0.13763128005013175,0.99001734475952652,-18.816848024513256,6.9757980268476345,-6.0688247161376401,0.2595013612751674,0.1417352058397026,0.3076923076923077,True,7
0.90122003192183608,-0.37273734666217212,-0.221064073214194,0.40026994550230632,0.91146260559585701,0.094973097917216559,0.16609161565349254,-0.1740769628746327,0.97062391594579922,-7.7707487919891793,8.5026154741781195,-3.5687240658289645,,0.07915760767367094,0.3145161290322581,False,5
-0.73237004341417156,-0.62483347983724158,-0.27058684739656003,0.63812590702222727,-0.76847224561871341,0.047389181263164791,-0.23754882928902349,-0.13796206068414871,0.96152848294535687,-25.221967116540391,15.755115241026081,-8.099108691632809,,0.1377878343422428,0.3809523809523809,False,2
0.153072214456345,-0.89869157333907013,-0.41100164618986462,0.98705012440804696,0.11885310998338292,0.10773110114232573,-0.047968208925191741,-0.4221698642212941,0.90524673800897215,-33.219160130251737,16.365337977511754,-10.018471121916257,,0.2670681884524298,0.4375,False,5
0.95087082982737514,0.27422747280569115,-0.14368005478145848,-0.23236987429038189,0.93885476900226128,0.25407865759245218,0.20457005280751916,-0.20820906771875772,0.95645181667139645,-8.2692175672867858,21.12601124932727,-4.2279269628098897,,0.3706693268144017,0.4838709677419355,False,4
-0.62473344317182355,-0.7282841882638782,-0.28162078422499776,0.75576733328010337,-0.65463580323569304,0.016361634045557655,-0.19627496765853666,-0.20261812911677934,0.95938627821324285,13.359506118632611,18.787283334789112,0.93355465911264945,,0.1450219487580852,0.4,False,5
0.85128963042166961,-0.45279503251262787,-0.26510870160827676,0.49974264702016147,0.85365965618639317,0.14670541281429281,0.15988512090191642,-0.25737492094533609,0.95299260132624453,9.5333001062877134,11.917472011711492,0.46439692498553936,,0.1203928676642505,0.5,False,5
0.97224824231562312,0.10901993333366788,-0.20699760735357606,-0.058176429145334017,0.96965787142716819,0.23744286780451379,0.22660286495558821,-0.21881102923586029,0.94909055156958766,2.1016293075540688,16.316794607673611,-1.4460837403178994,0.6423414370446985,0.3423451958287386,0.2307692307692308,True,5
-0.96569233283939793,-0.12802645771599086,-0.22593703640594107,0.12263699112784263,-0.99173183558341638,0.037790669449742624,-0.22890715738550726,0.0087859214113180546,0.97340860941469143,7.6564224152332194,1.9732581684048967,0.53272200111746071,,0.07839041737365014,0.1944444444444444,False,5
0.69551528693397346,-0.64455460819532551,-0.31750250817170478,0.71231216331780722,0.67646384367173817,0.18710438315112859,0.094179974679645048,-0.35629485718857801,0.9296150316718812,9.3371151192937614,2.7200598640841367,1.0238705818225518,,0.07669522949170308,0.4285714285714285,False,5
0.63102723588017851,-0.73773991970805886,-0.23988421883602293,0.77205706342009783,0.62741499646139154,0.10138201536015849,0.075713396440502442,-0.2491791184760466,0.96549326694438642,3.8445149852905969,4.9112197720544142,-0.50869889496808396,0.2056755011946181,0.172011093762415,0.7627118644067796,True,5
0.96640152563071824,-0.12562704723783433,-0.22424525917157132,0.1749448518227226,0.96064590955998275,0.21576314621918433,0.18831460399912675,-0.24774438731882178,0.95034747775362449,3.400779086594067,25.623271228082743,-1.7156783611196307,,0.1672151323943888,0.3,False,2
-0.51284643058323864,0.85844903371680736,0.0073345176196255302,-0.85655327422103755,-0.51110439764516691,-0.071335707250942917,-0.057489364749080354,-0.042866667918699086,0.99742539656973683,-6.4483904403656975,-13.291721261578344,-2.1113769926455497,,0.3217363690705008,0.1538461538461539,False,2
0.20769495252468614,0.97527247630566094,-0.075540741698724045,-0.96997390558716967,0.21532486116201954,0.11307442967147911,0.1265441787509074,0.049787559954089122,0.99071073967030221,-19.271525441037912,-16.198494964872555,-4.5171139937015878,,0.2743609795614135,0.3,False,1
-0.34015130283719336,0.92070396098970742,-0.19131468160082471,-0.94036442724621994,-0.33229092457854414,0.072783826586862221,0.0034402249999242462,0.20466303442634981,0.97882644385577899,-2.6984015479754193,8.8169731374479507,-2.2685419111476466,,0.06993954293715866,0.2424242424242424,False,5
0.88266786039449219,0.4380992086726852,-0.17019556864671087,-0.40611055886699687,0.89320541329115843,0.19302410120010194,0.23658330922392995,-0.10125795291106172,0.96632042551573771,-8.4175896416819302,10.660318990516542,-3.8378591497542471,,0.08222990140396175,0.2452830188679245,False,5
-0.22242073049263417,-0.94256133664358543,-0.24921305204940913,0.96419562267058867,-0.25052278703779829,0.086977781057524003,-0.14441544193748676,-0.22094447229897485,0.96453497618828166,-3.8791324115062453,-6.9243769137239397,-1.9405301130055543,,0.07207356331033851,0.2444444444444444,False,4
-0.59459222204441342,-0.76860517937660122,-0.23602154079606882,0.78007169716402058,-0.62258396107085756,0.062268440649865538,-0.19480307176205469,-0.14708939340681226,0.9697507275476952,14.886261388732731,-6.7376492321227577,2.9045038690559277,0.2286658821876748,0.1818802042749984,0.72,True,5
0.19209009989302872,0.96461052088496113,-0.18063204732585786,-0.973718985318338,0.21028436556392999,0.087474700513933662,0.12236311189943333,0.15908182987827402,0.97965312241061508,-3.5556825933943834,6.6772793357202413,-2.3818396154863097,,0.06711527856535435,0.2815533980582524,False,5
-0.83292045972565021,0.5318160889152207,-0.15302011417238887,-0.51546364777404208,-0.84619009450314997,-0.13512790899081425,-0.20134730093520314,-0.033674493844294856,0.97894090366601838,-9.2128535453325959,-5.8918996717295444,-3.288750670109605,,0.347161961868351,0.1558441558441558,False,2
-0.30165063355961441,-0.9216134627657302,-0.24420385034237768,0.94079031075811415,-0.32927567000607039,0.080567514084172981,-0.15466249208109004,-0.20544137458411971,0.96637123050733109,-19.871783148926994,15.080068543115017,-6.8580156957403631,,0.08393357524039607,0.4761904761904762,False,2
-0.93457725875379083,-0.26005496502687275,-0.24276894897231382,0.2723982794110561,-0.96201381220514204,-0.018127396405045154,-0.22883296264774894,-0.083071296435059241,0.96991475651958847,-2.4642946477095031,21.653104438560572,-2.7896994315795105,,0.1692737760406466,0.3181818181818182,True,5
-0.087495111467474199,-0.92308125721187972,-0.37452049083251865,0.99097567476880655,-0.11897855179161852,0.061735858543300291,-0.1015471195347436,-0.36573911029271333,0.92516111338322693,7.8545666447863542,14.679037999944111,-0.10712850049235347,,0.1255724886987168,0.2727272727272727,False,4
