axis_00,axis_01,axis_02,axis_10,axis_11,axis_12,axis_20,axis_21,axis_22,location_x,location_y,location_z,dbh,dbh_approximation,score,reconstructed,number_clusters
-0.41636345680599207,-0.85441681441469153,-0.31082692785859833,0.89687138839354386,-0.44207578246338203,0.013809968878476089,-0.14920852696009262,-0.27302181195801567,0.95036619556756141,-0.31344795933971636,6.8219399033095369,-5.5443193025661301,,0.1524553196374252,0.7565217391304347,False,6
-0.20819626016795184,-0.94700166167640842,-0.24462659306420786,0.9715937197426735,-0.22901280189911594,0.059655513767912213,-0.11251649216304169,-0.2252576066383537,0.96778047595665351,6.5518742836943913,3.1669251940598375,-3.5579601134515757,,0.07434674959467732,0.2222222222222222,False,5
0.038587472206737458,0.98861135570397529,-0.14545994074604296,-0.99639499823201727,0.049073261896040984,0.069201318376895235,0.075551402944697962,0.1422652534529448,0.98694102314832233,7.8355230849267734,6.9371609548626596,-3.6444976603127479,0.1626049558740629,0.1165222342432534,0.6071428571428571,True,5
0.97331333410962284,0.026983233543439157,-0.22788825935521539,0.00092285233658830263,0.99259464702027156,0.12147022289543752,0.22947832574771529,-0.11843889485402433,0.96608070377054056,-12.83806295931087,-9.5460127720269288,-6.7440961365088974,,0.07934654088001333,0.1666666666666667,False,1
-0.80458610841805522,-0.52838109055466709,-0.27102512297746167,0.54943121399559103,-0.83553618153796316,-0.0021518429981758902,-0.22531430320336682,-0.15064100532464025,0.96256986878187756,0.86424034217437562,3.5941499355412723,-4.9147864278310349,,0.0827231406614807,0.3478260869565217,False,5
0.18383537480578077,-0.93754773209591324,-0.29531136959458065,0.98295183333556246,0.17632031489419775,0.052123314340765454,0.0032012985292462423,-0.29985896117578326,0.95397817327772549,-6.8352910893608199,13.386976077952966,-7.6909338647654302,,0.8503918920519741,0.6946564885496184,False,3
-0.08766728582315933,0.98702761149531326,-0.13450256927753101,-0.99547402449119859,-0.081832875147085149,0.048320255674585713,0.036686694586678774,0.13812991960838211,0.98973441475442558,3.8102136709101977,5.744045316214053,-4.4788544657880669,,0.1156071883746522,0.1379310344827586,False,3
-0.74836493080749433,0.64713779914967373,-0.14547370638439022,-0.65154997867993114,-0.75830091228625518,-0.021502365172578697,-0.12422783753924109,0.078691774268665665,0.98912842899331033,5.5904383938341162,-4.8468878255625034,-2.8079152895034141,,0.3758466095526515,0.7457627118644068,True,5
0.34260539106158522,0.92744261848178577,-0.14990575519034388,-0.92906031929240118,0.35816285186777164,0.092554279524214689,0.13952945614399825,0.10756189365009253,0.98435865917995902,-2.1457645673137353,-13.037061876969668,-3.9022916562502812,,0.08949336720801702,0.1470588235294118,False,4
0.10476498715530114,0.99380438044071828,0.037109983605362773,-0.99251089076631516,0.10212579831611665,0.067025763916208819,0.062820611081118041,-0.043854016180237793,0.99706087882749594,3.3676040244595873,-9.9038039888478924,-2.8915181446367231,,0.3697767846981771,0.4,False,2
-0.49421707323724884,-0.83064058827453358,-0.25648722703430127,0.85153264903025072,-0.52195321867914191,0.049567985091267253,-0.17504751399643481,-0.19390990336086822,0.96527577262782638,0.85365783949148377,-2.7635230110655655,-4.2008246833895333,,0.2795611221418509,0.4890710382513661,True,5
0.85418370564180035,-0.39386577465800859,-0.33947009966872005,0.48143215455092903,0.84572745404016725,0.23014811328183649,0.19645171819175855,-0.36002058973867829,0.91202625915251045,4.0383760285334516,14.859735983808381,-5.4583429603790776,,0.3380006833796955,0.2222222222222222,False,4
0.58574881051643968,0.80355567151383933,-0.10581405273648353,-0.78773690375115624,0.59514965633733352,0.15895740633923175,0.19070632251479822,-0.0097554774099841701,0.98159865994885387,-3.7780981719154374,-11.860443807855386,-4.3518935808189347,,0.07356068483229816,0.2,False,2
0.015576154796918686,0.99270701356782176,-0.11954149327744265,-0.99820304298851492,0.02235716587968908,0.055595342451493085,0.057862495368011482,0.11846072069292209,0.99127140041600237,-4.2141172056613101,17.096139943845863,-7.5296868285981224,,0.3081052521002296,0.6595744680851063,True,5
-0.079774734342867457,-0.92542445787672134,-0.3704396908055369,0.99321218222692775,-0.10535240729256998,0.049299405206199479,-0.084649588519670527,-0.36399236673484969,0.92754730559805598,18.394196781190143,-5.747763288405487,0.36351503125485291,,0.1222199842520429,0.2941176470588235,True,4
0.72909892724015257,0.67185755987127349,-0.13046905204330453,-0.64808424928855346,0.73902055005048251,0.18394410136553974,0.22000354570177344,-0.049558509328894579,0.9742393925682471,-8.1290482144031309,8.67037540266743,-7.4438056678545461,,0.1269476396965276,0.1896551724137931,False,5
-0.97095022843451861,0.12469183266210307,-0.20422438828485162,-0.085993512786933471,-0.97830571342898476,-0.18847558682961479,-0.22329525221445987,-0.16543844154116746,0.96060884463912255,-12.015724403428397,-1.6016543946261903,-7.2896115158928163,,0.3162403510357782,0.2513966480446927,False,1
0.89520599178192239,0.38962591839922078,-0.21632816735069044,-0.37467449439928141,0.92083995208665714,0.10804076030686449,0.24129909971731633,-0.015666089256936466,0.97032433656123773,2.2311537826733474,3.4960085323368486,-4.552195611455053,,0.0804402554238848,0.33,False,5
0.41401823457971038,0.89860583840589736,-0.14524616558909129,-0.90279648779022037,0.42576163795974298,0.060708560149936176,0.11639331196053185,0.10599327726167576,0.98753127652048922,-7.5543121219381835,-15.333270658956572,-4.9616232141360621,,0.3200383533556492,0.2173913043478261,False,3
0.044845539918702479,-0.92770648851848592,-0.37060700035226113,0.99449656064246039,0.0062958449472430081,0.10457988911218849,-0.094686157487340328,-0.37325732879221674,0.92288325268323201,-6.9912137338925753,15.988998545351336,-8.0576483353482828,,0.2507062188414001,0.2068965517241379,False,5
0.97321142173896591,0.029876792392890407,-0.22796250979740576,0.008093731919508294,0.98645400178811438,0.16383831621397321,0.22976949340683875,-0.16129438809991767,0.95978648681206047,4.022790201753665,9.2573224823838807,-4.7753212457840952,,0.09240300289643959,0.3055555555555556,False,4
-0.54185591495806573,-0.75058161480971863,-0.37817906728769829,0.8205183594533636,-0.56987849078427344,-0.044588423849699091,-0.18204886493719027,-0.33446336907212204,0.92465802625836069,-13.716614061570244,-5.2550674294099622,-7.305464611351332,,0.08254253792144137,0.125,False,1
-0.21442828422626342,0.95983400371639116,-0.1809397585760113,-0.97651174087209436,-0.20666532851110636,0.060944744895268133,0.021102863851467597,0.18975807572053682,0.98160406571901848,16.388328300100422,-0.44159064190676456,-0.8488252103219015,,0.1581176894893012,0.4,False,5
0.79393545092885986,0.59177036374198244,-0.1395504795945503,-0.56426666843069495,0.80263186924076346,0.1933525520317774,0.22642797233670456,-0.07476576138687252,0.97115418666024877,-1.0770962417249552,18.359277181066872,-6.9625752748121101,,0.1736829637173977,0.3333333333333333,True,5
0.045211500695792127,0.99719103606318849,-0.059715641167624345,-0.9987631712783448,0.046358978787871249,0.017971443563903421,0.020689318569233971,0.058829267214302289,0.99805364055053192,12.950010749775654,10.709896805956117,-2.8969085706862421,,0.705884039964166,0.4772727272727273,False,2
0.79430584710485586,0.57356536100281696,-0.20025233559872557,-0.56289500110047475,0.81882798417368285,0.11256087273186227,0.22853323388761915,0.02331327930107352,0.97325693011511405,0.8458856846859224,14.941122613097164,-6.1274249908212521,,0.4139300088763892,0.4032258064516129,False,5
-0.96101974692737235,-0.14931567863890252,-0.23269266023717686,0.1587954388924252,-0.98705636825367904,-0.022444029870334489,-0.22632952658151415,-0.058519689015427707,0.97229130994518631,-17.551792023914711,16.091336004988406,-10.364999328549844,,0.1084759226906461,0.3333333333333333,False,2
-0.84980647295320288,-0.45992315032224396,-0.25748719254460084,0.47573456729910663,-0.87958831067184062,0.001012524661383199,-0.22694840824198265,-0.12163510811899925,0.96628118085229742,-9.9186060774358165,-7.1067218321523242,-6.2529167049339431,,0.2257856543664761,0.5454545454545454,True,4
-0.23586433266191878,0.95657027825888152,-0.17129308021538264,-0.97177503101041263,-0.23133144088044441,0.046249903404096585,0.004615807909628962,0.1773670409402581,0.98413394774565011,-4.878618986524816,-8.061210807280812,-4.9945348638972655,,0.1297699803491924,0.2424242424242424,True,5
0.59125853148825869,0.78172436846099547,-0.1982936224304897,-0.78415515907137645,0.61469559930421835,0.08514697116029489,0.18845167933476234,0.10514909391091104,0.97643721385741045,-1.9690711869470114,8.5845381897388187,-6.0449976131058039,,0.08454318418884277,0.5,False,3
-0.95603341159860322,-0.093266496925590039,-0.2780314307022938,0.11800897504600273,-0.99028196067394214,-0.073590217912194139,-0.26846600849218777,-0.10316491125863114,0.95774892501598297,-6.2064151069107369,11.812947911786992,-7.4091371534188895,,0.2502150238688151,0.2040816326530612,False,4
0.97293354305730684,0.022967048845464081,-0.22994093907194074,-0.0028814731400999059,0.99617716610415374,0.087308366410330102,0.23106712857197748,-0.084282669630402873,0.96928035866485729,-14.173017062175076,0.28387609281911885,-7.9834077329570121,,0.07033610788968356,0.2166666666666667,False,2
0.97277008938926435,0.095299877924744231,-0.21127301402955651,-0.049050400622308886,0.97555648144423479,0.21420459778197259,0.22652243021033344,-0.19800879975312841,0.9536666628502497,18.961942552857128,-10.034338221053568,0.9160862702667727,,0.2084407462232957,0.1818181818181818,True,3
-0.17958312383008537,0.9748300131843558,-0.13212246981651982,-0.98369879176808861,-0.17667771396126433,0.033491378941810035,0.0093053054453079917,0.13598320037567369,0.99066744193304301,16.571036210466119,7.5705994967938119,-1.719419158665249,,0.1552421601417087,0.2142857142857143,False,4
0.48045096480548877,0.85408613030683433,-0.19925800469484931,-0.85994084300540941,0.50339541367020924,0.084230659661105947,0.17224580386361005,0.1308813948324834,0.97632035907179715,-9.0873908828135832,24.407134419572674,-9.439711629837122,,0.350352801665233,0.7727272727272727,True,5
-0.97431373492776696,0.060919614685269373,-0.21679840054231411,-0.042654658716916045,-0.9952106478141548,-0.087956503836134153,-0.22111835297154947,-0.076449767978266581,0.97224590868525695,-4.5935062784800795,17.853336500351286,-7.7479910169856714,,0.126853740610498,0.2,False,2
0.043121157052941193,-0.96442078684303634,-0.26083157730511564,0.99739469500529021,0.026443694936539416,0.067115969585541849,-0.057830685537348651,-0.26304614975924318,0.96304845927249083,-15.523456919595814,10.624114732403488,-9.3095404489049489,,0.07790071360140652,0.2678571428571428,True,3
0.95306204409721995,0.21032351300313207,-0.21779981629755918,-0.18603443966548,0.97432454157940784,0.12681827523834102,0.23888057133132456,-0.080347417843376151,0.96771915610177028,-5.8818750073506081,27.16951414329127,-9.1257623932829794,,0.4124839833539909,0.8148148148148148,True,5
-0.97346228005021485,0.091739196847405863,-0.20965473779819455,-0.063188893319459094,-0.9882683436239228,-0.13904260049312034,-0.21995079695354319,-0.12210487603949474,0.96783885340839704,5.7324365004278617,-6.7511268366167663,-2.6121525290952925,,0.3359562712703346,0.1463414634146341,False,4
-0.89222642558491871,-0.36874373869399552,-0.26069150477515379,0.38556282495166211,-0.92256527176736103,-0.014650165327021833,-0.23510277221516096,-0.11358421766596483,0.96531099237186613,9.2659976650304525,-15.135105243611211,-0.97072304179522462,,0.4031504506930959,0.6571428571428571,True,6
0.93502677709682214,0.2863677258868807,-0.20908957812934281,-0.26269183943417213,0.95553478135935854,0.13396372310149507,0.23815525105825711,-0.070333542374169888,0.96867707168616279,-4.891951101645887,-18.098513988793915,-4.104845638596446,,0.09648627613866323,0.2631578947368421,False,3
0.97182246839591979,-0.016095710383121062,-0.23516381105119849,0.079455029570278682,0.96164669149309212,0.26253102486444413,0.22191887751348965,-0.27381849617520715,0.93582874659603221,-1.3669007778248499,-18.073871940655042,-3.2376554864124083,,0.2859354095643835,0.4583333333333333,False,3
-0.96386555000726859,0.1373333046305707,-0.22826030085942042,-0.14506798143987321,-0.98926908730452456,0.017376813995490487,-0.22342444420910351,0.049862173467671668,0.9734450582271883,-10.811936201956724,14.056833709452878,-8.6782023311051546,,0.2110630886244164,0.4285714285714285,False,5
0.9734088481837273,0.020960426561882361,-0.228113732151253,0.012666963147406236,0.9893563669323463,0.14496043341219322,0.22872420580745692,-0.14399527675855403,0.96278273662803893,-1.23963460031871,-23.580378985362803,-2.7422459787959728,,0.1582668749748165,0.3333333333333333,False,1
0.93785688556584856,-0.24478704443714649,-0.2459751310040367,0.2991072333060048,0.92960827584612638,0.21532142592510015,0.17595262197749054,-0.27551362281041147,0.94505709799203574,-11.03871859040229,17.321659763738282,-9.0615351341559638,,0.3470024286425746,0.25,False,3
0.39596700675363994,0.89535601298968892,-0.20383262635253546,-0.90543149451535587,0.41767400506472757,0.07577753118754986,0.15298345760981191,0.15455107730585152,0.97606865854884883,-0.28572900210253116,4.4380648215553915,-5.254707156303696,,0.1207481532143605,0.6995515695067265,False,5
0.92470990867255509,0.34654569812935176,-0.15753623047044257,-0.29951401363551006,0.91776068470754657,0.26078090658843039,0.23495306007529204,-0.19396237963372254,0.9524576918940183,-1.5326242184529426,5.4379681077085493,-5.652042962514793,,0.08413004069686959,0.4473684210526316,False,5
-0.91774854840913589,-0.31493570295632234,-0.24197748840818412,0.32888601569361908,-0.9441884484883496,-0.018497632884819898,-0.22264678433362203,-0.09655918777916507,0.97010552656983018,5.5290578092186431,2.6146286864342532,-3.7552797462049869,,0.1175566822303713,0.24,False,5
-0.31955974870946963,-0.85873304417783691,-0.40057349617992122,0.93744753982818474,-0.34812306738611792,-0.0015620575419118127,-0.13810748377558865,-0.37601580922980504,0.91626329956755903,-3.856136439720963,7.9368563513323638,-6.3949183480423661,,0.09018805125639737,0.36,False,5
0.60560464345410059,-0.73934208807044621,-0.29430646040218755,0.79244635949558595,0.5940622788754526,0.13827066261321175,0.072607046138955536,-0.31695943845378166,0.94565582070118903,-8.3036039878635499,4.2667222852971918,-7.06506437875752,,0.2143910824534103,0.7693069306930693,True,4
-0.86192465054389567,0.47022325441974711,-0.18967337131944842,-0.47955006868445649,-0.87750648871544745,0.0037541826033626394,-0.16467431010791125,0.094193700772335187,0.98184006759008136,-12.68127804636209,12.907584600750539,-8.9473062053698715,,0.1134380960977487,0.5396825396825397,True,7
0.63178443079225666,0.76786969152041018,-0.10594607049274894,-0.7491215664652312,0.63996224947305469,0.17107073947950802,0.19916152154766867,-0.028713343478907416,0.97954593166480952,9.6397875141218474,-10.999750154526865,-1.2389195574859859,,0.5928843149931142,0.4081632653061225,False,4
-0.82255757257843087,0.53416191743321328,-0.19511557026017257,-0.53636509669403576,-0.84273432934616088,-0.045949245803100114,-0.18897492649099426,0.066857281619501718,0.97970331276982725,8.1907417655404462,-1.4651252038001714,-2.6394801812652147,,0.5981248992483204,0.3578947368421053,True,4
0.17468874687745414,0.98451085629396273,-0.01490689617977875,-0.98209220018808585,0.17530458843971536,0.069016024238638091,0.070560272420896047,0.002583623678462571,0.99750417184319529,0.082282190465052474,-13.75577802158659,-3.3038493833541462,,0.5794332615029425,0.12,False,4
0.019946153049986808,0.99377534958221303,-0.10960248875485117,-0.9973012909745923,0.027523537228735916,0.068063131861750822,0.070656110839177874,0.10794910588406539,0.99164242776310907,-14.930390920351789,13.654676963735081,-9.5435626815903305,,0.07721157711811302,0.2142857142857143,False,1
0.47844733023081976,0.85750719162525924,-0.18912844446556029,-0.85957196551368076,0.50138101797445656,0.098757839779158502,0.17951096985407153,0.11531908396210518,0.97697355162572963,4.8189132082240302,17.779920255941246,-5.5933801807943508,,0.4076085442386028,0.7974683544303798,True,5
-0.31637770645101104,0.92632835025526972,-0.20450167327958108,-0.94852758655967084,-0.31212267922941933,0.053617633721893418,-0.014162075980729383,0.21093890258555839,0.97739665181538082,3.3495346038945151,11.544536370355472,-5.185293711173939,,0.216543500474977,0.6770833333333334,True,5
0.22532115723099075,0.95197116952345751,-0.20731924295691623,-0.967221641740173,0.24414055157924378,0.06984043831497716,0.11710111807123236,0.1847871301544679,0.97577714908463842,-11.354192243648878,22.834556075562936,-9.7520793738102789,,0.09663647736962454,0.2,False,1
-0.7904062139148148,0.57878185608017985,-0.20067281848130242,-0.59466460574763647,-0.8036003742304445,0.024503983506714219,-0.14707829097407854,0.13870112331582377,0.97935181355581957,-11.448681397165965,13.314148551413973,-8.714344402822082,,0.07209445127374192,0.3043478260869565,False,1
-0.53090666618530979,0.83448893671704372,-0.14753415298451703,-0.84442367500071658,-0.53559646943363293,0.0092238293844122896,-0.07132158788393117,0.12947832415924412,0.98901395069767828,-0.61407791222356778,9.8511385954371011,-5.893244238486913,,0.09020311531953112,0.1739130434782609,False,5
-0.76424846528637902,0.62772016227455185,-0.14795837651659224,-0.62002565200372894,-0.77827713982994495,-0.099261696920172615,-0.17746119058759358,0.015877389336149655,0.98399971257267305,1.3880027800195998,10.952222391113811,-5.5462916406880378,,0.2101599130869992,0.2127659574468085,True,5
-0.71900148748547688,-0.56287280267371054,-0.40768991771187307,0.66186405708799401,-0.73352287741017963,-0.1545320622101152,-0.21206798657197679,-0.38094408556392179,0.89994931676465828,-18.81103635721723,12.358249035748045,-10.246951160999068,,0.5896535182457249,0.1904761904761905,False,2
0.5545792519286491,-0.78425646690540551,-0.27817916429400508,0.82842328896928941,0.55186632669605984,0.095699591181485189,0.078464690298029022,-0.28352310589447349,0.95574993633292293,-7.9204741391793307,14.316905484985568,-8.0934907350109739,,0.1350454308295272,0.3714285714285714,False,4
0.40321661583107538,0.91507334840486954,0.0075582906028059393,-0.90315076377632231,0.3966052704105052,0.16438660946943567,0.14742814727175307,-0.073109688288977903,0.98636702847890656,15.825168336581241,-4.1242539076845883,-0.47963922209254584,0.7752876498386108,0.4496321865588693,0.25,True,5
0.96632710909230823,0.15216253161352009,-0.2075053787405689,-0.11010924498817823,0.97338123743089178,0.20100975296149082,0.23256799522168944,-0.17139291289452635,0.9573591786827419,-5.2506778632768816,4.6921975750891889,-6.401308679709067,,0.07373504126861233,0.2215909090909091,False,5
0.57611353429337464,-0.69014865266992764,-0.43793610586691833,0.81323734226446853,0.53779191406453031,0.22231707607251566,0.082086666095172317,-0.48422587124676952,0.87108385639081098,-7.2319992779613171,-11.303651640814495,-5.2208446551267942,,0.2698865326747645,0.2391304347826087,False,1
-0.84629697084331101,-0.46906076854685824,-0.25251422247403316,0.47986780689760461,-0.87708991512332346,0.020980197621636706,-0.2313186655778518,-0.10341796845418305,0.96736570063037186,-3.2110381160749992,16.482603775011185,-7.2424416713584279,,0.0647086863579728,0.2105263157894737,False,1
0.29625492688284677,-0.81140507162178799,-0.50384008181572826,0.95508535953423057,0.25537876559477946,0.15031181619106154,0.0067062881691641318,-0.5257409018040422,0.85061832208650678,-1.9536235446136963,-14.622584354478878,-3.7094479765470481,,0.6585027442691036,0.3181818181818182,False,1
0.36693349971461342,0.92936889253119181,-0.040413715277514473,-0.91933302716616794,0.36892141752739016,0.13683483785597397,0.1420795268456207,-0.013055622732265126,0.98976914417777118,-8.7092696128687415,17.925763534704682,-8.6792570106778211,,0.4383711289552484,0.2571428571428571,False,2
0.96051168762618933,0.17491969721742184,-0.2163802150356062,-0.15168208594109409,0.98113917477695733,0.1198268105331592,0.23325917503508486,-0.082274049635085167,0.96892782910730513,3.2848848501201471,6.3968870198443062,-4.6907392977386797,,0.09988882594179219,0.2978723404255319,False,5
-0.25162232309786298,0.9519566065983649,-0.17454175910812875,-0.9673802826194553,-0.25285237416562567,0.015526289895169298,-0.029352943939867246,0.17275501738743188,0.98452735292094906,-10.102464699900418,-13.230850832747159,-5.7304384429649717,,0.08750596998391862,0.4545454545454545,False,3
-0.42595055156143818,0.88674277720553374,-0.17959224565198445,-0.90377750448334615,-0.42621167301497448,0.039113069115456374,-0.041861079947376874,0.17897166496289998,0.98296327150410145,0.46597532108818907,2.2695930738887409,-4.8277379095749229,,0.2420564771655783,0.7101910828025477,True,7
0.75870024972217831,-0.60454600818599613,-0.24268921495996071,0.63701301705938429,0.76646150545288561,0.082165544821396194,0.13633908892318786,-0.21693520840397015,0.96661821221530964,-5.7127417185621763,16.316319043989445,-7.7806923408427133,,0.2731691013958206,0.819047619047619,True,5
0.89469692464916539,0.4060138580237449,-0.18619924843028074,-0.3787892799777498,0.91057580985002284,0.16543994647579674,0.23671944237274833,-0.077488332080713498,0.96848307367454078,9.711743652963758,-4.561761407573135,-1.8508242081572381,,0.09627559902702751,0.3529411764705883,True,5
-0.38263720917059058,0.91069434212880185,-0.15564247933238048,-0.92343804492867565,-0.38229951896609987,0.033305479678174529,-0.029170933074660899,0.15647010261668981,0.98725182382747523,-16.161935559264649,-7.2617297653174742,-7.722068275852882,,0.1181720518236836,0.4090909090909091,False,1
0.80444780460911336,0.56038522777279176,-0.19705868707979887,-0.55265978966539797,0.82767387389408009,0.097586450699695432,0.21778633232270561,0.030403206528295687,0.97552281289892029,8.8858819683345338,2.8088572165848973,-2.9796323366833857,,0.1945405395579536,0.7303370786516854,True,6
-0.16951333843530186,-0.89524191810359999,-0.41207661443317423,0.97410127297568472,-0.21568573463686591,0.067870272294332651,-0.14963936006168357,-0.38989943824573992,0.90861790097707573,-16.174995645198379,10.6953020704587,-9.5128884592096838,,0.3567382305624252,0.2446808510638298,False,2
0.67435947230142534,0.72341148077071427,-0.14803760200187838,-0.71839546903422635,0.68912020788088546,0.094980467261957663,0.17072566353198929,0.042298564743124989,0.98441026977182355,-21.958367007739234,10.86831349667572,-10.790831416759216,,0.1081563926260739,0.3,False,2
-0.42487188831419653,-0.86066736771726737,-0.2805985756680861,0.89007895191291142,-0.45369107856411062,0.043861880864212846,-0.16505555998493765,-0.23111920599111552,0.9588224938642681,-0.37173992824382074,2.3089750678699312,-5.0591319465791091,,0.07722131693508635,0.322463768115942,False,2
0.90125467675766413,-0.35660917263384279,-0.24610953987167325,0.39297825522443208,0.91199395895904067,0.11762274330663577,0.18250506443165274,-0.20272374507102942,0.96207847114524736,-13.652155205423316,16.811380814734623,-9.6082611025808795,,0.1156480412220177,0.2,False,3
0.20641391826999478,-0.90285376374281479,-0.37715828989943023,0.97833843718429125,0.18424490091773826,0.094380712084686624,-0.015722489377562161,-0.38846994450182071,0.92132725214579769,-9.8533801121848335,5.1572538207781031,-7.5030934839762038,,0.2439291911740843,0.350974930362117,True,4
0.33319295759473422,0.92111675221254807,-0.20131165341997082,-0.93237131542302798,0.35364578397123508,0.074955918083259646,0.14023616932021293,0.16272242707377288,0.97665512262088439,-15.665215729027786,14.205968185880373,-9.7669868899640342,,0.07515861994212975,0.4,False,1
0.70555470190607361,0.68716285402098609,-0.1732044302896644,-0.67522377206447237,0.72606538272620735,0.13000737535107029,0.21509398005815858,0.025224433797049695,0.97626753898834595,0.3992260675953786,11.654651783080611,-5.8243194894515762,0.4225193943880105,0.2172822634261878,0.7314814814814815,True,5
-0.97131889643784253,-0.042667437304770489,-0.23392112178385088,0.099003107587133515,-0.96701054713516799,-0.23471043099409444,-0.21618969936345767,-0.25113759480250381,0.94349982637303709,23.552141526969418,-12.729293637055239,2.3278450331275011,,0.3610220880227097,0.3571428571428572,False,2
0.37587423505781942,0.90860900283406032,-0.18206657954878297,-0.91387045434124259,0.39600054674836516,0.089578790219148455,0.15349056030202474,0.13271490852157503,0.97919732483002619,2.5216764823170212,-15.598654039143451,-2.5745507105781642,,0.1991621025834197,0.2105263157894737,True,5
-0.23918156591334258,0.96430680114986445,-0.1135982912871412,-0.97094351236158016,-0.23659124747099466,0.03596216655149008,0.0078022003434878376,0.11889901125003251,0.99287569755411254,-14.412612532091149,-14.557177564273886,-6.6626219270110321,,0.1346949848974529,0.625,False,1
-0.82011129613302569,0.55187985145830165,-0.15114923588748871,-0.54272720848033917,-0.83392363355372123,-0.10009270990285646,-0.18128606987341042,-5.4359194745501327e-05,0.98343040318821284,14.742125868749497,2.0451613055097821,-1.5371503478352744,,0.3887674810006523,0.625,False,4
-0.89697704226872377,0.38523739659779499,-0.21685094859235829,-0.40274539503963275,-0.91436979868091761,0.041521296157378852,-0.18228640217312594,0.12457937037395776,0.97532130503747649,2.9297316589823428,0.43444846456923275,-4.0853607433322265,,0.0863135743227578,0.4081632653061225,False,5
0.9676442575005062,-0.083138297955473311,-0.23822807210604119,0.11966772610250237,0.98242995570731073,0.14321668009833199,0.22213560330516727,-0.16709100975815097,0.96059167610501972,-11.527004280998659,15.302591418015124,-8.9386312505873686,,0.08198064493280802,0.3,False,2
-0.94280641400061249,0.2635136529490737,-0.20414852541407588,-0.26282699776754492,-0.96434567849053565,-0.030973886116014468,-0.20503179012973888,0.024453365536549941,0.97844979327001314,-3.3988098140985201,2.4695404926795512,-5.7602401777615269,,0.06801357977164682,0.1967213114754098,False,5
0.25516234315984254,-0.80901176324777879,-0.52952067529030378,0.96689089372244852,0.21136211358166004,0.14299670128677386,-0.0037654043320822922,-0.54847609234041761,0.83615775895533173,18.024579068931072,4.6813888601867406,-1.0383750501393785,,0.7066365843167077,0.4782608695652174,False,1
0.67934976498809285,0.72216282443172386,-0.13024880736274813,-0.70403712712476674,0.69148292539755618,0.16181188928364579,0.20691935733644679,-0.018226872810027744,0.97818820309132704,17.58644456263594,-10.916737522439838,0.66252325484946273,,0.22667403185295,0.2352941176470588,False,5
0.90741257910405548,0.35229340775464674,-0.22911081627969021,-0.34142433925320415,0.93588943159838323,0.086835432790823508,0.24501394215276945,-0.00057155496228250557,0.96951938684880656,-7.1374103824712289,-3.5456188933632906,-5.9745044673632721,,0.2746937533187054,0.9018912529550828,True,5
-0.8969835637691852,-0.28626856382767557,-0.33685426476738034,0.37364107733790147,-0.89818538402420189,-0.23163626929103626,-0.23624739501993408,-0.33363651672042305,0.91261922128396911,-10.994020015497842,12.22425359097794,-8.5092322938097595,,0.3297273728979633,0.1666666666666667,False,1
0.73022176741708344,0.67239109689952081,-0.12110484383595378,-0.64840286477290487,0.73790186824794091,0.18728202740916855,0.21529025835964238,-0.058232685379069893,0.9748123198898242,-2.1622388531615888,-3.1328827408364632,-4.890325511548725,,0.07513233507065963,0.2764227642276423,False,2
0.72730629132210434,0.67476355603896032,-0.12537823593010114,-0.64964660302066568,0.73577703382473048,0.19128891154426975,0.22132521272326047,-0.057674083761591055,0.97349311773389813,14.779671452440322,-8.7533829375417653,-0.15295699783791331,,0.1217161963064796,0.2941176470588235,False,5
-0.9647358219835841,0.15987810195964156,-0.20910233450500276,-0.15794448750261561,-0.98710499351452285,-0.026024424032645571,-0.21056669406436454,0.0079198669482094808,0.97754741217923957,5.1961200277065274,13.412719888229509,-5.0025650756061948,0.1797350925156465,0.1451204780343922,0.5,True,4
-0.76684247574138609,-0.58685838573250548,-0.25990354459733789,0.61427691648551741,-0.78843568639020478,-0.032140913170788321,-0.18605506516047174,-0.18429976538738507,0.96509953331575526,-5.6854077613716187,-15.312695659263149,-4.5332664507086005,,0.7442900337444199,0.1923076923076923,False,3
0.51413629171265907,0.83212210489674587,-0.2079343071408945,-0.83915877971693476,0.53815782735142836,0.078731793351698151,0.17741594056887913,0.13401102716790991,0.97496903983124583,1.9751469990729738,5.4907769604863859,-4.830974110098234,,0.2373238069814158,0.8122743682310469,True,5
-0.86953711248400534,-0.39034035972590292,-0.30255514139084355,0.43836699350720487,-0.89218568238256313,-0.10880756938290807,-0.2274633795063169,-0.22724240739926813,0.94690089199606986,13.714807241605005,8.018410438690708,-2.3548348881289978,,0.4154235187609667,0.4782608695652174,False,3
0.85041614100222462,-0.432586933401643,-0.29943435369551191,0.50014177842117602,0.84133200759301574,0.20498452253087496,0.16325007994053084,-0.32408177679355871,0.93183711739216635,7.4995750689420149,8.9165499035534594,-3.904334606553062,,0.2807157606194287,0.3,True,4
0.97381680615821931,0.023179764043011333,-0.22614934574903389,0.0096896729073292602,0.98965191586883849,0.14316143215296162,0.22712758151038093,-0.14160432181274824,0.96351506358810901,-0.83455382183731752,-9.6007946901093746,-3.859226272007517,,0.07477105125677572,0.2352941176470588,False,4
-0.022254911702559697,0.98185024063695125,-0.18834761444274498,-0.9978701301551719,-0.010260394814234082,0.064419932026947929,0.061318204875973149,0.18938011843754274,0.97998737159790528,-7.0449975788521764,5.5401223978513139,-6.9064262050541787,,0.1207805023327237,0.6129629629629629,True,5
-0.78796561297021661,-0.54606012934351289,-0.28447939805514449,0.57595160260211931,-0.81703811906786672,-0.026990062061680142,-0.21769231552014359,-0.18511360601368265,0.95830214892386112,-7.7423673492337848,3.291369039402869,-6.856663661393875,,0.07914377080082786,0.34,False,2
0.80963177861761848,0.56219270356870987,-0.16862902213609915,-0.54137389999942465,0.82628291530612696,0.15546975356197418,0.2267392410940047,-0.034581901730714695,0.97334136284286332,-19.155240593312271,0.95279780187166851,-9.2598846046645686,,0.07939408455105222,0.1666666666666667,False,1
-0.85812660325725321,0.48607857065120064,-0.16536733636318784,-0.49547926988034352,-0.86842232507254125,0.018519136978925085,-0.13460693110316285,0.097827851194270191,0.98605815529800334,-5.2843517374117521,3.2838724699530366,-6.2442443935777492,,0.1728435770033282,0.5883190883190883,False,5
0.96362996350321195,-0.092523223402134758,-0.25071247789066581,0.13789394426960705,0.97576473980277545,0.16990712960730328,0.22891604044402258,-0.19829933355637169,0.9530345328153278,-6.3821218810979428,9.1503518846604592,-7.0957187898895882,,0.190813965573585,0.4730538922155689,True,5
0.9636827600375989,0.13751718427245146,-0.228920427301913,-0.09363482200840624,0.97679789542142703,0.19260942761901167,0.2500960977579777,-0.16417946135264852,0.95419968893108764,-21.327758833352327,16.198177972659405,-11.200730740281067,,0.3337214593140148,0.7894736842105263,False,2
-0.13132724855759362,0.98861755269887508,0.073406323174363602,-0.99073693562522835,-0.13346762269057569,0.025034338043138177,0.034546753454181983,-0.069438664942618189,0.99698786032567266,-14.268940293412104,10.175846990124255,-9.0141409582313887,,0.6337426900311689,0.7403846153846154,True,1
-0.45907979696523932,0.87531102358672408,-0.15190902542612397,-0.88569204336572771,-0.46427090243232272,0.0014606414061004921,-0.069248424797934333,0.13521516609551174,0.98839340068657211,3.9681025485991848,3.6173443041948152,-4.1775124611816983,,0.3503420080976717,0.8076923076923077,True,5
-0.94599042683985513,-0.19692472278695758,-0.25753206767823822,0.21787130471126803,-0.97441478932788406,-0.055207906340529869,-0.24007125382010772,-0.10833499847406099,0.96469130875885201,-2.3491550056478463,1.2811773958514023,-5.3968133680078703,,0.07692264364118861,0.2661064425770308,False,5
0.48513003246247205,0.85248619143792459,-0.19472068459879532,-0.85685739729238752,0.50787110796882329,0.088669827990336694,0.17448281379057587,0.12383146247292176,0.97684262631886665,0.85513106638762504,-7.5180566738064991,-3.6766046197385545,,0.5389088053536504,0.9224376731301939,True,5
0.86637991541066117,0.47255395596176103,-0.16148870201319024,-0.44616096292990565,0.87771985241916417,0.17478059339279925,0.22433510053149111,-0.079376440926573005,0.97127397952140948,-7.9253576932409668,-7.1411445994829092,-5.7828247671618831,,0.1209667697182213,0.2702702702702703,False,2
-0.84323730420775167,-0.43357077076195571,-0.3177534193888838,0.48539381617694521,-0.86814278118037336,-0.10354204315923367,-0.23096253377902248,-0.24154605818619854,0.94250294947288316,14.699357726908385,-5.210544744486012,-0.6141146823692728,,0.4308249395616303,0.1428571428571428,False,1
-0.81969296089823884,0.53224257522915219,-0.21171039409372092,-0.55090142486788873,-0.83375453290050872,0.036891719211553708,-0.1568791571000048,0.14687144031871802,0.97663591480464074,-19.920484395290622,13.82674449716993,-10.647960747787925,,0.08567243103937927,0.4090909090909091,False,1
-0.35571100776812348,0.92078405310227129,-0.16008249905951838,-0.93433408787413597,-0.35441070603465491,0.037588079020148893,-0.022124447766974781,0.16294102921171222,0.98638771779175927,-4.8209430466767351,5.8534424127393576,-6.4129807421375613,,0.06790826007645304,0.1824817518248175,False,5
0.53832349749778874,-0.79583195072151669,-0.27723513170688485,0.83966164273105515,0.53458925136568947,0.095826186663444807,0.071945380448878424,-0.28436919406830491,0.95601151860059153,-8.2492890084459702,-0.65653552465236653,-6.5748221394606929,,0.0787852093074361,0.3195876288659794,False,4
0.43788671836456711,0.87555957775538273,-0.20408490311810229,-0.8845692061627497,0.46014718691222045,0.076170111496382933,0.16060056472040138,0.14717334058036724,0.97598538228495124,-5.2547300189389841,6.9554763102440065,-6.6730107761396917,,0.06933255549268083,0.1977401129943503,False,5
0.65085034722530599,0.74853121867908368,-0.12686544123402133,-0.73010529478102271,0.66292385858501424,0.16576554603255322,0.2081828140106988,-0.015263432823590078,0.97797082961048754,-16.49355435038348,-9.1989218995039916,-7.6370663846363218,,0.3574390730033216,0.8217054263565892,True,2
-0.96865041817089803,-0.073864997801871168,-0.23719259996271852,0.081286824062063778,-0.99645557356809478,-0.021650453551417134,-0.23475267753797341,-0.040252354028162837,0.97122135910612273,-14.932525079526522,12.434398077834739,-9.391082085103907,,0.08119114782375292,0.2083333333333333,False,3
-0.88991796870321216,-0.37214615269923329,-0.26372950159265229,0.39050389228323873,-0.92040677131162474,-0.018923145493073168,-0.23569624326830194,-0.11982744408052029,0.96441104543360578,-10.721747581411305,-18.891973620542704,-5.4091270342007203,,0.1119824202860778,0.2,False,1
0.20388900505315741,0.95703569176037218,-0.20618428241546374,-0.97310159182476796,0.22118863346079468,0.064411803389197261,0.10725001448268445,0.18750539492103233,0.97639088549052522,18.32557348850953,-8.7564820949024362,0.60975513851959184,,0.287930234988761,0.8356164383561644,True,5
-0.45804671790088647,0.87596912859603893,-0.15123256913417427,-0.88812438052345555,-0.45819412391651415,0.035961500638974429,-0.037792710144348332,0.15078537911573198,0.98784385431345934,-14.794629626736027,9.749580964974264,-9.0720575607527199,,0.4312657308210354,0.2830188679245283,True,2
0.93146274615669522,0.29178083886938827,-0.21735016584052672,-0.27398575656836477,0.95557842578264041,0.10863552538848392,0.23939289404635483,-0.041639095180456394,0.97002949853737142,-2.3219052459281309,16.143542207633583,-6.994203368563463,,0.4223704958349003,0.9430379746835443,True,5
-0.19028799449684691,0.96730157185217336,-0.16768466907467178,-0.98154301604696592,-0.18413783551916463,0.051638795297158389,0.019073195846336433,0.17441595862372028,0.98448732169468556,5.4866961243118233,11.621018300101751,-4.6971671183312056,,0.2728372322630477,0.8958333333333334,True,5
0.1512783141320094,-0.88317397587490554,-0.44398040498504876,0.98718396370871631,0.11189022875413022,0.11379102998785014,-0.050820207297141706,-0.45550445118204852,0.88878175132234571,16.221679276712454,0.65707148488796419,-1.0388488736968491,,0.5075665224163516,0.5238095238095238,False,3
0.97025379235683318,0.11506657831658766,-0.21299591773481594,-0.080592697553437162,0.98316089152221597,0.16401060478610013,0.2282813954711248,-0.14196599570233262,0.96318910944113256,-3.7826801700911532,-3.4157107367935344,-5.2527155058366102,,0.07807659985336113,0.2569832402234637,False,2
-0.92873745562602239,-0.20421882211394515,-0.30942109044422783,0.28439692962905461,-0.92785950937311512,-0.24123664166840153,-0.23783423835703066,-0.31204391287169009,0.91981708589526456,13.756410853022881,-2.9956381834814758,-1.1332899162497072,,0.3900228706945603,0.2413793103448276,False,1
0.83314837206864645,-0.42671527552965849,-0.35182078356602431,0.52495337102851547,0.81035617863640541,0.26028219683950554,0.17403375639559499,-0.4015431949061633,0.89915255338534705,-9.1335351249675032,15.85844624765252,-8.5055351465108266,,0.4715952058872369,0.3448275862068966,False,4
0.97365416336869159,0.062011947880544434,-0.21943584136342453,0.0031308405436384435,0.9585861491189247,0.28478552026892323,0.22800826299128649,-0.27796962610582404,0.93313724551658805,-9.1772827193791375,9.7351534614544626,-7.7943407430601974,,0.3322563308558169,0.1752577319587629,True,4
0.1068708377213908,0.97998227526097659,-0.16796834290737128,-0.99001785992822489,0.12049646128291391,0.073111147176289554,0.091887219284653571,0.158478209835344,0.98307751268123256,-3.2052599498426755,-7.2625692814918192,-4.6911049934161415,,0.1198918778639064,0.3865030674846626,True,5
-0.31950262428776471,0.93844467799220521,-0.13129988355416483,-0.94750040914596267,-0.318247909968846,0.031003910538736384,-0.012690458678242249,0.13431252416869782,0.99085775876760862,-16.519752150493012,-4.090210800056667,-8.0911385229506028,,0.08486182342167287,0.2,False,1
0.97389427186452493,0.19239615213514788,-0.1204726851740985,-0.16183013771583366,0.96061689051813803,0.22588978768005336,0.15918842218058077,-0.2004966590615769,0.96667478292795295,12.219943286229324,5.7420678734326547,-2.5216545554037797,0.5127162161809634,0.2665069015775039,0.1363636363636364,True,4
0.87172153050061985,-0.42994838960437798,-0.23504458202277179,0.45756295877297914,0.8858786460151874,0.076519038763013095,0.17532173858530625,-0.17425098797682759,0.96896794640923267,-19.572860925717457,19.779253274206098,-11.184408595858699,,0.2214709959105639,0.3636363636363636,False,1
0.46502167322373206,0.8807081794773346,-0.090044133811811283,-0.86977116532774945,0.4734621991302071,0.1390383614661681,0.16508471581769529,0.013661939705143344,0.98618476362539886,12.440381055739159,-1.0171297538292345,-1.6760842798054414,,0.1576848901543917,0.1333333333333333,False,2
0.87583237434463246,0.43420716306859292,-0.21066986398098941,-0.42154657439583054,0.90080989833535852,0.10411538155422392,0.23498114321150249,-0.0023804623428115707,0.9719970142619011,6.9218474104037204,-4.0996339388978491,-2.6507267966371448,,0.08270462167137328,0.4081632653061225,False,5
-0.94259453024142448,0.26771398430348281,-0.19961155820067913,-0.2576826539723544,-0.96330323494332704,-0.07514337887988061,-0.2124033931007514,-0.019393301835326296,0.97698961020228459,12.323131575443101,13.952626114422021,-3.3891665305364107,0.5360290220916152,0.2556936458420366,0.2352941176470588,True,6
