axis_00,axis_01,axis_02,axis_10,axis_11,axis_12,axis_20,axis_21,axis_22,location_x,location_y,location_z,dbh,dbh_approximation,score,reconstructed,number_clusters
-0.98232542582237248,0.057333642687036328,-0.17818420580716696,-0.06281217312896166,-0.99770579824929961,0.025254129296936975,-0.17632750406477413,0.035999910499393176,0.98367302380126487,-4.4357911956302294,-11.876645580869399,-3.5104156016012973,,0.1429772031538002,0.2203389830508475,True,5
-0.011611730966262867,-0.94220012593366675,-0.33484935477696598,0.99804793747065812,-0.031470997791898873,0.053943403753827793,-0.061363525114951835,-0.33356933160673741,0.94072632513228949,4.9126834006684632,3.9603241391398289,-3.0735123134429538,,0.09622438665776317,0.2321428571428572,False,2
-0.5888039474611827,0.80764965498914143,-0.031811102622350984,-0.80667559724891125,-0.58965825861389032,-0.039719250390042066,-0.05083691825082802,0.002274388787175563,0.99870437813118829,7.5406344884093617,14.283771985313484,-3.7237191312187021,,0.3217013949354071,0.1,False,4
0.59980221517606003,-0.75578853283669167,-0.2627184734700857,0.79865082418781896,0.58556750672524027,0.13880762259941865,0.048930192049575438,-0.29307744488470344,0.95483582233064801,-6.3574943526710914,-10.97951345981838,-3.9869531075866433,0.2226724304929773,0.1556798509510971,0.125,True,4
0.98116747893050027,0.090426117435695938,-0.17068537012489357,-0.053917338098701181,0.97674311079871701,0.20752304970676377,0.18548126304701651,-0.19441196669122845,0.96322411113184458,6.667483248941199,9.6297470139727128,-3.479815237099702,,0.1614605312201854,0.2,False,4
-0.43847550382981315,-0.87628724775374145,-0.19964942265221985,0.8889768262525507,-0.45553378699112884,0.047001822256838841,-0.13213415503621406,-0.15687456241753778,0.97873946315614135,-7.4028184810501765,-1.1421395155778857,-5.0948879073707776,,0.1955616665980759,0.7930607187112764,True,4
-0.80073171770204121,0.57390702633408741,-0.1716375290847065,-0.58867587107336861,-0.80693298788253731,0.048165048354295747,-0.1108577245028467,0.13960615384475739,0.98398205609997014,-5.8559424285145711,15.965898127989217,-6.7762300454636595,,0.06581532680951707,0.2727272727272727,False,1
-0.22900965284630917,0.97175794260898563,-0.056930482867815241,-0.97330326983552418,-0.22766760104949318,0.029124016890598271,0.015340268273012374,0.062080306126165927,0.99795326131066453,3.0656006497852979,11.296475965021465,-4.4217163403878823,,0.2324432082903494,0.5760869565217391,True,5
0.97128962532435981,-0.12743682532563083,-0.2008888232037567,0.16882982694844206,0.96416465602542123,0.20465337916570314,0.16760952619056188,-0.23269372922858633,0.95799826466850624,12.319061994101563,-4.8586931280437193,-0.65077936657250424,,0.08517790155435005,0.1363636363636364,False,5
-0.65796830677407525,-0.70916600768502247,-0.25330077146535307,0.73602637298800455,-0.67673342358981448,-0.017235186756517903,-0.15919448968786393,-0.19777625474382826,0.96723402933960345,13.714081802060095,-14.498802331254216,0.47433702032156444,,0.1549060071189334,0.25,False,7
-0.76551573790136507,-0.56268752091725771,-0.31203911426184916,0.60428362156567361,-0.7953018968231188,-0.048334228213794309,-0.22096823240638563,-0.22556073841327084,0.94883897135059636,-4.53809078274121,-3.3301783240329748,-4.2698657684653014,,0.5782143632226482,0.5110619469026548,False,2
0.94230095851839168,0.28785430033325493,-0.17090583768546924,-0.27583157311139234,0.95690031027321609,0.090877607109326436,0.18969935911914507,-0.038492830224272891,0.98108738406479912,0.19440731417559631,6.1193318049183425,-4.2533634092796282,0.3403681305485468,0.115885805401499,0.1807228915662651,True,5
-0.98242058234077201,0.076730556063849334,-0.17018290501502367,-0.072630125508462789,-0.99690161925677356,-0.030199774698656145,-0.17197285908492951,-0.017308474495377823,0.98494961924394853,-15.596011968731633,21.230204699259712,-9.4261565350297509,,0.2439746605050176,0.7560975609756098,True,3
-0.8796884237918946,0.44301527041686223,-0.17287494677947374,-0.43855363217417209,-0.89632655054043753,-0.065340848656264022,-0.18389939845842959,0.018335347658401321,0.98277404639768162,-11.388383650396825,-16.66468002659844,-4.4248128867071044,,0.3421391844670338,0.8064516129032258,False,3
0.15988561324731584,0.98077800119632641,-0.11185304218422457,-0.98300543701712884,0.16854561487467193,0.072750852237481206,0.090204775213348992,0.098320333989744615,0.99105812667716497,-1.4834440881526485,-11.071992302695328,-2.9651472323967951,,0.07563326986839396,0.2,False,6
0.69990765255514031,0.69545823633219916,-0.16268718269261889,-0.69387190008611577,0.71608073013924545,0.075961662660384913,0.16932532050948002,0.059717915577768996,0.9837493107460914,-11.290606211346347,-0.71531271952091613,-5.9628979342379171,,0.07036465578329786,0.2564102564102564,False,2
0.93040250441470229,0.34866334603878291,-0.11307099941138964,-0.32347690615578611,0.92612414846049662,0.19405347928393776,0.17237711844305587,-0.14397198605062322,0.97445276759312893,1.6315715131701092,-16.410819267533221,-1.8851354070549275,,0.1686544255828465,0.3076923076923077,False,7
-0.95250953858009435,-0.23862422324274399,-0.18916674918106985,0.24004643058828776,-0.97063440429234438,0.015702368161185344,-0.18735872030882142,-0.030452147475080245,0.98181942160378843,7.3894953819538998,2.19086546164647,-2.35604782959498,,0.3095288295807045,0.7627118644067796,True,5
-0.86846665107137799,0.47990612000381661,-0.12432132544237186,-0.48004860408541467,-0.87670130720553197,-0.03079213632986548,-0.12377000320154602,0.032938335218927584,0.991764111258567,16.586825211240871,-9.9453591693516188,0.67537426890870433,,0.1223963133284513,0.2941176470588235,True,5
-0.079003936410584438,-0.89005777121547347,-0.44894937568792509,0.99180909228083913,-0.11552187802156583,0.054492386325338329,-0.10036484693702173,-0.44096695975698208,0.8918940732519719,-11.336857184594647,-8.4651917588040799,-5.1247239958260336,,0.2690607269146326,0.2,False,2
0.7711094433223955,-0.56415836528575924,-0.29515346058808883,0.62880593646945726,0.74756014760285805,0.21390867204665065,0.099966597820440081,-0.35054124521101987,0.93119681846863789,-9.9353791752209766,-6.0043017055132859,-5.0995698020839901,,0.303366339500439,0.208955223880597,False,5
-0.39248622241755393,-0.8853048881251524,-0.24937886894063643,0.9111803207682917,-0.4112039350958821,0.025724439862816542,-0.12531954459298295,-0.21713262956859841,0.96806427106862802,-10.446065817731935,-9.5222968305263791,-4.8786838000597328,,0.06778011855701477,0.2068965517241379,False,4
0.16069447096031844,0.97799352521507021,-0.13306371271005266,-0.98311725286116758,0.17055325709439803,0.066272570654864374,0.087508594603588327,0.12016759601445076,0.98888927324479203,-11.224181197847768,-5.2279701827502238,-5.4843161896495323,,0.07555171838983939,0.3859649122807017,False,4
-0.09266590670854033,-0.96940457646501976,-0.22730551436901186,0.99191494750336573,-0.10975547190112164,0.063706148111142349,-0.086705055523197766,-0.21956434937493621,0.97173747989376291,5.7051524659397712,-8.5144737972247562,-1.7145523035670562,,0.2000371749121555,0.5135135135135135,True,5
-0.67302461909767608,-0.70499675244246018,-0.22364579391084699,0.72080689431141365,-0.69296733020561974,0.015287262044949915,-0.16575669881354244,-0.15091672641983919,0.97455059308645264,-7.1828789937575417,11.790256800577719,-6.5309540820932286,0.7464065255950574,0.7269442958988017,0.8798955613577023,True,5
-0.97349129037949333,0.15153040315316191,-0.17132788586657288,-0.15489821334828835,-0.98790981019121105,0.0063836063063147791,-0.1682891887697405,0.032752768557880653,0.98519338461797279,-18.053128556084502,7.6789936187094643,-8.0277423532784926,,0.1304513001405222,0.2580645161290323,False,1
0.87518262941456826,-0.4404193995382189,-0.2002151784490829,0.46551926837105412,0.87929311858973436,0.10067483486958731,0.1317086783256213,-0.18131289008543991,0.97456578020294971,-3.8434352162939374,-6.1601974811141522,-3.8203324700833523,,0.08168515692778566,0.5213675213675214,False,5
-0.72352080042885636,-0.61465876917264417,-0.31418505506461741,0.6738451193004924,-0.72766898909508482,-0.12818189226346399,-0.14983459727877263,-0.30445433120339577,0.94066846107956681,4.0640961187891023,8.8226983023669092,-3.9882328423753406,,0.2251391902452672,0.2,False,2
-0.36771043579013102,-0.8780119009653391,-0.30640518463998651,0.92475351902276903,-0.37999227825343779,-0.020899701499479825,-0.098081417536847321,-0.29103431108890615,0.95167172139502432,4.5862964323176563,-8.4311199793747331,-1.9359939492822245,,0.2367497938584485,0.5882352941176471,False,3
0.74361533767737864,-0.58513015397340284,-0.32351032824628861,0.65972658856472355,0.72073046736085189,0.2128577500551993,0.10861426200877919,-0.37171265290392175,0.9219721502081385,-1.314639795050407,-13.398013220853114,-2.7512463153501678,1.128982998219576,0.6004588159022625,0.1794871794871795,True,3
0.026607180259871535,-0.93534483692688908,-0.35273516126526017,0.99948392774006922,0.018538562239576298,0.026233564366525852,-0.017998226243216189,-0.35325112560938815,0.93535539027034931,14.944304057387789,-8.2180024969727423,0.22527663153807406,,0.3111160864611222,0.2222222222222222,False,3
-0.32523437506526021,0.94151394619274364,-0.088170802426192713,-0.94562549353235903,-0.32419705030546508,0.026243066797154033,-0.00387650068924935,0.091911705988980824,0.99575961509020983,-6.8808552536450298,-9.8955731349723699,-4.1466517744430247,,0.1007179073592107,0.1627906976744186,False,5
-0.93632249893512209,0.32586132084833397,-0.13082269513683883,-0.3028310667395171,-0.93795763882732741,-0.16890474470206668,-0.17774566944174278,-0.11853213631941037,0.97691177168373933,3.3499826837007376,-12.464040088691672,-1.8638006838829941,,0.2775851505415193,0.3235294117647059,True,4
-0.66515595595452726,0.74173490941988096,-0.08600510686057565,-0.74309577719216968,-0.66884602093871726,-0.021299441157217144,-0.073322712561547737,0.049742581580829198,0.99606699342980454,-13.451065024746473,-9.356821919164453,-5.4569994567206717,,0.1007126132149095,0.3181818181818182,False,4
-0.54644747033156016,-0.79186428203471271,-0.2726648510642492,0.82523762561938596,-0.56460863351096835,-0.014140446490716607,-0.14275161445783577,-0.2327403054963352,0.9620051594285528,-11.366319319083606,-19.347493714699876,-4.1923525706997422,,0.168958178206033,0.7857142857142857,True,4
0.33572752061670541,0.93318370515108906,-0.12827784041308343,-0.93531422561684929,0.34640071038323583,0.07206835092287639,0.11168854578385819,0.095784760199492933,0.98911624617848259,-0.42594325789583476,-13.173514711810125,-2.5850267349286926,,0.08097064893480152,0.2857142857142857,False,4
0.94097457956555919,0.29714498757020713,-0.16208546194313814,-0.28283366907144514,0.95332448893960442,0.10572385931106543,0.18593535503234282,-0.053640238160760266,0.98109671725016656,9.1413141051294744,4.0505425751204838,-2.2628113403704733,,0.1575856008774155,0.4716981132075472,True,5
-0.70564966638565196,0.69317411319088051,-0.14686114915748327,-0.70337049737491897,-0.71031074402942596,0.026992412617709474,-0.085606610447905282,0.12234498648658164,0.98878876031699536,-9.5216927843596562,-8.4267528619843048,-4.8144723667545408,,0.0865745199365191,0.282051282051282,True,4
-0.98384642460114591,-0.018717710508420169,-0.17803331180671381,0.026623503662485382,-0.99875772416179331,-0.04212122362765533,-0.17702373245493735,-0.046180685794824282,0.983122546993631,-17.56880861153007,13.310327061278478,-8.6275265093699165,,0.1020656855302135,0.5,False,2
0.42128503950266505,-0.84913836048354474,-0.31856390292460518,0.90657439903931591,0.40409827994097397,0.12176797261698766,0.025333268595722228,-0.34010090400359971,0.94004765868449081,-16.475059637946551,7.0423079042771839,-7.6239494201829796,,0.2024711222967712,0.2142857142857143,False,5
-0.65945276933262331,-0.69841611815397597,-0.27809525512361177,0.73348731697864167,-0.67882653946211258,-0.034509203893570914,-0.16467665545246277,-0.2267365326201882,0.95993340598416865,16.855346094264398,-5.9192228394073085,0.36296920289643103,,0.5891422844125003,0.6491228070175439,True,5
0.80787569888466448,0.56767814028681751,-0.15836156159912987,-0.56050868222589156,0.82311227278150789,0.091193220942430583,0.18211774296045247,0.01509024310475289,0.98316092897451401,2.2385411463741005,-11.952876023034914,-2.1594832771398358,,0.1493682233274222,0.4814814814814815,True,5
0.85163838615155441,-0.46979693200985223,-0.23238524459893323,0.50919335169197166,0.8466939142872395,0.15437469385118863,0.12423441482081982,-0.24980043671515612,0.96029451315262904,27.020374793509291,-9.9038672342102902,2.8472628953989996,,0.2192724392894849,0.3043478260869565,False,5
-0.67330650208929066,-0.7072576348745514,-0.21551100240113052,0.72246403289099859,-0.69131152469282076,0.011580026155503999,-0.15717530156853088,-0.14790204102223747,0.97643274772935484,-15.494581258295842,-14.386390146097735,-5.4279827451216134,,0.2799541802077191,0.7457627118644068,True,5
-0.92495753610932341,-0.33359704980860649,-0.18211689859418789,0.32983076744943296,-0.94263387383738617,0.05150771532540753,-0.18885237948802708,-0.012425306970822107,0.9819268763550536,1.5629632768974786,0.39763387226890684,-3.3991435150767679,,0.2018667519630717,0.8695652173913043,True,5
-0.39282512850898216,0.90528260803830674,-0.16171523736266782,-0.91945122690531167,-0.389935768897401,0.050591871646645609,-0.017258613913622947,0.16856303188349206,0.98553977318423136,0.65174221132833543,-12.57623675482472,-2.4604529649298081,,0.2055846031177284,0.8863636363636364,True,4
-0.35815866686094783,-0.87631512247556287,-0.32217103450345952,0.92884630784397348,-0.36942398435124429,-0.027757092619212373,-0.094693747190659538,-0.30918881918124463,0.94627446776096658,11.621496706100329,-18.813594279362388,0.35457441909342474,,0.2937062662160534,0.3809523809523809,True,4
-0.89121038384299234,0.42871468055742451,-0.1481478126904745,-0.42870114129799614,-0.90281859579870027,-0.033673647409490151,-0.14818698721622597,0.033500832148002854,0.98839178014852458,-11.325484137221522,7.6479585947885989,-6.8048800693555158,,0.217239786251509,0.2530120481927711,False,5
0.76580585797231449,0.62999942368419382,-0.129004317962119,-0.61785933283218908,0.77644539911357235,0.12402575146931477,0.17830096109513902,-0.015273125186073239,0.98385745863900476,9.8307160483483251,16.123507653925813,-3.496696296570823,0.5549947415678816,0.7247337406353006,0.8282828282828283,True,5
0.25794170427297525,-0.92336556088804289,-0.28436265254541421,0.96614518392037529,0.24485630885028775,0.081294966656477924,-0.0054369830069864941,-0.2957049694917615,0.95526384325675129,11.155253613267623,2.7128110233635412,-1.6799679998382495,,0.1313268551507629,0.2,True,5
0.98289478201423885,-0.009692944186223346,-0.18391273561715282,0.03250685911997326,0.99206606518693685,0.12144227606012224,0.18127645075777551,-0.12534340484250256,0.97541164605675701,2.4699181275384516,5.88753236294394,-3.8072940909968187,0.6865923085772151,0.1802162997045217,0.5157894736842106,True,5
0.79546996996387664,0.60597108576840197,-0.0051546191259727314,-0.5787467524681299,0.76219898244569217,0.29000846137025948,0.17966558767127119,-0.22770980297610344,0.95701019965062095,-15.927305467989495,-1.4277308288292665,-6.8119421502112747,,0.2575055342845885,0.25,False,1
-0.67774856093954827,0.72997008392845852,-0.088320805668040361,-0.73170719233372494,-0.68140897440120907,-0.016923188014991153,-0.072536010584187946,0.053155302416344641,0.99594831241061832,8.9337329486868562,1.551827110351248,-1.9573480805818551,,0.199588915806483,0.65625,False,4
0.9677276672340186,-0.14566529922475469,-0.20563264009287666,0.17964470191411261,0.97102991329817656,0.15757121740446312,0.17672278614823123,-0.18942684097534243,0.96586051206895707,7.6837559132507582,-10.662316348443362,-1.1035620152715961,,0.2487740341599753,0.3684210526315789,True,5
-0.96745206797378547,0.18726613544356344,-0.17019956136628986,-0.19065774987602138,-0.98164975743063265,0.0036573417383843482,-0.16639146187667492,0.035988168228069467,0.98540282786387912,-11.59257469787461,-12.697840758091086,-4.7814528250842576,,0.08139719935055603,0.6,False,4
0.45351788347491012,0.88889744034370899,0.064675110505051758,-0.87832961083647132,0.43345610919582778,0.20162563361008567,0.15119068786235368,-0.14824689524984164,0.97732504007238641,-4.231696545696412,-21.199980600080934,-2.6925626229346635,,0.3611683260463425,0.3,False,3
0.17572945404204485,-0.93045529534315818,-0.32151532210761247,0.98428167693455926,0.16023724388089025,0.074253660679787059,-0.017570982698121435,-0.32951019565611789,0.9439885017973948,12.116854384261242,7.7920734344887297,-2.0526402884646666,,0.3516157641981531,0.2857142857142857,False,5
-0.92250190100609353,-0.33683394725422328,-0.18850234645033784,0.33721626912922331,-0.94091560815801134,0.031032340537051173,-0.18781754570516393,-0.034938664853989027,0.9815823242212085,11.086929443882378,-5.4965835751035925,-0.84374948853190501,,0.1579763000432555,0.4509803921568628,True,5
-0.2632947334855425,-0.93891603859354367,-0.2216135279954374,0.95883657145991408,-0.28001378163323076,0.047166845627567552,-0.10634054988467326,-0.20007237332341676,0.97399318934115797,-12.43905222685796,-5.904892685845395,-5.5901741960480473,,0.2785315341958505,0.8055555555555556,True,3
0.9526147671900147,-0.22589032875814002,-0.20371221049572336,0.25651644112042221,0.95650725271241699,0.13889993140191761,0.16347605563637571,-0.18457365706428402,0.96912751707475986,-0.34914348245885307,-7.5457220033958716,-2.9770541954454353,,0.08995004647605506,0.3473684210526316,False,5
0.97456642502157964,-0.13474626014998189,-0.17906347644411269,0.15828466882086395,0.97952883816066039,0.12437531438310556,0.15863873057020877,-0.1495550085661472,0.97594418517446591,-0.77359221531342759,10.783705753805261,-5.1137622832331475,,0.07395863769446713,0.2647058823529412,False,5
0.71366225773493686,-0.66747081492013205,-0.21252974642277422,0.6948089632625768,0.71306940170472877,0.093661800764479039,0.089031940642991358,-0.2145104649715639,0.97265542406498084,-2.3280243571287849,10.797922138655748,-5.513196746984951,,0.07372060042257146,0.2686567164179104,False,5
0.85281478757716933,0.50271944253913026,-0.14135098224934153,-0.48844914770764514,0.86364722031179675,0.1246230674930687,0.18472782192561787,-0.037237628023987279,0.98208400397611839,6.2706037174735627,5.5860122664944232,-3.0155163930038764,,0.7077188243468568,0.5568181818181818,False,1
0.70750635184777177,0.69987082860817784,-0.098059091156101938,-0.67697332688652889,0.71100769465128399,0.19019772036187188,0.20283460449154983,-0.068182706091574785,0.97683634341213332,-11.688416343580174,0.35567521809775032,-6.1445111107947961,,0.1932729943937179,0.1729323308270677,False,2
0.20534272460281447,-0.93370731644172833,-0.29330020913030092,0.97708668192337578,0.17843593503077868,0.11602686368966153,-0.05599983446993595,-0.31040500046371255,0.94895350477589868,-14.014226546258461,23.823596991520734,-9.7802037100466759,,0.1786584544137789,0.4,False,2
0.95788635885693374,-0.21284082787231759,-0.19274985215670823,0.23932744807952183,0.9626856315207547,0.12632793617894086,0.15866977062928561,-0.16713813704272681,0.97308208648311756,1.3405846584682191,1.3687508183148238,-3.5565013744904768,,0.1634000888971955,0.5142857142857142,False,4
-0.98297421752863701,0.010270141371324207,-0.18345629416887457,0.0016848979900310405,-0.99789092498966725,-0.064891162279846509,-0.18373581249371834,-0.06409544460785957,0.98088374703009207,-8.5807919877409198,13.185957423740398,-6.968186297631136,,0.2691979868527479,0.5064935064935064,False,5
0.32625830779794857,-0.90391191972078566,-0.27658408844238014,0.94492880227019627,0.30388145707367525,0.12151386211865535,-0.025789052581095852,-0.30099717844767826,0.95327625761554846,17.232442184049194,-8.4665996978808433,0.68190393185271558,,0.5958305826183624,0.7936507936507936,False,2
-0.7790777971724151,0.62405098945076742,-0.059984569003171562,-0.61180371577963155,-0.77768492990060456,-0.14457649588964525,-0.13687220065160738,-0.075937555735031415,0.9876737762630815,-8.0206837291283719,-9.3006720886550323,-4.4332356835825344,,0.5034293518980967,0.5268817204301075,False,5
-0.25531866941033893,-0.92695639288480103,-0.27488947368084549,0.96126496638858172,-0.27390038662078225,0.030793548073338485,-0.10383660936535347,-0.25637945295788467,0.96098258811308501,3.5393510722264847,4.9961654099081318,-3.470029443043412,,0.08692759519898496,0.3205128205128205,False,5
-0.56169770087345106,-0.76628934199680976,-0.31192360791638574,0.81502429273326538,-0.57731839245654537,-0.049384977331477647,-0.14223605410766837,-0.28196474615363915,0.94882284270478745,-14.638454850605795,-9.007443812198451,-5.6782904610276921,,0.2530678161634264,0.1948051948051948,False,5
-0.77467342169494324,0.61402127627704117,-0.15119180532873477,-0.62374900362971275,-0.78128667846545696,0.0229849194767867,-0.10401091380422156,0.1121115441492409,0.98823718381676151,-9.8946512227635246,5.2517437946521381,-6.1986068769914171,,0.1705864080787153,0.1641025641025641,False,2
0.92959678344697672,-0.31679694892012278,-0.18838660610546692,0.3400567383072261,0.93431618466196042,0.10683951427523802,0.14216622291137213,-0.16337980362829185,0.97626625713966741,-11.492143750243894,1.685986704332904,-6.2042515614104428,,0.2435464745933745,0.9485981308411215,True,4
0.83160461352164938,0.53267073880049776,-0.15714849918227286,-0.5214877149194419,0.84627860942967781,0.10891775984599816,0.19100871696759769,-0.0086254998407918476,0.98155044230792821,7.766890330021381,3.382258566878614,-2.4237862630948959,,0.1511002095338177,0.3529411764705883,True,5
0.5466515550184079,0.82948300425810662,-0.11458631263333215,-0.82402082192645676,0.55721095563573875,0.10249700459601381,0.1488682720649529,0.038391360570500382,0.98811150231436051,-3.2410243614971685,5.3097408052999411,-4.9358605706842171,,0.0709316526248146,0.2254335260115607,False,5
0.71181761788736897,-0.59522593892562881,-0.37285621960114168,0.69680706090296141,0.66511166871280503,0.26848908361019913,0.088179355525700942,-0.4509241064438354,0.88819584072821489,-14.513077559714107,12.039003281111716,-7.8140013903188166,,0.3123965322879563,0.1818181818181818,False,1
0.57048482202755924,0.81327027689597053,-0.11462340316766113,-0.79464356435668815,0.58183460410634236,0.17323423186805367,0.20757811412257052,-0.007742750284483596,0.97818780219104651,-0.022132183029089147,1.4725608446190197,-3.8073693680561504,,0.266589439375344,0.2083333333333333,False,2
0.20832644084157054,0.97314560603174527,-0.097916921455851999,-0.97326680988190917,0.21616276463918582,0.077623295252368066,0.096704761147401785,0.07912830495247429,0.9921627389328691,-0.83385954064119039,-3.0500038581604247,-3.584639029769964,,0.2258158602855576,0.7473684210526316,True,5
0.07854629620798903,0.99190793610453065,-0.099745303873707281,-0.99411782418783046,0.085417096420578889,0.066585818844048586,0.074566956381910784,0.093928515009707711,0.99278255579155394,0.14365133067362756,11.25845594400205,-4.9760547027737756,0.4631795643082769,0.3868819856547953,0.7967914438502673,True,5
0.98318441004243284,0.094119648494919106,-0.15649251616836796,-0.035086955350242872,0.9383457264882491,0.34391307498478629,0.17921306150435606,-0.33263912780734922,0.92586926141750847,-14.6315190117933,-3.3447777691517273,-6.3448200295951684,,0.3237158078249101,0.1621621621621622,True,3
0.95925437187340457,-0.21337488254735543,-0.18520855687484322,0.2325679478215138,0.96852446721221197,0.088727143859082952,0.16044687497065607,-0.12818547464203225,0.97868548799036947,14.419762081344418,-2.6504255848626834,-0.43362591618409035,,0.1366141129400272,0.4,True,5
-0.93505553858953638,-0.2946611153890874,-0.19709380211130478,0.29996688983867426,-0.95394467964463148,0.0030680903202710136,-0.18892063083089661,-0.056252779978944879,0.98037983454939315,-7.1974775271089202,-4.2325356923555226,-4.7083565525299393,,0.2052959561485353,0.708994708994709,True,5
-0.79871963016757108,0.58444746578550921,-0.14306680999405547,-0.59270566654708989,-0.80517763184181257,0.01972242440932085,-0.10366747430100226,0.10054919650851313,0.98951650509405065,-19.792885419275134,7.653914621689931,-8.3324126047121805,,0.1139782179354428,0.6111111111111112,False,2
-0.97788067203856777,0.1199827905975662,-0.17132869349242144,-0.12582312966341022,-0.99177178633358676,0.023606437138875752,-0.16708659819119001,0.044641391030159662,0.98493107114751377,-4.091368392539203,12.55783796613678,-6.0266456793545302,,0.07402875403035887,0.1428571428571428,False,3
-0.72530384652783064,-0.56933971827907637,-0.38702275824792998,0.66656590934088045,-0.7213398789199863,-0.18803900548626987,-0.17211687516481022,-0.39436159076360655,0.90269303587315852,-5.150227476594087,12.931888120499853,-6.2729747091820718,,0.531825799263165,0.25,False,1
-0.25659314417314327,-0.91617663723063369,-0.30786413847038008,0.95592976882170888,-0.28758583235070612,0.059098782657743862,-0.14268228847273309,-0.27913215225752908,0.94959307397024784,21.30269269088156,-6.9525014660629827,1.3568292493825227,,0.3843073227554697,0.5833333333333334,False,4
-0.20344645547075557,0.97387254878070972,-0.10090489823466864,-0.97866899823420894,-0.19926906624992699,0.049988309944736319,0.028575017963854178,0.10892244014547815,0.99363945693652866,-5.4712024685327467,-9.883169929057777,-3.8500165367604264,,0.3884511314122806,0.2790697674418605,True,5
-0.40872133921863468,0.90121256659894777,-0.14409294455824051,-0.91245779837307261,-0.40682294239615124,0.04377053493281105,-0.019173759555501296,0.14936868260875982,0.98859565222604151,-5.874273682354815,-7.1048093216031507,-4.1854826041886239,,0.06578663252913941,0.1764705882352941,False,2
0.66818997364969279,-0.70272632141389968,-0.24433148856852399,0.74024688973384001,0.66085821287915281,0.12369706831428193,0.074543285099318707,-0.26351876529435359,0.96176980561064651,-15.391896447404514,-7.1455190317488784,-6.0756409382186476,,0.1173892262414715,0.1875,True,2
-0.76794890012468453,-0.55444316295126417,-0.32069809144097788,0.61345541177797458,-0.78066117948616431,-0.11933390383117001,-0.18419268323579957,-0.28837631993606744,0.93963405299218894,0.84781144233186678,-13.414955176259495,-2.344379922288812,,0.2351744898504528,0.2258064516129032,False,3
0.61041987763546468,-0.75133064626789958,-0.25077845395122034,0.78972709529964003,0.60167437868715168,0.11966226214234385,0.060981045719938926,-0.27109076341714422,0.96062016950135509,-11.870155020554504,-9.0238541055922443,-5.2302834930943529,,0.4827535398995705,0.2222222222222222,True,2
0.29853400915751521,0.95165268275930892,-0.072350651506053201,-0.94894133105401002,0.30406824338416244,0.083981269237332207,0.10192053568238438,0.043585258543221456,0.99383727523369558,18.258690789142836,-5.3695798452046999,0.60328665840829776,,0.2479238754292331,0.3461538461538461,True,5
0.95021319800788984,-0.24121188159401641,-0.19726050418036897,0.27204793814386752,0.95087672150893887,0.14772738352818413,0.15193682135443529,-0.19403682297514299,0.96915680549972105,5.6921318836754518,-5.1189008789979882,-2.021937756570765,,0.1172664938582183,0.3452380952380952,False,5
0.012971071349260867,0.98787397385495312,-0.15471510297341934,-0.99802137029252558,0.022310741491677596,0.058784141173633397,0.061523131808146066,0.15364648578511292,0.98620873128278597,0.43231579966585387,-9.5185537795438488,-2.672673378419578,,0.1921408687012632,0.7738095238095238,True,5
0.53027154975249258,0.83973402121866703,-0.11687111333010386,-0.83735073052615305,0.54032303491907441,0.083034763943538592,0.13287527087614326,0.053831139164694716,0.98966982920862212,-12.707627901811039,11.744426212109879,-7.4685397475122466,0.2906143250230871,0.3354809501911924,0.2926829268292683,True,4
0.67960102271475908,0.7288053390155147,-0.083577674934972715,-0.71164433576361574,0.68263878191282679,0.16603202342962758,0.17805838733577745,-0.053357953962409665,0.98257220571738602,-4.955193852321913,-15.448025238940101,-3.2272682125457548,,0.6616062831733099,0.8,False,4
0.91787530101051384,-0.29763370895742663,-0.26252448854745836,0.35588885288829697,0.91003048646577545,0.21257384150623229,0.17563614714719425,-0.28854581784373601,0.94121902595526563,-7.5986197405669271,17.737756831948182,-7.4972015973640982,,0.1158489729144247,0.3571428571428572,False,3
-0.22841106797359881,-0.94368093942934805,-0.2393630476596223,0.96891307852053876,-0.24434761252696408,0.038751651890271605,-0.095056984483057244,-0.22307068119794501,0.97015650329772685,-6.3153209135668069,-19.652588079320942,-3.1818359803216101,,0.1529232907889649,0.25,True,4
-0.13655337562450792,0.99060310231101401,-0.0076595885885920312,-0.99059114459783681,-0.13647273028276724,0.010216561726655971,0.0090752327738495078,0.0089826266181729231,0.99991847296124037,-0.13859928516765752,12.790352713342882,-5.1601213369870811,,0.6061632726244425,0.7294117647058823,False,3
0.79355674099780193,-0.55351607729521279,-0.25276006605606416,0.59800783603395891,0.78620453693058734,0.15578528220515853,0.11249145238162564,-0.27477696098013615,0.95490486167763922,-9.6073345009551581,-10.750901705907872,-4.6150917728997705,,0.2881297566056213,0.15625,False,4
0.68689079582231238,-0.65519705033952014,-0.31448030119704617,0.72192231724556977,0.66497822786487426,0.19139520455978151,0.083720979911725668,-0.35849795214489866,0.92976879697618187,5.840778437611335,0.65322617042598541,-2.5398718577966339,,0.2748373962279683,0.3023255813953488,True,5
0.93936602424849325,0.31288135633940689,-0.14034503675866775,-0.30139846095941608,0.94852350625437254,0.097273458940281041,0.16355561812079111,-0.049075604307275755,0.98531271424000266,-12.449102803452098,13.261690448514159,-7.5964758897966194,0.4874937617714905,0.1720450067344655,0.4285714285714285,True,5
-0.9722363131602807,0.18402181775907425,-0.14454245729594478,-0.16267399097011939,-0.97554628971682389,-0.14780598526985189,-0.16820738400664054,-0.12018904778882408,0.97839709155192067,-8.9027959696878813,-0.69930797210483586,-5.5041481717993097,,0.5049081084494365,0.2852564102564102,False,4
0.93270456540093982,-0.31295427340928822,-0.17922560206373611,0.33093743706418804,0.94021531345289433,0.08047097053014203,0.14332692151033843,-0.13436810299896684,0.98051140047774499,11.502774529117957,6.4427880613512958,-2.0774219001324794,,0.08242293608360346,0.2222222222222222,False,3
0.64039339059531375,-0.73026868037835124,-0.23791586693682273,0.76474973321135398,0.6349528192828926,0.10951147354441783,0.071092551192098369,-0.25207651961888189,0.96509236730057646,-8.759705963663265,10.501380535616374,-6.544473481341277,,0.06722853363667033,0.28,False,1
0.61867712503649142,0.78482165708781015,0.035966394349795289,-0.76942555298402615,0.59601491408113616,0.22967485845882535,0.15881729556886209,-0.16976804398590187,0.97260263102121702,-7.5145193944936359,18.735402915876563,-7.6762214161383699,,0.237200038429604,0.1764705882352941,False,1
0.86288636051618017,-0.46443105532752643,-0.19932617410290676,0.4890012588725664,0.86686147567396499,0.097102784787061247,0.12769063260939487,-0.18125941862346684,0.97511031453066699,-1.3178632892440389,-7.7792460018064471,-3.1850467905310196,,0.2404389159897881,0.8669064748201439,True,5
0.57433745243937129,-0.79045498643980217,-0.21287885084692176,0.81633040774353716,0.57245780286497217,0.076790164293872171,0.061164990956626052,-0.21788294644478653,0.9740563975098232,-8.0194329318276782,10.790029354129267,-6.4633187345811978,,0.06835689982584553,0.3142857142857143,False,3
0.25783631550114816,0.96537590421446495,-0.039620676053003623,-0.96318704106510589,0.26004895202515188,0.068156191757369144,0.076099660531696381,0.02058898037118187,0.99688762433598088,-12.636546370977522,-1.3653444814378286,-6.1543706765371384,,0.5365722658382835,0.427536231884058,False,3
0.98334314677110535,0.052924369275049427,-0.1738829112798016,-0.020677777489656032,0.98303176228233535,0.18226624443976258,0.18057875073327267,-0.17563475020885019,0.96775190483030626,-16.90563367822822,-7.7178780079690883,-6.2837578991953507,,0.1611827830004999,0.6,False,1
-0.83095620916190882,0.53179284166069163,-0.16342628923682331,-0.54370448904328206,-0.83850406665142796,0.036004983032946941,-0.11788641588179287,0.11877417129774298,0.98589831584351595,-7.7032243815554153,-11.717978986516908,-4.1377001991923388,,0.4184486307114527,0.9244444444444444,True,5
0.60092610459813278,0.79580740217800128,-0.074688656777413792,-0.78270348797916189,0.6048159591385539,0.14687717820194099,0.16205883720972386,-0.029803258379098002,0.98633092776827214,2.6543856862584159,-7.6740189579495013,-2.3845427600408931,,0.181596312611046,0.3780487804878049,True,5
-0.08848516296307489,0.9805353629759721,-0.17527343748833396,-0.99513446737154443,-0.079366935181608284,0.058380488598771249,0.043333218026716504,0.1795864459068591,0.98278733236748228,-5.7606543145749933,14.598764704026063,-6.5246130803463842,,0.07059560240950648,0.36,False,1
0.81854207283503666,-0.54060702030515095,-0.19424964503367803,0.56385530782554738,0.82075499183671241,0.091806509638902134,0.10980012220339756,-0.18467618409504433,0.97664663015453801,3.8461828248600409,19.029448900721597,-5.2083171209498609,0.4549538101023634,0.3843419370754422,0.5185185185185185,True,5
0.016899034913294107,-0.96703813497763913,-0.2540702031289172,0.99830162703714265,0.0021499516465760546,0.058217172405678676,-0.055751987175296239,-0.25462251119429208,0.96543207566307798,-1.1579516561821115,-6.1569676405289826,-3.2862049013744263,,0.09882227082496371,0.2602739726027397,False,3
-0.13874558237694404,0.99025196014218664,-0.012276758751368966,-0.99028368325064042,-0.13861135110474126,0.011185706614385511,0.0093749697827564885,0.01370944125319587,0.9998620710688535,-8.8385615911780029,-5.0954407053858777,-5.0330404814704988,,0.3338483066112152,0.3319502074688797,False,5
0.95997020648029974,-0.19989120445437658,-0.19621597552683953,0.22911793258266996,0.96334306098132028,0.13955328669789005,0.16112782391385327,-0.17892359609877928,0.97057929666764842,-1.4268347926334117,-9.602901309281993,-3.0766018720544821,,0.06869517582140125,0.2571428571428571,False,5
-0.96312082088753703,-0.18203229058121159,-0.19814774679181871,0.18820197344781153,-0.98204952825914205,-0.012599255388574065,-0.19229742994451762,-0.049426402172872676,0.98009118412777241,-2.4609802718849014,7.430703827567152,-4.9397558674449344,0.2274893918436903,0.1262885302272009,0.3203463203463203,True,5
-0.28521890784982834,-0.92892121038868392,-0.23612615165409867,0.95218309937999746,-0.30277102225342689,0.04095184170116991,-0.10953319067777564,-0.21315509136222416,0.97085909748341392,3.7016402706465992,-4.9444263365367185,-2.5524779633552748,,0.1512692449584258,0.5947368421052631,True,5
0.81783037660516122,0.57280406481816781,-0.055217555447922395,-0.5459919866519386,0.80268316687354291,0.23998434142612207,0.18178620853554756,-0.16611814153079224,0.96920510597119025,-9.8784583160567561,-19.55462743037679,-3.8453876273004246,,0.4974018425667302,0.1176470588235294,False,1
0.96943232104230503,0.17851059372130898,-0.1683298632085112,-0.16050149198337155,0.98028664711048175,0.11522742975525721,0.18558083411182882,-0.084688000485055259,0.97897277622220025,9.9385906869078866,4.7908144652316622,-2.322748992075236,,0.08238352044766384,0.44,False,5
0.93136653865924446,0.32879126544403159,-0.1563735093729498,-0.31178834093686175,0.94205829313058398,0.12375056686630495,0.18800106681010892,-0.066501700065522973,0.97991485485559304,5.9981779515749869,4.2562532477964323,-2.8831174524846639,,0.1962242906002956,0.3023255813953488,True,5
-0.1222859016716854,-0.96805757286062744,-0.21888511571035429,0.9892016532489234,-0.13683030218812836,0.052512451977636924,-0.080785193333562683,-0.21009998579318781,0.97433656839295646,10.551764915345979,-8.7419545660848001,-0.68086270751604627,,0.1117873363382951,0.4,True,5
-0.75490180987550026,-0.60827077644459593,-0.24521402890165719,0.62897059496584196,-0.77738848724864729,-0.0079454742825551539,-0.18579356316893497,-0.16023046656846668,0.96943640816107302,19.694463483626542,-7.6966599291033786,1.1041859800500777,,0.1200838252523495,0.4166666666666667,False,5
0.81221930750146842,0.57149679717232427,-0.11700943271211213,-0.5496393506784647,0.81692730752818077,0.17471793954975809,0.19543894368214004,-0.077596295250047131,0.9776412605121968,-3.7590803893008395,-8.9286669375980132,-3.6018812941755072,,0.2177225033152683,0.5033557046979866,True,4
0.59839164730050154,-0.76173161575464921,-0.24837951203914152,0.79832883995146542,0.59310831785697238,0.10437234590934023,0.067812238886045928,-0.2607440677152269,0.96302338050982828,-10.845333372214347,-7.3629946309602641,-5.1161752106582874,,0.316495583557067,0.7251461988304093,True,5
-0.55233577615133811,0.82620103134879774,-0.11098218857763491,-0.83212825073450869,-0.55440390972221176,0.014102454192532345,-0.049877497058549186,0.1001407044258658,0.99372233274907618,4.3118271152679544,-16.264156509695248,-1.3594799667117636,,0.1197772436267976,0.1851851851851852,True,4
-0.28269421970549719,-0.92547428665952292,-0.2521533717346387,0.95305226416336786,-0.30073964226275041,0.035313585838183267,-0.1085143304738041,-0.23033239525459653,0.96704272282981485,-6.9932285466870905,-13.187635752634151,-3.8601863371128782,,0.06714597780738171,0.1785714285714286,False,1
0.75461012357146939,-0.62131819939059607,-0.21101482533102023,0.64897459252479928,0.75419173325948263,0.10013394898999126,0.096930591975517844,-0.21250535190692685,0.97234044230927208,-5.382566493042364,-8.3625743586747223,-3.9901910164750065,,0.06519225517756852,0.1333333333333333,False,5
-0.26801606058978583,-0.91823703792703548,-0.29156154315155669,0.95755357018134424,-0.28722473564813189,0.024353879872067712,-0.1061063216726256,-0.27265856562896662,0.95624199609212968,-9.1852661861985787,-11.833117893955427,-4.4163690631955186,,0.13515688280248,0.1304347826086956,False,1
0.068436690801381178,0.98779384694009187,-0.13992760735270313,-0.99507605256177722,0.077664231581909257,0.061578541318098874,0.071694274319707069,0.13502437957675525,0.98824508496105579,0.41511118145119602,-5.4930382900373704,-3.0515759315795283,,0.08289322752082023,0.4,False,5
-0.61655485628218898,-0.7554694126438285,-0.22164402936790001,0.76989277778990661,-0.63742004931145479,0.030996635990452152,-0.16469735851491776,-0.15153101100227556,0.97463487153027584,7.6948738028618084,0.97219909519574221,-2.1680261115168911,,0.1422247484317802,0.32,False,5
0.52132126734613382,0.85326711761607477,0.012623874515222205,-0.833412641965249,0.50589950249778015,0.22246137099506064,0.18343256097303035,-0.12649474047427262,0.97485977258640721,-10.119491732378849,15.123569483668522,-7.5585705099084848,,0.3194508465997775,0.4,False,2
0.96384782997944918,0.23313390111978885,-0.12901916443914746,-0.18968947988569387,0.94041280061265553,0.28220854994942518,0.18712365394199162,-0.24753252027265171,0.9506378856025397,-10.78603033212725,13.012259621991934,-7.2962689085382024,,0.6947488506725799,0.4745762711864407,False,1
0.36222939712851676,0.93043524616702078,0.055498797698928765,-0.92194952659107376,0.34889469348094987,0.16817123202060902,0.13710920565157758,-0.11208365425408628,0.98419424920827669,-12.283213168971827,-4.0109504240194598,-5.7712178544848696,,0.201713448113615,0.1142857142857143,False,3
-0.74884602769139474,-0.62348889667632013,-0.22470252008414465,0.63689551522733401,-0.77078027159451934,0.016182570994426076,-0.18328592279313077,-0.13099377329486159,0.97429302669363615,-19.579630630679191,9.6818085397515965,-8.518318903094853,0.21473575628124,0.1314052752097651,0.5135135135135135,True,3
-0.33379473422022204,-0.85897012352072988,-0.38826717902191321,0.93515534053418869,-0.35356965302443277,-0.021748322477124313,-0.11859833252300897,-0.37034960153747309,0.92129018672934837,15.189782089371619,6.7577540061084722,-1.3323061692373055,,0.1154430644316693,0.1428571428571428,False,4
