axis_00,axis_01,axis_02,axis_10,axis_11,axis_12,axis_20,axis_21,axis_22,location_x,location_y,location_z,dbh,dbh_approximation,score,reconstructed,number_clusters
0.80755179681698008,0.55185507700467284,-0.20812512928965374,-0.52336632948438311,0.83319472687298146,0.17853356063525855,0.27193341210618582,-0.035249412693347554,0.96167026484396556,3.5828616535090183,-7.9650669920267658,-0.52125313633134418,,0.06820721405785643,0.2307692307692308,False,5
-0.81079081655678376,0.56397847285505631,-0.15667333513799603,-0.56808136234323603,-0.82268896003803171,-0.021597240328233069,-0.14107380176856843,0.071492357546949922,0.98741431287324477,-0.35133138099294892,14.112481686349161,-5.4460972246123944,,0.2550939792871377,0.2424242424242424,False,5
-0.7104967129793307,-0.62063828291765744,-0.33166631216116638,0.64656828696014801,-0.76178423421760633,0.040425620526032852,-0.27774785533462965,-0.18572264879253891,0.94253022581904322,-9.0837024977973044,-11.426978179985269,-2.8210925468403198,,0.3647780184025017,0.3571428571428572,False,4
-0.1739847881733646,0.98281593425888092,0.061661437309818434,-0.97992107262135686,-0.17898456010652239,0.087859084197844967,0.097385753151468427,-0.045137197634744053,0.99422263526475974,-6.1241960061890213,9.7857861635779848,-5.9099112291545008,1.01155368978873,0.5982569243951412,0.1469194312796208,True,1
0.89271314626129605,-0.35584697419927275,-0.27647091971033594,0.42327571783456003,0.8726535968143545,0.24354335683530226,0.15459917588362121,-0.33443778333225377,0.92965072145183258,-8.2189368405138037,-8.9888532021732335,-3.0666362617380227,,0.1396583496225161,0.3421052631578947,False,5
-0.56008374220357426,-0.74882244260713648,-0.35436019975037031,0.79235481004295949,-0.60907199914472976,0.034715340407786746,-0.24182650127938082,-0.2613355109925255,0.93446438882027483,-18.313136276995753,-17.646752887662394,-3.9942863135104876,,0.258794913023437,0.7142857142857143,False,2
-0.081930001579454292,0.99196411189697775,-0.096408897668385798,-0.99347799317625651,-0.073590035786023925,0.087097552821490482,0.079302912403462225,0.10291602082015418,0.9915237469384568,-16.929657317614534,5.7646278985139388,-7.5924329588390229,,0.4570153253623682,0.1333333333333333,False,3
0.16016731889990754,-0.95461828305050955,-0.25109831465406524,0.9817693005352921,0.12768697979738428,0.14080154728079142,-0.10234974588565346,-0.26907242306843537,0.95766620524127422,5.843677479503806,8.2462943641558297,-2.9361548031451989,0.2118720282365017,0.1915278870602358,0.6310679611650486,True,5
-0.44700963323098841,-0.82900414799846656,-0.33605730225667568,0.86307131922577707,-0.49845001420486806,0.081581133045847132,-0.23513886477691159,-0.2535738668327322,0.93830166169037676,-7.6967818948836308,9.9015826878207154,-6.3116956614283453,,0.1746729941870043,0.28,False,2
0.12869111605119346,-0.94866857009835404,-0.28890576449258226,0.98564726989334506,0.090261567541596407,0.14266151820561063,-0.10926141130927318,-0.30311844802400106,0.94666844801452399,-16.870537763408198,-8.2799384652121031,-5.207767075825898,,0.1383894170216838,0.25,False,1
-0.82005117402769623,-0.51064871550519686,-0.25836787983162596,0.50340551878559681,-0.85838769804684378,0.098759523581499142,-0.27221123347871073,-0.04907595332475008,0.96098522110033813,-10.002360001152081,-7.3792220273043201,-3.730493341951489,,0.08338459869252347,0.3962264150943396,False,4
0.9475635671881113,0.22889656688067384,-0.22300145247953501,-0.18529542048140704,0.96208029780575688,0.2001676989991239,0.26036300291393111,-0.14835047099428611,0.95404572451712877,0.14442471483649072,-11.212375180352931,-0.7199013788513402,,0.2262686501749341,0.5897435897435898,True,5
-0.37173777079487813,-0.87225962228387832,-0.31776434837413919,0.9011828163196739,-0.42124910277749789,0.10207215574922812,-0.2228913666668052,-0.248419694755347,0.94265958538756955,-17.176135195453519,10.372010152046384,-8.459656013450676,,0.3206423512329975,0.7272727272727273,True,6
0.71804990446372241,0.67611832442837527,-0.16513129949166516,-0.63989395962141693,0.73464453727405021,0.22546202406042107,0.27375181303447876,-0.056226463747631211,0.96015547159549763,3.5112508214163376,-17.438805772654469,1.1272693755191423,,0.1342169279631726,0.6666666666666666,False,9
0.67911653410626338,0.70285415884385516,-0.21165246159540066,-0.68303153634297986,0.71069447116629847,0.16846747168104395,0.26882829736551977,0.03015626053660439,0.96271592200711198,-5.249039481562443,-8.4635592445768424,-2.477523778432555,0.2329176972363482,0.233291640649577,0.9830508474576272,True,8
-0.56819181160901189,-0.75218287779382853,-0.33373490014420781,0.78365521150845496,-0.6183444223845036,0.059453215065408599,-0.25108280446121456,-0.22775226378626745,0.94079026974353996,11.576266348356677,-6.8340014494195156,1.1885300550530471,,0.1104477355794377,0.2,False,5
-0.96028737842549972,0.15122013486556704,-0.23447946956593113,-0.18347274659346152,-0.97538063600459179,0.12235344770266748,-0.21020442929237271,0.16051506383675546,0.96439048739986555,-3.5880530131471278,-1.6089020360116895,-3.3044171680355321,0.6198702473813111,0.3863323684473377,0.9520045172219085,True,5
0.25161477083673772,0.96740544429702091,0.028578198705656283,-0.94702338373592709,0.24000930072918791,0.21340629377045545,0.1995913769533437,-0.080760398141479006,0.97654546250438257,-15.338075889404063,-7.6101695644336118,-4.9305650720863579,,0.2710718528481404,0.4545454545454545,False,4
0.7705934050516523,0.61330091976376422,-0.17334297190201253,-0.56850462301470106,0.78440604154822013,0.24801140214426748,0.2880768954668419,-0.092569669976584223,0.95312253068459851,16.215571425427534,15.092680166229044,-1.8457769459277433,0.7960869353838818,0.7551275746370949,0.7704918032786885,True,5
0.97182950288828851,0.015060651614324613,-0.23520330373711368,0.054555268959252369,0.9564775175904876,0.28666091636761559,0.22928397228041175,-0.29141711534652426,0.92871143254426725,-8.988761893145341,-4.4898096213097967,-3.9985013134970586,,0.08186128829766622,0.2075471698113208,False,3
0.53194629726330334,-0.70323956640638519,-0.47168554044874228,0.8465980039801061,0.45316906902059401,0.27912293803969235,0.017463003314522607,-0.5478064504216511,0.83642282153924363,0.70849389723931866,-14.162660216040434,-0.051282412825271545,,0.2191221365545858,0.2142857142857143,False,3
0.94971950342296585,0.25113053309272171,-0.1869928345327746,-0.17668607775216255,0.92290730230829221,0.34208791454038279,0.2584857728127275,-0.29184853382293524,0.92087433374962246,8.5694777002948772,-6.1859050707303291,0.40923856172306089,,0.1370640424975195,0.36,False,5
-0.77670863833289894,0.5928158773208313,-0.21282158427985534,-0.62172686232600927,-0.7757121011909045,0.10828871006825966,-0.10089301165744725,0.21642567237350885,0.97107184519806011,-30.103871390909621,6.2551135951107799,-10.716377116909056,,0.1802671669280317,0.1666666666666667,False,1
-0.59995200681316285,0.79238121674629935,-0.11040650736488719,-0.7999166367450955,-0.59173929565024286,0.099889840533308322,0.013818964479074991,0.14824511233429827,0.98885409585525696,-10.703728447622105,23.907920672847602,-9.7256489752109641,,0.555104299517962,0.6440677966101694,False,2
-0.95758844921204833,-0.14530348713795582,-0.24881973105285424,0.13540250177034116,-0.98917553922253076,0.056550111566192218,-0.25434332004202032,0.020460919563058413,0.96689752627702852,15.463317980981104,0.65802413815626215,0.77337591009888484,0.7528048985167839,0.3846687244064612,0.2368421052631579,True,3
-0.86579661241520611,0.46029709252217627,-0.19627229184473485,-0.47771692470007115,-0.87706616771874757,0.050413066741240353,-0.14893879879151781,0.13741005806992918,0.97925262836295668,-3.2153767860890823,12.401016476358244,-5.7198388101611917,0.3056014442454758,0.2511105037632697,0.7105263157894737,True,5
0.78697800522650474,0.59569982235221797,-0.16064663376257499,-0.55262392617520451,0.79635845596514843,0.24580481246612423,0.27435818833855341,-0.10466580751296128,0.95591456377086659,-13.928422897014357,-3.79645776871949,-5.2431475013891866,,0.1490967410707449,0.4022988505747127,False,3
0.5031426497070981,-0.81409415883994407,-0.28999685272155168,0.86420330540862189,0.47383377590520936,0.1692164286711709,-0.00034780243527658683,-0.33575624097564705,0.94194884451299721,1.8278454445180996,2.9937752139531471,-2.8337433378352506,0.1914759423105916,0.1388594629201692,0.5465116279069767,True,5
0.80606114881991642,-0.4908805040473847,-0.33060815947175581,0.56988811268835027,0.7944825397361519,0.20982143139084664,0.15966516019353272,-0.35753856407467327,0.92014847270415778,-12.159498471427579,-8.6692872611429124,-4.0097234450621695,0.7974458917349453,0.3752225335476291,0.7818181818181819,True,3
0.95038582344234845,0.22560683631283987,-0.21416895668775376,-0.17841900491957094,0.95931751501291163,0.21880713898993887,0.25482041771278779,-0.16973939082712575,0.95197431368620278,9.2886242789449884,-15.818009709325318,2.20421692743838,,0.2211870102789334,0.5454545454545454,False,5
-0.94498232765299495,0.24732537279479277,-0.21409941708338165,-0.26784196400736676,-0.96074256926724688,0.072349139002792565,-0.18780064627206003,0.12571346614299436,0.97412886297969359,-2.7675470861748881,-9.5312232053766639,-1.6758011812409634,,0.3690735576335931,0.3548387096774194,True,4
-0.95102752897012011,0.20690649470012507,-0.22964394525415924,-0.17456329849291624,-0.97262318831307903,-0.15340074437555506,-0.25509663651303049,-0.10580092630316831,0.96110970759488812,-5.2293787924616861,8.1575468526570774,-5.4508733147855981,0.7727074808855592,0.3685140364989757,0.2884615384615384,True,2
0.14554226611541227,-0.92219248234872098,-0.35829941986206781,0.98604617130755101,0.10562811376338779,0.12866875934938127,-0.08081087070258984,-0.37202651395067615,0.92469772147118268,-15.103629378753217,15.047523284422867,-8.824839391512965,,0.392724180683327,0.7272727272727273,False,4
0.96509720378781549,-0.08044592159509853,-0.24923049761145555,0.15856528351863095,0.93688721685375287,0.3116077562556554,0.20843329413410566,-0.34025107875617833,0.91694316361575068,27.190200012326134,14.679708782748239,0.89062226808335188,,0.3185306014494974,0.5555555555555556,False,5
0.54733690887476072,-0.76256727440167349,-0.34483831021948091,0.83682568385431011,0.50459402580533885,0.21238560206221457,0.01204504151881669,-0.40481603369081903,0.91431881520706215,-19.850688069033755,19.771229695828392,-10.760071013374002,0.3685625307822432,0.1791236895345077,0.4,True,4
0.95117186143131105,-0.18788317251268488,-0.24489182001010507,0.23693096906718741,0.95293522660792196,0.1891511823557811,0.19782771777022656,-0.23793773844490335,0.95092051545097422,-2.2527987089147885,17.107471153117487,-6.5433168349825284,0.3303961055811742,0.2736487490812154,0.6122448979591837,True,5
0.72452047893890714,0.67019935645344642,-0.1609437734350839,-0.62903678898957749,0.7383946705785952,0.24307617850955687,0.28174952297354283,-0.074874114822912091,0.95656211153989734,8.7097668595823325,10.604851740912595,-2.6811283907665944,,0.380888616800205,0.2941176470588235,False,5
-0.37092928266569253,0.92705925594061678,0.054521585046157894,-0.92771760111418256,-0.37255907728167387,0.023233306221344854,0.04185116299533137,-0.041962720477328741,0.99824226029861129,-6.8623636362650471,14.054570638340612,-6.9651163401442213,,0.5249002814576963,0.2222222222222222,False,1
-0.60214492035658129,0.79498486659863588,-0.073624430509954819,-0.79812835346389821,-0.60173132009953201,0.030175317865453355,-0.020313204714492494,0.076931659870455429,0.99682942042447931,-16.204232704495769,17.831978782407383,-9.6389036830614803,,0.2071160471673245,0.2105263157894737,False,2
-0.82381165622267361,-0.50080115148068027,-0.2655796711860357,0.49995812073283669,-0.86271129714242722,0.075967725358363297,-0.26716330695840029,-0.070195615664072564,0.96109122509603429,-10.039853295042713,-9.0000859240227911,-3.4607680878466698,,0.07685718453132089,0.3823529411764706,False,5
-0.26453885800598353,0.94163587112065839,-0.20818520318151262,-0.96169774000342956,-0.24150950177104105,0.12965576511130819,0.071809814629932162,0.23451022743825306,0.96945773695900372,-6.462200023637136,-4.626970041712422,-3.3544287756050966,0.7228295346706047,0.3286312025852345,0.6313993174061433,True,4
0.42978987766496346,-0.80789169838965269,-0.40322656749006441,0.90261264271967656,0.37259865115965873,0.21554735525309926,-0.023897243760287096,-0.45659746914222665,0.88935238961481189,4.1041299481875182,21.663002711941672,-5.91139224791901,,0.6037521976243659,0.2758620689655172,False,1
-0.52402241530189353,0.84150326659418584,-0.13142587482107715,-0.85170444794182509,-0.51770901331063679,0.081098155916389664,0.00020400314129945252,0.15443325369959296,0.98800320269444297,8.8328214509858078,-7.3607545085201247,0.63393135892034613,,0.1645489530185806,0.3820224719101123,False,5
0.92291655179709942,0.34634900740171315,-0.16812912743127323,-0.27980380490512508,0.90336773806679327,0.32501778502214551,0.26445201678105629,-0.25292112385472054,0.93064280791746223,-3.9752852330562871,16.687691451800603,-6.7884798860660238,0.4583946219223027,0.3236247941375649,0.34375,True,5
-0.74779875780438509,-0.57997790152710149,-0.32314493894603757,0.61621054845459888,-0.78748023404289014,-0.012626993507464102,-0.24714687495394583,-0.20856777011795127,0.94626524160434233,12.544933436690853,7.8787093986755101,-1.1877110985340946,0.3941291107043881,0.3457716543868626,0.3584905660377358,True,6
0.12400947210661697,-0.94212451326910851,-0.31148523612730794,0.98678543023031662,0.084097312996166906,0.13849966293098007,-0.10428885613050198,-0.32454436282929233,0.94010360654702396,-18.488245665625072,7.3575130108567866,-8.2539350410985701,,0.09121040646176291,0.3333333333333333,False,2
0.36163087843552166,-0.87245066699557405,-0.32871407244128065,0.93119577821780364,0.32067981682259827,0.17331727470729527,-0.045798803382754702,-0.36877403479855153,0.92839010166368363,-10.861240772357901,-4.7166848018264975,-4.3693351196285697,,0.07086715206476607,0.2537313432835821,False,4
-0.74757063552626402,-0.55380997900294182,-0.36665058578382093,0.59783483446647256,-0.80157748621168068,-0.0081880581952429587,-0.28936422653345295,-0.22531764412784949,0.93032268791391548,8.5517417675681138,21.093797707862567,-4.7729783044253411,,0.2776178229800907,0.375,False,5
-0.048358248129072447,0.98180061864832535,-0.18365463527952111,-0.99034325194232775,-0.023211765502430409,0.1366801275773343,0.1299296854848162,0.18849074026070103,0.97344209774685153,-5.9575173310222551,-7.5885844353893441,-2.7567067113826651,,0.0803633449953111,0.2985074626865671,False,6
0.93935904545851212,0.26789696519067097,-0.21409296989135698,-0.20193192261385712,0.93668533779085805,0.28608403764820206,0.27717879129678058,-0.22550342349785985,0.9339807940455741,8.1579201078470724,22.406187988333127,-5.1004280551281829,,0.1581611570583971,0.1333333333333333,False,3
-0.70861818980739621,-0.60972651818100743,-0.35509693620327909,0.64976107899796764,-0.76009107440348012,0.0084911030827050094,-0.27508326247426812,-0.22471121832038052,0.93479092157951771,-6.1647513805423628,11.28728349772577,-6.1721409334624875,,0.2954766767518682,0.1891891891891892,False,2
0.96330745452736344,0.13298631458634827,-0.23313813112563489,-0.09908691554104232,0.98346761454860876,0.15156923930215077,0.24944043621789813,-0.12290683978856137,0.96055888810244983,1.6423924720250231,-4.7975072743621068,-1.4590109485076941,0.3079505082955648,0.1470370037352695,0.5702479338842975,True,5
0.13448881596174686,-0.91450152814859198,-0.3815753050121285,0.98557599462162626,0.083529163422282074,0.1471830074552338,-0.10272641922505166,-0.39586592916272201,0.91254449147498307,14.320905586320569,12.779650070465609,-1.8314185318855833,0.5991292602169496,0.4298954673664838,0.72,True,5
-0.37996264487102327,0.92086892847384683,-0.087343031055989812,-0.92037743352385615,-0.36694385963887632,0.13512062660218191,0.092378397705622811,0.13172934541990125,0.98697194042819059,-9.8501853382745548,-4.2797153286876721,-4.1965756042711888,,0.196074477434405,0.2747252747252747,False,4
0.95507640585663922,0.21579719382165505,-0.2031271279634127,-0.14053446369199196,0.93322678128096803,0.33066272728381407,0.26091976446940512,-0.28726180713534621,0.92162982301494933,-0.65240180665138725,8.2498355265573498,-4.3793498161112696,0.9545686507410903,0.4381464459533209,0.2957746478873239,True,5
-0.7561292222409477,0.62715029646939746,-0.18695214604718335,-0.64814592695629714,-0.75713933280546941,0.081528449567326994,-0.090418231807875532,0.18281831515807395,0.97898008508830325,14.900832297723195,3.7891157125694264,0.10235607162333694,,0.1794869249435394,0.3863636363636364,True,5
-0.33526003942777405,-0.83263478919512079,-0.44081743815879726,0.91246374678664044,-0.40345205632100811,0.068090741297454113,-0.23454342191367072,-0.37940182665921335,0.89501041176328155,2.7199039267628269,-6.3421382337652279,-0.94578739920989574,,0.4979738903843682,0.2244897959183673,False,3
-0.17641436408585837,-0.90614392483578154,-0.38442315178379627,0.96634198937283089,-0.23373233289247991,0.10748188747690721,-0.18724617945138916,-0.35252288442574109,0.91687866385744521,12.23177276016866,3.5094948562549706,-0.49395149617544731,,0.2566370943484997,0.4545454545454545,False,6
0.69687283617404827,0.71141084634749929,-0.090900263486268701,-0.66968656947245697,0.69082540725898867,0.2725438595046033,0.2566868692998347,-0.12905372673653248,0.95783975003361721,1.6021669371035956,-12.547018729455168,-0.22066811803615927,,0.1541957266642175,0.5714285714285714,False,5
-0.40232589246466449,0.90613293902691605,-0.13060234708057067,-0.91540154503735705,-0.39611483371261924,0.071645305889802474,0.013186644597111122,0.14837835193607829,0.98884274638640213,20.743456788990656,-3.2741377228015338,2.6872015197596624,,0.1631633413738598,0.4642857142857143,True,6
0.32246084153041316,0.93399043260394643,-0.15388592360509096,-0.92284284099698788,0.34637213355803265,0.16848571427591646,0.21066584084779177,0.087682477717902746,0.97361783395803903,-0.055199576607318446,-7.3634955465008032,-1.4475728278502245,,0.1144185414603921,0.3536585365853658,False,5
-0.011254212685217294,0.99180993891000147,-0.1272257355104543,-0.99039022377923946,0.0064831558509584001,0.13814909819727803,0.13784247291508117,0.12755788399606027,0.98220590452873158,17.549166908418229,3.3952223715002958,0.7897046885150445,,0.1856095029034794,0.2941176470588235,False,5
-0.95839819375561852,-0.10759023123606085,-0.26438086986115156,0.11350253485908456,-0.99351203019534484,-0.0071428592095075794,-0.26189707288652631,-0.036853602262133169,0.96439189918506396,-36.3152184588292,9.11363556394382,-12.658734471297295,,0.1765080069772045,0.25,False,2
-0.81331532335719281,0.54872803166418926,-0.19343146605020073,-0.56512804526760185,-0.82411243885305741,0.038327282445873384,-0.1383780229819917,0.1404857124180644,0.980364874606381,11.046767997847732,24.453647802393288,-4.7628322668722198,0.8776168496556768,0.4180368638014051,0.1428571428571428,True,5
-0.69521453717672999,0.71530739251249764,-0.070796055787864742,-0.71718856949836129,-0.69687714257737943,0.0016744951726446744,-0.048138374287476512,0.051938255363079708,0.997489405733615,1.2182480518324466,25.544836658808745,-7.2865209631820171,0.5433684326176934,0.2922220697459668,0.1,True,5
0.86207980575067389,-0.43571180230339085,-0.25879264643805372,0.48576278167884668,0.85598410730763319,0.17699075674278572,0.14440543082761709,-0.27829199300426471,0.94957919005062719,-16.144550737595338,7.7161485194078061,-7.7994181153790434,1.013209427954072,0.6716009463449588,0.8801089918256131,True,5
-0.52785798957106522,0.83380391637043094,-0.16166932885159313,-0.84927998280445227,-0.52029447775252624,0.089538635392189772,-0.0094579941669690887,0.18456620889414627,0.98277457276874047,1.8376193190315191,-13.592340660802176,0.062393390769445292,,0.07673336886816831,0.3333333333333333,False,4
0.011876052673000782,0.99145333543652236,-0.12992014095090995,-0.98895409686528379,0.030843967098032825,0.14497739129611936,0.14774557071628491,0.12676329652329044,0.98086814250859899,-3.3932145251702335,13.928717309296493,-6.1085402314691839,0.254678373058586,0.1907678363608704,0.1923076923076923,True,5
-0.8794365327688739,-0.35096703138425733,-0.32157973772112092,0.35920297588313421,-0.93258471716905633,0.035481930886209129,-0.31235333670086485,-0.084308292498631796,0.94621747229048958,-16.745169980733749,18.887720335553219,-9.9587034174146023,,0.1592141933883219,0.5,False,4
-0.91391887712275854,-0.2820331176487611,-0.29190684573677805,0.29882918345471005,-0.95420886240706415,-0.013658917219408623,-0.27468783219222936,-0.099713426644236075,0.95634921832581488,2.2062818618766693,7.1846704577244234,-3.5564012406035661,0.4034568067496958,0.2104825996616089,0.3235294117647059,True,5
-0.82873480333264149,-0.50485968892480193,-0.2414856522527988,0.49151402608573391,-0.86293401206980924,0.11729813712968372,-0.26760528377855347,-0.021484536575258936,0.96328906709354156,0.57601112474575811,-6.335541998806705,-1.4557494841267733,,0.7406906984535053,0.994269340974212,True,5
-0.969242737072325,-0.076028392303588516,-0.23406879372586051,0.055483444608320151,-0.9941050468826903,0.09314903722937759,-0.23977094070579796,0.077297084848628794,0.96774741367102657,-3.9726860344512538,19.078882354053647,-7.2887131571011068,0.2696548677086512,0.220497198178548,0.7164179104477612,True,5
0.48007624277802247,0.85322232250420449,-0.20380988567944661,-0.84452552074097731,0.51237761616470978,0.15571070377643043,0.23728347169012703,0.097369640206283289,0.96654834707260262,-3.3159196629422256,3.8408186462667127,-4.1481630193168497,,0.2264604157175762,0.7406914893617021,True,5
0.0433333126587441,-0.95514738278830202,-0.29294317054110602,0.9873851519253859,-0.003752307012786062,0.15829239384557869,-0.15229177841006891,-0.2961070707442458,0.94293574377258615,5.6593767522783507,-7.5162712074496456,-0.056847728385980928,,0.08668589742750483,0.4375,False,5
0.9724185791866764,-0.0013511503640794356,-0.23323867870758846,0.089417462408861351,0.92574023741581968,0.36743643021026678,0.21542196793486013,-0.37815762219211979,0.90032782280071555,15.702975671059622,4.3349648863703463,0.13460183729097222,,0.3122727415593398,0.1578947368421053,False,3
-0.27474285746590993,0.9425864452477517,-0.18986088461469464,-0.95898108696400131,-0.25428920314880188,0.1252688149831811,0.069797113957597634,0.21648970967959416,0.97378671611705381,-17.051861378838858,16.757050830026714,-9.6093464521984107,,0.711820485432586,0.3513513513513514,False,1
-0.39158216535996077,0.91074447160646543,-0.13117894347136705,-0.92002867421945889,-0.38528549264697298,0.071430580074391611,0.014513662046120077,0.14865933066591955,0.98878195625727894,-0.22872616712962768,16.230673822913005,-5.8654655768005401,0.3977215079966004,0.4505969436506068,0.7441860465116279,True,6
-0.79092924431145928,-0.55828570212965656,-0.25049551950184767,0.54824363352090832,-0.82835707144032511,0.11512376165935732,-0.27177168505327487,-0.046277823980872393,0.96124841441268427,-1.7254437123618094,-10.881272030789608,-1.2333797840831107,0.02216740791885805,0.09549335196932329,0.4193548387096774,True,5
-0.41213435917085584,-0.87259580982534768,-0.26214847446833212,0.88250011226113401,-0.45385840226201152,0.12331302670545452,-0.22658071817768174,-0.18052452290871701,0.95711654190002704,-19.573970386978495,-11.1233818919812,-5.2815855677365038,,0.09496459776446475,0.16,False,1
-0.74754604493427979,0.64498997232618405,-0.15862801234896878,-0.65792738475250323,-0.75181836734413121,0.043597005823068732,-0.09113982167992081,0.13695648258725665,0.98637541270120832,0.22400081612828876,9.8867789983423027,-4.4889629506371547,,0.07204418967236799,0.3823529411764706,False,5
-0.40002773111951773,0.89090508577912586,-0.21509519396829441,-0.91590653541479716,-0.38013584047917642,0.12888739724135936,0.03306104535299248,0.24856562698023538,0.96805066828347841,-17.802071531865476,-5.0976538770720481,-5.9992548696190839,,0.1362701181721073,0.48,False,1
-0.63607625938389956,0.74683813745246608,-0.19400976443137571,-0.77085402002139169,-0.6262720766881491,0.11647903578573052,-0.034511911929742109,0.22364275621456003,0.97405998045690656,-4.5805507883713368,-10.605634907044552,-1.9331595575884277,,0.186233083919791,0.6197183098591549,True,6
-0.58742204010002463,-0.76402539946966053,-0.2668342852220299,0.76993253162781683,-0.62916991189408955,0.10653224257643974,-0.24927744291433002,-0.14286500947541339,0.95783628325600823,-0.44557354076234396,-12.897150555946938,-0.57274115662130942,,0.386717734726454,0.78125,True,5
-0.22400485022487407,-0.92279884053051675,-0.31347109434726073,0.95610154656828938,-0.27042840830218717,0.11286411578918414,-0.18892236428083531,-0.27442808875675062,0.94286667370093202,17.322323704382338,7.0482082843587612,0.039223924981952936,0.07914398236608317,0.1220578206005403,0.3846153846153846,True,5
-0.5573321552747007,0.81410782092516321,-0.16312364821000097,-0.82953563442692679,-0.55434477465885834,0.067620278203631493,-0.035376544669792065,0.17300383439942274,0.98428561574896756,6.2137491687943083,13.980639376041109,-3.9806075547670834,0.2397118750534024,0.145599826555399,0.2666666666666667,True,5
-0.43625932760705355,-0.85926388810069043,-0.26710179647827914,0.86955640330346584,-0.4789225168459838,0.12043622516438812,-0.23140756372638366,-0.17971865085179914,0.95611283120049573,-9.1427157534524799,-8.4399713676858319,-3.3571183998362271,,0.07236797553161943,0.3333333333333333,False,5
-0.88978121126577303,0.42859967367034629,-0.1568174601506063,-0.44162415649137754,-0.89526359743240225,0.058916852560818495,-0.11514121973339343,0.12167748699766373,0.98586869748270245,-3.8300080817924353,10.634060948171223,-5.5465346163687261,,0.1868492612597105,0.2117647058823529,False,3
-0.093445714321281056,0.98346886010097823,-0.15510286808008258,-0.98862919917811221,-0.073222011770613354,0.13134246657006396,0.11781428184829598,0.16561261486959905,0.97912831477218742,-7.91136041925422,7.0566040864285418,-5.8194758157069,,0.08449183056124498,0.3691275167785235,False,5
0.032360032594689642,0.99943763202687697,-0.0087890829430913586,-0.99186278404688832,0.03319562490969527,0.12290755920451663,0.12313019903024433,0.0047402716551616098,0.992379203687486,-7.0554170947296084,-18.559422975419416,-1.1548513514080185,,0.5535755350004193,0.8571428571428571,False,5
0.95165606473602737,-0.19614154880335852,-0.2363878746555291,0.2444438746892188,0.94961730422626023,0.19614833071166354,0.18600517890117957,-0.24444931651994953,0.9516546669222351,-6.4638182200652059,19.976391971567217,-8.0385899211960972,0.4583350981372128,0.4095647981352901,0.3571428571428572,True,5
0.11956028262374072,-0.95410168995766786,-0.27458205338086589,0.9866085145244311,0.083271670879315821,0.1402478801866944,-0.11094583312060756,-0.28767306799366599,0.95128083553926646,2.7813123242638023,2.7538329079899175,-2.5726901714145671,0.2990655648318999,0.1981660148222143,0.8131868131868132,True,5
-0.87459474592445918,0.46517465055513069,-0.13673541926744068,-0.46054077139440486,-0.88520190395018283,-0.065725087496465995,-0.15161209808183893,0.0054894192665300434,0.9884248266769402,12.139625871910486,-8.1146523146069836,1.5763056875022441,,0.2923381012992031,0.1363636363636364,False,4
-0.93937492635823983,-0.23003537853064643,-0.2542803027246005,0.22229447848389072,-0.97318182005188458,0.059180317302944443,-0.26107453450121743,-0.00093260107458019437,0.96531819504773098,-10.151363188424995,22.868666359653496,-9.4274735574251167,,0.2173220905614155,0.3636363636363636,False,1
0.90884223872057623,0.36772889585850876,-0.19692954137978511,-0.32377628283847021,0.91952738162592029,0.2227965733836183,0.26301084348116432,-0.13872582164420938,0.95476721907513418,-8.1256683015907143,-3.9529972448037851,-3.8872829866446397,,0.08456263856791692,0.3898305084745763,False,4
-0.13926865188670176,0.98940777886898235,0.040944959582423807,-0.9845092574857951,-0.14278979403808459,0.10174771075227559,0.10651649884608477,-0.026140425247250576,0.99396725984383616,-40.694691677675543,12.492508988788321,-14.198929788003966,,0.5673340804087416,0.1666666666666667,False,1
-0.95684311157773283,-0.12630292183117353,-0.26172281475475462,0.14206255432697412,-0.9889612844505713,-0.042116606178234844,-0.25351428063195702,-0.077479996094382081,0.96422370833789228,-10.206157552605557,13.732421408728939,-7.5275157769453029,,0.1855852166457577,0.2,False,3
0.85297416805104453,-0.40790504976160569,-0.32565094659253091,0.50407596604938154,0.80565528042551171,0.31117035458711984,0.13543444572564312,-0.42957308982462239,0.89281827457188379,-2.799223764854867,-13.203120588267636,-1.0983884340475911,,0.09213037083672929,0.2,False,5
0.72767614546843784,-0.62503499307921251,-0.28252200753687717,0.680502669794528,0.70951435489391856,0.18304506713371999,0.08604384765175338,-0.32545450930343123,0.94163465242913968,-3.0651112411615564,7.5111176471398826,-4.7818401806243083,,0.1213343744055224,0.5,True,5
0.55150758375185061,-0.74383552540285813,-0.37755542137923265,0.83402381678651394,0.50016691642814537,0.23288909107902989,0.015609551468615535,-0.44333031349030849,0.89622239150979377,-18.456855900049849,-7.4337323030895899,-5.7081860368766923,,0.07915242627605751,0.2941176470588235,False,1
-0.96442909902857565,-0.10960809540811377,-0.24054641624421691,0.08716906459356942,-0.9909526270746406,0.10205118848769648,-0.24955573951486751,0.077452929672640752,0.96525798445820343,9.9797029919955538,15.408177720251238,-3.4383360670322247,0.1737362345159382,0.1236204812079216,0.2857142857142857,True,5
-0.96671153392933018,-0.089557989910278663,-0.23968349257141727,0.068912775692252945,-0.99326078922608418,0.093188164121666472,-0.24641395965811566,0.073568818321404522,0.96636835081474048,-1.5570189429264076,8.5149065532272576,-4.6595631167290463,,0.1034237138087044,0.2159090909090909,True,5
-0.85830074242518362,-0.39519605923312634,-0.32732233397521943,0.43554841296942004,-0.89832797513745233,-0.057484163430146423,-0.27132529464131705,-0.19190342324213858,0.94316258441254497,-7.1763204966891223,-9.0672578715002672,-2.7826205344636858,,0.08298919337845295,0.3846153846153846,False,4
-0.9731554550860676,-0.0044641094721776589,-0.23010548008000276,-0.014969574910928082,-0.99646697817247976,0.082640627047429416,-0.22966142920223725,0.083866758244411907,0.96965044980052395,-4.5178476975396569,-11.578682083241059,-1.7161471902329271,0.4429296578104298,0.0783915287810293,0.2692307692307692,True,4
0.13910224901544072,0.97647763285717748,-0.16474828329451499,-0.97508423252003673,0.16409017370361687,0.14928213015872904,0.17280423550844248,0.13987797333233076,0.97497325541103064,0.0025578739830557362,-10.049748153568324,-0.9270775448987596,,0.07182476282225654,0.1428571428571428,False,5
0.88972127505247445,-0.34320772122161119,-0.30100583518076018,0.42940869717928765,0.85298941694853547,0.29667697140254007,0.15493296455494876,-0.3932143368033082,0.90629921208536235,-8.4715865905733327,9.0942385047615808,-6.3058127771242827,,0.0930556315698122,0.4,False,5
0.84634567198510713,0.52009382259310732,-0.1148974290946863,-0.453921761926945,0.81715042118416459,0.35527485586188368,0.27866474043412265,-0.24853089316830168,0.92767362664880759,3.9272403574705654,8.0598671408233447,-3.3232580995005851,,0.3800010086807907,0.3125,False,4
0.95054360510794411,0.24192628336234648,-0.19477815125643458,-0.17444804980941825,0.93471389977750019,0.3096414111200696,0.25697224111970451,-0.26034899458461319,0.93068988836921263,-35.559462427339341,10.540839350606579,-12.679024478782114,,0.1591484449233823,0.25,False,1
0.018914851013414898,0.977219290385961,-0.21138752779835071,-0.9881041204667026,0.050543852696669556,0.14524312744946372,0.15261872600655568,0.20612563511639098,0.96655043687331699,13.642197486932634,-4.5290178066324387,1.280913753850015,,0.2867604831080781,0.6333333333333333,True,4
-0.38067055823548801,0.91308836679744843,-0.14614910369841155,-0.92091382548976597,-0.36003491583228359,0.149307017261227,0.083711720293430991,0.19142751578811171,0.97793039327178377,7.4283339825834878,-3.7312615826564128,-0.33608714404594542,0.5321564218904455,0.406024755767493,0.9641791044776119,True,7
-0.52199032720377958,0.83221464214270147,-0.18693551751603127,-0.85253180767730763,-0.51592285412737426,0.083744405708835873,-0.026750985106216568,0.20308224440447648,0.97879619267929696,17.870851396466801,14.349525739152508,-1.2733379033992738,,0.2547764100716369,0.5416666666666666,False,6
-0.66634873775928183,0.73277083836066637,-0.13793570290109403,-0.74156858970785455,-0.67057786214705406,0.020033910177273434,-0.077816363608923786,0.11563835542973491,0.99023854919316845,5.2353438227090603,8.3898417028047874,-3.0806995978227638,,0.1016362286615386,0.358974358974359,False,4
0.96095647956141039,0.15504052006596444,-0.22918351059056644,-0.12003887714296521,0.97986429757682214,0.15955132813153725,0.24930566051174441,-0.12581095131965503,0.9602178357877168,-7.8928089287282361,-7.9888853018116048,-3.1039364634096196,,0.08100773524220242,0.2857142857142857,False,4
0.95266711229736978,-0.1703821799520247,-0.25178420502840698,0.22961417390555072,0.94605790194690054,0.22858647664615056,0.19925537455401909,-0.27558004085678189,0.94040041301177257,-13.573410789784493,-8.4450623845445651,-4.3837830927473593,,0.3900129161349623,0.2368421052631579,False,2
0.19432303172909543,0.97733960590466573,0.083939585832466357,-0.96439416018272184,0.17469579554747827,0.19855800871155208,0.17939471325843492,-0.1195352406119079,0.97648802507085453,-13.596924966434299,7.4000642812508159,-7.147427004803288,,0.1906019099320828,0.2333333333333333,False,2
0.96418349234330547,0.19082713063904425,-0.18421508978565418,-0.10916376917128799,0.91848563105923986,0.38008869627762976,0.24173014829140632,-0.34636563303794971,0.90642009226254239,-3.4588889120514716,-3.5956379313386435,-2.8233292041730254,,0.5594148079331402,0.3542234332425068,False,2
-0.57749334981466449,-0.7788806574928534,-0.24463514118649829,0.77693311810094745,-0.6163616542996726,0.12834812467235396,-0.2507515920543219,-0.11594495457962373,0.96108293429326486,2.1013418590625013,0.22806254613938498,-2.2766676915876292,0.5954619136879237,0.387751618750153,0.9849710982658959,True,5
-0.8313491600089814,0.5193729126162473,-0.19776337323396423,-0.54180093706310539,-0.83665853303174942,0.080338307815769811,-0.12373487281240186,0.17393756565410576,0.97695209939096905,-20.720907063193209,15.568910093457678,-10.196240670203498,,0.1174663887420162,0.2352941176470588,False,3
0.85324012695192097,-0.44776442296289315,-0.26737297411626637,0.5031418519897779,0.84165636571221503,0.1961194504183694,0.13722085313598192,-0.30186351814158363,0.94342400535486681,-0.88282618176961125,-3.4562255384735217,-2.2735935432618586,,0.1607660590175238,0.5466101694915254,True,5
0.93517666610688022,-0.25293318378005281,-0.24793024767484045,0.30188240345103745,0.93532538681951971,0.18448153093885047,0.1852339538417476,-0.24736860211797917,0.95105055440305153,-16.910282103953033,-2.8373498921637728,-6.1082659682477178,,0.09995611087271411,0.3636363636363636,False,1
-0.78171253923171169,-0.5640692392276434,-0.26599135204937951,0.56174556750163807,-0.82212049109612706,0.092519271031097111,-0.27086421579856573,-0.077095988721920777,0.9595252915493252,3.7106169978064907,14.766010569024399,-4.6644447766343218,0.6656252570460984,0.4344474067938743,0.2916666666666667,True,4
0.94541277649050226,0.26502025070228613,-0.18962844925331648,-0.19771821617954494,0.92905331885926845,0.31267784972293394,0.25904090225155374,-0.25811663533037998,0.93073820891076842,-23.817230210994193,-12.674130473341059,-6.0910159326968181,,0.6583066987395879,0.5333333333333333,False,1
0.11737588191825567,0.98968470384912532,-0.082140667826492431,-0.97648386009628896,0.13007958563318087,0.17192606658954487,0.18083742233112149,0.060029062699415769,0.98167934597610174,-11.489414765688817,-7.3650420510462409,-4.0896957517774322,,0.5599041225123035,0.6646341463414634,False,3
-0.080517774446959137,0.98827095659524833,-0.12975902415023488,-0.98931460674795957,-0.063362163156599274,0.13130820673227889,0.12154627461686764,0.13894514252189291,0.98281267314597254,-23.879595706566196,-15.678476202002285,-5.5905960056733583,,0.5405146864589496,0.8421052631578947,False,1
-0.92763238083304433,-0.2771465794281448,-0.25037559693647971,0.26499464984940196,-0.96078113981130142,0.081715585625332862,-0.26320334644759436,0.0094538296037766159,0.96469405695516364,0.23580726285379122,5.0856744235486744,-3.5499171882022393,,0.06834685920606313,0.2441860465116279,False,5
0.70559705284750307,0.67580173338289995,-0.21313098359831398,-0.65807498711610279,0.73648302801881593,0.15662075460288086,0.26281192960947974,0.029745026422958037,0.96438847103127401,2.0693389804748077,4.8992835900491984,-3.0972258431548565,,0.09334673763726924,0.4895833333333333,False,5
0.099048697526294818,0.98592681914873082,-0.13467614043181425,-0.98158786459214176,0.11902020023085703,0.14939697460941204,0.16332366516761493,0.1173988893485448,0.97956259686451086,0.54205850939798506,11.008714926415927,-4.632769391639588,,0.08077349840598166,0.3103448275862069,False,5
0.83037335005181523,0.52422355677221422,-0.18886440122165565,-0.48612902339662784,0.84721792388585826,0.21424369782557634,0.27232089918911206,-0.086089790170640362,0.95834747137622722,-4.1980624045900692,-5.4394499961925575,-2.7452961429225122,,0.06775571211141941,0.1764705882352941,False,5
-0.93309783790231526,0.25713449055710313,-0.25141654414132231,-0.27732440318022689,-0.95958439412527141,0.047843139027120646,-0.22895327100252882,0.11436627263829341,0.96669579257389349,14.596774540866635,-9.8580814249710098,2.4333542826936831,0.6292070918385668,0.2678736989813577,0.3333333333333333,True,6
0.4822894837629369,-0.82070039523354688,-0.30634574440520634,0.87600916693523878,0.45096225561998438,0.17099995161275564,-0.0021893599769508831,-0.35083315873736354,0.93643542299149241,-28.641198628066501,6.5773895352056835,-10.446864437765642,0.2374415692049268,0.1931688201837132,0.7755102040816326,True,5
-0.87678348855709543,0.44836888769637412,-0.17382765815475376,-0.45624781918758489,-0.88983195652648117,0.0060841294223127895,-0.15194947081257765,0.084642954167319776,0.98475729427590786,-17.17826688076423,13.384476745496542,-9.0486228390225971,,0.08059816342385558,0.2222222222222222,False,2
0.70487774427566252,-0.65859983677282108,-0.26342668928502511,0.70586172330490937,0.68794184851042095,0.16880533356825789,0.070047078439284108,-0.30492993961052883,0.94979531412364959,-10.441174581303532,-5.820448934032707,-4.0965638651580916,,0.09385772388241857,0.3974358974358974,False,4
-0.64321293886140474,-0.67598367581078478,-0.35961532964908027,0.72911938241522423,-0.68414732460096317,-0.018093214965515247,-0.23379914770528776,-0.27384029703220458,0.93292521150068464,-8.639022666223596,-5.3753268247299273,-3.8259079521745414,,0.3882511840036001,0.1851851851851852,False,2
-0.10923168569589749,0.9899119262511209,-0.090237559285628349,-0.98690639740069575,-0.097164148516053428,0.12874350862365647,0.1186768790018167,0.10311889501417751,0.98756381661209225,-23.210092862643656,16.297018471105272,-10.886941226468148,,0.1613504157505695,0.2,False,3
-0.89436487050093338,0.39508677786607982,-0.20980447175703476,-0.4178675349945582,-0.90527602864710921,0.076563928546610538,-0.15968156315436385,0.15614656548357958,0.97474101610441211,18.455892874412687,6.9724124568716839,0.3406414035539127,,0.08780276098060161,0.2631578947368421,False,5
0.8549343475117297,0.48213056677620963,-0.19140892880099419,-0.43951574345063793,0.8692408319817575,0.22637642826649448,0.27552345218461211,-0.10940974634699217,0.95504781801780003,-5.7545129763022285,-5.5389011471110301,-3.0581000293343941,,0.1440761751212901,0.5087719298245614,True,4
