axis_00,axis_01,axis_02,axis_10,axis_11,axis_12,axis_20,axis_21,axis_22,location_x,location_y,location_z,dbh,dbh_approximation,score,reconstructed,number_clusters
-0.78436182912704411,-0.55478413680793681,-0.27747266992399627,0.57566990605164026,-0.81764767747348766,0.0075123091461796812,-0.23104259407082078,-0.15384029728417936,0.96070415979974921,-5.3808277870457024,-0.52443833678748719,-2.4437209027485052,,0.06759095306172891,0.2064516129032258,False,4
0.93807310933520727,0.3125748256856607,-0.14938480474852672,-0.25934300653331305,0.91949790085921945,0.29540618693208021,0.22969555177329531,-0.23837069589835908,0.94362034994614929,-0.4982392719308899,-4.9183570162588772,-0.77210862305067451,,0.703586663086665,0.3370165745856354,False,2
-0.93545008644853622,0.30968275623581881,-0.17038112059031979,-0.29895063322080928,-0.95038006728580171,-0.086059552652292662,-0.18857798031664194,-0.029568872078962291,0.98161297217573196,-3.5418038606685398,-12.393447667890742,-0.7348147214636519,,0.09225658636004978,0.3333333333333333,False,6
-0.43709934484296037,-0.8491799213047625,-0.29637412840984045,0.881162862359124,-0.47035750135988097,0.048123080881894612,-0.18026694854279507,-0.2401193081935046,0.95385876580117579,-20.123917765487963,12.118613692899883,-7.1981396766344155,0.3155885197423173,0.2627715880493592,0.7107438016528925,True,5
0.20962803778729219,-0.88035927638459532,-0.42546871830610816,0.97773102199620288,0.18432337035099186,0.10033416052727467,-0.0099062808213487702,-0.43702681797121323,0.89939392146836628,15.564616915833085,4.8236252190361997,2.0221568701220662,,0.1498491299831864,0.2,False,3
-0.96335779680780309,0.14997926217966537,-0.22236900918441924,-0.15315187977232095,-0.9881980804485524,-0.0030092391068930469,-0.22019595148826346,0.03115725780361793,0.97495793152029819,-8.1754850972826247,9.457162347247472,-4.1047533523502082,,0.1069473843921447,0.375,False,6
0.39297129574660455,-0.81920755300222381,-0.41769910919625536,0.91955068783993932,0.35024029210135954,0.17820850227149831,0.00030530694534876279,-0.4541263292222385,0.89093725025660797,3.5031106546837738,-15.18615015001757,1.3480656428775053,,0.4010742862749381,0.4545454545454545,False,4
-0.034535698518194678,-0.96395375833837227,-0.26381894797983579,0.99582561213427045,-0.055508234092821282,0.072458168382190935,-0.084490447656914186,-0.26021527190621135,0.96184685710434703,0.17398365570208707,2.0893999621724322,-1.3776535158335059,0.394043931073928,0.3526364210542901,0.9749276759884281,True,5
-0.90929299090103799,0.37356987739685904,-0.18338975816533895,-0.36965399333107812,-0.92745537594437977,-0.056413215173903672,-0.19116009497966108,0.016494615290015585,0.98142026968766127,-21.152228255223218,-7.180945081157545,-5.3676352622433754,,0.3685384573446056,0.6,False,2
-0.8342321382338278,0.53735762691654554,-0.12370739805054039,-0.52851504720704667,-0.84318685282610617,-0.098528047260360255,-0.15725324929408996,-0.016814042221471537,0.98741516272063878,-9.613095435215131,-7.2679804092652365,-2.7596327037603081,,0.1656202933030268,0.5,False,4
0.081152813308483618,-0.89914243204023014,-0.43006639928841012,0.99516868365332734,0.049174394830360041,0.084977467417962874,-0.055258591800927057,-0.43488477301217127,0.89878903099355334,-13.521063540211333,3.8498082447910043,-4.7552784475598031,,0.2702894461992119,0.2436974789915966,False,1
-0.17139443565353821,0.96927658527337257,-0.17642802687723763,-0.98436343070991217,-0.16109100032708115,0.071262373624739153,0.040651982830075081,0.18588327212100203,0.98173052587640963,3.939465611373449,-6.7233943184070579,0.51396960059208219,,0.0696622319636199,0.2608695652173913,False,2
-0.80469938428368692,0.56629376982822144,-0.17824215883790431,-0.57546438793066301,-0.81782678188489655,-0.00030504980102334656,-0.14594395896042672,0.10232654145203532,0.98398660547663053,-4.6885743195273459,-18.22332747274238,-0.37420929581792156,,0.1973004684610611,0.5,False,4
-0.046433853749734355,0.98587452506076689,-0.16092022266376765,-0.99710579685628042,-0.036035913439088907,0.066943579365117412,0.060199062297942467,0.16356293522316961,0.98469449024539113,-4.3056676931046711,18.647592928595788,-4.03849047127422,0.3827000765513424,0.4791173133702394,0.7441860465116279,True,5
0.12547011947387496,0.99023649414662718,-0.060736601645201033,-0.98542209078369836,0.13148199607334826,0.10796197341681169,0.11489365567643785,0.046305187277067866,0.99229797818827559,11.867825990038007,-8.2364112213434275,2.5935762399125144,,0.1642481907981391,0.2631578947368421,False,5
0.91785497257561366,-0.30830641332553427,-0.24997880874299064,0.34117237693838592,0.93467375649444284,0.099931867463682322,0.20283899657716634,-0.17700882583338026,0.96308058699397359,21.410628307319914,-5.7647958996811131,4.5863297946201023,,0.1090307115410835,0.5,False,5
-0.87652573164803682,-0.34201791059934661,-0.33871284384878614,0.41630794515537062,-0.89187935494645076,-0.17674532814424404,-0.24164092484384297,-0.29593067608742579,0.92413997770416378,-3.0263226724268479,19.823378223240312,-3.8055382636590798,,0.439633576180686,0.1153846153846154,False,1
-0.93684474413008545,-0.24513259466312831,-0.24946329675837717,0.25228419412073572,-0.96764717502779174,0.0034102870240169531,-0.24222842688810653,-0.059740737310963701,0.96837824919442328,0.57922654882871649,-10.446110603133183,0.085643782424127332,,0.07233809702123067,0.1428571428571428,False,3
0.49038117326903463,-0.8263281224217186,-0.27696234220247751,0.87015784596135903,0.48192217041048852,0.10284135733610214,0.048493587361348026,-0.29143242057437846,0.95536145841403164,-18.957766332652003,9.4227185288009885,-6.630488033790642,0.4428916647019638,0.4056394759018069,0.8524590163934426,True,4
0.60196608290453879,-0.6444361041093597,-0.47152830535707813,0.79401123963199993,0.54573844205609168,0.26779787937966543,0.084752500674741035,-0.53560401471846875,0.84020554214241971,-3.0837122662941825,11.405035667465514,-3.0966399118673404,,0.5460130247549764,0.24,False,2
-0.97034246637302735,0.092078637610414488,-0.22351067636450891,-0.092862739257426524,-0.99565414812720798,-0.0070234588836569495,-0.22318604259836117,0.013940653244851262,0.97467617626388547,-16.159104167326696,22.570044283557472,-7.3071141273218903,0.3421980711822687,0.3160496731727676,0.5106382978723404,True,3
-0.84029206319788874,0.50300217487146515,-0.20223268924981616,-0.51709792309078084,-0.85568594557408395,0.020280544425331608,-0.16284651197319955,0.12161568411008154,0.97912748859206311,-13.953083709725462,0.31576853879987843,-4.5062814827165214,,0.1172772361616219,0.4435483870967742,False,1
0.61175306226695558,0.79039668138285335,0.032113499746592861,-0.7642328853245085,0.58004742749869309,0.28194516991912533,0.20422117372001031,-0.19702301365860864,0.95889292639652968,12.261839229812317,7.8651754606926119,0.93167736033882631,,0.2465110955261725,0.32,False,1
-0.52666664356941129,0.82596834642617767,-0.2009938736711564,-0.84758321346807775,-0.52831430130816637,0.049866775315746098,-0.064999559986646235,0.19662220051476959,0.97832242510650469,-3.024472388063411,8.6175214638612978,-2.8232529097499532,,0.09658899194409323,0.4036697247706422,True,5
0.90963572384825686,0.38317211653908256,-0.16044307091931098,-0.35595965440767702,0.9180761001214085,0.17443909773853417,0.21413914712874549,-0.10156477486228398,0.97150863206363147,7.2705700353817866,2.7416311750700357,0.26767762273535139,0.4170116212618261,0.3991202185686408,0.6967741935483871,True,5
-0.97512919345158022,-0.0099314097518364355,-0.22141459567700833,0.018025170484372778,-0.99923991726919981,-0.034564157227583589,-0.22090303145833293,-0.037695554594473678,0.97456702994526512,1.5907280464180191,19.142866143355544,-2.6344159544927304,,0.5292305792251446,0.25,False,2
-0.07098034075604473,0.98336405450255682,-0.16720325217665463,-0.99234798162003701,-0.05263788776453323,0.11169035834094324,0.10103105760505367,0.17385162951201408,0.97957558989351257,-3.78710879101238,7.3413229899207071,-2.9039108213719595,0.5848233528319666,0.1929520850130471,0.6446280991735537,True,5
0.56889821574307398,-0.71809344555845589,-0.4008698336995824,0.81721797713841227,0.54827852122325449,0.17761036289316467,0.092247482166978659,-0.42864025313918608,0.89875354542979502,10.010563373501261,-2.8027989131424431,1.5119206333197417,0.2328869504335512,0.2481744973102643,0.2105263157894737,True,4
-0.96428900838653619,0.15482038110310295,-0.21488917585584164,-0.12531147873495715,-0.98149201648143891,-0.14481179123420709,-0.23333182723788726,-0.11271233818127972,0.96584273420652678,0.44579950258352435,4.4153477377135513,-1.5426658026149149,,0.1661166240078407,0.2461538461538462,False,5
-0.89400374995434462,0.42633330299271432,-0.13783036612768937,-0.40858639360675209,-0.90196124285271717,-0.13972499901953997,-0.1838870686780299,-0.068599060860224978,0.98055072016805811,-32.186211234638378,11.743015505890979,-9.8377465952605707,,0.5391752902737698,0.2307692307692308,False,1
-0.16958096022332081,-0.89615061025382503,-0.41006875237139573,0.98178417878917945,-0.18979718357247438,0.0087667204365300885,-0.085686196140290521,-0.40111234442441812,0.91201247959737597,1.9110874479419651,5.6582988110967047,-1.2947426279281837,,0.2198993423231124,0.2388059701492537,False,2
0.9723499021499763,-0.0095619500030557358,-0.23333288859710768,0.032720687877535515,0.9948834211563109,0.095584177001923218,0.23122505135419924,-0.10057607777425584,0.96768767079352336,-7.6040775876818225,8.5512756300812303,-3.8839740790639765,0.2513538130375554,0.1720638244157883,0.8869346733668342,True,8
0.91115557496772592,0.38850220405260483,-0.13733737893050613,-0.35197630142984992,0.90709606007519483,0.23084501516780137,0.21426199251616401,-0.16199621983962209,0.96324920104855338,10.379566049872171,-7.0928644387196371,2.1008330023015054,0.4389587917162193,0.5136559820878307,0.4827586206896552,True,6
0.69016800054474337,0.71152542606863767,-0.13190791895073681,-0.69823970752106757,0.70265637093550382,0.13687708071346782,0.19007746280126087,-0.0023648343685404027,0.98176624799055101,4.1168815706876751,20.324735478335484,-2.1100017984617407,,0.5637668411186791,0.3333333333333333,False,5
-0.18621968591460636,0.98234347860304905,-0.017986623472088986,-0.98207833108069909,-0.18556559479282758,0.032978199631466559,0.029058220861127824,0.023805463138646954,0.99929421079336833,18.320850245297059,-1.8373243110732067,3.4149871482036782,,0.2274372954713121,0.2,False,1
0.24059248880456638,-0.85919299297857399,-0.45155581620365237,0.97062481925577404,0.21218114874935859,0.11343112606379364,-0.0016475968931356361,-0.46558195941415581,0.88500323417067517,-2.2087377480971275,11.219620423792328,-2.8597099128905619,,0.4841547857096151,0.2894736842105263,True,5
-0.8672403783117294,-0.3980151568534343,-0.29912883702623105,0.42597418786606256,-0.90417209934908083,-0.031918741054828059,-0.2577598058223548,-0.1551023844871916,0.95367873669743231,0.45955382021341629,25.003801191705847,-3.3082359731901598,0.2629955431678942,0.2383063209878988,0.4761904761904762,True,5
-0.21246264915290952,-0.89962542533974743,-0.38148881608404428,0.96928630303202545,-0.24351345124372822,0.034427631604228889,-0.12386963094090414,-0.36245729837547275,0.92373211559678747,6.8417059600904784,-5.9535607626895199,1.1127159242289018,,0.07374252894863462,0.3214285714285715,False,5
0.22980475688922949,-0.90734753732992979,-0.35200883541808048,0.97286043609062067,0.20410673465032655,0.10900923245279637,-0.027061884647022062,-0.36750630929508182,0.92962721938831916,-8.3419370988807717,17.30216324196703,-4.8826369485483667,0.1842615988039816,0.1495459472743771,0.2727272727272727,True,5
0.94704243505633323,0.22669372622063622,-0.22742159241104354,-0.21015386252080515,0.97306025556894937,0.094810827966419473,0.24278793271115873,-0.04199635132121201,0.96916991606505609,1.735696893018674,1.9114434416777779,-0.91452595443241469,,0.09136871252157651,0.3052631578947368,False,5
0.68086744648549513,-0.68236548579551304,-0.26607680115217858,0.72416067600255796,0.68156688730904358,0.10515651884396281,0.10959395808091194,-0.26428000665755258,0.95819895764566776,-10.797935511634687,12.494326388562312,-5.0153147182928741,0.1935628438336185,0.1798011083296739,0.6981132075471698,True,5
-0.95378407466420856,0.20098885839341538,-0.22338177570843043,-0.21164861831998369,-0.97703635535792432,0.024593142787091786,-0.21330916829846225,0.070734992122824941,0.97442073028502574,-9.1201716884603581,-13.870690709022488,-1.9352341640893038,,0.1044013258166812,0.45,False,4
-0.96369965929506474,0.074307805533227161,-0.25643969410255429,-0.0068124242668760188,-0.96701993829291333,-0.25460956348805336,-0.26690177509747587,-0.24362017359160779,0.93242300136204836,-4.7906353704431552,24.863744682443674,-4.6393883058103231,,0.5199966109849173,0.5365853658536586,False,3
0.074326045306669447,0.97342391520453808,-0.21661375832790858,-0.99282336418315187,0.092637346720083572,0.075631273456910508,0.093687814154893662,0.20943782681391077,0.97332337389911006,-7.2836789338218981,-1.0811609136247902,-2.7584810659822754,0.2605948718672304,0.2295287597099366,0.8935574229691877,True,4
-0.44928743781319141,0.89272524095770456,-0.034386659917247514,-0.89186013225433236,-0.45043663630698105,-0.04113807442912211,-0.052214008834231038,0.012185271004752501,0.99856157369087561,-11.01026194071301,1.8852098253387188,-3.9927650771730456,,0.2897159091297426,0.1472081218274112,False,4
-0.56161372616203131,0.81538340787066987,-0.14049882830690469,-0.8228039154933412,-0.568255891478049,-0.0088858567012767564,-0.087084667050098846,0.11061256696100197,0.99004096925080476,-15.721690122222633,19.651687603525701,-6.906019871572564,0.3690590769663876,0.2648533830287841,0.5483870967741935,True,5
-0.96813624199260573,-0.055666338284728806,-0.2441587101096459,0.065098162898154621,-0.99740571263040145,-0.030725780698415264,-0.24181490054941054,-0.045641025341373695,0.96924839472555613,16.993417950237415,-1.5197094926963586,3.0751238663126284,0.6229302207171301,0.3751066855726498,0.391304347826087,True,5
-0.54823802216344408,0.81819161650861327,-0.17319800729031937,-0.83346499718172884,-0.55162462196472895,0.032347718855136799,-0.069073652916116196,0.16208872606474636,0.984355665070066,-10.352412675863961,28.489335777620663,-6.2812030024213863,,0.1777241269793996,0.7037037037037037,False,2
-0.45611930139099355,-0.81025505427855116,-0.36802436049078924,0.87254213778401613,-0.48850324042165827,-0.0058993125733727975,-0.17500114482451468,-0.3238075525888825,0.92979743395887438,-1.882926917941008,15.219320604868503,-3.2089949158911679,,0.07438692006712952,0.4074074074074074,False,1
-0.73012126747735973,-0.59853469893932543,-0.32966520735871535,0.6473465819199814,-0.76033314881894998,-0.053253222283512092,-0.21878148380009327,-0.25228895531249762,0.94259479383962119,-13.411740753900007,21.515642126750681,-6.4996118676317369,,0.3924343197178135,0.15,False,2
0.71300604442808824,0.69180199826454136,-0.11415943152538087,-0.67412962340171101,0.72114370461094279,0.15969035084272248,0.19279945918305361,-0.036901930805744859,0.98054404084749269,4.3046489392692191,31.763577106632358,-2.9289365265808889,,0.2531930296443348,0.5,False,2
0.29876691950241585,0.94697137024764988,-0.11825206865981956,-0.94375328820960358,0.31157356582426943,0.1106871450219572,0.14166177608867941,0.078531121288565042,0.98679521897127287,1.5073619303545835,37.763411444901855,-3.9028138213832073,,0.2317655305301604,0.3076923076923077,False,4
-0.7000437731168172,-0.66309896232649079,-0.2650254362922575,0.67823883235298699,-0.73353477251321431,0.043804381087328169,-0.22345201276521795,-0.14908555823928143,0.96324591580533303,-8.8880129196596585,20.32853204109772,-5.2715839672422913,,0.07323736511769761,0.2592592592592592,False,4
-0.74407256241322361,-0.61310393158308918,-0.26544225537991867,0.63113020011476451,-0.77537156491115211,0.021762509743328093,-0.21915905723222301,-0.15133573736758157,0.96388111415697608,2.9451993519084447,-6.143184097127639,0.23020728480008357,0.3626140714642486,0.2834546482587199,0.753731343283582,True,5
0.82882633551693885,-0.45773680723056698,-0.32175133388989779,0.5288573217921283,0.82864378188656596,0.18346502644260432,0.18263854669926294,-0.32222119428599838,0.92887925114757763,-0.88493641191092465,-15.274579201760774,0.234449494231806,,0.2932968378676078,0.2142857142857143,False,3
-0.29095510893930709,-0.8990717337556754,-0.32713168929909742,0.94501994743750217,-0.32341815586530048,0.048352822067690336,-0.14927298324659252,-0.29507747121434647,0.9437408873490698,2.4121799957901557,-8.4717408724598773,0.3810268900894479,0.3795005314238956,0.3250659831141408,0.475,True,5
0.28857314501343462,-0.8814259401147484,-0.37391690530101462,0.95733156317199253,0.2592796673558877,0.1276335859031229,-0.015550502619686574,-0.39479408074166078,0.91863802211732049,-1.5727063921370297,-11.268599727154292,-0.31130455604112389,,0.09129578044439461,0.125,False,5
0.92450668823465232,-0.28411098321715361,-0.25410299609563319,0.32758795194489809,0.9330583154731501,0.14862137688419558,0.19486794798001605,-0.22064253701811271,0.95568998828504426,-8.2175910752176229,22.126262524960591,-5.2309662091241478,0.2307994822630236,0.3667568545173013,0.7721518987341772,True,5
0.22462946607560952,-0.915402829278256,-0.3340348232145145,0.97425366893015297,0.20419849138107748,0.095565499495523842,-0.019271521650443504,-0.34690147919410402,0.93770356306575908,5.8441744567679015,-6.5709540856063615,0.96640688872798619,,0.07842297145650937,0.3703703703703703,False,5
-0.068562581795655247,-0.95256928072518521,-0.2964977871691758,0.99332479827375042,-0.092815048778833537,0.068492421877140025,-0.092763233621556473,-0.28982258735110089,0.95257432799188257,2.1942108781402596,12.113516629747735,-1.8811654276369398,0.8027675934482713,0.2276217155622086,0.3953488372093023,True,5
-0.96563806500997806,-0.0838996556398489,-0.2459755581095398,0.089129396903535524,-0.9959679751418824,-0.010185435650476776,-0.24412922400113604,-0.031759097520123888,0.96922251403550763,-11.29908507438568,17.438820704434175,-5.5983545316985888,,0.2230403740245719,0.2765957446808511,False,2
0.71719368428231334,0.69072788884925562,-0.092348269022279827,-0.66519441967046378,0.7180538806684984,0.20473155227317585,0.20772482582694843,-0.085402623043788706,0.97445204536313845,-12.524258626349191,26.584424132242937,-6.5950357619924249,,0.2277556997477625,0.2727272727272727,False,3
-0.91804921436158105,0.33117859259280441,-0.21795958299265869,-0.34894168695856465,-0.93593246718374956,0.047645734057215394,-0.18821620310854062,0.11979631329715104,0.97479408297743342,10.121137434461499,-4.9688854743623008,1.8089924414212784,,0.0933284782818299,0.5,False,5
-0.97164362952823313,0.061757664431510741,-0.2282425203181189,-0.068498761349155182,-0.99741464740500729,0.021724199308080484,-0.22631079711501495,0.036742509793298642,0.97336191166659913,8.6049369674272658,-14.045040647022402,2.4368244078103536,0.4019955242820684,0.3676597496960802,0.6764705882352942,True,5
0.61374694812552133,0.76212591486699788,-0.20610379315954014,-0.7637199897061594,0.63928638487582568,0.089692226171621398,0.20011611876566204,0.10235725670678777,0.97441086355275619,-12.305695474808378,5.7905261068189047,-4.7012852297149079,0.2306094763008089,0.198518987033354,0.844671201814059,True,5
0.68488794302318523,0.72864143245713053,-0.003188794175104176,-0.69570173666442192,0.65521476913749044,0.29443624081660225,0.2166277893151696,-0.19943738167887662,0.95566580543906487,6.6150121926945591,5.507886563794032,-0.13715194015886095,,0.5739543286021909,0.3125,False,1
0.45406036997984017,0.87273772962259633,-0.17932661739676992,-0.87993276847740531,0.47084182814129877,0.063453099469209864,0.13981238633776538,0.1289838290862711,0.98174114126931833,4.0496475367698466,35.097641409389247,-3.140812512332253,,0.5756172318560514,0.9523809523809523,False,3
0.30723910245541541,-0.89182125613015173,-0.33205267810519234,0.95162963403059042,0.28876197321832503,0.10496457715755803,0.0022745454922610125,-0.34824039101962173,0.93740250506668998,-17.27428695875615,23.324309363529821,-7.6141938069931205,,0.1123984109304772,0.2352941176470588,False,1
-0.88355038444661527,0.44610676617327816,-0.14257444132332525,-0.43306170717095421,-0.89413227933084793,-0.11395185316966583,-0.1783151029117189,-0.03893867271803822,0.98320267688841245,4.0715088774433692,10.639144644198014,-1.2431717894920244,0.1862355767500632,0.1480320139882222,0.1333333333333333,True,8
0.26958715187128196,-0.92751267516416491,-0.25892664010438665,0.9629435985715411,0.25744484232961234,0.080385192218299859,-0.007898956641370844,-0.27100256561091324,0.96254621495088855,0.79232914010048416,5.5720912226369572,-1.5547343562026152,0.5240025972558682,0.49737454310027,0.989010989010989,True,5
-0.45688250611789533,0.86504703915986025,-0.20724863243020902,-0.88821690600359637,-0.45629518077718234,0.05352976638206474,-0.048260786284841838,0.20853855288717993,0.97682269039313929,2.7746035008556826,9.1922573755485537,-1.4598024509787177,,0.08399213289184645,0.3,False,5
-0.67810759259762332,0.73345940068130189,-0.046982980042593131,-0.71909377530911101,-0.67532144407334516,-0.16384471149958757,-0.1519020578305213,-0.077319174380736433,0.98536668814200101,-4.7576644091335565,-4.0163936166086476,-1.9248372987411895,0.5103840018545909,0.3621136381712042,0.2307692307692308,True,4
-0.062330334773499953,0.9976894349337927,0.027031847671087489,-0.99616482404363182,-0.063855795605611054,0.059817060323070312,0.061404989252851608,-0.023199758383739416,0.99784327351833801,-4.0392314754555727,10.823775644548896,-3.25400579386005,,0.2751666294881806,0.3793103448275862,False,4
-0.15433343388992535,-0.95031789434081082,-0.27032774715036484,0.98136669564747758,-0.17914101378721131,0.069483133588238738,-0.11445785188310562,-0.25456707735867512,0.96025777959221303,-13.843953543158781,22.268984307734311,-6.6810780656419615,,0.1837213429809136,0.4814814814814815,False,2
-0.84294466548034497,-0.45820022070106231,-0.28195185526562483,0.49175853033507244,-0.86877412243504015,-0.058352995038094435,-0.21821512042230179,-0.18784057585283342,0.95765237914514512,-10.289821256053843,18.869948915919295,-5.5091561208753363,0.1822608534791326,0.1644765833827607,0.3548387096774194,True,5
0.96443082412395686,-0.11596965727440969,-0.23753783713598473,0.14674610239392372,0.98232292688043721,0.11622068988456308,0.21986078984616078,-0.14694456749641238,0.96440060512813586,-20.379745156789781,14.007023787399252,-7.490938744524426,,0.0838972420163682,0.2307692307692308,False,5
-0.72149616772851144,0.67380803162656477,-0.15945537453659675,-0.65946599153924956,-0.73888735224154123,-0.13838383829276979,-0.21106370118100926,0.0053119876712439118,0.97745787470906098,-3.2376905055500158,-11.729810985702983,-0.68914637205452534,,0.2632680955587696,0.391304347826087,False,2
-0.57984356292180617,0.80418251236234517,-0.13065959340489802,-0.8117258226647992,-0.58398399947586699,0.007992319771287365,-0.069875828133205795,0.11069406111783273,0.99139507436538199,-14.373706333885259,18.631338074425269,-6.4898659911842405,,0.3631946146834809,0.225,False,2
-0.7537790759772578,0.63559789179592396,-0.16683052647357377,-0.64301389686555166,-0.76575840835000986,-0.012132125907651586,-0.13546303206650395,0.098129404287594896,0.98591094271111146,-11.670470370156286,-0.40336459455224433,-3.9199069880209159,,0.3432074240142082,0.6008771929824561,False,2
0.89025855915799434,-0.36169540101598446,-0.27679619710144132,0.41957636794656089,0.8877249860385702,0.1894730076385393,0.17718738472788004,-0.2848171098208605,0.94206360966050895,4.5334868562067632,24.865932780277252,-2.3049354058911478,0.4180776481807881,0.2231433667360184,0.3928571428571428,True,4
-0.47323900566361771,-0.80353634652478056,-0.36107365361116972,0.8630151263477438,-0.50512977974700279,-0.0069855069775046075,-0.1767759463657283,-0.31491783916817551,0.93251113631964144,-23.186965965906289,16.157730091456344,-8.349849739324732,0.175466171064114,0.196772093916688,0.2777777777777778,True,4
-0.52167405467328254,-0.78728589507260116,-0.32868997566167285,0.83084905834009648,-0.55632528790400426,0.013856994403619823,-0.19376796158321014,-0.26586292230820879,0.94433621322367356,-21.863799917875109,16.492108860125953,-8.1029374787985802,,0.5311715020691697,0.7073170731707317,False,3
-0.97356188973788194,0.030578742417397997,-0.22636737256542597,-0.040065855245686392,-0.99849557740951222,0.037434063860016485,-0.22488213377997737,0.045513980333678948,0.97332240470501308,1.0045416426965919,-11.580549250918123,0.32161556815113523,,0.07255990559657793,0.2608695652173913,False,2
-0.9734006395225957,0.03789681784601083,-0.22595359296578379,-0.0096561698044794579,-0.99213469702913559,-0.12480184828603892,-0.22890599241109411,-0.11930035267362249,0.96611048668888821,-31.789139792505384,22.933101399378909,-10.984789810360926,,0.1823820581161806,0.1578947368421053,False,3
-0.63248718959631245,0.77019263324906329,-0.082239058150210043,-0.76883785529785642,-0.63715119064879355,-0.054099099029637221,-0.0940654413562797,0.029011513984975479,0.99514321823481722,-12.806827451771211,2.393903514118799,-4.4520514407610658,,0.1194040996494751,0.2745098039215687,False,1
-0.16647897245258383,0.9811939082795702,0.097689641652504683,-0.98545692561043896,-0.16898228320071629,0.017878359284196045,0.03404995591118673,-0.093292563044091614,0.99505632915082276,-17.231196998953237,-3.3376567733452163,-4.9173261271502353,,0.2795256552459955,0.1666666666666667,False,1
0.36886006675669913,-0.88426941720692243,-0.28637361775270775,0.92929597309263778,0.35705755703312103,0.094439903427246119,0.018741545988829614,-0.30096095886023183,0.9534522828625871,-6.1278849428357409,32.174665924306488,-5.487631711664533,,0.07873327916050954,0.6,False,1
0.95445647960727886,0.22255278647981622,-0.1987035122129166,-0.19399425820139596,0.9689355238133508,0.15339549692685545,0.22666948696410277,-0.10786198553065893,0.96798075174913134,-6.3275149468795142,-8.2983828885727764,-1.8698040954269717,0.4155593145419865,0.3229639609169985,0.3040540540540541,True,5
-0.69377713139508046,0.68839927410784174,-0.21161221930931023,-0.71168359895692845,-0.70034632229825211,0.054968025424132899,-0.11036189074553202,0.18873650481851942,0.97580673538358065,-18.213204464359311,7.190530202598282,-6.2676346723122007,0.2591413443976383,0.1883095077851667,0.7027027027027027,True,5
0.91662224283786498,0.34949392791475881,-0.19405581229532018,-0.31667989007042119,0.93109195476710904,0.18105694958479318,0.2439621100906226,-0.10450725390458704,0.96413729453924457,4.3716933321756883,28.40148654520382,-2.5890882165429989,,0.1938675695480944,0.5714285714285714,False,2
-0.41344721965497139,0.91000086176734629,-0.030981093303205504,-0.90991392605738985,-0.41417861671084316,-0.022643335141272328,-0.033437160860355863,0.018828304283195318,0.99926345436597386,-10.303330189182027,-9.9448045447452422,-2.6542911004818452,0.53681989768659,0.5400701394904851,0.2352941176470588,True,5
0.13250828770553874,0.98857389394700834,-0.07185547923294211,-0.98764999864900205,0.13780321515044242,0.07455034582634372,0.083600441733120021,0.061089525294034164,0.99462507310110426,-16.023407441708549,7.6480989272926951,-5.7793744528469135,,0.1695253849148809,0.1754385964912281,False,2
-0.18911215145384128,-0.94780967902167501,-0.25669711047327348,0.97452636321968844,-0.21325060932361001,0.069444546315143171,-0.12056102837279739,-0.23702529395812924,0.9639938010494441,7.6821301551991468,6.2646471023769905,-0.013840196433297884,,0.07859079389622961,0.35,False,5
0.82989341360677771,0.53047753527196828,-0.17283086131784323,-0.50872854547823643,0.84668208866874606,0.15596380266949073,0.22906808827876504,-0.041509339904500411,0.97252495373281012,18.843369920193876,13.380693589494227,2.1677470642267505,0.7139315502969831,0.6381023920608693,0.7866666666666666,True,5
-0.93765877829715139,0.26571541940723142,-0.22403421919772237,-0.28145292583618908,-0.95870267065126524,0.040907698839960829,-0.2039123979078824,0.10141254939785059,0.97372235714503663,-32.088208659896786,12.541196170950094,-9.877224113655334,,0.1299488886779507,0.6363636363636364,False,1
0.54645403298236228,-0.71506253504472728,-0.43597426622763036,0.83161217288582723,0.52486061543846174,0.18150076658150366,0.09904132342323449,-0.46174333274771651,0.88146690857774523,-4.7860722937084104,6.299529471574747,-2.9891814586094267,0.4636693237825677,0.5332874632577217,0.1272727272727273,True,4
-0.35214235761308865,-0.78347956366257188,-0.51201126286225673,0.92321484807149701,-0.38069248180521675,-0.052417350155349679,-0.15385091574319398,-0.49115476951780912,0.85737791440233024,1.2296741124811386,-4.3298669901821434,-0.39615285780441895,,0.5392463478628314,0.375,False,1
-0.67002002282509399,0.71621212772220788,-0.19522642525306252,-0.73484733086895582,-0.67718573712635821,0.037667993673725142,-0.10522627679545357,0.16869992749334539,0.9800345734388699,9.0848976534258217,1.5446059678140609,0.86541718083820707,0.2422095689565238,0.2322638411889749,0.6938775510204082,True,5
-0.47453076542714018,-0.80040767598134388,-0.36628964617263854,0.85923856007330401,-0.51155365376972284,0.0046857441246953568,-0.19112731240272279,-0.31250665840105046,0.93048908586222634,-2.5243949965983958,-5.9378514205300847,-1.1583099457496409,0.7035935955876711,0.2986385204736197,0.4375,True,3
0.0076589218902127099,-0.94227988255259365,-0.33473865007218817,0.99718349507608128,-0.017778846831893264,0.072862814611979396,-0.074608431583375517,-0.33435390762184813,0.93948977982449067,7.1623628075221824,22.934646209552216,-1.4973293219493522,0.2357670994294347,0.1699377951253156,0.4,True,5
-0.72256397191649158,0.65902012504786989,-0.20879123848991643,-0.67993234517258183,-0.73204542772361914,0.042444054201454057,-0.12487318557791427,0.17263246082597827,0.97703875101901172,-4.8742126918637743,8.933455202044561,-3.3010863252896123,0.2463402671615008,0.2086805479369669,0.7791798107255521,True,5
-0.078587385666311821,0.97812764791233164,-0.19258849187742413,-0.99554064051669366,-0.066889359108174423,0.066518017992913306,0.052180991689907814,0.19695714769356298,0.9790224849709378,-15.372989519914386,11.173773252934627,-5.9228871560811021,0.2321854223948114,0.1543868314799966,0.5986394557823129,True,5
-0.96099406021886158,-0.099869941871873619,-0.25790775663902649,0.13428111495294526,-0.98372130848083894,-0.11941930081749663,-0.24178295719727777,-0.14939337987760504,0.9587609815056537,0.41893811005074344,17.356240816819263,-2.7841705236813286,,0.1105806341571961,0.28,False,4
0.96678683250646369,0.14581745933529786,-0.20990590521735822,-0.12011155574414605,0.98415121214974777,0.13045921125357079,0.22560238178893569,-0.10091412278359113,0.96897879499707229,7.7076322847223455,-5.0437242270407703,1.2484257205614109,,0.08369179321552997,0.3962264150943396,False,9
-0.054858192795698389,-0.96488327391370188,-0.25688683579499688,0.99479452318825834,-0.074941785970789501,0.069047703438661276,-0.08587453241697994,-0.25176178510068614,0.9639717673485465,3.7541114833933351,12.861740988593434,-1.5278669182269482,0.8842631708844024,0.8208550356576755,0.9899497487437185,True,5
0.88073249798594067,0.42591085990619887,-0.20714778880163492,-0.40814800282090852,0.90442329092358453,0.12423251840100563,0.24026126359600339,-0.024868659974247406,0.97038965110224484,2.1120760502685609,-5.6064650302341228,-0.050633047292194554,,0.1093079976027166,0.4,False,5
-0.9474927567898227,0.22481898588809537,-0.22740690274279168,-0.24138548519009626,-0.96926617029693307,0.047498827958780035,-0.20973917938802683,0.09989752100109589,0.97264071574629851,-7.0936167072715568,-2.4891198002002781,-2.6106140471081982,0.1639917165136042,0.1445599930091808,0.7170731707317073,True,5
-0.22412090349451361,-0.91555067252900879,-0.33397123625917718,0.96631594018988476,-0.25325194569021636,0.045792529293097614,-0.12650424637830346,-0.31245866612369688,0.94147026379618481,-6.5193039639825754,7.6341836624946007,-3.5053514489418407,,0.08632326153596044,0.299492385786802,False,5
0.71152473341994782,-0.59141951792652947,-0.37941469073722639,0.69315081341727725,0.6793127169777371,0.2409900047954123,0.11521503196475828,-0.43446195042590063,0.89329071977799213,-23.310790421415497,29.255118018833613,-9.5256426394594094,,0.5715696797228494,0.1153846153846154,False,3
0.49148209338061088,-0.83302546992072291,-0.25399590222988355,0.86909822435266881,0.48783557050790921,0.081760213883416491,0.055799895279934467,-0.26093106869551375,0.9637434041673989,11.209308990052858,10.144273721035962,0.51434142792401205,0.4135162880482324,0.289175649156812,0.6794871794871795,True,5
0.96535378884964784,-0.084776229106880555,-0.24678949194008842,0.15056248057247856,0.95340521972402481,0.26143723232708438,0.21312672708389077,-0.28953666085903795,0.9331374605175311,-0.091576367076361853,-12.040331991040214,0.10660408963580788,0.5508609018848,0.2912681596777727,0.3846153846153846,True,5
-0.66284620451189968,0.72028208543582173,-0.20452047957207969,-0.74166648056662998,-0.6691004635960619,0.047280029816449992,-0.10278978922090695,0.18302537260106691,0.97771978205218035,-8.9003262072433369,14.722387244240531,-4.7544972625972326,,0.07789937700690852,0.3518518518518519,False,5
0.16248794354199492,-0.91016544480286343,-0.38104662613688278,0.98617638796844997,0.1370965488123046,0.093062710670055102,-0.032462286071631805,-0.39090075388845591,0.91986020709260075,-9.9720049364491867,8.4235971990531748,-4.4283083603862403,,0.1816615093164715,0.130952380952381,False,5
0.92244883407701406,0.32720554528080092,-0.20499921865083082,-0.29142568756322246,0.93828215548779581,0.18627309339107045,0.25329669784318232,-0.11208535957326997,0.96087338137294132,1.4899268640478471,14.880245399266013,-2.2719821542282115,,0.1093641897619649,0.1904761904761905,False,4
-0.84718722722106687,0.51580090410766744,-0.12737044145010895,-0.51380443095060024,-0.85641175792482871,-0.0506350434347249,-0.13519914485311124,0.022546135141517112,0.99056189257469929,-6.3329062402432497,9.7958991050766429,-3.7077972556127414,,0.1720819318230368,0.3389830508474576,False,5
0.71234459185025378,-0.62412755950317089,-0.32098282186171889,0.68877637480519627,0.70949375645942114,0.1490158214932617,0.13473042704566657,-0.32723599895750455,0.93528835821599787,-10.654004441819259,24.760701671644018,-6.0575027814453986,,0.1885226335638084,0.3333333333333333,False,5
-0.34357016572566662,-0.84461511866556715,-0.41059084566608151,0.92673510226444711,-0.37570632494142131,-0.0026091435215707393,-0.15205785561470686,-0.38140537321930984,0.91181596269493759,-3.9992934577040864,32.045230038359335,-4.9418318583585705,,0.1970198774488884,0.5,False,1
0.51406380270439034,-0.8142517223451381,-0.26968970949421989,0.85757760406085992,0.49423325365071513,0.14245751647091648,0.017293344451989837,-0.30451210754878533,0.95235146694582273,21.739322718706742,-8.476613920619581,4.9902110700945022,,0.1681031172627986,0.2105263157894737,False,5
0.78531877053343357,0.61043248597313893,-0.10318240507232425,-0.57471966252965945,0.78079694070387329,0.24505804799937847,0.23015589966292416,-0.13314772794203028,0.96400204584545568,26.271777522837937,-9.7106862985972011,6.2400512910507819,,0.4993733641177346,0.4761904761904762,False,4
-0.52831103722719741,0.82149697482368711,-0.21454642457858281,-0.84632439492989053,-0.52975888988130093,0.055592599671958939,-0.067988723259653674,0.21094605696068947,0.97513039874791085,-3.8863183435344677,5.2641831731961526,-2.628460502646186,0.1386395877959519,0.1198958015397456,0.6261682242990654,True,5
0.9092352960092358,-0.32682619953508169,-0.2578290359685132,0.36743848864908946,0.92118812671332528,0.12806792050184845,0.19565309491615707,-0.21118018491290766,0.95766528388047967,31.4537741063955,-6.8855055342773612,7.263293386023066,,0.40381720678309,0.6,False,5
0.86338685568927065,0.46624729083564037,-0.19281234714463125,-0.44747098956763293,0.88415653460608423,0.13430165973927777,0.23309408168883061,-0.029676355938479226,0.97200126696412015,0.029244130964614645,-8.5330792417186938,-0.28717719232029482,0.6678379740966097,0.3917137926102541,0.8411764705882353,True,5
-0.55867414171008889,0.80946133592410707,-0.180708464185978,-0.8275370411651376,-0.55858109966747282,0.056299205979527978,-0.055368302160568511,0.18099585834553289,0.98192405530041837,14.799900994656916,-8.8906958105635532,3.3654120631438622,,0.3824074338742838,0.9404761904761905,False,8
-0.37340883320853119,-0.88330648545808643,-0.2834351707701912,0.91244470969289238,-0.40484102347729323,0.059568426731882188,-0.16736336228487192,-0.2363755453881424,0.95713954390525602,2.6834341951736143,20.794107590948265,-2.5269552873826506,,0.0976731131339492,0.1904761904761905,False,3
-0.96934261984759573,0.16474253039389322,-0.18230409766765146,-0.16124607908899208,-0.98633037351040331,-0.033942543647385262,-0.18540384927348713,-0.0035061332326823125,0.98265615537904638,1.1092018439896123,13.411164831346486,-2.2277911030493716,,0.208246334096114,0.282051282051282,False,5
0.093614767821008638,-0.88289398234766248,-0.46014616284405269,0.99329177432402649,0.051312324884015367,0.10362671651280606,-0.06788023501761653,-0.46676038954616106,0.88177492164648796,10.271515149080976,11.763555991698306,0.13376421954883774,0.2119829653684581,0.3201804337643971,0.4146341463414634,True,4
0.91160554234135294,-0.30539216745260794,-0.27515624512470394,0.37499603299397549,0.89202288203277769,0.25233539816822914,0.16838441261384349,-0.33321284787435168,0.92769385445854657,19.804389849821412,17.078907796058747,2.2352691545633636,,0.2698824902490017,0.4090909090909091,False,3
-0.074927318849647997,0.98839873951464741,-0.13211293886618541,-0.99472714871345325,-0.064779762949287431,0.079507747576187532,0.070027112623667356,0.13737362934017366,0.98804083390288167,-4.4700047728305758,-11.73411672566542,-1.0138002223706117,0.2924498910582846,0.2713260309896264,0.3157894736842105,True,5
0.62831547680751099,-0.72716748893899774,-0.27649069538467785,0.77240436367020426,0.62549456325979114,0.11021819412270231,0.092796339299438563,-0.28281441682240299,0.9546752563306683,5.9737116499153178,20.430582681750519,-1.6047916424252129,,0.06867694915438496,0.2,False,1
0.66825925403233599,0.73310433357807148,-0.12644210330897565,-0.71318098157857934,0.67967731474051052,0.17149820798405821,0.21166590872117327,-0.024429161184553794,0.97703672355191384,-17.723246854950037,15.582157951656054,-7.0004104286808344,,0.1007364619002296,0.4482758620689655,False,3
-0.62439082405843827,0.78111107973886706,-0.0012569569629658772,-0.77334896258514485,-0.6184107877975511,-0.13964053710901339,-0.10985208646223202,-0.086218203674135824,0.99020146457935565,-5.4967816450794764,19.802729298990531,-4.42205630434154,,0.2271959109916924,0.1052631578947368,False,2
-0.042413323852088965,0.99260652986826292,-0.1137250492314901,-0.99343016335262069,-0.02978887503447683,0.11049494769159057,0.1062902653162783,0.11766435223578696,0.98734871231593224,4.8776354351257964,-8.5292674724077298,0.92874640016290388,,0.2658198534194348,0.2380952380952381,False,4
-0.72293026968872864,-0.64733553834758972,-0.24151299335650689,0.65576592492311336,-0.75294291177526329,0.055208906139532415,-0.21758418342682367,-0.11846380206470741,0.96882581031001536,15.687323115407786,-4.7511388645424271,3.1064989052297913,,0.1535023803433608,0.4444444444444444,False,3
-0.11691207981994223,0.99067878725832348,-0.069907839821829826,-0.99197917243183908,-0.11307981747168838,0.056482531299639663,0.048050879842314792,0.075950611300692111,0.99595312017656334,1.6663208046565963,-3.4918571208150566,-0.40337443098844949,,0.0759072378866462,0.4166666666666667,False,2
0.68414129025380488,-0.58720570845183806,-0.43259698442249228,0.71967068388358713,0.63980627152402858,0.26967024618420699,0.11842635571691418,-0.49581991779283707,0.86031262189480573,-7.3679011239872283,-10.744812177978897,-1.8494329151454254,0.9100099624354052,0.6061497309623812,0.5866666666666667,True,2
