axis_00,axis_01,axis_02,axis_10,axis_11,axis_12,axis_20,axis_21,axis_22,location_x,location_y,location_z,dbh,dbh_approximation,score,reconstructed,number_clusters
-0.67749937484314893,0.70000459455199937,-0.22580559048268409,-0.73287300682656387,-0.66849765775965952,0.12652287316861169,-0.062383915812763147,0.25120598953038586,0.96592121721801205,-8.5350740783574821,10.529868982197444,-5.4337152934552693,,0.09564431873227389,0.2727272727272727,False,5
0.93562994712431835,-0.21556913392707083,-0.27951127086770167,0.29091150657965731,0.91939950378256052,0.2647169200937774,0.19991772653694065,-0.32899012286437124,0.92292925063299802,2.5626696168283192,7.5317793404551976,-2.0629005020816331,,0.1529540422738676,0.2692307692307692,False,2
0.60714691872270909,0.78858319996506832,-0.097514900494096723,-0.7566709302620942,0.61126156645965068,0.23196637830856268,0.24253189972005251,-0.067050981366026274,0.9678235601162205,-6.6395134027681264,-8.6435981141068901,-1.0529778801411456,,0.2826885259756717,0.4705882352941176,False,5
-0.3673000474314253,0.91375444935280148,-0.17361878194720709,-0.92817064724629594,-0.34806986924458477,0.13170655152440378,0.059915980733569477,0.2095236798359956,0.97596613816295807,-16.893417336770554,-4.3846324142816249,-4.4468505854313687,,0.138235111188724,0.4468085106382979,False,2
-0.16854226989586257,-0.87495892530867181,-0.45391671293426206,0.96198318276670014,-0.24640743028717146,0.11777832726492185,-0.21489964944690018,-0.41680961759773216,0.88322583937837362,4.4426493547507624,-6.1637017104291241,1.1842907384594086,,0.5629197798871117,0.3529411764705883,False,4
-0.073621057076286286,0.96979482656367721,-0.23254662828193579,-0.98789347059316523,-0.038989580521699263,0.15015426524122452,0.13655193412896152,0.24078581141975244,0.96092443111025683,-1.6763304267502788,6.5461349026567071,-2.9869314573123638,,0.07855995826296794,0.4322033898305085,False,5
-0.58752652057076127,-0.75901548839223631,-0.28054959634030779,0.76146606494533897,-0.6358948534058263,0.12572655784933962,-0.27382844914777504,-0.13976131007069639,0.95156962784898036,-5.5681226319670456,11.875958763544046,-4.901737561869437,0.1920417545846115,0.1573369301391499,0.6238532110091743,True,5
-0.51113978870157439,-0.7693212150089731,-0.38325055061046803,0.8187264924890385,-0.57151434576481208,0.055301745737496188,-0.26157799391903364,-0.28551045641470935,0.92198738189584661,-18.90412976427822,-7.7319414363705796,-4.3198023148834173,,0.32120490612079,0.4210526315789473,False,1
-0.7471958796769429,0.65492237571634726,-0.11302654192646433,-0.66002752723111746,-0.75116444445055808,0.010753636150644508,-0.077858722638990976,0.082635701602515085,0.99353377402566634,5.1665477506286992,-4.1334541961541573,0.88554791912586361,,0.3884540227503795,0.2903225806451613,False,5
0.8129990580153571,0.55319550189368194,-0.18167902562139682,-0.50263845358392201,0.82428336540849467,0.26059838543170283,0.29391685328491501,-0.12054737738932469,0.94819893121625598,-6.839776166101351,18.966513644511473,-6.4680080360539689,0.968689841803598,0.9011339954623958,0.8804347826086957,True,5
0.66370335501893485,-0.69421467181246355,-0.2785028652939216,0.74586672829784328,0.64230256797195451,0.17643762295753515,0.056397519048996647,-0.32482826326683401,0.94408999530138638,1.9999219924869935,-3.6969824492936461,-0.031560304679675764,,0.0672033802434085,0.2298850574712644,False,4
-0.78176740933220024,-0.55528410475936518,-0.28372395159311348,0.55248719269240076,-0.82777084183793248,0.09774116488865825,-0.28913252950315227,-0.080342992255156037,0.95391162272958907,-10.675425765107173,12.299458948964848,-6.2839586526127933,,0.0880925042695913,0.4333333333333333,False,5
0.55143220442420127,0.80593667093679233,-0.21538014384614507,-0.79013021625083413,0.58740413746092324,0.17507318658549265,0.26761308878916235,0.073637366418882633,0.96070847449973873,-39.835575904164791,14.090418222470516,-13.179408800117155,,0.3752358917243031,0.631578947368421,False,1
-0.71915035310883857,-0.63633602032663117,-0.27910435119914828,0.63241856562070475,-0.76581754570454585,0.11649139259754779,-0.28787067839862213,-0.092735947323195955,0.95316867163812424,5.6603534429681215,-5.6229905757983616,1.3902130517065365,,0.114450251814652,0.3,False,5
0.18458424866440729,0.98275830697627709,-0.010712852753535895,-0.96216430816393661,0.18291757096935768,0.20194307694517416,0.20042080540804844,-0.026967986572835556,0.97933866892908794,-7.192018692973285,7.8032550752665575,-4.6286441706135175,0.2976960749650299,0.1285775996642788,0.4,True,5
0.95386142114423766,0.18777595189141899,-0.23428312176502974,-0.13218570649774153,0.96324482695112756,0.23385111149957433,0.26958362014482479,-0.19209267358013654,0.94362337640949057,2.3011397719840518,14.36453280957338,-3.4434660077808195,,0.1020180296243142,0.1818181818181818,False,1
-0.89452615324231077,-0.35728652537159533,-0.26864344390549544,0.34266366325773451,-0.93399355017504382,0.10118133283470176,-0.28706197074552164,-0.0015449981582750794,0.9579107672076701,-14.620892740808896,17.571764221377649,-8.129783528919269,,0.1572154572807411,0.7777777777777778,False,1
-0.82738959079478491,0.51255254085964541,-0.22960043097250693,-0.54629568692243391,-0.82934904500293316,0.11722279642914757,-0.13033605600287795,0.22241864672514527,0.96620000936378092,-17.557202219676711,-6.3511088492219665,-4.171548178426904,,0.07460644174907916,0.1538461538461539,False,1
0.9681864050784964,0.0066841021798910005,-0.25014077596271095,0.043983618099377141,0.97953366781958373,0.19641597426584784,0.24633417619174675,-0.20116937238546734,0.94807718950197895,15.459367523885184,-0.84457582943890896,3.0374424593690561,,0.08337348463579204,0.375,True,5
-0.95109918267156202,0.18710204338702396,-0.24577056390440119,-0.22200095613197532,-0.96729194931544826,0.12272677077968394,-0.21476945825227539,0.17128663155634929,0.96152741492487048,-0.16907983005268659,-5.9605118350964554,-0.063921375707216829,,0.08267020693677121,0.2439024390243902,False,5
0.67639519558041183,-0.65005024247194665,-0.34630076762533935,0.73617116131284466,0.61152636233332025,0.28997849820749433,0.023271455627727589,-0.45107670127544808,0.89218173536529355,-3.2024354046953007,-1.6665946895220283,-1.7066984930922529,0.5396573982994753,0.6642855332405581,0.9010654490106544,True,4
-0.66000430412966138,0.73801446808942039,-0.14045982849559535,-0.74966756034437287,-0.65916411385527085,0.059171107583955745,-0.048916944892727507,0.14435136264021198,0.98831665806373847,-5.5589876074364888,20.155537872827296,-6.2903689876018509,,0.5221340965710687,0.25,False,2
-0.16471361865624157,-0.91879928178072012,-0.35871618813262485,0.96665975399248083,-0.22266287179676797,0.12645222629283387,-0.19605699130702869,-0.32592809839357278,0.92484189504865477,-25.28741242374252,11.769707988095345,-9.5002556877708777,,0.1925454298284595,0.2857142857142857,False,5
0.69181367365245117,-0.63148556253023946,-0.35017113710779668,0.71953146377738908,0.64356463499524086,0.26095791464872464,0.060566604509979541,-0.43249340445758255,0.89960054553052737,-0.47782762656557376,8.8022482361121472,-3.058869601812694,,0.1485218022373054,0.1388888888888889,False,2
0.41104567350746202,-0.857015973422113,-0.31074921655596199,0.91100239927895499,0.37367549478208245,0.17447421903350765,-0.033407825412370917,-0.35481015472885369,0.93434130343386979,-9.2347307533825429,-8.6543338087955899,-1.7811719079740331,,0.08349815393776976,0.2142857142857143,False,4
0.41924187482513664,0.89724364920106514,-0.13852828000614348,-0.8734214576600644,0.44024509197144274,0.20813268915291544,0.24773212890554316,0.033735633437241647,0.96824103370210224,0.32715293087719227,19.606200547368193,-4.822479005242486,0.2387595234823061,0.2522877991338464,0.2941176470588235,True,5
0.21383982146553795,-0.89118382330154544,-0.40007989682215661,0.9760055435256475,0.1776973639554103,0.12584445101197309,-0.041057395957284443,-0.41739075208842269,0.90779912442581079,-12.430901445759755,13.768499243129908,-7.0074295209518178,,0.1730006448438416,0.3571428571428572,False,3
-0.96601741541203223,0.082757995968097714,-0.24487030694635584,-0.10803168039940629,-0.98991586744118154,0.091628223917387508,-0.23481803412587099,0.11496821078680287,0.96521645311181037,1.3742836713959052,-7.4951314861487477,0.60390822141455414,,0.06782289778305164,0.2727272727272727,False,5
-0.74909937098758639,0.6215556355822246,-0.22916964079471769,-0.65521931287066115,-0.74616754500735261,0.1179900284727458,-0.097661581122269109,0.23854263068407239,0.96620889507343144,1.5637682185480704,-10.91422305639634,1.3347377897873252,0.2665851621984687,0.2090610777698663,0.7,True,5
0.96023926015501149,0.20323931381628607,-0.1914010046380159,-0.12111726052780401,0.92097871022912958,0.37030909320043631,0.25153761639006722,-0.33240336433943407,0.90897570424991525,8.0031173081993963,13.077190410778835,-1.7741297918563499,0.3002823640785125,0.2721132057484497,0.2352941176470588,True,6
0.24830032456996312,-0.92806287869943493,-0.27757204830200244,0.96501163938629031,0.21206214579590807,0.15421472747250559,-0.084258439740094226,-0.30615182426461757,0.94824657965742853,25.896201182537595,-9.6187967258001841,7.176220224940737,0.2652765713563216,0.230113449330427,0.3333333333333333,True,5
-0.55010364220400632,0.80136260848549967,-0.23495521393491645,-0.83495569515586732,-0.53295760455559726,0.13713197611477002,-0.01532872991049769,0.27161399350489146,0.96228419324628611,0.20279486923253415,-8.3123187674600363,0.45001386063668797,0.2713123318542552,0.2528752046813986,0.8709677419354839,True,5
0.8373910205644739,-0.45672808966111361,-0.30029274182454013,0.52946838382655004,0.81424763077655649,0.2380420683468927,0.13579215443497139,-0.35832980323896518,0.92366673800924259,-15.972251098921486,-11.054006476204727,-3.0611617397801516,,0.104977924756157,0.6764705882352942,False,3
0.58031134031552423,-0.73593547858338004,-0.34876599556644167,0.81404278348496106,0.5367658159988532,0.22184860926122982,0.023939401773153041,-0.41265170560332909,0.91057425556920235,-14.488863271863703,-0.6709305144764306,-4.6514619931587351,,0.1511027893765552,0.2098765432098765,False,1
-0.10480017857812575,0.99235663167289823,-0.065155492054112668,-0.9863057108414901,-0.095324374940542467,0.13458940635747779,0.12734978339775974,0.078368227726646228,0.98875702452702163,-7.7394067549868524,12.773544710241531,-5.6194138832419354,0.1650656453376748,0.2115102514896152,0.2926829268292683,True,4
0.74262812342240359,0.63080595122796002,-0.2249162559654308,-0.60259924071052862,0.77593482557934945,0.18654570900516115,0.29219449925899188,-0.0029997247427810958,0.95635421066373416,15.523630483414106,-1.7210113090592463,3.2244533618689859,0.163564829455743,0.1306358791239149,0.4482758620689655,True,6
0.95836779256979521,0.19031554197626729,-0.21286420236192286,-0.10587758381897841,0.92920109414760232,0.35408369615043539,0.26518128027738552,-0.31680486283701242,0.9106665511993226,-16.873328923067991,-10.075081165818146,-3.416976294653161,,0.2905762714555797,0.2352941176470588,False,2
0.028248214200965543,-0.94290656008487472,-0.33185728460192865,0.98866579359636719,-0.022617414561564388,0.14841967905576561,-0.14745164280848991,-0.332288536527307,0.93158056094232622,-19.00177587238813,13.908324884159471,-8.54865466360474,,0.07660406966129679,0.2857142857142857,False,1
0.76127453241559861,0.6184487440334423,-0.19489032120367555,-0.58213757961970714,0.78423360358316208,0.21469395288521512,0.28561674441447449,-0.049988058718333617,0.95703932484284637,1.3824283588639266,-2.2715771456387004,-0.45393346912521387,,0.3606337750262832,0.1284403669724771,False,4
-0.95145207301564705,-0.12645377223758161,-0.28062144650955217,0.10448156262022212,-0.99026364850942272,0.091986463750068817,-0.28952125280653274,0.058200944388316564,0.95540048892893281,-11.239885813731535,5.4024313736531431,-5.1282879451362309,0.5066645923221259,0.5321308023496176,0.4867256637168141,True,5
0.67373441332967821,0.71874567140862977,-0.17171662740303661,-0.68770889819864933,0.69487362550694409,0.21025488320901342,0.27044114264237845,-0.023564897754794312,0.96244806818866435,10.211372207618812,0.46637996637404533,1.4737510203998974,0.2644404005159733,0.1056326591786512,0.3636363636363636,True,4
0.6198949107262407,0.7495039182279295,-0.23232343019309984,-0.73503830453962893,0.65828073252309904,0.16243511950425182,0.27467979633605144,0.070073916330072483,0.95897896522027659,4.2285702069043642,-8.2789442052187248,1.565436782776831,,0.09088117566511887,0.3666666666666666,False,5
-0.032807447398903802,-0.95443036219222077,-0.29662494015304108,0.98586428135509774,-0.079691774771561127,0.1473799164810326,-0.16430243498915509,-0.28759677459837035,0.94355328683506234,-0.80840704226988358,-18.586387546816702,2.2313082364959098,0.2041545024639541,0.1797579050218669,0.2857142857142857,True,5
-0.22711654786005106,-0.88911317149599223,-0.3973610976938633,0.95176624295893852,-0.28907861054836803,0.10283275590614177,-0.20629855174469919,-0.35483985852178979,0.91188243888797216,1.4227187359490014,12.473803786184666,-3.239022538754313,,0.1428034041642336,0.1904761904761905,False,3
0.91178968665310001,-0.31522359883973133,-0.26319887926731272,0.36642925769616308,0.91385709406679727,0.17491372366977737,0.18538922950721873,-0.25592829925257665,0.94875262277603389,14.300451765473959,-1.070648172693945,2.8731834175330064,,0.08119649218908444,0.25,False,4
-0.71904670422251682,-0.58968355828501562,-0.36775690100263059,0.6201670966468289,-0.78326957877926517,0.043376712595527972,-0.3136313271715358,-0.19688084733481498,0.92890974942097915,-19.057530409508956,-5.356907103397929,-4.7646864471411972,,0.180730277119294,0.2105263157894737,False,2
0.78321598681628102,-0.55515370794384544,-0.27995906584998742,0.61222748328079624,0.76711792660195832,0.19159226341784735,0.10839846267849161,-0.32145675796615492,0.94069938133647546,-2.6927631648336017,5.8720445279538618,-3.0817763986619968,,0.07333033924829535,0.3495145631067961,False,5
-0.76317689243698483,-0.55735668903326407,-0.32697790757190892,0.57838939010693935,-0.81483015119344326,0.0389555916113795,-0.2881436174235848,-0.15939054518994272,0.94422873809374375,8.0727282105114,-8.0962259067706555,2.4251358597712152,0.1444753111123662,0.1408015439495462,0.15,True,7
-0.80325149441715871,-0.51779593673087598,-0.29440517084724804,0.51943345263342222,-0.85083128880816006,0.079214937166980734,-0.29150630353720475,-0.089294377706779976,0.95239203540770712,-7.1568211737595631,-5.7738702344150621,-1.8534296913270283,,0.08261289346592487,0.4,False,5
-0.6190494838315167,-0.73813087478486139,-0.26821735264010865,0.73498478001698775,-0.66485095778467562,0.13330632796750513,-0.27672208027425843,-0.11461245840717012,0.95409060086899078,6.0066239325883828,-7.464058446073607,1.822235269136083,0.3512073555342226,0.2498760712090419,0.7339449541284404,True,5
0.55943725785692233,-0.73968079616534466,-0.37403512442781356,0.82864601671739013,0.48854874562933304,0.27325062144926371,-0.019383846365746721,-0.462809294340777,0.88624591596907343,15.797643381653318,-8.1085308334833002,4.3890567264770235,,0.4639798973579967,0.4347826086956522,False,2
0.70856198649878643,-0.64519845031109613,-0.28576016343264748,0.70100484383592088,0.68998108240532707,0.18032835284932097,0.080821533068046902,-0.32809307465859938,0.94118160529920947,-13.898426243029936,-8.046472239685599,-3.0168476667539501,,0.09493147563374645,0.44,False,3
-0.95798482439890953,-0.12686106427349508,-0.2572379182639829,0.10591681882998065,-0.98994475000323612,0.093760436378933984,-0.26654587543297031,0.062575253195070527,0.96178876785770662,1.5037227162244255,8.4003896760296435,-2.5162042092948229,,0.08315026479024912,0.28,False,1
-0.10351344024143236,0.9939232598885821,-0.037436895462079456,-0.98371693043436415,-0.096745482739159325,0.15146389783166397,0.14692164056454415,0.052505857025881203,0.98775359605106072,-4.0018368252088772,16.708180840175945,-5.3516132483031678,0.4025890358599843,0.3690421862875186,0.5789473684210527,True,5
0.95844342484494571,-0.054632727808244311,-0.28000261860154191,0.17913763079555176,0.87911910623986733,0.44165518934681736,0.2220268240651268,-0.47346051799093747,0.85237270445463353,-21.903835616892366,-17.745341940301579,-3.2880599988367512,,0.3553014394425719,0.46875,False,1
-0.87853834500326611,-0.37639454750573037,-0.2941046088841146,0.3804715279541549,-0.92366874624295248,0.045579201728443944,-0.28881099836251423,-0.071855353467421043,0.95468582025864346,-17.871900132787228,-2.5929026429508553,-4.9740249358650805,,0.642924289265554,0.5,False,1
0.77399204782087372,-0.55239746348806185,-0.30950501165894939,0.62457185267699544,0.74642794222973008,0.22968528011676492,0.10414562282533231,-0.37108269885653089,0.92274119874192095,3.8943834184375765,1.2789432408429695,-0.37254693003124795,,0.1979883690854602,0.1060606060606061,False,1
0.87370586247732296,-0.35916024850121436,-0.3280883749377646,0.46082848405680604,0.82711102627569699,0.32175216937119339,0.15580492339673757,-0.43230922510363928,0.88816302542699188,-22.830249260431945,18.085330001592315,-10.132683605935682,,0.2693437832769874,0.2083333333333333,False,1
-0.26871280884093668,0.95732167050981143,-0.10643611011832313,-0.9570280706857115,-0.25284079592289638,0.14201691391050097,0.1090444784681949,0.14002410895764275,0.98412527181564602,6.1533825721674784,-15.256118498633926,3.3216514700238577,0.4313173348651985,0.2802466834423663,0.7755102040816326,True,6
0.23531251041029819,0.95030952246205302,-0.20381323304032109,-0.94727517361787783,0.2711700333505016,0.17069434220239216,0.21748050002614697,0.15290070153741181,0.96401431917671465,-15.733428848951691,16.133030879439275,-8.2213144152787567,,0.09519828744770452,0.3043478260869565,False,3
0.2685899315735244,-0.90769152047451795,-0.3224213893586883,0.95835981653265534,0.21810988721346961,0.18432183580689038,-0.096984074531977146,-0.35850269281887559,0.92847719871238099,1.051312923245272,22.821094537331838,-5.1601890249160807,,0.2308130381858768,0.4210526315789473,False,3
0.93034929252402432,0.29813101096279893,-0.21346684567479551,-0.24480574105948602,0.93844302957898917,0.24371054425060146,0.27298414430945139,-0.17447802307714272,0.94606399171447642,14.560264937000586,-6.284727753480194,3.7541636583843987,0.415608680063376,0.3990323275978946,0.8466666666666667,True,6
-0.96356835851097433,-0.038439985124409888,-0.2646854473145458,0.045727314027519374,-0.99872421259140864,-0.021423350239850009,-0.26352425168908966,-0.032746216992284694,0.96409680740286618,-8.563349922968321,-16.678960055455487,-0.10252721569416999,,0.1678576656772386,0.3684210526315789,False,4
-0.76480172496618604,0.60122449058616811,-0.23153279121573786,-0.63439733880756821,-0.76543485006056855,0.10793288111892484,-0.11233137586010013,0.2294310402542763,0.96682111052935704,-10.121089147007964,13.925935496931867,-6.4523198197748872,0.2517659225261578,0.204746343874743,0.6222222222222222,True,5
0.63062520919643472,-0.67902789446916612,-0.37580974449676496,0.77524339890739902,0.57373624402045909,0.26424305998038972,0.036187262627288774,-0.45798235864503267,0.8882244317701895,-9.201860033058459,0.8144184145480563,-3.6699362947223642,0.6699692363756501,0.5307845722404883,0.8387458006718925,True,3
0.20475056303025752,-0.87745285911225523,-0.43376685785629265,0.97618743921899054,0.15061070721431796,0.15612334349312532,-0.07166094089433872,-0.45540410067118597,0.88739608667269132,-16.177094710744463,14.544607517952057,-8.0538457222696973,,0.3108092129928961,0.8148148148148148,False,3
0.67974904536537717,-0.63402447509558235,-0.36871967713241133,0.72881852781761969,0.6402762375810801,0.24263118739925824,0.082248336363818314,-0.43365805027554577,0.89731594580537599,6.4873026155114033,-3.9865685104458204,1.2682056421353873,,0.1418665025983399,0.25,False,5
-0.94439305879039348,0.22098044920656029,-0.24349413047749921,-0.2562998839585266,-0.95859839246926815,0.12409468738903567,-0.20599058228805608,0.17960167878893427,0.96193093150434972,-7.845700687951445,6.7241244620907006,-4.5307016368728634,0.2251749579654362,0.1320419962585677,0.6852791878172588,True,5
-0.96744148368497573,0.10293242775850059,-0.23121827557776026,-0.08122283258220124,-0.99150922268087849,-0.10154955837463106,-0.23970779526902272,-0.079463052134309597,0.96758761682483474,-21.477010697941807,6.1931312739351876,-7.5015536760826924,,0.3318964432744531,0.1333333333333333,False,1
0.18827727295812724,-0.88448862723333399,-0.42688585919697819,0.97378290261586153,0.11162131059129989,0.19821085135508384,-0.12766568474134868,-0.45301274961834348,0.88231565872013729,-1.2098692811577947,-9.403697535071041,0.34367518274832937,0.2825234795652073,0.2540495596395215,0.2105263157894737,True,5
0.77934250215786616,0.59012892153937102,-0.21064928267880481,-0.56101074756532088,0.80689244830423879,0.18490948592700951,0.27909175094673822,-0.025931309885345477,0.95991424706643147,12.329987460373154,-0.95373923764542679,2.2873067208242257,0.4378902361848404,0.2418508148981347,0.3333333333333333,True,5
0.32805458795002418,0.93152412858855038,-0.15698084336084417,-0.91864792806655748,0.35331320959155182,0.17679298681547673,0.22015033859606253,0.086212376057375029,0.97164873006173424,9.6296081242924796,14.385589098149783,-1.5587153109015912,,0.2993286824252899,0.48,False,4
-0.9626572554733015,0.07336009367990165,-0.26059413872895826,-0.086495275671020472,-0.99547747021289845,0.039283248148834701,-0.25653377120996301,0.060356465716647226,0.96464891088674876,-3.6935604177680474,13.323959334467469,-4.6820513393660068,,0.2007511475716164,0.3157894736842105,False,5
0.95065965074921599,0.21189029172498278,-0.22660258760676838,-0.14694205097109625,0.95083023715667903,0.27263509268798092,0.27322932143858436,-0.22588573301843967,0.93505153522409434,-13.572852255990485,-10.818943459565036,-2.4836912297884033,,0.128380669810311,0.5294117647058824,False,3
-0.5234972521823934,-0.78288025834956809,-0.33622779189709678,0.81361936155354708,-0.57647544391845584,0.075495675798139594,-0.25293113976472381,-0.23403966254789599,0.93874984681318852,-16.650805009940157,-14.277356841802082,-2.6046563105043856,,0.5976571195720635,0.574468085106383,True,3
-0.27105891068903587,-0.86960632925032111,-0.41268862240659998,0.9346303640877579,-0.34031157534929035,0.10321876868317691,-0.23020240976423376,-0.35773295041283004,0.90500496502929395,-15.444633385786492,-8.0586012240830129,-3.400593522468581,,0.206793613642148,0.2222222222222222,False,2
-0.92941420231389782,0.28947379402898016,-0.22889771319890131,-0.31652040188446645,-0.94419888354858539,0.091122464280214185,-0.18974739979276331,0.15714130862402365,0.96917621380005647,-8.2508806034040543,5.2893676147346627,-4.311588239513644,0.9109907099277776,0.8893695831955523,0.9561487130600572,True,3
0.96062399796341102,0.14120165749482644,-0.23929819568376817,-0.084979936259964237,0.96928260391688903,0.23080217541727899,0.26453722794730744,-0.20137856307166793,0.94311543798473862,3.8409863186734139,-3.8055363151004062,0.46926222644107263,0.3083693417637768,0.2826589212942467,0.5991735537190083,True,5
0.52934320201564145,-0.76443838171095668,-0.36800779210087586,0.84838805867881939,0.4739833345280049,0.23574880801585793,-0.0057858768576675712,-0.43700544522562551,0.89944025064044197,7.9101724985882456,2.836616760354326,0.42972664953437451,0.2840287943852262,0.323532193732295,0.3666666666666666,True,5
-0.76374899287959008,0.63772483677609437,-0.099972538400876526,-0.63577732853032387,-0.76995048499946495,-0.054437479514871906,-0.11169003716650636,0.021983703236517771,0.99349990054843595,2.6432416476945071,-9.1271608563830871,1.234044362162503,,0.5775757769726614,0.1935483870967742,False,5
-0.41966440342175471,-0.81533932482842086,-0.39887789345738078,0.87179156421466231,-0.48441358109933391,0.07295855680227982,-0.25270784923467521,-0.31712027345291838,0.91409708187934369,-14.817128497501962,12.624653337902652,-7.3834144753772035,,0.2024586221327152,0.3870967741935484,False,5
-0.9056711603327865,-0.32908230122565163,-0.26732861493206078,0.31386654241091511,-0.94428325436773353,0.099080417216015321,-0.2850395461975091,0.005828768370060286,0.95849803472036732,1.4182970886150381,10.270487552380899,-2.8699514049740853,,0.1039902621239693,0.3448275862068966,False,4
0.96678579807294962,-0.028708333152814805,-0.2539705735947333,0.10111693391478981,0.95556201567606314,0.27690539877866599,0.23473514078663826,-0.29338893265542071,0.92672668455979557,-3.0774786870085804,-9.2623636202276014,-0.17794402235055848,0.1050603482475285,0.109380483575564,0.3157894736842105,True,5
0.89214675619322348,0.41283498960071324,-0.18341602104311455,-0.36352106265245604,0.8971190154999571,0.25105758111719467,0.26819135411481565,-0.15730461973434404,0.95043603371731178,19.177633412141653,10.336756850206312,1.7152061111200851,0.6425688006278925,0.6627583028398576,0.1818181818181818,True,4
-0.60773083700002739,-0.68383584791513596,-0.40377191936219869,0.74452066773233128,-0.66752554773732864,0.0099306816172770873,-0.27631902771733002,-0.2945813575638605,0.91480578195439022,-10.524685956773308,-5.1092230930765501,-2.7470856839215574,0.7462438297906061,0.5595631932721004,0.1666666666666667,True,3
0.82454798261561679,-0.49883051940277073,-0.26699950800868161,0.55077187352680224,0.81567687140000977,0.17697905185322782,0.12950277099850782,-0.29298353942747979,0.94730653852290814,7.746521335385391,0.53274773449607471,0.81880238974698805,,0.0793625073550142,0.26,False,5
-0.81353311356733693,0.5553128187525106,-0.17260227825430569,-0.56935913951251804,-0.82100719282164614,0.042158742731328261,-0.1182964216829923,0.13257021786307335,0.98408896648257282,5.4766126117792799,10.379664559950788,-1.8369561588566778,,0.7502964134413554,0.6847826086956522,False,5
-0.46058696593933235,0.85671010077915688,-0.23217977954543731,-0.88740673980473295,-0.43878603773025382,0.14133680073540603,0.019207419294006989,0.27113578944129074,0.96234944730493466,-29.643277334741214,12.366654236107356,-10.622469760706716,,0.244920963013275,0.4,False,2
0.86307354285830706,-0.41504460979470581,-0.28782291690963213,0.48324535022091575,0.84430197331171575,0.23157743705250319,0.14689448971242225,-0.33895744532655148,0.92926307316594892,6.0562775435459377,-3.3825472513664896,1.0165262558777124,,0.08882167040492694,0.2318840579710145,False,7
0.95806084744418718,-0.14511158026401957,-0.24710734887454328,0.21208699017274835,0.9389556614100294,0.27088996752467404,0.1927135729366013,-0.31193732572318672,0.93035293498041716,13.915035819308605,-8.2988120230351878,3.8967658404813617,0.4351897678370754,0.4763345613985057,0.6428571428571429,True,5
0.061934277104039724,-0.9532568263983684,-0.29574578313901567,0.98842001032899995,0.017453452150106363,0.15073572963721174,-0.13852807838419853,-0.30165675847385487,0.94329908913675253,-8.9962156951892052,-1.8211126618984079,-3.1242865266049944,,0.07649611010329037,0.1939393939393939,False,3
-0.9290216121145416,0.27661084400867064,-0.24577486690243608,-0.30687083049789443,-0.94709361280733473,0.094042447698280518,-0.20675864580140729,0.16278860388971397,0.96475423441931951,-21.283494390282517,11.347994773170841,-8.5504497068904435,,0.6288520043908015,0.7960526315789473,False,2
0.71192429732291684,0.66572583504369409,-0.22354620872796499,-0.63753296873018994,0.74617240945293095,0.19177708192919637,0.29447497120017074,0.0059873138036356799,0.95564043625731676,0.46970634837290259,-20.49792123889041,2.8848109643066522,,0.1446336124946702,0.25,False,4
-0.55532878871985047,-0.72819461350311487,-0.40167467095149589,0.766516946200132,-0.63553805390687468,0.092429179506724524,-0.32258596932750727,-0.25656185784584462,0.91110608904326895,-10.815335876683058,-1.7153156919728239,-3.5629591784385091,0.5359244874309748,0.2116754783491295,0.2241379310344828,True,2
-0.96595935509340392,-0.062095149776527851,-0.2511308756042655,0.030764872410834247,-0.99144947367692049,0.1268127113948031,-0.25685802874950125,0.11476991557018365,0.95961024356085978,-12.344869521408738,0.53090064306498419,-4.3528448823411425,,0.0941583141272006,0.3378378378378378,False,1
0.75051220640622851,0.64279288185723771,-0.15345598414177949,-0.57987016515996015,0.75191997919239584,0.31363503702339696,0.31698898970250622,-0.14640237677365076,0.93706153719081364,0.98061733245849436,-4.9555039616537053,0.062896234523800817,0.4891875148515039,0.3024748056894729,0.1186440677966102,True,5
-0.76013064342478487,-0.55847938499254546,-0.33211772229884418,0.58092287068092407,-0.81308595716200882,0.037680825173759661,-0.29108422019487468,-0.16429243075774769,0.94248499932320084,7.118651048721965,-12.325074797850629,2.9544078624216028,,0.3200384023134626,0.625,False,4
-0.28704065778662469,-0.87284804258772697,-0.39464408690387809,0.93210948195100995,-0.34949018612220978,0.095018542723425359,-0.22086098440974594,-0.34057731039374461,0.91390782971288809,-15.547168260311444,-1.9186116679053871,-4.6508793699141977,,0.277377187133785,0.2058823529411765,False,1
0.89694902257863818,0.4037291125142185,-0.18023666276234085,-0.32217178264758528,0.87599639196851586,0.35893685200020642,0.30279992298694769,-0.26388089162844358,0.91579423544400784,-0.27449706135463675,-1.8075419833362221,-1.0153773409512195,0.7057715284703934,0.5747361353397877,0.4430379746835443,True,5
0.01644734235475347,-0.96653686814272777,-0.25599993642638091,0.9886260573097666,-0.022560018426208701,0.14869285247365924,-0.14949248722798683,-0.25553381007110326,0.95517248084989015,6.5228590929115313,7.314749908186311,-1.0710201313753798,0.2415848396551077,0.2214390078221623,0.8085106382978723,True,5
-0.9423943783890546,-0.14118234263168966,-0.30324970191203593,0.14090617941828182,-0.98975786285667366,0.02290898328462912,-0.30337812080381382,-0.021140459844114452,0.95263571042404704,-17.068976305778172,13.023083329392277,-7.9931683211919005,0.3226128834320541,0.2816396017981456,0.7888888888888889,True,5
-0.0050924905265606283,-0.92547875972286919,-0.37876527275089156,0.9875086585201106,-0.064304663576624413,0.1438456102566554,-0.15748243041066307,-0.37330145398071723,0.91424575939286368,0.31582288896066762,-4.2476941013173626,-0.28987541438728148,,0.1082375492228182,0.1875,False,5
0.92282329163151255,-0.28005618105103042,-0.26451031714754375,0.3543305300495676,0.88650873753900195,0.29757710554039329,0.15115239957464804,-0.36833516492743201,0.91732336631130706,9.2338021048879,0.78723711308309352,1.1388388648568586,0.4418417158990599,0.1858602011966484,0.3571428571428572,True,8
-0.8215618375607483,0.52991528352946748,-0.21029964181065955,-0.55549261615843015,-0.82705363266117504,0.086082763056362546,-0.12831251091483759,0.18754221120547571,0.97383972940052699,-14.564705614808464,11.013102312376454,-6.9822782871544788,,0.08163191082813387,0.2564102564102564,False,4
0.46626261487262716,0.86423973673129884,-0.18891493171995438,-0.84729520236953548,0.49767162990078645,0.18550953838943768,0.254342316600498,0.073570552849012483,0.96431185813500309,-9.2139520113979039,-12.401227851664755,-1.0774232950519949,,0.9054555975109129,0.323943661971831,False,1
0.31494939072132844,0.94746568066192882,-0.055818144470158287,-0.92113463274011453,0.31931079156889219,0.22260190195589408,0.22873099844795425,-0.018692307387663837,0.97331019104575645,12.443048355583299,4.6145132482858271,1.0470791160573085,,0.09924913758682666,0.6666666666666666,False,4
-0.51258248416255281,0.8440703259941098,-0.15749438626802884,-0.85863769092140707,-0.50373287438466241,0.094839374699117518,0.00071600202511912237,0.18384361843796121,0.98295524379329557,2.1216416241623088,9.3557795670161781,-2.5686105383496329,,0.1887856608020191,0.25,False,1
-0.89503614911921014,-0.35427785679855439,-0.27091971495643841,0.34139804055511319,-0.93511010170155862,0.0949551241420373,-0.28698026007895405,-0.0075031911826523023,0.95790711055252742,-8.088005204023343,-3.7262990879108102,-2.4724331233166135,,0.0785735577482081,0.3690476190476191,False,2
0.69895158506837096,-0.59340838956725372,-0.39916558584328177,0.71049860000181131,0.63984739672256663,0.29289426130059382,0.081599149051186357,-0.48832549810403425,0.86883818215797204,-17.427357468116131,8.7508741969045367,-7.2367071725540324,0.7331504008604979,0.5104785418054315,0.3980582524271845,True,4
-0.80489451998459349,-0.49693655074357773,-0.32434376244017271,0.51680983575631345,-0.85562858288341803,0.028413409131019113,-0.2916374553521956,-0.14475424929165287,0.94551245467614387,3.1122451634049288,-11.873492920348584,1.915615181453169,,0.4183414099671598,0.25,False,3
-0.24377832089908158,-0.84311466661673606,-0.47930135530308471,0.94641806127818418,-0.31474751706055881,0.072296983274930504,-0.21181355845664543,-0.43599502226512032,0.87466756943079238,-9.4198555549471212,8.9935462568116851,-5.4019713032557171,,0.3372124086534404,0.2,False,1
-0.64949432842537291,-0.65228831282103183,-0.39073913842916524,0.70403746836029202,-0.71000449368585494,0.014995402319525175,-0.28720786982272228,-0.26535556504996277,0.92037930420501635,11.902294863172951,3.2121195374224136,1.13882375795504,,0.1086942369304322,0.25,False,4
0.89897981626942292,-0.26005326738505707,-0.35243096921603084,0.40303906710326237,0.80614737616336229,0.43322732865489799,0.17144911877500779,-0.53150607336820066,0.82952184639344528,18.651346973509529,-0.43354303326939503,3.6260006247932588,,0.573365478069225,0.2592592592592592,False,1
0.60446271260166062,-0.65142573397892234,-0.45855135174183626,0.79594653280105465,0.51775545722124683,0.31368519799250566,0.033074854439923668,-0.55459336421169037,0.83146392247417311,-6.0298787554916435,4.2514047834949427,-3.5401882887730762,,0.3347602082521378,0.2462203023758099,False,1
0.97534292829934921,0.052531796281755819,-0.21435153975622043,0.01954168577487889,0.94688606278506637,0.32097493145177436,0.2198278752422593,-0.31724941998813405,0.92251206538649999,-12.497715787434979,-0.95027031811011931,-4.0705805350965933,,0.3126017469915398,0.3658536585365854,False,2
-0.71003446903962786,-0.64985667801588742,-0.27117771076135316,0.6448437080802123,-0.75477925431250481,0.1203531030294627,-0.28289157803825682,-0.089412388949258126,0.95497527705035956,-4.2133458036840299,-16.37033081967823,1.0169202198725091,,0.1194540649391587,0.1764705882352941,False,3
-0.56735605140862089,-0.74630076743459017,-0.3480549891275227,0.77799643261736351,-0.62430660483089928,0.070447242665495888,-0.26986785982156969,-0.23081687046456731,0.93482346490889301,-14.510638084318725,-10.064382328510654,-2.8417851321491812,,0.3432594413513506,0.3888888888888889,False,1
-0.54319698366821201,-0.79405375391422184,-0.27279236211538027,0.79390727086922064,-0.59149397160339678,0.14087628195628252,-0.27321837821556277,-0.14004826829194456,0.95170278992639568,7.497287199639417,18.333475814771894,-2.8228193396620549,0.1988161386830118,0.1812069874106449,0.5217391304347826,True,4
0.36408050664762026,-0.85494003448203237,-0.3694900839252318,0.92740004372881124,0.29620194390686372,0.22845911519918694,-0.085875162713163547,-0.4258426303996089,0.90071277917176862,14.975310979190233,2.9808067994054199,1.9885768287296772,,0.3005603649214255,0.375,False,4
-0.73710918090203636,-0.61805225020758525,-0.27327910905019698,0.61053448726296067,-0.78241917584417886,0.12275126530455624,-0.28968551101579593,-0.076365236100310818,0.95407057151075625,0.394982361954207,-13.39999048985527,1.5445331727664169,,0.08214498801022752,0.2307692307692308,False,4
0.80118228067930664,-0.50724882370661439,-0.31749895113805104,0.59017471794126597,0.7575342526752209,0.27899042694462323,0.098998764782463652,-0.41090204048173334,0.90628845170811689,-1.7377491946674679,12.064924165598557,-4.0206112793978601,,0.3429573466804911,0.2325581395348837,False,4
0.084931719423079588,0.99623258707946227,-0.017528133865348239,-0.97811602304113454,0.086714835577010152,0.18912848215180986,0.18993590631061485,0.001081541406676656,0.98179589618318919,20.23595157418638,1.629215247392372,3.7169122517589819,,0.3557557255933809,0.3461538461538461,False,5
-0.2239325720694155,0.96325317241599562,-0.14831563975824541,-0.96426472431280019,-0.19686758915369437,0.17730395874535118,0.14159005831038066,0.18271967100269704,0.97291612033943131,17.147132581252556,-7.7055064433278062,4.6717825972862892,0.5572372697645674,0.1571758840382231,0.2222222222222222,True,3
-0.88628943960350925,-0.35984530767888351,-0.29155168287764954,0.36047694139956943,-0.93122986763100168,0.053547253441798615,-0.29077036294387232,-0.057639293658393459,0.95505513341380055,2.0539446106860768,4.2373803273400839,-1.5008708200269327,,0.07718965831884318,0.3620689655172414,False,3
0.66257113227477216,-0.67131152688778983,-0.33217514739021531,0.74894118726213976,0.59931219796852742,0.28268708387280372,0.0093055197868409101,-0.43607995050646109,0.89985981356419065,9.9183617718087653,-11.391731263633655,3.5511788979100758,,0.2469961406236443,0.1578947368421053,True,2
-0.86796744545200488,0.43587809336573624,-0.23799748183409827,-0.46492466722577569,-0.88164856843156225,0.08087555618095689,-0.17457825592130047,0.18084824994018595,0.96789273323703051,-10.539851053162437,9.9954938945570024,-5.8826253830451254,0.6295171881811563,0.571534038788067,0.5875,True,4
-0.96443994434848124,-0.083710856417369306,-0.25069520590344191,0.068456860314854123,-0.99526674218806055,0.068976591465488069,-0.25528269040601076,0.049361973342187726,0.96560558385234818,-22.066300205638854,9.7003391666727463,-8.4533063111970517,,0.5379766481873691,0.8378378378378378,False,4
0.56680766411632411,-0.77247702803993801,-0.28637093611185566,0.82360502334356045,0.53978372819561005,0.17409276923094782,0.020095706562559018,-0.33453365738865815,0.94216951481775213,10.270296775026274,2.4749116281559509,1.024655746377503,,0.07281173476354963,0.2857142857142857,False,4
0.79522085180152335,0.5594670358522732,-0.23371014666618595,-0.52347178127601091,0.82800540572994608,0.20095855863761267,0.30594295394367105,-0.037465769398982635,0.95131236986363332,6.1466305890400141,-12.804632184174125,2.896390868509219,,0.09547789315153643,0.3636363636363636,False,4
-0.75135196778628277,-0.59574332974818811,-0.28383112155685569,0.59419382022486267,-0.79786312795918279,0.10172577377328018,-0.28706083764642076,-0.092218838117439153,0.95346303619280659,0.33602506787431197,-11.660265399555698,1.2046940244246915,,0.07126342959327421,0.24,False,4
-0.23060449619940193,-0.85793361584004824,-0.45909854840136366,0.94971774053152402,-0.30114526177005557,0.085718986421561949,-0.21179655250337601,-0.41624685239057835,0.88424022653497225,5.6893031210733724,18.112158136439415,-3.2809640806062377,,0.2458027836835076,0.2307692307692308,False,3
-0.70909012827223006,0.67746335877009867,-0.19553666538736347,-0.70208010102719476,-0.70405813635022052,0.10670366620083417,-0.065381356123263151,0.21294491814314759,0.97487421758321835,-2.0858353177214064,-13.429225331770022,0.85301797698000814,,0.0893096733019124,0.2857142857142857,False,4
-0.5276738265530887,0.83945638965545288,-0.12989727725189076,-0.84943427655675963,-0.52229921504431187,0.075265794186942583,-0.0046628940923346962,0.1500549893563338,0.98866665645603491,-1.094956092536753,11.054847308523094,-3.7083982478110347,,0.175540319285499,0.25,False,1
-0.92634342003621273,-0.16944273558025799,-0.33641793578032048,0.17420022482856268,-0.98457649018798288,0.016230115181071814,-0.33397926556193774,-0.043569419644877094,0.94157291584163438,-11.922432805370265,-3.0875532909844083,-3.5606091965990854,,0.3886081868030904,0.264,False,3
0.85783600475037103,0.46546582462112651,-0.21785076328463293,-0.42563370382126947,0.88103724433041164,0.20642026129734287,0.28801621330284577,-0.084350104993711247,0.95390341264838796,-1.6994463764600383,-16.278105079204426,1.5690687662764029,,0.10807943421525,0.3333333333333333,True,4
-0.071964207609488323,0.99430657659222632,-0.078584887660323288,-0.9880976994259637,-0.060331164839258565,0.14150295734809265,0.13595620328714822,0.0878326949067679,0.98681372532669931,-10.665096243740614,0.17517675745030625,-3.8193272505267992,,0.07047704611552594,0.1875,False,1
