axis_00,axis_01,axis_02,axis_10,axis_11,axis_12,axis_20,axis_21,axis_22,location_x,location_y,location_z,dbh,dbh_approximation,score,reconstructed,number_clusters
-0.97753111728030495,-0.16478925395481511,-0.13144358687183988,0.1601686233908575,-0.98606080352348469,0.045056673597790795,-0.13703622451672096,0.022991162120163253,0.99029918693017605,-20.114472894885647,-22.094018700304282,-4.8377114900589806,,0.4007590745566463,0.8214285714285714,False,1
0.87701952019530138,0.46595565302715686,-0.11714132749990432,-0.4598775766165234,0.88471429209302666,0.07611330955653578,0.13910203349238898,-0.012882188415450933,0.99019426048625014,-19.681214016246777,7.5112876826298498,-6.3937131469669763,,0.0902232156661289,0.1363636363636364,False,1
-0.92748611140203019,-0.32214471662131122,-0.18971635329964462,0.33848405808247706,-0.93904062055604587,-0.060259898520773458,-0.15873895419952486,-0.12010618010198584,0.97998798457988756,9.0171669612312062,-9.9531641062391429,-2.7679716030955004,,0.5141641470504972,0.1875,False,2
-0.98008482660770679,0.17895070803919799,-0.086083545150108812,-0.15734280826991295,-0.96426988068977548,-0.21313572642863909,-0.12114855896410213,-0.19534646474097239,0.97322288576364935,-3.5560327740755571,-11.104112972069332,-3.7384131021703295,,0.438749098409799,0.8326693227091634,False,1
-0.98578841757579072,0.13045645484798529,-0.10584096164488718,-0.11864164124088955,-0.98669536203506314,-0.11115945080002881,-0.11893425384256198,-0.097022553702690931,0.98815042748354964,-10.892678598323485,12.283981092383229,-5.6597342507684951,,0.3331484776254647,0.7551020408163265,False,2
0.73936260039137114,0.66836026046155461,-0.081470898965666755,-0.6575808941605904,0.74278691052128665,0.1259165326444531,0.14467312389476192,-0.039524268418357503,0.98868979939540469,-6.4297282289416637,-9.0682393781965711,-4.1862797526025002,,0.1138896958520452,0.2244897959183673,False,4
-0.83200336347721926,0.55429099755189826,0.023062809792301311,-0.5542805623265562,-0.82880294026799417,-0.076542435485712934,-0.023312258353726897,-0.076466830953358433,0.99679955977839374,4.7473753974058912,22.861466512910809,-4.5811150049081775,,0.1632959968708516,0.25,False,2
0.58846310012999947,0.80763771923307692,0.037848305872044602,-0.79797493478343828,0.57261130348779588,0.18802206938382249,0.13018134752243751,-0.14084604925237046,0.98143527915356776,-5.3297462454616831,17.183860608052946,-5.3376319765000062,,0.4503180940936203,0.4166666666666667,False,2
-0.2624168306751436,0.96481531285672428,0.016395702351362201,-0.96485269155354292,-0.26259818402628982,0.01007359657612332,0.014024641895488105,-0.013175956256616314,0.99981483465511112,-14.764844236616824,-6.271912322273498,-5.1222801320166429,,0.09407123942983713,0.4583333333333333,False,2
0.7587582029666865,-0.61014687722114114,-0.22804994551206545,0.64232713417276743,0.75900973813069061,0.10639581818935361,0.1081750532062086,-0.2272113677615448,0.96781876000817624,10.6274649378213,4.1303845847715648,-3.2140642532051178,,0.3843295943457311,0.6274509803921569,True,5
-0.12127720495030549,-0.97741095890123264,-0.17308858130799432,0.99044008596199085,-0.13070377681567405,0.044101687560931774,-0.06572880402871463,-0.16608533994874752,0.9839183828829825,6.9202916843934492,12.240438810058283,-3.9010600592024649,,0.09462427858473496,0.5,False,5
0.72330634331772892,0.68785688407866596,-0.060669932766788386,-0.68048766270349426,0.72496130177592821,0.10661919074767402,0.1173220977679528,-0.035833196242345516,0.99244723155560621,16.271080223345443,12.090722128602151,-3.0996938271251184,,0.2868466653942293,0.3,True,5
0.12627718740971422,0.98836913789114678,-0.08473794430007843,-0.98994893757607116,0.13103969930899281,0.053194907622973145,0.063680239728661603,0.077168934613094348,0.99498230265607235,-0.86561010913830316,15.669324382816894,-4.8444842894464406,,0.09504591173281896,0.5277777777777778,True,5
-0.67276970354829235,-0.71731842762237719,-0.18120485473878567,0.73115286765315379,-0.68205747789168081,-0.014597293400137611,-0.11312121865553532,-0.14230906592835429,0.98333703258063387,-21.428061003995062,8.6160678255902834,-6.6331937139038581,,0.2043473390307791,0.5,False,2
-0.96859078637743512,0.23070377940787187,-0.092777447214647077,-0.21149225151315601,-0.96055292451735863,-0.18057991790629943,-0.13077811779743062,-0.15528633348776649,0.97917477425497856,16.5867773827141,5.2471049243981831,-2.8212386746771543,,0.3118261516822095,0.3225806451612903,False,4
-0.75954260056405898,-0.63104465641349605,-0.15772659744113851,0.63688614870844507,-0.77077462908249139,0.016807877500493399,-0.13217818092147604,-0.087687586206487145,0.98733976710834914,14.382977434545364,4.3929329798878243,-2.9290764358059969,,0.09288147536841587,0.5185185185185185,False,5
-0.62974054877489649,-0.73222867377189949,-0.25936077293017368,0.76713243353235427,-0.6387375806855542,-0.059347556332952134,-0.12220749016087391,-0.23633762359431887,0.96395531899687636,-17.065983703314924,-5.1696392046520696,-5.462234772224309,,0.4082506579628646,0.3235294117647059,False,1
0.53879961310079683,0.83586357718061355,-0.10500979604427628,-0.83430127100752882,0.54671501980501502,0.071021660884719548,0.11677485224847722,0.049343362901518223,0.99193188597802195,-2.5626732281243969,11.347866169721454,-4.7796544013012312,,0.08732543536117658,0.4468085106382979,True,5
0.37514595589521416,0.92696476128016958,0.0013576156547897705,-0.92249033532760816,0.37319059534664029,0.098693266092370446,0.090978530448811462,-0.038276766969275983,0.99511697609263816,22.646994951129511,2.4245822090955986,-2.1392660667258339,0.5852844504881695,0.3983589855833197,0.4285714285714285,True,4
-0.89874341230250121,-0.35869758196484236,-0.25218311508788471,0.41694038387908838,-0.87714072238171525,-0.23829576041222206,-0.1357239666883211,-0.31931206966266701,0.93787995342374686,0.0028585272672784212,-11.162391016333054,-3.4579047359077526,,0.4304355653195017,0.4918032786885246,False,4
-0.50257270808711441,0.86453205788416032,0.002234720689866479,-0.86425283650579654,-0.50234100376644841,-0.026843072227306287,-0.022084104638121084,-0.015421959197670657,0.99963716192268304,9.1060096422788384,-6.3301926484660651,-2.8961799190482158,,0.963829347175933,0.5969387755102041,False,1
-0.089171315301646112,0.99363293414854648,0.06886268004315102,-0.99524848748068573,-0.091603574521713457,0.033003534693312575,0.039101466657687198,-0.06559250955860628,0.99708008604876996,-18.959838242429718,-8.211937891309228,-5.4869922213712252,,0.2770167036146398,0.2424242424242424,False,1
-0.68486253712497469,-0.71402650475865947,-0.14535974595766127,0.7180230100931797,-0.69526983962266653,0.032292523713733562,-0.12412196509672799,-0.082255702618143883,0.98885172658357778,-4.7460553184579712,24.833221787279875,-5.6007589498014756,,0.4377635133205243,0.8648648648648649,True,5
-0.51386776688129909,0.85672077861996121,-0.044378211334333464,-0.85751116516498094,-0.5144602750971542,-0.0022862555320050729,-0.02478950943088444,0.036879978684490597,0.99901218580876583,-8.0536946916856849,-14.44293503885371,-4.0575090489752643,,0.08508427020622718,0.25,False,3
-0.98594372644365957,-0.060457685419239453,-0.15575569511301468,0.09844945812169946,-0.96342717989969773,-0.24923036176609595,-0.13499137928747101,-0.26106117540581092,0.95583701027623047,-18.960044678893162,-18.647812647955057,-4.8981612750214323,,0.3892561385459664,0.2,False,1
0.58800055676840368,0.80370340741617108,-0.091193081687617403,-0.7989576151155442,0.59468650117808664,0.089524826531238832,0.12618270281195487,0.020218759215212628,0.99180095144482883,3.9834560778823023,15.38423272656415,-4.3359843614213975,,0.2123836612874844,0.7936507936507936,True,5
-0.98618240563857762,-0.099069085447295716,-0.1327764253078994,0.11122548313196821,-0.98993663396997811,-0.087489157192472189,-0.12277277675025533,-0.1010483895607707,0.98727709801058694,3.4495487034181882,-17.884786099252981,-2.8680650657106352,,0.2000617189917738,0.3636363636363636,False,4
-0.61006587297649839,0.78888406752024687,-0.07403754886632602,-0.79140421870566802,-0.61123701180114776,0.0082872202381277411,-0.038716834120244251,0.063649378764559353,0.99722102030522375,16.439399039801415,7.3136526112164386,-2.918326364898205,,0.08729168439692095,0.2,False,2
0.97351360308736967,-0.15558455571578966,-0.16752525369797255,0.18923994156142246,0.95952464711828767,0.20856820488837108,0.12829461844395157,-0.23474645385020945,0.96355310869877564,-5.4673488400306374,3.7023752979540636,-4.6833116954501586,,0.54723658731767,0.2457983193277311,False,3
-0.76403639714098937,0.63438039879457642,-0.11751550310086298,-0.62689338740427092,-0.77302081213686036,-0.09717769719470469,-0.15248955594601629,-0.0005776058356830871,0.98830491332325354,10.398305990528407,-5.7985182201906387,-2.8075024877254617,,0.4297281495659415,0.4098360655737705,False,2
0.30606620796997464,-0.92156692931996453,-0.23882602689542232,0.95197858142589442,0.29831451041209078,0.068885654413219075,0.0077625282751861494,-0.24844083332127065,0.96861596904728475,4.0744660473234751,9.6000687652563688,-4.041226522522253,,0.2834865281306,0.3,False,3
0.64505464210314323,-0.74365269378715004,-0.17574179845529531,0.76274748813270865,0.64048253249153364,0.089433745982571561,0.04605190602384919,-0.19173626833843233,0.98036545499891192,-17.360578858620304,10.037526066327214,-6.2345985413414384,,0.6705830073856194,0.6981132075471698,False,1
0.45821057448370645,0.88867864403075691,0.017127086003412742,-0.88444053888995056,0.45394046060903787,0.10818036508585994,0.088362902845974409,-0.064717276408321908,0.99398373806361795,27.234302798446492,-3.3626278399250333,-1.5430111350367555,0.5473195337339994,0.3083006658102873,0.4210526315789473,True,5
-0.9708540654488691,-0.14320276811088661,-0.19218571957037761,0.18870442013142003,-0.95108782838570005,-0.24458655833761367,-0.14776002647627237,-0.27372414928528688,0.95039048010477167,10.70053128322084,-11.438722779489984,-2.5343916860156579,,0.280432711332948,0.1304347826086956,False,2
-0.82977193571758745,0.54773002133922377,-0.10709975919310613,-0.55277483505923342,-0.83302875185893088,0.022429451656000115,-0.076931894690857261,0.077813381240536134,0.99399525214117079,3.9278226051887839,14.630926299526161,-4.3046001103767528,,0.3007888773839691,0.3958333333333333,True,4
-0.98255133661648908,0.14642150317755334,-0.11468920751481559,-0.1423502834003148,-0.98888351660839535,-0.042962627899879424,-0.11970491940183911,-0.025886946274891885,0.99247196347481759,6.6843326799929645,-9.9677609279133232,-2.9381668005771657,,0.2336060578276057,0.4571428571428571,False,5
-0.21810564741971133,0.97361035190621126,-0.067177445803583119,-0.97584897825607142,-0.21671124414738616,0.027477414301101351,0.01219418714842993,0.071548021084840541,0.99736261333510667,5.1676935764348908,-12.501933655472428,-2.9152964861367332,,0.07486393516616327,0.2222222222222222,False,5
-0.16346851114479613,0.98305283275112931,0.082976947907741766,-0.98624766546434628,-0.16491672766866533,0.01086348476257238,0.024363666190273577,-0.080059983481385197,0.9964922532637821,15.871108078534171,22.089481590341087,-3.5276761474304674,,0.3118868012648636,0.5217391304347826,False,5
0.79891244586107524,0.59166466403786955,-0.10803624011056827,-0.58647185223765297,0.8061837083979958,0.078221447484628129,0.13337792314026267,0.00086812591769891423,0.99106486971145336,13.203091613479527,12.000743945860298,-3.3454994991053666,,0.1231715639038656,0.4242424242424243,True,6
0.68008959329926633,-0.69385817604596423,-0.23672553014030076,0.731738058480908,0.66231972120891913,0.16090991476080974,0.045139327161910624,-0.28265423830522612,0.95815918443203518,9.6304704384087536,-11.351630670006344,-2.6214821326800188,,0.2357043224518149,0.4,False,3
0.35016234728385415,0.93127042462702314,-0.10060679281075728,-0.9319826249573927,0.35714093618265225,0.062118744997847322,0.093780154202210975,0.072012137293540709,0.99298516341394882,1.9908550213531928,-8.4289707053303005,-3.4266547008520218,,0.06975111723616176,0.2,False,2
-0.2331578472936523,0.9724333181558279,-0.0032954492618583603,-0.97201430631866015,-0.23315483823987579,-0.028757776638537253,-0.028733370098973234,-0.0035018774657194635,0.99958097735849871,-2.206000056939402,-13.539266742509065,-3.5583715752942369,,0.4469371444355213,0.125,False,4
0.97826301646819913,-0.13302161932641449,-0.15908085806381728,0.1664375240765098,0.96126400340691764,0.21970449775411682,0.1236932544232833,-0.24140580884868121,0.96250881256448406,6.7803174269922746,-5.9657398285513628,-3.1050412568582324,,0.127157529448525,0.2727272727272727,True,4
0.90079567508643998,0.43407951686774782,-0.011921609850545703,-0.40816498815823171,0.85575044092979491,0.31795050761125265,0.14821772561794511,-0.28154245840427944,0.94803235700492794,-4.487656114325377,-9.7604082455410026,-3.9197961535161507,,0.3203077838462168,0.3170731707317073,False,4
0.17120433840876434,0.97886274379353477,-0.11187852038264416,-0.98248744917473718,0.17809797018362231,0.054767921547118514,0.073535615344777455,0.10054273633369042,0.99221150539912539,-2.1067150514552542,15.628517563678267,-4.9895721676323523,,0.206314558486493,0.4285714285714285,True,5
-0.71710944547079991,0.69372224751670519,-0.067108021256282957,-0.6945826690030128,-0.71928922573708287,-0.013338877733892533,-0.057523552891085933,0.037046633300745473,0.9976565480283619,-16.098085955919522,-10.670392635911259,-5.0281614302234647,,0.074194500113394,0.3076923076923077,False,2
-0.044089929739316976,0.99443276579025097,-0.09570555061402311,-0.99776288178082029,-0.039012783865698286,0.054288437401349796,0.050252460994602642,0.097885019373750728,0.99392817303172654,-2.5611664353525527,13.65856023378079,-4.8864346396911245,,0.1508029625343062,0.4347826086956522,True,5
-0.10221872406336563,0.99333468617009235,-0.053268505725451464,-0.99401838501814077,-0.099925699554426095,0.044071587383333041,0.038454943723606215,0.057454815463314247,0.99760721803888897,13.035299335844972,15.63426947348411,-3.4834054760004709,,0.09870624105997286,0.3333333333333333,False,5
0.96076794336153393,-0.19495575062780468,-0.19727446440428825,0.25296963805659478,0.907589695751568,0.33509298170372515,0.11371596735008248,-0.37185104472453329,0.92130097107672104,-12.709118353654166,-2.7410655272714144,-5.1109002165025572,,0.3329498304523111,0.2168674698795181,False,1
-0.44709824507618823,0.894026277241316,-0.028638695009148993,-0.89445788943404037,-0.4471041707142282,0.0065532098352744268,-0.0069457381893917036,0.028546035310995796,0.99956834713241527,19.042349891285419,16.521835253679605,-3.0056002375154507,,0.2580598551812657,0.16,True,5
-0.51704528333598354,-0.80287935603156624,-0.29673037363632132,0.84855678627982789,-0.52627873911231138,-0.054608325526485958,-0.11231898966098097,-0.28002754938879482,0.95339866590259248,14.477923796132929,0.69510723535214758,-2.7944436043890892,,0.1312468406974906,0.1714285714285714,False,5
-0.4449118067365071,-0.87613776368075347,-0.18556967230381577,0.88950390161928516,-0.45639045254063271,0.022148675667537358,-0.10409751788840185,-0.15521074022839138,0.98238145996717019,-15.213069708304603,-1.9465544825343419,-5.4029832569596996,,0.2314186704094512,0.8256880733944955,False,1
-0.98302719662022597,0.14936605514431964,-0.10652376390085046,-0.14408330383805118,-0.98799573915528305,-0.055717330931392084,-0.11356730277721619,-0.039423355788548713,0.99274783644099585,-2.1604678878872665,5.3911713094493656,-4.4584732994737859,,0.1333426899065028,0.2513661202185792,False,6
-0.74530988057706804,-0.64772741192730776,-0.15799487887950181,0.65795293050110693,-0.75286075510162465,-0.017280760192109168,-0.10775492174004016,-0.11683271487799753,0.98728870831942284,26.445535388605023,-3.6824634633329794,-1.6178404290642407,0.3850545357596165,0.1887377835895676,0.4074074074074074,True,6
-0.85755448118483868,0.5028807020347924,-0.10821881223150366,-0.50738024857578901,-0.86155310125434015,0.017074456776123452,-0.084649838481673415,0.069550364772758458,0.99398045836173432,3.8431523303290409,-9.5214769496861713,-3.2056968249267612,,0.06744593023449436,0.2903225806451613,False,3
-0.46539841777444696,0.87335552739538447,0.14371651088504872,-0.88495438182928388,-0.45618772742469049,-0.093533413432030046,-0.01612621512296495,-0.17071285866924968,0.98518884741494162,-19.285621184496037,11.463872170059203,-6.508585754149264,1.10206302597335,0.3333686640726891,0.2307692307692308,True,1
0.93593169115842656,0.32929187038413038,-0.12489489014467944,-0.32217626867447563,0.94378155233069772,0.074019142005656138,0.1422473950141884,-0.029038691072128073,0.98940509046219172,-6.4040724733065826,9.8138472596955939,-5.0904926784501621,,0.09662834012850299,0.1794871794871795,True,5
0.39187697767889723,-0.90875197342995451,-0.14353496142897215,0.92001632812188017,0.38681570318857422,0.062797832413722554,-0.0015460770958011932,-0.15666353294207414,0.98765082245281488,7.7275173856075279,12.947125992929976,-3.8681365773053531,,0.226293268700226,0.7647058823529411,True,5
-0.12774339334556895,0.98827909727858509,0.083582601890490799,-0.99155743467958746,-0.12914826950821204,0.011600785088500164,0.022259361810136519,-0.081395026661702549,0.99643332463669954,4.6582668820397375,-14.106933044854564,-2.9302329322503784,,0.5884547250123113,0.6206896551724138,False,4
0.50200284980660037,0.86326202620113479,-0.052648009508087457,-0.85784149979495994,0.50474491639940233,0.096646420515686976,0.11000499995721338,-0.0033531310848448764,0.99392537773031131,3.8573525746974568,15.297064749607809,-4.3489142606976152,,0.2245096429402665,0.5384615384615384,False,1
0.34320936646145256,0.93863065765577147,-0.0343484975191439,-0.93455227155438725,0.34491753300446709,0.087429669784617775,0.093911567475275876,0.0020937848042835577,0.99557834124669975,2.1757282483460791,9.7933819960047117,-4.2346630664042673,,0.09935624945006405,0.3378378378378378,False,5
-0.69029616641529112,0.71516985765227714,-0.1096507060532438,-0.72143246276257256,-0.69187075440311629,0.0291558034359004,-0.055012764924901446,0.099231718252206405,0.99354248111896704,5.5311504309908104,-5.4549699887869956,-3.2164031402278752,,0.2535822038202363,0.8953488372093024,True,5
-0.8610096498522738,-0.48663969380290562,-0.14779780538519491,0.48936747080754811,-0.871852632725724,0.019810737609889856,-0.13849859702065287,-0.055270201959452508,0.98881916617684595,-17.073117715786388,-5.9689696803697094,-5.3834462055683225,,0.2849479386556911,0.4705882352941176,False,1
0.85140909851299207,-0.44413424655899919,-0.27901132235585696,0.49562182317924619,0.85533536661454412,0.15086556600776599,0.17164368720629952,-0.26673241582498658,0.94836293843148056,-5.2337334178772226,-15.22962215936569,-3.7479732939382111,,0.2266438185326806,0.375,False,2
-0.43623500276259042,0.89906321867238104,0.037206870268555181,-0.89975895832087249,-0.43529655207020052,-0.030833888453031911,-0.011525592655542753,-0.046928036249704708,0.99883177769216225,-14.23704149454916,-10.676496991671453,-4.8597129716189347,,0.08541616995468357,0.4736842105263158,False,1
-0.26056928085990949,0.9635162140443938,-0.061156807844319268,-0.96533892117538878,-0.25903177067212541,0.031989202028171529,0.01498055860391612,0.067372450274728754,0.99761542480451526,0.52212700611320917,-9.5939881197016685,-3.5203747409013659,,0.08004625407693274,0.2666666666666667,False,1
-0.97611853476854338,-0.16385055523256278,-0.14263800906943247,0.16331779427398396,-0.98645150273890669,0.015515502493707218,-0.14324770209253368,-0.0081503554604970586,0.98965330674487961,10.700969076023231,8.9823776527427395,-3.4114051076324921,,0.1694001424319383,0.4038461538461539,True,5
-0.99292623350653231,0.019898006610616342,-0.11705368062327207,-0.012611701139307194,-0.9979551128191414,-0.062662092149138343,-0.11806116977611188,-0.060742589104006581,0.99114675909273775,-18.824717984933947,9.7233758634146827,-6.3623351849703278,,0.2074774570896086,0.4666666666666667,True,4
-0.45592133007026048,0.88366676662348076,-0.10615453995081338,-0.88987697515031872,-0.45473276097720539,0.036566175509182994,-0.015959632962111982,0.11113578028363269,0.99367707453501419,19.42714113561221,-1.276069834666701,-2.2641569733567066,,0.1763897695806142,0.6842105263157895,True,5
0.040012570617580588,0.99897146115891411,-0.021331056762331421,-0.99859640914194259,0.040720730019805029,0.033867887378351225,0.034701669144173095,0.019945975450672587,0.99919865503408778,-9.1626802811541683,9.7725503918997347,-5.3686354798972031,,0.131076527522377,0.4242424242424243,True,4
-0.53704560896169795,0.83649820421702248,-0.10887041947497025,-0.84310240867946185,-0.53648826872242528,0.036860086843428147,-0.027574306407399871,0.11158446067850072,0.99337231980825769,8.6942170261701719,-8.4832861398688824,-2.8461034569887285,,0.398692153837194,0.9711538461538461,True,5
0.29137362081673662,-0.88519350412245101,-0.36267598948863689,0.95652479999668838,0.26455723800380393,0.12275901111973249,-0.012716921146272445,-0.38267731586705794,0.92379453983953819,3.372018477132698,-13.051267660292964,-3.0795402541931338,,0.4975791477520233,0.5,False,5
0.87965491683122654,0.47257457625139632,-0.053670263418970368,-0.46077250931098818,0.87473336600701335,0.15010074302712859,0.11788096520602404,-0.10730707467289327,0.98721287966033067,8.6941827187622867,3.6248075200349117,-3.3811243177899732,,0.1536428794222449,0.1694915254237288,False,2
-0.77173595720170174,0.63230992939259156,-0.067880524110452284,-0.63146424770119614,-0.77456874970717127,-0.036002164549259787,-0.075342658813823488,0.015079959171213499,0.99704366935167821,15.772530811143138,3.7859652578079301,-2.792734944558954,,0.1479248238460257,0.4411764705882353,False,5
0.24296666369681472,-0.93518068667976773,-0.25769028618323481,0.96974852301345349,0.2277159770819423,0.087938819043935856,-0.023558489876575096,-0.27126097589364906,0.96221748088047165,16.414223945242178,-18.257550673000491,-1.867694696966572,,0.3983222151331334,0.6296296296296297,False,3
-0.67486710268163552,0.73279406741833752,-0.086989933179557805,-0.73528596941801927,-0.67773953393672648,-0.0048649066005377883,-0.062521491465718892,0.060679311925218207,0.99619731188614635,6.0294129778577723,-15.99091007602285,-2.714936708764192,,0.2670435147231953,0.3,False,6
0.39039583458890753,0.9141788848144663,-0.10894062095935089,-0.91547466920559428,0.39800077497639247,0.059173584994480985,0.097453693508959729,0.076631257836275724,0.99228545688420322,-4.2120611272787976,10.455842286557832,-4.90627146396226,,0.09843242463927188,0.25,False,5
0.99135026622629885,-0.02712805714057703,-0.1284084038091925,0.040024583593883403,0.99428770762236118,0.098944364059844803,0.12499072910093492,-0.1032280145447371,0.98677317284772637,8.1504151748523732,17.348274048613405,-4.0071299995375389,,0.2049425322179677,0.4,True,5
-0.14320243706129729,-0.9773283307324041,-0.15595639123651711,0.98688235118607814,-0.15288007824989797,0.051873949066400124,-0.074540505345373043,-0.14648213413968783,0.98640088069746712,-3.5773962997529312,-11.468812910070076,-3.7137004627418828,0.7852740586540412,0.4792224008062148,0.8225108225108225,True,5
0.081239878851194741,0.99641781111835825,0.023486757339916967,-0.99517645848894432,0.079793496131832453,0.057068506590436781,0.054989985939684641,-0.028009706552553387,0.99809396240293646,-13.682531797498324,-13.966526720201498,-4.6382434731523841,,0.1503263085972559,0.375,True,3
-0.72642950931678152,0.68239925180363448,-0.081433587245190217,-0.68109941295594445,-0.73067165341424023,-0.047143658830944235,-0.091672011349418075,0.021217823515635191,0.99556318046641912,-15.489396995567995,-13.366700757469205,-4.83207787055815,,0.07432967569947746,0.5454545454545454,False,2
-0.92074874502769244,0.37344813667796489,-0.11295236934958884,-0.37655282090079406,-0.92637077226154996,0.0067205186700507943,-0.1021260084483105,0.048720442437400507,0.99357767531638908,-21.721018250979817,-15.482841260380775,-5.3872091520636873,,0.1051664468599313,0.5833333333333334,False,1
0.54086547316990374,0.83930580157498258,-0.055048264053220365,-0.83321273595047718,0.54358598268037772,0.10134503482326719,0.11498294039820545,-0.0089471155119987128,0.99332717296034889,-13.01163616060601,-9.7440289893963676,-4.788495021040946,,0.06515313804043113,0.3,False,2
0.24404729203935155,-0.95727040305431665,-0.15515893362770036,0.96951022907252871,0.23718527466284775,0.06158783326958274,-0.022154795688334859,-0.16545851721605387,0.98596787174262046,-0.1794968390083197,-4.8960925125607409,-3.7803515441943736,,0.3686468320540255,0.8873949579831932,True,5
-0.73284226605504454,0.67471180679204223,-0.087784912477742463,-0.67795331718797625,-0.73503397818929594,0.01021521517328915,-0.057632567157174824,0.067000214049174778,0.99608707376425576,-10.327085902271779,2.9601992898473637,-5.115854787388038,,0.4615783794927234,0.8032786885245902,True,5
-0.77349483045842726,0.63092885077129268,0.060287084176520081,-0.63137114985592169,-0.7587099187644426,-0.16040489486940934,-0.055463667239933782,-0.1621358826197058,0.98520847397057476,-7.1986327245008823,-16.143282714347375,-3.8798192544937873,,0.3205320430471804,0.1142857142857143,False,5
-0.94372479695026468,0.30630867560303748,-0.12473372788261557,-0.31208711289396374,-0.94960198607766888,0.029286549862625862,-0.10947667142680007,0.066566232337867209,0.99175793171804216,-4.8168099420799431,9.5575891942420164,-4.9021294928403281,0.1347513358152852,0.1007815018501697,0.5,True,5
0.12939377273114466,0.99059747089391592,0.044428619570934996,-0.9892605406088778,0.12588819333067081,0.074268065641776126,0.067976719342966049,-0.053561305422083011,0.99624813785966515,15.067812429515081,8.2633348574916941,-3.0398642755111736,,0.5879065183823555,0.3282442748091603,True,4
-0.25056941457837112,0.96737800806894325,0.03734645876674017,-0.96754261828180199,-0.25154636703002886,0.024201385133681096,0.032806253767340025,-0.030070163593792942,0.99900927672129003,19.900289735708746,5.9240202746475514,-2.6082335263066456,,0.5673352767210893,0.6842105263157895,False,4
-0.9890807835023101,-0.064055052999461168,-0.13272585992071964,0.06484760976946892,-0.99789380968013663,-0.0016529093296066034,-0.13234043680464772,-0.010241815625241603,0.9911514082112054,1.919082169162714,-9.4118358313627102,-3.3826006319660737,,0.1921625924291325,0.7883211678832117,True,4
0.98414402571099346,-0.11758569423537495,-0.13279360364318654,0.12808537294219841,0.98903723926608356,0.073481130796835048,0.12269748936150557,-0.089324934123169372,0.98841609772821604,-0.44336759015956662,9.4967483820142071,-4.4838696485175014,,0.1614424771512037,0.6029411764705882,True,5
0.071004923866517425,0.99522419805312334,-0.066985792495331806,-0.99572933268833097,0.07469299483626754,0.054259124084716205,0.059003362707233692,0.062847053486276533,0.99627749701442725,-12.581900098770443,-4.7222549552873625,-5.0130276793349795,,0.07460793834530241,0.375,False,2
-0.99335755119082625,-0.034197799023797035,-0.10986940444952649,0.046701874551678527,-0.99245893228026316,-0.11333226659023307,-0.10516515775448126,-0.11771056995464919,0.98746367594733697,-2.4387328047443528,-15.143896562013007,-3.4743182713368652,,0.2476529032242594,0.2857142857142857,True,5
-0.94379602625207271,-0.29843462131788229,-0.14207687225460025,0.29909707665291613,-0.95406809118437619,0.017176033345365639,-0.14067693332056036,-0.026284105133211583,0.98970659604191258,-17.269538309179495,-9.6727101120772474,-5.2253048067044938,,0.4951219546947157,0.9185185185185185,True,2
-0.93326841721813147,0.35871582716014433,-0.018248747024877096,-0.34334454226333755,-0.90589061893400047,-0.24794497741505822,-0.10547315640078178,-0.22513360893520071,0.96860222558420184,-15.378285691408436,8.9737025811887143,-5.9733748410313616,,0.6283726170929922,0.2840909090909091,False,1
-0.88596437265324179,-0.43866367679313367,-0.15047029292015496,0.45380744027143116,-0.88689653694600246,-0.086448481232929614,-0.095529773073316879,-0.14487481290934601,0.98482757426924383,12.561965746136746,21.060191889807026,-3.7603052392294458,,0.3375786227380232,0.3055555555555556,False,5
-0.43118299402093896,0.90226153252898444,0.0023135655573033598,-0.90225833464662586,-0.43116915248264842,-0.0048020316630264445,-0.0033351503469794402,-0.0041579881966754551,0.99998579385225272,1.7486962584473882,-12.301248119834066,-3.2552002676075245,,0.09746668415399086,0.4090909090909091,False,5
-0.81136839731202759,0.58083650941441289,-0.065652670734636639,-0.57948222664417903,-0.8140012113456796,-0.040029700614280322,-0.076692065083775907,0.0055657217901554645,0.99703929205129049,17.288208237424804,-7.6260206572544842,-2.147837704077654,,0.1074468415037424,0.35,False,7
-0.69902113126543575,-0.68674074907195704,-0.19939057552572087,0.70569425916857464,-0.70754507291865243,-0.037088844212994923,-0.11560739864259298,-0.16663467031991452,0.9792179614500881,20.440981934827494,12.949105912744473,-2.7133877292152597,,0.2014386295922691,0.25,False,6
0.39806028105783864,0.91152415335339021,-0.10330406815580845,-0.9121980996796023,0.4052315121120878,0.060679885730555896,0.097173245212233833,0.070079522292437982,0.99279717010585133,16.469699329279543,-6.6424501798282209,-2.2644220216881341,,0.3583458579449398,0.9052631578947369,True,5
-0.92167239741238161,-0.35068204269533937,-0.1659581175451775,0.36438197739916095,-0.92931947288201078,-0.059925719595017413,-0.13321323656000625,-0.11570402868235591,0.9843103226888773,-6.7709047801611462,-12.255761350917648,-4.0436994373432729,,0.1244833211302065,0.5,False,5
-0.34708484664039407,0.93190083702141679,-0.10532302308325545,-0.93782337635051538,-0.34541308618332156,0.034309104678380921,-0.0044072670821059048,0.11068256345104703,0.99384603744482014,-1.3148054104900888,-15.042678710163049,-3.3943652112442031,,0.3588961973966674,0.8106508875739645,True,5
0.81616393046171232,0.57719346632030866,-0.026909869015578292,-0.56153763105946686,0.80328201565028712,0.19852831595753187,0.13620546067398026,-0.14692074656071555,0.97972565890285357,-3.8738679909950453,-13.798755498059135,-3.69571847817044,0.9533263609174318,0.746570946186161,0.3863636363636364,True,3
-0.987166979551382,-0.06546706979079453,-0.14565513123954621,0.086057438822724319,-0.98642095232485527,-0.1398850315001563,-0.13451941014840668,-0.15062459157632219,0.97939612042614899,-20.361993011420331,-20.887773962653363,-4.9448104944665818,,0.1605103250690959,0.3529411764705883,False,1
-0.9179452793552304,-0.31094130705291084,-0.24635739826048614,0.36279004215733052,-0.90922214602333995,-0.20420204331052719,-0.1604987520852755,-0.27682231259228285,0.94742258672153778,7.0794726731710433,10.21901548500551,-3.7974743815471261,0.5764895760145754,0.3956503418296256,0.1481481481481481,True,3
-0.94000033494477464,-0.29552360168404584,-0.17048510536525568,0.30974395167804081,-0.94871000309899767,-0.063308881041862566,-0.14303165629532655,-0.11231709962241108,0.98332436887825914,2.2441854975658151,7.5256961929143031,-4.1211465373707803,,0.6894551846133694,0.939873417721519,True,5
-0.91589667832428079,0.38243037880004643,-0.12198475316777334,-0.38819159600714181,-0.92119322851684105,0.026651839038749889,-0.10217905570114409,0.071763786867559576,0.99217407720140038,-2.6209766166329165,8.6870452523985886,-4.6593198152724664,,0.2356107778929188,0.8079470198675497,True,5
0.95353572361577577,0.29340266119353431,-0.068443423300498768,-0.26599857792112841,0.92653508942658425,0.26604038153109222,0.14147218925455485,-0.23547315444828051,0.96152899758754007,12.274542409772812,2.3772073907322544,-3.0204555474377117,,0.4582571561069901,0.75,False,5
0.081597773748670194,0.99410358794398068,-0.071413302375443494,-0.99478752663432068,0.085631043555344968,0.055363356404712571,0.061152106848688693,0.066523535808977491,0.99590915198698726,5.7103962798684575,10.867809379659761,-3.9338424184330525,,0.08842961174043586,0.4166666666666667,True,5
-0.90099624554651148,-0.40399391242800037,-0.15809707218101277,0.41060027507683855,-0.91175898711677617,-0.010147094097115863,-0.1400470621538191,-0.074057195011075161,0.98737143580781017,-0.80061486882075505,-12.811843558300032,-3.46532098577309,,0.06769298381081827,0.2380952380952381,False,5
-0.83661024140842111,-0.50257377519167035,-0.21795161036371297,0.53587033581210353,-0.83340498033293819,-0.13520030307983058,-0.1136938308228139,-0.22990376083450043,0.96654951946963708,2.5584987699913957,11.12126637135858,-4.2564600428734316,,0.4314394606388409,0.12,False,2
-0.054786303823532528,-0.93294432322909837,-0.3558276980055875,0.99667077237885482,-0.07264559003663007,0.037013372366849394,-0.060380728706208649,-0.35261524074099504,0.93381832258639985,0.089545591498954302,-16.97989419670122,-3.1729823099405894,,0.2156206568794687,0.2857142857142857,False,3
-0.034860768409739035,0.99761299244466883,-0.059607416748886602,-0.99831367444933061,-0.031990991890005829,0.048439486427597565,0.046416960621720696,0.061195536957252744,0.9970459227253049,-17.991096053366739,-13.196625540238138,-5.1029511709428395,,0.132377598461586,0.2272727272727273,False,1
-0.61397809160950001,0.78798930599095762,-0.045866727237149379,-0.78864714899701549,-0.61482002043163209,-0.0056583438680007404,-0.032658496634680345,0.032698564499656191,0.99893154243783178,0.56783543371627887,-12.685676844192759,-3.3294501808987782,,0.1130178915405493,0.2142857142857143,False,5
-0.65928771991181279,0.7512338719709174,0.031422475667358549,-0.75016414018609323,-0.65436855087826218,-0.095160718788490889,-0.050926075367556847,-0.086310307756755883,0.99496586153625988,-8.8304847443610459,-9.3672328640272209,-4.4176834974653572,,0.5318842599032144,0.2815533980582524,False,6
0.29068803615197053,-0.92643980036722573,-0.2391856223388969,0.95681720273666793,0.28175735095662235,0.071509689756593914,0.0011428846346975899,-0.2496439293823135,0.9683370293122483,7.1141564008387155,-7.784395214676989,-2.9846882054418216,,0.2456680627841168,0.3809523809523809,False,5
0.18842897916846865,0.98203939636227089,-0.009651103665154509,-0.98017979544136713,0.18866612200476315,0.06043726512842576,0.061172611666076418,-0.0019283153555887528,0.99812533941476556,-4.1930744896821635,-8.100176705493789,-4.0243954621926283,0.2577515604870401,0.1530273711239883,0.32,True,5
0.57087614738281089,0.82037667021533378,-0.032902026013043803,-0.8099416678329967,0.56927525012990376,0.14113888301046473,0.13451735597039255,-0.053924099954837948,0.98944291012003216,17.037848827792814,14.170661067110675,-3.0611044041575197,,0.5108553452955363,0.1666666666666667,False,4
0.98166455471079361,0.1673449415653977,-0.091270874636616275,-0.13334689743814959,0.94504224312880436,0.29851928521570792,0.13621052443948273,-0.28087511323460324,0.95002940154364146,-14.074445664173684,-27.190714793578625,-3.971494606168291,,0.1771907068372459,0.2608695652173913,False,1
-0.077987231972270088,-0.92155979304666302,-0.38032294105022763,0.99170136801833308,-0.11081936522866942,0.065172578289349942,-0.10220757466973766,-0.37208415194698413,0.92255460301817549,-13.904078654761104,-15.371667286424293,-4.5655289920380602,,0.4284288744530732,0.3571428571428572,False,2
-0.5541510833304526,0.83237838118051499,-0.0079251111658334983,-0.831463241725099,-0.55394706904819924,-0.042561982483187613,-0.039817766181383787,-0.016996330080774419,0.99906239557902976,-16.866152730365783,6.3283238370393766,-5.995594328241058,,0.09837312955796595,0.3235294117647059,False,4
-0.97499388743184257,-0.16089336827131093,-0.15329789142991046,0.17463365295095298,-0.98131638615265382,-0.080754179615066563,-0.13744092086256712,-0.10550580227934681,0.9848748747723447,-6.0237979422573202,-10.535175874966987,-4.0704128721916559,,0.4541174446747033,0.5042016806722689,False,1
-0.13061411160527006,0.99143095157588623,0.0021499085795065459,-0.99025789851758383,-0.13056451695231122,0.048396294657230929,0.048262286239940305,0.0041922750796940661,0.99882589902172203,6.5872247838153166,-12.74265269525649,-2.7914468588165375,,0.3181069211194289,0.3333333333333333,False,5
0.17720237719594778,-0.9146981364694251,-0.36321706547939714,0.98375350483394652,0.15382987247898433,0.092549511398084927,-0.028781230742097569,-0.37371605460892249,0.92709651670390281,18.692909908735189,8.3002340668929975,-2.7355372500104278,,0.2399813870112135,0.1935483870967742,False,4
-0.87629210273890212,-0.40879743065978902,-0.25494472217206138,0.44974824003867669,-0.88384138360625508,-0.12865041471792704,-0.17273873699766212,-0.227396282535438,0.95835914949955825,20.207874994591084,-8.9037109623054764,-1.8766022394730122,,0.5272691513837416,0.2307692307692308,False,2
0.74199391221878763,-0.64391592618006666,-0.18659398233042043,0.66794832712726915,0.73387471975677143,0.12358368820278473,0.057359101441192537,-0.21633348264563057,0.97463314009337476,4.9529934744557957,20.120880270693867,-4.464317999715262,,0.3425471238973862,0.2,False,3
-0.46903342945506188,0.88212963268043665,-0.043069167634171596,-0.88283805241561852,-0.46965149640961468,-0.0049442013719492549,-0.024588925568640972,0.035704104347912088,0.99905985890340554,8.4758008675716123,25.24336496983663,-4.3481809233843647,,0.2218665953745004,0.5,True,4
-0.80280571817973667,0.59495400770444784,-0.039149809377991354,-0.59142848904786949,-0.80293327525569957,-0.074232727483967559,-0.075599743388925555,-0.036440145493269738,0.99647217452167625,8.7781610670025394,2.0656144425621177,-3.3062484742307423,,0.06918952685365022,0.2093023255813954,False,1
-0.65004850735869224,0.75524002814969671,-0.083960931159569374,-0.75876376019288883,-0.65112914143320988,0.017561246948877743,-0.041406452379849065,0.075122174202406522,0.99631429009345174,1.8973494093980023,-6.7514080449405869,-3.5276209012220652,,0.1740317182985293,0.2289156626506024,True,3
0.9763131789251781,-0.14179170129916419,-0.1634248760125051,0.15781015445165822,0.98340097490891532,0.089545953008158596,0.14801530937358426,-0.11321499896605637,0.98248350225342662,-14.359526411342113,-21.480410100815163,-4.2769991255581488,,0.2344193635881481,0.3095238095238095,False,3
0.98952357651616152,-0.030265834255695637,-0.14116327707824947,0.061596725647411026,0.97282382731666373,0.22320314602279887,0.13057157006094952,-0.22955997099181744,0.96449638921566416,13.15219105881047,25.089328967499071,-3.9098302340174698,,0.4155354702326437,0.4736842105263158,False,4
0.90487822432405751,0.42502268991154468,-0.023475779103071498,-0.40354323522266233,0.87408480945111466,0.27042300788364243,0.13545573612870124,-0.23522639934149492,0.96245534161469948,8.3341113418131165,0.97917754921558997,-3.2790587066374308,,0.5921079384110469,0.2419354838709677,False,3
-0.35237282132348641,0.93465446652332496,-0.047480764531804602,-0.93585772007788837,-0.35202286832617097,0.015818594944908268,-0.001929394501423605,0.050009282972400551,0.99874688938361322,4.36554254345792,-14.903540495804428,-2.9100558063543724,,0.2837756541576183,0.3529411764705883,False,3
-0.95912795129756423,0.28257858434854805,0.014930395417054376,-0.28248599822947457,-0.95305107729302807,-0.10906559895263775,-0.016590173116528356,-0.1088254921338325,0.99392242072396897,2.5348658944470648,-17.18454098030929,-2.9697893866248157,,0.7196381578235302,0.2,False,2
0.093488430720430393,0.9831652959739543,0.15699017202958154,-0.99361909372532264,0.082140665549293501,0.077291704908009282,0.063095244717006616,-0.16321431265537181,0.98457101228836452,-8.6445610905848032,11.954682820013451,-5.4159743934135767,,0.3445396565659978,0.2941176470588235,False,1
0.57595837130001348,0.81192098692170434,-0.095164413125514311,-0.80902552335305966,0.58282508483239215,0.076109283621810811,0.11725893182502717,0.033154660097827027,0.99254778797851995,-11.08160218352111,-5.1178408086014553,-4.8541047464649081,,0.06794572473564625,0.2,False,1
0.53753509179741277,0.83627188154996779,-0.10819133613753845,-0.83522791680374087,0.54567260463250677,0.068086236092629607,0.11597565295368026,0.053765683130177544,0.99179579513099081,0.43277569443752306,17.668760337203139,-4.7793205472886866,,0.0823835934262214,0.5,False,4
