axis_00,axis_01,axis_02,axis_10,axis_11,axis_12,axis_20,axis_21,axis_22,location_x,location_y,location_z,dbh,dbh_approximation,score,reconstructed,number_clusters
0.88442139850562762,-0.42927455994794572,-0.18309052964816902,0.45580079272733459,0.87878738307234905,0.14134487150931827,0.10022188989678324,-0.20846123748637246,0.97288205104789927,-1.9950729063664907,-3.0831884307216533,-5.5194929639946713,,0.1074750513824447,0.2079207920792079,False,5
-0.13336528909618375,-0.89657277641363542,-0.42233985871361296,0.98572235115515294,-0.16419592637271149,0.037298045468390509,-0.10278689652599877,-0.41133557390110365,0.90566986233726543,3.6344912868434607,2.4928200834803009,-5.1484263646618738,,0.1122222356825694,0.4,False,5
0.98714473682238624,-0.0099321161182411924,-0.15951997252154776,0.037936594033010335,0.98410519297159516,0.17348712920419695,0.15526133902886491,-0.17730855093805525,0.9718310523785556,9.9123796445644388,-5.2909275221582099,-3.2342099458335363,,0.2901726646113988,0.4285714285714285,True,5
-0.56588128401435212,-0.79932748170936818,-0.20212359928129925,0.80982267587967816,-0.58488623711551524,0.045774701134259972,-0.15480828799953034,-0.13778122737518528,0.97828969500329577,18.626878479246628,-1.397318463645693,-2.2588601621673146,,0.1091518219074198,0.2941176470588235,False,5
0.92591513459215047,0.3655840698534733,-0.095023425546392939,-0.34139319875589791,0.91758716812914976,0.20367737411883421,0.16165347932047766,-0.15614761206659014,0.97441576129980867,-12.252671342715855,-0.64175211573468882,-7.4388034835058807,,0.7494015681887226,0.7331288343558282,True,1
0.82182783319256303,-0.54351422551057649,-0.17085461438795033,0.56571346904540787,0.81404059282195573,0.13155297099909755,0.067581680436543889,-0.20476864971405523,0.97647453451877375,-14.721160705942571,6.8905981602068493,-8.783898807437847,,0.1696310549830871,0.3908045977011494,True,5
0.96436500074712594,-0.20714073376859399,-0.16459909400662856,0.23192753799584329,0.96122703992542435,0.14917169582528642,0.12731756537564298,-0.1820310251853062,0.97501535547744278,-17.792472961651878,7.8624441847524311,-9.3778215119576469,0.7474194035962618,0.3643982796709362,0.5769230769230769,True,4
-0.15511702315348638,-0.96224301627471109,-0.22366735738266708,0.98225004612148248,-0.17439693392805372,0.069069214059798226,-0.10546827021595133,-0.20898346122848815,0.97221518035392507,-10.112698562177709,-3.6012567207322266,-6.7776536020364926,,0.083594588713459,0.2207792207792208,False,2
0.56262705960349424,-0.80807170634408909,-0.17455918540162488,0.82658023655082125,0.55360802445032653,0.10140644855134111,0.014693683864675497,-0.20134118473466775,0.97941095714930926,-6.5172568633727188,-5.0297772259443621,-6.0256788422012404,,0.09550873461746234,0.1884057971014493,False,5
0.50024504181105933,-0.83804961199692329,-0.21777912199119892,0.8658809957605883,0.48351334022698145,0.1283158252251029,-0.0022359168372986515,-0.25276015836035814,0.96752638363072196,-0.31635577126307446,-4.6757881249054885,-5.0275605163537378,,0.0740693291878283,0.3448275862068966,False,5
0.46854102240285495,-0.8633785305624726,-0.18720796801812006,0.8830506010546918,0.45139250962105237,0.1283216202943071,-0.026285857464337495,-0.22543805184971394,0.97390283831374636,-6.0322534337846188,19.916008641686513,-9.0839154298938052,,0.1789302892580687,0.375,False,5
-0.45016064001437195,-0.84149573203674355,-0.29873120216307381,0.88202820504451618,-0.47119304666035056,-0.0018325623822618431,-0.13921797185636342,-0.26431429348955177,0.9543355335359357,8.8158884890218623,-3.6476828056277117,-3.601528341266127,,0.1820395775039329,0.7906976744186046,False,5
-0.59728549006955889,-0.76370738454607801,-0.24495116685200014,0.78854541031974601,-0.61495208169805382,-0.0054838926770886948,-0.14644514063645395,-0.19643056789873475,0.9695199083974243,7.9965687249653588,11.815750757270646,-5.4263749042328948,,0.4049011951193722,0.25,False,5
-0.48020825064866091,-0.83226946076382224,-0.27699743805466781,0.8656089473310149,-0.50070628273204165,0.0037906111846118667,-0.14184916746123394,-0.23795117800203724,0.96086317994707104,-1.9515692638879862,-7.3206262705957919,-4.9802322677795958,,0.1410755547287176,0.203125,False,1
-0.068829867775118125,-0.9789711799947387,-0.19203613733297351,0.99379285694422737,-0.084146201853980557,0.07276794761555222,-0.087396835118271607,-0.18583553334402453,0.97868633778042069,4.7250486743979359,-8.2113872027806369,-3.8282285531031581,,0.1079723210230955,0.15,False,5
0.96005623019257558,0.242208115822487,-0.14009733579958661,-0.21115537411331015,0.95566820250950246,0.20521134153678128,0.18359042145898966,-0.16743212159552345,0.96863875712596448,-6.9591277464152617,16.580255282507004,-8.7919558717234203,,0.1860385585273536,0.36,True,5
0.4213373006817358,-0.88431584495073678,-0.20114762097348593,0.90676606541064197,0.40691230794744571,0.11044309059686327,-0.015817132291676722,-0.22892763050786963,0.97331493275101888,7.4472719555204137,-4.2721524129228241,-3.75601058967613,,0.06966908125783222,0.2553191489361702,False,5
-0.95606438716263342,-0.22202267486840857,-0.19143359016539938,0.23528307076427912,-0.97067684611055904,-0.04927815983362914,-0.17487928468251593,-0.092154176623386666,0.98026774073198819,-21.728622681786153,5.7829559976444447,-9.8100948163546402,,0.1849812273469502,0.3235294117647059,True,5
0.31103049378111636,-0.89621187400483304,-0.31632943086443854,0.94965999269979873,0.27993708360870184,0.1406453962491197,-0.037495735806784447,-0.34415041204885882,0.93816553106736333,8.8580464172268023,6.6482791971860813,-4.7218217639487703,,0.3140885082940094,0.3666666666666666,False,5
-0.27795549131366221,-0.91023320931816121,-0.30694665579370928,0.95307606413452983,-0.30122114434997094,0.030196658264255258,-0.11994482407513454,-0.28415018361925276,0.95124755575335418,1.0321792691535465,3.2945441205453836,-5.7279940526821802,,0.1329022383714275,0.2987012987012987,False,5
0.97073658625374182,-0.18541380560285251,-0.15261782595849976,0.20697805997697513,0.96825065966275836,0.14018110696809666,0.12178079814403811,-0.16766747077027472,0.97829292977558602,-5.5144038115175515,-1.2249372527044964,-6.3031664219014418,,0.2338087221039882,0.8167420814479638,True,5
0.62149220148546647,-0.76666171429184538,-0.16117462372171332,0.78306536852729758,0.61411448146538883,0.098346490876404943,0.023581181182347186,-0.18733184324503926,0.98201359888774453,8.5856503804909696,-5.1313336003331278,-3.4917533557286644,,0.3550309506200283,0.947565543071161,True,5
0.81193504051931187,-0.55026317757435184,-0.19486386371690456,0.57834212496391046,0.80359752113338856,0.14053971154268549,0.079258289592518058,-0.22680709740669522,0.97070936129040097,-0.0031592084344743698,12.150610068240516,-6.8863205820239326,,0.08942727626750226,0.3125,True,6
0.96080566587839877,-0.21937366914248652,-0.16949237653336369,0.2510781118376732,0.94780021440204065,0.19655669750856153,0.11752554689085068,-0.2314086145034496,0.96573174275344098,-8.7414582148333242,12.550155435487529,-8.5241271406837562,,0.07184095192366349,0.2692307692307692,False,5
-0.74309146055565078,0.65986563875100979,-0.1113212470510081,-0.66700462566958629,-0.74377748008271471,0.043587721403873375,-0.05403619698539619,0.10664145027862626,0.99282812737040582,-7.1765966345862822,13.211143168941859,-8.3239423719408627,,0.1752703742342077,0.5421686746987951,True,5
-0.29095278795304708,-0.92929758485678005,-0.22749170086336004,0.94738401856732779,-0.31301264730763145,0.066982116931975963,-0.13345409902123581,-0.19603336809029109,0.9714735827852482,3.5239631201931099,-4.5090798340621374,-4.3859260369781987,,0.1066282744481069,0.2307692307692308,False,4
0.98791796712297808,-0.061880518567138561,-0.14208761964880987,0.076490642926789226,0.99206547314464211,0.099776142132998888,0.13478602219907396,-0.1094390168822801,0.98481258613179368,-13.031488767833508,-10.835652549022129,-6.4372259579018829,,0.6042036221268425,0.9732620320855615,True,5
0.8684167076973166,-0.4704931447590891,-0.15648841019978696,0.48945760941310262,0.86388970118018438,0.11885214673039349,0.079269605649104513,-0.17980763312361131,0.98050269999155093,-10.113822326446842,-8.3250290154534312,-6.2341198670488795,,0.08646272608599281,0.32,False,4
0.9862338136431158,0.093839964036620913,-0.13615038000887036,-0.075471694949842169,0.98806067336007519,0.13431354742032187,0.14712881460934868,-0.12218906214894507,0.98154110713856879,5.7030524751693772,2.6267202335641069,-4.8062238670109716,,0.4481416902450635,0.9702048417132216,True,4
-0.79459641161490191,-0.56156788469982966,-0.23077706455035413,0.5819802072443333,-0.81278660364239974,-0.026018749303021699,-0.17296121248581225,-0.15498208868514279,0.9726587125822842,-4.6487339984644684,11.231313949652034,-7.6396609825259416,,0.1220750363551764,0.2957746478873239,True,5
0.81256191994417215,-0.54177473675382237,-0.21499595547815878,0.57995539121075101,0.78835447611453791,0.20530212905802217,0.058265516922319141,-0.29150875562407752,0.95479200611037607,-9.2410755260619748,17.832971387445081,-9.317760804484676,,0.3287067374878108,0.3611111111111111,True,5
0.25269055371294957,0.96619870695776244,-0.051064104196510446,-0.96160772844764697,0.25662821873738062,0.097224142770387392,0.10704233113119557,0.024536014770704218,0.99395167051782374,-11.630461810778808,-3.3806157620094792,-7.0347913869595979,,0.1385406993057058,0.1449275362318841,False,3
-0.17946516438493951,-0.96291403042738244,-0.20146668404076026,0.97772416320701994,-0.19724185001278577,0.071771256674697914,-0.10884721150961255,-0.18409840469060712,0.97686235567604596,10.929522239629552,1.0605092623272501,-3.7531314613262343,,0.1214387690696901,0.3684210526315789,True,5
-0.025133868620634221,-0.93584348470048939,-0.3515185070402484,0.99531678938934331,-0.05625828237498668,0.078609760360311809,-0.093342259496168645,-0.34789650444903975,0.93287472084106193,12.947118924555634,-2.8638745504085898,-3.0367803639649167,,0.3235605262325626,0.2352941176470588,False,5
0.23772148649105637,0.97111417473040107,0.020633819282292437,-0.96076993870014105,0.23195880869181912,0.15204024454202653,0.14286224046475557,-0.055967586225992183,0.98815889893347941,5.7382809342755658,-7.113745709259744,-3.7017346134058706,,0.4396444827208967,0.3076923076923077,False,5
0.61299212656711899,-0.7053614600108381,-0.3559576709358856,0.78979512999219337,0.55933959014391965,0.2517198354088257,0.021547747152205338,-0.43543591219490752,0.89996181083624494,-6.8968790919046521,15.619141253390662,-8.6472672653520029,,0.1139217130007069,0.1304347826086956,False,4
0.9422229211415829,0.32518710949037388,-0.080432025317754521,-0.30250007966384129,0.92910576100328379,0.212735015157065,0.14390854275820464,-0.17611311334424404,0.97379387070848111,-5.0753886658731533,14.870877497363745,-8.1969509879016176,,0.4901444179357125,0.5571428571428572,False,5
0.98929777675789532,-0.029415613504747584,-0.1429147668508278,0.053449159627285213,0.98444491155384051,0.1673660761650636,0.13576853920192308,-0.173213561241296,0.97548140216258639,-10.596735750277119,-14.794607095198293,-5.5926977819010553,,0.3981655171013356,0.944,True,5
0.69624701627512109,-0.6837384942132444,-0.21849888754635491,0.71670178157847875,0.67903869991571808,0.1588867530633179,0.039732211242563029,-0.26722296972336557,0.96281526568807552,5.9201654163433899,12.047943462515873,-5.8158693992533417,,0.1179649436077752,0.2222222222222222,True,5
0.94111482786715039,-0.28957738697044522,-0.17449303058847832,0.31913345000995136,0.93127257812865205,0.17574193099644192,0.11160968530252405,-0.22107989999315023,0.96884826261168944,13.222936200099804,2.3583880721762522,-3.5158161047614369,,0.614648738941596,0.4035087719298245,True,5
0.050859829666654893,-0.96109465227334745,-0.271496495553539,0.99647569443043049,0.030678201485501273,0.078070726671438939,-0.066704333709815156,-0.27451032280260229,0.95926774913948887,-9.1502667658834014,8.6789663737619094,-8.1035125170408868,,0.1868885669398392,0.7071428571428572,True,5
0.98127369230068717,0.13304675036718816,-0.13928568847985554,-0.11425399121249692,0.98420887888333608,0.13519951264417102,0.15507406711178673,-0.11675377914199517,0.98097940282427498,10.879586881724377,11.195274470497187,-4.8710814943919694,,0.2613265231052567,0.375,False,4
0.88350869482131322,-0.43127936919769772,-0.1827853710765053,0.45754854180626753,0.87815793598681635,0.13959932433336839,0.1003081156542083,-0.20697039683928398,0.97319141835822398,-11.545023956297012,15.288024267004932,-9.3729498188125984,,0.2005793003758193,0.4318181818181818,True,5
0.85226922319075504,0.51775334830598241,-0.074623330934575488,-0.50871553722884444,0.85357848818695281,0.11230434847522321,0.12184282245497827,-0.057751491949733946,0.99086784779494419,-2.38564531457004,3.4483779047539871,-6.3360412980215095,,0.2846133169996071,0.8803329864724245,True,5
0.97380411988162052,0.18240641523168977,-0.13576978965847319,-0.16350892586459645,0.97664871085347971,0.13936329054252894,0.15802014828555114,-0.11351297401865483,0.98088961533153785,-3.9136488951647959,17.528238831108521,-8.2667732634193865,,0.2093137373929501,0.8734177215189873,True,5
-0.14626594100967058,-0.91112087852216961,-0.3853115871882708,0.98377641484027534,-0.17486967236404044,0.040057000528079173,-0.10387608052178784,-0.37320147696422906,0.9219167085410418,11.807080363126554,-3.0235466792805323,-3.1731645555032397,,0.7016025384975568,0.6086956521739131,False,1
0.98341419252533824,0.11929138795847317,-0.13662390236952854,-0.10204415812720191,0.98664422161471599,0.12696523046252511,0.14994504237169043,-0.11091773849674602,0.98245291976507454,-13.843542785790047,-10.523156215452419,-6.6351384126192201,,0.07419064179633028,0.1724137931034483,False,2
-0.19581802391230235,-0.94315166894733249,-0.26855210085371062,0.97495117935993603,-0.2166952404218862,0.050133528134073728,-0.10547748279016714,-0.2520081390359476,0.96195966572610925,8.0950222052327305,-0.2964427401042713,-4.090681228269526,,0.1615845829696216,0.186046511627907,True,5
0.27771586582062341,-0.90688292491833133,-0.31691837807718404,0.95980337968335694,0.24797905402193438,0.13146809922864178,-0.040637054764178289,-0.34069010736732297,0.93929701400682342,6.3789075255953982,-5.4422986150978243,-3.7953154267431866,,0.07805453507666354,0.1944444444444444,False,2
-0.052589123421644846,-0.98588534396233651,-0.15894801872942099,0.99502913295064643,-0.065211069479179443,0.075263145010467519,-0.084566001899274171,-0.15419988643850221,0.98441403197289135,-9.015075378624676,10.345672652058612,-8.3025872198478385,,0.2109570662376428,0.7714285714285715,True,5
0.55247031886414111,-0.81436489255042732,-0.17772554277729188,0.83349842291391063,0.54167376351377339,0.10894912996828685,0.0075449171086173494,-0.20832512018994193,0.97803053046603206,-7.9526606546501171,6.7013093359502447,-7.6249736540021189,,0.0724685729121968,0.2755905511811024,False,5
-0.95592140529785541,0.28867131188341261,-0.053694884196557921,-0.28323229846312237,-0.95476242179990345,-0.090599023317467567,-0.077419196590180234,-0.071397420221544494,0.99443887513765183,-5.4898671693987051,-12.373235382925239,-5.0806436142724101,,0.7852791801805635,0.8333333333333334,False,3
0.1092655033950324,-0.97550150499722266,-0.19093942368192166,0.99176215939412937,0.094069469288181148,0.086941095816269645,-0.066849599562929185,-0.19886615774433358,0.97774402700414509,5.5537714188724507,7.7137828478346009,-5.4072393129400238,,0.2730996301168893,0.8432835820895522,True,6
0.28122510849222154,0.9470631558611966,0.15486709516152503,-0.95207254187124191,0.25512053113388566,0.16873467221883118,0.12029261560200055,-0.194897135443789,0.97341912516008988,-3.8043767813470284,0.03691562666517445,-6.1593160277847208,,0.1240530142705819,0.2109375,True,4
0.25073094392360334,-0.94326746496167757,-0.21767058437912265,0.96692842467080653,0.2331722102849442,0.10334477207128395,-0.046727029895026896,-0.23638360750188164,0.97053561232011754,-13.205201272144555,4.137819474695041,-8.1684472901518852,,0.082640979588176,0.3846153846153846,False,5
0.98743065339753311,0.080121629119513538,-0.13623960245888689,-0.058870491645388094,0.98640584405195075,0.15342025952783631,0.14667982119006936,-0.14347137473166366,0.97872416680505825,-30.28989290699257,9.9809187873119178,-11.774240782078158,,0.09544747304610149,0.2,False,1
0.29414239078804449,-0.90100592633358823,-0.31885509977612925,0.95481407211126501,0.26216439539722125,0.1399997053008068,-0.042548109708853227,-0.34562718425749073,0.93740679956059703,-6.2828792793834882,11.205395699329999,-7.8937058350963847,,0.1728813469823999,0.2413793103448276,True,5
0.12027977717174741,-0.93801220913483319,-0.32506287194557049,0.99088135975466241,0.093408678655261465,0.097102778758524855,-0.060719898668094727,-0.33377824115101584,0.94069398830856177,15.47008049136568,-7.0467252729473726,-2.1990904170358685,,0.2446409862973432,0.1764705882352941,False,5
-0.17161859598693308,-0.96124013147807119,-0.21578801437404976,0.97932028173686447,-0.1902788807921334,0.068743969214196496,-0.10713936386922966,-0.19952783555312351,0.97401735074339579,-16.699085293801321,-5.4076575027940885,-7.6103456548506356,,0.1240622287329709,0.1,False,1
0.97986082745863601,0.14729470595656596,-0.13482221037072131,-0.12991802654312543,0.9830022575907823,0.12972227237666706,0.15163794113353704,-0.10959393764526926,0.9823416430347377,-5.8713809275866531,6.8210349715484133,-7.3209142334713508,,0.070050623548664,0.2596153846153846,False,5
-0.82623358941644409,-0.54372019816375516,-0.14733092624695182,0.53893001428950371,-0.83907225662048424,0.074244109986738652,-0.16398931495049721,-0.018058080700183221,0.98629681653318324,-17.967796076817777,6.4246159734254791,-9.2755812443913435,,0.08399070763919125,0.3695652173913043,False,1
-0.98886394524836796,-0.040729574760801704,-0.14314048877811972,0.033480830414791211,-0.99804947012365619,0.052690503704434871,-0.14500735078805746,0.047311276940020609,0.9882987965649539,8.7997610098193118,-10.711678962018164,-2.8999757787612843,,0.07032064771827348,0.5,False,4
0.83161891832411616,-0.52780888132632997,-0.17270714947122179,0.55053123945727012,0.82439349459693423,0.13149418408392122,0.072974852292202644,-0.20443373219530653,0.97615650388328035,-13.778698793751936,-3.4845037379371195,-7.3721909796086047,,0.07329904888120968,0.2181818181818182,False,1
0.93224558252087808,-0.32228391355528729,-0.164472651020757,0.34698308098558467,0.92516182263946645,0.15387768987143924,0.10257151349209423,-0.20052102382021605,0.97430508755011258,1.1781943583775145,7.1306992416951385,-6.0992254185098593,,0.07184601918497212,0.3125,False,5
0.89215530150345812,-0.42830760620127983,-0.1435671009298545,0.44251655105337223,0.89250552412231954,0.087252458160056307,0.090763539172410673,-0.14137356146491353,0.98578673965296615,-13.639955745849807,-2.082159417282373,-7.5022793626303992,,0.06445470214531637,0.25,False,1
-0.3006465804246094,-0.91882655270140889,-0.2556744017883546,0.94579259084910572,-0.32175601437907281,0.04415248923706435,-0.12283325597705261,-0.22854065997484543,0.9657541912745381,-21.718140458625335,7.2533391440219166,-9.9724031593049052,,0.1233222973261581,0.2857142857142857,False,1
0.96038414120964699,-0.2155727152033759,-0.17660890626707906,0.25296733801746812,0.94024069943820665,0.22793629157356426,0.11691803628767339,-0.26358268452194866,0.95752511257451522,-6.4034815408129981,-15.510466491204443,-4.8737190404998048,,0.2134300995100377,0.3333333333333333,False,5
0.35552612154238789,-0.89232201430146718,-0.27814133043112904,0.93421273732065158,0.32998448752369736,0.13548726663999683,-0.029115946298926478,-0.3080124360909704,0.95093669657050417,-8.1790663813656082,7.9755566721360101,-7.8174652253846997,,0.09103545583948439,0.3421052631578947,False,5
0.73187751126393441,-0.60149771295244236,-0.32024336030445616,0.67972974778030393,0.67764192908358101,0.28065795183890041,0.04819521229990463,-0.42308618183635277,0.9048067773013766,-6.7891243058881372,9.7772315092815152,-7.8117357392289604,,0.1875491536417334,0.4418604651162791,False,5
0.15644465208594457,-0.92597622515097777,-0.34364676819206746,0.98582574852311711,0.12504530707713196,0.11185376492018723,-0.06060251135507877,-0.35627475581793699,0.9324138748347357,1.3780749255405038,-5.5773056264296947,-4.6663382954437411,,0.1657170178339044,0.2567567567567567,False,1
-0.86443564011850471,-0.47674038529689189,-0.15959207098061787,0.47449943016517682,-0.87857476930628853,0.054375228839291412,-0.16613643449235951,-0.028722460990900582,0.98568438425735094,-2.2135174781073998,15.506384968470977,-7.6797484254561574,0.388267990317151,0.2811777059959625,0.78125,True,5
0.25055176022887737,-0.94169802068616937,-0.22456325006991359,0.96708790969759528,0.23284161047070914,0.10259512342281556,-0.044325955860503384,-0.24287779286949643,0.96904364574971291,1.5426670138072276,6.1130103841473602,-5.9210536127652702,,0.09661241062159792,0.2872340425531915,False,4
0.66476676252603439,-0.71770537826189773,-0.207326171658576,0.7467718823454057,0.64600017066013371,0.15816300213822965,0.02041830499709682,-0.25996686235177063,0.96540163833506165,-2.8939026368524692,11.502503999874005,-7.3197373549665503,,0.1235996400770119,0.5223880597014925,True,5
0.36149948436136053,-0.89476908928699828,-0.26211905627593268,0.93196927746564051,0.33850482152169087,0.12979888931242742,-0.027411469618425971,-0.29120913904457635,0.95626662007531882,10.234703536204869,4.3890033905492745,-4.2100494609144219,,0.1077534667457216,0.3529411764705883,True,5
0.44830279026110542,-0.85619460501983713,-0.25681784708044053,0.89381390325012922,0.4258290427112279,0.14059279049940096,-0.011014290756848857,-0.29257550259473974,0.95617898987614203,-1.6520512923231423,7.844925058088819,-6.6408162335877901,,0.07177998541903749,0.25,False,5
0.1585259112508827,-0.96811444923146073,-0.19396893733622217,0.9855505987313079,0.14328182435240661,0.090334578930811912,-0.059661987918927302,-0.205486573769461,0.97683965685165031,8.701244627400671,-6.6151976345938177,-3.3198298614548238,,0.1181377991102568,0.4347826086956522,False,9
-0.90720564587724872,0.41889135068697159,-0.038832362896021627,-0.40847169440701558,-0.89918462038072178,-0.15690090292614267,-0.10064189463988292,-0.12647946390786866,0.986850624082932,-6.4635769111321029,8.1991202807691366,-7.5761977087872996,,0.1717044139031079,0.1428571428571428,False,3
-0.55722630929297767,-0.79563040475377445,-0.23763648554687428,0.8110832145389435,-0.58283271282460192,0.049497959096176804,-0.17788439876756612,-0.16516139952439887,0.97009218777508011,-29.402799043789663,10.585132087615541,-11.735746428663088,,0.3140123774129849,0.7804878048780488,True,3
-0.66423735724500366,-0.70730699033410771,-0.24187921503237564,0.72975249974471124,-0.68369497321398787,-0.0047405398709625679,-0.16201858645389117,-0.1796608054819675,0.97029478645257716,9.6165815224160553,-0.2196185038613836,-3.8379791655707134,,0.1062554118472987,0.3636363636363636,False,5
0.76964403434462425,-0.57744890638491575,-0.27239827626583069,0.6359341040635903,0.73132586711674796,0.24647574196008751,0.056884757945952852,-0.36292593817582375,0.9300800437127057,-17.105808290054849,-4.1972855056975948,-7.7857902606949061,,0.381336796564438,0.3170731707317073,False,1
-0.94516188029207959,0.30359551003699853,-0.12041090618426586,-0.30790308645471126,-0.95123799536861553,0.018492309719480529,-0.10892524681819156,0.054553115882351767,0.99255188688205309,1.1511611140984019,2.0634575852902404,-5.5534228842334725,,0.09918790049112283,0.253968253968254,False,5
0.73214794071843214,-0.63947490328417778,-0.23458738451044114,0.67934194560258387,0.71058377794775096,0.18320812062350408,0.049536994727719705,-0.29350049844453729,0.95467457469346761,-13.106428142637622,5.2363749122571157,-8.2967573760299924,,0.1600235759584053,0.4589371980676328,False,5
-0.35358134834246868,-0.90296870974131838,-0.24418791807216816,0.92607387645099448,-0.37469498220673736,0.044618893577955544,-0.13178545238132297,-0.21035964331874796,0.96870089036991136,2.820859151859858,1.0792006447324485,-5.1518889308594407,,0.2167106263562618,0.2329317269076305,False,5
-0.99030871139705212,0.032500264840795406,-0.1350273635837832,-0.024147534050425232,-0.99771860080299057,-0.063043558045255091,-0.13676824459790574,-0.059172006869803458,0.98883422314997105,-2.7225294223541261,-4.9344747177988015,-5.4406851933718068,,0.4304826105271021,0.601593625498008,True,5
-0.70197145080212053,-0.6697013838968614,-0.24235539743400636,0.68252262195517133,-0.72978437849222233,0.039719408708587201,-0.2034673260703177,-0.13753115034547622,0.96937414340720163,9.4193252395055875,-9.6771870487506977,-2.8881621279747143,,0.3128290548881,0.3333333333333333,True,5
0.97463934265991381,0.20078583338395761,-0.098808910791284704,-0.16192818545035836,0.93753877964415522,0.30789657260207093,0.15445845556720025,-0.28408816549736382,0.94627506557455976,-21.842189899259694,8.3800134100955415,-10.214106554551519,,0.3019646492455249,0.7068965517241379,True,2
-0.4158107810058751,-0.89326407249822826,-0.17082356741141888,0.89930160343851251,-0.43183548501235497,0.069099493030439663,-0.1354917726365843,-0.12488959391407875,0.98287566298071083,-2.455641990859792,-6.3112338811249273,-5.2097808544142392,,0.07426011038459825,0.3037974683544304,False,4
-0.77321375205932064,-0.58534587346699352,-0.24394815441300174,0.60980087552317186,-0.79187870924394477,-0.032726167776215842,-0.17402122237681389,-0.1740641211200811,0.96923593407445097,7.2852641878793589,3.8165380015795307,-4.6949681252855253,,0.1813126772481058,0.3888888888888889,False,2
0.5905398336599208,0.80358906209744962,-0.074211347772789885,-0.79520893966915263,0.59510750033511928,0.11614562116217678,0.13749708044600456,-0.0095750886276210756,0.99045589025791458,1.7394645330549747,12.635329076962567,-6.655134120142046,,0.755378313270153,0.6721311475409836,True,5
0.93240066138735689,-0.28988857694842962,-0.21585555262544032,0.34613780218014728,0.8880803231412755,0.3024929115718008,0.10400782925490307,-0.35676035738868522,0.92838807556408254,-0.96982620700074329,-5.8811380455836977,-4.9815515802063874,,0.5194429357041145,0.4551282051282051,False,3
0.071902875635506888,-0.98301617316954226,-0.16884661608232884,0.99444832213891732,0.057615044520891223,0.088051355696253344,-0.076827801416135946,-0.17424037974007131,0.98170147142479036,-3.762220699808509,-8.0301780282042969,-5.2317717935288872,,0.1282279298061895,0.4142857142857143,True,5
0.20896625733817473,0.96422621364222627,0.16309786086657607,-0.97122104976822954,0.18513548050478745,0.14984834448655343,0.11429250098398876,-0.18971732336146516,0.97516386388923759,-1.4513292148993056,4.7431060628701101,-6.2945560018503945,0.110003922997542,0.2813397191045152,0.1739130434782609,True,3
0.8064692618689242,0.5809508438677905,-0.11001566556583758,-0.56546616155017349,0.81217095019829266,0.14361882813793983,0.1727870070413432,-0.053614034200982444,0.98349895044905389,-11.455414298086088,6.1207662256702777,-8.1638050350308742,,0.0884394991654758,0.3219178082191781,False,7
0.30889357839029358,-0.93442295075453363,-0.17730907007942398,0.94989556324322555,0.29372919785494273,0.10687177952260117,-0.047782592647061875,-0.20143710539690171,0.97833527811749821,-10.467887160025173,-11.607501525588425,-5.9470046114322077,,0.1047342027775598,0.1153846153846154,False,2
0.62667178765365705,0.77876721878907307,-0.028356471898009966,-0.76397319829477262,0.62113052224530385,0.17476220021083758,0.1537121428066982,-0.087854955892133407,0.9842022576071271,-15.605888865056533,9.0092074881351696,-9.2234885232480046,,0.09964558434087442,0.2307692307692308,False,2
0.13787615283871058,-0.97373955843756321,-0.18116688111301368,0.98824269871688331,0.12304457478683636,0.090754619983221776,-0.066079761736623083,-0.19154974536487107,0.97925592167700748,2.3051628869386613,-6.6814798283293646,-4.3834286587155358,,0.08263213989978539,0.1648351648351648,False,3
0.26216060377993317,0.96495091152671286,-0.011897737999510799,-0.95774371733203711,0.26167456834362635,0.11938757135140046,0.11831648125578198,-0.019903733969808879,0.99277643587935116,-17.063583387622518,10.147087894875938,-9.6478100531765332,,0.395283050008446,0.46875,False,1
-0.42449623377089224,-0.88059051966084068,-0.21062593429532483,0.89571669387842057,-0.44240429659042441,0.044385162676775898,-0.13226697177239713,-0.16981983112046198,0.97655858663798467,2.6947290352654978,-3.1367869806122899,-4.7077036499088427,,0.806188831121157,0.9507575757575758,True,5
0.92118036474527909,0.37137182825927623,-0.11623123841341351,-0.35285786726232271,0.92310363096461223,0.15287580583935503,0.16406724572210707,-0.099813083688009979,0.98138641075055177,11.642902393093031,6.9646282168632254,-4.2502730115448282,,0.1002822009054309,0.3333333333333333,False,5
0.98711082025188202,0.085265889194080013,-0.13543248015745296,-0.064996044784205426,0.9869076212849901,0.14761050508690593,0.14624548780754085,-0.13690535120858047,0.9797291371120842,-8.2094772894406596,-0.69957611513743012,-6.8137795733902706,,0.2109178995374306,0.731638418079096,True,3
-0.62955912800566716,0.77693293833946986,-0.005523917807239459,-0.77652565157035125,-0.62943295176432956,-0.02867179252304411,-0.025752995903102552,-0.013761124824679394,0.99957361642130904,-7.7118421272769613,-4.0393618648352696,-6.3640253350243459,,0.1497120938809472,0.2413793103448276,False,5
0.57615860607026625,-0.7454973599684338,-0.33507453936588971,0.81722014738913495,0.53239993076582592,0.22068426410105527,0.013874125285877392,-0.4009788024330454,0.91598226437355912,-3.0692722846047977,5.9396940020640407,-6.7332724258901298,,0.09262091507303025,0.2386363636363636,False,5
0.65507137546295868,-0.74020213422703518,-0.15159912115447924,0.75502708638607252,0.64887536393682033,0.094312570207889052,0.028558569159298233,-0.17624290783348429,0.9839323379003112,-0.065307384879564667,-2.5985861696630654,-5.2184418271878394,,0.7373556005504053,0.8710644677661169,True,5
-0.13787195109168743,0.98576323925861287,-0.096240122758328162,-0.98848495935091218,-0.13082943099365607,0.076033841958050255,0.062360325842613362,0.10561484797244619,0.99244984439948425,2.2415544030947534,-9.9170606555234038,-4.0369104326509726,,0.1197522532990013,0.3409090909090909,True,5
0.84696646662610731,-0.45879177190761267,-0.26862225231867815,0.52612510553210123,0.79594018284908774,0.2994521642182526,0.076421055604600968,-0.39495485230090976,0.91551651372558251,-2.0234397329906533,10.415730185144861,-7.0514264990791311,,0.09474634545509744,0.4193548387096774,False,4
0.21003430429763598,0.97714707034507919,-0.032698531071568282,-0.97082879018497314,0.21239922137543218,0.11125659938670129,0.11565920268699267,0.0083769729103297941,0.99325363083085194,17.615233419232151,3.0091338427080432,-2.8564738761934936,,0.620715937705592,0.7738095238095238,True,5
0.86426346517643737,0.4831016919608575,-0.14021917838075251,-0.46038437223717221,0.87195887859504362,0.16653511293135304,0.20271875236642845,-0.079375495361165657,0.97601467108602824,-7.8496386796539301,11.835355679808426,-8.2639741649295697,,0.1233476004360427,0.2142857142857143,False,5
0.94798457981493955,-0.26424109693446191,-0.17748768724608321,0.30506505701396086,0.91338692631635432,0.26955450992968033,0.090887553725248371,-0.30967881026191257,0.94648744685421227,14.034860230026615,15.098365923392482,-4.7617927962654711,,0.2843310106859732,0.2352941176470588,False,4
-0.025834676541306997,-0.91938289146395724,-0.39251454542650954,0.99582014400295615,-0.058078070062046461,0.070492400837250058,-0.087605994577640373,-0.38905274277563107,0.91704043152568859,19.39018397114031,-0.216602838158303,-2.2465865553770215,,0.491768359328969,0.1578947368421053,False,1
0.4740944465713483,-0.84828619439155106,-0.23589189925663967,0.88038633386915266,0.45293686205548828,0.14059908295489978,-0.012424124381142251,-0.27433324879792703,0.96155442370015365,-10.64504203026242,-5.2140320935230715,-6.6981719670606656,,0.08824209222226627,0.45,False,3
0.36095654726697846,-0.91217801988025848,-0.19401451242737461,0.93207721801249155,0.34601926619111739,0.10725076730100452,-0.030699033326721067,-0.2195493736540621,0.9751182707143341,-8.4137177788713622,15.284903606915359,-8.8474661949933449,,0.07566874344985544,0.375,False,4
0.98826042646266699,-0.033506617640982214,-0.14905916966791277,0.069667920844083395,0.96714439481254777,0.24449560402578316,0.13596951972074151,-0.25200997233627692,0.95812486845399181,-11.336806207049129,-6.4984726783186817,-6.6461617861764388,,0.07926334152407957,0.6923076923076923,False,1
0.94776830363539855,-0.27926699056145238,-0.15409474555229924,0.30083041710813035,0.94321472409379981,0.1408795385966497,0.10600142813484388,-0.1798775478913538,0.97796102427344556,4.4844817622573707,12.396388978561898,-6.1166150010696443,,0.1594470424841613,0.4833333333333333,True,5
0.72527637911423337,-0.66611835381714102,-0.17395549030395063,0.68684721879593114,0.71737390068013129,0.11668583742368442,0.047064550685630646,-0.20411032637011298,0.97781588386456741,-4.4788904306980237,5.9984724510983023,-7.0252384189637436,,0.07653896806654237,0.2971014492753623,False,5
0.17280086115964308,-0.96190053310434864,-0.21186605862208208,0.98324034094370649,0.15576845228468486,0.09473447742895838,-0.058123096299058929,-0.22468545499520803,0.97269633081975115,-8.1238419536777275,9.9218764336873431,-8.0465495491809751,,0.07622698150398427,0.2391304347826087,False,3
-0.021794519396016145,-0.96262570682372917,-0.26995693635543727,0.9959063208299862,-0.04459711750001661,0.078623770207054189,-0.087724563579299905,-0.2671382519835126,0.95965699876154487,9.1929289572848703,1.4216366967877141,-4.0711946698607822,,0.08689934432418175,0.4102564102564102,False,5
-0.87774282373407075,-0.4453413231038863,-0.17674456517647302,0.4492390399630925,-0.89319695222814421,0.019582888024855263,-0.16658877620169851,-0.062211819346768352,0.98406192344648002,-14.689963535868921,4.7233870916157681,-8.5238513028017913,,0.1362164671432977,0.4727272727272727,False,5
-0.53544272805478232,-0.78370654254239724,-0.3148096887795796,0.83169453063583576,-0.55412166121708173,-0.035119685084870775,-0.14691934074073112,-0.28063007633941384,0.94850485901235404,-24.171870778319857,8.3096087948715827,-10.560104448679249,,0.2454159312999697,0.1785714285714286,False,1
0.13536090179852256,-0.96404500436964435,-0.22868024797568787,0.98895038231211374,0.11737835436277319,0.090550887636791394,-0.060453019684828621,-0.23841046847195824,0.96928111553561525,0.54659925055665592,-12.698190521496544,-3.9746738801151005,,0.1121666772860512,0.1,False,4
0.92226644011879155,0.36658484555071924,-0.12263834817530858,-0.34831130277117966,0.92568100863210778,0.14762759437072998,0.16764202871731335,-0.093435653100946772,0.98141017364664851,8.4031888463128954,18.264411360824752,-5.9468283346319053,,0.1638624221942608,0.5882352941176471,False,5
0.58954017115490898,-0.78751303638275105,-0.17962629017452092,0.8075791410992863,0.57908902929721362,0.11167733435639619,0.016072257339285648,-0.2109007199485845,0.97737534697228223,-1.2585731561793414,9.8808646539687484,-6.842621713409768,,0.1226132018014798,0.4473684210526316,True,5
0.0057763605524646534,-0.96560275785561034,-0.2599575882339431,0.99594762096829192,-0.017776585795965069,0.088160814906847157,-0.089749484379402431,-0.25941339020775134,0.96158708551776695,2.4377816362404934,3.2976167976738773,-5.5003713352994792,,0.1772114680643011,0.1864406779661017,False,5
-0.78792648680016397,-0.58932753434546203,-0.17850744707447988,0.59376086509759496,-0.80395078203748904,0.033334293750795378,-0.16315601882034741,-0.079725763236277503,0.98337374186983795,-16.9656883481595,-11.556089900980401,-6.9412547963288569,,0.1270366677518831,0.375,False,2
0.14891706336654492,-0.96218172715492822,-0.22810092539804239,0.98289315518669562,0.1187474660588526,0.1407838229049907,-0.10837321498150063,-0.24516395174201389,0.96340535759399459,-15.527085141140297,-11.455020539203192,-6.7580275176771574,,0.2040257711546366,0.28,False,3
-0.96393141327416887,-0.21740674097759546,-0.15352699919155829,0.22334339785049281,-0.97448400610116404,-0.022330438634820399,-0.14475481732868331,-0.055814252933527,0.98789210545970685,-8.5818344908506017,-15.324394482017873,-5.2188060668127516,,0.3229642433059055,0.1538461538461539,False,3
-0.84272250713084129,-0.50889998922331636,-0.17561200683215927,0.51277246152010325,-0.85812886685118372,0.026062436250638907,-0.16396090595542656,-0.068085599396735308,0.98411441025577095,15.872535713974568,-4.8089024519147996,-2.3459357949831636,,0.1006450415385502,0.2222222222222222,False,5
0.81833151042352326,-0.53982657054142114,-0.19728358468317195,0.57061285498436631,0.8041778609929835,0.16642997811494067,0.068807766818469146,-0.24876744486816815,0.96611606424860641,-0.32366637178427571,10.122089813237361,-6.7445527188488432,,0.0838272865820865,0.3061224489795918,False,5
-0.67813713109404195,-0.70176787366994164,-0.21829311238862209,0.71645276398507096,-0.69744183702895723,0.016441439712706202,-0.16378482350234747,-0.14524715297190172,0.97574473923453098,-3.0355262536777952,10.023391740682477,-7.222006984492066,,0.09407474800455252,0.25,True,5
0.58810240947936709,-0.77495305943166548,-0.23148069388626313,0.80878163593270092,0.56448701821817771,0.16500506550156541,0.0027966663347710197,-0.28425721088593991,0.95874397871212702,19.371171311768428,-2.8732361064590251,-2.0086934332553992,,0.09324513652169565,0.375,False,6
0.92580983158850239,-0.33600966578186209,-0.17312902770833166,0.35993164054550153,0.92354920963365028,0.13231051174901376,0.11543556587245868,-0.1848089875688502,0.97597144847863437,-11.26679366497325,-10.793528296439149,-6.1499664334201567,,0.1406469014341188,0.2777777777777778,True,5
0.22186588703397014,0.9750527778797573,0.0068998927236502139,-0.96556204618354147,0.21870918803331696,0.14091212169170952,0.13588768575732524,-0.037925867409664582,0.98999806335201612,12.48320719178685,10.703612883379996,-4.5386666381712191,,0.2519353619507788,0.125,False,3
-0.66393129308634113,-0.70068826828113595,-0.26121100427409771,0.73155479219736108,-0.68099944884497132,-0.032670119159902075,-0.15499298072421175,-0.21278087641052001,0.96472870516026232,2.8623949895111753,7.6717070016246396,-5.9130473460250306,,0.2853709818441764,0.2380952380952381,True,5
0.13809718867918699,0.99000212043753555,-0.028722256319577977,-0.98296010996303207,0.14055190696496001,0.11846764819973604,0.12132019081903977,0.011872783064460185,0.99254241638427487,-4.9130479023887688,-5.3893932942916694,-5.7180607735394329,,0.5474717954076889,0.5895765472312704,True,5
0.98737326787432855,0.045255048143540831,-0.15180912523526671,-0.01251221518894158,0.97761047118060052,0.21005049656954336,0.15791603578559302,-0.20549877677390666,0.96583268653850873,-9.6786656314030886,-5.5503051320079972,-6.4858709368525593,,0.3505638736085392,0.5279187817258884,True,5
0.97129639976484994,-0.1894989989573449,-0.14378259003789751,0.20967996965864066,0.96750208203743682,0.14132951417583567,0.11232815376295219,-0.16742117741609155,0.97946543339967718,-14.267381882103814,-5.8078033619426046,-7.1561508749280041,,0.1040379403320102,0.3389830508474576,False,2
-0.63144416772749723,-0.73752000513898153,-0.23946295133637124,0.7595574889611173,-0.65044005529791149,0.00039424247946545643,-0.15604705702451172,-0.18163693590194341,0.97090542253617218,-6.4925300193799522,2.4204750181367429,-6.9027338629810995,,0.07715763989936791,0.2727272727272727,False,2
-0.8530576436442141,0.50219278323533645,-0.14175706362127649,-0.49065945140864575,-0.86442265506859506,-0.10966665923391207,-0.17761182213903115,-0.023997538842698021,0.98380798876912257,-14.428314399083485,5.7257574065541501,-8.6128053368808342,,0.2879595114884858,0.2608695652173913,False,2
-0.03226436558175648,0.99667813882268941,-0.074777659140584152,-0.99607724337460379,-0.025896605162254518,0.084613775901560204,0.082396213170605803,0.077214334381699543,0.9936039505865174,-15.134255141370261,10.652680477889598,-9.376133574209419,,0.08693854216184645,0.3636363636363636,False,3
