axis_00,axis_01,axis_02,axis_10,axis_11,axis_12,axis_20,axis_21,axis_22,location_x,location_y,location_z,dbh,dbh_approximation,score,reconstructed,number_clusters
0.59472140682184094,0.77859336469088603,-0.20024689941963203,-0.77486898775999291,0.62152299192861804,0.11527021433095438,0.21420667607629587,0.08661144822380698,0.97294088050658079,-5.618001437442544,-11.143386636944182,-4.9690397002885041,,0.1493326573238642,0.3859649122807017,False,4
0.52640853195497461,0.83020878921984043,-0.1834323411700782,-0.80740894793821771,0.55572868282599963,0.19813233424603258,0.26642981866583615,0.043806362398710663,0.96285832516475856,-9.8066546133995924,-12.708202182204035,-6.3155979738798642,,0.1722404718416351,0.36,True,3
0.5551826372268136,0.82742862082105462,-0.084463700890081289,-0.80730614281201796,0.56052310622806067,0.18458233708139371,0.20007256458561068,-0.034288844113137318,0.97918090466957264,12.933521321767051,-11.213939406585236,1.0849281254937126,,0.4869661957798001,0.2105263157894737,False,2
0.18441160096965306,-0.82812529811148317,-0.52934001554348598,0.98236741913998582,0.17216430176404476,0.072895178237958491,0.030767112962613769,-0.53344910143880409,0.84527240634843848,-2.5338038458423675,18.168546317393638,-5.6115144382274922,,0.3572235745262759,0.2068965517241379,False,3
0.95826353352997895,0.010133960988518879,-0.28570667325304511,0.008666178476765771,0.99788258583192391,0.064461168497028737,0.28575496086200836,-0.064246772121847998,0.9561466700327288,10.138516528635879,-10.800506236611367,0.10893044026271138,,0.09746857305418948,0.4888888888888889,False,2
-0.15202400639682961,0.9857576213123237,-0.071906978129561011,-0.98829905145130026,-0.15069669583246034,0.02356885159777853,0.012397031076667495,0.074648629524241172,0.99713283755507498,-9.364239172053864,15.657233729820689,-7.7344243135278017,,0.1007530850482503,0.2631578947368421,True,5
0.75115257778462718,-0.55159404936338108,-0.36264832771490363,0.63101495398823171,0.76131926216554713,0.14904062834990833,0.19388123357029138,-0.34078877000660351,0.91993101997195792,-8.6776022387499019,-14.043040426511327,-5.8468878829463033,,0.2009521292619326,0.2222222222222222,False,5
-0.1354512009373546,-0.93667397259348406,-0.32294711831903777,0.98652316517282057,-0.15769971535246732,0.043621604224879658,-0.091787889953030527,-0.31268621466846436,0.94541118800989365,-6.8526314027680062,17.977947740104625,-7.0314733598766992,0.3774760810596272,0.3148340768257747,0.8205128205128205,True,6
0.82133799177334377,0.54613648912139001,-0.16473869770000205,-0.51277227444639628,0.83337900983873803,0.20626201909046255,0.24993698771650516,-0.084937395829908224,0.96452949201195137,-9.128003790929565,24.795784619385103,-8.198008684252363,0.4269762899254082,0.2907857404825422,0.75,True,5
-0.73879711391800318,0.66595816739503466,-0.10333703956605453,-0.64888670988566788,-0.74434342155363642,-0.1577938798673103,-0.18200236866640673,-0.049523631426550641,0.98205017577013065,-3.9885590921823435,-0.98724318990018911,-4.9914493043474337,,0.1074981667236872,0.3720930232558139,False,1
0.95463590083424366,0.12924955231500712,-0.26826265126692922,-0.086505558830321641,0.98241023362662916,0.165489942767305,0.28493347491975313,-0.13477643003152429,0.94902488311851552,1.6308947222677239,6.8773898248495433,-3.672852636981017,,0.1112162045004208,0.3783783783783784,False,3
0.79497794045867409,0.55758099427792496,-0.23898432794667684,-0.54449907499055095,0.82952650808132866,0.12412304268278032,0.26745248459963589,0.031451664668783186,0.96305761056701245,-9.7393551979689121,-7.706392687351614,-6.5844397272950266,,0.07241615340978114,0.2222222222222222,False,2
-0.89570309143786409,0.34707518542214399,-0.2779474548414454,-0.37117044394992366,-0.92780468020735196,0.037562972770401201,-0.2448437737143207,0.13681115104229535,0.95986157096938329,-3.9697237822803011,14.797409283593307,-5.8587697048328993,,0.06823314822204896,0.1785714285714286,False,1
0.31948646266927505,-0.89140467918385669,-0.32144377128853946,0.94688807034784273,0.31338218749482816,0.072073481904893988,0.036488113187894147,-0.32739777410679094,0.94418182311772236,-1.2966870861333826,-16.097154847965115,-3.3038070447893544,,0.1018671559681378,0.375,True,5
-0.51989190267360375,-0.75569189779394674,-0.39829909006047604,0.83046349730836544,-0.55634703247817152,-0.028431656495729755,-0.20010694433921813,-0.3455542432980897,0.91681485359144677,-2.9274863218209894,-15.170601645214342,-3.9112731675233703,,0.07239066694605067,0.1904761904761905,False,2
0.19628742470339872,0.9638923635241573,-0.17995210041319859,-0.97411007317194687,0.21268006142873547,0.076660007928611315,0.11216422000019878,0.16024575816689701,0.98068368230600422,-20.706721673648818,-0.87141977640879809,-10.682044179506144,,0.3547121473467563,0.1282051282051282,False,3
0.82370289653273909,0.52469846138268095,-0.21495362957210712,-0.49599063798569037,0.85044952815901986,0.17529656894716547,0.27478505285790794,-0.037777303725222006,0.96076326431079184,-8.6208172676184365,10.841490032701824,-7.2081565650084594,,0.1026322509259143,0.3,False,5
-0.66284980846002395,-0.68323195869661002,-0.30630739795196504,0.70868399162777684,-0.7045101859538131,0.037847032880339866,-0.24165498429585699,-0.19198825095020294,0.95117999351439864,9.4826083757015436,6.4069032173995808,-1.0835071263148197,,0.06908280602598996,0.2424242424242424,False,5
0.92280005261346398,-0.21441013765584352,-0.32010678806765619,0.28050145143599192,0.94344978446159644,0.17669589678787118,0.26411928865361389,-0.25284540151992163,0.93075786555437712,15.373334446735667,4.4134524341122221,0.97095809648029463,,0.291700947821621,0.5633802816901409,True,3
-0.94037320086771825,-0.13806616180660167,-0.31086327871557223,0.17763223247584922,-0.97872823538943043,-0.10265393921880306,-0.29007763284239635,-0.15175235159787528,0.94489480404385051,-39.201989687336265,-5.4153504275984865,-17.288162014684485,,0.1846133672405449,0.2105263157894737,False,1
-0.82315354118534445,-0.44335226861682775,-0.35476332046357567,0.50257210683001718,-0.85964761971621551,-0.091800040047295264,-0.26427168798504941,-0.253859677437279,0.93043846604758096,-12.873650667504593,23.13088829133229,-9.4363247940000985,,0.1644370186360178,0.25,False,5
-0.88775524893426638,-0.34407750378912305,-0.30577980537619481,0.36184835372387125,-0.93223569542825768,-0.0015417771292575363,-0.28452835868676024,-0.11201463991656709,0.95210101015983561,-16.146206489317592,5.8951222663132627,-9.3963239570397317,,0.1179821288914795,0.4166666666666667,False,3
0.49967484895981507,-0.77121110721088149,-0.39440901793893146,0.85806181162846173,0.5030044928827665,0.10352008290487999,0.11855367030112735,-0.39015369824508522,0.91308549380866555,12.94118561878593,-9.8425840820499797,0.95134866327167966,,0.1428842294581774,0.1818181818181818,True,5
-0.92941463804164492,-0.16053524577327732,-0.33229033308002254,0.22850910899624058,-0.95738877586090421,-0.17660781115597396,-0.28977925684848999,-0.24007325282103659,0.92649490855603955,14.070512233393424,-18.79568366789896,1.845226752466792,,0.6262844785856836,0.3846153846153846,False,1
-0.92308864427450121,-0.24613084632934884,-0.29551135561372749,0.25190326200149216,-0.96756562229448306,0.019013499070359693,-0.29060643730735225,-0.05688912935780803,0.95515000159997876,-24.000960280716299,-0.56750567320949741,-11.72745151248048,0.5866585990787031,0.4335213902655877,0.8736263736263736,True,3
-0.82873328489677045,-0.4244867219580995,-0.36470832919673501,0.49053441723490199,-0.86467187576067583,-0.10825217215616714,-0.26940142540866779,-0.26861416595142651,0.92480771073666779,-13.698321670572188,15.790944665529926,-9.2949948699767688,,0.4591770819693872,0.1304347826086956,False,5
-0.73805161290638877,-0.5813200029242227,-0.3425592954314054,0.63116720037437024,-0.77428719158720061,-0.045905447558940542,-0.23855351990247184,-0.2500927810717225,0.93837402937099312,-8.0180444732741893,-19.226474468483715,-5.3557272819840493,0.6023963482968235,0.2675866725636913,0.7169811320754716,True,3
0.80033911625012166,0.53410972745249796,-0.272367578908709,-0.52660008891233601,0.84341173663280888,0.10653163317789176,0.28661759429158118,0.058167358119887824,0.95627763389711185,-10.956669340626183,-17.076045377981675,-6.4083010231654383,,0.3174805306763046,0.1666666666666667,False,4
0.59751485608554711,-0.70817193155030733,-0.37612300131921661,0.79096781061984622,0.59757994210680987,0.13140827734533941,0.13170390776402954,-0.37601958480367625,0.9172040953483338,-24.669820437475202,-2.7150913302513349,-11.974676355608917,,0.3878494107369254,0.15625,False,1
0.17245140247521307,0.97261479403539597,-0.15582354189215819,-0.98153114676755404,0.18297603552123459,0.055824531794754599,0.082807739429981778,0.14331864096626434,0.98620618809764127,-17.213416134542424,21.394820929867592,-10.904769783940395,0.2752604300735376,0.2651133280640416,0.3548387096774194,True,4
-0.2283558477815098,-0.91364593828807394,-0.33631043134832139,0.96285385124357326,-0.26306821390752883,0.060889867604745504,-0.14410436471324772,-0.30991323669893273,0.93978067536494048,17.601255529783099,9.8261196529460602,1.3905753873284989,,0.528903380186898,0.851063829787234,True,5
0.92647352190484866,-0.20167640101366158,-0.31776318616762722,0.2723548187062475,0.94197428881679635,0.19623274939616481,0.25974923664317556,-0.26834878140634011,0.92764177653931668,-35.032205156136101,13.233302181614219,-16.402549398406514,,0.1614027022857549,0.1428571428571428,False,1
0.5876647902340002,-0.74589112516519807,-0.31352276427561526,0.80166312980501386,0.58920221320068678,0.10088101045608935,0.10948205620309517,-0.3106238583225811,0.94420680891970632,-6.427299976654437,-6.1626567460972721,-5.5491193000561774,,0.1458294216405051,0.6573426573426573,True,5
-0.69148099952476749,-0.65422449636664126,-0.3063402285858709,0.67940846642827846,-0.7330639493515726,0.031959066110423623,-0.24547538174286204,-0.18603105793090091,0.95138545418947129,-1.0941777459719173,5.2475395821527977,-4.4733074313514027,,0.1868032880921643,0.8407407407407408,True,5
0.95109360586199565,-0.16231744063079212,-0.26281933215708519,0.20674344951479498,0.96664717270261313,0.15116345321792637,0.22951709951798899,-0.19810676912491906,0.95293001267445443,3.0950923094034701,-22.376298058252633,-1.4633988054478928,,0.1884046251013984,0.4,False,2
0.21500153159834867,0.96303585663820901,-0.16228456562308857,-0.9691292011802799,0.23092072973977376,0.086395648016105969,0.12067697721618964,0.1386995147992979,0.98295448102361382,-6.3147273738096699,-13.47320256656179,-5.1518601484944382,,0.186989399376751,0.5897435897435898,True,7
0.10318524900997372,-0.94752317532412034,-0.30257666236913749,0.99412790722046218,0.088273329399852773,0.062590122240896981,-0.032596141983600627,-0.30725828148377449,0.95106773680291745,-14.897182612455049,11.575169083690637,-9.3672459617595667,,0.09281427833432354,0.3529411764705883,True,5
-0.86457463487356256,-0.38200647582178399,-0.32646860976741238,0.41273071932666311,-0.91043156012285165,-0.02770789880821254,-0.28664272894553178,-0.1586991706421037,0.94480184122395039,3.5715393345859745,-10.258326864571632,-2.0712134035143852,,0.09786195494800494,0.2705882352941176,False,6
0.87554649058875844,-0.37723793301784492,-0.30184413976443775,0.42616962234745948,0.897343292845873,0.11469292817236115,0.22759129114694465,-0.22905579380786345,0.94643311835391553,-2.1402701562486799,-21.104817895658886,-3.3004491052795131,,0.15140932564022,0.2592592592592592,True,5
0.29353382310893883,0.92981498240073757,-0.22199548012103182,-0.94662199547998294,0.31508368865493275,0.068037245807703733,0.13320920525454211,0.19017457150396991,0.97267103379751974,-10.834773630142511,9.7715953984013808,-7.859377702084716,0.1774335446859236,0.1892729443127653,0.2,True,5
0.96450775510898756,-0.032675705407227376,-0.2620249770742481,0.090144046305477052,0.97344508651715755,0.21042508037607804,0.2481911385410368,-0.22657661355873199,0.94184085541983142,2.3901345619334871,8.2186821552682296,-3.4443037483164289,,0.2039047316410703,0.2394366197183098,False,5
0.19014378132551948,0.96681908102090675,-0.17060541315304933,-0.97527588094019768,0.20594832775580427,0.080138894120830598,0.11261571151289174,0.1511494322466263,0.98207512474961323,-1.7209915601922139,-14.690162174646423,-3.5714491848342824,,0.07513726713319668,0.1282051282051282,False,5
0.95135419459351944,-0.039013935647157078,-0.30561922265236641,0.13910951710861896,0.93947654646956213,0.31310119910890305,0.27490678179907463,-0.34038468158679763,0.89920216295443367,-30.381946307460751,-3.7845583000329301,-13.950682562808923,,0.4682802624123151,0.2608695652173913,False,1
-0.95818804372220889,0.024917326417848742,-0.2850522754022366,-0.033629113662133912,-0.99910369826731404,0.025707641332400562,-0.28415621686337506,0.034218809926156793,0.95816716572064409,2.8189796355286427,3.9631744708657348,-2.99595255031406,,0.1689150666347532,0.7670157068062827,True,5
0.76885220511703434,-0.53176852502001226,-0.35508945701712313,0.60698140056952388,0.78160638559243978,0.14375339079055827,0.20109665847381486,-0.32605780745009638,0.92371339719173873,2.8371788335978407,-18.36974735190153,-1.8251062978133561,,0.1038860099037224,0.32,False,5
-0.80166542092941495,0.57968333203505318,-0.1459444669961909,-0.55166840733951372,-0.81146868609498735,-0.19282256048180477,-0.23020538922785544,-0.074066227445530791,0.97031936635441751,-27.587258217382345,-0.21932361167493433,-13.052016888191028,,0.3495985736113536,0.3076923076923077,False,2
-0.95706915843904106,0.056982051551701204,-0.28420357451260936,-0.066848365837050172,-0.99744663698662916,0.025129710483394307,-0.28204595715893704,0.043049415385375198,0.95843457047691871,-8.7063817860248403,-9.3670131744173961,-6.1885874574913347,,0.0975024902178595,0.3333333333333333,False,3
-0.12863961855444039,-0.92718078490809985,-0.35183467798864143,0.98858190841348403,-0.14796764449894725,0.028484847533217852,-0.078470751848861195,-0.34415311749079958,0.93562865113550342,7.9146667073331471,2.203088082417576,-1.3078746404801034,0.4682892461940942,0.2989795329168306,0.972972972972973,True,7
0.83900477647457627,0.50377734988712874,-0.20561947085221982,-0.4627417254858428,0.85941243142909352,0.21744049346779359,0.28625352495162459,-0.087284903882825587,0.95416993507809411,-2.5540104652491218,-14.193044282952728,-3.8575942548407083,,0.2091874468398929,0.1836734693877551,False,5
-0.96479807053576339,-0.016256390076924039,-0.26248888142574051,0.012451182598164821,-0.99979199353146386,0.016153566859686767,-0.26269688072448955,0.012316633145876305,0.96479979757749468,-8.7411397641128321,5.0414829984485978,-6.9099116139192001,,0.1272062223443184,0.4104477611940299,True,5
0.61871699372120836,-0.72061720242459881,-0.31288996348610359,0.77397153292662113,0.62743014030866384,0.085437025062130439,0.1347492037075059,-0.29502926397561891,0.94593889099571216,-10.701439525535159,-8.885572422250565,-6.812649617519603,,0.1101769472851431,0.4705882352941176,False,2
0.66697699341812822,0.71183450336611365,-0.22007573711891154,-0.70646566510414399,0.69804797894206183,0.11677021505444854,0.2367444915512783,0.07759290503919225,0.96846857812099685,-4.7523689424337734,16.012754831609726,-6.2130950613646627,,0.1361763856646323,0.2777777777777778,False,2
0.92896723728306896,0.24942944779139248,-0.27350470312070235,-0.22499658936895081,0.96720514649467404,0.11785898084811425,0.29393265695904253,-0.04794950644894537,0.95462266786636729,6.3454530955271693,-16.109284326395869,-0.78473720641592126,,0.1008425476638352,0.3846153846153846,False,3
0.22203954268467482,-0.87737489165647276,-0.42533720854773044,0.97484581216659882,0.20841323504850087,0.078990923262520774,0.019341250880632432,-0.43217730498883605,0.90158121823103743,-1.1230503781161159,-5.8922036159832762,-3.8283389321057459,,0.2749092904271853,0.2828947368421053,True,5
0.9505707289442723,-0.08357724925723721,-0.2990487128896403,0.14494796787403988,0.97115762081175727,0.18932237624865123,0.27460039308701506,-0.22331081242484235,0.93526835997515478,-8.9385284160940941,-7.1069362390076085,-6.3116606958057728,,0.0734699761734584,0.2549019607843137,False,2
-0.88345182610192829,-0.36287576909268554,-0.29636809403605002,0.37268480871247511,-0.92762529706858066,0.024846359761022622,-0.28393468317927451,-0.088501324531445144,0.95475054922428071,-0.093922154684100922,-6.3553047876958439,-3.4668208060367012,,0.09318117487248763,0.453125,False,5
-0.93845127069485668,0.25464025176263522,-0.23338285008430157,-0.25585376304060276,-0.96637675552967028,-0.025589417928362272,-0.23205185728447206,0.035697458651996014,0.97204816083186796,-5.5042051052665828,17.222348751893115,-6.5382657004915368,,0.1751162745505941,0.2058823529411765,False,4
-0.87638138104781704,-0.30016309627404136,-0.3766401340642041,0.389431489191924,-0.90177351758819424,-0.18747703379981098,-0.28337041161434207,-0.31097691009429551,0.9071904823187481,-22.322515585295076,-3.8904035088823155,-11.016551537964755,,0.08370483975112773,0.3478260869565217,False,1
-0.22396508098176673,0.95396113056644338,-0.19949386925222579,-0.97452328096224972,-0.22172674283696991,0.033787961961046831,-0.01200072345334418,0.20197874363234769,0.97931637878537259,12.813590643601236,-7.9381399618498873,0.8350652595903677,,0.2138901697277876,0.2857142857142857,True,5
-0.80654236108852395,-0.49633109846779361,-0.32116173567768352,0.52564826315935809,-0.85068482807937995,-0.0054061736104457081,-0.2705241638140653,-0.17317841658044253,0.94700892964290018,-23.003996033473616,9.4239828622291011,-12.0244870436615,,0.08103181974216642,0.3846153846153846,False,1
0.5635480293857128,-0.73725462787382301,-0.37265162317385686,0.81823509171728004,0.56020601535557923,0.12907577248205343,0.11359997032523253,-0.3776570322899539,0.91895060406098583,14.669290022507781,10.285398381025594,0.48047285965122233,,0.319981056258878,0.3571428571428572,True,5
-0.22998141980700554,0.95478414771789721,-0.18840323195253941,-0.97319237438376904,-0.22517863801588567,0.046810078216054513,0.0022691374652599183,0.19411803689487295,0.98097555462266472,11.221410983996515,16.858638022690165,-1.0671095416391401,,0.1519851615774063,0.2352941176470588,False,5
0.41278803781361734,-0.78458247205962484,-0.46264066009678606,0.90818302472745915,0.39321635180626063,0.14347297400227332,0.069351491944048563,-0.47938632146629034,0.87485948892159349,5.8691894733937584,22.532020666908888,-3.1100068113807811,,0.3509984751462284,0.4705882352941176,False,2
0.5747009544767907,-0.71995957287441925,-0.38907200663880914,0.80878221124261385,0.572214228422668,0.135802104431997,0.12486051297737744,-0.39272011689896236,0.9111425585943681,-3.8813921506755964,-15.396461651950201,-4.2110149465325319,,0.1250582380703345,0.4772727272727273,False,5
-0.96108143405682867,0.12246913076722007,-0.2476364050788798,-0.070836492420358124,-0.97564757717249384,-0.20759093549339572,-0.26702934005994555,-0.18197009964981659,0.9463520562563309,-23.602665473210152,12.385257517502007,-12.514884766226366,,0.2885285941221517,0.1111111111111111,False,2
0.60723280691028625,-0.66705098688307851,-0.43163792594044148,0.78435878992911989,0.58991012553842759,0.19180024100131898,0.12668704303433015,-0.45502639998745986,0.88142008624813528,-1.4576052015825165,14.575340957721934,-5.0384264373937366,,0.6405029338998125,0.5833333333333334,False,5
0.51801387353663875,0.8471929312970331,-0.11800747427136671,-0.82468857357315395,0.53127588490479793,0.19399662558018937,0.22704709520591415,-0.0031735278420067792,0.97387860910874935,6.0823371292717345,5.4886886005766344,-2.0881459338945869,,0.5617296604227281,0.4,False,6
-0.68888336302583919,-0.65330075842838908,-0.31406660310052331,0.68312450160989224,-0.73002359778486392,0.02016090219905825,-0.24244716423676019,-0.20065808160683446,0.94918686613301739,7.1469987311597283,-6.4049643980756388,-1.0435837937320558,,0.1423260025946821,0.4166666666666667,True,5
0.70928479646397591,0.67512991138111811,-0.20276755229468912,-0.66128077494031035,0.73689018747693313,0.14035878417310477,0.24417783314502209,0.034531932450030223,0.96911543762436658,-2.5119861937983616,10.166255514417264,-5.0700077519069451,,0.1602110592494033,0.3823529411764706,True,4
0.3731472986010605,-0.85809491314959263,-0.35275234028071867,0.92604481646622061,0.36767096901638119,0.085200096470599201,0.056587025392532297,-0.35845666205184162,0.93182977522070864,6.1126509075188391,-15.090457012763441,-0.92056602276929811,,0.1104751495409917,0.4444444444444444,True,5
-0.34167016255663352,0.92985967697706984,-0.13646421197743944,-0.938643954915789,-0.34488769343193959,6.9420771582250074e-05,-0.047000275728667364,0.12811502664128155,0.99064499899314773,-21.155541302840284,12.362235204794686,-11.576435758653172,,0.07228551971683447,0.4,False,1
-0.067675716103796482,0.99713179160445953,-0.033884917316095636,-0.9969871634262486,-0.066297619903206123,0.040264395667291578,0.037902419620923208,0.03650774940817772,0.99861433537679023,5.6441602483236855,11.944546866579522,-2.5853348090385024,,0.3162746225871734,0.2307692307692308,False,1
0.55210772551698029,-0.75800649284433108,-0.34727973771918019,0.82821609942593777,0.54659879544775247,0.12364404339372828,0.096099698626743085,-0.35588750135527641,0.92957459856804725,-21.679913838426895,-2.2951992522326026,-10.941110766142982,,0.1999493652440965,0.391304347826087,False,3
-0.017239409476148444,0.99635704669901171,-0.083519089160133092,-0.99976345114828702,-0.016069803534827273,0.014656164655865563,0.01326063757824158,0.083751996439348442,0.99639839350705661,-3.2062778928090934,22.57407749791097,-6.1282042748197902,,0.4728126456200342,0.1052631578947368,False,2
-0.71192602222776202,-0.62375961076661324,-0.32262251448285451,0.65722932603499962,-0.75365970494681234,0.0068309691160480385,-0.24740847171133168,-0.20717383308653459,0.9465030644481276,8.2933421713152136,19.745004930702855,-2.1988747157510553,,0.1447174487138232,0.5238095238095238,True,5
-0.44061436084136962,0.87438704910882892,-0.20323944836351326,-0.89370510050900609,-0.44859112741957446,0.0075626532792703177,-0.08455872719322638,0.18496834526801914,0.9790998584946643,1.5114158790078891,-21.401091797571276,-2.0623252714719396,,0.3576554178124554,0.5416666666666666,False,4
0.21091312651248298,-0.91343984815990398,-0.3480564564238704,0.97748735097966155,0.19921460732342247,0.069512724761292416,0.0058422375417271355,-0.35488192969294285,0.93489287313462821,-23.99168128205751,1.9081396155782873,-11.896149680888504,,0.09126572047945515,0.1818181818181818,False,1
-0.20674102978644046,-0.86199249248086718,-0.46284672355917755,0.97124947887928836,-0.23788606937679954,0.0092015092875375945,-0.11803641971677317,-0.44763730955214193,0.88639057007470845,-0.4904341887396475,-9.0787912014495973,-3.4428188689136423,,0.09168146561693774,0.2916666666666667,False,1
0.7885108967613248,-0.52089590402763108,-0.32698321494518523,0.5813441294469921,0.80478298553090311,0.11984719169628583,0.20072261667826941,-0.2845905890348519,0.93739992947867534,6.3779567055859019,-3.9281900318125422,-1.4499695771405778,,0.1249706260161477,0.4519230769230769,False,1
0.036835055246673978,0.99916785764800631,-0.017514877906173287,-0.99693716651669706,0.03795150258881274,0.068381060747191122,0.068988873904668013,0.014942412601217092,0.99750551857271497,-31.753299411868259,2.5805767886721886,-14.744685745365285,,0.3902879915195401,0.1111111111111111,False,1
0.94744875777120996,-0.13852893662241658,-0.28835843167151082,0.17459555490215081,0.97921255036606225,0.1032432729721493,0.2680620144783683,-0.14816381111409815,0.95194025099789981,-0.66032124696511718,10.659295509452161,-4.5651816086858963,,0.1138180132463484,0.5625,False,5
-0.83278624994295192,0.50550888360882718,-0.22567195328288228,-0.49353261116296915,-0.86261373224354421,-0.11100950708621271,-0.25078401788115545,0.01892927725560585,0.9678579745179372,-10.008933912268239,6.4894602589173465,-7.4305329251393148,0.6996365962337024,0.3867775724825357,0.3478260869565217,True,5
-0.88967460535188769,0.36892597490334733,-0.26902178654075298,-0.38500533499289563,-0.92288276347466169,0.0076352412129998964,-0.24545873098949236,0.11036770326045198,0.96310382693562258,4.3814767287817888,15.467674009795848,-3.1824770979478423,,0.1135027488006281,0.6538461538461539,False,5
-0.94444619027035082,0.21397423160052906,-0.24947228682718242,-0.18734341212255468,-0.97414245773087638,-0.12628902557359076,-0.27004414383226216,-0.072536199631711706,0.96011179563886684,-25.928380051592153,-1.5122864050481097,-12.389431972251863,,0.1778996209983799,0.2727272727272727,False,1
0.89166531572342556,0.36418911059620174,-0.26888521056203585,-0.34952187800157292,0.93132104984878028,0.1023501778543589,0.28769327683158763,0.0027191601116353659,0.95771873983659195,-2.4514273854330897,14.958353966201871,-5.429793654485235,,0.07070539336868092,0.2258064516129032,False,2
-0.92379592392034326,-0.24921694028949382,-0.29067508943991538,0.250909722906898,-0.96747901415574489,0.032072856421163809,-0.28921514811458882,-0.043304432116953437,0.95628412318729072,-2.0097120809419486,-2.8420669246108679,-4.2551605961836447,,0.2264105720646634,0.8269896193771626,True,5
-0.50055093582221133,0.82940083321283686,-0.24807865388493319,-0.86078370478431565,-0.50734976071118698,0.040591056700824246,-0.092196389437421089,0.23385995418658875,0.96788911947730361,1.0134318210672404,7.5206561179990921,-3.8669562805059128,,0.08437105320767749,0.2328767123287671,True,5
0.62062164521459418,-0.66812987484094544,-0.41040375709312515,0.77345722162090602,0.60762245409357996,0.18044079251589443,0.12881265393430458,-0.42941521121906934,0.89387352380528806,-0.58827997642218111,11.961764350338452,-4.6128176366012177,,0.1796577489261078,0.2307692307692308,False,2
0.6022892185055142,-0.70799125282471664,-0.36877646779004936,0.78805837633383269,0.60101405540227149,0.13321449132507832,0.12732514583577312,-0.37085103631054311,0.91992272289866595,12.951142512426827,-18.491591494458703,1.5152150952100285,,0.2768264010464888,0.2307692307692308,True,5
0.92914178384395785,-0.23255057425520753,-0.28742960169203435,0.26310712230184391,0.96206580666562858,0.072138934278629219,0.25975024101877342,-0.14265207344580391,0.95508125216250694,1.5359994422809324,-8.6917530553783298,-2.79624297835502,,0.06923055721508288,0.175,False,5
-0.073969275557919115,-0.93609710264384904,-0.34387608334286635,0.99263617413422578,-0.10227912097375937,0.064903060120496237,-0.095926910059723564,-0.33654300740711934,0.93676935906965264,15.839873609960419,8.0356117285544926,0.90867803424439442,,0.0892134203731341,0.2777777777777778,False,7
-0.7871819198917811,0.57262682548818356,-0.22900468057839926,-0.56689609161158672,-0.81806716294490611,-0.096927489530988925,-0.24284448997454483,0.053522291081360071,0.968587589248595,-10.560541468918681,19.265823124240672,-8.3204034662747706,,0.2219207442626273,0.3333333333333333,False,2
-0.37249287257853597,0.88973814957203168,-0.26384670752982237,-0.92626676276125763,-0.37398331037798793,0.046544255956047186,-0.057262064946795289,0.26172983925196347,0.96344099308840425,-10.847766281515799,15.414161520061576,-8.1970868337894238,0.188043015073909,0.1499022319159487,0.4736842105263158,True,5
0.84987299211047918,-0.41900030193164262,-0.31961640174179612,0.48327796159763425,0.86151947567124854,0.15564897967276492,0.21013878536628261,-0.28674542720038171,0.93467574637649264,-13.168869565399442,4.135700353496401,-8.335417376733254,,0.1540431956717332,0.1818181818181818,False,3
-0.30304239517329029,0.92774094167579169,-0.21785787079229424,-0.9521700860986988,-0.30417362997077385,0.029163846954768681,-0.039210124539890125,0.21627562962321811,0.97554467768762321,-0.67424542616631467,19.921541936297867,-5.0560464579865494,,0.1324940984878201,0.4444444444444444,False,5
0.15334094549803415,0.96958203446735203,-0.19078058829954436,-0.98084822032567509,0.17280463949247402,0.089862813520572321,0.12009714033950156,0.17334715171593512,0.97751083977327202,-10.247274787980889,-18.680873203051142,-6.1313946570613149,,0.4054689009399002,0.358974358974359,True,5
-0.89993068954281608,-0.32019790062444747,-0.29596969178395294,0.3309888421926197,-0.94352551386470118,0.014352387618116809,-0.28385055991310065,-0.085046511521919416,0.95508949869369375,1.2351745131746774,16.094755945437072,-4.275580830437689,,0.1211765796911186,0.3947368421052632,True,5
0.93626216130792217,-0.16198475133162785,-0.31172761449549047,0.22823915778199758,0.95503743549789077,0.18923631694940801,0.26705814377768539,-0.24832325129484561,0.93113667670668732,4.2885370125368247,-18.820745661341348,-1.2791315079926129,,0.1287129886042751,0.3333333333333333,True,5
-0.37929843180638073,0.9206402810713773,-0.092488769577911689,-0.92338617508171639,-0.38301127610917357,-0.025696965602588578,-0.059081903296851895,0.075656032423317643,0.99538208415702545,-13.521668907910472,13.713603348261458,-8.9891734342276752,,0.5180751456319859,0.2857142857142857,False,1
0.58522776985669089,0.78500155429194063,-0.20317730470650563,-0.7806778533488069,0.61320037226828428,0.12052963428441668,0.21920434913400225,0.08807873301355959,0.97169521461797037,3.857936460235849,-19.750700282639848,-1.3748095061428078,,0.07170682583045102,0.3181818181818182,False,2
0.72871600964748684,-0.56525538884957793,-0.38659969304172681,0.66580492123234614,0.7168873288997184,0.20682447757897954,0.16023977080061758,-0.40811628617287588,0.89875709333180009,-0.32703289791062029,5.9009572267479378,-4.2559134822504996,0.1415253166953513,0.2003218748332236,0.2459016393442623,True,4
0.13682200625981272,0.96684668237655824,-0.21560897796818115,-0.9864769519060691,0.15281391155783638,0.059254803961415504,0.090238361915272985,0.20458592623110122,0.97468027415507463,7.6881391809912589,13.541384415445121,-2.0129289945049229,,0.2234805875358041,0.2727272727272727,True,5
-0.47122308596397422,-0.80825060656153092,-0.35310021275483222,0.85952621349826486,-0.5106278440167441,0.021769088730329671,-0.19789767953143417,-0.29324079168446276,0.93533221185220861,-3.0207226573071599,-20.713745230635798,-3.6505957789902745,,0.157063532746523,0.5294117647058824,False,6
0.71521311943256183,0.69222213902608221,-0.096429788103575803,-0.66997774222934237,0.71833682614153982,0.18740872211872536,0.19899753442899235,-0.069431365038116033,0.97753734805383652,3.0962887130864667,9.6511228998794412,-3.2860014698678208,,0.4295377666162751,0.7142857142857143,True,4
-0.89747568038852921,0.36816167083808321,-0.2428876020649412,-0.35581411846361438,-0.92976048558283941,-0.094560840471749619,-0.26064097186188395,0.0015567833739835446,0.96543454475817214,-6.8648442760943471,-23.347384288097288,-4.7706920186875541,,0.2213417405874036,0.25,False,3
-0.91655044161110222,0.34386311986055829,-0.20418972251868314,-0.30832002817987542,-0.93275526124768526,-0.18683249941571456,-0.25470384411244018,-0.10828562884577783,0.96093713341707221,-11.051009547205521,7.6463455021963771,-7.8091121633197176,,0.07213179619240426,0.25,False,1
-0.71959374257383002,-0.6086477314976968,-0.33426454282693108,0.64732707355634045,-0.76219100150355146,-0.0057041272776123322,-0.25130162253669225,-0.22048314259761964,0.94246203018514496,1.7637929552683351,-10.401526211877675,-2.6214498991103077,,0.0949622828648935,0.4923076923076923,False,5
0.22914985402550148,0.97209931476107758,0.050132490873027569,-0.96541402306844792,0.22039016187832572,0.13929802801920532,0.12436280980616864,-0.080318732486812983,0.98898068370864856,-24.682447259794902,-3.5525435148629652,-11.931250729002057,,0.4730009705766619,0.4838709677419355,False,1
0.86938787265019513,0.42067922059663887,-0.25921751531671772,-0.39673049298382423,0.90698805233144042,0.14134209869968961,0.29456687326578362,-0.020041613862793656,0.95542068791093016,-16.892960202031819,9.8590066690473108,-9.9208004594648038,,0.08305652897300271,0.5217391304347826,False,4
-0.90831690768824169,0.33701801840731022,-0.24774836119837362,-0.34373756768217162,-0.93891215794752547,-0.016983645729505246,-0.23833774306981759,0.069733886505276205,0.96867554181018478,10.710719218417671,-11.915154177642544,0.40470844144125273,,0.09262290172034626,0.2222222222222222,False,5
0.32691155719070586,0.91461298745274744,-0.23793258910437046,-0.93282484541621669,0.35265957556434635,0.073952900801711186,0.15154748941952295,0.19777337269090722,0.96846220964222651,-21.994835553475138,-0.21384577299185589,-11.08163075241956,,0.1070613314449117,0.4571428571428571,False,1
0.20507291205283976,-0.89418358688858213,-0.39797087039284695,0.97874666975670632,0.18745407712883697,0.083162043072159006,0.00023912826640515999,-0.40656694640224755,0.91362096129129333,6.2144179768401866,8.5065823820081636,-2.1770483083689296,,0.1563179794046012,0.4507042253521127,False,5
-0.3615867030338985,0.91830509571064201,-0.16115460707328896,-0.93118678676534483,-0.36429303726935158,0.013481511439946303,-0.046327360627493305,0.15493977600649145,0.98683708962946393,-4.6253130963165923,-16.94652102270333,-4.3721404129100687,,0.1924698471729311,0.1851851851851852,True,5
0.95537363064634495,-0.068393612138897622,-0.28737351945545603,0.097112647551354361,0.99147373340945666,0.086884806754003452,0.27898093044361966,-0.11091505658704832,0.95386974512828759,0.15659213324894239,-2.9008096127660825,-3.5900415498432428,,0.1456620551011362,0.6576576576576577,True,5
0.82583649822722072,0.49616787956863717,-0.26797670324146572,-0.492341436619739,0.86610773388467044,0.086355677823598487,0.27494360873279777,0.060620364478645994,0.95954738467022194,-3.9275800817521613,-5.2398985775622231,-4.7777828712397614,,0.07459347816351085,0.3734939759036144,False,5
-0.90952710340123866,-0.23887057008230678,-0.34014893638979204,0.29465404886280461,-0.94774262694706313,-0.12232295187836549,-0.29315429327797504,-0.21148230142504745,0.93238178688596074,5.8051357355234643,-24.894436690237246,-0.43520257099664805,,0.4156069899866203,0.1176470588235294,False,2
-0.65230980196724753,0.7479734860903986,-0.12258705626299507,-0.74913840723355973,-0.6608293801475128,-0.045784027142872968,-0.11525436679369547,0.06196930239748033,0.99140114812085722,-18.137306921369699,26.332058874210901,-11.590466457518833,,0.2650212254238811,0.3125,False,4
-0.6722453819960269,-0.66655686030699102,-0.32216160286834611,0.70070251931859673,-0.71332131885254768,0.01373591973744908,-0.23896051097532214,-0.21650553814659917,0.94658503376414327,6.0795588088998347,7.4811453205139431,-2.1781792819723629,,0.08785115285852199,0.3870967741935484,False,5
-0.51691126290201728,-0.78879307338256877,-0.33257816174355848,0.84016177676557346,-0.54195000490676559,-0.02045436490515843,-0.1641064750311759,-0.28999255087888021,0.94285385149958634,6.2045735835254705,21.409985662865076,-2.9399936439702268,,0.1295730844446832,0.5,False,4
0.95821324921307627,0.049064571732375689,-0.28181560785952975,0.005459228901360874,0.98186431161324828,0.18950638617219112,0.28600273749095512,-0.18312602595196473,0.94056753758925749,10.321976831216446,22.358670811387086,-1.7121180416039274,,0.2854498780787282,0.3809523809523809,False,4
-0.84497957674163249,0.45437424855307512,-0.2820524014103778,-0.48424901226166639,-0.87387540521762597,0.042949624903274364,-0.22696345303403642,0.17287515266098696,0.9584371510846752,3.8221757785929298,-4.368424708072177,-2.2770255491225191,,0.09183957981537474,0.3950617283950617,False,5
-0.84757337206540029,-0.42374603362644309,-0.3194662391420181,0.45703512532342816,-0.88881310347711773,-0.033617871853741231,-0.26970033961099493,-0.17450090565161433,0.9470011408337804,5.477286466345034,-21.255970211357358,-0.81676963471418751,,0.2546928898861148,0.3513513513513514,True,5
0.74313338677504415,-0.58054247041230977,-0.33275097221169253,0.6434600242629801,0.75643896919675879,0.11729997040081215,0.18360818782325358,-0.30128147292543361,0.93569092516500529,-27.986202522824296,5.9754323046725508,-13.543821432832486,,0.1641050714678408,0.3333333333333333,False,1
-0.62872246661497322,-0.67772316495308027,-0.38131269538210011,0.74805828333822666,-0.66104803243451959,-0.058517549021764717,-0.21240730849631326,-0.32203541808383257,0.9225921768565577,14.156040779010159,-11.334267654206101,1.4480688843549545,,0.3897236556286601,0.2413793103448276,True,5
0.95848995847380225,-0.0066008766110642429,-0.28504986920336312,0.030429798078972892,0.99639038353748088,0.079247908381894105,0.28349784283793383,-0.084632334376393323,0.95523104068295472,1.3778479178412608,-5.2723200803733601,-2.989633159670356,,0.09372185158977335,0.4680851063829787,False,5
-0.95239142886385508,0.14153810221473098,-0.27003246443365914,-0.10688734531334154,-0.98450111452327116,-0.13904190344749395,-0.28552698933468523,-0.10355926382457585,0.95275905518529769,-3.3222418713724,-11.456527669298994,-4.241872164349811,,0.5567528461008657,0.2567567567567567,True,4
-0.71302656593869329,0.64633658745551725,-0.27173908806432528,-0.6797654149581136,-0.73222279747291907,0.042056574845759691,-0.17179085217932419,0.21470628909580097,0.96145156535844922,3.6325419932416185,-6.4164306344686173,-2.2189653293208416,,0.1333503805128239,0.625,True,5
0.53692370482863772,-0.75047888169550669,-0.38534968966142036,0.83353145180246113,0.54238657446891092,0.10508150499475991,0.13014704779276731,-0.37762183724586673,0.91676796081990375,-7.5126643602099392,13.486806312757109,-7.0144405073928464,0.1504261489892695,0.2310268296891345,0.3333333333333333,True,5
-0.42162210507224152,0.8844237018325245,-0.20007377677073368,-0.90340819311353293,-0.4286922161871568,0.0087533077111381918,-0.078028437955616245,0.18443887718536395,0.97974173303621648,-5.7958554885952545,-18.059476983826162,-4.6798963635210624,0.1668604769922694,0.2278636866370921,0.2307692307692308,True,5
-0.25878344556887428,-0.87760666111593288,-0.40353150640866375,0.95203363237931271,-0.30235693407699032,0.047034532358835889,-0.16328836798178015,-0.37200380748119577,0.91375602657456689,-5.3218116130734945,22.352898419423418,-6.7593473139849687,0.4786106609454914,0.2673103336523934,0.4347826086956522,True,5
-0.7937951715789332,0.57758751549835763,-0.19047804996483447,-0.57339222894733577,-0.81514473304492541,-0.082221748776849846,-0.20275743478545377,0.04395140645703885,0.97824214615281768,-7.5633458338848225,15.261985619449737,-7.0929370957666178,,0.5565366849982178,0.2580645161290323,False,1
0.89192778504513714,0.37056791798223249,-0.25912206472392257,-0.35046401082911227,0.92863610833106391,0.12169616024061033,0.2857267984947286,-0.017731228554438955,0.9581470660373087,-34.973540731597808,3.9448417830581959,-15.869464858570646,,0.4396930947954857,0.5263157894736842,False,1
0.78934582044380452,-0.44809278302294586,-0.41969755008892823,0.57075230915651676,0.78745706396314685,0.23270834537473037,0.22621887043392525,-0.42323070566452536,0.87732593284497573,9.732144169864787,-6.0798893813491341,-0.26480796789968375,,0.3791343260998688,0.3292682926829268,True,4
0.75223615641554609,0.63803892741494772,-0.16446000147254558,-0.60583864126484877,0.76790100601811639,0.20805668868538604,0.25903726707083796,-0.056871539978698649,0.96419153813385183,-13.053041293075399,-13.752203251501847,-7.3767110350625362,,0.4324088152727599,0.2093023255813954,False,1
-0.91219790918134669,0.35724423541255745,-0.20067767875296208,-0.32414808800880457,-0.92874392511952464,-0.17989646631831277,-0.25064515061220743,-0.099051894570859847,0.96299830252005503,0.43603553308628018,-7.8691111345958875,-3.1704952343563186,,0.3698038881291731,0.5182481751824818,False,3
0.91590106100552138,0.30117587953365743,-0.26536453424692724,-0.21718930993939259,0.92779008752353143,0.30337164854535986,0.33757080753082197,-0.22022407470621075,0.91517610699951235,2.0627636901876425,-14.402528545431821,-2.3190270977864254,,0.4413318379238432,0.2741935483870968,False,2
0.80804288738111263,-0.4936834707706747,-0.32147056294568521,0.54884853082273721,0.82914023829200378,0.10626267199164088,0.21408405444245082,-0.26230344247245507,0.94093831981728859,-0.51918479506447013,21.95467945610973,-5.1440600556001144,,0.1712166707079931,0.45,False,2
