axis_00,axis_01,axis_02,axis_10,axis_11,axis_12,axis_20,axis_21,axis_22,location_x,location_y,location_z,dbh,dbh_approximation,score,reconstructed,number_clusters
-0.61045881935713886,0.78642632273267321,0.094200152771917484,-0.78868812575258951,-0.59261172942178175,-0.16365322620893241,-0.07287708944486701,-0.17419809719078289,0.98201015919854662,15.586026692211243,8.0703068939577456,0.63714439704190828,,0.5649857692087521,0.4,False,4
0.12504048224270248,-0.97078395712489229,-0.20480084567561443,0.99163388914631068,0.12895149111422116,-0.0058088584059954526,0.032048520981074441,-0.20236111664139772,0.97878642755944045,6.3439204955442978,20.319026943119258,-1.262143950957596,0.5364678927984915,0.4625062304110703,0.6517857142857143,True,5
-0.98335514524455825,-0.098569316065155704,-0.1526327233967246,0.12950283916388275,-0.96946084593731052,-0.20826589457471975,-0.12744282235397617,-0.22456571003820283,0.96608931725047587,-8.1203205856998686,17.921688756013182,-3.1079938462564995,,0.2356220860956543,0.2777777777777778,False,3
-0.67433027933308476,0.72712788681216078,-0.12870008001024966,-0.72987676963918713,-0.68276855825727567,-0.0332715643808058,-0.11206505037534426,0.071499175347428445,0.99112526575050486,-8.0302052957667751,4.8619591816585466,-2.8755373948445455,,0.2106019858218008,0.621301775147929,False,3
-0.98758934359323436,0.038186114684246153,-0.15234536115814384,-0.024923304331561473,-0.99580540604371226,-0.088036482183884185,-0.15506810543203284,-0.083146941852593623,0.98439853145881961,-9.522126094935361,-0.21521154547642413,-3.0626751435244715,0.506309659521903,0.4453838721244094,0.910828025477707,True,1
-0.9569293493299692,0.27573491835338676,-0.090865148387995406,-0.26302845949492465,-0.95589659807272698,-0.13068176341293389,-0.12289121159240027,-0.10115309482975965,0.98725164042391622,0.75606248529054743,23.702040526154935,-2.0393460428121184,,0.2174137369178616,0.2142857142857143,False,4
0.98775365259061343,0.049526967805441413,-0.1479520234870105,-0.045190539290848195,0.99844857489846428,0.032530884430470634,0.14933364306982017,-0.025446468187650242,0.98845937716441878,-24.345305433001496,11.263262579947581,-5.2719209130441795,0.3024248688470905,0.222692141829317,0.6842105263157895,True,5
-0.18857221622714054,-0.92678474219028772,-0.32482389214844631,0.98193274800016639,-0.18324593639356501,-0.047212341607744963,-0.015766980434610684,-0.32785815292367898,0.94459538104388729,-3.2623467581979586,21.215590465351767,-2.5377780665590195,0.4873580924812496,0.5546839647737714,0.9456521739130435,True,5
0.40421804456323496,0.91339169793249519,-0.048201437711624107,-0.91309898707738302,0.40604643306341442,0.037101671050440731,0.05346038016822828,0.029015519028119968,0.99814832936182218,-18.043626565159268,-5.3838493686488658,-4.4572921290423784,,0.7611478831042824,0.8243243243243243,False,1
0.24277226795166176,0.95972086949657642,0.14141244134213282,-0.96964341557046763,0.23568057715287155,0.065163733730715129,0.029210829403574869,-0.15293959005314792,0.98780373012047817,3.8123656111048541,-12.122419648185756,-0.98968404769521212,,0.7588395594867481,0.25,False,2
-0.41129314522347821,-0.86213296245039783,-0.29591333824057331,0.91108150808886201,-0.39870920068346466,-0.10469698614992821,-0.027720647732408801,-0.31266232319685383,0.94945976078106764,14.901092425745739,-2.4647262767481899,0.84093387555009258,0.3868346023783408,0.2567898975314081,0.3333333333333333,True,5
0.96845559398293235,0.20501435474678134,-0.1416434849575737,-0.20310573144008587,0.9787575076095959,0.027960743088107191,0.14436697800866097,0.0016898655604338023,0.98952277387386811,3.1684123068949277,14.044831646221562,-1.4598896910636252,0.4992153258461394,0.4129483855907905,0.8371335504885994,True,5
-0.76550586992876191,0.64195554143911193,-0.043518340044431142,-0.63291441779980206,-0.76344945729306568,-0.12870223735451511,-0.11584516755455908,-0.070978933315011344,0.99072795871506325,-9.6686073028065103,24.883646641281093,-3.4424065641894828,,0.2996424646412533,0.5217391304347826,False,2
0.56380461075207067,-0.78072856266606527,-0.26942025226787747,0.82016110576544721,0.56767044167231417,0.071316409340064585,0.097263155841798843,-0.26117653242383837,0.96037841366138299,-7.2961215054724144,22.36307775746246,-3.1047846933540302,,0.1297793707982061,0.2,False,1
-0.98883813948386012,0.0229943846372914,-0.14720866882507166,-0.0049147155129847415,-0.99251545496392701,-0.12202015091440954,-0.14891265719717633,-0.11993469028142419,0.98155014675439511,17.179140140762335,4.5048661287368335,1.1232408428957603,,0.1688891060779101,0.3478260869565217,False,5
-0.063916948599979623,-0.96649265479615165,-0.24860927558470808,0.99731721945820684,-0.052955758224411939,-0.05053762403426016,0.03567894972975192,-0.25117252217542307,0.96728453758458155,23.667293997351052,2.3135622110140974,2.2979679485549598,,0.3584043246728088,0.6875,False,4
0.13864982597311606,0.98713907192410943,-0.079578127889718075,-0.99020009918388951,0.1395394266807515,0.0057019275532531818,0.016732881815155629,0.078007698866297243,0.9968123241532203,-16.048721988661544,20.751494114252417,-4.2804743538579526,0.4006309346447025,0.3337578835356566,0.6376811594202898,True,5
-0.69985552838693188,0.71414117643263697,0.014304527592983896,-0.70458119614401482,-0.68692013437923483,-0.1780619752352649,-0.11733532045602708,-0.13469635892563675,0.98391529791220267,5.8221157778353057,17.636713234188843,-1.2284525823175101,,0.7642361364740619,0.5238095238095238,False,1
-0.96715703189940994,-0.18673443248386595,-0.17244572297523802,0.20605412524660957,-0.97323367671263161,-0.10177380793341403,-0.14882531073839075,-0.13396440660616316,0.97974719425282375,-10.794189167459011,-5.6114010886227206,-3.3017536245338719,,0.07628735411723246,0.3518518518518519,False,2
-0.49627047361877175,0.86788758147130873,-0.022062704777126602,-0.86540419755579634,-0.49655701279390746,-0.067132018426382445,-0.069218435889644228,-0.014222481255885211,0.99750013992977338,-7.0357919514989185,-21.577637196474697,-3.0310206870957046,,0.2938874879147508,0.3125,False,5
-0.94681026964176707,0.30983367176755422,-0.086910351166709754,-0.28390669928056478,-0.9314368677592143,-0.22764522284142016,-0.15148366051987372,-0.1908624038880897,0.96985784699488831,-16.587943072643206,-23.606138730923419,-4.6927529516855202,,0.2458312982321481,0.25,False,1
-0.72131559097594222,0.68168659224810968,-0.12250391081180777,-0.68349058612471791,-0.72920126440178956,-0.03325860300316167,-0.11200195040229223,0.059740320923072826,0.99191060946140264,-2.1044346194678551,15.368484004036263,-2.1950237417621414,0.529890200250694,0.5567483231250892,0.990521327014218,True,5
-0.0015519928897443466,-0.95809180696197349,-0.28645711851935063,0.99857937065197377,0.013772449243311551,-0.051473878328206497,0.053261917224005174,-0.28613005622300414,0.95670933887960052,13.07851216103893,8.6159097521418193,0.22246449872018356,,0.5068781254932856,0.2809917355371901,True,5
-0.86497866278561741,-0.47062989219253665,-0.17412471823508502,0.48523287496573453,-0.87288653853562637,-0.051167840444769991,-0.12791000734146751,-0.12875012783735365,0.98339332649951006,-8.2928307064117348,11.324031712461652,-2.9888278160043766,0.5627681019728495,0.4736634153598318,0.9971751412429378,True,5
-0.65139993188777623,-0.72049121478057387,-0.23784561833385481,0.75182415290373283,-0.65514491614514647,-0.074468664280714303,-0.10216932928812525,-0.22732696336594588,0.96844405098055752,8.6361453089556441,4.5836871579189342,-0.37779682315985658,,0.1433103762749093,0.3392857142857143,False,5
-0.69258456497392906,-0.68623853705254356,-0.22226851019399682,0.71818671530770828,-0.68477317563390716,-0.12366705255556143,-0.067338416341632124,-0.24528018304836591,0.96711073279555848,-9.5498144018543325,12.294677247433395,-3.1901589521112461,,0.1790124921420708,0.282051282051282,False,5
-0.44102633509594913,-0.822988501849506,-0.35803030259370505,0.89746133620792867,-0.40781153745143761,-0.16808598969983407,-0.007676051309984333,-0.39544870178696911,0.91845598832567144,-12.236543328215289,26.155971306166858,-3.8162550133606903,,0.3900248955269741,0.25,False,4
-0.17336181226761685,0.97990102811526514,-0.098689701316474227,-0.98403158378872602,-0.17644920285594964,-0.02339916489433758,-0.040342584864383621,0.093057261458455248,0.99484311423274874,4.1031395844711556,-16.55544301995997,-1.0147633921462569,0.1500738277965487,0.1507451094261061,0.2962962962962963,True,5
0.5311039801542411,-0.8204924127314871,-0.21147284202560521,0.84114289680561005,0.54060486386295703,0.015000277370126429,0.10201563320290834,-0.18584558595182443,0.97726875974034533,-12.959597661871461,-4.2987647271963052,-3.6273199961898617,,0.2144282408580783,0.5555555555555556,False,2
0.0063424191394959428,-0.98650640583091431,-0.16359977070286666,0.99991232764964322,0.0081582537255759091,-0.010429760803702767,0.011623714282976988,-0.16351927761190943,0.98647165956024696,-8.1912421378572517,4.0276333315687696,-2.8818435589246993,,0.1905344821724081,0.8166666666666667,False,2
0.33233661085516775,0.94229431912006023,-0.040420208304310007,-0.9424511968945497,0.33344361911028536,0.024517225509164166,0.036580302860051504,0.029946102061836372,0.99888193116802859,0.36486236137149036,-17.700897904263165,-1.6719106282754543,,0.5614070561101144,0.1159420289855072,False,2
0.12912123608119858,-0.96181336795540007,-0.24133535094377029,0.99135065444971404,0.13096787076443595,0.0084437402584971386,0.023485874797127809,-0.24033822427928392,0.97040504514109627,-18.652682486496108,18.718277370524724,-4.5698959184500403,,0.1490485186812579,0.5,False,2
-0.020054744534770654,-0.94327523783453016,-0.33140554145918405,0.99976927721365416,-0.016369487293367482,-0.013907991423611585,0.0076941251180401406,-0.33160799986424055,0.94338588862919981,-0.60325639347613524,25.157127058145086,-2.2286254017239644,,0.1811353896033093,0.2142857142857143,False,1
0.93261871409846364,-0.31979380636442584,-0.16719526166814669,0.32832915651096589,0.94422131110508245,0.025418116369961483,0.14974077299829086,-0.07860049023989138,0.98559609568825035,-10.960390122787707,0.29349122852114418,-3.2709773402155791,0.1433032577106562,0.132224254079349,0.7295081967213115,True,1
-0.075669903354661922,-0.9008891187964414,-0.42740245829951357,0.99712912053068536,-0.069549647544708354,-0.029939330588860079,-0.00275367318291957,-0.42844094360900908,0.90356558982921842,9.9834208364184605,-2.3994602944354355,0.035835590389058029,0.707066757134501,0.3430487395584342,0.2340425531914894,True,2
-0.79541608994201374,-0.55938104453766002,-0.23325113263029185,0.59441930665844589,-0.7951229895031926,-0.12018785061393672,-0.11823253246484314,-0.23424832672926771,0.96496051198558763,-14.705407689411139,-10.431983916019893,-4.0093430990155987,,0.1895446345408498,0.6666666666666666,False,1
0.6892157652101446,-0.69137766407856915,-0.21674536811442049,0.71496908208924359,0.69745555670301285,0.048733541637713991,0.11747697920128421,-0.18855416207909997,0.97501101907639454,8.4005266332547492,10.974926802321484,-0.59575371059425897,,0.0914695176978531,0.2619047619047619,False,4
-0.72424795164250189,0.68839786530972913,0.039664638894722964,-0.67982576813528917,-0.70324133665307786,-0.20805899980932643,-0.11533355765303101,-0.17765134803710625,0.97731170514820631,-31.911605612083694,29.938005125275499,-6.3857638999292057,,0.4239427252943081,0.1923076923076923,False,2
-0.90988809387671044,-0.35727389479523736,-0.21085307851499088,0.39292743268940233,-0.90523352239651034,-0.16174146830581954,-0.13308527064075248,-0.23001659511315481,0.9640439184554972,7.8528337477932446,-11.631949357711088,-0.30841286980128207,,0.3064122257339771,0.3181818181818182,False,4
0.9526931749881119,-0.23563908765234479,-0.19196336812382045,0.2630910951879285,0.95560602924223348,0.13266571715672582,0.15218012341921427,-0.17689357604577535,0.97239388767610535,6.2719358760381452,-20.382921036205332,-0.68385643202336366,,0.1302605311564723,0.25,False,1
-0.59032029752950688,-0.78247847838652451,-0.19811455571608949,0.803016877053222,-0.59418276106707557,-0.045942808124850958,-0.081766995128625591,-0.18621030399152383,0.97910156837532403,-11.508827464848364,-3.2721758703691579,-3.4068153867816311,,0.1068152612019956,0.4857142857142857,False,2
0.91168281319376654,0.40212646648786871,-0.084431943463844,-0.38892729107624202,0.91081498615293277,0.13838938996660827,0.13255191580357012,-0.093329341309231303,0.98677232615613475,-7.3496649486703962,-31.848200907084731,-3.334415257829054,,0.418865110558419,0.2105263157894737,False,5
0.83684061614525607,-0.51984056726681471,-0.17164954935374827,0.53799743184323601,0.8389297115111215,0.082193080450544562,0.10127460935353598,-0.16112952481647558,0.98172334684100582,6.3553907250440709,-8.020669372007923,-0.56195425169413871,0.6306312394540923,0.4508245922699926,0.8846153846153846,True,5
0.10275287343701417,0.99234266697266049,-0.068541070213593708,-0.99467991891955976,0.10301352379465115,0.00026983992950550123,0.007328430842660081,0.068148699334592472,0.99764825909755794,-8.3753519674780268,-19.016322729890891,-3.1951369929601974,0.1743900575997601,0.1553815797833005,0.3461538461538461,True,5
-0.013758892226163326,-0.97045676090858912,-0.24088247775942329,0.99987007620174351,-0.011329929175297291,-0.011465749918934249,0.0083978331151324595,-0.24100893741040597,0.97048656275462064,-20.11816982857485,15.388741405354404,-4.7009341643794293,0.2532741991491169,0.2058975523070914,0.7313432835820896,True,5
0.7104626681060684,0.69006534957015075,-0.13803119412014639,-0.69645280872425019,0.71759716870769719,0.0027908211697145191,0.10097664308002632,0.094149438582095818,0.99042395001684325,-3.5960683036606671,18.476853496066088,-2.5020030828601287,,0.09530038278224681,0.3333333333333333,False,5
-0.96776552379091385,0.22328855796303432,-0.11649940276450731,-0.21556361538332744,-0.9735808274796306,-0.075317329260581628,-0.13023908278457411,-0.04777648215248391,0.99033084828685725,-18.831281752383376,31.690339759094623,-4.7912364140779991,0.6469884762544821,0.5759390057612581,0.9871794871794872,True,6
-0.79392136267729696,0.59413217818204389,-0.12921232423141396,-0.59534676763765615,-0.80277978823450535,-0.03326917290161753,-0.12349532844613578,0.050513032484922255,0.99105869523512991,13.991724876817447,-4.4511535187295097,0.70570269986865919,,0.0848996838819865,0.2272727272727273,False,3
0.98281261194930192,0.14190072768120432,-0.11808282380149705,-0.1034035832530935,0.95304166680165514,0.28463885945236561,0.15292831249906363,-0.26753647381893114,0.95133441355430903,16.940866669041274,26.162592722816239,0.085904374092658525,,0.3095891445983355,0.125,False,1
0.98584114159851166,0.084164014480206092,-0.14502986657347658,-0.063155615290733838,0.98758686625407166,0.14381776614769418,0.1553338719951112,-0.13262202030220957,0.97891919377544545,-7.1802409809674028,17.391923024930772,-2.972766987311676,0.3685626046612944,0.3944470652567081,0.7948717948717948,True,2
-0.93615712779949689,-0.31364053127936153,-0.15886928340303785,0.33138287245745462,-0.93810717282563305,-0.10069917643627065,-0.11745307110519207,-0.14691681126371009,0.98215081665498838,-17.828130750937287,15.486362413941706,-4.3886035563247585,0.2643156148289137,0.2410261669959994,0.5119047619047619,True,5
0.66277970277979004,0.735826000088461,-0.13886382962078281,-0.74305158820124695,0.66923408135449203,-0.00028570126742352708,0.09272218102880278,0.1033723461445368,0.99031144353573763,-17.160410497156541,5.3187697415446324,-4.1937468266581561,0.2734265465246832,0.2464785283174746,0.8766233766233766,True,5
0.5226687955764685,0.83945425717565714,-0.14877459541302493,-0.84553576089739113,0.53273992048232566,0.035460600222710914,0.10902571794908378,0.10726009152593062,0.98823512667357427,-21.431615435468171,5.3212988465432227,-4.8756439565556979,0.7686837187286292,0.4823484187765356,0.8243243243243243,True,5
-0.71843629823084731,0.69536343981086257,0.017859786078292084,-0.68515718095291833,-0.70299391881894413,-0.19068085245308358,-0.12003717246339704,-0.14922880646172054,0.98148960287361342,-14.526573035881398,-1.4769999453654028,-3.8426215525609031,,0.4976510473516408,0.1666666666666667,False,1
0.94603755006604251,0.29840527792073956,-0.12636156050827471,-0.28973454469651561,0.95353442044022552,0.082619626271402472,0.14514422990440567,-0.041549959624163406,0.98853768435031719,0.39912587337427541,24.884431678351749,-2.0924544523834334,,0.1162889043684417,0.5294117647058824,False,1
0.50929909646117677,-0.76847846156477528,-0.3873696999700208,0.85596390935767086,0.49894985433227906,0.13555378540981292,0.089107890901765796,-0.40061190318415718,0.91190453820901962,6.6023262464839556,-3.8398055806769409,-0.52761047989526466,0.9234195334051527,0.3478471785031206,0.1333333333333333,True,1
-0.010136385197261162,0.99843843881400551,-0.054935758789547054,-0.99987139736122543,-0.010803078487878585,-0.011852520157951477,-0.012427487036511238,0.054808552196124322,0.99841954116098985,16.11833874380153,-11.012123733823028,1.1730353918132812,,0.403646581441887,0.2,False,1
0.97816113652108616,0.15037215651190811,-0.14348869483598889,-0.14199775002316856,0.98759837840241038,0.066978220081514023,0.15178086173208735,-0.045140420056621632,0.98738286013530596,-11.05863090757037,-1.8380650623657413,-3.3102686603332514,,0.2752814385567062,0.375,False,1
-0.12793670786755162,0.99103825626114828,-0.038410589775133036,-0.99174192938981964,-0.12818510235861474,-0.0040650982113304007,-0.0089523332248673849,0.037573317130275466,0.99925377235698087,8.9036897263975643,6.2128070378066802,-0.3357775614573732,0.693703768570739,0.8183885260619913,0.5291479820627802,True,4
0.65542907228409009,-0.72439696991421276,-0.21368612772925832,0.74739678782872987,0.66281829250592839,0.045496732441164207,0.10867737919233365,-0.18952820660427699,0.97584234697683248,13.47575714699453,-12.754237295616347,0.66226429199001891,,0.1500803719205044,0.4285714285714285,False,5
-0.29721363971512205,0.94241357115386226,0.15336464153224227,-0.95311299934031413,-0.28325784012951966,-0.10649228372830347,-0.05691803629605989,-0.17782479273201199,0.98241471906421307,14.917043309253101,10.341297581123079,0.42176746479175553,,0.1340335230884949,0.25,False,1
-0.96997443897194791,0.22878371912357778,-0.082508166899020005,-0.21434111181489351,-0.96446185473999857,-0.15450313439356334,-0.11492378138143566,-0.13217919887585944,0.98454110318336929,22.701026435015901,-4.5637787229111941,2.268576986865674,,0.4145046750493419,0.1851851851851852,False,5
-0.77312116547669696,-0.58498443572520253,-0.24510584132415159,0.62385253044645217,-0.77107452865831838,-0.12748369115267577,-0.11441889593730675,-0.25147023922050654,0.96107805876467123,6.2144489944541466,-9.6777883609106237,-0.55399235425359061,,0.09235644386669895,0.3636363636363636,False,1
0.98842282775839241,0.054573734250775677,-0.14156984529209848,-0.032565548608549877,0.98763449071400955,0.15335448410758384,0.14818838891737487,-0.14696877315268281,0.97797769969875481,14.401022084780518,6.5615364198702988,0.47145722519719052,,0.4124498838363826,0.2258064516129032,False,5
-0.41743555663405069,0.90848075908462933,0.020255034698455798,-0.90867580460091824,-0.41713443806939338,-0.017525487422756478,-0.0074724956001375117,-0.025721021549440282,0.99964123107240777,-37.426672178754337,19.601367089107615,-7.1075154342758671,,0.5807282257250852,0.3809523809523809,False,2
0.41619056241607977,-0.86934141353664085,-0.2665162705462879,0.90616746879881727,0.42077165312305681,0.042564473670351884,0.075139432034926623,-0.25922330651043879,0.96289009918851254,5.6712618446075993,-6.733675206164274,-0.67219697173019799,,0.09580132447884672,0.3650793650793651,False,5
-0.98577395605314555,-0.040004443607189952,-0.16324629263481513,0.069390707238776272,-0.98148988325581454,-0.17850080900486531,-0.1530837591524162,-0.18728922435145084,0.97030310167782019,9.9750485463983374,2.3174164409299425,-0.026052877121559823,,0.09508740212744875,0.3142857142857143,False,5
-0.25980030136389221,-0.91109900944238731,-0.32000374748482596,0.96511269711773995,-0.25616058715561335,-0.054214716177568262,-0.032577373641127012,-0.32292467942415448,0.94586382008482306,-20.96527516352446,16.519118151751258,-4.8529894099228574,,0.1247193265636537,0.25,False,5
0.97325203512949632,-0.10051616775576792,-0.20658406554230441,0.13640981813700787,0.97637537679315356,0.167581279109139,0.18485896686966866,-0.19127891575320322,0.96397071467765916,-1.6624835600201098,34.094514149736021,-2.6646737391919295,,0.3807653885632988,0.7272727272727273,False,4
-0.48861664437323493,0.87177171351449567,-0.03560694254552732,-0.87049132965307408,-0.48985306507049681,-0.047841609921320916,-0.059149132202117621,0.0076193278601676129,0.9982200789418616,-2.664201062405513,19.280790827160583,-2.4089662206407962,,0.250837299402759,0.2272727272727273,False,3
-0.98777423976654299,0.025275581075923446,-0.153828463734454,0.019938875582694131,-0.95817973690441605,-0.28547159758245882,-0.15461077741905849,-0.28504865687643216,0.94596129451411282,-9.0802358293134269,18.907474290802604,-3.269250239828013,,0.3666398813248746,0.1290322580645161,False,1
0.071207346739448646,-0.88954069640792621,-0.45127249329471653,0.99721952455329921,0.073453153709450741,0.012563998560507939,0.021971199785641507,-0.45091239020927099,0.89229775452801741,-5.0977705495541636,15.293481580384253,-2.6270032939006107,,0.4243366593319862,0.1355932203389831,False,1
-0.86718298528579785,0.49764139068428198,-0.018620319777750111,-0.48964282257638675,-0.85886905630183452,-0.15031250921538636,-0.090794142598743341,-0.12123114453394528,0.98846316737891093,24.107251445408217,4.2553782177846466,2.2907668057677046,,0.3704123063631022,0.2,False,2
-0.57760316208400764,0.81099179066344529,-0.093096200927078196,-0.81025329746148655,-0.58344705098881411,-0.055489932827899019,-0.099318583877057942,0.043380343117078543,0.99410963415898002,-0.5497407346463894,22.286214344800591,-2.1962819464234586,,0.4118206463897421,0.5,False,1
-0.98715547687740557,-0.012358362517594895,-0.15928382010369596,0.031343847245236492,-0.99260901152849579,-0.11723870296233621,-0.15665767683331114,-0.12072539545724142,0.98024678075517457,-15.616860922957491,-22.596555212145837,-4.4861278175710835,,0.1398628564318975,0.3571428571428572,False,2
-0.94707384670675931,-0.21600953493919764,-0.23746791298913147,0.28340468567369653,-0.91005458075201318,-0.30246064899499203,-0.15077437787056333,-0.35375208955938348,0.92310700685788061,7.3340152141264259,-15.735756536923208,-0.42559404119985211,,0.3104156356733214,0.2105263157894737,False,3
0.10726296877050563,-0.93505609658460487,-0.3378827485541388,0.99384790647653731,0.1102694206121306,0.010343774459501055,0.027586125547846545,-0.33691356624188773,0.94113136944819309,24.886700505648143,-1.06454872842404,2.6376850036316131,,0.3294734733020788,0.6666666666666666,False,1
-0.43112130796201098,-0.83457169081689819,-0.34296429946591911,0.90043983708253361,-0.42229886697404995,-0.10426776466010057,-0.057814510426927909,-0.35377077301475518,0.9335436371935899,-37.086597154340332,21.572804105240799,-7.057127612277557,,0.6806528026284975,0.525,False,1
-0.98343162847314902,-0.074519695986520446,-0.16525449170514578,0.11103913747334881,-0.96819719234778856,-0.22419747250813019,-0.14329180739953087,-0.23883260171077061,0.96043034432083618,26.076018495106815,5.6010324024070508,2.6338534105023816,,0.5097932840644006,0.21875,False,3
-0.9860568761938312,0.10895021189845751,-0.1257842924937129,-0.060018410940819271,-0.93784370235105718,-0.34182887576768628,-0.15520833501781295,-0.32951334007554606,0.93130625008815193,-25.839738469083638,26.248583324490152,-5.5542706180497099,,0.3729355757696282,0.4444444444444444,False,1
-0.81052206109481895,0.58526070471139591,0.022888774526552025,-0.57473689958697938,-0.78720386151220956,-0.22357901662144583,-0.11283388113396425,-0.19437074867630291,0.97441701921059454,-17.370678203286609,-22.718423208384326,-4.7557884085938538,,0.4617161788174982,0.3333333333333333,False,2
0.91880508908890568,-0.30279790786870975,-0.25320078051747863,0.3668519376306883,0.89182571503915509,0.26470086862628511,0.14566009790240314,-0.33609570212252421,0.93049600477048255,17.62621533971561,-6.1606714636521067,1.3936478653590254,,0.1765535235838023,0.32,False,3
0.38368580358364918,-0.84992516427373144,-0.36112659727945695,0.92079756564547932,0.38180630545682498,0.079723197469545704,0.070121660203733352,-0.36311315075012007,0.92910268136659258,11.713343341223139,25.555637143861464,-0.66736150225631041,,0.5458351284605677,0.2352941176470588,False,1
0.18285444848079027,-0.9185962888385264,-0.35034998045222288,0.98173208285490099,0.18966982300840657,0.015082298675534497,0.052596275192871585,-0.34670768144367203,0.93649741882387971,-2.76930892542339,34.238933273535089,-2.8170020936435529,,0.4078380382618564,0.8181818181818182,False,4
-0.74034833859272575,-0.57143351174146628,-0.35404530670777978,0.66335453654618881,-0.70631183590492208,-0.24715248188964012,-0.10883517991247703,-0.41783648969355641,0.90197980658880883,-19.130832853762545,-22.808386350775194,-5.0624861774684238,,0.1047244193935932,0.25,False,2
-0.045445593791901821,0.99831040167379026,-0.036208285168125881,-0.99896111095470519,-0.045292983414176501,0.0050243858912094388,0.0033759154376417104,0.036399004977581501,0.99933163445955175,-20.119769445542996,6.4099158874108229,-4.6904311273013928,,0.1875384359645192,0.2592592592592592,False,2
0.9399106371151259,0.33280912602000173,-0.07619763694263007,-0.32372002194690302,0.93963149034791349,0.11089639190368472,0.10850503042962964,-0.079565997664590687,0.99090661032566718,-23.876953093577622,8.1685659524400478,-5.2493362011187115,,0.2002012595963248,0.3076923076923077,False,4
-0.45375956276943025,0.89062375392397486,0.029859473231514222,-0.88698140956573346,-0.44816924168739941,-0.1113925935155784,-0.085826792320818884,-0.077030252185160464,0.99332779180299313,1.7143889372615457,-1.6809546691466508,-1.3339745490439563,,0.826710492065156,0.7884405670665212,False,2
-0.67285751960498374,0.73320777624604305,0.098331659008484479,-0.73103037111867153,-0.63863264111681561,-0.24029762005117278,-0.11339027653695041,-0.23356948977229991,0.96570592761688134,0.88837012263480863,19.317676369527963,-1.9064617693404884,,0.4180427057659643,0.303030303030303,False,1
-0.96892837020103728,0.20895249273116892,-0.13235055421490427,-0.19450204354508666,-0.97423527712686053,-0.11416908451211527,-0.15279649366509282,-0.08487921172454467,0.98460588609893707,-4.8524183150073101,1.5288713897400037,-2.3450273044265311,,0.1382761741443777,0.3333333333333333,False,3
-0.61307854547807439,0.78532965432193602,-0.085976922002801492,-0.78306883123668403,-0.61848032151029286,-0.065462183359075776,-0.10458442819130026,0.027192387668460147,0.99414419046373026,-1.1450783038374737,33.085769640289335,-2.5273127884101361,,0.1618702630223607,0.3333333333333333,False,1
-0.92001282659058037,0.3877541731893428,-0.056772353157676397,-0.3628103294405926,-0.89752532132472518,-0.25063312317440706,-0.14813866396055919,-0.20998809193665699,0.96641602712536923,-18.068315414685042,-20.792815334205152,-4.7747240320138973,,0.3245730868772551,0.2631578947368421,False,1
0.97620715000003211,0.19217015858701472,-0.10045013906140488,-0.15530202809153848,0.94291503826606082,0.29460568677873056,0.15133036826582077,-0.27199606754575339,0.95032481756511888,28.169932461614817,6.3024557318226826,2.9700744830440073,,0.1375206534006589,0.1818181818181818,False,1
-0.2670282739817379,-0.85542701318908132,-0.44377981702725222,0.96317654842188494,-0.25191535092431822,-0.093965911578520925,-0.031413969256346444,-0.45252986760553737,0.89119575933712591,28.369877317278963,-2.2125307858019232,3.2357904649740807,,0.4747184092559795,0.2352941176470588,False,1
-0.90831913130360664,0.40574547986699627,-0.10162165751139322,-0.3970940432997177,-0.91281768517061668,-0.095290054127593116,-0.13142555491130342,-0.046200424319030778,0.99024887998371303,-6.5531889632712863,-33.012772605435146,-3.2039163050686046,,0.1836581930785637,0.8235294117647058,False,3
-0.64333029165220823,-0.66403907533652795,-0.38102262697757433,0.75996806407232975,-0.61409680269356504,-0.21291702259728956,-0.092599554171920562,-0.42654099843713489,0.89971556573142164,9.2419090145284493,-17.049469430252255,-0.1066830250261073,,0.3397728616756461,0.1785714285714286,False,1
0.04449085326368514,-0.95560187424623022,-0.29128271818451745,0.99898919740519709,0.040684630487429131,0.019113982050358878,-0.0064146273149207102,-0.29183868622784243,0.95644604331724703,-5.9082810157547998,-41.637979356005701,-3.2166237588907278,,0.3000129388051536,0.5714285714285714,False,3
-0.37887641880021766,0.91722503933934607,-0.12308893730167456,-0.92280506592426159,-0.38448152563988869,-0.024592005736445564,-0.06988182583218519,0.10426976383668023,0.99209089642421455,-5.2628310221025991,-25.434308067015525,-2.839249880224787,,0.08346536715256854,0.3333333333333333,False,2
0.29772347304553659,0.9421120659527672,0.15422577211319841,-0.95396080543909278,0.28745272096200675,0.08561375413761621,0.036325132948156535,-0.17261456600689057,0.98431940767138759,17.987987769992028,-15.468556396182143,1.4426738770902234,,0.5828588454888199,0.3461538461538461,False,1
0.81207424728130728,0.57786165048032101,-0.081310084286375151,-0.57085062115883711,0.81556182409595634,0.094807591467382574,0.12109907194139774,-0.030574891356073705,0.99216943653465572,10.609912877785488,-16.245791891547899,0.16225230102409829,,0.2337666381233876,0.1764705882352941,False,1
-0.89004745170615485,0.454000870494978,-0.041215813727059292,-0.42696187524490048,-0.86187900335366552,-0.27362043173975875,-0.15974695865255029,-0.22593758688606033,0.96095427364332264,0.96475649392756102,-5.5248361532469721,-1.4465965788310373,,0.6712193333911234,0.1919291338582677,False,2
0.36677624440971224,-0.83458094183525655,-0.41103508130338906,0.92785370401190048,0.36024675874048745,0.096487184477370702,0.067547690472022512,-0.41676962982245924,0.90649897141119062,3.5228436330461337,24.109885652452203,-1.6819875971277338,,0.3838824300044829,0.1153846153846154,False,1
0.34516607011245648,-0.86082928090979915,-0.37394295443481851,0.93633968685483238,0.34311961374111904,0.074410493122541763,0.064252430800066568,-0.37582160634330641,0.92446186797607799,4.4909291427230613,-19.746183149453103,-0.94294669339014747,,0.7698045301745422,0.46875,False,1
0.96588079422796858,0.22083401135317762,-0.13530199840066559,-0.21550701988355028,0.97506220967700297,0.053013315692493096,0.14363500869377285,-0.022046013006106958,0.98938514118015475,-14.828853761983241,-34.160163449660295,-4.7077619074050761,,0.1651100742459224,0.1666666666666667,False,2
0.97983554092718694,0.162672392601591,-0.11601726346194868,-0.12947527604777206,0.95918155159760654,0.25140983267796052,0.15217905778482982,-0.23131892218338032,0.96090222739446252,13.754873351984839,26.652109658355709,-0.41997327116600858,,0.3508028443717898,0.2,False,1
-0.54105236178195459,0.83245749017329573,0.11948585215223434,-0.83573415071910206,-0.51635948807532739,-0.18687243883571142,-0.093865707966167111,-0.20096618155541118,0.97509067411141159,-6.7329210750618405,13.582386535147178,-2.8153417096619826,,0.3649904532365352,0.2527472527472527,False,1
0.0043911042583940395,-0.93849595935892238,-0.34526229517624474,0.9999083092492741,-0.00030209536490987711,0.013538162085353092,-0.012809812553300912,-0.34529008529838645,0.93840858142761174,-31.596448697349327,18.027643940643078,-6.3300852456872452,,0.1642788387674192,0.3888888888888889,False,2
0.097205679084130525,0.99183412260239412,0.082559852200275452,-0.99525437647576631,0.096498986645826151,0.012516855921567448,0.0044477027357526875,-0.08338476370337089,0.99650750078587291,0.8232549552529993,17.359875442889706,-1.855932454487935,,0.315485978606752,0.2068965517241379,False,1
-0.100925617640508,0.99456351884267002,0.025640333288931061,-0.99453830755552541,-0.10016696836935902,-0.02932802844179374,-0.026600272714256107,-0.02846024305899944,0.99924093193611196,11.045518605886219,9.0836160781469246,-0.13244646763549295,,0.1842655139373529,0.4705882352941176,True,1
-0.38690031206498676,0.92179730302007767,0.024451598494284382,-0.91941410886267461,-0.3835982017629348,-0.086776241152152461,-0.070610515847637306,-0.056054899421484783,0.99592770987786905,3.7875816512401466,-14.580238219147303,-0.98865223969855187,,0.1367592496879515,0.3157894736842105,False,1
-0.97819884232915799,0.1704345549393724,-0.11865533004678491,-0.13840457097548059,-0.96101291034774028,-0.23937076028215698,-0.1548263530507212,-0.21772976054637733,0.96365063782131588,36.696567436055339,-2.1759719271086935,4.8780614907957434,,0.3101100891853389,0.4285714285714285,False,1
-0.6302138058321568,-0.70307741460923312,-0.32941267128777235,0.77113832860786968,-0.61620850203287791,-0.16010234281314889,-0.090422547466937037,-0.35492144354602539,0.93051304763597797,-33.624114369562115,20.364818054784738,-6.6071257265861298,,0.253186088943158,0.1538461538461539,False,1
-0.37165606346057356,0.92382595785141775,0.091746226586711027,-0.92585534645340217,-0.36156521416280518,-0.10982929186267008,-0.068290906690720687,-0.12576245666857402,0.98970710644919802,27.417858777677612,-3.8676311350920982,3.1240853945640334,,0.163059498722426,0.5714285714285714,False,1
-0.17459447744062936,-0.95602831584336201,-0.23564088726903623,0.98449888947020903,-0.17355425372740921,-0.025315166304961997,-0.016694462529814696,-0.23640808006247829,0.97151042948699917,11.263066036479547,-2.4562780859846933,0.23833452529813268,,0.1893015245554343,0.3783783783783784,False,1
-0.14070847143060575,0.98862637228762673,-0.053094463789257321,-0.98996062155766307,-0.1412180467211393,-0.0059523982923705837,-0.013382594398222578,0.051723875509018399,0.99857175349070426,-6.1069575693233578,-19.904979088172247,-2.8079501015691486,,0.1743491864603321,0.28125,False,2
0.33677350163304254,0.94022679700756984,0.05056855531557769,-0.94062195024186079,0.33351401190307639,0.063235674958939087,0.042590554363814134,-0.068861992805902911,0.99671664510320179,16.781221631915489,-1.8493973416145593,1.1472487443217299,,0.2783475405552799,0.3157894736842105,False,1
0.046620760075644425,-0.87532948066871008,-0.48127414744843161,0.99874804790724647,0.049592644520376254,0.0065502985381752504,0.018133988293611326,-0.48097699516891768,0.87654565687523944,-10.517154687452337,-18.749300794606455,-3.5297261563884392,,0.4234376352311056,0.1,False,1
0.14016181355147656,-0.92875681439056368,-0.34316970400233981,0.98958859973129809,0.14284770459822005,0.01757659161694719,0.032696625266385101,-0.34206039381096437,0.93910894878181095,29.965229934036312,7.7403635103548174,3.2770859668991132,,0.5778373607112488,0.4545454545454545,False,1
-0.67994329128665598,0.73258979532161417,-0.031453337261814707,-0.72438385981951914,-0.67774577335572572,-0.12620891541973267,-0.11377672990223187,-0.063030615490293845,0.99150491539057428,20.882366998540835,-8.1143910394811716,1.9629283304517304,,0.09982343830177473,0.2857142857142857,False,2
-0.9508093233941558,0.28577589348010113,-0.11955655252807543,-0.26994453517442202,-0.95367911673233452,-0.13276328648425381,-0.15195913423093013,-0.093958932594430125,0.98391063644494792,-0.087086681250181958,-0.12480048581908593,-1.6342406187669247,,0.1871185493337605,0.2178988326848249,False,1
-0.23396484254819916,-0.94633277026108564,-0.22296802546862254,0.97223274948738958,-0.2288802893877408,-0.048757501514898355,-0.004892164713868663,-0.22818435761410993,0.97360565202994209,20.522041310095439,11.756565546934837,1.3717280830873035,,0.1019614198730592,0.4285714285714285,False,2
-0.68650984726037079,-0.65365612296143394,-0.31849317501254043,0.72023921363818366,-0.6714268431937892,-0.1744748388068417,-0.099798320388635758,-0.34916996886022339,0.93172991155900831,26.731392722146001,6.7794272128237232,2.7396309136776877,,0.6680370729005921,0.3214285714285715,False,1
-0.71717380501612094,0.69530793845778849,-0.046995788282359438,-0.68651056992554516,-0.71647746004251012,-0.12394872581651648,-0.11985395604319207,-0.0566296739229082,0.99117511533138447,-23.47017825675006,5.2206237509776292,-5.1704565990881521,,0.4896083522960327,0.1363636363636364,False,1
-0.7621642842888422,0.64738041874835828,-0.0020487009729801553,-0.63493470857673728,-0.74812201716520621,-0.19279876368181445,-0.12634682267097308,-0.14564354037808375,0.98123617928971962,-4.7767727336582482,-2.8345984742776773,-2.3109117595721282,,0.1102989865590881,0.25,False,1
0.86087786726069504,0.48892322359304718,-0.14086652935335467,-0.49202878270412637,0.87046172722200366,0.014284902253124919,0.12960314290699965,0.05701283077578851,0.98992553380320403,-6.3009877695467615,29.348589919811381,-3.0546702061875393,,0.117082890657363,0.3684210526315789,False,1
-0.55414812827008697,0.82702550390615936,0.094597398608641414,-0.82688445997176363,-0.53381665472787787,-0.17692334213535132,-0.095822449311026264,-0.1762628577548333,0.979668037237173,-14.26409354034929,-25.142634266317476,-4.3771308079339057,,0.6522499380362533,0.2916666666666667,False,1
-0.78652111992885998,0.60536639222423294,-0.12213131896146892,-0.60376283378167528,-0.7953327021313551,-0.054003087544682402,-0.12982668620038529,0.031263782334410239,0.99104369604189169,-28.657425575427144,23.174402919976945,-5.8993375545817566,,0.3220901537955452,0.5384615384615384,False,1
0.98399529493406035,-0.07486889598983873,-0.16170314765301708,0.087585264837330284,0.99347934788031178,0.072990456353447725,0.15518402279553609,-0.085985078639101903,0.98413641601173429,-30.774424342854775,7.9930292645948073,-6.212745295474023,,0.6836780868404909,0.1923076923076923,False,1
-0.094023117979378401,-0.96439671130286742,-0.24718138383310592,0.99556219602238771,-0.092062307365132476,-0.019505009963815795,-0.0039455210703485642,-0.24791836315775648,0.96877289292829716,32.302197194457946,12.207264336468803,3.5166143252013637,,0.3898779617104894,0.65,False,1
-0.75412544328569497,-0.61976909354204457,-0.21721207719467861,0.64724963089439214,-0.75740587458512332,-0.086047989232858155,-0.11118781901012276,-0.20548141481413174,0.97232435795353556,-14.85162730381518,-5.9837219609362071,-3.9565233462249556,,0.1993083243529984,0.1176470588235294,False,1
0.8547962802855783,0.5015447415640657,-0.13332738435660127,-0.50279472732376551,0.86399661275097583,0.026595400547092134,0.12853319176523509,0.044302656402008804,0.99071514233424651,3.9915982812078306,8.900918865196946,-1.1662539333074002,,0.2472665425463216,0.2692307692307692,False,1
0.98767609716098537,0.017741819973634252,-0.15550290968617753,0.021388665645423556,0.96893253189913064,0.24639860715809414,0.15504338772986295,-0.24668801440597737,0.95661202766308773,13.910876359209304,9.8785637245028912,0.25832125737660949,,0.2685569667138392,0.3103448275862069,False,1
0.12732226022603713,0.99084016629662452,-0.044997854440082946,-0.99181868329301615,0.12760674323782031,0.003495504419284548,0.0092055158378829723,0.0441846572184805,0.99898096805927372,-5.1186627309854327,19.661383545072152,-2.7367153292241779,,0.5801028459180206,0.1739130434782609,False,1
-0.83125376591730049,-0.46923124951106665,-0.29805907322305797,0.54179032277674466,-0.80387136809631754,-0.24546704402103453,-0.12442034718556222,-0.36553092623913092,0.92244605217269293,20.472769693138172,2.747046424632511,1.7363666338162094,0.7505118189059747,0.7106659033061526,0.3137254901960784,True,1
0.98773136879940759,0.049388357493116278,-0.14814699873362513,-0.02217725241574936,0.98341925566901989,0.17998538011371612,0.1545797935208115,-0.17449171247805118,0.97244934557617968,7.9739928113106906,7.3060262664695559,-0.54790624898853146,,0.174590706138811,0.103448275862069,False,1
-0.80247491181308872,0.59634905904074742,0.020045340899866509,-0.58188161216906886,-0.7746862461076226,-0.2475378951013491,-0.13209014092695154,-0.21030696582114555,0.96867082891816403,26.705813347496282,-2.5513110482277472,2.9808877844956676,,0.5801530285772679,0.3888888888888889,False,1
