axis_00,axis_01,axis_02,axis_10,axis_11,axis_12,axis_20,axis_21,axis_22,location_x,location_y,location_z,dbh,dbh_approximation,score,reconstructed,number_clusters
-0.55298620916138419,0.81009117741439418,-0.19482950688404788,-0.82805321078888117,-0.56026691714283283,0.020708975288261031,-0.092380369016070898,0.17278097647202265,0.98061847911908517,-8.8173732050789511,16.768675637088148,-5.4280415680868233,0.2400868772219308,0.1697435246808702,0.6666666666666666,True,4
-0.062160890136934384,0.98993424464215996,-0.1271464314172423,-0.99771561545677923,-0.058256770960567396,0.03420086710811536,0.026449469013251306,0.12898193641748268,0.99129414689430728,-4.6140989342006637,6.7731437996543962,-3.5072720702321245,,0.2678332924127378,0.5384615384615384,False,5
0.49445197639357841,-0.80242599345332133,-0.33411041299387029,0.86475264110384542,0.49298220956469335,0.095767482772791221,0.087864172131809554,-0.33627528318799044,0.93765602497527223,-9.1160254764887529,-2.442684062795101,-4.2173237180881573,0.7196583501618629,0.5834801812058118,0.9921302578018996,True,4
-0.70860900586411102,0.68769400549886384,-0.15795642313373498,-0.68995146205277191,-0.72219403672253402,-0.049017887894645014,-0.14778449451656758,0.074247748271163871,0.98622868294181298,11.406238778776613,8.3599620769501151,1.005772574782053,0.7909342952358045,0.08977299317138236,0.1379310344827586,True,5
-0.67599183995049017,-0.67782462262470622,-0.28911730021571569,0.71236399624634505,-0.70149708791455889,-0.020961214166405735,-0.18860691708494423,-0.22012636509756653,0.9570641641063804,-16.398071062592539,13.471891759362061,-7.1838221188308395,,0.2354841143816706,0.6060606060606061,False,3
-0.71450301097439861,0.66575997289700173,-0.21505605268557848,-0.68474946536212655,-0.7285115968007696,0.019723666319304681,-0.14353960078947139,0.1613521360719366,0.97640251494464259,-26.967219952778393,-1.4470780747609853,-9.1197587379147578,,0.1164157407262688,0.3478260869565217,False,3
0.37949490456500024,-0.8592204956189553,-0.34310895837549749,0.92250650212102758,0.3796554163144516,0.069595390706047214,0.070465388338022628,-0.34293134119152469,0.93671378994597609,8.2784866904958179,18.067156783173619,-0.43896615660975552,0.2069859357953943,0.269026585124531,0.4166666666666667,True,5
-0.92934997494459703,-0.2857995316547961,-0.23372473505467375,0.28776602650076677,-0.95733671977498069,0.026403010480645063,-0.23129923921716278,-0.042720401172978491,0.97194425213650126,-10.870579798357861,7.7881118498864224,-5.3306696939910472,,0.06661582106044885,0.2363636363636364,False,3
0.96786749756887958,-0.0099622159840102933,-0.25126333079548741,0.060087252329229457,0.97943134302974688,0.19262337967772719,0.24417622582323217,-0.20153163162053314,0.94855836520431758,-15.746518470716317,10.516585381676444,-6.8847297171197805,,0.1339664091864133,0.2727272727272727,False,3
0.22566531069112253,-0.89270289994220986,-0.39007268551572405,0.97417464075188875,0.20993501197856632,0.0831327857195263,0.0076770350141595889,-0.39875910419742011,0.91702357655245892,-9.6257255415957292,26.855693984942985,-6.147622561505858,,0.1017375599395394,0.2222222222222222,False,1
-0.56205675023551327,0.80491422829438275,-0.19027688930595504,-0.82171448418158388,-0.56962755459923875,0.017599872939402725,-0.09422057100700279,0.16624540333659799,0.98157269209598752,3.3405609012670801,-11.123253720376711,-0.069298453404550278,,0.1446060499457189,0.6875,True,5
0.80827252887047285,-0.53136053351625412,-0.2536759793410745,0.56578524574792322,0.82018806246973852,0.084726606659887321,0.16304163507304967,-0.21200831493943584,0.96357142943802976,5.0104044548072997,-7.6853059655437121,0.22473018116837662,,0.07413460208581152,0.3157894736842105,False,5
0.83488077667416638,0.5086196838100816,-0.21042838682286655,-0.50437994957188936,0.85999475557899108,0.077523459974965084,0.22039726679294272,0.041413012659843998,0.97453065994489707,-9.6493721008315152,10.028976600069189,-5.1683231868721782,0.2128589949537631,0.1620708988730798,0.5,True,5
-0.26765347284807539,-0.9256581798647866,-0.26742952814110499,0.95750027499279566,-0.28649719884969865,0.033355336004842098,-0.1074934503171438,-0.24713617521659129,0.96299993200323186,-21.244307778713974,13.381121052486723,-8.4738210937979037,,0.1038911253335131,0.3461538461538461,False,4
-0.80124391687995,0.56782619791871936,-0.18863084217605408,-0.57626043438772312,-0.81717604230653407,-0.01213373971626959,-0.16103446035600105,0.098978405914629308,0.98197310438751351,6.7934789554895394,-7.5145782290768635,0.65777634739363533,,0.1467010842699132,0.1304347826086956,False,5
-0.92421971778809398,0.31917418817176757,-0.20963241842947206,-0.32326109053437835,-0.94618411625945442,-0.015423536716321205,-0.20327365938119146,0.053511267441617529,0.97765861304372059,13.122027910685166,12.877227643189718,1.3001105137855766,0.1123204651868965,0.1283847769762939,0.3125,True,5
-0.97128503357290419,-0.05589928753620018,-0.23125884460972954,0.054929299659435868,-0.99843359461955794,0.010636219910811866,-0.23149115662635089,-0.0023720851613010744,0.97283411618619797,-1.3334155299154324,4.747772763223999,-2.3046755062436586,,0.07933269523785542,0.29375,False,3
-0.7497725218073289,0.64092003346975757,-0.16450737442377383,-0.63781891466423579,-0.76620909065995324,-0.078170720136020097,-0.17614822633002925,0.046315657041355707,0.98327344227005997,-17.392204182201109,0.82440463451551427,-6.7847202217950784,0.2043752610767973,0.1159173758460603,0.2280701754385965,True,5
0.97174819445418514,-0.050367231696486124,-0.23058314887750159,0.070086346626438215,0.99447592922511618,0.078137892270018078,0.22537380191936757,-0.092091086230289831,0.96991024391194858,-7.0295281099855886,6.477130475295227,-4.1354176945629497,,0.08416029099647182,0.5245901639344263,False,5
0.5829149514577715,0.80558903091680545,-0.10600222937988556,-0.79281894195606661,0.59247425100636908,0.14287192575906771,0.17789964767431821,0.00075839367341987152,0.98404834240823191,-1.4679766614373224,24.001475977747084,-3.727925710218583,,0.2890726266090103,0.2916666666666667,False,5
0.62250403073192662,-0.72696713461035489,-0.28984050255082566,0.77469355743740609,0.62495043181408827,0.096368303089561597,0.11107935806207,-0.28452722711859268,0.9522109184633013,-5.6610472142072839,17.431401747472687,-4.5083422497711743,0.1731412423621675,0.1128352058642473,0.425,True,5
0.82524543383880933,-0.50673895869369301,-0.24937041057476714,0.53863783122770026,0.83894456731426781,0.077725798446822397,0.16982126103205067,-0.19846319738406945,0.96528394712932875,-13.649490497368708,-10.816212823165634,-4.7564532905867569,,0.07414940278448609,0.2222222222222222,False,1
0.95781647699629024,-0.13901847846228566,-0.25151830756516808,0.19820788920997831,0.95329718349146708,0.22789934752465124,0.20808947366299055,-0.26813866299597267,0.94063830899947498,8.759366305763109,13.234041892886724,0.012621632424210686,0.1878930065601384,0.1059617445138179,0.4117647058823529,True,5
-0.11214890735585621,0.99352217583205304,-0.018338721570250599,-0.99348888805819802,-0.11173437109367529,0.022254429248722257,0.020061203447777034,0.020715126025309477,0.99958412936079721,-19.176235688166908,11.885345389614214,-7.8960436943007721,,0.07848523710781845,0.375,False,1
0.27977615880495638,0.94126011677793686,-0.18908911530685663,-0.95340454127571173,0.29555295976804929,0.060565903338400541,0.11289411693792746,0.16333352544879373,0.98009034166513187,8.1048960233484699,11.43482848114485,-0.097529747749603046,0.2017909217291486,0.1850685165690961,0.2941176470588235,True,5
0.93894979109603938,0.29891229880832759,-0.17036645039979162,-0.25242806485637176,0.93497230886905291,0.24921246702550637,0.23378058489440687,-0.19099272046125934,0.95334590724313473,-19.66928507201359,12.688041350049449,-8.0044062644021938,,0.7300966014776473,0.7272727272727273,False,1
-0.97149708392456646,0.090140341273849317,-0.21924446355859833,-0.070457919013907966,-0.99288375443975752,-0.096007977886427759,-0.22633845800988645,-0.077823961892499488,0.97093477297965891,-11.126579546598888,-17.408995930488487,-3.5703263871765119,,0.1361202892273345,0.1818181818181818,False,1
-0.84081560096113661,-0.48051124860268024,-0.24927507927319142,0.49164731088341901,-0.87056946436118676,0.019792155592033428,-0.2265216256375211,-0.1059138691964838,0.96823045058000767,-8.2967358709088668,-12.472146061725415,-3.1787629746422539,,0.08772805562652478,0.3142857142857143,False,5
-0.83086010385820297,-0.43784491015459248,-0.34345789038607411,0.48248329677886698,-0.87432593515729329,-0.052574018685274906,-0.27727487471123535,-0.20939434988327851,0.93769539301994398,-26.218020286052354,23.513526182253987,-10.328548594750131,,0.249576012189914,0.4347826086956522,False,2
0.32369024788301815,0.94545240500281047,-0.036665696500010309,-0.93826144266792988,0.32574369040518469,0.1164324412004874,0.12202495084253903,-0.0032860364592865732,0.99252159338538481,-15.140539117111725,26.49369063320081,-7.5985938949719243,,0.2988513802432136,0.2,False,5
-0.042016311921959579,-0.96032547299305426,-0.27569841394745948,0.9975460622350053,-0.055789109014077534,0.042301643406041159,-0.056004314583013012,-0.27324450815356471,0.96031294665437328,-1.0410269210084808,7.057470104141597,-2.4328017449826498,0.3879993815026356,0.3510746069568693,0.8848167539267016,True,5
-0.95887481222531779,-0.10385343587143055,-0.26414684994820575,0.14286602072912646,-0.98076338927532114,-0.13301306093090778,-0.24525169642815128,-0.16528048316387287,0.95526643785083876,-17.672315497295941,21.190754072314657,-8.0094278511934665,,0.3275000039145581,0.58,False,5
0.59232020318060374,0.80369252453705664,-0.056877965042201883,-0.79443144783344166,0.59434375180971144,0.12503671212095599,0.13429613396278811,-0.028876126610222985,0.99052042771193793,-24.717622004271416,10.471212706891743,-9.2007255005994217,,0.5166380407368638,0.7794117647058824,False,5
0.69335051425197858,-0.64808077404445219,-0.31504979717571774,0.71106116433758337,0.68622203840550189,0.15326883106972025,0.11686353134060824,-0.33028869844507541,0.9366174729963459,3.6180731564454298,9.3807607171982852,-1.2728925487671732,,0.140599012350379,0.275,False,5
0.96424773072708525,0.17847125471235673,-0.1958936574498138,-0.12521173895885201,0.95832824970300556,0.25676640404865114,0.23355584817034283,-0.2230582369305647,0.94641253622448429,0.72859981476669022,-3.9658983988149341,-1.1828862063251213,,0.1817875833350439,0.5786163522012578,False,5
0.94526943022215848,0.24567951337329239,-0.21472606035630193,-0.23224446542737476,0.96883823932675128,0.086110245015291256,0.22919034134498101,-0.031528443141119279,0.97287087771567538,-4.5267782513135399,3.5643153543617738,-3.2096073928937785,0.2814022527031158,0.1834953269970581,0.2318271119842829,True,3
0.45412789819299421,-0.81643394527500412,-0.35665594777811305,0.88864326778697977,0.44378508865822114,0.11561979805159636,0.063882663530027806,-0.36944608278787489,0.92705371862314578,3.0206767868396458,-3.8121688057523899,-0.57053519901437133,0.6762366092385522,0.525609341284499,0.1272727272727273,True,3
0.61845376413439224,0.76330614030623012,-0.18675834064053665,-0.76345730196510053,0.63993276096577678,0.087286937848034998,0.18613943618741907,0.088599083593021322,0.97852047126378816,1.802418974614783,5.7478510056939243,-1.4979925210332978,0.159400653028448,0.1477270813633325,0.5987654320987654,True,5
0.60982077537220858,0.76398868897514416,-0.21080774426590176,-0.77225614257928044,0.63259955127407774,0.05863666068599302,0.17815462995108222,0.12703972152785548,0.97576730678021628,-12.618567097524963,11.912319419662566,-6.1014706746113738,0.2721003869436843,0.2259837959628538,0.8432835820895522,True,5
0.97217459161093522,-0.044479138948547312,-0.22999602088842216,0.068011265851552316,0.99311106709970243,0.095419474539320731,0.22416741766675452,-0.10840670921343577,0.96850242862583091,-7.9980889202165386,-7.8159602877427607,-3.3787622622453068,,0.09756167381634753,0.4015151515151515,False,5
0.90636819669311441,0.36810489407412167,-0.20735351210420908,-0.3537109803863247,0.92954754697502739,0.10406680674861543,0.23105244940795544,-0.020979629915425971,0.97271507686022574,-0.79310971683084763,-5.5332022266004115,-1.4332578444199184,0.17003453962923,0.1442587408995941,0.4705882352941176,True,5
-0.67490227445088424,-0.63391631119850622,-0.37769965625811863,0.71449255919549237,-0.689310469843193,-0.11979757517926588,-0.18441069056673037,-0.35071524996930847,0.91814569140396585,-1.8344266611830959,-7.9230193512193186,-1.6405630468429802,0.8892981076501453,0.6407837003816307,0.462962962962963,True,5
0.68397105307360684,-0.65635939086058104,-0.31839589913582239,0.71819005848485262,0.68242541116609501,0.13600955145985411,0.12801030603395142,-0.32169536556175871,0.93815001642870577,-14.118968871011774,28.698799554520061,-7.4259712224084895,,0.1149117861723541,0.2857142857142857,False,1
-0.84720285658890859,0.52138264942278845,-0.10201692344148493,-0.51895681425518181,-0.85326887704020749,-0.051147320679143252,-0.11371519127058141,0.0096102214030685945,0.99346690881925115,-24.027562106412105,7.3427507826968448,-8.8960421097033269,0.624679024455381,0.2920877709217167,0.1818181818181818,True,5
-0.77167233356587983,0.62373332245371182,-0.12441282920118607,-0.61722572274814791,-0.7816038620706508,-0.090154367471959845,-0.15347383095178169,0.0072211672946008165,0.98812632692175906,-35.430177333058019,25.552290076214767,-12.885056489968045,,0.3030211121530703,0.1818181818181818,False,1
0.75558499195365736,-0.60883469828212022,-0.24168498112649084,0.63847209617826994,0.76698444319676484,0.06393939549194784,0.1464400981156409,-0.20262076414294125,0.96824590037965719,-4.508101356163448,9.560831593370418,-3.5923331695130516,,0.07410942745075591,0.2727272727272727,False,5
0.3958142249682286,-0.84831154821550836,-0.35170814104454229,0.91693663481381327,0.38617403537107597,0.10048294453059467,0.050579709856028596,-0.36226665809790737,0.93070111280767986,14.202074204075394,6.4234184437876731,1.9292722505656064,,0.2732229028176615,0.4,False,1
0.91555513598264571,0.36441187352501003,-0.17018454515552189,-0.34084818643834169,0.92764248010306816,0.15264973930512532,0.21349779103656596,-0.081752159251125625,0.97351696322164094,-18.152004344860881,1.4152232342156705,-6.9600597060316893,0.573408838271998,0.2324706453634768,0.5175879396984925,True,4
-0.83574363552156938,0.51465818170804323,-0.1914667900346172,-0.51837861638699356,-0.85447108758023238,-0.034099421727649189,-0.18115238270002315,0.070753915018355179,0.98090656932843456,-4.7885140075895283,-15.757875322084123,-1.9149131304176861,,0.2408836661939432,0.5230769230769231,False,5
0.88737988192019412,-0.39249326817343627,-0.24188009343853731,0.42122870413266156,0.90348158413766844,0.079293164515021844,0.18741217670690219,-0.17224999727902093,0.96706081218264484,4.9341857876977091,1.380116736559543,-0.34360947135659781,0.4059488154936828,0.3628195127925247,0.9689578713968958,True,5
0.18131023773158955,-0.93033416395453716,-0.31875529967786886,0.98332584879170704,0.16687993974958662,0.072258984266624374,-0.01403113651078982,-0.32654161922822006,0.94507867297914872,-7.3553163692530781,23.655667613192694,-5.41476695110474,0.1874846087745795,0.2992670053888137,0.4285714285714285,True,5
0.911370507060831,0.33981985121680452,-0.23222029966967625,-0.31543405572886735,0.93910863778253373,0.1362949849725707,0.26439583080321682,-0.050965038616921129,0.96306666928757023,-23.324837118367341,4.9435547188852782,-8.5104164345196534,,0.1182114973293382,0.2571428571428571,False,3
-0.093901856445388815,-0.92362344304555155,-0.37162101234024619,0.99317748571045383,-0.11282855724909586,0.029465209093912547,-0.069144220539175044,-0.36631878483878944,0.92791681989295882,-1.3582045734947159,-3.1834006642044028,-1.7990713253746562,,0.1138515800610036,0.2948402948402948,False,3
0.87610428602519808,-0.41652591443027986,-0.24279094426336495,0.44412528666001566,0.89320624993318209,0.070251867088781061,0.18760066566362754,-0.16937755957717654,0.96753151501862866,4.2100338016457703,11.266191311096817,-1.2338882160624931,0.3196986936937901,0.2912927681006655,0.7532467532467533,True,5
0.81793089155824894,0.53525496604934475,-0.21092931980699575,-0.53289811631328732,0.84303762901404145,0.072850214111783038,0.21681479254072422,0.052817396621731003,0.97478288267163604,0.25954116282987622,-7.8625748733511784,-1.0696805797344306,,0.163141246448437,0.6046511627906976,True,5
0.30197327649329375,0.93071099829254289,-0.20637145621718256,-0.94622603926893356,0.31897331707057708,0.053965781810486654,0.11605353460075585,0.1789778216827122,0.97698439928812564,-2.2061887702341214,11.548464804317172,-3.1321251646410166,0.3157040615349431,0.2278275749445573,0.8734177215189873,True,5
0.63087905427639746,0.74498670106919285,-0.21676354422586663,-0.75422099516487262,0.65439964031785214,0.053961108257470553,0.18205029340220058,0.12944468309631874,0.97473163726754353,4.8752080803632323,-5.7720891981675608,0.012763169961608143,,0.06590817398008404,0.25,False,5
-0.55517054693941492,-0.78333914836675578,-0.27958083347582396,0.81430258456582361,-0.58036900360247279,0.0091170404678568712,-0.16940178446642909,-0.22260188295142172,0.96007887026330851,-9.692421023292443,-6.3234292630338524,-4.1262214541293387,,0.07840355477118091,0.15,False,1
-0.15289017309230871,-0.91989351905270333,-0.36113779721407996,0.98379631197770923,-0.17630371824004565,0.032585510181558502,-0.093645136076903446,-0.35030402872300603,0.93194295745478417,-2.1431867103986715,19.843165241525401,-3.7043599461164969,0.4018942864652915,0.2786460271727316,0.3125,True,4
-0.67745614282952571,-0.69209883460111965,-0.24910314668087111,0.71029315907369772,-0.70353125633865066,0.022965180767084831,-0.19114602458760802,-0.16137835820930263,0.96820463889924746,-15.9146147936645,3.7896342645356871,-6.532840793507031,0.303442379295673,0.2035266695360384,0.7318181818181818,True,6
0.74102364088242811,0.6504964074454439,-0.16654845407244651,-0.63915083524289285,0.75934014426212137,0.12201948664165757,0.20584016484074036,0.016030259279010889,0.9784543205105618,14.900292960368672,-4.5346747756153905,2.625718944772327,0.3036150005419823,0.2138956091211358,0.6829268292682927,True,4
-0.87374826556028395,0.44690564026124158,-0.19193571093750411,-0.44793396204811226,-0.89314922870265812,-0.040492232733292957,-0.18952343937960767,0.050594505339379293,0.98057180356931928,-7.5170513094723521,9.6778593447841619,-4.542409832096034,,0.07337439976010794,0.3448275862068966,False,5
0.16861181796982902,0.976414354617266,-0.13485200383478474,-0.98268004158399791,0.17718791603044731,0.054262125697941248,0.076876463975531634,0.12336713707521443,0.98937887524268675,-21.602652321859811,0.91838710149644021,-7.8616034118789875,0.2970201130396063,0.33821704210066,0.8078817733990148,True,5
-0.96711069224708612,0.14148455404979929,-0.21137414673202326,-0.1226032577144472,-0.987407501802263,-0.099974329617251362,-0.2228572416125765,-0.070771084137120632,0.97227881984073383,-13.829449181021257,-15.033255482576095,-4.4817608345422766,,0.2069846822112962,0.5714285714285714,False,1
0.69832054763981111,-0.63819820195334287,-0.32411644168038656,0.69807025111162924,0.70733428389516984,0.11124808016076207,0.15826034644528694,-0.30394286609497601,0.93945324359064852,-3.9502852851982571,22.470520007675301,-4.3467211975911848,0.5246770267134514,0.3222255345808301,0.6333333333333333,True,5
-0.28549868529848726,-0.85749366462866705,-0.42801298556765188,0.95295492517369829,-0.30144736721891385,-0.031723735340859004,-0.10182048556173248,-0.41693416736756528,0.90321563804082194,-18.547017379778325,6.4103743753998259,-7.3796239091674183,,0.1066934038153071,0.2765957446808511,False,6
-0.19146404626802557,-0.92214117405832563,-0.33615052297000447,0.977943485710287,-0.20836097687524893,0.014568530207433608,-0.083474892892942965,-0.32594686441492904,0.9416955897924697,-3.4528073732629818,17.449104364907484,-3.8712705808312906,0.3728410100891356,0.2363516373957383,0.3670886075949367,True,5
0.16316608294900675,-0.8934311388520324,-0.41851837415415605,0.98641767797393642,0.13960683181767025,0.086545347017273649,-0.018894283674843082,-0.42695518809284072,0.90407536931664134,-30.071539020971372,-2.5462468718560998,-9.8178942801055467,0.2824709311577075,0.2011527892960643,0.2407407407407407,True,4
0.54739777875421314,0.83198860322464474,-0.09028087238866217,-0.82044504973375199,0.55479059421696308,0.13812066078530771,0.16500179448216484,-0.0015364480770191646,0.98629206989865437,-29.818697253401712,6.4988892718266218,-10.26168493950364,,0.1286077154615673,0.3684210526315789,False,2
-0.94346322711786912,0.26347591796489606,-0.2011406963518082,-0.25087685606877519,-0.96417139658142947,-0.086222509260991481,-0.21665166088766072,-0.0308862213093496,0.97576026726232645,0.75697774430738285,3.6956170378471085,-1.6782268599095491,,0.1358115267988195,0.2032520325203252,False,2
-0.78382398813951193,0.59612010967502038,-0.17395623144375119,-0.60317989559990803,-0.79746531250536112,-0.014936160644904752,-0.14762780619231039,0.09321958051701365,0.98464010716965888,1.7917916397315663,16.334079245828381,-2.2042551211278063,0.6323150460881622,0.4347951631154962,0.7608695652173914,True,5
-0.84445904733213395,0.5207131751992794,-0.12548588188632548,-0.51842986402990188,-0.85348683492385136,-0.05282706402596269,-0.13460829640420291,0.020445336523281982,0.99068794014745487,-7.9135575037323385,5.5795504697674447,-4.3701987782206118,0.4321370928178727,0.1493868241288853,0.3450704225352113,True,5
0.91454786493001228,0.37196333447113455,-0.15888826439064171,-0.33253884532729439,0.91507482936753759,0.22815778094634673,0.23026098041210857,-0.15582469145512901,0.96057198919839848,-17.094400890677726,7.8216903506520419,-7.0902968902345407,,0.6372188991227533,0.5929203539823009,False,3
-0.29096333602932473,0.95472930853103333,-0.061905448213716602,-0.95636588708440495,-0.29203708028772613,-0.008867567776982728,-0.026544813202307616,0.05662412179341178,0.9980426252035427,2.6569842179572709,-10.421817162084626,-0.2932095679311284,,0.2170969705730028,0.3424657534246575,False,5
0.2907494420773703,0.94258555372773689,-0.16430835595146304,-0.95041590405267196,0.30432277029079369,0.064009849291168888,0.11033753330322052,0.13755044669615413,0.98432997686662393,-10.726224362020595,6.8005840280757655,-5.2396273210243152,,0.0815777184286252,0.2602739726027397,False,5
-0.97146688347956256,0.15873468453133571,-0.17622540744524315,-0.13234401010364946,-0.97938451218840417,-0.15261402384828643,-0.19681757363657784,-0.12493709301971756,0.97244720447723587,9.271987587205917,-8.2226259304185714,1.34376131963977,,0.2442343866904305,0.2352941176470588,False,2
0.29023384385539353,-0.90736768954524005,-0.30405294251208304,0.95657854564949052,0.28400606848648396,0.065559431556079933,0.026866370875664049,-0.30987808737015216,0.95039663776961458,14.024138983574616,3.9518271126921891,2.0296288231657043,,0.1213223937550127,0.2777777777777778,True,5
0.96993126025568099,-0.077457486368670364,-0.23072426873711258,0.096695885233553602,0.99261412974158381,0.073260461479976627,0.22334559802630438,-0.093367699140585833,0.97025729402023408,4.0306480680273289,4.6750208735111105,-0.79703188083943632,0.3013167158339838,0.2841350222308063,0.9084967320261438,True,5
0.37175214710593774,0.9194524344445455,-0.12809200566828363,-0.91918084731285621,0.38389299639822499,0.08793598381556697,0.13002657826515504,0.08504932751286616,0.98785611342657798,-18.304039003193193,10.239510979289319,-7.5257506830602612,,0.08277647533488815,0.15625,False,2
0.94791713374497566,-0.19193565513489588,-0.25419247007070933,0.23686097808167608,0.95833359003699958,0.15966717655481966,0.21295535826764705,-0.21155952943494299,0.95388289684340388,-5.8025060630918794,-4.2097422198042356,-2.9868943473873082,,0.1181240887540758,0.4396551724137931,False,5
0.79678734445313693,-0.55378095512504399,-0.24177795900394078,0.58380622279246419,0.80873016330599568,0.071594812576420599,0.15588528457847869,-0.19819731758994813,0.96768672686569146,-6.5150210295908542,-13.195433988554123,-2.6423463945332251,,0.07501038595864364,0.4054054054054054,False,5
-0.81124428183815467,0.54681036451399057,-0.20707761937247646,-0.56095836138505839,-0.82775969688848816,0.011815286677331636,-0.16494978622928189,0.12574700579796705,0.97825316690300546,-9.0660831454690438,9.0649630530498513,-4.9448193059086192,0.1696341679469498,0.1087090893728672,0.5272727272727272,True,5
0.58966467071759798,-0.67430063383945338,-0.44453822255371722,0.80120337539547137,0.55777391175489965,0.21670582507293307,0.10182694811497661,-0.48394929338655801,0.86915151387329526,-8.4495701441914512,-13.598333191318439,-3.0921332855844761,,0.3014507093769012,0.2777777777777778,False,1
-0.66458898704705804,0.72327286846621763,-0.18761086332197024,-0.737023093978314,-0.67584671641707317,0.0053079987653831193,-0.12295705444747215,0.14180117647223411,0.98222909197024477,-8.5592433422418797,6.4940024715339044,-4.6428978374141066,,0.06545070038578159,0.1411764705882353,False,3
-0.36751411580109206,0.93001310984222674,-0.0029983676445809737,-0.92676383767701676,-0.36649575395566042,-0.082399341663878356,-0.077731357000312612,-0.027504142489133798,0.99659488172718791,-14.149234524984212,12.605228551600254,-6.5744702672229414,,0.2708725661766133,0.125,False,4
-0.18801215344272384,-0.92120530121898103,-0.34063502926721562,0.97881314160683797,-0.20437619563102422,0.012458108891081482,-0.081094167333923661,-0.33107576725794424,0.94011306360404434,-26.231262484775545,5.2013878978857599,-9.2766634619539978,0.603657566391538,0.2047602313765735,0.3703703703703703,True,5
0.34575179696929487,-0.82951444668222185,-0.43859033007806958,0.93758442303220291,0.3239952988785289,0.12634277182325493,0.037298050617611329,-0.45489870196572246,0.88976178068628353,-23.071631840248873,6.8267792090012911,-8.6046609380453116,,0.1205846966923601,0.15,False,3
-0.84001383050357026,0.5133241765354235,-0.17571298855504927,-0.51664633048537811,-0.85567745404151163,-0.029877480500002523,-0.16569047576342696,0.065683973914982652,0.98398794800140887,2.4125537206771197,12.838453320174324,-1.8309250337161602,,0.08928563101095147,0.4,False,5
0.53215102887206855,-0.8080720614047987,-0.25265554822207398,0.84185717569789453,0.53673497144603077,0.056498373010126196,0.089954311716346297,-0.24276555357757518,0.96590533066124595,-1.4047444805221336,10.378307402108081,-2.8180860158069989,0.1641349036808528,0.1227204978836467,0.625,True,5
0.13990512455651205,0.97930564760206618,-0.14624296460864189,-0.98711131814707798,0.14953446624934488,0.057014813772050289,0.077703292779424005,0.13638142094222788,0.98760432679945964,-24.386214638688685,3.0063228161362177,-8.6578466686685509,0.2886188745485821,0.1581508325095453,0.5384615384615384,True,5
0.71851097035333245,-0.63783198031796162,-0.27733075986190292,0.68075169496681642,0.7266546252744327,0.092467212389476361,0.14254513419166348,-0.25523209134225588,0.95631452162316311,0.72012014595954854,14.772870293171062,-2.4005134270722919,,0.09367911862944692,0.5294117647058824,False,5
0.53020473642719879,0.82780943600862444,-0.18334250768779048,-0.83085481853409937,0.55037515779948687,0.082264550055650268,0.16900653238509242,0.10871395187496771,0.97960097421291581,5.6769677586019798,-8.7376947344793674,0.48600369975177904,0.1634086555449434,0.09692014861202977,0.2272727272727273,True,5
0.28426372252654614,-0.90049598742264692,-0.32909134399291218,0.95873887689305037,0.26832570755976587,0.093920607943101503,0.0037285371396340583,-0.3422108871708518,0.9396157761087961,2.4257649896843363,2.8554177837282757,-1.13026011351572,,0.1154325328194784,0.2752293577981652,False,5
0.64223168492624971,0.74179403575855785,-0.19308047904907441,-0.74359065037759253,0.66407610316883914,0.077947892024844548,0.18604141352886391,0.093512232959753139,0.97808182415330747,-20.112669843457041,10.126013882150504,-8.0100006548590077,,0.07760965970565167,0.2352941176470588,False,3
-0.06185112208427377,0.99367033747065503,-0.093774725421472388,-0.99737570463332348,-0.057991286949509155,0.043344139686036336,0.037631668898670874,0.096209516519396299,0.99464947917696445,-3.4310918093527842,11.993650522208544,-3.5208129940527773,,0.08736437182526029,0.3076923076923077,False,3
-0.90231274599829714,-0.35621795508040516,-0.24277659872266882,0.36292927499742461,-0.93164109560475861,0.018088956028726649,-0.23262426734727634,-0.071788839374236052,0.96991355943838808,6.8179223087402363,9.2813331728417481,-0.38218170803707463,,0.1282293379720892,0.5510204081632653,True,5
0.97527626695541025,-0.054933854683112793,-0.21405250459448941,0.077568992180944402,0.99207749845339976,0.09881947436855297,0.20692813865096224,-0.11298012511985969,0.97181080296647715,-8.6600337950211888,-10.858049373226264,-3.3230619179938468,,0.09507919811235901,0.3555555555555556,False,4
0.55916709505379525,-0.77986971375524672,-0.28131013024135521,0.82427613271070832,0.55934129610838379,0.087784802279612523,0.088887664231755634,-0.28096359912825286,0.9555932393609321,2.5252629328523133,17.739605080834654,-2.1832626980415046,0.3963188401541419,0.2998762864286439,0.9,True,5
0.85781111843624103,-0.43824118867209871,-0.26852326833708717,0.48449823761624183,0.86385324999028157,0.13790946388114089,0.17152709067060215,-0.24839932172309576,0.95335000610142406,-7.469862103965645,19.315822720746709,-5.1728133946609667,0.2070492188336577,0.1528291885708696,0.2903225806451613,True,4
-0.92819551376544573,-0.27640252082500838,-0.24910787764998438,0.30731750810693398,-0.94691059946933354,-0.094425980659828712,-0.20978331067233011,-0.16420098384055604,0.96386150429880146,-23.261581766747899,10.746047608971212,-8.8401051446875645,,0.3956873258237781,0.2083333333333333,False,2
0.84994155359717527,0.5188115597336086,-0.091836381437856135,-0.48777585046605371,0.84071409349968784,0.23510536508790048,0.19918352133381206,-0.15503025020226613,0.96762159254084679,-6.4246146865823333,-14.112302609461029,-2.5223397162689185,,0.2507001136679683,0.3333333333333333,False,2
0.60254058884001171,-0.71654269300996487,-0.3514418983194203,0.78985298257327885,0.59848998642480133,0.13394775873203574,0.11435516918979441,-0.35829639300900995,0.92657789205026109,12.745434278627892,5.109999374345163,1.5516596096806177,1.015530377090219,0.4370966469134618,0.6153846153846154,True,6
0.3535826573820216,-0.85813859793782965,-0.37225992414973214,0.93457978652654361,0.340786484794941,0.10210384124560606,0.039241903810447433,-0.38400874796077733,0.92249517856459717,1.6634505517145159,8.0815669219260133,-1.7871704557163348,,0.2575930531172438,0.3333333333333333,False,5
-0.77159074172344833,0.609641886072812,-0.1816163484718385,-0.61733377076242579,-0.78650894615494793,-0.017398077321319642,-0.15344947951330534,0.098693709849303798,0.98321554547986978,-13.289804468611614,9.8104682228336966,-6.1907065337263258,,0.08490947359008613,0.3684210526315789,False,1
-0.51284457514349513,0.83334888549266917,-0.20620396890946069,-0.85463612867436323,-0.51830973965273741,0.030856139512399634,-0.081163595967559218,0.19205376546487521,0.97802240355749381,-25.57424690191819,3.5971922401568213,-9.051924602555534,,0.07664169563795381,0.4,False,1
0.66525102982737838,0.74417667452277558,-0.060350181522814406,-0.71319831504575681,0.65730597397087842,0.24350979446028323,0.22088284390035079,-0.11895349376297989,0.96801902646181248,2.0018495386498518,21.651321062561834,-2.5320555277228993,,0.2971811849057608,0.3,False,5
0.95367052592258805,0.23110505902900383,-0.19262133754528457,-0.20324871693294999,0.96696213173696977,0.1538642091319628,0.22181633630470807,-0.10758572153355428,0.96913509144518184,-8.5966418490442038,15.617674069543289,-5.3249491525750248,,0.2015338989412854,0.5185185185185185,False,4
0.75656624413567997,-0.57960616309965662,-0.30276098482354791,0.63134643925613809,0.76803730145429849,0.10733302014475343,0.17032084978952491,-0.27235160963668403,0.94700338376126258,7.0202967441515556,16.394877779101872,-0.74632171338717368,,0.1360335655220539,0.3333333333333333,True,4
0.36536914236693985,-0.86839486128718202,-0.33525476088500666,0.92987932882665547,0.35704045080409214,0.088580755869994976,0.042776437754162844,-0.34411114684012611,0.93795399407083824,-10.048674059156687,-2.6876545532655816,-4.4440931836569879,,0.07940760695856855,0.2638888888888889,False,1
0.59405373206632794,0.77740461351856494,-0.20674194131360951,-0.781746732511167,0.61850972700943252,0.079484362001795955,0.1896634114060565,0.1144018552068517,0.97516152810652312,0.46882331608101291,12.97114403807641,-2.422521232422016,0.0524068280176196,0.1278330400349411,0.2307692307692308,True,5
-0.16955586902946237,0.98459698395204798,0.04265661109598276,-0.9855015288555975,-0.16966280036267137,-0.0011272960461368858,0.0061273078054783769,-0.042229295111645859,0.99908915654881869,-2.5402613576759694,-13.151985530524836,-1.5802899169689895,,0.2031307245592984,0.3636363636363636,False,2
-0.10082579814742171,0.98902808084739202,-0.10797042985585989,-0.99415231473077248,-0.095936525479888651,0.049571747944700671,0.038669542839056721,0.11233716381576697,0.99291743266116905,-0.90245467846893856,13.4928939413481,-2.8710956318355447,0.5828656671920159,0.2297818102435729,0.2195121951219512,True,5
0.24250117956695064,0.96023511134552697,-0.1383535646374206,-0.96211662724309654,0.2563504925490247,0.092822521794231047,0.12459844899117219,0.1106026939505349,0.98602346351386494,-19.715374625958702,2.6814983936148717,-7.4732180572490901,,0.1225201067738487,0.3863636363636364,False,5
-0.96134657417436864,-0.11948958188227653,-0.2480625004808347,0.14405495424026779,-0.98605760630234074,-0.083298062475260309,-0.23465066478073246,-0.11581293915144722,0.96515616800757364,-5.921087057277111,16.043022305707183,-4.4863998466338542,0.5242169665959747,0.273143764436563,0.1333333333333333,True,2
-0.93860434404654891,-0.2323510753620289,-0.25501933870797966,0.25050888469540122,-0.96725738353719781,-0.040724104427709462,-0.23720704885313315,-0.1021084314387482,0.96607799074583212,-29.033568424961473,4.7308145482515469,-9.9387915946993068,0.1524390135598118,0.1203340084236974,0.3157894736842105,True,5
-0.73289576867568118,0.67693303674925065,-0.068010705147936529,-0.67005700635098331,-0.73551724463841806,-0.10018977532396836,-0.11784481531760521,-0.027857612908257806,0.99264120048777571,-0.058721712946737781,7.3449331121219545,-2.1496369481882285,,0.2560982827491535,0.3085106382978723,False,4
0.74555821435711167,0.64436887854066649,-0.17009320201841638,-0.63790884409522441,0.76388419715887945,0.09774067707985104,0.19291255954377023,0.035632593214314695,0.98056874449020326,-14.160228149037954,9.6191345580098115,-6.4016894105288271,0.1601598482081364,0.1466540934553407,0.4186046511627907,True,5
-0.86182928943865811,0.48869853586907752,-0.13573509827998581,-0.47125337449688087,-0.87049665440364199,-0.14197123545763929,-0.18753808384154963,-0.058389345873076662,0.98052034726340775,-36.637179519774733,7.4594686726769091,-12.238237911113071,,0.5192025414777081,0.25,False,3
0.97876189260649948,0.056983886369767658,-0.19692128954366495,-0.021732429886358574,0.98401900135676323,0.17673230168837953,0.20384518407992136,-0.16869926396708218,0.96435869844388677,3.4167986476849781,10.581056423258225,-1.4070131897686777,,0.1586255940699085,0.375,False,5
0.62729776504700485,0.750451936461626,-0.20813314255069287,-0.75394744134735692,0.65215592874673778,0.079094249388010074,0.19509169549933525,0.10730580441651044,0.97489727391439529,-0.59922435075868696,10.59460748434044,-2.5838566183885892,0.1932684480897321,0.1659007631214429,0.8240740740740741,True,5
0.88424431987716545,-0.30482215999644391,-0.35382966741084731,0.42707389295030712,0.83436534788604499,0.34848580488632314,0.18899701776810682,-0.45925800703101644,0.86796440609777326,-14.633509144036633,16.371638750877313,-6.9533970760335357,,0.3470491084051245,0.5263157894736842,False,1
0.90228350489283293,-0.28037139809720746,-0.32753069463383272,0.38439209994056911,0.86718184819361677,0.316604415109425,0.19526185060472825,-0.41156715283476997,0.89021642784544053,-30.484410501497237,7.3333403576691891,-10.527176327206174,,0.6856647348243444,0.5161290322580645,False,1
-0.33329446200119944,-0.89306917478651993,-0.30222880512197287,0.93098537290389871,-0.36237927548730831,0.044130444551152441,-0.14893299512975539,-0.26666216406422955,0.95221334438153182,-4.0602604966942026,-18.420640214841434,-1.5906051234864511,,0.367166141121,0.1785714285714286,True,5
0.80262225671797616,-0.53858855459109301,-0.25635889273520862,0.57088938706247172,0.81816684568293008,0.068471310522591408,0.17286648246661374,-0.20130916891369666,0.96415340986323228,-15.670875217115496,11.6661121034914,-6.9075087565855471,0.4475235050119553,0.4140845314170695,0.9285714285714286,True,5
-0.92602979163551025,-0.29798875348384773,-0.23167116307524335,0.31874228037446667,-0.94611900597443976,-0.05711554285501088,-0.20216870110177365,-0.12673408906478281,0.97111600077629312,-8.9215206615555669,-8.7380925787141912,-3.5929326777646415,,0.1477086859893627,0.2307692307692308,False,3
-0.74218662295089843,-0.60715930220625658,-0.28375446861177644,0.63479716385359797,-0.77264606868236485,-0.007114303417296873,-0.2149222591454131,-0.18540667273347222,0.95887057949951393,-4.708071054508304,16.036057806231572,-4.1218135590148313,,0.09502014955351235,0.1842105263157895,False,5
0.29744269893197017,0.93666062120592364,-0.18491814820130362,-0.94818805561142705,0.31245922745060628,0.05752079951454532,0.11165684953413145,0.15822803753792858,0.98106912910814248,-7.0720311131809863,-18.456772181046567,-2.3844354064807991,,0.1050806089817411,0.2307692307692308,False,2
-0.93133562430961392,-0.26990729511452571,-0.24446678084308709,0.27673350766979565,-0.96092361296550399,0.006661514699632276,-0.23671189371172871,-0.061448043819821017,0.96963478551778692,-9.568487478472715,7.2076997723676941,-4.9744978944098994,0.3511708225074485,0.316311842278091,0.8466819221967964,True,5
0.96003701688161147,0.20112585709037853,-0.19462095423339798,-0.15335051393885721,0.9597348136695526,0.23535655356364812,0.23412079380470688,-0.19610578023181935,0.95222370106394882,-23.235594895818529,16.561695653541435,-9.1954584827661154,,0.1383409967386209,0.3076923076923077,False,1
-0.28337745557005478,-0.90685728893539663,-0.31194081999537127,0.95370261271891643,-0.30065349913222483,0.0076681127183855016,-0.10073998296482997,-0.29532580477210635,0.95007058941320455,-30.213978353122947,26.434236623640288,-11.531877853950119,,0.2436372186251435,0.3636363636363636,False,2
-0.83739209758384858,-0.47808995058591497,-0.26496126896752303,0.50053872980388547,-0.86547674936331764,-0.020272549859815248,-0.21962571541246187,-0.14959945006671344,0.96404592715767534,-6.8390465581170528,-8.4901867669208659,-3.0322332044297364,,0.1095384963595305,0.3205128205128205,True,5
-0.92717805717909263,0.30653246012873187,-0.21535714794970426,-0.31349493345149054,-0.94958792794757962,-0.0019219251982817084,-0.20508968034947272,0.06573140789340895,0.97653346334393554,7.8536042388902869,1.2093017240128159,0.4653621681990599,0.8967205408696276,0.6087413023340306,0.8600682593856656,True,6
-0.94176956206948026,-0.18483116611140865,-0.28090484508701297,0.23019052122051434,-0.9633270866247774,-0.1378885351116941,-0.24511714729836798,-0.19452085803048944,0.94977851096526422,9.8452281357064901,-7.1030501837372961,1.432475084981651,,0.2502672106849317,0.25,False,5
0.44722627086337663,0.88925093930553145,-0.096028274970795968,-0.88386372362656029,0.4558400644528347,0.10485587106417191,0.13701671688749673,0.037981608494962182,0.98984029858836642,-0.47932727795524266,18.023413412153193,-3.0912440039898978,0.4162683610692307,0.1487071284535017,0.2962962962962963,True,5
0.26463407413584505,-0.90365323441799661,-0.33671893135396885,0.96394637331771416,0.25796215203968825,0.065291021455329459,0.027860297448010593,-0.34185722171828903,0.9393388333211623,-30.353464810178785,-5.358170236012926,-9.6239157372505915,0.7294199720612999,0.4635354951086806,0.9753086419753086,True,4
