axis_00,axis_01,axis_02,axis_10,axis_11,axis_12,axis_20,axis_21,axis_22,location_x,location_y,location_z,dbh,dbh_approximation,score,reconstructed,number_clusters
-0.36573999647068817,0.928263942108561,0.067530058216295569,-0.9285278583627854,-0.35894435748139797,-0.094841786552587765,-0.063798677304794257,-0.097390975009708253,0.9931992381998781,13.055309569899176,8.0941722948939354,1.0462765149786106,,0.3086717193034086,0.4615384615384616,False,3
0.73194615569221722,-0.62963101799849786,-0.26042197745497581,0.67019829979331147,0.73419701724712338,0.10857706396648567,0.12283755175653444,-0.25400693108575401,0.95937032205444939,8.2503819638364675,14.029859593151389,-0.25974536151812894,0.1690504624822723,0.1873643518854594,0.5151515151515151,True,5
-0.2462910920631918,0.95301927606575321,-0.17633762337467171,-0.96907913378905752,-0.23932693981807907,0.060068696772640526,0.015044282135421971,0.18567949624129429,0.98249518790201129,5.1703052285808866,11.330346188316131,-0.82728293549225418,,0.07914092030040032,0.4166666666666667,False,5
-0.93709920866676955,0.28029069164229076,-0.20804374851170171,-0.29730559653896466,-0.95319987083713742,0.054948962707904545,-0.18290559144740298,0.11334520022811098,0.97657483594577876,7.3958354686075394,-7.6840857191162453,0.63896734163563429,0.3844635595111761,0.3825082136250154,0.9864864864864865,True,5
-0.63521024235680446,-0.70875106206319538,-0.30688740611061388,0.75194238563330851,-0.6582325120928546,-0.036229942202790848,-0.17632525823913331,-0.25377527863884086,0.95105599796157136,15.625532205788145,6.1022294575537641,1.6565294076936126,,0.1654683818134585,0.4545454545454545,False,5
0.87498972352664894,-0.42211741401624625,-0.23708621323686194,0.45887231139424783,0.87921596184445605,0.12812296544190588,0.15436704816267727,-0.22089857677713598,0.96300292482389527,10.279903578019713,-30.90701020049838,2.3449574965936617,,0.1624384847523422,0.25,True,4
0.14692277369062717,-0.92565843320922347,-0.34866913198575239,0.98815379640186685,0.12155416434145208,0.093683828849109085,-0.044337041259319768,-0.35830301444433388,0.9325519699257907,-21.369288688637514,13.856368485908751,-7.1610041641859326,,0.4303383184754359,0.5625,False,4
0.68414879584250587,0.70321104010069013,-0.19348038202297552,-0.7000007821763593,0.70758693775282511,0.096538233224286452,0.20479094242601725,0.069389902738705045,0.97634302952301477,2.7532331213489929,-27.027580107519345,0.52724304279395973,,0.08503335011394146,0.1666666666666667,False,3
-0.62527934037330202,-0.6837496432030914,-0.37618103610093712,0.75857294154909982,-0.64572622670677216,-0.087205117353178374,-0.18328349312438261,-0.33988831336584746,0.92243324722466791,3.6225598230772111,8.3482766999408184,-0.99828246478189442,,0.2537316241440893,0.2786885245901639,False,2
-0.85184927413671585,-0.47264712773298029,-0.22573769467794499,0.47553671397644365,-0.87854465351788757,0.044990281568582119,-0.21958517211605028,-0.069021622850364589,0.97314868738845139,4.8527873849360965,12.447958964229718,-0.94222583323539999,0.2414954630657091,0.2351975561303117,0.631578947368421,True,5
0.63086804123691609,0.77258862527918992,-0.071500563879646123,-0.75027383730977659,0.63092766443863124,0.19753341817139708,0.19772375576636939,-0.070972518168826965,0.97768513237668497,-7.1482527949716825,-22.546454438121035,-1.9032787289340061,,0.130863955990397,0.2631578947368421,False,3
0.68216431597167926,-0.68797751337314994,-0.24766668550248996,0.72492690527314696,0.68060479084455627,0.10610419732761281,0.095565830849681524,-0.25192074105229267,0.96301771126063673,-1.1242645393432036,-25.728982387306292,-0.38745751533787265,0.4001236635966998,0.4138997546074272,0.8604651162790697,True,5
-0.94573358431558374,-0.2033875209578167,-0.25341962003016505,0.24676248650655877,-0.95694172187197635,-0.15287516539254695,-0.2114149066426016,-0.20711363368772195,0.95520033500306589,-21.298002818603649,11.620633784180432,-7.0541482138657434,,0.5069422091104829,0.4411764705882353,False,4
-0.96696582824372912,0.18695505343232388,-0.17327693154322477,-0.1570005306336601,-0.97233615789039018,-0.17295441434003186,-0.20081812764207221,-0.14003643831185938,0.96956788083932577,6.5138377722029039,16.839058354936647,-0.83522155489495287,,0.1583254280459868,0.1111111111111111,False,1
0.11239291352015217,-0.86812565445564971,-0.48345183944877235,0.9926199386610397,0.075794269340125994,0.094661957024725796,-0.045535594461983006,-0.49052326836873544,0.87023757263510992,1.7805565092389108,5.815784041290998,-1.3180807025080064,0.3996157828606543,0.5641168373509284,0.2384615384615385,True,1
0.89790658635343201,0.42617378435066688,-0.11018016026199691,-0.38893519795404535,0.88532546457074868,0.25481019126996696,0.20613872507507089,-0.18594280656917267,0.96069355088373776,-0.40455941639109583,8.4026071374801745,-1.9080957370515892,0.7936188976079463,0.6891286703091324,0.3545454545454546,True,3
-0.57177116317204246,0.81928875090394981,0.042938090399259943,-0.81781809875456468,-0.56502197141217203,-0.10919582945777531,-0.065201950234317602,-0.097550573877082658,0.99309243840736849,1.678145486519051,8.9616620757749192,-1.4808935416815243,,0.1374433765375275,0.2424242424242424,False,4
0.58314608231724985,0.8096138706528917,-0.066828340728214031,-0.78330983771988627,0.58218683585540809,0.21790866501338144,0.21532845796431407,-0.074725287574628652,0.97367848214264241,0.047312542378698558,20.834321815577805,-2.4168557809481035,,0.3500346223396403,0.2173913043478261,False,5
-0.44097751412426361,-0.84068818184800942,-0.31429637754494155,0.88832140752509536,-0.45882516603418561,-0.01909303397407084,-0.12815579959337697,-0.28761579913973717,0.94913289012434521,-12.501818358850802,-20.460312632650218,-3.3013454138951066,,0.3828972775585991,0.543859649122807,False,4
0.88531496719028058,-0.40931073805903195,-0.22064026962103309,0.45765471117095785,0.85096550836149643,0.25770112324568273,0.082277422248748122,-0.32912372033724624,0.94069548872069675,-21.484615246835094,14.916799761254524,-7.2874439670632887,,0.1183994412425039,0.1428571428571428,False,2
-0.96115604815297406,-0.14350482383279969,-0.23576559680258033,0.16420339123747696,-0.9839012091861834,-0.070538336159001874,-0.22184746427460436,-0.1065118589579836,0.96924657672660608,-9.699973708732136,8.1643160365224681,-4.0116465107062504,0.9139327268821195,0.6178353467194524,0.5866477272727273,True,2
0.89004056245371199,-0.32100540482304696,-0.32370252896984097,0.42342961279489016,0.84520999440973243,0.32607886830990529,0.16892353357495349,-0.42728865585724457,0.88819437308522731,-13.741856199681404,-27.018825357347591,-3.2017869129449266,,0.3250221101080694,0.2352941176470588,False,5
-0.87972708596489202,-0.41093535183253876,-0.23919111779910862,0.42014076573009668,-0.90735685305149316,0.01361169321646253,-0.22262522586501182,-0.088519364179588611,0.97087709364975427,0.71917395501294612,6.2805318565710637,-1.5186940572332208,,0.08162542366323414,0.2947368421052631,False,3
-0.96541655834553186,-0.12674002882441593,-0.22783290799587039,0.13160320976912207,-0.99128297198233151,-0.0062180894445813886,-0.22505880131808439,-0.035986588494362079,0.97368038975723692,-12.273978941664478,-27.529534453047486,-2.7818173405791713,,0.27758731035848,0.7857142857142857,False,3
0.57961057322486242,0.81069403279419983,-0.082624261556904069,-0.78453466442934994,0.58255910161077706,0.2124388228153502,0.22035640157407249,-0.058310190552951474,0.97367498579505729,-14.698359043184968,12.366798628699625,-5.4290371223654805,,0.2617036849800229,0.7162162162162162,False,5
0.76477609140727076,0.63058013137099944,-0.13223550178356624,-0.60608501077881782,0.77373388294244982,0.18438231503059188,0.21858291269232155,-0.060865230689884919,0.97391834050499781,3.3563178227438293,-25.304325827563698,0.55131957145368515,0.2086448271914151,0.4173692744405716,0.582089552238806,True,5
-0.79220751285545044,0.58954680448858021,-0.15761288618854405,-0.59253263211379092,-0.80489291818984388,-0.03244179600666821,-0.14598745307622274,0.06769014378134286,0.98696793665203564,-37.114737213033813,16.219125628532577,-11.441904288378192,,0.5007984520184537,0.7872340425531915,False,3
0.92441154999878727,0.35374552791188962,-0.1425741481166139,-0.30840234929776161,0.91323318198293268,0.26625766894673558,0.22439090261519334,-0.20216146222182496,0.95329925312877095,-4.3810706996221569,-31.303996356584094,-0.85005468042346199,,0.4940071324336407,0.3225806451612903,False,1
-0.16138190363661986,-0.94537661529019246,-0.28322947664584819,0.98289185485976749,-0.17978003297134149,0.040034252773720219,-0.088766451032737892,-0.27192314172810617,0.9582162189003951,-19.657591989802008,-30.033844476784193,-4.3690624512703478,,0.2658609335925942,0.6818181818181818,False,3
0.91162366238263426,0.39805490956812173,-0.10244309226485586,-0.35806128597546183,0.89147477615230519,0.2776055456394827,0.20182768311029572,-0.21639087885793773,0.95521755316651202,14.980709421434412,4.2837764347682681,1.6616466722983205,,0.3444352107249296,0.1842105263157895,False,5
-0.92318971757680168,0.35919601861020167,-0.1367441610272434,-0.32956268426985891,-0.9228735532931156,-0.19923062457610383,-0.1977604169122584,-0.13886189126869497,0.97036497909599506,-19.110188928804106,10.596733706670603,-6.4454754572744619,,0.1683099408059503,0.1842105263157895,False,3
0.8452263745073455,0.53204729952200291,-0.050180144564486023,-0.48717114661754962,0.80570895811975785,0.33689367567367112,0.21967396236356901,-0.26030510151919534,0.94020455454255847,-1.7439979905449925,-31.301033120983039,-0.24870135991119674,,0.6227267269762062,0.4666666666666667,False,1
-0.058786117143362925,-0.95600528721080891,-0.28739882264231087,0.9947970751573223,-0.080097081118239571,0.062954244136327164,-0.083204397057156487,-0.28220267259775866,0.95573985994570632,0.19310213714072783,18.735765711362419,-2.3255775000055867,,0.07931736422182759,0.3181818181818182,False,1
0.93068451369522598,0.30979365535707454,-0.19456162794442231,-0.28380268993616603,0.94702321072915585,0.15034317917763437,0.2308297406160611,-0.08470495523134422,0.96930010905105091,5.9369869204108543,19.047211652060135,-1.0521940589105254,0.3555454271631485,0.2796827731174275,0.8135593220338984,True,5
-0.39945596051187954,0.91668363277170184,-0.011227333610793255,-0.9163893893720586,-0.39892324224304598,0.033026259924527381,0.025795787598716216,0.023481145772138362,0.99939142138372905,1.7378922666801331,10.389409890171526,-1.5517335275179258,,0.3194563639147864,0.3392857142857143,False,5
0.81898164487893266,0.55380938821749726,-0.15021393701504249,-0.53178929215986237,0.83086882357097425,0.16388150219563472,0.21556719160278168,-0.05433377899563574,0.97497621835844961,-9.9319277566700386,-22.309727912610615,-2.5774536106616814,,0.2973811675417108,0.3488372093023256,False,6
0.10162625406379716,0.99237731542870222,-0.069709169464871934,-0.986853511775175,0.10941593904276241,0.11894662071868556,0.12566722238501524,0.056704639192152462,0.99045057075662424,-0.10215196956010392,17.21399826965051,-2.293920502820944,,0.4097575290266939,0.6153846153846154,False,3
0.95621116610123058,0.24421053779310117,-0.16131155896007865,-0.19660955867700339,0.94425379342056304,0.26406335423097371,0.21680610521883509,-0.22078493345716105,0.95092014696196137,-0.15659385881029125,-23.508250616302202,-0.32282222047774517,,0.2579714198362902,0.1764705882352941,False,4
-0.94580926814864041,-0.2319325946942391,-0.22727098319523492,0.26145578031831046,-0.95899471119069557,-0.10940758130228297,-0.1925764866806805,-0.16290001665644507,0.96766620347672239,21.285237394498637,2.7966015701020277,3.0561983859346049,,0.1947799098506112,0.1578947368421053,False,3
-0.97661483723352394,-0.00084807298300137827,-0.21499474520916617,0.00071476388621038393,-0.99999950109306701,0.00069780097813199743,-0.21499522973295418,0.0005278123090792365,0.97661495616555138,-7.8490771906037011,9.6129166347052202,-3.661997798432592,0.266231892131567,0.3743536105998431,0.5740365111561866,True,5
-0.47955381699590716,0.86251171441181107,-0.16156014083633141,-0.87645132654793456,-0.47983762131295288,0.039861376858985664,-0.043141729184431918,0.16071527517671255,0.98605749909822782,-14.240941302641058,17.589128718653438,-5.594454996677781,,0.0660709982708161,0.3076923076923077,False,1
-0.79499588605737403,0.60440700987615881,-0.051707906207960147,-0.60095005350453845,-0.79632744071342765,-0.068714193291451064,-0.082707764718573218,-0.023553631978173506,0.99629546424536819,-19.426908548815756,-15.028323072732309,-5.2218593095081074,,0.3341354634922832,0.3333333333333333,False,2
-0.96069196966721926,-0.14052407222763391,-0.23942415195940442,0.16399341499873982,-0.98313016725832159,-0.081001444824609775,-0.22400245367845509,-0.11708142188744503,0.96753027931679969,-10.442171248213352,13.387972378701388,-4.4972089900011341,0.1791760997223273,0.1257908333029691,0.4468085106382979,True,4
0.89531821047003723,-0.31219581354013337,-0.31770910595817736,0.41292606775382457,0.84919222644164172,0.32918782650707401,0.16702504174552379,-0.42591822754972797,0.88921105417713098,-25.662366315640657,31.556682302557267,-8.9756635177509168,,0.5085070085946012,0.2105263157894737,False,1
-0.85125326305078897,-0.42917388243128418,-0.30195638887800008,0.4751117805850823,-0.87464456113976619,-0.096258441800696898,-0.22279290404915605,-0.22540335025789587,0.94844960414239177,-18.848493495971834,12.092259254709182,-6.4365118260713485,,0.10799250179351,0.2045454545454546,False,3
0.35343369224580684,-0.88483320293452761,-0.30357013715140108,0.93532692842445786,0.33972354933059862,0.098749415159223336,0.01575316316060367,-0.31883869435004986,0.94767807025149098,-19.936965430486957,11.54452461231379,-6.6901786912029237,0.6936803216195393,0.2754373425974348,0.5972222222222222,True,4
-0.8818773009000821,-0.41475080583025326,-0.22421907862699811,0.41619086920769599,-0.90825396534496128,0.04312649792522745,-0.2215346170360897,-0.055285653639146559,0.97358405387329749,5.9925190518000599,-12.310276535508601,0.5059050822297726,0.3520510600589095,0.3208003541951461,0.9216867469879518,True,5
0.86399480306154131,0.48503009256416457,-0.13512508867655398,-0.4522510448182912,0.86554781866225894,0.21516497407749707,0.22131871304390993,-0.12479095686869292,0.96718418325590072,-5.5721169142923692,-25.784397824693173,-1.4252774774889345,,0.1685895562479507,0.2105263157894737,False,1
-0.70290838748036677,-0.66437845204142632,-0.25400998262428354,0.68444954604029895,-0.72895175098233345,0.012576313649843802,-0.19351645339603418,-0.16501702094883605,0.96711982973269262,10.005675846560409,3.8557912325362653,0.64125677099412803,,0.1014073578495891,0.2608695652173913,False,5
0.45967590450504464,0.88228756580893852,-0.10132479477604349,-0.87296980802256596,0.46986232136430706,0.13096989441543105,0.16316181262327809,0.02824978196522504,0.98619479451090397,18.307626037745674,8.5183544137793756,2.1091846786153181,0.7608396647241731,0.2776545769913534,0.1428571428571428,True,5
-0.24986714013437439,0.96349221577545496,-0.096172565844802355,-0.96819387477315566,-0.24728374192698296,0.038096874285594842,0.012924129866724851,0.10263284619795592,0.99463534310243307,0.61096425031989221,13.444552943376681,-1.9574583280699671,,0.0795174489456466,0.3076923076923077,False,5
-0.96082140932326821,0.198911791428663,-0.19301895921564308,-0.18950760544381642,-0.97964435372841185,-0.066210329156369152,-0.20225994874171396,-0.027037741005565934,0.97895856587309993,-13.192966748956735,16.040371458322724,-5.2558193793467529,,0.3311242230814404,0.3235294117647059,False,3
-0.56201095259455958,0.82712549533788493,0.0026653566015834018,-0.82712568293673905,-0.56199508952946009,-0.0049622546495328296,-0.002606490013052784,-0.0049934263619554053,0.99998413582565371,-32.188763349829145,14.723659122460797,-10.157167691871107,,0.5363890730448202,0.1794871794871795,False,2
-0.50205119633814599,0.8547109692349345,-0.13196118870681225,-0.86293831579863789,-0.50519018276398509,0.010970066795684304,-0.057289260617035931,0.11938190109212547,0.9911941799211611,-6.2530691699321022,7.9022874185708023,-3.2190312082613808,,0.1317421327475247,0.2477064220183486,False,5
-0.96786401124287036,0.13559082424392077,-0.21178853633215472,-0.13848662047115526,-0.99036361238188653,-0.0011709911955596897,-0.20990643556437338,0.028196518415508073,0.9773148134853501,9.2811890913964685,11.377803801260356,0.04643685733991422,0.2041916933850944,0.2442208084361491,0.5,True,5
0.78625768789456363,-0.53662812742706911,-0.30631536213649502,0.60079000759072276,0.77978455402734626,0.17603242905644539,0.14439603528433317,-0.32243805940752435,0.93551241725573875,-14.667111606838589,18.524081838078015,-5.7178278687447834,0.853860640963896,0.6495031338921091,0.7931034482758621,True,5
-0.29043575829121493,0.94047595350695712,-0.17649943677243884,-0.95688074013512581,-0.28445941231356819,0.058839543715723738,0.0051302499219957956,0.18597801918882931,0.98254051158938915,11.249493591982457,13.668922786046455,0.36780429369765288,0.2268414949560337,0.09437155920589764,0.4666666666666667,True,5
-0.74303718153094078,-0.60712251298416153,-0.28159900761606327,0.6330530555573316,-0.7741070787253661,-0.0014351016707002534,-0.2171165026249296,-0.1793334461138687,0.95953110392151575,7.5480797208346138,4.5451919264097826,0.10704448233604417,0.9053106183496828,0.6896769683672928,0.68,True,2
-0.65532337136984198,0.7404756002183922,-0.14915483370537047,-0.75018274757986647,-0.66108093102581389,0.01406584045006868,-0.088188004683105975,0.12111105694880206,0.98871380475583415,-11.072445667812401,17.360709321694543,-4.7599612671412945,,0.09656061488583723,0.1923076923076923,False,2
0.84254928684479347,0.50683232322733407,-0.18229562630330062,-0.4918992876154622,0.861932799211103,0.12291029447329918,0.21942148956000307,-0.013886892240353735,0.97553132401946696,-18.611204731502806,-19.719184359638803,-4.7086129618148567,,0.1620007508578994,0.3214285714285715,False,1
0.61333009517381998,0.76911393379676973,-0.17969404885452053,-0.76707700937612211,0.63425431091259798,0.096510780617348829,0.18819951126572484,0.078646207336674157,0.97897687308276027,-20.436203533343669,-18.74255644165336,-5.1709083710304302,0.1901007820979251,0.1186672551000696,0.5454545454545454,True,2
0.37779529851556209,0.91546088719578855,-0.13857155708960667,-0.91371313973793022,0.39281985126667207,0.10402337583968538,0.14966299038102965,0.087315110178767807,0.98487413451906569,-0.025439363872584941,19.640540067965269,-2.3867739668415622,,0.08566909970431383,0.4736842105263158,False,5
0.34839322636432063,0.92868557955633413,-0.12714265274711883,-0.92655323450476001,0.36172470606645885,0.10321986557780864,0.14184943937931555,0.081843334152814251,0.98649906497802831,-12.186251044832598,18.760604090829197,-5.1181626895460619,,0.1077246195675936,0.32,False,1
0.4409014374484273,-0.83404544121132107,-0.33162346788266561,0.89687671808890468,0.4237606486068683,0.12664543119419625,0.034900931305455907,-0.35326352017566309,0.93487261715546732,7.9523858880274965,7.4356141812661978,-0.013070971172087083,,0.142304328664341,0.3448275862068966,False,3
0.78259862923307433,0.59738745502688717,-0.17512171224325995,-0.58422367728123548,0.80193934215298612,0.12480379165404556,0.21499321018698062,0.0046389744269974414,0.97660452563448719,-14.351074523873127,19.897218332800598,-5.6806724291581325,0.2016679728813957,0.1716317049360551,0.4444444444444444,True,3
-0.58479420269514237,0.79828968117641019,-0.14404626139340301,-0.80803619293116169,-0.58889149314636247,0.016861797447514211,-0.071367019045675023,0.12625527405661846,0.98942728604249708,5.8233175845759577,-25.031888019404548,1.1013908824950451,,0.1241687628026377,0.2941176470588235,False,4
-0.8972508829952941,0.42484338413417688,-0.12020379329117356,-0.4048990414403793,-0.9003098015925397,-0.1596841488597584,-0.17606140748281238,-0.09460634288367642,0.97982244344643843,2.4681571235957089,20.886225009784088,-1.9472071225985856,,0.6127314988655569,0.3448275862068966,False,3
0.82513032857787161,-0.52016143517214886,-0.22043598213681892,0.54883359877039972,0.83057575545445383,0.094475368811110322,0.13394633896342761,-0.19893716548426488,0.97081531841405411,17.518803315133667,3.2312259653700801,2.2235294728645529,,0.09020100582852872,0.2380952380952381,False,5
0.31966706627173008,0.9469476016153916,0.033214553076656328,-0.93911491602186259,0.311972003215093,0.14400223510491564,0.12600056050063713,-0.077225054255848136,0.98901979239482662,-1.5095332895488771,2.2673717544628387,-1.7804838058885528,,0.6073598394944558,0.308275426405559,False,3
0.93530405602457667,-0.16976550545008187,-0.31046094109123357,0.22933046173591812,0.95900442050970591,0.16648741923291069,0.26946959402494153,-0.22691450945702557,0.93589312599992514,-16.606900091339661,14.384214655981324,-5.9624241815556802,,0.1746287451526476,0.3076923076923077,False,2
-0.10842791386434922,-0.90722458986866539,-0.40643195129401077,0.98983447698253746,-0.13637927062859292,0.040353472211447652,-0.092038555354440166,-0.39792491512902894,0.91278949722694713,-19.997813294875993,12.655641521437275,-6.7565985286711996,,0.1628439965064868,0.2272727272727273,False,3
-0.25115687514666363,0.94823658811447487,-0.19433887163298674,-0.96785886581809166,-0.24332043719225102,0.063595445606496895,0.013016909152337212,0.20406503327515765,0.97887078936421856,-14.758504085169493,13.50829543448871,-5.4854138749969747,,0.07424349018990692,0.25,False,2
0.79322536505643504,0.59639460874772254,-0.12291049950161331,-0.57059481667910195,0.79847625089447882,0.19198237402542739,0.21263836768096958,-0.082153194789660794,0.97367128805147818,-19.389229956297129,-18.877280313135206,-4.9250267434112001,,0.1331814905541946,0.3333333333333333,False,2
-0.88286235924622114,0.44228762160782592,-0.15791046323372221,-0.43137904781508613,-0.8966540342876983,-0.099617568238463017,-0.18565067124130141,-0.019829336047578694,0.98241570920846266,-11.086889386624252,14.793770002984544,-4.6446969920124497,,0.2281704554586703,0.2222222222222222,False,3
-0.43571977077814333,-0.84708374413381848,-0.30429822835053261,0.88608362466886526,-0.46307982208669002,0.020319657227543496,-0.15812682076968296,-0.26078000076767827,0.95236006833176368,5.6333395909389319,4.8303931679059078,-0.36401028794382861,,0.07247261376425798,0.1875,False,1
-0.38875873360240171,-0.84428416219916647,-0.36885078352568018,0.91046769761736401,-0.41336173920003305,-0.013440392883388164,-0.14112129053829098,-0.34105179375745154,0.92939144354337144,-15.862557436037967,-21.964297878411106,-3.9479482859590722,,0.2127870124911962,0.25,False,2
-0.13010327484056666,-0.8873500290918992,-0.4423607845937122,0.98267141114227896,-0.1748072833890022,0.061638554475254223,-0.13202286013945391,-0.42667591863703969,0.89471650529977143,-8.4426769785074249,-22.587731105707014,-2.2132919822192636,,0.5563136426381756,0.4385964912280702,False,2
0.73120959405640884,0.6696769267374999,-0.12986663680590821,-0.64805909699390296,0.74139284315154119,0.17422990250562573,0.21295994074780267,-0.043237320905554294,0.9761037842963225,-18.577684076466856,-21.93931539701849,-4.5744290282574935,,0.2031803742643105,0.2727272727272727,False,3
-0.26151609986053709,0.96516355949710309,0.0082844995391496978,-0.96519836698235084,-0.26151694239208584,-0.001000608063312286,0.001200786548679042,-0.008257860544659823,0.99996518231930875,20.658777497519768,0.42321352105907201,3.0677193270072691,,0.4531890263388181,0.2222222222222222,False,4
-0.96055288025044894,-0.16022106774416667,-0.22730458352942692,0.16406054697271993,-0.98644818645073795,0.0020278991746078764,-0.22454910636557662,-0.035343809910216989,0.97382160272374918,7.5029802968648829,11.992646654998236,-0.3568846771182082,,0.08513081265074032,0.15,False,5
-0.54639013239011824,-0.77756006463331995,-0.31122045098954365,0.80648386145071371,-0.58869929854076475,0.054926470095541031,-0.22592389082665387,-0.22098298980925535,0.94874913110300552,-4.1941204275655659,11.888571975454049,-2.9105966614862737,,0.1163237397691633,0.3714285714285714,True,7
0.90283342766586161,-0.26872701554296186,-0.33567483225062633,0.36202683582624023,0.89627083618951564,0.25619359542695275,0.23200942228873794,-0.35282343929155446,0.90646966229197479,-11.945886195428441,-21.813261228654607,-3.036866234646757,,0.5338169953546331,0.53125,False,3
0.010637279414548246,0.98429207191580526,-0.17622702814933605,-0.99716462270523476,0.023571271626467358,0.071464049556663634,0.074495392554055365,0.1749671749717682,0.98175196672612519,0.17332984104793273,12.650636130858043,-1.9919147580052514,,0.0722377698064228,0.3513513513513514,False,5
0.12532430782234466,0.99204571875784953,-0.011794480195045476,-0.99023201577250275,0.12580976050412057,0.060103736165245683,0.061109514872692561,0.0041468127660825305,0.99812245297654079,-13.485700001084686,-21.208451936025497,-3.4589983129348632,,0.7760262144144994,0.5535714285714286,False,2
-0.94431194824594122,0.25860108801526172,-0.20347093570649671,-0.24482846750119697,-0.96532208051074442,-0.090621754449043496,-0.21984987127803793,-0.035759728127185364,0.97487808260484532,-10.281122362265824,-24.985391595256058,-2.5202665665205211,,0.2193093254180561,0.5,False,5
-0.94604153362860088,0.30054855869047448,-0.12114446136213756,-0.26347826885488518,-0.93107294884601399,-0.25235365217967431,-0.18863885731968591,-0.20681810316378413,0.96002169439698448,5.0870530832770617,14.288158466924338,-0.98495868222862892,,0.4418017996553577,0.3333333333333333,False,2
-0.81069800113133095,-0.51800466422409031,-0.27283679884456957,0.54408716140155511,-0.83867426353455055,-0.024385251337190945,-0.21618952740515199,-0.1682160739253748,0.96175123639820204,-5.4018726461675328,-29.072143246340261,-1.155592705308006,,0.1338774401287235,0.6,False,4
-0.7310277659551071,0.67881777447001979,-0.069316913277023662,-0.67278160434233714,-0.73400106175514324,-0.092775827675496358,-0.11385656881021908,-0.021186561917679536,0.99327126774757368,22.361319812114498,2.1468847228412766,3.2968301616812301,,0.4991868626518625,0.4285714285714285,False,4
-0.40932351882693258,-0.85342728765742826,-0.32267029862821761,0.89912831735983845,-0.43738366317674149,0.016241924386002984,-0.15499201868742646,-0.28347380102538622,0.94637206122931183,5.1575980755076216,-31.638223171241485,1.2745002486436059,0.3689124645325023,0.3427890215610297,0.8461538461538461,True,5
-0.70504838095091704,-0.6586615445182602,-0.26281504959060276,0.68083209710943138,-0.73238384401646983,0.0090310890391694723,-0.19842992733976603,-0.17256556665939926,0.96480396409812508,-9.2553302356343341,14.750173947420778,-4.2302120408177704,,0.1198543539143994,0.4038461538461539,False,4
-0.6794988509415687,-0.60598413314876332,-0.41359949460925272,0.6865864708446221,-0.72392362730834381,-0.067332012281354811,-0.25861231529494932,-0.32972384232365032,0.90796578029191932,-7.7282119986558726,-24.699041417180148,-1.9244624216863373,,0.6500105864315865,0.6266666666666667,False,5
-0.51735553389241817,-0.81233247262039143,-0.26918247617059632,0.837242873169596,-0.54556150043125551,0.037242725114025051,-0.17710907056842853,-0.20610337982100121,0.96236883467241874,1.326067573202554,6.6975311003463283,-1.3981622770232056,,0.3113295969979923,0.1428571428571428,False,4
-0.36992992103210043,0.92645177344569418,-0.069562669618915829,-0.92901521505899876,-0.3696062529518066,0.017942908565955352,-0.0090875582014686984,0.071262397224985174,0.99741620551687538,-2.7495226224726177,14.035289862485012,-2.7114765498758242,,0.398185154748956,0.1276595744680851,False,5
-0.088802005486353905,-0.92019090358353584,-0.3812648748360089,0.99256651172278199,-0.11373393087138989,0.043316426156953643,-0.083222134243664425,-0.37458416134516143,0.92345047644217071,-4.5222388279459489,14.607183559666744,-3.1636462153324874,,0.2168151590657204,0.2972972972972973,False,6
-0.86842850099507907,0.49283141139245368,-0.054305972087443311,-0.47027482853991692,-0.85343938347851755,-0.22468378750937906,-0.1570780834527587,-0.1695830730725511,0.97291729197608479,5.4980642928596062,7.0197892718131971,-0.50511602820567325,,0.2255425033095088,0.5714285714285714,False,1
-0.014328441356685862,-0.88809969608094053,-0.45942749764160856,0.99958262991852986,-0.02424953194015466,0.015701151736098734,-0.025085089863195506,-0.45901077331760498,0.88807648783476456,-11.972470994944057,-22.91550570244177,-3.010051685215021,,0.3336721079457141,0.1111111111111111,False,3
0.19862310543829265,-0.86731626874992307,-0.45641138455099961,0.98001740730773224,0.18085042593155842,0.08281910899185424,0.010711832704052397,-0.46374089037099742,0.88590611423447985,-21.353665157552591,-31.950649748216115,-4.6545608305232777,,0.3859846087039563,0.3157894736842105,False,2
-0.49109869070930584,0.865064147227806,-0.10240164629846228,-0.86990982988639176,-0.49317817960532023,0.0056719510058547279,-0.045595656050065894,0.091865686424324258,0.99472696344632827,-6.2797565261447721,9.049327049334412,-3.3019961227938555,,0.0800625125002431,0.25,False,5
-0.77521059425025984,-0.55127055811044501,-0.3084628118959527,0.57846506074105697,-0.81569729348697073,0.0040123434395455682,-0.25382416761215815,-0.17532454807764319,0.9512279404944779,-11.816059458148873,12.40555461377212,-4.7105781872272408,,0.1597254940385172,0.3061224489795918,False,4
0.81093504483906509,-0.51324537945195059,-0.28100450801203636,0.57162107111995319,0.79749260168243752,0.19301528777134244,0.1250348115667822,-0.31715095890285427,0.94009657225386123,-16.850294224161814,-20.401746539881405,-4.2732022521757465,,0.2545192267628255,0.3670886075949367,False,5
0.13481701513002897,-0.89491725107027043,-0.42537922630079117,0.9900449705594021,0.10413980936147466,0.094688206109251202,-0.04043919758677026,-0.43391014489521446,0.9000481417432914,13.261776358491939,9.7834221108570762,0.99350356096388159,,0.7264210619469372,0.391304347826087,False,1
0.10773323329418337,0.97678770250663915,-0.1851467922373545,-0.98976619262914955,0.12290734946138807,0.072502878403365834,0.093575821515913482,0.17544106611673693,0.98003265147006413,-0.50122062473344398,-29.412839133625965,-0.029859496315556379,,0.2061013153957916,0.1,False,1
-0.97660696848394779,0.032039371608773036,-0.21263185973769338,-0.0086880204546902467,-0.9939092503665854,-0.10985863796858628,-0.21485657404225281,-0.10544136144155666,0.9709370586645556,18.200885700906959,1.1420878416599081,2.5328076925943237,,0.1026058689299665,0.1666666666666667,True,4
0.37752853990141022,-0.86797064163960969,-0.32264402491234245,0.92590279431787514,0.3588294031971736,0.11809096017694945,0.013274676427805401,-0.3433197120074627,0.93912478314271564,-9.6085206992588308,-28.695507231116398,-2.1636514788310421,,0.2533223666496899,0.46875,False,5
0.35134840862642369,0.93610592854364016,0.01612409070705878,-0.92161206353941028,0.34277288450904392,0.18203833108436329,0.16488025986851837,-0.078819034444730152,0.98315922398912114,6.1924342084913455,31.027739348222401,-1.6485385028427417,,0.4246331489715726,0.3043478260869565,False,3
-0.96950333210690565,0.1354137867334258,-0.20427039774798494,-0.12903703555286347,-0.99065048151280211,-0.044283935396268459,-0.20835722327132014,-0.016574976348884926,0.97791233639304176,-11.538242028197098,9.3674603733389201,-4.5387457885355946,,0.0955943387865682,0.3225806451612903,False,6
-0.98411072771433106,0.048945576252921397,-0.17067631986552673,-0.027470256637933298,-0.99165135121951253,-0.12598802571975559,-0.1754179597356445,-0.11929764536563654,0.9772392804284934,-16.257494214333597,16.991688526420234,-6.0604062491305379,,0.6257630687658018,0.746031746031746,False,3
0.87400310451251395,-0.3609757418541133,-0.32529231023090599,0.45715560887293427,0.8377429719921593,0.29865609344823502,0.16470374184730666,-0.40973555700063008,0.89721204336036364,-17.75986859974779,10.928357537029273,-6.1239690546468664,,0.185266093972479,0.2307692307692308,False,3
0.70358676409734611,0.69787201478780259,-0.13394146618220459,-0.67965109743823948,0.71590114546623007,0.15987474994862907,0.20746096292561239,-0.021452293494006097,0.97800805107413369,5.8584248225618021,-28.629145438131374,1.3404260766767384,,0.2768529554686929,0.4193548387096774,False,7
-0.75200391437743919,0.64822376941712112,-0.11956612197302606,-0.64941929424052425,-0.75966851553736336,-0.034034199996453705,-0.11289239579860541,0.05205469492676118,0.99224272015819481,-34.481792726928639,16.417674219026615,-10.776655592433745,,0.1387458473728781,0.2666666666666667,False,2
0.68608271713268021,-0.60220551735892691,-0.40821442908636335,0.72069925834234105,0.63924862875561528,0.26824199831283912,0.099413702660338499,-0.47823603533875675,0.87258650587023689,-5.9994015243543215,5.6121212466207302,-3.0189615629423723,,0.2966619230257581,0.3490196078431372,False,1
-0.97066201400203778,0.060154275616522299,-0.232801885083776,-0.03832760735247201,-0.99452924661991893,-0.097172898136526298,-0.23737364868102551,-0.085399301769209207,0.96765733096442197,-0.34235000603003896,-22.116812922134862,-0.40810493905412637,,0.3921443794338317,0.2608695652173913,False,3
0.92829038045811396,0.32596568994703701,-0.17895065947428943,-0.2893932476250291,0.93547840659986681,0.20280951411216905,0.23351342098039995,-0.13647900850580513,0.96272787560104645,13.581368802852177,13.990434514918144,0.77145437872636402,,0.1828216573570461,0.3684210526315789,False,5
-0.80987589119706616,0.57633148079608132,-0.10928433145311736,-0.57592972988452973,-0.8165960252115595,-0.038417155592467035,-0.11138216685309811,0.031826967371699599,0.99326786772503128,-3.9086911952459271,-27.654618051686327,-0.90628944431293479,,0.2091289428698082,0.2105263157894737,False,4
-0.1080901086425398,0.99412886634373099,-0.0049320904060292936,-0.99013780765179027,-0.10720873742302134,0.090185411673225982,0.089127157882160107,0.014631600127497424,0.99591278032042474,-17.958088240233455,12.858796077436162,-6.2440470577354352,,0.5978175990799313,0.7027027027027027,False,2
0.96904868354848728,-0.086347067915631473,-0.23127652880333002,0.1302327437640208,0.97467718465002318,0.18177958679235628,0.2097238216432247,-0.20627304619139711,0.95575485824048156,6.8392079577057823,-26.67562532833869,1.44781935019226,,0.1351040826751643,0.3636363636363636,False,3
-0.97620781066928863,0.046832855705918081,-0.21171913946241136,-0.04171220384933174,-0.99872051931773942,-0.028590493940085247,-0.21278722339066114,-0.019078991591143041,0.97691227325771646,-6.8535510154796588,10.911524373564008,-3.5074623621491652,,0.6294447629007147,0.3216374269005848,False,2
0.24501153629678427,-0.90191320734950997,-0.35569918961112273,0.96950707362217137,0.22601676732947551,0.094723044094388226,-0.0050379835314585814,-0.36806111896593158,0.92978794971083756,12.757488424857643,-32.543198633600575,3.004225203491766,,0.2505976788437017,0.2222222222222222,False,4
0.34163128613542709,-0.82810837826945816,-0.44443737261101546,0.93979618771794615,0.30525206619669581,0.15363691494384915,0.0084374098080696874,-0.47016772530935902,0.88253675288520117,-20.574209942237243,-19.953003672685142,-5.1446459121769701,,0.4382146749998576,0.5384615384615384,False,1
-0.89273325907628898,-0.33460398469509428,-0.301773924594542,0.39743317111959031,-0.90030625609736858,-0.17746977130138478,-0.21230685959915133,-0.27836813513422187,0.93671606087919834,-16.783889500754206,9.2926534744100362,-5.8511415754478087,,0.5689362071740661,0.3333333333333333,False,3
0.39079461881996619,0.91894776970728975,0.053052450003315738,-0.90284953814410063,0.37144740918241609,0.21653991245184884,0.17928267449572702,-0.13252101252883572,0.97483121814188456,-13.438714597749318,12.700696076666269,-5.1944120529345046,,0.2897556946859033,0.3043478260869565,False,3
0.59070244324591115,0.80461332860985724,-0.060564139279581403,-0.79209494869646813,0.5925433877387063,0.14655349158814368,0.15380577295033504,-0.038596956751829781,0.98734698011218258,-12.948196891778881,10.310677874320387,-4.9153571511622394,,0.3656510468120191,0.8613861386138614,False,3
-0.43763043973692634,-0.85080730751939548,-0.29087200567820704,0.88627844664340671,-0.46271993634455649,0.02001937872765365,-0.15162490966531941,-0.24903249984869022,0.95655250811865933,-5.4709195364340726,-22.120711996392412,-1.5532184797484703,0.5487540583759435,0.603187712403853,0.4603174603174603,True,3
0.2981469411477613,0.9525589592894288,-0.061154154083536222,-0.94517979484785852,0.30356376655189898,0.12035030140462569,0.13320494321005283,0.021919596580770778,0.99084609016241387,-2.464196020529029,-25.048508881068898,-0.73259441433061478,,0.1858165278156744,0.5,False,6
-0.10992712110073982,-0.92388366992650894,-0.36654466643183764,0.98919765196842913,-0.1376718573039919,0.050343470744625522,-0.096974395520925766,-0.35705101057074917,0.92903742791329813,-15.806043537803099,12.053594839370325,-5.7026579641039765,,0.1440449936576862,0.15,False,2
-0.84954920534823775,-0.42733393039964046,-0.30927634830580475,0.47941020401459167,-0.87006251666541556,-0.11470428667025404,-0.22007272429555128,-0.24571717282892447,0.94402916639164025,40.765991531401191,-3.8374768349197987,7.0491012854908481,,0.105586468841048,0.6,False,1
-0.94684548268263613,0.26687563646434781,-0.1796135478888933,-0.26060538568994257,-0.96369613093368678,-0.058091308926891648,-0.18859603620671012,-0.008195235517824917,0.98202055642533559,8.5399088221554731,-32.539487409952542,2.0816634587493832,,0.4583623013183227,0.7777777777777778,False,3
-0.53524329871851417,-0.79479118098294688,-0.28604473392925112,0.82776344726158113,-0.56099088647386541,0.009843813838687418,-0.16829226528437816,-0.23150853963730855,0.95816570045084248,-13.352825621640646,9.1122263189614916,-4.9560532879446448,0.3938004339834896,0.4179580602810069,0.6100917431192661,True,4
-0.094837073626971802,0.99006175055770873,-0.10384440066020886,-0.9931229614957251,-0.086901606667102504,0.07845313319834403,0.068649201130335083,0.11057052428781321,0.99149455184730362,-1.6164248300979134,13.737376987993565,-2.4978487470739945,,0.1087828334807327,0.5,False,2
0.36593627399792827,0.92182844039743639,-0.12776137854196451,-0.91184533289905634,0.38260206125009794,0.14884136386564589,0.18608796909720532,0.062032162638475635,0.9805729338278063,23.374796211162263,3.8774327259470693,3.4377842183798228,,0.2372954367598347,0.3,False,4
-0.97224748543050699,0.075392819221952651,-0.2214740388483977,-0.041030585792397406,-0.98692908707097227,-0.15584437148254612,-0.23032871749651265,-0.14243208874064536,0.96263273474019584,-12.923267331102418,-19.148699027320401,-3.4418368699843911,,0.5444313162617609,0.1666666666666667,False,2
0.076242739477994301,0.99279651516221656,-0.09242361256004035,-0.99326328230363847,0.083735654080727917,0.080102386125973868,0.087264521452263918,0.085693755416777165,0.99249256096873395,-5.9420993695400579,15.387083931412004,-3.513508034394583,,0.09438800785170894,0.3125,False,3
0.15497493785112257,0.9844828175275353,-0.082318592256461209,-0.98249078427225489,0.16230997926136648,0.09147310780914647,0.10341483190591963,0.066701219068467099,0.99239927444383491,-3.2695108649719216,22.878561285977614,-3.2453111661653513,,0.8238393902258938,0.5625,False,1
-0.55465921336074508,-0.73565212028608806,-0.38880472599059601,0.80282229241505576,-0.59595600930126391,-0.017686203073212309,-0.21869962010820804,-0.32195091690550426,0.92115041294472166,21.726479639060447,4.8551839004352537,3.0404159759072567,,0.3232256260202858,0.3,False,2
0.69866556825565362,0.69469876088101712,-0.17105570836538336,-0.68644550053261166,0.71828590392471003,0.11339283496585721,0.20164076604827766,0.038196751870295809,0.9787144678679387,-9.1112202364767825,19.388210366472027,-4.4213442564521399,,0.2219909159720331,0.2105263157894737,False,1
0.94049685757822155,0.30857088181473358,-0.1423013414608858,-0.28360241116033225,0.94348239053468652,0.1714953385226505,0.1871772776528598,-0.12093382342020917,0.97485366957478992,9.6448396962837197,-33.223695659810829,2.3600055804007134,,0.5028236197301573,0.1818181818181818,False,3
