axis_00,axis_01,axis_02,axis_10,axis_11,axis_12,axis_20,axis_21,axis_22,location_x,location_y,location_z,dbh,dbh_approximation,score,reconstructed,number_clusters
-0.56996612569136007,0.81918882031660167,0.063783165746738479,-0.82164767337264077,-0.56878064508144555,-0.037197830878446761,0.0058065829631153976,-0.07360879328605989,0.99727028891131786,15.621611382225639,6.9339130298894958,0.48335851764005888,,0.1227618610185336,0.21875,False,1
0.98757674624241731,0.042893529937411176,-0.1511698229500506,-0.013430009576916108,0.9815428799737882,0.19077004381067528,0.15656246396887469,-0.18636984697711007,0.96992498421977202,9.2306298488052025,2.7804737572390819,-0.383164691886901,,0.1293422762212471,0.3272727272727273,False,5
0.55681120685578567,0.83045592788316425,0.017442240782586313,-0.81631931118488854,0.54320914577775892,0.19633289619935942,0.15357103277126916,-0.12355879485941873,0.98038215105460569,-8.9776392178170301,10.753016919715412,-3.1206141965536838,,0.4061743651133431,0.2,False,3
-0.97946347160233393,0.16544467112703115,-0.11523614273469837,-0.17157051140818441,-0.98412645573452795,0.045372665102786258,-0.10590027106592953,0.064211992019123837,0.99230134166446538,1.4025242887090912,-10.293815102795406,0.24897010827389657,0.1140263265618783,0.1116899826962725,0.4772727272727273,True,5
-0.62406797815521542,0.77857339977881135,-0.066050130947059305,-0.78135228560309367,-0.62239023544518546,0.04603260372070047,-0.0052691957718290355,0.080335894713066278,0.99675392128477136,-7.3013521948369933,7.2583463922068896,-2.7620383341936559,,0.0679817132696717,0.2166666666666667,False,4
-0.07744133856069281,0.99647054423606052,0.032392800925793275,-0.99445149674781874,-0.079523039188888964,0.068864409197972765,0.071197329289458405,-0.026880117337027012,0.99709999478186584,2.7943177330680409,-7.5799171038061175,-0.017085222801404686,,0.2219859101864353,0.5151515151515151,False,5
0.93538474614081057,0.33065512006736852,-0.12538966568392704,-0.31829180454313377,0.94171474256248067,0.10892047925508683,0.15409641088542084,-0.061972051875957349,0.98611042025653328,-4.913502135601771,8.5397702407870657,-2.9254811792399766,0.1059633935870825,0.1017470148629924,0.4705882352941176,True,4
-0.38904650182988698,0.91377647472002321,-0.11685620934368926,-0.92047761656734084,-0.38050847774549706,0.089074439444286224,0.036929348930585686,0.14221762412603087,0.98914628370909419,-1.2622140036386256,-6.5932068187187065,-0.97792765861437936,,0.07080139546623639,0.2676056338028169,False,2
-0.94100451323820589,0.32445892641760138,-0.096108850441901844,-0.32583580147220187,-0.94542527335486415,-0.0014432535632112747,-0.091332012702524737,0.029957596195580159,0.99536978349048144,0.34073531421582737,14.714194664649661,-2.4240773994389007,,0.182114200306901,0.21875,False,5
0.0505500704888176,-0.98057128138355798,-0.18953799750810724,0.99476029081392181,0.03254845923433488,0.096915229047211726,-0.088863120547155311,-0.19344394518122954,0.97707869994148577,-2.0453171007306077,-10.221198501151905,-0.40971580510562122,,0.1053031189514408,0.5882352941176471,False,5
-0.72937048239614966,0.68060473658445886,-0.06925237864513667,-0.68353792856208195,-0.72917865937320736,0.032777781068159755,-0.028188643569148561,0.071243773436652641,0.99706054235449537,-7.5832806446573038,-10.962316346965611,-0.8810060059639826,0.1968550420799323,0.1562731088314285,0.5135135135135135,True,4
-0.85937601909286165,-0.45808284839446489,-0.22722887539861572,0.49014277543573159,-0.86457523846653095,-0.11076875334993898,-0.14571519308659586,-0.20656660194076717,0.96752122533119711,-6.2351232192706041,-17.737916190084466,0.35031281781126872,,0.3709053467177734,0.3571428571428572,False,4
-0.91539900402954988,0.40073184826020364,-0.038192266385605841,-0.39955511523868142,-0.91604247071281408,-0.034955711077979262,-0.04899360476952061,-0.016738507708999803,0.99865882515069382,24.365002200447012,-3.2101324693115281,3.2955411981434017,,0.3167377236720064,0.7321428571428571,False,5
-0.029000022710866307,-0.95418473597989861,-0.29780948323675005,0.99377797325335382,-0.059575031073015719,0.094107149298579995,-0.10753761462495459,-0.29322739519973251,0.94997545028550845,17.034807401475483,10.673103501244539,0.38267428247087237,,0.3449115189934206,0.3846153846153846,False,2
0.78095594823712011,0.62242706486536437,-0.051887916089869576,-0.60256797633187342,0.77268458560934439,0.19967564964468709,0.16437652147546061,-0.12467188971377879,0.97848724013286148,-12.930119011920905,11.013765947402591,-3.0465791711377084,,0.1509637147296963,0.4090909090909091,False,3
0.16700496827410113,-0.9500774352001361,-0.26355683959119469,0.9825634683122757,0.13821781616171872,0.12435781452581862,-0.081721302669004584,-0.2797296952756671,0.95659444189848009,10.494763949737413,-12.027333144325143,1.8739075567011803,,0.1021546063976068,0.375,False,5
-0.029995464714010968,0.99514986824816143,-0.093685707673355101,-0.99517386612880365,-0.020971694096375958,0.09586012842145776,0.093430446166337403,0.096108937005852116,0.9909761974723531,-3.6562403596614743,10.661015556689714,-2.9988944050262223,,0.07400083884961761,0.2807017543859649,False,4
-0.47702209845172316,0.87273533563812833,0.10384099150777683,-0.87777724298423987,-0.47902748679767221,-0.0063070271358638685,0.044238323744251823,-0.094157850553787947,0.99457391373964243,-3.4558319054414866,-15.185351975828421,0.23696548444408089,,0.439367845803836,0.375,False,3
-0.86799472662891142,0.49119011362996756,-0.07292068853610606,-0.49294599989735571,-0.87003019816630267,0.0071899557647693152,-0.05991156590840014,0.042186805412149343,0.99731182571927834,8.5686276167584285,12.315190125028881,-1.3014849387417751,,0.08378045506485221,0.1764705882352941,False,5
0.53420080241968593,-0.80249714253696847,-0.26575898651628993,0.8452681967245772,0.50249016632691756,0.18172866683803512,-0.012295458517132436,-0.32171721894351346,0.94675596260868966,-3.6102585106364051,-8.3806513426876741,-1.0702028740319323,0.1381297606251466,0.1045891915987737,0.2463768115942029,True,5
-0.62278311826504418,0.77567744179841491,-0.10230197402364344,-0.78237937270408853,-0.61823806643788104,0.075260948534462302,-0.0048687545866217818,0.12691020247488555,0.99190226118129132,-9.2034963323001922,-8.9967692030918016,-1.1833800984067733,0.5126969695099558,0.4768129351261187,0.7986577181208053,True,5
-0.97923358254524839,-0.14741334163140099,-0.13917937176414369,0.1419599549175268,-0.98868922269556747,0.048383800237766769,-0.14473756255862402,0.027621144702894434,0.98908448089629331,-0.15782856612258461,17.908491666156863,-2.4955228383152415,0.3850394305221896,0.3932855423232164,0.8513513513513513,True,5
0.43055997831340698,-0.85506918163421208,-0.28892005761829298,0.90159245438305102,0.3926324780559482,0.18157858732568627,-0.041822855884133189,-0.33866861648969571,0.93997575337380435,16.412351999783048,-6.8931401845176001,2.2955074743918114,,0.4960030109736599,0.25,False,3
-0.88093023199151121,0.47119245517446756,-0.044040850923220465,-0.46750288249122651,-0.88091717713469886,-0.073661264525054143,-0.07350497415670959,-0.044301210092872058,0.99631040422075812,15.246194678512397,-4.8432273603673588,1.7704158097712885,0.2966474876618875,0.1540382895674587,0.7368421052631579,True,5
0.60323382087060728,0.79068660087819798,-0.10451629800911288,-0.78221636795310556,0.61210805590388673,0.11602276330021011,0.15571291232296816,0.011765504207040867,0.98773228247671163,-12.173455816580105,8.7865662806504385,-2.9533759587314536,,0.08918998626078685,0.4565217391304348,False,3
-0.05172066782760399,-0.98094525776974273,-0.18727352663555752,0.9935210277052966,-0.069544082858168446,0.089886528728321202,-0.10119752974691511,-0.1814111953504205,0.97818660703091498,-9.2728323649725741,11.744157284573221,-3.1499728939954927,,0.4403928049290696,0.7058823529411765,False,2
0.71696034191687963,0.69619456111760358,0.035791076942458797,-0.67888426273404279,0.68562632567364312,0.2627407455179287,0.1583793734376055,-0.21267269362456831,0.96420241622596259,3.3949040532349115,10.688423137537892,-2.1407576166319764,0.6817030211411855,0.6373966522028619,0.7921847246891652,True,3
0.41999767263419829,0.9072161154075955,-0.023682798116126863,-0.8957359379895854,0.41859314284859755,0.14978955288687978,0.14580495319355402,-0.041697730212639741,0.98843422387093616,-5.3822114552729081,-25.147786000547072,1.3466870602791303,0.5636865214306542,0.4014753218262607,0.7872340425531915,True,4
0.11572761708570058,-0.96826690583781694,-0.22150918198333047,0.99012796451976237,0.094700251093673762,0.10333671331499837,-0.07908054450758735,-0.23128134706900572,0.96966757498553524,2.7665515921603356,2.4867098252940272,-1.3836278817296224,,0.1513011977452396,0.3947368421052632,False,5
0.59253915306089555,-0.74962638257859904,-0.29488580608771653,0.80478162264510422,0.534990573576134,0.25712181167181164,-0.034984167027267823,-0.38967341803978012,0.92028839791154871,16.560395451595149,17.175610806370493,-0.040012354510882794,,0.341171292462891,0.5625,False,4
0.87948640434087055,0.47585596415069248,-0.0080477302254310379,-0.45023460052438546,0.83737502683365805,0.30998688508705835,0.15424807639064245,-0.26900588435486861,0.95070677136130743,-21.40855807680968,6.7865610379029775,-3.3046241547993969,,0.2471626783415015,0.15,False,3
-0.9708966169284079,-0.19703008090733062,-0.13615765294181795,0.18880110494701277,-0.9794421216951299,0.071044162463437241,-0.14735637756052777,0.043269821665856224,0.9881365394140863,-1.9166023742541789,-7.50415327053034,-0.99550783654407893,,0.07399426627396889,0.2962962962962963,False,4
0.43442849224222363,-0.88574067469313456,-0.16350945636964712,0.89978913060224097,0.41858486526701549,0.12315125261018059,-0.040637489811874331,-0.20062444458127193,0.97882502351454248,19.468438466472911,19.823789741454775,0.34716211705016414,0.7767959948684016,0.3660618386968395,0.9272727272727272,True,5
-0.48376218340595734,0.87506531898350171,-0.015324405978809949,-0.87513364762293477,-0.48343685402853376,0.020734197963066567,0.010735394938166005,0.023441324179675135,0.99966757255410943,-22.297899916268754,8.4501973074754186,-3.4951312392518719,,0.2335420392378441,0.1111111111111111,False,3
-0.86919922821998585,-0.46868585266452023,-0.1575635528093815,0.46634720851388034,-0.88296184728767269,0.053839180395454461,-0.16435626782418256,-0.026682348968458808,0.98604009527018399,3.3026142191076735,-19.878456057890578,1.7031236825854192,,0.3662121061082293,0.3571428571428572,False,5
-0.4473581286751242,0.87775247029207537,0.17152639914733536,-0.89389418856533731,-0.4449826096299565,-0.054255476921983903,0.028703385817864857,-0.17759808000953653,0.98368441972998544,-20.99085004193897,5.9443066230977353,-3.2441757564030511,,0.2677004875616902,0.375,False,1
0.27204506809361234,-0.94871927220299002,-0.16100690505866908,0.96049082538782671,0.25749897481369427,0.10560138406151889,-0.058726955239939503,-0.18337399085073605,0.98128748295681467,-1.0112594725571113,16.656543541466693,-2.5405756661251275,,0.09111000695244738,0.4848484848484849,False,5
0.80593571172909784,-0.56863113101063245,-0.16470053249847633,0.59050594411350099,0.79193340491371722,0.15538407945600247,0.042075628650508061,-0.22248622210675317,0.97402747520094568,6.9403993794205752,-9.8065941927024216,0.95569372973591582,0.1770758713575708,0.1492792776122638,0.4347826086956522,True,5
-0.93322007588609768,0.34592797344603643,-0.097129435037300121,-0.34705359164053406,-0.93782858937317914,-0.0055983465165661411,-0.093027385712769375,0.028484629922684412,0.99525601297636801,-14.250354793515394,8.7454024728686282,-3.0256312915371537,0.484896573182369,0.3975891506933509,0.88,True,5
-0.4519633645699721,-0.87116177558232955,-0.19184962301457575,0.88049449579632322,-0.47016104084646593,0.060646834563297489,-0.14303342252414497,-0.14151238968518706,0.97954871425908119,-1.4980823671780286,-5.1060931683362432,-1.2017528011657856,,0.1234382712493377,0.4028776978417266,False,2
-0.91823958262767835,0.39350980673715918,-0.044565691932597323,-0.3872622700328357,-0.91575965136263926,-0.1068278762551844,-0.082849279446248869,-0.08083497348216015,0.99327826109171269,0.80183484654865678,20.97677967082576,-2.472569097834576,,0.2258227164337768,0.3,False,4
0.97991925962912763,0.15575647386142391,-0.12449162806453253,-0.14035502148007115,0.98228210064095789,0.12418672515899706,0.14162878433860493,-0.10421993864248387,0.98441835204151207,-1.4938830447071385,-0.84587123352754168,-1.5768965583411592,0.1878194581591401,0.1787818256660452,0.7720964207450693,True,3
0.31427306039059566,0.94763437947619611,0.056758491413136644,-0.93730500834129515,0.30024929963804309,0.17694541363140956,0.15063785995245343,-0.10880919493145226,0.98258271623681415,16.857968397490094,8.3899377959528962,0.60246454713468267,,0.3670508544249637,0.4166666666666667,False,4
-0.2409849362481763,-0.94640216289747037,-0.21505628696797663,0.96250117231998011,-0.26149178421231439,0.072204847982145992,-0.12457027648731769,-0.18959164763367276,0.97392877222280638,1.1650889979507268,-7.1641750516419798,-0.37583569226577052,,0.08700003066459566,0.2142857142857143,False,1
-0.9425929621294914,0.32598214460655872,-0.072485509873780385,-0.32088102730632306,-0.94424329029838228,-0.073756186461381434,-0.092487156182856509,-0.046262837398887278,0.99463856541811935,0.93916301987978812,17.627793275743205,-2.3576492296368929,,0.1264224372845155,0.15625,False,5
-0.31020185934775313,0.95063900762306242,-0.0077642541583428648,-0.94860134763798121,-0.30897772429057624,0.06847079049947144,0.062692022750925697,0.028604948481954412,0.99762290832044465,2.2305780706354472,16.777741916048878,-2.1582244878759003,,0.09391435929936018,0.2941176470588235,False,5
0.94735040231628909,0.31459252229365037,-0.05965534467325135,-0.28787363390304932,0.91837528584354344,0.27150617903694818,0.14019980789793726,-0.24003828708918346,0.96058608911261689,9.4419961210307246,1.6235279731977914,-0.089871807081907132,,0.1679234473474717,0.2566371681415929,False,4
-0.31265379063303966,-0.92806412432211627,-0.2023476917313724,0.93680090089371482,-0.3364875148507292,0.095813487747310855,-0.15700853253092684,-0.15960304976974438,0.97461540477086694,14.400145314802629,14.498313353856643,-0.29675292828858435,0.4096637101230612,0.185674087749942,0.5675675675675675,True,4
0.19343744844472283,0.97785033243296626,0.079941734406577036,-0.97369009624148783,0.18133193715636914,0.13800842383115658,0.12045559356226163,-0.1045344724378284,0.98719957154149307,17.938208896438326,-4.1958174800966832,2.2284681417020695,,0.3411300478301769,0.3529411764705883,False,4
0.4191708783837228,0.90621766427117234,0.055365329204486904,-0.90088773844168213,0.40758747371880188,0.1492438742225578,0.11268122044268025,-0.11243663206636864,0.9872491814780715,-5.28107171351534,11.884835205815167,-3.1578065317787196,,0.3101541845480384,0.3245614035087719,False,4
-0.92235920431041785,-0.35326592476633645,-0.15638633131715579,0.35443893995220721,-0.93483724906080523,0.021268653318506331,-0.15370925824233828,-0.035812067343455718,0.98746694109888011,-0.58976726878375341,-17.276056859209152,0.86459057540735407,,0.09510974885908023,0.3461538461538461,False,5
-0.090510997483410655,0.99296623723499655,-0.0763270007659963,-0.99227103241617254,-0.083383587257616271,0.091898724712568741,0.08488791175605051,0.084054917092493062,0.99283876503200319,17.762935340036925,17.688134804653995,0.14751184282096749,,0.1702399338933473,0.7222222222222222,False,3
0.14680964654236367,-0.91068505950780487,-0.38613423840857847,0.98625463406019231,0.10484247965566092,0.12771002801052883,-0.075820343423806405,-0.39957574607190449,0.91355924748982675,12.559046196899102,0.62932265160285183,0.57023364165917445,,0.1997308866517396,0.234375,False,4
-0.73727032947012761,0.67114672940762365,-0.077424342996627565,-0.67504826687920683,-0.73643865243836948,0.044361566452706315,-0.027245158586229702,0.084971635268532394,0.99601080442603795,-2.239679157715226,10.473311736459559,-2.8104252153755294,0.1922544045790672,0.1086374724632153,0.2987012987012987,True,5
0.9867473012747503,0.11240928478469508,-0.11702100717901197,-0.089066024731864424,0.97803289053869535,0.18846460745452209,0.13563556563622967,-0.17554434687200129,0.97508316343572599,-17.59784807285962,9.668956127615413,-3.2272299154130559,,0.1483672341805694,0.1612903225806452,False,3
0.4743454464140649,-0.86513708653217913,-0.16289327479320745,0.8801451045101446,0.46217058696470148,0.10836486308546651,-0.018465981508439894,-0.19477209772274176,0.98067468483468767,2.0453460366652769,-16.769409610348099,1.1240545199476153,,0.1534318747377353,0.6511627906976745,False,5
0.82309253071898025,0.56787614077404081,-0.0059476561944122458,-0.54784457603886705,0.79673034685799127,0.25512168645636546,0.14961619691537184,-0.2067303633604112,0.96689066108089705,-0.38929317264110253,24.574760419182432,-2.7243029002648038,,0.2380899412366097,0.4583333333333333,False,5
-0.2272311245004652,0.97042450169711791,0.081500322478845283,-0.97259897938255058,-0.23037037400499466,0.031316386841737411,0.04916544886682641,-0.072151072664934021,0.99618119905518443,6.1935756900862975,20.971516492794191,-1.8468837970776448,,0.183348805134264,0.3333333333333333,False,5
-0.982945334377891,-0.089722649459610976,-0.16052512513212286,0.12033026003463589,-0.97389569377771024,-0.19247806670171325,-0.1390650860019611,-0.2085114476837665,0.96808257810999132,4.6128303352911502,2.3496494196445852,-1.1755666370840205,,0.4007465262403866,0.2116182572614108,False,1
0.79470011723289169,0.60609395070204475,0.033194074658242242,-0.58524886074015403,0.75056493267148727,0.30681599183582126,0.1610450082193832,-0.26325349905791273,0.95118983413479852,6.2577145724217011,16.712230654988009,-1.6796947128237996,,0.2536604178810175,0.4166666666666667,False,3
-0.04227987427825218,0.99861631127703154,-0.031270994267399196,-0.9956622657738039,-0.039517132935270156,0.084232112158920583,0.08287982109773151,0.034696672117549093,0.99595535853710682,16.46407452232609,13.144582299899193,0.15121289552617062,0.9192402234889255,0.683557632857117,0.1904761904761905,True,3
-0.75394216629506849,-0.57746913955765933,-0.31321015746753356,0.63728025512968278,-0.75866919923651721,-0.13525872449372336,-0.15951516010758016,-0.3015799048152234,0.94000238016054782,13.633844661889436,4.8231180395690263,0.3114408374425901,,0.3251530566263182,0.4,False,1
-0.40460240420467403,-0.88997285897387679,-0.21034544159943896,0.90394060582244729,-0.42405157496044477,0.055422404485144711,-0.1385217515668431,-0.16771574780989346,0.97605489204215556,-9.0174942047376998,2.9677522414132493,-2.3591458077264926,,0.1434122106701329,0.2809917355371901,False,5
0.31022043967327506,0.94643956622558756,-0.089528913160170517,-0.94062313775936679,0.31923124184172569,0.11541025493392085,0.13780925774650579,0.048410347188499799,0.98927501068431212,4.2052929734277686,-11.41760300935111,0.7836012480600747,,0.1209537395664112,0.4782608695652174,False,5
-0.93829359936008716,0.3373610777689004,-0.076109293824725394,-0.33405727889516373,-0.94106154051170943,-0.05299916402064847,-0.089503384388811072,-0.02430391277828968,0.99568994371069885,-13.621339731106888,12.440239353800804,-3.1508993152625449,,0.633286676737265,0.2307692307692308,False,4
-0.98849466325397162,0.054504860729089125,-0.14109401431428237,-0.054672730914966543,-0.99850070623309606,-0.002689265012490713,-0.14102905095304299,0.0050556709653944891,0.98999254895093691,14.242354521435548,18.474618650413209,-0.54225170148541502,0.5573879330762528,0.3930426639161879,0.7941176470588235,True,6
-0.78046211643626939,-0.60603534577364304,-0.15362305973010668,0.60459712075209471,-0.79416439427683672,0.061361522480967726,-0.15918921567146493,-0.044989715890701762,0.98622244908437251,-2.6950309118782609,-4.5648084262529203,-1.4677448317048216,0.2331261626667207,0.1832344492920558,0.725130890052356,True,4
-0.21194953135302608,-0.95663605534979923,-0.1998120460933458,0.96969785782279716,-0.23128251675913356,0.078704904392547792,-0.12150498217403097,-0.17707584546272218,0.97666815462599754,-7.8594723168744389,-1.3123709692751673,-1.9453907846739509,,0.3595650208952439,0.4285714285714285,False,1
0.86119739983776478,0.49979770844156896,-0.092419095154787995,-0.47813445366597424,0.8583104435595269,0.18625419913169483,0.17241369646931692,-0.11621287843094258,0.97814522651627833,12.589896383632302,6.9527458406545168,-0.14560480952345925,,0.7232827848243722,0.6268656716417911,False,4
0.9869015013584439,-0.078934318406834181,-0.14069399416499312,0.11090706314955566,0.96530838829841525,0.23638811058142781,0.11715395836245175,-0.2488957389317169,0.96141867112181922,21.446175698008059,-3.1814140252247016,2.7850170732661406,,0.9072011575347909,0.3802816901408451,False,1
0.99165917334612808,0.0070861014726450967,-0.12869293331179063,0.010758144635978939,0.99045242120761801,0.13743457952043317,0.12843810276730566,-0.13767275870660212,0.98211499594886986,2.1749080197568302,-3.4319081181451221,-0.67757916878065172,0.2966345273766826,0.249933395831806,0.7419354838709677,True,5
-0.039721431545152439,-0.97580950809167633,-0.21498374774360063,0.99415210004445886,-0.060217168513719152,0.089640920306423177,-0.10041817491468326,-0.21016587861513267,0.97249498384965116,-2.8814621921333528,8.4421891024114704,-2.7745686225787494,0.4949396446790204,0.6648413237623709,0.3,True,4
-0.40008516265673111,0.91580152795301928,0.035205454419066112,-0.91609175037904778,-0.40073648254718708,0.013644648883767679,0.026603900266508745,-0.026792404793595792,0.99928694554466513,1.5964958418179129,10.459399670409406,-2.3762890204754599,0.3792709325391559,0.1799059522353056,0.6461538461538462,True,5
0.32212069105563929,-0.93518495909515464,-0.14719834467829929,0.94538112407612274,0.30956009957819891,0.10211305004602791,-0.049927854294015687,-0.17205126280074071,0.98382192104784205,-3.1726972742510995,8.8836090865593054,-2.9024459522908574,0.1647620686139133,0.1278788207783496,0.4875,True,1
-0.9602245532984377,-0.17243860230990082,-0.21962180145928717,0.21400767326539358,-0.95969676190782383,-0.18216157928380383,-0.17935864357857767,-0.22191677182458486,0.95842757856637628,-8.3163135357978266,18.867936972360493,-3.1894544323757401,,0.3217458924819606,0.3,False,2
0.36202686063570655,0.92824206683370847,0.085458864598942211,-0.91878027017380248,0.3398433536753615,0.20087137701036051,0.15741463501723696,-0.15123875271559484,0.97588291939116456,16.702363509506455,19.569786340322931,-0.14033017684704335,,0.4096473050059528,0.2,False,4
-0.0073717884111035824,0.99901111360729056,-0.043845770887773264,-0.99542695364030964,-0.0031550793680168191,0.095473689781816418,0.095240940262026605,0.044349073984726026,0.99446584804843985,-2.1867893783804702,5.539325268064716,-2.1820341724178083,0.2954169029298072,0.2195966588776314,0.5667125171939478,True,5
0.59374267943801795,-0.79049462805491721,-0.15029262666572105,0.80465396121436716,0.58299658191055237,0.11245882883367181,-0.0012780124378908991,-0.18770516374605015,0.98222458642984412,1.9331748529112478,3.505836599392381,-1.5725476299445793,0.2864870934973975,0.1996793960466903,0.7330677290836654,True,5
0.54218066400597553,-0.82663369345419913,-0.15072114790004798,0.84018598374347953,0.53092700967553075,0.1104718204701987,-0.011297800628453654,-0.1865294808958296,0.98238440157490892,-3.8770945411721875,8.3198445424981244,-2.8596965615297263,,0.07065186524602778,0.2631578947368421,False,2
0.23319605574447203,0.96391230416548679,0.12842378854247827,-0.96452260282555657,0.21246662002582872,0.15669742822846136,0.12375681081797003,-0.16040886899788959,0.97926158227665783,1.7104220098287293,27.119242684441023,-2.544328721864018,,0.6105126909940136,0.15625,False,1
0.10551166820160958,-0.98083313073790857,-0.16380982119576229,0.99095837790937447,0.089979091283477058,0.099525154523983805,-0.082878110044429562,-0.17282977977962563,0.98145865226039519,2.2521615794268768,6.4420280490183108,-1.85842358974736,,0.08676398169768572,0.375,False,5
-0.96940927848532399,0.23215680236386615,-0.079679796076228965,-0.22712943796277729,-0.97153279815325166,-0.067351618564275073,-0.093047671638132073,-0.047193656657430083,0.99454255292271143,2.823427398907377,-21.599414011614886,1.8265301837617867,,0.5095900825564058,0.1428571428571428,False,3
-0.83243152550717836,0.55082367584417546,-0.060423782331981223,-0.55153727984264733,-0.83413102942324169,-0.0056616867713133318,-0.053519942877074553,0.028613001989196959,0.99815675714368701,-4.868685607330054,15.084533522670389,-2.9142834461153275,,0.1129057154977397,0.3958333333333333,True,6
0.67754033073802233,0.73213216469562981,-0.070154070740788832,-0.71937289929569881,0.67953182013836666,0.14401089256837477,0.1531069298964379,-0.047106250514457576,0.98708625214828982,13.242676614213304,0.00869183726148548,0.75451316207704355,0.6139349195652661,0.4552519959718114,0.7291666666666666,True,4
-0.4926412401844753,0.8695791117954742,0.033716120751007383,-0.87013354422430822,-0.49279964498362666,-0.0040156094999474895,0.013123402194039735,-0.031315782490719479,0.99942338279722476,2.2256362181662217,18.439574426048544,-2.2389542956411801,,0.1168947988826401,0.4090909090909091,False,5
0.068561474913819156,0.99451854754165536,-0.078944174916696308,-0.99212660285142218,0.076281137916882985,0.099327699624032914,0.10480519105530207,0.071512562488989864,0.99191825536891909,-4.3215129617559809,22.224802080666688,-3.057711694731637,0.3868805392255908,0.3828582040437553,0.8823529411764706,True,5
0.80414535282254063,-0.5601317859350663,-0.19900410528204138,0.59438488209998475,0.7534353579679397,0.28114368798660727,-0.0075407867560449426,-0.34436542182529944,0.93880540730557405,2.9875656043990948,-8.9355602602858699,0.24940645397309902,,0.2799072103162112,0.4705882352941176,False,2
-0.98000505870278687,-0.13581846431440686,-0.14540780470189432,0.13736392375280848,-0.99052046905848901,-0.00059399274807410418,-0.14394873173522812,-0.020555902496079668,0.98937162760228392,-12.716224845328888,9.8911814175438231,-2.9765565299672931,,0.311142224747803,0.4210526315789473,False,4
-0.14136224822562937,-0.96281118590266335,-0.23024190556304536,0.98381114773509382,-0.16250967784428555,0.075539593585773585,-0.11014690358222878,-0.21583610658935945,0.970197111273577,-1.4463854735609942,-13.128994907744769,0.22053624610354361,,0.1253619052285364,0.3793103448275862,False,5
-0.94830231168586587,0.29278407341304602,-0.12247535265067583,-0.30037052027108757,-0.95258911794944945,0.048492503713117294,-0.10247085538493128,0.082773538766652971,0.99128616709642758,23.28475173694693,-1.5068853161925886,2.9155821281246874,,0.09847084483037227,0.125,False,3
0.35128285548344779,0.93009956563513918,0.10730868300711197,-0.92643181098157557,0.32873029784881236,0.1834679559967628,0.13536785085386413,-0.1638633250045809,0.97715114269679371,-16.874888347383116,26.308223551993759,-4.3032689699133968,,0.1548214400707468,0.6,False,1
-0.88984575938261423,0.44782423843313646,-0.087338284735619415,-0.45060312956337917,-0.89261261629859889,0.014125751387407862,-0.071633400983531492,0.051924644402745537,0.99607855471703688,-3.1140659426931694,-6.8102305015964752,-1.2430519293967326,,0.08191035546343023,0.3043478260869565,False,1
0.33089437299129704,0.93887534912058102,0.09498417097813884,-0.93402506765490456,0.31149746615488139,0.17483278174112671,0.13455886041041037,-0.14656878041655552,0.98000587023356966,12.156161576047957,3.0583581299608986,0.26381245531177527,,0.6837728312918531,0.4311926605504587,False,2
0.2002056869800003,0.96210021070004303,0.18515093159851617,-0.97234770396358905,0.17192003558730215,0.15806151954348968,0.12023986650692137,-0.21167589833184394,0.96991529968745438,9.5820816583441069,-19.339162456962786,2.5392376624586905,,0.1615096585876115,0.375,False,1
-0.73175803091108771,0.67567599164096948,-0.089398761272850097,-0.68098206111307402,-0.73023745383037975,0.054924434139222385,-0.028171202305137803,0.10107034848716423,0.99448035074473262,-8.3054422842479756,7.3089632663686883,-2.7574308054002099,,0.1279516114941185,0.267515923566879,False,2
0.35849203503897692,-0.84983205264511941,-0.38635339148323344,0.93249696332437004,0.30649676341495558,0.1910736701039317,-0.043964465246858354,-0.42877175316611121,0.90234245687677705,-0.27508895664152144,20.660204758300928,-2.59219037523272,,0.07261283919686888,0.2857142857142857,False,1
0.80508316384721823,0.59252568454361976,-0.027466569605042235,-0.56942618411270673,0.78500618359775587,0.24396539213611695,0.16611718796258163,-0.18077224584930707,0.96939490146895413,-17.245110137072654,8.5428858167694024,-3.1552572338685114,,0.4646690891835976,0.32,False,4
-0.91948020788624485,-0.32264724378288989,-0.22462168947983024,0.36000830297490116,-0.92059262350946303,-0.15133817538577876,-0.15795622524801167,-0.2200181302058298,0.96262238353683149,-0.70847501926278311,7.2519857963747976,-2.2924016108094154,,0.4578911874157207,0.6531365313653137,False,2
-0.41382580542788594,0.90777424382206318,0.068513684875669778,-0.90965889915918319,-0.41528101133899814,0.0078973920861137026,0.035621481474867801,-0.059055938520525209,0.99761891831650618,2.864473413834447,12.461501995135222,-2.1356494599405949,0.1939987342988612,0.2479130731286502,0.1827956989247312,True,3
0.80157088203313687,-0.54063416058174019,-0.25534060681508797,0.59685343480718878,0.74878398556331494,0.28825079414076138,0.035356731119846295,-0.3834543615294993,0.92288279547758645,-5.4338805092731528,23.076828349482472,-3.1883179212609005,,0.5036411715803537,0.1764705882352941,False,2
-0.99079886344596568,0.0071518807095308258,-0.13515347866962188,0.016187632579565837,-0.98517234020374056,-0.17080228525682745,-0.13437102643669982,-0.1714185249609923,0.97599186295508933,10.141985671188582,14.7828330685105,-1.2021568000096061,,0.5648900857044662,0.2272727272727273,False,2
0.9788940021389323,-0.15452482485337113,-0.13374831243966817,0.17212490126296554,0.97620125656447565,0.131924694607013,0.11017963033899898,-0.15216170735758153,0.98219512515201768,18.315618655871521,10.642954760823351,0.69833865177512988,,0.1203687490046918,0.3,False,1
-0.99811026913956979,0.0018687067074394589,-0.061419854879154995,0.0042504513736001731,-0.99504379452059666,-0.09934676969672078,-0.061301095432753479,-0.099420093146678323,0.99315548670762033,-24.353157240030932,9.4060951229249437,-3.7796944346471388,,0.2284779530815276,0.1176470588235294,False,2
0.58880748154759699,-0.77024097959555282,-0.24501955641388909,0.80827066970987138,0.56032464300398677,0.18092766214487663,-0.0020674042497953321,-0.3045736820444892,0.95248653431191899,2.8449882333535763,-11.620709355313934,0.61195322203293634,,0.3860745423186271,0.1764705882352941,False,1
0.50606621754706416,-0.84152896143070577,-0.18901320200178282,0.86156307831667645,0.48304878560780695,0.1561183294950253,-0.040075497989441038,-0.24185300865646125,0.96948495432611936,-5.3601220585868621,5.678096866376797,-2.5294811046243844,0.3446234490797689,0.2662949382619066,0.6721991701244814,True,4
0.31374250676589732,0.94566020633264969,0.085395629906581533,-0.94030936984278057,0.29695531646060336,0.16624027493858512,0.13184812639595733,-0.13245495152946868,0.98238065808585739,-7.3108671397546905,-4.2395744939712703,-1.8170380794182792,,0.3322254935461395,0.1,False,1
-0.61063140826390194,0.78444750674184105,0.10849604789186805,-0.79184617179841654,-0.60301528451629649,-0.096706808694756161,-0.010436639777153076,-0.14496439496041999,0.98938182757918236,-8.5564048890144715,13.350886982206395,-3.1784668506836313,,0.4739039969908573,0.1578947368421053,False,2
0.13509432689914183,-0.93603774712225585,-0.3249351609197742,0.99078298793562669,0.12433053640594208,0.053767913613627219,-0.0099294338720570946,-0.32920396971984167,0.94420662604309125,-7.7547752512884891,1.009477173647009,-2.0657337964672164,,0.6403542974157119,0.3063291139240507,True,2
0.11742893871651117,-0.93629466010933471,-0.33100264923812944,0.99149748413219752,0.091720674609182762,0.09230415380014266,-0.056064100023436321,-0.33902747278057388,0.93910446138253478,-6.1128637850880612,24.399117102444393,-3.3400294309196852,,0.4228723119727522,0.25,False,2
0.1370439079751665,0.98672615833090227,0.087123221660096811,-0.98505655462767139,0.12649106903815518,0.1168913753817916,0.10431946832665674,-0.1018405514474708,0.98931590031138184,7.5214157495167706,5.9860394279553484,-1.1082163042410407,,0.4302227510776906,0.3359375,False,2
0.975902146396048,0.16565682333469306,-0.14203104429048469,-0.13927638508177276,0.97394495810610937,0.17897851026937239,0.16797943093766296,-0.15488394191247973,0.97354705860554647,31.809582816850124,-1.4628137281716045,4.3993934574070188,,0.2675680844721329,0.6,False,4
-0.57232607938265079,-0.74318938158562897,-0.34657236179022305,0.80363838583441038,-0.59240403742653902,-0.056769721279908494,-0.16312021233417565,-0.31100964541169007,0.93630379513753315,-15.054924208978461,7.2906652691805744,-3.0353833339484426,,0.4940481081671042,0.6206896551724138,False,2
-0.68170049901315177,-0.64266534539045206,-0.34966510188949707,0.71444770676324287,-0.68771456466476288,-0.12889201623335972,-0.15763535119371147,-0.33768318196517921,0.92796614414099643,-5.8518230243515621,-3.9215215847486755,-1.80134503543558,,0.2092387105440916,0.3513513513513514,False,1
-0.04512701171327111,-0.97226699227683122,-0.22947864506920052,0.99438255613052773,-0.065734068776419158,0.082960016064465777,-0.09574385033593398,-0.22444582404460722,0.96977171911320925,6.9552123899839016,3.6348296734837269,-1.0251290935154924,,0.3970272752343545,0.6015037593984962,False,2
-0.55505178651478482,-0.79978585848427808,-0.22860466936462792,0.81209563803877316,-0.58051424220927439,0.059193659040383706,-0.18005051781414766,-0.1527933086255984,0.97171807427571255,19.750997227226364,12.895311981945769,0.80412834339087269,,0.2745798081521789,0.6388888888888888,False,3
0.96081323149780284,0.27246760897690486,-0.050983685990307843,-0.23482096935975105,0.89778246561587771,0.37262012396222316,0.1472991735472291,-0.34604630685947829,0.92658238002954696,-5.4287746906473577,24.584060533819645,-3.2689660811880912,,0.09044746365622525,0.5555555555555556,False,1
0.46638976541127231,-0.8332710344586014,-0.29688376488436041,0.88429865853945655,0.43074440403288744,0.18020860384474438,-0.022281589371896698,-0.34658136350162622,0.93775523952064255,24.213688772147886,4.678738301945673,2.4809298128577164,,0.1810453367258093,0.2380952380952381,False,2
0.9915236864345911,-0.052363818661609995,-0.11890672703565766,0.080218572103833,0.96664662174605942,0.24322682696724268,0.10220450053094782,-0.25070368797068959,0.96265357263613527,8.9393757022494444,-5.2640457039135882,0.73292362795752308,0.5138411190419674,0.5346510191335986,0.2586206896551724,True,3
0.96931390709422416,-0.20620873992677324,-0.13382266284730759,0.22272887879651765,0.96707613565849349,0.12310805980878481,0.10403074576190421,-0.1491365261015877,0.98332898895465026,9.7870890883801085,-10.871022626920386,1.6134315437559219,,0.06213134539703232,0.3333333333333333,False,1
0.85932550458754475,0.49929768441559347,-0.11073165537726168,-0.48587155737402637,0.86460620788403897,0.12800365238273922,0.15965120387989662,-0.056195441324091912,0.98557270937972485,-9.9544010761106527,7.1601322376872201,-2.7675642662739954,0.1812068291878762,0.1453134643848883,0.4380165289256198,True,2
-0.21422620122168018,0.97642481815528814,-0.02648979427140824,-0.97456474841469987,-0.21183376024451278,0.073143756863208564,0.065807946765737035,0.041485328865559459,0.99696954899906309,-6.8058015800810674,8.4486219611084099,-2.8878849125359607,,0.07379602733708278,0.3103448275862069,False,2
-0.917055758906553,-0.33269589536825994,-0.21982305671025248,0.36760980737516857,-0.91895419691789004,-0.14278029797065098,-0.15450490146891316,-0.21174660604625573,0.96503451246573257,-5.4647590863962883,19.317791077711835,-3.076198894937944,,0.3854292024713661,0.1875,False,1
0.97874697789204124,0.16789256778996436,-0.11775584464513256,-0.14900119239397908,0.97674549592877746,0.15416510904877184,0.14090066689824021,-0.13334287331439751,0.98100289510474559,15.052008406772538,2.307658737489847,0.81622019177616179,,0.1425631015438368,0.5405405405405406,False,2
-0.45724241848169411,0.87465323050172894,0.16096924275742824,-0.88887016069813207,-0.45534747827036665,-0.050680483948897057,0.028969089759391546,-0.16625402372786827,0.98565733976509562,10.092402025023704,16.161565954241436,-1.2491694011365109,,0.1811739343085059,0.25,False,2
-0.47439791283863142,-0.84565649658084352,-0.2445643270899579,0.86418530631479518,-0.50030601876887826,0.053643675612679617,-0.16772112760160446,-0.18590045017225937,0.96814804961937395,-17.54140118217509,6.8365459567862743,-3.0839120178906572,0.3855807950675459,0.3422092100303198,0.5,True,2
-0.5951360020723423,0.80360385765666187,0.005829150596794383,-0.80360037949558838,-0.59504533614556898,-0.012144052287146018,-0.0062903983892220877,-0.01191167035885049,0.99990926738247943,18.83026309414679,-2.882753325546096,2.2200182680847416,,0.5911807901707798,0.1724137931034483,False,3
0.38416292068003066,0.92142853001389302,0.058209229947006558,-0.91284646375161216,0.36962715238441457,0.17345633985635892,0.13831190834763352,-0.11977158384451631,0.98311982164566847,-7.6987756802283895,10.415872198834741,-3.0344336613310161,,0.4111094856625822,0.5434782608695652,False,1
0.20251606898203184,-0.88254702212400804,-0.42437954185388216,0.97688134941165583,0.15175875545167086,0.15057260479722853,-0.068484092866353707,-0.44506183152884055,0.89287731247941726,4.3924996552137756,-9.1080791103731702,0.50172742852077745,,0.3819100301635849,0.32,False,1
-0.13238703590230327,0.99108269331306365,-0.015125069928027868,-0.98807212025702007,-0.13074321802828007,0.08136151492203661,0.078658489025669881,0.025715869709871608,0.99656988523096834,31.99232282375112,-2.3820635796749579,4.5180773389223088,,0.1327844032720002,0.2727272727272727,False,1
0.49965069660454609,-0.83098101928204959,-0.24458071668788117,0.86419059821981781,0.45884432348114795,0.20648606916109696,-0.059361530733847034,-0.31453526416300837,0.94738787002306568,4.3104667732519726,-7.1807595911251347,0.22657965608995367,0.428076166663065,0.4232081439743176,0.1,True,3
-0.11814147517869836,0.98695270426386383,0.10939356191681295,-0.99012724604662272,-0.12545211171895196,0.06252842794591118,0.075436254405507261,-0.10092634547778981,0.99202986059380616,5.1478866135769383,13.054724456248605,-1.8651719690004445,,0.5439461797634303,0.6060606060606061,False,2
-0.94125892982961945,0.33524986076867952,-0.040486514675648372,-0.32534849600440985,-0.93244046532085678,-0.15717230920201486,-0.090443259360048517,-0.13476761290015582,0.98674095250451921,-6.8353716837721565,10.547050327442673,-3.142663916277125,,0.6952941625151072,0.4117647058823529,False,1
0.9213645894168605,0.37440863489624321,-0.10442924630500953,-0.35688123867168081,0.92129985958781657,0.1544096830112584,0.15402296858867362,-0.10499877541477382,0.98247248425008404,-7.8716712349337792,-6.4958679637279229,-1.5128347587674171,,0.08142111892358311,0.3333333333333333,False,1
-0.45668715888040995,0.87805587477301983,0.14301999751897029,-0.8892163078155102,-0.45542520661818714,-0.043384779493893785,0.02704065141026419,-0.14698898582332157,0.98876844671436614,-7.2151318030746516,16.698942294944032,-3.0559100436592108,,0.2825009447228392,0.2857142857142857,False,1
-0.14459185399865185,0.98938560574927703,0.01446785724870471,-0.9856429845264062,-0.14530240506912689,0.085994872725102159,0.087184303696890814,-0.0018259839166147179,0.99619052543759179,3.9474047923244417,-2.72405486583071,-0.47174307238476071,,0.230898819682961,0.1,False,3
-0.61456004197516467,0.78553585036772822,-0.072452623103191088,-0.78886852227465276,-0.61214210371300992,0.054483937321153725,-0.0015522150909587223,0.090639244529397242,0.99588258242598593,7.7209067171539143,15.358221032203712,-1.5990075624814837,,0.1008303261302258,0.2380952380952381,False,3
-0.029663255990993453,-0.95839539473397528,-0.28389850051862131,0.99340332954866539,-0.059741495878125606,0.097881451316733245,-0.11076965327037407,-0.27912223312189377,0.95384530343835605,15.072742565295677,10.774917609679273,0.0038227897256712068,,0.260510366101642,0.2195121951219512,False,3
-0.29134996353447179,-0.927575277318756,-0.23392157586570461,0.94476179668121363,-0.31738150013125943,0.081817668667083066,-0.15013442736476926,-0.19716259351475374,0.96880677404650117,-5.4903407238910766,-2.0197105976351786,-1.8716108897234849,,0.7979076233697708,0.3484848484848485,False,2
-0.80587007382434706,-0.57327508661270044,-0.14808477026197431,0.5701388734656142,-0.81880131033039305,0.067127335449812295,-0.15973443297455076,-0.030332973320004362,0.98669388447069373,7.2084434381671469,29.542046476684639,-1.9030852112400443,,0.1399054718494015,0.5384615384615384,False,1
0.44861442149521547,-0.83594979358586063,-0.31612188065724023,0.89284392094253096,0.43490543919836477,0.11699141759823981,0.039684173954884341,-0.33473153654747667,0.94147754342739598,3.2266634548186679,-13.079426816992614,0.85398973774816456,,0.7805492560284708,0.5945945945945946,False,2
0.83719477685516075,0.54137290070081889,-0.07759051484053478,-0.52198506141283563,0.83330288811304642,0.1820381617252112,0.16320692775821821,-0.11190030853057178,0.98022539228612471,30.696166746196486,2.9512357735214798,3.707138390882422,,0.2492356787062459,0.1428571428571428,False,2
-0.43942721145073876,0.89760328773666853,-0.034814704952799216,-0.89777350469290296,-0.43755132748834552,0.050513068453704055,0.030107475949499786,0.053452536492755387,0.998116409159994,-4.9215699936243196,39.557402895336367,-3.9776162055147846,,0.3755079870427833,0.5,False,1
0.057358359247371066,-0.94775958876530186,-0.31378620193991202,0.99437921776784843,0.02621744201025698,0.10257980798305659,-0.088994325076666936,-0.31790628750917238,0.94393622796579013,12.159472054040844,-11.651175245485449,2.1172097129633092,,0.1166647333800255,0.3,False,1
0.61940787695457722,-0.76368388605027704,-0.18199121999088447,0.78482735285983596,0.59659396354675864,0.16769516648547467,-0.019491233148403619,-0.24670339447749023,0.96889500307496601,-6.1952873078847466,-10.385635350546801,-0.97773925815443574,,0.7798223434512,0.6959459459459459,False,2
-0.9544509077514749,0.29181108308447801,-0.062207366777989104,-0.28276416006280758,-0.95119885977673924,-0.1235522518751009,-0.095225492786135971,-0.1003345451402317,0.99038633097147633,-16.031407371980535,12.272529197030746,-3.2572187694761836,,0.4269259107371289,0.1052631578947368,False,2
0.5608346416113571,-0.79524067974204182,-0.23034054365672618,0.82792184252582401,0.53762982913063295,0.15968590888870354,-0.0031507836018555418,-0.28026135679465658,0.95991856136357367,-10.501532201593895,11.748767204873635,-3.0646005494330364,,0.1343954537161358,0.2,False,2
-0.14999816263180035,-0.9313154889934685,-0.33189156537631526,0.98176558156075633,-0.17995456112751043,0.061259275151404231,-0.11677711278223271,-0.31665093697992136,0.94132634619455124,13.168856619016058,18.493884003266135,-0.68171190637107171,,0.08713348820031974,0.3333333333333333,False,2
0.87609551859955725,-0.45999964410987959,-0.14441942289234189,0.47742437657486136,0.86947831295440847,0.1267810236354838,0.067250330422073901,-0.18002163959018941,0.98136109681267802,-17.672103693555666,11.784023102035118,-3.3857735053738298,,0.9440723709092701,0.8636363636363636,False,1
0.0084877685390288178,0.98365947016200306,0.17983882936072401,-0.99518884855781387,-0.0092452774856185502,0.097538097943249136,0.097606933623594683,-0.17980147831656357,0.97884846370813594,-6.0174702848358415,-15.067380554289709,-0.028655318514906717,,0.3601348869214626,0.1818181818181818,False,1
-0.38378733115363178,0.92064729424481018,0.071525128770826632,-0.92243874847574014,-0.38579968540936321,0.016289814257611585,0.042591545598669719,-0.059725725929010251,0.99730576951392913,4.8859341186353165,-13.067556809776296,1.1329960507782122,,0.483423440410801,0.16,False,2
-0.94838350145796113,0.30412014611259841,-0.089886989552378782,-0.2958609964610559,-0.95054850076602504,-0.094465964582665013,-0.11417094610893264,-0.062995907961660325,0.99146180493485359,13.669598197969155,20.559918886521867,-0.69944094848524352,,0.2052074215067355,0.1666666666666667,False,2
0.00068734561058963269,0.98070445458399369,0.19549501353007104,-0.99532218523807758,-0.018215632668781987,0.094878544989758104,0.096608877070945939,-0.19464573842133576,0.97610438037409886,-7.7164904871864266,12.301030702398233,-3.1659894281773382,,0.5434427019877548,0.2959183673469388,False,1
0.18221387450873119,0.98145765298874654,-0.059489321111751328,-0.97572000875147336,0.18796332236421337,0.11242888404601058,0.12152599910529781,0.037558818347060749,0.99187739499689742,15.058865286576575,19.216942450506419,-0.41840220441488835,,0.1112250603852479,0.3157894736842105,False,2
-0.23328666431979725,0.97079678099902356,0.055954823317341154,-0.97030892128593038,-0.23617622800182619,0.052166910966266355,0.063858668350312342,-0.042123619606606058,0.99706954178119467,-5.1673773143848107,18.059414033197807,-3.0792550993434546,,0.4538171377402395,0.1212121212121212,False,1
0.13417774969953297,-0.95089994752009066,-0.27890073734549298,0.98785069655693625,0.10608216600658603,0.11356749256424112,-0.078404928400881271,-0.29075051824827636,0.95358104183169112,22.982936911679474,-2.5645426332219117,3.0173368544364978,,0.09890465267943838,0.375,False,1
0.99111900674867892,0.038688617272122874,-0.12722541159329398,-0.024039890967804674,0.99310673285443829,0.11472184099568665,0.13078684224251283,-0.110644512076988,0.98521702880303352,-6.7332482742432962,-1.0300617888981152,-1.9412362800227048,0.5296937066343803,0.4457945204061013,0.8548387096774194,True,1
-0.40912444829753919,0.90619619510675298,-0.1068907937068433,-0.91179187732969835,-0.40145795463373313,0.086412285566840052,0.035394324980422984,0.13281553612188693,0.99050859416959991,26.749784536756749,-1.3743048362292529,3.5147354470614176,,0.1025111505856817,0.4375,False,1
0.6875231767443073,-0.68528486841637792,-0.2402010211447132,0.72592129293837793,0.65712917412618543,0.20302592191863272,0.018712506461967794,-0.31395206263342901,0.9492544150385217,-1.8000426146208843,21.969378571870017,-2.818177784883642,,0.1503032947960131,0.3333333333333333,False,1
0.990120954465179,0.066361539505281536,-0.12351777849140258,-0.045248678062487467,0.98500404792859086,0.16649198989106717,0.13271417656964757,-0.15925819174779932,0.97827592002392727,1.9526193575229556,-1.0133360011325858,-1.0571851226912921,,0.6976698445688057,0.3779021558872305,False,1
0.97681880380965092,-0.16980381802610905,-0.13035216878763162,0.18440448108377502,0.9767281988725125,0.10953087639328825,0.10871987803574298,-0.13102934370214239,0.98539905581895093,13.199666397696031,25.428098147780158,-0.93128849668269031,,0.1438777437898804,0.6428571428571429,False,1
0.83583097969432441,-0.52694627380304182,-0.15399414894182395,0.54618811189214544,0.82647234976631678,0.13646245454130346,0.055363524191656577,-0.19816932052372241,0.97860298415253533,18.809521253290018,15.3906072921147,0.48105047410161489,,0.4502148419250207,0.1764705882352941,False,1
-0.66580562400233367,-0.71975092947854091,-0.19662520327170463,0.72941449273187675,-0.68334691912523571,0.031487869326890509,-0.15702665009342087,-0.12245647241703833,0.97997298101713659,25.227030581354008,12.469504548514838,1.9216024545598445,,0.3853651513913077,0.2727272727272727,False,1
0.26421659138226616,-0.93877315047876631,-0.22112115407284905,0.96265046748737715,0.24264452856220381,0.12011540369644845,-0.059107277764006871,-0.24459886487675686,0.9678211224272445,10.241431053172779,23.414009487103073,-1.3147485437226423,,0.275279762070206,0.25,False,1
-0.9119493789853651,0.40792204237696311,-0.044135445066459694,-0.40259536666409856,-0.91037832279904951,-0.095542033253381953,-0.079153653793160444,-0.069360772203006182,0.99444647033945255,10.732786720270939,15.429926538983944,-1.1337073038776584,,0.517116296609681,0.3529411764705883,False,1
-0.94753236551692488,0.2954679436632493,-0.12198815747978277,-0.30578563980545787,-0.9490187067534861,0.076541731889920556,-0.093153415324765426,0.10982799506206294,0.98957579432501286,-5.5220544619059009,15.776737113516596,-2.9720051772925324,0.6279493541357636,0.6222585614481344,0.8841463414634146,True,1
-0.076289477165526545,0.98600242534828608,0.14825361001037457,-0.99333186155592601,-0.088047382207405239,0.074427624604460951,0.086439160637121301,-0.14158698984624521,0.98614471342426702,-7.9252202667280409,-14.400391546635486,-0.25834942149839246,,0.6076807709728856,0.1428571428571428,False,1
-0.98895657638066692,0.092636178213896608,-0.1156867689900337,-0.087387274434289564,-0.99493592199261638,-0.049658588337252299,-0.11970110400650624,-0.039000636079757622,0.99204364626008179,22.249102954889633,-6.6168541184392957,3.3160781241160318,,0.1501663607478796,0.1578947368421053,False,1
-0.50893335131624517,0.85941018824507331,-0.048999716923495605,-0.86062808599741969,-0.50684614714203091,0.049257291030841817,0.017496900023534226,0.067239210791369353,0.99758345366276013,9.9933410926506649,-17.141642935671381,2.3658572324581604,,0.5671976714152089,0.3333333333333333,False,1
