axis_00,axis_01,axis_02,axis_10,axis_11,axis_12,axis_20,axis_21,axis_22,location_x,location_y,location_z,dbh,dbh_approximation,score,reconstructed,number_clusters
0.95824321741874441,-0.21630333860295997,-0.18703690004965773,0.24361013457412292,0.96002891276395885,0.13783536915475958,0.14974658127566817,-0.17764389200438108,0.97263487960785433,-4.6028744700373974,11.768316667747918,-3.2906090284141483,0.79055265542537,0.6892466845280678,0.9565714285714285,True,5
0.86521570174973961,0.48950891482452757,-0.10854866076105472,-0.47272267443073579,0.86855070886595953,0.14883863479450438,0.16713785485268659,-0.07746411063035992,0.982885674450233,-9.7935588492368915,14.714472557935965,-4.2991690335181447,,0.4190205354337995,0.5825242718446602,False,5
0.98600313165067921,0.013236023401983536,-0.16620057779549025,0.037427892807816859,0.95382964780287005,0.29800697275771781,0.16247146584868138,-0.30005634580317536,0.93998362332980323,-26.535924614014888,5.8549593843131138,-6.423907119359674,,0.289411496770889,0.1904761904761905,False,3
-0.914561768049444,-0.31992632182894165,-0.24743468031639992,0.36824357728055673,-0.91167812494574563,-0.18231748212123827,-0.16725262393724388,-0.25785683061810466,0.95159677105888318,4.9700420292866578,6.6629410849792938,-1.3839098806143222,,0.4339211086862808,0.2083333333333333,False,1
0.92816161561956934,-0.32110215311688806,-0.1881739157114215,0.34103328769636226,0.93624413428993258,0.084517558475768917,0.14903795480843465,-0.14261952275685527,0.97849239126072207,8.3196275502791686,-8.2351394729527598,-0.24342521755791396,,0.1855897929455289,0.4216867469879518,False,1
0.93122739635842799,0.33823293482511158,-0.13569826112037686,-0.31094608299218368,0.93160736035406999,0.18820270881668888,0.19007385339209623,-0.13306467575473682,0.97271050283368776,-1.9907601717520975,-13.454643656216703,-1.8432448907719241,0.734132655529373,0.5647326555689938,0.2272727272727273,True,5
0.8726467231935805,-0.44427765948717307,-0.2027438230381014,0.47865322589114712,0.86045185821364789,0.1746816791786644,0.096844131693687094,-0.24947937986390498,0.96352542944087172,-4.2315328454783305,-10.01846178278822,-2.3111738637052657,,0.5393867528989381,0.6951219512195121,False,5
0.27771320270097549,-0.87534291316474377,-0.3957905524615607,0.96064915770956949,0.25533670803598452,0.10934514768037012,0.0053453566263141974,-0.41058245201372995,0.91180780719454901,3.0512642652199924,2.9909056655851223,-1.5219672504267376,0.5658679745327765,0.3730582604957481,0.2840909090909091,True,3
-0.95000545723269214,0.24584110567567247,-0.19248839442487259,-0.20012947467253689,-0.95263926776622765,-0.22896859801535965,-0.23966189641951216,-0.17899881639270065,0.95421255448386055,-26.672177949827109,1.2169513035799016,-6.2669331794661272,,0.4526133848367888,0.3859649122807017,False,5
0.71140731802176016,0.68612559586238875,-0.15208975825994503,-0.68824382059086742,0.72397043150951512,0.046768127163834751,0.14219729703328421,0.071403648383041696,0.9872595645087564,9.5545470170194591,13.01844978190435,-0.96710601336171864,0.2614001725951584,0.2763881854370613,0.8811881188118812,True,5
-0.88422256804636601,0.44521092219324815,-0.14120086726832462,-0.44679085267012392,-0.89436572889643573,-0.022087936658984723,-0.1361190072245366,0.04355660380912272,0.98973452912223991,-7.6527021925613692,3.2533705866606866,-3.3418783076945733,0.1394995714871073,0.1294586692275702,0.5420289855072464,True,5
-0.95688703203269898,-0.17280400379427557,-0.23346516699568093,0.2364191249117206,-0.93031111531539246,-0.2804054673086952,-0.16874005245829879,-0.32351198585724678,0.93105681335945967,-3.7167725825581477,14.727537727680369,-3.3226487214861082,,0.3127949492934485,0.2972972972972973,False,2
-0.64484615627472275,-0.7015666896182351,-0.30327811453487008,0.74723630686289388,-0.66209107087991859,-0.057212896858882173,-0.16065906897407928,-0.26351393488617048,0.95118298432908699,25.492638269672259,-0.88327909340847977,2.6337787053570869,0.8411601562909669,0.6498705522100023,0.6338028169014085,True,5
0.64158355126371092,-0.68511727733862138,-0.34494182558796793,0.75969996404573847,0.62967477101493308,0.16237502078890059,0.10595523288988304,-0.36622943497131222,0.92447254669018952,-27.476861650412115,2.6187360347338986,-6.4671437776697802,,0.2000299515232962,0.24,False,4
0.68231142374344578,0.72680957839104954,0.078733460410535194,-0.71799197291052264,0.64594236330341304,0.25931831814597633,0.13761775999211615,-0.23346584343116972,0.96257729668101244,17.809760079168584,-24.173028653545575,1.6681038846710732,,0.4390717318754869,0.4,False,1
0.98107596828839427,-0.076096452297269496,-0.17804290043345936,0.091564366819748222,0.99255399892093554,0.080327616390365841,0.17060454617590923,-0.095109879475418019,0.98073859904170346,-4.2842829379051954,-7.4834907933251422,-2.39306447966193,0.5682432077645531,0.5304176509299465,0.9701492537313433,True,5
0.067616714691972016,0.99770986222021307,-0.0017351434486437278,-0.99733936505446485,0.067638888252486165,0.027187712458470886,0.027242812024848542,-0.00010781693108313783,0.9996288399043356,-5.4445317009265972,-22.647165129305719,-2.4000941500677646,,0.3851434601043315,0.4,False,5
0.87336087215789304,0.48671587340118594,-0.018666696625961238,-0.4653192354712708,0.84506606381993754,0.26332747080452973,0.14394025178537379,-0.22129393656220955,0.96452589263158972,-13.801309335262415,27.906331037907261,-5.7963982170695898,,0.5069213228280472,0.4444444444444444,False,2
0.7336296330104829,-0.64302118775747064,-0.21979834772781026,0.67107032142330048,0.73646852427497933,0.085315511233667998,0.10701488342157016,-0.21009013505446955,0.97180756833802362,-9.8006944794033419,-15.553923728507659,-3.181073013388136,,0.0733559255105405,0.1666666666666667,False,4
0.74219436297539731,0.65608601041576442,-0.13674309673350804,-0.65521413531721473,0.7532358002147217,0.057708458265688302,0.14086150804268302,0.046765117466048847,0.98892419291891531,19.02856677034983,-6.6354255704024725,1.6230355900193956,0.2251139505550117,0.227193643843752,0.7377049180327869,True,5
-0.18763130343529866,0.98220852575884654,0.0078042230750466624,-0.98220092141116067,-0.18768845184775429,0.0073752980998150891,0.0087088432204813632,-0.0062814782995168905,0.99994234787818381,9.277753715516468,-4.950381394339435,-0.17642261592351646,0.1997760104998234,0.1755724697867226,0.3125,True,5
0.81237380548754112,0.57443935761855713,-0.10034054303455342,-0.56312353118862923,0.81748472938575045,0.12087433905819174,0.15146183935017649,-0.041691025891492262,0.98758350005494488,-5.6705307932907214,6.6928438701201873,-3.2029339243069406,,0.1756587438716914,0.2411347517730496,False,5
-0.41470468697546498,-0.87872396912801709,-0.23635610565518783,0.9040010012413805,-0.42751771141751238,0.0032857539341158079,-0.10393369210782577,-0.21230353860507728,0.97166094659639346,25.250915402558235,-10.83634302904186,2.9213173364546767,,0.3529990060495076,0.6,False,6
-0.76970453583928455,-0.5635059951390391,-0.30002653374458887,0.61730631351518273,-0.77676835436829317,-0.12475511591221,-0.16275086114281137,-0.28123285208939441,0.94573793415667684,27.403087978672673,-15.378350257288043,3.3969308931614957,,0.3602023745865354,0.2105263157894737,False,3
0.92842920636823079,0.33349157987704903,-0.16371491964254728,-0.32926929699121943,0.94274182181481814,0.053099787760263403,0.17204923371338784,0.0046069026890926887,0.98507757949627917,-9.1178410968947041,6.6690488354044861,-3.7432850036471743,0.1042196767244677,0.1252105019566682,0.6,True,5
0.13746319642614693,-0.94967846808630307,-0.28145102039530973,0.99034652032324555,0.12666291161438903,0.056305208506913978,-0.017822438440015211,-0.2864739326267226,0.95792225499433614,-27.211744695461732,28.733381369573618,-7.7548054361911678,,0.4107168207325965,0.4444444444444444,False,4
0.46064406704464855,-0.79701971428469209,-0.39059777077975388,0.88662301546398092,0.43367628874130743,0.16070004677387029,0.04131188625714477,-0.42033849648243482,0.90642643188995953,-0.54240395649612982,14.261669250115348,-2.8154181327570131,,0.4333543563323654,0.2419354838709677,False,3
0.20950971655357292,-0.94757309531888012,-0.24126936750743577,0.97777744192364879,0.20493007511313197,0.044214685109956992,0.00754670357760516,-0.24517115112084964,0.96945043912682294,-9.2748383617541723,3.0844786539452298,-3.6124042041316398,0.7096735607145537,0.491688088791799,0.8569548047389206,True,5
0.20477275807110462,0.97771255622240616,-0.046327906892093484,-0.97776743648254538,0.20650897818713368,0.036398929688377692,0.045154819303218199,0.037844409536359008,0.99826291274420276,13.364186763902119,-9.7818696289377147,0.70383575221698491,,0.6513351922696293,0.725,False,2
0.20150326795358703,-0.94985568272728771,-0.2391037745304401,0.97939539100293493,0.19874269486470555,0.035860972102323974,0.013457380362985456,-0.24140323781712852,0.97033158027819211,1.8167249119091484,-30.297744617263334,-1.2752211984982684,,0.498860364502656,0.6666666666666666,False,7
0.29752368744025781,-0.93792335760761492,-0.17826786212329465,0.95439478596629257,0.29702458414978034,0.030116256922216641,0.024703196803382954,-0.17909821792722636,0.98352101167335793,0.14534739643221073,2.3651404214321943,-2.0402303111260487,0.3044840155500106,0.2540004134772013,0.9033297529538131,True,5
-0.0072954557458099357,0.99581852447836849,-0.091061751746748229,-0.99995514911220296,-0.0067150100949974235,0.0066789522694056802,0.0060395438117334154,0.091106393547047762,0.99582285019244143,-3.4161207566957694,-18.446462942456751,-2.0091815040728731,0.6872764265875779,0.5078688001636527,0.8928571428571429,True,5
-0.15678120231600542,-0.95597916052708964,-0.24803930986492445,0.98709664778851813,-0.15995234853167661,-0.0074467525721624572,-0.032555529868482057,-0.24600628210905789,0.96872134622803718,7.4740916734793128,3.96632350372722,-0.85302143999976487,0.4739017882449731,0.2771863328799852,0.7886178861788617,True,5
-0.57935500118639927,-0.77440624033684635,-0.25424940025033943,0.81107425630464591,-0.5786151042600739,-0.085808576972055489,-0.080661845752326891,-0.25592877143739479,0.9633245198739484,-7.6687825968017043,10.975438811643949,-3.7567058931808823,0.1586057878502228,0.2228804922408051,0.2948717948717949,True,5
0.15175615816963597,-0.93874715037446133,-0.30939272150685898,0.98841442341023922,0.14329182777939278,0.050043777697586569,-0.0026450051412239411,-0.31340267987920772,0.94961664064628404,-29.266323831359806,9.5506335956068078,-6.9463330598143136,,0.2361964257428568,0.2857142857142857,False,1
0.68830574093973718,0.71367460699828,-0.1300144696380012,-0.7092349719622737,0.69970052392589499,0.08605191086490524,0.15238425619161902,0.032980784461248816,0.98777087744134706,2.0856599119130181,-6.6695276636473197,-1.3468291641134711,,0.1668568564036171,0.2877697841726619,False,5
-0.94239321719950708,0.29891827915340541,-0.15014288715862883,-0.29989118967786099,-0.95382795183991698,-0.016658710708391596,-0.14819007567971348,0.029327473072792945,0.98852395054101005,15.046637772662192,-19.181220630331783,1.2018787074926618,0.7223592145886959,0.590082829553161,0.9375,True,5
-0.33537260080961162,0.94153104061714077,-0.03231900649154551,-0.94117405726745729,-0.33635963379053552,-0.032459061647097637,-0.041432023278017996,0.019531930542074472,0.99895039473258607,7.8248056546136713,-16.644025779236809,-0.10334462563288273,,0.2047167867890698,0.36,False,3
0.87723321076886818,-0.4452559669349832,-0.17946870989934682,0.46000844773548555,0.88656362527556321,0.048960865497254265,0.13731031256293963,-0.12550721990006766,0.98254456174609406,3.9658482938188886,-18.266521419622396,-0.7832542890226275,0.2923567799644575,0.2673690473217419,0.9438202247191011,True,5
-0.75675576714809534,0.63768586921736803,-0.14379652669166029,-0.64404915667617713,-0.7649783178206534,-0.0029760794657931952,-0.11189902891804335,0.090359866449497145,0.98960280004778989,0.37373416023002443,5.1029973404740936,-2.1206431130244243,0.1818528720930115,0.1110086799069549,0.5027027027027027,True,5
0.54263028028304161,-0.8012495870652151,-0.25209418507329873,0.8363297686148119,0.5432884483899747,0.073417845069914181,0.078133840611120914,-0.25067261731955581,0.96491364477735553,-9.2544285066802647,4.1185444376168157,-3.6570138706337816,0.159162910068315,0.1807859806807675,0.5866141732283464,True,5
-0.30043564754641477,-0.89292524190461964,-0.33529529381269818,0.95376579642116577,-0.28431605230319018,-0.097443255178743124,-0.0083202920902118518,-0.34906861040819304,0.93706023177127062,12.954139671453241,10.301119343447878,-0.20740598301097171,,0.6973459916617892,0.3333333333333333,False,2
0.97532029108372709,0.14410455316956511,-0.16728480969937001,-0.12531613481998163,0.98508055088727164,0.11794988180329291,0.1817861275073942,-0.094075427288057567,0.9788276752454621,5.9711183303678572,-5.8893701264877762,-0.73939475576265157,0.2259568781000448,0.2184405173786717,0.6910112359550562,True,5
0.50366880578407958,-0.80131834392160306,-0.32281054161036793,0.8617952268558684,0.49209619781048508,0.12308663237292289,0.060222263727647656,-0.34019148107382674,0.93842582826577969,-29.838779704686456,3.3393842653439147,-6.8532024816495785,,0.2581998676989635,0.2,False,5
0.77746725518674298,0.62726054919300434,-0.045704163251108515,-0.60953002532491329,0.76940832337647358,0.19100780127109013,0.15497682194381213,-0.12064425118958715,0.98052391572827102,26.507684967964284,-8.0003541345508022,3.0404146249561661,,0.3796981936760452,0.4,False,5
0.98407781307207021,-0.0056786925625219014,-0.17764743248939047,0.024470025042474416,0.99430048933256443,0.10376779263068217,0.17604566366063337,-0.10646261956106441,0.97860800882809251,-8.1743873674240319,8.218770024032338,-3.6719008310339802,0.2055080840186166,0.1492947112595087,0.4127906976744186,True,6
0.040473511761350264,-0.98031715742770031,-0.19323603623180077,0.99889819860595552,0.035100404605463535,0.031150448123758466,-0.023754655701189693,-0.19428389652620906,0.98065767925566782,-7.4344613186139741,-14.161196451329518,-2.7696959272234274,0.5331599965043012,0.5513781530486831,0.9784172661870504,True,5
-0.94220102406084238,-0.26931850523712886,-0.19931074480704439,0.28852068591443653,-0.95460915602608731,-0.07400792545818978,-0.17033215802708288,-0.12723561595717059,0.97713768424610292,-19.832305831613713,18.335616972671662,-6.0021356586234287,,0.1666953565363378,0.2857142857142857,False,4
-0.2394190150853607,0.96648965376133389,0.092608230670127856,-0.97052917321553323,-0.23553902699867987,-0.050936143337398897,-0.027416402993989113,-0.10207407081531952,0.99439892644454286,-26.231827799310892,10.574286588367983,-6.5918306703328762,,0.4277234958205195,0.360655737704918,False,4
0.9777911249865382,-0.18860066374716811,-0.091401890197560398,0.20580872016071486,0.94644448469392073,0.24876818144261734,0.039588970728826806,-0.26205462603546215,0.96424067865343965,4.7256985940407761,-22.297460129730041,-0.57136087439501027,,0.5585740756419378,0.2333333333333333,False,2
0.75265809714324428,0.6436444750185828,-0.13866354453411894,-0.6383989120703687,0.76494274694347253,0.085495163406744595,0.16109816222440934,0.02417402896973149,0.98664228494996642,6.4438427580628037,-20.358666943732008,-0.32746733820248497,0.206452974323385,0.1469944878444376,0.6,True,5
0.23455129741414166,-0.92968063514500898,-0.28404155596974473,0.9718662230862527,0.23071935549478281,0.047377456919221392,0.02148798048685778,-0.28716283818844451,0.95764073172466513,-10.812721364558529,8.2711331446079441,-4.099083979108908,,0.08305728338728668,0.2816901408450704,False,5
0.98471255950779413,0.13793126380659179,-0.10637735479098251,-0.11960963459441956,0.97939760234538598,0.16270793414059528,0.12662823721350458,-0.14749678974414066,0.98092302784437402,11.551153498192315,-10.329650154191194,0.37582740438307422,,0.3874023390619419,0.5,False,2
-0.0051246145096965718,0.99218704852884154,-0.12465391713762,-0.99959106934473119,-0.001575723359573834,0.028551903301716159,0.028132408577714488,0.12474925982754245,0.99178938780372961,7.1874177421614318,-11.343028160735734,-0.32614404162178795,0.3801157985615792,0.3388796446418306,0.9488372093023256,True,5
0.62108385494517382,-0.67179307864831106,-0.40366930104562876,0.77925450478758473,0.58436825915832724,0.22644238661638122,0.083769098686202872,-0.45520083168694914,0.88643947392747102,-22.033053181112674,19.562186574458245,-6.3897551403422836,,0.4297443471321665,0.3181818181818182,False,1
-0.6929928740049518,0.71965085054672506,0.043168621540794289,-0.71425766841876626,-0.67719712092200868,-0.17674852904601668,-0.097963563039250634,-0.15331899009032668,0.98330891768270745,-24.846660810428336,-2.5116697448590508,-5.8689858939614572,,0.2599832652389455,0.1739130434782609,False,1
0.87499822328709587,0.48370486878173302,-0.020191809261966259,-0.4553078735484174,0.83637179672001705,0.30524900972181601,0.16453829198470346,-0.25789885142857344,0.95205847136747823,23.409051911036222,-2.6346455165245066,2.2886704233041173,,0.477450716586977,0.3720930232558139,False,2
0.11038774925661939,0.99361328768969548,-0.02339186483659822,-0.9923152700720631,0.11150624102200452,0.053635463966977284,0.055901248607414265,0.017291406525168973,0.99828656089547507,-9.7224996505662684,-18.294251671887785,-3.1262234246691407,,0.3642995416648023,0.1538461538461539,False,2
-0.90210690456526987,-0.39374026896861819,-0.17655518493714198,0.3976669337233909,-0.91742164061239895,0.014090534379220004,-0.16752355822004381,-0.057498990674410763,0.98418988183821576,9.3458840771577716,1.1484642774929672,-0.40276025056906811,0.2765815859747263,0.2342764279133897,0.8493975903614458,True,5
-0.90570831839558452,-0.37900818036009298,-0.18985584323157778,0.39147255726046493,-0.9196457256848044,-0.0316382069912561,-0.16260897546259279,-0.1029783397118097,0.98130208531787255,6.8192023962834032,-17.834154369714526,-0.28352113882104574,0.3142985724625819,0.2869704097911168,0.8478260869565217,True,3
0.95769049645797188,0.2404595904699095,-0.15813949015070894,-0.2288453005734141,0.96945647835754112,0.088226781512520308,0.17452432896174211,-0.048304471031549112,0.98346730330947751,-1.8360482593579512,-16.9199903908581,-1.785431608760863,,0.7798438384442373,0.3536585365853658,False,3
0.87612287510202824,0.46107695432950419,-0.14077197842320677,-0.44296079864700483,0.88516525015263869,0.14236646650185622,0.1902483602687888,-0.062374049960260289,0.97975253983166188,-12.579289170964655,-15.966893192209934,-3.6277420667239615,0.4784744945131801,0.426159580883922,0.7352941176470589,True,5
-0.35800469336650825,0.92103422348107389,-0.15339034749347424,-0.93307537152518294,-0.35899943542320056,0.022130441002531573,-0.034684154605465423,0.15104755722102717,0.98791783305944325,3.7282619835209498,4.7334164375814307,-1.5153853547925344,0.3681963055563808,0.2944165921804426,0.7316176470588235,True,5
-0.94031903422966745,0.3010022220098672,-0.15873807423081801,-0.30494994761214816,-0.95236822751300376,0.00053728492324874033,-0.15101537443828134,0.04891238666087655,0.98732058375909681,-4.5204909192584797,-15.992580409379681,-2.2839494239535432,,0.08630589273620395,0.3103448275862069,False,5
0.98568760468024319,-0.062143516446735728,-0.15671033578982319,0.099167449298084354,0.96547232949314621,0.24089208783766702,0.13632961152822504,-0.25298490932605572,0.9578167218595901,13.875070408957614,8.534932714568475,0.066533543412663723,,0.221755937159273,0.3,False,2
0.11048164506981828,0.99387637566241283,0.0018857366763338768,-0.99272963638930323,0.11026258472292443,0.048270399258568422,0.047766883266844175,-0.0072050198032865276,0.99883252477710505,-25.579031640293781,0.41464188808646757,-6.0820573060743293,,0.1339685463254376,0.2380952380952381,False,5
-0.036870378440410141,-0.93828451968713444,-0.34389349413611353,0.9985038423729955,-0.048495949790782922,0.025263008931135564,-0.040381331825804133,-0.34244751856215,0.93866876216831729,-22.05024211056956,17.658819742409857,-6.3056835566345031,,0.3254982980858831,0.1538461538461539,False,4
0.36382921812584185,-0.82951284092846611,-0.42371776782750559,0.9303316921844097,0.34605157156486804,0.12137237055762753,0.045948259545186089,-0.43835688263362566,0.89762575770334163,22.144735581873615,-1.4265950906248073,2.0129621306094334,,0.2523688860732325,0.2083333333333333,False,2
0.97557849600654778,0.19851464268172347,-0.094013481855257777,-0.170199839619808,0.95375758130747545,0.24774682781401036,0.13884744406359362,-0.22569539813532097,0.96425254707340302,-10.084826895923674,-35.528494862174405,-3.3790743097070677,,0.3711656771289806,0.1052631578947368,False,5
0.18380468324560878,-0.95014068974721799,-0.2518898729676563,0.98257978544073032,0.18475085964958435,0.02010186812184437,0.027437267725302306,-0.25119671483803313,0.96754710830757495,-11.936362079256307,-22.798250725145369,-3.4630622026811948,0.4418368185667869,0.3602115027824213,0.7380952380952381,True,4
-0.2034086676768411,0.97778222458727826,0.050663943738001149,-0.97831585082264039,-0.20503726604697323,0.029288488543415387,0.039025759993977047,-0.043607806791188503,0.99828620607707319,16.240127582687208,-18.731998497047407,1.4277020889622625,,0.3982074688324785,0.625,False,5
-0.52632687214031781,0.83615612110126347,-0.15434689762959097,-0.84772928984866269,-0.53008490675852482,0.019106092208754345,-0.065841284887774174,0.1409004356689354,0.98783196568679255,7.244788080551043,-6.0850643764241097,-0.48948557012055877,0.3283249966935735,0.2547349268514153,0.9281437125748503,True,5
-0.51946580048287638,0.85308508254858295,-0.049001265919983883,-0.85159648152737344,-0.52157033815346543,-0.052419605193832007,-0.070275990059778179,0.014499113474835013,0.99742220795887704,10.534881988432739,-23.699882225419536,0.35269021231605191,,0.3816402045680028,0.8157894736842105,False,5
0.96662358687029382,-0.18137183704916451,-0.18095054029049135,0.19541935338529029,0.9786981548216569,0.06293804947057946,0.16568077024351538,-0.096198640708158117,0.98147628799549735,18.749492267253927,-11.605757421804199,1.7299390464428051,0.2887300501149231,0.1882341791633119,0.2,True,5
0.75931277050470469,0.64125812234583901,-0.11059899219232892,-0.63452512247408044,0.76732521260986819,0.092681643503308084,0.14429825188727366,-0.00019651643707882527,0.98953422168390281,7.883423363615595,-4.6150166134753494,-0.43745670443482226,0.2849822128966554,0.2725453896716342,0.7976190476190477,True,5
0.96588094368267263,0.2142033144830473,-0.14557109155030376,-0.19219616604131756,0.969594346000337,0.15148411785793914,0.17359330744498294,-0.11833741702714537,0.97768175770117349,0.19107634397435477,8.933360192432783,-2.3632691064912619,0.3176410896933179,0.2645976863107175,0.6255144032921811,True,5
0.59094696314443718,0.80591798199343256,0.035747629991353946,-0.79649008927998233,0.57585570621619953,0.18437392249720777,0.12800478283693667,-0.13742784258611418,0.98220586622815165,17.686579643985983,-29.517343406660196,1.6031205306786975,,0.3737294667624065,0.125,False,2
-0.71066770613872154,-0.64130418667421285,-0.289275563443672,0.68912297397284128,-0.7173283754896197,-0.1027108974756312,-0.14163664142570542,-0.27233975448242886,0.95171955949959142,4.2925579638616513,7.143097645328135,-1.5398240188411481,,0.487206706477761,0.5818181818181818,True,1
-0.79680339311115833,-0.5694120799382022,-0.20217377660565994,0.58434515383427743,-0.81130535845419061,-0.018009900996739353,-0.15376961311305784,-0.1324896168156891,0.9791840519121483,3.1036534876181712,-21.772803315299058,-0.84648470710444879,0.2167928255453193,0.1139026643297256,0.3333333333333333,True,4
-0.19468204260073976,-0.91201520989915286,-0.36100853064908023,0.97887975200067157,-0.20406292816038279,-0.012359307169686681,-0.062396581732558659,-0.35579007611682295,0.9324806101602745,5.4659783216228242,-20.534579501960852,-0.47001973643969908,,0.3610111936738585,0.5294117647058824,False,3
-0.98156128497722972,0.047731759515585469,-0.18509220126033227,-0.007104090902110078,-0.97676083447462214,-0.21421438823966554,-0.19101564262202081,-0.20894963835811237,0.9590897105608579,-8.2882295953868272,-14.995299668835887,-2.9480702876721856,,0.321243130066495,0.25,False,3
0.75193662200440348,-0.59886914305046268,-0.27558495240236142,0.65181535615688957,0.73793752187116479,0.17488554912488455,0.09863091790445222,-0.31113335294797545,0.94523435121491273,-10.620137758799316,29.938558899892101,-5.5163875398224249,,0.2975269692145109,0.5,False,2
0.89945131603543682,-0.35848089359419499,-0.24995755441680245,0.41044887284273501,0.88934194198811134,0.20150095037727211,0.15006349610831399,-0.28383509146813157,0.94705785883811122,1.170915409818317,-16.996928444451388,-1.2523298662801197,,0.3715467285499237,0.2394366197183098,False,3
0.9140492304484289,-0.33734374337483614,-0.22519592163822028,0.36912583956491823,0.92196783590955544,0.11713848263378268,0.16810746230351931,-0.19019597354860926,0.9672462834065414,21.098975398509818,8.6603057082360166,1.301483742643587,,0.6427409752742638,0.7755102040816326,False,3
-0.96012843475899445,-0.19389362292239443,-0.20139178671751309,0.22131686083156948,-0.96730854972201397,-0.12382655913153098,-0.17079881697161597,-0.16346079843412981,0.9716523717340344,-27.657353381952841,7.7325219865352555,-6.6657251623599887,,0.6179800126402087,0.1666666666666667,False,1
-0.70844907121030254,0.70415255313564895,-0.047635022974754943,-0.69772995166454488,-0.70894312358335854,-0.1028229647212211,-0.10617357510911254,-0.039608451578123607,0.99355842430736407,17.136431789574232,-24.447650011326584,1.5654943799086314,,0.6768018286011962,0.4242424242424243,False,3
0.92877069824272118,0.34752258168918188,-0.12889160291428473,-0.33009932655454699,0.93368559738295509,0.13880071991120466,0.16858061778852942,-0.086367010227980448,0.98189679439863609,-6.3221960385318079,-23.950049031896704,-2.5322784000681078,,0.5210505389507204,0.1666666666666667,False,1
0.94835861934022225,-0.22351834706854806,-0.22506771791363475,0.28057782590024466,0.92208605913293684,0.26652088692217468,0.14795949694493896,-0.31590639131938225,0.93718255382148818,-13.353609414574443,25.48844819180874,-5.4941615282085001,,0.2831653754591334,0.4074074074074074,False,3
-0.38912355792435804,-0.85863319974996399,-0.333664329761856,0.91804609599296261,-0.39134306040756794,-0.063576526351484336,-0.075988303707681615,-0.33105835944434137,0.94054566095519898,27.157272624225929,4.0521773641900287,2.6722086832562892,,0.3169754210155314,0.2857142857142857,False,2
-0.12156193074436894,0.98639187243310045,0.1106967523987209,-0.99255213450797652,-0.12169124269298598,-0.0056126406884170962,0.0079345622035361628,-0.11055458131510981,0.99383838086123433,5.0643257053872563,-17.344404386636604,-0.54419525881803843,0.8848237399296538,0.7366629854190125,0.5714285714285714,True,1
0.91711778379130804,-0.31810456521770286,-0.24021751859799056,0.37495486733126382,0.89297039135569356,0.24902354833761034,0.13529160402003601,-0.31845465257979166,0.9382338813600638,26.92121393317165,-17.69280369158918,3.3392402187619719,,0.3532036842670709,0.2857142857142857,False,2
-0.98558240983908607,0.065854288477497733,-0.15585418218611402,-0.018132899350726289,-0.95695164891124196,-0.28968040942941298,-0.16822161388155901,-0.2826778278096434,0.94434884141820497,24.668750656006605,0.8075837511177455,2.3727467094139474,,0.4044393927046924,0.1428571428571428,False,1
0.2023517521816765,-0.91000759089517591,-0.36185626000134746,0.9792927579263383,0.19039779354982825,0.068806790975764281,0.0062819313933663683,-0.36828638954557402,0.92969117055797301,10.918947657513391,-26.542072958610976,0.4142465403062871,,0.3875212487550238,0.1764705882352941,False,1
0.96681502074619774,0.22836729491714908,-0.1145298837498438,-0.18978236990245337,0.94210415717779727,0.27644603289343939,0.17103031232426963,-0.24553642426437686,0.95418053670452052,-18.585764440692692,18.179122988874528,-5.8146887773272562,,0.4500331918189747,0.2368421052631579,False,1
0.055945762405627139,0.99825174048679299,0.019066575044860534,-0.99800997543530678,0.055355449936718142,0.030197070949374901,0.029088839792456161,-0.020718030248836422,0.99936209785149299,3.0217248551121916,-29.775792038611101,-1.0264542367688816,,0.3358769232112258,0.2173913043478261,False,3
0.95799723945819371,-0.15317974928748154,-0.24244020623383622,0.19548037971794052,0.96736318830740631,0.16123238835004663,0.20983019405178682,-0.20185248652408222,0.9566748995077875,19.068265704023894,25.068236437709817,-0.31273315498875864,,0.3380617883017714,0.2727272727272727,False,2
0.6933446398924904,-0.65083665345676256,-0.30932969603572641,0.71802026824908405,0.66030064351951723,0.22011350379116948,0.060992661163999665,-0.37471950934654263,0.92512982040317993,19.41714649299303,-0.89000887455825528,1.4731494518559851,,0.6009164182331235,0.2857142857142857,False,2
-0.84858044565758106,0.51795662676548349,-0.10785249203101835,-0.51278661417182692,-0.85537890370234249,-0.073326798833516893,-0.1302348477703778,-0.0069183734142098524,0.99145903623676057,33.390932071135886,-17.753222997998336,4.4913260477560009,,0.3609156170276084,0.391304347826087,False,3
-0.19365106945075455,0.97982701570664332,-0.049378969126454161,-0.98073520117095214,-0.19202380941650252,0.035851384929263888,0.025646217747469169,0.055370352252689742,0.99813646141530266,21.268176672879783,-9.5660503551347595,2.1343283424204165,,0.1399892223011467,0.4666666666666667,False,3
0.15332797769341142,0.98729452055856703,0.041714037583024277,-0.98684255305163282,0.15079298161290752,0.058337399520590937,0.051306010788058243,-0.050109942838908267,0.99742502820297085,42.876859770723023,1.0685631732341139,5.7780332055523163,,0.3268772923744303,0.35,False,2
-0.436408108700721,-0.87010973503596289,-0.22903495727924936,0.89513073744351002,-0.44562378990922047,-0.012664941799403431,-0.091043536531150604,-0.21054331350719951,0.97333580412584819,3.4809374806290414,-23.876745307943619,-0.84665644040233556,,0.2037285879149606,0.5416666666666666,False,2
0.50371224860371655,-0.81041140850028703,-0.29917773911033041,0.86169487411992851,0.49591881787191983,0.10745450198087855,0.061285516413167956,-0.31192607305754161,0.94812773950817053,-0.32730710843737237,-14.833089211873569,-1.5325527936979277,,0.7337700356281243,0.4157303370786517,False,1
0.90732748511916528,-0.35081051824993581,-0.23170846991972954,0.39502864277010613,0.9000052704323237,0.18423594813512384,0.14390693568601498,-0.25869382188071555,0.95517972150910435,-1.0267352933801246,-13.111376234427471,-1.729875999322509,,0.08472908915460364,0.1818181818181818,False,1
-0.73790609345810676,-0.6015244516644328,-0.30604400220752415,0.65904851323645786,-0.73993995137815916,-0.13469938958771183,-0.1454292076517304,-0.30109334500166407,0.94243999445985904,-12.530303335082525,27.635412831404196,-5.5557779665881801,,0.7514260742282919,0.3055555555555556,False,1
-0.17141265352693238,-0.92901652984221628,-0.32794205203172866,0.98459357522211244,-0.17320905310893916,-0.023960708512944025,-0.034542638031762052,-0.32699680610218496,0.94439392996607929,-7.5404425067148591,7.75381799415754,-3.5564654543486425,,0.4289449767450743,0.3846153846153846,False,2
0.72107233523485681,0.69238633034726393,0.025609703379767451,-0.67792248061707894,0.69741099487505021,0.2324629314565641,0.14309366734043938,-0.18498398248400469,0.97226803330739053,17.919674891351619,8.1873693521436621,0.7445080694591234,,0.5367694823811002,0.16,False,1
-0.40680166633143311,-0.87567696494390257,-0.26019657441366362,0.90849621754476373,-0.41762826614429627,-0.01487461005093562,-0.095640090844936188,-0.24243861982766879,0.9654410850172207,1.315185886907932,-29.615952457174334,-1.3466900870466572,,0.3059739235075858,0.5185185185185185,False,2
0.29635039557707493,0.95505743600738024,-0.0064604154912346334,-0.95186350542580278,0.29590043537971383,0.079992495776780456,0.078309067672993254,-0.017556374030652799,0.99677452999717153,10.655310544696864,-10.685212362769267,0.24300168578300343,,0.1071074120183111,0.375,False,1
0.92908070615494798,0.35334268700860677,-0.1093525810768094,-0.32109001248661256,0.9172360851090624,0.23575234475005219,0.18360350032602679,-0.1839209333146673,0.96564115744757473,0.012552286033448157,10.681113792621808,-2.4876639894482881,,0.2399874311731838,0.1568627450980392,False,2
0.71367336005069837,0.69950868075548733,-0.03685024696884151,-0.68592251822115924,0.70854419967832349,0.16575709969515207,0.14205855888009783,-0.093020012093758292,0.98547787555022637,-25.852903343296173,13.263405900676364,-6.6215115141812619,,0.7359457356626355,0.3181818181818182,False,1
0.25741198009150223,0.95610048604535425,0.14003904130352124,-0.96361692220444506,0.24319110652650996,0.11090767758656017,0.071982635035156547,-0.16349295486426682,0.98391491195283076,-25.882999468365551,7.3776548457321738,-6.3891134072026725,,0.3046020905553853,0.5,False,1
-0.044422587312127101,-0.88797464932067682,-0.45774190970493123,0.99833932606558295,-0.056280419911342569,0.012292451566742552,-0.036677292258482951,-0.45643568714379024,0.88900013483360196,8.5881340186207957,-16.04859818074852,0.010164696832100166,,0.19912272099624,0.3333333333333333,False,2
-0.20718597040515918,-0.92886604855423216,-0.30705347662991755,0.97523844264513115,-0.22091827953322102,0.01025152452961222,-0.077356018863253051,-0.2973263822995339,0.95163704674329486,-24.819091183532805,5.3250004174772583,-6.1066348130627777,,0.7676054603142769,0.5873015873015873,False,2
-0.74959651000894723,-0.61825254323394341,-0.23636595560098544,0.64535726904793478,-0.76200493739545272,-0.053502062314866254,-0.14703423910571822,-0.19264544679206236,0.97019001456461573,25.71304086334397,-12.125111702220414,3.0128321732390844,,0.347308118567109,0.1851851851851852,False,1
0.1228296958638614,0.99158608799577685,-0.040864359865569966,-0.9911805862844526,0.12463495974858689,0.045024128878604283,0.049738427667149948,0.034973660113000044,0.99814975425108465,-4.7622122720112152,-17.111723580193622,-2.3053915456673071,,0.1597810937947003,0.1,False,1
0.94791561238455668,-0.23835228097195407,-0.21129169873205367,0.27869414048070679,0.94182870629973436,0.1878517076086576,0.15422570427568313,-0.23695332482418358,0.95920151897056249,-5.244914726994943,-11.586979622282433,-2.4599011100849282,,0.1641800549011664,0.2592592592592592,False,1
-0.89165049142310637,-0.38712566172266544,-0.23471924331149685,0.4216339967824278,-0.89890768346439998,-0.11912073440817394,-0.16487623813700009,-0.2051796740529031,0.96473681771420783,-2.3467578442121737,-8.9028271485428547,-2.0343429047812656,0.532116810728587,0.1962002928942261,0.3333333333333333,True,1
-0.78590861645139587,-0.51485647680193758,-0.34244774036712311,0.59938964555830276,-0.77038735556265336,-0.21733700832272929,-0.15192004273612017,-0.37606665723549332,0.91405370188560442,-14.94000281798195,26.937968833555352,-5.9076897525069541,,0.1650295811609918,0.2222222222222222,False,1
-0.73881985560144747,-0.63754464748362794,-0.21836218407506719,0.65799613326790296,-0.75244673565434417,-0.029410858668366756,-0.14555517707572246,-0.16541079912780549,0.97542450141379844,-5.5531618093226278,-21.109194191051749,-2.426250608349362,,0.5590923410306667,0.3,False,1
