axis_00,axis_01,axis_02,axis_10,axis_11,axis_12,axis_20,axis_21,axis_22,location_x,location_y,location_z,dbh,dbh_approximation,score,reconstructed,number_clusters
-0.33267045739312084,-0.85064581229940839,-0.40710203732643341,0.93625714759214829,-0.34961139904112193,-0.034560428861988908,-0.11292882873946286,-0.39264942592341889,0.91272860586350857,12.093066360701364,-5.785432308412453,1.2298308605017447,,0.0961552922075183,0.2439024390243902,False,5
0.9143418635601277,0.28702056224905781,-0.28565390490526932,-0.27581919228957813,0.95790573662567757,0.079626458569648229,0.29648394510684478,0.0059830248080698784,0.95501909599129398,-0.99322405429955496,19.472381696902371,-3.7179517154833466,,0.8467628003387059,0.5,False,1
-0.92309662000925785,-0.20039673266673672,-0.32822824324542893,0.26091717350998883,-0.95336316290752088,-0.15172642544568782,-0.28251523621752223,-0.22569853598874751,0.9323332623893098,8.7457515095825222,13.505599008841889,-0.12618261977561143,,0.1406404662366034,0.28,False,7
-0.95254736045131516,-0.07366081106348521,-0.29534320884473064,0.13742891424082995,-0.96982939279873337,-0.20135600908397741,-0.27160047795948228,-0.23238983148388767,0.93393155348508861,-19.762693335298195,8.9529839924621442,-11.120961856041763,0.5362750906818672,0.635471568010404,0.2923076923076923,True,5
0.60868626920905933,-0.70603067757246107,-0.36196920863925675,0.77091072891601753,0.63416734457394142,0.059400564965422849,0.1876104307295639,-0.31520225475495683,0.93029557930738338,5.3247241748118528,14.893833514516663,-1.4804249893282257,,0.09597067631679443,0.3428571428571429,False,5
-0.97003335450355876,0.072593348738091368,-0.23187388138719517,-0.036456757835693639,-0.98700654782068764,-0.15648955034505646,-0.24022113969982489,-0.14334671352381331,0.96007579063490556,-12.667533268423446,15.387286093199505,-8.1360823253906567,,0.2623391735061913,0.4242424242424243,False,4
-0.5570408207283406,0.82533182046580622,-0.092373752597239733,-0.8213570561896586,-0.5639456441392966,-0.085661524057027094,-0.12279295700387591,0.028154867836893777,0.9920328588949725,14.321781638841268,-8.4910550566783858,2.1150047863594827,,0.6895043628924887,0.7285714285714285,False,3
0.93300574554008775,-0.16482997911984862,-0.31989272697661808,0.23045816225695168,0.95641081964083963,0.17935266801218183,0.27638616868131327,-0.24105895971170549,0.93032320389441903,3.0841785695370527,9.2165334861251473,-2.0916650038964257,,0.3591666961096348,0.2954545454545455,False,5
-0.93937164575680321,-0.079357495158767097,-0.33359151534516301,0.12181146697645358,-0.98662643876285039,-0.10830621795252687,-0.32053529861966878,-0.1423750620588525,0.93647555442869856,6.5388993682335199,12.498894428747738,-0.94340798878858123,,0.1606565974871303,0.1290322580645161,True,5
0.083290572844680971,0.95267030435093203,-0.29237300094760565,-0.99595047629656808,0.089543016076257032,0.0080434468113408618,0.033842713245905605,0.29051908625746242,0.95627053247513893,12.697736374448157,8.860621944357062,1.3219151217863612,,0.0755744448222671,0.3076923076923077,False,5
0.19744891346772475,-0.87329557517041523,-0.44538608527679546,0.978217117713158,0.20521232933874714,0.031291700182751223,0.064071812705561032,-0.44186280481065554,0.89479163191297451,-11.331380641870874,8.2376009571291409,-7.7084849921259266,0.7989307741906637,0.7817645395833879,0.4159021406727829,True,4
-0.7041422840357241,-0.62901093158221544,-0.32943723496749461,0.67181662571638101,-0.74038176352478979,-0.022299454051145959,-0.22988272062947795,-0.23702340008952025,0.94391410762102379,-5.8447258878146009,8.68922691884082,-5.5367334069594634,0.1092801381245929,0.2109706647596172,0.3125,True,5
0.031475583621590475,-0.9138990692043778,-0.40471938295941956,0.99949642081796208,0.030409730496911876,0.0090638326986678588,0.0040239790959356887,-0.40480086412763272,0.91439601267380788,-5.7381214521343464,-13.436603983641131,-5.051881917671718,,0.1157969108162924,0.2142857142857143,False,1
-0.91999835984123679,-0.22939161344647357,-0.31777744660353208,0.255580003010212,-0.96584341387776762,-0.042724254589662773,-0.29712266818729427,-0.12052380490743723,0.94720226588617262,10.194623445263511,-2.4982899830265484,0.5997141563838172,,0.7001445435109758,0.8644366197183099,True,5
-0.47449945729529092,-0.74404612084886645,-0.47036755317116541,0.86418373458380626,-0.4953973686589217,-0.088135804339679213,-0.16744174481669777,-0.44830438005396656,0.87805833799194055,-7.0980278089811835,-7.4156948805796867,-5.6584903933733193,,0.3704730634011224,0.3421052631578947,False,4
0.87834295034539156,-0.34854014645607018,-0.32715963670192444,0.38510765626292354,0.92138754818353286,0.052317101792974961,0.28320620520432072,-0.17194403845646941,0.94351973639826381,-8.6714837036828332,11.20016205559474,-6.6354602855568947,,0.07801763310269896,0.2352941176470588,False,5
0.95092931767476896,-0.030079540691602458,-0.30794261481383289,0.044749521603082362,0.99816936244027876,0.040686658769955086,0.30615504748883965,-0.052470421356700811,0.95053455580518309,2.2660108007127673,16.741495310919255,-2.5615157030737694,,0.1118631985414936,0.3076923076923077,True,6
0.59595457421553411,0.78245807478360396,-0.1805477961026305,-0.77850090627982738,0.61809997227984537,0.1090356051441061,0.19691237745014561,0.075576355254734467,0.9775038261476735,-12.008464840218192,-7.8602362125179477,-7.6580080860861566,,0.7900657502501823,0.2289156626506024,False,1
-0.94736918182347252,0.097611545854018086,-0.3048993595387085,-0.076949916900022647,-0.99389284677369527,-0.079093106028026633,-0.31075769277719467,-0.05146839076627497,0.94909465341014654,6.4451140907166513,13.965118602600441,-1.0327055387336486,,0.6995255123528392,0.1333333333333333,True,4
0.39279579788091579,0.89360971819257917,-0.2171937676796335,-0.90998300513878871,0.41179330006073817,0.048551090447762409,0.13282466459838888,0.17857197310011141,0.97492033464148176,-11.175774928747343,-4.5314506734189353,-7.2948410533508925,,0.1490235033298231,0.1630434782608696,True,2
-0.56586948955965377,0.80417271937252632,-0.18192844253302931,-0.8085750580900003,-0.58441663421588008,-0.068290358664572087,-0.16123925148750415,0.10845937059000027,0.9809375457749443,-11.572889045857247,20.788807615681627,-7.6874102379860672,,0.182165799084594,0.4,True,4
-0.94483975936820908,-0.10693876124342756,-0.30958347898547101,0.11664586947510863,-0.99308901966789054,-0.012959172406649639,-0.30605811580714903,-0.048355975419699243,0.95078395516005021,0.80104716671082898,3.4997239952048527,-2.8981132385791075,,0.2893525525726878,0.9294403892944039,True,5
0.18618677349545559,0.95044161965384433,-0.24898837925720668,-0.98056538503045487,0.19570587653479557,0.013810704899624014,0.061854757742869637,0.24157801538949272,0.96840799843095404,11.834699342766388,11.177475031761141,0.97207499190339874,,0.1736755328421128,0.75,False,3
-0.75030572245873206,0.60245487895667016,-0.27219375758269171,-0.61852523657233394,-0.78508505760475533,-0.032680025227608919,-0.23338349249426232,0.14383869836397617,0.961687357868522,8.3549824836486355,16.093317277071069,-0.34822400504303597,,0.1055340843979851,0.44,False,4
-0.89012936434365375,-0.29617189305608804,-0.3463407635504932,0.35579550303117241,-0.92655476422269112,-0.12208943000534678,-0.28474422690541146,-0.23190187291138617,0.93013023098071235,-13.293612996929854,7.3538679129356508,-8.344310002677247,,0.4627091112542368,0.7934782608695652,False,4
-0.91843658734823552,-0.23200800702972058,-0.32038495547423212,0.25679964025343949,-0.9657639052637339,-0.036797065853777192,-0.30087901187326538,-0.11607051289556833,0.94657247807567724,-2.1747735941497388,12.365245448456475,-4.1519469314605466,,0.1521517583425629,0.5950920245398773,True,4
0.28118477997037156,0.9440170812653238,-0.17253077926072441,-0.95398672781592664,0.29447905257643409,0.056492572474143264,0.10413665379718248,0.14870722199336822,0.98338279396323625,-17.243176281190696,-0.90856641363221291,-9.7398847395016297,,0.1438820286968331,0.3,False,4
-0.75039233692546226,-0.55422137668585914,-0.36020828184256976,0.61614428877194705,-0.78380181660768711,-0.077594637032483274,-0.23932729910575731,-0.28016669664134308,0.92963921281098216,-11.806893239440045,12.171503879945599,-7.8235745600144417,,0.1791251063628878,0.2553191489361702,False,5
0.16088700782237556,-0.89945333574406539,-0.40632384563650348,0.98592197052781316,0.16545698718324953,0.024121638062048804,0.045532831501206697,-0.40448446473395766,0.91341068476582155,-4.4458247835981535,10.885731493350749,-4.954815400800296,,0.07245344631575498,0.4081632653061225,False,5
-0.011574514826393023,-0.93318465801784589,-0.35921083592599212,0.99988441630288216,-0.014343014737484405,0.0050430112913978416,-0.0098582270808938305,-0.35911094660056897,0.93324281052171243,-5.461085507324551,21.525105171269349,-5.4969744329340529,,0.08021773588340947,0.3333333333333333,False,1
0.71707260769792647,0.66840099742124925,-0.19760309191805903,-0.63873633895770709,0.74364129012832914,0.19751840651235819,0.27896731812920794,-0.015418763327691459,0.96017680515269876,-20.828187280171509,13.137400676478595,-11.613328985746042,,0.5019237680890261,0.2222222222222222,False,2
-0.88926006261481894,-0.30920134057650106,-0.33706241562058237,0.40302174890428488,-0.87815709450129942,-0.25770833763610856,-0.2163099880921337,-0.3650132166959571,0.90552489788456436,-10.591619972665654,14.270915227739328,-7.4071993188209015,,0.5411747414888592,0.7746478873239436,False,4
-0.67704373853914401,0.67793158700835232,-0.28639228244014703,-0.70344549625905639,-0.71049850210184251,-0.018876236486344688,-0.21627808464518483,0.18868132352560926,0.95792648374227296,1.4936997099955116,12.358440069031776,-2.77459157966249,,0.07360198151097182,0.1636363636363636,False,5
0.80776976844444981,0.55799750067738485,-0.19012309282407741,-0.51630273562425844,0.82531829198935169,0.22865083007653245,0.28449865794781481,-0.086536155135135934,0.95476280168443983,4.2911821676063937,13.770176451785149,-1.8722167064295605,,0.2777696218992737,0.25,False,5
-0.94012333243017898,-0.12693919790766078,-0.3163140209584997,0.15575644143688686,-0.98549048149718554,-0.067442136897952684,-0.30316340605569803,-0.11267187276780441,0.94625419328830596,-9.5222003173603191,10.870072643317318,-6.9265774072276418,,0.07266924130100658,0.25,False,2
-0.9534544799686524,0.10231694549996778,-0.28364731144726801,-0.051647649663246573,-0.98218428157335291,-0.1806835834117177,-0.29708092317072349,-0.1576238550911416,0.94175243317670154,9.3426405350564323,6.5029097331399406,0.20784594083111799,,0.1958608344980796,0.1851851851851852,False,2
-0.44222483783783095,-0.81578428751478183,-0.37273742640537783,0.88438253232042063,-0.4658130939548254,-0.029760679205180652,-0.14934767934529367,-0.34280338059043908,0.92745949395644367,7.7900205753676932,-6.6854317640098992,-0.21464074824667276,,0.1153292698936736,0.4545454545454545,True,5
-0.64087145655212552,-0.67403972593631034,-0.36736116293977372,0.73173146454408511,-0.68106189454071264,-0.026902780540036572,-0.23206214679031056,-0.28605094592453395,0.92968920417672574,-9.7317362602549657,12.277956539621968,-6.9709622017770085,0.1550937921006229,0.1029075198776826,0.2727272727272727,True,5
0.82162075655490041,0.50316814618653161,-0.26788271512242895,-0.50211508129491522,0.86129808534040342,0.077756371604889518,0.26985139898535992,0.070621702416227616,0.96030869912413042,8.7176624822073556,11.22170647615147,-0.19132587553500824,,0.1177532839174562,0.1666666666666667,True,5
0.86176600840185402,-0.38551755530032539,-0.32975075635757983,0.43327420171999836,0.89742087814339733,0.083121799765354304,0.26388030030116622,-0.21450403732236362,0.94040161903591579,-34.512455515098921,8.456340619825955,-17.493170595171673,0.5218937718670564,0.2123252557730611,0.7647058823529411,True,5
-0.65533196537502147,-0.68050913644437083,-0.32779159594695145,0.72365469202337873,-0.69001499448664994,-0.01425461666050616,-0.21648071939611921,-0.24654943236463989,0.94464251202791705,7.2963938302741616,-9.3507684650712566,-0.36286324885895588,,0.0859741656054267,0.2941176470588235,False,5
0.16916333413226262,-0.89925178178999132,-0.40339806560366859,0.98406871889796677,0.17682447714115301,0.018489477284967807,0.054703956637248322,-0.40009915924840811,0.91483776698218278,15.527421522608082,-9.5071118090095919,2.5907344349484855,,0.1167428836919795,0.2307692307692308,True,5
-0.05562360366691909,-0.93240432889410085,-0.35711088218457993,0.99808825316773531,-0.061576218200243567,0.0053111430724889289,-0.026941670395243724,-0.35613275166951364,0.93404689902842475,-10.694662601814484,12.70541777626374,-7.4586683151325595,,0.07238251873385197,0.2325581395348837,False,4
0.70632645766416502,-0.60202713020319765,-0.37237920149075832,0.67188544594921606,0.73577296215775778,0.084900504587556228,0.22287414099714592,-0.31016363851505985,0.92418917685606095,-1.9251035271140144,16.392424425222377,-4.069158086716743,,0.07094086391015483,0.1290322580645161,False,2
0.92807765172691126,-0.17867144254000583,-0.32672371812547291,0.2434784097926915,0.95500503088508615,0.16936249569782405,0.28176255310080195,-0.2367317186285916,0.92982146515622521,-19.87930042300291,11.527651915548523,-11.150972038138727,,0.6270819560516991,0.2307692307692308,False,4
-0.93954843476671812,0.19205510845470788,-0.28348469807709581,-0.17013281420731738,-0.98030651479511288,-0.10026944988459308,-0.29715915644198176,-0.045977955225421287,0.95372032765165538,-8.9542915647448957,6.3160330562888722,-6.6631931249192453,,0.1117757527966586,0.4285714285714285,True,5
-0.67336459221258027,-0.61355328672442888,-0.41247119936310328,0.70512029674661425,-0.70068374598134797,-0.10884693488340776,-0.22222847043156382,-0.36413548641569837,0.90444450048770297,-3.9886566050325141,-3.6324246774354201,-4.5949624905039732,0.6631503100094712,0.3444105140343766,0.7943840579710145,True,2
0.67072573948057368,0.68762807918661384,-0.2780190768856815,-0.70814388855245369,0.70516574696883005,0.035686165494523671,0.22058833945621106,0.1729418804570495,0.95991243896510259,-21.533240662612418,19.431549652278918,-11.8246428994414,,0.1347510474546852,0.4347826086956522,False,1
-0.88367658457933107,0.39351992460097929,-0.25349114936866918,-0.37315036882482444,-0.91916187522706283,-0.12609619096137498,-0.28262076376676026,-0.016837935476463395,0.95908393158095628,-22.116799961110488,21.20236519520418,-11.936311452406891,,0.1842790450243188,0.2380952380952381,False,1
-0.2689712165314167,-0.87770534849392223,-0.39659526712099341,0.9558872499550698,-0.29372851708077263,0.0017673785287085561,-0.11804257728016318,-0.37862498528054445,0.91799186841189606,-8.793378904234471,8.2465283223173831,-6.6822541291932538,,0.1433748229527237,0.3050847457627119,False,5
0.59998830088448474,-0.7276215243359333,-0.3325371499920004,0.77765327910682047,0.62802798287969341,0.028917645382588751,0.18780153432855282,-0.27594885403479519,0.94264670670443906,-0.70367686590079537,-3.3817745677308437,-3.3426487441367434,0.1354783358543003,0.1160327400264749,0.4721189591078067,True,4
-0.93562969064024915,-0.12694302061315973,-0.32936689498193328,0.19196935512616642,-0.96603209400960977,-0.17300219662147001,-0.29621756984499881,-0.22509434213461893,0.92821747907163854,-11.049475389048499,-9.3870127730739341,-7.1956227693786188,,0.3409351047582752,0.3176470588235294,False,2
0.83369815143871806,-0.40219961742458771,-0.37839511100327472,0.46707660689179908,0.87913721579239024,0.09464248043689763,0.29459605493303703,-0.25564276549967169,0.92079310426695293,3.1817699726062791,24.832340415172958,-2.2706465543330534,,0.4776079573175873,0.6526315789473685,True,4
0.90000312734875809,0.33187293140341434,-0.28258578903433984,-0.32394540458786591,0.94303544459483668,0.075786048084215296,0.29163975313536994,0.023334687474313429,0.95624356037131941,8.5124098870703779,8.8678990644018381,-0.20059244056285258,,0.08353938089835047,0.1379310344827586,False,5
-0.39406775501297453,0.90697051778424187,-0.14871141290842529,-0.90539901309000859,-0.41090136856256654,-0.10683020363665814,-0.15799756819228056,0.092544827967832116,0.98309319154479546,11.867672477420598,7.4369584563798714,0.98473881788746553,,0.8209303642436004,0.7204968944099379,True,4
-0.41396281753221326,-0.83907610588708081,-0.352967525744459,0.89972002941005402,-0.43607250921995433,-0.018564357812362039,-0.13834252556305385,-0.32525690650927991,0.93545138323103183,-8.1548990324733648,8.2350394204501871,-6.3528239169387675,,0.08340780900148902,0.4740740740740741,False,5
0.089813610048364759,-0.92732076276503972,-0.36333141674640229,0.99572503865875273,0.091504297874866858,0.012594080294143989,0.021567634040570365,-0.3629093088022064,0.93157483368036476,-15.879800425080683,-0.064401389580718033,-9.2350949803036837,,0.08119739315185345,0.35,False,4
-0.86643806047177707,0.43874276284916747,-0.23830626389876036,-0.42727155490854923,-0.89849493231782218,-0.10072673411375757,-0.25831009607047306,0.014548011777289871,0.96595250898861063,-16.022951968750419,12.670741042026721,-9.6005617913761423,0.2267945066036424,0.2228853813201337,0.2857142857142857,True,4
-0.72256253123559311,-0.54430328117984339,-0.42618930834931862,0.64943219905450589,-0.7457555686034093,-0.14861510935378036,-0.23694135832657567,-0.38416476932933852,0.89234310818232632,15.806663488304052,-1.9435540336204742,2.5901195104484818,,0.5925005550452684,0.1904761904761905,False,1
-0.86184468441748441,-0.33029679445617655,-0.38487370332786008,0.42257230780186766,-0.88728999095375483,-0.18479479600976162,-0.28045745598990779,-0.32190138167653148,0.90428044093323701,-11.782639701673295,-3.1588213407293284,-7.4706122135907682,,0.682646264411236,0.3130434782608696,False,1
-0.88519961756348697,-0.33045133187405351,-0.32745007913897545,0.36587873226300188,-0.92924643180060229,-0.051320778087122321,-0.28732279816101536,-0.16523615297056921,0.94347370043282686,5.3381502303473551,11.474876553266482,-1.40057258764912,,0.08690700562923129,0.2916666666666667,False,5
0.1534347012918639,-0.89716007972901768,-0.41419993213434964,0.98720437243091241,0.15758875894672469,0.024357957773991079,0.043420265922319894,-0.41263734003874925,0.90985993763489825,-13.78143291403774,16.28474465979474,-8.6609602883379786,,0.2519513903719072,0.4074074074074074,False,1
-0.90429089685609909,0.36229667549612887,-0.22582978720187785,-0.31364226968501169,-0.92266709154596616,-0.22430774584249769,-0.28963166354876851,-0.13200968563920207,0.94799100331565,-3.2489694341707915,16.759258090952709,-4.587117031305759,,0.6691719633690282,0.59375,True,1
-0.93333292294745185,0.26752754118902955,-0.239413177681844,-0.1976513829116498,-0.93960641421024693,-0.27941674468090533,-0.29970583206784357,-0.21346850137740225,0.92984278947798882,-12.670860935811518,25.206883098812991,-8.1073651391551191,,0.3649242809404799,0.2105263157894737,False,1
0.88844333587608881,0.37701963571208369,-0.26177210169324211,-0.36112036736763969,0.92620365358552437,0.10834607679601729,0.28330287539950993,-0.0017281123676777949,0.95902893304530523,-13.17924439685345,11.30761101303151,-8.4338508779305759,,0.07632314968792336,0.3888888888888889,False,4
0.94293560338706495,-0.04733293457605578,-0.32959375171488248,0.13769855978743292,0.95667066636844056,0.25655475583709464,0.30316918461073766,-0.28729919842314794,0.90859650895646626,-8.4847596165208667,-9.8863889100776223,-6.2123590331711203,,0.2817787519557096,0.1666666666666667,False,1
-0.58840137609044196,-0.72176552371676517,-0.36446995677111521,0.78451483114836773,-0.6187381268099672,-0.041226328237446569,-0.19575571593984964,-0.31018971486101399,0.93030212322197792,-9.595382692701655,10.768165056900415,-6.940807025442683,,0.06819709834925386,0.2916666666666667,False,4
-0.18343325602158475,-0.9215215228497774,-0.34227229439431361,0.98089836412773812,-0.19451069484985498,-0.0019972081900462239,-0.064735151477752634,-0.33610068805888288,0.93959868435917815,-1.9478851677926767,-7.3488437838493832,-3.8221802576609138,,0.06707516901639218,0.3098591549295774,False,5
-0.65032955203481713,-0.65688325065493558,-0.38154405873922226,0.72293845089269682,-0.68942732420074659,-0.04527649352883488,-0.23330552923379619,-0.30527751252655988,0.92324112255387247,-7.6556436576890796,10.978455055650846,-6.3119476942841484,,0.2973788835095661,0.3934426229508197,True,5
-0.92391757408937691,0.23933856932782141,-0.29848511775449232,-0.2421575898607235,-0.9698302495570954,-0.028088942964604416,-0.29620266366399717,0.046328568682129895,0.95400086255842531,-13.73375726504808,0.59673044775953576,-8.4345314159277844,0.3360887150539176,0.263948856131514,0.828125,True,5
-0.94849283151881281,0.13252361968337475,-0.28774787363843385,-0.11926364550660211,-0.99084812612026618,-0.063215297392571798,-0.29349196141955813,-0.025641396022291547,0.95561759474809138,-14.387857871187345,9.8613131681434094,-8.8725698532981898,0.2029301142768364,0.2154780611714447,0.6910994764397905,True,5
-0.65566656187104766,0.71903639799561825,-0.23040837224737895,-0.72845739646639507,-0.6826756629638403,-0.057478350100558545,-0.19862321409543537,0.13015605077893205,0.97139498725700191,7.1376812220423673,3.7141393184888249,-0.63844981689157287,,0.1251548849190239,0.2542372881355932,True,4
0.88286434913437695,0.37595951180991333,-0.28143380484082953,-0.36165062874901033,0.92657547626665382,0.10327976329693178,0.29959867114688576,0.010598691470014091,0.95400644860826012,-8.4441393130627223,13.388727766873281,-6.6286937027983583,,0.3945042445029485,0.1428571428571428,False,5
-0.83339839140385719,0.5167559067498938,-0.19598585164383625,-0.48459873701835715,-0.85375782067803307,-0.19042491357831748,-0.26572765246710334,-0.063725320479318059,0.96193965415930949,8.3276058974131129,18.788130302151625,-0.37186001678348668,,0.2858412082387181,0.1818181818181818,False,1
0.89053034200579595,0.36685920062365351,-0.26901679665926898,-0.34152069120658968,0.92977690639002308,0.13739913326353889,0.30053174116025366,-0.03048329479522309,0.9532845542090852,-15.386163730802233,9.5580858564513065,-9.3337036785708563,,0.1917151888708462,0.303030303030303,False,4
0.60943948911124446,0.76121085985305426,-0.22167890281576191,-0.76688105277956098,0.63693146856374916,0.078814689245967531,0.20118886649001808,0.12196856642184556,0.97192937439171079,-22.047405053765754,-11.794474000736498,-11.572847639873252,,0.4610298561534142,0.7241379310344828,False,1
-0.3879547161564908,-0.8507756043747724,-0.35450248125038486,0.91188726119677455,-0.41022058691807317,-0.013442207245796575,-0.13398791392877246,-0.32848126441143372,0.93495844712569109,-5.7902816450218637,13.374034804950279,-5.5202739787502342,,0.0874324517995166,0.3333333333333333,False,5
0.22899662094453965,-0.91794820091390328,-0.32393154837852872,0.97108062780381443,0.23851716917944085,0.010581791472886543,0.067549699482177469,-0.31698684585571413,0.94602134101420421,4.4810500398315121,8.5008925475640318,-1.643728129189463,,0.06949515898109472,0.2878787878787879,False,5
-0.73329983047633007,0.64146467252258599,-0.22537620222391996,-0.63868661304093444,-0.76355957168982247,-0.095164020528531082,-0.23313251370344198,0.074161003137406284,0.96961300355758839,-13.965928515044482,13.501355782150968,-8.7585397480759255,0.3807593542257982,0.4778031387331962,0.234375,True,3
0.14761218258881526,-0.90199283179803125,-0.40573337912518059,0.98677311580055771,0.1621016598821447,-0.0013674051027476996,0.067003443826625611,-0.40016494505194333,0.91399045687958369,15.385529066245374,-5.1663963483582265,2.4789703317012965,,0.131267430193195,0.2972972972972973,True,6
-0.29861170808005905,0.92628097418556921,-0.22985779225282274,-0.95136451165120528,-0.30802131591931242,-0.0053324394040820304,-0.075740436810021086,0.21708621743714457,0.97320961792959015,-4.4360002036785984,17.559736856846097,-5.0879875401613015,,0.4506485312322047,0.9273743016759777,True,6
0.53127180446959743,-0.72520803489108665,-0.4379766842025139,0.83132331357356026,0.54586641985617579,0.10455333558753283,0.163253845543362,-0.41964646764009816,0.89288578447217659,-4.4660170759403099,19.186566682498981,-5.0735772345554357,,0.18899777109083,0.1923076923076923,False,2
0.60078392714451001,0.78322514924439179,-0.16005323638065161,-0.78044279842321651,0.61800859539228947,0.094733385934359968,0.17311184614046216,0.067998100064267014,0.98255205822057656,-15.210079141463934,2.0080170331690175,-9.0556080300300046,,0.3714601632218155,0.45,False,3
-0.13824052150187549,0.95203505322883819,-0.2729813466859134,-0.98969924167130818,-0.14314882719050429,0.0019555841128920948,-0.037215174997962203,0.27043977277306769,0.96201733874828077,2.4851253911662248,15.556430306639978,-2.4371586024049052,,0.2282426269826508,0.3538461538461539,True,5
-0.66609832350579412,-0.65643796240190166,-0.35412176569706955,0.72119253275348427,-0.68794730850064612,-0.081300869782134549,-0.19024813829150861,-0.3095443461676482,0.93165870555276764,-8.6685588865430407,17.803890953768747,-6.5800934431103943,,0.1244100647880334,0.2068965517241379,True,5
0.70240012332533375,-0.62901284774542243,-0.33313196202668693,0.67640327380835807,0.73558862697963667,0.03725564439850873,0.22161380357254637,-0.25149991894513007,0.94214389178973157,13.799623752089296,-4.6215689374814337,1.9515373329158132,,0.09151092021548363,0.4363636363636363,False,5
-0.57248910226895133,-0.75025178361862144,-0.33072418865328074,0.79794779735893895,-0.60255556117695386,-0.014356475359456302,-0.18850872784386116,-0.27211956355948858,0.94361825048845138,-1.4722119196339523,10.710489669266126,-3.9704398083245387,,0.06843071245501556,0.2619047619047619,False,3
0.85971618090092028,-0.40272318957033715,-0.3141689368467725,0.43105556026929687,0.90202458362434301,0.023297092055747586,0.2740058252265079,-0.15545315409995925,0.94908120022594245,-0.1085587796610723,8.0642794883782987,-3.3395452773389072,,0.2063983071730366,0.8,True,5
0.58590770535255543,0.76952311841090293,-0.2540596997551231,-0.74663165119626662,0.63448450476021223,0.19992646310862744,0.31504497812287069,0.072550557891366996,0.94629967679864102,6.4458983763483371,16.753343554972371,-1.0967190198054559,,0.3769232651723529,0.5,False,2
0.70293795521210012,0.66005280114177145,-0.26496892426685226,-0.66604227007609429,0.74157333889330757,0.080353453656421936,0.24953141203887433,0.11999701141083956,0.96090311252402161,11.273968113738917,15.139957105020642,0.72754522787668108,,0.2246007594296537,0.2857142857142857,False,5
-0.21128398275681165,-0.89983700790138954,-0.38164438662385097,0.97499977451769215,-0.2215169191265175,-0.01748411367917839,-0.068807836187965321,-0.37579730407730705,0.92414385672759813,4.1374688232359826,7.3509726519546268,-1.7320244059879737,,0.218663608271305,0.6919642857142857,True,3
0.10719132026021844,0.96580539541921206,-0.23607193615508773,-0.99418703875195935,0.10653423450016725,-0.015575264269815276,0.010107068738386925,0.23636919227895142,0.97161075133147579,-6.0720241217681927,17.87614396192259,-5.6664023874596294,,0.1458181431033664,0.1428571428571428,True,4
-0.91188592575877925,0.30691431061424124,-0.27252094294428075,-0.27710683190968594,-0.95016156375315686,-0.14284539360838125,-0.30278022080715872,-0.054741288862625984,0.95148700946551423,-7.0483695500719348,19.169965007432673,-5.9955814685483553,,0.1362206309114768,0.38,False,5
-0.93399516174618746,-0.15664851531507232,-0.32111412376956999,0.19262191256352554,-0.97773127197407272,-0.083296810289068657,-0.3009149990197974,-0.13965243447053527,0.94337021413195454,-16.76991870590162,14.674760538076203,-9.7790347340573085,,0.08533641997436313,0.4814814814814815,False,3
-0.94693750130497734,-0.037554071078553991,-0.31921632221381679,0.098640506245605858,-0.97918000622916967,-0.17741636319307102,-0.30590753365992635,-0.19948986727769416,0.9309266210092132,5.2210180268547202,-6.4136389645311116,-1.1676381684256001,,0.2130477561978838,0.2142857142857143,False,1
-0.74993199499540086,-0.54666465080995774,-0.3725047146507629,0.61397202404552986,-0.78481140193474952,-0.084317359319712237,-0.24625262754264066,-0.29193975910800707,0.92419198247999601,0.34685682311221033,7.1316180856013061,-3.162792096258872,,0.07899409962989175,0.2962962962962963,False,5
0.46456890927603911,0.87594584746971349,-0.12997923232053901,-0.87204828935442014,0.47805880742589513,0.10484062989395221,0.15397243119500678,0.064642470119080475,0.98595833658872367,-7.0889917277315391,16.852637295712412,-6.0968014202802374,,0.1151697728479436,0.6666666666666666,False,4
0.54476835685042324,-0.75161851631860366,-0.37188310435069594,0.82930502303686404,0.54866413957368398,0.10592846978832,0.12442112417236798,-0.36611100485083725,0.92221587276884032,-4.4268708329220825,12.753447789006758,-4.9555734903794271,,0.198861430750572,0.4153846153846154,False,5
-0.86994007070263324,0.39391419094933938,-0.29670841503844386,-0.40695007957978557,-0.91324703238419358,-0.019274090678159186,-0.27856041735304782,0.10397820930460004,0.95477359927571548,-5.0295249495753129,6.3077641675077487,-5.1656371151445128,,0.06675388842547471,0.2899408284023668,False,5
0.80570646213227515,-0.44856512344066068,-0.38681575318354933,0.53405113471506416,0.8325959913633505,0.14687852353298878,0.2561766624574614,-0.32492036747231345,0.91038468375396764,9.9493355561634793,8.3470817014535115,0.32749156940158214,,0.1863022102663353,0.1842105263157895,False,5
-0.7771292846206177,-0.52452197356547992,-0.34777402754090575,0.5756612172461798,-0.8157685886453161,-0.055997970840705708,-0.25433096143351264,-0.24371768304044794,0.93590461748497755,-19.396719477234129,13.010516889129825,-11.02023697504838,0.2980845263582519,0.2556437150991571,0.1176470588235294,True,3
0.89131868584144158,-0.34090010141868193,-0.29889483288042723,0.37679473225120985,0.92363420472392355,0.070182516424996011,0.25214426429650388,-0.17517698683542349,0.95170178799119465,-32.065111146796433,11.953397444441329,-16.421332515333553,,0.1734578415666144,0.6956521739130435,False,2
-0.34450116286820254,-0.78935953219669508,-0.50816382959895245,0.93217970007029849,-0.3517317200221175,-0.085590910189885974,-0.11117533701008794,-0.50318617435348878,0.85699691853599802,-10.900145153775815,8.7972316320478825,-7.4336605837278773,,0.1674825229603302,0.375,False,3
0.84721138261454965,-0.40106528267354524,-0.34839562598048351,0.45286270235317588,0.88808143016794983,0.07890973455935478,0.27775573078826377,-0.22462860998732614,0.9340202040584773,-3.2374366184359058,24.323629868569075,-4.5830634242471326,,0.2276189310757745,0.2941176470588235,False,5
0.6154744923382095,-0.61375811681410075,-0.49446144776497286,0.76419460920394677,0.61823447162726319,0.18382801025792084,0.19286717850544483,-0.49100622413220807,0.84953819179527268,14.121760300017165,-2.414919358207265,1.9748313615978381,,0.2181742725684053,0.3333333333333333,False,4
-0.69592368304942331,0.66208604975653262,-0.27808683911453924,-0.68314038564899349,-0.72975548204978458,-0.027859467217267446,-0.22138075992793377,0.17058428748298063,0.96015184215709015,12.133559646972929,5.7034777017258351,1.2023662075568258,,0.07042111070595145,0.1666666666666667,False,5
-0.61708690222030183,-0.6945800708718699,-0.36981384540844392,0.75940407273479615,-0.64880141714779527,-0.04860221621302363,-0.20617761620010214,-0.31082993140082454,0.92783379132439592,3.3516029944894417,12.601087211830144,-2.1934692073395952,,0.1021406495253588,0.275,False,3
0.92454690248794791,-0.20026337499295913,-0.32420303165820435,0.23384533801523066,0.96991075330032139,0.067745763859784341,0.30088101134582046,-0.13844750365691891,0.94355863927086359,-9.6721907803255149,20.039300313406521,-7.0252006529646787,,0.4728678008958803,0.958041958041958,True,5
-0.89779965592330979,0.32086448730814332,-0.30166497743103743,-0.33334801538974895,-0.94274367816918037,-0.010651662206452415,-0.28781049053101182,0.090996362875265413,0.95335448993738481,-2.3631340287335476,-10.843823531830386,-3.8056071725482519,,0.7682864445702222,0.9482352941176471,True,5
-0.46685078134987446,-0.80073494676706758,-0.37533171059604764,0.87068079547702992,-0.49048662584945574,-0.0365762525459358,-0.15480730066925094,-0.34386976442944123,0.92616860493688891,-6.4073569424845029,7.1799400366865678,-5.7751403805939869,0.4246332057808143,0.2236390158249764,0.63125,True,5
-0.95018265449724737,0.063000298823755629,-0.30526035681149666,-0.056798407445233873,-0.99795959282109836,-0.029164910561025909,-0.30647489946853707,-0.010373690011993529,0.95182221162950664,-14.718663326894275,21.74045628075049,-8.8821710052979395,,0.1424933813787764,0.5625,False,5
-0.27518521143601954,0.92440396176074524,-0.26410303839212523,-0.958061184819749,-0.28652637332776204,-0.0046263948619989503,-0.079949143514439727,0.25175375442816939,0.96448337548276541,-12.015916732710624,-6.4383066172856909,-7.6537464470707501,,0.07600096873586758,0.1842105263157895,False,2
0.10129493375613441,0.97867100625222292,-0.17872436296320368,-0.99436135059630426,0.10526427084143977,0.012842808279909761,0.031382173851326134,0.176415687526599,0.98381536090817534,-13.095567281032729,9.2641235426110811,-8.3276802601596085,0.3155396462331739,0.3532613022756531,0.4879227053140097,True,4
-0.94433053128297018,0.14634154249034054,-0.2946591261582982,-0.12732892959385853,-0.9883969845045355,-0.082817538666780752,-0.30335983810535355,-0.040688499159951159,0.95200696145606245,11.025183181602046,4.51672575548222,0.79150705421013257,,0.07684462488290876,0.3555555555555556,False,5
0.93105382781944646,0.16848923059243742,-0.32365127664992377,-0.16215173578156877,0.98566205865021783,0.046659626235525373,0.32687242815168932,0.0090379926854952664,0.94502525384374569,8.6492108034050776,10.144651322083687,-0.14457521425151001,,0.1161658746822323,0.1944444444444444,True,6
0.91484103888851687,-0.22242652850061451,-0.33703458722295276,0.2776830393453138,0.95248695150670593,0.12514286583506409,0.29318595332199948,-0.20807461793459903,0.93313822670922808,-9.8902049336840392,23.544436875059105,-7.1897745804503206,,0.08312559385696508,0.3333333333333333,False,2
-0.92253739922490052,-0.20756981813949082,-0.32532985972531903,0.25228114064317964,-0.96232634529301209,-0.1014013374210167,-0.29202563775657292,-0.17562111419910045,0.94014799427554707,-1.1887188654296357,24.970303585995065,-3.8385689030198131,,0.3089074651674292,0.4310344827586207,True,5
0.91479670621866738,-0.18124986726610764,-0.36096464079947788,0.24637802503952225,0.95855358292728454,0.14308353306684274,0.32007007837206874,-0.21982610007295336,0.92153764473168109,-21.438177805793757,10.400853051836272,-11.829473203164657,,0.4982113396477825,0.4736842105263158,False,4
-0.74185445990833643,-0.57767227552017186,-0.3405094747719361,0.62473150696053636,-0.77991670050217299,-0.037953715083291734,-0.2436442170972466,-0.24088313011324236,0.93947475383956902,-0.023792664376161121,4.6306524344013331,-3.2398322114889417,,0.0666808809945997,0.2678571428571428,False,5
-0.45483208630645383,-0.7930949165449025,-0.40512742022326076,0.87765918518168284,-0.4763709252138027,-0.052774011380335564,-0.15113612384980868,-0.37956711522678249,0.91273581999726261,-15.619412805662384,-5.5534283179613997,-8.9863724877005833,,0.1350136836047954,0.2173913043478261,False,2
-0.91648959326381707,-0.21243666544071049,-0.33899482092733596,0.26780248844509086,-0.95528165118184682,-0.12537461504588041,-0.29720136712630019,-0.20568818656334481,0.93239675958603696,-7.9471422411384038,9.9083140635256424,-6.3646987679973526,,0.08044535373902956,0.25,False,5
-0.81902115590511493,-0.45355652837399063,-0.35141260897865118,0.5181668929982729,-0.84770694165708538,-0.11356060966244719,-0.24638875213849629,-0.27509892154591176,0.92930789633140998,-9.3681418863227712,21.060687509942024,-6.9059736927510551,,0.1888608367016929,0.5357142857142857,False,5
-0.67899466080228066,-0.63495513535993986,-0.36850810938436018,0.69939094783679179,-0.71206775764628105,-0.061739862362579334,-0.22320070046025628,-0.29965227281073092,0.92757207952450438,-7.0908557908745724,-15.499992779017775,-5.5438531611016844,,0.2844539840910342,0.1111111111111111,False,1
0.70992050196904111,-0.59728525053802006,-0.37317986330154496,0.66954293800291864,0.73673118539387616,0.094548477716746723,0.21846083185423634,-0.31698184483952541,0.92292869442210224,10.433718282858026,-5.825487244121093,0.71806069153180307,,0.2872367975744273,0.2972972972972973,False,5
-0.79875553235771091,-0.49962286180292853,-0.33521126993554817,0.53834828950814184,-0.84227657406812306,-0.027409705575303221,-0.26864608448962951,-0.20235406776222364,0.94174418636298118,8.8569918463762853,-8.1993666404823227,0.19182501094900051,,0.1005973091384746,0.2692307692307692,False,3
-0.6090578375775284,-0.66633974857122236,-0.43016263198867744,0.77068154511012532,-0.62532883985346177,-0.12253080459294449,-0.18734595408509896,-0.40614674875168544,0.89439717797317542,-17.853066831393164,14.76289745235813,-10.255604611201864,,0.3089796189392935,0.4117647058823529,False,4
-0.77928222510500755,-0.45854377789225165,-0.42714964285562618,0.55898731475850372,-0.81674725188302,-0.14302834852088381,-0.2832885376686905,-0.35023068154836934,0.89279677089900977,-12.703325820381552,-12.110921862702432,-7.749751497043964,,0.474448007046079,0.3421052631578947,False,2
-0.30533563314747525,-0.8817056249497246,-0.35967393853662194,0.94661909030104219,-0.32204365995726902,-0.01414846136347743,-0.10335593358901771,-0.34479424591100999,0.93297078141740331,7.7254774981589627,12.694200573198881,-0.43395944207017767,,0.08000122858354557,0.1379310344827586,False,4
-0.082770189661723476,-0.89056102798472025,-0.44726966266242596,0.99654943957024444,-0.076751762675927773,-0.031597174214934874,-0.0061895230505441025,-0.44834163576555763,0.89384085129483226,2.4605278213165382,7.758020289829858,-2.4183120154319839,,0.6305671633900634,0.2446808510638298,True,5
0.09313320108114205,0.95600804324968991,-0.2781633119199563,-0.99496072386783574,0.099783846374253055,0.0098153941923917222,0.037139800979167151,0.27584743110034354,0.9604836437642077,6.798587839686399,8.9348500901439891,-0.83341967107976533,,0.2328334780374249,0.8918918918918919,True,5
0.81035578545593956,-0.48911590675826444,-0.32262847167311542,0.52670343831794775,0.84931384535588872,0.035347986517586319,0.25672356542035857,-0.19857397070823887,0.9458654180775532,3.0178543841096106,-3.5999239905748532,-2.0772182815627751,,0.06972958859950894,0.1333333333333333,False,5
-0.54861749899223344,0.8281421394327837,-0.11488880143512406,-0.83113951701206723,-0.5551129380729044,-0.032507372164111266,-0.090696984847650972,0.077654509719399745,0.99284632952929097,-24.167746450077612,-15.852869785048052,-12.316531445510744,,0.3711112054326985,0.3714285714285714,False,2
0.7879737516135068,-0.5086690243529044,-0.34691957343453728,0.56086535105924118,0.82546131700350545,0.063589874288551299,0.25402248866848604,-0.24468232015146477,0.93573668168773128,-22.399279255409184,3.935899691597065,-12.299008057411815,0.4649714703938039,0.376851865987574,0.6341463414634146,True,5
-0.29133452118622399,-0.88564721360527443,-0.36159813301288968,0.95050277469467026,-0.31067779895369479,-0.0048765289931047041,-0.10802162775540135,-0.34512072999242105,0.93232130173378114,-0.4980515196591826,-1.7349794035883059,-3.2401633700211256,,0.1027858991896227,0.2788844621513944,False,4
-0.7177489997382831,-0.51602613887939608,-0.46749694904663919,0.64324982950902321,-0.74844102152038128,-0.16144873533769213,-0.26658212657885755,-0.41659700106787856,0.8691265204157238,-22.834705314913098,9.4091375966115383,-12.550068330389458,0.7478436033984945,0.4117786496418148,0.2307692307692308,True,4
0.44825283856964221,-0.83400887247787225,-0.32171197264392803,0.88301610636235928,0.46912890566239129,0.014164242890689648,0.1391112814221683,-0.29042601553613656,0.94673163086530854,-12.271637772087386,9.9145453841176039,-8.0326411320512978,,0.07395470210829981,0.1395348837209302,False,1
