axis_00,axis_01,axis_02,axis_10,axis_11,axis_12,axis_20,axis_21,axis_22,location_x,location_y,location_z,dbh,dbh_approximation,score,reconstructed,number_clusters
-0.9421559655739058,-0.21348590901982054,-0.25839098897501012,0.2242079768038335,-0.97446238608730318,-0.012403275316331779,-0.24914437515431601,-0.069619140694366158,0.96596079401699586,-5.7979822993670425,-12.766073243729062,-1.8752871467517667,,0.1190073135741244,0.575,False,2
-0.46469074453461462,-0.83064770516945363,-0.3067358828708952,0.8699846570530001,-0.49280160024266778,0.016531161200630154,-0.16489150504571426,-0.25917363425894219,0.95165110143832266,-4.2339218546844215,8.6587880279885301,-2.3190231443696105,0.4324402230784071,0.7868097892966596,0.7406015037593985,True,5
-0.96413917792915682,0.1177351786199522,-0.23785304979634042,-0.11387230757529129,-0.99304338571860751,-0.029965507638046479,-0.23972639226745707,-0.0018060442562460553,0.97083881002696659,-5.7075242686792933,13.773047575658367,-2.7872858030727756,0.6093560455266106,0.409642762092742,0.8566037735849057,True,5
-0.40501671932252953,0.90725462731270534,-0.11336003832436328,-0.91298186400830539,-0.40798673587578721,-0.0033074675118754948,-0.049250107219546549,0.10215607945250441,0.99354847006563196,-9.8957991310978048,-9.968588105231154,-3.1166178624280447,,0.2018415498104904,0.12,False,1
-0.9510047847703752,0.21012934111857348,-0.22679409018959604,-0.21003219928626615,-0.97737878097886133,-0.024843384536909235,-0.22688405542661347,0.024007883983157632,0.9736258248936418,25.632889778065472,-0.28710198831592382,5.9456462318057106,,0.1560122714593155,0.3043478260869565,False,6
0.32560857703963758,0.92949785593618506,-0.17324199943506477,-0.93441182044911575,0.34432522646538838,0.091184912263651441,0.14440777113158842,0.1321887825407117,0.98064903069712572,-21.535381521324503,5.4459236451918294,-6.8210066590245884,,0.07923073033108333,0.375,False,2
0.96787349290769631,0.045767544814910709,-0.2472372010201388,0.0042076224514730701,0.98020833851658173,0.1979239980797427,0.25140246148350104,-0.19260567214954824,0.94852509582818068,-4.9847348548484867,4.6749632951860569,-2.5200760941782727,,0.1112041794035053,0.3669724770642202,False,5
-0.96349787249448648,0.062960943849894341,-0.26020716601994204,-0.040765765306910215,-0.99512188536876667,-0.089836438258948006,-0.26459403258112446,-0.075949672873833488,0.96136447048599483,-2.3704124453525584,11.423773221582547,-1.8826972212954998,0.1195371972295897,0.1402800004369009,0.1764705882352941,True,5
-0.5298283815622673,-0.77959155136195846,-0.3339444551660683,0.82177055455514514,-0.56926362754600623,0.025141161852418228,-0.20970226931827959,-0.26110521901757411,0.94225740795418911,-15.72125006689097,12.194073790747819,-5.6364073593882313,0.461233147387154,0.4433222311978057,0.8975903614457831,True,6
0.11603297466601162,-0.93494944954400638,-0.33526985487442401,0.99291614505836912,0.10049632534917069,0.063387833799101928,-0.02557103190302791,-0.34024993076953625,0.93998729083894583,-24.868207916422104,3.3791941206835285,-7.6476271449330868,,0.1303012028673155,0.3809523809523809,False,3
0.37107343202039855,0.92621314628625107,-0.066586152427732692,-0.91438188400804388,0.37695124776144634,0.14769403173111528,0.16189588705864516,0.0060798402623224168,0.98678911490545018,-1.6900863454693009,-11.829948416494895,-0.93418846080944962,0.342317414128031,0.2884461060268644,0.28,True,4
0.66046477736355635,0.71687245625974838,-0.22333866507665803,-0.71852372005886722,0.68976375405447043,0.089160682508888853,0.21796775352073233,0.10158663814104571,0.97065452833452848,8.6674260126485017,11.574359018029911,1.0600606514220763,0.325437291866627,0.3257430364120474,0.9206349206349206,True,5
0.60084836198383051,0.78226935879630777,-0.16442595959811709,-0.77225613828807804,0.62117270399458235,0.13328514053878787,0.20640179935681957,0.046894798224038053,0.97734291582933919,-2.3962673423866918,-4.2396196891055586,-1.4832630965590141,,0.2920411643497676,0.3501805054151624,False,5
-0.81168294387671769,-0.49554993624128846,-0.30919420969817857,0.53247626986347396,-0.84535336791155991,-0.042973310238623878,-0.24008294535828095,-0.19951928240608446,0.95002749186339597,-19.848743461949969,7.4344591298390661,-6.5536076824269545,,0.1368534842139812,0.3548387096774194,False,2
0.61751425873470112,0.76340218678886018,-0.18945511728459782,-0.7611066083691761,0.64071802034465941,0.10098093435095379,0.19847637379825309,0.081838374932597935,0.97668296259957832,-3.7164348875807103,-9.2964290641365164,-1.5464395378676579,0.5926147630288354,0.1785732102870565,0.25,True,5
0.89201474381727075,0.3808671742224442,-0.24341300789485068,-0.37534837580018116,0.924193138409662,0.070573647352707602,0.25183981733787503,0.028411943198393019,0.96735178083617335,-9.7999349788285013,3.8292082662411162,-3.7080147970950987,,0.09914460712652196,0.4698275862068966,False,5
-0.96531009940702628,0.0074904157117907377,-0.26099866983427739,0.06968593623055358,-0.95594041440126132,-0.28516976418620599,-0.2516352166817451,-0.29346519007679556,0.92225695982124301,1.2891515113640872,-5.8949853342648613,-0.53915709570552806,,0.6979057730490583,0.2688172043010753,False,1
-0.56768999613952753,0.82172190163167391,-0.050011845216205081,-0.81754826006550829,-0.56985495000278152,-0.082946840935553115,-0.096658733423130028,-0.0062009947713161373,0.99529826530386512,-17.115153286235913,24.014508308889077,-6.2488923598266757,,0.4940190447257078,0.4482758620689655,False,1
-0.94965123353282577,-0.18641427918952683,-0.25181789285877543,0.1868407922285866,-0.98213393706309193,0.022437647567123277,-0.25150159643425468,-0.025741914909373491,0.96751449643290721,9.1172973706606264,16.83194055884227,0.92044565621690033,,0.208635328140062,0.3125,True,4
-0.37616956326412809,0.89872512324240861,-0.22536550873324188,-0.92581837855356708,-0.37425371001672159,0.052862940432439484,-0.036834625098121375,0.2285329590926381,0.97283909101261112,7.4869795105753658,4.9806464190891715,0.75005525898769587,,0.06930978813166876,0.2777777777777778,False,5
0.96864608846444644,0.025184556776333151,-0.24716491134970853,0.031476967508985917,0.97439164027554293,0.22264350850086945,0.24644260146932367,-0.22344276551528391,0.94304791750998274,13.014787563253105,14.428404964447948,2.0201730719708322,,0.6646468428043073,0.4,False,1
-0.16022468968733827,0.98140699176291768,-0.10568048700426008,-0.98672410313108461,-0.15636914524052128,0.043866099859754981,0.026525329682275688,0.11130591599555784,0.9934321315266772,0.73655283641587477,28.787106026713786,-1.646905762547815,0.6428488586396957,0.639873949447856,0.4324324324324325,True,5
0.2732815016726976,-0.91736860991267144,-0.2893994719940044,0.96193216005047655,0.26001523435403712,0.084134400600703013,-0.0019339865924471039,-0.30137503455115244,0.95350372219784862,0.73871713712706966,9.4963766674685068,-0.90335182494171096,0.4222205242219222,0.273646870674531,0.4444444444444444,True,5
0.91246736236776116,-0.32088348015454821,-0.25384464693494541,0.34931005584112967,0.93400422607229894,0.074957258269985783,0.21303942710655327,-0.15706653953975053,0.96433619897581369,-23.128796049875252,-2.1775493845987124,-6.8987463034077177,,0.2886079546085544,0.2307692307692308,False,1
0.96610452027915095,0.11628012459656177,-0.23047990914611446,-0.09193934252345641,0.98925114275602966,0.11370722867190794,0.24122440422259858,-0.088662896296585511,0.96641071891186858,5.4029392274055148,21.757736902243273,-0.18920940967868449,0.2927845427847235,0.3300066843885804,0.3478260869565217,True,5
0.29735134106996419,-0.9144791835715147,-0.27442668015021865,0.95460335341586,0.29009443289578901,0.067658389354653001,0.017737463490845005,-0.28208694194742018,0.95922486392485895,9.765197519464266,5.25530050840971,1.3647464949549555,,0.06974200234928878,0.2142857142857143,False,5
-0.85524651157112197,0.48591271652270118,-0.18011728503104865,-0.47744269416342328,-0.87396690889926176,-0.090721088722749921,-0.20149907750508134,0.0084067871745590328,0.97945262656955634,-4.4990121491688084,-15.277007126057148,-1.5109808228677279,0.2873636467371811,0.2504196343208996,0.4137931034482759,True,5
-0.32408090759202413,0.94457473517034485,-0.052441729683562616,-0.94056424764928082,-0.31576342809856772,0.12502941061759903,0.10154044208232267,0.089844460893894362,0.99076612349656612,-17.567643269338308,1.2623435509939231,-5.6206548390100952,,0.2713649549080349,0.1842105263157895,False,2
-0.87720473957216549,0.41957251006402974,-0.23338970343762142,-0.43704526175220521,-0.89905209711226863,0.02639632281170607,-0.19875433090143593,0.12515684350687017,0.97202493819413949,-4.8202640278219668,-10.993832277609139,-1.7317341219406961,,0.1249999309254012,0.6129032258064516,False,1
-0.04552854278853137,-0.95421660624797211,-0.29563122323624125,0.99717797764060856,-0.061095193699948813,0.043628639852188844,-0.059692819502341593,-0.29281059691781852,0.95430536078997907,-16.831096258063614,9.592031441426677,-5.7818887315216658,,0.1050167795905182,0.28125,False,4
-0.66396846586802882,-0.6977643115221438,-0.26883236765480023,0.71739764270677653,-0.69582434077604594,0.034192236287527905,-0.21091822721523426,-0.17015714016640804,0.96257989230960606,5.0714229298230808,-5.7214387748737821,0.43058583081454554,0.4239596106263421,0.3817076423220962,0.8024193548387096,True,4
0.36929323499216238,-0.88978767925940638,-0.26814248530806561,0.92848510986131949,0.36544766452762595,0.066056076610105166,0.039216161908578732,-0.27336036715198192,0.96111196138415456,2.2582289996166276,9.9565596611434177,-0.52959189579320809,0.1835666860598297,0.155154489909955,0.5813953488372093,True,5
-0.71775399295660525,0.66530585620256089,-0.20541987074630169,-0.67952109454310561,-0.73365369714923101,-0.0018261243672461416,-0.1519219788766244,0.13827642735420392,0.97867223418893845,6.5304270138869178,-6.3485931384833085,0.8153626857467402,0.1523571846731672,0.1290475285408356,0.6923076923076923,True,9
-0.95961010978996941,0.18976415714463216,-0.20769689899483579,-0.15912117537560286,-0.9749247684257788,-0.15557039389623159,-0.23201053582966938,-0.11623794807690539,0.96574315979503622,2.1638381707756755,-13.580496382271907,0.10351208050309206,0.4748994215225361,0.4762294447435234,0.8580645161290322,True,6
0.82208355389360122,-0.463239610361106,-0.33104032052026394,0.53661438021708818,0.82472943419606803,0.17851153272230125,0.19032508337551948,-0.32439239165419059,0.92657754067049203,8.2207216781885055,-12.354295437123868,1.5411334688532334,0.4477326540235994,0.2071914607318703,0.3157894736842105,True,5
0.95057907407392173,0.21439537580504572,-0.22457525857978924,-0.18345681320349608,0.9713887522588398,0.15082270941152057,0.25048557168424596,-0.10216905019832409,0.96271411309878963,-10.48428865561802,-21.833483897017853,-2.6995223325682738,,0.1418800608236994,0.1428571428571428,False,3
0.70573493966797252,-0.65798184115405123,-0.26267487821139368,0.69461770919558041,0.71558903538921315,0.073746664349122221,0.13944329673286476,-0.234504219881568,0.96206202391218532,2.9379190966044253,4.3303144449455138,-0.39743766165428185,,0.07693076082199934,0.3025210084033613,False,5
-0.064482778170487393,-0.93660139612940518,-0.34441224729655828,0.99461548462693872,-0.088378967994315119,0.054122045014765391,-0.081129581902880402,-0.33906781443349898,0.93725717290162935,-1.4290437533608487,3.1897524591418924,-1.5405929229383182,0.7082948118273648,0.3886717558771536,0.4042742653606411,True,5
-0.4093441818006549,-0.80577328041660468,-0.4279798609661653,0.89925292480869856,-0.43559819799506877,-0.039979833997298687,-0.15421257422452692,-0.40122765416919426,0.90290356709946162,0.26612399439111617,13.573790608757127,-1.2356612049104896,,0.2183537855956865,0.3448275862068966,False,5
0.61262742246128199,-0.73335702839992167,-0.29474583991107306,0.78264238239476414,0.61490210249915189,0.09677967566370281,0.11026578130995587,-0.28997046959744088,0.95066218197293706,-20.395625003389675,4.6169426302562755,-6.5295873442005368,,0.6906444109550938,0.4888888888888889,False,1
-0.73062077286616456,-0.62915190323800141,-0.2652567980438002,0.64439005277433181,-0.76381311438342603,0.03675576392058013,-0.2257315798508101,-0.14407431744725407,0.96347695608673756,-0.15266644591610706,4.4961779123312597,-1.2210797512761604,0.3764797400544323,0.3297721218553696,0.9326086956521739,True,5
0.93757947586946255,-0.23813402622271265,-0.25345001870843176,0.26968194251560412,0.95799881832270972,0.097518787796516945,0.21958227685620341,-0.1597825073255898,0.96242047673737352,4.3154733926870259,8.6358322640831435,0.010351226061119845,0.2537382218347801,0.2267938449928792,0.697986577181208,True,5
0.96877700975565606,0.0061589572796406609,-0.24785716171641717,0.030721933018337987,0.98900500609339315,0.14465566270915683,0.24602290178051994,-0.14775373148396675,0.95793609736352314,-1.3651876284533833,-3.6580387097853801,-1.2469592783350767,,0.0977539267037576,0.2027972027972028,False,2
0.87935457804848549,-0.38997547209479216,-0.27323004452222377,0.43918742616120715,0.88596139877209623,0.14895235677117447,0.18398350678000061,-0.25098113684147083,0.95034653583979478,0.71731268390356917,16.462245884941957,-1.2837862893671352,0.3584174006579618,0.1169155190895259,0.2272727272727273,True,5
-0.34418032809941101,-0.86398987116697812,-0.36750701254568158,0.92825816948652029,-0.37190309604088512,0.0049857734344797636,-0.14098465352979919,-0.33942538160260516,0.93000738588089149,-0.66974194108535778,12.689525069978215,-1.4619903852861535,,0.09638711839848213,0.2631578947368421,False,5
0.86114434744484847,-0.43572963569034884,-0.26185892660923754,0.4709224267334563,0.87776703171273385,0.088074434643026805,0.19147449141663356,-0.19916004272788349,0.96107897517184782,-8.2631446314918975,10.55889814651859,-3.4718111253383488,,0.1008255734716477,0.3174603174603174,False,5
-0.63527093883762842,-0.64494521047058773,-0.42482526968085116,0.73430998526209479,-0.67481199690146554,-0.073604445397265378,-0.23920635403922844,-0.35871220264845483,0.9022781588060047,0.27504958971348642,-9.3114252053680016,-0.55326597452454684,,0.4167557455166322,0.36,False,2
0.78703337327409351,0.56677248160520999,-0.24361326615739307,-0.56998225373982803,0.81913582187178924,0.064317460678217045,0.23600571979184579,0.088235250447310468,0.96773748548045435,-8.502845357704782,-6.9802280052181427,-2.8284708160151695,0.2483433174499092,0.2321261532566008,0.7570422535211268,True,3
0.70254897685796358,0.6763374144576676,-0.2213428040857594,-0.67659438460177124,0.73122227060796463,0.086798788541569111,0.2205560560065854,0.088778898234044654,0.97132555478952076,-11.658335243758581,-10.560077058758369,-3.4898007894822398,,0.07648534159718941,0.2307692307692308,False,1
-0.90295666654334639,-0.31544810959173647,-0.29182485929051494,0.34788389578269219,-0.9352499689464876,-0.065454492898897876,-0.25228169454002397,-0.16062373965449414,0.95422951162674707,-13.351098053895264,-15.37600224843777,-3.6613026402966087,,0.1754710434148159,0.1666666666666667,False,1
-0.58788215579973868,-0.75885180341906378,-0.28024723252850942,0.78321046946292217,-0.6206215299837311,0.037553655538754692,-0.20242512545611213,-0.19741544257805452,0.95919300019119702,-7.1795580334224587,-8.7478774780114463,-2.4563914637396316,0.1155124912197302,0.1048213444233665,0.4883720930232558,True,5
0.96729059742376333,-0.037639762534152632,-0.25086280794879329,0.081284323583754967,0.98277613584048995,0.16596362722587038,0.24029514950392145,-0.18092626978636586,0.95368963820840613,-12.004908780802541,3.5680772970778141,-4.2851351586640485,0.2781659282945639,0.09561485151362849,0.2467532467532468,True,5
-0.96349003443835923,-0.096008292847781548,-0.2499387149731426,0.089311581821838154,-0.99527759484130085,0.038025656593911016,-0.25240918147019198,0.014314919188439631,0.96751469663162104,-4.1845080969743913,2.6105593743632896,-2.2181000623706364,0.2386363886936569,0.1853994054540735,0.7136094674556213,True,5
0.44931671442563442,0.86582947184367209,-0.22012227471262602,-0.87777927364599995,0.47369811356047298,0.071509747354817299,0.16618675306790703,0.16108824567968047,0.97284764491085096,7.1453036800949823,7.2666566422298784,0.69180629939308624,,0.0739847941337408,0.3043478260869565,False,5
0.52852769505376096,-0.80036335792578828,-0.28297874628833142,0.84465003740338906,0.52917133024562268,0.080895102203608377,0.084998763965205018,-0.28177331054561477,0.95570864367157038,-19.91804587136054,10.422151635057656,-6.6084370139229094,,0.1032159135178252,0.48,False,1
0.52323608096851426,-0.79889120058388807,-0.29664263551004566,0.84542314184069478,0.53039155126236281,0.062805362746458038,0.10716209597110421,-0.28365058078406924,0.95292110544784425,-4.7100906538009779,10.849946236907869,-2.4449936408786668,,0.1118283905751206,0.2058823529411765,True,5
0.64637370484956436,0.7606444667964164,-0.060174984927663488,-0.73367739814752431,0.64124065774053318,0.22478410599499318,0.20956743336341224,-0.10114550900798627,0.97254875295842513,-9.4268510082562411,-20.15816806218324,-2.4795388798678402,,0.2567282639281588,0.1666666666666667,False,1
-0.89958123619087715,0.39702953660836554,-0.18199216069336471,-0.37659519691028126,-0.91616418923973364,-0.13718322061683697,-0.22120049086156979,-0.054870077594694783,0.97368353042831757,-16.70307170546419,-0.92755731870549085,-5.276498777538591,0.4609858742520115,0.2860539545515484,0.3095238095238095,True,3
0.9439584689902506,-0.21252402935950065,-0.25253899850594891,0.2414548084669785,0.96629023589457996,0.089346267314168171,0.22503773970105595,-0.14531592121857212,0.96345280047890292,3.2308423380176921,14.840721055599198,-0.51676005130358005,,0.1027116298160315,0.2962962962962963,False,5
-0.89966914707068502,0.37231161055592482,-0.22799011043104783,-0.38622253762199193,-0.92222894804487865,0.018053221897152028,-0.20353765558720857,0.10429684574948592,0.97349606610646999,-16.747425827967447,3.6876114789671393,-5.5180057354155609,0.1233097682005899,0.09924251659387841,0.3235294117647059,True,3
-0.039364733032270401,0.99618245392701787,-0.077916213211649377,-0.99797473864297881,-0.035296384664158846,0.052920565568765031,0.049968378238404991,0.079841616451477637,0.99555435685784588,-2.4375132887672635,9.6969233285455516,-1.8221745046194053,,0.09505603211485697,0.2432432432432433,False,4
-0.10830101088483092,0.97792018952916615,-0.17872603042804142,-0.99295229643690142,-0.097707013477410828,0.06707515574346623,0.048131362353552004,0.18473072951884997,0.98160986625513591,9.4907786950149884,11.004436054593279,1.275809208903115,,0.2068945534854902,0.2941176470588235,False,5
-0.82969624771443806,0.52545850591948018,-0.1884077893438883,-0.52956736355715373,-0.84766350823490455,-0.032015375400271974,-0.17652915901830132,0.073211579437699723,0.98156890774541639,-11.684977936982936,-13.778373187419032,-3.2694840920624939,,0.1434823481765785,0.4444444444444444,False,3
-0.77604345001989983,-0.54007066425055983,-0.3256996182023717,0.57879620247843955,-0.81500266920024211,-0.027669571608865483,-0.25050253427410424,-0.20998649197612701,0.94506833271981494,12.367110094892562,-18.077529078384995,2.9460494272721354,,0.2072938903553527,0.696969696969697,False,4
0.95966723944694088,0.16072573920904759,-0.2306643151594866,-0.12176292059130289,0.97713930352282707,0.17427728675878051,0.25340201400416257,-0.13916184199208989,0.95729901338714662,-4.4133327511296461,-7.2845920180971033,-1.8555790837762913,,0.07184556732641736,0.2727272727272727,False,5
-0.95866472487085774,-0.12901076194226618,-0.25361026909681444,0.13058006304495215,-0.99137991808733272,0.010710048941523852,-0.25280583937769119,-0.022849098805629915,0.96724718984358482,-9.5520329616292283,-14.837640507610351,-2.7335130297622339,,0.0758173492050394,0.3333333333333333,False,3
0.30317735997106071,-0.9038229277499028,-0.30197285254567613,0.95275142024331405,0.29370280194545134,0.077481580738519018,0.01866064375434702,-0.31119572523250638,0.95016261817211478,-6.0748868091100601,9.7928771472024447,-2.7960474378305653,,0.06713396432462856,0.2340425531914894,False,5
-0.73304546257399972,0.64425399040004117,-0.21813102863484424,-0.6638293568193584,-0.74753021671866138,0.023003480548574748,-0.14823945097196059,0.16166437748055565,0.97564834557813751,-17.977449131918625,12.427547969372897,-6.1841588620728603,,0.1011479161208514,0.3,False,1
0.3192128867010533,-0.89372377141417536,-0.31521572513630214,0.94719081997683052,0.31160002479917942,0.07572961835881227,0.030539867642169212,-0.32274331124653055,0.94599369529084354,-25.58276745424925,4.9745937946497474,-7.9022537148562773,,0.1060132832215803,0.5,False,3
0.63327322523478635,-0.70504680518664264,-0.31917710553365286,0.76462831358301553,0.63372024751884515,0.11722708710809004,0.11961841107423993,-0.31828862747632447,0.94041681468980132,25.26842061541149,1.9736789656404041,5.7222317399030818,0.221165391361333,0.1052904356678881,0.1333333333333333,True,5
-0.88865337363470454,0.41852726707443799,-0.18743027568368453,-0.41163236597342368,-0.9081555548932958,-0.076238332875089229,-0.20212366712184215,0.0094029161249925275,0.97931486681126545,5.5012444812407963,-18.114987666918626,1.1162505647243435,0.3720638134661253,0.2890156219801178,0.3571428571428572,True,5
0.46989106874557229,0.8538680427135199,-0.22385653697340691,-0.86576125206986543,0.4952727071621329,0.071849843108461847,0.1722203179870552,0.16004471616668409,0.97197008745102975,-12.612604702515672,-16.826156326433573,-3.3923473935695729,,0.1087662662857392,0.4761904761904762,False,1
-0.11473374657857588,-0.88688064809589351,-0.44752528803303504,0.98878051163456371,-0.14533324158260189,0.034515919555813249,-0.095651801905313916,-0.43854414250346663,0.89360492829223237,-14.030845584061517,10.594085979490137,-5.0589027747849391,,0.2429895769087008,0.12,False,4
-0.41780126921154359,-0.84568360639899076,-0.33205622613229602,0.89411351909460268,-0.44759132544891245,0.014933866048457076,-0.16125481207545658,-0.29065657269513945,0.94314136921864811,7.4987214511923188,1.861782936344291,0.90410958275908204,0.8425319147214634,0.9069377189770778,0.9682119205298013,True,5
-0.5795186353892301,-0.74114673385835339,-0.33890953088944092,0.79124435026945206,-0.61128562327468661,-0.016194596146602562,-0.1951679517832739,-0.27754532182829905,0.94067957611928021,-5.3775342037554061,7.5536267615800154,-2.6568049309552868,,0.07665852138739107,0.21875,False,3
0.25822906096175829,-0.92195043154831924,-0.28866096695375609,0.96593416720920111,0.25165158392558795,0.060354493831122256,0.016998137917920916,-0.29441277498711182,0.95552717451243252,-8.2974484474894723,14.475963804194912,-3.4877552988829525,0.2780760769041474,0.2767480009371074,0.6323529411764706,True,4
0.95710740834215502,0.16645517466876009,-0.23714570146337785,-0.14754551705805777,0.98443396284746121,0.09549917899393312,0.24935061518399215,-0.056413186565176958,0.96676875367842174,-3.5550099486169437,4.1583317142871632,-2.1597709995691026,0.416277641743622,0.397532706190217,0.9540816326530612,True,5
0.10286633406408432,0.97607520878212994,-0.19156122811555298,-0.9932879143144755,0.11103849006727741,0.032397114074860664,0.052892689409942392,0.18694288037928003,0.98094583075849939,4.4867126378114079,12.342741224826613,-0.1052038125977619,0.7146598163735001,0.4882355003852904,0.4651162790697674,True,5
0.86979899288924789,0.43965259558807857,-0.22395380586521946,-0.42453223477866775,0.89815700681244781,0.11439568500400357,0.2514400397762479,-0.0044256419162084087,0.96786275891313667,-10.944192050522515,23.535006314009074,-4.535217468051151,,0.3932781801875428,0.5416666666666666,False,2
-0.060139833431493483,0.98403004457311483,-0.16753528527527436,-0.99708031001552855,-0.051309027744981285,0.056552975617590602,0.047053754517267496,0.17044722071450766,0.98424269828966982,3.4011034950613448,6.1521584014326098,-0.30038376340535577,0.8777921534678008,0.829412922795877,0.864406779661017,True,3
-0.19394541385554434,0.97363721293715055,-0.12006562384121169,-0.98097689558739243,-0.19144028933726084,0.032170575720489675,0.0083370719154608267,0.12402093856459699,0.99224457671958721,1.845180876335587,-8.0756028677223455,-0.29630477712187164,0.3041076362927653,0.1631833503223258,0.2978723404255319,True,4
-0.87299061890045238,-0.40531019565064619,-0.27131351719632774,0.41634165081820473,-0.90902338656353054,0.018333370517833715,-0.25406103421378723,-0.096954257163917423,0.9623164047817202,5.3019008800223046,5.4775110037535955,0.1292178568620333,,0.07045322053918347,0.2391304347826087,False,5
-0.4975358334039845,0.84112692359331775,-0.21204620460042373,-0.86457955025222288,-0.50069612831656074,0.042492215457318752,-0.070429367203374477,0.2044722120368638,0.97633540278947439,14.191471998194867,14.906635003852246,2.2787269297260315,0.2876056921925679,0.2672996857544397,0.5,True,5
0.63215093673295242,0.74604336468675947,-0.20929522496825168,-0.74733606456227497,0.65837905257065377,0.089586995377345505,0.20463137538565129,0.099781366712569514,0.97374004696569272,0.92646151328177262,18.358072923346349,-1.2380048312412111,0.2556634736083029,0.1797795187020166,0.4285714285714285,True,5
0.34040885952899769,-0.79846445535199218,-0.49656451936643164,0.93956591196606454,0.30939153266631447,0.14660414927882412,0.036574655508233543,-0.51646044674673486,0.8555296029481495,-18.442684976742328,5.6016151039280171,-6.0482076918283401,,0.4337656912487456,0.3095238095238095,False,2
-0.88087225766691979,-0.37672977530256269,-0.28659857304820158,0.4195761728733346,-0.90170776727923763,-0.10430214564072485,-0.21913443551790374,-0.2121267989405724,0.95235619404793947,-23.898899877158257,12.734436634009258,-7.7500589023120305,,0.8284414583220211,0.5806451612903226,False,2
-0.0374517020862686,-0.96280188310683856,-0.26760026886527488,0.99653173931532246,-0.055897083221598066,0.061644209983551225,-0.074309235953680775,-0.26436348078591293,0.96155607609683191,-5.8660360471054345,-2.4049203236268091,-2.461418197316469,0.2141937717011937,0.1374649860539802,0.7462311557788944,True,4
0.80670005621657137,-0.48522782938517239,-0.33732621138941488,0.56411038382640766,0.8023762639898514,0.19486355699543406,0.1761093244533212,-0.34748566096436828,0.92099903434517905,20.417464951389039,-0.48155813241879375,4.4318963897851376,0.6980927700251969,0.2889870348295323,0.3125,True,5
-0.10846064567168626,0.99123946833847221,-0.07536978670889416,-0.99328364371023858,-0.10498620479362716,0.048636405508045488,0.040297536875017373,0.080138712312426502,0.99596882245917384,5.790102059220259,-6.8736291680998711,0.67773589068394224,,0.1512631259466915,0.2647058823529412,False,3
-0.6857619367054919,0.71860147534010232,-0.11550967840386106,-0.71735732768652882,-0.69415267953087478,-0.059586256087713139,-0.12300012431041343,0.041999727845984491,0.99151751990597115,-3.5619259856245011,10.9829937300534,-2.1570720430292689,0.3387151067723388,0.2438504381478574,0.2173913043478261,True,4
-0.9141705479142096,-0.23733228856220495,-0.32858118347230408,0.31100584120099944,-0.93058049122077591,-0.19311995261535869,-0.25993763880033294,-0.27873524026417246,0.9245210055860178,-13.365175360596913,14.886448700059045,-4.8264566582600779,,0.3648031171489609,0.1,False,2
-0.035799223717712124,0.97641697184457565,-0.21290446842440919,-0.99799691329968943,-0.023810551528552343,0.058610738608211838,0.052159147093325628,0.214576221258967,0.97531352325532805,7.5207810982827663,3.7869491329892155,0.86815076298799354,,0.0710630409575568,0.2909090909090909,False,5
0.91235094777577064,0.33433796704766,-0.23629192090101531,-0.32059145508215048,0.94238379385295878,0.095571460235858358,0.25463084459853513,-0.011441541580686845,0.96697064283529044,-10.539425923151535,4.8189996165186733,-3.9843678666479292,,0.08764721608238268,0.4,False,5
-0.1966415480610374,-0.92904665838838585,-0.31337582566869221,0.97455933902977587,-0.22026085983445634,0.041463819588097556,-0.10754625184545966,-0.29724982785926357,0.94872353378190888,-1.0356065069621736,6.739040352682693,-1.4899275603225686,,0.0707059423322752,0.2203389830508475,False,5
0.59848040662543212,0.78438333671414207,-0.16298461268060474,-0.78817370511145957,0.61293295181040242,0.055636383382289933,0.14353889179010601,0.095162900702827041,0.98505868295929078,22.15796980727643,8.1849472503548935,4.6302444033383434,,0.1103784905329543,0.4444444444444444,False,2
-0.040208906727361209,-0.94706317429826803,-0.31851936786933255,0.99650860030922461,-0.061352685152434416,0.056625590807837536,-0.073170030268825029,-0.31513043634767346,0.94622352261914533,-15.702882649783556,1.4430042509004235,-5.1089057086527276,0.2971548666245785,0.2664162354396499,0.7866666666666666,True,5
0.83152803915744467,-0.46056976491630253,-0.31054244756541305,0.53908060969555438,0.80394043454718567,0.25114114348380284,0.13398961282593824,-0.37623831456275758,0.91678324281682355,-24.029715277928222,-0.15378924504063538,-7.2487284256984079,,0.3534058099436903,0.2857142857142857,False,3
0.91881221120986012,0.32511963947980405,-0.22378860685068475,-0.31369918938670488,0.94563304067024023,0.08585435906743788,0.2395348390313449,-0.0086817289337181025,0.97084895244983893,-13.294409572557758,0.93515907581297542,-4.522111437118415,0.08515864944421647,0.1623102450716019,0.384180790960452,True,5
0.48351176069539026,0.8634436143048202,-0.14381064698231955,-0.85762020603051559,0.50017591747376711,0.11963124085058929,0.1752254532806809,0.065491804796515923,0.98234762891100602,-10.955815943130343,-9.5197495709340032,-3.3734112502179796,,0.4169097143464224,0.6153846153846154,False,1
0.96347873005174656,-0.098116834942747463,-0.24916224320448435,0.12696925790086747,0.98660022057820052,0.10246371212848163,0.23577010897477216,-0.13035755235452612,0.96302614931172048,-13.549489761431628,18.810365022066875,-5.0564999828680026,0.2349521197212939,0.1934097915739657,0.625,True,4
-0.95483000735463097,0.17572921139429043,-0.23962241405573254,-0.17821571119577584,-0.98392506629774701,-0.011429094188023785,-0.23777892534482523,0.031791636851783489,0.97079888467598929,-4.2462476400742002,16.418854166133958,-2.5480340220007136,0.1445665032431094,0.113095831390678,0.2941176470588235,True,3
0.14149197106376135,0.97074180770169827,-0.19401124942778683,-0.98546497137066402,0.15673351498370913,0.065524006915539057,0.094014957990247144,0.18192016947246564,0.97880858170185703,-10.19486963788397,7.8686703411776726,-3.958272031541219,0.2883702154897216,0.2213120921304148,0.7330316742081447,True,5
-0.60805907711843776,0.76374446731027901,-0.21669920947435906,-0.78618682585904132,-0.61722795828362853,0.030658153217525165,-0.11033781572769927,0.18900803201441374,0.97575690120771319,15.029892504489553,-7.4960571721051412,3.1074045933845311,,0.09119995364112703,0.3181818181818182,False,2
-0.42408336346180309,-0.81298694993668208,-0.3990056642048776,0.89304261443468791,-0.44859807378013755,-0.035137686383823051,-0.15042669190865643,-0.37123036976169066,0.91627497124390378,-18.438077627270733,10.512135515033323,-6.1844118405651285,0.5379372758092581,0.2935245836675419,0.6756756756756757,True,4
-0.96117808964780449,0.12858251117124792,-0.24413770254078695,-0.13874178072622992,-0.99001781724027216,0.024808059733127739,-0.23851079275771281,0.057717063055075721,0.96942320086244294,11.106642910061854,5.9272952332684357,1.7579911000017654,,0.07829594075278196,0.2222222222222222,False,5
-0.53084969889579925,-0.70237948115119164,-0.47419580516915433,0.82690932097479586,-0.5517901878462983,-0.10839079057534882,-0.18552512516433334,-0.44965614980152346,0.87372179489722512,-15.210809521289862,-21.486020350678704,-3.8972266332216332,,0.2429502927829315,0.4444444444444444,False,1
-0.69143719431442086,0.68827984829588706,-0.21951186015428456,-0.70936845647382252,-0.70436176484483115,0.025901683046151799,-0.13678815474502998,0.1736241764687948,0.97526593607435308,4.1939667381804968,-9.2195260795967506,0.42351464493680135,0.2130457962823809,0.1206898357005179,0.4482758620689655,True,5
-0.81756519198833622,-0.50481086563953015,-0.27704358281928532,0.51983870270395471,-0.85398092895826938,0.02200672957627995,-0.24769917242523709,-0.12602604059416603,0.96060530764305752,-7.2378910038394313,2.2550361607612364,-3.0179212731863907,0.1487290541115997,0.124998165266754,0.3818722139673105,True,5
-0.39465502444272621,-0.85687027256517478,-0.33169375585952271,0.90486301704608829,-0.42515058855679938,0.02167711770646525,-0.15959427328185749,-0.29158242924410305,0.94313803596914991,3.6371706581025727,-17.910307622977175,0.60694966670625572,0.2658821040180529,0.1787548324352941,0.2,True,6
-0.14153452595956728,-0.94421274942004074,-0.29737226130567274,0.98536846576041681,-0.1631901796512307,0.049172674834326642,-0.094957699247422603,-0.286061617659636,0.95349451296564325,13.33801913046242,-2.8027738062336094,2.6395486323067567,,0.1024295495502388,0.3333333333333333,True,5
0.83142380377602643,0.54851571549331768,-0.088684656911203585,-0.49967660187882518,0.80790785628267359,0.31242309340310465,0.24301800766493445,-0.21544234870050236,0.94579429176590901,2.4554199619815043,0.90900259233115666,-0.48172511599853579,,0.7677570022070752,0.3169642857142857,False,1
0.87931876227493933,-0.34340058002011564,-0.32996144616169498,0.41606429147470264,0.89105163615104022,0.18143176974336053,0.2317089115051956,-0.29682153451931748,0.92639514084146368,18.624009591861981,-6.6762573880958946,4.1242816025227818,,0.1112042003789943,0.1666666666666667,False,4
0.9635443543005231,0.17018548589132515,-0.20644412727787143,-0.088938560806098993,0.93147403603777701,0.35276912079890693,0.25233352868243297,-0.32154785115038104,0.91265260078698296,-18.121200583837233,-0.80278826056973074,-5.6821381808489315,,0.295287246202583,0.4137931034482759,False,1
-0.16274766603099364,0.98317269354949066,-0.082973802251699591,-0.98625727895173987,-0.15967831883042677,0.04241950271041426,0.028456579488308237,0.088737191493356321,0.99564849918517817,17.264416156394489,10.942729961876607,3.2562214802131253,,0.3901959320266267,0.5,False,5
-0.42120845924336109,0.90499513809079835,-0.059726324965237332,-0.90544138700424948,-0.42340269255791751,-0.030100741428225976,-0.052529311452343394,0.04139999959812507,0.99776084883684446,5.3928552201264752,14.773565522863244,0.014541449514499523,,0.3375826641226868,0.6428571428571429,False,2
0.36274499783974856,-0.88386845694485494,-0.29528396055350647,0.93094345401070744,0.35797026125126635,0.072121962634945289,0.041956548676663749,-0.30105455133185405,0.95268347584364077,-23.924896062165317,6.8985004044322009,-7.5842304774688207,0.3725486571601683,0.3184190195583343,0.8518518518518519,True,4
0.63338969581167015,0.74606574754709742,-0.20543464551188012,-0.7456456278830198,0.65941743443033207,0.095818812287865499,0.20695432070516995,0.092490796873584719,0.97396887097850926,-18.825071117325042,12.169369340833777,-6.4256485074973311,,0.1926499011556943,0.2857142857142857,False,1
-0.21456878796902165,0.97025948294952014,-0.11205699878203498,-0.97662447925293405,-0.21162529612797396,0.037674401955236324,0.012839850211059767,0.11752135884714426,0.9929873455695597,-7.7966134391548048,-9.9305053508438057,-2.6024790205952937,0.5902115952384912,0.6186041034640495,0.8142857142857143,True,4
-0.080478788158276568,0.98387514591448699,-0.15972746134689619,-0.9958088906582333,-0.072378000500075992,0.055911343479039394,0.043449026946473325,0.16355770325900271,0.98557651136887692,-9.4054107254133115,-12.446974967843383,-2.8076415971259858,,0.08269328503856556,0.2592592592592592,False,3
-0.56936110780756199,-0.75937800037024294,-0.31491742007999324,0.79950691215953318,-0.60064990407342511,0.0028965748248196074,-0.19135471336049259,-0.25012945706229489,0.94911465502564396,16.94613357317953,-4.8199876720076871,3.6247127976484768,0.5314851325589798,0.2187798077186993,0.3333333333333333,True,5
-0.9687633167280445,0.041014902744294729,-0.24457189927495018,-0.020896375458547407,-0.99622167323872635,-0.084295428477050655,-0.24710519552363874,-0.076551652642579848,0.96596007517025029,-15.673369995187674,-12.499922235319843,-4.3918604585519114,,0.2773665040087427,0.9152542372881356,True,1
0.93771265633856993,-0.17768980022534672,-0.29853192298034281,0.26509242476220368,0.92136746087892485,0.28426749439079341,0.22454616557884111,-0.34569977860768258,0.91108214920194786,-27.784810937687016,1.759392737972945,-8.3774493039107458,,0.1794632571150647,0.2352941176470588,False,1
0.47482998019538897,0.87993394335956043,0.015897963119272912,-0.86284379912935827,0.46189849529555965,0.20530552439648192,0.17331205443264225,-0.11120267697943717,0.9785688000447107,-5.7411198963830179,-0.53420326200565671,-2.5395588918808176,,0.2833000083399567,0.3457943925233645,False,1
-0.84392484186785643,0.48713766975795142,-0.22469479740552084,-0.49720887019921256,-0.86752822745528324,-0.013345934344151267,-0.20143038666878776,0.10045728082667327,0.97433779258292919,-0.26947269125645473,19.464415982214874,-1.5672560890553107,0.3795279049348029,0.4313962282353139,0.9367088607594937,True,5
0.0054837655246232561,-0.84480374237720479,-0.53504818958776235,0.99836579706872353,-0.025810730435935667,0.050985698364318169,-0.056882893377576418,-0.53445340588290247,0.84328162163132825,9.2884948252999706,-6.4431464616695893,1.5743760514029004,,0.340927862418082,0.1304347826086956,False,2
-0.57505917997448219,-0.74750400697690611,-0.33248262974258902,0.79042099627008156,-0.612483811744988,0.0099110547240690502,-0.21104878152334727,-0.25710180844132835,0.94305730044028113,-13.242148774157343,3.4035090135947765,-4.6104213297340868,,0.4772815678664915,0.9157472417251755,False,7
-0.2410428186441409,-0.89027998216198911,-0.3863934690723152,0.96261847347605356,-0.26999910022904966,0.021590747975405812,-0.12354769970631435,-0.36674519661088134,0.92208130154565338,-22.469665510476524,1.3793860285332402,-6.8877433965966208,,0.5432480150463233,0.4545454545454545,False,2
-0.94643015353197035,0.24290153253504343,-0.21276468216689781,-0.22096129842771173,-0.96764511903286154,-0.12181554994753833,-0.23546988997023272,-0.068277149208272936,0.96948035658975573,-9.8461710939346521,-11.057407113746756,-3.031210438349849,0.234544209365538,0.1622665760466963,0.4736842105263158,True,5
0.0021349174725151764,0.97360262640619954,-0.22823971604946,-0.9982969673962615,0.015380913007315526,0.056272483528727123,0.058297572975339426,0.22773087926325225,0.97197738637026598,-10.664517210717264,-8.6908039155633947,-3.328519547458336,0.2640572094837416,0.2810093750631285,0.7807486631016043,True,3
-0.077025559609080849,-0.95667751141438639,-0.28077607148915612,0.99332845148853066,-0.09787483703070439,0.060984454901308958,-0.085823368789069737,-0.27420549854112852,0.95783385508109153,14.655152670151343,7.3295207342310471,2.725628629369234,,0.1259893682646542,0.2333333333333333,True,5
0.77878254728055607,-0.55706850161888766,-0.28839630468384564,0.60472365669350436,0.7889290180738292,0.10908851211883749,0.16675443948047239,-0.25935629729226306,0.95127665164682884,1.3178151227007022,5.8369593554011869,-0.94129967946866333,,0.07183618606105238,0.2203389830508475,False,5
0.8635630682085581,-0.43201677327086108,-0.26003910251894075,0.46707372211191744,0.87965884337374123,0.089679749034508649,0.19000254034812797,-0.19890155074057778,0.96142457206701992,-15.564406230965449,7.769989505640849,-5.3975735679674113,,0.07608212480346414,0.2083333333333333,False,3
-0.86911183875666875,-0.41586370142510737,-0.26777227931586128,0.42669681242635815,-0.90418846329290015,0.019314582915743464,-0.25014883968986901,-0.097471045367498482,0.96328861371697905,23.490100764523778,13.355737007620732,4.8083157231349976,0.3669165330000042,0.3126560902472578,0.2857142857142857,True,5
0.40070456425501177,0.9062999441657319,-0.13437359632901946,-0.9038512408737911,0.4150314738437601,0.10393175688876788,0.149962617195456,0.07980781242628654,0.98546533501672273,15.848068263052202,6.661020355885392,3.0162632957002997,,0.6448424491213662,0.391304347826087,False,5
