axis_00,axis_01,axis_02,axis_10,axis_11,axis_12,axis_20,axis_21,axis_22,location_x,location_y,location_z,dbh,dbh_approximation,score,reconstructed,number_clusters
-0.93756390834844139,0.29737779552233767,-0.18038947999445828,-0.29236328652466148,-0.95475832559780083,-0.054408164775000857,-0.18840813797417269,0.0017281296131387153,0.98208929691405689,-1.4742344426414029,15.547528799939956,-6.6848570069512547,,0.1508872917871348,0.4285714285714285,False,5
-0.95366659301204759,-0.19973054886553926,-0.22500608263481359,0.23386439888921934,-0.96260594176271352,-0.13673786533109358,-0.18928146318374206,-0.18302324642785281,0.96471499364425339,-2.3292305804843059,11.556193583131742,-6.6399320383214224,,0.07640204820098578,0.25,False,1
-0.39205832792961914,0.91993882726848331,-0.0016797573991869374,-0.91844978499826857,-0.39152632661448916,-0.056188326228854765,-0.052347492181258726,-0.020486328408316268,0.99841877506919952,4.1740125885259465,9.3867156066440334,-5.032946308762603,,0.7677276517181582,0.4736842105263158,False,1
-0.46060734559418753,-0.81900100242793905,-0.34216696393238766,0.87911686440265102,-0.47412505455366727,-0.048569243017919039,-0.12245167172206406,-0.32317609853841822,0.93838307605474158,10.384758588841597,11.291940216521363,-3.7335700065682089,,0.1748280796090164,0.4594594594594595,False,5
-0.89081975738827801,-0.39359311588262458,-0.2269903499633795,0.41641012150005702,-0.90710786636903473,-0.061301953343483852,-0.1817767052154885,-0.14913007041246101,0.97196576665013079,4.0674766280599091,4.5929872600388162,-4.7524914595697583,,0.1354447612171912,0.4224137931034483,False,1
0.51194747182626099,0.85847877986893606,-0.030396884798360391,-0.84871985080203483,0.51095653754760839,0.13637460024481735,0.13260618743208835,-0.044018192285740138,0.99019088957767309,-14.966512514834491,14.336359449107052,-9.7251516733166685,,0.2955323471406341,0.4594594594594595,False,4
-0.9688530927523924,-0.095962780309238813,-0.22828672641974943,0.12602481624252326,-0.98462580210041351,-0.12095360899599665,-0.213169956502231,-0.14595607090299093,0.96605144532338372,-10.013644872828198,11.504475844515827,-8.3101986777203383,0.2920644427954102,0.2275832179200204,0.140625,True,6
-0.73232806068816447,0.65856858174589694,-0.17315609912997723,-0.66886725283339798,-0.74338030990209036,0.001520834302577761,-0.12771926094296038,0.11693219397185019,0.98489321877912928,-4.8703515802554715,13.911906383743721,-7.3844338252071386,,0.1290600308437346,0.4166666666666667,True,4
-0.981974857676434,0.031146216598613885,-0.18642771275467868,0.0042831303633979224,-0.98240946121254191,-0.18669039963098011,-0.18896304846619849,-0.18412377280426642,0.96456798754814865,24.906548891451997,-5.1072815556612161,0.085197918898656813,,0.6017124425996367,0.7241379310344828,False,1
0.97001872172358072,-0.12550820148894407,-0.20811384111769593,0.16045888143239237,0.97389475471731046,0.16056759979390739,0.18252842758106583,-0.18914729205865355,0.96483505068569253,-11.183581717396136,14.786343934740861,-8.9036559630749661,,0.3134390675531149,0.352112676056338,False,1
-0.82012027942873256,-0.50068645239805243,-0.27697617885802306,0.5477186283894947,-0.82699227495711181,-0.12683880035853715,-0.1655506912847835,-0.25572808517312823,0.95246843258389224,-9.9851289861509187,-27.524258099001237,-6.2902571851605575,,0.3940977547242827,0.48,False,7
-0.27726351021517981,0.9603551460919213,-0.029033416573357923,-0.96048080151843818,-0.2778179811943195,-0.01714057290792409,-0.024527042578672643,0.023133583809647279,0.99943146912755687,12.871311680998312,10.428985309817788,-3.1321863880913212,,0.2198493825625093,0.2,False,5
-0.56061087896965711,-0.80060832700480944,-0.21152245533614034,0.81899988282170177,-0.57379253561305354,0.0011480473782702915,-0.12228914227726198,-0.17259325828462657,0.97737246373927922,9.8022690830876513,7.9138798148116569,-3.7072770603948069,,0.1121510305707824,0.3823529411764706,True,5
-0.64528261756130834,0.75831567168591141,-0.0925617931371856,-0.75215165912865733,-0.65184793514981954,-0.096758209527281064,-0.13370948037904545,0.007184115565748328,0.99099453244722979,-16.974961306594061,-23.055635888897481,-7.9846237843519203,,0.4505430119572786,0.2173913043478261,True,4
-0.3271165734669777,-0.8611048621342916,-0.38922122728842312,0.94094038476592268,-0.33486763312414963,-0.049948579583287751,-0.087326626407880248,-0.38257297956666125,0.91978909301301548,2.2008206281082781,16.048644389694516,-5.8569720941831296,,0.3296415183037841,0.2727272727272727,True,5
-0.89092765159908849,-0.37883867155507533,-0.25045794167987279,0.41389381328283292,-0.90431286177308978,-0.1044517082577396,-0.1869219915963031,-0.19672190769243303,0.96247631663928279,9.8959690536849791,10.468575623920755,-3.8083366834985148,,0.3415111821469117,0.4444444444444444,True,5
0.57020305451844022,-0.7369262320429697,-0.36305399756068424,0.81814877197463287,0.54930932767709562,0.16997602608408946,0.074169154870755788,-0.39395303153280881,0.91613314829879888,-28.913078137584336,13.58323623747493,-12.770447238529771,,0.2174182025119565,0.3783783783783784,False,4
-0.73993824835997046,0.66065347224488946,-0.12660323149411379,-0.65092815183070984,-0.75069010594265184,-0.11294647402229481,-0.16965827350364443,-0.001163808654232712,0.9855022657412722,5.3328089717797358,5.4414983653484015,-4.5770073139421106,,0.1511563114651757,0.5878378378378378,False,2
-0.51958667218892052,-0.80913976005348498,-0.27444951955547781,0.84709920348761991,-0.52978960998597724,-0.04178407114615694,-0.11159135062487623,-0.25419641589034192,0.96069326666435062,15.407185282287255,-2.2305979210020066,-2.0112352740355819,,0.4900689914216239,0.4266666666666667,True,5
-0.80507576827545624,-0.50681403684613457,-0.30820859720554872,0.56786753158884173,-0.80866646055794833,-0.15357415842478078,-0.17140441622923022,-0.29866048889066099,0.93884100809067328,-9.7270507685743901,14.078117396034042,-8.5177609639760661,,0.5649800443176376,0.52,True,2
0.10532800110212588,-0.94899061511246108,-0.29719156214856424,0.99440391000484063,0.098053363846992314,0.039324313158335109,-0.0081777717573942692,-0.29967040272066026,0.95400774304107294,1.5619669585077132,9.5887773496468363,-5.6008120191270212,,0.0938021258195142,0.1904761904761905,False,5
-0.69579981271958902,0.71685805948053583,-0.044465078175879247,-0.70880220748567979,-0.69534472420293603,-0.1187229766581519,-0.11602608018378437,-0.051090479357167679,0.99193130388966089,-3.1968405191453488,14.612831545080011,-7.0139050121152717,,0.7492889095410981,0.5348837209302325,False,1
-0.2597034770604188,0.95503573962699917,-0.14304139274294297,-0.96533584597083921,-0.2607470882166365,0.011732879881435277,-0.026092307036653356,0.14113005357349673,0.98964715908845458,13.065748498581856,-0.48462974281910653,-2.5886325233102472,,0.1766087436922345,0.6891891891891891,True,5
-0.71541880912116884,-0.59394142411937612,-0.36798031505869594,0.67128420789735521,-0.73037157241484452,-0.12623342836146667,-0.19378709911464881,-0.33732914330563835,0.92122505898038543,-19.810713412767626,4.1971825492988861,-9.9833871300416792,,0.5843991040626026,0.2696629213483146,False,2
-0.53989192888115345,-0.80407297127183619,-0.24896457980819325,0.83230521655290801,-0.55410597905505377,-0.015316346635519902,-0.12563730189639696,-0.21548369043972501,0.96839147431535777,-1.6758541941299341,9.9474760095062447,-6.3514779862245332,,0.4332144069510803,0.7647058823529411,True,3
-0.86796482107412287,-0.41645427525624151,-0.27056035555595759,0.44956827142110301,-0.89035874713057017,-0.071761206368934613,-0.21101051800611559,-0.18392155400844618,0.9600246992978414,11.164727727605351,5.2188811354468303,-3.2686765663296211,,0.2058706104192371,0.1333333333333333,False,6
-0.79673245366881851,0.58228440443720419,-0.16174754903884911,-0.57463889004984803,-0.81281104879709576,-0.095542372775877335,-0.1871030286049456,0.016824722956901919,0.9821962051363673,12.610257565794877,1.1654104327695072,-2.777878371255571,0.7752722248263794,0.3971353922229764,0.6521739130434783,True,5
-0.79232355553224432,0.60717720919691831,-0.059659198625053866,-0.59417214573572874,-0.79013773593777126,-0.15047198901766529,-0.13850214648351725,-0.083774667286563034,0.98681252552877718,-7.4885660513148817,9.7013369101573179,-7.6567420802135659,,0.1164497915109571,0.2153846153846154,False,5
0.41463029786832173,0.90949910889525887,0.02988456137132825,-0.89990592064066866,0.40493892730840769,0.16184498492751292,0.13509644734595161,-0.093999128022796391,0.98636358096061949,-21.851648591315644,11.748380072109004,-10.987753622622453,,0.5093072935384132,0.3140495867768595,False,3
-0.98198549999763851,0.02559178328180885,-0.18721521952780995,-0.011856271040074914,-0.9971786486345986,-0.074122679014601081,-0.18858395115017981,-0.070567721627768559,0.97951839698540299,-6.2195644113843027,12.543308670946995,-7.549963966640644,,0.08437841260147522,0.3,False,2
0.95363934039180465,-0.17517189515773782,-0.24471782853713314,0.2288856742112548,0.95012551942551216,0.21183211625544368,0.1954056206917868,-0.25802384479587742,0.94617141096040835,7.288702064267607,7.8634957551100007,-4.2830584376852556,,0.4579297924880019,0.4137931034482759,False,2
-0.89811634332524048,-0.37016259839253679,-0.23741668981641839,0.40011798013670102,-0.911842640900833,-0.091916267365045087,-0.18246269707374851,-0.17754618831808633,0.96704948952486047,18.949202694901604,-4.2324500378349672,-1.2592706389698609,,0.1016708169544947,0.2666666666666667,False,2
0.66238309948183449,-0.64527668661279158,-0.38061348798335387,0.7399860803451429,0.64282515222548253,0.19798086918113236,0.11691548407404967,-0.41278786486560148,0.90329228282069807,11.738767901987721,9.2526042254153289,-3.3612765330266683,,0.2878655596913446,0.125,False,5
-0.14745178403504927,-0.94349911981062085,-0.2967614905971861,0.9885214726930498,-0.15056463742901943,-0.012473491116418938,-0.032913058345353831,-0.29519434424197644,0.95487016380129086,-14.956002994842061,-26.368071880188317,-7.4248200443329626,,0.1747658136968045,0.3043478260869565,False,4
0.60783249025998964,-0.7588437916665246,-0.2338712543976138,0.78776796172315433,0.61328375526842693,0.05748629407437085,0.099806323782053619,-0.21917831866548826,0.97056661922821308,-3.2608031377237836,12.263650577446999,-6.8617548302692475,,0.2058865261319153,0.4782608695652174,True,4
-0.78071318117020672,-0.53061750366543381,-0.33004847151738215,0.60263672482031949,-0.77902013365426193,-0.17307977715243147,-0.16527524510626293,-0.33402499332409274,0.92796088128212895,-19.921082855565938,-24.367872124492056,-8.4956072869469281,,0.3754009043993003,0.3333333333333333,False,1
-0.98198745481635619,0.015058529798566783,-0.18834510682149988,-0.0064563271665177245,-0.99891120831242364,-0.046202962538504623,-0.18883578692296493,-0.044154711958309216,0.98101549783327313,-6.5032207916580349,13.868713501448704,-7.726546677412597,,0.09411868787834543,0.28,False,2
-0.059441680473135083,-0.95121795839778633,-0.30273929748890888,0.99756528149994894,-0.067684944163518335,0.016800520215462002,-0.036471848986012051,-0.30100356136619,0.95292531726070384,-8.0143768033096947,13.849494060002728,-8.054322585119019,,0.08485590823424773,0.2,False,1
0.70438227484369387,-0.58150735024718536,-0.40705627681503764,0.69996109268668139,0.66428653943108129,0.26225533789714645,0.11789859885041178,-0.46965156780231937,0.87494418407686636,4.1106716950381168,11.207910528270254,-5.1450052931372792,,0.3065896630091133,0.1851851851851852,False,1
-0.31520514342286005,-0.91632152622588614,-0.2469829511015682,0.94626547403940797,-0.3232860085844606,-0.0082346399135379156,-0.07230055463654321,-0.23630704015875931,0.96898483608911934,13.368584013498083,9.5265428353985833,-3.0175491566411594,,0.1811832485657888,0.6875,True,3
-0.68707238996182851,-0.68390560901948239,-0.24536635650356214,0.71094033385792621,-0.70249036547527544,-0.032728093564945757,-0.14998457469394319,-0.19692740887470686,0.96887781633587433,16.591480728272149,-1.6502221202278509,-1.8129789702754449,,0.07708504991407081,0.2631578947368421,False,1
-0.17399370784371382,-0.93393857782508072,-0.31222575563342325,0.98274549275632295,-0.18488472969227776,0.0053789584257806465,-0.062749391215606395,-0.30590254915034498,0.94999270751169018,9.658442147632341,5.5903378586621466,-3.5937778423246529,,0.08142691896228132,0.3125,False,4
-0.9759563374775484,0.11855276578689161,-0.18290562884090575,-0.098214651552373411,-0.98831864491863142,-0.11653385056130983,-0.19458445353587375,-0.095767937382394586,0.976199463537891,-4.9836923787377865,-31.576450504047614,-5.080416955613912,,0.2583424050531482,0.4,False,4
-0.94832352803236419,0.30147995020789692,-0.098956181226311307,-0.28725622827319797,-0.94817163882514621,-0.13584698246885785,-0.13478258603583398,-0.10040111030402875,0.98577546710760267,18.286304154183306,0.077985648516411529,-1.5583171394100541,,0.3365422961392238,0.3571428571428572,False,4
0.77194271972326678,-0.56242590581569341,-0.29627949293470074,0.61953298123533174,0.7700306107629753,0.15241963013228313,0.14241953035980995,-0.30121414136025648,0.94286092209651751,7.5379056597061735,9.0573634494329482,-4.2450740650345216,,0.5338190978696192,0.3636363636363636,False,3
0.91616196206986411,0.37932137023954476,-0.12947029518731928,-0.36304404072529378,0.92223473232796094,0.1329741440349449,0.16984193754826538,-0.074822433584914902,0.98262674484377965,18.012888569249004,-1.7160100987218587,-1.5262009921348212,,0.322869701651842,0.3333333333333333,False,4
0.38309040136311695,0.91731112049555197,-0.10854516386574427,-0.91822524800715866,0.390964528134294,0.063317704182334872,0.10051934294273385,0.075412505301998903,0.99207298911846054,0.53197963401466253,-31.929220378675318,-3.9244608593477088,,0.1985162937520255,0.3125,False,4
-0.85892274566584981,0.50892124810246975,-0.057016490664230979,-0.48873977830249488,-0.84788379714359319,-0.20549086511617068,-0.15292202615276806,-0.14863455106800946,0.97699673701919043,-2.3189817795917911,12.398008168428603,-6.6686585184783445,,0.7525474786863238,0.3333333333333333,False,1
-0.98091394061349035,0.14345444459063436,-0.13125800332667767,-0.13360789679255877,-0.98771690274862334,-0.081020058870228021,-0.14126843605272368,-0.061936599453464226,0.98803192591300315,-16.358315931536197,13.552382612665333,-9.9967436639928859,,0.3981817266657017,0.2142857142857143,False,2
0.78568795646962775,0.61858350050105382,-0.0069919930237344052,-0.59591727801254502,0.75983602709153664,0.25986883172067693,0.16606333979750168,-0.20000916189418161,0.96561861121960924,-9.9889486804387939,17.464415619960072,-8.8996576507463878,,0.306938461726199,0.3333333333333333,False,1
-0.6370491682313133,-0.69313598058958226,-0.33724007719710825,0.75573857505915287,-0.64776394154980932,-0.096234516652903099,-0.15174835558698632,-0.31617145418265552,0.93648707846754164,2.3100662229598594,9.0628296576983107,-5.4066810260989824,,0.1986880128234398,0.25,False,2
-0.71394246355763646,-0.60468309634888362,-0.35305029630235218,0.68582906257972698,-0.70553338631374274,-0.17849688433604527,-0.14115472238032054,-0.36956865909677583,0.91841948507375692,13.668348154728882,5.7617740698889586,-2.7650754311461907,,0.5031059016551735,0.2,False,3
-0.36734447288343519,-0.8676612922992496,-0.33499540308426334,0.92366140213054237,-0.38258076572592969,-0.021944746770070758,-0.10912219048494455,-0.31748360515490892,0.94196417554045564,11.239083625550615,2.1781074525386734,-3.0616192037722123,,0.1591018436850274,0.3333333333333333,False,3
0.68932546889038393,0.72406820882730127,-0.023571739534403807,-0.70556562462428052,0.67838056279063541,0.20488279912284477,0.16433973131170498,-0.12459952244485664,0.97850263756359501,-4.2409674383531755,-28.377270308239186,-5.0675244950986507,,0.1666243693919455,0.3571428571428572,False,3
0.71520470932747593,-0.5852650423744461,-0.38203017410963636,0.68848953967245474,0.68403083678278265,0.24100615778825749,0.12026794052203971,-0.43539251774081356,0.89217093540302206,-13.872251478854256,14.885845699776771,-9.5696114359366522,,0.2126095271337937,0.3333333333333333,False,1
-0.94301182663036731,-0.24391079028527832,-0.22635419416849759,0.25272541010811556,-0.96748264524003003,-0.010353658534070909,-0.21646838549992409,-0.066969078997446821,0.97399003102562132,4.7800474034497995,14.645155260019806,-5.1841891087946115,,0.6178615983703646,0.3333333333333333,False,3
-0.76070995791557539,-0.54210126496961819,-0.35699660845226999,0.62238051250195436,-0.76533061877307373,-0.16404737616380419,-0.18429014511331951,-0.34698020474771135,0.9195878859181148,24.366142521201617,-6.8584060044545785,0.089226787067140614,,0.3365970218253076,0.4,False,2
0.32857312872839917,-0.8174244806988703,-0.47313519995009301,0.94355076825802675,0.30629169394156974,0.12608467766581793,0.041852679691031555,-0.48785511842819429,0.87192071693823969,11.921008750648966,6.0721943664236413,-3.1444297603812279,,0.4296242014319696,0.6216216216216216,True,3
0.84652545135419766,0.5159911484491313,-0.13094958927663913,-0.49403067404897555,0.85309133094600664,0.16783585482097693,0.19831377488285837,-0.077384208898970408,0.97707897884704975,11.719947620307428,10.458801037843346,-3.4150963486802137,,0.1822730522515958,0.2352941176470588,False,3
0.2859046700251901,0.95822481907451662,-0.0079822156948171907,-0.95422104348479431,0.28545412538622222,0.089320448223119409,0.087867626738061477,-0.017920335086103856,0.99597095427618965,1.4816590906049949,11.676683551070784,-5.7673430410355584,,0.31694303141628,0.2608695652173913,False,3
-0.95674089039226984,0.26051750566445964,-0.12952798112290947,-0.22995831962112398,-0.94985681182221726,-0.21187545462361612,-0.1782303001412428,-0.17292387422592428,0.96867501972243553,20.023591868486825,-1.7426487380117741,-1.0739460152704445,,0.2021214514480329,0.2857142857142857,False,1
-0.38774884200053006,0.91523772621039856,-0.10950223764137523,-0.92032685139444537,-0.39103595335273672,-0.0094535595361457201,-0.051471566224809723,0.09711224282620963,0.99394159293372408,-18.097763049395546,-27.101208385780165,-8.0191370826308308,,0.2208776296362583,0.5,False,1
-0.80377791351860794,-0.5287149699445215,-0.27276646842351532,0.57074488543382174,-0.81467621276791935,-0.10272752358182213,-0.16790277392231145,-0.23825018133609793,0.95658011143997224,21.839849101000038,-7.6366676822564488,-0.45610133186159024,,0.3028057205112688,0.2962962962962963,False,3
0.94285338693208365,-0.2358595503967415,-0.23536729432388573,0.29070728550541208,0.92747216568292168,0.23512689347989826,0.16283969081515251,-0.29011317510599127,0.94303636235574018,21.13767035625084,-2.5580254752021863,-0.83850362837474846,,0.4416355104401096,0.5151515151515151,False,3
0.95032287541713178,-0.098893724113100268,-0.29513804192268372,0.16795305874280289,0.96122663977329681,0.21871240716766122,0.26206526385206097,-0.25741674056125069,0.93008516769216931,13.583794925895361,1.0759103962081569,-2.5504187007153765,,0.4865142970472901,0.2444444444444444,False,2
0.437331054375312,0.89537259129525049,-0.083961131699177988,-0.89296944077238871,0.44341435496794307,0.077390488142997288,0.10652289296496935,0.041129461041834819,0.99345922951512333,-11.700089106020693,-27.448293743283394,-6.6900201746499732,,0.4245371261513864,0.5217391304347826,False,1
-0.37074052197994128,0.92676068687193847,-0.060548283466120151,-0.92795461588440165,-0.37231492965237989,-0.016787614981797629,-0.038101131490733249,0.049962209985113359,0.99802408856326208,2.1339342759320767,10.734863918431293,-5.5842522888007924,,0.3063424972469862,0.3333333333333333,False,3
0.077166001038966342,-0.96232423249527754,-0.26072491218913019,0.99680622170004807,0.069072014546099458,0.040080084663317812,-0.020561241784714968,-0.26298503447709504,0.96458079339024383,19.237075080121926,2.2274682460932169,-1.4155533246716812,,0.1939722081176135,0.4,False,3
0.71829936537154659,-0.57250282688333054,-0.39533091824119909,0.68514071817719824,0.68085156002519365,0.25888868168943668,0.12094717029541138,-0.45681688500082474,0.88130024144764485,-11.957274564765935,-24.726188085600828,-6.8556746031706162,,0.382175003274697,0.4666666666666667,False,1
0.97639909044622208,-0.074826460116750149,-0.2025976728449459,0.11190989434468313,0.97759559205905666,0.17827796816899594,0.18471868265974922,-0.19674313012936459,0.96289726815655052,-1.4792636055196757,-31.74060391182697,-4.3715866459144186,,0.2764912256852859,0.28,False,2
0.79837114002689047,-0.53876156436895017,-0.2689600333337383,0.58878347276509635,0.79207452916225196,0.16109612798286324,0.12624398984045629,-0.2869737218128508,0.94958334969503544,14.516072539117644,13.999075921092654,-2.9614250429497173,,0.3955131449733071,0.4736842105263158,False,2
-0.98214134600017744,0.023077904303718068,-0.18672382496593493,0.0044449931688803198,-0.98932552742520119,-0.14565453244090068,-0.18809204797834833,-0.14388332466897341,0.97155492401073995,9.3067179686170434,14.325371524803227,-4.2016623444258858,,0.5169136521691057,0.3428571428571429,False,3
-0.91020903476715154,0.39778042170598565,-0.11528334283693968,-0.37963304693055683,-0.91262730142084181,-0.15162505854750599,-0.16552420580227162,-0.094245131485510794,0.98169220862997919,13.263637221276056,2.6989260352757949,-2.7230421452120503,,0.3398294928314542,0.5416666666666666,False,1
0.62660936555350366,0.76283385121696146,-0.15951557428080571,-0.76646449291918906,0.64025800562259982,0.051008502529505534,0.14104213588416509,0.090300618346003142,0.9858767236483289,14.748557325676581,9.7564613265914293,-2.7145872383821286,,0.08788641918889815,0.2941176470588235,False,2
-0.57403162842104671,-0.78081134963141108,-0.246619800216968,0.80833659782638556,-0.58843047817599659,-0.018480177705692692,-0.13068907447352893,-0.20996001676591569,0.96893609550522486,-3.5720484771312622,10.968755941432583,-6.8510120004536201,,0.08705033529172856,0.1875,False,1
-0.87251882965554206,-0.43680907473644748,-0.2188806161459084,0.45452537799161125,-0.89001809709096025,-0.0356996864435834,-0.17921376246847523,-0.13063544342358088,0.97509835825080649,6.9634518766867419,11.58324803826269,-4.5276767805206832,,0.9458387901666215,0.6372549019607843,False,1
0.031380702280214758,0.99438040754539325,-0.10110814316492657,-0.99902317987715039,0.034353349644431569,0.02779448571849448,0.031111695430315126,0.10013716821473524,0.99448710899105475,15.35652896531783,4.5990979622892363,-2.317975609873093,,0.5707613416621478,0.7419354838709677,False,1
-0.40343124067649017,0.91127913963166884,0.08254431366479964,-0.91337576431971146,-0.3956795487483401,-0.095824881193210976,-0.054662118506426771,-0.11405272629128674,0.99196977193154123,-4.8412646900110881,9.0672305011106893,-6.9999508675434035,,0.5489698428212396,0.4074074074074074,False,1
0.91109746282321602,0.38111768734892737,-0.15700548279249904,-0.36860520226994087,0.9238098432185724,0.10346776518324334,0.18447660582479417,-0.036396180600222414,0.98216276652145662,25.313717292623519,-0.78203680655857366,-0.004519377249702753,,0.1106769548210953,0.2,False,1
0.84546546081423024,0.52941252334986089,-0.070075207388316879,-0.50445088141319483,0.83479580760151517,0.22055672252821185,0.17526398036000929,-0.15112359091574201,0.97285363619462251,25.611148745435553,-7.1337417941934858,0.35850193866251079,,0.3013529296378089,0.16,False,1
-0.90484965574351695,0.42158281876781073,-0.05928766668225996,-0.39280743315292682,-0.88043733561545678,-0.26557940152460158,-0.16416278798999584,-0.21702079387502007,0.96226428493694427,-9.8076989720403667,-28.299858992898415,-6.2024486534182044,,0.342564876758179,0.2666666666666667,False,1
0.96943547262392782,0.20177705923620959,-0.13957393304055601,-0.15482029730713107,0.94442427955299535,0.28998871656072789,0.19033008159551146,-0.25951647068499084,0.94679758210667875,26.277153240118455,-1.9578888758130895,0.2487300828034455,,0.3842426280968543,0.34375,False,1
-0.43195291691950022,-0.85003171883145723,-0.30143449461727939,0.89569771062874537,-0.44343221374437314,-0.033067854302783334,-0.10555704021599334,-0.28427794285558616,0.95291330270210639,16.177493157764907,0.76357907206403042,-1.9816516882607296,,0.6966325405135356,0.7352941176470589,True,1
-0.98113798356145177,0.094302293833050208,-0.16874636171128016,-0.046969744874113671,-0.96307363752029762,-0.26510943359277911,-0.18751560009617818,-0.25218296154032394,0.94933748142023888,0.084109825472990174,14.398809212897117,-6.2545207763143686,,0.6201802719256446,0.32,False,1
0.61325022006916752,0.78821226270289335,-0.051435362445530958,-0.77783497643336208,0.61394280592511685,0.13433905050172834,0.13746605770891016,-0.042375228348406901,0.98959962762745202,16.295464046483136,2.8630582252441594,-2.0612597338923351,,0.1862598804412478,0.2941176470588235,False,1
0.77924682189618111,0.61755924316036648,-0.10674723299410113,-0.60459523592617193,0.78561088246617838,0.13145395409073593,0.16504239231203099,-0.037896207434357926,0.98555815972575345,-1.1589248159508059,14.095239473907705,-6.4667192272905432,,0.1479082007293966,0.1875,False,1
-0.83062725252204328,-0.46630927014431517,-0.30432553613714131,0.52926168798009299,-0.83099474045127486,-0.17125947266876093,-0.1730330402095086,-0.30332063220261685,0.93704650955865587,-7.4807569866844563,11.846864483183964,-7.7989652785796357,,0.5546668082475769,0.2926829268292683,False,1
-0.051404837539897226,0.99329784819262057,-0.1035225939271571,-0.99856254266914068,-0.049546510037876711,0.020444845834778017,0.015178638135155952,0.10442474859427189,0.99441695521817497,17.638815387133633,13.36457458016392,-2.2676799115187309,,0.148565983273468,0.2307692307692308,False,1
-0.42820625034050375,-0.85210591807846214,-0.30092343136583383,0.89757386583875409,-0.43968739556985897,-0.032189276790096373,-0.10488356655168191,-0.28388465712795408,0.95310489397271647,8.5510247842513074,8.4252684480154887,-3.9860280845860001,,0.1123153920720047,0.2941176470588235,False,1
