axis_00,axis_01,axis_02,axis_10,axis_11,axis_12,axis_20,axis_21,axis_22,location_x,location_y,location_z,dbh,dbh_approximation,score,reconstructed,number_clusters
0.79267555468356843,0.60963572744623606,0.003121670737694926,-0.59636431376313048,0.77433622298979854,0.21154909367738428,0.1265506628861596,-0.16955144820080681,0.97736238731397984,2.2742244458022971,-12.629893600463365,-0.6833272593901335,,0.182038057060355,0.2105263157894737,False,5
-0.12232845516301161,-0.96007198552804562,-0.25159000707831713,0.9886348405961225,-0.14019353369416296,0.054285588048982703,-0.08738936443819309,-0.2420899744198016,0.96631027277397263,24.413553190686201,-4.4827671760974939,2.186116710201365,0.8758874054285993,0.7471361515139272,0.5844155844155844,True,5
0.78372467272065627,0.61452507589897354,-0.090191842537228575,-0.59706702597584727,0.78541333765991683,0.16320801303326421,0.17113329267344968,-0.074059571408898725,0.98246047046253893,-7.9293726154209914,-2.8855199184580962,-3.2894139943236036,,0.07480999974586056,0.375,False,5
-0.6192634351906865,0.77388745407266746,-0.13270646655214063,-0.78379049199339879,-0.61933429043520005,0.04579848634914227,-0.046746791297113087,0.13237539469271145,0.99009670860142374,-15.04772559491165,5.1425294835069968,-5.2735501418701567,,0.1012725938459017,0.4215686274509804,True,6
-0.98169977551323306,-0.057296307000363741,-0.18161135416428825,0.094877042482587839,-0.97403442311281774,-0.2055609140888327,-0.16511782934324107,-0.21902985137966768,0.9616454786653843,-6.2485236407710349,16.140420809712413,-5.3043067866970297,,0.753173079539204,0.2619047619047619,False,1
0.39397657621119697,-0.9017464052826637,-0.17786477435596204,0.91911124870917049,0.38739271063279923,0.071842885833198561,0.0041194530186277264,-0.19178192904537855,0.98142891836263979,15.394715911975016,-9.1985695833615608,1.1409367156216097,,0.1155314344830185,0.5,False,1
-0.94072022598017269,0.32450330573398878,-0.098706945042006944,-0.31869204085752029,-0.94524963639633752,-0.070274518757940746,-0.11610701755656727,-0.034651543404369683,0.9926320723278157,-2.7026068625933717,11.031367386163044,-4.1711725988130848,0.6910888317824003,0.3015519695034989,0.4545454545454545,True,5
-0.54777164122445288,0.8268183018982086,-0.12774084983446482,-0.83587471001573166,-0.54733894614218404,0.041635888270567752,-0.035492227689808586,0.12958230466435322,0.99093326116923197,-12.305051027865582,-6.1637393196052752,-3.6340240552846454,,0.0849281559764376,0.1951219512195122,False,2
-0.022368893437668499,0.99762034179843717,-0.065217223463912358,-0.99833603370435753,-0.018821730315992869,0.054506020542342784,0.053148813851529107,0.066327943567396117,0.99638135645358916,-19.981243885181897,9.3089606778421032,-6.4713045519827235,0.5843991825862449,0.7570735417810696,0.9739130434782609,True,5
-0.50189089245915086,-0.81452411748117415,-0.29095703137760953,0.85405741330363016,-0.51987221110881587,-0.017855500495451385,-0.13671673945669283,-0.25745552267983141,0.95656948884750947,-15.352175403788694,-16.404520493599239,-3.2229476901651668,,0.2213979490354375,0.2857142857142857,False,1
-0.88919986324571088,0.43680908280078168,-0.1360934546058285,-0.44276958800442767,-0.89650127950165714,0.01550960316323978,-0.115233220653587,0.074049179837670009,0.99057459276077264,-20.687263363670571,-12.96523828964372,-4.3771269410501947,,0.1186891753809639,0.3333333333333333,False,1
0.97674549246908993,0.15971008021569191,-0.1430417184558809,-0.13459056933892047,0.97607417383379314,0.17077642056122094,0.16689404299237134,-0.14755303267698369,0.97487152023304335,-15.551557817809375,13.956309629359094,-6.3325402512390028,,0.08293442570951307,0.4210526315789473,False,1
0.94320638865477702,-0.27529490389775935,-0.1859419917305857,0.30113752448625647,0.94486487884679526,0.12863340183685212,0.14027793749233347,-0.17732195749470861,0.97410421600727226,-0.49421425211611453,7.9779535114660334,-3.3831537970866461,,0.09430233000514913,0.1866666666666667,False,5
-0.96843677233694991,0.20731578979275295,-0.13838490267437895,-0.19582485405954367,-0.97629595842440342,-0.092189088816053366,-0.15421687494612488,-0.062180100247448709,0.98607849110254331,1.3792014470883527,9.8682980477184934,-3.3375022647341517,,0.08549118804693485,0.1724137931034483,False,5
0.97371662188545571,-0.1239035618584685,-0.19111213363562668,0.16237420255973153,0.96604382034268177,0.20098247565598534,0.15972025108629231,-0.22673165755249552,0.96077166738847519,-10.528950266343061,-14.239449924632842,-2.643295652505163,,0.1914881993713894,0.1666666666666667,False,4
0.84008283264505035,-0.4732850715331765,-0.26506994427679825,0.53513664401532834,0.80307678001695215,0.26210009086151864,0.088823457076838072,-0.36203442717708539,0.92792320103092552,15.497155102300429,-2.272013461618132,0.48198953471567435,0.8473338396860925,0.4555214506042183,0.48,True,4
-0.21232086530611663,0.96979112152270253,-0.12010424959759336,-0.97681362502851843,-0.20717187608386986,0.053990329861326805,0.02747711983281801,0.1287827409850747,0.99129209293228226,-12.802223293509995,-11.785366748722506,-3.2314582383763013,,0.09868012637435054,0.35,False,3
-0.70496263412430671,-0.62883017320131185,-0.32802484320570563,0.69059507274360188,-0.71396126090668566,-0.11548923511217661,-0.16157391494538642,-0.30794793585303398,0.93758303035681978,-11.887645106767454,4.3756864525995933,-4.7405943405929154,,0.4909680748922121,0.2729681978798587,False,2
0.75914667446364448,-0.62753026809874568,-0.17292220583460358,0.64587962638387175,0.75919657970404864,0.080374508321381419,0.080844510469289171,-0.172702970401756,0.98165057385069099,-17.14153464511779,-4.9041702832679812,-4.5498757335581486,,0.1289267613864748,0.6086956521739131,False,2
0.87003638413417972,0.47263423051645514,-0.14019120666732193,-0.46241747503007469,0.88097347362333678,0.10027869942735669,0.17089988025019731,-0.022419253246933335,0.98503330299757774,-17.387213079300412,0.70534698521366845,-5.1537131396683193,,0.1234801436961909,0.3103448275862069,False,1
-0.94380827121031996,0.30109825782872518,-0.13625632582560568,-0.30365483941847027,-0.9527797538178796,-0.0021164150075535446,-0.13045951744786624,0.039377402748882358,0.99067135542521001,-4.4421241016630582,-13.959343582612007,-1.6251643358854619,,0.09948028101450467,0.25,False,5
0.96142504685606323,-0.2065195765838157,-0.18169079163638352,0.23498542521716509,0.96000150101149617,0.15224640551152663,0.14298156948824695,-0.18906819548330583,0.9714985786110869,16.477766064439706,-9.3193240722771495,1.3372731418357344,,0.1149428000875852,0.4,False,2
0.9611321478134599,0.23757289359487241,-0.14065601540085204,-0.21695705824378544,0.96499024638344355,0.14738880304495336,0.1707472673798559,-0.1111438015085896,0.97902626423836647,14.383056081652651,-3.0308883558502115,0.37718207523323533,,0.1561712969295473,0.2142857142857143,False,5
0.076937048314095383,0.99319652368996125,-0.087414849578843087,-0.99407815690464596,0.083161735144063817,0.069948150603803327,0.076741830586573218,0.081515588312946669,0.99371318814848064,8.3128411269483422,4.0293697388061647,-1.4377380798138124,,0.07186490524478,0.3125,False,2
-0.46189048484811646,-0.86980739807572471,-0.1734712375568627,0.87743408177727322,-0.47667051826099793,0.053801943798204681,-0.12948595345613922,-0.12735897013374917,0.983368232446028,-5.6896470661632597,-8.1803440631474054,-2.4163261485465521,0.3036466604892493,0.1123968040364317,0.5068493150684932,True,5
0.43929163471224486,0.89780703096860826,-0.031070803259261481,-0.88988848584141733,0.43963063925364854,0.12175131948483192,0.12296886776218088,-0.025834786098603901,0.99207420155375803,-9.579054687053203,-12.237286784216764,-2.6944829024961803,,0.3913141656554019,0.2352941176470588,True,4
-0.53389609081090461,-0.76274539873432845,-0.36493070702044739,0.83472460740264265,-0.5442863918767511,-0.083589194363212771,-0.13486954442474103,-0.34924458525136426,0.92727473041125452,13.212312750895158,-3.710312048701752,0.22166961534717047,,0.2741630667998331,0.2380952380952381,False,3
0.044203032158483542,-0.92738106981779389,-0.37149756835220393,0.99813724348498145,0.025345041963354867,0.055494792693362632,-0.042049198758116441,-0.37325859694249536,0.92677391239305007,-8.9407073526951155,5.8531816665655345,-4.4380602345111217,,0.5433578283509122,0.3551401869158878,False,2
0.71953793684773448,0.69372704999963708,0.031748031997398563,-0.67491672545909043,0.68779721996811216,0.2672496920479363,0.16356213233045672,-0.21372356983481902,0.96310418157361188,-11.804073364156803,-15.397275301417602,-2.7465550802584611,,0.6707561465011235,0.56,False,2
0.37650929423123392,-0.90732201056472306,-0.18710296764692597,0.92641189462365992,0.36903872504638302,0.074641951447836918,0.0013239551726903775,-0.20143780320716512,0.97950041275222166,-12.893838196849092,-5.2703084682888122,-3.8271034905780881,,0.0769552111052416,0.4390243902439024,False,2
0.97551065864000674,0.16527679292806641,-0.14512937882852683,-0.13077507424181012,0.96635562447392787,0.22148292711776946,0.17685257938969975,-0.19707965081920339,0.96430429657665229,11.04281467677121,-10.375343844798509,0.57638280042317669,,0.5234006576200737,0.4383561643835616,False,6
-0.98398081780994573,0.04240283734091653,-0.17315816344460777,-0.01548977351484705,-0.98796341501952989,-0.15391022545434285,-0.17760016075028892,-0.1487625287778736,0.97279385942402186,-10.163357276391457,-9.0179425709669196,-3.037256650266265,,0.2468112131168338,0.2156862745098039,False,5
-0.53667581117547847,-0.82249472703198656,-0.18836533041863093,0.83193904215387282,-0.5530666386753863,0.044662325559767319,-0.14091310740750523,-0.13273928276470209,0.9810829623288102,-25.817234925018376,18.429565730044114,-8.3806295647514304,,0.1153092541286261,0.3548387096774194,False,1
0.0015532551450750214,0.99827902494955478,0.058622314388114161,-0.99946868482812612,-0.00035878884181955728,0.032591706283988733,0.032556649802906686,-0.058641790698541835,0.99774806686722173,-1.6016613023938824,-2.5782559975560551,-2.2933195320804596,,0.2274461402635348,0.16,False,2
-0.4614539305678011,-0.85306824340459475,-0.24358744232436619,0.87713875541940112,-0.47986573549744882,0.018880668335548058,-0.13299576574023511,-0.20494742738100399,0.96969514709782745,2.8602034720870315,11.992836924163587,-3.3221866325548306,0.3106514763356317,0.2380705633190783,0.2926829268292683,True,5
0.94953098052051388,-0.24111591067378493,-0.20063408148094497,0.28295526948101135,0.93446868014277207,0.21611247373799078,0.13537810939985598,-0.26197595968366416,0.95553197960253722,-23.906812531510148,21.424286310463511,-8.3957618810135681,,0.1213158606023015,0.35,False,1
-0.14595370843947866,-0.96023805160342368,-0.23799243526974384,0.98540441948700552,-0.16241527638138292,0.050984390291892903,-0.087610758747089665,-0.22707743668365321,0.96992793170469116,-8.6069392365059283,11.779348422192696,-5.1345367267607012,0.8250710923154462,0.4531958908242577,0.2936507936507937,True,1
-0.4517197735438242,0.88400002915554565,-0.12038768476265452,-0.89202360877074216,-0.44987828230639487,0.04362811598810569,-0.015592549026379784,0.12709633968782821,0.99176781196649966,-11.422654445646021,-11.62783140416521,-3.0600433854927513,,0.09109235390521939,0.3684210526315789,False,4
0.76120823710686059,-0.5664978429694969,-0.31566154924471279,0.64664301601033702,0.69991846982428751,0.30326052404472725,0.049140915800586132,-0.43496474513428623,0.89910557827462356,-13.876051146737881,16.310901553564079,-6.3772770776013887,,0.28328845769969,0.4090909090909091,False,3
0.84481936469217533,-0.46058178574477959,-0.27229517013942783,0.52510249038436063,0.81139704501982823,0.25671425734702452,0.10270158534926563,-0.35986004775918334,0.92733657880701936,-35.913312968887837,24.707776280204854,-10.739507690575422,,0.5560726281459235,0.25,False,1
-0.96235238107950016,0.25281556102258051,-0.099810754608182478,-0.23584138478473121,-0.95922921559271002,-0.15575029109512173,-0.13511748907316673,-0.12634715690601289,0.98274089163335987,2.8476735982723986,-19.9961344927429,0.11736356013121743,,0.4473382977201896,0.1578947368421053,False,4
0.27214939481470252,-0.92821480333834705,-0.25367693187506124,0.96215332670585407,0.25866179080026291,0.085761610810774339,-0.013988667229183162,-0.26741607439261084,0.96347961075758992,0.31944648825771815,15.208794651036824,-4.2077273047139929,0.2492269961202963,0.2262633119157142,0.375,True,5
0.84493036286477696,0.53002806625824894,-0.071853537753801211,-0.50897722635335996,0.83802596951603547,0.19660787743717012,0.16442282372844838,-0.12954815087545568,0.97784580156684908,4.7067021532019933,-10.475590108259127,-0.49041683207995296,,0.620362427332942,0.8780487804878049,True,4
-0.2595215360663401,0.96573638435947473,0.0013447089112151589,-0.96349934320695019,-0.25901461530313974,0.067678982698786042,0.065708355309986227,0.016268527396635812,0.99770624286851184,3.4018474793361038,-13.419558167275207,-0.42631235570314352,,0.3979681085660959,0.3809523809523809,False,3
-0.3810595719706254,0.913374070633303,-0.14332274663957573,-0.92455048482433144,-0.3764632266379816,0.0590071182181603,-6.0171887290988435e-05,0.1549943421034069,0.98791535583534418,-8.0530183180227279,0.22759339777132526,-3.6274369796187407,0.2820030300386666,0.2274426101379843,0.7955390334572491,True,5
-0.69436808152900242,-0.69150050716625189,-0.19919843358457526,0.70205732192256454,-0.71173316340108927,0.02348235188379405,-0.15801418951679155,-0.12354332318621776,0.97967778540061656,-21.637198834177454,19.101463511313852,-7.7948375556861782,,0.1181738612401345,0.3783783783783784,False,1
0.98177670562136199,0.12534845910507789,-0.14283649428366246,-0.10104903146156771,0.98089328574925061,0.16624516598300576,0.16094593359244347,-0.14878214197954212,0.97568451903678133,6.203458415788762,-5.6057964332868382,-0.75954274900737084,0.7274558304622818,0.1634745584513647,0.2580645161290323,True,6
0.50577826037052687,-0.77959150519537046,-0.36935814105523679,0.86216232704652362,0.47140058072709756,0.18562762270707023,0.029401924397676568,-0.41233309049525968,0.91055859192275024,-4.1304737957320912,-8.3996651173452292,-2.1730214127487968,0.09168655837950938,0.1572472342778233,0.4210526315789473,True,4
-0.001898196358316053,-0.89622463921329898,-0.44359643023538553,0.99787726997451309,-0.030573591303218083,0.057499648547069834,-0.065094937735572331,-0.44254564915024963,0.89438023094173225,3.9061511698836036,0.59395780276640697,-1.7686901818593097,,0.4898972687873183,0.3166666666666667,True,1
0.77660251575549089,0.62503245916457295,-0.078885724392496193,-0.61277164667419948,0.77850645426248333,0.135788842339297,0.14628547964317098,-0.057115021337146854,0.98759224013923097,20.240259877247169,-18.3503500053368,2.8821137693813044,,0.4174094181100995,0.5,True,5
0.76568826135627621,-0.59407226827567894,-0.2465758027199593,0.64175970704534779,0.7313403059152539,0.2308372486338634,0.043196815094078245,-0.33499178648076189,0.94123033214838314,-7.0415744753985923,15.188069371522088,-5.3418049983792786,,0.2066501856921097,0.2608695652173913,False,2
-0.0024925725764692202,-0.97634130577419576,-0.21622081703917823,0.99781751978359112,-0.016695665749554504,0.063886242322604606,-0.065984727739640175,-0.21558967828798742,0.97425207534847391,-14.974599097904656,-3.0488522355290653,-4.3687192086606741,,0.1125196081716049,0.4875,False,3
0.063076084064744381,-0.95197778878049277,-0.29959922778214909,0.99758074625955673,0.051350473587672738,0.046859188581830191,-0.029224344497064444,-0.3018301153478965,0.9529136997429476,-18.443338589069256,-19.739029447230639,-3.462709409564952,,0.2385771084830685,0.1764705882352941,False,2
0.98262324073460328,0.11271427879384616,-0.14746883780720985,-0.065596280181614702,0.95411434088763836,0.29216939014702276,0.17363379508195151,-0.27741902578686134,0.94492856308660089,-12.853473961558946,-8.5541909448138185,-3.5154577955392825,,0.570293073511051,0.8613861386138614,False,4
0.91504584835469249,-0.34696934354618547,-0.20567783071583159,0.37964838172380866,0.9131097774831185,0.14865275146872767,0.1362284906447048,-0.21410933866569007,0.96726366076308634,-0.98000201649471286,-8.5719428836186697,-1.6398435937719731,,0.4686692096586599,0.8877005347593583,True,4
0.65973888706173045,-0.72705728309511919,-0.19008500203038786,0.74923933067413118,0.655952149382798,0.091472417105198156,0.058180978588617524,-0.20276707035026847,0.9774970531474968,4.7529801906858626,-9.2613377366196108,-0.60959542528963218,,0.0873106440467986,0.4210526315789473,False,1
0.52270823006479161,-0.81295171139583267,-0.25668194553010304,0.85222618338881628,0.50607666604970669,0.1326534599116983,0.022059885971233345,-0.28809013002635053,0.95734917267021036,2.1347365009635202,-10.667736737157828,-0.90791163452060686,,0.1671994021034013,0.3,False,5
-0.90766869535255346,-0.31612762716325105,-0.27604503766799526,0.34703448207940329,-0.9352318816385331,-0.070059944438521246,-0.23601823600068011,-0.15938836504268716,0.95858788922255089,-7.3145646821182639,11.533970185475443,-4.9583741975028799,,0.2049120887861737,0.15,False,2
0.9789008488036085,-0.11996890910937319,-0.16541036563251124,0.14283551380122175,0.98062312243176519,0.13407575377120257,0.146120307311185,-0.15487334373378156,0.97706862767770941,3.8312014350445258,-3.5349142849868662,-1.376257601716836,,0.08616265623312391,0.2924528301886792,False,5
0.37056270273206715,-0.90568364638118248,-0.2059621713363671,0.92879823269617401,0.36034547661831873,0.086515781341791748,-0.0041383915196040039,-0.22335682250247527,0.97472796387362792,-3.2261899741239928,2.6785200986183311,-3.201844513877345,,0.08277055855693387,0.2267080745341615,False,5
0.79776608426162621,0.58660632474257435,-0.13950732802932478,-0.57943814734939014,0.80983613068489269,0.091743527475398642,0.16679540820471933,0.0076459930245778435,0.98596188090234516,-2.8282784348077827,-8.4706357038827722,-1.9242602812994363,,0.06523366358588059,0.16,False,1
0.71222752035345682,0.69108559515332113,-0.12301487480278979,-0.68356907335987127,0.72268537216383699,0.10227010710047861,0.15957844841047009,0.011249579191967229,0.98712115050327576,-4.883742840143416,-4.4961416131780281,-2.6789771442730781,0.1307750924421248,0.09770224906074372,0.4228187919463087,True,5
0.9817332503392503,0.11172638549509704,-0.15400337646471496,-0.094449377209347304,0.98883180539121318,0.11528649440208166,0.16516398010189204,-0.098635061874344399,0.98132154987340769,0.71257604150647547,-9.1003523676955673,-1.306215549287469,0.1435415863390775,0.08228629635173675,0.3428571428571429,True,5
0.80650822060011951,0.58388217772193673,-0.092876760511536094,-0.56847392905309591,0.80900478496460415,0.14949464837013454,0.16242500451397368,-0.067770645880521424,0.98439080525245271,3.2695419918059305,-10.457620497147163,-0.74638758089646218,1.023269619885245,0.6059340422786657,0.5,True,5
-0.074475243165815441,-0.90641165059694273,-0.41577801507236761,0.99410676390957242,-0.10041643708448145,0.040844597102869348,-0.078772965569603878,-0.41028582576709083,0.90854849131457271,-15.70414859409617,2.3055472599469349,-5.0586353755425613,,0.3870047468177642,0.2280701754385965,False,3
0.78328259033058056,-0.5828558615423739,-0.21621153611847746,0.61131741603646339,0.78535296316634418,0.097528150276438658,0.11295751650738559,-0.20856597975590124,0.97146324251252236,-26.228595685214902,19.103118914069281,-8.4815223930130745,,0.1525673054649727,0.6666666666666666,False,2
-0.84161113421989475,0.53849705917083701,-0.041371681395144105,-0.53235221628647311,-0.84004060636294331,-0.10456049672920145,-0.091059412319548338,-0.065974971964656084,0.9936576304252287,-4.1483274714937242,5.4129566832820126,-3.6277757437976881,0.4389097028207521,0.2792755651264952,0.2992125984251969,True,5
0.76689988447088853,-0.57810845092717988,-0.27866680133290767,0.63543098406260901,0.744873079455597,0.20344915825719273,0.089955720728379596,-0.33309865575968978,0.93859110044754079,-33.926745791671472,21.072698003429171,-9.9888256700213827,,0.2975776122181219,0.325,False,3
-0.81871196134417445,-0.50804166961280528,-0.26758995924549644,0.54901326805186257,-0.82911531265005245,-0.10560411844345136,-0.16821164006984521,-0.23336979296009536,0.95772824114086463,-5.337959702866903,17.054789952507306,-5.3120461970675139,,0.09755951471677436,0.3846153846153846,False,1
-0.97352038242200878,-0.1576957927188469,-0.16549955277184467,0.15512101818671975,-0.98748566069940258,0.028452409911652921,-0.16791526055014028,0.0020265418426048329,0.98579934997064145,-15.157464708226584,-0.85685033433935309,-4.6409355069993161,,0.07329417936017954,0.2954545454545455,False,2
-0.56111525662609907,-0.80157378667864032,-0.20646823797159658,0.81568931408423906,-0.57787373120629915,0.026700068735810593,-0.14071464625338004,-0.15343211949060395,0.97808893922710871,-22.790509270704149,-12.319849613553867,-4.7526147595050254,,0.5940255588211634,0.9263157894736842,True,3
0.88814805077679237,0.4509405131383652,-0.088575919480920598,-0.42347154957303607,0.87792965176877646,0.22340853441031597,0.17850738529146193,-0.16091047248598039,0.97069198680155133,-18.36293282742237,-2.2743091021152866,-4.9928783575730469,,0.2110325842230945,0.35,False,2
-0.68422979829090547,0.72922988871022465,0.0073042824740034429,-0.72648577958855831,-0.68071281649958881,-0.094066325052070202,-0.063623857053713484,-0.069669439963806187,0.99553913732647314,4.3884263375890384,-1.7326947150242207,-1.460489131722275,,0.6907047710075811,0.2610619469026549,False,1
-0.63354257871639907,-0.7318816676949973,-0.25094426760809851,0.75865793220172784,-0.65129708984872425,-0.015819060085287183,-0.15186159113078668,-0.20040290728073948,0.96787227044308577,-1.2230258288806941,2.6792326725562168,-2.8629875728722873,,0.09477061682304608,0.2652173913043478,False,5
-0.43562208410316233,0.90010527402866569,0.0066253684725635364,-0.9001295904579375,-0.43560741613998727,-0.0035915715041202612,-0.00034673281160096936,-0.0075282580736720783,0.99997160215014769,-7.973527802519051,-10.461842661584011,-2.5817084915385795,0.3713185695896749,0.3661205777907363,0.2413793103448276,True,5
0.88979625531753703,-0.41697270887532417,-0.18546262177609235,0.44152349443910438,0.8893518491656579,0.11878675112952178,0.11541069223070302,-0.18758211119080298,0.97544519255570228,-13.235202981299018,-6.5923468922472601,-3.7548739617389266,,0.07401139453052905,0.2333333333333333,False,1
0.96792072449162447,-0.1764330904433368,-0.17888777402668399,0.20636477955738119,0.96438782056814498,0.16543793185982758,0.14332846492529697,-0.19704693891668751,0.96986053379118442,-30.105142257728719,32.03375246304978,-10.647638869284361,,0.2481918191150799,0.6666666666666666,False,1
0.98114477701247294,0.11326558406998567,-0.1566072603886238,-0.10025469741798212,0.99100510479427595,0.088644672244393805,0.16523898506942619,-0.07127264367884889,0.98367488942040948,3.9185031683803837,4.6187322082268301,-2.1863353971963901,0.9469029200402358,0.6500219780870038,0.9885189437428243,True,5
-0.40945606185113748,-0.89015940546350569,-0.1999048930822224,0.90069425397015646,-0.42929387098330629,0.066758019752769876,-0.14524322455281785,-0.15271871267472664,0.97753843940812557,-5.5477918697738353,13.725832794387657,-5.0040914366539546,,0.1015444012410569,0.3255813953488372,False,5
0.13697988850089635,-0.95482579440487825,-0.26371236695569406,0.98959870478187328,0.12009687010663732,0.079190563103366168,-0.043942162444749404,-0.27181693127853918,0.96134522531190481,-3.2408559966685098,15.387064781997658,-4.7843089803391123,0.3161579989271153,0.2984547094978627,0.76,True,5
-0.6239241739531205,0.77390603924324819,-0.10857286760394111,-0.77984667634954608,-0.62556920870808752,0.022412641586894287,-0.050574564194673509,0.098653978830883213,0.99383580430439,-1.3266575024760732,-5.5557776941457053,-1.9669906492055,,0.9362228611270957,1.0,True,5
0.90119854961185286,-0.34466248965725382,-0.2627716544849471,0.40551162813344482,0.88454150086739436,0.23053557793065388,0.15297546739937043,-0.31431528990254531,0.93691216499062679,7.7802810613823254,6.5223536838957221,-1.7739410483435387,0.8920944769000475,0.6383995454237915,0.68,True,5
-0.88355959710721832,0.46272455860132505,-0.072169392590893527,-0.45991931227285354,-0.88640292001265064,-0.052574609760907921,-0.08829872342336037,-0.013260703610863733,0.99600576764472093,18.919589720767171,-0.98790517421549806,0.94014421125450054,,0.3482784108847763,0.4,False,5
0.44931693236887205,0.8851968295187882,-0.12058551860199898,-0.88374700409206774,0.46016882195113834,0.085064023314194478,0.13078809978328612,0.068346384790916745,0.98905168956990852,7.755636404444445,-11.006958801780767,0.065006459899429145,,0.1033456380177536,0.1818181818181818,False,5
-0.18432875598835852,0.97216504873023335,0.14463065976177808,-0.98227887659974089,-0.18729310793268891,0.0070356454476721356,0.033928134368623547,-0.1407707702197343,0.98946069752669175,-15.606679541577243,-5.6863115257898116,-4.2469193219060921,,0.3947952338881662,0.3720930232558139,False,1
-0.21797267666691753,0.97261533016692547,-0.080668034257324384,-0.97576922688275736,-0.21557338893062944,0.037450365199668649,0.019034917790324145,0.086876541766146551,0.99603721737466711,-6.41765254474522,-12.308171808942573,-2.1768585156000979,,0.09993855528982507,0.2666666666666667,False,4
0.36171769876598719,-0.89366283175242811,-0.26556929329963819,0.93228561480896777,0.34613225004274079,0.10505235790125941,-0.0019592906122447504,-0.28558572902822077,0.95835116348638938,-8.6780904317231293,15.317892794108639,-5.547259850726296,,0.1194266202208821,0.1904761904761905,False,1
-0.17129783353693373,0.98203774437492652,-0.079113341786069089,-0.98459366651643054,-0.16777500612761459,0.049263162450367978,0.035105043530601142,0.086333168260439283,0.99564763846294024,-10.133683540807853,-5.7170904404795913,-3.329892050788914,,0.07976955204765272,0.42,False,5
-0.97300091451265147,-0.13208115838038392,-0.18927173047880441,0.16253347040821611,-0.97435665364892377,-0.15560200026713872,-0.16386607749808019,-0.1821638797648123,0.96951752410898995,7.4194485675581552,-4.6113248259065616,-0.64543358616772861,,0.2475060301594287,0.125,False,3
0.44572121630222344,-0.85907732697087358,-0.25163215935695782,0.89517174902339203,0.42763285111785038,0.12568883958100513,-0.00037025459856368514,-0.28127618265576149,0.95962678786189337,-32.427427110760448,19.51891199345679,-9.5349845639104558,0.3739983598820432,0.3491821934462884,1.0,True,5
-0.95677520065752442,-0.20004316479128689,-0.21110174709613372,0.23580164833612818,-0.95846057884807023,-0.16047087410551245,-0.17023160120470834,-0.20331269270389482,0.96420182064585069,-10.338088786874675,15.163053133439023,-5.7988380025476856,,0.1944189470334811,0.25,False,1
0.76205310935088288,-0.60976957436983259,-0.21784426708427113,0.64234828751217776,0.75431948643632629,0.13561264658065242,0.081631709885454304,-0.2432759309000157,0.96651595195625561,9.9992239624099746,-3.1041579532142292,-0.37617805110201213,,0.1038200804267234,0.2333333333333333,False,2
0.38158036455450073,-0.89672521545590056,-0.22423272141243084,0.92423089046871532,0.36648788093503704,0.10716293310260633,-0.013917129368582637,-0.24813407886325617,0.96862572359855459,-5.9780302795848463,-10.789459065513704,-2.2310941444479764,,0.103068325062894,0.32,False,5
0.9457128024058874,0.28855953034274395,-0.14953492172057453,-0.27406524830307211,0.95536559960053935,0.11029420099206623,0.17468696298859518,-0.063324312457995455,0.98258561785400866,2.1900596276297151,-16.994920532528894,-0.29009386267718285,,0.6596540441411767,0.9310344827586207,True,5
-0.53404163806755656,0.8412478120425273,-0.084271273538379265,-0.84479652993676457,-0.53490888357417643,0.013831459801062915,-0.033441767550790133,0.078578654907599937,0.99634684883126445,-8.6471757573308743,-11.573907138596308,-2.5703689760988961,,0.1523460089755588,0.375,False,3
-0.71843686308184329,-0.66762469214490028,-0.19525814759836985,0.67816666306411888,-0.73471453257620079,0.016868097990349919,-0.15472055737230855,-0.12029890298652357,0.98060681369580571,-12.368056860297493,-4.2503611300188044,-3.8473389842969379,,0.08895549630108421,0.2352941176470588,False,2
-0.87701981881366087,0.44974142887603075,-0.16902332549266361,-0.44865823465574095,-0.89247950690649136,-0.046755943232278212,-0.1718779389091192,0.034827817969146677,0.98450241097310709,-13.995463071569118,0.81157920130412053,-4.6127097522886293,0.588585797477508,0.1437017797432995,0.1842105263157895,True,2
-0.98658063322486012,0.036346375775987587,-0.15917787256269098,-0.02498291763870689,-0.99703236791917016,-0.072816970190677899,-0.16135212416293496,-0.06786308488009643,0.98456086339985371,-16.20434447279845,0.63590049503371771,-4.9196491578780908,,0.1596280204022687,0.382716049382716,False,2
0.059029543527052447,0.99592557429358575,-0.068174507398140141,-0.99547826675366835,0.063819218031911512,0.070357144846190753,0.074421323638459602,0.063713090317348287,0.99518948382210781,0.18556283599684043,-10.988295777562186,-1.2061831265779015,,0.3577689253033784,0.6988636363636364,False,8
0.14860741928703583,-0.93019626965192748,-0.33563482366775349,0.98877557801791893,0.14507169257505101,0.035735980869969201,0.015449635859011813,-0.3371781486678026,0.94131408404037797,-7.4072328260976095,-14.212256298120886,-2.1318457329447766,,0.2416369183232824,0.2941176470588235,False,4
0.42348734059532789,0.89758146972358288,-0.1224988880127052,-0.89748447292600242,0.43408989109694168,0.078022992150911158,0.12320752092397809,0.076899100490824573,0.98939700582297585,1.7736206868310551,6.6203250467184453,-2.7941235820558421,0.2637116589048397,0.2429682602922692,0.797752808988764,True,5
0.98209778984182872,0.11734521476249923,-0.14735681782713314,-0.091004140757953406,0.98048342226283958,0.17427135459580897,0.16493082656890601,-0.15774143159010104,0.97360950242240563,-19.844066820627521,18.799992615126861,-7.4893915598182668,,0.1574109254672666,0.4285714285714285,False,1
-0.90079350910502898,0.42904256640013205,-0.067033798721507262,-0.41769880554397054,-0.89828839312869924,-0.13640260487761752,-0.1187382069992116,-0.094870643441727423,0.98838292134757399,8.0594289937773986,11.907564064251034,-2.3775201444230385,,0.2512692726020239,0.2068965517241379,False,1
-0.77900354836014918,-0.58992465135819616,-0.21246735599194586,0.59990156437435915,-0.79979431118628508,0.021146462003217237,-0.1824050018598567,-0.11098633030228283,0.97693932758515722,-5.4087014405469143,10.906942974748738,-4.6231132224529032,0.6815159357078905,0.4797808859437613,0.3375,True,3
0.93523940424004659,-0.30058832967063243,-0.18701313542781445,0.32757189678368087,0.93511012252044612,0.13515069810155766,0.13425315338666916,-0.18765850587067973,0.97301612318610631,-3.2545489568625596,-10.704931784749654,-1.7678664565713713,,0.07953690909993477,0.1875,False,6
0.47041754301543659,-0.76708853324549076,-0.43621384364391891,0.8822417352882499,0.4194116927204386,0.21387695650760113,0.018890625688359343,-0.48545753076109338,0.87405613669171411,-15.875547688304694,-8.6660440694979748,-4.0016527403762874,,0.4011678825971415,0.4285714285714285,False,1
0.70083587432080352,-0.67575383975232661,-0.22844217063620992,0.71055551592323818,0.68952988029522255,0.14021199296464876,0.062768909947978957,-0.26058643909467827,0.96340789476934441,-2.8735901659249041,5.9923869034232995,-3.4907118396574499,0.2790378882113772,0.1849491143909813,0.3333333333333333,True,5
0.38929451338760923,-0.85876415897898073,-0.33312745473681693,0.91325457160826906,0.40698865797741585,0.018064321585398342,0.12006610380495891,-0.31126251224788948,0.94270874568247809,-23.603912613238098,6.8118437309729103,-6.7482363948418573,,0.4519230544831996,0.9473684210526315,False,5
0.11249273427118936,0.98926464009397386,0.0932783822540455,-0.98504122003076489,0.098693301154241811,0.14125660036819832,0.13053420845316499,-0.10777339266729241,0.98556872731255429,9.2710736392166151,-10.57473636236444,0.28393893242564339,,0.3135483935640481,0.3636363636363636,False,6
-0.49832458753559444,-0.82059644273900245,-0.27981079968717326,0.85788784063135426,-0.51335085298554062,-0.022346244335260119,-0.12530386408388552,-0.25118196572029944,0.95979506236619849,8.8310300093272165,-20.481019871759393,1.1919513238506503,,0.2488082411185967,0.3181818181818182,False,5
0.012264725430703935,-0.97761024413601483,-0.21006614927310541,0.99761158283048501,-0.0023182747131763218,0.069034450854691592,-0.067975777395804959,-0.21041111226043979,0.97524687004099664,-24.545027249186319,13.875684526274274,-7.6597203967342633,0.5186866948162563,0.4948964129593957,0.9629629629629629,True,5
-0.42683924196876472,-0.88488728359618352,-0.18650135882962832,0.89535451678827382,-0.44249926996515576,0.050345658672235491,-0.12707694827295521,-0.14549533123118313,0.98116387918000791,1.8119365282193771,3.6684584427228222,-2.4190657503291098,,0.08265472704008905,0.3404255319148936,False,5
0.92004892210244638,-0.35164705187814688,-0.17278406131219329,0.37121718348358129,0.92343159752780568,0.09732362186932797,0.12533069705640806,-0.15368290598714796,0.98013967411930736,-7.5216512553865726,-12.214989100449944,-2.3385813554352115,,0.1002003752572271,0.3076923076923077,True,5
0.70818664511039386,-0.640970776872685,-0.2960205041589366,0.70242108005036918,0.68196206655988412,0.20379491179674991,0.071248171823263984,-0.35225587712428408,0.93318781338123125,-7.4899877154513712,13.638198169994482,-5.21428804382876,,0.3555981606668281,0.35,False,3
-0.72351414730677777,-0.66693920776068261,-0.1780993312690981,0.67229795958249472,-0.7393320306563157,0.037464676521008891,-0.15666120192364605,-0.092629593527999404,0.98329905227996484,-13.48477249224673,-0.74298146487115235,-4.3994286723423972,,0.07729374795838317,0.3292682926829268,False,3
-0.12532016842391663,0.9871777325431077,0.098868497294389179,-0.98941160840855724,-0.131709919829021,0.060968567024542945,0.073208773603950533,-0.090181047840898088,0.99323101747666165,-22.069392396712161,11.19993607879997,-7.0343845028191074,,0.3912630116372379,0.3703703703703703,False,3
-0.79212863556175583,0.60729345310819549,-0.061048231219213156,-0.60734286532838166,-0.79419114767001231,-0.019876239516049991,-0.060554674945718728,0.02133266918395918,0.99793689608497083,-12.997553977008597,-14.658918981904478,-2.9859211377964598,,0.1775345240227106,0.25,False,2
-0.27577789861495516,0.96039831056228697,-0.039769783814138607,-0.96115310851225,-0.27502905485107626,0.023317825476699271,0.011456554139774089,0.044655392248053871,0.99893675641174295,-33.553272766639701,14.530165370609907,-9.1426264278548306,,0.342850087459424,0.2857142857142857,True,4
0.95673539128886886,0.2555508905959028,-0.13910835119063514,-0.23649646258860291,0.96151745535430178,0.13983420980599642,0.1694898647070486,-0.10088570446119147,0.98035466051677289,1.4946035348998905,-21.510179205863704,0.017094115011931157,,0.1257644576348347,0.2857142857142857,False,2
0.64093213317895203,-0.7284763965334341,-0.24192589847376939,0.7656909893577134,0.62895573736261323,0.13465507511808664,0.05406763796471966,-0.27154524509244149,0.96090575520838772,-16.972460941912733,-3.4520854900185434,-4.6779934357255923,,0.08499266508263889,0.3076923076923077,False,1
-0.94554044829575357,0.32084991502049465,-0.054850639631679896,-0.29671621170735679,-0.91887569423776772,-0.26005181839220681,-0.13383852340301022,-0.22961443894145592,0.96403550716916064,-14.760847037677779,-7.898299931576064,-3.8777853903468404,,0.4842171372154203,0.391304347826087,False,1
-0.96949676108814375,0.20782732078241717,-0.12993781195633772,-0.19826357211273216,-0.97664582279037604,-0.082791864329827478,-0.14410963261592802,-0.054504509561240783,0.98805954892647574,-7.2243151313056098,10.242806757348422,-4.7382033499819256,,0.2941344609984105,0.3846153846153846,False,1
-0.25647653570123058,0.96555744142150224,0.043801985688501188,-0.96640799995787063,-0.25695330779190162,0.0055294875194286247,0.016594102932145582,-0.040912405580221606,0.99902493002803272,12.286789090627483,-2.3166697711219824,-0.064833740886907035,,0.5117804054153551,0.2545454545454545,False,3
-0.47644266415752523,0.87815242853596431,-0.043019763212590711,-0.87780243504249245,-0.47787579088294641,-0.033130250851281184,-0.049651513611872138,0.021978187923172104,0.99852475505200333,-16.087743286275845,-19.121488766410049,-3.0936437185123058,,0.399873379628215,0.2727272727272727,False,3
0.83167769311646866,0.54206014887215881,-0.12034537704940131,-0.53123042589949787,0.83984262423633205,0.11161810388315295,0.16157490328360996,-0.02889916124258593,0.98643722005425583,-8.5312556955051182,-14.199363175620036,-2.3007326346838082,,0.09101391666212533,0.15,False,4
-0.10529845213156544,0.98973198441848742,-0.096658341583840679,-0.99354681601714923,-0.100585444119749,0.052414624041552269,0.042154007649105499,0.10155376630275631,0.99393655340209908,4.5329297619451436,-17.59761399479062,0.15770956579450843,,0.1503848248071658,0.5263157894736842,False,3
-0.48638647244529709,0.86531063118029505,-0.12110206847357871,-0.87342694051490133,-0.48524959055385802,0.040721179379924151,-0.02352825971038118,0.12558003994931738,0.99180445379183946,-3.7680995560358768,-16.262093599431175,-1.3397019724724786,,0.1198765635162468,0.4074074074074074,False,2
0.59379201748112853,-0.78418859173529076,-0.18016462629471378,0.80344205282477066,0.58997320719284396,0.080077977917211302,0.043496065665884799,-0.1923015012599025,0.98037147290441817,-27.925089734500261,12.433294029141937,-8.0443574417225268,,0.08220398036410531,0.4666666666666667,False,2
-0.38231916411479383,0.92349576774683784,-0.0314264809395364,-0.92398238549405809,-0.3824246251276977,0.0028208850826227788,-0.0094131847572825958,0.030115993253048534,0.99950208549212516,0.97320544136452125,14.352474327118262,-3.9701216685394916,,0.1301529400353484,0.2631578947368421,False,2
-0.97061406863312194,-0.15181636293670553,-0.18670865463638026,0.1558316181654284,-0.98775930715880633,-0.0069323806227421722,-0.18337076253154624,-0.035823777939030479,0.98239086945205967,2.9425176398617903,2.0453716751789872,-2.0697116036865553,,0.7160352441182388,0.5631067961165048,False,2
0.46898246902689378,0.88083990174887561,-0.064625933126492854,-0.87423040998063417,0.47337736619130999,0.10786593272609805,0.12560507159558196,0.0059107245587805279,0.99206271441106952,12.143741523101266,6.1426527200833894,-0.96732853922896622,,0.3044509226128227,0.3658536585365854,False,4
-0.58482241602759943,0.80612553280497823,-0.090246147128450999,-0.81026471916775311,-0.58577893523976743,0.01827905635873036,-0.038129077928041696,0.083813270961423422,0.99575173061717726,30.136994651022363,0.25654129325784364,2.6717694996853516,0.4474927750883831,0.3383018247107428,0.6333333333333333,True,4
-0.95800414281878621,-0.20156149867709899,-0.20396329226869245,0.22557246003549539,-0.96886756868291224,-0.10204263632422045,-0.17704555237445824,-0.14376576993674167,0.97364586774602946,-2.0132012979263632,-12.355124779203509,-1.4198807359011072,,0.4280815023658198,0.3448275862068966,True,3
-0.4167599900567287,-0.84660877656938749,-0.33100557415789866,0.90122510064377848,-0.43239471912281585,-0.02877715837800518,-0.11876206741854453,-0.31030370012358227,0.94318989871185932,3.0984666259256777,16.32358884284977,-3.8362979570797893,,0.2428835972063943,0.2857142857142857,False,2
0.022666840174902923,0.99313434160063274,0.11476233654802789,-0.99739861404348529,0.014607349247074707,0.070587747181142316,0.068426742291448336,-0.11606379660105653,0.99088191832222305,-15.412412014415226,-4.2284565250190553,-4.3132978724350108,1.396821020365984,0.7139729106318793,0.62,True,1
-0.59580685301023129,0.80040897563306568,-0.066027764100193745,-0.80171882104997971,-0.59761586475974238,-0.010109904138804235,-0.047551297356378294,0.046912151021797494,0.99776656799385366,1.2697988756645717,-4.1521033379155954,-1.7149086891986516,1.012201943244737,0.8436493760502621,0.8132118451025057,True,2
