axis_00,axis_01,axis_02,axis_10,axis_11,axis_12,axis_20,axis_21,axis_22,location_x,location_y,location_z,dbh,dbh_approximation,score,reconstructed,number_clusters
-0.77528671497720458,0.43118319762309371,-0.46153175369348026,-0.56461763781754415,-0.80063905266096824,0.200459548087599,-0.28308555711161199,0.41600259307085097,0.86417845952854966,6.2737403134588678,-10.754989610501505,6.336430297388687,,0.07982384687845687,0.2857142857142857,False,5
0.89831282191320649,0.049417949466582567,-0.43656836836496632,0.17628521463894528,0.86962154913818968,0.46117446197094958,0.40243955705923296,-0.49123948084922103,0.77248053397412875,-22.322409343062883,-7.9477986647312377,-11.545071721607014,0.3274324143385264,0.2978095121232288,0.2058823529411765,True,2
-0.46809906426570252,0.80866195502449911,-0.35629918401468585,-0.88322516362725723,-0.41526641437028233,0.21786949174139886,0.028223684542957511,0.41667691031782172,0.90861640753335282,-3.3142735350831867,20.030032224191608,-8.1081799708462494,0.8796362145411246,0.4180870736120569,0.1923076923076923,True,5
0.81970433921776564,-0.14453281995475648,-0.55425180218335079,0.46344603974269111,0.73599880998106593,0.49348102289071916,0.33660446300425395,-0.66137433852726746,0.67028458122146695,-28.221147966775909,-5.2805426166225669,-15.848908012533439,,0.2540614236833801,0.1111111111111111,False,2
-0.082847366469032943,-0.85802138242976911,-0.50688817421839127,0.93926425414769776,-0.23721214661508275,0.24801826218775483,-0.33304500409031101,-0.45555428303504381,0.82556121545219929,-7.0276003417424926,12.223316532319011,-8.2266084357535316,,0.07968992904736871,0.4210526315789473,False,5
0.2138393729921258,0.86445449000341179,-0.45496280866821975,-0.89131408593325656,0.36326391824125381,0.27129048254771898,0.39978984826443154,0.34750217325500599,0.84818059209566343,10.878863418167814,-6.1943510055239956,7.7394378670624979,0.1936474213053918,0.1646758668357909,0.6071428571428571,True,5
0.27672106969402871,-0.7645018602891952,-0.58220473649889903,0.95440662909157503,0.14806702118024873,0.25919904240730662,-0.11195282905514051,-0.62738589628168051,0.77061890790025589,-0.51238388670096757,-6.8621820985092379,0.81915421424271317,0.7005983529802746,0.6000581554612572,0.2638888888888889,True,5
0.66752411314048632,0.62856728865327138,-0.39914248334533609,-0.55238659586956618,0.77750250167860524,0.30059758579726276,0.49928008880751457,0.019824820770566076,0.86621381275166431,6.1065279562349923,-7.820044660230077,5.3009960558344824,0.5675350543198809,0.1920340020722331,0.2058823529411765,True,3
0.87075028444124503,0.055280108735746278,-0.48860828044933302,0.11445513021023353,0.94358331203181445,0.31072585412808701,0.47821957855575969,-0.3264883502259075,0.81529834530232914,-10.010296798689541,-15.305095402820614,-1.990511916191863,,0.09623129841749789,0.2916666666666667,False,3
-0.18332139144430507,-0.81451222717398331,-0.55042083828921573,0.9131946736778388,-0.34839703024081731,0.21141191377452287,-0.36396257418222439,-0.46388505160595328,0.80767685585956495,17.343133000539467,-0.87015617162948944,10.25374566720056,0.3393279583850883,0.3634990349595995,0.803921568627451,True,5
-0.80979178617383141,-0.25899487729023718,-0.52645884604858983,0.20952562974835759,-0.96578493635329776,0.15283477088546499,-0.54802944585482993,0.013457720849884558,0.83635077343515185,6.6700594455334823,8.9518751148667199,0.95226201969846169,0.2613424369813402,0.2548175649215585,0.2647058823529412,True,5
-0.26802618020733571,-0.76082154521534817,-0.59102668557316007,0.86320638477800316,-0.46207756994411897,0.20336926177037645,-0.42782789063121518,-0.45566972215703316,0.78059490153816502,7.9230373721773004,4.3335248041699517,3.0947838624466946,0.3488968667420787,0.1996018243880172,0.3333333333333333,True,5
0.33561786084891965,-0.72413129569634438,-0.60249026388177551,0.93512902513274609,0.179015081687906,0.30575694085752997,-0.11355332594634954,-0.6660236235460486,0.73723685138842332,4.3022686849513452,7.3517852432104647,-0.05244643194815847,0.4918469792293965,0.6030723306688719,0.2081218274111675,True,5
0.87074434081942265,0.016994417513133651,-0.49144224757782029,0.16878880809064636,0.92835324307531963,0.33116550897531061,0.46185996924856909,-0.37131044402888386,0.80548986521295529,1.0463443184434156,-2.3183484874920568,0.32237086587610009,0.2180053423558857,0.1777147999812161,0.4633569739952719,True,5
0.13335128847823718,-0.83336765995590123,-0.53639144027549568,0.96737329969593688,-0.008190968555883027,0.25322284073422913,-0.2154212916510117,-0.55265834959199078,0.80508534686060951,0.87311575504787653,13.659945851467889,-3.7931413460951964,,0.08920267468025284,0.2857142857142857,False,5
0.61277160471611658,-0.55944595500448968,-0.5581497862426813,0.7821389946918188,0.53033399333069653,0.32711534433650225,0.11300244880579882,-0.63699770717564752,0.76253810896037311,-11.81779075018062,-11.358148437128145,-4.2397596023519073,0.4137204143373738,0.215554863275416,0.5882352941176471,True,3
0.74307265578972304,-0.43845424032341213,-0.50556988375498479,0.61761233980114316,0.74020239676906485,0.265810852943762,0.25767814409252165,-0.5097629752735604,0.8208189100509824,9.8836839170636939,1.0011832023123064,5.0990195060011843,0.4782352712229645,0.4603699231439228,0.9171974522292994,True,5
0.44919596785076693,0.76120819450584254,-0.4677446601338886,-0.74213118226737629,0.60940538463970928,0.27904548998067158,0.49745782813524797,0.22178178867815562,0.83865877890693952,-6.1188701202921063,8.9246076340492664,-6.8698292788093154,,0.08472018949932189,0.3114754098360656,False,5
-0.81878880976675217,0.39082980663594236,-0.42051985356895766,-0.47531155585464141,-0.87230113056949465,0.11475914986711083,-0.32196864734285185,0.29384145359716307,0.89999632792368722,5.5356186638770515,9.3423769039579909,0.070095251197056965,,0.2340219830582059,0.5,False,3
0.86912347595154738,0.010462253772053086,-0.49448450410089723,0.174203756111731,0.92923439598290947,0.32584733953009759,0.46290110704821774,-0.36934263031538528,0.80579686430591679,-2.7294947049770633,6.1499867562005708,-4.0703029335737453,,0.09174751458441241,0.2063492063492063,False,5
0.85895205977179756,0.13107387519441799,-0.49499595781713701,0.090550263270931908,0.9125672923508068,0.39877510799081001,0.50398611968520679,-0.38735071469281607,0.77198278153830202,0.70570290645097866,-7.2353697701094744,1.5872567013273045,0.8005165003899021,0.7281093087703808,0.464968152866242,True,4
-0.36053829519267055,-0.73181149265632639,-0.57832869279993526,0.79205590962933847,-0.567656881733546,0.22452861875891866,-0.49260488600987667,-0.3771174934110933,0.78429766188771088,-7.9467000141615483,-4.3125226710974527,-4.4142469150029777,,0.1587628690887909,0.3571428571428572,False,4
0.72158949536863948,-0.45300046213821082,-0.52354482279571735,0.66678510147074821,0.65822585051255234,0.34948012557750718,0.18629607787142394,-0.60127307524916973,0.77702281842306908,-13.629942563925049,-2.0940487085119019,-8.3225291089967079,0.3514844630260864,0.4071738736697045,0.6666666666666666,True,3
0.8671917988195067,0.077070066671443768,-0.4919741750167862,0.081987680197618623,0.95237160683658129,0.2937113256027441,0.4911785870291997,-0.29503987410986909,0.81957005089817159,-12.184240650570406,0.52011972004766105,-8.1481040199323793,0.3940855937464216,0.4115115750202764,0.6936936936936937,True,3
-0.092597982962168465,0.90494022890365822,-0.41534178174502623,-0.96636127842986119,0.018842055042547518,0.25649728363703606,0.23994060328077549,0.42512134629252446,0.87275446021414838,-5.7725829251278453,-12.241284970224841,-0.5361715108074363,,0.0851215557308076,0.2777777777777778,False,1
-0.02662417799006048,0.8783169892897188,-0.47733679878194907,-0.96059302817318326,0.10968465314921373,0.25540225349164664,0.27668065955434662,0.46532627605646981,0.84078491270954137,7.5881983839025873,-6.6450565028438726,5.8396142310124128,,0.07267127792985296,0.2631578947368421,False,5
0.83739324540122417,-0.20063582688240417,-0.50844647459454384,0.43284605240355584,0.81144705975975628,0.39268048605183559,0.33379162283536157,-0.54890703600742952,0.76634471248027503,10.210059030443894,-9.8411244087273122,8.4568809610927342,,0.3496447104710256,0.391304347826087,False,3
0.051349806421049943,0.94558619601912719,-0.32129416938157768,-0.95524009053734327,0.14035857695144655,0.26041474479447835,0.29134098031469779,0.29354082471479503,0.910469229252164,5.7754295216975748,16.174117382857492,-1.4411795085383177,,0.1864302810387851,0.1764705882352941,False,4
-0.86800462130038603,0.10587346061498298,-0.48513790589747069,-0.19781754830891288,-0.96985838506059996,0.14227765287879163,-0.45545163846694681,0.21946645134292081,0.86278518864936538,-6.4254529894623555,15.245935528258684,-8.5441462184247605,,0.08161414146713333,0.2352941176470588,False,5
-0.68720477908776378,-0.46662682709209008,-0.55678451472441914,0.4837566181602162,-0.86572241476663292,0.12846880927610696,-0.54196782744470062,-0.18106381418880702,0.82066239660793083,-13.287891202543481,6.1612705456411918,-10.397237175854924,0.260804737982949,0.2195548728994044,0.2222222222222222,True,5
-0.87724959103906519,0.064930688596225236,-0.47562291860276718,-0.16899996923711791,-0.96915122011922672,0.17940156894316389,-0.44930186447381626,0.23776021159949301,0.86116079587990912,14.846345263737929,4.9969693214048325,7.0770803231740116,0.5941578377493584,0.4378543735710513,0.3214285714285715,True,7
0.079014288582072767,-0.86136774723636689,-0.50179910942608952,0.96593027313649682,-0.058288547307225547,0.25215303426940328,-0.2464456322159565,-0.50462664344420116,0.8274155552610295,7.9143973251794248,15.174895983137754,0.07449165545361229,,0.0714400106608041,0.3157894736842105,False,2
-0.39404448979507617,-0.75936617183856037,-0.51777597195060099,0.78843745812524668,-0.568798325411489,0.23416840016126575,-0.47232966737982818,-0.31596120343538542,0.82284458024375751,7.9105774674156102,9.2769938886538181,1.6090001097843836,,0.07233115372406328,0.3333333333333333,False,3
0.79749062675517746,0.40467686186919422,-0.44748780732589222,-0.22470758933431981,0.88755645295041974,0.40218160341023446,0.55992428017830465,-0.22018215253232842,0.79875191403403678,4.9939439580619496,12.85112044618991,-1.0733495870188547,,0.4108589004223551,0.6153846153846154,False,5
-0.23198681908756089,-0.80930965215482953,-0.53962950502975948,0.88360181142371419,-0.40729945057530442,0.23098700485045678,-0.40673081346065387,-0.42323166763615755,0.80959557860178011,-2.8440867413356052,3.2612996962911311,-3.5399181331553469,0.6051697680260159,0.6794636501531249,0.6105173150919196,True,5
0.75049941552422839,-0.33982994530323024,-0.56680352466529116,0.60520966766715745,0.69792852681254935,0.38290603236757115,0.26546541292605813,-0.63040572628781699,0.72946331971081979,6.7908671208723916,14.184072776653105,-0.29078384138865465,,0.2867466441468011,0.2173913043478261,False,5
0.8616481750368592,-0.028115038138601917,-0.50672671834640381,0.2868281240824786,0.85068423122373249,0.44052918857053458,0.41867893389920735,-0.52492464542803896,0.74105469901436516,-8.0637021410180694,10.480926179297997,-8.4846555564990229,,0.2696160461627933,0.2727272727272727,False,5
-0.32986394736114572,0.87394651471254958,-0.35694154374786824,-0.93950353620248339,-0.26693603956343426,0.21465846418256607,0.092319454582188043,0.40615593089843782,0.90912841672762112,5.3450506333693877,-7.406076078198482,4.6207478968186804,0.2027197062805767,0.1163232771616724,0.25,True,5
-0.45568346876086946,0.76198642433151065,-0.46014048445289196,-0.89010376759278897,-0.38527729097059055,0.24346805125002832,0.0082376704950647694,0.52051714495955193,0.85381147953630443,3.4313060465714185,-13.106749910309295,5.2898622158927076,0.3418022476075062,0.3160626254050491,0.8279569892473119,True,5
0.81024306798347956,0.37300502620147064,-0.45207678685502017,-0.22617948941499846,0.91058576126637047,0.34594278420992652,0.54069308239766622,-0.17804724599775618,0.8221618872460128,16.904663127817354,-2.9351466482054116,10.676716454807044,,0.1457736028824899,0.2352941176470588,False,5
-0.056864252853287736,-0.69294746373020599,-0.71874214378823886,0.94448729637564,-0.27066919560811042,0.18623086085258,-0.32358956060489952,-0.66825294541717839,0.66987147812755454,1.3596176079282327,9.0513727957115133,-2.4190429777464724,0.2761396030328285,0.1207970125099736,0.3684210526315789,True,5
0.73323252428218677,0.54660399324700182,-0.40446772417734855,-0.41348981615175584,0.83062888431028781,0.37293676204985932,0.53981129783801229,-0.10620607852603287,0.83505929826004732,-7.9464513864077411,4.9048802754177068,-6.9863068566318054,,0.1445906656784172,0.2083333333333333,False,2
0.77030331245932793,-0.38774530273245023,-0.50624735754679195,0.60421317253391016,0.6976104894480174,0.38505330429514129,0.20386085683793301,-0.60248915776221224,0.77165249032727545,3.9655965358507501,13.196077264029967,-1.7571390132138822,0.6658407185906556,0.3713516792222378,0.8714285714285714,True,6
0.58181386336690921,-0.60708499410567829,-0.54123972352903038,0.8066242056713816,0.515932423748514,0.28839404458136364,0.10416342553451816,-0.60436871531929381,0.78986608784288403,6.8012454108690772,-12.810171953241005,7.2909699382672244,,0.2147548725876383,0.3714285714285714,False,5
0.85939374071644337,-0.078766182685665015,-0.50521113099626747,0.2878970596505192,0.89109700349858512,0.35080110233639328,0.42256086125194375,-0.4469250707008634,0.78847973957296125,8.4181236094689957,12.329829042276945,1.2166760895476219,,0.1246119063466822,0.391304347826087,False,5
0.254639992855693,-0.79876988634716617,-0.54509186629722139,0.95619961079133442,0.12382769959997951,0.26523386875411953,-0.14436335532590283,-0.58875578084356195,0.79531493897847472,8.6792082103612351,-4.5929176091816624,5.8875843910768069,0.08637901945680934,0.1345335626714473,0.4098360655737705,True,5
0.10202652430960532,-0.78878904794836191,-0.6061372997712805,0.9659275742469372,-0.06713565948130229,0.24995344473609252,-0.23785396706115658,-0.61098661283429778,0.75506347368320159,7.1445540917180397,-7.50111492735107,5.6950949136518236,0.2758876363888509,0.2897810509695375,0.6265060240963856,True,6
0.8672369924676655,0.049474433249365457,-0.49543140731113516,0.22063979390930843,0.85382549946205932,0.47148711309220592,0.44633852650123734,-0.51820294955067447,0.72955302948975898,-15.450545401884412,0.83714571127843374,-10.240025317889717,,0.1593748315691933,0.125,False,1
0.23846498015444062,0.91272699143492497,-0.33175878638868539,-0.87692249309151538,0.34916438481710332,0.3302895297847861,0.41730252137999779,0.21216425589963295,0.88365430693708069,16.812035910247644,2.099043629549104,9.0740586993268053,,0.2957079149185586,0.2857142857142857,False,3
0.48122329492460497,0.75606960467483453,-0.44360217910730176,-0.72505830282971517,0.62771239773883569,0.28331537766710596,0.49266073308068703,0.18529948357132997,0.85026437269157584,-6.968630933997928,9.6696695219605058,-7.571239282294191,,0.0872592399782658,0.2982456140350877,False,5
-0.68318363772523794,-0.3673470190920467,-0.63112303452551877,0.47875078706898411,-0.87792094211958849,-0.0072459139301343789,-0.55141436418118439,-0.30710093935389093,0.77564889739019094,8.8608259579187685,-2.1849747202594529,5.2902301123595539,,0.1049914486267491,0.2285714285714286,False,5
-0.59121633949423025,-0.57653623829773604,-0.56397624581584915,0.59741970773368247,-0.78282727736243418,0.17398605297183967,-0.54180525350576314,-0.23406712658298379,0.80725438836016306,-10.85340459620047,5.6202748760437737,-8.9294619944936642,0.6391033320534983,0.5465630981824617,0.575,True,3
-0.5682960152055464,0.71674457018874538,-0.40412480770975912,-0.81788294511759307,-0.54580236107242908,0.18211883684434074,-0.090039586778656561,0.43402419719724633,0.89639046685025425,17.820109996374054,12.952526645147859,6.8394918087268675,0.3710450106755115,0.3555793077575953,0.5,True,5
-0.048646633742698495,-0.79702000436620335,-0.60199054615965641,0.95237972298764395,-0.21864794241007235,0.21252280000466006,-0.30100891725575657,-0.56298507077891446,0.76970217734691271,-1.1843948143716927,8.1537977146063625,-3.7124130944624327,0.6046029647805844,0.3061571627235281,0.2258064516129032,True,5
0.20734927663430611,-0.7761013955878141,-0.59554420595441848,0.96604457453210191,0.066512563533488431,0.24966769696797991,-0.15415627621450051,-0.627090665421558,0.76353987443016214,-16.16489179669702,-15.332135145292879,-5.6507408885354025,,0.2159870625042081,0.3333333333333333,True,4
0.82800495419359477,-0.19833138316018567,-0.52447350579856056,0.43793442741394722,0.81287377867251487,0.38399174109905987,0.35017314733783222,-0.54763206845512358,0.75991965659738125,7.6955645635080474,-4.9305904105589375,5.2993177334940018,0.8286712111185441,0.7957342348850324,0.921875,True,3
-0.82123446130855338,0.34004577358753996,-0.45819518922016322,-0.46239058121747917,-0.86711207549028402,0.18523390332305034,-0.33431857555423294,0.36398560466615015,0.86933628109909533,-11.013184623734748,-0.48503763541956257,-7.2445127824835849,,0.0786632038050135,0.196078431372549,False,4
0.73427389157438461,-0.33900126592752244,-0.58814963559603251,0.64743830621619769,0.61021812075107895,0.45657144539592309,0.20412126737826614,-0.71603909586457526,0.66754963965036462,-1.7173695092143968,18.117211769258631,-6.6237378530069559,,0.3517618046565247,0.2253521126760563,False,3
0.8710464631879925,0.15566715755748894,-0.4658817393133825,0.020960089143620162,0.93581207311546566,0.35187560085124803,0.49075323089184253,-0.31626492039002257,0.81187299899670995,7.0772337261745939,4.8793327533387343,2.3149378381095334,0.378786410344764,0.1340347490134103,0.2978723404255319,True,5
-0.5614844550326199,0.70685091587347459,-0.43022899656526276,-0.82344417999451991,-0.52861749550500048,0.20616310503864158,-0.081699995042075396,0.47002694196700223,0.87886277918414202,-8.8826602811920701,2.8014127777231312,-7.0598088048777141,,0.06417040383327971,0.1891891891891892,False,2
0.28451811017342465,0.87159831726338721,-0.39920648582779306,-0.85999055204194041,0.41606314165730574,0.29547878528390548,0.42363391670396577,0.25924474054045082,0.86794381679932087,3.9203143368470177,-3.4474588242114055,2.3839194815767133,0.9267915248862435,0.8196807324478396,0.8695652173913043,True,5
-0.85531476486151703,0.13238998736403501,-0.50090871848635299,-0.18485954768739918,-0.98114896469177504,0.056335217342883742,-0.48400785183579409,0.14078210230711291,0.86366474921192149,2.513286390375431,15.478931516141326,-3.2321260318082481,,0.6193419059170227,0.2894736842105263,False,5
0.86638090200221107,0.19677817553474125,-0.45897982774742302,0.048595447847082453,0.8815094647471905,0.46965896777306781,0.49701369708930254,-0.42920789041482066,0.75416044162451445,-11.649669695268031,-25.056310213972655,-0.10776106587548361,,0.2955045244814889,0.25,False,2
-0.44073925423251559,0.75472059501815103,-0.48594828246842792,-0.89761081305534252,-0.36656947954557639,0.24478898045421288,0.0066134759917717834,0.54408054561906016,0.83900692596317272,-9.4655518555221629,-6.0210567263094843,-4.6717808894176258,0.1926710552078037,0.1534142710217382,0.5524475524475524,True,4
0.83301596594123684,0.27003602096929502,-0.48287156456563018,-0.12789694191179624,0.94314332629344733,0.30679478209015121,0.53826273578671568,-0.19380715530445003,0.82019023026136939,4.502846150307616,11.507241789556549,-0.95070398604645501,,0.0754618237025572,0.4333333333333333,False,5
0.044111190071857174,-0.8424763441316051,-0.53692440109301309,0.96292074543228157,-0.10732863366616345,0.24751606495638714,-0.26615379186963406,-0.52793387272839465,0.80650355554046738,5.9089287371533539,5.1593177704234057,1.4579475327008389,,0.08971480690708274,0.3285714285714286,False,5
-0.87175611983191281,0.15625431034135118,-0.46435531442566397,-0.2236737935493191,-0.9701735145069591,0.09345258599135936,-0.43590285800263467,0.18533197848446065,0.8807046929227591,11.292273588543466,8.9778392669728539,3.849399948762382,,0.1303913515968951,0.1666666666666667,False,5
0.8510047392623733,-0.16005458640447084,-0.50017343304485407,0.34649483175833695,0.88682456375829055,0.30575075581211608,0.39462927579912638,-0.43350285176202963,0.81014999364095919,-9.9669670350425825,-9.4827587981500567,-3.9309045843497081,0.3969776652160772,0.2308722141035359,0.3544303797468354,True,5
-0.059855506674806186,-0.78135477538623199,-0.62121013618729248,0.94976957151346664,-0.23608380969978437,0.20543173032606965,-0.30717271908134886,-0.57771026456067753,0.75623790626588128,-0.11560510055541591,9.0570324663251949,-3.178426488619956,0.3548075251367775,0.3018032125559665,0.2455089820359281,True,5
-0.81691503758171136,0.31781036093590631,-0.48129657785471636,-0.46772146033912071,-0.85331543542499166,0.23041137819929403,-0.33747067563139826,0.41333925793135917,0.84573293712710629,12.37972988272668,-3.0309051850545128,7.814838940924731,0.7205740072213764,0.6125929897813658,0.9642857142857143,True,5
-0.65323939995711533,-0.4974070042225206,-0.57084547689724785,0.5223671114755658,-0.84184170016787774,0.13577611243194387,-0.5480975161340752,-0.20949659665215417,0.80975322709997455,-5.1378647078736881,18.641179115859682,-8.777854500723457,0.3345120047793562,0.3165231687890523,0.25,True,5
-0.015881401561391589,0.97083443187505947,-0.23922434443483792,-0.96215062249499983,0.050260230421582591,0.26784340363439046,0.27205506927262252,0.23442358056262499,0.93329075006627393,-0.48574226930517844,18.105935573927866,-5.8879621812746867,,0.3968309271980035,0.4651162790697674,False,3
-0.70634527464578456,0.61772111302241839,-0.34568335151105539,-0.69957455085846321,-0.68370363261829703,0.20771324111795159,-0.10803610867090113,0.38854854171762038,0.91507280035653993,-3.8388629763462778,15.444373890929203,-7.0685772475418656,,0.1607961447520621,0.2941176470588235,False,2
0.58561165713151242,0.69918064071255337,-0.41012853922211706,-0.60334291003897289,0.71386578695038239,0.35548976233840451,0.5413282922011261,0.039269197528024491,0.83989380887593024,0.83387809865671436,-15.477986651712666,4.4727261446435715,,0.1210581968160837,0.3157894736842105,False,5
-0.86809974524756528,0.076072004756766565,-0.49052612814548519,-0.21372752226869599,-0.94917931296578295,0.2310393431056503,-0.44802162729716349,0.305404128868771,0.84024100087053055,-1.0151806917332096,4.6820977541788498,-2.5525219273536401,,0.07232775698206004,0.3294573643410852,False,5
0.85928926284981866,-0.054647976753511379,-0.50856224927511418,0.27101276900616139,0.89188120819644501,0.36207732530726439,0.43379032007022561,-0.44895602134596363,0.78119424544128202,-7.9099920771793908,-12.047975838979719,-1.9428158433841889,,0.4845378709563415,0.6229508196721312,False,3
0.63768470985625114,0.64717335376690155,-0.41776172753095647,-0.53198563730841808,0.76223344878387356,0.3687701875865208,0.55709020141544818,-0.012915871211124419,0.83035154468318573,4.2241732999664503,-16.7133245750626,6.8245176931468396,,0.2615162737630792,0.5333333333333333,False,4
0.049327742794190631,0.92814506746636261,-0.3689356414453504,-0.94696644623594151,0.16089256154436699,0.27815127780214205,0.31752373689868063,0.33564909857998138,0.88685870302339831,-10.179999626033492,-1.2031584208777906,-6.4653468973696055,,0.1351759075292612,0.2745098039215687,False,3
-0.28031903859829838,-0.76416346030104665,-0.58092636585031887,0.85963483204002245,-0.46914407007241887,0.20231608205827328,-0.42714071702759782,-0.44267148931980937,0.78841154253380508,6.3883665969237553,17.456112750558201,-1.4221935315999588,,0.1714819497467545,0.1,False,4
0.78166526960622729,0.40232454839423792,-0.47658615595797288,-0.28690108651588114,0.91042770546575469,0.29800865704936852,0.5537934387905219,-0.096209931294714751,0.82707706791618607,-10.261441946072118,3.6000816721628288,-7.9748132985245412,0.1639024116904558,0.182682542143094,0.9019607843137255,True,5
-0.81799380462889548,-0.22986748798594403,-0.52730169121270209,0.20265769568165612,-0.97307284377285341,0.10981392941158663,-0.53834560829428635,-0.01703463174957362,0.8425519730861778,2.5447655693811786,7.3670944222094299,-1.1003422004121486,0.1862794898925623,0.1438644279340787,0.2647058823529412,True,9
0.34564200896129288,-0.7565592777849236,-0.5551122957012915,0.93126411031973133,0.20391862654308418,0.30193434812750736,-0.11523349544122274,-0.62131735284501621,0.77503934647349415,2.4267333729538927,5.683333204301789,-0.89014873557261243,,0.1354609007867047,0.3368421052631579,False,5
0.1663816082651384,-0.7820823361862107,-0.60055339467579794,0.96613737994448434,0.0074838135239815654,0.25791966890709372,-0.19721998759028614,-0.62313017256481573,0.75684414811388367,-23.821460585892559,-8.6229571386511061,-12.312507243176004,,0.428383263826859,0.5686274509803921,False,2
0.65470989224626708,-0.49364328343905572,-0.57242577310109699,0.7403398253334319,0.57155278945222876,0.35387052984762513,0.1524857371039805,-0.65547213333968912,0.73966504743361494,1.8851901995008578,-8.5317468201221054,2.7910107555964929,,0.1798884831381774,0.2352941176470588,False,3
0.86286419359740241,0.1645428772937346,-0.47790273585678872,0.019672307158704935,0.93387643689808131,0.35705433891439736,0.50505285242096998,-0.31749085362958535,0.80257160062077915,-21.50471950608981,-9.0750222742827855,-10.727895238850454,,0.09800687202375645,0.2666666666666667,False,1
-0.29890733805593461,-0.78071929296626208,-0.548754762026331,0.83866876287288528,-0.48927085615340599,0.23926707985048271,-0.45529013764585252,-0.388704791466703,0.80101153278417148,-5.8293701580526704,11.601574051159885,-7.2444367857423293,0.342637539178881,0.1048141904731279,0.2413793103448276,True,5
-0.14057628319365065,0.90583643022247451,-0.39962316034642231,-0.96705435054838218,-0.039102083041488683,0.25154902143968405,0.2122361696057122,0.42181914226789224,0.88148988623096236,-5.6214642708618943,10.483863929168217,-6.9381218359908674,,0.07484997064522567,0.2352941176470588,False,5
-0.40495254794382585,0.81917320480540456,-0.4061633839265254,-0.91432644622137527,-0.36500470733324836,0.17543863133517679,-0.0045369212020724969,0.44241024417774533,0.89680131143558994,-16.576016725008763,0.82940739928850526,-10.917004238037876,0.6058916141375582,0.445398654320508,0.9176470588235294,True,3
0.62126776987078469,0.70548398309533655,-0.3410552854241109,-0.56695891306363999,0.70514117352651351,0.42583273276645628,0.5409102966458289,-0.071191818305134824,0.83806191656042406,-19.315172049235201,-11.417869386481772,-8.788624911380218,,0.2699235439197862,0.25,False,1
0.58011052187248413,-0.53189066324340084,-0.61689878000149279,0.81106448785045071,0.44706156266787145,0.37724044816648133,0.07514106041786317,-0.71918584631474558,0.69074274480433251,2.3563131595700422,8.908755623927803,-1.6884005798286033,,0.1212237968339199,0.4848484848484849,False,4
-0.6871144937399063,0.61010138862094465,-0.39452499045731898,-0.69998999984284105,-0.70137195435716548,0.13450420722501474,-0.19464755999645095,0.36858333826151879,0.90898770626638481,10.269480627264224,-4.3406501993504758,6.8078435267743869,0.7219614916050887,0.75791981699048,0.4757281553398058,True,5
-0.84783417651091897,-0.16594529682097556,-0.50362621814501773,0.094131118551617834,-0.98178577398762357,0.16503341030151086,-0.52183957463982744,0.092514066273858372,0.84801214960706972,19.60408053011049,-6.7785484468817501,13.496315309507368,0.1884576345735745,0.1773266976719715,0.5263157894736842,True,4
-0.24908498475567234,-0.78080513737488999,-0.57297470085357727,0.88825832319149656,-0.41994634804077191,0.1861241952252583,-0.38594536096486198,-0.46258880468100255,0.79815899176386185,11.260328134947812,10.237316035659822,3.4749118532947145,0.6829757948259213,0.3028715865495978,0.7619047619047619,True,4
0.85488182748667418,-0.144714512341273,-0.49823164386745961,0.31819058727039617,0.90474769606791206,0.28317195594254152,0.40979484038426317,-0.40061117854801798,0.81949915949731378,-0.95289558474827252,-4.9430438335410143,0.0051288205618652679,0.1304435713733548,0.08904341136834013,0.368,True,5
0.88263896115181983,0.0095093208337816496,-0.4699553564692277,0.15268098240344039,0.93978316632874059,0.30577134904606301,0.44456381079565943,-0.34163895138348793,0.82803734518947525,-14.983283427184892,-0.86383229982807053,-9.3838383587009311,0.3759893137676236,0.402358126996854,0.6329113924050633,True,3
-0.83441887531179038,-0.16405630053845222,-0.52614700491121669,0.1338806725306812,-0.98640959694113128,0.095247428233877135,-0.5346223957581081,0.0090353370757349782,0.84504275432535891,-8.3702027585584009,-22.023514653285595,0.990797189215049,,0.2560611326634394,0.5,False,3
0.86643134443541747,-0.080207466168702668,-0.49281181778710553,0.24596068371752128,0.92750981096160035,0.28147627366296007,0.4345112972582465,-0.36509219786346109,0.82335145570660362,-6.8253895085090868,-8.8905700256951068,-2.2626207055057419,,0.07836723116646217,0.3333333333333333,False,3
0.86473622706909015,-0.016502381632369858,-0.50195510655314091,0.19506176266249639,0.93203154002398614,0.30539829264014706,0.46279819180860604,-0.36200121519267953,0.80918042107907462,8.0704273032691436,5.5249249993538196,2.8706793414775533,,0.09344545569959993,0.1714285714285714,False,5
-0.85668240078129909,0.21684644323132815,-0.46805222384848566,-0.30882242182765718,-0.94237999350717883,0.12864159363872549,-0.41318757963918873,0.25475001058946556,0.87428739904940711,-5.861916140234837,-0.84484315530532106,-4.2264576955283975,,0.4717785318998062,0.2758037225042301,False,1
0.22985066237740309,0.8763216457461378,-0.42335451598093266,-0.88451725953521665,0.36954799184668818,0.28471652447020029,0.40595306451482671,0.30902209454804491,0.86006247127296509,-3.423289722249089,-2.3500911298209979,-2.3104559432547083,,0.4197019490778752,0.3063763608087092,False,1
0.19144584174024792,0.85405604345359887,-0.4836700986424039,-0.90140270400215872,0.34797506895942959,0.2576558103367303,0.38835763787772337,0.38665440127207262,0.83646680692001785,0.78406257401297275,22.676775499653701,-6.3117941761126994,,0.09913707095092605,0.45,False,1
-0.6637146716113248,0.64809231475269413,-0.37344234661640463,-0.72829752479173304,-0.67373429233638915,0.12515917350406283,-0.1704862166572618,0.35504711643453762,0.91917136326226667,1.8689909104801421,-7.5015258438406276,2.3547308069991755,,0.07998716892311837,0.4444444444444444,False,5
0.79807935027459642,-0.31143291224683994,-0.51582835501233482,0.51220879422055099,0.80151926655565664,0.30855958332745465,0.31735075514075645,-0.51046685152861315,0.79919465194785788,-5.6752463236893576,4.5186919738047715,-5.5191262758218711,0.7346272298055218,0.4705808538413718,0.8558106169296987,True,5
0.089748578627563066,-0.79807286946291733,-0.59583964928624833,0.96484739784611528,-0.078705144103952449,0.25074887668972329,-0.24701152099429322,-0.59739869042273896,0.76295485657887019,1.4611809779933069,15.79403205124807,-3.9467509516350754,,0.116943983207115,0.1428571428571428,False,5
-0.74447611188518481,0.47653102459204472,-0.4676253857882115,-0.61304094236963214,-0.76533387394016739,0.19607361979187463,-0.26445438512316433,0.43264563328547678,0.86190581514927589,11.865372490463315,-5.2042053426842747,8.1087659272739394,0.526708605655654,0.1866619512891662,0.1428571428571428,True,5
-0.039133142737324822,-0.85427522482505336,-0.51834586656942194,0.94970021652881209,-0.19309770764910789,0.24654162736906557,-0.31070580275338877,-0.48262523302326876,0.81886188614723543,6.6949100365178653,-5.5909662316734243,4.9721971054078704,,0.0817739426364253,0.4594594594594595,False,3
0.64054750345169142,0.61091479658536596,-0.46527626968809388,-0.53951112764941089,0.78918205775556605,0.29346110961957594,0.54646741802624232,0.063045943800952381,0.83510392766767716,-3.7454719376724324,3.9342553102126305,-4.219388645637479,0.1363084229407714,0.1068646610310623,0.5875251509054326,True,5
0.73997856003322493,-0.36888522939796575,-0.56245481438349021,0.62540321494369155,0.68513033975583471,0.37345312461425467,0.24759351653314896,-0.62810835456795644,0.73768377065832536,-1.4248326355681653,-10.543334134842727,1.4904209045471102,0.4280726312559833,0.4863971851211157,0.2,True,4
0.55825412570116717,-0.65833807627779517,-0.50491911080932284,0.82556015977729091,0.50127665292600498,0.25917588587635848,0.082478807739436666,-0.56152710936708417,0.8233374470529855,-10.321205998985198,-7.4747071931001354,-4.8301537978239351,,0.07546393159801146,0.4166666666666667,False,3
0.15818197860511635,0.92535352286206995,-0.34452767576978205,-0.92081297003871843,0.26421346881480096,0.28687055810125467,0.35648553386223925,0.27186779990209886,0.89387133499365978,-4.7458297981559632,-5.9583118039530536,-1.9809785243121896,0.4200768118119322,0.2293514526553586,0.2413793103448276,True,4
0.86935901839600527,0.065910694120796615,-0.48976594158235365,0.16075060578612635,0.89945023753568254,0.40638468590289878,0.46730518922105718,-0.43202436343048894,0.77134999159237261,-7.0704722211763293,-15.00873238955498,-0.63145950998164535,,0.09231154242394052,0.3333333333333333,False,2
-0.078674716273731418,-0.85007399221312707,-0.52075377750150309,0.93913111698914686,-0.23843971450732337,0.24734439077606743,-0.33442941575460389,-0.46959632697509801,0.81709011471779047,8.5163730056979112,10.99107792033039,1.6554000301912231,,0.07621396930655981,0.2857142857142857,False,5
0.87228523139756498,0.045195418494691039,-0.48690435326949622,0.17943620148306985,0.89667654366652449,0.40468978938883915,0.45488583697783302,-0.44037319421752463,0.77404801216179797,-1.9524831414156267,-1.6393439202333657,-1.7616555557791438,,0.1236230487271589,0.2268041237113402,False,5
0.60343307386935774,0.64881129960375972,-0.46358647830481353,-0.55477777749908597,0.75918490603222533,0.34038198548985593,0.57279153533703142,0.051789728318673678,0.81806337229271264,5.4232281799264772,14.485212586345964,-1.1908249363828751,,0.5021842999746359,0.2058823529411765,False,5
0.18595858217932409,-0.83274693511707842,-0.52149012240594672,0.96484286637424577,0.054435346809247345,0.257128443048387,-0.18573542720920588,-0.55097126519526474,0.81359265975581696,6.6893588400676789,3.5955811425670956,2.3917002100191049,,0.1826460176767613,0.5,False,5
0.28099033235360144,0.86809817694996727,-0.40920653501619242,-0.85876789914098373,0.41778430815618761,0.29660405806974249,0.42844151121103591,0.2680705635361727,0.86288819926836713,-5.4532053830910598,8.3822245309975045,-6.3287446061387937,,0.1031027155707118,0.2073170731707317,False,5
0.86827422031682144,0.039279636315909819,-0.49452703515996604,0.19499554331829791,0.88959874939058148,0.41302639524456014,0.45615415861221531,-0.45505073920784239,0.76475630649716053,7.5094204127695896,10.394258090315928,1.1377727251886807,,0.1573524021584192,0.1785714285714286,False,4
0.77690006767282738,0.44200695849428051,-0.4483928338996872,-0.27390531662630657,0.87850425751845518,0.39141556822102946,0.56692341843832827,-0.18127360029685521,0.80357807303436124,2.8660282830500212,-11.681955072040724,4.4960076371742188,,0.2019859596549109,0.1818181818181818,False,3
0.85728918299827206,-0.1396042127838753,-0.49554608311150211,0.30464339881826447,0.91348964642147468,0.26968326873802767,0.41502729581391756,-0.38216139215489309,0.8256542945298736,-9.177640572516891,-2.4173161217240859,-5.5087888097913584,,0.1017508614827857,0.5416666666666666,False,2
0.74754690245511723,0.50154502840078885,-0.43546092030882955,-0.36586673467421554,0.85811116535664322,0.36025929599261153,0.55436013663374828,-0.10999005580831775,0.82497698545759246,-20.630349324565614,-9.2368213682261793,-10.261114042199271,,0.1330070693878292,0.2222222222222222,False,1
0.36964609059570908,0.80488872253908106,-0.46423691369463005,-0.80549306011677901,0.52664162823863403,0.2717158911618302,0.46318754064743162,0.27350089531035676,0.8430032991948595,1.3468323756518008,-12.296376839687195,3.5920602932732923,,0.07644774342173631,0.375,False,5
0.8631406496785694,-0.098195939718815184,-0.49532391048201735,0.29778927787028925,0.89117140389340099,0.34225001806889321,0.40781094254317196,-0.44291205256281413,0.79844796251017269,-2.911485329023467,-8.2839499146845448,-0.13956633115418154,0.4291955741826724,0.3585306030962614,0.3076923076923077,True,5
0.8619278660884947,-0.071589574259729422,-0.50195147825008579,0.27340537771325485,0.89934633885327153,0.34121204877420497,0.42700099894216653,-0.43133640658832489,0.7947446453131124,-0.24792764895778929,-2.2727192362335242,-0.46569801471697286,,0.1097599811583902,0.4336043360433605,True,5
0.84427708771601728,-0.16926201211640277,-0.50847474904076484,0.36333283119675686,0.87824338039507799,0.31093056872359276,0.39393584875244714,-0.44725712520488115,0.80297920958213853,12.844368743170104,-9.3877457207207655,9.7931594835220039,0.3693719485714052,0.279945678799258,0.6363636363636364,True,5
-0.32429313738870857,0.83406426660838773,-0.44628551422783147,-0.94155683376844679,-0.23915442633663578,0.23722539734929676,0.091130070923517131,0.49713374410776673,0.86287504926429992,10.620909616760029,-14.343731742072464,10.00601467329323,,0.1237833867686343,0.3103448275862069,False,2
0.78329011514195224,0.40314632565350889,-0.47321204087911972,-0.28236057495584832,0.90888242850058343,0.30692871627380147,0.55383129311326329,-0.10679780557181895,0.82575125037358199,-0.15189253720620438,-10.247940726353812,2.0497319692180191,0.3051399762286805,0.2661827530123465,0.5348837209302325,True,5
-0.12768630473228249,-0.83017751991546118,-0.54267991764098722,0.92590796124385699,-0.29590337267250344,0.23480979823312642,-0.35551463386063131,-0.47248966069962989,0.80645078314977769,-0.2155727217173567,3.2347801791753787,-1.9576608534218354,,0.07763701942828302,0.3358208955223881,False,5
0.22828757690919779,-0.80624050350828902,-0.54576646354611102,0.96138111647129243,0.098165083398462874,0.25711858216353151,-0.15372420473477491,-0.58338655015698992,0.79751426443330009,5.8254857623153349,-9.7193497980130594,5.6878085518810435,,0.07080706300587056,0.3870967741935484,False,5
-0.86738212120155234,0.088592569277509539,-0.48969338620069991,-0.080627922768042398,-0.99604295147600186,-0.037384179609667501,-0.49106760623157453,0.007056591513398029,0.87109288289263775,-8.167889556978178,9.2269138472039032,-8.1707884349738418,,0.266055836446641,0.2380952380952381,False,3
0.42882534446265697,-0.72395027888188335,-0.54037470115960051,0.90309995181737313,0.32845083612517328,0.27664151039953067,-0.02278817618728432,-0.6066432575703109,0.79464750491682767,3.0942657979903228,17.868131418693945,-3.6272661687943448,,0.08790769938203859,0.3125,False,3
-0.35310044698183707,-0.72055728361642224,-0.59675562449678821,0.80473001002213351,-0.55925219308225882,0.19911452860718737,-0.47721031559576066,-0.40991973063028875,0.77732626941908245,11.806044942822172,11.610532719592744,3.4628809863703904,0.3819920099059259,0.2070722680671808,0.1875,True,4
-0.76121857085193378,-0.38707709710639598,-0.52030530295762656,0.33882724368784944,-0.92149911962129916,0.18983011213205186,-0.55293976735720185,-0.031791405015481083,0.83261450878669385,-6.3997172643860303,6.2176411214440064,-6.414534100675942,,0.09752799791546486,0.5,False,5
0.30614139561145615,0.82825198705830072,-0.46933579857821089,-0.84456532587715816,0.46379874125363085,0.26758202095349665,0.4393026931616511,0.31446680833678547,0.84150090328852079,-1.8779186921181177,4.0483019327181493,-3.1695432301471476,,0.07086915900041339,0.3285302593659942,False,5
0.30742491385622334,-0.76036651924092535,-0.57212994918806148,0.94537298125257407,0.17553242877744524,0.27469672871206785,-0.10844283590036699,-0.6253248138886951,0.77279300493531622,14.653571411614545,-6.3477931759815887,10.11576016596252,,0.2079178905584664,0.4074074074074074,False,5
-0.72846936568309839,-0.25321858009022308,-0.63656322070816884,0.23233441668660185,-0.96543190081124142,0.11816075371666696,-0.64447893843333781,-0.06181905525875972,0.76211895549366415,12.082796305457208,18.102191152532882,1.9388590004319464,,0.3701390938317909,0.2916666666666667,False,2
