axis_00,axis_01,axis_02,axis_10,axis_11,axis_12,axis_20,axis_21,axis_22,location_x,location_y,location_z,dbh,dbh_approximation,score,reconstructed,number_clusters
-0.96589951414924557,-0.060375795477868539,-0.25177945088244302,0.10740701943895183,-0.97824851987110584,-0.17746426554444661,-0.23558832895856818,-0.19845552824349319,0.9513745542992541,-23.167554785183643,-18.842302709054117,-4.683505089329639,,0.3406321145808918,0.2173913043478261,False,1
-0.54046133560914067,0.82987994793827458,-0.13856701166420782,-0.84136619904867505,-0.53349320879048312,0.086532741045327738,-0.0021127730515937554,0.16335320071672579,0.98656538962485008,5.7371153552743657,12.026384260373996,-1.2134341148555294,0.7222660833431289,0.509190816371086,0.3461538461538461,True,5
0.76403114819221285,-0.50648188364290336,-0.3996654927981963,0.63777708705568714,0.68646938480647779,0.34928522864584249,0.097451484436367031,-0.52176228808237202,0.84750653266874365,13.664139762780998,5.7053570091178258,1.1281865410978529,,0.6087778495157745,0.2,False,1
0.68984113215112575,0.71719727176113401,-0.098728343300381147,-0.68206125046340249,0.68956518382636811,0.24350011883119516,0.24271724909604533,-0.10063762036580728,0.96486289510912115,-12.437497160619067,-22.400615045381752,-1.8319800001615378,,0.1222605659771445,0.2083333333333333,False,1
0.9512773178025723,0.25037631433333857,-0.17995323241107483,-0.18938717754321932,0.93501982702592257,0.29978395562575499,0.24331864214760474,-0.25109684245180147,0.93688121664071078,-0.69919953645846955,18.992547215864356,-3.3022584345175745,,0.2539594954787233,0.3125,False,3
0.07160916390466289,-0.95387021088727808,-0.29155402317021029,0.99033676703117812,0.033189459881502396,0.13465343522914303,-0.11876538010342072,-0.29837908863496876,0.9470294102900163,-7.2234735884848096,21.712178163196075,-5.0321055325406174,0.4380941778651633,0.3022239095300254,0.8493150684931506,True,5
-0.30027733591375305,-0.86087058356125268,-0.41077409837457834,0.93514243142761055,-0.35056717023223688,0.051100803310896455,-0.1879950916385745,-0.36878787604023894,0.91030398659213518,-17.097493740149062,16.445694013853057,-6.7556864002642572,,0.1716701715140301,0.2,False,3
-0.9416060638590934,-0.23646779362456211,-0.23971024817916398,0.26843894516039069,-0.95694300243130426,-0.11045642950475081,-0.20326965642948677,-0.16835400997924807,0.96454049894182581,-2.5667422982182768,23.569397862179905,-4.1696775696956756,,0.2944949123712459,0.4,False,2
-0.77682827264536636,-0.58492575727585483,-0.23323741829750411,0.57823162086252533,-0.80926341833393189,0.10363837311139854,-0.2493712642898416,-0.0543560320640529,0.96688127209328989,-5.2894620783905033,-9.4576491854574236,-1.4777555622980794,0.3967389036345857,0.3447139685997239,0.9201101928374655,True,5
-0.77121863159961723,0.60234117020853573,-0.20592944652337855,-0.62892757698447066,-0.7709661007398475,0.10030640267918023,-0.098345946444458071,0.20687287444661917,0.97341239391952317,-11.574045764657917,-23.290859941341189,-1.5824379068166261,0.314574728272654,0.4234901075684874,0.9195402298850575,True,5
-0.092888664231097123,0.97905352567554027,-0.18117916524715166,-0.99082594115106359,-0.072953330284504819,0.11376188264312168,0.098161348806289073,0.1900842062421077,0.9768481684160728,-7.6041618401355588,-24.320325798805886,-0.64867160815375302,,0.08186868045435694,0.2,False,4
0.33894855142861585,-0.87402943475551376,-0.34811840897229129,0.94016758520669008,0.30106012738280813,0.15952338833810059,-0.034623564389935885,-0.3813598653256578,0.92377803714297724,16.276407192775359,14.080262500884805,0.78119256008244031,,0.08876944088259997,0.3076923076923077,False,2
-0.96719331290265476,0.075960065839423385,-0.24241939665393161,-0.05765924518854363,-0.99498570760244454,-0.081724250447150787,-0.24741161436091308,-0.065065429104338338,0.96672332288757468,14.196116320590024,10.169215362849679,0.76952901752798264,,0.630937474490463,0.4285714285714285,False,4
-0.55813072890543158,-0.77726670469512271,-0.29042479099394247,0.79934482658808603,-0.59755270350011447,0.063076261355331648,-0.2225711968300331,-0.19694475446705337,0.95481664524114673,11.14393956418767,8.0609025089558664,0.3500901402442938,0.1683367747806176,0.1596787790830954,0.7192982456140351,True,5
-0.97372081340187588,-0.022350505049407693,-0.22664560986708626,0.045058404656809631,-0.99440735999232066,-0.095518283919281716,-0.2232431806747302,-0.103220430715715,0.96928222152533572,-31.673434373247513,11.37528217166221,-9.9207182400782212,,0.1247427337410073,0.3333333333333333,False,2
0.15587465911428586,0.98560433674772718,-0.065476576193926384,-0.97551553560348692,0.16401308824679608,0.14652353626633607,0.15515324824910615,0.04103411102756585,0.98703782667632856,-20.64289211335111,-20.758618445044416,-3.8589766536469452,,0.5004798800270164,0.7708333333333334,False,3
0.96400608849708047,0.1170337536915898,-0.23873701396602851,-0.046031925459782984,0.95781726021768365,0.28366733662435645,0.26186508583433638,-0.26246751518225508,0.9287289595436492,-0.22456359838793633,22.599796408892647,-3.5368442418917749,,0.3418475223570591,0.5370370370370371,False,3
0.95699390504965642,0.20934381492652276,-0.20084280631831952,-0.16711325733478652,0.96370103219327719,0.20821498450536424,0.23714093893877874,-0.16569697553552834,0.95724014091429133,3.3634950848313272,14.374652478027244,-1.9708468498356975,,0.07366462349223941,0.3636363636363636,False,5
-0.22721625783122637,0.9701363334308255,-0.084901511968677318,-0.97146960345527833,-0.2197144760051942,0.089288065250665349,0.067967505027166072,0.10276693822021105,0.99238066016485083,-12.12044451968374,15.688710193569497,-5.554496318805076,,0.1014191700197056,0.3333333333333333,False,4
-0.8396652406051458,-0.45863939862361291,-0.29088173842590198,0.48085881320664381,-0.8767800321285244,-0.005619343574088026,-0.25246204760518398,-0.14459141499714412,0.9567425135469434,-9.0122042546349306,-22.562789514873593,-1.084456989556341,,0.6610869079040254,0.3392857142857143,False,1
0.97213954541455283,0.12719713746691302,-0.19688979775857002,-0.07654372905532951,0.96617916622708722,0.24624962191044314,0.22155306764631283,-0.22431831616913295,0.94899711867189274,-8.6365908220016827,9.6406131584715808,-4.1186382070546257,,0.4445666261247027,0.3333333333333333,False,4
-0.92148454553732617,-0.29540060411623947,-0.25219975302055636,0.30722264230158441,-0.95160474573248544,-0.0079155515692869716,-0.23765622313144125,-0.084775532951283997,0.96764282078653696,2.3511439344444192,19.371390550947737,-2.6909414008500803,0.4106877327501265,0.2972682619453147,0.3333333333333333,True,6
-0.94186388689565992,0.28159146148545111,-0.18329939274391149,-0.29331449223971112,-0.95518853646555257,0.039767680935098797,-0.1638872392956798,0.091220110848886399,0.98225244421826563,4.2199120024194094,12.091725822557535,-1.5342030154178286,,0.1304176738011884,0.2083333333333333,False,5
-0.82910367071046742,0.54297568005098573,-0.13328358521438161,-0.54558636138601491,-0.83783193716476911,-0.019317539602655864,-0.12215819859509477,0.056701463295940419,0.99088966014188562,-1.4419174499100633,-33.195761136194356,1.5157563724125953,,0.20719759384637,0.6,False,2
-0.79879372215431221,0.57054632891161638,-0.19080219079543193,-0.59150078284569418,-0.80271449046540166,0.076001780833090671,-0.10979714631897232,0.17356939062619225,0.97868189586701881,0.66383479040488846,16.870010995402382,-2.8069326969334556,,0.08144889834964643,0.2,False,4
-0.96289633032292143,-0.11686801670199506,-0.24325403125702072,0.14152736608849925,-0.98615337367723255,-0.086438002250530721,-0.22978394569399602,-0.1176579375016962,0.96610348723319694,8.0048318849672881,7.5416548685230307,-0.2338104816792379,,0.4644013967063801,0.131578947368421,False,2
0.79171743229301805,0.59493329695547925,-0.13870068340506936,-0.54419847665901677,0.79002315492974096,0.28233213185336137,0.27754553753457356,-0.14804656986415388,0.94923689758990204,-3.4871556957442449,14.305138429805623,-3.4398828741087537,,0.2555191534237767,0.2222222222222222,False,5
-0.93839063177879389,-0.17271165440950006,-0.29932207840539887,0.22297992092247587,-0.96433300878496897,-0.14262469292914931,-0.26401321378900855,-0.20058048907822792,0.94343229240149329,11.976600838560417,10.93334985033473,0.20758813277612884,0.4601267065453388,0.4313830523558326,0.25,True,5
-0.95195145091428413,0.22202929698645713,-0.21092990869454203,-0.24032020655462286,-0.96850670843152342,0.065122607784689035,-0.18982790475515349,0.11268428019397672,0.97532949282456993,1.0503623702788589,-32.656625857628924,1.989303779686441,0.5003127617299641,0.391952256986479,0.8888888888888888,True,5
-0.70426341317371566,-0.6686721761683394,-0.23851743266101716,0.66663959787363747,-0.73840675442570181,0.1017207528745912,-0.24414072051130761,-0.087366960784933348,0.96579621181252351,-4.9644096654290406,18.651962206557602,-4.1928893474757718,,0.1299287560408982,0.6190476190476191,False,1
-0.84656402770444295,-0.39361431985804612,-0.35832543057884919,0.46851958082820983,-0.87051156239540384,-0.15066194647777098,-0.25262373082786271,-0.29542746476690351,0.92135979057261352,-5.9144776691348522,20.683623555061327,-4.6095132308891973,0.7811554021296468,0.3074347317755412,0.3478260869565217,True,3
-0.85391527306071691,-0.43920185109379734,-0.27916024149119439,0.47800069240100279,-0.87403809863515491,-0.087021492738311459,-0.20577668599188242,-0.20774777045740861,0.95629327058814606,-12.646314082618668,23.533409852975215,-6.372453108836158,,0.3636171782126104,0.2368421052631579,False,4
-0.025623837433860361,0.98989383470317882,-0.1394762165094787,-0.99201439193476693,-0.0079430092242852753,0.12587436116524317,0.12349439319037223,0.1415877982776016,0.982192460890147,-1.4640752061908786,-29.461746570011982,1.1168977431601483,,0.09650709068239703,0.5,False,4
0.42557287858831311,-0.87018564732276071,-0.24832370850066798,0.90482986612311922,0.40523196639521414,0.13065208296497322,-0.013062862690664589,-0.28029269095881865,0.95982569720412725,5.279227072371742,6.8540902192553386,-0.72615891152391632,0.1826570521513355,0.1181868144392973,0.4246575342465753,True,4
0.55481996957257251,0.81562647182159265,-0.1640983236579488,-0.80040515238600796,0.57709902450571304,0.16219835988222797,0.22699425851201574,0.041354254659150075,0.97301769368504554,-12.738946466251932,13.143395547054263,-5.484359532147459,,0.07588178427190384,0.1739130434782609,False,4
-0.970507544719721,0.10847108021243847,-0.21528848180904922,-0.10911962935546256,-0.99398871684352919,-0.0089071475277451295,-0.21496048969851433,0.014847745461895386,0.97650987313148763,-10.715338657681503,-19.647496568217566,-1.7622074292677958,0.4628314617368227,0.4008394536548341,0.1538461538461539,True,3
-0.96894626842120413,-0.076925776951967687,-0.23500117819483543,0.074733733247448531,-0.99703681671933675,0.018233354630239867,-0.23570744160404411,0.00010462556572243126,0.97182405353333801,3.2120158872829343,9.6080108072174948,-1.5274078430311782,0.5235992687982803,0.145189501374483,0.2982456140350877,True,5
0.32761637358087886,-0.83766182462813488,-0.43702423196245904,0.94442044217949583,0.27704645122675775,0.17696127332313316,-0.027157690535075107,-0.47071002902351999,0.88186990447654889,-13.412615636046414,-22.219297532120866,-2.1001185541887941,,0.6046339101968933,0.9,False,6
-0.88483442086067343,-0.4032421938195036,-0.23337476466788237,0.3947100372548244,-0.91492623844635179,0.084344322231574634,-0.24753188511876761,-0.017484602541734381,0.968721969671126,-4.6423075998544814,16.89332105451545,-3.964760762398325,0.2486392424007581,0.1797085231991337,0.6307692307692307,True,5
0.034408375277349287,0.98690340474447646,-0.1575999156552243,-0.9905791081028299,0.054592090193959837,0.1255895468518691,0.13254846019843594,0.15179385162784181,0.979484319581998,-3.5604074480942574,-23.669988277077003,0.18998052780260766,,0.1146344693825184,0.2758620689655172,False,5
0.00272539859350785,0.98577571835057876,-0.1680440576542542,-0.99238242479716421,0.023363539201368546,0.12095977839631865,0.12316531636872007,0.16643430579777091,0.97833017263979283,-12.630125446040115,14.892404089868803,-5.5608203373732623,,0.07801331499233818,0.3142857142857143,False,4
0.19088777008349439,0.96931811180096916,-0.15486851638455962,-0.9683932282338914,0.21176319259659754,0.13179873205778214,0.16055034955830405,0.12481485647109494,0.97910409909304663,-4.790964338283862,-28.70785049587743,0.36158593914302145,,0.2480463062488008,0.9777777777777777,False,6
-0.50675436216590797,-0.76003878931418489,-0.40686736802507462,0.83314096276380178,-0.55304170949421738,-0.0045829820771317448,-0.22153138060064831,-0.34130031687289941,0.91347574741294002,3.6986795408789446,24.173361507593246,-2.8693796844954615,,0.4174221920101157,0.5,False,2
0.16795397186968636,0.97837330857414451,-0.12073579586385469,-0.97447328284388746,0.18328376408853389,0.12964907575835713,0.14897410632943586,0.095878730129369899,0.98418188601097811,5.4803140998791937,-24.717702745458414,2.1111579407071086,0.393382696888181,0.2087362404866072,0.4444444444444444,True,5
0.54205380914145118,-0.77311380808168784,-0.32935195118394855,0.84006963871073381,0.50853539334138098,0.18887762132011218,0.021463226962877696,-0.37906040873791835,0.92512298448140506,16.566395280648788,-24.765639520092034,4.4727767017048894,,0.3402985215939065,0.4285714285714285,False,1
-0.93731995861162354,0.28752504262997541,-0.19687723344494248,-0.30248402516112693,-0.9518415362703162,0.050011042309543452,-0.17301650126686274,0.10642856614271848,0.97915180161105686,-2.2339523621857338,6.9854160400210805,-2.3907155234639088,0.2469985614558255,0.1094210767101928,0.1212121212121212,True,4
0.019842416927319702,0.99254685301537138,-0.12023736133068433,-0.99177063014466083,0.034753809740426869,0.12322008720573593,0.12648041616371028,0.11680289926970711,0.98506841744583706,-3.1799769341769455,19.761393254850674,-3.9067685307256288,,0.09923553105922678,0.2916666666666667,False,5
0.7615760946419402,0.62967274648375859,-0.15334302855209522,-0.5863215660515404,0.77024465345721405,0.25089877441598524,0.27609576826311089,-0.10117018412642481,0.95579062591711261,-4.2575798359757968,-25.911279366718233,0.26325357234102881,0.4324381143234313,0.2665278996412948,0.5526315789473685,True,9
0.4314004343131464,-0.82348150170795265,-0.36847236208329603,0.90213703507992204,0.39081778290817881,0.1827846560845385,-0.0065142314693339282,-0.41126594425936924,0.91149212167786375,21.034952538341685,17.442320123779155,1.431919744294947,,0.4294701309917422,0.3529411764705883,False,2
0.77549486137932633,0.62198277877696972,-0.10837501039971047,-0.59682993796115913,0.77819327530636839,0.19547186861854249,0.20591684032040031,-0.086905978924495336,0.97470282943040498,11.89888119837059,-25.334257761219916,3.5112268219674387,,0.2637664789820526,0.2727272727272727,False,5
-0.65783869137171158,-0.69893359359732554,-0.2806066426075543,0.71463461406178241,-0.69688189392588895,0.060440005815971094,-0.23779323901053728,-0.16077144541054492,0.95791801205608551,-3.5675816410506993,11.612387836058653,-3.1419425342520313,0.1812549945681236,0.1246815425968199,0.2,True,5
0.95572244984408727,-0.17646991959285985,-0.23548453525211877,0.22435990891542626,0.95478350649084542,0.19506687828667468,0.19041331396590533,-0.23926308367973587,0.95210080698032495,-4.620651062682267,-22.158124340028529,-0.18574106722388495,0.1505779216544534,0.1054409862374893,0.6111111111111112,True,5
-0.020118481387547835,0.98311784257399626,-0.18186410948647413,-0.99251571170107866,0.0022753481798400955,0.12209580179990065,0.12044836542335896,0.18295936817585992,0.97571412865835327,-1.6181907931442336,16.742713980311034,-3.2608386210935398,,0.0942778821235631,0.4,False,5
-0.72487653114741901,0.68778573167326018,-0.038791776169207537,-0.68523050814709296,-0.72568123303326104,-0.062015310430586362,-0.070803709621465996,-0.018372134606599561,0.99732106133072085,-20.546781624476004,11.334302198554159,-7.0787271834164764,0.6206518651149887,0.496163141820391,0.5230769230769231,True,5
-0.70624079149390073,-0.64688397771538819,-0.2876891791590096,0.66467146347166473,-0.74576665891619098,0.045209911473222675,-0.24379456531371499,-0.15928970407436294,0.95665615562719197,-25.837296794748102,10.402957628763167,-8.313857391772137,,0.3340376017423573,0.421875,False,2
-0.19715232889444001,0.97406322694909897,-0.11104858899151399,-0.97753100683552163,-0.1866972284060581,0.097863555936963095,0.07459282731355274,0.12784746697140226,0.98898480033940184,-18.752687095183973,10.802729096711571,-6.6040434787123434,,0.07759474026723583,0.2424242424242424,False,3
-0.69430261309353192,0.6935726052507688,-0.19209612879273233,-0.71609618636492567,-0.69239405904596307,0.088299030976928164,-0.071764429386029657,0.19886555318484919,0.97739570207331128,-18.906931163186012,-20.386342481090868,-3.5403688459755118,,0.06988537849574869,0.2666666666666667,False,1
-0.97458924333940788,0.022741845088705168,-0.22284213077665962,0.00056231613643779421,-0.99458133228283563,-0.10395988300812493,-0.22399886287140661,-0.10144349144455582,0.96929547996256327,-2.9337639071917661,5.2861631287199264,-2.4124800929954029,,0.3792453780282989,0.3972602739726027,False,2
-0.61812863504082527,-0.71251224892334275,-0.33202904342356343,0.75039256495877815,-0.66066627434355041,0.020762283101787321,-0.23415377211813615,-0.23631836382137827,0.94304063641162084,-22.832147309185267,11.718831550183264,-7.6617314624963448,,0.0866766848604184,0.3125,False,3
-0.60348085744379754,0.78596873012251534,-0.1344024180158177,-0.79666195366170134,-0.60145165184153748,0.059880231170281573,-0.033772567074761548,0.1432098661639124,0.98911594262072955,18.734148497290402,2.942632644372944,2.364741041783772,,0.1462238743819887,0.3333333333333333,False,6
0.96382661727334051,0.061747401658248727,-0.25927882718009049,0.050187380117538753,0.91334693518011567,0.40407747137650013,0.26176225608816484,-0.40247314740929424,0.8772091466133316,17.660609746502345,-26.832216612605894,4.8880290653525256,,0.3995597653866026,0.4,False,4
-0.65427798960294692,-0.6234704411311297,-0.42802444013967389,0.71765894535980035,-0.69037018170577114,-0.091403776489817429,-0.23850775766457985,-0.36697904742273202,0.89913315381344894,-8.9334040869405538,10.949448671381974,-4.2973101823517688,,0.2484831495831287,0.3676470588235294,False,2
-0.54490749569662766,-0.80228162979184647,-0.2437621948378525,0.80678978243990773,-0.58084592552980885,0.10820470297535793,-0.22839892312398291,-0.13770329441940576,0.96377992022133685,6.2028411336051592,13.8646589543124,-1.273817969563515,,0.1243912505933814,0.4615384615384616,True,5
-0.97339410058783371,0.033693733476325927,-0.22664654699604064,0.0014274069448188982,-0.98821881154117019,-0.15304098479025424,-0.22913290346481455,-0.1492927085981873,0.96187826657493447,20.98584408257711,2.0248340902341262,2.868246258474989,0.2047884960645823,0.3482460393636543,0.46875,True,4
-0.58901173493228565,-0.7695773995262124,-0.24660860133120116,0.78397338955289342,-0.6181995962632113,0.056700825857743942,-0.19608901189257499,-0.15993712926795678,0.96745501915929855,7.0970351324829553,16.39614912368539,-1.3638240754999154,,0.1021760988403532,0.1428571428571428,True,3
-0.29135344934413354,0.94158756934350296,-0.1688964677341383,-0.9548571577664231,-0.27554946452443085,0.11099685068742821,0.057973923599349629,0.19361131645152566,0.97936391720565419,-7.5595485033694079,13.96750408810035,-4.3047424241705849,,0.0713992988156597,0.1944444444444444,False,4
-0.049823194759827244,-0.89416011666880701,-0.44496666731649748,0.98948823113243967,-0.10475017263993562,0.099701764188504335,-0.13575967631929881,-0.43532182014083554,0.88997990044435848,10.260069062127986,6.1707591611486485,0.36951077336624277,0.5931407807998392,0.4345903611270837,0.1842105263157895,True,2
0.31034047901457523,-0.88868613579198075,-0.33752887155933997,0.94892851471659134,0.26839618752429639,0.16582569306409461,-0.056775532078252464,-0.37175319578120658,0.92659381628828708,-18.373068811800064,7.521490903371812,-6.1303401722959379,,0.3440870086031055,0.4583333333333333,False,2
0.91797833145493291,0.36122146699442687,-0.16381341447394404,-0.30849640613339824,0.90984210892631379,0.2775199168119214,0.24929049396636704,-0.20422142053886672,0.94665086542562915,-15.233891324162494,-20.530841898357618,-2.6134302448139217,,0.1770606854970236,0.4117647058823529,False,1
0.49784622974734644,0.85206023996392599,-0.16168635996573591,-0.83930991299443891,0.52030485627282719,0.15761258353374097,0.21842161403034233,0.057238134242217686,0.97417441688480522,0.16839158642453758,-27.568178806420899,1.2639910839652966,,0.1171671913403739,0.2307692307692308,False,5
0.91393547968489564,0.39088392819898549,-0.10923229215241248,-0.31990665333183599,0.85942725506733808,0.39880386959186498,0.24976323213628554,-0.32953686883738997,0.91050742992557976,1.6325622973592309,-23.803125653646561,1.2224170420932639,,0.09252296598474116,0.5454545454545454,False,1
0.27804293084972748,-0.8834445166121303,-0.37711790553148139,0.95862541423273062,0.23024164894955171,0.16740997065920413,-0.06106917218710195,-0.40806196730024841,0.910909428566546,-9.8684871611765956,-25.57187737881727,-1.001646063192198,,0.3605308426132352,0.2,False,4
-0.86220723069155913,-0.41243629057770825,-0.29410031886703519,0.45393096503764185,-0.88675775765610587,-0.087220170927998136,-0.22482297552338074,-0.20870310359746541,0.95178655392141254,-10.67568689689227,12.851441157791776,-4.9185517058945605,,0.5128163649679204,0.3098591549295774,False,3
-0.95051528758290893,-0.14689179384657736,-0.27375808476045915,0.17133988718219612,-0.98289615335797365,-0.067511441804273112,-0.2591588916699028,-0.11107633687979662,0.95942624325885217,-10.462918035320776,23.309871009724933,-5.8945677071497897,,0.3524295004211053,0.275,False,5
-0.42877180043068042,0.90322480869937238,-0.018430629544689853,-0.90060675621502484,-0.42574432765583869,0.0874599229860617,0.071149236224169632,0.054099098133506218,0.99599752698782229,0.58482999339354558,11.222880056819269,-2.2339587191358983,0.6254637462131141,0.548489329448169,0.5529411764705883,True,5
-0.22723324906385259,-0.9005294336937012,-0.37069096235434096,0.96012059638598746,-0.27083656640155807,0.069397368071356921,-0.16289104000927124,-0.34013863842721076,0.92615992988985563,-7.8960937132276134,-32.240368755132977,0.040951035207140836,,0.31186388466919,0.2,False,4
-0.026693695490137802,-0.94213983860694628,-0.33415560915650683,0.99239038415704628,-0.065170777675127495,0.10447054690126224,-0.12020304510997017,-0.32882410837238724,0.93671016525892059,12.249056256272356,5.4205244239968051,0.85652039725168116,,0.7528585486794767,0.5822784810126582,False,2
-0.91451865695309975,-0.30161241020481927,-0.26960263369473614,0.31828669248708552,-0.94779739266760765,-0.019330903706653302,-0.24969823281379011,-0.10348940266000313,0.96277761506318049,8.9881424306135234,6.6097413953712625,0.082347315212913288,,0.08272873731089667,0.25,False,1
-0.24074665763830616,-0.9428576253338703,-0.23034874687255966,0.95511376585045515,-0.27234972783081557,0.11654750118918034,-0.17262311872673808,-0.19195083771699206,0.96610358387742223,-4.1967600680566388,-4.72932241798049,-1.6331075483465152,0.3998143084773842,0.3571543370935601,0.9829867674858223,True,5
0.77691071821045599,-0.56259205668492918,-0.28266572782127924,0.62151390365899428,0.75705420123697797,0.20146812141874593,0.10064891200738636,-0.33220342283676357,0.93782230852505666,-17.0720570933541,14.122553820822995,-6.5751900529347855,,0.2061474430667329,0.2777777777777778,False,3
0.95134582817223434,0.27081348509989983,-0.1469733700618287,-0.19169783590698702,0.89364068081182735,0.40578106573218964,0.24123236708174706,-0.35786364705879264,0.90207569260340714,9.3185729006900804,-28.253879242748951,3.30494317554255,,0.3759862189513908,0.25,False,4
-0.71973671212934576,0.68248674180274926,-0.12724351644271248,-0.6889975316495569,-0.72469115015953867,0.010253695005386157,-0.085214239385548327,0.095050429477792422,0.991818506210703,-0.45134992689364273,21.118909858706356,-3.4363185869682566,,0.1665011645700287,0.2857142857142857,False,2
0.48570010558449656,0.85160885996182212,-0.19712371006486143,-0.8471282799065486,0.51418717910926004,0.13410899381560942,0.21556689174774074,0.1018523169799711,0.97116271587619685,10.033179597225846,12.213680390031872,-0.31158502865080134,,0.1073949446534446,0.4473684210526316,True,5
-0.68350472900484416,0.72578182550958092,-0.077859021237068615,-0.7267751081071343,-0.68658455966799237,-0.019989613837490386,-0.067964900234438977,0.042923002987780803,0.99676395809170049,-12.517097027369671,-26.789004509637667,-1.4264989333590481,,0.3215116101794966,0.3888888888888889,False,1
-0.95506225031496295,-0.17923690733899431,-0.23607250807934183,0.17121398730090134,-0.98374017471698605,0.054231348870556674,-0.24195426959622951,0.011375398689541294,0.97022097056743117,-5.2356640433295345,14.791356760236518,-3.8849216254465118,,0.08631515391150316,0.2777777777777778,False,5
-0.94889168632601351,-0.13302391693948629,-0.28619784266037002,0.1675130414900145,-0.98083578256139059,-0.099501500380387575,-0.26747700565121091,-0.14235801757983371,0.95299016064102215,-0.98024970084696583,23.438060341064833,-3.7790730951581692,,0.3634117447022243,0.5,False,3
0.2669130366602212,-0.91575103476482989,-0.30026234060894469,0.96255435425594349,0.2379969622779235,0.12979430283877749,-0.047397742179802194,-0.3236626148841153,0.94498463784478204,0.62949756568327386,17.963388703720284,-2.9386272935054873,,0.09936158476041859,0.2777777777777778,True,4
0.57369653557508982,-0.69987067278245785,-0.42550361508237194,0.81902649052041498,0.48495678495220984,0.3066146189512603,-0.008239714494465783,-0.52440247721367939,0.85143064837789584,15.376500247067312,4.2330327501880731,1.5579043055444333,,0.4918291388448152,0.2571428571428571,False,2
-0.95153950807558518,0.24470880137168829,-0.18625296535224251,-0.24239452090646507,-0.96952953351135196,-0.035459552786017146,-0.18925501527250818,0.011405532889378234,0.98186172805222982,-32.614161498673724,12.475140680343278,-10.281073052131015,,0.1976951678887987,0.4166666666666667,False,1
0.8411590525249556,-0.43228729020158468,-0.32492944939707941,0.52167011243066475,0.80697028642099045,0.27687406998525838,0.14251926940556475,-0.40240111277653684,0.90430172082348081,9.0756469876358459,23.318852721885978,-1.6031506707040932,,0.3152464184340516,0.2941176470588235,False,3
0.81906444019065205,0.55924771233050385,-0.1279665544908925,-0.5171043484806791,0.8162659307374317,0.2575131513141134,0.24846837947220757,-0.14474780333549475,0.95776382153013206,-14.095969831955907,-25.392829320664625,-1.8706837877570488,,0.6135088240735586,0.527027027027027,False,5
-0.34367781179746831,-0.84195404213564295,-0.4159314277733232,0.91496359000892791,-0.39996031923774289,0.053603843082533652,-0.2114880389905725,-0.36213966085847898,0.90781478033640073,20.780485812345134,14.696777034666686,1.6726462714242822,,0.426990563557103,0.2307692307692308,False,2
0.53532244010006946,-0.80675121697610341,-0.25016466383740976,0.8444426572403636,0.51770714394897421,0.1374624011758514,0.018614074195145228,-0.28483642149797583,0.95839539295120058,-7.9210250857458169,15.022994341716796,-4.5152737879374936,0.3498443637103417,0.1996031446432796,0.63,True,5
0.35981019181663848,-0.85977776472130119,-0.36237938842560474,0.9318813469964381,0.31192770379974477,0.18519790150625803,-0.046192867252171602,-0.40433068507480385,0.91344562844318311,15.512931246728927,13.115554487811117,0.72381047804589094,,0.4745116888702709,0.2142857142857143,False,5
0.96953730540129268,0.1320611146869447,-0.20629414781530384,-0.076190204272801126,0.96302547610484734,0.25841243225878513,0.23279275377053646,-0.23482289999204514,0.94375088843998267,-0.67040474010222906,-25.929743314509217,0.94365606469063323,,0.09796296247218265,0.2352941176470588,False,4
-0.44993074800673349,0.88762783335378637,-0.09838267862669528,-0.89304374449484358,-0.44645060967650424,0.056166925660093521,0.0059323196753163221,0.11313126258970121,0.99356234077592231,0.11740400748857879,15.488832285825604,-2.7809251017336907,,0.07069934391638703,0.2666666666666667,False,2
-0.28022266490650904,-0.90045711734376876,-0.33264431138626688,0.94281502312978205,-0.32332570510675995,0.080995805928479936,-0.18048570645201178,-0.29092519355010482,0.93956768863363516,-17.501861784094267,-20.764944797586118,-3.1708658510860426,,0.5396159351863168,0.6,False,1
-0.75881134665436278,0.65117993812657637,-0.013039492707185352,-0.64762724832326979,-0.75649510634927353,-0.091071956709140353,-0.06916854355718699,-0.060661703331424927,0.99575894187855929,15.461858515891274,10.742393425979461,0.96790136551591266,,0.6448486026826175,0.2424242424242424,False,2
0.96161091998867509,-0.16363032674270897,-0.22029424579096246,0.20043570804890992,0.96711466991022987,0.15657184352034814,0.18742989488730671,-0.19471602762613691,0.96278538786586909,23.021031409071863,6.6977208835585884,2.7267197258334672,,0.1230193181352008,0.3333333333333333,False,4
0.90731172581844299,0.38656108472119521,-0.16539637230463139,-0.33774137653894681,0.90435649875444712,0.26090244486048059,0.25043201625578249,-0.18085864905989948,0.95109092851014665,-6.8768000590979499,-22.995015972775754,-0.58852860142346997,,0.8985415275122086,0.65,False,1
-0.83129380810927234,-0.45189054154484898,-0.32364416117317463,0.50280141513757237,-0.85956797536149421,-0.091288732429564298,-0.23694164162265621,-0.23861650025772557,0.94176473934306759,9.2401598770849649,8.8330576809953598,-0.11059572689446556,0.4463350597918569,0.278151670374509,0.1764705882352941,True,4
-0.96722225841450282,-0.10965706292679436,-0.22903369048639471,0.12979637130253233,-0.98871847626407972,-0.074757452409323924,-0.21825215880775084,-0.10203481388382238,0.97054360640388049,-18.200246358635674,9.4741378135022352,-6.3366869620693977,,0.1724656444260952,0.3243243243243243,False,6
-0.72899440227597101,-0.58656979708050294,-0.35284987544738866,0.6444463688611578,-0.76189145423301885,-0.064886744627581358,-0.23077270010113568,-0.27469489460059848,0.93342738108992585,15.603862909896327,0.47045805852010492,1.9608480774294501,,0.3624212849289924,0.1282051282051282,False,2
-0.91239745089538549,0.38271049726423423,-0.14513292832215058,-0.38204719440578921,-0.92353409199162828,-0.033536877849039373,-0.14687012237437935,0.024848666220920704,0.98884362309759255,10.245327475268814,-26.154939201056767,3.2527602116713199,,0.2775778298784463,0.1428571428571428,False,3
-0.3559781695891841,0.93266501684353631,-0.058442357346179613,-0.93376389121552972,-0.35253156211324521,0.061696784162759831,0.036939656711523258,0.076534071303175411,0.99638245553190752,8.9646391547434288,-24.858228912910693,2.8660177045583661,0.52606662551787,0.450558050739493,0.3421052631578947,True,3
-0.0032181637521254336,0.9923566449922584,-0.1233609847633014,-0.99206302715578665,0.01233843545526183,0.12513477998147426,0.12570041198245985,0.1227845761902663,0.98444063014344108,10.488597476350298,14.36902636994447,-0.41874669006393522,,0.09955864464005665,0.3333333333333333,False,4
-0.55667566623568321,-0.69052310216290991,-0.46183335522715208,0.7993788862978376,-0.59654610784762285,-0.071597048494198456,-0.22606547450304407,-0.40903616782769092,0.88407229039629442,-12.594126848496957,10.911954136346639,-5.1633691465994787,,0.3733767682281821,0.1282051282051282,False,2
-0.96285608376129295,0.16658495283941116,-0.21250321280243517,-0.14829938208470855,-0.98393666742381181,-0.099377702590758316,-0.22564453292105163,-0.064172330380115633,0.9720938518355241,15.783285723426532,7.168788860167056,1.4240805143349289,,0.4416652771794765,0.2777777777777778,False,5
0.95156947335302466,-0.15043288741035227,-0.26811468398435601,0.2288339276588027,0.9289745990154854,0.29093165509490976,0.20530604212953077,-0.33819541801952607,0.91840801841866826,-16.842818561158658,7.2751399689125886,-5.77821748969982,,0.3143948280181711,0.1296296296296296,False,2
-0.9422867478100786,0.29667773461389885,-0.15517089509914497,-0.28075552923898239,-0.95267613008640939,-0.11655266605840107,-0.18240618877451437,-0.0662609458727179,0.98098800673036179,8.5187195090908254,4.8310857273484018,0.12469752209347268,,0.1980167692773604,0.1566265060240964,False,1
0.96889431549562743,0.18477771524989051,-0.16462381767924875,-0.09882307233020321,0.89875768774330034,0.42716345711862608,0.22688720936950049,-0.39760761394790634,0.88906151618162732,3.1440890759677185,20.654203273650836,-2.6384401189907627,,0.3272561405681241,0.3333333333333333,False,2
-0.17038480858171604,-0.92628210599500771,-0.33611081077231725,0.95814537831752966,-0.23537674834987074,0.1629577256376607,-0.2300574950166358,-0.29427749905436895,0.92761754108952466,15.369364658446573,21.817083066604244,-0.12505691315156239,,0.3707948222378668,0.7931034482758621,False,4
-0.93236097909933335,-0.27763002907671991,-0.23156979856577239,0.26302745302440916,-0.96035743121775519,0.092358882953006177,-0.24803137625797464,0.02520260422445493,0.9684241142866491,-7.6457265026737131,16.590233673569596,-4.6210766954488651,,0.08596096980475815,0.125,False,2
-0.7195441049234097,0.68047544354387846,-0.13859816666800234,-0.69008671474352423,-0.72297051462461381,0.03307508303710878,-0.077695606082066396,0.11944373452460097,0.98979623513042203,-19.330898314028587,12.659442040740633,-6.9186357117564548,0.8356683216681325,0.9308720573880443,0.5461538461538461,True,2
-0.8926833017263569,-0.34277795202371109,-0.29260860962275287,0.373970530703154,-0.92572042481448813,-0.056460050007821255,-0.25152050609151405,-0.15982794088555002,0.95456401793057033,-8.3543781996941124,17.240519625980994,-4.8538918510312641,,0.6728933175053293,0.3846153846153846,False,1
0.7336800450875256,-0.613310208908316,-0.29251355368461712,0.67403027829699302,0.71137871607095304,0.19905654036006964,0.086004507900713803,-0.3432068035020277,0.93531401927410251,4.589890250106663,-26.597853454872883,2.1197026326442594,,0.09866111070365724,0.5909090909090909,False,1
-0.92543517811606657,0.2982063475014276,-0.2337577922019739,-0.31964803265848518,-0.94569515416155381,0.059040753830846539,-0.20345728377928257,0.12935860893350826,0.97050063574010281,15.555500009287821,-30.238195669080717,4.8129478302280804,,0.3080988969434957,0.375,False,4
-0.75739917763556242,0.65197407972372057,-0.035725132405375559,-0.64574156105200109,-0.7560218864391427,-0.10699880165275379,-0.096769427233495214,-0.057971601611549795,0.99361711506973027,-18.473814885947387,-22.928801677694,-3.0961202720302068,,0.3522134131856495,0.15,False,2
0.2576963801666044,-0.84061113425362821,-0.47640895942231842,0.96440467708250399,0.1935125032706255,0.18021245766962513,-0.059297508129930905,-0.50589112667328284,0.86055678109164657,19.095523631075537,-23.516259368209166,4.8921375139439416,,0.3540987346463313,0.1428571428571428,False,1
-0.96557123312921023,-0.066250255189940543,-0.25156131944438959,0.083135736161258897,-0.99490174312716528,-0.057087396993140721,-0.24649674059966797,-0.076035683792510689,0.96615626668978549,-22.300352989981452,9.7580488055222077,-7.371840416183578,0.7189313294639426,0.4969025343380126,0.5,True,3
0.4215377592703522,0.90526342870197118,-0.05295320730683753,-0.8856269608263122,0.42353601197582502,0.19047869386669786,0.19486098574850719,-0.033397173748151016,0.98026212056712436,-7.15701855120603,-22.446880998604836,-0.73068355392666851,,0.3700695681112579,0.2941176470588235,False,4
0.97222450624777623,-0.072321507759149167,-0.22259629144868889,0.13049304672371989,0.9570179234408378,0.25901401307602373,0.19429635665144987,-0.28086703923463291,0.93987373197868562,-9.5285237578261466,-29.36132901144714,-0.54814060799650988,,0.1972821740415165,0.375,False,4
-0.31881282160544672,-0.91291788237690608,-0.25483195407256021,0.92867973464746501,-0.35462932251445889,0.10859094837071159,-0.18950550185967766,-0.20203708483692218,0.96086871169557309,-11.289261397759434,8.8164015644263056,-4.6768160015597404,0.8362510464925444,0.4836529165571751,0.8305647840531561,True,4
0.35995268714737522,-0.85230444791375048,-0.37948806447873984,0.93251733829492789,0.31599396764416415,0.17481197382285191,-0.029077083669557371,-0.41680323952548071,0.90853155296133647,10.056037470643959,17.500898614197979,-0.84086553743466108,,0.5035919667354939,0.1428571428571428,False,2
0.14572512733814513,-0.88101021000945035,-0.45009465351344036,0.98481369219520587,0.085780666197159031,0.1509426015795958,-0.094372553886850147,-0.46525550739983074,0.88013131628581331,-15.91325403443944,11.43934117893262,-5.9765646184001922,,0.5719280442123789,0.1944444444444444,False,3
0.28486960257425814,0.95766388956814086,-0.041583460010021056,-0.94020728246923291,0.28760020671999603,0.18247297631824011,0.18670719193701568,-0.012883932312629215,0.9823311197183765,6.3824331910589773,-27.211408584230767,2.5720098342649118,0.5846657967362479,0.2437867679521238,0.2857142857142857,True,4
-0.090507924083169017,0.99470174873250949,0.048751889672526888,-0.99075787063365195,-0.094899146893042977,0.096917458161281472,0.10103047785508303,-0.039529520455724498,0.99409771127234448,-16.440307079445368,-20.036069147565744,-2.9841591893099895,,0.5161918082536882,0.1739130434782609,False,1
0.94508016217426216,0.28468792780241875,-0.16054990136476466,-0.24388170534522752,0.94128232086476571,0.23347228149256724,0.21758952378865679,-0.18149483791834339,0.9590174257782913,6.407899552573177,-33.008447254787825,3.1715684379543116,,0.1238298699242047,0.3333333333333333,False,2
0.011092840103685418,0.99739823555413554,0.071229969899827467,-0.99214598294451428,0.0021026193500030821,0.12506769174703761,0.12459252556031238,-0.072057884408059575,0.98958797682123067,-26.376542226032104,13.634140541461695,-8.7775855678641239,,0.3011113958422552,0.4285714285714285,False,1
-0.96697250285608227,0.068950390076420773,-0.24537730626232027,-0.059471030166046615,-0.99717681388660329,-0.045843193801820586,-0.24784546655372233,-0.029736266666673193,0.96834311024217834,15.838864099530044,-28.101508104111083,4.6568876373576025,,0.3605734714534872,0.3125,False,4
-0.2355618273249753,0.97159786038032336,-0.022543806504141173,-0.97174526834724562,-0.23511535985429044,0.020782228112679088,0.014891573189508137,0.026802336931042114,0.99952982736033269,-13.497386889196422,4.6371060015218015,-4.7307093482849529,,0.5683638614306267,0.2787356321839081,False,2
-0.95709276067704141,-0.17916402889400149,-0.22775798166051023,0.18255226941376571,-0.98317609294742025,0.0062800627807412662,-0.2250513638960755,-0.035567133805180201,0.97369752110262719,-8.4998977341565869,-36.297424144245163,0.31948119661878849,,0.2473291879739596,0.2666666666666667,False,4
0.97294830934564225,0.0089932094068534418,-0.23084780598051804,0.089599526424025133,0.90633953397020028,0.41294136875259807,0.21294016109237082,-0.42245446067859571,0.88101572996553845,0.064313799607378208,-30.935718535770651,1.6203467852229068,,0.5802897713200169,0.3157894736842105,False,3
0.34335241946408795,0.9391920740470272,0.0052310701965837259,-0.92237152952195611,0.33614283318211541,0.19036480039027559,0.17703072494763691,-0.070187205013058945,0.98169948491224668,21.996767237978599,4.7594813950497867,2.7420689452385574,,0.2483828913484958,0.125,False,3
-0.016932564253388634,0.99521273842394342,-0.096254317027963415,-0.99550633448201387,-0.0078101181520026054,0.094372347966106482,0.09316880526221738,0.097419748168256798,0.99087283058566278,3.9235909975730174,-31.249493613351707,2.491001310125327,,0.7843150577006858,0.4761904761904762,False,2
0.23321191692591942,0.95642285254227521,-0.17569157332847474,-0.95745075034215887,0.25742723399410405,0.13045796206971028,0.17000077197758581,0.1377916772996165,0.97576287651969162,11.899021234873276,-29.771218944174496,4.0048911942737133,,0.182836467972255,0.6428571428571429,False,2
