axis_00,axis_01,axis_02,axis_10,axis_11,axis_12,axis_20,axis_21,axis_22,location_x,location_y,location_z,dbh,dbh_approximation,score,reconstructed,number_clusters
-0.89246404969879156,-0.30300046711030065,-0.33421346012118192,0.34491108704822804,-0.93582300426843867,-0.072606106583421037,-0.2907649601077178,-0.18007226775084856,0.93969660867783478,0.67627619603348443,2.4832221037141711,-1.0927984661287493,,0.1362354754797934,0.2605042016806723,False,5
-0.22166813922683809,0.93887482334251737,-0.26339571398424266,-0.97450683021687901,-0.22288808600933507,0.025638622734982106,-0.034636309161958395,0.26236418812149837,0.96434711534746942,-14.269500829119968,8.9555597011113868,-5.9752358303143307,0.4451117472487663,0.4252288333304171,0.9700787401574803,True,5
0.95473864424474841,0.082725169455028044,-0.28571081100360257,-0.0065712501370917623,0.96617856039559558,0.25779024051257082,0.29737340139517393,-0.24424482752052354,0.92299161663155649,-9.1130694950288387,36.258228894705688,-6.0130444468535336,,0.1413723974935947,0.1333333333333333,False,1
0.60226467136558492,-0.663829214649716,-0.44340505116929363,0.78076711059149251,0.60557945957468906,0.15387084571106427,0.16637302859392497,-0.43886705494804135,0.88301513205477777,-24.33366123178233,18.121581806743855,-9.5322244270486554,0.4119570556050766,0.2861799591882817,0.7674418604651163,True,5
-0.47307344282293223,0.86253196388303599,-0.17955536465316213,-0.86861384855122348,-0.49070658766761538,-0.068680615348409538,-0.14734822632352668,0.12347330116133193,0.98134746349070123,10.155955690900816,-15.831199496611932,2.1444962753489518,0.5679829569571225,0.3017902996228613,0.2972972972972973,True,5
0.54484855338263383,-0.77420142329057273,-0.32210589881544011,0.82476252356660196,0.56411826924255959,0.039209157435845285,0.15135003665972968,-0.28702392667098325,0.94589134255551166,2.1773089615771402,5.2491960513187435,-0.78953907726234418,0.5775786088384434,0.3970509513537864,0.9454277286135693,True,5
-0.1311312778984613,0.95456712583295256,-0.2675933299537428,-0.99119989773412087,-0.13116909518814018,0.017816598985002534,-0.018092835283181775,0.2675747946771907,0.96336720857878211,-12.664738462640171,-2.119124034348765,-5.137429913091303,0.238448530521596,0.196283005022783,0.7698412698412699,True,1
0.094620554137290439,-0.92790912179347185,-0.36059896343059689,0.9953596005299995,0.081814202830339605,0.050652757555700707,-0.01749903904540677,-0.36371843218031302,0.93134455800459981,-15.898029079291979,15.682243763848124,-6.8309504240465957,,0.2582250215135313,0.2916666666666667,False,2
0.95194602951733809,0.10339296999739454,-0.28828571008861037,-0.076595007375752006,0.99175219162154182,0.10276572998318825,0.29653323883046384,-0.075746182537385812,0.95201394637879599,-45.862456011583795,9.0917409940340619,-15.68576973958999,,0.3026115881937588,0.5714285714285714,False,2
0.21272099691836624,0.94934700809538819,-0.2312791293878258,-0.97163084751407913,0.23055464590219338,0.052707223527573108,0.10335992274149412,0.2135060033658272,0.97145865218115335,-12.135626254018355,-18.589085728383616,-4.7865197005652389,0.4387608438032614,0.3778207909257128,0.923728813559322,True,5
-0.9063982395832344,-0.27718694253596199,-0.31876265491424838,0.31435159863328049,-0.94667362186537862,-0.07065497930781843,-0.28217955935381928,-0.16424509901927914,0.94519746282511408,5.8457602082047631,15.531272808332117,-0.32056854120450695,0.5547856699169691,0.6602769068146388,0.6632653061224489,True,5
0.5936292110655913,-0.67871790056428671,-0.43237295385263202,0.77482155562258803,0.62719146410817883,0.079261745454104693,0.21738426049793952,-0.38206397213483184,0.89820443356972923,4.1644894325055652,-4.5844239521132888,0.17890150086849047,0.4318943984335367,0.1680232318934765,0.2027027027027027,True,4
-0.88359367721666293,-0.35892908555986902,-0.30071934610512269,0.3753164105618631,-0.92689004384242035,0.0035268383511994766,-0.27999965275995464,-0.10974861349900018,0.95370615825281979,8.8986808036305707,4.9105171048935006,1.2659153944145516,0.212116851411229,0.2262586819355321,0.7349397590361446,True,5
-0.59998570785658956,-0.7186655157129973,-0.35147834484189827,0.77320448010147669,-0.63369590836772205,-0.024172870516638884,-0.20535818055006624,-0.28626800771825861,0.93588388459155947,-22.593546973233146,1.8879002116198482,-8.281160918003545,0.4252535576178114,0.3298273512119205,0.8513513513513513,True,2
0.063991819553971471,-0.88772529699075353,-0.4559044243181356,0.99791268731087157,0.05294886101884317,0.036968724900945757,-0.0086784522909648491,-0.45731850520122841,0.88926063067379058,-7.7567810472477481,-3.4636651149615245,-3.6441352399329801,,0.07769301177583157,0.2761194029850746,False,5
-0.079482820196164025,-0.85211995136481589,-0.5172756226420191,0.99570019643500163,-0.092633470558340411,-0.00039868736622093032,-0.047577306701442737,-0.51508312787194011,0.85581877244466664,4.0724525700608476,38.94459791021751,-2.425247787536839,,0.1785844002149307,0.25,False,1
0.91722155103354419,0.34588984290070396,-0.19764828078621316,-0.2712539125228835,0.90560639703074386,0.32603430586062965,0.29176350227649656,-0.24543282224494978,0.92446567729918006,3.3905223039787846,41.058586605300114,-2.7075209584936459,,0.3628914911596698,0.4545454545454545,False,1
0.94751045840686632,0.11317225332797667,-0.29902503621984439,-0.085826763023850852,0.99096187191940777,0.10309381722892874,0.30798976924316607,-0.072018119099656858,0.94865994569333945,6.8766384216278604,21.794838396557683,-0.48602256359890389,,0.2274620261301266,0.55,False,5
0.35285624784861769,-0.83734666378846911,-0.41754404916908716,0.93148393338533209,0.35656130129141284,0.072122952424080622,0.088488135923336972,-0.4143846076577849,0.90578984689447606,-29.861210811256324,2.6689628593469199,-10.632321571342132,,0.2136780206289936,0.6111111111111112,False,1
0.92155226219238784,0.27171647677730276,-0.27732937871026841,-0.25200917274224433,0.9619991080106044,0.10511466615355106,0.29535200168927844,-0.026979111077507181,0.9550074987473165,-1.3319007538755336,22.45122129898947,-2.9078938712371225,,0.1200472737199182,0.3636363636363636,False,5
-0.90913707809246436,0.31323356914806233,-0.27450774924628996,-0.31863952213481844,-0.94752215550381191,-0.025896327212674371,-0.26821377326899654,0.063925706786685146,0.961236118672531,4.4106760508505936,21.16075777493354,-1.1726374492224676,,0.1024310778750636,0.3333333333333333,False,3
0.86320649042880926,0.41889940506120016,-0.28177622916234535,-0.42116035895734388,0.90527913468719279,0.055620502900714207,0.27838553648582215,0.070660998714849321,0.95786664851435399,-10.865567869244382,-1.1394698575741684,-4.5523270216759366,0.3938312907666064,0.1862830017509971,0.1843137254901961,True,1
0.75782233718896386,0.64501977386829623,-0.09825882441973588,-0.60277181728620932,0.74976880435297943,0.27297046782497186,0.24974275073150104,-0.14763546775079425,0.95699128894628283,-16.053389214370267,20.600187042451651,-7.2043845600928034,,0.3068460868727838,0.4230769230769231,False,1
-0.85006787578414789,-0.40311489275493362,-0.33894393312022242,0.44855857735336513,-0.89140016560328317,-0.064814716270034642,-0.27600690071545791,-0.20713311662218162,0.93857128805212753,18.174047214577449,-3.7802556054319001,4.4891914880001496,0.1981883266161466,0.2222653773917161,0.8085106382978723,True,5
0.075066258385917933,-0.93399052461540288,-0.34932328405158419,0.99717829413990922,0.07005950119111154,0.026965088337954572,-0.00071172196797186435,-0.3503617647824856,0.93661418269762675,-5.3905692952082003,-15.812272783559459,-2.7252720654849369,0.2059919733594182,0.1163135287970506,0.4615384615384616,True,5
-0.21180028549153307,-0.9091325004778702,-0.35863454328962896,0.97250898670827401,-0.2323957848670731,0.014780728928680197,-0.09678279721805419,-0.34564475368631437,0.93336102040516777,15.872047204896978,-9.2920834612302468,3.9464793010938162,0.2661432124398109,0.2458568805133326,0.7555555555555555,True,5
-0.28025613763243046,0.95267060067286291,-0.11779314043253908,-0.95595309040286114,-0.28813890636111905,-0.055943360555461993,-0.087236381565104049,0.096926246469291627,0.99146110184757275,17.136257558845333,-11.615892779671306,4.3067447989830994,,0.6264400349562611,0.28125,False,5
-0.93404427106814392,-0.17789272241700002,-0.30970224247791489,0.20032427883876369,-0.97883215086576303,-0.041926170099761226,-0.29568815159304274,-0.10120177736864672,0.94990879418232455,-9.7046588108064267,-5.5106218773653461,-4.1361329875198534,0.1746349072736984,0.1627210175143379,0.4919786096256685,True,4
-0.2888635832998786,-0.88127440529367362,-0.37404979991631687,0.95087224807399129,-0.30954272540989275,-0.0050268268848136476,-0.11135438063169328,-0.35712564136463032,0.92739499577797702,18.178961661580036,-0.17891531075299782,4.3634300932462393,,0.1422663115131746,0.5238095238095238,False,5
-0.77881324069211244,-0.52643531488387141,-0.34105101578175867,0.57282052376483816,-0.81845962055171129,-0.044726916729473584,-0.25559065647324875,-0.23019493645488479,0.93898014225760162,-19.20015283189414,-11.397691424024631,-7.044814905160778,,0.2612923329471888,0.5,False,1
-0.904218158419828,-0.30518851431695437,-0.2987465359010289,0.32733442525415168,-0.94455566572307992,-0.025821858840194653,-0.27430219836411929,-0.12113861927328973,0.95398309151324701,-14.049807131934465,-4.8987033475099402,-5.537602604508753,0.7304898809162065,0.5240550012063205,0.875,True,2
0.72772703661865568,0.65653011203651279,-0.19844790793443401,-0.64205802660633526,0.75385541636716324,0.13951165429550672,0.24119463228813365,0.025888669398302977,0.97013139633359835,-1.8796227521920115,40.825821357757519,-4.1368166959797907,,0.2750360825570136,0.6,False,2
-0.16737429202763451,-0.93232092377537512,-0.32056753026293777,0.98343997778353653,-0.18081035600610809,0.012386494986937951,-0.069510117719401646,-0.31318574401076416,0.94714467389256807,1.8258398222449739,-13.513640581424896,-0.47316225370371773,0.1835459609641443,0.1374059988766325,0.3636363636363636,True,5
0.87669629794903792,-0.32674435262719614,-0.35304635558051706,0.39658900879676473,0.90630590597580318,0.14603685457779778,0.27225127963712187,-0.2680442739914648,0.92413825151669649,-23.393253704593853,3.8483879483853345,-8.5654475140152968,0.8510709826117338,0.6051699124528465,0.3483146067415731,True,2
-0.046837384297600052,0.97184313646954101,-0.23092677958436464,-0.99863853917336631,-0.040241986022756478,0.033191122888965169,0.02296361273504367,0.2321669671981591,0.9724048394738507,-3.6642287140776624,19.733544836433545,-3.428589732926417,0.1582792548243926,0.1914514238988012,0.5625,True,5
0.63688449659974899,0.73231546964043159,-0.24102321655018438,-0.74016536696610924,0.66827146761677536,0.074622215949704473,0.21571594177252534,0.13087130508493411,0.96764628556645482,-29.18184466315163,13.919763591042846,-10.798225331088906,,0.2088877204570054,0.3181818181818182,False,2
0.59109505744754398,-0.66507747147535123,-0.45637549232735863,0.78993869642818004,0.59172673157519762,0.16079903925298356,0.16310576000384952,-0.45555617883559463,0.87513717723467754,-18.099883565475302,35.118608150229726,-8.5687890852382225,,0.2274829744303455,0.4090909090909091,False,2
-0.85524994626036888,0.45547210278508343,-0.24716936097779407,-0.45474736240066332,-0.88835322683143336,-0.063508903059493416,-0.24850023302056823,0.058083629042222501,0.966888786896409,27.163532083961869,-2.8449724921593118,7.3285321593553077,,0.4624581790246986,0.1818181818181818,False,3
-0.44699086777045788,0.87666809274919777,-0.17791070593220948,-0.88661174202822512,-0.46059758513234134,-0.042065228727911366,-0.11882248536152271,0.13893494781997567,0.9831471391642107,0.53937292524175851,-4.1160130927198901,-0.93707598712091023,,0.8608033679812453,0.3777777777777778,False,1
-0.86930700252649984,-0.36308913416143246,-0.33536788160510012,0.41702949425980357,-0.90299879184584686,-0.10334206714766432,-0.26531441023020852,-0.22969428068378511,0.93640205101513663,33.247901906368682,-14.184355039604915,9.4309784221527426,,0.4244248985414236,0.5333333333333333,False,5
-0.85226532628466767,-0.36646807125185915,-0.37328938689150071,0.42576657900307469,-0.90054474211517099,-0.087988565465857843,-0.30391879477404593,-0.23392374869102855,0.9235329154834867,21.934412265318773,11.997808284480238,4.9921188539487966,,0.2931887422753504,0.4166666666666667,False,6
0.16369756875717434,-0.92459231560043786,-0.343994412622664,0.9859372032317737,0.16522079394357125,0.025098217708932086,0.033629410736723611,-0.34326540632763641,0.93863620404937753,-18.209924827832534,31.226248567407069,-8.3305001541017969,,0.6896660524607244,0.5172413793103449,False,3
-0.19926048211211231,0.95501398765501821,-0.21964412956350299,-0.97866270180346515,-0.2054058971898769,-0.0052662603774527063,-0.050145551818581699,0.21390815969214919,0.97556584752128717,-11.298259645922226,31.142230487588677,-6.3686094602953878,,0.175671465427284,0.4545454545454545,False,4
-0.52378748041838696,0.80730322998322424,-0.27186057127802304,-0.83893181937223571,-0.54423648973528327,0.00021374145392719091,-0.14778388884364324,0.2281844387754606,0.96233662722509927,3.5610249571867336,-14.793162592578449,0.10760532313625688,0.6398886386782313,0.5787886103650198,0.952,True,5
0.94482245490002981,-0.15823514642013936,-0.28683125205263094,0.19797821260816686,0.97342082977725397,0.11513694232625303,0.26098880445175882,-0.16557030709991588,0.95103696950101912,5.6525690207194312,17.17078010770463,-0.45643929629379842,0.3990786188008945,0.307426290282811,0.803921568627451,True,5
-0.94249819098846577,-0.1350007611516007,-0.30573183424687345,0.14850100850019371,-0.98868448108422702,-0.021223744665758045,-0.29940709820893469,-0.065404826669752891,0.95188108405956051,-10.142334818905818,-3.5720059422053096,-4.3180004879091314,,0.086256177359388,0.1958762886597938,False,3
-0.58905169609350361,-0.74484458244227736,-0.31340811625699339,0.78198009965930293,-0.62319986556359919,0.011360074750595351,-0.20377738605201931,-0.23838723868509096,0.94955057862438519,7.7940414628052972,0.022295474324689268,1.1850720448609389,0.2795684650677724,0.2225384160539282,0.7025316455696202,True,5
-0.77001200692285021,-0.54225364510606766,-0.33621792570270265,0.58522157897711868,-0.8101757531111905,-0.033629638271077775,-0.25415981722957898,-0.22265721061734933,0.94118359200845036,-28.075919338335808,6.7735563936174161,-10.19896217659994,,0.1194582867217636,0.2666666666666667,True,4
0.94337628308436894,-0.11225616268533023,-0.31215339570968237,0.14490965051575655,0.98592522229846136,0.083382547473262125,0.29839970124201243,-0.12389515718902863,0.94636547291402373,-3.9949906610660251,13.719300608969759,-3.1899132765964699,,0.5134144979302093,0.9388297872340425,False,6
-0.41902488565461027,0.89304196021492199,-0.16399451971828372,-0.904943174496039,-0.42550449395471551,-0.0048761211400768015,-0.07413498590525458,0.14636250517065819,0.98644919835995448,13.464924268285817,2.3588663071886788,2.7620888478239931,0.7666907089283783,0.7675619328627934,0.4142857142857143,True,2
0.15602573585888707,-0.91577213788857648,-0.37015856226309174,0.98773334679801406,0.14701614259193055,0.052622138312533789,0.0062293958685573428,-0.37382836340274583,0.92747698049209704,-5.0329626233187925,21.132395683574178,-3.9302463694352801,0.195546911875143,0.1428029829395296,0.5428571428571428,True,5
0.89942867989763109,0.3344939928700229,-0.28132155713964496,-0.32577510937617615,0.94216676276133005,0.078691608566460583,0.29137369113999595,0.020870071435091259,0.95638162478675304,-11.547857864369593,20.674786136836932,-5.8051493032434038,,0.1890584895709375,0.6349206349206349,False,5
-0.56455889579663732,-0.72348069489204603,-0.39730207310735621,0.80511096745875244,-0.58874333787419209,-0.071955626509574738,-0.18185044199702163,-0.36049544550143242,0.9148625309401468,4.0013352565713074,24.335346533592148,-1.5595231401469676,,0.2317430302270592,0.4827586206896552,False,5
-0.49996463624401227,0.8516516313378375,-0.15724141103727507,-0.85529564653394829,-0.51407053340835174,-0.064813915954281542,-0.13603205330167123,0.10208322840140407,0.98543101988605919,-26.791722124473129,13.555774510376157,-10.083648833473056,,0.09789248387180875,0.4285714285714285,False,1
0.37878683414050746,-0.80971762753604293,-0.44819404049943995,0.91807161023636741,0.38992048774663068,0.071460000793679951,0.11689761657029268,-0.43854233192798087,0.89107551326885492,-9.0862822605482219,-1.1905067451501501,-4.0440178560399991,0.3820637631757163,0.4717277210227356,0.3339416058394161,True,2
0.76244364993877678,-0.54757253766594638,-0.34473757651598302,0.60916913914073267,0.7870719216604507,0.097112048955140501,0.21815737573269539,-0.28404595777409414,0.93366228010219143,-2.6915494974105005,22.048712275907764,-3.3062514405758003,0.3305463376302653,0.2013197067932932,0.4722222222222222,True,5
-0.63035671675914196,0.74104296346648757,-0.23131306909347049,-0.76240995484676,-0.64707753999347217,0.0046602560613903943,-0.14622404175509762,0.17929301027313321,0.97286820591486156,-17.039543871602518,15.250213517533393,-7.1448440520626617,0.326224908475635,0.3024620172061639,0.8240740740740741,True,5
-0.91643759140059755,-0.22819747241056987,-0.32873706005453579,0.26717978340718435,-0.96047639386566752,-0.078102881926941467,-0.29792130572747266,-0.15940831349785695,0.9411864242441067,-4.9172178343580093,32.558416758405272,-4.58868045120178,,0.2645147484862778,0.8275862068965517,False,4
0.0656514353337318,0.96664466613334765,-0.24756408963048354,-0.99696977533965525,0.073918048866519051,0.024236111712986369,0.041727162590071601,0.24522277930020331,0.96856834163339556,-26.517469075219729,2.9733477547284086,-9.5915530091278018,,0.1113271363484849,0.5,False,2
-0.89340817208019285,0.35502043859642451,-0.27528589909243645,-0.35993538961474847,-0.93234772156942902,-0.034267205710031515,-0.26882773919967423,0.068470535729587223,0.96075149355787914,6.0783896205387267,3.3962492585960184,0.4652039824998514,0.4055923220113999,0.1759253839638368,0.21875,True,5
-0.63246831322976449,-0.70651689431106468,-0.31751804801199168,0.74546009833832727,-0.66654798342112331,-0.0017399950131978328,-0.21041167872936317,-0.23779752700623846,0.94825063227187445,19.007831809387621,-2.477677822647403,4.7481561951500666,0.33064512096777,0.2461051352200071,0.6935483870967742,True,5
0.95645455595946449,0.01665680536259936,-0.29140561631426526,0.036127234247369945,0.98393752342069385,0.17481925795056899,0.28963685078045581,-0.17773435469785911,0.94048976274604723,0.64811314866046199,-17.671008195447058,-0.83564278996230201,,0.2157340372793651,0.5172413793103449,False,5
0.66432407938371274,0.74125413393252249,-0.095999096240167309,-0.71291223461604514,0.66697196547809567,0.21657456683794454,0.22456549887669702,-0.075436769510845297,0.9715346779811973,25.621721645961372,6.8803716993169788,6.3633296928449887,,0.505393757876065,0.5294117647058824,False,2
0.19936460702149678,0.97499793544893776,-0.098146723518789947,-0.97627941172511867,0.20625592816731711,0.065855921051146404,0.084452730617905022,0.082689285679271723,0.99299054291822553,-31.282593225776822,5.3162569870883374,-11.165041233098286,,0.5173831564424464,0.15,False,1
-0.89188415066604154,-0.32625753225703974,-0.31320709512439482,0.3538194407819838,-0.93469973157434039,-0.033885323070336815,-0.28169924585529005,-0.14104054183249473,0.94908013383705281,-20.314432117799189,15.463629090007993,-8.2311978510865149,,0.08918167095062754,0.1666666666666667,False,5
-0.65556707082479293,0.73461521352652259,-0.17484937433569492,-0.73544348808735516,-0.67365446004137408,-0.072887202554837827,-0.17133210872485777,0.080809383871846802,0.98189365615536339,1.0717604795425515,10.270140903641042,-1.4679081352572811,,0.6358884725569093,0.3245614035087719,False,4
-0.93368072925361167,-0.1347817544805828,-0.33177428242643892,0.18535859409731018,-0.97459672366362493,-0.125711645516218,-0.30640249250734081,-0.17887175540946287,0.93494513619892428,-1.5376454441399405,-10.337636636047392,-1.5449782189286172,0.2307425111911249,0.3905385750797314,0.6971830985915493,True,3
0.68309292080282957,0.67663363681049216,-0.27486539084735034,-0.69202305712670797,0.71996260071604756,0.052516111577211012,0.23342696920892519,0.15433980402602654,0.96004743369228551,13.656768611364948,11.7935533340071,2.3895332294040337,0.6093648901110266,0.610711642681343,0.90625,True,5
0.51232117595351867,-0.7959825385601117,-0.32239542642072944,0.84777022575007432,0.52871163961960055,0.041828775530986365,0.13715923957674861,-0.29474701090622402,0.94568046535844996,-22.873122161969484,17.901448999688874,-9.0410299319286054,0.6142216672651558,0.5967449577000041,0.9238095238095239,True,5
0.32609825340985277,0.94533497971280478,0.0013058539102892008,-0.93729814469605122,0.32314553676145058,0.13057239379169922,0.12301267037335581,-0.043803404006374669,0.99143791773618939,-9.9743937671814944,-13.464987024846128,-4.1965452013520252,,0.6815973784355479,0.2542372881355932,False,1
0.9259805587637715,0.2547148665302934,-0.27871193293432484,-0.23318397912233582,0.96636713332721302,0.10844259082859208,0.29695999170293413,-0.035424573298747236,0.95423260420842582,-8.9135947490793974,29.756881395496322,-5.5877610073842394,,0.1141466967517717,0.7058823529411765,False,2
0.66008770433661534,0.69684821483091863,-0.28051165407266221,-0.71762559039892615,0.69535234313878946,0.038712154370290054,0.22203093160235865,0.17574892425946406,0.959069643474045,-9.3923481083296601,-0.030805890488566863,-4.1220603273902547,,0.08857887600953951,0.5969230769230769,False,2
0.68315722928325984,0.69434648384551856,-0.22622811595684575,-0.68225824047944417,0.71731733138963671,0.14134899853179711,0.26042252854910869,0.057782406140751252,0.96376413098053881,-19.444531968012345,-21.010049063903679,-7.0471268736943564,,0.2757154051663743,0.6857142857142857,False,3
-0.55666930845978579,-0.7712497487207044,-0.30869581486822062,0.80838196552122699,-0.5885229406831004,0.012623236896848848,-0.19141023702754775,-0.24251716101745605,0.95107704618137634,-6.1457500492936799,-5.3439054911659616,-3.0503846739973,0.152000397225511,0.09383671404233047,0.506578947368421,True,5
-0.016496023636938931,-0.89979835811716447,-0.43599403199335818,0.99952132901130664,-0.026254140590667729,0.016365602748372746,-0.026172391095229178,-0.43551536692922949,0.89980073967121066,-17.851875771079659,7.8855364632332172,-6.9877740586807473,,0.2444003376526191,0.3076923076923077,False,2
-0.88399087659202202,-0.31870970095917173,-0.34202961365440854,0.36226528481258002,-0.92942504656625746,-0.070234936000330039,-0.29550633414823602,-0.18599249804716739,0.93706072223119352,-24.238603324198461,16.281143504848369,-9.3809342888389029,,0.1804392606120411,0.2352941176470588,False,4
0.56904753080567461,-0.68336385332725669,-0.45738250037543937,0.80360243862436442,0.5800957214886856,0.13308671814834144,0.17437897901106042,-0.44328636103115671,0.87925489694559866,-10.018259330593018,-16.000834542834166,-4.1668937794657497,,0.6586980601520258,0.5657894736842105,False,4
-0.769064443992451,0.61800491085415976,-0.16312513953012792,-0.59799358671794056,-0.78581359547800256,-0.15779944044940677,-0.22570678153479271,-0.02381015166005726,0.97390426913897954,-17.194292144093847,-17.630383439201868,-6.3917286209993023,,0.6535053005817412,0.2,False,1
-0.18469277378169899,-0.89711296905374405,-0.40134386761030572,0.98002617676444548,-0.19875486338050238,-0.0067228817527753559,-0.073737861165659141,-0.39456916382071006,0.91590278020788851,16.810003785088217,-3.1920831590878045,4.0864449680119366,0.1867564022046554,0.192722277516322,0.2272727272727273,True,5
0.7370109353216665,-0.59279287167987349,-0.32467136076625497,0.64085833749950138,0.7655383018987032,0.057023675639375007,0.21474513376013343,-0.25009542101281818,0.94410635413324262,-10.253371010119229,0.31282384266690932,-4.4151890773044506,,0.08838774457888661,0.5210084033613446,True,1
-0.8005332361127776,0.56492991510841162,-0.20000182222772095,-0.54923280670226537,-0.8251295184176104,-0.13230495787337748,-0.23977043587723287,0.0039330460875589557,0.97082164645609192,20.122247556147283,-2.9370876923856271,5.0751454961864022,0.2137776475054301,0.1885050109470584,0.3529411764705883,True,5
0.88598414998075559,0.39569765776814542,-0.24177561833171179,-0.37667193751505246,0.91821529822590775,0.12247006814958321,0.27046319060370122,-0.017436448626687903,0.96257240391970256,-5.9708249116122136,31.700764499050646,-4.9180702680460913,0.50444307040828,0.396762625140629,0.945054945054945,True,5
-0.93255614223956707,0.27372951786648314,-0.23539582116053004,-0.24397775371053751,-0.95842847893270722,-0.14795170315038081,-0.26610880719288105,-0.080541925848099175,0.96057227781935417,-41.1236110458496,12.046433867587142,-14.422029237006193,0.4490174091453261,0.3179840507662323,0.2121212121212121,True,5
0.63437853088212559,-0.70372922984389774,-0.31988912238328887,0.75120557445849134,0.65883375185936521,0.040351856381092226,0.18235696986494432,-0.26590084331236497,0.94659530796822011,24.399019894712513,-11.95795388878444,6.6104098432923708,0.2090875695609438,0.1870744549220087,0.2727272727272727,True,5
-0.39597591659824288,-0.79633991484477518,-0.45721528134916778,0.90688871972249352,-0.41726738004628533,-0.058658192858341313,-0.14406916225993247,-0.43787061282338446,0.88741951911787254,-13.6769776158242,-2.6507492915061022,-5.4509195103197134,,0.09912887094364799,0.3170731707317073,False,1
-0.93139038774483252,0.25359183468966073,-0.26115728401724425,-0.22008187733176016,-0.96373623907273209,-0.15091861637344436,-0.28995846752019511,-0.083088163276597113,0.95342563644820388,3.0579129195882948,-31.27059326547079,-0.026548107555160745,,0.3313842023752506,0.5384615384615384,False,5
-0.65831086797561633,0.69536452630462287,-0.28826199309367767,-0.72756350826044225,-0.68600740049366105,0.0067221957490099966,-0.1930754840805782,0.2141542015116161,0.95752798153472984,-3.759978467144653,-15.914823165038854,-2.209097212880029,0.2079891574702621,0.2278511300106,0.7,True,5
0.65206902868722982,-0.66686314270816482,-0.36069312541866094,0.73525292730600234,0.67228025681297965,0.086269282988950494,0.18495706181394228,-0.32145420388737034,0.9286862118543,-11.917450265058937,14.723051592965639,-5.5769292454119777,,0.5661900976212279,0.4230769230769231,False,2
0.85722355819863838,0.48909554914151659,-0.16110032613010408,-0.44653419986431497,0.86184163630547106,0.24049158463831052,0.25646633233390181,-0.13421824667409521,0.95718884377061675,12.04008437006253,11.549890772741854,1.910026236378717,,0.2980474894700985,0.1666666666666667,False,3
-0.73811641125317462,-0.55468047036683621,-0.38407517393390578,0.62840815067847156,-0.77240367926282194,-0.092172405969027676,-0.24553484396231379,-0.30938993528374736,0.91868956037691074,-19.054180612605556,12.609201302075409,-7.6392257260752654,,0.1374598492885049,0.2564102564102564,False,3
0.90810362010790946,0.35275406258373249,-0.22563773283204036,-0.30261429187702032,0.925280997528101,0.22864747093543983,0.28943463078678172,-0.13935439334328659,0.94699944432784411,-9.0059644357706539,10.365691432255051,-4.4505579235499324,,0.5516861124740172,0.2045454545454546,False,3
0.24433162830264624,-0.87017757984540733,-0.42789371921701252,0.96819472852701205,0.24342876894197624,0.057804862285961781,0.053861146139705801,-0.4284079994418683,0.90197869318001822,5.7863098309245826,20.948053211973487,-0.74708174600979671,,0.478837411391472,0.2777777777777778,False,1
0.95682236855947644,-0.0083282691833639101,-0.29055394500271958,0.028033353024732626,0.99757383249143627,0.063722679216578676,0.28931831283626824,-0.069116486171952457,0.95473442652751239,-15.356123076325469,20.617728579111049,-6.9439475492224378,0.6388454450550459,0.6697649267600161,0.7222222222222222,True,4
0.49154155893252877,0.86717062781892396,-0.080012487089909823,-0.85615327181889245,0.49801054883358703,0.13779357170882447,0.15933760069733957,0.00077168555975654085,0.98722385177092065,-17.227118043864515,9.7865921515059338,-6.9243177943551322,,0.4855932110691543,0.2564102564102564,False,3
-0.60955480125520356,0.76178033589072491,-0.21939385615131535,-0.77528725370720575,-0.63060648738031244,-0.035568698500263729,-0.16544672407112937,0.14841218927055247,0.97498779662622126,30.151224869747129,-3.0565644433143402,8.2528566953378952,,0.4476583513225743,0.2727272727272727,False,4
-0.93002984923205656,-0.13532401964587343,-0.34166048826910372,0.22846413981576985,-0.94113485828426224,-0.24913714163187828,-0.28783435575976574,-0.30976214783143796,0.90620019610195168,23.569105913782874,-14.35025951264149,6.345240832065322,,0.4074009021010463,0.1923076923076923,False,2
0.69588205261781433,0.65928342759138669,-0.28476925913407608,-0.67955412630180179,0.73275034355148216,0.03582071260290446,0.23228077464700411,0.16858913407612658,0.95792658674913589,-10.110134493315959,-2.1796519411874988,-4.3209753502176644,,0.08419286292569372,0.5483870967741935,False,2
0.91335035358867112,0.34806393663971108,-0.21128802050830434,-0.27572041749420245,0.91053033600168154,0.30807914339904335,0.29961539175461754,-0.22312777333073769,0.92760153826532354,12.442887543936054,17.03798613499097,1.6659852500580683,0.7078838432530148,0.6134604117375161,0.2222222222222222,True,5
0.47383511578161092,0.85029376849584037,-0.22908686193095279,-0.85763112084084492,0.50462533473465443,0.099106670356821455,0.19987281860599515,0.14951180154450044,0.96834760162940181,-12.961777098196826,34.334800376801745,-6.9967204641240812,,0.1763933037131545,0.4545454545454545,False,2
0.81195643318561572,0.5472508139445077,-0.20308445840479328,-0.51121198996401385,0.83461334367995521,0.20514109258848917,0.28176062877117347,-0.06274641972607134,0.95743085122949423,0.6595396520795932,12.615632713038194,-1.6659462406343293,0.7093871031733239,0.3626584778354984,0.169811320754717,True,3
-0.096975268500799836,-0.88547917148306898,-0.45444739428107112,0.99306721616006455,-0.11656058461536993,0.01520310173032341,-0.066432683878472676,-0.44982248385755552,0.89064382978209766,20.583375507470148,-13.228223141629838,5.4598616128995214,,0.6112227521451072,0.4857142857142857,False,5
-0.80117400290090346,-0.44653261821339407,-0.39840787887193441,0.53901917864797166,-0.82766590418322572,-0.15629291763297853,-0.25995873158139648,-0.33996731008150538,0.90379405062798279,2.8211752762994791,15.089743831876691,-1.2399327006518706,,0.4727550385959773,0.2592592592592592,False,2
0.32591267405296881,-0.83257610196665244,-0.44788163986220497,0.94204274138293587,0.32588816818106703,0.079701789486254698,0.079601521966393765,-0.44789947116914852,0.89053335784069931,6.2521351560991443,-5.7611008105733221,0.81636780652805596,,0.09946052840116401,0.4102564102564102,False,2
-0.3906662218876758,-0.81297927657946323,-0.43179230994581497,0.91209902082221084,-0.40520902232576866,-0.062297868671081183,-0.12431926355627085,-0.41817501608552438,0.89981907994368437,9.2949968964965759,-15.62406103339428,1.8510675189445005,,0.1156038366833115,0.1428571428571428,False,3
-0.25434395434122586,0.95906403013791797,-0.12452043601627769,-0.9667073388151789,-0.25585355166754126,0.003985119819998436,-0.028037010734805384,0.12138841046294355,0.99220904039135671,1.0679271229007143,-14.049417209984899,-0.70716625084037932,,0.5596300709841197,0.3255813953488372,False,4
0.062639204303600163,0.99432028683079443,-0.086043577801829474,-0.99713660083178646,0.066009463030451382,0.036896477773121758,0.042366606730334017,0.083486034683407817,0.99560793118928037,6.5262523957541863,-14.878637243453328,1.0288869337429976,,0.3549489990202334,0.2222222222222222,False,1
-0.24617059276442546,-0.82032171667976916,-0.51620957023438452,0.9641831446003466,-0.2615288706970687,-0.044198568534548691,-0.098746660331368308,-0.50860095451687126,0.85532108949676267,11.227290267138722,-11.163661427679868,2.4835624865126,,0.3954195109798554,0.2173913043478261,False,1
-0.36432172066315804,0.92314842794520391,-0.12274633939688462,-0.92583539315677044,-0.37325725612935884,-0.059227067503217538,-0.10049133610060396,0.092065198251463837,0.99066921353175941,1.0846146144823232,-6.6740065699133968,-0.77743790188363127,,0.5257684616195358,0.2127659574468085,False,3
0.89357568444082003,-0.25143321772033211,-0.37189223331890076,0.3556146610734639,0.90206147199254139,0.24458804871917611,0.27397209530484162,-0.35080826354783701,0.89547353574565558,-13.676132343575562,-35.519181983596575,-5.1579012325539138,,0.342739329417484,0.4444444444444444,False,3
0.86803242249228307,0.42451390413790219,-0.25750273531707002,-0.39695332789091942,0.90488489417528939,0.1536599615049328,0.29824112556537352,-0.031165260900072184,0.95398163375115774,-7.4524337671697447,18.998542963988118,-4.5135575607614351,,0.2076664414097976,0.2727272727272727,False,3
-0.13829935165314997,0.99013007064689407,-0.022709745333143183,-0.99038637278763897,-0.13832839881983794,0.0002944087038001808,-0.0028498997988473315,0.022532138840279325,0.99974205712794739,-5.5873586571702232,7.0605400806299397,-3.2567149613276296,,0.6579965863343872,0.3429394812680115,False,3
-0.911415795996804,-0.25432169190497417,-0.32348373040093309,0.32385418248024067,-0.92831437119371418,-0.18262227883057983,-0.25384978884680426,-0.2712063886817761,0.92844352517566875,28.714369760203958,-1.9243146923897376,7.7168691308205428,,0.2564621819572518,0.15,False,2
0.82722844290885356,0.54629901590272512,-0.13134111491193018,-0.49337366751959744,0.81811225515268271,0.29542302240559121,0.26884108213004992,-0.17958207926379247,0.94629527599287855,-18.432284877674316,15.888849033045982,-7.6642312018186907,,0.4457212277574766,0.1363636363636364,False,1
-0.67675669576143649,-0.61519531337422428,-0.40439473431840361,0.69774382701505289,-0.71119608401338152,-0.085753611856402762,-0.23484873132390927,-0.34019826055760655,0.91055544417082546,24.087597888845391,9.0383808904809744,5.7854884016832901,,0.1974553829664798,0.3428571428571429,False,2
0.90150958064631914,-0.28972553781465848,-0.3214647550524084,0.33582493222660997,0.93687429838146075,0.097407206752058523,0.2729507114808295,-0.19576940968969636,0.9418982149531111,2.4514339622469463,26.133841818352284,-2.1713296820608359,,0.09706130712209982,0.2777777777777778,False,1
0.91960464631386851,-0.21749765410008701,-0.32714227018058117,0.27558425863967223,0.95063304877941401,0.14265385714511469,0.27996537440899327,-0.22134040984265707,0.93414549835810767,19.912493224153433,8.1641256229208974,4.4774949698119233,,0.1138884110420912,0.25,False,1
-0.44630244909209721,0.87631946990576748,-0.18132377284424733,-0.88698831671780587,-0.46004330112914982,-0.040148313691971638,-0.11859953600461869,0.14291377732839594,0.98260358350110888,-11.170958089318678,12.902152449957148,-5.22767596735076,,0.9165731270517783,0.651685393258427,False,1
0.4165376652179017,-0.76715919057905879,-0.48781466743518859,0.90123305003366938,0.41896557394068262,0.11066542992084229,0.11947955047551012,-0.48573102038333793,0.8659041591628559,26.938865577659438,20.157136812897107,6.2905968229551457,,0.274981251019642,0.4705882352941176,False,4
0.95073777277442761,0.12753459684767882,-0.28254665814130825,-0.085610776025486626,0.98402512470575543,0.15609403888725612,0.29794040083250745,-0.12421546020814944,0.94646819122305581,5.305964784936041,21.774062461437239,-0.93190097445830666,,0.1072616007224691,0.2631578947368421,False,1
-0.51963130674577318,0.80813215359907509,-0.27731881899539623,-0.83947881520257206,-0.54329620186872118,-0.010225256041166347,-0.15892961925256796,0.22748991044515043,0.96072353815751332,34.217309241169772,3.0758275861072111,9.2865889445589627,,0.3508759041301442,0.4166666666666667,False,3
-0.91432886536568125,-0.19279739031817211,-0.35613465465411864,0.27161873329073699,-0.94422491545420706,-0.18617887302546096,-0.30037641332941117,-0.26696156150651684,0.91569947853723321,27.276379000024104,-4.4959311334606644,7.3822465047983385,,0.4062454134187958,0.1764705882352941,False,2
-0.92826718321301527,0.25580654910988926,-0.26996860188226235,-0.24361365729896176,-0.96670296543119794,-0.078343874067798136,-0.28102032408208083,-0.0069560088424849564,0.95967660771417429,27.899591117725038,20.688698101914966,6.5990503553508413,,0.2455060962920041,0.3333333333333333,False,3
-0.88218269444017894,-0.2744041398025916,-0.38269578216837907,0.3725102672968007,-0.90380489930521302,-0.21064853370095227,-0.28807949317633441,-0.32838859914907992,0.89953940078251882,-36.049153623683267,11.394572281834694,-12.861769365953851,,0.4064416060204576,0.3,False,3
0.86132198985632669,-0.3074670086371416,-0.40446071303609576,0.43742891832147901,0.85371149907768673,0.28254666474519019,0.25841898383447037,-0.42028646771250888,0.86981544815650591,-4.9725530117285102,10.721186716155074,-3.2509196207323794,,0.6459713593943978,0.5445026178010471,False,2
0.9471588405903586,0.12756113662456733,-0.29430984882361361,-0.10144332039398717,0.98955426640491195,0.10242854381119308,0.30430146801974628,-0.067160332510248527,0.95020529692174549,19.837678864163411,2.6695863117662837,4.7892652819712191,0.3601037157100457,0.2983804842816555,0.3333333333333333,True,3
-0.45473114282101079,0.88580120198865875,-0.092605714208923606,-0.88201569315266615,-0.46231816377088197,-0.091160476523225689,-0.12356336342589294,0.040226185538367182,0.99152102812593612,18.81219828732382,15.766888337577811,3.8404229416900977,,0.4313810450141793,0.5,False,2
0.82393923993403362,0.48968144597905605,-0.28519503915879724,-0.50110368142882011,0.86460353571656678,0.036821549191945316,0.26461146867702157,0.1125735647933048,0.95776195537007902,21.339021510046223,9.1359779760637405,4.9409767797071753,0.2556674207899277,0.2720135821538516,0.71875,True,3
-0.71771719160371439,-0.59323186231966762,-0.36463404998054799,0.65450966188078652,-0.75347030052545083,-0.062446847244564549,-0.23769546773377082,-0.28347568459186534,0.92905457367368793,7.5642274196517976,-15.954219765223341,1.3838508352773198,,0.09312858979731732,0.2631578947368421,False,2
-0.33150363283986578,-0.76544394393476356,-0.55154411438031481,0.93518366110015638,-0.3438343119325743,-0.084908691835174827,-0.12464694711575894,-0.54394258394746753,0.82981299335649905,-3.2955432012954766,15.309767143440347,-3.004646275564606,,0.5379406129128741,0.2268041237113402,False,1
-0.82603317124346598,-0.36472787910223625,-0.42970079614895645,0.49554701572364801,-0.83319323892520214,-0.24540208193231966,-0.26851881724163895,-0.41564720715399411,0.86898506544832854,-8.7802936332718282,-14.280338239092979,-3.8517919961888656,,0.586769794204936,0.1935483870967742,False,1
-0.83757578914555264,0.46821136753368553,-0.28150472953298855,-0.48623990839805398,-0.87380036138011252,-0.0066090795907289002,-0.24907338058945047,0.13134322884800873,0.95953707969912372,25.516802548972162,12.39054818632979,6.1249577455785111,,0.1013683001267743,0.5333333333333333,False,2
0.71889080882516487,0.64982739371498988,-0.24682050839483519,-0.64824287931349622,0.7549112412438056,0.099449420627199123,0.25095253416941071,0.088506362603607711,0.96394473356755817,31.67012770749794,-14.008220171407872,8.8771625360555735,,0.1598799537176018,0.4090909090909091,False,2
-0.53626005133230958,0.84287343181068053,-0.044604207119448402,-0.83099587193213109,-0.53648588995099744,-0.14706716396001951,-0.14788853294568166,-0.041800332907429794,0.98812029328012596,-13.476187923066925,14.068449337195688,-6.0522329773869368,,0.5007517439460417,0.1666666666666667,False,1
-0.80410878690180165,-0.49419666002158508,-0.33042203324055569,0.53335824418778399,-0.84521288686336216,-0.033825422939340363,-0.26256054955807245,-0.20343263529633385,0.94322697200204786,30.992116931376213,8.0962881429785405,8.0664596072242727,,0.1598721118942851,0.2,False,1
0.93681276225138599,0.25397157771300533,-0.24058322093798426,-0.18658167468400536,0.944468542486808,0.27049297758898672,0.2959208123046434,-0.20851285324125957,0.9321766264384389,28.753530480743343,22.97137502057625,6.7714489100232775,,0.2371098568411292,0.2727272727272727,False,1
