axis_00,axis_01,axis_02,axis_10,axis_11,axis_12,axis_20,axis_21,axis_22,location_x,location_y,location_z,dbh,dbh_approximation,score,reconstructed,number_clusters
-0.74525795730420918,-0.63506945435389595,-0.20316831746461295,0.65793721272674943,-0.74985873524043545,-0.069501807839580765,-0.10820906239365005,-0.18546877184652649,0.97667401597750514,-15.156055980092049,1.9752993400795329,-3.0374849393310255,,0.2805590661435932,0.2962962962962963,False,2
-0.97284096190749558,0.22715756709405041,-0.044496095860302752,-0.21397961509541016,-0.95585287013352571,-0.20139020577257455,-0.088279030117675197,-0.18639938403710396,0.97849991439553496,3.5310995188962124,14.316344351856294,-0.52220901939976261,0.4872883004522025,0.5797577186501891,0.7926829268292683,True,4
0.61202209389047113,0.7906204714565509,0.018660833415060335,-0.78648900563487112,0.60601296876686617,0.11909376852648773,0.082849264362424402,-0.087564557899816847,0.99270763449991395,7.5137537476815472,6.1722329051537486,0.0042433080315199805,0.5976489835371072,0.3794004467972574,0.3684210526315789,True,5
0.15565493646593317,-0.94791060001406013,-0.27791551798121955,0.98772466429789141,0.14562419921746347,0.056511769923519806,-0.013096880979938497,-0.28330034765819778,0.95894180466039758,-21.256290284215627,4.4364888470166797,-3.8357925315304597,,0.6538804256858601,0.1363636363636364,False,1
-0.22917292161891695,-0.95331143633532867,-0.1966648859072781,0.97094096107835715,-0.23819360262885558,0.023183135398884235,-0.068945065790714133,-0.18563704646152882,0.98019664602780321,-3.2553001738471528,5.8976894149078838,-1.4453745228448391,0.4502920742788682,0.3982776780841405,0.5046728971962616,True,5
0.77814324916368205,0.61994869187056578,-0.1007804704740026,-0.61553432840219169,0.7846296593000831,0.073985054606302267,0.12494228403326828,0.0044628684283716316,0.99215397417232598,-12.794121245309865,-16.290587664381995,-2.3461926689621113,0.2078352014599153,0.1406789921697871,0.3636363636363636,True,5
0.7794080706301787,0.62237023681581694,-0.071960737644684775,-0.61470552677130708,0.78185099114392609,0.10414481746141485,0.12107920875754558,-0.036936648103005718,0.99195539679642974,-1.1392670959832771,13.477299519079033,-1.1883727431637507,0.2396357387045087,0.09867307070127,0.1764705882352941,True,5
0.70657926187866227,0.70325664660763987,-0.078586485385102295,-0.69876234354052147,0.71093508472804501,0.079388239383969841,0.11170019665499213,-0.0011808068874649136,0.99374124990478852,3.6919211898695781,10.613116277887739,-0.45375902325345036,,0.06971337385328683,0.2826086956521739,False,5
0.51814377859673777,0.85462020697254104,0.033931202980522338,-0.85168705336919026,0.51191340127049001,0.11213310270827113,0.078461377918057337,-0.08699983582679266,0.99311370987481096,-12.918397781067625,3.0260703120303822,-2.73889877369243,0.4662695973014171,0.5568021541576005,0.7532467532467533,True,5
0.98643629878110639,-0.12152431953115807,-0.11034159782022714,0.13088829837153612,0.98800102693709868,0.081989170752251955,0.099053933775673397,-0.095319518115269494,0.99050618759795606,-5.0049012733378122,16.726624974288217,-1.6914858207239045,0.3208168183760707,0.1891146008833329,0.56,True,3
0.51969561501222084,0.85303419449571938,-0.047425001403359063,-0.85057772987456082,0.52181394489242283,0.065021014735590896,0.080212175999084576,0.0065475137912354292,0.99675630767236456,-5.7165372102361633,-18.737013784229358,-1.3829449111889589,,0.2657514067117916,0.3333333333333333,False,2
0.15335570295195247,-0.91517328861127611,-0.37274640197396353,0.98798864939552333,0.1347535622585451,0.075630060982674885,-0.018985706142338715,-0.37986751541959418,0.9248460486433524,14.816871661043766,-1.7508116564632541,1.012370528711402,0.5551711805247396,0.3083087638682804,0.3928571428571428,True,6
0.7345088704796352,0.67825147487940907,-0.021717642842547777,-0.66672976153976671,0.72725151162655066,0.16302350724365694,0.12636512281423279,-0.10526241333354945,0.98638313046976867,-8.6798846047209288,4.0458172408551274,-2.1653998664787717,0.1657894083373318,0.4057860699862895,0.5297029702970297,True,6
0.54278782830504235,-0.76713190301663248,-0.34189182034376941,0.83891910249280166,0.51458185841962523,0.17725758223014756,0.039951381910625083,-0.38303283718172942,0.92287037698906904,-14.846185078289171,-4.320701107087098,-2.8657603216783993,,0.2933690430621796,0.2093023255813954,False,2
-0.9891802536983576,0.098485178927153666,-0.10873405733688105,-0.077270689862068115,-0.97979213293950906,-0.18449015344480577,-0.12470631973357926,-0.17409206116745934,0.97680104834964854,5.0338517484794592,15.862097577405793,-0.30068736172219129,,0.4716573165715806,0.5333333333333333,False,5
0.32365087491431971,0.94617238109483615,-0.0028171653346573677,-0.94370955738278584,0.32302043960741289,0.07120440225308558,0.068281640809084304,-0.020386781235918666,0.99745776686497234,10.065052006090754,-15.382628541212684,0.43468114622306758,0.4527970554754285,0.4218857021412095,0.5588235294117647,True,5
0.19314231650289299,-0.93497054900417687,-0.2975333898417542,0.9811347268425874,0.18144252427219434,0.066732736863225464,-0.0084079343134104145,-0.30480925655327978,0.95237630365314063,1.3192517592882993,-5.327129392991564,-0.82345052866584811,,0.0902624647983801,0.3015873015873016,False,5
-0.68522226386059826,0.72751511648842215,0.034528312883690931,-0.7256968567040073,-0.67794295309971753,-0.11729204795022249,-0.061923511525751249,-0.10542821075628429,0.99249703833162561,-0.23684062540833495,6.0615147410297867,-1.0738853664041492,,0.1055259553621079,0.2325581395348837,False,5
-0.84524362764228644,0.5207363877510226,-0.11998676761261781,-0.52698594860273673,-0.84948824169116144,0.025603460776475143,-0.088594694566782053,0.084872502617016385,0.99244528231743989,-16.109911922606877,15.460424095620185,-3.3132693170167355,,0.07892780337590447,0.4,False,1
0.49583930255614816,0.86834246123342262,-0.011169425218626225,-0.86360374957383057,0.49440375197043801,0.098759778045385146,0.091279514474238321,-0.03932302196723364,0.99504861699351732,-0.83429839825833385,9.5076632653157365,-1.0986330196443506,,0.07829330742586113,0.3414634146341464,False,4
0.81327447285637222,-0.55174434888476176,-0.18483182970993112,0.57592354522636047,0.80859486526448321,0.12035951944824738,0.083046383750833563,-0.20433432736973811,0.97537212427066344,-3.4557457510977803,16.274443427990764,-1.4904323433449733,,0.07622621563299334,0.2352941176470588,False,2
0.9790112255632466,-0.09543361663108943,-0.18008177319723243,0.13927824315286452,0.95835693208043826,0.24930616060904137,0.14879042712957297,-0.26915500283308852,0.95153402106520557,-16.375851651394861,-22.594763250030283,-2.5856663707182848,,0.5848215840518766,0.5747126436781609,False,5
0.030768391202820884,-0.94997528195652248,-0.31080583935057843,0.99915940170069095,0.020805019945121475,0.035321963962981914,-0.027088670988242827,-0.31163137649586969,0.94981687134277737,-0.78947142141876603,-11.135557392711878,-0.98906383761562588,0.3096434285456574,0.1893608385935538,0.4782608695652174,True,5
0.65173084282693872,0.75844509691203021,-0.0028184176750266632,-0.75050809038586774,0.64543804449461362,0.14194131528321627,0.10947380861853814,-0.090392287774300611,0.98987106207701703,0.98036704782488515,-7.8543757457678973,-0.84815217250825192,0.6483623236932933,0.4281141961515896,0.225,True,6
0.10234292711049219,-0.92877415226641635,-0.35623657778540385,0.99414153091549273,0.082981512583706563,0.069258104784351987,-0.034764087496389109,-0.36123765397743318,0.9318255285027468,2.0412676202655944,14.891270821969513,-0.7431594288495228,1.352882345731208,0.6195258868008031,0.5652173913043478,True,5
0.76540460487212936,0.6403794797725697,-0.063795867630689729,-0.63284616602149413,0.76697174924513989,0.10611345820274315,0.11688250935206249,-0.040846759309189101,0.99230540725197214,0.84865797210487381,1.8652693080689349,-0.89186379378220915,0.721413282014313,0.7349376133907312,0.4823717948717949,True,1
-0.73562734092180637,0.66731040483679493,-0.1164011979528758,-0.67358900941196498,-0.73879232147316809,0.021534904961347079,-0.071625845109984473,0.094248232497163256,0.99296878550306944,2.6744600312085436,-5.7336950910764735,-0.60705856310434037,,0.07228001474679807,0.3103448275862069,False,5
-0.54433951809602765,0.83695589734160425,-0.056562487074873859,-0.83783771922198524,-0.54577154630028335,-0.012703365613097262,-0.041502352799411987,0.040475241248304317,0.99831824062169949,12.659486977908731,-19.239038922207573,1.0456391097098929,,0.2129112985982193,0.4736842105263158,False,3
-0.98112302161308984,0.1617366220157789,-0.10601359139150354,-0.16241351426063419,-0.98672016102816429,-0.0022746881244308167,-0.10497364834238328,0.014986291051416054,0.99436207904073393,-7.9868036313604662,0.4879754435271752,-2.0453175502537926,0.1825445668201188,0.1845871345766882,0.7145593869731801,True,6
-0.98201883671851375,0.1504342760927124,-0.11405495564191506,-0.14712700948273805,-0.98842798437357515,-0.036929159046181249,-0.11829052122078053,-0.019484565267242612,0.99278784455978464,-3.7794997577901879,18.91720954447937,-1.5429845788649932,,0.07777046571089702,0.2222222222222222,False,1
-0.74067563651545498,-0.65656127161188649,-0.1425724310370273,0.66185174603900321,-0.74951790964078879,0.013235157453725596,-0.11555028229107989,-0.084558853747461443,0.98969587880083998,-12.603454125650826,0.6992392561034686,-2.6541024138122862,,0.08010411624730406,0.34375,False,3
0.98950922380550332,-0.049653688619148068,-0.13566874072660709,0.063348763756917073,0.99311197993389033,0.098567385286709483,0.12984001746110851,-0.10612778391307814,0.98583896420632411,15.173029142739065,-11.579245916656584,1.1876788378859842,,0.1161986365705666,0.40625,False,4
0.29076016461295551,-0.94255539028954805,-0.16446234496189632,0.9567360446222104,0.2883384119403033,0.038949982290018503,0.010708295611152153,-0.1686721566704556,0.98561404006296638,3.0185405845524929,3.5099906376647301,-0.60269413595171195,0.5289058976251215,0.457622753181149,0.943646408839779,True,4
-0.63939278381136744,0.76762058763674001,-0.043994334250859191,-0.76685962030350674,-0.64081321202478514,-0.035843410028056966,-0.055706290110826812,0.010819460739987768,0.99838857591189645,-5.1405715446166234,14.110803436760927,-1.7411898666804375,,0.07386816996340517,0.1538461538461539,False,3
-0.90578302160619029,0.41488018379446123,-0.086206443289542647,-0.41508518552971357,-0.90963500706812561,-0.016384220150295788,-0.085213886918284756,0.020942469072300601,0.9961425633238612,-19.806958373416318,-2.186270643859662,-3.5873713584563243,,0.08880768068529352,0.3684210526315789,False,2
0.99197679631254487,-0.0040439797662097515,-0.12635537901154614,0.02702182222594296,0.98317182410575887,0.18067369871717695,0.12349840768645774,-0.1826384694203447,0.97539291200351885,1.8718793705549002,15.916487261667408,-0.78220051377133926,,0.06830636243557132,0.2222222222222222,False,2
-0.82005383181330782,-0.51949910794073162,-0.24006746921875199,0.56089364983314727,-0.81287895435845814,-0.15692711409425625,-0.11362229757034088,-0.26334100024471135,0.95798825205998894,-4.6771592655554377,7.0081362008817347,-1.6539406417186711,,0.2945058263477761,0.1865671641791045,False,5
0.24118662447758565,0.97018222996789727,-0.023988597867009756,-0.96829220265979588,0.24222803715010505,0.061121095267075182,0.065109311479600307,0.0084863816155282129,0.99784205107107338,4.8682672971289733,7.5622960645021049,-0.37746789882518877,,0.775690418596974,0.5683453237410072,False,3
-0.025138338190623267,0.996120680534201,-0.084330621752084597,-0.99903448333500944,-0.021992101649350393,0.038032204414081248,0.036030057737445713,0.085205265548110073,0.99571175430558789,-1.4087361573418364,11.920402736211704,-1.2022846692127276,,0.07278386565783672,0.2972972972972973,False,5
0.68904787971733761,0.72295849166558324,0.050438465338156019,-0.71546332723607253,0.66751553229613048,0.20624073681914512,0.1154350329723684,-0.17819661464809158,0.97720045010766843,5.9978261622846647,8.6983522885329165,-0.2105138553906272,,0.2052214459229253,0.2,False,5
0.8737408148059288,0.47573422555239842,-0.10126171626202557,-0.46991602514023523,0.8793749553128718,0.076672141517544617,0.12552257907911646,-0.01940707619772556,0.99190092626974713,-4.361351123456636,-6.4032667187277648,-1.4645847796466291,,0.07616693901169655,0.2954545454545455,False,5
-0.94930493143083239,0.30214744234100699,-0.08675868975434993,-0.28937534659462982,-0.94774496616552206,-0.13431823365110129,-0.12280902224324342,-0.10240313566830825,0.98713299096978679,-9.5627206911989635,-15.596657905575968,-1.9746929903718329,,0.1583542640037199,0.125,False,3
0.9465118497572349,-0.27396035250645917,-0.17047299939777927,0.30382161559651033,0.93460954191218981,0.18492547164469808,0.10866344447635073,-0.22682753232626846,0.96785408322396993,-9.0916305500166921,-4.730692338351032,-2.0899275359107738,,0.1167494319170318,0.1162790697674419,False,1
-0.71467714094298262,0.69751600457092322,-0.052038520165159793,-0.6955343430518417,-0.71656789768372631,-0.052558782753857544,-0.073949725144902612,-0.0013679826535058087,0.99726103241551189,16.222651631357433,-6.2453087787422543,1.2318865615875205,0.1374490159950999,0.1649553482261781,0.3478260869565217,True,5
0.71645606817052832,0.69330252229836886,-0.077603575667270844,-0.68947370522844031,0.72064536958417047,0.07277541546057166,0.10638003656791965,0.0013652368339310134,0.99432460693085256,-13.391034213512587,1.7377088859035184,-2.7722671074722989,,0.08112236289256645,0.3529411764705883,False,5
-0.33158152834742188,-0.92027268245243088,-0.20773030590310046,0.93903687677564018,-0.34315480727152303,0.021319528650869012,-0.090903432906789622,-0.18799725577319404,0.97795378096692764,-15.184334319453406,-5.0672216132531123,-2.8775065252474414,,0.1303483050402117,0.1666666666666667,False,2
-0.40192473518607535,-0.88460335921808375,-0.23650243995715048,0.91130123220974668,-0.41164129071866506,-0.0090283967828595907,-0.089367619519603647,-0.21915370093966852,0.97158894803607443,-2.8401664342027018,-7.1130080590741187,-1.3062397726849246,0.4592951219368372,0.3598492598153379,0.7033898305084746,True,5
0.56009214315165345,-0.80855257791099855,-0.1803871390461842,0.82730325119633541,0.55726370495135935,0.070897769385633053,0.043198631225559531,-0.1889441502067844,0.98103719927578448,-4.1375291849665112,-13.119880732537075,-1.3436909791128162,0.5427644684253176,0.5804802070322082,0.75,True,4
-0.99337818926696597,0.067924093140663069,-0.092661160470283693,-0.062254560177387265,-0.99608482607125903,-0.062764552158896855,-0.096561601197376612,-0.056580357383153347,0.99371752542288916,-8.8700939561445136,8.721609976932351,-2.2360045467738021,0.5659310389335347,0.4873712286016936,0.8993055555555556,True,6
-0.90566456182995936,-0.38683815771084173,-0.1735740222044449,0.39928561171139804,-0.91585298787855773,-0.042241033062329084,-0.14262784344440585,-0.10756181633274868,0.98391450540257697,5.0811513550033167,-11.323020676494687,-0.29455192974655842,0.8700442060538381,0.6687433120480488,0.6147186147186147,True,5
-0.59410859896803936,-0.78296916401585859,-0.18437532598626516,0.79608047849813413,-0.60517225212615766,0.0047346605724472093,-0.11528592449391042,-0.1439646951751096,0.98284450558403325,-4.4929008237879975,9.6223031335684457,-1.5821794737556494,0.8709879432651978,0.6072077311599942,0.766497461928934,True,4
0.67648870824902152,0.73573173043821927,-0.03258601598774627,-0.72834204131174984,0.67493177840766549,0.11825804561761982,0.10899953426232353,-0.056266467117185026,0.99244807733641516,3.8499342043752725,8.0825379462791602,-0.50188624572510099,,0.06545222020046909,0.2826086956521739,False,2
0.84525424773682711,0.53433717652381196,0.0053887352330416055,-0.5199756859455904,0.82012811871699587,0.23877846409409387,0.12316875702979208,-0.20463052234278828,0.97105911592315253,-2.2577561888554585,6.3770649443844656,-1.3470538946667996,,0.3348786414969486,0.2153846153846154,False,1
-0.6392931422388205,-0.75322613640577118,-0.1547729489337536,0.76404002218794009,-0.64493990420075786,-0.017186170736074528,-0.086874177875060493,-0.12923972843035594,0.98780057188370785,-6.9677236734893322,-14.578701012072864,-1.6710417108291313,0.9852390736359518,0.9016448548326939,0.8613445378151261,True,5
-0.80877046356520976,0.58594536450703361,0.050580303253685982,-0.5832663821528582,-0.78808677024984197,-0.19677288941185012,-0.075436494582073757,-0.18864589147365962,0.97914353539982901,-3.9058721633591889,-14.471263984159856,-1.3092249400215106,0.6947058121759122,0.3719043967671246,0.1923076923076923,True,4
0.33735945813588342,0.93821906837354097,0.077029706909396242,-0.940232698192354,0.33178839987615777,0.076674187035430247,0.04637962113028201,-0.098292611359669921,0.99407620095036375,10.729433984225476,9.0157545879337899,0.47183808593694615,,0.3750003166910469,0.5454545454545454,False,5
0.76162998647241897,0.64773518042639944,-0.018944649482165898,-0.64492490377127309,0.76052776540915301,0.075295328788535315,0.063179365315238323,-0.045129304002382131,0.99698130058623624,-2.9186295187422582,-5.4374987258996441,-1.3211223897573037,0.5731852982522525,0.7635433247759508,0.3157894736842105,True,5
0.98719452999122248,0.12465710172067675,-0.099536761781817015,-0.10579876307717684,0.97863212954329692,0.17631158996756535,0.11938836495550448,-0.1635229709128119,0.97928885232963792,-7.8063803335048094,-3.6930044609132917,-1.9646028352769265,,0.1191215958909719,0.3214285714285715,False,6
-0.72411699658044615,-0.64222625070836692,-0.25139613792655513,0.67268341897088835,-0.73810058127299771,-0.052005285943818362,-0.15215647572466218,-0.2067679250404573,0.96648612616504403,8.9918708291116172,1.453689337173627,0.18381211001920436,0.6431341032594139,0.3733784450929604,0.1111111111111111,True,3
-0.69396133289978357,-0.64298912527096319,-0.3240102671571351,0.7114794627512796,-0.68145542683311056,-0.1715094030158523,-0.11051987388296773,-0.34954754472458405,0.93037727371959611,-14.463653381505477,10.986341425454256,-3.116886305824766,,0.7377550990661297,0.3975903614457831,False,1
-0.90024267767288868,0.43203954791999216,-0.053897591128338029,-0.42676533177299547,-0.90014095315336351,-0.087278955383530851,-0.08622338947776223,-0.05557061713931194,0.99472480295693999,4.3386656138608437,11.581945591509115,-0.3626776324745476,0.6257118731292096,0.4912213953301628,0.6178861788617886,True,5
0.97161753266794759,-0.19653911886497832,-0.13165008533240227,0.21569194160284055,0.96458066447155955,0.1518589083827569,0.097140910742321548,-0.17594464039402757,0.979595389421964,-17.980386613455902,-19.079683850539404,-2.8868316946286248,,0.3717636853835926,0.7741935483870968,False,2
-0.42318813263889288,-0.85393314039789414,-0.30283658319925133,0.89589850743079169,-0.44425811400597948,0.00076975523994148726,-0.13519492881349526,-0.27098509160107026,0.95304218760402903,5.4753716285281167,14.911834052199524,-0.26169401987476393,,0.5987521761633947,0.8939393939393939,False,4
-0.94486329274128233,-0.28252722054087942,-0.1655648745463475,0.29173005870367075,-0.95590779238848089,-0.033672916412663921,-0.14875123824309949,-0.080116553248543415,0.98562386690700554,-23.339389774103989,-8.0130825843619551,-3.8762329758314165,,0.1685449284686217,0.2857142857142857,False,2
0.99200856699127471,-0.0063566130146641836,-0.12601030309820266,0.025541269549469232,0.9881695349758135,0.15122372067730347,0.1235582719437289,-0.15323368956162195,0.98043500030221942,2.5534376591324528,6.9521068355178066,-0.70198278200268038,0.9472080457976746,0.8913377115417735,0.8227848101265823,True,1
-0.72188144407340382,0.69156123935474578,-0.025104440336818898,-0.69069603202579832,-0.72226967686006927,-0.035573940353418119,-0.042733734289368719,-0.0083406301068373878,0.99905168126734389,-0.72344465331626284,-5.958042817842343,-1.0319443865921287,0.8170442258709553,0.8103285110103946,0.3490566037735849,True,2
-0.10020634749714744,0.99469624153250702,-0.023196443744357503,-0.99482714220183477,-0.099774626401209168,0.019078287790815343,0.016662684651969597,0.024988217375461821,0.9995488702072477,-8.6430189252538003,-10.698645987874299,-1.9837081755685859,0.9015066627559352,0.8417692401665143,0.8198757763975155,True,4
0.7036222241074912,0.70194917605439522,-0.11037717145579921,-0.70211969803437313,0.71070206186854612,0.043937556690352389,0.10928721505349068,0.046582544932119246,0.99291810897651522,-9.0669888848733073,13.103061110542262,-2.3206708493295638,,0.07048572423372587,0.25,False,2
-0.6531588877909229,0.75653329499586919,0.032262065377426971,-0.75454433716506675,-0.64668004579749527,-0.11165913137526398,-0.063610616659908914,-0.097274312796554616,0.99322273308563758,-2.442464235955176,-10.425918057324376,-1.170516205650685,,0.1126551186913317,0.186046511627907,False,5
0.91533149715242734,0.38886807478651514,-0.10464163001657198,-0.38137193964605176,0.920519371390352,0.084850047411412999,0.1293201220665374,-0.037758539523398527,0.99088374632030141,-8.0013609736643012,13.085247865023577,-2.1252965972341,,0.07467694192131145,0.25,False,3
-0.96771770677878433,-0.21130815319171584,-0.13737286624919007,0.21442728494900809,-0.97670597918145463,-0.0081467601286365765,-0.13245142300560003,-0.037340254764838057,0.99048590394709257,4.3147639033180063,16.830666703538412,-0.41007818977923327,0.1598809766010698,0.1596105656606825,0.4242424242424243,True,5
0.53689041952672301,0.84350335189973058,-0.015835806084203013,-0.83436469207638042,0.53366405604265599,0.1379791140150779,0.12483684566947417,-0.060866826942253496,0.99030853340828862,9.6815500814303803,9.22484913009413,0.35161665916973317,0.5242957508445666,0.1812353190829874,0.2631578947368421,True,4
0.82289187197959857,0.5681927122763949,-0.002451274343473489,-0.5550506346673908,0.80476641751399813,0.21040391202877592,0.12152267272093525,-0.17177908766110128,0.97761146937680754,13.928621101349817,12.951904754916294,0.88632148749371142,,0.2503654672680821,0.2631578947368421,False,1
-0.29215934990107362,0.95532326051501837,-0.044725632296678829,-0.95615856636431207,-0.29275779182983003,-0.0073260692780568668,-0.02009254173884082,0.040624416818922447,0.99897244532799656,6.6195429515579196,12.405479471158156,-0.074316711159435708,,0.4096281504355487,0.3783783783783784,False,4
0.45166120696022527,0.89159896935889693,0.032456616665722929,-0.88967357585206441,0.44735932015862317,0.091381437380989583,0.066955825421198073,-0.070149244510311362,0.99528689378329438,-12.580859299818504,-20.823183781069641,-2.150286006290155,,0.6649340816044074,0.2631578947368421,False,2
-0.51800610403547942,-0.8182839087122955,-0.24916083344801865,0.84779020142971229,-0.52985757360897434,-0.022421553224017406,-0.11367255843760726,-0.22285061460928823,0.96820253719276661,3.5001285173912455,-9.5742647703190542,-0.51040559989550027,,0.1966475328247473,0.2631578947368421,False,5
-0.91359702047412583,0.39001880714942611,-0.11500354016524102,-0.39153452894388591,-0.92010861710363467,-0.010042179859277627,-0.10973238731335769,0.035853351326975619,0.99331432103495587,-7.0307891337530535,-10.565159858550821,-1.7636196098031782,,0.08398143241154868,0.5,False,5
0.90515413467617045,0.41682745985447778,-0.083371824916435133,-0.41068235654954349,0.90812324899540431,0.081560815671156472,0.10970868013765654,-0.039585772005790762,0.99317519711134494,-1.5868613455971325,21.536116258938662,-1.2301852187233739,0.4415231588666431,0.3814131183926922,0.810126582278481,True,4
-0.23057868113790564,-0.95187523501007776,-0.2019084168112241,0.96861224458747897,-0.24433354939686794,0.045732223588359905,-0.092864371208292038,-0.18502608900811604,0.9783361155280178,-8.9237374267371372,-6.0644977021449193,-2.053673893382328,0.3793361811611347,0.2639435682081727,0.4567901234567901,True,4
0.44580570847540962,0.89434988294875606,0.037357156747849007,-0.89210643469842577,0.44048574139850205,0.10059036133882057,0.073507683002531007,-0.078170317219244209,0.99422634346784478,-10.092422175910235,12.886178585048741,-2.5007016931910671,,0.4502142616369334,0.2307692307692308,False,4
0.86670691348914286,0.49266435369374212,-0.078108646830237063,-0.48359146819286974,0.86827922301004046,0.11059151314700803,0.12230461152870763,-0.058077753818544603,0.99079188355083136,5.6493474601249742,5.1079735583028487,-0.26377948202681117,0.5931464713853405,0.5689726905800129,0.7317073170731707,True,3
0.10958668904517868,0.99389449397776175,-0.012825460023189364,-0.99263235168062547,0.11010029900559341,0.050585952159389394,0.051689186307276959,0.0071874195348590048,0.99863735611047699,-1.2125043511095976,1.9030660399680444,-1.1614038752042826,,0.213238461120849,0.397212543554007,False,5
-0.72291529717252889,0.68246398135531938,-0.1078720875231446,-0.68765255248145851,-0.72586053828286834,0.01613834035580711,-0.067286255503555104,0.085845169440983374,0.99403378549421528,-12.814992726563149,13.061057679903767,-2.8867735341161826,0.1862097009495348,0.1792227549333921,0.639344262295082,True,4
0.025274038215534839,-0.9078552834417376,-0.41852121489740857,0.99967922855311642,0.022269062745211926,0.012063533640533065,-0.0016318675577823532,-0.4186918594519996,0.90812689853175332,-14.81432896168975,12.931813859343704,-3.1829693877039276,,0.3051002326873415,0.4189189189189189,False,3
-0.97013185296958271,-0.19010482408822585,-0.15067960615886189,0.21064854992776966,-0.96824407238590193,-0.13464993391343752,-0.12029703349265493,-0.16236863043072663,0.97936972159900793,7.1750645910521245,10.160931085370583,0.024527051043774145,,0.2559164046892972,0.125,False,5
0.6122049801796402,0.78659707687797253,0.080436937350169602,-0.78385143714505456,0.59039534840041763,0.1923805007602937,0.10383634589525165,-0.18082690959638203,0.97801822173052755,4.5424711949597443,-3.6877216155521797,-0.39066698475516792,,0.1069383249774184,0.3409090909090909,False,3
0.47088288964702357,0.8812573545884157,-0.040678977635824662,-0.8744341098590992,0.47234675048159319,0.11069568566301075,0.11676597001093092,-0.01655361873749657,0.99302149319846,19.765483849636741,-19.206659623050122,2.1565466995641271,,0.3296124399842062,0.2307692307692308,False,4
0.97945916012271472,-0.14740827217854727,-0.13758835323180663,0.1640775680018331,0.97925787742740811,0.11888044908634045,0.11721051714888429,-0.13901370720077025,0.98332948897101047,-3.6326814379624022,7.396494198504441,-1.5049564874944565,,0.07186854635471268,0.2589928057553957,False,5
-0.074727595139234687,0.99592226484677415,-0.050543336921696505,-0.99700641864935891,-0.073607886086231658,0.023666015251774346,0.019849123322895124,0.052160535737182052,0.99844143083854664,-13.530189688864896,-1.8972461324713452,-2.7359554753359947,,0.07920289491847046,0.3404255319148936,False,3
0.9802274795245155,-0.14439766719322081,-0.13529006650220632,0.15831863574905514,0.98246528720942283,0.098474204759744666,0.11869834859665737,-0.11794606028885381,0.9859003138769985,3.6498481578540769,8.9543380879603944,-0.48982775252913829,0.337824994861334,0.3903378834753081,0.9399141630901288,True,8
-0.18582078064347315,0.97773680732731127,0.097474986937409316,-0.98245473714417286,-0.18327298994225211,-0.034549972801770426,-0.015916247799847464,-0.10218486558695977,0.99463808810086818,-5.3429649200591216,20.590508622727146,-1.790342846394257,0.53977191206398,0.3910721076782833,0.2,True,4
0.63816068502051071,0.76360764281035476,-0.098256337891085829,-0.76264322630816139,0.64445880476863826,0.055210128803119998,0.10548103839283914,0.039701596917412874,0.99362846866511256,-2.2301222601709796,-8.6860878283982004,-1.2078638317261083,0.3598680075812954,0.121405282511464,0.6761904761904762,True,5
-0.17641142462458806,0.98362761421492317,0.036820182180172259,-0.98426179111303469,-0.17667261009236754,0.0039389590135657584,0.010379586546851567,-0.035545821090643567,0.99931414419396047,-8.2976889496219588,22.700162895395589,-2.1930928088905386,,0.1964865371645923,0.25,False,1
0.73976876134964009,0.66906629330010015,-0.07136157860420618,-0.66119569628879649,0.74250647684205207,0.10725848710837647,0.12474947270587428,-0.032162509498924227,0.99166685032945345,-5.8488365981351516,-9.9488343810161179,-1.639454149283275,0.4167743669822971,0.1342936066425781,0.1764705882352941,True,5
0.43690747985927403,0.89711681946369648,-0.065523020980131186,-0.89581378960922309,0.4405516113295091,0.058582694551708794,0.081421793083816113,0.033101208290903184,0.99612991201986367,0.83085436825618708,9.7780767059539748,-0.87008359337988539,0.6824085783748887,0.6465142541514254,0.8669950738916257,True,5
-0.22923950721665964,-0.93076297805265917,-0.28483245429130394,0.96972784163394732,-0.24367566368602417,0.015814047146166257,-0.084125866955583509,-0.27258475675231808,0.95844686284386704,8.836834706455619,-18.430914596983104,0.3525557282117569,,0.3218597150393864,0.53125,False,4
-0.91420471756707811,-0.33281858854260127,-0.23121747662884359,0.38472319780828318,-0.89206064718259825,-0.23709884608815085,-0.12734910854131562,-0.30571161062130869,0.94356908368442105,-12.550513144507613,8.8450194607654513,-2.8196118723217092,,0.3566071028568525,0.2840909090909091,False,1
0.021337911657315668,-0.93979145987132684,-0.34108166980801613,0.99931235599535106,0.0097010582152576227,0.035786933712238275,-0.030323401542777951,-0.34161074547271503,0.93935221823150605,-20.017715225862386,2.1902788611523212,-3.6621800255449308,,0.3286371532460225,0.3125,False,1
-0.44629955871190358,-0.87764308287507631,-0.17481225064363176,0.89080820249332948,-0.45433002901858921,0.0067060496994018753,-0.085307973039822654,-0.15273127974812384,0.98457894854721384,-2.3331240721705657,-13.052832593650885,-1.1449142034226685,0.4204143214517609,0.4716940549074621,0.4905660377358491,True,5
0.18675676607318095,-0.91247878699949125,-0.36401150201858301,0.98212284577915387,0.18231190012107673,0.046873093272147781,0.023592925307051635,-0.36625787957418771,0.93021424388431939,12.510299684849882,-6.1249147143485621,0.70118637207020051,0.4205614421159865,0.541562183814507,0.3636363636363636,True,4
-0.076263018558095655,0.99703232398400943,-0.010511752063942406,-0.9968828627715296,-0.07602940888288677,0.021073369387913175,0.020211628159259531,0.012086104250959476,0.99972266962952672,-6.5117318058574982,16.87529025120541,-1.9004293964337533,0.4416065333962829,0.2784839036564131,0.3571428571428572,True,4
0.18520176971762095,0.9826776678237451,0.0067011681032192322,-0.98112622331495525,0.1845149403089458,0.057840908762910384,0.055602503695377066,-0.017286930417876628,0.9983033224524166,0.75886515880933614,18.470287572351932,-0.94344665364829094,,0.5747412499479783,0.631578947368421,False,2
0.49549085938191972,-0.81298816272374175,-0.30584155299769361,0.86838696137018856,0.47167434069174186,0.15306012431479585,0.019821543613372225,-0.34142870940224845,0.93969864467535413,2.6004049820186399,12.911012367308627,-0.64935447851931383,,0.3272621502601226,0.9807692307692307,False,5
0.17877170575653611,-0.96295334343867045,-0.20189486269141377,0.98383903984501553,0.17285790152093461,0.046699995274276374,-0.010070794295239525,-0.20698068567396627,0.97829319473264176,4.3621636977253511,6.6433289449931845,-0.43030063605580909,,0.07609877847494821,0.4117647058823529,False,2
0.66010134576713886,0.74593990636548613,-0.088543037037710604,-0.74195665253090315,0.66586526963516768,0.078254510788971887,0.11733089568203448,0.014039187481270088,0.99299363650192485,-1.9476973574323124,10.9977302009246,-1.2446694853236853,0.5881673847152518,0.3862337420048141,0.2575757575757576,True,5
0.96024869909467969,0.2595988733593817,-0.1026199826423474,-0.2478500117412156,0.96201849218840396,0.11441500062242541,0.12842432622698577,-0.084432491601811765,0.98811858943906894,-12.273754122433536,-5.1226493882391813,-2.5007455753541787,,0.09131470268078314,0.2424242424242424,False,4
0.80553604818957181,0.58844570597548518,-0.069594009700127829,-0.57753857451699719,0.80596557012922787,0.12987953923210771,0.13251743286075085,-0.064429425616580563,0.98908441454848273,-1.6838198646297027,-5.2870260275912919,-1.1761203907943094,,0.1151744223555315,0.1971830985915493,False,5
0.95140447692630403,-0.27890901462235762,-0.13053460402119721,0.28771720671676904,0.95619376923630384,0.053965587486561051,0.10976488620540362,-0.088900153183530756,0.9899739554757282,-2.786602969259421,2.734066600300348,-1.3757081571727126,0.2218359606524978,0.1570265925920851,0.7295597484276729,True,5
-0.3394506441408599,0.94007951176848681,-0.031996433324348483,-0.94055597779986688,-0.33963839549747044,-0.00046144213148703594,-0.011301009569601266,0.029937799802723819,0.99948787652761473,-13.493121765707494,6.2551616754956747,-2.8582876173102583,,0.2120057840812671,0.2307692307692308,False,2
0.7889313426337673,-0.55655899289062893,-0.2604408263745312,0.60919975974603835,0.76387397510439303,0.21300751837336768,0.080392719418172637,-0.32670879631681216,0.94169972553557069,-1.4772520530067008,15.096901388717756,-1.229320677387111,,0.5257013916109841,0.3235294117647059,False,3
0.72086732490178262,0.69238729609377381,-0.03082421283506806,-0.68259541792510348,0.71697108830744738,0.14147775075568772,0.12005746672573853,-0.080946221278008101,0.98946142620327082,17.48795610444034,-0.39915699817725991,1.3772903235217009,,0.1472943484579029,0.3333333333333333,False,6
-0.94418275972136423,0.31335706895248749,-0.10161822465707478,-0.31305602384436798,-0.9495382972359877,-0.019311862078431531,-0.1025419045059348,0.01357827012869571,0.99463600799519047,0.46809726072065905,5.5485942118741205,-0.94408244694122601,,0.06891380005905345,0.1475409836065574,False,5
-0.92744306584003311,-0.31033883874411455,-0.20866040542516873,0.3377726431784917,-0.93463028776423818,-0.11124687282775095,-0.16049610944024956,-0.17365491746764039,0.97164034935456023,11.159243839755817,-4.6002518690026371,0.49542701735939676,,0.1346349898375638,0.2285714285714286,False,7
0.84580898412032224,0.53338730042370819,-0.010254273648508103,-0.5190634852534014,0.82723030091872074,0.21508865037122529,0.12320820044924494,-0.1766012938475604,0.9765406916014443,-7.6325554078511759,14.173120157832036,-2.0557036181878172,0.6332472045052091,0.6498271409286355,0.7872340425531915,True,1
0.99431736940102844,0.069280026842290843,-0.080828502325299215,-0.050443749529814626,0.97523167041013825,0.21535695290012183,0.093746450817045676,-0.21005586616370284,0.97318453340023037,-9.5888456851531725,14.496870818003609,-2.3390905160135746,,0.698065465935689,0.6641221374045801,False,3
0.76756499877491091,-0.59026521686610312,-0.24986185465909669,0.63578224440052933,0.75062327311970267,0.17984893537658231,0.081393552328774446,-0.29690347860723476,0.9514322960832402,-8.6312490617052955,-9.0629175442919667,-2.0038680309849752,,0.3029758817845424,0.3928571428571428,False,2
-0.95349658597407561,0.29531999922960195,-0.060252457135039593,-0.29018183472566295,-0.95350664053199763,-0.081360858258941404,-0.081478606584980157,-0.060093132023646259,0.99486182565849723,-2.3267867044507025,12.787913298581891,-1.3494098850872422,,0.3724720592218814,0.56,False,5
0.12796599316056503,0.99114075952675396,0.03556261237816577,-0.9917089954453211,0.12745005147036556,0.016424150907525539,0.011746188627048999,-0.037369495379662526,0.99923247938996018,-14.878145533678593,-2.9371506147267588,-2.9031337338197356,,0.3573541409259515,0.3435114503816794,False,4
0.81476937130112759,0.57931831307783777,-0.023262925916874788,-0.5723010614304983,0.81003035699791626,0.12775881898074021,0.09285669967800142,-0.090780575424905779,0.99153241018659233,-19.269992652243477,4.4375843342275658,-3.6066515675323232,,0.3698495225739195,0.4705882352941176,False,4
-0.99242954642596426,-0.0035345402113321845,-0.12276441832326337,0.0045998475641809448,-0.99995417896611727,-0.0083953183730270456,-0.12272911954031539,-0.0088964596156371478,0.99240033062427302,-1.1937569378341026,17.614691631761971,-1.2178762506224463,0.5359794466415607,0.2946402405675133,0.8085106382978723,True,5
0.65949357957038712,0.74336622191041224,0.11169099618176846,-0.74415431842435331,0.62460397442326854,0.23686330552671497,0.10631354041617923,-0.23932516636846859,0.96510149511172183,0.6551833008138227,6.5807803751567491,-0.95182223692410572,,0.1254060822503962,0.3529411764705883,False,4
0.98135388607292018,0.14914400708517431,-0.12124609453569275,-0.14005847387474482,0.98687897325136931,0.080333779011092371,0.13163652299213194,-0.061854323251516435,0.98936639750379718,6.3216286142315559,-6.9495365244229905,-0.16027118600027337,0.2848674652612911,0.2749557626247161,0.7096774193548387,True,5
0.90143792388571797,0.42714640493497252,-0.070396151398605222,-0.4145313982632407,0.89855885432690319,0.14406840446345659,0.12479338618103694,-0.10068730834545157,0.98706062463438349,5.7762775439661933,6.3014939554358094,-0.26926283093398706,,0.07046810773864229,0.3125,False,2
0.99137146194769743,-0.028572178035363726,-0.12793066511982837,0.045807340141057154,0.9899382551197925,0.13388031460817149,0.12281820722062214,-0.13858528671073622,0.98270535069389775,0.35580612484400903,19.46239505986463,-0.96342350845321167,,0.1016716672673836,0.5,False,2
-0.93274166532946534,0.35925229658436769,0.03050857514326881,-0.36054527802398517,-0.92932633030027711,-0.079747566139829987,-0.0002970741021634804,-0.085383600354382264,0.99634810811156771,8.3563098528197344,-6.7768243116609286,0.10789382490943222,,0.1667372037830642,0.4166666666666667,False,2
0.66900410937688259,0.73867046013264348,0.082458795554346612,-0.73534412264095694,0.6416471621907458,0.21807783140421344,0.10817819990296594,-0.20653055604435883,0.97244156970265461,-13.327354780262139,0.16818577239761248,-2.731465001004902,,0.3697494329206933,0.225,False,1
-0.81565024897872818,0.57837154510775646,-0.014178404374410591,-0.57511894818147768,-0.81323937573236782,-0.088768875181891499,-0.062871828218754922,-0.064250086132968717,0.99595133397588065,5.8928915513728253,-5.5384764539908193,-0.2040004248596666,,0.1840223601320578,0.2553191489361702,False,5
-0.0084860198483205328,-0.95586351556402727,-0.29368848646263407,0.99938356475173917,-0.018112510865929937,0.030073700374885264,-0.034065788868610003,-0.29325224050927634,0.95542799072721807,-0.36701193214153222,-4.0774933426575641,-1.0129589563108412,,0.08770860321211078,0.1830985915492958,False,1
-0.57745669525146326,0.81366243759642465,-0.067061186642531939,-0.81544255909309238,-0.57883628416402422,-0.0014103031216502956,-0.039964958763505073,0.053870156671674718,0.9977478680965457,0.12783985470763945,7.1925026806005006,-1.0191460017654286,,0.2173699427049233,0.2235294117647059,False,5
0.52558594348087939,-0.83345102746560551,-0.17064231840853714,0.84989832198151716,0.52331764563355765,0.061737217798925562,0.037845188707625141,-0.17747683393918423,0.98339702821729535,-2.769539269222729,17.51442771398418,-1.3841157658628405,,0.07723515938035387,0.5,False,1
0.69523569904126992,0.71607955598598882,-0.06226871026050676,-0.71068769963758827,0.69778667286651253,0.089536320863193644,0.10756540504470256,-0.017995240170466817,0.99403513769321938,-6.5899731498874798,-13.340384128286406,-1.6691910716934573,,0.2618921591710208,0.2,False,4
0.75183775766317473,-0.6317164139720628,-0.18887656940522324,0.65219820536626005,0.75459062648430963,0.072322108231480345,0.096837425972804467,-0.17755945128405212,0.97933403606260272,10.496093919981384,2.2908854370756915,0.40217515408960242,0.8332175495072665,0.6929968183444498,0.7789473684210526,True,5
0.84875429324517526,-0.5002751426642984,-0.17129194765107963,0.52003516880617628,0.84839155715534531,0.098970646922515143,0.095810087687132173,-0.17307959839260495,0.98023664475352035,5.7596295876745414,17.008150743394726,-0.23889805585902832,,0.1633447936762384,0.3846153846153846,False,4
0.98850092271003553,-0.075181348809983478,-0.13120095499850834,0.092799959294571396,0.98665358602314313,0.1338016021675312,0.11939050781504744,-0.1444384504859561,0.98228480628831971,-14.918256530518315,2.9570924494026145,-3.0238578926790862,,0.08356090479381897,0.2173913043478261,False,4
