axis_00,axis_01,axis_02,axis_10,axis_11,axis_12,axis_20,axis_21,axis_22,location_x,location_y,location_z,dbh,dbh_approximation,score,reconstructed,number_clusters
-0.92377431710412017,0.36279773551191102,-0.12255127158151279,-0.37104152665440554,-0.92715111725391874,0.052143947614066974,-0.09470584225265273,0.093640850499340872,0.99109141584466165,-12.336171903526902,-12.170595545131418,-2.9845477050126314,,0.07175942343268679,0.32,False,2
-0.92515777914588204,0.35465694199003744,-0.13528317406143023,-0.36824900123748777,-0.92503717780985761,0.093267854897426172,-0.09206387333505342,0.13610537523496199,0.98640740571971497,-7.3527853415957214,1.0186516024138483,-4.0997838238372708,,0.06850206802050116,0.2918552036199095,False,5
-0.66094670345128925,-0.71177380611568963,-0.23775513480145716,0.72306554754175667,-0.68881617736560574,0.052043133625628346,-0.20081252240588482,-0.13751480911894579,0.96992989855863654,-15.07627060885344,-17.381483130703689,-2.5977965051777394,,0.0796905575124292,0.2727272727272727,False,2
-0.80106483630202885,0.59855666076994174,-0.0050051861443696222,-0.59692866403925193,-0.79945041951599083,-0.0674921979492413,-0.044399302795393683,-0.051077887423446933,0.99770724730636284,13.903583122068291,30.273756391727794,-5.5539028923827738,,0.1496178819958087,0.2,False,1
0.94771503255322342,-0.25737949443038133,-0.18865845573258824,0.29258314190349416,0.93682869473783614,0.19169533585792559,0.12740220620744139,-0.23687083518779684,0.96315153807223575,1.8506631013021968,13.819713830717628,-4.6958675840908626,,0.1545859345987967,0.5217391304347826,True,6
0.88751616174421366,-0.36832293951106726,-0.27686327830311097,0.45396307547359294,0.80189603819528565,0.38843309595509812,0.078946746287457154,-0.47042635572067193,0.8789007083248892,-11.436112086627503,11.084104326576869,-6.0050424046693198,,0.5416052201231983,0.2276422764227642,False,3
0.83051131622915875,0.54002607016285586,-0.13646536981876389,-0.49367698909980301,0.82711478627446477,0.26863387865177946,0.25794182299243867,-0.15573366325431498,0.9535266341748031,-5.07026448680213,17.92443067450537,-6.0900766585217481,,0.6524009098352075,0.3333333333333333,False,2
0.93879044886623653,0.32199373319427854,-0.12244398270696302,-0.28817091844419668,0.92879201683521773,0.23302985050460387,0.18875914515741854,-0.18348140299981802,0.9647303042159816,-6.0266753542851417,25.32372856907903,-7.2054615334128869,,0.2395984870252851,0.6428571428571429,True,2
-0.77514603617547007,0.63138350996863712,-0.02243849239900382,-0.63086200955513572,-0.77544491728086351,-0.026425464297340134,-0.034084417282858423,-0.0063280014979564952,0.99939892380146644,-0.042837249391731336,2.442278065185119,-3.3926231726456173,,0.1011579824314633,0.25,False,5
-0.56912389963582899,0.82217495563731435,-0.011239625709401194,-0.8216743474695537,-0.56815890098031996,0.045240799587519753,0.030809959003382112,0.034982932404466441,0.99891287951782615,1.0332990487444742,-17.186897406275552,-0.6901469205572337,0.7152584250353415,0.4665122085753102,0.4313725490196079,True,5
-0.55866411994947818,0.8287541198811359,-0.03257314631899573,-0.82914743827809356,-0.5571096143767087,0.046296902336009776,0.020221935563890875,0.052872359026986601,0.99839650789301715,-5.1008715905024866,-14.169142397364661,-1.8112428677023946,,0.2490101293947137,0.303030303030303,True,5
0.99281638901468883,-0.044365826085304677,-0.11111836562693753,0.067912356656969763,0.9735677960937561,0.21806801283645999,0.098506494796687383,-0.22404780714149924,0.96958705158327863,8.1789370405945547,-4.9871229939898427,-1.4876192106627846,,0.5074275764492749,0.5714285714285714,True,4
-0.9166968620047985,-0.36359206669744082,-0.1657337389466613,0.35025292906679828,-0.93078614561562723,0.10469019443163424,-0.19232719222898415,0.037920445206891064,0.98059792522961597,4.2949188875970332,13.48201865064881,-4.3585535325369289,,0.1072408660348251,0.2258064516129032,True,4
-0.80630619232460743,0.59047701737217695,-0.034745016538374404,-0.58825111073706249,-0.80664169062907309,-0.057356897193660078,-0.061894708462084398,-0.025808426808497653,0.99774895147530229,2.57190304801256,16.558847373891176,-4.9818861717889682,,0.4558145595999806,0.4736842105263158,False,5
-0.44845001206879109,0.88644666794119042,-0.11447659835731901,-0.89222143106218388,-0.43633958441379989,0.11639881883825916,0.053230673759126997,0.15433752612230825,0.98658320652725295,-14.886463958349095,-13.935698848109734,-3.0600139701834732,,0.0839250822259522,0.2916666666666667,False,2
-0.8596888210767214,-0.48078227521655975,-0.17257906812039989,0.46990901890928743,-0.87681601267133813,0.10187832875958996,-0.20030138507616058,0.0064871997598623041,0.97971285149060272,0.52066864870936125,10.530670076936127,-4.428905722801419,,0.1925670603595652,0.6551724137931034,True,5
-0.93061091147634267,0.33830646966813827,-0.13968558988618507,-0.35055209133114634,-0.93358497137215557,0.074379651057333324,-0.10524525027064233,0.11818559052918426,0.9873984016022801,24.361630281360473,-3.1994671670612882,-0.05286408250429353,0.2434722812937183,0.1781436876281866,0.4,True,5
0.92973069421926247,0.36113694461409379,-0.071978770907580064,-0.31948594164565663,0.88827419458022139,0.32999649745663651,0.18311081157964709,-0.28381166726837836,0.94123396039719431,-0.8531154718165409,-4.7871284421099292,-2.5348590232028063,,0.278592361708325,0.2116788321167883,False,5
-0.44002312784994757,0.89416819928598534,-0.082721692093471993,-0.89662765423466573,-0.43242344223640045,0.095230332699530448,0.049381136264665629,0.11607410559673059,0.99201225062553033,6.4783852276729492,7.7532465555124288,-3.3463450211772026,,0.1505286977210987,0.6031746031746031,True,5
0.91528612394110254,0.3869185280362813,-0.11200608904478625,-0.36498556496049017,0.914275970992662,0.17574124796386195,0.17040202079594918,-0.11997291997638918,0.97804378725136576,4.6423605118649416,-13.528245084175058,-0.7385572980100209,,0.08153315177600348,0.3214285714285715,False,5
-0.97877779124811171,0.14369378977045386,-0.14610314897658694,-0.15774607979881466,-0.98340760989472253,0.089585976074703894,-0.1308060001206984,0.11073196278652352,0.98520466033706433,0.31400186252415502,-19.70447743477904,-0.42858174728576526,0.3698602690922299,0.3076164439983898,0.8115942028985508,True,5
-0.58632743432933754,-0.76198876176326447,-0.27494229703569106,0.78155465307890803,-0.62137206800720723,0.055399254066761605,-0.21305507270065943,-0.18240032907572426,0.95986335274849588,16.90475940679719,-12.206285924024952,0.32609533511417166,,0.316948298861066,0.35,False,5
0.49372326026708413,-0.82631271231113668,-0.27100672269199,0.86850341839183021,0.45275358105427227,0.20178207820378274,-0.044035832147765026,-0.33499477057939947,0.94119038943856037,0.37468951864517425,21.787498627356985,-5.9305188178248445,,0.5952020559634734,0.8,False,4
-0.052314047950545485,0.99689516536466338,-0.05884955105680463,-0.99077167055865945,-0.044433467211358595,0.12805141080823465,0.12503894275556787,0.065005355657334479,0.9900199828945031,-6.823909193250171,-13.586388967062497,-2.065725689771261,,0.1617675982505135,0.5522388059701493,True,5
0.78487699008563483,-0.55916322850801037,-0.26702920124700191,0.61696549313299065,0.74527106191077108,0.25283319513378094,0.057634110709537445,-0.36319076001860118,0.92993052488873096,-13.58913635313419,-14.091795170464049,-2.8349873649586343,,0.2800335262046688,0.3461538461538461,False,3
0.26063348574731199,0.96515308963115531,-0.023445675137198682,-0.95074595160342334,0.26081208324859656,0.16750878407184128,0.16778653586299838,-0.021367517566637115,0.98559175502645746,-5.5881767309021004,-17.333491171866566,-1.4410704839084183,,0.1343206079226225,0.4230769230769231,False,4
0.6050532931119178,0.78826799314024487,-0.11200037270060544,-0.77062463908269174,0.61516327999010034,0.16646862944859234,0.20012040908686707,-0.014412145658167341,0.97966530607367786,-7.7459672728676496,8.5139048332726261,-5.1430666808531411,,0.0763586758346283,0.2906976744186047,False,5
0.90475127669307642,0.40641767002949186,-0.12747472223953554,-0.37999894015973995,0.90537116211502155,0.18948315040649183,0.19242123791235205,-0.12299486289391898,0.97357399867805827,18.689398867073663,-4.0434088057469015,-0.47695269844258148,0.4261460111670959,0.4154060488277042,0.8181818181818182,True,5
0.3704183211959125,0.92620173663615191,-0.070289475560554343,-0.9177463680940493,0.3766084273143111,0.12612571635484568,0.14328946636994486,0.01778863479914039,0.98952094131422963,6.0357902685799196,-5.0741816000930609,-1.6978553819883317,0.3968887034355933,0.2063353551786917,0.4029850746268657,True,4
0.13928910558041874,0.98131566503199408,-0.13273323106676455,-0.97841176746054526,0.15704745158292721,0.13433730400019542,0.15267271649295999,0.11115603228850994,0.98200579332534355,-5.177968449395264,3.604410843949684,-4.1796866533676589,,0.2560906067253185,0.8086606243705942,True,5
0.91959075716525396,-0.32391949418749705,-0.2223263381193295,0.37542618865511523,0.8912909981024919,0.25427452403525885,0.11579298859658169,-0.31729563184320669,0.94123082493355048,8.4871878635239817,2.1151171954082586,-2.371300727602931,,0.2692101823736841,0.2028985507246377,False,2
-0.32380778915236896,-0.90325292566429116,-0.28157178119114257,0.93148572880939251,-0.3564996066398109,0.072404195252031317,-0.16577953042727916,-0.23883505342507361,0.956804559221345,-4.3860826023710509,4.8652374518979435,-4.2391121509171619,,0.166088693401602,0.2682926829268293,False,5
-0.2679545624518716,0.96264423910294938,-0.038941255541264735,-0.95961161459801159,-0.26307827859791388,0.099676318444033463,0.085708235250902404,0.064077205399911186,0.99425761760135078,3.4273275549350593,-16.412048228872422,-0.56577676468878324,,0.1047597896216323,0.2333333333333333,True,5
-0.40724287618657262,0.90600253536126207,-0.11538043904514859,-0.91057351106051088,-0.39297568249184162,0.12816393379185559,0.070775142177318534,0.15725622050982507,0.98501845686298894,-7.0253189094285293,-6.3926678451270931,-3.0701174635327848,,0.2065668389727825,0.4773869346733668,True,6
0.98465985391361854,-0.079857208774892496,-0.1551379975940628,0.10843659725492319,0.97663865074087386,0.18552210179603829,0.1366984874334233,-0.19949880221627705,0.97031631515072747,5.4674645192257705,12.353919995651864,-4.080324940724374,,0.1466238247736554,0.4,True,5
-0.98985792394572625,0.027908723611951233,-0.13929247484415402,-0.042394820702320576,-0.99386625509031623,0.10213983635374242,-0.13558749787305485,0.10700920586147203,0.98496957327697288,13.056004350703173,8.3885940115623736,-2.6640306347735505,,0.1969839623134594,0.6415094339622641,True,5
0.6481745584800499,-0.72108512782737988,-0.24475698185213124,0.76149174443215495,0.61367323048175226,0.20865159800913308,-0.00025475648564179942,-0.32162307848825522,0.94686774709189014,-2.6922006879943217,-8.5706694094659639,-2.2467936576041256,,0.2609835088944026,0.2653061224489796,True,3
0.97270735679314946,-0.16281354552172059,-0.16532437036060726,0.20414422309869751,0.93916780715414216,0.27620457306262947,0.11029748055107091,-0.3024162353444782,0.94677288004259996,-21.780231030879779,-19.917421091328389,-3.1604732820264418,,0.4733814337222459,0.9636363636363636,False,2
0.21506845222345464,0.97328641565241003,0.080368613056923402,-0.96188174853118336,0.19687585103656804,0.18979831696098343,0.16890548451960499,-0.11812473231763478,0.97852822387199756,11.362993937973293,-10.250816220680219,-0.43932557398265298,,0.3119937875495195,0.2666666666666667,False,5
0.85817885637451019,0.50107629773796336,-0.11158671209849483,-0.47013979373670223,0.85444018213592632,0.2211346863265341,0.20614952053533275,-0.13731175840669799,0.96883840561071477,-3.1173768818350656,-13.187268197537747,-1.7196343830875929,,0.410701463213662,0.2962962962962963,True,9
-0.77104724265636215,-0.60987434654329031,-0.18313773783798948,0.60392960683914754,-0.79155530163995802,0.093323279136495102,-0.20187912119665627,-0.038645644956063332,0.97864770706868587,-15.897835782827864,-15.018911671809647,-3.0372888684731492,,0.08814607058562823,0.1111111111111111,False,1
0.96431628389310697,0.22554188964686914,-0.13865410427790714,-0.20128139435061909,0.96476435869163024,0.16945657994483065,0.17198809524749029,-0.135501248012141,0.97573536723862453,-3.328355841488186,17.379340008448494,-5.8052181709326556,,0.1375896148345088,0.6888888888888889,False,3
0.98221287931858414,-0.090317722929482883,-0.16462250339952611,0.14525930868449535,0.92103869743569844,0.36136885735554447,0.11898568376572163,-0.37885409691698274,0.91777556096685142,4.855128091053504,15.683860911267548,-4.6275521342200943,,0.561531226211318,0.3684210526315789,False,3
0.66799465410623471,0.73899808274851053,-0.08754984739859846,-0.71613653475686101,0.67035479919432617,0.19435253222834578,0.20231560906644688,-0.067128808206020352,0.97701694838775055,-15.796003489015318,-21.695362999458762,-2.0720113920578549,,0.1920113196043955,0.3714285714285714,False,2
-0.9660195902410893,0.22806066418038295,-0.12163258084921516,-0.23292006880064567,-0.97211648049389199,0.027162288233350651,-0.11204638691337081,0.054569971648991022,0.9922034697449349,-4.0568920414610501,-8.7600274227491735,-2.4223464295910717,,0.1353022818636515,0.2238805970149254,False,5
-0.98120479852345421,0.085016806746575913,-0.17323188483984031,-0.067741265825894598,-0.99233921944911985,-0.10331502527424463,-0.18068830692342494,-0.089638251398204458,0.97944714999198368,-7.1475181003142882,12.45543311251881,-5.6531308004474798,,0.6212260795857162,0.5,False,4
0.54304590216966453,0.83897719938334492,-0.034905687955049308,-0.81639471487877835,0.53724198397972445,0.21182709970050748,0.19647090790937613,-0.086535019295135435,0.9766836093540513,8.5064788519971994,-6.6328243900311987,-1.2452889378357972,0.8935987957502317,0.7148328627658422,0.3484848484848485,True,4
0.54449154760882168,-0.75638019834480563,-0.3625161377572359,0.83852769513281566,0.48056128228656952,0.25677258121212343,-0.020006475896541587,-0.44379032156972603,0.89590730067526581,10.253739287924388,5.7660903219661153,-2.6084485290674166,1.134284873937792,0.4392979987181518,0.3043478260869565,True,2
-0.24052447077864886,0.95746346329003207,0.15941046208235138,-0.96564844835084895,-0.25267699846180253,0.060641641187654416,0.098341512873500542,-0.13934866670690516,0.98534810901161185,30.032156615412749,-1.9896804148418901,0.30772128087480322,,0.5073638460668448,0.4736842105263158,False,3
-0.96266023099584896,-0.21041185480760768,-0.17032947782295815,0.21922477943956967,-0.9750647614657556,-0.034484881142348323,-0.15882624386004796,-0.070537665854152512,0.98478356097020492,-9.4781952901381672,-12.139895239375658,-2.6504001378416988,,0.5304584955087834,0.8869565217391304,False,4
-0.32951998497639667,0.9426183370467639,-0.053733138418931015,-0.93996898866130951,-0.32218039571562435,0.11250819068653736,0.088740519810230456,0.087581181081990062,0.99219688412335461,-6.6508597107543714,-19.282067661322237,-1.3003153323389991,,0.3289340938660895,0.6986301369863014,True,7
-0.96437399096628285,-0.20134736405648707,-0.17158684254705786,0.18763844781096886,-0.97783981276284226,0.092849951421743043,-0.18647953896032318,0.057345789413296752,0.98078378962221402,-9.8728297254707282,-16.129449093495232,-2.1179068460267874,,0.103577405041326,0.3513513513513514,False,4
-0.30989177177399685,0.95004194165946487,-0.03724780362232212,-0.94734419117606228,-0.3052139408228044,0.096868125678088085,0.080660233273560977,0.065305125490482466,0.99460000369642421,-6.476295432093405,-15.246778379059435,-1.7927953482625747,,0.2474094812910254,0.5740740740740741,True,5
-0.96723429637068636,-0.16772169331233514,-0.19059708685272553,0.16403324467912678,-0.98583077214847736,0.035082521647879769,-0.19378057323772191,0.0026687595581543835,0.98104126679670312,17.016989516289776,-11.168418809973589,0.15444921099112191,0.5543126769000031,0.4904981810019562,0.7758620689655172,True,5
-0.48536819458320807,0.87309873262079785,-0.04600346490204843,-0.87368412606392976,-0.48235864879427071,0.063294405734418038,0.033072096258700209,0.070913588467390321,0.99693404968419719,16.486067587096588,-6.2922029272536619,-0.43692582859937634,,0.3094965261850798,0.3214285714285715,False,5
0.87127161938091024,0.4728232113123087,-0.13162057630052121,-0.45107871761693541,0.87711336707652776,0.16492462462814952,0.19342635749666204,-0.084322904005915481,0.97748447153168705,-3.9654665519077241,-11.137761590492669,-2.1381492896799741,,0.2392359427681626,0.8209876543209876,True,5
-0.96916133412684613,-0.16878640902498487,-0.17954792274465706,0.15747932397519579,-0.98462643927663285,0.075571407276386546,-0.18954305831073365,0.044965800402846728,0.98084224309536372,-21.610688420205246,2.0001365122548043,-6.0870826740591504,,0.2843663128749782,0.6842105263157895,True,4
-0.72745122756015612,-0.64009286750470373,-0.2471757117736848,0.65468493618923418,-0.75533519813384631,0.029263847781893171,-0.20543209546738372,-0.14053419309801157,0.96852867521936115,-27.0915365762724,-3.4016733768226497,-6.1331325324770054,,0.4009866588001222,0.7254901960784313,True,2
-0.7729321410675033,0.62614535274238514,-0.10255682592553586,-0.63359291766758596,-0.77027741724333054,0.072337508710357545,-0.033703412086643382,0.12089126405187273,0.99209343425388097,1.4034106579202157,-12.007240223564002,-1.3130850839761228,0.4918140219574111,0.2684117524889508,0.744,True,5
-0.45654815574046259,0.8894255952344543,0.022042958780948932,-0.88969216761507774,-0.45630969787525794,-0.015142869918696594,-0.0034100402293830989,-0.026524897112470927,0.99964233676790948,-10.781885113123511,-9.8594238132599532,-3.0596944001247679,,0.5045618593850415,0.3722627737226277,False,3
-0.47468460770920179,0.87080258096013474,-0.1279741700388376,-0.8789823618163618,-0.46150784279718615,0.12000216103228512,0.045437108399323349,0.16945021696609286,0.98449077860102496,-3.2371396022236292,3.0256023429009926,-3.8776869243060079,0.1416106471581214,0.1095241243744843,0.5356037151702786,True,5
-0.79353912956454364,-0.57586346444015335,-0.19666448630327321,0.57098060153002295,-0.81638377954057373,0.086594902733709844,-0.2104205373207638,-0.043575162949001545,0.97663934113244122,-5.7613580673208649,11.755532860327266,-5.3712150814789927,,0.1930382294786196,0.5925925925925926,True,6
-0.94609741397046343,0.29047425854142633,-0.1432633533155302,-0.28912695539313149,-0.9568015480266282,-0.030600675792316095,-0.14596330683942463,0.012470076930670801,0.98921140826308884,0.6835551819278991,-13.229676428160955,-1.2229496319422233,,0.1591586060381822,0.3846153846153846,False,5
0.98824182492991997,0.015352650116746738,-0.15212623571749134,0.01498661495762737,0.98042908164046683,0.19630134295450491,0.15216273141374922,-0.19627305471720533,0.96867094059886194,0.84938757790634201,11.713662316846376,-4.5245845059621077,,0.07881491987638858,0.2903225806451613,False,3
-0.48819093994470131,0.86443467312449596,-0.12009288928182403,-0.87174781903413989,-0.47644968731981219,0.11424287926201389,0.041537286444002286,0.16046305292184992,0.98616746168278657,-21.433997745451347,-5.4808583441996737,-5.0584184499955871,,0.08629866104152142,0.4347826086956522,False,1
0.74896241644732764,0.64738691640222668,-0.14122846462592209,-0.6310414812190821,0.7618938442873634,0.14596033371381895,0.20209390819667494,-0.020197784735921598,0.97915785334212302,-0.0051828782464919954,22.754195442425974,-6.1504740631503783,,0.2417044617440151,0.7857142857142857,False,1
0.45558030458733595,0.88182549124355436,-0.12178008484630824,-0.87039773339788673,0.46995108181040413,0.14681201041145028,0.18669325581801632,0.0391124494029014,0.98163936582320011,9.1014116087665329,8.5572362695531901,-3.1076291930829543,,0.1297893649707522,0.5428571428571428,True,5
0.3779186815387684,0.9194876720652394,0.10825844569384035,-0.90785942895742144,0.34510554081987777,0.23810380708532294,0.18157292583726226,-0.18826732753047443,0.96518738387290881,-17.249455403613215,-17.550258669919653,-2.8781257017124631,,0.2527409954458398,0.1818181818181818,False,1
-0.20442386150513542,0.97511921811606972,-0.08575194054968048,-0.97355106608392927,-0.19339843108094931,0.12163621410695999,0.1020255192301225,0.10834923772751724,0.98886360844642884,7.0735168239807518,0.94101060122418601,-2.4159633684658104,0.5617040378922369,0.4352482770602736,0.9316239316239316,True,5
-0.31684491039586943,-0.91452745104499233,-0.2514932286193467,0.93583699688324051,-0.34457711207664388,0.073998169554916546,-0.15433216780953857,-0.2119107244055137,0.96502612755362172,-4.3786505548473915,-15.487536010129226,-1.5326354027205671,,0.3751867988601577,0.1724137931034483,False,4
0.28982410606704845,0.9544361077118374,0.071089407356612705,-0.94143205405049324,0.2709215731335336,0.20076650322481787,0.17235914582262704,-0.12511281911430816,0.97705634809081776,-27.385939889393921,-5.7750561285807125,-5.8375926976513606,,0.4560890944376944,0.5,True,1
-0.59051834757047228,-0.76771663780818467,-0.24879558921961287,0.78205367475813936,-0.6204695023068092,0.05839217845251013,-0.19919872233507924,-0.1600898520819985,0.96679424299094519,12.745193291174068,-6.0264787861576039,-0.90227066150748725,,0.5713412854335475,0.7857142857142857,False,3
-0.83939734908803454,0.53486358510009058,-0.096607637782213651,-0.53909867384521215,-0.84193542363585927,0.022745599254381063,-0.069171599680179469,0.071173645129256197,0.99506261211880564,-15.314883881746599,-24.064261026402697,-1.7122583002671166,,0.2248347736803443,0.7142857142857143,False,5
0.80195764079865484,0.5931017160826082,-0.071374342340385574,-0.56477003113403657,0.79168400787759952,0.23296189302914427,0.19467602394110256,-0.14651548058389013,0.9698631138731677,18.164767859266526,8.4220827862906891,-2.0578045270756657,0.4881920346079927,0.5469634705733727,0.8888888888888888,True,5
-0.94083795778467927,0.31008345063170423,-0.13664622510662425,-0.32015792600086201,-0.94554488134399184,0.058683726730702282,-0.11100828622396323,0.098960249638491787,0.98888018959887503,-0.073369073114384786,-10.382688222539588,-1.7087497942735794,,0.1524178434799504,0.2058823529411765,True,5
0.075837032128727139,0.99466467805045322,-0.069935132778131806,-0.98646676243528753,0.085067197787328852,0.1401673944648113,0.14536874206083281,0.058358804814697754,0.98765488847686644,6.5873786962325322,-6.9657381088851844,-1.4521350250511851,,0.0718728296053036,0.2258064516129032,False,4
-0.98610459258761141,0.066005291616331674,-0.15245010316908525,-0.083236186509412891,-0.9904892152557816,0.10955752697718457,-0.14376880653671698,0.12072454572550397,0.98221999283581052,3.3096378726698226,-12.868524842518109,-0.96861239146921185,,0.5348734986469322,0.864516129032258,True,5
0.33771389316898415,0.93383601659325854,-0.11789665166528206,-0.92465428113797565,0.35256348552025418,0.14392167679340157,0.17596529980045147,0.060409293912827774,0.98254105790806145,-2.8951740647957007,5.2948255387627725,-4.1464348204831722,,0.2419486780484485,0.8381742738589212,True,5
0.40384323692231111,0.91106915482019846,-0.082847058652193009,-0.89464098760939326,0.41222857125791457,0.17229366885625444,0.19112337188685302,0.0045387414410007487,0.98155552901745291,5.6212638963912909,9.5944601066906383,-3.6769576540868218,,0.1972326592463368,0.7171717171717171,True,6
-0.98986754261970999,0.021269342291113665,-0.14039182008407677,-0.025647291622254882,-0.99923721553700262,0.029448319447819393,-0.13965838499875097,0.032750605557168633,0.98965798806212812,7.1531855563541757,23.337872942988401,-5.3843239245708512,0.5526451896075444,0.370513499817453,0.5,True,5
-0.50933237120173047,0.85776761419310765,-0.069392043401866485,-0.85964640304824669,-0.50339443878420609,0.087190026535985732,0.039857212298834384,0.10406132347129772,0.99377192734810516,-9.3434093792677491,3.2757547813696184,-4.624822028770744,,0.09698444853630248,0.2777777777777778,False,2
-0.27833205822691126,0.95848466961046141,-0.061954850374258026,-0.95587569625928537,-0.27010783262008992,0.115513687752165,0.093983608485726983,0.091372298203574523,0.99137186991411019,14.943621909117523,9.7550160502659811,-2.6234182128042418,,0.1357887837513675,0.5,False,3
-0.11988144887097248,-0.97463506570028235,-0.18898393297844579,0.98115201602690849,-0.14536924656568065,0.12731262152378575,-0.15155579719340592,-0.1701595453106631,0.9736922355019263,-4.9049318922369869,-7.6631511109694737,-2.7033959743667593,,0.0759795491857374,0.34375,False,5
-0.83175814897510636,0.55432587195926086,-0.030020148069424588,-0.54785977272945352,-0.8283799314985153,-0.1167748196973441,-0.089599391952940977,-0.080681576379745309,0.99270460470098709,-27.654244602170781,1.2344174412625906,-6.8201146358781539,,0.4420031984590891,0.2,False,2
-0.98928517093678048,-0.022062531013725926,-0.14431942104184348,0.014213158710657129,-0.99837439392548888,0.055195612809154262,-0.14530256943375153,0.05255296641656667,0.98799056120833906,13.347471207280762,-15.131139839756967,0.32746416727013422,,0.1175384226591634,0.1333333333333333,False,3
0.8836298152129678,0.44804370118120945,-0.13584988589814223,-0.42244896285210576,0.88809108845960982,0.18119352191456634,0.20182968922305591,-0.10271835488590803,0.97401936126426991,-2.8573858364032585,-16.972725870730748,-1.1809967549851035,,0.1107108174440419,0.3157894736842105,False,5
0.87278692891954401,0.48783532069092228,-0.016114483968634685,-0.44215555178788102,0.80418261548650127,0.39722636993588928,0.20674004142967739,-0.33956887495127486,0.91757917066266304,-13.769318477114641,13.908391392071549,-6.6593311321972024,,0.4062103837759061,0.3529411764705883,False,2
0.44505250991919709,0.88484295502479737,-0.13777230620703798,-0.87532186787310351,0.46232188098141408,0.14166900151037412,0.18904996968463722,0.05754496771039122,0.98027990168800572,-3.5498122829942256,-5.4434607703370768,-2.7960015872073583,,0.2684555211403276,0.807743658210948,True,5
-0.96853272351045394,0.18420561446475267,-0.16736981534638995,-0.19938984624625117,-0.97674432863971294,0.078830233312175924,-0.14895654635939326,0.10972150231298639,0.98273757393663486,-1.5210743213907167,-14.488015481199829,-1.3494233253851011,,0.1114279712947241,0.2222222222222222,False,3
-0.98809623811956959,0.062439072548949356,-0.14059582651409944,-0.043684353462768132,-0.99018831240175442,-0.1327357647565493,-0.14750424223220041,-0.12501387203903849,0.98112895702925407,14.07017098607121,5.5898851961089999,-2.1496000315012949,,0.2021220535369629,0.2083333333333333,False,2
-0.92560020971847423,0.369272219341859,-0.083079960227815108,-0.36639592113391545,-0.92921445202712705,-0.048109574102839892,-0.094964628918072017,-0.014090073323615809,0.99538092662467137,-15.122688980896555,16.595859584094622,-7.2132208801506357,,0.7565586109993179,0.2941176470588235,False,1
-0.17300472240740225,0.9768679545777551,-0.12569154841838415,-0.97812527214722778,-0.15544091397770385,0.13823557519208884,0.11550029442234883,0.14685748731627335,0.982391246096738,-12.652246841012207,-8.8146207805042138,-3.4444783223910109,,0.08092334787284967,0.2586206896551724,False,2
-0.97323475303512741,-0.14897905315753299,-0.17498387698568116,0.15196437504235491,-0.98837900746984519,-0.0037102979544633985,-0.17239763398214464,-0.030202306422016288,0.98456430794750527,-18.235440903818262,-19.254448598301465,-2.739632109986101,,0.1589031869747858,0.5294117647058824,False,1
0.95622967264016634,-0.24589226727370811,-0.15862473343547101,0.26959812649634068,0.95107763361557685,0.15089130202187365,0.11376143174266917,-0.18705167128680925,0.97574074882453699,-8.097952547052806,-5.0868933452048744,-3.4078008697976747,,0.212860600914037,0.8025889967637541,True,3
-0.87275710861630751,0.48373124418208241,-0.065567619765830504,-0.48314759587685324,-0.87516625787248448,-0.025542546464439819,-0.069738296208890008,0.0093863988582264593,0.99752116045643591,-12.582085046674514,-13.392050605115564,-2.8472989375528401,,0.5836362604271922,0.2,False,2
-0.93367914999675461,-0.320906437133613,-0.15894119499849024,0.30550458594528257,-0.94533946315230066,0.1140186273085296,-0.18684269540910337,0.057899551061562485,0.98068213461810894,3.3944704755301669,-4.9774775718168014,-2.0246304736718224,0.3035147589734181,0.2313220339799237,0.7902621722846442,True,5
-0.98504057325172079,-0.018020544526614418,-0.17137773782753896,0.025788740063359163,-0.99873311369939211,-0.043210050755126711,-0.17038195307562615,-0.046983269099547031,0.98425736598252289,-2.4368686077809105,-15.109504012421732,-1.3383096801202508,,0.3421155016373492,0.4482758620689655,False,4
-0.68496864847311056,-0.68718327349287511,-0.24206837720060789,0.70141715260989312,-0.71184085961215304,0.036007896512571635,-0.19705818590850144,-0.14512663166437231,0.96959080655099217,-11.721268747874019,16.254643452628233,-6.7289390937052307,,0.1244561414859673,0.5625,False,5
0.47916103592529907,0.87606426343608601,-0.054000999816501902,-0.85680960895832581,0.48020736391795082,0.18782486958774419,0.19047833380118218,-0.04372978354806209,0.98071693693091921,-25.001660688711418,-3.4926342031066522,-5.8181678519858142,,0.0732097250399385,0.125,False,1
-0.65362883257662496,0.75678816501953661,-0.0064048818006935543,-0.75644557706616811,-0.65355063976513561,-0.025722562073283994,-0.023652445149505069,-0.011968063709074175,0.99964860190444182,3.046278915499363,-24.24212805583721,0.51599490833360662,,0.415677096260312,0.4545454545454545,False,3
0.68796407043027608,0.71355807758762479,-0.13243982673825422,-0.69730283784284708,0.70049037083761956,0.15192759031882927,0.20118198262597381,-0.012170056418405573,0.97947827928619979,0.8837752120917276,14.476626326872131,-4.9311017680273412,,0.0793682739444113,0.3666666666666666,True,5
0.96127786191614151,0.23779833595997821,-0.13927247971008952,-0.20934378952628352,0.95878049691739176,0.19213312186506265,0.17922067396566449,-0.15553748791048824,0.97143607091655215,-5.9991662492284732,-5.2457563754896874,-3.1107966376675007,,0.07687904699283013,0.3333333333333333,False,5
0.99064396006853184,-0.0015959688736051827,-0.13646243901928012,0.035706103625787272,0.96813136039276204,0.24788453599997679,0.13171795072654599,-0.25043786037141774,0.95913047055600587,-14.831321955484604,-13.000228163052057,-3.1873547869208911,,0.0891802885823359,0.28125,False,2
0.79862482597218842,-0.5456640901673192,-0.25386824937900926,0.60041952752093875,0.75125272008981336,0.27407251144393996,0.041167685293490137,-0.37130856610038987,0.9275964480462654,-5.500481230594394,-11.647842834383679,-2.2533029062961876,0.6972706994268012,0.4596229093456309,0.6082474226804123,True,4
0.67447549014492669,-0.64703656866971282,-0.35556503202351775,0.7382763254495589,0.59471198125957148,0.31822276258465998,0.0055570202859540757,-0.47713869907023843,0.87881043540407677,9.5796364028675658,6.4012927667247732,-2.793673508639011,,0.07750555931795358,0.75,False,1
0.95825806343172992,0.24318362727232032,-0.15034363070894394,-0.22215720495465435,0.96434005036438197,0.14385563440462265,0.17996571938790401,-0.10445090085728294,0.97811162407738306,-2.1113500218321883,11.192567196442724,-4.8486890794551485,,0.3879679602233434,0.8530612244897959,True,5
0.7406382180587705,-0.62844882345677733,-0.23771223411200804,0.67144222440417523,0.70537633036870695,0.22717740169909251,0.024907212567912757,-0.32786629721788996,0.94439574433111872,-8.2369897964032113,14.570344153191549,-6.1145452534243052,,0.2311184819383346,0.1481481481481481,True,1
0.29272870542729457,0.95069514816922407,-0.10241406283493119,-0.94171131640189343,0.3052078245946776,0.14152024719734518,0.1658001857039772,0.055017443176519694,0.98462347085921409,-8.360170655210533,-16.060405122509362,-1.928692110960355,,0.1554526579924211,0.2307692307692308,True,5
-0.12528042665311134,0.99089980673212219,-0.049217758135209969,-0.98319170652818277,-0.11735905306741762,0.13986036206630462,0.1328114562521365,0.065912257443973707,0.98894726421929369,4.1820748797001261,9.2657480314808502,-3.7681070137637369,,0.4713611971617049,0.8465608465608465,True,6
0.58511018210581234,0.81056540986953585,-0.025095639444639176,-0.78694892848748643,0.57499213880495526,0.22382007118420219,0.19585060313540242,-0.11121041603885727,0.97430733581142903,5.2614494652702879,-8.9995209685681932,-1.284480900650411,0.5470419402496047,0.1845156290023774,0.3809523809523809,True,6
-0.98381695176994088,0.11978586668320665,-0.13324995892328156,-0.12221066324011734,-0.99245238394413071,0.010139989843379132,-0.1310296119223201,0.02626045975542407,0.99103058936287203,3.7888520984249063,-21.880065014225437,0.24542227265638689,,0.1703259746616039,0.3125,False,3
-0.91197859459176078,0.3905475312848195,-0.12556937848763305,-0.39101218895858147,-0.92012353652679901,-0.021957814445782625,-0.12411491083772364,0.029074100790046443,0.99184181479255806,-15.38989491387742,-20.217402369646187,-2.2311804548607408,,0.2603690719092397,0.40625,False,2
-0.23304980971802333,0.96786616639207212,-0.09446094507206533,-0.96775046918045549,-0.22127032063996513,0.12040961176291425,0.095638985729679438,0.11947606102228862,0.98821994275120628,10.716678410535362,8.6628298150547138,-2.9834757587105867,,0.08666845468402962,0.2058823529411765,True,5
0.00013492238155868069,0.99846169781399174,-0.055445647208336335,-0.98925289891499812,0.0082402254855750024,0.14598219299701795,0.14621451290560275,0.054830070967920724,0.98773224080892974,-8.4514217340128788,-11.950723526821044,-2.5244774662765779,,0.4898157324470055,0.6265822784810127,True,5
0.054808302027734346,0.99423983351274492,-0.092104307637518784,-0.98798257354370045,0.06735111489462664,0.13911959494053414,0.14452157071802163,0.083372542116699574,0.98598302968063112,0.9680735470445303,-4.6951411286781646,-2.3565173728293884,,0.1198183024448025,0.1741935483870968,False,4
-0.66959788768590967,-0.68436197167836832,-0.28859549637349408,0.71499591250726102,-0.69912784310809251,-0.0010507563632592976,-0.20104604921379648,-0.20704818451636336,0.95745053939302849,20.306490318916595,-0.84268783758227994,-0.68015501744380535,,0.7432929403014576,0.163265306122449,True,1
0.23694367238130623,-0.94702920747182862,-0.21677955695530504,0.96115727274454865,0.19599665466761892,0.19432449256169815,-0.14154290221950205,-0.25440320665113542,0.95668417739445155,-4.5161555364074877,7.3861489482464968,-4.6022365649339294,,0.1656955080320578,0.224,True,4
-0.2203856927071571,0.966283522531734,0.13314015372400645,-0.97090690101018906,-0.23041927167181439,0.065167083815550864,0.093647936553770128,-0.1149048011437997,0.98895245115896568,-19.720708493486967,7.2652776695260375,-6.5352790271981327,,0.3901856399537943,0.2592592592592592,False,4
-0.24329003738687183,-0.89017816355965373,-0.38521785372676814,0.93134605960360406,-0.32532719955222344,0.16357484675936285,-0.27093260226324889,-0.3189749995737457,0.90821279151848222,3.3710656414207913,-7.2652796001310973,-1.7567219550615853,,0.3963968945501875,0.1333333333333333,False,2
-0.79192997833648826,0.60814505419804943,-0.054831582745902566,-0.6092125933473973,-0.79299894432002316,0.0035623607716903927,-0.041314955148324048,0.036225231010725278,0.9984892623956011,23.848163839114406,-5.2576820859383417,0.13127757919688907,,0.3067012790580973,0.25,False,1
0.24908966866417018,0.96548850957424404,0.076067567628246568,-0.95731947784635885,0.23356868636848782,0.17025006926304931,0.14660748378151767,-0.11522849746570073,0.98246050255012718,-13.986312017570224,10.663457913769971,-6.2684452916703393,,0.5473613037587305,0.2105263157894737,False,3
0.7167098251163978,0.69513290389957805,0.055832539775326998,-0.66602947637079246,0.65856937672028049,0.35027291167247021,0.20671662532769708,-0.28823015449879991,0.9349821468085513,-9.4900858656337572,-8.2583078340861622,-3.1874457846111888,,0.4081069435600122,0.1030927835051546,False,2
0.27477978173746448,0.95268895291253219,0.12992240202034369,-0.94624044369282656,0.24395327939983019,0.21240484973293927,0.17066075784525153,-0.18130238958296366,0.96850624637283222,-7.3731713025089558,-10.023740405137191,-2.6435626679332693,,0.3025375909860922,0.2380952380952381,True,1
0.82051003788042109,-0.54338775797940608,-0.17746273472361271,0.56932640538442969,0.8046780912994147,0.16840609702375431,0.051290563162370864,-0.23921311389813962,0.9696114501539479,11.381023754685742,-7.4164987837343004,-0.82888884559003917,,0.1809356544076113,0.4285714285714285,False,3
0.97393961137310048,-0.15259366177467268,-0.16779990400656286,0.19586565047451124,0.93890130238787051,0.28302118531756271,0.11436030938490634,-0.30851178058634704,0.94432102638712412,7.5155627215672078,-11.707038070985835,-0.67439396163413601,,0.1195594533371667,0.4375,False,3
0.39843804850409531,0.91713129489475897,-0.010830947738337871,-0.89864541189252301,0.39271554483226812,0.19547614824221513,0.18353077450053376,-0.068151953543220456,0.98064864556041531,4.8025356006615016,4.2954936815297069,-3.0794571420067225,,0.7186994596879952,0.4173913043478261,False,1
-0.96424057606397529,0.24107984191451065,-0.1100936932539142,-0.24292434026739931,-0.97003907718212012,0.0034574044178629082,-0.10596167409710548,0.030078207428874834,0.99391520013550638,7.4138830452405058,-16.792708107689638,-0.065923855394326991,,0.2399552311227909,0.3870967741935484,False,5
-0.82228586540330728,0.56728932487630968,-0.045041951992710827,-0.56420470844967807,-0.8230239872654127,-0.065609171225936624,-0.074289989373713977,-0.028536612747861262,0.99682829976467391,-9.8008680296291892,-21.883106902096017,-1.3019045857922518,,0.309490867154272,0.131578947368421,False,3
0.67657651950495856,-0.673986419779529,-0.29662521674215148,0.73637196303496799,0.61885227547347776,0.27345601693384997,-0.00073845147672174649,-0.40344041331288427,0.91500562161953158,-5.9386065531517671,-6.8766503882118952,-2.9477565799185363,,0.1734526001291914,0.1666666666666667,False,4
0.78159869252277625,0.61385099566155132,-0.11086225224127956,-0.59147810654990263,0.78577553815656453,0.18086031379742673,0.19813412961635124,-0.075787589749797976,0.97724055785721853,11.908196564928739,13.199486262862427,-3.4643170395958394,,0.1618126349982863,0.6666666666666666,True,4
0.88893315241099791,0.44638697668241861,-0.10264754060851533,-0.41598224741437445,0.88058462989973474,0.2270010559896905,0.19172016164382172,-0.15908920966765241,0.96846992879830296,-5.2290346001474584,-13.015931451012429,-1.9752930437747198,,0.1333766589395443,0.1333333333333333,False,4
-0.75659452285536566,0.65373536878576111,0.01395691885081389,-0.6530374285319237,-0.75435643379226991,-0.066996177000057416,-0.033269278947340539,-0.059803330967056423,0.99765561026015914,16.022570921962888,-4.34842646293861,-0.70527976930140879,,0.4173178094785997,0.1621621621621622,False,3
0.42691747333392366,0.90414690396309616,0.01611977097005407,-0.88571522576632944,0.41448706215355563,0.20906700876277806,0.18234585218172533,-0.10353188572252944,0.97776844847379818,2.2204993840032721,-9.3318622227681569,-1.5934587851351865,,0.7440198450642495,0.5563380281690141,True,2
-0.14302793028213345,0.98783394575160122,-0.061050035053503066,-0.98089225275955483,-0.13326278237094352,0.14174420380051669,0.13188403859260989,0.080156886513757117,0.98801896434680148,11.415466428834828,15.204662047874779,-3.777700394454238,,0.195121824340295,0.4,True,3
0.23794790086560416,-0.94315603657639757,-0.2320290652981917,0.96788117379628991,0.2102889046712268,0.13778465075214436,-0.081159287111010336,-0.25736213249364304,0.96290077519646633,35.313741509070361,-1.6081096464418232,0.59214317703512809,0.3946732342149741,0.2778264485560105,0.56,True,3
0.72776615273689804,-0.58464538641541386,-0.3585334002205447,0.68138643458957704,0.67576581532461155,0.28116381274261926,0.077903489574202053,-0.4489213015460885,0.89016892291875027,10.062904330649028,-6.7330717998029597,-1.0768410687820218,0.6700038264282443,0.2790982396687948,0.12,True,3
0.93998882323445743,-0.2894067694204851,-0.18073387620448347,0.33254134038333011,0.89565180962251256,0.29533725273994155,0.076402023077648998,-0.33771520210602901,0.93814240557397577,30.869006184641105,12.782902095803756,-1.428513718386432,,0.5521575556638693,0.3142857142857143,False,3
