axis_00,axis_01,axis_02,axis_10,axis_11,axis_12,axis_20,axis_21,axis_22,location_x,location_y,location_z,dbh,dbh_approximation,score,reconstructed,number_clusters
-0.89601375738775013,0.43492754060895816,-0.089428077200221667,-0.4353374840446752,-0.9001269697723937,-0.015896958011511031,-0.08741064899391765,0.024687501052368215,0.99586640958225459,-3.17250664315192,-30.469039712733274,-0.74519367291853722,0.4749945797198233,0.3458226986724616,0.4117647058823529,True,5
-0.12367668801606473,0.99211795116300439,-0.020150628315274838,-0.99196537520467221,-0.12306187863656622,0.029333742030191005,0.026622757866752313,0.023616625638783195,0.99936654124350521,-25.103095781690978,14.557686778322076,-5.532974634340591,,0.4858370926990674,0.5,False,2
-0.97806888074198928,-0.14293894725190393,-0.15149165614855103,0.15744390220228194,-0.9835571149931388,-0.08846931222572324,-0.1363549859133566,-0.11038051868374089,0.98449147223918476,18.420873060717899,-9.8756730307282794,1.4499865099133005,0.2570685652692258,0.2500121827900753,0.6956521739130435,True,5
-0.97661090634656589,-0.16603810280799591,-0.13661070975901057,0.16596347066378284,-0.98605868535513796,0.012016465409125321,-0.13670136798939145,-0.010936976347160048,0.99055192622002941,-16.135796083675483,17.506325356755145,-4.8119695522687742,,0.1097734720413059,0.6730769230769231,False,4
0.89145459737391641,0.45307465398532765,0.0056620435342056574,-0.43624784080794471,0.85483545652986148,0.28097004048436902,0.12246028830324454,-0.25294208858048406,0.95969983724768204,9.5064787770194137,8.9814362882519703,-0.97630156273461044,0.5044752223807121,0.3013092081527599,0.2051282051282051,True,3
-0.87583256863917214,-0.44629859425388235,-0.18367056508302546,0.46258872827822278,-0.88481133390312261,-0.055862078966979548,-0.13758263037478979,-0.13388976123507323,0.98139928248168617,-4.0516375760005969,-31.426655695293128,-0.8876474927040845,0.2911334686118899,0.2420492500251797,0.6875,True,5
-0.80188286202343007,-0.57635084216292942,-0.15749153098244939,0.58075565356202152,-0.81380205675861728,0.021191584914643506,-0.14038071964790277,-0.074470928244028844,0.98729293241550709,-7.1634880101171383,-18.939343861260451,-1.6400752340558185,0.1491934126514264,0.1973165334473066,0.4137931034482759,True,5
0.38180176699585938,-0.8841917748283521,-0.26913252505917995,0.92353408842763884,0.35356279518469513,0.1485871373077661,-0.036224276817779053,-0.30528389277371976,0.95157214470682916,-20.078862835990446,30.777428996600772,-6.3917718768012719,,0.3430099259049628,0.3636363636363636,False,3
0.15263883979734541,-0.95615874927225175,-0.24992364989221305,0.98650063746713534,0.13223425150845292,0.096595005072397988,-0.059311692458213397,-0.26129398944125071,0.96343529840857467,-6.2521997470895609,-40.282724058134391,-0.88112602112389304,0.3325809648576439,0.2965606240853503,0.4210526315789473,True,5
0.82479089869227051,-0.54286938554983799,-0.15815436657626625,0.56071019884986939,0.82134369248170436,0.10487426627281395,0.072966062934342907,-0.17517810666079997,0.98182920337836799,1.087897607606142,-18.882141696031905,-0.48013068197907405,0.2149713537969132,0.161779062858445,0.4324324324324325,True,5
0.23895178810937084,-0.95673583489948588,-0.16600778649966325,0.97066432015227311,0.23064432696057932,0.067926224863647536,-0.026698699269061668,-0.17736892811336713,0.98378221309253966,-2.99451018242973,20.059381132741766,-3.6395535690299528,0.5341277447057193,0.388820869605337,0.7758620689655172,True,5
0.90686151869808829,-0.39298225423665917,-0.15220753516061625,0.4117732910988251,0.90314207757576903,0.12156127857901683,0.089693604243773387,-0.17291424339017575,0.98084439224097308,16.36642457402445,-2.9858104842863908,0.81666985612149967,,0.1118348195082609,0.5714285714285714,True,5
-0.96094908389399947,0.25733815712121727,-0.10175426798291684,-0.25303557321909598,-0.96598398073478819,-0.053366165774354934,-0.11202614359589029,-0.025534718585254794,0.99337712944168655,-7.8376251055772093,-21.244366431420424,-1.6628284520096832,0.2951261318154372,0.2743358543401077,0.2962962962962963,True,5
-0.79079468717496759,-0.58826172863543136,-0.16909139942261697,0.59544258977083986,-0.80333506725108705,0.010044501564836536,-0.14174584658056052,-0.092741082307385231,0.98554919036525745,2.224438534076107,-29.213360243873961,-0.019506802260211103,,0.1334975867886981,0.2941176470588235,False,3
-0.76630688345154396,-0.61292385351844714,-0.19260869700737665,0.62472511665331087,-0.7808444480352833,-0.00069035858866416805,-0.14997429445504656,-0.12085651724491887,0.98127540132326752,2.8773033827354451,4.8748848337889772,-1.4265994275493765,,0.102740090155724,0.2330097087378641,False,2
-0.70552802468691234,0.70818173108494453,-0.026624089447620458,-0.70779232474708165,-0.70602675300569195,-0.023584933100624192,-0.035499738175159223,0.0022044949015492671,0.99936725421224604,18.658086786259076,0.1007266048741518,0.83683790301917593,,0.2749693865521127,0.6296296296296297,False,6
-0.23107661839485813,0.97107658819349529,0.060115358217998821,-0.97217794652504863,-0.2328933941422861,0.025113885705443567,0.03838797626259266,-0.052639593723422834,0.99787546139340244,-20.675494926865351,5.0921508442131485,-4.2973480110144786,,0.1281583590643683,0.2307692307692308,False,4
-0.79651243130973748,-0.54294568974433388,-0.26604120875740644,0.59262244232639738,-0.78829438543618746,-0.16550106567898726,-0.11986070089962009,-0.28948564710160357,0.94964807823846997,15.97438005243469,-9.3566354725847614,1.1053779738209568,,0.4260863796398118,0.2962962962962963,False,4
0.69838276646985875,0.71518895868559151,-0.027681489702077233,-0.70198039068360885,0.69200228064748648,0.16839351137845274,0.13958883405772327,-0.098171263376288981,0.98533109179275824,13.608987483033594,-12.841046128337954,0.97448538132297113,0.2241814284218586,0.1313475542264693,0.2631578947368421,True,4
-0.89499219797014862,0.42500215415912146,-0.13550695381665812,-0.40373456261466356,-0.90093487931039207,-0.15910608471179341,-0.18970336982486552,-0.087689863736218718,0.97791774668170051,-14.992821196332251,-5.183587852010171,-3.1279320357792355,,0.401556230662072,0.9534883720930233,False,2
0.51893028101818151,-0.77199203765362312,-0.36706900882776528,0.85474571736453397,0.47414004120749254,0.21118944095466763,0.011005548118066678,-0.42334325921545513,0.90590251284973089,-13.316301982918027,-9.8277323790626774,-2.7661954354519502,,0.4899783576884363,0.2206896551724138,False,1
0.99068432242805271,0.009052293678775792,-0.13587725812079307,0.0060475596199108042,0.99387924850299425,0.11030623925131441,0.13604411166204533,-0.11010038771175056,0.98456584559277116,9.4600098610479968,-12.581084157519358,0.43029175293036492,,0.1004828315322615,0.1739130434782609,False,2
0.85308755293007321,0.51083411697630521,-0.10625503267524908,-0.50184593319813853,0.85905646739128194,0.1008595318534696,0.1428015629055554,-0.032718355188640066,0.98921040373900271,-9.6730570142696415,16.536163433277835,-3.9392844949411576,0.3109943995083034,0.1562647328428934,0.3103448275862069,True,5
0.52163375144199386,0.85024822584301885,-0.07054207118699421,-0.84449366381125213,0.52632274886083508,0.099069752266885663,0.12136177791710248,0.0078942056201343619,0.99257694934872787,0.090412406086437719,-12.789065712386316,-0.84300011836916,,0.1723959272759636,0.3125,False,1
-0.96712744352553182,-0.210316614145731,-0.14293855251137169,0.21266160995341951,-0.97712522418845138,-0.0011558142969007174,-0.13942577821834143,-0.031515362427631519,0.98973088983787183,-17.647537263328456,-22.373474368747416,-2.968452954362089,,0.2550240688213493,0.6216216216216216,False,4
0.52081773410803223,-0.75201984306069558,-0.40399881618829259,0.85359282548453363,0.46503883431179421,0.23477259393561603,0.01132148929713403,-0.46712422140678411,0.88411921461712395,-12.009194924942481,-38.914780917778948,-1.7261690278736619,,0.5612500719910919,0.2,False,1
0.32778830762667038,0.94475084174419266,0.00082000419684041814,-0.938068784404548,0.32536662210213357,0.11901057494030207,0.11216853885567518,-0.039779495289495273,0.99289264809721289,-13.197077920881112,10.500794189090204,-3.7682678608858655,0.3836991588936312,0.2922820154948692,0.6859504132231405,True,5
-0.84302920121073566,0.53446959809951988,-0.060365674131292027,-0.52769280416351427,-0.84358273165387976,-0.099541344623346434,-0.10412526273692915,-0.052061728387699957,0.99320063738262343,5.5498710651119776,-7.1674917162934104,-0.33264090585262296,,0.3391600509530512,0.3414634146341464,False,5
0.48706190144259359,0.86858419321055014,0.091280904179925876,-0.86153130909589892,0.46068112506397346,0.21339330930771985,0.14329866576711009,-0.18257710786013415,0.97269270176906164,-13.08884841121732,9.0448364319591121,-3.6538092345438824,,0.2969794730957477,0.275,False,2
0.54714219580238688,-0.81023982161450336,-0.21011151573067183,0.83689114018775046,0.53425881778225603,0.11908289170637755,0.015768229063192078,-0.2409957408171437,0.97039807082465213,0.74137296208325465,-34.975215953639491,-0.049573229029533906,,0.4118570691400451,0.4,False,1
0.9631278493701505,-0.23084842794897964,-0.13818013272939689,0.24678481515700104,0.96257645394829827,0.11199922014123329,0.10715409826765264,-0.14197032653975414,0.98405407656624333,2.871648961446108,5.6706572145997738,-1.4686698664697728,,0.1322877189256282,0.4247787610619469,False,1
0.09538371002521949,0.97816210621114208,0.18466413250657948,-0.99250055885658073,0.079204074094294072,0.093109372869978696,0.076449908640887326,-0.19216037213600579,0.97838121550311463,-22.973686309200819,12.839598479385106,-5.1646456682450035,,0.2016268453203205,0.2272727272727273,False,1
-0.98709720253475997,-0.046922981882640574,-0.15309260765723831,0.057037788442438467,-0.99642261627973683,-0.062359124880328791,-0.14961886056793566,-0.07028658148954306,0.98624236018580491,5.4986455208103644,-18.367451590396183,0.083078058491884405,0.4476106026530299,0.4699879370553148,0.3333333333333333,True,6
0.95845298865417428,-0.24899349083977587,-0.13917654277680452,0.26385550730664409,0.95927201436257648,0.10088346606217548,0.10838883615868744,-0.13341455685264264,0.98511543293970305,-18.333383733811825,4.1979671522684239,-3.9638096582071904,,0.0890437426281053,0.2280701754385965,False,4
-0.33458004904198202,-0.89984342738024681,-0.27988925842846368,0.93667569397425998,-0.35014632601956303,0.0060162025265243085,-0.1034158358323479,-0.26015256403805126,0.96001344174106451,-6.92344704320739,-9.8363942249294904,-1.8714439161596192,,0.4631488879460697,0.2375,False,1
0.28475844700010078,-0.91936928872327706,-0.27142722379036588,0.95833851788394164,0.2664263182169857,0.10297719214151277,-0.022358711995537815,-0.28944278867126072,0.95693414615850303,30.532526117438977,-6.5453308644254022,2.7530854960346844,0.3370591632335985,0.4179619812433492,0.4516129032258064,True,5
-0.83434965220390678,-0.53307712418992215,-0.14031905619915647,0.53288551784439508,-0.84513814997748471,0.042125198211348157,-0.14104496708117775,-0.039626848449465304,0.9892098008729151,-3.7899281037518699,1.377364189691298,-2.0367947485709861,,0.0865760350683467,0.5717592592592593,False,5
0.9917335165658252,0.018228861058389619,-0.12701315185640299,-0.0049527904938067423,0.9945580113123168,0.10406647875668279,0.12821896110290482,-0.10257714540288489,0.98642679771723984,-7.7420469301849142,6.2444367809457688,-2.838197165879182,,0.09002393550193535,0.5240963855421686,False,5
-0.50179374322283421,-0.80717192340007493,-0.31092848910487536,0.85599816719574462,-0.51507574061910411,-0.044318384257641549,-0.12437916634204857,-0.28839290473294521,0.94939947097086186,1.0644791742740054,-12.771974867490639,-0.68375181022162235,,0.1935456083074214,0.2307692307692308,False,3
-0.63468010195822244,0.76660873771896809,-0.09742798074079953,-0.77214543575995853,-0.6341908067612505,0.03991799913042527,-0.031186442781485087,0.10056373040238414,0.99444172373960282,-2.8565812885387296,1.1484802232759899,-1.9089847144294518,,0.08235904737815575,0.4245614035087719,False,5
0.12404580885887423,-0.96660302287959599,-0.22425707004367776,0.99101755270638592,0.10930212069110948,0.07705359589449351,-0.04996846537961161,-0.23180086836000735,0.97147903214385078,-0.33735340664022112,-11.196831718676824,-0.95137999720131583,0.8222076451331866,0.9320388583566487,0.6940298507462687,True,2
0.51922992063256168,-0.84108443521786203,-0.15158252654628612,0.85463106852709481,0.51048600525072596,0.094919835394893598,-0.0024548377016607864,-0.17883235523083552,0.98387649758211648,-11.408367248750878,16.369337010237459,-4.1343234187768525,0.1735283714669222,0.199217080942806,0.7272727272727273,True,5
-0.74171291660272087,-0.63147176213416578,-0.2260649529932906,0.6561801395491722,-0.75297111828529006,-0.049619748985965564,-0.13888691013164683,-0.18514294114378979,0.97284763325955237,-14.528144206732586,4.8843255684943845,-3.5344683508322103,,0.689767357189199,0.4874141876430206,False,4
-0.97212755005999629,-0.15626169190437741,-0.1747864698926421,0.19053543546833415,-0.96096555221290292,-0.20060273001891904,-0.13661725456633339,-0.22831445662360605,0.9639544774787997,-14.437334153135637,-15.397960108828601,-2.7518476622752499,,0.3961217211981104,0.1333333333333333,False,1
0.9434144692525378,-0.29094830889332801,-0.15911700335622617,0.31011878758724842,0.94400901844475593,0.11257579971016696,0.11745414760819495,-0.15555081049959621,0.98082030391022745,10.12468298132967,1.2229005263866668,-0.24575150627409062,0.4561425458473595,0.3726401722122799,0.7768595041322314,True,5
0.17686325475871767,-0.97292958827301468,-0.14875283317992771,0.98323178106990072,0.16782977073788766,0.071333251350117616,-0.044437076977046873,-0.15887474411299768,0.98629821143139318,5.1406229363809386,13.931030591225079,-2.0075631045502482,0.4315395104162704,0.3803611507478729,0.9122807017543859,True,5
-0.98931923939256949,0.083585217297915182,-0.11941923637742391,-0.08186176237796243,-0.99645730742544569,-0.019273980875877027,-0.12060719061515679,-0.0092922509485031703,0.99265681866606259,-0.31597539851656076,-28.117207506928239,-0.42063190615110047,,0.1514158455107541,0.3846153846153846,False,4
-0.98824705787203915,-0.093888803455675837,-0.1206343449972689,0.11107910785454744,-0.98321486922559254,-0.14474098497640181,-0.1050199238501744,-0.1564398079753444,0.98208828629362088,-12.458630037578205,-12.416113641753503,-2.5498183224222015,,0.3734843463620218,0.1875,False,3
0.82597829185168592,-0.53422532421206981,-0.1798976496797029,0.55974924677608073,0.81502480781322595,0.14971754533996781,0.066638143156771357,-0.22436101626513477,0.97222502141072997,-15.197749947888079,-21.376871574117864,-2.6330212215554303,,0.1367711120624013,0.2666666666666667,False,3
-0.15653591463375754,0.9818994301005447,-0.10663027993022965,-0.98671215808808188,-0.15071053369858464,0.060707924634664547,0.043538770204649552,0.11471636413569763,0.99244371693741562,-7.4805159883046723,-12.631738955291825,-1.8474936179064996,0.5447729500826348,0.4941284317395542,0.8870292887029289,True,5
-0.96901599257720961,-0.19577431893206984,-0.1506002064284469,0.20539999643548326,-0.97734258249406947,-0.051110839438692976,-0.13718180489376169,-0.08046050267372544,0.9872726370742696,6.4546280147849471,-14.421723625054424,0.10291059931417368,,0.1661761231394215,0.3636363636363636,False,1
0.8416222915358621,-0.46865369874157375,-0.26839453989559414,0.53315687085339625,0.80023249689885767,0.27453907184376392,0.08611428134601265,-0.37415459580614902,0.92335944733640851,-17.368683245690558,-16.076926193391138,-3.1024742746893499,,0.5929863754494561,0.6310679611650486,False,2
0.20891685937080895,0.96717514568976148,0.14465816060847658,-0.97477057291736913,0.19406308529442115,0.11028077393795921,0.078588014639528456,-0.16404803103359789,0.98331692117496805,-4.2218476488966354,2.5510379269510972,-2.1558582997528721,0.8289290233561445,0.4442023826992805,0.310064935064935,True,4
-0.062233132502194727,-0.98450215629259141,-0.16395896277484348,0.99554517060769709,-0.072891185479927956,0.059805420816360741,-0.070829728918410717,-0.15950667489032855,0.9846526139541677,2.3476377930792918,-6.903600608802102,-0.78515632740455354,0.5258734037187242,0.3952243507303512,0.8958742632612967,True,5
0.94821380950686052,-0.27767073772030126,-0.15423855832557626,0.29899318774189371,0.94417103800295998,0.13836229500971453,0.10720841918631796,-0.17731331706975142,0.97829767578446902,-40.105578365012541,8.8766255578032904,-6.8499178204280087,,0.1524501301873996,0.5714285714285714,False,3
-0.049094016182457074,-0.96199012611605061,-0.26863502160050257,0.99577809323830457,-0.068028231094398692,0.06162912299273994,-0.077561373129695216,-0.26447524842486292,0.96126847257612902,-3.2171966331033217,36.989231954387236,-5.3176077474643479,,0.3313995349981356,0.3043478260869565,False,4
-0.22383488960043085,0.97152077278491633,-0.077751721813497474,-0.97399344479258021,-0.22010025249977733,0.0537833464059147,0.035138464659789842,0.08776825677279243,0.99552097989164423,-16.939106408021441,13.346931029663706,-4.4539397645367984,0.208440755025208,0.1186591140571519,0.4146341463414634,True,5
0.98512609082991132,-0.069481358714043762,-0.157158919433249,0.090593255801535599,0.98717733080597581,0.13142975137336599,0.14601180489759591,-0.14371241537890062,0.97878868735621727,12.213477827724329,13.771577754904788,-1.1852181395143389,,0.1866788911587872,0.6410256410256411,False,4
0.9311602713519459,-0.33975488784429642,-0.13231464484962524,0.3534269614667282,0.93025841282551247,0.098532574693633121,0.089609887647338612,-0.13851318187548151,0.98629821376831217,0.50698404742645464,6.5609822947295058,-1.8506057646632792,0.7251065114375714,0.6476255593126059,0.6711409395973155,True,5
0.37626146158671286,-0.90928685376198937,-0.17783343358393885,0.92650097450440494,0.36826158395372,0.077326257030097809,-0.0048225270365385639,-0.19385774000415823,0.98101779793919219,-5.4969508673098355,-20.156006534824201,-1.3569231149983318,0.1684786190525855,0.1128698761682064,0.5,True,5
0.3167909285317011,0.94349302570817628,-0.097285240607482698,-0.94425649382044641,0.32339799627192595,0.061590663945300279,0.089572213760418851,0.072350856576384404,0.99334896792352068,5.8622819310787202,-13.137314272009398,-0.074031960684674269,0.2699372993361945,0.3005791250131672,0.8287671232876712,True,5
-0.37846055868701256,0.92517556147549729,0.028596957299871717,-0.92553224867329797,-0.37866419068391,0.001867447307344644,0.012556360303076754,-0.025760651043708352,0.99958927899099703,13.935787814804151,-14.767580192719773,1.1377802032602846,,0.2323217193490689,0.3125,False,5
0.98886483729801578,0.08906641224090403,-0.1192204167334736,-0.064911186941998406,0.97904573138543904,0.19301811745463848,0.13391367131607845,-0.18313009055446083,0.97392530440900116,4.2845522557931588,23.346617828827942,-3.2597248620874093,,0.3624334615612161,0.6666666666666666,False,5
0.18411098043356985,-0.96881760825292984,-0.16581793878486778,0.98211230659123383,0.17454975078683194,0.070624370739146139,-0.03947865405298296,-0.17585456047349873,0.98362422165928642,14.236385155336965,0.58796382764500144,0.30260394372287586,,0.09184660208334675,0.4102564102564102,False,5
-0.77311122521069919,-0.61669571879503005,-0.14827482548663351,0.61887350778685457,-0.78463812110157749,0.036586886636867724,-0.13890505682949192,-0.063477628610922876,0.98826918187967805,-15.20010585259597,-12.622128987945196,-2.9070625812902575,,0.2853110251335111,0.3,False,1
0.99195462613009022,0.020171046800529342,-0.12497659208861658,0.019129607930188964,0.95200432092412168,0.30548622070764503,0.12514023253754508,-0.30541922305705249,0.94395922601968152,12.609282980075731,-0.34688272290775196,0.17737058724474333,,0.7406429959497558,0.4941176470588236,False,2
0.92213317950288032,-0.35989609015569779,-0.14193379988766575,0.37589539295908264,0.92026726187734809,0.10867759782451161,0.09150438684591447,-0.15356748030560208,0.98389225842088179,-4.3466655708399689,6.6961478216119401,-2.4596306585544188,0.1636346579440451,0.1291859965000909,0.5480225988700564,True,5
-0.96569452123269395,0.24921494954351586,-0.072979453171290565,-0.23893922883210472,-0.9628093173134149,-0.12612003575798164,-0.10169629583360844,-0.10435577328781742,0.9893269105787148,19.42789138806965,-3.2060081416308353,1.2176981487638541,,0.1803566017207243,0.25,False,4
-0.15229382930938473,0.98583492199457867,0.070257356413594929,-0.98700628089835896,-0.15538950474359764,0.040898695367074182,0.051236617974582552,-0.063115833128323029,0.99669012264948431,31.910712291823,6.4936423021573555,2.0568863249742804,0.7141561801802228,0.4968239206333726,0.2222222222222222,True,4
-0.84732878751359364,-0.48582641274531541,-0.21449154419175204,0.50583120765038447,-0.86133450426579083,-0.047303922967950454,-0.16176747268130665,-0.1485784925223797,0.97557968221057167,-14.317009142604606,-24.424928724393951,-2.5068070463866046,,0.1560521118983892,0.5,False,4
0.99226342579828397,0.04250379016271387,-0.11664785315152112,-0.021832363236681189,0.98466694956462064,0.17307323984547029,0.12221555440514299,-0.16918754758229124,0.97797695883110403,7.8214790608044025,-9.9648327590798065,0.10598788068226257,,0.1635279269071457,0.4193548387096774,False,5
0.54506922401164382,0.83817704307028706,-0.018941634177016317,-0.82968112241452074,0.54251706609619221,0.13154644846350413,0.12053537300032004,-0.055986404281137589,0.99112902610676445,13.441248023846356,2.0401707173615491,0.088579089045515202,,0.1796383226912388,0.4666666666666667,False,5
-0.026458321520469733,0.99762598071103392,-0.063579555146823161,-0.99757897403207385,-0.022258201513212152,0.065884467323583593,0.064312889776735771,0.065168819812435774,0.99579961695755848,-17.044865189528203,-17.60114277037086,-3.0457537047696577,0.3016848555608576,0.306376840511927,0.7538461538461538,True,4
-0.19669693777977537,0.97816211854156931,0.067150461787913035,-0.97982697798306917,-0.19857660514998998,0.022503890856306386,0.035346964291530752,-0.061369387624252592,0.99748904273580818,-5.9869124655157755,4.602940255982003,-2.4916706940988829,,0.09110264815987282,0.3181818181818182,False,5
0.084864422302767417,0.99353647833279779,-0.075387638570794321,-0.99387777473239258,0.089779663855414402,0.06439395042235703,0.070746015578304747,0.069461343062684588,0.99507292350848509,11.52487365497673,17.991088161130104,-1.7678640284040112,0.5243977511539623,0.3857398259132788,0.4782608695652174,True,5
0.83739108279226726,0.54583420572724983,-0.029003350118533722,-0.52098971466264921,0.8130782991653539,0.25975641790359649,0.16536593263343977,-0.20240726094801731,0.96523852442792368,12.713569335410552,2.8900967341167423,-0.086949120330494289,,0.4459711330222172,0.6666666666666666,False,5
-0.051691334122743182,0.99823549217289476,-0.029221706708367476,-0.99832273720695619,-0.050887697956337137,0.027607147123804368,0.026071408711876305,0.030599744493108705,0.99919164192097576,-3.4096905041034358,-17.620552509504023,-1.1512597649490024,,0.1411654936945404,0.3703703703703703,False,4
0.90341988910989912,-0.40500567895898709,-0.14072279123022918,0.41960406022583568,0.90261155299070284,0.096045911155571234,0.088118877674707025,-0.14581764097214228,0.98537925641788737,4.9338061330201546,-13.442063970597973,-0.15290113717076936,,0.1440523057727329,0.3043478260869565,False,3
0.68421298716414947,0.72749341757940333,-0.051048169159641166,-0.70770242801165129,0.67924020719798661,0.19439653883762822,0.17609617140166592,-0.096881723272637624,0.97959382915236815,-25.88743334851771,14.607538298050335,-5.6282354470714884,,0.3849819774017823,0.375,False,4
-0.51240351517010985,0.8570355368901782,-0.054154650295974383,-0.85812311264635244,-0.51341257905945037,-0.0056786623124538138,-0.03267049408029072,0.043561590545890927,0.99851641280735182,12.333813104833087,-14.647778963506507,0.88903754733939355,0.6638328519847578,0.5648978048029755,0.9239130434782609,True,5
-0.84903983779815317,0.51667918516739952,-0.11033573059729222,-0.5230747791221676,-0.85144044583802614,0.03797291979080733,-0.074324486395681483,0.089954359571370948,0.99316870868756391,-18.869422738069662,14.35805647963142,-4.7736037986954249,0.6847312828517027,0.521000699773373,0.8,True,5
0.73863413029882563,-0.65728897884455051,-0.14963562359006041,0.6724845262705087,0.73386323808536147,0.095965148432115482,0.046735248843113156,-0.17151077539430726,0.9840731021825645,-0.65253036692106248,3.8375004785413829,-1.8115567044690033,0.1952855443144162,0.1838393999358849,0.7470355731225297,True,5
-0.80698276348884634,0.59049904543629583,0.009470837910694252,-0.58809093956303682,-0.80201581830091995,-0.10449724397787957,-0.054109761002720705,-0.089897188687586643,0.99448007985595122,7.5091655019827419,-14.65497220961096,0.28634112949363927,,0.2407699943823146,0.2173913043478261,False,3
-0.99086753825658125,0.085646611832126018,-0.10414499273138973,-0.072177022896749196,-0.98929146563737502,-0.12685768949030268,-0.11389468378772662,-0.11818229096921863,0.98643851663758675,8.7885252883352774,30.810126865338166,-3.5248588550709554,,0.68063027284256,0.631578947368421,False,3
-0.56278125362274911,0.8262335073811311,0.02480830206765533,-0.82660042493831642,-0.56241512241139457,-0.020517494358947432,-0.0029996770826664354,-0.032053414227648153,0.9994816559465961,10.225073715076086,-10.56375972849893,0.44742636969228133,,0.2064644856641487,0.2941176470588235,False,4
0.18289929709968109,-0.9356566499695973,-0.30181862183787478,0.98230889492322737,0.16136441531223267,0.095030313193475657,-0.040212959044956545,-0.31386009437106344,0.94861728799671208,-32.745279435368992,9.6921085629577384,-6.0678002733360197,,0.2141983052101744,0.1875,False,1
0.37049913722126271,-0.91184313986263321,-0.17684026013256843,0.92874513973165995,0.36107204088132899,0.084020513677385944,-0.01276145536840733,-0.19536905993336418,0.98064676396632944,-3.5606404083123788,-18.697334502107058,-1.1170689454308778,,0.5606644755933687,0.5128205128205128,False,1
-0.31600300351426258,0.94818287534057621,-0.033035385283691474,-0.94857525816986732,-0.31506676276347562,0.030625391258116984,0.018630119643574673,0.041014264745583104,0.99898485910920831,11.975008495427732,32.639055765389756,-3.2956954226934316,,0.450617381017178,0.8387096774193549,False,2
-0.37523373741289973,0.92355849250905764,-0.078989576663915428,-0.92685322669225234,-0.37273939452748805,0.044815621578218098,0.011947320925945033,0.090028077185282079,0.995867564910623,-7.2203703503179515,-13.571448376452949,-1.7718364261847981,,0.09569863902577144,0.2592592592592592,False,4
-0.0098458504090450354,0.99767477580317443,0.067439609694970259,-0.99699960496872209,-0.014972807370284507,0.075944734719833595,0.076777906470131468,-0.066489523727723904,0.99482877738459385,25.020375697887239,-6.2416484010352269,2.0916488269411357,,0.2372704596645918,0.1818181818181818,False,2
0.83517036693513991,-0.46324702271260731,-0.2964669528654561,0.54532823035838129,0.76752782091654759,0.33692456914462598,0.071467330771616405,-0.44306121480784222,0.89363817094245646,3.6388893350821374,19.5630031150219,-2.8745858250620002,,0.3830169359139423,0.35,False,1
0.98445005190231827,-0.015090296788669636,-0.17501536576070209,0.064244103702179228,0.9582126932845545,0.27874922343903263,0.16349553648043755,-0.28565839278969213,0.94428199822922798,0.48044798401661337,15.564535846932262,-2.7219464264274507,,0.4156735473254719,0.345679012345679,False,2
-0.87931866933806457,-0.45152279445095389,-0.15141282589245492,0.45375892107643123,-0.89086629477403434,0.021449624219038503,-0.14457357745138036,-0.049843865488007393,0.98823786093031507,27.095696180070245,7.0309042471770464,1.386205559835666,0.1628088160188291,0.1833983537576265,0.375,True,4
-0.0064295202953638022,-0.96944329995954903,-0.24523121626805958,0.99980625630934095,-0.010794590681474953,0.016459849838924477,-0.018604061746619563,-0.24507787532855699,0.96932488047659682,14.509026618264903,14.230523197216757,-0.94430469440083065,,0.5021076212398999,0.8877551020408163,False,4
-0.16990130817343418,0.98491959210108759,-0.032664086951631061,-0.98493290858762106,-0.16863187229228177,0.038346541282480065,0.032260053659056334,0.038687061695448902,0.99873049427525129,-9.1704435158382402,-21.934579003380243,-1.8332062730268313,,0.1448628731963278,0.4,False,3
-0.31706647322600384,-0.91955844692520861,-0.2321230584076503,0.94294738816097501,-0.33186980168692165,0.026695652992164122,-0.10158284656583741,-0.21041553511274075,0.97232002338057388,-26.47118464553818,12.030868185472738,-5.5117277893010437,,0.07879131472808822,0.6666666666666666,False,1
-0.76307444253402612,-0.61092097888877406,-0.21093352674472826,0.63131236579286987,-0.77445420292800227,-0.040809121090307189,-0.13842720812179993,-0.16430534112053774,0.97664817766218603,-15.97828295596813,-22.189399575856413,-2.7765036511339325,,0.1479361360270966,0.48,False,1
-0.21972834863042967,-0.9113968461016182,-0.3479586781848758,0.97302896176553388,-0.23042526351335024,-0.010901261408129664,-0.07024309484660847,-0.34096918753873451,0.93744648955316057,-13.09876838055882,-10.423549121998796,-2.6996107268687979,0.8348293371337656,0.712629100412563,0.2429378531073446,True,3
0.60712139464591464,0.79409000587518597,0.028717150491425786,-0.78293218006365228,0.5916359706559654,0.19231245317646609,0.13572329786730331,-0.13924058601974126,0.98091347509395677,9.5527570182757948,-8.7859698863694184,0.26629490467462796,,0.1606256524470221,0.16,False,4
0.79126911723680382,-0.56753250976338876,-0.22759620925876278,0.60150928661512271,0.78935641467576179,0.12289438036782926,0.1099079716083208,-0.23414376133456094,0.96596942850436451,15.390702876072018,2.4146945431039142,0.30265753152952524,,0.1824843748552496,0.6206896551724138,False,3
0.97905886256676478,0.17078100512890834,-0.11080429556940884,-0.15234934836301223,0.97567332882581015,0.15764273364582299,0.13503118040970657,-0.13746055326937287,0.98125999440109646,-2.2875280957278763,-8.9242876544829723,-1.2986276806640589,,0.7229034836795618,0.2618025751072962,False,1
-0.94672311685002197,-0.28482369901309545,-0.15030236359511734,0.29081033849236049,-0.95659190561315122,-0.019007186571393976,-0.13836432722251749,-0.061704024146717842,0.98845734675622843,18.036108329394565,-12.406418106648715,1.5471428555508775,,0.1058847092328824,0.25,False,3
-0.98296961968123953,0.13388157432965939,-0.12588268681089873,-0.13243976787478551,-0.99099342967834314,-0.019792175717367501,-0.12739872318430773,-0.0027832336168752414,0.99184767930445927,-2.3964053834716577,2.6399451109842711,-1.9258276151706037,,0.1090148179849938,0.2273684210526316,False,3
-0.28295186077156098,0.95549799040620975,-0.083437610318167557,-0.9587843869429914,-0.27942740495095364,0.051505579471823097,0.025898722753519836,0.094572277608562391,0.99518105913831856,-16.674036619448877,-21.338994717394627,-2.8656404759608396,,0.5113347324265397,0.1538461538461539,False,1
0.97899808622683671,0.1657183727687144,-0.11874412865940825,-0.15269285404035704,0.98196082779322569,0.11152499721880557,0.13508382393611362,-0.091051378938123498,0.98664178246426648,-3.4186284218177354,4.976783078265882,-2.2275097935425361,,0.07985065879443544,0.3955555555555555,False,3
-0.4823058611088743,-0.80231384418762508,-0.3516725064103004,0.8679835790700352,-0.49188665186899383,-0.068205778185453897,-0.11826057164075995,-0.33814200735487865,0.9336350572130494,-4.6469349415912147,17.054313310684726,-3.394774939018256,,0.5109207157906392,0.7176470588235294,False,3
-0.67192695538427383,0.7405584095597384,0.009349259776671448,-0.73956386736330904,-0.67024455767661795,-0.061786074446440152,-0.039489906541376366,-0.048430103605362054,0.99804562638495042,-11.084848329715799,-15.704016213478543,-2.2590863169056781,,0.5736010342103021,0.1666666666666667,False,3
-0.97975245171791969,0.18091742197255736,-0.085755581623181518,-0.16415008013444357,-0.97109346065275803,-0.173298130022532,-0.11462933544508691,-0.15571248217228545,0.98112880823629078,-17.026421576042619,4.110137649424515,-3.7932198615627537,,0.2672163295578612,0.2456140350877193,False,1
-0.76662709018113262,-0.58371267115492598,-0.2675115364495349,0.62695544631665645,-0.7704252930834572,-0.11563622317920363,-0.13859932515813889,-0.25636767602498156,0.95659073890314172,8.7615303558984063,-19.407093617666124,0.60966282912520275,,0.2502572892346779,0.1666666666666667,False,1
-0.035235496036767198,-0.98067768606553296,-0.19243111981224512,0.99699068525181367,-0.0477975726023935,0.061032496052819289,-0.069050947424068296,-0.18970152373260107,0.97941068942163767,9.9318461872786727,-32.393388939824952,1.230999366812275,,0.2479992818571903,0.1666666666666667,False,1
-0.056132208335292505,-0.95940254002599978,-0.27639815733659417,0.99529899297866831,-0.0756531973347076,0.060469069024464063,-0.078924582755013212,-0.27170454527794929,0.95913896298307622,14.255403503531621,-7.1676429473473586,0.81430027898579704,0.5769015684309068,0.5550343492694921,0.4698795180722892,True,3
0.8007957809574987,-0.57828106597112827,-0.15593949448412833,0.59552730580459778,0.79651929659192,0.10442336040288126,0.063822764291332018,-0.17648801346269558,0.98223145737764084,-0.91346843695600921,-34.667949943161695,-0.33125836915108881,,0.1289621839440616,0.2105263157894737,False,1
-0.60954125191184572,0.787453843055132,-0.091519982929649496,-0.79243971540182156,-0.60847769105559424,0.042357961961509143,-0.022332927967907069,0.098342994388803714,0.99490195284913563,30.219951726200261,20.566665249280291,0.67483367025825303,0.5532864856841001,0.6371045993490876,0.9347826086956522,True,3
-0.71812687626624105,-0.6330956815690304,-0.2889353691792248,0.68249489921208961,-0.72184523430775915,-0.1146305816815697,-0.13599449302662872,-0.27951621721435083,0.95046103664516912,31.147682441044793,5.3131599942624215,2.0423383929064705,,0.5121087708650077,0.1538461538461539,False,1
-0.51094945014901827,-0.84560381140083341,-0.15454725341072428,0.85113354216239412,-0.52285407271133544,0.046854157289021155,-0.12042571485571854,-0.10760024532291801,0.9868737682236447,4.5133230432197049,-14.200168565501682,-0.17785254437298512,,0.07963824272025219,0.5294117647058824,False,1
0.98356335760268099,-0.099054750509756789,-0.15096780445774349,0.13767244308547114,0.9523824358962808,0.27205513083039828,0.11683073224207476,-0.28836756439953026,0.95036557587386583,16.17857579445759,-12.641054842223618,1.2974323610384486,,0.2363287956928933,0.3333333333333333,False,1
0.35533554374302784,-0.88053804906320066,-0.31367083942378104,0.93466075350521172,0.33904020655511408,0.10705612638301196,0.012080033522993999,-0.33121667000777344,0.94347739257442997,11.169025787622868,-0.75843210117787296,0.033452359056726916,,0.7099401574980984,0.3931034482758621,False,2
-0.87816026725680219,0.46910587782838908,-0.093670808677618178,-0.47132875780675498,-0.88195569418779463,0.001831817148876598,-0.081754186900756004,0.045758374933799056,0.99560153879331403,27.48413236090018,1.515170347959508,1.8269402928235685,,0.1193135561785031,0.5714285714285714,False,1
0.85356037721815525,0.52011583730763666,0.030235711087676725,-0.50138676687925987,0.80428152991174184,0.31897104984808738,0.14158387069706779,-0.28742083505655003,0.94728204413143624,2.4537766710288249,9.7698916117260346,-1.8671886277760694,,0.5529264661670928,0.3700440528634361,False,1
-0.57998869681498322,-0.72978226809062607,-0.36198197848423208,0.80478180262485299,-0.58217204007080714,-0.11576686021347446,-0.12625118506671268,-0.35845997955182646,0.92496869208041554,19.269379297366243,-13.467955577037248,1.7394439391495904,,0.3986524299903426,0.1666666666666667,False,1
0.25455674685625013,0.96697766184149281,-0.012452474835352847,-0.96227911631717311,0.25455638212897658,0.096020573926888619,0.096019607007140406,-0.012459928449573554,0.99530145446152551,17.624694676825591,1.2618169178057677,0.62545576948801251,0.2378044786692168,0.1775405203042779,0.4268292682926829,True,2
0.82443382823346567,0.56593498262913289,0.0051437632990285198,-0.54355794021194093,0.78923867713358475,0.28573952500307331,0.15765033617745744,-0.23836926385965335,0.95829351743092894,21.401521256615556,0.25454241287540075,1.1687478878621043,,0.5224974849121515,0.3846153846153846,False,2
-0.83428706905546435,0.55022667446990781,-0.034866790913841414,-0.54670499115237037,-0.83380654068646087,-0.076683149110896714,-0.071265272439877014,-0.044913911099609877,0.99644568418645207,27.183530308499318,10.804149272026024,1.1148077731650188,,0.3934888959276993,0.4242424242424243,False,1
-0.11104535728534251,0.99364540623634368,-0.01837757575911439,-0.99288627076334457,-0.11012317123468329,0.045274059756936144,0.04296256457695001,0.023274316802604833,0.9988055487542824,11.678216003317381,-11.251872126119975,0.69261451709382549,,0.1202121327139461,0.1904761904761905,False,2
0.93716045596656739,0.33599147470801433,-0.094021320433561179,-0.31936432052117575,0.93460382680957887,0.1565953948586587,0.14048740352994046,-0.1167279565332372,0.98317743750199593,6.5595323081568937,-5.406136445433857,-0.24658063684053708,0.8007988781166703,0.8134568476504941,0.3037037037037037,True,1
0.49598306791595648,-0.83941476106008905,-0.22222433542506198,0.86830238975070639,0.48156957075191031,0.11891891556448828,0.0071941847271858178,-0.2519396900852573,0.96771619613699567,-12.673108211019798,-17.284661752930745,-2.4466878647016972,,0.5661738666390529,0.4285714285714285,False,1
0.39788451112931256,-0.8243626256306591,-0.40263404881692999,0.91739589591710968,0.35342574933154763,0.18296177159143831,-0.0085256060096365882,-0.44217247898615314,0.89688952099431307,26.931968031945694,-3.3283193515129867,2.1084348645604987,,0.256843852710923,0.2,False,1
0.7727879542185685,-0.56946879783698712,-0.28018577070360973,0.63196022376999483,0.73115854270678493,0.25696976670314281,0.058523955669938919,-0.3756494026575663,0.92491214333889893,5.9237510136669682,24.100808514234128,-3.1363421273102938,,0.2109995530174712,0.16,False,2
0.9625081666399854,-0.18795573744601643,-0.19557778481325189,0.24929454371631485,0.89713327926334729,0.36469728503440674,0.10691239228737204,-0.39978058982311415,0.91035444766095042,18.516107284738311,-29.981534041234248,2.3818370220271641,,0.3513721575744923,0.2941176470588235,False,1
-0.30201148461672594,0.95080212806036724,-0.069024462587389618,-0.9530246346864415,-0.29937675577684952,0.046017429103579137,0.023089149840896897,0.079679805323591896,0.99655306922572795,-15.110497298471767,-6.4926470350954695,-3.0777602199598046,,0.5323722498255239,0.4,False,1
-0.63991954044716171,0.76506088586545962,-0.072005712777891223,-0.76777099272328808,-0.640462516494826,0.018315777292042187,-0.032104275207367597,0.067004521368885739,0.99723603506368363,15.60584084616692,0.53930141689582656,0.45504453109912046,,0.08667609862085747,0.2608695652173913,False,1
-0.99092366929339748,0.066489126810310425,-0.11683097898293872,-0.053769234972121709,-0.99260376187952215,-0.10884227704864179,-0.1232036972035425,-0.10157247618633193,0.98716963135864078,-13.920190167813566,-2.338380506585946,-3.0859895624561631,,0.1654264016990306,0.2666666666666667,False,1
0.43007443076623469,0.89585978782839926,0.11167463701823857,-0.8956971928549966,0.40793769851885342,0.17695584997060793,0.11297133580151433,-0.1761308453372013,0.97786267062815369,27.764364334096317,14.504621204471755,0.89412844424740778,,0.476329444318133,0.2142857142857143,False,1
-0.96545726163212675,-0.20845151237070239,-0.15633375499924654,0.22117358362970876,-0.97280696114139531,-0.068766723487730913,-0.13774803761284496,-0.10096822938535044,0.98530751280430173,-15.494471458092818,6.855484726850384,-3.8049260350828287,,0.7798548654122719,0.5154639175257731,False,1
0.92550213674446136,-0.33744444333766782,-0.17197977364204386,0.36674361342473838,0.91185312505408445,0.18445324703367741,0.094577570774487169,-0.2337843578805742,0.96767761011442488,19.154063831135609,0.69006893987238827,0.87610855360848705,,0.182288039472064,0.2222222222222222,False,1
