axis_00,axis_01,axis_02,axis_10,axis_11,axis_12,axis_20,axis_21,axis_22,location_x,location_y,location_z,dbh,dbh_approximation,score,reconstructed,number_clusters
0.78211337260571756,0.61921410474227467,-0.069803759780772662,-0.6231065084195464,0.77606095506528749,-0.097301969087753848,-0.0060787791957196552,0.11959634823595452,0.99280398968382133,4.2659760501706216,-9.5767708319753719,-2.0664755152859495,,0.110346079851867,0.3571428571428572,False,5
0.61946878227829238,0.78500476278602616,-0.005094132497702214,-0.78308968317187122,0.61747657750621399,-0.074116289309374431,-0.055036132607841667,0.04990189008912492,0.99723659453166125,-4.2766114995204241,-10.680271178591866,-2.8300663854351717,,0.1728037781638567,0.3716814159292036,False,5
0.25744951467652211,-0.92441352190068837,-0.28138832228787986,0.95060342838182865,0.29455409434706381,-0.097933689055880013,0.17341530884421918,-0.2422757231555519,0.95458347179694969,-4.8437589001988082,7.0041564834379253,-0.78792949298389447,0.6176208394038705,0.3650831603303907,0.4213197969543147,True,5
0.98681456043461069,0.15210597981558663,-0.055324445036403422,-0.14653364242918226,0.98475502429052475,0.093730644780694816,0.068738016778797484,-0.08438787258195668,0.99405923968866639,-23.012207635812622,-9.3965211762769467,-4.2475098843718602,0.2423444700828687,0.3532435086072606,0.358695652173913,True,5
-0.70522122697879297,0.70869795262016722,-0.020254208710976496,-0.68077102679272516,-0.6848576148701031,-0.25984775626125967,-0.19802482192417969,-0.16946167503720636,0.96543716035559768,18.549575186266413,-5.8865592593521274,-0.6727751917933763,,0.6342635568939935,0.6511627906976745,False,4
0.83021110179818491,0.55522416734771296,-0.049755908634866543,-0.557135442090397,0.82942605053116836,-0.040651271406986864,0.01869827847103684,0.061469916978187399,0.99793377720613974,-0.63460341564408951,21.224444833190102,1.3836754596493221,0.3368626464097205,0.3353727781422522,0.8545454545454545,True,3
0.18287478788997555,0.98262528461767795,0.031691670581168355,-0.97177773808608581,0.18555390506400662,-0.14566322828974362,-0.1490128843908769,-0.0041591279766811928,0.98882650750269963,5.7619077847066169,2.5124019796252548,-0.47324669059914592,0.4879977368504388,0.2413277976602289,0.2333333333333333,True,4
0.82162022658310507,-0.54365651001836446,-0.17139954020994469,0.54464892813846677,0.83743425747788947,-0.045402747494803525,0.16821934593603649,-0.05604876017459632,0.98415485983443896,-21.276193550503741,-8.0136091205536335,-3.9444504947023669,,0.07930856943980992,0.4,False,3
0.75442168650998398,0.65377191447959193,-0.058567932873904952,-0.65621298455616184,0.74913732302883662,-0.090431134821393533,-0.015245911692254796,0.10665624727543742,0.99417906188663763,8.3345289588620162,-12.367066967335141,-2.0762024959177716,0.2526781321324648,0.2085345018259728,0.3333333333333333,True,5
0.40999962475192714,0.91146316288577633,-0.033692883603767133,-0.90827903497106477,0.40463833205826166,-0.10628741628782234,-0.083243632400994194,0.074180340598880956,0.99376444630169958,2.623147294527477,-9.8724769011231182,-2.218603783541965,,0.07698317012600168,0.2777777777777778,False,5
-0.39616263509249378,-0.90371001343516788,-0.16236803310251569,0.91329316240151492,-0.36962266663287308,-0.17109846235967102,0.094608488346508479,-0.21607243213379157,0.97178286566731387,1.1052785897868773,-17.425070145185583,-3.2441310530370222,0.3372962047678965,0.2783176528678701,0.3684210526315789,True,5
0.8899744835053095,-0.44223934497066453,-0.11121951478664277,0.43073910698068546,0.89533249136430282,-0.11332939435501219,0.14969716238773639,0.052953674729047856,0.98731285209185404,-10.740135651287895,-8.1820797808550054,-3.1845828326096193,,0.1604450022792671,0.4166666666666667,False,4
-0.59128498623876935,0.80644842351128887,-0.0047963803826835405,-0.78861024727570328,-0.57943011857443361,-0.20580237020154052,-0.16874816425778541,-0.11790537691290758,0.97858182036795105,-24.417366635877315,13.704887210817274,-1.9300166411045447,,0.096532791699769,0.2,False,1
0.34907124843761306,-0.92170554705848451,-0.16913943371025886,0.92328002997596004,0.36915567211133554,-0.10619828621790232,0.16032233082698644,-0.11909229307410651,0.97985395644889584,-10.867404707058224,15.375061120512445,-0.38100975169274992,,0.1119407242669471,0.4081632653061225,False,5
0.09815888487470073,0.99474157560173904,0.029223810318356511,-0.986849914659364,0.10108565607708023,-0.12613063098339966,-0.12842149063517183,-0.016458672632818652,0.99158309426805202,4.9896710971452398,7.2765154058409607,0.08944008000675277,,0.07564695525388292,0.1904761904761905,False,5
-0.86879217819743781,0.48959879644353227,-0.074115920179107037,-0.47004722772027779,-0.8624876761029161,-0.18753829551073653,-0.15574259152663536,-0.12809382144208092,0.97945710375336603,-8.5760780200696338,12.697405609334327,-0.39378468294893076,,0.2310148219952177,0.6727272727272727,False,5
0.95857593922324025,-0.2398501309899822,-0.15363620473824452,0.24319926056667937,0.96997137703810865,0.0031060242459872434,0.14827774075060562,-0.040341571497459275,0.98812259826754933,3.7498191836998518,-4.1432845832494571,-1.5210501514381296,,0.3611694505213912,0.4961832061068702,False,5
0.92393469485564583,0.37583285482733553,-0.071374679504305538,-0.38079046546824907,0.92141066793996618,-0.077466137214286301,0.036651071614371762,0.098752449279818619,0.99443685204781018,-11.997796825843698,-16.295922291221089,-4.0616092978246074,,0.465383406992938,0.78,False,5
0.39547458145264958,-0.88333459075264031,-0.2516343700783269,0.89741734784992577,0.42995385999748137,-0.098902892026833264,0.19555551437598673,-0.18670746919481029,0.96275560852378939,-18.52508037462631,10.668160904506047,-1.6148159206604853,,0.1247520833741919,0.5116279069767442,False,3
-0.026355581742912703,0.99747540031159432,0.065940951496146871,-0.98743986140301565,-0.015697367867196332,-0.15721358959846682,-0.15578158884600543,-0.069256179617897443,0.98536068429857082,-12.770852349077288,-14.786120888178241,-3.9804722778406294,0.2560965044397396,0.2203796479534064,0.4444444444444444,True,5
-0.99450633829840829,0.040194572846125286,-0.09665163939638953,-0.025300163130154988,-0.98826176083076778,-0.15066052510614181,-0.10157285478847058,-0.14738754490589889,0.98384951429409806,-0.20302003159999316,-2.8619080545296258,-1.6690326268471452,0.2199754355441827,0.1925184892626343,0.7167381974248928,True,5
0.31210423689992545,0.9494493338913903,0.033718061662984716,-0.94642285682707172,0.31381490802919326,-0.076183853761226883,-0.082913939626568234,-0.0081342407035101816,0.99652351339232237,10.81398103095882,8.4316442194030614,0.67613295671183227,0.2267195714020208,0.3636447317327015,0.2619047619047619,True,5
0.73697913586896568,-0.65969130871609227,-0.14720438342074832,0.65573802814658899,0.75063288617117319,-0.080980915287239386,0.16391885717103016,-0.036846267148588269,0.9857854537681916,-3.5821576930803825,4.9582271881384692,-0.92715352757755065,0.2331817871347772,0.1889419418611024,0.6570048309178744,True,5
-0.4338051728356932,-0.8213978714977932,-0.37029529934889677,0.89746265642074374,-0.35750448054044148,-0.25836278122773648,0.079836409934418096,-0.44440531397858402,0.8922612087031353,-9.7059619670114277,12.566242215196258,-0.51593415736008497,,0.1619611704903392,0.4516129032258064,False,5
-0.5838848780418795,0.81100876462572424,0.036650141804295086,-0.80026461785900271,-0.56738027625182041,-0.19405196088520019,-0.13658327348911625,-0.14263381724073526,0.98030638250616986,-19.45983201082473,15.489336520556929,-1.2261444962725947,,0.2807682000315596,0.3,False,4
-0.31624103799330955,0.9405019550628444,0.12428868979872243,-0.93563770687431258,-0.28755695784312763,-0.20467798482246591,-0.15675996735102343,-0.18101676308832482,0.97090640337631584,-17.340563321870626,-8.2573299970505669,-3.6978940411155157,,0.403787195855243,0.52,False,5
0.45501471951899197,-0.86601839776523548,-0.20730108478535936,0.876145935407738,0.47699538160866545,-0.069596736938617759,0.15915371465835321,-0.14995846310274519,0.97579841896485453,19.816463817081132,-3.608403894726596,-0.36389111400185808,,0.209233081961994,0.3333333333333333,False,2
0.44483400215485636,-0.8669092069607145,-0.22492473722033385,0.8799723441251881,0.46978782767348276,-0.070342523018795608,0.1666474845346097,-0.16663680222739838,0.97183372654056033,-14.895972847983467,-4.15629263588405,-3.0896330764464013,,0.08284476634388348,0.2653061224489796,True,3
0.40032154241216483,0.91357290483422449,0.071604540592769675,-0.90935584133488712,0.40569335905727483,-0.092113257715402422,-0.11320166302163752,-0.028239085848897047,0.99317064874046379,-8.967662176689565,19.375178604090227,0.32150642169374161,,0.3133946586641064,0.3409090909090909,False,5
-0.53265878747256845,-0.83413674919623926,-0.14314503054099578,0.84389152162804992,-0.51064168067770832,-0.16459700385772325,0.064200590749206171,-0.20847291813320717,0.97591870898783251,-3.7760702368949683,4.019657664914039,-1.0653958192152353,,0.1254069694168575,0.4934383202099737,False,5
-0.65470642803712942,0.75177196166334659,0.078729986305775254,-0.73700812894532974,-0.61175496902267146,-0.28735844470726046,-0.16786456134446054,-0.24616006079970626,0.95458195746186081,18.11268977425933,-7.577172286171642,-0.88698622904459801,,0.3714049728598419,0.125,False,2
0.88330805937395918,0.46255067422948004,-0.076247924659385846,-0.4682187859830792,0.87852636908037374,-0.094670942125798199,0.02319570429069609,0.11932431688599018,0.99258433732461748,-14.915708531618643,-10.876321987023596,-3.6700481776345173,,0.07345809272040388,0.1904761904761905,False,1
-0.72024820751716889,-0.66772753370057625,-0.18810226023748994,0.69371564457349855,-0.69285010779893896,-0.19676720406860346,0.0010602086031175767,-0.27221070673495873,0.96223708466083013,-6.2330663605504499,14.03862315165755,-0.051986038138792844,,0.4639242100434988,0.7052631578947368,False,5
0.54221096710369376,0.83881435920922043,-0.048966702328234669,-0.83853579103761755,0.53647766809919917,-0.095128538198391774,-0.053525641531834915,0.092640069167020445,0.99425993748281716,-5.5760271892376005,-11.927226303828469,-3.0675131648279024,0.3160898439426236,0.3131852258658129,0.8209876543209876,True,5
-0.10913645994815645,-0.96448897227213815,-0.24052080050469568,0.98595288107811963,-0.074256176576360827,-0.14960927957187778,0.12643634526409103,-0.25347000336468906,0.95904473722061845,0.62217294003043289,15.067326383020903,0.77374314232977515,0.1410106738634641,0.1116267461201371,0.3953488372093023,True,5
0.79457692763596299,0.604283615868904,0.059066214209124807,-0.60711209147271394,0.79200698696737171,0.06434159605181286,-0.00790028203437243,-0.086984160553920664,0.99617836824361394,-17.486190520130947,10.880988751739835,-1.4943382528241043,,0.1079005397183505,0.1666666666666667,False,3
-0.34821219773142964,-0.90522946104981739,-0.24353210917352486,0.9335813036377627,-0.31140730013814122,-0.17734554665592897,0.084700737004257398,-0.28911090651881599,0.95354112070891062,4.8618401354129412,-3.0630143460936372,-1.2845822130549041,,0.6494821554434205,0.3955223880597015,False,3
-0.0064901604711441706,0.99995629253579377,0.0067298465903953136,-0.99030396127334475,-0.0054933096748705501,-0.13880881756984742,-0.1387657814570365,-0.0075654852380684784,0.99029633005971118,-8.8487773701680599,4.2394286190736885,-1.5452750959806685,,0.2119935376627201,0.3009708737864077,False,5
-0.054715626142339595,-0.9766254330259424,-0.20786765939592911,0.99002264479314772,-0.025989434423848594,-0.13849083758541331,0.12985131132427033,-0.21337130281558192,0.96830332235418293,-7.5545118556806452,-11.596231263328033,-3.1754898138983174,,0.1746993218304808,0.2972972972972973,False,5
-0.76001515597832692,0.6473381632499684,-0.05770844897756712,-0.62902219454757458,-0.75501675625985987,-0.1851506860192324,-0.1634259509679919,-0.10441743229459513,0.98101424983697927,-16.310659219994836,5.768878262828804,-2.0458793462113141,,0.1757141117134255,0.5798319327731093,False,1
-0.85524272905933973,-0.4770920364259067,-0.20234392298785314,0.51712237251768212,-0.81116380238643537,-0.27312586391563831,-0.03382789134451808,-0.33822547875191417,0.94045690985298325,4.4825966546072129,17.802014101553286,1.5101134491934625,0.7176053610152314,0.4730279094858001,0.6363636363636364,True,4
0.46197472117942034,-0.85804112359225648,-0.2243764408660916,0.86186293147239446,0.49401246451387637,-0.11464716419840755,0.20921674011657757,-0.14041764536362158,0.96773510865604573,-11.602106623917814,-7.3487340658163953,-3.1467373567029897,0.5483396980819449,0.3584215175401533,0.7103825136612022,True,5
0.97340242124796317,0.21460044761052866,-0.080214551011416738,-0.21540750982566764,0.97652317829684965,-0.0014446313452876614,0.078021349765992509,0.018685024334466959,0.99677657418616772,-1.6839644729482166,-12.741206660981529,-2.9027106737475048,,0.3845036282275996,0.1333333333333333,False,4
0.52790480528795647,0.84560490017323353,0.079176191856506761,-0.84672592059975893,0.53126825592969462,-0.028447418615916195,-0.066119073937659339,-0.052023004953903787,0.99645465276508738,-17.442357809251146,1.466991623946942,-2.6656300979225116,,0.2382321933629891,0.1739130434782609,False,3
0.94261743202247628,0.32377734025550148,-0.08148994284220655,-0.33057200955199534,0.93931277282449921,-0.091726012174883673,0.04684573991419537,0.11340083220957664,0.99244431980140224,3.3643640460419859,8.2901489489277296,0.10745608061095374,0.1436604286492651,0.1361708752356698,0.4081632653061225,True,5
0.58185470940286543,0.80648787668879185,0.10498762736490118,-0.81141903173458452,0.58441458396615775,0.0076647887493807298,-0.055174741364296502,-0.089648752370944718,0.99444398993292571,-5.482289348804656,-15.525656102445609,-3.5119432539051396,,0.1211029483568584,0.1052631578947368,False,2
0.96047251161971969,-0.22078374652213817,-0.1695496732363565,0.23053362402642991,0.9722459588508473,0.039900422196225332,0.15603461992823153,-0.077410159345170024,0.9847135952214775,24.035313437093485,-9.8699321742669319,-0.67432967680916889,0.2499427346292764,0.2432489261713084,0.1875,True,5
0.98972867057916469,0.10551647911904216,-0.096454296264711081,-0.1165506773398045,0.98626815569845583,-0.11700882302971854,0.082783441854230033,0.12704880042522232,0.98843588768583279,-2.1974847398294219,4.5433311963402572,-0.87130094635902133,0.2267206111670594,0.1594148902523931,0.6175298804780877,True,5
-0.85573854426005802,-0.47286006483786475,-0.21003548021514645,0.51549969213221236,-0.81401169604160373,-0.26766588523580431,-0.044402829631357103,-0.33732524036751627,0.94034040162684007,-9.1499621194405805,-17.265948496614115,-4.0001933414152901,,0.2379915294005946,0.3125,False,2
0.069502679462509209,-0.97865339236160409,-0.19340867396954176,0.98691434158065749,0.095731840529948709,-0.12975167471430277,0.14549728495731273,-0.18185970506924637,0.97250068778493826,3.4412335762748478,-7.5174700051825649,-1.8852832981016499,,0.08929691036523016,0.1333333333333333,False,5
0.34107191270230319,-0.91876086600129314,-0.19886784926213219,0.92940152830354128,0.36131379170533023,-0.075267144960860621,0.14100620395087021,-0.15915657393922167,0.97713173902974571,-8.377691386287065,15.927030606989492,-0.013498612972392457,0.2006609103009777,0.1795073902409205,0.2950819672131147,True,5
-0.18186458543497233,-0.96230443456725856,-0.20222622920075059,0.97518184965216981,-0.15009367959435771,-0.16276439246591828,0.12627601780836625,-0.22680842699956083,0.96571854324562201,-11.093120580668769,11.230881382638644,-0.83528107732857437,,0.1549674156901057,0.1627906976744186,False,5
0.72234733191543021,0.68817059265266123,-0.068085001892814162,-0.69111783927648507,0.71500838856522198,-0.10544731630140067,-0.023884394663926375,0.12322434698325635,0.99209137482496446,-19.520553371738465,-3.6282785457601046,-3.3973647081358025,,0.1823450022725867,0.4482758620689655,True,1
-0.95578411990622436,-0.2592351034679386,-0.13883039027911104,0.28725334554299975,-0.92409172933515304,-0.25207140109246795,-0.062946259693783729,-0.2808053363174085,0.95769835098857148,11.066956191234002,12.813741874181959,1.4105391578506061,0.4346836162382547,0.3614064057497984,0.1714285714285714,True,5
-0.9827155826514069,0.16880184230879328,-0.076000142416066119,-0.15113083589517498,-0.96863855248896691,-0.19722785065427301,-0.10690909248389845,-0.18233291711930627,0.97740736301658426,-12.247510380030459,3.4840445874152048,-1.9696264211147481,0.1231761764948184,0.1465191685415739,0.4429347826086957,True,3
0.65635165647946869,0.75176363982590533,-0.063670502372475762,-0.75338958426996894,0.64860287276013284,-0.10825177948110531,-0.040082881011478375,0.11901992809193324,0.992082466011173,-6.3715505173752875,-8.4708874836276262,-2.7814499095213656,,0.08095063230419537,0.3370786516853932,False,5
0.75176516405631655,0.65895803042772672,0.024969025735696662,-0.65797925248422962,0.75208337517333423,-0.037866873229513445,-0.043731469351869182,0.012037895276851694,0.99897079420052604,-10.897483432250441,5.0011771497735076,-1.6356774925137778,,0.1370552632615218,0.3133333333333334,False,5
-0.025286310167549265,0.96996678893009347,0.24191947191318336,-0.98980803390235095,0.0096330922092314544,-0.14208187624342145,-0.14014513384514274,-0.24304656324896162,0.95983733494399759,-7.5294404907925703,-24.865864297222071,-4.7503735834055005,,0.0875029523702818,0.2,False,1
-0.67059868518460175,-0.69147433162525962,-0.26862734807179289,0.74118853235187654,-0.60961181170810907,-0.28109250885790021,0.030609850354993376,-0.38760377672225765,0.92131772442078208,-15.571417337447366,-8.5791126078783844,-3.5989006717919967,,0.5109869310493143,0.1929824561403509,False,2
0.080362551339672669,0.9900876965588824,0.1151877313992427,-0.99168784413294253,0.091067284114020042,-0.090895377016944029,-0.10048422832034158,-0.10692568861981643,0.98917633259800697,-11.354390643262725,8.7831024089923559,-1.2142269719749197,,0.2136201473490294,0.2836879432624114,False,7
0.57576657704305478,-0.79953445860553629,-0.17098976069483068,0.79745504653257449,0.59530609860424333,-0.098367157752597564,0.18043917955880134,-0.079720125858822682,0.98035014357789529,-7.9640620612577484,-19.236015942846418,-4.1231993030233554,,0.1288450456411381,0.25,False,4
0.34698294973541532,-0.9129789340647726,-0.21464458657712174,0.91228141186864475,0.38165458828849169,-0.148601483159812,0.21759011501413411,-0.14425408553068883,0.96532134579933671,-4.6117466321301865,-19.356201737217603,-3.8909608209946898,,0.2481104911618627,0.4615384615384616,False,5
-0.88701573644923382,-0.4453546385369459,-0.12191115299696254,0.46147923783740202,-0.8639171567419841,-0.20170289866993962,-0.015491815143267681,-0.23517311117657894,0.97183003217800112,-14.291469172073594,18.54197913037547,-0.36321989381468572,,0.08760265602665065,0.1538461538461539,False,2
-0.1892922812561891,-0.96081709055736764,-0.20248197635766008,0.97166896189331342,-0.15356998354309168,-0.17965435883313915,0.14151982458298748,-0.23075263519069686,0.96266575746857797,3.1563005183909634,19.794114204484941,1.6556015805323121,,0.269836843617317,0.8064516129032258,False,7
-0.46052629860443461,0.88497574664800416,-0.068800117285550105,-0.87206519342147426,-0.46554017806171782,-0.15091269341254934,-0.16558329238321431,-0.0095010765216638621,0.98615004072831836,-10.771565358162238,-13.163613755912394,-3.6147618619567217,,0.08488509149840594,0.2631578947368421,False,3
0.62536029630766721,-0.76566052405507934,-0.15062689569159854,0.76075121036633198,0.64117390439701738,-0.10076517377767671,0.17372995057890162,-0.051575054280005327,0.98344187324308441,-19.480017426678575,-10.307917988755749,-4.0194762173240814,,0.2168089087257727,0.6904761904761905,False,2
0.60349805868959583,0.79019728251077148,0.10666933894273148,-0.79604440634925588,0.60477793821591697,0.023599757781890551,-0.045862798409477684,-0.099155938601250035,0.99401443830668557,-13.726571412716941,2.6846604495915671,-2.1668112715676742,,0.3831434669396249,0.3138686131386861,False,5
0.47628879985795353,0.8789630930941783,-0.023934496196622954,-0.87614136635080508,0.47210688839249737,-0.097423775852198205,-0.07433226283933228,0.06737185547890108,0.99495514863259815,1.943818232148441,15.584219641325761,0.98159423913439614,,0.08019847909966807,0.4,True,5
-0.69135417385731801,0.71655813526269585,-0.09259505968955975,-0.70298767318269872,-0.69671564975190481,-0.14281328630052653,-0.16684644929767087,-0.033641376006772472,0.98540880865614888,-22.411074839028384,10.996927753612464,-1.987500951202378,,0.1044565233934223,0.55,False,1
-0.90893460022900485,0.41622567484080514,-0.024373758632091819,-0.3868968583678899,-0.86378870676916142,-0.32276909864966397,-0.15539856335113306,-0.28394587100603508,0.94616384883751936,-14.854646281309542,-13.781267672471268,-4.0053769042231755,,0.2406381209783341,0.3333333333333333,False,2
-0.98096856970190072,0.17585201011063706,-0.082320931706679742,-0.14871067295663323,-0.95304894504506721,-0.26378560252081651,-0.12484310555970921,-0.24652338406028196,0.96106213124109452,-16.938392557710049,-10.327651299784389,-3.8039516330286456,,0.1516509263991788,0.2857142857142857,False,2
0.048209365772025101,-0.98081668270337474,-0.1888769228429123,0.98753027524697989,0.075175869848149335,-0.13832043978819294,0.14986598187208494,-0.17985333892736732,0.97221034964363273,26.091868824353075,3.7181488544814552,1.1542404165757456,0.2421954485896822,0.1751119896560293,0.4210526315789473,True,4
0.93456821583953098,-0.32972978577475393,-0.13364325016793757,0.32752642888406508,0.94404540633122558,-0.038790580910352687,0.1389557063418651,-0.0075192524791969986,0.99027005029799187,-26.32172227905815,-7.7567977020096608,-4.3272757114659548,,0.1230588981252707,0.2692307692307692,False,1
-0.60388628635895014,-0.77972989766195389,-0.1653561000981649,0.79529023604377247,-0.57557148918661249,-0.19034416536617452,0.053242779801925974,-0.24645232303142031,0.96769130350095633,-2.6963404570646126,17.956498462594272,0.83509728045514564,0.1952231950243403,0.1221919516088442,0.25,True,5
0.069840511360153235,-0.98235237109309836,-0.17351115808708029,0.98704962008638741,0.09323165673046245,-0.13054081994001654,0.14441381672219214,-0.16214708505261721,0.97614188125941448,-4.9723329738327697,11.545917079415581,-0.16466700372301205,,0.07126001022770914,0.2352941176470588,False,5
-0.78910174676210254,0.61246206648229928,0.046996280461669496,-0.58998783310012515,-0.734400555874136,-0.33551479896657477,-0.17097599261539456,-0.29248254760240566,0.9408619289232556,-12.270708160834705,13.664303472358171,-0.73343422564093497,0.3323220417695007,0.4237961889926261,0.4651162790697674,True,5
0.43597809079793104,-0.84082000365653908,-0.32085016097114383,0.88439015420393363,0.46630769804575711,-0.020277719063298699,0.16666481179701376,-0.274916082094673,0.94691287260992585,-13.893031706709335,16.122992464598113,-0.58026185936246755,,0.252132590469046,0.4375,False,5
-0.50554245279752064,0.86270823891390958,-0.012701296371912266,-0.84638892296102708,-0.49872961210018496,-0.18680087018874314,-0.16748916236084971,-0.083685533543496879,0.98231568854783202,-20.755366501287153,18.976285285936832,-0.99633618321196105,,0.06964873320581583,0.3157894736842105,False,2
0.9915479867380238,0.094939648120528505,-0.088425410434568003,-0.097536065488679172,0.99490499043581226,-0.025510310364725522,0.085552942233214135,0.03391936350621514,0.99575607999879867,-17.188661188316562,6.2545553458437624,-2.0573941245169918,,0.09108703501337334,0.3809523809523809,False,1
-0.99375873123958136,-0.027857448636009113,-0.10801641838437567,0.059561132529459548,-0.95124166935908028,-0.30264130247994503,-0.09431890360317241,-0.30718601698391407,0.94696393563464365,-19.441986228746664,-8.1131012735497308,-3.8332198308194592,,0.1941080678649287,0.3870967741935484,False,4
-0.016542806514157123,0.99980403786178174,-0.01087296776009386,-0.99084350058354898,-0.017849962241915748,-0.13383025143554436,-0.13399810783728999,0.0085594814819042464,0.99094462124418803,1.9333494654406709,4.2351171933249159,-0.55613612723364891,0.3281105591577277,0.2413712427640796,0.2907801418439716,True,5
0.35274523299187982,-0.8764366459080406,-0.32776455926620285,0.92752680112667574,0.37375473918890645,-0.0011950420698148279,0.12355093602729403,-0.30358886778552396,0.94475868112628791,-7.5758061766413149,9.363088248083498,-0.72819943825287636,,0.5438043465305467,0.3714285714285714,False,2
0.051590025582937696,-0.9712381855910549,-0.23245398708163084,0.98917308702483464,0.081717259312706764,-0.12189706081845675,0.13738658291882266,-0.22364855550665882,0.96493846977601327,11.48233072181373,5.5867497765283556,0.35258117462613248,,0.2829482024018262,0.2941176470588235,False,3
-0.98726440041552055,-0.12248198354683772,-0.10152422065012098,0.13955376732671065,-0.97314980747546809,-0.18304152052302577,-0.07637898727467278,-0.1948784644769429,0.97784898342535675,-3.5583263172166149,12.33483118830152,0.064706344114029868,,0.08260829393332314,0.3902439024390244,False,5
-0.99123906726470934,-0.066263402660196188,-0.1142552974530361,0.10025597112941753,-0.94064338348823751,-0.32425108381113887,-0.085987509448096355,-0.332865117679359,0.9390457718616384,1.2248322826207787,-8.3520734008915003,-2.1385479180752993,,0.1045940078516657,0.2105263157894737,False,5
0.84376990465108204,0.53045441536406213,-0.081672891621857396,-0.53661680976668147,0.83656576031712271,-0.11045419023678664,0.0097338317703715427,0.13702496811094692,0.99051976791645158,-21.544082920975267,10.751016572238006,-1.9458954632426699,,0.08649167574698338,0.4074074074074074,False,1
0.41418559822945683,-0.89887403314746106,-0.14309354546073316,0.89495819750636996,0.43083209524702443,-0.11590310790141672,0.16583158606084486,-0.080057343437531986,0.98289913359727243,-20.506110587381983,-4.4594067411120495,-3.5684965677486322,,0.08685965539077795,0.55,False,1
0.97814807874180398,0.19981551066394002,-0.05744647727953147,-0.20086031322899933,0.97953403936135808,-0.012969205911366452,0.05367933143461439,0.024224521265279155,0.9982643447234818,1.2202396413848993,20.416430045554595,1.5110488797476143,,0.202465917197704,0.15,False,4
0.9002510319900906,0.43534475099292685,-0.0047986647813700184,-0.43532796553444147,0.90026228201541292,0.0041696527488741808,0.0061352933443887259,-0.0016647412136587617,0.99997979320197827,-1.3875908982318719,-18.962718883711776,-3.5896410099526479,,0.6744721883911652,0.2093023255813954,False,3
-0.77447959194594418,0.63148171961101984,0.037579242360059759,-0.60897444967785785,-0.72815727358030014,-0.31454269117507255,-0.17126436085419808,-0.26649169354637708,0.94849918079668893,-4.8018203215517454,25.314010401083145,1.5107812502161995,,0.2421513221829646,0.4285714285714285,False,5
-0.92285050044721717,-0.37085119136517303,-0.10400167156037662,0.38301736584595458,-0.91206225896149318,-0.14642449671583085,-0.040554300447016634,-0.17496236635656803,0.98373955855915607,0.60867691606121854,5.6152732255205233,-0.4495109917614451,0.3412821246103803,0.3189181871083627,0.9290953545232273,True,5
-0.99499021945335364,-0.013972407908083771,-0.098991085504801068,0.030881913641381036,-0.98471512894478719,-0.17141301653345697,-0.095082966939483968,-0.1736113090916114,0.98021341694219011,-5.6300148115729094,2.3567341726069846,-1.4573755287574546,,0.07663138663067018,0.2748538011695906,False,5
0.82431447495390309,-0.54099427770646558,-0.1668257710017525,0.54486069813025451,0.83813248023212128,-0.025705353780154691,0.15372854651781881,-0.069707510849340348,0.9856512552199721,-17.007320410589369,-5.1873691972110283,-3.3389665394602508,,0.4381346173757339,0.5529411764705883,False,5
-0.93223731949719268,0.36137630078479305,-0.018459397817551682,-0.33366900245062775,-0.87825799006871619,-0.34253160392007748,-0.1399949175516414,-0.31316141542590553,0.93932494428081259,-6.9978556520333832,15.20034487176927,0.022539548487112371,,0.1402485214616577,0.4166666666666667,False,4
0.89605360010318003,-0.39123574982316456,-0.20981547560281572,0.40287346614784603,0.91514710270868282,0.014097896223324718,0.18649642360149948,-0.097161558572356282,0.97763935861832008,-10.045022165046948,14.631606395195925,-0.35234232274457444,,0.3091563059256861,0.1538461538461539,False,3
-0.82463724588487419,0.5654893116027605,-0.013973230207941875,-0.54467631306531239,-0.80046764361060863,-0.25015848080378256,-0.15264706575950329,-0.19867911313350106,0.9681040663686411,-11.414110824342517,-17.604450609980773,-4.222735162711083,,0.2096051336507116,0.2,False,3
0.53582075896739334,0.84296875891386147,0.047956081520807825,-0.84010361545867041,0.53795390831248413,-0.069509048508763854,-0.084392117836186747,-0.0030436863417941523,0.99642797352371437,-3.2500935337499612,8.0263387136440087,-0.48754652771963225,0.6239471007708697,0.3567060899226336,0.2594594594594595,True,5
0.78645977009843626,-0.60598670332573867,-0.11942003772029985,0.59706610372632674,0.7954041873692449,-0.10413571191735585,0.158092054821797,0.01059689142505027,0.98736751419841029,0.00054923012351662526,17.787439999862514,1.0580094746376032,0.1635489948772996,0.1296568922484895,0.625,True,5
0.8461811117925514,-0.51531999588824229,-0.13573071827432312,0.51003284336024191,0.85697189498316972,-0.073930169097756043,0.15441510528244612,-0.006668811490630408,0.98798355361509638,3.0835298601924803,10.551170516234832,0.39149270969383437,0.2052457733671406,0.1685899708038418,0.625,True,5
-0.97369156074755614,0.22649951142709343,-0.024954275230413145,-0.19123127340174062,-0.87177170025324313,-0.45104844829654067,-0.12391668411531977,-0.43441002976549292,0.89215053743020689,-15.428438299096443,21.964866967458335,-0.036417264283733708,,0.4414540196353522,0.3333333333333333,False,1
0.97451589019836682,0.21819133199747195,-0.052070360014641069,-0.21386599524694036,0.97376101085030586,0.077787080063637576,0.067676553014475296,-0.064668666206749686,0.99560928470114218,-19.164452487320084,2.1159448896557378,-2.7654314965339193,,0.2725004336341335,0.303030303030303,False,1
-0.38487939072630872,-0.91298817371894081,-0.13535305406047446,0.91857228815010405,-0.36461178289661927,-0.15258833250163717,0.089960024659996168,-0.18305966902160828,0.97897719663987648,-6.9894237043974545,1.9185395244826893,-1.6340394916885452,,0.0899485790923501,0.4708624708624708,False,5
0.041754642761101232,0.99772928909022274,-0.052847095468070988,-0.99072707664536197,0.034500968102237101,-0.13141363248059071,-0.12929195415658379,0.057844177680446016,0.98991799746183273,9.468724574389956,16.20168412273447,1.741560101491836,0.3457434744376843,0.3745394401469618,0.7678571428571429,True,5
-0.76259927646483405,0.64533024748621037,-0.044623034575164283,-0.62467904426488408,-0.75259643664577025,-0.20826592425166079,-0.16798343725385842,-0.1309483685559841,0.97705378029098433,-9.8146804872554938,4.1328143466535208,-1.6290697075421954,,0.07531786393841133,0.2339181286549707,False,4
-0.98028618692196989,0.19226453332782195,-0.045533953861031221,-0.15709782956692778,-0.89821065817679335,-0.41053365937882802,-0.11983014510274204,-0.3952871902324257,0.9107078420453012,-16.432059691410046,20.309811054402854,-0.33286337432185592,,0.6857786143859144,0.696969696969697,False,1
-0.52563080590931832,0.84928196207930817,-0.049319415708645453,-0.83378697183409489,-0.52581335784576033,-0.16828427826359221,-0.1688536096115576,-0.047333514529221549,0.98450393443777617,7.1049281691364587,10.431873289096243,0.73453919755564134,,0.09314049707952453,0.375,False,5
0.31951285736239876,0.9468586758089601,-0.037015969869977752,-0.9401759197861107,0.31189926912413962,-0.13706963841115843,-0.1182403223712354,0.078597035345661398,0.98986955312324709,27.194752735414035,4.6913508153294421,1.3782769238235129,0.7273538301713797,0.5251185317407063,0.3529411764705883,True,5
-0.88826119861776753,-0.44390438734429072,-0.11807174906223504,0.45882451909275973,-0.86961270344436958,-0.18235626308814243,-0.021727947657879207,-0.21615420630805146,0.97611743934114392,-14.536467698948403,10.875132197059443,-1.2349100914321922,,0.1674385761765978,0.5882352941176471,False,5
-0.97845617372065774,0.19070225583780417,-0.079095927368620117,-0.16668614679337015,-0.95575844792292108,-0.24236649457205822,-0.12181643803324889,-0.22396079755694126,0.9669551781662632,2.5099013135853121,6.4494844705190193,-0.21884371253648488,,0.3009189675677233,0.5944444444444444,False,5
0.98693293921789604,-0.11868103996251997,-0.10898708290499093,0.1133840001421869,0.99210444573980117,-0.053598854979176949,0.11448773732798276,0.040541084059716834,0.99259708769710908,-0.092250716821607973,-3.9966684698327994,-1.7838100469453639,0.4176551704875611,0.3147387600683434,0.4123222748815166,True,3
0.98949552748058267,-0.09137528870388055,-0.11202302312563911,0.079845631994605246,0.99142802229646376,-0.10341736632068053,0.12051255597367048,0.093386472358721398,0.98830951155652058,-15.014922878273683,5.0381151727047264,-2.033013708171179,,0.111526892400223,0.4567901234567901,False,2
0.75467026870459664,-0.63448260737158657,-0.16704671944184835,0.6354619316570379,0.77020161831192357,-0.0545673947004926,0.16328171651485257,-0.064971440592357738,0.98443780553131754,5.8044257249714413,-5.3317388905031464,-1.5279067372061086,0.1780670891511712,0.1435481521583078,0.5526315789473685,True,5
0.4381457045683898,-0.86545628613435299,-0.24292747551234661,0.8837988388470468,0.46408855967954232,-0.059341564077633094,0.16409739187714434,-0.18869876937887156,0.96822766972134111,3.53835762500018,-15.346892312080351,-2.7692376215743142,,0.2670122560311348,0.4736842105263158,False,8
-0.70442637879986147,-0.67375552440620956,-0.22324195435228089,0.70623980785527762,-0.63398229623720515,-0.3151059851198319,0.070772951411207277,-0.37963132298311808,0.92242682525966968,3.1399609739642429,16.663432685371433,1.2028996493677249,,0.3798102627975537,0.4666666666666667,False,4
-0.99577245418943505,0.045685802622158031,-0.079687056140372386,-0.018843345498965307,-0.95068777409222738,-0.309576621407323,-0.089900766448102465,-0.30676630132779509,0.94752957133891536,-9.0304518204677979,-8.0216203992450179,-3.0004989792173324,,0.2267316088230916,0.3076923076923077,False,4
-0.3644992617246296,-0.87803107467240682,-0.31016402130456572,0.92763285745526547,-0.31322695949783996,-0.20343587100882446,0.081471283109942894,-0.36187056215359342,0.928661470222095,-14.627100637902819,7.3653687138119945,-1.6662338541071342,,0.4485763834208013,0.2621359223300971,False,3
0.9405445505395239,0.32988016816433902,-0.080963097163292183,-0.33636810190085448,0.93771128317947605,-0.0869140346636674,0.047248793360483494,0.10897992498514672,0.99292040339405374,2.681977837324113,21.621991863699357,1.8122460359057979,,0.7689174430478594,0.5116279069767442,False,1
-0.330622092774709,-0.93653767941460964,-0.11655988506329641,0.93871694046595733,-0.31358170180051187,-0.14309794540148768,0.0974655705954873,-0.15672808086808215,0.98282082355631029,-25.958606074372327,-9.4742649949208229,-4.5123847263451262,,0.1469780184648197,0.1176470588235294,False,1
-0.98877785102104621,0.041456210894561085,-0.14352610880417135,-0.0077521730019926008,-0.97367015448248273,-0.22782961634476984,-0.14919204115484289,-0.22416023922257824,0.96306485867138147,8.7801063508098398,-13.675178881411348,-2.2109336225295433,,0.2575963976267505,0.1111111111111111,False,4
0.16554564297439353,-0.97451196829955411,-0.15139704004082422,0.97434606174536009,0.18534928332046544,-0.12765341802668895,0.15246111652976105,-0.12638064255857442,0.9801956647185196,3.7927215206301876,-11.523417539736206,-2.3257502865304622,,0.07479772875555196,0.2758620689655172,False,4
0.33327145083821297,0.94155965575010059,-0.04894440437828676,-0.93819143098878643,0.32604073076880674,-0.11616488582595472,-0.093418300537995075,0.0846336608182299,0.99202326816516695,12.904460486568832,-13.097299254088595,-1.8306169675130768,0.1716576920318272,0.1650163555878261,0.48,True,4
0.54835813728954896,-0.81664048114788568,-0.18000466054768077,0.81887807959313941,0.56802249361274282,-0.082396222679280748,0.16953478707978509,-0.10221923155899446,0.98020874545644643,7.4114537708759869,15.357235240625801,1.437818911863509,,0.0892518904483379,0.2666666666666667,False,4
0.73556565393113971,0.67675949247723766,-0.030655474206207373,-0.67713957125333157,0.73309442160172789,-0.063675505960165954,-0.020619645964706945,0.067595549841544422,0.99749971019640427,-16.433548933348217,6.5258812939290607,-1.9429435500173167,,0.1272990172598023,0.3571428571428572,False,1
0.98702197835567329,-0.11623628654517253,-0.11080045096045837,0.1116505838009382,0.99264720816704044,-0.046751120361868889,0.11541993493223811,0.033773448274773653,0.9927424604658901,-13.507137431025933,-13.089417270132387,-3.8036493918760144,,0.08897052284398355,0.1818181818181818,False,3
0.95613879803749424,-0.24973702338947623,-0.15306867098129728,0.25983950739239609,0.96437356169644184,0.049669546998108133,0.13521105459796312,-0.087264269030826971,0.98696652327473755,-6.4876680059917691,12.624667039036909,-0.1879419360090589,,0.2021013517991861,0.4772727272727273,False,2
-0.51887064130813243,0.85318217782370642,-0.053417497437489608,-0.83754207559204041,-0.51988157761063314,-0.16806670364487897,-0.17116228907520337,-0.042465476626034698,0.98432725965171763,14.472189548376271,13.169475137917976,1.7608809243867114,,0.08127923185895726,0.3157894736842105,False,3
0.69675854505384038,-0.65273161943468694,-0.29743732597746869,0.69388172325916675,0.71843114940338471,0.048834800028474429,0.18181222187010679,-0.24041238852667959,0.95349158329874772,-0.30055592665485664,-18.609839838666357,-3.4874751078331299,,0.4887558064917641,0.25,False,2
-0.76888384672879628,0.63265109005016762,0.092575528612388866,-0.63377561697792462,-0.73496081000304692,-0.24116607365862136,-0.084534593887824222,-0.24410081117849533,0.96605832971835648,-16.604172575768565,-9.6133179001825191,-3.7336556828676932,,0.7558464266551193,0.3181818181818182,False,2
0.87955459800001701,-0.44010701955729475,-0.18080243492116638,0.44575178308223401,0.89509651744598095,-0.010371708397606941,0.16640029151427785,-0.071470523941489034,0.98346474628808733,14.318196350272663,7.6647804886869118,0.8180879498382021,,0.509886822700525,0.6388888888888888,False,3
0.4727574302771877,0.88116755862817941,-0.0066442259868276371,-0.87705324668124141,0.46979332161580573,-0.10035854448467374,-0.085311280635119724,0.053272587570364183,0.9949291516535006,33.104416831121299,-5.3790390542008293,0.39093551884646055,,0.2060389042117298,0.2105263157894737,False,3
-0.27874105872519322,0.96036626069941433,0.00025979026571505692,-0.94558793640056027,-0.27440443720820212,-0.17483037314545544,-0.16782990411272866,-0.048978057849139292,0.98459853398978736,6.3045832956751156,-22.964485454380508,-3.5220715744644853,,0.1912322509987188,0.2,False,2
-0.61733178852531223,0.78454086822718017,-0.058284551619469778,-0.7686739795493055,-0.61729677374663017,-0.16758581767511588,-0.16745678857536483,-0.058654234317271445,0.98413307268716543,9.0021496018296592,-7.1889713569929157,-1.4818975644127721,,0.07216147607201882,0.2307692307692308,False,4
0.64290404307705851,0.76463081992359017,-0.044878732358986331,-0.76574810608726562,0.6402988231856922,-0.060392508233912845,-0.017442173572614385,0.073192392022638164,0.9971653044160067,-8.7456910905018059,30.435171009529778,1.7148137939310633,,0.3026207233309995,0.28,False,4
-0.32495820794759117,0.94441829470834793,0.049761910209173948,-0.9317453215642908,-0.3106953269526011,-0.18793368392300633,-0.16202721632659803,-0.10743602017010936,0.98092032435843712,11.458475162546074,4.0445317193520465,0.14062450203381471,,0.2746107540997368,0.2195121951219512,False,1
-0.3141689991518769,0.9298262168751027,0.19162736334782909,-0.93553381115277967,-0.26888716836661897,-0.22907679689950183,-0.16147547232277121,-0.25124270556478745,0.9543598769534597,-4.328884554662209,-2.0335725724657041,-1.9109483503520057,,0.585188946190108,0.2337552742616034,False,1
