axis_00,axis_01,axis_02,axis_10,axis_11,axis_12,axis_20,axis_21,axis_22,location_x,location_y,location_z,dbh,dbh_approximation,score,reconstructed,number_clusters
-0.87888269983246303,-0.41316429878430039,-0.23845431878093112,0.42435713392425245,-0.90548200155995895,0.0048340188833868869,-0.21791333787263861,-0.096941255722463773,0.97114168385264843,-12.801708274434112,-5.8488860226406736,-6.3560934143649703,,0.2395706002594129,0.148936170212766,False,4
0.84437907566697301,-0.42898323671289795,-0.32093201646939812,0.50618144250311792,0.8350473039258165,0.21558373656583801,0.17551160600157262,-0.34448422725220873,0.92223982419606965,1.960697748129737,13.056639387065378,-6.8343752686367925,,0.09970612497941991,0.5,False,2
0.97663639333362962,-0.06303019744504218,-0.20544719376598669,0.11070475444157869,0.96696936797232835,0.2295968178072742,0.18418961034843861,-0.2469765892007498,0.95135521853115146,-22.366531167256447,-7.7425089778218688,-7.7646127467468773,,0.3140620441649151,0.5294117647058824,True,2
-0.49293340975885863,-0.80531555019531698,-0.3293683624107212,0.8493439278030549,-0.5275103056888818,0.018648584292199205,-0.18876320045916203,-0.27055450838165257,0.9440173261899264,6.7320896883632777,9.7112467128789906,-5.6084744972737486,,0.4663821298682063,0.6046511627906976,True,7
0.68119107410796575,-0.69970174764495685,-0.21539773652067054,0.73099970765005018,0.66622318984930895,0.14760111355458103,0.040226210002640012,-0.25800024350686962,0.965307063259779,2.6852212995503928,16.92454048706059,-7.3231681578246555,,0.2654286660831494,0.9270833333333334,True,5
-0.023483659880090269,0.99806831898561466,0.057516505073469587,-0.99340513447447165,-0.029755002048297407,0.11072885194412757,0.11222636284935435,-0.054536872759042898,0.99218494898444731,-0.81042559514693535,10.331927853628441,-6.7972220445968707,,0.1547850177954007,0.2857142857142857,False,3
0.92136405148007094,-0.34145875758724742,-0.18572614653624339,0.36954646456583529,0.91764139779205811,0.1461837049233938,0.12051429445140815,-0.20332285145849033,0.97166667273693585,0.78955992888116933,-8.7799745008733048,-3.7578267219699519,,0.07360850379378794,0.2236842105263158,False,5
0.45706232159373822,-0.81440406264654197,-0.35754727928505953,0.88926878348458949,0.41066395067471523,0.2013855762860714,-0.01717745322159335,-0.41000139312085437,0.91192312874484005,7.3712912861354285,-6.3330139607118392,-3.0423731510042704,,0.4634116504020834,0.6904761904761905,True,7
-0.97936153365983192,-0.095138891165641296,-0.178324361137882,0.078145725661029522,-0.99191165682035165,0.1000225505814354,-0.1863980470615843,0.084022951933843418,0.9788748191673694,-4.10962815048181,4.219950073489473,-6.4617040383863467,,0.06858233183180898,0.2857142857142857,False,5
0.72047466213895783,0.69253560870284336,0.036203479036379577,-0.65966457890646024,0.6683036877316173,0.34382091893962008,0.21391331083389376,-0.2715964131628108,0.93833708431734619,1.7660455470952183,20.414726297713592,-7.9823215836490213,,0.7256815455648082,0.2352941176470588,False,1
0.93163837541174088,-0.28978643997529052,-0.21925728418143553,0.34231974289758965,0.90232832217741865,0.2619557073610197,0.12193084549325331,-0.31910408678506663,0.93984331178892178,-11.870524163305234,-2.5385242975442099,-6.7046497107157075,,0.1144141258490631,0.1836734693877551,True,3
-0.95031572698151578,-0.23437647750491075,-0.20486016168104323,0.2364948168670985,-0.97152545903356935,0.014438976577679563,-0.20241101908391909,-0.03472677989683589,0.97868474500801661,-11.28709689806079,8.5041398656840084,-8.1832222621814203,,0.3018040083488766,0.5620689655172414,True,5
-0.85428476354420335,-0.39505114620301163,-0.33783447819888285,0.43996171352967195,-0.89564659184087536,-0.065198720477170541,-0.27682346974969374,-0.20433250942400732,0.93894461614529168,-17.220174689226589,13.288132999600506,-9.877868565539945,,0.4080399693318917,0.768361581920904,False,3
0.34963315745125645,-0.90289274507851525,-0.25008267851902433,0.93529195796862419,0.32080580229955524,0.14937399562895098,-0.054640722633252314,-0.28612641977895631,0.95663266896682653,-8.1914353119236303,16.601646514276712,-8.913954424987713,,0.07752361227718263,0.4,False,1
-0.47559779505661964,-0.82600841237284561,-0.30251750366974417,0.85842860250416597,-0.51091446268980545,0.045461480586686642,-0.1921121332452165,-0.23806829798122969,0.95205903900771494,4.051734394278065,-18.842175457158721,-1.7723633927216005,,0.2436222559381915,0.875,False,3
0.4722206589982515,0.88004866349746524,-0.050219509073486795,-0.85983180668956205,0.47242382520393572,0.19366206026128457,0.19415692987946948,-0.048270894501823897,0.97978212237403717,0.7968939067310199,16.256394893021181,-7.5003762543403729,,0.1225550417532347,0.1904761904761905,False,1
0.58197251271612338,0.81229851894900218,-0.03845920638987288,-0.78693477712932924,0.57446399693551409,0.22522160813138503,0.20504060814213082,-0.10080789819320282,0.97354820973312561,2.885697878043175,19.679206245081367,-7.7254602755279196,,0.2887636634636335,0.1290322580645161,False,2
-0.46651656261541913,-0.86013474714865168,-0.20622927423869766,0.86233770230329809,-0.49416579264399768,0.11033520094149148,-0.19681459293396769,-0.12636607981596903,0.97226314847379769,19.808446518539942,-11.193209067788557,-0.37766976739283492,,0.3016653898290829,0.5151515151515151,True,5
0.81012609321443008,-0.54784508029173329,-0.20871387374410455,0.58313572191182861,0.78969911080928012,0.19059917160734166,0.060402342036517676,-0.27611787770294483,0.95922389184659429,-1.9541620868217782,14.241101172286115,-7.6076289906277035,,0.3705713265835404,0.9316546762589928,True,5
0.87993055366154671,-0.43146797232363426,-0.19889094899420268,0.46424750327595476,0.86983283059549588,0.16692843532564927,0.10097760363033691,-0.23922005701269816,0.96570041311367127,-12.189387503892418,1.0008087653891224,-7.289531298476648,,0.06566417494602783,0.1846153846153846,False,2
0.58200850163047413,0.7988202793716489,-0.15215868458438178,-0.78687652328917956,0.60044203307543575,0.1424594749834823,0.20516198752737408,0.036817471135812643,0.9780352921510449,6.8859947426181494,-11.551443012819254,-2.3527431292744256,,0.2290273982378772,0.7419354838709677,True,5
-0.95867640759595041,-0.14648071609836288,-0.24389125718285892,0.17771682545109344,-0.97776548855065937,-0.1113165726694717,-0.22216272295439274,-0.15006015197447647,0.96339279388984866,19.683059394086666,-5.6009050162200644,-1.2543503672834535,,0.6583180137357055,0.1956521739130435,False,4
-0.79463707908907144,-0.57674041344910854,-0.18953207652357992,0.56652109070247803,-0.8166821030306467,0.10992814188694061,-0.21818745684860905,-0.020020941136516535,0.9757014889759803,-1.1473805208752144,-7.3111273971201971,-4.2398212074072683,,0.08107644596652933,0.3085106382978723,True,5
0.18549235054656252,0.98264543546558658,0.00073215255156006132,-0.97016998520511977,0.18301892801887326,0.15897884071133678,0.15608583438547283,-0.030199671280828316,0.98728171874025938,7.817361404424501,8.9404382513797529,-5.3191045123140723,,0.2058255674799879,0.2352941176470588,False,1
0.8953324898357089,0.41923771993985431,-0.15039769554159504,-0.38752125785917169,0.89969037112561556,0.20095897793106421,0.21956094222751771,-0.12164279791045936,0.96798554863421404,-4.1059102735246338,-16.516707185423158,-3.4504624485268822,,0.1549914074938383,0.8260869565217391,False,5
-0.94744476221977147,-0.26070516203659511,-0.18542179221923769,0.24779921507689309,-0.96461400725408464,0.090085326310633901,-0.20234616761776639,0.039403495995791196,0.97852102325586932,0.45243704076443347,-9.7832100233772401,-3.6320323382112836,,0.09232904024362712,0.3157894736842105,False,5
0.17376837480336746,0.98047669911472179,-0.092032572556114009,-0.97262805201045932,0.18551179812707189,0.13992871470145538,0.15426997232299344,0.065198276424768387,0.98587522556898821,-14.134828937221252,-12.338251326459213,-5.6852335808708823,,0.2098863447518798,0.6363636363636364,False,1
0.88799165431456228,-0.36533188403883665,-0.27929095290095246,0.4478257158458423,0.825028231800363,0.34464553523805763,0.10451291831561826,-0.43111602990030673,0.89622319690362418,-15.680425820497559,-0.5695142470462875,-7.6546959151547833,,0.7084278365127588,0.4,True,1
0.32031711705826077,-0.91719103474134489,-0.23697584330387955,0.94532987238759647,0.29331695146288994,0.14253630539679077,-0.061223989506849479,-0.2696771621302354,0.96100252410399423,-16.768846983772249,0.87667330339096949,-8.0140692303307155,,0.08343678445603425,0.2222222222222222,False,1
0.030786145249693257,-0.9261884678804938,-0.37580198938516518,0.99199583925878199,-0.017752018267015536,0.12501648187624112,-0.12246006758911153,-0.37664278542490437,0.91822859029407256,-11.963108480090847,13.579480950108042,-9.0668930571448687,,0.5238242200973728,0.735632183908046,True,5
-0.054252874288826795,-0.93922972793839099,-0.33897513741892293,0.98950769312500642,-0.096095339400387086,0.10788980949076901,-0.13390724729390396,-0.32956517398278201,0.93458848977497544,-11.704136221718153,11.241076059639759,-8.6758137169091558,,0.1409836341138113,0.4193548387096774,False,5
-0.12513185476738681,0.97917990051541992,-0.15983973645213009,-0.98693744795757199,-0.10637246568518754,0.12099327404054079,0.10147163515716801,0.17289193437134764,0.97969989603340513,-2.4862794193274902,13.337553774260041,-7.55914818423126,,0.06673853193850666,0.3095238095238095,False,3
0.35151904841563225,-0.89799003128855415,-0.26466632257873479,0.93460973174845474,0.32024214131064338,0.15475664848353787,-0.05421261773841643,-0.30175963055908683,0.95184143503148322,-20.324642307519124,17.166016003053635,-10.918631822273554,,0.09307595976647677,0.5,False,1
-0.95282879262168862,-0.23869723664923478,-0.18745911865554868,0.23032091584181827,-0.97090185180296018,0.065588641481358262,-0.1976602329172005,0.019318990180733374,0.98008020536153873,3.0865531441877954,-16.579952105815032,-2.2255758879592111,,0.1789000864591808,0.1764705882352941,True,4
-0.90680177251680594,-0.36584470153412041,-0.20944736742148418,0.36521692802632499,-0.92992391736303015,0.04310572350873873,-0.21054011694542718,-0.037405377629531736,0.97686933459956626,-17.207417915379249,-0.51947619095683284,-7.8969766840295863,,0.1284730218040623,0.2272727272727273,False,1
0.85476808557544925,-0.461339896462935,-0.23777514549096707,0.51120317393939663,0.82752352605235779,0.23211231932872631,0.089681853437411072,-0.31995361188997679,0.9431791194691439,-3.7359352078166457,12.135296599736021,-7.5905464001477627,,0.09836693168460572,0.4235294117647059,False,4
0.044742894209898576,-0.95305998031099715,-0.29945742159332878,0.9929956684150083,0.0096172154337186531,0.11775870106422946,-0.10935115878103412,-0.30262878762091394,0.94681473424125706,-6.9253443928623746,12.434043215524841,-8.0809556022841154,,0.2875200141705649,0.2903225806451613,False,5
0.97911810483249473,0.12024050747699175,-0.16392058184041591,-0.074364465527977583,0.96228643114318924,0.26167680582054659,0.18920270361694949,-0.24402263173603644,0.95113368784028307,-3.3525513301445091,17.562433012139433,-8.377354592371228,,0.3225325863813197,0.2903225806451613,False,2
0.98669438953120547,-0.018118565138987217,-0.16157320094912425,0.05819722103009841,0.96728449204716427,0.2469287243506392,0.15181325743167387,-0.25304629821904978,0.95546863152362083,1.9802855137543709,-17.272360349147966,-2.3187117870873668,,0.2326822979462262,0.3333333333333333,False,5
-0.48552670042580198,-0.83010790428061842,-0.27419826845637474,0.85719459186155811,-0.5136491433958893,0.037175114955672869,-0.17170106248049749,-0.21699176191623021,0.96095437998042332,-0.59916672734852994,8.3030166636185037,-6.5223382453572931,,0.4421560145834382,0.2086330935251799,False,3
-0.87363697688933406,0.46344353609863703,-0.14825154791791345,-0.47616054249707102,-0.87699351338517151,0.064447771483812713,-0.10014774276318586,0.12689549372899683,0.98684748735086436,-2.3915222931680002,-6.8742482143555845,-4.5384304436762708,,0.188830520810317,0.7335766423357665,True,5
0.98419108572825764,0.010606671757764877,-0.17679198309668032,0.018671367301694677,0.98642897054540468,0.16312346891793217,0.17612293097753928,-0.16384561203449241,0.97063655845065122,-2.0544348827547476,-23.395429343745302,-2.1221418727523198,,0.1471780922139747,0.2727272727272727,False,1
0.091523447046136769,-0.94456025187126125,-0.31532426044580142,0.99256790151251284,0.061028364506556479,0.10528295024694947,-0.080202366098761385,-0.32261659800846187,0.94312571333921669,-3.5847681387429722,13.535880441988224,-7.78354611172061,,0.2314315007818049,0.3829787234042553,False,5
-0.39946058453214273,-0.8857485094626838,-0.23639124220214541,0.89790456870214919,-0.43003348260483309,0.094013772089878683,-0.18492870763904556,-0.1747019800213879,0.96709905969738164,-9.4676393057276105,-9.7243451959410461,-5.2686629023568932,,0.1147035707866794,0.3484848484848485,True,5
-0.81266447567458222,-0.52997416261989494,-0.2422887470187137,0.55716879405581909,-0.82846442035783852,-0.056653677122814494,-0.170702621265584,-0.18103615980376123,0.96854866885281843,-1.009577701243678,16.308452324211448,-7.7682784382002223,,0.3091256171460522,0.3333333333333333,False,4
0.64113649929867844,-0.721325791455391,-0.26197918208951076,0.76666364792221198,0.61724360693955449,0.17674043297122388,0.034217542600867387,-0.31416465790012499,0.94875166798528232,26.690261806676212,-10.023004053346726,0.50859558646574765,,0.2592233114930745,0.2666666666666667,True,5
-0.97119454098219082,-0.14873755241052591,-0.18616740871945811,0.1388579675935514,-0.9881701125017065,0.065102178106065126,-0.19364820784654826,0.037376051975718833,0.98035881305597949,-14.297654681797981,-6.482954765438711,-6.5422268591160284,,0.06923881183484473,0.1481481481481481,False,1
-0.40296884859310117,0.91141835809644567,-0.083262738294686348,-0.9133333240313759,-0.39464444865508025,0.10038923428100269,0.05863741363113216,0.11650036768399918,0.99145817766164224,2.8239168684234297,-12.113266693132356,-2.9369313241015895,,0.1043221939997276,0.2549019607843137,False,5
-0.95913355860574812,0.24672244327437656,-0.13853105334543481,-0.23651155912847213,-0.96780308008322302,-0.086136406821077316,-0.15532256486065693,-0.049852122985373976,0.98660512196063432,1.5161933380411234,-18.331061343657474,-2.2453406532553877,,0.4062168207762653,0.2,False,3
-0.75850832865142392,0.64941884451295839,-0.054039612858312006,-0.64959581280538592,-0.76009804727625618,-0.016620424559304209,-0.051869021121785971,0.022497175784428627,0.99840046160325457,11.051093375934023,-10.549495459002909,-1.8115322464349433,,0.3300804793519369,0.2,False,4
-0.35458424690090912,0.92419015733705145,-0.14192450433604289,-0.93357065316305299,-0.34147108836670487,0.10882707090779209,0.052113792823269139,0.17108491719311333,0.98387707753895737,-5.3774250318972872,-9.9468685227862323,-4.5531732589208795,,0.7199136037048858,0.9679715302491103,True,5
-0.03694426699038874,0.99720552178242805,-0.064932799594484988,-0.99443097005781145,-0.030268146413264575,0.10094991383148974,0.098702416011072894,0.0683007074585604,0.992770288855502,-6.0629965305309108,4.3442980788704197,-6.7437201122370176,,0.1393612159938965,0.2314990512333966,False,4
0.16215906546279213,0.9827207814780986,-0.089242944479149058,-0.97532274434098798,0.17335459890914767,0.13672500652116451,0.14983318010173113,0.06486947423960783,0.98658094926492412,30.237997243585479,-12.042592939847284,1.3393623656169384,,0.5151149399760845,0.9315068493150684,True,5
-0.6230417507891548,-0.7272953813303662,-0.28785483332593492,0.76498483303335785,-0.64333500048915904,-0.030303174331074295,-0.16314773060790788,-0.23908472439938694,0.95719450090165004,-15.578081839792858,20.160213805635344,-10.582389334126116,,0.4611208604706261,0.25,False,2
0.53878071696602192,0.84201521559706372,-0.026939111503719582,-0.81650037949260545,0.52979523973688059,0.22944309586599682,0.2074667908702767,-0.10162372092760488,0.97294920218417225,-17.0316476886115,-6.7382590275166532,-6.9590350819887101,,0.4883487460375386,0.6046511627906976,False,3
0.67392475098013771,0.73124903839172406,-0.10535783723832992,-0.70965113483900166,0.68038147269298554,0.18296534764222963,0.20547675498235063,-0.048537567587420311,0.97745762450073526,10.859864310960026,-7.3820796971837748,-2.3580163970642234,,0.1886829446405026,0.2571428571428571,False,4
0.9630526343527791,0.2199786175888353,-0.15536740736034732,-0.18027092354457228,0.95514749711688163,0.23493755101248354,0.2000800279652073,-0.19824900139738721,0.9595130618466744,-4.8857165605851485,15.140635854936939,-8.1995315834662801,,0.08202934385996437,0.1904761904761905,False,3
0.88702529194476343,-0.41253505555134123,-0.20736672681884294,0.44983627028287487,0.87337618404694262,0.18671200035775795,0.10408391512765604,-0.25889934159988692,0.9602799953819956,-17.075089253475827,-3.647416697605717,-7.411968046209493,,0.0999274559982736,0.5217391304347826,False,1
0.983191183650446,0.08315673734396542,-0.16254246653211221,-0.022696797028929235,0.93901967558589206,0.34311354427826868,0.1811627770726196,-0.33365701835398953,0.92512325789943439,-1.8981027072724439,18.247692074326533,-8.2092623730909953,,0.5598707708874922,0.72,False,1
0.46682660359195205,0.8843012455672643,0.0091776504066294895,-0.86290491529040148,0.45321081372005473,0.22359576358882691,0.19356660183633642,-0.11229989054041881,0.97463875627749519,-25.991719869904323,18.309897531690019,-12.004074094657097,,0.08886280291865967,0.3076923076923077,False,1
0.74433785326642277,0.66349227374924769,-0.075757262818735321,-0.63976265982873826,0.74100801438031638,0.20398740577055233,0.19148080656711292,-0.10336887974238074,0.97603789650669515,-4.3224493539281506,-11.200248275307995,-4.2097852594184504,,0.1514889618497571,0.1951219512195122,False,3
0.9494378507235739,0.26690648163374192,-0.16531393672433525,-0.23900260710522778,0.95589884220655041,0.17069023775565156,0.20358173152398684,-0.12254931060627686,0.97135788721748773,-10.297903678240932,2.1678645749389864,-7.1798281729397617,,0.5269484740019119,0.7297734627831716,True,2
0.37893477707554829,0.91938714678899947,-0.10552586906482143,-0.90822810580173041,0.39134773499443998,0.14821827871933071,0.17756729021557993,0.039676499768793116,0.98330851354576998,-10.847870909484548,16.270777815663035,-9.3058590709707349,,0.3235031383106751,0.8736842105263158,True,5
0.81927248943366793,-0.50079294075803304,-0.27928304378189611,0.56824827147758228,0.77426260102459366,0.27858809489525993,0.076723464597861168,-0.38694166891348319,0.91890677157073353,-10.78055419617662,18.203618430322841,-9.5460798355244023,,0.3232552803146916,0.3333333333333333,False,5
0.98419345652722134,0.030039874873433084,-0.17453035852421039,0.019430894028941884,0.96124211360396061,0.27502007088833991,0.17602749923303737,-0.27406423508327382,0.9454644967221052,17.310514545918696,-8.9476728638615164,-1.1273539197371463,,0.265215221623044,0.3333333333333333,False,1
0.58625714600363676,-0.77981242927998906,-0.21953390148246812,0.80994506896563268,0.55848420665282017,0.17912112152850246,-0.017074660111663087,-0.28282143847278218,0.95902058889382502,1.1858926397432357,-15.708228547405907,-2.641618031067845,,0.1417757343204928,0.3333333333333333,False,3
-0.93682628458775552,0.33091314670899674,-0.11337108026588369,-0.32332846256075931,-0.94287180861600028,-0.080320967469835081,-0.13347365958719745,-0.038590696448038919,0.99030073227482673,17.186200730804035,-9.9536488375786174,-1.0036735092627092,,0.495901175481437,0.3958333333333333,False,5
0.906141966137193,-0.37282454274607207,-0.19977136314097993,0.40792990881081587,0.89514132759489429,0.17976427100303116,0.11180307107867234,-0.24438466391701805,0.96321140428233321,-2.5900279142940956,3.6342270536862515,-6.1398125890696882,,0.06952071108234212,0.2313432835820896,False,5
0.51497954078991015,0.84419848191339486,-0.14874473336199695,-0.83219087430912486,0.53398021721675881,0.14941042914655289,0.20555880249803687,0.046840695514282604,0.97752315980712723,-2.9190130718630773,9.9966886861037185,-7.1111739542212566,,0.1161224945329694,0.4554455445544555,False,3
0.6634967396609478,-0.71011509271161699,-0.23560269854665397,0.74775578629390105,0.63997696901586731,0.17689195344406022,0.025166654987978751,-0.29354051548710808,0.95561530190986399,-10.529638449648985,10.921704199197233,-8.4425179833590143,,0.08442603266075735,0.4096385542168675,False,5
-0.58792257889592681,0.80424345735320923,-0.086830308815069243,-0.80888288463634683,-0.58351213835593851,0.072263845273165705,0.0074511855933406257,0.11272109694213379,0.99359872893307211,9.4275974284021977,-12.529283118687525,-1.8184329610485124,,0.2044184178931352,0.3142857142857143,False,5
-0.89872550188651712,-0.35692073861438595,-0.25475489908103632,0.36603847055192557,-0.93051742147694283,0.01237604152824992,-0.24147113768488998,-0.082127429491387891,0.96692645790168652,-13.156604659707927,11.865459561030148,-8.9953257406733602,,0.175795781787919,0.3392857142857143,False,4
0.52430954244327244,-0.80127686472136994,-0.28819245265138183,0.85132966731151727,0.48595438309617894,0.19770213733006339,-0.01836576320736992,-0.34900390200097342,0.93694128691711898,5.6797198908729589,-17.622102957227991,-1.7102571801922861,,0.2877755154968522,0.1666666666666667,False,5
-0.053039843689718057,-0.96780130168965273,-0.2460638442136209,0.98698463086394372,-0.088268685308319328,0.13442461691337448,-0.15181605125854405,-0.23573137178100778,0.95988676776925563,25.445650527071905,-11.205921589552966,0.49516018970933862,,0.1513479183995668,0.4615384615384616,False,4
-0.72606295791373887,-0.6609772537380052,-0.18958283463045147,0.65432908081253727,-0.74888206594746853,0.10501954725322452,-0.21139071679847476,-0.047798758804140667,0.97623216680675462,0.20430913772364789,9.3624401952597438,-6.5428325674194934,,0.08197776644683825,0.3777777777777778,False,5
-0.97651713483964342,0.10494628028261323,-0.1881503750180118,-0.11604676717349351,-0.99203651394208681,0.048956131732549091,-0.1815142782074079,0.069640744255621598,0.98091933080471438,3.842548182320189,3.7561794020552983,-5.1325283963232309,,0.1128188639118132,0.4,False,7
0.27340620908080621,0.95516026926921427,0.11365696127217464,-0.94691932368889575,0.24649165940613246,0.20636292367519987,0.16909417275774935,-0.16404487755725086,0.97185206635917576,-14.131570720714608,24.273638697035469,-10.974699034244072,,0.3494709031082298,0.4210526315789473,False,1
0.81466833872854794,-0.52335887531829817,-0.24982190756383355,0.57533983191958393,0.78346291129493961,0.23488283128402962,0.072798184592828996,-0.33508410026562419,0.93937163575933269,-8.2047688887420449,9.2604480151006285,-7.8534632021675774,,0.07211378970555063,0.2903225806451613,False,2
-0.88835001732000018,0.42910012514669649,-0.16342377222009169,-0.4458542867517517,-0.89119195106872029,0.083611370849989514,-0.10976430072041629,0.14713935214420687,0.98300651540971029,-17.549696434436097,12.515484234266834,-9.8618489838155678,,0.08832723776830265,0.2432432432432433,False,3
-0.48478322004714325,0.87419556789974695,-0.02770087769660079,-0.87463245065923656,-0.48447313632519556,0.017431478223239483,0.001818189908064094,0.032678574688433368,0.99946425896166535,-7.384414717800043,21.135907429160358,-9.4964668130207404,,0.4659663808593607,0.6764705882352942,False,3
-0.1646090316915356,0.98612309746175431,0.021566254612486041,-0.98044037120705085,-0.16597381717200282,0.10577982095246621,0.10789135828673341,-0.0037321127783222219,0.99415568506208007,-12.649161035663516,15.133426278580481,-9.3944007502687423,,0.1930959973122625,0.119047619047619,False,5
0.91517298152607007,0.37326639358949121,-0.15208751855882396,-0.34392582763638191,0.91993490183436455,0.1882413383708012,0.21017478195377159,-0.11996656118975671,0.97027552026576003,-5.1736577016636893,11.333040118288311,-7.6538786467289581,,0.07177599308222787,0.3384615384615385,False,4
0.44923516635924604,-0.8383723014670994,-0.30873880455644176,0.89334185914300346,0.41714730568754133,0.1671180662302828,-0.011317597320301284,-0.35088460993663634,0.93635030971347044,-12.785394001194254,17.780151111887431,-9.7800071350592681,,0.1249014374186678,0.4333333333333333,False,2
0.50824955736205479,-0.83725919415190819,-0.20169142086209796,0.86100838133063551,0.48893400777398105,0.14002893743962952,-0.018626720582917977,-0.2448276492763215,0.96938767654130831,1.0442033226016556,-11.15878171751695,-3.3787523240996009,,0.07872952522985552,0.3103448275862069,False,5
0.97250985725964334,0.19409172194144281,-0.12865838879231145,-0.13053294250405267,0.91192709993625642,0.38903742149449183,0.19283601441136869,-0.36154856917937694,0.91219345737090418,-13.977362246925807,2.602045046992032,-7.8543487143857353,,0.398818076856278,0.2452830188679245,False,1
0.094144199480865484,0.98994904937133665,-0.10553553597198456,-0.98519583028942415,0.10789451064437465,0.13322143428571825,0.14326913723632184,0.091431144702436989,0.98545131797261409,13.948833785172631,-9.9790869607131008,-1.4866401393953372,,0.1111146093959916,0.6190476190476191,False,5
0.37677524704455595,0.92515909865214352,-0.046054917171433313,-0.90957049783430155,0.37891892745177835,0.17059295380599898,0.17527670319804467,-0.022385008374977672,0.98426469443746556,1.4739421827789894,-5.6830645903834078,-4.1320991469431601,,0.3253430152997024,0.1688311688311688,True,5
0.35487016890302592,-0.89157100971107162,-0.28136861563706606,0.9344591782940479,0.32884963734216921,0.13654288748205803,-0.029209712849526365,-0.31138248290921117,0.94983563947271632,-0.32028561494968733,-14.140433178904567,-3.1883299605853801,,0.1422508823898441,0.375,False,4
0.91915265440416816,-0.29316560899025051,-0.26308235137908542,0.37465830489599444,0.85687245131259249,0.3541196926944481,0.12161230395906941,-0.42405604333263042,0.89743351822786455,-20.506835479233857,19.89025521561241,-11.329161253896745,,0.4002134769366579,0.2352941176470588,False,3
-0.97635350054071046,-0.083579116091968747,-0.19936994090179402,0.10028920852835194,-0.99211035943819104,-0.075227051970547576,-0.19150957321934683,-0.093442849104187292,0.97703250576254363,-7.3306615737464451,7.7869786915430623,-7.4818657969927891,,0.6710052689299424,0.4629861982434128,False,2
-0.076282401191121021,-0.97517049057244221,-0.20790264448828016,0.98761206095391962,-0.10257245925053901,0.11874892699157058,-0.13712553491917431,-0.19626870591105416,0.97091461146340352,-13.304645453529361,-12.942328893385683,-5.4578460305331982,,0.0909678705449759,0.4545454545454545,False,4
-0.56252517109590128,-0.78578777053198956,-0.25710505939380179,0.8014302835225191,-0.59465646708951736,0.063978018112684859,-0.20316233050578075,-0.17006253505983407,0.9642633466187962,-14.742841374312494,15.844168043201387,-9.8295566450187692,,0.1505246500917626,0.1578947368421053,False,1
0.75157898774468102,-0.60394794821701558,-0.26528456612690099,0.65931667780849468,0.70043130616931926,0.27330844059690529,0.020749543229933304,-0.3803194199385555,0.9246224068631208,-13.55793561241663,14.865768216611619,-9.5106196615791383,,0.3534041884084029,0.4285714285714285,False,2
0.32716429641541661,-0.92286730568355668,-0.20317347083558501,0.94307986732263671,0.30529160812927375,0.13189919581468446,-0.059698299822723878,-0.23476151751557361,0.97021809037559226,-17.375092163704807,18.473445050533549,-10.643930013687394,,0.7013899732800315,0.6590909090909091,False,1
-0.13553091979680146,0.98306289620010479,-0.12336414346841741,-0.9837464011214524,-0.11871956715334991,0.13471704664040793,0.11778959232302966,0.13961735740796907,0.98317475834705581,6.6899606112449712,-18.561274286947647,-1.3568279106640593,,0.1236177529032521,0.4117647058823529,False,5
0.98401378436200859,0.011956828176684149,-0.17769047933277471,0.041323104017836468,0.95518421258206743,0.29311349526814245,0.1732318482839949,-0.29577044188682805,0.93942033853125706,12.395388499986872,-17.069532059003706,-0.65698911777983648,,0.1280223097018665,0.4,False,1
-0.36293029488610745,0.92967310621338706,-0.063162620571319439,-0.9303859387734823,-0.35778538173174557,0.079822462701029495,0.051610134532581384,0.087735603962260073,0.99480593977464171,-20.584961866507701,-4.2060282522518229,-7.9221636989336028,,0.08101050042790187,0.25,False,1
-0.82404812239766612,-0.50872756760196258,-0.24928087358373902,0.53086339799488957,-0.84705138481631759,-0.026229833207230796,-0.19780986993120772,-0.15394873641102066,0.96807594842308187,14.937300417644821,-1.9366164203393028,-2.5633313729617795,,0.2926243070173489,0.5873015873015873,False,5
0.73523719049883507,-0.63322612989849858,-0.2417662964955013,0.67395165469497376,0.72096986054101486,0.16121919031361726,0.072218009120217738,-0.28147314011329944,0.95684765273969963,-6.1113462162254368,10.163433804322665,-7.6456275662769961,,0.1890917743768511,0.4437086092715232,True,5
0.94306520136996308,-0.25420680530026724,-0.21449225185088377,0.30506885819364082,0.91802537768484238,0.25330297607219515,0.13251799019551713,-0.30431612850066769,0.9433083675070979,3.1322908023131957,1.6476790492573143,-4.9483384251815838,,0.3840224714332536,0.4235294117647059,False,1
0.49328087220603162,-0.82348210797300891,-0.28026986809856591,0.86979972737569133,0.47103579603505269,0.1468799275285726,0.011064148084295469,-0.31623171362460645,0.94861746132211533,11.379446007057666,7.8870999803264583,-4.6068838600780371,,0.3586344599197466,0.3703703703703703,True,5
0.96284673709173763,-0.18996007491924699,-0.19194095656859886,0.2251775333219237,0.95710174149313465,0.18234948565286394,0.14906790183955979,-0.21879539841478418,0.96431702996144797,8.2997036788020342,-12.666444858511467,-1.9877658470743531,,0.07799127724174908,0.5263157894736842,False,5
-0.92137190122265045,0.36708939339512719,-0.12774661206527993,-0.36491011338814916,-0.93014298165621512,-0.040922400011920768,-0.13384479363952795,0.0089112811921158719,0.99096223958489382,13.109627932906077,-11.604461418965945,-1.3524425064386343,,0.2805176778646256,0.21875,True,5
-0.8233500035638206,0.55636241022611732,-0.11205195276674276,-0.56015649108148158,-0.82838175072482934,0.0028949206116347104,-0.091211167796147949,0.065150161576552984,0.9936981328933906,-1.2833338412381037,-15.406503167236185,-3.1120123565922255,,0.4342793160363531,0.3695652173913043,False,5
0.45920703612990199,-0.85288707664058871,-0.24842007259531435,0.88774959830874334,0.43049713533987011,0.16301186204332149,-0.032086580862662042,-0.2953910136812492,0.954837473272236,-7.1637347203844675,10.171511728429126,-7.8232791779580184,,0.2001233766432148,0.5630252100840336,True,5
-0.95845915946621996,0.25817479534071469,-0.12125103993816842,-0.24700274809702485,-0.96386046853855467,-0.099813023304357124,-0.14263829102953035,-0.065717366345726669,0.98759077845672349,-1.1455629570774837,22.968613291202743,-8.8269304487662072,,0.2439353422681989,0.4,False,1
0.41269808527992535,-0.85619684859207879,-0.31081706334639425,0.90998870700583967,0.3725643260788668,0.18197905389148783,-0.040010542712198116,-0.35794242469200666,0.93288604720913426,-18.153841132883038,-4.3545916197448093,-7.4843436686781351,,0.6613055645680577,0.5555555555555556,False,1
-0.97400326409198412,0.17188691415451063,-0.14755517707149737,-0.16718162528831648,-0.98495211470124844,-0.043813649830810764,-0.15286577675895274,-0.018006123624474672,0.98808290836746238,-25.285124625674921,17.372786448376011,-11.731682324164851,,0.3402764668769376,0.7710843373493976,False,7
-0.91706122139711665,-0.23067736250747867,-0.32524862895363893,0.25004213684095367,-0.96805952427309649,-0.018430606830941554,-0.31060850924216254,-0.09822785699963163,0.94544891035720258,-9.9150903530496013,17.519486935857067,-9.3246295679783575,,0.2550402556033686,0.3235294117647059,False,2
-0.84610875775779115,0.52213467836599359,-0.10712304930876569,-0.52537422182251303,-0.85086791705383613,0.0023905591095232659,-0.089899372022038945,0.05830236166835269,0.99424289664746224,6.6807345870829353,4.2289441175304452,-4.7943362281909625,0.1533938116513874,0.2019884092564462,0.4,True,5
-0.16582520369543999,-0.93251766669762826,-0.32080025423333935,0.97153591575556009,-0.21028704273791504,0.10907485527630538,-0.16917436630994218,-0.29358160867696004,0.94084529696984531,-3.0925542017389001,14.211350324319266,-7.7913853353437208,,0.1936779773326812,0.1707317073170732,False,2
0.056967875135974663,-0.96148800007806368,-0.26887820087983594,0.99499521961761883,0.03253249935916077,0.094478301337045156,-0.082092473105512584,-0.27291475260845027,0.95852927115873177,-1.3556890461819888,-16.225803078308669,-3.0531061498351075,,0.1219290695330023,0.1904761904761905,False,2
-0.28737131858134873,0.95583227652288805,-0.061663477147271717,-0.95680333863291778,-0.28350663888246247,0.064431024285460048,0.044103247473644185,0.077515449212683676,0.99601518999242,-5.6093314244204615,-2.1125541293079593,-5.7427677073542869,,0.1924944767908409,0.2026431718061674,True,5
-0.98218893254387829,0.071997439756820047,-0.17355480245956995,-0.08692811272763816,-0.99299618152323565,0.080013040798893209,-0.16657852204269402,0.093674714564483147,0.98156846110973595,-4.5916114757113853,9.466946653578983,-7.3121671858729709,,0.09856025975106292,0.4444444444444444,False,5
0.49241641494706945,-0.81748624329558417,-0.29873452480948243,0.86978504947128821,0.44972634257099847,0.20302754619494676,-0.031623440782174023,-0.35980891987301383,0.93248994588301626,-11.566254933927233,2.1308278706482251,-7.3520698126260999,,0.1339802878063928,0.1666666666666667,False,2
-0.74980115993413732,0.66020667195494231,-0.043879048161983319,-0.66098371650812071,-0.75038696638100411,0.0044639888694658902,-0.029979110602802589,0.032350440363205099,0.99902687748417063,14.273973161892037,-15.230518949227818,-0.67774734864411113,,0.260615351822421,0.4193548387096774,True,6
-0.8598296236274704,-0.42967491424280657,-0.27581241161898368,0.45873005708483372,-0.88728906975470379,-0.047800014861699464,-0.22418687084570382,-0.16762331211460449,0.96002222483447863,-3.6055144329557423,6.4711056366474891,-6.7065616764480689,,0.6254577872935262,0.416958041958042,False,5
-0.19550501433946882,0.97917840412561519,-0.054657499596471065,-0.97676225057698074,-0.1894257415157245,0.10026661607439866,0.087825367724348458,0.072990008530154638,0.99345818404140784,-21.223692739429314,-9.023160999327704,-7.3791289749733693,,0.1151342176031884,0.2272727272727273,False,1
-0.2570868986737499,0.95859807905794392,-0.12245835764345875,-0.96449180816294544,-0.2465792087511782,0.094626876722292239,0.060513457320549364,0.1424374130559215,0.98795227862738977,2.2843470679479774,9.6655397593641883,-6.2770246271385925,,0.2330588791583033,0.5692307692307692,True,6
0.86668821386019679,0.47411963572384358,-0.15511966663486676,-0.44078906721880823,0.87344520525204217,0.20687791482560888,0.23357341067894544,-0.11092359732405344,0.96599141682547918,22.482792542366948,-0.85755238226430164,-1.6061395765173121,,0.5388900301499964,0.575,True,5
0.91676769244828893,-0.35399306366527711,-0.18500245663210002,0.38811194102826935,0.89893149898457136,0.20320256239679391,0.094372238048645987,-0.25809120676657044,0.96150029104284052,7.9644962664020866,-13.619238157213555,-1.8652071466246771,,0.1534089933204928,0.5882352941176471,False,5
0.097652818306358871,-0.95345065022604558,-0.28529946487919772,0.98942345372678731,0.062112886788668407,0.13108477604258675,-0.10726209158963063,-0.29508277970479635,0.94943193375276203,2.9814690597529379,-8.1850200604148089,-3.4964006637752729,,0.08989279426804671,0.3137254901960784,False,5
0.3689171418825325,-0.89905224188285482,-0.23580756728874233,0.92836028431972861,0.34407327500649337,0.14057298433233167,-0.045247374763794618,-0.27077416381870228,0.96157892410621515,11.778985065943525,1.672907884294305,-3.6174019121660246,,0.3252490905473192,0.559322033898305,True,5
0.96688541279446805,0.18855894739985168,-0.17198291159510745,-0.16231623529181635,0.97437040967329291,0.15574255845397922,0.19694171291517276,-0.1226695891757992,0.97271071424420852,4.2995061889463067,-5.8281397170576676,-3.6666852546367492,,0.07817703977722164,0.3333333333333333,False,5
0.033624575858575048,0.99455786556513304,-0.098610546803369975,-0.99030796771531415,0.046458482293314139,0.13088826724565045,0.13475725204195105,0.093253747729142245,0.98648072538523224,6.6549126233528639,16.94143614863658,-6.7012255866197146,,0.2574249049522055,0.625,True,5
0.59163797450844702,0.79537545352929551,-0.13169052753561794,-0.77959970971778669,0.60604651425344902,0.15789843308021528,0.20539912299590043,0.0092471879137137614,0.97863460483890685,-20.787176312695959,14.647334642259299,-10.574547744696495,,0.09767104360305394,0.3142857142857143,False,3
0.20582858049565622,-0.90421531062097849,-0.37420484696186418,0.9748274501278329,0.15596311180910807,0.15933282848204552,-0.085709030611788375,-0.39758040670212691,0.91355557153254807,-12.564248460117751,-11.196710863188461,-5.5764477201247242,,0.2023886882129637,0.2272727272727273,False,1
0.88190397481803939,0.44744442323348776,-0.14845493362429851,-0.42043697035899485,0.88894809130687091,0.18167015417294635,0.21325602724306103,-0.097799688543081645,0.97208903283875381,-17.936459886143336,-2.9240051714936026,-7.6571748680181102,,0.09593479295264554,0.3421052631578947,False,2
0.85871014101437648,0.5086593786561342,-0.062309952850445022,-0.46542564741189552,0.82499305411862134,0.32057047179559106,0.21446645530312514,-0.24627646489501423,0.94517302246124624,3.7665001676202605,20.744711965641603,-7.7499683275631481,,0.4978606048022327,0.15,False,1
0.83409896834620312,0.53200993266075436,-0.14575439120005551,-0.50460319634623951,0.84263484487777829,0.18799503300609055,0.22283295366924033,-0.083258331403542329,0.97129476731368225,-4.8725066801737729,17.348696257066806,-8.5346311928745919,,0.09561904885785431,0.2,False,3
-0.98257269868626174,0.067132215578616608,-0.17333250539902567,-0.084022642441280201,-0.99220626188110739,0.092015919498232526,-0.16580436470003404,0.10497618546806969,0.98055541053578021,-14.505238004346854,10.516981800710742,-9.0312536100650984,,0.0761779911495272,0.2253521126760563,False,4
0.83211256634311559,-0.51292153952939901,-0.21095063692879779,0.54755703528584099,0.82024063430542571,0.16548895716395817,0.088147433557958399,-0.25321294619553947,0.96338633674975949,-18.575121690087375,14.096822926272273,-10.194233149310069,,0.1037739182730679,0.3488372093023256,False,4
0.59496082212434975,0.79203326773039184,-0.1367659421984764,-0.77660319287655322,0.61033276298791239,0.15614544257673968,0.20714512050990436,0.013312446501679398,0.97821964702058561,2.0385997835034835,11.587705312846083,-6.5460824417772425,,0.1728143483651888,0.2972972972972973,True,6
0.61212922791491342,-0.7578005970508952,-0.22591162750420618,0.79056259323105205,0.58012551033250725,0.19612541509259601,-0.017566858458099036,-0.29865138099589528,0.95420058589017775,2.9120494333847393,-14.831881107399369,-2.5540251857866583,,0.8294714642612292,0.7023809523809523,False,3
-0.20348140654604427,0.96671733622858114,-0.15509000298266318,-0.97511390183221358,-0.18585743494891049,0.1208713875479662,0.088023835656045615,0.17582549789302626,0.98047804597913857,-2.3123670139625876,11.704511534013015,-7.2869292758055453,,0.2273658775978084,0.7432432432432432,True,5
0.97057436047339551,0.16804105439018674,-0.17247496870877435,-0.14300233006282642,0.97849966028733137,0.14862283947691068,0.19374143694176735,-0.11958519497417493,0.97373694433082236,-7.1545867125312927,0.94570563181506806,-6.5123795386861598,,0.06718883118964497,0.218978102189781,False,3
-0.93565468866848855,0.30442550124194567,-0.17853688068929435,-0.28472370408562853,-0.950052345254491,-0.12780044447575592,-0.20852509658176077,-0.068743403101908074,0.97559808764958933,1.8503251495478823,-14.22896453920375,-2.7916116714452439,,0.3458635393137117,0.1363636363636364,False,2
0.38114987910937492,0.92381889711542908,0.035824781748682116,-0.91298880500831858,0.37001666449087844,0.17186945606630422,0.14552048510224075,-0.098215647080679008,0.9844681178606709,19.29029110171194,-0.033120052555528856,-2.2721395888851164,,0.383127332366909,0.2,False,3
