axis_00,axis_01,axis_02,axis_10,axis_11,axis_12,axis_20,axis_21,axis_22,location_x,location_y,location_z,dbh,dbh_approximation,score,reconstructed,number_clusters
-0.79619382138425687,-0.525398383076354,-0.30005322502897114,0.56554640681896062,-0.82249603955698614,-0.060477488764289516,-0.21501781443335394,-0.21784582615653891,0.95200343250561781,26.402823769043277,-4.5639713590597859,3.8155448070454541,,0.1999379315567334,0.2105263157894737,False,1
0.97237185843163176,-0.12531401823861513,-0.19695016060696091,0.1606441046710651,0.97136141983449176,0.17507273828769773,0.16937071932493988,-0.20187468610505094,0.96465546727592877,-5.1786191784066329,7.8865998256332173,-4.7354914022374901,0.2702199020364801,0.1985987680447103,0.7393162393162394,True,5
0.32897215080451175,-0.87573180129298334,-0.3533711026657404,0.94313091148932837,0.2857545557636556,0.16984821945968512,-0.047764084711874211,-0.38915054421709794,0.91993502278539996,-4.6213964058100903,-19.913943446736802,-1.00312719071572,,0.3080339104502677,0.25,False,4
0.8207735212782814,0.56977074264944572,-0.041135478472368758,-0.52734878758970927,0.78340862781927778,0.32889843126105156,0.21962259218057478,-0.24825837886970964,0.94346896839528827,0.50294692771678373,6.6216649124742348,-3.1931035779261965,,0.5304684187661376,0.3653846153846154,False,3
0.8084984407635033,-0.54312402019285633,-0.22659781546284552,0.58069828140372637,0.79875435344034151,0.15741978539834409,0.095497524877573681,-0.2588586130489996,0.9611828344246508,-7.0454187010006084,-12.6934473732163,-2.4938864711965167,,0.08884044001207511,0.2631578947368421,False,4
-0.97139671962240104,-0.097935685696461605,-0.21632617634951795,0.12007035915891845,-0.98852689393152982,-0.091638904541305938,-0.20486952423014795,-0.1149920929509772,0.97201095497965817,7.7968302165248788,25.955866940634614,-4.349925970326737,,0.3224036467038736,0.5454545454545454,False,2
-0.97813506570079189,-0.096933495554838114,-0.18399915947098133,0.10327691623189039,-0.99433367294618713,-0.025187802980323359,-0.18051501826756283,-0.043639939102439934,0.98260362501621001,4.3990682523326106,-3.3897865781622429,-1.0191744731149432,,0.2100759106371109,0.2352941176470588,False,4
0.96882836643560688,0.17867570653200235,-0.17160008241548519,-0.13906384345214567,0.96549709901396497,0.22017402035647338,0.20501913040989286,-0.1894474694761201,0.96024830771788605,-2.4743862473081442,18.708085980527684,-5.8445156819860875,,0.1001588157338658,0.3157894736842105,False,5
0.40672045327715828,0.91355054782058598,-0.001967094997851776,-0.90185891191527068,0.40185679390075885,0.15862414757787385,0.14570166740647503,-0.062741643049179091,0.98733708040489521,2.9776051764794556,-17.760049932485188,0.34905542627604291,,0.2755659030858129,0.2105263157894737,False,2
0.39881368556832281,0.91110345943377435,-0.1041063418395789,-0.90028288694259884,0.4105966404479614,0.14457220455933525,0.1744659499206358,0.036067784249323193,0.9840024122214508,-17.659123076075023,20.459872713581095,-10.119497365973055,,0.09989023733809749,0.2777777777777778,False,2
-0.97652645640291547,0.16137661096249917,-0.14266628676538226,-0.12496037584634709,-0.96392676867213034,-0.23501082763490772,-0.17544510370341998,-0.21166665791182795,0.96146567360199242,-1.3903484892719988,26.731525458909431,-6.8761223108185305,,0.2790009551572547,0.3571428571428572,False,1
-0.86774947817071035,-0.42506792655876907,-0.25754242552536433,0.43326659197627315,-0.90086054084148248,0.027024918724319918,-0.243497234915973,-0.088133669876043361,0.96588899611831969,10.453766857247668,1.1669899234936973,-0.30698957990970382,,0.1287986793273212,0.3333333333333333,False,2
0.94832248499388905,0.25890641850900875,-0.18344462627685035,-0.23733961512441357,0.96248756877464425,0.13148226894478937,0.21060477569991262,-0.081148915021167917,0.97419735271826557,11.561375979075965,11.22547660143082,-1.3580422412708955,,0.5200645536484035,0.8333333333333334,True,5
-0.57489528358346642,-0.7535483279998596,-0.31884217142985039,0.79056468639701594,-0.61201858005815335,0.020993672513158965,-0.21095707984202283,-0.23999619795367227,0.94757529275108721,-14.759926027591016,15.360907564864904,-8.4453485911141453,,0.1598131364635747,0.2978723404255319,False,5
0.82599788337084401,-0.46264459711654538,-0.32200539347308132,0.55352701828520856,0.77364991372839365,0.30834015472580595,0.10646753822255324,-0.43292700048266469,0.89511947557737281,8.2528567243199724,17.606730170328436,-3.0204840508637383,,0.4489068693486865,0.1621621621621622,False,2
0.46319816788242363,-0.8478303728422435,-0.2581300373000977,0.8862450028021055,0.44174589465106257,0.13939282466192185,-0.0041535862412067776,-0.29333295662969072,0.95600132022723783,-20.184928127928497,17.083243165128906,-10.224440722657754,0.1904099173204253,0.2204452863363368,0.7121212121212122,True,5
-0.77984463827161865,0.62110074664592019,-0.077950001121793538,-0.62031435817715475,-0.78348578626559984,-0.03687980150486303,-0.083978790169136744,0.019592989451684834,0.99627490060026769,-3.4436794033300582,28.85648140976938,-7.703758867795802,,0.1749692080772777,0.2142857142857143,False,1
0.76178021483889335,0.63752976321096411,-0.11509433218095841,-0.60428289130952784,0.76330401647828838,0.22849325088218558,0.23352321415783517,-0.1045121019226197,0.96671822626922133,1.8285404229828077,15.358800002300024,-4.1380530422590294,0.695888231192968,0.2905351396705775,0.6923076923076923,True,7
-0.50675652638333613,-0.82781862129358075,-0.24065359587483692,0.84256468928363115,-0.53466470961354906,0.0649491544689908,-0.18243510446257988,-0.16985281432303009,0.96843557045694739,-0.5559690615208166,14.717570014914866,-4.6797440709070903,,0.1380959750808818,0.5151515151515151,False,5
-0.96498959620788916,0.1851660395545062,-0.18576495096286005,-0.19977381984315512,-0.97780778664947698,0.063105889367991524,-0.16995734793120709,0.098007500546384796,0.98056566823484137,-3.452677715889406,4.9336839661127971,-3.8991109403840181,,0.07294268591472146,0.2532188841201717,False,5
0.55262757709609167,-0.80820464999593211,-0.20348956916229505,0.83328549231087923,0.5403304992020771,0.11695400778190353,0.015428847562883694,-0.23419691577172258,0.97206674426496775,-7.6758876652809001,8.4283810345327463,-5.4443805049005931,0.2479575400722777,0.2246164172655668,0.8413461538461539,True,5
0.52580478429366684,-0.81964310377040861,-0.22740824799356069,0.85050545442438485,0.51070157198170563,0.12579497752209459,0.013030763916978647,-0.25955555632084831,0.9656402603323424,3.4464532980671403,13.781465518998449,-3.5612612745507355,,0.07950732556765687,0.4242424242424243,False,5
-0.91052310668058301,0.38368088629251984,-0.15406702987507145,-0.39115123084647063,-0.92010267013523805,0.020292634557797729,-0.13397158955551278,0.078740421028793875,0.98785199260222056,-19.118156032488443,-4.8750694307973328,-6.403044352683998,,0.3138950664108303,0.5405405405405406,False,1
0.92130506342786522,-0.25231227867313505,-0.29586397910686535,0.3498280178072426,0.87002212597991879,0.3473929450383787,0.16975670254582875,-0.42355638861449463,0.8898216942762267,-10.018214857790786,-8.9252633780626169,-3.5757459684643229,,0.3144015428726724,0.3297872340425532,False,2
0.5394886104483031,0.8419789331134242,0.0048492669280667811,-0.81963270415650025,0.52383464418467618,0.23194718327459152,0.19275442789638392,-0.12910748136763528,0.97271629408643312,-11.615630317657972,24.056676223670063,-9.0145217239034707,,0.5141064690241404,0.4230769230769231,False,1
0.9773328934344756,-0.056969671500864065,-0.20389917101371238,0.11696658782672983,0.94807663509278406,0.29575244939529255,0.17646312006526294,-0.31289798740200742,0.93325002905791843,-17.28942772328536,17.974965294682015,-9.6075651458229885,,0.09972731923501485,0.44,False,1
0.88520554436443877,0.45721903385711632,-0.085801511089396709,-0.41081071384900614,0.85484157930702898,0.31698648500328119,0.21827895366555286,-0.24535001399354101,0.94454098324002966,5.8226453833530227,3.1673558008391502,-1.5911736287167924,,0.4002181416040787,0.2105263157894737,False,4
-0.58370399203878942,0.80810662943292888,0.079077968768363399,-0.8115903615764759,-0.57769587539296341,-0.087112344418693144,-0.02471304663825355,-0.11502674045849856,0.99305494022503482,7.0873849236411139,-5.4298001741222066,-0.25116109359658656,1.26605515423513,0.4900672913331166,0.5209580838323353,True,2
-0.81941549015833637,0.55459085755699977,-0.14486971803232745,-0.5642875197551821,-0.82488109626263995,0.033923031661262495,-0.100686888605813,0.10954523149246473,0.98886904730613567,0.28200515620378397,-16.398591755683452,-0.35843256368914672,,0.1790325735579139,0.6071428571428571,True,5
0.97822032851401819,0.10058753690472638,-0.18156854436098382,-0.066968725183747302,0.98090191268279125,0.18261058989693257,0.19646928189717075,-0.1664739772897923,0.96627441038047179,-6.8215319217468604,-1.540697421725544,-3.8268582301395706,,0.1574610954175889,0.6296296296296297,False,1
0.10464233260240216,-0.96675955648370238,-0.23329368224399538,0.9909948668902393,0.081657463090700613,0.10611895456885567,-0.083541343206368385,-0.24229737652113553,0.9665985854046395,-6.675439881814933,-14.831349875143371,-2.0892175960347399,,0.3371878119465712,0.8476190476190476,True,5
0.81124174043987385,-0.53642883069755021,-0.23266058575646756,0.57661712035801349,0.79992897751847625,0.16621169464353475,0.096951199467131391,-0.26899394142378508,0.95824982358421584,-11.821423119194161,-15.259802475527149,-3.1710510972283688,,0.07293122630487571,0.2,False,2
0.36117906830209706,0.92124117270832806,-0.14444508412339047,-0.91011253322121699,0.38199037196426955,0.16055694503900453,0.20308829974690326,0.073471473604272058,0.97640006404768775,-15.757588761238267,17.559080518210447,-9.1913366321402652,,0.09067320639230102,0.35,False,2
-0.6646941619694352,-0.70946150365806115,-0.23419232666975506,0.71595043308327977,-0.69445531108363134,0.071741189532939675,-0.21353371727110149,-0.1199841478487043,0.9695396618258616,-8.747346733222999,-13.681688791855908,-2.6692929602473172,,0.1868321959135259,0.4883720930232558,True,5
0.90728133646208453,-0.34972261069722771,-0.23352659821675489,0.39889371777198673,0.89152491932732991,0.21463252349175982,0.1331329351799059,-0.28788437572315984,0.9483660726664942,-5.3998488655502319,-8.979066002411507,-2.5786888707382145,,0.07991942262894604,0.2666666666666667,False,5
0.32411029342737602,-0.90022641286582405,-0.29076609718663771,0.94523706671976282,0.2956699576506408,0.13822504780930492,-0.038463039316162267,-0.31964305361073819,0.94675705061275583,-23.487053468764241,16.46411594067558,-10.925970630019872,0.1230534413568847,0.2142606992775318,0.5263157894736842,True,5
0.6697278422208397,0.72214989210841418,-0.17310156175501495,-0.71351857850897737,0.69036910317934697,0.11950623204617392,0.20580538252618147,0.043474529360895214,0.97762677429584677,-3.1091704703825269,-6.3432894480271056,-2.380083637763208,0.2669842142965043,0.2223016539752887,0.5094339622641509,True,3
0.65989449498647934,-0.71074384504718691,-0.24368512924280145,0.74986419603626508,0.64342581055928061,0.1539704965537857,0.047359719059830302,-0.28433503659182446,0.95755451227431487,7.3945954862860086,-18.449060404537757,1.4248680974499668,,0.2148338507341706,0.375,True,5
-0.3220988180130045,0.94504589566159258,-0.056041114619573923,-0.94587396375996369,-0.31877002109006197,0.060894321042740875,0.039683700881349357,0.072621820050314145,0.99656975427560524,-14.276018498540505,-6.7564674146296015,-4.9096231379677642,,0.1420171785699994,0.2666666666666667,False,1
0.88217621435839644,-0.4183495454985719,-0.21621467249339923,0.46066042893526454,0.8619374059527164,0.21179206177919196,0.097760401152346271,-0.28643946306443413,0.95309775887150838,1.990990956178486,28.958167484355968,-6.2875744101629598,,0.5002366310374802,0.5,True,5
-0.71875141686075683,-0.64998728998826139,-0.2468054367601536,0.66347202409077644,-0.74733425570243373,0.036005326030703499,-0.20784916167630429,-0.13786962358476568,0.96839593807649382,-10.631697623212618,15.61359966543805,-7.5232302256059143,0.3057747682075603,0.2363734429794533,0.775,True,5
-0.80648658749279678,-0.49620512113245308,-0.32149628606898956,0.55533807322928863,-0.8223503353037781,-0.12385293879334182,-0.20292611615119222,-0.27842486201432104,0.93877611153890239,-11.661765652194195,-12.634776679135406,-3.4731930855002298,,0.2073144850240699,0.1904761904761905,False,2
0.92143202063096885,-0.33083238145315408,-0.20374731099567034,0.36259078699833136,0.92060402740018299,0.14496946546944123,0.1396100015753256,-0.20745640534001236,0.96823080272398909,-6.1356741490159523,23.374143449008351,-7.5142338288963231,0.5586464538922582,0.364190309094286,0.9411764705882353,True,5
0.60111954044509086,-0.76837279587715801,-0.21967827532781084,0.79890262487509289,0.58474083612826311,0.14082879865888787,0.020245840628847961,-0.26015649351868647,0.9653541862017756,1.5285506218956897,20.68980839359984,-5.1320112107780913,0.1970829585305691,0.2110464669136514,0.6140350877192983,True,5
-0.7246126270991301,0.67077657129503099,-0.15809912096586085,-0.68580286688707692,-0.72445939787828673,0.06951984317656959,-0.067904111937066441,0.15879978661040789,0.98497292315805618,13.808856190731158,0.39175808489295449,0.5756652154832993,,0.1086760646032892,0.4,False,5
0.50924108628570297,-0.83089520614717327,-0.22424690062563613,0.86058734470362264,0.49403128967569426,0.12378411431737962,0.0079333583383759121,-0.25602000160732941,0.96663892979874255,-21.460341590381031,10.85364722776966,-9.4576700531050335,0.3590208704997205,0.2809421116634024,0.8767123287671232,True,5
0.93087828741806822,0.34445028532714372,-0.12173584086724398,-0.28275474996442407,0.89030027622438412,0.35695261524093364,0.23133388291852469,-0.29785805191875425,0.92615615072243851,-25.117380081072966,12.246381285511724,-10.702013540059584,,0.5272912957000042,0.2830188679245283,False,3
0.43612656180145853,-0.85997926633127475,-0.26500808208724896,0.89954863728274714,0.40857509221111477,0.15452716003160274,-0.024614452136744749,-0.30578105812002571,0.95178362732346178,-9.8873299091014371,-12.98332074667899,-3.0478066186857791,,0.10717762332964,0.2,False,4
0.51673017548657263,0.8551124797441636,-0.042101932585147661,-0.8367107881777347,0.51480684665158905,0.18678588701409454,0.18139730617793309,-0.061290762978083335,0.98149806911932069,-14.425630672989959,14.192872535725657,-8.0308676973745641,,0.2090088584851003,0.2258064516129032,False,5
0.98766280457453537,-0.053119343955475351,-0.14731096278859565,0.099520564142468945,0.93922182629377104,0.32856965521203801,0.12090426697485847,-0.33917649728590088,0.93292093015225008,6.3467010465993008,-6.6896209074644917,-0.23419845762961125,,0.7156338390831717,0.2368421052631579,False,2
0.98179462507955995,0.13009482821971288,-0.13840032454936829,-0.097585813257404314,0.97058816603349507,0.22008094194324995,0.16296110951935153,-0.20256837765609056,0.96561365418991574,-3.1844795790088121,-11.812618216827261,-1.7416867834039367,,0.1799790536935263,0.3333333333333333,False,3
0.87002484133532354,0.460529419781808,-0.17598133132488189,-0.44389173110857455,0.88705912040549773,0.12683157319397617,0.21451551578587383,-0.032229961539805091,0.97618867185921832,-5.9064121290802998,12.00722803680504,-5.5303396583298845,0.244547500125106,0.2289666581947205,0.8333333333333334,True,5
-0.048952929594676439,0.99869433988057077,0.014602266077886367,-0.99400950673243871,-0.050143204078147097,0.097112098166554583,0.097717507180811236,-0.0097608695969169934,0.99516632490005419,-11.807786381117225,-8.3869426499700186,-4.0530498558922705,,0.5611516411858002,0.1666666666666667,False,1
-0.32341365764682201,-0.88250639535686848,-0.34144702107608371,0.93288473323499366,-0.35781216029287716,0.041188984493667882,-0.15852343847071781,-0.30520963304059029,0.93899808272149821,3.7112999957058883,11.630652173495415,-3.2146362597108489,0.2412527657972659,0.4058288353923288,0.5138888888888888,True,5
-0.98122080993435645,0.015201240462473717,-0.1922879206818989,0.01934991293768815,-0.98410360282071108,-0.17653804061618084,-0.19191483272814036,-0.17694355372179707,0.96532879153956253,-23.618609196563188,18.670482682707636,-11.309594202638529,,0.4511741437808179,0.1428571428571428,False,1
0.92387397340934774,-0.29204282645460727,-0.24732138761786981,0.35612579921151799,0.89268049940297223,0.27621719917778098,0.14011172824850174,-0.34326740815589329,0.92872826494360228,-8.0719280776243032,-12.546970233243753,-2.7343089086265815,,0.09541741989326305,0.4,False,5
-0.91904760603025526,0.36020798480243754,-0.16000532970693007,-0.36920312449176673,-0.92887934356677482,0.029533336426385948,-0.13798750202671775,0.086217009803890035,0.98667425045194246,-21.074659428606438,-11.119010722149401,-5.8301016233406111,,0.3253269284871303,0.2666666666666667,False,1
0.82548796163332394,-0.5174645657675272,-0.22538866070298366,0.55283255734711356,0.82177641261769252,0.13805684047611066,0.11377956202899689,-0.2385664495276329,0.96443779499990023,-22.052350730110447,14.24160153130245,-10.128844797711134,0.3716467037932168,0.2269986447358947,0.4285714285714285,True,5
0.84808111898121818,-0.48413504793545664,-0.2153408251774338,0.51871482172950645,0.84151702632717162,0.1509437912588675,0.10813579123348213,-0.23971305713708518,0.96480272641214149,-13.070020886724778,19.319361498124376,-8.7766740788595499,,0.07416271107895542,0.4117647058823529,False,1
-0.75706309940328087,-0.61308393061040889,-0.2257953886800812,0.61762407947225906,-0.78428124615338601,0.058680690078900623,-0.21306327693420596,-0.095031683976360332,0.97240578929923838,-20.858762661585722,8.9536936461769532,-8.8602548003873363,,0.0738602725521719,0.1714285714285714,False,1
0.28050952246661787,-0.90362372522993362,-0.32369518224269012,0.95970796992802854,0.2582114833240835,0.11084873628598348,-0.016583734868026292,-0.34174697230722451,0.93964567080185757,4.8385948070204581,-10.229000349949487,-0.14766512693593858,,0.4916800285935627,0.15,False,5
-0.089177807011641921,-0.96545583413069846,-0.24483127063263746,0.9882889444616173,-0.11632996613687679,0.098753740352127251,-0.12382358818713264,-0.23315739602592606,0.96452337850716374,-8.5454512572392058,-19.173717204503287,-1.9514794228245322,,0.1791080164509136,0.1666666666666667,False,1
0.92484868452616986,-0.29534533353028025,-0.23963731907217783,0.35330359233422431,0.9004294540585992,0.2537781903699865,0.14082429610669284,-0.31937115121065712,0.93710756341011048,-16.420828031397775,-4.3957679937528455,-5.8706373079515313,,0.2297718232137577,0.125,False,1
0.59358208879626628,0.79902826408780203,-0.095990296640311029,-0.78093903042230384,0.60070376749596843,0.17114091994383207,0.19440816501200009,-0.026623615550540575,0.98055935489478852,3.6997854333792786,17.767429108573133,-4.0655706331263382,,0.1979450907480749,0.8,False,4
0.96585200777321156,0.2147722726563685,-0.14492332448047995,-0.15964155945027317,0.93386454018248999,0.32001811368425903,0.20406977134485366,-0.28595435210495573,0.93626152165700705,-15.53704902698208,-14.393322695853811,-4.1384718651737016,,0.2780649804395111,0.3703703703703703,False,1
0.89343084189049449,-0.37272112925870232,-0.25071954563408105,0.43369099085316343,0.8611217837743067,0.26529492637846896,0.11701903781711637,-0.34575747759589176,0.93099855610783988,-2.2544245519913937,-11.427945760821549,-1.5776220320206149,,0.1525406858621446,0.2,False,2
-0.25943460937938195,0.95046653133055592,-0.17119303804952821,-0.96406195350808899,-0.2443678658290093,0.10425399727751905,0.057255857816761166,0.19208778974894525,0.97970610275481629,-12.295752994232526,-4.2478506844282844,-4.7898286132022045,,0.1002881860639156,0.5232558139534884,False,3
-0.059877113083147283,-0.96096200971043544,-0.27012357768641937,0.99126756090490808,-0.089092782555512798,0.097216761899129187,-0.11748767606206126,-0.26194368095031267,0.9579050861039099,-18.124310337115144,16.785603459068675,-9.6274252151252568,,0.1044978048790393,0.3333333333333333,False,5
-0.6257803725469131,-0.73682421876943105,-0.25590817878657957,0.75220329880903358,-0.65688089260604643,0.051939293313354812,-0.20637132212556517,-0.15999238595602261,0.96530477769471601,-1.9503867384750144,-20.772530410988004,-0.29858834204679724,,0.2510218963354704,0.8727272727272727,True,5
0.51490119749596652,-0.80317186799529594,-0.2996526443703883,0.85719910696451651,0.48618267031415863,0.16981196101991475,0.0092977328663850362,-0.3442983612321453,0.93881424713113737,-13.831985990586913,18.833314755445908,-8.952872203777579,,0.07548749114255199,0.2105263157894737,False,2
0.9400284989945461,0.28710313762865902,-0.1841689698126131,-0.26592098171508743,0.95499148157069813,0.13144314973054425,0.21361753804812955,-0.074585913490292505,0.97406595718517652,-0.41766261937416416,11.611303871012726,-4.2946420936747574,,0.1080124692277799,0.5625,False,5
-0.57566082028418764,0.80938968234317765,-0.11620224656238824,-0.81659770278527188,-0.57639634692941755,0.030585013523601171,-0.04222335604322279,0.11249708157473323,0.99275454914173777,7.7047094905359863,7.2762320947235981,-1.7811282012927636,0.4738862823564958,0.1727130918964036,0.2558139534883721,True,5
-0.80045143793566353,0.59929650768043485,-0.011008696051917066,-0.59245422890214183,-0.79383303157290708,-0.13721189685933405,-0.090969677160565074,-0.10330931161227744,0.99048054194491908,-12.876251453298474,10.31741476991724,-7.063777381061664,,0.3021993394061185,0.231638418079096,False,1
-0.11387161458102649,-0.94220397729234096,-0.3150950976565719,0.98518077577091723,-0.14803577032377813,0.086627072881745995,-0.12826571811721124,-0.30056126809544187,0.94509831746582673,17.21576806261216,-10.809852998027003,2.6105438446893636,,0.2065855642307204,0.1612903225806452,False,1
0.4369507818860553,0.8991226931553602,-0.025542060649345028,-0.88428346106484623,0.43459137537159004,0.17080133764055955,0.1646717179613415,-0.052045356235495666,0.98497436829492102,-3.7199445541956462,10.528923700915684,-4.9274036474471128,,0.5877829410425212,0.2727272727272727,False,3
0.93472777047877331,-0.29098000228467991,-0.20399665037982687,0.3247364589864748,0.93255134397752026,0.15777903235425794,0.14432680728370337,-0.21372559303024066,0.96617345419089451,0.41953351448686105,-20.317816987890684,0.13034247164288867,,0.1835870132363252,0.3888888888888889,False,3
-0.94685450349884936,-0.21798621876138669,-0.23653447451494244,0.23711975757172357,-0.96990226896309062,-0.055351686779853262,-0.2173494186168303,-0.10849699115810002,0.97004517066813167,-10.007185670282835,-7.1133609525156203,-3.8607710984004475,,0.4249482151526332,0.3085106382978723,False,3
0.93261822842314812,-0.26887092121683337,-0.24068998262678101,0.3252909601018602,0.91513556722583889,0.23814425223853675,0.15623389929486731,-0.30039194616742521,0.94093339157927003,7.1944156817355021,-8.4226422620103563,0.14135042976886961,,0.2140391590670778,0.1666666666666667,False,5
-0.21070346166939541,-0.90433362606898449,-0.37119367451702934,0.96666470130594906,-0.2492604121540429,0.058554266982645937,-0.14547648088131607,-0.34648223575490478,0.92670742622289859,-8.6004752553638237,-8.8922351642039388,-3.312966527398082,,0.1671155245927006,0.3246753246753247,False,5
0.16914742073736164,0.98028132369062093,-0.10216494741966707,-0.97100812219449317,0.18351252610976726,0.15318739958997113,0.16891529442363554,0.073291740217962809,0.9829017978036263,1.9183965176410347,-13.448614802712708,-0.40673920701000327,,0.2115210604772299,0.5641025641025641,True,5
0.94633885454352829,-0.26395898919070682,-0.18646293038205758,0.29702779821121472,0.93775229711901942,0.17998643376043827,0.12734700416987291,-0.22571282921762123,0.9658345920785486,-1.7627722431958801,-9.128948996394973,-1.76377442279173,,0.1832984675866152,0.2666666666666667,False,2
0.9512738098871143,-0.22662103581839552,-0.20909577888482575,0.26123329522252403,0.95257771194693752,0.15605405527931268,0.1638148469768112,-0.20307291504908939,0.96536318921089448,-17.667809081944448,19.54057294393634,-9.9997642621534411,,0.149471773773929,0.2758620689655172,False,5
0.89335001914252044,0.430250263369718,-0.12965513552631541,-0.39167584006863498,0.88698126202648842,0.24465133786764304,0.22026297828865385,-0.16777649324081978,0.96090336075550598,5.6102411199051803,15.955639040302724,-3.3494209390064262,0.4401192946826871,0.2276204421895255,0.5849056603773585,True,5
0.67472922986565653,-0.70320868728374486,-0.22413836907939205,0.73632382063323598,0.66219648419187971,0.13900736488397578,0.050672453394042291,-0.25883075252485965,0.96459263112178228,-4.8604840928839286,16.157610350469213,-6.0103954372080564,,0.1103387346154905,0.25,False,5
-0.46661690931871047,-0.85444755438034348,-0.22844701081718088,0.86469485002154933,-0.49500850340426006,0.085260764151429788,-0.18593406434557788,-0.15775283950194177,0.9698157378311667,19.420301334019289,-3.734327328623595,2.2349232894986297,,0.3978762972573482,0.898876404494382,True,5
-0.24527359538322324,0.96945265074158549,0.0015560777296529105,-0.96438619712014928,-0.24415504838588059,0.10172303157016557,0.098995586830542548,0.023449313802372279,0.99481154168529573,-7.8932046523990209,-10.545301473981214,-2.9313177176439713,,0.3196357378535135,0.1875,False,4
0.94585371447816047,0.30597530763729763,-0.10835064339507791,-0.27568847248494821,0.93346876323447137,0.22941650813405273,0.17133772773905406,-0.1871234330108526,0.9672787622352983,-26.109941781982624,28.571737379462327,-13.375350530924038,,0.4575452121770593,0.9024390243902439,True,4
-0.8624690555167347,-0.42887626369363041,-0.26872342420463446,0.46691232180721898,-0.87913390041460138,-0.095480201541480972,-0.19529467995996264,-0.20781899716340074,0.95847339681252219,-0.89203101306884314,-19.78392284544465,-0.18965371746507789,,0.2630793783881259,0.45,False,2
0.77104290263937025,-0.5920473472243607,-0.2344627495660068,0.62934407831376737,0.76461658477747096,0.13887947787427501,0.097050880371326809,-0.25463977876175137,0.96215368299004955,6.5350166905514868,9.48425367025059,-2.2893740852749138,,0.1217383476167123,0.3333333333333333,False,5
0.32581405399741409,-0.91871162807255824,-0.22319083014774452,0.94463607802439509,0.30664179567969352,0.1167625335328995,-0.038831460344140881,-0.24887698484713733,0.9677563557533162,-4.7889492434339243,-13.167313380649814,-1.8927896216286106,,0.7727002223481432,0.2826086956521739,False,1
0.97915943054397747,-0.051328672406173323,-0.19649981416228701,0.095752470231439804,0.96992565502555173,0.22377597763797474,0.17910408711520465,-0.23792770143947894,0.95462669922140542,-10.806945438725789,16.566305157505916,-7.7430863923553304,,0.1363016467957057,0.2727272727272727,False,1
-0.80363442620155467,-0.50382401890193373,-0.31675395341053419,0.55610873148062523,-0.82528629360028971,-0.09821207851637459,-0.2119310920905865,-0.25507624658717398,0.94340941305050152,2.8037464875425329,19.276678905957805,-4.6005086773970802,,0.5005373443345192,0.3684210526315789,False,2
0.28351548075889488,-0.92137179449392703,-0.26588153091385569,0.95716678877920658,0.25490505859464552,0.13731405449175341,-0.05874274957947314,-0.29342363131469684,0.95417601204282143,23.803435820494492,-2.1285621600003024,2.9413950171110703,,0.4238557508360708,0.125,False,2
0.54249557284827177,-0.79461514727987415,-0.27255333634613577,0.83993560348553986,0.51862691089534207,0.15979458467838278,0.014378297444676169,-0.31561510579903984,0.94877835638997032,-15.130963602611711,23.226033756022083,-9.8835113554403691,,0.08252264869117246,0.6111111111111112,False,1
-0.88978730450311783,0.41726482201231097,-0.18484756167207261,-0.43460013431902761,-0.89833609302806217,0.064148166091945319,-0.13928846325148184,0.13741299892699779,0.98067139844645723,-24.821191885572826,22.362348529770863,-12.102118054165981,,0.1626295017467109,0.3529411764705883,True,3
0.97869847265477616,-0.083497726157927707,-0.18755646976221735,0.11323727016918333,0.98157561152226291,0.15390464420974351,0.17125016866514686,-0.17186462286099505,0.97012160636747369,-0.7593965749673165,16.386655191353224,-4.9282440778603505,,0.09937913581566382,0.2916666666666667,False,3
0.8765621736962127,-0.35617646371019096,-0.32369288275134173,0.46626811269232055,0.79516457532066642,0.38769491258133087,0.1193013106856429,-0.49076636483565944,0.8630849161088846,-38.54431609188498,14.769644311101743,-14.539501991470605,,0.5276955231898596,0.1176470588235294,False,1
-0.50369731776812465,-0.82087289113586648,-0.26917783837352061,0.84158586479564812,-0.53660112575752861,0.061582984759707526,-0.19499293384468633,-0.19551707964778256,0.96111956972930535,-7.8799252361104379,-3.9301247996559812,-3.7763130966914877,,0.2574086336860118,0.2891566265060241,False,3
0.05077419249328799,0.98283153085538144,-0.1773814063906434,-0.99234602733574384,0.069667432817510602,0.10195984913477238,0.11256706182370772,0.17084680494842652,0.97884627282903458,-4.383107423527731,6.4354138552839437,-4.2726723645111111,0.4864962277996167,0.3972871221274036,0.982442748091603,True,5
0.5628043279064453,-0.8021628989877464,-0.19946421227215114,0.82632839289238524,0.55207193844352909,0.11134613546545942,0.02080085550314284,-0.22748902890201014,0.97355845543015973,0.86815564905655918,-8.5648739346204223,-1.20222353501846,,0.07106613236285929,0.3333333333333333,False,3
-0.98736293223607152,0.077095438263768148,-0.13845841774735984,-0.078026411590833622,-0.99695044409576128,0.0013004274372944435,-0.1379359240388186,0.012087407339018278,0.99036739417419029,8.5041220614167798,-5.5688085171453849,0.093467404120165964,,0.2247410048864886,0.2650602409638554,False,5
0.95715911224793448,-0.18575539781282444,-0.22212916518130857,0.23742122219244724,0.94260228988736405,0.23480222816604968,0.16576367845034795,-0.27748127014718732,0.94632264456902493,-12.75312917238451,17.925299429319455,-8.4771453472392686,,0.09647688028945962,0.4583333333333333,False,3
0.98193703056927373,0.06800946236453552,-0.17656268299299333,0.0090412465769321194,0.91523548840334656,0.40281789511815691,0.18899186188069733,-0.39713815454571266,0.89808872743559875,-18.009087911274065,-7.9906563328981219,-5.5504990337694684,,0.3743726291668013,0.2941176470588235,False,1
-0.62613075707876409,-0.68837502389747474,-0.36619680707800534,0.75300865813587003,-0.6557166607689604,-0.054896462203147825,-0.20233199404046603,-0.31012172975165131,0.92891672227571287,-1.9314527917151971,25.667570833573635,-6.8683595498007435,,0.3657834284841211,0.2105263157894737,False,1
0.29783312742171986,0.95456500983696957,-0.010053367850803463,-0.94443415013379772,0.29617370165005424,0.14256673704604322,0.13906676192120304,-0.032966353238576968,0.98973413363534191,-16.245079081893053,10.743939635415387,-8.0113501403250709,,0.2381148828713939,0.2446808510638298,False,5
-0.82852194210452268,0.54014426810796345,-0.14763319776210237,-0.55163549867944572,-0.83261416525173626,0.04951695082327677,-0.096175194556760532,0.1224655929323339,0.98780185791468444,17.966733776312786,2.0658443464020553,1.1852694057649764,,0.3401810574627261,0.7,True,5
0.80266158668372667,0.58823417842163406,-0.098564337358843415,-0.55623326200174228,0.7979117074369757,0.23225302016962368,0.21526480321981062,-0.13159581479528804,0.96764849300926481,1.4484365008153046,-7.5204386862116994,-1.2286093740351427,,0.1054514827903356,0.25,False,1
-0.053408617686796722,0.99806865287677082,-0.031725127289473881,-0.99145849102287553,-0.04921571057687716,0.12078027326950096,0.11898562995348572,0.037904854269088017,0.99217218358882209,-3.5929730392736756,-14.881062334675541,-1.4210082630861327,,0.1244814772548271,0.2941176470588235,False,5
0.93432552154081872,0.30800810820612734,-0.1793511223181008,-0.28499476492521164,0.94779840066041332,0.14302508755735172,0.21404159353430149,-0.082517858581323711,0.97333293340585791,13.87430824298777,-12.166278114174965,2.0389607332987172,,0.2838661908032798,0.84,True,5
-0.98672553539793884,0.022683185560627053,-0.16080482233588,-0.021439216724589521,-0.99972533061966562,-0.009466958520947602,-0.16097539495179955,-0.0058937602787539917,0.98694082183780896,6.4900746891573098,-12.23254691463389,0.43501967742207109,,0.4162582837354483,0.3653846153846154,True,5
0.49153448715766423,-0.83600913425751799,-0.24389049873385166,0.87082799042944525,0.47417773615244668,0.12966913904994407,0.0072428598816475648,-0.27612352666032547,0.96109486472741013,-7.3218680764774993,-9.0325737293578765,-2.9657868135329259,,0.1555711418478883,0.3098591549295774,True,5
0.78267762269260788,-0.55781850267805599,-0.27614173354685023,0.61092611960524856,0.77336613147317623,0.16933429385180007,0.11910086196296718,-0.30123636028910206,0.94608225853751904,16.300706966864603,-0.54245153705755578,1.1595680397508112,,0.5097505410996012,0.8153846153846154,True,5
0.29593367390869463,-0.91436554364713873,-0.27633116588212503,0.95397132663598772,0.26819446169129979,0.13420297565436784,-0.048600088510983908,-0.30332718854231622,0.95164628307356836,-20.1365380440824,19.791996036967223,-10.588888925143388,0.2514677430339919,0.1422278325347634,0.5476190476190477,True,5
-0.9776692622867047,-0.085739907009814598,-0.19186318543618155,0.10992821349299862,-0.98676725696245526,-0.11918963237223609,-0.1791050012088104,-0.13761921716366304,0.97415725096580386,-6.1213605065556322,-16.354497281431907,-1.7759598661479714,,0.3060115092973333,0.3157894736842105,False,5
0.98457047157986655,0.037053914326297004,-0.17102044885363246,-0.004861949877772713,0.98273902638069477,0.18493341361611471,0.1749209762618095,-0.18124848540449209,0.96775598091780979,-14.241477535790976,-21.063647947288626,-3.0435934185940972,,0.2552774166176452,0.7368421052631579,False,5
-0.33129329399599344,-0.90243361425037849,-0.27542390096773367,0.92946861036316852,-0.36234705287382357,0.069229441881439369,-0.16227401425627397,-0.23306262065087605,0.95882686609862011,20.492880508245378,5.0369533291155868,1.3588145284133224,,0.1979274193150063,0.1,True,3
-0.92999386734956246,0.32628480332773024,-0.16926202707514859,-0.3384396321467108,-0.93976580682934319,0.04794625852756608,-0.14342252990587981,0.10187470457271303,0.98440414590940195,-0.87953784177031058,-7.8366770303838909,-1.6740806556430261,0.6691509384726764,0.4342144398726057,0.5849056603773585,True,1
-0.8569459864364497,-0.4159321876997234,-0.30437475513876366,0.4527136838677161,-0.88971677166674756,-0.058774030437109354,-0.24636131345928053,-0.18816078616497842,0.95073740947771468,-17.024664708675839,14.667212501875447,-8.8616205704355799,0.749776643331433,0.4854876781730074,0.3382352941176471,True,5
0.72073292527000876,0.6754178431363812,-0.15606020506437049,-0.66020005124126002,0.73743519010138803,0.14256659055040088,0.21137630608176516,0.00027851952705701399,0.97740471640671944,12.811352992914635,-9.7163019149950216,1.5004671795797939,,0.3088664688873506,0.7093023255813954,True,5
-0.98362304463812411,0.10985029977755675,-0.14289372867837391,-0.088214243526626601,-0.98477071149438911,-0.14981619746162489,-0.15717491306138154,-0.13475740210324796,0.97833352660661288,-1.9529989968691859,17.037180786071037,-5.3150929230361079,,0.3203960877284274,0.1818181818181818,False,2
-0.76049395229312922,0.62899059335320973,-0.16130648467669018,-0.64403537891056739,-0.76233458638898433,0.063752718425618929,-0.082869652087455586,0.15237063978441384,0.98484303769412462,-11.150452733893037,-5.457597386664891,-4.4026304870416268,,0.0727788472469721,0.360655737704918,False,4
0.30857101669374781,-0.92031383148975654,-0.24042957227685446,0.9502391931167018,0.28688335925654584,0.12142246104654253,-0.042771526995260739,-0.26593305501634051,0.96304216248727659,-18.561648677149755,-3.8504594141582906,-6.4791469756634132,,0.1526086078565189,0.4210526315789473,False,1
-0.88048240501060127,-0.38669916707487351,-0.27425260007946589,0.42276732449087301,-0.90223089699018266,-0.085130475501550396,-0.2145192854024488,-0.19090092377956228,0.9578822023038811,1.1799428013437985,10.74277693939676,-3.7572032435265537,0.4502277165519787,0.3853899587931421,0.797945205479452,True,5
0.97007114672310579,0.16092991038997739,-0.18183380938975921,-0.10440776355620221,0.95252159912811751,0.2860098286835695,0.21922816699619058,-0.2584650211078599,0.94081605197785745,12.462994835381638,3.9828162740655255,-0.21656056752944849,,0.6008690546480616,0.3333333333333333,True,5
0.97768987085454484,-0.077501987426416702,-0.19523308729152275,0.11331476304518417,0.97720333279308458,0.17953665601793362,0.17686797591547648,-0.19765396106084898,0.96418391957785698,1.3877041985343757,-3.8024496636900409,-1.7073498509244396,0.3002874556020885,0.195685403736797,0.6734006734006734,True,5
0.97144361878669216,-0.12666511541153427,-0.20063211122947666,0.1573422238246269,0.97682000312882122,0.14514167592159324,0.1775970723872875,-0.1725648574455137,0.96885532968254484,3.6185989780304726,-6.5453210936222979,-0.85240823924966502,,0.09529430846743699,0.4057971014492754,False,5
0.87529684979296141,0.47855018967054219,-0.069607044965333958,-0.43818795625779511,0.84575527688418117,0.3044492184473111,0.20456475682075481,-0.23598247305435638,0.94998185913101296,-17.089733908543401,12.157946499962222,-8.5547534203794999,,0.3878276956582754,0.3137254901960784,False,3
0.55122082404670913,-0.80054985894540087,-0.23510747857047334,0.83432726492300413,0.53133708660427115,0.14689763580461052,0.0073224410797176898,-0.27712961541737768,0.96080464097299734,1.7957366469930802,-9.5520948837024555,-0.89677811127798679,0.1084028691940332,0.1274586121328814,0.4318181818181818,True,5
0.94619995954920955,0.28566187896014533,-0.15199647186047893,-0.25183479868567316,0.94505822631664127,0.20843268227941164,0.20318678775949128,-0.15894099464959618,0.9661536572925532,-14.675757067408478,17.322614767795002,-8.8573066496073114,,0.07279023012330775,0.25,False,3
0.93251716000264084,-0.2884420978994412,-0.21728530198791363,0.33112022918329714,0.92307159194203214,0.19569933565345515,0.14412196267817912,-0.25444054769036339,0.95628911295947439,4.2440650870995658,-8.1647792335701173,-0.52164487221587064,,0.08857661144865181,0.2666666666666667,False,4
0.96439196449816089,0.19422126166512457,-0.17951668537655113,-0.16113668149532551,0.96972249197362892,0.18350274776451636,0.20972150268403672,-0.14804185245281465,0.96648874863305445,-10.90847415593176,-16.25527050592288,-2.8929540007605015,,0.12962043594209,0.3636363636363636,False,4
-0.6010921295385051,-0.75886711794842987,-0.25061713649211831,0.77538688274587875,-0.62972838901778427,0.04708861997017276,-0.19355473094836567,-0.16602064137242153,0.96694038738993426,-3.1847896406659344,-3.1472077336927535,-2.7684512121146345,0.390107543728142,0.3904392109819125,0.9098101265822784,True,5
-0.96990984644570966,0.16219003279269156,-0.18157445588619117,-0.16522471637265065,-0.98625463228328492,0.00161040347132832,-0.17881745683024872,0.031562534157905928,0.98337588112089369,12.461850638266192,0.86521841852964743,0.16372662255109666,,0.1434847964100369,0.3235294117647059,False,5
0.66161005022958896,-0.70170868195787583,-0.26434270767347029,0.74835489888733764,0.64013882648864473,0.17374472116603601,0.047297851394368415,-0.31277341397037189,0.94864941088201538,14.532549901102362,-9.62945572316087,1.9083299866208021,,0.7130662533937766,0.65625,False,1
-0.20503935014985572,0.97099355505102147,-0.12300561344713452,-0.97655030631986162,-0.19452754406052508,0.092241714144776332,0.065638130051906968,0.13903435061581529,0.98810985484010305,-11.859576601005804,-11.190340850373767,-3.7590295924294317,,0.3929629045390644,0.6891891891891891,False,1
0.58719900294768834,-0.71624069012641201,-0.37708965080532464,0.80835050796985208,0.54307753224391686,0.22723611120757048,0.042033167881123726,-0.43825342871345374,0.89786811114928178,-11.102782912768728,19.908172975373866,-8.3129896062645816,0.4020597947847047,0.3014065231228069,0.375,True,3
0.96677562796749805,-0.13054450890092795,-0.21977947211662857,0.19576764543465505,0.93096902369847034,0.30817479766341438,0.16437735296876976,-0.34096159330594816,0.92559455363633614,-3.3108627702430171,-10.884372059957451,-1.8697404446246051,,0.1379488990310924,0.36,False,3
