axis_00,axis_01,axis_02,axis_10,axis_11,axis_12,axis_20,axis_21,axis_22,location_x,location_y,location_z,dbh,dbh_approximation,score,reconstructed,number_clusters
-0.90096319673011538,0.1776968215872182,-0.39583981322708289,-0.14143717538802505,-0.9827396876259481,-0.11924022720169403,-0.41019610377977567,-0.051444591189501607,0.91054522703775509,9.1578349187825765,26.129920746248001,2.15298550107849,0.444244085710206,0.3594064300645563,0.4,True,5
0.57671233769603392,-0.68718741391065741,-0.44178766133965108,0.78526202140640244,0.61544198150324547,0.067784401893719468,0.22531408585773399,-0.38601117285143594,0.89455516160153725,-11.966310415849648,-1.8314525108221194,-6.3516002099919824,0.330843199436154,0.2230033050182403,0.7881773399014779,True,4
0.38246160284937092,0.86566747671425925,-0.32302158148498239,-0.90168997325903144,0.42599926978698177,0.074025767575128909,0.20168865726663643,0.2629533074523448,0.94349204746508342,-20.493347074849439,-17.788546946624123,-8.5384483529968307,0.2498761437814874,0.1587754156260086,0.6046511627906976,True,4
0.21232127408522636,-0.87279022319040178,-0.43949619210418134,0.97536048528915975,0.21686109434222117,0.040536273844424743,0.059929961682969102,-0.43727393252278768,0.89732931949688088,13.339254525753105,-30.484473658919097,7.1494935888113265,0.5522945632243064,0.4744017676404885,0.7407407407407407,True,5
-0.92025530443733272,0.0057477814059876016,-0.39127629325562358,0.015135785093281768,-0.9986210718116062,-0.050267911667862167,-0.39102568031340562,-0.052181586242150496,0.91889934127340123,-16.605696616200518,-14.720975226354712,-7.2995486840198369,,0.07774445283353874,0.3478260869565217,False,1
0.91114140390980902,0.15225022118337928,-0.38293760879662414,-0.13327926119966915,0.98817811188140692,0.075767128311491849,0.38994612527288253,-0.017996926073965344,0.92066178916937558,-6.7568167975891029,-7.8257939523855464,-4.0075649300187601,0.2340402653592586,0.2127196041775407,0.7450424929178471,True,3
0.92045892623640835,0.0061768722948130246,-0.39079049548367073,0.02755849179497338,0.99636068842120806,0.08065920963413746,0.38986650874588552,-0.08501308615425579,0.91693886412389802,0.20796106888919855,-5.7927386794081697,-0.87271766935857475,,0.08900236457183458,0.45,False,5
-0.64933511564404067,0.70658792011027738,-0.28124263322933762,-0.72086415304501272,-0.68969029306436103,-0.068426402122949231,-0.24231958329081865,0.15830606686740473,0.95719402878765192,-2.1445633275757583,-4.7470133624752595,-2.0025489853866598,0.5426303482852795,0.8521690328592951,0.8539325842696629,True,3
-0.77979234777444495,0.49852342757689072,-0.37867966212804233,-0.54150194803679752,-0.84065777699325117,0.0083750972005788467,-0.31416482079439323,0.21158661143312968,0.92548990877128046,-0.51122757824633025,-9.0951885976589821,-0.77700452140131404,,0.09107942165595402,0.3823529411764706,False,5
0.71924610666217126,-0.50229069900599677,-0.4799886370981884,0.62312005942121407,0.77192056140340504,0.12593664450649453,0.30725629301645191,-0.38966998931752467,0.86818826865321608,3.8269221194490135,-9.6600903408989733,1.3598414692102883,0.136810373188826,0.2021350923337427,0.2586206896551724,True,5
-0.28732415996559407,-0.826468599405074,-0.48414303805536724,0.94551208656765096,-0.32554208596082129,-0.0054078112729581684,-0.15313954830334495,-0.45931688894018713,0.87497215628827596,-12.301526637926901,23.003599278129784,-7.5754803366467955,,0.09053602176317131,0.1428571428571428,False,1
0.78712140310757317,-0.38767617334840188,-0.47973647077109494,0.52936993832610646,0.82378188327099489,0.2028567898570508,0.31655546933607071,-0.4136309870070583,0.85364046379080871,12.069799165337125,11.493635687960142,3.8429958251105303,,0.3463833874890592,0.2,False,1
0.85672010475633487,-0.26352086489018417,-0.44338179470274225,0.37677740135600196,0.90680220274324086,0.18907288258083316,0.35223493854771643,-0.3290387801878929,0.87616438480387371,-14.542217444946438,-26.970517348356584,-5.7267476482252855,,0.3153219839714276,0.4285714285714285,False,4
-0.19547617609179793,-0.78996256939090181,-0.58116108226708807,0.97274789648038928,-0.23152954654139798,-0.012473931670190376,-0.12470202273221678,-0.56776157675529548,0.8136929380834238,-4.4979928139721999,-14.270880934423683,-2.4214015080210789,0.4998151621883624,0.3367590439880535,0.2982456140350877,True,3
-0.40014513983494504,-0.80872595441682371,-0.43109882593097881,0.89647355860112132,-0.4430963755449317,-0.00087218575173364857,-0.19031296801719266,-0.38681769948069961,0.90230429544192281,3.9045874625253445,-16.515181111890712,1.7975354341848808,0.3508243265303552,0.3642199002794398,0.4806201550387597,True,5
0.45229366326168269,-0.76148834883937777,-0.46429078900534626,0.87603225512794392,0.47698409948643217,0.071089076605114113,0.16732582032901575,-0.43888684580310294,0.88282524116170713,11.322932575084835,20.712452891395539,3.1692175512233107,0.2213239896035009,0.184321445540494,0.5238095238095238,True,5
-0.71141777362526093,0.61846753103680319,-0.33374041472875055,-0.63968709746650654,-0.7665270179768775,-0.056892425210675168,-0.29100716263513765,0.17301515472558229,0.94094664435892961,2.3222112551434511,30.063436898633611,-1.199928318542995,0.3950171217998538,0.3653398771652171,0.6875,True,5
0.82731814701631678,-0.39283051356874205,-0.40153315084412106,0.44909138560423645,0.89192978386584121,0.052708519511574944,0.33743386165818678,-0.22393179377291053,0.91432649570276137,10.667904454701661,-18.45713429515013,5.0037632332362527,0.451818574494469,0.3998117998178455,0.9148936170212766,True,5
0.6183833882076688,-0.62990127163308673,-0.46992166707210314,0.74819008059961845,0.65483188434723016,0.10680265228257588,0.240444564257836,-0.41763571595024851,0.87622304254201355,7.39412684080615,11.804819636240893,1.7079411652685339,0.2841490866112659,0.2483947133470775,0.5934065934065934,True,5
0.84007372378961809,0.44286701871720086,-0.31328093196168788,-0.39782981251827526,0.89556869665947525,0.19921884909647253,0.36879205369682122,-0.042726025981686844,0.92852943293893142,-16.177015864745364,-1.8276497536785048,-7.9675701075410013,,0.714627946978951,0.4310344827586207,False,2
0.13431562024961968,-0.8963594821395181,-0.422491411670738,0.9905723063231423,0.13304257281542922,0.032652408246568204,0.026941048654595637,-0.4228940205266849,0.90577857520487026,10.516591748564521,-12.174398347366562,4.6976313655011719,0.1134886532720279,0.09182265360859468,0.574468085106383,True,5
-0.21190361858933013,-0.8455695578074125,-0.49000916250425919,0.9695979558407456,-0.24468591333688891,0.0029339127357479074,-0.12237916676541044,-0.47449017558203493,0.87171234522515206,-12.836193417150319,-15.23847166302326,-5.8280794531798685,0.6426940289248589,0.5670701200868395,0.9357798165137615,True,5
-0.3864431985799201,-0.73571238954174178,-0.55622741225698547,0.89937029951175607,-0.43426747885925532,-0.050446220486395757,-0.20443756657585269,-0.51974901315924416,0.82949758570627397,0.87674246858206017,12.237725626293859,-1.3087143748880326,,0.3265402745863055,0.140625,False,3
0.11813388210016959,-0.83266544646404972,-0.54102924150619414,0.99284589741452878,0.10857034240649832,0.049694111692178328,0.017361160303453534,-0.54302922114243568,0.83953430847009314,-9.0096080317258807,14.797629699210111,-5.7187204786465395,,0.128927427539468,0.4444444444444444,False,1
-0.85652084409820195,0.39616762365762259,-0.33079186445675551,-0.38862553349919371,-0.9168171364492389,-0.091741664610391654,-0.33962072719104064,0.049975516790632807,0.93923384169424973,15.770877382888603,1.2771309091790211,6.0094913683503908,,0.14619081704399,0.375,False,5
0.69596145616601335,0.64548401492790042,-0.31462364501709317,-0.63785059110834297,0.75695309321505722,0.14201633038103686,0.32982461241396333,0.10184498585947427,0.93853253747606635,-9.0987249239530499,-12.096098221217808,-4.6057713528684161,0.6441039666861289,0.6454315407251527,0.9444444444444444,True,5
0.78514272854295986,0.53875257081382655,-0.305444861239484,-0.4997414092044164,0.84244643992446577,0.20135173151720412,0.36579969893713493,-0.0054464024901998698,0.93067766544460218,12.253521140581034,13.224059850217957,3.8485466956109029,,0.3132221249272901,0.3,False,7
0.7622354137384294,-0.47113837871556474,-0.44387588596844713,0.55939497724805698,0.82448110758892579,0.085487792453563347,0.32569070215873658,-0.31346376398270742,0.89200114080484361,15.627715555362203,5.0204236762413625,5.6969653556859061,0.1988834279166279,0.1514301496266837,0.2631578947368421,True,5
0.65467458149189606,-0.63613916722925745,-0.40832358769152483,0.71146485521596992,0.70104383860884545,0.048531393356205724,0.25538001515570974,-0.32228015183290848,0.91154624215868929,8.9966977528072771,-5.3909226439693114,3.332163153110081,0.1680368550192779,0.1853721643889916,0.7857142857142857,True,5
-0.88443034366899898,0.31852452889089178,-0.34106464444789775,-0.26126612277733441,-0.94353367747588601,-0.20367673543566175,-0.38668201443360967,-0.091029247847409775,0.91770948330607294,-7.0919684921980854,-14.132288424730437,-3.622339504797047,0.8254252127911401,0.4291449905043551,0.2244897959183673,True,5
-0.27698802591380489,-0.8002633542706501,-0.53184226732355677,0.95011337505015825,-0.31070719477978692,-0.027305927248002015,-0.1433952860144673,-0.51287386648528299,0.84640308897431693,-4.2663215027194754,10.343845674511142,-3.5590041178049616,0.3794598795111153,0.1431200529193137,0.256198347107438,True,5
-0.91959690319713694,0.034994466271578997,-0.39130157546399136,-0.037780315886861045,-0.999285900903915,-0.00057964311339795196,-0.39104243166403746,0.014250459116015676,0.92026232186983403,10.854344779982698,10.933906589478115,3.4130621059997979,,0.09110001595674015,0.4615384615384616,False,5
-0.45826361862574966,-0.77491935977505855,-0.43530959292191967,0.86041997440879259,-0.50958379895968864,0.0013488796035815154,-0.2228719890035683,-0.37393092635355218,0.90027981141085689,-9.1051093030132453,21.038509790154261,-6.2244227273036952,,0.4925534633262317,0.7209302325581395,False,1
0.54413822192145322,-0.70567111724424969,-0.45380818605597073,0.82820873447142351,0.53824115498993452,0.15609853048745578,0.13410401779738435,-0.460787080290184,0.87732056800706837,3.8662095067398075,22.501265532978564,-0.35742958558682736,,0.237335568733805,0.2,False,2
0.2750101315734485,-0.84992811823947678,-0.44943477987117958,0.95798694895060577,0.28183006900018398,0.053224222377228216,0.081427471852340033,-0.44518985391993449,0.89172616917666103,19.284543707046065,-11.116723846110702,8.6156867653809304,0.1852599925425108,0.1665708885961873,0.4285714285714285,True,5
-0.47279832663105892,-0.74085698280607426,-0.47706673889755891,0.84205297383491107,-0.53938583591168698,0.0031159707370233339,-0.25963153042466536,-0.40024224045611639,0.87886154618575463,1.9872797576933152,-11.549987295858791,0.68803478447942612,0.1648671951456644,0.1236032680849282,0.3958333333333333,True,5
-0.29276067768081232,-0.84983367184961978,-0.43826238236296844,0.94396767256050029,-0.3299108956557909,0.0091560956911944935,-0.15236869351866184,-0.41102497627052681,0.89880045066590231,-3.3081229650054347,-8.6003616058264658,-2.1940698944247408,,0.1066861733113967,0.5142857142857142,False,5
0.058468122612267442,0.99101567460724971,-0.1202888661553323,-0.99661994951056598,0.064910443066979323,0.050351868072654835,0.057707494103924478,0.1169383045181816,0.99146118333531297,-29.244226066913981,-18.883900350838019,-11.92029713119623,,0.3635440833792954,0.2,False,1
-0.60298403523384825,0.73977144247638438,-0.29857740394998949,-0.76367336989504508,-0.64349667460892446,-0.052105795075038056,-0.23067994573922357,0.1965966496755881,0.95296197194331056,-3.7892760522443458,-14.815772900171833,-2.0328398796257261,,0.09498842419477416,0.3055555555555556,False,1
0.68709190301030487,-0.57142840965244612,-0.44874746735748183,0.70457950316118978,0.67482752161010184,0.21948927035893767,0.17740473652867586,-0.46698756805684244,0.86628527099192165,-20.336322025918729,-13.507008236522069,-8.7768585294225172,,0.2214477982006645,0.6111111111111112,False,2
0.72945893532362993,0.58197014898652821,-0.35944458177181526,-0.60152218947738367,0.79595772189266922,0.067987943973675136,0.32566964433740458,0.16661947859728501,0.93068643060330369,-8.3014273981191327,19.24353769242601,-5.681774627682195,0.3474929323255234,0.3400780285388272,0.8676470588235294,True,5
-0.87310069339831953,0.3402364077119937,-0.34919101657203716,-0.33626884098144016,-0.9388551326011314,-0.073988557044398662,-0.35301337902744367,0.052822597964804124,0.93412596975561935,-5.7479644982333662,6.3945056600764891,-4.1005492048185399,,0.131354829065473,0.4945454545454546,False,5
-0.92163865170308645,0.019795261062519762,-0.38754398889207869,-0.018969356224002851,-0.99980232150457204,-0.0059566297950594815,-0.38758529282128829,0.0018615997247517849,0.92183196691973168,2.8774748466666726,-12.78600454577491,1.1462110803369423,0.3198936956723524,0.2482013510623996,0.5909090909090909,True,5
0.8589455292130671,0.35393196202385629,-0.37006046006406768,-0.33972057820656598,0.93460752707946448,0.10535036340424409,0.38314815226995719,0.035226929817305491,0.92301492773831473,-6.996224471824422,10.365140722863227,-4.8435034036776319,0.3462356073586963,0.3550743426381088,0.8571428571428571,True,5
0.54632234740819863,-0.69831332650592814,-0.46248285454340821,0.80081036514603599,0.59729074018328776,0.044119505504617809,0.24542748785958596,-0.39446453543445964,0.88552982924766988,5.7471536087719999,21.800154816952823,0.61130857036923791,0.4875142800589982,0.4025788431298085,0.3571428571428572,True,5
-0.41487487776568821,-0.7743985088838099,-0.47768795802012692,0.88967497296749365,-0.45528037224446466,-0.034615388546606202,-0.19067584606917584,-0.4393480762305384,0.87784736124130969,24.395728477751305,4.9008794047857602,9.7693223152139783,,0.1668533790115779,0.2,False,5
0.55733176310548793,0.75658416821347574,-0.34199664068883906,-0.79036843577357796,0.60962440962735231,0.060628499233687502,0.25436006283722212,0.23651316156870536,0.93774329261169287,-7.114783888744963,-3.4551901274770103,-4.3266743787091704,0.2901330220901765,0.2966790823450884,0.6596491228070176,True,5
-0.86688948241814212,0.36261526090055657,-0.34207133442430665,-0.35876644658806478,-0.93025244653453398,-0.076922184830427842,-0.34610585385887055,0.056040684136923757,0.93652025052642984,-22.550849392100872,-5.1337369406440736,-10.088526722214995,0.3180273877110851,0.3530003392587788,0.391304347826087,True,4
-0.18971654571179583,0.93265587540418382,-0.30685607433655165,-0.98089704251246412,-0.19372630793907517,0.017638299311313166,-0.042995630865064756,0.30434049301128141,0.95159247582153828,-3.3667068689231314,-23.527274452330115,-0.88536181003735703,,0.1766229903317257,0.6578947368421053,False,4
-0.75142651335350674,0.54280811862328426,-0.37512336822176584,-0.58858132499415583,-0.80838485470487331,0.0092709520495143395,-0.29821170147651127,0.22775704827827159,0.9269285344955418,4.3256047564632567,2.3715600235839145,0.72627011710168354,0.1711259466466122,0.130053801327288,0.5329341317365269,True,5
-0.88459091255416245,0.29870218831392198,-0.35815627891057589,-0.28739943087149333,-0.95396264079841742,-0.085772064774338422,-0.36728801309236536,0.02706072167156455,0.92971352188794076,7.8128414902028238,15.05097228100299,1.8072343831127267,,0.1260681700894281,0.4210526315789473,False,5
-0.6327260648618146,-0.61685218111921358,-0.4681357853154936,0.72293151431730085,-0.68720013025523308,-0.071596135259435548,-0.27753874045145349,-0.38373085310626498,0.88075131559536202,10.214107676750013,11.613523471677814,2.9867498986561922,,0.2115534059414442,0.3529411764705883,False,4
0.011990306642177703,-0.89381552232292882,-0.44827451924151934,0.99946014619841617,-0.0030010842057606878,0.03271711562209044,-0.03058837536819909,-0.44842480478691027,0.89329700869540285,3.876265448760714,-12.604469322592276,1.6390824759861384,0.250111550279363,0.2346422006536446,0.4705882352941176,True,5
0.68512944679150845,0.6758373679626275,-0.27173791271095932,-0.65627802177307804,0.7345813373347484,0.17230617219678279,0.31606454922495858,0.060283587358749502,0.94682051615835983,-8.2776695391263644,9.1295150831350664,-5.2086652275911129,,0.1200943724191901,0.4615384615384616,False,3
0.90574781413908134,-0.14462909379105138,-0.39837585570846989,0.19442913983859564,0.9770195525103349,0.087350464189543606,0.37658758179724949,-0.15657336696157545,0.91305343435880892,1.0238433819265067,-9.0540478697180173,0.024139277369311003,,0.0769933277068402,0.1923076923076923,False,5
0.54221408748467004,-0.69292019254108084,-0.47525308005524669,0.8159435850071739,0.56925230101173041,0.10093504782032625,0.20059897661455758,-0.44250810677509894,0.87404040296745455,7.8337281737660938,7.3202085084039101,2.1155957267826357,,0.3305093566787333,0.1304347826086956,False,5
0.67936799891792288,0.63547139041229395,-0.36692674202587477,-0.66212205341934782,0.7464152230628629,0.066773506391103993,0.31631235894603188,0.19758650446698606,0.92785023836312841,-1.0114920446430529,-8.2927775201479008,-1.0037743307940117,,0.07836997972611602,0.3076923076923077,False,5
-0.1099119332370755,-0.81675450015250006,-0.56641985612505563,0.99307928695554115,-0.1139691127633778,-0.028364963525495269,-0.041387156848022855,-0.5656174748154168,0.8236285421423114,1.7765412445767519,24.717810724760103,-1.5333191524925056,0.2995648059338802,0.3144649298861081,0.2916666666666667,True,5
-0.76987805477679061,-0.46757139625721844,-0.43435558034308724,0.54071207312579528,-0.839422418710847,-0.054776426879050655,-0.33899592143432872,-0.27703247529433517,0.89907439785769894,5.117216639494254,-21.945115400708794,2.815780875343759,0.3138145901191984,0.3084487113409457,0.5606060606060606,True,5
-0.66413703401772151,0.65099694283279963,-0.36759349894753562,-0.69661796595178616,-0.71734512968672304,-0.011805694724749766,-0.27137687734834565,0.24823163645491844,0.92991163295421431,-17.441541676317204,-11.485980173054763,-7.6335429707995175,0.1083895487962181,0.1227085746563279,0.4210526315789473,True,4
-0.011162490521628259,-0.89332262037369503,-0.44927730271407135,0.99928959111784443,-0.026140063373031465,0.027147931235864318,-0.035995998234357625,-0.44865509360256972,0.89297978425918656,-12.771877217136751,-11.288293609262871,-6.0201278545192478,0.417808956621454,0.3586934909228366,0.671875,True,4
0.91262099953874887,0.15904564676359434,-0.3765997788720083,-0.12057903228862059,0.98495817444563538,0.12376627798015867,0.39061951842328013,-0.067541667422947774,0.91807108384290881,-16.75517557463435,2.5049427502049499,-8.4103310074724789,0.4275750416189526,0.4439365447152744,0.8918918918918919,True,5
-0.88273296564768988,-0.25428163041153073,-0.3951244915138632,0.2752829826764574,-0.96135619869940625,0.0036794933050477742,-0.38079100673149902,-0.10552303851520915,0.91862021398123506,-17.674814524959352,-6.4860303591860147,-8.1235784702531557,,0.09421379611477172,0.4210526315789473,False,3
-0.69749107901362306,0.6822772137759362,-0.21909814754707146,-0.65317873955809247,-0.73107242417962981,-0.1972071114169614,-0.29472653237486868,0.0055600509229328243,0.95556546450152802,-0.84211377335246573,-13.74611990238073,-0.63367806891826661,,0.4446791214001748,0.3235294117647059,False,4
0.34757460898956383,0.92553503552126926,-0.15025574600791905,-0.92493883711263392,0.36473004879507481,0.10705203924574413,0.15388319851914267,0.10176880429968072,0.98283420355873508,18.53877682028843,8.2362319074448358,6.9509776989649898,,0.3464123800676338,0.4545454545454545,False,3
-0.01807759915689762,-0.77130558501727109,-0.63620821664757465,0.99844387585718952,-0.04749996404737903,0.029216094516041041,-0.052754404290021796,-0.63469004083620417,0.77096402308495693,13.139505650483562,19.136941740953755,4.0389386067097481,,0.3102502721528039,0.3870967741935484,False,5
-0.90296821380957593,0.29677622575047846,-0.31076080299620357,-0.22469071854742978,-0.94254043057211856,-0.24724808944775498,-0.36628197587130051,-0.15343209757487633,0.91776691244868358,-10.253324485246887,6.2465613456663247,-6.0531387282525939,,0.2346477692648657,0.1428571428571428,False,3
0.7828534716948492,-0.47768125047325,-0.39869921595312391,0.53666695708794721,0.84263601641094898,0.044194128762223728,0.31484761238619391,-0.24856622214894919,0.91601627397187313,7.1333580885391878,3.7288188516365626,1.9511776806938759,0.6879192627242272,0.6682430203201005,0.967741935483871,True,5
0.63180572205389984,-0.58416046784113151,-0.50948805421872279,0.73577688847517864,0.65874283395658195,0.15713131163659022,0.24383170418494507,-0.47414599705415728,0.84600926325412296,3.3923584025698243,25.936474744998012,-0.71544322358995793,,0.2401549141226998,0.4444444444444444,False,1
-0.8017702310144369,-0.30203441441365164,-0.51569342556295961,0.47220688912620035,-0.8490648542830409,-0.23687449648089046,-0.36631291339620198,-0.43343290799283074,0.82337765560407672,21.377346044072834,4.872942686612987,8.3446363551137797,,0.2055218001711732,0.2222222222222222,False,5
-0.79539339360369044,0.4818746126457375,-0.36762237023761951,-0.50854032510710412,-0.86059040200202386,-0.027765044965853577,-0.32975155367574194,0.16486666633833386,0.92956059252687717,-6.1955990518875037,16.464957605168049,-4.6490321211182115,,0.2260963720225011,0.6301369863013698,False,3
0.74658252240075995,0.56286751064405138,-0.35467548929562426,-0.57254154710100313,0.81509913673350642,0.088371794931898007,0.33883729736986079,0.13708961579078272,0.93080380486621728,-6.2136748345838688,-7.4118953214009666,-3.7803359054155505,,0.3924332842926163,0.6086956521739131,False,5
0.74654249294441222,0.5703733261819921,-0.34256178276105775,-0.57469206903504677,0.81223999680016423,0.099976064066792755,0.33526606153406036,0.12223115960409268,0.93416069902628618,13.538576301685337,0.71163168885071681,5.051784741262586,0.4280384181022635,0.4366758837275034,0.7670454545454546,True,5
-0.87193623465603354,-0.27906054429972527,-0.40230885561841601,0.31774140170944148,-0.94766037678811965,-0.031308336038796403,-0.37251524040444006,-0.15512905234333069,0.91496850917694561,-0.34865447603749045,-10.603608477971941,-0.56421395119931805,,0.09272623779976132,0.2763157894736842,False,5
-0.80097333894990974,-0.37939201761756863,-0.46314512548390746,0.47965926963903283,-0.86959342646448712,-0.11719324937513689,-0.35828577328828376,-0.31602052088088195,0.87850004840147489,-6.6467296416539714,-5.8704435049147676,-3.998452422128596,0.849923183444284,0.5284005903107711,0.6114605171208944,True,5
0.50480666156086262,-0.68722186890843862,-0.52239480983042819,0.8440484078507533,0.51981891271521141,0.13179750827759784,0.18097657209811666,-0.5074587676625244,0.84245657423635001,-1.2424643670505546,5.5648230453122807,-2.00095496862426,0.2427281358807687,0.2133804225145373,0.4558011049723757,True,5
0.10841862501803588,0.93089487732133147,-0.3488267895762891,-0.99112035143654453,0.128391875478679,0.034582875521948581,0.076979547397329456,0.34197990246207394,0.93654892856408278,11.518632848343172,-11.601444126987969,5.0394616107684254,0.2811854589188848,0.08917559102657428,0.2173913043478261,True,5
-0.54102946937365692,-0.71851172817640685,-0.43706751165262031,0.80148498178435057,-0.59794499154874692,-0.0091439081310655639,-0.25477232432781949,-0.3552501703795834,0.89938222086156372,-10.299682332588354,-19.246331906622199,-4.5931543931079766,0.3302034056150125,0.330056021230647,0.6944444444444444,True,5
0.42626602798734659,0.82429223036162291,-0.37261185213215053,-0.87907263872959707,0.47462405537574137,0.044309162660429315,0.21337424685484857,0.30866539330502546,0.92692885690056059,10.893577395459994,-13.345893325541685,4.9475199551582172,0.2678803390371173,0.2382793982181242,0.796875,True,5
0.79768029725111123,0.48852854126580114,-0.35361844938589654,-0.48613423542072443,0.86786789854035551,0.10236608732902455,0.35690285587157328,0.090250623553825543,0.92977157217182071,11.550498918762083,28.853648991057515,3.2494281685550734,,0.3901775617339827,0.6153846153846154,False,5
0.50871936485398939,-0.69383509861783355,-0.50970330953264842,0.83926867473968669,0.53164256696103329,0.11394855240753717,0.19191847077142837,-0.48574585630869199,0.85277093269863036,2.7631529724853889,-22.440867282381745,1.7251063373999327,0.5387863080063201,0.4690411486193284,0.7685185185185185,True,5
-0.81161340961425699,-0.39946304703774888,-0.42627801654042452,0.45921322102021134,-0.88729232987337481,-0.042843190685592066,-0.36111894297386815,-0.23052460909672223,0.90357706568186014,13.814399376128554,26.338561342136856,4.3271717301839674,,0.2334034582197603,0.6,False,4
0.6380838381480658,-0.59358107774594948,-0.4904187186845444,0.72937268697846613,0.67005773211224251,0.13797869084177869,0.24670731441131938,-0.44573999122645003,0.86049483510210512,10.729239166897036,25.504125385104423,2.8040916607711517,,0.09442773659049042,0.1818181818181818,False,1
0.50058435638501675,0.82304879335632675,-0.26833931112919968,-0.83317676458745726,0.54220522761619117,0.10876566598541804,0.23501442741707518,0.16912768815415535,0.95716458564107754,22.223385495555561,5.5167887850584423,8.6010437222626859,0.3683144584607921,0.1774599739832625,0.2258064516129032,True,5
-0.51709673917608245,0.78657307636141183,-0.33751112259718075,-0.83455996710327729,-0.55089218419881325,-0.0052404863552470947,-0.19005426499303077,0.27896343296569798,0.94130695281929866,-11.928086415371904,-5.7447805640195773,-6.1106553944248603,0.172602313818067,0.1204134032436883,0.4519230769230769,True,5
-0.15113093204462075,-0.8286955367878972,-0.53890922119327545,0.98144672912964881,-0.19086348868335484,0.018260519388340363,-0.11799050495712485,-0.526150963123168,0.84216590096282384,-8.6348704123788682,3.1602775576218058,-5.2050693624123632,0.5460146244319125,0.1871662655508179,0.4236111111111111,True,4
-0.64579442110506258,-0.58769919224799105,-0.48740047712393242,0.70326530583908087,-0.70640795609294393,-0.080035674368712867,-0.29726667366632675,-0.3944584376073722,0.86950276924671688,-17.772117528938374,-12.904703112419993,-7.7870090295513537,,0.07819781939172082,0.3478260869565217,False,1
0.80491397115033703,0.54356525142167733,-0.23801326957521243,-0.47640011726203313,0.83109330167144957,0.28692656236321157,0.35377454306339673,-0.11756164920473638,0.92791315936166519,-16.629348304991595,-5.5780927221975354,-7.8053116245746716,,0.2681703304568139,0.2916666666666667,False,2
0.87053831303959162,-0.25306241129747842,-0.42204556805929072,0.33954495057384315,0.92966665288357708,0.14293054626655055,0.35619134193574936,-0.26772995817531148,0.89523650362653184,-13.449064728697113,5.8131271622135126,-7.2165896949266042,0.3539681150047143,0.2889939235583065,0.684931506849315,True,6
-0.79058781417503798,-0.45489998970444212,-0.40992305063857498,0.49879465521796251,-0.86672017559573278,-0.0001707082237035612,-0.35521092326099851,-0.20460238655060273,0.91212009264891669,-12.666813939192455,2.6854510008850796,-6.8769525288232956,0.5922308886196702,0.5549079086621925,0.8387096774193549,True,5
0.90898730862605026,0.17908526379220047,-0.37639147313568161,-0.15901580606398319,0.98369493567532185,0.08401337362912456,0.38529994313338817,-0.016514896887452224,0.9226435996646839,28.162287865099778,5.9926764009428162,11.277236546139683,0.3474515467371505,0.2284766280845828,0.375,True,4
0.2748116775225114,-0.85473689266321506,-0.44034462210602199,0.95773274118261409,0.28383214693637815,0.046768673621588763,0.085009048718943464,-0.43458503964807416,0.89660989563465265,-12.465056441487633,18.74413720998788,-7.4751822607628,,0.1179587086817853,0.4736842105263158,False,1
0.81649153583405643,0.51033845292124547,-0.2699930283938709,-0.44207054737958995,0.85339551044950446,0.27620596279613441,0.37136936202499715,-0.10616386491918839,0.92239581023255246,-2.2699360544544049,-20.312958218522297,-0.73545391355145906,,0.4343415136821747,0.1481481481481481,False,2
-0.86895985312912627,0.31306020530764705,-0.38327807333911157,-0.34215466617411117,-0.93960736205601436,0.0082576985547201144,-0.35754574261916483,0.13831598975849435,0.92359608537067694,-0.13629383172440523,-4.0036332300352884,-1.0998333155240869,0.3762817924969776,0.352684758165817,0.9744168547780286,True,5
-0.90688574896468932,0.18700520828408937,-0.37760732302138794,-0.18467037370599393,-0.9818706163900468,-0.042742785883907286,-0.37875465858526813,0.030970062067315063,0.92497879103009883,-7.2600456090733898,8.5421274210860574,-4.7681608034408525,0.3093483361006023,0.27507826939424,0.6196319018404908,True,5
-0.42025713166581891,0.84537132544936155,-0.329744242394023,-0.89668162746925173,-0.44260173558960142,0.0081094150323374123,-0.13908990704976676,0.29908364341946564,0.94403547178897107,-5.6906096644755708,15.052570611554172,-4.44065312121917,0.3268729054809032,0.3174126622227763,0.9042553191489362,True,5
0.65407825886974524,0.69734303380441121,-0.29307733532018965,-0.69329521446426856,0.70762122404516792,0.13643294646735013,0.30252830755958532,0.11395128996759368,0.94630424633933385,-9.8152478404284018,-6.6841806697318749,-5.2751238215946659,0.21152132932025,0.248871658905722,0.1791044776119403,True,4
-0.22215497546395485,-0.84236393637831741,-0.49098896684735671,0.96523108279664049,-0.26115311390296414,0.011314057716390123,-0.1377538517785763,-0.47140433789689556,0.87109231803073239,23.948959062066507,-8.1500383496905702,10.262209366335448,0.2382045395855735,0.1544485273698037,0.6521739130434783,True,5
0.26003101287090002,0.95372349248999766,-0.15098136381028676,-0.95512068915328729,0.27701906534601733,0.10490427344091965,0.14187438633059232,0.11692705977445622,0.98295458755520204,18.706230140228758,-3.074687026910865,7.6804310753867675,,0.3638122852528977,0.1851851851851852,False,1
-0.69309602152321748,0.68152995752032408,-0.23480805342030642,-0.66776482363590617,-0.72972421539347843,-0.14694458065161892,-0.27149225635954266,0.054949854146466498,0.96087068238451701,3.6055379084270456,-6.6684537280359004,0.91168921251532187,,0.1113712357893699,0.2,False,3
-0.83800067513811216,0.42786837005593026,-0.33864956278393366,-0.42553724915054258,-0.90091565084760539,-0.085258663156445008,-0.34157417650264044,0.072661186086635299,0.93704185284491215,-21.230052320817816,15.226512743890135,-10.612697116858257,,0.13615569667932,0.4,False,1
-0.47872326644154906,-0.75024164339618671,-0.45602797138083706,0.8470094265006527,-0.53136686442935765,-0.014976207982892155,-0.23108237835578815,-0.39342944971201721,0.8898394251283378,9.3576999780369725,13.032336604014793,2.5913575105899751,0.3342431813394782,0.3295474855221506,0.5596330275229358,True,5
-0.38796541735412499,-0.79390539686556305,-0.46818485213104999,0.90310729862382078,-0.42889709697703843,-0.021082869279462655,-0.18406532022525462,-0.43100058124369445,0.88337899955679988,-22.927217172017635,-14.181945811934492,-9.6311925318541824,,0.1895943576267379,0.4761904761904762,False,2
0.5933521926747074,-0.68681555452742338,-0.41978276466203956,0.77221093289076281,0.63289257133593613,0.056011322710371986,0.22720794566232777,-0.3573952814559469,0.90589467501521925,3.9645548282340632,-5.1816254027857651,0.81158266443963079,0.6824876103866842,0.5730387526546753,0.9009661835748792,True,5
-0.25288669233766276,0.95682449849313922,-0.14330108137019784,-0.96522743159406854,-0.25964781387706987,-0.030315310441679375,-0.066214244214015713,0.13065179613082303,0.9892147299908931,-0.81965417538141194,-15.301666347427439,-0.52688206054250963,,0.3572160319953906,0.3023255813953488,False,5
-0.80721237566144377,0.50908326689836803,-0.2987346781729433,-0.49266392016477695,-0.85983435402005948,-0.13404158091719287,-0.32510066494376977,0.038975774668262519,0.94487588954429702,12.612460089969245,-0.27076705043785704,4.7410329670796845,,0.2896530743855835,0.25,False,5
-0.38947515304545904,-0.73725021679587421,-0.55206088703570799,0.90985906127603566,-0.40107343308036603,-0.10628541711363987,-0.14305800842353261,-0.54369312954236004,0.82700192691089125,-0.33593309811329058,8.2453500976029588,-1.7433410333156159,0.4040682955701942,0.525000293020543,0.4181818181818182,True,5
0.77219704802292011,0.51484200546927783,-0.37235658773420593,-0.53336637018572008,0.84371976011895689,0.060475462294392636,0.34529991917114411,0.15190350815298259,0.92611731979874956,-20.206567633641864,-10.960863245680278,-8.7806775381570397,,0.595270284614768,0.85,False,1
0.80199950419932409,-0.38045790302888544,-0.4604873280416093,0.51363011566310812,0.83279274230244538,0.20649540588660611,0.3049276956065809,-0.40212937270390392,0.86331400316502704,-6.7206427845706971,12.512919270141245,-4.695571618326789,0.2502706987832582,0.2227410562216278,0.5681818181818182,True,5
0.035742310866700801,0.94428206943444803,-0.32719086258406616,-0.99819723197068788,0.04952905525336921,0.033899244412909431,0.048215902977809949,0.32538937602556389,0.94435003079881852,13.010979390544136,8.8681081266960575,4.4276245250767179,,0.1443969213879195,0.5555555555555556,False,3
0.44441637233228387,-0.77035138906625344,-0.45722294930012652,0.88039200287591735,0.46990696852625047,0.064010641323141576,0.16554156358795022,-0.43098280510266601,0.88704555262438101,-6.8147396568052301,2.9802481511459518,-4.3732916203348173,0.4491906684118759,0.4094271419277088,0.7557544757033248,True,3
-0.38783439016046456,-0.76746511052410327,-0.51047212454460988,0.9104245117540738,-0.40543603818597512,-0.082151246718588089,-0.14391558013716996,-0.49660741342461623,0.85596108715612484,-15.463089545038047,14.306748175616752,-8.3617211104216942,,0.3235058086488773,0.25,False,2
0.40027797564830658,-0.67587266887754294,-0.61884867106203145,0.9036988541717621,0.40314585937462011,0.14422828099143697,0.15200632611684142,-0.61698423929096258,0.77215576491211557,-9.9283829326510808,20.128280077477321,-6.4851518642580022,,0.4399533089303772,0.2222222222222222,False,4
0.53982893534651899,-0.69852652096196555,-0.46972909221743742,0.8138091952990526,0.57572226899664003,0.079110445758257528,0.21517275433788893,-0.42497596225449563,0.87925884544684185,-0.36374958715233396,-29.390491520603401,0.85273691008595853,0.3689459687958413,0.2647480046169955,0.3333333333333333,True,5
0.50201170678094986,0.80539242196894301,-0.31516232784055764,-0.83922117045469546,0.54170683399442798,0.047555578688372527,0.20902648950678521,0.24061744042927335,0.94784554334856497,26.522097444058975,-10.169128848870232,11.721059411986824,0.2508683488019222,0.2591217779251751,0.2727272727272727,True,5
-0.82934729446308275,-0.35334430662772187,-0.43281735887154499,0.42046510107748947,-0.90483230238570711,-0.066989576318090285,-0.36795674194484029,-0.23754221842265252,0.89898917152776869,13.515782106326391,-6.3281235234760205,5.5562106583148072,0.2590326950647815,0.1859055516667821,0.4285714285714285,True,5
0.91384035753366333,0.13657906781019208,-0.38241595047650356,-0.089388511260881584,0.98629942535234272,0.13864753010495279,0.39611298261646494,-0.092518115986759658,0.91352881904018268,18.971751605149823,-2.0994385404816769,7.6561583287219932,0.4264382720626775,0.4277989750680083,0.6153846153846154,True,5
-0.27835920173633844,0.9229614165694181,-0.26581643728874349,-0.95807845502883426,-0.28636535812020858,0.0089752815134705906,-0.067836780718646877,0.25717135375631694,0.96398188052933476,-11.274359638131456,-2.9156736479895238,-6.0655236253953397,,0.3255303048648779,0.3989637305699482,False,6
-0.91251646791879881,-0.12419077181225424,-0.38973112266494392,0.14278286310799299,-0.98957208992751344,-0.01897716625786176,-0.38331025264097107,-0.072963902261124897,0.92073314222262315,14.707950656331368,-5.9263715276033917,5.9908110871377245,0.2386187338329426,0.1805382192690414,0.5555555555555556,True,5
0.84233656921498412,0.41221204672315509,-0.34720358969837384,-0.37492350275306152,0.91096992996020254,0.17194811366129586,0.38717111365196716,-0.014663398126293026,0.9218912698951458,-12.233437601945447,-8.7416474621992712,-5.8914036803924796,,0.1683440252236579,0.3,False,3
-0.84303984304850454,0.46211151599181211,-0.27520314282453728,-0.41336310507611707,-0.88404088916140211,-0.21818031453948694,-0.34411446699402881,-0.070175872480985724,0.93630154358889572,-19.615089940909563,-3.0302604846377901,-9.2526092136789835,,0.3823349370144963,0.1875,False,1
-0.88142901859680312,0.35190414487764649,-0.31503389975272267,-0.30083146886996071,-0.93248560035372119,-0.19992756806028938,-0.36411991501841517,-0.08144984929938294,0.92778370838040136,-9.8278563921302879,-22.24523489224628,-3.9824023933834334,,0.215428875558231,0.2105263157894737,False,1
0.65211935621329542,0.65760025125383859,-0.37722971092272795,-0.69635243359362953,0.71629522403127399,0.044882516175188944,0.29972259421035696,0.233416069671466,0.92503151564632569,-10.930412109180223,9.739057367736752,-6.3800246092066457,,0.06860113325828268,0.2608695652173913,False,1
0.85268061806605522,-0.3335346518337774,-0.40210744783031693,0.39365694873571061,0.91620945042533497,0.074796053795611397,0.34346756802728889,-0.22206953635613025,0.91253227380514768,-1.9496870550559835,-17.219046541088169,-0.82320552135523684,,0.1120656381617017,0.6470588235294118,True,5
0.39790337671181963,-0.72850695745011462,-0.55762937131046875,0.90678306282587706,0.4046199524981115,0.11843635849074149,0.13934625855563246,-0.55277509620749277,0.82159741555055055,-2.2484201940925987,-12.178171823750425,-1.3438253565148772,,0.4422160433407538,0.1578947368421053,False,2
0.82826189308412335,0.45963037299144149,-0.3205029745391636,-0.42733122362920334,0.88810434535929383,0.16928879781458459,0.36245035767160061,-0.0032545318692231151,0.93199739605110488,11.209916971241432,13.52126212859983,3.4141165068320465,0.3188761632347676,0.1768530182986271,0.4186046511627907,True,5
-0.27548557773301774,0.91320546703605687,-0.30027232878932353,-0.95751303762235052,-0.28838651232165241,0.0014150244426753625,-0.085302281589212631,0.28790448847909889,0.95385246567237225,-9.3577684405476376,5.382455135206401,-5.6221917500554879,,0.08423207862029067,0.4,False,1
0.51971248627878386,0.82665745780847044,-0.21572292195212736,-0.81589061972526666,0.55513815432963431,0.1616914538613865,0.25341947093750888,0.091973240984133925,0.96297429596673501,-0.37277535587813371,9.9964417470461946,-1.8100061823850186,,0.1222216746151766,1.0,False,5
0.59162453016144545,-0.68364447490668212,-0.42732967044287434,0.78393198515952167,0.61156711912661732,0.10694064450442074,0.18823139471166861,-0.39826610542793683,0.89774887987240792,10.34997854635397,-11.250209439588694,4.5033295682812486,0.1794341242418211,0.2007932562502719,0.24,True,5
-0.3513871020710887,-0.82451826508536763,-0.44350505638459015,0.91828682332244538,-0.39582819201719338,0.0083278158464817585,-0.18241824089288725,-0.4043385622779701,0.89623317972753591,-6.1102253877053174,-21.23088066882978,-2.3711231189344684,0.3149203288550561,0.2379623978277573,0.6341463414634146,True,3
-0.65887604872016914,-0.6035259388923826,-0.44904208433839199,0.70362539318756767,-0.70557556356310758,-0.084109631816138536,-0.26607077720888545,-0.37137523502069114,0.88954301544601433,-2.999442805210188,-28.821385319621299,-0.35286119582022191,,0.3534470652195822,0.2857142857142857,False,4
-0.15986350719546541,-0.79969336200943442,-0.57873498755925823,0.98473962965984219,-0.17004550802271587,-0.037045741707991811,-0.068786051235437018,-0.57582553951639348,0.81467381644194981,12.649061388127636,-2.8328966100846182,4.783633033090938,,0.335976552419024,0.1481481481481481,False,5
0.32359865598783188,-0.79415051704053508,-0.51440146396284581,0.94125196620318308,0.32567550280703728,0.089331981899119145,0.09658491580733472,-0.51308909865210905,0.85288389062219705,-22.802101702985841,-2.8802318501737831,-10.446616311909688,,0.2849162832797023,0.3846153846153846,False,2
0.8746864312748831,0.33756069309953607,-0.34781665488842101,-0.30250383015929522,0.94088447859280588,0.15240679342503449,0.37870183480221814,-0.02809228394605072,0.92509228939610622,24.772170437111868,-1.397399305131515,10.273944249789501,0.6112389611076857,0.6319181915639447,0.7850467289719626,True,4
