axis_00,axis_01,axis_02,axis_10,axis_11,axis_12,axis_20,axis_21,axis_22,location_x,location_y,location_z,dbh,dbh_approximation,score,reconstructed,number_clusters
-0.95043736666948309,0.23438841995377901,-0.20428137612114353,-0.24789443991180871,-0.96783793117298234,0.042872901040291386,-0.18766235290858893,0.091388224484180353,0.97797292075314635,13.338230780120179,10.820430215623805,0.15006353723646554,0.3950700367606229,0.2846628752183205,0.7142857142857143,True,5
0.91345259245762556,0.38359997879363522,-0.13585071807673632,-0.31996924643722752,0.88328704435425787,0.34267138574779099,0.25144391554944223,-0.26954601378139731,0.92958103669756675,5.2360519321471832,11.416481341966549,-1.7111052729335579,,0.09331275226292306,0.4,False,5
-0.15933024404135868,0.98014296272630064,-0.11804086560098923,-0.98606862951297714,-0.15221546436238409,0.067075407560020839,0.047775843520760565,0.12708353562540467,0.99074075506603942,-6.5304910780795735,-11.28021034320536,-1.2145022924340549,,0.1565712705051494,0.2413793103448276,False,7
-0.86144853493753459,-0.44138864921956034,-0.25116226228099359,0.44257475321782092,-0.89504496111458609,0.054973679134412194,-0.24906627525251121,-0.063801080896174867,0.96638264295687726,-0.96522385669590838,17.250158355443965,-3.6762899059922991,0.1823788312022724,0.1460833946839546,0.5818181818181818,True,5
-0.5738916064650188,0.7978206268275484,-0.18474488203329867,-0.81825773675756286,-0.56778541479916256,0.089855433768545226,-0.033206930984216843,0.2027362082851514,0.97867018427290864,-4.7641819631634466,-1.4662771157807413,-2.0124395477317361,,0.06856567137976721,0.1413043478260869,False,4
0.16304242045171938,0.97291662863662209,-0.16386092534705254,-0.97359396836796452,0.18555339620821229,0.1329839159940619,0.15978721441580451,0.13785198902426377,0.97747883620633469,2.7301335334540564,10.560633842870422,-2.0410130053512781,0.3360599798346613,0.3086173303347097,0.5523809523809524,True,5
0.97528754346234936,0.021564633687960938,-0.21988445634259726,0.034686622340214163,0.96793891772931739,0.24877919884030722,0.21819955498992852,-0.25025830279713362,0.94327076498919182,-17.107918289250875,17.043033702170455,-6.9365389036072571,,0.3476364116171105,0.1666666666666667,False,1
0.96346495390876175,0.15964310769917847,-0.21505664545355593,-0.091231428723965932,0.95054209588628369,0.29689484731314492,0.25181761058863994,-0.26642785536099678,0.93037846540274605,8.0989159653090255,-13.854508313074842,2.342325462951206,,0.6241411191568075,0.2,False,2
-0.944513025564652,-0.21872669333993303,-0.24505872389956962,0.25955856116696713,-0.95420686948334954,-0.14872324483993588,-0.20130697420516838,-0.20407813173234574,0.95803320312241513,2.0094824533916578,-8.8262030629710342,0.28335711339215125,0.9082935053174617,0.4028235524225194,0.8333333333333334,True,5
0.97354037697268336,-0.049966290374421504,-0.22298543501786205,0.085243940066562079,0.98477428734812045,0.1515027183252188,0.21202029404237355,-0.16650217056909863,0.96297685439991987,2.2730843310803195,-7.7144875923464937,0.15415872909728645,,0.07377092754769862,0.1785714285714286,False,5
0.85321017927549681,0.48377755551313051,-0.19491451142081276,-0.45853522469329977,0.87384113973638367,0.16170068094996523,0.24855147896590626,-0.048589497691962635,0.96739920561157311,-14.829231581572833,-13.015232042393416,-2.7668157300835454,,0.09672691287344289,0.2941176470588235,False,1
-0.67560153207408247,0.72382766514297137,-0.1401288015820657,-0.72904238018405254,-0.6841975177134314,-0.019260442631186703,-0.10981701942195937,0.08914745048767328,0.98994593504737616,-6.1983303371246583,11.782328024876724,-4.030881093074556,,0.1650704533912598,0.1111111111111111,False,4
-0.64244311377383678,0.76633303468252001,0.00072492679356861434,-0.76412119744103479,-0.64051645638106491,-0.076534075589386935,-0.058186262862083893,-0.049722721761006644,0.9970667027610649,-15.898142315841394,0.41116371461790829,-4.5826795038812547,,0.3734974899270535,0.1568627450980392,False,2
-0.66649969313792257,0.72027450140999916,-0.1923091304791146,-0.74272673060401517,-0.663793461516615,0.087950236463932269,-0.064305230684031489,0.20145193736067218,0.97738526397746872,-20.30242033038714,-0.33327344531184205,-5.4642415938172739,,0.08979289133451487,0.4117647058823529,False,1
0.20603214700744557,-0.89577252408168351,-0.39388112356373695,0.97611038341889889,0.15975763920647751,0.1472617265177304,-0.068987490034876461,-0.4148121042297373,0.90728807134403855,-4.8368729409749056,-5.2306075788419859,-1.6113730998392546,0.2772585566149232,0.1188789922152925,0.3220338983050847,True,8
0.021382687640929141,0.9927359387514173,-0.11839821189778982,-0.98973670940154834,0.037755733032684008,0.13782507277763845,0.14129411428735134,0.11423598616245308,0.98335452037057625,-8.5015812469434273,-21.144475653633215,-0.27539264288377358,0.3407990905101216,0.2835498571697451,0.4074074074074074,True,5
0.976112105159886,-0.065407532818284056,-0.20718835105034314,0.10199429189974575,0.97995022634737816,0.17115699898511744,0.19183931448012576,-0.18820044774746716,0.96321247338655658,-1.9469615440913075,-8.7585742477726356,-0.59530425054868696,,0.1848988730604668,0.2686567164179104,False,5
0.97505956721563614,0.037108591173858917,-0.21881908701561448,0.048839559754579417,0.92588085181071056,0.37464562676381413,0.21650297407711169,-0.37598883056729704,0.9009766154037524,-4.6525682721793675,-2.5987873615703991,-1.8235673936005625,,0.1042808190309712,0.2773109243697479,False,5
0.95517289149330209,0.2232649507510025,-0.19441581500093791,-0.17474069302732809,0.95528479623397289,0.23853018317300634,0.23897790181658138,-0.1938652105210506,0.95147561324133523,6.0936259795307794,-19.295009007573974,2.6797007669340656,,0.2185874575853152,0.1818181818181818,False,5
0.87300463715708909,-0.42665286403951325,-0.23628422949723052,0.46827967708673268,0.86867299826330713,0.16162105715463526,0.13629764315557555,-0.25174303504787798,0.95814842105757203,-20.471423833573219,-10.169130770514268,-4.2784236808962701,0.3775627002074496,0.3969999052725635,0.9,True,3
0.19810070051777359,-0.93227226201208402,-0.30269546071462605,0.97766708308903805,0.165828249507848,0.12910486555252423,-0.070165426661139757,-0.32151115244736894,0.94430259543931439,-0.73976208097835139,-6.8512679610076654,-0.54025532590772307,,0.3981409685778354,0.1346153846153846,False,1
-0.045266307284441504,-0.96431555835994665,-0.2608571741964868,0.99070935267989146,-0.076855712519098215,0.11219704971956193,-0.12824172463524747,-0.25335489606109346,0.95883541690138419,-2.0474335417631022,13.590481344067845,-3.4312121952490537,0.3044031208229616,0.2528310144857078,0.7,True,5
-0.75635667966335829,0.63240131511711306,-0.16731153506786761,-0.64726840565806487,-0.76052311659920457,0.051460666096541235,-0.094700497176556458,0.14721808909362677,0.98456013025012046,-14.499080114600011,7.3148688980307943,-5.136848954435532,0.5607413224355864,0.5289855143152937,0.9723247232472325,True,5
0.90891121157396404,0.37363050494005218,-0.18515035850191786,-0.33085950817610787,0.9164304198461688,0.22513833842781472,0.25379597184473013,-0.14337200339959977,0.95657308832967525,-7.6910359526152119,-11.628431112804602,-1.3808820983816195,,0.760127014202784,0.1875,False,3
0.97378466336323033,0.10605623740086831,-0.20123494703189559,-0.032801642484153487,0.94088229863561323,0.33714173927964686,0.22509438386796979,-0.32170261830226732,0.91969557122374113,-4.1347283218157198,-4.564965984855716,-1.5476164822462322,,0.0923286344178903,0.2222222222222222,False,2
-0.15766890035706971,0.97897737469977342,-0.12939790448895003,-0.98494040111459691,-0.14649158844092605,0.091829302340108401,0.070943104755917571,0.14192784907125644,0.98733153577995136,14.010945971664764,18.718548211980593,-0.45748649434487881,0.4127343778760294,0.2807804095474201,0.3,True,5
0.87965543417925862,-0.40310163747969396,-0.25241907015930798,0.44870887299243306,0.87934020937759283,0.15944009367041898,0.15769167516632149,-0.25351502131621506,0.95439167512624423,-17.191625691692803,9.9492536842721755,-6.0842891362690592,0.1385918844828383,0.1785855051802946,0.325,True,6
-0.2654883256434154,0.96340689838923144,-0.036920144678714351,-0.96302270073307417,-0.26317169320222822,0.057688281044322907,0.045860950925948912,0.050870502583655386,0.9976517253766739,0.17854491564610994,12.713117143042677,-2.8472213577823067,0.6146042618195781,0.4290228202980771,0.734375,True,5
-0.72702337115870919,-0.55244272775575265,-0.40773036474955965,0.64273365390611925,-0.7564543377122005,-0.12112095232817845,-0.24151701373922868,-0.35011979022354489,0.90503351571547119,-26.377568388060599,-20.592819531689194,-4.2317043605899034,,0.5060073973012923,0.2272727272727273,False,1
-0.65526694803139984,-0.64930218538456552,-0.38604649832946547,0.71821897848731275,-0.69386726577189206,-0.052054936661950643,-0.23406564412201983,-0.31137580115523689,0.92100943789772227,-18.333688547387016,-11.714533973782169,-3.6586919233846444,,0.4212474292958425,0.1904761904761905,False,1
0.18382582766820099,-0.93381380145044179,-0.30691993956531233,0.98227151347806585,0.16283841994989715,0.092877999535572797,-0.036752399807492224,-0.31855208869020946,0.94719260338090405,-10.2244818128997,-9.3966468221201858,-2.2856696631063804,0.5289670297824434,0.279677389181716,0.2115384615384615,True,5
0.96312167829601658,0.18774828046672457,-0.19273613044277466,-0.14681907111765888,0.96698464111902638,0.20829033630021759,0.22547903040507769,-0.17231159862788703,0.95888889858308912,-0.81994436736386445,-7.8869374063188644,-0.43663363189981191,,0.1701038568268758,0.2666666666666667,False,5
0.37415561826215743,-0.85474846897751089,-0.35973966712535921,0.92693917565810591,0.33293160024341312,0.17303269688019135,-0.028130729694314793,-0.39819794617747817,0.91686806995712544,-8.2905699002639466,17.681024960840119,-5.1907505898154671,,0.1946182981610311,0.3809523809523809,False,5
-0.73666477392416219,-0.61333984597135371,-0.28484951150229909,0.6264311585007849,-0.7775861874158716,0.054256103798677659,-0.25477247598323305,-0.13847004904990914,0.95703554322579276,11.562020397687093,-5.6084255840227222,1.9190679059353073,,0.1071453509269078,0.2272727272727273,False,3
0.69651624943381063,-0.59633453477339904,-0.39906169562017763,0.71365507900388836,0.63352853041133605,0.29889467938858716,0.07457574999026971,-0.49297740697870368,0.86684008543787472,-22.554096404684135,21.40974951799318,-8.6852678776368837,,0.4728398086987848,0.2553191489361702,False,1
0.32592786706822063,0.92746514973560812,-0.18324688672462042,-0.92716120864257867,0.35146432978298126,0.12978797355160429,0.18477856655140648,0.12759788758480778,0.97446172855946567,-9.7133355965994728,0.23842874894947802,-3.3209677920337337,0.2469782226623232,0.1917620212673074,0.8207831325301205,True,4
0.79084008947209083,0.58278103158319672,-0.18691768806242329,-0.55957411213018227,0.81222039291504988,0.16484794923395774,0.24788861594977435,-0.025774067582516991,0.96844562651847321,-13.987810747645273,-11.073302956324838,-2.8707456229101713,0.3471875190260201,0.2403411477923438,0.7570093457943925,True,5
-0.84927567918095537,0.48057404935847475,-0.21858500368260927,-0.50872661709295497,-0.85562313870718887,0.095426796917940468,-0.14116674471307303,0.1922436672352518,0.97114073264128764,-1.1098040007899785,21.413418724567389,-4.1952326471428369,0.2770172580392192,0.2619340797145904,0.5348837209302325,True,3
-0.51344178412978136,-0.81135577316364849,-0.27942681271425202,0.83233553632566504,-0.55009876985060913,0.067888867852649609,-0.20879437080317775,-0.19771988459147272,0.9577639364467847,-6.166436170132239,14.108192576673826,-4.3138741545960677,,0.1028474023009461,0.3829787234042553,False,5
-0.94025790657096298,-0.245648680386474,-0.23573670684722145,0.23126952303644241,-0.96896771299278994,0.087269575981652359,-0.2498589138799841,0.027537193065105499,0.96789060650096637,-16.037428087672684,-14.734206902150124,-2.8094533722081829,0.3470883649879776,0.2784726604022246,0.9014084507042254,True,4
0.012255528242152263,-0.9542655427720047,-0.29870901544070855,0.99318067103638952,-0.02302034132978889,0.11429006328096762,-0.11593945276398958,-0.29807270549835929,0.94747596567389269,-15.460423347188149,8.5078369996140637,-5.5466186450868999,,0.08360930804977229,0.3287671232876712,False,5
-0.34158224311938135,-0.89613180247069746,-0.28331848472372878,0.9213789647984757,-0.37876453738206073,0.08716781773476992,-0.18542484842226625,-0.23126871345335798,0.95505623277648277,1.5815229739329821,9.7844015739754084,-2.2144949956689803,,0.06867846676058423,0.4,False,4
0.48546471570354893,-0.83259497373649438,-0.26666386991041352,0.87422380772351949,0.46494163166048336,0.13986426691002235,0.0075328491464223685,-0.3010230703079303,0.95358710526418267,-12.565444749783786,7.0993474803507892,-4.7289521849369853,,0.1649874288466369,0.145631067961165,False,1
-0.81390544475299642,-0.50404415020852544,-0.28895920411364617,0.54020854944831465,-0.83959501092849487,-0.057052087840216273,-0.21385193500264202,-0.20253323743165058,0.95563991002420989,-11.473516511575776,-18.314032770446929,-1.3098693461646378,,0.5239550235318406,0.1481481481481481,False,2
0.89930775394728757,-0.37323281078971765,-0.22790970282173575,0.424705785314481,0.86964268635564057,0.25168749271379298,0.10426197586222437,-0.3231390830867607,0.94059054501475448,16.329588145550616,0.41315606003520128,2.1753469406539421,,0.2164665762905518,0.2142857142857143,False,5
0.97072175536010208,-0.031893895964745456,-0.23807993000417335,0.12722545910007682,0.90897248493659633,0.39696688046355177,0.20374728520247032,-0.41563421542069795,0.88641708170829148,-27.321236100067885,25.374419174195882,-10.185620707193577,,0.3976602580164104,0.1176470588235294,False,3
-0.9754591576879329,0.022906980665874113,-0.21898562034874175,-0.033327803820922812,-0.99847496400979896,0.044011404636823487,-0.21764349100127958,0.050229637490284543,0.97473498672324876,-13.704913227993305,-4.7007536084607064,-3.6175599572567303,,0.1826647191934511,0.3943661971830986,False,4
-0.9425873023350293,0.25674324619836975,-0.21356985510201174,-0.2796101040505935,-0.95640454694751809,0.084312112361916491,-0.18261261508884652,0.13918781595253052,0.97328278763203058,-2.5008197232800988,17.310666131585819,-3.9979563644889029,0.1649476408617464,0.1373922753615832,0.5806451612903226,True,5
-0.95150765140342863,0.26391239038570197,-0.15806150550224379,-0.26215916558572377,-0.96448646634006685,-0.032224651219958017,-0.1609526676390548,0.010775270194094598,0.98690330444887864,-3.2990586458930657,3.5510540234187307,-2.365873082528549,0.3120016918360726,0.5104341484825861,0.7050147492625368,True,4
0.75859112562958564,-0.55207695408864377,-0.34604991096696502,0.64302254458483754,0.72005933715717896,0.26083818380061941,0.10517371949151383,-0.42038742575982269,0.90122855091888365,-12.406054547217147,-9.9635455637568473,-2.6965642860298416,,0.2886839361737232,0.4285714285714285,False,4
-0.94473231879750819,-0.22137058487484326,-0.24181792731650942,0.22199045787147753,-0.97472733833731151,0.02503702282363876,-0.24124900504146046,-0.030027987778561208,0.96999857603837503,-4.087887487467432,20.938658154098114,-4.7960540375122864,,0.1498459884038633,0.4150943396226415,True,5
-0.94632187483505237,0.2474776788923711,-0.20791755014600224,-0.26802910414978875,-0.96034063192119068,0.076852260928805177,-0.18065245234242613,0.12845493035011132,0.97512256785053175,13.584646087457266,-6.9224411914356532,2.5838953282154096,0.5269543386624724,0.5589989958202751,0.9481481481481482,True,5
0.85468040051971783,-0.4606411286834905,-0.23943926898621976,0.50141931686870544,0.85196418258856466,0.15078362065264439,0.13453654387703073,-0.24893127997782771,0.9591314488693532,8.0907559962980713,3.4882100862864984,-0.028403916130993374,0.5082677327387087,0.380468002884124,0.5897435897435898,True,5
-0.82021154347674574,-0.46368491190530919,-0.33503630612048751,0.52004700843049767,-0.8483814756490573,-0.098994852381418252,-0.23833617637695137,-0.25543134938157946,0.93699023088990707,-2.7348243616543733,21.970734659695061,-4.6349775686661232,,0.5079240055738538,0.4473684210526316,False,3
0.80344587498317588,-0.48359764380934905,-0.34728668974575361,0.5854173196282535,0.7479341601247349,0.31285947963547034,0.10844947142235715,-0.4546733014160298,0.88403105212863298,12.560731210427891,15.605401768505917,-0.50046862701249506,,0.3975258171919325,0.5,False,5
0.75576074401513149,0.6474827452146058,-0.097937696802875146,-0.61598610451269131,0.75366923129949248,0.22922436353867659,0.22223144883875884,-0.11291051519583706,0.96843399295214549,-5.9291355091538867,26.813180451643458,-5.8831408645519376,,0.2302861203654066,0.5454545454545454,False,4
0.5779607645117314,-0.71979361025681954,-0.38452374870541739,0.81581297768884464,0.52132080175138251,0.25034737285570763,0.020261789641435435,-0.45839042343263214,0.88851993764111825,-14.129079072300213,17.068897987666134,-6.3298495879068852,,0.3716692316969165,0.1923076923076923,False,2
0.61218345061756851,0.7723932913483269,-0.1692336440252476,-0.75680413815954717,0.63435810132532922,0.15759852711084366,0.22908277817101588,0.031597511975164416,0.97289397057563642,-4.3665444309949564,-17.068913693901735,0.076310055325350318,,0.1066983408133137,0.4230769230769231,False,5
0.61670803140966213,-0.74378463924116389,-0.25778986485839595,0.78516462415816535,0.60468873142293955,0.13367142948544483,0.056459870398232262,-0.28484372648701095,0.95690978389585257,-2.817295392736332,-1.6198808246465553,-1.5500919708478182,,0.07116198944490146,0.3106060606060606,False,4
0.32840360927529849,0.92646449094037697,-0.18388751029242029,-0.9264176871462414,0.35389129636443845,0.12849598943198906,0.18412316083960145,0.12815809527331887,0.97451226993729989,-17.517597673529291,-2.0433564797965578,-4.6875477498007214,,0.1884291547764483,0.3125,False,1
-0.63655330457782533,-0.6324111793988183,-0.44142495466664017,0.73555929115615071,-0.66989208272626066,-0.10098082339995512,-0.23184568062595146,-0.38897390358746109,0.89159793780774366,-18.513528180908878,-8.4298889986798891,-4.145755794037508,,0.3516160958695195,0.2,False,1
0.9655188099689318,-0.10014643217648939,-0.24030006183623051,0.17210762616532421,0.93810495181383224,0.30056291254594847,0.19532637459368707,-0.33155661885217491,0.92299394141207625,6.1162645791344401,7.8790455939410551,-0.99526911815184294,0.6719232640408795,0.4408170250843805,0.4545454545454545,True,5
0.75788154360318893,0.6519392778859745,-0.024305221973103086,-0.61584388809121982,0.72722149238897282,0.30312572722922149,0.21529484751460473,-0.2147651716574856,0.95264056688585008,-11.255464102858937,-8.9484691116343598,-2.5558397117308358,0.6419661159014619,0.203740480697749,0.4285714285714285,True,4
-0.30082549026175387,-0.91690207323622186,-0.26228727095284826,0.9362828602351625,-0.33623994072709901,0.10157316520469162,-0.1813241022000053,-0.21501927903086843,0.95962924069997302,-16.561879683409199,-3.4586447850171225,-4.338681391823223,0.3177127141028262,0.2831349040307423,0.7647058823529411,True,3
-0.48019231094522907,-0.81829949881284303,-0.31591339755023201,0.84881676997054523,-0.52431005611633041,0.067890029253651632,-0.22119094811011503,-0.23555231966155843,0.94635599494915645,-1.1272062024363401,-9.9790398519831705,-0.21846764975176744,,0.174642118753246,0.1935483870967742,False,6
-0.51883784468899052,-0.74496496591786909,-0.41932623394377921,0.829232149321251,-0.55780504944798048,-0.03503668566512029,-0.20780118731745362,-0.36589715271552203,0.90715926946933201,2.8982522481004427,-13.029527330440159,1.0880526990958541,,0.2945583206104588,0.3170731707317073,False,5
0.95432805418920486,0.21817085163968977,-0.20410645379864537,-0.16550335905204613,0.95483109019290469,0.24679187049722384,0.24872998036009961,-0.20174010185345279,0.94733010517676608,-2.0300078384555378,-1.0213383018233009,-1.5610135959662426,0.4538527097071443,0.2201340814319266,0.2914285714285714,True,6
0.50415051299691171,-0.82393326712398596,-0.25877834447910425,0.8635755916099187,0.48385441521262573,0.14185239671865899,0.0083341358598558873,-0.29498962050493099,0.95546411024895495,-17.432785238496006,20.044423577733983,-7.3919650318039887,,0.1853600684671118,0.7391304347826086,False,2
-0.57303664627955608,0.80417040431267961,-0.15792074863127159,-0.81877585124531183,-0.57004319498554179,0.06824119919954158,-0.035144095353201205,0.1684064033172667,0.98509094802639818,-10.606155229364372,-16.127387824963243,-1.4820418798885246,0.2169642663387923,0.1755728438948495,0.1764705882352941,True,5
0.61744011050607506,-0.74007494150087805,-0.26656479681443229,0.78460983370026172,0.60362241502391922,0.1415181576390156,0.056170444177481391,-0.29652834779016535,0.9533707674130466,18.365619406682708,9.9944158460084989,1.4450315170118964,0.237045545684076,0.2021121757099558,0.48,True,5
-0.27207734484842871,-0.89837678448286207,-0.34480874629635216,0.94203500991990496,-0.3217743763801254,0.095033103655442458,-0.19632615339132453,-0.29896555622247573,0.93384990104788868,-0.70556846261405792,-23.740314491176054,1.8375703750303707,,0.1639173613491287,0.2941176470588235,False,2
-0.98517339115633562,0.089456932844123177,-0.14639278166511085,-0.076579860070783781,-0.99286893392167486,-0.091360850941622274,-0.15352170657293362,-0.078795540605799547,0.98499865400495601,7.6392062076371072,7.7601094667725894,-0.67080242270244805,,0.1907512923582622,0.25,False,2
0.36239798672000822,-0.85787440981036955,-0.36430645919856419,0.93147827098490077,0.32000421581388144,0.17304777532324161,-0.031873655332655043,-0.40205571610642887,0.91506025552522074,-8.7212583095077356,-13.794485682902051,-1.3716484273979948,,0.1236661056828942,0.25,False,4
-0.64735544933377231,0.75187673094196261,-0.12494920442282885,-0.75998539653412833,-0.64920654256495836,0.030871704613080919,-0.057906124656497693,0.11494453688140795,0.99168272858227446,-26.343729560310603,-8.7732546672781755,-5.7090732836346643,,0.0862001588879488,0.5454545454545454,False,1
0.87902551491728154,0.45078685499879645,-0.15525899485924399,-0.39459353913981726,0.8706292047376214,0.2937698533325892,0.26760060349992154,-0.19696700032805359,0.94318286550819352,21.481516279684325,-11.535416760735542,4.994174288145695,,0.5011059264055955,0.28125,False,5
0.066654521009582787,-0.9644659335748671,-0.25566117773831548,0.99216781723878433,0.03693810866519269,0.11932559894617702,-0.10564183482223577,-0.26161238331126041,0.95937415205622112,-11.335766992486024,13.181782565136865,-5.2214136205511261,0.1456805256613945,0.1435141399624478,0.6436781609195402,True,5
-0.97361938676957416,0.0024854698217415261,-0.22816466016060374,0.0054001549196215463,-0.99940961187126054,-0.033930311318666098,-0.22811428721867172,-0.034267333411030373,0.97303115151962905,-14.898900720786592,-8.8885441450471649,-3.353348586079465,,0.1451248940584648,0.2962962962962963,False,3
-0.88929707849613837,-0.38672720839302177,-0.24411630930106779,0.39799929163989245,-0.91737933138722527,0.0034243536138284375,-0.22527154732095694,-0.094112850515054455,0.96973991427369532,-10.240166501343168,10.237622371383122,-4.5739646608065305,,0.1892836458497023,0.1746031746031746,False,5
0.8767476382214533,-0.42195119072114673,-0.2308046176360222,0.45797587649599686,0.87900035200945581,0.13272707981032736,0.14687299078056296,-0.22207110081291553,0.96390494902916279,-10.694061271777452,7.9967009935483269,-4.4315748633388488,0.3577694041143018,0.2584038382815209,0.9483082706766918,True,5
-0.76303228227064823,0.62526825613077541,-0.16377223234732136,-0.63142288490111564,-0.77523199450047786,-0.017902377662311203,-0.13815526278791745,0.089749443329697046,0.98633572417611015,6.4732848341868161,-16.682137791103049,2.4087645744450823,,0.3864035845525217,0.1481481481481481,False,2
-0.49324400308678634,-0.8232422853206548,-0.28103824131058863,0.83932678756196677,-0.53527920649536853,0.094903713176032953,-0.228562676524039,-0.18907223686653435,0.95499256130425103,-13.154966852881705,11.867864675364924,-5.4219004755967202,,0.1233110772315913,0.425,False,5
0.48082140800581336,0.86669398252861374,-0.1328620120726712,-0.85270919479487373,0.49749007952455743,0.1593444378914059,0.20420039842171175,0.036676442348473559,0.97824180848145803,-9.1354271049385432,-17.833763593752415,-0.95056598199457309,0.330779565680069,0.2792378074606028,0.3928571428571428,True,5
-0.81444292399307661,-0.51396843793739277,-0.26929383275857677,0.5256636771725236,-0.85006682777755871,0.032620343555208875,-0.24568358117519543,-0.114990578380993,0.96250545184146163,-6.0320760983911041,9.1239346320575248,-3.6788901055544838,,0.0967120777718744,0.2727272727272727,False,6
0.85473427449205486,0.49955203235626749,-0.14098612335000815,-0.45528456611495272,0.85197002556821921,0.2585788842709465,0.24928955827723789,-0.15682742904865465,0.9556463119961951,-7.1313703760220806,-5.5561229237807881,-2.0735402076667708,0.2484863778888357,0.1931527221951777,0.2285714285714286,True,5
0.76296620227115064,0.6380132290820163,-0.10402736999595547,-0.60438747900080714,0.76113067730182116,0.23536326666903457,0.22934330035775119,-0.11670137782566567,0.96632418938708398,-3.2255918525867218,11.58575357175352,-3.3788208363057204,0.3808511332876215,0.196038455385834,0.1132075471698113,True,5
0.56445065235985015,-0.74789047627752148,-0.34936413173639091,0.82461320750382594,0.5301179023176591,0.19745396337520754,0.03753024194955755,-0.39954329569610825,0.9159457602956087,-14.003668781669989,-12.510536221182392,-2.692629304092589,,0.4700522297199795,0.3846153846153846,False,3
0.60652654771379488,0.77554403370248515,-0.17509140100777132,-0.76164660799303652,0.6299446650949897,0.15186890218561153,0.22807891496385035,0.041245250718594612,0.97276864558952192,-15.643906333261507,16.040000353470429,-6.4313841605353455,,0.07443595127196623,0.1578947368421053,False,1
0.47884054808324378,-0.79594910004114816,-0.37037381070349007,0.87788122083556752,0.43702522650219255,0.19578946219079446,0.0060242522848696634,-0.41889614649026485,0.90801416665160817,-12.49633043433351,-6.6908042040331948,-3.0535450743375336,,0.08682003680448502,0.2325581395348837,False,3
-0.33199881653348906,-0.90247170416499767,-0.27444782564613113,0.92589801341193523,-0.36737983054111417,0.088005277520248087,-0.18024886845746463,-0.22489304856555414,0.95756642700477768,4.3097719657040141,14.614779241303397,-2.2536016521642543,,0.1075997297228746,0.2105263157894737,False,5
-0.19482397295491213,-0.9426042568874724,-0.27118413386420837,0.9683385859407565,-0.22884263922433054,0.099756851649899184,-0.15608972592813652,-0.24316303454772908,0.95734410537132364,5.4913797398080613,0.81690441735296249,-0.22702957810242178,,0.0745073824724356,0.352112676056338,False,5
-0.90396495421834433,-0.3530208093616683,-0.24129581368655897,0.34600046974358384,-0.93544063275052181,0.07234982748094218,-0.25125890328950617,-0.01808675639619467,0.96775091462670204,3.5874478829536951,9.9655779623057228,-1.7973323361522777,,0.08330303945661403,0.4423076923076923,False,5
-0.91156899791695911,-0.29718227125533914,-0.28412085401848153,0.33287510102894985,-0.93906320464948279,-0.085758176219020488,-0.24132163009485877,-0.17275125274499178,0.9549454830111499,9.0699864684454727,11.857743762385674,-0.94074402892677578,,0.2292342671518721,0.2222222222222222,False,5
0.35086956714884898,-0.89615461861111689,-0.27165685412067597,0.93570416069596141,0.32414730815216308,0.13923450101886609,-0.036718803153769186,-0.30304359778696788,0.95226903096513904,0.2640626285871317,23.681036169631735,-4.1170591957320521,,0.1567702914065902,0.3571428571428572,False,3
-0.3746216712079623,0.92543759953017157,-0.056778982354282664,-0.9271716513404209,-0.3741384448269191,0.01931716990585472,-0.0033663648094957171,0.059880493303988286,0.9981998768331124,-2.119594095732201,16.342557200390178,-3.7935934014437978,,0.7089584118482194,0.2727272727272727,False,4
0.44936204435911464,-0.79412897859065301,-0.40918567723218574,0.8933448627459174,0.39793792723059401,0.20875910106363293,-0.0029511514489429236,-0.45935233909710738,0.88824924388999127,-20.122243609716818,-2.5286679592042627,-5.1975176699667109,,0.3622465462128123,0.375,False,1
-0.95279683247842506,-0.17546515700864468,-0.24777040722211319,0.16750820200834013,-0.98444446051438617,0.053010436920218409,-0.25321768950650592,0.009004600961231006,0.9673674166946683,-7.2126313576118797,-6.6688139788814187,-1.952962691406543,0.3400355004065703,0.4002707359575712,0.3754646840148699,True,5
-0.90918972204447623,0.38281141709694433,-0.16379703376105403,-0.38367321847039437,-0.92305571187177016,-0.027622711841375325,-0.1617680770648513,0.037730249417832706,0.98610725457305659,-3.2120567082400298,25.101369671499715,-5.0866106986718505,,0.366509771875388,0.1666666666666667,False,2
-0.95770130122645081,-0.18264941617854921,-0.22236773236869986,0.16321660340451472,-0.9811994594724549,0.10299495669233384,-0.23699906751347355,0.062344298060026747,0.96950741642194072,-7.5033690837761817,-3.9285985676090687,-2.368925509167247,0.1875211893781095,0.1723500676328019,0.7851239669421488,True,5
0.052673334362696063,-0.95524943050019795,-0.29107395173076422,0.99218408572587069,0.017043746439023053,0.12361331133676783,-0.11312055462838755,-0.29531006795632608,0.94868103379597313,-12.380275364893381,-25.048754779158571,-0.57476864336143263,0.3407135041416091,0.311090821453133,0.4666666666666667,True,4
0.94098273618152861,0.28818355743698054,-0.17748725991261982,-0.23389172173754513,0.93272738670983291,0.27443448140511173,0.2446347332472848,-0.2167253084076991,0.94508411688305138,-1.5102351852261617,-12.272491771773151,-0.0032273695440382237,,0.5650278784580192,0.581081081081081,False,5
-0.47105346571510048,-0.7430599399567045,-0.47536360616830187,0.85712646991823505,-0.51290012874656021,-0.047620085019539377,-0.20842947728979899,-0.42987833576874013,0.87849972648453378,-0.80557429920081636,-18.45404786170764,1.0327879740532144,,0.2643549936922904,0.275,False,5
0.8334058910474561,-0.45413557054340548,-0.31495317800367295,0.52825498541954208,0.82207201549197295,0.2124718139527379,0.16242318537326245,-0.34345084788391916,0.92501903977216726,-6.2805983393578293,28.507595116248023,-6.0853718541981801,,0.2452911324863751,0.3333333333333333,False,2
0.62281244857530704,0.77636489480319315,-0.096758482919370337,-0.76040949221953236,0.62977956179837669,0.15860361812858673,0.18407079627704276,-0.025204238894917408,0.98258978638069727,6.7158935187387856,-1.1344419297227817,0.25616292180878808,,0.5388528930241411,0.4315068493150685,False,2
-0.6635169274223246,-0.63052441509419099,-0.40272105606010439,0.70483542697063306,-0.70732425414069333,-0.05384626627201887,-0.25090298505829489,-0.31957997664816218,0.9137375611270433,-6.2706903313545599,-9.8591709631495572,-1.3230170441736304,,0.2342568993724807,0.2,False,4
0.67238658778446936,0.71735593608673853,-0.18247393657363176,-0.70792463051229326,0.69522308245696285,0.12452944685122684,0.21619203056910211,0.045445864280028031,0.97529261216224239,5.0201330405004061,-12.523998624519834,1.4517363817541413,0.2045425148008564,0.1753422937139839,0.4571428571428571,True,5
0.038558792771111114,-0.87014991404743114,-0.49127624264082048,0.99333687208193699,-0.020056579111103028,0.11348829101204017,-0.10860514749544772,-0.49237877768808025,0.8635786363845992,-7.2561276993533399,-0.29367909581032026,-2.7221498705670926,0.4812443068468617,0.487932938177175,0.7273838630806846,True,4
0.82222592403456107,0.54761517794893189,-0.15511978186379932,-0.51142581292685085,0.83045562905842918,0.22087798902851163,0.24977623529395832,-0.10227934808713428,0.96288668452588388,-9.4204490528786202,-7.9818950942132894,-2.2712916188214765,,0.4754886351413479,0.1111111111111111,False,2
-0.051754551929579722,-0.93434682638679212,-0.35258683239096728,0.99039964417291426,-0.093336906809578346,0.10196453623384379,-0.12817960515125323,-0.34392474445457932,0.93020737417799426,10.338510193813995,-3.5750591390739146,1.4027042566783434,,0.0811272115044251,0.3225806451612903,False,5
-0.67183468226674303,-0.6408446787254708,-0.37142463226446543,0.70107710489120856,-0.71198047852624036,-0.039682378896784637,-0.2390168460609145,-0.28705730429096288,0.92761471061658962,-16.455729649727349,8.0047326176365612,-5.6564489050892792,,0.3427759085472107,0.2631578947368421,False,2
-0.087283717500541577,-0.95849984619606021,-0.27140301675076511,0.98808523417219907,-0.11796749637715639,0.098849581735979186,-0.12676404328577603,-0.25954135439393089,0.95737618661068002,1.4780301201312465,9.719568835428781,-2.2267747945709266,,0.0664319607802013,0.3870967741935484,False,2
-0.81376994781702239,-0.52181389552866719,-0.2559076600320449,0.54386774867697218,-0.83896115219126233,-0.018763183710398285,-0.20490569533061137,-0.15444883795971232,0.96651912162873022,12.484542167741187,-8.3049556331923089,2.5387124074818361,0.3558076416259144,0.3343395579601978,0.4285714285714285,True,5
-0.79298947541865183,0.60197042824700686,-0.093804559544662575,-0.59482846631663711,-0.79829092740428687,-0.094396455883698022,-0.13170720380696857,-0.019057773745134315,0.99110545035593001,-8.4470819675874012,-3.3460363337073016,-2.592411767151316,,0.1142332381859017,0.3157894736842105,False,5
-0.6535878534399574,0.73424934551576981,-0.18357782122417182,-0.75443216930640355,-0.65141919272543525,0.08053034995936742,-0.060456759352322781,0.1911306724694064,0.97970099841227543,7.7713718050819445,-11.412975473043469,1.9276937211554248,0.1670762517124609,0.1345053525956291,0.6666666666666666,True,5
-0.76544270440284901,-0.58662939112286971,-0.26450599945419739,0.60630277372506325,-0.79518266703325624,0.0090262186530525174,-0.21562563124486778,-0.15346166791967591,0.9643417981346466,1.4072183851702864,-6.1822002645655187,-0.16204848524757839,,0.08035207817888697,0.2894736842105263,False,5
-0.096200671781526206,0.99208081703642137,-0.080753224190304312,-0.99082355781264531,-0.087707824559918948,0.10283975298715152,0.09494265654738604,0.089905450220289673,0.99141459641686347,-17.722212741802213,-6.4428218809316986,-4.2238249488780601,,0.1317584090013919,0.2692307692307692,False,1
-0.30064749178899158,-0.87545115126801698,-0.37841295884851855,0.93677829189597106,-0.34554930373127379,0.055155330869260638,-0.17904613236105948,-0.33790673333678062,0.92399216557945496,1.8268383422891565,-16.226020989599377,1.2799719139409496,,0.09092122284773965,0.2666666666666667,False,5
-0.055427929651771686,0.99045215227180916,-0.12622313050569961,-0.99590802179742954,-0.045805116407623234,0.077904450645739115,0.071378965627477059,0.130024710616962,0.98893812642395706,-11.147885939020844,16.371299038667335,-5.6248188042801406,,0.1807378962293623,0.25,False,4
0.79931827527753285,-0.55225260171081314,-0.23686991938823293,0.59027158262969281,0.79543279901092301,0.13735399884053628,0.11255999976540364,-0.24960714365034969,0.96178299022779878,-25.496919123783982,-5.2928899016181967,-5.9499741565125683,,0.1092774634599119,0.2857142857142857,False,1
0.68431147865636222,0.71547752132268994,-0.14074699521155778,-0.68949801256008514,0.69770793701018008,0.19441225606604917,0.23729789475432667,-0.035993764945304568,0.97076987902912726,-1.471851677671677,4.4459845629785288,-2.1044472944298751,,0.268404855413296,0.2355769230769231,False,1
0.81743992469434157,-0.51937165377624805,-0.24908844768361979,0.56340547672684382,0.81090641302874922,0.15812987732571748,0.1198592437399302,-0.26959947062739908,0.95548411139459544,-18.812750543694943,-4.813597191919686,-4.6351059119774876,,0.3169921433071783,0.4666666666666667,False,1
-0.89560669497145085,-0.38312542323486382,-0.22606096079027355,0.37755572103674168,-0.92339983694217653,0.069169492173852043,-0.2352452452967779,-0.023401948770753064,0.97165427151790473,-22.338297067551231,-6.7659055085453756,-5.1088627001128479,,0.3368305534916719,0.8412698412698413,False,2
0.97361153731110039,-0.060400025741524449,-0.22007364972921858,0.092589116073121897,0.98595187866731215,0.13901851868436632,0.20858530628861072,-0.15572645839041199,0.96552650929825101,3.383526997930641,-9.2209383932420899,0.67840195211975762,0.5715720207325506,0.4940563206183731,0.9795918367346939,True,5
-0.39101719817353248,-0.87492300676085499,-0.28568388644280279,0.89989406338219791,-0.42855891731391238,0.08079560062406263,-0.19312230689901244,-0.22549276403306359,0.95491192680096515,-5.0249543532488916,-6.6993731586010989,-1.4959747162488815,,0.07000210608272575,0.14,False,5
-0.59420869978055224,0.77970487243847508,-0.19742424623334776,-0.80312431166235565,-0.58850857989431382,0.092999953804528232,-0.043673345669549085,0.21381759349145701,0.97589685704563522,-6.9909442148606766,17.493510467534335,-4.9266589874289703,0.7833240967367164,0.6808288212868482,0.9272151898734177,True,5
-0.53777408183617481,-0.79755711055157119,-0.27331610328315453,0.81804463788183179,-0.57204775058653223,0.059702106174503139,-0.20396570137658465,-0.19147852740586213,0.96006977152936157,-5.1876701325228858,10.520190626946682,-3.6752286704077251,0.1890690415217254,0.1227009098093346,0.225,True,5
-0.48958232174453364,0.86970955614548184,-0.062565471183882115,-0.87099673204461803,-0.49114925058688447,-0.01170924487480389,-0.040912626447443382,0.048761681648311156,0.99797217165610441,-21.371364357238498,-10.463475239159777,-4.4314790874159566,,0.3850922285186199,0.3870967741935484,False,2
0.93548750422753146,-0.26720292290107356,-0.2312265716289266,0.31004503366946506,0.9345968700434748,0.17435815897697671,0.16951462040497983,-0.23480052916904462,0.95714863264327565,0.88892119372560296,-7.6796365598074807,-0.073896700144546856,,0.06787970105587691,0.2,False,5
-0.10901345559418536,-0.94276930424150629,-0.31512236588252668,0.9832445320130363,-0.14886207773012125,0.1052153604771508,-0.14610358231706708,-0.29837245314180366,0.94320073284548622,-11.613884873418403,14.008670521802959,-5.4049123579030693,0.3263335022859761,0.2651589930138136,0.5581395348837209,True,5
0.59518498106643924,-0.76909068598505315,-0.23292564273600383,0.80255219491953822,0.5836163937064841,0.12370076566807398,0.04080211689081617,-0.26055982370288094,0.96459513036773592,2.0660563197722932,-4.9530760116262815,-0.16536746335576152,0.5046758103415412,0.4658951704541019,0.9900990099009901,True,5
0.15283131568296102,-0.93629547245510247,-0.31621729428779094,0.98283692734936057,0.11055124942308461,0.14768207572167483,-0.10331584188827322,-0.3333604798278752,0.93712145813861591,-15.949576093809409,-13.423391670884161,-2.9666123921909859,0.2037411052059727,0.163096567440328,0.5588235294117647,True,3
0.63903651699970743,-0.64748451346161884,-0.41520613527289385,0.76857782566425237,0.55880737398751346,0.31148426071695678,0.030339015114079243,-0.51816804571929098,0.85474055745434119,24.885095183193116,-15.113032551555603,6.2069006255847476,,0.4900551377642299,0.3529411764705883,False,2
0.96644556846194174,0.13963707345694037,-0.21560252994029896,-0.11074999354283822,0.98383157803120358,0.1407475221767521,0.23177014935176138,-0.11214684028101311,0.96628447368487136,3.0329252289727502,-3.8477608381524115,-0.14224232369668122,0.2164771772833208,0.1557399762397225,0.6490066225165563,True,5
0.91660083187886743,0.37385709750616741,-0.14168198771626994,-0.31406070960167565,0.89259078995780239,0.3234927392801874,0.24740409391006715,-0.25201696833104564,0.93556328593514648,-0.84431010997959832,-5.3399775519648554,-0.71083407982007518,,0.1256574267100951,0.3541666666666667,False,5
-0.0060264737651153366,0.97933243682754356,-0.20216740536343422,-0.9929683956353702,0.018041728785642495,0.1169968430845198,0.11822625293595668,0.20145092255894501,0.97233743058511979,0.24464017854162451,-11.824259493531692,0.31933623897632163,0.5336842263495056,0.4927186866814227,0.9637681159420289,True,5
0.94134088633786062,-0.19665405034618966,-0.27423442561263039,0.27087067853509006,0.92499665665939301,0.26647750501474776,0.20126204614529491,-0.32512823570305821,0.92400498869325687,-20.818015906338996,15.02879148692897,-7.4856630991950022,,0.2888477515984124,0.25,False,2
