axis_00,axis_01,axis_02,axis_10,axis_11,axis_12,axis_20,axis_21,axis_22,location_x,location_y,location_z,dbh,dbh_approximation,score,reconstructed,number_clusters
-0.66619792920927146,-0.59668572680880472,-0.44737731562957833,0.72237687107263859,-0.66537916318426504,-0.18826105635396903,-0.18534285866087016,-0.44859415134713515,0.87430618899820278,2.7434400343924064,9.2902897956904376,-2.2273680389724153,,0.2666460881500979,0.1730769230769231,False,1
-0.11341645399352361,-0.94485939526894025,-0.30720910002072949,0.99170308302692178,-0.12649040537796397,0.02291664159985058,-0.06051200772105142,-0.302061087396788,0.9513660685573333,9.4340014403460568,-3.7825420967073091,-0.13438930556637832,,0.3051620878036996,0.8200589970501475,True,5
-0.83898018216470893,-0.45585450392829785,-0.29716817659897227,0.48097546928247426,-0.87663527828457632,-0.013160046178777952,-0.2545090408676598,-0.15397162113587493,0.95473445941864654,6.5025115438288825,7.2656847412043755,-1.1132243344754995,,0.3364368830517366,0.52,False,3
-0.88993940701613927,0.3997286078995177,-0.21960166635632816,-0.39952715060626276,-0.91549822969014616,-0.047339701759190472,-0.2199679698688041,0.045607361915836114,0.97444038338467642,-8.2485800737085082,-25.818758387554379,-5.324515638821552,,0.2109933751533534,0.625,False,5
-0.77690178716416192,-0.5620626613634726,-0.28374139247234037,0.59345573488983605,-0.80423793950359779,-0.031806090444654281,-0.21031857699094675,-0.19309816509749494,0.95837320225916434,-4.2710002861725052,3.9589294982272931,-4.0988887377413246,,0.06544375917143304,0.21875,False,1
-0.68010243605657827,0.69836360997138169,-0.22304471465974807,-0.71251961571576372,-0.70127129024034018,-0.023116546128476266,-0.17255860943508267,0.14320211504160477,0.97453408383567697,-3.135611633542255,7.4139694800920335,-3.7913409387836401,,0.1077009888872332,0.3977272727272727,True,5
0.86085743208285559,0.45863192270636405,-0.22041152670034272,-0.45094753370726459,0.88829082243512469,0.087096134362359218,0.23573460388972939,0.02441667979464851,0.97151069076812457,-5.7646163208611805,4.6737111037137673,-4.5308130120199053,,0.1283305807208863,0.3265306122448979,False,5
0.96639497224289517,-0.028492585037659751,-0.25547784683123831,0.072824785300002026,0.983468282418415,0.16579109783996868,0.2465305422653804,-0.17882480273956725,0.95249376987752155,11.845563912618156,-0.17836061681735596,0.44684346332212804,,0.1636805693323524,0.2692307692307692,False,3
0.25299505180337267,-0.83367319595757161,-0.49089969047137949,0.96722950965657928,0.22920955372932919,0.10922479630877761,0.021461113962257333,-0.50244599990555117,0.86434219945945556,1.1946700403268489,-16.45980516631333,-2.4406918546068948,,0.6814165713048747,0.5573770491803278,False,3
0.80493684193280424,0.54837672514594216,-0.22662667057841329,-0.54835259604511322,0.83339926135573594,0.068957244596197259,0.22668504783030957,0.068765096451082641,0.97153757034931221,-18.696841534019477,-2.9730233797483585,-8.6179289429871258,,0.3886430862960635,0.88,False,2
0.85882311284234492,-0.41947535845445255,-0.29404639854501491,0.47329059417286212,0.86936258303446023,0.14214328224418873,0.19600733229980094,-0.26124533080834245,0.94516242139409867,1.6687881968505298,-12.546208384063769,-2.3381262734388781,,0.1635997340730515,0.2363636363636364,False,3
0.28897526095928122,-0.89966715899746064,-0.32724960133658332,0.95450659126181825,0.29702915897953042,0.026283948593330341,0.073555868503195163,-0.31995731236736902,0.94457231193349633,-2.7517070362567551,-6.6048348383491646,-3.6090479401777245,,0.08340279414283486,0.2156862745098039,False,5
-0.16604876034084876,0.96388886013968034,-0.20819720096076069,-0.98593594817284624,-0.16632748631387939,0.016293354382012716,-0.018923934310258825,0.20797459603310742,0.97795115016808865,0.15536183650785917,14.918908144667069,-3.015222641112234,,0.07612118674930245,0.3513513513513514,False,1
-0.93819599817447252,0.31233805875335896,-0.14910803487266566,-0.25755894501856252,-0.91784290479321684,-0.30203938809644459,-0.23119614800063165,-0.2449680370475561,0.94156200113149069,-8.3854971505024043,-13.586109262584475,-5.3625465159006795,,0.6282968273638616,0.2857142857142857,False,1
-0.91067348787663138,-0.31175444004429004,-0.27107741992147527,0.33678145933322767,-0.94025109021870168,-0.050061322315001364,-0.23927400010864966,-0.13688336807375903,0.96125485508099862,-0.49187738680714421,4.2811093989302273,-3.0503304305710608,,0.0688370113563432,0.1891891891891892,False,5
-0.89876152602223081,-0.33982434106180237,-0.27703273554600499,0.38508132790645255,-0.9139329304973558,-0.12821454461299939,-0.20961891670360772,-0.22191443345223744,0.9522677638067869,-11.985756122047189,12.926445632213134,-6.3842721599358603,,0.2360524876548001,0.3333333333333333,False,5
-0.71336518766220081,-0.63937185312917311,-0.28690371635418238,0.67279261733835316,-0.73940641771957194,-0.02506478585824316,-0.19611273055740708,-0.21090704791750925,0.95763146045440717,9.2607087165665742,5.7971874107910848,-0.30469333566559026,,0.0721605928053414,0.2537313432835821,False,5
0.61223456373659702,-0.69575091505718378,-0.37563213808638674,0.77768329987154794,0.61565058329942512,0.1272125952253865,0.14274986538403242,-0.37000678842444085,0.91799643379082474,-4.7811626092304307,11.14027704313321,-4.3224767621564792,,0.1724875003986778,0.2916666666666667,False,3
-0.88648119989674912,0.42426965861825744,-0.18478728042148096,-0.41114085092181391,-0.9053516195333321,-0.10630919862203647,-0.21240123100609964,-0.018267506242509238,0.97701177847699128,-8.8731170911556987,4.3488244942128667,-5.4892536391092959,0.6760026215960402,0.3255409230271977,0.3737373737373738,True,3
0.89572761154915426,-0.30277246698179805,-0.32557776205724459,0.38782001766663787,0.89016998117757573,0.23915066068770044,0.21741131480559267,-0.34047942353110117,0.91477105460679786,-12.410489378052766,15.942035121191138,-6.5432981222042601,,0.2136367399993308,0.1818181818181818,False,1
-0.3710683206451787,-0.77761724507313235,-0.50756252972263416,0.92141022257912153,-0.37623711557942868,-0.097205116054487825,-0.11537548760573695,-0.50374304265701264,0.85611415350664222,-18.688794895966623,4.2426707410739279,-8.4165637766476866,,0.6455088478890613,0.2839506172839506,False,1
-0.68627965107348199,0.7166668759681305,-0.12413230607920767,-0.71021038979696616,-0.69710643929540184,-0.098202925197418731,-0.15691221350456935,0.020765384248030483,0.98739422525662479,-8.4130764622239109,11.902226849619579,-5.3599195651461518,,0.07273822790116212,0.2,False,1
-0.96839161774076254,0.072348521860438358,-0.23871188925991732,-0.060314815369808511,-0.99653076328569734,-0.057345975204298572,-0.24203263775023254,-0.041135498171722296,0.96939572572496402,-8.7903231942823385,13.916652388811945,-5.5148196355336996,,0.1255998969398337,0.4666666666666667,False,5
-0.96324036023363169,-0.040220361267338474,-0.26561312271141319,0.079647502252629912,-0.98703075059405754,-0.13937924080238379,-0.25656243645923843,-0.15541113190906372,0.95395130707853371,-0.67800201547925187,7.2865871099251036,-3.1569524116279566,,0.3362648694296196,0.2336448598130841,True,5
-0.90115508314163928,-0.34622104088135952,-0.26086492094379854,0.36410659645854954,-0.93109628942505351,-0.022047363431241744,-0.23525709881607634,-0.11485073212620961,0.96512351892735371,2.043466694344851,6.3668009497430713,-2.3604989961462244,,0.076859727165164,0.3833333333333334,False,5
-0.96542827251551311,-0.073316742816294397,-0.25014576920372256,0.08588206591997008,-0.99551494089892889,-0.039677111794091127,-0.2461148540438601,-0.05978844093813003,0.96739486299502231,-8.1600602874224073,7.9118114097157362,-5.2705374291594858,,0.0676590007324047,0.2051282051282051,False,1
0.52702073136315719,-0.77787822848180266,-0.34227855668659013,0.84003898389322496,0.53784549647448299,0.071110670519658609,0.12877753784368332,-0.32500412855243771,0.93690376355887783,-6.1949734784560659,14.415324105769853,-4.7724217298626801,,0.2861491298072293,0.8515625,False,9
0.30424062838617744,0.94479276906257148,-0.12167277249353303,-0.94380306032971029,0.31627729729706205,0.095939848481953985,0.12912561074960366,0.085646335248772576,0.98792271049257596,-10.398857714618586,3.0801726452548568,-5.9440241759916477,,0.2186209447127566,0.2770562770562771,False,3
-0.35991280313086715,0.92999284424918638,-0.074673179842503712,-0.93041308431963576,-0.36370868776558851,-0.045249121214197663,-0.069240643189568643,0.053191165517808336,0.99618092394983804,10.869220462841698,6.9570386940969042,0.13163298652400249,,0.5694157625844781,0.462962962962963,False,1
-0.86601104650267513,-0.42310090179044035,-0.26647794325132884,0.44304436225307886,-0.89634505864095682,-0.016650192962952497,-0.23181147601252369,-0.13248080145461505,0.96369719146360433,-13.404963417467737,6.4714955452607681,-6.8074877080089324,,0.07650234666356237,0.2647058823529412,False,2
-0.90902577751245761,-0.26874608654880044,-0.31850851916797601,0.3421988371907515,-0.91756277183997126,-0.20243150831490345,-0.2378488840486114,-0.29300870413360408,0.92605281040488019,-0.32847707170757479,5.3780170015716982,-2.9944218727398688,,0.07895315464262373,0.2325581395348837,False,1
-0.11118806961183877,0.99301791765294301,0.039403405896015126,-0.99378745563110016,-0.11090505167850283,-0.0093038993144726675,-0.0048689019561037328,-0.040193093093239485,0.99918006838674522,11.727939311246789,-4.9985014109817643,0.46263555742897017,,0.3648826575140582,0.2045454545454546,False,1
-0.19205011623361801,0.96195926010783672,-0.1942965124428063,-0.98105083911755386,-0.19335150151312522,0.01242770812996514,-0.025612573502042841,0.19300149936050659,0.98086411766523462,-17.614919927296835,-0.3178273942735092,-8.1930065751969678,0.7932295559929438,0.8289946403091447,0.8135593220338984,True,1
-0.85662744584346562,0.47132167741861147,-0.20986971058970483,-0.47599869201260003,-0.87890180667952822,-0.030933144323771818,-0.19903432927511339,0.073399527319782401,0.97723991177153524,-16.256365059881624,1.0979625777597553,-7.6787050103904058,,0.1503708913154602,0.25,False,4
0.57102024475621915,0.79319127444478343,-0.21162108170786989,-0.80015708909461314,0.59538796107644409,0.07253832488327619,0.18353341071909562,0.12790925670136777,0.97465620051376112,-23.143109272208225,-4.6680832636856699,-9.9363240408773379,0.3207152424786074,0.1929808026745889,0.4310344827586207,True,3
-0.89567642834620353,-0.35367186023980562,-0.2695921938400716,0.37753187882093403,-0.92510318063258601,-0.040666763547248838,-0.2350179060814791,-0.13820390898229912,0.96211551456313649,-2.2378192490179742,6.2039988552704219,-3.5678757832841046,,0.06651111828292769,0.212962962962963,False,5
-0.70166452497949405,0.69583942124961895,-0.15321355756034263,-0.69756692194156789,-0.71468603482581028,-0.051227541790795389,-0.14514573296610506,0.070932160970579777,0.98686440038222878,-10.181074516871959,11.458983966365379,-5.9415327365479689,,0.2028936922546691,0.2941176470588235,True,5
-0.31114560478077591,0.94971584515107144,-0.035046056762373407,-0.94868230787716534,-0.31257601211486097,-0.047938662593211785,-0.056482664123257927,0.018331669846376075,0.99823527213487251,15.190875428494527,-1.8027776748196742,1.3854357221118325,,0.3152305217570054,0.1724137931034483,False,1
-0.78384706669310167,-0.55870112963024954,-0.27099229469950609,0.58426921284663358,-0.81137770085603222,-0.017196321500686108,-0.2102695007750672,-0.17181174087780765,0.96242790002178447,-4.912620898400804,6.106473465918234,-4.2895259917377064,,0.06653474406327284,0.1408450704225352,False,5
-0.93255866161075518,-0.19284114312104614,-0.30519933842412739,0.25013351391892846,-0.95472186354967692,-0.16105709694018822,-0.26032204645270834,-0.22653577373121483,0.93857017603942328,4.5513331057454147,-10.963093861853922,-1.4965808306810682,,0.2894825989235112,0.1481481481481481,False,4
-0.54091581316494874,-0.76739497291210168,-0.34426013219270352,0.82506121431768509,-0.56362705810509905,-0.039981645794280284,-0.16335261153936292,-0.30566238715456467,0.93802261666883269,4.6343139270178764,-18.553627816929041,-1.4450614372290631,,0.3164856511964928,0.1904761904761905,False,3
-0.8174357865627353,0.54694464431154055,-0.18069391496529141,-0.52513769175655745,-0.83651926892338047,-0.15641584771527353,-0.23670475183898745,-0.032970726088682956,0.97102203459964176,9.0704732686413685,-14.797510448746037,-0.14678011467944346,,0.2200642158248815,0.2857142857142857,False,4
-0.1233972641488924,-0.95607571740562614,-0.26588030725852119,0.99082271904009567,-0.13359663481996917,0.020549418453366164,-0.055167514304708294,-0.26090450696010786,0.96378700116433569,-1.671237011998314,16.259333520896334,-3.4982405507143355,,0.5037917766451707,0.8571428571428571,True,5
-0.8052154274790857,0.54818396604509478,-0.22610275257223936,-0.56156251365304166,-0.82741131685053582,-0.0061689551254435213,-0.19046169853634726,0.12200349223990513,0.9740839231154147,-25.24112708730863,-7.0688077764164543,-10.618047884365708,,0.2126820834390692,0.2272727272727273,False,1
-0.146875528614553,-0.94536626285128489,-0.29105018150963458,0.9870474380313502,-0.15927187327309053,0.019230846570782213,-0.06453630117959927,-0.28445579524185516,0.95651448832904795,-3.5723784266364493,17.639794362073367,-4.0577379806795513,,0.09226772542230059,0.1666666666666667,False,5
-0.8582752804707876,-0.44118321663876886,-0.26214673808586697,0.45993521780373686,-0.88787701479977643,-0.011575923896897948,-0.22764695991077941,-0.130505846407381,0.96495859273694917,2.296486341373265,4.6848948669618107,-2.2609492152410073,,0.2296718522934114,0.8481848184818482,True,4
-0.50138932557015237,-0.7903878242314909,-0.35198839684131383,0.85269111570928213,-0.52037628487896148,-0.046112724122853992,-0.14671947857993475,-0.32325780646750168,0.93486779020514554,-23.62857692105986,-2.561550191081631,-10.019027742949758,,0.1898671431447135,0.2631578947368421,False,1
0.3866356247788717,0.90378255262919904,-0.18354833481919874,-0.91189163859946121,0.40437309102174429,0.070256976236598434,0.13771903682585532,0.14021234189817006,0.98049679554559976,-11.515316218079626,14.987311741612068,-6.2591744119822446,,0.08901152630646697,0.2941176470588235,False,2
-0.95842490241546074,-0.12949962523015626,-0.25426669757395426,0.16541830605889302,-0.97823097718987162,-0.12530338896756546,-0.23250481812324233,-0.16215425474343773,0.95898253749381668,-3.9637790015691214,14.920699253753494,-4.09428122029699,,0.1631425488847797,0.5285714285714286,True,5
-0.12128048593419619,-0.90357491404121382,-0.41090560770933593,0.98801705614658786,-0.14970141126088052,0.037573717275933449,-0.095463817726907735,-0.40142479019352328,0.91090328648166052,-17.300345105640137,7.2756959598276323,-7.9437015049105106,,0.6586895423004413,0.6685393258426966,False,3
-0.51543591942890887,-0.77249585784007258,-0.3709123381372027,0.84111322727793014,-0.53884846753964832,-0.046592573746024206,-0.16387297477186755,-0.33599475985512656,0.92749833934585324,-3.8119398305206804,-22.968982107679189,-4.0094413869641876,,0.1898521679535379,0.12,False,2
-0.2140874030638818,0.97510444077385894,0.057774678125139201,-0.97631391921853228,-0.2117097876669719,-0.044610502644057248,-0.031268434394973295,-0.065956769092384571,0.99733243686414896,-5.5549789336106699,-6.1054829101858159,-4.3747994835381165,0.6937417509443484,0.7482341830741379,0.5347517730496454,True,2
-0.84583706807753989,-0.42370164651100239,-0.32409345721544131,0.48358470030265543,-0.86550322278735692,-0.13057568295012062,-0.22517879984399594,-0.26717239020633304,0.9369703421198845,-7.5598320360091309,-8.1798852225219392,-5.1182074338502064,,0.2513918355680154,0.3666666666666666,False,1
-0.099811492642429819,0.98365994192437445,-0.14983585882500342,-0.99497667154189606,-0.097506992011700905,0.022667368533654284,0.0076869385258767804,0.15134564797894332,0.98845101336077001,-6.5787636563338587,-13.169004980085175,-4.8287960521058455,0.5118081886726692,0.4567316435728217,0.7448979591836735,True,4
0.0209406087852059,0.98588171589756113,-0.16612866448203284,-0.99934993414001572,0.025517979266818758,0.025466485200811139,0.02934620994353233,0.1654873862051639,0.98577518987288981,-4.1574355417974909,-6.1924132102790272,-4.0236870134523413,,0.08060754325572618,0.1607142857142857,False,3
-0.19466515130066614,-0.94012518258641253,-0.27976797517934943,0.97841090944576992,-0.20629436453829053,0.012438948397843607,-0.069408725291493806,-0.27130660925714145,0.95998705857256383,0.22779023108683355,4.6580836165556265,-2.8721833303632245,,0.08999523758265639,0.3532110091743119,False,6
0.95787612589279736,0.17620091523310727,-0.22677425981716098,-0.1470746900138804,0.97922278748147462,0.1396129221609943,0.24666244749034424,-0.10037913103840976,0.9638888250467722,1.8157408960791783,-7.5866188627424052,-2.3592289156733823,0.6461369067049015,0.4554897492958367,0.3709677419354839,True,4
0.96746163272648178,0.087203864259743871,-0.23751521058740321,-0.059161064299190026,0.99067298516552205,0.12274772883528685,0.24600397897838447,-0.10470206550685701,0.96359717714686199,-8.0069940998671374,-12.600360206695191,-5.1869188156405208,,0.09939391118549751,0.3,False,1
-0.69534684144930548,-0.65009325360823222,-0.3063846140058904,0.69329854327729368,-0.71906866707738937,-0.04772192281468518,-0.18928787593519619,-0.24559929486993839,0.95071083215840801,-4.6432341836535684,12.780891444287111,-4.2776152335081505,,0.1130265983831688,0.1923076923076923,True,5
-0.8070818878351036,0.5649128981096142,-0.17173305994456453,-0.56179693271820941,-0.82422087064707061,-0.071022269593404394,-0.18166736833272684,0.039158318901390196,0.98258006968586531,0.037003536872268206,-11.273845321739834,-2.8374600152570286,,0.1323669559437957,0.4186046511627907,True,5
-0.54982676312281509,0.81652084496664001,-0.17602340835483438,-0.82921358572062309,-0.55892599456723469,-0.0025616114801958302,-0.10047566775212599,0.1445525590641433,0.98438264808852283,7.5186048017199285,8.6317821733357345,-0.83303540419269939,,0.1492358635755699,0.3255813953488372,True,5
0.25758963453077233,0.95140016963703777,-0.16877587919166892,-0.96278669648961657,0.26750441694604671,0.038511868001554296,0.081788490907441669,0.1525749131704596,0.98490179136100275,-1.6936425903645762,-25.575161474978856,-3.299462526807043,0.2851769213968532,0.2915788897996272,0.6296296296296297,True,5
0.39110869460335906,-0.87622018843819538,-0.28155313952962963,0.91708068921956887,0.39677825020630164,0.039115593102850392,0.077440289683205779,-0.27350539580885791,0.95874803780619156,5.9664979699668388,9.7472876909104293,-1.2878092579126386,,0.07717614305519863,0.3793103448275862,False,1
0.88853856030202916,-0.32234738475442437,-0.32648336925236787,0.40196881856687927,0.88999144165013633,0.21525868783734817,0.2211793294056707,-0.32250177880361008,0.92036531166279989,-5.3439932048851642,-19.331508555264115,-4.418737245150866,,0.3791935916723078,0.3181818181818182,False,4
0.96862333818830193,0.036217596054210391,-0.24588028479933785,0.030207364891743704,0.9648343840296314,0.26111707431812664,0.24669078584991067,-0.26035148766660643,0.93346706371812493,-3.0952853908558313,-16.626895948807629,-3.7114402245531037,,0.3449284457622384,0.3,False,3
0.078099637811712211,0.98099445385060513,-0.17762412023155302,-0.99568038146115745,0.085725723744180332,0.035660598170837922,0.050209805287860163,0.17407177198756357,0.98345207999681705,10.997861262372515,5.996067628836844,0.15486361630245046,,0.1286507875111905,0.2745098039215687,True,2
-0.94547870699069536,0.23346099711056451,-0.22708143353287039,-0.2180401253342322,-0.97167496521923091,-0.091138716857536675,-0.24192667974292287,-0.036656851942670744,0.96960185480134997,-0.39695985479188478,6.2414463443400097,-3.0344962869789023,,0.09878823319187444,0.2441860465116279,False,5
-0.95450465837089615,0.19488587507198166,-0.22569969615771568,-0.18069008452066834,-0.9801041509656766,-0.082139799219153015,-0.23721709572493072,-0.037621123817304876,0.97072792302403177,-6.2150558487726437,2.8964177655786765,-4.6971758817264382,0.3286584346766854,0.3058905724380167,0.4696969696969697,True,5
0.14414774843517722,-0.92783958955831103,-0.34399872480771626,0.9895021057977581,0.13878417790248604,0.040305515574608916,0.010344527194261176,-0.34619741190857722,0.93810465447354607,-4.1553546418441343,8.604549265528707,-4.1158624957594592,,0.2840653058167224,0.3111111111111111,True,4
-0.87768037278026267,0.45505027487954341,-0.15035428350516347,-0.42853403850661553,-0.88564128047948387,-0.17888012788420868,-0.21455941153328531,-0.092567649007157096,0.97231450121849894,-4.6996068253120455,-8.0498641926976759,-4.2212914373499757,,0.2637001074804519,0.2837837837837838,False,2
-0.65919324566479531,0.73160222431142274,-0.17384605331295375,-0.73722442951526534,-0.67431999990307445,-0.042340031372311279,-0.14820393178253927,0.10025329477525959,0.98386222180288052,-18.431011663585604,8.7335864979632358,-8.3136500238857582,,0.3425795620814775,0.64,False,5
-0.16170267419308912,0.97908936824639436,-0.1234352224678162,-0.98683686526776138,-0.16072263109301246,0.017923091335967575,-0.0022905255514238665,0.12470863980260151,0.99219076222835434,-7.4200613641320308,6.2836773009733458,-5.1126099433374899,,0.3999045553204065,0.4698795180722892,True,5
-0.81391116895839755,-0.46445328584059931,-0.34904405784462916,0.52998691609593929,-0.83968249450851951,-0.11852078797858823,-0.23803881576728192,-0.28145417688821089,0.92958112529261772,4.0103181903123728,4.7250232286309863,-1.7188954307408775,,0.2356439246268877,0.2058823529411765,False,2
-0.69892587029908926,0.70590871819723966,-0.11487170843942149,-0.69152985270998391,-0.70800067978990755,-0.14325327300951135,-0.1824529819914418,-0.020686202893708538,0.98299694321613829,-0.82986184502306071,-15.406178864193905,-2.9670492419823624,,0.3492965442999382,0.1470588235294118,False,5
0.69265562067316344,0.68643703085796415,-0.22143259429627346,-0.69556673676142078,0.7169405391440542,0.046724490825503978,0.19082742428944591,0.12165716583389743,0.97405565967264951,10.471300688397372,5.150424547095624,0.019483341160656403,,0.2651792962152208,0.7484276729559748,True,5
-0.91888240662913723,-0.29299095502391564,-0.2642185138509795,0.30578609271210105,-0.95206912257184872,-0.0076974897945859743,-0.24929899376313711,-0.087867434920141513,0.96443212596286088,-2.2862269452283597,8.8836304156889696,-3.5987413503408496,,0.1498881351282185,0.2058823529411765,False,5
0.087214368751052235,-0.92593295540997489,-0.36748036133799578,0.99615509292090809,0.077991857623148739,0.039903646352517141,-0.0082876251780444089,-0.36954760482276028,0.92917483986527993,-8.4288978549471842,17.087183360026884,-5.4363716960180595,,0.1321546212445363,0.4333333333333333,True,5
0.17188685496021711,0.97929459159287213,-0.10694396649103813,-0.98405382667943953,0.17572817141469252,0.02752591449527594,0.045749046869175788,0.10050727659328695,0.99388395301582566,-14.776525618693046,7.2189942549964314,-7.2594810328718413,,0.4356524776282897,0.1071428571428571,False,3
-0.57881078143785336,-0.72147733931666447,-0.38006384745704214,0.78698973179067788,-0.61630287933590777,-0.028599352760295297,-0.21360065858358154,-0.31565995909335376,0.92451800895268865,2.5739907302003036,11.240757985071637,-2.2913594898905951,,0.1649172656497486,0.3043478260869565,False,2
0.63469410991410047,-0.70719329480227011,-0.31151409378558953,0.75947041859844611,0.64529685137134862,0.0824418394028473,0.14271674784078073,-0.28891108908612867,0.94665849834500393,-6.7348130671306086,-7.1188157524601303,-4.8380659019712162,,0.1491233525140934,0.2467532467532468,False,1
-0.77588600363472904,-0.57650766231003381,-0.25620270229166126,0.59650589734595427,-0.80260857716291956,-0.00043162021764103385,-0.20538165398892722,-0.15316131091869922,0.96662298185095863,5.0526077951500392,10.281051421223067,-1.5429387782199622,,0.07600136770911994,0.4761904761904762,False,2
-0.96802155608152196,-0.0024059476639836652,-0.25085549301808807,0.049568519174892245,-0.98207428866126445,-0.18185998311140616,-0.24592118426097045,-0.18847891915625684,0.95078834036044646,-21.404688822767834,-6.3033699553658691,-9.5323319739190584,,0.715304804184665,0.2916666666666667,False,1
0.55809843806929571,0.82735091998730692,-0.06337656207754766,-0.81581586926995409,0.56105766199528617,0.14020972635196266,0.1515605518329928,-0.026547224196517977,0.98809141480712104,-2.3451886888941926,-17.832124259452534,-3.5315600629403154,,0.211312627819685,0.3,False,4
-0.84542575297998757,0.51426518109319719,-0.14417565575852653,-0.49231225044518301,-0.8550257214874315,-0.16297135839311039,-0.20708438922289499,-0.066800741837776567,0.97603981303536103,-17.82355505638386,-1.5159140115574348,-8.3446855990830517,,0.128937321965501,0.28,False,3
0.76812419784315678,0.60134014433970817,-0.2199437371086205,-0.60516099064665174,0.79402584117183728,0.057472941032453241,0.20920179752423265,0.088955013106939276,0.97381805978107383,-2.1650588001502515,-12.963097040092183,-3.4168190806527079,0.4368571019044375,0.2822807185266968,0.7361963190184049,True,5
-0.96766452017394677,-0.038766036323823139,-0.24924399857221621,0.057825523592437714,-0.99589723474320113,-0.069605363673408679,-0.24552308489791197,-0.081767305560273229,0.9659360861483679,-3.1119368644881975,9.5674110823234901,-3.8440251492436555,,0.0816583998117394,0.3548387096774194,False,5
0.17605669428388487,-0.92558857524603144,-0.33509674688342111,0.9841452888437533,0.17293610362816086,0.039384698914108687,0.021496298390087116,-0.33671782464837063,0.94136019446309349,9.3003352812581639,8.1650906307692299,-0.30982508358011829,,0.1744814349312032,0.3809523809523809,False,1
-0.65059495681296275,0.75596113181428959,-0.072449771259786855,-0.74407408766940197,-0.65362124653734321,-0.13832215344591442,-0.15192088147613075,-0.036083697995438008,0.98773377613124447,-2.8969527328227462,-24.662216673067704,-3.6694645331841445,,0.3034866501426939,0.55,False,5
0.947787408662223,0.23830197241557804,-0.21192262249272559,-0.20481681140715421,0.9642316872941914,0.16824781419918697,0.24443629384024654,-0.11605784402892842,0.96269490239275846,2.8979059460794665,-19.616405729872287,-1.9479709957861402,,0.7479418621241758,0.875,False,1
-0.96491480750298331,-0.011107608664632937,-0.26232810617857066,0.017096228526999213,-0.99964249359388935,-0.020557333765474962,-0.26200597938145359,-0.024320897005371621,0.96475974249406837,3.6254195267193219,-10.134424100913748,-1.8020248662294949,,0.1010844736154788,0.2982456140350877,True,5
0.13549940257073234,0.98641647431889601,0.092857154249165796,-0.98911354396775808,0.12924712455219489,0.070353236844737141,0.057396071664503528,-0.1013790904835323,0.99319080290255179,-16.069484692079239,6.4866223843605866,-7.6532610468959286,,0.7743603895437017,0.4615384615384616,False,1
-0.51601053146551989,0.84350986807479034,-0.14907794564295015,-0.8470236157030625,-0.52839266665740525,-0.057898050606113846,-0.12760927026663668,0.096396536675997777,0.9871289590822927,-23.544938735778683,-0.59376243615616719,-9.9774148683731703,,0.1894776132429407,0.4,False,2
0.8581862940675099,0.49804383725989093,-0.12437291040302,-0.46129791172591611,0.85450377804599087,0.23880437588628492,0.22521216954681464,-0.14756567850476782,0.96307001262392433,-3.059865718101936,12.301605171077668,-3.8399331592329484,0.2008164909683041,0.1271989786814156,0.24,True,5
0.94288211853966286,0.2313110261167711,-0.23972592628867928,-0.22812963050017479,0.972752933290148,0.041335244807168291,0.24275539587414438,0.015714323791410106,0.96996024547492032,-3.6770991603243299,-8.0868964493555016,-3.8406203243388295,0.2370310913510289,0.1747476662802876,0.791095890410959,True,5
-0.96132921887284561,-0.1071193918255624,-0.25371552738499625,0.12438123821213479,-0.99082046271180002,-0.052953925750517286,-0.24571414391959889,-0.082463607527786018,0.96582830405376008,0.35472142885033303,2.6552012421497784,-2.7900521431787015,,0.1094880211834617,0.32,False,5
0.66584946755761365,0.72003749580785625,-0.19542387567540026,-0.72271861886105526,0.68751693053923169,0.070698431195342429,0.1852627445138699,0.094161960752022489,0.97816728663481878,-7.0278360533884818,1.9038092770713113,-4.9043686941587463,,0.06663521888662095,0.2,False,1
-0.87711827932401298,-0.40145000161651345,-0.26363122022587887,0.42835606739635823,-0.90214661933797435,-0.05140580455350266,-0.2171971537576195,-0.15801700357609538,0.96325283440040987,-17.873936814323393,3.3855429542604827,-8.2002850345301024,,0.08345098904575005,0.2692307692307692,False,2
0.92257375301836586,-0.20390784837222609,-0.32753512729754347,0.30698987211295181,0.90217280111077214,0.30305355196073602,0.23369828553432362,-0.38013921963953456,0.89491859128647289,5.858572972739517,-15.006014025328231,-1.1163901735946067,,0.6391990113329811,0.2735042735042735,False,2
-0.44387809538534595,-0.84093572680522344,-0.30951468433605733,0.88420081919684523,-0.46710575313711861,0.0010614696576038462,-0.14546871749179024,-0.27320197431346821,0.95089407057911435,1.4876277127060482,10.515292892838151,-2.5896983653176231,,0.1308403899586103,0.1276595744680851,False,5
-0.48735956103816513,0.8670812097651851,-0.10320287756080609,-0.86356767489430042,-0.49611230544995405,-0.090130190606610858,-0.12935041222330765,0.045196858887262409,0.99056837967117961,11.829687668703691,-7.9886053138454001,0.55813616902519947,,0.2112008914785692,0.3076923076923077,False,2
-0.68538264485210809,0.70923456863598533,-0.16503622871132612,-0.71763562968222339,-0.69631386456444977,-0.012087391195799834,-0.12348980988781334,0.11015138976449249,0.98621343439786047,-18.593949595856429,2.0628088932001121,-8.3963365570309669,,0.1808465781566269,0.3235294117647059,False,4
-0.58684100750416657,-0.71721100481900557,-0.37580048759681861,0.79196964606524578,-0.60502355279665432,-0.082040113801744349,-0.16852807369332759,-0.3457670821923714,0.92306197692754621,-16.905091235491806,13.221428025872385,-7.8160394263944477,,0.2010959481224492,0.4090909090909091,False,2
-0.97900788378213299,0.10966042729678917,-0.17180848109891608,-0.078043036116049791,-0.9803749796963297,-0.18103641539538867,-0.18828926683754427,-0.16382762242829615,0.96835306687347933,-21.747791434881048,-3.7816154033094507,-9.4795716352218289,,0.3316545103615998,0.5277777777777778,False,2
-0.16861785494662498,-0.87175946323063569,-0.46000375787707881,0.98397410890064108,-0.17632799273217367,-0.026521538270493396,-0.057991137308985988,-0.45710379264109996,0.88752078890960862,7.3961117385620119,-15.80688000351183,-0.64720318389567977,,0.2853143621394525,0.2962962962962963,False,5
0.72234763564172555,0.66474731666578235,-0.19059091864108293,-0.65573424688668525,0.74595148577167658,0.11648595767293447,0.2196053067272315,0.040833636388045672,0.97473387311438409,-0.83386494043166637,15.026020744855408,-3.2809640682843,,0.5203730230287474,0.3720930232558139,True,5
0.31494671940814634,0.94294338645380871,-0.10801080444599777,-0.94479456194734968,0.3223172579837259,0.058947611661287841,0.090398006884909093,0.083482663762469295,0.99240054675637934,2.7081405689524263,-12.273058209487774,-2.0075422610806273,0.3268677732988451,0.4765286305206711,0.5076923076923077,True,5
0.30575734105274521,0.9489082891393823,-0.078009660907655237,-0.94690049966871748,0.3116209829321871,0.079194739241394058,0.099457991732640805,0.049653013996631773,0.99380213628345637,9.7950513379227964,-8.2303700679345742,-0.043585477921880743,,0.4701316357515611,0.2222222222222222,False,1
-0.40178239644751057,0.89884314595956272,-0.17507685417099647,-0.9122117973764764,-0.40960879677071177,-0.0095010702149210795,-0.080252991421345593,0.15588980906257677,0.98450892570781667,6.4139535513231216,-18.278246015432199,-0.85643276447561678,,0.4767409452489693,0.1111111111111111,False,1
0.63782379583230953,-0.71840819121045529,-0.27761569889288668,0.75710477094102568,0.65098761750156964,0.054840565988755578,0.14132647058637393,-0.24516278808447203,0.95912566228323126,-2.8497125106142391,-20.102348435381657,-3.6301819694468334,0.4140068228499571,0.5067550379526395,0.9731543624161074,True,5
-0.93657798064915376,-0.15738065023013362,-0.31313418385141745,0.2020160551738257,-0.97255726235173878,-0.11542047001679062,-0.28637597597417042,-0.17135840329564087,0.94266913495924431,-14.686982859474892,-1.7703646837287084,-7.253033749037308,0.6097446450538352,0.2804593745838667,0.2580645161290323,True,3
0.93378853838429265,-0.21521897022176001,-0.28586668298144319,0.25631442667597465,0.95976616631704481,0.11468138763919404,0.24968356025155961,-0.18035992029763656,0.95138237259807268,3.6623175083105237,11.308681121087204,-1.9697238445649634,,0.1773192742646082,0.4705882352941176,False,2
-0.82729557739282156,-0.43897441090857636,-0.35054742074895889,0.49592236128774331,-0.86383025535595914,-0.088647061465392918,-0.26389967639439849,-0.24718162654034076,0.93234017627677346,-5.7906758993035492,-10.904168254160904,-4.5523317316907415,,0.3610069487280887,0.2961538461538462,False,4
0.65726753485401723,0.71838519413020507,-0.22786421500848184,-0.73078043718770613,0.68141707024964382,0.040382285672538772,0.18428060193810264,0.13997674530757143,0.97285516420607587,-3.2074164303129491,-4.8905638191981993,-3.6398300025089827,,0.07923228937048754,0.1731843575418995,False,4
-0.94823821757298454,-0.12400177688430997,-0.29234883626165464,0.17607342246451066,-0.9714423729207311,-0.15905302887959719,-0.26427718901873443,-0.20229502075847999,0.94299220142092532,-14.150447662907339,11.44145083304449,-6.9906936556907189,,0.3229976165004145,0.5,False,2
-0.46334520215882563,-0.77607311002274848,-0.42781041541320386,0.87522030074535617,-0.47644113694254564,-0.083625762729584649,-0.13892677495575628,-0.41317595637756505,0.8999916556679175,-16.027395833304737,-3.2690647586823069,-7.7131225699255825,,0.5347287848845591,0.2590361445783133,False,3
0.40325731017076061,-0.84248600552438146,-0.35721264295852528,0.91058128056537124,0.40812413891141192,0.065394332489505963,0.090693292352700586,-0.35164188847944511,0.93173102824196929,2.3952169158441365,-14.257775538652563,-2.1045048300162295,,0.09367113898840596,0.3255813953488372,False,5
-0.089103922301589811,-0.92781134474272853,-0.3622521215909752,0.99426554480168883,-0.10444727301544925,0.022951984224415963,-0.059131357592007563,-0.35812969121021876,0.93179751385319787,6.0653308957822043,-20.835643602052972,-0.99138362180325423,,0.3310819047974118,0.6585365853658537,False,5
-0.91860335498469448,-0.29733088559457338,-0.26031177591958798,0.31467277651961273,-0.94882525551646302,-0.02667729768092908,-0.23905840275610651,-0.10641888444099491,0.96515599832671273,1.9284091595177042,-11.182132193566659,-2.2708305454077196,,0.06866926571241427,0.2790697674418605,False,4
-0.80374080606480125,0.5603291641369007,-0.20007984527169831,-0.56277022951094902,-0.82509925271498086,-0.050008918658328502,-0.19310718640821861,0.072404771851194732,0.97850251076360495,8.3233091701497646,8.2491738751231694,-0.58663634228907291,,0.08018438393948313,0.4117647058823529,False,5
-0.96988663664440111,0.11711162764034516,-0.21355275397438084,-0.079487644889881262,-0.98100102743735884,-0.17697089725914963,-0.23022082088393622,-0.15466690285344667,0.96076871451627266,7.9129502655408164,-9.296561271815234,-0.53973054446192392,,0.2501866086246918,0.2553191489361702,False,5
-0.23943673872724175,0.96810399022917137,-0.073788293448338815,-0.96617015175100907,-0.24508021415543446,-0.080317659919585366,-0.095839897814503167,0.052061048125080306,0.99403438635442742,5.7380527827027361,-6.2140915457929715,-1.2211841040087719,,0.6482148472191407,0.4698795180722892,False,4
0.13017421781233843,0.96783650403658483,-0.21528393918541447,-0.98986686712457617,0.13928391712534499,0.027632875333538177,0.056729695803209371,0.20950535049125457,0.97616046310512583,-2.4582010389362416,14.128012314079045,-3.6958552394176145,,0.07986202949093649,0.2727272727272727,False,5
0.62026542970306153,-0.67480602068447593,-0.39988452228519666,0.76183528925052402,0.63964309689157073,0.10229223162846839,0.186755960461368,-0.3680944757082672,0.91083954030619962,-7.092142380659892,-15.24910316723736,-4.8927460370793847,,0.4126947904469405,0.3636363636363636,False,4
-0.95518523262139754,0.23262318298718157,-0.18305088396104288,-0.19126791636336812,-0.95699931457407272,-0.21810294834039062,-0.22591537254472663,-0.17331695428222729,0.95860496441772625,-11.849828120276195,17.127758077015525,-6.3482666166314017,,0.249044385909892,0.1666666666666667,False,2
0.26589937245228346,0.94748631528062199,-0.17767162431134409,-0.95717401495109022,0.28138892067331511,0.068104188011582328,0.11452261275351663,0.15195380113131882,0.9817304179304277,-1.3117383913635772,-4.8505279738197533,-3.2287173509906171,0.5530613862716381,0.3493569621408182,0.4308571428571429,True,4
0.038754548710021625,0.99808275277552194,0.048258714926112362,-0.99869844994689005,0.03708541135051336,0.035015401449129555,0.033158573973605165,-0.049552909874198414,0.99822092649625294,7.9691920605230484,-6.6500516891693016,-0.55154188349111677,,0.7516978856329333,0.3259493670886076,False,1
0.8497533526619494,0.50115050259945004,-0.1636074979458354,-0.4687701239223373,0.86028113818497975,0.2004268799362835,0.24119247616294792,-0.093619106102737937,0.96595116461180963,-12.340625140856494,2.8506763734424245,-6.5197939870367616,0.8211002080962472,0.6647733493337551,0.313953488372093,True,3
0.064405215962141202,-0.95030047844704735,-0.30459968617873601,0.99772084723351095,0.067475252494731755,0.00044866069509214403,0.020126578261519812,-0.30393435305027083,0.95248035669162134,-2.9418457001654006,21.307186337035272,-3.8670778127458978,,0.2840956416853648,0.7714285714285715,False,3
-0.81017348886966789,-0.52349410439885669,-0.26376664040850462,0.54472717777525559,-0.83856643774165796,-0.0088674283911547545,-0.21654380555849584,-0.15086501301794913,0.96454576258534219,-15.426614704498613,8.9953985824144649,-7.3820714603218409,0.9574844608001838,0.7787563346733929,0.7164179104477612,True,2
0.0061675517779195034,-0.92416554587192523,-0.38194241074841595,0.99977964119181639,-0.0019654151594554956,0.020899909129288657,-0.020065651333266564,-0.38198714764569763,0.92394977605391215,2.3785380621711094,14.83292605164039,-2.3602764419021667,,0.3040014543140134,0.7738095238095238,False,3
-0.93905992832338536,-0.22181890038236488,-0.26260774255614971,0.24694683571013357,-0.96674669671485625,-0.066468674754857182,-0.23913115930390746,-0.12726822000826912,0.96261055927404859,14.556011397569396,-8.4474669373333793,1.2963222471426763,0.5570959737026985,0.4929556268425639,0.6666666666666666,True,6
-0.11977746164444959,0.98808494561194926,-0.096651435255993651,-0.99256290781734868,-0.12131085416319788,-0.01012673132679566,-0.021730938939267308,0.094719675449330354,0.99526677296873112,-21.213039238709452,7.4263311090983732,-9.1987204951629629,0.4143526996446289,0.3858512004324318,0.6585365853658537,True,4
-0.90655753723984334,-0.33607635514835577,-0.25535488086940467,0.34863972621509864,-0.93724735737214693,-0.0042109860591359495,-0.23791547444059374,-0.092844356905119857,0.9668382245301349,-10.594288581712581,5.9094741022035597,-5.9386444862786467,,0.08325968602026228,0.3333333333333333,False,4
0.11949151311305881,0.99220830726517162,0.0352768094920001,-0.99139020325646976,0.11732594140493006,0.058138527333803584,0.053546644909351855,-0.041920143933794868,0.99768504967826543,-3.693141729657051,-1.7606008202896219,-3.894504843014285,,0.2562089496073727,0.1966364812419146,False,2
-0.9615499822132032,0.14008796581223967,-0.23621387245540232,-0.13275798671241734,-0.99004591319333568,-0.046737637223548713,-0.24040995958956018,-0.013581296100267506,0.9705764265251775,-12.686250192463808,6.5489811108710914,-6.6150705914065107,,0.0711843143498695,0.2826086956521739,False,3
0.73559047361943586,0.66490682239008581,-0.12963630918633545,-0.63989196140930416,0.74480682447015201,0.18921171196954079,0.22236216594576047,-0.056229100666911586,0.97334133550060575,7.0912276378442893,9.9982353955038583,-0.96867158837292811,,0.3978254904438699,0.3,False,3
