axis_00,axis_01,axis_02,axis_10,axis_11,axis_12,axis_20,axis_21,axis_22,location_x,location_y,location_z,dbh,dbh_approximation,score,reconstructed,number_clusters
0.59355540514764882,-0.7507017295822177,-0.29006705125242638,0.80042628275294825,0.58815309099886293,0.11573118605968466,0.083724231249433428,-0.30087016261296257,0.94998284108237507,10.078068114972199,8.171157150541573,-2.2823442274544607,,0.3555742320700012,0.3333333333333333,False,4
-0.99607099567377633,0.060559253720037766,-0.064615387999500826,-0.044931224739249091,-0.97434108603737823,-0.22054621534484559,-0.076313541530222767,-0.21677643979080385,0.97323389713405484,7.4402857871858306,4.6081201933253739,-2.1360092614548898,0.2855434545623643,0.1839292525468522,0.2173913043478261,True,5
-0.98623008118528421,0.15822078721131203,-0.04812909161308624,-0.15290142932603237,-0.98324967555040965,-0.099202965883441172,-0.063018885068877928,-0.090477942197242631,0.99390259185718399,0.9790651174901428,2.2613344203415062,-2.2707579932393553,,0.3555349001845624,0.2,False,2
0.99443809795941795,0.077598555174227632,-0.071213296242541663,-0.068930153918011702,0.99073540658367421,0.11701276862941767,0.079633555789597105,-0.11145321160179618,0.99057391365609382,-14.754834187633572,-3.2378485272147062,-2.7507783547862732,,0.0840002925390029,0.3592233009708738,False,5
-0.84908201921784587,0.52494190428660648,-0.059124629088892613,-0.52681493075753938,-0.84971324361692935,0.021293951087766445,-0.039060893126972758,0.049228048366256917,0.99802346960488586,-3.7205331159219921,-9.5271430546269151,-1.5481000590231226,,0.07356226137439685,0.1111111111111111,False,2
-0.099402808230523693,0.99267600559851443,0.068654421742988234,-0.9938835269310814,-0.10238590370615902,0.041384316078773797,0.048110462593083186,-0.064120781586405357,0.99678177589572126,-7.5071242449379021,11.972007923404176,-3.6180504805244467,0.4269867251622466,0.2682736711955603,0.2777777777777778,True,5
0.92828365058929929,0.36783554672141205,-0.054648646980171176,-0.36039124254543758,0.92609046516790006,0.11168976059450808,0.091693055054127587,-0.083984884909503996,0.99223934751731047,-12.473604195834849,-3.752022553661845,-2.5792714791481504,,0.0706377892737651,0.2941176470588235,False,4
-0.67451153922737261,-0.70502446815574693,-0.21903123692941168,0.73078200113631409,-0.67974629803915321,-0.062471090251992781,-0.10484202527768324,-0.20220155687772109,0.9737159134634189,21.877445658258292,-6.2846215541206361,-0.077938012387862105,,0.2895031030353641,0.2962962962962963,False,3
-0.61093147246621826,-0.76146013614958707,-0.21665917244674832,0.78440930770919992,-0.61922264028790452,-0.035571895283353222,-0.10707368457950694,-0.19168146183167512,0.97559901766075974,-11.546533377833121,11.377687157291154,-3.6997582317515829,,0.1430404013980435,0.4390243902439024,False,5
0.92244687331365993,-0.34379305783629843,-0.17577855186973651,0.38258044432577576,0.87531479836983606,0.29572995684283859,0.052191661530803984,-0.34004461051212492,0.93895989974455918,-11.796555095933098,0.82642955795672268,-2.9236759485283281,,0.194979717981468,0.3333333333333333,False,1
-0.86735835565748587,-0.48536461613849557,-0.1100484996348223,0.48876772807112318,-0.87240194594989384,-0.0045774118269612182,-0.093784811495984194,-0.057758411539548041,0.9939156780276146,-15.447645336668822,-8.2732946140874049,-2.4159625694669566,,0.07537992479745877,0.1851851851851852,False,3
0.95970674747376539,0.28098468701305179,0.0032503103705491115,-0.2662364115653405,0.90551186091967006,0.33040345471954158,0.089895116720198953,-0.31795577585251517,0.94383419761729737,-4.8240038276958099,-10.826909006357971,-1.5214268746702964,0.372248655596814,0.410431973824005,1.0,True,2
-0.37435418148188437,-0.92089135041508363,-0.10871093568593965,0.92411519316141244,-0.38018801283657833,0.038316897886183865,-0.076616294450167141,-0.086117336385062609,0.99333466052416985,-13.524231112404987,-3.5059973814608436,-2.6437802341147014,,0.07467619967835126,0.3106060606060606,False,4
-0.90997999617542602,0.41375824737346978,-0.027212484102095806,-0.41180214929843612,-0.90945850259641814,-0.057482361540477631,-0.048532426209297,-0.041101639693765679,0.99797558027274569,-20.847455091005159,-3.4991321548211611,-3.123615957220014,,0.08298922992668352,0.3170731707317073,False,3
-0.18805258687200674,0.96221968579158612,0.1968997228182098,-0.98146526145217372,-0.191638210377782,-0.00085842053661221163,0.03690752136574698,-0.19341166613816874,0.9804232566949308,-23.038267506021235,-5.8605188153542276,-3.1018140629681294,,0.3554183287160989,0.1714285714285714,False,1
-0.88338996874138687,-0.43098724175164427,-0.1840439093651362,0.4592305171515757,-0.87440306931217027,-0.15660972030545847,-0.093431767851139796,-0.22286603560158524,0.97036139398238863,6.194969852932064,1.880835718123703,-1.8880976403931704,,0.4456395366912991,0.3488372093023256,False,1
0.93048489944067136,0.35563361650044839,-0.087878226698633932,-0.32659610902782754,0.91399472829967754,0.2407251923008531,0.16593020665559366,-0.19529046944285633,0.96660684823976972,-14.424308084080167,-13.360309760101506,-1.9977809511556448,,0.4605245284474614,0.1904761904761905,False,2
0.53432319839052622,0.8430144912883375,-0.061848905726654448,-0.84089289599361761,0.53757033918435293,0.062588081107251697,0.086010796585001686,0.018566041772170284,0.99612119993689907,6.9760982982182371,-6.6187017438982956,-1.0545610882943386,0.3420253658809868,0.2324740648238043,0.5272727272727272,True,3
-0.79907623189386179,0.60074330033492951,0.02417979993726551,-0.60061644252871171,-0.79579928184468807,-0.077223001622805487,-0.027148933431429555,-0.076229850571661179,0.99672059540041613,3.6276981309152245,4.0140638389667291,-2.262716571639837,0.6959573894595712,0.1997157651788593,0.1428571428571428,True,5
-0.71450976462089832,0.6985387025154971,-0.038980473949851338,-0.69936150728890722,-0.7146610770712295,0.012370409935755437,-0.01921661739164033,0.036100221707864658,0.9991633978527571,-14.736070508160182,13.307244554334734,-4.0351960286304802,,0.07490193182585081,0.3333333333333333,False,1
0.41152599777890519,0.9053447404143361,0.10486779370319851,-0.90818667335657588,0.39770171314660552,0.13050024405254307,0.076441608366090152,-0.14894377584966484,0.98588662235880442,12.886053462173491,-1.5265532825413068,-1.1098295777025822,,0.2697151134691789,0.3513513513513514,False,4
-0.32183129932225008,0.93622026934735902,0.14112484557905408,-0.94606026261852949,-0.32386758802494547,-0.0089311209298757674,0.037344266905538978,-0.13638692272378533,0.9899515205499837,-10.389148824852693,-12.966556608264828,-1.7396082693101096,,0.2524731562600177,0.2432432432432433,False,5
-0.67078572703132633,-0.71197514024708342,-0.20769667325502,0.73600408116398708,-0.67353502265713006,-0.068180391346895963,-0.091348239835323045,-0.19860003253878564,0.97581428876327836,-3.5863508415731795,7.5679605038724995,-2.9644673558543237,,0.08645550891953599,0.3333333333333333,False,2
-0.81929611710122807,-0.55749253144095834,-0.13399981302376801,0.5656120013543211,-0.82414469762517784,-0.029471703382494024,-0.094004980861719906,-0.099937954571114568,0.99054301714227999,-1.5274172750228705,11.008489925706581,-3.2879927169152086,,0.655469842408733,0.103448275862069,False,1
0.9897267488657614,0.12515699073035821,-0.069113603949815375,-0.1162939526924712,0.98593281035161318,0.12005086438394272,0.083166574696642404,-0.11078005751709799,0.99035907614851337,-16.529160452676443,-8.4131528655873211,-2.4846118573874394,,0.07540958713001893,0.2894736842105263,False,3
-0.27112785211389789,-0.95236091946972579,-0.13963655278931508,0.95986560160709622,-0.27832688487126556,0.034527843971277949,-0.071747575983805587,-0.12467086357540054,0.98960065739459357,-2.8385064127317947,-1.3887041556737327,-2.1352514533785167,,0.3838943760263409,0.3871829105473965,False,3
0.96195557944437426,-0.25446891077007677,-0.099433578972753137,0.26652120204276558,0.95407699377420396,0.13676088187950092,0.060065897458702402,-0.15805905036495119,0.98560104736156406,-13.563363934828541,-1.5751828743668084,-2.8069588521434721,,0.08149833328108314,0.2216494845360825,False,4
0.030081426897964145,-0.99178805017276894,-0.12430434944232652,0.99784359246722398,0.022538845447605062,0.061645481732194148,-0.058337575608588196,-0.12589068265914899,0.99032735158215546,10.514729706668554,-2.5596657384178778,-1.1720393123340946,0.7248745031438937,0.3857157732109761,0.2285714285714286,True,4
0.22104694694962129,-0.97025111861286872,-0.098747223124138167,0.97468442389584764,0.21629277172096173,0.056636655233899748,-0.033593467505914548,-0.10876674000695717,0.99349950941567544,-19.901461473586405,-1.1111197705452007,-3.2574264025438326,,0.2774456814809116,0.8619246861924686,True,3
-0.24185885710485738,0.97029455601698689,0.0057243168792211613,-0.96997766121145623,-0.24192617857091767,0.024800420819606494,0.025448575415713479,0.00044574193660935901,0.99967603318447096,4.6197640871469252,-10.546273409132109,-0.92232384426419145,0.4541394225110569,0.2936725709061508,0.5466666666666666,True,5
0.65774220345038581,0.75318852602645003,0.0090685204049492235,-0.74773540759986112,0.65143222954883551,0.12856053253819083,0.090922791541510201,-0.091340541749747012,0.99166019956997464,-13.731766257386109,6.904566449849673,-3.4588782349326017,,0.07509066379315288,0.2608695652173913,False,1
-0.51905569656619843,-0.80417870702260541,-0.28961662768845231,0.8508761512887254,-0.51832661335540042,-0.085716375656056207,-0.081184721655416014,-0.29091945459005375,0.95329686452372253,-9.9683657747331331,10.604541275175011,-3.5760438434234683,,0.6086112617504564,0.4691358024691358,False,2
-0.57182138936939375,-0.81039680742642295,-0.12758257393828309,0.81595021228690412,-0.57795147857191498,0.014047757311889328,-0.085120794924697679,-0.096068220185443073,0.9917284645213067,0.044989378867211341,3.4054554349535628,-2.409041254909019,,0.07300944625350711,0.2090909090909091,False,5
-0.13435012069738342,-0.94705588333310176,-0.29160795413149582,0.98880944891131595,-0.14738518201255557,0.023097226388156526,-0.064853055535559673,-0.28524158526989696,0.95625902307921651,-12.133665099424276,-8.3409522627249011,-2.2009918163554589,,0.2328696177100505,0.3428571428571429,False,3
0.49746295663463352,-0.83156605433271436,-0.24703947874347881,0.86745974689655569,0.47466860667932198,0.14900772244174071,-0.0066478786460295591,-0.28842262587153628,0.95748012751956102,-15.49198055354692,9.6460089166503451,-3.7691080652170754,,0.5418743170416261,0.3333333333333333,False,1
-0.42858992459010248,0.90279144954293877,0.035752974310013411,-0.90338973835518366,-0.42881813628828896,-0.0014094767802428146,0.014059060224850487,-0.032902957654298272,0.99935966408655696,-8.2179178050602726,-11.350620353076527,-1.6993162547261753,,0.254104858244634,0.5416666666666666,False,5
-0.74604382543312253,-0.64402708690328514,-0.16925637910572791,0.65934317492076566,-0.75001353138384474,-0.052404965666816426,-0.09319435722466328,-0.15069443943292637,0.98417782829399203,-5.5828488136476793,3.9636797889398756,-2.7432148921992376,0.4538794792835674,0.4904820842461004,0.3754045307443366,True,1
0.10634717087536216,-0.97898602347098806,-0.17400185371216609,0.99432366335134381,0.10412906895462867,0.021853821135166943,-0.0032759344273359725,-0.17533825266354658,0.98450280111664656,-8.6882325380463268,-9.6632075962365871,-1.8610405821156379,,0.3242790273148737,0.25,False,4
0.82317266484986307,0.56393407320441125,0.066069092040507149,-0.56207677620148333,0.79288535511093627,0.23537738061579494,0.080352109486455617,-0.23089212790757158,0.96965579654400591,-4.1072921797181161,-4.5044554246515363,-1.9610605018341563,,0.4709426855490245,0.3526970954356847,False,5
-0.9957369793069154,0.011301257969190929,-0.091543157084814322,0.00024251711704248815,-0.9921415162619025,-0.12512055344739753,-0.092237786325286064,-0.12460936272146202,0.98790925569910704,-4.6424693689060375,9.9917949301221523,-3.2762495883363254,0.9079805827332321,0.2362822117742898,0.3157894736842105,True,4
0.74978235864697451,0.66159440861924235,-0.01092030885713887,-0.63645228204764637,0.72560652320492169,0.2615791776093993,0.18098316865975067,-0.18917719726812005,0.96512024157389609,-20.207893963591214,-5.2775315108189718,-2.9745209973372857,,0.4550771048710228,0.7071428571428572,True,2
0.90463598997683292,0.42384710965620359,-0.044579740630899423,-0.41595451318770121,0.90085820462671051,0.12424306063327216,0.0928200872517293,-0.093851599841572042,0.99124987193429648,-14.324461659107378,10.602146521716101,-3.7914213419968883,,0.08322512638693136,0.2173913043478261,False,1
0.70691992198404907,-0.70040670706369845,-0.09846150822658456,0.7070589690764848,0.70338980047842758,0.072872510807694441,0.018216425296021292,-0.12113312215536179,0.99246910710929903,-13.931404396407155,7.9085959955053902,-3.5665631087696861,,0.1159497118357923,0.7241379310344828,False,1
-0.22095723067368281,-0.95530791701637963,-0.19637893445796079,0.9734260742619979,-0.22844059367201786,0.016017899664223977,-0.060162946735461992,-0.18762110448615094,0.9803972363238812,-8.3183245055236981,-7.4269984891515195,-2.0182727940526117,,0.1984647034797881,0.4778761061946903,False,9
0.44711595735267662,-0.83644286107292309,-0.31693952237097645,0.89439533164171192,0.41331088443306752,0.17097106055314698,-0.012012968746804006,-0.35991311864017789,0.93290848190623143,-2.0553872522411014,7.966280259404189,-2.9110361117212622,,0.4507828282730695,0.3080808080808081,False,1
0.89766310573228769,0.43526946230979835,-0.068858142493130631,-0.43038990754615142,0.89950208169254076,0.075236510506553264,0.094686197988305465,-0.037901190104354263,0.99478541590596026,11.402435839531087,1.568446407176638,-1.5515758422798589,0.1390417395211724,0.1244639547092706,0.3225806451612903,True,4
-0.97268419518176341,-0.21330988070816606,-0.091566103094285548,0.22878252071574637,-0.94768635926965872,-0.22259632222740997,-0.039293951933528373,-0.23746464841421713,0.97060111585293263,-3.0703905370806841,15.068256128823512,-3.7545915289235126,,0.5454904810705608,0.2291666666666667,False,3
0.9625808271826779,-0.25527980890953306,-0.090941576319214887,0.26396353382532156,0.95918208355324464,0.1014543414591255,0.061330285754752849,-0.12166326377986403,0.99067484387949978,-5.1129763249397904,14.882016515586047,-3.7784673904464601,,0.1085741142304644,0.2857142857142857,False,3
-0.97796068917096912,-0.1731484446777998,-0.1166726469310807,0.18963417074589384,-0.97042722857534192,-0.14936490660493545,-0.087360012143788524,-0.16819812765082379,0.98187454297022936,-6.9799870124411978,-15.788638502333454,-1.3397106504355287,,0.07459962347176408,0.6428571428571429,False,3
0.99613685863631207,0.067158420957710768,-0.056578311751482632,-0.047547434304796625,0.9541701755869535,0.29546322531136504,0.073828181321309139,-0.29163165554313591,0.9536772919221459,-6.8150444553628473,-9.2020867092855614,-1.7755723290806429,,0.1554169155110526,0.2195121951219512,False,5
-0.39797624579252172,0.91728431156740931,0.014296836615017752,-0.91684589248877912,-0.39822889418449159,0.028414032854446547,0.031757160001279601,-0.0017998858028241971,0.99949399357862667,-17.240925874700086,-4.350915877266603,-2.8431650894735419,,0.1314604354270559,0.2432432432432433,False,4
0.64633495814305209,0.74815628731577155,0.15004429889902635,-0.75766197916031364,0.60590362277208243,0.24254716087091888,0.09055079909695056,-0.27044956953477917,0.95846626603201668,-18.608726491960194,-10.222645803178862,-2.486489864659545,,0.3412773312729439,0.2222222222222222,False,1
-0.99390103031482069,-0.047266267641939974,-0.099632534256344274,0.0510427365607403,-0.99805816675002157,-0.035700627837344845,-0.097751629058200257,-0.040568407989348416,0.99438363989442258,6.6275123812178265,4.8588419239375522,-2.193453017761962,0.3942875939857839,0.1378037137782406,0.2,True,4
-0.98380198903804561,-0.1665951363145404,-0.066179354190911838,0.16917735921623547,-0.98494581780163826,-0.035507141868703872,-0.059267760995395435,-0.046128045172141238,0.99717577986791806,17.240311379308327,-6.27913537173084,-0.3631447450235597,0.282065961796154,0.2339527704875653,0.3333333333333333,True,5
0.98092628532486847,0.19371925241625426,-0.016014805713566574,-0.18290482182503354,0.94776811487585511,0.26130714987887765,0.065798547946808297,-0.25339386667391356,0.96512284162179862,0.85066994140292262,-12.265904612672674,-1.0270309847092376,,0.2687163564530295,0.1818181818181818,False,3
-0.23368335266105436,-0.96566245679815566,-0.11352581301025975,0.97006421662618536,-0.23948428340068043,0.040282671528695996,-0.066087111531035359,-0.10071393912767868,0.992718084933921,-10.991676432511639,3.9505939454939982,-3.1217572384610262,,0.314114197545398,0.3836477987421384,True,3
0.099143560351458437,-0.98891782848136811,-0.11050829359162337,0.99407572342616801,0.093460367105253572,0.055485276202726155,-0.044542233167840624,-0.11535461972650662,0.99232519930321983,-28.765273157045428,-0.42768298087748718,-3.890925061640317,,0.08761009505420896,0.3809523809523809,False,1
0.4859276252822981,0.87359689591161249,-0.026510496809805065,-0.86996426254711889,0.48637301636655805,0.081261742790471297,0.083883996556884444,-0.016424140893574801,0.99634016415958715,-13.291377518000385,-10.677228898814286,-2.0982342296042891,,0.0731859497922028,0.28,False,1
0.49870842276793403,0.85343727436526295,0.15144215986412435,-0.86264102740480852,0.47166501236572728,0.18270898704775149,0.084500691703066497,-0.22175873113370245,0.97143332157573936,6.8328248699020602,7.3100852943797001,-2.4552591535965429,,0.2966620491696316,0.1,False,1
-0.7316606914774596,-0.65478349087597976,-0.18955530228140133,0.66897203117944459,-0.74313345870270198,-0.015135522990953283,-0.13095439681956372,-0.1378812628054564,0.98175338212852548,-13.258342675904146,9.8674495694618383,-3.6651161298530703,,0.2208788766827298,0.5263157894736842,False,2
-0.74587314407777672,0.66567459158069286,-0.023464677014822508,-0.66600456721140899,-0.74587442653626046,0.01045257349883999,-0.010543689917481794,0.023423875919296219,0.99967002187713971,-7.483058492457654,-2.1323508474745432,-2.4229183739876414,0.7539919134148404,0.5016077297976638,0.936088623775032,True,5
0.78683409310889263,0.61270873804093851,0.074027780257066383,-0.61002407880613407,0.75392210890191125,0.24386897503705496,0.093609471733556202,-0.23704315226805592,0.96697870233247063,-23.612888915594617,0.9911221598378922,-3.6329208501580479,,0.4263787156221394,0.5740740740740741,False,2
0.70017363893694184,0.71347307731761966,-0.026702870271327402,-0.69705073859480393,0.69119499182005939,0.19070855016833202,0.15452230635814374,-0.11491584410251937,0.98128344814939461,9.3472624633857908,3.7358550669227037,-1.9236756353927407,0.6088756357210835,0.4071202303990097,0.1944444444444444,True,4
0.86629422765843633,0.49911977270117447,-0.020341180506602975,-0.49065886460729474,0.85783881236332549,0.15286088638157486,0.093745344993523966,-0.12244192297496845,0.98803835238832605,-21.853857961488828,1.2083800222024523,-3.5334656908899986,,0.07030697029604802,0.2432432432432433,False,1
0.78795116802905452,0.61544666003833948,0.018930542762993108,-0.60896067608618309,0.77436137325268972,0.17184690452512602,0.091103522337546025,-0.146934925262381,0.98494176272296963,-7.4023527393189275,-5.3793144909410895,-2.1076973398645382,,0.09755617325449883,0.2566371681415929,False,5
-0.57687751520360964,-0.76476091455690243,-0.28697225653118319,0.81280432992826457,-0.57228136869135771,-0.10882626658399716,-0.081002800583522008,-0.29603171893369229,0.95173723667974097,-17.56981661556631,-12.902328105284967,-2.2469304744999632,,0.3286899581872262,0.3703703703703703,False,2
0.78979401812789729,0.612768145800483,-0.027214121731749925,-0.6061536095448592,0.78651745426951525,0.11818669876572829,0.0938254260055921,-0.076847209589162468,0.99261840392631751,-17.51269812050591,-7.842939856153202,-2.6011745080621242,,0.07193359689066957,0.1818181818181818,False,1
0.089494038467253539,-0.990615057909908,-0.10330839327456826,0.99495459269111353,0.084196665800861589,0.05455529260191222,-0.045345072077172449,-0.10766953380677916,0.99315210110443208,-21.916029334132148,-4.0546702549262754,-3.1601479022869867,,0.08879539801403334,0.2777777777777778,False,1
-0.33331534131662743,0.94093247489134402,0.059556367735368279,-0.9424322207992466,-0.33431525319439359,0.0074040989302496946,0.026877359289568258,-0.053659940145501371,0.99819748465982439,-3.7876587963362796,11.080313975283708,-3.3818514964667927,,0.1100549349748754,0.4347826086956522,False,5
0.38076921692697058,-0.89829656658027468,-0.21926714735890682,0.92451804051207398,0.36554768592277642,0.10789477320157344,-0.016768906002994081,-0.24379944172740489,0.96968068765180038,-13.303627371272052,5.5433327202005227,-3.3637852605741592,0.4630519617188532,0.1660739932383617,0.2222222222222222,True,4
-0.15736318782148925,0.97796761006009958,0.13717208459448363,-0.98746482891204246,-0.15754861558621855,-0.009573159801070312,0.012249031813560416,-0.13695907198942098,0.99050097113502478,-14.764662453591651,6.0682455042825953,-3.4732416393864414,,0.3449337693908854,0.35,False,5
0.020187135057983203,0.99306023725365933,0.11586131694339333,-0.99724613959081632,0.01172845241561238,0.073229642052585031,0.071362571768159855,-0.11702054772407022,0.99056225183528634,-14.214081363601283,2.4150024720783061,-3.1605122078924941,,0.4954251959936378,0.1111111111111111,False,3
-0.99651422382575894,0.013679122025925833,-0.082293883937660281,0.00080240394375014892,-0.98484752353987082,-0.17342062024250354,-0.083419169624591227,-0.17288214771335814,0.98140358932559435,7.9749688417905817,8.7691768069322968,-2.4934284852963313,0.8441850772815381,0.4380963408976238,0.25,True,4
0.39091665694661604,-0.86201045687826083,-0.32267962370471109,0.92025432880549174,0.35926625265992629,0.15511199184604821,-0.017780259740402371,-0.35758318183637527,0.9337120168613755,-18.697653233716537,-11.913541778329627,-2.395985262553328,,0.3261346515679975,0.3809523809523809,False,1
0.21653239975430741,0.9762100841473802,0.011295639229660551,-0.97370183379538711,0.21510757531033711,0.075056444810618281,0.070841080738104259,-0.027250736743681461,0.99711530859113007,-17.522949274490646,-8.862821949907719,-2.5090509673593595,,0.1193104710305927,0.4444444444444444,False,2
0.99222104100007913,0.098529808357363621,-0.076087335751624033,-0.092785553486413222,0.99280681568143436,0.075666821003069804,0.082995462893697386,-0.068018406343811594,0.9942259549707545,-2.3985686592673248,11.483722225562941,-3.3684533831780099,0.2953958488034285,0.3186349009100541,0.8,True,5
-0.0039704426431252269,0.99816540802777987,0.060415675134473754,-0.99812133034412209,-0.0076496212738630231,0.060788923386152612,0.061139557549091922,-0.060060815105217075,0.99632055734668001,-26.524680612406772,0.06774566748748069,-3.7676007314769353,,0.3176000955852341,0.7415730337078652,True,3
-0.069857879607674395,0.99293790335080079,0.095886374141671726,-0.99653633948862075,-0.073810225398195123,0.038306327222658962,0.045113199125549147,-0.09287825749864502,0.99465492938439426,-5.3570845051186424,7.7002539567146036,-3.0835925809125739,0.2849496671529393,0.2133753589922602,0.5666666666666667,True,5
-0.28103025643448565,0.95674288274131769,-0.075266535008597951,-0.95927712710328972,-0.27771657507707326,0.051583886475523665,0.028449751929086938,0.086698098314170829,0.99582832424262757,-17.022982422654081,-10.17081646953995,-2.3840063445464104,,0.06647489883149177,0.3043478260869565,False,1
0.79247391679128321,-0.60254933958071066,-0.094442493488547663,0.60894397844075443,0.7903736304995489,0.067057850634445221,0.034239192838486449,-0.11065178526266475,0.99326927874164928,2.4535406571925216,6.9027124030081124,-2.5804570306428944,,0.09614994385699799,0.3043478260869565,False,3
-0.77470998838145289,0.63219910644466082,0.012195233190976346,-0.63220598912020809,-0.77406932295224673,-0.033649228591311378,-0.011833056348595307,-0.03377829295307247,0.99935929760153208,-7.1652390549152543,17.023387386856136,-4.0589780272513662,,0.142844780147091,0.2142857142857143,False,2
0.019163119319148617,0.9989509580504996,0.041590362681162396,-0.99865438504213888,0.01711933973615706,0.048952501908559778,0.04818914913203589,-0.042472480702080262,0.99793481464920497,-7.4490225562761161,-12.810818706051908,-1.5495094799600413,,0.1753633382543976,0.1052631578947368,False,7
-0.72337710123159682,-0.68450593866635245,-0.090427812891113096,0.68427401556150047,-0.72821085552381726,0.038445045514498066,-0.092166376955557155,-0.034067137064451483,0.9951606850811181,7.9268332475827012,6.1812244060675088,-2.2802539745469637,0.4409574619131568,0.3425105704683791,0.8467153284671532,True,5
-0.60847008568167082,0.79325365107771517,-0.022645085171284406,-0.79355148414689891,-0.60843087113494332,0.0093764096662069529,-0.0063400976959704855,0.023675305739289054,0.99969959640851946,3.2892005116470782,-3.4772311931308946,-1.5686278924083805,0.3281373895067243,0.2182298962986342,0.5520833333333334,True,5
0.097419614886123287,-0.98755963690834414,-0.12343169035907814,0.99396740373410353,0.090265388547676129,0.062297351022520785,-0.050380739866793658,-0.12875606074976423,0.99039570772024144,-8.5025527867369224,12.922843291406672,-3.7350822814526294,0.2055431516735949,0.1309690232105316,0.5757575757575758,True,5
0.80930947754422444,-0.52497868480485288,-0.26346830939918098,0.58198513949299491,0.77734842004255256,0.23879432838044556,0.07944474159071116,-0.34659315393976803,0.93464523680146694,8.6455033762953519,-5.9241768842854583,-1.0036421088223892,,0.4903231377606893,0.2619047619047619,False,4
0.99693169384277769,-0.0025680122272291116,-0.078234283565268167,0.010863393565725557,0.99432886944051257,0.10579265606547761,0.077518929894614355,-0.1063179416201851,0.99130586137561016,-20.824563595821505,-2.5215219599925427,-3.2106301480244142,,0.07447194889365809,0.2666666666666667,False,3
0.61833089518937401,0.78522189416304289,-0.033067823957909082,-0.78079680393611084,0.6185532449776896,0.088024054046187211,0.089572624263572792,-0.028608740877119419,0.99556932703250933,-12.146044260949751,10.282316734690044,-3.6346323569404539,,0.1385951846248459,0.1428571428571428,False,1
0.1009008238467887,0.99289071387496231,-0.063143123520373753,-0.99310262786262182,0.10432537954243765,0.053510613112570174,0.059717621179984678,0.057308336951932139,0.99656889387357916,4.1523235054083925,5.016862362418296,-2.3738151031042549,0.1055013923761775,0.1118951515565032,0.3584905660377358,True,4
-0.44720242565790991,0.88619071174523312,0.1211445950183454,-0.89400870130233401,-0.43870114741707938,-0.091048038148291682,-0.027539652891716206,-0.14902122557345804,0.98845042457737264,-11.579262322473465,-16.697949828745358,-1.5609671636483069,,0.3509528049752835,0.3076923076923077,False,3
-0.74811810128386047,-0.65540368868621535,-0.1037560185624616,0.65710146534942038,-0.75348997894577463,0.021691377640456991,-0.092395729160367784,-0.051950519581605265,0.99436621661645619,-11.045926008653774,-8.569925909622631,-2.1070857882984901,,0.08993058843731357,0.3164556962025317,False,5
-0.97826642358901317,0.20421819609381389,-0.035912850938787003,-0.19920407140425178,-0.97369679754051253,-0.11059965820617165,-0.057554690637103369,-0.10104194596077824,0.99321597990675115,-2.2261291648299202,-11.492570348819394,-1.2934939577790392,,0.08928489531798461,0.2105263157894737,False,3
-0.95072978907227845,-0.29198902306082464,-0.10418866820613268,0.29372730411839787,-0.95588822337922397,-0.0014054252917095056,-0.099182352189896295,-0.031939236323017345,0.99455655756582428,-13.209623215637137,17.439881854380239,-4.3262339887200127,0.2386410236006622,0.3214563792792429,0.7368421052631579,True,4
0.99385852289760646,-0.052084094641181147,-0.097634438336062515,0.084456557196012486,0.92711500237511901,0.36513677206983935,0.071500534336371005,-0.37114016147056034,0.92581999013481087,9.8109685804224505,6.1289512593319229,-2.0828061481246296,,0.6132027816927852,0.2264150943396226,False,2
0.72146674372180419,-0.67070217747038474,-0.17217527941008742,0.69172207617259873,0.70946578551708206,0.1348290343957857,0.031722342897817862,-0.21637210614382549,0.9757954727523378,-10.258090917188524,-2.2573765824095027,-2.5541475119522516,,0.1827053820493925,0.32,False,4
-0.18423712679888887,0.98262369028648333,-0.022524750756983535,-0.98141644037776676,-0.18266319144680238,0.058787150353656357,0.053651203762121763,0.032936936382167083,0.99801638591589925,-21.488487503555696,-0.48387826097634457,-3.3839897927876272,,0.09200119714737727,0.265625,False,3
-0.94343216651684569,-0.31354009207616385,-0.10783486376030073,0.31890341054630494,-0.94709259585277139,-0.036279879035010558,-0.090754404429023799,-0.068616510707925113,0.99350662430353387,1.9519063557744809,-5.9859758367601055,-1.4337827590300363,,0.1906658183235196,0.4959349593495935,True,1
0.90236968020717012,0.42973619489400583,-0.032492507456816311,-0.42083099966601512,0.89489948906598904,0.14851321217162747,0.092899031011699051,-0.1203399653791436,0.98837647825594988,-18.337427793545757,-8.4659738585611777,-2.6153173743655396,,0.1346278400523092,0.3793103448275862,False,1
-0.99637249194867883,0.038327400285010541,-0.075979389806541148,-0.038124728652899856,-0.99926450868950534,-0.0041166416733063316,-0.076081287798804437,-0.0012050149029046936,0.99710089037467065,-8.0391093030013003,14.910710012772331,-3.8690231861137296,,0.0852254940945134,0.3333333333333333,False,2
-0.39651985731725276,0.91801076873718979,-0.0053133074126323759,-0.91796472967468068,-0.39641974295876375,0.013861546299023732,0.01061874881507632,0.010373807163400951,0.9998898070780301,-8.9958394805552366,9.6578021760389294,-3.445231743692859,0.2903914546231293,0.1758657429114093,0.2873563218390804,True,5
0.25801298085033503,-0.96147635890542793,-0.094828861527948172,0.96565705107242938,0.25353068941215551,0.056821204143335295,-0.030590217829005513,-0.10623276703616143,0.9938706343287419,-11.65421538927945,15.21451870599795,-4.0497994366065662,,0.100857680213166,0.1875,False,1
-0.9322785259646994,-0.33018554999850031,-0.14776417900585687,0.34982444817594838,-0.92690293725389783,-0.13591835920319756,-0.092084773353037969,-0.17840528995039351,0.97963868187931158,-5.7123238611848057,-6.1029475615609394,-1.9697759302677165,,0.1876850282144345,0.1739130434782609,True,5
0.87225747419209276,0.48841699757363011,0.024814012113956424,-0.48002383036768309,0.84535940842268509,0.23440262982822152,0.093509470082815432,-0.21637076297967994,0.97182286036726984,-10.642803559007522,-7.3320303916554623,-2.1736616227962808,,0.08818134974934205,0.3902439024390244,False,2
0.83276156768754994,0.55164983729002548,-0.046804149393649797,-0.54602449030874323,0.83234500263176081,0.095179055348387817,0.091462710246591222,-0.05370524752594158,0.99435925048370999,-14.019258532570955,-2.4150261432775695,-2.7633783818717239,0.1410683634560904,0.1183209982081088,0.5483870967741935,True,4
-0.95995721187889227,-0.26740021286449189,-0.083542070370132018,0.26561859018559691,-0.96354810643118971,0.031965780777025735,-0.089044460296638261,0.0084954548373451406,0.99599142131726559,0.46893680181364761,-2.0895983899160417,-1.8647131893013213,0.3065399103400777,0.2448422110655058,0.7910750507099391,True,5
-0.024825493844713137,-0.95831701238447253,-0.28462641941651295,0.99840627477761734,-0.038201589417415985,0.041539728581975854,-0.050681410201839847,-0.28314155883670938,0.95773809171373692,3.2271648175088559,-6.5771771091298916,-1.3144920512494587,,0.4123022791006412,0.1363636363636364,False,3
-0.15591792762229975,0.97150838128629302,0.17849668046340578,-0.98688463386557534,-0.16086302569701744,0.01348356049459197,0.041812908126294027,-0.17405330233606198,0.98384812276079192,-16.435292536476261,-5.6585215105498037,-2.6703397519014809,,0.2475006378647312,0.1428571428571428,True,3
-0.88288085714397901,0.46446188919059644,0.069257097673923018,-0.4674722332068687,-0.85526123277203991,-0.22360217999347362,-0.044621780212091511,-0.22978985444695518,0.97221680685120371,6.0157223006901654,8.4209527613232869,-2.6127534726447017,,0.6468814664169584,0.35,False,1
0.92212225337170439,-0.36499207639499304,-0.12834069504862,0.38337133081231883,0.90667023181235074,0.17599861776880776,0.05212458678860464,-0.21149438506544566,0.97598829528734965,-4.456189493515212,13.392610910148152,-3.6329139582975261,,0.7196564689950168,0.4716981132075472,False,1
0.96294558222764703,0.26922340417984647,-0.015955071609748392,-0.25531582532278008,0.92906512913430483,0.26767856687901737,0.086888635666609759,-0.25368631115705065,0.96337615733602311,4.3072377272247069,2.3227797986097651,-2.014342651459311,,0.08671147275683726,0.25,False,3
-0.56854511560688548,-0.7845326142168727,-0.24751773421230652,0.81797201543499709,-0.57116396522098811,-0.068509173095637421,-0.087625529868658986,-0.24141313564733541,0.96645820626251544,7.0053841855211418,3.0803347080742367,-1.9676671793533294,,0.2512750149245679,0.125,False,1
0.53703470927386365,-0.79540671034450094,-0.2809303938239453,0.84355704579640722,0.50547399676912974,0.18140437998428044,-0.0022872521452651021,-0.3344012615544118,0.94242801568525247,6.235744779129659,3.1833730510987537,-2.0185086431798749,0.8827447879792619,0.7653333326205509,0.5228758169934641,True,1
-0.84295263748479732,-0.52488331395811583,-0.11801846332575047,0.53345362355441805,-0.8439092851876504,-0.056959194962110514,-0.069699946012079975,-0.11097128052976751,0.99137646352104714,4.5823724758313809,-14.687955012732266,-0.60440279250051399,,0.149699682991046,0.1666666666666667,False,5
0.76087290746718306,0.64495325209101073,0.071468323750220358,-0.64213646078028408,0.73249910354169379,0.22606598383478121,0.093451508382731946,-0.21789989887066502,0.97148672129532854,5.3025836172939567,8.6351519840899797,-2.6504127338982251,,0.3281847440640329,0.1111111111111111,False,1
0.90041815968207195,0.43223872901991894,-0.049161151837575676,-0.42317522670015045,0.89647659622464659,0.13134854368720486,0.1008457496478075,-0.09746483241004654,0.99011652911223236,-26.895362223641786,1.3903210481422053,-3.8803030622001726,,0.1980049942646811,0.5142857142857142,False,2
-0.80573216175971107,0.5823259470972133,0.10813036041443767,-0.59141226820476611,-0.78115071385862977,-0.20008770890548766,-0.032050156363370726,-0.2251667239524677,0.97379296254470671,-0.60056272559226109,-12.900054483153408,-1.0783662970628329,,0.6755286561801,0.5833333333333334,False,1
-0.26063961040363898,0.96185352818305758,0.083095028795011128,-0.96517150536280127,-0.26161642874808122,0.00089969150529493891,0.022604396128714076,-0.079966458786822708,0.99654122179905424,-0.37781842970303076,10.205119717496768,-3.1046378892937501,0.404922273958242,0.1751541025833551,0.2727272727272727,True,4
-0.85907491363881361,0.5099325479728154,-0.044261600450255505,-0.50975292162578645,-0.86017011094669882,-0.016104009684538435,-0.04628446446099025,0.0087279294163675122,0.9988901699374475,11.750980428685427,-2.892657615463579,-1.0545707711191201,0.9693953643795675,0.8760332905970764,0.75,True,2
0.89954197071136499,0.43230248646815839,-0.062759884657014042,-0.42091977649410384,0.89620428426409027,0.14015856243142527,0.11683657254844387,-0.099661632839010098,0.98813803400891043,12.747571113583176,-0.56450603862858373,-1.2392976169176197,,0.2111214401900425,0.32,False,5
-0.063713516828789438,0.98699378706996321,0.14759353664236485,-0.99683880588303475,-0.069975729660606292,0.037627016147348619,0.047465596583153184,-0.14472961529610756,0.98833210794613335,18.775158399019432,-6.0733857214548275,-0.29934598962848352,,0.3620770960619432,0.1724137931034483,False,1
0.14285615550475456,0.98628211497556495,0.082702530274045269,-0.97827584898819742,0.12802407098500654,0.16305275384012771,0.15022810030358719,-0.10419897757537741,0.98314499996258065,3.7256063586289754,5.9421521411640983,-2.4704010297367196,,0.7253242481247362,0.7622950819672131,False,2
0.98828188573437037,-0.12126288068899581,-0.092705059712635804,0.13545669174146374,0.9766991748664281,0.16646382933747805,0.070359071851290367,-0.17707070786057563,0.98167997098136794,-13.481358448456259,-8.4733631926662145,-2.2574001103981201,,0.06929553063396629,0.2,False,1
0.89226555937520668,0.45020005674228675,0.034381397035201905,-0.44498816168748961,0.86392536561375044,0.23583574497335341,0.076470304764914815,-0.22572742757225991,0.97118454524913611,-7.691453349030116,9.2514486978128918,-3.3384946152816273,,0.3885457778098202,0.1666666666666667,False,3
0.99940995496036378,0.025985997686885157,-0.022460406281777714,-0.019350844963046836,0.96625044121567338,0.25687668179446427,0.028377574338576635,-0.25629048514280722,0.96618316094823564,3.1202369324241044,10.862601480945171,-3.0122058871013144,,0.3019203148906076,0.2619047619047619,False,3
0.76834181880524921,-0.5932640033345421,-0.24018466192185212,0.63881922295282789,0.73399528599737129,0.23056652081250406,0.039507592447368602,-0.33058847905078281,0.94294772265375515,2.7125171375481467,-8.4261429961281795,-1.2005671582002184,,0.4927250289525035,0.253968253968254,False,2
-0.83095276385872585,-0.54446443311242154,-0.11435027464381831,0.54820325037589446,-0.83634379623272848,-0.0015002600892560919,-0.094819304536847976,-0.063933837508791586,0.99343936096198149,-11.665975239710153,4.0321593311108952,-3.1665552919409978,,0.0764408982820305,0.1794871794871795,False,3
0.31841854055499141,0.9403943082317856,0.11944947917882665,-0.94148634291356159,0.29903641805166109,0.15550140445051105,0.11051289127553651,-0.16197458357438613,0.98058713796267349,-6.84223254843387,12.835276746357426,-3.6633658326324037,,0.343424477891364,0.25,False,3
0.7025158254546261,-0.70415083586784188,-0.10316547548683919,0.71144946656712704,0.69847483436585989,0.077282354253321223,0.017640054057634354,-0.12768909939460454,0.99165736138478733,-6.8591536116799823,-20.48058868047238,-0.99203052622425791,,0.1129895875691676,0.2857142857142857,False,1
0.80414993087010622,-0.57432116635449115,-0.15329085608352833,0.59405246908950915,0.78560922938331812,0.17297341609741146,0.021084417237903687,-0.23015937214236398,0.97292451442276418,-12.257868325030989,-15.007548862289676,-1.7314624179258578,,0.3860579540263082,0.7301587301587301,False,4
-0.06772979021443358,-0.93302278382790405,-0.35338528602014468,0.99684996350689981,-0.0779344395672847,0.014709635808807311,-0.041265309568732575,-0.35127582892559506,0.93536221125232244,4.4586601446020051,-8.6669302499307967,-1.074906935853692,,0.3004731006768894,0.3,False,4
-0.6667867313674618,0.744273481884415,0.038110878183877671,-0.74478917447135662,-0.66370844554529829,-0.069138881261701535,-0.026163724172452069,-0.074485458147841632,0.99687881713974358,10.428784802145991,4.2536431004194588,-1.8801665959003839,,0.7191701537054755,0.32,False,2
0.89070186435847165,0.45284522025162727,0.039766761542749662,-0.44492050886740525,0.85047294616287594,0.28060917418040221,0.093251968437732563,-0.26763216238018428,0.95899796456624176,15.034589019408106,-6.3446754068287721,-0.5071229410699637,,0.5041042039078867,0.2698412698412698,False,1
-0.99096679085904527,0.11049762582475524,-0.075994039908520633,-0.11330879978450202,-0.99298745886868123,0.033719763061374704,-0.071735174816271854,0.04202595884226789,0.99653794883961477,-12.858291792098212,-11.353269412456898,-2.0256202268154264,,0.3328578523074472,0.7592592592592593,False,1
0.99120213490183906,0.11835001859580112,-0.059258761921011885,-0.10723879818741279,0.98052520724135772,0.16453011313316915,0.07757685176234623,-0.15672776098275495,0.98459039250237279,-11.174984056056804,-7.5466637625205166,-2.1886532713858728,,0.6701613835545542,0.253968253968254,False,3
-0.99669683937437681,-0.0061220061623557306,-0.080981055943207259,0.018344884832111989,-0.98835325488253301,-0.15106723259396873,-0.079113055696423032,-0.15205382140430318,0.98520087282478774,6.6941831255530122,-10.434611633013374,-0.78403972414213696,,0.3804758574341918,0.2592592592592592,False,1
