axis_00,axis_01,axis_02,axis_10,axis_11,axis_12,axis_20,axis_21,axis_22,location_x,location_y,location_z,dbh,dbh_approximation,score,reconstructed,number_clusters
-0.3819867498203468,0.86953469477799339,-0.31304238936449247,-0.92410432470945902,-0.35541056214212741,0.14040843767769987,0.010831436421984642,0.34291798858496703,0.93930289741375628,-11.827855157762682,20.696329343743777,-9.4157862831947146,,0.5192569627751611,0.9770992366412213,True,4
0.63897014536921981,-0.59437432240762456,-0.48829941448799186,0.75937814265564152,0.58867645169173033,0.27713691865304113,0.1227272984454022,-0.54788611963263967,0.82750154690500854,-6.9471823480983499,18.248562914786252,-7.1888210956014458,,0.2050147847086089,0.3333333333333333,False,3
-0.51638801602491891,0.84587709570565028,-0.13354907662137777,-0.85503535507117145,-0.51793756750966657,0.025597221343057058,-0.047517980640638724,0.1274072804934786,0.9907115757843411,-11.938634267054562,16.796731481363697,-8.790656746827004,,0.3053297578846534,0.4166666666666667,False,3
0.91506259698171111,0.20332593640087188,-0.34830878138771287,-0.085764264766925502,0.94196890046917414,0.32455982720891696,0.39408747061290034,-0.26712011181414624,0.87939860778279777,-14.005390117764543,-22.761103539326971,-3.3663615964113687,0.4922705596495411,0.4236959656583435,0.5416666666666666,True,3
0.18007179127012066,-0.85608428888191901,-0.48445210322415705,0.96690676453498769,0.063558138663382446,0.24708636487294866,-0.18073588101218829,-0.51291330002173419,0.839198717810962,-18.383398773975493,-25.476190441872657,-4.5249757334025809,,0.1802968255047429,0.3157894736842105,False,2
-0.48392763129437,0.82691607086530494,-0.28639807858033151,-0.87444886908593733,-0.46963343342290426,0.12158788412394986,-0.033959137564801262,0.30928021268115369,0.95036441801014138,5.2167874778051679,9.1593057930458972,-1.0964662651717869,,0.1532003470724535,0.16,True,5
0.38407279232805835,0.88223035366968472,-0.27231910189554071,-0.86509821375631402,0.44691540923497319,0.22775358953038144,0.3226347327070741,0.14810881152788374,0.93486395224055741,17.909661438057064,8.7593030177407112,3.147898045863835,0.6056693592424566,0.2386511084155374,0.4545454545454545,True,4
0.72918592490561518,0.58140129772280302,-0.36091608155606519,-0.55210071504127778,0.81144018509768667,0.19170192085511997,0.40431755758370597,0.059475684232076054,0.91268283407472617,-18.017551847822489,-23.021318619479146,-4.7809766144479768,,0.1366448868320575,0.2,False,2
0.86276770559807159,0.42616802739709664,-0.27205274966724258,-0.34354180590522371,0.88891636750978209,0.30299623622842536,0.37095945030746613,-0.16795387461348349,0.91333486861605218,-18.067290126573667,15.733277156682552,-11.051331386429846,,0.3428594696622017,0.3584905660377358,False,2
-0.92716711290608911,0.079373655530133549,-0.36614337021605481,-0.09468498358385613,-0.99521746098028174,0.024019975930170495,-0.36248572196586187,0.056938810733494744,0.93024839328167774,-7.9499795503836239,12.237706193519159,-6.4786742699374731,,0.1512339364496385,0.2545454545454545,False,4
-0.71498953163827028,0.65201470664511707,-0.25232279319587725,-0.67765070819107598,-0.73509265754507591,0.020695470795590837,-0.17198688128988426,0.18578376447310957,0.96742178263794532,-11.583268143487318,13.057339749861164,-8.1242236218230488,,0.08523745706999505,0.3793103448275862,False,4
-0.63805897392976862,0.7043212078465706,-0.31114688165758631,-0.75981878262065417,-0.64139203605360406,0.1062622871195624,-0.12472434952549973,0.30421685072421822,0.94440242713097733,5.9058224942901809,15.507772715419771,-1.823201383570878,0.3793625536396851,0.269554073888243,0.4423076923076923,True,5
-0.89280168720024544,-0.15272652319990937,-0.42376851752302558,0.19670435566212696,-0.97851565248250905,-0.061761754430041754,-0.40523146940476207,-0.13849811174885007,0.90366239782678837,1.8364310779317861,8.2594986126147987,-2.1706119268109836,,0.1313502505825538,0.375,False,5
-0.84770295556295916,-0.33761802254198808,-0.40916227830123986,0.32518990178454943,-0.94013009754116228,0.10201434935634925,-0.41910765551010709,-0.046577575635513291,0.90674103389045946,-10.338372746967927,-32.956448053961438,-0.59530584523067831,,0.1925602348117874,0.2941176470588235,False,3
0.81100091512141192,0.46382651453444484,-0.35657044197053001,-0.41614739881403301,0.8857348973005621,0.20565756529793597,0.41121631549896553,-0.018402611738261437,0.91135200979021491,-14.8937085945929,-23.680212370914109,-3.5683825893877006,,0.07794275651489639,0.5,False,3
-0.41762629076180369,0.90573978862701943,-0.072275283205392227,-0.90861272955398376,-0.41659299060631871,0.029549752454844369,-0.0033449898350215168,0.078010995863184718,0.99694688703432843,-15.29782339022989,-28.18759515343147,-2.9757410074214281,,0.496075992503579,0.375,False,1
0.40984449774283033,0.8736092661861623,-0.26236298844082828,-0.84795697683997417,0.47089675090496375,0.24336231305516359,0.33614945053999123,0.12273182154935897,0.93377751465798209,-17.905775267070325,-21.602866641239405,-4.9788963767825125,,0.4416329187175824,0.8421052631578947,True,2
0.92258399564299043,0.20427215451376685,-0.32727917421326796,-0.035413537881055446,0.88957995898510744,0.4554046309676717,0.38416747951663199,-0.40855891063879396,0.82794623268632628,3.6200894365920901,-24.141106841993061,3.0772743365518282,,0.1526462064943356,0.3333333333333333,False,4
-0.79981851015583383,-0.40367063359359628,-0.44423008721409951,0.44683009419096109,-0.89457938293915218,0.0084020560282572487,-0.40079074058341047,-0.19177525177756849,0.8958733365092697,0.81107444497257153,7.36390260956611,-2.5186312826337138,,0.1183935907452152,0.2826086956521739,False,5
0.77925230379010479,-0.36141713951561433,-0.51199951006047362,0.55111018484689334,0.78416537400675712,0.28524065342595417,0.29840142626307475,-0.5044425809477161,0.81024334081248039,-19.938640170783998,-22.666934707188638,-5.58577781995014,,0.4266173119985106,0.6976744186046512,False,2
-0.85878567510007342,0.40483595851312049,-0.31399842505603964,-0.4271403822603807,-0.90418193719955808,0.0024735166280294429,-0.28291033576977387,0.13624562795486783,0.94942028142325718,-5.6933099778788741,14.661213877661952,-6.039451963630043,0.3436451017245584,0.2866427337223276,0.288659793814433,True,5
-0.24226899279088024,0.95118728641097494,-0.1911765710075862,-0.96736646580380525,-0.22175032664638505,0.1225924690610174,0.074214930912502378,0.21463815784325874,0.97386991186056526,4.7721733972638409,12.667073723066611,-1.8205927569698921,,0.1014114389657411,0.2,False,5
0.55710018651335247,0.7643804810843261,-0.32459492036087445,-0.74423950253581672,0.63296504743526383,0.21322010128154945,0.36843852275790606,0.12279140386268317,0.9215070949729055,-19.701471917338235,-19.242594006753475,-6.0024313511716247,,0.1027292674222394,0.3333333333333333,False,1
-0.56776348514093078,0.76071199910983545,-0.31458207093053109,-0.81802792438945471,-0.56411601652041832,0.11226502048374205,-0.092059436559780938,0.32107689782270588,0.94256813325342326,7.9327163548489956,8.8047370101929179,-0.19536295970304368,0.2626663013118379,0.2080136337313236,0.4492753623188406,True,5
0.48743986342020357,-0.7128371606766114,-0.50424752047719645,0.87288175549273517,0.41230395895465727,0.26092697514484303,0.021904804879631062,-0.5673346700042432,0.82319593763232468,7.9434684336574914,10.85047311223099,-0.46552335101288367,,0.2373130604814978,0.3125,False,3
-0.77485183648636136,-0.3807278700889839,-0.50462948826958021,0.476722380402063,-0.87618643545108765,-0.070944360983145133,-0.41513901709849305,-0.29553953926509069,0.86041616512794228,5.8916889976390205,6.1593026907704971,-0.58248094456375366,0.2053929423771338,0.207789827649147,0.1935483870967742,True,5
-0.25403114320308262,0.9447388440080855,-0.20721171517363601,-0.96527252312596989,-0.23413451348760189,0.11588781511421349,0.060968306364514016,0.22945488928368662,0.97140790577535063,22.119889113648505,5.632419144636474,4.845167879486465,,0.3310975958851297,0.2702702702702703,False,4
-0.84911476003093656,0.45350373288677209,-0.27081079844675271,-0.45659720750974853,-0.88795095243807687,-0.055336210193786761,-0.26556188429799954,0.076664661494553976,0.96104079793004671,11.134237683546027,-23.732211127888704,5.523046693780687,,0.5877646859799719,0.15625,False,1
-0.78883031912801371,-0.46103134747629343,-0.40644412195108842,0.4603750185244338,-0.8813472463632519,0.10621616471395662,-0.40718738922396053,-0.10333018906451545,0.90748074474606244,-2.8924899218001627,12.749651847009844,-4.5627568073539191,,0.07816882571714816,0.3061224489795918,False,5
-0.89079114335366383,0.34028617183226079,-0.30115852998448639,-0.34802825150966643,-0.93702480202823824,-0.029340356764439968,-0.29217712962139275,0.07867554666912227,0.95312259614517481,-3.2265638546058333,17.242004767647948,-5.5508691344501537,,0.310311437539533,0.1538461538461539,False,4
0.57003178197345483,0.76838117581419652,-0.29095383859739754,-0.73549615663592882,0.6350489398598399,0.23613184358885214,0.36620919037340444,0.079392774465225857,0.92713948047139538,-4.3745495729399941,-26.590125190745663,0.54667373725050883,,0.6990108150089976,0.7920792079207921,False,5
0.78519643494337366,0.54050888117713136,-0.30218654490374197,-0.45056886903911419,0.83343000670905842,0.31997205842034332,0.42479907345123658,-0.11508506977702998,0.89794274534036189,3.7876918551661549,-26.311992854976527,3.4356415945024472,,0.2754425703009677,0.2666666666666667,False,3
0.17029598288666825,0.94231826370181859,-0.28815892855619463,-0.96826887817912377,0.21430197680994287,0.12856921204196514,0.18290614468192296,0.25712050215675386,0.94891221385766489,0.3413645612443722,11.453151574562533,-3.2610546087220462,,0.583705950071425,0.76,True,2
0.091714473939976587,-0.81392330010010183,-0.57368747312807267,0.98480556620962068,-0.011179578639909912,0.17330035713749159,-0.14746678281043987,-0.58086476788973329,0.80053086723245404,-8.774986389650449,29.813477987130938,-9.77001719095467,,0.2774973352306053,0.4117647058823529,False,2
0.12844490541480669,0.97299601636838817,-0.19178284178786731,-0.96410257100943952,0.1678285654373107,0.20576638500067101,0.23239651212092524,0.15846868698422145,0.95962468517620325,10.24615104790465,16.721682745010654,-0.52255150255070959,,0.6218871999914293,0.15625,False,1
-0.51163031089966871,0.84114901323697921,-0.17522203770977346,-0.8576530007756531,-0.51222772108963055,0.045322091829940223,-0.051630952240168615,0.17346786237738751,0.98348520349469104,-19.204267114552316,-20.023469559698334,-5.69145451451881,,0.1261263909406229,0.2222222222222222,False,1
0.4341453175812372,-0.73740054071557926,-0.51745365567812596,0.90069456808323511,0.36574045124648286,0.23448500452560234,0.016344364399985739,-0.56786826366190657,0.82295716588287282,13.762011294168651,14.171933099744255,1.0259147568743106,,0.3634747729889765,0.2941176470588235,False,3
0.42543461719758741,-0.76534599756857546,-0.48296054755611684,0.90496999989868177,0.36325383412725781,0.22153092622752724,0.0058894629060619319,-0.53131173146996136,0.84715592320957633,4.9464098398140601,-24.087666190607315,3.5129428055668215,,0.2783983642910506,0.6363636363636364,False,4
0.17298824952003805,0.97446827845696327,-0.14313154721834201,-0.96693282466793584,0.1956747190176118,0.16356135520674328,0.18739257751490801,0.11010439872458377,0.97609479215587358,6.6462054010995839,-27.50513734014481,4.6354268439891015,,0.3427147452787562,0.4,False,2
-0.82423578623632132,-0.36687264315059642,-0.43132335016213491,0.39738911932871973,-0.91741131129937192,0.020937376605263291,-0.40338227096209478,-0.15414587119887874,0.90195443003834797,0.72884467182169443,-27.07719940259296,2.5693446700645786,0.6749143494135282,0.3931186396766765,0.5925925925925926,True,5
0.46608915677240487,0.84824542575484985,-0.25147682920134051,-0.80509948394308306,0.52449693866303071,0.2769797506816844,0.36684563360324679,0.073366606975384996,0.92738429040347115,-2.2888476609652146,24.04550950963273,-6.282265840930215,,0.3717471814535252,0.24,False,3
0.77630563002660746,0.54780151622733242,-0.31187027368447051,-0.4810111857669101,0.83456138627508181,0.26858058698596099,0.40740374072423746,-0.058487531642634621,0.91137335965357735,-6.6891965838710172,-25.349945380623659,-0.25565765388202388,,0.26126784965892,0.15,False,3
-0.86333819053119465,-0.30362173285881289,-0.40306452598328912,0.29310662600061738,-0.95190590988675117,0.089239254351485414,-0.41077448139442141,-0.041097226895335653,0.91081026749628624,10.81098741992475,5.2853718952423332,1.2851460054886388,,0.0761743947112006,0.1875,False,4
0.57900957798906416,-0.6945136492600843,-0.42708160764468228,0.81236736846773561,0.53597535889815862,0.22976003417216792,0.069333738149127161,-0.47998042214806047,0.87453509198249879,3.8123734199073129,21.266901433747194,-3.4223902308524043,,0.2147387098774415,0.5151515151515151,False,4
0.50819510450213123,-0.67961726560392588,-0.52901616993538991,0.86032890653503613,0.42887515101990303,0.27550004976021752,0.039647299281226511,-0.59513567959810332,0.80264663117028456,-8.8501540069110618,17.053047873200576,-7.5685745703333689,,0.2728789860995899,0.2142857142857143,False,3
-0.92792828850495179,-0.13168261994610311,-0.34872450300545565,0.15805262263096206,-0.98625636148788431,-0.0481430981985497,-0.33759215019272376,-0.099790164990397084,0.93598796097997095,11.785484134874476,-26.892642807399469,5.9291137113477985,,0.4571908638075819,0.1818181818181818,False,2
-0.45412237314577897,-0.64234238917120645,-0.6173889578558015,0.82325213217655491,-0.56747408801593702,-0.015135597022799208,-0.34063000025717333,-0.51514018917602156,0.78651242102111185,-1.2098939113505081,-21.914468000740921,1.146910298682583,1.081571657591937,0.6879910912572482,0.25,True,1
0.84993295539556446,0.37230734003189886,-0.37282866827932193,-0.28542631213260516,0.92012265401446891,0.26815316875202055,0.44288349672903971,-0.12149710337181321,0.88830887769813305,15.069203261216781,10.507923844798846,1.8947144749290035,,0.5844303483908062,0.863013698630137,False,2
0.23267767659165975,0.90886649781901307,-0.34615428346058219,-0.93408462584896412,0.30795366394235085,0.18069436243857248,0.27082653224621012,0.28129384992687584,0.92061216558592629,-3.9962404258353521,14.008856963461513,-5.2433270962105647,,0.0758753332616964,0.2571428571428571,False,5
0.59491685302251862,0.74165464594921915,-0.30987469101512644,-0.70784114301443002,0.66606406400239582,0.23520114561931044,0.38083441841016247,0.079416930100259242,0.92122640917835308,-9.7051561521186134,-24.873337587084698,-1.4529740514007128,,0.1563385041669602,0.3333333333333333,False,5
-0.92615803579535172,-0.01540124979778415,-0.37682103741214057,-0.038360389047890936,-0.99013664104794175,0.13475129908981642,-0.3751796546773159,0.13925600008245592,0.91643220870790232,-17.974641638104227,-19.568798780374333,-5.2615474828653728,,0.1365086266163799,0.1333333333333333,False,1
0.45734549984416778,0.83316708724549005,-0.31091429446578112,-0.82121701340928355,0.52983739813633657,0.21183707990635933,0.34122970365931576,0.15844537313214058,0.92652973674544969,-13.219041528133145,-26.024949370871163,-2.5163575373898328,,0.1138769294349363,0.1666666666666667,False,3
0.41892659773892932,0.90003150527856457,-0.12018234151857035,-0.84581498560096235,0.43493998933853684,0.3089081025273317,0.33029913084918683,-0.027757794944743897,0.94346806463180122,-16.149229167338003,-25.366359750586138,-3.7266777474776065,,0.610737517438354,0.2142857142857143,False,1
0.72886443832030112,-0.52629865739976389,-0.43791135378206203,0.65799466441859822,0.71521828665260823,0.23559674028806954,0.1892079600563587,-0.45986142005707964,0.8675988832371776,-6.8619525313847678,17.154036469836875,-6.9201233965056836,,0.1220295110683256,0.1764705882352941,False,4
0.24930878391064137,0.94272503205953451,-0.22161823975780603,-0.92263291322068819,0.30075458482064321,0.24144396275589419,0.29426796921667187,0.14427818143334734,0.94476990249233883,25.197817690874526,1.9291580478673012,6.2371339554395169,,0.328175135506265,0.2,False,3
-0.86863114067400582,-0.28799237415168288,-0.40316291233427276,0.27765194564975021,-0.95688536291196602,0.085321740029974544,-0.41035270015961089,-0.037825846656902737,0.91114206729598668,-10.917963043810367,17.519758565825658,-8.5087694864334065,,0.08421880132751483,0.3333333333333333,False,4
0.74108303205519455,0.62944478550872474,-0.23365616104814013,-0.53868547987063864,0.76514146687431239,0.3526705111658256,0.40076663206462004,-0.13549095049227694,0.90610612455621353,-21.666391742012724,15.148855293831639,-12.326336909539055,,0.4559019219976837,0.1791044776119403,False,3
0.91707362010874316,-0.0022246785807641389,-0.39871170801201378,0.20869595344818997,0.85474133292910415,0.47525072624555681,0.33973809664945737,-0.51904942403184551,0.78432500986339437,-0.79822890836901661,17.676255369826247,-4.6036825473898233,,0.305506752776483,0.125,False,1
-0.57072714068796637,-0.7079350190762802,-0.41605112624244445,0.76195786028424617,-0.6454509921153867,0.05303994653388365,-0.30608944776517949,-0.28674208889301767,0.90779305153987466,8.60882926950379,15.222895410341495,-0.8702892168891293,,0.3119302671301596,0.4545454545454545,False,3
0.27359033280775436,0.9176914821314377,-0.28808101884287007,-0.91878677594614999,0.33795656666902629,0.20400053772419646,0.28456842787037978,0.20887245550499914,0.93562444773033326,-12.763919180390914,23.30053613464565,-10.291231160057,,0.2850978477416686,0.1818181818181818,False,2
-0.91460751729681844,0.24074013871717231,-0.32486501029594611,-0.23810761574376424,-0.97002803537232007,-0.048480655075355539,-0.32679940732652585,0.033012061464746778,0.94451699358395758,-2.3064026443364449,20.836212525981153,-5.7522836196003855,,0.2867954282089798,0.4042553191489361,True,4
-0.88118607379637326,-0.25621973230743411,-0.3973192068395901,0.23760105893211819,-0.96657191930633024,0.096355911094308438,-0.40872587407903377,-0.0094959772948898791,0.91260779433091954,0.30574349265193146,10.621294596128394,-3.1132739806898222,0.2173546338446917,0.1979952330915203,0.6474820143884892,True,5
-0.88570836321296886,-0.21882786362225595,-0.40943260915213237,0.2230901627670904,-0.97405691125088678,0.037998854205550908,-0.40712587072201201,-0.057684484455537074,0.91154869625376678,8.9797428337862364,-26.333272898045021,5.1654956402175882,,0.8837910621048455,0.5625,False,1
0.70594988918465262,0.6243868178097367,-0.33432896330651329,-0.58256194095320379,0.78036113805402174,0.22728413751924703,0.4028105496545652,0.034316118085573111,0.91463985542208071,-3.09979449232344,-23.146198240482992,0.65264990965202341,0.2662161657180441,0.2924532873136397,0.7142857142857143,True,5
-0.16592583192902388,0.97522277474142871,-0.14631868617606333,-0.98152181206225575,-0.14898096848352699,0.12008165336859467,0.095307663619912192,0.163539630228695,0.98192221616580955,6.750167640360571,18.131496265728128,-1.9179509759983617,,0.2116356718770452,0.2105263157894737,False,2
-0.40198974182263042,-0.75056260507934647,-0.5244616509582759,0.85571527313484608,-0.51176116994065035,0.076497557246834366,-0.32581531393280261,-0.41803861161079647,0.84799062518956381,-2.8190073250488994,10.395954456326949,-4.2093447213474899,,0.0830475654190095,0.3636363636363636,True,5
-0.84477496821515796,-0.36168399066576085,-0.39438552708380292,0.34462362469544416,-0.93153292771294649,0.11610754449354248,-0.40937734473081533,-0.03782982266197106,0.91158054725762516,-6.4771364355364414,12.888000021098334,-6.067075713727065,,0.4852570905379,0.9347826086956522,True,5
0.8997781357998893,-0.14396992797800662,-0.41191257103235457,0.30162920541777999,0.8873597027818152,0.34872995328478451,0.31530799034517926,-0.43802444876624969,0.84185239413302626,-26.435926769330429,-26.037900694813651,-7.4252895498519695,,0.2329706272833189,0.3571428571428572,False,1
-0.89110619165722038,0.26957974032054116,-0.36504317388341334,-0.33605667744002282,-0.93259737851736679,0.13163601000679237,-0.30495190561486724,0.2399768596995247,0.9216373701573829,-1.2602524299864735,13.388259356771977,-4.1359005922317582,,0.08304573069827866,0.3243243243243243,False,4
0.88544635840722774,0.32540452002792963,-0.33180814445816559,-0.19793704364409997,0.9100217965214199,0.36425438447513547,0.42048266686845925,-0.25685059509629116,0.87018509448385073,-16.075646836815633,-24.2076955408549,-3.9062711884337271,,0.2612596445440825,0.3064516129032258,False,3
0.14430559486045627,0.95478060684373622,-0.2599420860250925,-0.96305488314668442,0.19587414090518399,0.18482048850704275,0.22737895095917643,0.22366786474539202,0.94777186017571824,-5.649598873343467,17.999463554272474,-6.4687166970296417,,0.1566007691516296,0.2608695652173913,True,5
-0.51619148999915077,0.79638719538804281,-0.31514089019742286,-0.85268147562356389,-0.51243795681672366,0.10169386186945011,-0.080502464439780486,0.32120830536502137,0.94358072139253313,-5.7253724183940964,-23.10849192991871,-0.2623982763202557,,0.3114166304198684,0.2272727272727273,False,6
-0.49787911054362538,0.8432774042418002,-0.20248360619936845,-0.86713023124258526,-0.48787589002575438,0.10031090666901388,-0.014196948597153758,0.22552236125668412,0.97413454472354111,26.906493017291481,3.3838494422878584,6.6902241360793884,,0.2911046830690378,0.1428571428571428,False,4
0.60735697779255404,0.74319887567750864,-0.2806651612123976,-0.69816797054757496,0.66791068416022026,0.25779216994723742,0.37905011070856326,0.039379552769329029,0.92453786531191484,6.3839222076624846,-24.667736608303031,4.1063648774853583,,0.1789966572338749,0.6363636363636364,False,5
-0.88193084909685471,-0.26266457471699073,-0.39141448440245852,0.23867181268058149,-0.96488138876240059,0.10972543666673407,-0.40648953644966707,0.0033506430252458891,0.91364929264365524,-8.9815705220205189,13.294391781311363,-7.1419063922918182,0.2701923417285527,0.2401736212374956,0.712,True,5
0.078702284712515974,0.97586631903779852,-0.20369309695875548,-0.95845335970334189,0.13026687763975936,0.25376701492385723,0.27417714648454422,0.17525828926931492,0.94557465299572563,-12.743288192770054,-27.526401133026646,-2.1823145269166937,,0.584170702428644,0.4347826086956522,False,3
0.65786582642289515,-0.57654974051422392,-0.48456470273628138,0.74114553657604065,0.60994750062683811,0.28047698674309141,0.13385009539904097,-0.54364919129163858,0.82857088337064644,-4.3338534127640056,16.169994203346302,-5.768058657494838,,0.3048022376682808,0.2142857142857143,False,3
-0.93371150752055165,-0.050878996846884281,-0.35439264721993413,0.011350809142420024,-0.99356009272459334,0.11273642391396116,-0.35784630758959951,0.10124065302511016,0.92827600977270663,-6.8495873578119264,16.00541923859388,-6.691663065275316,,0.1216659692451143,0.3125,False,5
0.19574307414488221,-0.75838943709283924,-0.62171545793097116,0.97572337302925749,0.087114178271606307,0.20093536092104364,-0.098227024024544751,-0.64595400892793342,0.75703029668647492,5.7998327495634934,-32.380780577937074,4.8735963911132316,,0.226234072217555,0.3,False,3
0.14968700350057695,0.9433263305944054,-0.29619121356028333,-0.96185863020205187,0.20830056832671195,0.17731003564547931,0.22895802342099869,0.2583530670266253,0.93852646007935536,-4.3057347803794697,8.8255623170550574,-4.5518216063321537,,0.1332435931923367,0.2803738317757009,False,5
-0.88193103045035093,-0.26265983658658654,-0.39141725533385691,0.23951835921146897,-0.9648875809904377,0.10780960834297888,-0.40599090276683258,0.001329020213750004,0.91387615166161529,2.2365674191218594,11.253025820573205,-2.5147767583806457,,0.07056288843936276,0.1276595744680851,False,5
-0.75972470726913044,0.61073681589418427,-0.22320150285396168,-0.61923744210344456,-0.78427234381726851,-0.038234552704992181,-0.1984020147629986,0.10916699333956556,0.97402218049856637,21.293871108848681,13.120557688788013,3.544833117529695,,0.6591258209766904,0.2173913043478261,False,1
0.77573732363906001,0.58922827375465037,-0.22592398305939698,-0.4979480003638046,0.79146574892692745,0.35444288285875558,0.38765886246414649,-0.16245617773311127,0.9073745624985039,17.628744109863845,10.04318662260104,2.784043147938656,,0.4268052900496113,0.1875,False,4
-0.49847383410635454,-0.75791554958863916,-0.4208180799384249,0.79706065987792096,-0.59158541924197694,0.12133011256595944,-0.34090781919205715,-0.2749376500809711,0.898994520217821,-10.323676216708387,-21.909190668291988,-2.1387800427325816,0.1468134451580355,0.1329399150465336,0.4242424242424243,True,5
0.23849475271209616,0.95197529598880837,-0.19199814779266713,-0.93030072302871092,0.28068738876810545,0.23612529411055899,0.2786769055035806,0.12230137208372299,0.95256577553751387,31.098972607950518,-1.2731153437030689,8.6847755006295593,,0.3700402383784271,0.2352941176470588,False,5
-0.86866537727874182,-0.26665436373090656,-0.41751157184016668,0.27070327766663183,-0.96132393100495794,0.050754656315625382,-0.41489781606767184,-0.068932938283814887,0.90725302547957143,17.804279790547632,4.2557781748051404,3.6472856637229838,0.2038407800174473,0.2083241146333132,0.3823529411764706,True,5
-0.90063225121099233,-0.20989174674366876,-0.38053515307722952,0.19558745445726186,-0.97770831305292538,0.076367547074199002,-0.38808130042240807,-0.0056488260809825913,0.92160783146974079,6.9679667354592709,19.684481473028228,-2.0268721210764191,,0.2070110442479453,0.4333333333333333,False,5
-0.68904755041182508,-0.57277105319528576,-0.44401215511855818,0.60617626788477996,-0.7912912650453735,0.080052895738829177,-0.39719492132294815,-0.21398937937303208,0.89243752722014191,-11.6721179338809,15.749516723857962,-8.5859483259079745,,0.09578145192057691,0.2727272727272727,False,3
0.13897136455489975,-0.86185724870429581,-0.48773870329266522,0.98178321999137408,0.055465969216577982,0.18172846558047645,-0.1295710954538781,-0.50410872747327717,0.85386516623419806,7.1128770904021952,13.989741220077972,-1.1689541017415019,,0.2491840247206402,0.3157894736842105,False,5
-0.44872617845380558,0.86688576484317548,-0.21714945885842207,-0.89362299274079693,-0.43772874035201126,0.099153904183456792,-0.0090974510289551225,0.23854270180012513,0.97108939640110981,12.259162261629566,13.210961143738873,0.59311794118150374,,0.4118636957923849,0.423728813559322,False,5
-0.85983429335436712,-0.31972799529284512,-0.3980690857097719,0.3216020548775177,-0.94470159527412878,0.064117191026071468,-0.39655656124990968,-0.072889676309708246,0.91511200889132249,15.950037930119381,12.031685500230939,2.0489660175615798,,0.412372372819848,0.5769230769230769,False,7
0.5151422161520508,0.84548319032040942,-0.14066510592032555,-0.77895269408792822,0.53029092080091866,0.33470022361700347,0.35757684140770685,-0.062846751719848715,0.93176664905283646,5.6909204957161901,3.8787347442587485,-0.25593377810549478,,0.5790048898249964,0.1485148514851485,False,1
0.70627760876793144,-0.49858384493861757,-0.50257943543212802,0.688821259041423,0.6478383997649636,0.32531627823175224,0.16339281638322062,-0.57595100256549125,0.80098890766237429,19.695629896062378,20.345443991908343,2.1556731228482917,,0.2784795121055442,0.3333333333333333,False,1
0.8180876152894031,-0.36854103446771469,-0.4414863074021253,0.52238462465986935,0.79726624249821454,0.30245800120305055,0.24051394477049473,-0.47806280391413414,0.84475380903828479,-13.367015730939057,15.699226086102858,-9.1785062773798778,,0.5722858674861709,0.1923076923076923,False,1
-0.70286799742683681,0.68024439418332572,-0.20795225984669868,-0.69908366001032785,-0.71459118406000588,0.025327375905994876,-0.13137204611237963,0.16317782890417212,0.97781101530631576,10.001311602780127,-37.25225313083974,6.9147034173084805,,0.4351012135458203,0.25,False,5
-0.28774701811192654,0.91451359320155534,-0.28437042992771888,-0.95531895166486724,-0.25313127701628396,0.1526114582396913,0.06758220296523601,0.31557795304121988,0.94648993729288011,4.0990942910638086,-30.816749984298212,4.242037812149337,0.3328895023744955,0.2547241809831206,0.3636363636363636,True,6
-0.64006019760778365,0.68782807714623995,-0.34236746300954318,-0.75539587346817705,-0.64476175493424759,0.11687323783209946,-0.14035675183451113,0.33342887646905278,0.93226882740497674,-1.4515824266543578,-23.540764151350132,1.2949956363437554,,0.1026887658800716,0.5,False,3
0.91899841557391759,0.14158173221865947,-0.36796266831649233,-0.019926200810109672,0.94878319719475712,0.31529889191395727,0.39375736017743745,-0.28242708408164041,0.87475144097237012,6.5860512467856331,-34.724551697287858,5.3329892816894029,,0.4732537436842931,0.6666666666666666,False,5
0.56800049423394683,0.75511674390724937,-0.32737461969570225,-0.71966673365550293,0.6486751297741894,0.24758911220418706,0.3993184581503979,0.094969885139196242,0.91188019492531835,-2.6619798232436853,-27.226209997620828,1.2952417919387293,,0.2021427562090702,0.2142857142857143,False,4
0.80341272755606874,0.52576749131693123,-0.27945757151170258,-0.42555437628105774,0.83530243384963843,0.34809957890366627,0.41645103197009531,-0.16074323960643175,0.89483526354959397,11.353932905826948,11.108307092280487,0.60000346360427459,,0.291945016467928,0.3684210526315789,False,5
-0.91474024615821314,-0.093102611061559787,-0.39316941116003745,0.083374951611470571,-0.99564162368225884,0.041789647463686658,-0.39534655620378878,0.0054461917772190699,0.91851588962463215,9.1593724113601986,12.441673453962151,-0.24219752306984055,,0.09443209268536427,0.3448275862068966,False,5
0.9040744859671942,-0.12999002711447571,-0.40712641362841095,0.28257335029283132,0.89649332152081629,0.34125067937347592,0.32062692576800056,-0.42355910723221607,0.84722845629334786,4.2321254102705446,8.9223161455263078,-1.4984521953690058,,0.109050232590625,0.2333333333333333,False,1
0.89393910674656674,0.36096751128523452,-0.26566017621332361,-0.26248899802447612,0.9021117255686476,0.34248205866536041,0.3632800563549512,-0.23642523213079658,0.90118295049709107,24.709530943104834,-0.050679704843758999,6.4617866466155052,,0.4916388650358521,0.4,False,3
-0.8181043619449111,-0.31605729660689919,-0.48043005550053508,0.37189446784564673,-0.92799522490601571,-0.022789632235625912,-0.43863396785077147,-0.19731357736651223,0.87673690149001748,22.18493044766856,2.761246176328719,5.2143480602449905,,0.3265650474472428,0.25,False,5
-0.91217851569116637,-0.14609345423637748,-0.38286689350313929,0.12801658629446977,-0.98912377654136574,0.072428642911879074,-0.38928409824313565,0.017054539273443109,0.92095984361165228,-0.45038916611467789,15.408670347933601,-4.1077372251452724,,0.1772678068871859,0.36,False,5
-0.74962227969940387,0.59764936016151793,-0.28439704653318343,-0.63023931103150288,-0.77578492783498743,0.030921781556057959,-0.20215055925919695,0.20241785504888685,0.95820778714671406,7.2017737000576885,6.5313608462169448,-0.14816697567808204,0.19074912125036,0.2425377540848559,0.2680412371134021,True,4
0.14803082175896681,0.9521601893617011,-0.26735341704203852,-0.95531638127197582,0.20760160644657771,0.21040956412249001,0.25584660928529218,0.22425999820629955,0.94034566289302834,-1.8084349987943451,18.033861592452318,-5.059688005595401,,0.1963840438115523,0.2631578947368421,False,4
0.54786429387704172,0.77624409700395403,-0.31191315676182574,-0.74329130643318508,0.62276821249881631,0.24429037492680389,0.38387856058323944,0.098004364022965168,0.91816795596284828,-7.520526607207592,19.611463802644899,-7.5228526049941715,,0.2688972335202083,0.8450704225352113,True,5
-0.28760115170958078,0.92277061183097442,-0.25647607193734456,-0.95533398637367162,-0.2573880436400216,0.14521835101167349,0.06798935221569663,0.28678527321368763,0.95557922489610381,3.526860404128747,11.982770099962824,-2.2506703962282635,0.8527957901647574,0.4957104568438132,0.3863636363636364,True,5
-0.89306913877822758,-0.20283310383796335,-0.40160458830717261,0.1958052467412533,-0.97886863682111136,0.058961828300828592,-0.40507754653956374,-0.025979296284494621,0.913913156407134,2.7433219277602894,7.4858593194596299,-1.7724438621665459,,0.07481817630866712,0.2333333333333333,False,5
0.81130068626030283,0.49576203046966277,-0.30985675015748476,-0.41472190684906912,0.86159926788127783,0.29266438383567794,0.41206423826028948,-0.10893443317446655,0.90461945193320059,-13.593400388150254,-25.155346199715567,-2.8275657063989632,,0.1375395074667368,0.2380952380952381,False,1
0.92571588255388049,0.05369363749158744,-0.37438896629095819,0.0304725356085278,0.97606563800171464,0.21533066406318616,0.37699009186061805,-0.21074359683090668,0.90192328223285978,12.929537651283361,15.426351476581194,0.54014766529247227,,0.1529418061433781,0.3571428571428572,False,5
-0.92669281982556573,0.076246434409575403,-0.36800393873376896,-0.10260106104541428,-0.99333311471950336,0.052558020073101855,-0.36154313706125912,0.086462734408967762,0.9283376301768812,13.24789459581341,6.0763863645312188,1.9177279004772092,0.2042378988858147,0.1150715543805133,0.1363636363636364,True,4
-0.84623135957548823,-0.29898181020910375,-0.44102422068987157,0.3335891495633177,-0.94271803457505043,-0.00099326762574394878,-0.41546451757598202,-0.14796142893011474,0.89749465189733324,8.3351859521206126,5.2908137520541612,0.43417987363315069,0.2253291302593731,0.208464962480698,0.2865168539325842,True,3
-0.84001908739642761,-0.31676497001336035,-0.44048596638497789,0.37042888704785248,-0.92804002269898622,-0.03904043941036478,-0.39642196262336704,-0.19596344057323525,0.8969102282327579,16.104129753681811,5.3780268404625318,3.0007802678455211,0.5175743502323249,0.2110945136678108,0.4,True,5
-0.59450407520267479,-0.59257490909246202,-0.54352541953571265,0.70996943148557856,-0.70417707208285707,-0.0088350160643996256,-0.3775027296900727,-0.3911388861604973,0.83934621033854018,-8.5958488290877391,10.985459511934653,-6.5631668043162543,,0.2592749531358663,0.2710280373831775,False,1
-0.089500377881618853,-0.87223309699303975,-0.48083168247212771,0.97412248422231895,-0.17725933709180386,0.1402302148123255,-0.20754533984550014,-0.45583829580642288,0.86552664891654896,10.409981359502886,13.197557889346188,0.048807919597604374,,0.121233488533287,0.35,False,4
0.81653013905533056,0.51054595117959145,-0.26948351294357176,-0.40413574647187228,0.83884802870882758,0.36470300678077183,0.4122533570971913,-0.18888307617528793,0.89127456661606552,-3.3873013028948993,-26.697265754513083,0.94087588677416722,,0.2188859406030474,0.25,False,1
-0.68766219891009561,0.69896673632892659,-0.19638279378759443,-0.709990588607184,-0.703945188466648,-0.019352925460495024,-0.15176977393195434,0.12612166007607017,0.98033630075617384,-8.9973226575572092,-28.748370908803178,-0.69380751551072273,,0.33245841286072,0.2222222222222222,False,1
-0.53557918398836268,-0.59056191086885923,-0.60364854601769857,0.76250870566297224,-0.64540309516502226,-0.045114504758315827,-0.36295373185371471,-0.48444966114378857,0.79597306132251144,-4.7956931285888587,20.331977705588844,-6.5525846174885976,,0.3026418057872601,0.3,False,1
0.58265397896202542,0.76851498724932443,-0.26438429448983947,-0.7225357082367978,0.63876362757225102,0.26442991210051642,0.37209742154772862,0.036955953023957877,0.92745768982397392,15.456764549399892,6.2171382525167029,2.6701374534745974,,0.141786097715419,0.2941176470588235,False,2
-0.58631852084873082,-0.67990584277805011,-0.4404073535558034,0.71470052673705597,-0.69009580164527928,0.1138900418532465,-0.38135777059282694,-0.24798352668641005,0.89054501362965344,-14.116611959948093,11.606095856890159,-8.7328099574179188,,0.1860526609908609,0.4197530864197531,True,3
0.84409954154046729,0.41343435329182876,-0.34142056102311769,-0.34286787316615747,0.90574977104510046,0.2491163860573275,0.41223486694078731,-0.093216885648015502,0.9062963238965478,-4.6022793529951684,-24.695705175247259,0.34588210395408286,,0.08201519081525027,0.1578947368421053,False,1
0.86535964844270385,0.43274138693708075,-0.25275990757810179,-0.33202454148434357,0.8728447617817402,0.35763350749375722,0.37538298136600451,-0.22555911389688471,0.89900539677958613,-15.185077518690504,-26.772085220520751,-3.1343350115941182,,0.3918325063593565,0.5333333333333333,False,2
-0.052457568742335155,0.9789535567671126,-0.19722610672693291,-0.98544616065353263,-0.018768038020963426,0.16894858745208882,0.16169127352722412,0.20321834179488832,0.96569054961891443,17.396434084206515,24.295487979972549,0.86608323356133388,,0.3931293738564157,0.3125,False,1
0.59582197750819255,0.74294094698600077,-0.30501626253328107,-0.67974586029977269,0.66877494540840277,0.3011405615311713,0.42771688828423454,0.027907376901676467,0.90348184364209516,24.054427123377273,5.0077053361697335,5.5862038758476009,,0.1837839382808735,0.25,False,4
-0.92606035252523133,0.011379785136304759,-0.3772038228479348,-0.042516785268434942,-0.99632742451783929,0.074323523356250185,-0.37497272760999883,0.084865562178664672,0.9231431578605872,-8.9416198763958157,14.7602102163656,-7.3078925268974686,,0.08751176584747783,0.3636363636363636,False,2
-0.88415203846535995,0.32582375559544607,-0.33483436676546158,-0.35614841161668109,-0.93389248408612757,0.031672339199322441,-0.30237969802958636,0.14725389114424364,0.94174455653452838,12.106534674710407,4.6812005627080486,1.7286438874993979,,0.1536454334813318,0.3125,False,4
0.46587415777352431,0.8520826716750296,-0.2385715610670161,-0.80119488585573417,0.52064358209348283,0.29498646630563136,0.3755636084572439,0.053715743092788176,0.92523866918031661,-7.7773806000243555,-22.702616631608322,-1.0495299204578852,0.2812647038155768,0.1678214639007409,0.4210526315789473,True,3
-0.91239171633577365,-0.14009474745203834,-0.3845969548738134,0.10139269788230056,-0.98767506369805191,0.11923711404255308,-0.39656131528177185,0.069795632280236025,0.9153511309528124,3.7893673791645899,15.623327985266005,-2.5927245352308939,,0.16534601024055,0.3235294117647059,False,2
0.92655857001711139,0.071895499440120247,-0.3692157275741409,0.059387716359329407,0.9412921656191926,0.3323283889311216,0.37143278728926238,-0.32984859572868697,0.86789261341616664,19.718230161470746,-25.007579016476129,8.4531021537937026,,0.5657679557070356,0.2727272727272727,False,1
-0.89367632231282512,0.34111192408331664,-0.29152235966663081,-0.32496670869218941,-0.94002047163462688,-0.10372150765187602,-0.30941762906981962,0.002041606227975612,0.95092405725421647,14.407046619126847,5.3418608675488857,2.3206119717430802,,0.314933010928991,0.2,False,2
-0.78847247443509028,0.55125830096256678,-0.27281026864483798,-0.57494768067604873,-0.81814595474153196,0.008506540148484093,-0.21850931683440178,0.16355880398171604,0.96203024697596295,-5.9846793421843003,22.539715643166922,-7.5034905499658002,,0.5871934809665426,0.65,False,1
0.77955448862395194,0.52878244507857375,-0.3356842639191972,-0.4732581319466338,0.84835481723685846,0.23732013108330746,0.41027008154705896,-0.026138665760536889,0.91158939788680515,-10.456170199808597,-24.136735059740445,-1.7988025553320233,0.16823219227312,0.1481296291986255,0.3809523809523809,True,4
0.3821711875045643,0.9089967637734031,-0.16634322015288325,-0.85271270439111224,0.41626225979927367,0.31560541002460141,0.35612670106486793,0.021227682781724377,0.93419653086081,3.479533994275759,8.0738645067106081,-1.6183804842919434,,0.2767510198493479,0.1304347826086956,False,4
0.67272643974758684,0.65866244958477449,-0.33705031489604204,-0.61889478567505307,0.75058001074142067,0.23151434456559913,0.40547303428066145,0.052852861629183512,0.9125777739397557,16.236371551900813,9.1019109496667863,2.44544806228985,,0.1175191441008794,0.2857142857142857,False,3
0.80717153963866228,0.55521323976679549,-0.2005302071634375,-0.42288347868734594,0.78086215032867168,0.45980850974875631,0.41187822114144479,-0.28634343116569383,0.86508021037220439,9.6447939696529641,6.5965419725847543,0.67243498691282144,,0.3070821818637655,0.3902439024390244,False,1
0.20011109770844077,0.97698494286624471,-0.073864538085361531,-0.94507375303591901,0.21236054517006719,0.24847253405089831,0.25843983806009041,0.02008532468527402,0.96581852841812976,-8.7692032160816105,-21.031303308554932,-1.5946445496521124,,0.4855423236897478,0.4186046511627907,False,1
