axis_00,axis_01,axis_02,axis_10,axis_11,axis_12,axis_20,axis_21,axis_22,location_x,location_y,location_z,dbh,dbh_approximation,score,reconstructed,number_clusters
0.89282841853899297,-0.34902136756717062,-0.28467788820121465,0.39139040836061051,0.91399027219116291,0.10693610514339374,0.22286983486437956,-0.20689578855420526,0.95264010485915296,-10.249642347635881,-24.543015248265441,-7.2270939913859227,,0.15411838194096,0.1818181818181818,False,1
0.20535984466236903,-0.91783501345833807,-0.33971491322898922,0.97724610267374867,0.21113347160241686,0.020315313880920755,0.05307908259584504,-0.33615702467603359,0.94030902673096761,2.9734446977467233,13.924379273470278,-3.5526614136434529,,0.1486912487824898,0.3,False,3
-0.79327481424136626,0.60271174745029532,-0.08633434180983765,-0.57610217254064278,-0.78889231057348197,-0.21390467295499913,-0.19703135761669494,-0.11994778782222315,0.97303194824850303,13.198157289325263,10.660049816654821,-0.64735412790232072,,0.2866185521049873,0.1818181818181818,False,1
-0.8741677820440219,-0.40720474355718095,-0.26460344982778583,0.43234950316970755,-0.90071749933829348,-0.042212480318954262,-0.2211438354219766,-0.15130196036503102,0.9634329872100893,-7.6098198284020642,-9.798655243283271,-6.4409778933230237,,0.09070775204653236,0.44,False,4
-0.62758448597604699,-0.72579150131138603,-0.2817168961676676,0.76465072529211098,-0.6426786975115425,-0.047679765887801644,-0.14644787903014819,-0.24533811034780365,0.95831217791413836,-3.4225000168286535,23.862650642365367,-5.3415366783174694,,0.2915476871973939,0.2777777777777778,True,5
-0.93758461956212069,0.26543731427440564,-0.22467334811085665,-0.25377698083704137,-0.96396332413476271,-0.079824518290392873,-0.23776527323767835,-0.017825316654904763,0.97115906674878072,-7.4245339739109575,22.413406967651067,-6.4817764136304028,,0.2018604243215031,0.5,False,2
-0.24887552039175115,-0.90547602540705008,-0.34376466188773042,0.96630967039277849,-0.25618602602813778,-0.024785902713239764,-0.06562466194301389,-0.33835172155755455,0.93872867020449735,8.3245385835542951,-12.109750254904016,-1.9965488045635151,,0.1554029185903235,0.4090909090909091,True,4
-0.96924165260330064,0.038421896213297724,-0.24309334986831582,-0.024437993933913521,-0.99788217735298168,-0.060282207771122739,-0.2448946779971154,-0.052487312873201838,0.96812792474757248,1.6717301876486415,-10.181758612918728,-3.8632537785933319,,0.09012946441158858,0.4545454545454545,False,5
0.96058757272233275,0.14980585216644041,-0.23415747220215613,-0.13291138516214265,0.98735226649917385,0.08642954085973853,0.24414356191736342,-0.051900948889507428,0.96834922041517202,13.016221712574019,-9.169243805459498,-0.72281481788062008,,0.1408116422950412,0.4528301886792453,True,5
0.17625203665743322,0.98178158023394768,-0.070994001770858101,-0.98261567098351488,0.17975756892107606,0.046407537676574948,0.058323774841182216,0.061580395654123599,0.99639660384776396,-0.39726791683802887,-14.277113106156042,-4.426826623270105,,0.411901551125572,0.4333333333333333,False,3
-0.47237798455946234,0.87691050595943398,-0.088808807229408732,-0.87385734724753761,-0.47910442197429487,-0.082657664533752423,-0.11503206668159044,0.038560567716862892,0.99261306975695007,-4.9018880616638691,-22.5114648625356,-5.634402478706817,,0.1699903605719064,0.5,False,1
0.59089419267092869,-0.74048704815975952,-0.32019210573563045,0.79357697301145169,0.60493346907540468,0.065506380592873392,0.14518829489236706,-0.29280442192706485,0.94508514406174227,-20.018865818084418,12.630318685722294,-10.280768261812419,,0.07749857099061769,0.3333333333333333,False,1
-0.86860046334892527,-0.42694299208275366,-0.25150132520815305,0.44536475606275638,-0.89515724294564525,-0.018540346790499377,-0.21721756173751877,-0.12811398016366668,0.96767935751437306,4.0220174823590717,10.288948035276569,-3.2496935608132858,,0.08756098527757339,0.2682926829268293,False,2
0.59085002895557193,-0.70920220270585477,-0.38461471495557986,0.79547661891068944,0.5916361427711937,0.13108632016057414,0.13458525940687738,-0.383404369098718,0.9137220024199898,-5.6897744263066432,9.5145920230988441,-5.9627929908488584,,0.1145554150658467,0.40625,False,3
0.86112844472390926,0.46126056260339671,-0.2137673854314055,-0.45900199389269131,0.8861867390376913,0.063168292333076193,0.21857486426832104,0.043723642809595412,0.97484012626150351,-25.93910972894626,12.20800865397603,-12.109869923866833,,0.6160861189470984,0.6666666666666666,False,1
0.2198705632146937,-0.88199355733984997,-0.41682646298267945,0.97402730501116452,0.22218257862547394,0.043654448204331897,0.054108636319380413,-0.41559868450986792,0.90793721639181935,-0.79316938531447811,-17.956408833146956,-4.5366931527914343,,0.3438991823507107,0.2,True,5
-0.82545943434940294,-0.48813386934375469,-0.28344672840422369,0.52398969549570751,-0.84937388044272977,-0.063236146593344034,-0.20988454268449414,-0.20072203870316138,0.95690080045998849,-9.2002378230762343,-7.7148652829285531,-6.9545230208321014,,0.08470742812017884,0.2,False,1
-0.38681471487428198,-0.87996310955112922,-0.27575224783460156,0.91658153827582534,-0.39971793470457445,-0.010190994428039436,-0.10125541984827496,-0.256691446107223,0.96117471952123912,-8.6629288742486281,-4.7006067648418588,-6.7844979537399865,,0.09778248049993134,0.5,False,1
0.1400636186738406,-0.92883885739858851,-0.34298769615027647,0.98937852650638225,0.14489551925042865,0.011637000868346068,0.038888481740101601,-0.34097458187911023,0.93926781085072675,11.644396962470008,-21.890038399150093,-1.0466659466126607,,0.2042579184288704,0.6,False,4
0.47815369074912173,-0.7993397510700847,-0.36390247372367279,0.87175162807056372,0.48235647988448077,0.085914639438073953,0.10685572974489937,-0.35831297586421229,0.92746626049038439,7.1019296306279873,21.605838430461105,-2.3631302818770248,,0.1816464394318135,0.2727272727272727,False,5
-0.9746571833687725,-0.053104108249130165,-0.21730929247207997,0.085136857818250297,-0.98636945524162056,-0.14080842733013063,-0.20686974246729836,-0.15574097551195154,0.96589319192035927,-22.894000262440166,8.6207114158876319,-11.080196729016823,,0.1764901004554155,0.3636363636363636,False,2
0.96247192740986831,0.095003134404673617,-0.25420895617821876,-0.074211643109242692,0.99315605862086531,0.090186890686474869,0.26103720228151084,-0.067937086175043501,0.96293516466431173,-19.27442147142461,5.1034699261836813,-9.9934136791619625,0.1503814764743021,0.146864432515755,0.2280701754385965,True,5
-0.95197432580560004,0.20119824129417627,-0.23079027429053905,-0.16934483928163274,-0.97398570601809953,-0.15057944707396551,-0.255082748173313,-0.10426462570092315,0.96128126966658156,-8.3044362710505801,4.547367381134741,-6.6942399052553556,1.214305150746169,0.440028724827571,0.2173913043478261,True,5
-0.7479109818914752,-0.58142193452157753,-0.32027753156179478,0.64075671246457067,-0.75837781545493033,-0.11955720161246841,-0.17337819527762369,-0.29463812224998154,0.93974910392044531,14.228415864201502,-15.325517494531841,-0.37500826477158378,,0.2595769841201102,0.5,False,2
-0.95526022996548765,0.17884008667906975,-0.23557189230234168,-0.17352378403507718,-0.98387804247267907,-0.043283875915601379,-0.23951490438056489,-0.00047003909632899882,0.97089257368815873,-30.116967252761299,7.5784450165909272,-13.324493733386277,,0.164192519511935,0.3076923076923077,False,1
0.36397689560560703,-0.86136038305330764,-0.35437142939515476,0.92761688879226889,0.36952636091574043,0.05456350626309537,0.083950742061389361,-0.34858077843540092,0.93351149634737385,-5.4972618361294039,-17.487660111248861,-5.908717392183938,,0.1045390024771328,0.4594594594594595,False,5
-0.44336862448441822,-0.85301094620077156,-0.27531180229779478,0.88908155559159552,-0.45752794655523427,-0.014218495974618731,-0.1138343108628692,-0.25107868046215298,0.96124983531221497,-2.2023853735884478,-14.842509178302116,-4.952097300318238,,0.08706614514786935,0.25,False,5
0.088587815468512909,-0.92375849470506211,-0.37258883827988526,0.99606582366373186,0.083002451965425023,0.031039779264984836,0.002252527382379868,-0.37387275432687667,0.92747727179291384,13.14577067592568,-16.939998309938588,-0.637954845762009,,0.345226365743074,0.3055555555555556,False,5
0.81060125671968397,0.57047600359915218,-0.13222228224475036,-0.55843958494163892,0.82100936928531787,0.1186964427265475,0.17626920483930408,-0.022377329225500758,0.9840876091903884,-11.380054588502482,-14.107050160418693,-7.5474359745612452,,0.1954099722898975,0.4814814814814815,False,2
-0.67251363872964265,-0.67135158414837315,-0.31146822660439299,0.71848334655863488,-0.69318788430138323,-0.057203476954443513,-0.17750235615484222,-0.26225485223202749,0.94853323929118949,-6.9426849146403642,-18.789924368546853,-6.2349470570410901,,0.3562883257363646,0.4782608695652174,True,5
0.11375021218322295,-0.94394403766130763,-0.30988795231815902,0.99319039356280858,0.11594399926881493,0.011394348077391685,0.025174021586299698,-0.30907384683473765,0.95070480478429886,-9.5894685798678942,8.8727049971635452,-7.1013702859311385,,0.1275573619088246,0.425,False,5
-0.0936306950642119,-0.949967620311443,-0.29798458567786063,0.99509720878116992,-0.098869557346877954,0.0025210525494544951,-0.031856522373248292,-0.29628758156535362,0.95456735277948646,3.4814294435994624,-7.728438957982652,-3.3814860893654721,,0.07646627466463456,0.2567567567567567,False,4
-0.88162636641262282,-0.39456379895864335,-0.25894856361331664,0.43372928378939363,-0.89367653281967641,-0.11498331648957946,-0.18604800033759161,-0.21368589854907646,0.9590226683095967,4.8662282959979732,-16.416925782018986,-2.9944539032947732,,0.4211113846081744,0.108695652173913,False,4
-0.29685649469945241,-0.88008528974742062,-0.37057536929071744,0.95044449713004364,-0.30984553843205331,-0.025514705347487818,-0.092366007978975512,-0.35978552650704076,0.92845188108274002,13.854869916092895,9.1054036161683385,-0.51790692640605496,,0.1651562610426991,0.2857142857142857,False,3
-0.83017046105278336,-0.4747784049250181,-0.29223701307716493,0.5134814808085808,-0.85531427619335343,-0.069096004272794706,-0.21714919862167326,-0.20741975594599038,0.95384656542929858,2.2172587136978708,15.311331926397605,-3.6947495550547522,,0.09630313440651088,0.3076923076923077,False,4
-0.07911868812097532,0.99658759472574576,-0.0235244389682015,-0.99686427044216397,-0.07906430017047647,0.0032346181173796874,0.0013636369855318173,0.023706591431616825,0.99971802925468256,2.5381574867966452,-24.886558902206929,-3.6271322780300799,,0.6533990121766535,0.2325581395348837,False,5
0.5892622017533885,-0.72735616999182007,-0.35174288842786833,0.79475699002532929,0.60016113164359064,0.09037667215694567,0.14536637984977233,-0.33280567609209372,0.93172367017815771,11.200079182266748,-10.473493960844994,-1.2243339436740501,,0.1634887463310023,0.391304347826087,True,5
0.87180960706294919,-0.41435580865934074,-0.26126092869583217,0.43765367914916598,0.89844237878004873,0.035504212978813419,0.2200165133801186,-0.14529472062779752,0.96461504134952447,9.8462955255117421,-7.7519583481699472,-1.5721538954078687,,0.07292319041097703,0.3191489361702128,False,5
0.75812483437210698,-0.59878289288197295,-0.25827462651247773,0.62898404231175997,0.77598078045324603,0.047253601813285438,0.17212149785957126,-0.19827474765856093,0.96491518508908858,-2.2234946819474972,7.9108037335371817,-4.9998309924480218,,0.2848756668937465,0.1967213114754098,True,4
-0.017618323400798545,-0.9570804149372204,-0.28928649125761813,0.99979717996284934,-0.019687331135807343,0.0042435752714768543,-0.0097567217281469797,-0.28915305347920528,0.95723315761875516,0.70492167779998383,-11.370832483176374,-4.1147821845154118,,0.1167772134183554,0.463768115942029,True,5
0.066382764889832441,0.97481057429522777,-0.21292644919734538,-0.99745387861379264,0.070404831161014744,0.011354284983711939,0.026059327771137397,0.21163058378078878,0.97700225559858322,16.991079363357624,4.6683036488043452,0.32971148599344147,,0.1137924459297202,0.5217391304347826,False,6
0.91788616709984983,-0.3042070596995704,-0.25483926125243733,0.3239914021294294,0.9452735987549743,0.038566758264418674,0.2291605454543876,-0.11796562349159886,0.96621403223161961,4.3410317106785925,-14.090897811955292,-3.1177500467420187,0.0862965504911265,0.1059452911021619,0.4285714285714285,True,5
-0.90338719442245152,-0.34780117155939733,-0.25085039767846112,0.36247582989069155,-0.9318980127042491,-0.013317907603128096,-0.22913500321554076,-0.10295843326207754,0.96793424948269691,8.3738571603169554,1.1428735694919441,-1.9880088739010406,,0.3837480185578798,0.9495798319327731,True,5
-0.18900648496405142,-0.89186241964737434,-0.4109233177397752,0.98152797064445019,-0.18422073256062937,-0.051629105525977326,-0.029654535641637846,-0.41309096590890915,0.9102068239693234,-3.9953266965957193,17.028205116881498,-5.5150113309899425,,0.2047989481685165,0.6363636363636364,False,2
0.92012178224756658,-0.29657736844462423,-0.25576897849431041,0.31652316265932229,0.94775304882114653,0.039714555900347177,0.23062739068398103,-0.11749903393936137,0.96592183104514984,3.2405580401738714,-5.9470864018600818,-3.4471737735560013,,0.228006429390185,0.7786885245901639,True,5
-0.38455893073981717,-0.86905696344686023,-0.31121443262286402,0.91759221078530884,-0.39665983633006857,-0.026182225817013433,-0.10069242024292667,-0.29563654802328843,0.94997898291409366,-17.35422302573015,16.788478978747275,-9.5189056288254523,,0.08235214426985427,0.25,False,1
0.11842507517509848,-0.93136202848701011,-0.34429678108041428,0.99257316573715171,0.12074962309111761,0.014766149866603302,0.027821075254242194,-0.34348842835809695,0.93874474025465682,-11.879440650352432,6.2001810441497653,-7.8194391898040703,,0.10114971077918,0.3757225433526011,False,4
-0.84999737928605323,-0.44943566133338475,-0.27479454421197141,0.48048983391021755,-0.87529376726959118,-0.054684005778098677,-0.21594900952718821,-0.17851724650809128,0.95994667455197547,-5.6739350088386908,8.5310597920822495,-5.9610362552663458,,0.08878526621745303,0.3,False,5
-0.49662469670892373,0.863534398994807,-0.087591394391497046,-0.86148621476379639,-0.50270866540647341,-0.071592593871074889,-0.10585562049657954,0.039904128582385928,0.99358051919880375,-15.849791469762176,7.5130981207387784,-8.9926956661321498,0.3307750939621781,0.2787626191742684,0.3508771929824561,True,3
0.83156042451782075,0.49757246831231378,-0.24683779927987493,-0.47968102541882995,0.86738332816741714,0.13248500243557276,0.28002388153312979,0.0082341238031282543,0.95995772041080707,-3.3799476612458488,-26.402821465537762,-5.2720276407800108,,0.1484958790799944,0.2,False,2
0.90270829602453484,-0.2518197251228752,-0.34886180405358391,0.36644823586364117,0.87488238173748623,0.3166962402015055,0.22546268587264442,-0.41372411600532072,0.88204247806707703,14.32041395355337,5.8627733742255437,-0.36701824175612779,,0.2785230463581703,0.1739130434782609,False,1
-0.88516206188241731,0.43670683748431804,-0.16054676047343164,-0.41097646115492298,-0.89560451117723849,-0.17026716634617636,-0.21814323867735183,-0.084733096564600013,0.9722313663763017,-9.4821624885279103,-13.394059565315885,-7.0055103874121452,,0.2841134533094287,0.16,False,2
0.40968483809795359,-0.84306510799171908,-0.34842439225686311,0.9069990463331673,0.41728750926785602,0.056779085583988018,0.097524680893496987,-0.33928212198101432,0.93561561461995768,3.9797163117440228,9.4600571220730565,-3.239869119336559,,0.07802684824863904,0.3333333333333333,False,2
-0.11708942671398975,-0.91463229206163366,-0.38695973494650904,0.99069096689670866,-0.13481438745022023,0.018880917501213137,-0.069436836485074371,-0.38114675815819965,0.92190328911683606,-10.387273204540756,-18.172931491297291,-7.2665275015991577,,0.431911547291795,0.35,False,3
0.44242158983086177,-0.8482510654982367,-0.29108979152941861,0.89143566022556964,0.45143339492147377,0.03937453019246679,0.098008165627856969,-0.2769079627435449,0.9558851288933643,-5.0897072652336313,20.966663407276261,-5.7604641295245802,,0.1840451249162266,0.4,True,5
0.94537844349073719,-0.14883163766264396,-0.29001507239053126,0.22198787885121088,0.94544667650755221,0.23843649788562796,0.23870689186986147,-0.28979255599735204,0.92684372699088302,12.415985328241575,-6.6818472743888622,-0.87698763415660597,,0.1433666801451089,0.2,False,5
0.17823129302324564,0.96397949287907658,-0.19742629889622018,-0.98276388092989364,0.18439709191568401,0.013147883200424031,0.049079125164117693,0.19168007147754434,0.98022955968053094,-8.0494368197114223,-8.1458352704992141,-6.5752709454828446,,0.09050353568076695,0.3793103448275862,False,1
0.78361462153933725,-0.55358821190071561,-0.28193654703555227,0.59000145775117996,0.80526596740135259,0.058694135964738325,0.19454152451660386,-0.21233655688489672,0.95763603829901001,-27.205429521973649,9.8353333880201994,-12.398645233046865,,0.0798685827554828,0.4666666666666667,False,1
0.830035000903249,0.54663621723722644,-0.11059269089827248,-0.5169945598366037,0.82853424755530825,0.21505261153335936,0.20918537801409895,-0.12132537505623991,0.97032037543924787,-20.855920969279008,10.042071584073337,-10.553367809656983,,0.1998549884963636,0.1714285714285714,False,2
0.0081917752438152407,-0.95579325862886677,-0.2939254013826747,0.99990768456785983,0.0046429242436683976,0.012769714037862898,-0.010840533220098184,-0.29400287415955512,0.95574305795303804,3.4696305074942053,-19.658458634226761,-3.3449313334529598,,0.335663234843054,0.9108910891089109,True,5
0.83045662670774067,-0.46115729867308441,-0.31253117770511074,0.51734202365690318,0.84651086086443394,0.12560490833217944,0.20663741605958039,-0.265994940401314,0.94156660410462778,3.8241748232923434,-8.9239914232853028,-3.2266447235896569,,0.6850315049724074,0.5514705882352942,False,1
-0.13526699676873094,0.98268873886155239,-0.12659258311551713,-0.99045331616439947,-0.13753427259757189,-0.0093033520841061743,-0.026553118161755575,0.12412560725228217,0.99191116816988179,-19.415886657878772,7.0297695932510988,-10.043569003803908,,0.3367052161507801,0.2142857142857143,False,2
-0.85571614299217091,0.4673881223206966,-0.22203203763451945,-0.47148737174147076,-0.88107188559707172,-0.037576464691899555,-0.21318897933740294,0.072530514433269064,0.97431503301813116,-17.685034107670404,13.120124866279706,-9.5083476399051037,,0.1221788429969557,0.2941176470588235,False,1
-0.95176119960679373,-0.15984359562458442,-0.26191724620734907,0.19091682182795625,-0.97673466375486051,-0.097673761895363143,-0.24021112810639975,-0.14296650501947661,0.96013498653906304,-9.1532325639334751,13.563454569853137,-6.9431140964667408,,0.5463883143742998,0.5098039215686274,False,1
-0.68882464459085746,0.69516704671480156,-0.20558060746602869,-0.70166518322326898,-0.7106136220680962,-0.051906172884535515,-0.18217184100880443,0.10849450351554002,0.97726268886639744,-2.4556408939616019,20.23241897617546,-5.0304863449785691,,0.1811720337810989,0.8947368421052632,True,5
-0.55048065884284658,0.81753499838318555,-0.16913772689306147,-0.82234167867366137,-0.56592572567019461,-0.059010478229298502,-0.14396252205394341,0.10660487532599162,0.98382426926794153,-8.4081732364818649,16.194582117302694,-6.7322457487274594,,0.1351654988883655,0.3571428571428572,True,5
-0.017718591805861987,-0.94502601143399378,-0.32651476110211797,0.99980369971379746,-0.019642429472601648,0.0025955737354302205,-0.0088664278612882001,-0.32640467624954417,0.9451885387473814,13.256596778954012,7.3365671015127596,-0.66539617462179512,,0.5025537240434309,0.2857142857142857,False,4
0.16810755023013993,0.98520583482224466,-0.033306374582409787,-0.98509042541016989,0.16914909997707478,0.031391650835138382,0.036560980851594926,0.027532617186681568,0.99895207576240597,-23.749847519871437,2.640047714527475,-11.251984383272301,,0.5806600365720456,0.3823529411764706,False,2
0.96942934209393505,0.058169142593076699,-0.23837596677791678,-0.026425508151464869,0.99059375122601545,0.13425986947300436,0.24394352462456761,-0.12385625087962902,0.96184779768515627,-31.964798307789216,0.40840983919960505,-13.863742929197986,,0.1890947987035381,0.4,False,1
-0.18546013580633192,-0.91489004391152617,-0.35858157451026673,0.98130530784527681,-0.19153110855561975,-0.018860733022386427,-0.051424029610516259,-0.35537591647018008,0.93330784158904156,4.9084159865788681,-9.2762046275890917,-2.9853062273296236,,0.4861796619164824,0.9015151515151515,True,5
-0.52549674028329341,0.81979951880966984,-0.22755642137954873,-0.84144569771535438,-0.54033065066088326,-0.0034533683133335449,-0.12578677890761703,0.18966163796566907,0.97375877368895936,-2.3708610836100474,-20.146681992103261,-5.0308543381449073,,0.2998397125623961,0.9245283018867925,True,5
0.88426212292516859,-0.35500460487574653,-0.30340110164086309,0.41088137573265526,0.9002147805990095,0.14418683666381749,0.22193916516900491,-0.25216082032721276,0.94189061342386915,1.0964198769395854,-20.739121275676872,-4.0192335559984436,,0.2274971467090861,0.3333333333333333,False,3
-0.91499175192998705,0.34044365905643897,-0.21653685346461829,-0.32762431298159705,-0.94014826134229923,-0.093720628670480394,-0.23548334005494101,-0.014810864367640245,0.97176552462682775,-1.8651817681715257,18.499804847552333,-4.8782471203518014,,0.1898654211767124,0.5454545454545454,True,6
-0.73566953399691692,-0.60495213236162981,-0.30466908983334073,0.65375326543245671,-0.75183460438245853,-0.085740279854175511,-0.17719199949534703,-0.26225492407996742,0.94859124501054259,-5.004162778202061,13.319384185475018,-5.7628784965587903,,0.1338295310806663,0.3414634146341464,False,5
0.34401903328360189,0.92061916623634821,-0.1846923265783042,-0.93498035481487851,0.35396441678805013,0.02282384187947905,0.086386577943913745,0.16483186101657207,0.98253133117725722,9.1194115455862761,-18.654221297966693,-1.8087561568135322,,0.1312730080495918,0.6153846153846154,False,5
0.70224374057338057,-0.65402976953090763,-0.28124506998853138,0.70182428085637338,0.70230810782148978,0.11918892770988825,0.11956758601703373,-0.28108429741902358,0.95220544533126483,3.3921358714284029,3.0374042351811679,-3.3846635439700874,,0.3596745979903339,0.6799065420560748,True,2
0.052780286674579277,0.98666440579255443,-0.15397269784145393,-0.998340672015117,0.055690357218632996,0.014645364907287258,0.023024854808570895,0.15294422007675706,0.98796655895134322,-4.3827308343237741,-18.799317099777632,-5.5353718936685894,,0.1027220925998589,0.2121212121212121,False,3
0.96540446083059905,-0.085308106801802119,-0.2464076985856376,0.11312175173482095,0.98843452326331205,0.10099832922218349,0.23494189982381519,-0.12537830807248662,0.96388930047597021,-12.828633427581305,10.936217924248458,-7.9945449796788406,,0.2824950762127844,0.3333333333333333,True,5
0.14870071937035978,-0.91968370911139075,-0.36341432450283612,0.98833327271811933,0.15046216390853412,0.023632166008504884,0.032945987571017021,-0.36268858877427701,0.93132784210281938,7.8042748315474046,1.8201657232164985,-2.1565338195940362,,0.1065764960837958,0.3896103896103896,False,2
0.79242041076452763,0.59185100902844456,-0.14758819639724124,-0.57398323718335964,0.80539094267066869,0.1479482101837139,0.20642949410462122,-0.032524030747513172,0.97792077970950508,-4.7434438665979686,14.742315019147689,-5.7217341155695154,0.6163579560971109,0.460123011747241,0.4354838709677419,True,5
0.91059995715084419,0.34654221798778212,-0.22520259587533309,-0.34220575819944549,0.93775103883433819,0.059314485753999759,0.23173894168227913,0.023053856883985174,0.97250479823533464,0.33039443420382375,-15.705793378510755,-4.2431432077016789,,0.1065138409207674,0.3859649122807017,False,5
-0.25133730870641569,-0.9004625093401426,-0.35496031683143214,0.96562643764814371,-0.2583957779107327,-0.028234816678425752,-0.066295853318083825,-0.34985552908416651,0.93445490453101387,1.6066926553339715,8.1721076486060387,-3.922633873048432,,0.1869303405959376,0.2156862745098039,True,4
-0.22610767658277575,0.95867904558786965,-0.17265516540512305,-0.97377545432460921,-0.22704423569775858,0.01456981782049321,-0.025232581026136652,0.17142170978949017,0.98487456778394245,-7.027781162866451,-29.521146505402854,-6.3280329544753346,,0.4448455869789781,0.76,True,5
0.28538743921060572,-0.8775844311618054,-0.38522665500095254,0.95438837784673669,0.29701532977593853,0.030409178041592606,0.087731600759860445,-0.376334239819473,0.92232082605111532,-1.023098678110886,-25.028923837397056,-4.6019874084904933,,0.2220725393776133,0.3888888888888889,False,4
0.81371688398151232,-0.4720406203408089,-0.33917913478231909,0.54476269268060062,0.82283891890921668,0.16177058506321093,0.2027275052547132,-0.31640759516259453,0.9267080405050041,2.272707328529477,12.643713861113154,-3.7237811417280655,,0.5201938865586092,0.2234042553191489,False,6
0.59232783881243989,0.80363430568319094,-0.057616265905381686,-0.79396207747314351,0.59436683814298397,0.1278760386094388,0.1370107692932003,-0.02999940741094323,0.99011518756793016,14.063055887129279,-6.7083394853108462,-0.39941297014465282,,0.1906018699353854,0.1111111111111111,False,3
-0.95996749696237615,-0.1195153143179489,-0.25333474775338483,0.14096028761195012,-0.98766367417809009,-0.06819577718151705,-0.2420590880180819,-0.10117586842976284,0.96497193822169613,1.0437049713276634,-22.034596732841369,-3.9846858157239669,,0.1000421135718477,0.2777777777777778,False,1
-0.94499608770808774,-0.17809854702282496,-0.27434157862920638,0.23677477819325768,-0.95114968561399904,-0.19812112448682392,-0.22565482185838637,-0.25218085396149426,0.94100197569787813,13.415823682859326,-13.040078016485335,-0.62951133839641082,,0.4359659828395599,0.1150442477876106,True,3
-0.92216882145870249,0.35151801234184582,-0.16136837276462962,-0.31052964723815041,-0.92157812607473411,-0.23294869762832054,-0.23059922574808547,-0.16470836208225337,0.95900737877482667,9.2273677488071808,-20.857831331533131,-1.7217376043843331,,0.2855847215671323,0.1666666666666667,False,1
-0.80770422555463717,0.5553737467968114,-0.19792393839567257,-0.53335595858259466,-0.83134588591407599,-0.1561903947692718,-0.2512872966658371,-0.020591729956721372,0.96769348204468342,-4.1130889767155026,4.2750665475681471,-5.5156195775588461,,0.1687207100390919,0.5692307692307692,True,5
0.081960861169365989,-0.9502322083034358,-0.30056807471711128,0.99648019892422179,0.083457243687815708,0.0078804586145369733,0.017596317464708251,-0.30015602405883446,0.95372780751788555,0.96417179635490036,-8.6961005647023146,-4.0137011647264318,,0.4812864049606352,0.4558823529411765,True,5
0.40623363728869138,-0.85520706835738547,-0.32186193028497018,0.90867591761211675,0.41521799682652077,0.043612978150433204,0.096344738761275778,-0.31018524359314498,0.94578158470657692,-0.56475044527826257,-16.693743426833777,-4.4739896834325608,,0.08560329378738028,0.3571428571428572,False,5
0.58363816420673831,-0.72816642479092175,-0.35936075340609674,0.79982333379333259,0.59191210671489813,0.099612713265189168,0.14017534733721959,-0.3455628969254948,0.92786699276747187,2.0006258741648555,-21.628358263939806,-3.7411592650430339,,0.1350770148461393,0.2666666666666667,False,5
0.33470704897263182,0.92919823321757489,-0.15672215782514531,-0.93484406687086519,0.34833755270495192,0.068756963370021046,0.11848106179627937,0.12349733908413732,0.98524648958256333,5.0335252699307835,19.73283147997299,-2.9131160851466711,,0.214052011925684,0.4230769230769231,False,5
0.74665177608288913,-0.59486193229827444,-0.29774218171873112,0.64274328168353079,0.7604844668373969,0.092436191774249013,0.17144153266624892,-0.26038943373609297,0.95016058836159056,1.1009162316820298,16.752607971371418,-4.0396523238321995,,0.1402506377278445,0.2666666666666667,False,3
0.89959804069285887,-0.32377862134501606,-0.29307127041300002,0.37457749831803744,0.9170747680718957,0.13662198768748468,0.22453298852366826,-0.23268277573941581,0.9462788505186146,-3.96802471079303,-17.716130223986688,-5.4265714817599386,0.3589588304697153,0.1074276969078882,0.4166666666666667,True,4
0.48973105416471363,-0.77486176554015096,-0.39969080411077351,0.86545917411759643,0.48754300427306224,0.11524858749712949,0.10556473143244817,-0.40235688547407167,0.9093761730929607,-5.635460605126724,-9.2305513041236082,-5.8828544486131618,,0.7417459605001201,0.6338983050847458,True,5
0.71260832240784278,0.67719663254126539,-0.18328693273075708,-0.67189815062338143,0.73394072472160243,0.099417743808679571,0.20184710556249955,0.052304239502151906,0.97801943360351551,15.362448530129409,11.638115733734042,-0.1042289174493651,,0.154113625235428,0.3,False,3
0.9206807266601098,-0.30107316253059463,-0.2483987728641944,0.32188222702153019,0.94561719628384955,0.046903624805884003,0.22076872850173238,-0.12313841356821659,0.96752162746867332,-5.4385630415812614,-33.842334243286643,-5.9199644551092412,,0.1322461650146934,0.7727272727272727,False,2
0.82815134495576526,-0.48920952918060695,-0.27356788263033344,0.52174610823550027,0.8511724317397964,0.057327916299735673,0.20480807696246936,-0.19020916908774035,0.96014276209628568,-11.761666435890575,8.0981643613884611,-7.6794501650511933,,0.0830177940316991,0.2272727272727273,False,5
0.26401660657884352,0.94683507903410635,-0.18384385918781265,-0.96254618236728573,0.27082852528253398,0.01252025173272533,0.061644774804967065,0.17365265043691092,0.98287571886555403,-24.425356946501473,7.6387219322121709,-11.536579330766402,0.5464177325463313,0.3806284610021142,0.9615384615384616,True,5
0.94864351966932026,-0.19067366498410174,-0.25242627848727012,0.2043615263258671,0.97846843571250308,0.028911708218085259,0.24147844447727473,-0.079013124200073781,0.96718410194594173,-9.9364387603701942,-20.745838295136267,-7.1545967346263604,0.1895779592535006,0.1426887171440983,0.6857142857142857,True,6
-0.80550626446336548,-0.52037084390733435,-0.28350280901861175,0.55495259705762157,-0.83019587137741246,-0.052937984159775089,-0.20781547807917522,-0.19997249800677064,0.95750912638556929,-11.725747069268721,16.440566432995524,-7.7679161087410478,,0.323737835058224,0.4375,True,4
-0.40085343418653635,-0.82777222270855655,-0.39256804711157361,0.90914503694720761,-0.41227993961850601,-0.058996213288828848,-0.11301250415383246,-0.3805501263963732,0.91782883764053924,-1.7692622559805831,-23.374850699367745,-4.7664754212278355,,0.1816060237700428,0.1538461538461539,False,4
-0.025892494487650006,0.97977421443630675,-0.19842395887322478,-0.99966373314415591,-0.025658038792845537,0.0037530896063717248,-0.001413989213407252,0.19845441232439512,0.98010909946978941,-12.60148888760266,5.3806764478480282,-7.9952120721852067,,0.2041690762963118,0.7486338797814208,True,5
-0.22743388152932206,-0.90527463497061311,-0.35881982221071673,0.97185542835307148,-0.23424625101787921,-0.025014401146893097,-0.061407295276500219,-0.3544101143631383,0.93307160224922314,-12.517880149973202,-15.409918254048213,-7.9035464564096127,,0.1455756428674801,0.1428571428571428,False,1
-0.042167556558403908,-0.94172279654597646,-0.33373653027428329,0.99910953265950631,-0.039268066112640922,-0.015432457117232276,0.0014279085390019111,-0.3340900978020705,0.94254006155059833,5.5983017089926879,12.331548856231775,-2.7771696753210149,,0.4593645522033615,0.7074468085106383,True,5
0.65060189116853817,-0.6580602801282901,-0.37904333119763239,0.74278817646700823,0.65530444093535489,0.13726548944005831,0.15805981180786743,-0.37085409180414647,0.9151417040455444,3.9117432867583819,-16.146381294745915,-3.2644567983819286,,0.1145725457027813,0.3666666666666666,False,5
-0.96331937071253981,0.10155951234483798,-0.24839777668545077,-0.088852997559677266,-0.99412127262918981,-0.061871157503155326,-0.25322111846103273,-0.037530797465534428,0.96668014586363804,-12.092112725290784,18.392454683260382,-7.8605452741674045,,0.2546268880875306,0.6730769230769231,True,5
0.19197829003670849,-0.92855836551669302,-0.31768490361291718,0.9802494636987914,0.19709319662749733,0.016286827849112222,0.047490262926344826,-0.31453717375235912,0.94805645467718025,-21.528999790157723,5.4428538207441379,-10.718179705414801,,0.1434931676000577,0.2941176470588235,False,4
0.96435739267252019,0.1183481711004685,-0.23666121269661505,-0.10470294242956155,0.99207469589019825,0.069462879446237857,0.24300640535683446,-0.042207915982015606,0.96910596881043121,-6.8764425138741396,-4.54250768383032,-6.2464044888352301,,0.07195244540440655,0.2905982905982906,False,1
-0.97231955148784277,0.030678922607450771,-0.23163223761412471,0.018296287311667745,-0.97830191381966092,-0.20637492892160728,-0.2329376218327327,-0.20490038829742507,0.95066076768239216,-8.5995067913670251,12.064040921151927,-6.8179896753979117,,0.3491478705279843,0.1428571428571428,False,2
0.082683487403869299,0.9706524913541773,-0.22582555643385915,-0.99628551508952889,0.08597871281441137,0.0047784271019267362,0.024054382834020931,0.22459163379499447,0.97415603713972254,15.229314363899816,4.8094543931893075,-0.15791540474178317,,0.4077256206542902,0.9344262295081968,True,5
0.92372576568171516,0.3175218365770997,-0.21426757363734064,-0.30271548419056749,0.94786247743258689,0.09959949551392426,0.23472120791909284,-0.027140507955146664,0.97168376922789923,-2.1177523951664448,-30.838886568571699,-4.9327400227058016,,0.2781832074325384,0.4736842105263158,False,2
-0.9410457154491535,-0.22009045202643598,-0.25689132792211894,0.24065923745447515,-0.96925961081014445,-0.051175563309041473,-0.23773113566089984,-0.10998181567407503,0.96508440426649333,-19.878895988227779,17.095132222123198,-10.242457762351751,,0.2051681863365297,0.5263157894736842,False,1
0.59990009017212065,-0.74797224196082579,-0.28400247722084798,0.78721251156852101,0.6152112441616161,0.042562738247189258,0.14288577060527691,-0.24910369389716649,0.9578783880249746,5.5982664877591084,-13.867830472019264,-2.7900650892843606,,0.0737433816998607,0.2692307692307692,False,5
-0.29746159454245141,-0.90671133284427363,-0.29898354246349701,0.95169359590543745,-0.30657132211165111,-0.017126703456628405,-0.076130803784271089,-0.28963525916309607,0.95410456311909853,-2.6311826248045236,-13.862514989948831,-5.0720391472749435,,0.1329719279601332,0.2615384615384616,True,5
0.11601460277642484,-0.94898563390776858,-0.2932010889804087,0.99293571961688865,0.11820575924526044,0.010298310062436502,0.024885109031686333,-0.29232458863037969,0.95599532751502436,-18.537704509785449,16.623285449561173,-9.8684676283397028,,0.1349275290065808,0.3846153846153846,False,1
0.96839079391863037,-0.027912031082005219,-0.24787131494895076,0.068114326640794948,0.98554273517207092,0.15513205876228325,0.23995772285949837,-0.16711204525835524,0.95629172095634796,1.7238338852448936,-7.4390824193845599,-3.835812432460751,,0.08706955463276339,0.2875,False,4
-0.46889656405144686,-0.81348909235154654,-0.34405160782330962,0.87393209064922872,-0.48374399922094768,-0.047269907459107606,-0.12797934659239377,-0.32284243810685886,0.93776012231433847,2.4640595792730693,10.30129530182062,-3.6642571339225007,,0.3286148701098761,0.546875,False,2
0.71224291553153984,-0.56402400090338156,-0.41783603923079127,0.681187146173035,0.69904517627476392,0.21753140788314212,0.16939333270164225,-0.43955974330223635,0.88209587398666822,4.3326455505220123,-23.995709240220872,-3.1038222458120432,,0.3805373752105213,0.3333333333333333,False,2
-0.42804275674454861,-0.85211358469719278,-0.30113425107919578,0.90027142268419491,-0.431267250284538,-0.059328950186148061,-0.079314336009978531,-0.2964978880304458,0.95173433188930534,-2.9609471837255414,-22.959162374251662,-5.1480217589252621,,0.1459212099715951,0.3,False,2
0.4854726183950665,-0.82631009016196444,-0.28553103453944373,0.86603883290823802,0.49920240871759625,0.027815373905234728,0.11955365608619413,-0.26078456631303359,0.95796572657342371,-22.270198924308104,0.63228508753962143,-10.849114385123942,,0.1065905579620269,0.2571428571428571,False,2
-0.3232984287393178,-0.88691199370194951,-0.32994733125503883,0.94243640463690714,-0.33323695427258831,-0.027690350705443768,-0.085391739587326515,-0.31990662346185178,0.9435931342880195,-24.187376511675495,10.311836863906555,-11.494637891672795,,0.4697550874746951,0.16,False,1
-0.39574406922986055,0.89182716519821814,-0.21915962010347606,-0.91337280838407753,-0.40706144162865671,-0.0071481216960714994,-0.095586320014809059,0.19734561093094594,0.9756628338070058,-6.3504785530170604,-3.5379088262453147,-6.186761079810327,,0.08327004998944615,0.4471153846153846,False,1
0.26466299875285437,0.94595260638976275,-0.18742242009845259,-0.96011826106290643,0.27664762015414118,0.040484800068552734,0.090146668627782478,0.16923285947907488,0.98144476024269856,-9.9122989744145578,-15.891523275110558,-7.1150359986914209,,0.1475212521685991,0.5357142857142857,True,5
0.92359010978819045,-0.21454181884173695,-0.3177312025431519,0.30602864866500296,0.91176378099938971,0.27392202148416089,0.23092807386220982,-0.35022652044894631,0.90775195349639048,-5.4552662408034189,6.7712525369504633,-5.8990501623516955,,0.2996696355441044,0.2666666666666667,True,2
-0.26682735824709441,-0.90067249798420879,-0.34291720905455059,0.96170189120404981,-0.27198947956598085,-0.033929271433104376,-0.062710711568527491,-0.3388373863379196,0.93875267897048176,11.750454219974863,6.1172705794597526,-1.0637694517815521,,0.7652707292368874,0.776595744680851,True,4
-0.14317979218669125,0.96530517113165859,-0.21837003845732711,-0.98914432348384851,-0.14694383555130994,-0.0010082227676105823,-0.033061373671633851,0.21585512683267041,0.9758655182918371,6.8787349663033464,-4.7856241340249932,-2.4105701095490564,,0.2186451979212651,0.8251748251748252,True,5
-0.9695400117737798,0.16193772089420264,-0.18376163941718202,-0.13218980185758067,-0.97755992311400497,-0.16401967261946027,-0.2061989860657725,-0.13473222061902157,0.96918997460380019,-24.076351354444551,-0.58212434749641295,-11.40148422676735,,0.3157414720680689,0.2272727272727273,True,3
-0.20648540752795358,-0.94103631252638076,-0.26798215422816274,0.97682420552429294,-0.21404060381861253,-0.001044709910897848,-0.056375952141397428,-0.26198717225031376,0.96342330966010747,-2.9545424626195773,2.9462708069045851,-5.210906813163553,,0.3318617354859959,0.9703896103896104,True,5
0.20279695295537337,-0.85777943620804631,-0.472321749118778,0.97810293130360382,0.20048482237752174,0.055861362063159184,0.046776614320768378,-0.4733078013458677,0.87965429205900347,-6.9762029915728219,19.930572890969838,-6.3066935503243533,,0.2339936118671648,0.3043478260869565,False,1
0.66942276283608371,0.71374559389268721,-0.2060106594224628,-0.72365933098255497,0.68920147421215694,0.036311163926122311,0.16789978343876488,0.12477401629571566,0.97787581398593293,-10.59788768032192,7.9651201309395026,-7.3968382536163686,,0.07937133629040122,0.3,False,4
0.92280302425363436,0.30514653664030744,-0.23520240135842987,-0.30388023944593523,0.95176017728607276,0.042536631350699017,0.23683618495202052,0.032220429991071581,0.97101517258411718,-0.17874112766038519,-4.2289846728502631,-4.3394069359806418,,0.1722217003679902,0.6776470588235294,True,5
0.9179193679746146,0.31827596505399791,-0.23690598127956003,-0.31547550948724634,0.94757851038797691,0.050696839789737637,0.24062260245215394,0.02820242400663895,0.97020893959461296,11.953939087045242,-13.962245082414583,-0.96302336471949523,,0.08605080696530168,0.2380952380952381,False,5
0.26503150379587492,-0.89580014309782929,-0.35679182392763237,0.96075332948407388,0.27676749766056652,0.018782761351205889,0.081922779988017558,-0.34776695625751708,0.93399507614035004,3.251147335428564,-13.14766037702802,-3.3870429325341695,,0.2117722966316672,0.28125,False,4
0.6828436843529847,0.70627429659702645,-0.18681841639842922,-0.70494100535030724,0.70411782369055054,0.085301051206778458,0.1917881167198314,0.073448678188641786,0.9786841216436496,16.825833337502473,6.7892263889748392,0.29405905865581278,,0.3004982487865651,0.103448275862069,False,5
