axis_00,axis_01,axis_02,axis_10,axis_11,axis_12,axis_20,axis_21,axis_22,location_x,location_y,location_z,dbh,dbh_approximation,score,reconstructed,number_clusters
-0.57714436013428438,-0.69204620809448858,-0.43356249079830145,0.74137282452089115,-0.66663949508752995,0.077188850563785522,-0.34244813129451146,-0.27688233864131284,0.89781147682651852,3.9670406180367097,11.547897981746532,-2.1532206716322455,,0.2215045817547952,0.2051282051282051,False,5
-0.59816593908470839,0.75014884406233107,-0.28191172567110184,-0.80000733196300922,-0.57950100716306308,0.15545691204454024,-0.046752306085769246,0.31852047728355704,0.9467623394636685,16.89858817986153,6.270140398831991,2.2107191240937958,,0.4038420970532226,0.640625,False,4
-0.93501141112243735,0.13359642457360094,-0.32848996394407182,-0.19158444765665783,-0.96980554353145576,0.1509059546596811,-0.29841089203800969,0.20403235791610755,0.93237424698254712,16.190943168129326,9.5922304491588868,1.5101433046417672,0.4778583869258177,0.4447472458226044,0.8823529411764706,True,5
-0.93892024671647523,-0.0663556783586286,-0.33767690808736067,0.017898041460451125,-0.9893221482597937,0.14464213450618874,-0.34366907108111078,0.12976367331496377,0.93008223220855801,-23.381067769396097,15.268512651858757,-11.703665531524805,,0.06331195252511583,0.25,False,1
0.80239364138642988,0.54290633167629809,-0.2478248560746304,-0.4546619571391915,0.82508790500891271,0.33542876104824948,0.38658368950718269,-0.15646937091261365,0.90888414386720706,-8.86365207768565,-20.254882507371825,-0.46672005269176808,,0.1092407824581059,0.375,False,5
0.084585111656691164,0.96102377825791407,-0.26320838989080442,-0.96304801605544244,0.14663677247452978,0.22591187602675916,0.25570271343437467,0.23437353643519049,0.93791533080612421,-1.0284544320541245,-20.424550449101222,1.8520897743835512,,0.1115297941545477,0.1666666666666667,False,4
0.92380940213459639,0.23260626492314573,-0.30408964804186056,-0.12273411861913675,0.93228405973310013,0.34026867045667403,0.36264655610456697,-0.27702122208609281,0.8898015047522817,-9.3465710362888572,-21.934781266329853,-0.37268184504351609,,0.09416030521236007,0.2608695652173913,False,3
0.69701378595727126,-0.59672774145584651,-0.39760254622237362,0.70791071541240591,0.66093235464662781,0.24905991565396168,0.11416742613287593,-0.45506529768624149,0.88310892513433803,-13.443067246556348,-28.378907923581892,-0.53384576459319188,,0.3042243882016706,0.8301886792452831,False,5
0.53967752711357941,0.81276157853375219,-0.21946932174656256,-0.76351306295458488,0.58235053426672367,0.27913376352023483,0.3546772750350391,0.01692547484077625,0.93483557852444543,6.9461338154249699,-23.202512349949707,4.4488133276158797,,0.199424580721,0.3888888888888889,False,6
0.9170659374189204,0.25645579837834798,-0.30532030706142205,-0.16047148213998086,0.93835133778818403,0.30617914738094576,0.3650191362733668,-0.23179126460945237,0.90168389128618509,7.0547820292093251,-25.100236565160202,4.7710838581642641,0.6067136367090925,0.3715967259624989,0.2916666666666667,True,4
-0.77686889500735745,-0.45885966741191098,-0.43118734396162284,0.49974755824420608,-0.86591424933831918,0.021092435179692587,-0.3830497330621731,-0.19909876547956348,0.90201584442043636,-15.408508041383115,18.485848228695637,-9.709720189112824,,0.4898830685926214,0.3333333333333333,False,1
0.1895816307317609,0.96689686548617515,-0.17079009573770998,-0.94358074500905798,0.22751104063590111,0.24061193660523278,0.2715035597137494,0.11553864246120965,0.95547717877560201,17.042913453886655,11.637298912450492,1.4620820801367929,,0.3007693407925052,0.2083333333333333,False,6
-0.82941783556650106,-0.37841688581176536,-0.4109339540324024,0.41429916853745569,-0.91013875429060187,0.0019096825711550636,-0.37472957315022787,-0.168665670694647,0.91166311680125101,-12.925259834454545,16.682294340903709,-8.3741987097012984,,0.5568261706761608,0.8064516129032258,False,2
-0.76035939812108555,-0.52961482807824745,-0.37598100958504405,0.52543217379809026,-0.84185960625277922,0.12326164893318751,-0.38180442169617906,-0.10382936597881938,0.91839253390567277,0.99260865996235847,11.781152627023408,-3.055387262639035,,0.08145212335635318,0.2666666666666667,False,5
0.82720177154371843,-0.44471917673215572,-0.34345608598714228,0.5285003571634258,0.82337495817857764,0.2067390885211503,0.19085230319035909,-0.35253160438618625,0.91613146779042387,-2.0878558054748355,11.705635771393295,-3.9862412429709151,0.1496072821631515,0.1163813100306359,0.325,True,5
-0.87515247265721441,0.40518797576586996,-0.26444442496811899,-0.44469118061328916,-0.88895517233241927,0.10958309846046661,-0.1906774855265333,0.2134980231247916,0.95815483646177135,-25.78399975705069,-25.153211474633093,-4.7761073287726141,,0.3523547272934879,0.7272727272727273,False,3
0.39879375100601988,-0.79760888735416224,-0.45253022768894124,0.90881260629615279,0.2777887214929341,0.31127652151827262,-0.12256912660104601,-0.53540030727015597,0.83565741795264414,-16.559181279467783,-23.836476058624328,-2.1806773897146328,,0.3358752792532224,0.6857142857142857,False,2
0.93982752247991008,-0.055110529622444594,-0.33717511401941763,0.15920496985683463,0.94384774333176091,0.28949130380794963,0.30228795140090825,-0.32575184870124052,0.89582795642107871,-4.1921517369436962,22.721222222794466,-6.7491836593632231,,0.348953348409404,0.2222222222222222,False,2
-0.79479305548722323,-0.47711580006478171,-0.37505267933695163,0.47217645191919028,-0.87439446375529406,0.11173056881219055,-0.38125240615934153,-0.088288363234541256,0.92024549317835724,-8.3227649424532899,14.724083288065108,-6.4854575590751891,0.5115384934378846,0.2530886407979053,0.4516129032258064,True,6
0.88013916555700333,-0.30762725636918486,-0.36155292889339041,0.41542881559259276,0.86768583674945865,0.27302048985328264,0.22972581140994283,-0.39049553114364677,0.8914815150797486,-7.6894160502578277,-25.042323974343631,0.70765398711910166,0.3887897360746108,0.258541770170874,0.6764705882352942,True,5
-0.72238239839141793,-0.57715656853960118,-0.38085950938089408,0.57836739374276425,-0.80618863317936262,0.12470383148722089,-0.37901824276605067,-0.13019286894443768,0.91618501871977343,-4.2782941291769578,11.800212167382371,-4.6421827239642717,,0.0759037606883823,0.2112676056338028,False,5
0.50969148198015268,-0.77932518550281149,-0.36450905124274158,0.8603048857613157,0.46633267481419072,0.20593528094003449,0.0094919298398446483,-0.41855237622267771,0.90814305680672647,-15.430547944857642,-26.854212989496698,-1.4401877584953751,,0.1127774041435752,0.1538461538461539,False,1
-0.39649247744450228,0.90021094377536015,-0.18003880703058722,-0.91702816909047902,-0.37916970442327047,0.12365141463862889,0.043047095424492449,0.21412751330608076,0.97585672904421261,-8.8882769267772428,-22.499886482193123,-0.11545308644719533,,0.2822068617562637,0.2692307692307692,False,1
-0.7527303897610087,-0.54579970581844095,-0.36810275937398673,0.5319092416736364,-0.83368868466685886,0.1484443858171117,-0.38790400739411895,-0.084058659202642327,0.91785871617620829,14.592153439387005,16.391912016864641,0.03058699288363086,,0.2656645292713465,0.4615384615384616,True,5
0.24676799454357198,-0.82726063979111375,-0.50472308320636627,0.96373476371049116,0.15489479582147048,0.21730832345611681,-0.10159164377460841,-0.54004392051000982,0.83548291534617924,6.3485214001156649,17.440814463929591,-2.5789200232492999,,0.1985607399687627,0.4,False,4
-0.66772566960910151,0.71345891918857263,-0.21241186590054351,-0.73872931649443607,-0.67026001498714427,0.07092608308017459,-0.091768333845285294,0.20427403882947665,0.97460283703853112,10.968589814301428,9.3919926558883127,0.23591646531678701,,0.08521900370766988,0.4,False,5
0.93561992921614856,0.027592866757563769,-0.3519289441885472,0.079032995095141154,0.95526077593822056,0.28500988691657247,0.34404815613494805,-0.29447492874267811,0.89158027266317108,-6.248328294628207,19.101114855372284,-6.6554981899031507,,0.5927712107248896,0.7857142857142857,False,4
-0.94071638175678796,0.12542176211100531,-0.31515404278446107,-0.16800117731094036,-0.97943950555178194,0.11168643331497724,-0.29466641056719961,0.15801150766147787,0.9424457915073905,-11.585830067614248,16.055283142649984,-7.8795273980347948,,0.4099254078676312,0.7901234567901234,False,5
-0.82651684042441853,0.50475422243179724,-0.24918484591184298,-0.53057432918447389,-0.8464263738223311,0.045313076572059574,-0.18804465880551513,0.16966310334086093,0.96739528511331219,-15.271827992745392,16.806056473529551,-9.2234637897743355,,0.3150440893778823,0.8412698412698413,True,5
0.68202886355885861,-0.54616443950445126,-0.48635484401144841,0.72013645707401175,0.61744129904098299,0.31649601171495451,0.12743669983761108,-0.56610126943804984,0.81442571194377622,-16.073910464497747,-21.114150601904377,-2.4668156867909747,,0.1892506151064415,0.2666666666666667,False,2
0.63949454455107058,0.76036765108245064,-0.11352428232222439,-0.67649578386089748,0.62670226805416951,0.38677864681777607,0.36523989638024096,-0.17054413623199408,0.91515819161991585,-12.996891910436586,-21.643855105479375,-1.5001930730265032,,0.1555821421674659,0.4545454545454545,False,2
0.94145545581697232,0.065388167091468191,-0.33073556252219943,0.063980931875594782,0.92853090887920353,0.36570041237643003,0.33101067213730112,-0.36545141792087599,0.86998689419486908,-10.868541024496228,-25.529855343270249,-0.24848203023186743,,0.3615285431874915,0.375,False,4
-0.68018861419096976,-0.61090075810471889,-0.40514653259289723,0.6376267216791548,-0.76573813485821507,0.084126527472344725,-0.361629109621531,-0.20111034923877313,0.91037300844400992,-2.1701740555116968,9.9560228661911854,-3.7092209695982592,0.4316368583642523,0.2280034746353317,0.3010752688172043,True,5
-0.66485806622690213,0.68053540112288213,-0.30795343737575109,-0.74089915810602813,-0.65325758473876172,0.15595821715785524,-0.095037830840152132,0.33185252115931851,0.93853168029076217,5.9524968463429504,15.337283844799771,-2.2963758520807134,0.2473394048472033,0.229290145152165,0.7241379310344828,True,5
-0.94160862982535365,-0.0013490771589597193,-0.33670665011139855,-0.058820901219976782,-0.98395591164686991,0.16843653260159069,-0.33153173274679199,0.1784066812818291,0.92642202384006056,8.2147643618626063,9.3048586172427274,-0.52259135663160339,0.3402162576714258,0.26930267859961,0.8863636363636364,True,5
0.79727301322415145,0.56921232917445619,-0.2008807275481499,-0.48518143100001027,0.80229472586870287,0.3477386257752314,0.35910266136199231,-0.17977902313410979,0.91581918599889645,4.9730446178225103,-26.39900776340194,4.4622257049461442,,0.3878028882207311,0.4444444444444444,False,5
-0.44196863248306062,0.85525755204135523,-0.27055174657961922,-0.89679073887201344,-0.41430138268561306,0.15530851547219826,0.020738818057985386,0.31126979291447204,0.95009526756243778,10.100195677508038,17.020061341407452,-1.2163171099373404,0.4744758098269082,0.4140045341705951,0.6379310344827587,True,5
-0.92635289192722936,-0.13137376929417574,-0.35300319029648985,0.097299347373530659,-0.98885599417387482,0.1126794559229079,-0.36387244553379433,0.070033959818349784,0.92881219191686859,-7.5072140712241664,9.4637334238942241,-5.1916752503770587,,0.07180934912270022,0.1770833333333333,False,5
-0.90159795398347142,-0.24178611483341672,-0.35869291050504604,0.20604614019094603,-0.96913502776582539,0.13535983920552805,-0.38034999340769304,0.048132864355814514,0.92358925388057311,-0.30693319256475093,16.625343187614639,-4.3815083772259538,,0.08179783837727349,0.5,False,5
0.94233182990359809,0.042936423524241318,-0.33191442554592876,0.079949956321267043,0.93414432874351205,0.34782521122046473,0.32499034883326056,-0.35430331160078132,0.87684116951358737,-25.718676578809049,-28.282038318636186,-4.2113025369246566,,0.2431739840217456,0.1111111111111111,False,1
-0.90260391004494933,-0.16173978202092698,-0.39893160376609693,0.18733629527555767,-0.98195852101828418,-0.025740541408660333,-0.3875710180650716,-0.097967882040008183,0.9166193321355367,-6.4587469223122529,-26.539583514478437,1.3397954104119822,,0.4884480148860975,0.2380952380952381,False,4
0.94033870436908173,0.011731452237889045,-0.34003748924768146,0.13160988127011458,0.90906734405042389,0.39531683891933356,0.31375461784257969,-0.41648401771196231,0.85328723345246338,-20.542840743861262,-21.615004523459064,-3.7423347544950971,,0.2823589561138362,0.1764705882352941,False,1
-0.93532410102541463,0.13215097223002489,-0.32818431799776676,-0.16783370533044403,-0.98233481264664602,0.082765712813532955,-0.31144931111828411,0.13249315605395523,0.94098081287707935,-15.378074865095194,-28.319782322281345,-1.1703787353982369,,0.2907753028130922,0.4814814814814815,False,5
-0.80907372547326584,-0.47415105776635552,-0.34724700310853296,0.4456613204286986,-0.88015544946933688,0.16343920044829746,-0.38312621187091855,-0.022520195125181386,0.9234214349845713,2.8744691124867559,12.499485176849765,-2.5910381993096272,0.5475276138760536,0.5041832260633503,0.9658119658119658,True,5
-0.33120821305603598,-0.85949692606325023,-0.38931498005092291,0.89559769048551541,-0.41623725666763473,0.15700739778370848,-0.29699477504029853,-0.29666745734850081,0.90762465994988129,-26.469275295322706,12.886303768317587,-12.243129301190738,,0.07352502520817282,0.3478260869565217,False,2
0.65728452773157386,0.72720974379347991,-0.19784599600826575,-0.67506958964419395,0.68481719644015793,0.27442021900264685,0.33504939746595674,-0.046812348709103113,0.94103693087255402,9.7598148317937881,-27.268794388654431,5.8651766223781561,,0.2768372451794014,0.2352941176470588,False,8
0.4620496004554126,-0.71641212266774656,-0.52274643682543231,0.88638573828058853,0.353898738642769,0.29845603656121822,-0.028818218053302508,-0.60125647878567534,0.7985362590555809,21.446201604394094,6.2420871097303028,3.5735403067386127,,0.5931385442922508,0.25,False,5
0.54763539299951325,0.83262179274830794,-0.082682686064628336,-0.7587282769165391,0.53582032171342253,0.37044295734455912,0.35274194270249093,-0.14013398260064319,0.92516787059373984,-20.82014363522638,17.156521987374909,-11.188173448987142,,0.2338806251524819,0.25,False,1
-0.34231914675679731,-0.85532018092215767,-0.38890228833343982,0.88875404538081038,-0.4290552952707804,0.16133133737543995,-0.30485053482476104,-0.29041167625870523,0.90704311347899369,-23.260066364546748,13.215903116639454,-11.302295278893295,,0.07813001195985787,0.1481481481481481,False,1
0.12590255143084544,0.94475668996268436,-0.30262740178965319,-0.96221690168231166,0.19053589360420847,0.19451145818521456,0.24142738382398976,0.26670371204615534,0.93304981020345634,-13.848071135660936,18.666847689372194,-9.0829156862506615,,0.08909022259776597,0.2916666666666667,False,1
-0.83835568980759434,0.48663444456802207,-0.2456555611566828,-0.51996516435434081,-0.8491868524446079,0.092292564669005595,-0.16369473181869748,0.20510633094858854,0.96495358840703449,-15.807285124883933,11.842385032927895,-8.4196275267330876,,0.1744829596972612,0.1538461538461539,False,4
-0.80152388814625197,0.52122903717139113,-0.29305246550797026,-0.57135755221938733,-0.81214191126981417,0.11822040213467394,-0.17638028306130343,0.26219421574168744,0.94875928927142361,14.72115727905026,8.7791587373863411,1.3075159621153651,0.5369318894615294,0.208088110054774,0.56,True,4
0.91804487129436818,0.23870335505006848,-0.31656645839057007,-0.14728205652308363,0.94663693229038681,0.28668190429494689,0.36810543342422802,-0.21656229291288656,0.90421190169775745,0.65172573607688322,-21.691456975584209,2.5128414177418357,0.1926127528339197,0.1400005076812197,0.4347826086956522,True,5
0.65197960699638235,0.69039359064242301,-0.31349526640877134,-0.66071678164566128,0.72013234498020817,0.2118082627404016,0.37198914838022296,0.069036915582678965,0.92566623454363284,9.5711450904667927,9.126101009201582,-0.051850842185305134,,0.0944789411062835,0.1875,False,3
0.65401840717506399,0.71327916770992184,-0.25197768152603284,-0.65804899363545521,0.70073161007495799,0.27558434755465089,0.37313730053635491,-0.014423576283270845,0.92766400997109066,-6.4669417646092819,-21.280890940036731,0.35929000854925885,0.4213780122684387,0.1936394203760848,0.2285714285714286,True,4
0.31352249468884075,0.93607425072500605,-0.15958897973765154,-0.89935761193910635,0.34664948247120475,0.26643952812905447,0.30472861889109321,0.059992778165914029,0.95054791325669763,-5.4040054025210598,-22.841094704092228,0.9899217279385264,,0.4515960645564677,0.1176470588235294,False,5
0.91345353188889333,-0.20033933974657575,-0.35421292188401554,0.30443269582418131,0.91402050070845275,0.26811799267839043,0.27004329059046617,-0.35274732207994741,0.89590509986967815,-17.668136804585746,17.149746043589602,-10.113806295392648,,0.1109748972091876,0.34375,False,2
0.81181830670194099,0.51824227738002837,-0.26902784026853965,-0.43924095474043273,0.84557696423439033,0.30342541296810577,0.38473162150037299,-0.12815825955479496,0.9140880919941905,-24.514350344120519,-22.612175307741794,-4.8493103329780922,,0.1866265714307497,0.2380952380952381,True,2
-0.79032404704033454,-0.46504576933108321,-0.3988989008471272,0.48338015179132854,-0.87332191339930976,0.060435622200475228,-0.37647248176191767,-0.14505608571799838,0.91500120353592618,7.9793288110040876,10.633096280260492,-0.8018372507821242,,0.1490127087871641,0.2222222222222222,False,3
0.22100808580266135,0.96957319357536731,-0.10527700750832078,-0.93932674206141498,0.24065498005986768,0.24443905625057655,0.26233699254609782,0.044866500559416933,0.96393272559314047,14.306769900231624,6.2112701142050017,1.6391929987284752,,0.5797387476611512,0.3859649122807017,False,2
-0.51612778279202032,0.83648756047316386,-0.18412135401372731,-0.85642137719972744,-0.50712833909560973,0.096764003438522816,-0.012431271275109484,0.20762805412511903,0.97812885379928416,-8.387579273127594,10.659545981502555,-5.7050435825080941,,0.09097463833608306,0.2474226804123711,False,5
0.91632892016171386,0.2531860951128071,-0.31022268021019467,-0.17404826100359522,0.94955408518532891,0.26087208004973994,0.3606223965824813,-0.18505091339785956,0.91417046907769139,-23.367292814267486,-24.826373103459972,-4.1023817390152439,,0.1223856089941024,0.2352941176470588,False,2
-0.82563083525598413,0.51831091379623906,-0.22290697726678285,-0.5372948459972573,-0.84285094548365502,0.030274282189546781,-0.17218586567802241,0.14476215091320102,0.97436951272281391,-6.5265179559141933,21.007037014896945,-7.1897641231685627,,0.4490728829051394,0.574468085106383,False,3
0.85821479884219443,0.42386492973967743,-0.2894924530709424,-0.35283733061277878,0.89677458508442864,0.26702277369674171,0.37279106369963061,-0.12701915164033745,0.91918059049474532,8.8575960924517485,12.407000428426374,-0.90165226875846394,,0.09842600582419081,0.1363636363636364,False,6
-0.90559911356253009,0.35580327669906109,-0.23085552582723828,-0.34429030948517841,-0.93455906533041866,-0.089797194852254597,-0.24769826061028233,-0.0018389396251802387,0.96883548138561448,11.642091081461993,16.571909257282808,-0.82679671402075705,,0.5539878154580449,0.2307692307692308,False,2
-0.26054380933186139,0.92000836913276962,-0.29274822654374,-0.96035224565502364,-0.21580814111205715,0.17649478886106623,0.09919923227624608,0.32712604138989082,0.93975957848823433,-0.80696438250369218,20.801072832029739,-5.2987188874854487,0.7578168770794727,0.7026826255816317,0.9132947976878613,True,5
0.27336202915961727,-0.85545735538350043,-0.43984760330596739,0.95712884214369065,0.19636026750707977,0.21294840896617523,-0.095799689719820683,-0.47920283645322376,0.87246034923357452,-14.85377140743844,22.843443109190613,-10.338214104081308,,0.118458677279909,0.1,False,1
-0.90707218311713378,-0.21064414227333403,-0.36448470467366434,0.20164987996891712,-0.97742667594739885,0.063042993702232972,-0.36953671065759908,-0.016313751020226475,0.92907291479410359,2.5779932627553004,18.930816798533744,-3.9130998284879457,,0.08039914524827237,0.2727272727272727,False,2
0.93336628866682581,-0.11282833425778167,-0.34073030121920517,0.20717078518189466,0.94456057836877849,0.25472647989315089,0.29310004596968797,-0.30834247320188118,0.90499573605200745,-10.568671390292197,-21.767405555959119,-0.76310394044526553,0.2130174114384057,0.1683724218612493,0.4666666666666667,True,5
-0.58075032447684705,0.75136361618427094,-0.31333971483763767,-0.81309323792743493,-0.55431952271890639,0.1777899130135415,-0.04010544921473605,0.35802595297991868,0.9328499182269917,-13.510813863075326,14.832132955051762,-8.2306705079115492,,0.07603994327521839,0.3673469387755102,False,3
-0.92470030256718327,-0.15856475560818437,-0.34610196288243755,0.17007109640398402,-0.98542746759710154,-0.0029203207203813697,-0.3405953208723016,-0.061562361748717084,0.93819235928236677,-22.122082575253732,-23.519756954363199,-3.9074952310813451,,0.3645198267583942,0.5,False,3
-0.91037021112530458,0.26411431449919476,-0.31854310159268417,-0.32524607542929151,-0.93263073793901075,0.15625267059854639,-0.25581452091996298,0.24585267036978622,0.93494138605504751,-12.209870503026465,18.687469464346169,-8.6048622702638493,,0.0903217470476815,0.3478260869565217,False,2
-0.89518553446666371,-0.26633130650625308,-0.35736605050886766,0.24297507630445345,-0.96381496727696314,0.10965318576198191,-0.3736388245036632,0.011328902311298794,0.92750508612941984,-11.444800220011082,18.54323452963353,-8.2769639420925589,,0.06776880600553797,0.1875,False,1
-0.11597871857082902,-0.90437829351241628,-0.41066877049787687,0.96425449542080399,-0.20169342482806807,0.17185176880641759,-0.23824820020188694,-0.37605806015121368,0.89544298003606415,-14.735576950202777,17.630265176127768,-9.2726871503818433,,0.1168445210859384,0.1785714285714286,False,1
0.56558556438284635,0.78529486199089182,-0.25184310411929628,-0.74366048129069984,0.61765670912246173,0.25586965088203545,0.35648570508257571,0.042569583116541715,0.93333047344714004,-22.831652784129652,-26.890243359619284,-3.6420071379321755,,0.2431870718852213,0.2083333333333333,False,2
-0.054213215680976076,0.97039993365546451,-0.23533995837298738,-0.98025345642267725,-0.0068354893930213552,0.19762701550181277,0.19016857894227382,0.24140680364527697,0.95160846293885426,-2.2565927823747431,15.472826029247196,-4.7965754259064672,0.757081629391283,0.3692636111699539,0.3333333333333333,True,4
0.89876840341353803,0.28932626102690062,-0.32940199104691692,-0.23116086196497249,0.95113729531823399,0.20470100476139513,0.37253189517287,-0.10783394704316271,0.92173305622832125,-17.414450828054775,16.319698806391742,-9.9222135833142122,,0.0754976263246572,0.4193548387096774,False,1
-0.90095299654947525,-0.26750835733778089,-0.34164744512869172,0.22845561629191177,-0.96182774382440128,0.15065000031312148,-0.36890612544819984,0.057677291580853871,0.92767537460185578,-14.209287192647423,11.979443072550525,-7.8736359803127751,0.2169860100903733,0.1545979403762671,0.5578231292517006,True,5
0.66031400893933501,-0.61343596635937125,-0.43322248876900427,0.73978716800816147,0.6305903165882053,0.23467168273068828,0.12922985587289687,-0.47544943769230918,0.87019967625203087,-11.314290182856935,-23.14374104788261,-0.71643821657540574,0.6835435312686364,0.4440384201257322,0.7538461538461538,True,5
0.18266965460294518,-0.87278856725449339,-0.45262778765459055,0.97574705147218777,0.10445420450548717,0.19237206321204003,-0.12062126193408843,-0.47679076756054556,0.87070148451605012,9.9416664736394456,10.770561372424183,-0.20603142091143567,0.6673998634320859,0.4953445288958541,0.2727272727272727,True,4
0.38491218802078025,-0.84020333261141689,-0.38196985140417222,0.92133768724736553,0.32531256410309117,0.21285817272152982,-0.054584554323837936,-0.43385492449128882,0.89932776612530263,14.7949500889333,-25.120064037280478,6.9760808340561784,0.4946039551372639,0.1106103014481481,0.125,True,5
0.53269899392935249,-0.71131664116967508,-0.45854162064282422,0.84605097741356272,0.46086607400283014,0.26795560350694836,0.020724996603397744,-0.53068926673554428,0.8473130334696144,10.5137666368704,26.796795466422669,-2.9080221857403403,,0.2133344294399052,0.2307692307692308,False,1
-0.77441103423885438,-0.51336471021368901,-0.36978943245626078,0.51615157349787899,-0.8506406221341255,0.099990425296284255,-0.36588946858958926,-0.11343370875750826,0.9237194869075489,18.477494980009769,5.7514920873034239,2.7680722387242795,0.5723020256375964,0.5209461382134797,0.7959183673469388,True,5
0.57400087102826913,0.7877703034232636,-0.22347471692164153,-0.7241876272792761,0.6157512131943752,0.31048788051269799,0.38219795990350436,-0.016382688853618377,0.92393523958745349,31.346591977031871,6.531272069293836,6.0294178506604679,,0.2966353273558078,0.4,False,3
-0.10180002544594786,-0.86548947740046234,-0.49047397415997374,0.96702206042295191,-0.20180022203900008,0.15538663082890575,-0.23346325080096178,-0.45848079010366893,0.8574906854487474,-12.96951768712966,11.896644419663691,-7.4617998509742769,,0.09119574373135668,0.2571428571428571,False,5
0.46340801915832952,0.86633552049002815,-0.18632169416636624,-0.81899589293876329,0.49900679599110737,0.28326303130505182,0.33837661729083868,0.021330342049788231,0.9407689840650828,-15.993772025160153,-22.795068435159237,-2.1919949886282155,0.3913875905630929,0.2862587789879991,0.3043478260869565,True,5
0.87846779942520481,0.34389521524716504,-0.33170831509497123,-0.27197308609582449,0.93069470169331048,0.24461809556840536,0.3928421639953531,-0.12467338597353594,0.91111556951757922,4.9828138225785397,-23.094103816533401,4.034761981296751,,0.1401400581515899,0.2083333333333333,False,4
-0.061188272901081094,0.98062546429960762,-0.18609055329747823,-0.98659963642387927,-0.031168856581812811,0.16015511165008461,0.15125195095486041,0.19339648690335909,0.96939189504853363,-10.719522804491662,-19.842457307399851,-1.0746677607293158,,0.2322523088474348,0.4897959183673469,False,5
0.092710860565633574,0.96077010128072893,-0.26139148574159121,-0.96974951258343889,0.1466649826663258,0.19512884385366314,0.2258109367974912,0.23539370285651898,0.94530377417956768,4.2043864823671804,22.947752217034008,-4.0637194360145772,,0.1463494730694637,0.3076923076923077,False,5
0.49593020920341935,0.86409047524087668,-0.086028356937982886,-0.79816051232238461,0.49261765322717233,0.34679625761853561,0.34204243036313653,-0.10332230314384994,0.93398687223340005,-20.494690841278423,-23.541406140747174,-3.4313330941165656,,0.3627101987318755,0.1818181818181818,False,1
-0.9332044205820671,0.14357572557394524,-0.32941694011086181,-0.19697322179923132,-0.9711043791089824,0.13475101027223452,-0.30055125902268109,0.19063655447282968,0.93451947266956858,19.868196819156104,9.6567188409355076,2.5117460196810755,,0.08598197638591165,0.125,False,3
-0.8922425144887024,0.34673294288401085,-0.28927419805069104,-0.37696847742015438,-0.92462452622323443,0.054444949609574272,-0.24859216071792697,0.1576253527369624,0.95569670178573918,-12.57439387228265,13.605047998364087,-7.6897866352623243,,0.0884768626407675,0.2280701754385965,False,4
-0.085747099372828997,-0.84133923269004174,-0.53366256237971244,0.97661520913656363,-0.1769708968333947,0.12208208286694787,-0.1971551881952249,-0.51071479047558266,0.836839431765252,17.541402852198825,-25.493867426560666,7.962257580200732,,0.4786548410130885,0.6976744186046512,False,4
-0.57586602280597421,-0.72294570519522672,-0.3817431480949019,0.73210122804019606,-0.66383908013103665,0.15279223669027142,-0.36387651158004997,-0.19148676985775251,0.91155180943804737,-18.03564492903709,12.142986518656482,-9.2460713297377346,,0.09597700838509302,0.3076923076923077,False,2
-0.93670463830962569,-0.023196483236117851,-0.34935131849573692,0.041444726818137538,-0.9981336811750795,-0.044849627900956729,-0.34765896391176687,-0.056489624439899057,0.93591782072062069,-0.77189381908117305,28.732509421552152,-6.7366412447626409,,0.2595334939204991,0.32,False,1
0.85162894539035128,-0.3547847309204808,-0.38581852480019618,0.47971026942906125,0.82418785987432863,0.30098576218829859,0.21120179160607289,-0.44140929571255694,0.87209611676748633,-17.80578201630366,-20.519935492927711,-3.0992759440449653,1.732589434452703,0.4346789917119032,0.6049382716049383,True,3
0.85076074825885806,-0.36752010390374262,-0.37567954755164762,0.48200807932583195,0.83054230803053097,0.27904782033898956,0.20946207457831273,-0.41848350958896929,0.88374045483696695,-17.500074924462382,-22.277749344184684,-2.6376605555339876,0.2586364333262827,0.1632955171673246,0.7222222222222222,True,5
-0.2445108382532708,0.9303373123901828,-0.27328910543835316,-0.96366049950317756,-0.20188097587120868,0.17493574042652132,0.10757737528853203,0.30613160038764514,0.94589140580202469,-19.28546610911383,-22.074955909050274,-3.304812705578001,,0.07992136872620838,0.2380952380952381,False,1
-0.6786669935459082,0.70604485050313492,-0.20226660858719536,-0.73192489941441763,-0.67298292088318468,0.1066767538723095,-0.060803400304212052,0.22044195897683533,0.9735031018101088,10.837242869978354,13.462177187663478,-0.5254140602003029,,0.1423693550839541,0.3846153846153846,False,7
0.27871135491191218,-0.87304250484435042,-0.40014593010334248,0.95161348351668074,0.1949028564335728,0.23758083791266157,-0.1294285850668794,-0.44700073969640913,0.88512065848586408,-19.786215897029393,-24.953594228317915,-2.9635165211656602,,0.2208824112788485,0.7777777777777778,False,5
0.94198646482332204,0.081517878635642749,-0.32560149808071531,0.021614947042312135,0.95331407841503957,0.30120601248986201,0.33495416724384752,-0.29076984602676653,0.89624695396277509,-13.653142015707521,-20.985089336058888,-1.824834298796435,0.2396249879599806,0.1726744062599655,0.6538461538461539,True,5
-0.71484838844108689,-0.59571288103984621,-0.36622116938591287,0.58640726820016664,-0.79598063355673077,0.15013775942327551,-0.38094395564859279,-0.10742902012877964,0.91833583633057225,13.546171726028604,9.8282980186597086,0.80774742155077839,0.1959366180826273,0.1456078150494594,0.3695652173913043,True,5
0.73325555222694827,0.63796747150368849,-0.23523137637557082,-0.56601214003274614,0.76439631280057818,0.30875319320200229,0.37678449074226228,-0.093251178437982613,0.92159517427991322,-5.6146250261398203,-24.509297724612249,1.2258663479046972,0.7155357432536458,0.4109173338318367,0.8571428571428571,True,5
0.014352299409623634,-0.89270537605935196,-0.45041217019124474,0.97906748075133299,-0.078918925576733606,0.18761308941822566,-0.20302925808093195,-0.44367658800137777,0.8728861355426385,-13.471617315444053,-25.713397632360252,-1.025667822912423,,0.1520066583584723,0.2666666666666667,False,2
0.24973008732088586,0.92580775543129479,-0.28375144663943042,-0.92311985457000323,0.31610358720847226,0.21892522982194271,0.29237752578705067,0.20726437739564035,0.9335720969895358,-13.634706785175878,-22.430370680974757,-1.5896351134898041,,0.101356686362636,0.1428571428571428,False,3
-0.57846772489138965,0.80166921262010737,-0.15067038460174181,-0.81567847730963039,-0.56999235352614597,0.09888042564414698,-0.0066115741561520447,0.18009772474626701,0.98362650260573792,8.5149763538064143,16.08975504425441,-1.5606686994536749,,0.3092610123900982,0.1176470588235294,False,5
-0.73073236343957126,-0.46992326490070518,-0.49517909702155244,0.56709252203322835,-0.82167321151858275,-0.057089446719430753,-0.3800477397328012,-0.3225294693168359,0.86691317728258677,-15.217881413375219,19.742982622449759,-9.7750995876681035,,0.2352836099114395,0.1,False,1
-0.7024464129464244,-0.60505029328816884,-0.37481085834138184,0.6023806084207084,-0.78588855564538229,0.13970247207659839,-0.37908658580514237,-0.1276452925004149,0.91651516068480032,8.2277534330394211,7.7790371876019355,-0.21595845196111926,0.2056797522188042,0.1786358951044215,0.5963302752293578,True,5
0.84750065115273221,-0.36301577843373012,-0.38724952021125764,0.49879692819780375,0.79414979750095394,0.3471710292487406,0.18150556662574091,-0.48738654447712015,0.85411362566494753,0.055000063616131301,13.243801890366717,-3.6323382812770144,,0.1962707926823812,0.4230769230769231,False,5
-0.61105810848412456,-0.68845964175064556,-0.39068057250953298,0.6986497953452494,-0.70108647681293501,0.14271025013665381,-0.3721511138231946,-0.18574464651935021,0.90939676421766358,-25.511586946105037,-29.553257420927782,-3.9159097514747283,0.4789267107437192,0.4245595211864671,0.9333333333333333,True,4
-0.54105576457474136,0.81731939209906346,-0.19811024940486743,-0.83948354779541512,-0.53896756651788735,0.069147199672934923,-0.050259651821957407,0.20372278601227467,0.97773769174463765,-12.331946067228428,-22.132598861471994,-1.2234176448420191,,0.254493290743912,0.3461538461538461,False,4
-0.83580795333264679,-0.39033993054559013,-0.38608263852128444,0.39405260156743993,-0.91616760178652379,0.073208419151503945,-0.38229257427240898,-0.090948689151596568,0.91955463328601728,10.455104221509165,11.926091543289083,-0.34407874098760893,,0.07324955737707262,0.3529411764705883,False,4
-0.3530993064117588,0.9309701507559407,-0.092819492634876405,-0.93206573579724672,-0.34143731247187054,0.1211363933948949,0.081082328310621427,0.12928704518801248,0.98828665678652239,5.5341400860658467,-24.031897441904242,4.3017401146624037,,0.2865262260250712,0.1764705882352941,False,2
-0.76177049894675575,0.62835598422268157,-0.15771640379477342,-0.63083625809112653,-0.77487281673918162,-0.04022105613073898,-0.14748329536593635,0.068854012012605326,0.98666499006388797,-18.987550704990834,17.209752533478991,-10.634779025197636,,0.4000444282571931,0.2307692307692308,False,1
-0.64710898319448051,-0.66898046810550449,-0.3656707496674404,0.67245743631923949,-0.72683248083067675,0.13969803559278107,-0.35923663539227668,-0.15549816109159026,0.92020071815293247,7.1582588952880375,14.685643468215206,-1.6792966857614267,0.7587786186277776,0.2253728108094655,0.2380952380952381,True,4
-0.76639963208941186,-0.43516772124530406,-0.47250466486520848,0.51130260797155913,-0.85853172034089154,-0.038638429703993338,-0.38884604538904022,-0.27120534573396182,0.88048078538411401,13.359514987495498,14.985372293195171,-0.070887762138743537,,0.3671662070108139,0.5,False,3
0.67125401340679947,0.69381461839614345,-0.26084348714330202,-0.64332766863123225,0.72012287863319613,0.25990873483309818,0.36816784251040624,-0.0066569489146595107,0.9297355133436499,-0.66597051806606089,-26.562539814350664,2.997048623928694,,0.3362483489176028,0.8620689655172413,False,4
-0.1947320355393817,0.96604746644546324,-0.16979907805695058,-0.97126512186305236,-0.16576647312760495,0.17077921254995998,0.13683383129562054,0.19817610592888435,0.97056825295896898,3.4980363272311004,-27.152125887612897,4.1877367768156137,,0.1520874797363468,0.1666666666666667,False,3
0.92670201552644516,0.2288357781274446,-0.29808985401726013,-0.12943207117140476,0.93904435766239647,0.31850122965963268,0.35280407221502535,-0.25657334427259709,0.8998329876356338,2.9457103547602008,-23.589451135365703,3.4473100381030291,,0.2081463775359688,0.5172413793103449,False,3
0.91421667426328757,0.31192988689365442,-0.25866506946529588,-0.2151119509077242,0.9145334174254528,0.34257185667943524,0.34341625045365459,-0.25754295578531106,0.90318154589745603,-15.40845791718418,-20.211792903754748,-2.4037752607490304,0.2934210152111448,0.2333190778345847,0.3043478260869565,True,3
-0.45762618022465973,-0.75272081263646939,-0.47327545615305583,0.83212081838028673,-0.55011721402755576,0.070327764422627767,-0.31329414739364581,-0.36163853369691701,0.87810269795419438,24.134532246948876,4.6287558625552698,4.5153661137236183,,0.1715608663862809,0.1515151515151515,False,3
0.87828612886570145,-0.30956832050135319,-0.36439117824677097,0.43824784362052099,0.82594305474471508,0.35462219033914077,0.19118656700736519,-0.47115339886382873,0.86108197712819334,-3.42725512331877,19.811920422436732,-5.9562751888650132,,0.5217824997415067,0.68,False,2
-0.46020704104471677,0.87430830644764879,-0.15425454498817787,-0.88745480865659498,-0.44809980690239504,0.10784491479120045,0.025168272987066143,0.18652492683467148,0.98212779703263065,21.875159675076787,9.0920828937602529,3.0984228251525643,,0.4177827389681411,0.5652173913043478,False,4
-0.7546417998714311,-0.52166651472363623,-0.39796959846563795,0.5337941016554576,-0.84081554016430449,0.089961572107492102,-0.38154896268323135,-0.14454506160468705,0.91297706118009736,23.340446582852039,7.8283327016911475,3.8377999461503198,0.1309472383528825,0.186358575094895,0.5161290322580645,True,4
-0.08342021263717421,0.99267821921605504,-0.087355716570875874,-0.98196878864925963,-0.066963077645575936,0.17678587146867505,0.16964187644056219,0.10052810217185584,0.98036510261812715,-22.64593331057354,-22.687546257781545,-4.2273791426530201,,0.4530205012782078,0.2,False,1
-0.81776013786569024,0.48948370326602941,-0.30277724675883483,-0.54040992370037944,-0.83401184771928349,0.11127152479415256,-0.19805421299239373,0.25461724627534471,0.94654349430711504,12.414636190217731,26.239637370851387,-2.2964292224411529,,0.1707805974390594,0.1538461538461539,True,3
-0.77655009407198528,0.59077972208589691,-0.21897322066613772,-0.61883477985477642,-0.78047363538604364,0.088906803504475967,-0.11837848891957106,0.204548831430061,0.97167191423942867,-16.624779474269456,12.829835332131939,-8.9310290155174883,,0.5697046453145418,0.7043478260869566,True,4
0.30053585607770789,0.93396752567840569,-0.19334647705555752,-0.91228338688942801,0.34063267399228347,0.22739481835437597,0.27823950333694936,0.10804648252961582,0.95441538985694507,-0.53263302686685221,-24.889499648435951,2.710098059122624,,0.2640067625692472,0.3541666666666667,False,4
-0.92109137762007709,-0.1292111181021765,-0.36728076594443798,0.14679295475785584,-0.98896063335080187,-0.020216184502470064,-0.36061406310265504,-0.072535182092314479,0.92989039399889939,-2.8701598742317973,-20.37604508110395,1.2905684737022778,0.8371198103492545,0.5513373416224207,0.2954545454545455,True,3
0.88579346621259636,-0.2789607349804154,-0.37087847545288993,0.39723892913130676,0.8689556763704035,0.29515634109106792,0.23993992664349556,-0.40877492687644212,0.88052932419055363,-9.610621560614991,15.366111914445531,-7.0881806839776811,,0.8279068848634736,0.4861111111111111,False,1
-0.63954796951920423,-0.66097690798269415,-0.39254034416541372,0.67624409440549216,-0.72656432390282777,0.12164788536314089,-0.36561225289308891,-0.18765343147745858,0.91165446863884581,13.409413554882891,11.248815026283737,0.62296735231511846,,0.1000114781317878,0.1904761904761905,False,4
-0.2155297899124029,-0.85064347629000014,-0.47953371717281673,0.93868729807168561,-0.31580928646810746,0.13831359665406184,-0.26909675973373059,-0.42032150887834452,0.86655453554582373,-15.939227723435293,16.151627232246334,-9.3731664571693045,,0.2144836411347004,0.1363636363636364,False,1
0.0745108411677909,0.99690720119385745,-0.024983329567896062,-0.97157047052906853,0.078217135465456708,0.22345670836988232,0.22471972620220165,0.0076231179584379527,0.97439362309499933,-4.3390484072133697,16.030626381790814,-5.5503058587665519,,0.3435915690715184,0.1290322580645161,False,1
-0.77454540703606745,-0.41705056075622882,-0.47555046231945608,0.50341366810908528,-0.86165181162389592,-0.064271566701102623,-0.38295442444276401,-0.28917984939856001,0.87733740573483932,-14.580000516051047,-21.544421356788273,-1.9731370228587084,,0.3603460728585008,0.3571428571428572,False,1
0.82525096659183561,0.5190759547154451,-0.22253313320827098,-0.42426669674922068,0.82987072151888075,0.36237046733313849,0.37277152810903591,-0.20463318108748041,0.90507825574879053,13.187749716980727,13.545378293445619,0.098660987138434672,,0.2216827585743883,0.2,False,2
-0.93569918435551447,-0.13458512055458671,-0.32611942861739107,0.10769253682900558,-0.98921809826529317,0.099246519212166456,-0.33596034573705191,0.057744258499915338,0.94010438074850855,-7.7021553353229848,-26.317318567110913,0.90338429244071228,,0.2992445127193076,0.25,False,4
