axis_00,axis_01,axis_02,axis_10,axis_11,axis_12,axis_20,axis_21,axis_22,location_x,location_y,location_z,dbh,dbh_approximation,score,reconstructed,number_clusters
-0.49240876939308442,-0.83641782037702117,-0.24070486821113621,0.84925776269352782,-0.52226335198010843,0.077474148483766242,-0.19051208972023567,-0.16627152773176157,0.96750138125801899,-4.30208968405638,30.779018691753805,-7.117937700099044,,0.3560862528705343,0.4583333333333333,False,2
0.55730612486525066,0.82055226250729663,-0.12690101529078954,-0.80221761678381542,0.57154386153429915,0.1725818926311693,0.2141419587782184,0.0056212842498359894,0.97678637513737343,5.1982486720955698,5.7576659415372333,-1.8854682487242329,,0.1546651741138657,0.1511627906976744,False,5
0.94947150307471984,0.28013388537025474,-0.14152339423712354,-0.25838093761760622,0.95365405153049199,0.1542181606534179,0.17816609083907609,-0.10985880149920521,0.97784860168038257,-16.518235278192069,-7.7326177175169644,-2.8982240020896435,,0.09290982416074377,0.4166666666666667,False,1
-0.98412614852413849,0.09636821809276952,-0.14902647527426358,-0.10831982008344801,-0.99133855901302692,0.074260877930883484,-0.14057930277297498,0.089224592773520128,0.98604078601053047,6.2117149862353589,11.841988195864635,-2.7337653385811373,0.35050831037708,0.3149929794126882,0.8840579710144928,True,5
-0.95842597895099368,0.24019086920342803,-0.15403892113076545,-0.24541200962514007,-0.96929432441060159,0.015538925224889186,-0.14557674403413012,0.052695910815700325,0.98794258566969573,-2.5640825066837118,12.929915971520131,-4.1295303558899787,0.3039325866070333,0.2005724170647654,0.5294117647058824,True,5
0.76481337088793711,0.64247952205904058,-0.047755328978202866,-0.6149752599284467,0.75014103472915017,0.2430922822539176,0.19200504521227851,-0.15655188197612194,0.96882690448952968,-7.3679403260087915,19.092393259410887,-5.6403844704603445,,0.6246181763750249,0.12,False,1
0.91852428175317602,0.37470789926392023,-0.12612348734090495,-0.34998518203601547,0.91900712118640404,0.18148356279259781,0.183911707580101,-0.12255570748805458,0.97527256824801234,-1.1897931281660674,11.2325136457723,-3.6598573085081774,,0.0717334835144973,0.125,False,4
-0.38654113928704553,0.92025319563984409,-0.06099183185744135,-0.92033007381051213,-0.38059329243732587,0.090229158212035948,0.059820589086111792,0.091009898727388822,0.99405165633130976,-6.6246108712129805,-11.298213296211284,-0.91792440912969064,,0.1314725596541257,0.2105263157894737,False,5
-0.01573404903223858,-0.9732176974372746,-0.22934636054653545,0.99238854749142646,-0.043218444989416932,0.11531321182134718,-0.12213685155967158,-0.2257863578863592,0.96649009828528765,-17.054238266771144,-3.5868407238771973,-3.5560362212901508,,0.08872712551461935,0.3636363636363636,False,3
0.70296199452171504,-0.64641533379804716,-0.29663386605175623,0.71079984157036058,0.65297883250224908,0.26149996085573368,0.024658051050368959,-0.39467183904448894,0.91849121932854561,12.524143057569106,2.0239775841817074,-0.2921296887359886,,0.1335057696038559,0.3333333333333333,False,5
0.91956381028931355,-0.33260595138488341,-0.20922638435330165,0.37778921289351153,0.89478830721950142,0.23796889688478168,0.10806345093277356,-0.29787105661110369,0.94846988576648272,-5.0861364766363915,-8.8534531020177347,-1.0851289125403338,0.4148567436256742,0.1360007836810741,0.2698412698412698,True,7
-0.29390934920322859,-0.92900688981502166,-0.22486327651965218,0.94249479352300225,-0.32083872105903982,0.09362734243388561,-0.15912529224786062,-0.1844145160919243,0.96988165650331437,-7.0723657967660101,-3.1998250176450251,-2.2078192724366241,,0.08036147927811951,0.2105263157894737,False,5
0.79570727321320533,-0.57232764754984655,-0.19821957321532091,0.60397329618457363,0.77432962243695158,0.18875882313838754,0.045455394086362247,-0.26991609745753692,0.9618103282257614,-9.8487047847074738,-6.7190320751220378,-2.0573857412702461,0.8160246337553944,0.3506948344212686,0.4247787610619469,True,4
0.9359546469727561,-0.30489331108320722,-0.17615041205408005,0.33475412115897563,0.92561793938553483,0.17655341586828185,0.10921802588027948,-0.22421306639978691,0.96840070408814738,14.51608017250922,-9.3100125991109852,1.7239465024360794,0.2519873883892979,0.2219763613566256,0.6142857142857143,True,5
0.56147831879975219,0.82391515496109535,-0.076849950834318531,-0.80645790666075445,0.56564763819715469,0.17224515722171704,0.18538538858862905,-0.03473567082142226,0.98205177606398542,-24.530095973917128,-5.0541829380079921,-4.4068664627512302,,0.2520507803806117,0.4285714285714285,False,2
-0.334475124232542,-0.84545939078833787,-0.41632296333187835,0.92689449179172712,-0.37494737976500603,0.016764948359922108,-0.17027328726426827,-0.38028000333329026,0.90906222378286683,0.49206852409277729,16.28619396649054,-4.1588719410780799,,0.08431580628321243,1.0,False,4
0.24058116078334407,-0.95340004681441215,-0.182068821631861,0.96747445000140297,0.22043193195216015,0.12410862971735698,-0.078191391282036365,-0.20600513127132034,0.97542195598585157,12.098999545898826,-4.0279004813943908,0.64703304097142844,0.1620747964206518,0.1456181693004936,0.5333333333333333,True,5
-0.90742541657391784,0.40643609675802922,-0.10671837989656985,-0.41002368031095215,-0.91197994162686868,0.013159318162979841,-0.091976599958429217,0.055698162647884644,0.99420220264176451,-16.792478654845489,4.2362997286628952,-4.740265618132387,,0.6534560678874299,0.9528301886792453,True,1
-0.75028536131763013,-0.62665819145480428,-0.21064517007295913,0.62945310342200045,-0.77454395333367998,0.062212980531763926,-0.20214021664400339,-0.085913767446358077,0.97558093327939099,21.589480163790107,19.106529457822827,-1.5694063159308178,0.674400319122114,0.5008596320009037,0.9375,True,5
0.63645640680889171,-0.73569270915435347,-0.23168832497353598,0.77128214922690974,0.6097126043235831,0.18268657972843372,0.0068621072444291081,-0.2949691133425365,0.95548214722101632,-10.493058053710508,-9.2763290189561136,-1.8125477929944671,,0.8512929751434364,0.7534246575342466,False,1
-0.98338945113936937,0.10648696801687219,-0.14698881940604902,-0.11270209009628752,-0.99302625141282841,0.034599174743260769,-0.1422793951200903,0.05059041062849777,0.98853284420736454,-5.1496743344821478,-3.6492485090170566,-1.879065864194992,,0.08487357470586249,0.2542372881355932,False,5
0.14963071218404667,0.98455938890479944,0.090848553597193016,-0.9781297770699704,0.1339726851548996,0.15910203908635445,0.14447418170851395,-0.11266822689557687,0.98307328387453485,-1.7879116836394791,-10.365820468001514,-0.37609332401453327,0.3740463272105644,0.2440820131584172,0.2105263157894737,True,4
-0.81725543916951993,-0.52299395698903972,-0.2420141898748511,0.54337401074045621,-0.83921899822752644,-0.021357843192071249,-0.19193288305984621,-0.14895903452605019,0.97003761495799812,0.42580258949790067,12.535737960087333,-3.6286475800353739,,0.1027488832716965,0.2037037037037037,False,5
0.72153044471739403,-0.66400348227635375,-0.19619682176527334,0.69170462628614549,0.7038166974460297,0.16182325658108188,0.030635393261103774,-0.25247065556424297,0.96711945526842646,1.234045929204024,13.469874994606611,-3.6436628987701276,0.1850657757592807,0.1720451850946046,0.6578947368421053,True,5
0.64440667383867467,0.75545211251139954,-0.11845735272341304,-0.74100997637425248,0.65516576458775844,0.14718028341448219,0.18879685809357374,-0.0070658767468271266,0.98199074321492141,13.786713435017839,8.5147815524029777,-1.1865331066299265,0.4201689457252922,0.389455920035893,0.8064516129032258,True,5
-0.19168427285759815,0.98145658150922255,0.00034373141165944254,-0.97856513623188768,-0.19114639698153033,0.076637647879129661,0.075282226923226239,0.014353868231549799,0.99705895150501012,-1.0815104253744927,17.67596033456304,-4.6097407039963736,,0.3436405749298584,0.2352941176470588,False,5
-0.33195836923369665,0.93615850525761279,-0.11580541494047977,-0.94134104691655462,-0.32086934889038343,0.10449829822875764,0.060668562581865579,0.14370147520639209,0.98775969321376789,-33.458791648950751,27.840622671638489,-10.525469675322979,,0.1844069806663406,0.4583333333333333,False,1
-0.66388843851992518,-0.69169463387866603,-0.28427218411767641,0.72348327026156245,-0.69026875314623182,-0.010050178186582936,-0.18927255176388064,-0.21233836651299098,0.95869094042625869,-22.557777855022287,-5.1647926411230056,-4.0544410864977802,,0.333701410737696,0.4166666666666667,False,1
0.98781147203391573,-0.00833650932046116,-0.15543165163678388,0.045811596217346158,0.96990751236716544,0.23912489436643036,0.14876085967151279,-0.24333088596823768,0.95846767632701391,-7.0896469313002655,0.30335529426169466,-2.7806163414157297,,0.07345833385702512,0.1851851851851852,False,5
-0.42991748821215525,-0.807391590718331,-0.40409129236680541,0.88622692472455311,-0.46290279338527979,-0.017967798122391174,-0.17254793891151862,-0.36584125397968548,0.91454217270936089,-4.0563267639918026,6.7791596953014874,-3.308853944303995,,0.08679152134159145,0.2807017543859649,False,5
0.85575814985864618,-0.48668478401715215,-0.17554460959165119,0.51226159170474106,0.84462619578324094,0.15554629876938922,0.072567558968402932,-0.22303477397685922,0.97210567274471715,21.832069791182775,-11.048127703747522,2.973649993862391,,0.1465185408183482,0.3571428571428572,True,5
-0.31233234709202856,-0.87088843599995713,-0.37947573967453146,0.93637698015399984,-0.3495735934928712,0.031566655986284484,-0.1601457336230353,-0.34547305940410045,0.92466302468970318,13.666814480837026,-14.118295285835529,2.298098957759831,,0.1503980386393517,0.1785714285714286,False,3
0.96424028556369012,-0.16104441039587761,-0.21048840722542403,0.2303200298994906,0.90211731486624069,0.3648794787948762,0.13112343620859546,-0.40031118907515806,0.90694961071609814,-14.500548359337941,-4.8151103284560213,-2.9876789024602091,,0.4874503283688193,0.425,False,2
-0.64218016055505345,0.76480349735966313,-0.051771148489415372,-0.76548431267366246,-0.6362537574916497,0.095994391129311546,0.040477258306560182,0.10127569552555218,0.99403461964651896,-11.889194017314592,18.615660972507204,-6.2223729557937562,0.5702644542484501,0.2016005104845243,0.6875,True,4
0.6211184831117591,0.78048997044120538,-0.071043901762451511,-0.76105257936959614,0.62231582403650065,0.18309010510853663,0.18711173499230727,-0.059652503672992935,0.98052576581837525,-3.2380710932215315,16.298295619420124,-4.6999957530622147,,0.0755665647422254,0.1428571428571428,False,1
-0.98651631788105187,-0.055454300715284011,-0.1539817362111138,0.048467975061285182,-0.99763370664558504,0.048763129083850346,-0.15632149547605034,0.040642439601584833,0.98686968853813806,-9.7046002709320192,17.06707555622982,-5.6756247342840664,,0.0723650906486186,0.2580645161290323,False,2
-0.53515720509267994,-0.81377588130657641,-0.22666182043100164,0.82504672161378068,-0.56112398048308765,0.066616707222494798,-0.18139645253351441,-0.15135618101194173,0.97169266410616506,-12.964989087839516,19.450049305967674,-6.5236988750769207,,0.8206499021128653,0.8,False,1
-0.84666152250149651,0.51204345273427487,-0.14483013784226609,-0.52779196832414077,-0.84274434016289457,0.10591324419512713,-0.0678225957036203,0.1661128521077454,0.98377162790794759,-8.0066179071973558,-3.4602197940563419,-2.2714323704735584,,0.07430350060927697,0.28125,False,5
0.98456856341719878,-0.088572784170101657,-0.15092914176841532,0.10984246899529938,0.98418519875555521,0.13897527318018019,0.13623280051298409,-0.153409114640707,0.97872686057425895,-10.766714694396383,-7.5034380375325878,-2.0585669860248239,,0.06547789637684832,0.1739130434782609,False,3
0.98460245436827543,0.086570277118356839,-0.15186702726931661,-0.04079198981944282,0.95856130689845442,0.28195076606332931,0.16998241208589474,-0.27141445804669045,0.94733318929755794,0.98907608387135859,-9.5941537405209552,-0.18840845683121388,,0.2974326575140379,0.1818181818181818,False,4
0.10198393521995285,-0.93246691537489224,-0.34656129138766367,0.98404474574526823,0.043506094652065286,0.17252002231409405,-0.14579168470177725,-0.35862608864855083,0.92202609139463021,-13.309080954457693,-3.990530008317196,-2.9779271758043069,0.6374933826994205,0.2968429517841089,0.1818181818181818,True,4
-0.95925776992478673,-0.22941114787164568,-0.16490923585760159,0.22183812506179726,-0.97303231233355236,0.063213649031566815,-0.17496393087716838,0.024055028310804909,0.98428094490596296,-1.4520282993234028,-2.356148181822979,-1.6646356395744157,0.1904624586218724,0.1316792182185481,0.5080645161290323,True,5
-0.98242224404120326,0.11313285566639497,-0.14848397685209327,-0.12787390561106937,-0.9873467448613773,0.093779900167432678,-0.13599558329893532,0.11111868600919002,0.98445814484048721,-11.382737594592271,-0.86124417017491051,-3.177087853713453,,0.08266939648194589,0.4652777777777778,False,4
0.0469629434950374,-0.9312673789787842,-0.36129703955093179,0.99270727926412961,0.0033100988698131391,0.12050436067413317,-0.11102585119822968,-0.36432144062003502,0.92463135803965202,-4.9087926651733778,-7.5041125660786285,-1.250913924395195,,0.2531273205654063,0.3333333333333333,False,1
0.94342568521728654,0.31189471349676445,-0.11255960272257468,-0.27870062639311854,0.92979237405598703,0.2404414731185425,0.1796494846092693,-0.19546822974617264,0.96411525962382782,-26.436170334358859,18.884954341051753,-8.256674510960277,,0.1869322053877825,0.2727272727272727,False,1
-0.62189117523390858,0.77763643040726604,-0.092373958828411665,-0.78310287782015409,-0.6173804717341278,0.074774567007360807,0.0011175490954192374,0.11883995634798385,0.99291279368292396,-19.084831263745581,-5.0800006394850481,-3.5820721171794654,,0.1582413969578143,0.5666666666666667,False,2
-0.59507450049713795,-0.76532126623620578,-0.24529512491016534,0.7823384320316723,-0.62149319252384772,0.041143522123676862,-0.18393726274006422,-0.16742034253079185,0.9685749905312272,-5.4999537413699287,-16.70501868090372,-0.030596094520190815,,0.1146498874613436,0.1818181818181818,False,5
-0.39027505030424403,-0.88134722165278778,-0.26629393533261497,0.90515621972021298,-0.4202072854174721,0.06417207479809503,-0.16845653152025,-0.21599285212013442,0.96175333886666414,-12.598694422714351,4.7281606973634966,-4.1668746511583956,0.4796910401355018,0.3176369336694105,0.2905759162303665,True,1
0.30018453630052128,-0.89436406759600118,-0.33166573347148165,0.94982198411266661,0.24821415617011591,0.19033636324421765,-0.087905873878362129,-0.37215943796965867,0.9239967045762606,-9.6923466514589762,-14.276806232680762,-0.96338855328252593,,0.2648786444502245,0.2857142857142857,False,5
0.23450698776448448,0.96222965634632995,-0.13827711718592486,-0.96029286754665977,0.25141546482946825,0.12094574231280057,0.15114258575477613,0.10442390766584293,0.9829809592658213,1.2313088903216132,8.0126915535089953,-2.8501190406810464,0.2346483174494861,0.1800803038761994,0.7602040816326531,True,5
-0.87395892169478362,-0.42555744897645947,-0.23472677906608541,0.44212728673753532,-0.89671962995232424,-0.020429576115816236,-0.20179015216852392,-0.12163372426598945,0.97184668112258799,-11.526128926460091,-4.290968161527343,-2.6866856476302732,,0.1852919283526779,0.1395348837209302,False,4
-0.98182370910238526,0.13324419592143982,-0.13515986274660899,-0.13900577133814401,-0.98970485703246491,0.034083595776186942,-0.12922693132285093,0.052252083399572366,0.99023740587865194,-5.9788029344021645,5.7918616079222733,-3.4553812444322713,,0.08702608511980962,0.2883116883116883,False,7
0.96227889814944989,-0.22257125950353784,-0.15646519299604339,0.24350431332611627,0.96108947385046395,0.13043263642744699,0.12134649384245474,-0.16361252304407126,0.97903318163139719,-13.941637097712015,13.41647329559218,-5.7690834220112803,0.0930511659748183,0.1395541931578839,0.5189873417721519,True,5
-0.59356365025701763,-0.75767759866591344,-0.27130582296260863,0.78312497809686143,-0.62146618376533092,0.022249744199544771,-0.1854655271859269,-0.19925972728077723,0.96223598940677491,-17.003431289946889,2.9393700654312642,-4.5622939649394452,,0.2172943432879688,0.3478260869565217,False,1
-0.25236711808209056,-0.94547035555494319,-0.20590445473022095,0.96103897414435913,-0.26970444603033766,0.060527695867487061,-0.11276048903094739,-0.18260700577545813,0.97669839436502814,-7.1564025315380908,-0.5261151115700482,-2.630665327916601,0.5292931115222889,0.2491832383616729,0.7033398821218074,True,5
-0.52283477016397173,-0.80394645169848744,-0.28339708168750988,0.83004469877642351,-0.55583935176570953,0.045479809386488601,-0.19408658155767047,-0.21145381961574067,0.95792363006096193,16.551039452520786,-21.015359116811883,3.7326133667528261,,0.2618449658662192,0.4827586206896552,False,4
-0.79551911684209575,-0.56587611916722713,-0.21664152994061983,0.57370435590276991,-0.8184680832276382,0.031197896657730401,-0.19496832244485854,-0.099469666199885121,0.97575260120028551,2.0685975288229344,5.7219088614738434,-2.2909469313979796,0.3096575846074736,0.2283345903207928,0.3478260869565217,True,2
0.82258237356484043,0.56666004646989365,-0.047482948888736443,-0.53543370166657733,0.79995296666778437,0.27089850911187502,0.19149148759163953,-0.1974123675308817,0.96143609632975213,-12.84294448363616,22.123359974620644,-6.858800230398014,,0.1997734092283256,0.2857142857142857,False,1
-0.13614429929055968,-0.94460850288914711,-0.29862937906409337,0.98277776933176664,-0.16679363679959852,0.079547085618772162,-0.1249503336448492,-0.28265643278136643,0.95104824016942147,-12.95804797266115,-6.2513695558633726,-2.6148570320724436,,0.2041914858522846,0.2857142857142857,False,4
0.98634008805446749,0.075851321407209099,-0.14621835636296376,-0.039568117791825723,0.97078089317311711,0.23668295566943265,0.15989870153043337,-0.22766430218808278,0.9605214056740724,-10.062724094250807,-8.5407484802606284,-1.8215955687168905,,0.1688014211191729,0.1739130434782609,False,5
0.98249362330528955,-0.11451251602188479,-0.14694612563379128,0.14381165155860298,0.9676068692628097,0.20749736246856576,0.1184250355306318,-0.2249974004955656,0.96713581297034334,-6.7646293385343252,16.411127709885797,-5.1655177930353098,,0.1397519212728354,0.4761904761904762,False,5
0.29296863633938597,-0.91660341090812403,-0.27204331499419793,0.95434268837603542,0.26298635847484031,0.14166230408737399,-0.058304470365842888,-0.30112516063546491,0.95180051815893807,11.973789787758037,-11.611962491554316,1.735082181037757,,0.3947959363655497,0.6964285714285714,False,5
-0.95914989516037896,-0.2285299279242646,-0.16674996448804963,0.22781519343784615,-0.97341679581936347,0.0236638808237878,-0.16772512111401833,-0.01529096660437522,0.98571520739389717,9.8263564293771584,22.44213291968839,-3.8469417893417575,0.4449807189860636,0.4074215103180714,0.7058823529411765,True,5
-0.67168555208577874,0.73743543274176004,-0.070904877520489962,-0.74083371865135983,-0.6688554791794159,0.061625881582919657,-0.0019800071769322525,0.093921938377819952,0.99557759570157689,3.7801067347252251,-6.6375781366365079,-0.18431000305570888,0.6027489032076513,0.4911296845748062,0.7783018867924528,True,5
-0.041338767913732498,0.99238804335269104,-0.11600464507075989,-0.99144884005864709,-0.026359841672271189,0.12780593215252894,0.12377521486040165,0.12029601056407152,0.98499165784722842,-3.9252043112664143,-11.903824301724965,-0.45537946340368712,0.4686294083546478,0.4151908018368885,0.75,True,4
-0.95098812140644373,0.28172862672828064,-0.12747773854928152,-0.28871693694468331,-0.95658874600666477,0.03975551954980891,-0.11074350213498578,0.074612009054793732,0.99104436068204571,-26.528848921839906,16.842223839948211,-8.0113845463123425,0.273544457810162,0.2520400271680356,0.5625,True,5
0.42523825788511971,-0.85732540634029741,-0.29011303258259913,0.90416569884753839,0.3879778220021789,0.17876688357184142,-0.040703968582573566,-0.33832877098746628,0.94014723828969449,-12.41951157869331,-8.7283128192402355,-2.1384378363089014,0.5634764632906757,0.3020845596506516,0.2093023255813954,True,5
0.92951616116773894,-0.29580390881183161,-0.22022659616774415,0.35438426991591104,0.88169865180364848,0.31147917529715297,0.10203673536602305,-0.36756976880487513,0.92438139839385258,2.2450053562281971,-10.26846789777818,0.088198362487063808,,0.3637555166359255,0.5555555555555556,False,1
-0.9908422068898185,0.015289933339067703,-0.13415639747772606,0.00030098532491070872,-0.99331532792486221,-0.11543209569854854,-0.13502455500222521,-0.11441537155475029,0.9842141496129998,-16.054922020237555,13.750741751803165,-6.0662290572849207,,0.2308268569708404,0.2765957446808511,False,2
0.87755438087849769,-0.41491329343556838,-0.24030245011528309,0.47606245220470472,0.81368592013622509,0.33358621819989798,0.05712136379500761,-0.40713902085469084,0.91157828379996175,-3.2837102041513497,-10.392495827080268,-0.60197154318101065,,0.2888028978796358,0.2972972972972973,False,6
-0.80719030578879458,-0.53931713224943656,-0.23996008231128252,0.55836088510328974,-0.82948066912229157,-0.013962146651135307,-0.19151222474626625,-0.14525443337358385,0.97068234626887906,-3.6765733026583649,4.7662280161019206,-2.9778711795825079,,0.0838303521077735,0.3608247422680412,False,3
-0.21881658175532376,0.97489914614254092,-0.041121264565414956,-0.9723670123497733,-0.21434616631283013,0.092510076645558825,0.081373809317804052,0.06022769991902141,0.99486226550189993,-7.5726080000018348,-11.348219555494035,-1.0756881211000793,,0.09364570684465696,0.1666666666666667,False,4
-0.413826691466119,-0.88850383988197701,-0.19826345085563879,0.89447124885323903,-0.43735241571211658,0.092973380306955997,-0.16931820458867203,-0.13886609012194723,0.97572924246899084,9.4243985162602346,1.8266236646828813,-0.63981016491600162,0.142738856580033,0.121543407826512,0.5135135135135135,True,5
-0.56165488943990238,-0.74472934066607366,-0.3604469368982412,0.80010303046134756,-0.59981649163240403,-0.0074375407468593724,-0.21066306229336401,-0.29257201765867524,0.93275006763243551,3.0059037148559291,-8.1406974955229039,-0.067894720003315409,,0.5742393977652775,0.1,False,2
-0.92526241663904474,-0.32980615415889447,-0.18739626739664211,0.33215476031317198,-0.94302006740919719,0.019656237301482582,-0.18320118874224997,-0.044057384653114477,0.98208771059460565,-11.303589021016274,20.417655574063303,-6.406419924137035,,0.07090277813691456,0.4545454545454545,False,1
-0.58480186901824338,0.8076868580895642,-0.075157922151805806,-0.81115836169365663,-0.58165964840616535,0.060779648489265613,0.0053745927503257573,0.096509029035752564,0.9953175980898481,-25.336811994615758,18.499344070277793,-8.0599119868188573,,0.08744228624786811,0.3478260869565217,False,2
0.67565528909544115,0.73037487998480255,-0.10021210009046903,-0.71237312224172311,0.68181721921561556,0.16628233306237189,0.18977477446946323,-0.040961131188873845,0.98097284402107343,-12.743101010977046,3.4095694019457325,-3.9936152380724699,,0.09313357175730395,0.4703557312252964,False,1
-0.062622931548194025,-0.96915730995936111,-0.23835368047639754,0.99086657411323031,-0.088950842763981616,0.10134682963313485,-0.11942278153443101,-0.22983005922618532,0.96587594603378935,12.793207656408601,3.8166653603827743,-0.54029848514264955,0.2418275752855156,0.1755284526699971,0.1481481481481481,True,4
0.67450461078464796,-0.67081806798300125,-0.30829636666332078,0.73808116944942315,0.62218090794288139,0.26101169532330204,0.016724752148331246,-0.40360133480815674,0.91478207525434829,0.70907537157007838,24.716606527238703,-5.4019837746413186,,0.3924348839370897,0.3333333333333333,False,1
-0.18208279235762695,0.97823519609362031,-0.099507576851845872,-0.97847214784933656,-0.17026302825856582,0.11663085822941373,0.09714994910115049,0.11860186479098668,0.98817786104412664,-34.746762552664322,23.039862138074056,-10.023282848912576,,0.7485274061362923,0.2592592592592592,False,3
0.79797230064890579,0.59669316134688277,-0.084837954943255633,-0.57118026443046044,0.79363967096255461,0.20949744198819259,0.19233645760032139,-0.11871539022515055,0.97412183180619094,-4.6991452016301567,-0.27270563582213753,-2.3762798157554279,,0.1886264447022961,0.1486880466472303,True,5
-0.6225576271068507,-0.74343514404308475,-0.24438941780020818,0.75982260468464891,-0.64898140880785649,0.038635999171821991,-0.18732754827126291,-0.16163946802500739,0.96890715346480438,4.3417182502144582,9.8327626284686538,-2.6621901286876217,0.1740657421681286,0.08759469557997508,0.3902439024390244,True,5
0.97744678949309538,0.15911426560945213,-0.13885396713527942,-0.12991665601290278,0.97142505367237619,0.19863289654044336,0.16649154993592211,-0.17611364392682954,0.97018789325715071,9.0061658857515674,0.89509098240480856,-0.57068792699969151,,0.0861783737248003,0.3265306122448979,False,5
0.40249059104798285,0.91364731630152385,-0.057007942717381729,-0.89900840880275623,0.40624639241965949,0.16354739236058863,0.17258390718656708,-0.014575666744097659,0.9848869706312412,8.0511314030922012,9.7445630857033176,-2.157213274533019,0.2298174155844859,0.1736078935877822,0.3488372093023256,True,6
-0.98800120153542903,0.013454538761975807,-0.1538590301257981,-0.017147406053412643,-0.9995952615479351,0.022699769967014519,-0.15349134252519961,0.025065683266539501,0.98783202989789409,-0.027014624048941671,4.5557389013714582,-2.4421096573938632,,0.1132788219387623,0.2961165048543689,False,5
0.48653358806492747,0.86535378759012871,-0.12019937598874675,-0.85507385127337743,0.49988290637908162,0.13771633446514089,0.17925896505664551,0.035775721004879801,0.98315121992163534,-15.977908544254269,-5.21499525278844,-3.158145346500747,,0.0949334186409542,0.3548387096774194,False,2
-0.36055998483506357,-0.90415263891751407,-0.22913861061426147,0.913952765616598,-0.39152508616848752,0.10676351962412338,-0.18624403227354916,-0.17092721386383708,0.96752108400966419,2.4923303524942,18.232858781149723,-4.1557995298916888,0.6770272808381459,0.5281107718047926,0.3571428571428572,True,4
-0.98170333879855876,-0.059078766312760322,-0.18102003746194348,0.065583990772368941,-0.99739118469796817,-0.030158992707853813,-0.17876603353582293,-0.041479200302619486,0.9830168773709449,-4.2692981097388714,15.042112369050271,-4.6467452593102969,0.2543046603530821,0.1425202672730888,0.3076923076923077,True,5
0.49325281522051911,0.86555576830769687,-0.086688362692490195,-0.852454189576483,0.50081254085002791,0.15002884256315666,0.17327294927522235,-0.00010429099381409346,0.98487383667800565,-4.9080088716666967,-11.594062021184055,-0.65755317171940686,0.845213634873929,0.5384323978205733,0.24,True,6
0.16181103770658556,0.98271928932352381,-0.089888744944987456,-0.97649770996656693,0.17259413693615633,0.12908712687682139,0.14237067993925995,0.066888431636048962,0.98755077196410568,-10.508328207453111,-0.24821384714553124,-3.1390882528914954,,0.07990203747275472,0.3160919540229885,False,4
-0.9485516303494036,-0.26205687473130435,-0.17769636734483216,0.25988502312069733,-0.96497519681798904,0.035814023561144631,-0.18085789813840794,-0.012209174097579913,0.98343345313692299,-16.967854379864907,20.385734231674249,-7.1852901129949798,,0.1311201406699272,0.2962962962962963,False,3
-0.85176979528563301,0.51193775570594324,-0.11139097863756015,-0.51894711463008869,-0.85361476517282109,0.045119008145745515,-0.071986860302260466,0.096237035291576123,0.99275189497784977,-8.3311206970944855,-7.952446345463474,-1.6698439818541175,0.7747556820581318,0.3840788623091412,0.3673469387755102,True,5
-0.56841038572051639,-0.80273745827117093,-0.18033914298730047,0.80195093360352054,-0.58953938711579856,0.096529845807245176,-0.1838051509003375,-0.089754577195086199,0.97885636452701053,-6.5827152612273583,-2.2722628869647346,-2.270068087571202,,0.1049624807287431,0.1932773109243698,False,1
0.87773422487864228,0.47531876373733928,-0.060454142255891324,-0.44194805355866068,0.85186223030447106,0.28109190407481116,0.18510685679466141,-0.22000639404321654,0.95777483687331288,-8.7172657415437875,-10.687164640073931,-1.3369776513005061,0.5281626761548791,0.5402990885266842,0.8153846153846154,True,5
-0.95040558275569609,0.27528261043124735,-0.14473670115407539,-0.28762467386268553,-0.95501163192644967,0.072282984654507471,-0.11832698446334976,0.11032799861929009,0.98682645762488197,4.5481749605720232,14.725856156923422,-3.3572233897334272,,0.1667240336049686,0.5636363636363636,False,5
0.23894681742177001,-0.87330326980831785,-0.42455366844029019,0.96787324693059495,0.17895802213904904,0.17662220751680041,-0.078267466549233153,-0.4531174519417458,0.88800832114670236,-27.258406477181435,18.592491714563398,-8.3672317486622756,,0.5255949170268329,0.1111111111111111,False,1
-0.85669602907138553,-0.43405128171353041,-0.27869588912677068,0.48272194439761495,-0.86505644607137488,-0.13659015157524473,-0.18180054502202581,-0.25154886195966764,0.95061650094898453,10.919797347265433,-9.6847969353319101,1.3095084962501469,0.8262041085056743,0.3510381233992771,0.2888888888888889,True,4
-0.69669149265891661,-0.67771620194523785,-0.23520568376978473,0.68723670108047163,-0.72456238356779845,0.052106324055541178,-0.20573449089717827,-0.12533994550609928,0.97054789542598408,-13.558126916534459,14.482994461265845,-5.8557625569655034,,0.2110484600459706,0.2285714285714286,False,5
0.85177921008748136,0.50674632619653659,-0.132967432663262,-0.48668979495844811,0.85931464291198467,0.15719856220828438,0.19392065580038015,-0.069184574605626048,0.97857461334871609,6.8498480424493078,13.327990001630146,-2.9118405961768086,0.2900624119789694,0.260364218103746,0.8852459016393442,True,6
-0.76502319782201555,0.63698768015645857,-0.094795580714868974,-0.64343967503143407,-0.76218220669234993,0.071159457537430221,-0.026923807115981926,0.11543387341015621,0.99295021500572145,-17.546876090575154,10.104584420009326,-5.7312602738154474,,0.1801771239681331,0.6111111111111112,False,4
0.96268858927282097,-0.22139538738399081,-0.15561093319236541,0.24249656160563693,0.9610000178056799,0.13294503897072471,0.12010869116491818,-0.16571978826494024,0.97883137162847123,-5.7071955896208335,-1.6974550503541033,-2.2611682055535525,,0.07352225027718497,0.4942528735632184,False,4
0.063193182875085838,-0.97504622081922654,-0.2128179712906294,0.99209313992271175,0.038205053183782901,0.11954737817918998,-0.10843349739084279,-0.21868982870121675,0.96975096569491581,-2.4485771437097896,-2.1256692871166791,-1.7702493730588331,,0.07950748589285364,0.3493150684931507,False,1
-0.48349950627115673,0.87252250070589243,0.070233276995194549,-0.87485668610834988,-0.48435068728933373,-0.0054945876884932437,0.029223384592892698,-0.064100682401095815,0.99751546168901561,-17.643910919312773,-6.6614378396184213,-3.2077320523976498,,0.2814725429528484,0.2631578947368421,False,1
-0.80750008646844773,0.57722963261945726,-0.12144777305268463,-0.58742140210498983,-0.80565347496552209,0.076541326255740214,-0.053662898751912519,0.13314814869905645,0.98964229082813393,4.6381028719127579,-7.4316431635472266,0.066847149695293567,,0.0843030121583163,0.34375,False,5
-0.056141376752522863,-0.97412162167762617,-0.21894111536320462,0.98678838790269652,-0.087515722609994351,0.1363439613494076,-0.15197639065568538,-0.20839401257282641,0.96616515783124191,-6.2920955945993242,16.717463165843021,-5.1745161378135656,,0.1430632294728873,0.45,False,3
0.86020800514691342,0.50913562065601214,-0.028689852916774561,-0.47175324771884958,0.8158882013409009,0.33432815642632996,0.19362608591790198,-0.27405722521387388,0.94201994467218508,-0.25228878750544376,13.189147242147943,-3.8375702325471615,,0.2664129237178907,0.1764705882352941,False,2
0.81713345260898285,0.56858240728970166,-0.094905040687894654,-0.54461155198524303,0.81542600055329262,0.19615987119155304,0.18892108953620845,-0.10860241130983014,0.97596841044479632,-5.9363259468260567,1.1628917775241947,-2.7547810660347616,,0.1457482221516672,0.2597765363128491,True,5
-0.59777171768230708,-0.72748862938385506,-0.33679261817377137,0.78120425300159468,-0.62292758382076796,-0.041001712250103545,-0.17996913244043888,-0.28761348965655248,0.94068570305719845,14.648288519670205,-11.312896144745739,2.0665975116501434,,0.2712516536485434,0.3157894736842105,False,5
0.58031540320500064,0.81316257548616,-0.044728722670490925,-0.79328326536565452,0.57684436562102692,0.19481334333684869,0.18421643166075952,-0.077570636712555679,0.97981993377670518,-9.2389067933721751,7.6917346115331968,-4.1801023467489289,,0.07457789057193595,0.2185792349726776,False,5
0.61819021231481852,0.78055110199226441,-0.092632815874398894,-0.76355724710916484,0.62431002342422792,0.16497674090341674,0.18660437236365246,-0.031256548605063855,0.98193779659613156,5.6035302586996014,6.9621149207870694,-2.0074535221344205,0.1668395574549207,0.1290922390340289,0.6530612244897959,True,5
-0.606522386689062,0.78411915870049231,-0.13148284832568521,-0.79506423016111027,-0.59778241019305389,0.10261120787761722,0.0018612800230627113,0.16677330428643083,0.98599350941781594,-5.6727384047357861,-6.5261703792294323,-1.5088179057746094,,0.08982391955308097,0.4142857142857143,False,2
-0.71067075761134846,0.69966148672904238,-0.073626613830985177,-0.70304240600743606,-0.71015835647606562,0.037503120969966747,-0.026047065696284316,0.078415003126432556,0.99658047224160184,-4.6240311896232589,8.4126865902497379,-3.6727586365228801,,0.07007478067858315,0.2375,False,5
-0.47106171669917496,-0.85965963928909161,-0.19770220949138462,0.86528285894194878,-0.49388162198766267,0.085828418860440542,-0.17142471549246907,-0.13063785071787043,0.97649747510075102,14.897217874133537,-12.358248843614241,2.2250293453745389,,0.1140915868445802,0.4117647058823529,False,5
-0.24193483049437448,0.96642739991762883,-0.086519468803894939,-0.96669657257952912,-0.23240836637943021,0.10716383625008152,0.083458219227635591,0.10956473851241716,0.99046973387280046,16.890710751832536,-10.329427321601278,2.2377966831188885,0.2899455606433046,0.2002689549203494,0.2,True,5
0.86605135292649926,0.49030411431237519,-0.097759549827824033,-0.46831426743076271,0.86403862576851664,0.18471329161931752,0.17503371393811476,-0.11418900414843836,0.97791823294006508,20.232910192283367,-1.1004996260868838,1.2832195306314855,0.3762308467998858,0.3589456046392653,0.2173913043478261,True,5
0.9769760581167527,0.16533688499707502,-0.13483877901448313,-0.11339710377937177,0.93776110164919046,0.3282456596638384,0.1807176768362824,-0.30539782365492069,0.93491886845102035,-22.279783161759649,13.607202406704973,-6.9321170931214215,,0.1787605910448443,0.4444444444444444,False,4
-0.075950028246109386,0.99575672896717982,-0.05196277442550272,-0.99425662571035212,-0.071688863195803643,0.079463633976535997,0.075401296013256514,0.057699598007904973,0.99548249655593946,-11.451266658861355,-10.169525933539267,-1.7616313725688713,,0.1647902310271448,0.4782608695652174,False,2
0.60961915425542712,0.78183791807395797,-0.13074385884880019,-0.76701909666558776,0.62343289762939191,0.15170078280524549,0.20011544696799871,0.0078033335951598337,0.97974124944783214,-2.6144768608895004,-7.9437672157961066,-0.90493049430021688,,0.07465387873628643,0.16,False,5
-0.84535358292708696,0.5246683736781651,-0.10050083330124897,-0.52985386079294738,-0.84746172007440834,0.032611642266721766,-0.068060311747332833,0.080819123172884838,0.99440236488778599,10.396817503185144,-2.8232052898467499,0.21528432553014526,,0.2914329811909528,0.2352941176470588,False,1
-0.73910906928363962,-0.60686446829235541,-0.2922897549126669,0.6469011543359301,-0.76044495915724519,-0.056941729962963344,-0.18771435805902376,-0.23116872888989679,0.95463309106793304,-27.56722798439629,20.803795522873838,-8.702911420694015,,0.3433268472777066,0.1538461538461539,False,3
0.92944561537877279,-0.2923667360498497,-0.22506119102309066,0.34005346474482906,0.91548176509180235,0.21507389171965058,0.14315896467986916,-0.27643232342827795,0.95031083409368367,14.703514307288847,-15.957323111979619,2.7112455838599034,,0.3286016386805203,0.2727272727272727,False,4
0.032290363289988043,0.98071788487387879,0.19274273715786716,-0.99185324720095702,0.0076669648249010278,0.12715484130496865,0.12322527523003803,-0.1952783857442493,0.97297578777973837,17.368178225037447,-0.45440914884103689,0.78980120206819027,,0.2543999388762456,0.5,False,1
0.98285456700203644,0.12676413445393805,-0.13389456426376783,-0.080964459221484111,0.9491381437448263,0.30427214862947805,0.16565523374229063,-0.2882145699036926,0.94312814889017993,8.8743153762981528,-17.905294813492411,2.1447792069434719,,0.2833650113345803,0.5142857142857142,True,4
0.6161627321819888,0.78265098803676181,-0.088322807898682743,-0.76548236505979972,0.62146736709139927,0.16677847709743654,0.18541908276248892,-0.035153130238501723,0.9820305602077527,4.4716627165387122,2.3785945516906315,-1.400992291506495,,0.09323683360605091,0.2692307692307692,False,2
-0.74392080373776559,-0.5941776904732019,-0.30583444853398795,0.64016274188248468,-0.76495175641101354,-0.070996297573919703,-0.19176418245244797,-0.24859944188923133,0.9494339449486241,-15.272688376357497,-1.2666373853209432,-3.6387386494200014,1.107391976601039,0.3726942229984782,0.15625,True,1
-0.94487898910580226,0.29702483637064431,-0.13776771220205752,-0.30842491644901976,-0.94866833187442223,0.070017619296976114,-0.10989889380613502,0.10864917246621389,0.98798663475909176,-14.589599383386036,-7.9559771681649716,-2.5766179048415943,,0.3014454751973258,0.2727272727272727,False,1
-0.64309258471667308,-0.69190367012011889,-0.32817866895448788,0.74228070567780979,-0.66857714320026229,-0.044988415938211318,-0.18828510684831717,-0.27253241066795453,0.94354374762097382,3.9642007567987538,3.5483830015475877,-1.6738423890769616,1.004701110497659,0.604322286774237,0.2757352941176471,True,1
0.021545497590686937,0.99052691023700967,0.13561796204740839,-0.99234336559815417,0.0046868619641007789,0.1234207360140825,0.12161593763523793,-0.13723874606412023,0.98304378859329045,15.454987097321448,3.6574832713615719,-0.17825717967596605,,0.533616191805934,0.2222222222222222,False,1
-0.98117928350961814,0.0031306653776033179,-0.19307359360058643,-0.011760619866213635,-0.998981246382602,0.043567845898373161,-0.19274050283195113,0.045018532963163604,0.98021652213066168,2.8535950910848085,10.882908795640274,-3.0013345496270709,1.120228664972802,0.4000896203367081,0.2978723404255319,True,3
0.27506954725077259,0.95597196528792194,0.10224649509299769,-0.94897825420322524,0.25291211052011886,0.18835003955841784,0.15419798061146353,-0.1488390605177507,0.97676502642116514,5.7674370078878825,20.484628953291327,-4.1163138590193338,,0.1076450763566975,0.1666666666666667,False,2
0.98133491570752363,-0.040682927168256722,-0.18795393757601944,0.090765519826529861,0.95963919421335941,0.26618459260474592,0.16953879681042838,-0.27827597159395029,0.94542005479549451,-10.126871723014077,-10.564711094189535,-1.5573640406796252,,0.1528687629046569,0.4090909090909091,False,2
0.90681033764518426,-0.34482652903943345,-0.24246582524233157,0.41144123195294074,0.84916035393728273,0.33112355088419215,0.091712181245865387,-0.40002669682375774,0.91190323918681204,21.416278119080381,7.5476737463827153,-0.096873825673202282,,0.1890459432036926,0.1764705882352941,False,1
-0.51095770125526263,0.85945812934562749,-0.015935853590335919,-0.85933881598673678,-0.51024913036865016,0.034389304973355586,0.021424912285745445,0.031265777773009151,0.99928145398270951,-6.307931069733602,27.00283409014089,-6.6287805203383385,0.7782051575665399,0.5353635261518366,0.2307692307692308,True,3
0.96625972508661218,-0.20223230087415947,-0.15951250784401802,0.22630024748113778,0.96231435282091271,0.15079550505517098,0.1230054538039688,-0.18180534326034459,0.97561082174013836,-10.480354229172942,-2.6520774550301121,-2.7525629488215464,,0.07217700634677518,0.2391304347826087,False,1
-0.065280481849809932,-0.92237583611611618,-0.38073780432018001,0.98215085592778317,-0.12684236820812428,0.13889099980804068,-0.17640338684327792,-0.36487508900505894,0.91419254784414605,-11.377638165923363,-11.686920098499986,-1.5761164608799494,,0.5014750002515457,0.2666666666666667,False,3
