axis_00,axis_01,axis_02,axis_10,axis_11,axis_12,axis_20,axis_21,axis_22,location_x,location_y,location_z,dbh,dbh_approximation,score,reconstructed,number_clusters
-0.842065737976888,-0.49124182411890721,-0.22272575774204295,0.49484235054715797,-0.8678999610882252,0.043367103292941168,-0.21460741140604206,-0.073696185650178936,0.97391608015794251,11.264917810191877,4.9705561924551613,0.60213373516511948,0.1437975684951434,0.1002135349613785,0.3157894736842105,True,5
-0.75099901322060381,-0.60031251566494648,-0.27500066486774455,0.63030020241231299,-0.77585991715486102,-0.027623247300932782,-0.19677941198376209,-0.19407800619460933,0.96104713231498118,-13.992104889608878,-9.4983632505803364,-2.9389094807128071,,0.1601195174505528,0.3023255813953488,False,2
0.17311117801442075,0.98124775785271323,-0.084766489578618681,-0.97673959149709144,0.1820971439571665,0.11322720770529285,0.12653967934428348,0.063193891094515717,0.98994658526598289,-8.4146706824047115,20.042885027762686,-3.6827789323989317,,0.0914575667413774,0.12,False,2
0.013933374888860832,0.99390123079643788,-0.10939014802775132,-0.9941985517773394,0.025439906225274481,0.10450861598495841,0.10665411716407729,0.10729936902226465,0.98848962801810736,-3.8468692162157221,11.724370562561056,-2.3956328150917283,,0.1046208420295202,0.2647058823529412,False,5
0.82007838668196498,-0.53354147793013162,-0.20689352581759587,0.5612471711176662,0.82046182339627904,0.10883018543432824,0.11168282146114805,-0.20536768898096852,0.97229165362718872,-1.3042014660779375,16.541159558542535,-2.2591730024482608,,0.07760489217437919,0.4,False,1
-0.91103375161783873,0.36666334574780968,-0.18861467148170072,-0.38456723885899957,-0.92059731973784231,0.067886771081467345,-0.14874657041254075,0.13438216316358545,0.97970194039513059,-0.69780377275494732,1.70091953360507,-1.3414392575722753,,0.06584599934301871,0.2638036809815951,False,3
0.84836375829065802,0.52564463948551055,-0.063060658092812624,-0.48359237860935095,0.81789369073609697,0.31175041620667876,0.21544684952419493,-0.23398210109800052,0.94806910686714452,-4.2831736816923449,-9.487912465374599,-1.4670455603040706,,0.7387210527331263,0.4214285714285714,False,1
-0.77837384802912624,0.62228608673717689,-0.083031192678784851,-0.61841051700904992,-0.78278535563694196,-0.069393943921253615,-0.10817848749603801,-0.0026670683675381335,0.9941279100746504,10.937418469718198,2.4610869358674665,0.61648371004892466,0.5693619048366153,0.5238369361352454,0.6470588235294118,True,3
-0.8523525394922562,-0.47872990275032273,-0.2105061249317231,0.47638990648587809,-0.87681948680564081,0.065117160228859633,-0.21574940421581648,-0.044780216285335447,0.9754214098583035,-9.1182128159060074,-8.5025871993982776,-2.3070815189603335,0.5428594908706079,0.5291223943218879,0.975975975975976,True,5
0.56194754004498282,0.80749001202722337,-0.17937347271452839,-0.80516031029002955,0.58367137469319441,0.10509329710986501,0.18955694915000615,0.085367481162524572,0.97815160184345173,0.03219776255462789,7.6906799902029768,-1.385394472218515,,0.1002400256424512,0.4716981132075472,False,5
0.010030875168769073,0.9996281724058651,-0.025355442726498534,-0.99407347029710469,0.01271363785126774,0.10796434163211711,0.10824655742709903,0.024122196108459781,0.99383137526447862,-6.3723376040343185,11.060412850849513,-2.8677273530415608,0.4929982175271455,0.3757567401126837,0.2125,True,4
-0.37716601023914814,-0.84044529743252083,-0.38909832015037543,0.9137401275483833,-0.40621426927125409,-0.0083034178676797826,-0.15107872129504862,-0.35866651567156688,0.92115880851668053,-15.412905698449707,1.0996964323034912,-3.7286868356720366,0.5590526358857103,0.4212339205997656,0.2644628099173554,True,2
-0.094619150590690898,0.98135707872803013,-0.16728867377047321,-0.99272184519873552,-0.080436138273279667,0.089629045096443302,0.074502042970073068,0.1745517450215536,0.98182540907394356,15.434312350882916,-7.3833059919437414,1.9396108363170519,0.5430021769296518,0.5641770009364222,0.8823529411764706,True,5
-0.47806091201932044,0.86415698346731551,-0.15713202195582543,-0.87822491983932693,-0.47301725683856272,0.070538393135438859,-0.0133699129564889,0.17171890594105135,0.98505525873929767,-30.193157020812041,0.27369949376347524,-6.2359174202960386,,0.1239811725851236,0.2857142857142857,False,1
-0.2389448520171778,0.96593805407906319,-0.099343008694325885,-0.96855408565513801,-0.22977847922221301,0.095419251972889821,0.06934220111323175,0.11901901599441519,0.99046763348253464,-5.6470867945454408,-16.181143069510359,-1.3664385664603831,,0.1232029616121517,0.2142857142857143,False,4
0.97962169741726135,0.058320127462306685,-0.19219805587493072,-0.027603812252952286,0.98692861667806375,0.15877636830154057,0.19894561945020667,-0.15023537637554948,0.96842654454887256,-3.263598892887396,-6.5211582021933516,-1.4839903228453195,,0.07111274626602747,0.2,False,1
-0.24091357182717929,0.95493846739306087,-0.17335851407549002,-0.96966674366821282,-0.22922047137910553,0.084878629375269146,0.041316547936078023,0.18854839960533196,0.9811943965763934,-12.446827236632577,10.763903410981973,-3.9110170342151327,0.4935438152822956,0.4211862139868031,0.9219143576826196,True,5
0.89646711741023455,-0.38923008206652643,-0.21177027793500813,0.42031193210803974,0.89826826159781659,0.12826538868160961,0.1403017716559283,-0.20399527793682568,0.96886600696364911,-1.2878605693429139,2.7024361020948695,-1.451299626447204,,0.06865717150348805,0.3103448275862069,False,5
0.98153557409347225,0.01271773358176973,-0.19085642782348691,0.020062865537290194,0.98543857605978247,0.16884399379220347,0.19022459939616476,-0.16955551322741513,0.96698786430790185,-1.9253836693500386,-6.5420424167857227,-1.2351740022809217,,0.09409118844522565,0.3478260869565217,False,5
-0.98055554707652592,0.027499190839261625,-0.19430546467003876,-0.040843281422701633,-0.99704864985502795,0.06500627804213141,-0.19194438116308538,0.071678339304498156,0.97878474151085348,-14.831974881019219,5.9670442754824249,-3.9869768611323764,0.6639617389217641,0.5198211966240277,0.9317269076305221,True,5
0.071006798207232227,-0.94446442015502818,-0.32085042257971719,0.99449413592138258,0.042179579285544014,0.095928602143866254,-0.077067815762087613,-0.32589544665815784,0.94225936430535917,-8.6764528802386796,5.1255333562252501,-2.8672260179096929,,0.09193188208517278,0.2842105263157895,False,4
-0.46977433897753434,0.87922000917086052,-0.079273235784931423,-0.88278268813699956,-0.46760919310020416,0.04512613493076912,0.0026069069478423107,0.091180140391252981,0.99583100274815584,-14.271034643955305,11.893059551748367,-4.3188172655394101,,0.1644958771853958,0.21875,False,3
0.87254316986132718,-0.43098178884250743,-0.23005024323929588,0.47073122370126308,0.86766579605961769,0.15990053589947981,0.13069250843509897,-0.24781195296906405,0.95995244892890375,6.2724948471522195,5.6828080514849448,-0.30539719065966348,,0.07510987539166847,0.1739130434782609,False,5
-0.22450276614671671,-0.9471888955509431,-0.22897970245734986,0.96473093775592134,-0.24917912945793561,0.084876258041723163,-0.13745081203489617,-0.20184884836820163,0.96972383526619466,-8.6984357517416182,2.4886536895928586,-2.6324474935793329,,0.07098562238557059,0.3300653594771242,False,5
-0.73460816615533442,0.66093938823909437,-0.15332960344313451,-0.6591541307286557,-0.74877729653259895,-0.069630396671881867,-0.16083119772372473,0.049916783464729178,0.98571884458363079,-12.959359149253892,16.058083274665904,-4.2252122682659525,,0.07574262741637902,0.2941176470588235,False,2
0.64493451856301209,0.75487864486686662,-0.11923799012838066,-0.73310390198743181,0.65516377418179106,0.18253519630654846,0.2159123332667561,-0.030309413122514062,0.97594221336074571,-0.39811451617696259,12.006386129462822,-1.8252310545103867,,0.07997209142439991,0.3043478260869565,False,5
0.95726820989834216,0.24846834794480221,-0.14799004827218742,-0.22144702644983272,0.95888268725865045,0.17749706068596299,0.18600749660847202,-0.13714033741102605,0.97293049035387902,-2.5638783506301355,-12.752200835108333,-1.1064309671042516,0.2875313937961366,0.2582629074798982,0.2222222222222222,True,5
0.25322310053467201,0.96024917605157056,-0.11747161890382932,-0.95651981068611625,0.26668739208033709,0.11810032459897969,0.14473393907651078,0.082458200305777579,0.98602876838443643,-21.901835963678412,-1.5579770707681699,-4.6449974078196821,0.8473385791666892,0.772716220418602,0.996078431372549,True,2
0.45266688712063008,0.88888998866249969,-0.07047891429428059,-0.87477822493872526,0.45801372812602803,0.15807112962571818,0.1727881549110713,-0.009900146649356123,0.98490925501730842,-8.273608904577836,-16.895521919125368,-1.7048400812527922,,0.2987674801142078,0.5957446808510638,False,4
0.87696194766184632,0.45756500251884169,-0.14687413258663459,-0.42952908816725416,0.88338974660951453,0.18742283212935359,0.21550523142455522,-0.10127597965516347,0.97123667104034883,3.2789450539514302,3.2849841990077406,-0.73698276977448274,,0.07132735283882168,0.2045454545454546,False,5
0.97543358222878218,-0.03351359710003713,-0.21772956958057571,0.12010874833313,0.90944247263641131,0.39810586222614214,0.18467055865561044,-0.41447705337495783,0.89112600511456175,-4.8423572858095039,-9.9659661454522439,-1.5386690239696783,,0.3893727993150424,0.3255813953488372,False,3
0.095335676534201219,0.99343929188438196,0.063162347328323348,-0.98912747399205303,0.087402382083627647,0.11826945421455219,0.11197298323196812,-0.073750911495148258,0.99097066257269617,-20.217060591033047,2.1914325044481724,-4.6471439353153574,,0.481370491244249,0.4193548387096774,False,1
0.40965164898405237,-0.8761624309652436,-0.25401756051447028,0.9122173719258424,0.3954865565311354,0.10700397170131304,0.0067076703375485991,-0.27555358493080928,0.96126231018927555,-7.1094730888707263,13.053091438151579,-3.0850551166387565,,0.08211793048707326,0.2727272727272727,False,3
-0.28368402776114215,-0.91774753550133015,-0.27796192810248571,0.94963652450864677,-0.30910911815851233,0.051400626362005715,-0.13309336464435453,-0.24938126263314739,0.95921589964676002,3.2256747021688872,8.7660939430840763,-0.90324522510983862,,0.09260732464379914,0.1944444444444444,False,5
-0.38196246860972177,0.90780742856939067,-0.17317720752973764,-0.92415165124089504,-0.37377538587123948,0.078966362620628838,0.0069568730255797073,0.1902041890996001,0.9817199032140832,4.6295213262317736,11.421452836190941,-0.81275440890108253,0.6256022064898107,0.5264005751281385,0.7142857142857143,True,5
0.2751615575444506,-0.93742517724865304,-0.21335452727805487,0.96071950530424288,0.25977492280860609,0.097647435233869512,-0.036113008427463185,-0.23184267627016597,0.97208272491707393,-2.5432120314960618,-1.5924744203230152,-1.5655108900064627,0.1149964544902808,0.09387084032549994,0.4694960212201592,True,5
0.96709528425923919,-0.16951118514426908,-0.18971734046872504,0.19464769148412947,0.9731673337071467,0.12270948131754802,0.16382608877538402,-0.15559980307284385,0.97414050009239006,-4.8114333447645921,9.9053240509335847,-2.4920577656070386,,0.09370443003520887,0.2380952380952381,False,5
0.66925491787352365,0.7197737331923828,-0.18445494818086383,-0.7150003615838556,0.69139087851200776,0.10369732901743971,0.20216908229761549,0.062485407229978598,0.97735522510817185,2.1622363485179377,0.42917081428349629,-0.82768245013215802,0.4525970468604904,0.3682820862278379,0.9641485275288092,True,5
-0.90669101134105679,-0.34937516617674524,-0.23632266758037473,0.3640834100407479,-0.93114558316174556,-0.020277413332935063,-0.21296638346563845,-0.10442651108480838,0.97146303238786302,1.6036034168317919,-10.470868430241275,-0.46891162578614437,0.4124369357983336,0.2410125296897031,0.673469387755102,True,5
0.65233656396147155,0.74339768614708257,-0.14770540799207199,-0.73122827136288049,0.66856004411421643,0.13539823696655159,0.19940467015241681,0.019681149487790442,0.97971956695589424,-17.159520994940138,1.7832829741608069,-4.0645775814263532,,0.2841141581709934,0.3134328358208955,False,1
-0.37839020491118203,0.92456976045539296,-0.044627467760699438,-0.92477825425339755,-0.37968311962994156,-0.025018175954996127,-0.040075345130308679,0.03180387900137438,0.99869038244750996,1.3071402470900351,1.3378950886275904,-0.98035326943835166,,0.4099342712607659,0.2148760330578512,False,6
0.97277103277621313,-0.11958197174469418,-0.19853631865518148,0.14420557780843632,0.98289516033145186,0.11455066619599227,0.18144219222781566,-0.14006161440830889,0.97337632755728321,-13.208708073011417,19.995950147965019,-4.5977114211086541,,0.07888502743929585,0.1764705882352941,False,1
-0.64612653797268293,0.74891571255853384,-0.14712495509049117,-0.76098184789854528,-0.64692612530415761,0.048920502530793171,-0.058541644120669117,0.1435682551328577,0.987907400529906,-7.1921731512717901,-9.0165024072457065,-1.9571034802687659,,0.09339509683818986,0.3,False,4
0.74205531834443217,0.64620256784945773,-0.17825864865838018,-0.63734557450723528,0.76252875955289734,0.11108784591827822,0.20771259753030658,0.03117903397297353,0.97769286827087276,7.3869496514432536,0.83021247779868501,0.07814477341171612,,0.078926183425894,0.2456140350877193,False,5
-0.17819734563409145,0.97407125809378237,-0.13939472789369931,-0.98239241521913867,-0.16803181060448769,0.081672842150149277,0.056132419588592657,0.15149420708585476,0.98686303846610679,1.5599899436226068,3.5230095366029075,-1.0015723129691958,,0.07017240514941273,0.1818181818181818,False,5
-0.55611728086265988,0.82931971687921191,-0.054427723829917743,-0.82996867550405296,-0.55758715544930748,-0.0157658415569467,-0.043423122964273878,0.036405648920656508,0.99839323972004934,-7.3175708420170889,4.7010339678077564,-2.5713492311231452,,0.3425014336114314,0.2242990654205607,False,3
-0.044315476383851436,0.98790635313999242,-0.14858390215132961,-0.99498325281227218,-0.030292770346239561,0.095345029696692618,0.089690942552665409,0.15206375468991146,0.9842927152700176,3.8792047137859411,1.2361000263925452,-0.5336286404137609,0.1350332909334665,0.1169255730051763,0.3333333333333333,True,5
0.60767914535531209,0.78309345862402679,-0.1322523775230427,-0.7695521380044561,0.62176196933171601,0.14560755607288148,0.1962538233844332,0.013292424647385642,0.98046302747935654,-4.1034478895199165,17.144210858603447,-2.7733039494795371,,0.40894676139867,0.6542056074766355,True,5
-0.52133917707603394,0.85231437776383845,-0.042019803696876773,-0.85105872632573876,-0.52291455611568927,-0.047533265689858717,-0.062486052767755922,0.01098036699623417,0.99798543313524002,8.5581730860775522,-6.9851102944117871,0.61574135496903704,0.5011055083281265,0.3109909546884644,0.3392857142857143,True,2
-0.9351553848648726,-0.25809453835583779,-0.24263473664980217,0.28233087594387712,-0.95672554034363022,-0.070466424224251298,-0.21394785029767166,-0.13440033379823166,0.96755509798043482,1.364513646805503,-8.1959764147492642,-0.5761393299803429,,0.3623040562444512,0.4230769230769231,False,1
0.90780369935605831,0.38604286001535554,-0.16390043827463963,-0.35965949626954702,0.91760953225571773,0.16922704587794996,0.21572549728437285,-0.094676589210885578,0.97185330851770124,-22.720189611804155,1.4239615863426254,-5.0467752064836127,,0.117370223035579,0.375,False,1
0.83814362568620315,-0.4860615469675042,-0.24750643482775037,0.52932373489609752,0.83432702029991146,0.15399612616270036,0.13164971096524597,-0.26008190201747783,0.95656978723234787,-7.4080707025014014,16.225133443032046,-3.3592547869657201,,0.136342833166435,0.2222222222222222,False,3
-0.9828070614853085,0.0063768470837826524,-0.18452537959826343,0.0083988690278637406,-0.99682480321703526,-0.079181883599545699,-0.18444440597010786,-0.079370318838903886,0.9796328973619377,-14.463848865424922,14.977955670436762,-4.4298322957458574,,0.3814566398652289,0.3142857142857143,False,4
-0.76232055548829347,0.62205500353823873,-0.17864753917437828,-0.64160098605417737,-0.76259389632654284,0.082454375140494113,-0.084944366348374489,0.17747710234997499,0.98045210630970114,-5.7322874206717662,-1.1512072638111783,-2.1101153151373504,0.2642186498358728,0.22236564606224,0.7982456140350878,True,5
-0.17750165689922043,0.97960647694236802,0.094150475997696381,-0.98248792584390998,-0.18190272196591759,0.040359327451306728,0.056662486434705749,-0.085337858386248466,0.99473957021779591,8.3543895077043935,1.0281286834575885,0.21899064232743884,,0.6050807508154831,0.140625,False,1
0.94085729189100353,-0.26124049285049189,-0.21573354210868578,0.29938445920630147,0.93915041838151903,0.16842041811956554,0.15860801329465801,-0.2230468483279936,0.96181786299157068,5.1823536365513627,9.8820077549667804,-0.63444974928328135,,0.07877457557284984,0.2105263157894737,False,5
0.13790203347512914,0.97979787088627912,-0.14484184951228576,-0.98348218944749788,0.15277116689060966,0.097076019729069013,0.11724253580924215,0.12906239875965733,0.98468120984581753,-1.174051482021832,-5.05222358790712,-1.1868538583591131,0.176401426732383,0.197291382922833,0.7158469945355191,True,3
-0.9826120944851412,0.12045172435672299,-0.14129704126773171,-0.11360326485335218,-0.99196909147914936,-0.055602335964320265,-0.146859694900208,-0.038583722598034081,0.98840453578698972,13.627867097242643,-4.5580320658598055,1.4664438541835947,1.003062604757682,0.6010885885033027,0.1176470588235294,True,4
0.97644837718157407,-0.072722967674240413,-0.20312542103863074,0.10590719766130199,0.98180713986636614,0.15760204818134468,0.18796870000880353,-0.17540270830313975,0.96638587413978849,-3.8309331351266307,14.74304938743415,-2.6059390675380945,,0.0912973503003841,0.2173913043478261,False,5
-0.62349159018961475,-0.75349062647783949,-0.20859077825459785,0.75684996742311184,-0.64859495655952393,0.080639377088271152,-0.19605194152178229,-0.10759395027408775,0.97467285695763417,-2.3815846603713386,12.79367237025928,-2.2183337731503312,,0.1204803163890058,0.2571428571428571,True,5
-0.5229874715099474,0.8436854090911956,-0.12115706801608396,-0.85195031180846592,-0.52173987298691582,0.044364074937441857,-0.025783150565630672,0.12642165725151278,0.99164146430284528,-10.125506449310301,18.852432905118441,-3.911275476464219,,0.1173515320535112,0.3684210526315789,False,2
0.88175217939692929,-0.41581733206210425,-0.22273087007759079,0.45314555547409574,0.87784542661615184,0.15506937970850626,0.13104273990893284,-0.2376622673582437,0.96246789400545718,-8.5674482495575397,11.092817483321115,-3.2555401736751435,,0.07203280307535966,0.2222222222222222,False,4
-0.28874768034665549,0.94358035091454118,-0.16211384414175561,-0.95687165651173678,-0.2787672360807959,0.081764668728976045,0.031959506549868295,0.17873150101721169,0.98337868620650104,-19.575467150444489,-1.6124882811727141,-4.2074842254252056,,0.1137619124529701,0.48,False,1
0.20063804132780882,0.97904497098751331,-0.03486145659894091,-0.97146362819975485,0.20342730363179878,0.12196618884783129,0.12650215593858208,0.0093955798732889007,0.99192183543953472,7.3642203064963354,4.57153746607431,-0.018713392652667474,0.2917972680600535,0.2133870533774488,0.2830188679245283,True,5
0.24799198488168195,0.95928772406036011,-0.1351556062527095,-0.95674539742307607,0.26442669273462599,0.12131268968738282,0.15211252395579752,0.099224929511295745,0.98336981518616617,-4.7807642821808303,3.6626294306966893,-2.0083678577048647,0.2393980448259221,0.2200939726026653,0.729757085020243,True,4
-0.97523234516730084,0.12122333909904728,-0.18500479722743604,-0.12323647723159933,-0.99237713788904536,-0.00062199251836231317,-0.18366993117827662,0.022192752258896539,0.98273742074276549,-8.7118258060763374,6.7020616441952683,-2.9755085584295515,,0.09080037644139438,0.2439024390243902,False,2
0.67610611551047983,0.71714561742548932,-0.16906414160532024,-0.70856189806953096,0.69576237236919958,0.11770623517591347,0.2020409789459402,0.040210503635211781,0.97855125477614557,-5.6915561071099088,-7.8011297054380426,-1.7788536834329001,,0.1634146442336918,0.2051282051282051,False,1
0.18546720291427121,-0.93039037618699916,-0.31618928593766482,0.98070225738240224,0.15500354197180066,0.11915109878325242,-0.061846576366171968,-0.33218616749468954,0.94118401554476738,-0.94401868095965435,-7.1595964087139041,-1.0362429923908434,,0.2928543278407412,0.3703703703703703,False,4
0.1807106535351409,-0.91775760796350037,-0.35364478325576398,0.98194258168258508,0.14789052374183384,0.11797101027755269,-0.055968079987102098,-0.36857748983420024,0.92791066811955425,-1.5077467346772522,-13.428080732997831,-0.88277844958818552,,0.4286112502306214,0.125,False,1
0.97873793808778853,-0.047629354142700225,-0.19950812808408025,0.097200352314432095,0.96421785365689505,0.24664959395717928,0.180621538188597,-0.26079757535920534,0.94834618395876169,-2.6218575755707172,-8.0946368482523248,-1.3231473089090808,,0.2579083995698402,0.6309523809523809,False,5
-0.96120378198472156,-0.15789162959463995,-0.22618028827070258,0.18003790929105895,-0.98033899577993666,-0.080757690477693989,-0.20898239331669441,-0.11834562373461717,0.97073202925755575,-2.8704011479860174,11.482744023255028,-2.2349963041079266,,0.1776123192425144,0.3684210526315789,False,3
0.95252987361673969,-0.16508981020098679,-0.25579717440870786,0.25619338779321627,0.8885752088147566,0.38052469871329708,0.16447427737707646,-0.42799468787312411,0.88868934911681874,-19.880104663516342,12.471982645115519,-5.2082569725795702,,0.2903406250658946,0.5,False,2
-0.73207448530988972,0.6608756702999552,-0.16525827169568186,-0.67629044699153107,-0.73420734503124963,0.059756219844944544,-0.081842405061520351,0.15550859432117312,0.98443836669747753,10.479736491416329,-5.0513363731629921,0.90852424834794476,,0.1011882412034459,0.2222222222222222,False,4
-0.98221399578168445,0.069044724078467373,-0.17460954317420488,-0.054929053829194448,-0.99491462566193289,-0.084425628155227708,-0.17955073248529421,-0.073332896580617882,0.98101163129857416,-11.206437835151675,5.531785137800421,-3.3691229588731515,0.6843123301140173,0.5598747573256957,0.4,True,4
0.57329072527325942,0.80450401470199262,-0.15527728309072483,-0.7958453891595263,0.59182118055361199,0.127975805532343,0.19485343432740149,0.050209367417905298,0.9795464044925648,-5.2447652957379844,10.789323190349329,-2.6224806463402364,,0.08078236944587787,0.2830188679245283,False,3
-0.87605919691766521,0.47609260765533395,-0.076525240489134505,-0.47347147859463584,-0.87935842424156052,-0.050532372523061045,-0.091351203896746599,-0.0080368309266964921,0.99578630583839156,-12.382827952021085,-19.690487261025922,-2.0310749298018762,,0.4681369206718104,0.1428571428571428,False,3
0.1472475965477166,-0.93589674045862759,-0.32002411863769742,0.98845754122777907,0.12758009385883484,0.081700727297266365,-0.035634737277722497,-0.3283604891729287,0.94388005310487433,-16.55674276812757,10.516508694234799,-4.5973079241987316,,0.1605960354251574,0.2941176470588235,False,4
-0.9221268158726722,0.34853024728791149,-0.1679547622842309,-0.35595384707785255,-0.93437769451150365,0.015335669201009566,-0.15158823898641391,0.073925575579721819,0.98567541060746933,-14.553623701189679,9.9249160393611806,-4.1997727842801194,0.4492288573634767,0.3685563008134979,0.8672199170124482,True,5
-0.56039748298288006,0.81450536492779535,-0.15011885814344883,-0.82710051844970289,-0.55980460311531133,0.050234835633682674,-0.043120684673216524,0.15231486084669826,0.98739090015989373,-17.456036608514417,-0.18961975210544368,-3.9537873166860851,,0.07810938287661896,0.3942307692307692,False,3
-0.6811880008122434,-0.69020937826387052,-0.24411866316613762,0.70412447536595002,-0.70896544409325679,0.039707962328456817,-0.20047850443388215,-0.14484133815404426,0.9689320698695556,-7.9173374725357766,9.2354583695172856,-2.9796945942262836,0.2513203827838703,0.1644390899297545,0.4333333333333333,True,4
-0.95320772089127792,0.26452333350755347,-0.14636409007440052,-0.25172061247742294,-0.96258565246182493,-0.10032743856310676,-0.16742692163223533,-0.058790030657369811,0.98413005147087085,-20.739150258388126,-0.091711152784891697,-4.5275766970829237,,0.09080491763098811,0.25,False,1
0.81094013390302133,-0.53536860571063816,-0.23612826015705118,0.57893874394592826,0.79267181744143067,0.19105318786246289,0.084888338325473295,-0.29163649609324543,0.95275501791530526,10.149229028533059,-2.8051809591629442,0.77412988293541096,,0.386360900411389,0.2911392405063291,False,3
0.52576735421946819,0.83740639657699945,-0.14939617200245092,-0.83047329742470621,0.54333658222847792,0.1228798627799236,0.18407278859624143,0.059463311244852199,0.98111228873875689,6.2728421908751946,10.052102199033643,-0.47009938537629986,,0.1186987709636633,0.2222222222222222,False,5
0.96478238652465065,0.22202922476149961,-0.14106016448171105,-0.16045571490477681,0.92166193302616306,0.35326087352673802,0.20844402175691409,-0.31818595909041064,0.92482905730276388,-10.100925075722408,-20.164152834621238,-1.6136336356087198,,0.2297680014438969,0.2,False,1
0.26653487251592906,0.96022410115463575,-0.083239637761645613,-0.95317116736553875,0.27540942868841378,0.1249574819390105,0.14291216685759828,0.046036096177826683,0.98866414439524031,-23.729359972983815,1.8245610136458916,-5.1947440333872965,,0.1252410768655457,0.25,False,1
0.8695690397550998,0.46621927334815066,-0.16275525877253719,-0.4445332316205311,0.88257717159349824,0.15312655604769587,0.21503462764029541,-0.060803991158008663,0.97471174383755932,5.3766902708159545,5.9925755086883612,-0.46049327583541599,,0.09326407193844127,0.2285714285714286,False,5
-0.36688235612093389,-0.89719544890551695,-0.24584072736302506,0.91652667533686694,-0.39386632043513031,0.069628837580714975,-0.15929905888956958,-0.19977399252685588,0.96680616555066412,-2.3206156036319472,4.6905971499482133,-1.6563369068851337,,0.0752880096719114,0.3076923076923077,False,5
-0.01079947600192295,-0.8955117366798826,-0.4449068450660919,0.99535992167512344,-0.05217149926009617,0.080850238019718162,-0.095613794198197086,-0.441969302252468,0.89191991693508577,0.46619869751181869,10.349115592013719,-1.5244724573761528,,0.4996257437183341,0.2692307692307692,False,1
0.62862935115665053,0.76040978229497702,-0.16310150782403832,-0.75262329258927729,0.64765859760284994,0.11872876822061905,0.19591661061901855,0.048117605314647371,0.97943931805004669,-0.0058303071089592928,4.575138040792754,-1.3001506208099849,,0.07016002523081408,0.2745098039215687,False,5
-0.91699173336558737,0.38258072234439749,-0.11295198904674189,-0.38243243365403495,-0.9236757681861153,-0.023843425828581066,-0.11345305032756248,0.021332279677285029,0.99331432045206247,-11.496977838180026,8.8184244704567902,-3.5878856096315825,0.5162505250962959,0.175809656469834,0.2121212121212121,True,5
-0.78553853413954422,-0.5609641273157191,-0.26124406069193234,0.58135310559275521,-0.81365083265765537,-0.00094293857874626352,-0.21203249279191905,-0.15261576058984905,0.96527231992843698,-14.349523142042949,13.525110235738401,-4.3396371904373865,,0.09146069069877742,0.25,False,1
0.72749509837993631,0.66223097631071715,-0.17944641497595046,-0.65363372865277569,0.74844989953442131,0.11218599134644296,0.20859968983830274,0.035677470502672573,0.97735013556958938,-1.4841716451791838,9.544115895263273,-1.8297729092297277,0.4648703397248313,0.3944669446459054,0.9666666666666667,True,5
-0.94458033821550658,0.30721474240732072,-0.11570257864145353,-0.28520924953862814,-0.94251050462765418,-0.17415404860104924,-0.16255358696224059,-0.13150304450516603,0.97789737736205262,-13.28670838664306,-22.897720053485038,-1.8966305454540704,,0.3150256559600528,0.2142857142857143,False,1
0.52250648773128916,0.84042893877052594,-0.14375732731154828,-0.83276258284415605,0.53921188754142757,0.12552697299282445,0.18301216050700669,0.054127065420716575,0.98161948324974635,4.5596978096064316,-7.0335088385996967,-0.06750648242212641,,0.09640938555027276,0.3076923076923077,False,5
0.83228072206172288,0.53788375050124215,-0.13412632340870234,-0.51093899690997735,0.83817060457423609,0.19081765920450547,0.21505845977557864,-0.090283490043187919,0.97241901992123658,0.9248273322739814,9.6258188718247641,-1.3690481785368034,,0.0768076438376027,0.36,False,5
-0.53477523359884449,0.8444352445496609,0.030733813490298745,-0.8447083045906314,-0.53329417681005864,-0.045444484110881908,-0.021984760288063024,-0.050263692093170775,0.99849398174062132,-9.9630382032775309,1.7741649982878249,-2.8755194127584991,,0.6896318623013649,0.3452424352898287,False,3
-0.71650711758908625,0.69197572934142304,-0.088244775746703558,-0.69165894986568355,-0.72116517284469039,-0.03909847243293299,-0.090694252931926678,0.033020955139040534,0.9953311855894128,0.64480797127405298,16.071987108552793,-1.9018564041782955,,0.1473069583467845,0.25,False,4
-0.6029365522842558,0.79598904079971244,0.053562681470677775,-0.79615567253192798,-0.59605022696212995,-0.10421262895459311,-0.051026062113485093,-0.10547783589526161,0.99311165893873377,2.7416674470820963,7.5083912595113684,-0.92877253077969157,0.4252645139741137,0.3352909889392306,0.2464788732394366,True,5
-0.20270547237961703,0.97149556112078728,-0.12290999222994207,-0.97791614699551066,-0.1943067738359244,0.076973288139008361,0.050896963689519355,0.13579857276158311,0.98942824233145155,-10.933178340058328,11.033283419506889,-3.6475124990565826,,0.07240694235471568,0.1739130434782609,False,4
0.98039293975934294,0.010156455827344226,-0.1967905741519671,0.041667938840782799,0.96540325165136709,0.25741084781673124,0.19259664208597832,-0.26056363542519662,0.94605133335945946,-18.680324740488693,4.5505065299125071,-4.5379311323144558,,0.4068595065751061,0.2972972972972973,False,1
0.73802487959963081,-0.60472134107881426,-0.29938499751288661,0.66908117080012985,0.71333557726777397,0.20852515695901019,0.087462357461243118,-0.35420961851408356,0.9310670664240196,6.8198012796662137,12.198951763258069,-0.49312135525511092,0.1648482916220949,0.1332983531087782,0.24,True,5
0.87924362708301573,-0.41167930890851989,-0.23968894603320123,0.45734297310775934,0.87027723720471872,0.18290690351180727,0.13329684610994713,-0.27043978446213407,0.95346435371083271,-3.6952970813002106,-15.035749280214304,-1.174453153743731,,0.1668431262655165,0.4117647058823529,False,1
-0.88830100548869317,0.44571328987908809,-0.11072934061457168,-0.44383298768309121,-0.89510286157372498,-0.042463469557152841,-0.11804068236027382,0.011424991364986634,0.99294303304884113,-16.516858392693624,12.685879534515244,-4.6419781279709111,,0.5305331459837821,0.6666666666666666,False,3
-0.97369609617527431,0.15755567686229444,-0.16459684377743794,-0.13850606310341343,-0.98288234873006153,-0.12148398675739176,-0.18091982416701413,-0.095490822822620572,0.97885112247983574,10.725262586947682,6.9423405481090663,0.43535532659173937,,0.3508740179513575,0.25,False,3
0.062233464383691775,0.99501244889007745,-0.077956542153779465,-0.99236403575300847,0.070023203441764173,0.10153999962455358,0.1064923304975752,0.071042082834919418,0.99177235594246682,4.3581477197657277,4.2087717483073215,-0.56839437848226604,,0.0771414552075675,0.1428571428571428,False,4
0.85783237192548745,0.49318406328290176,-0.14454446167342017,-0.46645646407814656,0.86522674559141488,0.18385060737729944,0.2157359237503223,-0.090289304112147556,0.97226840572268891,-1.4139353994527459,-10.216350678335754,-0.99210507129715886,,0.4261744563108727,0.3275862068965517,False,1
0.66557585979281431,-0.67668442999005651,-0.31481257451075229,0.74361597586061101,0.63721292189748013,0.20247215268215654,0.063592887227479869,-0.3688602369135327,0.92730689111974407,2.0052737235247675,-14.046833520798065,-0.16607974045413526,,0.5906744933590771,0.4,False,1
0.88559054029053974,0.4327306899255865,-0.16874105885775881,-0.41194656919280093,0.8995972433990258,0.14499939240961143,0.21454467851287443,-0.058897789987413476,0.9749367319249016,-6.9858255671905063,-14.856395886514699,-1.6907247156437528,,0.07247856752775203,0.3478260869565217,False,2
0.94371339681912014,0.28512104938053984,-0.16766338856249632,-0.25529832142198838,0.95017628918359598,0.17885129731821148,0.21030404595069943,-0.12598018365374777,0.96948501875136506,9.7695370612958818,13.650024976865815,-0.08013510013964617,,0.09965320019844848,0.1875,False,3
0.97656628004158552,0.10228372682357267,-0.18935770360041126,-0.039605573697044642,0.95023003134908346,0.30902149772216347,0.21154124708403416,-0.29428035399836311,0.93201361257909243,3.1364897500719131,-11.650763565473158,-0.1179197085535051,,0.2283770158566977,0.1923076923076923,False,2
0.75184329993368082,0.65870139164328667,-0.029053898052263577,-0.62520794984567851,0.72622247548986019,0.28585999290412001,0.20939596890722867,-0.19675719234777106,0.95783084908809735,-7.0399104294381356,-16.189071492269395,-1.5701658930207034,,0.2928906950686109,0.1111111111111111,False,1
0.63300416025800821,0.77062022873655789,-0.073825443839293445,-0.75398495567980173,0.63533042713899079,0.16691894727655826,0.17553466809887069,-0.049997114050737146,0.98320286252737099,9.4769747809280176,1.7493790663588391,0.41735815640230423,0.4265912355397964,0.6020976399602571,0.8,True,3
0.41405567194659948,0.90135872502811154,-0.12692655098342073,-0.89108333086897518,0.42984186179930561,0.14562441859921413,0.18581818526802574,0.052805517331086849,0.9811641959239511,22.952124962322667,-9.0272737515775674,3.4336833595112477,,0.3343366218544254,0.5263157894736842,False,4
0.56902451939313115,-0.77019168757054945,-0.2881247311957883,0.82157461017395839,0.54738992822423338,0.15930921629389963,0.0350179417859489,-0.32736681395018907,0.94424822630343219,-9.0068986165881419,-15.676112066388997,-1.909112889769538,,0.09856726077868833,0.375,False,2
0.97248600616226333,0.14927342052676884,-0.17885305069472027,-0.10727087462796445,0.96843543067865934,0.22500172457737033,0.20679440822981957,-0.19962530533596626,0.95780259458533545,-4.6541589721479282,7.9149267180855762,-2.2978554985014092,0.9954544339002346,0.7779561982368037,0.8638443935926774,True,4
-0.10250064886310008,-0.86231931785319726,-0.49588205355693271,0.9903600308528504,-0.13515751657151193,0.030322516441815328,-0.093169878564834982,-0.48799368824957023,0.86786031938140618,-1.8951303499351284,7.2602175082760363,-1.73597186929765,,0.4889567758186977,0.1607142857142857,False,3
-0.092243703718950742,0.98664454547387015,0.1342521508612429,-0.99292813405287073,-0.10126264299135342,0.061964487738457925,0.074731651463715382,-0.12758690379919563,0.98900796874870534,5.0960380187076009,2.055137222308836,-0.38632995652332036,,0.6800164290371764,0.3009708737864077,False,1
0.085916090457992464,0.99032247153769937,-0.1089946226557818,-0.99019076137124362,0.09697539710379792,0.10058841111975872,0.11018476072239274,0.099283305364109065,0.98893990908473606,1.8012196503407085,9.1815834716288407,-1.170472045873755,,0.083934352828368,0.3928571428571428,False,1
0.2043209889920195,0.97800622157615924,-0.041913768807496671,-0.96931220202449753,0.20811263018798251,0.13085483622190183,0.13669962861596846,0.013891137986692531,0.99051514265138407,-17.693490697359682,3.2521904011849436,-4.2189947905677654,,0.4452043541248534,0.16,False,2
-0.068766162215010154,-0.97810481188311016,-0.19642350140786444,0.99188819454518173,-0.088130632527664163,0.091601316214204073,-0.10690661558631297,-0.18853108120779513,0.97623102130720096,0.73158725259444624,-15.262337504634543,-0.32932680509780532,,0.3314526304842038,0.3076923076923077,False,1
-0.15686271366714727,0.98202012279902706,-0.10502650845745194,-0.98582072095383255,-0.14927202387945179,0.076650955799643747,0.059595261548592703,0.11556098521870169,0.99151100018922567,3.3833174618034532,-9.9500060887709072,-0.20941801029490051,,0.09987797308031127,0.3225806451612903,False,4
-0.15149200832642051,-0.91962335959991193,-0.36241281419315063,0.98084446617059151,-0.18527689427291569,0.060138221050434079,-0.12245123354117653,-0.34636014338655396,0.93007545203466713,-18.553322003066132,14.877690096154019,-5.1681119725790872,,0.1936164739916227,0.2352941176470588,False,1
0.27232645328531313,0.95538003163424212,0.11439972900141754,-0.95138300017737065,0.24957231222477549,0.18051052031470485,0.14390514172380467,-0.15799574717483672,0.9768974634321238,0.73533905285475387,-6.8030330287211909,-0.72224002486526495,,0.7868455999900521,0.5572519083969466,False,1
0.12836728923044188,0.99159145910271351,-0.01637734075423003,-0.97311793505158473,0.12912549605591797,0.19070419698908886,0.19121538519838865,-0.0085430967959650717,0.98151092299605469,-5.8438528561250696,14.145126796032024,-2.9647389711672054,,0.2531317951606653,0.2432432432432433,False,2
0.80718323348692111,0.58171395564363737,-0.10031999495131592,-0.55035424727816196,0.80306749579485226,0.22845743520549666,0.21346060545329476,-0.12919547595492098,0.96837136415338887,-2.5984054885238743,-25.095891620971699,0.12276404118500293,,0.2228164237409472,0.1666666666666667,False,1
0.61472581393632675,0.76845266919387645,-0.17774326678985233,-0.76426422785466597,0.63603190767914208,0.10660019904176571,0.1949675965437157,0.070312926427788497,0.97828611800184939,-6.1851886572761927,12.397141135711484,-2.9218187681400107,,0.07796475775806339,0.6285714285714286,False,1
0.81264420389986503,0.5787483061754114,-0.068262698211005265,-0.542131123146255,0.79375484432172638,0.27576637291731521,0.21378316861749047,-0.18709261133161875,0.9587977428013591,4.5178675221085927,17.013262784520375,-1.2494246202722197,,0.1539740124728982,0.2222222222222222,False,1
0.79601930609789218,-0.54876699990471733,-0.25535865784227341,0.59921647177638926,0.77401364391389105,0.20455439126793948,0.085398385648015593,-0.31584435858618298,0.94496002924885469,-7.2090546103361852,15.159773511931633,-3.2429416903236268,,0.1244265074034902,0.3529411764705883,False,2
-0.55667319026979456,-0.77066082436523509,-0.31015617521427191,0.80986794980002019,-0.58659867145098077,0.0039877987232562195,-0.18501044057447671,-0.2489656451011692,0.95067725566450634,-17.16069309868066,4.7131079929517279,-4.2774267806803206,,0.1929125059627531,0.1428571428571428,False,3
-0.22817510997133031,0.97247136515000998,0.047281742278036276,-0.97219446776787766,-0.23019924005013781,0.042967740479009676,0.05266911838168431,-0.036162879360115807,0.99795701817527249,-13.633239725408515,-17.51124578741646,-2.4233497976436236,,0.4439361153229038,0.3125,False,3
0.91181658311222991,0.39190673806534476,-0.12247296608035163,-0.34945571179763019,0.89731437846486817,0.26964348998672083,0.21557185403839085,-0.20306652816057225,0.95514017865822276,-13.785891124987682,4.5350829714091203,-3.6825033108518719,,0.2319580870164006,0.2307692307692308,False,1
-0.55947000136915859,-0.74387478490223591,-0.36557300495885381,0.80726446043033717,-0.58903871194721036,-0.036844087092614358,-0.18792926460269663,-0.31572725605215657,0.93005316584142961,8.3265346408972984,20.066339612933508,-0.74544897671975319,,0.2879014564826005,0.2666666666666667,False,1
0.72522583662873463,-0.61607010698799025,-0.30741683291901734,0.68771810787559129,0.66959739427243636,0.28050514020884015,0.033034678538917603,-0.41484569765078977,0.90929189876214156,-15.766739232191567,4.0856627413784414,-4.0038889554125099,,0.5142712961969728,0.3894736842105263,False,3
-0.96991643801193084,0.14759533349180398,-0.1935916341314651,-0.16387723083861527,-0.98393031850886659,0.070889925459877379,-0.18001765604216477,0.10048256490796242,0.97851770431740326,11.080032142496226,9.1239542742592281,0.35588193756158421,,0.09793517199680984,0.4,False,2
0.89360778004781027,-0.39857624748989484,-0.20640278674208534,0.42706753145416093,0.89652406510866123,0.11771968509425347,0.13812479507921077,-0.1933431550842051,0.97135985369296129,8.1043374812982414,12.949662149429248,-0.29741240054951107,,0.1104879996741107,0.3684210526315789,False,2
0.71012887289540505,0.70400293270939462,0.0098414743241990454,-0.67955778567956771,0.68168077716207331,0.27113194937151025,0.18416894364301764,-0.19922647611269956,0.9624918760244846,11.467882740796767,-11.561173290449126,1.426019070742506,,0.4523591301794438,0.3478260869565217,False,2
