axis_00,axis_01,axis_02,axis_10,axis_11,axis_12,axis_20,axis_21,axis_22,location_x,location_y,location_z,dbh,dbh_approximation,score,reconstructed,number_clusters
-0.25399175706276345,-0.93781697824234989,-0.23661678441006784,0.95794765454623731,-0.27768530459438706,0.072299120061639577,-0.13350834615684162,-0.20830311311334948,0.96890935312533444,4.5214342445530722,-6.7864101567144433,-1.4655818602307811,,0.1093127364106381,0.2714285714285714,False,3
-0.026103184956488872,-0.9795965504954155,-0.19927172903503124,0.9956912246178613,-0.043221249133140398,0.082042116271798679,-0.088980947141012484,-0.19627155137934432,0.97650390125438513,-16.270066808408089,-5.762932143308257,-6.0105286783225642,,0.2850742535298211,0.9452054794520548,False,1
-0.75894812387776633,0.63084674926662365,-0.16133853911000964,-0.64441180845144608,-0.76322822272080759,0.047075483755065789,-0.093440710564267268,0.13969630983734121,0.98577572227513977,-28.759313454176539,12.541279695411006,-11.199198377064508,,0.1134597877538376,0.2307692307692308,False,1
-0.18387079782931068,-0.94319234242223871,-0.27673043725196889,0.97726921814486423,-0.2056388996566792,0.051551122340050791,-0.10552916645241435,-0.26096139205645619,0.95956383158381786,-16.00777589994226,9.6216024357809715,-8.2926396876526614,0.6222761098293428,0.2267877470656877,0.3333333333333333,True,5
-0.44424720162520187,-0.86973726142901275,-0.21494538825045456,0.87987100948416352,-0.46874040180338283,0.078162922070009161,-0.16873479344076131,-0.15440055634344266,0.97349321398936228,-6.7096192687966916,6.3026155418381276,-5.5687896831771537,0.265519763027595,0.154659653899694,0.4345549738219895,True,5
0.79400427586067646,0.60669779702278293,-0.038405637641690082,-0.57496392233476479,0.76998616623536631,0.27665464358941283,0.1974175724913696,-0.1975831138884713,0.96020165339253061,-19.49051526885895,3.0892856958624475,-8.3127493112384734,,0.6100387087064205,0.2705882352941176,False,4
0.5437006854926888,0.83910407849288837,-0.017143805043839944,-0.82083060872060132,0.53589775869513889,0.19761250975809697,0.17500478959773513,-0.093369897087485387,0.98013029028579901,-9.203266318742557,-13.764086985266625,-3.3761471685086217,,0.5477558101817281,0.4545454545454545,False,1
-0.62163413227985442,-0.74503695209777709,-0.24184901404291351,0.76017157485625653,-0.64828472160493211,0.043198339252528091,-0.18897137975162664,-0.15699318374525822,0.96935182358744032,1.6550244370925724,-7.4715767348536852,-1.9877327001385583,,0.1082296838960086,0.6875,False,5
-0.88291216819261698,-0.3895881275117335,-0.26208241863832693,0.42126504766713713,-0.90377234283148289,-0.075705428780894327,-0.20736890526648055,-0.17724740684928436,0.96207145986864573,2.9746526252774572,-3.4888949449695801,-2.2177142494714004,,0.2044693290215616,0.1830985915492958,False,1
0.62056920066191135,-0.73782368035998958,-0.26553734933126955,0.77669287147695487,0.62494672554289188,0.078675114426992057,0.10789833449464931,-0.25506431920842587,0.96088508286892615,-22.74332178494522,5.708979774199765,-9.3650907131392831,,0.6969641130378077,0.3142857142857143,False,2
-0.78220263567599668,-0.5838706137571622,-0.21738018109377177,0.58960450647434326,-0.80646357891224207,0.044531133302516256,-0.20130961896211644,-0.0933359645522292,0.97507068207101499,-10.366079045438257,6.9572813509342017,-6.5816513658838582,,0.08520836540178223,0.4173913043478261,False,5
-0.54547604704030939,-0.81154745318571675,-0.20939582931151324,0.81942312044519416,-0.56887684927925408,0.070177489510319699,-0.17607280251401727,-0.13330364429334737,0.97530944147638277,-3.2013505914622846,2.4601305125006379,-4.2610053449620295,0.1636235857515508,0.1334098157507249,0.6145404663923183,True,5
-0.81977103960558051,0.56950594152054324,-0.060319360049532547,-0.56585675961210802,-0.82170598721022337,-0.0678630841043696,-0.088213208904736967,-0.02150007338757548,0.99586955803411192,0.90254177249806999,17.772749606384547,-5.4310607398393298,,0.2537562966725602,0.1875,False,2
0.43549355660501315,0.89151639256218262,-0.12467511358899902,-0.88590315053128044,0.4490292705301312,0.11639725978703808,0.15975284045759275,0.059759819277604598,0.98534653496403979,-0.61235659822763699,19.379505758648584,-6.0594663780765927,0.4731264171096961,0.4360063438666648,0.8661417322834646,True,5
0.26138082147384273,-0.90772704202400767,-0.3281945815274907,0.96474164567202592,0.23480383052873002,0.11891475213389949,-0.030880791306094245,-0.34770501628159034,0.9370952984520452,-2.8800659242977957,-5.9505748607160793,-3.2028693443272687,,0.0782748818348111,0.2285714285714286,False,4
-0.83885325837614944,-0.50582230418251262,-0.20116910176070735,0.50498862492159924,-0.86108182548129564,0.05936816087425216,-0.20325279730303486,-0.051786932881687037,0.97775580487726965,-5.9242522457335189,-10.268360661154514,-3.2131149669469496,,0.2805918391229898,0.8541666666666666,True,5
-0.073985878519814433,0.99725913969472457,0.00054596244230994961,-0.99251383684214989,-0.073687150325469505,0.097398601395426943,0.097171875851631451,0.0066642458124532011,0.99524530361676422,-10.995767462865343,-4.0316575413522715,-5.1586924387944721,,0.2733864327966047,0.32,False,2
-0.6842157811319125,0.72638756527170445,-0.064883509990540239,-0.72356013009480746,-0.68727838275867148,-0.064102751343533007,-0.091156475289650998,0.0030870068465429501,0.99583179674154654,-26.77877242991466,8.0477981173908582,-10.38221241975482,,0.2538266524184192,0.1428571428571428,False,3
-0.87083844497731966,-0.44544442112338622,-0.2078934112460894,0.44600579754159603,-0.89380288000413277,0.04685339107901515,-0.20668631137249779,-0.051919932457291339,0.97702870444263867,-6.2116779657707131,-4.3739844415703679,-4.0788060763828033,,0.0711600597457801,0.316546762589928,False,4
-0.74159962487362663,-0.63509641109000969,-0.2160614380399373,0.6441760930540591,-0.76407993053137779,0.034914479758016634,-0.18726226935745616,-0.11328904792500555,0.97575531466415311,-2.5743906953299893,1.9437461157722256,-4.0848156994263318,,0.06884608756381905,0.125,False,2
-0.82934851875019167,-0.47285153756406584,-0.29764485191275269,0.5172712800958128,-0.85117046707941268,-0.089102518257656388,-0.21121424486739704,-0.22786017509673712,0.95050948620725595,2.4562054859966969,-8.957559348919288,-1.5869658901465984,,0.565062706509513,0.4371859296482412,True,5
-0.3415392451513003,0.93943311579232214,0.028572101326460764,-0.93806809739464991,-0.34260804742834366,0.051458434563434408,0.058130789362105986,-0.0092275018324171065,0.99826632946226856,-4.2831359786567118,20.873305711141256,-7.10243018715832,,0.3933615339276075,0.3636363636363636,False,5
0.052252976325712103,-0.97356840356529506,-0.22233800854651103,0.99592272238810775,0.034408506914064184,0.083390561114588216,-0.073536096552411903,-0.22578887977770001,0.97139684180697539,-6.9404480060812936,-6.9638559511764102,-3.8322486688418826,0.297614773262078,0.2814965028805386,0.8876080691642652,True,5
-0.79574750475461509,0.6055268349195051,-0.011097786678885474,-0.60267068045346239,-0.79353701001245713,-0.084184705631423162,-0.059782602808544791,-0.06030145879541543,0.99638836528162011,-10.934766426417511,-8.0677562429251317,-4.5633432724140501,,0.4035420857568516,0.3170731707317073,False,3
0.88948315271853706,-0.40454432063411522,-0.21251732558211198,0.43613580225741772,0.89035985852081556,0.13055605816686969,0.13640118408272711,-0.20881382851112723,0.96839635583956762,-14.548077704710767,13.84524637525106,-8.569870152007665,,0.07312468450316767,0.2222222222222222,False,1
0.70759270673634589,-0.64559503984231403,-0.28726225979848785,0.69941462029746293,0.69779992562528859,0.15457830608303036,0.10065659584790573,-0.31029390636676113,0.94529674779085537,-9.0342887711816697,-7.8159097718976751,-4.1894658389830743,,0.1535906589903062,0.1176470588235294,False,2
0.92308122127503212,0.36427148602968862,-0.1233991223433859,-0.34172063041449874,0.92402520373765928,0.17147721016710887,0.17648815733219353,-0.11611936670211248,0.9774293954031601,-0.53341868623062672,-16.115117027848004,-1.3891376326241935,,0.2455859907225578,0.3888888888888889,False,3
-0.38985760445630968,0.92083778566172592,0.0082958269748514835,-0.92086469932532167,-0.38988028454609913,0.0012527005777015349,0.0043879134075680976,-0.0071509593665276816,0.99996480437866664,-17.774364817734163,8.1472316145377697,-8.5387243019170533,,0.3264526065646621,0.25,False,3
0.50624549998135249,0.85116629045272207,-0.13867746661077315,-0.84550920121699813,0.52153764795093438,0.11451057779611667,0.16979306348029544,0.059282609311323176,0.98369501768953593,-1.9869573492654296,13.478937581384191,-5.6240704014625988,,0.1707867956244689,0.3333333333333333,False,1
-0.0050751896894706645,0.9865760605004763,-0.16322352556227229,-0.99663971665504314,0.0083539572425834711,0.081483044764817519,0.081752783655188524,0.16308859017647731,0.98321848747817875,0.72771475701258814,8.8356029603646746,-4.3189552000469922,,0.07576295125373075,0.3150684931506849,False,5
-0.89721120226847251,0.40883679711749388,-0.1669267259808076,-0.41904024666357503,-0.9074822203472388,0.029686553012704564,-0.13934608067718557,0.096584124349476053,0.98552228626426919,-10.728695708648795,-11.853404420861235,-3.9865050123604355,,0.06516173039036159,0.3181818181818182,False,1
0.9485990506244939,-0.23689014296145749,-0.20986400673295358,0.27203130664013897,0.94920201330740017,0.15815974880113179,0.16173685220742906,-0.20711976752806233,0.96485366379423232,-14.5371453276928,-15.160738554600874,-4.1879951521381988,,0.3097958994243099,0.6,False,1
-0.94838179434745862,-0.22239212717533946,-0.22608342248100316,0.24186450648501079,-0.96832284906910204,-0.062067869896269362,-0.20511833816862485,-0.11354559322635843,0.97212852319321275,3.0472412107547546,-7.3111717812843295,-1.7011747326167648,,0.09667820509272054,0.3125,False,5
-0.90920134602432645,0.38847668913474853,-0.1497957755961665,-0.37100982180741221,-0.91920514928841912,-0.13196062156600979,-0.18895667363177573,-0.064403070738585921,0.9798712262177387,0.89240339949437242,26.513337051904042,-6.674453254380766,,0.4859455623643019,0.2258064516129032,False,4
-0.8427855001307738,0.53203452994961242,-0.081558933971798253,-0.52467038827127965,-0.84585879662926744,-0.09614509782693885,-0.12013985367306607,-0.038238136803223716,0.99202029235960265,-0.049866458597917607,1.7521580326559993,-3.4715904055550753,,0.08804349537118739,0.2414860681114551,False,5
-0.94651318176428789,0.26880218860870114,-0.17848859948360182,-0.27776539036158215,-0.96027486180363275,0.026806299731461349,-0.16419252316632199,0.074950471560807405,0.98357675966296121,4.1340888415074186,9.5261008609968325,-3.5999095599629918,,0.07093768993167794,0.1463414634146341,False,4
-0.40406849062360273,-0.88598627754612036,-0.227501584357412,0.90057599454231918,-0.42889734638817095,0.070780960118509692,-0.16028578520653747,-0.176282109872654,0.97120187643948108,-20.881096681520269,11.038630213600024,-9.4950715141192994,0.5751055703959189,0.396099246365352,0.8545454545454545,True,5
0.26278769357723258,-0.93663142967192659,-0.23165533245553074,0.9644493471198089,0.24804408458735408,0.091167916184354325,-0.027930000797250866,-0.24737764056588768,0.96851650373316867,-11.510574255134813,4.2229337226784089,-6.5004573457341541,,0.08032907557163985,0.4952380952380953,False,5
-0.29092370072711426,-0.92519508005149775,-0.24367491500715122,0.94696944758540036,-0.31477246530547998,0.064553546961506142,-0.13642677777856319,-0.21197254287763859,0.96770624435876462,-12.860507678471647,-11.568313451910656,-4.5016974645686272,0.7760636904467191,0.7701639666468012,0.8780487804878049,True,1
0.16009653682424635,-0.9307413137813515,-0.32876998907662963,0.98661050291791974,0.14037810636076412,0.083028325206619444,-0.031125783989047948,-0.33766047159110951,0.94075320435060805,-23.769485709275475,4.4204366147547134,-9.3630074660629052,0.3157015818204082,0.2992693965204308,0.3454545454545455,True,5
0.62999018557682829,0.7764671155683448,-0.014532189024708597,-0.7520049835745759,0.61460138653287766,0.23823022551907197,0.19390943957393381,-0.13915442541594109,0.97109998204679382,-29.176699308623878,7.5696772037019571,-10.721709465380275,,0.3091438415921703,0.1666666666666667,False,4
-0.68058830908535006,0.73110366856073905,-0.047822372937500357,-0.72844392078325393,-0.68222054557071266,-0.062805903186881132,-0.078543031583107006,-0.0079090466067857912,0.99687935035866115,-2.3506551133521763,17.932120127060337,-6.2920453518067374,,0.3679052804081813,0.5283018867924528,False,3
0.91163355008301949,-0.34713389154663549,-0.22005074801672297,0.38189340276774014,0.913339059903297,0.14131238649685962,0.15192662467621401,-0.21286104151452881,0.9651986726678824,-5.8802253926565156,24.00242378653612,-7.9367333391603569,0.4633602786903757,0.3425715936208348,0.2777777777777778,True,4
-0.69801528556051984,-0.68155204728931074,-0.21968492884040891,0.69112924866020731,-0.72148703940522296,0.042388838350017992,-0.18739002847068414,-0.12224262270597638,0.97464953620453754,-16.264173440130605,15.639341253293717,-9.0462654798966451,0.1848531507576068,0.1878101640925043,0.6458333333333334,True,3
0.30047885367048421,0.94861320854426834,-0.099224185923701677,-0.94091973792980099,0.31184780482629548,0.13198861086902974,0.15614898421375367,0.053702208524141537,0.98627256249408213,-12.812072806953982,-13.237976440823495,-4.2061605824505204,,0.5082502975081755,0.4444444444444444,False,2
-0.9697171313261479,-0.14263420864654391,-0.19825278746176778,0.14001131349187568,-0.98977458619841485,0.027259871790533151,-0.20011376091330249,-0.0013232685029133696,0.97977177528932846,-4.3681676923096138,-5.4126869162967912,-3.5775265238967178,,0.0739617662069604,0.2066115702479339,False,5
0.96366863605512043,-0.16432417600776669,-0.21057142508667426,0.20926621996121669,0.95439908482931179,0.21290851570596203,0.16598315898550706,-0.24923874509461938,0.95411196349110472,6.5583899456170061,33.311856806409082,-6.2056996666637589,,0.3614325236019282,0.45,False,2
0.81425786057247629,-0.53307950003543891,-0.22980509815472111,0.5702396124126824,0.80862963222122608,0.14472353757837383,0.10867806094777535,-0.24888624818525357,0.9624160818133185,-11.090057668153337,-10.854666636125515,-4.1325839660588102,0.2930052270686097,0.2396920894140994,0.7279411764705882,True,5
-0.9757284824378335,-0.052085994189731047,-0.21269926602795378,0.077896013387999424,-0.99032692946191248,-0.11482501417721243,-0.2046610360029959,-0.12860646170316531,0.97034748330192144,-10.250576076335205,-2.7865867653635759,-5.1113621411144381,0.1311377205908517,0.1197240175246767,0.3130434782608696,True,3
-0.34945440159697672,0.9281784838976016,-0.12793093149840207,-0.9367809719272896,-0.34349878278364332,0.066708296793712207,0.017973086531300225,0.14315477028623685,0.98953710385454097,-15.511066234388132,5.3328310628014313,-7.6169860974000105,0.3126325748172844,0.1642423623763366,0.6412213740458015,True,5
0.34425121011345522,0.93083259044072086,-0.12264498729601528,-0.92758583503199998,0.3573952712085775,0.10887212115934602,0.14517445706256196,0.076284393496739808,0.98646088028133438,-17.176351132838111,-8.2163661617944523,-5.8515513015934433,,0.1240805808023672,0.25,False,1
-0.85964460487265937,0.50908050064972932,-0.042990663771934584,-0.50226349104005663,-0.85752816037771862,-0.11125124595914389,-0.09350154480855119,-0.074043892505917891,0.99286200607183439,-23.851568159362209,6.1767110058360384,-9.6040517507236629,,0.25133229580665,0.2894736842105263,False,3
-0.91545675540374527,-0.34447610139877982,-0.20802678806044048,0.34384803078982334,-0.93815777069303641,0.040355036987110689,-0.20906329354433933,-0.034586310201695912,0.97729029793558431,2.7727103535973701,3.7922700586717291,-3.2218326624837825,,0.08862682728432278,0.3878787878787879,False,5
-0.96812428532807637,-0.1528049454296419,-0.19845910614090362,0.15008174717821934,-0.98825450496754552,0.028783720664372625,-0.20052640056096183,-0.0019188703957757902,0.97968641953150959,-9.6881783901425198,3.4487467160432805,-5.8896151225413034,0.3968203433571208,0.4613430414494363,0.5232974910394266,True,5
-0.024725547900618011,-0.96253935304822169,-0.27001229808015237,0.99585375370248708,-0.047367544695912665,0.077663485281994432,-0.087543980476558744,-0.26697248836348575,0.95971961631474845,-2.0669117510503323,-8.8845698288848407,-2.5945543036472691,,0.091836798664703,0.359375,False,4
0.93037666310841882,-0.3056726057301315,-0.2023944733667313,0.33458035178187095,0.9336397368243764,0.12795635984205478,0.14985076891616006,-0.18676482519109838,0.97090867084735355,5.3273860184884843,7.8754314198659321,-3.1361414813163928,,0.07099687391614314,0.1458333333333333,False,5
0.39119546921257126,0.90625954981369683,-0.16018655761028813,-0.90806135098985896,0.40839846722668338,0.092926179332682393,0.14963518204630397,0.10910692158783286,0.98270290116372294,-21.869525754894688,4.6129030903908461,-9.048748261483798,0.1453397745440528,0.1153658341714523,0.3846153846153846,True,5
-0.96681484574644272,0.17796054937496528,-0.1833005644029585,-0.17255747879381214,-0.98396420786317429,-0.045148135692620994,-0.18839578168474413,-0.012020004590543532,0.98201962757016092,-9.2715196343704633,9.1702041400953469,-6.7346633171079171,,0.1648098280216369,0.38,False,5
0.094863418417193257,-0.88045001195671635,-0.46455215884938283,0.99215372511931232,0.045444574277611255,0.11647221299777077,-0.0814365862378571,-0.47195610719021774,0.8778527868086875,-7.6112375094086868,7.2024852962658885,-5.9292780535451719,0.5173414526034446,0.2999505472531949,0.2013888888888889,True,3
-0.8024028227120763,-0.50765019341916617,-0.31375307365056337,0.56600796905356943,-0.81401113085770049,-0.13046400962572491,-0.18916841457163525,-0.28227142958728746,0.94049888408610183,-0.65204700105684454,4.7897262690635705,-4.0756303550436144,1.055324031034871,0.5846568952148403,0.2346570397111913,True,2
-0.60424356650659261,0.78508543313581391,-0.13612705467079073,-0.7955907114943841,-0.60386444254744953,0.048817566620197268,-0.043876327549749253,0.13779912084193052,0.98948788278378497,-25.73182167220093,5.7969135987177056,-9.8884418903770772,0.1944179030442453,0.1303424393811741,0.6666666666666666,True,4
0.39850200338991321,-0.88363512865547389,-0.24573382490053874,0.91715460850754538,0.38534554421762784,0.10166727912652269,0.0048556552179605389,-0.26589052438483629,0.96399100185362685,-18.929926198339132,1.7364459783248303,-7.8917904970855721,0.2294472778218861,0.2124840403168286,0.8,True,5
0.75865168416157391,-0.59155529009782759,-0.27296512758241254,0.64762206763041619,0.73038074327697877,0.21709359126485722,0.070945610413276058,-0.34147665894969048,0.93720884105712776,-6.2724677797336481,16.765621048794269,-7.0072655233372645,,0.3840401325160174,0.2666666666666667,False,4
0.37926447432969168,-0.89867950280499065,-0.22030344924580314,0.92528302238814597,0.36755074828861178,0.093582989441138756,-0.0031284168011101038,-0.23933574465728474,0.9709318278528426,0.95964527801935673,6.9034090432984447,-4.0332957218470833,0.2345870875380996,0.1271977176176833,0.5491803278688525,True,4
0.099311596076197009,-0.93445930561488599,-0.3419400722853998,0.99404718523232227,0.077696219256466428,0.076377294040504168,-0.044804022324975018,-0.34748971734858169,0.93661277800407305,-3.0808416005300057,-11.727499371256719,-2.4562052229527067,,0.2129667431246913,0.4285714285714285,True,6
0.84878110566835607,-0.45470945866032958,-0.26983317599070955,0.51207389079584575,0.8340559607932041,0.20525833632408075,0.13172306185937038,-0.31239392194816334,0.94077578226920633,-11.326328971597661,14.96880659193171,-7.9251146332391516,0.3156465827779856,0.3225903243649844,0.6415094339622641,True,5
-0.79814291838244233,-0.54188376188736886,-0.26330565971652092,0.5627203203461858,-0.82663497102081096,-0.0045239092508560508,-0.2152062334260908,-0.15177817131661994,0.96470185228719141,-9.2579064614468312,12.523922248257515,-7.1829969076407112,0.3451211545935124,0.1204476417980845,0.3793103448275862,True,4
-0.97956646661834124,-0.054248013633963379,-0.19366644132019398,0.04439798494843758,-0.99750721023796463,0.054846918380086054,-0.19615900797408492,0.045127802295733967,0.97953311585192493,-20.041445901186979,-17.53581660677645,-5.0748309896790582,,0.3328012048802123,0.6923076923076923,False,2
-0.4449348207783238,0.89278420062786035,-0.070493803757731094,-0.89553768572447179,-0.4441330640319438,0.027533159659843078,-0.0067274591205154638,0.075380319333826884,0.99713216212842704,-13.310407611594297,11.474818243318548,-7.9770552198214881,,0.1286213731890944,0.12,False,3
-0.97994421304987223,-0.026173936496548224,-0.19754560070612159,0.04362977046731506,-0.99546485909791005,-0.084534947980990954,-0.19443709121213776,-0.091458402290079829,0.9766419908090731,3.7098170313353602,-5.0569724609433395,-1.8787902818157098,,0.88333220506065,0.7608695652173914,False,1
0.96289799086099614,-0.17632707564850053,-0.2042944482581559,0.21514023894146814,0.9585771610180096,0.1866668260909265,0.16291757665784359,-0.22369306821602719,0.96094707161634774,-6.5685369189330221,-3.3056784357813287,-4.3185752584576811,,0.0734782952763332,0.3153153153153153,False,4
0.66330624043407849,0.73113486150032947,-0.15958272368932341,-0.72397202213363154,0.68092367475087112,0.11048737634458866,0.18944482724252254,0.042246460948397874,0.98098210685434351,-2.9066221478154466,-0.81784643502672971,-3.8094573508454204,,0.07545237734264695,0.3506224066390041,False,5
-0.20382560115733062,0.9688142976717693,-0.14090415515380972,-0.9780739432018184,-0.19522829367722452,0.072507068465943209,0.042737406829362459,0.1525934794630342,0.98736454467580781,-12.728213810226286,-4.3472158818776299,-5.4848940485504478,0.2293622553116693,0.2316327074818494,0.6416666666666667,True,1
0.31391099064420375,0.93454153624781744,-0.16760670326792865,-0.93922600356092634,0.3314927088657777,0.089258602967999798,0.13897627203139684,0.12940131759915627,0.98180491688311311,4.7467053334411773,6.7928856589378928,-3.1209608422287638,,0.08888787301381137,0.3580246913580247,False,5
-0.91446674243869752,0.35988737206848997,-0.18501798939344694,-0.37231130676365687,-0.92739972250241953,0.03624976632164547,-0.15853979888184444,0.10203349512817775,0.98206634095789691,-4.6348957718177175,-4.0143343865962713,-3.8191811568903962,0.7963365687120082,0.4977072243619771,0.556910569105691,True,5
-0.96047456161736178,0.23991241253722828,-0.1411759568641347,-0.22173932145594116,-0.96599124017015414,-0.13301352275158615,-0.16828633279680222,-0.09645184407306405,0.98100802849350277,-10.119021065430319,13.672378889506065,-7.5015132525230106,,0.1420786949374317,0.2777777777777778,False,1
-0.39309705860930089,0.9040600265804597,-0.16778012651101895,-0.91949595562900377,-0.38622430100007671,0.073198202839321602,0.0013748071211362178,0.18304714599342889,0.9831031747731459,-2.4865688605667673,10.180643187949793,-5.2870979630628607,0.4354334483710893,0.3764931439535639,0.9540229885057471,True,5
-0.67720204867739575,-0.67685883281557491,-0.28854723306016405,0.71160818122784397,-0.70220295290379042,-0.022908717615751639,-0.18711275124036605,-0.22084640221822902,0.9571915612616555,-23.595843510148097,10.759958813031405,-10.008189399129623,,0.07684419733662473,0.3333333333333333,False,2
0.86921782916446189,0.49302068592833254,-0.037295692906515271,-0.44899330542468552,0.81867806524659625,0.35801010763371599,0.20703955454558792,-0.29444325214011347,0.93297255807591561,-9.0560696348371525,-6.3594424280180757,-4.4064396445849852,,0.3786584315416516,0.2745098039215687,False,1
-0.94701493324029717,0.29638612332416558,-0.12376583583828039,-0.27796536992729592,-0.94934825799343292,-0.14653715626425956,-0.16092846032028407,-0.10437025891367219,0.98143205557656177,-24.154067948910704,27.45936792630771,-11.665789697497615,,0.4822066812398501,0.1851851851851852,False,1
0.98242247093684276,0.035289687535333764,-0.18330500962059637,-0.01012174700376286,0.99059378758181404,0.13646061058748132,0.18639645607130045,-0.13220660330700168,0.97353878977988584,-12.58528594204634,-9.6663593635605771,-4.6362529549100957,,0.1112884088973409,0.25,False,3
-0.85367817009123936,0.49789601405437911,-0.15275189392749142,-0.5049402861987381,-0.86311122529779938,0.0086209128558820958,-0.12754955618586275,0.084490070148472263,0.98822696723126124,1.0321418050155187,-2.8785409194329796,-2.7102957309298579,,0.07429588143661489,0.1181818181818182,False,5
0.82762196756515827,0.53776471662353731,-0.16078242552711575,-0.52245811221018135,0.84277687314030725,0.12947842710513488,0.20513263950271116,-0.023157108080522626,0.97846019262716932,-11.452150402843683,6.2419811892384161,-6.7129089571836493,0.6955078333210611,0.3267597644214176,0.2352941176470588,True,1
0.8915827983202097,0.44610650904441701,-0.077904405059710385,-0.42506032209496702,0.88372237108440443,0.19585324461310477,0.15621727279666159,-0.14150531238494729,0.97753384097268525,-0.54515439243124919,8.1830381852204841,-4.5403945946338951,,0.5253210185189781,0.2264150943396226,False,5
0.12667514650982414,0.99187521997134531,-0.011702788706532269,-0.98178473389175447,0.12705321613188558,0.14126647361508299,0.14160559153441354,-0.0064053319460824765,0.98990243366144348,-4.7180604136500737,-12.489807900711105,-2.6536275615287224,,0.3057892572188083,0.7352941176470589,False,3
-0.90661360632603893,-0.3690956370037517,-0.20449982779770132,0.40084823158182886,-0.90472967433710771,-0.14416973195366684,-0.13180464355331012,-0.21267963494106926,0.96819156617846991,-5.3551532472331171,11.839429331347095,-6.1581948619938318,,0.2404522809433315,0.2068965517241379,False,2
0.89547235506851319,0.40520874399138496,-0.18421491552253655,-0.39325054605204451,0.91407955830318532,0.099058412676675547,0.20852642359619483,-0.016261453968762482,0.97788153463341443,-7.1874738286414619,-15.780977753676316,-2.7485413905387759,,0.4893820651997745,0.9572649572649573,True,5
0.78394463849867824,-0.56761068230996181,-0.25149337386260751,0.61257131701741951,0.77306421652837365,0.16470609791661264,0.10093158740811417,-0.28317808963793845,0.95374157097836842,-0.57545593263771577,-3.1074750332117049,-2.9998827982010003,,0.4044898986456666,0.9625668449197861,True,5
-0.97710204879907669,0.091439797907385531,-0.19212066414444687,-0.099970825535170088,-0.99436860535273208,0.035169741691954817,-0.18782284279198708,0.053570888059828875,0.98074091363520532,-9.3635319035364279,-3.8148098235013466,-4.7995161440618759,,0.07964630368828324,0.3541666666666667,False,3
0.67767491241009603,-0.70131921764878258,-0.22115168560621373,0.73163093078335639,0.67327913237902859,0.10682411255902619,0.073979011963189512,-0.23419343470610651,0.96937120904713692,-7.9753703888309015,4.3303554285818464,-5.5642176806631776,,0.08902349228471507,0.5131578947368421,False,5
-0.42547338955671204,-0.88335581385478223,-0.19660849653073997,0.89108742090124016,-0.44684861419336502,0.079306521201256641,-0.15791011079312978,-0.14145254371139762,0.97726944840554419,-11.627650198557443,-8.509829755391344,-4.6688576090288478,,0.06688283438572616,0.3076923076923077,False,1
0.30370564823017215,0.94591934437954872,0.11401523214753537,-0.94263819861830067,0.28091617684404641,0.18033116229029883,0.1385500116879694,-0.16224270558607559,0.97697553641090396,-6.8527877704868772,10.061822141156719,-6.2272460613531715,,0.5622418529076332,0.2328767123287671,False,1
0.4191462354544328,0.89652357907939706,-0.14339423091270251,-0.89232885147042906,0.43592115499529427,0.11714080186268883,0.16752806970129547,0.078855683258957768,0.98270856670730233,3.2321488652837527,-14.389009516355243,-0.79859184379017467,,0.2537005789194194,0.5211267605633803,True,7
-0.97643748282793652,0.1320360787420467,-0.17069363209876245,-0.12341600567401947,-0.99052682270706838,-0.06020882859939182,-0.1770263586930321,-0.037723830773989032,0.98348288288084684,-4.9387437055044572,2.7171691732945993,-4.7195749680052836,0.4735666059858094,0.2677480696866757,0.4746227709190672,True,5
-0.90440571913595957,0.40737086098977177,-0.12688292560711317,-0.41043704059526098,-0.91188637511601922,-0.0021620789002947949,-0.11658357903912692,0.05012205596560243,0.9919153434664717,-4.875875548830483,-8.1608428535423467,-3.237104601438598,,0.1404814020361123,0.3333333333333333,True,5
-0.91481611139803198,0.36740581511900938,-0.16770345656342001,-0.37688782792022352,-0.92584901205537273,0.027553076809412165,-0.14514491893331491,0.088411390062738765,0.98545237257566853,1.0370672467339903,0.85444960644736312,-3.1563012111604123,,0.06627483895203727,0.1868131868131868,False,4
-0.27530089479489189,0.95666723705076584,0.094853649791593386,-0.96096806788446165,-0.27665673955036058,0.0011920435265776325,0.027382290472809205,-0.090823157922515524,0.99549051434629188,3.8907772505770875,14.305723698678092,-4.2998526112502411,,0.5416118833798889,0.3111111111111111,False,1
0.54630605804363086,-0.78724360710971697,-0.28600208742194827,0.83754979649348704,0.51660763980689861,0.1778394919214096,0.007747860256129141,-0.33669578191303251,0.94158160618367193,-0.019217855822215579,-10.88408041050179,-1.8784315454645626,,0.1602388060802659,0.3125,False,3
-0.79550237051460215,-0.53485641093387037,-0.28478869041552324,0.569074640814069,-0.8208893569102611,-0.047903203377204898,-0.2081586694999471,-0.20017313354793242,0.95739264929161327,-7.8109563203681951,-9.8988383104368332,-3.6634047700074195,0.1891267524415009,0.1351473109745771,0.3333333333333333,True,4
0.7280634485265417,0.67968619368382366,-0.089164415745495593,-0.65264135348244734,0.72705916404506965,0.21317653647313908,0.20972095423261583,-0.097013659314965847,0.97293651964662142,-2.8697677800278401,22.75329832831326,-7.1202966062340209,,0.2389206858505568,0.6944444444444444,False,4
-0.58480591156040918,0.80376178262162157,-0.10940311970374339,-0.81009791196703684,-0.58563682672032158,0.027764729705123586,-0.041754267214806157,0.10486421689911554,0.99360962011420206,1.8237480095536953,14.910101087125456,-4.8637776928191849,,0.1929349473299758,0.3928571428571428,True,5
0.98326156860179792,0.039764613109867661,-0.17780737682940728,0.0023852897485098059,0.97300041513099944,0.23079103654110755,0.18218396774564985,-0.22735207872180474,0.956619064307902,2.6404135239778128,-17.984698400964525,-0.52324761876664527,,0.3418847737164314,0.2,False,3
0.94872964703936324,-0.24883493087644359,-0.19491853171076925,0.2724092832123457,0.95644702781761826,0.10489168412501435,0.1603285353525776,-0.15261146796542263,0.97519459627150173,-1.415157652115949,-6.7950365834432143,-2.8112643156386747,,0.4304329982891746,0.8970917225950783,True,5
-0.4934853464854741,0.86037703445342584,-0.12737178411736635,-0.86945210610112211,-0.49185432028859666,0.046177514114189772,-0.022918289648995296,0.13353159251118046,0.99077952431456373,-13.229604676764493,3.9263755478489872,-6.8482558040913784,0.1482817593006876,0.1306717969530048,0.4885057471264368,True,5
0.94938696407693635,0.2545694920853071,-0.18400751653181815,-0.23560512298383329,0.96455633352198855,0.11883309928800059,0.20773689721508637,-0.069465481802459247,0.97571508565431186,-6.6934131078892074,-1.3916822089969134,-4.608630190935779,,0.06637435445941774,0.2670454545454545,False,3
-0.64014447631443161,0.75756448705849355,-0.12771490669426094,-0.76591337368808254,-0.64228175211280736,0.029169417351772059,-0.059931239348623398,0.11649119645150735,0.99138188792182091,-9.0565912547707619,-10.260066680661385,-3.8210784765954298,,0.259922915378403,0.2777777777777778,False,2
0.76227595614954635,0.62997627309061299,-0.14854380505143094,-0.60306548377395419,0.7746216923159801,0.1904553912967939,0.23504763125116296,-0.055597923849634329,0.97039243706184586,-4.2521419108032834,16.013091642646234,-6.4710451757555054,0.2789689150599979,0.2868044695084078,0.375,True,3
-0.81265704399214767,0.5604900382571304,-0.1594974791790337,-0.57230799397237364,-0.81919237619340446,0.037247963997008485,-0.10978200619984713,0.12155150266913804,0.98649538433467188,-4.3032903931019382,-1.0066339697465194,-4.1113522717738133,,0.1559060845650027,0.2129277566539924,False,4
-0.92250515106598341,0.37243872354071239,-0.1013589831445319,-0.35581577905413464,-0.92233261196043803,-0.15065750658475871,-0.1495973851136041,-0.10291720031949059,0.98337616009621209,-18.425389965025854,-12.837966612671883,-5.4178126736213441,,0.09416643357761148,0.1111111111111111,False,1
-0.38550552842333574,0.90626081322323304,-0.17342671642803206,-0.92270552560087815,-0.37863985079633811,0.072431874299470067,-2.4096726488176401e-05,0.18794467751147165,0.98217961575999735,-4.5303833847700492,-2.410060855826476,-3.9944752471821228,,0.08408368119618512,0.4685534591194969,False,5
-0.31754388870111022,0.941607476823629,-0.11198767047500488,-0.94822403784343445,-0.31455699720778585,0.043875614679643939,0.0060871014836727314,0.12012183439101465,0.99274049584877277,-4.7201424661631162,17.511025700908018,-6.782920398442811,,0.3057677881912962,0.5826086956521739,False,7
-0.57821333125058538,-0.77894194080046975,-0.24273194356347028,0.79567520044124074,-0.60416521627679065,0.043420811185553021,-0.18047248811631506,-0.1680292959671548,0.96912116720763553,0.65930724293994192,-4.9343933350784157,-2.4892864682219997,,0.146250395668457,0.5151515151515151,True,5
0.75921929572468738,-0.61436725096524825,-0.21479977174269457,0.64408059071959611,0.75666556785074801,0.11232724997702592,0.093521407483025398,-0.22362937948871764,0.97017712144323676,-0.72081970295445663,5.9035681883880367,-4.32036315204284,,0.06584376901052572,0.2523364485981308,False,1
0.077808038971220073,0.99419421970607058,-0.074322019445730331,-0.98891514764234001,0.086420961065922425,0.12074041681215127,0.12646240482840257,0.064103595776530034,0.98989796907233674,0.026095273351847914,2.9868969995807917,-3.6528179735869162,,0.1051765632652805,0.2208835341365462,False,5
0.93937376421653707,-0.23445991321501317,-0.25021087146017962,0.27970389930164674,0.9460428034463747,0.16361156060247889,0.19834984198911876,-0.22367736394756793,0.95426714133955093,3.2675561869537217,5.6138950548776432,-3.3075280314851412,,0.1679170211344199,0.1788617886178862,False,4
0.58188445928255594,-0.78102844971930185,-0.22672678883297559,0.81202961855308031,0.57336215444735728,0.10892078975119794,0.044926324554625821,-0.24748818270081058,0.96784876131834952,-16.650937030989599,5.6169630034281681,-7.9352658701905705,,0.09967044333268822,0.2857142857142857,False,2
-0.068802850565840498,-0.96109260498732096,-0.26752041490828615,0.99294633094443185,-0.091926301979431177,0.074880831114368537,-0.096559575485845858,-0.26048139980250684,0.96063816743814656,-1.7222590586351176,9.7180168432064331,-4.9912759770799315,0.3264066402073462,0.3303126793129473,0.8132387706855791,True,3
0.46393658274556476,-0.85791067559355261,-0.22079882221828848,0.8856583136009496,0.45461640012553772,0.094516031901581116,0.019292452925729675,-0.23940175738601543,0.97072890130076828,5.8223560313101208,6.1895857946321691,-2.793559781897923,,0.07310500432579539,0.2127659574468085,False,5
-0.85873136579577714,0.48683769654210074,-0.15990465479185514,-0.49766199848243758,-0.86671084785725139,0.03383550609984981,-0.12211869907998268,0.10863408043587423,0.98655241112820047,-6.1878302518850363,-20.614085997959098,-1.9229296949432453,,0.1009837449954388,0.5,False,3
-0.45178784437510433,0.88094833334122302,-0.14077562877933758,-0.89203383429485472,-0.44834266787878368,0.057135721160706893,-0.01278210264846795,0.15138984821531448,0.98839148706837188,-21.22682949845132,20.62168611188536,-10.506108069724293,,0.2913500127391289,0.5833333333333334,False,1
0.94814651614402778,-0.24597699952399127,-0.20127965527871711,0.27424123990857185,0.95325088853202844,0.12690345088416249,0.1606546801601309,-0.17552224707447855,0.97127854631129018,1.4335285776651754,-4.088273130680883,-2.451629782404769,,0.3677078362484365,0.7313432835820896,False,3
0.53454227376244179,-0.78869113651339162,-0.30369532223281726,0.84470820197318086,0.48707361564952345,0.22187236524032727,-0.027066789246522616,-0.37513408819156424,0.9265753098354006,1.4107175113004731,9.8126154397451355,-4.2808501932220482,,0.5204254181216942,0.1296296296296296,False,2
-0.1466194768563302,-0.96088452044783745,-0.23495460704167376,0.98373151811758663,-0.16656199407054245,0.067300835012014712,-0.10380283844118056,-0.22126463905237082,0.96967362047060934,-5.8454685859566498,-1.099625307334104,-4.4565797433617744,,0.1483662480510177,0.3190789473684211,False,4
-0.33818098108900546,0.94108081689199119,0.00072118484456717979,-0.94098486106393409,-0.33815725938989921,0.014041337913493136,0.013457907644438952,0.0040698894106210026,0.9999011554758892,-35.360890315689822,15.361310791316612,-12.652820925323391,,0.2164752558563544,0.3846153846153846,False,1
0.99128102747867641,-0.027934165315238828,-0.12876958868056682,0.056372294571200875,0.97322455681421138,0.22283654641589129,0.11909697294893445,-0.22815267787585758,0.96631375164202105,1.6039849995646431,13.063385983651221,-4.7517187020088762,,0.2640204385456423,0.1935483870967742,False,4
0.70544749379540717,0.70166713716299411,-0.10003530438433797,-0.68008383037827724,0.70986974667122871,0.18322370594149778,0.1995740893898543,-0.061222311181578781,0.97796830800276757,-1.694436566404107,-15.75879710479499,-1.6347166555183714,,0.6126435604850028,0.7254901960784313,True,3
-0.9810576374923442,0.068238209783284778,-0.18129936195009685,-0.074846640387708802,-0.99674806317978315,0.029854295671208959,-0.1786725841885454,0.042858432926594157,0.98297470078657823,-18.944683680126765,14.529745729240458,-9.4847020719136026,0.398110017601939,0.401715138858833,0.9152542372881356,True,5
0.79262737265960403,0.5824842721673037,-0.18014971770297009,-0.57480947203593291,0.81242443999264491,0.097778321525833767,0.20331236796738442,0.026049990026179012,0.97876732630954255,-5.771716690917021,-8.1630881215430051,-3.3875956428356262,,0.3952957894010771,0.8866498740554156,True,5
0.81401768210973213,-0.49318441845635264,-0.30682950087070837,0.56795163790300407,0.78649973218640146,0.24258835148047289,0.12168052521251713,-0.37173552515543562,0.9203295872248255,-14.53013310243522,11.858560824427999,-8.326491646025973,,0.7513043192683801,0.2247191011235955,False,2
0.83076809761906145,-0.48767629521024963,-0.26832107458865895,0.5444299859755346,0.81225882395324267,0.20935996102592269,0.11584627032877012,-0.32001161541435041,0.94030431651184732,-7.554225820819692,-5.5710435359401949,-4.1293950662947099,,0.3380002350716762,0.4444444444444444,False,1
0.19373984787661949,-0.91443815591460209,-0.35534170927748754,0.98088244882930209,0.17380092758798005,0.087537758414238429,-0.018289147694088473,-0.36550799796592665,0.93062850294817623,4.8738725947704751,-9.0366254978702827,-1.0640542930701877,,0.2855367083835966,0.1935483870967742,False,4
-0.79796059382305351,0.5837147854502639,-0.15011975203920425,-0.58977648191090981,-0.80755062623441343,-0.0050682791159107066,-0.1241877292261602,0.084492812210026969,0.98865482985442921,5.3015189184700304,-13.85167375713168,-0.46170300152054977,,0.2262043820711849,0.1794871794871795,True,4
0.55097679366197339,-0.79375026837238627,-0.25765303084717706,0.83336953531969626,0.53954632858344831,0.11993738747011276,0.043815413349707476,-0.28080290377929967,0.95876479846837692,-11.773371732047641,-1.0502018784459297,-5.763577560066433,,0.2624676519755804,0.8103448275862069,True,4
-0.92159229928518938,-0.31939571731993999,-0.2205765392237356,0.31977713133183872,-0.9468470360214134,0.034975372115897733,-0.22002322644534394,-0.038302299345425686,0.97474238324258522,4.9651688792122615,-11.535057024637075,-0.7516070083207137,,0.08478164166257791,0.2777777777777778,False,3
0.57098927107911701,-0.78910251057927394,-0.22646960085191828,0.81986304893548445,0.56234163131995318,0.10768691041453105,0.042377273422814513,-0.24716212792801096,0.96804702841098933,5.7914897132237506,-0.25380713096533369,-2.0549380820493637,,0.1367256956480599,0.632183908045977,True,4
