axis_00,axis_01,axis_02,axis_10,axis_11,axis_12,axis_20,axis_21,axis_22,location_x,location_y,location_z,dbh,dbh_approximation,score,reconstructed,number_clusters
0.85475417152800404,-0.45507710981713573,-0.24959994065696064,0.51473045463540557,0.8050094453203267,0.29497856195982974,0.066692318345552115,-0.3806108472778239,0.92232722913733456,-0.77672308704585724,10.155439735721584,-6.9683551263723809,,0.4304693222082926,0.1897810218978102,False,1
0.76351450289170975,-0.60535643692141317,-0.22492040403626012,0.6443792730389607,0.73715927340687837,0.20339999534912029,0.042672665159375525,-0.30023289278167453,0.95291093694014339,-11.874239709836838,-8.6994286016291849,-5.7238261947595239,,0.4441703146866024,0.5833333333333334,False,5
0.49285008190324031,-0.82041930779978101,-0.28984643547454203,0.86991736164338307,0.45751079958980112,0.18419460407437821,-0.0185089351229447,-0.34292277213394484,0.93918123473192616,-4.8636887701935647,-10.68330283710482,-4.4404982464619573,,0.3644520494804363,0.1904761904761905,False,4
-0.52530173728929064,-0.834007078546803,-0.1687906328404527,0.83267346042197254,-0.54467933753986308,0.099896584356195015,-0.17525122855418651,-0.088071631022498931,0.98057656238525592,12.120979119654921,0.56278153145170617,-3.7598568413181273,,0.08091371714085913,0.28,False,5
-0.92247595989597286,0.36323961051758896,-0.13074818838145855,-0.37430500790284021,-0.92446328269243971,0.072549293672460408,-0.094519122260301944,0.11586468100568165,0.98875755937570142,-8.7980831981709091,-7.2749132847610216,-5.4526729077069307,,0.09758389222517844,0.4,True,5
-0.88725705400389543,0.45109484114174142,-0.096376161033921978,-0.45342536800750027,-0.89129052393549724,0.0025763520820979713,-0.08473697992961686,0.045985282842395225,0.99534164887957632,-8.4524335117259959,30.168697883546312,-11.201668909906068,,0.3426315183708145,0.3125,False,4
0.42959869717054872,-0.86823289825854666,-0.24822689977303553,0.90220046398839671,0.40096653667995652,0.15893444951301272,-0.038461437421012948,-0.29222845659594221,0.95557482542554695,-12.48105914607601,2.4530874589918756,-7.347043660884526,,0.1162216411031828,0.2884615384615384,False,3
0.87988639502872845,0.46221445518510951,-0.11026209349218477,-0.44213882816606359,0.88137125654311321,0.16642705539530697,0.17410683062788507,-0.097685748999251767,0.97986953517862108,5.1661322161940593,7.3050571884044322,-5.699242149645686,,0.06988054504057331,0.2608695652173913,False,5
-0.37590704633532607,0.92634552957371019,0.024038559737492887,-0.92532323790167603,-0.37663103730152003,0.043885842140025055,0.049707121367156284,-0.0057464406359946096,0.99874730563111291,-13.889934599852678,-3.2259785381937025,-6.737150181130743,,0.165835753873603,0.2413793103448276,False,2
-0.42208354383193603,-0.88061251646723082,-0.21533016014373516,0.89203538742673194,-0.44578007659366459,0.074518392968369318,-0.16161172483676989,-0.16062913544372673,0.97369396179800083,-4.3455423824964639,9.7754537918068287,-7.3300011085794914,,0.06813137044167192,0.1770833333333333,False,2
0.74159944697317448,0.67083468308232863,0.0033298983337113341,-0.64625895197260919,0.71308222639077357,0.27177767642108158,0.17994340011333015,-0.20370215114084816,0.96235430397346111,0.4279786912254635,23.978231882127503,-9.1069540985888349,,0.2218422243159867,0.2777777777777778,False,1
0.60341285952201129,0.79642087779369308,-0.040083742063260014,-0.78141988249675121,0.60057295690063583,0.16939625343670348,0.15898392435159661,-0.070893644665453864,0.9847325540185089,6.3229640045150282,5.0913384075175516,-5.2222916514893862,,0.1720333046854845,0.2985074626865671,True,5
-0.96924188533310185,-0.20029662301727688,-0.14300849808247487,0.19807497928359893,-0.9797351684025869,0.029754031272300183,-0.14607008693682694,0.00051244807155946884,0.98927411120439146,-7.6935679004365474,9.2292904744348387,-7.7287169668029376,,0.1817888565521225,0.4878048780487805,True,4
0.4796818067677851,-0.8611425667054956,-0.16834145081905869,0.87715069304218185,0.46566669578708331,0.11730809916779421,-0.022627990445782259,-0.2039313812109656,0.97872364118058108,-4.3561061034849091,10.592049709322515,-7.4724512739598765,0.1364165938750483,0.09862556067943194,0.5051546391752577,True,3
0.059242513822248939,-0.97821381234004212,-0.19896748956345037,0.99187843794678865,0.035210986001521352,0.12221845523913281,-0.11254993954800642,-0.20459209127422728,0.97235517548670414,-7.7665220832440953,2.7880877320415558,-6.7452799156971057,,0.1555511153061878,0.7172413793103448,True,4
0.066330857263653287,0.9929610893198515,-0.098124882019812634,-0.99135259056499847,0.076742402404215107,0.10644550179925798,0.11322658060162002,0.090215734603021513,0.98946493756742182,-15.941522914606786,4.6186529552209201,-8.1061411672828712,0.2730543068490495,0.2504957547089102,0.6222222222222222,True,4
0.29487267913529108,-0.92892357523335223,-0.22394440041059638,0.95359168368354286,0.27113119379568323,0.13096097342534219,-0.060934423023125454,-0.25216833093513846,0.96576297763179175,-7.9420484884365035,-5.5816698039681452,-5.6018702168463284,,0.1773178703148961,0.1206896551724138,True,5
-0.66589645882148962,0.73471992964871136,-0.12949336317353816,-0.74596362764308688,-0.65826845596617811,0.10109849708809437,-0.010962315565957323,0.16391847015177285,0.98641297780419346,-13.312259684869808,-5.2174976930528434,-6.3656925791511707,,0.2591265117096093,0.841726618705036,True,5
-0.38359676829817074,-0.87561486600902472,-0.29351682366637477,0.91548093488184157,-0.40234318888103177,0.0038231176953638646,-0.1214420735127235,-0.26724252054087616,0.95594626313192443,-2.7299001793137752,18.649009791361085,-8.5092721627928345,,0.3305036680250587,0.1730769230769231,False,2
0.12135839284004304,0.99139954509644101,-0.048980429457615146,-0.98394898491703398,0.12665698774949144,0.12570760730745142,0.13083017835354735,0.032938570655021177,0.99085746452009138,24.352459074839832,14.29414379039852,-4.155686489826862,,0.2983764558876486,0.6538461538461539,False,2
0.73514175108524582,-0.58137358245844251,-0.3486708525683726,0.67719671249345614,0.65342990338727625,0.33828090981808412,0.031164377089470022,-0.48480317550396873,0.87406788215898557,-8.1672147573637019,31.498332537665725,-11.294390278143098,,0.2652673978433259,0.16,False,1
-0.6935202171139897,-0.6938404614084307,-0.19394618471808356,0.69791543530737998,-0.71382279741699994,0.058060821966966693,-0.17872815562712946,-0.095091682077379308,0.97929250910329124,6.0053650857579752,2.6367111216078896,-4.8936803184052957,,0.0980920078039571,0.4020618556701031,False,1
-0.59319712307239048,-0.78246385470655555,-0.18938714121185027,0.7880640031303775,-0.61245902239331707,0.062040896666203348,-0.16453662251536344,-0.11244670722960552,0.97994052772831886,1.3820976502326809,3.4171585125478452,-5.6304700573174884,,0.5214277814737519,0.2011494252873563,True,5
0.96475408074873936,0.24118695358408754,-0.10525405977672177,-0.20640949441380349,0.94165864029131907,0.26584605654502813,0.16323199531492744,-0.23475063063926277,0.95825229304185644,-26.876239621409095,-9.6361186330436261,-7.5801983688573547,,0.207962873251522,0.4285714285714285,False,1
-0.75960199967210362,0.63577347646266213,-0.13710174587043811,-0.64916688670757938,-0.7540512406505252,0.099945383464133716,-0.039839117667570687,0.16492062666623719,0.98550191861989056,-11.876149586003004,-6.6479145517838454,-6.008217858360152,,0.2033104846830725,0.6666666666666666,True,5
0.0064502562011237762,0.99962345931972441,-0.02667084124296927,-0.99222611174888564,0.0097127824797610222,0.12406854968197767,0.12428088090542476,0.025663231171632522,0.99191514818920046,-15.410515432550866,28.143825920402467,-11.790465073181011,,0.2447697762670323,0.4285714285714285,False,5
0.17426200991458798,-0.88858617366909232,-0.42431988389026543,0.98108630397030294,0.1197960517248059,0.15204792058110181,-0.084275833205121484,-0.44279060283080535,0.89265562563752077,-14.988433314269018,1.692028217442008,-7.56988581234038,,0.416707324177888,0.15625,False,1
0.41057914698555226,0.9107545911976106,-0.044168299413601342,-0.90343034750900431,0.41287944458421999,0.11551697468158574,0.12344379798262958,-0.0075258788390055453,0.99232302698633612,6.1326531602503254,21.243366169620479,-7.8456193165543802,0.2694774734351042,0.2634202102958587,0.782608695652174,True,4
-0.98423157240068548,0.12165742826881287,-0.12840436922742665,-0.12142452790987067,-0.9925535636302768,-0.0096699196844533264,-0.12862463182275671,0.006073999658987056,0.99167475041800046,-9.2928784748673703,19.197878066830224,-9.5139522973998414,0.2144935628225027,0.1212234056904087,0.3142857142857143,True,5
-0.62899278762486643,-0.75107710591350496,-0.20062715192239972,0.76263332885547275,-0.64621425514001829,0.028240789164830429,-0.15085913573503107,-0.13524170002785946,0.9792605392533974,-5.4447079920685466,11.793106042965135,-7.8281404974367019,,0.2021229914603923,0.25625,True,4
0.87180567841040235,0.48401305760319174,-0.075407023286866687,-0.46124901524860495,0.86294772613936799,0.20632636254993025,0.16493697288227649,-0.14509507924289688,0.97557327400658522,-7.0541783593247214,5.0970489926630789,-6.9753456031822951,,0.4113625143067637,0.873794916739702,True,9
-0.96538343437581997,0.22573600522748014,-0.13068313042120555,-0.2185837986795478,-0.97352262557708946,-0.06689409872559178,-0.14232339086589296,-0.036013239696385077,0.98916484924354497,-15.938491370103076,-14.92606831011239,-5.4158586627911172,,0.229529155683213,0.2352941176470588,False,4
0.35773270988038713,-0.91302832745289519,-0.19597597186952226,0.93236526642570061,0.33749404497196789,0.12958695756669203,-0.052175839663268476,-0.22907868272065024,0.9720085590561458,-14.101080058030039,-14.922729359501234,-5.1732853950225737,,0.06787850525459108,0.3636363636363636,False,1
-0.96168890311916078,-0.21275746991682445,-0.17288352325209205,0.21949260960317815,-0.97539674491926731,-0.020595735735446791,-0.16424812920411583,-0.05775334618434734,0.98472691801202372,-13.700454986516455,4.9973205598557309,-7.9024863550702342,,0.1407731890942784,0.2,False,1
0.14655860931145592,0.98215466833188481,-0.11786764403591518,-0.97974154565102212,0.16056264879265864,0.11969185242960795,0.13648105275838726,0.097937956311996671,0.98578957133426393,-3.9294669532002668,-3.9856832273945537,-5.2805260575565507,,0.4068630637322109,0.8146453089244852,True,5
0.34280864094179175,-0.86085007073895825,-0.37605769690882707,0.93806123382990791,0.29228664459271114,0.18603666030716653,-0.050233029782720047,-0.41654012183877764,0.90772846689821507,13.042845524723889,8.286908656745327,-4.7786133951919432,,0.7110872864062624,0.3484848484848485,False,2
-0.13914994583210186,0.98612263736229344,-0.090550740784146988,-0.98703570587585665,-0.13072840249812062,0.093116057189073731,0.079986298208334597,0.10233390866142072,0.9915291035753836,3.1611593199193599,11.484767977347706,-6.6513841173811681,,0.2129701878291993,0.2166666666666667,True,5
0.64694992495435688,-0.71786670806535124,-0.25714428644822424,0.76042082659449817,0.63244713137224151,0.14754928837633016,0.056709444388840076,-0.29099487189714679,0.95504241971059634,4.0954560962886477,5.8176720628601117,-5.6304916436061312,,0.1310250526683215,0.1886792452830189,True,4
-0.96627952309860898,0.21745098525877526,-0.13790921742332191,-0.22764434970091027,-0.97171373915490111,0.062852678438163556,-0.12034090447381066,0.092127510264792475,0.98844857659001972,3.0423072459107887,4.6503213235824177,-5.6124940247779724,,0.0937069895673371,0.1625,False,5
-0.91313820190805295,0.37974826319399652,-0.14822240322324004,-0.38843054878529309,-0.92086153644354973,0.033700733956149601,-0.12369451477929727,0.088347537033978157,0.98837967386705494,-10.571994202790131,7.2712559578360825,-7.7929738382387717,,0.3633410520051714,0.2608695652173913,True,4
-0.94289548256899514,-0.24550116886799606,-0.22511615898337309,0.27891747559500019,-0.95137740964240913,-0.13071368034681741,-0.18208006689006914,-0.18603816948826701,0.96552402804630444,7.3520579973184885,36.295307874524369,-9.8540327296540688,,0.6977940568874696,0.2096774193548387,False,2
0.66982632321319224,0.73104249378405595,-0.13003679868669024,-0.7202094374552962,0.68226676996088986,0.12573949581360058,0.18064070120274722,0.0094301054671240836,0.98350394517757622,1.7067175852553109,10.190667686383946,-6.6551289601609769,,0.09757646188849418,0.5436893203883495,True,5
0.93296631403351171,0.33755269234230273,-0.12502814391642217,-0.3175095421859051,0.93533987616629644,0.1559711725740196,0.16959229787823438,-0.10581822123661119,0.97981679744465511,-20.989071058788795,2.127231198524667,-8.366958914311061,,0.4071885271214287,0.84375,True,3
0.95114047368686727,0.28853009272263741,-0.10991899248168055,-0.25957340625146452,0.94001253287480779,0.22135511018564874,0.16719284100024634,-0.18200775706478778,0.96897870476420267,16.865943158897664,23.10600244216656,-6.6791144503296414,,0.1685994947212587,0.5,False,1
-0.32728792738922402,-0.91920409631917233,-0.21896675979545194,0.93245123318388201,-0.3517042341772596,0.082697215162571669,-0.15302715549575929,-0.17711002504612922,0.97222154301837782,10.954990087656528,0.11729694598134488,-3.8207013034447073,,0.08246767340596126,0.2368421052631579,False,5
0.98773341144331195,0.066112622453867578,-0.14146317213617834,-0.047338170277367218,0.99009323745236488,0.13219106923649174,0.14880122833279516,-0.12387292804874009,0.98107782165498147,-12.405156628684951,0.3472780000191461,-7.0502568829728025,,0.079304806125099,0.25,False,1
0.69262648800424476,0.715034664886397,-0.094836575885592717,-0.69663685738012537,0.69722521073488719,0.16903873655240947,0.18699100795077955,-0.051014052245339045,0.98103615092363505,-7.7693649078977387,-13.467005820307197,-4.4717856454237825,,0.1373692049244047,0.456140350877193,True,6
0.63781389791005794,0.76910079743487569,0.040956013207064101,-0.76237580705851016,0.62289315518038413,0.17546294777334626,0.10943747276259681,-0.14313658028074139,0.98363375244085227,-9.1326836235015847,0.43687630775447606,-6.6075641185684191,,0.1820739767736709,0.1702127659574468,False,4
0.83353725268869017,-0.51114914147293511,-0.20962395748499649,0.55230560407397566,0.78004785956774259,0.29408137732992157,0.013197275804923247,-0.36090426979361734,0.93250948518289301,-17.157103519276337,-9.6626642230802133,-6.3178269704869789,,0.3192541788565815,0.1428571428571428,False,2
0.93016083764390312,-0.33506154242253228,-0.15011521875888043,0.35641601153218233,0.92219015791858716,0.15010975771608945,0.088138770340209616,-0.19312968551604229,0.97720646832457614,-13.975966013683955,7.5816474045205435,-8.2982414406884981,,0.2364939543054068,0.8651685393258427,True,5
0.88902247143236057,0.44577874082011132,-0.10450052402324653,-0.4046975349191983,0.87179881606184573,0.27601943689437547,0.21414703014195965,-0.20309637748123394,0.9554542955763915,-8.9016833578261938,-10.222307929655852,-5.0575727605510723,,0.3038466268029959,0.21875,False,4
-0.63780953459399214,-0.72672786440919535,-0.25507961241981802,0.75032547284247175,-0.66102991282702672,0.0071511643537597314,-0.17381220436067105,-0.18683164999309781,0.96689360954354253,-15.469557408551317,-11.901213053482559,-5.7786250652054019,,0.1939271457925986,0.4166666666666667,False,4
0.96678683624962869,-0.15250259495921176,-0.20510039440512781,0.19699517554239995,0.95590140587670791,0.21781965718445018,0.16283769240397442,-0.25098896544198701,0.95419517141877663,5.5653592677843591,9.1878045503985888,-5.9489340060867013,,0.4359867097841367,0.36,False,5
-0.65465957723155177,-0.73368760689693213,-0.18199816874039579,0.73485909085997692,-0.67413707741502105,0.074305567993124516,-0.17720878792952915,-0.08509815709041875,0.98048730187614375,0.99005626359743637,9.5513304422526577,-6.6196731996846765,,0.07954583651772665,0.31,False,1
0.4737329829257359,-0.86542149763586584,-0.16316461723663778,0.88016075320988418,0.45897215472976061,0.1210851340657864,-0.029901662115896219,-0.20097311415314928,0.97914028514319207,-2.2044295008752304,-7.1045002120887712,-4.6269757672863419,,0.07641422105546766,0.2476190476190476,False,5
-0.91603573601498989,0.3889230467730867,-0.098068313089482342,-0.39017020031952598,-0.92071678554660463,-0.0069148821646040359,-0.092982499031260768,0.031929054190011331,0.99515566137787437,8.5670804016007089,1.2443425297633159,-4.3097094805847425,,0.775468714664939,0.7976190476190477,True,5
-0.22593898729029505,0.97146707592874415,-0.072133864506833914,-0.97305291494298785,-0.22156729334619774,0.063843239580972641,0.046039100156165275,0.084614744020733962,0.99534955987889739,-9.6086499731160533,22.162420761335696,-10.057844748776603,0.3053989213446671,0.1265403291001183,0.2352941176470588,True,4
0.98320427491768092,0.081385585865001081,-0.16335770626759466,-0.035500553940989117,0.96325542285687082,0.26623054108557098,0.17902252498912563,-0.25595971704595144,0.94996608297153251,-11.375915676332129,-12.489657156573672,-5.1319375256629813,,0.3283886506783952,0.1764705882352941,False,4
-0.1280227007637062,-0.9625701791522514,-0.23889085017214085,0.9836239023506923,-0.15404394185748502,0.093565392648149906,-0.1268629449979829,-0.22300025601736306,0.96652815737702569,-9.9747206994261468,-1.2172571039139519,-6.4560298388223094,,0.5164076499109971,0.7981481481481482,True,4
-0.83932297527241917,-0.49848210196992204,-0.21691596805099633,0.51322058365123446,-0.85814624338155931,-0.013771618888229462,-0.17928071758150366,-0.12288457586599148,0.97609313352655813,-6.5379028322025121,25.400357857059969,-10.213393324794801,,0.1734160165584042,0.2,False,1
-0.95772005255906245,-0.21431248517500787,-0.19194389707510379,0.22217895428535606,-0.97479697541171484,-0.020183384276121014,-0.18278077907409104,-0.061975926183348878,0.98119833437220216,9.4154502947547627,22.997056925874706,-7.7650599944692509,,0.1927093692069244,0.1666666666666667,False,4
0.83955117212222963,0.5329363565036177,-0.10551146527672106,-0.5131972511841828,0.84169217173510835,0.16787754291994267,0.17827622041425059,-0.086793593983009149,0.98014512256008479,-4.2223094474487386,-1.2468342714953295,-5.6651316286521851,,0.0834857906821769,0.4200626959247649,False,5
-0.81190657203444905,0.57517450031627038,-0.099910021885688122,-0.58137353302108497,-0.81216763592515351,0.048872755788158792,-0.053033323390596299,0.097765154025737197,0.99379547255382106,-4.1251991159299131,12.16654237231384,-7.6949448840918002,,0.07025635496524003,0.1639344262295082,False,2
0.98945572409018778,0.0025918779947448354,-0.14481247264522101,0.01878207949822024,0.98910113763337404,0.14603483496100503,0.14361268591209153,-0.14721488274228867,0.97862310147691145,16.355689530583852,4.7240599736022375,-3.7837641190034361,,0.1193073486563288,0.4473684210526316,True,5
-0.97996733013980797,0.14384826059392261,-0.13773782988982988,-0.1520609204765421,-0.98705284207470079,0.051031004458884685,-0.12861379522618693,0.070953258391414753,0.98915323726971549,12.703578303979178,6.9233587948153321,-4.6342465608980685,,0.1572514058555288,0.3269230769230769,False,3
0.9730876293776658,0.18774203538244388,-0.13361659216808602,-0.16971461609049704,0.97612567077299839,0.13555671854696216,0.15587627990624675,-0.1092318772539516,0.98171838240616027,13.085987253700155,2.1549341600788559,-3.8554048400442005,,0.0738237706931359,0.3214285714285715,False,3
-0.37048593857696516,0.92832780120723191,-0.030784132641529863,-0.9269550966959671,-0.36742247360366848,0.075861548892255437,0.059113602716428106,0.056641145792680342,0.9966430467209294,10.674530258023587,19.301958402052417,-6.9186941500814481,0.5072403391518072,0.3540020804876846,0.6153846153846154,True,5
-0.86419944493140821,-0.47313126994387678,-0.17119030574638089,0.47055536850320534,-0.88046495560125415,0.057957804745294786,-0.17814871471065294,-0.030467414714337948,0.98353178499099192,-2.9852237090094436,6.220613217642768,-6.6166809424573634,,0.06463872197703295,0.1671087533156499,False,3
-0.45899752895693552,-0.84737460361721939,-0.26697855635984336,0.87293279297741022,-0.48603888077829793,0.041887293018719893,-0.16525618704328013,-0.21382817287798761,0.96279172468793939,-8.1267307970679532,-0.61210164708898984,-6.3294876159927327,,0.1056486949448157,0.1451612903225807,False,2
0.57847220399090937,0.81555774235721834,0.015345295405962689,-0.78700135750752798,0.55307335140915015,0.27338385329488429,0.21447324423155362,-0.17022172846686584,0.9617826109191957,-15.39253814137966,30.633002495816132,-12.125144653878186,,0.1531613525251712,0.1818181818181818,False,2
0.66410344118447751,-0.68932129968557643,-0.28948707260725992,0.74752791001794461,0.61893350172544248,0.24108783500227415,0.012986267790909389,-0.37650692721604412,0.92632277884503822,-17.666332525273269,6.8349890334149812,-8.6553458066695708,,0.4601102929357538,0.2083333333333333,False,1
0.56920161633556721,0.82206663992781814,0.014695559831645333,-0.80462467418799011,0.5532711458645535,0.21556941536682667,0.16908179573463578,-0.13452686970085881,0.97637793281067131,11.975135577797166,23.118774747259089,-7.3714402149270351,,0.1787763315874307,0.25,False,2
-0.11563641633862001,-0.97564170452495291,-0.18641749812720323,0.98526342843130266,-0.13647673848504605,0.10310226209099384,-0.12603251886777855,-0.1717479672197865,0.97704577167280859,-11.298689859474926,6.4470065936249004,-7.7688377600479948,,0.07218285667052256,0.4210526315789473,False,5
0.97480269456075119,0.19784695452744763,-0.10303537868767593,-0.1741406942080132,0.9636126728737342,0.20279456427105991,0.13940848359353875,-0.17974203532104524,0.97378543603855472,-4.6065858509615385,-2.3769121032668079,-5.5631124699288392,,0.1259736101591637,0.2215568862275449,True,4
0.036257706152137366,0.99131475450135886,0.12641375025089793,-0.98981649849836917,0.018199317410771874,0.14118103323821818,0.13765419733889023,-0.13024531605279749,0.98187956471315441,6.8065376653138214,13.515703443628002,-6.4806040432627565,,0.2787631023520468,0.1153846153846154,False,3
-0.93762509657883619,0.32130334358586071,-0.13275292714692294,-0.33397002773672513,-0.93853601072492743,0.087259252495491504,-0.096556713070925587,0.12615196380987148,0.9873006042679473,1.4934615777557727,1.0877031193392717,-5.2975895463377478,,0.339644153955884,0.9478922716627635,True,5
0.97480478415204308,0.20886893324877018,-0.078290494428179064,-0.15634258008421839,0.89011688585826532,0.42807584276923794,0.1590994357214936,-0.40505024161640041,0.90034530671270641,-14.211527597826333,-5.8736381259952699,-6.4070186619356964,,0.5464044885229853,0.4230769230769231,False,1
0.92960466860844948,0.36158836885939527,-0.071337308660872054,-0.32622060734709452,0.89732946989767137,0.29728763478364967,0.17150882030807429,-0.25308827305658754,0.95211924179577789,-15.938452152256101,7.6144959506782648,-8.5112370357448981,,0.154628525646249,0.375,False,1
0.92307546504929827,0.37290089071590277,-0.094215771117728719,-0.34375695315679539,0.90974795373509842,0.23278706542924255,0.17251910902963372,-0.18249270225981104,0.96795328949362724,-17.250613669199911,-3.4281535206281517,-7.1661720778193372,,0.1524319529661602,0.3333333333333333,False,1
-0.98778974519566676,0.080178029421550237,-0.13357732923050764,-0.074022718175568644,-0.99598043550593152,-0.05043420747185387,-0.13708412191125113,-0.039930635951492918,0.98975425628401792,-10.804944434455161,9.5799624287644178,-8.1641362675684839,,0.1467871574490943,0.1666666666666667,False,4
0.46694983087296232,-0.81729664422025994,-0.3376152407608603,0.88369138665441016,0.41731474449334349,0.21198570041694204,-0.032363383638271098,-0.39733436722080462,0.91710305420095772,-14.263267209079133,-8.795942983983899,-6.0240507685984017,,0.5518228999110426,0.5441176470588235,False,3
0.85745953068758829,0.50218268467805405,-0.1121414483701858,-0.48451854374830267,0.86137135001323362,0.15258170971778842,0.17321932339391277,-0.076498029947976789,0.98190789660590549,-9.3184052279281957,17.900945530593354,-9.3238861868272007,,0.09665862381854146,0.2727272727272727,False,2
0.93918904858348229,0.31647991912584245,-0.13328312650502083,-0.29860717099958073,0.94432588621815028,0.13813898090666807,0.16958092006024816,-0.089939320702381947,0.98140370395832222,-2.0220967205166858,-5.3595771804232317,-4.8407807947041865,,0.1419286519966366,0.4496644295302014,True,5
0.054541850483471301,0.99774370711695304,0.039149475786529553,-0.99470127341730086,0.050870015431619828,0.089339902574314983,0.087146791150563771,-0.043814797026896918,0.99523148078909418,-10.166455412110702,-4.8715553509976104,-5.9855418947034478,,0.3399222670982184,0.108695652173913,False,4
0.88186236779544103,-0.444261477928801,-0.15795728376600759,0.46513059396709033,0.87457632967268339,0.13700282527042715,0.077280623846080199,-0.19428840110715545,0.97789555800871963,10.224962190810144,1.7522219862222741,-4.2033805170838345,,0.08218579988601989,0.2549019607843137,False,5
-0.51107800209489662,0.85727049124741195,0.062342446303543436,-0.85929825747955668,-0.51129174002231448,-0.013684344249992417,0.020143993330196744,-0.060564522794912631,0.99796100029577217,8.8860444980427289,18.912279518753749,-7.0976270823779553,,0.3353737382181403,0.1739130434782609,False,4
-0.59469664067430406,-0.7746310113848851,-0.21513414831571481,0.7829021319887306,-0.6188379368875363,0.064061373668368185,-0.18275709917318728,-0.13033189966239297,0.97448111250664782,-14.530629297088364,22.676131619627832,-10.757337916499155,0.3654679407787603,0.1733437412080379,0.6666666666666666,True,5
0.98669801802521662,0.091999992303907166,-0.13402620132343687,-0.061976815191056661,0.97507350618523592,0.21305053840439944,0.15028604593867989,-0.20191002687264423,0.96780496250246884,-12.836031126204137,-13.083341047491682,-5.2306257904138063,,0.08879554928481316,0.3846153846153846,False,1
0.57017892726082275,0.81338995999132757,-0.11529424917576464,-0.8030275568184384,0.58143793778758235,0.13067772377698095,0.1733283989942406,0.018074774870785376,0.98469821194895202,9.7796216301269272,8.7939190284005289,-5.347728283774992,,0.4753731896686088,0.9791666666666666,True,5
-0.54214146988784584,-0.82376114847246495,-0.16583183317798922,0.82864780174261632,-0.55685108489842328,0.057093694175273213,-0.1393752033002163,-0.1064633247403792,0.98449993051815343,-12.234869546319842,-7.6916923761226164,-5.8838341570581374,,0.2717773796179843,0.2647058823529412,False,3
0.30440437219515681,-0.92944542900723748,-0.20849262021957532,0.9505025260378146,0.28206825503155669,0.13031671995252964,-0.062313130110802355,-0.23784174150263099,0.96930303817474395,-10.845595995354435,-3.6805428971740328,-6.2652365274169908,,0.09305914351024148,0.3492063492063492,False,4
-0.84756157155635659,-0.50249441474104684,-0.17070074860694584,0.4982696569450929,-0.86419623128706147,0.069944426490316958,-0.1826656272776527,-0.025772795410912361,0.98283723557258906,-14.625668395952442,-9.6637229248387015,-5.9266578969322365,,0.1078946063677202,0.7741935483870968,True,5
-0.68373631382738043,-0.70736724582336863,-0.17926581573185479,0.70753672214426,-0.70275092744393375,0.074383605680599651,-0.17859574454925148,-0.075978375298190848,0.9809846311313678,2.7812432627934727,9.5214421043192239,-6.3798727171146714,,0.07409309733030563,0.2947368421052631,False,5
0.58375931710133089,0.81114730176980609,-0.035568448503564276,-0.79318940252445258,0.57909709045746571,0.18840682457543828,0.1734232724298842,-0.081771722834124247,0.98144676571093226,-9.0756722028399857,23.077151292929134,-10.114752505427617,,0.7534388136214092,0.5652173913043478,False,1
0.91934864885719858,-0.34640612619309391,-0.1865498796041935,0.37673366737583608,0.91177369736046643,0.16352513160728283,0.11344516609357054,-0.22061622908915934,0.96874076705405732,1.6765568460225606,12.115119841767049,-6.9785311928660638,,0.7098727678183347,0.8211382113821138,True,5
0.77210781755365288,0.62504100192068357,-0.11477484040730797,-0.60945442721858212,0.77946439244023213,0.14491570674516269,0.18004115978354732,-0.041940515444712723,0.98276455672151053,-0.93430206249449099,1.7728715241706103,-5.7062348821977835,,0.1407140149622841,0.7146118721461188,True,5
0.95764529843756763,-0.22193456920484803,-0.1834680609051092,0.27103137579430903,0.90991126214785978,0.31401192390024513,0.097249553806001865,-0.3504376435378308,0.93152347381919831,-10.81151823425389,-14.132313204441241,-4.8089277448574821,,0.5298341572260581,0.8163265306122449,False,2
0.95726629394495966,0.26236630131988437,-0.12167648256177295,-0.23623696248092171,0.95206192181090332,0.1943455546070364,0.16683327016716218,-0.15729596615759942,0.97335740557920336,-12.35471019059039,15.083058649140067,-9.273856536891067,0.27825262361356,0.252787356579211,0.5555555555555556,True,5
0.12327104229518616,0.98488206000021161,0.12170282667710577,-0.98343050037266666,0.10481127760852021,0.14791567537903497,0.13292366632103081,-0.1379199912116042,0.98148325250916346,-5.7658618448060048,-11.905040232273295,-4.3941853104587789,,0.3161506396921979,0.2608695652173913,False,4
0.39347596226043874,-0.89279220336778975,-0.21931426932351811,0.91828216608034086,0.37026491022122016,0.14022039693877927,-0.043983298898773927,-0.25656573790075432,0.96552550020878414,9.5364687661494472,0.51306360814116159,-4.0497673345973224,,0.07523779940163622,0.2258064516129032,False,2
-0.86382171062311874,-0.47148578542225927,-0.17751959441397741,0.47124737329144817,-0.88078896625329239,0.046224561570297543,-0.17815152377136229,-0.043725862726891995,0.98303106945138297,-24.122671337123208,-1.8286936291717004,-8.2636118186440068,,0.06775605064813632,0.1666666666666667,False,1
0.85522576035493081,-0.47654413599989254,-0.20370219750765556,0.5111350633469891,0.84052022860020648,0.17962931924139719,0.085614518877358436,-0.25774295675725872,0.96241296874025228,-6.6480584393153013,-3.9473370001075749,-5.6013725615649248,,0.1240470598743633,0.2658227848101266,False,5
-0.42003041377341221,-0.87899579605500266,-0.22570077984572612,0.89315037869291292,-0.44446302433349216,0.068811489164475381,-0.16080066090051731,-0.17268181872437668,0.97176341613378248,-20.207686325819655,-2.992705542780306,-7.598288729437626,,0.108973191043551,0.1904761904761905,False,1
-0.97843920824243413,0.14867682261505197,-0.14335940217164539,-0.16246476718979724,-0.98262272691050101,0.089765115612561064,-0.12752221451921295,0.11112056054602965,0.98559134829200534,8.9890134498816359,5.0522244098608873,-4.8569820221320992,,0.1100939994325053,0.5221238938053098,False,5
-0.058065292803487253,-0.92255179695956002,-0.38147949315570384,0.9911758423973418,-0.09888566761616735,0.088272726184397299,-0.11915901652651383,-0.37298767629345647,0.92015287975077398,-1.9528956980206496,29.403093271117971,-10.22250905079245,,0.08976262434564428,0.4285714285714285,False,1
0.71467330650953476,0.68788205705859573,-0.12672939887635559,-0.67570572234707216,0.72579268272683339,0.12902231778884751,0.18073140775788937,-0.0065770264573215553,0.98351049865918072,-3.4731837961355074,15.845769687448717,-8.1801822008945102,0.1909003411126641,0.1509445343911128,0.65,True,5
0.82816766347263193,0.56034128766628288,-0.012488495296609309,-0.53091346424604013,0.79142604835167907,0.30294505025287116,0.17963634003327464,-0.24425898412737618,0.95292619546978152,-10.415591380430312,-8.5536711496753526,-5.5242669255826593,,0.2569646125834839,0.2941176470588235,False,1
-0.65313620160917052,-0.71801960729998671,-0.24054302251430554,0.73622980198664234,-0.67643316838691803,0.020095954138707323,-0.17714056795171063,-0.16396954668110814,0.97043042354768394,-17.760703831480154,-0.078990666785073604,-7.6964644976543521,,0.08455616561398971,0.25,False,1
-0.67467212530344201,0.73090072717811405,-0.10296431590138228,-0.73796286674641509,-0.67079135182487104,0.073822554956964992,-0.015110613553019236,0.12578986178331333,0.99194182290625565,-12.649048369172714,-0.622791726305714,-6.9426622433269483,,0.07680627143423205,0.358974358974359,False,3
-0.96438710003489081,-0.17585787261585836,-0.19756398944472928,0.20875055606363449,-0.9647524924187818,-0.16023680511939614,-0.16242144756594162,-0.19577190046268755,0.96710528711191068,14.858414366092267,8.9893081529594543,-4.6438745783327171,,0.4371538263305941,0.2592592592592592,False,2
0.74541872911112195,-0.64690850592023685,-0.16081139032545802,0.66657340702479551,0.72136876884210099,0.18790154971843154,-0.0055507961335854589,-0.24725793072675825,0.96893379771530586,19.875289609099788,14.506288876845753,-4.847482765321284,,0.3134461510432873,0.4210526315789473,True,5
-0.80043620609084831,-0.56859034277233766,-0.18975484732918743,0.57672236040618052,-0.81680702642458958,0.014751291161871086,-0.16338053429466848,-0.097628395917653876,0.98172068192746831,-7.9396709620514034,16.524237228401351,-8.9203122119038785,,0.3227205207179843,0.4733727810650887,False,5
0.22656827855645542,0.97132155643411211,-0.072119686344142536,-0.96660071863454244,0.23333770272378898,0.10600267554533963,0.11979092572958198,0.045694096927259856,0.99174703610288228,-14.172488326746882,5.8533350278977734,-8.0615965581669045,,0.3654412666090466,0.9219858156028369,True,5
-0.26184305604978814,-0.89890094815960198,-0.35130513716180811,0.95481283680989415,-0.29431002204283441,0.041401178584553028,-0.14060818134643238,-0.32459004347471238,0.93534519992114917,-0.73693364691941465,22.763804348557226,-9.0583887767286111,,0.4254501365267052,0.5098039215686274,False,3
0.57091145784877761,0.8193363640287219,-0.052421654658905373,-0.80266077445970907,0.57043604566298556,0.17417921504047656,0.17261456613137752,-0.057364103658737828,0.98331763493324276,6.6041816611031878,32.409210648042901,-9.5118307601082037,,0.1730666051965907,0.1052631578947368,False,1
0.61427162717880912,0.78268079927109535,-0.10040485294774097,-0.76939954526151211,0.62232233521766789,0.14401128719863315,0.17519905192231011,-0.011210599519578354,0.98446920452797071,-1.0923931256218977,36.620633659632226,-10.979670692511856,,0.3179783580126618,0.75,False,1
0.94853935273146739,-0.25256311085283578,-0.19101039593725649,0.29693405219879176,0.91898325059755259,0.25942234631188121,0.11001483974707502,-0.3027897953324955,0.9466863656343274,13.994509927609471,3.3467679874927057,-3.9139214839127852,,0.4052550655799642,0.5777777777777777,False,4
-0.47838817158986358,0.87687493071673839,-0.047276983442483697,-0.87811689558587558,-0.47722056947604785,0.034223467906969327,0.0074481520882784813,0.057886820170658063,0.99829536765478299,8.5220050345792906,14.413002526835148,-6.4100339617732454,,0.1446704270685671,0.2307692307692308,False,5
-0.8794780373879868,-0.43122576466615414,-0.20140189085573115,0.44174983744260404,-0.89710057477548788,-0.0082243453794783039,-0.17713120242240252,-0.096202383679296885,0.97947416428551815,-0.34391989403719614,21.837932414586717,-8.8518895030182581,,0.07986163212777336,0.2222222222222222,False,1
0.66463726891645414,-0.72498744432144813,-0.18069451110515461,0.7467929028159862,0.65222967561583689,0.12998773230475316,0.023614848526913673,-0.22133606986280824,0.97491162835753253,2.0594094044207223,14.373569303365221,-7.2608481129309066,0.6469471123253769,0.3846478242018447,0.8067632850241546,True,5
0.7515075219884495,0.64950980392444613,-0.1156436725498047,-0.63392248898295533,0.75947862966131596,0.14606330493804393,0.18269844650799322,-0.036458547609530684,0.98249277450257555,5.59210133338983,10.377671194323739,-6.1568526563959791,,0.08393124800638513,0.2115384615384615,False,2
-0.14606700426568564,-0.97079159776809587,-0.19033681716293166,0.98068703675665847,-0.16738988499613444,0.10116107125977232,-0.13006677593563998,-0.17188455458198684,0.97649287436921928,-6.7710760933782081,-8.1202988134870733,-5.0172622543842698,,0.07575340751400131,0.2558139534883721,False,5
-0.8670627671946024,-0.46348273963787834,-0.18271811022064752,0.46229030567329193,-0.88521934259837709,0.051714492844762081,-0.1857143802330132,-0.039629099755904507,0.98180431014902558,-6.7782068989781212,8.2592519357349339,-7.4530905428945262,,0.07281294391313105,0.2982456140350877,False,6
-0.7201770126867123,-0.60435091065594104,-0.34074190700143708,0.67016733269054607,-0.73304395538941181,-0.11628544905311088,-0.17950157824398205,-0.31210020226904567,0.93293764376379362,-1.6580460579724474,25.994201933323197,-9.6982548871376011,,0.2218835013889663,0.1111111111111111,False,1
0.077507935446428713,-0.97653876099864823,-0.20090935321696063,0.99306528249060888,0.05775196506270798,0.10240144160725244,-0.088396066963864567,-0.20745302793312259,0.97424297613413635,-1.8397459059015904,8.337603224515636,-6.8014325713729695,,0.09995342852013661,0.3666666666666666,False,5
0.98980807401925652,0.06726069762363876,-0.1255228073358414,-0.028688233621330533,0.95753939744295702,0.28687155243464979,0.13948821404684081,-0.28034675118459912,0.94970981738753357,-10.685234193101529,5.0646555536247222,-7.4812833252366717,,0.2199928132936936,0.3478260869565217,True,5
0.94666868146432337,-0.25743036423442978,-0.19377310211875895,0.30196053948799018,0.91864367190939933,0.25478154692390165,0.11241992762282035,-0.29970554154193269,0.94738500528683456,0.26357370906672539,25.380339656683535,-9.3418654102002918,,0.3008978672592919,0.1212121212121212,False,7
-0.96380505483125933,-0.20586355979709034,-0.16941077601316765,0.20552606427547876,-0.97845294539554606,0.019719800967883144,-0.16982006119756754,-0.015812286186728891,0.98534822190959659,-5.7410098759652399,15.508400513709773,-8.4587731550609409,,0.08513681498363594,0.3541666666666667,False,3
0.59225922425788602,0.80517438716362655,-0.030384495011871973,-0.78705692045813891,0.58618444468630926,0.19216971865191201,0.17254105378256779,-0.08989996142091794,0.9808912180747259,10.179767589627701,16.499303320675978,-6.4833992948167865,,0.4620960034110771,0.3,False,2
-0.71146616550147457,0.70267300354630502,0.0081575384671893347,-0.70219057003875951,-0.71043120586351105,-0.047073401023938408,-0.027281838194507219,-0.039219278710003511,0.99885812279932784,-10.603442682851078,23.937051952472256,-10.574950952007859,,0.2687489866270421,0.2941176470588235,False,3
0.54706622937046223,0.82979608514720293,-0.11025877632533498,-0.81942219034644315,0.55777281242250543,0.1320483384603007,0.17107254206979644,0.018109301385313192,0.98509199496956301,7.1410910394442775,1.613640998487885,-4.5952294947741592,,0.2347948514756762,0.8181818181818182,True,3
-0.76794219379640993,-0.58050808957817701,-0.27069382135810266,0.61823745690418397,-0.78228044438613353,-0.076287307015522873,-0.16747308400995214,-0.22593730162442965,0.95963800563903645,16.413376135425942,11.971755844015785,-4.9002935744908811,,0.3807105925733988,0.2,False,5
0.58481473209423385,-0.784161912253168,-0.2075616161456712,0.81112848969648932,0.56780847525076994,0.1402287724972533,0.0078931823898985842,-0.25036699224308534,0.96811882889803835,23.486291818134177,7.0496442153907966,-3.0949939498624763,,0.3091284261477134,0.3636363636363636,True,5
-0.60145897846096585,0.79701401704429742,-0.054915879885543473,-0.79858129486761509,-0.60174681478083403,0.012987932425273477,-0.022693891606645533,0.051666503036616698,0.99840651026909522,-8.8334681699867517,-13.945488958422926,-4.5517809798863365,,0.2159119315127938,0.5625,False,4
-0.99122113760660135,-0.0060308408823326436,-0.13207681598269896,0.0091197818960630141,-0.9996985622040081,-0.022795050019869076,-0.13189952971881275,-0.023799447167782695,0.99097734604503707,10.879043984410727,26.536057270986348,-8.1240957664634479,,0.3427377639968703,0.52,False,5
0.22212520090039525,-0.95864808922770495,-0.17791637402170002,0.97259595599034265,0.20499903571449782,0.10969276068801316,-0.068684070323407301,-0.19740627238311453,0.97791270679320508,-8.0505752702170028,18.375584235807189,-9.226089963451523,,0.07461066242810269,0.2571428571428571,False,4
0.98880167337109115,0.051195187466606971,-0.14017954030024693,-0.032852046014610385,0.99094692087088043,0.13017274326515005,0.14557470182412705,-0.12410984165963519,0.98153184023343665,-10.462787186649399,3.2892855471457634,-7.1952928202658706,,0.4501127278780105,0.9961685823754789,True,5
