axis_00,axis_01,axis_02,axis_10,axis_11,axis_12,axis_20,axis_21,axis_22,location_x,location_y,location_z,dbh,dbh_approximation,score,reconstructed,number_clusters
-0.53545408490550717,0.84368871434657977,-0.038448358121255966,-0.83474784905439925,-0.53560253059783869,-0.12777307117012054,-0.12839373605070967,-0.036321928657571445,0.99105790246661873,-12.034043064501468,10.218673664949648,-3.8907923388198626,0.5083603666650075,0.3919641890126557,0.2456140350877193,True,4
0.88991083013307437,0.42665038628427798,-0.16133245890191958,-0.40978413366557032,0.90315052026764997,0.12804726290019675,0.20033890837234136,-0.047839164120522831,0.97855798814808559,-0.76159006780487359,-13.951069440435587,-1.5076259397536909,0.1419389767159968,0.1914021685909255,0.16,True,5
-0.094677365163326296,-0.93752524880798593,-0.33478740175408828,0.9952575195091603,-0.096684208211897729,-0.010706714851490627,-0.022330839352852676,-0.33421336258438489,0.94223285969224968,-4.4306331156294796,4.7661026702158749,-2.1168077324371088,0.3757883750351541,0.2653428216868932,0.2821782178217822,True,5
-0.49604343480242535,-0.80160550083606419,-0.33372073926979118,0.85998927231181488,-0.50660264798385968,-0.061418308054995235,-0.11983055661227923,-0.31746240420734162,0.94066904893107162,-7.7824018198371743,6.2892729695979881,-2.9267774965492412,0.2057075996978166,0.2330858912567374,0.4821428571428572,True,5
0.89733080840102886,-0.31476908021609651,-0.30938300928504292,0.37192745830569596,0.91669553676157711,0.14607963115941078,0.23762867262310994,-0.24614978980555169,0.93965041101787516,-0.25205388914917204,-9.0771966636852301,-1.2357962593126959,0.876723899445647,0.7746345169005074,0.7403846153846154,True,4
-0.8972080803610395,0.41343521042128223,-0.15520627345172056,-0.38703740520178176,-0.90541108867782405,-0.17445001425597767,-0.21264925936746601,-0.096447329061769463,0.9723570358707343,0.052906032910045614,13.162563228735902,-0.59923103680873413,,0.137839372932376,0.3,False,5
0.85018927441165459,-0.45078035730633753,-0.27198394647875046,0.4858673950955032,0.87075791735002717,0.075587854549221692,0.2027586547067603,-0.19641211479696169,0.95932851990467294,-10.289627854304774,14.643184435282791,-3.3555798611584979,,0.07892517231806906,0.1470588235294118,False,4
-0.51285386470417482,-0.7813521143170743,-0.35562590865997212,0.84976301700662127,-0.52091245250717977,-0.080950798333068688,-0.12199888682196205,-0.34371367484462134,0.93111609444741594,-3.355823846287592,-15.487509434035873,-2.1694177905690371,,0.292927982977948,0.3571428571428572,False,5
-0.69019774399055955,0.70377629258490304,-0.16830331008566504,-0.70984329947014391,-0.70365897713257275,-0.031409140358843755,-0.14053314337793116,0.097790459126598478,0.985234724172939,-6.2021403421077324,14.020643335175986,-2.2618996159013767,,0.4541048141681891,0.5454545454545454,False,4
-0.2645314948610108,0.95789831179044183,-0.1115970989570161,-0.96231532510495477,-0.26975538249564851,-0.034369298549335077,-0.063026211172384314,0.098299836641010677,0.99315901990648325,-24.261856785951693,8.5394555171380855,-7.0255220263279829,,0.1470412280432767,0.3214285714285715,False,1
0.9541314327385253,0.22460811037834569,-0.19795051354467072,-0.1889463297956589,0.9646318540100739,0.18380606814204731,0.23223370452430048,-0.13797312412697527,0.96282445103017789,-4.8283163174929662,-15.313451477721152,-2.5664253032345843,,0.170154643538766,0.35,False,4
-0.96469828454709872,0.14081464834526197,-0.22254989239109205,-0.1275895685454401,-0.98915169531624147,-0.07279990145182455,-0.230386895873604,-0.041834895295759345,0.9721994238556817,9.1639952255318295,4.2768488108614173,1.568729736216727,,0.1635824999089308,0.3,False,6
0.53707489135378428,-0.79633774833850568,-0.27820271682440728,0.83568916363582468,0.54718557031547643,0.047027368841819871,0.11477884325509896,-0.25774821475557763,0.95937045760818362,-5.0693585710186682,-11.372113284866954,-2.5518308517662334,0.3079887219456193,0.1371311068240106,0.2972972972972973,True,5
0.78951965973738636,-0.54136535683910503,-0.2891059620669062,0.59867869726491862,0.78302841648750188,0.16867221589300557,0.13506488932858565,-0.30625161124073286,0.94232023552670952,-31.649957510106347,12.613527628913282,-9.0262790185225015,,0.2966192145437137,0.2631578947368421,False,2
-0.95199956502189476,-0.19719039387730425,-0.23412128643213501,0.20832547172709268,-0.97777555654520076,-0.023568174566750213,-0.22427065351447245,-0.071210319373234493,0.97192168634461218,3.7672199898469545,-11.254405503915878,-0.31950277487172635,,0.07882273328417375,0.4444444444444444,False,5
0.70798514560567094,-0.63458114350984896,-0.30994161692720423,0.68664707601778929,0.72114864919380472,0.091980534691702753,0.16514486549068896,-0.27794135724588315,0.94629581808987129,5.722300678748832,-2.2149353960470815,0.42809150787459793,0.8472425374738793,0.6721062058503545,0.1851851851851852,True,3
-0.96191611027238777,-0.052364604568780559,-0.26828221146172682,0.073271829818799025,-0.99495586593141605,-0.068513238163665627,-0.26334129139473061,-0.085561516098193624,0.96090092684393547,-12.968890101811745,-10.06831604535587,-4.4525482836118844,,0.1467012541035,0.21875,False,2
0.49916080691223386,-0.7945942053467332,-0.34562774436107285,0.85702795822507483,0.51156976455855507,0.061639717796774823,0.12783414122717318,-0.32698077132898862,0.93634502589473523,11.951135296543551,-7.572726662410215,2.0137480475666951,0.4809568237638091,0.4838092955016376,0.8518518518518519,True,5
0.80480983436104248,0.5777559731420876,-0.13593809625852959,-0.57023114377491546,0.81620514231080599,0.09298176345150401,0.16467414242954415,0.0026834984700833259,0.98634437477539139,-6.3852817338319152,21.204922558737454,-2.1728027172657729,,0.2221959124844167,0.3529411764705883,False,3
-0.39851409389347275,0.91118923171649957,-0.10450215773925363,-0.91224405452117885,-0.40557963140857856,-0.057584265014347082,-0.094854108814669769,0.072383330887554359,0.99285615848953557,3.0774448338528662,7.7034525821593975,0.0063706824481278203,,0.07197515306238741,0.1111111111111111,False,5
-0.81459687518205015,0.54561323051635724,-0.19682005393034907,-0.5398456124441241,-0.83728140990934397,-0.086755722261139243,-0.2121288421419156,0.035581502297228951,0.97659372874589168,-5.2799012978535034,16.448775244020794,-2.0226635071735077,0.5702052544035532,0.5616792850214574,0.75,True,4
0.71240358108373159,-0.64318910296273568,-0.28069363279039078,0.68075934661142989,0.73052688657241882,0.053825458623111243,0.17043429719470915,-0.2294302635329537,0.95828696355264331,3.4347804497701362,3.352442116670356,-0.041085221358203729,,0.07027648678787339,0.1944444444444444,False,5
-0.33838889139844275,-0.90787560496783537,-0.24749715974617004,0.9374568385166322,-0.3480663993224799,-0.0049454606546384776,-0.081655582151715464,-0.23369139386586799,0.96887599739930264,-5.7647150342744755,-4.2113270724954193,-2.6511874793242431,0.2137509723587045,0.1736939420548239,0.7090909090909091,True,4
0.64547910650089635,0.75864322057311995,-0.088414857061755919,-0.743773805640354,0.65066765539018701,0.15307556392939903,0.1736584265564769,-0.033046423520299129,0.98425133211921401,-8.5956760598715238,14.604944077040587,-2.9116566221721656,,0.6218820984685881,0.4935064935064935,False,2
-0.57015524862250211,0.82120268456577228,-0.023433807419656227,-0.81089292096209797,-0.56711594854870084,-0.14433354300114867,-0.13181677890833851,-0.063290218546598109,0.98925157823202592,-0.87851706727224121,11.48164517360452,-0.93934332637570273,,0.269258542976447,0.2173913043478261,False,4
0.30709053225034161,0.94183966080037518,-0.13650442610273428,-0.94888088532460779,0.3140147367005654,0.031934473542928964,0.072941555150622672,0.11971966621365748,0.99012460380191525,-14.69966936800135,-3.8328721862933608,-4.7839718891191598,,0.6468319769404138,0.1785714285714286,False,1
0.065074269483986466,0.9865893338546694,-0.14968909704893937,-0.99606628751962045,0.073262158083144319,0.049845832923955537,0.060143913391198955,0.14585658201535384,0.98747585649715586,-8.444169624742889,17.98186624956146,-2.8384939826666868,,0.5172923918684958,0.5,False,2
0.88047747705193868,0.42724028468379255,-0.20548759463180685,-0.42170555375309815,0.90384564122289146,0.07230133315626934,0.21661910889403727,0.022995564478674527,0.9759853306665327,-3.934085333776165,12.922230909853536,-1.7462336018047699,0.3551644689101108,0.08740300239485771,0.2692307692307692,True,4
0.8198507371427004,0.56076535203694744,-0.11570215538808888,-0.53430396981810169,0.82190547361640154,0.19746052840002293,0.20582525754432621,-0.10006803882497919,0.97345896213581307,-6.7090457852915701,3.6593211868720101,-2.6821816313379245,0.6988563748270048,0.3438434642599301,0.2718446601941747,True,5
0.019354527662131683,0.9836425373402744,-0.17908869588492221,-0.99975409084824163,0.020979579268602288,0.0071843639884144102,0.010824051514168395,0.17890560636407907,0.98380670048557783,-20.132906140159719,5.5941087728974672,-5.9973957629604717,,0.2885446172948226,0.2558139534883721,False,4
-0.72914946665798019,0.67803454906486904,-0.092791193260908039,-0.66177773916443672,-0.7331232150221616,-0.15678193627448508,-0.17433094739256708,-0.052910319125572092,0.98326457218351992,6.4770802999557899,4.3305969452063566,0.85974663079573377,,0.4720792819535407,0.5813953488372093,False,2
-0.29296601017629986,0.95346563707126009,-0.071233389682641646,-0.95357008883059735,-0.29681234999585393,-0.051054035859549485,-0.069821218615759503,0.052968932538211222,0.9961522421882989,1.5196869043293113,-3.2169113117564061,-0.74961731766201456,,0.135875779602901,0.1525423728813559,False,3
-0.51922167444702816,0.83931105161289177,-0.1611391058213007,-0.84268627802157914,-0.53420131834987994,-0.067147511550248409,-0.14243837129988718,0.10092526994620601,0.98464480919147856,-6.6998164602319354,-8.3862767883432063,-2.944545610871018,,0.1309727034351717,0.3428571428571429,False,3
-0.93540629535082498,-0.24126008063991616,-0.25847366617833145,0.26506475788581746,-0.96229603714188205,-0.061049250838677287,-0.2339994374885962,-0.12561811330636927,0.96408731599599917,9.6416734692613471,1.9488649434352943,1.5987961039945164,0.8614219662044498,0.2547151712658991,0.6981132075471698,True,4
-0.60614234210469087,-0.74584053375261883,-0.27624872727208832,0.78226793885997803,-0.62180360630052345,-0.037645013261066763,-0.1436952780699558,-0.23891875900245385,0.96034863130902914,-11.272169962204321,-7.7945673686014567,-3.971692312472153,0.300742540912266,0.2716442988493709,0.9328859060402684,True,3
-0.51488169249050997,-0.71979695369091257,-0.46560625875882644,0.84848130298315894,-0.50542569656346925,-0.1569214572368425,-0.12237778076967268,-0.47585419059898515,0.87096869522576725,1.0062436729333988,-4.1369834781944341,-0.84583959809115639,,0.1373766722536943,0.2857142857142857,False,1
-0.63157510437967934,0.74452879351573198,-0.21630941531474346,-0.76016452898221643,-0.64952995411606629,-0.016147061132814024,-0.15252139654829719,0.15423266298676847,0.97619132820516663,-1.4331958010786654,-6.919662573793067,-1.5333862207177458,,0.0745534126815822,0.2622950819672131,False,5
-0.11383103784105053,0.97309987718186364,-0.20029758823478372,-0.9928468925790539,-0.11873007579055102,-0.012578433880539374,-0.036021420296073456,0.19743302188694703,0.97965435697925729,-7.3531791690425878,-6.6746341454834486,-3.0076163824510918,,0.1265399106862342,0.4361702127659575,False,4
0.90394531805361211,0.37298855657096969,-0.20919464294302353,-0.35984558211720769,0.9277244412885598,0.09918930419434431,0.23107145864360354,-0.014383939061839296,0.97283044940903407,16.741495427450953,-7.3617856631873186,3.3194678290682105,0.3422547766028358,0.4072268381016075,0.4615384615384616,True,5
0.67769433159986592,0.72658274910179654,-0.11317200018152218,-0.71747554039142047,0.68707032885391217,0.11473104265461941,0.16111871976108239,0.003445564721837574,0.98692901782564735,-14.621778572768054,-7.1808759061333038,-4.838256689965144,,0.4672187643086164,0.509090909090909,False,1
0.50764350961157745,0.85817507970911944,-0.076378005443249131,-0.85340574101910294,0.51302809569710983,0.092199860200735576,0.11830768506262937,0.018376767714858772,0.99280692285231265,-3.7653935816343047,8.0594967637354156,-1.829202496915163,,0.1711921995924005,0.5,False,7
0.78146065754607774,0.58536014351284893,-0.21603875368616343,-0.5941587696286722,0.80383238163740267,0.02878990629519166,0.19051140958219964,0.10586314097815205,0.97596024417045046,3.1441803174248224,10.403325366027872,0.11121539078495085,0.5328909208030417,0.2879841689304087,0.8367346938775511,True,5
-0.036308238619078129,0.99522308019239569,-0.090624127365425189,-0.9993325398884767,-0.035793260988667974,0.0073018619438896806,0.0040232484922765816,0.090828757121089287,0.99585839874522919,14.434525312150633,-1.2705116308916111,2.8748086586420198,,0.3045759130226064,0.3846153846153846,False,5
0.94348502711463245,0.26246883071495131,-0.20235146778224716,-0.24420582606921939,0.96335770588553649,0.11092991041558113,0.22405248966336827,-0.055245302190185627,0.97300998888067103,-2.4128663037942584,6.6888867564655055,-1.5109956590969853,0.3824500817046327,0.5296260446778995,0.7314814814814815,True,5
0.86154019371555357,0.46083052342364395,-0.21303455891863757,-0.46348506540516393,0.88518291371416769,0.040407962270680005,0.20719577398909236,0.063925252831632501,0.97620872424470462,-8.1466631693133245,-8.2516650965261551,-3.2790900568804808,,0.07110710545902164,0.2678571428571428,False,3
-0.037268104196587021,-0.96306898946334796,-0.26666310195382847,0.99913692668980114,-0.040809037632684307,0.0077475268539611373,-0.018343667420966658,-0.26614421650965808,0.96375866578931912,-17.894542500844238,13.02260413138564,-5.3635466658221276,0.4844915233517708,0.2831670901221051,0.2702702702702703,True,5
-0.3412474090335435,0.9263631480044997,-0.15937855516689145,-0.93593862433453756,-0.35055622862192787,-0.033603899374078317,-0.087000559231914965,0.1377013020764985,0.98664545511534696,10.86093374450893,-4.1463831677724254,1.7515050907903125,0.2284598120463685,0.1834639817458312,0.3870967741935484,True,5
0.66138821219347133,0.72960247488245178,-0.17391337331248913,-0.73239134526767746,0.67823060729741824,0.060051317237683199,0.1617669624754367,0.087655416092679309,0.98292826690511548,-19.970644850222879,14.430188357864239,-5.8708426659993238,0.3953643684550994,0.346329670809553,0.65,True,3
-0.90915382988723781,0.40105591764564913,-0.11222060649797631,-0.371742146448863,-0.90298857330498883,-0.21545164894753724,-0.18774208413395108,-0.15416156266082315,0.97004490743625538,-5.2851078419390332,8.5359995179994446,-2.184135416484827,0.5210033630990413,0.4285547313754541,0.2771084337349398,True,2
0.9510599956457898,-0.16932975885009127,-0.25848078739047725,0.22144142837684552,0.95689640604940007,0.18791743369939121,0.21551932275472074,-0.23595910844363005,0.94756251543728476,8.9557339628646346,-5.1559688341111647,1.248061742349619,,0.2081067732791119,0.1764705882352941,False,2
-0.22140703906123382,-0.92097969412545055,-0.32058591058050234,0.97441691168471778,-0.2219523424218556,-0.035338929189629477,-0.038608357605000101,-0.32020862059295641,0.94656000022238507,6.5409655227476131,14.728836280147654,1.177069120582668,0.6264055971670446,0.8296774326964289,0.796875,True,5
-0.96268680769002202,0.17453085733514656,-0.20681656156472331,-0.16276217181087446,-0.98397966128665937,-0.072749581453095874,-0.21620033701870967,-0.036373149603134231,0.97567126034384466,-5.2926907938763925,11.339935806337683,-2.1233375007320019,0.637614848228516,0.6343802201709515,0.8384615384615385,True,3
-0.27725545275384811,0.94800470147491034,-0.15625779948446056,-0.9585230848280516,-0.28409764585956437,-0.022847832911915635,-0.06605232599974023,0.14344202173185072,0.98745201231832258,-3.6716033395508059,19.288471512982575,-1.412075021676193,,0.5181551061712406,0.4642857142857143,False,1
-0.90419321678072773,0.38503768291951107,-0.18487998663915728,-0.37095768739612561,-0.92247285741782581,-0.10693091923812696,-0.21171920293029459,-0.02810355954975384,0.97692638875771742,-12.139652726823766,12.787651454746129,-3.8602063284570693,,0.1503506331651258,0.3,False,4
0.7458406500118393,0.63298622505538171,-0.2074853336504881,-0.63840672171246104,0.76816247538422222,0.04861346607610393,0.19015410188125112,0.096202132521694406,0.97702946078202413,-10.407981583825508,-6.0945871492975048,-3.8162129381228964,0.1903913513077049,0.1798734121034654,0.4961240310077519,True,3
0.66361857972681948,0.72762155472819345,-0.173716014622391,-0.7359923099426634,0.67661698201306431,0.022467295271057706,0.13388689385680388,0.11294393629788455,0.9845394694510311,3.4066035884817767,-7.3861657745930129,-0.27453173767914013,,0.1063127826917734,0.3103448275862069,False,3
0.71060550968289271,0.69055239593913142,-0.13482283957490651,-0.68300472778505472,0.72304467531210692,0.10349366804821042,0.16895073670031546,0.018541466110716442,0.98545008123338518,10.441163372057051,-3.0567774321268266,1.6472819747264147,,0.3892067561723213,0.125,False,1
-0.27952989854907279,-0.92580830201282593,-0.25444453961771646,0.95751237379662912,-0.28838021884754211,-0.0026274329271433589,-0.070944272802588096,-0.24436824118851919,0.96708379825894097,5.0300700690851645,-12.969255750713161,-0.072600497713465731,0.2853359394565373,0.2433639386205822,0.7916666666666666,True,5
0.72032287375622372,0.68971907189688553,-0.073638029612927619,-0.67216355317109588,0.72028869949682484,0.17140696358544102,0.17126329242421795,-0.073971556958549484,0.98244444801176689,-24.390974995286882,13.606684260689423,-7.0809460380385554,,0.6073637360896318,0.15,False,1
-0.8931288077318067,-0.34326938001321017,-0.29066658828442477,0.38756851933302755,-0.91525611537726703,-0.10998584493705914,-0.22827959966139283,-0.21088474579698818,0.9504820084402299,-3.8292465697210933,15.040375612532834,-1.6590182362836947,0.7552194554270442,0.6515577311165565,0.8076923076923077,True,3
0.65675775753223942,-0.67536249030150264,-0.33549181005648537,0.74100737535342054,0.66051603902373046,0.1209406129645325,0.13991896795309455,-0.32803059138768542,0.93424761895376862,-18.206676488200955,4.5868134262471081,-5.565174701455275,0.2472626914823828,0.1412532167475841,0.3333333333333333,True,5
0.49170140863370576,0.86723008996779216,-0.078368972189786806,-0.85776676942806096,0.49788847789086571,0.12784065413030235,0.14988627026040807,0.0043628703821070314,0.98869361854391058,19.546101250934313,-2.8820150790894874,4.1831620471273894,,0.763026383705329,0.5111111111111111,False,5
0.97190552416453568,-0.023072973181087628,-0.23423767845298438,0.061365593519350163,0.98560482066881594,0.15753539731250493,0.22723097506827006,-0.16748365706234061,0.95933065654473237,4.170269468136361,-6.9589424342368229,-0.087343341168566582,,0.4454809313810596,0.3968253968253968,False,5
0.58299796279250182,-0.72882251417181232,-0.35906979574460313,0.80107543112660029,0.58940476588748114,0.10430808019734038,0.13561537164025289,-0.3484533896884946,0.9274635875275502,-8.978920787572271,-0.56008303448921926,-3.4135300678723524,0.5884425305600083,0.3936767287131008,0.595166163141994,True,3
-0.032086343507534226,0.99947815227826287,0.0037268859315918446,-0.99948030383245257,-0.032074413953526469,-0.0032177974652310678,-0.0030965805828273444,-0.0038281964380634248,0.99998787797689137,4.6860838401668845,6.8476590676172018,0.39091691935027106,,0.1208428370957116,0.1666666666666667,False,2
-0.2051272043920036,-0.89776428712699907,-0.38979753049201638,0.97752368901719244,-0.20773508376970917,-0.035966267271058824,-0.048685392352763548,-0.38841397983407489,0.92019797480809229,-12.067459073720821,-7.8761721798684752,-4.208021296617166,,0.1515467871686827,0.2333333333333333,False,1
-0.02021076750106271,0.98554328961019544,-0.16821399817296084,-0.99961645172837599,-0.023105250382629824,-0.015267509250948993,-0.018933417836983858,0.16784091190490741,0.98563226102839163,0.24937808577347081,6.7443927230924823,-0.81125802409106684,,0.1831543993725629,0.6384180790960452,False,5
-0.41377099841165016,0.91037349405429646,0.0036962409008853836,-0.90700096766028226,-0.41188182619113101,-0.087764491206695522,-0.078376052061437981,-0.039666895225493409,0.99613439449023744,1.7017107720937628,12.833123614859677,-0.20987808801583452,,0.4711915214380218,0.5,False,3
0.27494114369412348,0.95697469927850898,0.092772800135466432,-0.95924144238213271,0.26647366204147555,0.094061908628582963,0.065293358933461151,-0.1148530033521688,0.99123436426516909,-0.1402303841006112,9.2059463543235935,-0.80170586827221346,,0.09621144888398911,0.3636363636363636,False,1
0.27245499066555384,-0.92280007324622237,-0.27241200942359006,0.96052151826625098,0.27741854187242126,0.020913286993547758,0.056273359673363478,-0.26735552629812032,0.96195339364697174,-11.22533155585305,-18.252855673766391,-4.0991782220152846,0.5137188105696349,0.4659251978487447,0.94,True,5
0.55815929361209582,-0.70877428297803302,-0.43138986861471496,0.81889039377625483,0.55433847170502115,0.14875275381891861,0.13370387404789902,-0.43628875137541234,0.88981762147524746,-3.5917998382684475,7.0945954249238925,-1.8227197679112852,,0.3658646729759349,0.3941605839416059,False,3
0.94539101903682687,0.25350059447797157,-0.20487378974340942,-0.23000138663358083,0.96423108028933946,0.1317489504728043,0.23094411287396319,-0.077433018818655941,0.96988089182408865,-10.544492035578724,7.761067689370563,-3.5543310696129398,0.4249242001500748,0.3378137820860794,0.2436974789915966,True,6
0.52904544097051098,0.84659907888397279,-0.058145687897947884,-0.83710446164527585,0.53189316298697498,0.12785062949115217,0.13916551901203855,-0.018964777892698181,0.99008751912019888,-6.0217148298467116,-5.583059761924444,-2.7347654822512757,0.7048289133486979,0.3850337346231323,0.4601449275362319,True,4
0.31418110781460873,-0.84188655073924157,-0.43876789670253646,0.94619585832615349,0.31540393440680214,0.072344701583071269,0.077483089631345703,-0.43788970511430403,0.89568352501097659,10.237485227662642,14.251232974576071,2.2094825981260038,,0.2364145490150403,0.4375,False,5
-0.18979991245543781,0.96113017075185558,-0.20051131664426547,-0.98040469791371931,-0.19650373587016834,-0.013889207960712611,-0.052750559623732152,0.19394606636788461,0.97959292657705876,-9.7950331903757633,12.666032859922524,-3.2678631643680567,0.1402386496023757,0.09220898618502961,0.3888888888888889,True,5
0.2568670685692333,0.96415482561126242,-0.066519029872388641,-0.96495613899754307,0.25968394054423644,0.037734610563392661,0.053655930665698473,0.054495167436502123,0.99707137047979866,-21.467670670686626,7.4534060935209601,-6.3532407422659682,,0.3309798296926083,0.4444444444444444,False,3
0.14633352007200986,0.98889577060593103,0.025916322675840264,-0.98862654542413853,0.1452743105645769,0.038896379943671365,0.034699489709076173,-0.031313408752328908,0.99890711071963079,4.9676870848648029,2.5029764443493754,0.29610237444168375,,0.1184923838120128,0.1578947368421053,False,1
-0.072881894631339386,-0.92131568456424395,-0.38192360336965903,0.99724737739181479,-0.07255510892296145,-0.015278234659957268,-0.013634431418063888,-0.3819858185130639,0.92406760398512544,6.7033737975974468,-8.209855561769297,0.51668425751615921,,0.2337926907731342,0.5,False,5
0.073124340224816856,0.98908108354835989,-0.12795093213216213,-0.99723820045824751,0.074185222425362587,0.0035389716723048283,0.012992398296047151,0.12733877233782104,0.9917741853093448,-5.0006559267106461,7.6274650565212561,-2.1584026467011355,,0.07222260547020606,0.2380952380952381,False,5
0.88481839430305609,0.40928766084206997,-0.22266571308890445,-0.40713841097101078,0.91154425876780476,0.057666095926943384,0.22657167390246302,0.039631742200939471,0.97318785524437978,5.553155265205147,8.5365726330165224,0.7029859798385929,0.4712351743211201,0.4645645278181399,0.7323943661971831,True,6
-0.11814721475265179,-0.956045970533558,-0.26836046257364454,0.99267054667440247,-0.12063318259217169,-0.0072678072916683208,-0.025424818806352199,-0.26725219827764463,0.9632911507454186,1.105045778841796,2.9594122307802833,-0.71470530118314091,0.4192795520057236,0.3876539064667469,0.7961019490254873,True,5
0.079003142291981729,0.99527784944075115,0.056395974329621401,-0.99669927010871884,0.077802477710116849,0.023180582971852336,0.018683374233287448,-0.058041165346339962,0.99813934631017243,6.1742403495234486,9.6022058166154878,0.90554399659889973,,0.1789970451182941,0.375,False,1
0.37046389797768853,0.92481798923029601,-0.086418673278464891,-0.92479461520201811,0.37592902102077713,0.058585756355210496,0.086668448633449482,0.058215616035504403,0.99453482697242879,-3.9711774779608109,-2.6159430936216883,-2.1191167302175984,,0.2382082360103883,0.3114754098360656,False,5
-0.95850079731421645,0.174422860093006,-0.22550584787314756,-0.13275691562853087,-0.97308248868975522,-0.18837747094106591,-0.25229312892112354,-0.15062249527321145,0.95585618218268642,-5.3045294268458347,10.406305943822904,-2.1665429666332194,,0.2797657296616183,0.3448275862068966,False,4
0.55980507344967179,-0.78025032537987227,-0.27897618085530707,0.81900526138180596,0.57215555829754683,0.043224980487494347,0.12589146741907936,-0.2526805232973609,0.95932470601837649,12.27072863944943,-0.70280889734701801,2.2501903382436175,,0.2034245499209077,0.3809523809523809,False,4
-0.50672512615317244,0.86126795211393492,-0.038041571819818099,-0.85643998053996007,-0.50795496325563982,-0.092153757583056772,-0.098692483289085683,-0.014116301407688769,0.99501785098399265,-4.0022511708986874,16.798810694991865,-1.6326015969636791,,0.5809862529164832,0.8297872340425532,False,5
0.88499750119788312,0.41466756797742221,-0.21173150672772689,-0.40861033483450571,0.90972479255433314,0.073745481749116784,0.22319726060132733,0.021251114786428396,0.97454162198461158,-11.52560683470919,7.8182809929275292,-3.8400791170314577,,0.1456862465642898,0.169811320754717,False,5
0.69781513793295413,0.71171080404447895,-0.080757443483398389,-0.70120940635241569,0.70178383652926468,0.12571720339380738,0.14614856042570451,-0.031099488623262367,0.98877369508541557,-7.9005059829664077,4.6522607955756108,-3.0081498449163209,0.1852684454016223,0.1481828130544299,0.2173913043478261,True,5
-0.76518759234139333,-0.59871932179600473,-0.23669204092008278,0.61756416971760819,-0.78648899316597765,-0.0070398799541140271,-0.18194077280198384,-0.151559352522038,0.97155921994251981,-20.317263262503623,-13.300202671246225,-6.0968526504185778,,0.4787433150026913,0.7142857142857143,False,1
-0.59478348486707999,-0.72006618501914776,-0.35740354687851761,0.79435080836225958,-0.59472094162602729,-0.12374891856367419,-0.1234479622496838,-0.35750760940632331,0.92571535032804697,11.855393029649807,-11.868798513125579,1.9285111483963002,,0.2660171633942935,0.3333333333333333,False,5
-0.12969900856163591,-0.9317205509724058,-0.33922703617755079,0.99120665256053453,-0.13087706819680789,-0.019508073711885426,-0.026220966760762195,-0.33877427280696026,0.94050223443979464,-7.3795064165844835,13.740730880291634,-2.631042292626351,,0.1252824008230124,0.2758620689655172,False,3
-0.60219648480284649,0.79758725652123641,-0.034841956403525609,-0.78413285385215148,-0.59910948166988265,-0.16187494087389723,-0.14998353643242979,-0.070159797663440576,0.98619599552576243,0.69033981889357454,8.725345765929708,-0.59743184870536603,,0.1902982316336432,0.2272727272727273,False,2
0.71504779757806336,-0.61956700642171869,-0.32379526205982845,0.68103948775716205,0.72190508058726854,0.12263062724194859,0.15777155413516422,-0.30820411933639325,0.93814623461902524,-3.2762282844680275,-12.426561251306309,-2.0939803856024835,,0.4033878239611702,0.4,False,5
0.056541455609665461,0.99558363564036523,-0.074941899112941551,-0.99831949796338415,0.057332062237705886,0.0084388758558378418,0.012698180329427808,0.074338812774255969,0.99715219356507312,2.9185436193988985,6.6470123386953333,-0.046600016347710729,,0.08310857331281125,0.2903225806451613,False,3
0.94178508997525467,-0.23503269371052427,-0.24041729802049985,0.24974656367376488,0.96777467072109313,0.032231050926512246,0.22509442070706473,-0.090398117225173574,0.97013436294602839,-5.9807423014221728,-13.0932560104206,-2.7805980992210206,,0.06887883167167858,0.1818181818181818,False,3
0.64800537286279103,-0.69829200686270654,-0.30410082192031318,0.74516674302074881,0.66384733879950719,0.063507762239451537,0.15752955861299636,-0.26775919016994965,0.95052062273405102,3.3416246312851112,-3.0649632626738263,-0.2340602739680647,0.7687783518798237,0.6286578265546361,0.8481012658227848,True,4
-0.97164889331521742,-0.0097787617544757566,-0.23622617115354347,0.045052751030553298,-0.98849438889049612,-0.14439214922074142,-0.23209626826791721,-0.15094111086962059,0.96091003913246376,-3.5475865806729123,5.5371894795892169,-1.8412222255311514,,0.31308416368432,0.5233160621761658,False,5
-0.43872190393518345,0.87828926494663195,-0.1900817142362515,-0.89253176137284063,-0.45047493896397928,-0.021433252345214961,-0.10445164406643843,0.16025072993563461,0.98153428753503746,-15.077427533264723,-9.471566764483331,-4.9481963450530166,,0.5810611436295657,0.4,False,1
0.84057930429090033,0.49453178372088202,-0.22105372217555844,-0.50346009264810143,0.86382963224818832,0.018063819106857826,0.19988588821773157,0.096107654949035032,0.97509432895059223,-25.482000741914494,9.1856044512800921,-7.3705137266592775,,0.0673961853577501,0.3846153846153846,False,1
-0.90455327611398384,-0.27987711169100948,-0.32163981877708825,0.36756676857825127,-0.89416976610404653,-0.25564643557534267,-0.21605101552272826,-0.34946992966052731,0.91169771687476797,-4.9941042676264704,-4.9449167903900397,-2.3688636460752845,,0.211347279459231,0.2452830188679245,False,3
0.84239306502268541,0.52264669814431819,-0.1312034790717363,-0.50024669839312508,0.8490017365393383,0.17014491499884909,0.20031765960210102,-0.077694789220577098,0.97664546022571885,-18.940537629375317,15.944156596075386,-5.6000432340578747,,0.09457729193018258,0.4285714285714285,False,1
-0.79375513155613586,0.59979032162724555,-0.10101663828592336,-0.58690781941645676,-0.79887898118185752,-0.13164947752900472,-0.15966215154545513,-0.045209993454159297,0.98613592057877764,-29.416962619866442,6.1492259666873492,-8.4636890133373832,,0.4032126169727995,0.1785714285714286,False,5
-0.80321155004460254,0.57350174412182631,-0.16108058655272661,-0.5634686770012719,-0.81918976160784185,-0.10691671766063431,-0.19327249135193406,0.0048871224775746264,0.98113294721995026,-6.2162380789275682,7.9153847483796609,-2.4319756343786874,0.2639305341540578,0.28648613229008,0.5073529411764706,True,5
-0.89401810889389455,-0.36035809475222791,-0.26622108202832134,0.39229753994036753,-0.91664029350259513,-0.076636887229410935,-0.2164122480972869,-0.1729526405523257,0.96086061580203086,-11.987731203668377,-5.2398047806216521,-4.1349192874735961,0.2147835808103283,0.1258902504543864,0.3398058252427185,True,2
0.0070555346509130366,-0.94083348998471306,-0.33879575492319197,0.99940517745462898,-0.0048027104236507577,0.034150040255744557,-0.033756639460588864,-0.33883517836224208,0.94023997532361703,13.890332512930131,-0.22868950172604549,2.7618272580162362,,0.3024475742584239,0.1578947368421053,False,7
-0.11274297813327612,0.97151145954528084,-0.20845744134916275,-0.993260747843557,-0.11586740688776528,-0.0027983592272677192,-0.026872061232800715,0.20673709873485477,0.97802743536763692,-16.224486814080933,1.236117526910695,-5.112238987974405,0.2110148328114173,0.1592853225919576,0.5833333333333334,True,5
0.94233548747513629,-0.2171316586987492,-0.25467169421772845,0.23826102988373696,0.96964844918610171,0.05489596187088952,0.23502236209292784,-0.11240875313657325,0.96546815666522257,-18.062342765520018,15.565853806558989,-5.3866418858326615,0.4863256113337184,0.3418210210463945,0.8020833333333334,True,5
-0.79830975000808824,-0.53617471131284045,-0.2742594063849394,0.57164520930082785,-0.81793117163688089,-0.064887234092198806,-0.18953442358959521,-0.20857918739249859,0.95946413422349885,0.83779695716689828,16.999446560996347,-0.23814754810523728,0.131156692592143,0.1799247312773054,0.64,True,5
-0.50269129827383108,-0.80275202337756935,-0.32076572074177179,0.85627144418292844,-0.5133490207250081,-0.057201370591595892,-0.11874625264256622,-0.30341715818966675,0.9454297200741334,-0.10226706975168029,-3.8454941500621014,-1.159018975740439,,0.08340857641479016,0.2075471698113208,False,5
-0.88897738308726493,-0.37861228981833994,-0.25762753416091033,0.40790718802347536,-0.91036225211993804,-0.069658422849610699,-0.20816084722660738,-0.16701288547183177,0.96373012704193972,-2.2496113440617584,14.819057941643695,-1.2131123714851417,0.2265089974758865,0.1503675008569385,0.6571428571428571,True,5
-0.85719164226067601,-0.42741568752724063,-0.2872948285195227,0.45679540266262536,-0.88863174349002416,-0.040885016426201189,-0.2378244069576036,-0.16628125125069532,0.95696922465550993,-24.152138807602952,6.2040990536988154,-6.9931467745206257,,0.1152339841661781,0.4583333333333333,False,4
0.86961513328418649,0.46121393134140665,-0.17621359056477723,-0.44833465075285012,0.88714176296749814,0.10943277997583525,0.20679835806274349,-0.016161742960579914,0.97825008927524748,-23.018120639892395,9.0669057359493355,-6.7181162128419638,,0.1301826494449059,0.5384615384615384,False,1
-0.96129826928038087,-0.12881238475833945,-0.24354261847038872,0.14622862939265796,-0.98773390749701495,-0.054762358665623803,-0.23350123216910132,-0.088255863904599552,0.96834295425844008,-8.0229386669374403,-19.48266237377748,-3.2283581871233302,,0.1264202223410167,0.5333333333333333,False,3
-0.45543419299360116,0.87595322380823815,-0.15901460798374598,-0.88402875896946109,-0.46608097764455991,-0.035520073096891876,-0.1052276064879573,0.1243964307279295,0.98663705528171264,12.831165978356928,-9.2595643109184458,2.2129080683458371,,0.1258322195851857,0.3,False,5
-0.54408566881300224,-0.79246086354038359,-0.27563846746986959,0.82897652907208397,-0.55843300623340697,-0.030830046978898865,-0.12949401237087962,-0.24527200677197136,0.96076685176693166,3.5262745391152812,1.7541226579665072,-0.070237605903202771,0.8002974234009622,0.5847556871971857,0.1142857142857143,True,2
-0.12065986739515645,0.99058257574593611,-0.064709790825882713,-0.99156577245428568,-0.1233732513875522,-0.039703397073793528,-0.047312950630019571,0.059373407099560516,0.99711397705180649,1.5986284372028352,7.8703235021184517,-0.40796673975579467,0.677580518258944,0.4092815642312336,0.2753623188405797,True,5
0.10522195641371201,0.98907305233862064,-0.10326101406647085,-0.9940291762559903,0.10762507570994419,0.017967744161891761,0.028884886018631279,0.10075385955879693,0.99449199249853071,-4.9523093820967441,14.364172255553514,-1.9659163758319558,,0.07806211477703157,0.2727272727272727,False,5
0.87697475858805884,-0.34385093548941564,-0.33568110903425952,0.43287718040228368,0.86859389031733136,0.24116799205195918,0.20864472072493345,-0.35680693360199534,0.91058014070544979,-8.3981445361971492,26.295201322442416,-2.5253846751548035,,0.320686234898002,0.2631578947368421,False,1
0.16762030615192564,-0.94490697899645881,-0.28116584787153925,0.98424270340440134,0.1766838236770335,-0.0070090831112043688,0.056300388637481796,-0.27556056955712993,0.9596335960899971,-10.838840987745158,12.547771779901602,-3.522274414573523,,0.130938747691795,0.2,False,2
-0.53995537207044886,-0.68629821861052842,-0.48728118299835776,0.83185101407593065,-0.52339579330530295,-0.18460967994977687,-0.12834362685038037,-0.50502633464239111,0.85350823942394505,-16.48372783601204,-7.4935523037813656,-5.3087576159891841,,0.3176894461652851,0.1875,False,1
-0.96885050370453585,0.10007000879922465,-0.22652747032179768,-0.090632063401801424,-0.99454081098027602,-0.051714643750384204,-0.23046589889830055,-0.02957310659400544,0.97263091705506688,1.8313412148372803,6.2427893586119731,-0.33070893068030949,,0.07174604056809444,0.3023255813953488,False,5
-0.66595955756443792,0.71571134945364201,-0.21036903753125447,-0.72902168520130561,-0.68420059785649978,-0.01992296160360043,-0.15819371098380655,0.14009570356030471,0.9774190215302323,4.0076151533912201,-3.3805204518949221,-0.055404832557966098,0.5883497277052788,0.5681901582219258,1.0,True,2
-0.30403456576014543,0.95265800859483041,-0.0023877778733612243,-0.9472691010956632,-0.30257912325306208,-0.10548518512484722,-0.10121379813273856,-0.029809274253846441,0.99441800779953926,6.2353169896583376,-5.1034968642376173,0.57087945552431074,0.6037646815784463,0.4769496095161843,0.375,True,3
0.82954202879358441,-0.46560969316379991,-0.3083304008639709,0.51351010108294526,0.85297589043834199,0.093485327280284858,0.21947072367586554,-0.23588078336912238,0.94667463126797802,8.1739472056433229,5.3571474792211919,1.360859433307736,0.1899391093107187,0.1879258832757125,0.4651162790697674,True,3
-0.71974109702158906,-0.61464901829065033,-0.32276824126995474,0.67190344548093206,-0.73371011288593468,-0.10107042198270326,-0.17469548708828275,-0.28961362979536909,0.94106611469531676,5.8619590936302073,3.6693106441186267,0.6497804842262046,,0.1156437997247575,0.2,False,2
-0.11140507776034012,0.9903124886104917,-0.082885967155525542,-0.99266796369364452,-0.11482909050642758,-0.037743791936945353,-0.046895868746887545,0.078073394159348358,0.99584402524638016,-15.406702451586176,14.172487114676514,-4.680025744525099,0.6207295338317819,0.5118226805902889,0.7692307692307693,True,3
-0.099617805334471857,0.99024506953920699,-0.097421738403889985,-0.99430610692022736,-0.10279059644431264,-0.028097313461713295,-0.037837264719936779,0.094068036738922028,0.9948464936172815,-1.2685969180632934,13.009673547390159,-0.99982153071335422,,0.2138752993900149,0.1739130434782609,False,4
0.87191506537233898,-0.40450546243336821,-0.27593377763209365,0.45547754328606033,0.87685795742599881,0.15381914725027404,0.1797340433497388,-0.25979887097574816,0.94878881754628708,-28.660866680406418,11.15044432513306,-8.1947682849813468,,0.4480377919410303,0.5576923076923077,False,4
-0.7807629190302553,0.60638482224317225,-0.15068746338190164,-0.59617200339486465,-0.79516459893936897,-0.11087020772843756,-0.18705134759073283,0.0032722999113329043,0.98234468768237415,-13.854480931631933,16.149880593358397,-4.2918629984231123,,0.8513562014893947,0.5760869565217391,False,2
0.89310586218380916,0.41666949616380189,-0.16955367851957986,-0.39412043044255268,0.90646752527199337,0.15161039520774172,0.21686633035281108,-0.068579563966782997,0.97378942188002515,-2.0204405259937657,8.9440076248984202,-1.3603894205491702,0.8157257358884664,0.690854543924981,0.4296875,True,5
-0.36318000896728359,0.91005497262360213,-0.19975041399100962,-0.9278705663537371,-0.37273585401052201,-0.011144291338749897,-0.08459605889708971,0.1812951459308903,0.97978343366326537,4.857909052815268,3.9284909759202926,0.36711220478368173,,0.06652613762327593,0.2285714285714286,False,5
-0.77567959214567028,0.61770218690361534,-0.12948041791413595,-0.5861030172413958,-0.78111995373453857,-0.21525536243793442,-0.23410344617126086,-0.091080328129873406,0.96793592263046813,-1.339641974063895,-21.338205358083531,-1.6429545947443485,,0.3171847073860436,0.3529411764705883,False,5
0.10801457326181298,-0.91664715537059027,-0.38482573265579878,0.99411458965062105,0.10282561529042043,0.034103892503982373,0.0083087066890794592,-0.38624459270150346,0.92235897567162162,2.0551201496404765,2.3822729464688717,-0.44121278648316298,,0.1806145829465396,0.1904761904761905,False,6
0.82348919598688364,-0.50268029077680687,-0.26301724155921646,0.53208427931857494,0.8451773883230419,0.050611283025367153,0.19685493083717043,-0.18162518418981957,0.96346272822206547,-6.2959751432961717,11.053403845809186,-2.3966532550352038,0.2138726000464854,0.1705463927795418,0.7357142857142858,True,5
-0.73531031317860673,0.66178293364023966,-0.14615776433600286,-0.65291901795273,-0.74954013236518324,-0.10902452003850904,-0.1817016767364103,0.015262329982766193,0.98323525259963862,-13.026045682993034,17.679815674136286,-4.0323421139158135,0.360706665280802,0.3399859050145022,0.88,True,4
