axis_00,axis_01,axis_02,axis_10,axis_11,axis_12,axis_20,axis_21,axis_22,location_x,location_y,location_z,dbh,dbh_approximation,score,reconstructed,number_clusters
-0.78828876503183787,0.61067439092409914,-0.075349924977139965,-0.61390530049844905,-0.78883209562173862,0.029397396771231848,-0.041486201856631988,0.069431355931571972,0.99672372394210329,-5.0316927359380061,-3.2408885995846317,-1.3066373823635393,,0.1534564276470048,0.225130890052356,False,5
-0.41593636789155636,0.90810691222242579,-0.048360870949892221,-0.90501307755246829,-0.40813357319785315,0.11990961549335039,0.089153055607704937,0.093641990595056901,0.99160622742760407,-6.7467816337759707,-8.8712961890676905,-0.34544687708764232,0.1849478420120569,0.1252640727163171,0.2368421052631579,True,5
-0.59385573180739348,-0.76601270941537269,-0.24608920905563081,0.77209256656242709,-0.62859832643608315,0.093473058475692553,-0.22629281574665552,-0.13449413747772199,0.96472943799055655,-3.518375420424328,-7.1670097768087002,-0.17653470232644117,,0.08380976534901372,0.3166666666666667,False,5
0.92376648363535074,-0.3293662718584402,-0.1953799955831019,0.37289416482544824,0.88980489074950952,0.26305360335373884,0.087209090988911747,-0.31585616245425191,0.94479069591553577,-11.334233182093671,1.7878637751205328,-3.3278291303666916,,0.07074361771615184,0.2903225806451613,False,2
0.66807331599688713,-0.72215286656726219,-0.17936912153882922,0.74369432702691329,0.64010890765293993,0.19281943442336999,-0.024429334843827463,-0.26221331707609308,0.96470067064714027,9.7455977085044978,-8.1935925964518521,2.1974963086399071,0.5289231786282831,0.3444067087877218,0.8627450980392157,True,5
-0.2962470441981549,0.95352926717208397,-0.054951118734065552,-0.9487439238087404,-0.28715226612027744,0.13201720758289356,0.11010293293029,0.091244247535163775,0.98972310847624945,-17.77098105726396,-0.91694046867334711,-3.6510842569352535,,0.7898579840587107,0.8089887640449438,False,2
0.56868603962356978,-0.77505693656063901,-0.27546857066913544,0.821354785000878,0.51698386432824073,0.24104771556768545,-0.044412897827323869,-0.3633378993629427,0.93059822984631924,2.5287489200701563,-10.443314362035247,1.4898998447230691,,0.08016613004799338,0.2432432432432433,False,5
-0.29270279045605119,-0.84434660415699292,-0.44878044577253529,0.93405844974889873,-0.35289935053351257,0.054743591823240706,-0.20459689370057771,-0.4031635653696643,0.89196370478091491,-13.199107449972333,-0.63890526065417041,-3.0666590827936542,,0.1030606668636228,0.2857142857142857,False,1
-0.14079914969982116,-0.94227104027832187,-0.30381060892703715,0.96886177674513096,-0.19426893205674636,0.15351364629830144,-0.20367242573818417,-0.2727358954929493,0.94028329470621952,-15.082987454212155,17.538214151512271,-6.5194042961118264,,0.1849592579940521,0.2592592592592592,False,3
0.95947114793636523,0.24807009500990745,-0.13370244664720193,-0.2024864919854692,0.93685132812655303,0.28514699639121432,0.1959957572017591,-0.24651737656661876,0.94911266254835081,-2.9846417261351603,-0.94656667477413237,-1.4579208984763103,,0.1161169772997964,0.2611940298507462,False,5
-0.79094682631240953,0.60789677121504648,-0.069746924610683325,-0.60936815160294489,-0.79288738418826232,-0.00022761174157742703,-0.055439821052536212,0.042321525745369959,0.99756469198756537,-4.3740360920979962,-13.239310019347416,0.89686293865813427,,0.2970990850646608,0.1111111111111111,False,3
-0.98492231425791987,0.038373096939938234,-0.16868770052396379,-0.059784541903283001,-0.99051156948220143,0.12374424944748533,-0.16233866891852661,0.13196338944246985,0.97787106533561807,0.681508002751819,-2.6203089168631659,-0.42910018835098673,,0.116934533584283,0.3812154696132597,False,5
-0.98705259895467301,0.017334046194323972,-0.15945751076496373,-0.039706207955226773,-0.98960704737571936,0.13820748472541844,-0.15540458148536604,0.14274951007566899,0.97748247729896132,-8.6506554931435549,17.549845090290297,-5.4934000681078707,,0.07910983041771129,0.5,False,1
0.18628471423291867,-0.94495756759174876,-0.26898550275850647,0.97104039193336311,0.13539296840775822,0.19684842224320079,-0.14959466059008095,-0.29786564010778815,0.94281360722367447,9.1399543877414455,-13.913963826872404,3.3000812252257781,,0.1593174120770869,0.3611111111111111,False,5
0.89802703754372915,0.4119454414574254,-0.15442924950565645,-0.38557437291757929,0.90600161600572016,0.17462380921351722,0.21184863178611488,-0.097272941034340338,0.97244955249765042,-12.557838459903179,-5.2844513338042605,-1.9977893641954818,,0.08466858983929475,0.3269230769230769,False,3
0.19043900322608182,-0.9450473491293121,-0.26574140428980686,0.97371749449008738,0.14739034028552828,0.17363849951685578,-0.12492888766896695,-0.2918245971370102,0.94827800645782068,-6.560424126987491,-7.8076366415074467,-0.53839435032790406,0.5676380059392359,0.1558130616313638,0.2692307692307692,True,9
0.80310946067724742,-0.56765789057259297,-0.18105168720941595,0.59496009944581463,0.78044382248162647,0.19217159003790185,0.032212951403567835,-0.26205335185977485,0.96451561238837891,-17.393866022436629,-8.2277046874813244,-2.1405909124807585,,0.09430798586160358,0.25,False,4
-0.66651294891331658,0.74143724506571429,0.077661448352692508,-0.74533272457031086,-0.66490666012202781,-0.048767438009051922,0.015479619358083674,-0.090387747813149455,0.99578634075277161,-11.771740576507177,11.835794355571151,-5.2750360555896041,,0.3843566428600414,0.2615384615384616,False,1
0.98375679361258972,-0.029302779733405122,-0.17709861129035706,0.06923735261856262,0.97218528190223052,0.22374531649859136,0.16561630361606994,-0.2323728141426564,0.95842272261459527,-7.3178281231710463,17.744032080304418,-5.3089168658561938,0.2656893326689061,0.2193467188532108,0.8275862068965517,True,3
-0.099409449008548909,-0.96950133978663211,-0.22401989554444288,0.97958743439650564,-0.13488343605800671,0.14904669419231759,-0.17471754296661046,-0.2046304249839499,0.96312001814446768,-3.4313337658609608,7.7631056277588906,-3.2254121012660968,0.9725895425411474,0.6480709160225941,0.7529411764705882,True,4
-0.9812796237287511,-0.029240927316136447,-0.19035563617726997,0.024452822723060267,-0.99932392887906329,0.027454410038961707,-0.19102973463739964,0.022285720526949,0.98133123212550366,4.0790428674697994,-14.880874403568313,2.623260895909366,,0.2775855409837663,0.2758620689655172,False,4
-0.90850667398531082,-0.37348812451490454,-0.18740929584865612,0.36192889888244417,-0.92747143854796155,0.093830713689698933,-0.20886142649587397,0.017416989525058005,0.97779013750292798,-10.84309297451362,13.374979136579311,-5.301567005567275,,0.1111313475031969,0.3050847457627119,False,5
-0.79770864706956512,0.59911040804030935,-0.068757787691425223,-0.60233162213057956,-0.79710828660081623,0.042602774720156819,-0.029283636590932111,0.075399591577711964,0.99672331678250881,-6.4463655113790219,-12.671164547886772,0.44629391889607628,,0.257328166068458,0.6216216216216216,False,5
0.45551281072809363,0.88774893210310424,-0.066407174404504707,-0.84922482660210552,0.45569960671247123,0.26674906246268804,0.2670679185997748,-0.065112994032661575,0.96147544163274734,-17.17154379614044,25.309469397429492,-8.0405854189441062,,0.2425754505075043,0.4615384615384616,False,2
-0.98708429085538307,0.0024219124051173772,-0.16018344822992425,-0.015734986696967039,-0.99651671302988742,0.081895365227566477,-0.15942713991091093,0.083358112936967169,0.98368410176611853,5.0914144172680125,6.8419569898285957,-1.6878769963184959,,0.08168008842376318,0.1875,False,1
0.98452324063615904,0.10672704736664029,-0.13900836668227276,-0.04559346656330187,0.92184918960283346,0.38485751575789595,0.16921945648776715,-0.37256329527879822,0.91244800759111022,10.245787970626916,-7.2905768872436498,2.1081441539587362,,0.1001502295511282,0.2105263157894737,False,3
-0.91840578596342537,0.38698561270156007,-0.082297921425154602,-0.38441172856042755,-0.92202729144933204,-0.045752560232104278,-0.093586512137631153,-0.010383129807830807,0.99555700758987486,9.5303465397518963,-20.25889957863399,4.5820559119331845,,0.4222741088944854,0.125,True,4
0.31210283671938499,-0.92625688079941704,-0.21128182620246175,0.94411594170526247,0.27757313897523711,0.17775894108994617,-0.10600428260074304,-0.25495361007675099,0.96112525134819626,-2.1093039683412145,-8.5276692489263439,0.33918744261556499,,0.06869194484749734,0.3035714285714285,False,5
0.35339146881504513,-0.90392165998821628,-0.24091513520925018,0.93231594709183574,0.31916970018802776,0.17005198405233746,-0.076820860233383997,-0.28470394287053802,0.95553242767944346,-17.022077082068176,16.618252616271565,-6.6688122670640517,0.3643603320417432,0.3077396319455287,0.3645833333333333,True,5
0.81766565598949348,-0.54701335650867933,-0.17944153035565563,0.575592323809894,0.78263479514926881,0.23701530371009366,0.010786648524787473,-0.29708444123307826,0.95479028220381046,-5.3387115451648919,16.550457830924135,-4.8137964530366473,,0.1054830876790378,0.3513513513513514,False,2
0.16121313812097113,0.97758267671399957,-0.13543424340202903,-0.96845827477927326,0.18311955122126397,0.16898461460167405,0.18999708973755913,0.10391987369706643,0.97626931004822814,5.387189384665418,-6.7054149116859989,1.2087731808654885,,0.08093779263892893,0.2553191489361702,False,5
0.72836926626736531,-0.65819170891861101,-0.19042553995706368,0.68516282562131348,0.70187831937098799,0.19472731493957396,0.0054876537571659778,-0.27230589253219756,0.96219508757241412,4.5863095314969868,-5.4004972022051154,0.76203342873637459,,0.07305461882557036,0.2826086956521739,False,5
0.6943138457796133,-0.60545954103723842,-0.38903345322182981,0.71964199200282164,0.57913612904499268,0.38303622202213983,-0.0066096070182657951,-0.54591216161737932,0.83781634317629883,-12.567151528002736,-6.2394039374518071,-1.7218360373343156,,0.509644763993069,0.1777777777777778,False,1
0.038067074045978984,-0.96644001920104705,-0.25405626770512735,0.98765236917332944,-0.0022759582046407052,0.15664487760715951,-0.15196609996933266,-0.25688228685709735,0.95442013555832961,-5.4245958133712513,-12.611137375752909,0.59319560725324527,,0.1115087703247666,0.3076923076923077,False,6
-0.25564422707766515,0.96538071123925051,-0.051827710050348252,-0.95906519312890726,-0.24648680803281844,0.13942097688083319,0.12181947500492901,0.085348320621979834,0.98887596779198361,-8.5276675776703144,15.510256885087868,-5.1767298842280569,,0.2664150945147586,0.3548387096774194,False,3
-0.21937446355410967,-0.89295140596333056,-0.39308094755210227,0.95710968360337845,-0.27512003235564508,0.090829628146713609,-0.18925088716565625,-0.35629588039260407,0.91500674714576391,0.14832331011745298,-9.3378928888612514,0.89511360949649088,,0.4390167879429524,0.7574468085106383,False,5
-0.12990056083433665,-0.97376845966624637,-0.18681764171017179,0.97472781951633192,-0.15994862610989274,0.15595549001716452,-0.18174576241514115,-0.16183764693291569,0.96993662364061439,9.6441540182996768,-9.9777078275358022,2.5567437919312739,,0.07517357736075743,0.3333333333333333,False,5
0.69350171369277913,-0.68341237893559836,-0.22804142918067394,0.72044366275664085,0.65606074355018518,0.22482266248350788,-0.0040375610179693711,-0.32020590420846984,0.94733936739220437,11.658667944688437,1.0532090099261886,0.64639045529552286,0.4704441530626156,0.4383789992179039,0.3157894736842105,True,5
-0.51888445392699045,-0.80754472728460258,-0.28041119255073738,0.82511690299709473,-0.55888106476453758,0.08266832426111255,-0.22347487523516496,-0.1884767064718996,0.95631350050918629,-17.054105463185884,-4.5850615884086272,-2.7529311641403629,,0.2220028507034103,0.2727272727272727,False,1
-0.76915529039990671,0.63500069156215599,-0.071932336020874968,-0.63388319172268814,-0.77237458547538884,-0.040368291556370922,-0.081192601271877954,0.014547213729992611,0.99659226370236331,-26.244970999425373,18.552605432245588,-8.4012113984001502,,0.4731732517562874,0.1333333333333333,False,4
-0.6993044793475115,0.71355542620796519,-0.042566405693662046,-0.71447446370636236,-0.69586046247263267,0.072831706549293065,0.022349180656444853,0.081344148508330633,0.99643546887264256,10.467193984791749,-0.22569526103588025,0.71266010307446781,,0.5577341624933793,0.3461538461538461,False,3
0.94189474659030792,-0.28585373667308434,-0.17641407986783147,0.3208113842572673,0.92119404044246456,0.22018536641707598,0.099570789273333904,-0.26398708506917712,0.95937296024026186,-7.6814620332283372,-10.514212369492462,-0.1398042909188551,,0.07582731292772923,0.25,False,5
-0.12340733603296335,-0.96872175557314588,-0.21528769052718522,0.977635141908064,-0.15591040144772889,0.14114345902948236,-0.17029432967555444,-0.19305467360229797,0.96629691828167563,-14.310766621123902,-11.270324563877631,-1.0235305730617985,0.2350070305398487,0.213316147511001,0.8076923076923077,True,3
-0.94586189526155851,0.29363900491346562,-0.13828018616432741,-0.30518397012104498,-0.94964823467781501,0.070929364542941159,-0.11048990665833952,0.10929027937899097,0.98784999638603632,-8.6559583706257541,-4.4199318646385768,-1.5636151632833555,,0.08433731577937613,0.2608695652173913,False,5
0.08262263296785996,-0.97328214081022491,-0.21423205852841881,0.98467894392673205,0.046603610430108917,0.16803416581818811,-0.15356066523948772,-0.22483322235546993,0.96222094355530507,1.1267036861967152,-6.6394447772762737,0.48313192778256042,0.2024725346571633,0.1644158900353692,0.4606741573033708,True,5
0.73154459954716944,0.67249360072545517,-0.11222680542848568,-0.64939360985566463,0.73741576524188668,0.185757714917446,0.20767869017306498,-0.063010682872306684,0.97616556766358298,13.218706337609385,-10.592091468019179,3.3215409583127702,0.5790990083691036,0.2239419807207497,0.5,True,6
0.33639314052524238,0.94151576076717924,0.019690790602840791,-0.9229107028996667,0.32544325520214146,0.20572438386510589,0.18728451479182207,-0.087377112966921355,0.97841185124095786,-8.5427860823912063,13.714099371848159,-4.9243225755665803,0.3231295962238396,0.3093173303016545,0.4734177215189874,True,5
0.026936131729633359,-0.96541186262477841,-0.25933449502678735,0.9868165594189291,-0.015735802142830074,0.16107595285301934,-0.15958547197044676,-0.26025433720550489,0.95226055105821339,3.2526722506184158,-8.8926466272602518,1.2764100555468956,0.2524038536937991,0.1141684907033104,0.2083333333333333,True,5
0.086395175775563313,-0.97189438390549687,-0.21899127867489243,0.98591863186736794,0.051816351969044647,0.15899533642656913,-0.14317934536617818,-0.22964401190010364,0.9626854641360999,-6.5117166080750248,14.937071669060966,-4.7502495996007461,,0.1577745204693298,0.5639097744360902,False,3
0.98223983703598228,-0.093513498410634083,-0.16266569446116705,0.12426629400232804,0.97377821960380107,0.19056197732019095,0.14058019317975196,-0.20739142856024287,0.96810433561950737,6.3925908738810087,2.2875391958846527,-0.48201150972504814,0.292034465263105,0.2210999661912032,0.6,True,5
0.76583509808771733,-0.60722273785889469,-0.21160611797423073,0.64274592540402575,0.7327545638565961,0.22349144172395502,0.019346263553943241,-0.30716656031293088,0.95145910385682031,-14.219273591512318,24.633924356210457,-7.4722961094400242,,0.2129424147677697,0.6285714285714286,False,3
0.81422016316339341,0.56493230188857346,-0.13377974503285339,-0.5359384046530804,0.820006109166319,0.20089800234901906,0.22319397912149963,-0.091877501124014729,0.97043442461153373,2.5329443720583815,-4.7706721095269486,0.33129308090143339,,0.07391166860923372,0.2205882352941176,False,5
-0.55874472500650163,-0.80696651236295946,-0.19133577867761989,0.79827264733438585,-0.58585973195513852,0.13974675306140533,-0.224866877941508,-0.074655357464923272,0.97152532895783228,-12.578772134799911,-2.800985658081165,-2.4613757210717337,,0.08387549557934487,0.359375,False,4
0.057379472081858229,-0.98309148435059679,-0.17389286811410093,0.98619299644821723,0.028712187064474298,0.16309194974143243,-0.15534146239846763,-0.1808500586433841,0.97116542687051544,2.9333075399393529,1.1472141688691144,-0.89468640388131537,0.520416549223372,0.3467675168937325,0.7066326530612245,True,4
0.5676590867541772,0.82324349177006473,-0.005771870030156917,-0.79035047551797499,0.54691382187926174,0.2761003391630113,0.23045452278904005,-0.15216906615883105,0.96111148584876704,7.4848869785852274,3.0951006083556027,-0.38605906854856209,,0.6800599220437548,0.186046511627907,False,2
-0.32066319491038603,-0.88010370383878322,-0.35013224061648562,0.92765257537189894,-0.36650170500880752,0.071674260592779204,-0.19140484538210695,-0.30181777733409593,0.93395407512862172,-15.850783467313574,-3.6532067761705722,-2.8100747873569674,,0.4732445507638104,0.1304347826086956,False,2
0.35785786115282103,-0.91184318901611949,-0.20119579979721508,0.92873546290968934,0.32520842667906025,0.17801662605176863,-0.096892678490447304,-0.25056232330867922,0.9632394982521757,-1.174018132658984,-9.330980641520128,0.65631278249158265,,0.2165044064832342,0.3571428571428572,False,1
0.41090697560567702,-0.84429930866438185,-0.34396821769960439,0.90509157728239131,0.33252224837860561,0.26502488763455734,-0.1093832442884581,-0.42022331173089822,0.90080390438033042,-11.636443000844055,18.738496917952208,-6.1733945099091834,0.5907182862605586,0.6501910184290746,0.3902439024390244,True,4
-0.9870974272579871,0.0046484076606419268,-0.16005330801605722,-0.017024663538862905,-0.99695928606229822,0.076041717271118275,-0.1592131587905061,0.077785437199855478,0.98417508392946818,-9.9967273995158887,30.79130253276951,-7.7289403813962094,,0.1513836693366579,0.2666666666666667,False,1
0.5029283427777308,-0.79161268600454204,-0.3470049529726047,0.86212459705890521,0.43079370701106456,0.26675449601775353,-0.061678693054133246,-0.43331990186966851,0.8991271330945334,-1.4050470107580704,-3.5472441329553424,-0.62477808951353708,,0.08218966475052225,0.3368421052631579,False,5
0.97437595473641792,0.16324640322614367,-0.15473238402229442,-0.13345214241078568,0.97334325682051182,0.18652997101809571,0.18105806946244302,-0.16110095044960965,0.97018784740212372,-11.73757626878289,-6.1101243585039784,-1.719332648747353,0.9780623712975074,0.4633369745627671,0.7777777777777778,True,5
-0.70845928554219029,-0.6620205777077367,-0.24456940818623146,0.66302555902736882,-0.74307192794893595,0.090781154270565989,-0.24183165385344857,-0.09784101688844829,0.96537277080345496,-15.423044064692879,15.379534787491544,-6.2948754260147748,,0.1128045085149637,0.2558139534883721,False,4
0.58342794970537515,-0.75230288344342389,-0.30602646791624777,0.81103938968646272,0.5198460197740965,0.26828198616761789,-0.042742670478041062,-0.40472272889935601,0.91343996892662072,0.18450793512703517,3.5633703707966609,-1.7892703521736728,,0.2432105702211307,0.1587301587301587,False,5
-0.02909612302968724,-0.97197818116270807,-0.23326343684399961,0.98561886359914119,-0.066759593851717119,0.15523727756660388,-0.16645981900199924,-0.22539204061454141,0.95994247571686997,8.5026927758383408,8.5750256726972705,-1.299081215949152,0.3381178717913814,0.3075953825969321,0.6888888888888889,True,5
-0.73767740373012392,0.67015032266036423,-0.082040191761072967,-0.67509533777060504,-0.73374106226206459,0.076618134086717998,-0.0088505901711039975,0.11190441719944336,0.99367956025314141,-6.3254669902390237,-14.91380029862154,0.93643068448865663,0.181693844514103,0.1398289252162687,0.5,True,5
0.9466331301750659,0.289965296407455,-0.14073323606843469,-0.25429473308184408,0.94019071473861582,0.22666188176692784,0.19804016153747861,-0.17877792592663078,0.96375232690747981,-20.124837068732962,-0.22792912859093628,-4.0797451927693551,,0.1550969799732864,0.5384615384615384,False,1
0.26129318316301475,-0.93638988003501089,-0.23430720219523021,0.9595299094174371,0.22556476550832302,0.16859089386600781,-0.10501535776210795,-0.26887641980878957,0.95743263235848786,-10.77506964699432,-13.436945523106974,-0.03032729610428431,0.243000010091581,0.1668957529858143,0.4,True,5
-0.33399123618560628,-0.92217899263111192,-0.19502758702572842,0.91905141439568705,-0.36454638193977734,0.1498346859438926,-0.20927100097361226,-0.12919690772029091,0.96928520425466969,7.4020801294062002,-11.413660245368913,2.5020235926472827,,0.1070129377481126,0.3333333333333333,False,5
-0.017613127664243496,0.99809252179367181,-0.059170057237017709,-0.98816964564571741,-0.0083595927446450027,0.15313676447398655,0.15235002185198598,0.061167271875510063,0.98643197215672551,1.7813362362816241,-14.423123851579371,2.1584298294619497,,0.2016166371056051,0.5373134328358209,False,5
0.53003758834903569,0.84592007082754594,-0.058986343404691166,-0.81784836060678356,0.52834554458712912,0.22798036004823988,0.22401833404865168,-0.072596275979198543,0.97187734139860338,14.427420437102771,-10.539660716938521,3.5227465840548211,,0.2296027190849906,0.25,False,5
-0.98679250811247965,0.014337167744656753,-0.16135362268677372,-0.016555648343138836,-0.99978589033908083,0.012413057110652992,-0.16114110723531253,0.01492042559565838,0.98681858741058603,0.28925704579384265,-4.8667069008460873,-0.043251034157283805,,0.5488710209490415,0.456140350877193,False,5
-0.05342341215210402,-0.97229031573403957,-0.2275905994627801,0.98337053865436563,-0.090842617337102041,0.15725775841581677,-0.17357512131826081,-0.21540464434441989,0.96097477409878163,-6.9127829064217554,22.886898242890329,-5.9712517266359786,,0.1276324434965934,0.25,False,1
-0.98674602172837866,0.044369901861144541,-0.15608843779105208,-0.058105688758544563,-0.99472220243458553,0.084566358072126632,-0.15151243360567435,0.092515143584822754,0.9841163196850089,-6.501948637321167,-3.1858388097787418,-1.5608972522486653,0.1623766180305529,0.1249344774108584,0.3625,True,5
0.77270221337253886,0.63003126016039734,-0.077407368317758601,-0.59376493379195461,0.76051191577790733,0.2628018823350643,0.22444262707474966,-0.15710581523457023,0.9617397100937789,-16.420122541098507,3.6347934271493898,-4.4225969005809835,,0.0909984459976077,0.1923076923076923,False,2
0.81891678991197259,0.57374741166067367,-0.013754955941408853,-0.5304396115822797,0.76581832519389992,0.36353282006120535,0.21910981188598724,-0.29040695654527637,0.93147983871117668,11.392544351709608,-4.3652311921414437,1.7544241677062968,,0.4699032842793635,0.25,False,2
0.073870496610241282,-0.96385887090949596,-0.25596723755127104,0.98543653634541473,0.031129734896486481,0.16716989095177254,-0.1531599900956819,-0.26458839085331565,0.95212131625100405,-8.4664436562911316,-1.5415948397966093,-2.1651971026321837,,0.07739682378351768,0.3777777777777778,False,5
-0.90977624607131002,0.40216433474368862,-0.1028155141239093,-0.40979163866990531,-0.9096389158068543,0.068028345018574354,-0.066166418677688035,0.10402351037096789,0.99237145985234387,7.6254428039494897,-1.873607922984605,0.5657093515147702,,0.7615646245945757,0.4692737430167598,False,2
-0.56256913600969094,0.82657596799862354,0.016974579124299782,-0.82481916362382202,-0.5625392921563418,0.056770521392177226,0.056474016398760887,0.017936385014245521,0.99824294215607257,-10.585512274351014,-0.36437267745466972,-2.8033169414673829,,0.3867923079464943,0.1414141414141414,False,3
0.45030399405309657,-0.82481892518390143,-0.34190649832710462,0.88969178356359124,0.38219048654527177,0.24975780719273677,-0.075331555136374947,-0.41665834043345629,0.90593652324430174,-15.354523579862109,-7.1819678722709313,-1.999330578716606,0.7933131646309982,0.714712003260126,0.2714285714285714,True,2
0.31480231563685995,0.94780481247828752,0.050651155097086009,-0.92395607501306709,0.29379197505784826,0.24493151458735585,0.2172663653585574,-0.12390445042292472,0.96821640847967172,-1.3963968986154454,-6.2851060041554438,-0.034971140865504631,0.3410672649041467,0.2166455281540713,0.2721518987341772,True,5
0.50588859963499111,-0.79437121562965407,-0.33623071920693431,0.85990198184683364,0.43362031034377096,0.26933623609395463,-0.068156484469450163,-0.42537959311235929,0.90244495421511883,-9.0249250938904062,-2.7654551068122526,-1.978847614845425,,0.6502017155610088,0.5569620253164557,False,3
0.22492607947107846,0.97341390293179997,0.043285475079413466,-0.95546345905539476,0.21163249050223415,0.2056727190799057,0.19104407131253798,-0.08761884810303211,0.97766308116519751,-10.956215169229081,-5.044715050397766,-1.8159239050512883,0.06550798433410078,0.2125922025829549,0.3571428571428572,True,5
0.80039461124680433,0.59852993711250513,-0.033621134233981026,-0.56015827827708498,0.76670142608953806,0.31367439568750677,0.21352088788858731,-0.23223013932814843,0.94893518894753826,-6.3505000271738901,-0.054501637827088709,-2.1564874310657403,,0.304911318859571,0.2640845070422535,False,4
0.96012145771179869,0.25201189348017078,-0.12106523855306817,-0.2005031307136978,0.92242911806219852,0.33003487198325232,0.19484681422948139,-0.29259960303379601,0.93617316308954723,-20.066018738959244,19.457291478607125,-7.5625628783626766,,0.2553154000841807,0.5,False,3
0.55864138306524602,-0.80368571228958741,-0.20496116946516699,0.82808419374612141,0.52648737749885688,0.19258143576734862,-0.04686547977761843,-0.27730906439558722,0.95963707181895519,4.2392713303996707,-7.1149538308673845,1.0920665694606841,,0.0868234348843346,0.5873015873015873,False,5
0.56141817491710344,-0.77877431540851161,-0.27985746109895315,0.82727345162656318,0.51971718299419045,0.21333702429361578,-0.020694663723295467,-0.35128993062794528,0.93603798829577001,-2.0507734403272684,-10.296613454882801,0.70605139239150305,0.5770255985000522,0.320906133906538,0.3167701863354037,True,8
0.088004426776761888,-0.96462672469043842,-0.24849648464453422,0.97718829354317382,0.035197391191505008,0.20943777743161013,-0.19328284929055151,-0.26125930732953767,0.94571946924223593,-17.168699939256832,-3.0940219466917913,-3.0902930803664548,,0.2140801561904352,0.5074626865671642,False,4
0.98511399968388236,0.067205541806577021,-0.15822080387012272,-0.014865581490435188,0.95026815250719565,0.31107788866698993,0.17125834903377596,-0.30409513886454242,0.93712150994691157,20.389666398631796,-14.390923084887495,5.2857210336230596,,0.1838638337595491,0.1875,False,5
-0.37926273916478898,-0.89828203457599787,-0.22192152000026322,0.90039950503066724,-0.41354318423299924,0.13513980211233559,-0.21316778842440262,-0.14856453524457838,0.96565422012530522,5.2171731204828511,2.3641702890115055,-0.72816014828515496,,0.08590135917125022,0.2424242424242424,False,1
-0.88460791431278618,-0.40684385664933104,-0.22791865707282827,0.40755876714262923,-0.91201241231811014,0.046143375503776105,-0.22663779309806864,-0.052071451721658363,0.9725861785236497,12.430483083788538,2.262287409807834,0.60619252906410548,,0.2075579399273002,0.15,False,4
0.50880658947974799,0.86041619926381585,-0.028281063388728406,-0.8364166204750042,0.50185662932927388,0.22033420204642024,0.20377215583872127,-0.088452742425941144,0.97501436956701826,-1.21284478203738,-14.83771934363104,1.7503169178109161,,0.2296346680201217,0.3333333333333333,False,5
-0.80200813375802404,0.58223468730887118,-0.1333631218902474,-0.59647057020450267,-0.79251440977263732,0.12705813308342045,-0.031714543444411478,0.18144883355114105,0.98288885869005715,-15.099910364975239,-5.5769251437928391,-2.3098429491968444,,0.08561581369024449,0.2142857142857143,False,1
0.72094519568001214,0.67739588288838815,-0.14619453707910052,-0.65372239568773383,0.73479256878895993,0.18090580485107177,0.22996750683999095,-0.034852527862197183,0.9725740316805791,-14.116146958335504,-5.7083248496338825,-2.1223043496803258,,0.09007830226012253,0.3777777777777778,False,4
0.97170566064419239,0.18347267440589282,-0.14874772878395265,-0.14772556471640863,0.96347482392838169,0.2233683531420545,0.1842966809284779,-0.19507445092201253,0.96331754473601461,-11.70985677249136,-6.1251736587731758,-1.7154811714458298,0.5226130876666242,0.5309676192930484,0.509090909090909,True,1
-0.56413589508398132,0.82388188761444037,-0.054491532724469494,-0.82446352428998404,-0.55849138562306733,0.091363391465976357,0.044839591803831971,0.096467649736545868,0.99432560238644807,-9.2797120589553135,10.632710478233234,-4.5979243567242634,0.3608740482776234,0.1125891981423078,0.2809917355371901,True,5
0.79030125848110322,-0.57745850886156436,-0.2048550496974984,0.61210840388502608,0.75899630175215782,0.22191871444264138,0.027335375185132751,-0.30077613680265114,0.95330293862631221,5.9526612936821097,-3.6970998989360475,0.71160782298735981,,0.07310569638632701,0.2745098039215687,False,5
-0.89594688523007093,-0.35989822090771811,-0.26029300688645679,0.37621140504650996,-0.92642798525382886,-0.014005957713127903,-0.23610200668241771,-0.11047379203227595,0.96542808313957007,9.641181221921201,-14.839462764005734,3.5573667058007579,,0.5216922942547753,0.4666666666666667,False,4
0.92568395348127763,-0.21401378663757986,-0.31194120823693,0.32192400179487246,0.87871968177508109,0.3524438365604865,0.19868103919510349,-0.4266729660877806,0.88231288366101102,-0.23611173565186711,11.27709400664302,-3.1965930239585281,,0.3169761684783608,0.4285714285714285,False,2
0.87709455649881363,0.46405185549195405,-0.12393955936110318,-0.42861661884759733,0.87263699480171042,0.23407791299286101,0.21677853447194256,-0.15218590840782414,0.96428549521097862,-16.435665950201091,0.73050057434835969,-3.8013732615259404,,0.6628487476346415,0.4404761904761905,False,3
0.98210864875568638,0.13610350908583743,-0.13014775009119789,-0.086189336139489925,0.93935284079131443,0.33194523468958137,0.16743357003633866,-0.31478893772146532,0.93427722026873661,-18.842861532914938,-8.0711896734587576,-2.3399277293508201,,0.2848153088338665,0.1818181818181818,False,2
0.292856294903935,0.95581826111198043,0.025429161606526307,-0.9353960714001055,0.28088446299070058,0.21479783066799302,0.19816503259755369,-0.086691234708574344,0.97632742954416396,-9.8520664360294692,16.471793924509264,-5.5749963958893103,,0.4212277740624624,0.375,False,3
0.31161490177218754,-0.88501110713338915,-0.34590676958400735,0.94462845243177684,0.24913589097804639,0.21356121998837252,-0.10282626050701731,-0.39330223502684114,0.91364112871139691,13.501796935238255,-5.6033034491805971,2.3388917351311536,0.4490418831141893,0.3278219029373409,0.4130434782608696,True,4
-0.95585245541792718,-0.19124106837262364,-0.223098492238783,0.22076161302929662,-0.96844249874227162,-0.11568680496292363,-0.19393399311163528,-0.15983109959430314,0.96790682708525877,-9.7830864400067306,24.969233486588699,-6.7650035181853472,,0.2099683126770521,0.3928571428571428,False,1
0.6802357054189111,-0.66957686771022584,-0.29823850070136815,0.73290871692743853,0.6151256133473092,0.29062913215277147,-0.011144403304483033,-0.41627790961262889,0.90916912851434173,-2.1861128218360339,18.320682873643545,-4.5320604408651874,,0.2387092628464331,0.3333333333333333,False,1
0.56815602261434683,0.82289259990127106,0.0068193104323955867,-0.78427424064661777,0.53894561290080656,0.30732969559277157,0.24922409479265356,-0.17995942699036754,0.95157866475246367,-16.506212788476304,-0.99223740884350586,-3.4542587546153434,,0.1553893349664686,0.2666666666666667,False,2
0.97145821286862533,-0.14682542559396722,-0.1863095141136025,0.20673865565602639,0.90916624642139088,0.36149116811559501,0.11631022701222456,-0.38969094262914139,0.91357150805242149,-24.314525053157713,18.266338363715171,-8.0587723069631565,,0.3722587423939657,0.8571428571428571,False,3
0.10443310207264747,-0.96353332212804876,-0.24636814798258475,0.98353041606099234,0.063314238416444735,0.1692903656344201,-0.14751829674441763,-0.25999008512370303,0.95427643152442687,3.069754077415336,-7.1220850531526567,0.91925983898762231,,0.06930943167275475,0.34375,False,5
-0.68398074785330465,-0.67326478615849306,-0.28086449452537399,0.69291401324615987,-0.71999298278298041,0.038474341974469167,-0.22812388479318763,-0.1682992348830698,0.95897594376743289,4.6635220085686955,-11.936604576167531,2.1437329687409847,0.1051424112413543,0.08054219627859568,0.2,True,5
-0.97812761604650189,-0.1338040210195133,-0.15925718409602993,0.11437305155436339,-0.98547681180289703,0.12551596901167916,-0.17373880339558587,0.1045559054181424,0.97922565879212053,5.3673657141884989,-11.283611741357332,2.1054006356963342,,0.5201109786505498,0.9281045751633987,True,5
-0.035610457352980053,-0.98032801274002634,-0.19413624794020712,0.98406941686666616,-0.068255337498780363,0.16416026221539184,-0.1741817387524025,-0.18519772228652698,0.96714141962024935,-0.30421885556149852,-11.924827417481005,1.2736376232379951,,0.08834134845008793,0.4857142857142857,False,5
-0.60098490946528138,0.79297267742460442,-0.10005734082544948,-0.79837528194081764,-0.58970689013418709,0.1218305910442203,0.037603826679285191,0.15310165442057924,0.98749472688858142,18.637725880666515,-10.075046685980212,4.1647224841262451,,0.160638014310133,0.2142857142857143,False,5
0.51898278724871738,-0.82809915038999105,-0.21191664319474102,0.85105981871077196,0.47747027887404575,0.21844751719332633,-0.079712304668351885,-0.29372424127966634,0.95256076896392472,1.2845520472082255,-12.588804277081042,1.691852488670327,,0.1221760532750187,0.16,False,5
-0.51234545608687665,-0.83115971493591767,-0.21604550885120125,0.83024416821795854,-0.54370288466572603,0.1228079571780184,-0.2195375930614169,-0.11645042496192175,0.96862920860305846,2.4450428039687044,-18.762791111746882,3.0827367716619554,,0.1316476021383226,0.2307692307692308,True,4
0.79597621371254013,-0.57816140554793327,-0.17930771410814086,0.6049055766001078,0.77078625988169092,0.19994445472602096,0.02260775534943793,-0.26761526621706877,0.96326058711317941,-7.180504890611104,-13.691877134714652,0.54821840372518693,,0.09677478575377294,0.4375,False,4
-0.84879300736015473,-0.49007861879859976,-0.19842726136537206,0.48122738499484546,-0.8715373548427704,0.094036392129273449,-0.21902199567058911,-0.0156712000218419,0.97559406461004494,6.2864438425352667,4.5844218782627566,-0.95393588426669684,,0.07446745694742778,0.1071428571428571,False,5
0.63374023313742078,-0.69573752894929652,-0.33811626360536617,0.77354222331330136,0.56863722632479385,0.27979301919304334,-0.0023970094787728602,-0.43886329950130354,0.89855064336763268,-17.863470435620137,15.164981234698352,-6.6011734785731164,,0.437672259477194,0.425531914893617,False,2
-0.17373877871823365,-0.92529089755329752,-0.33712251730566645,0.96620032253891019,-0.22636362287053821,0.12335496328332543,-0.19045149906262865,-0.30429634428618674,0.93334450304207572,-1.875571639118959,4.1918586340941495,-2.2953592745618936,,0.7861251778705622,0.327966881324747,False,1
0.93631213210470554,-0.31051386235523454,-0.16401442789820847,0.34939623927246144,0.87060457173230288,0.34636678198273563,0.035240023493225747,-0.38161344442255885,0.92364999852766139,6.9504639886398492,-17.72164717285342,3.6852908286602304,,0.2526441218730252,0.1818181818181818,False,2
-0.96558884563270586,0.23511941122685434,-0.11116224023488466,-0.23075287573962247,-0.97168425426898619,-0.050821455544100974,-0.11996370921072441,-0.023421623984343942,0.99250195768186911,6.2735890115576751,-8.1913910684437852,1.615252908325723,,0.08403341530875306,0.1923076923076923,False,3
-0.89997278930053137,-0.34489047575525433,-0.26664496667279347,0.38112909672275103,-0.9193997499786003,-0.097183904894720979,-0.21163551249712487,-0.18908902525688959,0.95888255296333236,-8.6446233522058193,2.8151343801234416,-3.2170777936054491,,0.5112134082573916,0.3267175572519084,False,1
-0.91785564501293404,0.36802451594318103,-0.14865722512773633,-0.38754099202080994,-0.91186463089074099,0.13533245890775597,-0.085749603039417754,0.18182642985902853,0.97958468494730067,-17.198606594686787,2.6707370478404,-4.2958172694243713,,0.07500859016742403,0.1818181818181818,False,1
0.62014368267134379,-0.73630970742558388,-0.27068399951543765,0.78393209942896058,0.56865532682171538,0.2491617602325629,-0.029534324568621706,-0.36671396759346087,0.92986482331795728,3.8172408167587188,-11.886240613168615,1.9765384916091904,,0.1008106752105083,0.1363636363636364,False,2
-0.69903882851369337,-0.68123023113840953,-0.21741685402312896,0.67855618201147894,-0.72785979808088297,0.098902083859054621,-0.22562407691602934,-0.078393153532484702,0.97105524528474896,2.8154031353709783,-3.1454860412384491,0.037530730929795406,,0.1070530413042421,0.3176470588235294,False,4
-0.13335417071387271,-0.96906121915371624,-0.20769453215125455,0.9759070265448675,-0.16491454237089978,0.14285891380992685,-0.17269088190628562,-0.18363972132115078,0.96770569496077641,14.036364961607513,7.7158600511199245,-0.12326558552371156,,0.1681808999302293,0.2083333333333333,False,3
0.90013461804577632,-0.4227173474340743,-0.10520320134807522,0.43031575823618429,0.82532555526496953,0.36560371447810358,-0.067720141827976033,-0.37436315524483582,0.92480603933253402,6.3322798075484679,8.1478419006480323,-1.6175059454064604,,0.2511621501742416,0.1627906976744186,False,2
0.28703367233700483,0.95551156872254284,0.067891921331769134,-0.93018271145571862,0.26108935384450438,0.25805517359267849,0.2288488458647347,-0.13722241561219298,0.96374177786372528,10.090061096482549,8.1957522836953451,-0.99314491011825645,,0.4853465029376098,0.6190476190476191,False,4
0.81463832164527317,0.57770803917488778,-0.051164698569217987,-0.55458671635719592,0.80176128170983341,0.22273845916488882,0.16969967279613718,-0.15307602236703094,0.97353466935141686,5.5942896494361163,-13.555036341426446,2.6062807799224745,,0.2438637681503747,0.2571428571428571,False,3
0.46245828021169516,0.8864367359732731,0.019032923598092555,-0.85917126799737087,0.44272525121865086,0.25655230301280135,0.21899103020770283,-0.13499727793712005,0.96634293273047556,-13.844106434310692,4.2990843272134622,-4.2288772974619464,,0.09989070461444774,0.2794117647058824,False,2
0.96920952172758457,0.18409537046271665,-0.16352919484539899,-0.14098730274717217,0.9593667767684203,0.24441351864627192,0.20187987382764666,-0.21383236940923941,0.95578252460283375,15.663839613250591,-5.6513791013530437,2.7177578383212162,,0.104512039015486,0.5172413793103449,False,5
-0.49331596509266723,0.86806065240658148,0.055767932794306807,-0.86746415291790069,-0.49569607177410036,0.042324317243813761,0.064384019656428051,-0.027497421173375475,0.99754628456111982,5.9434251543032879,10.229412475426557,-1.9871670847532483,,0.2837676092087247,0.375,False,1
0.609597515175194,0.78541690055561086,-0.10729008255121218,-0.75988852345003066,0.61752286724811989,0.20306388244735371,0.22574388457090153,-0.042258735751062038,0.97326969429421806,0.15294465089159209,-13.523852510983929,1.7573196307124177,,0.1124604440673584,0.25,False,4
-0.31743476824743616,-0.92087709823948294,-0.22631954808572372,0.92568851249329387,-0.35270264840379412,0.13675386519913366,-0.20575700655299617,-0.16609097430919992,0.96440543471476314,-0.1133401924192687,-18.575973272972721,2.6715170526189671,,0.1278183156694531,0.3333333333333333,False,4
0.74066390414033967,-0.62253777656314824,-0.25271267846192885,0.67181522642285696,0.69126001299290751,0.26612759342738546,0.0090156891026792751,-0.36688732764822751,0.93022169731798166,13.08693536384094,-4.1570722878140582,1.9861203490508115,,0.101775417544945,0.25,False,1
-0.83588011945939122,-0.52111371975811493,-0.172467147516318,0.50257847327260252,-0.85290873689162017,0.1412854017120018,-0.22072449817710421,0.03141938277246431,0.97482999455836583,-4.6108666625892534,-8.9879494939570872,0.0075770455538268456,,0.07869339425280322,0.2307692307692308,False,4
-0.98260267848923466,-0.070207846654261788,-0.17193846135740928,0.059925667821702874,-0.99613068891884682,0.064285028818427903,-0.17578649140905164,0.052863114382666124,0.98300793515406582,10.458278183896672,-9.2975837912410153,2.5804440308801064,0.04716730250596138,0.1500766577205077,0.1904761904761905,True,2
0.75174599994719415,-0.61802684405695019,-0.23004515119514707,0.65930134757870384,0.71183569217980924,0.24209849322082941,0.014130981717394214,-0.33366565205890858,0.94258556534237525,16.010487167103722,-7.6331552305361825,3.2393716960316183,,0.0920673229924397,0.2666666666666667,False,3
