axis_00,axis_01,axis_02,axis_10,axis_11,axis_12,axis_20,axis_21,axis_22,location_x,location_y,location_z,dbh,dbh_approximation,score,reconstructed,number_clusters
-0.76767472073141718,0.58819275848693764,-0.2543713859958846,-0.59736312032243732,-0.80051707392880911,-0.048267140241558759,-0.23201901997159957,0.114898621453802,0.96590138272984916,-21.626913318513587,7.7058324436738364,-9.3844595885735966,0.1535238373037854,0.1457861544750494,0.26,True,5
0.47159497930686972,0.84709304974815014,-0.24501334771993574,-0.84694415992311656,0.51247402129880615,0.14161909287223881,0.24552752486162954,0.14072577078207044,0.95912068686537733,-27.567382693612736,11.901784775774864,-11.92692400250804,,0.1941139695534696,0.2,True,3
-0.90341819533117063,0.28163805201449638,-0.3232886821434518,-0.29511610135801364,-0.95543079265796382,-0.0076476898616902184,-0.31103384231272418,0.088498633314044936,0.94626948637147179,-23.449482921762886,8.9645176605770338,-10.109062662956685,,0.1334625716541375,0.2333333333333333,False,3
0.56146386775771095,0.77334165891048579,-0.29445034181696556,-0.7658800019245976,0.62038346114836962,0.1689739145121093,0.31334668955412315,0.13064088076534644,0.94060980880401468,6.1073778188089074,-9.0988187901054207,1.8746273534112012,0.4460154924930506,0.4011938174390893,0.7441860465116279,True,5
-0.91926001076364028,0.20767188074742432,-0.33441504535182071,-0.21788162089999583,-0.97594909537956276,-0.0071388025469371758,-0.32785458954363167,0.06630047642846322,0.94239886191598121,-18.560009723925635,-8.2982436412105844,-7.0419492991952808,,0.08667604148696952,0.15,False,2
-0.19200824669233979,-0.89637226350683641,-0.39956175795208915,0.96448539453865911,-0.24760155746458673,0.091985827510097359,-0.18138565798800094,-0.36770944230022323,0.91207949714897019,-22.417794143519931,10.282418900959016,-9.9055119313406177,0.4510342348865956,0.4023264962368419,0.9142857142857143,True,5
0.53978391496502631,0.78569509320218056,-0.30218627643068985,-0.78947356793788781,0.59707985243254891,0.14222213381378471,0.29217257002061242,0.16179885765091706,0.94257960883439862,-20.933860990395537,-9.7859276105189767,-7.7945093293262193,,0.3284822223950966,0.4285714285714285,False,1
-0.85095842725972415,0.39749387143948717,-0.34331964296221851,-0.44537169170023055,-0.8925660321219433,0.070497762618148274,-0.27841302287739988,0.21289551538287127,0.93656910488341971,-8.9755974385322954,-12.921588500285312,-3.2720038489533754,,0.0880505212823929,0.2424242424242424,False,2
0.64694286662639644,0.72610689395797523,-0.23288131283536287,-0.69281151043946387,0.68728725550378633,0.21828522493439942,0.31855476503077002,0.02012478493734482,0.94769080121494098,-12.309688449329078,7.0190071845662096,-5.9932973035121782,,0.1477941883541323,0.1666666666666667,False,3
0.76441097638507016,-0.49142818022030116,-0.41734182975995593,0.59651418617917096,0.78469594566077672,0.16859151387463611,0.24463582090328939,-0.37782352566893374,0.89297407497758374,-5.3343278385798749,-3.8572023400265962,-2.7936431454803468,,0.1538580301870628,0.2615384615384616,False,5
0.54225886120377376,-0.65907266739532078,-0.52113198571801844,0.82372396732175424,0.5392770325543963,0.17509742379325749,0.16563258467372183,-0.52421703639975592,0.83532170188650112,-0.61768951103864178,-8.596596808932512,-0.65988842005230752,0.3983736691119046,0.4689400801853776,0.2285714285714286,True,3
-0.77930473314184878,-0.50000175561898397,-0.37773320913132147,0.51704099368512146,-0.853622757554099,0.063220239123548932,-0.35405189415086413,-0.1460357222177871,0.92375365984905056,6.0065898940304887,4.9253806943228433,0.77019732188909329,0.3817296603945989,0.3100118984592075,0.9648562300319489,True,6
0.69222078900742157,0.69371484553964591,-0.19897259194132547,-0.63941555614176682,0.71737802086179403,0.27661619935992771,0.33463132822534536,-0.064253313240031834,0.94015604338206582,19.417492676754332,-10.357944643225553,6.9299838971956849,,0.4880497078671104,0.5555555555555556,False,1
0.83953728589162968,0.42565850722022514,-0.33762698474613639,-0.4017795210353694,0.90472786843587316,0.14156518128435491,0.36571896597566167,0.016802360147694845,0.93057365029274397,-3.2011092609883494,3.5357989116458328,-2.5317631344944598,,0.08602973844098845,0.2342342342342342,False,1
-0.53416633389536905,0.83824129469394804,-0.1096259987530116,-0.84517934066437583,-0.53235166942789935,0.047682094872812983,-0.01839048250896011,0.11812379915640564,0.99282856436846401,-10.177135885407319,-14.260969351428729,-3.6560993967834996,,0.3785501328673647,0.1666666666666667,False,2
0.46923598868696764,0.82195667592383193,-0.32280769790265057,-0.83975114227388326,0.52842423713657405,0.12484328038119552,0.27319517925957615,0.21249717294795895,0.938194726865619,-4.2760020849821929,12.557424326364574,-3.5269791119359866,,0.07519964265987125,0.1403508771929824,False,5
-0.45464141929896001,0.82379660168256219,-0.33861532587006304,-0.88707475536547364,-0.45295057213571599,0.089073888402899704,-0.079997239021806429,0.34087378640515781,0.93669925989652558,-17.094774094235547,-22.654858113881836,-5.3348444530187464,,0.1150853504752621,0.4347826086956522,False,3
0.023288829881476073,-0.92622129223417615,-0.37626021343586613,0.99329903025772759,-0.021178786245917864,0.11361556012363043,-0.11320188554882035,-0.37638487858201947,0.91952148223028984,-3.4604733312729437,13.385287272294743,-3.2669121942624231,,0.1174050495089217,0.1818181818181818,False,4
-0.091198713587147887,-0.7939734387709666,-0.60107318453434311,0.98465616947464862,-0.16207304149835672,0.064688152972430149,-0.14877843444384672,-0.58595094312210039,0.79657169777664105,-7.590160144254801,-18.925623270687709,-2.2704952429757124,,0.2221269634437485,0.2142857142857143,False,4
0.91169331566881739,-0.15803974892512682,-0.37926077562078875,0.25388915794480166,0.94243918894028589,0.2175974968322395,0.32304116400681654,-0.2946723823320736,0.89934008775760832,-26.848096228329528,-19.53445672927705,-8.9999343060489441,,0.2281913888395016,0.1111111111111111,False,1
0.24133753791696222,-0.89130661248938614,-0.38383422896463232,0.97035043915582442,0.216226518757001,0.10800980426019902,-0.01327471364199953,-0.39852053286991779,0.91706333852073674,-8.2795322108125369,-5.2412896916655445,-3.7444222063150407,0.4470052546005687,0.21952278627952,0.814621409921671,True,5
0.85535070005771474,0.41800961665428615,-0.30601166692679416,-0.36480174488138623,0.90541742239169232,0.2171151265137477,0.36782450549450141,-0.074075985407697248,0.92694006361986825,-16.636798448755638,-3.9520801958245042,-6.7422084946032896,,0.1539446591150353,0.1851851851851852,False,1
0.93376035798971702,-0.0069453167311423966,-0.3578314637122057,0.064037796892534346,0.98691929261114852,0.14795090550943168,0.35212320914143952,-0.16106542908835023,0.92199087475772756,-1.1619957420845708,5.5557699210717262,-1.8764760191820176,0.2475208717170517,0.09297384405023967,0.3860759493670886,True,4
0.048541477334260633,-0.88585142695978747,-0.46142277179558067,0.99564244153918346,0.0060875470434660888,0.093054126060524947,-0.079623197524979775,-0.46392907984335557,0.88228677610604378,-11.42326621053425,15.000171425283769,-6.2665548505686957,,0.7767204210463031,0.3459119496855346,False,3
0.46682061596820396,0.82081713497029674,-0.32914699367641287,-0.84219200787736914,0.5261743980541933,0.11769929778801942,0.26979832166741174,0.22226050879870957,0.93691468760714114,-13.626065137908533,17.992148080871512,-7.3408241430439922,,0.2318735152873228,0.2727272727272727,False,1
-0.16734998045468319,-0.88405340294664481,-0.43639840144101683,0.9706961407618816,-0.22517923984740271,0.08392444370822881,-0.17246155035777361,-0.40956549009920706,0.89583096785497984,-6.6902255969122235,-14.055067605211397,-2.429363518251384,0.3940835139489227,0.3073972414822002,0.325,True,3
-0.31519574352882218,-0.85340424236094337,-0.41515399839295714,0.92248115835633349,-0.37825002161943549,0.077171456008394382,-0.22289045681426556,-0.35864762687803053,0.90647213084346245,-23.662174572144043,7.0843083064974639,-10.069949852200565,0.252883476837335,0.2595816650345602,0.5925925925925926,True,5
-0.055655469171331358,-0.84204573560801299,-0.53652721076910781,0.99037998114430459,-0.11474082406248329,0.077343624443571374,-0.12668844343477006,-0.52706121317909738,0.84033119415040913,20.827108689246781,-1.2048458698440434,6.8622245311839318,,0.2426980623496304,0.2413793103448276,False,4
0.6980448428566034,-0.60123138946121835,-0.38891414693712878,0.68997486529071606,0.71001020278314575,0.14078422216603786,0.19148911882496103,-0.36661468638117989,0.91045350738039932,-11.291788381540897,-14.628324467213451,-3.94286344416926,,0.09053656316585668,0.3846153846153846,False,2
-0.73845193695072819,-0.5555384508260458,-0.38218551315757116,0.58096635178529499,-0.81188609584030602,0.057611331129139111,-0.34229641380973247,-0.17949372422172236,0.92228800710950032,13.725661257650787,-7.0299334140133247,4.5636307594572729,,0.08697860966911289,0.4074074074074074,False,5
0.5649717602553932,0.81530459165264846,-0.12682796593823706,-0.77317377004163468,0.57679094861466906,0.26365606937029784,0.28811322675907775,-0.050898177042976445,0.95624272239854124,-16.362451203251112,14.768304424684876,-8.0579384119357744,,0.2335710826617222,0.1428571428571428,False,2
0.1122177418473029,0.93500666412306244,-0.33640706957517041,-0.98235480362868799,0.15536268928499319,0.10412240184405633,0.1496202466323745,0.3187867199611617,0.93594273808501249,-9.8836563513901972,9.3484176164730268,-5.2744782041012872,0.3629942805388847,0.3410726850465103,0.9132075471698113,True,5
-0.92136290608009619,-0.12336887597171142,-0.36860617973810111,0.11504177943542748,-0.99235998534222059,0.044576321920042468,-0.37128935385218254,-0.0013341413213540376,0.92851625499124391,-19.14339784353524,-17.367610343836194,-6.6512687040447291,,0.2414028713313824,0.8055555555555556,False,2
-0.91100960468496006,0.24474646852535259,-0.33190460424061891,-0.26782929649135506,-0.9631442176145828,0.024913530792307889,-0.31357450169409362,0.11159024249441353,0.94298390742755467,-4.5528040693490537,-13.076029634553928,-1.6774586263980864,0.2134908456445552,0.2423861761725133,0.2432432432432433,True,6
0.79903069724611409,-0.47318581499561357,-0.37100556511368704,0.54814112116165947,0.82684787056734244,0.12595201558486807,0.24716645433801965,-0.304002933250962,0.92004943368537717,-1.1700769373565794,5.635322030367929,-1.8789011429919431,,0.08224616933408856,0.4736842105263158,False,4
-0.93336822747704662,0.0036124358876687204,-0.35890207890637149,-0.00087017600121598636,-0.99996918584352545,-0.0078019329121425257,-0.35891920362399765,-0.006969768317250425,0.93334260997745144,9.1945420291506181,8.8654174135228665,1.7414666560571492,,0.135831447370521,0.5272727272727272,False,4
0.49012952765715306,0.80970477285839726,-0.32272469215867161,-0.82663455345264947,0.54922911384521234,0.12256710628444832,0.2764929676442362,0.20670162388122634,0.93852334948478999,-7.5697691071849764,-5.2544922097952345,-3.4119344190944698,,0.07350397494005828,0.3015873015873016,False,2
0.8754418194031014,-0.29705349348028387,-0.38126217075832119,0.38204702951420938,0.90848102799210406,0.16941749914863796,0.29604338884622494,-0.29397524349776288,0.90881068882956828,-19.180552182869008,17.514584559355516,-9.3138408726269049,,0.09468527778113843,0.3076923076923077,False,2
0.28463094978216641,0.94087795242369154,-0.18366790974229297,-0.9306645059542108,0.31715189428029028,0.1824232806179838,0.22988866823553078,0.11900989285527833,0.96591295964981683,4.9646455776023917,-21.446059473037348,2.5688229949563999,,0.4626573977079095,0.65,False,6
-0.90490166083527579,0.28907153217567444,-0.31239499596371367,-0.2837641109913015,-0.95679628767033509,-0.063393952500081924,-0.31722375940474101,0.031281195403537604,0.94783467613463579,-8.7597883677103052,3.7279652231014788,-4.5258144538587377,,0.08232089631445666,0.2430769230769231,False,1
0.91432694676308734,-0.17410108149117756,-0.36564333420218936,0.26899897173124254,0.93601376817701143,0.22697528277459333,0.302730552852575,-0.30588729821075411,0.90265562268392285,-13.38865225183503,14.492608507447459,-6.9519599972757558,,0.2239739454220843,0.2058823529411765,False,4
-0.16957582319687756,0.97607878281441729,-0.13606707877597291,-0.98454128614585779,-0.16164280574397172,0.067454126823173421,0.043846277622638166,0.14540224582427219,0.98840057205967702,8.0388933480494025,11.823804630481398,1.0751639373896127,,0.6275857974420282,0.3,False,4
0.33264807139119174,-0.8670535225270789,-0.37089547000887446,0.94274599178980556,0.31574464925233758,0.10740256716099975,0.02398448590183698,-0.38538747455243216,0.92244308165551447,-1.8077294596173381,11.555755892874869,-2.4580495546258692,0.1929137329963407,0.175367901237141,0.4852941176470588,True,5
0.037821277688800337,0.96123857362770848,-0.27311161733649691,-0.99210904921805687,0.068813875514963763,0.1048059396993124,0.11953738082136267,0.2669926124573142,0.95625611604820016,11.799150998288157,-8.7777862278047962,3.9913006651222518,0.2742476488584835,0.2318754522554233,0.5094339622641509,True,5
-0.44975553808713326,-0.78883874688420008,-0.41887156429402161,0.84773265611349546,-0.52467797023951823,0.077861231072335113,-0.28119263809480072,-0.32007258389232063,0.90470118896892293,2.5205483997834119,14.81532237144938,-1.1830671824372301,,0.1263306022478534,0.25,False,3
0.15676391834130782,-0.85968352479530918,-0.48617827090666532,0.9876080650027943,0.13274128225021412,0.083726112581482715,-0.0074420324991152365,-0.4932788148522943,0.86983942596906938,16.948629076457465,-10.948905501344514,6.0942214217708957,,0.1575599476034932,0.3333333333333333,False,3
-0.9318034479467312,0.014258310570449269,-0.36268310544366378,-0.037219511931776736,-0.99771422689337153,0.056400615121842343,-0.36104991666824043,0.066053175807363501,0.930204244045155,8.1627145607033587,-3.1542789046054787,2.1418189748458336,,0.07208692571960386,0.1764705882352941,False,5
0.74119091237444423,-0.56275611800198166,-0.36598030420349209,0.63558467546225972,0.7637440463564853,0.11281467977421343,0.21602812717577932,-0.31622868830383533,0.92375931116420307,-15.589172145081672,-9.526891694343151,-6.0496208111845782,0.2476024732041775,0.2521910870112959,0.9154929577464789,True,3
-0.16631001911843488,-0.75934117297332393,-0.62908024970453769,0.97161714478199357,-0.23503218470878845,0.026832743368894268,-0.1682293122690359,-0.60676260199398535,0.77687710953211686,-10.287468287300022,-18.687751957190564,-3.2478703353861613,,0.3569202031688594,0.3333333333333333,False,1
-0.88865035729120045,-0.21583131103096426,-0.40462005346358887,0.24374653135181565,-0.96967021210278559,-0.01809166146314882,-0.38844326605075891,-0.11470189597035474,0.91430591386068683,-13.152825213968287,-19.092905336429258,-4.2769535567859576,,0.2397558569166121,0.5675675675675675,False,2
-0.84301565864085737,0.47980877415153933,-0.24312165582999709,-0.46273484995864544,-0.87735610927956875,-0.12697525799764331,-0.27422811292803717,0.0054587321802150313,0.96164917944274941,-7.5028570318951173,-34.749722217923313,-0.93243812417604477,,0.2790409461431327,0.2352941176470588,False,1
0.81964047722517464,0.46505988266554299,-0.33452771728094827,-0.44494968097832605,0.88460935950637032,0.13959248715821956,0.36084521541982023,0.034432348291153408,0.93198988401150729,-14.45626803493027,-5.1410756534415869,-5.9132936743772833,,0.074225783509375,0.3,False,3
-0.86530167937121849,0.416275532335113,-0.27922694149466792,-0.41256196073674989,-0.90784266678390213,-0.0749287723090451,-0.28468514578459625,0.050362421961325524,0.95729723399986488,6.6942882885203359,12.186144451037842,0.61459435453657718,,0.5335631892065965,0.4583333333333333,False,4
-0.88410976980631273,0.32876600618463325,-0.33205847092106311,-0.35711759309818381,-0.93368623356645153,0.026401552004642975,-0.3013584902284801,0.14192579196854754,0.9428892458509176,-13.072821904198095,16.393674993595297,-7.0191578927359624,,0.1729179036967602,0.4444444444444444,False,1
0.10368188773356465,0.96094688793300775,-0.25657580698084537,-0.98534882017324699,0.13436216449669888,0.10504528230697388,0.13541701790836441,0.24192537552648258,0.96079880512892812,-15.061229011517373,9.7980460688331856,-7.1732632153082569,,0.1697357385806004,0.5245901639344263,False,5
-0.66981256924194754,0.68680922444524228,-0.28221306012023262,-0.7193385849499766,-0.6944451988484156,0.017258794817408885,-0.18412800516941075,0.21456690101995909,0.95919649848142408,2.4194911323475563,-20.929145194403862,1.5797071466808152,,0.1733945179130251,0.2272727272727273,False,4
-0.035480876304524775,-0.91870111382639397,-0.39335654420742294,0.99218204466017657,-0.079506314854990351,0.096195302131290267,-0.11964906046690914,-0.38686820669618543,0.91433970327065173,-2.3664182412411057,-6.5795846750732014,-1.4112770494807225,0.2952159378547628,0.2630421556422162,0.7891156462585034,True,5
-0.65322972549400893,-0.64376725216146058,-0.39856574209972356,0.68446162571220182,-0.72714249063280334,0.052688530476112445,-0.32373323687633704,-0.23838524149117343,0.9156250695458068,-15.015239258633672,-3.7814562045180922,-6.2420803563381053,0.3398705248700277,0.3402812005930264,0.7975206611570248,True,3
-0.89044906063355711,0.36622304961034741,-0.27015023292774037,-0.33687402425844243,-0.92956294050956145,-0.1497619157567745,-0.30596791040358728,-0.042348761083578199,0.95109947967494335,-4.0748760576160388,16.840771483486947,-3.715936947535678,,0.3696202871322774,0.2916666666666667,False,1
-0.13289057396937434,-0.89288183057419268,-0.43023497298635566,0.97780597905806321,-0.18904755729482373,0.090313279196161306,-0.16197395675970153,-0.40868454547650845,0.89818783092417098,-24.405376702503027,12.171435300802973,-10.718931404450274,,0.7352059411167907,0.64,False,3
-0.051335345736744781,0.95547897260504766,-0.29055914232336755,-0.99508465924268252,-0.024267291356029026,0.09600843457798354,0.084682957069071599,0.29405957131139887,0.9520282376600987,1.3065493935774215,-5.6596013314612579,-0.23000329567422087,0.4577500332609655,0.4788184868749963,0.6818851251840943,True,5
0.9283197212317218,0.02932148292948368,-0.37062480463546282,0.09601121942271848,0.94416295450558452,0.31517956958573407,0.35917174292700366,-0.32817154961712014,0.87366989939260076,2.574955420848509,-14.869498346359599,1.0453307587736287,,0.164106473728522,0.4166666666666667,False,7
-0.92538165111750892,-0.077962539457719804,-0.37093212615832694,0.098169956882919671,-0.99452262995914276,-0.035880329774901257,-0.3661030720174841,-0.069617389641191546,0.92796657252236614,-6.3263534574437967,-17.034407321030251,-1.9856176892487387,,0.1156436775915089,0.3214285714285715,False,1
-0.92399524565745694,-0.13161284363678494,-0.35904156499248902,0.11205973238776364,-0.99087938539936382,0.074837557200658808,-0.3656164689665925,0.028915445360884501,0.93031634116572581,3.0650774426096996,-8.2617634423213495,0.68525776923566961,0.1631567311729021,0.1166198741808522,0.453125,True,5
0.93432616752697795,-0.028090882216016223,-0.3553104487777905,0.077955901667012759,0.98885847932853099,0.12681397894296792,0.34778943352211267,-0.14618416534081374,0.92610620326935345,-4.8393877897830073,-6.8378883404003119,-2.3221800528759333,,0.07401471049417344,0.3048780487804878,False,4
0.45201908284552528,-0.79804098616210617,-0.39850888716427008,0.88775952954928694,0.44602797318155707,0.11376319630698838,0.086958417866934909,-0.40520319784642234,0.91008164579729556,17.49123679591473,-1.1839520738127649,5.6061696455770011,,0.09140033727664545,0.2857142857142857,True,5
-0.57808040948424866,0.74743287861142094,-0.32736391392633324,-0.80419042716095301,-0.58981912791500746,0.073424472815698569,-0.13820563314570988,0.30570817508896364,0.94204124891140961,27.247635991088679,-1.096401581957857,9.2063097234706337,0.3495688572542201,0.2436297963574842,0.8235294117647058,True,6
-0.45847504651616561,-0.79551575623054005,-0.39617586159552026,0.84759646231099905,-0.52543129338972427,0.074176768631975559,-0.26717198356092631,-0.30178906129241095,0.91517347737156729,-22.033728506717566,16.479457431498389,-10.242619619226698,,0.1209321779808392,0.375,False,1
0.91179320447294709,-0.14151234890956865,-0.38549631306025689,0.22792968594369317,0.95526905451426103,0.18843856227704536,0.34158631492283831,-0.25968305411313813,0.90326269759351252,12.950076054534737,8.5528579333773784,3.1336524838378823,,0.6967403913869985,0.2978723404255319,False,2
0.058690562183442804,0.94464367820295547,-0.32280603950636433,-0.98966283846959802,0.097444818759886601,0.10522344533968184,0.130854438453159,0.31329351817113271,0.94059783510757911,-5.1892087240626648,14.295456907602853,-4.0028265680343766,,0.0713662170964988,0.3076923076923077,False,4
-0.82485287888126335,-0.38244302928094259,-0.41635928902296532,0.43125019332732151,-0.90185885455825066,-0.025959145017292823,-0.36556941742498217,-0.20096749938559005,0.90882950284102426,-11.026418519374579,7.7293594977650892,-5.615198662136196,0.1465513001158618,0.1484758865076659,0.367741935483871,True,5
-0.77770871344782677,0.53645145342960321,-0.32770260166894138,-0.58178736126065478,-0.81167797613890191,0.051983933368117657,-0.23810212788778462,0.23108158984290106,0.94334971009217305,-6.8931291700036397,6.9095572810415709,-4.0415140458969319,0.1056698164119054,0.2382136986183485,0.1354166666666667,True,5
-0.19484477530479308,-0.89055199500695725,-0.41103851124384078,0.96440459609191731,-0.2503285202990137,0.085202153503838432,-0.17877161008731254,-0.37980623495939947,0.90762764133357865,-14.016677796099955,11.957546203972912,-6.9490113516184904,,0.1277448281801238,0.5777777777777777,False,5
-0.93347302528406995,0.2118620426865338,-0.28938311273413542,-0.1917737480297694,-0.97668948738447936,-0.096438969297995225,-0.30306920106408453,-0.034527092280330622,0.95234286854317607,-10.529088809216937,-20.048970484902679,-3.279282676515328,,0.4375649867972131,0.4074074074074074,False,4
0.57936880032349958,0.78027713322990522,-0.23558308209680667,-0.75564230613053607,0.62254271470181644,0.20358112279241186,0.30551022633855518,0.060067992560219663,0.95029223814169472,-8.6086924905389868,-15.194482544131658,-2.9285107113375815,,0.2197363854684649,0.3571428571428572,False,5
-0.92145023605395981,0.152355854787384,-0.35737537126683711,-0.14454830489206735,-0.98830198459973762,-0.048631006457323669,-0.36060400722805908,0.006846951747151879,0.93269387755192246,-17.439617839821519,-10.91373653562793,-6.4954898064809434,,0.1994740202639347,0.1333333333333333,False,2
0.029665239017635188,-0.9217433756115293,-0.38666409596740536,0.99500597556436932,-0.009652413226582052,0.099347569220902363,-0.095305205446634775,-0.38768025541052203,0.91685382552488059,-3.4924472685720134,-10.993113115270468,-1.4700317580681135,,0.07067380395765835,0.2666666666666667,False,5
0.19067276914406442,-0.90179184347888208,-0.38783419929383822,0.98114370728865175,0.16233675513845122,0.1048990161011908,-0.031637331663932705,-0.40052246998898422,0.9157405911496489,1.4852548075410912,11.144693182285804,-1.2964914094121645,,0.3949521610537172,0.9218106995884774,True,5
0.65715734908922374,-0.60216520641836635,-0.45336660961869568,0.73341694457473516,0.6496054855204042,0.20028054971079909,0.17390745800190519,-0.46412258872083179,0.86853118463897983,6.7383831686952318,7.4148962972262034,0.89332831218000841,,0.07571010358858904,0.1818181818181818,False,2
-0.53671840967363404,0.81499397359516179,-0.21844489401442727,-0.83985436517530565,-0.54090448189931695,0.045464126046988261,-0.081104833477358654,0.20786333121741482,0.97478963962580667,13.825628458730153,-11.967515920140094,5.0670760618868735,,0.4146970636885971,0.3888888888888889,False,5
-0.23194121041058713,-0.82513931747600777,-0.51511977409967524,0.95524240876409838,-0.29317452854552123,0.039504889705892152,-0.1836170346450324,-0.48290144187747064,0.85620732420414725,8.7179792847026487,10.563624017593122,1.4646809427429297,,0.6101545074776077,0.5477707006369427,True,5
0.81817129107633169,-0.43211199229616337,-0.37930853480027293,0.51784570563333421,0.84046823131357951,0.15952735599181103,0.24986308974236993,-0.32694399867020696,0.91141431748570467,-1.0008989552901686,-11.267611459985817,-0.55576946046543674,,0.07089701385171729,0.1935483870967742,False,5
0.36293212690815219,0.89831414384466779,-0.24761254052762838,-0.9012249058985482,0.40592676533981775,0.15171397486357396,0.23679936707279758,0.16809271295738543,0.95690694406747223,-3.891630796000269,-3.7599467856205373,-2.2972362826644606,,0.0829646624082232,0.1944444444444444,False,3
0.017426294149971114,0.97185741489652566,-0.23492443334579083,-0.9922044946169235,0.045806487876498186,0.11589653372899122,0.12339596887327256,0.23107343157330409,0.96507953251883016,-13.285009827462291,7.4815565467722873,-6.374356904832017,0.3249394100667746,0.210874343316021,0.7355072463768116,True,9
-0.5696038877017886,0.75405333353908999,-0.32703972433573569,-0.81171825075315962,-0.57858053046445879,0.079737388731358799,-0.12909257340853694,0.31088283958116975,0.94164057237605803,13.099828305132313,-4.3456555622781128,4.1711293417257052,0.0750030364907222,0.09129547380361258,0.3214285714285715,True,5
-0.84586740407865768,-0.38692266500694167,-0.36715008650572084,0.38698721988075241,-0.91888141334154372,0.076797394906420832,-0.36708204309962977,-0.077121978186328988,0.92698596219922791,-4.9581855905103236,11.086555537752727,-3.6289836576933565,,0.07245091485051133,0.2153846153846154,False,5
0.65716051069613279,-0.65540722747283109,-0.37226526746122146,0.73345186276114283,0.66987673582852691,0.11538424419273012,0.17374817464885123,-0.3488646227006898,0.9209261896775971,-16.502848079208391,-1.5535172005385955,-6.8520381400610715,,0.07196235560190453,0.3076923076923077,False,1
0.51533207195296904,0.83482406625114436,-0.19365338629769496,-0.81294487804029125,0.54771320142732083,0.19781525282518064,0.2712074499063678,0.055488984403568337,0.96092012765117207,3.1144579798904108,3.4114208631378893,-0.29452493359377313,,0.0716955201995056,0.375,False,5
-0.87350517758498736,-0.31705084793780702,-0.3694150302222925,0.31667283035727112,-0.94640934510701091,0.063463926821727343,-0.36973912863765807,-0.061547634528356654,0.92709485244942935,10.93096887007883,4.9491339421974674,2.6657696956672421,0.4430966120093454,0.3552050279311211,0.8850574712643678,True,5
0.12272540502061001,0.93558772547027935,-0.33108017595724221,-0.97984732667586394,0.16720293978605444,0.10928125792223209,0.15759978226092702,0.3109964386874105,0.93725318017868464,-3.6791822402293524,-21.138017109494903,-0.66001798052630622,,0.1372726109665677,0.65625,False,4
-0.52794428642849867,-0.6695634012574877,-0.52245543553877227,0.79873317461479165,-0.60051420768985142,-0.037523354492994682,-0.28861764706490206,-0.4371127292348449,0.85184054596126479,-16.822026954840943,-14.239912939422458,-6.0664456007060021,,0.636785249963844,0.5151515151515151,False,1
0.76032926854069816,0.59024231229885582,-0.27113357625434092,-0.5402173648013775,0.80640272808274083,0.24058229134283801,0.36064470350668376,-0.036450691527251805,0.93199074293673267,0.83798943813746085,-14.479360497799664,0.47372367548801475,0.3986334231408539,0.1958630686880708,0.375,True,5
-0.87406657781814801,-0.26183562380784065,-0.40920621164204174,0.35254790023042032,-0.92140485825762597,-0.16347190958194219,-0.33424182201572872,-0.28715012325333256,0.89767879062123479,-18.939759885856667,5.0792543095622245,-8.1848128267595417,,0.5175340325744182,0.2727272727272727,False,3
-0.22144362774085574,0.9151556065194244,-0.33682775359081352,-0.97485872602369594,-0.19897693577165973,0.10029278800779769,0.024762552946448343,0.35056867356765514,0.93620960317900448,2.5371227545126218,6.7822570574510692,-0.61621429291264584,,0.2412258130623,0.8907103825136612,False,5
0.88343129312983326,0.3265086423360945,-0.33606733967880503,-0.28777204805201795,0.94410683154825858,0.16077791820972545,0.36977885104329039,-0.045325457567977387,0.92801357975913035,20.116196182219625,-3.5488910256165691,6.6973985655046944,,0.08591447384974638,0.3529411764705883,False,5
0.071384357770315543,0.93491717749708214,-0.34761206061730626,-0.98862668186046398,0.11256609827790368,0.099730423803665841,0.13236901971114332,0.33653936580937982,0.93231952563556897,0.93942591521840968,-7.3326890009526791,-0.14441575647956781,0.2221625037092201,0.1938959096775999,0.845771144278607,True,5
-0.91637915770779321,-0.17068429869160751,-0.36209958505763373,0.15564261114951833,-0.98529087562442186,0.070549755533387506,-0.36881515277075622,0.0082922006376491414,0.92946577263246744,-22.852094701019553,-4.3940761939619541,-8.811990034449817,,0.228899009021948,0.7142857142857143,False,1
0.29685112646932738,-0.72820287675189954,-0.61773779146507568,0.95485413199043656,0.23416773320517831,0.18280880543983241,0.011532360325685664,-0.64411648249040054,0.76484048117860015,-17.877821102491406,13.042172806564176,-8.4081085267858953,,0.3195728314715569,0.15625,False,1
-0.79080928302935427,0.50593246411731896,-0.34446047614607128,-0.55843935093851427,-0.82677682366017291,0.067716875162453921,-0.25053177283125427,0.24591141821919188,0.93635538402438656,-1.5147808570812646,1.9786883442299632,-1.8087390918669803,,0.2910614414559737,0.3580698835274542,True,5
-0.60472817262552858,-0.64370360592404119,-0.46898774499274049,0.73297422797031198,-0.68015786655828403,-0.011578328472119065,-0.31153269228816688,-0.35075767173259431,0.88312877733454931,-15.9296932738003,11.872149068481194,-7.6091923534211112,,0.1196978387891813,0.2753623188405797,False,4
0.35468272475627388,-0.72893400652222151,-0.58553853749768603,0.93429491705980583,0.3003994740819142,0.19197177898722867,0.03596071072263908,-0.61515475297421962,0.7875858411484753,-12.273233113848567,13.444229497692355,-6.4469899852013661,,0.3821083668421572,0.1515151515151515,False,1
-0.90521203158686048,-0.21039424097611267,-0.36922275286671508,0.20478874980793987,-0.97727073347717708,0.054804027599094404,-0.37236104229966233,-0.026003400798101907,0.9277235996375448,4.6289461985077152,2.2857961829590927,0.40687809819094878,0.3751737060267518,0.3203302771100636,0.9038961038961039,True,5
-0.92513693043611278,0.22640711140269471,-0.30473181627381074,-0.17736519849741597,-0.96747965796902791,-0.18034605007625043,-0.33565346163151655,-0.1127959721019372,0.93520790328801229,-8.2978675995810569,6.2872888214015097,-4.5445565617037049,,0.1060479713620809,0.2156862745098039,False,5
-0.89716274461516476,0.28549864568587491,-0.33703046299424577,-0.29330317425154462,-0.95558808878227641,-0.028716764292024841,-0.33026089330793074,0.073088493546980313,0.94105569147765145,-21.712482006008251,6.8297903005284111,-9.2809300423350454,,0.1418061100121227,0.15,False,4
-0.92817547787520394,0.008779069239932949,-0.37203925896928752,0.030779759597959824,-0.99448532835926284,-0.10025735921746616,-0.37086775091699187,-0.10450770125425549,0.92278667724903918,-5.2943003083623017,-5.0153809887165641,-2.6831416178621117,0.5934196817547102,0.5045309906194759,0.6819484240687679,True,5
0.55600973304280465,-0.73740815983024677,-0.38351321043405823,0.82098459215441655,0.55926949673267035,0.11489964956183166,0.12975930104125596,-0.37874376013362215,0.91636002092688984,-16.54146939907163,-4.9672940424659222,-6.7048358454063086,,0.1037445336498382,0.46875,True,2
-0.76639978933637531,-0.45252602555575994,-0.45590740189195,0.53721228452043857,-0.84064748185994076,-0.068664201756609353,-0.35218507104289842,-0.29754328666136787,0.88737459299737698,-14.124564241222481,-21.023661749562379,-4.5030670366751115,,0.07985340737835966,0.6666666666666666,False,2
-0.39492286320182879,0.85324014049989849,-0.34061296916028444,-0.91708431962762715,-0.38820215343802678,0.090859445074315343,-0.054701762435991008,0.348253285276383,0.93580305966619093,6.8392725111303836,9.3929622221503273,0.75813968198912185,,0.1000109101487759,0.4166666666666667,False,5
-0.75565305694233775,0.60347261910611261,-0.25457662014196991,-0.61531380213708953,-0.78727614599833995,-0.039814505416984572,-0.22444906422905561,0.12655855534577332,0.96623265812923775,5.2645685566238383,9.0972296580245047,0.25700366583308532,,0.07078533592411791,0.4,False,5
-0.93318761755562729,0.00045299804384758141,-0.35938929482334953,0.0040615165769973538,-0.99992205261095246,-0.011806472182398428,-0.35936662967496996,-0.01247731922614961,0.93311303815828295,-2.9945730463224187,-15.093615612310241,-0.93356669975567286,,0.1182482230325319,0.2424242424242424,False,5
-0.51926338802758665,0.79580176099561184,-0.31155270990700457,-0.84768101623461678,-0.5259484287799252,0.069391245696974427,-0.10863898273438537,0.3001296510846837,0.94769180853810642,0.64658263564022622,7.9877058487765877,-1.3944135114657286,,0.08109741253742547,0.217948717948718,False,2
0.76103995430009619,-0.52189512578742925,-0.38528387669123976,0.60789215952574827,0.7810899252353003,0.14270827265100966,0.22646260253302172,-0.34281774512885993,0.91169659606622111,-4.59812881401181,-17.444167890208952,-1.3229401214874368,,0.3846134858012091,0.4166666666666667,False,2
0.50979056442769899,-0.74110286924588653,-0.43689829207265563,0.85619878767053903,0.48658570065882489,0.17366056520079731,0.08388811841964379,-0.46260230556048421,0.88258817716879556,6.7273055184645942,-15.380522269132237,2.7829347449880286,0.2854700075254339,0.29836729059329,0.375,True,5
-0.77102767186087562,0.54260767464746629,-0.33330652654646342,-0.59891847445465063,-0.79573140629979533,0.090045488421488781,-0.2163630980128381,0.26905099970418223,0.93850869435315731,-1.4327967318471844,-13.101480681137454,-0.54609670610226757,,0.1081975364769637,0.1764705882352941,False,5
-0.71245039231783858,-0.56156798945544828,-0.4207800276927659,0.63198349442321244,-0.77410060410044723,-0.036947496639816044,-0.30497754222693946,-0.29224929076096912,0.90640997941711077,-5.8654574274692264,-16.066910579664391,-1.8855007070801626,,0.4794241566859229,0.696969696969697,False,5
-0.29383031677371096,0.92804826278095043,-0.22888898377580691,-0.955805299726046,-0.28777097949644842,0.060200435008881052,-0.0099986979284611144,0.23646201663039979,0.9715892860313049,21.628107102496422,-2.8715100567335607,7.2161692567117024,,0.1376626826994052,0.4,False,2
0.43371265428934996,-0.80710176777454778,-0.40059963799844706,0.89854946961764626,0.42051956077915542,0.1255872193017783,0.067098317111040612,-0.41442735848071854,0.90760552024740371,0.41084657283649773,12.23828924138637,-1.7189283644288451,,0.09507214175643323,0.2222222222222222,False,4
0.074316290639949392,0.96345067285432096,-0.25737111322382811,-0.99070239940066041,0.1008200325753557,0.091345918645968915,0.11395545080113684,0.24818968956839887,0.96198546414415698,-13.671793299804028,-13.26911150708362,-4.9703905743432291,,0.173413127726051,0.25,False,4
0.74217721362131828,-0.5500827670865045,-0.3828602002503656,0.63354385948935354,0.76218122221631301,0.13304872267023304,0.21862104584103939,-0.34130445917875252,0.91417509507756167,4.3199696580416864,6.9060888908998317,0.081121715619196233,,0.07546955106722078,0.12,False,5
0.33280761703483386,0.91421224542596413,-0.23120350420530938,-0.91890329014805661,0.36947275487121262,0.138226722318644,0.2117919578234122,0.16645075464261511,0.96303598732354356,-14.315053726472117,0.98488872786773041,-6.2546053607677745,,0.2467681514121758,0.5357142857142857,False,3
0.78432833856026563,0.56059912203949169,-0.26562695966306443,-0.50458011362839228,0.82560770610782552,0.25252885883821619,0.36087112140215744,-0.064035458801544543,0.93041468913276737,-16.710972232308603,2.4144816460122351,-7.2185574861837001,,0.2843264865710164,0.4516129032258064,False,4
-0.53038433447914057,0.80068116979624671,-0.27857157441640168,-0.83999449795822378,-0.54071175074532429,0.04516686845285188,-0.11446266264171141,0.2579543892622102,0.95935281931171168,-6.2774216901740534,-12.614515627195109,-2.3157533235497465,0.5813799155253084,0.4865956283924093,0.6831683168316832,True,5
-0.16393941757638536,-0.85350429894989355,-0.49462539263443378,0.96821470597043879,-0.23523364262244845,0.085002450089115583,-0.18890248941529042,-0.46496832693488543,0.86493948021817169,-1.3714698795491449,-17.364788433073624,-0.11116158931491342,0.6232680694771157,0.4899676737970787,0.6911764705882353,True,4
0.87465110902769327,-0.33312043288282545,-0.35215935976853657,0.3988549643346524,0.90742594605169824,0.13226061340317374,0.27549982740871132,-0.25614240107436254,0.92654784845124494,-13.170198029929804,-11.313256179712349,-5.0134850139154636,0.4318622932770522,0.4127723306072716,0.9713261648745519,True,5
-0.82683941910505776,0.44792324850395598,-0.34014899450634051,-0.49674643041135347,-0.86521640635566521,0.068143628070181081,-0.26377937540222801,0.22531163667829537,0.93789930562388124,-9.5861702809111016,4.0092982593237725,-4.8987581343773936,0.688124417349425,0.6079703973948185,0.9964612822647794,True,5
-0.11234250737842452,-0.88772171858889504,-0.44646311312527054,0.98248627370118169,-0.16645439108794724,0.083747583107259979,-0.14866029404213929,-0.42923546688632375,0.89087430703898107,-23.817823478514388,-12.09266139806641,-8.6965367802908897,,0.1224651472698741,0.4761904761904762,False,1
0.76877739000922085,-0.50045953169560953,-0.39814768835900977,0.58581142730568436,0.80082391884321025,0.1245231811619097,0.2565273791404904,-0.32897007180534837,0.90883023475657798,3.5051438371212305,7.3665822010457394,-0.27116064117804933,,0.1225652722185801,0.2916666666666667,False,5
0.6405529155939651,0.72904689505683595,-0.2412106696065856,-0.69851808054390763,0.68366311362481091,0.21136990850658866,0.31900541292793982,0.03309640277757786,0.94717483847801776,4.0719320457102182,13.306658162081959,-0.53226757991315155,,0.3375785463888372,0.4347826086956522,False,3
-0.42943165381209336,-0.7060175176596879,-0.56314094102796497,0.85731616292891788,-0.5147209434940081,-0.0084467218182153608,-0.28389690291555947,-0.48641712046996216,0.82631769521695664,-9.8952142240297345,-9.0072878877092641,-4.0071658954367253,0.6976997274202887,0.4663898004477395,0.4444444444444444,True,5
0.31582666352976552,-0.70624019156522699,-0.63362316120985351,0.94861664344394014,0.24875187999163179,0.19557342861897453,0.019493136864259047,-0.66283277983103717,0.74851367629232513,-12.414788804195176,-14.855007546450771,-4.39006960215068,,0.1232190001979198,0.391304347826087,False,1
0.32821015786459384,-0.85006697724462188,-0.41190317608958738,0.94429451301881073,0.30643985986972855,0.1200103535766292,0.024206713057845816,-0.42834652616918967,0.90329025709443078,-6.0374597634929765,9.2001428560523575,-3.8555748885302088,,0.1071382646792256,0.2727272727272727,False,5
-0.16605267634265425,0.96297202286784345,-0.212394425193449,-0.98265832450172663,-0.14356337878034398,0.11735490428878989,0.082517428261557599,0.22819824593319135,0.97011155780462388,5.7089843756405054,10.223343457727752,0.33041120508242461,0.7287525936326981,0.5328390686582711,0.6,True,2
0.62963883993897085,0.72829883151673847,-0.27043620920960393,-0.70840769389474545,0.68113127457340394,0.18498304254373926,0.31892549360475364,0.075106582996191218,0.94479920126956118,-17.320830698116755,-20.134139489212789,-5.6609114743231173,0.2778476401660875,0.4272714403868987,0.9272727272727272,True,4
0.33291290754254399,0.92990031682503582,-0.15637901636814056,-0.91855666102527966,0.35729018059228712,0.16910762058056217,0.21312591695440988,0.087344877474460458,0.97311264296653399,-26.688399559953027,11.270173936215052,-11.464679643990666,,0.47089862696942,0.1666666666666667,False,2
-0.52839806525928523,-0.68210000920046687,-0.50550475969961539,0.79110748920756579,-0.61167512667893564,-0.0015747768121570638,-0.30813053264800627,-0.40074071024919589,0.86282237917141724,-29.729933358972538,18.210746063878091,-13.313505751948201,,0.4821427381157188,0.391304347826087,False,2
-0.25746387659747211,-0.83492541056661151,-0.48642770381381129,0.94634121394865678,-0.31962570985040667,0.047725385119516683,-0.19532193688775484,-0.4480390210604418,0.87241640091049233,23.213270569192183,5.5360930192589768,7.2308737697915149,0.4954561079729346,0.2283178421632113,0.5,True,5
