axis_00,axis_01,axis_02,axis_10,axis_11,axis_12,axis_20,axis_21,axis_22,location_x,location_y,location_z,dbh,dbh_approximation,score,reconstructed,number_clusters
0.03046020648959432,-0.95195810248986235,-0.30470961081743481,0.99778642474554657,0.01093029057456648,0.065595574099603121,-0.059113673664493736,-0.30603316789501239,0.95018381049880651,12.647036421547394,17.600255379384439,1.5397642237495044,,0.1615713980379312,0.35,True,3
-0.97105460447482916,0.031144799299195544,-0.23681840427814424,-0.02315590650015378,-0.99906746216749553,-0.036441871965593606,-0.23773253694517685,-0.029903302740891501,0.97087024537926669,-3.9995521490952131,12.853291374746981,-2.755837970813086,,0.09457462402569476,0.1666666666666667,False,3
-0.40389899696222753,-0.82273198152399596,-0.39997210756564927,0.90339666427001486,-0.42754882647679276,-0.032809571227454724,-0.14401412166422634,-0.37458522068538447,0.91593986986339071,11.701583982532675,23.970100248340398,1.096779243230845,,0.340574777615377,0.3333333333333333,False,4
-0.62587797327496131,-0.70311424661420641,-0.33750128707511973,0.74662989787113443,-0.66523837893238702,0.0013018449785251601,-0.22543415485273127,-0.25117375540359571,0.94132416649222828,17.462005605809605,9.4509455316768793,3.280315538368785,,0.2860504788912543,0.3125,False,5
0.54552848280792199,-0.76950202593537154,-0.33206220279737686,0.83281836282548416,0.54210915412998317,0.11194301920689681,0.093873579807995489,-0.33761560551881165,0.93659140179920453,-7.8178779386830231,-3.5643204739104704,-2.6531609181384965,,0.09719674880299331,0.2551020408163265,False,5
-0.23839982518104635,-0.92558964813486322,-0.29402266344489042,0.96484639228205604,-0.26021776522742945,0.036853140440728224,-0.11062080570104438,-0.27490092383552145,0.95508770247576169,6.424076800153566,3.1826640838815443,0.47962853259338528,0.5534106505935932,0.5974996584171499,0.944,True,5
0.96146263513699348,-0.11735697376296282,-0.24863013080603558,0.143214294717877,0.98572326065866867,0.088539929889865226,0.23468972500705737,-0.12073522313575445,0.96454327993640099,-4.0166069016912713,10.559910739315626,-2.6578356894632504,0.2000138412777933,0.1195380333977145,0.5975609756097561,True,5
-0.28792574495268586,-0.90996746449352128,-0.29842583493503361,0.94957091395343407,-0.31167940826945456,0.034220254739588986,-0.12415250608457545,-0.27352360048820967,0.9538191627393976,1.6467590402353172,3.7256557652009721,-0.79315141239306852,,0.07241460717163713,0.1568627450980392,False,1
0.94704368074862189,-0.22095711309569088,-0.23299403624668183,0.24448229212843467,0.96658440303339532,0.077090859692970248,0.20817462763201661,-0.12997132754955054,0.96941775227467253,6.1147839932441297,-7.9727656201390928,1.1049412871584148,0.25115194113681,0.2033066978278512,0.5783132530120482,True,2
-0.095054596395381732,-0.95281331974778516,-0.28829048096549398,0.99264410125648206,-0.11253649582539027,0.044645552388259652,-0.074982077490704457,-0.28192608041567691,0.95650163263667842,2.4934738064284061,12.226630715166959,-0.85152307819843187,,0.07263257738292027,0.2195121951219512,False,5
0.96045620973445955,0.14518894663630061,-0.23757954237929874,-0.12858342557518082,0.98813108026889018,0.084043267868330995,0.24696188339472044,-0.050171087104801053,0.96772552419002311,-0.032130903451909665,-4.751662898382202,-0.67953545188171216,,0.09932814547888144,0.5605095541401274,False,5
0.74631341259058759,-0.54982756936276922,-0.37510789668576916,0.64844768403911623,0.7277214591369443,0.22346605777143119,0.15010626653041176,-0.41001356304423303,0.89964269955803822,9.2468857135534765,5.5711741134295787,1.2776560995748707,1.063916846987424,0.7520704082127986,0.4285714285714285,True,1
-0.59804136791480667,-0.75435087340675433,-0.27074209508876579,0.77801867217802767,-0.62753005669992123,0.029882665218033337,-0.19244081688905371,-0.1927713353397259,0.96218799840073521,-7.2810962462876763,11.744959673756977,-3.6416950272940838,,0.1098815888720858,0.5862068965517241,True,3
-0.94745397770144424,-0.20543376719079215,-0.24520996601995976,0.20477001626790844,-0.97839548721718839,0.028487032675946468,-0.24576452261331572,-0.023221496309223884,0.96905137197870428,-5.474059435917848,13.463036823977276,-3.1353258314854124,0.1868501477174474,0.1040202993102432,0.4375,True,5
-0.9513924967637406,-0.1568612543214353,-0.2650412496091184,0.18563460604299989,-0.97875157508933686,-0.087092751130068313,-0.24574806233400343,-0.13206021790399175,0.96029578188505771,-2.6114135638949785,-9.6462230629170325,-0.95221402595307369,0.302551992738921,0.2250028558794715,0.8131868131868132,True,5
-0.24667726523436032,0.9477665363940565,-0.2022100870582613,-0.96909096204542422,-0.2420232259234405,0.047827454411503628,-0.0036102767719646822,0.20775791345993033,0.97817361204256825,-4.3470951714454733,7.9353617666752418,-2.5785888859622355,,0.07689620519057154,0.3524590163934426,True,5
0.58732188039965172,-0.76094485825333291,-0.27570986834285283,0.80290382353438838,0.59071302493697242,0.080022323908222864,0.101972834410336,-0.26836736923036675,0.95790422077298276,1.6974610032028969,4.673110656232951,-0.82415542723352886,,0.06920337292412115,0.2571428571428571,False,1
-0.95101123464331005,0.21688621634125063,-0.22031341480577826,-0.2150927447258304,-0.97605611687654903,-0.032397034959718692,-0.2220647264842289,0.01657787287467076,0.97489098435796184,7.9075014319293375,17.125166544139734,0.36118921662593861,,0.130734021323627,0.5333333333333333,False,2
0.43625576672244026,0.89963900588730117,0.018181448994051774,-0.88591597049161153,0.42588711956478387,0.18377446671591099,0.15758743360218047,-0.096279906911666491,0.98280027487570376,-4.4950807558498065,-8.3144286560243952,-1.5171867754856383,,0.6464147835632228,0.1595744680851064,False,1
-0.13921863281964383,0.98871804018974196,0.055270329103283722,-0.99005998709611753,-0.14009970881725961,0.012381176864712497,0.019984849938525326,-0.052997250802991835,0.99839466003192323,2.686981176324557,-5.9391833235315818,0.079442101869617962,,0.2524575752345784,0.1388888888888889,False,1
0.40481532327330949,0.90596193781638845,-0.12392546659626522,-0.90164128742332317,0.41804422512306411,0.11082425120374689,0.1522088790338465,0.066872962168825267,0.98608339610502949,-7.3012062389772225,8.8909687279753093,-3.4854273727622198,,0.1040833709644191,0.2592592592592592,False,5
0.60995907098621072,-0.75230040785405661,-0.24898599973544755,0.78509287609962031,0.6163707182445276,0.060961574687284643,0.10760626198909967,-0.23266120010295427,0.96658660157659348,2.2236383884854369,-2.5640933374817951,-0.27227887079582913,0.2542667387595235,0.2136354450704365,0.8939051918735892,True,5
0.91180789509055005,-0.25005798039808169,-0.32569520857662621,0.33309504612602547,0.91426443601547458,0.23058237418243011,0.24011258337879837,-0.31873428977212015,0.91692660547429905,16.530226562714674,4.1036204866607804,3.194069878764958,0.517755143325419,0.5746015350249921,0.391304347826087,True,4
0.76140794084993213,0.61941322817257993,-0.19127258134789865,-0.59251586804515455,0.78465076220437147,0.18234069070505107,0.26302641260026011,-0.025503610272299831,0.96445148770568856,5.0708162710503126,13.991989895545695,-0.30539813755727707,,0.1849097678010845,0.25,False,4
0.5398344411343089,-0.73269918067034823,-0.41440401398901783,0.83738479855491188,0.5176293489096333,0.17563187722204718,0.085822347406484617,-0.44182775806007379,0.89298530609033611,-3.6776449500281538,-2.5417875541368709,-1.793135276161181,0.2359761419112877,0.1419057607760014,0.7108262108262108,True,5
0.54817536232603425,-0.78568646888567395,-0.28670637374966623,0.8316266500414653,0.54847599823704851,0.087012609998119314,0.088886934245323762,-0.28613083015962404,0.95405883516302781,5.7094106577293022,10.761455138316794,0.023037668429072605,,0.07209434794868397,0.2857142857142857,False,5
-0.22005776082232661,-0.85999833533846637,-0.46041008363949909,0.96945147098459383,-0.24522586575235264,-0.0053028456338820237,-0.10834402294391382,-0.44751216517663067,0.88769050615135747,3.1900930320189027,15.171886426012129,-0.80521023966516103,,0.2340831254333146,0.25,False,1
0.40804529405179757,-0.77643199733107515,-0.48026283587496033,0.91151827301375421,0.37604426728473384,0.16650869948537439,0.051317404106258763,-0.5057114419931239,0.8611750469405336,-16.291753052582713,-1.3366715170695938,-4.991027101952664,,0.1409285887375568,0.3333333333333333,False,1
0.069337571126604242,-0.96327308492840458,-0.2594171642023283,0.9969142044878081,0.057313448150437783,0.05363988769141869,-0.036801767901882346,-0.26233591540927409,0.96427459645355917,-2.374370363348751,-2.6421749400362171,-1.5398690682987948,0.1916387101251145,0.1368481743203558,0.7339901477832512,True,5
-0.37303494782941093,-0.86030869578954761,-0.34743902435793916,0.91663186111588557,-0.39969406740938507,0.005539283795779941,-0.14363481084032881,-0.31640733307973418,0.9376862165395381,-8.5502967324418311,5.4723473001317613,-3.5508232765404402,,0.1438761622247755,0.3055091819699499,False,3
0.75943928389842463,-0.5551423617930904,-0.33921811893623549,0.63201955890377981,0.75319931007953089,0.18232409730694149,0.15428302315848008,-0.35285656779845975,0.9228699753088575,-12.513292349310825,-4.0027007427586483,-3.7907318322906489,,0.07728593811612976,0.2647058823529412,False,1
0.11991567010483052,-0.8436884738275916,-0.5232685650732114,0.99254928280515753,0.090420217148164173,0.0816707140524984,-0.02159058281463401,-0.52916343738144533,0.8482451905389008,-10.122978479541178,11.653558765306702,-4.4480299921336774,,0.4636683798728387,0.4117647058823529,False,4
0.95547224831171385,0.22970386799070674,-0.18522666043598432,-0.19188353515506515,0.96053627494186256,0.20137222613162575,0.22417290568343523,-0.15686362724009578,0.96184214443250871,11.31871434677749,9.8467926024477208,1.6391594801105926,,0.2557991916524285,0.4489795918367347,False,8
-0.90715141277033906,-0.29463391690177565,-0.30044495222901862,0.32339638213622468,-0.94495365755994865,-0.04977313618085609,-0.26924170243478385,-0.14231458138642941,0.95249958823866498,0.48055055169180805,-12.776686099707637,0.045984104036712076,0.6347259221696308,0.3723926760193035,0.425531914893617,True,7
0.73921974697787241,-0.5583816846687738,-0.37651568347737191,0.65703122010612436,0.72069506852655274,0.22115287474361536,0.14786528153636413,-0.41086313101563332,0.89962622576723639,-8.6061555981748548,13.019047152181583,-4.0635009377670421,,0.1329793650220909,0.4,False,1
-0.52783054833441267,-0.80868727375593363,-0.25965324090060959,0.83148548133063072,-0.5543604381968017,0.03628221187607919,-0.17328244741278326,-0.19674704019996525,0.96502010113323045,0.52228579357055194,11.916975232651525,-1.4050767164121336,0.1653682153343622,0.08707290610711324,0.3235294117647059,True,5
-0.49960742463026203,-0.82793360215209821,-0.25479083908525424,0.84913823070696004,-0.52625049057500206,0.044996514547497195,-0.17133793043623013,-0.19387204955078141,0.9659487263808616,-3.3536786494021276,2.8844513445733124,-2.0301967099046014,,0.07210892935409693,0.3234501347708895,False,1
-0.6450198121123073,0.73289288882058035,-0.21637341680259195,-0.75418772465426454,-0.65615297603810896,0.025771069383254547,-0.12308662788226578,0.17980902522553571,0.9759704895559167,9.5783163617413418,2.4169700303474357,1.4055792074114855,,0.09992655610547307,0.4390243902439024,False,5
-0.7222111904986469,0.66033298166091392,-0.20584302186213221,-0.67604978935117188,-0.73680903686553056,0.0083141753364542811,-0.14617687449375549,0.14516472203705841,0.97854970483830828,5.944251254813671,19.385596257961058,-0.23340012852738218,,0.1495366295501855,0.6956521739130435,False,2
-0.46277276998096628,-0.81539379745194107,-0.34781362601406018,0.87062401333853012,-0.4919220622518608,-0.0051489871032536216,-0.16689874404098082,-0.30519770599855628,0.93754955575199539,0.62034451040370953,10.073512818980621,-1.2506813976246269,,0.1735424075650191,0.125,False,3
-0.34138570448560202,-0.86947298558202579,-0.35703295102265892,0.92994984874551956,-0.36763578745671505,0.0060997212450083563,-0.13656163293932555,-0.32994038116629509,0.93407187372534961,-4.6384242952793517,2.9374837018618303,-2.3917031416262402,0.4021899069799928,0.3549731989953085,0.7695060844667144,True,5
0.9327136562666144,0.27462543555219632,-0.2337222829803165,-0.26362011282669273,0.96148965099350925,0.077730863533237299,0.24606842854581426,-0.010886743321463804,0.96919131614601606,5.266870794475965,1.3924308794499625,0.22726261814203963,,0.08426141095782164,0.3648648648648649,False,5
-0.9476804851537205,0.21562174876879731,-0.23539107781879726,-0.22793860834515836,-0.97332573571734582,0.026096034487262752,-0.2234853214072054,0.078385417318360975,0.97155032678052489,5.2898434465729851,-6.200829102291828,0.75874028993193765,,0.4398471870131204,0.640625,False,1
-0.40445303933349869,-0.87018262928274592,-0.28142482240993616,0.90339774678395657,-0.42805915832876146,0.025256050295812144,-0.14244384886532546,-0.24402366415051024,0.95925085418517786,-4.8905053495728197,17.994987042676545,-3.1748977886436545,,0.08065051129378957,0.48,False,4
-0.34184854909394524,-0.84469346326599659,-0.41186468967133116,0.92938781168661677,-0.36879882053953922,-0.015024162439481521,-0.13920439996899364,-0.38791801077591426,0.91112115107977343,-8.2978452400780967,19.244065541719777,-4.1484779585949116,,0.3045254116463046,0.4,False,2
0.52431790807184431,-0.80727470536963453,-0.27092117182961795,0.84861860368591258,0.52163116469322834,0.088019279132228845,0.070265188773220216,-0.27605883085160365,0.95856889431876957,6.5356803943951975,-10.158536475060417,1.4123704635871281,,0.1124455168409162,0.35,False,5
0.15907284285918133,-0.95231797199114876,-0.26035804363868559,0.98717224927217073,0.14977638819503286,0.055299039830489075,-0.01366678205070207,-0.26581481102812221,0.96392723029617855,-1.746943334237721,11.579215558277067,-2.001181980970284,0.3675390877325109,0.3363208487987646,0.9330708661417323,True,5
-0.77353785007500242,-0.57638553160045958,-0.26347469226284048,0.59176028027275596,-0.80571813701513062,0.025259738248371306,-0.22684568585902679,-0.13637449412013419,0.96433553919816994,-3.2833750784840916,19.785202440383269,-2.7452543930061193,0.3765406464978374,0.2868303011621489,0.6290322580645161,True,5
0.7573031131204444,0.6454946590668218,-0.099139497549116745,-0.61397474318599321,0.75545515652206352,0.22874116641723904,0.2225466458695296,-0.11235724987926943,0.968425959385533,-18.225393691035112,-1.9256095197424361,-5.2697389056693389,,0.3456342980133321,0.4814814814814815,False,1
-0.58967233172013767,-0.76178795137585931,-0.26826415776675788,0.78221161415718632,-0.62137576994444077,0.045134722814739084,-0.20107593560977344,-0.1832246426235444,0.96228748222874083,5.8624286505789787,21.22878437559271,-0.43674269364049806,,0.120016518872047,0.3529411764705883,False,5
0.50063888104256005,-0.79735788636576765,-0.33701796960810576,0.86175253021680664,0.49599165599860146,0.10665295984968354,0.08211752220681387,-0.34382070651733837,0.93543788372961112,4.6171540810168494,12.378340104919731,-0.32416094759049086,0.5822718473249122,0.3320918542026061,0.282051282051282,True,5
0.22221757048083834,-0.89569427840230142,-0.38516374570690726,0.97499591496663818,0.20475969027514263,0.086350651629254177,0.0015222246755267205,-0.39472171067197354,0.91879946340658536,7.5027522311598158,5.3297004781894657,0.7516486580407139,,0.2212315767892196,0.1666666666666667,False,1
-0.022677357642257003,0.99953176289049672,0.020542454171352365,-0.99899444611336252,-0.02345050660347283,0.038212175738861036,0.038676014337342107,-0.019655246451200314,0.99905847536664294,-4.8698743261415149,5.2637829436794492,-2.6055516256024909,0.8385065038831845,0.4550349109415806,0.4002607561929596,True,5
-0.22957813675929417,-0.85820835315360244,-0.45909944641603856,0.97125115730118794,-0.23252609401814914,-0.051017693418724107,-0.062968790390437429,-0.45761341564473956,0.88691876361858579,-6.4918979447982696,13.554542657143426,-3.4380551264355232,,0.4586350381421817,0.1724137931034483,False,2
0.78804602663572965,0.57970299205956,-0.20719049423376817,-0.57226196793044992,0.81387935535226308,0.10058148433858963,0.22693545329896825,0.039304400880549262,0.97311636719737338,10.026602588687185,-6.227055406947251,1.9550770803482163,,0.08019761585253413,0.25,False,5
-0.94517398588424129,-0.21875963393766473,-0.24246723277003221,0.2149245730601857,-0.97570564983319696,0.042496032502790222,-0.24587306542725451,-0.011946022059255289,0.96922841902947054,-0.79840148635832886,-3.7694882205630704,-1.0049625064483712,,0.07390779340998657,0.1810344827586207,False,5
0.70262372730760592,0.69210659859551704,-0.1652523948537763,-0.68780069578761283,0.72010617823115408,0.091527563866820094,0.18234610140729754,0.049351274085506658,0.98199508707920447,-2.4486876036753653,22.682277037124667,-2.7324373832573348,,0.3503964117527489,0.2,False,4
0.62771162373872458,-0.73327611780485313,-0.26131255706593498,0.77188562603461641,0.62979409859823909,0.086902092563877098,0.10084987726538361,-0.25625286033110983,0.96133437150019874,-6.8049755693051406,15.230058016560239,-3.6313558154385328,0.9013142555334857,0.6699988207142482,0.8926174496644296,True,3
0.40118116364791168,-0.8146482887737958,-0.41881002797453926,0.91444708901317306,0.38278940750891782,0.13137271746563828,0.053293482992221523,-0.4356838705952959,0.89852065617528243,-13.265971730087047,0.19779302429343304,-4.4090066610689576,,0.1760991612170424,0.5333333333333333,False,2
-0.92074197451617068,-0.1482586947188986,-0.36090660260559326,0.19050281366489263,-0.97806696726384657,-0.084224019929356214,-0.3405038830172461,-0.14630231367804741,0.92879100914179158,8.7568970448633952,-5.6581298885947584,1.6241510156581296,0.7251250273775539,0.4405842752837799,0.7121212121212122,True,6
-0.95958744157619402,0.064610419719978107,-0.2738931098674518,-0.04748660431327776,-0.99650639039003275,-0.068702520496873878,-0.2773751329518383,-0.052919822141022407,0.9593031471044563,1.7952829088647515,11.743573710597488,-1.065127058669999,0.3798842732751829,0.4149263514325162,0.7254901960784313,True,2
-0.26527010869427309,0.95439562428887137,-0.13696993017295644,-0.96408851904939741,-0.26444960463244971,0.024489468080817204,-0.012849002703278614,0.13854746099440815,0.99027243937289011,10.905134949343864,0.18741509315162597,1.7853468556498082,,0.8279716574281937,0.5783132530120482,False,1
-0.41548221801694812,-0.87321014858699153,-0.2547127066253308,0.89709117881526235,-0.43965698881127913,0.043922079655251356,-0.1503394273088754,-0.21025167917066315,0.9660187824273172,-4.1087167818978818,8.843380986387757,-2.5915165446696951,0.2358841826531515,0.1898917414615185,0.8421052631578947,True,5
0.81581588958289331,0.5405865465560844,-0.20545223285873396,-0.52953443434554703,0.84107918338289478,0.11035891501054709,0.23246014098424431,0.018761475489146862,0.97242495334655843,-16.504919630159382,-2.2237876113825377,-4.9360951425912933,,0.1458936750787835,0.2631578947368421,False,1
-0.87209924685574558,-0.38218916177688361,-0.3055721653782032,0.42599953063023799,-0.90025366360421377,-0.089820604930092862,-0.24076399966867543,-0.20850608093644143,0.94792294553727718,10.113702342281986,19.326006314475979,0.8313077194884706,,0.2059418562529194,0.1428571428571428,False,1
0.59624680041666334,-0.75665791389661052,-0.26825091673752549,0.79780252486186576,0.59570676215728358,0.092976259572645853,0.089447662445286277,-0.26944805595460691,0.95885184508627763,10.972764196305478,6.2281793776911236,1.6693419053878746,0.3294743521708243,0.2531055235431587,0.3125,True,5
0.7338992828840506,-0.6171508154342451,-0.28375467148775491,0.67184171538213722,0.7210781040120946,0.16933717071780741,0.10010270752914213,-0.31491465339544089,0.9438263659286944,-2.6553096273465102,-4.6693715465526306,-1.3495504136733139,0.4714896996762356,0.3914233989898473,0.8841145833333334,True,5
-0.47977833665349756,-0.81047830924400099,-0.33606198523931319,0.85825534962176309,-0.51308013623903648,0.012104901592197397,-0.18223748934735709,-0.28261932708489185,0.94176207899578046,14.148848176751919,-1.2171644647588029,2.7699476394415461,0.2694433239273378,0.2764191109223645,0.472972972972973,True,5
-0.94206998684646215,-0.23521301113434501,-0.23912126479303505,0.24635776765084083,-0.96902284263679062,-0.017394848841191503,-0.22762247297048818,-0.075296546011275181,0.97083388896225242,8.1805733150246969,12.72822134382106,0.61939969972058251,0.5493343687434156,0.3501988889642964,0.9044117647058824,True,9
-0.89894930794162664,-0.36490608944622754,-0.24235034069778272,0.37192684826675187,-0.92809067306642945,0.017835977838675396,-0.23143154774064439,-0.074102958457560431,0.97002484002122635,-1.7489344438765289,19.867224651096656,-2.375800967621815,,0.1555007238190611,0.4,False,4
-0.43832423904466244,-0.83506797618123851,-0.3324655420077216,0.88456479428656865,-0.46638798258214731,0.0052320561651636871,-0.15942705596817131,-0.2917939767361985,0.94310089013095333,-7.7331760859575498,12.81021579335367,-3.8081062850362151,0.1723053994986416,0.0804034005829058,0.3103448275862069,True,4
0.12210683792488114,-0.95294446406373612,-0.27746489605401814,0.99223283236338677,0.11051604574829556,0.057098248767313037,-0.023747136924693095,-0.28228186630111574,0.95903754954925557,-2.0119869903618754,7.7313857310277907,-1.934225145070116,,0.07017240029444523,0.3333333333333333,False,5
0.53975934871523146,-0.78634450534123035,-0.30053646100625714,0.83715366916111278,0.5389307150746917,0.093420653814713109,0.088507512023534407,-0.30201987230766447,0.94918407964244023,3.2316407406183827,2.9434874667016251,-0.31347708306199634,0.3098595148218113,0.2651355407452718,0.8312020460358056,True,5
-0.30460300567519594,-0.80131184150977852,-0.51489449559093559,0.94384079325873671,-0.32657692791120374,-0.050120526102578458,-0.12799049149978062,-0.50124529205997326,0.85578711796413287,-21.326536719787139,-7.8736217596437053,-5.5850895252346708,,0.2670106560211404,0.1818181818181818,False,1
-0.76235211241715117,-0.57858037615837232,-0.28993793304351068,0.60291288441811863,-0.79777875950684496,0.0067160019612452562,-0.2351920714984484,-0.16968735723133738,0.95702188600894222,6.097189463043609,-14.409369826915086,1.6099251017197185,,0.1166334957859349,0.2272727272727273,True,5
0.69174473840929152,0.69639759070044238,-0.19110105324063487,-0.69079241942401981,0.71524943557766563,0.10594375003812058,0.21046389274497862,0.05872512726635748,0.97583621027208245,-0.26342232215073302,9.1407590950969926,-1.5034717463972442,,0.09075643565964793,0.4421052631578947,False,2
-0.53100909110156336,0.83041319885026132,-0.16865130993492894,-0.84275490062088232,-0.53828904684076539,0.0030132259700859851,-0.088280930256641618,0.14373176832745166,0.98567117038416296,-9.1719097150225153,20.710823032729987,-4.4420178520444917,,0.3336964160200097,0.4,False,4
0.12222185426094311,0.99132586406564704,0.048320281202764437,-0.98885253966515141,0.11745627589300704,0.091513267077105123,0.085043948278502035,-0.058966553976328717,0.99463082215129439,-18.960842487275308,0.52174867526107827,-5.7641245176452909,,0.5489330511679764,0.2307692307692308,False,1
-0.4896391603150651,-0.77470843474314677,-0.40010040467835084,0.85571641714104041,-0.51502548182294661,-0.049981661720491587,-0.16734068877968014,-0.36684546366401205,0.91510737056799896,6.1380002138767535,-17.394689304136076,1.763741890906305,,0.3488823980325805,0.1333333333333333,False,5
-0.13644649587496605,-0.93183993076582983,-0.33623904769341717,0.98896183782544356,-0.14791971929863559,0.0086162618073881495,-0.057765362358107711,-0.33135192782439959,0.94173725785841667,-5.5511891271557383,19.083518003616742,-3.3681519937857121,,0.5840660318839666,0.391304347826087,False,5
-0.52160639834027922,-0.76268648487871937,-0.38240827788350162,0.83537330479307681,-0.54765308539907798,-0.047196818663594875,-0.17343069754105214,-0.34407182947200687,0.92278728280910505,1.357678774370245,12.392019193434882,-1.1283652962854001,0.3656834715317657,0.4519642414548091,0.2352941176470588,True,3
-0.44858065354040871,0.86949433107819374,-0.20677283547928518,-0.891553133713751,-0.45152463530880393,0.035475533462396652,-0.062517253894022892,0.20026260742369117,0.97774561161552354,0.49996069692971201,6.2260571040390529,-1.1867160619525603,0.823808196145423,0.8549785110256207,0.5970588235294118,True,1
-0.90692010808758261,-0.28042478274677402,-0.31441669607040895,0.32898289456191271,-0.93758511909287401,-0.11271379481353028,-0.26318467400681372,-0.20566012174708478,0.94256975428394774,-4.5852534378561733,20.824346703284739,-3.1768269200853072,,0.2716869860022149,0.5,False,2
0.83221783979386854,0.54205914456762261,-0.11655621355999926,-0.50216736856133537,0.82601503827034706,0.25598259804803492,0.23503489332652491,-0.15450255771945998,0.95962886501872924,-15.621116760219792,-0.42900240828520825,-4.9749968055564739,,0.1307799087914307,0.3846153846153846,False,1
0.28695103650327797,-0.89098138027268214,-0.35186827458166653,0.95724366722144671,0.28075207331537405,0.069734029666686598,0.036656025618305596,-0.35683392963184357,0.93344838231654004,1.4674674645235919,1.1069185772953796,-0.73065951722043021,0.7244808672101283,0.281791416869641,0.4682539682539683,True,5
0.84163989315173304,-0.43587999436234448,-0.31882741533660863,0.50263326471514325,0.84815572266704631,0.16730711673129081,0.19748947176327258,-0.30106560850057862,0.93292947639188684,20.759417249717433,-5.6702016082504798,4.7491298778385627,,0.3948721492926529,0.7272727272727273,False,3
-0.60809134808018106,-0.71671217119581776,-0.34139211480320514,0.77259817239315332,-0.63315939978902092,-0.046917357913318199,-0.18252938504467636,-0.29228896338825988,0.93874926656516167,24.17322937265126,-7.1286334156357025,5.7797136343342226,1.037008314473705,0.7872587500015668,0.9741379310344828,True,5
-0.94822169513672594,-0.2036960417371971,-0.24368738057731099,0.20132874002820353,-0.97890329472095072,0.034857969291435253,-0.24564681009671024,-0.016008190561854652,0.96922720892690861,5.3407409794197571,5.7188905826227145,0.096825810008144372,,0.07522223169445731,0.391304347826087,False,5
0.67574858565768803,-0.63456122989311825,-0.37509451408700617,0.72588921111530702,0.66138168474341152,0.18883622605941927,0.12825249380823539,-0.39988287360488428,0.90754888861673388,-12.180825661964324,-7.3848729532294408,-3.4362856538780417,,0.2284984648702247,0.2727272727272727,False,1
0.96138234989442883,0.15828343661186992,-0.22514513320478535,-0.10644938877491102,0.96825488500319912,0.22616588004579311,0.25379618779822577,-0.19346532340907091,0.94771233172166225,-3.6300328665893251,13.679487493412561,-2.6832567630931288,0.5548321141028214,0.4234212810331932,0.4426229508196721,True,5
-0.9438098232521529,0.26453379942047395,-0.19810322182364887,-0.23854043190916341,-0.96014747919750631,-0.14565466190708026,-0.22873889017246524,-0.090214672613963265,0.96929862940572953,3.2135030274537684,-10.820447363603696,0.62320366323852971,,0.2097262556300406,0.3018867924528302,False,6
0.60763638702373468,-0.74018935681070874,-0.28791967148649611,0.78727145103265039,0.60918425520133346,0.095384514486065802,0.10479352820517086,-0.28463003931234376,0.95289246883757384,-8.9338473120055397,17.169891105885821,-4.27830291901246,,0.1136125246037095,0.5263157894736842,True,5
0.77234996138023215,-0.5740444700285281,-0.27193470463627745,0.61512178072581003,0.78271303890161326,0.094791843584295932,0.15843210543529912,-0.24048543648850629,0.9576356419872174,12.335232073393533,-6.7863220809045632,2.6390983520591274,,0.1691339724064572,0.7307692307692307,False,1
0.41933711865333073,0.89213426983008415,-0.16808576832755467,-0.89622610871199671,0.43632857596434216,0.079975845477750288,0.14468981644357071,0.11710601347356669,0.98252279292943334,7.0879973426922778,-5.8920584670769092,1.206756273365253,0.2119663967255395,0.1607707400763535,0.6333333333333333,True,5
-0.83136290738259311,0.52554661122756896,-0.18065568259974668,-0.521695908968422,-0.85007470351380987,-0.07215522858061188,-0.19149176168695581,0.034260149928552669,0.98089609405527722,3.0032598323416977,-15.681343826664177,0.92817248382208495,,0.3999437997849001,0.5806451612903226,False,2
-0.80993959914753944,-0.50597983789962009,-0.29661801929720549,0.54087901105025171,-0.83994272386262481,-0.044114805173960464,-0.22682094510433751,-0.19616478855622632,0.9539767474066998,0.63478982945895812,16.760459738934664,-1.5442845780938541,,0.5274637678915861,0.8137254901960784,False,5
-0.21796340678346973,-0.89916367324711222,-0.37946889466213723,0.972125803720156,-0.23444239113905774,-0.0028612896466762155,-0.086390827318557392,-0.36951516064941314,0.92520007079844846,-13.583812362862279,-3.4906543546436613,-4.1438106816855509,,0.5756622169389138,0.4482758620689655,False,3
0.94664191735123682,-0.20848906537501577,-0.24576694231044655,0.23302018307083092,0.96957268525086426,0.075036006670563413,0.2226447273016148,-0.12830088711494103,0.96642030595921791,10.445216928503305,-5.0031490712247031,1.9684196631235906,0.1805373068760406,0.1319958084281255,0.2045454545454546,True,5
0.086528559058104026,0.9886540004393225,-0.12278467283277308,-0.99407580267032669,0.093818380561759174,0.054876315602577476,0.065773148112835314,0.11730890368634361,0.99091498833312353,-9.0917683574978891,10.504776687456124,-4.0372784861876871,,0.187841000895649,0.24,False,5
-0.92370929706594462,0.32335609810622773,-0.20543117662967542,-0.31623406141129601,-0.94627384977142048,-0.067541244007575107,-0.21623402349596582,0.0025758603009070763,0.97633816479048641,15.442952425940382,11.288441071765755,2.6375715669408666,,0.1796990346451755,0.4,False,5
-0.79307509184929281,-0.55150751842563017,-0.25859496477742827,0.56412157348510383,-0.82515618948525393,0.02973404249117156,-0.22977978374288438,-0.12229766994583111,0.96552810984916149,3.3521363980453329,5.40481290092875,-0.39111458684743494,,0.08714791461531428,0.3194444444444444,False,5
0.63200367470119267,-0.71965701304660645,-0.28751545825751368,0.76652501301717191,0.63511317532690836,0.095240007062152396,0.11406471664461426,-0.28057982482532634,0.95302896195119691,3.2913955185221275,12.966747345786501,-0.69875703953006485,,0.08137278056269859,0.25,False,5
-0.92441543264798021,0.32582890667368991,-0.19822116803730927,-0.32960580354431401,-0.94400592852448073,-0.014588391979239064,-0.19187527759499001,0.051849112687303224,0.98004874744136317,5.8557613556762202,8.5953332250836443,0.20187843218466767,,0.1249733714675811,0.2352941176470588,False,5
-0.90154172821958078,-0.28248590204709656,-0.3277563537499919,0.34021841389687807,-0.93081099148533841,-0.1335751809864924,-0.26734611110757578,-0.23193234633125193,0.93527185545216551,-5.3977070780088097,12.096849125554753,-3.1011998908325267,,0.5684322598434239,0.7133333333333334,False,5
-0.84770993810746786,0.48935457154643042,-0.20474365470130018,-0.50241184016089202,-0.864516837750824,0.013891728166955455,-0.17020635622673452,0.11464179234436199,0.97871704580440044,18.403962075874684,-1.3391085185775533,4.0081350119739705,0.2230603430356855,0.1862939146086617,0.2727272727272727,True,5
0.8740109390381573,-0.41155107230730431,-0.25832265352529188,0.4457044824971671,0.8907574000229147,0.088875016660202283,0.19352620681337324,-0.19281330137500036,0.9619618693530958,-5.8992928800595283,16.588156102367073,-3.3907231769119921,,0.09396269285483198,0.1785714285714286,False,5
0.95415216001054481,0.23513451678156633,-0.185217209149448,-0.1690460602803176,0.93397081875321131,0.31483636896197226,0.2470163659576311,-0.26909156199211304,0.93089883779803384,18.882409574607383,-4.3648003198756751,4.1524516916163545,,0.3423558211966279,0.3714285714285714,False,1
-0.80804085725186581,0.54040905422283825,-0.23458053441333782,-0.56400901107358015,-0.82464630109268067,0.043038512078866401,-0.17018756840460481,0.16708241142663058,0.97114348031194164,3.492687312044787,-8.5450652180880677,0.5013233802423902,0.2722806027502406,0.2481435263629725,0.625,True,5
-0.76185440063333532,0.63335006832886576,-0.1358144439426219,-0.63065715323287841,-0.77311157683845466,-0.067602106731676714,-0.14781551783160096,0.034149388079148052,0.98842520808708456,0.054609703893283457,-14.960745743628598,0.076282595381111609,0.4499938166798217,0.237368112772108,0.25,True,5
0.7376136576101554,-0.57093160351565386,-0.36050408626534725,0.65894711068533207,0.72517029205987371,0.19979177368763271,0.14735941580510298,-0.38492226698496157,0.91110924205209154,4.9272207306973392,-7.9991796654971425,0.79502022891967872,,0.2541965462412848,0.3673469387755102,False,1
0.29372953111542199,-0.90076338436702585,-0.31991918969385946,0.95588328515994214,0.27567575092230978,0.1014397629396751,-0.0031792613216190396,-0.33560126003500357,0.94199877205884208,6.6307897529681545,-8.9836595108516253,1.3181047858111619,,0.1123945245817206,0.2580645161290323,False,5
0.33531379662578314,-0.84334072637409752,-0.41992984774985026,0.94094364708457257,0.3219302865108265,0.10481385232039137,0.046794345850610777,-0.4302758532219379,0.90148376542816711,-9.0129903234333426,8.1377986235478623,-3.935599402359359,,0.1880728710973359,0.2269938650306748,False,4
-0.48078307121271524,-0.78041812445000391,-0.39974390485060252,0.86050890952692705,-0.50752058754798324,-0.044127880526138252,-0.16844006370234027,-0.36519912957849199,0.91556405603052349,-3.7504481504340896,18.092887088211256,-2.8349373643702878,,0.1143465375327875,0.25,False,3
0.97019124685666958,0.034813834718051884,-0.23982689889777806,0.03558856365646608,0.95843066727292103,0.28309735104315881,0.2397131591289276,-0.28319366684833897,0.92862206973419581,-11.678941573125741,24.154106731931716,-5.2652674716449424,,0.3189118250600784,0.25,False,1
-0.8749284622734973,-0.32040472948940629,-0.36309915343409166,0.4199456320340858,-0.87539208537133228,-0.23944595006957844,-0.24113451026185764,-0.36197998037191398,0.90045801777246859,5.2073411611136464,17.413314155976842,-0.32211309664935833,,0.4996570114043218,0.1304347826086956,False,1
0.5402122322219427,-0.74662372533005716,-0.38823157642321299,0.83687688613789935,0.52508076443592944,0.15468441507635383,0.088361878691658388,-0.408464445935809,0.90848719022363411,-4.205509319060452,22.051957350456409,-3.1481040666999593,,0.149790713007212,0.45,False,1
0.84743093082364873,0.52022098896168245,-0.10597612998733738,-0.47708020457656236,0.83376692746005621,0.27789780329287,0.23292766234294579,-0.18494008034373277,0.95474701926631023,14.804789560722135,9.2243157291607467,2.5765746577739175,,0.3382873458580118,0.2222222222222222,False,3
-0.54819229797915314,-0.77524758875994126,-0.31380946537386595,0.81266855425461137,-0.5824109684115375,0.019164675829615445,-0.19762344335137552,-0.24451715685372985,0.94929254428870002,15.040823279997841,3.7654009590987561,2.8479246332394612,,0.09292499951918265,0.5,False,4
-0.30314966308708446,0.95233248646683255,-0.034104501023857009,-0.95255498272104233,-0.30385325437602279,-0.017669315165399498,-0.027189826470600358,0.027129965444119497,0.9992620668831067,-0.39421880693795963,21.154283143111648,-2.0620575276880624,,0.3258544642601067,0.1904761904761905,False,2
-0.00048172557221665352,0.99219630007794124,-0.12468468250799233,-0.99804776451376342,0.0073099513363868128,0.062025997457041064,0.06245340414704615,0.12447114815532728,0.99025577786112517,2.8935524851741414,-9.1948461097321097,0.38974581869210417,0.4995902294418182,0.3166005472973367,0.2857142857142857,True,4
0.86964536630436196,-0.32439022878369972,-0.37213964628216123,0.45501799849732,0.81910828735258412,0.34931394852454789,0.1915086366429618,-0.47310949373266287,0.85993711923092275,-14.999188910413126,-5.6597632634167008,-4.288506552731393,,0.347809410814466,0.3125,False,1
-0.75539570351652108,0.64545620501481382,-0.11297618561738698,-0.63460093327640088,-0.76357484276064569,-0.11931100111798593,-0.16327579916662724,-0.018432224795979862,0.98640826562613981,-8.4441534541898502,1.7959790432668912,-3.2270066588506987,,0.344728620251067,0.2920353982300885,False,3
0.94951455989049172,0.23157165240227362,-0.21165223920300635,-0.19317731879192906,0.96314762377475993,0.18716083543678447,0.24719349518206887,-0.13682552620295046,0.9592570830173518,-4.426266713708074,-9.8940956939525577,-1.3827709042979668,,0.1490267307684015,0.2558139534883721,False,1
0.86194540883248016,0.48461197376783066,-0.14900116467147068,-0.4606231139130284,0.87131241309320917,0.16923659686590575,0.21184064558453519,-0.077239327227360127,0.97424721052091856,-2.4491430952085032,-8.3800486727038201,-0.98546905843143429,,0.1810091578001921,0.1794871794871795,False,4
-0.65428072297256445,0.73021708459701706,-0.19672250737810984,-0.74565357743301264,-0.66629985650003976,0.0067263429422312754,-0.12616448790308674,0.15108775791128431,0.98043613325983303,1.8669859903438479,-9.7799135845131016,0.22519056125619721,,0.0719666427665965,0.15,False,4
-0.11738121618078344,-0.93008890587556303,-0.34807510289464555,0.98663983366853658,-0.14909464688825971,0.065670578555297648,-0.11297561111338388,-0.33571626924601539,0.93516367436780534,16.875687798562399,-1.8529605343212152,3.5021732085206674,,0.1448424320813506,0.1875,False,4
-0.57812782526276452,-0.69861040302478916,-0.42155868208647773,0.76011080546737886,-0.64895341361996028,0.03303074874618038,-0.29664757047493107,-0.30133531445308914,0.90619934186401774,-12.436515424375282,4.8213093307852075,-4.552439038732552,,0.6693516114406526,0.119047619047619,False,2
-0.95914121961108445,0.22109461546399559,-0.17653694190109714,-0.19595137031029417,-0.96919690554792293,-0.1491992585432344,-0.2040862105005663,-0.10851050312831839,0.9729204948989203,16.16955876741018,-9.11604349546643,3.7635601476213765,,0.2615678376735407,0.1875,False,4
0.74024130208600791,0.6560544070080141,-0.14708986957426132,-0.6367300757013562,0.75430692519308351,0.15998710355244258,0.21591115159564037,-0.024772518061707077,0.97609871271584292,-0.8306536179529902,12.779929972013221,-1.837969860618651,,0.09049194729067961,0.4444444444444444,False,4
-0.83661595083477103,-0.47162818474650281,-0.27864063982403853,0.50911375086072019,-0.85718111540146535,-0.077741392344283233,-0.20218046268954737,-0.20689947015837881,0.95724378804713173,5.3912361704493055,-11.024570431583145,1.2035476640588914,0.6137428663784698,0.4393312499721843,0.2068965517241379,True,6
0.40966807679212153,0.89125691889326297,-0.19450750983530654,-0.90051225435180937,0.42917629017342057,0.069895577222039054,0.14577292828116767,0.14652240947332071,0.97840760263934268,11.346511265716416,-5.7595267402645591,2.2486533038656105,,0.08546858066669387,0.2272727272727273,False,3
-0.49250740487288724,0.84933704018868883,-0.18990273381099695,-0.86671030558696571,-0.49847328282724024,0.018374778822663584,-0.07905505888127233,0.17364037108619279,0.98163094857198097,2.9632142715501635,-12.482572254219463,0.66655141128526463,,0.07559741890522234,0.3478260869565217,False,3
-0.95893209300899773,-0.09386181247706743,-0.26765500398069036,0.14011725821511337,-0.9772360249614267,-0.15930130403694137,-0.24660980302425692,-0.19026221820453632,0.95025464659544134,-14.123083666318157,-6.3212767005101558,-4.073342239742372,,0.2527763843771243,0.1875,False,1
0.53177994430764075,-0.80148115497367289,-0.27356543834013547,0.84346239006815793,0.53024065084126337,0.086116483532161475,0.076034777389520858,-0.27653717727911659,0.95799055434269564,5.9368668313386426,13.82581263479301,-0.026826922611953241,,0.0941436218041269,0.1666666666666667,False,3
-0.95404940009738348,0.24882600392497406,-0.16695916250553783,-0.20264387409848261,-0.9462139142849274,-0.25221952482699217,-0.2207378591546546,-0.2067966348476788,0.95315788269913349,4.7095875904337641,15.784484664189053,-0.41214560253978877,,0.5616492290717934,0.2162162162162162,False,3
0.9368999629989635,0.27185795505897287,-0.21979925296436773,-0.24368653764460849,0.95865135509545352,0.14698452552712468,0.25066976423837695,-0.084147677596025108,0.96440854291730138,7.4994735786191038,3.1068864739457758,0.75167135112062855,,0.07014032170965787,0.25,False,4
