axis_00,axis_01,axis_02,axis_10,axis_11,axis_12,axis_20,axis_21,axis_22,location_x,location_y,location_z,dbh,dbh_approximation,score,reconstructed,number_clusters
-0.37183352326252428,0.9273488220265047,-0.041999919812215708,-0.92824868941412519,-0.37095940696650725,0.027266994407462358,0.0097057497977831031,0.04912515312049387,0.99874547195556851,-14.404452829256472,-3.6309234644799138,-6.3926312804109182,,0.1573990761816718,0.3,False,2
-0.95686951471268278,0.24468112657226423,-0.15662655621842725,-0.24905093049770968,-0.96845218935069821,0.0086017998154929096,-0.14958063321079201,0.047238789581957444,0.98762043869448735,-0.66711098624358756,12.50258701011485,-5.406949866349315,,0.0963934340751253,0.3018867924528302,False,5
0.69957116048066459,-0.68034967755332476,-0.21845939594538655,0.71001087781486616,0.69628625710624448,0.10521407486424905,0.080527913224541045,-0.22871327993377155,0.97015745669125142,-14.34274276822808,13.163344527018145,-7.3413443138027317,,0.1483372531882431,0.5084745762711864,True,4
-0.83416300446537228,0.53097830856169392,-0.14911109220398674,-0.54021904249337283,-0.84109032101119285,0.027026987046877542,-0.11106515254051091,0.1030975641722488,0.98845102263739004,9.1103897344510294,23.31461165104524,-4.7320722412465726,,0.0877045091636998,0.3333333333333333,False,1
-0.97911942473930258,-0.11103612597553274,-0.17028250299582592,0.1205409828851438,-0.9916185784592989,-0.046502325742303709,-0.16369185545793447,-0.066057350709103346,0.98429741586272279,3.5815369706145983,13.582369075218299,-4.9240665638411638,,0.1131227162491891,0.4074074074074074,True,6
0.65733672671831722,0.7408490294072646,-0.13802587921676732,-0.73985605388509168,0.66925070871822179,0.068676840417547041,0.14325308805337458,0.056975472849911127,0.98804470964460955,-3.101232128268717,20.433788966038009,-6.1587867639820733,,0.1416795313805027,0.5161290322580645,True,4
-0.14618520204229785,0.98919776736054787,0.010847292416097692,-0.98820733798806226,-0.14652632288791648,0.044455526624861248,0.045564721555170926,-0.0042206338213380268,0.99895247254298647,12.900940431021562,4.823966088459426,-3.2682936475612756,,0.1538789543640859,0.2173913043478261,False,5
-0.88534695479399572,0.44909116414146205,-0.1203241286154379,-0.44055835847491753,-0.89304651049776684,-0.091521925600631424,-0.14855673130115715,-0.028018857539659561,0.98850687463835474,8.231694329000165,14.181756077106373,-4.3724304519806925,,0.3537597361567019,0.3529411764705883,True,4
0.83398673255153666,-0.45146541500543969,-0.31724613312375927,0.54050033977405332,0.78408683680541058,0.30506919715470893,0.11102032531092959,-0.42589530568257267,0.89793522927068847,-22.355286686215173,10.619774687598843,-8.348652785012284,,0.3591993944036701,0.3627450980392157,False,1
0.8235495153332274,0.55829728129540257,-0.10035109113791055,-0.54708398749276133,0.82849695802179546,0.11954873975769154,0.14988431013093756,-0.043553831597167386,0.98774377109135902,-5.4743499194817797,26.240661338716944,-6.8024198771947182,,0.3232970336798897,0.5373134328358209,False,3
0.95372183098613972,0.25550140217830419,-0.15853612391302283,-0.24222621375334785,0.96521817162724777,0.098388731729150442,0.17816040657554152,-0.055433876334546377,0.98243877920375489,13.288901362723932,-9.5105910534768263,-2.3502711764731656,,0.2000650486166853,0.5416666666666666,True,5
0.97872059608846451,-0.11623095818924556,-0.16910458051351626,0.13234538719765868,0.98734865750616074,0.087334569377110594,0.15681419986641593,-0.10785635298485394,0.98172109778748462,8.4035948355047321,0.31427600024832181,-3.5394592220212502,,0.07878123998515381,0.3050847457627119,False,4
-0.81647698932464308,0.56819193810246593,-0.10258288053437528,-0.56745892085867122,-0.82247492728812233,-0.0390559485905815,-0.10656312233262921,0.026323287366154552,0.99395743646343315,-8.9622722390245144,8.6877284149523497,-6.3125964060378132,,0.1295611992456778,0.4208333333333333,False,5
-0.69952649669239697,0.70686694216951262,-0.10488949658180713,-0.709490334391358,-0.70452861231991004,-0.016214186005502194,-0.085358923555191507,0.063075831270819671,0.99435169516574684,3.1962587836137963,19.423001944724167,-5.2707534074017435,,0.09224893481294102,0.3043478260869565,False,5
0.49301102283986203,-0.8079292314965264,-0.32278551431534885,0.86584169625117957,0.49195469220505289,0.091097408581752873,0.085195589036476477,-0.32439318382306198,0.94207790224474752,26.185588678338341,-5.5403831945189985,-1.024087259370555,,0.4431464313641854,0.4772727272727273,False,3
0.44957488022024511,0.88720183806908781,0.10370788591898011,-0.88468304809561449,0.42622099750044201,0.18886917615635543,0.12336260165546312,-0.17665944587414559,0.97651068027760723,-11.368132529493161,-5.4431278484292545,-5.8884516316773912,,0.7962400310225626,0.3701298701298701,False,1
-0.31096461069240944,0.93648672349133499,0.16215309932709326,-0.95042101612700625,-0.30623461312629946,-0.0540393729376576,-0.00095026366225049036,-0.17091804599821994,0.98528479058144569,-11.002560268519806,2.1534205106215287,-6.2042095638565504,,0.1751055618754291,0.2,False,1
-0.031073114006427108,0.99950954252580393,-0.0038904994283003591,-0.99756335450744371,-0.030768887329066429,0.062614928861951774,0.06246451256353204,0.0058266604834362468,0.99803017724806853,21.337773695281541,13.503883213627336,-2.8093400871360661,,0.3208927827202352,0.5714285714285714,False,5
-0.97854586180528369,-0.060174637540575782,-0.19704570368474261,0.06393675173305069,-0.9978721042571167,-0.012781053293880719,-0.19585731572137227,-0.025105309046795404,0.98031098909279002,-7.3134682902624073,7.1557094057389303,-5.9967798821715785,,0.1216559344306782,0.1779661016949153,False,5
-0.94984927833412591,-0.21455616015944823,-0.22749066483215166,0.22999371576841851,-0.97222603056631662,-0.043352464708482898,-0.21187080769935496,-0.093499730624732519,0.97281476202714279,14.12968039659301,11.854302170703644,-3.5275863965874965,,0.1454604548486876,0.3478260869565217,False,5
-0.021273409272443297,-0.95165391504931585,-0.30643476961538929,0.99297612473146013,-0.055792898408321079,0.10433392641173952,-0.11638667351212782,-0.30206287169810919,0.94615652181352794,10.584025203190119,-22.285165224859938,-1.9126659502544781,,0.2406862712429835,0.1739130434782609,False,4
-0.68845248494302103,0.71160915142534453,-0.14016273250576106,-0.72150022454631157,-0.69166064576337971,0.032295155701857703,-0.073963517732746176,0.12336112317049686,0.98960165285568957,-1.6037903488456076,17.519377496767131,-5.8297558809452559,,0.08825402866005637,0.4242424242424243,False,4
0.43648846293173416,-0.87288620594594768,-0.21805387682125804,0.8994241347943922,0.42944811757088064,0.081305227778942557,0.022672615130389692,-0.2316117134000682,0.97254406930433424,24.022464760826903,-6.4933171787652624,-1.2194466598244689,0.2826724381501142,0.1428042169211113,0.4347826086956522,True,5
-0.80282166840391,0.57702354961800018,-0.15007062313259856,-0.58738617267236093,-0.80862940986537457,0.033105311569174158,-0.10224897502898742,0.11472707041940895,0.98812086630052609,2.2194240892077408,-10.231944642384885,-3.749477251232213,,0.0694102831918712,0.25,False,4
-0.038702934900120708,0.99108116608827901,-0.12751550907719705,-0.99799952435978345,-0.03195433981270767,0.054551531094758382,0.049990321140850918,0.12937172176420045,0.99033525909158848,10.917927906648277,4.5277158352869629,-3.4976599152105048,,0.07238161234469254,0.375,False,5
-0.8592505962949164,-0.4690700028255313,-0.20411208983322424,0.48189011910506596,-0.87609894494389107,-0.015249648425644302,-0.17166923392307518,-0.11146286878353907,0.97882874038659484,12.606227379503778,-15.050592606509294,-2.1557691033616595,,0.2983074523136585,0.2857142857142857,False,5
0.069639423112991081,0.99626651366433161,-0.051023372091705405,-0.9953973066855285,0.072772255005559117,0.062357042461958195,0.065837319141094863,0.046446018694014046,0.99674882229967521,-2.0596461405025073,7.8138057831087302,-5.3453894707982981,,0.4542465201704073,0.7911602209944751,True,5
-0.84725399575228455,0.52560609918801426,-0.076804265364288152,-0.51708995574334082,-0.84919122927184687,-0.1072018367245651,-0.12156744774460998,-0.0511124703387522,0.9912662967259267,-1.5452882838297166,27.064902211806299,-6.3127970759474037,,0.2257321522444746,0.375,False,2
-0.77192613640780949,-0.59949850414100581,-0.21149842425703791,0.61532728949599946,-0.7881851185511588,-0.011685276890347276,-0.15969460458017987,-0.13916092277357917,0.97730848294731787,2.362266848964814,2.1253406640528656,-4.4161043667982689,,0.2778571179847825,0.5110732538330494,True,5
-0.6547050475541013,0.75394557429545117,-0.054105191132510388,-0.75220027068207262,-0.65690133871094514,-0.051724114159509171,-0.074538939441072163,0.0068339007946843083,0.99719468726369065,5.5339917270264412,-12.42625027964273,-3.176368018561424,,0.1996821804141747,0.1111111111111111,False,4
0.10077381103679993,-0.97644749757664417,-0.19077453573637815,0.99401971377822951,0.090708154275229824,0.060801639519257468,-0.042064802737775395,-0.19576086234049034,0.97974906845903231,-4.8058351056043707,3.746133380399999,-5.4568334543217833,,0.2096713280566486,0.7344213649851632,True,5
0.71994520247582872,-0.6367329876421004,-0.27613403969884526,0.6889495000354765,0.70372951981747667,0.17353198361780903,0.083830136782100814,-0.31517592767505143,0.94532356512533089,-9.4201892942149748,-14.80917489002878,-5.0370764082880637,,0.4260180000407736,0.1304347826086956,False,1
0.50178189709202581,0.86498354643774711,0.0042886061495810424,-0.85985527318228361,0.49825505942146003,0.11131399256849152,0.094147952348144021,-0.059542926976224625,0.99377603257260949,2.8275126524912033,23.028408325282363,-5.5088242941855841,,0.678035974374117,0.5882352941176471,False,3
-0.63245164580206314,-0.71450754418763451,-0.29913857160389534,0.76139006018022526,-0.64445465129069113,-0.070451250439917623,-0.14244329391381008,-0.27231814432525547,0.95160534692183962,5.3397933814372234,-8.8598219239981049,-3.3866314973490859,,0.3937177389793761,0.1333333333333333,False,3
0.90070403218949502,0.40152936056760297,-0.16585059240098804,-0.39224622690900368,0.91575148643424531,0.086845337060330347,0.18674887917531713,-0.0131676761671847,0.98231943299067481,-7.2925364128658003,-1.8582684805580614,-5.489272690275401,,0.3712728831403308,0.9611712285168682,True,5
0.77887126864747225,0.61393662053011633,-0.12822391683121326,-0.60528480843150423,0.78935166075797514,0.10273391037366517,0.16428587144826243,-0.0024045021703342773,0.98640983917020963,5.0302567990198988,2.5500438220721269,-4.0809699095248808,,0.1107466233806553,0.4242424242424243,True,5
-0.33035568187770625,0.94074069426955753,-0.076629430353803873,-0.94384354120368086,-0.32968630079946931,0.021594276863548312,-0.0049490584168526489,0.079459984963468455,0.9968257709401348,-3.3057464606791638,-13.891270438165742,-4.2662442174583379,,0.2419150557093604,0.5,True,6
-0.91214845816076595,-0.36418810801667884,-0.18802183983295623,0.37153118082335429,-0.92841132145073391,-0.0041230908438762912,-0.17306002412730082,-0.073616847129816324,0.98215619321354597,-10.268553033786603,9.0626758896937289,-6.502716202818223,,0.1022319629861225,0.4172661870503597,False,5
0.75644881308891432,-0.57990862508497154,-0.30247508943453771,0.64752104259317478,0.72919407620833609,0.22134249167685877,0.092204623395042526,-0.36329325038421822,0.92710103098305796,-15.074349961285513,-12.803156555280287,-5.9509863165732595,,0.7926781803992912,0.4324324324324325,False,1
-0.52170465663918819,0.84530207719214789,-0.11527640493885542,-0.85264560491055164,-0.52116357620578679,0.037202140571673176,-0.028630816748850679,0.11769844999419163,0.99263656551693635,-0.90836372085329076,24.582071786540997,-6.0787013544341484,,0.1028897344285427,0.2352941176470588,False,2
-0.62405655254056713,0.77502533056317435,-0.099444236719005014,-0.77767556988492381,-0.62842465141961745,-0.017411648178492521,-0.075987678181016469,0.066469500325904179,0.99489078711740198,-6.7350660571426015,21.484967607419069,-6.7192084782132113,,0.2358390695187374,0.625,True,5
-0.43205387458264966,-0.82964289834107519,-0.35358465844877995,0.89247298719292378,-0.44971485715096565,-0.035334323095622414,-0.12969740394109386,-0.33083108755059121,0.9347349222753123,18.7567592211144,9.0339889469267174,-2.8832348462099193,,0.2378044295959426,0.6470588235294118,True,5
0.32517457536436184,-0.923272837954905,-0.20452081124253629,0.94552419377346397,0.32101834843036497,0.054140732910482055,0.01566826492149808,-0.21098456499407503,0.97736381087526125,7.1770351224950915,17.350871025500094,-4.6205543017907456,,0.3005237294171855,0.5384615384615384,True,5
0.61661394703388794,0.78320007343726361,-0.079905477228753241,-0.77373491792776372,0.62162344199357189,0.12214161102335955,0.14533243651231742,-0.013488563004623477,0.98929092867844692,-0.12693001049137831,-6.5948663875934699,-4.2940086241972271,,0.07299086827006508,0.2241379310344828,False,2
-0.25294246443342472,0.96072322242162056,-0.11415340374323193,-0.96745021326111102,-0.25022132266141134,0.037807070061127143,0.0077585145085124416,0.12000074827013994,0.99274348442446614,-1.9778860468375707,12.476031616769966,-5.5903160694350857,,0.08649214558736774,0.2698412698412698,False,5
-0.21548085179870818,-0.92313208311851602,-0.31842606618392977,0.97246692612744456,-0.23249514516933714,0.01594004582579267,-0.08874728219130229,-0.30622404312848805,0.94781367120004101,-16.445702874381698,-3.8058592736952277,-6.6856836363646108,,0.1921034599238263,0.5333333333333333,False,1
0.81884492937155118,-0.51084374269562671,-0.26178550798549388,0.56267214025986168,0.80454482934570604,0.19002020984220236,0.11354754166376914,-0.30289649737461855,0.94623499600273797,17.994518807865447,-8.5248614233522186,-1.8567118556779405,,0.2935755650493499,0.1333333333333333,False,4
0.82254046234469014,0.56204259877422102,-0.086806134396732154,-0.54343830047013075,0.82177666096649282,0.17134156843246792,0.16763651567579047,-0.093761594770364692,0.98138002932513291,-14.659306259912148,-22.057458417300897,-5.3754149907204543,,0.2130258369383584,0.3928571428571428,False,1
-0.78820004881241568,0.61017956912250459,-0.080134739517768339,-0.60560114579906044,-0.79218815169806411,-0.075400162573237672,-0.10948942989609162,-0.010900721750420339,0.99392818604079713,9.5515237675850795,-12.42418854817541,-2.680034254506253,0.1538244935379471,0.160082568204421,0.3181818181818182,True,5
-0.24746567850939266,0.96739736066121229,-0.053880279746916504,-0.96889579408337545,-0.24700816994239713,0.01509649592631588,0.0012954410180804968,0.05594024103834308,0.99843327832416562,11.546966428201859,15.489542042064347,-4.0329225082263109,,0.3792912976983426,0.5454545454545454,False,6
0.98776310006319967,-0.020346851118690459,-0.15462879357704096,0.040812002366726406,0.99062721353436822,0.13035376583724523,0.15052720224715399,-0.13506935053774,0.9793354031836885,-16.91007103208678,-12.243299075104426,-6.2655013324087419,,0.2410004863809899,0.5641025641025641,False,2
-0.40106351748015645,0.91552462411501645,-0.031027690624709461,-0.91583982443395595,-0.40146726619002204,-0.0078390151608120906,-0.019633413539826276,0.025272451740349436,0.9994877849457724,-8.1797666766522479,10.05318855099395,-6.3052488946981615,,0.1754817517845935,0.325,True,5
0.94538436084146538,-0.26778040652830576,-0.18585495461760115,0.29334158506297803,0.94754724685923586,0.12690519864144101,0.14212362488029556,-0.17449317708443274,0.97434747723893,1.401860581917755,8.2233229252015843,-4.8878272424765674,,0.08650510222455063,0.2318840579710145,False,5
0.60412041401246153,-0.72713856897570284,-0.32604911728354902,0.79593232936898339,0.57066001207690564,0.20208631245498243,0.039118441158601705,-0.38159750015475113,0.9235004577351158,-9.7486930572008728,4.1318894682316882,-6.1614103149145398,,0.3151051340161963,0.1898148148148148,True,4
-0.50655709015809713,-0.82069445089139847,-0.26431143124470924,0.85371486186229451,-0.52033722818301398,-0.02049642901240676,-0.12070977195738564,-0.23602920845285918,0.96421956198321968,14.348001244659228,10.388835646584004,-3.441363805187879,,0.1644860715093254,0.3703703703703703,True,5
0.37956122487703337,-0.86328589713219639,-0.3326721154267453,0.92516450235148862,0.354942604614361,0.13448565357797948,0.0019799390316625545,-0.35882197151544809,0.93340391717583782,8.4168125975395363,15.518322946160138,-4.4234718199992091,,0.2622549369017924,0.5925925925925926,False,4
-0.89527539451675731,0.4180820439621859,-0.15391352276283243,-0.41754550570213328,-0.90788690290808949,-0.037378097810166655,-0.15536318302871469,0.030802208433120794,0.98737708364880938,2.5666140613955832,9.224005808705904,-4.7923849453548986,,0.1646847136062733,0.2682926829268293,True,5
0.81246919679816054,0.56896957219133637,-0.12715120988240791,-0.55864424240046429,0.82216540861396792,0.10936476265890699,0.16676454865157558,-0.017823209560443448,0.98583564477756724,-5.9218688544119047,20.735486419551066,-6.5720763633473229,,0.08027404450368544,0.2222222222222222,False,1
-0.026690336863543572,0.99766577516264088,-0.062854013294610836,-0.99868307339149809,-0.023856020998198547,0.045420360890761992,0.043814892895271643,0.063983523904690073,0.99698864779360241,-6.5136172129979713,20.057688163575676,-6.6198217018308441,,0.2867898758255431,0.2962962962962963,False,5
0.92324642999899009,0.37772031390051608,-0.070309273648770404,-0.34268863821452844,0.89231469091186866,0.29383497004531356,0.17372543490460493,-0.24718789786264608,0.95326681281656622,-9.2493700765489724,-13.462941242208435,-5.0828698203336344,,0.2917777973154269,0.2173913043478261,False,1
0.064677962435781916,0.99531340906312038,-0.071888656367370254,-0.99620912188924049,0.068599784284449225,0.053492570145734934,0.058173418670600024,0.068156344791055951,0.99597719151840969,-13.727996865140428,-7.1047678166031005,-6.0847765490545616,,0.1302155854965153,0.1282051282051282,False,3
-0.27846049871342504,0.95994302510273,-0.031131000833414246,-0.96030936807903966,-0.27882417126915771,-0.007937196967602575,-0.016299332376072832,0.027685195912018762,0.99948379761325157,-10.144655572383218,13.008754875177043,-6.7065037332576267,,0.590510348382629,0.7711538461538462,True,5
0.28887567426315064,-0.93160183977178312,-0.22061019231404144,0.95697579289961321,0.27440294278448818,0.094341702313287423,-0.027352817463035597,-0.23837163657835037,0.97078874439900287,-21.595842271612966,18.493427998906732,-8.6873890164694831,,0.1479314193320658,0.5384615384615384,False,2
-0.84049457591074628,-0.47513668011728921,-0.26041121917409465,0.5177588380735455,-0.84595777733761901,-0.12759790185865263,-0.15967045268724453,-0.24207555467068365,0.95702913872542772,3.6277256725747602,-17.527010903995023,-3.0694133468640277,,0.5929698404052162,0.4418604651162791,True,5
-0.96494329895777098,0.2150023230578241,-0.15052717653710818,-0.21493749969944223,-0.97648164002381144,-0.0168960918368899,-0.15061972320863876,0.016050164365120564,0.9884614768438913,-16.154396653535549,-11.086010081470038,-6.209862830848115,,0.07770319945442652,0.4,False,1
-0.3277259523626212,-0.86500391091906403,-0.37995254209274276,0.93882998826228892,-0.34320469865462255,-0.028439197612112221,-0.10580148055412032,-0.36603110375501469,0.92456869825689136,1.5490030702207025,-6.8270003731962019,-4.0328189348167403,,0.5071965188955468,0.25,False,1
0.839044912503905,0.5252988991423222,-0.14164992538359839,-0.51140410601311592,0.85032638559222451,0.12414055871708221,0.18565956790383956,-0.031719150769336429,0.98210204170454318,12.004952153576443,3.8848155732942105,-3.3084793524714571,,0.1168133213800404,0.3684210526315789,True,5
-0.9507564083593919,0.2691567575059462,-0.15367788341995128,-0.26982237584154201,-0.96276164795326491,-0.016908421734172931,-0.15250618826387496,0.02538994129966262,0.98797632229827481,-17.641691796281972,16.818748979291072,-7.9970287237960997,,0.1466333245462167,0.3428571428571429,True,3
0.47237081746008053,0.8702381787104938,-0.13982604595260384,-0.87231191828947463,0.4843024630880951,0.067253560923887484,0.12624471482891414,0.090203306821029935,0.98788948542654265,12.000354227207335,0.021212962603482099,-3.0623594896086934,,0.2954507096045263,0.8,True,5
-0.19479279565634064,-0.9047839263310824,-0.37871072524196936,0.97934630767574316,-0.20074478447289204,-0.024131745664618766,-0.054190187324614877,-0.37558964064500427,0.92520043527761098,-11.186256542882417,9.9474425441882453,-6.6910759638201593,,0.5727207573712915,0.3885714285714286,False,3
-0.95650459432831059,-0.17282781941316436,-0.23500958675280675,0.23453182500091305,-0.93466507451043623,-0.26720033973058871,-0.17347560085088454,-0.31069557983223967,0.93454506182534292,-18.437126444566303,-10.784239457587072,-6.5683095804059697,,0.3320581231015007,0.25,False,1
-0.83162323889077261,-0.47253723635084272,-0.29173849385833517,0.52919388999773531,-0.8336045259130237,-0.15829504466782499,-0.16839422592798975,-0.28602806617398879,0.94330871406707728,25.717412374913273,-8.8944062918690978,-0.92954641267238614,,0.7508291100951603,0.4583333333333333,False,1
0.96183843667128555,-0.16715106938628355,-0.21662719530280683,0.23206081193536721,0.91779147170251574,0.3221903071695818,0.1449641379984605,-0.36016570418788235,0.9215563272102314,4.1263385728503916,11.724593036541849,-4.7450439406106355,,0.3921356352093311,0.5526315789473685,False,5
-0.92617130372685597,0.35004337362049026,-0.14027242329582187,-0.35144257659287981,-0.93608126374295308,-0.015491385578899911,-0.13672904413713324,0.034950025089865597,0.98999174957954283,-16.751089619039284,-5.8992367427823611,-6.5932034170915284,,0.1037676672756535,0.5,False,1
0.51359572152721,0.85670853510818612,-0.047643684804285158,-0.85017772351960408,0.51560506550987451,0.10653288155110213,0.1158329541191439,-0.014209232679618433,0.99316706774172114,0.85665878332012346,22.088175841628271,-5.715326921626418,,0.4568136068313614,0.723404255319149,True,5
0.53531776833083566,0.83917037176354869,-0.09606234467011758,-0.83476192932020488,0.5429698435104825,0.09141263805300881,0.12886973371161395,0.031254378772078747,0.99116888346066867,-4.5105458626455235,14.38514824708567,-6.0495059684786314,,0.08422243593936045,0.3142857142857143,False,5
0.57753406998068268,-0.74705607064656421,-0.32918327011205151,0.81463784899871661,0.55360920302755001,0.17286418166278777,0.053099651508199494,-0.36800010548003509,0.92830832667621321,-14.843398826828063,-9.5519082383648737,-6.1260357240260772,,0.2455852719601008,0.1875,False,1
-0.98636664748555591,-0.025584857899257928,-0.1625615322712608,0.02628511768829216,-0.99965215735154989,-0.002157982971350357,-0.16244977474966843,-0.0064015114361209643,0.98669604809947198,-6.3800108035707517,-13.334915598102109,-4.7005498478582908,,0.5095427742748314,0.7611940298507462,True,5
-0.97720509918478371,-0.12191009049196477,-0.17380484447649658,0.12477493390052673,-0.99216920413283005,-0.0056112601567730944,-0.17175974498518962,-0.027169840019197242,0.98476412901565158,9.1332568340779297,1.1979254786144109,-3.4917030266025133,,0.08670346640744983,0.4146341463414634,False,5
0.92825281868780929,-0.31315656402163156,-0.20069795965156903,0.35267678486770598,0.91246802338089672,0.20741550502008463,0.11817694366294502,-0.263315538313873,0.95744406482517819,9.1806796176792282,-8.0483589254643437,-2.9860661777740343,,0.2557570386661369,0.196078431372549,True,5
-0.73700035196879776,-0.65038896939881807,-0.18391484356139515,0.65652875136736988,-0.75353953601148682,0.033884602632995697,-0.16062527766784135,-0.095772418534447207,0.98235796124538655,8.6814037707931977,2.3581346277774133,-3.6028392137136676,0.1719769790443632,0.1230776646298312,0.5714285714285714,True,3
-0.1941125113344668,0.9786335668148739,0.067798782043827138,-0.9801164090304062,-0.19637618188629447,0.028429209224042958,0.041135844378959258,-0.060932233595699076,0.99729389109543409,5.2196236191601271,15.417764464662181,-4.804713276935848,,0.2937254736541274,0.375,False,5
-0.88364668237916244,0.46567303108928937,-0.048136979926178367,-0.46002517463050802,-0.88277876630318197,-0.095281102378187238,-0.086864143502772093,-0.062050607413189074,0.9942858455661453,-12.795185067891444,-11.414950336418842,-5.7059911139216206,,0.5987874959265449,0.46875,False,2
-0.6182622893716605,0.77439041062840164,-0.13442928798326831,-0.78267458551799307,-0.62224677726735744,0.015147322028177854,-0.071918250292612895,0.11457940524877444,0.99080741073514711,10.964021794239187,1.1045758351471784,-3.2497875515361452,,0.09001700254497011,0.4545454545454545,True,5
0.07459374208925626,0.9957237992347745,-0.054496690528778063,-0.99363212895457176,0.078842465062751388,0.080492596007555789,0.084445046925963982,0.048145418684405833,0.9952643129889549,-1.9965965625154909,-9.8512610705801578,-4.32316570445645,,0.3378252326272363,0.4193548387096774,True,7
-0.97207453929486276,-0.1555201781745672,-0.17574004732909379,0.15645664521047092,-0.98764737513524647,0.0086011951462503997,-0.17490685585238239,-0.019134695425062801,0.98439903251010219,12.182594841508848,-1.3331860901207631,-2.9638465867203014,0.04692886459970076,0.1464418993396994,0.5,True,5
0.92616880959251502,0.36757841484377124,-0.084246335700291608,-0.34511444659741158,0.91622104202342158,0.20355594047651843,0.1520110354143677,-0.15945253555355587,0.97543197303440687,-15.843798032446445,7.730679364133243,-7.2388332419489707,,0.2745008758509245,0.1931818181818182,False,3
-0.97194840021050111,0.21548165467932295,-0.094254781443224911,-0.20740264942930289,-0.97423984035190314,-0.088548712474014024,-0.11090738630927496,-0.066516088037112842,0.99160232033526752,-1.962559936436596,-6.7491154537747677,-4.5040553739516973,0.964384172363753,0.3356266474620642,0.21875,True,6
-0.98624974360884277,0.045053511986302322,-0.15900196316144577,-0.012841298527215817,-0.98010511605018802,-0.19806327914175309,-0.16476208387741564,-0.19329806659651105,0.96720696501132797,-10.064103509987476,6.5139519463983531,-6.336432507950942,,0.09441893993836922,0.2922374429223744,False,5
0.21187075506041791,0.96779278186284379,-0.13597027073705673,-0.97340423379884078,0.22138092037185092,0.058946464845701339,0.087149186872980927,0.11986500519122441,0.98895773406040355,3.880558563171757,-5.5346221221743406,-3.7548754931731883,,0.3312820403620599,0.9736842105263158,True,5
-0.77661174152643075,0.62483559079133166,-0.08034106922198736,-0.6210135160075545,-0.78074721500448518,-0.069108604375107269,-0.10590758168903373,-0.0037776637208604136,0.9943688015005262,9.8539065393400698,14.331709992252378,-4.1951282904359166,,0.1570622651116174,0.3076923076923077,True,5
0.60485665739328232,-0.77205974025950874,-0.19512094064309188,0.79430318481984974,0.60241240323935563,0.078624086693755313,0.056840782824206779,-0.20254148684603723,0.97762266315492474,-9.1014426836996165,16.770464995280559,-6.8378314769432338,,0.4338806467831778,0.8818897637795275,True,5
0.7171911661080187,0.68448979091401874,-0.13080732927135874,-0.67876745446941256,0.72865065948949648,0.091339800627318807,0.15783400777315668,0.023279659791481652,0.98719120915365655,10.769637432948757,6.3200365602008848,-3.6191189644808741,,0.09322527838912395,0.4,False,5
-0.049949526992067061,0.9983733970823041,0.027488265707555637,-0.99725014281475799,-0.05136419055161566,0.053421649028484737,0.054746665736043219,-0.024744290802480862,0.99819362984516602,-1.7994869508680509,23.870969718564982,-6.1623107065841234,,0.2818201496632242,0.3157894736842105,False,2
0.051526067248905003,0.99057802973600473,-0.12688668723785701,-0.99667521290400551,0.059036163129816251,0.056153819332848375,0.063115642883660575,0.12357143054624781,0.99032646999670648,-14.298677225431014,-15.042891670859813,-5.7331000498295372,,0.07110882990340003,0.25,False,2
0.13208653581433383,-0.87906454805797207,-0.45803784494755684,0.9908762298445275,0.10460970471054987,0.084977095793318719,-0.026785148602612201,-0.46508314313464955,0.8848616986774438,-15.841806862516121,5.1403671133492859,-7.0663491844660893,,0.3772575322145274,0.1549295774647887,False,2
-0.51265475298788088,0.85831418174792418,-0.021951529544083942,-0.85772841230584396,-0.51311830811401382,-0.031805229153498829,-0.038562610936365677,0.0025233486881220124,0.9992529998699865,16.855464058597139,10.985444763846749,-3.1614563484582794,0.1279907486943388,0.1506872066212278,0.1764705882352941,True,4
-0.63201671458176734,0.77466411233513299,-0.021222288973830994,-0.77230415007763198,-0.63188182847174512,-0.06535789638651085,-0.064040395549488136,-0.024917221097541756,0.99763618610726079,0.119189692621538,14.380445347117629,-5.4078896155731524,,0.0835127469194042,0.1842105263157895,False,3
-0.17457002413215358,0.98305735434224262,0.055888681753365255,-0.98442135409740206,-0.17545809301793336,0.01136024610413678,0.020973895001541142,-0.05303485333382027,0.99837237544932278,-1.5866979295596777,15.08463233463867,-5.7012828081664839,,0.1434650339481282,0.40625,False,2
-0.2129441786873405,-0.95155274867320483,-0.22181556134690705,0.9733813876436892,-0.22629539937294629,0.036318953887546176,-0.084755241442762516,-0.20817722909844921,0.97441202287988615,-7.4640512350091246,8.7484909984256127,-6.0893875682165755,,0.07234538454928514,0.225,False,3
0.89919704235938003,-0.40095515854461133,-0.17515604428226206,0.42019607222177163,0.90293784029997071,0.090213732013597975,0.12198335911729837,-0.1547198028401382,0.98039881818960295,14.47058268583192,-1.3830386445708107,-2.6706652262698025,,0.2056267360780112,0.4130434782608696,True,5
0.68930733711902525,0.72110154861385722,-0.06977070718127848,-0.71162796673702544,0.6919942617944338,0.12136547532681441,0.13579776121720713,-0.034007326126493612,0.99015275075016651,8.6739587203026538,6.0650798388120171,-3.8652721309132603,0.7761879724122781,0.3613133584852359,0.2653061224489796,True,5
-0.42100650066930834,0.89636385994091639,-0.13887172853394533,-0.90669148977974612,-0.42022472117272064,0.036355550831956004,-0.025769531527940634,0.14121973766839821,0.98964282291021566,-5.5309878669712544,15.372945373808573,-6.2565411267037536,,0.0982662070373147,0.4565217391304348,False,5
-0.34889784032928578,0.9369811484269136,-0.018347329673341572,-0.93703330211329439,-0.34846064669991555,0.02331884285577291,0.015455993795799677,0.025327952820129618,0.99955970660172455,12.3225708267755,-10.205126772915506,-2.4335164869291912,0.1196050702528322,0.2448505955673493,0.2857142857142857,True,5
-0.092776626316367683,0.99568535029762506,-0.0017834831233846382,-0.99534402626612839,-0.092697517949658789,0.026409080678960483,0.026129810288026106,0.0042253246823180657,0.99964962844270755,-2.7184845365981327,-11.795695356728727,-4.2810189740969369,,0.4188426662867605,0.125,False,3
-0.098140387187178754,-0.95711075339804097,-0.27259396569364081,0.9925925931627495,-0.11385326111918843,0.042395506023345422,-0.071612906666328496,-0.26641403991224083,0.96119464778807395,26.200024202414134,8.7987686907209159,-1.9026143286721064,0.2533094073357142,0.3082764097468468,0.4166666666666667,True,5
0.92238128101337469,0.35966354849387078,-0.14090743174482542,-0.34441021536549277,0.93090890241801361,0.12161504409728253,0.1749124809383838,-0.063645481251115799,0.98252474611497354,5.7163748093860054,-11.396006018899559,-3.213467538539696,,0.09656110062749264,0.5,False,5
0.79026097608382284,0.59967899699655014,-0.12598686534816145,-0.58883033879457203,0.80007071191236634,0.11474183219344608,0.16960666789402312,-0.016491103700214893,0.98537384870141331,12.611807157793459,2.1957096859821372,-3.1453700237100066,,0.0919797177797502,0.4814814814814815,False,5
-0.67585210836766185,0.72541454961996488,-0.13037506975894556,-0.73363899275693711,-0.67909415819244678,0.024595784506268724,-0.070694808307067994,0.11227134767408659,0.99115961810894604,6.0927155781320863,12.152784693899553,-4.5050623743617368,,0.07657204611001425,0.1666666666666667,False,5
0.12557153901394311,-0.9675814444778621,-0.21912995434628674,0.99199643577242014,0.11951513534179858,0.040733325902121614,-0.01322346416362374,-0.22249108010517527,0.97484504372189751,-13.981083637948036,8.5437554550968482,-7.0149827775209426,,0.2139292131055262,0.2121212121212121,False,4
0.65625637420904759,0.75418476847321048,-0.023084763654945079,-0.73613564908350582,0.64666699518661985,0.19981517330952059,0.16562571496721179,-0.11413646367098611,0.97956163165075116,9.4232507680897708,-9.33514905614466,-2.8518204757388239,,0.149442083791838,0.2380952380952381,False,3
-0.33272986838854074,-0.91936981601413914,-0.2098808616436309,0.93663862355548699,-0.3480410368229932,0.039692890437193665,-0.10953959807406459,-0.18337551114940176,0.97692092738587022,25.071630106236594,-13.775167428808844,-0.769307886519077,0.5412645894758633,0.4473007358729194,0.7391304347826086,True,5
-0.60967652743947121,-0.7719110983097951,-0.18013269607574006,0.77990078909029947,-0.62477041137175782,0.037638972497851822,-0.14159551922881278,-0.11753803376155261,0.98292192953143154,-8.3952024844349395,13.649700368088705,-6.5355258329472559,,0.08947458272387773,0.3392857142857143,False,5
-0.47681932053719794,-0.81242854247676632,-0.33556400124495522,0.86854361492107268,-0.49417559405497552,-0.03771566279743746,-0.1351862587036228,-0.30943552738735658,0.94126209413118733,-11.813361512980364,6.7852989632391623,-6.6100462874060693,,0.1567659457002664,0.1543624161073825,False,4
0.013162053650926632,0.99766634680007305,-0.066997170136405798,-0.99843087322853974,0.016760247724777768,0.053431128383176263,0.054429327827794416,0.066188779704723782,0.99632148110608054,1.1206869094995886,17.798314377084047,-5.4538904164878064,,0.2902953110545791,0.78,True,5
-0.84440061514421927,-0.4996290272054259,-0.19328330584358444,0.50822039368420491,-0.86120677209325125,0.0059099191361121975,-0.16940965907390437,-0.09324017843442528,0.98112518902430634,-8.3767129545788332,-15.646016458242558,-4.8581208885398279,,0.07349134862646063,0.2666666666666667,False,1
0.96714125294496323,-0.16185218550968378,-0.19606546584695889,0.20409553782115966,0.9541098845367737,0.21913315511513884,0.15160081890787291,-0.25194880090002969,0.95579233802719887,-16.040897433420295,-9.3188302322856771,-6.3103593335608243,,0.07132459800861919,0.3333333333333333,False,2
-0.95132736309222221,0.26566067168468144,-0.15620709251516507,-0.2736320115106966,-0.96131660012687803,0.031558146287578692,-0.14178071275250173,0.072765389029003008,0.98722005026784621,-0.91449965729832849,4.2722052784158198,-4.9685518565925646,,0.21343431915953,0.7333333333333333,True,5
-0.60868868007634114,-0.72253478474343091,-0.32778281770508666,0.77508583641363094,-0.62978813344181606,-0.051076933804362595,-0.16952886756509605,-0.285149770842688,0.94337138564324652,4.8494381650776779,-6.9896264574493436,-3.587615681045548,,0.1956835184576457,0.2380952380952381,True,5
0.61848911824467567,0.78579237434877525,-0.0012470077134797142,-0.77330750202285348,0.60894264306839763,0.17659095324519847,0.13952318061203112,-0.10825526254269532,0.98428353648921441,-0.8273857280782706,-12.164956089332533,-4.0262798778926365,,0.1498945701830894,0.35,False,3
0.29698916473733855,-0.93305045235415041,-0.20301302763698137,0.95487484742749429,0.28944381015537135,0.066605604216622455,-0.003385524913215518,-0.21363317655377667,0.97690808375026017,-4.7934086200932207,17.806727009913825,-6.3094977067519666,,0.1499034017213782,0.5517241379310345,True,4
-0.97775702667140918,-0.11728843427455819,-0.17388105123937256,0.11800883707571318,-0.99299302522157162,0.006226253556545068,-0.17339293862993505,-0.014431737481511046,0.98474697957726276,6.367622530725801,11.129011898854053,-4.4122796431689686,,0.1327565766078559,0.3658536585365854,True,5
-0.69307280115048531,0.71791432601122618,-0.065185219285261622,-0.71209940588953413,-0.69589866372450238,-0.092948835163358584,-0.11209160734503325,-0.018001953624529887,0.99353480121659954,-2.3227161759898793,-14.678953606141825,-4.0778642606808351,,0.689736472079667,0.7878787878787878,False,4
-0.71519140622667066,0.6903507676109053,-0.10916533386818558,-0.69028226029408446,-0.7221667372270959,-0.044560125292258335,-0.10959768967824274,0.043485874738882616,0.99302433258978462,-0.86904916820622036,6.1094270850258141,-5.0477932473915699,,0.1341803508076938,0.2788461538461539,False,5
0.98566808229001601,0.078450976531910882,-0.1493448219253464,-0.031153219102428679,0.9547105513723072,0.29590072666004491,0.1657947782479289,-0.28700732983597493,0.94347171877388347,-6.5601455878439126,12.976234457584864,-6.2468948541495264,,0.5561619056864366,0.1140350877192982,False,5
0.65043595531621656,0.75752042861146807,-0.055640527209757901,-0.74447136996327146,0.65033035045592569,0.15110530957211307,0.15065008243240982,-0.056861546867562895,0.98695051403347378,-4.4878000991689273,19.944420455960898,-6.3380235987783884,,0.1133196574033302,0.25,False,5
-0.55265899622466519,0.82392586134364876,-0.12535632772650163,-0.8321057341919591,-0.55392169496852983,0.027763338561014223,-0.046562656891635266,0.119653377939444,0.99172324170147108,-8.540370981845701,12.10033086492888,-6.4829553702385123,0.1664107157378428,0.08697729125612928,0.3736263736263736,True,5
-0.91975503788585566,0.37039292880709224,-0.12984509452918383,-0.36620181078297409,-0.92886793732129236,-0.055682930919256454,-0.14123350899435752,-0.0036651474993627184,0.98996952611226829,19.50829633406277,4.9059418673194317,-2.4833415956498417,,0.2658513550339978,0.4375,False,5
0.1687647169899073,0.98427392272241521,0.05218539400971059,-0.9842964747098919,0.165515288323659,0.06136073015225673,0.051758286032272241,-0.061721425613544462,0.99675049307599373,1.6946733521711561,24.554472371452938,-5.7317161751317647,,0.2881661926562371,0.1666666666666667,False,3
0.41013622288675611,0.90253612625473778,-0.13121287848865548,-0.90419691532109581,0.421194644899406,0.070873192618083031,0.1192317784820886,0.089574616455537839,0.98881756208455529,-1.77602354673148,21.779542945084881,-6.0726474908605992,,0.1331687825412326,0.4210526315789473,False,4
-0.83572522750950329,-0.51081835495182826,-0.20156376744965049,0.5273330911730707,-0.84893791694276821,-0.034988914397669733,-0.1532421451756748,-0.13553236300301724,0.97885025592312935,-12.107477834811483,16.256286905661732,-7.2085274906997832,,0.1509812611633026,0.2352941176470588,True,3
0.56627467862047787,-0.78488381266724205,-0.25157581156821668,0.82392215515475897,0.54721651131677695,0.14733082497370181,0.022028858309277186,-0.29070860041496571,0.95655801656060591,20.311098436108679,-10.271240339941297,-1.4754294233907603,,0.3085648764891727,0.1111111111111111,False,6
-0.88259538062147513,0.46849887062631068,-0.039168894897684853,-0.45994391200698032,-0.87771618463875667,-0.13440943802761973,-0.097349842903569253,-0.10061365436687421,0.99015145338558952,13.765853284438336,1.6536015927720114,-2.9467226675634737,,0.5019441212651992,0.5833333333333334,False,4
-0.31519758518350255,0.94563441173649154,-0.080162594982135446,-0.94901982405075769,-0.31376258944747049,0.030239229849461813,0.0034432329516367738,0.085607224011757466,0.99632301355727171,-1.3607565002088233,19.837301989228951,-5.8952294254687532,,0.08609813432391666,0.3333333333333333,False,2
-0.96355773423628677,-0.18640430032364,-0.19185914003322224,0.20401684103840104,-0.97598306027763015,-0.076381899844293402,-0.17301335603399273,-0.11274086602455261,0.97844564272211321,3.7710814943440352,18.411790497724311,-5.1311203867942492,,0.4589288531738219,0.1666666666666667,False,1
-0.84028651133466836,0.53403243355314078,-0.093423438078063331,-0.53030252015338131,-0.84545682064863759,-0.06310310244095127,-0.11268458629283847,-0.0034820011503108456,0.99362470766381628,-15.629545254276094,6.12906066043666,-7.1060898372018704,,0.0784961571232704,0.2391304347826087,False,2
-0.028688877448136307,0.99642731252296957,-0.079432733611661949,-0.99814808271251387,-0.024292586892921068,0.055769841306796512,0.053640966509760107,0.080885604901646757,0.99527893860545291,6.9282029629216177,20.640150832246047,-4.8771178632460064,,0.1367742579034285,0.2916666666666667,False,4
