axis_00,axis_01,axis_02,axis_10,axis_11,axis_12,axis_20,axis_21,axis_22,location_x,location_y,location_z,dbh,dbh_approximation,score,reconstructed,number_clusters
-0.42037989995886915,0.9055200764216691,-0.057568488844734367,-0.90309191955804879,-0.41142670376845081,0.12309773456561413,0.087782256404869335,0.10373745043870354,0.99072338058458476,-10.604334874242674,9.7223891955178203,-5.2420961697098294,0.2294541969602071,0.2055794784837845,0.4732142857142857,True,5
0.91744966146530538,-0.35666891364612047,-0.17627650074724541,0.3941325885176673,0.87523466405566508,0.28039933220985136,0.054273578706038231,-0.32672858594537402,0.94355858841969975,-6.0415399369516578,13.428008023996744,-5.6365544773331209,,0.7196564689950168,0.4716981132075472,False,1
-0.74393541019928056,-0.62173265425269608,-0.2449665529975994,0.63207800177962292,-0.77365405123408282,0.044009188533415358,-0.21688131574182906,-0.12209797559742094,0.96853217769834821,-13.140574757201463,11.318241080899796,-5.841078259719481,,0.1554437643356462,0.3333333333333333,False,5
-0.24151584371940499,0.96861602810105674,0.058762975913739135,-0.96261830063409815,-0.24679217265946407,0.1116227163186051,0.12262179462406562,-0.029607661504346308,0.99201173474078386,-6.9636725477100079,7.8230217900478856,-4.5351344684192414,,0.2077462454356362,0.275,False,5
0.94775626729208928,0.30172728139482352,-0.10353118115164472,-0.27255482720993934,0.93457743870329535,0.22864574614750197,0.16574656549420771,-0.18848251571134367,0.96798885184592787,-14.04340015329503,-3.579758561313072,-3.1542802615612358,,0.06926992298222145,0.2688172043010753,False,3
-0.38740057691972235,0.92146457284211014,-0.028702508586772979,-0.91653172408458417,-0.38159469556556402,0.11981271661540441,0.099450448710928757,0.072722275219714458,0.99238151884144965,-9.7937939807670826,-11.011639986243766,-1.229989844166385,,0.2453576136953824,0.4354838709677419,True,5
0.95824084656108621,0.27878744502347369,-0.063655639806506278,-0.23660194578666413,0.8979643751519244,0.3710518834448584,0.16060510338048531,-0.34049602267177242,0.92642779498072403,2.6691738085295116,2.6604002425385196,-2.4321409289587184,,0.08671147275683726,0.25,False,3
-0.56578435343522293,-0.77028565147197059,-0.29419055141912642,0.7989552558837415,-0.60034968175095882,0.035366067314136607,-0.20385917811968285,-0.21503551975877172,0.95509222629987045,5.3564398066598118,3.4444068547613589,-2.3446824255649816,,0.2512750149245679,0.125,False,1
0.44306659876763288,0.89420725068511397,0.063916992096402406,-0.88150226094428452,0.42156926332136851,0.21268079408539306,0.16323526888082807,-0.15057472910435102,0.97502897287647583,-16.074709660541792,5.9729118417590197,-5.188277402471539,,0.3497556756925984,0.2807017543859649,True,6
-0.56489292968135241,0.82187151222218313,-0.073642347828141941,-0.82291841268501076,-0.55452756498233224,0.12371121913047037,0.060838014924888009,0.13048523699019521,0.98958190104084442,1.6365990181001446,-3.0616872554049106,-1.4504961378394825,0.3410718271482348,0.2310490502675634,0.7097902097902098,True,5
0.53424273624978735,-0.77949711666188881,-0.3270610705665572,0.84253991713924481,0.45959428535681851,0.2808906920749607,-0.068638085574521487,-0.42562581921584308,0.9022923446563802,4.5743199208250607,3.5150532144229287,-2.3947747533410144,0.8855553501092787,0.7653333326205509,0.5228758169934641,True,1
-0.74932328154455363,-0.63864786710838195,-0.17505291078189952,0.63785507459737378,-0.76711998474626453,0.068321539892399141,-0.17791999197864097,-0.060463466992926346,0.98218564722434987,2.9379194390403169,-14.139537140272223,0.83031522701662386,,0.1436882255878972,0.1666666666666667,False,6
0.91871386951017375,0.39299155236859384,-0.039018786969438474,-0.35918662654056316,0.87255991658321008,0.33109539303154195,0.16416392199278673,-0.29016690324574224,0.94279020729784968,-0.3231480670839541,-11.555257511728636,-0.057075880372517609,,0.3011079526446963,0.2,False,3
0.98900421975144626,-0.069535168321928117,-0.13052016579929518,0.096239027874410035,0.97273382948872933,0.21101409071903524,0.11228848038700548,-0.22125496002267117,0.96872985906172238,-22.349334637553522,-2.4819103023000122,-4.2957770008229801,,0.07078583885666141,0.1666666666666667,False,2
-0.93698914441135495,-0.32331228092726333,-0.13236507189167349,0.30457354221909039,-0.94156679333804094,0.14382952083364131,-0.17113240673640215,0.094451800854877088,0.98071023074090424,6.2832562587933323,6.5109205359980615,-2.8758718368755529,0.4334147670574007,0.3536655210932246,0.8902439024390244,True,5
-0.74265124791190729,-0.65202967002341783,-0.15272993610959196,0.63925740960244593,-0.75819012709274891,0.12844335501477558,-0.19954720805678372,-0.0022451254384496522,0.97988564188302518,-12.630022769054678,-8.2998108413741303,-2.0786277417117911,,0.09028639562828406,0.4545454545454545,False,4
0.94563056095145093,-0.29351694650242499,-0.14010940122111065,0.31752377099049717,0.92643060953250667,0.20224979747135149,0.070437894989983124,-0.23574165486209894,0.96925970467788458,-6.723579266014025,14.925772197979025,-5.9650787292169927,,0.11797632816908,0.4444444444444444,False,2
0.96104537256502509,0.26717209575463968,-0.070787450310250327,-0.22499832010282669,0.90500007756588197,0.36104101644640552,0.16052273303883902,-0.3310497407578224,0.92985940943882517,-28.051826520051915,-0.021168875871223458,-5.4170729070074009,,0.3738407622687103,0.3888888888888889,False,2
0.75712665071848584,0.65284963585893507,0.023379215783791679,-0.62200113908754073,0.70948761727131904,0.33127315603964813,0.19968429519020997,-0.26535763395373285,0.94324520054801608,3.6599977609172116,8.8763905072680238,-3.6458953295437708,,0.3281847440640329,0.1111111111111111,False,1
0.89555729612838064,0.43407360770749437,-0.097761098822717662,-0.40243122838875933,0.88391950894158555,0.23819195647624397,0.189805784339516,-0.17397242541353275,0.96628534058371962,-28.400497084946217,1.2794293365453753,-5.7578411550130317,,0.1980049942646811,0.5142857142857142,False,2
-0.80162011459531812,0.59471069376192343,0.061027719942664801,-0.59780383387289948,-0.79637137737060049,-0.091778023032285549,-0.0059806423611011017,-0.1100537142947192,0.99390764756434224,-2.2331948498846024,-12.412897037180183,-0.1027644118822541,,0.6755286561801,0.5833333333333334,False,1
-0.081010090108952049,0.99634751741960481,0.026999811709164614,-0.98686371414810636,-0.083978970651363075,0.13801283341103582,0.13977616033624723,-0.015464702393785973,0.99006235560268008,-1.991290804706747,10.310471196893916,-4.5301414543884855,0.2534515416061578,0.1632915684186525,0.2727272727272727,True,5
-0.85442365577823864,0.51120426281956499,-0.092900043711808683,-0.51861423483642466,-0.84997686052720045,0.092620796764839919,-0.031614741365072127,0.12731668485877778,0.99135814410584788,10.062796452502354,-2.3765878370854714,-0.55982779645665048,1.013278764610729,0.8760332905970764,0.75,True,2
-0.13800462788388537,-0.97792455438027681,-0.15690216258155212,0.97462284092214313,-0.16227833817731674,0.15419487316788144,-0.17625277483058516,-0.13164082534892396,0.97550276907140221,-4.0043430501049562,11.588602887156732,-5.0722582153258911,0.2869267118388538,0.3591422059513832,0.7431192660550459,True,5
-0.59121878296163943,-0.78786532603644399,-0.17241977468621802,0.78099231400868074,-0.61262842957405172,0.12139774601283694,-0.20127433053602273,-0.062885891161049118,0.97751419864887745,-1.5664834590658887,3.6898596064282723,-3.1307813636107644,,0.07331887816887103,0.3311688311688312,False,5
-0.28796288493562416,0.95287811126257382,0.095397494601389507,-0.93609087799187995,-0.30109704143579369,0.18186379457990609,0.20201793247121114,-0.036930701527070856,0.97868528048845982,0.00053739925496704144,2.0714672359355721,-2.6362005901901671,,0.654239322239651,0.80370942812983,False,2
-0.97870025527516913,-0.15865870415690436,-0.13028133373423989,0.14048819401508852,-0.9803465214411079,0.13850547007501102,-0.14969595073581415,0.11725234962922007,0.98175506560431336,-1.1604879575739608,-1.7483142864942947,-1.9932934855878386,0.3026263831879573,0.2497284462195405,0.8672839506172839,True,5
0.53515560325190181,0.84445316978244511,-0.02252386184638927,-0.82244467256448628,0.52692477110760827,0.21432462799102323,0.19285549221733087,-0.096172395403134076,0.97650275446822754,11.045759730495131,-0.55353719806110213,-0.8195291165412274,,0.1423502952953575,0.32,False,9
-0.38284218454562041,-0.91058629954936587,-0.15577051327298552,0.90293483320609269,-0.4044778031725661,0.14528039690123162,-0.19529605401907599,-0.08503115789924845,0.97705125427015871,-15.092628551826181,-3.3441781903028276,-3.3138144521985478,,0.07389442179359722,0.2884615384615384,False,3
-0.99094399815002399,0.073914402415328512,-0.11210108672992598,-0.062977726320773753,-0.99317695045617549,-0.098149636117700473,-0.11859088716217289,-0.090200921271105572,0.98883769916196695,5.7828449249814584,4.944308937072063,-2.6012308526155259,0.4526948300710309,0.1715858006671581,0.4117647058823529,True,4
-0.4304329798349642,-0.8362273775867467,-0.33978113962488715,0.8835028243792894,-0.46739392154418885,0.031075414999062967,-0.18479775210811569,-0.28682171305174653,0.9399910083281916,1.7549877166346997,-6.0401987426046961,-0.86221627350639929,0.9148497542474247,0.5161643527922553,0.2692307692307692,True,3
-0.49023932407267279,0.86530807314752345,-0.10443822900877478,-0.86804533036741005,-0.47393642433379563,0.14792420395942529,0.078502927079838691,0.16317537876596597,0.9834689045437488,-22.681238928001275,-0.29127092104067354,-4.7255733032433378,,0.09359045706696126,0.5128205128205128,False,1
-0.05697582726914515,0.9976406101497679,0.03830101939889613,-0.98583128275555865,-0.062280846482478808,0.15574908700199247,0.15776703409624218,-0.028884410006506711,0.98705382518434648,-9.0484447647447386,11.942346505668963,-5.5875303381663075,,0.3188701020099589,0.2222222222222222,False,4
-0.063280062415389707,0.99306365716347844,0.09909695515909242,-0.98618695852670446,-0.077452180035433443,0.14641189377781991,0.15307160589917776,-0.088463171030986679,0.98424760646830645,17.040071838258395,-5.4020811828986357,0.89286135767571351,,0.3620770960619432,0.1724137931034483,False,1
0.96767110151159275,0.24402650380218588,-0.063747193988633002,-0.19702259277424761,0.88916692503782657,0.4129942824728815,0.15746344730081221,-0.38708299479679942,0.90849987226377027,-8.4089449478492782,-8.8793018420984673,-1.498204547657759,,0.1049007116291462,0.25,False,5
0.13797944579644625,0.98984444214134504,0.034200188590069167,-0.95487153075668307,0.12377560663566993,0.26999992398584427,0.26302477504618332,-0.069911226307815946,0.96225276728520925,2.0761372835186553,6.1952119259875449,-3.2599355369233707,0.8050707395820107,0.7253242481247362,0.7622950819672131,True,2
-0.39494687241567322,0.91838413171478672,-0.024239525233734849,-0.9134394613688267,-0.38972644817088464,0.11722476705174395,0.098210581829591914,0.068438893990080879,0.99280954840599167,-5.376502768232541,11.160187129418803,-5.0759507786218974,,0.07709765094288784,0.2592592592592592,False,5
0.48712504974503307,0.87301290502354278,0.023614689776767075,-0.85683383912323785,0.47251683096904362,0.20630951646568418,0.16895253192607437,-0.12073239877235185,0.97820178380661416,-10.286600422750118,-6.8054285654031439,-2.0629848599693177,,0.1400277518877023,0.2571428571428571,False,5
-0.87729908700468839,-0.450516287423471,-0.16547322051290592,0.43569966497907675,-0.89218134125025195,0.11907248322774353,-0.20127621289625969,0.032365554082598405,0.97899967161948831,-14.764680041303963,17.269705831174818,-7.1933997863267685,,0.2968968481416991,0.2380952380952381,False,3
-0.7758206249290952,0.63070245406884184,0.017798100071900219,-0.62947801299988826,-0.77562634247603146,0.046488794423675289,0.043125271991504233,0.024863452873543052,0.99876024131263075,-5.7319464007144072,-4.2023284202540525,-2.0512565245090686,,0.3918147733722143,0.4685534591194969,True,5
0.98330544223842431,-0.1150981211445721,-0.1409355518429824,0.15022446299986864,0.95054840827239895,0.27182776577680462,0.10267919935750208,-0.28846168903304598,0.95196997640655912,-15.053308033796945,-8.2423860808007987,-2.3601388015067197,,0.06929553063396629,0.2,False,1
-0.81970720879589531,0.56737989459961302,-0.078486604284908584,-0.5626299165353601,-0.82326794755864818,-0.075348945194907757,-0.10736698220336328,-0.01760516193347085,0.99406357412684632,-13.122206288838751,-16.318840726007416,-0.68834076670251576,,0.3466255917021882,0.3333333333333333,False,2
0.88866217258163571,0.45835852890784784,-0.013674867455330586,-0.42683789274630002,0.83771343307926927,0.34065468931814591,0.16759760242433425,-0.29688998470136735,0.94008902804236405,-9.2844749463569265,9.3032886349699915,-5.0225015087286069,,0.3885457778098202,0.1666666666666667,False,3
0.99160527735492088,-0.067895874312866464,-0.11004146569890209,0.10254585107120458,0.93133630301155901,0.34942386741727371,0.078761172857909789,-0.35777484671795134,0.93048043327411967,1.5061460842513847,11.345430965939943,-4.4619612884882791,,0.3260478601926404,0.2619047619047619,False,5
-0.81223153753515343,-0.56026511480575714,-0.16242823204409881,0.55044763630915705,-0.82830105540300636,0.1045215829382915,-0.19309927269397287,-0.0045125103829729563,0.98116884792328252,-7.5611887305561174,17.740935152815361,-6.6132613163672849,,0.1350432859785759,0.3809523809523809,False,3
-0.38822154114624108,0.91415589561500876,0.11663204320579429,-0.91569362148664935,-0.39691056719471812,0.062985658826681667,0.10387120177749723,-0.082346828484695545,0.99117595475264131,-17.988635845599752,-5.5273645521872918,-3.2236429548869596,,0.23846924764282,0.1702127659574468,False,2
0.76378346832988653,-0.57839468935592342,-0.28652119787344588,0.64544084370820376,0.68877678402536968,0.33014036266550506,0.0063977167186019951,-0.43708823492806814,0.8993958773022338,1.061792833400351,-7.9607383439305268,-0.58548287767116991,0.349975208548143,0.4927250289525035,0.253968253968254,True,2
-0.59587020543031577,-0.78280372057242587,-0.17932382256243015,0.77729902267940976,-0.61830350184474636,0.11621965818293771,-0.20185372828379558,-0.07013640042440468,0.97690120161326466,-18.784983060243491,-4.2296636237729697,-3.6028278851289866,,0.1505264060489153,0.2777777777777778,False,3
-0.64770812258560195,-0.7433694856549774,-0.16696106053116117,0.73487992082198283,-0.66739255795072783,0.1205764303861281,-0.20106140830430708,-0.044597997590021442,0.97856288949747627,-12.910566431758745,4.0651151138434818,-4.4370296810551544,0.1519544937886267,0.194449959355256,0.1794871794871795,True,6
0.31517112212429688,0.94637165240135768,0.071048288579226654,-0.92123172463031211,0.28709105955519693,0.26250872948939441,0.22803349164886538,-0.14818710826046905,0.96231040087480524,-8.421160937418918,12.851817811346857,-5.7043835020613205,,0.343424477891364,0.25,False,3
-0.95387045808190241,0.29789222289494866,-0.037301109062968255,-0.29034231707059432,-0.9469495800157961,-0.13779634184543896,-0.076370728140431304,-0.12060976928347431,0.98975794790276217,-4.7081853332058374,15.15973320814247,-5.8298364695383107,,0.6262291584385472,0.3636363636363636,False,2
-0.84240222438690038,0.53301668294221394,-0.079067743443730631,-0.5388293547978984,-0.83451352630789055,0.11510908225353825,-0.004628040199131836,0.13957216812262627,0.99020108620899139,-9.0819800662657197,-1.9018691763960076,-2.9069552579426641,0.7687037840953206,0.4990397819018181,0.9435411020776875,True,4
0.991949199244614,-0.011567737029792396,-0.1261069925816154,0.039299521465749443,0.97477290180650822,0.21971194213397344,0.12038410912796231,-0.22289902952621618,0.96737980592202677,-16.310770551366566,-3.1207907812375426,-3.5231357607676745,,0.08094585635400058,0.2891566265060241,False,4
-0.87326965599864825,0.48669225520482245,-0.023038156081781933,-0.4867725634947106,-0.87352555377206276,-0.0023618501223584554,-0.021273912211732207,0.0091518102502478257,0.99973179654763056,1.9838884274800095,4.3149572938982521,-2.8252273867358975,0.6903926131182281,0.2221053219553074,0.25,True,5
0.19119261030589524,-0.93079991359168346,-0.31153957472869032,0.9723278891173246,0.13619076468536953,0.18981715322662995,-0.1342529769095113,-0.33921025407868988,0.93108138297294119,-14.769502781759151,9.7432655784901314,-5.6986109245867018,,0.2240941840117257,0.5,False,1
-0.9631068916370169,-0.20492826752417992,-0.17444059289861852,0.21597298114941493,-0.97528310193725143,-0.046674859282987813,-0.16056396449614044,-0.082627333523419721,0.98356084563187629,-8.5795713375608695,-15.353084315264049,-0.34661975644625442,,0.07058447460706954,0.4666666666666667,False,2
0.69890822407885167,-0.69895300406548921,-0.15163110638247793,0.71472287820914704,0.6747196182180043,0.18418643857836914,-0.026429182344115704,-0.23710363746593849,0.97112479291852216,-8.4668207782641982,-19.989547689477593,0.44101360389984612,,0.1129895875691676,0.2857142857142857,False,1
0.80056769719982401,-0.56451268753847506,-0.20103926931885577,0.59921913638021718,0.75118960100752297,0.27685846552689247,-0.0052715079358890832,-0.34211052153689564,0.93964493414152772,-13.841760489594423,-14.669136363512385,-1.0669776571963545,,0.3860579540263082,0.7301587301587301,False,4
-0.25023893991379415,-0.89203291668390827,-0.3763744790806362,0.95076343304577882,-0.29982051569128915,0.078463703415107985,-0.18283699662219655,-0.33820841787721545,0.92313904626722743,2.7964955086989356,-8.1594897243405295,-0.31956970540882751,0.2852454804748775,0.2980336286512043,0.3,True,5
-0.24338123987795338,0.96873058109215182,-0.048235187698734083,-0.96174208486499124,-0.23457945797509216,0.1415084453156473,0.12576857427437807,0.080830310855358467,0.98876120806391699,-19.068628888573805,-8.7084654723479762,-2.8009078060003727,,0.1689117664908636,0.2666666666666667,False,1
-0.088385424021610981,-0.9354305620466139,-0.34228304137026144,0.98057937709077425,-0.14210894386254236,0.13516335782504565,-0.17507741728957688,-0.32368922080203538,0.92982427710389581,-13.707802209457535,-8.1208154764284703,-2.2569502473070413,,0.2048081356641672,0.4545454545454545,False,2
-0.96257817637871501,0.25528785242384711,-0.090947054731029223,-0.25787362450301843,-0.96601619886274614,0.017717147638612069,-0.083333355537293444,0.040506986305972506,0.99569811484972892,9.0230492017963044,4.7774856121010716,-2.1706326826529554,,0.5326006540985485,0.32,False,3
-0.39794196838993956,-0.85273455566987599,-0.33835775055470629,0.87166753054366364,-0.46645210972214829,0.15039330281521546,-0.28607325283894092,-0.23508765791137853,0.92892189505248024,-21.918157564475699,-4.3630822648141789,-3.8952467324389275,,0.1897903002601695,0.25,False,2
0.88628140931945121,0.46308108217585425,-0.0078214337283518537,-0.42495221849594256,0.81979096529060203,0.38387287638393919,0.18417620771995452,-0.33689565826638707,0.92335282527923945,13.322926829878,-5.7350164746734613,0.43411295078521112,,0.5041042039078867,0.2698412698412698,False,1
0.98391390992326022,0.12315585661271096,-0.12940654095335744,-0.094067947191123213,0.97299803762409343,0.2107748564011169,0.15187046839583934,-0.19521130541455017,0.96893132216250311,-10.082291777095108,12.905191730333627,-5.8674221534889641,0.1239181226955973,0.1278392945165286,0.660377358490566,True,4
0.81092017005566908,-0.56763874669408931,-0.1421081667197511,0.58493353905280088,0.79305115268532411,0.17006652849883144,0.016162694331405561,-0.22103421109873916,0.97513211660569743,0.8128091841184224,7.1255839386121709,-3.5392192632822099,,0.1000965892229942,0.2758620689655172,False,2
0.72558871439395711,0.6881277551390792,-0.0011000688052801438,-0.6588126681144657,0.6951376129994532,0.28766224522053829,0.19871307424531404,-0.20799973942453348,0.95773128930995177,-9.0038684621306828,-5.1178072347023118,-2.2619519795913199,,0.1080624862757751,0.1875,False,5
-0.66927233539085218,0.74118426694448869,-0.052157679342901511,-0.74301171166801794,-0.66734690986608225,0.050810414447774746,0.0028526136503482374,0.072759771344840157,0.99734541572577029,20.143215132082762,-5.5674685505210659,1.2596997112669071,,0.2822762241472999,0.25,False,2
-0.98597939410912205,0.1109780541594672,-0.12461342579026941,-0.12838110860689761,-0.98155885591160463,0.14163510629206755,-0.10659702315295952,0.155647306036692,0.98204429165819596,-14.434404765312214,-11.075126695617424,-1.8421458740886834,,0.3328578523074472,0.7592592592592593,False,1
-0.22589303175169323,0.97267511457790723,-0.053623312904792303,-0.96634134923371307,-0.2167853742852125,0.13852255504858635,0.12311269214502962,0.08310970446871449,0.98890648802398284,2.9594740289806611,-10.0129618533757,0.023333301525964377,0.4720790606275397,0.2911173697969461,0.6136363636363636,True,5
0.98652087205715877,0.12322580184205512,-0.1076660148606169,-0.090203588629190326,0.9584873995943346,0.27049069746907534,0.13652795169488119,-0.2571328578367098,0.956683234841464,-12.757245994011157,-7.2956137229073956,-2.2913664885558913,,0.6701613835545542,0.253968253968254,False,3
0.8761208419218588,0.48085669279256527,-0.034483493830091874,-0.44472577797601848,0.8337558247488378,0.32721584176352181,0.18609474133827211,-0.27134492015510747,0.94432022193335463,-12.214635876966787,-7.0733424258302628,-2.2970766749313309,,0.08951120287588617,0.3055555555555556,False,1
0.18779087233813654,0.98220848088151758,-0.0010432405780756299,-0.9669492740668969,0.18505971617013744,0.17539099986182066,0.17246358933984512,-0.031928068144661856,0.98449830310497122,-9.0231171989385572,-12.473092483263661,-0.92282643383894269,,0.1927096308590249,0.34375,False,6
0.45737372295207906,0.88182240401547585,-0.11488483507113892,-0.86589438983067424,0.47104564789264142,0.1683535068276466,0.20257389568431494,0.022477663974922513,0.97900897412103016,2.4978876861452286,5.2904816948876761,-3.0262087528876536,,0.1157099992148391,0.532608695652174,False,3
-0.96904429644077028,-0.2060397313889297,-0.13601757469088921,0.18914268734958004,-0.97365455672633627,0.12736501869909955,-0.15867638563375741,0.097695615332627356,0.9824853033949098,15.528406724128837,-5.6261465984112426,0.68957286536738738,0.2257772353413647,0.1786988621640768,0.4545454545454545,True,5
0.98858912863601545,0.092640131607898732,-0.11878274604653748,-0.062777851139930285,0.97016749937215208,0.2341665316996413,0.13693237801534652,-0.22403756197936445,0.96491279122696161,-18.084021469441016,-8.235876379420441,-2.7543690888775902,,0.07673470354757966,0.3823529411764706,False,2
-0.99002043496722436,0.067857728367160433,-0.12351059488220917,-0.08386458128342375,-0.98804051655211544,0.12939346837296262,-0.11325312513773976,0.13846034216438127,0.98387116193852242,4.9328114687860785,5.1361299653699239,-2.6724465916242499,,0.0734563011224022,0.2702702702702703,False,4
-0.17667941228380774,-0.91910731929302969,-0.35217342446162769,0.96747123302664095,-0.22798741393866381,0.10964101582652251,-0.18106296844180958,-0.32134634696467584,0.92949057378302624,-19.045157686192319,-12.814683456486609,-2.0671552389697476,,0.1676761768713215,0.4615384615384616,False,1
-0.99169568518043649,0.0039541836431605665,-0.12854583784090942,0.0016316428493023166,-0.99905993133612925,-0.043319641506610801,-0.12859628974475718,-0.043169642462790078,0.99075697132723617,5.0313591516254172,-9.8713959618067069,0.25527970939175315,,0.3804758574341918,0.2592592592592592,False,1
-0.8453568145534347,-0.46605571403659279,-0.26108222364211769,0.50357263927394824,-0.85834308481813271,-0.098294179479572363,-0.17828755722915973,-0.21456751888096717,0.96029908194193636,7.2037756862286946,5.3964767027288207,-2.5797841529114218,0.7026563848885645,0.4228010877966278,0.1428571428571428,True,4
-0.86319301111396685,0.50486011290059896,-0.0037539267439452573,-0.50378382682727219,-0.86179356797160434,-0.059276488003606187,-0.033161444348420249,-0.049275882587399678,0.99823454458557026,-12.063841404766402,8.1413922077135101,-5.1089695272270266,,0.4058375558565101,0.3555555555555556,False,2
0.86567048329234242,0.49103214511990795,-0.097478442823758601,-0.46538696143614794,0.86110277163486626,0.20473639834670584,0.18447111015449627,-0.13186906059305001,0.97395121047035771,-15.593441450347955,-2.2953702956099797,-3.5667772409134231,,0.1166603081839722,0.5520833333333334,True,3
-0.62448928352389887,-0.75175473184204766,-0.21184418310847902,0.75509418925697069,-0.65043805611433936,0.082238072135461346,-0.19961437852560998,-0.1086055169468413,0.97383722539988371,-9.5958997898048999,-7.4352768683597903,-1.9160296002495034,,0.1358217650598293,0.163265306122449,True,5
-0.79910998485286489,-0.55689768973985809,-0.22646897198261967,0.5733201707287563,-0.81928911496656331,-0.0083263397033975506,-0.18090664427821634,-0.13649289087610322,0.97398279081115224,-7.3264337163786752,-5.828009351057827,-1.9884499511638676,,0.223386284641759,0.2418300653594771,True,5
-0.82357052203228409,-0.54323499991633828,-0.16317882860643024,0.53312195335047086,-0.83958001486782186,0.10433782387190994,-0.19368164108982838,-0.0010646597782004441,0.98106385541630647,-17.001281257119643,-8.0812849358785854,-2.653053567676241,,0.07505102252248598,0.3103448275862069,False,2
0.69734717777391886,0.7158864323547447,-0.034835752053685401,-0.68748614829924826,0.68184303673267177,0.24990572053442842,0.20265662966558512,-0.15032195192174558,0.96764332334958114,-23.701644985842439,-0.87620032069937137,-4.7209127352656788,,0.09894774073563761,0.3,False,1
0.49618518768522407,0.86776433470478997,0.028023542533626808,-0.83960476579073173,0.47136555274211051,0.26995990989333174,0.22105224898939688,-0.15747880842348122,0.9624636762570582,6.8944568732281981,-5.4274280769219958,-0.35073201591576897,0.4868050822494384,0.4426474535720816,0.2037037037037037,True,3
-0.23487061668935405,-0.9097073214054745,-0.34244471495007778,0.95398904604909196,-0.28328777833796936,0.098249349426250909,-0.18638855499817189,-0.30361262165070657,0.93438679493027899,-11.645849630265964,10.612502156554312,-5.6035528483474391,,0.4225546085148718,0.2439024390243902,False,1
0.77945407358578656,0.62644918429593943,-0.003573047085544484,-0.58812198951776506,0.73370659748156097,0.3402751155428449,0.21578663678779786,-0.26312743738915362,0.94031913682367874,-10.676059293862266,16.608491535863987,-6.6872778630531107,,0.2997213251981013,0.2222222222222222,False,2
-0.3948614821152886,0.9141916162280801,0.091313190503951133,-0.91210198663199593,-0.40199381189122002,0.080442160482766256,0.11024688623125101,-0.051523431751578738,0.99256786168848765,-11.987964514201982,-12.625922157766057,-1.2485327660705796,,0.2542455447615917,0.2307692307692308,False,5
-0.33187017228319426,-0.92118289809769349,-0.20318527752044199,0.92283075933419367,-0.36169348792365585,0.13251871724513845,-0.1955647677251699,-0.14352661441682629,0.97013119348810006,-4.3812045270604241,-1.087787227524851,-2.5179369312058713,,0.295267161237944,0.3299180327868853,False,2
0.24597634707205421,-0.9573190222237441,-0.15177590839676061,0.96123216899571562,0.22079468986864967,0.16517391505197543,-0.12461281623042955,-0.18652076188558808,0.97451611141978534,-21.432065835213592,-1.0761211837830702,-4.4559539046246117,,0.2554195051942884,0.7916666666666666,True,2
-0.16860363753654342,-0.90618526559751456,-0.38781577820327118,0.97566856597825935,-0.20937522568253247,0.065060465970631129,-0.14015585172005127,-0.36741023296085723,0.91943790325626473,8.6143645044904389,8.4263374765521579,-3.019296401533357,,0.4292545339663548,0.4634146341463415,False,3
0.91926366933579973,-0.36118690488131489,-0.15651941087781213,0.38983396126357289,0.8904866281747732,0.234655167612976,0.054624068731947889,-0.27672655236564969,0.95939492719681863,-15.12165979435836,-1.4978409109094959,-3.6697057139661555,,0.08319147131377763,0.3111111111111111,False,3
0.80895005727432168,0.58511397592767567,-0.056933645676173941,-0.5545763562273448,0.79167136741242716,0.25632306008812289,0.1950509419343413,-0.17577850037318501,0.96491297475838778,-16.630344145452977,-10.849861625736942,-2.1235873247024393,,0.08299478453435694,0.3181818181818182,False,2
0.74984100917829544,0.66085947349930119,-0.031673604794899737,-0.63473884055478069,0.73205961339838632,0.24737689205376334,0.18666832951963092,-0.16538887120127904,0.96840149526790742,-27.206988081109429,2.8198815014823655,-5.8156328696065325,,0.4737815407603374,0.2037037037037037,False,2
-0.31095182875957394,-0.85078368838516361,-0.42364616812714578,0.93080417576812657,-0.3627113407331492,0.045211388788441012,-0.19212638174830368,-0.3802730583163873,0.9046987645371285,25.607272744890039,-10.44540796178873,2.7945063858205312,,0.3400861848743049,0.4444444444444444,False,2
-0.32089238154237965,0.94653691242444027,-0.033105179142655997,-0.94043973743320697,-0.31429299110555281,0.12958786979684941,0.1122549763913397,0.072717186138713502,0.99101515180921795,-16.102823604804396,-13.121601225228572,-1.6621758426003219,,0.6086050559404284,0.6052631578947368,False,1
0.78936917634095072,0.61391426246546521,0.0023625800074882214,-0.58138010265784512,0.74628953646727392,0.3241127951701589,0.19721429886385339,-0.25721820717232269,0.94601549364833004,-25.125570510240056,0.93207138889648389,-5.2779028536029324,,0.4146840253740488,0.5263157894736842,False,1
-0.91564346082238934,-0.34278818414097584,-0.20998407907870054,0.3499793936553946,-0.93675226434134917,0.0031014944715283266,-0.19776621721062412,-0.070650237541618477,0.97769988609261516,2.4899440635598209,-15.530181271968756,1.0380661436070679,,0.5538438173393946,0.631578947368421,False,3
-0.59473125507159785,-0.72905975442733684,-0.33877220770794358,0.77783670547579364,-0.62832495606666883,-0.013334511553961759,-0.2031373768057621,-0.27143990874256246,0.94077392719308717,-3.1326069700243488,1.8614822264332629,-2.9655678089065574,,0.6453355822747637,0.3480422622747048,False,2
0.50995743309094677,0.84556761976421357,0.15798359674844248,-0.83398086656150672,0.441005352672312,0.33164769428368912,0.21075893965526143,-0.30088150378621092,0.93008117389544964,-15.728976530799509,2.5732193269393271,-4.4946846677370944,,0.7100348747106026,0.1956521739130435,False,2
-0.89631182455030356,0.44210826773687867,-0.034137849522211786,-0.44337159289645672,-0.89473245915890087,0.053623289156138482,-0.0068369425742309392,0.063198940862649655,0.99797752985228827,26.080937749030049,-11.602423127275442,3.0547843204387806,,0.2765264350815155,0.6666666666666666,False,6
-0.88638969466324014,-0.4277876832579357,-0.17694916571607597,0.43200755441228422,-0.90172901565792662,0.015945383385264467,-0.16638143563969038,-0.062309552826143193,0.98409081770997187,-3.3299624424826471,-11.230516244611502,-0.48178861620445207,0.3164903614027577,0.2452593661610061,0.24,True,5
-0.81458713188803511,-0.54120782242289156,-0.20866695356643633,0.54695558321646953,-0.83645907152006305,0.034290110237879048,-0.1930994421295848,-0.086199272735135724,0.97738543616588491,-13.554069903304157,-11.580903349359501,-1.6376570275768592,,0.8241230639108466,0.5376344086021505,False,2
-0.058281867247559717,0.99421135532898641,-0.090260760494457859,-0.98638922849663502,-0.043425607608046583,0.15858911220409988,0.15375146781722265,0.09827511149203555,0.98321029724330977,5.6549879965302647,2.7530079025136391,-2.1492256843451134,,0.06298088799170093,0.1290322580645161,False,1
-0.91648792549721492,0.39598549497805047,-0.056968150617691352,-0.39678398533517478,-0.91790717641315234,0.0029806829367587107,-0.05111116707087926,0.025335809760536981,0.99837154674220874,-6.2410947912072627,10.101356520593892,-4.9288400829417238,0.4958430658108896,0.2385709974907087,0.2258064516129032,True,4
0.41661872158737989,0.90810126620941689,-0.042201079746275835,-0.87913027654930631,0.41427596576807524,0.23559580013503814,0.23142773748459275,-0.06105337415559263,0.97093444054013245,12.072140161673525,2.6461646874650331,-1.4317718584707055,0.3436720004879524,0.3040730509324278,0.3653846153846154,True,4
-0.65755723045361303,-0.70765040256570555,-0.25855250226360077,0.72534508350711813,-0.6874066847397573,0.036695498458908724,-0.20369830266898636,-0.16341039600861113,0.965299976155642,-5.2032928848749238,7.677929336386156,-4.3146597091361638,,0.08171960846234794,0.1379310344827586,False,1
0.15069358462940777,0.98707971418573459,-0.054452560954917642,-0.97233270701107632,0.157937214263113,0.17211897985788754,0.17849523923077576,0.027008779939438829,0.98357001549362622,5.020659641930159,-7.6521059553812689,-0.16940740356053596,,0.09932322664399926,0.1363636363636364,False,1
-0.98857042976041065,0.085598159470811258,-0.12410262083665891,-0.082938687632663322,-0.99620359106152001,-0.026449560486016654,-0.12589551023404075,-0.015854344872668888,0.99191681115483155,6.4072959645678997,8.995663069169602,-3.3270102690745365,0.6833694535408571,0.3341171087243203,0.1477272727272727,True,4
0.044810937948178794,-0.98610522036655546,-0.1599639778388614,0.98617294302813685,0.018092032001824795,0.16472888276579789,-0.15954593783430374,-0.16513380254772861,0.97328100822768582,-11.928402605399649,-8.693141599271577,-1.9538374244467456,,0.06955961127273848,0.3265306122448979,False,2
0.95712534344635636,-0.23805831275669956,-0.165043378116569,0.27564666694613915,0.92364136961634669,0.26628093310397583,0.089050502155684275,-0.30035788662972263,0.94966054356551444,-12.016893006239281,-2.2896314861179783,-3.1389320793455671,,0.1450650778471646,0.2849162011173184,False,3
-0.32462118320072864,-0.91450600797882642,-0.24145361622471007,0.92988443115178376,-0.35526698307985261,0.095395573455286028,-0.17302032284931787,-0.19355653464548872,0.96571208741381498,-8.0677810880389647,7.1238256470653747,-4.5205618483604493,,0.1742542372628221,0.125,False,3
-0.88384802700785992,0.45473040352199368,-0.10969469115248444,-0.46677588147068588,-0.87268083345548664,0.14334726853589408,-0.030544093235489636,0.17790003662777137,0.9835744177927056,7.6904330639028782,4.1495616506832222,-2.1988518204882026,0.6518924404692908,0.4283925531133381,0.8383838383838383,True,3
-0.36797518577217708,-0.91060882895861817,-0.18811119923743458,0.91085074416495848,-0.39368061903460821,0.12396165556602133,-0.18693631137388203,-0.12572641257564671,0.97429342842430455,8.8531583988756264,-2.0538830717691039,-0.79828031148410639,0.6916165242424227,0.4131061996563014,0.44,True,4
-0.80271133098595548,0.58678759945159276,-0.10646516912396572,-0.59633295461425795,-0.79169934254789087,0.13266181911261316,-0.0064440940237220357,0.16997783425810478,0.98542681590929881,3.1035920890046516,-4.9047801232199424,-0.91654995404817907,,0.06807502749714085,0.3902439024390244,False,3
-0.10437429563869542,-0.97160337740213099,-0.21235084984689287,0.98486300388056713,-0.13068558360770269,0.11386896778516592,-0.1383866684231945,-0.19725150254912024,0.97053643658795341,-13.180755683596024,-13.073558993350725,-1.2882943496546815,,0.4509550326195343,0.2,False,3
-0.012718429431516005,-0.96946327669099119,-0.24490650603927036,0.99339970029560354,-0.040173731756405526,0.10743885111713566,-0.11399682892695404,-0.24192359625371809,0.9635754752847685,-10.35995490442879,-9.1506909007916448,-1.6468793637480579,,0.3634300803353718,0.6756756756756757,False,4
0.59310304800199376,-0.71560636166746949,-0.36896654264552464,0.80327303363370683,0.49486554312238246,0.33145214989058436,-0.054600438529796583,-0.49296615438713037,0.86833355500125509,8.2269203390066057,6.561751094098633,-2.6472213895395225,,0.6648655513600359,0.4923076923076923,False,1
0.71967391866959785,0.69170020531552789,-0.060168735678947462,-0.6621175944533878,0.70980406313591393,0.24037155212505384,0.2089730650155795,-0.13315035832548447,0.96881434763105712,9.6753687832095157,1.9361338349874466,-1.5222282614977878,0.1781072456391738,0.1848513773587026,0.603448275862069,True,4
0.42281106726837897,0.90471477641334719,-0.052172547711630574,-0.87184709785960979,0.42180538994597649,0.2489233837274013,0.24721132528496903,-0.059761077231511653,0.96711693930929532,9.8415957438728565,-8.0080198047251763,0.50090372947908457,,0.4252156143072178,0.25,False,2
-0.71183336919211859,0.70132096281014422,-0.037975803186362747,-0.70198231909999276,-0.70867611835775546,0.070703486055355771,0.022673292120746064,0.076987443082859722,0.99677422490349876,-22.413226922575273,-3.4672475088058965,-4.0990786643270871,,0.09764504700430732,0.1875,False,1
0.5316173192279291,0.84016992141346525,-0.10722653146027693,-0.8195597781178946,0.54221951328256324,0.18525595673814998,0.21378680031343661,-0.010606722760204496,0.97682275845929745,5.3318004674388311,-6.130486933390574,-0.39294255465878625,0.3396074738060126,0.2756311372533476,0.7475728155339806,True,3
0.14001523871887875,0.97579790709415348,0.16797076363809862,-0.97412657211363496,0.10535789632890251,0.19994282978713712,0.17740674854310157,-0.19161982724086474,0.96530238131869683,-12.363161472627,12.382275023227242,-5.9675233170521826,,0.3445706070989348,0.1,False,1
0.68434070525209734,-0.66064764489830696,-0.30858141296160968,0.72852126866485956,0.60174947480361152,0.32734436099698105,-0.030570577979591645,-0.44882319332215787,0.89309752037394874,-18.16651716815193,4.1922073307679319,-5.0441493061343152,,0.3234317699610318,0.1818181818181818,False,1
-0.45784985252261806,0.8832858633984344,0.10089398428796731,-0.8862417893565615,-0.4624457714844229,0.02682161878519046,0.070349153108606871,-0.077136190965463577,0.99453557236543466,-17.728061643444811,3.2706029173136648,-4.839252065236864,,0.2413647901896865,0.5,False,2
-0.88227302281166065,0.46626163367063639,-0.064764204508071008,-0.4692468830511789,-0.88205703799910096,0.042222558697977614,-0.037438963200483802,0.067642225592008956,0.99700694749406416,-10.356028839148617,4.2423858294095016,-4.2037475751640905,,0.334027567695125,0.2105263157894737,True,1
-0.78520949467222323,-0.5603790594167789,-0.26347933361794762,0.58686537863484389,-0.80920363837409126,-0.02790159497078426,-0.19757296585406819,-0.17653549617371178,0.96426144885831067,6.6517321849298963,1.0122148182441442,-1.6848862575689183,,0.2186383222190305,0.2666666666666667,False,1
0.8136224530671865,-0.54852032700228925,-0.19272766986148326,0.58131142939769131,0.77308267303247091,0.25381135259988641,0.0097737360588519978,-0.31854141257028523,0.94785855619980597,6.3737360635291669,-9.0120631008782865,0.25551153709193458,,0.1025686875489169,0.4444444444444444,False,2
0.88702188184287023,-0.381405690567716,-0.26023427970676333,0.45870402742074856,0.79231084343296077,0.40228614518342093,0.052752216635127552,-0.47620712571434182,0.87774938169101935,-6.3798469239318862,-10.549292537394056,-0.94201083999135926,,0.5004909895272613,0.2424242424242424,False,2
0.24130017610898385,-0.95240458279755669,-0.18627865061779161,0.96222083733793407,0.20985965374419721,0.17346465323820243,-0.12611615757886696,-0.22109825055069407,0.96706270655059623,5.2749101673790779,10.400866277152197,-3.7847864142346697,,0.159290588217932,0.1333333333333333,False,1
0.85768870690957932,-0.47706160350638777,-0.19178714372889516,0.51191228053502302,0.82720725914550108,0.23167642835303606,0.04812378909859151,-0.29688445037910227,0.95370001784937208,-14.892118707548814,5.5723316278655428,-4.9760141173254162,,0.1374299628792891,0.2142857142857143,False,3
-0.25471720833452244,0.96054668239207897,0.11166563806220417,-0.96034550360270954,-0.26480749076544358,0.087255409829809505,0.11338279185275914,-0.085012139016031649,0.98990771222957641,9.3336649548525497,-6.7036851530600687,0.14158558266901691,0.3329021691504546,0.5009209859366786,0.1224489795918367,True,2
0.14553678053372004,0.98492657119794658,0.093480986623681442,-0.97321375566052781,0.12552516553598075,0.19260949771570293,0.17797199584488152,-0.1190087482726449,0.97681261587346857,3.9745438773955155,-11.475917765099926,0.44278249466412511,,0.6904902185682951,0.2,False,1
-0.52298102489054865,-0.83233447301972208,-0.18360330233253871,0.82780814075488707,-0.5473150156647032,0.12320696298457651,-0.20303824690035249,-0.087553404565030607,0.97524862042696792,-19.132791038217807,3.8176805348672591,-5.067460639084838,,0.104841145297422,0.1818181818181818,False,1
