axis_00,axis_01,axis_02,axis_10,axis_11,axis_12,axis_20,axis_21,axis_22,location_x,location_y,location_z,dbh,dbh_approximation,score,reconstructed,number_clusters
-0.37398426350156355,-0.86046583738048255,-0.34602646337281595,0.91890489349136428,-0.39427450117676788,-0.012704898245815107,-0.12549728033235888,-0.32271684248411414,0.9381387275911095,-0.36593897392209274,-36.933300898417002,-0.57814596043136823,,0.1370325379787385,0.5,False,1
-0.96479720913671707,-0.12875797858032781,-0.22932014345432195,0.13956577728409994,-0.9897122377637565,-0.031481426774268795,-0.22290746746820306,-0.062378436759560146,0.97284181220501964,7.9303960782604852,3.3404273335714123,-0.86435846517158965,,0.198913047724546,0.7605633802816901,True,5
-0.53099290342112837,-0.78142473012481684,-0.32775284539689098,0.83282638938916043,-0.55262590900866881,-0.03169873545361232,-0.15635453832049753,-0.28979302241720822,0.94423157249950318,-13.06780934372982,14.547873084942017,-7.2408367974575523,,0.9457493591959676,0.85,False,1
0.82540724907677121,0.53419261281417074,-0.18259552455163544,-0.52504245745407585,0.84524991922137171,0.099413238187125622,0.2074446698329519,0.013813995476857535,0.978149212792641,-24.869434385795604,-32.396719272110609,-6.7884346901842294,,0.1605688412617329,0.25,False,1
0.9770481609263163,0.011349929848436639,-0.21271593810276276,0.024337295634404385,0.98609323807990146,0.16440140466035613,0.21162369260483671,-0.16580502074886067,0.96318435816969283,-6.3298714893620698,-31.200710007550082,-2.308370867206158,,0.09878592268662037,0.3333333333333333,False,2
-0.43181394667579764,-0.76312343228899793,-0.48081112980850554,0.89148807383477979,-0.44210686865501669,-0.09894711162237739,-0.13706104357776777,-0.47136413077313816,0.8712233505559055,-6.4569025704148633,12.8723229233859,-5.2983439799234695,,0.3635660999023862,0.3076923076923077,False,1
0.91506637172214778,-0.31395539514564758,-0.25315122990458511,0.35758777444880174,0.92187141421414676,0.14927852899717911,0.18650608276412009,-0.22712354680602559,0.95584014122563121,-14.409342607190293,13.444498940743818,-7.3996870308872831,,0.8831071931823562,0.6140350877192983,False,1
0.83034011979257283,-0.47402109290215894,-0.29298342776802028,0.53392871128159924,0.82727618954506799,0.17474048609570728,0.15954753753043877,-0.30152630017236653,0.94001408158193955,-8.9345211538736251,10.592380653121959,-5.7212249746478205,,0.1474226940079302,0.2926829268292683,False,1
0.55258803096435516,0.83248518750951883,-0.040185577166170466,-0.82464289195382212,0.55310255431566857,0.11849753229295443,0.12087418576757368,-0.032341567474754529,0.99214084394721991,22.611416243890258,-3.6772099597464782,3.2522505561670898,,0.2777949551290788,0.4814814814814815,False,5
0.35024124931401396,0.931315222418167,-0.099915082801137575,-0.92903160679771035,0.35899283756509709,0.089579105531499573,0.11929518368242105,0.061449972084282906,0.99095537744189943,18.664256466359287,-4.4934555086889576,2.2667706400563059,,0.1486283146408544,0.2307692307692308,False,5
-0.94307947932034275,0.295158283772672,-0.15324060560191924,-0.28509388813702319,-0.954771305058287,-0.084458451230240775,-0.17123834451368236,-0.035963072138894776,0.98457304798097489,0.55046491202158543,14.35050422245636,-3.517754667115554,,0.2145235329850901,0.4047619047619048,False,4
-0.89220928093996732,0.43043416874086876,-0.13670781025582671,-0.42580449160943923,-0.90261974024792624,-0.062993169788422704,-0.15050958085720925,0.0020077089239640272,0.98860651180085979,-7.9319021263858378,9.9328997832064516,-5.3224135721549573,,0.3909607661012592,0.2755102040816326,False,2
-0.41441671422656384,-0.86662718436886998,-0.2778778693644805,0.90529433998127795,-0.42384322518287143,-0.0282679759523814,-0.093278855950966799,-0.26327598405374258,0.96020040161052433,-5.7955587265712802,15.02978228769499,-5.3012501190777144,,0.1424764979450477,0.5333333333333333,False,2
0.25821816226157479,0.96190756717307491,-0.089761979108259435,-0.95852197967621244,0.2666925048069354,0.1005520877823898,0.12066066117774155,0.060074454595770405,0.99087439403244792,-19.032301829022529,-24.865773337263825,-5.8208709261152016,,0.1348292955835333,0.2222222222222222,False,3
-0.94546439902609203,0.27075441289325264,-0.18107765757558592,-0.24668930635785496,-0.95822582972929671,-0.14473301409243708,-0.21270039093267196,-0.092169990443914454,0.97276062654625239,2.0847085806057017,6.6952894742966782,-2.5736024191662632,0.668882264436617,0.5568351196283663,0.4210526315789473,True,2
0.0038387985136611623,-0.87586074439697781,-0.48254867117249889,0.99887031866487652,-0.019497276185058421,0.043335236375181385,-0.047364017104768528,-0.48216990018637268,0.87479645474702494,9.9483734740243541,3.393950240149485,-0.38375025076135549,,0.3327427472250462,0.125,False,2
-0.68276712316552579,0.72986235908930686,-0.033615358228978653,-0.72102047966388105,-0.68050772285037708,-0.1305323984544087,-0.11814619515472219,-0.064885868458281454,0.99087400846165918,-15.357789914676237,7.0860140588941949,-7.0894569628548787,1.068603328253568,0.7228089494040932,0.3010752688172043,True,1
0.39010884419291275,-0.8814947568112993,-0.26604902442342948,0.91970597785816488,0.38691686904352002,0.066605185545247234,0.044226733707417101,-0.27067015011587187,0.96165568987128935,5.5671618465550274,2.2021931027446939,-1.3964653743458284,,0.0753854372160444,0.2328767123287671,False,5
0.38633846240811243,0.92232094941849008,0.0081644796472201131,-0.9093336619042881,0.37938630808508172,0.1708166284801004,0.15445026316543703,-0.073417269775889554,0.98526900931003647,-20.237447196725622,9.5039617101737282,-8.5538797120540551,,0.4395109565244467,0.1515151515151515,False,5
0.33509308714801361,-0.87695813639290676,-0.34446632630765783,0.94168178503611077,0.3236759945826071,0.092028616539445468,0.030790236712598423,-0.35521581826439008,0.93427709154080318,-15.565842360059333,14.177636861421785,-7.8234140263707284,,0.08533545551403711,0.2857142857142857,False,1
0.025664358962623184,0.99874029884827742,-0.043117932875913034,-0.99832345871612749,0.027844387143426925,0.050744082233065535,0.051880752270054654,0.041743329539713048,0.99778047785213397,-5.3774588901344185,-36.182327282637765,-1.7575924688782176,,0.3181186983344326,0.25,False,1
-0.0069863210995230306,0.99762527848053062,-0.068520033961879973,-0.9988834422423668,-0.003760654738031386,0.047092741372539063,0.046723229035822079,0.068772532399091979,0.99653764537817702,-7.6693078479092716,-26.457827531669817,-2.9431662243173222,,0.1331035331121987,0.1923076923076923,False,5
-0.95538965106079554,0.21778451776673866,-0.19950067284859033,-0.21516343688615905,-0.97595074889657396,-0.034997587853338855,-0.20232476386559062,0.0094889171840329758,0.97927251078410638,-9.0802982166920128,13.083397600235893,-5.952783140138294,,0.1270694925535189,0.5689655172413793,False,3
0.79974129245879944,0.58763695667947202,-0.12286851623104034,-0.5695254731311935,0.80735829592697295,0.15431564228095729,0.18988049028538817,-0.053435841364971537,0.98035198284422231,0.80969339649174765,8.8021952768615925,-3.0440169018100893,0.2597127788536752,0.2312186652938818,0.7226277372262774,True,7
0.52056352884619861,0.844423869273765,-0.12634057715522562,-0.83975374930746627,0.53310095263787816,0.1030388995507962,0.15436078828266434,0.052456680197178543,0.98662102336380642,-4.3910699046728636,15.57670906027772,-4.9898216349181101,,0.09726458853967192,0.3,False,1
-0.48973201905551722,0.85280932324028658,-0.18132514361293264,-0.86964661572087953,-0.49265379544373633,0.031733288516982872,-0.062268075905934923,0.17322960494478265,0.9829110797491537,9.3509577862855444,2.1189365777456812,-0.41140551235498107,0.2404535966701916,0.2887003637906487,0.7875,True,5
-0.76489265866058653,0.62031391353128673,-0.17363717748984384,-0.63253710249545991,-0.77426208113719464,0.020372620836522512,-0.12180326224608259,0.12541482525044745,0.9845989472438067,8.7215234955623924,9.4684047540796428,-1.0711639090791272,,0.1632292907170132,0.2307692307692308,False,6
-0.73675112326633707,-0.61488236337340341,-0.28127826360763736,0.6475756437796768,-0.76133332473356374,-0.031895990868347435,-0.19453423336042047,-0.20564835973689335,0.95909602448784959,1.1390050631953343,1.9760656000936692,-2.4767813728845698,,0.1041608164045279,0.2545454545454545,False,3
-0.94642502066211887,0.28807079583396467,-0.14592771105000713,-0.25493343380088906,-0.9438966929121706,-0.2099237419634937,-0.198213583276212,-0.16147522936058653,0.96676632425201403,-3.8997375266241794,1.0356666159551666,-3.7283354470933192,,0.2083844415528333,0.2295081967213115,False,1
-0.96130504860917454,0.18753398787779513,-0.20180090908904177,-0.183877859028898,-0.98225673336414421,-0.036886890892962231,-0.20513784750128716,0.0016471646704779574,0.97873170499942785,-6.8575620404086894,11.727541124158826,-5.2427205387143978,,0.5825922875174153,0.5140845070422535,False,2
0.96477738345494468,0.19411662302378879,-0.17754812598186234,-0.16692948823320336,0.9733685483742528,0.1571248388829759,0.20332030477065444,-0.12195247312638058,0.97148774977676788,15.888875315930296,3.8136391329929857,1.1012115971190004,,0.2244119522717368,0.375,False,3
-0.83863843983230457,-0.47689172420935744,-0.26317266312492199,0.49588805891473253,-0.86836079815011935,-0.0066751226105234325,-0.22534551307140849,-0.13610219548821714,0.96472565640282937,-15.593283732045112,8.5388844831316906,-7.2955731867761004,,0.07602670750343803,0.1470588235294118,False,4
-0.88524628664465188,0.45616975645070346,-0.090819410268732415,-0.43686755326913257,-0.88248359307898505,-0.17426832427909911,-0.15964257853873443,-0.11459433339441186,0.98050108917399659,-7.1825356595298553,-28.399368380655869,-2.7100244378764047,,0.3602643548882913,0.1052631578947368,False,4
-0.56294689461478287,-0.7841365224288539,-0.26119094172033797,0.80989388637564597,-0.58638817483485262,0.014859381723475239,-0.16481106350887398,-0.2031719040788732,0.96517277766109844,-17.304962894673722,13.713724602890698,-8.3186467513108369,,0.09085602805081829,0.2666666666666667,False,2
0.51832916205114477,-0.79027517292458827,-0.32680273993094189,0.85202962437062524,0.51000168662724721,0.11808386355559018,0.07335120286818847,-0.33965192579518222,0.93768660561053918,4.4673492713631653,7.2963772877413877,-2.0031755637555859,,0.1650319610510041,0.1538461538461539,False,4
0.93934599650291262,0.27457567901339047,-0.20551714125173406,-0.25573458195247945,0.96003139178605079,0.11375214450254718,0.22853647946780892,-0.054294781330007605,0.9720201408781538,5.9308227371876496,4.681511998727558,-1.4641164894653029,,0.0727293039420472,0.2083333333333333,False,5
0.98390475306824143,0.039945970458094601,-0.17417162895800087,-0.0040966360122848492,0.9794799540871908,0.20149996802664111,0.17864673090517319,-0.19754325851700325,0.96387862646257427,-6.2772873152414226,15.817364202086969,-5.5372561328289995,,0.1532061673835393,0.5,False,2
0.79390933752426984,-0.53924238849811312,-0.28093702183697145,0.5927304937220722,0.78937845901192316,0.15985058729936502,0.13556742087893173,-0.29342681352394068,0.94632033662044013,16.53289645849835,-1.0231005410032266,1.4725420799643527,,0.3334536073547782,0.4761904761904762,False,5
0.70068464785761042,0.70410292456875834,-0.1152392982900268,-0.68843956077757618,0.70963258965733023,0.14990850160217595,0.18732857607165776,-0.025703293756880574,0.98196096932465327,-7.6901540377537936,14.547872442324827,-5.7617515883163071,,0.6756081464902932,0.625,False,1
-0.29323703061619361,-0.92084838583740669,-0.25700251783988437,0.95047646027212807,-0.30975779365488082,0.025389126385638838,-0.10298806893986916,-0.23682981140621376,0.966077169839622,-13.373564077250832,10.434863018970779,-6.8046767997598874,0.2248020802237277,0.1440753596824832,0.4605263157894737,True,4
-0.94206552218354445,-0.22882072128653247,-0.24526236854225655,0.2668179191150456,-0.95431210733050187,-0.13452360328780394,-0.20327505983805227,-0.19217044338900927,0.96007800242246399,-9.4137891467241097,15.349264960125474,-6.2761468034876353,0.4903799979925046,0.3845738939788029,0.5343511450381679,True,4
0.97825451023056353,-0.0025343962765610531,-0.20739259882906444,0.04980020897824565,0.97354402296246545,0.22300666927197754,0.201340637724437,-0.22848547478903658,0.95250004483524575,1.3515826102731983,-32.310826930387918,-0.41078246936413054,,0.2071392602020274,0.3103448275862069,False,5
-0.062099435526587657,0.99593050647519266,-0.065315284423678344,-0.99806270106445738,-0.061716150343979793,0.0078715646881414407,0.0038085234933614084,0.065677568916534312,0.99783362946435872,-24.744614594123892,-24.315259508630142,-7.3260110459543544,,0.4384971738693327,0.3870967741935484,False,3
-0.88245055662294336,0.43052386141903204,-0.18955268361251068,-0.43574884488936416,-0.89993669793880038,-0.015391032473300349,-0.17721162290731196,0.069015537756764916,0.9817499153321595,-0.43708682776753111,-33.217588883561362,-0.73034702218630587,,0.2039401849523832,0.7368421052631579,True,5
0.27442743885675808,0.95727021787526123,-0.091232180570073734,-0.9573371645291936,0.28090790113617464,0.067796050699677882,0.090526980584378802,0.068734860502654205,0.99351919193237348,-19.436319452286313,-27.979811826001928,-5.7490169690830752,,0.3755087391747304,0.7454545454545455,False,5
0.97021892085211248,0.12886430739851207,-0.2051078640600246,-0.10456201246565747,0.98660000074284737,0.12524864902803146,0.2184994992435805,-0.1000721180595129,0.97069229934999957,4.3907739868065923,9.4692447519643856,-2.1617618047333629,,0.1573920737911797,0.472972972972973,False,5
-0.9331969820590269,0.32731428911240223,-0.14835345907247433,-0.31976013495534789,-0.94469154291350643,-0.072878973929640253,-0.16400258769075296,-0.020572916432591723,0.98624535808296498,-2.3951307786613656,11.613389952847891,-4.0616058762944611,0.9738724213321859,0.7390065784549256,0.6349206349206349,True,4
-0.8406094508198596,0.52523708780484946,-0.13229419029804501,-0.52121638424832384,-0.85085208108576227,-0.066213419358404066,-0.1473405306880568,0.013294273440433629,0.98899647638920007,-17.684020480423051,9.8675372399025179,-7.9384918893478718,,0.301724642706587,0.32,False,3
0.96401892979657966,0.16916538554606225,-0.20506236935846847,-0.14809192324382767,0.98235824945366323,0.11419742554137609,0.22076296171188028,-0.079720399292690203,0.97206397560696201,-10.406175812533899,-26.042605007972494,-3.6895946961051753,,0.0702081867713862,0.2352941176470588,False,1
-0.82247404027364424,0.56830394813285956,-0.023813349461014516,-0.54664455686949986,-0.80131244563049031,-0.24305985460917065,-0.1572138083022494,-0.18689298278503419,0.96971894457353824,7.1023594945131316,6.5838594831634287,-1.307435848537043,,0.4713769716045439,0.2105263157894737,False,1
0.11763504012829429,-0.96015890606742871,-0.25348939313788743,0.99285961386499144,0.10862757123120247,0.049293386212262577,-0.019793546672485104,-0.25747801045489283,0.96608140942796106,8.1901390642885232,0.33549988437090106,-0.58033380026470971,,0.1523487123982536,0.7090909090909091,False,2
0.1514581321039653,0.97590778995209959,-0.15704909974395548,-0.98525133584737046,0.16184701541370919,0.055545916255357194,0.079625620440599121,0.14631995459431935,0.98602750035532316,1.0270804293689255,7.7226716632265635,-2.9335167070249462,,0.08018220129063353,0.225,False,4
-0.37662669871895837,-0.84528198965009704,-0.37901278050381448,0.9178621563330801,-0.39581401898390056,-0.02933128615320571,-0.12522536397889972,-0.35892843346409053,0.92492647700634367,4.987423779162846,3.883598078785202,-1.6561384448200611,,0.08564196341552756,0.4615384615384616,False,5
-0.3074329239254398,-0.91033115009305854,-0.27709600223912312,0.94496321110830428,-0.32632202448442849,0.023631884991814466,-0.11193536947067778,-0.25458030856025243,0.96055158089236892,-12.399117728380206,10.95554706661696,-6.5864389979141054,,0.07319009561474046,0.3333333333333333,False,1
-0.80056457002988879,0.58896835511926526,-0.11051084055858877,-0.57124893543012023,-0.80578232309988773,-0.15617138518211957,-0.18102768568043118,-0.061896077806714161,0.98152832489405606,2.6153971866244397,9.8294348844805022,-2.627252583345411,,0.1131443119707785,0.2105263157894737,False,5
-0.57464009398623761,-0.74683417891610027,-0.33470505162934544,0.80196741653409553,-0.59541122695124138,-0.048308732523703567,-0.16320853286858944,-0.29618268015387417,0.94108384046042959,-12.559618734676729,16.926852098901424,-7.2943394609978602,,0.3867250642927993,0.35,False,3
-0.37477531369126843,-0.80628343095016319,-0.45765761571598884,0.9190678434148879,-0.38800183116506959,-0.069057064904753565,-0.12189242572169068,-0.44649928106077097,0.88644268205219889,8.4833776374039687,7.7335148870193269,-0.98916363673577679,,0.7602838199305859,0.6944444444444444,False,2
-0.77821473945183561,0.61123712797005803,-0.14412145118207109,-0.61116956255522081,-0.78991866682189615,-0.050002656053231148,-0.14440770445503032,0.049169840321404992,0.98829587760791326,-7.96316470529817,12.919345845757421,-5.6677384885346243,,0.1440039840446335,0.3478260869565217,False,1
0.024470844326807045,-0.95010857933170001,-0.31095797989154605,0.99881965348795265,0.010181423916973988,0.047493561808190782,-0.041958045523340752,-0.31175314928212172,0.94923627002371747,-15.907111807279646,-27.460595947943034,-4.9115340209084275,,0.1707038794092043,0.5666666666666667,False,3
0.3117462741806345,-0.89070072778415843,-0.33085718075819898,0.94862927764624172,0.31155576480744085,0.0550953628504346,0.054006982204739991,-0.33103658247997531,0.94207113687508526,-14.357765947989579,8.8746749235903302,-6.9826146242579039,,0.1040052990056219,0.4827586206896552,True,5
-0.96313321740750224,0.18409555406646474,-0.19617143650193858,-0.18505455800556481,-0.98263424643817232,-0.01359221425117637,-0.19526703789333666,0.023211305431755383,0.98047540469535266,8.1512307677971094,5.5730512171422903,-0.94613839984876025,0.4887568544064566,0.3643046655105356,0.6589147286821705,True,4
0.07433494502394454,-0.93734550005022121,-0.34037880292974809,0.9972330627537247,0.069620585171352792,0.026061325200847897,-0.00073109446246656835,-0.34137426331813547,0.93992716624475103,14.436758448857434,1.5775976297693739,0.85663948616638275,,0.3635392902784302,0.1379310344827586,False,6
-0.34833969651571778,-0.87155077796090019,-0.34504883316291229,0.92703670275721806,-0.3748134663969559,0.010854360806777713,-0.13878907583943148,-0.3160919278362665,0.93852196862108095,-8.8564912336365289,16.325517411266102,-6.2782558917306135,0.5912475770725747,0.4555348213921837,0.3975903614457831,True,3
-0.97018638662233569,-0.034026277531383743,-0.23995955419622803,0.066719157170368207,-0.98933671860569328,-0.12946586918950706,-0.23299555635069732,-0.1416159230308375,0.96211122073539534,6.3998534445002209,2.9857090251978562,-1.2510425549766355,,0.3058742930327857,0.186046511627907,False,5
-0.85457029793414163,0.51556373473755734,-0.062479127012262686,-0.50178537476362928,-0.85070528434636172,-0.15656294854945974,-0.13386950198636288,-0.10244293342460693,0.98568981014784018,-20.96945924970251,10.43799261317351,-8.8875142251968899,,0.32248159999611,0.1428571428571428,False,2
-0.56853942340744335,-0.75726902934714713,-0.32141334947876865,0.8062535975078412,-0.59054561704203801,-0.034799578993178162,-0.16345660138763429,-0.27892560187990545,0.94629934380128167,-8.3316238346824552,3.1373530843044724,-4.9487071354191716,,0.5983739771080071,0.3317120622568093,False,1
-0.19965061946405088,-0.87687945154490676,-0.43728944373941203,0.97571379694029658,-0.21895537975391341,-0.0064131222637151541,-0.090123341083043554,-0.42794972734554138,0.89929795632866116,4.6668587842807927,5.0979689788141513,-1.8267437280038956,,0.07424225295553696,0.3333333333333333,False,4
-0.85195330450134077,-0.46221669931644405,-0.24603107491180631,0.47569455550465167,-0.87959481207525059,0.0052589384421037767,-0.21883842627033961,-0.11255527283658386,0.96924767409790802,17.017944684075729,-3.3045940054941267,1.7406207085849859,,0.09336317925970136,0.2727272727272727,False,2
-0.35002629153698533,-0.89559188223890274,-0.27458473318931087,0.92893827024301079,-0.36961638836935101,0.021387274878318357,-0.12064528714702888,-0.24758615857227712,0.96132502764290628,-15.735499955709692,10.425973614856133,-7.4734378120933194,,0.09278544550524842,0.3529411764705883,False,1
-0.41012430350362722,0.91174458082590337,-0.022800767755975698,-0.91071927884791437,-0.41074670333322538,-0.043330599299130933,-0.048871779284154884,0.0029941669099501633,0.99880057276421086,-13.70525924962007,11.612798485904282,-7.0856053437588837,0.7699970380199159,0.7965854417267657,0.7011494252873564,True,1
-0.89968153047137378,-0.31060323156387371,-0.3067552383754274,0.36677378063540977,-0.91889524897331087,-0.14528769821525148,-0.23674910256872164,-0.24322243719763237,0.9406342054574397,-4.2223896616933549,-30.79890335012902,-1.8196494898361935,,0.4389394460027872,0.1111111111111111,False,3
0.31705785747680404,0.94218608262414683,-0.10844215380368305,-0.94089098210189326,0.32684834533562201,0.088849980026444592,0.11915735315771443,0.073861660289550587,0.99012422469492056,-1.9126236992648926,19.384742515442838,-4.7453113449230315,,0.1557884385897196,0.5714285714285714,False,3
0.78393972610712193,-0.57014867384987677,-0.24570102876934974,0.60736400077331354,0.78631217281978816,0.11323487731285607,0.12863699466220629,-0.23799927853388519,0.9627091289801013,17.752721885659284,-0.091058043621360579,1.7667970790629788,,0.1468677432630226,0.3076923076923077,False,3
0.29371549419013748,0.95438129881820732,-0.053735881296531812,-0.94964552336030117,0.29775102403507836,0.097558739474236919,0.10910815017395908,0.022375525739829594,0.99377801717158309,-12.314470839600954,18.448918580939406,-7.4033195723062146,,0.2488447384218993,0.5333333333333333,False,1
0.66294094911361834,0.73929879464920634,-0.1180956824721702,-0.71874452256742549,0.67262596641468675,0.17601312616970993,0.20956051457195052,-0.031805684003668261,0.97727825576823324,-13.913119115323692,-27.773833510168874,-4.4357214293068843,,0.202523430086871,0.2608695652173913,True,4
-0.87275350544662633,-0.39512133991636356,-0.28667131958625164,0.42653286663658024,-0.90284973270783031,-0.054148627204943525,-0.23742584612759948,-0.16953314393385222,0.9564975068961219,7.4512056345064837,11.692994744421993,-1.4580524571627282,,0.2110344982035516,0.2962962962962963,False,3
0.54281250177085683,0.83355462287135385,-0.10267072908604505,-0.8214564481539256,0.55238714433566971,0.14169596521786523,0.17482531769627163,0.0074251910736507498,0.98457146760909098,7.4904178454105788,-33.503924595914555,1.0782265205893642,,0.1857758390519968,0.3076923076923077,False,4
-0.34339534000277427,0.93031351164372744,-0.12882705662047633,-0.9386189292017596,-0.34472896416018184,0.01250787804507468,-0.032774169837256992,0.12521466097132761,0.99158819197755388,0.94400318478686507,10.708741611977024,-3.1401415659244019,,0.7163310644754075,0.5631067961165048,False,1
0.42371943009620372,0.90565319447084214,-0.015941640558848585,-0.89560797812563453,0.42152179062123479,0.14214685909010197,0.13545550589275351,-0.045952925654707377,0.98971719927821367,-14.88422797074738,11.590578477865858,-7.3889743045928977,,0.6184354426211418,0.4680851063829787,False,1
-0.83058089285832193,0.55577490574097532,-0.035350170682517196,-0.53353262619058661,-0.81232194412145919,-0.23553342838949404,-0.15961928833586755,-0.17676909584919859,0.97122313066761767,-5.9040654597925037,-32.93625539028028,-2.0480335220700585,,0.3010736628535766,0.4,False,1
0.93540253349135416,0.32875469352545938,-0.13016317383552678,-0.27652457541942366,0.9095860907934038,0.31014077871876433,0.22035484911175371,-0.2541131537723999,0.941737885800917,10.389862628334251,12.563548024589293,-0.79537180196746715,,0.6140691679114595,0.6190476190476191,False,1
0.11766327394766156,-0.94945525336012382,-0.29101559379315123,0.99284807560951671,0.10651305804382226,0.053922789473770473,-0.020200314908356033,-0.29527900421976538,0.95519749630355877,14.528125791546938,-1.2693065307621383,1.0206479057678648,,0.08778111127566834,0.1764705882352941,False,2
-0.97053330474554356,-0.057791552491444055,-0.23393426606703555,0.10067813272481256,-0.97927005752222462,-0.175767084607626,-0.21892696949151552,-0.19413987457770743,0.95623255075750968,-23.068140602813607,10.928366327543042,-9.6374227619093595,,0.5567806577271439,0.8048780487804879,False,2
0.50552450352324296,0.86238302787647925,-0.027211937971663935,-0.85664030790223133,0.50542424882177539,0.10350706053266956,0.1030163055770706,-0.029014512464265424,0.99425640498400214,-10.092333389129578,-29.094738960930353,-3.3353072096486458,,0.6556893392850165,0.6060606060606061,False,2
-0.73139958600693833,-0.63651630175499896,-0.24474812193154377,0.65419821544730761,-0.75623199745596315,0.01174141939128252,-0.19255996597018063,-0.15152611531977814,0.96951559857573189,6.1805402096464714,0.66484481843664145,-1.1531356324329152,,0.07339092973263345,0.2258064516129032,False,1
-0.95919308251618451,0.19249554093574592,-0.20710890172311416,-0.19324613490291714,-0.98100650229275088,-0.016798029778124286,-0.20640872510188005,0.02391044079890222,0.97817367017448342,15.349605673483349,1.1635279372401377,1.0991368300413706,,0.1120053778179231,0.2142857142857143,False,2
-0.67108561354048823,-0.66960261927279696,-0.31823958201643521,0.71865318017014512,-0.69300210605751889,-0.057320917919894354,-0.18215846378997194,-0.2671711310431053,0.94627579531911532,-22.386438078459253,15.835444348689506,-9.8669554422597496,,0.1133091724787587,0.2,False,1
0.82759134579456817,0.53023809208891948,-0.18422847245699775,-0.52109098929285347,0.84773290079504271,0.099061141662198648,0.2087025281201246,0.0140176534243628,0.97787870421067258,6.4935347644674,-34.542502911646253,0.92373471348827707,,0.2141372542860416,0.6666666666666666,False,2
-0.94627348611516826,0.26249899830688195,-0.18884058187616995,-0.25554329534678771,-0.96488830437216577,-0.060730423093466851,-0.19815174407193895,-0.009210644586062619,0.98012807854257422,-2.348792583082667,12.293726361197733,-4.1858233479140257,,0.1083942393294979,0.25,False,1
-0.97488749945738706,0.091331011279202678,-0.20310836954798642,-0.06376664190846737,-0.98832863450308239,-0.1383485655906494,-0.21337333193592997,-0.12192274849260534,0.96933310302422293,-19.282031195143233,9.8625914119228781,-8.3589332453690144,,0.09939309939067012,0.3,False,1
-0.88171747814990853,-0.4018461625262289,-0.24717190452781729,0.41990098371286938,-0.90728241112789398,-0.022842730461110218,-0.21507545792565361,-0.12392856055364215,0.96870235845546082,-12.577034705183584,-28.753963949125112,-3.9837711660041442,,0.1122618484120796,0.125,False,1
-0.95188602623530971,-0.15685387348282373,-0.26326764980032391,0.20101693729578693,-0.96802549826329654,-0.15006273898712749,-0.23131187599899272,-0.19576388095236411,0.95298023008680277,5.2625312199836989,-39.780393197268296,0.92747722074609362,,0.3159144817179729,0.2173913043478261,False,2
-0.88258572569677674,-0.36050528662621406,-0.3017919401025238,0.40923647264771551,-0.90506851582937298,-0.1156567815100869,-0.23144750214929885,-0.22558129348190104,0.94633246471833732,-12.753959152501917,8.4722818552446828,-6.4834808122643235,,0.2134982894993847,0.4444444444444444,False,2
-0.17389116280157804,0.97629982241912094,-0.12884300618934474,-0.98465170358717369,-0.17039305586674514,0.037778686256519062,0.014929371131806882,0.13343486522189318,0.99094512997482542,4.7019245721723371,15.485971850639176,-2.5439713794237853,0.5289112180894968,0.3458659105702344,0.28125,True,2
-0.28364040854799483,0.95832534392399393,-0.034068369959320999,-0.9538727852073956,-0.2856103837321527,-0.092484692490478485,-0.098360704955853195,0.0062644949781384962,0.99513111087095263,-6.0691489547081003,1.8715983420367346,-4.3178262763021049,,0.4379940531426652,0.2800925925925926,False,2
0.21531619946727162,0.97616938382147089,-0.027060457065246485,-0.9721296334887285,0.21689241823637709,0.089003677478218385,0.092751872973220323,0.0071423386356548324,0.99566363650520706,15.670805424845026,6.5267944705653198,0.9422754704844557,,0.5095789582809933,0.2941176470588235,False,1
-0.73637851023179612,-0.60857216896153654,-0.29561225420176873,0.65226853170793819,-0.75462936169328354,-0.071276146177789684,-0.17970100782235643,-0.24530479334052607,0.9526453202277283,23.936944399093235,-3.618862702288419,3.5519770388823213,,0.1580004212789113,0.1666666666666667,False,2
0.11200347427641677,0.99370477432529492,-0.0024582988277888629,-0.99286056328609429,0.11200977097334255,0.041008695147724483,0.041025889645829039,-0.0021523683732035392,0.99915576547861362,3.9513783583857411,-1.1250561468178735,-1.5822063875274031,,0.3735095086393994,0.2958280657395702,False,2
-0.76997478758269178,-0.57648988074241847,-0.27349267611506728,0.60491416623109673,-0.79588522369401116,-0.025407916059196192,-0.20302137320963459,-0.1850030489130558,0.96153845160396378,-7.4027837026598871,-40.662099915422537,-1.9764897714558431,,0.1356172118498262,0.25,False,2
-0.3109091652313194,-0.8157986658833134,-0.48765564460812932,0.94374013105977061,-0.32579706349636833,-0.056664260733115701,-0.11265014870141717,-0.47783763995749573,0.87119523290557521,6.9009228699338863,9.1074355052172855,-1.5253957921920263,,0.3287086540322651,0.3055555555555556,False,1
-0.884074423652637,0.43416738959125739,-0.17294823288710284,-0.43287996412641522,-0.90021964620758155,-0.047111837576247081,-0.17614582056118061,0.033215454195458696,0.98380352891287104,-5.391470717766615,11.425092913673625,-4.8678568364363528,,0.6774332427302602,0.5882352941176471,False,1
0.7934317650996574,0.58664322024615823,-0.16222134961237225,-0.57220377507701559,0.80978219223909043,0.12975222895990887,0.20748222554824858,-0.010125871402987652,0.97818637938272035,5.4716308357049455,10.949587598442264,-1.9499257313735641,,0.4285879407929569,0.6326530612244898,False,2
0.73581573382836163,-0.56205128673895943,-0.37772153357428528,0.66408227998432112,0.7080835766500484,0.24002577755170576,0.13255161734756582,-0.42745292086211717,0.89426733653029578,0.98877221483855582,-36.270691362741729,-0.27858523802404606,,0.5542395289056712,0.3,False,1
0.20914061001147133,0.97784047517356842,-0.0093920368590388048,-0.97360011412366831,0.20911265673503435,0.091513466613376102,0.091449565457751028,-0.0099950940739719496,0.9957595468144117,7.251840358992756,4.3811012741459443,-1.0817243640970406,,0.094978758291211,0.125,False,1
0.60748005769243107,-0.67537588592084985,-0.41813322305531664,0.78822519417127346,0.57769414317669554,0.21206253844798029,0.098331189251722309,-0.45840690402301992,0.88328596024411665,12.098544314234637,-38.705628564921923,2.4141579674535381,,0.3738414906188758,0.1,False,1
0.80457618708211143,-0.51845050587791885,-0.28959667148525997,0.57407426185974086,0.80382958452862496,0.15587411878414001,0.15197335638395698,-0.291662599576066,0.94437123365651421,-2.2708275978585357,9.1112602768956972,-3.8484590533758318,,0.7078257635277336,0.3174603174603174,False,1
0.80059014606961942,-0.5365965119576831,-0.26668258542895895,0.57992175746172836,0.80586853594238339,0.11944311617075351,0.15081834516638207,-0.25028001544855344,0.95635440116535597,-1.0298926155576846,12.728162845229608,-3.8219351397382542,,0.3883561041899348,0.1578947368421053,False,1
0.594342563125837,0.8027063808922078,-0.049187231391327968,-0.78641213877135407,0.59289659813916573,0.17329042647552464,0.16826427324323795,-0.064312440397937015,0.98364172560947538,18.570789949795824,-2.6895888281037053,2.1203741476680107,,0.3027352361148449,0.125,False,1
0.71013513390621019,0.69656778546196829,-0.10247639654388138,-0.66069742912803164,0.70959024012999872,0.24486853259629168,0.24328378231115033,-0.10618385644183764,0.96412550526138485,19.454913695192637,10.053061160439363,1.6982134332341625,,0.267296158832574,0.2307692307692308,False,2
0.96647341668763487,-0.13084541919486761,-0.22092670981990453,0.15129706968642886,0.9853848536810822,0.078268044821703256,0.20745681849587108,-0.10906954850750804,0.97214479479547666,-3.5607607527228584,6.5118045192888658,-3.9748857895946852,,0.07101375554430628,0.2941176470588235,False,1
-0.45984827830480846,0.86888317184412389,-0.18325281614806935,-0.88589615862669924,-0.46307378853299092,0.02739822082108833,-0.061053722823113138,0.17494199055629181,0.98268394861707242,4.7575828090037851,-45.128141997341714,1.0829534108232226,,0.2568081768818031,0.44,False,1
0.97626665226295262,0.034408665731952615,-0.21382111074875818,0.0013299766218624952,0.98632697683046666,0.16479479948911141,0.21656789891734013,-0.1611680442861359,0.96287237298590622,-26.573677289086302,-24.31987935008403,-7.7534554794453534,,0.1063200908705595,0.375,False,1
-0.27624822615835543,-0.85659356283715116,-0.43581462303405727,0.95527910716920816,-0.29449953935056383,-0.02668049340447037,-0.10549286682218112,-0.42369504295927396,0.89964090926401097,-7.0950143903694602,7.2081427986131255,-4.9645179218084055,,0.154586223320288,0.2394366197183098,False,1
-0.49417340622056721,0.8667610651669182,0.067215329316104105,-0.8665757168351067,-0.484927756407383,-0.11786262366595829,-0.069564154390631835,-0.11649174638750998,0.99075249252651643,-14.321514830521057,-28.93292736655523,-4.3982920531025229,,0.3486310289472075,0.1666666666666667,False,1
0.54181421336724622,0.83414741211080656,-0.10312833297439498,-0.82543469394455371,0.55120891823605811,0.12176327233487527,0.15841377536658374,0.019152632348589604,0.98718704025540482,1.734959141852084,-35.220010671868181,-0.15911784995263598,,0.1117843016045734,0.3076923076923077,False,1
-0.96600630843953372,-0.10152102392968901,-0.23775048634080959,0.13480432933456962,-0.98254778020437294,-0.12817040379165476,-0.22058922196626207,-0.15586321347812143,0.96283282756488553,17.272282048946167,17.604924170595641,0.67642020005210124,,0.2107843194742969,0.1666666666666667,False,1
-0.32400036664016063,0.93883091413419761,-0.11670594279208128,-0.94563818552720613,-0.32505335604617303,0.010427741650670166,-0.028145772148844797,0.11374018810019171,0.9931117686952855,-10.241614140227165,8.0432991431237468,-5.8865291165583704,,0.2931459970197456,0.1063829787234043,False,1
-0.70333039701837508,0.71085946707101921,0.0022739185302266263,-0.70002104279671107,-0.69204313043531807,-0.17620114999366832,-0.12368060588378688,-0.12551941560090499,0.98435155510388017,14.268647759769017,0.078779809496182227,0.88887611336504302,,0.5085006075263858,0.4482758620689655,False,1
0.43994564184178092,-0.82114687629060867,-0.36354592527299712,0.89626678658952474,0.42681149851125694,0.12057276639052068,0.056157630656136007,-0.37887960132046139,0.92374053078899676,10.520769208984566,14.09369139315293,-0.83443120283686767,,0.2326486094706411,0.4444444444444444,False,1
-0.48616558675943577,0.87099039365896924,-0.070843181779524728,-0.87125035657330485,-0.48938315989776582,-0.0377748458549651,-0.067570988018098577,0.043357317286372099,0.99677194212918441,-11.849058655151602,-28.246134502338215,-3.8332523656838622,,0.1171102942733436,0.5,False,1
-0.86508035728125421,-0.43103328152731657,-0.2566053110555776,0.45418047899301811,-0.89018767014201583,-0.035860903903850536,-0.21296964090641957,-0.14756768664894646,0.96585076999983177,-5.8048550083645232,7.0394878709338542,-4.6169809000477775,,0.6576235963032753,0.8407079646017699,False,1
