axis_00,axis_01,axis_02,axis_10,axis_11,axis_12,axis_20,axis_21,axis_22,location_x,location_y,location_z,dbh,dbh_approximation,score,reconstructed,number_clusters
-0.558769323591784,-0.75324923748703299,-0.34697612199974925,0.76761703223933875,-0.62811707244813864,0.12740892871086956,-0.31391230436039275,-0.19515258011203565,0.92917949592463844,-6.3826961114005591,-12.166101005628329,-0.50799670092716132,,0.08854445976143939,0.6,False,3
0.12139979819008409,-0.90881422527314504,-0.39914758290709917,0.98471593410383806,0.059674945639488788,0.163625884214356,-0.12488642088478881,-0.4129111342699503,0.90216837512433923,20.711323296233299,-12.203247439808134,5.7076383118468383,0.9826522253649512,0.7777333310103146,0.7258064516129032,True,5
0.18747240876883275,0.96817271052733378,-0.16581826962240254,-0.94924826358011949,0.22197289169039386,0.22283574543760609,0.25255064846588804,0.11562715055193926,0.96065005700031036,-6.8699131465289476,-7.2636941195789024,-1.6995205088327179,,0.115424433399378,0.2022471910112359,False,6
-0.60410590829500976,-0.70069888472621145,-0.37957492607718935,0.73490829301258997,-0.67404413826588394,0.074661238475684136,-0.30816530048722535,-0.23384946570998372,0.92214346766800481,-4.2988223341018585,-7.1831440499316033,-1.07116584463396,,0.5236334838771661,0.5049019607843137,False,4
-0.94706335397938446,-0.17063314944520369,-0.27194729610666996,0.13425025392708653,-0.97993417928511017,0.14732913353892291,-0.29162968447987386,0.10302102979114396,0.95096729415418946,-16.669595424984376,9.690459475706799,-7.8547141985375788,,0.08277896056380832,0.3333333333333333,False,2
-0.082455064954568516,-0.93260148206616067,-0.35136254483273788,0.97100319566509186,-0.15456343556370619,0.18238129946604487,-0.22439687224094046,-0.32613589197563636,0.9183035574872499,0.65117955037954101,-15.189996436248942,1.7992365704118953,,0.09908091801395144,0.3333333333333333,False,5
0.59263875707512004,-0.7123972376428398,-0.37585832358923188,0.80546837152205042,0.52411467522430977,0.27663063765991686,-7.8038917978279221e-05,-0.46668402909609763,0.88442411257075071,17.020764755585542,-8.8797322342784195,3.9759939749867677,,0.1221839288178,0.4375,False,5
0.29684236285034943,-0.85202577598377549,-0.43120376700194307,0.9519146389632922,0.22818414706976528,0.2044272857360987,-0.075783452974948387,-0.47115185671425341,0.87879053031419563,-4.0697297321221271,-14.761008490281689,0.5307989046749193,,0.2012577534663503,0.1,False,4
-0.36870445468845936,0.90618418469644779,-0.20709236707063738,-0.92531670739525962,-0.3365722617499371,0.17466569106646951,0.088577740477397679,0.25602604560193826,0.96260305830874693,1.9275014163068698,-3.9172353871449617,-0.26855755610361592,0.2545234620629224,0.1934161055065945,0.5806451612903226,True,5
0.93128104159331782,0.25170453473390586,-0.26336371952729343,-0.19793104216769819,0.95651185283626683,0.21426240437869395,0.30584133814000991,-0.14741065964888031,0.94060149548393135,-12.169749509099541,8.9594490487289953,-6.4848887926554388,,0.1313654468675893,0.3461538461538461,False,4
0.79342430053178159,0.5725794312415502,-0.2064719696345147,-0.51822590860771789,0.81339578273724578,0.26425216796266637,0.31924878539057699,-0.10266496746391396,0.9420934759790428,1.1673833430776583,-6.1692047395894347,0.020689113607378455,0.7631450564503927,0.534903756645867,0.2222222222222222,True,5
-0.3203559443502505,0.92732985175508431,-0.19347200046350638,-0.94329405050758597,-0.29352181038109582,0.15505251080713017,0.086996570026929121,0.23217298050052215,0.9687761887706845,-4.560044132909832,-10.19552916543385,-0.45713439511717024,0.8274400685270087,0.5519160752377044,0.768595041322314,True,7
0.3524983071981817,-0.85056813976397616,-0.39022914171146383,0.93119934331863707,0.27745592693249721,0.23640218191245332,-0.092804775875793402,-0.44671248944760689,0.88985123776177666,-2.5371382196351822,-16.728764934575103,1.3990910636332976,,0.3211668987700764,0.1739130434782609,False,2
0.63900734982306917,-0.60085392303632834,-0.48025427644525126,0.76890396814532269,0.5163007679277507,0.37712094188415457,0.02136105433902008,-0.61025247251368775,0.79191895112344457,-13.287371344038389,-17.395678257258503,-1.2197420937025223,,0.4672725201476848,0.4230769230769231,False,1
-0.87713304490265886,-0.35597015093070328,-0.322370707704906,0.35282436811039231,-0.93304503921433157,0.070298791348279946,-0.32581066097856914,-0.052078848334989991,0.94399957984567384,10.819688673229821,-0.53452200807194061,0.8447727892794844,0.9147586094706504,0.8927985565309207,0.7514450867052023,True,4
0.84178768599949727,-0.42881370800767021,-0.32789067617778284,0.5243196409991725,0.79397645288282148,0.30771790056821768,0.12838382204199286,-0.43095266108045449,0.89319505044842484,-2.1925249989344118,11.916096390677284,-4.6566614984608083,,0.09426634674088667,0.3333333333333333,False,1
0.48079690161433775,-0.78432087655780991,-0.39201416045041304,0.87583278518575114,0.40824220000728673,0.25740092953791327,-0.041848199385685125,-0.46709642337401802,0.88321552266668013,-2.3193515075650817,-18.721441821424229,1.8583636699423012,,0.2861418237482188,0.5625,False,2
-0.5330859538113788,-0.73704925607289329,-0.41542479460355541,0.78768899509046086,-0.61157873116024142,0.074279893684687168,-0.30881290915761872,-0.28762797102302662,0.9065896190795395,5.7853344002698064,16.305242350899714,-3.80867875708471,,0.3584473181528909,0.25,False,3
-0.16304404845842915,-0.88155990844385113,-0.44302230879127902,0.95471037695530514,-0.25424464553325821,0.15455664447550829,-0.24888699121518212,-0.39775845439429436,0.88308746880573374,23.236041236924979,-9.1635101335486802,5.2919082970269073,,0.3585258547674213,0.5625,False,5
0.93925115838862339,-0.13390450731965375,-0.31603297990100537,0.2736898965583664,0.84783021574982409,0.45417812120739282,0.20712581197788732,-0.51308236003695085,0.83297382301691414,-14.293996827303868,-7.0253002414149837,-3.6737362439380261,,0.3325192933507317,0.2222222222222222,False,1
0.57650861760076377,-0.66322708158760435,-0.47725009385105832,0.81678656754204659,0.45182917762850205,0.35876189503127531,-0.022305087198582041,-0.59664079016803695,0.80219838605716653,8.3089667068155055,-11.495851367374254,2.810199965071952,0.4351356399846821,0.5411700792559935,0.3181818181818182,True,4
-0.96263485474409838,-0.0059471143922996128,-0.27073745264040333,-0.0052785988496412426,-0.99915679879534691,0.0407164317594364,-0.27075131177151168,0.04062417077850549,0.9617917674437465,-6.3680541441179628,-4.7232421340116559,-2.085852518101996,,0.0734255624857104,0.2605042016806723,False,5
-0.91583155562700402,0.33172477391960065,-0.22629899709413565,-0.34514943487461203,-0.93830401581224965,0.021387882465126351,-0.20524236727234896,0.097694668629336595,0.97382304470465608,21.317637924506347,-2.7179033415902345,3.3476184045723048,,0.1791440805655807,0.4210526315789473,False,5
-0.50015946417983048,0.85478221542004784,-0.13852030390141423,-0.86470518934424634,-0.48450174236380178,0.13244997987003376,0.046102558632649643,0.18602533657552039,0.98146274928775978,7.1803739641899531,-7.7733521737592586,1.7519226333064566,,0.5766548805506216,0.7543859649122807,False,4
0.49013744895093353,-0.82576393104005308,-0.27906847068264051,0.87066866062184711,0.44866703580500694,0.20157870520693955,-0.041247600497829634,-0.34177744392400367,0.93887529218631827,5.2154701875073384,6.3554546529891862,-1.7818783349435989,1.024891598325621,0.8732370289392481,0.5193798449612403,True,1
-0.82515958630108066,-0.4867436831144592,-0.28669189748509261,0.46492822052001997,-0.87343506528146497,0.14475129187974006,-0.32086353314067922,-0.013848237611218756,0.94702419156827589,-2.8574208451847469,-5.0672917163925826,-1.1387331216052374,0.3366999200471854,0.2667353625458749,0.8838120104438643,True,5
0.888064899344433,-0.29909180935157442,-0.34912007122358701,0.42759954759200836,0.81628164830409522,0.38838498624568235,0.16881753893322526,-0.49419465822765657,0.85280260220509285,5.2611603457679852,-19.257482257318351,3.7366029679089094,,0.3175823304772311,0.1428571428571428,False,4
-0.51757113186490533,0.82117594971217889,-0.2403958882227015,-0.85499099825943436,-0.48540480872449232,0.18268159338717016,0.033324410803748705,0.30008703950927301,0.95332956125525803,-2.2292935824085989,-13.434554333818541,0.73238218760431972,,0.08000791098268827,0.3055555555555556,False,4
-0.90058199781741755,0.3891615448788569,-0.19366299903360129,-0.39594856690693053,-0.91826410579958728,-0.0039704363023383704,-0.17937892175931752,0.073104883472886073,0.98106007891508795,-1.7781137740898485,4.2978496699637336,-2.8793333145599895,0.8378886221091495,0.7143013823225992,0.2537878787878788,True,3
-0.5857036310724385,0.77149753196586357,-0.24848101480624857,-0.81052252583275375,-0.55669778197263431,0.18204618827221838,0.0021193551508615072,0.30802457323618126,0.95137604059405145,-14.10413383078064,-5.46997014711219,-3.9632011444709856,,0.06786105890012467,0.2448979591836735,False,1
0.97017013575105826,0.081013479673277738,-0.22848790735616928,-0.00044713853125672928,0.94310583996509612,0.33249236786859548,0.24242464347484949,-0.32247199992396069,0.91500934503486586,2.9267623361393271,-17.165589784524265,2.7619306828730497,,0.5992432379341981,0.5277777777777778,False,5
-0.96671541240497838,0.049661046090163613,-0.25098823064020864,-0.074432037112786897,-0.99314015513290521,0.090180397614058702,-0.2447880374322092,0.10586034556820448,0.96378026747089374,7.3399625430925086,-9.3358772670430383,2.0875046715154633,,0.07455324779054172,0.4,False,5
0.16938528385970833,0.96475159676910138,-0.20140253757893725,-0.9550152491502345,0.2111475698587261,0.20823683063586587,0.24342247123526187,0.1570702399381361,0.95711777761333772,-15.631459288302693,-6.0935449274282387,-4.2729634392408382,,0.07969914497201674,0.1666666666666667,False,1
-0.94255941789793285,-0.18510486814943844,-0.27806102121528553,0.15552029132655154,-0.97987595883722889,0.12512611349564418,-0.29562676251925007,0.074694665674325478,0.95237887639436136,9.2734694573575656,-7.0783878534047329,1.9357318207135981,,0.1032225163057896,0.4857142857142857,False,5
-0.54908105019020081,0.82113838478292533,-0.15569763440114948,-0.83471353960377148,-0.52942771258509047,0.15152426851518447,0.0419917506680626,0.21316202800453693,0.97611405209269675,-8.1591171517987924,-11.919755527646483,-1.1182362436430695,,0.1064129194658641,0.175,False,8
0.90248051635327131,0.37475119215496472,-0.21234514729836731,-0.28469134951233233,0.88892472000741729,0.3588365612261134,0.32323327971540894,-0.26339017851500796,0.90892566293743338,13.610061128195845,-1.572553488332626,1.4583401604459176,,0.4013398213868242,0.3947368421052632,False,4
0.53680683248483019,0.8131817221156511,-0.22488644115336931,-0.78399586716107306,0.5792602549293524,0.22317714339407418,0.31175135103470031,0.056507025016417745,0.94848197202257545,5.1613838993172436,-6.8194525025753521,1.109035456727542,,0.07376369739922253,0.2702702702702703,False,5
-0.95553062234021025,0.21431263557682173,-0.20256190165538812,-0.23677822723722802,-0.96702363315532203,0.093815585194986534,-0.17577628075632495,0.13760591248634096,0.97476525993301377,-13.365140136011396,13.663544905167999,-7.8607267393596612,,0.2314528448745198,0.28125,False,2
-0.89461111765236589,-0.28080198868414113,-0.34759342819422701,0.31627711150040605,-0.94741895345626093,-0.048642731962776298,-0.31565762609787146,-0.1534521742526776,0.93638277072113052,-9.7680248400683087,-9.6023170668870836,-1.9618283224160469,,0.09213002893676898,0.1176470588235294,False,1
-0.61000279124931511,-0.72677321041511422,-0.3157487850981418,0.72438281543410077,-0.67297735239599421,0.14956944830360194,-0.32119484954122546,-0.13748521296847144,0.93698008775171104,6.9118426150693892,8.9941267487900127,-1.9278190991793072,,0.0904382466454415,0.2105263157894737,False,5
0.95472645566756298,0.13449181354555553,-0.26534759644225475,-0.079405573365575965,0.97481815950934181,0.20838500620079387,0.28669173299371276,-0.17788060034767222,0.94136408591629128,-11.170246296169323,-12.668766412608539,-1.7011150073041605,,0.0740622633324598,0.3157894736842105,False,2
-0.2297339500496022,0.9431894918361492,-0.24003311164185881,-0.96432054223007446,-0.18725553051852811,0.18713967543874765,0.13156064771694492,0.27446119722119328,0.95255595488779932,2.8950663413109901,-4.5304968724765109,0.13904181273043162,,0.09265606916241088,0.5151515151515151,False,5
-0.9072340690439602,0.33917000904454614,-0.24877710692638222,-0.37294285947307315,-0.92213704572632593,0.10284402008464569,-0.19452497920314973,0.18608324444679536,0.96308517723105258,-6.2181475854694765,10.914490508941189,-5.4029316865214385,,0.1611945025403221,0.25,False,4
-0.94516241767533726,0.25472970462232486,-0.20440347794774544,-0.24754645931487301,-0.9669904141794019,-0.060417624629072103,-0.21304636747614653,-0.006505110927004773,0.97702043419625906,1.5084825434178266,-10.777751514470031,1.169954290185363,,0.1931344427841668,0.1463414634146341,False,2
-0.16839831239770051,-0.91673549960221623,-0.36226790107692491,0.95524807691885583,-0.24244452587961346,0.16947496397355108,-0.24319358528635879,-0.31751641790635587,0.91653707204645163,-16.821658850901674,-7.7497952847772371,-4.2322794669685777,,0.1220941465142159,0.1818181818181818,False,1
-0.95684475351646925,0.085394063826339503,-0.27776963752582634,-0.12864049928248364,-0.98156255428954831,0.14137388005190432,-0.26057578477740256,0.17100528026876816,0.95018811532656,-14.618376078495709,-13.728110635471623,-2.3184939499974813,0.9426173771044427,0.3133818817960291,0.25,True,2
-0.96351494090836953,-0.028754324089148135,-0.2661055194702272,-0.012864920959161022,-0.98808814978365578,0.15335025942537284,-0.26734519343922725,0.15117869262330211,0.95166777314441697,-1.0022446767181328,-8.5995978440721252,0.016597201611359497,0.4471231146000536,0.1785191647257717,0.3064516129032258,True,5
-0.21739660219907955,0.95280614452246237,-0.21189423850717629,-0.96531394880190236,-0.17771212780599077,0.19127827863912358,0.14459494320609609,0.24612771195236857,0.95839107456628503,-2.7310068068076059,-8.1889426594351775,-0.43676840326325672,0.6919287134111655,0.3564962742689269,0.6625,True,5
-0.28086485387873522,-0.85744089585590944,-0.43117287016867245,0.91078407985339294,-0.37978661828907079,0.16197062836872331,-0.30263392695017555,-0.34721352894489255,0.88761223041165294,-4.6396182165522921,12.310366040404794,-5.323886537118427,,0.3006089046209768,0.5384615384615384,False,2
-0.44905739995261446,0.88604953628816641,-0.11516801114598674,-0.89217080162751516,-0.43761181159045565,0.11192480993879796,0.048772043950548002,0.15301020096726875,0.98702034737326516,-0.57353343716658212,-5.2949176785138947,-0.54870567422100924,,0.1539226354594696,0.2621359223300971,False,4
-0.4908864540127344,-0.73911177323509691,-0.46124210121374798,0.8147509496836951,-0.57696014540595508,0.057427176516488682,-0.30856341205061921,-0.34760721695386176,0.88541393905069632,17.865980210120018,4.6485376038049715,1.1790803531342093,0.3265607451794641,0.1390130199646674,0.25,True,3
-0.95971471689048227,0.11383257718346762,-0.25688481184295653,-0.14845258282780555,-0.98165879413727375,0.11961539426306014,-0.23855710602615657,0.15293186804823791,0.95901113179133712,-15.187383051217441,-8.0687143156672416,-3.7120564528500224,,0.7768267813682403,0.8571428571428571,True,1
0.16654043759528081,0.97893597718080183,-0.11810434042253223,-0.95974510716739925,0.18840702998193132,0.2083077538682267,0.22617164259431463,0.078658398372053628,0.97090640354862912,27.014910833662455,-7.0933369767491481,5.9633118379314212,,0.2633439486291036,0.4782608695652174,False,4
0.13530658800149367,-0.94221438649368794,-0.30647051591909424,0.97760104360052469,0.076629348938675693,0.19602077041068605,-0.16120895382874445,-0.326128797816992,0.93147822327732599,14.762863983185111,-8.016433846238936,3.2826160503021691,,0.09136046232868533,0.4210526315789473,True,5
-0.75873296467148588,-0.57175058144749946,-0.31213067925992727,0.56271931455981306,-0.81666641843845067,0.12807393964522101,-0.32813299337639273,-0.07846804196205967,0.94136682810076155,-10.246386420638844,-3.333331776067034,-3.3382394294613063,,0.06660437739026526,0.3714285714285714,False,1
-0.86654909855358775,-0.40015389873900747,-0.29827758400513166,0.38285052921979579,-0.91635954801089015,0.11709248927835421,-0.32018452815851134,-0.012729339859213276,0.94726967218140257,-10.912297013643563,4.4181685519778755,-5.2294523112654003,0.2542263793388518,0.1111607633717945,0.3858267716535433,True,3
-0.85563049643865174,-0.39481291023361437,-0.33469272396783539,0.39800378607678377,-0.91527282581051972,0.062198397096479729,-0.33089188541378817,-0.079990125926201167,0.94027237539003494,-7.4434606069971823,14.612065247015924,-6.5436038836083563,,0.25169841231919,0.3076923076923077,False,2
0.91127344855422032,-0.28790483539207118,-0.29443421628262662,0.37085348176563632,0.8845755305281725,0.28283179781118822,0.17902066088137725,-0.36692906201153963,0.91286070483339798,-4.1604210050553654,-4.297174196588335,-1.5738017337767189,0.1404931963731831,0.1029889362636781,0.3862275449101796,True,5
0.16107231838617461,0.97903297758207941,-0.12470018867856802,-0.95350841020487398,0.18697704482569033,0.23634994473624449,0.25471046291480998,0.080833245110038032,0.96363300408750208,-1.2929570633417151,-14.971711833204035,1.298495035069291,,0.5448755515480823,0.7254901960784313,False,4
-0.22706435424343044,0.94802162385092714,-0.222927745565834,-0.96466248964656076,-0.1875244464662798,0.18509690177421928,0.13367146330056223,0.25707894252265528,0.95710101724453311,-3.1342265500114692,-10.068489214951136,-0.14594567135756756,,0.07474554535568183,0.3529411764705883,False,5
-0.41650518276686244,0.87135201147491104,-0.2593628825159256,-0.90649302696842904,-0.37631021074060855,0.19147066968592064,0.069237452191415527,0.31485917072714625,0.94660967553847464,-8.0615658768118372,12.503476449364292,-6.2358386220846471,,0.07470462270171804,0.1379310344827586,False,1
0.41997088317954906,-0.7923015190097632,-0.44258644382336398,0.90493522232607893,0.32868780767556682,0.27028978611682786,-0.068678240185959791,-0.51402590212970001,0.8550208601342475,16.740864146206004,-10.183076819184739,4.2193222457642667,0.1718339193318159,0.1671461668420847,0.1304347826086956,True,5
0.50265648060363066,0.84276652662276463,-0.19256438952042473,-0.80574423593069366,0.53743914305043983,0.24886822573738304,0.31322945067735242,0.03006242041837226,0.94920153924598871,-5.1786984756102843,-3.0940665494690913,-2.1352817009083687,0.7871594441124544,0.688450132185428,0.7628635346756152,True,5
0.11307417324358318,0.97473136118330161,-0.19264735884778808,-0.96974625857796148,0.15048539601256081,0.19221430633797557,0.21634792654270227,0.1650845816928129,0.96225810236546372,-13.616279180486682,-10.043831682257037,-2.8391936523900947,,0.2605433531615732,0.80625,True,5
0.77243483901335708,0.60626166547287941,-0.18918565605367677,-0.53917229263260369,0.78341660728811369,0.30911431264579869,0.33561534281929356,-0.13676700041761791,0.93201777303925726,17.351223049866146,-19.737176320705263,6.554414145173455,,0.2392600143945725,0.3333333333333333,False,7
-0.52183795030757707,-0.78200769729261588,-0.340806565362063,0.79496495644829535,-0.59070739448579923,0.13818643970722103,-0.30937981776118739,-0.19881834793322789,0.92992225099045522,-12.234441333381939,-6.0732695905976541,-3.3446632391547007,,0.5977358747356856,0.196969696969697,False,1
-0.9390318685501432,-0.18833432765732538,-0.28766183423090802,0.17098684190982519,-0.98164098973424074,0.084524949969140215,-0.29829959728590261,0.030185233135498438,0.95399486474489203,-14.092841465209155,-4.0624830773992349,-4.267888105715488,,0.07619264745901579,0.1886792452830189,False,1
-0.18042240388078484,-0.91994924668988398,-0.34805335753673566,0.9499652165704271,-0.25471215256607282,0.18079769534333245,-0.25497812354039662,-0.29801862836049942,0.91987556422917649,9.2533974683010154,-5.0556620794820946,1.5179129290619879,0.419727754321174,0.3213717203105312,0.3297872340425532,True,5
-0.71861348260167746,-0.62870636544030289,-0.29719180452686078,0.6140008153991604,-0.77427381187313016,0.15330708703976453,-0.32649297283747736,-0.072307470584276806,0.94242982146441501,10.995513730042369,-6.3387472111265764,2.0850689856410995,,0.08163030940716001,0.3529411764705883,False,5
0.36710539186116786,0.92378725323810573,-0.10886111344852956,-0.88228025860987869,0.38287993466357539,0.27383297993357525,0.29464415238341995,-0.004479552077098492,0.95559654513787573,-4.9379450356072283,-19.382554218617013,1.3345305008641752,,0.2230788487312174,0.3,False,3
-0.77634649523489441,0.61339627608077174,-0.14502112889761232,-0.62470748314441515,-0.77940596324173739,0.047612025440960937,-0.08382529355669921,0.12755921351851379,0.98828233172847513,-5.678495820372329,-4.0986228613583098,-2.0454774259987301,,0.08392945587727668,0.2982456140350877,False,5
-0.93068966155017407,0.30054926722899894,-0.20853510939823577,-0.32328201549910052,-0.94253247434726217,0.08438763686504655,-0.17118847022641964,0.14595435166153625,0.97436740241687014,0.08762400663213582,-11.447359650881104,0.91692109630276541,0.4878336638722383,0.4180072110802363,0.3043478260869565,True,5
0.61098615368063047,0.78064477435509783,-0.13149013758692196,-0.73317074007697225,0.620647404352203,0.2779522717407768,0.29859100104580266,-0.073420267930264016,0.95155287732816718,4.4084660294265694,1.8286629157851031,-0.94671664039140146,0.6990175078905206,0.6229084530728565,0.6056338028169014,True,3
0.21763296847492727,0.97506217169145981,-0.043470131919806809,-0.9423094805535609,0.22151128873799802,0.25096930453844379,0.25433980005431761,-0.013656877313841687,0.96701848783276356,2.957195218091043,8.7414992919347405,-2.7869061795177346,,0.0718427328481345,0.25,False,1
-0.61908278042725495,-0.72270055184862825,-0.30731160625031217,0.7160450064268592,-0.68015985127671919,0.15704179533611473,-0.32251520855553151,-0.12282706977258337,0.93856137315652521,15.477636427076686,-2.3182497057262821,1.9876085559280947,,0.08915524265048498,0.3478260869565217,False,5
-0.53684896993882469,0.83161218495226952,-0.1421772039200947,-0.84365434662925165,-0.52788436796445204,0.097905247419853236,0.0063660732948044585,0.17250874730773524,0.98498741373335419,-12.618725977292993,-10.56056888478067,-2.4813321011136109,,0.5089997330057612,0.4492753623188406,False,2
-0.94601963106333387,-0.11491927684261691,-0.30305183954690507,0.097275013541685384,-0.99259574332386502,0.072741061827610587,-0.30916731616271814,0.03933510067755347,0.95019383310534511,-3.6522999848891593,-8.5575212164345178,-0.5990184046601994,1.071694148520875,0.5609746272330037,0.8623853211009175,True,3
-0.16834361817528354,0.97858271266263441,-0.11847489479840978,-0.97705139935543772,-0.14973990003177051,0.15148770694698788,0.13050283229583717,0.14125805044780759,0.98133336534862059,4.3337529137226074,-12.915900588185409,2.1976500544817159,,0.3399487037981312,0.2564102564102564,False,2
-0.57623963428471914,0.80675551068047324,-0.1307418443578873,-0.81726159001223575,-0.56770879596855228,0.098945522741605632,0.0056015506858264064,0.16386661943979244,0.98646660037899336,-1.9283733488423722,-9.4470544285307927,-0.0059703940146268557,0.2564406937106487,0.1287639451866457,0.5098039215686274,True,6
0.87298179418764643,0.46215868771754293,-0.15592348887873297,-0.3844027959693741,0.84867592755886634,0.36329555520681178,0.30022870860036965,-0.25721298052255515,0.91853372566436442,-8.6017149395018553,-18.268480520224546,0.1551333054129094,,0.3213488184669185,0.1052631578947368,False,3
-0.94339796732526726,-0.099356487046295405,-0.31643097782671886,0.082164713194482042,-0.99434704590591627,0.067252599978340655,-0.32132419011369612,0.037446505577924033,0.9462285791856957,-5.7548908072352045,-9.1239910531785657,-1.0276580999199778,,0.5137644555065775,0.6091954022988506,False,4
-0.84797625919877129,-0.43798022820304994,-0.29851228373127581,0.42688691767574322,-0.89817007790236536,0.10515736150247326,-0.31417164632181693,-0.038260042656311083,0.94859493240443571,19.223573777457844,-2.7762501369829478,2.9026315879912348,,0.1346440696853869,0.3333333333333333,False,6
-0.94300653099971499,-0.15674742357371885,-0.29354544400294025,0.15321948153312437,-0.98756761975674401,0.035128149491803984,-0.29540222235217323,-0.011850806343835799,0.95529947420607164,-8.9974464167864472,-9.9308205765303832,-1.7336755951218576,,0.460348855135719,0.25,True,5
-0.47920582227483277,0.86116640149817658,-0.1695706602823247,-0.87527819537594542,-0.45452902748928536,0.16520122235950352,0.065190954873592721,0.22758688912221386,0.97157313018750358,-4.6862268129357911,-13.015505001460166,0.015924643660992065,,0.364101193033894,0.3571428571428572,True,5
-0.38770053861310344,-0.8672688331406474,-0.31230283927939217,0.87453731429282644,-0.45315196884641007,0.17273615440929818,-0.29132932957153523,-0.20615058620698276,0.93414621850003632,20.725122725392552,-6.5713589045977958,4.0887241902322353,0.1470186249629272,0.1718429926322055,0.3529411764705883,True,5
-0.94748827497049382,-0.1082300558199636,-0.30091896552169245,0.12986752831061057,-0.99012485423949936,-0.052793921124531545,-0.29223345784480392,-0.089101223529298695,0.95218725998705289,-12.726476312243818,9.4797451780499706,-6.7127127646234461,,0.1799921908038415,0.2,False,1
-0.10993462031622987,0.98180658938744825,-0.15482312582851934,-0.97705092077277644,-0.078155516708706949,0.1981494724319641,0.1824441763197637,0.17305356466534344,0.96786702923677559,-3.0658504472980663,-6.5748186803548263,-0.91059519582835735,0.3702011434855018,0.2001270709536197,0.6359223300970874,True,5
-0.90304122362453088,0.35252729037499203,-0.24544053857416023,-0.39393886035048087,-0.90746531023495913,0.14600987989150643,-0.17125630715530513,0.22854150664820988,0.95835278316416017,-0.55591359663945061,-10.592621469585785,0.54492131552189682,,0.08718616927774767,0.2777777777777778,False,5
0.93851270930417618,-0.01268917738507374,-0.34501141901656768,0.15772357554074198,0.90470343533373854,0.39577135800102686,0.30711100304805006,-0.42585288407221478,0.85107705463970673,-4.8438839195561227,13.475655168625444,-5.6846043912990512,,0.3952918471998533,0.3333333333333333,False,2
0.83698511246134888,-0.46039962719097227,-0.29578388191460958,0.53253644051739868,0.80967726936365869,0.24663263976381408,0.12593991043001873,-0.36394354336658019,0.92286739903555814,-10.160579469102625,-5.7403779367542835,-2.8380175214569179,,0.0835329075201409,0.2525252525252525,False,5
-0.74114082348297095,-0.59706676887736354,-0.30695529522933512,0.5795907232330969,-0.79978475558078643,0.15626560172577131,-0.3387991636783052,-0.062093624817099041,0.93880749275235031,-1.1923119230123413,-6.0437303169620407,-0.48628708248453384,,0.08457338227593003,0.1153846153846154,False,2
-0.80797805841254444,-0.41833485371130408,-0.41493060539593479,0.44226670400583989,-0.89589778586835922,0.042039502898858078,-0.38932199995852557,-0.14954299531075999,0.9088813304836777,-7.887167948175696,-8.6416189041462861,-1.6327416400264985,,0.204603831829894,0.2111111111111111,False,4
0.75918855115820638,0.61703264212337516,-0.20713150978195063,-0.56292633611039422,0.78221944005876276,0.2669207517363229,0.32672111028158435,-0.086043396890190499,0.9411959678770232,3.4570662925275615,-7.7658306685860916,0.93490280655429547,0.9162048550801323,0.5183095992335361,0.1951219512195122,True,4
0.82906157291922011,0.51486830408377227,-0.21809983438464553,-0.46069261145005075,0.85001719775671036,0.25540767661361169,0.3168899273628657,-0.11127170784943838,0.94191261854177744,-10.719034035681911,-15.89853954189255,-0.85510278582834687,,0.1029309043120103,0.5,False,3
0.85671318090345339,-0.42914037337127331,-0.28614867745466011,0.49896260284857424,0.83009041856939647,0.24897031541503306,0.13068606132584701,-0.35607363977420331,0.92527440061480593,5.7091027275787196,-5.5910695627056723,0.93888412556543666,0.3454007523258208,0.2845662932356026,0.5737704918032787,True,5
-0.829824769874136,0.51603922711568884,-0.2123543439187871,-0.5355687680962381,-0.8433764762733903,0.04338448926236757,-0.1567065599878133,0.14973187819072092,0.97622918349651067,4.7123919257170614,5.1073689525510391,-1.5547085797012692,,0.3155813234006171,0.2419354838709677,False,4
-0.83919628259937573,0.4843481854076625,-0.24729827044217587,-0.52885726744749706,-0.83279992571863337,0.16356733901058731,-0.12672643741285267,0.26805059040289825,0.95503365963996412,-9.9834851706040872,-13.848103018229976,-1.1322852758698014,,0.08710652685557829,0.3333333333333333,False,1
-0.96276894654740508,0.10273112536417708,-0.25004453892338935,-0.10504916249527856,-0.99445860116664486,-0.0040943894198861019,-0.24907956363989639,0.022325018411881618,0.96822567851192043,6.0345526794488107,3.8231160433052147,-0.94804157699285596,,0.4399512964803931,0.2631578947368421,False,2
-0.94292620131769689,-0.18602070479302055,-0.27620006563519361,0.16596219931025785,-0.98159187202114961,0.094519549206060108,-0.2886983326392441,0.043286189140677091,0.95644110041392361,-1.2373129220545926,11.654233907284015,-4.3610930557634537,,0.4224653909663454,0.7619047619047619,False,3
0.38226669591598444,0.92392670211567218,-0.015219142917173495,-0.88227215019236782,0.36982988746908496,0.29124166482414482,0.27471444481208446,-0.097904562979776816,0.95652844722952513,-3.4778987451144303,-19.257545740308846,1.656932910037112,,0.4298201122939753,0.1875,False,3
-0.89197641403823391,0.41592308139100737,-0.17716113333827835,-0.42303937915357159,-0.90610741122777738,0.0026538657572257041,-0.15942321187598302,0.077313321519037415,0.98417828152771192,-16.620262993701029,-11.91852682533321,-3.2741496918868038,,0.2282401084813616,0.15625,False,2
0.4507104096192171,-0.77406879196963374,-0.44460952751774252,0.89024839661232147,0.35310456392743345,0.28770637681985645,-0.065710874214771717,-0.52548517793777005,0.8482614035647511,-6.1300240153734027,2.4449088494598565,-3.5742072432509273,,0.3031180649613817,0.2862398822663723,False,4
0.19238918112008618,0.97406330189588719,-0.11910955833863765,-0.95047030959684098,0.21515771782186219,0.22430636869374584,0.24411594286901744,0.070055980197057999,0.96721226526331916,-5.594645632496845,-11.486174304714208,-0.46716080127716914,,0.1889471314525769,0.3928571428571428,False,3
0.93048119474992086,-0.19316353651652485,-0.31127575295417509,0.30918533058656444,0.86982534070201134,0.38445846072457179,0.19649218194838278,-0.45397326444743347,0.86907945413529619,-10.157566794701616,-11.374783398540876,-1.6842734375450819,,0.7492617934136281,0.6721311475409836,True,5
0.79526958609548459,-0.47699248149427509,-0.37419842066669667,0.5979106117741898,0.71915225451383402,0.35400979528183085,0.10024562713321022,-0.50527042999328908,0.85711878220878235,-11.943279833960622,-17.748708353918751,-0.79657060676367808,,0.306144502508813,0.1176470588235294,False,1
0.7093535371794325,-0.59694670161215924,-0.37479620425691446,0.70347348956543387,0.63283264519653271,0.32349326523467326,0.04407503567393764,-0.49313028563243055,0.86883825458045905,0.69157341148496732,-10.243502547207665,0.77319008801088307,,0.6306923169840771,0.5903614457831325,False,3
-0.75205819934189078,-0.53402153256596796,-0.38630230074195498,0.57163345056461146,-0.82023955922023506,0.021030066233639483,-0.3280909370863957,-0.20500748339046032,0.92213245727264226,2.5323080410196432,11.789513205212458,-3.5193353053517828,,0.6755064714521775,0.3709677419354839,False,1
-0.55928077384566099,0.80129849167253719,-0.21242820728405154,-0.82891469460992306,-0.53739052929539466,0.15527990238068456,0.010268644815053102,0.26292992653354086,0.96476028559779048,-0.19321319216826277,-9.6527608611257207,0.51495951255060846,,0.06950751961181363,0.2,False,5
-0.64655546506284467,0.74919955439211416,-0.14375694173161396,-0.76250112411533577,-0.6405027865171764,0.091368573298386338,-0.023623427359691834,0.16868968007080526,0.98538607942135614,-11.752987078780775,9.7267577268014822,-6.5601693239535273,,0.1721438924833693,0.1470588235294118,False,2
-0.53379036958365467,0.81886266530502527,-0.2110255356806294,-0.84512021660732883,-0.5080469413501838,0.16631333339905768,0.028976901513587811,0.26711840212586352,0.96322795766339686,-10.15066911395056,-16.647648037980417,-0.56094565261813967,,0.1081220212872834,0.2352941176470588,True,4
0.72351496497894596,0.67428457469150016,-0.14787294473505691,-0.60768308771423352,0.7237538648907833,0.32695811346676995,0.32748642774565495,-0.14669920036849676,0.93339808455644124,2.3879589267150112,6.8044489028714885,-2.4924861373935974,,0.6451345214558938,0.4406779661016949,False,1
-0.37406722628926531,0.90202300801208746,-0.21547204745182535,-0.92193108604934026,-0.33648603218623008,0.1918859627993991,0.10058221906550167,0.27042862858875261,0.95747144816305962,-6.7456693125630638,-2.8856754061942089,-2.5871796705465782,,0.101042116203839,0.1505376344086022,False,4
-0.079665626094322012,0.97800251461174237,-0.19278088450909117,-0.98105147847182705,-0.042660400380020412,0.18899229303772844,0.17661082811436546,0.2041841611206027,0.96286938041472336,-12.040637817275275,-8.3388552434772283,-2.8483058667515837,0.882577198131737,0.2447310137763004,0.8862275449101796,True,5
-0.10561920508814701,-0.91648304763025801,-0.38588004214120919,0.95728644073703517,-0.19874426837998832,0.21000806214791307,-0.26916027548203769,-0.34721684750665049,0.89832800630392051,-1.1285643274275081,-12.642744008916859,0.8507139002044285,0.6885548478170824,0.365537682636857,0.4444444444444444,True,2
-0.55047221983600636,0.79728442388047938,-0.24762447905324686,-0.83470632482028029,-0.52003905108869353,0.18117598253574502,0.015674389743808664,0.30642606413349316,0.9517654021479327,-0.17216696918480379,-6.8317061645670814,-0.1241128966778408,0.1209660642483843,0.1092311784666778,0.371900826446281,True,5
-0.34149189706877292,0.92365189420675198,-0.17392660108404398,-0.93484609236106786,-0.31465926578819076,0.16447592544466019,0.097190883490228128,0.21876179918330002,0.97092595360535772,-2.4862440422128391,2.3831238032329409,-2.6416800483001079,0.1662933680832858,0.1498639630386415,0.5411954765751211,True,5
0.35615700751925267,-0.81226029239788611,-0.4619365794009288,0.92868698273138151,0.25298586942446405,0.27118008403426364,-0.1034053871914475,-0.52557717536556681,0.84443825033837638,-7.159864179181719,-9.4473314377471969,-1.2642543769919863,,0.564208507617056,0.1111111111111111,False,2
-0.8158047893212671,0.54830885159359088,-0.18390200919130784,-0.56497482175373204,-0.82353826878207936,0.050874066436192744,-0.12355564133143081,0.14540331191390671,0.98162715955684821,-13.361544259756313,-12.400642230367209,-2.3302145430089052,,0.5182661003567752,0.358974358974359,False,2
-0.71483385324385806,0.69373693437251804,-0.087986522513163329,-0.69668303454098335,-0.71736819239991767,0.0039529628941697426,-0.060376416250932957,0.064124429200548477,0.99611382177961916,1.1236181829940115,-8.7851808008063514,0.57097173707713067,,0.2583532911151221,0.5238095238095238,False,3
0.12480112405463055,0.97398299757696594,-0.18916077782058105,-0.96414648716511608,0.16405125705282142,0.20858747888249365,0.23419272132554919,0.15634674761687761,0.95953606695514926,-8.0389900975721229,-14.04536102954447,-0.64757191665744485,,0.08017412766183919,0.1666666666666667,False,4
0.4414520938799289,-0.84677359658335516,-0.29680721847407049,0.89524642298686063,0.39337091905691618,0.20926815851807823,-0.060447422924856858,-0.35809746741579396,0.93172544931011592,1.7629075254629663,-4.9942743743255456,-0.11253709044671986,,0.06712367352799808,0.21875,True,4
0.4836722947537469,0.86588386268801543,-0.12769591858836699,-0.81040699945302963,0.49815739181308916,0.30834997684371257,0.33060793475835137,-0.045654674661666339,0.94266327188257171,-8.2016244182908533,-6.9562142295918283,-2.1029594679801669,,0.2853880064537224,0.2619047619047619,True,4
-0.082532965044414527,-0.93897892002020922,-0.33392648508115957,0.96958618121636087,-0.15312435930076665,0.19093341190845367,-0.23041472799118329,-0.30801220486599257,0.92305879269867652,-13.538179512832953,12.253696437057718,-7.5703143867732097,,0.1425742120742952,0.4333333333333333,False,4
0.42260244284533244,0.89582643944047613,-0.13748514719981791,-0.86078760408554122,0.44420353601470325,0.24845103993484793,0.28364039901577959,0.013349494051549254,0.95883779392279711,-6.4383649531926022,-16.286936684700592,0.26535397162562513,,0.2626469919173331,0.1538461538461539,False,4
-0.96286591140338418,0.056069471634907553,-0.26409364060482693,-0.10667255265184045,-0.97761344277494244,0.18136406208635722,-0.24801250607191075,0.20280081571903508,0.94729173224283103,4.105644452010428,-9.1708943201906479,1.285649606436124,,0.0793577295977658,0.3333333333333333,False,1
0.36344338717810726,-0.85537722326068955,-0.3691052834129232,0.92502018468323588,0.28427481669699223,0.25204262837956903,-0.11066418682254166,-0.43303306400172442,0.894558999304228,5.856475742161293,-9.1345368383366807,1.7674402349368323,,0.2471465325264524,0.2888888888888889,False,5
0.89901734986275594,0.41806679384955214,-0.13033787065202501,-0.34218176131192701,0.85638415945762014,0.38667533365283824,0.27327540480477835,-0.30302859157251527,0.91295904936550309,-10.47994303369026,13.070217728273596,-6.9394840529798465,,0.5685440582039096,0.2857142857142857,False,2
0.81534334870103498,-0.47289200013459332,-0.33404846944371308,0.56723115705424698,0.76806816401675804,0.29718699482115263,0.11603464222327697,-0.43179213938263306,0.89447834527812109,8.3553870196186715,-15.508459303618169,3.6376716315805271,,0.1062959888428765,0.3846153846153846,False,5
-0.38427840230756316,0.91688862366056079,-0.10791367532331908,-0.92046112815895254,-0.37147954592155097,0.12146710875897514,0.071284087062212217,0.1460075298186993,0.98671190332738279,-10.558671233164464,-7.7840369135655578,-2.552187967817733,,0.2296200349120018,0.1298701298701299,True,4
0.28096966788321287,-0.89833415162131258,-0.33771555747465182,0.95033771110837517,0.21135345069972963,0.22844682909292702,-0.13384423997652295,-0.38513045959536207,0.91310473031135564,17.617886622234156,-11.873969381242741,4.8377513372789371,0.1863900481605618,0.1864831183862432,0.1923076923076923,True,4
-0.91108137753526364,-0.26278773980843723,-0.31760561600012316,0.2381870561485202,-0.96442210932911032,0.11470362383329367,-0.33644858417259899,0.028854788919017244,0.94125966202992628,8.8037302686045997,-25.227302779132867,5.9314592700243836,0.5274775804119692,0.3616286337819968,0.4375,True,4
0.62115781603582376,-0.71140501677734591,-0.32873373675610063,0.78357181645863661,0.57093042446049891,0.24505848052468487,0.013348259411552071,-0.4098064818049838,0.91207481680030134,1.4255729617564123,8.8772180952071889,-3.1014416805124165,,0.4305257894592212,0.119047619047619,False,1
0.88280901825174563,0.44300874803974361,-0.15617773994282597,-0.35447895104727356,0.8464574301685247,0.39730906379910735,0.30820919934001756,-0.29538630312314312,0.90429752922886453,4.7176823371438399,-15.066627082289846,2.7390947602816342,,0.3699165205787464,0.35,False,4
0.72760151859668432,-0.61062514584275096,-0.31262271414649301,0.68336692723372583,0.68505985215542464,0.25239382268178762,0.060047255548748069,-0.39727815221744689,0.91573161836411221,-2.8799747030456757,12.850753694569507,-5.0121433627219272,,0.1748288713380034,0.4074074074074074,False,2
0.42256535231979997,-0.83379858918206995,-0.35527234017980286,0.90349532254074671,0.35653882841263729,0.2378576590760465,-0.071656996628634423,-0.42149730308998928,0.90399408091094824,12.04168158630705,-13.667313145561343,4.0746360531267447,0.1733156347195544,0.1108304234680072,0.2758620689655172,True,4
-0.85471901436564046,-0.3483209675854439,-0.38487388846499948,0.40694268646114667,-0.90992406386063418,-0.080223736781170729,-0.32226240304697934,-0.22519036735102538,0.91947606931050541,-0.26989868462589012,1.6934611489313771,-1.9034480191003127,,0.3220913759041491,0.3814026792750197,False,3
