axis_00,axis_01,axis_02,axis_10,axis_11,axis_12,axis_20,axis_21,axis_22,location_x,location_y,location_z,dbh,dbh_approximation,score,reconstructed,number_clusters
-0.42358722605791943,-0.84485449490694042,-0.32679465166385008,0.88232113053904326,-0.4664969807247234,0.062369780976231012,-0.20514210812230374,-0.26191878399659912,0.94303513511686354,-10.534162701977976,-11.100867106303451,-2.8452993101529755,,0.0729411627220278,0.3333333333333333,False,4
0.58004920401936944,0.80651269451484342,-0.1143686779800468,-0.77708018094816722,0.58997422462843374,0.21926423933611011,0.2443139645907707,-0.038310414517285757,0.96893910997825561,-30.255226954373455,10.700756337492834,-11.05787281353053,,0.7137623316117785,0.4615384615384616,False,1
0.95377038422738847,0.056357615215594375,-0.29520479904288532,-0.018022696166377587,0.99121793579129536,0.13100452735893334,0.29999539428736854,-0.11962785199465081,0.94641002764843507,16.112166937483313,-6.2416217479400204,4.4612030728770193,0.1545023887317106,0.1837385251216596,0.2,True,5
-0.76116920625394047,0.60237892628762535,-0.24033532535878988,-0.625358171732316,-0.77991112683148811,0.025802931849991516,-0.17189705203511527,0.16993605682434657,0.97034691739224432,-3.0117261571662008,7.4612423525845184,-3.1546232551095659,,0.085449937794259,0.4838709677419355,False,5
-0.95390917165706102,0.034020215342533751,-0.29816089142707203,-0.04238395843595754,-0.99886726288262628,0.021628481423073019,-0.29708734792285851,0.033268845627956817,0.95427055472478262,4.8034177877697433,13.815863490357989,-1.4169042835666046,,0.07905720891688164,0.1153846153846154,True,5
0.32240686520692552,-0.88267441180038042,-0.34196446601992819,0.9464069249350423,0.30789055531472886,0.097556846930312593,0.019176696859466977,-0.35509053592124801,0.93463520455668669,5.16159373739925,3.1792327669376568,-0.019600323836820244,,0.08963283094111657,0.3478260869565217,False,3
0.8890619641662777,-0.30689977423917308,-0.33967830729197968,0.38624196564140634,0.90117548914322809,0.19672285516666921,0.24573556488685713,-0.30609682510507691,0.91973842249322646,18.275332124675845,-5.8051394261614222,5.0971112416193209,,0.08902953083726335,0.125,False,5
0.43458194261986394,-0.83506691695744473,-0.3373451931655953,0.89600009069479913,0.43881273447436397,0.068023683655343198,0.091227038884621497,-0.33182318825892615,0.93892012392430069,-0.83541215994753393,-2.2734278398082282,-1.252002127619565,,0.3220068029165412,0.4,False,3
-0.84367607498299135,-0.41873076576932161,-0.33596908533305786,0.44300112825324178,-0.896507669142386,0.0048989320511359929,-0.30325019516506291,-0.1447015720962434,0.94186027316435184,5.4360647073808996,-8.9722563582657084,1.5271217309031169,,0.09787765541295747,0.375,False,5
0.92630656185040339,0.24755687034175669,-0.28402772649774843,-0.18721428093103831,0.95662122253275883,0.22321883794923017,0.32696630787951125,-0.1535950277402402,0.93247069710801944,-8.3872648945795056,-21.908502996889933,-1.1176961411479009,,0.6429938266675,0.3230769230769231,True,5
-0.12939312393479516,-0.92559160427164966,-0.35572124139588501,0.98462164021877618,-0.16239625329409726,0.064402504057898713,-0.11737821386987868,-0.34191759097460039,0.93237048209970896,-7.0641953599695197,14.277618614522869,-4.977042769790013,,0.1052547085710596,0.2258064516129032,False,5
0.11546942512871157,-0.8852158269620144,-0.45062151697006386,0.99275760130952706,0.087704766023800729,0.082098837134664926,-0.033153535295632544,-0.45683784181333653,0.8889319599298553,-8.5521556762516155,-7.2710976654951152,-2.6055129605808944,,0.2523862137569725,0.2602739726027397,False,4
-0.92382774378988164,0.28239863087616823,-0.25844402311402614,-0.25958715516416658,-0.95832980453918881,-0.11924132926823493,-0.28134819828439006,-0.043069699455027657,0.9586387183454369,10.96051898331182,5.8746304088766044,1.1876636636305957,,0.3680563129168714,0.4285714285714285,False,5
0.76750328914312871,0.60129661434887016,-0.22221854721661966,-0.59304760986583072,0.79762029920322686,0.10998359300995925,0.24337878623023906,0.047373408907750519,0.96877372308581666,-8.2002394803890883,-10.131901376018883,-2.2860884984908409,,0.5667092123773471,0.462962962962963,False,3
-0.60669717404751755,0.75292575430869668,-0.25499283813753804,-0.78563106513968628,-0.61684117070237854,0.047862298461332123,-0.12125332362553455,0.22936821624889459,0.96575765742993835,-4.9974670437876068,10.882130460439386,-3.9990509404907559,0.3870509104405248,0.3151927877672701,0.7380952380952381,True,5
0.7239450664418775,-0.59992169042488175,-0.34058406617488424,0.66751910729789199,0.73379759346224205,0.1263302545760418,0.17413150825365034,-0.31880253635561667,0.93168833879497204,24.380106850934254,-3.0301099262401316,6.6961308414249752,,0.1253606604447283,0.3,False,5
0.94862226036272568,0.16438242348343465,-0.27035943851478067,-0.10112496809978373,0.96715150208622935,0.23322030966270835,0.29981585677067257,-0.19389788771945041,0.93408461135317089,26.912138407975387,-7.8819978246881526,7.9688054627764346,0.4110394881942784,0.2924385678367019,0.5714285714285714,True,6
0.71004853192231621,-0.59675488979920155,-0.3737842744360792,0.68388485765800677,0.71087323427001281,0.16419727849321794,0.16772770725509656,-0.3722134418572684,0.91286612924333799,-19.569156443991783,14.851890649041032,-8.5309458353324015,,0.2168628811332892,0.5121951219512195,False,2
0.30072137738864047,-0.76954237235983636,-0.56335707177976646,0.95356000321549628,0.25315790061086618,0.1632004829219591,0.017028606788015418,-0.58627264519256972,0.8099348196304228,-12.987755143291508,13.656513788302053,-6.6012909200401859,,0.5165225284548249,0.4888888888888889,False,1
0.25784694885171339,-0.89247989495078694,-0.37012779965370668,0.96618229684193302,0.23920396429414131,0.09629762580258229,0.0025923420123354912,-0.38244097658932896,0.92397628713527669,-27.90515255333564,14.521337703148268,-10.780207150552759,,0.1226555145367499,0.2307692307692308,False,1
-0.88033158441852111,-0.36898844300115419,-0.2981003696857118,0.3995732565746245,-0.91550681148686996,-0.046781307714643117,-0.2556511570588394,-0.16029599824302165,0.95338747571055682,3.1937894920605148,-5.407609119453725,0.36429006625000732,0.795556332118134,0.3974899288708391,0.1702127659574468,True,3
0.44005257889126798,0.87080359524264472,-0.21921411068548641,-0.88115319237305989,0.46577256737378248,0.081393900587210799,0.17298202040070509,0.15734361758431598,0.97227578732763398,-20.808806129978517,1.2297323817188466,-7.3050524900328222,,0.2515044793668438,0.2727272727272727,False,2
0.35212041675376321,-0.86720964058986827,-0.35207762123308561,0.93550486015302725,0.33776207430165428,0.10366984997340936,0.029014974327433246,-0.36587459659210514,0.93021175591009531,-7.0082524751078212,-7.2666238986004688,-2.2671426227627873,,0.07130538491146263,0.3035714285714285,False,5
-0.95117165808020776,0.027118945555182926,-0.30746876208311463,0.044554356555507241,-0.97363759059487709,-0.22370684274855648,-0.30542983838661303,-0.22648268139656427,0.9248882142456728,-9.8693571126341126,13.401933302392701,-5.709173782546296,,0.5286842806908889,0.3617021276595745,False,2
-0.88575446812153313,0.41580302005096348,-0.20626892814778844,-0.39402757487363366,-0.90847863901070758,-0.13931558671037075,-0.24531875680824433,-0.042123757877827059,0.96852686931251786,3.7821175554626327,17.825179465608429,-2.0540506911565699,,0.2990966757084285,0.3125,False,1
0.59926149885167324,-0.6746914459490202,-0.43090266738240007,0.79360295673550152,0.57143478382504698,0.20894170214558022,0.10526159344564689,-0.46717634850026712,0.87787599144027251,-6.2837456476167022,-4.565035398398062,-2.4591060264455216,0.2836019716768484,0.3122592722421573,0.1818181818181818,True,4
-0.37703047481376573,-0.81642650386817117,-0.43737373588648698,0.90826695108663291,-0.41838649213353946,-0.0019719949252155339,-0.18138127418644887,-0.39799561176197373,0.89927766923943653,-7.776006188050224,-0.28360735341453303,-3.4579423649096381,0.371197567613219,0.3903795363412214,0.7273617229564366,True,4
-0.74960633621192463,0.65718850161351694,-0.07869951752022028,-0.63603809085568708,-0.74812737936660101,-0.18910571441052443,-0.18315536489982445,-0.091698950861187206,0.9787979437653973,-9.6122319365008213,4.8816196685567954,-4.6437656715508657,0.6920464006718872,0.3928249201871696,0.2388059701492537,True,1
0.59794406439695247,0.78826507516769195,-0.14526206360687,-0.76284167930015423,0.61528348438154501,0.19874306571507344,0.24603956627943846,-0.0080252799439111677,0.96922656108200411,1.5634561396254631,-3.1633169935923027,-0.39561943294525542,,0.2512040281270272,0.3,False,5
-0.92562802987705362,-0.19945013309729842,-0.3216090712548284,0.22418303512730711,-0.97366764896806723,-0.04139173968443545,-0.30488476030630313,-0.11041265217566963,0.94596740386363298,-15.657862500045283,10.758528406623356,-7.0234353071278131,,0.606970896060949,0.5,False,4
-0.53041746166831916,-0.75185719687032426,-0.39162235874836765,0.8154069079945756,-0.57884703678390859,0.0069052444717162403,-0.23188119965202628,-0.31566891440366185,0.92010012809864905,-2.6348821643880229,21.076637119528961,-4.1322089354959513,,0.2033351139142655,0.2105263157894737,False,1
-0.88780010403468046,0.41535712344055775,-0.19821562825164835,-0.38872103370665978,-0.9073202194040374,-0.16020604674804045,-0.24638777004964424,-0.065180361059099398,0.96697703556091175,-12.112152987203146,-23.7346009753301,-2.0230373018434067,,0.3784451994532149,0.2916666666666667,False,1
-0.81052501173001279,0.51757257354027741,-0.27416753359753648,-0.54775893431668798,-0.83558470342668012,0.041932723207456404,-0.2073869697842865,0.18416523699721629,0.96076730286029721,2.9822749254382335,7.3624936285137155,-1.398398371064739,,0.1003387605101389,0.2957746478873239,True,5
-0.63306730407748457,0.72534069778069687,-0.27038243406530238,-0.75899603650565006,-0.65027697564977316,0.032632369029821064,-0.15215388617048137,0.22587768168368508,0.96219980661005333,-5.8176900574219399,9.4461803248303511,-4.2105264705415211,0.379747474450461,0.3701862478521987,0.4264705882352941,True,5
-0.083546279934652523,0.96471369492460823,-0.24969482560515899,-0.99428605540950632,-0.063992799033255138,0.085440983667639733,0.066447416257407202,0.2554063595465067,0.96454773462795285,-12.067306014924908,-12.181242064249766,-3.2603523707176616,,0.1092814700290931,0.3333333333333333,False,2
0.047249065300851933,-0.93166772483693294,-0.36022600728621634,0.99672248316960599,0.020267362381230114,0.078316828117094298,-0.065664430039484994,-0.36274575741045023,0.92957178211707181,-11.016455414070771,-5.7106122614487056,-3.5517194865563733,,0.06987292583000679,0.265625,False,2
-0.95385755099349867,0.038886142291089457,-0.29773081861037065,-0.052219096427700284,-0.99795159320742644,0.036956509345898433,-0.295683848698164,0.05079847982446014,0.95393426192089603,12.768453971075663,7.6897290767357696,1.5765488761057389,,0.101014430578812,0.2307692307692308,False,4
-0.81222643710343134,-0.4117091822905351,-0.41325992315723648,0.48691914143477782,-0.86862756638670213,-0.091629147205104927,-0.32124440006743277,-0.27564778274235191,0.90599135497781702,7.5589171842494958,10.49139540127706,-0.44240368072008701,,0.1728656564994356,0.1538461538461539,False,5
-0.88814681039401611,0.3731808869899364,-0.26820005363970295,-0.3864892753893035,-0.92228751014413257,-0.003433459070295769,-0.24863886099318111,0.10060702866867953,0.96335712100262827,1.0935316226139649,10.630760890229608,-2.358153245228586,0.3563611408030194,0.2545496019336708,0.6585365853658537,True,5
-0.23125369388019673,0.94574783814943497,-0.22821646676441629,-0.97287327925422495,-0.22328485353325886,0.060509971870443741,0.0062698947275848099,0.23601885691253732,0.97172824781509981,4.863610109830681,-4.1186867561688967,0.6262268994066571,,0.07312610859943688,0.303030303030303,False,1
0.6844697662397633,0.69509079155318365,-0.21988617646785585,-0.67663482607368108,0.71797056523722114,0.16335109303945741,0.27141564296835186,0.036973760302607073,0.96175178180295684,-3.4724471927336364,-18.203010105476036,0.031163474993872935,,0.7596779583716895,0.7946428571428571,True,5
0.14876477742690067,0.98886945201501153,-0.0024995736947318048,-0.98083465197221209,0.14787671717545803,0.12686946838368673,0.12582697043032715,-0.016422039731417371,0.99191627173032382,-26.413935046681893,12.215933283563947,-10.10985513478516,,0.1486856900257417,0.2105263157894737,False,1
-0.2652757611610802,-0.88513431296410694,-0.38231664697468748,0.95238305243227195,-0.30237102509313785,0.039220971735965421,-0.15031730432720591,-0.35370752211068868,0.92319862262793628,-2.6107895133214551,-11.733935615436799,-0.47838145751938643,,0.1296967274789311,0.25,False,4
-0.39738669297324131,-0.85289332145510832,-0.33861009799630337,0.89633696105110583,-0.43983204476228899,0.055926958203483208,-0.19663130091992279,-0.28128411725068853,0.9392632095855995,-4.52946920273153,17.802413427825233,-4.4993348308827672,0.1326857029853939,0.1248576301786714,0.4444444444444444,True,4
0.94128315830436915,-0.14908025843894718,-0.30292093429858852,0.19725607178820956,0.97100217093540653,0.13507341034198289,0.27400010590369805,-0.18689531985179741,0.94339497633931557,-14.983603383962887,-9.9975785174192158,-4.2305574805680717,,0.0916546046263231,0.2580645161290323,False,2
-0.88831534381699928,0.41928750968639783,-0.18733348382034193,-0.40161655963051673,-0.90711627370015835,-0.1258737662060227,-0.22271054974974835,-0.036579368629318848,0.97419811169024861,-7.7884465027863889,13.110767862445929,-5.0704590487996279,,0.2823530073007512,0.2727272727272727,False,3
-0.74079263915566307,-0.58528146124447,-0.32965417773225092,0.61007241208075691,-0.79159480468539234,0.034486478699098773,-0.28113683108186943,-0.17556558979092177,0.94347167731236692,-16.220201823117026,-13.264545084691774,-4.3133125803894536,0.2531657531639833,0.2546617797753494,0.7843137254901961,True,2
0.59330467298100487,0.77364849765820187,-0.22239057329417206,-0.76597000288994666,0.62754012308905038,0.13958276607860773,0.24754700501456023,0.087529400686781306,0.96491402949886407,-8.5377875695739522,15.725356852492638,-5.5502460850389364,0.207516578623393,0.218236860271583,0.4285714285714285,True,5
-0.072063089138758293,0.99287269907656173,-0.094924783972374693,-0.99571637491455345,-0.066087246703139466,0.064663564317305272,0.057929370019009191,0.099178017985947858,0.99338205582624617,-16.593919709749365,15.09152655488637,-7.7199839051307748,,0.1333189312494162,0.2857142857142857,False,1
-0.64463300438261673,0.74072332877931668,-0.18914872419006107,-0.75172801029549163,-0.65918539468965087,-0.019483684585539493,-0.13911609611335654,0.12962856795450586,0.98175513554666027,6.9990383778178531,13.869083370640706,-0.81893835019053585,0.5548988810800328,0.3370478548424415,0.2647058823529412,True,5
-0.87585637581122455,0.41505829025994329,-0.24617519094604268,-0.42776808732512028,-0.90388622297418564,-0.0020394567095684685,-0.22336085694909991,0.10351961941561827,0.96922320235279669,-10.643719654063991,16.667502746408999,-6.1549224834131131,,0.1482792120603307,0.4444444444444444,False,5
-0.015356380495052196,-0.90653954778886148,-0.4218414748135354,0.99614167834701517,-0.050328813786444257,0.071894138584742098,-0.086405660914571233,-0.41910984096966375,0.90381469503670941,11.990601053056668,-4.631313367941333,2.9706766865546723,0.4213658941323324,0.4036144145919623,0.293103448275862,True,5
-0.95459841526983114,0.060187850475886491,-0.29175210062554696,-0.033662402503016955,-0.99489805120346442,-0.095103682206702178,-0.29598768255123692,-0.080964747678485632,0.95175417068238133,2.6226370703417796,-6.8591864636494746,0.38191140744302021,,0.7788461909636171,0.64,False,1
-0.6347947676279494,-0.70384212288007864,-0.31881321969429255,0.72957185424245119,-0.68187078997486672,0.052698532012591837,-0.25448086861178443,-0.19914439946610374,0.94635141235794418,-4.1068434640192466,-6.7055869729822781,-1.5589012407433713,0.1529606026082206,0.1090843206059882,0.4796747967479675,True,2
0.63851698900452192,-0.65910112046147862,-0.39734338771272237,0.75261122274475101,0.64266283439418748,0.14339047627747181,0.16084900419725984,-0.39060234804062921,0.90639803814543718,-0.6245270315923106,-14.367662198452619,0.37714795337727747,,0.264741326893889,0.5555555555555556,False,5
0.77098108189958148,-0.49689750376010766,-0.39834789080642002,0.60717060585041471,0.762249855320841,0.22431899931703581,0.19217707132795545,-0.41481083498424887,0.8893817765366453,10.145632099543962,-0.41757527419265461,1.932024244148727,,0.4035965956673506,0.2361111111111111,False,1
0.63189738034095078,0.76119934356019547,-0.14588097916373621,-0.73221552325367889,0.64801071963347301,0.20962474745709048,0.25409865844703755,-0.025645011281634794,0.96683825181453176,-27.506365326172016,7.9971142931084582,-9.8540712148059892,,0.1372065233455648,0.6,False,5
-0.29652445149492701,0.94923280237137664,-0.10502540915328945,-0.9548977248308993,-0.29648377301963719,0.016361767899981984,-0.01560720277324848,0.10514018850193982,0.99433493149108043,-22.756822885056049,2.7701966461085115,-7.9490398888823783,,0.3098734713030341,0.1904761904761905,False,1
0.41083331461196754,-0.82795083136683334,-0.38172425708083363,0.90950552068633606,0.40128894633003798,0.10847529393555642,0.063369515115878669,-0.39174558375596036,0.91788871992288956,-10.163072527671321,18.686740971894395,-6.2476374352225275,,0.132531149515049,0.5625,False,4
0.5030533184090431,-0.76913095738199599,-0.39417626670603362,0.86209413447125305,0.47879975911807782,0.16596533969095506,0.061082420940179516,-0.42330646234746633,0.9039250946770766,-11.720626185571302,-8.0664768629706973,-3.4932900726436031,,0.141092608480145,0.3888888888888889,False,3
0.67155354335712536,0.71312787506865893,-0.20115782909086555,-0.69045324573570011,0.70079120626102409,0.17934882402808416,0.26886828347264691,0.018447737727941838,0.96300027368386276,4.0284404975006023,15.896399274190195,-1.8190874725422881,0.8972284995506788,0.7921184241759442,0.5142857142857142,True,5
-0.79191029719371087,0.54395424831909356,-0.27747406533616475,-0.57331878737683284,-0.81873757101358824,0.031214705693433036,-0.21019907050062409,0.18380034152955077,0.96022590321980705,0.45976946787780842,2.0701645622264033,-1.5002913150931387,0.4861058321642094,0.49497963737697,0.6181649675625579,True,5
0.43165330180062983,-0.812253534720211,-0.39232591346881007,0.89963737342348182,0.41937337764504745,0.12156712739175166,0.065787714539361039,-0.40542590624811592,0.91175753967739714,-16.32801872319612,13.30380234361161,-7.4890086443804575,0.2088503703060725,0.1620753917942613,0.5588235294117647,True,4
-0.73363812647743509,-0.59968707200701676,-0.31960994203298798,0.61934231977616261,-0.78361231761339467,0.048650042331385826,-0.27962508884747861,-0.16225643701318979,0.94629945489513212,-30.388384867180754,8.0787135533455938,-10.637371524040672,,0.179485777584506,0.3333333333333333,False,1
0.21254649860536093,-0.92159214046567905,-0.32479518555928577,0.97707039719073852,0.19617702613289517,0.082752724131523278,-0.012546906556433909,-0.3349365627242612,0.94215713874402207,1.8544460336177047,1.8341628989676344,-0.96574573450330836,,0.06944636614745796,0.3069306930693069,False,3
-0.34937249664083414,0.89547949012262307,-0.27578132888336859,-0.93640094402157148,-0.34406999733207877,0.069058735663293042,-0.033047399692859081,0.28236911960345396,0.95873643388989349,-12.322611106128956,-13.385368105641918,-3.1204289896968502,,0.07797707542818476,0.1666666666666667,False,4
-0.65216562817919266,0.71302419388650606,-0.25744221167892833,-0.73665316113568025,-0.67623645953158129,-0.0068096247328627846,-0.17894723694555742,0.18520461585147141,0.96626970182080107,-20.027765106297583,3.2776531418596555,-7.2954420217965037,0.4732284046840401,0.1834824224838445,0.1587301587301587,True,3
-0.50898057098442062,0.81858484745592341,-0.26619095753976568,-0.85660941563504067,-0.51208518932384339,0.063159068395276033,-0.084611390520240651,0.260168419280142,0.96184889988163169,-4.2854513723200549,-8.153745249349905,-1.419648237743045,,0.1470032969075041,0.352112676056338,True,5
-0.45068424827513065,0.86706055822243333,-0.21234334633249702,-0.89049289583302282,-0.45332788843457056,0.038938772943830607,-0.062498886610867166,0.20663933299944587,0.97641900597537856,-4.7802006307781291,-10.190127392297814,-1.2029903361453043,,0.07534113403909459,0.4,False,5
-0.89301845318788653,-0.21768581264232831,-0.39386663890226142,0.25966130914959934,-0.96408071221128644,-0.055896197302639533,-0.36755142061571655,-0.15218826274200165,0.91746644946119993,-35.531354699344341,6.3666637366319332,-12.02349362513992,,0.2238658481400347,0.6,False,2
0.92116341766057397,-0.18744410398138309,-0.34106108814478914,0.28480285032428765,0.92193584566617748,0.262529299170496,0.26522687347071872,-0.33896755649826849,0.90263818954802733,-8.3746718122464632,-9.367213969206805,-2.3355893872189952,,0.2173910845294858,0.2244897959183673,False,1
-0.56188418728188416,-0.71034870564976971,-0.42389960658659787,0.79356193476589498,-0.60755149630876482,-0.033773288610820656,-0.2335500284161518,-0.35536726877228997,0.90507927194922366,-6.4015433737402896,-9.2166316918398365,-1.7504329377634822,,0.1432280084992322,0.3611111111111111,False,5
0.86631620711155655,-0.35589028107489157,-0.35048300548283573,0.44184716085338877,0.87325440992473358,0.20542108458677175,0.23295346260926544,-0.33281953575990797,0.91376355851769075,-11.919145455216642,11.038394009895063,-6.0832794817395541,,0.5821862510060587,0.3552631578947368,False,2
0.12211880943158551,0.96607579832046453,-0.22756218552846152,-0.98549212320592017,0.14525231935097913,0.087789742124291886,0.1178654804516598,0.21353996258929842,0.96979812997100656,-26.804546287316921,5.4487297013919189,-9.3164907729936299,,0.1453270971813488,0.2777777777777778,False,1
0.62258871295185347,0.75056334295850624,-0.22144516863527708,-0.74068411758062236,0.6565120947002413,0.14275471087188818,0.25252788453707326,0.075143447613569392,0.96466736744433168,5.5494836044637701,21.742573268839397,-1.7666050385096237,0.2816852591035371,0.2216329743708177,0.3333333333333333,True,5
-0.30434201009308059,-0.77266267965148205,-0.5571071031375342,0.93686216656370769,-0.34854405195097615,-0.028395857288549597,-0.17223594791465469,-0.53057461993897437,0.82995502945795441,-14.585549388460871,-3.1561236810644973,-4.9860758052217795,,0.5317299123536045,0.2368421052631579,False,2
-0.22529810641013737,-0.87537584730533458,-0.42773577030974974,0.96293271913698675,-0.26690330223057157,0.039028267625739105,-0.14832849241955007,-0.40308777358397341,0.90306085349972942,-31.797522745790094,12.857015876540434,-11.704969048457876,,0.1888284521106885,0.2777777777777778,False,1
-0.34181581864895205,0.93787078471007401,-0.059668562146725862,-0.93899990408646761,-0.34341251385536942,-0.018628619195781265,-0.037962168628154908,0.049661217412047237,0.99804440644602677,5.1968550046739814,16.711398559976136,-1.5348819774345377,,0.5066604437822759,0.3181818181818182,False,3
0.95284287103712406,0.033159596009640899,-0.30164698623756792,0.020995222411993836,0.98442688114702503,0.17453628938135352,0.30273695471415601,-0.17263880464026068,0.93730794266493889,-10.745482410376177,-1.9030317778892187,-4.1392796267052994,0.6510900916341933,0.3663755643658905,0.9361702127659575,True,2
0.69210476367004348,-0.62614307822530413,-0.35907637306814444,0.70340740909619126,0.69666814917851061,0.14096633196891775,0.16189197921396842,-0.35014045112030179,0.92260102512161501,-18.068701080609525,7.9642912567517961,-7.358686851219213,0.4252940717366274,0.3789537884428421,0.9145569620253164,True,5
0.94498103981388604,0.17479474758859953,-0.27650972967999171,-0.098097648490897679,0.95779028772948305,0.27021216865942294,0.31207000136639301,-0.22822042184368591,0.92224061572925065,-28.922670774341899,8.6756025191762483,-10.329198490231544,,0.1740637493739667,0.1052631578947368,False,3
-0.27767986460991989,0.94433406418906618,-0.17642864847404613,-0.96062728067727876,-0.27474847550356984,0.041334039568402377,-0.0094403606284183122,0.18095980332832542,0.98344518361247768,-30.848983877068711,6.494112596448228,-10.580309251883257,,0.1342303302142315,0.4,False,2
-0.83526979921426947,0.46942846257962045,-0.28628880704751053,-0.5041766616127783,-0.86164130205502421,0.058139147550646315,-0.21938608981780694,0.19290200909543592,0.95637783249163433,-1.0939744233160571,10.366641240749246,-2.9221032514339189,,0.08206804158914532,0.4634146341463415,False,5
-0.063194390106352499,0.994535248153535,-0.083103003792112939,-0.99637039536709282,-0.05811358458028882,0.062200052437698279,0.057030731146540156,0.086732067122923917,0.99459793094369275,9.512424922190716,9.3679414037238171,0.30341983008603784,,0.2706503000750891,0.2222222222222222,False,4
-0.32340019206310439,-0.8399340232339354,-0.43580173518195547,0.92798357464376136,-0.37160062790343162,0.027558275221123057,-0.18509133141488548,-0.39550450055066549,0.89962069178028292,11.545514671294082,20.367814386004401,0.16655710146103847,,0.3360153363984948,0.3333333333333333,False,4
-0.30135771845318926,0.91341356293927511,-0.27360407264378733,-0.95336221890785566,-0.29371123227261231,0.06952835102311021,-0.016852450497700358,0.28179669103004429,0.95932612798606698,-6.6514257987667955,-3.4432436542854012,-2.7023156994475999,0.1496680891103611,0.1040157240116509,0.4769230769230769,True,3
0.91824502407227282,0.26296183760750874,-0.29610327206667925,-0.23554674007298512,0.9637366581156791,0.12541685311397732,0.31834542404046146,-0.045417240846462315,0.94688619444281352,-13.980041438857384,-10.419417639865395,-3.9077774840978816,0.7864235554988116,0.7198452524612335,0.8545994065281899,True,4
0.72573288674736236,-0.60502710395000936,-0.32749653521710143,0.66571734326902487,0.73769017122917879,0.11239942234147822,0.1735862781563475,-0.2995920805991561,0.93814305373865958,-1.099167434423248,-11.677958234200432,0.033621842677618363,,0.07610346252482628,0.24,False,5
-0.64217951967438236,-0.64298117549285327,-0.41734958065464473,0.72957768100873277,-0.67972916947836171,-0.075396707714434671,-0.23520602008600583,-0.35290716076906825,0.9056128665126264,-9.461848693426079,25.373238595513577,-6.5001270149520627,,0.1864888034515284,0.4545454545454545,False,3
0.74609622209981508,-0.58938706647317884,-0.30977945903904414,0.6406997433932593,0.7621282249438377,0.09308279948393218,0.18122987111454306,-0.26792434495225481,0.94624113163490742,-7.7230132606513697,19.255304588858333,-5.5638125639380993,0.2349143794868858,0.1821590913314591,0.6052631578947368,True,5
-0.74666430411685636,-0.50393035627003957,-0.43421954468591317,0.55356588628388104,-0.83267960795085072,0.014473425494999262,-0.36885935869980579,-0.2295623369204299,0.90069079431689503,-6.2537056998597729,25.078943463402794,-5.5368053758372353,,0.4870610094471552,0.7777777777777778,False,2
-0.55076284475952197,-0.66381530728461025,-0.50597383988407607,0.80886716867295638,-0.57403154186989247,-0.12736440782835876,-0.20589849993478204,-0.4794132108662752,0.853093653107028,0.90159304504944826,6.7153586284571745,-1.911274761077518,,0.4110781192012677,0.2129032258064516,False,5
0.84042479629799671,-0.35281666710795495,-0.41134725133189476,0.45811776046647634,0.8680255111777273,0.19146756772316659,0.28950695900556667,-0.34935957315562349,0.89114174480374864,-28.057869070016945,9.137721764218556,-10.188878659221682,,0.3226502566114224,0.34,False,3
0.14091800448883327,-0.91593197888425038,-0.37578015656506669,0.9899317999157452,0.12525762959362527,0.065920844534633899,-0.013309677924666634,-0.38128616062711601,0.92436124766661165,-3.8190426422272341,-13.242882322375246,-0.63312966336567722,,0.1480536747374138,0.2045454545454546,False,5
-0.16808348399080111,0.96368048744496437,-0.20752797528851419,-0.98557196101515376,-0.16003404565749527,0.055109108967929012,0.019896031520341875,0.21379668460556342,0.97667554775442755,-22.213309363450509,15.305536076558306,-9.3397389170293152,,0.1367982226530265,0.3125,False,2
-0.36713434742443324,0.89275924243443305,-0.26113848048331384,-0.92919345864063219,-0.36484746265352797,0.059041048557288082,-0.042566270222995722,0.26432416469778358,0.96349408332180386,-4.903850196685644,-3.6176531506405785,-2.133623670697625,0.6150743310189914,0.3539578650512396,0.3879781420765027,True,3
0.013796269710376983,-0.87382845666616504,-0.48603856972724568,0.99699212793458725,-0.025053219071413182,0.073341891512447022,-0.076265062633831898,-0.48558847240702463,0.87085445149397378,-18.097708214199791,14.669596292709382,-8.1008393409410893,,0.2222385098282353,0.2857142857142857,False,1
-0.90372974884292123,0.35272034053974044,-0.24261265924481443,-0.34256110004145868,-0.93570334366298835,-0.084327607557015724,-0.256757538924754,0.006900291836860889,0.96645121562232517,-16.231653372918995,-4.8358446790064509,-5.2068667513718632,,0.08467235467615974,0.4074074074074074,False,2
0.94998654625357482,0.11915526908633185,-0.28866517591522506,-0.0335938371913534,0.95797520272194947,0.28487710520959741,0.31047868854393984,-0.2609320463622723,0.91406643694057144,-8.7936902661651626,-20.005262701807709,-1.392722304860702,,0.2598718146916139,0.35,False,4
-0.70031831845964077,-0.54006907220500133,-0.46677580279775571,0.65851415591359774,-0.74117963840784218,-0.13042948313560576,-0.27552379078994638,-0.39872063008734365,0.87470480726442112,12.08742847850508,1.2394522890961661,2.3315588224309871,,0.2329280093545769,0.2,False,2
0.80617109603980219,0.55630938683669107,-0.20151434198927151,-0.51359942735874387,0.82704664880947087,0.22849391438240674,0.29377507063526465,-0.080707538745825702,0.9524612858603948,-2.6393962095831092,-7.5204030595798184,-1.1100136112620753,,0.3795694072683272,0.3478260869565217,False,1
0.95401236005517809,0.025773797571473661,-0.29865720855303973,0.037993872081508659,0.97786590145788166,0.20575408732323802,0.29734976466478513,-0.20763908621622615,0.93191691009933253,-11.122093804865512,-4.1449186539909295,-3.8733588602410052,,0.08038373009740006,0.3291139240506329,False,3
-0.010701502479237294,-0.93552227425509404,-0.3531055822516323,0.99665401745447524,-0.038595402989555758,0.072049735321714964,-0.081032384492511808,-0.35115305671551705,0.93280506185526635,-10.925921574823137,-9.118528526535215,-3.1769275461518753,,0.09965366811800805,0.5333333333333333,False,5
-0.83859003262802756,-0.44347172508230043,-0.31638518648864378,0.45437589024111052,-0.88977892587777563,0.042848727301896435,-0.30051507041165793,-0.10782528514371033,0.94766259836460531,-14.417514061633453,-6.6615994143868882,-4.4289806260329154,,0.1040117221507376,0.2105263157894737,False,2
-0.86845491772782879,0.39066646413488382,-0.30523068272160725,-0.38638095877366119,-0.91911658377452599,-0.077035447216145164,-0.31063774814323075,0.05103351086288993,0.94915740011734129,-12.463924794916705,-3.5308563280040253,-4.3767808690036345,0.6581581308192181,0.5387029364237854,0.4838709677419355,True,2
0.87186229178412866,0.40854886009462621,-0.27008141935406932,-0.38342732495801451,0.91250069086143726,0.14256919601702536,0.30469596426678874,-0.020744109833429863,0.95222374012978195,3.3207065977485692,5.9966639015512211,-1.0899498723144396,,0.08103752489293364,0.34375,False,4
0.8635065672177662,0.42294791804996296,-0.27472070724463193,-0.4069367124768592,0.9060779198678508,0.11586766229830611,0.29792435350322566,0.011741454132690454,0.95451726953708615,5.8546734881268305,8.8534605304960312,-0.79263401381752063,0.2318815253605824,0.148301233352889,0.2857142857142857,True,5
0.58687079508191098,-0.68780478638232201,-0.42720866764321991,0.80086878503711556,0.57073795732054267,0.18129361055136481,0.11912958924256048,-0.44853401198029996,0.88579082240885521,3.0571223254409867,-2.5400410574171781,-0.078011704034207985,0.7504818896299962,0.6061712561550474,0.8657635467980296,True,5
-0.16882351591457678,0.97675891929717273,-0.13206299272567093,-0.98561868692945442,-0.16629373161603667,0.030036624322189259,0.0073772928435434509,0.13523464200652707,0.99078613593028608,1.7094768486894285,-5.0577647446250653,-0.034142644552485571,0.5912609512379065,0.6552069880650764,0.7377049180327869,True,2
-0.25374616993605859,0.95801960956001508,-0.13345901596091833,-0.96726565049515489,-0.25176996437372717,0.031765490889278991,-0.0031690085146037772,0.13715069353717405,0.99054512499295355,-27.509719954362076,6.4605854043125674,-9.569646954605437,,0.1162672835652322,0.3846153846153846,False,3
0.67083876329121217,0.72396751686185323,-0.16076811933589388,-0.70735700497438003,0.68976066543830539,0.15451955192719802,0.2227586612897306,0.010062750269647786,0.97482168619569531,-2.337090796002244,-4.1475329086125869,-1.4026099598778379,,0.1936790863945359,0.2313432835820896,False,2
0.29421101438266861,0.93732353188320638,-0.18672031382234003,-0.94235950576515348,0.31707915349789101,0.10686146317132514,0.15936888312960173,0.1445178431718829,0.97658391963771873,-27.85326351739317,10.157128025107649,-10.30804788240704,,0.1509944164952661,0.2272727272727273,False,5
-0.73474243095899261,0.66881557085674881,-0.11331060112819002,-0.65496897795645426,-0.74292855162463067,-0.13810432685331336,-0.17654800498206807,-0.027256180225596699,0.98391458093493145,-2.7376637881171875,26.130704130061456,-4.4740803017226858,,0.3005037177061689,0.2666666666666667,False,2
-0.03371798304634295,-0.89569028839720111,-0.44339824637703057,0.9947863363853382,-0.072801373386421953,0.071415019247271588,-0.096245740478859212,-0.43867854666485573,0.89347517600417226,-3.4608229901276895,9.0736377959953138,-3.4203744670761789,,0.1188018474859539,0.4137931034482759,False,5
0.67293892902075636,0.72515607300397256,-0.14595159332413701,-0.69008078953555085,0.68650540786653258,0.22912622914890407,0.26634883465558462,-0.053469568498935777,0.96239248933174293,-21.281998436001661,14.170506088415692,-8.958912859871349,,0.3935491333036045,0.4117647058823529,False,1
0.28790312726959411,-0.8843504035664298,-0.3674726561531898,0.95739043854181138,0.27488530878220563,0.08855289495228158,0.022701046167660971,-0.37730946281216421,0.92580896073395724,-3.0093253569225737,-14.723572098768908,-0.2273377207869369,,0.1516483406634277,0.375,True,5
0.87021654294464468,0.40946286056265013,-0.27397688626109223,-0.38796022171019612,0.91229289306280248,0.13118133875547316,0.30366105241872415,-0.0078640375733156631,0.95274766972005687,-12.830269599145112,-4.56630522234002,-4.2703990321175063,,0.06606772316702769,0.2285714285714286,False,1
0.95481689508267309,0.05418701429523385,-0.29221304616059002,0.057007051833285804,0.93158615782978427,0.35902287751787754,0.29167600673685867,-0.35945931344410587,0.88640516078841258,-24.347940609968948,9.3789354905625277,-9.1780269702834065,,0.1235856888437003,0.2121212121212121,False,5
-0.452950994008672,0.85629999446657701,-0.24816469632704966,-0.88894656691679685,-0.45498359722800152,0.052573067442456628,-0.067892548879809014,0.24441817798602583,0.96729021295399997,-4.4850496677804408,12.566584617866093,-4.0875762682426906,,0.0860907667004601,0.2894736842105263,False,5
-0.78726270577351587,-0.52279243257514119,-0.32696407224698265,0.54164906129233481,-0.83972359256396434,0.038478337965706211,-0.29467562929311947,-0.1468072223483475,0.94425309793882495,-9.2832073987130066,19.26871307463546,-6.0192947670439603,,0.2016680498616242,0.1428571428571428,False,2
0.11657140249129584,-0.86092023057529254,-0.49520446757616932,0.99098428132127836,0.067670205543387846,0.11563259685687616,-0.066039853841158278,-0.50421929739737315,0.8610468267386725,-10.409588468229257,-7.2800723325166503,-3.178622626487106,,0.7566577806313542,0.5444839857651246,False,3
-0.92609209447751861,-0.21934686085170035,-0.30698597228659752,0.21663893441468857,-0.97529010269601069,0.043321907608891097,-0.30890290487774807,-0.026385037762146124,0.95072752413106187,0.76262047706196956,9.033028501916732,-2.2837897397552283,0.1549391138913502,0.1097326966802452,0.4487179487179487,True,5
0.62808615728044492,0.76137055277956356,-0.16069430728195622,-0.7360662364551952,0.64830458356675613,0.19469890209505875,0.25241686667766572,-0.0040060312628028838,0.96761029197200699,6.303686880751477,-6.5346717397907996,1.5096737653766052,,0.3233035654383326,0.4097222222222222,False,3
-0.33389467709593434,-0.86079557938323814,-0.38411627812587712,0.92304391173529321,-0.38118274756214343,0.051861835383861687,-0.19106093691649564,-0.33723980114341451,0.92182700921015548,-7.5012053497954438,10.222229071208039,-4.7270508515792242,,0.1055786090683425,0.3620689655172414,False,5
-0.93456934059102637,0.26891497223500049,-0.23294824604427644,-0.21695123825674059,-0.94968046596487976,-0.22591850916557846,-0.28197926846866395,-0.16059810170914057,0.94588368306113579,-13.110645469587181,18.101124210023254,-6.9749389028349089,,0.2537730013393014,0.2142857142857143,False,2
-0.0109483318585833,-0.91745065967814077,-0.39769890757413262,0.99694623336945876,-0.040768742465610665,0.066604184614944412,-0.077319737454049936,-0.39575522320484524,0.91509532919041814,11.267191508694061,17.093362575889614,0.30136726561282373,,0.4075581333091131,0.7142857142857143,False,5
-0.96201675667082021,0.027407911656271308,-0.27161105696049309,-0.0019096659906846195,-0.99559857937984819,-0.093700703906803684,-0.2729837230685343,-0.089622960872024801,0.95783485623784403,-11.911745010845516,-6.5830905911305599,-3.7245293362695864,,0.1958716758128466,0.2258064516129032,False,2
0.45948519318206132,0.84814748289841546,-0.2636649474229098,-0.86215669908040304,0.49725389776485773,0.097079284033410512,0.21344597320452569,0.18271400715527611,0.95971683746406899,-10.369996086645827,-12.929041618885714,-2.678997333486409,,0.0743481824623045,0.1111111111111111,False,2
0.79165724304226648,0.57549203380022096,-0.20515293946517854,-0.54771351358239362,0.81727894084561825,0.17906713793852269,0.2707188884764915,-0.029394759443651081,0.96220955697774213,9.1516953163472099,-4.4421398734306186,2.0075250278747903,0.4303851504781986,0.2343665858047498,0.4,True,3
-0.94315368146613265,0.18435392476043655,-0.27654070868916425,-0.13631577141767262,-0.97342490045607444,-0.18401623198752837,-0.30311572641432954,-0.1358587266152099,0.94321962596354414,-13.221609787860659,-15.545560819383102,-3.2157288882689476,,0.7068714163714767,0.3260869565217391,False,2
-0.86250917744235611,0.44382383334368714,-0.24310146808241917,-0.43336470243708558,-0.89587240566053061,-0.098018709732541398,-0.26129093652350188,0.020809558672180789,0.96503575517104168,6.8933841654472987,5.95136185604684,-0.042892956022890366,,0.3101730756551492,0.1052631578947368,False,4
-0.59319174019389087,0.79266479910677889,-0.14073405992421528,-0.79023780883267392,-0.60669513377351447,-0.086285689119756537,-0.15377829774411333,0.060029417059860646,0.9862802361552091,5.1915100032944306,5.6687863595983128,-0.55130729153962144,,0.3534284417318243,0.2173913043478261,False,2
-0.95460177180281724,0.059883959413037702,-0.2918036474685336,-0.0070012009907820579,-0.98382471904341495,-0.17899694238682645,-0.29780268711952418,-0.16882782236398081,0.93958007957822687,-14.594504666337562,13.714457807020096,-7.0770828742099514,,0.2745972619228734,0.2941176470588235,False,2
0.29016823727230862,-0.87218371632144709,-0.39382478218363998,0.95688004452305342,0.27024869733118023,0.10651864618159748,0.013526805677669451,-0.40775140290930995,0.91299278143567419,-11.669180456857264,14.113215957738243,-6.2739999319446129,0.2471924272822736,0.2158325151659991,0.52,True,5
-0.29970184922187271,-0.88585381115429429,-0.35417767693122831,0.93882033156611755,-0.33987853004364299,0.055668391870591541,-0.16969144530905239,-0.31582528410306876,0.93351979267187513,-27.795027075633584,11.66004675029362,-10.4345962796791,,0.4480039857428839,0.5211267605633803,False,2
0.23131601540808411,-0.88804486881130218,-0.39732758775806531,0.9728585963193197,0.2085178432266169,0.10033175281894535,-0.0062492066159621495,-0.40975190058624023,0.9121756011770068,-14.732425614837874,-5.5208773845681742,-4.6636283579147175,,0.1812221408812476,0.1111111111111111,False,1
