axis_00,axis_01,axis_02,axis_10,axis_11,axis_12,axis_20,axis_21,axis_22,location_x,location_y,location_z,dbh,dbh_approximation,score,reconstructed,number_clusters
0.81939192593012022,-0.51844818297050166,-0.24455746419832203,0.5566232483922634,0.82156396749363703,0.12330128411885438,0.13699427385760693,-0.2371584468044497,0.96176319332750915,-1.6522195964679123,-16.831498683406849,-0.49238739875001025,,0.3887661498443891,0.2692307692307692,False,2
0.87354406696603637,-0.40577747480833815,-0.26882225355540679,0.47711872584298598,0.8231272129866255,0.30792744712161907,0.096324890440657202,-0.39724832558368367,0.91264192501909336,6.9253891813860378,11.607841431302518,-0.24208299159088373,,0.3644368882087293,0.3333333333333333,False,1
-0.055448565564629827,0.9924043001518249,-0.10981421409359256,-0.99756355585459866,-0.050399090348929788,0.048237783144865667,0.042336846925056154,0.11222137377598279,0.99278091977045813,4.4091659843522191,-4.0666872795144169,-0.11816562593709347,0.4117318544797027,0.1532458133946577,0.5225225225225225,True,5
0.7115749707752993,0.69315781405647048,-0.11486211637693462,-0.68944416649753681,0.7203468503255771,0.07594179684823113,0.13538021365269515,0.025152734214735004,0.99047440033191891,-9.6899968932661196,-3.0588347956628885,-2.3441770801730417,0.1418956482418356,0.1041610968163389,0.494949494949495,True,4
0.88009152079492403,0.47340570004331839,-0.036413708838494166,-0.44957452361340261,0.85553897457251715,0.25677969293771935,0.15271431741215674,-0.20961895466274777,0.96578373930369987,0.13563616218500826,17.101432763714058,-1.5011469656962491,,0.3208095858495067,0.2291666666666667,False,5
0.56936862647701625,-0.79588621890203026,-0.20587494686217733,0.82124080977666114,0.56198950099936729,0.098647519603153766,0.037187357274328363,-0.2252397108156339,0.97359343317970237,-3.7869679692880309,21.864539156220136,-2.2771195969680496,0.2900229792096192,0.1283726215259789,0.3939393939393939,True,4
-0.96212814981993389,0.24810781186443828,-0.11292447483124411,-0.2521541742018607,-0.96741714136550627,0.022854912486604033,-0.10357459030403868,0.050463732363283977,0.99334068473979154,9.1058922026702813,-5.6089925623228103,0.70014687035113887,0.2892221695209347,0.1404128221577395,0.2093023255813954,True,5
-0.25006834008048207,-0.9524340397945571,-0.17417010400758973,0.96410573022953217,-0.26152378149504185,0.045885211682156563,-0.089252261752714279,-0.15644395658879223,0.98364593336162942,0.33743566042042239,-2.7360247106520523,-0.83600550494534898,,0.1507954764857272,0.3979238754325259,False,5
-0.019760514527969873,0.99910255177735952,0.037464824803518065,-0.99816076958853173,-0.021862168381988831,0.056543113179828852,0.057311430971659277,-0.036278597348932573,0.99769697967588045,-6.8636193593964929,-4.4030591360185962,-1.8503554537986591,,0.1488963949058574,0.1584699453551913,False,5
0.96580582538590187,0.22673681880900248,-0.12573592425011426,-0.21256733009656967,0.97015490087045397,0.11668161163034958,0.14843934056129746,-0.085964430512935702,0.9851780949961858,-2.7217491841579458,14.953605397468337,-1.8475747561002587,,0.07179409507701631,0.2962962962962963,False,5
-0.509365992759089,0.86034206922992817,0.018915848744199854,-0.86053919370047782,-0.50934664078223724,-0.0061883462396889466,0.0043106294064378242,-0.019429962352410179,0.99980192790227429,-4.0587311650461757,-11.582330540696363,-1.1047556426540879,,0.3206422532834973,0.5384615384615384,False,5
-0.21885482268380635,-0.9537714128322804,-0.20596761554175236,0.97217714093761165,-0.23120457352094861,0.037630464006793901,-0.083511515531751651,-0.19200139907540181,0.97783500117692546,-9.2664150800983833,1.8936611187144266,-2.5377332782536417,,0.09322305319030785,0.18,False,5
0.973718715007311,-0.17615636551014568,-0.14436342658293871,0.19635006144449438,0.97046206571296689,0.140178573194567,0.11540588119872802,-0.1648402678424698,0.97954538878112651,-0.17541192006503351,-8.4920012239874136,-0.60720092996508579,0.1373562982686047,0.1783900624851183,0.3098591549295774,True,5
0.86802645156168412,-0.45252717716006918,-0.20432629131066554,0.49100545465459094,0.84348811095967702,0.21781058323486902,0.073781589090166397,-0.28939067124082385,0.95436330425583504,-10.415645348593616,-23.692623522759209,-1.4037448586768302,0.5653421207297086,0.3661727053657666,0.4571428571428571,True,2
0.45058741938185842,0.88559810059525923,-0.11263650259514441,-0.8851858612335084,0.45957868357165232,0.072342412724751934,0.11583163888631012,0.067107658494509975,0.99099929041563639,-10.529437425774303,8.8189503766236985,-2.9779613111444077,,0.07318707189081734,0.225,False,2
-0.76711367054462265,-0.5955386371965451,-0.23847504705867387,0.60701608780803529,-0.79410465153384036,0.030483955690562455,-0.20752851757236193,-0.1213735309628864,0.97067006772425901,6.0144066630229291,-19.388394983708704,0.89598814082661915,,0.1792262516475663,0.4,False,3
0.79004494491878452,0.60957125442377169,-0.065206370766248481,-0.60041476472263489,0.79085633447998949,0.11852581371135473,0.12381880031456713,-0.054489852203007325,0.99080763051944476,-10.59988554444938,-11.247205438095619,-2.0811016593441014,,0.2449394780237722,0.3953488372093023,False,4
-0.17637323792043327,0.9802693409942328,-0.089244047712973007,-0.98260989185873027,-0.16999374346997445,0.074698912993692718,0.058054124460171372,0.10086697322611407,0.99320469810878631,16.972413730573397,1.20292274430993,1.7221269523415643,0.4037451835611998,0.4177271625455142,0.8151260504201681,True,6
-0.9905402190774637,-0.035845113373983134,-0.13245830376830176,0.032110601330506715,-0.99902724033705226,0.030223870478913784,-0.13341283173729074,0.025684643500333025,0.99072766965301684,6.8266494593422555,16.339078180026892,-0.38938314905991828,,0.07474284659593898,0.391304347826087,False,3
0.84527949402720826,0.52725301463517604,-0.086641996371429261,-0.51442128187735148,0.84686798991499102,0.1348530771210138,0.14447602475417851,-0.069418053959059103,0.98707031768550713,-20.042774570599175,10.3291763488089,-4.5158189827266169,0.1919064655563229,0.1529734241327494,0.3333333333333333,True,5
0.70561485748048314,-0.67219075271426099,-0.22420362367328867,0.7068067517102391,0.69014160040595074,0.15533443638142236,0.050317875945023155,-0.2680749211592704,0.96208312946742436,15.950037009871,-6.2810564558149249,1.8652978732133521,0.4307432978317857,0.3438500870877441,0.4,True,5
-0.98958747510906708,-0.039121469094693488,-0.13851404175437962,0.037544570244328578,-0.99919716034343398,0.013979985936549602,-0.13894975477642896,0.0086339688145372333,0.99026179378489565,1.1269679691444743,-13.693628384277487,-0.21065568715181801,0.4955208493811426,0.4503221918713233,0.9039301310043668,True,5
-0.45762882124743443,0.88897775538840595,-0.017158449471746828,-0.88840972078040792,-0.45794984595705351,-0.031782174418812092,-0.036111355368646736,0.00069929428825801776,0.99934752764037837,0.71866714222865324,19.356731581118591,-1.499680548109787,,0.2618359214947001,0.45,False,3
0.81995358305791366,-0.54287008146272231,-0.18157146329516555,0.56448795522980388,0.81947718663923208,0.0990479125389577,0.095023523566354295,-0.1837095948242965,0.97837687765938552,0.57298291276478297,6.6873378362658942,-1.1710821655647572,0.2760713866443071,0.2958379038468805,0.7142857142857143,True,5
0.89993900632053514,-0.37896472756256711,-0.21562819891247642,0.41908607872774134,0.88828370167970627,0.18793329653577945,0.12031892419488568,-0.25949528048430676,0.95821999347068387,-11.50581949422306,-13.82760726118563,-2.0715844168612074,,0.3362602638400027,0.3666666666666666,False,5
0.97291778760096581,-0.18099831040938499,-0.14377270324575231,0.19574523213829706,0.97594650622349877,0.095980316134463062,0.12294219237010337,-0.12152377799877329,0.98494527193958259,1.8154682286849413,13.430365490737627,-1.1053515441516828,,0.07704612787421791,0.5,False,5
-0.9784682519323582,0.16792498964799374,-0.12000449079995935,-0.15417186940060967,-0.98121349994263762,-0.11597888694000073,-0.13722577981544759,-0.094980342082145008,0.98597556763441241,-5.6079063205949682,11.515295246764712,-2.2976492276447846,0.2567957796007683,0.1457790037618669,0.4864864864864865,True,5
0.76213988894485973,-0.59390598120701943,-0.2577178208150267,0.64348754164098232,0.73867943655562629,0.20068999417686226,0.071179866759947308,-0.31879205682763079,0.94514816355513609,-3.9715426937343579,20.254812864758087,-2.2320091935004274,,0.07936033529414031,0.1818181818181818,False,1
0.97808308076870387,0.17276294692912475,-0.11621725896942427,-0.14143639123982235,0.96089054730810908,0.23808633586784994,0.15280456258586547,-0.21643086716613971,0.9642657545462533,-21.089949487890433,19.647507162074142,-4.9906617340778032,,0.5828616426173561,0.8846153846153846,False,3
0.89974976506351489,-0.39119440165690333,-0.19343551995548078,0.42400724111827925,0.88852662455941034,0.17532340667556551,0.10328707444504004,-0.23976525511707836,0.96532088068746713,-1.6017453391023324,-6.3399001374023705,-0.93769032594007029,,0.06874945966423371,0.3625,False,5
0.98917687074443428,0.048211040796571888,-0.13858143428886552,-0.035495875560598994,0.99505157935074817,0.09280300237474326,0.14236980439136077,-0.086879514138209948,0.98599330059624302,13.757091055145262,9.5698949118706906,0.88712349505409527,,0.1466551467032223,0.2727272727272727,False,2
0.94279837419966206,-0.29403091707449619,-0.15708929120346066,0.31318443476607793,0.94268324388933777,0.11516862207445493,0.11422230704519699,-0.15777871052397097,0.98084613629185813,3.5518663403138149,-8.6837337731436222,-0.055497613870413708,,0.06801367713075895,0.3333333333333333,False,5
0.28760347462343522,-0.88500170033569925,-0.36613690306694102,0.95757552811374436,0.25842197632558994,0.12754289517516071,-0.018257856999465201,-0.38728551813216527,0.92177902889081254,11.351669249240286,14.396734373380051,0.36854360569070532,,0.624028840670343,0.4680851063829787,False,5
-0.038171630919007341,0.99810487940551784,0.048265684496117678,-0.99585483883012327,-0.041987331470215952,0.080685835030928785,0.082559472936854061,-0.044985705539714427,0.99557029873609737,-3.0988876768954916,-15.429145822427579,-0.78252185536003405,,0.3396672050845401,0.375,False,3
-0.96461243458509216,0.24664013484956582,-0.093228187396358131,-0.24802510897689259,-0.96874767247221072,0.0033900437572633446,-0.089478468699587629,0.026393009700743646,0.99563899716619908,5.218155809407107,3.1212154552936933,-0.24847843240462658,0.2938224048483412,0.1231580670031265,0.2692307692307692,True,5
0.30543765840393439,0.95016066191207804,-0.062470420068405558,-0.94753782196557956,0.30977601209573918,0.078809252469400543,0.094233289093857975,0.035121772234073673,0.99493042386977537,14.900856624350419,4.0236562278764856,1.2894873522182286,0.1156427514945824,0.1308727570476481,0.2666666666666667,True,6
-0.8238409724429917,0.56233632685965496,-0.071161138398551704,-0.56194171136900839,-0.8267244128767629,-0.0273543082025859,-0.07421297156061385,0.017452812024525324,0.99708968212722993,10.135151108523448,-2.9068499179301828,0.8028333453402603,0.3224647923663786,0.2020206614988239,0.3571428571428572,True,4
0.75719997224617908,0.65236943656383517,-0.032593254942869271,-0.64120667248001606,0.75190195560788431,0.15328878732687928,0.12450785195115947,-0.095171252962353348,0.98764377556489691,2.6083357525669966,-2.855851152722694,-0.4583745514130827,0.7970213849417755,0.7423048565177104,0.2271386430678466,True,4
0.39858536346623258,0.91694938353461208,-0.01826296980189912,-0.90813445713701735,0.39737947350457653,0.13183839273018721,0.12814646226464793,-0.035963621518408317,0.9911029725191699,-7.6346896520959646,1.6505099162981094,-2.2708188156368618,0.1678422926156745,0.3105589739214992,0.4830287206266319,True,5
-0.79655304026415075,0.60077770904291994,-0.067597325117781951,-0.60008860238004846,-0.79927917822286221,-0.032349104360802988,-0.073463755277677956,0.014796606926139613,0.99718811519390593,3.29100892768728,-13.993949276378105,0.14060003314340758,,0.3585181453926625,0.6585365853658537,False,5
-0.67630825228002256,-0.64896949829956663,-0.34849065722734918,0.72386234537694261,-0.67318011963410074,-0.15116822243715361,-0.13649341684979649,-0.35449558079929044,0.92504185329661748,1.2037185269219786,-0.24068406042626839,-0.83192767337875584,,0.09371219393731822,0.2424242424242424,False,5
-0.62748870322163031,-0.7140934983969498,-0.31036817310485276,0.76941548002544324,-0.62980415446400939,-0.10652016765426282,-0.11940580566477883,-0.30564227876241395,0.94462958402035291,-4.8883210044067891,10.729776901253022,-2.1604710283354245,,0.2474279755688413,0.2285714285714286,False,4
0.9863900077935025,-0.0021954026540095053,-0.16440782442548271,0.032466260376129187,0.98282488872283869,0.18166226918138018,0.16118527991824497,-0.18452755434927756,0.96951992616116478,-14.830670635890161,10.254338726150571,-3.627462181875456,0.6275011977893943,0.4985917587045471,0.4,True,5
0.17180281582364171,-0.92762202107440572,-0.33166425567567881,0.98417425048212459,0.14677921380504816,0.09928195748835579,-0.043414711366259233,-0.34347234009830563,0.93815878955770471,5.3827649972607823,6.7296190732356838,-0.30222691238394173,,0.3506797719244157,0.2142857142857143,False,3
-0.68633789342483509,-0.67340123385476647,-0.27471999252336382,0.71255946627878419,-0.69824604577127036,-0.068640123698012132,-0.14559980448356658,-0.24286464915187347,0.95907114393390214,9.7293672408682355,14.207782744804181,0.11235674474158959,,0.2971206344813228,0.2580645161290323,False,3
0.17201022215638068,0.98471789906013996,-0.027260644605323431,-0.97980048257219443,0.17388547719005765,0.098766670358386904,0.10199753832818134,0.009721115829532806,0.9947371522578321,12.583119485060827,13.247130753130703,0.57489801649089955,0.4310948485464738,0.4423130371084998,0.7798165137614679,True,5
0.67925283583864582,0.72843096103616711,-0.089464629933199577,-0.72038647511377485,0.68505818287697506,0.10834487780439042,0.14021024027619688,-0.0091444560922877977,0.99007952581823833,-2.8045626006004625,6.9844251398781108,-1.6505994756404108,,0.08026399343144361,0.2318840579710145,False,5
0.91673153484169334,0.39038723282384241,-0.084859303997478999,-0.37273875571198734,0.91223599300830394,0.16997444822805913,0.14376756594264525,-0.12419058542537294,0.98178795341694358,13.630404912775189,5.6830655015829112,1.0503706081573687,0.3651780770187172,0.2840348756349818,0.15,True,4
-0.66729867751701022,-0.72193686593571849,-0.18308368738629477,0.73231524858688768,-0.68079205520483199,0.015380320448762017,-0.13574554015206078,-0.12381170854525173,0.98297701354402567,-1.0115961865798879,-14.691787775649999,-0.49141105419235687,,0.1107782681415351,0.2,False,5
-0.081293183847829326,-0.91415076828003661,-0.39713951089371846,0.99439740152152312,-0.10140130216503193,0.029859399968492503,-0.067566456967385266,-0.39248713198301766,0.91727238327588356,-6.5266625920673702,13.205238809402756,-2.4928242650084047,,0.0960549827613009,0.2258064516129032,False,4
-0.68637226468024171,-0.69929902830900936,-0.19968470968952345,0.71616213074737001,-0.69769358248647073,-0.018315770269870274,-0.12651054011860333,-0.15557806388841322,0.9796890064074566,-12.074104493999169,-21.686515005170033,-1.7465014740262068,0.3446845713340169,0.2779216164206297,0.6888888888888889,True,5
0.48671206988646759,-0.84237955272206999,-0.23131807145702304,0.87307967712999313,0.47788120789365424,0.096754475476278384,0.029038567619946921,-0.24905067817186913,0.9680550197652581,-5.4353678580272575,9.4397328944848127,-2.2073247567811638,0.0934058823872196,0.1096861196470648,0.2833333333333333,True,5
0.92796515352676245,-0.33745295949794607,-0.15813340559833716,0.35807530699656825,0.92495441325506178,0.12744178247064852,0.10326058473282093,-0.17488520099213717,0.97915903617061817,-5.4293416299310255,5.0141676080061792,-2.0753699432381261,,0.08366342860283175,0.3833333333333334,False,4
0.84663273475635936,-0.48544478590886952,-0.21807423569248402,0.52498103888080672,0.82900478532370148,0.19273291033456991,0.087223398549919395,-0.27765882976108713,0.95671189655042255,-11.010579651778688,-6.4870718149703208,-2.3725747262134456,0.3741083243256816,0.3853768686995783,0.3559322033898305,True,5
0.74515449833670133,-0.62486331492070213,-0.23300345764578861,0.66674670407128322,0.70533144584388896,0.24074132199074572,0.013914245170399922,-0.33474376643947046,0.94220645540733661,-11.752265829161196,8.2488086802208134,-3.171807159219362,,0.5297665066675084,0.723404255319149,False,4
-0.068134906235184797,-0.98453202869310585,-0.16141350324480469,0.99556083595900757,-0.077624591364750584,0.053226353623537032,-0.064932707143048329,-0.15707038961208925,0.98545047376830752,13.01960482601076,1.8679406640175973,1.0586982549253086,,0.08531677697103708,0.2647058823529412,False,5
-0.99164910881212243,-0.02963229086221934,-0.12551482912540596,0.042759023509933408,-0.99373943724098923,-0.10321626218982533,-0.12167050135755986,-0.10772120594487716,0.98670787515311786,5.4684868389973271,13.340922500474456,-0.54136864019296771,,0.18484172962695,0.375,False,4
-0.73260561818915138,-0.6638016261551215,-0.1505204614380001,0.6660392381515462,-0.74470643004521975,0.042474301545908574,-0.14028806592222925,-0.069135621521191973,0.98769404392082849,-5.6713196332733808,-10.273722338528207,-1.3892132747501726,0.3717192898092602,0.3386312412434266,0.96875,True,5
-0.33639288457695199,-0.92702828882776056,-0.16570569971811813,0.93640395895538686,-0.34794754196030014,0.045608482724844163,-0.099937244602173597,-0.13982510417253002,0.98512003704343865,1.0045100003569443,11.85739898554322,-1.2018372867018376,,0.0830269881082625,0.3392857142857143,False,5
-0.96317388241225133,-0.18614683357835904,-0.1940242989619137,0.22404175624047418,-0.95459568003557649,-0.19634759768863927,-0.14866527402051621,-0.23258642266083951,0.96114629078732783,-2.9274289002851788,21.005422993640828,-2.1234396315298079,,0.2776287294916058,0.1333333333333333,False,1
0.98728965960235571,0.13408322561176034,-0.085327701550019772,-0.1085049103575127,0.96094931104613546,0.25456454196974132,0.11612843093132512,-0.24207046538043817,0.96328400657330804,-13.652784029042847,7.9547196103906916,-3.4492586833754029,,0.3435042474739305,0.1363636363636364,False,5
0.76739604140602069,-0.58914832320065402,-0.25299717173167785,0.6371103766835351,0.7450118266026291,0.19760502560506762,0.072067215545868424,-0.31282843779310232,0.94707163665236738,-2.154721868761853,-11.851494392316575,-0.81053088468241041,,0.08157617050498048,0.2105263157894737,False,2
-0.42571685331762427,0.90438663467487412,-0.029154344835658152,-0.90442562982766006,-0.42429913290791893,0.044548018187446137,0.027918469015711281,0.045332778814498847,0.99858174340049644,11.356768508520576,4.7629362081476483,0.67898461726007464,0.5527027553754451,0.263292213849122,0.2608695652173913,True,5
-0.77019661068222522,0.63763376886026846,-0.014844450231085632,-0.63362952069869238,-0.76760459532353431,-0.096419996563674448,-0.072875314014822654,-0.064856472670375448,0.99523003700651957,-7.1229540261468234,-4.0320153376143528,-1.9516175827712963,,0.08064731047850751,0.2857142857142857,False,1
-0.58391099387033907,-0.77684638572664377,-0.23570669108195297,0.80427456429576161,-0.59305348199961261,-0.037815244478880058,-0.11041003787797189,-0.21165363325864614,0.97108823649769249,2.6627206242841797,1.5470426276016556,-0.69712032967766069,0.4643517277167689,0.4277145970306127,0.5378787878787878,True,4
-0.85115652195047253,0.52068851427428275,-0.066453338847750051,-0.51764798255638844,-0.85361267402411201,-0.058189078878301978,-0.087023797299790456,-0.015128577204883253,0.99609135366957158,-9.1753384269723863,-7.5268468035361584,-2.0717572682182808,,0.1008679919887645,0.2272727272727273,False,5
0.70779759263018094,-0.68942697607673153,-0.15399030009910686,0.70383108733837507,0.7068778124537789,0.070324666772329333,0.060368604116706831,-0.15815879020229157,0.98556655215096778,2.5898529370338363,2.8207328881199714,-0.72025804788407666,0.4787319453187447,0.4481779004083685,0.9812855980471928,True,5
-0.97901171961577804,0.16898865232682431,-0.11392492369855767,-0.15753265398020841,-0.98212128411711619,-0.10305943049570972,-0.12930396662481186,-0.082949494687501041,0.98812947812833674,-0.4263516943370953,5.2690084549139744,-1.262094699907385,,0.2041215922724178,0.1685393258426966,False,1
0.52452941802020314,-0.83063788977709585,-0.1868410706938963,0.85091900083308758,0.51877507298131975,0.082518347501918277,0.028385624048247522,-0.20226991798060442,0.97891835033751007,9.5469617262237332,-1.2065225814656899,0.65123754919148924,,0.07867114859187989,0.4042553191489361,False,5
-0.12619605342439283,0.98488988893499063,-0.11860211960048581,-0.99128879961176086,-0.12065706938052537,0.052805183199905126,0.037697106843633227,0.12423275849035624,0.99153676172570371,-0.55489819909796811,-4.5286649656658255,-0.89097434055639835,,0.06766416004848116,0.3114754098360656,False,5
0.77659200608091172,0.61538493683286066,-0.13493048436302715,-0.61344344470618295,0.78741511178086832,0.060535790125632698,0.14349911580994956,0.03576061043017098,0.98900413674737653,5.1699633396681515,-1.9534828386320828,-0.14459717835026328,0.7063689226968015,0.6059881120048193,0.9990366088631984,True,5
-0.090322799496082823,0.99535384884021227,-0.033354272442453425,-0.99580770300800991,-0.08977668380312491,0.017526142622495869,0.014450277544074333,0.03479745169245442,0.99928991130432687,2.1362011350039811,6.247898722578463,-0.85033266477135117,0.2427701104066165,0.140328855761337,0.2258064516129032,True,5
0.3584464120831643,-0.90615195342338684,-0.22451014892802912,0.93354763406638708,0.34735039123367467,0.088524124615063371,-0.0022326203789535121,-0.24132207320672627,0.9704425136964322,2.3229293026735958,17.917012472153004,-1.230704492695726,,0.1130843511665163,0.1666666666666667,False,1
-0.34829228647160543,-0.88743345445911859,-0.30191778200552766,0.92495938014707824,-0.37763160805611923,0.042947801746806381,-0.15212701358507794,-0.26430329642988915,0.9523660741721014,-7.4316136411667078,15.328947835526424,-2.6753456267917723,,0.5613556730982591,0.3043478260869565,False,2
0.98418592883135259,-0.072622154675587136,-0.16156757143883399,0.11238506358124656,0.96101372684689246,0.25263058859861998,0.1369220762850418,-0.26679325227996509,0.9539778328471118,-15.792392417667545,5.9837031998799084,-3.6837856091737571,,0.4866100243991313,0.7837837837837838,False,3
0.55023112325333967,-0.80880955870786109,-0.2075398967576185,0.83338276365816721,0.54744529882565607,0.076005355279500475,0.052142882935673332,-0.21478068473790352,0.97526938700170096,-8.2062102838454454,10.603595029257534,-2.6619067755634283,0.306635683393622,0.2355104695011369,0.3037974683544304,True,5
-0.82012068669102656,-0.53496436502391775,-0.2030152393688654,0.55634626862397885,-0.8284488356627896,-0.064431017973844484,-0.13371944005871655,-0.1657879816015832,0.97705345632000018,-19.464989005482366,-16.82658558625187,-3.0280359390529066,,0.1777367560956689,0.5416666666666666,True,3
0.24310088024821067,0.96926887854363986,-0.037680274803938471,-0.96591004372300748,0.24545679168610426,0.082272418526395386,0.088992974203377678,0.016395258519451228,0.99589730697523104,-12.89705964696055,12.26482387967244,-3.4238660048452618,,0.07890198005587162,0.1666666666666667,False,1
0.30501968847518118,0.94662873074180021,-0.10419710061547517,-0.94772619140744363,0.31248154884333629,0.064578229712579732,0.093691279011680423,0.079052689812792759,0.99245786634522526,10.339934118189833,2.1795939984454602,0.61264911771424768,0.6304590990503413,0.3787684152320493,0.9507575757575758,True,5
-0.91984294783866727,-0.35878539438907142,-0.15862531980913525,0.37370982771515832,-0.9244089844807406,-0.076216757215150394,-0.11928921150120149,-0.12938728756862175,0.98439271321716793,2.4314102651970404,-13.161538112592043,-0.032065948683316151,,0.08632726961686503,0.1666666666666667,False,5
-0.687582939897323,-0.67432304693011424,-0.26929190322221458,0.71019686954004346,-0.70176579111540527,-0.056081912553807442,-0.15116251935475883,-0.22981123296970851,0.96142430276297131,-0.035208187437069466,-17.483411361593483,-0.16193390505059513,,0.4033274535356807,0.3333333333333333,False,5
-0.97146076819337945,0.22180485529961555,-0.084062964655350264,-0.20111077575929834,-0.9581086048266213,-0.20391752556040738,-0.12577134703350901,-0.18119190799454238,0.97537226777404051,-22.425822551229384,-4.8462209288633131,-4.0373640968275382,,0.3164267632944855,0.1,False,1
-0.068007491757732144,-0.96728554069572337,-0.24440471318246876,0.99354248205415963,-0.087961591357694269,0.071666552864516619,-0.090820247844203325,-0.23795260285780617,0.96702132415718378,-9.1238196911855649,23.305647459629686,-3.1746430927371789,,0.334674592784856,0.34375,False,4
-0.049819974618761913,-0.91426274932508933,-0.40204675763586845,0.99798902985254334,-0.061365526651101253,0.01587981211514583,-0.039190131703851827,-0.40044712177185371,0.91548142320948955,-13.653324597683133,0.51557373657548888,-3.1053007999038327,,0.355530443525296,0.2142857142857143,False,4
-0.093897400966247477,-0.97695382912844331,-0.19168853341567926,0.99357189337263008,-0.10418298052902045,0.044280913134382496,-0.063231090388421216,-0.18629847642790859,0.98045637684138154,5.1914110182314257,-6.8532034043799968,0.094465841872261744,0.4635910128865154,0.3184621127948585,0.7203389830508474,True,5
-0.43783971558515061,-0.88246259759619228,-0.17191901378292987,0.89188922857063291,-0.45042738360549861,0.040605123543540386,-0.11326953436822967,-0.13555418083587767,0.98427388294209994,8.4735231661600654,5.6909257494556575,0.20071016204966155,0.6042401463942538,0.5964382396482845,0.9329896907216495,True,5
-0.41861327426053246,-0.88177910575938589,-0.2173212719893145,0.89955750443853877,-0.43546644354610176,0.034136091657038424,-0.12473661379556561,-0.18120315999310616,0.97550304560638268,10.206590483626295,-19.767898503163909,1.5994824059951296,0.1300029448272719,0.1483784655023999,0.5185185185185185,True,5
0.98462940315132763,-0.057748269213720921,-0.16483347916209073,0.098636679578549186,0.962706488476191,0.25192662123634263,0.14413793356219035,-0.2643129857737993,0.95360521268487219,-8.8495056918599264,-15.495157447927943,-1.604234142441153,,0.3142543312650402,0.2391304347826087,False,5
0.54452351934108412,-0.81723338118090672,-0.18874251658813981,0.83827491245565133,0.53779741893688848,0.08982821011404056,0.02809462638782817,-0.20713168967698978,0.97790958431732566,4.4928253502635762,-11.488331230370857,0.17275479439916597,,0.08472802191072307,0.3333333333333333,False,5
0.77605296850169336,-0.60900210964668522,-0.16388477819979599,0.62571956938654782,0.77600105442921397,0.079356058442066932,0.078846753683475143,-0.16413041756674621,0.98328245965385874,2.6691424593672672,14.563885845696092,-1.0397150181186561,,0.0796202551595607,0.3214285714285715,False,5
0.21905883387735947,-0.95946888759337712,-0.17729264237587558,0.97539685165391909,0.21072727813805528,0.064768789027974283,-0.024783241997668702,-0.1871188605909499,0.98202460403353986,-7.1988573256713426,-16.687504567931104,-1.3515923482847771,,0.1025001712436515,0.3333333333333333,False,4
-0.78824614456575881,-0.53304091189789315,-0.30746609865199714,0.59799996641884345,-0.78138125780349299,-0.17843589918089256,-0.1451346124819268,-0.32451612625029014,0.93467921131435627,-1.7026376868433681,20.139305793176877,-1.8874016545809897,,0.3901513441227744,0.1428571428571428,False,1
-0.40452756894909631,-0.87968850662884968,-0.25001115428164333,0.90849822613017961,-0.41788852082911665,0.00039658236362069554,-0.10482566040074474,-0.22697426167818799,0.96824287524215236,-0.43738308927644998,-10.955269467983912,-0.57943398344117547,0.1392207513017348,0.131744050776042,0.1052631578947368,True,5
0.9608604693478251,0.25459596217391306,-0.1092156329900469,-0.23581710671338452,0.95856031835313038,0.15985120662689145,0.14538724368391245,-0.12783979084574737,0.98108080057175195,7.2765873773840362,9.9955765090087532,-0.10987065354216709,0.9465234895448149,0.7358753917491152,0.9736842105263158,True,4
0.94315717111582564,-0.29608298871389016,-0.15096163210247965,0.31792049221167756,0.93614745310295022,0.15018157903266591,0.096856136639237866,-0.18963862961725542,0.97706503312328774,-13.462255881448751,-14.532462871100581,-2.33113697718347,,0.156452210168086,0.1785714285714286,False,3
-0.23332243524688151,-0.95934413889010517,-0.1588063738886662,0.96828846805778379,-0.24421798705876607,0.052678434138400197,-0.089320119999774503,-0.14147931995230426,0.98590340205775684,-7.5388913888048918,9.0895595789863144,-2.5569393251847545,,0.0734726379326591,0.1764705882352941,False,5
-0.83610895317736711,0.537588803847594,-0.10917919396277026,-0.5400126612104893,-0.84161354641283626,-0.0085419100190450015,-0.096478723815214204,0.051816179636492772,0.99398538187383123,-12.912640958430186,-21.226425077563878,-1.9257299600024176,,0.1652516901407883,0.4545454545454545,False,2
0.98875572788087873,-0.049956222538763785,-0.14094852398096766,0.06211922829901969,0.99459020910796447,0.083255735070393605,0.13602687991088452,-0.091075198469368068,0.98651000814258172,-2.120665820018258,2.6258276405523748,-1.4389631181531515,0.355779455066095,0.3143549614300458,0.9522706209453198,True,5
-0.91997286507870246,-0.36399687314634877,-0.14545172346371446,0.36175560413095864,-0.93130242986665501,0.042528425838606235,-0.15093975751513899,-0.01349297832747548,0.988450873406021,10.339092942952332,4.1988992179056206,0.53977184887467622,,0.07641971199379094,0.125,False,2
0.13975281701239861,0.98975922026656959,0.029083260381411596,-0.98668580268931227,0.1367310878155526,0.088066658822308491,0.083188201738276638,-0.041003603769542707,0.99568992541326018,-3.0714655546294947,-4.8183664371935828,-1.2654691585296429,0.3861132685678089,0.1392278077160585,0.1428571428571428,True,5
0.95079044929865231,-0.26862124130929577,-0.15440255904589928,0.28446821826963214,0.95431329597522907,0.091454720596576458,0.12278173445985473,-0.1308768957545601,0.983766173356597,12.084220572712582,-1.4152828195568632,1.0387225498061736,,0.1292867384413852,0.2142857142857143,False,5
-0.95842966756187442,-0.24131149250376868,-0.15225418195516763,0.24864532952543397,-0.96810371552169805,-0.030833360152117351,-0.13995739509730082,-0.067408898364277464,0.98786029780475115,9.3272277682161739,-25.060192144880578,1.7581155474457246,,0.1339493641829574,0.3,False,4
0.41418340779291485,-0.88552144103371211,-0.21048487399009405,0.9101807670415023,0.40417129328108897,0.09064511567224201,0.0048037502839321233,-0.22912298696784994,0.97338562801499162,-6.0847910990321372,14.337978826206092,-2.4378019754564875,,0.1962665043427519,0.2839506172839506,True,5
0.46228915962307349,0.88646170693080351,-0.021780152440200512,-0.8787303467744656,0.46127250719047902,0.12272184714970866,0.118834803625114,-0.037594098679652049,0.9922020828399043,-11.695476290800958,-5.0766952857991168,-2.5365393306975084,,0.2297476590536625,0.2962962962962963,False,2
0.57155114374602933,0.81626777817762519,-0.083882086237590386,-0.80636709755732505,0.57765329309444813,0.12684154269842468,0.15199142758584194,-0.004856674387336446,0.9883698794754493,11.24570425571185,10.233443231305275,0.51722808767562822,1.947289658609518,0.4125644885758487,0.2758620689655172,True,5
0.98927528477958948,-0.024988149780682947,-0.14390970535304293,0.050160586831705843,0.98345801655245657,0.17405242086051709,0.13717990542699895,-0.17940435348465156,0.97416412965053956,-11.076649930856886,3.1082925979103297,-2.8915567983897934,0.112341383800106,0.08054980347329362,0.35,True,5
-0.56579259958254124,0.81845087125656169,-0.10008449229029606,-0.82387976541220587,-0.56603855483619114,0.028679026888751846,-0.033179306833623752,0.098683969206413286,0.99456553721698426,7.5136804467153651,-5.921098392783275,0.43394464715314035,0.3310249435689916,0.2686994976491851,0.6607142857142857,True,5
0.89317661592948583,-0.42996233270169382,-0.13178742434113061,0.44432466516153291,0.88894417475657628,0.11114785690889677,0.069362271342877771,-0.15783106989457688,0.98502701926906022,1.6414007248646789,-7.4530394424648865,-0.39009186944376467,,0.1344936570086019,0.2117647058823529,False,5
0.53973818799443485,0.83761158656316415,-0.084199278355718138,-0.83385816387720268,0.54567882209407026,0.083157595283704297,0.11559952835468006,0.025326925853083548,0.9929729582778215,-5.1302010616855878,-14.297957281296888,-1.1551000537841134,,0.09623059737379852,0.1904761904761905,False,6
-0.57934643690236509,-0.78282042780923333,-0.22704599501665412,0.80650351534631737,-0.59086637763931649,-0.020712399895336464,-0.1179397548859815,-0.19511304820529418,0.9736637574838003,-4.5563927028255051,-10.270734278363593,-1.2305158980643003,,0.07308757142438398,0.1707317073170732,False,5
-0.38302636608552176,-0.85646551110225255,-0.34606015542919522,0.91852916618692282,-0.39285600022073369,-0.044365909824153185,-0.097953936864619159,-0.33485965923491867,0.93716275794004844,-14.566293910475434,-22.435494903113561,-2.0898918368799029,,0.2031545978934652,0.3043478260869565,False,4
-0.90771965579650693,-0.36107329272010108,-0.2137079871341627,0.3894922786627838,-0.91453374357141937,-0.10919613881139825,-0.15601535611196568,-0.18235709241351189,0.97077551447476595,-2.0087859946822562,16.261545908857457,-1.7846772056485403,,0.3507500484479691,0.2631578947368421,False,4
0.32065907386454273,0.94352322915799525,0.08331671133454438,-0.94047709500041055,0.30669343999287713,0.1464307605830294,0.11260813526527619,-0.12531181071473485,0.98570602005236452,6.3364043770510872,-8.6732640849682223,0.3983512969235648,0.4512054743868216,0.3286465928743598,0.1914893617021277,True,5
-0.7948873959123518,-0.55366085512847119,-0.24822104124769756,0.58367151091696645,-0.80950278664895314,-0.063504375845179387,-0.16577573756007402,-0.19535837813104009,0.96661962991159245,-12.564558133871751,-17.538397846873814,-2.073246360739128,0.2375615071325287,0.1859678388791642,0.6666666666666666,True,5
-0.66340393090761485,-0.7300625141876006,-0.16402423550928108,0.73592453767311539,-0.67623843348721646,0.033416402041012323,-0.13531555456389965,-0.098540887213557055,0.98589015323220919,-17.713299652037083,-12.785984020082717,-3.0000020482905096,,0.0762287789461866,0.3333333333333333,False,1
-0.67043530488635161,-0.65590409284868756,-0.34685201880093647,0.72930883391196788,-0.66854205829697411,-0.14546525724725703,-0.1364739049778757,-0.35048728546465918,0.92657084779724419,-0.28213726572650832,-6.2600189430722661,-0.72683367578865654,0.7135311672691882,0.3456311841455393,0.2677165354330709,True,4
0.0039957096330680859,-0.96540429265421057,-0.26072703356068083,0.99990637713494201,0.00044496956193375552,0.013676219030286686,-0.013087064965210168,-0.26075726974892399,0.96531568670755763,7.9377454196025417,3.7277388798202953,0.21503228059603405,,0.1204188665922936,0.2790697674418605,False,5
0.33018847614797103,-0.92180274580077803,-0.20311392875237871,0.94389624813711903,0.32108983923455753,0.077208729383376445,-0.0059534000159849471,-0.21721190799417855,0.97610631800730474,-2.7365569855184781,-7.31281985518436,-1.0949415730581611,,0.08001648864117694,0.2156862745098039,False,5
0.32634812715711031,-0.92933000848718672,-0.17275021049553921,0.94521913535156499,0.31937304573722258,0.067539942417586138,-0.0075951343824527603,-0.18532833831267259,0.98264730241932541,-1.4881068198685432,-3.2106296045481026,-1.1159854844339092,,0.08573460495435023,0.4131736526946108,False,5
0.57082352244303047,0.81378657327641335,-0.10914173986501394,-0.81020219790089865,0.5798261357013873,0.085872293984425502,0.13316495313062759,0.039408952188909274,0.99031006747638783,5.2920842921099283,-8.6933478570990399,0.18930342926580349,0.4276458636683607,0.4211387887851157,0.9299363057324841,True,5
-0.96042144643266925,0.24332627438992852,-0.13558380959280175,-0.25035414913552806,-0.96743988397362035,0.037186972285117227,-0.12212061759918241,0.06965913499768317,0.99006775508980649,-0.75481424414578191,6.2642523662009113,-1.327008105526267,,0.06907420333367421,0.2380952380952381,False,3
-0.42927740326272107,-0.87104543166588477,-0.23874833407169194,0.89350504341372983,-0.44814972610255616,0.028470342260554143,-0.13179396208569014,-0.2011011660040711,0.97066403693016201,12.880707117883052,-7.5356268625639524,1.4495753323134348,0.3393256883428217,0.2073964251423717,0.36,True,8
0.92798880584058052,-0.33341546282709134,-0.16634574049963033,0.35440139176806973,0.92764957944525839,0.11775360405478262,0.11504968382150871,-0.16822718835798134,0.97901132953083803,10.900018728237489,-2.7934984658941429,0.92047272101893962,,0.2349927004148524,0.2391304347826087,False,5
0.15774868369440695,0.98022990771771079,0.11943483917354397,-0.98436781785192806,0.14650330646046733,0.097758786682240167,0.07832848760262931,-0.13298913193144316,0.98801747900429682,9.5225402900784371,-21.527737933315368,1.5745997342952498,,0.4952229751899918,0.2333333333333333,False,2
0.99111927713685566,0.041814637811921407,-0.12623040264680274,-0.020715742469090907,0.98623552155657779,0.16404375646143374,0.1313523372524083,-0.15997197280986983,0.97834325848019554,3.0865418781348617,8.3707831875243333,-0.76552235661361223,0.4758636558034365,0.4850183087434514,0.3584905660377358,True,5
0.82604619170975291,-0.51993410128240214,-0.21752291715006988,0.55668716913111582,0.81296725488295862,0.17083219313950279,0.088017526019536302,-0.2622074995337258,0.9609891478584307,-1.2805942936342956,13.549850154099001,-1.6075918401704934,0.749091209796694,0.3164741777595888,0.7403846153846154,True,5
0.98113116091081765,0.13996752949036489,-0.13338191698336194,-0.12674720541687504,0.98657701689437027,0.1029608452510945,0.14600270890913308,-0.084112308398778562,0.98570194712551185,15.781207828491919,-2.8822840884725411,1.6758317381534844,0.1482471562591645,0.08986082224268235,0.5,True,5
0.34360763408462663,0.93885751501485415,-0.021917123417504653,-0.92988079953837788,0.34340138902320466,0.13189838765807765,0.13136016309609277,-0.024940980675718399,0.9910209155382651,2.5110557650633183,-7.9168344417677847,-0.27918208105420728,,0.4312580197069611,0.2909090909090909,False,4
-0.22198741275654993,-0.92907446255481241,-0.29587536498691469,0.97274542121619412,-0.23186921698101504,-0.0017354306498086058,-0.066992044905215889,-0.28819665030166097,0.95522497699459252,-8.4031323526336053,16.091545134646005,-2.8499204890889747,0.2545296949134883,0.1936518626936986,0.1940298507462687,True,5
-0.91254249359215578,-0.3560449807317787,-0.20124156897698339,0.381729503628841,-0.91810263568768746,-0.10663084170445339,-0.14679503890761852,-0.17412501841788525,0.97372054230825478,-10.517685597584746,6.4448786861246301,-2.9197308991408728,,0.3462585287695151,0.1052631578947368,False,5
0.98720269753202428,-0.084309157831863074,-0.13536173717552499,0.098847672969465714,0.98959617961078883,0.10453965203812123,0.12513980795100932,-0.11658201921999753,0.98526578204085191,-9.291691501950913,-19.874559901035468,-1.4808126674157107,,0.08514551889360931,0.4516129032258064,False,3
-0.36827240979593512,-0.87860395572306027,-0.30402388256662666,0.92495639094994631,-0.37929629294224221,-0.02428985387199914,-0.093973969927555509,-0.2901541162004494,0.95235470378845244,-11.601992039848689,-8.0776885488136259,-2.3531825243175803,,0.7005392152086232,0.6555555555555556,False,2
-0.86271164143231005,-0.46760154940703591,-0.19255496547559961,0.4878371236710447,-0.86984928329898259,-0.073329155951832883,-0.13320497177482343,-0.15719737700224537,0.97854249788043579,4.8646669269461862,10.554868783131525,-0.55666358513785441,0.9401185498441548,0.9223245469506691,0.8206896551724138,True,5
-0.98253691739431637,-0.075496012263269088,-0.17006339432581896,0.1039193609803295,-0.98080642791474992,-0.16498338514695515,-0.15434368263947382,-0.17977514592805352,0.97152402159485118,14.869444427607721,-12.937132953595894,1.9770427857544957,,0.2235487137758924,0.1538461538461539,False,4
