axis_00,axis_01,axis_02,axis_10,axis_11,axis_12,axis_20,axis_21,axis_22,location_x,location_y,location_z,dbh,dbh_approximation,score,reconstructed,number_clusters
0.28716501327488086,0.95688141482102451,0.043751721348455092,-0.94744914651730239,0.27701849862288519,0.16000270680322362,0.14098358030094632,-0.087399710473421127,0.98614650062487641,0.97633472057506887,3.5251438430282915,-1.4189735725342691,,0.07995029686144292,0.525,False,5
0.03676770977576041,-0.97410813175834454,-0.22307282030788395,0.99209845220828508,0.0087862800489207239,0.12515375507281756,-0.11995331026599611,-0.22591181670105259,0.9667342211958051,-1.1178611027236001,-16.677619723718674,0.76789844353527981,0.6408369105879612,0.2759559942817303,0.7777777777777778,True,4
0.89434261512039048,-0.41655362925068212,-0.1632003699067763,0.43981035349914005,0.88545160179422999,0.15014097986557709,0.081964258885106195,-0.2060546889496076,0.97510170004328156,9.6893588736609804,-4.0962553119313796,0.87954408405190077,0.1255533609063851,0.09593109117713834,0.5660377358490566,True,5
0.94372772540164351,-0.25637228168460668,-0.20892877612255567,0.31529070677874804,0.88815374211724185,0.33432723577671186,0.099848638083840272,-0.38138718324947463,0.9190071087460826,7.1362871466519247,1.9326806886253891,-0.26809723403892366,0.2141078109315293,0.2192499185383095,0.4636363636363636,True,5
0.60305244920685264,-0.76634518772175197,-0.22145608314365992,0.79763457326676312,0.58289592828198122,0.15495620130165227,0.010335909982550948,-0.2700877450903732,0.96278023396662682,13.413433125461514,14.867078982100074,-0.94345123241260909,,0.185377199758389,0.3333333333333333,False,5
0.54549326863996228,-0.81364520433794441,-0.20104371496357665,0.83689267620086094,0.51584281642715468,0.18307604229353072,-0.045251987689512441,-0.26811876136959673,0.96232249657367064,-6.4575242705567089,10.968633119897618,-3.6534412155518479,,0.1664704211622949,0.3333333333333333,False,2
0.86921787374148707,-0.41208213956603257,-0.27321895655135275,0.48907310452527342,0.79771969012329269,0.35277584160428183,0.072579517760454362,-0.44026311024236314,0.89493050420766274,-16.566823450129604,-19.455532111655579,-1.3328569863273823,,0.3811042998941714,0.1666666666666667,False,1
0.96511804725599881,0.21495189349536392,-0.14947520979589557,-0.18551451865711124,0.96431197898127863,0.18890942422396939,0.184747173802983,-0.15459007301883598,0.97055159115620582,-21.067894784845688,-3.7165150702848737,-4.2279735522580753,0.3528008402516218,0.3449510660626514,0.5813953488372093,True,3
-0.97110368996098895,0.16396921595445238,-0.17341199371275728,-0.15813107369014742,-0.9862961256954611,-0.0470586439639267,-0.17875174650266307,-0.018276998041382126,0.98372443522809916,10.569659710917961,-14.474525763949162,2.2793644189622455,,0.2184083941923718,0.5,False,2
-0.98767971732027449,-0.061942479316356359,-0.14370770769268673,0.05953615156005812,-0.99800546482616925,0.020989016997478807,-0.14472118936618006,0.012174622509359974,0.98939757222018365,4.6141686397675441,-20.700752045332955,2.183682321451772,0.4085142203832557,0.3401383551696665,0.3870967741935484,True,5
0.86179476780372943,0.49732831248405135,-0.099871556450692095,-0.48109570356699743,0.86376254411549724,0.1498705821450661,0.16080019339383239,-0.081109906823340086,0.9836485555418748,-5.4345874461945796,-9.9674592729012854,-0.76389483481414111,0.3657986058932989,0.2878497917685792,0.9569160997732427,True,7
-0.73329143641031247,0.66904114945614745,-0.12110990719878945,-0.67914909925854838,-0.72920162327739257,0.0837943529476744,-0.032251670710285466,0.14369736582141704,0.98909599978585649,-5.6872982576753248,9.0644626307676681,-3.2800946258062491,0.4485704855040369,0.214404358586349,0.6212121212121212,True,5
0.23362337661204352,-0.95682236737949522,-0.17294818641051379,0.97011330019385822,0.21737843605276794,0.10782764175402174,-0.065576693171951125,-0.19297039363993457,0.97901078875111491,-13.096078814151049,-0.7433171069848441,-3.2382841101576356,0.1180408060147245,0.118852658044677,0.5428571428571428,True,5
0.68105403366605022,0.73082468184097571,0.045394797490919514,-0.71289740631840759,0.64764153253299805,0.26895675005992914,0.16716067507548618,-0.21553591290165197,0.96208189825916668,-13.050807967626124,12.38778647269161,-4.9448177185589577,,0.4130214869874415,0.3333333333333333,False,2
0.95914512448549527,-0.080534737322438266,-0.27120985649513291,0.14425682989051267,0.96386426947299553,0.22395454240365081,0.24337336995991241,-0.2539287815858905,0.93610340063299702,12.299168453305363,9.4170915491779326,-0.38405266604337529,,0.09264538945982836,0.4705882352941176,False,2
0.96225549117164555,-0.18513767219120747,-0.19947032873496631,0.24241077834033814,0.91622531806422536,0.31901125541670072,0.12369876415892758,-0.35532408991472708,0.9265222106737776,-17.628830434876718,0.27646456605886427,-4.1561689933468067,,0.1322078219084838,0.2424242424242424,False,3
-0.46275398201498197,0.88212794111869763,0.087801182377953702,-0.88610134074512348,-0.46319869362856037,-0.016473741241453496,0.026137445532665532,-0.085424034782278835,0.99600179127476662,4.1022851297776448,7.4864606200764046,-1.4032591769976057,,0.2076111752437643,0.2105263157894737,False,2
0.68885674111576178,0.71660280669288678,-0.10934718862069925,-0.7002088524305129,0.69681426267619084,0.15542665893913382,0.18757386064512821,-0.030500832298720013,0.98177683107301361,-3.732176012478698,-12.144276512895612,-0.1738844594019836,0.890334927827325,0.8813039949699276,0.7202797202797203,True,3
-0.0033686085272241146,0.99841651898318373,0.056152534209003901,-0.99453145921164621,-0.0092063616001638836,0.10403085861628614,0.10438308826119778,-0.055495022547883327,0.99298765015354851,-22.302729596032393,13.445508509350612,-6.4073226552829272,,0.1447467891724527,0.2307692307692308,False,1
-0.79147369690475056,0.60539626699835181,-0.084052049424086075,-0.60939156569643038,-0.79221068241280113,0.032313376937397734,-0.047024533660438531,0.076795797902656504,0.99593729654959395,1.4186336304068734,12.416486020084497,-2.4976329904579293,,0.1615509130116812,0.3684210526315789,False,4
0.96600229757178813,-0.21288716248510975,-0.14669225315286999,0.23585586245864462,0.95805693518129864,0.16278489209661412,0.10588471669658492,-0.19184880765867682,0.97569588590401912,1.5746930353545339,13.935094903520813,-2.6669439637746137,,0.09490278434544024,0.3181818181818182,False,3
0.46560686810968077,0.88184829933617359,0.074523964783107022,-0.87194633467800742,0.442708807323071,0.2090896969249641,0.15139297807587965,-0.16233449687753776,0.97505265361047744,-24.452558119531197,5.8537321164477776,-5.7970956220604348,,0.3068037329832959,0.1538461538461539,False,2
0.62416272976673837,-0.74188089622088038,-0.24501759649592292,0.78068723169834886,0.60457626979987322,0.15816124764948269,0.030795016371224754,-0.29000046520199912,0.95653091803104917,-12.494128106616795,-8.5965450530281569,-2.0801440257716477,0.5880530775405042,0.5317939294157182,0.9371900826446281,True,3
-0.51593468459840763,0.85626859966893776,-0.024808999361909695,-0.85647755778860879,-0.51508512622936431,0.033667577010250846,0.016049742452860116,0.038618621910643913,0.99912512119800123,-9.8334664692429747,25.051419761893925,-6.101855195467297,,0.231200062039811,0.6,False,2
-0.98630208602808278,-0.047481762481978024,-0.1579673299396373,0.05597728972451689,-0.9971907649620696,-0.049770687251235415,-0.15516036263089464,-0.057931515653984113,0.98618923202511266,-19.215692681833822,1.8839520417908289,-4.6274319898685734,,0.1619203144909558,0.4736842105263158,False,2
-0.65645745459287186,-0.73616393320592421,-0.1647005578504003,0.73466167049524844,-0.67346118298961899,0.081989419508587846,-0.17127708607569325,-0.067176621327719677,0.98293003887988573,18.507233288305091,-17.859132008155171,3.7808880558868805,0.7612403590066801,0.5096010092514398,0.8571428571428571,True,5
0.68537637973333976,-0.6575632895264405,-0.31284139491248319,0.72618736049883303,0.64903399331604195,0.22673066173760106,0.05395494004592627,-0.38257730694253061,0.92234671824495684,4.9361373472650838,17.049052564604288,-2.514267763327612,,0.1699400543677008,0.2352941176470588,False,2
0.83667712762083479,0.53273888743473474,-0.12712459215647801,-0.5205155540326355,0.84565134431610256,0.11805660450168541,0.17039642638931229,-0.032604933233637029,0.98483601487891492,-4.859525320775087,5.0057515463493063,-2.5538197852579718,,0.08895514845477108,0.217948717948718,False,5
0.41682230092059441,-0.88269462415538058,-0.21704693027650176,0.90841128423823281,0.39600416846210479,0.13405087552597811,-0.032374498048704486,-0.25304327504960167,0.96691312579169475,15.212062804660322,-6.4734130736953679,1.967428920375266,,0.09478704477627524,0.3157894736842105,False,3
0.75514572277234571,0.64965012493692353,-0.087804627144997691,-0.6336103862976169,0.75765518833015655,0.15651355842922904,0.16820468410367354,-0.062556620479651645,0.98376514142337268,-18.889237927102382,0.069685188608411192,-4.3569030439044489,0.2285049698150379,0.1953223404641235,0.7926829268292683,True,5
0.67513275128807038,-0.71966150866557732,-0.16212057575578515,0.73750707044557551,0.66343545698205431,0.12624070445699709,0.016705962438205352,-0.20479430500919565,0.97866245634274507,13.180408370419498,6.7113221435085464,0.080994938576213135,,0.09868231945518244,0.425,False,5
0.44564934174473081,-0.87963865388938911,-0.16623027036660074,0.89466080547852123,0.43114221292455585,0.11704031516978151,-0.031284298665832946,-0.20087864699410427,0.97911647000691726,-3.8314951489143154,4.4614784182430354,-2.3360993809740283,,0.07920887164938376,0.35,True,5
-0.64494457754556411,0.75394480303850975,-0.12495489532546528,-0.76414703513226578,-0.6385964169478674,0.090961117846660611,-0.01121608635587476,0.15414879251090374,0.98798398224580986,-5.2905479779177487,3.0797605742894314,-2.396944570674735,0.4246021464807246,0.3791423820256373,0.9380362249761678,True,5
0.75886041289973372,-0.56952351884297459,-0.31586996567948755,0.6491160672333478,0.70071016267569752,0.29606350532024039,0.052718165684671761,-0.42970714377086194,0.90142807011936898,-20.373914836922875,11.840970032817721,-5.91979520173044,,0.443184755354773,0.1304347826086956,False,3
-0.18832290688632816,-0.9676970853797181,-0.16762110156386725,0.97343810647013262,-0.20654898286816795,0.098771304273912661,-0.13020267130027713,-0.14456786857295142,0.98089112329684569,-5.087725585716858,9.9928439198614498,-3.2956234884212248,,0.07709694375586701,0.375,False,5
0.9759461454577083,0.17334015513207662,-0.13222069348264401,-0.1466479866430935,0.97073351204975233,0.1901862681611938,0.1613179753771129,-0.16622165683911966,0.97280361410609928,-6.1201424232037196,-7.4489186073190439,-1.2156070996577466,0.2606495053248437,0.1979797668590669,0.5633074935400517,True,3
-0.47645758532132693,-0.86169343315835123,-0.17456401874827202,0.86579307521857951,-0.49439059123606655,0.077332361924422222,-0.15293959687840145,-0.11429072818487496,0.98160435469574281,1.069789613930457,18.429748438755457,-3.3243266109938903,0.3611147333870062,0.3044156089683372,0.5357142857142857,True,5
0.1841782776442959,-0.92333707449329783,-0.336937692919833,0.98026594449703386,0.1475101208161354,0.13160335222230385,-0.071812534444338549,-0.35452702453123108,0.93228404940431819,-18.022931581427031,-3.7409039269342808,-3.6708639787024788,,0.6696860146850868,0.3644859813084112,False,4
0.87399268871926616,-0.4153306434365851,-0.25226421999130505,0.47401008783553461,0.8429801767625773,0.25435970242057498,0.10701035788846829,-0.34188430529623159,0.93362942600193144,6.0767743895328241,-14.244225297871997,1.5595220612522478,,0.2999677629475154,0.2105263157894737,False,3
0.49932257541956254,-0.84821897808716007,-0.17663955074996593,0.86618018317340328,0.48394430077461792,0.12461863434276575,-0.020220186796003292,-0.2152265758695717,0.97635478443309454,16.023026731890386,-9.2029348490902887,2.3883052208851727,0.2280772846492155,0.2185867964456706,0.3571428571428572,True,5
-0.98286409888368442,0.10937539755914401,-0.14837515133721785,-0.10941259959531507,-0.99396473569536992,-0.0079364503292306682,-0.14834772049262632,0.0084336589219789274,0.98889930085010636,11.7247681698367,1.1754504775601786,0.54631897252506789,0.2352343951704332,0.1495456908134415,0.4358974358974359,True,3
0.62517016403539749,0.77578451365656032,-0.085560822638682268,-0.76130146614684335,0.63028399921040479,0.15219118891054353,0.17199518494022062,-0.030007810816387773,0.98464063883601038,-0.59356783053096718,-13.497995713076859,0.44806439377073887,0.269015436415328,0.2505447821717668,0.6923076923076923,True,5
-0.90135824984345048,-0.37314561196829643,-0.21980822939088956,0.39801146015700489,-0.91381318719771265,-0.080822871065357113,-0.17070495898725738,-0.16033655594518698,0.97218928496707624,-17.297867905104358,-10.090497864645471,-2.6662864151097945,,0.1089263472799176,0.4,False,1
0.089730545047952193,-0.97783126937347509,-0.1891941804624456,0.99180577525003066,0.070384108640082071,0.10661792265668607,-0.090938074897610272,-0.19721076513821495,0.97613430461566952,10.237576979003034,4.9205017391685333,-0.13125123840469624,,0.09542965364567384,0.25,False,5
0.80944568592284549,-0.56563416613037076,-0.15765681604959145,0.58444711231585045,0.80201930465110916,0.12323395584259847,0.056738474129626085,-0.19189326479309274,0.9797743211987594,-4.380592087484434,11.104741086846596,-3.2679191034762645,,0.0751856262858946,0.3235294117647059,False,5
0.91259695814911812,0.39180172960445664,-0.11686828764011831,-0.36441323686140137,0.90906120122047718,0.20201664593735719,0.18539089723385394,-0.14177142559253472,0.97238422349824616,-20.908015714736145,6.1457548537324458,-5.4268046445551414,,0.2287140550807255,0.25,False,5
-0.070738689909335309,-0.90609213213524065,-0.41712478448604007,0.99089181061021492,-0.11186751621073385,0.074960512821429071,-0.11458384447871067,-0.40802292447784816,0.90575263493131686,10.99618037631426,-2.0835329585479108,0.83019546710645231,,0.1212580206060838,0.6363636363636364,False,1
0.083278841764960213,0.9946291851903396,0.061460706812478005,-0.98973095212605433,0.075363268449148368,0.12146201123115266,0.11617778151583803,-0.070944779485627024,0.99069145617886256,-15.604195938963313,-9.1500640721834507,-2.5238608818646839,,0.1241887248338823,0.2631578947368421,False,2
0.98951003186927167,-0.013147305107944176,-0.14386467668775466,0.0456739201980845,0.97323981315557628,0.22520692507700185,0.13705396690286847,-0.22941537537248452,0.96363104749633832,12.560471025802046,-1.038793597824714,0.92162967201608659,,0.07138281524864502,0.2352941176470588,False,5
-0.82388712853249724,-0.53193773889530349,-0.19558180226551558,0.53918201719123116,-0.84198170322857879,0.018696624451897778,-0.17462173912795123,-0.09005028243849271,0.98050915082760781,-19.634562290965555,12.833009323643603,-5.9566946225715878,,0.2596504419903986,0.1428571428571428,False,2
0.47760267348850155,-0.86119223583449123,-0.17390692687477333,0.87828584337459137,0.46291185858893441,0.11969372792892148,-0.022575730429381921,-0.20990603639755182,0.97746089040915141,12.5069154356163,-2.6297796630873278,1.1197517652674205,,0.08195678897073502,0.2916666666666667,False,5
-0.63397301316844201,0.77265152887359023,0.032982321074033982,-0.77330267301486155,-0.63285627373384401,-0.038677030700201065,-0.0090107980887948885,-0.050025510742199561,0.99870729134856395,5.0354657316970792,3.3018691512188783,-0.78230015518653984,0.6528184977379383,0.55785514879267,0.3958333333333333,True,1
0.98697100629406642,0.059220593690078677,-0.14960332221536579,-0.033877065237184721,0.98544360526053343,0.16659305298252708,0.15729137670513127,-0.15935439163737583,0.97461048664586414,-0.36468037814920673,11.488044876582757,-2.6591965634674688,0.2342998590671753,0.2010117076330888,0.6122448979591837,True,5
0.78301757671091354,0.61116280735849826,-0.11560059456356163,-0.59684696767513534,0.79058060646161232,0.13695255333065631,0.17509189512586187,-0.038240392106638085,0.98380917899395814,-2.645977195836843,-6.0172621713212084,-0.82788345456268309,,0.07809556111508095,0.2460732984293194,False,5
0.81531007317777204,0.57647275761723027,0.054301420792118749,-0.55205459912240218,0.74562035120538783,0.37321041177351721,0.17465739080457027,-0.33425955722094264,0.92615622021546629,-13.536404555426293,0.90040381241648704,-3.5407920659156771,,0.07634916309724998,0.2857142857142857,False,1
-0.0084253126846625288,-0.98286596732470677,-0.1841290427418712,0.99433792435271973,-0.027740773490513765,0.10257944082552012,-0.10592972340232956,-0.18222222630903234,0.97753463055734724,-7.571663431676166,4.9664153161964188,-3.0201952055447157,,0.07644746081891596,0.4065934065934066,False,5
0.79256525249166598,-0.57192617089409648,-0.21152015409704755,0.60780615163843799,0.76887825078758498,0.19848908659242631,0.04911214282938528,-0.2858788038876624,0.95700642992326101,10.356534434917528,-2.9287044236754327,0.83074700110521471,,0.403183683370321,0.6065573770491803,False,1
-0.96575238421829557,0.22428352040111388,-0.13045778954574525,-0.21499461091999936,-0.97320258655266645,-0.081572316398141081,-0.1452571845109113,-0.050730937342843126,0.98809246649505444,-27.088357414101154,-6.9064039940409767,-4.5707873729716564,,0.2576887482970492,0.3125,False,3
-0.34996612982679548,-0.87272831607009427,-0.34039535000277821,0.92443875872050985,-0.38050190660492894,0.025125294929577199,-0.15144863601016359,-0.30588165260354067,0.93994666085432155,-25.394601479659535,14.494761417464513,-6.8787815512003343,,0.277943268112846,0.2352941176470588,False,2
0.41214617030045203,-0.89557215375481147,-0.16758893676385631,0.9105002961473313,0.39806901232126296,0.11193869815750188,-0.033537218463864774,-0.19872488230854024,0.97948133015855077,-15.421012090677507,-2.3413054513017828,-3.4206676332915515,0.1390303598587322,0.1058073568363048,0.4,True,3
-0.45930776715738691,-0.82011647832889212,-0.34124087826975202,0.87357437273373562,-0.48665067646215865,-0.0062397437274360479,-0.16094778759509626,-0.30096524894469057,0.93995517371622817,5.7338968746693721,7.456237396538107,-1.1507881512453988,,0.07452542601309521,0.4090909090909091,False,5
0.31794200976687803,-0.93282282041373343,-0.16957141310011009,0.94629961026214571,0.3011703017617538,0.11753083405833041,-0.058565570458343014,-0.1978333517183184,0.97848456242537973,9.23109232178534,1.71060278585236,0.081144276525543221,,0.07447778224712634,0.2682926829268293,False,2
0.22683392095694443,0.9696712050712204,-0.091017176175853892,-0.96570417052853719,0.23605585724486028,0.10813457950250897,0.1263401255622652,0.063367075963168221,0.98996100244241425,17.961917651632326,-12.548972112815866,3.1261951300011752,0.5426216190941722,0.5619263557758338,0.9722222222222222,True,5
0.78367204448715888,0.60947946899353478,-0.11997042787569294,-0.59604525257385665,0.79218883623737468,0.13102253479856935,0.17489477857696403,-0.031170893734923641,0.98409358894887744,-14.537503602846892,1.4569996299702259,-3.8030365802815251,,0.09410546826176641,0.2962962962962963,False,2
-0.65112398724838338,0.75099686652691766,-0.1097326737873498,-0.75874202114558353,-0.64764208334163609,0.069787371585571162,-0.018657400078373756,0.12869902234150432,0.99150817599788788,-14.326711343147851,-1.6052283863242094,-3.3456735484823037,,0.07327124373274832,0.3333333333333333,False,4
-0.71672527699777355,-0.62904827866000546,-0.30100355550615976,0.67429871586778556,-0.7352187935028448,-0.069098244979718892,-0.17783733885638586,-0.25249076972259016,0.95111633994657718,12.977814807382062,2.8399978491397624,0.51726875381468029,,0.2454389711577526,0.1363636363636364,False,3
0.84670600865705337,-0.49620792925380458,-0.1920068380284749,0.52437685579775228,0.83935639478167212,0.1432122747629429,0.090099101037162441,-0.22194263557226868,0.97088805663038735,4.8844516983453143,5.5368490238518095,-1.0539762513203947,0.2576967640144107,0.1829280345106591,0.632768361581921,True,2
0.3930317404247412,0.91268045453686419,-0.11198410121566893,-0.90530382271860765,0.40540865605050447,0.12676281067568065,0.16109326363871884,0.05155782681325792,0.98559157408356501,2.1459883460115496,6.0002356445591785,-1.5229067202007338,0.2308416615922851,0.09862854518628597,0.5151515151515151,True,2
-0.65583745777997082,0.7465742805835196,-0.11182161036179813,-0.7548047101182187,-0.65089843711506767,0.081246994679889023,-0.012127594817473317,0.13768830063721074,0.9904013597080632,5.9038333603631887,-1.6181961402109848,-0.0014595567885454447,,0.07260087882135746,0.296875,False,5
0.91230505219208424,0.38527829256232093,-0.13878086692718072,-0.37230662479255378,0.92147932786412612,0.11074125452898539,0.1705499014375963,-0.049360769841439729,0.9841119070107246,3.5381518748422374,-4.5324809548627343,0.0080229956769736557,0.1736012747349617,0.1248186858126523,0.4262295081967213,True,5
-0.48153295029332227,-0.80684658307453194,-0.34223472816586359,0.85996208741438274,-0.51031144898130965,-0.0068871800103418868,-0.16908940236368283,-0.2976252953287909,0.93958924940036626,0.88362700569725461,-4.5739635060829418,-0.41835155210459507,0.5042258012373482,0.3418344055880329,0.2470588235294118,True,5
-0.77444657275080631,0.62164674513403184,-0.11742159179126847,-0.63081977171370074,-0.77286817463765667,0.06885637405013631,-0.047947070500767075,0.12739744462320299,0.99069216688831929,-2.9714784774261243,11.173693057988276,-3.0013576402946645,0.2038176196492647,0.2068880864741184,0.5538461538461539,True,5
-0.63482522117140239,-0.7551283232944983,-0.1636403187576998,0.7539314041968268,-0.65173202320396584,0.082660799029936796,-0.16906914659535716,-0.070898415277824478,0.98305088290515874,-2.9681486897687233,-9.3164925113936761,-0.4288516288897089,,0.06829556165494674,0.1807228915662651,False,5
-0.2572502281393052,0.96633329450131944,0.004720599591759439,-0.96485173390716961,-0.2571211380521351,0.054312539464717674,0.053697781132995066,0.0094172344669331554,0.99851282615517334,-1.3973082636417722,10.24569464558,-2.6202803343144812,,0.1196177458099292,0.4444444444444444,False,5
0.9311168566704402,-0.33237376488029685,-0.15016350969345879,0.35370603481890156,0.923330370459014,0.14950942418694163,0.088957518832587984,-0.1923244846797155,0.97729107866378917,12.019451602461844,-4.2270578512692243,1.2363227048072578,,0.07132304425298389,0.3636363636363636,False,4
-0.51035846912234639,0.85987451877216803,0.01224928411904147,-0.85782884320644115,-0.51004359840364866,0.063128468146769534,0.060530230118472125,0.021710359135479806,0.99793023380796242,-15.294994675989708,0.87380256244958776,-3.8527422080306724,,0.1533269782455284,0.2666666666666667,False,4
0.93579243127946743,-0.27195186341049449,-0.22435398268723228,0.33658288648336482,0.87851129375006365,0.33901307833196537,0.10490226921563399,-0.39275958389471399,0.91363856265607657,5.2950825119113949,12.23500554693781,-1.820505769045297,,0.4666014349149793,0.7083333333333334,False,4
-0.15119829095102302,-0.91507095245140324,-0.37387729109050383,0.98065313831920675,-0.18642727775414161,0.059701695234494312,-0.12433221271328747,-0.35761714456785154,0.92555468708929123,8.9712822337102889,3.002724243816242,-0.12694870799736482,,0.5031495198188896,0.1968503937007874,False,2
0.94958527586856978,0.28981674847585376,-0.11955775238978669,-0.26722187935335129,0.94765293896435265,0.17477521124887457,0.16395203886648296,-0.13401551990388855,0.97732265366992022,1.1202302227763286,1.9954844657690471,-1.2231896741345361,0.4280264967834196,0.3584496831238282,0.7755102040816326,True,5
-0.69367459027123002,-0.69608358153367822,-0.18515725838132624,0.7001397212394751,-0.71198742072608545,0.053649636257171715,-0.16917426977750499,-0.092420561819673119,0.98124334708480188,2.8113350696993744,1.5780166965266034,-0.94461021205079299,0.5297452024043869,0.590766138827994,0.5787965616045845,True,3
-0.46006353788883758,0.88787261210895752,0.0048750150794053815,-0.887443235327253,-0.46000056225525909,0.029051450854386734,0.028036497233168672,0.0090392141065362419,0.99956602955044049,-13.443667730607743,-3.2351975989839263,-2.9654920076071738,,0.1371547449399971,0.4375,False,4
0.87803299011264746,0.47460676427273957,-0.061696738814996543,-0.42805693617407115,0.83641404383481621,0.34231390078283314,0.21406851161979165,-0.27415318087239549,0.93755784128257202,-3.5587758118664001,13.692792967072615,-3.4884217135887492,,0.2283046572339996,0.2142857142857143,False,3
-0.29741550929585897,-0.92368521809271542,-0.24155668632289715,0.94856784498175006,-0.31461741485775907,0.035141510139718377,-0.10845763365002964,-0.21868127525061315,0.96975019544097152,8.5866354623947174,7.2707220410207114,-0.68558774745631801,,0.525849297462512,0.5084745762711864,False,4
0.86663225133995747,0.49697144497319301,-0.044361287387706033,-0.46531512155011867,0.83710486066359191,0.28764090444543355,0.18008436521318646,-0.22863690676407739,0.95671039832914895,6.8389192780983379,-13.30033497771786,1.5850703712898251,,0.2620394489049264,0.2272727272727273,False,4
0.99466893733553741,0.015333276472293928,-0.10197350505115724,0.010203097137555434,0.96939691508082326,0.2452866034674247,0.10261384852248653,-0.24501941079108042,0.96407255247050627,-16.111955089058824,17.640533033935551,-5.9801344732630737,,0.2530978410057808,0.3478260869565217,False,3
-0.54139422891077105,-0.81943057144612697,-0.18821750046578595,0.82458133470917683,-0.56121181204239645,0.071462748850886298,-0.16418864562248695,-0.11651111793973311,0.97952399054085959,-23.28909867746545,-6.3129517001971855,-4.1655233761595083,,0.1849770037178506,0.8421052631578947,False,4
-0.82037111887565761,-0.5478656742587501,-0.16381217990035662,0.54402351190197584,-0.83601323466338273,0.071556201446891149,-0.17615233694885318,-0.030415036358232256,0.9838929208764462,-2.2040496034049717,-8.7379980519027693,-0.39465555644788647,0.653858872631852,0.6509601744531427,0.9206730769230769,True,3
-0.28344428413952555,0.94930001876285175,-0.13597357156992584,-0.95708270297790654,-0.27108796984142514,0.10248908365167107,0.060432089564539902,0.15918789835946831,0.98539696344506744,-23.601493029432746,1.6593642615954978,-5.2122797073454752,,0.09303913438727496,0.3846153846153846,False,1
-0.6327568364851649,0.77038384720029429,-0.078278437990045024,-0.77434996739988016,-0.62963977689139528,0.062736586964540042,-0.00095596500550072794,0.1003119102052637,0.99495558031596587,-11.597191612306407,1.0335123506415227,-3.2400285697972722,,0.173491832231419,0.5655430711610487,False,5
0.80023205024946642,0.58837099578797725,-0.11596653426312389,-0.57428729151272739,0.8075556809851272,0.13434258042639982,0.1726927113705494,-0.040907131702334412,0.98412592386105568,1.5063865759361053,-3.4766776810352158,-0.46087223153108631,,0.06714646981171295,0.28125,False,5
-0.98503381914975363,0.12222684242709329,-0.12152766813180552,-0.12135211294309844,-0.99250212386899195,-0.014601328699350741,-0.12240114303182477,0.00036483673545986695,0.9924806431758052,15.946031414827365,-0.14803088816097998,1.3368772783084406,,0.3344033428587316,0.2666666666666667,False,3
0.82413521039562665,0.55550338551323297,-0.11053118867312729,-0.5363733547924987,0.82813875977675522,0.16275693172353564,0.18194718809258426,-0.074847733691514692,0.98045552551171211,-20.189153789701948,-1.7367619153070186,-4.3198395750080198,,0.09849329063056456,0.4814814814814815,False,3
-0.82445622878785796,-0.53668483968998415,-0.17955865242265509,0.53842438732314257,-0.84156791814791632,0.043158061586228563,-0.17427307866851477,-0.061096824722061099,0.98280011806077827,-2.5568835717323375,8.7113179691413354,-2.6749984435284699,,0.08944673245183944,0.392156862745098,False,5
0.98552554621489985,-0.11157947146705371,-0.12763000942159813,0.13303922407536145,0.97565797673114141,0.17433323635590056,0.10507122639072058,-0.18878965540524054,0.97638030674359755,-17.139708975912725,7.1704856639770842,-4.8851965270716065,,0.114193032405096,0.3333333333333333,False,3
-0.91241729993339715,-0.34628512907554154,-0.21813133695868819,0.37246940385111765,-0.92347609915416318,-0.091969763976009464,-0.16959131456841231,-0.16516205276075219,0.97157618453254213,12.639856508615992,2.1060261517613363,0.58045642545575782,,0.2210914611708957,0.3333333333333333,False,1
-0.91550561921040219,0.38089353836629186,-0.12949738848712697,-0.38815620921597666,-0.92091178432035725,0.03544351487902854,-0.10575546530209508,0.082713952454849984,0.99094610530948424,-17.786034788961743,-6.1172327027022737,-3.3319514429824122,,0.114369894110935,0.55,False,3
0.96873319247034573,-0.18092240080677638,-0.16977363367885784,0.21596428008354623,0.95174044753988141,0.21805859360405944,0.12212874982659258,-0.24790563810227662,0.9610553381896878,5.9730635260403044,-16.186036038873784,1.8021531976734102,0.6294307317819916,0.6542509123200121,0.7205882352941176,True,5
0.82890056866547135,-0.53262893393131649,-0.17096861116956819,0.5559300155096053,0.81831730196824237,0.14594043701082171,0.062174473230994107,-0.21601669388871095,0.9744080884515699,7.643174391708647,4.6728503646518327,-0.53005689199754513,,0.0785620873191595,0.28,False,4
0.53927826820425306,-0.81881430308180747,-0.19677928374520637,0.84190564668290546,0.51884585572473008,0.14830327063389914,-0.019334723325167683,-0.24564632109178275,0.96916667988948735,-12.179244146953764,20.020815308815997,-5.7187478086757553,,0.1826164885607916,0.125,False,2
-0.10941199364142221,-0.96460024255555454,-0.23994871891547093,0.98293709058300005,-0.14090452169026338,0.11823955228038473,-0.14786376027829512,-0.22291767051762498,0.96355800062443508,-7.1680209716664889,14.216713481305183,-4.1617155522800848,0.5550279877236239,0.5409339529141431,0.7368421052631579,True,6
0.87687905756945683,0.46733915658059694,-0.11259321081947582,-0.43446085324819611,0.87071001487703514,0.23045137662353782,0.20573498825176056,-0.15316064350664818,0.96654794598596006,2.0986760820721559,-5.9185814826154903,-0.07498402047567207,0.4842296069825394,0.2665669608763578,0.313953488372093,True,5
-0.97784820126081717,-0.13141562532369855,-0.16291970019542207,0.14116611245792324,-0.98873555556868142,-0.049740625727946464,-0.15454780485177358,-0.071637522117058108,0.98538471747862322,-21.621289735042765,-1.5242842504254899,-4.5616062567245645,,0.110024032769531,0.2352941176470588,False,1
-0.71384436636037585,0.69370851304679493,-0.095889100224992613,-0.69916143624572413,-0.71378658196961875,0.041012211193072218,-0.039993833054232431,0.096318296945772611,0.99454677064032371,-10.980300240676785,-9.6054101253887669,-1.6826373105870005,0.584740472958505,0.4240110094554206,0.7373737373737373,True,3
0.77955039602463672,0.62608184206070716,-0.017964050203237852,-0.60146503257215411,0.75628584681984135,0.25743257853848533,0.17475981989808248,-0.18987692050870125,0.96612926692411227,2.8804508589074849,8.767749612875674,-1.7757867007799579,,0.198105531890556,0.4,False,1
0.86445171685464472,0.49242527154021265,-0.10119575670751088,-0.47192740313665021,0.86426142036865927,0.17417440521226313,0.17322746720931836,-0.10280831294645353,0.97950124828575347,-20.58449670752794,10.875636296316397,-5.8592214000054632,,0.1207347103350382,0.2105263157894737,False,1
-0.8575958812844241,-0.48081055779552773,-0.18262122526241603,0.48414211887245839,-0.87451221863227369,0.028892701440763766,-0.17359640876953297,-0.063636365194851094,0.98275871905931689,14.201377234770215,-1.5425697116881467,1.2462611111955821,,0.07158937864782537,0.3333333333333333,False,3
-0.59629316798688292,0.79776195561820873,-0.089500390950993144,-0.80275935429408596,-0.59209152939063514,0.070746306738960651,0.0034462886576056007,0.11403281541763406,0.99347100617099959,15.928144659924317,6.3869802010560548,0.5157962479806929,0.23876416312013,0.194547362309175,0.8648648648648649,True,5
-0.29673968934742073,-0.91836940082425689,-0.26180756367166508,0.94434857957755236,-0.32295315232118738,0.062506172940503063,-0.14195533458048132,-0.22868953853533536,0.96309385728943353,-26.803714160787301,1.056508100458289,-5.5392643246768714,,0.5107373733676912,0.3214285714285715,False,1
0.6677175670369504,0.74256651881543201,-0.052423428012560627,-0.72440536966679481,0.66437454799252416,0.18396554127783055,0.17143544285873882,-0.084861210892029026,0.98153373035151881,-0.42835785767210777,9.2092749041610968,-2.3618546423662599,0.256688782412733,0.2212038062303853,0.6808510638297872,True,5
-0.24289642950839918,0.96989206739517142,0.01762674490634078,-0.96937442215818503,-0.24336579336824499,0.032959373230246336,0.036256781400963924,-0.0090812015816521818,0.99930124466062664,11.422777732135161,-5.6153283749226031,1.3401706070819233,0.9601837512411312,0.4980542669106269,0.6875,True,7
0.53811985800716611,-0.81870065327615682,-0.20039026608980409,0.84278282043364061,0.51925081025482889,0.14175935112585217,-0.012005665340427712,-0.24516899554164434,0.96940601794337744,5.0497257971053475,20.980528375059006,-3.0107076435682578,,0.2064772198887901,0.25,False,1
0.87310000020854506,-0.45681828878651637,-0.17033332224200012,0.48334295687461964,0.85678645863320213,0.17971241009589475,0.063843368297244102,-0.23923631691892977,0.96886015966780625,-6.9853223536380042,2.9197398677197142,-2.6302086121757293,0.2886421468580887,0.2226575973764392,0.5186721991701245,True,6
-0.92398801922998508,0.37370914925244891,-0.08116410588714694,-0.36277032254611963,-0.92369895301163363,-0.123198771442722,-0.12101170769488956,-0.084390259925080507,0.98905735457077737,-14.048560514655783,21.529472447619138,-6.1610978044973495,,0.5240422688398955,0.2857142857142857,False,3
-0.69074195854966303,0.72261147749730659,-0.026612013981209159,-0.72179211636327101,-0.69123785709880603,-0.034732775145119632,-0.043493533482651101,-0.0047830432374189324,0.99904225888727194,21.547962626586148,-14.71592104868934,3.8981179891325195,,0.2012731914894308,0.2,False,2
0.5008158188633457,-0.84171451800464081,-0.20174287039806973,0.86542243543273756,0.48288638584676358,0.13365906857942683,-0.015083892929405568,-0.24153138211020642,0.97027576885647715,-19.385878967043602,2.9338678586939451,-4.7885661886013029,0.3019269816346476,0.2560553331009476,0.8493150684931506,True,5
-0.78230795820575794,0.61792838385573745,-0.078477837338804368,-0.62117335415233976,-0.78328536770185231,0.024651507769442429,-0.046237675320792843,0.068033412156172771,0.99661102352488484,-13.180453525820079,-11.193162465714403,-1.8657279775399431,0.7809604832525012,0.5591043735589702,0.7976190476190477,True,1
0.85258027066176367,-0.46963787676587393,-0.22923164437999793,0.51827881259300268,0.81611966428118699,0.25560861877243463,0.067036963650684414,-0.33673276983448847,0.93921088538415709,-3.1370507920527149,19.286144783304259,-4.1512463959531125,,0.4409794165785264,0.4324324324324325,False,4
-0.44620765550506103,-0.8172333982170894,-0.36473044979440039,0.88069385081552631,-0.47339037908227877,-0.016729917156279514,-0.15898763884150463,-0.32868088145020685,0.93096283967982252,7.5167131828116247,-2.7176508223380735,0.42307543944745946,,0.3802638959256769,0.2348484848484849,False,2
0.70793571042498871,0.70170175129457657,-0.080260090550599225,-0.68468391862204858,0.70973088704322818,0.16580108430642981,0.17330597648500828,-0.062423715100561064,0.9828877445098303,13.441771308735362,13.572144656274819,-0.76204684302733405,,0.4415063932179395,0.2058823529411765,False,1
-0.17143623319285986,0.9822807315805292,0.075724383881701246,-0.98312334360402287,-0.17555180424209685,0.051478687708509954,0.063860075238674555,-0.065621097163674064,0.9957990572387313,-5.7366019877615102,-0.11143276573956874,-2.0723827620045348,0.4646495920395274,0.447523384154185,0.2940580688723835,True,4
-0.87952653747439502,-0.40819795977437356,-0.24455571045130398,0.43331254335286679,-0.89943334772298622,-0.057095470721356636,-0.19665530669517425,-0.15618603855614721,0.96795279415308599,6.0228175246981701,9.0715455560516371,-1.3001321527936738,0.9932665496351578,0.520198811159906,0.1290322580645161,True,3
0.98178560595779352,0.16583010367330506,-0.092722169138724025,-0.11370075019619501,0.90381981959419544,0.41253105715029398,0.15221420215903539,-0.39447447372981886,0.9062122964497179,14.198228324701315,-5.9862200195199531,1.7748046253143122,,0.3455342839764126,0.1764705882352941,False,1
-0.82659273991080384,-0.51991392873056874,-0.21548538010430585,0.53668969326869953,-0.84344719742857954,-0.023685402445920642,-0.16943616929658564,-0.13522696425573258,0.97621977682911099,2.6873159060676381,14.551233071196808,-2.561761948404143,,0.2236332625927486,0.4444444444444444,False,4
-0.88167537276399277,-0.42105964734288753,-0.21297255795279924,0.4356712523561973,-0.89976626219767097,-0.024723132512187121,-0.18121560896307409,-0.11458379811437501,0.97674533849813028,-0.065212208353055162,24.778537881401828,-4.338363526069684,0.8515514244832859,0.3903134819458604,0.7692307692307693,True,4
-0.84844889913460542,-0.46654899277984591,-0.24993299680792042,0.49573173059184694,-0.86593113991333559,-0.06643276460304684,-0.18543062541470653,-0.18026452303352042,0.96598146198247958,-6.090527387326496,30.406588904414665,-6.0166555137702469,0.1758854824515983,0.1484628147556284,0.1538461538461539,True,4
0.8906644636088028,-0.4013893104363,-0.21354960719213759,0.44814456434434552,0.85427442718588031,0.26340397207493627,0.076702429642491993,-0.33030565318157767,0.94075231212218169,-6.7836607452520585,17.09365350036569,-4.4723412316112396,,0.2141614163562451,0.53125,False,6
0.2170353515562474,0.97481701896889583,-0.051258518350141127,-0.9670028531999646,0.22187897776963228,0.12520064347690416,0.13342090570065854,0.022394167823311051,0.99080642063397917,0.30908434327675327,6.5006048245283958,-1.9012939868934169,,0.07308229381707676,0.1818181818181818,False,4
-0.041269574330402174,-0.90894272547324673,-0.41487340725075816,0.99329232867207529,-0.082212505997552018,0.081310845886684829,-0.10801468435260632,-0.4087349087940354,0.90623871154201863,-11.896130145577738,11.220902419648434,-4.6268953814903364,,0.5272527296608933,0.3571428571428572,False,2
-0.22853269204312088,0.97187593883694856,-0.056832808986748876,-0.97104552244995412,-0.22338605006602091,0.084671518031726567,0.069594554366127381,0.074537454650004206,0.99478679417093152,8.4077217047167299,-18.441410997714556,2.4190347163654602,,0.1229766774693741,0.4090909090909091,True,4
-0.77045080467294591,0.6354804242243095,0.050697021672902437,-0.63604925368282528,-0.76090261551828187,-0.12832987410170585,-0.042975626444905796,-0.13111765756422861,0.99043488196172624,-4.11237621701392,12.406089787158219,-3.3977705277450734,,0.4993978825084618,0.2075471698113208,False,1
0.98948930237166854,0.079140761486552386,-0.12102751903330947,-0.019097603452503928,0.90113358605037741,0.43312070099956929,0.14333946432996178,-0.42625696470945323,0.89317344228446705,-17.779315365592407,0.98692595574218545,-4.2546468508620263,,0.1748701567894277,0.2692307692307692,False,1
0.46060907997649597,0.88718752287794367,-0.027158326401031857,-0.88120050909168546,0.46074089239378579,0.10584655333421651,0.10641869299968483,-0.024821952499289035,0.99401153537288611,12.528156705318947,-9.1626356527699304,1.9068041189197062,0.3758891030838691,0.2795787367864224,0.3333333333333333,True,4
-0.97520972574098963,-0.1271797184623184,-0.18108371001288082,0.15708857147494268,-0.97424914893912051,-0.1617460246910592,-0.1558498364841796,-0.18618247770196944,0.97007572563414324,-3.8338921440644045,1.0793449521871141,-1.8840809217233523,,0.2560263491822925,0.3031423290203327,False,1
0.90490023041067258,-0.35645054145691857,-0.23259102411267324,0.41699348580531398,0.85195613592035602,0.31668150445453846,0.085276056420579699,-0.38355410825948161,0.9195728574934281,-13.048828382564048,-6.9462831941076635,-2.3810400041678714,,0.2926632215199392,0.25,False,1
0.86015625001781337,0.48557971946820028,-0.15602423400381474,-0.45968999587751574,0.87061214638313777,0.17527007234629435,0.22094418581493092,-0.079036868683733247,0.97207861829342168,3.2351345326472662,10.711572939792136,-1.9792486767847874,,0.1701102200807545,0.2727272727272727,False,4
