axis_00,axis_01,axis_02,axis_10,axis_11,axis_12,axis_20,axis_21,axis_22,location_x,location_y,location_z,dbh,dbh_approximation,score,reconstructed,number_clusters
0.95247787715085031,0.14822663182825116,-0.26611042661846512,-0.076903999098710027,0.96233263178657169,0.26077131882428339,0.29474000146032947,-0.22791395616675719,0.92799976299758957,6.648470379281223,-0.39346924967127928,0.42861501017175468,,0.8984069469510736,0.4180790960451977,False,1
0.66798685156655124,0.69438888981808022,-0.26761471527444236,-0.68295002294316132,0.71486078281696597,0.15017765263929977,0.29558895834611587,0.082450778574427036,0.95175051185503912,4.7332472922277864,9.1356805872449272,-1.7848592550094231,0.2657832674661323,0.2743562840918043,0.725,True,5
0.83125781118637498,0.51617505031324407,-0.20633411927201373,-0.46018307760104765,0.8472054797770594,0.26547016805161294,0.3118364738629299,-0.12572268080916588,0.94178119597860488,8.8317167820520943,-2.4899946243660196,1.2770114968453297,,0.5300195607471617,0.2121212121212121,False,1
-0.96242723029295463,0.040209637300734347,-0.26854610676525442,-0.021024273974452265,-0.99704104332998067,-0.073940096154322899,-0.2707245949197804,-0.065515975025994502,0.96042482825149511,1.7073592096049532,-7.9163163042198237,0.1036116247826895,,0.2420635401243721,0.1428571428571428,False,4
-0.71875060970289129,0.67092756445893675,-0.18235614686903973,-0.68121242451956954,-0.73203818421728506,-0.0083504208295967497,-0.13909419014428087,0.11822140287215678,0.98319708409405238,-3.6195100747931894,-20.917211486313064,0.60406984223920046,,0.3493103549323772,0.696969696969697,True,4
-0.51860371561645802,0.85469292043147127,-0.023456297941643667,-0.85439123899626435,-0.5190779826824814,-0.023951171593772566,-0.032646544613984446,0.0076196888787286587,0.99943791376261049,-28.876101237463924,15.601452090213471,-11.843704840456159,,0.5306263616733236,0.3870967741935484,False,2
-0.11229850901146018,0.9642931334410727,-0.23984953131536976,-0.98742727970856281,-0.081268978987176027,0.13558289103618992,0.11124932431773417,0.2520597267569365,0.96129573076450736,-5.5253254137117525,6.6483575249732425,-4.016791596504719,0.6488295507666925,0.4322362161317396,0.7189542483660131,True,2
-0.43852447862723515,0.88999365397683072,-0.12493029066517036,-0.89871779108386174,-0.43451623667568262,0.059177462386869384,-0.0016166737638626388,0.13822784070575123,0.99039913692398263,2.2227987337353445,11.477605388169673,-2.8983778175590316,,0.1140980234868592,0.3571428571428572,False,4
-0.90177031332885016,-0.3065667384804841,-0.30467546152624142,0.30092572825521996,-0.9513222643124436,0.066555657141315838,-0.31024830067682108,-0.031666769347147586,0.9501279954018097,-4.4741717560110601,-14.552757967311686,-0.56119310198446337,,0.1009993340461889,0.2105263157894737,True,4
0.51400835658533461,-0.78740537396095134,-0.34027663219483417,0.85726858365585124,0.45778531456456889,0.23563357410545316,-0.029765497427975629,-0.41282609271512105,0.91032336690674465,-18.93603587835468,6.8897021358752006,-7.7656908552348689,0.551957346540141,0.4158029551874402,0.7523809523809524,True,3
0.31255544870855168,0.91451503211096385,-0.25684888071720352,-0.92384756063614126,0.35555206346399221,0.14173360530639795,0.22094066214540153,0.19298960129908968,0.95600221631603499,-13.341573401740764,12.503957811510762,-7.0600098740233452,,0.09109973323697533,0.4285714285714285,False,3
0.87181806714630572,-0.36194916853660031,-0.33003947823396002,0.4530016272514612,0.85209578967402144,0.26214936758904295,0.18634050419811835,-0.37805497565231277,0.90683606670650307,-20.392826888419613,4.5508269427019128,-7.7752516320421279,,0.2632965115033818,0.4210526315789473,False,3
0.93922309546581373,-0.10678599700236696,-0.32627707211482809,0.19426328362390965,0.94891497090884935,0.24864061337744653,0.28305786259927618,-0.29691266195510574,0.91198745473359522,-8.5337707669245138,14.534379657388495,-6.1156283372538578,,0.3191552445928594,0.45,False,4
-0.91753282408573622,-0.25034160017552554,-0.30897022501660099,0.24563822455817505,-0.9678164796490113,0.054709453988326912,-0.31272252774809695,-0.025697177692319537,0.94949685396924211,-0.72845566420023466,-13.590377163709574,0.29931190067823482,,0.112351325146621,0.2173913043478261,False,3
-0.23812555353280335,0.96785804601626135,-0.080913679413804979,-0.96914813040572934,-0.23133043813092743,0.085077198621203026,0.063624854308474005,0.098676396142831968,0.99308350442371518,-4.2169636260554304,-16.132587006614415,-0.27518617095836051,,0.2293157566169441,0.1666666666666667,False,1
0.23767114675669301,-0.92622282542729528,-0.29261528267818993,0.96921541812565337,0.20619316602261195,0.13455798583914294,-0.06429540626571939,-0.31558779435055795,0.94671560924602727,-5.3951452893565195,-2.3384487250993615,-2.5900976580017216,0.199463212731265,0.1803715124875383,0.7552966101694916,True,5
-0.54767457927008234,0.79533358985863478,-0.25980191697506144,-0.83545839158619395,-0.53668717216149386,0.11822078990393514,-0.045407390913260723,0.28180021305860903,0.9583980429709642,1.8431721426180008,7.98781010794964,-2.2422161228454462,,0.1055020734321593,0.4117647058823529,True,5
-0.92075984861175209,-0.26109457891888915,-0.2898808756086419,0.23802322671103249,-0.96468202495003175,0.11284296293688875,-0.30910555596839961,0.034902888096482801,0.95038704940250118,-3.6186804846085443,8.7715680387291446,-3.9297126695491906,,0.07539122811980482,0.3207547169811321,False,4
-0.40397699783318303,-0.85177225084076236,-0.3335964896688054,0.88190406427493317,-0.45951475941576908,0.10531575045747965,-0.24299754450825772,-0.25165495937240895,0.93681480282189633,-13.158694179128123,13.806037275936045,-7.2378911913139339,,0.1257673521194362,0.1666666666666667,False,1
-0.4425193537164625,0.87413089922436327,-0.2001794010570786,-0.89656916586470481,-0.43585422728922113,0.078707200272806949,-0.018448642417051367,0.21430413802659587,0.97659274214876568,9.5627749349056739,3.7428598920629463,0.48481644060571505,,0.09228229026083201,0.1944444444444444,False,5
-0.7321220283780896,0.65599907295299076,-0.18347357261570679,-0.67417535336592183,-0.73633121687885439,0.057479839627841825,-0.097390597479883337,0.16577561743068492,0.98134271087525227,5.5539301811261002,7.088365205438663,-1.1530939869038386,1.166716913018219,0.7053902503956907,0.5233644859813084,True,3
-0.55312685712536869,0.8089751624363074,-0.19902227636061953,-0.83187659169560013,-0.54925081684999744,0.079403251687339596,-0.045077889430679682,0.20948204398172471,0.97677287899168996,-3.0018653898464294,11.902868054300278,-4.2520377018040447,,0.09598453124745142,0.15,False,3
0.1897858762711277,0.98116160778793671,-0.03610014641232781,-0.96318466470594111,0.19318745717203761,0.18695964288237821,0.19041171929086859,-0.00071119223377585916,0.98170406506355168,-8.2343494689059504,13.473667077823601,-5.8392687861356567,,0.4521556283069776,0.5,False,1
0.77694420785387341,0.57895587611079469,-0.24732123119356111,-0.55261117573272178,0.81535500260434335,0.17267631042899126,0.30162656769193175,0.0025126171321560309,0.95342283401307892,12.073895045428911,-5.5327862183154055,2.5022555956343422,0.6931333784524498,0.6531779762607057,0.9166666666666666,True,5
0.27014927057352078,0.96277884497274968,0.0087331140799060125,-0.93939729608770017,0.26157843071724268,0.22160650867387083,0.21107366418317652,-0.06807070042567992,0.97509706595386958,14.141655971080223,-4.5558644334714149,2.8769528998571592,,0.2027732651036811,0.2307692307692308,False,1
-0.44463163797797139,-0.82607822119967345,-0.34626215353198891,0.85811658363883547,-0.50367729251112203,0.099725191865847274,-0.25678519309539771,-0.252792320825317,0.9328222805758396,-5.4629598942470494,-14.632182254445837,-0.79394821937987847,,0.199721410298106,0.3142857142857143,False,4
0.70616606694812245,-0.59475396352865806,-0.38418382157239728,0.70277229184421486,0.65485906057934773,0.27797610795383793,0.086258864512868613,-0.46629103963521112,0.88041585324712579,-8.135845399143399,-5.9989726074635081,-2.7718111819779083,1.016543845719947,0.2812736106493294,0.5657142857142857,True,2
0.9400407900876685,0.19628208484687756,-0.27892051939489149,-0.15625791264460717,0.9747792453859857,0.15933890768007414,0.30316130641508854,-0.10620153451288744,0.94700288086140783,-0.75407085049494205,6.6971412613530266,-2.7669725505712601,,0.0904974999956194,0.4117647058823529,False,4
0.74123703580459432,-0.53342968146108682,-0.40745604878065311,0.66229470871859608,0.67998753331903983,0.31461511936656394,0.10923999063973061,-0.50306036364139328,0.85731959908660693,-11.028740220380755,-9.2601807290953548,-3.1518081729251777,0.7174032540771307,0.3954207017788188,0.5074626865671642,True,6
0.89225490338104474,-0.26264578202638489,-0.36728514886424751,0.39940665748682708,0.83849200324112405,0.37068245501492059,0.21060747695104315,-0.47743937173680695,0.85305107523985946,4.3105513716540038,7.7440615591537414,-1.6238542266715295,,0.1976470468775445,0.3333333333333333,False,1
0.44001801358113135,-0.84309217089698985,-0.30915973071588382,0.89798891300096662,0.41321216331305655,0.15123366099346927,0.00024464557870904069,-0.34416754562617646,0.93890821739198549,-4.3896834347984131,-12.325272388411017,-0.81035155263310898,,0.07906413562328721,0.2857142857142857,False,5
-0.52630099274641651,0.82893963408913562,-0.18938412834846877,-0.84763220893135882,-0.5290959041150245,0.039713506907000914,-0.067282266729683182,0.18142934515914855,0.9810996327075252,1.6393101132185675,-11.349795718193004,0.65524286659880104,0.2775149720688185,0.3581958780111017,0.8155339805825242,True,3
0.83742285773521452,-0.42004895371895223,-0.34968819514276012,0.51487034197259973,0.82095799905322153,0.24685318460078498,0.18338889906318173,-0.38676457990636171,0.9037597420942417,-6.6677923214747237,-11.844183748443658,-1.5704069520168311,,0.1970522898498942,0.2142857142857143,False,3
0.9465770799947314,0.15586575090263138,-0.28230780953456974,-0.10073921725977626,0.97454563012098927,0.20028086508194351,0.30633876955836925,-0.16114180868925027,0.93818435062508976,9.9182759707349692,-4.2965445686033341,1.7574931371146421,0.4582101402934875,0.1713221024182105,0.4418604651162791,True,4
-0.85276820372786066,0.49030201939427431,-0.17997311046002235,-0.49665062034302221,-0.86787974019842762,-0.01108683300144267,-0.16163091295804155,0.079929258291362298,0.98360904918841785,2.1667184300812554,3.1448401908636945,-1.4476914678182786,0.7442968700230496,0.1979352534706811,0.1769911504424779,True,2
-0.2822366444628624,0.94771190588685328,-0.14894502328930909,-0.95816586499721235,-0.27077690581072811,0.092725629864199452,0.047546310860973412,0.16888460770560765,0.98448836336628953,-6.5177380038318464,5.9373362867629922,-4.1767294450718699,,0.4972281367588611,0.6208530805687204,False,5
-0.8450731628593614,0.48191439419596604,-0.2315380445663543,-0.49793719476353632,-0.86712170819654821,0.012589410046577043,-0.19470464680098487,0.12593037695899933,0.97274438609177716,-16.937480333361052,4.8166631184679281,-6.8743918793309611,0.5880247804214556,0.3668297515188045,0.8152866242038217,True,4
0.39808085016015415,0.91623974661559948,-0.045126084004173894,-0.87952287191064205,0.39518409465896986,0.26508309850804734,0.26071278166178524,-0.065835082215739443,0.96316903367364437,-13.587778958639106,7.3163637664072008,-6.2999355921665057,,0.3876208663729398,0.2418300653594771,False,4
0.93568706959364101,0.23177190142146273,-0.26602912153887653,-0.17898146426152017,0.96156587459642029,0.20822272753574583,0.30406470240076994,-0.14721703204148298,0.94120762971346017,-10.768303721501718,-5.1013427558307054,-3.6765514947824305,,0.07952788043869086,0.3428571428571429,False,2
-0.15313111359908013,0.98648518651887418,-0.058290984094705622,-0.98400367260869459,-0.14678041497281541,0.10095683272077477,0.091036445122313514,0.072818174649133621,0.99318169490796693,-12.735465801871962,-10.190246017069594,-3.4539991369989558,,0.1848616527566556,0.2,False,1
0.15906563384528533,-0.89558934885403929,-0.41547303444218575,0.98337741459560379,0.10640228620413356,0.14713060169047559,-0.087561319043658631,-0.43197022085988024,0.89762728551309245,13.597532977570438,1.9064356933812425,1.7894461272282609,,0.1938033686374744,0.1515151515151515,False,5
0.58230678506836719,0.79667907803496052,-0.16192978319231283,-0.76333615066414007,0.60433084712994556,0.22825895009058655,0.27970829296357519,-0.0093098780104313994,0.96003989345174356,-13.112080137475827,-4.2317073394834113,-4.4408668279065502,,0.05716812475912794,0.5,False,1
0.91313954434702638,-0.22271925938350368,-0.34142686486181661,0.339855977000041,0.87844163336806058,0.33591399444352127,0.22510905678593485,-0.42277231255762016,0.87783226432367445,-8.8071453666874113,-8.8388684341519959,-2.6265216266705753,,0.203203693262734,0.2631578947368421,False,1
0.10881337634921712,-0.94489788405954034,-0.3087517414157977,0.98810897354415772,0.068870920848239064,0.13746800596148534,-0.10862921121408836,-0.32003872415899859,0.94115615575189537,-16.380091188223286,10.521622369668767,-7.5209537318272606,,0.6502546145172674,0.7580645161290323,False,2
-0.61786788218912014,-0.66297933208675452,-0.42272649004401708,0.73605414318914408,-0.67676882107653935,-0.014431254719107972,-0.27652048469006463,-0.32006619322332996,0.90614240244141508,-11.456317937804929,9.9090887111740145,-6.1573697190944499,,0.3844161632569544,0.5517241379310345,False,5
-0.87773513249545487,-0.30655265318187747,-0.36824788934946856,0.34851566912901721,-0.93588062247274906,-0.051616749719190724,-0.32881281233361381,-0.17364599421573687,0.92829370521300447,-7.8746887421472005,11.862012911639965,-5.4909356070763726,,0.3896978303539161,0.1304347826086956,False,4
-0.073356587241297011,0.97806357629378682,-0.19496269344599904,-0.98724410064193857,-0.043516623514044936,0.15315152374569244,0.14130780889958097,0.20371044206261366,0.96877972673805202,9.1049648675530506,13.173736545650151,-1.3535556700197671,,0.2960132860247532,0.4285714285714285,False,3
-0.22891182589050355,-0.92898684233215745,-0.29083126162983708,0.95250255049852084,-0.27539817041897713,0.12997976390074106,-0.20084388778672879,-0.24726361338378725,0.94790423473845964,-10.389837989218563,-7.2630200260978688,-3.2771085555561088,,0.07069112063020977,0.1764705882352941,False,2
-0.32559055348688615,-0.84348769818741343,-0.42722276915749913,0.91489318235260408,-0.395106944818296,0.082830954606815305,-0.23866557431860042,-0.36389422249171632,0.90034423331985725,-19.033103196938487,2.8709317885531891,-7.1368040777328856,,0.2395575317756196,0.4,False,3
-0.94066457210390286,-0.16711002770118924,-0.29533777514955656,0.1546975576643663,-0.98581589694779326,0.065082124870802657,-0.30202454940163775,0.015532416641542153,0.95317360202221924,-18.225041948742245,-2.2378141704533547,-6.1543383958771392,,0.2397323544139551,0.7931034482758621,False,1
0.46837254253999372,-0.78500091309755504,-0.40546359618420391,0.88317470344219617,0.40293950215685387,0.24008790223869214,-0.025091922891859061,-0.47054577252122026,0.88201874774179123,7.6387920398794193,2.6451260843573658,0.17162377746179208,,0.2757121033145475,0.4078947368421053,False,4
-0.9150788573074391,0.32349601502851372,-0.24079246908818214,-0.31508522132230943,-0.94619250590685922,-0.073763439927713531,-0.25169820860145758,0.0083707840952771811,0.96776957059025537,12.754388334951393,-3.0810595464099593,2.2969082196218684,,0.425680426807702,0.1304347826086956,False,2
-0.9212319883811616,0.31453792961964772,-0.22890503361411241,-0.31279423691768382,-0.94876161823868121,-0.044845926327861788,-0.23128205493374582,0.0302866734341318,0.97241520374679424,-15.31358503744082,13.737456513962181,-7.7932978022528792,,0.3001562609775209,0.375,False,1
-0.2862026024970678,0.93982645092841688,-0.18658593853557776,-0.9550643962856975,-0.26415051879771029,0.13444888384191869,0.077071844867906802,0.21668120720126482,0.97319534790013285,-11.850415050747461,8.0410198592955986,-5.9641982419243611,,0.1491742198634863,0.1923076923076923,False,3
0.28090936444850573,0.95279402486502351,-0.11521056872807414,-0.93659269708956328,0.29835608666770475,0.18378728276687614,0.20948519929492693,0.056277808502488563,0.97619094420432051,-1.4453857496708351,-3.8226197842069114,-1.2761841586286311,,0.4114106588758977,0.2385685884691849,False,2
0.25348371552386806,0.95689961333063223,-0.14173614913599611,-0.95245884740206599,0.27249207136050474,0.13627257629908499,0.16902115243289251,0.10045497027697631,0.98047980549163216,3.7226742261287833,3.3123628992550196,-0.99005188812427836,,0.1698622932675661,0.3157894736842105,False,5
-0.87109638638950471,0.42622700934209101,-0.24397053536532745,-0.45021596993882562,-0.89152031578579183,0.049971061157882163,-0.19620567278035064,0.15336904201467549,0.96849433189890743,-5.0414291080244444,10.256180056780517,-4.4867427581779049,,0.6250303255933066,0.9696969696969697,False,6
0.88074381041058991,0.43429699011558298,-0.18888214526518687,-0.36680870366627677,0.87783189325402611,0.30799763327129109,0.29956921627246597,-0.20198339427437187,0.93244892251495648,-6.2113623872593946,12.759390462479439,-5.1675970272520253,,0.3477321729645562,0.5384615384615384,False,4
-0.71052149323378999,-0.63426861939676349,-0.30473353294534217,0.63637619432734349,-0.76400474270207752,0.10640532139973397,-0.30030742073127925,-0.11832189813072259,0.94647524081534751,0.38055030368147835,-8.7731575101044026,-0.072952915528975981,,0.06244376259572144,0.2380952380952381,False,1
-0.87564084479529603,0.39788918464798789,-0.27374679480560388,-0.44099170167497909,-0.88981714036015758,0.11726796568150799,-0.19692493488633778,0.22340468540617581,0.95462606111428827,4.0189632578748506,-3.0428803257753598,0.095984831934717657,0.7354781319444508,0.602811828531134,1.0,True,5
-0.58055130548385592,0.76800002615852125,-0.27043694555571035,-0.81183176962821058,-0.57142468730108176,0.12001251836866761,-0.062364729802344754,0.28922272829667545,0.95522816850913117,-2.3219538987823372,-11.692193276900216,-0.35495945876556645,,0.0750843627243047,0.3333333333333333,False,3
0.90764652498620624,0.31529539413905316,-0.27706786193126565,-0.26481459010046488,0.94229956066895393,0.2048042256229563,0.32565475361245172,-0.11251823140182692,0.93876974229670285,4.5635644323936431,-9.4456293534578322,1.1426193429788201,,0.1250863665188038,0.1388888888888889,False,4
-0.79321709712655797,0.54898230920272195,-0.26348635829690242,-0.58979270911074122,-0.80028144468281504,0.1081395837619098,-0.15149652506222447,0.24118049978974987,0.95858268783409473,-9.5168798274544013,12.415788469090652,-5.9982646426861415,0.4804693320184725,0.3936729237857529,0.8865248226950354,True,5
-0.77309579917093818,0.6123152841379178,-0.16550793973507821,-0.62045602892882945,-0.78423477218502669,-0.0031840637191978549,-0.13174673229388603,0.10022881275861413,0.98620331758866164,14.856834546597135,-3.8773550420835279,2.9652742257027001,,0.2176074703943215,0.3636363636363636,True,2
0.82191576223505458,-0.45385625360063692,-0.34419323185844963,0.53440600534337146,0.82355170780191,0.19019149831025223,0.19714132302110193,-0.34026032040799681,0.91943363714481219,-3.2281727070616362,-12.456510757500897,-0.52467916179188412,,0.1184170423393974,0.15625,False,4
-0.51126253300939051,0.82669121620505248,-0.23493032028717453,-0.85817577105422027,-0.50580624529119278,0.087717661847095396,-0.046313802654474295,0.246458262742068,0.96804615407006578,-12.36496488127308,-6.1136512463207771,-3.9429831849126371,,0.6249487327725196,0.8837209302325582,False,2
-0.28711526764582057,-0.8489717933506471,-0.44363466634118676,0.9333870641714449,-0.3520508992768363,0.069632986118525475,-0.21529842433719917,-0.3940901653344806,0.89349847793074733,-11.796802335544625,6.0276719755683201,-5.6351598183572742,0.4155804174757116,0.2341118084901566,0.2075471698113208,True,1
-0.56739574456802655,0.78722034659579998,-0.24154957038190691,-0.8217659490858098,-0.56005326475518746,0.10507647481788737,-0.052562286567397851,0.25811715662203599,0.96468271441348141,-26.223988752987051,9.508322015078889,-10.176826691261631,,0.3823405651184301,0.6153846153846154,True,3
-0.95286774888519954,0.14884948046745425,-0.26436127798719172,-0.14838970675480817,-0.98868808122168461,-0.021825970296991321,-0.2646196290218743,0.018431229333716326,0.96417671706050501,-6.4586192177693746,7.9022631160050691,-4.5016320749664445,,0.07638050112979529,0.3333333333333333,False,5
-0.95024726234171564,-0.11614270608184869,-0.28903462117203504,0.089783711928417761,-0.99063265675514678,0.10288743578589285,-0.29827675987986624,0.071817903020254245,0.95177369333331752,-8.7893858321760021,2.332835667438121,-4.2539285148753905,0.226513152846442,0.2013812383537404,0.8017184401850628,True,4
0.44276884062888294,-0.75174659844087377,-0.48870523375623126,0.89660767053403556,0.37552643485553339,0.23467974319106696,0.0071020354608551522,-0.54208573902775803,0.84029317064643827,-11.477565283479869,-13.230885093108753,-2.6971078520469591,,0.3283352858168299,0.1428571428571428,False,2
0.27905943442751679,-0.81044572480349553,-0.51507626542555029,0.95897106215502181,0.2072686580800818,0.19342751956986895,-0.050003339951090839,-0.54792100755986684,0.83503427203218228,-15.62929704348117,8.7383742150718131,-7.1015177597782753,,0.35089638574257,0.4705882352941176,False,1
-0.4307995007497627,0.89868716202671795,-0.08229930110347905,-0.90240661739816419,-0.42985465085678337,0.02978717866462198,-0.0086073822827013452,0.087099735620486646,0.99616241096775116,-10.466202532788868,10.79997048788721,-6.0681314259999866,,0.4680456116628,0.5172413793103449,False,2
-0.89085175355935087,-0.31835338347816156,-0.32408992025090544,0.36470270012855061,-0.92653252647854489,-0.092354847713755517,-0.27087837436601686,-0.20047094703545759,0.94150746449273193,1.4396243671162936,-13.455006342834487,0.92768467206993799,,0.4830980426500501,0.2222222222222222,False,2
0.95551344083008372,-0.070402667973723396,-0.2864219417838586,0.12210099722969471,0.97839390615093547,0.16684337230537069,0.26848726388521393,-0.19439348947147411,0.94346476372068921,10.427658985220924,-3.3667366747490655,1.8294572090481021,,0.07054377533447906,0.2571428571428571,False,5
0.20983182573532849,-0.91158615781239116,-0.35352691806059333,0.97501762114456725,0.16813982557049789,0.14515384085415017,-0.07287827773876214,-0.3751528700969316,0.92409365363683071,-24.272637721459873,15.160653806859463,-10.445795089862298,,0.4394685559186422,0.6363636363636364,False,1
0.65103871138700797,-0.69447901381163479,-0.30634538620773116,0.75375649753639862,0.63906758838056776,0.1531135523169217,0.089441258361036488,-0.33059267514067064,0.93952580829167753,-11.869879114469567,-7.7906335967856535,-3.5660697365927696,,0.1019335155104542,0.3333333333333333,False,1
-0.18706669278530169,-0.85294588565253115,-0.48732880953088498,0.96385793488176319,-0.25516370983265529,0.076611765088005435,-0.18969431677262447,-0.45538423043936921,0.86985129122816807,-10.016551012876231,13.699424842428641,-6.4102130437139762,,0.7094486023318228,0.4827586206896552,False,1
-0.74638888435277806,-0.5757259433146279,-0.33383120212032025,0.59161585480593093,-0.80372662313863896,0.063357679884986307,-0.30478568479648732,-0.15021036399876941,0.94050121365710859,-12.623502181152979,8.8353360510816525,-6.2994025829789608,,0.3776673009537677,0.6571428571428571,False,1
-0.054820522006569436,0.99058640810006415,-0.12543236605573954,-0.99136993095650161,-0.039016411557273804,0.1251534243418671,0.11908136026359985,0.13121085212971992,0.98417647905300187,-9.231410237963928,10.95956055315474,-5.6804908214595091,,0.5654165847010889,0.3809523809523809,False,2
-0.77750174099442582,0.59916195704261865,-0.19103924199885702,-0.61009950983368066,-0.79232235531525008,-0.0019680874978140195,-0.15254386533499575,0.11502275644652067,0.98158042698910042,-8.4518959144144432,9.7871460379943596,-5.3020014661747163,,0.5207711390463584,0.1379310344827586,False,3
-0.81302551890741837,0.54798581982227756,-0.19672581650365831,-0.55884321255040381,-0.8292732443586539,-0.0003872689219452663,-0.16335167397877765,0.10962402777028436,0.98045846579228058,-3.8101606004942274,-2.6532877814303548,-2.1364962877163141,,0.438541593660262,0.3666333666333667,False,4
-0.3938573506978057,0.91915891423518525,-0.0048246951511787262,-0.91911464466275594,-0.39376911044295071,0.013196879457820054,0.010230213475904415,0.0096321359502171133,0.99990127747156876,-2.7508325538947465,-6.8373078728258676,-1.2336895564758235,,0.282183941392477,0.3947368421052632,False,1
-0.0095881581261267213,0.98992534230161811,-0.14126529613735073,-0.99633034961697442,0.0025584501241818873,0.08555284194625018,0.085052346562963066,0.14156719606599227,0.98626813156572535,-13.07567131563053,0.80686540600415624,-5.1903621363275532,,0.416261868588269,0.3252032520325203,False,3
0.71665441158350263,0.65111123637735413,-0.24992121202702491,-0.62907245110366461,0.75820456330358155,0.17144588489681731,0.30112174551222848,0.034351099673497726,0.95296678658329437,-9.8730224350421434,-4.7391401363391985,-3.4782438621113752,,0.09770540417269036,0.35,False,1
-0.48267025333232449,0.86115690346987661,-0.15949361791082298,-0.87551787707844475,-0.47908464412926266,0.062819986275002057,-0.022313078321094318,0.16996085245053275,0.98519817050689118,-14.728983310595829,-3.5320324309016327,-5.0048471035133693,,0.317554867845267,0.2181818181818182,False,1
0.34135120953498571,0.9396473222249816,0.023286510782512648,-0.91038537850439805,0.32435475731318014,0.25688996479760062,0.2338328769750026,-0.10888939913384538,0.96616007183171471,-9.1579807654038259,-12.092391706152533,-2.1659986075563036,,0.4643767656951311,0.2058823529411765,False,2
-0.87698289361582771,-0.36331230728861075,-0.31449192625222777,0.39134440852840263,-0.91979633458179355,-0.028709872926445723,-0.27883787084749695,-0.14825272430051312,0.94882589104572346,17.418028331075174,-2.5358519770480576,3.446132924392793,,0.2683867617699274,0.2941176470588235,False,5
-0.22503277408993888,0.94863363933210476,-0.22238360756340123,-0.97213786379668521,-0.20322024200965788,0.11683110463551208,0.065637065429560548,0.24247835277620644,0.96793389447664924,-1.3987623815140462,-12.472597234669477,-0.07847508439631215,,0.07990028429067601,0.24,False,4
-0.88926389061237554,0.37975792488518034,-0.25493852462867217,-0.40215989892830734,-0.91468311037029582,0.040276833258042682,-0.21789251604154733,0.13834278474219147,0.96611807009436523,17.556868499274628,-15.119735760308158,5.2729518307738781,0.488580440551757,0.3256673425578619,0.3529411764705883,True,5
0.95001130994061689,-0.076948014536526388,-0.30258472209250797,0.19738789201897278,0.89891779533269867,0.3911327361887611,0.24190190381479046,-0.4313070835183293,0.86917067865735842,-2.4750028930635604,9.2385794868376454,-3.7225836352811275,0.7794851541687392,0.4310824719411629,0.1875,True,3
0.011421003919161747,0.98732903882940515,-0.15827485508975117,-0.98995268137481451,0.03347414831966701,0.1373796565474236,0.14093704022822967,0.15511560359446819,0.97779133776753735,-14.593696526164461,9.6830266609893734,-6.943053658344839,,0.09622545666818191,0.3,False,1
0.72732793756237857,0.64188655252589399,-0.24284918144329648,-0.60884930729536313,0.76679961761309978,0.20327534881130976,0.31669637233036441,1.0715690794055321e-05,0.94852696726975583,13.030517830499077,4.5111226574931331,1.2337869851520928,0.1338507527057743,0.1096183646187257,0.3636363636363636,True,4
-0.26082810277845403,0.96434875585848312,-0.044723348210846142,-0.96392428725543877,-0.25760601769076236,0.067000806626499196,0.053091140881385945,0.060585614824832629,0.99675007601515153,2.9392017787860225,12.615011738624837,-2.8952129015083043,,0.09451085118840878,0.4,False,4
-0.62237056623704479,0.74107317902928871,-0.25192344393725097,-0.77873191357147664,-0.6187091356823925,0.10380564632260643,-0.078939755935064276,0.2607864044511749,0.96216368991265822,6.7624606937593015,-7.3340113405211929,1.4684734272247073,,0.08048144607269284,0.2333333333333333,False,4
-0.91288017769225094,0.32661917341397934,-0.24488711018535381,-0.34067864203049925,-0.94004047985345929,0.016185150636713899,-0.22491741604602272,0.098202911337938792,0.96941649674633323,-14.064877343479402,-2.0041300215582005,-5.0683739665115981,,0.08025793217693966,0.32,False,1
-0.8798586612824173,-0.29295494732399013,-0.37420066141671771,0.3444539012630024,-0.9356031660594466,-0.077448212143573822,-0.3274144866541624,-0.19703835793554594,0.92410802368070233,6.9469520638129154,-15.022280201336867,2.626485250394861,,0.5310002735219943,0.1111111111111111,False,3
0.92170506703324673,-0.16293338016520564,-0.35201204955680132,0.27370275594214821,0.91623716236857511,0.29256839146506408,0.27485736445456982,-0.36600843695565632,0.88909575034546529,3.39870955501384,7.882328156234367,-1.8783188805269873,,0.3105288725877448,0.6,False,2
-0.54418988414628811,-0.69880623888014548,-0.46424908238470014,0.79346499710713703,-0.60844945469638478,-0.014232338017496779,-0.27252645441978973,-0.37611049118823936,0.88559032857158104,9.9843172164225251,-12.704232438534948,3.0066915991491072,,0.6167215297060885,0.6,False,1
-0.42464960486908626,-0.78184616560114639,-0.45649675400742235,0.86612673836970022,-0.497645509623105,0.04661995101911165,-0.26362318973412274,-0.37558690084552226,0.8885028383453043,7.7993792228771177,5.5557141931547891,-0.29226637127342303,,0.505509437781367,0.1666666666666667,False,3
0.47577635527522538,0.87025353075924639,-0.12765442398165938,-0.84316629304318425,0.49257762202225547,0.21549452094825133,0.25041458031999453,0.0051067097006389783,0.96812522923390221,-15.49169015423173,1.8460431380388809,-6.0495392479180286,,0.7553224408954331,0.1341463414634146,False,2
0.31182313580120685,-0.77855210921671625,-0.54463101749102139,0.94950240802845498,0.23434015409367664,0.20863813009015952,-0.034806739681683518,-0.58218665856712581,0.81230978417053268,-10.564553114385779,-10.319417393825548,-2.7709740244060286,,0.3312756896009392,0.25,False,2
-0.43336489991221094,0.86910564093851095,-0.23843290128029895,-0.90121125541121083,-0.41898354927310033,0.1107748101269688,-0.0036244508866613429,0.26288432879762347,0.96482054965075981,11.958134866633181,-12.213620206014514,3.431360787760581,,0.1158981944900066,0.5238095238095238,False,3
-0.81566998180721761,-0.41380143451215878,-0.40429055588066054,0.4902790966059411,-0.86541213547117379,-0.1033839601218941,-0.30709752231152276,-0.28254240137526732,0.90876889428238117,-12.842652834065976,6.4626711738057727,-6.0300168316640788,,0.3104945426909805,0.16,False,2
-0.10096500009711791,0.97978258811704111,-0.17271985635143955,-0.98908683538654374,-0.08012814949769706,0.12363944242476579,0.107300050421336,0.18331819244348785,0.97718019806933831,17.374170419304541,8.0650437906084917,1.9499123140695069,,0.4403337792491587,0.1052631578947368,False,1
0.71773316161873102,0.68741282990965691,-0.11100770238311516,-0.62777360906406476,0.70777843347681002,0.32395985070343503,0.30126301544573919,-0.16282902192395063,0.93953568593419068,10.572845771371352,-14.037597407667983,3.3683393479536621,,0.3549494616650068,0.375,False,1
-0.50577029592391665,0.85860434746188796,-0.083636010668735355,-0.86265522369426129,-0.50391173115265109,0.043576739663997735,-0.0047299887990607248,0.094188862007593049,0.99554311080920888,5.3556249039127364,-4.2955386084530671,0.60871375047513487,,0.3527403989143356,0.28125,False,2
-0.37034399670287377,-0.84786639146470022,-0.37943102974160015,0.90832881998707637,-0.41603234028330083,0.043079538290078878,-0.194381271955475,-0.32869389112520642,0.92421655852399864,8.0527060066427278,7.5132909754399648,-0.5861965024125575,0.5300220789996642,0.18933399614919,0.3636363636363636,True,2
-0.17276509348573638,-0.84693803089801556,-0.50284012796460209,0.9672436870383192,-0.24228266414170566,0.075754607390680198,-0.18598890385553485,-0.47328118753547566,0.86105345081918527,14.162651460296784,-5.5500958417839783,3.0428174411235087,,0.2563148487628132,0.1538461538461539,False,3
-0.39440401191980617,-0.82332853319825972,-0.40813674400029665,0.88869650050100968,-0.45474207485128221,0.058550622176109748,-0.23380334766384342,-0.33961709583228167,0.91104128492600522,8.8185928473430515,-3.7360088895085255,1.4115501705856277,,0.148483666284308,0.32,False,2
-0.95957491741523393,0.044325879096205376,-0.27794099069747952,-0.073814914050001137,-0.99258780996227836,0.096544279882753242,-0.27160142917764402,0.11315765973471273,0.95573427672759792,-7.9355816944272419,6.9270095589718537,-4.714349393662852,0.2004586842520602,0.1246171435275687,0.3684210526315789,True,3
0.81402661215185756,0.57256859002188898,-0.097600637441135063,-0.49059889408981311,0.76774697786589863,0.41216174385261994,0.31092346297187418,-0.2876278632158682,0.90586798843730665,11.611934052496984,-3.5530995121364715,2.1391091143688787,,0.08433512868596321,0.5,False,2
-0.50392370882002757,-0.68202691995271425,-0.5300001661781657,0.82224803192646356,-0.5666989467453869,-0.052540248864351421,-0.2645166718415437,-0.46226787063074626,0.84636832768032511,19.524549924500334,-6.7968584097867604,4.6508348124162486,,0.3304462842493169,0.1818181818181818,False,1
0.86527260088706626,0.4533284190165931,-0.21400156697101208,-0.39197468478826519,0.87794143673800407,0.27490849412768259,0.31250467618784922,-0.15398759096214934,0.93735193454241172,10.577936801951708,-10.930562671935903,2.9086318957596942,,0.1112332221757811,0.2142857142857143,False,1
-0.58400524196115755,0.79423255871981702,-0.16772751721545898,-0.80940013022686286,-0.58545879036658555,0.045928574670150477,-0.061719579961525495,0.16258120263999312,0.98476293898455902,-12.655836298162098,7.9656964805124364,-6.1774570298645823,,0.08261184561190693,0.2857142857142857,False,1
-0.57760383166323903,0.8128577649039963,-0.07507374829608468,-0.81174632266235935,-0.58165414170861496,-0.052405792402666199,-0.0862654119104619,0.030671052614698074,0.99579996246205216,-2.5289419963186561,7.817283440173739,-3.4232488218186443,,0.6514426683625779,0.2795698924731183,False,2
0.1850488113387101,-0.93002984420533941,-0.31749240354616748,0.97985907110289916,0.14993989662315327,0.13188717973329103,-0.075054235053685359,-0.33550337746143483,0.93904437888338144,6.4008166121796073,4.5039843624128251,-0.47809945355229733,,0.07351298835237309,0.391304347826087,False,2
-0.9131654796635793,-0.25366240142240015,-0.31903635036686379,0.26959750853426745,-0.96295425424792969,-0.0060239204784783562,-0.30568936871095587,-0.091512241423957044,0.94772333490669247,17.191657768454014,-6.1282715089815625,3.8540500385446737,,0.09520884858371896,0.3846153846153846,False,3
0.95385465694890981,-0.089180814987519924,-0.28671950693149478,0.14157418566489754,0.97565004314600001,0.16752236645453975,0.26479811813945897,-0.20038407009383183,0.94325403846600686,-9.4574165913644972,4.6196519333996626,-4.7542070067114324,,0.07977890701482981,0.3043478260869565,False,1
0.58432723288297328,0.81039372220733608,-0.042704799709954971,-0.76165503556308634,0.56582559079230921,0.31578949888482494,0.2800772959608151,-0.15199807831507012,0.94786776106997372,-10.438043069371233,-11.614987646543263,-2.6025260645362334,,0.2674400881310194,0.3529411764705883,False,1
0.77677633577566552,-0.48152774357914413,-0.40589352833287307,0.61228356169351683,0.72827583604557666,0.30777125712453735,0.14740204971041687,-0.48759136456226815,0.86053895725032314,-1.3595657359457396,1.7882588485682713,-2.143645789119268,,0.2277704560346297,0.3242105263157894,False,2
0.9585317105303135,0.027935942783311182,-0.28361336888207522,0.041564501249370063,0.97083850814019867,0.23610375547205004,0.28193856093788172,-0.23810118482049183,0.9294183523276025,21.591439272334686,1.1156994587034363,4.1064076295226251,,0.1686655599417242,0.3636363636363636,False,3
-0.4184832523505771,-0.75818050803105808,-0.50003408358216039,0.87420296134762543,-0.48553914713826235,0.004573725756073399,-0.24625383219987906,-0.43521724901250936,0.86599364679474311,-3.702759506643194,1.0499926051406683,-2.6627123208508197,,0.7837991584204458,0.305543334799824,False,1
-0.61045057156072502,-0.64320432965129604,-0.46221022273313206,0.73486044642753312,-0.67765956770109792,-0.027525162660521546,-0.29551687592675879,-0.35646276189945636,0.88634309125840238,0.88738782960353713,7.6679960769000566,-2.4304971119533492,,0.1596474254563302,0.1621621621621622,False,2
0.727859674703904,-0.5100509827944838,-0.45833207272708959,0.6735283817017117,0.65726735552399729,0.33817028610563443,0.1287626226130959,-0.55484017366524063,0.82193221661212734,8.2540695038258409,-8.6395879193878198,1.9725481328244781,,0.337695036941486,0.1764705882352941,False,3
-0.95572670521359304,-0.010237251515115627,-0.29407764896874822,0.043342157574430704,-0.99339150360237971,-0.10627689281963744,-0.29104625460287786,-0.11431762441557181,0.94985449329337679,-9.3826820620561975,7.4254329401724544,-5.2071267126767928,,0.7380800931620247,0.6545454545454545,False,1
-0.91545303408237821,0.30059610626474015,-0.26755882210804477,-0.33240321981905668,-0.93959122637946102,0.081709404383238315,-0.2268343929903294,0.16373853611540781,0.96007075257373165,32.084163076557346,1.0916164316607797,7.0260627627795165,,0.1173073760547143,0.3571428571428572,False,1
0.75117461583820244,0.61528786735690832,-0.23907642460877837,-0.5852449159991121,0.78829768870908334,0.18993457366448516,0.30532783171129602,-0.0027557683692798207,0.95224330972875493,18.519374274247827,6.9632873746948967,2.5061143520653975,,0.1832565048164718,0.4761904761904762,False,1
-0.69177723859112095,0.71175422251576326,-0.12186131009563864,-0.71412505102871271,-0.69934323150808098,-0.030732003466647825,-0.10709651563184784,0.06576451379594335,0.99207124999402219,-5.419958195985374,12.247078318839764,-4.8429329231541214,,0.3174357051950303,0.2307692307692308,False,1
0.6658683064801687,-0.67427123415940815,-0.31933947643594107,0.7398944083046034,0.65176338559643465,0.1666155867722284,0.09578968099337748,-0.34722153156309582,0.93287809762806906,12.439966232588406,-7.1251799378261609,2.7845212028534623,,0.7407538304573364,0.2428571428571429,False,1
-0.61102479244119545,0.77062451368610774,-0.18107059929277369,-0.78826480340050054,-0.61332150497612925,0.049752700969763849,-0.072713841475778987,0.17313171413656786,0.98221082605414678,6.9167695680852752,-9.6330653500491952,1.796284325127901,,0.212350700007895,0.375,False,1
0.95185434617432063,-0.11396983813225386,-0.28457719456268099,0.18822106954293552,0.95001344511500641,0.24909292057549842,0.24196308116977602,-0.29066360297915866,0.92572595148564563,9.1587891364118104,5.390713916976094,0.10400350019045301,0.2224396604921739,0.1707719425455193,0.3125,True,3
0.14843478587826323,-0.90503282867035006,-0.39860091993147839,0.98458497568002645,0.097538915862009412,0.14518466020082016,-0.092517782109375696,-0.41400693100648756,0.90555989369679657,-6.876023643232493,-3.5105792123739263,-2.8612098413814695,,0.2507438666753549,0.15,False,1
0.74452411995701784,0.66437038601926546,-0.065542543304642709,-0.59407116046669994,0.70411699491378921,0.38897135341220668,0.30457066684757578,-0.25066161982678525,0.91891537218714303,3.8511929904353215,-12.91406052795837,1.4782842316437794,,0.3082632145198667,0.5,False,1
0.57861526133654362,0.7798854569749949,-0.23871123422944662,-0.76694665890663472,0.61984850125161839,0.16607425413974217,0.27748369635060088,0.086985685575414765,0.95678434809761681,10.351087303052999,-2.4784562045053371,1.68374942522479,,0.07985582074918775,0.1774193548387097,False,2
-0.79778761180431712,-0.52308764632786642,-0.29985703378566475,0.51533146699844701,-0.84973790556553586,0.1112608240411921,-0.31299905043433091,-0.065763258011366524,0.94747389849163544,23.869096557828406,-19.029156090545602,7.5886899674667552,,0.1427021368574173,0.75,False,2
-0.77699778125411756,-0.50501227953322647,-0.37581517458297786,0.54881630242769053,-0.83586440835033327,-0.011461110013692918,-0.3083425272578818,-0.21515875156219549,0.92662376265149871,10.474862475933639,5.1316958033874576,0.46056436690535119,,0.1859111814478461,0.1666666666666667,False,2
