axis_00,axis_01,axis_02,axis_10,axis_11,axis_12,axis_20,axis_21,axis_22,location_x,location_y,location_z,dbh,dbh_approximation,score,reconstructed,number_clusters
0.97344904734416471,0.19050457758322817,-0.12690531172719449,-0.15215033617310517,0.95270553178023132,0.2630635758096504,0.17101820788194369,-0.23677030142140806,0.95639562783278442,0.50996193079561325,-9.2454967445513123,0.26592998637138965,,0.6501433426573656,0.4939759036144578,False,5
0.51048532772153143,-0.76433320247711856,-0.39395365942216365,0.85983630387580468,0.45868059266537442,0.22426244547256927,0.0092876648430520459,-0.45321834638859704,0.89135114841377194,2.9853850944182874,-5.4876899314961101,0.34634568200785576,,0.1326448912874156,0.2272727272727273,False,1
-0.63947122767857256,0.75817578858489421,-0.12745988614043832,-0.7677463027394652,-0.63848380806924843,0.053889159051455089,-0.040523617819006111,0.13231742302911459,0.99037868311156296,-0.73896911605551219,11.545216012813494,-1.1050262846881664,,0.06626181631485747,0.1904761904761905,False,5
0.28088654588169271,0.9530787870208004,-0.11288743983992533,-0.9511763301970344,0.29212633643906932,0.09962827124662528,0.12793098614313603,0.079391619769649702,0.98860034063052882,0.047087635406300746,-4.1761224169822446,-0.28395281693509727,0.102922806999924,0.1056602089510367,0.4509803921568628,True,5
0.32157366256390568,-0.92483643911716129,-0.20314512159125178,0.94654907650271658,0.30826403690396742,0.09496383165986691,-0.025203676658166252,-0.22282469439619709,0.9745326727463538,-8.4030407167201417,-5.7767446865295859,-1.7551036589893974,,0.07219184150063163,0.1515151515151515,False,3
-0.68943476390620506,-0.68137504699296814,-0.24577988455715133,0.697993879315844,-0.7156313053934622,0.026007290871390282,-0.19360849866474195,-0.15362252463808934,0.96897671239746785,9.4910886531938257,12.57912773093183,0.61427426820758801,,0.1577286185989764,0.125,False,4
0.61992881122260302,0.77868565949788382,-0.09662770155848617,-0.76590167511065832,0.62726884958539852,0.14116803605100584,0.17053707244707134,-0.013506814285992291,0.98525868323452293,-1.6566640462664548,-13.361494450762759,0.22111133471955333,,0.2450135448811777,0.37,False,3
0.9469894794875664,-0.2525871233344904,-0.19852121011488319,0.29688987403728767,0.92416146094796991,0.2403788609521218,0.12274904657061131,-0.28657518947760113,0.95016174009580334,-11.721765209359933,3.5377968617278297,-2.671709891849916,,0.07249951651567196,0.2962962962962963,False,5
-0.48378711346091541,-0.83954647736687382,-0.24720789063059562,0.8565645993535439,-0.51216931761792228,0.06308468296737875,-0.17957482001510691,-0.18122997111864569,0.96690670779805699,23.098782878563057,6.3846282103042631,3.4618070402464318,,0.3911716546920391,0.9,False,2
0.96135128503169964,0.25342898638143152,-0.10759858563001351,-0.21150690003912309,0.92998022742943653,0.30066860133065632,0.17626269600723668,-0.266290302962712,0.94763966598295502,4.1419048512977366,-7.0680157450794097,0.73110789731848858,,0.1267565943354287,0.2571428571428571,False,5
0.092088430042669978,-0.95424379918576108,-0.28449691170169306,0.99565553353570957,0.084288590850959272,0.039566298690685765,-0.013776051393533047,-0.28690452273863554,0.95786012300341539,-2.9637016561089964,11.489902366544051,-1.4751639205544536,,0.323632518659918,0.1666666666666667,False,2
0.72091076793706432,-0.62495308255737603,-0.2995351553230895,0.6904497173036257,0.68492540224975729,0.23271523634767208,0.059723132434064588,-0.37458088306138021,0.92526877689524423,5.8775071596705173,11.626109382468233,0.014114091457412308,,0.6492758407051326,0.5526315789473685,False,3
-0.19824604521372474,-0.95669479008724567,-0.21315155213377743,0.97409779139041108,-0.21644030625947347,0.065475847719815031,-0.10877498961360987,-0.19465012829748124,0.97482271679948695,-5.5010011039184459,-12.8969581585831,-0.63133497613103728,0.4235319973573399,0.3410912663762192,0.7470817120622568,True,5
-0.76292513550340324,-0.61941958916983142,-0.18510702355608022,0.62121198422441404,-0.78168312158430364,0.055382019520646433,-0.17899974377937036,-0.072738366649906655,0.98115657351109009,-16.273410199158473,-19.192801736799645,-1.4238458776683616,,0.1021734232645256,0.5,False,1
0.9091158293429068,0.40012659358633695,-0.11578910977787579,-0.37892638004607992,0.90986008406518082,0.16902492694888327,0.17298325740756662,-0.10978768842586963,0.97878672657876375,9.5199190224202788,7.2873241604050234,0.82054893407201546,,0.08519696043070948,0.3,False,5
0.49586801470860209,-0.82688217657766594,-0.26529375802519928,0.86837259850761184,0.47448017631046818,0.14421370409751849,0.0066288875453796858,-0.30188479316880179,0.95332136738003614,-11.55588674413406,6.1048931743497858,-2.7464643140442258,,0.08459244676798722,0.25,False,4
0.93151947016188752,-0.31816597004783792,-0.1761870943424515,0.34275595602556069,0.92999623409443399,0.13276053321366368,0.12161345040052704,-0.18405819751831415,0.97536288047474384,7.1448605535589973,0.84691218268509516,0.68695212125207317,0.1806898719917087,0.157451647628981,0.4069767441860465,True,5
0.13650437497012932,-0.91210648536862426,-0.38655958785484812,0.98878303066579076,0.14932527383367625,-0.003175037302395281,0.060619088424260274,-0.38179015432956542,0.92225896806462027,9.5532136525873348,2.5864621503386847,1.0530583483597284,,0.2885260734371665,0.1515151515151515,False,2
-0.98729879831698741,0.028649608237370599,-0.15626990365926827,-0.016743963506891744,-0.99689221803754191,-0.076977563629078163,-0.15798962791244137,-0.073383278504262045,0.98471019691483519,4.3348811513169005,9.4868939631326352,-0.14282649421158242,,0.080611524990562,0.6666666666666666,False,5
0.56006362710311886,0.82560795760884642,-0.068558252085724691,-0.81637148996215037,0.56408478615917645,0.12387874878580549,0.14094794774341107,-0.01341097896155044,0.98992616980773629,18.271477902482808,4.7499200782796471,2.6638318407642814,,0.2233603140166364,0.4285714285714285,False,5
-0.38824022541864955,-0.8165621980598895,-0.42719515922640988,0.91069863373918869,-0.41090761378665347,-0.042224772796698784,-0.14105859021148179,-0.40543940315632832,0.90317294273898019,4.8679229336473311,4.5713223913546059,0.11161946951023455,,0.6426368385516184,0.358695652173913,False,4
-0.69194021544626749,0.72028562878528324,-0.04906476549993366,-0.72034393779460304,-0.69333750830727103,-0.019690374725528301,-0.048201136197599539,0.021718944257391126,0.99860149105116325,-3.0504726529903947,-5.0404154956174629,-0.87152573040194781,,0.641184172144074,0.5408515535097813,False,5
0.09782456561308854,0.99435374777102481,0.041121510871151012,-0.99011347165890162,0.093067340262210002,0.10494657410355723,0.1005269496312602,-0.050981314912756981,0.99362731339652621,0.21056730246099695,-7.3685072124862376,-0.012919830785311131,,0.07905441329707452,0.2857142857142857,False,5
-0.2935109225997185,0.95230098593169876,0.083511499257148541,-0.95528123438440238,-0.29546355763481913,0.01179191853722443,0.035904060322959765,-0.076315911206579545,0.99643704274230727,-7.4974262242452641,13.459483658197012,-2.3044171178335171,,0.3569446971700478,0.2380952380952381,False,3
0.88936799833752411,-0.36876355321067644,-0.27025544463811246,0.44457914315855418,0.83544948333644953,0.32306894970155553,0.10664871776778662,-0.4074771191322244,0.90696661922156274,1.861507453322496,-2.4968606233722923,-0.11726495810874663,,0.2026550073723727,0.2149532710280374,False,2
-0.58204703631102495,0.80432049373492553,-0.11953991333257093,-0.8128307555764146,-0.57964549901578732,0.057595644451769318,-0.022965415533533651,0.13068909223322855,0.99115737946131821,-0.064079321192447483,5.9651317777304982,-0.82931813723445469,0.6174819497390961,0.316653467389058,0.7,True,4
-0.16251963400794242,-0.96552443482344263,-0.20334683258117775,0.98110084009207343,-0.18006180659744944,0.070844106145054847,-0.10501671358671194,-0.18799019007314144,0.97654041304172956,-10.311733614700218,-17.031732091111841,-0.79532856093650983,0.1525286524149956,0.09392342291838647,0.425,True,3
-0.95642431430285269,-0.18418159692784977,-0.22656052251755068,0.23217401388196068,-0.95025923992813688,-0.20761166684254329,-0.17705298158533686,-0.25116631200124573,0.95161322260014625,3.1512711451243107,3.202373194565884,-0.19175817898479047,,0.3953233344254379,0.211340206185567,False,1
0.92063142283215538,0.3787142983645102,-0.094938208895673365,-0.34766205664874289,0.90583075880010255,0.24207794360163676,0.1776763283637077,-0.18985814869503922,0.96560085217096037,-9.2679870391276289,-7.6667110544967949,-1.7387240614769999,,0.09308002871019995,0.1052631578947368,False,3
-0.51652237132718093,-0.83034528487057624,-0.2091204146221689,0.84163412248960623,-0.53728516298873419,0.054558752673793488,-0.15765989908564809,-0.14782206034747075,0.97636673166128118,-11.769891308935094,-19.671235351202562,-0.6858250231184353,,0.1084165863967384,0.3684210526315789,False,1
0.88868544039857222,0.4371454209243425,-0.13835486615394074,-0.42126495931956648,0.89756399752663552,0.13005654306296788,0.18103596900361965,-0.057295299186625598,0.98180610439028915,-18.236463126220098,-3.125794481684899,-3.332061348362747,,0.4605302398624644,0.3333333333333333,False,2
-0.23180644690799257,-0.91109301333957537,-0.34084496800701491,0.96221023483537604,-0.26622446618169932,0.057236330982328346,-0.14288889092557683,-0.31469676618942277,0.93837556990790028,-6.0260454674394559,14.321351799808284,-2.1349045889895004,,0.2684727766125567,0.5238095238095238,False,3
-0.32080539595131402,-0.91625152279534972,-0.23993133372638925,0.93761230809258034,-0.34306823434241313,0.05645658773326117,-0.1340412535073624,-0.20685099361710202,0.96914684583802513,1.5677716763876424,2.0444490329632576,-0.44713226417232671,,0.07374612853610993,0.25,False,2
-0.94104115671185096,0.31312844786417993,-0.12803170120165941,-0.30907545453348573,-0.94967424302825609,-0.050903787026386121,-0.13752783274428684,-0.0083311023807258328,0.99046286550974794,-0.92419658914669345,-18.829928842992722,1.0464121326081783,,0.3869702502236387,0.3095238095238095,True,5
0.96661243935210417,0.24125370274906791,-0.086354171871658614,-0.19534647361023191,0.91188652593603681,0.36097467925652893,0.16583168375742482,-0.33205363230383622,0.92856891932478947,19.731400468402715,-0.34414933084588822,3.1997162901969318,,0.4897081790925613,0.3571428571428572,False,3
-0.77061409244377155,0.62690789395687296,-0.11463164057807432,-0.6318899545207467,-0.77499980756275011,0.0095070317906985058,-0.082879466110922076,0.079760834826741164,0.99336257395017158,-5.7140245517736563,12.188054955301315,-1.9552400614549981,0.2982934221820491,0.1756224533446077,0.1944444444444444,True,4
-0.60767467139940134,0.79122772616392611,-0.068484882193768901,-0.79361026429693793,-0.60825523810305893,0.014433077382776049,-0.030236437326108909,0.063120921014002102,0.9975477468212588,-4.9082035419573051,-15.079458548266414,-0.24499638999919884,,0.1736433021455473,0.1978021978021978,False,5
-0.72531860823615368,0.67770831705252566,-0.12093119342916135,-0.68523738037474791,-0.72759999112190754,0.032372603487394153,-0.066050352637368914,0.10634702589744814,0.99213288474843186,-20.118909834107956,4.9230883887791483,-4.0663874850524326,,0.1194727883092806,0.3421052631578947,False,5
0.8370484002778511,-0.51433416581182156,-0.18657529705442805,0.53957280407932184,0.83248675918161941,0.12580534521737124,0.090615477101143885,-0.20597611916419362,0.97435243810635064,-20.804565349750661,8.3800938165641412,-4.3717290931453068,,0.1656967347577782,0.3333333333333333,False,1
0.7574873601314841,-0.62122876493278611,-0.20071801329507102,0.64935512665233031,0.74870877458893925,0.13331575429732409,0.067459756383869668,-0.23132226973124254,0.97053551650365411,-1.4556519697756951,8.6466153820213645,-1.1412083688706809,,0.06540318689297525,0.1363636363636364,False,5
-0.64007383547325269,0.75758395430956649,-0.1279532622297746,-0.76669245180677004,-0.64061591649933403,0.042354832903021583,-0.049881554557614644,0.12521102068268614,0.99087538611801074,10.920771531382046,12.827048148715095,0.86949279473762409,0.2287681154425069,0.1529514250358918,0.6470588235294118,True,5
0.040141476812522732,0.98993263819674482,-0.13572779255606565,-0.99477657782680828,0.052352492858855841,0.087628629446359144,0.093852128619938927,0.13150128639787573,0.9868633084825934,8.9310286692245864,9.8577577184452672,0.62896497096598425,,0.1023354940730235,0.5,False,5
0.13077841880720095,-0.95998710035665402,-0.24763233295171935,0.98793785638877007,0.10529838520001542,0.11353872461953503,-0.082920426242571538,-0.25949377106800087,0.96217835440663368,16.150297080758769,9.6669551393064719,2.0482595694501975,,0.160339342600357,0.3846153846153846,False,3
0.97864185844082996,-0.11070543172304542,-0.17321784057796633,0.14705812897780926,0.96578959927194175,0.21359858763505191,0.14364546497897396,-0.2345096103044757,0.96144226195118854,2.1362878875766613,-10.863725505414731,0.72236325284714287,,0.0966863361680643,0.3157894736842105,False,5
0.68041152516828451,-0.70545909369810811,-0.19841276051911524,0.73148199984144247,0.67020900157439223,0.125514852175442,0.044432424265795856,-0.23053711485854758,0.97204855760736752,3.4232820277101537,9.4266726832723045,-0.26054792609363459,0.6199085714666396,0.5497423349202445,0.9327485380116959,True,5
0.9755427490226618,0.18367270750463108,-0.12075049212001915,-0.13694025458970707,0.9375501376693417,0.31976101392931788,0.17194101169358847,-0.2954049354261325,0.93977242597538913,-9.6350213537055822,-25.862608976634846,0.38580529054425294,,0.6300406840240419,0.5454545454545454,False,1
-0.92357885237016091,0.36053669337585148,-0.13044307641353348,-0.36333579836169883,-0.93165488893154258,-0.0025031098308000571,-0.12243039280949228,0.045082820004580422,0.99145264045084425,5.7753291964318647,-13.570871443405684,1.7549183037611336,0.4825182954627964,0.3876653187754368,0.7619047619047619,True,5
-0.94060096478752686,-0.22255506420284038,-0.25639631128087903,0.26533611747422547,-0.95301130247129018,-0.14617182398012726,-0.2118173028920815,-0.20552056043044187,0.95545524721772257,6.01485292138433,7.3531872598201877,0.25601820656540458,0.7177225752160127,0.5269632101480953,0.4444444444444444,True,3
-0.95847547700437619,-0.2069209815174293,-0.1962357444226222,0.22376833952105254,-0.9722865385626579,-0.067724568347380873,-0.17678373853165325,-0.10882368463579895,0.97821516827999722,9.6969051928786349,16.494091620709078,0.43318632797065743,,0.2523109879825441,0.1428571428571428,False,5
-0.29932541952744068,0.95399460667552316,-0.017279573453528735,-0.95342915489684754,-0.29834554356828652,0.044303309420714448,0.037109834510617286,0.029735955793585206,0.99886867661151402,21.855047351864922,-20.882041472546341,5.5667227424822912,0.7603680375337859,0.6783370464991084,0.6428571428571429,True,5
-0.28607673992736654,0.95186813475096788,-0.11003250846110382,-0.95732186464921143,-0.27898811516130417,0.075501516960253159,0.041169725977791144,0.12693575400357404,0.99105618812379026,1.2459722704645735,11.003927668062309,-0.71084013320623907,0.6657566663151895,0.262917045191336,0.7368421052631579,True,5
-0.98511554184894634,-0.01270756874392661,-0.17142312243182117,0.018433142294870572,-0.99932267141725839,-0.031849923965551391,-0.17090227755297421,-0.034535721913588661,0.98468253535802763,-7.18642324114973,-5.8555833791599499,-1.5683349059519518,,0.1403082959374845,0.3333333333333333,False,3
0.77481575473656727,-0.58587434949570327,-0.23751166879753677,0.63218677651006616,0.71844171736409457,0.29014027358631617,0.00065254717502599702,-0.37495699133889682,0.92704197792131693,-10.330813729581548,1.0172522038677791,-2.3658395183620851,,0.1147791431366994,0.2857142857142857,False,5
-0.15287070903753378,-0.9721776484422685,-0.17748567882402153,0.98199719389963147,-0.16959915385710977,0.083172340259266356,-0.11095971111900255,-0.1615758239348152,0.98060246564455167,-3.3180551427607892,1.5131772640399885,-1.2793003786934622,0.3103879598325021,0.3066181151459216,0.966589861751152,True,5
0.95310232219443858,0.26201856879748148,-0.15146693709482373,-0.24441779329742916,0.96153512020048637,0.12534015693563899,0.17848222809899875,-0.082440780117335577,0.98048335632302352,-18.902647798949889,4.8541875741607257,-3.8872445442035382,,0.08252227538659741,0.2380952380952381,False,2
-0.97998538074068764,0.16261319207856748,-0.1148285822282395,-0.1627056533672788,-0.98663690725658804,-0.0086303882578155355,-0.11469753221780987,0.010225605173908747,0.9933478308739444,-11.085845299329341,6.9191520027371576,-2.6760936066897592,,0.2227170539353888,0.6363636363636364,False,5
0.96639935724271664,0.22008743993169819,-0.1327923232162751,-0.18689545045673203,0.95630666103140949,0.22482806912290218,0.17647201738360613,-0.192455420425792,0.96530748377358611,-3.8721881748952152,-12.283246180081679,-0.30002856395724442,0.336623117192301,0.2762970384823668,0.3831775700934579,True,5
0.92460511315943428,0.35328230762426083,-0.14246752555970912,-0.3366027020069759,0.93282090851331123,0.12862260159864244,0.17833677613165566,-0.070970161054327657,0.98140676099102242,8.0667730219656484,-11.701299131015185,1.9635179669041753,,0.2542859043802775,0.1111111111111111,False,4
0.71647431983616672,0.69472813427443136,0.063382714227709053,-0.67504861312369868,0.66751061002958789,0.31422755356222276,0.17599408778443276,-0.26792238604770674,0.94722947384434264,-3.7292877107979292,-2.4968141854314707,-1.1178884408388832,,0.08671701373320184,0.2864583333333333,False,5
-0.37234426829839579,-0.91038099143540407,-0.18046106587966088,0.91738853742243998,-0.39047343554411346,0.076998490506591272,-0.14056321450240386,-0.136882966681279,0.98056363187774964,-2.6921163610647749,16.90634293594562,-1.7343573285629033,,0.07448155605829805,0.1111111111111111,False,1
0.76070182254965513,0.64904721520994846,-0.0083934258705646858,-0.62800228227080346,0.73918358505274118,0.2433531611696054,0.1641519741955485,-0.17984810262215328,0.969901432801765,0.32076299755183446,-15.328677972711215,0.87478301243499035,,0.2912137509754295,0.2711864406779661,False,4
0.98547034839359837,0.061725881088458223,-0.15823434532633301,-0.029397097885391642,0.97955192566507188,0.19903224754236606,0.16728419851533016,-0.19148874778874733,0.96713393922319812,2.869210049993081,-4.2044568857423661,0.21039985913037249,0.5789123433293484,0.3102252011105687,0.1578947368421053,True,4
0.071022738697855858,0.99739920336049426,-0.012271907908261298,-0.99125680635859426,0.071946237073134828,0.11060598003172378,0.11120123396625542,0.0043090726228565135,0.99378856778366809,4.4796437293165736,8.4252621072705036,-0.075927646719993094,,0.2281419518535878,0.1428571428571428,False,4
0.029483842930217427,0.99955530740949872,-0.0044598694567060115,-0.99663173594402277,0.02973860413867209,0.076425115852635256,0.076523760462170465,0.0021915413269978923,0.99706534952897763,-11.866875986449299,-12.815982274866602,-1.5726549160325756,0.3185255378477135,0.2744535370968313,0.3829787234042553,True,4
0.72894245622736709,0.68259835902764943,-0.051984379980662285,-0.65773649368564502,0.71939644959279148,0.22327438990488868,0.18980411055434759,-0.12856215837503338,0.97336846622983753,6.4108380440505677,-6.7538026243147522,1.1454755045193437,0.2626639710536144,0.2072909100528163,0.1923076923076923,True,5
-0.50979300785963277,0.85461904745871653,-0.098678127557149997,-0.86029471453260675,-0.50669667212561942,0.056138102961216255,-0.0020231867659412789,0.11351108394152264,0.9935346700230101,11.802985751879801,-18.195436032075865,3.4044715834291375,,0.1138871055499249,0.2,False,4
0.96769388987563565,0.19812332755545081,-0.15593486645301055,-0.17122000788428135,0.9703888488620207,0.17037954954850187,0.18507361885873769,-0.13817607999432946,0.97296203755333277,-21.872980978025378,-2.9947089182933389,-3.9463936215351558,,0.08949697855651811,0.1818181818181818,False,2
0.97828759507646501,-0.092068626816719457,-0.18567915681516298,0.11932177859845572,0.98273771852640046,0.1413820700712298,0.16945705789847568,-0.1604678925567625,0.97238591155301279,12.011147779609761,2.3863295207014366,1.4852451183054014,0.6168893297275869,0.6748560785400463,0.5877192982456141,True,3
0.45467851373202839,-0.8660891227943216,-0.20774282304762398,0.89060470335700803,0.44460630104713561,0.095647788409140774,0.0095242589638040998,-0.22850572957050017,0.97349597844297431,-2.38195414654564,2.0231942611490887,-1.1772677288101672,,0.07439712554511471,0.3104575163398693,False,5
0.15357517641800003,-0.96366732380060405,-0.21854050935046854,0.98581888213734803,0.13428059897522177,0.10064716767165242,-0.067644636222321031,-0.23089826716075154,0.97062361057853552,-6.8625569328507385,12.358024476995986,-2.1426295590527711,0.2091848581298237,0.238172308697516,0.7142857142857143,True,5
0.78407948179721054,0.61446209529173457,-0.087496855225268358,-0.58408103548291335,0.77818138681734195,0.23083126564711426,0.2099254872897241,-0.12988480534971014,0.96905171540297164,-12.933649617672948,7.3114509519052069,-3.0477037851157678,,0.2541693194522148,0.2,False,4
-0.54924160114197618,0.83395726211703247,-0.053375542500875048,-0.83557044964096583,-0.54901268705166217,0.020176549336015565,-0.012477470168012844,0.055680826310119891,0.9983706517719908,-1.1030129585074437,13.194432042763816,-1.2320156801946569,,0.1462694397184464,0.3076923076923077,False,5
0.71910386363897782,-0.64952649965179821,-0.24699182081513416,0.69282859170837729,0.69758193408173474,0.18266906622132584,0.053648632889190265,-0.3024810266659172,0.95164439403395418,-12.266499965769269,2.1735067436744839,-2.7436374373699386,0.6099428781382424,0.5677943951007337,0.7319587628865979,True,3
-0.76583402402161316,0.6365560853995188,-0.091074682495760201,-0.639319079572647,-0.76894004352012724,0.0015244558531711666,-0.069060568671612588,0.059393262346037798,0.99584289837436124,8.8773057470300891,0.22316780477061932,0.99329647859237902,,0.07047688610213379,0.3793103448275862,False,5
-0.41408732755570993,-0.87863517814387648,-0.23776439785184356,0.90390808981146076,-0.42768149915437736,0.0062209689326735013,-0.10715339626520134,-0.21234113828729415,0.9713029345470392,4.9705687916253609,-20.736642175626113,2.3708422309219177,,0.1800011497332777,0.3076923076923077,True,3
-0.85753111403242244,-0.48072968482174011,-0.18313754010989231,0.48046930537318061,-0.87565337320344105,0.048789513131903411,-0.18381957202791377,-0.046153441135252313,0.98187587036796498,8.3915398032584463,-3.9496171955172055,1.2106686333521628,,0.070090403155227,0.2391304347826087,False,5
-0.68435838821988471,0.72876674813193443,-0.023507941004854011,-0.72524539429405044,-0.68367398301192106,-0.081295774846440683,-0.075317425130904309,-0.038586419499890098,0.99641275267924456,3.0106239085208468,-11.188568376684184,0.93274966898825618,,0.09801174535950423,0.4,False,2
-0.96938149917340433,0.19243172180776624,-0.1525435724716793,-0.20317605402932204,-0.97741428783564788,0.058144655849082946,-0.13790939101235281,0.08735755477823734,0.9865848455625954,-7.8955590296713041,5.6068728541611099,-2.1338357010818489,,0.08306921852912456,0.4621212121212121,False,5
0.25687752389144003,-0.93188934664066803,-0.25611751860626863,0.96500193593249317,0.23285191872418784,0.12062855214668472,-0.052775007019836249,-0.27814066506732532,0.9590894478983506,1.4431155441666439,-11.487690098066929,0.66738736199118831,,0.1299871991236208,0.5113636363636364,True,5
0.91457333653218675,0.37619421480470711,-0.14843693897360255,-0.36373165428494314,0.92559795923406207,0.10472679472263804,0.17679054209861417,-0.041789120703942889,0.98336095794742073,6.4994112415276044,9.0411518574593881,0.22462569682614242,0.7185590043165259,0.3065556090118384,0.2978723404255319,True,5
0.15067454383359696,-0.95460633977901976,-0.25695119749524648,0.98832259963329561,0.13948734862583842,0.061332851127426702,-0.022707287258118228,-0.26319197485302914,0.96447621198158151,9.5404777784528978,-5.3636273013979148,1.557145017738403,,0.1627687908265221,0.4545454545454545,False,6
0.57595404016751872,-0.77011957882009341,-0.27421301561500278,0.81744903189401086,0.54557898464771371,0.18471776245481625,0.0073500932141277453,-0.33054410572377668,0.94376192458745223,-9.6576273439957276,15.04199738372284,-2.7955167176107714,,0.2883804954798623,0.3076923076923077,False,4
0.1650692944438055,0.97819049241025291,-0.1260773119558434,-0.97991330041388947,0.17716140205091499,0.091562881645961963,0.11190197363667306,0.10843061459542144,0.98778578149043861,-5.2277065339813014,15.581252944775418,-2.0894925121819639,,0.0976511940626578,0.3333333333333333,False,3
0.41623063116458003,-0.88553836261487973,-0.20633436460680357,0.90918943908507388,0.40253259349525861,0.10649917854213718,-0.011252801273660962,-0.23192524552393784,0.97266852264898385,10.279036272560202,-8.7783290188260867,2.0896726321600902,0.2157384159397363,0.1751304379282607,0.32,True,5
0.88749916460265854,-0.40660472872854936,-0.21683594583270849,0.44396119425637037,0.8805479684901435,0.16593291771778662,0.12346534260285298,-0.24353207132421628,0.96200230738418502,-11.837852622271498,-2.5088321395802042,-2.4252499548932902,0.1020250806727323,0.1440606854605971,0.2784810126582278,True,3
0.66665145352005462,-0.71265151737215549,-0.21841166247882521,0.74316971594025028,0.65800389515037205,0.12136575825259457,0.057224232881601583,-0.24322559230908186,0.9682802788537056,-0.016951365914822207,15.391021472180874,-1.2150851425092637,0.3504813016894668,0.1885730282608195,0.3333333333333333,True,5
-0.90389265264611185,0.41216503393359372,-0.11444674436127505,-0.41124909455427827,-0.91093942489368285,-0.032612059159960044,-0.11769560195972358,0.017588319330911067,0.99289395017919813,-0.80798513439207753,7.8741160417184268,-1.0155577359649541,,0.1136183464642888,0.1904761904761905,True,4
-0.9825974848018546,0.094675857466878108,-0.1598082127863924,-0.10644314123348521,-0.99207665295409175,0.066736589272714766,-0.15222365304189034,0.082585692927516746,0.98488961959108101,-8.649678962546556,4.2358253938925738,-2.1973679953604024,0.5086961674810013,0.4331453523010566,0.9748953974895398,True,5
0.18914690773877188,-0.94517714656022256,-0.26620219554529778,0.98044213258320667,0.16677255725857559,0.10449946794663217,-0.054375288031922535,-0.28076159952121593,0.95823601074356113,-11.114996304072712,-10.651934603511197,-1.7046366457852786,,0.1642130477402715,0.2702702702702703,False,3
-0.91001536683441464,0.40479878070470665,-0.089498487502359517,-0.39664969513111553,-0.91293138318365807,-0.096048471881480399,-0.12058628229454794,-0.051906037590603485,0.99134490051849466,-1.6361623668926286,-7.6264925889884454,-0.36918594705220376,,0.08533759400761792,0.9333333333333333,False,5
0.43235398149359883,-0.87524883414962007,-0.21681677288983991,0.90166336761994215,0.4173686417308205,0.11316619809835325,-0.0085560609452363656,-0.24442359791865745,0.96963080530766999,-3.2448111318879227,9.0302367729475677,-1.4397872388060267,0.5341263157318242,0.4567566460795113,0.931350114416476,True,5
0.62730792443254424,-0.75731364538638257,-0.1815511235319745,0.77814992569742791,0.61884779919713939,0.10728510878004006,0.031104036413643649,-0.20857479219801711,0.97751168534106703,9.6304405872734087,-10.324960159961895,2.1403829837542334,,0.07869896725393043,0.125,False,5
0.9727880767013003,-0.16232334650396291,-0.16533145196102925,0.18448787622783031,0.97434784519450468,0.12888172907659506,0.14016983039417741,-0.15587625779631264,0.97778065582352747,-14.524606054269956,-8.2444726388949654,-2.3664568552137331,0.3159703381258633,0.2632974657821441,0.5806451612903226,True,3
-0.5096734069452773,-0.81318083056244961,-0.28101593381614087,0.84645027485520308,-0.53243898614957252,0.0055369870476401351,-0.154126410619155,-0.23504395936458145,0.95968712959791014,-15.171388191233323,2.1923229248662834,-3.2076652512373762,,0.3678510173543087,0.3529411764705883,False,2
-0.79490151821029575,0.60621238255091969,-0.025261108227942419,-0.60533151515698624,-0.79520428382236064,-0.034984335756354581,-0.041295679007781125,-0.01251775668813998,0.99906855253420024,-15.993494445032349,8.2503388182214188,-3.5762602558573655,,0.1914577343838471,0.5263157894736842,False,3
-0.80470462378377694,0.59276428072825349,-0.03287819876038045,-0.58953923981655665,-0.80439774957728183,-0.073401261511787885,-0.069956795077585954,-0.039683346226365587,0.99676039189704546,-2.4079390217940619,7.9652500971902604,-1.2878267346561711,0.6028273060164004,0.6725072492633076,0.3222222222222222,True,3
0.97336160980803421,0.1666961907447552,-0.15741523605769023,-0.15091008357100782,0.98268651802724027,0.10748652922151779,0.1726074251835697,-0.080867714686919001,0.98166546719990688,-5.2566422760670521,1.2889098800437462,-1.5497668399388405,0.1105450313735574,0.0884242623174855,0.5675675675675675,True,5
-0.49907184267656601,0.86652521919363479,-0.007832007969777649,-0.86596847083184303,-0.49904450762051,-0.032452841770190047,-0.032029726389327814,-0.009414027577208578,0.99944258099812777,34.473878720246724,-3.2334359910758086,6.2366615767145559,,0.3308222017851,0.3636363636363636,False,3
0.33231204294809275,-0.88402137184550067,-0.32874750224460181,0.94312151165888325,0.31497227179678133,0.10636861494556532,0.0095142187240151999,-0.34539641300913071,0.93840865166647836,-7.6594294366499103,9.9376688447667352,-2.1511412361570268,0.8394368019674623,0.6469139411504038,0.6626506024096386,True,3
0.64824639336599887,0.74828225939589355,-0.14089099957538839,-0.74152533814632737,0.66243067065842121,0.10642264541914882,0.17296469690358851,0.035486150036482145,0.98428854853677883,-13.749669205998432,8.8798487257022671,-3.23484150284852,,0.07996596950169273,0.5294117647058824,False,3
-0.60214576231238603,-0.76292292119511862,-0.23530639014770596,0.78355866209067249,-0.62125063519305612,0.0091362648222109294,-0.15315451019122062,-0.17887499709946414,0.97187830072533044,-8.8986039904580672,-15.946695431849315,-0.72352682058686135,,0.1230217177060601,0.3529411764705883,False,4
0.28815204419510931,0.95629539196716751,-0.049674165604880818,-0.95429355284152051,0.29107219086476005,0.067829158260270986,0.07932347969730047,0.027858625370789147,0.99645957397235241,9.0748487061217151,-14.261614214244617,2.4701903466123811,0.5241590012449081,0.5778710805802031,0.2222222222222222,True,5
-0.18404657637681315,-0.94668127375957434,-0.26442659404251234,0.97533240071488436,-0.20925054562036069,0.070291658632596982,-0.12187520600890944,-0.24496688566116659,0.9618407659741578,-2.2298998309655906,-15.873096804197253,0.39996104208400524,,0.3621473497050847,0.8661417322834646,True,5
0.011237556544412797,0.99788727746482686,-0.063989833542123453,-0.99506755797873525,0.01746761159400716,0.097649565300819738,0.098561008421937712,0.062576864886621231,0.99316154959795644,-10.551680797476855,-18.127620270639401,-0.70179902764899249,,0.1239619199830914,0.2333333333333333,False,3
0.31148752260210577,-0.83792504106038213,-0.4481708924363117,0.94973941905418779,0.25905773885128114,0.17573879433942746,-0.031153798449255143,-0.48038600469332859,0.87650369499333258,-13.910413774857984,-12.982279020692198,-1.8537040997831844,,0.1202517768454444,0.2777777777777778,False,1
0.61824557668480262,-0.72778534822483543,-0.29681794726554389,0.78562402705508094,0.58364727937543737,0.20530645725697028,0.023817955903765273,-0.36011712009692859,0.93260300492206294,4.6252218777494516,12.067814422432729,-0.21161393651079846,0.6596128188570478,0.3618304971105355,0.5555555555555556,True,3
-0.9585196052185897,-0.2210992377606783,-0.17987577233537302,0.21485738364026397,-0.9751666863110422,0.053723724781543136,-0.18728713545478867,0.012847605644226885,0.98222119093529581,-6.2244533918307354,2.9557664436502962,-1.7957786848049426,0.2160592446003277,0.1274776378441273,0.5693950177935944,True,5
-0.46763789824005109,0.88057188577582268,-0.076863190870785247,-0.8838991465491195,-0.46525628177270739,0.047527791877729118,0.006090554930805292,0.090165105513420982,0.9959082080635685,17.251808824751453,0.085480246162816992,2.6163760954361508,,0.1207674846485335,0.4375,False,4
-0.73591713291287242,0.66399097672473295,-0.13244605057694975,-0.67409081402865811,-0.73685774490753353,0.051402706270819797,-0.063462965006984159,0.12710879827108118,0.9898564570050562,8.1811571924634503,2.7772050543005729,0.83539643530193164,,0.07164987097199402,0.2452830188679245,False,5
0.46158419285980284,0.8856000102412539,-0.051503929584609781,-0.88138268750618132,0.46441653169699249,0.086497648817284653,0.10052159502488223,0.0054687244608154495,0.99491984701604297,-7.2266536070778535,16.653576564373274,-2.4676224547631507,,0.2234187949903269,0.12,False,3
0.83050505683457476,0.55027676928650571,-0.086352925577573819,-0.5304674794455454,0.82865284058054467,0.17871408184159573,0.16989880465409438,-0.102615529923109,0.98010430526332737,21.388693195519565,-3.6759888492401149,3.7741921622154568,0.2895050066962734,0.3192961862353621,0.2777777777777778,True,5
-0.20186617141368832,0.96818705520158888,0.14786438035867308,-0.97805320337238344,-0.2072283562901735,0.021641158062611146,0.051594381591384457,-0.14025061315141513,0.98877084569623797,-25.634869072390924,-3.3033135096692883,-4.5095363196245488,,0.4928105558500744,0.2222222222222222,False,1
-0.55656328228541951,-0.80807462217506276,-0.19300963138742636,0.81489163331788228,-0.57621907578960863,0.062635474331113994,-0.16182996867142663,-0.12242132858615327,0.97919562884390277,-6.2899600730681255,7.5152898377414115,-1.8784090076098938,,0.06892087486689215,0.1964285714285714,False,4
-0.10035479520546949,-0.96338633702101673,-0.24862759444699159,0.99152650398425834,-0.11755365721561503,0.05528408063800333,-0.082487010953385065,-0.24097282692549193,0.96702015992817569,-10.860160849724647,10.399980127289316,-2.8131445500390666,,0.13502396777845,0.2916666666666667,False,3
-0.94769422846812246,-0.27566721473998823,-0.1608826778920201,0.26776544340209102,-0.96098699851030489,0.069322839049168611,-0.17371619569830538,0.02261803288644916,0.98453598610739257,0.62913895519788654,-2.7405531796609215,-0.31597428717562598,0.5595515911862327,0.5484064440282028,0.9989701338825953,True,5
-0.71544616275155626,0.69812078350616125,0.027643441189872969,-0.69633205025007838,-0.70926326607968371,-0.10985124116050014,-0.057082957164081627,-0.097841663041487295,0.99356355859838175,-9.1689947305728818,-14.531479343609695,-1.0294631093467492,,0.08417532105842243,0.25,False,1
-0.045898686277344405,-0.97557327280427941,-0.21482574330829404,0.99444901731332269,-0.065005802398762552,0.082736918114344846,-0.094680845806217342,-0.20983573347845247,0.9731415633878655,-14.375393324828003,7.5217349451414677,-3.2877200944054814,,0.08722568215635036,0.5,False,3
-0.096644297965749637,0.9915200425339441,0.086878564238784678,-0.99284440843801336,-0.10218732911421384,0.061787785215804761,0.070141715862092044,-0.080285459592560199,0.99430095276728592,-12.561239112123946,-16.207217878155685,-1.260509333785893,,0.2931594127328406,0.2142857142857143,False,1
0.51625604007336623,0.84926073836000704,-0.11061599960214988,-0.84388066706138598,0.52646121679910429,0.10346017091826706,0.14609969489289706,0.039934765388346061,0.98846350143319939,10.386558570438291,-12.627864384097997,2.4973409085524092,,0.270451304814244,0.5753424657534246,False,8
-0.71616051656855695,0.69793546237576443,-0.00045262190124070734,-0.69558236109251215,-0.71379887923572127,-0.081586389421239039,-0.05726511543010486,-0.058114114982130816,0.99666617088903953,-19.898251720942412,6.6165978369361298,-4.1265192043267174,,0.6754598436655381,0.3714285714285714,False,1
0.89888431976633432,-0.4043442340132497,-0.16885709963887036,0.42369840240789408,0.90030881213333191,0.099617802586011661,0.11174365071542712,-0.16108936406636409,0.98059348014836489,-10.072628664969555,2.6352114136526694,-2.3793426642871762,0.1269985940621656,0.1049592632325938,0.5,True,5
-0.16638139490951406,0.9812255293385862,-0.097538156647416704,-0.98437910302626741,-0.15950716961842965,0.074533511694532387,0.057576149169302766,0.1084155127946605,0.99243693181597448,-12.929244457613002,-5.9211321561235817,-2.3468789238939007,0.2249990300660749,0.3145071339510226,0.9074074074074074,True,3
-0.7508697666847659,-0.62465521621777675,-0.21447716505653699,0.63804937777064019,-0.76994665258332629,0.0086685467196491867,-0.17055082821629847,-0.13033807205745526,0.97669053541389528,-11.508006381467238,5.1125425436340866,-2.6901222704802037,0.1410370965794382,0.1525799661354825,0.4044943820224719,True,5
0.95524695492296641,-0.19963823339508699,-0.21828383100287074,0.26335524057200421,0.91000339730774982,0.32021529343804944,0.13471181230190149,-0.36337087480320041,0.92185374923091512,12.484386369622522,-2.5418682235642467,1.9060867802254888,,0.2174695589115056,0.4375,False,4
0.15286780062158017,0.98655665940602855,-0.05777017668951874,-0.98365732100445613,0.15752486734669555,0.087202012601440421,0.095129965665171082,0.043495677360208665,0.99451416062493525,-23.257625711764582,4.3409504891508748,-4.5780795104719001,,0.2935188748027031,0.6153846153846154,False,6
-0.76793493761087406,-0.60315511191058746,-0.21559184254676747,0.62548997350213276,-0.77865654033112819,-0.049560924606583581,-0.13797907321360317,-0.17291010142754754,0.97522503668611316,-5.8512562188402448,-19.783537686732561,0.32157097665940937,0.6232125189085803,0.2188877149115828,0.3333333333333333,True,5
0.50390297504595816,-0.82985871750865936,-0.23961698753368155,0.86344806422029008,0.49140835269746541,0.11390904833856705,0.023221372355380424,-0.26429593238271232,0.96416203409587031,-13.575065355942161,4.3954137079928275,-3.0378883918270865,0.2422255738810368,0.1761470476749309,0.2708333333333333,True,5
0.52924631203695971,-0.8251800820272307,-0.19742384207792715,0.8483329618861184,0.51879262964789075,0.10576101928665731,0.015150147616550314,-0.22345478211163833,0.97459654902869286,5.6380193145734863,-2.4815145447046292,0.56312873447564205,0.3966511471035519,0.4082084280153698,0.7905138339920948,True,5
0.95120277446520229,-0.25941276773103383,-0.16708769490248734,0.28080621052333271,0.95220333676157221,0.12023592471326711,0.12791072660737907,-0.16128800760829509,0.97858317205055156,1.999153531911408,5.8501042985884775,-0.43867959085651254,,0.08697874952450535,0.3097345132743363,False,5
0.93148568893681172,-0.28383339646074168,-0.22753684176298622,0.34343756418194432,0.89236490817342884,0.29280626729870812,0.11993769555351501,-0.35088954631648561,0.92870419158692541,4.2238291247349311,7.2467478902445235,-0.034272579200060486,,0.153235552894583,0.4054054054054054,False,5
-0.3075313350458897,0.95081576725760908,-0.037065545985697779,-0.94858436515343336,-0.30327728146142646,0.090612321103840016,0.074914485590914556,0.063025925488579229,0.99519623821885361,-6.4390012303466424,-10.291041943803192,-1.1079063075247915,0.6217279070698236,0.5114574621782518,0.6005917159763313,True,3
-0.70845899311847516,-0.6481989979705437,-0.27914855202838007,0.68186286963494103,-0.73069897678652074,-0.03379396893436451,-0.18206834453787329,-0.21428267394522665,0.95965309021756584,-10.62150456001444,5.8297685359599969,-2.5574335858507569,0.3171747320019175,0.2024033463898748,0.2105263157894737,True,4
0.98696257788095565,0.0069272609281881871,-0.16080075534216212,0.019264949479554646,0.98680618479941096,0.1607557630792123,0.15979277700862227,-0.16175774076582064,0.97380732268668491,6.9109102425062643,3.7640751851369783,0.53378919068848507,,0.1107842460535615,0.40625,True,5
-0.89576862531402057,0.42618262590132239,-0.12636035487004318,-0.4272806490176298,-0.90390528669813341,-0.019659085793548275,-0.1225961536023981,0.036381342182752879,0.9917895850748174,4.5936758493132812,-5.2705039709629089,0.61833153408519215,0.3089261944786252,0.2828097554001393,0.5724137931034483,True,5
0.88012089586231301,-0.41703371583119564,-0.22687020193614185,0.46315016381867058,0.8592232928914213,0.21731833495488151,0.10430308922203077,-0.29634137884009543,0.94936960809049109,-29.737553826850633,-2.9111719086330727,-5.2022329698824787,,0.1503104716488116,0.2857142857142857,False,1
