axis_00,axis_01,axis_02,axis_10,axis_11,axis_12,axis_20,axis_21,axis_22,location_x,location_y,location_z,dbh,dbh_approximation,score,reconstructed,number_clusters
0.19072201333073896,-0.90602604844723056,-0.37781200770510942,0.98062072006882783,0.15827718568723717,0.11546140421206033,-0.044812018508011947,-0.39251131451975241,0.91865485954803128,-16.878979846138147,-4.5520360365522645,-4.5591300689695222,,0.06658801070346425,0.4166666666666667,False,1
-0.04751752072749197,-0.95089081792196217,-0.30585738116908867,0.9928938994901465,-0.078410349537587951,0.089518274339058929,-0.10910448927134989,-0.29943024142042518,0.9478595576053146,15.948213256525005,-3.5206601406199534,3.6338220692045864,0.767119165090521,0.6330958541779927,0.9927536231884058,True,5
-0.94710310469925096,0.23346834374803827,-0.22020045762120297,-0.24117911699697317,-0.97044411549445997,0.008417376475774202,-0.21172704738318099,0.061079875325039251,0.97541832371381954,-13.626152040974718,9.9188673678792583,-5.7786402217522204,,0.08136420765787472,0.2380952380952381,False,5
-0.66021121799397597,0.73922616371273597,-0.13291285309352979,-0.74547343368739827,-0.66652290067705888,-0.0040721664209377173,-0.091599712342512893,0.09639451102418084,0.99111936261137501,16.803962857781318,-8.414104485297436,4.5705542265183423,0.3346058306886651,0.283193840529919,0.7037037037037037,True,5
0.052147343540789821,-0.90126917570388643,-0.43010990163872798,0.99565802597426434,0.01366667969455629,0.092077777879124426,-0.077108688710610385,-0.43304398713313619,0.89806856939387791,-1.9792680995954655,5.5720542897810894,-2.4218314839834583,,0.1338331075519437,0.2083333333333333,False,2
-0.071047975317864748,-0.93438354484129371,-0.34911255539302966,0.99239992107422903,-0.10146968547992127,0.069615368852507534,-0.10047179631666241,-0.34151324141008788,0.93449137186304687,-14.442367848827798,13.268634358821179,-6.4375293900550847,,0.3449324792541059,0.2,False,4
0.54381851298367934,-0.72131898727729837,-0.42890598448782657,0.83714745793311163,0.5020313362709935,0.21713744743385216,0.058698880844085796,-0.47714091838283201,0.8768642913201784,-20.800590774169837,-0.54086571638442105,-6.1469656920195712,,0.5192053703706258,0.3902439024390244,False,1
-0.94708735982225956,-0.14310938856017302,-0.28730686690511864,0.18468096712865348,-0.97505793050262857,-0.12310553417436985,-0.26252328133963149,-0.16965180538345354,0.94989462135797376,-15.100585248832537,18.39908845500015,-7.2136023787408998,,0.3066605878395774,0.4,False,2
-0.89937964163084871,0.38555464790150823,-0.20606764350938445,-0.39246662234907842,-0.91973221129681626,-0.0079126383068557904,-0.19257780391798188,0.073758206218787536,0.97850575698537146,-9.072567623215166,18.891326093575529,-5.7609588401524157,,0.07990373128794524,0.3181818181818182,False,3
0.83756380348727488,-0.4768736076959762,-0.26660539636502761,0.52180924463995471,0.84282567467991942,0.13175733113803531,0.1618702792244735,-0.24947233189947607,0.95475733478220959,-9.1893845486248669,-5.2009264853237083,-2.5600698934349184,0.5582545995729777,0.172427721268155,0.3150684931506849,True,5
-0.82859486459859066,0.53072523167763364,-0.17821694313831477,-0.5367148780602371,-0.8435959158400288,-0.016824697525007301,-0.15927237685684256,0.081710826937103076,0.98384737166474512,-0.97634166843632353,-11.593721359185599,0.54508933655700109,,0.3455005450863006,0.2307692307692308,False,4
0.91914053393714268,-0.28559874166499172,-0.27131906979259479,0.33836343843924288,0.92506774808325332,0.17251041992805033,0.20171976204952813,-0.25036577285154793,0.94690343614495887,-14.751175923825233,26.615903565260229,-8.2010188201939194,,0.3285810748836642,0.2857142857142857,False,4
-0.79222105918700503,-0.51739234860800221,-0.3235598105181115,0.55355823947308991,-0.83245854975835432,-0.024208230948819978,-0.25682497715774,-0.19828746943797015,0.94589799163113408,13.593125629130274,-9.5932812834346421,3.9385166261953155,,0.3977286209569079,0.2068965517241379,False,8
-0.96244719202437556,-0.046744323896655178,-0.26741423063823683,0.095730410643233843,-0.98022353678895457,-0.17319788221289389,-0.25402970503953537,-0.19229348951121111,0.94788824386059845,7.3619346145216182,10.738992969429392,-0.85865256094479336,,0.2689118846558273,0.1666666666666667,False,1
-0.90724132390340695,-0.31076796812791646,-0.28343685396863966,0.32095584415133088,-0.94703009650270475,0.011015553693969185,-0.27184651240562252,-0.080976949212256566,0.95892763407317427,-1.7501398707762179,11.89738124083696,-3.1908326787295396,0.3568407413660579,0.1536752774596683,0.2321428571428572,True,5
-0.9629838033141529,-0.099197805327195868,-0.25064315265507719,0.10853456782545025,-0.99381079295520725,-0.023671826982396157,-0.24674367700419661,-0.049999032230729649,0.96779008810508005,16.307129038493915,-12.144367771979953,4.8975164737749131,,0.3854052181599605,0.1935483870967742,False,5
-0.62893819196735645,-0.70748991158616714,-0.3223271252759069,0.73534008953720564,-0.67593763553682507,0.048818701173839324,-0.25241177350560962,-0.20631611151018631,0.94536868930966245,-12.305523966021154,11.444386613862276,-5.6303621484002591,0.4742164749522496,0.2125416968685891,0.1111111111111111,True,5
0.22019792186562404,0.9493617482032376,-0.2241096746116831,-0.9641904680023945,0.24664786858014512,0.097475998780194278,0.14781615818098326,0.19462039968452802,0.96967689639758403,11.87969083348254,-5.8547185371041426,2.8769702709713538,,0.07001937833851099,0.3333333333333333,False,1
-0.31822638844098661,0.94741581503133132,-0.03369330984520294,-0.94764754175410137,-0.31691303243976154,0.039118620594846436,0.026383750817792095,0.044377959601056949,0.99866635789658598,-19.166971889234784,-9.0557825689515052,-4.5425823833386145,,0.493773280060877,0.4197530864197531,False,3
-0.71310047938245191,-0.63087956261997002,-0.30574283928320156,0.65722063681096921,-0.75338607846793859,0.021689889821891579,-0.24402610691133458,-0.18547343270435604,0.95186704161167446,-1.6854781893092108,29.056436014422875,-4.9057156138743796,,0.1751335549725585,0.4444444444444444,False,1
-0.9653319817179985,0.016424952855649929,-0.26050793845119768,-0.013367954355781024,-0.99981947564166207,-0.013502367347058869,-0.26068268616988177,-0.0095518087984864906,0.96537728380148524,13.319504611156937,2.7582829812749052,1.9343532149060536,0.9024761369600275,0.7889217976846237,0.2631578947368421,True,5
-0.30800696366519853,-0.90641765055774715,-0.28903071305852557,0.93657911931046511,-0.34226941331151034,0.075307383323474517,-0.16718631404926437,-0.24750493221099501,0.95435320763638254,-4.1854799300120433,14.961046246002335,-4.0502063237229526,0.2568432039987473,0.2352742180874268,0.7571428571428571,True,5
0.95480110716824451,0.20664792325050213,-0.21366207329928555,-0.14907287106270117,0.95477407326329167,0.25726202233782147,0.25716167067317391,-0.2137828450565597,0.94242494146542277,4.2758314771208683,6.6960922017128794,-1.1113626668588785,,0.2291621419707358,0.4102564102564102,False,1
0.49497324642711027,-0.82663236124150596,-0.26773200157938021,0.86773348604278899,0.48627101874319489,0.10285472050657549,0.045167272680974216,-0.28323035797518165,0.95798772528661058,8.5576326393558162,11.937496734814928,-0.75180614575488702,0.1536095213492819,0.1018629415517735,0.5,True,5
0.81801165776473805,-0.4795000250437047,-0.31770529385591417,0.55268026622623945,0.80825501899626573,0.2031461237420995,0.15937832689885775,-0.34176534384052748,0.92617222948244793,-11.610844820990698,10.239645730272857,-5.3749041224659235,0.4445492666268292,0.271256273739771,0.459016393442623,True,6
0.47562021992243536,-0.82757957332180154,-0.29815676450726186,0.87781936478653078,0.46839443846836781,0.10019886634924223,0.056732435226290262,-0.30938438847557725,0.94924324119842285,9.5321260875697487,9.4311343948421804,-0.14516611264415272,0.2756629384644627,0.1575538599898106,0.45,True,5
-0.22888913408101,-0.88534991792825068,-0.40467923979873727,0.9582950915981886,-0.27800707402058811,0.066201089215579989,-0.17111482027709751,-0.3726494191850428,0.91205927913847007,-6.6624136154807774,3.296344160469197,-3.2097677724775155,,0.2256509875666604,0.1507537688442211,False,4
-0.7890729739926825,0.5861472971041316,-0.18383467521625044,-0.59771753330627764,-0.80164974187530147,0.0095625169030492119,-0.14176597649860218,0.11742673225796221,0.98291066250123382,3.9816400931819333,13.006149334686096,-1.8628217936448814,,0.1007393296172244,0.2424242424242424,False,5
0.62148823054936198,-0.70302670312694526,-0.34569615846734764,0.77896281410351387,0.60155560000349717,0.17705308341954207,0.08348241451082869,-0.37932085995221909,0.92149138448091394,12.839481942079038,-7.1933888829572572,3.4088355489221307,,0.08294741136829131,0.625,False,4
0.16325550285305618,0.96112595656385313,-0.22267585501669035,-0.97718764180794548,0.18860421769475524,0.097635863111745824,0.13583796776314774,0.20165650172252744,0.96999108337500195,-1.8464554485385876,15.867875697697892,-3.6523406176205788,,0.09166415030029754,0.4603174603174603,False,5
0.83928791816343085,-0.4749629807777348,-0.26458638913523497,0.52134670495475488,0.84114032945424788,0.14380736906854835,0.15425110585571994,-0.2586370295536336,0.95357930099491939,-3.0978193865972448,10.746371450274054,-3.3751426570379759,,0.09309841432677901,0.2205882352941176,False,5
0.51307160324546208,-0.80730336775297973,-0.29157983873689047,0.85733490957054637,0.49847475786714612,0.12845142506393276,0.041645921466530636,-0.31588635327280246,0.94788260298478766,-9.2023568153533919,-7.5048359350352882,-2.107645696174119,,0.09619782738348215,0.4857142857142857,False,5
0.24336988394313047,-0.92799495774303375,-0.28212844236803575,0.96946443110732949,0.22368863390797336,0.10050926264841484,-0.030163163084308844,-0.29797441746547887,0.95409718065240079,7.8455565401840417,14.74363843818954,-1.1675591438923096,,0.1030479640660909,0.3125,False,3
-0.35353248535342813,-0.8604248328607107,-0.36699303644135794,0.91844807070033996,-0.39368778480366384,0.038250091806542423,-0.17739200440451941,-0.32354139625866074,0.92943694873850646,-14.296688551434224,-9.4003677861220236,-3.1702560693202604,,0.1015518956336031,0.1304347826086956,False,1
-0.96916541660470767,0.028556575688347244,-0.24475072470245893,-0.044144223744490771,-0.99731443575671486,0.058439744534530116,-0.24242459191967194,0.067442110110972134,0.96782326848260869,-27.914438331747128,2.1797092572013828,-8.3167098776603812,,0.4303669508002279,0.6341463414634146,False,1
-0.55174091299549211,-0.75453554081255658,-0.35532813367027866,0.80527504048517262,-0.59284066682999148,0.0084883993882458458,-0.21705776673158739,-0.28145347999851333,0.93470308895296905,-17.332720931041663,-6.1080085431789266,-4.4959356636714327,,0.07107684661256433,0.3076923076923077,False,1
0.77434417347452011,0.60645999274496187,-0.18054744031928122,-0.58940277379356365,0.79510276910582689,0.14288441764132465,0.23020745263895523,-0.0042265541553473951,0.97313239848925803,-6.1407102885048559,28.417888360018836,-6.0813303058795478,,0.1246303053299767,0.2941176470588235,False,2
-0.14179607132903027,0.98614363643747549,-0.086108085970624609,-0.98910151765030441,-0.13766105518294369,0.052226637530889478,0.039649236279113438,0.092575170536113055,0.99491596422144746,2.6681991901392883,8.0663537833902765,-1.7013620062647781,,0.3964558699706863,0.7608695652173914,False,2
-0.76177815554970918,-0.57290209252445568,-0.30245203604601906,0.60166644921984269,-0.79874375624245975,-0.0024281159098358818,-0.24019060266894027,-0.18382492824637597,0.95316151314703501,-8.7123630132984005,-9.2984326852776942,-1.7119090421753649,0.7910221532163154,0.4862985139479491,0.8602150537634409,True,4
0.81632387078849045,0.54654587399912147,-0.18682330046178267,-0.51661070699623224,0.83554383984467862,0.18702905954547422,0.25831901865280876,-0.056161368503161474,0.96442583192804576,1.317110251540546,7.8390898388351502,-2.0274040713124113,0.5662162657181607,0.2079635012816265,0.2580645161290323,True,5
-0.59207834936229209,0.79939669380113565,-0.1020203614786645,-0.80235279425277695,-0.59657597153841546,-0.018086009448111728,-0.075320792422711252,0.071147987482495983,0.99461788748544333,5.7056310651344022,4.5950814417670998,-0.46890232464623266,,0.3734821178961984,0.5714285714285714,False,3
-0.89659517624804452,-0.34435713421564013,-0.27845152907378512,0.35840481906785909,-0.9335661447707303,0.00048888326865831333,-0.26012127094428966,-0.09936003951643127,0.96045015849320381,-4.2029306400219033,4.9579355734973021,-2.830913188570674,0.4606840409585796,0.250858264711624,0.8463203463203464,True,5
-0.95595325323410185,-0.026394788859041493,-0.29232976713332265,0.060927854213218169,-0.99209964345046486,-0.1096635493061949,-0.28712571151345684,-0.12264425215453856,0.9500090595364572,-16.809286938377927,6.2493630824436837,-6.0777265310031297,,0.1880979312415086,0.4545454545454545,False,2
-0.70887035809369958,-0.64711377048306284,-0.28061821656354047,0.66197379113965049,-0.74771783922572488,0.052045487295343251,-0.24350259805658503,-0.14886840146520336,0.95840736839033469,-8.435632514458586,-7.0948133040587651,-1.9597022673663795,0.3097104235875391,0.08426914464365656,0.2439024390243902,True,5
0.93535389464674656,-0.23326023965921133,-0.26589989161955407,0.28088273142664805,0.94672248480577803,0.15754817659839443,0.21498368067243812,-0.2220499884199516,0.95103933656144368,5.1603364474625693,22.404022260557401,-2.5242331806427991,,0.1207903157772762,0.4705882352941176,False,4
-0.14979428921332102,-0.92517909015053845,-0.34871954643710079,0.97889501472649676,-0.18836688103908442,0.079262022881190358,-0.13901877953243175,-0.32948682716586536,0.93386948213413834,-15.975210363126973,7.1624427616227804,-6.0056795757104791,,0.226534316828211,0.1111111111111111,False,2
0.8890189289689947,-0.31653370552111731,-0.33083493951499732,0.41802721199188081,0.85591475070096934,0.30440629028781957,0.18681165372940883,-0.40892096155805907,0.89324411737739173,-18.35883509147688,3.6095022471815503,-6.0924200696835529,,0.5108083740557046,0.3818181818181818,False,2
-0.934273457609341,0.3051164641868756,-0.18449132686602246,-0.27656489749746238,-0.9467001785161433,-0.16513821323279451,-0.22504435980247228,-0.1032604245565593,0.96886135274428919,-1.1398144908578685,-8.1384643806418246,-0.076085469815030962,,0.3636424515749773,0.3544303797468354,False,4
0.19583782688710147,-0.92801724772328131,-0.31690934585184488,0.97973292317073801,0.17129057081654056,0.10384093414769033,-0.042082595160695048,-0.33082250267696456,0.94275422401975562,-6.054794644810225,-7.7790873127385183,-1.361893463151522,,0.0869734742231244,0.1923076923076923,False,8
-0.96908688267453214,0.034652452067386763,-0.24427407024462156,-0.035879598465895078,-0.99935595483542383,0.00057441178916584068,-0.24409684193385819,0.0093211104861410481,0.96970606301972839,-11.445205815580035,7.9025083952417638,-5.0035307138444036,,0.07921107057859836,0.2315789473684211,True,5
-0.88706560036579873,-0.36816323981677285,-0.27851472042835157,0.37104316912338714,-0.92755591247338065,0.044350827303989745,-0.27466631991297907,-0.063998891266116187,0.95940739762739446,5.3479190457499524,10.200125609614098,-1.332950665165616,0.7495750573539934,0.5247770648810595,0.2368421052631579,True,3
-0.97310904661788467,0.033561994286823611,-0.22788676119933537,-0.0052451541664660182,-0.99230039284084581,-0.12374335830933739,-0.23028519654593879,-0.11922048023470748,0.96579252707007635,6.8131921609344213,-14.483204185718071,2.8622146691626784,,0.4653461450002122,0.3888888888888889,False,4
0.11420790498020041,0.98819646298677744,-0.10209948570123831,-0.98317267867005986,0.12717651898889093,0.13113968481969507,0.14257642987806285,0.08540423618470061,0.98609232736338392,-7.083032527521846,11.59719315600646,-4.3929438472315425,0.7340885038425375,0.6062131099415249,0.559748427672956,True,4
-0.42309985891703139,0.88488602516936055,-0.19484155574301626,-0.90585828268591284,-0.41788882453997273,0.069207673085645488,-0.020181205953011275,0.20578059379973287,0.97839003783854639,16.981680092480158,10.532425069137188,1.785462295282723,0.438045607633485,0.3303349364932771,0.4285714285714285,True,5
0.95276316307467479,-0.15112762319515929,-0.26344410525825623,0.20107697143588119,0.96395761550978787,0.17422332524337317,0.22761899447567005,-0.21896610926822965,0.94881159159541217,-18.433381971964646,-0.038618802063655318,-5.6042005591300592,,0.510408321946826,0.6666666666666666,False,2
-0.96446695640154068,-0.012747683560681979,-0.26389578733542662,0.015821049270612352,-0.99982947843654579,-0.009524098344779075,-0.2637293772212812,-0.013360786396798859,0.96450417571793512,-13.567004594665018,14.725520439131316,-6.4342889720615331,0.3303169511990016,0.2359065565177238,0.375,True,5
0.34255400128871233,-0.79610467499921456,-0.49887283213809863,0.93949542209674919,0.28899252546176413,0.18393387965919181,-0.0022601018435737114,-0.53169602845199637,0.84693224361104014,-4.8707064624180623,19.435273125899723,-4.7616381191943047,,0.4171659600263018,0.24,False,1
-0.54570317241126387,-0.71223655642501726,-0.44150553259513858,0.80967758397293643,-0.58392390519431092,-0.058779953677890531,-0.21594040296348452,-0.38955354013852811,0.89533110173472086,-27.195478096590293,3.0340864466302895,-8.284125853927895,,0.3636448804446352,0.1578947368421053,False,1
0.93203951501273941,-0.25066270395043233,-0.26166878167461149,0.29528677372748063,0.94394806286085298,0.14753906561605443,0.21001919844726849,-0.21477956948811666,0.95381427584937428,1.1537440954675051,12.949048053133364,-2.5682376737596853,0.2167351477597961,0.1679214984082592,0.5307692307692308,True,5
-0.74505275768652734,-0.59954315927633739,-0.29230872109577738,0.61897958392240127,-0.78475901243071322,0.031899327516775093,-0.24851692689020494,-0.15716644862603452,0.95579184160324815,6.8276734380778183,23.179916526070421,-2.1414733547874532,,0.4740150041787961,0.5263157894736842,False,1
0.40962795269279118,0.90712643693431505,-0.096574156934288363,-0.89929390577403023,0.41932018294307871,0.1242620425322026,0.15321687704167641,0.035947344706379558,0.98753854456327861,2.0091174789848316,-14.947502502153966,1.7191085216231459,0.5700054396514338,0.4347834230862054,0.9393939393939394,True,5
0.86687136141331655,-0.41508170018697388,-0.27611813582471195,0.46737393021475498,0.86938944470694657,0.16038579359706481,0.17348098488605684,-0.26808426959080989,0.94764717710808688,-0.91613683710449634,-15.128400249799297,1.0923432561246809,,0.1144375309376273,0.3,False,5
0.36061398504831005,-0.88072664762316621,-0.30704743274295054,0.93271166582159504,0.34141248226666643,0.11613124210486303,0.0025499466430477929,-0.32826527248396642,0.94458213441349037,-3.9742002099845255,-3.6014302614425309,-1.5017056883557778,0.2162936529078205,0.2066405828245461,0.7470238095238095,True,5
-0.53965096770766607,0.84077179094996046,-0.043354683656712328,-0.84145211082094051,-0.54031388424339244,-0.0043876746460438099,-0.027114170596961806,0.034113077208190817,0.99905010871138245,1.9349268035367484,-10.352911171221438,1.0726196608427798,,0.2421614310656841,0.1666666666666667,False,3
-0.96103394632586425,-0.10679015578913206,-0.25496983475671847,0.11218818311103122,-0.993664529052252,-0.0066794665664016289,-0.25264117950085085,-0.03502379662313676,0.96692593723124398,14.981639318696176,-7.7938068804486198,4.0744331263929521,,0.1330405368833575,0.3478260869565217,False,5
-0.9334319325898679,0.31394136419329932,-0.17362501856010265,-0.28536391873640304,-0.94303954354801267,-0.17100834245194219,-0.21742185056923194,-0.11007833189691464,0.96985076158233996,-4.6950304097476439,13.884403183479938,-4.1274137358629712,,0.2672356138413941,0.4666666666666667,False,3
-0.72615742843042619,0.67737293654416975,-0.11773399667402459,-0.68243089722045591,-0.73094087536843144,0.0036752189751304565,-0.083567096719908585,0.083014104543504164,0.99303836723091732,16.04228723920221,-5.5867077447047091,3.9987145733394667,,0.3511571927026134,0.3888888888888889,True,2
-0.38060560938356164,0.90170363136075438,-0.20510955925211355,-0.92469516573144706,-0.37322965443911449,0.075089783061016477,-0.008844239857615635,0.21824341052615481,0.97585428890959591,-7.4974110217920424,22.612392275801309,-5.7991642292436616,,0.1755104283604714,0.5333333333333333,False,5
-0.11642732648686172,0.99229978595352253,-0.042258874141586633,-0.99245587129146273,-0.11458897779555052,0.043597129571495349,0.038419021151307617,0.047015964994495146,0.99815503698043384,7.6841622113529313,16.190698327789999,-1.390314028542649,,0.3726576886205811,0.4545454545454545,False,4
0.96786449277557607,-0.066766703863253146,-0.24244696508620911,0.13150335913499953,0.95616050429455357,0.26165618005962765,0.21434829171348249,-0.28513031631592867,0.9342138473374767,5.1975852445504476,-9.382782818996402,1.8001221254413056,0.374063089316948,0.171686336063335,0.125,True,5
-0.22446738691015336,-0.91640725384165866,-0.33137914436505556,0.96415070006853532,-0.25823732882432204,0.06104841979143099,-0.1415196798013594,-0.30579605476210414,0.94152055374317334,9.6852772374033975,-10.077191052314395,3.0671706923400115,,0.2118319975934232,0.1666666666666667,False,5
-0.50077085861920667,-0.78097192674698057,-0.37324441963797894,0.84110331075366873,-0.54086493586337081,0.0032158657822422554,-0.20438631998497386,-0.31232670520885808,0.9277274715218794,-13.851740363300181,16.965357735093448,-6.7444401052826235,,0.2992579421026439,0.1111111111111111,False,3
-0.69902455387076057,-0.59781208659679796,-0.39240971216901155,0.67292651337913689,-0.73557175769304206,-0.078128719916343459,-0.24193920863965446,-0.31867679301001928,0.9164663228508001,-17.290923996880693,5.7386342593250514,-6.1219798432996653,,0.2232147442229666,0.2608695652173913,False,1
0.65859312172523632,-0.66950290358209075,-0.34354179092412906,0.7490077276410152,0.62716295336835337,0.21366809274275758,0.07240527570730651,-0.39803579238233666,0.9145080557503662,-9.6221675833634794,-13.913099942842242,-1.2867903909362512,,0.4003152948742688,0.25,False,3
-0.96862050910638176,0.09221208556732241,-0.23080563384332667,-0.061735535872728724,-0.98878915391753419,-0.1359585698128466,-0.240755130680536,-0.11744334962173246,0.96345421618291061,-2.2051283569385585,14.274057624882944,-3.5639031992475503,,0.1063801169225545,0.3846153846153846,False,3
-0.88405334028045501,-0.33710154687477456,-0.32374718320566653,0.38052471133010735,-0.92132413701600158,-0.079767027140653229,-0.27138650593960584,-0.19371211022120793,0.94277514962346043,10.990313702560801,-10.641964201347173,3.4448567985448402,,0.3894672809290858,0.1666666666666667,False,4
-0.62962811405320884,-0.71439046175606169,-0.30531083529046366,0.74181050578399998,-0.66959029325647734,0.036959608834384962,-0.23083676375804127,-0.2032119763416162,0.95153522329394047,-23.245348295999648,8.1499926776715963,-7.879678169246719,,0.4921821475560689,0.3684210526315789,False,1
0.39884831920430031,-0.8439515691601599,-0.3587001075829333,0.91693661956989936,0.37221325123685395,0.14382117818811049,0.012134824252134052,-0.38626809927276412,0.92230672854781659,-3.626370796378958,-7.7275169951212792,-0.76264247372034566,,0.1864839055276015,0.3829787234042553,False,3
-0.51263871286266238,0.82408685698411199,-0.2410029091537266,-0.85713406230982436,-0.5076070406097325,0.087500237437885986,-0.050226977838308429,0.25142781164675454,0.96657193536112618,1.0411052255661608,2.543048435248124,-1.2515134355528694,0.1652054256135453,0.1345170504874103,0.6685714285714286,True,5
-0.94594713800256258,-0.20061125865408705,-0.25483158164949482,0.19438319411813093,-0.97966759449820529,0.049664656794666265,-0.25961353190693492,-0.0025548368484100553,0.96570921444267288,-14.627685925571603,-2.5672431914246823,-4.3219591626147817,,0.07556285617862975,0.3513513513513514,False,3
0.4645889845310186,-0.8118402187717666,-0.35365595518391096,0.8847869942556591,0.44189163936771703,0.14793158504168416,0.036180799444879258,-0.38163757446236724,0.92360365498952424,-8.0206764601509075,10.881816400878414,-4.5573816867693662,,0.06986441381782402,0.1809523809523809,False,4
0.60250138939175091,0.79217505424067292,-0.097215015402953853,-0.76539864755632991,0.6080177688174927,0.21090116908433418,0.22617910181966594,-0.052660006086067274,0.97266126563108524,-15.255110182733318,36.753316199608136,-9.2381257899735907,,0.2400892352298313,0.2666666666666667,False,1
-0.95904405070634868,-0.12496281679824445,-0.2542022879964061,0.12271583920141516,-0.99213334618595461,0.024743609173964176,-0.25529459769813345,-0.0074644359271054395,0.96683450009939087,1.1015516268995156,6.5526651512433958,-1.8947321706879054,,0.07783378109338489,0.25,False,5
-0.17803588522840555,0.98312360111197872,-0.042085728074416157,-0.98221634230359012,-0.17495503696770692,0.068130697570083512,0.059617786630299319,0.053466998945555066,0.99678834239825509,2.2907782025912389,2.4681938113717545,-0.95889566595265219,,0.3116648740919644,0.2282608695652174,False,5
-0.87288884567583347,-0.4083921275526986,-0.26698489329490438,0.41552792090151586,-0.90901956154275654,0.03193718340552678,-0.25573738492049747,-0.083062066465957068,0.96317136744632859,-6.3986669283446345,15.873490940625638,-4.7410500910159659,0.1512667097634894,0.1061177674828239,0.2765957446808511,True,5
-0.78126454642400267,-0.52336064328354692,-0.34017546290514161,0.56669727644429835,-0.82318060633746193,-0.035041207463520532,-0.26168665493584109,-0.22015296139665919,0.93970887418219562,16.587958266545634,12.223619664604657,1.4258394200883044,0.3689769981578834,0.2796862187538111,0.2272727272727273,True,5
-0.84699904446777285,0.50963449378652481,-0.15121276868582564,-0.50448083037705749,-0.8602783065918812,-0.073622870016593317,-0.16760581867212948,0.013925442555209638,0.98575573627389446,-3.6546132040661008,6.5428427655717751,-2.9308716811759239,0.5132033401612145,0.5325265442287458,0.4876190476190476,True,2
-0.85431781562247988,-0.43744770667861077,-0.28067877338989844,0.45107980780861301,-0.89230776900492892,0.017715878775570737,-0.25820162063274993,-0.11147353629929441,0.95963825153416593,-11.957134094436205,-7.3796056092066582,-2.8880304729453057,,0.4836158623470618,0.7835051546391752,False,2
-0.96533941636463527,-0.0607450876905479,-0.25383034793785386,0.067609359577692318,-0.99754220772240598,-0.018398867079280068,-0.25208884487473576,-0.034922458873543907,0.96707374907808663,-18.50078445525137,6.8127977158857034,-6.576647578573299,,0.6538233030783043,0.4242424242424243,False,1
0.61515413265160002,-0.64132772013033301,-0.45856749609418068,0.78416386106457492,0.55796482192255747,0.27159215102286399,0.081684956276876178,-0.52666309239337938,0.84614038730501873,3.5573319931802341,-3.0836039046317056,0.33029077941004403,0.2041065972985699,0.1706460777524824,0.3333333333333333,True,3
-0.79285853589096922,-0.55104808565652008,-0.26023325951752307,0.55353195502528107,-0.82982143833487632,0.070701875828921623,-0.25490727104325622,-0.087990839148871985,0.96295373481551982,-7.9773456960265268,13.917761807359815,-4.939415597818229,,0.1101245559989592,0.7735849056603774,False,5
-0.28873352361547788,0.95354836057637848,-0.085898058084517198,-0.95717034634723408,-0.28549202757990089,0.048158387242856551,0.021398140435703317,0.096124014847580708,0.99513933363900164,9.8342123682477407,-6.486367371877928,2.5112501010605941,,0.5163046472598892,0.2972972972972973,False,3
0.70083868496962054,0.70029826520709348,-0.1356741589175611,-0.67093864379248325,0.71174930718251839,0.20797658519916956,0.24221163043081884,-0.054729000293623958,0.9686786167821112,-13.457479574015816,-5.8085631768205372,-3.6006891439797357,,0.1140862147336736,0.2068965517241379,False,1
-0.79709554396066484,-0.47535639808570401,-0.37239090831683647,0.54739483566551195,-0.82917698275891494,-0.11324497847388419,-0.25494624469636729,-0.29411192777887973,0.92114091552455335,3.9194681561195193,7.5577754470463772,-1.3361761293674117,,0.1218261184740137,0.2790697674418605,False,1
-0.94761641852658052,0.22452153716282611,-0.22718539277184552,-0.20168294139473547,-0.97213446624719202,-0.11949297336937674,-0.24768349660246583,-0.06741408520723674,0.96649274525287943,13.638064380211006,-14.354681930622302,4.5943021860293882,0.7340812465609369,0.3562016782983454,0.1818181818181818,True,5
-0.5536273695881293,-0.77241867321629853,-0.31123323876106496,0.80472754888688192,-0.59238105800708851,0.03870728842109248,-0.21426690763027323,-0.22902854708785902,0.94954495255010674,6.6642384965125991,5.4589768347364807,-0.30910594580102052,0.252236138007219,0.1873019412745911,0.6415094339622641,True,5
-0.66784427069980967,-0.68335322103458707,-0.29497865243962312,0.70713813664893221,-0.70620751080608113,0.035022955011768886,-0.2322491889977599,-0.18520077478978092,0.95486176341245843,-1.6500226676255156,-13.902802902663145,0.78319946289335574,,0.1070871233510754,0.3529411764705883,False,4
0.83946218059249755,0.51580724951808687,-0.17101499553979657,-0.48213915708793648,0.85213487726595827,0.20348951852482722,0.25068921109099368,-0.088368729149614092,0.96402587473109824,2.7812072583857717,5.4490372349021188,-1.3622042321763803,0.3674534200955932,0.5826414697103287,0.330188679245283,True,3
-0.96118251239185692,0.12573324746727343,-0.24559993557289878,-0.1247835059723658,-0.99199255036576273,-0.019489911648721048,-0.24608383634307068,0.011913458782560397,0.96917532727082656,-7.4856431468384352,-11.478746372183704,-1.1107103130904115,0.1357484552617824,0.1323623341501879,0.2,True,4
-0.87418729324740851,-0.40065281185289314,-0.27436089495250582,0.41230997264577185,-0.9108948882187996,0.016461745767196043,-0.25650938146900715,-0.098731084118585055,0.96148588666041102,-8.1261348285743118,-8.4150254284748556,-1.7283466754442018,,0.09199159744334526,0.5185185185185185,False,4
-0.8515835038614431,-0.45556249660082165,-0.25936142280974339,0.45395138510317545,-0.88829098705369636,0.069765767265033266,-0.26217108138384837,-0.058326100589674384,0.9632571775367299,-0.16561436661559575,10.022125295522782,-2.575537298309881,,0.1040505842813084,0.5242718446601942,True,5
-0.96664445785011255,0.14709464416811663,-0.20967035499735467,-0.097921668225357611,-0.96869190777310543,-0.22813884962203196,-0.23666397909192802,-0.19999788366869362,0.95078441695708238,-9.000213181475381,8.0211462685687405,-4.4227414887079934,,0.1263080446903456,0.1521739130434783,False,1
0.30068828310893014,-0.87392216835658809,-0.38189867773523772,0.95372196368957418,0.2759428277750447,0.11945698713601627,0.00098609183455959648,-0.40014447322739705,0.91645154163679743,-4.0522340906227425,7.5616055884855209,-3.1447499708085869,0.2048728451743516,0.1434606491032878,0.2432432432432433,True,5
0.96919633523244353,0.042807521405939443,-0.24254067675975999,0.0041976014045702111,0.98176513874143989,0.19005155220216208,0.24625361705861434,-0.18521535698500488,0.95134348561519455,-13.360817131942484,-10.96679299105131,-2.7209039836379563,,0.1675546822042179,0.1428571428571428,False,2
-0.71778205319594135,0.68224455152914365,-0.13903703110544618,-0.68888998197313178,-0.7248657726399812,-0.00045209744699600818,-0.10109162599779162,0.095456710418079155,0.99028707938116711,-13.519051028587414,8.4391382459054771,-5.5443535269760238,,0.6812167806694004,0.8787878787878788,False,5
0.11232189821599692,0.99290734583648999,0.038971704672649626,-0.98605545888186263,0.10652855556463307,0.12785264509814342,0.12279423109590346,-0.052788913923757619,0.99102719810120066,-12.495579255377374,15.101715149839755,-6.2423120115368702,,0.0885473031628484,0.4166666666666667,False,2
0.93462468952568956,-0.23077237811116436,-0.27059342052223828,0.29442735710339191,0.92886394819662665,0.22477610444547896,0.19947235677686981,-0.28975140248407927,0.9360848805746137,-10.875159776049736,-2.5251681002281297,-3.4130027154141338,0.6209229888061701,0.2523580563725272,0.2857142857142857,True,5
0.66262831851194948,0.73639841971919928,-0.13653233661331798,-0.70723796871871936,0.67522781366928619,0.20947996383906328,0.24645114548049094,-0.042246503789799106,0.96823399331406057,10.838522794327599,22.382634415029859,-0.97937028447992391,,0.1995414473010645,0.5714285714285714,False,2
0.72722221849747726,0.6794544423224016,-0.097414094113537991,-0.64108610944640076,0.72304783182443577,0.25731388063775301,0.24526810880847275,-0.12467354852708823,0.96140525331369953,13.545762561082828,-15.706284121449555,4.6980564208212199,,0.4344007611779138,0.1875,False,2
-0.77591455094987449,-0.55451174208980625,-0.30078786130557666,0.57881095912264979,-0.81539909908698383,0.010108551214359149,-0.25086746146874617,-0.16625593851848816,0.95363749909678142,7.5258239665172226,13.693307084026394,-1.1652364585845532,0.1741092180568199,0.1550188764896312,0.5,True,5
-0.72056158531414471,-0.64005114842543764,-0.2666936991547505,0.64926807451999025,-0.75781865263280779,0.064512457176111981,-0.24339673206242973,-0.12667050612148836,0.96161978645421797,-12.88491816472661,-6.4732161858212312,-3.3307147246936051,,0.08462103702807466,0.28,False,3
0.47084290218488478,0.87570921705220728,-0.10695947191308128,-0.86609530657809009,0.48190079324236917,0.13285535516410119,0.16788651341164668,0.030083095621721734,0.98534721087152599,4.4205305538590487,-7.3925654291935539,1.2518046663945803,,0.1080430360165319,0.1935483870967742,False,3
-0.78401284737140942,-0.52475075963402062,-0.331602918292486,0.5783591666273773,-0.81152790923160023,-0.083205329854963303,-0.22544296293000701,-0.25701963505091563,0.93974271886704919,5.6394440413637659,10.83251102405646,-1.3552224938710382,0.792324672553983,0.481181917176045,0.1372549019607843,True,3
0.72600590320826208,-0.59777364334510286,-0.33997367519953292,0.66626780872658076,0.73385163009030352,0.13247260874794084,0.17030160175828163,-0.32268941156431852,0.93105795099061239,4.5523133556528688,5.126641126066394,-0.85452887607884898,,0.2397026819415512,0.3648648648648649,False,3
0.9520599788572246,0.26137954663826901,-0.15894190529106667,-0.1926124791059308,0.91583560878417791,0.35234297293345013,0.23765990312008617,-0.3048374489495797,0.92227539280133886,1.4307962502930922,12.102986466058342,-2.3982400106045816,0.7519786066030528,0.5157628976003503,0.45,True,2
0.062487026016531486,-0.91455030491918876,-0.39961620506659745,0.99247641227778194,0.014699458599978146,0.12155038868342086,-0.10528980317121156,-0.40420497979253933,0.90858813092571333,-10.230557235982353,7.6358334302393143,-4.6458419726789737,0.7040207179324607,0.6365852605969633,0.2158590308370044,True,5
0.77906975440793991,-0.48314051035407513,-0.39953168212490631,0.61183508702869471,0.72495007030028824,0.31639409263163842,0.13677771765657878,-0.49094056954626603,0.86038898942643738,-5.688674691638151,5.6870575632270288,-3.255951673516301,0.4427952933637689,0.5107946111877363,0.3634577603143418,True,2
0.5780426523367066,0.80279236348651883,-0.14625701079700107,-0.78527112793039988,0.59599062561786553,0.16776301682594566,0.2218466761492332,0.017877228626212605,0.97491766676893432,-14.888928833038198,-6.6548978087443738,-3.7274285766014859,,0.1412835592865344,0.2631578947368421,False,1
-0.53485644484646511,-0.74445860800871766,-0.39963729101264112,0.81741555773009733,-0.5756407860786199,-0.021667749850458468,-0.21391678145249354,-0.33825887477568206,0.91641723262305319,-22.631310763537726,5.1124498930870574,-7.4519713945721424,,0.2351262073377194,0.1428571428571428,False,1
0.029560854002405476,0.97553353358086925,-0.21785426497976196,-0.99449230103128039,0.050629256879882172,0.09177004705948838,0.10055455782886359,0.21394158830628229,0.97165723261489056,10.879858340991071,-4.1014991418639921,2.387538648216581,0.2342520514689432,0.21505030166508,0.8269230769230769,True,5
-0.21013490880521374,-0.91173906017210626,-0.35295213026401895,0.9664770144069863,-0.24819664134321767,0.06573133080125268,-0.14753135505505921,-0.32730767388258819,0.93332962338778636,-8.7827385683486483,15.909381121815523,-5.3395347274034126,,0.1056877289078615,0.3636363636363636,False,4
-0.25702958399105175,-0.88071298569941092,-0.3978447307352676,0.95495346372397694,-0.29464725080805926,0.035311183962492027,-0.14832287441580652,-0.37084718471586564,0.91677297653963985,-13.248233861752032,-1.8868066891093276,-4.0412453946205718,,0.2951316389567645,0.4285714285714285,False,4
-0.70533918000500728,0.69009943971636478,-0.16204753763333071,-0.6998640204476988,-0.7142619070419759,0.0045034466295255926,-0.11263655726561088,0.11658769854457837,0.98677267621039844,8.9862375280807854,4.0949607725474921,0.50055408801799672,0.886300994405965,0.7084449606592533,0.6219512195121951,True,5
-0.94308954675117429,0.24644265851368283,-0.22326693188507349,-0.24349153480527669,-0.96903178347413765,-0.041100791903609671,-0.22648174161913467,0.015601880708472009,0.97389044662709534,1.9775533637273495,-17.430989270429009,2.1179664631881083,,0.385148978496365,0.1578947368421053,False,6
0.81961192294072827,0.52330341446832529,-0.23321627768917472,-0.44938062355009267,0.83970542070373988,0.30488007743781109,0.35537775809852257,-0.14508047024512954,0.92339498926641383,-6.8078693964618546,17.032485732897658,-4.9745937983894697,,0.1729232480912181,0.15,False,2
0.60716183876285124,0.79222685678563054,-0.061082803944108505,-0.74808668599680861,0.59585469056919294,0.29210186230321156,0.26780741547691767,-0.13165787144813018,0.95443459341189141,-10.944894884819513,-6.0100914359924253,-2.8053817124132667,0.6978409009779628,0.4352644231133463,0.2394366197183098,True,5
0.61040395321399854,-0.74122130103989847,-0.27928121452300414,0.78837543906649565,0.602632095069489,0.12368801505752207,0.0766236319775703,-0.29567810347890139,0.95220968181681898,0.90249932426823742,-8.7894735423939174,0.55707702603882658,,0.07255000940085113,0.1842105263157895,False,5
-0.50385235311780863,0.86341501818254984,-0.025442339406482883,-0.86240790012488577,-0.50449344940673613,-0.041700998883464069,-0.048840762277350111,0.0009305280870130217,0.99880614438320692,2.8222808682240785,-2.4279298210893265,0.048142311305537033,0.7833850439752484,0.5615998040247618,0.1351351351351351,True,5
-0.9692983330498488,0.038376789371625357,-0.24287437819644558,-0.049732079988175575,-0.9979291256858196,0.040794366375573148,-0.24080585907912183,0.051620559329211849,0.96919959558787738,-12.906360314655091,-9.5989382732931254,-2.7890519016949242,,0.07615991774493502,0.2631578947368421,False,3
0.87483035117660735,-0.39505621757226106,-0.28036126982469078,0.4479219967320347,0.88007912297672453,0.15756466020052656,0.18449320178207601,-0.26342232680245359,0.94687429801330036,10.722522510331411,12.839325909632773,-0.22907040638593471,,0.1616566035582169,0.2777777777777778,False,4
-0.92499607387931104,0.31256036634130835,-0.21607471092297281,-0.31960206730860286,-0.94754861453493133,-0.0024782382851800816,-0.20551589203739579,0.06676556362016188,0.97637368749600917,-0.68659652687230566,7.6074622092122945,-2.4299374927433925,0.6203200048805912,0.5646736670937345,0.7116788321167883,True,4
-0.3582872476573048,0.91534922188927381,-0.18375540849959857,-0.93360462682522682,-0.35202609790987421,0.06678343477896484,-0.00355653436393015,0.19548255261544126,0.9807007304403671,0.85297321279530147,-9.6729002727317575,0.72484654074512611,0.221436356752108,0.1524070967401916,0.2857142857142857,True,5
0.94456944275953159,-0.16189072720389003,-0.2856220584099603,0.25114190306702877,0.91662946959841607,0.31099543403014185,0.21146231893370077,-0.36548845112960948,0.90647773263443154,-7.0532585837924628,9.4464295800463631,-4.1359538313615412,0.6205533211211162,0.5306742473181205,0.827966881324747,True,5
0.63942061831272434,-0.72274895466993283,-0.26225030295519697,0.76514796875721558,0.6316388120488301,0.12482386398541596,0.075431152604745186,-0.28047523890187137,0.95689277433767783,-11.289624618960243,-8.9709262294973815,-2.4764688166699527,0.6366745846060059,0.3759402779844417,0.7933884297520661,True,4
