axis_00,axis_01,axis_02,axis_10,axis_11,axis_12,axis_20,axis_21,axis_22,location_x,location_y,location_z,dbh,dbh_approximation,score,reconstructed,number_clusters
0.08642887879957413,0.99507712937839854,0.048492839651777669,-0.99586521074654666,0.087659130880653593,-0.02384027680173241,-0.027973754381264058,-0.046231843585270993,0.99853897555604842,-35.138488013887752,15.401530663487067,-9.5858785930161421,,0.2398602780262927,0.125,False,1
-0.92800066234215517,0.34502366540432544,-0.14061806784152503,-0.33445506160705712,-0.93774616347795015,-0.093658660292596313,-0.16417850790508243,-0.039884874242605707,0.9856239720850497,-15.308317439684771,15.475401247925635,-4.9920016097359765,,0.09004962086089838,0.3095238095238095,False,4
-0.99193689598929247,0.063827176145404313,-0.10948646473619961,-0.027163189511062696,-0.9509149975718717,-0.30825773068728346,-0.12378754182353587,-0.30279821495212156,0.94498142072270164,-14.554204328101914,17.567703379513677,-4.9454329292060679,,0.4706923763448217,0.3283582089552239,False,2
0.92915857865003948,-0.32773725752026256,-0.17103399005499909,0.33256039306660329,0.94308183987715111,-0.00047776282019161564,0.16145563069903371,-0.056435213537498981,0.98526501307442793,-3.1830911036518961,-2.3864663632025391,-2.1795405667657963,,0.08686003428804294,0.3439490445859872,False,5
0.54571903384593989,0.83491001922331576,-0.07152619029961213,-0.83637209418889102,0.54795755294328896,0.014974653067480005,0.051695804088363662,0.051650556366076406,0.99732630761788899,1.7948609602915928,-15.99109062789333,-1.327462101091794,,0.1006605666309229,0.1578947368421053,False,2
0.96755135078291066,0.24154149925871307,-0.074176059035359621,-0.22435975816789083,0.95630132491646058,0.18748459904180542,0.11621997467307241,-0.16475885438687085,0.97946283103960374,0.73274313417852377,-16.437590552800994,-1.5417862061729903,,0.2596580913957402,0.3684210526315789,False,2
-0.29298652756977328,-0.93873688933849619,-0.18147161557028368,0.95609411819172729,-0.28895474819076944,-0.04887934796200552,-0.0065522379221364044,-0.18782493469476128,0.98218066672334736,-12.931365017049499,24.054570290998328,-4.5516919062827492,,0.08907656301775044,0.3333333333333333,False,1
-0.0891061835260646,-0.96189373521947019,-0.25849667348527583,0.99599596017933045,-0.084169317052445722,-0.030125958464038448,0.0072204822464558647,-0.26014605169492555,0.96554228101293837,1.7317474694620905,-13.41370767504797,-1.3593271493410788,0.3822999747291697,0.2949561668442198,0.3333333333333333,True,5
0.86676504726629633,0.49186894032300704,-0.082360781825924073,-0.47966875247641377,0.86741863778497463,0.1322981281839633,0.13651461729491188,-0.075165499857192383,0.98778231756599211,-21.656784686071145,12.427625434253457,-6.3535749514725168,,0.4240029275829026,0.42,False,2
0.56764056933956686,0.81285818751086791,-0.13055937743569931,-0.82124102915776898,0.57021626477198495,-0.020410375238403364,0.057856339909635013,0.11880647451225285,0.99123037965259553,-3.8581375198408039,-12.055094738485339,-2.4384282467760192,0.3625744284335159,0.3101892900061576,0.8562874251497006,True,5
-0.66345633320397268,-0.7025478349994223,-0.25739509216215178,0.74442565917421155,-0.65438597481246519,-0.13270054231908551,-0.075207259586951292,-0.27965252637221594,0.95715115452004607,-20.42339371632017,24.854117898195053,-6.0410443044518836,,0.2784662423938829,0.6382978723404256,False,3
-0.98783441812738559,-0.030771902055601028,-0.15243442001991656,0.048015414642490283,-0.99268603904571195,-0.11076528264958997,-0.14791106219494729,-0.11673696041791702,0.98208696140043861,-7.874787290075159,6.0821437790890389,-3.1759754549813124,0.3040679789887361,0.2581163986690923,0.6538461538461539,True,5
-0.5941290663173493,-0.74162569994561778,-0.31145139867569577,0.8021092484290675,-0.57525313614047302,-0.16032648859470111,-0.060261149519662417,-0.34507267428865307,0.93663944147032685,-2.8751651387271919,-21.207190076300964,-2.3664674500121317,,0.1229584041886878,0.25,False,4
0.38002866966113974,-0.85151653050759812,-0.36124480412579979,0.9209900499272522,0.38455277597700371,0.062421874558350722,0.085764434182137833,-0.35642497213394519,0.93037933181511223,-13.793905931733253,-18.575897696477362,-4.454753935944475,,0.1825692143120977,0.25,False,5
-0.70746853392505737,-0.65600430869086079,-0.26295744995142284,0.70072754631939005,-0.69953359314128016,-0.1401201552099359,-0.092028144255637018,-0.28339212947058923,0.95457829517488402,-16.939248895317352,12.227172974451531,-5.3147046140247181,,0.3636107022685806,0.3125,True,5
0.38520885162533519,-0.89459490479587223,-0.22652615068189322,0.91853026469793375,0.39535013250743201,0.00065234982998523677,0.088973554854435727,-0.20832241607570989,0.97400486523268681,1.3378533888397031,-18.398413407283201,-1.480641177217642,,0.1264036260617881,0.21875,False,2
-0.80816109724776009,-0.54906047638494992,-0.21309207908138933,0.58106793938867896,-0.80234968630922054,-0.13636359739347853,-0.096102501059503465,-0.23402472978603761,0.96746924247682475,3.4177033700118726,-19.477460237086291,-1.1051376293556054,,0.2470634532759545,0.3421052631578947,True,5
-0.16597359474504284,-0.94493634150954198,-0.28204268531903176,0.98601751883923805,-0.15469865853844436,-0.061949798938486303,0.014906991296750129,-0.28838105960858085,0.9573996793761268,-32.234929677258556,16.035178760920836,-8.7394776003120427,,0.1059970218521486,0.36,False,1
0.63846349873986574,0.76351575585892073,-0.096995109835648463,-0.76719492588331595,0.64141324347996553,-0.00099839240937295987,0.061451659666292582,0.075051593212208015,0.9952843572972333,-17.963653869631766,17.966889525810554,-5.6759431500082487,,0.1491038396533513,0.2285714285714286,False,3
0.74736596652710063,-0.60061237892019637,-0.28409308749921169,0.64204993360782769,0.7628615768756587,0.076250228071576331,0.17092686983384614,-0.23938877336793718,0.95575991773781632,-22.305626852919737,16.86034598262852,-6.5052871151563458,,0.3532711622285526,0.631578947368421,False,5
-0.95292811227401675,0.25024863605103392,-0.17118303944163113,-0.22598962764553554,-0.96263158625586864,-0.1492284066092685,-0.20213040601183693,-0.10351835246518447,0.97387229638612405,-36.793692360927814,9.797009858369476,-9.8220969578301052,,0.2057928439096635,0.3809523809523809,False,5
-0.95057474357666893,-0.2113589189617549,-0.2274534331450499,0.27365752354320599,-0.91639323928706407,-0.2921215342920872,-0.14669429669333103,-0.33992769578879822,0.92894022679253618,2.4344929262369521,-7.8198472180566165,-1.0528167221552061,,0.4206855772151137,0.275,False,3
0.80755563376435591,0.58726518157542873,-0.054529853150612442,-0.58003656530063197,0.80754324159884117,0.10691817367632597,0.1068245350548952,-0.054713064776283724,0.99277137310313857,-7.0964754270325141,14.54424514469558,-3.2475268708347187,0.7054147959725972,0.488412094129473,0.6091954022988506,True,5
0.94915359618608253,0.29136307364905678,-0.11922671747893068,-0.28236371379720993,0.9553694206200567,0.086833192240893572,0.13920554578634339,-0.048752737952559952,0.98906268080665882,-1.8022490600501782,-2.5983668237153155,-1.8302834796467382,,0.07649915584541009,0.2596153846153846,False,5
-0.54836220982885009,0.83606546081154254,-0.01712985900702671,-0.82610961366091806,-0.54478392866992609,-0.14406032514182038,-0.12977593401176676,-0.064846097037070505,0.98942063383094525,-28.942258134081577,13.959323895774997,-8.0205847245669162,,0.4576209517126828,0.8,False,3
0.51629329459193019,0.85023578815251522,0.10266615072203539,-0.85554582572779636,0.50666194050709401,0.106466042104172,0.038504208070699361,-0.1428033003339044,0.98900184194701635,-10.939239381368735,-17.661500730591925,-3.9215345743788821,,0.3250860105959176,0.1538461538461539,False,3
0.80016556948054329,0.58530495464039312,-0.13097011678732481,-0.5896658564982602,0.80761976959270421,0.0066697408646147829,0.1096778879175353,0.071891709093852882,0.99136388025059397,-8.8680996124806679,8.8565788021467267,-3.5026503592465064,,0.1613087875893094,0.2711864406779661,False,5
-0.85995834122872816,0.49789133022299231,-0.11214220721884262,-0.48291087206505284,-0.86490887735344302,-0.13685658009966972,-0.16513249526518031,-0.063536266525397386,0.98422273995448273,-17.547754608913767,3.4251592569036653,-5.2803247897432559,,0.1749420419056217,0.125,False,5
0.78089115088127992,0.61617409003833756,-0.10265720257603277,-0.61685100637418244,0.78655184109740872,0.028827715855320048,0.098508103273123787,0.040812890509044707,0.99429897996418981,-8.2874725560893907,14.202433380241454,-3.485903086982058,,0.1185856345666527,0.3793103448275862,False,2
-0.96569395259219903,-0.18220904591983569,-0.18502716965850938,0.21668615313416537,-0.95807723458564864,-0.18744365449017703,-0.14311638958125183,-0.22110602921155054,0.96469156878223428,-11.132763939864299,20.223226395143197,-4.2036205031731591,,0.243065263165494,0.4074074074074074,False,2
0.064445563814807372,-0.94098999078575885,-0.33224178928245662,0.99633026682424419,0.079464416985600167,-0.031802607488508626,0.056327335411157919,-0.32897301359557651,0.94265793775437057,2.4299088204609762,-11.080859473642398,-1.1790779711603603,,0.1330665267073028,0.1818181818181818,False,2
-0.024755601280715193,0.99378834757602175,-0.1084982968868598,-0.99864486167390309,-0.02955340632758633,-0.042837325158636037,-0.045777728837726142,0.10729080294487267,0.99317323924172607,-19.520521749622525,20.284383368535462,-6.0038329550080975,,0.07687733479462479,0.2857142857142857,False,1
0.76053984037826106,0.63326823047776548,-0.14335445394185925,-0.6421607916652925,0.76625635970251671,-0.021925073848261353,0.095961809305648377,0.10873150179688836,0.98942851771706042,-7.3311140924532872,-3.3873088756477405,-2.9877815337654061,0.3174016248541188,0.2920464405406806,0.8654822335025381,True,4
0.23314033042894475,-0.87558324574417334,-0.42308340324288363,0.96933393702140291,0.24401045435055482,0.029165333980985052,0.07770009566319129,-0.41690871655523543,0.90562123274258366,-10.164135497546066,18.045728828877476,-4.0029768005604733,,0.4586761932696586,0.2083333333333333,False,1
0.84735908143522498,-0.48242287850423815,-0.22192510764880904,0.5046442725523127,0.8616507371627562,0.053778855761584025,0.16527778220135275,-0.15756323632930028,0.9735795197455821,-27.338261275478914,5.3681377606262508,-7.3501873767450219,,0.2584475899175469,0.3846153846153846,False,4
-0.90095710293783249,0.41729909222376127,-0.11890233931715795,-0.40324374547095115,-0.9064212333977586,-0.12567827729661396,-0.16022103608586025,-0.065284111963866173,0.98491989741331887,-18.144866788833649,-14.479060947038262,-5.2237354515341945,,0.2843594743535935,0.5333333333333333,False,1
-0.95824163334873702,-0.19887534252301745,-0.20547888031011521,0.24119355696044181,-0.94810989461409034,-0.20715524568697363,-0.15361848911480772,-0.24806496300608988,0.95648582526395676,-11.886309152736885,0.92681087582307864,-4.0444786907914265,0.7609097810714134,0.634779519284668,0.262987012987013,True,3
0.86137026262474603,0.5025231514819517,-0.074241180556494674,-0.4947179091243139,0.86305303216370388,0.10194927201654262,0.11530594545573955,-0.05108762959546137,0.99201541976164553,-14.036522542945923,11.679846993962656,-4.6513696212406552,,0.2827619808459871,0.3170731707317073,False,2
-0.98663644096160963,-0.015656212063317354,-0.16218328024317452,0.034365821953060989,-0.99297689786093513,-0.11320720204988788,-0.15927185453839024,-0.11726791265432358,0.98024523105884043,-24.810608314271573,27.874020556651985,-6.9794018937055577,,0.2383761339761353,0.2631578947368421,False,2
0.93532069567810028,0.34592214136155197,-0.074250039407899218,-0.32267484516534056,0.92011096914622836,0.22198366776480116,0.14510734141923895,-0.18366729859348574,0.97221920516600235,-3.8057806170902837,-15.00016952856253,-2.4334544797311519,,0.499930709664458,0.3888888888888889,False,4
-0.75017522621838628,-0.62865062191386445,-0.20502567043056988,0.65521095593122081,-0.74847372546432678,-0.10239963631404012,-0.089082732310414983,-0.21115273584981858,0.97338522124965932,-7.5344474923104849,-12.549150439925841,-3.1409486944871925,0.1653776303893369,0.1574056621501968,0.3333333333333333,True,4
-0.66470295753043718,-0.72756488976715916,-0.16976250890108444,0.74340873853913514,-0.66669395825051958,-0.053503397050150447,-0.07425244584484178,-0.16176679885055414,0.98403154272396309,-13.865538354909232,-7.5714142887759213,-4.3690272781461967,0.3498039167304529,0.3349128235188782,0.9183673469387755,True,2
0.43172001269484778,-0.88275515344278821,-0.18536766090383816,0.89593655434491437,0.44346483114872676,-0.025231609595786485,0.10447737184349197,-0.15518467258215674,0.98234525303899456,-8.9207123470032332,-6.1346034717129028,-3.4772357459487497,0.1697647019099716,0.1137735922515679,0.5740740740740741,True,4
-0.97858593601243626,0.14086792155597316,-0.15008595708847333,-0.1308515008401582,-0.98858426009281974,-0.074693007869607003,-0.15889446361198664,-0.05345455427960534,0.9858474324459271,-2.2227091163345816,-14.133415842883592,-2.093879074956289,0.3054024319495696,0.2315046601122991,0.8571428571428571,True,5
-0.87173030243148419,0.47400335828713308,-0.12412532439124035,-0.4621145249743831,-0.8795470492140034,-0.11334528674205135,-0.16290010936279697,-0.041446405772482528,0.98577165196516447,-13.403861120013937,13.388483649688137,-4.5042274619680205,,0.1115144352335015,0.3870967741935484,False,3
-0.50827713153155218,0.85495653538059302,-0.10345859158170151,-0.85326271097444628,-0.51621541308909114,-0.07392153508820995,-0.11660661911999454,0.050704732513556255,0.99188302056146349,-8.1940943551174925,12.244425082311494,-3.3587950656319241,,0.09230934428722545,0.375,False,1
-0.83739490170225805,0.53533415197805745,-0.11039530936140311,-0.51943684541152968,-0.84225858348847682,-0.14417295921532491,-0.17016210574621055,-0.063386309767323484,0.98337532687275453,29.391325968605795,5.0429104507044782,4.0592172276774834,,0.1416996622204224,0.2666666666666667,False,4
0.56287201407501519,-0.80242457138405177,-0.19821680809219402,0.81708874268245768,0.57636568933193122,-0.012983787680380436,0.12466387749760328,-0.15465251178060263,0.98007220052770305,-0.53766867334587554,-5.0317485998092346,-1.5914308638609933,,0.1126903781527468,0.3578947368421053,False,3
0.69644393112719072,-0.68880445152656555,-0.20128158970280913,0.70485645079346604,0.70925338507429481,0.011705534395768366,0.13469682465055019,-0.15002687531852227,0.97946347666016509,-7.7753043578680128,-2.4646509419876885,-3.1028013317767105,,0.08511196697870486,0.3221153846153846,False,4
0.52313763134845281,0.850059313944866,-0.061042456067170875,-0.84637832947739999,0.52659210418814106,0.079652239125780164,0.099853603130656846,0.0099959282854684417,0.99495192816514288,-16.303170063692413,2.6332560368071651,-4.9868505520566018,0.2448160256964204,0.2650119131916197,0.575,True,5
-0.91228264253940428,-0.32190945832670786,-0.25320876912367385,0.38817167437504335,-0.87677719742944016,-0.28387408701861272,-0.13062592137166254,-0.35726187413098115,0.92482475202506453,-5.6136551735211953,-11.59325829748318,-2.7764358233739665,,0.09135478602528602,0.391304347826087,False,4
0.38819683351601486,0.91875962041533232,-0.071999849599941379,-0.92156761167817303,0.3873494032978792,-0.025953359523681923,0.0040442000355936647,0.07642774142320162,0.99706692091705706,-6.1468558415816874,12.266111407587399,-2.9572804461009827,,0.1521881942707686,0.5227272727272727,False,5
-0.39298115081202695,0.91034127681866928,-0.12978665118804808,-0.91409697472119478,-0.4020848888049004,-0.052482978195876592,-0.099962672593387425,0.098012764040731643,0.9901519894304518,-5.8735164082256599,-5.558651454999449,-2.688811573160697,0.1732348846803023,0.09692316583178211,0.4451219512195122,True,5
0.98001631989741089,0.060123694746647652,-0.18961316954459442,-0.05036099517665802,0.99716566653345295,0.05589636528175021,0.19243643859610315,-0.045230242282196083,0.98026651594530234,-18.530693752967682,23.797931732906115,-5.6063111403898507,,0.2134504567455219,0.3333333333333333,False,2
0.079321725820732422,0.99078081408599916,0.10982459766329905,-0.9964234225816968,0.082024396710946121,-0.020306680545648045,-0.029127765849755981,-0.10782104054075131,0.99374352650636766,-20.796622588928848,-12.537038397561417,-5.7294072687081785,,0.6859006824566464,0.2954545454545455,False,1
-0.34843133359367823,-0.90108064332725735,-0.25816521839911943,0.93733176605476731,-0.33431251131111112,-0.098205423096218714,0.0021831433255751695,-0.27620430663150852,0.96109646492088696,-1.4748963369484205,-9.8004753404693936,-1.931496962369849,,0.09095720827657487,0.359375,False,7
0.80202626844678515,0.58549310050513925,-0.11811728909098843,-0.58844643592879498,0.80845024590833026,0.011789484020042852,0.10239461296388562,0.060050221911655308,0.99292966220389289,-8.6132518375846789,-8.9216890473154766,-3.2884952564192238,0.2657168916188412,0.2168385811627042,0.7761194029850746,True,4
-0.053120156757816263,0.99344299944260872,-0.10123860827025469,-0.99732378146267486,-0.057879630668238626,-0.044667922301126588,-0.050234687965749397,0.098594904595426955,0.9938589039259057,-17.991774195725238,29.6761625133732,-5.5633518091867336,,0.3033862580448339,0.5555555555555556,False,1
-0.97431489445071318,0.16877432600906453,-0.14908290757723047,-0.15686328396198684,-0.9836546173910139,-0.088416649054343932,-0.16156855076454743,-0.062760023625903161,0.98486383974553526,-3.6974364822608199,-30.278317536258051,-2.807157647556469,,0.1212296884018123,0.4545454545454545,False,1
0.12089688959897006,0.98439047612232089,0.12790360669255951,-0.99241352455444598,0.12275925729301933,-0.0067498911316034617,-0.022345880307490008,-0.126117228278046,0.99176363432258741,-33.695916743258174,15.083566647400383,-9.1661151698375196,,0.2630770210624239,0.35,False,1
-0.74512765060411135,0.6574234675482028,-0.11215689288712347,-0.64699389129067997,-0.75337065436215733,-0.11760766037328618,-0.16181374767843579,-0.015067895102881035,0.98670627321378035,0.98010451315753166,-11.48080533674832,-1.4859621758418315,,0.1692263290185114,0.6862745098039216,False,5
-0.15278811232193371,-0.96898321946790067,-0.19423520052431906,0.98766581414976973,-0.1429095275085934,-0.063977390593420835,0.034234957177900968,-0.20161445220244714,0.97886647729408671,-11.557114946842665,-14.539441080649295,-3.9732777766982932,,0.1191328058015552,0.391304347826087,False,3
-0.11859685755385352,0.99292874249714591,-0.0052247202209413923,-0.99287570621448618,-0.11852621336686568,0.01222165103402327,0.011515962288762182,0.00663694718589522,0.99991166287058331,-1.004408129082859,-15.603255123573518,-1.89238282066934,,0.2012285242907398,0.4871794871794872,False,2
0.93697744811644634,-0.29035639939911095,-0.1943358511679607,0.30230779757249371,0.95259335957516267,0.03429120616386943,0.17516637019719272,-0.090879330000219471,0.98033549876083292,-31.51282011077156,14.668361277649973,-8.5809173074118625,,0.1405594475148755,0.35,False,2
0.97964236988378994,-0.11332236598974597,-0.16570717695669485,0.11415502830211,0.99345265734035804,-0.0045218510286701707,0.16513466214521955,-0.014486510617366333,0.98616463350107864,-20.205687803174964,4.7502300271569089,-5.9190439728350075,0.2276807164418751,0.2054313981743505,0.5636363636363636,True,5
-0.53473223582478935,-0.80129879687175676,-0.26829400683149235,0.84438315823813703,-0.51902051754067358,-0.13279602575228228,-0.032840798614087459,-0.29755325658390402,0.95414021057845722,-2.4073054994889977,-12.448433259838003,-2.2053688728983514,0.3605149480394568,0.2311571752881956,0.5238095238095238,True,5
-0.44152615355988445,0.89378729352718111,-0.078733281729969296,-0.89037183941005549,-0.44729532687642309,-0.084645603193958946,-0.11087219357516437,0.032728649282717848,0.99329562176018948,-12.88560382437085,17.125181561363689,-4.6164716898741194,0.2094544518646752,0.1886927891584649,0.5625,True,3
0.33220856341430016,-0.92609166296537537,-0.17886224358492414,0.93919490447135945,0.34226350578042591,-0.027724069433011894,0.086893048106514145,-0.15877633449893666,0.98348343849494524,-4.8799492899708392,-8.1598375287586062,-2.6364710734919918,0.1364769188751906,0.1314597384148081,0.3790322580645161,True,5
0.70296449640984948,0.71120258977094186,-0.0056385361887547336,-0.70527194596802867,0.69808232955651794,0.12358213216891553,0.09182809492588212,-0.082897149915123036,0.99231832771456607,-20.735718472687878,10.900508137723664,-6.1581467997626946,,0.2908123475816707,0.25,False,2
0.7327499850284741,0.68007578264538948,-0.023966420258987653,-0.6726747685940303,0.72920172218894264,0.12559261146121062,0.1028888484615189,-0.075906377966147284,0.99179237073407733,-11.30366123463698,-7.8390156081331295,-3.8435708751730022,,0.3194772766828047,0.2666666666666667,False,2
-0.80576270704613162,0.58930446899425093,-0.058878712257425733,-0.57237649205437924,-0.80041268135023069,-0.17811426354241491,-0.15209079944957976,-0.10981704037687985,0.98224671359371285,28.930060119897036,1.1563715196561482,3.8845342759921833,,0.3227609247931945,0.3666666666666666,False,4
0.70807531245690269,-0.6830342692118716,-0.17914669679137876,0.69284322647969121,0.72101106188476627,-0.010550457857907824,0.13637307435952706,-0.11665005667381641,0.98376579980589118,-6.8769465966408578,-8.244797270468279,-3.0179238547748826,,0.08813140061865629,0.4642857142857143,False,5
0.63861348640210536,0.76408696306345869,-0.091345103107991626,-0.76608223153700028,0.64247946432023917,0.018388921938756159,0.072738088431294631,0.058234446878462312,0.99564949640328837,-0.69012635815936263,-13.287624921478452,-1.8364432652257814,,0.09004489146476398,0.2727272727272727,False,5
-0.96384199555756589,-0.20879167254570652,-0.16557368473031725,0.2287273919978331,-0.96702151741601605,-0.11204090772701879,-0.13672010733420906,-0.14586096917952787,0.9798123238256039,5.0005309031519136,-19.829108800296577,-0.82328486669089262,,0.3294281433434504,0.71875,False,5
-0.34791379517068344,-0.91044955631082691,-0.2236908503791567,0.93743823726957221,-0.34110820939414682,-0.069675969952605346,-0.012866329501812088,-0.23393758761117764,0.97216647888507957,-9.2888312520384506,-13.485546724752938,-3.4841787535716753,,0.08911738912556989,0.4838709677419355,False,4
-0.89254984627014156,0.44689426059933157,-0.060334830459058048,-0.42370948313375678,-0.87689209373883847,-0.22700336966847201,-0.15435363884816972,-0.17704738287162841,0.97202323963608817,-11.788640805528987,-9.4739469106824821,-3.9424187645095632,,0.4227097860062392,0.1052631578947368,False,4
-0.84000217262029453,-0.43499533434840559,-0.32430758407460003,0.53102776054422818,-0.78179594198413682,-0.32680976519761185,-0.11138163010374245,-0.44673724289816608,0.88770488805862624,-11.510560630845086,-4.99961855504871,-4.0788158978007898,0.6834943392397597,0.3721664162898727,0.1891891891891892,True,1
0.55738694747396533,0.82440375232205065,-0.098378066371409389,-0.82850475704781346,0.55998000011535065,-0.0015056626299568068,0.053848475696142296,0.082345932675115446,0.9951479734376526,-4.2364259923189964,-3.7221632932764486,-2.3349306840717561,,0.07387518004475391,0.2333333333333333,False,4
0.82184935555736083,0.55655671147162655,-0.12168920940592905,-0.56063101083232669,0.82806523728631409,0.00091240949436417751,0.1012744116896033,0.067472881321684997,0.99256783336106313,-0.67499967843391129,-20.978232385001402,-1.9360505718128367,0.3081139127068909,0.2229564978881452,0.6060606060606061,True,5
0.50241920175747778,-0.82579736693357075,-0.25619066038979932,0.85905135023601231,0.51035190297172106,0.039644833091193654,0.098008792274287285,-0.23999925812119857,0.96581293879208885,27.769680026341245,6.7366934690696327,3.7825730942572164,,0.2135351045658015,0.2380952380952381,False,4
-0.39105380368428722,-0.89570350340280624,-0.21164157582098597,0.92020201471664076,-0.38487033644443297,-0.071435819002687209,-0.017469251142697109,-0.22268825320857902,0.97473317741186238,-25.644779196848067,10.52316866786393,-7.1571845379916281,0.4859082326046482,0.5349380068002182,0.4964028776978417,True,5
0.97669966079394011,-0.1275248171221568,-0.17261284315763753,0.14428639900556434,0.98559077144259721,0.088273814402650905,0.15886852321026271,-0.11112269014538409,0.98102626879602151,0.49229482059488194,-9.2557915964647588,-1.5143985341422412,0.2848019964169159,0.1613801018260885,0.4210526315789473,True,5
-0.099702385335281071,0.98579982529016952,-0.13512268061404406,-0.99335573414682277,-0.10645850773798056,-0.043714660788205476,-0.057478863907358922,0.12986643364654366,0.98986407633363782,-1.7219617240167364,-3.8730478192244013,-1.8201043764981397,,0.06980939368207786,0.2911392405063291,False,1
0.8238199421391228,-0.52057900365982712,-0.22431719479886891,0.54555634778136497,0.83559598868013274,0.064401980537321324,0.15391222930407653,-0.17543330541893282,0.97238581901446719,-16.19795269457564,29.552889597293955,-5.3074598859314541,,0.5684465223771238,0.48,False,1
-0.50283123107974825,0.86001278588878105,-0.086826039634683563,-0.85809746777573281,-0.50874234171076604,-0.069641694031109841,-0.10406483002292949,0.039487186003375224,0.99378633181073417,-17.064702816284044,-9.0112263836571671,-5.009025385253576,0.2055045826926548,0.251658512553317,0.3111111111111111,True,2
0.19964221456482517,-0.95807690569607906,-0.20550335504676698,0.97739150170794464,0.20961268353540272,-0.027719583152982757,0.069633602181276344,-0.19532323382770522,0.97826376595187581,-15.260486368917961,9.619582523929159,-4.9234252563139398,,0.1165309868762419,0.3636363636363636,True,5
-0.56691581667203583,0.82315326011207435,0.032018231899062916,-0.81168441123076229,-0.55153764667450578,-0.19228791138737417,-0.14062316086637089,-0.13499975802797423,0.98081608467660186,-7.2862614023670957,-32.879215244776837,-3.5489423660672377,,0.2850070759071986,0.5882352941176471,False,2
0.54196013721701419,0.83530740010776183,0.092416216071235902,-0.83989503588912273,0.53451966888549418,0.094154406499906529,0.029249587288078929,-0.12864785618016358,0.99125889188633443,28.345605081717338,12.763707796238206,3.9987015279690561,,0.4095422835202203,0.2666666666666667,False,2
0.97516291210170225,-0.138822911961717,-0.17258474433100229,0.15204958688910863,0.98617497954335642,0.065877407732185866,0.1610534631362501,-0.090482643844720823,0.98278923130785811,-8.4338296063733011,-3.7969955501987855,-3.2939280950239884,,0.0926311752257838,0.3048780487804878,False,2
-0.033909869513902124,-0.93323194553391242,-0.35767059787539113,0.99597011675589464,-0.0018236705695093055,-0.089667166537730061,0.083027990935594972,-0.35926982904307936,0.92953297018478942,28.98005838930494,14.036979028931164,4.1240635351789301,,0.3136783062884242,0.2941176470588235,False,4
-0.31719989499807372,-0.92142953375952075,-0.2243921587955382,0.94829798940048027,-0.31085038197045328,-0.064054377897445433,-0.010730792711468387,-0.23310867496627888,0.97239148275951492,-6.1665829388211906,-9.5991265709356419,-2.8632031742555522,,0.4397849952612445,0.1478260869565217,False,1
0.77086364309775435,0.63677855387793292,-0.016802293628768727,-0.63334920704092879,0.76899878505734198,0.086658239775336543,0.068103051992445832,-0.056159967071405081,0.99609639714630716,30.400884306594651,-4.4631506666983523,4.2160692902527144,,0.5260810781159182,0.7368421052631579,False,2
0.98040435231608014,-0.10009482596825819,-0.16967124616172186,0.11229003376486728,0.99162200643236231,0.063849390569850714,0.16185874791549729,-0.081650610367837745,0.98343018234635615,-22.394938805914656,2.752191895975963,-6.2640560865488659,,0.1130768180621481,0.3529411764705883,False,4
0.44959591062788501,-0.8736726094509788,-0.18590236319584258,0.88655652838838617,0.46186153585569611,-0.026484781836921888,0.10900017944303877,-0.15290550412635134,0.98221121337991779,-0.64268247497054232,-14.731400088068309,-1.8464291592692603,,0.08139934438965504,0.2,True,4
0.29531015739072758,-0.9380383246495414,-0.18131743553929119,0.95125724842818749,0.30634292262425294,-0.035548010786327515,0.088890709608471535,-0.16198183616292366,0.98278193232201316,-13.940433048822365,9.5590136480015175,-4.6146269568840319,0.3128623653470529,0.374267096072157,0.6622807017543859,True,3
-0.97478154732797473,0.16097776567068647,-0.15455450154735761,-0.11429548980766818,-0.95497271048621901,-0.27379492916456483,-0.19167022720940219,-0.24922536224525257,0.94928880895922196,-15.666536657647427,8.3336283612839939,-5.0321754114160591,,0.6533403933994988,0.4337349397590362,False,2
0.97583581406488606,-0.10172577893513896,-0.19338130697758243,0.14838416162327031,0.95816705073256536,0.24474076789496019,0.16039515132222029,-0.26752152958312492,0.95010821838452963,2.9369492393882641,-10.120153674033666,-1.0846667459384434,,0.5188572089746314,0.35,False,3
0.98786202400670264,0.016708197664105501,-0.15443269620193151,0.001716076447182843,0.99296368835572602,0.11840679325368333,0.15532442372984459,-0.11723459275235382,0.98088244639976185,-4.0324099499094963,6.6301991869287189,-2.3160923153736017,0.8016905131311952,0.6623229885472455,0.2808988764044944,True,3
-0.98230064379906712,0.14139241668836794,-0.12285613413648112,-0.096857446380164816,-0.94481963008104752,-0.3129448860330295,-0.1603249209344936,-0.29550643159927203,0.94179183932056498,-16.496017934240381,15.576282748680912,-5.2229099798727967,,0.1998497461452063,0.3636363636363636,False,1
-0.80484283253173328,-0.52943016314886815,-0.2682008897644792,0.58514720815200028,-0.78337924765840394,-0.20957027253423183,-0.099150187666061151,-0.32560813363046598,0.94029175450998648,30.519879162088309,-0.94482785742281472,4.1417557052376228,,0.4102547050348674,0.2173913043478261,False,2
0.97310914656194369,-0.12755584330492509,-0.1918022307384738,0.16406891994870471,0.9682786784366767,0.18846164169874996,0.16167862686314127,-0.21486253215414705,0.96316878785182669,-1.1642852129782268,5.5272622534935048,-1.629913950298514,,0.1726069754044305,0.3853211009174312,False,1
-0.9830128454528767,0.10652715800453198,-0.14945805526005274,-0.093255632784553733,-0.991272681513237,-0.093176487589465645,-0.15807951362713624,-0.077655878676600232,0.98436803680248264,1.2683099878987592,-9.0187823315820363,-1.3406309958861573,,0.1496795572311356,0.2769230769230769,False,3
0.68017127513254039,0.72183457739128054,-0.12775711082724639,-0.72892752247556147,0.68445678460203185,-0.013549058634741599,0.077664042273204129,0.10234135476237817,0.99171293409090266,-9.7836622674291061,-23.068835318407707,-3.7802403616150762,,0.1209824690209158,0.3529411764705883,False,1
0.56795267152044837,-0.70965673788697747,-0.41691375281273646,0.81359995590021361,0.56065243489594463,0.15402583875577186,0.12443823637434008,-0.42668039750715336,0.89580073884273037,-10.236927158419595,-27.43820285530775,-4.0159184687021288,,0.2196818284843755,0.4166666666666667,False,1
0.90159337711935295,-0.39522206838501028,-0.17586613942426441,0.39976746478896136,0.91655839923334725,-0.010328353741557002,0.16527358055880259,-0.060993585369926495,0.9843599067988269,-19.021844851416986,1.8918308229386549,-5.5356019416179389,,0.1644687563134164,0.4444444444444444,False,3
-0.96220744132877245,0.24084931635431356,-0.12707653860251161,-0.21871671774272361,-0.96151705403517274,-0.16627673372836027,-0.1622338966781777,-0.13219894708802335,0.97785663630075725,-25.275589935684266,11.462145985115876,-7.1411208215550586,,0.1899031147894528,0.1666666666666667,False,1
0.90889083223671319,0.40763887781271341,-0.088022726449743904,-0.39690115426245737,0.91031398481115899,0.11746455977169429,0.12801144019650679,-0.07182613975998256,0.98916837637785204,8.7172033733738541,-24.918789747805686,-0.20983619779492396,,0.3861123635579718,0.3333333333333333,False,2
-0.97632256367892323,0.12526555797313305,-0.17635983566871288,-0.086671821216925668,-0.97349576744595701,-0.21164589807447171,-0.19819749508597989,-0.19134923765327119,0.96130287744870302,-9.057190860140933,-2.0100480401636882,-3.4094087542800984,,0.5190255907094777,0.4244186046511628,True,2
-0.63977971974009051,0.76256908687570935,0.095761672661029668,-0.75687701366142712,-0.60350461172022918,-0.25083733737897795,-0.13348818824244707,-0.23296045023557632,0.96328102453322861,-7.218307906657869,8.9715072067707435,-3.1369512281656742,,0.4546043544364196,0.3110047846889952,False,1
0.98591736861499468,0.075111876346409603,-0.14941602422433403,-0.064908212024777909,0.99528754928269536,0.072039005091641573,0.15412289341636293,-0.061326179357341068,0.98614665919953315,28.289569010212297,5.2405141115986478,3.8353079950984803,,0.6827011766429518,0.3636363636363636,False,1
0.49212113572948801,-0.83825367824648256,-0.23483517341863702,0.86736191554830866,0.49513573330944749,0.050238561449193142,0.074162626872889992,-0.22841054377230088,0.97073607549578289,25.162174343229069,15.534088773337428,3.4115535214051094,,0.1638717242284939,0.4,False,2
0.9864007702594475,-0.012865232933163294,-0.16385361214555422,0.042802575577141899,0.9826398229508797,0.18051846962299686,0.15868667226813127,-0.18507691409962837,0.96982734335129317,10.160604873885807,-30.294737009784555,-0.088258395218153873,,0.3795076483015331,0.2857142857142857,False,2
-0.083319952637299674,-0.97022342186043231,-0.22742976314887015,0.99515301440131387,-0.069047195646952483,-0.070021158954056612,0.052232781090957948,-0.23216157400983584,0.97127377197820963,-25.176410800036226,2.6849027240644445,-6.7985882277179135,,0.262742268937054,0.375,False,2
-0.55061274064904231,-0.8006490168484065,-0.23619221336578911,0.83312915063436077,-0.54476249354718587,-0.095549170522410853,-0.05216730967012724,-0.24938920875597692,0.96699720493797137,-32.296551896999219,4.5762653897297882,-8.4658276410843722,,0.2848603085087446,0.25,False,2
-0.30662425856398595,-0.90268376173278009,-0.30189996747936843,0.95178900818692946,-0.29374574085406691,-0.088380561350542952,-0.0089021320270829055,-0.31444469471443337,0.94923405228179625,19.713260879340165,22.061749566589651,2.3560051028944269,,0.119768351103253,0.4444444444444444,False,1
0.486303805354311,-0.77197760338515253,-0.40933994279770836,0.8653214263264799,0.49053975922849263,0.10290565463742873,0.12135665634081041,-0.40425403459677112,0.90656011244374179,26.85835635343609,5.0485907219810837,3.6093278046756327,,0.2340767771449094,0.2173913043478261,False,2
0.56972008809059382,-0.78881193500463009,-0.23063987604119079,0.81225717962066046,0.58317837717613064,0.011885055696294833,0.12512911484037356,-0.19411005019953112,0.97296659399529173,-30.968815143235904,4.1504829685418656,-8.2044413628259569,,0.4798768444716228,0.4705882352941176,False,2
-0.55802423056459693,-0.75693444691365863,-0.34008704941279827,0.82582139364378537,-0.54676047925113613,-0.13810142696331518,-0.081412430887582321,-0.35791510362735679,0.93019825558447089,35.151516677026244,-14.980515682804286,4.9414982984799298,,0.4019226121224754,0.1764705882352941,False,2
0.63810336499824349,-0.66639836475425507,-0.38566477027435742,0.75832706298707786,0.63065330891709603,0.16497414795449075,0.13328226108267602,-0.39773059148721818,0.9077699132907614,-12.192570103893807,-22.948406648053641,-4.2512101857405336,,0.3732553234678116,0.3076923076923077,False,1
0.4910522340451981,-0.81662290253492587,-0.30330634430333409,0.86361309564848954,0.50199568165424469,0.046612837554934172,0.1141933643591099,-0.28482866895016534,0.95175233379300128,25.983710812079568,16.661378782054875,3.563858706229567,,0.1395967512054752,0.125,False,2
-0.099374661319196381,-0.94674225853184657,-0.30627401554443434,0.99414031276612558,-0.081304683474743997,-0.071236135341139817,0.042540747771571963,-0.31155841242869542,0.94927427038972556,20.272191963489785,23.269373822552463,2.3453201267446793,,0.187259714601111,0.4285714285714285,False,2
0.088379384853868856,-0.9019410015598851,-0.42271919052487084,0.99452683540634701,0.10364297367269368,-0.013210134931851022,0.055726636265686552,-0.41923807521911882,0.90616443226220234,-1.3913762458735923,-16.648080281133453,-1.9542782956440115,,0.2072792776696106,0.4,False,1
-0.11488076080180465,-0.95950226053219168,-0.25721163043535378,0.99310524728950667,-0.10485088963118749,-0.052423837608448348,0.023331922416443683,-0.26146071019784789,0.9649320796922396,21.562812239875964,28.925124831052308,2.6811035110104626,,0.4571978012178088,0.5,False,1
0.26861978061516861,0.958202745754962,0.098442427285748035,-0.96324335775270953,0.26696034824350279,0.029906624867957705,0.0023763853946017072,-0.10285752521502176,0.99469326040699446,-1.885922167796197,8.5102169306760089,-2.028645744872414,,0.3196066309472984,0.3076923076923077,False,1
0.25007908733904377,0.96198237901803163,-0.10977409773930336,-0.96822245545601426,0.24818561696116673,-0.030808704684402079,-0.0023930788529806721,0.1139903592081902,0.99347897369858329,7.2246133689926681,-20.862871856708665,-0.40245477008171526,,0.0760060445925826,0.3636363636363636,False,2
0.72132374985816472,0.69075589979957985,0.050481033890259597,-0.68724335215598953,0.70479744961309876,0.17594638369762394,0.085957098647846925,-0.16160706021379562,0.98310453934518083,-6.783233146876392,-11.460214248347347,-2.9745894693386346,,0.1497820915218084,0.2666666666666667,False,1
0.35900369398980392,-0.87712472336597269,-0.31901186084821542,0.9283851421148227,0.37075135305717444,0.02538625822595815,0.096007164327022221,-0.30527963224958243,0.94741066625378656,26.480177024825672,19.02999244844176,3.6742636777886517,,0.1890416373326792,0.3636363636363636,False,1
0.23587273588543078,-0.94447864644397483,-0.22874470240265177,0.96864005269161624,0.24742233664464236,-0.022773573520352537,0.07810570265674241,-0.21619961549609923,0.97322002932113671,5.963486050706913,20.513877731005259,-0.53627625723608185,,0.2263424971242019,0.3103448275862069,False,1
-0.85267972222404032,0.52138541100412594,-0.033083900918597114,-0.49843349562142358,-0.83084852825974831,-0.24749701721681044,-0.15652904443118976,-0.19454556350805938,0.96832364525957426,29.560609209644753,9.9342047016602244,4.1428570009104551,,0.1754058557136857,0.2222222222222222,False,1
-0.9048689483557375,-0.3307374818176918,-0.26800168735004781,0.40632765002991439,-0.85876963019284114,-0.31210985738937785,-0.12692528165321629,-0.39131501425238235,0.91146175591623635,-24.85596806921593,19.625982360591181,-7.0960315827386724,,0.3898601953759635,0.15,False,1
0.98634090669026286,0.062369888768230519,-0.15245200151020905,-0.057056297681551627,0.99760939275470428,0.038988182600171943,0.15451923726288702,-0.029757292595744299,0.98754154791232307,-18.634244603823415,3.2595602636567618,-5.455828001625485,,0.09230058045340307,0.5263157894736842,False,1
-0.97922827562075732,0.14115283819109464,-0.14556050458622091,-0.12332353271478849,-0.98446033662550603,-0.12501660645665785,-0.16094499216670594,-0.10446876031519203,0.98141886450926996,32.325519280925974,6.0227541962097977,4.6050163651420357,,0.2699955921634015,0.48,False,1
0.91423876746894039,0.39376574360190247,-0.095477825815801581,-0.38397321004130658,0.9172284085720751,0.1060972218246661,0.12935242567283511,-0.060337266046603534,0.98976126631555661,1.2173445957780733,-6.4209796562068036,-1.2576887585693091,,0.5996717263319831,0.2307692307692308,False,1
-0.046184829847556258,-0.89135904014334799,-0.45093904582180727,0.99833768216347707,-0.025605310248200876,-0.051635651051863254,0.034479470187470683,-0.45257422556065102,0.89105989500917859,1.9701900598098678,-2.7120024745727136,-1.0106256490859411,,0.510905534961378,0.2371794871794872,False,1
-0.64371113213945452,0.76238954317290142,0.066318646098641937,-0.75345072943075475,-0.61621511084585556,-0.22932713639143298,-0.13397005889379249,-0.19758826287471032,0.97108748405802714,-0.30320820076132204,-17.064630541976761,-1.7606721976925022,,0.3602541366209833,0.2142857142857143,False,1
0.53650717840952433,0.83709610451125771,0.10691192322247081,-0.84240995710327049,0.52373286727971124,0.12668602095037082,0.050055086537893992,-0.15803162829968323,0.98616453635721146,35.499610549245112,-0.60452284493973341,4.9894855575373285,,0.3825948691361524,0.1153846153846154,False,1
