axis_00,axis_01,axis_02,axis_10,axis_11,axis_12,axis_20,axis_21,axis_22,location_x,location_y,location_z,dbh,dbh_approximation,score,reconstructed,number_clusters
0.54106102958569025,0.84070731095771312,-0.021544826894713931,-0.83652432649340569,0.54065024131371009,0.089018917945461226,0.086487070989983206,-0.030141895588657874,0.99579689328793142,-26.918769364082895,10.190263042158964,-9.114355248735718,,0.56440546459794,0.3571428571428572,False,5
0.82490688341860985,-0.48764907162380228,-0.28587937427005677,0.53586238020996835,0.83560973676793504,0.120863051816218,0.17994483366938588,-0.25289276534346733,0.95061301593899439,6.0760047275841735,18.814733803958998,-1.1919391948073281,0.2368060988815611,0.2635002183147318,0.2173913043478261,True,5
0.4971951416092501,0.84712223132483533,-0.18756576541413697,-0.85804476520913764,0.5121299283009294,0.038498278346982995,0.12867078944871169,0.14179866619160472,0.98149730830447446,-4.7351543476739701,3.2109548324206778,-3.3257013489644631,0.1629818803908239,0.1366639143503765,0.6843434343434344,True,5
-0.91369882080221465,0.35695397151622293,-0.19426355057868566,-0.36376064438035571,-0.9314922064619422,-0.00068036802591778592,-0.18119784343261502,0.070043782875125887,0.98094913732359823,3.3779029754163332,-8.5243937731819965,-0.75032503402031703,,0.1447662730560244,0.5471698113207547,False,5
-0.92144464500948398,0.34208087482031002,-0.1841750288869759,-0.33728575562765406,-0.93962843260846152,-0.057764415382221324,-0.19281619546612114,0.0088929025598373651,0.98119459387525831,5.9147350540973829,-7.7559646228632317,-0.15770783116728102,,0.1928546610044294,0.4533333333333333,False,5
-0.96942316679062868,-0.11612100223664995,-0.21618195236694754,0.13107834976754579,-0.98978129216485744,-0.056137865141834289,-0.20745406699278318,-0.08275812056844789,0.97473786402711005,-12.071371004836323,-13.194198053753869,-4.3544843417063115,,0.1547865834196905,0.5641025641025641,False,2
0.86160069094445957,0.49077956126213307,-0.12953637177016206,-0.47632890770366737,0.86994170011122296,0.12771926281272752,0.17537109525192768,-0.048341086613185688,0.98331486223650444,-10.893368480100815,15.867821270606013,-5.5984312845381394,,0.1577268127785405,0.2,False,3
-0.63891104488512718,-0.69201261321266283,-0.33602264786525349,0.75381051137998445,-0.65033799729286723,-0.09396915563177588,-0.15350045490760261,-0.31333533543423436,0.93715451122612359,-13.941010352183302,9.644972772451041,-6.0460057861805874,,0.660688138810325,0.4375,True,1
0.95931406237800254,0.19609133457674469,-0.20313719065627342,-0.19261907249007615,0.98057863350081154,0.036924740144550085,0.20643261040076685,0.0037056747821306857,0.97845380337424881,4.8126935060729252,-3.2064941713139681,-0.53591614166805279,0.5529402746354659,0.5259305309942871,0.8245614035087719,True,1
0.9574859075601061,-0.19729686151931961,-0.21046302587016782,0.21275589593624999,0.97565049078941768,0.053301487472047146,0.19482213829070882,-0.095812672736938373,0.97614766617292137,2.2807053410875242,5.3021293753414414,-1.4772132963709741,0.3007908774041374,0.2792181810550319,0.8633405639913232,True,5
0.49408835847404348,-0.83465792095966007,-0.24335745108732904,0.86572354637396254,0.49808070022396822,0.049379725779825433,0.079996470385349711,-0.235078223244303,0.96867889090357862,-5.7872325596011613,13.216933393677765,-4.0886505866459455,0.2688665521424933,0.1900171732688959,0.6666666666666666,True,5
-0.57727970823065999,0.81648490747555702,-0.010026680894235557,-0.8041372105836827,-0.57059642216257311,-0.16668254128721771,-0.14181496754510128,-0.088159621595726712,0.98595963208453941,-16.30043597471365,12.657658559123091,-6.7422681710578836,,0.303274156853702,0.1875,False,3
0.94658493226334428,-0.22248434833304445,-0.23340454314091424,0.2589187674161596,0.95585622354891331,0.13892426635582969,0.19219271029801072,-0.1919364338775453,0.96240447186132427,-7.2828656700438579,-3.8838055648642658,-3.6180586085890827,,0.1175490286109374,0.3288888888888889,False,4
0.4431525172001532,0.88262151956249069,-0.15682824906364176,-0.88805862640882594,0.45611150786541238,0.057568814940117563,0.12234264407816843,0.11376091419261596,0.98594661713605136,-11.092317148727297,16.960405834856214,-5.6944701743286616,0.2480805350326383,0.154905446418047,0.3703703703703703,True,4
-0.59936664468539114,0.78610641007864024,-0.15098455971339669,-0.79567757338010781,-0.60569957611147929,0.0050222224480408403,-0.087503282558536927,0.1231451807081653,0.98852336341122171,-4.712170411636345,-6.1227210321400696,-2.8065960358716424,,0.1408783957720111,0.1041666666666667,False,2
-0.183403778006375,-0.94206093310385886,-0.28086340547047983,0.98272822165099483,-0.18287172750521793,-0.028340318451473074,-0.02466366930652986,-0.28121011645875083,0.95932923119104141,-6.2840828400548681,3.9408428418243542,-3.7656524829522513,,0.1726818130147977,0.4587737843551797,False,2
0.97336804417084999,0.092465115958263233,-0.20977333700410755,-0.072928683477419626,0.99240711571944018,0.099043040117275882,0.21733857852039129,-0.081106836951313238,0.972720732423489,11.10511129591843,-4.0433570544164645,0.93411530890196548,,0.478762465885452,0.9216867469879518,True,5
-0.68235194358122642,-0.68730822121473589,-0.24900448618761106,0.71744220688327909,-0.6949819830534546,-0.047715018741863541,-0.1402587069431746,-0.21120476387080206,0.96732623392778183,-10.26937231587096,-8.5040906855733311,-4.1902332010308401,,0.1093545213625488,0.1612903225806452,False,2
0.95752456950200648,-0.14325760341067456,-0.25024779292738797,0.17702816376605901,0.97710560341861519,0.11800707182861432,0.2276131104168132,-0.15729557791933055,0.96096325274872496,-22.049153725017661,8.5476220003535737,-7.9401906688848589,,0.2171033255352796,0.4383561643835616,False,4
-0.84670128592010452,0.49533439061106532,-0.19426984814737638,-0.50624209757311145,-0.86235773901478385,0.0076202759848627115,-0.16375552224586684,0.10479967289678702,0.98091852745001673,6.7437220482481202,11.223632359813362,-0.67299384581188815,,0.09946773660244086,0.2173913043478261,False,5
-0.6644094565661598,-0.65910929828094833,-0.3523279820636655,0.73386705085488191,-0.66456532736837615,-0.14068431799358608,-0.14141861862929289,-0.35203388839621341,0.92524208493000581,-24.356382413474456,7.8043648801808096,-8.4356803488657217,,0.4986063636206134,0.1627906976744186,False,5
-0.9767546880548329,-0.087272944519172752,-0.19578997042203194,0.095331043974576188,-0.9949279454245713,-0.032099462113246158,-0.19199549843062511,-0.050018162383235365,0.98012035588196056,-16.227071676907407,9.6804372877506477,-6.5984834458116604,0.169851748397629,0.1609621797177292,0.5714285714285714,True,5
0.85096360533196436,-0.47654528974651067,-0.22082918561829085,0.49837997826402985,0.86532853839357249,0.053140548615795355,0.16576591828831586,-0.15527751756792302,0.97386372397372623,-8.9183951511644093,6.749311555807135,-4.6137519703648895,,0.0823348273994437,0.3834586466165413,False,5
-0.57960277470205845,-0.78225566870620711,-0.22833460608212416,0.8029183869180031,-0.5960756549757944,0.003984657346585551,-0.13922172067126054,-0.18102453513869884,0.97357456323136915,-17.767983652283046,3.778717855650537,-6.756494073801246,0.198591299964277,0.2091862916409039,0.7966804979253111,True,6
0.35816443541918702,-0.8580434352508175,-0.3680756721434213,0.93116551028280137,0.35706856319515362,0.073707758326510581,0.068183793240225721,-0.36913886872114232,0.92686971357286785,11.008185773928009,6.0474728736855736,0.56264009279613325,0.8153344792369424,0.4068176907997654,0.3333333333333333,True,6
-0.14515933807920606,-0.91064864573597915,-0.38684339284474367,0.98913553635587659,-0.14274742985286928,-0.035129218442374835,-0.023230524883838959,-0.38773988096354772,0.92147605906176133,-8.5309747511643561,20.201267021449507,-5.2247612451892307,,0.09451813308391513,0.25,False,2
0.27733784669641143,0.9574213757853155,-0.080174983499535293,-0.95557045339553337,0.28354614916479842,0.080539989392031414,0.099844015280097925,0.054276058102692537,0.99352165659817426,16.459247110612726,5.6437311002785409,1.9139575659546937,,0.2729289096829997,0.2173913043478261,True,5
-0.21425692540525523,-0.89404956588157281,-0.39340735079921735,0.97573731538400177,-0.214482752547137,-0.043975450276553148,-0.045062859242494195,-0.39328427709072633,0.91831193834672353,-3.1615275255717679,-7.4984802701608233,-2.3712111951385322,,0.6564318773458651,0.5741935483870968,False,5
0.25242101727547073,0.96353612309922199,-0.088779330480336288,-0.9644917278471079,0.25791317579157169,0.056890251077015487,0.077713171033721842,0.071266634802171686,0.99442532641312875,-20.417343484215383,10.162384841275731,-7.5810982087888918,,0.07842803959353231,0.15,False,1
0.59276119661835736,-0.76953584983807499,-0.2375894349451699,0.79782540199151686,0.60137624635163955,0.042675968191569075,0.11003995511017149,-0.21485154441614882,0.97042775214919941,-3.392706817834934,10.832141005888897,-3.3404150866078814,0.1542247711283337,0.1230483967826704,0.5454545454545454,True,5
-0.88667903736579234,-0.35773703319802813,-0.29295818775850047,0.41151169734498844,-0.8994439271865855,-0.14716910272003234,-0.21085162471349045,-0.25104747942539785,0.94473104925679052,8.5620367118184539,-6.2929795014305192,0.41211316559110706,,0.2675324966291124,0.3170731707317073,False,4
0.92192540816425395,0.36611285857824827,-0.12655005557026322,-0.32877732169655516,0.91230224938906568,0.24415175300966174,0.20483899657832011,-0.18348291621650925,0.96144422871920754,-0.67570875820177378,17.873790549201058,-2.9089574557604125,,0.3800840429749667,0.4722222222222222,False,3
0.95040641967528461,0.24334961040334616,-0.19367138290554614,-0.2313050181600268,0.96934282911360514,0.082900351145350493,0.20790773437752796,-0.033991863181831596,0.977557633709354,15.847406919290135,-3.8535941235252795,2.0911321039726407,,0.1073628927253947,0.5142857142857142,False,5
-0.77896410748152944,0.61120841778213675,-0.14013989185010939,-0.60935825238709684,-0.79055698652072692,-0.060845470751814346,-0.14797783449978882,0.037998961769018832,0.98826041072241133,0.34208974485661359,13.422642674115774,-2.4428298584364616,,0.0959556649347025,0.28,False,5
-0.90851787124867056,-0.35168349058441328,-0.22564130843475244,0.38007333625418865,-0.91990184008197073,-0.096565333750863902,-0.17360742118467945,-0.17349157634930895,0.96941277908094348,-23.925316865092679,-3.4549584897951395,-7.9788239786500474,,0.3536842013880814,0.3720930232558139,False,2
-0.43466134534288292,-0.80239511731149127,-0.40893959282440773,0.89395055438803128,-0.43946217550993416,-0.087894269468533709,-0.10918755045354893,-0.40377601713171785,0.90831878039331537,-20.546507959168707,6.3086895580965363,-7.5195266648862917,,0.1079627326177768,0.3658536585365854,False,6
-0.062360327602110063,0.99276729369041194,-0.10258796284151794,-0.99802837494347296,-0.06129619883916574,0.013495881429554102,0.0071100175139464875,0.10322730543070767,0.99463237985924569,-23.390819687881578,0.71936507770123026,-7.9708101672887945,0.2730208778438228,0.3239046800894402,0.8248587570621468,True,5
0.96874048726430273,0.16026392108455909,-0.189360354703733,-0.14093166761245449,0.98371229472274291,0.11157233651442752,0.20415712918948975,-0.081397769072120291,0.975548189374153,-19.936181757170928,1.3147020808956087,-7.1609173482096109,,0.1067653875428163,0.2888888888888889,False,4
-0.86439934101713067,-0.44856025621555107,-0.22717278840783439,0.46153434379431951,-0.88711081546783632,-0.0045222315663098235,-0.19949894422652598,-0.1087570578115806,0.97384396780422267,-4.4787716886041133,8.4074779075235497,-3.5421060654812058,,0.08910356072037874,0.4761904761904762,False,5
-0.59365609766137295,0.79376712491323853,-0.13231095614665353,-0.79703387289173311,-0.60265330440232023,-0.039319208488595159,-0.11094793000626761,0.0821142259291021,0.99042809467794746,9.5683931483983002,9.2185223557588749,0.11315489455797141,,0.07834659632281506,0.25,False,5
0.520855375816209,-0.81236243561411758,-0.26225359994946507,0.8502183774804204,0.52117582449373001,0.07419211924350512,0.076409345488084451,-0.26161619438861022,0.96214270186688189,-9.8592514575131318,19.604768061450081,-5.4776851773988176,0.2155182910845144,0.1482690848146876,0.3125,True,3
0.9266438954509516,0.36013381344099188,-0.10786439375407195,-0.3187626868974191,0.90478163683772028,0.28241908413418726,0.19930238449507473,-0.22731877629818434,0.95320760250685832,2.6384461628977292,10.611145276516924,-1.7328294347478386,,0.3428186081111727,0.4318181818181818,False,2
-0.13541804322200876,0.98942523071089117,0.051958314085622709,-0.99078376969832838,-0.13506813048821867,-0.010204010426604144,-0.0030781930236543943,-0.052861261421910805,0.99859712185074534,-3.6847235206760676,-12.735098891174099,-2.3041590381204902,,0.2075588428968039,0.25,False,1
-0.81912326192503626,-0.51881524432411241,-0.2446790224563633,0.54286366049159529,-0.83893824259432748,-0.038492482777934267,-0.18530010224216353,-0.16435743782882126,0.96883977248015118,-8.1995739682349154,-8.2568526887470401,-3.6581868749477455,0.1535011116648811,0.1222409542402786,0.4473684210526316,True,5
-0.038473726685385838,0.99168848070915716,-0.12277511793397101,-0.99784642032844895,-0.031596092710552401,0.057482243894316734,0.053125265106517459,0.12472226807666881,0.99076841999186316,-3.8624837517809518,-16.651023220271021,-2.1399716398265043,,0.1634697770997031,0.2692307692307692,False,5
0.98257176583918249,0.038201373772084657,-0.1819158597198032,-0.0038457062981439218,0.98262276301816776,0.18557401795943823,0.18584384713715449,-0.18164019555282079,0.9656442946762509,-24.135500944197833,1.7574208380372731,-8.1723577995788386,0.9244979804959308,0.3941547269948906,0.5333333333333333,True,2
0.67022102257689375,0.73157343442430189,-0.12491633576364011,-0.72567164498312853,0.68126356626732487,0.096335958728853296,0.15557777657320901,0.026081858088687959,0.98747926161270783,14.767000007255289,-6.4566032687746935,1.8780181686176842,,0.3273778352347421,0.7380952380952381,True,5
-0.89872493242270823,0.40345992645025558,-0.17179517918309756,-0.39742723235703065,-0.91498015511076536,-0.069734573451844584,-0.18532428557215347,0.0056038827819831771,0.98266144000613798,-9.5299149213935426,9.9402495251018053,-4.8940083406057893,,0.07317548522356784,0.1666666666666667,False,5
0.40428326336275239,0.89568624169145705,-0.18520582984722095,-0.90830664497097968,0.41694603648407957,0.033690374913040305,0.10739684197558072,0.15460323122383673,0.98212206941338143,-14.742717481843348,12.007268750796275,-6.3521656920392209,0.2831179271123512,0.2227804817681451,0.8461538461538461,True,5
-0.45856414428892928,-0.83550211308803057,-0.30274600674162305,0.87879878359847119,-0.47696279354816862,-0.01480511791835145,-0.13202887380573702,-0.2728419186931581,0.95295627595678634,-26.028557584763409,7.1155255854891779,-8.7437711543001413,,0.245254771964357,0.5333333333333333,False,5
0.48029045999723996,0.86971034948032866,-0.11368809103176478,-0.86773465983167841,0.49004886166294742,0.08299803196253451,0.12789696697906508,0.058787934048209839,0.99004360744762265,7.4952299666745299,12.532469914366166,-0.49286993658200751,,0.09540747515594948,0.48,True,5
-0.97303762014495176,0.14900751696162051,-0.17605269004358251,-0.11627786178296405,-0.97611790338192594,-0.18350285435506489,-0.19919148737290782,-0.15808415033205125,0.96712571714951479,-22.131936325966528,11.803137511244024,-8.0629752452998833,,0.4619391002339703,0.2571428571428571,False,2
0.086807546264248636,0.9952716999422736,0.043573996897195294,-0.99526554294927594,0.084721663938157762,0.047631278351864662,0.043714401854117443,-0.047502452079511981,0.9979141085869917,3.7833474130487246,5.2611467067255271,-1.1749218972360913,,0.1778908297826438,0.2857142857142857,False,1
-0.026078127026154793,-0.9548877237109995,-0.29581982083158787,0.99867200028750047,-0.038038230667801889,0.034746637958588643,-0.044431600607786698,-0.29452084495615605,0.95461159889964753,8.3059384831335201,9.3307851912232405,-0.24088804421233381,,0.1260024477455378,0.2,True,5
0.98369106902962555,0.0062165222985735308,-0.17975882610282057,0.010153149225496344,0.99588989032977437,0.090001332766552422,0.17957949290539144,-0.090358625429242986,0.97958487357573121,-9.9262779384372504,-10.620072042901738,-3.9289823781254394,,0.09956486372637134,0.1794871794871795,True,3
0.97195144529791466,0.1560527482740352,-0.17594865085988504,-0.11223114031989677,0.96522420064632908,0.23610678437764049,0.2066750084693085,-0.20973741259673864,0.95566503474357345,-0.73231940617027869,-3.4801392546200587,-1.9578749396661943,,0.1724863941582586,0.3013698630136986,False,4
0.42908692385202568,0.88343721199323333,-0.18821026604526225,-0.89634395676284606,0.44219543306041265,0.032104674974825789,0.11158818465200923,0.15492543834418121,0.98160388426285894,3.5141805873726684,-5.1138928899881018,-0.82650488836538971,,0.06725744236425069,0.1451612903225807,False,5
0.42087800602320097,0.8935310067557023,-0.15640985906289828,-0.89981884727830119,0.43306724311424372,0.052714372083696961,0.11483791241869719,0.11855421927358718,0.98628451826222341,4.4337748369155543,-8.0577671393515509,-0.51426764606436848,0.1605790350428229,0.1022547480910222,0.3802816901408451,True,5
0.3145569314453226,-0.84898851413934817,-0.42458502062503845,0.94834884352740567,0.30043463581630186,0.10185038331866379,0.041090240446304993,-0.43469245733206352,0.89964107269437033,-25.090435226373454,6.5830952054979646,-8.5157452668166798,,0.1210246073469652,0.1111111111111111,False,2
0.44739670748889027,0.88368373558658841,-0.13761991711897487,-0.88792793761660649,0.45728797887168982,0.049716013309253931,0.1068651661114195,0.099953788518385517,0.98923661296618082,-26.251565988963158,2.7200540803682598,-8.6480614883854514,0.1441011484979502,0.1376818128881789,0.6,True,5
0.17030909010321482,-0.91555739413907566,-0.36434800927887712,0.98536633015185393,0.15563567347573576,0.0695034714587901,-0.0069288694087677946,-0.37085333378442192,0.92866559944346883,-31.854566587537626,-3.0098399009358108,-9.7009646275925778,0.249457082797207,0.1783507070031831,0.2777777777777778,True,3
0.39983480871063426,-0.84147898180786762,-0.36338030893118506,0.916519995503566,0.36224276047435511,0.1696209902283958,-0.011100611941376376,-0.40086569528897342,0.91606957746396855,14.361667936899345,1.0856937580128763,1.6187997329526251,,0.2784225004275592,0.2962962962962963,False,4
-0.33245996860659305,-0.89718437203921142,-0.29074141748761539,0.93843542073270347,-0.34537738826169162,-0.0073089528501430502,-0.093858033158255014,-0.27527197867951869,0.95677374930833348,-25.393828067965089,10.497332298849662,-8.7269029615074079,,0.4166070685558425,0.1904761904761905,False,1
0.05937617001864319,0.99072195920535733,-0.1222475765903511,-0.99772474969276814,0.062816776438086405,0.024482165926028889,0.03193421808059993,0.12051577550770702,0.99219763836110586,10.578735135835529,-4.9958295139665987,0.88713113461707793,,0.09557748804899788,0.1304347826086956,False,5
-0.65127974299997438,0.74307746300699973,-0.15385246286285936,-0.74969869317139093,-0.66144404228248188,-0.021062962425045552,-0.11741620763333968,0.10162510959448381,0.98786930880805968,-10.482242024199946,6.7246551235394314,-5.0298900090801233,,0.07036110900317491,0.1818181818181818,False,3
0.90132073387064238,-0.36208635639748754,-0.23772758612680578,0.39255170182947224,0.91481538735789414,0.094952453596583553,0.18309586583446247,-0.17890298366438079,0.9666796917026399,-1.4095382247115165,15.25185941160243,-2.9854448619443645,,0.09050574529733585,0.2333333333333333,False,5
-0.30833941920079461,-0.91025805903712587,-0.27632782799580657,0.94723142783419978,-0.32054882012291863,-0.0010373239549810696,-0.087632326741330827,-0.26206625092859304,0.96106287798152523,-1.9523350033249103,-6.2262362670469837,-2.1514669104924686,,0.1000396614179804,0.2,False,2
0.98001570611703492,0.063033385590882923,-0.18866904373764767,-0.044764631533205063,0.99402268685988959,0.099574222424986564,0.19381781014040922,-0.089138601676240034,0.97697951163961438,-7.3827064966177449,-9.3068290965624119,-3.4171215329885816,,0.1394786611653211,0.2195121951219512,True,3
0.70441730215284759,0.70092776619325947,-0.11178788399031242,-0.69019027627747931,0.71317319042487037,0.12256175174673911,0.16563105674879097,-0.0091797079768165257,0.98614506336630803,-31.872103320541459,6.053936851654127,-10.060537108942762,,0.09628574142188864,0.2,False,1
-0.97522043783431522,-0.085125443828481473,-0.20420273368212316,0.092584803434300394,-0.99533212086654255,-0.027240105439299656,-0.2009307139371182,-0.045471177511872851,0.97854954918614379,-5.1694389765378865,-18.161957436910786,-2.4202598310233099,,0.3109076051006036,0.7551020408163265,True,6
0.094853695624313991,0.99231297775880323,-0.079484153124169538,-0.99484694138518126,0.097361819130360294,0.028288502826715394,0.035809770216521535,0.076391297587378504,0.9964346591773876,-2.758446610110127,18.546593299666142,-3.5776547712791782,,0.1255724485629448,0.4,False,5
0.96439025608961237,0.1704276480614122,-0.20225194865728124,-0.15800792245712536,0.98449618057249311,0.076162765699236926,0.21209651199441062,-0.041493218896938057,0.97636744230098949,-2.5971283066634818,11.067414163916959,-3.1490539607432391,0.1916043670276715,0.1483905572462989,0.6761904761904762,True,5
0.063255885871594073,0.98125028154321592,-0.18206201656017595,-0.99737349339629044,0.068604819117872501,0.02322699860685775,0.035281830636729045,0.18011458509838094,0.98301267980721296,-4.2536449850173064,11.959338660932556,-3.6273651229134773,0.2122914798215008,0.2020623010535395,0.8076923076923077,True,5
-0.55591057410799261,-0.7733469526632224,-0.30479160815453699,0.81833898533740745,-0.57351873740941706,-0.03738399279438688,-0.14589290137585284,-0.27020501225331717,0.95168509113115762,-28.208345528902981,4.8525111288729494,-9.1556749156245072,0.582594221530948,0.2024072366527062,0.4,True,5
0.68458440434623824,0.71347610874277656,-0.14931857077795768,-0.71070618696736243,0.69883456487308215,0.080789645035504898,0.16199046000372674,0.050814301057043348,0.98548312906709146,-34.050868170259669,1.708427785763984,-10.397778594228628,,0.12462684523144,0.2352941176470588,False,1
0.97557069591216594,-0.096759455719051396,-0.19722937156114304,0.13217215775388338,0.97563235778198332,0.17513430036246311,0.1754774572192481,-0.19692412289437722,0.96458724428127607,-28.434474136517448,7.4040149450240715,-9.3564533685156199,,0.2134525347975237,0.5,False,4
-0.8427329325810855,-0.45233333694036276,-0.29188312153270873,0.49779594904353314,-0.8611987898504937,-0.10264422767935819,-0.20493998501788305,-0.23179990649790999,0.95093028445224559,-25.619325570600815,-2.5621083542865093,-8.3634030223081464,,0.4288693685648153,0.803030303030303,False,3
0.64949961019460734,-0.70922247146412787,-0.27414182885390992,0.75098965768261805,0.65478291134964495,0.085287004040632247,0.119015925030211,-0.26127155408654124,0.95789998674935062,-7.9625863481069015,17.752216169577494,-4.8909767918031317,,0.1109408770704332,0.4166666666666667,False,5
-0.59506838166787601,0.803015393498826,-0.032556089186199316,-0.79887529136419133,-0.59544959626578076,-0.085076713351517341,-0.087703420611470684,-0.024618206897405737,0.99584238406597414,-1.901889414709246,7.703357950203622,-2.7544854296815546,0.349777652907247,0.3418596911416066,0.2296296296296296,True,5
0.27552872434550679,0.95594413993838567,-0.10126560807104242,-0.95775523123753592,0.28201652559680646,0.056316927539070194,0.082394411810952112,0.081470734670592418,0.99326415433889581,-13.859392053755679,12.664590317264576,-6.1402231797678146,,0.1680939168536015,0.125,False,1
0.14068682213400632,0.98128351006921088,-0.13149102989969155,-0.98891298727837418,0.14565465754127657,0.028910626570429896,0.04752180204912098,0.12596584300031724,0.9908956982080519,5.6371196294254338,-5.6248668840948692,-0.31226760353919525,,0.2141190800067329,0.3738317757009346,True,5
-0.64162082116016894,-0.72016128333471774,-0.26398948433496644,0.74951038633764566,-0.66179172345533799,-0.016306303627923263,-0.16296288726499264,-0.20832532431681178,0.96438771073803709,-9.9151839761340579,23.944695240553362,-5.610968721774567,0.1885999186228656,0.3253220475897242,0.4782608695652174,True,4
0.86727273980267228,-0.40867637612355756,-0.2842914251145866,0.47457292617686403,0.85120369095095139,0.2241267816469201,0.150394589447543,-0.32929606148569984,0.93217250085749215,1.9889446594662257,17.188308776963154,-2.2088765452990988,,0.1879490542637413,0.1428571428571428,False,5
-0.03103598931736128,-0.95321783786130831,-0.30068674887680513,0.99927432220430334,-0.036237134620361079,0.011734524175886326,-0.022081583960877109,-0.30010435461271812,0.9536507641648807,12.4121753673674,5.1604549628409071,0.96545994558826831,0.1318343935429652,0.1190648056144706,0.1666666666666667,True,6
0.1768025143042008,-0.95091629963415436,-0.25396665534239043,0.98417603310335755,0.17388739307908138,0.03406920006546954,0.011764641968749885,-0.25597141562730913,0.96661275988944995,-9.0518526957355441,3.2441994660112177,-4.6186446053520571,0.2573754223823663,0.1853989468201702,0.4640980735551664,True,5
0.45425240072600587,0.87614589075305827,-0.16131687621321486,-0.88308510426603115,0.46672851386734199,0.048220254734242803,0.11753916393318825,0.12055236397396792,0.98572393319944063,-22.232891063910529,9.9873628935497756,-8.0236004996913248,,0.07961648627503533,0.3461538461538461,False,2
0.18144785047823289,-0.93412232581169308,-0.30739576766276855,0.98331295198019553,0.17651266854732212,0.044033127419010547,0.013126919852899099,-0.31025595604670853,0.95056242599458973,7.9208798820563171,-5.5016748188757756,0.22498183947415473,,0.09051655113589499,0.2272727272727273,False,5
0.034377389227546677,-0.95961980336049535,-0.27919174075939468,0.99939061082168223,0.031317029769453761,0.015415921895353452,-0.0060499678810922546,-0.27955156348119825,0.96011161915886367,-26.403295394300734,-1.0033439948926308,-8.5629921989901856,,0.1871861644818301,0.5666666666666667,False,2
0.95032174612801934,0.26122366754671933,-0.16926539619672037,-0.21735548839471089,0.94616003597536169,0.23987033578122757,0.22281196220330812,-0.19116323348526812,0.95593485534453038,2.3857467638339371,-13.128445607686595,-0.8316709911400495,,0.27395990534589,0.3076923076923077,False,5
-0.42557091010291492,-0.81184485366610504,-0.39974658729004486,0.8924717823327053,-0.44957645434519677,-0.037082737739901589,-0.149611223556462,-0.37254388368924019,0.91587528436554999,-7.9951902978568112,-14.830504036361008,-3.2622854522635825,,0.2783959022082655,0.2608695652173913,False,3
0.30053551691953506,-0.90218249518662519,-0.3094271294646635,0.95354319028603018,0.29129667505261114,0.076822076009650964,0.020827561764326784,-0.3181398945151761,0.94781497149434457,0.78288705572244099,3.423941883604817,-1.8431224411745533,,0.1191412994496866,0.3397129186602871,False,5
-0.81078319449072356,0.5647760103483076,-0.15381374992654634,-0.56422633640719655,-0.82401376732370257,-0.051477689978406842,-0.15581801191111094,0.045048522684412076,0.98675801378454553,-6.7615057718165659,-2.590651874098898,-3.5636122626090554,,0.07622072789925152,0.2040816326530612,False,2
-0.97339502370548669,0.08426073452538696,-0.21307805246584641,-0.054268052026606693,-0.98824989059542501,-0.14288853091612791,-0.22261425460790515,-0.12752365410140182,0.96653019160810183,-6.965277966526652,13.462187198768833,-4.3677521644743553,,0.6144379822390188,0.4155844155844156,False,2
0.32289477084418777,-0.86109350515500038,-0.39275557582465237,0.94542921995815754,0.31259209879684474,0.091922629526648841,0.043618310499024843,-0.40100393408252055,0.91503731499843877,-28.848565947730361,23.137106542089946,-10.008759782803951,,0.32083723640377,0.2631578947368421,False,1
0.96962375849047178,-0.1204701463852014,-0.21287722001364659,0.13833565639329015,0.98783209568412145,0.071070365881667374,0.20172509298807603,-0.098360025245241997,0.97449078615075013,-11.646586928673916,12.898774789371069,-5.6117165060159158,,0.08400043613414669,0.2,False,3
-0.041000685247072594,0.98501040288299879,-0.16755133548122531,-0.99895078965132811,-0.036987433001118418,0.027004622844537807,0.02040254063244188,0.1684827469275694,0.98549342987332078,6.1455389644562866,12.206280053323225,-0.88546999086456313,0.2029088870082128,0.2113027623257831,0.6071428571428571,True,5
0.91203373358368844,-0.34975189141387603,-0.21416835260563802,0.3691455297754927,0.92761304967210412,0.057145497852314264,0.17867861274413191,-0.13117791174749766,0.975123740259357,-7.6789509679801631,-12.907204946569243,-3.3064094116338234,,0.07485624872275608,0.34375,False,4
0.8644861226245909,0.46649852867025826,-0.18719739992314416,-0.46404821921667488,0.88381113022980018,0.059473828897736392,0.19319159927733451,0.035454320334884243,0.98052026860144947,-11.697988111662069,10.208290413883745,-5.5177421059679439,0.1963331418392262,0.1668259926571092,0.3608247422680412,True,5
-0.53137427370230506,-0.78823866307717294,-0.31035655507441651,0.83437614448704833,-0.55033168581613656,-0.030846152072802585,-0.14648491648725109,-0.2753449574934701,0.95011963647987163,-1.2206629549141379,-1.7850750556755619,-2.102647755626784,,0.5672059966974647,0.3014861995753715,False,3
0.94335094622316973,0.30996873312018075,-0.11835698858842772,-0.29611089800225426,0.94743831348375218,0.12115683318477349,0.14969077574837286,-0.079246619050496875,0.98555194942981905,9.8341665459964656,-6.5833829654788341,0.75112959825180081,,0.1518779986332945,0.125,False,4
-0.43113198731492197,0.89204528959250706,-0.13557437379425241,-0.89903592286097356,-0.43744810005596169,-0.019327937369142626,-0.076548147720255214,0.11355334021175753,0.99057862888684878,-5.8370992422013268,-15.431643853795293,-2.6783123137956895,,0.2475435646332035,0.5606060606060606,True,5
-0.86121251831262691,0.47390156660903432,-0.18365811571265939,-0.47886383424556733,-0.87767877869043076,-0.019219513212017467,-0.17030098811591088,0.071395144106415773,0.98280227250692065,6.2568269256235274,1.9581728040813344,-0.4493382979466603,0.8588064532259966,0.6082277903214424,0.863849765258216,True,6
0.85846995609119259,0.49918613404300793,-0.11765431597685005,-0.47466608967637347,0.86021766249724751,0.18632680010967773,0.19422007568767286,-0.10410944581048766,0.97541774921974156,-17.823366031470499,26.403028812881143,-7.5104869741044666,,0.3499875643987718,0.1875,False,5
-0.86917835460179793,0.49083093039957099,-0.060116434149097814,-0.46269278995545338,-0.85013694736633405,-0.25136139887797104,-0.17448315109187534,-0.1906624464485418,0.96602456568107387,7.6706894463520401,-4.042721366624054,0.16566810497400344,,0.4047003023121673,0.1764705882352941,False,3
0.72480376920648559,0.66497382856190357,-0.18019240680948792,-0.66741610258577033,0.74259035134714446,0.055815016754864062,0.17092466806547388,0.079808379346089392,0.98204652661310254,-0.0067648704912196544,6.3057251194089918,-2.1846611862200613,0.1681031278891176,0.1398716066811323,0.3190184049079755,True,5
0.45578222944757929,-0.84824003738767861,-0.26972467127117417,0.88776187707690069,0.45512418250435643,0.068853671715014247,0.06435377944372675,-0.27083356046156848,0.96047268238040906,0.27935014422988785,18.325056163188037,-2.7267359592176259,0.4057104841602606,0.28421787088634,0.5,True,5
-0.90613211009910821,-0.32469947455566911,-0.2710993365366457,0.35015008532289338,-0.93535460058080888,-0.050066844524959228,-0.2373173335340418,-0.14029263129469155,0.96124838663516332,6.9340213090722775,8.6182913345192826,-0.52361231587940182,,0.1212904848219444,0.3888888888888889,False,3
-0.10894939468593384,0.98862259911692407,-0.10370817669241966,-0.99399625948084191,-0.10729207206706473,0.021444053013620741,0.010073010258299851,0.10542185630529038,0.99437657186675665,1.4904138386875778,-3.2239653774441743,-1.3944522453270363,0.5601430280813928,0.6201556188156043,0.3418079096045198,True,2
0.08224143923845012,-0.96549748740116015,-0.24708489936463768,0.99660723051239419,0.078872148665685635,0.02352046460580479,-0.0032208325636787702,-0.24818095411796365,0.96870833600764117,-23.478104280399045,13.183223036934457,-8.4592309727173962,,0.109427444937612,0.2,False,3
0.95318197877394306,0.20615435956149072,-0.22123402851817667,-0.18755028839757901,0.97691625987900343,0.10227174832770225,0.23721088647567326,-0.055991081591727714,0.969843283278084,-28.708908925672713,-1.8479271891829845,-9.0930771000687241,,0.13685021817629,0.2631578947368421,False,2
-0.025241519516232835,0.99610894376299819,-0.084438367155439634,-0.99947401950809311,-0.023425796335627025,0.022425797519353648,0.020360501488149992,0.084960015427299113,0.99617631258615336,-5.4946618020596878,12.377998427414656,-3.9656631381376588,,0.08657772123972202,0.1538461538461539,False,3
-0.72705691837260955,-0.64832423040233556,-0.22597329426226884,0.66560971575670635,-0.74629990024937287,-0.00040642102742727976,-0.16838035436712737,-0.15070551138227853,0.97413341237337969,4.9161491432376678,10.001006760852301,-1.0676081248585303,,0.1248919241456327,0.4418604651162791,True,5
0.80838597693908332,0.55725007660179504,-0.1896957153325726,-0.55562156413424457,0.82875051352597184,0.066762742599845645,0.19441396492345603,0.051428965162939544,0.97957045269087739,-1.6155849397362261,13.479290199285675,-2.9760867439662126,0.1094247643490718,0.1212628915007582,0.3,True,5
0.46902087714975388,-0.83330423501332795,-0.29261488121168455,0.87928279670195753,0.47169283567840342,0.066088063927246962,0.082952879526032128,-0.28828791282070731,0.95394386580124346,-12.845004590585145,10.892289677310515,-5.8829011851071291,,0.09843012114163706,0.4761904761904762,False,5
0.54725390443451349,0.8318685993874797,-0.092237722404086023,-0.82627990545192043,0.55453021460527452,0.098781369378007938,0.13332172338950021,0.022155686469645858,0.99082513271995343,8.9943961732441515,-5.400730546289382,0.50738965864455787,,0.1185881674997315,0.4166666666666667,False,5
-0.11266071846886265,0.9840012432725499,-0.1380185340892891,-0.993632843272935,-0.11173004818290758,0.014497210158821185,-0.00115554464366701,0.1387730145637896,0.99032354063985351,-12.659618237658492,6.9657053042075727,-5.6268596996692626,,0.08396360001911461,0.2028985507246377,False,5
-0.90489735994411724,0.38685921128806983,-0.17748441792940176,-0.38656941598431116,-0.92149158649412954,-0.037647611425959751,-0.1781147231188781,0.034542823597731254,0.98340324320503503,11.146390142042705,13.791342202201273,0.32012203286723223,,0.1271323125977037,0.1428571428571428,True,5
0.42540395983538787,-0.87079555261816677,-0.24646820585380358,0.90187915773901806,0.43052155187244651,0.035569343672606557,0.075136248191744193,-0.23741587755194787,0.96849793251917038,-17.815786069151333,11.651422679044948,-7.0886630515190552,0.4557244704496071,0.4247498320273637,0.8980891719745223,True,5
0.95275514552032492,0.23907343548215562,-0.18735401018207012,-0.22249617628800894,0.96922802079299464,0.10532091552445411,0.20676818957895557,-0.058659493319099844,0.97662990923982429,-2.1930495118743716,-5.050426381965563,-2.2348193595978181,,0.1414152206124178,0.5568627450980392,False,5
0.013620954502910159,-0.9199499473227688,-0.39179913733859051,0.99953331917407251,0.0018123086529048789,0.030493596019624633,-0.027342521085136115,-0.39203164407759317,0.91954530969524706,-0.27057340180663342,8.6522541088387772,-2.3822235828293565,,0.2746785831303388,0.2264150943396226,False,5
-0.96351141224774706,-0.13715548960369817,-0.22985676004834346,0.17001806079298271,-0.9768563841905531,-0.12979007539235282,-0.20673562216644129,-0.16413401944060471,0.9645311846642004,-0.97920333058845355,4.2115195558690326,-2.3331165734924242,,0.1042358583372571,0.2417582417582418,False,1
-0.25091199899140787,-0.93621106314153013,-0.24607318832725478,0.96483919385100603,-0.26243279424402549,0.01464098747400186,-0.078284728849734864,-0.23374745721970527,0.96914066444053704,-2.922468397363482,7.5152484297193949,-3.0092043037230174,0.3880999193634315,0.3278681970431488,0.8167456556082149,True,5
0.046246086053651457,-0.9166439322467167,-0.39702040375778447,0.99880420525652513,0.036122021403905594,0.03294478914148171,-0.015857461543360787,-0.39806921639957515,0.91721831636117512,-21.114684164787096,3.9810385647104907,-7.56039445963326,,0.5184993170797825,0.2545454545454545,False,1
-0.82734019507795231,0.541347360610832,-0.14983736772934853,-0.52769000332660065,-0.84049415879434053,-0.12293424836783619,-0.19248756322824179,-0.022640763950858095,0.98103819182036633,-19.136765643588671,0.76986316521829878,-6.9341922117082344,0.1218160281736294,0.1280342135315301,0.2244897959183673,True,4
-0.26359583414793791,0.96389951197234547,-0.037616047630318949,-0.96406473638138346,-0.26457867708585964,-0.024027228250256778,-0.033112237703699123,0.029930827769543561,0.99900336599196871,1.4650812428675855,-9.8402232175275479,-1.2027621450475501,0.2872472440083187,0.2202844261159764,0.3111111111111111,True,5
0.85895211893458967,0.50371805317041574,-0.092029236050218455,-0.47661672179053133,0.85218503142186441,0.21591010335360872,0.18718375433628834,-0.14159376797982617,0.97206658567294135,-18.962388784335243,7.8012812563686182,-7.1233753492820302,,0.4605145737083259,0.5894736842105263,False,3
0.97606079408355473,0.099634368101411297,-0.19333473290128531,-0.065129896943651025,0.98200631047974074,0.17726167860560002,0.20751728308044184,-0.160426303550877,0.96498703532840913,0.057155362946922694,15.236735940361774,-2.5581961098998711,,0.08846321037013427,0.3571428571428572,False,5
-0.36792880309512027,0.91523318617980198,-0.1642455806655394,-0.92848189258285296,-0.37120134047176012,0.011442900756920662,-0.05049525719071505,0.15670922036413965,0.98635310576593582,3.6184088263607177,15.145545356891123,-1.6438450888932143,,0.08629099757426793,0.2352941176470588,False,5
-0.53193182631770786,0.83042672495227787,-0.16565019358679012,-0.8419949971164058,-0.53948485734102047,-0.00071661055129053353,-0.089960863608856328,0.13909544631213486,0.98618431331773704,2.1651042732770076,-10.516020285695074,-0.98805548302656587,,0.1413031858865751,0.4909090909090909,True,5
-0.97842863628791732,0.043024543499702778,-0.20205517154581018,-0.026888582898252498,-0.99627476274343385,-0.081936568333296239,-0.20482775154135827,-0.074736107586328732,0.97594062648367863,-32.984054152852657,25.963955105492058,-11.057438033366472,,0.2186078397163482,0.35,False,1
-0.84698746584764151,-0.46769133827840109,-0.25273908442571419,0.49626509926289669,-0.86606342088493493,-0.060457441714579827,-0.19061265422468007,-0.17663228216960411,0.96564375053379825,-11.842873448357947,-9.465110682985804,-4.4309090650946263,,0.0786417361888585,0.1304347826086956,False,1
-0.025413329094762661,0.99778796259262981,-0.061427554155850522,-0.999676412219765,-0.025297021514269404,0.0026704969436276323,0.0011106555454425474,0.061475543167630764,0.99810797213352853,-6.5166207223941788,7.0997386182138262,-3.9620967633995554,0.3089116027028589,0.1969812230843072,0.1904761904761905,True,5
-0.021369460706900677,-0.94385382648206373,-0.32967150374920612,0.99954772615626197,-0.027148332757846217,0.012934881689311188,-0.021158669262112118,-0.32924599050502629,0.94400709131416027,-31.971659096956937,-5.824708018077204,-9.471068859436091,0.7502142533661669,0.4620286418440736,0.9242424242424242,True,3
0.41431340116494636,0.91012388827688306,-0.0043489772246687597,-0.90014612093147051,0.41046787005176627,0.14578439089008152,0.1344669721052715,-0.056485711847624825,0.98930682690958238,-0.40736103088900388,22.265988699405266,-3.0841605066360258,,0.3259032579023711,0.3809523809523809,False,4
-0.97301214351385501,-0.099012989570693724,-0.20843175494834107,0.10089055074408868,-0.99489619417526265,0.0016308237585164996,-0.20752943247916925,-0.01944198322832761,0.97803555351685556,3.8913735351513052,3.989755602449665,-1.0242092518802421,,0.06702755939853744,0.2615384615384616,False,5
