axis_00,axis_01,axis_02,axis_10,axis_11,axis_12,axis_20,axis_21,axis_22,location_x,location_y,location_z,dbh,dbh_approximation,score,reconstructed,number_clusters
0.36382075765695704,-0.90023806328900802,-0.23917751922698188,0.92529194045825014,0.31976814796225533,0.20391948526758047,-0.10709473012675937,-0.29549917251059232,0.949321314321253,-1.7339394626146776,7.5356134264027101,-2.3294949669688521,,0.09701374631430698,0.2988505747126437,False,2
0.017992690594631607,-0.97804951414926611,-0.2075943423062161,0.98487370545351172,-0.018450609159097284,0.1722885931451299,-0.17233701689258674,-0.20755414448775239,0.96292327301531222,-9.591566778841738,-12.190983280969435,0.29394496442967272,,0.1180033928710901,0.5833333333333334,True,5
-0.51696546343641647,-0.83136374553708958,-0.20391427664710482,0.82445630081916665,-0.54765561714558153,0.14263636650051059,-0.2302575029256306,-0.094380334897865167,0.96854211820189806,-7.5933033647983041,9.7942430667149392,-3.3470184020304301,0.2359199425777315,0.1608478628542909,0.5673758865248227,True,5
-0.27584681371605313,-0.91510976934074539,-0.29407931824565248,0.93705818412666886,-0.32416452927530293,0.12976639596193612,-0.21408058044561123,-0.23977378509096425,0.94693085125537069,9.6856055548741793,8.5144321132853662,-0.73235858525438724,,0.1144824877290823,0.3103448275862069,False,5
0.9810997589687116,-0.1137202628703506,-0.15655978016156277,0.14683608136269033,0.96447691038540539,0.21959839376342244,0.12602550599615894,-0.23843655580913781,0.96294630208142473,3.5983822470816587,2.3736820667096876,-0.78601577136689549,0.1733198065181429,0.1323848500425393,0.584,True,5
-0.8770768560303932,0.4634862353513996,-0.12616139764456144,-0.47747885522647177,-0.8699004027394821,0.12364154692216685,-0.052441695505201322,0.16868253897032515,0.98427438736313055,-7.8925401333309742,8.0517247767382507,-3.2003883143345195,0.3551631873650681,0.164240942180614,0.5737704918032787,True,4
0.95968205203038426,-0.18844648612370299,-0.20856241482678678,0.25159127749629717,0.9067531943176208,0.33837918624314511,0.12534826723386683,-0.37720891620217689,0.91760625839139032,-14.357948482108865,11.636277413455357,-4.5922252644156467,,0.3820519840916582,0.303030303030303,False,5
-0.37634876137425305,0.91740083707511932,-0.12937277126944713,-0.92069181555026702,-0.35475197553078308,0.16271944148060699,0.10338370563497623,0.18035171191557331,0.97815390886010545,-1.1322249131549358,14.658947758816975,-3.1326235293314326,,0.08121488377013357,0.24,False,4
-0.952266980444887,-0.25094270977002336,-0.17382564358475872,0.23873443252528925,-0.96706693235956342,0.088246354392079729,-0.19024581120541356,0.042535923052664605,0.98081457297944574,0.73252423168090419,11.619250121707616,-2.5208516457970007,,0.1124883624059902,0.2272727272727273,False,4
0.98769638980384167,-0.0067503318896883126,-0.15623787821087876,0.045829790224655984,0.96769727433862851,0.24791453278409073,0.14951746351654827,-0.25202463819430243,0.95610047058173186,-6.1855792622932828,13.861412004625333,-3.6990877543054843,,0.07204054225507958,0.55,False,5
0.19735370948582498,-0.92551881798965663,-0.32321267131598042,0.97005357053335639,0.136747302917958,0.2007392473836381,-0.14158948989126929,-0.35315024096224479,0.92479042147971935,5.2130623242729408,0.25013683639003748,-0.15994850716414069,0.3650281710511478,0.2737038076588837,0.4066666666666667,True,3
0.33496719461941427,0.94155722736028125,-0.035594467750167308,-0.91723144096912423,0.33449147186521128,0.21633755787460321,0.21560023707431816,-0.03981761990705604,0.97566956236137325,9.8647912478271778,-4.580729804337075,1.7101203736643735,,0.1682588158461306,0.6301369863013698,False,5
-0.98495623623858519,0.10754944513372117,-0.13525653236036,-0.11745387144062812,-0.99078216638897043,0.067492865172456312,-0.12675093995047459,0.082363921816579685,0.98850917224103885,7.8398535279612274,8.337350409101953,-1.0060524085104492,1.154593931428647,0.4404268801067453,0.360655737704918,True,3
0.67246279009744692,-0.71598328673211298,-0.18751461024314769,0.7395270792256462,0.63976007108624733,0.20930062239684255,-0.029891387159902028,-0.27941901253136314,0.95970387120697598,-6.3347869932789278,-5.7281928305154581,-0.75004287556301996,,0.07541027225581416,0.3333333333333333,False,3
0.57596761454481749,0.81719548396811736,0.021280225037984574,-0.7816192560134273,0.54289497440153045,0.30714228852207603,0.2394423638886175,-0.19353704490788412,0.95142564955111153,-16.951089582700494,15.728532846621839,-5.5470061332107603,,0.3356688062779258,0.2424242424242424,False,3
-0.92439778696008545,0.36882388337615618,-0.097250575908977718,-0.3724351999624938,-0.9278119313587424,0.021378537303976403,-0.082345329510504023,0.055981810257367315,0.99503029281932642,-1.142247208802206,1.7939044652285732,-1.4505924578562648,0.3960235835775264,0.5312999553475982,0.1987577639751553,True,5
0.98433555809079376,0.10084544505020897,-0.14461571591881017,-0.064026319809926943,0.96872677739151891,0.23972705549486586,0.16426849804415228,-0.22671265288304226,0.96000897577733646,-6.2383582731117615,20.548266633463314,-4.768716355156065,0.226723753274512,0.1680558382126254,0.4516129032258064,True,5
-0.3475119901638023,-0.9214921325884452,-0.17345796686804035,0.91151604696864241,-0.37537711519905131,0.16801939621216214,-0.21994070294298559,-0.099720965510964862,0.97040291437449211,-13.756736066216064,9.1473041874792429,-4.1012553945638928,,0.06972841014960209,0.2588235294117647,False,5
-0.82283731613670197,-0.53255022954355757,-0.19831541590621102,0.52385379952908429,-0.8460908056947688,0.098526875712767512,-0.22026336030282312,-0.022816694148831182,0.97517354895230157,13.183363507282863,20.164628161710354,-1.6571504421263905,0.5397932712890395,0.4824542645560235,0.4193548387096774,True,5
0.97915025827152669,-0.1288599344432961,-0.15703467458517767,0.15849644530349555,0.96814949157064645,0.19381805591238127,0.12705765837980509,-0.21466643721543502,0.96838766626814954,9.2059017863663897,9.392245231319782,-0.90082959026996434,0.1922676111840365,0.0907086221253204,0.3928571428571428,True,5
-0.94438063376972747,-0.28426720358966928,-0.16534018121436336,0.26547509273147923,-0.95573536443432183,0.12685774831994912,-0.19408295571714024,0.075908300816871388,0.97804383141411133,11.367396861342508,5.6179672791796627,0.026642685574184012,,0.08004746546192894,0.2631578947368421,False,5
0.50769897027797095,-0.80614200909609879,-0.30393554703126513,0.85807179659910715,0.4415489241315933,0.26219713857976013,-0.077165714276933611,-0.39391573815822462,0.91590165616805841,-8.5486418148039061,-4.6689456024390212,-1.287624037431619,,0.0865343338898823,0.1836734693877551,False,5
-0.84923830199379446,0.5148131953047792,-0.11731018867421439,-0.52643886804905593,-0.84267510440648674,0.11296365176792604,-0.040699196969045892,0.15768970275068644,0.98664965059157395,-1.1248369607184989,-17.316441296537537,2.7342221271147205,,0.1768761377801328,0.5555555555555556,False,5
-0.84111053817984371,-0.47877896462230579,-0.25160239585108507,0.49007193026192669,-0.87145283728766532,0.019986384180901762,-0.22882868205747819,-0.10649251343859928,0.96762429633064018,-13.027625788010766,1.1341296667717682,-2.8285221047717695,,0.4108449844039745,0.4119318181818182,False,2
0.96227898991925376,-0.1701894354809497,-0.21226092813011188,0.25129441456697854,0.85497956707570322,0.45371913899513067,0.10426055230728618,-0.48994438044916777,0.86549652876187833,-18.245859685602838,-5.0528571605632937,-2.3547292313110462,,0.2124813952169082,0.1875,False,1
0.8457547634313678,-0.48123796210819841,-0.23045369157186424,0.53115506991361194,0.80040760290123603,0.27788839652451097,0.050726441213805998,-0.35743208172161328,0.93256052624906682,0.78413531579722706,15.38893789923482,-2.9222082796417075,,0.2784315823768381,0.2692307692307692,False,4
0.10443030028379978,0.98913637718121161,-0.10345791279290253,-0.97515004434496755,0.1222769228562663,0.18474508153347727,0.19538859587151924,0.081594003907340534,0.97732579784313756,11.561724900383103,3.8572400841653796,0.36220051519559143,,0.1190227894752734,0.4230769230769231,False,5
0.98982025390374218,0.0046290125925127473,-0.14224780210727447,0.032232472968426233,0.96621089771015622,0.2557294836980557,0.13862515157168137,-0.25771122092092302,0.95622591157277048,-12.316641691346998,16.740521888770274,-5.1048160851527058,0.8866713357833874,0.9182227336566969,0.8947368421052632,True,5
0.98569675373998411,-0.066182765173680422,-0.1549895198406129,0.099067827342591772,0.97153455477684425,0.2151886950101673,0.13633589128353799,-0.22746527310454634,0.96419503954303687,-11.915721756192077,13.213251272639834,-4.4537591169217619,,0.0670418959328719,0.3333333333333333,False,2
-0.43185328425872771,-0.87925350845767303,-0.20103733170688431,0.87285314892531496,-0.4635632857121898,0.15243510275156733,-0.22722262494327605,-0.10964646827231606,0.96765052095748683,19.692798462497052,6.3411511476982838,1.5320573084027278,,0.1172926856781296,0.55,True,5
-0.38891770421220717,0.92126443797964153,-0.0038541749264829894,-0.91061397261912713,-0.38378028231575878,0.15328042202594039,0.1397326455096301,0.063123135375980535,0.98817521602152514,-2.6996926567207553,10.46303025033539,-2.788865378590534,,0.5237783461042986,0.782608695652174,False,4
0.5329410338470898,-0.82509157690988422,-0.18761061844777077,0.84298943130247783,0.49858039468805776,0.20195645259566514,-0.073093591745923503,-0.26578464919001704,0.96125743019267162,-7.5383731282988995,-7.6355602321176343,-0.46627298622889052,,0.07415948030928732,0.2444444444444444,False,5
0.95934428872436606,-0.23225407048307936,-0.16036390627564148,0.26297524083075069,0.94187459106908367,0.2090843786810884,0.10248199062250221,-0.2427556414225813,0.96465907975593224,-4.7533222958556625,13.307065657651304,-3.4465677785438862,,0.0878279621176016,0.4,False,5
0.75787288965021016,-0.6300357955968755,-0.16936227265791087,0.65240221471055526,0.73181785101634034,0.19701264724526657,-0.00018268553006223209,-0.25980286603584168,0.965661657841689,13.60295508785137,-3.69195047071653,2.1690133624303938,,0.1344271946697592,0.3225806451612903,False,5
0.049536479649766332,-0.95683425068606709,-0.28638148316178019,0.98191160028535729,-0.005808202800285038,0.18925082299762916,-0.18274503114710805,-0.29057611996560112,0.93923893237917866,-14.999330832153232,-10.01125298219004,-1.0315140227168436,,0.1205066149434725,0.2121212121212121,False,3
0.91193652991248308,0.39805909927523631,-0.099602805660106986,-0.35443809305046875,0.88646401946542919,0.29758222458329264,0.20674961573343908,-0.23607307274948058,0.94948622987207776,-10.465174780173868,15.062258801323132,-4.5389983668315059,,0.1322722527125798,0.5,False,1
-0.51138137325934696,-0.83454256521485082,-0.20500682410105453,0.82468657040443172,-0.54365764014601792,0.15597573819488444,-0.24162191886904799,-0.089303287484162816,0.96625243656435855,1.4537387173442227,8.8524250150783725,-2.0157109819208188,,0.1305541251953689,0.2950819672131147,False,5
-0.13474006137982003,0.98302539026252578,-0.12452388509266692,-0.97847684542106383,-0.11217616109890306,0.17320384480708614,0.15629516574163946,0.14518123494557528,0.97698220566470495,-0.44233880684013283,11.775190576417812,-2.6813784123934972,0.367699497445136,0.319156685964831,0.9140625,True,5
0.28639479211721097,0.95755512299868073,-0.03265286307692386,-0.93373690979028079,0.28658504864275508,0.21448634732711161,0.2147403230495756,-0.030938589389476134,0.97618102693258313,-2.2613980246707754,19.363732506297023,-3.988945475294996,,0.6167332911671589,0.7083333333333334,False,1
0.89641152258158496,-0.38644972121052118,-0.21703224451513173,0.43813101032034735,0.84661957987268466,0.30212001716515158,0.066989551264635863,-0.36591242115089517,0.92823515343303675,-4.0329253537414038,-8.7533191687625465,0.36534279212508575,,0.45206822527354,0.4761904761904762,False,3
-0.87763403175718235,0.46118692257668209,-0.13063356668897824,-0.47648197422280958,-0.86906459409560155,0.133009997857989,-0.052186536025760524,0.17897864043985237,0.98246791892862084,-3.1294074961511962,11.624603464277417,-3.0286394575560456,,0.08984232200201792,0.2465753424657534,False,5
0.29194184144460417,-0.86114004484744189,-0.41618239315723193,0.94901097279260738,0.20669767382503218,0.23802152246078828,-0.11894593197400477,-0.46445009935995019,0.87757505119013568,13.900442022058431,-4.986642581798189,2.4645157376711104,,0.4084233570035272,0.1612903225806452,False,2
0.3638956792071843,-0.89901113715766645,-0.24363684023731147,0.9232199252538541,0.31345359589917482,0.22228768034271421,-0.12347025661514532,-0.30581991185067736,0.94404940402874771,-6.2901073331258752,16.46615623769787,-4.1585634333096992,,0.2384811924279014,0.4,False,5
0.22746253874316349,-0.95296264848451595,-0.200307224187977,0.96342737899611053,0.19030579807939899,0.18865680114442906,-0.14166325871304969,-0.23589381893288486,0.96139774667931233,13.427804895041582,-15.070572848582881,4.6347003153177475,0.5829871340157179,0.6976816413943625,0.875,True,5
0.11133100569101009,-0.95648157805979395,-0.26971910945291333,0.98114347128936874,0.062639816758014721,0.18284895980772781,-0.15799650603122206,-0.28498990190665824,0.94541940951789072,9.4799841118884274,-6.0583348133479076,1.9515043396674623,,0.2691638468159104,0.6,False,5
-0.9572562709533895,-0.23433215023732354,-0.16955493235398647,0.22260345144226354,-0.971158754452215,0.085430539368633845,-0.18468387890231319,0.044035406390498209,0.9818109532173801,-9.3741715300043911,5.734977406433261,-3.0601493707960392,,0.1548533795099503,0.5691318327974276,False,3
-0.63967169933985135,0.76794578672365477,-0.032854006103573974,-0.7674201563520936,-0.6356508379288941,0.083751512612149123,0.04343294473317523,0.078786298895693788,0.99594492740217477,4.0385613371049116,17.661357720899989,-2.8159704072262284,,0.6636630845471769,0.7222222222222222,False,2
-0.68554541163388194,-0.69496149971930221,-0.2169239555596173,0.68923520789013293,-0.71550198563476253,0.11406899998404002,-0.23448308423504244,-0.071312148057758692,0.96950103700151435,11.714771789902329,13.431563002809312,-0.98917201271288502,,0.1169496502329058,0.3333333333333333,False,6
0.074591651775537254,-0.96130000553902628,-0.2652138473686152,0.98187658439073178,0.02433384331138334,0.18795275229398778,-0.17422530961540886,-0.27442697283678791,0.94569306758009464,7.6602065326994309,-4.6059339667640007,1.2820787194569851,0.2623266666644014,0.1459650595810028,0.3703703703703703,True,4
0.60280073725529859,0.79003914356017002,-0.11166656978335576,-0.76320744507559446,0.61173705396735045,0.20806771153768649,0.23269221505166801,-0.040198612489229707,0.97171930340417179,0.91076062334654684,-2.7102390691947811,-0.34311314206157467,,0.06351443203648968,0.1,False,3
-0.88226047987767675,-0.43641182559140507,-0.17652525068666147,0.43502910566445308,-0.89910615406872996,0.04855719246953237,-0.17990587225212443,-0.033953530003729263,0.98309767313807039,14.663774941108127,9.5786604941553861,0.015009249430633845,,0.2464179884850791,0.1875,False,4
-0.98671607959528351,-0.050684660486908562,-0.15434520873496888,0.034403249802207519,-0.99372926623840963,0.10638872978054981,-0.15876962767217542,0.099665493590303092,0.98227236279773222,-13.136143860223578,12.615519493076663,-4.590161104397211,,0.06419872649580492,0.2352941176470588,False,4
0.93649121661516543,0.31401131497254969,-0.1561444692323648,-0.28206296585138352,0.93901683130057279,0.1966923329195944,0.2083859028287853,-0.14015807006177522,0.96795197757884155,-11.457011742733808,-8.3563526673226285,-0.82898499768005751,0.7885192453353437,0.6036252587893247,0.7419354838709677,True,2
-0.84395953783566435,-0.49302769188105577,-0.21131964777239742,0.48935966351956445,-0.86901287556283857,0.073100901677233279,-0.21968026360196763,-0.041717108534085223,0.9746795702379959,1.3075029529997526,17.735834796237512,-3.2493645843043901,,0.07364887373839059,0.2,False,3
-0.85464584272767186,0.51228197889785632,-0.08454382061869184,-0.51705860517927904,-0.85455598878950423,0.0488309413594845,-0.047232216953766698,0.085447270994989999,0.99522252866439009,4.0913951045214798,9.4702880182920897,-1.6992459117927858,0.2324317232071074,0.1777837945100641,0.4578313253012048,True,5
0.66656573038290012,0.73975860893609724,-0.091909344378268587,-0.70839370751625574,0.666988836929721,0.23087712438115954,0.23209584707720718,-0.088786777822321181,0.96863224489660948,0.5138046605276142,4.9946688175319736,-1.6032496159450109,,0.06823134939124607,0.1818181818181818,False,5
-0.29318309011933025,0.94595490134159788,-0.13861096744446119,-0.94769164763955638,-0.26841103081572087,0.17273117706617339,0.12619119090611791,0.18200231637056416,0.97516713448180015,-2.9488665089851387,16.000178900482986,-3.6038953428161866,0.3509445721989207,0.3453903265417905,0.8531073446327684,True,5
0.9429855296758195,0.31305176709121568,-0.11303487047403279,-0.27668965797533723,0.92608364394030318,0.25653833552851385,0.18498952400475296,-0.21063635855976209,0.9599016618702032,-11.675388493682938,-7.6469795604387434,-1.0353661619486016,,0.4435188571448175,0.2058823529411765,False,5
-0.76016407203323144,-0.59853802835661951,-0.25279005558136058,0.6050745437598829,-0.79388982873133962,0.060197477776851471,-0.23671793359107013,-0.1071968677149458,0.96564664938500067,-22.808893410973084,-14.891551485921669,-1.1143259485218662,,0.4270238043486391,0.68,False,3
-0.78672491462596805,-0.59077991305966449,-0.17900559497395227,0.57354113739075374,-0.80678236993777863,0.14196045674096036,-0.22828594443654215,0.0090167556691263528,0.97355237439488551,13.754420271702376,8.4226327220517554,0.067127196412732432,,0.1056103347602253,0.4285714285714285,False,5
-0.81965181872126125,0.55920827195441147,-0.12432620256683896,-0.57189740371817366,-0.81135791147735326,0.12096156043769084,-0.033230342871270552,0.1702481954702299,0.98484074664475019,-3.0043219075074061,-13.933577399135412,1.6818031178682156,0.2530536619444717,0.2111414769372806,0.1428571428571428,True,5
-0.92738536698885943,0.35320473024323629,-0.12329963353044432,-0.36589762000986736,-0.92502243376621229,0.10223711997287928,-0.077944292709947405,0.13992825148281107,0.98708903938343362,13.088699487341453,-4.883888329557875,2.3105093847634728,,0.0892255389597067,0.4166666666666667,False,1
-0.44210376321692973,0.89289973935905476,-0.08528961250915687,-0.89210285621417695,-0.42782937291820816,0.14530836728461727,0.093256401838894928,0.14032848292825628,0.98570338357698539,5.8334494121871341,-5.1918590982933503,1.091568047829808,0.982916873402341,0.9290264903846565,0.9740061162079511,True,5
-0.6334778146300224,-0.74584611211657825,-0.20595979076546991,0.73781628869775517,-0.66244427343822354,0.12959440080950832,-0.23309436394696947,-0.069865310630450636,0.96994116103332184,-14.227960633529488,-0.029629098964053011,-2.7374202248092132,,0.07312089375075956,0.3070175438596491,False,2
-0.28668779156569035,0.95731258445113165,0.036915116398061942,-0.95023308417014829,-0.28904934395574655,0.11622203967940284,0.1219311113525809,-0.0017585250204824043,0.99253700771007858,6.3980960615120894,0.94235456274442808,0.015258771542945863,,0.3569355625445754,0.4347826086956522,False,5
-0.38812238852090741,-0.9020127438958595,-0.18903444495193988,0.89349532749087845,-0.41855736931702919,0.16271394636716113,-0.22589181322215551,-0.10574846778970458,0.96839565792052984,6.4483660375214331,-9.9915673715412598,2.31484985827398,0.1776842357496403,0.1078626771385282,0.4230769230769231,True,6
-0.22143572697409505,0.97207410253652815,-0.077705585367197003,-0.96486358002965211,-0.2068404600705801,0.16203486047809326,0.14143723255146917,0.110855596410806,0.98372076627089033,7.6595962789242122,0.94683920749063755,0.23219651277225239,,0.072680057000865,0.3666666666666666,False,4
0.040584506223718189,0.99312736033866722,-0.109776791724516,-0.98186595489968032,0.060002127970163417,0.17983045139239143,0.18518138260504513,0.10048776435866663,0.97755310073196577,3.5496152860100478,5.8496644534127045,-1.2523581291069568,,0.0638271043697949,0.1875,False,1
-0.96682800138966529,0.2163933343388455,-0.13571123970615556,-0.23493735809590466,-0.96187408179339884,0.14000960161725517,-0.10023997954799094,0.1672488434274583,0.98080567436796351,6.7335829097502886,-7.3640598748935595,1.7153530476472407,,0.09138329440742873,0.4761904761904762,False,5
-0.012922349284417765,-0.94870299415312331,-0.31590448204143895,0.98337191976104532,-0.06929098372736564,0.16786431127422341,-0.18114270704184293,-0.30848239570353497,0.93382328693739469,-20.26104645431198,9.8146526890861931,-5.0919449913112826,,0.5442620513587488,0.2777777777777778,False,1
0.43654209244467401,0.8913052022319734,-0.12249913468367291,-0.87167483921284294,0.45272247962862533,0.18768412591952247,0.22274194981478421,0.024847392481544925,0.97456073739894622,20.063406773780549,-0.70716352303318708,2.7565023410536149,0.6643575680956841,0.6694749816277944,0.9829059829059829,True,5
0.046108354819843433,-0.96084214236635701,-0.27323322833915775,0.98311188239131564,-0.0048457388652633718,0.18294137179942324,-0.17710179648104235,-0.27705395912652203,0.94439189821572922,-5.7412795673030077,-12.494011418268283,0.94777495592134176,0.6134488452104714,0.5446549475267464,0.7931034482758621,True,5
0.95480797135879847,-0.2321723429300496,-0.18557408495818964,0.28038381032121934,0.91075306179294724,0.30317285390438309,0.098623814261325382,-0.34150382664495188,0.93469164950126948,-8.6108828409808371,5.697534568903885,-2.9565584007647918,,0.0976668972108659,0.2121212121212121,False,3
-0.65702037669504243,-0.71734545546357786,-0.23181829551020583,0.71593919755438495,-0.69004264144098104,0.10617070404936499,-0.23612558102138864,-0.09621148849751035,0.96694780596907381,-16.184585783565876,7.1265287636547967,-4.1261979894988654,0.253419427667691,0.1678943640453495,0.4956521739130435,True,6
-0.38865143474490099,-0.89455586245275587,-0.22072578286674605,0.8952896884046263,-0.42325741442564979,0.13895875276520922,-0.21773019107849712,-0.14360699873307556,0.96538624073880464,5.1177946505846279,-9.4932313648939939,1.9579849337020294,,0.0728566053276303,0.1666666666666667,False,6
0.98400367113728404,0.1122015972484575,-0.13837476924368586,-0.067064053339299309,0.95290437184223864,0.29576286256670697,0.16504298815172963,-0.28175176964633974,0.94518609403815534,-4.7436062948014541,11.08883322616564,-3.133756888046245,,0.1373951326400511,0.3207547169811321,False,2
-0.66982200974249817,-0.70490907733952468,-0.23332738362408803,0.7027797916495413,-0.70328362525358457,0.10720404329690564,-0.2396644314735705,-0.092170142315813927,0.96647070579088645,4.6021995512014797,-19.791659733733876,4.1742028057268792,,0.2278575776857843,0.7142857142857143,False,8
-0.98626510450692984,0.074689359479126902,-0.1473181700013044,-0.091954183619645122,-0.98920524823960077,0.11409384282280641,-0.13720631088539637,0.12607329787004243,0.98248661660981007,-2.8442249772019093,-10.383087653884571,0.9168587108130315,,0.06990158124742572,0.4210526315789473,False,3
-0.79649014879521407,0.60443099351593577,0.016328409276987921,-0.60448767173256179,-0.79535534202845259,-0.044772029551384346,-0.01407471475818875,-0.04553080258618869,0.9988637787107576,-12.246893202500607,10.934986187968248,-4.1801670786428868,,0.169853771633496,0.25,False,1
0.97961535684267886,-0.12730006684085446,-0.15539770146402923,0.15727786867347524,0.96727945247400549,0.19908323095408018,0.12496969498049756,-0.21946560961549436,0.96758328919663505,-1.4515392694828626,-6.745861516495359,0.32151846205159751,0.6373064060265748,0.6122177107181257,0.9829059829059829,True,5
-0.13125997086895264,-0.96413759420052714,-0.23067188709659098,0.97196910556181615,-0.17094447723815007,0.16141264986096848,-0.19505608906375041,-0.20301892806089844,0.95955012217609492,-2.0918713321384881,14.320158213966218,-3.2094588197852474,,0.07803661107523667,0.2972972972972973,False,5
-0.94113362772964559,0.3217505957009773,-0.10365350414965924,-0.32645655819967639,-0.9446797949475978,0.031720665601248282,-0.087713227992466933,0.063691751301335309,0.99410751453316704,-2.4389900544561161,8.8475143644695802,-2.570419807974905,0.3783886441921289,0.1556421293916977,0.2,True,4
0.7030530276177589,0.71060992795279576,-0.02738559205906238,-0.66539780016696393,0.67093340516689537,0.32725240008916612,0.2509227129824399,-0.21185347796549642,0.94454004466907349,-9.3775015898584595,-5.8969233283329308,-1.1368768682003036,0.4431537384216298,0.2757578644113392,0.1842105263157895,True,5
0.46585921511013706,0.87872443690931834,-0.10401228617508676,-0.85488458139332368,0.47729383547052379,0.20337882662115631,0.22835836790651837,-0.0058274008132009614,0.97355970397651193,-16.927875418671448,-1.214615551559606,-2.86995668026873,,0.08091740010658355,0.1304347826086956,False,1
0.73132547077377275,0.68057941832943214,-0.044437722082628653,-0.64239529346381252,0.70925099455743457,0.29032966375283437,0.22910989226365475,-0.18377889450549906,0.95589433265464785,10.564116801009703,-7.9963979286963163,2.5593694903892397,0.8530656848044875,0.4854731735354855,0.1111111111111111,True,5
-0.97094993543999375,-0.17195693717232508,-0.16639421452498093,0.15771193710929146,-0.98286279741854432,0.095434094242196899,-0.17995323770998731,0.066419373746721563,0.98143023136073526,-0.042188013316760184,-12.278744504777476,1.8292799675942155,,0.0839961121992702,0.1111111111111111,False,5
-0.30865278745371749,-0.93586881690837331,-0.1699500348207478,0.92595064709370423,-0.33650740431786774,0.17140060089160358,-0.21759792265507016,-0.10446207147943329,0.97043228495265188,-0.56040982034032027,-9.9628250646277206,1.1376714360569844,0.8261045713295814,0.7240383881859384,0.98,True,5
0.59214803143941186,0.80255372097388666,-0.072582599935525904,-0.77756434550949971,0.59270200609059165,0.20999528701514794,0.21155235157004298,-0.067910654003329129,0.97500448492200675,2.8313504518692385,15.293715901948236,-2.6364283109767275,,0.3141604149983091,0.8235294117647058,False,3
-0.93032692027253483,0.35356220255411702,-0.09739399540681612,-0.36196112899489541,-0.92794783210894249,0.088864852338004771,-0.058957293975911901,0.11792620493086428,0.9912706228258974,5.2053320277230197,6.1687223889520189,-1.0441820369899539,,0.09022899084142813,0.1935483870967742,False,5
-0.69723549271310981,0.70900378001917286,-0.10571805720704407,-0.71681052566515735,-0.68819582445151095,0.11211234322386945,0.0067333495935166937,0.15394852102579626,0.9880559269986805,-10.810500167940244,-6.0415911195857461,-1.2503073624526353,,0.1246548281717901,0.282051282051282,False,4
-0.46906659242634619,0.8830984502309267,0.010661100753280361,-0.87912316991561856,-0.4680403033024283,0.08989286179717175,0.084374071770008358,0.032793317677638198,0.99589437910284584,20.284757895249058,0.94823656089522335,2.6088449857490295,,0.247505711984568,0.8333333333333334,False,5
0.78417708955829568,-0.55183049123661054,-0.28381226392360426,0.62036173563038455,0.70802761508361667,0.33741400866689364,0.014751582204545519,-0.4406586039334382,0.89755355584048313,10.524910928850488,8.5971555984132113,-0.57321279586505103,,0.2884113917662796,0.2608695652173913,False,2
0.09387338421966647,0.98792025044808951,0.12329382178248724,-0.9852856034637526,0.074420714678725353,0.15386304570551601,0.14282880431557507,-0.13592327240503213,0.98036972447974502,-14.63585291871882,-6.2678627582057338,-1.6809628837292832,,0.5158158345157831,0.303030303030303,False,2
-0.29227194893218472,-0.87278611222414293,-0.39092391865431836,0.93234997613444714,-0.3510234624097518,0.086637467876001198,-0.21283944622526613,-0.33915620464106988,0.91633642238207824,9.2810725418030717,6.3091091287932217,-0.44049382568624085,,0.3962087659763662,0.1875,False,5
0.42603490932377497,0.90324777960729941,0.051358589076881012,-0.87938454370274,0.40010570531005013,0.25806636525334459,0.21254900690007511,-0.1551092299408143,0.96476113440216937,-4.0467559030483482,12.542217593091499,-3.2776691588600881,,0.1852004708065376,0.125,False,2
-0.67463685983982302,-0.7120503893436777,-0.19454909504025375,0.70091696025578154,-0.70060731440934787,0.13365929006963334,-0.23147466853040288,-0.046191276575130225,0.97174371302164919,-7.6867502728412118,-12.293673224766037,0.61816910347410836,0.478006849524576,0.4526340823305476,0.9393939393939394,True,5
-0.46705814724536671,-0.86576669569737053,-0.17973512654176166,0.85549760219369386,-0.49384252918570659,0.15570295118688768,-0.22356327903429718,-0.081040637884473618,0.97131450894069926,-10.691417826444534,11.518094731104366,-4.0431223280059223,,0.1130609547538899,0.3387096774193548,False,5
0.59343834037736665,-0.76769678196967639,-0.24181105666110403,0.80308207461511039,0.54469300546662169,0.24159617386794244,-0.053759814006809556,-0.33756655750998499,0.93976523751882357,-9.1729149794102494,13.866485792791179,-4.1790974421884659,,0.08169445963871372,0.2272727272727273,False,1
0.73780835119073263,0.67084759119491122,-0.074848822978028529,-0.62779454358594267,0.7227108234244094,0.28907278797723002,0.24801783798132102,-0.16629063441215197,0.95437653834839919,-17.080518899125309,11.792794771279462,-4.9611180486234794,,0.1776323318544945,0.1935483870967742,False,3
-0.90969082016391278,-0.37793568903726182,-0.17212561303140411,0.35395616835995508,-0.92239218827126379,0.15462109136882771,-0.21720414956774101,0.079732464956744131,0.97286437463938125,-7.3588419356610979,5.3028022265204733,-2.7985874723856861,,0.07720637170174498,0.4537037037037037,False,5
0.82570918514933078,0.55036833229183346,-0.12368928963468796,-0.51544816905589319,0.82521793951306088,0.23092972377488624,0.22916702768276936,-0.12692537617089741,0.96507638159211029,-6.8819680738564379,14.933223474144603,-3.9952724740450622,,0.07538905689737078,0.25,False,3
-0.98850482086482971,0.016859124901013593,-0.15024642769318236,-0.024656660809213308,-0.99843541194416985,0.050187421268829954,-0.14916523792335148,0.053315083076439305,0.98737390775319867,-5.713061659826681,5.969737886994773,-2.6299247516089372,,0.1167307788746067,0.4119318181818182,False,5
0.74790357975367383,-0.6358214357898625,-0.19071270849568248,0.66374794608440701,0.71246359064742493,0.2276714652092153,-0.0088825368207753747,-0.29686147239393945,0.95487924197132434,-8.0011117499075652,-5.8455949013320607,-0.89759103422004904,0.5736293310712636,0.223865340333006,0.1956521739130435,True,5
-0.54710231302349954,-0.77622318344814045,-0.31329958276699388,0.80367069302518512,-0.59176046014494899,0.062713435414255697,-0.23407792774363956,-0.21747902723406198,0.94758134028513386,-0.30184312563451304,9.3743822882253056,-2.3744085121132068,,0.2014539600593054,0.2244897959183673,False,5
0.52945105318317587,-0.80788198134069422,-0.25885958840317308,0.84532778970648936,0.47671719719376149,0.24116724870857931,-0.07143185727087964,-0.34650745753123202,0.93532351175519679,10.941511587442417,9.5275305941268638,-0.5773657649225763,,0.7680508081158447,0.2619047619047619,False,1
-0.98618413322489762,-0.047804686965338891,-0.15860506700481314,0.035649886888654024,-0.99626733891195673,0.07861599698606099,-0.16177126116922458,0.071875596146620771,0.98420727376822625,-18.322772917485349,-10.514925248437773,-1.3854248582167894,,0.1099266885039339,0.2857142857142857,False,3
0.71217973435484483,0.7019921323767806,-0.0026593336312936144,-0.66345401418406258,0.67431065626990783,0.3242435965503398,0.22940967075804786,-0.22915537288474414,0.94596988220594913,-14.718007702764815,15.098536466814714,-5.1293912213634556,,0.2303459940829452,0.24,False,2
-0.98964540838441672,0.049813761004273309,-0.13461261039831579,-0.05167355681222318,-0.998610339490418,0.01035535558081388,-0.13390970536153662,0.017204042473799482,0.99084419145118119,8.3772645635860066,-10.586543175202163,2.7652068352871759,0.4964246973578429,0.4328699931257119,0.5454545454545454,True,9
-0.93295722712590123,0.35221926146189048,-0.074380133159251655,-0.35552452945434093,-0.93394251130586015,0.036792588003171284,-0.056507710180267207,0.060769872724418597,0.99655100283891085,0.12720208207781478,-14.802638166664048,2.3247765560523868,0.2700173914791937,0.3095150012704259,0.5714285714285714,True,5
-0.56235585395347032,-0.73776512527335414,-0.37344144581802186,0.79361155700223684,-0.60838632420341932,0.0068393797040927906,-0.23224252435061876,-0.29252128205079964,0.92762854065116396,-6.1850215563184401,19.16504671026432,-4.5735164980696137,,0.4275344966264014,0.2727272727272727,False,1
0.69428479734768433,-0.69945742579895975,-0.16949315522043268,0.71936578315949851,0.66726272756890526,0.19306300115927436,-0.021942884751241842,-0.25596828298052354,0.9664361064844359,-3.487815947314739,4.8189280835531667,-2.2611429506331828,,0.06591545421729017,0.2804232804232804,False,5
0.72093544182114855,-0.65080500707657818,-0.23812797292674917,0.69251019435909278,0.66361040523120662,0.28293260819072691,-0.026109757464954836,-0.36888219370543107,0.92910936263294208,0.17880444972325371,-3.5885203878844729,-0.23722923014138675,0.1953612375077329,0.2668708828900802,0.7492625368731564,True,5
-0.69624115323831504,-0.67200589265628319,-0.25230207445166436,0.68004124416375833,-0.7300301161369267,0.067822826314692289,-0.2297654516536129,-0.12435477380598371,0.96526873328523055,6.3030320573517651,16.170030478027517,-2.2588047168564214,,0.1524593036774595,0.6428571428571429,False,5
-0.62147050679715521,-0.7523945704524706,-0.21835022220032158,0.74960181524478942,-0.65209146576377397,0.11346294046855092,-0.22775321680056299,-0.093161851804778331,0.96925194949780757,-4.5764420451626382,9.138398271275868,-2.8536366535500406,,0.09663453790420548,0.2087912087912088,False,5
-0.55971574990125084,0.82216426369463669,-0.10375067621917068,-0.82732226653640606,-0.54722250864598432,0.12682820397789504,0.047498911624827486,0.15682298790244548,0.98648385889471357,-5.651097783221573,3.1693643903667557,-2.2986061716828159,,0.1066704610686008,0.3103448275862069,False,3
0.87914478962075782,-0.43421610334795768,-0.19636907718882185,0.4750543228019366,0.83118940850281398,0.28887290904467994,0.037786628188650292,-0.34724709183239832,0.93701207459886793,-7.2307797230234456,-13.93620527607491,1.027049668009663,,0.1531993355434926,0.1875,False,4
-0.22652752549064603,-0.8834863103016265,-0.4100453873715737,0.94783235459919768,-0.29689110973435595,0.11605816014242473,-0.22427462578282636,-0.36236391717487793,0.90465091817764287,2.5094493336203381,19.378068070270732,-3.2546555332004745,,0.2949969499733739,0.2142857142857143,False,3
-0.82912087777641519,0.54418802293507251,-0.12813260993706216,-0.55853024927211647,-0.8163357791160839,0.14710491624335115,-0.024546500428650198,0.19353369584894758,0.98078650984184779,-7.2147712958778429,-10.083935367796146,0.19126943404225977,0.1782464277184982,0.1615398528064615,0.4827586206896552,True,5
0.13186845142262424,-0.94439649053975283,-0.30120753671779021,0.97723380767503332,0.072905842533536658,0.19924563548904323,-0.16620708966935344,-0.32062440141180015,0.93251015895965972,16.49334074630594,15.58463057504753,-0.3997178726045133,,0.2388474883107574,0.4545454545454545,False,5
-0.080823338881902282,-0.94595192199816169,-0.31407411411952546,0.97659617704748569,-0.13816871879308165,0.1648311624763778,-0.19931757290368779,-0.29340137425557811,0.93498028787601772,-8.8482134793944631,26.440382218433143,-6.0789771979026117,,0.4291999836987943,0.44,False,2
0.20744449067432891,0.97569112361824728,0.07066551196609977,-0.95619840204551743,0.18698897153492444,0.22521043592584924,0.20652215187351716,-0.11428891379689429,0.97174412525554199,-3.424195130111928,-5.2937321795614967,-0.38416206374989553,,0.6206482636955319,0.4518518518518518,False,1
0.90445992834176103,0.40474012612775895,-0.134676160942097,-0.37188675953924893,0.90284774486758046,0.21579200093358433,0.20893174986921609,-0.14509093662117212,0.96710710058761185,-8.8590291353649668,15.044005915074216,-4.3299069731627355,,0.07497488847929881,0.1739130434782609,False,5
-0.66920922650611692,0.73071864647790219,-0.13494173130869769,-0.74245956661957535,-0.65015420121828849,0.16141036699445085,0.030212631367667317,0.20820608619277559,0.97761823969181816,-4.8075299840858081,-1.1564324963824795,-1.5090837665008618,0.2650801114328414,0.2252840252305699,0.7906724511930586,True,5
-0.46686217396134078,-0.82120303531141126,-0.32812388715150931,0.85677005724592126,-0.51193416408547832,0.062197111258676552,-0.21905428443861241,-0.25208924300221158,0.94258486834430966,-8.0443521480903915,20.027465284102981,-4.9442670892267992,,0.1656092784572671,0.1875,False,2
0.64045463995188157,0.76630924384432575,-0.050872359517152924,-0.73175027833928741,0.62899750823180922,0.26249507574152597,0.23315099037850978,-0.13089032598672801,0.96359137514228899,-15.494696897304609,1.7709349440764319,-3.2245716718056614,,0.1427647975559527,0.3055555555555556,False,1
-0.86172163403544622,0.49961164592111534,-0.088453539755478983,-0.50730627427827613,-0.85139899775099825,0.13326699031076567,-0.008727514719227919,0.15971208435365647,0.98712505823640972,1.7868202228249186,-12.452383662626294,2.1177009712236985,,0.1767498124741591,0.5,False,6
-0.92661846680650706,-0.33883250004487631,-0.1630053799311473,0.31679882994195779,-0.937044216954938,0.14692391506733687,-0.20252584605567084,0.08450249928047332,0.97562421520521347,-3.9932694997144229,-2.1217925544044478,-1.1831765896371804,,0.06559450865936386,0.196078431372549,False,5
0.79972071066902917,0.58988726230319422,-0.11171303728511868,-0.55620822134005998,0.79799967786730475,0.23201062182022081,0.22600707829789463,-0.12340798959597861,0.96627701445451386,-22.021140869405965,-3.8596422112130941,-3.0485251522302366,,0.648262424402049,0.4642857142857143,False,1
-0.74430862863848979,-0.64464153302802873,-0.17447624259355063,0.62942499065288748,-0.76446076367475935,0.13936973108755105,-0.22322375876215128,-0.0060856139441062829,0.97474823355932261,-6.7265044471015072,13.101289589686706,-3.6960992789344593,0.1591887018305107,0.1458206921424947,0.696969696969697,True,5
0.97979782013222361,-0.091209758829421547,-0.17798036846354984,0.15453730736026972,0.91018237955017045,0.3842996963181553,0.12694271266197102,-0.40404061163534982,0.90589002194049584,21.185938362570688,0.25856061418791998,2.9408110724450114,,0.3531744594674657,0.1875,False,3
0.98876059706648201,0.043226306037465675,-0.14312221405180242,0.016666705702754001,0.91945598124885475,0.39283955944726845,0.14857557877979941,-0.39080965317154276,0.90840140487462162,-4.0738655312293011,22.071467034015161,-4.7196525039363459,,0.3083440424652306,0.4,False,5
0.7527868206856313,-0.62653538339851578,-0.20190447234198827,0.65813025503729039,0.71016413186858995,0.25006293850126138,-0.013287964726513418,-0.32112352632127295,0.94694409066027752,-17.447874193057931,13.719447554887767,-5.3229541863911001,,0.180094344050256,0.25,False,4
0.31359094667354653,-0.91882715414716498,-0.23961923747106065,0.94208943611364315,0.26946733011479873,0.19963680112615018,-0.11886215767631335,-0.28834704576712034,0.95011987068469794,21.449472565746706,7.9402647201916645,1.6462714562489416,0.403114610249338,0.3095006234902282,0.3888888888888889,True,5
-0.94313005927641125,-0.26875001203071136,-0.19565051066318709,0.26852220502440138,-0.96286061215458907,0.028200478189632366,-0.19596304931824973,-0.025939787870817903,0.98026813204709984,-10.249282935466585,-4.5721068573650401,-1.4901247091491086,,0.08869492490126771,0.2380952380952381,False,1
-0.97127686958352244,0.22205723578593292,-0.085509219661648608,-0.20923348449344376,-0.96814594574705681,-0.13753100268764498,-0.11332515863110569,-0.11568928977501676,0.98679957268565277,12.760328935099794,-7.0256229126585703,2.7319833499414896,,0.2174081660324019,0.3,False,1
-0.73843701403142648,-0.62485328542144181,-0.2535136051701814,0.63431081482910368,-0.7712385303117405,0.053300277235930185,-0.22882431361022598,-0.12144752389661373,0.96586227405370384,-1.3127986130048093,13.7206203029039,-3.0505836318631734,,0.151806093164975,0.5252525252525253,False,5
