axis_00,axis_01,axis_02,axis_10,axis_11,axis_12,axis_20,axis_21,axis_22,location_x,location_y,location_z,dbh,dbh_approximation,score,reconstructed,number_clusters
-0.23796669119822822,0.96194163408344324,-0.13431361247857107,-0.96868045358381671,-0.24514892463624441,-0.039499159413156876,-0.070922723613945443,0.12070748678756282,0.99015133687159762,0.65255800780670048,4.1832875248954409,-1.1421765724232729,0.2478921981360516,0.1854962408958313,0.5062761506276151,True,5
-0.90581265286737311,-0.28415365414691479,-0.31426125873280664,0.32542162002611408,-0.9415955689112957,-0.086594190487547004,-0.27130095304836632,-0.18070552133670328,0.94537892267253298,-15.471590658451579,15.12530164566663,-7.6995963580795079,0.4525139789872621,0.3415059925212877,0.3571428571428572,True,3
-0.49370747976903767,-0.78885617526910701,-0.36600390593530396,0.8549557812364994,-0.51728093289106714,-0.038354251363206318,-0.15907085386829972,-0.33185293611348515,0.92982261332066285,-6.7145155486068253,-13.907929096071603,-2.5933847707311766,0.8805476995125129,0.0978659752172795,0.4137931034482759,True,5
-0.41634697847088403,-0.80586522186809029,-0.42099458155855085,0.89983249676761567,-0.43153708928593482,-0.063853099623920037,-0.1302177840355315,-0.40540965054388789,0.90481287787407128,-18.825990641241987,12.102513118076581,-8.7082731543965206,,0.07648317883960586,0.1666666666666667,False,2
-0.62516250799114148,-0.71211479016312174,-0.31947513867773603,0.7591387947709447,-0.64988085829788833,-0.036921000686830768,-0.18132878667200908,-0.26560759712201881,0.9468751108119402,-8.6131268103995797,-19.544948256100806,-3.0425267142657173,0.2279736551748687,0.1848636513312486,0.5217391304347826,True,5
0.37488138341874955,-0.85271705767771244,-0.36378230840917941,0.9202817477020101,0.38969682794682514,0.034898239708018024,0.11200648736827813,-0.34786491894649191,0.93083003010956433,-13.510493646189156,-15.054695545855376,-4.8719376168588404,0.4208996985411262,0.3470014596365587,0.7058823529411765,True,5
0.78003061005857244,0.60690499890729577,-0.15237640786219953,-0.57777181405429967,0.79205770315808788,0.19703889400912475,0.24027479738011626,-0.065657575109583144,0.96848185557328548,0.83579171274178465,-15.505048600493526,0.028553957208671203,,0.1957740143073824,0.4210526315789473,False,5
0.94948190395439569,-0.076628345073413595,-0.30432254401283831,0.10440561460715261,0.99162256286370631,0.07605366827522636,0.29594523429452063,-0.10398456400315059,0.94952810845568791,-22.469702191746709,8.763477491008663,-9.7845239524814005,0.594269036745199,0.4508832882190452,0.9659090909090909,True,5
0.73535363057612635,0.65673120420182585,-0.16720993817990809,-0.6435425009811746,0.75404492136670265,0.13141273146836788,0.21238664607127247,0.010971872616015732,0.97712411216891637,-2.8058397889008857,6.9990565292370492,-2.6849788739498845,,0.08792133317229152,0.2533333333333334,False,6
0.88329786298129132,-0.35270990712841199,-0.30883750851564351,0.3853612168707915,0.92141834769324404,0.049849383808772019,0.26698617526858204,-0.16304585228615442,0.94980757644258396,7.8724282472498084,0.95864567705864179,1.7885262866929761,0.214669561864706,0.2366232749342186,0.6440677966101694,True,5
0.87494763196171033,0.41857474831055741,-0.24343751025950952,-0.40319596092287568,0.90818232595400028,0.11241832555353631,0.26814111661599799,-0.00020712685841188516,0.96337962334605654,3.5104009663597031,14.830999994684301,-0.76003407397692613,,0.08341227140510518,0.3214285714285715,False,5
-0.8072455598657442,-0.45153848535235536,-0.38008894001633675,0.53603288895088186,-0.8304133104019884,-0.15192918044333414,-0.24702904290794112,-0.32638432890215829,0.91238693645134739,7.558055225625913,13.210410274692666,0.76204531300544076,,0.1105293562199116,0.2777777777777778,False,5
-0.68144191450942337,-0.64880753871626085,-0.33865276442793341,0.70612171942511148,-0.70450807336908883,-0.071137134563468499,-0.19242929742078763,-0.28760589747556364,0.9382184251182768,-9.7711615248536976,-13.104499978815104,-3.6143177143233998,0.523634763942997,0.400946736001851,0.3333333333333333,True,5
0.30796447090542145,-0.87247821419633553,-0.37939379332392487,0.94512383459882465,0.32627724071812464,0.016855250297183849,0.10908172135219343,-0.36376493500905249,0.92508175321141339,5.9382882672285024,17.742818640377614,0.01297214233969258,,0.1175765076534324,0.3333333333333333,True,4
0.46400423709003719,-0.78613103712391275,-0.4082867380077056,0.87038366231875186,0.49030300986174369,0.045113621990604369,0.16471899808792129,-0.37629901805744237,0.91173828518819777,-18.923251917600446,16.836637879568123,-8.9455886427283939,,0.1435623363617246,0.1904761904761905,False,3
-0.3881620423910217,-0.8561781256495139,-0.34101209070371058,0.91395056028249311,-0.40516992852016159,-0.023058672604554832,-0.11842551332439977,-0.32061869281477051,0.93977606460879826,-5.4557286690616627,16.977280008927139,-4.2474749328238763,0.6007182886382116,0.5953352611250683,0.9511111111111111,True,5
0.87983120020351391,0.41535888214869138,-0.23102826270531246,-0.39257039638494579,0.90909621365824278,0.13940071088202485,0.26792824231613205,-0.031954238098205009,0.96290881377052129,8.9426316910902255,17.382147576009991,1.108734792094243,0.1930643500511377,0.1793918841244089,0.2,True,3
0.45309998735748913,-0.79750203499711847,-0.39836027115175282,0.88162871180808278,0.46705570679573211,0.067747924434329532,0.13202733039891257,-0.38190243639572929,0.9147236266232236,16.10737411423224,-14.864206659472709,5.0850846136846553,,0.1958889129514686,0.3333333333333333,True,5
0.63267638721090713,0.76189484308163014,-0.13869692552963661,-0.74922879739460568,0.64750759466571295,0.13924842550225375,0.19589996993462808,0.015816539945325753,0.98049632270792886,-14.834881260064487,17.14501841526053,-7.5676744591562963,,0.6265688509496754,0.4090909090909091,False,1
-0.045037388473036892,0.9847084057886244,-0.16828841079751947,-0.9989055950804665,-0.046518190942188092,-0.0048651853413062308,-0.012619261328140223,0.16788511989063246,0.98572579390154969,4.2514000513193828,-15.251043480869798,1.3086594624778554,,0.1405373511593482,0.5833333333333334,False,5
-0.96180311815171982,-0.0066385656922491425,-0.27366163662299831,0.030249084245248161,-0.9961610326045327,-0.082147367715554198,-0.27206571782558742,-0.087287608317677512,0.95831159787316955,-0.2776789036353321,16.804076224198141,-2.4497321350347456,0.198629948982599,0.1332828984049372,0.6363636363636364,True,7
-0.80979553422830941,0.54489705910503095,-0.21752790102094088,-0.53238543271426875,-0.83825575030380139,-0.11786877498410275,-0.24657036273146993,0.020359078105372325,0.96891101973358307,-14.497217752601667,-7.1689582830595926,-5.5230929096177812,,0.8152016593266069,0.6285714285714286,False,1
0.81190939071284818,0.52046296661160518,-0.26442662811853646,-0.52670206398340325,0.84841502679392466,0.052696091941313208,0.25176988912082898,0.096489598901185109,0.96296504621713774,0.29818851912258298,2.8525009342551959,-1.1118042006444984,0.4580297006269128,0.3649240495095077,0.8669950738916257,True,5
0.90815285005637336,-0.274255238575698,-0.31629490202700705,0.31304222360026707,0.94652290112391113,0.078095863471608393,0.2779621686091247,-0.16993664043331741,0.94544094001706469,2.8773789181074059,-6.4681371224392556,0.45130295273058862,,0.07113174351640711,0.2,False,3
-0.50352119199590983,0.85017099260462214,-0.15386907598568553,-0.84147688550339939,-0.52294929726675843,-0.13579647878977388,-0.1959159523227143,0.061100865966646323,0.97871529251545308,-26.249153819481908,12.212109545537482,-11.161819397742748,,0.6470569693444185,0.4852941176470588,False,2
0.77849064892649988,-0.49044974736471442,-0.39167761595971434,0.58071992467472422,0.79959944085893997,0.15298726503815155,0.23815263723037017,-0.34655415087394181,0.90729462794191695,1.7781856195607837,-14.763247158298327,0.37662860503774426,,0.1345272698450845,0.2727272727272727,False,4
-0.34239689340489454,-0.8478126218641896,-0.40494212622848347,0.9333641277250545,-0.35632435103688026,-0.043178257655834107,-0.10768366850513857,-0.39274255571037126,0.91332223912010413,-8.9062106234373832,-15.052214372367455,-3.3065632907958866,0.2004875346633975,0.1250105420160664,0.3142857142857143,True,5
0.90721191897889464,-0.29365103424902267,-0.3012235119427254,0.31723576414752286,0.94782543932758301,0.031438933016397122,0.27627523234696061,-0.12408064574280564,0.95303514591209038,-3.234741421403367,5.2168738975846392,-2.6351731435114378,0.2459248469722502,0.2176925532205588,0.7359781121751026,True,5
-0.90958131894949334,-0.28576090475782556,-0.30166625520612922,0.30834183409026811,-0.95083321128912057,-0.029008923790248418,-0.27854467786685499,-0.11940230157584031,0.95297216790966277,-11.240687007723967,7.2300198459008191,-5.8020550436568055,,0.1005693395178913,0.4608294930875576,False,5
-0.068999495979706421,-0.91891037092669292,-0.38838486036136005,0.99761582585654773,-0.063041958668154374,-0.028078024286618902,0.0013166453978678758,-0.38939625274346107,0.92106939195385595,15.205994309359596,-16.648584992900687,4.8569217566230991,,0.2546088494747143,0.3333333333333333,False,5
0.010301979852129765,-0.92847228376886815,-0.37125878775343346,0.99989040417560815,0.013512876575480602,-0.0060482893610577012,0.010632443212430873,-0.37115578998538945,0.92850973646572832,-8.1318205885727703,-15.822770438673205,-3.0052637796229673,,0.1157816403969556,0.2380952380952381,False,5
0.11484985169720779,0.95245574601075012,-0.28220128181182291,-0.99265927418335398,0.12087876482800143,0.0039861750381634036,0.037908797697995253,0.27967190796496388,0.95934693774063318,-12.480921597996133,-1.5650618438994182,-5.4935600166364349,,0.08425800630576016,0.375,False,2
0.16750067514429845,-0.91488434940157559,-0.36732839673276052,0.98467556131415401,0.17360155448770714,0.01662946872595792,0.048554740004042571,-0.36448474247834817,0.92994263786732145,-19.678828204187315,14.47016765488736,-9.0679924186192356,,0.08009580686732182,0.3043478260869565,False,1
0.9218170697311705,-0.1494980537162266,-0.35763615852888586,0.25978877293828517,0.92302987728442576,0.28377039855403841,0.28768573723328433,-0.35449425605411156,0.88970261268425177,2.7254209957348339,20.234818841457869,-1.3759619831043679,,0.6291684954060103,0.6046511627906976,False,3
0.84255134744046944,0.46689001589735785,-0.2685534210946034,-0.46795045622447767,0.8814166776887491,0.064241815131831664,0.26670132629132876,0.071542668020517536,0.96112020538897902,-7.6130895883562433,20.160284279608884,-5.3557135538949598,0.4665681144373535,0.133262236616221,0.2307692307692308,True,2
0.89675049517471694,0.39603567762398068,-0.19746972287623205,-0.37358735300185458,0.91667634801586473,0.1419047661826992,0.23721517464312694,-0.053480978274646637,0.96998388949601577,-5.8724823644384072,6.2939833643968832,-3.7489334655456816,0.6153764006621062,0.668764135551069,0.775438596491228,True,4
0.5055189963944452,-0.68413981286905012,-0.52574067821679382,0.84923576481191809,0.50220628832716352,0.16305661510337674,0.1524767524859767,-0.52890600338070959,0.83487081607825742,-21.670444634488984,14.494202461324761,-9.8010540577574154,,0.1249955037286466,0.25,False,1
-0.51453792702136092,0.82108154257808497,-0.24713523037833721,-0.84255781708062705,-0.53765006270078475,-0.032073898331375181,-0.15920755802690403,0.19172248307236986,0.96845002088475163,-12.510264491746009,12.75547648944913,-6.5319700369924245,,0.09371975492946588,0.3333333333333333,False,4
0.79254355937446685,0.53526682120988178,-0.2921714164765602,-0.53043880125469323,0.84147447729030245,0.10273938968330028,0.30084777648760408,0.073553614329149059,0.95083146834840515,12.385320917889812,-22.873757969274195,4.0446430342400523,,0.2108064671413491,0.2608695652173913,False,3
-0.93947173892495051,-0.15837309320542967,-0.30382694928178217,0.18513670360748211,-0.98080455486698426,-0.061211323540122271,-0.28830062909866444,-0.11375582842528315,0.95075883312257092,-0.66182721502177111,23.042828546092224,-2.8997882446740624,,0.1762632088818566,0.5294117647058824,False,1
-0.2337575767244677,0.93866326914654896,-0.25351264757210518,-0.96961496875545738,-0.24439543297997357,-0.010848258103730139,-0.072140194685476944,0.24327379532873042,0.96727124056135216,4.9636205032584968,-9.0236293033437232,1.2201154727791315,,0.08216191558917585,0.2903225806451613,False,5
0.80947922589031007,0.53080315344645246,-0.25098086609008191,-0.53033545131138982,0.8444265867150369,0.075419153609263434,0.25196764064929095,0.072053812807478093,0.96504950967581749,-4.3080538196952354,18.348148521566941,-3.9613496303778897,,0.1013033969848504,0.45,False,5
-0.64493054472629285,0.71448048228413774,-0.27126045217479361,-0.73684662033399551,-0.67550618648451666,-0.027357816497564424,-0.20278473951808115,0.18223345591897194,0.96211710148110996,-1.131794282228149,-13.54865314754945,-0.64792768143298929,0.19614825803585,0.1882580006333431,0.5454545454545454,True,5
-0.90581430794420992,-0.285020886527726,-0.31347014812658058,0.31806128201799611,-0.94625069380179916,-0.058708137090883156,-0.27988829987089497,-0.15288138775718357,0.94778152591871967,-12.748829879345358,-15.71497169993695,-4.5688680948643592,0.2471861851658005,0.1754253635933512,0.6666666666666666,True,5
0.90728084457914537,-0.28868182209365395,-0.30578468675269072,0.32322739159124825,0.94387878467251407,0.067947723804824986,0.26900840578850177,-0.16048565492849118,0.94967301329315601,-11.917361606989139,-0.74740087205793448,-5.3378095849981335,,0.09316584420688535,0.2300884955752212,False,2
-0.86280579639409516,0.44882127354005447,-0.23264913953555871,-0.431331449449182,-0.89359517960206958,-0.1242611592896742,-0.26366520139149957,-0.0068643579328032389,0.96458983105014706,-7.3841789577425558,12.074081653779212,-4.6372548484249023,,0.08305401591002848,0.3018867924528302,False,5
-0.54212878820513311,-0.73912513600822405,-0.39973792704728278,0.82325443463899428,-0.5625051212951413,-0.076420706382291079,-0.1683701661413447,-0.37051588607988595,0.91343826573883657,-19.559091170991636,18.844198988539432,-9.2716829187541254,,0.1078644415256663,0.3,False,1
-0.85317573606815345,-0.36473994726334397,-0.37290204377946073,0.44845830260640784,-0.87801737012207681,-0.16724427818999646,-0.2664138025852742,-0.30991977773973434,0.91267377367699676,2.3316604651185391,0.87238183833966954,-0.28936097608541195,,0.2523251386482013,0.1428571428571428,False,5
-0.57138529929267179,-0.72918701881647729,-0.37657022099704507,0.79859419794227837,-0.59975813780364373,-0.050373436960719442,-0.18911939817256751,-0.32950943496028273,0.92501750551381567,15.317439588792835,15.661542163674548,3.5320615131335757,,0.292212527646986,0.5263157894736842,False,5
0.90626819324656682,-0.27051609596525589,-0.32480610174890551,0.31939399044049321,0.94156374805406018,0.10698218179159,0.27688524839742157,-0.20069566555884386,0.93971049214414515,11.668242188118541,0.5322835896557061,3.2256635671115057,0.4705461013914145,0.3876136512946816,0.8494623655913979,True,5
-0.87874072494369537,0.38624305294780364,-0.28041227215474995,-0.39194737072028352,-0.91920810982676238,-0.037864355456924938,-0.27238207890917882,0.076633901625010825,0.95913254986515939,11.938642677106669,-19.451901722328614,3.9238283369396103,0.3065352371232837,0.2405693566019569,0.890625,True,5
-0.71984981179306817,-0.58616394739546118,-0.37179036463476905,0.65837977545348336,-0.74625323172909097,-0.098194630238662484,-0.21989160906070154,-0.31546464288039922,0.92310873647530667,0.39895491204762323,-24.273593757189509,0.25361289901483486,,0.1804208463451866,0.5555555555555556,False,5
0.28876978364053635,0.9327815709706524,-0.21570941776779329,-0.95370373014801346,0.30003434550694386,0.020702333636223237,0.084030989271598674,0.19974466794821416,0.97623811668480498,7.4346866250191805,-11.93753535705927,2.2006846051563875,,0.1024710036280182,0.2173913043478261,False,2
0.44860111915465173,-0.83638343929752668,-0.31499171157672523,0.88398409147243517,0.46714915952505698,0.018541541971664841,0.13164027467628581,-0.28676541845884052,0.94891329048510986,-6.3217656393766939,-10.030752092713499,-2.5820886153736167,0.350708966076675,0.3317765341150568,0.9114754098360656,True,5
0.80932553032949595,0.57043478101596523,-0.1399869514067254,-0.54698482317832076,0.81881137278610994,0.17422841045222398,0.2140088530165572,-0.064436762825231392,0.97470411634872234,7.2555299261818842,2.6023920556413458,1.466826324060853,,0.1965568021288278,0.2962962962962963,False,5
0.93308328134350305,-0.14289919188683828,-0.33005364872294679,0.215544878413059,0.95680452738854638,0.19510382302425666,0.28791664673502543,-0.25318948897390947,0.92357949696059716,-2.5119717700202937,11.313152844385794,-2.7921933868883517,0.6928173354686291,0.4160574150936272,0.7544642857142857,True,5
0.79968156592774342,-0.41120540613093071,-0.43751515069086472,0.5488653050403236,0.79606204694541438,0.25501391008349145,0.24342610796368222,-0.4440668095926274,0.86229252494723641,-13.467847009739602,15.742826539055008,-6.977947896298593,,0.4872233819947918,0.1304347826086956,False,1
0.81945472451464918,-0.44272631015988706,-0.36398814371189558,0.5145942532215152,0.8479567403451389,0.12713033097824261,0.25236225752281444,-0.2914837573441405,0.92268657201810989,3.3208961279607263,-16.18796298982862,0.95460908771635877,,0.3552845985000113,0.4285714285714285,False,2
0.95081156706623815,0.11926246728835097,-0.28589128673210984,-0.10069117860945065,0.99178766000948715,0.078857618548545005,0.29294820443772335,-0.046192005252025187,0.95501185760571206,3.3864523612992281,-13.986633397818538,0.92528867835184203,,0.08133130373284399,0.35,False,5
-0.1717132987729309,-0.91791368947987251,-0.35769959699441428,0.98344734671224132,-0.18103752788542374,-0.0075319148818124623,-0.057843402987468324,-0.35307204953462767,0.93380633354472753,7.2502204893056001,22.725439120371725,0.089723196985303441,0.2058531193175414,0.1926510423310951,0.32,True,5
-0.69167543939342846,-0.60042222045665095,-0.40134554154968832,0.68983462578789356,-0.71377960674487384,-0.12102422096097205,-0.21380663133772165,-0.36057153267699638,0.90789586088877916,-13.047340469102846,14.9766006784354,-6.8008885621865343,,0.07294423689674542,0.2,False,1
-0.94965182857296193,0.092994088325016835,-0.2991880746698119,-0.0069393254325525325,-0.96094397460570169,-0.27665596583399082,-0.31323034695024543,-0.26065068042419548,0.91320751888266516,-25.149387279122333,14.087426650797809,-10.894919091654316,,0.4069251774325651,0.1578947368421053,False,3
-0.89438202877059125,0.37804733857554429,-0.23908365985183866,-0.37137779360243794,-0.92551407702475774,-0.074177002150238786,-0.24931771102588574,0.022447784410920532,0.96816154434260315,5.5879544681956261,12.685095428241764,0.083305442801065235,0.7998775482142592,0.7918904018497555,0.8268398268398268,True,4
0.94659063647702413,0.17597578592666357,-0.27018269689511359,-0.12635166425374264,0.97336544032711592,0.1912981351637047,0.29665033941381774,-0.14694299011621681,0.943613445104177,-0.22401264032674062,19.006233815132617,-2.4347026577337343,0.37618979769812,0.2278951894524008,0.1639344262295082,True,5
-0.88264652416795319,-0.273781184637649,-0.38207195174814479,0.38373218948626658,-0.88914258343858799,-0.24934929931369348,-0.27144929568209819,-0.36670059892855278,0.88985726418293287,-1.1466488259313867,-21.19664349840324,-0.46487634952690265,,0.3236102182047944,0.1,False,1
-0.44993669590835017,0.88806020295076449,-0.094371847550649757,-0.88415701931470314,-0.45784128301187665,-0.092993143653593915,-0.12579083778883099,0.041598503639975359,0.99118425614176242,8.3357321625607756,-10.87115915871339,2.4743838325001231,,0.1085946652564864,0.3478260869565217,False,3
0.94788278476350474,0.15773062539301391,-0.27683799623987959,-0.13138185822623602,0.98505324025709495,0.11139533737108959,0.29027062145178262,-0.069218232223355478,0.95443795117852959,-0.95022223397710959,8.6819631699673163,-2.1352292603792828,,0.0706982504985542,0.2166666666666667,False,5
-0.61134817992162171,0.74942973341990649,-0.25418197727747932,-0.76883515604769026,-0.63856507079707236,-0.033573102076730921,-0.1874724132549771,0.17489918531570897,0.9665735198339841,-12.387939206070286,-4.347057143568283,-5.2848234088457016,0.1675840705735499,0.1291231061711073,0.6052631578947368,True,2
-0.91717634759227329,0.29167605925665141,-0.27150068853284542,-0.28888196419147605,-0.95599759337703427,-0.051145011703925346,-0.27447178030204411,0.03152265715053619,0.96107833390624164,-16.937848412263385,19.729039313635052,-8.4556756948985612,0.8164420879578678,0.7176273142422799,0.7272727272727273,True,3
0.90408221518210929,-0.20680041068906402,-0.37399055914587587,0.3260261267574342,0.89954847386714587,0.29072238963456926,0.27630112714745819,-0.3847676354660346,0.8806881138262973,-4.1433316648286329,5.4469819983841408,-2.9879692304995848,,0.3557990169698879,0.161849710982659,False,4
0.67573306117482979,-0.59157463321341519,-0.43980027668671123,0.70766577904717665,0.68764209009003152,0.16234993409966694,0.20638307876579168,-0.42093682337736504,0.8832996182067141,-4.8132331884944541,-6.1722813002936183,-2.3608393895951711,0.553839006111229,0.6271172728148415,0.3372093023255814,True,2
-0.94224055040106869,-0.11225834647476836,-0.31556427051654834,0.1642965698815575,-0.97593265237200055,-0.14339489237523698,-0.29187220200807912,-0.18695860953939014,0.93800698079174905,-6.2502257679666728,-12.304148659201369,-2.5229984635606519,,0.318789350033128,0.4520547945205479,False,3
-0.054074527821471326,-0.8956876673041797,-0.44138367446030791,0.99788333473196922,-0.064463505832159554,0.0085619320268944359,-0.036121955997578135,-0.43998643053510789,0.89727762996738369,-3.6742639116790405,-14.206930475158924,-1.6036150139293084,0.3053059413151551,0.3743544983984095,0.7176470588235294,True,4
0.3724542143738081,0.89948882451723844,-0.22846818764061211,-0.92278621078669509,0.38512801306620187,0.011917329130823223,0.098709003526134403,0.20638863369932919,0.97347843556115898,-6.6396664893001383,7.7590389465199774,-4.1117111820045444,,0.3899447142623447,0.9388235294117647,False,7
-0.89085881690890378,0.36178343173559696,-0.27474227351698882,-0.366260083159751,-0.9297867258608522,-0.036745011862425112,-0.26874545543968098,0.067892510150767652,0.96081553237130157,10.164848283428681,-13.494258410256448,3.1259064639826164,,0.09681869503878078,0.1388888888888889,False,5
-0.31853355842550962,0.90535736876782325,-0.28082807369382784,-0.94309131552676595,-0.33252584577537286,-0.0023092140148984041,-0.095473256646959034,0.26411095529942807,0.95975531285637961,-5.5603762545166102,3.5404172163711287,-3.3767459036278247,,0.07156699321802362,0.3981042654028436,False,5
0.32628188880748804,-0.79462929648059677,-0.5119613366368303,0.94042624433492406,0.32765037994849544,0.090794864864243055,0.095596066876872651,-0.51108659705998805,0.85419662976583666,4.3358864784819007,-5.138416947794413,0.90120346193078071,,0.1194563273999389,0.4259259259259259,False,2
0.54599112721297205,0.82168260697532869,-0.16349734676421401,-0.82051098213667961,0.5638798193118657,0.093815124398580974,0.16927911034091508,0.08292914305023999,0.98207298101268581,-8.3351353262729013,-12.847779985416569,-3.1990368123730226,,0.08397235823423581,0.4736842105263158,False,4
-0.93438381555610006,-0.13332575223405319,-0.3303802794024594,0.21133817549973416,-0.95398315403120881,-0.21272592084912953,-0.28681537755717834,-0.26858962306070289,0.91956324066419859,-15.547323989489495,-7.6343577745289446,-5.8470572532768204,,0.4200967554390773,0.35,False,1
0.91255340817858721,0.31102380383176842,-0.26553807763042686,-0.29772304663296251,0.95039704779417244,0.090035765380809249,0.28036987128654145,-0.0031056390870343592,0.95988701953960687,-29.506426778177726,14.957870722654924,-12.200817859184268,,0.3082046781870991,0.2307692307692308,False,1
0.61565907352699922,0.75613501199242661,-0.22186425765113615,-0.76247116200688048,0.64270719228125661,0.074600215132540809,0.19900158866640835,0.12323679900564076,0.97221965577696956,9.5712835327521493,10.534434831224015,1.698080790186548,,0.3108171109239826,0.8775510204081632,False,7
-0.95472259671958981,0.046734287385741362,-0.29380379455608058,-0.026429106754172926,-0.99700306439793474,-0.07270757799092066,-0.29632122034910219,-0.061650595809580072,0.95309650004978197,-1.2174208106567788,-16.251617035694643,-0.61799629310912463,0.1765446894411842,0.1059238831738901,0.4,True,5
0.37050258351052523,0.91299117760244841,-0.17080674820428154,-0.91351880916254791,0.3914340093278571,0.11073753495432206,0.16796196271259445,0.11500663442433898,0.97906192506915513,0.62413541956894902,14.044734195820739,-1.717951637182668,,0.2109972710112211,0.1578947368421053,False,5
0.19838638567707159,-0.89053966218954794,-0.40936774670864767,0.97889729688245153,0.20091729981743378,0.037313815006004211,0.049019630090598364,-0.40813153357881904,0.91160612501473648,4.953614681206516,-4.55067545749431,1.0402697785187434,,0.149591904937871,0.3703703703703703,True,5
0.055165562553498068,0.97818375543989522,-0.20028305295670923,-0.99847613433797688,0.054340222751396168,-0.0096202572117365381,0.0014730463833230855,0.20050855539061802,0.97969084376119431,24.357502880206116,-7.3398398911032707,7.5911306429491736,0.813605726890979,0.7230736489710898,0.6756756756756757,True,5
-0.76064267549839359,0.61633650591921207,-0.2038431546114387,-0.60771092765920487,-0.78646609277915636,-0.11026564883170464,-0.22827647407088322,0.040004954442981994,0.97277410276270249,9.5139600491179408,-17.969108497679951,3.0887820120504834,,0.1464617889705094,0.15,False,5
0.94986149665484232,0.10490322125464166,-0.29454787614753059,-0.095700045708633663,0.99436841877497884,0.045529649617718521,0.29766531276584235,-0.015058615917357063,0.95455151755296319,-17.94206490184067,15.464387406925326,-8.6036932336994614,,0.0842356190890099,0.1923076923076923,False,2
0.57939955400975851,-0.66306342749979064,-0.47396523915317146,0.7959780745363676,0.58537682183856388,0.15411969799983224,0.17525713015643696,-0.46656282274353178,0.8669510198176813,-29.229738795810462,20.159249924890332,-12.36125919183708,,0.2801074761381149,0.3333333333333333,False,1
0.89401788380880853,0.39262860323732363,-0.21581196294442812,-0.35925003215658918,0.91604224146085966,0.17834244098041524,0.26771521776975726,-0.081910877051045744,0.96000998452892095,-10.485934929524436,8.795662778441022,-5.6835940188666489,0.6359211350290261,0.4879355591078202,0.3695652173913043,True,5
-0.45575990554538476,0.85369270427945232,-0.25197554476039258,-0.87286739186471507,-0.48409121319577053,-0.061304270046516271,-0.17431415523861193,0.19200120824276573,0.96578988983979652,11.325859695348147,4.6137193584890053,2.8948470765522898,,0.219627886165981,0.6666666666666666,False,5
0.57698108232484013,-0.68323396156304039,-0.44753121053858369,0.79850188872632843,0.58706925042920477,0.13320821634185517,0.17171943495056852,-0.4342131377185241,0.88429146026233452,-19.676478932630939,21.513504808094119,-9.4743079433656217,0.4653761742870202,0.2702366180730629,0.6666666666666666,True,3
0.67476147517694218,0.68841185315226938,-0.26605652041717592,-0.70726196171148992,0.70616039421967913,0.033436733565388246,0.21089682105961657,0.16560983689070508,0.96337734704111788,-10.745069624400367,10.484021551548281,-5.8156118488297786,,0.07647342151918211,0.3661971830985916,False,5
-0.93279269184232949,0.22455438692660637,-0.28190977520752386,-0.1966428563373841,-0.97259495747253577,-0.12405900108605956,-0.30204201876066111,-0.060285786144098685,0.95138648450142071,11.118604773693795,5.981017141075621,2.7761526182957872,,0.2719193664911413,0.7037037037037037,False,5
0.14833529744953683,0.9774892151393022,-0.15003824118173906,-0.98628678411676551,0.15732525580233353,0.049871267913904213,0.072353431205213398,0.14058306502947851,0.98742158312432649,12.6585985133453,5.3684932013740667,3.3576523707947077,,0.4726258921134137,0.1428571428571428,False,3
0.69089547488859093,-0.60858652788742007,-0.39023823602051538,0.69200683087285375,0.71294323872926302,0.11330703586070498,0.20926057632477887,-0.34833084334316983,0.91371529196575119,-21.818189482788895,11.041971242338557,-9.7381272480811063,0.2905939609170777,0.2189582632240427,0.1944444444444444,True,4
-0.29003531543661332,-0.90295383166280274,-0.31710233945060673,0.95262881538649424,-0.30408705780708656,-0.0054223029752195843,-0.091530628179367857,-0.30365348534092801,0.94837582473690141,-0.47194994478652086,-8.3826613106932726,-0.69016946600242424,,0.07184543737890312,0.2524271844660194,False,5
0.34914496538352957,0.90645535074923567,-0.23756365514408176,-0.93071145716300618,0.36492788240639579,0.024572833534205852,0.10896777804860404,0.21252373453444243,0.97106111321928967,-18.110067713857919,10.324792126877304,-8.4566002126887376,,0.1134067538721103,0.3380281690140845,False,5
-0.15545604908403027,-0.8486531343722975,-0.50559002593332347,0.98707358136249301,-0.15364199767397346,-0.045605718138986992,-0.038976425944481058,-0.50614424235668809,0.86156766661114248,-3.4379193053859636,-22.660445393728079,-1.1548078494530292,,0.212852482641721,0.1714285714285714,False,3
-0.90173257291823572,-0.33693953601274673,-0.27083226545183764,0.37684266195977634,-0.9196555172312264,-0.11055920474223752,-0.21182062001922675,-0.20175598800947891,0.95625652742189982,-5.1050512612128678,-24.794906747042564,-1.5833270090947025,,0.2681846915858149,0.25,False,2
0.71155301584409369,-0.59899864303622352,-0.36727773044923229,0.6734478396142215,0.73049357649072955,0.11334523379799177,0.20040038164163715,-0.32799353704996465,0.92317924949131125,2.4015278006393581,17.508407260844283,-1.3342137424535696,,0.1336966600997642,0.2272727272727273,False,4
-0.95725060927854433,0.01421826943493925,-0.28891021416718948,0.0083905172513963032,-0.99700608526426027,-0.076866541266593078,-0.28913815081394889,-0.076004649596654983,0.95426538393865057,-14.179639883782659,-4.082002088525357,-5.8494460617012898,,0.09928531980763572,0.4035087719298245,False,2
-0.56513786594124416,0.79653257874156491,-0.21483724882498667,-0.80581204457861133,-0.58878305473853132,-0.06325712026959493,-0.1768788887669033,0.13736944877255886,0.97459914490651456,-18.379741460216479,-5.7716243928486923,-6.9456970037914507,,0.29433937813055,0.8446601941747572,True,2
0.79049229494924611,-0.51927128540613121,-0.32477571303676367,0.56324731302900866,0.82462078099221003,0.05246934268122376,0.24057097911318404,-0.22440565881559649,0.94433452986749467,-28.806634107677645,19.167487889012698,-12.292655592903561,,0.2731734362214628,0.6451612903225806,False,1
0.90622668164785336,-0.28157823697206907,-0.31538373124373731,0.31962722794238618,0.94456224705188085,0.075103905372279747,0.27675194060274722,-0.16886639069987774,0.94598758208795231,-0.56186312175976727,1.3746020949276698,-1.4854490988588487,0.4665897395733113,0.404022867051052,0.9691146190803019,True,5
0.64222121938978971,0.74098328745710085,-0.19620314236718855,-0.74353622896934712,0.6644214433696346,0.075485242270618064,0.1862948780174436,0.097405920250665301,0.97765346883473325,15.294264724149357,10.767615077666541,3.7516984595635909,,0.2806633091798479,0.3529411764705883,False,3
-0.17831087434337112,-0.85488783946144664,-0.48720838871251321,0.97882810981020107,-0.20468194696180347,0.00091215860216764533,-0.1005025548744536,-0.47673061840925046,0.87328526492483682,-4.4851783228102384,-31.239142202985043,-1.1727390693561581,,0.2298410892305796,0.3333333333333333,False,3
-0.85152164137347386,0.45154315405382078,-0.26649516749793228,-0.45384971759646325,-0.88927857146328715,-0.056604382991289684,-0.26254776348358816,0.072748899396083005,0.96217268176061999,-10.975119646393203,6.0265954095314367,-5.559003030609194,,0.07878578118681372,0.3520408163265306,False,5
0.46352728650412028,-0.81381464368299128,-0.35049704762416262,0.87360855213032196,0.48586838877764793,0.027203059228261318,0.14815718784753948,-0.31880657852958377,0.93616868841858358,13.395727976808626,-0.043029581888375731,3.795193017295563,,0.1832631563588886,0.4761904761904762,False,5
0.48161478877091357,-0.79158150425019158,-0.37609296372858775,0.86437642935404135,0.49984490227349165,0.054849448933986439,0.14457034140620464,-0.35150219885543854,0.92495709121314684,2.1292284814377256,-3.1570469989394301,-0.097177758292679398,0.6977387772472015,0.6492653499639246,0.9978463747307968,True,5
0.59507971454210196,-0.72953717498191761,-0.3371285269150267,0.7826884163945288,0.62130948509360806,0.037058960786057887,0.18242526190831529,-0.28591962865833653,0.94072896721933885,-12.046110222896852,13.830433401916379,-6.4009752538949352,0.3475071073753941,0.273751460904479,0.8737864077669902,True,5
-0.57570947887364277,0.77242464050106585,-0.26817675268717306,-0.79696715211624003,-0.60341396009334847,-0.027109983625829927,-0.18276201570011313,0.198120588307378,0.96298820247496786,-20.969183806198377,10.195781635510192,-9.3962878347619831,,0.08503798995028157,0.4285714285714285,False,5
-0.75642731011595055,-0.56890664175289685,-0.32274286588581413,0.61023701934431884,-0.79143860889698281,-0.035152646685133945,-0.23543259063372859,-0.22354006646829475,0.94583367139832875,6.1416839147700131,10.877611288030767,0.41386783933718374,0.2602604296624495,0.1377871280150708,0.3448275862068966,True,4
0.42680090280220778,-0.8432666645498087,-0.32671443467692196,0.89545304312015994,0.4446004982814869,0.022231610258783528,0.12651022462261813,-0.30204590609192816,0.94486159498576316,-10.488294982269959,-11.840600473961675,-3.9138415045940129,0.4629762678949653,0.3797034553761177,0.856353591160221,True,5
0.94807586249965337,0.12877616429534205,-0.29080725309888195,-0.11910643155043374,0.99158157524548285,0.050790132870553645,0.29489967261572186,-0.01351588484213051,0.95543262658759687,-16.267985444593286,14.523816518113406,-7.9854226715771413,,0.1679334727288343,0.3571428571428572,False,3
-0.80347671469324844,0.55197362718664766,-0.22304771650066402,-0.52977745580496471,-0.83383666957657776,-0.15508789698187408,-0.27158979411340839,-0.0064438621848522393,0.96239153174452852,-0.69387740066943593,20.796037882810495,-2.7866612192967146,0.6349057508511422,0.2590421264446685,0.2857142857142857,True,4
0.49550792536189237,-0.6867449182992873,-0.53183955578130704,0.85554165712459629,0.4916580872349095,0.16223685826904238,0.15006788073419478,-0.53540054393567327,0.83115936421683423,-6.2080496220952304,19.288549069009211,-4.7037339982766699,,0.2971354776598819,0.2432432432432433,False,3
0.71823824796734592,-0.59569161077631605,-0.35956268439246553,0.66065610017785859,0.74599932923697965,0.083776596229260994,0.2183285058222614,-0.29771883653658054,0.92935254770013109,4.0728580434885551,-6.0744312904067739,0.82452272420703099,,0.08225246415437201,0.2424242424242424,False,5
0.34389213799122254,-0.79979046042085455,-0.49200956987402655,0.92790908501658897,0.36977040319141613,0.047482405871389133,0.14395460177258573,-0.47286897587329219,0.86929396885348342,6.42745748875328,6.4769049298116048,1.0179823892855131,,0.3549946510679559,0.2352941176470588,False,4
0.95075683755178431,-0.15198386615315906,-0.27011542028856783,0.19609511908772068,0.96987897928940403,0.14450422070831506,0.24001695798110528,-0.19035669140243905,0.95192236548986175,-1.8576024625572203,-19.355250494078071,-0.70322049127852149,,0.2114458748363035,0.5172413793103449,False,3
0.83407824291176624,-0.38634738325804419,-0.39376285268024347,0.47816831946147115,0.86227792525833646,0.16682876812939676,0.27507915763396873,-0.32743316732096828,0.90394633578191219,-0.59302629671757701,6.3859292692614371,-1.8379535000685761,0.5930577661752288,0.2560295442507268,0.2439024390243902,True,5
-0.95608469547913544,0.10111415086459191,-0.27509631688828734,-0.012174044451701086,-0.95149585426485739,-0.30742061082249666,-0.29283757906432784,-0.29057110629193927,0.91094159224179783,-15.553804356218327,16.896168544011047,-7.7785648919840353,0.5201558573380369,0.3339853798419549,0.2222222222222222,True,1
0.94160781215034572,-0.10158063584611404,-0.32102352331027079,0.16161599707511351,0.97275142392197367,0.16623759125778698,0.29538956919102216,-0.20841315140574357,0.93236739579109607,3.5210780337293057,17.875330249425122,-0.95154244025045776,,0.3179463531039703,0.25,False,4
0.91207712136130559,-0.22407677216423416,-0.34337286565151115,0.27271628451429808,0.95688807748022198,0.099955166634446313,0.30617177017156427,-0.18481019277264288,0.93386510792370225,7.4987891008192715,-17.698826025465607,2.4175973818567806,,0.1476993332608091,0.3181818181818182,True,4
0.25588718895470269,-0.90816905217328425,-0.33128646094209535,0.96370238933692076,0.26664173352340109,0.013412334992292541,0.076154128681051952,-0.32269359866336633,0.94343488915055285,-3.3470031679962027,16.021646559447348,-3.371117604141078,,0.08184410771873413,0.2903225806451613,False,3
0.33115698484624545,0.90615242941233598,-0.26310231100784132,-0.93901706635450333,0.34386221676970558,0.0023926916241985372,0.092639087228490749,0.24626520368973659,0.96476497084477875,-28.628392037289849,16.589704746744335,-12.072540974665227,,0.2802056581899593,0.4444444444444444,False,3
-0.18717251333718971,-0.91036793520931869,-0.369048333953373,0.98072630280584083,-0.19461752219999834,-0.017318748151021975,-0.056056839331386957,-0.36517700173402751,0.92924883006045278,-15.501649111963566,9.1580699080142249,-7.4459765391875239,0.1375217281885382,0.09728231630530994,0.4,True,5
0.43592087579319738,-0.73209106593725792,-0.52346505253220377,0.89039371870778461,0.43550913866807606,0.13240398718435303,0.13104203803900308,-0.52380765678962882,0.84169681177674927,8.6993736231752656,6.3675447346194325,1.8262063152759991,,0.4575292171191629,0.2424242424242424,False,1
0.9352766959258656,-0.19303505791360184,-0.29663945872774478,0.20859202823613907,0.97776861766921341,0.021398505965849107,0.28591409166798826,-0.081890150308379955,0.95474977636454106,-17.170787672270087,-8.9618368590940083,-6.4240337090354567,,0.0863504595043842,0.3333333333333333,False,1
-0.55300304432603076,0.8032311689658006,-0.22137597468554801,-0.80939201898644975,-0.58094085376074711,-0.085978392825020955,-0.19766687271058211,0.13163363412733287,0.97139095826513167,-0.56346036047823977,-12.726423326945167,-0.56903646419183951,,0.1669068567617525,0.1355932203389831,False,5
-0.91011755259467586,-0.28093716945873609,-0.30456583405824372,0.30728776551129455,-0.95072048167673084,-0.041289161864144788,-0.27795731619469183,-0.13116734554332213,0.95159595303729927,6.3984807029017574,19.330256915025426,0.045855729346282494,0.1818845418163062,0.2033689412664912,0.6829268292682927,True,3
0.54249230726742381,0.79330091485373633,-0.27636163816255899,-0.82299229695049891,0.56786610101119717,0.014552335980323128,0.16848078737888877,0.21954896905831059,0.96094353344492833,-10.55051272834026,-1.6554885663777834,-4.7379437922958711,,0.07814985398018573,0.3108108108108108,False,1
0.54460861933977889,-0.73195285098911667,-0.40944654800074104,0.82064163827962933,0.56580523142106509,0.080073351486500507,0.17305708093731784,-0.37961752333823895,0.90881339267860484,15.825113826146701,-0.35487130948435441,4.6273760431795994,0.3705030810699358,0.334954902345277,0.3636363636363636,True,5
-0.92971921822126424,0.24151393852066702,-0.27801653326785725,-0.23538440807061545,-0.97030194840099782,-0.055752214005131438,-0.28322492070311905,0.013606852298143748,0.95895698436543497,7.2695847431500908,-9.7586666674816716,2.1358580893474053,,0.138580495829513,0.6515151515151515,False,5
0.87263986060203858,-0.37149262505642799,-0.31700615643412827,0.40974885173851888,0.9101313345865113,0.061374524867740872,0.26571705287282554,-0.18345076541802718,0.94643555748932007,-1.2218601412415868,9.9180709658481696,-2.1802230225719943,,0.07564217675643573,0.25,False,5
-0.85411916208652117,-0.40027237610112126,-0.33205794959160961,0.45123610916126261,-0.88780569812071708,-0.09048213179072348,-0.25858544186714483,-0.22711905977867919,0.93890920857110827,2.6158324820707297,-12.091748222209876,0.5270147459856932,,0.06986685011635996,0.2790697674418605,False,5
