axis_00,axis_01,axis_02,axis_10,axis_11,axis_12,axis_20,axis_21,axis_22,location_x,location_y,location_z,dbh,dbh_approximation,score,reconstructed,number_clusters
0.70955697895695313,0.70014033016446275,-0.079576451860333713,-0.66677405793905564,0.70364946752255719,0.24553977786645392,0.22790622912278607,-0.1211649492733757,0.96611479949052281,-27.020301279142817,12.394242197458979,-7.4395483168067287,,0.3914478406631139,0.2,False,2
-0.099850889068195975,0.98096164219566373,-0.16656547209154388,-0.9937998409549279,-0.090095007128069102,0.065151867268363764,0.048904765312310153,0.17203821154435794,0.98387559055927776,11.773176214646361,11.469567163655631,1.0854797708013026,,0.1004200729972059,0.3103448275862069,False,5
0.97196289756236964,-0.0650387177149334,-0.22596037475663425,0.098389543828636336,0.98530527564089909,0.13961737520596743,0.21355941427938563,-0.1579350467508977,0.96407930046258972,-3.4669429229016568,5.7770805273248174,-2.2199980183430843,0.259377845719421,0.2421714122091236,0.6327272727272727,True,5
-0.13199042737165859,-0.92037771631152909,-0.36808067919876269,0.98958834197000134,-0.14384583525322031,0.0048258799579439932,-0.057388505114804665,-0.36361137908140195,0.92978133154156739,6.1559368960645147,-7.4556459028994286,1.2054581394524067,,0.2863417298758588,0.3333333333333333,False,4
-0.97183413750661074,-0.06214200902886298,-0.22732527332137847,0.10222154898667807,-0.98029563134777797,-0.1690302638086652,-0.21234209215213756,-0.18750692220374021,0.95903701181244017,-19.867208354074933,7.3592604228897738,-5.6301660044766724,,0.4996350357560106,0.5892857142857143,False,3
-0.81721022675683008,-0.50996530651217464,-0.2685197040032537,0.53062674944737098,-0.84758974140288246,-0.0051848856797976142,-0.22495043466276771,-0.14672087929991232,0.96326023769409952,-22.766150663002325,8.0088606745380524,-6.2398789611707794,,0.08162959424657538,0.5,False,1
0.96117448331717126,-0.15324240788893914,-0.22947848928466219,0.17783633244171099,0.97988838061659433,0.090515194284009129,0.21099253892887321,-0.12781050800693453,0.96909577574115913,-15.137593190309913,4.2451170403763694,-4.46939081503682,0.335216600892085,0.2525189538661718,0.8218487394957983,True,5
-0.9716121711146426,-0.05311525758177249,-0.23053971101289902,0.054658773817272251,-0.99850504398081941,-0.00030917576416936154,-0.23017864233390836,-0.012901416855633964,0.97306286850153445,7.4673913181043332,8.5504645324024633,0.18293206059658235,,0.09974082895281448,0.3953488372093023,False,5
0.53922349093343713,0.83533800622079546,-0.10699739337303847,-0.81488785614752846,0.54960391832285715,0.1841013711721031,0.21259305898557321,-0.012080907549924802,0.9770661405165606,8.1186444708852488,-3.3873246138323734,1.167052976497013,0.5292584933746989,0.242765629429972,0.3157894736842105,True,4
0.97550243875015707,0.0064904847933760163,-0.21989285026949781,0.020252955591634082,0.99266996264583796,0.11914765230802873,0.21905435348858082,-0.12068230552926372,0.9682205179347535,-11.148120749758023,13.097953582129653,-4.3660609169954236,,0.2303750137191944,0.1842105263157895,False,4
-0.78054349292548919,0.59773862247526532,-0.18292182716409353,-0.60958847565167618,-0.79264126971995297,0.011032129867277092,-0.13839705923300627,0.12011809496539108,0.98306556101693576,-12.884186196967308,-7.7751869977776726,-2.9636636494929549,,0.09709352526781126,0.3684210526315789,False,1
0.66062639725478689,0.7334566430668702,-0.16004410639333361,-0.72756599918025189,0.67806972769979734,0.10425526947817629,0.18498778361557999,0.047568867110781732,0.98158887666619077,-1.2522765142713861,-2.579886516433505,-1.1112165431085566,0.621862219074531,0.5749036847346927,0.7634730538922155,True,5
-0.6761139163795904,-0.65634903139311551,-0.33477742018716128,0.71002238306634635,-0.70177993866079136,-0.058078681442006758,-0.19682019109491353,-0.27696726644600966,0.94050568615760433,-14.005128440227935,11.644890183284858,-4.790192806963752,,0.261250517348512,0.4855072463768116,False,5
0.46473489695202302,0.86321176637669839,-0.19719767225758916,-0.86929208227118515,0.48714727385969953,0.083778334142480426,0.16838275225099095,0.13248765965131268,0.97677749195223473,-5.691573351137583,-1.9508366472602541,-2.1053975429312164,,0.07148603449648479,0.1911764705882353,False,5
-0.71055620151023913,0.67360100047343496,-0.20340004094525227,-0.69402593709264793,-0.71854978239156297,0.044879938365732917,-0.1159218837753021,0.17305462255088033,0.97806656955227722,-10.223831814746879,-7.0317288541684109,-2.5314455973329486,,0.07337740543926935,0.4069767441860465,False,5
-0.76340847845229298,0.63418146369165873,-0.12256168298885585,-0.6320955985300204,-0.77254366917033945,-0.06026137688275409,-0.13290090047148231,0.031466654330184002,0.99062969888810337,14.149749991066038,-3.2438634408257623,2.6806616524643894,,0.1095513742530937,0.1818181818181818,False,1
-0.16350517191458711,0.98145636964358984,-0.10004725505083736,-0.9853623433072245,-0.15750877772076824,0.065207647810714031,0.048240140435925789,0.10924458534378524,0.99284364802509939,2.6220666454052326,-7.1373319393052919,0.23362344049035641,,0.2092808911667641,0.2857142857142857,False,2
0.86033889155572651,0.48838776164691455,-0.145925960507992,-0.45434678288158825,0.86454607483218537,0.21477682690973002,0.2310540901213709,-0.11847986649966144,0.96570002002299227,-17.681835704564797,7.0179511540063784,-5.1928823976518732,,0.2345149112949512,0.1923076923076923,False,5
0.90581610686526359,0.39575544939248791,-0.15124418937469802,-0.35555521484077057,0.90421785028290558,0.23658099760821216,0.23038591481033094,-0.16052321796523189,0.95976800673448981,1.0361047749634509,-7.6482050565482096,-0.05136656358376513,,0.3886212453715257,0.432,False,5
0.0048822966947454907,-0.96768762850673218,-0.25210477348515431,0.99772704219109554,-0.012229944445148449,0.066265962148575677,-0.06720797913635225,-0.25185528005957125,0.96542840513759598,-5.8355852722196779,-7.9673443238694306,-1.5280514486879504,,0.08855901728557794,0.4024390243902439,False,4
0.52139961509613331,0.84070878387771353,-0.14612043692947591,-0.83482231032544862,0.53802144815470587,0.11663889363498992,0.17667527150250931,0.0611691264967065,0.9823666252490183,-15.614445435323656,5.2626530063602406,-4.6360717384953389,,0.1470408195685069,0.2857142857142857,False,5
-0.69096053001980384,0.70154328997741278,-0.17438623294979666,-0.71461775764725344,-0.69927420317721656,0.01835890045949401,-0.10906423066232421,0.137304774347208,0.98450616683264025,-12.035820852012053,-6.277543919016229,-2.9054916069876318,,0.1182216031229515,0.4415584415584415,False,4
0.90934430250087284,-0.32804439253276318,-0.25589024216841905,0.37298254186471441,0.9152915819695262,0.15207019247656445,0.18432841065158242,-0.23372675607112914,0.95467001656233497,-22.760661401598917,12.920568927590905,-6.6307590828899299,,0.8644066010974807,0.5375,False,1
-0.047003485273269363,-0.9160646568377091,-0.39826651486784076,0.99563013935584221,-0.075173321845428492,0.055403946510968298,-0.080692614150442307,-0.39392196711472449,0.91559499007259437,-2.0547896094319786,11.70870849965419,-2.1842186442587823,,0.3841181406323111,0.6666666666666666,False,4
0.95929718619589299,0.18658329967402462,-0.2119801425591486,-0.15858140544305457,0.97703315516948075,0.14233113344337972,0.23366824004205075,-0.10292174688725744,0.96685379846868658,3.8022425022248134,-3.4924562323640291,0.14173245993306821,0.7333939116470783,0.8291900343219507,0.4218009478672986,True,4
0.81031497783077444,-0.51635509284932724,-0.27706868244475896,0.5722417714899245,0.79909429681069832,0.18435742395328047,0.12621010920360237,-0.30793785557020925,0.94299803045480224,-37.210676601510649,15.452860294121058,-9.688579559311032,,0.4215848859047092,0.7843137254901961,False,4
0.88345351643835679,0.4164874438412593,-0.21458819495786821,-0.40775010531132566,0.90906482944270661,0.08567956284264347,0.23075904296756172,0.011804448012403462,0.97293931932871236,4.2239884246874242,-10.234084284362986,1.0803550739422567,0.5328539391736944,0.4533224703660397,0.8385093167701864,True,5
0.39390432408517217,-0.86328658130843261,-0.31555611545302464,0.91872516882453881,0.38024633682661668,0.10656822930996916,0.027990134607153126,-0.33188703177849277,0.94290378645009965,-9.0395168291073915,-12.615196004455004,-1.67578704113779,,0.1493343131644928,0.1904761904761905,False,1
0.97109045281504081,0.090813096881971214,-0.22076302653793103,-0.068426694400131105,0.9918980908252143,0.10703254136368182,0.22869438109615331,-0.088832194907043194,0.96943680619370265,1.7405216160740711,16.739132451460502,-1.6305982892774249,0.5411770536611858,0.4680392188521346,0.9369369369369369,True,5
-0.97280305502147235,0.071555219900409806,-0.2203044862137295,-0.081114930779442124,-0.99610243878302773,0.034645338144579388,-0.21696678120287829,0.051573073938926003,0.97481569227159726,8.776679544060892,4.2228451969045695,0.78768328820484135,0.2322348639554978,0.2038738490423097,0.5,True,5
-0.27418721747741653,-0.89911895308130874,-0.34118393570325622,0.95304533468230546,-0.30147623795137724,0.028577403503075555,-0.12855333450472967,-0.31732819944129831,0.93956205437802742,-29.528321938608741,-5.3892599011886597,-6.5765113220482627,0.5145003702272496,0.5139401669550536,0.8983050847457628,True,1
-0.47406456551567977,-0.8417801210367083,-0.25820343829983178,0.86860663832913965,-0.49512243962141733,0.019397877045897585,-0.14417106357720164,-0.21508137439295225,0.96589580536218178,-7.0292000431063055,-1.5017695681137921,-2.4228033864887419,,0.1596007691452969,0.3026315789473684,False,7
-0.86141600990162881,-0.44932327126073074,-0.23679327648545007,0.45258021407422538,-0.89065547132969991,0.043634633251588409,-0.23050728342871821,-0.06958038009401793,0.97057970460559628,-7.8177765300791009,-9.936354439711085,-1.7197692657589028,,0.08876499013969699,0.2708333333333333,False,5
-0.78080994508440915,0.58734282185463482,-0.21298882429160024,-0.60733295713890223,-0.79352790410524265,0.038211838208318388,-0.14656912645642675,0.15919131578756693,0.97630713207864261,-4.3303543154459483,-2.0559074498613215,-1.7865280664824887,,0.0717512952616959,0.388663967611336,False,5
0.46402980134005656,0.88540197546622146,-0.02719715626350519,-0.86384409543195728,0.45910118093803631,0.20736317042484961,0.19608600729183201,-0.072728587926717964,0.97788589837594786,12.264056356572341,13.736645501216687,1.1027929210412606,,0.6018577071365919,0.5263157894736842,False,3
0.42264307037380749,0.90107143245360011,-0.097175658891605191,-0.87524191303711951,0.43363572339972017,0.21427004703113503,0.23521145535055071,-0.0055075409774480444,0.97192861788521134,6.0536633704199474,16.41297377885487,-0.5654895377303959,,0.5214584214989224,0.5789473684210527,False,2
-0.2846615881048376,0.93912026201262422,-0.19240819560240643,-0.95862665057914054,-0.27852276217456118,0.05882189855889889,0.0016507746825075997,0.20119195915342858,0.97955044306812233,-18.689750941015877,5.9742488774699005,-5.3104964939439707,,0.06958229885583475,0.15625,False,4
-0.48574124774653976,0.86559957867656379,-0.12162569478770044,-0.87258990704865791,-0.48836620635287969,0.0092359411708877598,-0.051403252372300479,0.11061563129798847,0.99253306632983174,-0.46109165409038377,-3.2153501058278051,-0.87767369491597913,,0.07811515095809977,0.3287671232876712,False,3
-0.93908392499567428,0.18425893022273737,-0.29012071357952335,-0.16735725743925239,-0.9824588640968499,-0.082256481446387295,-0.30018815798950371,-0.028691932502019339,0.95344839546362892,8.4971847508859746,-6.2564460836118396,1.659849237873918,,0.3699387909431743,0.5,False,2
-0.42803819808504345,0.90108672779176391,-0.069469489544994933,-0.90323510429156206,-0.42914462035583645,-0.0011140893400803722,-0.030816348835021268,0.062270408840621266,0.99758345456773789,0.011448385928353594,-9.2345878557066357,-0.026851380608006528,0.493581693405845,0.3580548143883194,0.6333333333333333,True,5
0.59307558184384412,0.77919333985700145,-0.20277843411732838,-0.78243171612973228,0.61716677573057976,0.083101026038197773,0.18989987839613442,0.10937508883109652,0.9756921267122749,-4.9591397618332191,-0.17183224605410125,-2.0735370523014227,0.3484422892320114,0.3110694660759274,0.9389179755671903,True,5
0.66839955120369698,0.7299182357824292,-0.14304338161188079,-0.71603373267344383,0.68349241329570187,0.14189367371716147,0.20133984609220057,0.0075822186385923196,0.97949210121168684,-0.9996835200718539,17.96327536194417,-2.3038003217618863,,0.0919552065510133,0.6666666666666666,False,3
0.57687610553687607,0.8033051096543169,-0.14803668350740937,-0.79295617883106417,0.59423819454091431,0.13454169094519308,0.19604707933107324,0.039772716176049966,0.97978756561498337,-32.305853348991647,17.081000008899924,-8.8521281418486755,,0.3189456332988388,0.8,False,5
0.55707307221117242,-0.79078946544301409,-0.25361706086452374,0.82733810075622871,0.55493355690184598,0.086950643823632531,0.071980964527325692,-0.25826491974060206,0.96338879585404047,-25.34934733359222,-1.3989280485540614,-6.1144697742319716,0.4259155647961145,0.3838782657374262,0.9176470588235294,True,2
0.68184390505600057,-0.67511365062896289,-0.28162110693699788,0.72513133357855453,0.67449306128356978,0.13872151723113249,0.096298692621304721,-0.29879870986126233,0.94944504463643098,2.288999188180572,7.1918892116539048,-0.96005888054317867,0.667682154565305,0.7041620763072407,0.3193717277486911,True,5
0.97088581714034661,-0.0036158917471256387,-0.23951545963172322,0.036062291213488668,0.99069664392170709,0.13122374356305061,0.23681267117313659,-0.13604074775279942,0.96198371801330607,-27.230545260264869,6.5705419768373803,-7.0310777658824737,,0.1827780649812336,0.3396226415094339,False,2
-0.13649377079364569,0.9893679693677373,0.050204299852629058,-0.98997567224147476,-0.1380837978566074,0.029682202403735768,0.036299020710929171,-0.045649599764472887,0.99829779882396397,6.0977925188991975,-9.8582147339860384,1.4961437018365229,,0.4852103145778298,0.1714285714285714,False,1
-0.4336980913648798,0.89256982250569039,-0.12338994083239807,-0.90024383115123063,-0.43504503858757976,0.017229592986727667,-0.03830156681674092,0.11855347465381909,0.99220867947568914,-3.5501829525578361,15.958601739600791,-2.8057241847243342,,0.07382787618998672,0.4285714285714285,False,5
0.070740867068372015,0.99217980968456965,-0.10283460011448575,-0.99705090339653812,0.073407632979748866,0.022378906507197628,0.029752743782083528,0.10094822769420855,0.99444669518422957,-10.644952361754878,22.919647215470011,-4.7593465316658472,,0.1209183976362767,0.1904761904761905,False,2
0.85113816678338938,0.47914764843855845,-0.21443262820851175,-0.47225799605262203,0.87727874999540023,0.085757681701809557,0.22920777955595611,0.028275887294777133,0.97296673529402855,-2.0566871474383426,-4.4893007077226788,-1.0706198865558592,0.1107628728707097,0.07589546457360279,0.4333333333333333,True,5
-0.60731006102693375,0.76751208836220952,-0.20518207522427823,-0.78989191423679717,-0.61099997295387509,0.05243850563938339,-0.085119055438777264,0.19391809422599882,0.9773180235383806,-1.1107395841634791,-5.8617855598923754,-0.70918866208012121,0.09906369966696439,0.09372526107113005,0.2736842105263158,True,4
0.37708824657555312,-0.86468602243014092,-0.33184715895803313,0.92587611652602853,0.36107516074103768,0.11125711277269067,0.02361929595174897,-0.34920310839077168,0.93674933570778041,-37.148212276081999,-2.8283819480946413,-8.360005969956104,,0.1645261774145051,0.1,False,1
-0.73023855128974591,-0.607557703283233,-0.31245046870097204,0.65534068495484321,-0.75217305974571957,-0.069023726613971881,-0.19308092824815973,-0.25516529030016299,0.94742304688711432,-3.6525558073585325,-14.319172904616421,-0.24584926425498707,,0.2177541111417616,0.2272727272727273,False,2
0.97549507015115411,0.038806052501220226,-0.21657206283375638,-0.0048049191185514147,0.98784580920892873,0.15536270459998414,0.21996881793349746,-0.15051494117738043,0.96382517689636549,-2.5097587414423361,21.076500844005636,-2.8540971831052286,0.363574924272593,0.3898151167308088,0.8653846153846154,True,6
0.82641985749236668,-0.48664038980744145,-0.28321608384828212,0.54793886905516942,0.81085572344630386,0.2056112631470185,0.12958863731376241,-0.32510633147084633,0.9367564562450208,13.551713436848827,8.0027592313934068,1.743100631153782,0.3048854171503056,0.3266314376065985,0.6,True,5
-0.92281267695855607,0.34945662646940912,-0.16216297191777221,-0.33320368425506974,-0.93527188444513143,-0.11933904208305661,-0.19337028738519343,-0.056094281197582113,0.97952098679583943,-9.3798356539151904,-7.6926517297835337,-2.3183264872247218,0.5149898733306068,0.2855498090604225,0.4507042253521127,True,5
-0.79949733864849304,0.58036784933809338,-0.15484561649802783,-0.58289563401963651,-0.81186436291259334,-0.033300691785249373,-0.14504028866085492,0.06363501934631878,0.98737728299671279,-8.4860200036724045,-3.0307482988150096,-2.5745949102456085,0.6209846628095557,0.5319762732083727,0.8651399491094147,True,5
0.95931545273890895,0.17016323717026186,-0.22529610483113202,-0.12716607561275106,0.97286105596619199,0.19331361824144438,0.25207667752014523,-0.15679871970167378,0.95491963544076408,10.502453132010171,-3.5389704548186742,1.7705417284843492,,0.580093972349391,0.1052631578947368,False,2
-0.83390130234907744,0.53910190414761516,-0.11822755552293907,-0.52612461780713982,-0.84119885753797319,-0.1248093290347381,-0.16673783157341707,-0.041876234563603842,0.98511160611423609,2.4554951457377481,-8.7418794843166108,0.43667132742150638,,0.3892163432162913,0.3947368421052632,False,5
0.26843826154597733,-0.87569865258283774,-0.40136363761902583,0.96301292092107282,0.23383947094465254,0.13388508493252541,-0.023388327799097115,-0.42245824846122759,0.90608057833165967,13.508109304570272,20.138412943111639,1.1051687919062394,0.3715957209972071,0.324901320257164,0.6111111111111112,True,5
0.21018089632057588,0.96685956170722476,-0.14493646455324005,-0.97098390613487717,0.22373705289802254,0.084451081624595137,0.11407999320185776,0.12298097046218463,0.98583032822856664,-10.548885019716625,-10.252823561614091,-2.2329496411455634,,0.07247334099987422,0.2857142857142857,False,4
0.83349656632388125,0.54512420479552515,-0.090128104786166022,-0.50380231836595402,0.81679463103546812,0.28112231274077781,0.22686272927783793,-0.18890773424526647,0.95543035853322666,-7.1433081760576655,12.772023521218092,-3.4325013247970162,,0.3070533281788507,0.3214285714285715,False,2
-0.48731533617919748,0.86965726331261761,-0.078867024111252682,-0.87157145427272109,-0.48996139941650668,-0.017350134833871739,-0.053730468279094522,0.060283260109483622,0.9967341497756973,-2.6054788118481951,16.969860901674625,-2.62635992582259,,0.2374805305234653,0.2222222222222222,False,2
0.4501193847831032,-0.85786178427579196,-0.24792276725148812,0.89200925554837984,0.44482340353425959,0.080322024901165801,0.041376653544080287,-0.2573039034825399,0.96544428829122053,5.3935705752874403,-6.1678214811121572,0.84015924626855976,,0.0742531812543944,0.4615384615384616,False,5
-0.9637384884057858,-0.11917787860733314,-0.23875669459931198,0.13302324349625611,-0.99019347487623388,-0.04268136598408475,-0.23132864642120979,-0.072893865058641399,0.97014099067184334,0.45026995240103063,-10.007747550092246,0.19618872272968382,,0.1029510131071224,0.3611111111111111,False,5
-0.93650721635602696,-0.25434980966655885,-0.24137192884772357,0.25825735506790876,-0.96594595160176255,0.015860552874767786,-0.23718636610567087,-0.047482553709236167,0.97030306339145178,-20.788299662683247,8.2074466160276351,-5.9195406464918188,,0.1015674609955779,0.4444444444444444,False,4
-0.5898828066779549,-0.71743733828544043,-0.37056975054588814,0.78389632646627017,-0.61890756517243006,-0.049598136305933876,-0.19376486714166272,-0.31974535400258375,0.92747942556982743,-6.3947682452569783,-15.604777407916009,-0.68984174603873172,,0.2306481314711568,0.2571428571428571,False,5
-0.16152229556295111,-0.94798975231813365,-0.27427354508935115,0.98391709306096564,-0.17617505560414526,0.029487349242302147,-0.076273861961590708,-0.26509956484815667,0.96119952075455395,0.90449571248255756,-14.114712457229572,0.76216788291669746,0.4983609089849568,0.3429245134980307,0.8928571428571429,True,7
-0.81651236158203488,-0.50252405142831169,-0.28421319659685934,0.53661968467443832,-0.84218575650166205,-0.052559162527870296,-0.21294806269049688,-0.19542960185652603,0.95731937895070585,12.412499046975674,7.8607841545794859,1.4476030923041603,,0.2850477441373601,0.3947368421052632,False,5
-0.30171032914328449,0.93736524604285154,-0.17411855960602773,-0.95334968139155729,-0.29475095251028988,0.065163340805206832,0.0097602396932505026,0.18565632632717818,0.98256626555964588,2.2325713199611004,-5.6536417323331003,0.059154002330284658,0.6323845810061769,0.3639370947328191,0.15,True,5
-0.60625970683057506,-0.73719668782198067,-0.29831227151762907,0.77091946826757274,-0.63689232351049951,0.0071653122361669958,-0.19527504018627023,-0.22563069764041407,0.95444143191845576,-11.945305594216844,15.501261850105108,-4.6251310248304911,,0.2416944990192492,0.5,False,5
-0.89890948652977443,-0.3743389061242931,-0.22766668264910009,0.39125019030354358,-0.91970766287179695,-0.032574582765396064,-0.19719285893312516,-0.11835623437980056,0.97319411124873512,-4.1028550878216157,8.8290442094793224,-2.5689117581326837,0.2281250569604646,0.1954335818868921,0.7321428571428571,True,6
-0.075395793700417782,0.99707055672708533,0.012875527182397317,-0.99605687801136811,-0.075912040596874453,0.045913591219445542,0.0467564975006887,-0.0093630657564226227,0.99886243444285649,13.925256833579493,-2.0006825781422415,2.4982056799682169,,0.7990168994600026,0.4193548387096774,False,2
0.10842165172548146,0.97404817756097273,-0.19868289616186702,-0.98991844886269387,0.12410980660867743,0.068251157534765766,0.091138411432266656,0.18927996115200771,0.97768445127653425,-6.7252787937382612,-3.1462688387301703,-2.1806651747253576,0.2347640883920432,0.07051127330352411,0.3742331288343558,True,5
-0.1462690963768882,0.98911907076151395,-0.015773880339568891,-0.98420501599924559,-0.14389790771906841,0.10312069935759188,0.099728821947383833,0.030608103664763353,0.99454376779658782,-18.158631457206486,12.940711220593869,-5.6951857821486467,,0.2849253376357367,0.1764705882352941,False,5
-0.68243525388774406,-0.68332846415903314,-0.25950786947841975,0.70496512633460007,-0.70911618517076946,0.013356892636291355,-0.19314837535742493,-0.17382878357427817,0.96564862092682291,10.132459384313242,5.4434333098962338,1.0375132356263412,,0.1150033841136269,0.2608695652173913,False,6
-0.30840270311009121,0.93239023124768405,-0.18851055511105969,-0.95125120229775406,-0.30290714506987421,0.058038018511112052,-0.0029871125634951673,0.19721997398719296,0.98035471081594983,-8.2165354086568474,-12.847347373953964,-1.4730681060472159,,0.08041646855703533,0.4210526315789473,False,5
0.44514390875824589,0.87316388657281085,-0.19857423720234496,-0.88131633161996437,0.46646195850383232,0.075463666016816977,0.15851947550808687,0.14141452702545054,0.97717629291280339,-9.5451459121179507,5.4789465137431623,-3.5463728857062411,0.2281470801334735,0.183464845392578,0.7611940298507462,True,5
0.98062757708942139,0.040701400169136308,-0.19160623965832876,0.016998363527069717,0.95680218024812547,0.29024238751401854,0.19514253941448712,-0.28787668175228776,0.93757474657445838,-5.22829919952766,-13.972216038449602,-0.65689645016048337,,0.5119673114524993,0.352112676056338,False,4
-0.83968819487021873,-0.39414566634428683,-0.37359460528440769,0.49308905764811367,-0.84160889384371407,-0.22035800650499662,-0.22756738919117869,-0.36924742856948789,0.90103796805214154,-22.617519559648763,2.0361183240711793,-5.7577132878957533,,0.402180873204889,0.32,False,1
-0.9757413176197941,0.027288340214017888,-0.21721930756254521,-0.03563518119330273,-0.99876568169091529,0.034601256303802133,-0.21600697894028348,0.041502524800847165,0.97550936719451686,5.0819910695150501,6.0204023592601743,-0.23319341829628021,0.1798725556152757,0.1170156092733401,0.3174603174603174,True,5
-0.0092222347964914138,0.9950937724304062,-0.098505504696849336,-0.99755643806875061,-0.0023328714944523274,0.069826288589451307,0.069253904243337439,0.09890875482389308,0.99268371345874384,13.228440734541813,9.9481006033879833,1.5770673154825272,,0.1316799969658539,0.2727272727272727,False,5
0.825815167643972,0.53943613148959213,-0.16443226244476258,-0.51461128420951541,0.84009347879006935,0.17151726752322743,0.23066108265893731,-0.057022863291354697,0.97136185739850001,-6.1103155395047271,-4.875514190932237,-1.8593265202883047,,0.2543131705083456,0.2716049382716049,False,5
-0.1846673730798315,-0.94654589142475687,-0.26447842397199051,0.97647649882837029,-0.20719106778119628,0.059711880455873778,-0.11131760218259819,-0.24723012935037134,0.96254124825158349,-16.715743923929779,2.0783707845862849,-4.6093233356935279,0.6823401920718394,0.615705161572332,0.8212996389891697,True,5
0.15184750480349643,-0.9477448066895876,-0.28057461873424538,0.98768620737250956,0.13467946949138204,0.079607765096294733,-0.037660205138303052,-0.28920792155547004,0.95652521506675658,-14.713242095318833,13.506826391286468,-5.0644117528042507,0.2604580800652289,0.2764084384610624,0.7739130434782608,True,5
-0.96076975390262254,0.16968275443810926,-0.21938377978372173,-0.18142498635703144,-0.98280357247927419,0.034381859276791236,-0.20977715393065846,0.072834749730292955,0.9750326378744868,4.2642694096034663,3.5388026420196224,-0.25994655952552892,0.2960175418851055,0.2556174123395347,0.9649122807017544,True,5
-0.88075911265910078,-0.38174495040497403,-0.28023950169142309,0.41762597550685315,-0.90512786914864529,-0.079574399604280976,-0.22327545778679422,-0.18712117285528218,0.95662622618207604,12.446461100337967,4.6948107396290375,1.6539681956327901,,0.2474372719426619,0.2941176470588235,False,5
0.59696010741037531,-0.75317297539157391,-0.27634959616470922,0.79825765647388092,0.59203445290557055,0.11081480250233036,0.080145767457939152,-0.28675019740639462,0.95464704485268925,-25.916355971258234,16.708470699694757,-7.5585467110805133,0.3105424034781923,0.2051879633860914,0.5588235294117647,True,5
-0.96268664726987219,0.15394602906983576,-0.22256468565772447,-0.12268878855391513,-0.98133294766769341,-0.1480983017627428,-0.24120920449158889,-0.1152660659321075,0.96360357705493682,1.8094691259197135,-12.589898082959174,0.82630043902925432,0.3895154658260115,0.252315175300583,0.2413793103448276,True,5
-0.87945528733071598,-0.38586642393249337,-0.27868530723308133,0.42829346954488107,-0.89696271948517237,-0.10964754351544689,-0.20766102554705748,-0.21578920903352208,0.95410267567669615,-17.986750298745878,9.4681363844314941,-5.4117317547117034,,0.2561734412160284,0.1351351351351351,False,4
0.20679402040983674,0.96135090919109345,-0.18177090669354615,-0.97186052767837827,0.22325816890002179,0.07511927023150021,0.11279781852252202,0.1611217533943422,0.98046745622671871,9.7687892900176863,2.5058940240896281,1.1474645269481381,0.2220564589889601,0.1066160969796622,0.1666666666666667,True,5
0.72216645628670628,-0.64377900935837051,-0.25303003087352494,0.68122787953401476,0.72539013833039634,0.098679903519409681,0.12001743856578551,-0.24363442762172366,0.96241263505709662,-13.539670500912509,21.072412568100734,-5.30465364333112,,0.6116609009148088,0.5769230769230769,False,1
-0.13123152533018473,0.98494724681794377,0.11250425656510216,-0.99063999838715333,-0.13458970751543431,0.022759706202224728,0.037559024947604963,-0.10846442558121561,0.99339055161015222,-16.830494777084567,6.950117678899904,-5.0443313921765895,,0.6356911723585518,0.1759259259259259,False,1
0.77265308592528992,-0.56893692023810527,-0.28163449646679817,0.61717733301736155,0.77709001922249543,0.12338250132964301,0.14865849595534092,-0.26915029781659583,0.95155597248166868,-6.1531985193042242,-22.016243873805124,0.14178548891612142,,0.297222806770604,0.6857142857142857,False,2
0.9156505651892527,-0.30509020846097884,-0.261732701758567,0.35599326140723392,0.91785993068339633,0.17550483035663877,0.18668915421428064,-0.25387617522545924,0.94904902262825652,17.129202237454308,6.6617356126958649,2.7504392259147763,0.8690413700579098,0.8098454361049994,0.8387096774193549,True,5
0.92037211759814974,0.3349893969111325,-0.20173564163284463,-0.31338394044100942,0.94042588060143639,0.1318698940952053,0.23389243472495119,-0.05814866337355154,0.97052205638321565,-0.075696514819260374,11.675306707574684,-1.7945104461279646,0.8820803326630303,0.7817579591290318,0.9902152641878669,True,5
-0.94573954868202759,0.26733565258177805,-0.18468447394783929,-0.25219702027833607,-0.96233349101564103,-0.10154267591696879,-0.20487403208177413,-0.04945605047236247,0.97753809647002099,-19.929460005073555,-0.099515146063092003,-5.094594680363759,,0.1184744275225919,0.2727272727272727,False,2
0.34776494329844904,-0.8897516447676016,-0.29563753964267592,0.93746466297970676,0.33496592620256038,0.09464583428554238,0.014817215560691883,-0.3100642496590168,0.95060013213044492,-30.110937663436488,9.7659694341262622,-7.8716801143084956,,0.2318237652533802,0.625,False,5
0.75204552035048911,-0.61325164667498677,-0.24155734965258047,0.64553205796372359,0.75931307966216666,0.082048822021257767,0.1331010798674524,-0.21763746208861445,0.96691159763121304,-11.206104030438587,-5.1245142292038528,-2.8983802725784065,,0.08328426463572366,0.2967032967032967,False,4
-0.55050620064422662,0.82995447264506472,-0.090102699120004764,-0.83238745408899995,-0.55394039143199858,-0.016768095163020885,-0.063828279997902332,0.065769415966812544,0.99579131076540961,-16.839793263490613,4.496807104491201,-4.8469325838314399,,0.2250443343681069,0.3684210526315789,False,5
-0.94538809016547598,-0.20537962067112553,-0.25310189723955046,0.21919395863423269,-0.97529849564858384,-0.027328609255961166,-0.24123716022107713,-0.081314548505143441,0.96705355422017658,-25.264651805288135,0.80748823442516726,-6.1981385074172763,,0.4855947810857115,0.5094339622641509,False,2
0.035495904733121968,-0.94259992163008899,-0.33203227025415516,0.99755933404662678,0.013429151149862626,0.068520310535243156,-0.06012832779671444,-0.33365408081176734,0.94077602996357568,3.6101745871232236,17.137793601472108,-1.1696573252284319,,0.1108252554787826,0.2857142857142857,False,1
0.13158932429257714,0.98150256995283136,-0.1390573799127936,-0.98672012610840887,0.14316065202610395,0.076736043969357695,0.095224169541295201,0.12711307126904334,0.9873067530649845,-7.5036670113491608,-14.414160634345652,-1.1327157680133288,,0.1027453611705561,0.35,False,5
0.48043744889803575,0.85143839987549474,-0.21031526077250448,-0.86051896510590253,0.50394969128368949,0.074443396941184792,0.16937227751145076,0.14521487483220674,0.97479519476557352,5.1479468679343929,-7.758443426259829,0.97051877648318174,0.2091241884059346,0.2000303729027424,0.7058823529411765,True,5
-0.96605555964954537,-0.078594017406982408,-0.24608867527384365,0.10106064571010953,-0.99165701082364477,-0.080019489956951295,-0.23774650693303573,-0.10217315357835388,0.9659385307197319,-16.047445186969814,12.134280832151582,-5.1868485819637016,0.6919651173299626,0.4506644668269847,0.5378787878787878,True,5
-0.79866278903473786,0.574215139283211,-0.18004089321378663,-0.58326868978987489,-0.81227279998886093,-0.003245598413327902,-0.14810599218822429,0.10242007721252888,0.98365377184338731,-10.565275299018571,-11.783712854395487,-2.0798219748987301,,0.07572385553204093,0.1052631578947368,False,5
-0.42912189596867234,0.89856234951373937,-0.091870030132801317,-0.90247895255464616,-0.43072608339690388,0.0026040885994332921,-0.037230882290408267,0.084028240002473553,0.99576760154464039,1.3739813535004666,-3.0525670441053543,-0.4845795900303918,0.7311832835814578,0.7902730441894799,0.75,True,1
-0.45447481944083556,-0.81545952986380044,-0.35843882832155549,0.87314268621189062,-0.48746098816799588,0.0019064440629442125,-0.17627957343068418,-0.312101810582045,0.93355126898446517,-19.869354505607951,5.1326751303752109,-5.4466696752151433,,0.2014782143482703,0.3544303797468354,False,5
-0.66454471058789299,-0.62137724671490902,-0.41505499020569803,0.7183308116361542,-0.68424428212651456,-0.12574023791656325,-0.20586688097845376,-0.3817067980036104,0.90106534040214492,-16.803811772812953,14.971263769568775,-5.5362308835776721,,0.572333580993967,0.509090909090909,False,3
-0.81773346444037909,0.56806278073126493,-0.092825956942008042,-0.55458534684270422,-0.82074524487290601,-0.1371580697074446,-0.15410085723867378,-0.060678827991134138,0.98619014679316752,-20.551133552327254,28.617790472246242,-7.3049633063099009,,0.4592368413588059,0.4615384615384616,False,3
0.97361505121609659,0.036358542132596275,-0.22528157594324236,-0.013789748341849222,0.99479537584469768,0.10095545076258149,0.22777966302141009,-0.095185170126442328,0.96904912594865589,3.3616199348138847,-10.711419945614635,0.93752306981395961,0.2520047042768042,0.1931163194055743,0.4259259259259259,True,5
0.26370376412870883,0.9622608330635084,0.067189388568982378,-0.95802045890494503,0.25314389627618322,0.13459185747166222,0.11250388928347999,-0.099861188306751031,0.98862056319199365,-9.4848093692868698,-19.370272097590718,-0.96300164125124621,,0.4019194717875175,0.2142857142857143,False,2
-0.79125513038665274,0.59063476316629893,-0.15832212472137464,-0.59436180656199389,-0.80371516301154156,-0.027856411213466305,-0.14369885711850197,0.072059095781314114,0.98699449095626424,-5.0138877961879533,-5.7014398862985445,-1.5753780998473155,,0.133334361768385,0.1132075471698113,False,5
0.65032391352876151,-0.66866272239860736,-0.36051209572928106,0.75121527191307635,0.63661770036375376,0.17433737071588451,0.1129354804177938,-0.38419795321949368,0.91631736314704471,-19.652007026904244,-17.240757930665154,-3.3542524024967784,,0.2968223058737878,0.2105263157894737,False,3
0.95946386698959285,-0.11410939633461226,-0.25769775631450337,0.16623333975734825,0.96750911730988265,0.19050612765832953,0.22758638951944565,-0.2256217046084088,0.94725882509222414,7.5640826094283211,-13.098609309722759,2.2532630245287137,,0.2741979451849922,0.3571428571428572,False,5
-0.96855248493404444,0.11166483767322929,-0.22234443540485055,-0.12411174627496371,-0.99134594185690095,0.04277263144156386,-0.21564405478628304,0.069023094622511522,0.97402949341591549,-7.3795249970376195,-4.8839131515544816,-2.1458992111885054,0.2422762081847102,0.1990946945000842,0.8015075376884422,True,5
-0.19411648161864647,-0.9341536290311615,-0.29945916070794781,0.97442322781867974,-0.21884705066372714,0.051042546010296085,-0.11321733370567756,-0.28189176253253478,0.95274281396653826,-7.8642913925077149,9.1940120877500018,-3.4538630551053906,0.3320439803608159,0.2911640872464958,0.8344226579520697,True,5
-0.96470564426929584,0.18645890765822445,-0.1859464860379616,-0.15567793107441866,-0.97335361473449045,-0.16836603713246787,-0.21238503170269016,-0.13347590208799731,0.96802726297891228,-24.701035450159399,7.6884374896437988,-6.6106006044197629,,0.4547720960590202,0.196078431372549,False,4
-0.31113028425374328,-0.85159241303622268,-0.42188660594919081,0.94055352667136549,-0.33954528967619552,-0.0082498318022148701,-0.1362241156559339,-0.3993737075945929,0.90661106986177187,11.407951052215695,-3.9001803654519582,2.0353343184282799,,0.3733138433258645,0.4130434782608696,False,1
-0.89661637462168398,0.38675186041253989,-0.21564339829382015,-0.40146425934295032,-0.91546574914175971,0.027366231354226993,-0.18683020427779962,0.11111012832211062,0.97608863027583703,-12.249675675464076,-10.544836374663104,-2.5818588536301501,0.5141478677398039,0.5016401302367525,0.9121621621621622,True,5
-0.16433596720339927,0.98174947451882077,-0.095716556380506412,-0.98622943961079712,-0.16535911745550069,-0.002802627215928985,-0.01857908308547062,0.093937913306381737,0.99540468459584119,-21.80335304230762,0.73581466787068683,-5.527886139986415,0.6430283105644394,0.5347025551893505,0.8333333333333334,True,2
0.59919010678204465,-0.75997058663659944,-0.25182518416898886,0.79617177618883472,0.59868846139538456,0.087650607484168447,0.084152948461943475,-0.25301548102685417,0.96379533492641012,5.8804668557330446,0.72150316091437561,0.29529204753808541,0.7096265143238158,0.6151962543008345,0.9927007299270073,True,5
0.4766476943759082,-0.83712089627274366,-0.26839444940171758,0.87744773538594512,0.47171753523244841,0.086994474653865783,0.053781475548827652,-0.27696781758490296,0.95937291024400329,-2.0191094829663103,13.426045495926214,-2.3149719729974798,0.3403939359299299,0.1625643115166643,0.5070422535211268,True,5
-0.6901726168205532,0.70323646898507697,-0.17064649917437694,-0.71536774603493569,-0.69860119874197646,0.014330144771408468,-0.10913636847525114,0.13196527499942687,0.98522810519714654,-2.8915041592198993,-16.077350119611804,0.11498739552008465,0.2183312772718648,0.2017850516731591,0.5128205128205128,True,5
0.66791600419488217,-0.69237202152018973,-0.27296372498262395,0.73833278713796269,0.66254698546663737,0.12608008362212142,0.093556970758098879,-0.28574897351542478,0.95372669950958733,-21.335890551287349,16.921962470849902,-6.6148858380981208,0.4250814172443231,0.3962428669849755,0.9012345679012346,True,3
-0.56309508163613664,-0.75473796961672512,-0.33659252257888295,0.80600887881715977,-0.59149067222452589,-0.022101401296832177,-0.18241057070547678,-0.28374175210955765,0.9413909930547989,3.8114049817149143,-5.0716972816086772,0.31302868698844566,0.2267218012920084,0.1937074973362221,0.2222222222222222,True,5
-0.96757721966076138,-0.05756771527614022,-0.24592739203154534,0.060423497556671008,-0.99816450990998451,-0.0040757943006526562,-0.24524136057478374,-0.018803438888871187,0.96927968396607955,-3.7328040410177232,-5.9367832606816027,-1.2501570326021627,,0.1428708874141692,0.3928571428571428,False,5
-0.47869088827108908,-0.82985770146784277,-0.28669012679327627,0.86210148028572176,-0.50609442241728853,0.025484765788191303,-0.16624100329161709,-0.23495665751925471,0.95768434147790904,-5.5709003727012076,-2.8806915120087586,-1.9782053075024344,0.260298865568695,0.2740904838543506,0.5365853658536586,True,5
0.25235220843504674,-0.91601389286640655,-0.31182833574530772,0.96758801490179458,0.23568713822438894,0.090691820436048592,-0.0095810394196804705,-0.32460764154796384,0.94580023405173119,16.465289784010999,-5.2608583111389473,3.4940862032202227,,0.4774019251286894,0.3684210526315789,False,2
-0.7112397952087578,-0.66220037337237014,-0.23585720090109349,0.67390178319453864,-0.73777890873599317,0.039225864318696665,-0.19998585029602944,-0.13104559256160309,0.97099573240645776,3.544640214607591,-6.3075760950206492,0.39886655502336238,,0.1068788267581599,0.3235294117647059,False,4
0.047856291527061008,0.99855173956453147,0.024580455120377931,-0.99808380124334906,0.046838547436853208,0.040433601986868253,0.039223730787671926,-0.026468356327011,0.99887983514356837,-8.7622967850770959,-8.5012671794759349,-2.1100873900823482,,0.3509146276530615,0.1388888888888889,False,3
-0.97364169750979868,-0.0083724001455335127,-0.22792926048676029,0.0046516805505587575,-0.99984710138562871,0.016856325780323554,-0.22803553832307347,0.015351767538622944,0.97353177477427344,4.6285577065325834,18.450951690993008,-0.99464635706981963,,0.1586559502137812,0.3636363636363636,False,5
0.90973012030033196,-0.3413246102733018,-0.23640773811388574,0.37321505475015598,0.92174074351961377,0.10537800834969992,0.18193853667154497,-0.18409647513651617,0.96592280059854063,-2.9802726219908084,4.0010501489660291,-1.9660943861382227,,0.0913165950725632,0.3607305936073059,False,5
0.22959313670330619,0.96984449562235042,-0.081784142043346469,-0.9665710533753491,0.23705664233950932,0.097696197979177626,0.11413759396274997,0.056619807786209925,0.99185019383506068,-0.99894050000964019,-10.650250270361896,-0.094342211981452206,,0.5108125358758336,0.2647058823529412,False,3
