axis_00,axis_01,axis_02,axis_10,axis_11,axis_12,axis_20,axis_21,axis_22,location_x,location_y,location_z,dbh,dbh_approximation,score,reconstructed,number_clusters
-0.2804858631265541,-0.86786167693392302,-0.41005339932207818,0.91537525622606997,-0.37039386383515455,0.15778632996024244,-0.28881797187018921,-0.33109590052234816,0.89830934748675895,-18.997665349503272,8.3184524736146646,-5.4467393817384462,,0.2141123880492913,0.2666666666666667,False,2
0.52307712293723185,-0.82064412048303192,-0.23007292534398852,0.85221627800809074,0.50705378963391545,0.12893358722971712,0.010850758394976831,-0.26351410196518404,0.96459451538340102,9.79156838531995,3.753367277940729,0.62476051543955946,0.3224093283491062,0.08500209421189174,0.3,True,5
0.86355933587335731,-0.43537733729201589,-0.2543852346314176,0.48522956616148077,0.85473565594761525,0.18433455068039128,0.13717704453992388,-0.28261905920216152,0.94937291188814621,4.8947774058986742,11.127748506335537,-0.88859404386985996,,0.08247080202287509,0.3043478260869565,False,5
-0.67458257517534059,-0.69122977101738925,-0.25911339781851106,0.70405331261532356,-0.70796239523542881,0.055661296498592763,-0.22191728699043689,-0.14488150534751598,0.96424170576834212,19.512103444821811,-2.4936639265661507,3.2642760709344243,,0.1335962133564637,0.6842105263157895,False,2
0.3228012317034632,0.9316341933961868,-0.16690444723183151,-0.92970884870458281,0.34515383014427065,0.12849237400382374,0.17731559844279243,0.11369504488664461,0.97756463485393019,4.6523255656167919,-7.9689902584801597,0.42195875627181256,0.1562273311145319,0.1433178949738289,0.2631578947368421,True,5
0.31049130840942851,-0.92292764460193188,-0.22759549694959275,0.94975719366105549,0.29126362681613349,0.11457212917192786,-0.039451495425116959,-0.25173411076658436,0.96699199427155558,-11.449182820532274,1.2326347498839012,-3.4009691550935197,0.1195108130205337,0.1138640010191003,0.5723981900452488,True,5
-0.97584594576061334,0.086102550770223454,-0.20077609641946065,-0.10235266736653115,-0.99213949686832403,0.071994098625000336,-0.19299901975277417,0.090805118273867863,0.97698813138632268,1.6395833992170477,-2.7951008202463514,-0.64819541787669588,0.2850403776132979,0.2212272083472241,0.4094488188976378,True,5
0.60725179461687362,0.78925249521919616,-0.091245584686933889,-0.76703036813128433,0.61231300163578384,0.1916695134656628,0.20714649960589215,-0.046403521612593507,0.97720880106708863,11.413550427585561,5.3366498220492691,0.85436438296022077,,0.1429662735095847,0.3684210526315789,False,5
0.80872604606691501,-0.5268396101918158,-0.26153815695976668,0.58290532266264583,0.77732214064617888,0.2366255997832874,0.07863566127739044,-0.34381726948217656,0.93573827429537659,0.5066567986371332,4.2335870191056451,-1.3636820492993298,,0.1852182917501156,0.2,False,6
0.95782839520221796,0.22632288066833456,-0.17703875008125058,-0.16965748066169223,0.94271098308852241,0.28724961552593842,0.23190753459056088,-0.24509988994338355,0.94135271782147079,-4.0434018814555301,5.1681216606918818,-2.3842205142245572,0.8858635707594127,0.3649746424108743,0.2276422764227642,True,2
-0.754219119021872,0.6528789333499937,-0.070018703855806108,-0.65041792033724033,-0.75745718994166578,-0.05670215436696846,-0.090055812727729667,0.0027755708333053186,0.9959328525560841,-1.9329018280155128,-20.078138212936491,0.016042775465991439,,0.4651606775091588,0.1578947368421053,False,1
-0.85852108944499894,0.48996737257010659,-0.15123991799428813,-0.49753555952586653,-0.86732330236428334,0.01444493624758926,-0.12409635766393545,0.087648519626178173,0.98839153730790519,9.0182534785199788,14.017372861056433,-0.24361129551630037,0.438675645762375,0.286407308531078,0.3333333333333333,True,5
-0.9480166332895219,0.24742462827830916,-0.20011375846688068,-0.26419216020468272,-0.96250603901512133,0.061519324978459675,-0.17738930489965812,0.11118982948436659,0.97783938166063555,-18.178604441377509,13.762523840463482,-5.7453173536207007,,0.2533053936529699,0.4166666666666667,False,1
-0.88294180335816919,0.42651282446859573,-0.19621565290884635,-0.44787972005542265,-0.89054073049792004,0.079630168198409873,-0.14077474292535727,0.15818981600612436,0.97732208297277723,-2.2322310968269012,-9.7816069825705387,-0.84577687549126745,0.1203884127131789,0.1011237509627098,0.3690476190476191,True,5
0.21151479599822984,0.97574450749892205,0.056428247886259941,-0.96288745179593049,0.19812825815421675,0.18328379223137986,0.16765812311894346,-0.093101285740112033,0.98143920053448597,-13.184103041999661,3.8544250340898798,-3.9936686950558018,,0.292577971870055,0.1458333333333333,False,2
0.87935476877184415,-0.41534605595794594,-0.23285799200026466,0.45477032539789963,0.87751351779709397,0.15216430994440677,0.1411351897143481,-0.23970331637995285,0.96053275755736045,2.9598331248479859,9.7309789742267121,-1.2507095439860991,,0.06792377356347792,0.1304347826086956,False,5
0.39494539614222013,0.90275694641496207,-0.17043482556566786,-0.89883062354333076,0.41807291761777138,0.1315999458026953,0.19005695000913025,0.10121724780934788,0.97654156311911755,8.8458264498390662,0.74736939991892304,0.68025894863233027,,0.09886064764834587,0.3,False,5
-0.69628063964889175,0.70889166484567789,-0.11254278458636723,-0.71433685720903317,-0.69969609622317597,0.01217486602674582,-0.070115085986194106,0.088870582547720983,0.99357228940564635,3.0607918200739079,11.2814755335414,-1.3166468787798757,,0.7512787992807846,0.5102040816326531,False,2
-0.47176497841706067,-0.8477369900246976,-0.24244545960487174,0.85810707951703624,-0.50464532947914731,0.094790988588720745,-0.20270679619069121,-0.16332509659801231,0.96552310567865585,-3.9019080129113486,-8.7005276154783413,-1.2918846391493779,0.5668532555502316,0.5530943843340905,0.9923469387755102,True,5
0.40276307783517534,0.90054787630646005,-0.16369308358223886,-0.8940679278289585,0.42537616656107108,0.14034834288099216,0.19602153851138207,0.089825605490489929,0.9764767877619509,-3.9209904671636431,-15.31924015376023,-0.8004067914333387,,0.08441904412789868,0.24,False,4
0.97148216202185156,0.0698314396060319,-0.22659651126153563,0.018720423494894452,0.93007733804369153,0.36688648244618283,0.23637249124532647,-0.36066565583669125,0.90224626908753047,5.9721803679461143,-10.530060073565744,0.9242115084685264,,0.5020269927697149,0.3125,False,3
-0.79199044520484208,-0.54924292717948109,-0.26661459383828162,0.56281891587298949,-0.82604213125408288,0.02982055212040137,-0.23661361465433334,-0.12643814430988826,0.96334178411594029,-12.928566569409488,-9.9482444408558859,-2.8335608510948287,,0.1338828429492309,0.3684210526315789,False,2
0.94011345547696246,0.31814456184147216,-0.12235492880085985,-0.26120202024426059,0.90302025302630518,0.34106880133577838,0.21899816312353534,-0.28868401478953681,0.93204149272095838,-11.076258322780678,-15.698613342277614,-2.1532582426097897,,0.1413672259247515,0.2727272727272727,False,3
-0.96260954161838097,-0.14604928624960734,-0.22815011806096308,0.14332789335180524,-0.98926352691933939,0.028544514261829107,-0.22986949639433382,-0.0052230540003449094,0.97320744671129877,-3.0376598653357916,10.616715133167721,-2.4758760710251644,0.4593596873506279,0.4663171138824646,0.8133333333333334,True,5
-0.81832885767911123,0.55412320840971807,-0.15259538194625502,-0.5670899789272178,-0.82164722707164473,0.057487303344363916,-0.09352452346807727,0.13357883120913822,0.98661535532489653,-3.9188213729752412,-20.272320662119807,-0.26506300500128899,0.8909867904272023,0.4932902075006537,0.6379310344827587,True,5
0.38778569779812561,0.90637174789998687,-0.16766784781807342,-0.90123336948167265,0.41099372013334334,0.13734109269867767,0.19339251876929572,0.097848947974308875,0.97622995091545395,5.9293909378100338,8.350493654983973,-0.57784793704870929,,0.08247681226907978,0.2068965517241379,False,5
0.85504853014278492,0.50688701091589849,-0.1093506710789139,-0.46689596736393679,0.84431461653277962,0.26294673218809594,0.22561065302852257,-0.17377682950799475,0.95859347315021548,-10.503732661383898,-18.343881098278096,-1.9067925711133611,,0.5610763265408661,0.25,False,3
-0.78678355548418943,-0.56821149602770726,-0.24105462576273784,0.57160555708677296,-0.81812228769015216,0.062793387328224343,-0.23289208644172216,-0.088383359104457215,0.96847801105974263,13.115709095192605,3.5694348887369398,1.3711388788665104,,0.08756016732992744,0.1666666666666667,False,4
0.47654908088924952,0.8690943981841055,-0.13257413227557063,-0.85513440050163647,0.49323604936727161,0.15957241830364832,0.20407383610428803,0.037324611847616374,0.97824370315791276,11.494326953024448,-1.5548076447444608,1.3249983239174403,,0.07414274097849208,0.2142857142857143,False,5
-0.88647797948490592,0.41624929576052228,-0.20222095753711616,-0.44003842973083618,-0.89346781380493678,0.089896863430523805,-0.14325841074219287,0.1686765824692199,0.97520522879962335,-13.635286673125851,2.0401689822692908,-3.9279665356053481,0.9184293355566691,0.8434875382931027,0.9966130397967824,True,5
-0.24021137573007012,-0.88788998466020075,-0.39236446081414467,0.95555318637273901,-0.28745448519486844,0.065483027986319775,-0.17092864880636915,-0.35919534251081336,0.91747594133893628,5.0129688912194386,9.005515748489815,-0.83425833541800776,0.5719813816796768,0.3844915161345374,0.2619047619047619,True,5
0.95259211336457283,-0.12966717768729985,-0.27523569642440249,0.23782928734994865,0.8815434119059895,0.40782158231726917,0.18975114132523999,-0.45394673250917433,0.87058995423219288,-2.0323271905581337,12.120419089269891,-2.4406963734431182,,0.3737781653756811,0.2105263157894737,False,5
-0.41782444698087873,0.90690177803506411,-0.054331358366620841,-0.90841284960276014,-0.41607271030850579,0.040860670737606117,0.014450819413297594,0.066427891230818797,0.99768657858312948,4.1576102272131443,-10.028606729781071,0.46468289186770689,,0.2948434785266982,0.3928571428571428,False,5
-0.1833727964964835,-0.95303953894243165,-0.24101878498875681,0.97054046347628797,-0.21449371061289418,0.1097435959987836,-0.15628699965221493,-0.21379449319360261,0.96429574738240931,-17.892623055157728,4.3940796943660629,-4.9174228006943626,,0.08784012135685829,0.2068965517241379,False,4
-0.96281597813584407,-0.097068298258220734,-0.25211730944060884,0.14305917709517033,-0.97482787385607306,-0.17101078387663599,-0.22917125494959292,-0.20071960996998259,0.95246636375166949,-13.052068115676846,8.9336877004419701,-4.277447927580825,,0.1275271615586464,0.3809523809523809,False,3
0.42053926178045703,0.90553579048776267,0.056139660195360236,-0.88605436361755652,0.39661199791876794,0.24001372423503106,0.19507535471051818,-0.15067798529508403,0.96914485539158679,-5.9408450607822703,-21.787230835448895,-0.54209070387046154,,0.535887929691042,0.3448275862068966,False,1
0.11506993131409483,-0.95899345505118994,-0.25901826977328929,0.98950411226323953,0.087713692220334288,0.11483866949426168,-0.087410083637445929,-0.26951412090288596,0.9590211759457854,-20.786378613584013,6.4750670993953889,-5.6634563418697947,0.2051321057215582,0.1820405395556862,0.5806451612903226,True,5
-0.50076500166861404,0.8450345432971762,-0.18748608945296938,-0.86537050314985331,-0.49355915517900278,0.086794312124468087,-0.019191284011330106,0.20570848541934994,0.97842511907885654,-9.0283390498340079,1.8598975242458806,-2.9515295765585416,,0.08205973916006537,0.3966480446927375,False,5
-0.46039121363452479,-0.80020304110951457,-0.38433712207801995,0.86346708619164103,-0.50417101605373016,0.015368071937202174,-0.20606921524538074,-0.32478712962559775,0.92306489422885041,6.0082702441913183,-11.881973288177408,0.96646253887007383,,0.273014727561918,0.3529411764705883,False,5
0.96772589093330663,0.15457079485363576,-0.19903383982542369,-0.11468699960914047,0.97340267652167367,0.198328317345491,0.22439583805853028,-0.16910085369020475,0.95971423306276582,3.4880751927358298,-9.086810903960485,0.29550709310815143,,0.09108185342618298,0.2058823529411765,False,5
-0.97225692154238208,-0.082425854180740041,-0.21891198476900517,0.064310314959722448,-0.99398563927640404,0.088638210169537879,-0.22490144931216222,0.072100814661508861,0.97171025034340108,15.422300605863523,5.750223722195944,1.6983221850192183,0.6642122540891717,0.5579620129425917,0.8095238095238095,True,5
-0.85794065517714191,-0.42761391551432559,-0.28475282518831174,0.46087475114165821,-0.88551482424471473,-0.058804419927143678,-0.22700725969521915,-0.18168609000515262,0.95679562537895657,-12.03054230524865,2.9904721679367925,-3.6908079209334566,,0.08722674981285088,0.2222222222222222,False,5
-0.97620902412102539,-0.055399858917616972,-0.20963491325774694,0.038267325282791601,-0.99565268824626296,0.084919586690531207,-0.21342809805734572,0.074877099435660233,0.97408514357818132,11.413109149410257,-3.6474715828828876,1.5326103258632797,,0.1039438878728762,0.4736842105263158,False,5
-0.87027289943886477,0.45506194978006526,-0.18853037517767918,-0.47346672068280654,-0.8783814087402122,0.065386276736245058,-0.13584676995843611,0.14616676312323898,0.97988822446743085,4.1090844455274258,1.4325240815595079,-0.39247786787293015,0.2466465138872522,0.2278535610232316,0.7508771929824561,True,5
0.2455897574484289,-0.90163390302475321,-0.35600839309315624,0.96728810644493091,0.20385758367918469,0.15098279606188092,-0.063556196917383775,-0.38144251269730478,0.92220508529315992,-8.800133213380068,-21.638744881732027,-1.0801891780560531,,0.5518330554264124,0.3636363636363636,False,3
-0.97101041413582534,0.11885654038529368,-0.20739310125318755,-0.13536997685184313,-0.98850761117824637,0.067287978196783851,-0.19701204279664561,0.093412126891097291,0.97594079202725048,-20.093455150017693,10.76974108487631,-5.8638690343042734,,0.1504701760908534,0.3333333333333333,False,2
0.90254570989642047,0.38224470860852222,-0.19824284170772252,-0.33407657312710004,0.91208404738118876,0.23768789157296732,0.2716690722832108,-0.1482958976288129,0.95089654637675736,-6.4395657325982913,-18.744109052881168,-0.99930135648170326,,0.1684110889382147,0.3529411764705883,False,4
-0.97448563556183088,0.03100758797363206,-0.22229771832322689,0.014119031282404604,-0.97998136364444699,-0.19858796505633747,-0.22400535493443396,-0.19665974778186851,0.95453996488521664,12.407577309213329,2.6059244155206223,1.2808857560077214,,0.2992404218775296,0.375,False,4
0.72281072438342386,0.68222204325946467,-0.11008060867923269,-0.64493325767998855,0.72317923774515169,0.24712928444969381,0.24820505606168947,-0.10763305154654684,0.9627093935140506,-9.8787277970815612,10.052841542670283,-3.7665632617777289,,0.6980244781397378,0.6851851851851852,False,2
0.48255946703946101,-0.84411268815782114,-0.23368810509217144,0.87585418891487954,0.46627250932053221,0.12437598969332404,0.0039749881573658968,-0.26469551704347477,0.96432384743209465,9.5720567643671437,-3.8845978805662154,1.1106265206017021,0.4092384348810358,0.3867451318561277,0.8383233532934131,True,5
0.87137105832004125,0.45192061388989019,-0.19099800382097365,-0.42746243690213936,0.89037533370749122,0.15654913018908193,0.24080769040854241,-0.054767909095184614,0.96902638373443961,-31.687867766972463,1.7177058653279609,-7.4495747685132816,,0.3173366010605637,0.6363636363636364,False,1
-0.21033549175646535,-0.90028420504153661,-0.38111327851479282,0.96210142362755402,-0.25982245241454011,0.082783717451726482,-0.17355065992786989,-0.3492572739028097,0.92081459863784654,5.6445521878176868,-14.018496992609549,0.93448733268927964,0.2289052196723076,0.1945891714813471,0.5135135135135135,True,5
-0.42326560916297057,-0.83522547433504513,-0.35106214709321637,0.88465820687800367,-0.46462322219597285,0.038795855443944094,-0.1955149127388888,-0.29414905816274717,0.93554810163811142,8.3328320938872764,-0.95742713130736556,0.67341030324239215,,0.08196851902217751,0.3333333333333333,False,2
-0.77018514189529508,0.61595012853975917,-0.16559071941258693,-0.63108188177904556,-0.77355704346521958,0.05783734948601163,-0.092468944483771714,0.14904677003277295,0.9844971074862815,0.63997349768768141,10.477203259425723,-1.7310297822296625,,0.08506598496063197,0.1481481481481481,False,5
0.85816985460426676,-0.46253184457993202,-0.2227303153995373,0.4962836122295729,0.85845482776655768,0.12945224956197879,0.1313281267697772,-0.22162942366431299,0.96624702932809359,4.5026190751243593,-4.2649623548408915,0.057684443210284042,0.1924237646881387,0.09162266093042494,0.4285714285714285,True,5
-0.38859780774613739,-0.87602183105692044,-0.28561774336790924,0.90347425861875508,-0.4231254926271461,0.068549846843929729,-0.1809033107164911,-0.23140995873279907,0.95588881318440877,2.9434187622499186,7.7571204503918532,-1.1601698758433083,0.2846146005863199,0.1737390144328485,0.6164383561643836,True,5
0.82891369183063368,0.5461291303250968,-0.12101679431411405,-0.51258659086120129,0.82820628925400996,0.22655976983876963,0.22395776022500941,-0.12576690920292999,0.96645000190622432,-4.5151019681515887,-16.437018634389375,-0.84565060727701979,,0.1527742705201092,0.1666666666666667,False,3
0.71019623786793928,0.68637550247815027,-0.15655661377307717,-0.66486217757032484,0.72703322678271154,0.17140878621110522,0.23147265185043214,-0.017645303958432362,0.97268137367461882,14.454524672621858,0.26291498717096218,1.9089140159894435,,0.09748148910119024,0.25,True,6
-0.10011445320548486,0.9864507651227522,-0.12996916652846219,-0.99079948130347084,-0.086884079193135982,0.10376677999982967,0.091068568167831432,0.13916193722242165,0.98607325849571814,15.546008089663731,-2.4305786615274374,2.355921902809337,,0.07994899228152175,0.1739130434782609,False,3
0.65399433042846655,-0.7201663590236016,-0.23162864913069736,0.75442416955781177,0.64354032840608044,0.12922854987192572,0.055996322686661174,-0.25926099021195576,0.9641826335295034,-9.477976731761391,-5.3926367286647698,-2.5574112158793909,,0.07207500966121963,0.3380281690140845,False,1
-0.7990929696492246,0.57689770944932561,-0.1692319671022828,-0.59218384857769213,-0.80385946857135027,0.055930709560149505,-0.10377242090699952,0.14491027437801113,0.98398795573868325,-3.1283325536578461,-17.044717130600706,-0.56043842597580873,,0.0975467369510187,0.1944444444444444,False,5
-0.5578464163144875,0.82147060665653082,-0.11829377922965495,-0.82968775332270384,-0.55552326695901522,0.054882892175122218,-0.020630263968423865,0.12876312463797071,0.99146076570989883,7.4786273198550024,8.8290051556132934,-0.26323253550760428,,0.1037371727411132,0.1666666666666667,False,5
0.43672245141951965,0.89147680349811653,-0.12059274128614492,-0.87990634847222593,0.45120136029884228,0.14893673281883385,0.18718525140726183,0.041066303574292556,0.98146586306725192,16.486203118254405,3.9108802630554362,2.0728350234358079,,0.1369608934864463,0.3333333333333333,True,4
-0.97160492209467231,-0.085215764717572681,-0.22073094211054223,0.07898000489683997,-0.99619153520740855,0.036940276225330887,-0.2230381899762984,0.018458023315293476,0.97463494047124688,1.3901534816717425,5.5707400384806887,-1.297162416358514,,0.0829751220675232,0.25,False,5
-0.74954051600362093,0.64370485719634085,-0.15437963496156581,-0.65348181953402396,-0.75674116232445798,0.017444907059986081,-0.10559605299218902,0.11395994939305945,0.98785758261340706,-23.763355331081328,11.200854391931239,-6.6519278846937588,0.5315178964778092,0.4376471953936991,0.6046511627906976,True,2
0.049920150668983559,0.99646920415051199,-0.067506323680324803,-0.99361731292894973,0.056395627814824406,0.097694260891960441,0.10115638390650686,0.062198539717734619,0.99292433128206792,-17.553358905946219,-1.3373668871394706,-4.3259179534320777,0.6291735419108166,0.6869474521225883,0.3006756756756757,True,2
-0.95706965843109559,-0.18236494187477997,-0.22530134683484521,0.17675275805212978,-0.9832255198195804,0.045011550700697608,-0.22973056268496869,0.0032565550086521497,0.97324881886284564,-5.1380456703133115,14.087129298121219,-3.1585779319204317,,0.152772814497142,0.2,False,2
-0.65269261115878474,0.73871307775456085,-0.1682121995965527,-0.75557695300994143,-0.65098901078515947,0.072916225335455928,-0.055640124181556005,0.17468914274030459,0.98305029372342756,-13.120148455678821,12.315319120316955,-4.6259563681026172,,0.09929228603750159,0.2941176470588235,False,2
0.89354382159388102,0.40398156022113607,-0.19590389963627144,-0.37978428910618195,0.91281524322097107,0.15010737987037848,0.23946467931516219,-0.059726298602332195,0.96906627049740546,7.0633599986964031,-0.45302315887296452,0.37411942879686022,,0.07432840948655263,0.275,False,5
0.95534204943213918,0.21587836700502147,-0.20178726234835992,-0.17858877473165302,0.96583987435842988,0.1877748296208494,0.23543070769686661,-0.14335225062250467,0.96126089804735904,-6.5754438597617675,-20.492449942641471,-0.78550242999826247,,0.1632908403860657,0.1333333333333333,False,2
0.67269570861297945,-0.69665953618845988,-0.24929094297900467,0.73706568137990658,0.6604846455455804,0.1431580047727089,0.064920450904590712,-0.28004557421285725,0.95778902239383379,0.081142290107519499,1.5706791128139785,-1.2869248868477448,,0.07418490433620137,0.2608695652173913,False,5
0.3307969970102006,0.92588137187270658,-0.18252953730328064,-0.9252142680534432,0.35628996409731839,0.13052210415812346,0.18588142715012157,0.12570261215522863,0.97449830596978848,-0.82277273659522532,10.668047142135809,-2.0588687058373414,0.4879179211277476,0.4192762671393183,0.8226950354609929,True,5
0.81548051025761714,0.569157249901586,-0.10512641092723453,-0.51921524471152392,0.7996401896549068,0.30164730522220506,0.25574805385208788,-0.19140426320521037,0.94760611066927036,-8.5416362492281532,-19.361781657405352,-1.3456355725619329,,0.3334149232595793,0.1333333333333333,False,5
-0.90775392585053705,-0.31178538780356441,-0.28066471465989401,0.34474369827044976,-0.93564666382121997,-0.075611526786826144,-0.23902843472221419,-0.16539405198616691,0.95682297995075671,-15.516116225018008,5.865759142571954,-4.5662266232231596,,0.09827314610097082,0.4166666666666667,False,3
-0.043843366798785297,-0.9581192023087467,-0.28299355709096941,0.99084183263083225,-0.077913757674937204,0.11028104584989354,-0.12771147911022848,-0.27556676238658351,0.95276058775080297,6.7006457413230454,1.5903496663045456,0.14807601908116919,,0.0776001151874206,0.1956521739130435,False,5
-0.91468276789818082,0.38106479582963987,-0.13470358380324926,-0.38023767494666433,-0.92430564687476491,-0.032838722669716824,-0.13702096431305319,0.021182363766553261,0.99034163943761555,-0.51115496355972434,8.4935239102197801,-1.8582603380852885,0.1476455396796773,0.31018261021336,0.5416666666666666,True,5
0.33288494664250229,0.93149643377540225,-0.14663562378401243,-0.91866589542104471,0.35543693871498633,0.17238780463585249,0.21269834246901906,0.07732384147613941,0.97405361179470262,-0.72407255381696034,-16.769855515488782,-0.13425235768585522,,0.3992229282806394,0.4615384615384616,False,2
-0.48812199862690103,0.8679598472970661,-0.091556637861673465,-0.87253918972650879,-0.48773789251886157,0.028055491310386135,-0.020304601643158365,0.093581257104793314,0.99540457677810557,-7.7388730059457398,-21.280787710775851,-0.88331988585296106,,0.3208447200340146,0.3529411764705883,False,4
0.97037705283906062,0.12759561578396467,-0.20515295307669923,-0.081186441439340881,0.97199694360415489,0.22052370246891381,0.22754590097339916,-0.19733550227187308,0.95356256349193569,2.4047979818635778,-10.131168501491612,0.085655601850324267,,0.312423682570817,0.2162162162162162,False,5
0.77253897499227364,-0.59476986876568971,-0.22233383756488737,0.62715675799314097,0.76948255950128441,0.1207103621354994,0.09928712414718259,-0.23269162819447342,0.96746921043865031,-22.837576538831776,2.8972477948376514,-5.779687736898917,,0.0862622246230781,0.34375,False,2
0.027084776807115678,0.98291131744319127,-0.18207623927190461,-0.99200268214613996,0.048890615071512343,0.11636316587646603,0.12327649200140897,0.17746844733647826,0.97637485461261575,9.0546317403485865,5.9339662733385143,0.34674096588256248,0.4239572222298932,0.3630724181670978,0.509090909090909,True,5
-0.89535653492989586,0.39694316011991121,-0.20192276491854441,-0.42104515995768188,-0.9022201985966215,0.093379261725953677,-0.14511253782682368,0.16862633506748753,0.97493974710602882,-4.5940234771526409,6.9247067098150747,-2.598238469691978,0.6200959224374863,0.5967536873085197,0.870026525198939,True,5
-0.85412386397689377,0.48337517541823627,-0.19188763580431839,-0.5038204354822704,-0.86056562963759808,0.074778110947657739,-0.12898602162884498,0.16054668129810118,0.97856393217230819,-1.8160124729443012,8.9540019156857813,-2.1211188013471576,,0.284889926011649,0.2592592592592592,False,1
0.93723613761300506,0.31022589114824062,-0.15921155364336867,-0.27236772280237681,0.93641000833204124,0.2212512595919692,0.21772516144833365,-0.16400058767231684,0.962132818957669,-13.441751696324237,5.1300486090965975,-4.1452471183834581,,0.1535410991897034,0.3974358974358974,False,4
0.40093230552477416,-0.87533844598079047,-0.27025153352853487,0.9159560830479988,0.3776598107660139,0.13563746259624182,-0.016665542714160306,-0.30191997668275317,0.95318759295635458,-5.8349330467995966,-16.901583131172142,-1.0237666559309331,0.3437148381662621,0.2270284809171809,0.4594594594594595,True,5
-0.7869413895656987,0.60334021347805578,-0.12924332164046648,-0.60368723349383968,-0.79616829640404707,-0.040960565396870596,-0.12761259148282039,0.045788979037877625,0.99076656983050626,9.1476823841249164,-2.649309013851826,0.92428949214366363,,0.4061085449160891,0.6875,False,5
-0.73982244791146889,0.666319932616809,-0.093169163159352128,-0.66778888724911611,-0.74410849425709746,-0.018988176348020191,-0.081980166094428236,0.04816945268494803,0.99546921408708755,-8.6988134721433692,9.7792908235217322,-3.5097750100248732,,0.5092729458885058,0.2105263157894737,False,2
-0.30658053041166783,-0.91050073719872959,-0.27748294710318927,0.93566122843397315,-0.34180628102714145,0.08778685468692829,-0.17477541010659803,-0.23271629468295879,0.95671138919274168,-6.7279189580995302,-23.808784527184248,-0.41801021722973225,,0.1315068892047883,0.2857142857142857,False,2
0.69790002303360499,0.70333320070095084,-0.1351220435067837,-0.67765691253006743,0.70954171896322848,0.19321402110334218,0.23176856290254227,-0.043277682960877417,0.97180778727463768,5.533849185040598,5.3982167595758801,-0.41034299158451865,1.049105835847619,0.7539236723297618,0.8017241379310345,True,2
0.69436118568148875,0.70120806032561456,-0.16177082540862664,-0.68263091686281252,0.71295612767998096,0.16033898885362988,0.2277664926235527,-0.00090340354103260467,0.97371536328642205,-5.1594298050901459,-18.993753877579152,-0.69658185007991236,,0.107224673599594,0.375,True,4
-0.71022126865771118,0.70088077834971907,-0.065968811465145827,-0.70222303012082332,-0.71194646768390824,-0.0038785461625719247,-0.049684660753205101,0.043570192704394634,0.99781414742102226,15.69829461053744,-1.5983328108708927,2.3235809485971344,0.2535505944716142,0.2323507227656663,0.25,True,5
-0.85996744285630211,-0.44325576190291688,-0.25294332718428986,0.452521299910148,-0.89143991188175686,0.023650721593137858,-0.23596709591556178,-0.094123392650875645,0.96719197504997212,-21.966675852548025,-2.1079177518160823,-5.1439860509569071,0.3195609270069101,0.3456625240588098,0.8059701492537313,True,3
-0.45549614231791646,0.8897799731876801,-0.028545816639706928,-0.89023125475729836,-0.45538114506742977,0.010785442518629465,-0.0034025559132312977,0.030325105625665399,0.99953429685131345,-1.5705547753779148,1.2890959415040897,-1.6587070951219958,,0.5540265289210182,0.2559523809523809,False,2
0.95914109310858608,-0.20250673398952815,-0.19758387130370908,0.24848039164102745,0.9368824123700239,0.24598544745908318,0.1352991444185358,-0.28503046868820575,0.94892137368645746,-6.3502687474714898,-15.119165876412961,-1.2611726187145036,,0.4695003601602012,0.2592592592592592,False,4
-0.46772918525476087,0.86421962187617762,-0.18534792803027109,-0.88360453944423489,-0.46234804463195533,0.074008806898565954,-0.021735388987994569,0.19839034953647403,0.97988205518640692,6.4255308966382003,11.7371029272082,-0.64410292297599125,,0.07153625895272687,0.3,False,2
0.80303617675028427,-0.53939566844694109,-0.25334800510555849,0.58533653009952058,0.79373686620836426,0.16541745298722382,0.11186619400579259,-0.28113004123075297,0.95312740730515966,11.465849239960145,12.546825809361188,0.39519589074277706,,0.1066280406796347,0.3846153846153846,False,4
0.87997903792423215,0.44711279744302473,-0.16039650612346987,-0.41635158774813535,0.8885548333673573,0.19266983022548051,0.22866623754623325,-0.10276407184508321,0.96806575052744681,-14.176855956610554,5.8464160922385728,-4.2614441420525724,,0.1529400728182015,0.2950819672131147,False,4
-0.1286483987995132,-0.95202101448373933,-0.27767891073625711,0.98207774045184015,-0.16119689919919819,0.097667145947714626,-0.13774215475057014,-0.26013755528549976,0.95569636974028227,-8.7639568074700787,-8.0640737788937926,-2.2189007059443027,0.3483789489412005,0.1216199970289012,0.5223880597014925,True,4
0.42924202482643481,-0.75301615866404192,-0.4987163010307088,0.90312759050957991,0.35138203999176304,0.24676145815663103,-0.010575414094127197,-0.55632483924599041,0.83089760732274343,-10.510666107122923,-10.3197161859994,-2.389270985774234,,0.4468395971998869,0.1578947368421053,False,1
0.9684233989934542,0.028087505662896313,-0.24772406485362058,0.050154880530480755,0.951370644396906,0.3039381268264772,0.24421426707081889,-0.30676536474225902,0.91992086765852354,19.424252820950741,-15.612779955990455,4.2642252870946447,,0.4348736432117726,0.2666666666666667,False,3
-0.61091382734187527,0.77089399125159974,-0.18029628341893478,-0.78941474981708026,-0.61042608001954135,0.064840987062303748,-0.060072026216359972,0.1819408010429647,0.98147282009340742,9.2313849819892084,9.3767403500894915,0.097152560655770298,,0.09370144822408709,0.5625,False,4
0.7210300757573338,0.66390013673389559,-0.19837398594091982,-0.6518769365928907,0.74699463886180251,0.13059658896768153,0.2348873972601378,0.035151357817871237,0.9713867883865408,6.0679923597398551,7.3735494211609085,-0.45891096381086827,,0.06973144661734365,0.1904761904761905,False,4
0.24808194642475542,-0.86723905327722939,-0.43168480669224318,0.96454976314324059,0.17973138946348211,0.19323659607290838,-0.089995012519711787,-0.46431998892180026,0.88108333635884628,-20.420799288381414,8.4635714082085975,-5.7552585589108984,,0.5484627283092836,0.3703703703703703,False,2
-0.41734890785643675,0.90677409210720228,-0.059838407350120054,-0.90864116159458441,-0.41539320337513674,0.042658247101669072,0.013824925572467936,0.072175012801534516,0.99729616411576294,-7.2221479224915033,10.124197008488787,-3.2406194317768264,,0.1385021853172385,0.1111111111111111,False,1
-0.89939019202120973,0.41032248073547323,-0.15077381834767828,-0.41100491630146258,-0.91120083847516098,-0.028071172725611257,-0.14890346292843293,0.036721843162491302,0.98816965393735423,2.8983867970921495,-7.3384186331966736,0.025516598043831742,,0.4852916771001957,0.2758620689655172,False,2
0.92534501714677819,0.34044651230817941,-0.16683156625418963,-0.29549099236431764,0.92333187516447568,0.24524135405107483,0.2375324665665311,-0.17763563989934689,0.95499942762515333,-5.7494242254754404,-19.794049473996637,-0.70161818029279521,,0.09301130229326862,0.2142857142857143,False,2
-0.027206907095555392,0.99904253878462068,-0.034260617406512955,-0.99036420894715482,-0.022283244896360896,0.13668281030680776,0.13578850408915993,0.037649205777419148,0.99002223180166993,0.37193955157498665,15.763851691009043,-2.1830116523826146,,0.2165358880462794,0.2307692307692308,False,3
0.80790901604036991,-0.49803908767050409,-0.31502394980860116,0.5792815324560675,0.76935492358224578,0.2693063454787229,0.10824014022547296,-0.40006258099463293,0.91007362522593815,10.604052867114797,1.3786213423672609,1.01761574861903,,0.3451569598297261,0.1142857142857143,False,3
-0.44680538302307438,-0.76106288853887871,-0.47026399967514215,0.87216575253999817,-0.48761151202679193,-0.039521050533657828,-0.19922813505612619,-0.42780637329030524,0.88164043531036729,-0.4252955340943762,-14.97551853581091,-0.25820081378673609,,0.4531492870817554,0.25,False,1
-0.082959802050893885,-0.9346070792758524,-0.34587176613758863,0.99107486541852541,-0.11371609911261935,0.069564789500569005,-0.10434693277392512,-0.33701373291019954,0.9356994503849001,0.41146024330233288,11.696874046873729,-1.8388319753401663,,0.4655706059090031,0.4259259259259259,False,2
-0.71568013507432193,0.68207437060735843,-0.15025477436865758,-0.69280719036400829,-0.72053642667439244,0.029076705714817769,-0.088431562464589997,0.12490720874262484,0.98821963548808189,3.9559323497255434,17.657463305583999,-1.6183059528509447,,0.2026127546351419,0.72,True,4
-0.89548131952080956,0.42694899312484924,-0.12580844033270377,-0.41806569215799483,-0.90380067692616961,-0.091462634054866251,-0.15275563305399503,-0.029306887543290958,0.98782934908454623,2.0529107695846163,3.2285240581727308,-1.0225301922857915,,0.3033066535084271,0.2432432432432433,False,4
-0.50300164597766739,-0.76340533016534107,-0.405218022820931,0.8389558593000388,-0.54394478578877392,-0.016647406985435084,-0.20770751139496885,-0.34833370765453087,0.91406849733581641,-0.11256550840330143,-1.7134034903284403,-1.0492563875645504,0.4920866852644222,0.5364131529981279,0.2802669208770258,True,1
-0.51666930243360154,-0.77487593820523604,-0.36417044404142773,0.83099054534441064,-0.55626716498265194,0.004642705069420619,-0.20617358092387594,-0.30022345270267975,0.93132074656173491,7.8730176072701914,3.4619993388275381,0.22510368966476815,,0.1221496097102483,0.3076923076923077,False,3
-0.95253332128926216,-0.20658302555812372,-0.22361512780869339,0.19819110398009479,-0.97834986346826502,0.05959723948957351,-0.23108560780974208,0.012449827423620045,0.97285376273123592,7.2685586096320058,-1.7391900461157168,0.45772580267043095,,0.06838080582075291,0.2666666666666667,False,3
-0.47125617045772777,-0.78054356233743238,-0.41069376559561954,0.85832026411633788,-0.51301934502025748,-0.0098729854779321391,-0.20298755137391686,-0.35715948668428044,0.91171988848474972,4.2375544185599416,13.582058233022513,-1.2313441412903852,,0.7928300601599689,0.4516129032258064,False,1
-0.58429003860927786,0.80103837484596663,-0.13016402270252286,-0.81079751446465009,-0.5830764667756434,0.051275963475872328,-0.034821564007317785,0.13549670075897113,0.99016569460041359,1.0331226259594741,-14.964639889904571,0.08994350632261032,,0.2602454346488797,0.1538461538461539,False,5
-0.7269731339233575,0.66729019915413756,-0.16196867804141513,-0.6819403915972142,-0.72922343951201407,0.056484312640818726,-0.080419928263398333,0.15151556150804846,0.98517798887257435,-3.64524586863971,-22.036773252952401,-0.093763360711781346,,0.1339957071324659,0.25,False,1
0.015588482392102747,-0.9340016273674252,-0.35692850725560149,0.99360330606689384,-0.02546058551470615,0.11001921994899913,-0.11184573925567753,-0.35636037751165495,0.92763021293514436,-17.471728947591366,12.669223893395422,-5.5034615605436388,,0.2273854809836216,0.3333333333333333,False,1
0.43841620188368102,-0.8123289611513318,-0.38459445237897777,0.89858928230193236,0.38753944024285336,0.20579233219037574,-0.018125552625661928,-0.43581514559621959,0.89985366766544894,18.757514231909795,-12.305374011941804,3.8199307257547486,0.86996989948776,0.524337536040646,0.3043478260869565,True,4
0.87974419956748762,0.44618183695222569,-0.16423127504010404,-0.41088362805739004,0.88727825535214855,0.20955176394782221,0.2392170301666609,-0.11687200671326291,0.96390671048865406,2.2453747507519282,-8.6901488495962429,-0.023526113710493485,,0.07795769535090535,0.2,False,2
0.45861579355882842,0.87698514161769481,-0.14341762541681424,-0.86949704771444869,0.47617024116144718,0.13128893878810299,0.18342965385744792,0.064490021042334464,0.98091518454537929,9.4965408584912172,-11.650186978746278,1.659036186242494,,0.1745035713710247,0.15,True,3
0.343962685880637,0.93785656897686787,-0.045986158229590124,-0.92110946355931789,0.34652051594823996,0.1774285438378837,0.18233767263855424,-0.018670512952357082,0.98305868852416556,-18.858821200651882,2.1191695882909549,-4.9067448195155539,,0.3467430609088137,0.5526315789473685,False,1
0.98423010542335732,0.065826864538927804,-0.16418868256765146,-0.02285600236950374,0.96772455993428719,0.25097167022529732,0.17541009872300006,-0.24326117652630852,0.95396818461677402,5.3883602541660913,13.129928295933205,-0.95131624062334019,,0.1718580661713218,0.4074074074074074,False,3
-0.86724091443577389,0.49227595264247798,-0.074549197034871978,-0.48445211476670952,-0.86887430980659452,-0.10180168100860125,-0.11488840161942511,-0.052171066771294558,0.99200747727286775,13.010735136168069,11.476686978050619,0.78970890182327536,,0.2545616240255802,0.4,False,3
0.80833135385587951,-0.53588307033051885,-0.24378219234935669,0.57830366888597273,0.80032424065303065,0.15825920629200202,0.11029636860090092,-0.26890601472686959,0.95683032263676093,5.7872455839175521,14.714918435760591,-1.0325882546496905,,0.05633278055258211,0.3333333333333333,False,1
0.80972001371086855,0.56094461879831425,-0.1723213104560346,-0.53580617045504031,0.82648864318493764,0.17270862858764538,0.23930158189693479,-0.047514811664731454,0.96978198352727196,8.490466007258604,11.647210061130661,-0.17488441195490126,,0.08001799745758893,0.3076923076923077,False,3
-0.6787813602759224,0.73431714043232121,0.0058482654922454025,-0.73153827601032806,-0.67547470263943221,-0.092658927395087798,-0.064090683205956095,-0.067173382834793627,0.99568073244626187,2.2479229276594577,16.163269141262717,-1.8257720714326953,,0.725276131782199,0.4375,False,1
0.95006198212222559,0.2718624223939678,-0.15320918189218424,-0.20420106280512934,0.91285472557361724,0.3535508109836154,0.23597490560490564,-0.30460970649012548,0.92278316555773621,-7.1570084378871881,14.530463235244014,-3.6165749945503203,,0.2408278255253182,0.3076923076923077,False,3
0.092235546571732302,-0.89702580956833466,-0.43224680556007478,0.99244747215236118,0.047559829130530654,0.11307553966912579,-0.080874093299418942,-0.43941183372930454,0.8946377039962311,-6.6825719325121726,2.4872445912418732,-2.6430686681733664,0.8985032433199516,0.3710108806439251,0.3098159509202454,True,3
0.93135448632321594,-0.29834258251071122,-0.20873553666412217,0.33603988308842436,0.92501694522412992,0.17725926780323178,0.14019992075439172,-0.23523467964791933,0.96177368840668753,14.825089320797348,-5.2051969508629572,2.3881451042109658,,0.2242207595546886,0.1891891891891892,False,4
0.91716086771334726,-0.28897545237598787,-0.27442509116222091,0.36548188327603592,0.88444198385981876,0.29014715263657126,0.15886766735966845,-0.36640901341288096,0.91679086991390601,-11.037468147944569,6.9931110926476272,-3.7843401728243204,,0.7977789224362224,0.5084745762711864,False,1
-0.45839551821670405,0.88452440553882683,-0.086545507595857663,-0.88855367398952168,-0.45407916721980773,0.065455926673520098,0.018598852614145761,0.10690503216945016,0.99409526544405513,-10.732463357568223,5.1245749882568798,-3.6359106637763032,,0.2739553063141287,0.3714285714285714,False,2
0.75779909161897419,-0.58302633723671038,-0.29295191897272854,0.64606215813172585,0.73331361701383979,0.21178958173681972,0.091346727208124021,-0.34975910165487578,0.93237564652769644,13.888459013435968,-11.105408349116214,2.5390296271611352,,0.08162085898309104,0.25,False,1
-0.26070643342915645,-0.914022483930783,-0.3107974492135539,0.95334508032079568,-0.29449405000441919,0.06638081304210533,-0.15220155517203218,-0.27899131416765893,0.94815533180076506,-10.255805950681879,-23.713403746941367,-1.1830511412214,,0.2254774550466985,0.4666666666666667,False,2
-0.79894705014121659,0.58899480377191926,-0.1215266727937796,-0.59186695661388289,-0.80589953194358377,-0.014813847634308083,-0.1066635680036445,0.060092142105193508,0.99247761572639059,-0.37905796244730972,13.777811165177759,-2.2277223386462457,,0.1482074850127146,0.2727272727272727,False,1
