axis_00,axis_01,axis_02,axis_10,axis_11,axis_12,axis_20,axis_21,axis_22,location_x,location_y,location_z,dbh,dbh_approximation,score,reconstructed,number_clusters
-0.99936015954262458,-0.0027776148020141936,0.035658889143557755,-0.004895974666221106,-0.97697171456474063,-0.21331267747721783,0.035430226516473609,-0.21335077641396913,0.97633300940434731,-13.512163865102448,-14.318322301671795,-2.4997412125445004,,0.1251754392296794,0.1111111111111111,False,3
-0.59073521537824003,0.80509478318075944,0.053425606287158603,-0.8030473568296812,-0.58021568481857078,-0.13588488429321163,-0.078401836718834689,-0.12317527830552349,0.98928307516780589,6.2523489816774243,-6.9403481722222313,-3.121377274356262,0.1712653959928153,0.1196972002532187,0.5189873417721519,True,5
-0.87567712089959959,-0.48253641043131784,0.018659918034236618,0.47446820231815839,-0.8669380265610418,-0.15263807877269511,0.089830423142501004,-0.12480813559421169,0.98810597830775926,-8.1271262203889467,10.606979144428788,-0.046418495396871921,0.6289073763646377,0.5397723283284398,0.9187817258883249,True,4
0.67968083762007181,-0.70617183021470253,-0.19838171584925801,0.72370411892935815,0.68967573412520755,0.024489385527985949,0.11952534131622403,-0.16021463094884386,0.97981884285472221,-5.091541216039297,-18.39469693011722,-3.5209040288651896,,0.2949121453684058,0.1379310344827586,False,3
-0.80817082821935871,0.58317561328084166,0.08225640698297218,-0.58745447207144241,-0.78827925739690563,-0.18306571388723741,-0.041918440554209832,-0.19627026374949263,0.979653422343436,-10.313085006607473,-10.401944041444077,-2.3183317778934907,0.6157744101116819,0.5418872731972875,0.9652173913043478,True,5
-0.029898228146560284,0.99803737965254502,0.055022584181199263,-0.99304121501116105,-0.023385243488449205,-0.11542216284640784,-0.11390891643261725,-0.058090612006303353,0.99179142946179966,-22.889583021992237,-4.7322628887607854,-0.90074269951351538,,0.08665961210094517,0.4651162790697674,False,1
-0.1110773446716468,0.97940237070598613,0.16862034205928303,-0.98664258220192902,-0.088333962625540358,-0.13687047173433547,-0.11915636150288438,-0.18157121826534925,0.97613198606081497,4.5509250476732017,-5.6034888954559703,-2.8248976261624952,,0.3387286999804391,0.3098591549295774,False,2
0.2696559686733942,0.9528044412182971,0.13946094562099659,-0.95486445026912115,0.28330691917927403,-0.089280855492084157,-0.12457744647833956,-0.10909118360269737,0.98619449070104837,-19.27177901923174,-14.886575380056339,-2.2117002671255892,,0.2822643816192329,0.7798165137614679,True,4
-0.51397116716741753,0.85149385001964928,0.10388389047046435,-0.85395204776512434,-0.49642621607856507,-0.155970869420127,-0.081237549435683093,-0.16887639079704034,0.98228367857409304,-15.236347239686831,2.6060356169377319,-0.49348945191293597,,0.1524262744291205,0.3428571428571429,False,2
-0.95811311099863883,-0.28514740105655179,-0.026650069478406764,0.28205815317259625,-0.92340257463237363,-0.26032841449055805,0.049623228042662948,-0.25694093646789251,0.96515226280915312,7.4399521752919915,6.374937075751574,-1.6499401687955444,,0.4260311346197698,0.2573529411764706,False,4
0.50958344413390055,-0.85674503900579357,-0.079452196971473904,0.85210237343353634,0.51530998380740978,-0.091526858229387484,0.1193576920586476,-0.021060833966615289,0.99262791750940849,-0.74612753554867484,-6.5126332635463093,-2.5002321528863676,0.4220657534640449,0.399013714119922,0.635483870967742,True,5
0.85516131724142486,0.51433871804934428,0.064457773846669258,-0.51034613185717348,0.85718622989010662,-0.06912736784520232,-0.090807197910362347,0.02621927539316361,0.99552328069489471,6.8662256205758778,-1.2676205068503839,-2.4811647348622357,0.4653930152306267,0.3892864665188471,0.8181818181818182,True,5
0.23627518107322634,0.96131956506259608,0.14155823055080666,-0.96227072481762388,0.25172085650796516,-0.10330373932177572,-0.1349410647941503,-0.11180923140223112,0.98452506560547448,-8.9087922401953374,-14.412630746904219,-2.849361945127201,,0.1576310817091087,0.1666666666666667,False,4
0.97929966424746762,0.19893609740286905,0.037371068420845518,-0.19804038755253897,0.97983971042300111,-0.026346665371765707,-0.041858959648317748,0.018400299679293804,0.9989540812614337,-13.429734530587519,-10.033588427156447,-2.0355080005717534,,0.1425591514698357,0.293103448275862,False,5
0.72907252449240267,-0.68402502062725556,0.023728151764468318,0.68244188995876642,0.72386614460719478,-0.10144393289410279,0.052214182553998512,0.090153068984913556,0.99455824529929882,10.861099203265063,-5.1919597514176701,-3.3743107773395189,,0.09033394382855729,0.4736842105263158,False,3
0.35074430026376963,0.92803509774998072,0.12541647888798982,-0.92905299402824082,0.36165478133875201,-0.077886798765776172,-0.11763915215454236,-0.089200204478479428,0.98904213934561835,2.1111235003545823,14.840656426144752,-0.33596816783518157,0.5341399424497298,0.2455680010356759,0.5111111111111111,True,5
0.37171916851138459,0.92657668204956334,0.057275754409939511,-0.92075399353724108,0.37585107289980157,-0.10463295076261055,-0.11847760609679628,-0.013842806149439807,0.99286022861804801,1.8946563266864054,-6.429504366251904,-2.7075093274334536,0.2938002017447753,0.2423110420950478,0.8724489795918368,True,6
-0.39393784386305269,0.90285677459420099,0.17222839412212215,-0.91441595681192533,-0.36600491304227623,-0.17286949284546155,-0.093039954322110541,-0.22558822708260215,0.96976982769184383,2.6016701136500879,-5.9888499688288048,-2.7132936352930219,,0.06915558109719931,0.3076923076923077,False,5
-0.75845498480529716,-0.65159124326275919,-0.013224512364887163,0.64383269145981359,-0.74596700483308831,-0.17033112783036569,0.10112122147012287,-0.13770286635957799,0.98529813719744108,-12.333666914879618,9.6858627400493233,0.099455117374694077,0.3646398978742416,0.3175484840051219,0.6185567010309279,True,5
0.79932242246044738,-0.60051208514572396,-0.021654111524036096,0.59874350897473327,0.79898530189577244,-0.055934763923198891,0.050890818548970734,0.031744652281213023,0.99819958006350595,1.1812673951074202,-14.414162108069206,-3.5568387883035113,,0.1293886370940719,0.1785714285714286,False,5
-0.63158405054848366,0.75931780598603471,0.15664627861945335,-0.77105652174418604,-0.59403859415743221,-0.22932507260920665,-0.081076675860117436,-0.26562119298733444,0.96066224786209753,-10.897954342577609,-16.855352323835778,-2.9636078757978566,0.9248929611186519,0.6801453608163387,0.796875,True,3
0.32894864255869849,0.9406556212530065,0.083425372422951977,-0.93674474690017939,0.33621198840927063,-0.097317922320618006,-0.11959126102565745,-0.046135680931391213,0.99175068905007002,-15.754770257939782,-17.371888829908702,-2.7021763865299144,,0.10938561466277,0.4736842105263158,False,3
0.99433604845054013,0.097612254588744646,0.042043673791285485,-0.095745244161310541,0.99441763206353984,-0.044344348700080652,-0.046137522389666327,0.040067702644965876,0.9981312079243384,3.3109828422599583,-23.571417964812028,-4.7285969071434852,,0.1278595982648723,0.3529411764705883,False,1
0.96399391687790081,-0.26580735664474531,-0.0078852632129544006,0.2659050342324496,0.9631434116484523,0.040611345311639763,-0.0032001550344029628,-0.041245821021221103,0.99914390417799326,4.527926330274008,7.6114736384247141,-1.2999195715733245,,0.7425300695477389,0.4105960264900662,False,1
0.53164029923636891,0.83468020362227957,0.1437621296062821,-0.84173187814017769,0.53953424414050899,-0.019754612685104589,-0.09405337607163769,-0.11050681915971994,0.98941508244453613,3.0072735608330192,-4.4940348600838602,-2.5415311485501255,0.2210527277179656,0.1997358014239724,0.6091954022988506,True,3
0.71366457412936957,0.69064768432673806,0.11699851181472556,-0.69485778642796536,0.71911771196654106,-0.0065094528522696565,-0.088631440658349825,-0.07665176103731608,0.9931107567923656,6.6002380307256825,-10.783778319021557,-3.5718281965506433,,0.1499547700793262,0.3103448275862069,False,5
0.43315444552368831,0.89565679091448391,0.10087685171452779,-0.89307682997016546,0.44159844375164659,-0.086049928800460293,-0.12161826381554117,-0.052817869749664667,0.99117065661852688,13.682128080842041,-15.060136819555089,-4.7903873997948931,0.22402575849437,0.1801308914879185,0.6206896551724138,True,5
0.68420721841931365,0.72138384207606587,0.10707863771303994,-0.72147523139638137,0.69097556069232036,-0.045014053444145719,-0.10646113255289275,-0.046455644624827507,0.99323104076445812,25.959408363721412,-2.6244947170792292,-4.6214048727035895,0.3578249982291586,0.1650161042733689,0.5714285714285714,True,5
0.73544522539827073,-0.66762806085284165,-0.11572853062560171,0.67556410726270011,0.73565719075403024,0.049210107399184674,0.052282477152844162,-0.11437338000497524,0.99206112338353425,-18.766712278584521,-18.219273480805786,-2.6543878107765471,,0.2093132991512326,0.4444444444444444,False,1
0.98357837454711383,-0.18007312927929292,0.012134629570839377,0.17994997993173231,0.98361883765735902,0.010582387639667165,-0.013841453891393012,-0.0082249812856997357,0.99987037351699948,-17.08750992377432,-11.71732540673222,-2.0015020149236293,,0.1244969568926751,0.3823529411764706,False,1
-0.22969389633319329,0.96271654563862663,0.14289005123137791,-0.96687406514453311,-0.20891886399538742,-0.14665418649926612,-0.11133398465051426,-0.17184225621338423,0.97881304795212687,9.7291853223994718,-9.893679189783473,-3.7952874407604034,,0.09421654962985386,0.4,False,3
0.69124471609176463,0.70809582539181581,0.14415631979867832,-0.709777469566925,0.70275581963635558,-0.048478878518451701,-0.13563438417447346,-0.068808139270852026,0.98836671018387423,15.483112982719511,-9.5348377066325174,-4.3795026789875786,0.3135922043847204,0.3198857567749939,0.3409090909090909,True,5
0.45752725603118499,-0.88919517723055252,0.00086416346847906916,0.88478525842663114,0.45516106815160434,-0.099917208277703923,0.088452566155504453,0.046479445231375378,0.99499537924127557,6.1309934533528736,-15.846863451553137,-4.1197668257444331,0.419187346979505,0.215730240167286,0.7857142857142857,True,5
0.81401192186884752,0.57829914840990559,0.054357023499844691,-0.57473388872397724,0.8154512577558416,-0.068703736263983753,-0.084056815354852737,0.024684836900289504,0.9961551639275914,16.495574250719454,-4.2194333816985603,-3.8272895367711666,,0.07215459590497274,0.125,False,3
0.84979099675980463,-0.52632735121348162,0.028892580199408029,0.52620892604855762,0.84382640047433044,-0.10517210661273224,0.030974634344938884,0.10457784290726439,0.9940342281833473,1.0931212088378031,-7.2936261280289179,-2.7385735844158208,0.3197337158737171,0.273601232642439,0.9219219219219219,True,5
-0.53496468331744695,-0.84461308230246479,-0.021012586861069667,0.83690829212106288,-0.52634945776417696,-0.15013580149439074,0.11574669836358162,-0.09790295968400109,0.9884420631999854,-20.788017678271469,-14.123033633657062,-2.0695380817243376,,0.1965444407398304,0.5483870967741935,False,1
0.78643352752881035,0.60182999110081836,0.13900708107928023,-0.61243827378011473,0.78900577699725682,0.048879900513288513,-0.080259999924156833,-0.12357404936532958,0.98908431730344937,-15.954132708006307,-28.617231298934968,-3.9134703174532546,,0.4328880776960188,0.5333333333333333,False,5
-0.93235805926820869,-0.35824218721418927,-0.048692757342478223,0.353915269426399,-0.87688083564515606,-0.32530598233830998,0.073840580878397427,-0.32053476469526232,0.94435429433941509,3.2077626278376914,5.9595454723413051,-1.3182072292724987,,0.5800862611023537,0.3380281690140845,False,1
0.92854585029645254,-0.36907033460868222,-0.039870941913555696,0.37107688098042385,0.92578264137345423,0.072308017075779149,0.010225081861731058,-0.081936493965913709,0.99658509855280086,-8.1098321943768976,-35.201460144335705,-5.0759392529661138,,0.3407203189179474,0.3,False,1
-0.62808432577514817,-0.77617175903019664,-0.055384837271116025,0.76327174681195931,-0.60066699355850139,-0.23793991545768844,0.15141439903192222,-0.19172001286605883,0.96969949800566602,-5.1338516140606192,-7.6618965122853204,-2.3705947352182317,0.4497395808018866,0.1912023158334599,0.2483221476510067,True,5
0.17314574942145211,-0.9847681122234917,0.015884413903763571,0.97906693518689425,0.17034644792557196,-0.11140028771454771,0.10699759754792317,0.034840390740098606,0.99364866089179238,-10.220569791810368,-8.0815725051654965,-2.0358076165434427,,0.1079600895035541,0.2018348623853211,False,4
-0.25458978342304778,0.9629501860713291,0.088943697482169543,-0.96206724484517159,-0.24288083903472854,-0.12423974575717824,-0.098033966423008864,-0.11719998794786773,0.98825781264424817,-7.7576679885933055,-14.808065258582582,-2.9520906851614268,,0.1894049435740248,0.900709219858156,False,9
-0.14654578750150868,-0.97256783441586714,-0.18065475256741503,0.97388487832982473,-0.10983425989965423,-0.19870752153051163,0.17341446285147671,-0.20505668194898341,0.96326485519923788,-11.019805186139084,0.13887966505981902,-1.0269273955061105,,0.5546673850419914,0.1953488372093023,False,2
-0.63392178102191676,0.76114774182690126,0.13710321169764914,-0.77050239473500048,-0.60622275015591431,-0.1970280104478298,-0.0668523391784554,-0.2305387002331914,0.97076396329960679,-19.577094410437319,-16.014302354215406,-2.3362505033233867,,0.3004827086595251,0.3888888888888889,False,1
0.91501647120027563,0.39664123563537035,0.073624640072746245,-0.3960985108655255,0.917933309248121,-0.022459061932909072,-0.076490699580458121,-0.0086121986995061905,0.99703310020843949,-11.19529343568861,6.8129783010048541,-0.2813427177871336,,0.0758073595053205,0.36,False,4
-0.18706973264956617,0.97696575761328808,0.10267825269994338,-0.97306618613242279,-0.16995391901836562,-0.15574935895855099,-0.13471121902841129,-0.12904872669419251,0.98244557793624732,-7.6364800013237302,-9.4960179109540519,-2.3622408911609907,,0.1229464749040429,0.1818181818181818,False,4
-0.95017911971580882,-0.3097474141710555,-0.034873770522204098,0.31042307450745693,-0.93019803223536679,-0.19588041157499533,0.028233938255734881,-0.19694710010506949,0.98000749205849214,-24.054426016330549,6.7482472789495631,0.48060463635538053,,0.4661094685375961,0.2941176470588235,False,2
0.98609261472658816,-0.16466794803629761,0.02249048846058254,0.16546228312203765,0.98541237947899218,-0.039807979521615709,-0.015607307446292018,0.042975682182670318,0.99895420450349559,-17.992402866341951,-17.820756298919211,-2.6140911006336114,,0.09018587372746947,0.2666666666666667,False,1
-0.50775667864875407,0.85754518645156874,0.082458525825586895,-0.85836512291772271,-0.49542732506816806,-0.13327070696233995,-0.073433446371717268,-0.1384486141842633,0.98764341246445231,-15.615732442239405,-2.8675946772957865,-1.1034666261397168,0.6150576430488034,0.4324005896954359,0.9459459459459459,True,5
0.78346770261668586,0.57321141274914911,0.2400146563246856,-0.61361364421884768,0.77465550476591494,0.15292856032909974,-0.098268278630480127,-0.26709085575884178,0.95864791252316017,-19.911649748261045,-3.4119518252652132,-0.92804632494616501,,0.3109119451985689,0.1388888888888889,False,2
0.10052766301401733,-0.96993304149203274,-0.22163953616391402,0.98873197055520179,0.12222589365844799,-0.086428706581909764,0.11092014862489245,-0.21045361945428392,0.97129089087030129,-10.46197206852745,-4.0902290379412261,-1.5374712760630662,,0.1786556055490393,0.3054393305439331,False,1
-0.18742631641999824,0.94306667417209999,0.27476648991316943,-0.97968262788139693,-0.15914546029793139,-0.12204372615566451,-0.07136753141751484,-0.2920581629274086,0.953734085018899,-12.687409668469222,-22.364589899616114,-3.4189962601483641,,0.4185826555627363,0.2631578947368421,False,3
0.9301430758331678,-0.36685569306543886,-0.01583537006484502,0.36714032663541951,0.9283739003339545,0.057705127473719378,-0.0064683102624690861,-0.05948782769775033,0.9982080741599676,8.0187780232818753,7.5244960599476256,-1.5980893404783569,,0.4843372073688211,0.2098765432098765,False,3
0.99894722568537087,0.02004797566558416,0.041261591913232039,-0.025456556141726479,0.99051304970705445,0.13504022404244842,-0.038162862116265323,-0.13594843519417088,0.98998061542807625,-19.421006171706654,-10.949867728327087,-1.7576077287699294,,0.2890471634079603,0.3661971830985916,False,1
-0.10342805635764821,-0.99459537883627924,-0.0090922799999335405,0.98744582706537332,-0.1015787509944899,-0.12096485422460621,0.11938750256731208,-0.021489293704481612,0.99261514923298588,-1.1722017603897721,-10.638415376100232,-2.9536285312998514,,0.07069163425624492,0.3518518518518519,False,5
-0.16055088054067104,0.98380664636802462,0.079673692770678567,-0.98156297855217545,-0.15065870545627949,-0.11762684050003386,-0.10371853206345302,-0.097089840005735645,0.98985656995054794,-2.5251998494964405,14.548169222748561,-0.018567003183706601,0.6428739079049516,0.7727387103931707,0.9101123595505618,True,5
-0.088451690737999689,0.9886594223358387,0.12136245313998772,-0.98989210600706456,-0.073686951926192776,-0.12117694327192204,-0.11085989748546998,-0.13085403983979024,0.98518389318295263,10.655348157352728,-8.6709879993084105,-3.7483840823812522,,0.08830870958825562,0.2105263157894737,False,5
-0.99991533306610525,-0.0032957830605179917,0.012588268876922992,-0.00087620563087261946,-0.94814511277262503,-0.31783655766616609,0.012983025956691756,-0.31782067733142183,0.94806194844936376,-13.144754777609222,-11.325414772228275,-2.1789661908888465,,0.3404549875283476,0.4,False,4
0.44819416035663862,0.86202673349661252,0.23671059410040851,-0.88826473030438502,0.45923412564377497,0.0094755866032848468,-0.10053737374472564,-0.21450857461033584,0.97153399729456524,-12.769572895637852,-34.161039303646504,-4.6912743686745149,,0.3870954405931164,0.391304347826087,False,2
0.97690077140480791,-0.20690997954728071,0.053414821842220794,0.20696136258454637,0.97833816950909336,0.0046282263066844964,-0.053215385236228867,0.0065334864614406511,0.99856168378764631,20.358750968534608,6.4140609928099321,-2.8844212355229657,,0.320496814063787,0.6941176470588235,True,5
0.75503092464789978,0.63767973159362179,0.15261999456173483,-0.6472100532445324,0.76210912628917438,0.017573463118034829,-0.10510684946542334,-0.1120457029137563,0.98812869134238546,-13.706524980749911,-0.60745758927056581,-0.95625654307651764,,0.33697282499841,0.4166666666666667,False,3
0.9996940245848549,0.01021832925081962,0.022526494548797887,-0.0085144317635831666,0.99718623315931099,-0.074478996027652788,-0.023224161149080557,0.074264406985215164,0.99696812195478746,-9.6609947896002311,-13.343902481396585,-2.6663178214954613,,0.09398148445125878,0.2857142857142857,False,5
0.98279534599418716,0.17924955785849908,0.044529809113639379,-0.17837850388178161,0.98369654052118349,-0.022852254145965534,-0.04790007562689011,0.014515928292298965,0.99874664984707218,-10.251950899201146,-6.6319503612813406,-1.8821402244279299,0.4366346065294993,0.4313558190229768,0.7113564668769716,True,4
0.4526888238271819,-0.89138851373757322,-0.022346059130944514,0.887671489538715,0.45288827145858263,-0.083255872077450888,0.084333596164769167,0.017853043213361793,0.99627762867884406,0.032755880056232436,-15.736226850760612,-3.6337194493221876,,0.1175256488917511,0.5675675675675675,False,5
0.84505354001229305,0.51947137297793411,0.12662546019308663,-0.52776861984546197,0.84835826610141252,0.041815502434150609,-0.085701799392470052,-0.1021652827227735,0.99106884553348162,-5.7594146810937161,-33.984584110063786,-5.0640190196266595,,0.2469631580580365,0.375,False,2
0.28543771365876364,0.94720404604381903,0.14604727583723395,-0.94716797365856586,0.30205768311787251,-0.10786095560948078,-0.1462810353285246,-0.10754371775088684,0.98337999139474752,-1.240416123948169,-12.212564272890344,-3.1140027025916068,0.6775146305156429,0.3551291190116478,0.2941176470588235,True,4
-0.30105212513464935,0.94627412842027747,0.11803767125098336,-0.94844414237426222,-0.28425564098727307,-0.14018715833793308,-0.099102607169849782,-0.15415577981171635,0.98306391898125345,2.6844448475489644,-14.380701742931837,-3.6453052213220922,,0.08295555813145827,0.2352941176470588,False,5
-0.12392029560858686,0.98947332859617432,0.074741503417362215,-0.98639354137254942,-0.11463310195296812,-0.11784325808106788,-0.10803491044473165,-0.088327707620245333,0.99021546856820597,-11.586523696856757,-13.879373189616516,-2.6005714574299881,,0.09131617059133894,0.1914893617021277,False,5
0.92907578620843212,0.36751005889758359,0.041887230635105785,-0.3659975096055903,0.9297708815295731,-0.039647582804337542,-0.053516412844003727,0.021504987068480086,0.99833537906231462,-6.0993799110199118,-12.129684256455512,-2.7956745610244771,0.4102880413603185,0.2044518729005715,0.3116883116883117,True,5
-0.98402050378984884,-0.17670225667814823,0.021908003241294983,0.1695670193516168,-0.96752677491584771,-0.18745390305124571,0.054320107413178047,-0.18074360930828845,0.9820290594604788,-20.12532426150581,-26.215209921783401,-3.459823664532919,,0.1217650214576504,0.5,False,1
-0.80917033827840323,-0.58557317025428768,-0.048450241782243865,0.58305714254830565,-0.79001058061602891,-0.1895459074686926,0.072716794303790688,-0.18162418559505855,0.98067574816200742,8.4650128794008168,-8.0771170044528482,-3.4818732364995517,,0.1733375779758278,0.125,False,5
-0.35280709812506317,0.92335539813743428,0.15146603659907831,-0.93337867781745076,-0.33590605221166431,-0.12637787734933431,-0.065813336857514532,-0.18596218114992102,0.98035028019256698,-1.2124820072882698,-14.737353343841853,-3.3810774951985976,0.8305912988050073,0.513218669841425,0.8034188034188035,True,5
0.43072138825123352,0.89733408420336924,0.096284095414718912,-0.8950080668150957,0.4384196834954569,-0.082150724036058956,-0.11592948735690811,-0.050790968199512489,0.99195797870198144,12.613531158940564,-17.768196901884135,-4.982320054887845,0.7619039067251958,0.6790555242948909,0.6304347826086957,True,5
0.15595980649239191,0.97446410173974907,0.1615433476791891,-0.98009711704099589,0.17300215153522283,-0.097364761244057976,-0.12282581132149838,-0.14314318001472326,0.98205083885127264,4.0461202591282461,-9.2412009566522624,-3.1955307955701953,0.3348696015674382,0.1385971927300152,0.3823529411764706,True,4
0.16201847506596831,-0.96945505663174425,-0.1841382820285912,0.98169029989767875,0.17729292938080427,-0.069651793073690738,0.10017069843075495,-0.16948188800788114,0.98042935534039388,-14.783627456319964,-21.600364370418159,-3.2259335968550253,,0.3600968917763441,0.2,False,2
0.8396275605599266,0.53069492930871709,0.11570847658750927,-0.53538642571948847,0.84452801428443958,0.011567551343813806,-0.091580209125646572,-0.071661182622091771,0.99321585780821375,-23.94617630803663,-19.808672452483169,-2.5207748074130136,,0.1879954857577019,0.4166666666666667,False,1
0.30390597903988381,-0.90799027165774893,-0.28843512698472806,0.94754611043684933,0.31953086951922727,-0.0075094620502651893,0.098982445412342773,-0.27102341227128923,0.95746999195850468,-0.33809779959619929,-20.111663777024379,-4.0449765124824895,,0.5037605665073472,0.1428571428571428,False,1
-0.83590197006813838,0.54184328808824633,0.087599929166193052,-0.54778401537466936,-0.81346662373060385,-0.195460289000952,-0.034649227065091645,-0.21137148159117733,0.97679144541388263,-9.1077723557926529,-11.734548917642059,-2.5350516892151402,,0.2302868988119521,0.1904761904761905,False,5
0.71535723365311921,-0.69874324320655634,0.004680633860872814,0.69642821516944198,0.71240851908529634,-0.086381960215083139,0.057024287598022021,0.065053685582584952,0.99625109717182281,8.5428168816550016,-11.752541187673964,-3.8471704863454637,0.1718096977831551,0.1199730189558591,0.32,True,5
-0.23629770792480531,0.96825729240502045,0.081493612841635796,-0.96632966495532524,-0.22537879094835594,-0.12414257616944652,-0.10183502274175098,-0.10808430179797762,0.98891223667625427,-13.661346341143773,-18.845156898165026,-3.026890630152816,,0.0848053706099244,0.32,False,5
0.74005120346780384,0.66474656392438403,0.10215782885604632,-0.66462898872967857,0.74609311521610289,-0.040166786867975014,-0.10291998632929047,-0.038171575522333946,0.9939569443573113,5.6901568494499735,-2.7872060126689955,-2.5299641978765743,,0.07024620049393264,0.163265306122449,False,3
0.9992785553176895,-0.037947767216579456,-0.0015283472996807934,0.037896267325958452,0.99895360808899514,-0.025603941273536268,0.0024983604527043374,0.025527550788422643,0.99967099705142692,19.398190360829233,-4.5924960174130129,-4.1311254751268294,0.1101050657025411,0.1630293192841112,0.4137931034482759,True,3
-0.99389242124951915,-0.10457118151317332,0.035252276234418164,0.098927363812409658,-0.98585611747966506,-0.13528152984442676,0.048900221593525452,-0.13096787249115852,0.9901798749233619,2.4897098828127713,-7.3256928763105327,-2.8578658697820822,,0.07004759985492123,0.1470588235294118,False,5
0.98047602899026809,-0.19597401081609614,-0.016153750652021591,0.19604565023911946,0.96784022274572257,0.15764328802023697,-0.015259737802331419,-0.15773233758542718,0.98736399067519232,-8.9889973597069979,6.4204775391554891,-0.47326531082017637,,0.4940485646722724,0.3571428571428572,False,4
-0.99818824465103972,0.038517086032211906,0.046224044869119844,-0.052667803314675729,-0.93079047726055075,-0.36173911861323849,0.029091764031798546,-0.36351825473373856,0.9311327229460119,-3.8476946066891644,4.4521249989268874,-0.98437907886466414,,0.7015613331307853,0.3186046511627907,False,1
-0.82304545823583219,-0.56668636753319479,-0.038245712562350931,0.56016574821520593,-0.79875788706815587,-0.21954537656920509,0.093864307400990693,-0.20211976325547273,0.97485234425408462,-30.614261666306273,-5.7285610911752194,-0.57066620065023477,,0.5295082042495736,0.8552631578947368,False,1
0.77818058316038019,0.60877876103913209,0.15434830773232011,-0.6201523464745643,0.78366886658493062,0.035695583866683811,-0.099227250058961131,-0.1234970754842027,0.98737147274599102,-11.753444240831964,-4.5001623778975617,-1.4781830564549314,,0.1610369409312495,0.2779291553133515,False,1
-0.10527265697913109,0.95866425559734869,0.26434922495164581,-0.98816376019218277,-0.071017614983702709,-0.13597382617575066,-0.11157979537264302,-0.27553465009324735,0.95479348859457147,6.9076225531108113,-3.4123928911397678,-2.7126988209315486,,0.682448955657031,0.5314009661835749,False,2
-0.077841714096033299,0.99095427651594648,0.10931737922831582,-0.98996686977387227,-0.063859360399857026,-0.12604593940084455,-0.11792482476862794,-0.11803221570434566,0.98598282528612557,4.430930329187234,-10.591762072018282,-3.3701365751280798,0.8322105746327532,0.8840488761474905,0.8604651162790697,True,4
-0.52889407437588776,0.84290466179922474,0.098907983536257377,-0.84448399275988228,-0.5111027401404834,-0.16006490868775083,-0.084367316316221408,-0.1681835905729962,0.98213870496970779,-23.425217343508486,-0.7499800918625793,-0.42168374933368252,,0.1943801491936709,0.5714285714285714,False,5
-0.34416751746679103,0.93126778620290884,0.11953673201773607,-0.93690473516331707,-0.3323255800806757,-0.10848606386351251,-0.061304462719298215,-0.1493319095330142,0.98688486848564227,-4.8765834491295275,-19.510863242029377,-3.6562171371851058,0.4746190141931579,0.4803901963766086,0.9666666666666667,True,5
0.65897473696015385,-0.73670203106193144,-0.15173138593422406,0.74674994614573131,0.66494332681341906,0.014659128816190484,0.090093362572627775,-0.12296539983071321,0.98831305590123097,-14.201551009205232,8.9818475120922905,0.12650393629442033,,0.6507916098690785,0.1428571428571428,False,2
-0.39202785151274766,-0.91359773277087375,-0.10795066611289995,0.90568216646533328,-0.36269120108231501,-0.21953338243676945,0.16141244371163002,-0.18383219340852019,0.96961422621661941,6.6599448071688538,3.7323504387926656,-1.889957648114222,,0.360304642753085,0.2470588235294118,False,3
0.88772052223195541,0.43790870650087016,0.14208532358748333,-0.45270948182673898,0.88642443329540122,0.09646682912324446,-0.083704238079028118,-0.14995895714382146,0.98514258445158476,22.0713001120447,5.0782593727365244,-3.1942751602508963,,0.5473980084384608,0.3142857142857143,False,1
-0.35428861151444913,0.89940484446440239,0.25602832949720217,-0.929682193513379,-0.30923752656290698,-0.20015786576951686,-0.10084938678701125,-0.30893863131570259,0.94572000257236,-7.3538295992720553,0.85868251425344055,-1.1600276766154118,,0.1155607221707612,0.2459546925566343,False,3
0.64329771780502631,0.76280144875415634,0.065589603180732564,-0.75704904399040285,0.6465408489051977,-0.094136473750425637,-0.11421379627725811,0.010903232342178104,0.99339636010226584,12.342054277537907,4.328145882665849,-2.4210008933486278,0.2282694930562437,0.2994690399954958,0.7352941176470589,True,5
-0.88765161583585384,0.44972999166986138,0.099083517784862685,-0.45951458311320809,-0.85079935425940667,-0.25492510017271786,-0.03034727022800339,-0.2718149984537313,0.96187091119614687,1.4137581103926267,-9.7192352954062358,-3.0236360523345294,0.7718777147935365,0.7936927568994953,0.8411214953271028,True,3
0.79557175218627008,-0.60556025621899212,-0.019035840177318783,0.60440704299393289,0.7954470164373495,-0.044228615400539149,0.041925093948588212,0.02368164117850121,0.99884006045437257,2.5790786949052285,-18.147573445030474,-4.0725064477735646,,0.09751872915795337,0.1363636363636364,False,1
0.16126269068060747,0.97411208234031188,0.15842978139564673,-0.98129018546690894,0.1753740266527449,-0.079457678558600725,-0.10518515342371437,-0.14265203052962122,0.98416791335879583,-3.2676959173100375,-17.122238340734736,-3.5245721157987684,,0.1593998268380452,0.1923076923076923,False,4
-0.92883974881799691,-0.36770547111039997,0.045270382494513213,0.35491112790305096,-0.9181871461862493,-0.17598424892283959,0.10627705446757962,-0.14739420305368392,0.98335148171946396,-13.881029592365687,-3.3850674507551339,-1.2447616881392003,,0.1886933085441096,0.6181818181818182,False,2
-0.87417428495229688,0.46766848163768432,0.13078803772075184,-0.48559909655595507,-0.83986270810908337,-0.24253690224730418,-0.0035828692666806244,-0.27553007605410534,0.96128577449031161,24.63359094511317,-19.489592170647875,-6.4357765229576369,,0.413257328128921,0.3181818181818182,False,3
0.98939824774318019,0.12475441357343946,0.074346779733031873,-0.12717629505965505,0.99146292508052303,0.028765572576838663,-0.070123443566501381,-0.037915755098916697,0.99681748488760735,13.914217172602214,9.4852533030547477,-1.9704793090483659,,0.5567163411370861,0.5833333333333334,True,4
-0.65170255064382843,-0.75145683659987217,-0.10293885666569659,0.74776812680660676,-0.61383527029417584,-0.25307921581001946,0.12699060601661238,-0.24190676648285142,0.9619534824061633,9.447621528627506,-5.1827493721265814,-3.2188522878840633,,0.4465987811520954,0.131578947368421,False,3
0.15320071248464101,-0.98128091137109552,-0.11669325033142046,0.98091712787141316,0.16531380514698399,-0.10233735425700533,0.11971269749987747,-0.09878825237111051,0.98788144594924243,3.6236099692044448,-14.868266858208621,-3.79963436041229,,0.3141893844885986,0.3157894736842105,False,4
0.13284782373599338,0.97289314052777376,0.18928917782751412,-0.98370099652221521,0.15277382680032087,-0.094828831512294709,-0.12117675177117125,-0.17360614896596088,0.97733162226104098,11.900242353864581,-5.0355507408222913,-3.4408178905825926,,0.1718173227683663,0.1304347826086956,False,4
-0.16667283400069907,-0.98043481761273465,-0.10472695364069154,0.9780603494074015,-0.15093151661876011,-0.14358840554945024,0.12497247426232644,-0.12636156735275611,0.98408060390036556,9.478043511645728,-15.799174456384135,-4.4510459760939627,,0.2090495830285113,0.4761904761904762,False,5
0.2661299908666323,-0.95943057816680599,-0.093100986245240658,0.95833341119696136,0.27374517841545876,-0.081612807070254409,0.10378776876358869,-0.067502170133995884,0.99230618061275799,11.422081353510753,-15.625116723518607,-4.6276408427039284,0.3789514287669223,0.2730890967317716,0.7446808510638298,True,4
-0.72724946808168611,0.67228354636870569,0.1383583913495004,-0.68371547361379559,-0.69184029314164552,-0.2321425422595913,-0.060343701543480316,-0.26342331344738457,0.96279114849298097,17.819077458383116,3.7672210890911986,-3.0252082869083643,,0.4506461508547941,0.5833333333333334,False,3
0.46973152951191305,-0.88258498320852707,-0.019900693384962219,0.87909757387441745,0.46970267040133973,-0.081036146416048185,0.080868694749646669,0.020570581728622694,0.99651247126006137,11.10679575335328,-19.690206848792364,-4.9792687809532445,0.257485992399579,0.178258276490048,0.44,True,4
0.90948691711653651,0.40374635416639071,0.099108168640161948,-0.4080939951991438,0.91252502296409121,0.027520420541610677,-0.079327414405491598,-0.065474910933374236,0.99469603264615858,-12.115421988371978,-8.5100222960787253,-1.9492400094517839,,0.2244744091521978,0.578125,False,4
0.4047249211948804,0.90702814158477185,0.11617955300771696,-0.89688832551678066,0.41851242003245509,-0.14296393192089976,-0.17829489537141405,-0.04633901867598289,0.98288535731927762,-2.3596216257912088,11.795549084839694,-0.30885796446389063,0.2928377495847262,0.1929201127893502,0.4814814814814815,True,4
0.9998488403332646,0.015556241237745658,0.0077652973399561787,-0.015823589057613226,0.99923925165121763,0.035644522564472814,-0.0072048951110097945,-0.035762009424338645,0.99933436254757702,-17.820727767224653,-2.5166462508218101,-0.93065601248508445,,0.4619918008780024,0.5454545454545454,False,3
0.053642048223974587,0.99205612976357682,0.11378561447235511,-0.99480762408598999,0.062961964102262694,-0.079959878293896058,-0.086488853170371402,-0.10890558514098364,0.99028241012469553,12.674497145428187,-3.1903484867962861,-3.2809964459410073,,0.1498301495113929,0.2439024390243902,False,4
0.33984886078528453,0.90208340752060534,0.26598548400045768,-0.92898651857931991,0.36607056905560326,-0.05455627158432183,-0.14658376486098221,-0.22855604202759625,0.96243199008130464,25.659308704659068,-9.3223504659442593,-5.4152456624581014,,0.4141639357779375,0.3571428571428572,False,4
0.85226339477459345,0.50261287755099615,0.14500827992632898,-0.51460922501187134,0.85533202395398877,0.059870479632741114,-0.093938551510903204,-0.12564801677177581,0.98761739779195523,9.3032874662223897,-1.0941813682089843,-2.726319656848279,0.2082667770035363,0.1514029589487852,0.5,True,3
0.54211790873504029,0.83205356681804554,0.1174522667900213,-0.83343968350408026,0.55023938524921112,-0.051136218878488134,-0.107174936386102,-0.070167520021288898,0.99176108622222969,12.573280516939226,-14.002263775021538,-4.5401143631122851,,0.09372443325104418,0.3636363636363636,False,3
0.9288882106184615,-0.36680161544375683,-0.051217839488627417,0.37021570753525845,0.92346689310389418,0.10074337315778609,0.010345147084527599,-0.11254098030891339,0.99359322948725293,1.0406325224995849,5.5785628003921541,-1.1963717174384048,,0.584241565601866,0.2548387096774193,False,3
0.93022652001137807,0.35679022604137633,0.085903178456132351,-0.35743527938265851,0.93390122913407803,-0.0082773953935244698,-0.083178377720195443,-0.023004973879649535,0.99626910453784256,-14.680517234471811,-13.25285789632847,-2.329128314108122,,0.1173522572523408,0.24,False,3
0.99430276241699145,0.097699095290574023,0.042625150197314846,-0.096342501519536355,0.99480759761705828,-0.032801922570724742,-0.045608541424808316,0.028508428627004572,0.99855251762054131,28.74898126351431,5.9841764556543557,-3.7301595984646623,,0.1189835607233588,0.1111111111111111,False,2
0.9596047719320977,-0.27536346980588888,-0.057737692901683936,0.28134871653678201,0.93825470913883946,0.20129828732977009,-0.0012575326052911284,-0.20941122289708941,0.97782685498839417,4.4036127679230379,9.734440330084464,-1.0839029631150643,,0.6063297873792073,0.4142857142857143,False,1
-0.46022387989722963,0.82602925652828929,0.32537616343497228,-0.88362080155625611,-0.39065298200421822,-0.25807852818142607,-0.08607124624065475,-0.40628304789953218,0.90968446483384935,-9.8038301079233889,-36.174597820809403,-5.081244798342464,,0.5030055859243285,0.1904761904761905,False,1
0.23380480942825824,-0.96687304529186946,-0.10242961181339974,0.96970814261162919,0.23955066912087866,-0.047766045225083265,0.070720783656017111,-0.088158897519009877,0.99359276343344671,10.247382586478599,11.163445172170787,-1.4539800536140672,,0.4700397109527065,0.6285714285714286,False,2
0.49749896633930857,0.83330556719375581,0.24103238407984212,-0.85175157825765146,0.52189791785707973,-0.046279717717859964,-0.16435944580984574,-0.18227560182409963,0.96941300669670361,-1.3714375841493398,-16.464028165342768,-3.5875504913464193,,0.6081988439556554,0.2,False,2
0.79794834820938654,0.57493327625985036,0.18091479054799831,-0.59486971600961902,0.79953784412447637,0.082880979648046513,-0.096997188436300424,-0.17375547088336193,0.98000029682319711,-9.535758901929098,-3.8845053202970274,-1.5867521275402041,,0.2416782753274301,0.2979865771812081,False,1
0.8232189517444124,-0.55193418195311605,-0.13296321401265682,0.56654513937908513,0.81374642522740015,0.12978197284507709,0.036567233075036135,-0.18216864225593796,0.98258710720417264,-1.5239266130884599,8.3697745176476595,-0.74263298655971965,,0.7319666495393093,0.3768115942028986,False,1
-0.99823441730699747,-0.050205716180550954,0.031740103442768237,0.0438533956066769,-0.98336573319839393,-0.17626319656964762,0.040061550113843013,-0.17456007800749834,0.98383121081234903,-7.1548425514472482,-21.861459826598686,-3.7228860704561488,,0.1325729604462368,0.5,False,2
0.24140112460214908,-0.96819607142314701,-0.065740887745773108,0.96492266848817387,0.24668496385261277,-0.089837477962692369,0.10319758174724698,-0.041748004620818215,0.99378436455385089,-10.484282647722797,3.1075456897993843,-0.73443072672690057,,0.5675846446069074,0.2254901960784314,False,1
-0.73841157479082087,0.6396742224719616,0.21346014925468196,-0.67385205815537985,-0.71208987155977821,-0.19710763187085567,0.025918139105618403,-0.28938711776247006,0.95686119481272314,-9.3181752783458158,1.1395788347395519,-1.0141026934097999,,0.4207010825267752,0.5263157894736842,False,2
0.99616078536030039,0.079215871195093435,0.037263057592653429,-0.077995859003027843,0.99640305982782951,-0.033129870873888731,-0.039753436187716505,0.030096314002599996,0.99875616453403093,17.308138590790264,-6.3649399120038161,-4.1864709184507483,,0.1235324705979198,0.4210526315789473,False,3
-0.054166173369711974,0.99636478084006863,0.065751419482804288,-0.99125712479522343,-0.045720781099726292,-0.12376963568798718,-0.12031349967974694,-0.071880690572310835,0.99013020765839621,15.909743841283102,-7.8654916482867492,-4.1656364577234628,,0.07570759166274589,0.1428571428571428,False,3
-0.97380402319530657,-0.22670452330802385,0.017629053301764647,0.21940399108928754,-0.95714483526364047,-0.1890387606345082,0.059729499434757256,-0.18021882099220568,0.98181136857211682,-8.1992912676515139,-3.2964012631119131,-1.5876587749502653,,0.2434758462053899,0.2915129151291513,False,1
0.96502931622863031,0.2372557311246255,0.11148155393526231,-0.24027633313681204,0.97059928889358071,0.01429349969751556,-0.10481270225325329,-0.040580025231566105,0.99366370518328595,-7.3962509301490131,-6.6319106302882043,-2.0795070994282683,,0.468766191629949,0.4209302325581395,False,2
-0.51786039770959147,-0.83801089312909505,-0.17192542418455722,0.85070345153652782,-0.48329549840130626,-0.20671018061254687,0.090134599504865395,-0.25330456810331942,0.96317835822348552,-9.1743703710483882,-16.030329177932249,-2.9707692493118456,,0.2323305804989666,0.3684210526315789,False,2
-0.066296696209086597,0.96097742967605881,0.2685649413548914,-0.99144429693910618,-0.033112403910619134,-0.12626074122300374,-0.11244089175510115,-0.27463784946808817,0.95495083512234435,15.879611070723197,7.957857767720264,-2.3334465043746198,,0.521807067781582,0.1929824561403509,False,1
-0.82099095133875466,0.53471622113612105,0.20013100877623571,-0.57001138416537522,-0.74765165046121407,-0.34074041657029225,-0.032571148916794052,-0.39382175208656284,0.91860957312762126,23.438001442858759,-6.9528271100657175,-4.8887225943839994,,0.4017863424947647,0.1,False,2
