axis_00,axis_01,axis_02,axis_10,axis_11,axis_12,axis_20,axis_21,axis_22,location_x,location_y,location_z,dbh,dbh_approximation,score,reconstructed,number_clusters
0.65279706700539208,0.7099668905724027,-0.26420258060835,-0.71290775001365336,0.69370318603736281,0.10265685389725554,0.25616113928468554,0.12133797415717024,0.95898830375964783,2.1783461677058398,13.429059543015642,-0.93915341197651225,0.161997724381346,0.1352253360654059,0.2857142857142857,True,5
0.00073535481828183478,-0.90463832010072631,-0.42617950333002536,0.99752225052983057,-0.029317242576910388,0.063952005328905381,-0.070347842548247164,-0.42517056470670989,0.90237529440681408,-23.415596945791972,22.76999007751774,-10.715778396266536,,0.3677501430243071,0.2692307692307692,False,5
-0.94130546588871344,0.16229275396180817,-0.29598155668812315,-0.17120935977011648,-0.98522539465659165,0.004275143374299982,-0.29091472120733175,0.054699028650022491,0.95518408762374463,1.9448655105199022,14.744244756659477,-0.98754554808667228,,0.0759845484616993,0.52,False,5
0.18711342475913523,-0.92065174568975583,-0.34262067864230639,0.98233823915104834,0.17550109434388961,0.064891831425206797,0.00038752616394889527,-0.34871152697108299,0.93723002554387391,-3.5226716479010531,-9.7047030882325398,-2.0112999809307404,,0.08320467775233781,0.3636363636363636,False,5
-0.56127380685541728,0.77453649589912121,-0.29165892795924708,-0.8169211794692216,-0.57497746724140031,0.045174093231400834,-0.13270832781948061,0.26361739071042684,0.95545505966653543,-4.4174714942830722,1.519212460909066,-3.0806711861044951,0.2576917263591544,0.2063447368772562,0.7799619530754597,True,5
0.95053242567576568,-0.013802807329198828,-0.31031853030197604,0.079784049115063774,0.97634540649577117,0.20095808697689418,0.30020428585506659,-0.21577564673623609,0.92914921139169548,11.230045903127426,-3.9328102805375069,2.9931000517389981,,0.1220166965915136,0.6,False,1
0.74517284977786502,-0.54871474356421168,-0.37898489963216014,0.64198578415519525,0.74406265284062101,0.18500005835247293,0.18047625022860009,-0.3811599386649136,0.90672235235511045,-12.900025438138524,-14.185542828251185,-4.6180665810659374,0.6106793618663406,0.3643600622238705,0.4711538461538461,True,3
-0.62372754416778575,0.73073214445362777,-0.27747879866509934,-0.76678426692676149,-0.64090574253662125,0.035801077877249086,-0.15167675708563147,0.23509649560507262,0.96006447654009264,6.0982682451047934,4.4992959572387159,0.87706703838750844,,0.1016544480392159,0.5041322314049587,False,7
0.95285872448886111,0.037655066867486979,-0.30106867506378965,-0.0025118367169479588,0.9932141311520577,0.1162728702499897,0.30340392522472093,-0.11003538348671592,0.94648733353339909,0.39487007805307939,6.9967196324815637,-1.3440102418254161,,0.09878438929662126,0.443609022556391,False,5
0.91247389736892792,-0.2450186849595046,-0.32765413264763421,0.30293264128642738,0.94288854635068764,0.13853881767907295,0.27499672991435226,-0.22567018673586842,0.9345853440724452,4.5210127829227718,-38.745115760226582,2.2864497604726921,,0.625168945673443,0.4137931034482759,False,1
0.5406152425747468,-0.76678826013238155,-0.34607936029038527,0.83174148364046152,0.54891084743453566,0.0830842100537941,0.12625871806497538,-0.33276515095763015,0.93451917605832713,7.4290610108696278,-9.6553184022339362,1.9287438275047031,,0.08975637615838163,0.2972972972972973,False,5
0.18461889080705504,-0.89991331351789738,-0.39505935416138649,0.98270124501880607,0.17501308583372771,0.06056965267727013,0.014633119819833444,-0.39940762128456614,0.91665665538637953,-17.699791604250969,-21.860589223589827,-5.4814285666114912,0.2339763994847322,0.1722051280980279,0.3684210526315789,True,2
0.83281143081476028,0.51406069388257736,-0.20534537664441033,-0.45652536856211562,0.84762011862637665,0.27041583230097954,0.31306502290018934,-0.13146002245842722,0.94058947151865047,-0.70769596080659558,23.2870318517597,-2.458844378344947,,0.4855847935651441,0.6888888888888889,False,6
-0.81332658781501854,0.52006827189394866,-0.26082341559457473,-0.53865393170561493,-0.8425270736053343,-0.00026851464374991196,-0.21989043501539823,0.14027516819192584,0.96538648932822013,-12.092373453047651,23.935566028171085,-6.8005956730885293,0.4479402267318132,0.3163063490725087,0.8367346938775511,True,5
0.53906972603410142,0.81574178377147932,-0.20968827502472212,-0.81379232038515548,0.56862993237464221,0.12000858006723517,0.21713104281899195,0.10594971551134327,0.97037558091050624,3.9735224686018973,12.914774253668059,-0.13742315381860928,0.2845503301526775,0.2058173043532056,0.2307692307692308,True,4
0.76855274462326528,0.58303538612962491,-0.26343199739728851,-0.58093188193233702,0.80845397306159617,0.094447456267880633,0.26803885406149464,0.08044819427183586,0.96004336399550294,-11.135616825686762,-25.79244291120273,-3.4053030248117993,0.3465296498307024,0.2629497490539837,0.782608695652174,True,5
0.64019749047511831,0.72106364670215861,-0.26497998149661461,-0.72711852130607779,0.68006541809560928,0.093859912018432717,0.24788269234261673,0.13258297219111417,0.95967490658136256,13.84098205743841,2.5388604696776875,3.7470374691355479,,0.4786737046855917,0.9912663755458515,True,5
-0.94806732939631377,0.098191278984721769,-0.30253398431033546,-0.10272895250123007,-0.99470896208791393,-0.00091818298062860959,-0.30102342309086483,0.030208500017882597,0.95313815644812405,-7.1698516684632008,-4.7658762439644091,-3.5130393618040419,0.495667913180995,0.3912996206750763,0.958688524590164,True,4
-0.8738990495267045,0.41556698811034687,-0.25219938467255942,-0.41576343782487829,-0.90779752575331829,-0.055176226802781947,-0.25187539578998436,0.056636831029361234,0.96610095454180689,-23.796109337013824,20.70709024748648,-10.738875306695304,0.3408464514868287,0.2655582666397718,0.7608695652173914,True,5
-0.53143163249272318,-0.72852036732783065,-0.4322481860860079,0.82137394034003597,-0.5679601652967774,-0.052593733147046254,-0.20718414542721303,-0.38298736927551852,0.90021964256453291,-12.241186775993935,1.701908253024859,-5.7046892592833753,,0.2269941491123528,0.191358024691358,False,6
0.3867893023507743,-0.85378138287139393,-0.34849876018317744,0.91884877050682334,0.38885237782691368,0.067162230430909783,0.078172709592930462,-0.34619528957015844,0.9348999138701074,-6.4531006599470517,3.6058980095276674,-4.0069720653777994,0.4349792570569688,0.2974651488736395,0.8536585365853658,True,5
0.92854142881305424,0.23307891811639581,-0.28893776649566644,-0.20329434260651155,0.97050669096490572,0.12956918251087865,0.31061588053736094,-0.061570940564860371,0.94853929493509159,-1.208236763050123,-15.845625854981002,-0.84254690908997221,,0.7003854746519356,0.1842105263157895,False,5
-0.83183777070459219,-0.44132380439955987,-0.33656978904755086,0.46802266590181246,-0.88371411681052769,0.0020356699018474964,-0.29832986345884704,-0.15582894281900217,0.94165632432885926,2.9851686677464428,13.988186435707638,-0.57991666134101261,,0.1744690058831151,0.56,True,5
0.61969989166407868,0.77942032909258163,-0.092065166424340206,-0.74746182546513262,0.62188190757432749,0.23358876793212369,0.23931749569110317,-0.075939736824194082,0.96796709273983672,-18.644408523892874,8.8237190019533607,-8.595348793716882,,0.4573139824293514,0.3421052631578947,False,2
-0.22094120350197019,0.96069140219920324,-0.16809822823465337,-0.97518604151807553,-0.22009365329722588,0.023894941024967864,-0.014041688766212118,0.16920642280601866,0.98548060227372514,-31.834569644254778,6.6153848837241638,-12.141030634942981,,0.3521672434945283,0.5238095238095238,False,1
0.051361499752870785,0.99057975446344748,-0.12693993221311764,-0.99236929329974111,0.064889880175775155,0.10484507220916343,0.11209452287648583,0.12058629067148802,0.98635377245853528,-5.305429707213599,-5.7472792798372545,-2.8525188304717375,,0.4487799151094254,0.2222222222222222,False,5
-0.56146178641129629,0.79006921826299126,-0.24607172278248748,-0.81703571625083038,-0.57642965907477639,0.013471692893958338,-0.13119946939804342,0.20861322703089172,0.96915799575581552,1.8034682414029954,3.8435372438641173,-0.62406305251275995,0.150457257099328,0.09912352328308516,0.5182926829268293,True,5
-0.75321150474269538,0.60145857330883601,-0.26630811800721632,-0.62376400753753292,-0.78161201969597649,-0.0010552570751638304,-0.20878431939195674,0.16531858715848483,0.96388737553510961,13.475700519016675,3.6978911342460341,3.5533210956961949,,0.1729125563456408,0.711864406779661,True,4
-0.67745204843426265,0.71822536347870003,-0.15877987696213564,-0.71460640045831803,-0.69379492050313796,-0.089366104917082509,-0.17434567530119011,0.052923865504457546,0.98326123180151814,-12.295086888488056,9.4077177031343062,-6.3410493666964438,0.5158498331265153,0.4677739338314837,0.8422330097087378,True,6
0.34443236034594993,0.92458504640722872,-0.16281535893969035,-0.92288170992546958,0.36526956845998193,0.12193232484497141,0.17220830012388694,0.10826187841156798,0.97909328822704134,-7.4755785696350197,-17.024867201212039,-2.8270557124851869,0.4987617684901088,0.396258044424082,0.4492753623188406,True,5
0.076884819451538217,0.9835474276008549,-0.16347226736559312,-0.99446070016176802,0.087433947530905137,0.058337129282572835,0.071670359087094265,0.15808150580920763,0.9848216067640998,-24.026972638778208,15.610999892625658,-10.586613923792054,0.2819224174014701,0.2892899078745197,0.6153846153846154,True,5
-0.7397693531314351,-0.54709804947873664,-0.39169507071708226,0.62145308240067942,-0.77871305058697415,-0.086035174319713442,-0.25794838736110126,-0.30706629431132759,0.91606381893169286,-4.1636158479474137,-25.791847234647154,-1.255482829773682,,0.2287657111683877,0.2222222222222222,False,5
-0.55973218690071347,-0.76033276194791233,-0.32953599204943396,0.79566642877251947,-0.60423124412024776,0.042656040056284969,-0.23154872720818551,-0.23832476736075361,0.9431789290430066,8.5952211771667386,-4.8735543805867101,2.0841857306744997,,0.08102029295318955,0.1884057971014493,False,5
0.076815116650785817,-0.90964686124772876,-0.40821811042147721,0.99666448415471798,0.058739218410525998,0.056653422183748928,-0.027556194921210312,-0.41120833167954635,0.91112477964260641,-12.50441731599855,2.5986027493344763,-5.8868083471754806,,0.09910703078690618,0.217948717948718,False,5
-0.43542918406025866,-0.77975997058977609,-0.44986199432097973,0.87974755840900065,-0.47455854097296452,-0.028955563593433847,-0.19090746224812583,-0.40837308855437948,0.89262856855611439,-1.9074802215077327,10.741945259216818,-2.3838793960040565,,0.6003311745643317,0.6733333333333333,False,1
-0.84683816034379111,0.44696247382915838,-0.28825280080870874,-0.47205479470909417,-0.88133722224932276,0.020223043045148922,-0.24500898142252095,0.15319676127898343,0.95734077075821433,3.9485806768256584,6.1911089930067487,0.11276893656910589,0.5240394652271939,0.4818828878599262,0.9899598393574297,True,5
0.099412673265882004,-0.92087178847599738,-0.37697781046521739,0.99438873001595918,0.07817039072277783,0.07127723080687591,-0.036168688272860988,-0.38194834625020524,0.92347565576216184,3.6527322179996924,-14.066076990128401,0.73655165721182647,0.1345667179829636,0.195955152749591,0.7818181818181819,True,5
0.87023008554247605,0.38457151027229369,-0.30790315312387478,-0.37514959140772813,0.92240756840165528,0.091799029526257528,0.31931549020263922,0.035623464770221325,0.94697866210090287,-11.854920012092215,-6.1696285006078,-4.9219866913602193,0.1926930887412265,0.09908858070883825,0.2545454545454545,True,3
0.59174485157321655,0.75587440208761392,-0.28016409281934096,-0.77103265311608371,0.63213017623909096,0.076942108865753089,0.23525874790401624,0.17048556700386175,0.95686362297769845,-10.680995750477075,13.913126425294623,-6.0565856282054096,0.5918911903893131,0.6164117393187809,0.8882978723404256,True,5
-0.17108753874992647,-0.91596513600655294,-0.36295581508634078,0.97880331904034068,-0.20010548957946558,0.043610270301570483,-0.11257493824162673,-0.34780118266138765,0.93078527095095076,13.345435332570837,12.763920851771411,3.288560950405083,0.1996919017888888,0.1589962068303687,0.3846153846153846,True,5
0.74849588106366971,0.62366033983196201,-0.22539231697510059,-0.60726766327095028,0.78117793580517592,0.14486896754172823,0.26642053444913444,0.028439640149764578,0.96343722457251546,3.2010710160111948,7.8688102645408371,-0.28860743432375635,,0.1669498652681952,0.2142857142857143,False,4
-0.81382318742576487,-0.43905440768495585,-0.38068759725079332,0.50230489337205997,-0.8608953470921481,-0.080925863909970142,-0.29220132392351217,-0.25708058745752072,0.92115577284726635,4.0111570973125321,2.2120446070840032,0.2679749599795625,,0.1023845169099808,0.2803030303030303,False,5
-0.83760049441474949,-0.4299530360059487,-0.33699525009328529,0.45952159910171719,-0.88812062021318572,-0.0090368086816241602,-0.29540702719327683,-0.16242583163220931,0.9414629772345896,3.9755673855873179,10.683033971854975,-0.084615795989813877,,0.08084511225651647,0.25,False,1
0.88503138889188704,0.36551834008677625,-0.28829808139546453,-0.35629878848494029,0.93041991786786093,0.085848411510799555,0.29961744608794383,0.026741718250171492,0.95368457390521288,2.454139305297149,-11.238608170081594,0.212663505133525,,0.06719042367308338,0.2291666666666667,False,5
-0.60931876786796291,-0.65210844410114954,-0.45109335647496107,0.75289878041019143,-0.65427931296400388,-0.071147783410296372,-0.24874498101612996,-0.38297931766523619,0.88963631707566682,-7.0361462044250906,-9.9098899826104816,-3.1490943601986072,,0.177399102447416,0.3823529411764706,False,5
0.83271405611234595,0.50354971514955471,-0.23027154649614809,-0.45284618640526675,0.85865589146273058,0.24008413424162495,0.31861831744444929,-0.095643841564140769,0.94304539835562662,-6.5217121734915464,18.716004545882853,-4.4581459057705244,,0.3353860635940925,0.36,False,4
0.4170897571922112,-0.84803938997122719,-0.32690262694351674,0.90522280272130262,0.41978605027463151,0.065964758987015815,0.081288448618072301,-0.32343293748790369,0.94275305518954111,10.35487293783863,-4.2411675836086067,2.788969847618826,0.5232106300757619,0.4572440657053727,0.9619883040935673,True,5
0.52876584482245126,-0.72616795571100934,-0.43941641008011101,0.84182010160477128,0.51479077323411171,0.16226329322171842,0.1083771095911466,-0.45570885430449815,0.88350656037470943,-12.505749261953051,18.695929714952776,-6.8396426290210801,,0.2356127880840552,0.2,False,5
-0.55721867675262182,0.82454344733282814,-0.098160326703577078,-0.81399347559453672,-0.56576074007052479,-0.13164120435630716,-0.16407915153237504,0.0065489278013969587,0.98642543741383137,-11.003222904328304,-10.86542794630652,-4.3201825900596935,,0.3875458874470237,0.4216867469879518,False,4
-0.23088094380481697,0.94887919041475033,-0.21522609457415628,-0.9720253070566176,-0.23474709774446806,0.0077847634541291441,-0.043136901016235164,0.21100256419862756,0.97653321790521763,-9.5402793325263513,19.649718857706581,-5.6968679158251367,,0.5405301957155944,0.2142857142857143,False,4
0.70917207206980537,-0.60007367283554258,-0.37011695363206709,0.67709546036169588,0.72599485372201489,0.12030465463453147,0.19651134764639555,-0.33592121031398592,0.92116243448557167,-11.635379683564837,10.210317622966288,-6.2060075019627678,,0.0955427203598891,0.2575757575757576,True,5
0.10340607999294225,-0.91606800090767626,-0.38746174047705162,0.99433076005063348,0.085507095143264877,0.063205033797075288,-0.024769381050442612,-0.3918009116798653,0.91971654512094303,9.1029771201006362,-8.3494636942043101,2.5391463333962805,,0.4311741826176902,0.2702702702702703,False,1
-0.84520041572469673,0.48162658070421832,-0.23167238510008778,-0.4785056724163122,-0.8750141434221862,-0.073366002184603332,-0.23805163037503682,0.048847574866122623,0.9700233686388624,0.31451646952033402,4.1600266501770884,-1.2484658480047706,,0.09415632467246049,0.256,False,5
0.9385532514027175,-0.071754470956262723,-0.33759308372532359,0.13322508874261821,0.97765910808087508,0.16258457527092915,0.31838478294495803,-0.19757015028666089,0.92714463041361428,-23.622515140586728,17.062934040798904,-10.472250949619728,,0.2562116836971377,0.3333333333333333,False,5
-0.95178126814153907,0.12746006891739492,-0.27904542362571744,-0.091891665305383938,-0.98628845422644695,-0.13708029364941143,-0.29269154320254365,-0.10482850705403797,0.95044339370976483,1.2483392386209053,1.4849558565123777,-0.85713862154271547,,0.23759645058746,0.1639344262295082,False,3
-0.31544832189590866,-0.75366900418406169,-0.57660678832741796,0.93562795542712407,-0.3484515562208812,-0.05640781852283603,-0.15840670830591208,-0.55728318214302042,0.81507224812542534,12.813258188605209,10.010091005349604,3.168029122707865,,0.541566061980694,0.25,False,2
-0.94424663956967669,-0.11959618147100021,-0.30674914350154092,0.12833091494669285,-0.99169593071124473,-0.0083879246362408011,-0.30319871360267686,-0.047285667895401222,0.9517534374413199,-10.136342146012359,2.3622499970676536,-5.150734716433103,0.4627434631887621,0.4398403642411325,0.858678955453149,True,5
-0.54999324783749781,-0.74268983686610202,-0.38199376113879657,0.80364445888187175,-0.59510972241128646,-4.4721651811033269e-05,-0.22729498683786442,-0.30701176607316721,0.9241649011139792,-5.9787805533540981,-9.8292890520239933,-2.8003040326799753,0.1112330686542981,0.2165641140968934,0.3770491803278688,True,5
0.34855980943351506,0.92520537954794679,-0.15000354963537663,-0.93021440380686216,0.36109381541680835,0.065669014138918597,0.11492267921484031,0.1166458834390364,0.98650216202439789,3.0850041680207085,-19.71432845291007,0.7667540914956511,,0.2176846582209989,0.2173913043478261,False,5
-0.44425467793063711,0.88614039285807011,-0.13188246768274822,-0.89131287473538789,-0.45204298030783241,-0.034907066409993061,-0.09054910528373486,0.10204091385203229,0.99065054960493404,4.1971529298201506,7.0446605037784424,0.20924968444313302,,0.0801708600563014,0.4230769230769231,False,1
-0.01119925316361127,0.96934570352801119,-0.24544548026061336,-0.99837448745131907,0.0028783987987519013,0.056921855439479516,0.055883445982643241,0.24568398782204171,0.96773778400606292,7.8167871591912093,8.064721433590373,1.3224421934790478,0.4902087401121287,0.4793561343431162,0.9777777777777777,True,5
0.73006749142344085,-0.57633453550137759,-0.36720561155175108,0.65464220887142321,0.74399935877859713,0.13382276525681333,0.19607405828061003,-0.33808794318260987,0.92046265885364664,0.57496067321311983,-6.586164923765903,-0.72693293897846967,0.4294639969637978,0.3845183006268715,0.9527458492975734,True,5
0.44919718021669131,-0.82511996277382826,-0.34263528761277828,0.88874460267412025,0.45190987948878253,0.076879724492587356,0.091405276122309087,-0.33904941800945759,0.93631755705233588,-3.955884754968054,15.163274680284456,-3.4203451145755568,0.6570052164937564,0.5892053728128539,0.9348837209302325,True,5
0.78349824060307316,-0.51112833166172256,-0.35338128918293732,0.5848508582322699,0.79871276584790796,0.14144748600298226,0.20995232934375402,-0.31749920668293097,0.92472389022823631,-12.147153032078736,-22.493268580377396,-3.8502730234749585,0.307861387181552,0.1914243695476938,0.7358490566037735,True,5
-0.94248809505864017,-0.10591891391465939,-0.31701320847541176,0.11190190720476366,-0.99371903147714546,-0.00067055503927516968,-0.31495103403016855,-0.036106372779098325,0.94842088547651926,-4.7943421930348373,-19.137227349807166,-1.8407725990992503,0.2325718527219847,0.1738787552993802,0.6530612244897959,True,5
-0.3651497117246405,-0.85598197631359985,-0.36600620794417849,0.91411352726810657,-0.40410434073887486,0.03310802110457936,-0.17624456670454791,-0.32248184138376645,0.93002328717342508,-0.14509129371478424,-7.422123112895191,-0.9447999819491486,,0.1309280268942147,0.1693548387096774,False,5
-0.90720166314282857,-0.26257097739572954,-0.3286968576368462,0.28407385140090829,-0.95862837765987208,-0.018266923535641549,-0.31030177141154125,-0.10994596570431191,0.94425880736385315,-3.7404174283001774,-21.872400949745412,-1.3963859733415689,0.1941587607120053,0.2156478463613174,0.8135593220338984,True,5
-0.66273362741995434,-0.61053482135040371,-0.43362584217896927,0.71522742329950484,-0.68763123012177219,-0.12495208810408243,-0.22188707048212808,-0.39295104438065803,0.89238758657492012,-16.785885807823352,0.54324795151813232,-7.0851179925297432,,0.4802427858893018,0.2258064516129032,False,5
-0.45461837862722149,-0.82327671738333907,-0.33990818823451585,0.86924057491455931,-0.49333343965711335,0.03229458527817354,-0.19427545582642214,-0.28078027696153474,0.93990397559157157,0.34889420607825383,10.252645259982121,-1.5531635643620569,,0.1051078356668913,0.4285714285714285,True,5
-0.9510260624845398,0.043071601206532584,-0.30609519049579426,-0.031576965457921692,-0.9986012566467054,-0.042407846869289452,-0.30749361575099465,-0.030665410369426018,0.95105589156434656,4.9153676958352213,-13.441720835019185,1.1454501882421848,,0.1238960901599625,0.5217391304347826,False,6
0.85231727589877926,0.43426162869948676,-0.29149974106978815,-0.4268256992069468,0.89962037614633328,0.092211720073053297,0.30228311845186678,0.045825938742150713,0.95211601164848381,-1.04482545106269,-5.4058042805224575,-1.4280909230900507,,0.07297722138479815,0.4202898550724637,False,5
0.95201630586929131,0.018307542948355082,-0.30549924260165162,0.020124047063085113,0.99230425236188935,0.12217730343363851,0.30538496375688079,-0.12246266621181651,0.94432140677605259,12.432529832911067,-6.1717611662913736,3.5110854473486794,,0.1255150279944883,0.46875,True,4
-0.0063495763425774447,0.96871600448978834,-0.24809068004584628,-0.99855620260403521,0.0070914745200696024,0.053246795491754241,0.053340351716868885,0.2480705819610054,0.96727234698622999,-1.9943912864967464,-4.34383410271864,-1.8239619185953335,,0.08555217646000723,0.3894230769230769,False,5
0.80528026605941894,0.56883536951570834,-0.16718258127927133,-0.52095207743680116,0.81348445973462513,0.25855747288474906,0.28307706743845179,-0.12111711752759835,0.95141894963903972,-1.2402705007129109,-27.900694963859646,-0.47558845043217995,,0.2530179410313096,0.3421052631578947,False,4
-0.27854479108583374,0.92466569729939385,-0.25962693927398062,-0.95993667649141734,-0.27664212458767523,0.044617396049408412,-0.030567572451239852,0.26165336447568027,0.96467773913001409,17.90581050989152,9.9397365167279101,4.8576989148616736,0.4877253333023421,0.4347285548031193,0.926829268292683,True,6
0.56675510888689729,0.81187273779629721,-0.14018310944527662,-0.79169125736221624,0.58376659629744787,0.18011527992795562,0.22806490209331753,0.0089004870899138666,0.97360524945314897,2.3087926192865642,4.6667324131992505,-0.49962517106883425,0.7383638858591872,0.2303227867631624,0.2083333333333333,True,5
0.9389373222884867,-0.087323386390632515,-0.33282327292874003,0.19846245530795834,0.92759461733974624,0.31651363274820554,0.28108603424372236,-0.36323938672947015,0.88828361984308557,-24.134701087934694,10.107674056250909,-10.219860177959026,,0.2533325175181658,0.2,False,2
0.65125256957651834,-0.63750437869440579,-0.41165307938292173,0.74054474156314221,0.6523630884100492,0.16129440977070886,0.16572138173199338,-0.40989092210679956,0.89695365298953811,-5.9193954673690046,11.602054816043648,-4.0212120580941262,,0.3065344073131043,0.2432432432432433,False,1
-0.76675603776912749,-0.51780413460714092,-0.37942595684578628,0.572400667624124,-0.81904760464008741,-0.038967897515704425,-0.29059018264223502,-0.24706254171178485,0.92440112842578659,5.6251968015094453,-25.153806109533338,1.9629607857643234,,0.1642642293212507,0.4074074074074074,False,5
0.13801177026003558,-0.83688894060417884,-0.5296882596056911,0.99033942010776521,0.10934949145018373,0.085267354246517782,-0.013438163948474392,-0.53633906236074325,0.84389562502461912,8.9154273533415651,-26.138925951248854,3.1335647834094758,,0.4131899148532939,0.2272727272727273,False,1
0.86325172207973255,-0.36851731123072351,-0.34495138157377164,0.43666913466594137,0.88800509750204637,0.14410764601671494,0.25321242299001406,-0.27503079488242554,0.92749206503876225,-9.0428839995339381,22.836915371732086,-5.5763352490384719,0.4278002073667462,0.4919768361759217,0.9102564102564102,True,5
-0.10421873298191402,-0.91855974808802399,-0.38129574464988619,0.990346230284333,-0.13107869493079577,0.045085695035688697,-0.09139365326572868,-0.37291602932524381,0.92335303931651125,-5.4715779701045664,15.173931637833585,-4.0211165801750335,0.4270286890523811,0.3770712939237389,0.8633093525179856,True,5
0.68454405602756574,-0.57854825749454786,-0.44348771021004851,0.70605491630872486,0.67755317238006851,0.20593240093289272,0.18134467324299711,-0.45409647911840101,0.87230183832126795,-14.589163173797226,4.2301345229168605,-6.7877953250397267,0.3304190252675601,0.254719341603077,0.4694835680751174,True,5
-0.95099919069784467,0.05047716199808714,-0.30504523502042108,-0.065050617533080571,-0.99716598766442188,0.037794314437539514,-0.30227298332899344,0.055785743356682002,0.95158761781957502,1.8203657618213587,6.2731531873721051,-0.70958957403948464,,0.07789147061673626,0.44,False,5
-0.84120296301883069,0.45356514854583213,-0.29437430430140826,-0.4783638299325062,-0.878048640554979,0.014093652183130842,-0.252082568260174,0.15267364161554509,0.95558627969179433,-1.5706579631485489,16.092668266431186,-2.4082184355612233,0.3748251959424402,0.3216044453448635,0.9054054054054054,True,5
0.90577301829728385,-0.28337573091132878,-0.31507687070792695,0.32686740824915123,0.94039477487546985,0.093890174200492449,0.26969044615839172,-0.18803154660159063,0.9444105043536436,-2.8338350967630568,-11.031749128494678,-1.6901288782195338,,0.09097569098151496,0.3132530120481928,False,5
-0.22775477027264146,0.94281193826465681,-0.2433791562227503,-0.97358174250387042,-0.22468403311477808,0.040689997866863295,-0.016320394639357028,0.24621684412102859,0.96907735005514273,7.4643104944811665,2.1595781425138174,1.4843449925026195,,0.07240719956470346,0.2631578947368421,False,1
0.033653924771083366,0.96259027577908696,-0.26886311447099848,-0.99705674776838282,0.050878071992432689,0.057352101268131048,0.068885811870365465,0.2661416592077907,0.9614693766090977,11.081563885755232,-5.3016276525708932,3.0114795483388681,,0.0845869937500652,0.2553191489361702,False,1
-0.93280392037754967,0.19569988391687176,-0.30261923528288581,-0.21346642266458682,-0.97659236864713828,0.026446774755307115,-0.29036000503350956,0.089268700758422942,0.95274454422045685,-2.8512773625217425,-13.302272748233031,-1.5632725844902462,,0.1027005831836945,0.5428571428571428,True,5
0.58514009982130999,-0.72377389395249991,-0.36573544265485447,0.7985392085185381,0.59281518983950632,0.10442836374346175,0.14123100240278003,-0.35315931408980994,0.92484177178148741,1.2095691496537029,14.083123552592124,-1.3586237420921743,,0.1037344350651579,0.2857142857142857,False,5
0.39673477738292356,-0.84650112351237239,-0.35501741409009047,0.91509217471173043,0.39513485252695418,0.080465894016405429,0.072165283871673758,-0.35679727606975209,0.93139029176437493,10.142819650683421,-7.6753409400091757,2.7587689901242132,,0.0916007230692421,0.475,False,4
-0.93672637060324038,0.20411937118821152,-0.28439231516025731,-0.17590118078015554,-0.97685071824544167,-0.12174337297575227,-0.30265901806592366,-0.064015283871081602,0.95094666633532987,-15.862788591545518,-8.4320993054269806,-5.9472663363256641,1.034494578473014,0.4580406261898485,0.4230769230769231,True,3
0.87195434674203065,-0.24027119750605386,-0.42657398988532713,0.3762843669933027,0.88630916567250062,0.26993728531154654,0.31321828227951509,-0.39588611303495419,0.86323142502572725,-11.94874424325204,-15.292512794884978,-4.2869570013453444,,0.3518277711751946,0.25,False,2
-0.67491555190289643,-0.64968098055232471,-0.3498622890626808,0.69295801900947651,-0.72097503427878551,0.0020454430244139787,-0.25357086127958584,-0.24105937744728778,0.93679890844014946,13.525762328496505,8.5417266622592951,3.5228604431200305,,0.09396931823803706,0.2,False,5
0.12127848775481936,-0.92759053147561266,-0.353365723188731,0.99250888254395142,0.10802985411869144,0.057058467298474733,-0.014752846479951509,-0.35763858367894957,0.93374353919309916,-8.5245630737687055,-6.1949616978854776,-3.892362173819377,,0.07633833496124766,0.247787610619469,False,3
0.82237540451323998,0.51065033587586717,-0.25086834898318655,-0.48596478503510165,0.85975822679698788,0.1570159837745429,0.29586639173362228,-0.0072128998859088689,0.95520210024777685,4.9322010471263731,-17.358622971932785,1.3686207278482836,0.1377107135683655,0.1180789008426988,0.2,True,5
-0.05762245014418152,-0.94191160010728681,-0.33088093148852254,0.99567745701821286,-0.078403224064208174,0.049792931647807598,-0.072842671732487721,-0.32658149371890105,0.942357932600562,4.0213627022822918,9.6654172692666087,-0.085594110623939693,0.3227964290263725,0.2860287667099829,0.740506329113924,True,5
0.88546496079140846,0.3667129546995449,-0.28543547793888452,-0.35109497926594591,0.93031283551245658,0.10606763698234331,0.30444066539297066,0.0062957871869101234,0.95251049564757173,4.8766611361545511,8.3725441199901631,0.29333853752130618,,0.08539629803536457,0.4375,False,1
0.14654854255001665,0.96431010876082612,-0.22052106207378491,-0.98458505848400457,0.16371035838162473,0.061572568312596672,0.095476632148999319,0.20809837265159997,0.97343683925216273,-12.559154536174061,4.2926315658108543,-6.0331156437006657,0.3176081196342272,0.3051595803346168,0.847255369928401,True,5
-0.20907031590288794,0.95264669129665958,-0.22080281830129306,-0.97759771981958421,-0.20922742408114178,0.022947401071152222,-0.024337239198745364,0.22065395209217809,0.97504847685347762,-2.8301474177159847,-24.95871350919677,-0.93903642723842351,0.1862854350268084,0.1446182653201315,0.4642857142857143,True,5
0.91135424929156994,-0.23349642134204568,-0.33898798432784755,0.29575830482117238,0.94423360565217518,0.14474088256743242,0.28628736861326176,-0.232168729973592,0.92958981459294421,4.3529519915013717,-14.445483408500614,1.022794303305012,0.4678927622469306,0.369356024494511,0.7933884297520661,True,7
0.72662513731499656,-0.59513271573385618,-0.34326805922661791,0.65538667545877261,0.75033009044995835,0.086446868054639914,0.20611699457604551,-0.28778777949837198,0.93525075702633709,-12.264356128964724,-24.887647698984669,-3.7192234614084669,0.2762194556517893,0.1809373210804677,0.36,True,4
0.5521887576947293,0.80622384017312121,-0.21234569788921348,-0.80166890232574184,0.58339133104741359,0.13031318391692864,0.22894223489647267,0.098273467402105824,0.9684667153213764,14.786229432089335,3.5663587161896491,3.9547230818561423,0.5689835635593348,0.2014650637221124,0.1627906976744186,True,3
0.081978408890642299,0.96727094769906397,-0.24013840636831563,-0.99294190432112461,0.099989492525602144,0.06378460650981628,0.085708314176036512,0.2332145259666048,0.96864083630583897,5.87976262873772,5.5339118780273973,0.82473515308750245,,0.09584215754737878,0.4090909090909091,False,5
0.1739962469819584,-0.84531090871242653,-0.50514826897453147,0.98474425778116892,0.15040758356147085,0.087500317566363645,0.0020131575220704717,-0.51266658406704402,0.85858541845166492,2.8670420564529082,6.211932982066382,-0.31407803095661396,,0.1157751756917181,0.1694915254237288,True,5
0.94457690825827723,0.12048449908294563,-0.30538164624935465,-0.081857943666965638,0.987276770898739,0.13632261258637429,0.31792096729195168,-0.1037692783269234,0.94242145318942083,-11.919195854335175,15.667346488487638,-6.4774354111646844,,0.1373172074702108,0.2,False,2
-0.44749565859075968,0.86816740667540881,-0.21455299934728778,-0.88957326700250372,-0.45673480041685588,0.0072611791512886409,-0.091689902262541451,0.19410995872100423,0.97668535657519495,-9.7171503311673089,-22.287704225444532,-3.167276569733525,,0.1117749365319504,0.1333333333333333,False,1
0.8000660804408819,0.54828437991810863,-0.24347177591207408,-0.52665378653947437,0.83626949794987959,0.15260771907832849,0.28728044843253409,0.0061290730515627667,0.95782690420134431,-25.556614745733896,5.2807969074963372,-10.196969425429717,,0.09775732955089171,0.2727272727272727,False,1
0.9409139383735079,-0.037363794361118072,-0.33657823376652868,0.14623360275723177,0.94128239547034587,0.304307714989694,0.30544507525755932,-0.33554641832174109,0.89112956810575916,-22.979091268604794,6.4514748095920895,-9.5814736851152844,,0.4008912837443742,0.2727272727272727,False,2
0.25667580503748227,-0.85464727121441786,-0.45132645935520899,0.96576688082938422,0.2449543322940296,0.085391492453683993,0.037574765487516121,-0.4577940769561516,0.88826387976908272,-4.6037763256116202,-12.316816235206002,-2.2365803710740622,,0.1774251360488868,0.1954022988505747,False,6
0.812158269661862,0.55719077617708457,-0.17302422941030063,-0.4976026631285439,0.81634956655909618,0.29319784246504355,0.30461538809986477,-0.15202573506467126,0.94026466551222454,-1.6953554422807842,6.873219941083752,-2.1701012378696256,0.7068967213469546,0.6079948372845981,0.8207282913165266,True,5
-0.34045693024537377,-0.87155356785040505,-0.3528221322637306,0.92512255489359918,-0.37755975393164493,0.03996111407624256,-0.16803968898755875,-0.31279867419524721,0.93483669822416571,-1.9160231331790805,13.567821405281217,-2.6067913164252436,,0.1811713850137994,0.4285714285714285,False,3
-0.9501020704480142,0.035504438299083368,-0.30991206912843017,-0.00011378983558391925,-0.99354094517872416,-0.11347412614883795,-0.31193916519454823,-0.1077767373528984,0.9439693491333786,0.86803862980278801,-33.99053036901028,0.70956820328814463,,0.4021673262662737,0.723404255319149,False,4
0.60661467542453706,0.76392221242165137,-0.22009427282052407,-0.75112766171996503,0.64143269627975485,0.15611320233210235,0.26043400576476899,0.070618336939462845,0.96290559201264547,15.607659436275071,5.1100278502757392,4.1517964843823032,,0.1223805266164795,0.2222222222222222,False,7
0.90385455705601225,0.34237178594409334,-0.25657065280061264,-0.29489516888385997,0.93302170203738999,0.20617308965093495,0.30997383608627394,-0.11068904063503646,0.94427970285570373,-6.0736610136759142,6.7601899158284535,-4.0340794305438452,,0.1691436498948369,0.1602564102564103,False,5
0.35322232472788051,-0.8787055503791058,-0.32110830734626633,0.93390528877619072,0.35146266844362578,0.065535519272725412,0.055271158027413933,-0.32303335497040958,0.94477222157876228,0.83108250823317986,8.0262545169739248,-1.1730997851707581,0.6959122896341211,0.6224835652062615,0.9841269841269841,True,5
-0.6408492246612606,0.73870920578292443,-0.20885636342382002,-0.75296970781434469,-0.65785132117984235,-0.016378593832109808,-0.14949545265673617,0.14676630578405098,0.97780916395862305,0.40541610318933918,-18.852978806320767,-0.1717667496058653,0.7188906638289475,0.5423227855399539,0.5151515151515151,True,6
-0.47027092994093084,0.84448280136709553,-0.25630850677977285,-0.87693234801522268,-0.47978664714416552,0.028185638659971684,-0.09917111200850115,0.23802010717026556,0.96618399858704695,8.5591397023581735,-10.695794866328558,2.2714012180594629,,0.3117868245661072,0.8709677419354839,True,5
0.43540624782467729,0.88668557384550117,-0.15559592696954083,-0.88223985821957052,0.4546660238093912,0.12219508730743261,0.17909280254646953,0.084068424082012233,0.98023378239500558,-4.9210289147002362,4.3680183234732555,-3.4691458225449217,0.4109138953597176,0.2825699853563948,0.2291666666666667,True,7
0.42120307449837308,-0.84442503893222021,-0.33095970095683536,0.90327590782137213,0.42344786085492808,0.069170394583685971,0.081734964260072485,-0.32808270719698923,0.94110633451045322,-6.657407410567842,9.3979667970768244,-4.3362317973126645,0.1925103692405932,0.1627657512556224,0.2835820895522388,True,5
0.17038828060732189,-0.918293205580337,-0.35735895457742345,0.98536734900032752,0.15718163888480458,0.065917523630316166,-0.0043613479277607725,-0.36336141922674642,0.93163805078033268,-19.305148263438795,2.7472758102575727,-8.0674950300397867,,0.1217085833988087,0.4193548387096774,False,2
0.36046711066269677,0.88870828440788563,-0.28330380751991247,-0.91730908975972503,0.39281889180515389,0.065094946694468372,0.16913750611461636,0.23641257044785793,0.9568184783748509,-3.6392656682369648,9.1091452783516669,-3.0809531810196531,0.1292928720409897,0.08917951626811006,0.4583333333333333,True,5
0.93851483276393199,-0.061468219309963587,-0.33972277918466193,0.19002499271891146,0.91352450673947316,0.35967134682732227,0.28823672705653947,-0.40211271255863645,0.86903679759517061,-4.479657295199714,13.680946679500691,-3.5773213935881158,,0.203050973014802,0.2352941176470588,False,2
-0.94984546150061988,0.080203876277609651,-0.30225971861417666,-0.090412156827809828,-0.99570538487324245,0.019910510595479471,-0.29936472932598268,0.046239861207350796,0.95301764625378638,-20.078127034496887,9.1952039159945542,-8.9956010084883662,,0.1079011842832363,0.25,False,1
0.90038284176026007,0.37171367100709551,-0.22614085223627395,-0.3101352352291708,0.91282834206010088,0.26563236587651701,0.30516696107715607,-0.16903657804817748,0.93717648345906401,-9.7553927073589239,11.182413898082677,-5.6204044024092106,,0.09240454529922335,0.3214285714285715,False,5
0.89335985972326115,0.35176002466092426,-0.27959443142842144,-0.3274226637423277,0.93574122161417628,0.13108304787381428,0.30773781097407393,-0.025558779754832894,0.95112785075105988,5.0162468968060381,-11.208555410794082,1.0524558490115585,,0.07541716578154374,0.12,False,5
-0.71452212883991584,0.64891148224346051,-0.26148043064571813,-0.66890817418530624,-0.74316332894372394,-0.016435358875375408,-0.20498776038133346,0.16316296983653364,0.96506883866798243,-12.745895436374346,7.0456553172352505,-6.3837700074797477,0.1160001198235069,0.1859432587258591,0.3492063492063492,True,5
-0.15979892420823263,-0.87593353910567762,-0.4551974724135609,0.98113971592446392,-0.1917376203327148,0.02452636917300817,-0.10876194949316816,-0.44269303136479443,0.89005264918626892,-7.2759743475449064,17.640419406482046,-4.8534448522786091,,0.09910432318230294,0.2173913043478261,False,5
-0.54278954627433418,-0.77778557363343792,-0.31690552204562078,0.81001661236492062,-0.58450586928825232,0.047180254984934236,-0.22192925933315183,-0.23108978821075044,0.94728291108651941,-0.8472632278798814,-13.442118982377593,-0.81208458950724649,0.3258728497147934,0.2648197918011622,0.9469026548672567,True,5
-0.65437070812482234,0.70318797862666294,-0.27807488750904469,-0.72848666126497863,-0.68483624750338645,-0.017507097546035466,-0.20274654302163683,0.19111771456468882,0.96039984301974324,7.3163106171176464,18.86812669160836,0.89060968946529739,,0.1633666031069033,0.1875,False,5
-0.35859063587190826,-0.85817607632946102,-0.36735075592783351,0.92432927657232156,-0.38143091818032826,-0.011217982323035294,-0.13049193207347556,-0.34357572188948698,0.93001482729677432,-0.30414501415934808,14.760029898234929,-1.9607681235869576,0.1628687692518552,0.1601104614695046,0.3448275862068966,True,4
0.39184295461899482,0.91934889439046741,-0.035450095888206246,-0.90233922202519734,0.39154233449268178,0.180218003248799,0.17956343533809857,-0.038629142924062387,0.98298767134005027,-9.342380944916183,3.4650684689820377,-4.9196429939393163,0.3046032781980909,0.1680191132298787,0.2440191387559809,True,4
-0.21956318457530893,-0.84536977611896291,-0.48697222672727797,0.96718591678298738,-0.25402249021309903,0.0048966154217700356,-0.12784134838072339,-0.46991756307943056,0.87340372884118622,19.296869904998385,6.13092098858115,5.4666889419820146,,0.4884092076681448,0.2352941176470588,False,3
-0.73427866054684632,0.64150048028887496,-0.22206301460322342,-0.64943854145635505,-0.75906096529392353,-0.045343487273242618,-0.19764723508455911,0.11092152521579919,0.973977405131777,8.5004126642219262,-22.377910588848003,2.813436868029108,,0.1152637361546219,0.3125,False,2
0.85830795287993689,0.44854547125826205,-0.24922764340408654,-0.41987823705865673,0.8931182082222211,0.16137574844580302,0.29497410745278202,-0.033864824754193584,0.954904942691576,14.388293717698007,-13.604356534456736,4.4646250002826804,,0.6785283944707083,0.8313253012048193,True,2
