axis_00,axis_01,axis_02,axis_10,axis_11,axis_12,axis_20,axis_21,axis_22,location_x,location_y,location_z,dbh,dbh_approximation,score,reconstructed,number_clusters
0.59338907976734401,-0.66147008098590498,-0.45863572906323496,0.7944023205049785,0.57306313570930023,0.20130473334556698,0.12967017077636023,-0.48379331790706293,0.86552277402694899,4.2829766058311849,20.125289917419181,0.35626876600365315,,0.3007797384885041,0.5,False,2
-0.68565708642900924,0.70749589618918618,-0.17124227487727209,-0.71283078260080324,-0.70025385527833717,-0.038946290510812234,-0.14746740387763396,0.095362964736246419,0.98445887153821943,13.806535187655372,3.1568355491223561,3.1823487330446065,,0.2269601987542503,0.4347826086956522,False,3
0.16691649632899819,0.96012368824850636,-0.22427970598638036,-0.98025137291367548,0.18606386699536814,0.066988680383965771,0.1060477682655637,0.20866897388643013,0.97221969234483108,7.6884612330559614,3.613087630018561,1.4024955426032859,,0.0803607964693678,0.3076923076923077,False,2
0.72695500470307761,-0.52830560901491319,-0.43866798905382898,0.66787067073441964,0.69247670517491156,0.27280905403387101,0.15964081028955313,-0.49129339123733462,0.8562392279127452,-18.691487666329323,13.213154403972352,-6.2185728989941316,,0.5037812862431981,0.1764705882352941,False,2
0.71997382098825435,0.69252643464683938,-0.045219845277360754,-0.66278300409346613,0.70544883109980805,0.25111876908099251,0.20580667281799123,-0.15082799479953854,0.96689944120799698,-6.8405827449440206,19.478130402619342,-2.9527474152727082,,0.368888361195198,0.36,False,3
0.48888694751258438,0.86470687413245517,-0.11520231933388056,-0.85058545924542639,0.50182928785298431,0.15707241124148144,0.19363349160740231,0.021198766026457844,0.98084488235749112,-8.6871397049738999,8.9462235346469487,-3.4462202907713277,,0.2720665270445954,0.297029702970297,False,5
0.83959353924503977,0.50593203824899236,-0.19777629163074031,-0.47523214128133345,0.86046584834336737,0.18371972057426794,0.26312943725692495,-0.060260239859701165,0.96287673288999154,3.5585839837479374,10.305377827626709,0.016997936486826661,0.4781340811167831,0.4428432106503574,0.7837837837837838,True,4
-0.62232667683384857,-0.68331278202351076,-0.38182869093905014,0.74361896740098454,-0.66841672260486917,-0.015808740103466459,-0.24441836801360106,-0.29377325757368639,0.92409790309907769,-19.935423289522788,2.0545769289459943,-6.4207114721559408,,0.4348985221394716,0.7532467532467533,False,4
0.70335421421743427,-0.63655621880216218,-0.3163685029311048,0.68934902013945365,0.71942027273277476,0.085043516001361924,0.17346693568328708,-0.2779040328699689,0.94481668631499949,-4.2167070794142374,11.203695663742346,-2.1774483124236079,,0.07640910951784806,0.2903225806451613,False,3
0.30746385740485016,-0.78161261353865297,-0.54272248778450849,0.94964586341573221,0.28819923200583047,0.12293875210297725,0.06032172483540045,-0.55319338845337396,0.83086603281416926,5.0083113868922968,7.02328782615119,0.46273076022128962,,0.3931785082082124,0.2916666666666667,False,4
0.92188214745037389,-0.20950901215589024,-0.32594367617388886,0.28612603717272006,0.93533157885384766,0.20805462852482409,0.26127609355645426,-0.28506282013659801,0.92221146789207042,-11.337325206089888,-8.8544642078620583,-4.407950859457312,0.5185580385260413,0.4434880916659237,0.6435643564356436,True,4
0.78678556548940759,-0.49982980299646412,-0.36213069736495362,0.56975920747164732,0.81376972318826568,0.11468776361657933,0.23736663505807215,-0.29656197608359702,0.92504490426281394,7.889781687054608,-11.710256585389455,1.4707024903901396,,0.2088774739365857,0.5,False,5
0.63151316396665014,-0.68946078700351621,-0.3547322186119034,0.76126503637231346,0.63818753245006521,0.11485738035650056,0.14719601942271254,-0.3425791829778766,0.92788621891712519,-2.3337791894376929,9.7496903546081715,-1.5941252734938962,,0.07245282563949439,0.2962962962962963,False,5
-0.82763972753566861,0.49883206674622765,-0.25725289228766951,-0.51167089981144387,-0.85896178667075584,-0.019430371214416306,-0.23066289621616981,0.11554747173811192,0.96614875153057989,5.7776084686233382,9.6488589263947571,0.69533750833907504,0.8683754123797741,0.4618961193901032,0.6111111111111112,True,4
0.30367445946895139,0.91959497389327804,-0.2492526963875463,-0.94183533034865474,0.32926422537349492,0.067314785866359861,0.14397233474970705,0.21431321443022244,0.96609617168649653,-13.838820219404377,6.5513383893016313,-4.8946776586041993,0.2089670704091001,0.1588146138609528,0.5982142857142857,True,5
-0.1504231494339465,-0.91623368710440434,-0.37133368649967569,0.98395542022618521,-0.17520175331876942,0.033705736033184303,-0.095940643743317733,-0.36030567057582635,0.92788750214076032,0.083136943107993466,8.8202850472025194,-0.9827522599059807,0.2270420868258939,0.1840812365492655,0.4774774774774775,True,4
0.41806055037816958,0.90343498161903202,-0.095029522804869981,-0.88713619456610837,0.42853731889820224,0.17130422820906921,0.19548592918229746,0.012688589305354575,0.98062441902757735,6.4039333835316112,8.3299433876609115,0.88772043673900825,,0.4101158310011958,0.8,False,5
0.80751910644422475,-0.45632908667935551,-0.37373340415047979,0.54858792749044949,0.81383646600856729,0.19162852712062323,0.21671220210051387,-0.35976933060653093,0.9075251237380012,2.6741281175790426,9.230700664837066,-0.22012032073772869,,0.2596813539126401,0.6046511627906976,False,5
0.57540498141458907,0.79363321317911162,-0.19762446787347981,-0.76959689142402032,0.60718422736323197,0.19760551295902859,0.27682075802540895,0.038387979633146052,0.96015448285467264,4.0426100874598783,-5.9729759471757022,0.12375224927423586,,0.395177795137145,0.6174863387978142,False,2
-0.31111024082051036,-0.88788981758402352,-0.33891310079017833,0.93922210453239208,-0.34171487413808044,0.033057270766658389,-0.14516286169109635,-0.30803022030866606,0.94023673984919653,1.3368686335949014,14.304807502550236,-0.52983915870005016,0.22074715514447,0.1202746908950757,0.4545454545454545,True,5
0.95555694775381006,0.046697593600571498,-0.29108461716713707,0.0056098229126248607,0.98431589912311179,0.17632566636865199,0.29475320097721053,-0.17012214872078243,0.94030793096108256,12.231485226424907,-5.7659464574018751,2.7298730864566036,0.6417373096138849,0.7337455437825635,0.6666666666666666,True,2
-0.051304839004578315,0.96406364861518679,-0.26067047188641912,-0.99774506232824445,-0.038169920225333401,0.055207316449898867,0.043273595809938087,0.26291507870178504,0.96384804678793234,-10.75958942488116,6.0673391300058857,-3.9700831568025086,,0.0912586546508772,0.2644628099173554,False,5
0.84166898511112842,0.52088800197415108,-0.14236926951199769,-0.46503094509250981,0.83319555283057267,0.29921796545281648,0.27448049039662187,-0.18563636535639416,0.94350389519540223,-1.5195290908778465,13.876720999913134,-1.3978959255775723,,0.6207397891887416,0.2903225806451613,False,4
0.67839356736079093,0.69538521126933595,-0.23711089327865581,-0.69288928579172571,0.71287116618052415,0.10825496784652755,0.24430842269257372,0.090852123675352364,0.96543217588039087,-22.31995074150511,1.8775401627293113,-7.1374615499445904,,0.07501368501797756,0.4117647058823529,False,1
0.26611073044637318,0.93621302857154143,-0.22954355637700138,-0.9538112109098138,0.29017345096672847,0.077740223159033187,0.13938885566663606,0.19825370989457824,0.97018875144426586,9.041567478615864,-12.434095880570711,1.900138703304054,0.7675817157623083,0.6977910800518594,0.9117647058823529,True,5
0.95462409701871409,0.11690652782629354,-0.27390819108380882,-0.058887319401761958,0.97566939335004155,0.21119071592671063,0.29193341193648786,-0.18547802735516078,0.93828182565983764,2.7774947653798483,-7.4510412357351345,-0.27816189070302466,,0.0816764235672968,0.5333333333333333,False,5
0.78095048410619949,0.60021084824414783,-0.17280995059409038,-0.59115376029505629,0.79960156124337256,0.10570986210460653,0.20162731229500258,0.019603084124707321,0.97926612625449871,-19.782564392343033,10.523990669647601,-6.4765179910291817,,0.3969283046318001,0.6417910447761194,False,3
0.31781922229837611,-0.77982612117628547,-0.53931638457291953,0.94720112840428827,0.28659381808518941,0.14378458117961246,0.042437769584399418,-0.55653859180339249,0.82973720631667358,-3.1466272411053748,7.7823485944410109,-1.8743882768654863,,0.1042038320039356,0.2033898305084746,False,1
0.8184352789928302,0.55734285267756523,-0.13975921675926062,-0.50400154801430841,0.81312941133047711,0.291209546595802,0.2759458890781108,-0.16789730491757607,0.94639545714373829,-26.864537664743299,1.9870053073841714,-8.3577908528353877,,0.4478086858044312,0.1764705882352941,False,1
-0.0022047499217101056,0.99840299490216766,-0.056449967654247146,-0.99843555669626793,0.00095614039377516641,0.055906394269001458,0.055871085566653947,0.056484914498742267,0.99683894197190837,-10.209756912025728,-10.072478290786552,-4.0741008178155038,,0.1998754431113007,0.2222222222222222,False,1
-0.95640239804664307,0.053694829491037294,-0.28707371578839952,0.028057128854145703,-0.96151461009971895,-0.27331749319289256,-0.29070130810007067,-0.269455970152293,0.91808835610642259,-26.106914385580204,0.16377633550223603,-8.0747651587801332,,0.7699647358725654,0.4285714285714285,False,1
-0.023852530993317828,0.99187837802428569,-0.12493334211940885,-0.99926908950626692,-0.019920827377618286,0.032625870009969943,0.029872119485050488,0.12562023660423347,0.99162856586171766,-4.9621660352994583,18.928699203981839,-2.2754492713089891,,0.2837153152125958,0.3478260869565217,False,3
0.81278720895469314,0.54214574626679934,-0.21320164812790621,-0.51602258441128623,0.83985469674831914,0.16841846908010494,0.27036576213924979,-0.026871511952332922,0.96238260401373543,-0.68625427904091829,17.717799984905515,-1.0885285780708298,,0.3878308176979052,0.1764705882352941,False,2
-0.88460556728593276,0.4423470639314252,-0.14765522462134376,-0.40876767202498376,-0.88790094272824049,-0.21104716584113578,-0.2244593073009164,-0.12633681543219349,0.96625929668616539,-1.9266566747026252,1.8950162072269201,-1.5761669919548471,0.451434338846547,0.277783036553434,0.2427884615384615,True,6
0.9062555861444237,-0.2961274237262716,-0.30167757871487327,0.33726775439633744,0.93673742855907549,0.093666705829675803,0.25485539905302995,-0.18663209491877975,0.94879775859755722,-12.487438658218069,-5.6471020364479489,-4.625918786824359,,0.08289484095429603,0.3333333333333333,False,1
0.85167691077700547,0.50290840603228337,-0.14740954782986346,-0.4414378878589188,0.84002827492259158,0.3154125686988894,0.28245182033754584,-0.20355744268545706,0.93743551069679654,-13.264837324991671,-8.1114244255988748,-4.835422650372049,0.4620003180540926,0.6137358113457707,0.3505154639175257,True,1
0.2772136663579603,-0.89305162995245568,-0.35441694291277925,0.96037532835950112,0.26862101325781518,0.074310025667640375,0.028841148776672959,-0.36097304258851159,0.93213016830356621,-8.2461700987015707,-14.295561964968249,-3.4777275882444738,0.2824923673050456,0.2267422155125233,0.4418604651162791,True,5
0.95625777209532004,0.10955576909219997,-0.27123533465592342,-0.031328963294248037,0.9602426491834154,0.27740322771756454,0.29084286026341077,-0.2567714706657106,0.92167176504760373,-8.6946038569095396,-18.067539869410336,-3.3171274343933326,,0.6184943504962197,0.4444444444444444,False,1
-0.44118040753270799,0.85454641679109733,-0.27406252855647711,-0.89360475234139747,-0.44644314437937316,0.046465744689261027,-0.082646201377577375,0.26540335413508687,0.96058870751831249,0.74557421076062758,-3.5615650102711069,-0.93618145763848259,0.1765050336104164,0.1253414388733547,0.6572769953051644,True,5
0.86381680755604984,-0.34562869751818337,-0.36655330640379996,0.42082537897371564,0.89502298077301379,0.14778316649678824,0.27699552955833512,-0.28191251717522753,0.91858522155792599,2.3119389790084455,13.133548971810901,-0.28246429567642406,,0.1727337918140607,0.2857142857142857,False,4
-0.10354368096482081,-0.93772169332188371,-0.33159724366435084,0.99084162850839763,-0.12629932659177673,0.047763451689451404,-0.086669333371627161,-0.32361474931777007,0.9422111868773978,-9.6435224908634485,18.849964423659394,-3.8064738379501448,,0.08406105372804759,0.2941176470588235,False,5
-0.3189526275295842,-0.86220446781335647,-0.39353866020336581,0.94048792341236787,-0.33930334040694748,-0.018860251964864835,-0.11726758847808461,-0.37613388423721272,0.91911458144301061,1.7899114045698541,10.488366476104398,-0.45826916662174183,,0.3610869164032083,0.3529411764705883,False,5
-0.20698041656796989,0.96664447849613255,-0.15085608821088153,-0.97831154963339861,-0.20577471900696223,0.023733454689603972,-0.0081005562307398041,0.15249661376747142,0.98827079476133795,6.2964582835987537,7.1013625876676905,0.90000882272973748,,0.1276099845016825,0.4782608695652174,False,5
-0.37112600594099859,-0.8491962497323452,-0.3756743498760608,0.91401346915763093,-0.40545679215984404,0.013570847058311665,-0.16384402922509211,-0.33833492153776873,0.92665237006944379,-16.070181968960874,4.6291333652841695,-5.4577478594912749,,0.08211425745243148,0.2933333333333333,False,4
-0.87489677844487534,-0.33923180091472327,-0.34565504815485021,0.38288495548853602,-0.92152547830798259,-0.064729465390847452,-0.29657164046368278,-0.18897771846806916,0.93612642522005662,-8.5063545488260885,14.251799971448285,-3.3288835428948489,,0.20034815832111,0.1851851851851852,False,5
-0.0030466520787459477,-0.90822121737453743,-0.41847931636082414,0.99988366425104824,-0.009021289180990379,0.012299361991918265,-0.014945764450384291,-0.41839316037935492,0.908143043508437,12.15912628103405,2.6811922973035647,2.6277446619380682,,0.5930565056438192,0.1428571428571428,False,3
0.438968868837954,-0.84155949270982233,-0.3147760353348284,0.89474987708669251,0.44141644934431112,0.067632652628809228,0.082030419019259115,-0.31133444794665283,0.94675333211839119,1.8970457761178021,15.397974453628448,-0.39096449980503001,,0.06423941351115987,0.2,False,1
-0.86668484677622826,0.45084235172888154,-0.21353817048957835,-0.43879373492142626,-0.89259504769137654,-0.10360569014553751,-0.23731294646978254,0.0039057296884797837,0.97142540151749646,22.312639800175518,-4.2593049457192933,5.8299198711228781,,0.4603328182020672,0.1851851851851852,False,4
0.87885944453585285,-0.35601306481062112,-0.31758585364320069,0.42886146969845707,0.88118109012095103,0.19899177425544801,0.2090069772955232,-0.3110861361382089,0.92711460960573133,-8.1409539901292316,-23.714605921966815,-2.833843005260746,,0.2599559660143056,0.2352941176470588,False,4
-0.95082868260628262,0.044283299721770704,-0.30653516225541311,-9.74834445891231e-07,-0.98972604417852605,-0.14297677249740798,-0.3097173168104268,-0.13594611741597362,0.94105995389628128,-0.65844444324106777,13.01569477837233,-1.1605720178281553,,0.2104387503905279,0.2631578947368421,False,4
-0.81040676122221478,0.53720397647340534,-0.23377931693475804,-0.54546089871636794,-0.83746438937568346,-0.033553010284430224,-0.21380666345288032,0.10032588992267097,0.97171056723407701,5.9602319878057815,-8.3770482974143921,0.81196334050649299,,0.07407340738011363,0.2592592592592592,False,5
-0.094622617000143863,0.98245767218359448,-0.1606968659297256,-0.99534968961071801,-0.090440685970484616,0.033158373196446711,0.018043163355984541,0.16308710767188284,0.98644667345342496,-14.169948373760828,-13.805602982862792,-5.0343199165027839,0.3765669786829452,0.4197358166581941,0.55,True,4
0.80886720919186939,0.52993935895679067,-0.25475108188704954,-0.52026141029040662,0.8469104289900754,0.10986714809479561,0.27397427407841368,0.043669223674256102,0.96074507339194504,-12.944959214115231,-11.221144353405982,-4.7514193670800164,,0.07316736467967469,0.25,False,1
-0.39459408860065931,-0.84380833128227051,-0.36370730718538841,0.90234400688210226,-0.43055577967867076,0.019925205877131459,-0.17340933794167254,-0.32032674044469545,0.93130015616379491,-2.6800949744875728,11.112119562737915,-1.6489795270618677,0.1927635038994152,0.2586395622091026,0.328125,True,5
-0.55062010942906148,0.8237339799194946,-0.13520290462234327,-0.82076469464948554,-0.56377273422468821,-0.092225919142919055,-0.15219333464138843,0.060188325037411144,0.98651637311294804,8.9307079435629451,10.143395989786606,1.6263861373989137,,0.4277718053511334,0.45,False,2
-0.92939868804828918,0.24064887410224453,-0.27983244638075722,-0.25729636352593838,-0.96603989584506089,0.023780263917590243,-0.26460661361811322,0.094101216936786497,0.95975429199382489,-9.518297203989297,2.8675807206557979,-3.6356535833834185,0.2335482756000991,0.1988444383917444,0.7862122385747483,True,5
-0.31453845690196552,0.9181217484016172,-0.24107678080165409,-0.94834508038286092,-0.3149917702320908,0.03770667314521102,-0.041317885272077304,0.24048417785378726,0.96977326863480418,3.4859813769782759,3.8709678509587704,0.12634013071606318,,0.07374431868005223,0.1041666666666667,False,3
-0.86043082754382127,-0.38964721568317245,-0.32838063024881137,0.42614157585080326,-0.90356417247627718,-0.044442587105779432,-0.27939604210448177,-0.1781764112547225,0.94349934717981576,0.90403950149646184,-15.008906945522025,-0.61807922742719279,0.4014084234309243,0.2206706719069785,0.3396226415094339,True,5
-0.28061535686406314,0.93196290574397933,-0.22956516244694919,-0.95930204622748538,-0.28018249371805792,0.035176047499552297,-0.031537368244906272,0.23009326920005746,0.97265743295006768,-14.534339436025526,2.1473663060318784,-4.8813363422390372,0.7084988673657855,0.6063138037637804,0.9602498580352072,True,3
-0.69132613239811869,0.67156266382456498,-0.26659288666487541,-0.69990049707272228,-0.71405599190015145,0.016227588509840248,-0.17946440555389528,0.19780704989545439,0.96367260942232957,2.4606512852461293,-11.136361733858246,-0.2049120369028464,0.7317551226954286,0.3968163169015557,0.15625,True,5
-0.9188266835969302,-0.22934902741973023,-0.32117993264195632,0.26294392903667957,-0.96263066921456908,-0.064828117898526161,-0.29430938770793796,-0.14401811798914554,0.94479667971360037,12.944983926805886,-1.0889762590431784,2.8604935694308611,,0.2590516693475806,0.3214285714285715,False,5
-0.89739076940043794,-0.2970330936405563,-0.32628384617876904,0.33246328780735446,-0.94136716450908897,-0.057411008042380071,-0.29009992977457649,-0.15999750893822873,0.94352680294644897,3.9277273692731707,6.3481932439703943,0.18476953382929256,,0.2186896728853544,0.1136363636363636,False,1
-0.42905719437131845,0.86810140127987367,-0.24961947250591821,-0.89962916015514816,-0.43549511537180918,0.031802180520180426,-0.081100543504690828,0.23820991075774897,0.96782164692676176,0.083369936942731288,7.878570674422023,-0.97453082676438052,,0.08213634085239152,0.2352941176470588,False,5
0.25112483504302896,0.96480401293138718,-0.078035465373789331,-0.95861663797366548,0.25906393605199879,0.11806785522449761,0.13412851533018058,0.045156324792196056,0.9899345673864427,-1.9117418974940334,-8.4910750457298985,-1.7957265798583026,,0.1564445850657516,0.2,False,4
-0.2928457809935695,0.93740316429300152,-0.18845863240439731,-0.9555400916555824,-0.29400958400459176,0.022394145491390315,-0.034416301270023972,0.18663780990709322,0.98182577177418584,-18.265820674766307,-1.4304077272569011,-5.8608236742914421,0.624570114433277,0.4495508400009453,0.6,True,1
-0.57812817348901158,0.77938279558339829,-0.24151661012623449,-0.80726384740616997,-0.58941084679915656,0.030330419490848325,-0.11871350255657097,0.21250249792439946,0.96992257045943753,12.10500092356062,-8.402661880590605,2.7427740722768585,0.6668988685154063,0.7092575612899339,0.8192771084337349,True,5
0.57497114317732834,0.80813456508388115,-0.1277760119507648,-0.77153638029555205,0.58751770126939618,0.24403803919791248,0.2722862434898124,-0.041730988627283055,0.96131094147231866,-23.968366872971156,2.3209408935206888,-7.5602324693262011,,0.55725284926687,0.7761194029850746,False,2
0.83979814148011611,0.48165320167422748,-0.25049805365213629,-0.47180266052308262,0.87576362800706375,0.1021778712992491,0.26859138312664355,0.032376861751427913,0.96270992917557729,19.018103924691854,-10.188706545288778,4.9497600356882661,,0.09780070378534642,0.2142857142857143,False,5
-0.35950663324694515,0.93195018153014886,-0.047157605933383168,-0.93138715938856942,-0.36147015583657977,-0.043096238415540375,-0.057209614380249504,0.028428605055480755,0.99795735101108474,-6.2460687734923681,15.658429060826075,-2.6757079212415165,0.8150805180034304,0.4166703221535237,0.125,True,3
-0.49068159299498987,-0.76352612570845513,-0.41983262100095997,0.85631664098563776,-0.51163937008176485,-0.070334666796746492,-0.16110054210639255,-0.39402158613833776,0.90487214842211527,-14.207857430090337,8.7838922761877161,-4.9891923811151262,,0.5672617683692549,0.7421383647798742,False,5
0.70263951537338043,0.66682143374754366,-0.24828791136648728,-0.6591493792057711,0.74140929867367733,0.12583460467158161,0.26799217773753869,0.0752424569978766,0.96047840440918564,6.5813598322503335,-15.693387731350505,1.254813051622591,,0.2011911879830069,0.6470588235294118,False,6
0.85299000043068318,0.47475703019792237,-0.21682670832467574,-0.44427068563653582,0.87848408248395993,0.17575344863290485,0.27391899724062069,-0.053586183853358643,0.9602587692131368,3.3604703560348832,11.799384386688613,0.066882326641526449,,0.1432977726158945,0.24,False,3
-0.70671367455459866,-0.59025707742459077,-0.39006712851471664,0.65050261975927304,-0.75890433195129181,-0.030175430931226835,-0.27821237191012627,-0.27506507865547614,0.920291844264849,4.3747142833115822,-16.810291467751604,0.5893772584125051,,0.1356606931973613,0.4285714285714285,False,6
0.80050353008545727,0.5462989893917416,-0.24647821913971013,-0.52691730477028564,0.83747510767171285,0.14489167665490738,0.28557354964061177,0.013887340271421994,0.95825617113893191,6.3636439243698391,17.911789350172178,0.87842563882669122,0.3341681417393013,0.2704238228234964,0.2272727272727273,True,5
-0.064955817613198963,0.96776409808939434,-0.24333802047238948,-0.99738744450409311,-0.055239467111777157,0.046549831565757802,0.031607393182519303,0.24572596875875186,0.96882388542695275,1.1625252893902007,-14.060387246127512,-0.57209756805148004,0.2666888336766121,0.1892349460518989,0.7659574468085106,True,5
0.39636274313675196,0.91468556097176656,-0.079037335499581335,-0.90175800755945157,0.40403251528550443,0.15359108826516019,0.17242120419344231,0.010394765116772536,0.984968465080304,-25.248399663698038,0.98367093468118472,-7.885867820030521,,0.4505236283667979,0.3877551020408163,False,2
-0.33939215249407062,0.90859308595387844,-0.24345753424827363,-0.93921411646411967,-0.34159918661627819,0.034450531746543257,-0.051863380722471202,0.24035099304955015,0.96929953568550231,-1.2613021795596615,-5.2250798504055043,-1.56997095395189,0.317052941224096,0.2587667229221486,0.7444933920704846,True,5
-0.085092829670262729,-0.93475014392982492,-0.3449657646229255,0.99265417094557784,-0.10941738717808956,0.051628793201738701,-0.086005274507180748,-0.33803846498038059,0.93719426425403007,-13.283555913073274,-15.162583241980641,-4.7729822693916839,,0.1193078748184646,0.1428571428571428,False,4
0.58501776818656137,-0.70429863590608976,-0.40214132138694386,0.80042746383020824,0.58127896123224077,0.14639209123142172,0.13065253940263313,-0.40752693247144967,0.90379849151127423,-3.7463393340606386,-5.7120783959583727,-2.3034587705135579,,0.4712559796815257,0.4391891891891892,False,3
0.14777507841543164,0.9640223362724748,-0.22096031627211354,-0.98387127890239268,0.16605902806896017,0.066495907752000538,0.10079599570559976,0.20757007097496435,0.97301327477335298,-2.7618096254873348,-20.099461298487356,-1.4136067460348201,,0.1566651063449214,0.35,False,5
0.73918373763181899,-0.56978569532540624,-0.35909840353752359,0.64577986020002087,0.75101070454971275,0.13766369823517755,0.1912479390233951,-0.33365728383220999,0.92309102626177419,-1.6165773648136836,-14.130445347782958,-1.4918397139617556,,0.09280165157619517,0.1764705882352941,False,5
0.67636630292828803,0.70509675598250598,-0.21299574870420712,-0.70495771767104154,0.7034873849710761,0.090222588538531032,0.21345547676074184,0.089129478229726208,0.97287856156425867,-22.587129843393353,-0.51963505660974274,-7.1034874153055636,0.6370499378619491,0.3537949707899807,0.4444444444444444,True,2
0.9566876070427851,-0.002275955816429049,-0.29110761335951246,0.023681774091046871,0.99726372699993837,0.070030224803964383,0.29015167775949585,-0.07389099292413677,0.95412374724562588,-6.3045300688070007,-17.218750518409674,-2.6648388341211997,0.2444305596392474,0.2202148259813709,0.6363636363636364,True,5
-0.153129358115139,0.95995848740166212,-0.23458708862330471,-0.9881641826465436,-0.14655805055608961,0.045302162770523159,0.0091075692549551501,0.23874764979515789,0.97103893428613597,20.581323296040196,-9.1580668122421507,5.4388798487711698,,0.1022335349572515,0.3333333333333333,False,5
-0.83852752739270697,-0.38798527801831834,-0.38254282093083675,0.44715425115663615,-0.89119857112212852,-0.076277011624903052,-0.31132725784489523,-0.23501602258341001,0.92078380071103183,13.433118832715174,-4.3696203479510691,3.1292846027420254,,0.4308275380136972,0.3064516129032258,False,4
0.42919929845227561,-0.80361051381181892,-0.41230826368044116,0.89976642024661746,0.42023743493151011,0.11756226979253537,0.078793091097270299,-0.42143877416926212,0.90342736754099251,-21.505180501094415,-2.8525370382214317,-6.7329026619205274,,0.1634212948676499,0.2307692307692308,False,1
0.64317395900614593,0.72223403879988102,-0.25437226982352429,-0.72935811334121059,0.67899392486881671,0.083689858971017661,0.23316089071649496,0.13170134088175164,0.9634784667288826,7.1199926455428804,13.10431073133087,1.1222624936315182,,0.09216459987174581,0.3571428571428572,False,6
-0.79129941237606116,-0.5023375663294698,-0.34857167043161169,0.55132583745896602,-0.83269577197642508,-0.051551646751134231,-0.26435782742992181,-0.23296935589636997,0.93586335449667024,0.78883387554173856,-9.0048623278511588,-0.84424744218517678,,0.394554930940105,0.6842105263157895,False,5
0.74559272552809164,0.61941210337311603,-0.24580507284123546,-0.60868883571660659,0.78315099423664714,0.12717083588666839,0.27127364212830357,0.054801153464540522,0.96094091632389222,-7.2091084704569672,-10.791935264137086,-3.3729291627376932,0.2157916769689117,0.1800724638748645,0.3658536585365854,True,5
0.9323953432011568,-0.18956154326677133,-0.30774233587713518,0.24765077814631201,0.95521978772114557,0.16193902935825727,0.2632641564290924,-0.22720382580469084,0.93758754550142576,-12.45598233828732,5.9243476968906057,-4.4377270788954437,,0.1193132552877151,0.3287671232876712,True,4
0.90069327235417607,-0.26505491583837909,-0.34423468844065536,0.35299786208417672,0.90836601491603464,0.22419565631287813,0.2532669313193609,-0.32344562840680247,0.91172297709589489,-5.6167060940841775,-8.3587017230104212,-2.9320566732156714,,0.1221346769627939,0.1746031746031746,False,5
-0.89328890701521335,-0.23111022260692304,-0.385516528322906,0.31996251600237258,-0.92933746754634206,-0.18427115826407731,-0.3156880057224204,-0.28795821992284154,0.90411345893193651,-7.0298666686304507,16.682218380795092,-2.8812750841718842,,0.3446101258817411,0.2333333333333333,False,3
0.42279400368957665,0.89150776287891509,-0.16266265450548378,-0.87397006958085655,0.44858577716293202,0.18694148283342882,0.2396279364368252,0.063124553493552893,0.96881047828007516,4.462763995045492,17.294125445908342,0.33677724306364765,,0.3469707612388116,0.5384615384615384,False,3
0.83643753463222192,0.49594691321404177,-0.23325717552057207,-0.48854455476391667,0.8675917365723339,0.092783601147666997,0.24838773856391894,0.03634883636193259,0.96797845710854358,-24.219605811052432,10.850544820353649,-7.8015402591775542,,0.1671490225817543,0.375,False,2
0.94697792739431896,-0.12849544808121577,-0.29448552570604764,0.16110763037759418,0.98289779427145019,0.089197855638091628,0.27798765523324248,-0.13191226568717912,0.9514841132142976,-10.31817001280503,-14.381782286594341,-4.0159313560043408,,0.1093239638822228,0.3555555555555556,False,5
0.94363236641861958,0.17229872975458943,-0.28261476389628309,-0.15229796282569305,0.98409467131659434,0.091449485539440406,0.29387631338088582,-0.043253041641479258,0.95486432901350971,2.0619765048572942,5.5117624471614333,-0.33843546423553572,0.8560325224020426,0.9306797968093901,0.9190751445086706,True,1
-0.50599531882464244,0.84516039811826182,-0.17225747815445214,-0.85616727318616437,-0.5163656982463497,-0.018549016133721882,-0.10462474684565741,0.13809550002495652,0.98487729957611503,4.1403725710522679,8.3817582392630996,0.20257933158761543,0.3551920426956276,0.1323618948845925,0.1428571428571428,True,5
-0.95254821080273755,0.14898957174408381,-0.26543174943480075,-0.1324375298627605,-0.98801351742288623,-0.079306935847423335,-0.27406606280303064,-0.040390554603414362,0.96086231912718623,16.439332402109308,-4.5758458319108994,4.043062119165727,,0.248827710751602,0.2142857142857143,False,4
-0.89712981730670494,-0.28816213931603246,-0.33484425090487224,0.33076612693460428,-0.94058678539303076,-0.076748084123872545,-0.29283418545640949,-0.17960813068681292,0.93914272569150481,-4.1574237452198224,8.4318536989265684,-2.1798057509412403,0.3962313005611878,0.2071701123835951,0.2442748091603053,True,4
0.080063934891066196,-0.89763974513811917,-0.4333966477467629,0.99678916788761218,0.072561842032219853,0.033854598842888814,0.0010588256140102899,-0.43471561627029648,0.9005671612151176,-9.7236103214383274,9.6547727129348608,-3.7368453326548252,0.6004718629484416,0.7353187000768612,0.2133333333333333,True,3
0.36873125085527797,0.91692485289547598,-0.1525977679565183,-0.9097914419519445,0.3896590546772159,0.14298724858902356,0.19056966388620933,0.086108276319223853,0.977889854715565,5.3019846383503948,2.8447691848841252,0.67804828508174819,0.5060140168618391,0.441527823607557,0.704225352112676,True,4
0.18808832570704664,0.97119404514121299,-0.14630416403837615,-0.98189226528350804,0.18936697683456583,-0.0052656871307366487,0.022591173257307494,0.14464534132416845,0.98922563863057722,0.89054728073275224,15.358128238818821,-0.70381997488704162,,0.1951018060795452,0.1071428571428571,False,2
0.3696288408191839,0.92017226736947944,-0.1290640089210677,-0.92179203743920513,0.38061597509943007,0.073694770593231165,0.11693570775578094,0.091730463114611055,0.98889411080683098,-15.861819610616736,7.1039923298329111,-5.4061508077319509,0.4073439186992366,0.3361105915813377,0.2732558139534884,True,4
0.10237818780890195,0.96986211319764026,-0.22110221175911637,-0.99094894401943479,0.11883719138894383,0.062433262685484811,0.086826821937304566,0.21270919897032078,0.97325017321635854,5.7982844441988766,-5.3742653166856895,0.66245446903982508,,0.07815977703660847,0.1176470588235294,False,3
-0.80912674754054026,-0.49067460238321692,-0.32334554425651107,0.51986376662363731,-0.85423686355936146,-0.0045874925776170916,-0.27396271747511836,-0.17180749550685348,0.94626984202251285,-2.323082189134972,8.5499838839815023,-1.6334090960483558,,0.06602973014971884,0.2318840579710145,False,2
-0.31755958454667782,0.93668453340421387,-0.14757369394262357,-0.94699944193784658,-0.32123324825507038,-0.0011212425709604679,-0.048455827636601639,0.13939614448336085,0.98905042726406278,-21.05903579642014,0.8435558975566354,-6.7113860337800535,,0.0851856536495468,0.3421052631578947,False,2
0.8165257385739505,0.56490690590343728,-0.11902061127749991,-0.5073015620027127,0.80050002702456546,0.31913137094820027,0.27555551788318877,-0.20019963635400312,0.94020703154563379,-0.79560358557957156,-7.7888850320377783,-1.2985626508308823,,0.4282113397491398,0.108695652173913,False,1
0.80307432145566338,0.53658679515330343,-0.25912592592334727,-0.526127832632593,0.84267360931787127,0.11441456152309112,0.27975192215220834,0.044449965425160887,0.95904278456482106,-3.7828991259460252,22.036560264547429,-2.1126220609562396,,0.1188317370332795,0.35,False,2
-0.51330621670855681,-0.76982197861997159,-0.37932947304682274,0.8338322409107245,-0.5519573394910624,-0.0081785939957634973,-0.20307762532132284,-0.32049526769607711,0.92522551925369645,11.834787788493255,10.866383215796297,2.539690445900034,,0.5985478426591757,0.3666666666666666,False,3
0.28199368384861689,-0.85052126953520935,-0.44395172298089347,0.95891632416658212,0.26479300741859152,0.10180445210829264,0.030968460025294756,-0.45442076679046639,0.89024868502751964,2.5804210054281551,-5.466435201532331,-0.32224430971969198,,0.07873731071079539,0.2325581395348837,False,5
-0.76337410720815779,0.59372019686036359,-0.25447259240287651,-0.61553281257711512,-0.78807256904176293,0.0078091334233260506,-0.19590642941224615,0.16259752078063328,0.96704845646479209,5.4114706189131718,5.071653251294248,0.70995248110579812,0.9168293817823681,0.8926388976362978,0.8862275449101796,True,1
-0.76943559364696845,0.6071892907373897,-0.19821713458468326,-0.6071912551586458,-0.79163975847872625,-0.068009355640323843,-0.19821111696371901,0.068026891811763773,0.97779583508134493,-18.768502385373548,12.074704937544253,-6.2192535163841516,,0.1543285817276576,0.4090909090909091,False,1
-0.75922531747358479,0.62255038059281642,-0.18975758464650277,-0.62197517164914828,-0.7798923883804959,-0.070105266550944512,-0.19163455627612641,0.064798813028525137,0.97932492599287335,-11.401849435340472,20.428713080769015,-4.3558326825075557,,0.1570164889676337,0.2777777777777778,False,3
0.41269756362524412,-0.76738297085052376,-0.49071794039591793,0.90438249446407459,0.40938633039381223,0.1203957482373274,0.10850356991696229,-0.49348374698191677,0.86296046652205427,-13.063073355058064,13.564479108962068,-4.5914039298966127,0.7831947075478616,0.6438998306266841,0.7777777777777778,True,3
-0.63741405835064668,0.75799133595214963,-0.13839238721271147,-0.74786729788677841,-0.65184489609890217,-0.12566915365888057,-0.1854665009334199,0.023395855429673318,0.98237203287768038,3.8319660825071113,14.802498165251063,0.17799291594930336,0.9183038936597253,0.7054629331297273,0.7014925373134329,True,2
0.59327992620546932,0.77195485498696637,-0.22826438842641261,-0.76332078350366328,0.62952947507720591,0.14503110521667664,0.25565662642103815,0.088194908419186285,0.96273638525608052,-0.56320415340695029,-3.5075946147733585,-1.285204814372424,0.8624106728994503,0.3646183003458345,0.3333333333333333,True,5
0.74451302783697781,0.6233061503580114,-0.23914387783694918,-0.6188146232000119,0.77873224861326318,0.10317241435364569,0.25053705014397515,0.071172522054577289,0.96548726486140035,-5.0634278049801082,-14.994567900830011,-2.5380746275555972,,0.1205103217547215,0.3529411764705883,False,5
0.89616558377730904,0.35660571856840867,-0.26404470821696974,-0.33506792932950397,0.93397673781107982,0.12416495464748817,0.29088954808984507,-0.02279944543367618,0.95648494818266894,0.93386713704406765,-7.6337302775949363,-0.83334747998331626,,0.07473037455987744,0.2678571428571428,False,5
0.13077102261971038,-0.94053658873664037,-0.31351214472590955,0.99127131621414688,0.11870415428445476,0.057362892244777468,-0.01673670499437583,-0.31827700043084611,0.94785000590951884,-17.041893669827282,-0.1725108984430232,-5.5211456548666131,0.207323567990378,0.2018525010735178,0.7326732673267327,True,2
0.85330495640100512,0.4681840204558792,-0.22950898538237674,-0.43808753344507445,0.88244997955519344,0.17135152938637521,0.28275424739778826,-0.04567008400263925,0.95810452405032631,-23.542082646206442,3.9427680001811303,-7.5066066438269932,,0.2073926470950725,0.125,False,1
0.55531338210425907,-0.71843213441159848,-0.41890609437047344,0.8232495558521693,0.54625552055633708,0.15448325168422364,0.11784403440622411,-0.43065087310548877,0.89479193617753627,-2.2598452293410216,17.379986364029826,-1.5064602397594711,,0.7684523466245501,0.8518518518518519,False,4
0.95928432818762155,0.15449321744733485,-0.23644327746077662,-0.10390259640868964,0.97146522884123909,0.21321247527284004,0.26263630395121734,-0.17996431567177135,0.94796361582691258,6.6561645045195226,-6.4141709820350812,0.92456277539046638,0.537561714029184,0.3007347966528903,0.25,True,4
0.30443030757779299,-0.85678462422091584,-0.41622385266430084,0.95180918733222752,0.29067043905042028,0.097826206980541328,0.037167980010409128,-0.42594694923295207,0.90398436806234983,0.31946200364256155,12.326671258014102,-0.85629976307285016,0.1729391578510299,0.1724061834317048,0.303030303030303,True,5
0.96404734327559838,0.0069212664295412174,-0.265640388484642,0.052915555400904139,0.97463996878491144,0.21743246133813623,0.26040864793603546,-0.2236716953884812,0.93923282990010926,5.5323857829987082,-7.406296039777037,0.6559772994701405,0.5049490187672663,0.495934530809981,0.4509803921568628,True,3
0.48528248870968826,-0.76987962172526825,-0.41447107764461577,0.8702295992406095,0.47128529135796082,0.14349431610753649,0.084860772782594546,-0.43032027863185757,0.8986785337599541,-3.942406468012646,12.460867449438012,-2.1237093452640372,0.6299234170415929,0.5712703533956928,0.2291666666666667,True,3
0.89178378955445781,0.38857758264676701,-0.23179545930040635,-0.34265670978823742,0.91456189227018847,0.21485558974406987,0.29547935955831323,-0.11217846260119389,0.94874018603801225,-20.219712610431156,11.663484356729219,-6.681358644610202,,0.3220487702695666,0.125,False,3
0.75743027759131065,0.61138677262229835,-0.2291409802947551,-0.59984891283618669,0.79019843030693704,0.12556959229725362,0.25783843072202384,0.042339756765290448,0.96525990729951094,-4.5910504876390208,-21.967370253225198,-1.8704635381540771,0.2792905802056966,0.2045100548677972,0.4736842105263158,True,4
-0.044985700240665963,0.97088843413542847,-0.23526991995559859,-0.9979661939699136,-0.033028440412660925,0.054521535351761012,0.045163729552185644,0.23724411601968998,0.97039964290336267,-7.457484108355434,-1.8399023832045753,-3.1089561400871388,0.4655472031439215,0.4332070874018681,0.957,True,4
0.74158436833681241,-0.58516537104805133,-0.32807638312546572,0.64443587711285821,0.75727792157051288,0.10598372418265528,0.1864269962432262,-0.29002006487145104,0.93868702827070494,-9.529447200941167,-18.571470252423346,-3.5375453797001213,,0.09626812282078842,0.3333333333333333,False,2
0.58829946266714861,-0.6929568143520648,-0.41679082963590092,0.79587783241250831,0.58739823988664774,0.14677119490021254,0.14311610007232647,-0.41805999715484204,0.89707503625894158,-18.839973826552303,7.5124731451832059,-6.2571201115415205,,0.3617198404122421,0.8297872340425532,False,3
0.82194419629671323,-0.46470737554953034,-0.32932475352457041,0.52313485256239833,0.84461274486594307,0.11383864565487511,0.22525022576829745,-0.26585027049052679,0.93732916815356049,2.7536822714785041,-8.6154076127861501,-0.16396736064540779,0.5962843396346639,0.5534143501215056,0.8333333333333334,True,5
-0.7298735750582569,-0.55682495363940787,-0.39652305788711723,0.6448384452789927,-0.75334685695700077,-0.12904221248560441,-0.22686547538541529,-0.34987781312549598,0.90891010114349025,-2.418764780778095,-6.4146751757821763,-1.8557290009137017,,0.628365649183649,0.5204460966542751,False,3
0.9503077437719234,0.051450966321083133,-0.30703092709325691,0.028613516678538693,0.96763773760190075,0.25071592576452678,0.30999428831900283,-0.24704252029418636,0.91808144212607457,-8.7140718607101029,-11.698482943703366,-3.6885460931166358,,0.7101743948203865,0.1851851851851852,False,3
0.19412404836282746,-0.88502109890927128,-0.4231471473762427,0.98080256512933739,0.16697037540609611,0.10073342033535146,-0.018498164312652374,-0.43457858693471352,0.90044392923429084,-17.504720576657284,9.5041496371377292,-5.8491068235231021,,0.258656233128635,0.4705882352941176,False,6
-0.42306566518604155,-0.77716683264739628,-0.46586173611223558,0.88840394795693478,-0.45689203294382891,-0.044588064400542401,-0.17819615089901322,-0.43273708468915528,0.88373341418071694,-36.349779800782251,4.416614939325525,-10.960479195513672,,0.3861254443038658,0.3333333333333333,False,1
