axis_00,axis_01,axis_02,axis_10,axis_11,axis_12,axis_20,axis_21,axis_22,location_x,location_y,location_z,dbh,dbh_approximation,score,reconstructed,number_clusters
-0.80151184317655244,0.56221895018450851,-0.20368754822313809,-0.56344504970656362,-0.82414066378648509,-0.057635425345338387,-0.20027091952875267,0.068571264732387449,0.97733798680093631,-22.158346100369506,4.6701280575078705,-9.7325468920264289,0.4761548699298602,0.2479614743621176,0.2121212121212121,True,5
-0.35769133963332594,0.90363937788924431,-0.23556905628553437,-0.92870458696204583,-0.37063873969717243,-0.011606670123191032,-0.097799262302808693,0.21462245773364971,0.97178830252755954,5.4852579485522757,12.361704710577342,-0.62855593991544167,0.2106205448696027,0.224054307408928,0.5555555555555556,True,5
-0.79500151884729475,0.54659383242036641,-0.26307369193918295,-0.56079774550189265,-0.82758222893633926,-0.024769799933722317,-0.23125413222359978,0.12783910477150034,0.96445771790199941,6.0166636158453413,11.333507258465074,-0.48760042253544289,0.16101329787158,0.1060841794561298,0.4117647058823529,True,5
-0.89392178840210257,0.36893898073819481,-0.25453460415402995,-0.36185140375137476,-0.92913792435036635,-0.075936020023782233,-0.26451351160790698,0.024222840992638994,0.96407772308621409,-0.61687188252948566,17.551103707679072,-2.8224313486833394,0.61315941296335,0.4014398819719644,0.7619047619047619,True,5
0.87297480903515734,0.44179414054494953,-0.20671942378542915,-0.43627883559638336,0.89675426895563404,0.074111798794184225,0.21811868420814939,0.025489576104657408,0.97558931990326259,-11.631358301620519,-9.2927073455224836,-5.8193588180319944,,0.115043522617428,0.2592592592592592,False,2
0.087337871791763583,0.98525191568084314,-0.14714196817398512,-0.9961761322897853,0.08671808475565311,-0.010634248091673281,0.0022824563630788192,0.14750808934949969,0.98905821566246077,-7.2246998625699437,8.1562276690392803,-4.8988685386203228,0.1817306155195387,0.1970777209102326,0.154639175257732,True,5
0.66848741017265212,0.73763072384946382,-0.09500261930060272,-0.72749480841128877,0.67508306327708012,0.12253228721873752,0.154518238972885,-0.012797379018722937,0.98790705074666241,-6.8847379476013861,-0.60836756914240941,-4.4936872333621265,,0.3271902986995576,0.2091503267973856,False,2
-0.73418065475423788,0.65447951126723636,-0.18065252701259862,-0.64353486294780593,-0.75561179046020777,-0.12212167001915512,-0.21642931029642615,0.026596831557883199,0.97593594164560538,10.388125020599389,11.135814689576716,1.0490678049786437,,0.1031099161782079,0.2142857142857143,False,5
-0.67741526083549997,-0.67713799090366245,-0.28738946686008304,0.7096223982694867,-0.70446525523689618,-0.01283573286868386,-0.19376433175750732,-0.21263312403989557,0.9577277996902881,-4.2898213125984492,8.9456030548395677,-3.8812014861385058,,0.07082893004042773,0.2857142857142857,False,1
-0.95262470737618721,-0.11471616510223943,-0.28168487421349347,0.13169071775725322,-0.99039977006232882,-0.042022021810805256,-0.27416002945910151,-0.077126499497410586,0.95858634526174158,-2.4327424904823811,17.60895411749204,-3.4375522312420683,,0.1082256453061817,0.6111111111111112,False,5
-0.66373335657110988,-0.64901445704020655,-0.37180406927258808,0.73304742911599485,-0.66322888574966776,-0.15089371018596448,-0.14865899919372488,-0.37270320586233413,0.91596551370598012,-6.1339439585515878,24.075430329187714,-4.8171150785060064,,0.5852172020406485,0.4666666666666667,False,5
0.28652403415359923,0.95507525842354069,-0.075731292076350681,-0.95471364076702425,0.29123965196978824,0.060838550721472942,0.080161349699963275,0.054869990593428869,0.99527053716391933,-23.091864519020767,0.3013766017869513,-10.014783534834953,,0.4623492846132713,0.2916666666666667,False,1
0.17464523887230443,0.97972009921943648,-0.098222032786406399,-0.98187448781139297,0.1807472690744385,0.057034330952923616,0.073631044569195447,0.086480933780751307,0.99352882060263292,-0.28240753597023738,22.914381376946494,-2.8770109221409315,,0.3046555213718271,0.1666666666666667,False,3
-0.31113744357974388,0.93515531830820553,-0.16934586455695172,-0.94585712864198768,-0.32204070233590815,-0.040547234629870491,-0.092454223266416238,0.14756123027026735,0.98472224506270278,-24.075412118104538,3.0078707879801141,-10.358944775706462,0.3771751071668425,0.3236904912694264,0.8526315789473684,True,4
-0.86090827096444134,-0.40903855634691966,-0.30253001240644589,0.44449854842436093,-0.89401856850403238,-0.056141247034932479,-0.24750351398243337,-0.18280661528410039,0.95148502456671324,-10.867228697020563,-18.788826467553907,-5.3969359092720737,,0.09276291777429006,0.6,False,1
-0.48342325979235773,-0.77303838195554508,-0.41074762557473721,0.86584541226782885,-0.49133823884886124,-0.094331633610650834,-0.12889404154764197,-0.40124605302538907,0.90685606960810627,6.7136273541070581,-6.3388054952252011,0.057346137229325363,,0.3015886569426542,0.2765957446808511,True,4
-0.36391054953803387,-0.87836359998593205,-0.30991369468721341,0.92560534898722258,-0.37819299667852302,-0.014993171431028129,-0.10403773287210606,-0.29231394678166123,0.95064646775536898,-3.6409015375503948,8.3298125857948815,-3.6260701607192822,0.3919051284421092,0.3134884968726911,0.8534621578099839,True,5
-0.012024034337606486,-0.9318318119960104,-0.36269118648029053,0.99965746134710121,-0.0027697736593008671,-0.026024763725075471,0.023246130243931393,-0.3628798733825136,0.93154592743598741,1.8543628625571245,3.8430094984802756,-1.5896593497244753,0.8887843817612654,0.566600616793238,0.1470588235294118,True,5
-0.96019726982008913,-0.014777142769890408,-0.27893160287354735,0.026380740131123424,-0.99893355035991882,-0.037892195970448884,-0.27807419797633548,-0.043742405248077529,0.95956309975057497,7.3633165875418083,4.3400627702996646,0.11487192913681006,,0.3586386010861628,0.8994708994708994,True,5
0.33965846954361223,0.91688618388506138,-0.2096469648432297,-0.93637716260214077,0.35061492658613019,0.016339602570569756,0.088486911034642374,0.19075874568598383,0.97764061265879054,-11.057252584730396,18.362879972466477,-6.4858705912757548,0.1996267517671019,0.1586867509237846,0.3555555555555556,True,4
-0.45879165840164293,-0.81083403839757318,-0.36339837142859222,0.86864504291148881,-0.49536017983740466,0.0086070701607351106,-0.18699198808068757,-0.31171534195053169,0.93159408649169473,-9.7038159912009139,20.962947027503681,-6.0119855454239985,0.2016082033762062,0.17652413658714,0.7608695652173914,True,2
-0.42400006557698389,0.89547208045531301,-0.13547581893366126,-0.89858836138869169,-0.43461464528628796,-0.060407506813801304,-0.11297301079239579,0.096124207292995978,0.98893742754776659,-10.45057360593967,7.123488064712558,-6.0303603591011283,0.5613059440288741,0.172401316100979,0.1428571428571428,True,4
0.92734353508889378,0.26064477210754555,-0.26851121150119561,-0.23135804335973989,0.96330784823676086,0.13605677233498781,0.29412144379760358,-0.064049139716842465,0.95361956984950036,-25.657633290505892,7.1107347292456069,-10.810559479925804,,0.1488886598305527,0.1176470588235294,False,2
-0.68969767494717049,-0.66185102819481079,-0.29371811937627812,0.69763129499062848,-0.7160318354610774,-0.024677659044938703,-0.19397859011283874,-0.22192707604911827,0.95557348199608549,4.1502289707126057,10.235849286652391,-1.0372016852010817,,0.126915106311924,0.5416666666666666,True,5
-0.90890475008978677,0.35228512539218765,-0.22313078158701755,-0.32322318480059975,-0.93324119657669158,-0.15680447002385531,-0.2634747199857701,-0.070399285788390789,0.96209407673517289,-38.915033106737425,10.156442555185937,-15.046082327020414,,0.7568722206962735,0.4666666666666667,False,1
0.58828488355417685,-0.7355770542673542,-0.33592751155124412,0.79136023985820092,0.60913098218668926,0.052042456819899989,0.16634261797032157,-0.29645546676632906,0.94044898302413971,-9.469515555034496,25.215082180814942,-5.9820115397283926,0.2577399718272105,0.2867089123711486,0.6086956521739131,True,3
0.6257563870760221,0.74698359762584909,-0.22459841698353195,-0.76258817807478663,0.64639465268934038,0.025163935209056243,0.16397626259353035,0.15552960442491859,0.97412644325738729,-7.9276366416988964,-14.411558164862704,-4.4908822266809505,,0.2492043785578825,0.3559322033898305,True,5
0.29293787582160147,-0.87808346400838566,-0.37836071564601176,0.95298645006223237,0.30021077973603355,0.041113425156109142,0.077486946687247024,-0.37261631467947948,0.92474475133831979,-18.670597423980883,15.311448243098397,-8.7814805870835944,,0.1462873357383995,0.3076923076923077,False,4
0.0066901135075620411,-0.95043872122144746,-0.31083995815241638,0.99996321538463084,0.0080271076474879195,-0.0030221549341953539,0.0053675188762197859,-0.31080830546456717,0.95045746195995451,7.423668646663355,9.3376462063741634,0.037744863536697086,,0.07005663398318167,0.4090909090909091,True,5
0.94207959816575859,-0.14991801414983047,-0.30001769906659254,0.19537917905519858,0.97239080134318323,0.12760527361703194,0.27260412159679093,-0.17883153663862578,0.9453603939196461,-8.6137373482400434,-2.7340360418790133,-4.9789281919936723,0.1496337057889632,0.1212654113142891,0.2530612244897959,True,3
-0.91171527147285536,-0.25386121728678901,-0.32300115498376647,0.3164962787210196,-0.93529867755635798,-0.158260826855777,-0.26192626695107185,-0.24651747629528675,0.93307221829935449,-21.07959212270033,1.6684315157979419,-9.4094832638320707,,0.0773921093902262,0.3809523809523809,False,2
0.9342528902990872,0.22997344453525195,-0.27255045730358168,-0.23634761748642993,0.9716203430798509,0.0096805279752564116,0.26704183319526603,0.055372589988034043,0.96209278949679655,1.844671289823661,-4.7575956036475366,-1.5024794275220099,,0.06657969404478667,0.1111111111111111,False,5
0.75080591012558151,0.64118040478856664,-0.15867631781607019,-0.62448307195479857,0.76732063309180742,0.1457392839061756,0.21520078569186149,-0.010331241297971167,0.97651517514621755,-8.2765054434517484,-17.720318629243714,-4.6295110116784395,,0.1590431069038195,0.375,False,1
-0.45299271799970225,-0.8191848089148015,-0.35175822134310109,0.88221151785706653,-0.46874827256836088,-0.044473528356855689,-0.12845401978751997,-0.33047133885920821,0.93503382772658528,-3.591079650695864,-5.4663164135957034,-3.2843386900153195,,0.1089635577613569,0.3125,False,1
0.95791601181697061,-0.047189990776820637,-0.28314310705922618,0.071248151979659405,0.99461409908782605,0.07527612327421479,0.27806584677761531,-0.09228162691562726,0.95611897072992535,-1.7025721020365148,15.917172761133127,-3.1724759635937505,,0.09598304847830116,0.2413793103448276,False,5
0.15725216791248314,0.97441124875270069,-0.16060658140633019,-0.98559243378911665,0.16510667048908165,0.036706155037774794,0.062284108281901202,0.15252050899539304,0.98633573604088587,12.763433769380303,-6.8878597869389342,1.9372444130458661,,0.3154797999262086,0.7763157894736842,True,5
0.94446262381092183,0.1850116265356446,-0.2715898567156449,-0.17841115902182275,0.98273397367216664,0.049024436019225244,0.27597066974712969,0.0021529136416408023,0.96116364600528481,-2.0068927939545897,14.173681442967645,-3.2907065845843064,0.1232767371049766,0.1072039423921837,0.5172413793103449,True,5
0.92644904578791809,0.27594122880879085,-0.25602461561762185,-0.26470570300367968,0.96116369993338013,0.078071971460333608,0.26762484256134417,-0.0045585275988982155,0.96351240960879492,-3.7336436593845614,-4.2916374600405316,-3.3166586854276754,,0.1430153511071514,0.4032258064516129,False,5
0.50012294619017028,-0.73524055760880702,-0.45749137821510194,0.85341574841450529,0.50806041322996576,0.1164309961595513,0.14682846812581404,-0.44866015975979617,0.88155854144358459,-18.058546831878363,12.299352193102386,-8.5591651848921391,,0.2680970634825328,0.35,False,1
-0.96057015268864077,0.039554527664023897,-0.27520977654327056,-0.016296086412990341,-0.99613667071185263,-0.086291197875135395,-0.27755975812668043,-0.078403906818355629,0.95750373788527676,-27.211099871035813,13.949920233741082,-11.335142161897608,,0.2046639027482487,0.3333333333333333,False,1
0.81228009231516873,0.54282559748689563,-0.21340436345458227,-0.53533684139655302,0.83908615971137279,0.096689621078901652,0.23155024912969191,0.035704163536129221,0.97216752405856599,-3.3949377087176167,14.709217323474252,-3.7227374827907305,0.6302845418072066,0.1922849284758942,0.6666666666666666,True,5
0.84742428874026654,0.46706253731398895,-0.25243743995467777,-0.47524080729635637,0.87929147316053458,0.031506829537162398,0.23668174820496912,0.093268920144895878,0.96710012852943217,-2.7615736092034853,-6.675470086237798,-2.9737738759249379,,0.1661395378353208,0.416,True,5
0.96256382574452604,-0.075211250469179078,-0.26041149969025046,0.091972151424024137,0.99436235085687219,0.052769674632614054,0.2549745178061904,-0.074744785779731759,0.96405456913405252,-11.840454892480549,14.475355430466456,-6.6304096055303869,0.1464273213539403,0.2256844453297852,0.2888888888888889,True,3
-0.03389133759362345,-0.86648482546606065,-0.49805162832096728,0.99904509474995218,-0.015623405284663208,-0.040802057097303709,0.027573100880668534,-0.49895887249788751,0.86618691266000025,-4.7792892212301465,-6.6920757215556677,-3.6879426555558945,0.9135105941303284,0.6133848317331465,0.4654377880184332,True,5
-0.94686322781130583,-0.0020965267358680623,-0.32162965098758922,0.087995024890135359,-0.96351585576053012,-0.25277276612134275,-0.30936532354699531,-0.26764304637650577,0.91250221715509494,-26.410732258383032,-0.11096831082477934,-10.994854761705943,,0.3556048237339873,0.25,False,2
0.62328414085387773,-0.69736933228028275,-0.35382607896393969,0.76065367510475435,0.64564969836300512,0.06739772661886545,0.18144659354662521,-0.3111470414429699,0.93287976304109665,-7.9752659625007949,18.953819711834367,-5.4073157688414728,0.1370330742277685,0.1109256173957043,0.5384615384615384,True,4
0.44809868509960188,-0.7915478507750785,-0.41552324645603361,0.88699377010785652,0.45166288155558054,0.096138926636195929,0.11157786609295801,-0.41164625755405987,0.90448755571311101,-24.845329346103036,11.60169923728445,-10.564686862205406,,0.2953665153981236,0.3469387755102041,False,4
0.64082114090482623,-0.70618547824351197,-0.30108194181554476,0.74539744752351966,0.66618970164495994,0.023956766217940947,0.18365976857999827,-0.23977771318490307,0.95329729762805904,2.0647523884606982,2.4072116842941198,-1.5934125260707117,0.4019523449627312,0.3325976490462706,0.9371002132196162,True,5
-0.93419827893574015,-0.21659206384497304,-0.28348095793699768,0.23903471949339794,-0.96988783753240682,-0.046690314664025692,-0.26483198166047711,-0.11137980286429083,0.95784057180915982,3.5927396227930251,-6.3742237750148636,-0.93292738833081368,,0.07158709471273428,0.1914893617021277,False,4
0.074983434435851301,0.98042780004468588,-0.18204069176901599,-0.99493835059947178,0.085804081201015195,0.052300460377056622,0.066896659607239548,0.17719759746900382,0.9818991029553934,-6.0668219252629925,-15.778410939917512,-3.9087817096103485,,0.1806809761742968,0.3,False,4
0.91244788863249382,-0.27497467742067305,-0.3030309840717631,0.30760850107518073,0.94930255278116416,0.064820315869684161,0.26984414130454049,-0.15236006714543673,0.95077365831361438,9.3250650374997193,-4.2150405782655165,0.82446150433493082,,0.4615003408645706,0.9053497942386831,True,5
0.59672569746390303,0.77856511738855427,-0.19430594425278386,-0.78538715914137758,0.61632196871463674,0.057569446198060648,0.1645765847320193,0.11825222562582842,0.97925020239593685,-9.0504960265244314,-8.1738330366732157,-5.0598815358162001,,0.1551635294250824,0.1891891891891892,False,2
0.92031445500651099,-0.2519056620508307,-0.29927385674796375,0.29060772820226338,0.95240911244345383,0.092000167629146715,0.26185578514745012,-0.17164037975198126,0.94972160543151141,5.7862199004758263,18.942427808061311,-0.7086975270481688,0.2645736123758669,0.2122878280071998,0.4736842105263158,True,5
-0.91684443341442412,-0.19261054949653406,-0.3497105390742854,0.29944583386815121,-0.911096525223003,-0.28325838788212099,-0.26406150324496691,-0.36442324013324628,0.89301020405972698,-6.9568778108202149,14.704125438343892,-4.960382022758135,,0.3986238009233946,0.1538461538461539,False,1
0.49866553032149663,-0.80739016576628986,-0.31536297990262269,0.85472791885117405,0.51852019203679434,0.024020724103676051,0.14412797648451045,-0.28152785061873964,0.94866706263075828,-6.0970468560930975,14.232333918618419,-4.6436825466888534,0.2699887756865115,0.2000731223325571,0.78,True,5
-0.50013350236664955,-0.69879186716841513,-0.51142585600431612,0.85043082899840539,-0.50766444961018353,-0.13800076699451078,-0.16319891206608064,-0.50395112161921851,0.84817414610395792,-3.5313966728410451,25.368947181062733,-3.9983945534761931,,0.2697731688014299,0.1764705882352941,False,4
0.71193704208667996,0.67416757432210594,-0.19658008504809477,-0.65527001475799473,0.73841711437351454,0.15925254459300939,0.25252100083740647,0.015435249688268732,0.96746829260866984,1.1015958509990618,15.167726473712799,-2.1973038023153513,,0.1914618513466877,0.2272727272727273,False,5
0.82237914772141418,0.55900567914274191,-0.10585456097477625,-0.51760547831051318,0.8123470009181224,0.26865762397943788,0.23617177269086506,-0.16614752717237183,0.95740163620006458,1.9834701103919767,10.98324485484105,-1.8694513518749498,,0.3856327850410872,0.3150684931506849,False,1
0.61574923332386267,-0.68779542755144074,-0.38443508099600593,0.75995687621892183,0.64727369906058618,0.059180273672934096,0.2081307952914539,-0.32859429140469848,0.92125314854690765,-8.0609724162632386,12.139464532821769,-5.2139498187272713,,0.1953565847878304,0.1944444444444444,False,2
0.91600381863539115,0.29431778384564555,-0.27260602773520659,-0.30043250124126042,0.95359261176918775,0.020036041952884987,0.26585205743665102,0.063546619826751055,0.96191710176360457,1.6401900959033617,12.343545937552701,-1.9586623647959347,0.4022625929733213,0.304392168865001,0.7857142857142857,True,5
0.9598274792489544,0.04464683889143696,-0.27701601010699323,-0.036263228171010194,0.99871804941251563,0.035316229417576978,0.27823764727515393,-0.023851992676917962,0.96021606635388312,-9.5789725801714436,-11.746848403116392,-5.0722461891259476,,0.07525343401655842,0.3125,False,3
0.46044580747137437,-0.8036134799036635,-0.37708756715006958,0.87964314255111264,0.47011907155440158,0.072221882581597105,0.11923757857670778,-0.36495675562722735,0.9233574423684533,-0.25867583245153603,3.9501293563553346,-2.3520471475044573,,0.1195672132543427,0.2913385826771653,False,5
-0.61423369150899976,0.75171187521392824,-0.24009629084512113,-0.76814407095919857,-0.63924836382430728,-0.036279685750767759,-0.1807530316909105,0.16214433696649472,0.9700709023180929,0.21256520001101387,-10.072619854999626,-2.054504882938625,,0.1433922035847164,0.6447368421052632,True,5
-0.8349840706118008,-0.44218259919550601,-0.3275303814812498,0.49691759727037454,-0.86158916974566091,-0.1036195160190397,-0.2363778825262304,-0.24927625547911442,0.93914154689627383,14.406624983732881,13.690132245729865,2.3226491648250676,0.1967495225040443,0.1495255085122419,0.3333333333333333,True,5
0.78954464220403509,0.56480947341846288,-0.24001982564709184,-0.57300112422954574,0.8185168147469174,0.041230275383950882,0.21974751329327577,0.10497848690716791,0.96989202888161852,-7.5684716162477406,10.156485668005947,-4.962441261426517,,0.1028105714091224,0.1666666666666667,False,4
-0.62016299026326371,0.75317637909144441,-0.21937002412916029,-0.75840476129330681,-0.64712512869552885,-0.077790011302466031,-0.20054945413879807,0.11812878476263235,0.97253560688292251,-22.264504210708537,13.075228335146045,-9.8672168578633119,,0.2883069586864355,0.2857142857142857,False,2
-0.67779492051830714,-0.65012874366135587,-0.34340451712941861,0.70408684232713104,-0.70845936479875238,-0.048446330002988224,-0.21179179441468396,-0.27462327850030455,0.93793725308484943,-6.9996027875917708,17.449635381997417,-5.0158679555400463,,0.1097257269120684,0.2692307692307692,False,3
-0.2450719718917351,0.94704836147976446,-0.20745874195027239,-0.96621122557056982,-0.25620560861026792,-0.028187828899358378,-0.079847330415699358,0.19354091850338873,0.97783757173180408,3.8836348094015376,-5.4178177204165356,-0.85538007369069768,,0.223333779094588,0.5502183406113537,True,5
-0.048015123730575954,-0.89555817258347803,-0.44234613981821819,0.99854863777402336,-0.053853570416891344,0.0006410561558096166,-0.024396022068760768,-0.44167335494944027,0.89684417912752601,-4.3963392024238868,21.118966760788158,-4.2036719002843137,,0.2779590092002636,0.5333333333333333,False,4
0.91179666385344837,0.35464394963101176,-0.20701331545540452,-0.32574164309148934,0.93160812980483199,0.16124104451907054,0.25003844852698004,-0.079586188950473619,0.96495948764005701,0.81904052139533168,11.6732200660354,-2.2233040377280813,,0.1852351768123867,0.3111111111111111,False,5
-0.1498639670312068,0.98424562946529204,-0.093815415919459494,-0.98815222934936275,-0.15228128095169982,-0.019120227603108379,-0.033105332161972825,0.089838479229010199,0.9954059898515103,-10.931730579943419,9.9088233419913081,-6.2511914679356639,0.436967831767376,0.2001596379204673,0.1612903225806452,True,2
0.90557349599563441,0.34969338115906567,-0.24010660658088054,-0.33461551897911362,0.93678325117012451,0.10232103784398691,0.26070883722763172,-0.012315823182905611,0.96533891597238763,-0.0037885512893065521,-2.7200344083243571,-2.1927841016776788,,0.5787221560273186,0.639412997903564,False,1
-0.65890275947186261,-0.65337279812264804,-0.37276150583683809,0.72467603358784594,-0.68423757506555116,-0.081630798181828293,-0.20172208581053497,-0.32391808770396979,0.92432963414274005,-31.258553724806347,7.0534916143660071,-12.53599099884287,,0.167187864116931,0.25,False,5
-0.054007064281504057,-0.8843753396692271,-0.46364155938896778,0.992828633971791,-0.097151424702606667,0.069662789521825697,-0.10665149119164691,-0.45655433330896555,0.88328002364109048,6.0307258997136293,8.7236595672733372,-0.3780915544068631,,0.1402387882502978,0.3181818181818182,False,2
-0.57438722119198982,0.80332864304263829,-0.15729720721810819,-0.80112924684708509,-0.59113369740611255,-0.09355683640012484,-0.16814056612717024,0.072277541866411638,0.98310971257748381,-24.975299957731472,-1.0182427406463999,-10.600759061119835,,0.2942127459907538,0.16,False,1
0.72514031086689301,-0.5957192860737609,-0.34538393384121818,0.64876433956758017,0.75916336239400484,0.052686059864738788,0.23081672656310601,-0.26227756556441911,0.93698138580245804,4.5091498355808337,17.382086038831371,-1.1416617149870205,0.2597183236344395,0.1587561175069565,0.2692307692307692,True,5
0.52571492800430242,0.80917394683457178,-0.26241443984200813,-0.83742772448401115,0.54649689799202128,0.0074797560542674644,0.14946110108976263,0.21582090781308019,0.96492627439187051,-14.910044002928,13.662275455474871,-7.6166957936764854,0.2668273487464944,0.2248466184886526,0.8723404255319149,True,5
0.52397596470198482,0.81769479557842162,-0.23837871066559035,-0.83805504030153688,0.54491381028488128,0.027068224655548909,0.15202939794597387,0.18559138084721827,0.97079498428628552,12.038584790752143,10.611235098492738,1.6253496080978547,,0.08560733068091193,0.2857142857142857,False,5
0.5570566056444084,-0.76231358965879314,-0.32949344322680568,0.81621025867513386,0.57577267779642571,0.047818794805030429,0.15326040500208241,-0.29557370404800815,0.94294614572304158,0.15323215111966138,18.876107061472243,-2.6222956340952965,0.4212960830367446,0.3052849342798455,0.7755102040816326,True,5
0.86821060817481299,-0.40438311618292627,-0.28754936132585607,0.42768543605649678,0.90369618742790714,0.020454061049815068,0.25158598458158576,-0.14073910677012064,0.9575473858706226,-6.9924033557035346,10.97766609110738,-4.861760766203119,,0.07702301101619954,0.3013698630136986,False,5
0.30677063119764147,-0.87598213116489665,-0.37221913668483847,0.94610577378181626,0.32330720537474211,0.018876328283992657,0.10380580258979416,-0.35794937747198313,0.92795290748836412,1.0021495193077281,10.528305142969632,-2.1918459874674836,,0.1338542155936588,0.1515151515151515,False,5
0.33354915965803061,-0.76462264569771532,-0.55145005918727419,0.93730539184131989,0.33165094056855265,0.10708060536429737,0.10101267502948147,-0.55259375974238156,0.82730682106288,-27.080526056704752,11.231296593083599,-11.280457560739828,,0.1765553810222728,0.35,False,2
-0.046977253084322365,-0.91598330597113375,-0.39845667377375588,0.99887665487657007,-0.04059715592209881,-0.024439706905593564,0.0062101558149571003,-0.39915717970898462,0.91686148345948337,-28.502330424832131,7.4591554636518653,-11.661277338379763,0.6212894879415153,0.2278512083342186,0.2352941176470588,True,4
0.042032854968285342,-0.90049792795750006,-0.43282412230311729,0.99905767675857693,0.042571706366854221,0.0084503447721813105,0.01081654348530392,-0.43277145418946372,0.90143877819060303,-0.98186451823998877,9.3005696127206079,-2.8120478605827559,,0.2382919646064243,0.1621621621621622,False,4
0.93737677679398745,-0.20182480691649943,-0.28388646611001411,0.22180568811084014,0.97428076971027788,0.039739382159573185,0.26856473158065858,-0.10021840692141165,0.95803405777933726,-3.1260508307347155,11.84491665219573,-3.5503484427046232,0.1768000174561193,0.1426095844773186,0.5348837209302325,True,5
0.94384399726404067,-0.15083073083374451,-0.29395339675668991,0.18580781341787386,0.97800433557102306,0.094778563384078154,0.27319217650127908,-0.14407501601748893,0.95110904971935462,-11.796548094247603,-5.0765158727609476,-6.1061957029505791,,0.078833628688638,0.2272727272727273,False,1
-0.45182731840455126,-0.83916663346864118,-0.30273988111291034,0.883125444056166,-0.46876588323548979,-0.018654671668249162,-0.12625974973819309,-0.27578598221693229,0.9528906378009443,-11.464253946371041,10.642386267370091,-6.4103419484934419,,0.0959348283438974,0.5802469135802469,True,5
0.26175352983307182,0.94768616288747054,-0.18269106790303319,-0.96235248919349758,0.27064308138377363,0.025099980919825231,0.073230978165027022,0.16924319534539534,0.98284991970609348,-5.783827467939771,13.339843263463761,-4.4412852219978802,,0.08153677607677641,0.2903225806451613,False,3
0.91851495971315011,-0.19417055723990778,-0.34442424926867887,0.28867267018545556,0.92459136613103698,0.24859383573198468,0.27018208354949919,-0.32776302472531194,0.90530273464281819,-14.221912430631978,15.870936528041335,-7.4502987381204582,,0.139278803818629,0.3684210526315789,False,3
-0.75270242810365395,-0.57300758111145367,-0.32419340942663261,0.62244667063540904,-0.77979820052965521,-0.066894758132502161,-0.2144742337479211,-0.25214495521329061,0.94362266008120521,-9.7924756148792298,-7.0703887541061707,-5.3676479336385006,,0.1207859806992952,0.4408602150537634,False,4
-0.80441873260140717,-0.447825516209999,-0.39033679005596489,0.54735278834727019,-0.81410792285025335,-0.19399282213761035,-0.23090133764968712,-0.36970339054936213,0.90000220849056334,-3.8295423672688793,-10.083467058457968,-3.3215147924519952,,0.4412643162736845,0.2142857142857143,False,1
-0.85853305380906342,0.45426096845742664,-0.23784021538294781,-0.44560404245046148,-0.89046567352520045,-0.092238395612244437,-0.25368885050213241,0.026792849968501259,0.96691473787582471,15.198753314851265,5.0901877236216855,2.6217066145181893,,0.2881271275585671,0.3928571428571428,True,5
-0.8249022776727104,-0.42463490292628342,-0.373123882252476,0.51323347642926564,-0.83926129155752216,-0.17953240143642518,-0.23691270747409096,-0.3395963540881809,0.91024539841040131,-15.439858605748965,-16.848495425158884,-6.8680890860264023,,0.1930501090168447,0.3333333333333333,False,1
-0.7679963774281503,0.62437848385010519,-0.14259408529908374,-0.6004504495618106,-0.77940734609186857,-0.17883916371715117,-0.22280220348609203,-0.051727147254362005,0.97349035966396102,-24.068497655443917,13.752369534372431,-10.421290267873268,,0.1764242519662334,0.3055555555555556,False,2
-0.022327160282406305,0.96619272895430464,-0.2568523085930085,-0.99973166464206065,-0.023163454071150804,-0.00023045066434075005,-0.0061722464094319087,0.25677824072792466,0.96645063943428289,-5.1300726087608464,9.3281455554322292,-4.2048696464538242,,0.08723584897884826,0.4054054054054054,False,5
0.43808714667964926,-0.83633230616348608,-0.32958750823013222,0.88885949511273499,0.4577460176216756,0.01993442498365661,0.13419556573156985,-0.30169000152268954,0.94391455816679848,-17.931932268694947,13.51534512977341,-8.578338686621759,0.4684839337838611,0.4230921493234794,0.8333333333333334,True,5
0.88989137905241467,-0.35174059031900357,-0.29046839864300189,0.37611696540314454,0.92605729011176707,0.030885656327489609,0.25812663912142181,-0.13673497194532547,0.95638600241899718,-7.1621467006015056,4.9038950982797829,-4.815897073694213,0.2761393892282808,0.1989694493646458,0.1720841300191205,True,1
0.80580563557109086,0.54429396366607441,-0.23328385884699288,-0.55099958827709761,0.83347785646228745,0.041401890119884426,0.21697172949566174,0.095177433794487731,0.97152690374274087,-26.718819182164776,5.2174936071191391,-11.119370215456385,,0.1140048062338455,0.3043478260869565,False,5
0.51959330340597554,-0.75120421062395348,-0.40708111353452281,0.83904698196734151,0.53856704418103563,0.077108371618110627,0.1613163386243314,-0.38162517325635603,0.9101314553568044,9.8849675393038439,5.6811568468642424,0.89673283779554169,,0.4238955996056756,0.6307692307692307,True,5
-0.82308024836773475,0.50342371006885367,-0.26287539422208839,-0.51505235030068242,-0.85670200039784217,-0.027977829867201126,-0.23929057899685618,0.11236659047441902,0.96442406033264383,1.4945722198957165,-8.1526723675666943,-1.5917112993118421,,0.1407610273907844,0.7536231884057971,True,5
-0.83356966772307106,0.52303148552809731,-0.17776297195513047,-0.49849311983417172,-0.85086227345454968,-0.16594577755926415,-0.23804667300771687,-0.049713748179215256,0.96998057955400863,-2.5617731640029415,8.322023764495766,-3.2640656046972407,0.780469485194496,0.4267296189525549,0.25,True,5
0.70510664139477541,-0.64057172955486152,-0.30412576930617558,0.67823048554637788,0.73440303403980256,0.025604532189774935,0.20694934823889716,-0.22432129388050981,0.95228773192521476,-7.0708243333402825,-1.7291992526834912,-4.5352163666166145,0.2071925454052712,0.1801726192445653,0.7255172413793104,True,4
0.95601018813938354,0.1081046713817069,-0.27268645034022743,-0.061710204355929645,0.98292926330674724,0.17332603385990336,0.28676884567897121,-0.14887391766427091,0.94636155130438504,-17.046610490937525,28.191346588619854,-8.3016006911404858,,0.3418350282571676,0.4615384615384616,False,4
0.55143098432760207,-0.75832709678849242,-0.34765483428226363,0.81746719072694385,0.57429771466277379,0.043926381800841532,0.16634681123631437,-0.30841878867775147,0.93659307555739402,10.969251361048986,4.4104734512011632,1.3028922005722074,0.3149979202402091,0.1200979745890916,0.2941176470588235,True,6
-0.13133823460167895,-0.89623483615720578,-0.42369020119655942,0.98987182884829239,-0.14179592266406182,-0.0069049814180796613,-0.053889058112487009,-0.42030588239294736,0.90578084250089708,-26.240995969949438,9.5696982349428321,-10.972666138496734,,0.2672484981114731,0.1470588235294118,False,5
-0.2357576150586102,0.94989844698946335,-0.20521034902967844,-0.9698937548915314,-0.24324735030829001,-0.011697469401661241,-0.061028281675653391,0.19627446847463981,0.97864798669425335,-13.131502879681927,8.4574644026606638,-6.96255136364955,,0.1488710390437772,0.2444444444444444,False,5
-0.47917150534078234,-0.82216570982626125,-0.30730801170052147,0.86751805213363031,-0.49685466277366208,-0.02340669353713162,-0.13344323771446578,-0.27781106829273322,0.95132219181638444,-18.376415641097712,5.6583871310794001,-8.5095829939733534,0.2314622833835783,0.2141793353705939,0.8074866310160428,True,6
-0.0026381296469438955,-0.94532812877090533,-0.32611005692321665,0.9999962509749537,-0.0022546392643351034,-0.0015539104942160289,0.00073369476094103773,-0.32611293374578909,0.94533053274276058,-9.8884424422143251,4.5088505298080888,-5.7748224838404107,0.2635400294742106,0.187847039902639,0.6027874564459931,True,5
0.7167221560220588,-0.56224282623988864,-0.41254376181064234,0.66054280685067102,0.73702243442165094,0.14311230372341149,0.22359014151999296,-0.37507457325306326,0.89962576281146156,-32.583647283456514,-0.14424455190406177,-12.828544865017699,,0.1971147419123495,0.4117647058823529,False,2
-0.71285317692762129,-0.56244173322786783,-0.41892677745380175,0.65961336423803651,-0.74061150742117587,-0.12808124294333958,-0.23822375587412434,-0.36763282198269986,0.89894134977664697,-19.630470324101537,23.117361525778499,-9.1985680291242105,,0.2822461173659841,0.375,False,4
0.92332858059622813,-0.25912684112829387,-0.28340362111488321,0.27720417597445773,0.9604878176873779,0.024919809318320017,0.26574833409915888,-0.10156983942594169,0.95867689585308768,1.2691848153438265,5.7344610856871334,-1.8008725786633029,0.3017861817466697,0.2747423137012671,0.8793103448275862,True,5
-0.2465929152386174,-0.88757087282216118,-0.3891142247102089,0.96773045931053614,-0.24700620298038117,-0.049856732863607076,-0.05186224326751053,-0.38885200450418367,0.91983934810179735,-32.884797254819738,-2.9097568767124589,-12.703891754467961,,0.444583983631049,0.9830508474576272,False,2
0.95433536163368715,-0.064532575907600739,-0.29168401427268531,0.099473893248754511,0.98931549089511617,0.10658238145626722,0.28168947814470058,-0.13073028004897572,0.95055806334009985,17.991392551769561,-4.9828555020475616,3.5818614726314175,,0.1139626964073995,0.4615384615384616,False,4
0.39577441157026438,0.88543574512316781,-0.24365171126916174,-0.91122268533993722,0.41161553840679727,0.015680123212375663,0.11417457189796654,0.21581517509262954,0.96973603487322957,-4.688920700988275,-0.76288080095085842,-3.7457401693344887,0.1911833075995748,0.172381403100121,0.752046783625731,True,4
0.62111549826469814,-0.63162649336714682,-0.46396498864905439,0.76571122893026777,0.61525385280962408,0.18748069365407144,0.16703847372834282,-0.47171036609304506,0.8657872018081989,-2.1699984105085264,21.455902711387729,-3.4579151197774203,,0.5023254906037591,0.36,False,3
0.21460638655288319,0.94730212682000126,-0.23782930722057249,-0.97489703257989613,0.22255370121836807,0.0067546976926328066,0.05932853207039597,0.23040948460579558,0.97128347802588744,-21.84848634441008,1.4734165847919494,-9.6163502314863791,,0.178344214053864,0.2608695652173913,False,1
0.96685272779021658,0.17424150000312991,-0.18664324911787564,-0.14028407453008634,0.97326085750236724,0.18188920167782013,0.21334521601820677,-0.14967699532799567,0.96544322250028169,-9.490683478487675,-12.595191983390965,-5.0462940328746786,,0.2353054271479214,0.2173913043478261,False,2
0.95165448622871884,0.1891978004598841,-0.24198746071210961,-0.13899034172922328,0.96776223412082374,0.21004271735879143,0.27392594573487677,-0.16625417441560153,0.9472719386441466,-2.2084678986506674,-2.8694438043709956,-2.8969375293155739,,0.1570273416357394,0.2783505154639175,False,3
0.14519143418318806,-0.91473004451477335,-0.37707876246459421,0.98843299390421213,0.15097877553471972,0.014339661767036065,0.043813970390564144,-0.37479908617823182,0.9260701814649781,6.1250189426275155,-5.4528054198223019,-0.20399990860181746,,0.0895646808918944,0.2,False,5
-0.8795470159399057,-0.34531294954026825,-0.32734693160469386,0.40297261251146166,-0.90641609491578423,-0.12658173819041976,-0.25300221405532303,-0.24324643832422427,0.93638723289336045,-8.1966053093275679,17.489081097037811,-5.5061341193527937,,0.2869256266928867,0.3333333333333333,False,1
0.90553913357804106,0.33206539843113725,-0.26406712919919029,-0.33471644762328762,0.94162019022704313,0.036281083876243743,0.26069863300212909,0.055533670161066681,0.96382168175926808,-10.230922358840417,-17.023646595046085,-5.2584396919183707,,0.1350167458701279,0.1538461538461539,False,1
-0.32391603515733813,0.94157573192160249,-0.092268863785397393,-0.94133240860952638,-0.33051627768390301,-0.068207673229367272,-0.094719051248083636,0.06476211270700849,0.99339527384037174,-0.44113098232729953,-9.3362378946339852,-2.2163989526154273,,0.2127177941713027,0.4270833333333333,False,5
0.17259679128268268,0.98401581862108189,-0.043854490561450687,-0.98215425143429669,0.1685512767559203,-0.083447549355781067,-0.074721978215639057,0.05747465360862522,0.99554672927196675,-16.38074292039623,14.43366728455586,-7.9931401611253703,,0.3316818942390308,0.2222222222222222,False,2
-0.16826388409595935,0.95928359617457515,-0.2268529202353721,-0.98417980884076772,-0.17643912498528741,-0.016104007096867105,-0.055474040587389799,0.22055434088859072,0.97379587878369467,-9.5576347042173833,7.9852274387881526,-5.6727757630971816,,0.08167736988408973,0.5333333333333333,True,5
-0.14302840769878242,-0.90870706499152132,-0.39216622065859497,0.98896516381325805,-0.14667912778546358,-0.02081197337859492,-0.038610611947579719,-0.39081543406906361,0.91965891347740603,1.3034894319315802,22.481579444538937,-2.2649666680911795,,0.2039569980921513,0.1,False,1
-0.52681574761145278,-0.75204736953655416,-0.39609332491438937,0.83389613766341764,-0.54752211270768103,-0.069546874021424399,-0.16456731041923411,-0.36693908223200666,0.91557266793636449,12.839865398249554,0.63454089091674537,1.9932455930810293,,0.1806879456262373,0.4328358208955224,True,4
-0.75805360294485624,0.60366883419233641,-0.24685759799363238,-0.61621372464754542,-0.78692534490399635,-0.032080322687335031,-0.21362439144048898,0.12779843572043492,0.96852061372440013,-6.531279539957306,7.2312295716097132,-4.5486989871542383,,0.08521415578519971,0.3269230769230769,False,5
-0.90747248520680224,0.33670344631377358,-0.25124585137474043,-0.32146594267249751,-0.94155084230803932,-0.10070580445388518,-0.27046873441171149,-0.010620762187782254,0.9626701735881702,-9.9438964461075994,11.232639613019936,-5.8910793215802473,,0.07390927908730392,0.2456140350877193,False,5
0.95915383079679073,0.071625032940046018,-0.27366728617826608,-0.067306188892968632,0.99741532002405853,0.025150672317198218,0.27476136155679476,-0.0057038616428150071,0.9614955330930115,5.1494978167541072,6.9693047211926205,-0.71039018491352224,,0.07459457439986823,0.2972972972972973,False,6
-0.54103900792366799,-0.78260564661301524,-0.3079045205812953,0.82831038506343801,-0.55923279903220535,-0.034067322798591322,-0.14552902769218123,-0.27347226253503132,0.95080714328560811,-16.509297789414635,11.450260943456245,-8.079155316840728,0.1622572593845147,0.1685420398452288,0.5466666666666666,True,4
0.48874337738431495,0.86012666168656005,-0.14598642717358196,-0.86623043032968305,0.4983388532982731,0.036100261276261876,0.10380150593235846,0.10881412201224847,0.98862770253360721,-10.933071583841192,17.174912331990942,-6.3025387280046798,,0.202119356279352,0.3043478260869565,False,2
0.89978096323001577,0.36834671111367029,-0.23391220280397279,-0.34652013696597472,0.92899570288317912,0.12996452862865931,0.26517543793863468,-0.035884320201584607,0.96353220116284799,5.1508272448552912,-2.6066542451884187,-0.4966039734599258,,0.354543747740147,0.9610091743119266,True,4
-0.95700401888109288,-0.046483340949520481,-0.28632604991443938,0.088507496318611725,-0.98679933000863618,-0.13562265809928584,-0.27624215996267903,-0.15513343066107804,0.94848504877540196,-11.830114695814624,-7.0872952649919672,-6.0136758424921233,,0.1412129106146162,0.125,False,1
-0.81960914238017124,-0.49521805998195506,-0.28809707876781337,0.52268329872963515,-0.85224192066473037,-0.022042638018103841,-0.23461249531076969,-0.16864987912654697,0.95734747887830896,2.772699852197861,4.2982490528474129,-1.2809765199730097,,0.06669206239511312,0.1935483870967742,False,5
0.64351963949158941,-0.70673880992015947,-0.29394340975985622,0.74197653245956674,0.67030471201510189,0.012744345005836873,0.18802472940518056,-0.22630034821667247,0.9557378581646333,-18.450983072857326,8.4907531238387168,-8.625866514274076,,0.09232466832399003,0.2941176470588235,False,2
