axis_00,axis_01,axis_02,axis_10,axis_11,axis_12,axis_20,axis_21,axis_22,location_x,location_y,location_z,dbh,dbh_approximation,score,reconstructed,number_clusters
-0.89334882021663875,-0.24588251567021335,-0.37612454573615167,0.35721601237222683,-0.8963930998977564,-0.26244262413063818,-0.27262539485973092,-0.36881051902484785,0.88862489000376177,-16.854755926928217,23.62268872429863,-9.7557876123177483,,0.5248748454213726,0.3076923076923077,False,1
-0.92599632628124595,0.24223578733966419,-0.28957318081198424,-0.24915358887490255,-0.9683722851726978,-0.013326907374327514,-0.28364289672825088,0.059807529971909155,0.95706309431210823,1.860425652608392,-7.9853835145860694,-1.97233018332914,,0.0906295825744351,0.4571428571428571,False,4
-0.95528497967585702,-0.024484026706223183,-0.29467124060882932,0.037120272073309979,-0.99861200726919563,-0.037365014906887935,-0.29334739304602842,-0.046632514129494068,0.95486790480100547,17.421256876793699,-0.57676503058944273,3.1910672032870306,,0.08364883534584178,0.44,False,5
0.36764652850083174,-0.86000617952038982,-0.35387201255260314,0.92682468075324409,0.37008896034088273,0.063483640258345825,0.076367802298701937,-0.35131685501915105,0.93313687428561032,4.2349256220683529,-16.825884962704428,-0.96882448107030228,,0.2461139681499971,0.4285714285714285,True,6
0.73488196756875113,-0.50141005779810177,-0.45665791100252029,0.63641594477701635,0.74253049837829843,0.20886168679691858,0.23435707579644199,-0.44411306321361527,0.86477762928232649,-4.5505108446377163,20.739009737888662,-4.6863939020801846,,0.3256037184337893,0.2745098039215687,False,2
0.92305086318973062,0.28204728608165502,-0.26158446509429317,-0.26170997582154809,0.95881958044447957,0.11033086926041141,0.28193082931843261,-0.033381740072176022,0.9588538297934549,0.73013405561265998,-9.0634341726450494,-2.2927775253286935,,0.4996955438145332,0.6239316239316239,False,4
0.86132610775468332,-0.35617081701104975,-0.36229778526765649,0.43316813302237522,0.88747195619354147,0.15734959645298796,0.26548578989105515,-0.29246517071215439,0.91868461361134857,-19.988197593926554,18.357294429186016,-11.112701113398423,,0.4509983706207084,0.5454545454545454,False,4
0.63677945514812706,-0.70810321412535315,-0.30512581609329392,0.74472786907613908,0.66734561052815666,0.0054988298859076365,0.19973063491254164,-0.2307372407179773,0.9522961720091534,-0.57227853668794593,9.7794952165811768,-3.1116871206835315,0.3038623250750246,0.2031403103640752,0.7333333333333333,True,5
0.047562762710597256,0.9722918527501333,-0.22888061665210921,-0.99885667078814078,0.047400128334906005,-0.0062112040593397134,0.0048098675000178004,0.22891435278188399,0.9734346841288759,-5.113225566895812,6.2725207159422203,-4.746190476598346,,0.08365607645153735,0.4222222222222222,False,7
0.60359787715641766,0.77686570113701803,-0.1793022171897356,-0.75024893379611601,0.62954039892197688,0.2020035233924132,0.2698075981696163,0.012592399376101321,0.96283191235432963,-11.204218484712664,-6.7792034316195489,-6.5355142942018665,,0.3252944207316962,0.2325581395348837,False,2
-0.95421848384621066,0.072984332235241062,-0.29006959912134095,-0.062829741888261334,-0.99704588895712143,-0.044180525664123421,-0.29243718747877118,-0.023932876172323182,0.95598520324198888,-12.114006212394607,-8.6681137168875466,-6.6902597774805503,,0.0789289366465386,0.3043478260869565,False,1
0.9220092159210308,0.29156884485991802,-0.25472851128945068,-0.28358670295494942,0.95650567105484841,0.068377504685793997,0.26358601568335904,0.0091929291832123922,0.96459209119150746,14.255218068697276,5.8018075273078136,2.0182360305799234,,0.3303364481518032,0.75,True,3
0.94891408070036354,-0.1075401816402087,-0.2966431809116386,0.13281813013606125,0.98891654034987064,0.066358274010126159,0.28621916734513875,-0.10236789318547887,0.95268011561542654,8.1470154257800065,-11.96898249334015,0.23437517148152057,,0.1791197579877471,0.6,False,5
0.88832453532039868,0.3946242700656824,-0.23484293777528237,-0.37069115299242344,0.91806628982447092,0.14050749652982225,0.27104905283167008,-0.03776205718783944,0.96182453597108708,-13.455910789951503,-12.4591375081345,-7.0222495114275105,,0.5646219202799416,0.1666666666666667,False,1
-0.23789026787766276,-0.91452030966086184,-0.32720150315500601,0.96912874584090924,-0.24595771568593239,-0.017154476948723477,-0.06478961671379195,-0.32118126550650439,0.94479886761877563,-1.905481456950249,4.6502398627539181,-3.5086051506366345,,0.0903257488773054,0.367741935483871,False,4
0.63813810574746332,-0.70337985914953227,-0.31310785958807319,0.74425287770581483,0.66768331289268823,0.016930673680019312,0.19714819811414455,-0.24383553356192744,0.94956664882088071,2.0575994000750919,5.7551214432106619,-2.1384934423669857,,0.06740221754268585,0.2045454545454546,False,5
0.13359400966443394,-0.93503984245746319,-0.32841000837200746,0.99001029316790934,0.14098905100593961,0.0013064907329369303,0.045080594532124513,-0.32530382800324914,0.94453436119765555,-6.4670107633340121,-6.1872112174436538,-4.8928289715341782,,0.07156795725050583,0.2653061224489796,False,4
0.91974346673823881,0.3126356320650332,-0.23734135112875385,-0.25764374351526209,0.93701301426204109,0.23585231084516575,0.2961277711052564,-0.15577410781917514,0.94236021271771242,8.3120383014989017,-16.866260165792482,0.34731580617705676,,0.3444967265458116,0.2857142857142857,False,3
0.37010752637685324,-0.83479953619067915,-0.40759066880270345,0.92166069513627658,0.38495936120594232,0.048454651591245443,0.11645592282113884,-0.39359373038164758,0.91187827775648722,4.1807907423432189,8.4406494336157643,-1.47791258615993,,0.07359795079415758,0.28125,False,5
-0.35726149495404502,-0.88103872652641146,-0.31005642483896534,0.9279273002842503,-0.37261621896360214,-0.010396093134073857,-0.10637269203317309,-0.29142394501136837,0.95066131438258694,-12.555159742526932,11.614518076073919,-7.6172785884883947,,0.0729127384751025,0.24,False,2
0.64944078156497476,-0.63643649860363716,-0.41614331003323574,0.73144065145215509,0.67246949155083879,0.11304581521048755,0.20789719729597658,-0.37780069637111474,0.90224463931795074,-25.280158583356442,20.572440756419944,-13.673574333576523,,0.1398948573061268,0.2222222222222222,False,2
0.88789665859009348,-0.34262643873272225,-0.30699616796611234,0.36785444964777742,0.92950492582944833,0.026527282806967929,0.2762655018978592,-0.13648339217693231,0.95134097784180416,-7.9825730414790304,-12.059251403859131,-5.2193218545145248,,0.1439494387940932,0.2916666666666667,True,5
0.02506129152648956,-0.84049247364941693,-0.54124332181164947,0.99963123021656142,0.026732278185055573,0.004773769868883628,0.010456349398741526,-0.54116336446744195,0.84085247083869041,-8.9646808196901908,-15.391104256085642,-5.4126044960592203,,0.3231185587158483,0.2068965517241379,False,1
0.59331036322009945,0.76426085562364321,-0.25276106792195863,-0.78530346576574894,0.61852825424096314,0.026856384006944362,0.17686514510195508,0.18255997169982743,0.96715592185594434,-2.8829848294380138,10.341580090969027,-4.0507242824714096,,0.07316544465193502,0.273972602739726,False,5
-0.89087628986210365,-0.33949483523735058,-0.3017990937837603,0.38682308913725666,-0.91529841792299405,-0.11223503845936698,-0.23813301718124846,-0.2167303924114701,0.94674209958854527,7.7490359955615125,-20.452597091656738,0.17633688117002042,,0.3035158352463277,0.3,True,5
-0.3189906107435187,-0.87017912399058917,-0.37554398201602096,0.94293730554302491,-0.33130401783635421,-0.033269890002080034,-0.095468466378897929,-0.36472721304621786,0.92620722950687551,-4.9652139697350739,-13.917813608887874,-4.1140959879693693,,0.1863364151021874,0.25,False,5
-0.88967996597237708,0.34414677271248945,-0.30005425672529296,-0.30986889691561886,-0.9377631497424127,-0.15678501749046836,-0.3353368826593453,-0.046511007479596023,0.9409494679904683,-20.332659562358337,15.075629285565332,-11.153531773148707,,0.5758313950208368,0.4705882352941176,False,2
0.93732827402358587,0.020082321051940577,-0.3478683761096022,0.041369309371745024,0.98486306655866473,0.16832504380147081,0.34598307322478905,-0.17216689725330186,0.92230920657450921,3.0904426676866859,-6.4290175507674512,-1.5551621506988107,,0.3251286181535166,0.5359477124183006,True,5
-0.92930765607938459,0.26379503820188405,-0.25845591146713465,-0.23810900519605874,-0.96294081445539392,-0.12668500108744582,-0.28229662059044225,-0.05618866145450846,0.95768024534662244,9.7052079656157293,12.157480595029538,0.47463327301172176,,0.5450785579601747,0.2777777777777778,False,4
-0.65898595883940247,-0.68459002136545122,-0.31156702119987761,0.72512460002334767,-0.68828654828189473,-0.021352795956864873,-0.19982947853981339,-0.23999610434556387,0.94998423639840479,5.7834058047929151,15.290193110934887,-1.0418973319670195,,0.06976443809292196,0.1363636363636364,False,2
0.84911638306251735,0.50482228291739695,-0.1554214614681512,-0.46046590443588459,0.85161456419456372,0.25044716988567928,0.25879049222657158,-0.14109251121789262,0.95557332759519731,-9.1555071327412652,10.248580682252642,-6.3459576805107192,,0.2152406410283386,0.3255813953488372,False,1
-0.75269787759085482,-0.54088210672338333,-0.37535643286974218,0.61864503570552243,-0.77610882763268874,-0.12220232185816629,-0.22522039176578967,-0.32419382211431547,0.91878949756501682,-25.120157700630489,19.689105633668714,-13.603878244885266,,0.3758722647692836,0.3255813953488372,False,3
-0.19638311773425096,-0.91963273971802251,-0.34016069012703487,0.97901055931918102,-0.2031901474722311,-0.015877301778285197,-0.054516014257473835,-0.33613894152409401,0.94023327753305053,-13.517952199046405,12.962157941469259,-8.132095973926198,0.3109958647747514,0.2353075600258447,0.7849462365591398,True,5
0.33634776275410111,-0.88095644921636074,-0.33284518484486769,0.93473434566206592,0.355323413048102,0.0041200946055427092,0.11463806318157034,-0.31250761066564609,0.94297248514791199,-15.516601318832864,14.839176178557075,-9.0580149567954003,,0.0740811063481212,0.2777777777777778,False,2
-0.76769267881228198,-0.45865654872106437,-0.44752890545003465,0.59511427767275815,-0.76929200278748255,-0.23244098381579886,-0.23766982856066396,-0.44477408283589004,0.86353289910080389,4.3738863788188658,-10.226264750941091,-1.1105021363354597,,0.1948520088828856,0.2857142857142857,False,4
0.78677293604497534,-0.5205370932990272,-0.33170692125273921,0.56935557172960283,0.81957109433246855,0.064323046220920888,0.23837487293678414,-0.23946681572711012,0.94118705054728213,1.7095409439656128,-14.456400501081497,-1.8236264470438532,0.590390062171996,0.2802764234758432,0.4166666666666667,True,4
0.92760251477667988,0.28667624702933137,-0.23952098857753243,-0.24593668906147195,0.95125597250600413,0.18608390512115303,0.28119160647761432,-0.11370489945835761,0.95289163931986764,7.3803894353901649,7.7691113034048334,-0.3894296839275721,,0.1835780103009895,0.2,False,5
0.91490943554700632,0.29721227095785596,-0.27314024005834758,-0.29110490001560618,0.95457362653460232,0.063617047333880405,0.27964023661476478,0.021308625405016268,0.95986836626143013,11.767290780199083,3.252979894830125,1.2381286255595743,,0.07830357314312551,0.35,False,4
0.90927477356673869,0.31775049236793396,-0.26880106167032225,-0.31168773471791261,0.94787963461384794,0.066143437397333471,0.27580816191978968,0.023639434939406498,0.96092197130369206,-3.6430966550382049,9.2828527440242503,-4.2271277008792927,,0.1828845270124037,0.7393617021276596,True,5
-0.75502655846333766,-0.55801071797522506,-0.34432388043785278,0.61225695352199361,-0.78793063138983555,-0.065625779855029251,-0.23468344398140684,-0.26036389677216648,0.93655449514624489,-13.672654562666683,20.231222990848334,-8.310432416391814,,0.08914752195621073,0.2352941176470588,False,2
-0.29773889750614435,-0.87764988784942155,-0.3756091362969276,0.95056882965593159,-0.30888588254190458,-0.031755497994228374,-0.088150150302641894,-0.36649718406040588,0.92623396886392328,-1.1744765716647012,-2.2627206196751821,-3.0937984848104776,1.291021511659257,0.6020808805371607,0.9533512064343164,True,5
-0.61362873277345087,0.75227263645790643,-0.23988676235157103,-0.76620338101038032,-0.6407059131515237,-0.049277903576894017,-0.1907672855683345,0.15356371084778556,0.96954939506326698,-6.8786964859007904,6.9358887046203641,-5.3742014326959975,0.1528513141920962,0.1351920558322271,0.4668769716088328,True,5
0.92081296414968561,-0.18800298602110499,-0.34169922783204953,0.26833632663189388,0.94120249688216651,0.2052644042996187,0.28301784548606163,-0.28070044016695805,0.9171194916838834,-1.967949404944092,-16.748905057247555,-3.1305077845671443,,0.4107863258414691,0.3291139240506329,False,5
-0.63130517410362996,-0.70004225929315966,-0.33375831428402519,0.75166252978876424,-0.6582667457544561,-0.041089326416884696,-0.19093773451452814,-0.27681352322017616,0.9417627381144853,1.4133966731024503,13.012703862706207,-2.5461776200142379,,0.07095915452756986,0.3333333333333333,False,4
-0.92037439495519469,-0.24205515811376366,-0.30711605874877618,0.29347913389995756,-0.94660740663759957,-0.13343318801621401,-0.25842014448605127,-0.21294064461572479,0.94227135730343081,0.2355898608266388,13.268164873354911,-2.9590369174649602,,0.252002106317409,0.2105263157894737,True,5
-0.3076904263755082,-0.88006606563825385,-0.36167709580351121,0.94660696989734316,-0.32158225739837548,-0.022805619227173623,-0.096238485330078866,-0.34938313044359953,0.9320244535970087,-8.3559917416676566,8.2143812065287722,-5.9758639561277214,,0.07207694120684138,0.3,False,5
0.28801806047297956,-0.86566825200633291,-0.40946803820283983,0.95311049479291088,0.3006034172484946,0.034899430570408403,0.092876162479909041,-0.4003199507978919,0.91165670920373221,-4.1600901722649475,11.142145715497726,-4.5168213558837778,,0.351035630119174,0.3103448275862069,False,6
-0.50196726865260444,-0.80897249594548837,-0.30592868777734816,0.85153630275289072,-0.52417799720963554,-0.01110640964633128,-0.1513763069155166,-0.26608443781067243,0.95198964577331269,-13.802519391552547,16.77470327067563,-8.3856756908392232,,0.06718147823788648,0.2222222222222222,False,1
-0.46392364130708413,-0.74253886639076838,-0.4831261604751792,0.87479551418966384,-0.46998049960498528,-0.11769085922317862,-0.13966983708022843,-0.47723616993073892,0.86760473415019002,3.1780489157924192,-10.142539998529278,-1.5054299453258277,,0.1051414598570419,0.5,False,5
0.47723755817903252,0.87584729738760114,-0.071664668576297358,-0.86693576554350238,0.48258112163373262,0.12465087029070775,0.14375914400418807,0.0026405873521850864,0.98960918337170833,13.486334080670694,1.9080235469958762,1.7578989859497862,,0.3706716906341499,0.34375,False,1
-0.94730020541369298,-0.18690099900446414,-0.26017366775734335,0.22912159582401442,-0.96290866976461342,-0.14251381694137513,-0.2238875055697217,-0.19461477401080363,0.95498663581564958,1.3128931429584871,-12.715655717148575,-2.0569804905019349,,0.2261986322903931,0.2,False,3
0.016604278309446309,0.98504391401478197,-0.17150156093826663,-0.99985443835948606,0.017031279537791936,0.0010186315050114761,0.0039242877901425393,0.17145968324870173,0.98518332151209087,-2.7843870680667511,18.676697735191912,-4.103457399754638,,0.1514129743424172,0.1111111111111111,False,3
-0.92687337284261917,-0.21198201461445074,-0.30978924480257092,0.25297565862269544,-0.96246627347800828,-0.098295414754556859,-0.27732483996166274,-0.16947654084667799,0.94571065090908435,-16.189203304988151,12.986967329986378,-9.2734922540345899,0.1018016889330072,0.1167859527715206,0.3695652173913043,True,5
-0.79862570310288061,-0.50992373023104576,-0.31964789329930715,0.55821996817371689,-0.82613220333210791,-0.076785739234384379,-0.22491654780287762,-0.2397569018086696,0.94442002020263405,4.9620898317931896,10.150342941162387,-1.2474145990964267,,0.928563255912155,0.703125,True,2
0.035664267546799439,0.98584389404290085,-0.163828802713928,-0.99928919744546352,0.03718256106136561,0.0062094300638909508,0.012213103174494354,0.16349089800734065,0.98646924249040935,16.850662402929828,4.6503272671135738,2.8232634756399562,,0.1523797027610244,0.375,False,3
-0.59412780189845926,0.75387073535864402,-0.28051928522139508,-0.78268612768911972,-0.62224680374694408,-0.014537563403894605,-0.18551167223200751,0.21092138250193809,0.95973829238452046,4.9347690417760175,7.6324954932959148,-1.1764274473950234,,0.06985559433717134,0.3428571428571429,False,3
-0.15511608017501363,-0.92314835953380558,-0.35176143614839628,0.98667398530926065,-0.16247723352535345,-0.0086945557614227596,-0.049126860118264087,-0.34842252349122227,0.93604930251505947,2.8932829936552857,13.721467176391624,-2.0004237176981112,,0.1059155101216334,0.2105263157894737,False,5
-0.47937386712377966,-0.78309791704079112,-0.39617969135881703,0.86395825783948199,-0.50041102480172728,-0.056257754735260998,-0.15419735480792299,-0.36925121338089029,0.91644788023486667,-8.2693060428974867,-14.18706498263272,-5.2270120027691416,,0.1615251416659422,0.3235294117647059,False,4
-0.51128613343491602,0.8385290954975797,-0.18829616501985663,-0.84724955482984954,-0.52853216928383229,-0.053121915183366203,-0.14406485205557851,0.13237334337448062,0.98067457210129949,-19.0903808055191,17.340652964156895,-10.579663198640997,,0.3036839945033948,0.5,False,3
0.51499259073705206,0.82751057078516244,-0.22362666818775379,-0.84270717980694276,0.53651718093921563,0.044653372312377877,0.15693068720862108,0.16545564298582721,0.97365147235362315,3.596435177508805,5.9797033564465449,-1.6266526827648842,,0.8701819336994642,0.7207207207207207,True,2
-0.6768148416225136,0.68657366579627699,-0.26559042075074124,-0.70611697990786459,-0.70748155556918935,-0.029473025212863845,-0.2081357269795118,0.16759012490139152,0.9636353403597484,-5.4883115903136686,16.122879407305387,-5.0545052220294,,0.117044203114924,0.358974358974359,False,5
0.7020403453586439,0.69121875401258603,-0.17133589113202177,-0.68160092855450161,0.72189733340584616,0.11951742222441795,0.20629960659767921,0.032876650115493844,0.97793639782698882,2.1031053572960436,-7.1995917759745076,-1.8262027409512163,0.9839707827648255,0.3670543770244687,0.5294117647058824,True,3
-0.304396247381999,-0.86482102898356406,-0.39928374924051951,0.9482275988826111,-0.31497699983764743,-0.040668295889944896,-0.090594399921156241,-0.39099114747150454,0.91592498453849458,-6.8979057289183592,16.003671700602897,-5.577245780895244,,0.1041439414376593,0.2068965517241379,False,1
-0.050025153441380074,-0.89103198058946131,-0.45117567929797464,0.99870068353754671,-0.040232503728350757,-0.031277633308580327,0.0097174443555983099,-0.45215412771594898,0.89188688524085047,-6.112167099665843,-3.5110834439808638,-4.7990021379283156,0.4217160633895925,0.2966984172370056,0.1626506024096386,True,3
0.9024861317531464,0.33164069606880359,-0.27483309608604617,-0.32593306127062477,0.94297303793732568,0.067597997707106672,0.2815784465544221,0.028570936880864053,0.95911275666719631,3.1490214338582554,15.978202848510566,-1.8863090134864013,,0.1298837205269963,0.3703703703703703,True,5
0.49100091775606763,-0.7486514091776364,-0.44546511232535208,0.85765898860274059,0.50508746480745381,0.096476485027715136,0.15277158777607563,-0.42942720038525539,0.89008601917885366,-4.0040061448787014,-18.425420415768411,-3.7221081684445028,,0.1428534685563942,0.2,False,1
0.099109312589926349,0.99194106116329239,-0.078932093195304004,-0.9946668232400987,0.10103241750353767,0.020745152658858818,0.028552668936558993,0.076455096570671927,0.99666411759677953,2.6618851401832546,-3.2598543789128995,-1.8169332603168262,,0.1997382623524497,0.2456140350877193,False,4
0.96071562374733965,0.052834344690139333,-0.27245921219317387,-0.0059889166195029094,0.98543038621341628,0.16997378269898875,0.27747004012232751,-0.16166473316231333,0.94703478863559898,5.2270808783049594,-6.4195394645124706,-0.86121032013266019,,0.3229061407961989,0.3666666666666666,True,4
0.2717846335382314,-0.83484147489022253,-0.4787199857699771,0.95808243138674865,0.28156379926876435,0.052913907523399133,0.090615493380244161,-0.47303439488525223,0.87637166408721712,-8.4104922731290923,-4.6823253680321866,-5.655563973150187,0.5952744411422263,0.2624852509109307,0.21875,True,3
0.014497273972638905,-0.94458293145006622,-0.32795261038839346,0.99986353327520527,0.016293179569259911,-0.0027289422760582265,0.0079211030661427567,-0.3278682935459345,0.94469023399921537,-3.7728527860063892,-10.443423114993685,-3.7937399791795081,,0.07535961609665011,0.2075471698113208,False,5
0.75105903253129203,-0.52392126564744179,-0.40176714282721432,0.61822232262392673,0.77167336878605519,0.14940338589154914,0.23175739354471098,-0.36059217865722537,0.90347207551124609,-3.0266657513940869,-17.678238746276147,-3.4284911651725292,,0.1169115796503283,0.1666666666666667,False,1
0.29530116085893821,0.95350729098935005,-0.060175330705479702,-0.95026322943815056,0.29965415963226011,0.084895108179802253,0.098979892771914921,0.032112780091957061,0.99457113882397863,1.0351449444240286,26.054030065008295,-2.6854953894654554,,0.3905993184476301,0.25,False,3
-0.74757837627674972,-0.56491918549420328,-0.34927479895346814,0.62129248748739674,-0.78070167385694433,-0.067086074774797999,-0.23478120945923794,-0.26715390750938456,0.93461573568356215,-1.2757983537320536,12.428625938331551,-3.3869092588708449,,0.1502211400663555,0.24,True,6
-0.47135576270690593,-0.81169458397018479,-0.34492846695577301,0.8700587649687922,-0.49195436506963158,-0.03128335323963366,-0.14429653656263189,-0.31485362478841578,0.9381075122253445,-9.1313125182985484,-10.017774276779658,-5.7358693145160995,,0.1412009088899577,0.3488372093023256,False,5
-0.82041552262140416,-0.44635308265919177,-0.35733359181930335,0.51442082663662747,-0.84902303431489179,-0.12054501368875711,-0.24957881192989279,-0.28271684209358727,0.92616499816841102,0.74311138138715527,14.693173764083806,-2.7402465059834782,,0.8506990492730406,0.7338709677419355,False,2
0.68404842402118338,-0.62508239712566105,-0.37596509199362321,0.69639623290129615,0.71300174577674114,0.081613707918485684,0.21704847475856578,-0.31764840204691369,0.92303274713415417,7.6800440571603934,-5.296959894669329,-0.013078461927906909,,0.4588640608528484,0.8846153846153846,True,5
0.116092075188374,-0.90962591477452082,-0.39887758178302374,0.99239988125496759,0.12272832173261859,0.0089573840947366166,0.04080570748783429,-0.3968859461045588,0.91696043536300209,-7.3965565059227991,10.272081374505914,-5.6552284187326674,,0.1324432484128601,0.2527472527472527,False,3
0.2758154772117527,-0.90137583759932582,-0.33383741839788644,0.95516254071248974,0.29591838214127231,-0.0098403216691123931,0.10765845693726467,-0.31615488372474065,0.94257930496424636,-0.14232503460445034,-8.3689770621971995,-2.6149968891454445,0.2010568450678521,0.1161464407945163,0.1063829787234043,True,5
-0.84826126408551172,-0.40333299387200466,-0.34318409623159402,0.47577377521205649,-0.86500858815295589,-0.15937207171301401,-0.23257717573424552,-0.29846714806805108,0.92564853959351479,-1.0326114971042402,-11.77734802969497,-2.9213055921399831,,0.2979536484904905,0.4566929133858268,True,5
0.55433726665724281,0.79264267896514817,-0.25382627578312139,-0.81524901246725534,0.5785200033927802,0.026146765489857435,0.16756862017138233,0.19243749415685557,0.96689635865302981,5.745913548181333,6.7237169003099861,-0.86869470148795647,,0.06261540243187928,0.2,False,2
-0.47982026860931487,-0.8015855678926751,-0.35669747290646919,0.86608581284234243,-0.49772544828312992,-0.046526797918784724,-0.14024219987187528,-0.33125512143593155,0.93306064641992181,-10.33209743573854,-14.563795221659577,-5.9232625153145948,,0.1138064586648292,0.3076923076923077,False,4
0.75037213787124435,-0.55610609536454347,-0.35733410893020062,0.62225792241788602,0.77665184948419719,0.098015216578615366,0.22301733720658393,-0.29590186783996175,0.92881933222457636,-7.9102792140657501,23.700622623897178,-6.041408334678656,0.4622249486319597,0.4814484421317695,0.7659574468085106,True,5
0.92423667602034931,-0.20402390772099524,-0.32273954170059477,0.25125771622358251,0.96144871091579853,0.11174048646957895,0.28749978562942408,-0.18436545597427767,0.93986874184985603,8.7338090381551279,7.1380364485137724,0.11420344084026882,,0.2187801332518922,0.4285714285714285,False,5
0.95493985840816753,0.059168060092099968,-0.2908418943142953,-0.051251468149682892,0.99808034419726777,0.034769433983987831,0.29234081794353001,-0.018296644282558901,0.95613915251500226,-8.2123871666694228,-0.62702472697099976,-5.5658298428802828,,0.0727790363370612,0.1705426356589147,False,1
-0.70874820451501896,-0.57770569478335698,-0.40488530821902557,0.67097705197126123,-0.72927176304389041,-0.13398690740072738,-0.21786642312364726,-0.36663173054406295,0.904497316653606,-2.7373441441856894,14.563937053256803,-3.9941325320929857,,0.4561508502740148,0.4333333333333333,True,4
0.91932494554286504,0.3278152547137706,-0.21766672524654276,-0.30266867130078129,0.94257501574462443,0.14122328103765361,0.25146236282121376,-0.063949186632562258,0.96575213259583637,-8.2129989776599164,-7.775621138541835,-5.4134986415806772,,0.4528218031262227,0.1777777777777778,False,5
0.016398918065963976,-0.93980626749191709,-0.34131401241258419,0.99952077718593002,0.024371955726513746,-0.019084646910535956,0.026254360778750215,-0.34083747939007047,0.9397555645927953,-12.481466063740591,26.107637101275245,-7.8345957882297856,,0.1702914074806697,0.4285714285714285,False,3
-0.14113489030795454,-0.89055711564819784,-0.43242220861806491,0.98900772134362469,-0.14629017042704326,-0.021515416777724138,-0.04409841108763627,-0.43070547919058366,0.9014145108299273,16.198627089695041,-1.8352512595878854,2.7585091145807668,,0.3345170544735818,0.3518518518518519,True,5
0.56576902562550058,-0.70091169355175931,-0.43431348987243784,0.80711675319306408,0.57852871695872732,0.11775852567510837,0.16872449839267017,-0.41716582014409237,0.89303119886465809,17.302076491490496,-9.3321746512033315,3.2001425756030466,,0.2478786350297139,0.25,False,3
-0.84254867677705392,-0.41634710615507925,-0.34171159543908891,0.47389063114974295,-0.8745520684652659,-0.10288998615814798,-0.25600663462054013,-0.24862374532497233,0.93415568097124457,-2.4827074182342335,17.610923215880916,-4.0059847039999772,0.2044871629453871,0.2192169365171348,0.6857142857142857,True,5
0.26543161866316134,0.96329520181728345,-0.040104986842694867,-0.96109886287077984,0.26766390421588993,0.068154311443958893,0.076387378553969001,0.020454548044518517,0.99686838642919495,-14.835753127143299,-10.921462831229613,-7.6801907843132238,,0.2295390754699134,0.3076923076923077,False,2
0.43697992094512755,-0.76186329649090501,-0.47813477822764749,0.88918231629348332,0.44606584919853043,0.10188261171441292,0.13565897346562109,-0.46966964521757781,0.87235719019186686,-9.2664141563234175,-1.7822843448372518,-5.9666347230161509,,0.4426006450621544,0.2530864197530864,False,2
-0.92295699755514682,-0.22153736110897052,-0.31475637927905875,0.26162059815874905,-0.96088649313049446,-0.090839473459721515,-0.28232081624111138,-0.16618767990514444,0.94481564961885489,4.6945491696879404,4.7956124377076392,-1.1843944144647263,,0.07258380287738152,0.2289156626506024,False,5
0.64669557084527096,-0.60088516270765246,-0.46981045101924579,0.73602769350681729,0.65321635356279006,0.17768407308807005,0.20012014651239826,-0.46070100572489542,0.86470024302293702,0.74925236607184664,10.212419150268317,-2.67946557451857,,0.2452004184316362,0.1355932203389831,False,1
0.65590954091044251,0.74940555010324639,-0.090410152179406622,-0.72817138051651209,0.65973720536414004,0.18577744872559582,0.19886959229437107,-0.056019115779932432,0.97842360147734875,15.715062547621709,-0.17110608872174748,2.5819933403360582,,0.3103522315736749,0.391304347826087,False,1
-0.6714163282041713,0.70549630563088606,-0.22688119569942555,-0.70937992353234991,-0.70041947876699118,-0.078693569324406187,-0.21443003126909982,0.1081088178871133,0.97073798997720551,-6.092974995991649,17.52686227555245,-5.2300171584966204,0.4781821656296765,0.2144574427790042,0.1666666666666667,True,4
0.30373698427814849,0.92395558205709916,-0.23248640125208014,-0.94637445588401314,0.32077756330182028,0.038433632828352299,0.1100873908849406,0.20834547575523238,0.97183997093167174,2.0282965561277364,11.330749605225003,-2.187244558080327,,0.1862006203159776,0.2156862745098039,True,4
-0.30031662912893864,0.91531066615464796,-0.26835854130652864,-0.9493171588017395,-0.31418389431646454,-0.0092418914046491843,-0.092773133358889287,0.2519818742998729,0.96327476908258036,3.4309164199036259,4.8227664109909556,-1.666111818839592,,0.06646725956958496,0.2087912087912088,False,5
0.19634811095556903,-0.90214472060123385,-0.38416444709980779,0.97851725717797045,0.20539626422022192,0.017786288237793931,0.06286013624771003,-0.37940384517779779,0.92309334605727755,2.2599700366269047,14.721074822510239,-2.1699260805047054,,0.06628162233595644,0.2272727272727273,False,1
0.94314938581071628,-0.060756970906480398,-0.32676876614991324,0.14878659003642924,0.95631828173988476,0.25163047239037778,0.2972066396805414,-0.28594393593210243,0.91099082258465025,-10.80256806847323,2.1748412141441213,-6.6176027666060007,,0.3740387205766872,0.2307692307692308,False,5
-0.93300264265184596,-0.18351503766384586,-0.30956146361572628,0.22492567810020198,-0.96885758301088887,-0.1035539626159479,-0.28091726208233925,-0.16624444289520796,0.94522392959056345,-6.4578671861744841,-13.908362068874219,-4.6361460527594485,,0.1376038251298851,0.3333333333333333,False,3
0.74792629439557468,-0.58250052501844984,-0.31827566118843481,0.62213934381015024,0.78232405289463258,0.030194588024891677,0.23140634182143996,-0.22059513733477262,0.9475172243020562,18.472396815669594,0.95912018963293588,3.4488901972308721,,0.07055742358070571,0.3809523809523809,False,5
0.26536032911015822,-0.87988737574708664,-0.39418536468957627,0.95618445888409909,0.29261176626975721,-0.0094675672173986768,0.12367366867313129,-0.37440160288305224,0.91898218885652549,-1.9032196435124855,-12.823943108455703,-3.1711049098818513,,0.1479515079279708,0.2558139534883721,True,3
-0.5239029570094984,0.85073979143589518,-0.042041632988189803,-0.83607741891209175,-0.52305229265521891,-0.1655018088523928,-0.16278894686679005,-0.051556827052574195,0.98531297178220112,-11.601239551153096,-3.8704062890549875,-6.778233002030098,,0.3309333643217444,0.2727272727272727,False,1
0.93769885292401378,-0.13508728064629269,-0.32011292981162065,0.18116423727576628,0.97626345596918274,0.11869786717291152,0.29647998306340961,-0.16929586866399918,0.9399141069778788,-0.52604820032150335,-9.305797685648372,-2.7335155154778672,0.5396498308733352,0.2272395462597427,0.1951219512195122,True,2
0.21481196222654375,0.96544090702679308,-0.14757938854618294,-0.97461602290286986,0.22166203804340745,0.03145709445317571,0.063082713839648225,0.13707587654188574,0.98854983449743139,-3.1727115851221219,27.785011544578985,-4.1259773654751077,,0.2444108162893801,0.3,False,1
0.28958038720845142,-0.89917421473048864,-0.32806848508811726,0.95283219562720156,0.30334455042863967,0.0096379822313914527,0.090851562014362036,-0.31538518558907519,0.94460477364371542,1.6778740859847139,-5.4466793516549741,-2.0929625677083163,,0.09455923638308347,0.3295454545454545,False,5
0.36545811070047873,-0.87925222420398663,-0.30554197020308349,0.92353872266166159,0.3835037722931201,0.0010413363607880682,0.116260900855387,-0.28256040569990004,0.95217804010752372,6.4394327784007617,3.4355455930747008,-0.58114876762031942,0.065771308063933,0.08909696585265395,0.4659090909090909,True,5
-0.95614471603664919,-0.04427940653565933,-0.28952826485862215,0.059091647488092293,-0.99734251113335148,-0.042615638952886808,-0.28687185151620864,-0.057855420170193093,0.95622031518086459,10.056488366532099,-12.941395491465746,0.84199667146724755,,0.3038398348348225,0.9090909090909091,True,5
-0.81867586479448351,0.5108495037476668,-0.26230252176402796,-0.51766731710952241,-0.85423583224382116,-0.047975949259358303,-0.24857670284971367,0.096508690963404989,0.96379235075243086,11.579616625326681,-9.8424588887085385,1.3615927474109504,,0.5467109110222572,0.5076923076923077,True,4
-0.90855405637063291,0.3065888966701048,-0.2837829718131033,-0.31131624320520451,-0.94984904418849725,-0.029478635836752753,-0.27858880697017729,0.061563314504709345,0.95843530555699363,-7.974632988243135,6.855534231695529,-5.8174204014079907,0.3366186820493136,0.2956480915338529,0.9371428571428572,True,5
-0.31229275690612179,-0.87115351484517045,-0.37889944253967878,0.94511307967198999,-0.32525453642191671,-0.031156912072456779,-0.096096309070123259,-0.36783289699246524,0.9249132171578206,-17.646451308594106,15.780619471751518,-9.9666776932644847,1.054274041715769,0.6747073893984598,0.5365853658536586,True,4
0.93483060372068938,0.24040618172660808,-0.26133620134769736,-0.20789151148672985,0.96718375697943115,0.14607087213717482,0.28787646968617292,-0.082221943681629717,0.95413137993582453,2.1617996270715656,8.223373265797651,-2.1826079393558389,,0.1010748499437212,0.1935483870967742,False,4
-0.87739892185608181,0.39105252255031264,-0.27793714493176769,-0.39576076003764926,-0.91741805580414237,-0.041443114011494545,-0.27119098941559161,0.073634472168846637,0.9597048565930093,-8.0784637529685561,16.449846379136801,-6.0488281609592267,0.181351032659946,0.1465971404968155,0.5471698113207547,True,6
-0.042950191914510827,0.99388457324982993,-0.10172873768267368,-0.99582934552987412,-0.050791691734401893,-0.075789963928612369,-0.080493450640717112,0.098049268772189363,0.99192093701927164,9.8245659038898534,3.4279975833761283,0.57464119944268088,,0.4864828401123181,0.1288659793814433,False,2
0.6818419077976543,-0.57811453370746357,-0.44819102923536813,0.69366674948239249,0.70549147617192431,0.14528667423852895,0.23220261289095842,-0.4099577575372404,0.8820524834734329,-5.5433823163181257,-11.671856214624432,-4.3684824562605176,,0.2698397059530844,0.2666666666666667,False,5
0.36997604670268885,-0.84140206779609283,-0.39390390347736803,0.92043421879836029,0.38955090207758303,0.032418259601525223,0.12616883026841616,-0.37455661120717015,0.91857975770735301,1.6176991203965685,-10.637814690204705,-2.0371005883388063,,0.2119530440704029,0.28,True,5
0.91270092411766357,0.28737533248248026,-0.29050377174030984,-0.29809974635686376,0.95450399675989184,0.007659072487253238,0.27948803970248098,0.079608658134498439,0.95684319363900394,-2.103367644530767,-5.0176057634199918,-3.354847303567023,,0.06627282127711377,0.3333333333333333,False,5
-0.87516865489111584,-0.37501333310069934,-0.30568746374815492,0.40324251222063912,-0.91451405060501256,-0.032550385312631963,-0.26734865220169585,-0.15175325776640516,0.95157535010277572,3.2622473146998434,-8.4369783855237799,-1.4863908116775235,,0.07937565017216838,0.2790697674418605,False,5
-0.45947963008163306,-0.80218114500521664,-0.38129238143210648,0.8775478566110041,-0.47626546449240292,-0.055506456284559927,-0.13707016049264631,-0.3601063980686221,0.92278662385871479,3.7097057203292256,-15.106730281560461,-1.2119960535230614,,0.1044339925374476,0.2941176470588235,False,5
-0.14320685880628309,-0.93162314288686587,-0.33402112991311617,0.98889624981292401,-0.14823369756224872,-0.010534610242335188,-0.039698900447888943,-0.33182087117090953,0.94250671443688239,-7.3658342358557274,11.382658752422074,-5.7137399199948664,0.7091303370426753,0.3299756985594938,0.8120805369127517,True,5
0.25927186085126902,-0.8981214978486507,-0.35518428635402338,0.96138123798909836,0.27515434476960893,0.0060167929128344434,0.092326688521082417,-0.34302749402417271,0.93477693645608717,-5.9809813407029004,-7.6116680413470315,-4.677335329447085,0.1411970554004325,0.1297089294977944,0.425,True,5
0.64205974152010925,0.73693624519541268,-0.21138651526626784,-0.73717281967101522,0.66916526333814863,0.093776779001361318,0.21056002055806905,0.095618099013062369,0.9728934458016012,-14.622175243741829,1.8275815180843988,-8.004013239033382,0.5872020984630215,0.3654088244403526,0.7790697674418605,True,5
0.40904829003567622,-0.83947031705321096,-0.35772766625670727,0.90722367903282597,0.41627188183795572,0.06052203394822335,0.098105517790959551,-0.34929544396923901,0.93186265093161624,-3.297212193418237,-7.4570694815121712,-3.7356761895574353,0.3072942887766075,0.1850822142134008,0.2395833333333333,True,5
-0.35464695514345829,-0.81491523324097059,-0.45840887844727463,0.92804892491350377,-0.36647332770050478,-0.066501827426077909,-0.11380127492415597,-0.44901053742193275,0.8862498559151949,8.1224271728494593,-14.976995688045507,0.21386943039882395,,0.3533122956944134,0.3214285714285715,True,6
-0.47091035560179623,0.88074528673809993,-0.050310802772489532,-0.87330581770291504,-0.47348329472139455,-0.1146757096599641,-0.12482141544315672,-0.010065262460343005,0.99212816951156668,-1.4069551776307019,15.391393405747424,-3.520611650570153,,0.2296547570731061,0.2727272727272727,False,4
0.95014970001936538,0.1690121304910169,-0.26201230371873385,-0.12281522652072667,0.97527366116816017,0.18373270249554305,0.28658675420851742,-0.14239447172745368,0.9474132396867202,-7.6401538151062649,-18.919971833253619,-4.9211806089182399,,0.3672167532870024,0.2857142857142857,False,2
-0.5513654233424895,0.79377944390852007,-0.2567301391941319,-0.81473533851660485,-0.57852258068404527,-0.038960901053559031,-0.17945054503843239,0.18768542316054582,0.96569751155237871,-4.1387125749287872,-11.494052383476797,-3.95651225144662,,0.1426357641204718,0.2105263157894737,False,2
0.92417187812342161,0.34963613914891833,-0.15382103200428726,-0.30265002107427702,0.91593315062302949,0.26357053768110811,0.23304356766400008,-0.19703054024898536,0.95229704492853795,6.4980625547196116,-6.2521300161831048,-0.44808866878112402,0.53935570933566,0.3261873900186769,0.2,True,3
0.27372427893553619,-0.88247968432005419,-0.38249787696613191,0.95732399473404717,0.28833423081015314,0.019852970799434627,0.092767387737645951,-0.37160863567131297,0.92374305608585705,-0.4394898252964502,-5.9250916987001689,-2.8130026713838001,,0.1009400145211255,0.3431372549019608,True,5
0.9527819919039584,-0.10517932845849515,-0.28485748150354623,0.12203228467397439,0.99163612077733043,0.04202291597373544,0.27805502585059183,-0.074800486861420573,0.9576483121504048,1.0165799011250496,9.1631178233962043,-2.5852495917337515,,0.07711601758410935,0.2580645161290323,False,5
-0.95608606850285538,0.041164266104325678,-0.29018086224085643,-0.029389253749952767,-0.99856260408019482,-0.044821841735947304,-0.29160881567397012,-0.034325339454602422,0.95592158135097682,-4.5069846388219164,14.908325723819219,-4.5813262954629321,,0.07438917531601551,0.2727272727272727,False,5
-0.62430006198923838,-0.7152565755699587,-0.31409785689203495,0.75806424812750128,-0.65179234664214425,-0.022479603413160937,-0.18864789506145971,-0.2521403735276499,0.94912444059049383,7.8257228396155654,5.8222006461648297,-0.18394318740834256,,0.08448834801845553,0.4838709677419355,False,5
-0.91569807707183015,-0.28069075643731983,-0.28759299521649612,0.32031400644026831,-0.94196249028186552,-0.10052663418302425,-0.2426849169708209,-0.18417211013785162,0.95246242179008533,1.4456301178648849,4.0718732037883809,-2.3482301226618438,,0.1607610567578532,0.3109756097560976,True,7
-0.84621858680978235,-0.42419850608116821,-0.32244337607734963,0.47508753685700134,-0.87467307994096932,-0.096118861571105399,-0.24125906337545422,-0.23452639652090984,0.94169604102072912,-8.1704853693853323,22.080530062520289,-6.0139477016610039,1.017887691268226,0.4151521994229362,0.5925925925925926,True,5
0.35027972391209961,-0.80350240535650619,-0.48133979640413316,0.91898235454989019,0.39415064120883475,0.010802965361611213,0.18104018073898143,-0.44612683916233231,0.87646751014343016,-5.1653588255861198,28.055112069898833,-4.8713372699115709,,0.2043437165279763,0.5384615384615384,False,2
