axis_00,axis_01,axis_02,axis_10,axis_11,axis_12,axis_20,axis_21,axis_22,location_x,location_y,location_z,dbh,dbh_approximation,score,reconstructed,number_clusters
-0.67014120296682755,-0.69822910240055958,-0.25176752897679794,0.71059262588325978,-0.70151966341375682,0.054113601655997975,-0.21440356369824531,-0.14264039541714424,0.96627368248790368,4.4285731019568564,20.799275065487546,-2.2262395563019064,,0.1772839145902388,0.3571428571428572,False,5
-0.92742586540560856,0.33919910148797183,-0.15756025427248757,-0.32701049205874816,-0.93986979859848119,-0.098533749375259397,-0.18150868370453732,-0.039858891507461594,0.98258122641725798,8.5795494085262494,-6.9382172003066325,1.7623637151205402,,0.6251807745784821,0.328125,False,3
0.91738223290380927,-0.33561968123207292,-0.21393753369173868,0.37261612917269915,0.91314672992226675,0.16528844458287584,0.13988230421599593,-0.23134925805360562,0.9627618925597704,2.9540327619417637,20.380046857900489,-2.4677242694172268,0.5677407861940014,0.5483145892278352,0.8608695652173913,True,5
-0.80983953451340795,-0.49797877015703379,-0.31012428607252657,0.5374844610478724,-0.84166520283487367,-0.052059009489319991,-0.2350965386201686,-0.20884642876960818,0.94926960697106288,-0.89581035990044988,17.057428707322202,-2.9483014555524871,,0.08820200549564935,0.25,False,5
-0.85227717575722395,-0.46692914738816133,-0.23579819126247892,0.47165116022051129,-0.88089545843834893,0.039602706540575495,-0.22620521379034905,-0.077462007604102254,0.97099476756160052,-13.535405395101217,-9.5648669502055625,-2.1966757939844115,,0.1231286477972119,0.2777777777777778,False,3
0.18425744904636887,-0.90862579057784187,-0.37476441288857482,0.97990885206383138,0.14020795219259177,0.14184629635244619,-0.076340252278014192,-0.39337120235059575,0.91620481500774564,-18.006118655572614,10.081212093226615,-5.7156206891099322,,0.4897533332720119,0.423728813559322,False,3
0.80572766650618621,0.57200998898183009,-0.15364732321619909,-0.54845594945812692,0.81849648743941472,0.171054294168036,0.22360455927928038,-0.05355438874963421,0.97320754647463148,2.9332042363137418,7.396733106734982,-1.2651334435525632,,0.08487434062383094,0.4761904761904762,False,5
0.72939130503543548,0.67567628879571262,-0.10700409757555078,-0.64675273067590999,0.73205988156528334,0.21400755866529042,0.22293324001135184,-0.086890060201824645,0.97095359721057983,-11.94121429091992,-10.829254986949653,-1.6945594029669304,,0.09083740632673115,0.1818181818181818,False,2
0.97941452977927823,0.058976602860073168,-0.19305164897591995,-0.022038329773714047,0.98189171347539528,0.18815678310690404,0.20065266227494127,-0.18002895134793934,0.96297875667043698,12.3114149445157,-10.438167099925622,3.027027650267879,0.2718934761405014,0.2553281184734524,0.7076923076923077,True,5
-0.46217139511686633,0.88554450286037478,-0.046995052819414657,-0.88602963378341271,-0.45893092653638573,0.065832307616282199,0.036729954987171604,0.072064818893997962,0.99672341814789034,-1.3888301216439849,-6.9722081023606943,-0.28376791949733948,,0.3896220048687152,0.2830188679245283,False,2
0.43339800739172729,0.90077607186018671,0.027724277321739765,-0.88127275268760363,0.41717894809653061,0.22208120279637955,0.18847944863908839,-0.12068220096271315,0.97463393323416625,-21.527620411172329,1.2376354110637524,-5.2562914328775108,,0.275183182472282,0.1111111111111111,False,1
0.44001555244505552,-0.86383280824153796,-0.2453144777872083,0.89785710533906993,0.41851335197342315,0.1367449911774313,-0.015457425355430418,-0.28042726976082016,0.95975080847888483,-11.96078441633759,9.35733308214148,-4.538704358298844,,0.1748444082680872,0.5352697095435685,False,5
-0.9797623353091327,0.071144968797598573,-0.18709398633944441,-0.062746485173440017,-0.99675397523027864,-0.050441961312154643,-0.19007536638916353,-0.037681643772881732,0.98104609923010211,-6.7548556221229514,-14.68259976769326,-0.093332568262456214,1.036548423298422,0.8488667514758239,0.5398773006134969,True,5
-0.87855425427409806,-0.39474952103940181,-0.26891492694911195,0.42115292262913501,-0.90580957605901835,-0.046251785703026738,-0.22532784572223022,-0.15388901052038692,0.96205277110106313,-1.9750319321402572,-7.9525354222350604,-0.24146389024710041,0.5083696418014219,0.2442213911766471,0.1111111111111111,True,3
0.97098500293833001,0.15374766526471065,-0.18316598891306726,-0.12033735051408027,0.97602897591282489,0.18134596838588402,0.20665683182537856,-0.15404250583593201,0.96621108473029016,17.564497598687808,5.2898324275122066,2.1967481341191268,0.3579729546103874,0.3669670870676183,0.8727272727272727,True,5
-0.61415582407737357,0.7846157930551777,-0.084797883465548896,-0.78849953206554246,-0.61454672827661094,0.024511358528933505,-0.032880262837495428,0.081916885029326841,0.99609663801401782,-23.31222479482236,1.5567851570856113,-5.5839442665592696,,0.7804505191262591,0.723404255319149,False,1
0.13122066973738361,0.98813540755113771,-0.079809474233452554,-0.98035371973449081,0.14130279513752655,0.13762305144513587,0.14726751181581377,0.060182525952886104,0.98726406980782522,19.395048966793677,-3.17108979812267,3.5121006551643319,0.2132475539496155,0.151022303799863,0.2727272727272727,True,5
0.97493732513206044,0.12253843708404481,-0.18569206633925961,-0.091721070759242671,0.98179575334072311,0.1663260169092653,0.2026930123194246,-0.14512556686925565,0.96842868224653278,-14.060631324145216,13.572938094932104,-5.2964150817175426,,0.06741541864576453,0.4,False,2
-0.92321059168012121,0.35248339694779385,-0.15309362588228057,-0.35635324585495082,-0.93434845785801401,-0.0023072639622244984,-0.14385606549006072,0.052425319975126686,0.9882089952268317,-13.745362336868476,11.746509925457996,-5.050972889157916,,0.08438609554278466,0.5,False,5
-0.75981440582486892,-0.6074527460799749,-0.23169641771270572,0.60930949997459838,-0.7896457400964888,0.072121691523253345,-0.22676860881018762,-0.086375728230609072,0.97011093779573765,-8.8805074735611278,6.328040755488245,-3.5978126264730776,,0.3732429890277106,0.8816176470588235,False,5
-0.32970647480523935,-0.90640239858278759,-0.26406122834462242,0.9281605541562552,-0.36236170392564698,0.084923384508950178,-0.17266043605833753,-0.21709142629655032,0.96075995256290414,-5.1609488332986899,8.6662638895990458,-3.0512664473445748,,0.07425954288943046,0.2844036697247707,False,2
0.9745805382401691,0.092711483210558332,-0.20395429724426298,-0.031734785366962955,0.95830639850764254,0.28397491082316528,0.22177844322930851,-0.27028397558902789,0.93688894467731576,2.5440384151284801,-15.497455799099473,1.8334987200233375,,0.4605688857973869,0.125,False,3
0.2173290326385714,0.97269182099177753,-0.081478297405407268,-0.96322868518504556,0.227225396357641,0.14338451550569437,0.15798288391174692,0.047320615230723756,0.98630733940547877,6.7573019199074107,17.303969662909665,-1.3885798963790521,0.1908256632256532,0.2575237643524528,0.2173913043478261,True,5
-0.97290837727670532,-0.091173921165608698,-0.21245377267559912,0.10210977528091543,-0.99392537883876309,-0.041060139944990817,-0.20741958252992584,-0.061641361110123527,0.97630807606185577,-28.961412872217938,-1.4801797937204697,-6.2176291548585763,,0.5305603192539028,0.3333333333333333,False,1
-0.17391334301323763,-0.95452895517483627,-0.24213348148242159,0.97238887285691644,-0.20530953551672615,0.11094086068696535,-0.1556085764539297,-0.21615380718077665,0.96387940250595672,-4.1743595826592683,15.483288723856083,-3.4698103955644277,,0.09055440405050164,0.3214285714285715,False,5
0.26893610377801491,0.96301277166602794,-0.016726436943219458,-0.9492285201715579,0.26794951507157166,0.16482801298876365,0.1632133223043242,-0.028450992619315052,0.98618048674741099,-28.00210613100219,-3.5591118511153637,-5.7680272316305494,,0.2976314902535003,0.2105263157894737,False,1
-0.015648569331415028,-0.97691930733143439,-0.21303471369932198,0.99298515346371263,-0.040157441418871571,0.11121090278987442,-0.11719900715675412,-0.2098000163531025,0.97069477481838273,9.9542676400677195,-0.21075729513835575,1.1642974829665036,,0.06768317033866814,0.2692307692307692,False,5
0.50238899792544101,-0.81617650873878766,-0.28541408750521324,0.86392737047466917,0.48725240834834493,0.12733651912731309,0.035139625897180102,-0.31054950835849077,0.94990747420477983,-5.2269346176987694,-9.7694935251813479,-0.58539366560451545,0.3607966026226048,0.3626793299251995,0.2556818181818182,True,5
-0.019059865742827999,0.99309269113318599,-0.11577403999046634,-0.99370429232815105,-0.0060296045159461738,0.11187235260774524,0.11040154404027043,0.11717743249973527,0.98695539331131699,6.2485432658388653,-7.1411518300334462,1.322837788384311,,0.08510437081205223,0.4210526315789473,False,1
-0.57233793674665279,0.81597170611346093,-0.081360069953705788,-0.81935953846972442,-0.57303154607430284,0.016875838419878594,-0.032851680006722006,0.07632183190923611,0.99654189329639009,-11.303196874551992,-18.309628475863654,-0.41447922637391671,0.1808384522849247,0.1822020412543547,0.3809523809523809,True,5
-0.56113469284596129,-0.80066258670011692,-0.20992207778922817,0.8023040486689309,-0.58848903716369461,0.099944317635320148,-0.20355851732145855,-0.11233910893729744,0.97259645003930772,7.6213210065645791,0.49313160639183706,0.56669967851174841,0.5678353883278702,0.5147342010237268,0.9464882943143813,True,5
0.45525551238116829,-0.85761490112939498,-0.23924694315158229,0.89032729050724502,0.43616295587118203,0.13068738157809889,-0.0077287919228220398,-0.27250423352038,0.96212354117799359,-22.086524175566066,5.8161224834494138,-5.9737975933887695,0.6829825868047554,0.617612737944946,0.9393939393939394,True,5
0.53533266717115557,0.84101811246106162,-0.078150303722064149,-0.8162271135415875,0.53890161174919982,0.20822668410576908,0.21723773746516942,-0.047682149349088182,0.97495342353081971,2.673941593336481,26.410155772893887,-3.1718784526478725,,0.3125557633842057,0.5714285714285714,False,5
0.10990406145847058,-0.96156230523807129,-0.25163272923087593,0.98981255320483608,0.082827986313660354,0.11580429267236897,-0.090510810365703381,-0.26179659628893326,0.96086957251152105,-1.1068955953490081,-5.7773795854580285,-0.41371677254928263,0.2028288753865318,0.1600415899768173,0.6394557823129252,True,5
0.68008134609248949,-0.64707368005230415,-0.34465202056653865,0.73095449048377958,0.63470417375787092,0.25071127748056837,0.056523406997699893,-0.42242900515697157,0.90463188096786951,12.191178862976697,8.9712513146772874,0.5588044556619095,,0.4033215839307714,0.125,False,5
0.8542270325489002,-0.38794359772530723,-0.34611550362075083,0.50736313532639743,0.76736167075063721,0.39209528838607449,0.11348491430348187,-0.51054464177654069,0.85232936296879713,-19.598865951331703,0.32962484757858213,-4.7785501422690562,,0.465139377403034,0.2105263157894737,False,1
0.469074779361217,-0.82047985502871679,-0.32677463007290297,0.88299813187357801,0.44275483461885928,0.15582828860447298,0.016827075651996079,-0.36163650799343183,0.9321673055902141,-10.298123130662166,15.315602850598825,-4.7027242175784867,0.9032557501724275,0.8166880467569262,0.4925373134328358,True,2
-0.79135412958240359,-0.56757427680939132,-0.22719613090273438,0.56858956608792965,-0.81983746501755961,0.067619792143436247,-0.22464315464490756,-0.075670147732630158,0.97149857530173767,-3.6409576439337008,-6.9731727534888694,-0.7066279263015135,,0.07207300917797646,0.1590909090909091,False,2
0.47888047751185137,0.86996991222716669,-0.11758333248159621,-0.85636926660361345,0.49240575753392479,0.15546140731458519,0.19314545678014516,0.026247319232600375,0.98081899999861932,-15.440505528800728,-6.7023540303195412,-3.055371371336665,,0.1243097340385359,0.3111111111111111,False,3
0.97774740581002728,0.059052157937048051,-0.20130288888821371,-0.027145390960671173,0.98711055387127589,0.15772089964724448,0.20802196562227485,-0.14874675485173375,0.96674777720961114,-7.1388244671831487,-10.995802707557958,-0.75091581278276409,,0.0818783294955253,0.25,False,3
-0.8618204272233092,-0.43608997348141743,-0.25901947079246446,0.45745197234606039,-0.88886749411784094,-0.025539594698595083,-0.21909642675619079,-0.14049951220429907,0.965534382014966,-11.937698407144602,16.504173520855389,-5.1531387134794864,,0.1925937383626868,0.25,False,3
0.662885028625813,-0.71884152974531335,-0.20940461775513064,0.74717805255303249,0.6530665443986039,0.12340602242323423,0.04804577615995155,-0.23826653919651417,0.97001064926757541,6.0859942350907179,10.265033612075086,-0.87204484507575541,0.4490185242951251,0.4117589632280234,0.9534883720930233,True,5
-0.6878039272889277,-0.68268465761794073,-0.24671322595070555,0.69219197869617033,-0.71918697140669985,0.060335435587556274,-0.21862301396378489,-0.12927396648952483,0.96720846737063715,-4.6583118394921632,-3.3185535978724898,-1.5888727753142102,0.6242120721843241,0.5649899705513103,0.9693608029582673,True,5
-0.67389696841753199,0.7216146243008893,-0.15854087786040538,-0.73745627463812724,-0.67003639404226456,0.084908619442880501,-0.044956856590699715,0.17413662639986788,0.98369472723582163,-4.5925144233626156,13.583425826637303,-3.3914650891395381,0.1842567233567085,0.177534276788695,0.4833333333333333,True,5
0.42486563606457267,0.89118018857568593,-0.15901906420819767,-0.88537405349070819,0.44568653104016481,0.13219796312657989,0.18868486080467189,0.084624981770095919,0.97838470744566131,-12.2846753973496,13.261538253057301,-4.9622357629746716,0.1936773434969192,0.1484370937450313,0.6043956043956044,True,5
0.30366280641066873,0.95024190146103749,-0.069492652205181235,-0.93250636210180615,0.3113758398290366,0.18296713095640676,0.19550136736722196,0.0092420278335288153,0.98065988001909843,-14.29483624588903,-9.6064920191514958,-2.3372213605773822,,0.2450752086769276,0.2580645161290323,False,4
0.84315653794199641,-0.48681048479843941,-0.22825994921574802,0.52596274673256904,0.83488594751174994,0.16226103567073488,0.11158065054120637,-0.25686768293757106,0.95998372480323091,-13.392775337558479,-13.889803896914248,-1.4681172917812837,,0.1015780373827855,0.2352941176470588,False,3
0.86136290082713951,-0.44687507388443914,-0.24157115187752093,0.49509643415569987,0.84496322418639525,0.20227869551399102,0.11372543235778877,-0.29383637983290667,0.94906622947069685,14.003753177072676,-9.8553629100271838,3.319134935407317,,0.09638443720216969,0.4166666666666667,False,5
-0.29372901673833191,-0.8876342856840107,-0.35472332824917074,0.94113973265332518,-0.3334841784741262,0.055175232928054041,-0.16727004617432473,-0.3176376513980565,0.93334187416357028,-13.00334767533265,-15.366556376750344,-1.1947977314730001,,0.3156728908914113,0.2,False,1
0.82948489719677732,0.53189574191177347,-0.17041632861488684,-0.51103756255833055,0.84588427934056987,0.15271016868213605,0.22537838178692599,-0.039581633374712821,0.97346693797092954,-10.506741105981554,-3.4849482516541728,-2.6914032207703968,,0.09592441765424511,0.12,False,2
-0.95117874124573354,0.24992192885112671,-0.18110226857087014,-0.26556910788704574,-0.96171611733939222,0.067639918581591504,-0.15726427165208845,0.11243282051508816,0.98113546961302012,-18.028839604412127,7.8758484019652784,-5.4710000213118155,0.2534050355283038,0.2107424008501617,0.7684210526315789,True,5
0.40430936823758945,-0.85668394494534028,-0.32035379384082818,0.91454017619214822,0.373970340233722,0.15415074036769988,-0.012255647096627895,-0.35530100351443528,0.93467159795078791,-15.473111323686632,20.291977585856269,-6.2512233820768461,,0.1973026843722535,0.2941176470588235,False,3
0.70045426449303416,-0.65875124267863949,-0.27460994814986694,0.71183395009085315,0.67262558345469659,0.20215650368040089,0.051538828581735099,-0.33707806922370231,0.9400649575411506,-9.3210176738552661,-15.418839868127353,-0.45521348287720242,,0.128511368380225,0.2222222222222222,False,4
0.43505258280200776,-0.8435690523791024,-0.31483408974494531,0.90016958779023337,0.39948835277410372,0.17350437808711763,-0.020590371897232687,-0.35888760060227698,0.93315364582638627,-42.065689881346294,16.285256351303882,-11.144838553832892,0.6226196539421702,0.5210059818230736,0.9523809523809523,True,5
0.68244672109721594,0.7140696585051356,-0.15611212530107471,-0.69643083933351313,0.70007383022613512,0.15773623000987408,0.2219246694013039,0.0010747254850911603,0.97506322157912129,-13.698667201588311,18.398738889515911,-5.7030455676769805,,0.0789113862586736,0.4615384615384616,False,2
0.67097456175593828,-0.70490717200803055,-0.2299978615728144,0.73997558277198117,0.6563362794508022,0.14716937581557313,0.047215192233998921,-0.26893970909540194,0.96199904287581661,2.5385455111699566,9.4542962328988356,-1.5509091164768831,0.1549260423043909,0.129253669427757,0.6470588235294118,True,5
-0.11157004006518519,-0.93561701927586316,-0.33492225874253667,0.98195018605883189,-0.15559158413151278,0.1075411132845121,-0.15272838065951883,-0.31687860796967038,0.93608866543310176,6.3254654147989875,12.765365561516603,-1.0383759496119043,0.4510956730238328,0.4489594742173158,0.1935483870967742,True,5
-0.63549977522763124,-0.72038490682184886,-0.2778230042831345,0.73923123080425346,-0.67156303718920785,0.050401135749459466,-0.22288387803800175,-0.17334553096195798,0.95930918050764957,-2.1462017237286855,13.522949336276815,-2.8157804230973102,,0.1925721052473464,0.6851851851851852,False,5
-0.77891551159596328,-0.55727926717331533,-0.28762900440319406,0.58813834362997985,-0.8083230786715816,-0.026591149638197489,-0.21767846597076093,-0.18987790515399616,0.95737268949294108,-13.365830422528106,-17.748929474332868,-0.92637760068293462,0.4262081513411595,0.4509597047133022,0.4507042253521127,True,5
-0.077046204787677819,0.98868519503365282,-0.12870690521134567,-0.99165087355021664,-0.062601226423024195,0.11273700119049188,0.10340419389418848,0.1363182730656472,0.98525372423223656,9.7457025020691912,11.981244585131911,-0.2153776358125517,0.7024403658853503,0.6405963728157884,0.7479674796747967,True,5
-0.60491032663045463,-0.75625713500595404,-0.24931635022280871,0.76750542943985445,-0.63715280662277884,0.070510402020266108,-0.21217660690137485,-0.14869918212721017,0.96585176953739493,-17.474670641751541,12.334914617241342,-5.8359716312651644,,0.1005895428068306,0.5102040816326531,False,3
-0.21363087206236109,0.97214559531685019,-0.096409501647512968,-0.97438315901486527,-0.20493748391542657,0.092617963239461365,0.070280224317278872,0.1137258510298384,0.99102326959433795,-0.93121006800201511,8.085558721921247,-2.1379346712852119,0.8202244731386827,0.734235451230312,0.8392857142857143,True,5
0.87436062540640624,-0.42518457938298848,-0.23390504525090924,0.47695333189139921,0.84183759807290293,0.2526360577362996,0.089493105525574157,-0.33245681212114941,0.9388628505472093,-20.00892368060067,16.315259583515672,-6.7441576920513215,,0.4627927282457833,0.275,False,3
-0.49675124524030895,-0.82381779585005166,-0.27306123780750224,0.84522113171167257,-0.53065036451742675,0.06333584408186374,-0.1970772408479543,-0.19933496903023518,0.95990943909385174,12.248376909254331,-7.2767758843250947,2.5495769346281185,,0.09370626606707269,0.2222222222222222,False,1
-0.78165080787657604,-0.58191272358303525,-0.22449854493530452,0.58178394540865042,-0.80998084955759031,0.07388141995594924,-0.22483206045988943,-0.072860177615326399,0.9716696656308782,4.1812714486788742,1.9829397199048495,-0.38587678491065702,,0.07255111364050533,0.1153846153846154,False,5
-0.96180215241642941,0.21076497664443039,-0.17468469946505466,-0.20696185646062681,-0.97753419010761622,-0.039921136519618441,-0.17917424362194098,-0.0022431653349246627,0.98381479894936819,0.029259623671155179,-15.138358597492219,1.250199127640679,,0.2231858158323104,0.1666666666666667,False,2
-0.088360709898184106,-0.92096041090478764,-0.37950534448459927,0.98739929022212813,-0.13119796636102821,0.088485791467154254,-0.13128224028834656,-0.36690464042965687,0.92094840149492507,-4.0323002149397418,35.993965583697573,-5.5282514350242611,,0.4952724443695018,0.8181818181818182,False,1
-0.74317650371044353,0.66886313267365893,-0.017629352872427867,-0.66509948842324318,-0.74135695194866713,-0.089624440285682366,-0.073016127203935452,-0.054881504601834205,0.99581959491706018,-19.24688353029585,-12.384996363219694,-2.8297698958605593,,0.4521560474754303,0.3,False,1
0.82256369697723974,-0.51718700349631375,-0.23644569742255578,0.55961212985748165,0.81009812864494368,0.17485790254470276,0.10110998235341578,-0.27614964309313084,0.9557814321737097,-13.33280687566775,-6.3210540358428453,-2.7482517133378002,,0.06474911219121432,0.2,False,1
-0.37572095008112716,0.91599451827232858,-0.14066915143406691,-0.9260790302897477,-0.36540459438809575,0.094112231179973097,0.034805133640550656,0.16563068826493646,0.98557347659986638,8.6856954147150294,23.259610432812799,-1.6017932723465595,0.2458901008076095,0.235650426332551,0.3809523809523809,True,5
-0.45041186591133936,0.89029056902714498,0.067170333835614382,-0.89276429393545587,-0.44995402372381221,-0.022655948637774093,0.010053184579632737,-0.070171783760092449,0.99748426265467183,0.30651919680353257,-12.534841313548746,0.98336714319060126,,0.1633709162032153,0.1666666666666667,False,4
0.96447435629599887,-0.10829814859172815,-0.24095793628561851,0.17681510292061869,0.94231715946034911,0.28420906101979165,0.19627948294865474,-0.31671735348443508,0.92798948408655235,-17.06233078516086,-17.544629850339899,-1.6279435175332928,,0.4962234120186257,0.1666666666666667,False,2
-0.00016684495394771095,0.99806772663829613,-0.062135217114165392,-0.9919473444698278,0.0077042967002067583,0.12641641353721278,0.12665085061703199,0.061655955555147468,0.99002934561686773,13.559117974136075,12.155158588454448,0.49322741278532894,0.4876282146765928,0.2722880055367093,0.7419354838709677,True,5
0.22056875664458661,0.96345139631711252,-0.15202246717794021,-0.96296647249735734,0.23988101886620658,0.12309618041883835,0.15506449122303173,0.11924136749600553,0.98068165060809875,-26.598149901694171,-11.873348785475718,-4.2750541339946864,,0.4159689190401081,0.8378378378378378,False,1
0.76244017658058194,0.64549475241172094,-0.044961113695067195,-0.62248760346119936,0.75068122662315384,0.22132979811288001,0.17661868721316581,-0.14076299444273999,0.9741620084578384,-14.253244533029749,-7.9563944503781556,-2.6437876640104947,,0.3910409604469576,0.5307692307692308,False,3
0.030415234144356113,-0.97819535445606631,-0.20544771123698646,0.99407405254870995,0.0081420694094268171,0.10839965292895645,-0.10436326739485564,-0.20752723972120929,0.97264626313597002,3.6402107637044954,-5.3985023668010532,0.49181585428292823,0.1827564214068128,0.1241067745045668,0.4505494505494506,True,5
-0.89226214179916208,-0.35919564043731361,-0.27358136303995734,0.40476939957414526,-0.90481973842543828,-0.1321475467956478,-0.20007499464040646,-0.22864761718974935,0.95272780145910096,-14.603317746598073,17.130073099260134,-5.7568577301070789,,0.3694190888431763,0.3333333333333333,False,3
-0.77178000362171828,0.61511594557579874,-0.16120793872527825,-0.63067332784695496,-0.7728481782862503,0.070404878112767244,-0.081282098595628974,0.15600662427607728,0.98440599024481501,-17.817391314810965,5.86397723214741,-5.2002699568689366,,0.127111892057252,0.12,False,4
-0.8403218286393942,0.53717182138787101,-0.072839952079760906,-0.53269257602523501,-0.84317749376880913,-0.072734678450849521,-0.10048802794235692,-0.022319236290393701,0.99468789473465957,1.608211329078556,12.24231064520777,-1.9851167907173597,,0.134765684371397,0.5,False,5
-0.83157341735620816,0.54852823207697043,-0.087191915686213706,-0.54657143631598804,-0.83608866530885173,-0.047068128766093842,-0.098718369871044986,0.0085160059051736792,0.99507897228985176,2.0229736303009496,-9.3833896076020498,0.80938176687572583,,0.1766534958367106,0.2285714285714286,False,4
0.51537762915655805,0.84953649835830813,-0.11257725046415253,-0.82484663454840867,0.52739071175847374,0.20368374168070813,0.23240896893004845,-0.012115077713070715,0.9725426962621625,-19.400369719475432,22.209007895495205,-7.2512987727235423,0.6449840162887592,0.3875297401067979,0.6923076923076923,True,4
0.4394203566105721,0.89622068225546592,0.060813147376072796,-0.87810322840551103,0.41429538362875518,0.23936176672083764,0.18932635965458081,-0.15858065393183665,0.96902409966857606,-20.318776760284077,-6.9088361230084487,-3.8950944584399085,,0.3541237209923263,0.2631578947368421,False,1
-0.041829294971741947,0.98819931127146887,-0.14735138711515872,-0.99358274716893868,-0.02563029850960042,0.11016538624510809,0.10508869877580597,0.15101393644595559,0.98292988376013113,-5.7860893491517773,21.246484597114613,-4.378750155872897,0.3037118688070469,0.2636956267783347,0.4509803921568628,True,5
-0.48677638489321984,-0.83394129247291826,-0.25998206057127571,0.8513064318576955,-0.51959806880168413,0.072768165946923147,-0.19577055495657825,-0.1859025755769908,0.96286765560269727,-26.118936946538852,-1.6149299302306348,-5.7305602838100125,,0.1800737801754217,0.4782608695652174,False,1
-0.88913688021235282,0.44471422779036407,-0.10800399921791899,-0.44032988402996559,-0.89563386296817848,-0.062845658042978633,-0.12468039732211744,-0.0083210038768275624,0.99216206308147092,-9.1343372663601716,-17.788175699277375,-0.055650427812582275,,0.1415420890890992,0.2222222222222222,False,3
-0.30857517853914507,0.94387162741620922,-0.11784612911848616,-0.95001801056293378,-0.29964306148416658,0.087634555458683039,0.047403995565561616,0.13899779373454862,0.98915745690023882,-5.9163314707751313,-11.370102511567374,-0.44017105665104589,,0.0755038552688577,0.25,False,2
-0.76807696120309188,0.62608753375821102,-0.13443281497307413,-0.62716568829417418,-0.77788313559001887,-0.039509831575630955,-0.12930963264783682,0.053965057557654919,0.99013473399698482,8.8747211614896742,17.443397407519271,-0.97544878634984455,0.4801590806445025,0.36065121606031,0.4375,True,5
0.64507785850344346,0.74527808397322337,-0.16862720426376396,-0.73401712590963386,0.66571862922566738,0.13430400430835943,0.21235210227349519,0.037138716336191008,0.97648722490820516,7.5061141143622727,-4.3126715840923788,1.2064605647698838,0.243527340010246,0.1866741158066119,0.4605263157894737,True,5
-0.47761861030312891,0.87854532091533932,0.0062114563408474099,-0.87831329397614744,-0.47763859022433769,0.020667238646703306,0.021123937059184222,0.0044154531221228255,0.99976711441057553,5.4131009320080361,-15.52916799503174,2.4483317247305663,,0.2696880911100896,0.3333333333333333,False,3
0.35601295471579542,0.92296916351259251,-0.14622824378140639,-0.91638607409621964,0.3754632401236056,0.13879451905029161,0.18300639135573157,0.084588879415375851,0.97946586576674732,-14.407951291208423,-17.262624460421829,-1.1256278954663306,,0.175767098808748,0.4137931034482759,False,2
-0.48503182204664441,-0.79065138670861212,-0.37365025933064921,0.85392284346449543,-0.52034695153969102,-0.0074045548726135724,-0.18857335180672635,-0.32265993665018217,0.92754011032907746,-7.8185311279637233,-6.9683088423907638,-1.5803296474309327,,0.2936178773128513,0.2307692307692308,False,4
-0.95322800840630151,-0.21618762205827469,-0.21123275328070179,0.21156630768804538,-0.97634923694455678,0.044518142021318638,-0.21586120874535236,-0.0022537938174474678,0.9764214556083991,15.413082292214037,-3.0181398443773597,2.6529991314123076,0.3167323333176028,0.2932952564224431,0.7313432835820896,True,5
-0.49284335607041097,0.86710621298644985,-0.072334236551944681,-0.87011672589966949,-0.49099147211438099,0.04271132894904215,0.0015197654077132583,0.083989223780503525,0.9964655039698338,-11.529574876918456,11.192124444164437,-4.5640279583684134,0.1814126378668275,0.08787806046209383,0.2289156626506024,True,5
0.83309550414647426,-0.49984202339390826,-0.23687514141508292,0.54174575453190721,0.82377771881748119,0.16703834118705052,0.11163968119618792,-0.26748499327878295,0.95707280807316986,-7.5799940933479384,-16.314962907243697,0.040680352280294277,,0.1497769807851606,0.3170731707317073,False,3
-0.76406503754285071,0.62469337995840191,-0.16112975963735274,-0.6403213360565464,-0.76479177444584989,0.071289047761410831,-0.078696918588992554,0.15764429192367629,0.98435515553507491,-10.741986762567766,-12.732502974217621,-1.1411191810339978,,0.1051915187614964,0.2,False,4
-0.20551223073204178,-0.92452572429799706,-0.3209624715302466,0.97161456047502315,-0.23201595500832398,0.046192450622411008,-0.11717452322270616,-0.30235869713444619,0.94596477174083615,-4.0557891579904695,8.8007583495679071,-2.8398799157319425,0.2647105045021914,0.2492729801074232,0.2100840336134454,True,4
-0.71542361764775431,0.68168821109504762,-0.15319996790415449,-0.69579150470434092,-0.71507208779260223,0.067424707942996487,-0.063586392357716071,0.15483246466411016,0.98589232606454935,-22.342076072013388,9.0093815621932531,-6.3969889323190152,,0.1000539513349482,0.2631578947368421,False,5
0.46434577232962859,-0.78018495741079741,-0.41915920119867756,0.88561401744563917,0.40453327249281357,0.22812418449180366,-0.0084152138057359688,-0.47714176475777892,0.8787860493319386,-18.396844272181134,-15.830695176858663,-2.1139560975642731,,0.1494806216515793,0.3076923076923077,False,1
0.24273492232884628,-0.90156454714979017,-0.35813562347887695,0.96752721362008753,0.19816039395392723,0.1569189254761055,-0.070504243748587103,-0.38459566506997878,0.92038868203755186,-16.048456104402323,-20.268507282675369,-0.99945294864872447,,0.2542001425765298,0.1052631578947368,False,2
0.12143173697122002,-0.9208257238558375,-0.3705864535321346,0.99004904983843645,0.085613287893821749,0.11168367763473017,-0.071114078565085434,-0.38046070916900493,0.92205880322702638,11.07274650179078,-8.8340099337403153,2.5511181902348574,0.4670892711664663,0.2352734179150321,0.2380952380952381,True,4
-0.33524645576990192,-0.90158525316369953,-0.27341149421973293,0.92670291225876156,-0.36786866251190564,0.076774732515531269,-0.16979848734558531,-0.22763277096993195,0.95882834505228398,5.4781144321171213,14.720457797031628,-1.4486500814926526,0.2058019612861588,0.168265644283379,0.6101694915254238,True,5
-0.34261329858007894,0.9321676330944263,-0.11695995659717562,-0.93858530426920395,-0.33420397487545916,0.085821499563512565,0.040911541720696575,0.13918048350461676,0.98942156776849022,-23.065753295889586,18.397787465329777,-7.6140423463995432,0.8688087725879472,0.8240647008517085,0.9009009009009009,True,3
-0.72757120846650214,-0.56569159826127646,-0.38811486993826505,0.64946140578612543,-0.75020896037681817,-0.12404192099707351,-0.22099778054293628,-0.34231495939695195,0.91322530055192819,-19.634959234833989,15.414841009483151,-6.5724328982298541,,0.4762512732784955,0.1875,False,1
-0.96536648433260031,-0.17594096366977491,-0.19264560267565711,0.18532366726392255,-0.9821669385610925,-0.031674013787065594,-0.18363738529822057,-0.066278820904443134,0.98075706911566551,-21.853053326816866,14.757758488459359,-6.9112350089956651,,0.4746446505052096,0.3888888888888889,False,2
0.44064519740793351,0.88462288417362678,-0.1525587191793969,-0.87246819924445329,0.46203433484232581,0.1591336379712065,0.21126062413158025,0.062981157683423716,0.97539854545123827,-6.4867172463115894,-10.025242646260587,-0.83470972674264576,0.4021357570522497,0.3754954132554199,0.803030303030303,True,4
-0.92906348533481808,0.34480954974013572,-0.13396796119044863,-0.33907470287402824,-0.93856458555063638,-0.064225108960998062,-0.14788301487463001,-0.014244056942022597,0.98890228068976704,-17.339276873400888,-8.0192901440653319,-3.1811939709843755,,0.08481218826152853,0.3333333333333333,False,1
-0.98879513504028171,-0.020371310889881172,-0.14788235396184873,0.019336267894567851,-0.99977746741359885,0.0084335280848854832,-0.14802124734165434,0.0054795387284747796,0.98896900102619123,0.20044045175211891,2.4641655896595975,-1.3041834647553479,0.6233032005400291,0.2564556024979113,0.2456140350877193,True,5
-0.92547360011263047,-0.32891229561056334,-0.18792370071589751,0.3194051493294372,-0.94426053849935188,0.079701857034549489,-0.20366385559644287,0.013738166875724961,0.97894448090506503,4.5164201186025572,4.4873867859960752,-0.63272494789439326,0.1366719952476307,0.2176507566670469,0.8095238095238095,True,5
0.61523210453264365,0.76832986727311825,-0.17651819342041666,-0.75931724160821545,0.63773384483517159,0.12935559418997367,0.21195939268837855,0.054449593275088096,0.97576045095266717,-11.667198098461265,-1.8031568345770581,-3.1265239184796445,0.8055439776703552,0.5595214999604615,0.7956730769230769,True,3
0.97220301685406019,0.14635970103489121,-0.18275702977681269,-0.10087189706359501,0.96621385802763127,0.23718271635630039,0.2112963662788763,-0.21215470409194095,0.95411960839771315,-13.922018007356911,-0.30596516314389877,-3.7195971362413762,,0.09490971668095695,0.2363636363636364,False,2
-0.28711017233235964,0.95709300413746901,-0.039252138469078018,-0.95681006879343822,-0.28459129061158622,0.059348880052835978,0.045631581155783564,0.054596508488590573,0.997465277622272,12.579865433925892,10.545031695963113,0.45704010972242337,0.2705995606805968,0.2934179659039279,0.1,True,5
0.65769134298380649,0.74694201734342902,-0.097569052937329481,-0.72175766270015529,0.66193568966138672,0.20225483699065155,0.21565707430494299,-0.062600043765437763,0.97446049731264084,8.4888236984477476,-4.5468554362377915,1.4226883992485413,,0.182038026565432,0.2307692307692308,False,4
-0.90219229312115068,-0.3354076628358823,-0.2712024445755804,0.36870448020152841,-0.92598041370521056,-0.081346663813874578,-0.2238438574366525,-0.17338388952061812,0.95907870080748936,-23.780142184059901,2.9323778051135019,-5.8862909508736712,,0.4534649394766698,0.2352941176470588,False,1
0.30210992366621131,-0.91561382721881723,-0.26529401317803375,0.95068548789803276,0.26889598260430669,0.15457054583375396,-0.070190434693597814,-0.29890846415746597,0.95169692283444396,-16.227851784528301,8.1098774332582586,-5.1660116518558716,,0.09348213275819502,0.2666666666666667,False,5
-0.74785368098811011,0.66165737138158487,-0.054077673109577326,-0.65840022850516289,-0.749663375601758,-0.067186028203247469,-0.084994181782543865,-0.014640566170396399,0.99627387945550738,-11.749410951004842,-15.842845876152218,-0.80570528530196239,,0.2355556333828477,0.1764705882352941,False,2
-0.94763148767735739,-0.23049811279825633,-0.22105470716282055,0.23383364458468806,-0.97221060177823559,0.01133015667334035,-0.21752330960759098,-0.040953214604508181,0.9751955926843171,-7.5289032573723897,6.6623811210777868,-3.3944712924570428,,0.07061451041909783,0.2391304347826087,False,5
-0.54861702651347755,0.83579624011702269,-0.021540734104448317,-0.83595244266955182,-0.54879423921703052,-0.0028976882183211067,-0.01424330770293121,0.016417308197410302,0.99976377218682566,-2.1546652766549643,-13.528093562826585,0.59782082333237796,,0.7923028288225034,0.7317073170731707,False,1
0.94048223547369614,-0.23561929392339431,-0.24490143545810583,0.30276750377034112,0.90822162058504807,0.28890366311721627,0.1543535014798047,-0.34585695920844312,0.92550416549468528,-20.583107746313644,-11.175069845771461,-3.2861522120236768,,0.278807929572751,0.2857142857142857,False,1
-0.46807476386840902,-0.78411143023714502,-0.4075233495163112,0.8558473686896354,-0.5170911547135072,0.011917181885035474,-0.22007111790637679,-0.34319965426630639,0.91311702446889398,-7.2175741460911933,20.66796455303848,-4.6536759279929498,,0.25505649436514,0.3538461538461539,False,5
-0.042954582747934046,0.99906790788081445,-0.0042684029336938489,-0.99746521496741514,-0.042642307819158405,0.056962957383423725,0.056727848107966355,0.0067044035163177362,0.99836716804116254,-11.821471057008454,-4.4727195364109411,-2.76717944141858,,0.5187139703573967,0.5182481751824818,False,4
0.24204736105322217,-0.91200657680207253,-0.33114510245047646,0.96210134431838878,0.18142149532888466,0.20358596290849995,-0.12559489745973262,-0.3678725933015356,0.92135534775117178,1.1775610703264354,-7.4231249051561274,0.34685075959189521,,0.3158630841851642,0.1951219512195122,False,5
-0.94432543740387453,0.29988705910742774,-0.13534112476213683,-0.28956802327719555,-0.95283550586920152,-0.090856252675980104,-0.15620444349415835,-0.046607408583637502,0.98662450876602426,0.40691337554487894,11.332813512774282,-2.1366961075727322,,0.08356545123275458,0.3333333333333333,False,5
0.57518010298454758,-0.78354529913061988,-0.2349991773198207,0.8176479588681852,0.55942191221777648,0.13601080651660272,0.024893061068810091,-0.2703773073704851,0.96243256759614615,-20.676332787992866,11.026311872362594,-6.334826789105195,0.1783637161676402,0.122595005709155,0.72,True,3
0.95384443245513673,-0.18327927778920799,-0.23788548717272451,0.25231660067817058,0.9186815367665645,0.30390881367021294,0.16284081704704975,-0.34990418736747053,0.92252367339063945,7.2442627401972519,-6.640567116728711,1.4403442917567901,,0.1107916278684842,0.2222222222222222,False,1
0.047560810215261609,0.99886830681038119,0.00027382737153247572,-0.98468014623396649,0.046839200678887291,0.16796159945778322,0.16775869260435289,-0.0082580221315068925,0.98579350075264394,-18.665496559195514,-4.3910734187706106,-3.9923238996282615,,0.3094229826935097,0.3529411764705883,False,2
-0.98327324119799109,0.018179589347096889,-0.18122702799297744,-0.018264632107290808,-0.99983246792281844,-0.0011997088608380474,-0.18121847686696252,0.0021304033740992484,0.98344055490074289,17.471020205947326,-6.0393755759623744,3.5194078839039018,0.5898350708058725,0.5472100154156697,0.4117647058823529,True,5
-0.7998739731180754,-0.50175057266787249,-0.32931442415382595,0.54232315668637332,-0.83928760630713917,-0.038495553262159463,-0.25707434887602337,-0.20938642918464004,0.94343526668408673,-3.413472414530232,12.683650513604505,-3.0545541343270011,,0.2065283321802996,0.125,False,5
0.93103566857593067,0.31690748432295762,-0.18094814234875323,-0.28708848680991689,0.94216662737935009,0.17292266188621386,0.2252837867680727,-0.10904903774319172,0.96817122596507788,-9.0518327236059157,-11.359654457170361,-1.0322929520747928,,0.1001752226955761,0.125,False,4
-0.31263330691409191,-0.91874652981173577,-0.24117468641391976,0.93443330701913485,-0.34306685720517005,0.095600869350914913,-0.17057200866860406,-0.19547364386602328,0.96576148422501118,-3.7970072695968033,4.4386008895634221,-2.3486230137265269,,0.07802521004510705,0.3693379790940767,False,5
0.60947396460785208,-0.75462801736755347,-0.24305974958660528,0.79217006884705887,0.59193687559388108,0.14858437782957204,0.031750094299604847,-0.28310296839855015,0.9585638428377613,-1.8500825108268111,4.2234379771636679,-1.896939130940128,0.4744967209174757,0.3971689279345187,0.859073359073359,True,5
0.95634509702985804,0.21689843799134637,-0.1958548518262081,-0.18132046186463185,0.96598174471480969,0.1843967434282113,0.229187577098211,-0.14083442929428541,0.96314003033266415,6.6122974713907769,2.4827498765739699,0.10013823698610809,,0.1198124626310844,0.3333333333333333,False,5
0.42180945078638249,0.90604016022357181,-0.034176238665723946,-0.87935236386661209,0.41798852824680044,0.22808991739284945,0.22094390100089575,-0.066157526526615246,0.97304006818547206,11.549669347011157,14.878697956344661,-0.16963593912561836,,0.4740218802144011,0.9493670886075949,False,5
0.55619382054852773,0.8201830434421381,-0.13397092682229492,-0.8036560890469332,0.57187429371668885,0.16461070051435578,0.21162543448607668,0.016111096673749381,0.97721804529109524,-0.61092553449283116,20.989326876066528,-3.2813839370185311,,0.32132868562663,0.717948717948718,False,4
0.14506038628979889,-0.9328745723443822,-0.32970064695529389,0.9857763811420549,0.10768358379781727,0.12903167116228256,-0.084867017809790404,-0.3437284946782031,0.93522634224786894,-14.471974979811655,-22.032559872578762,-0.43585839480250532,,0.3040253461154127,0.4444444444444444,False,4
0.70428346040573009,0.69989450045485346,-0.11888017341837248,-0.6751750691073698,0.71210258668155357,0.1924799524555732,0.21937053916784202,-0.055295517670895675,0.97407339162442919,-1.065869619385293,-11.396222904665681,0.53604860787167297,0.4398683228628416,0.351639740269626,0.4107142857142857,True,5
