axis_00,axis_01,axis_02,axis_10,axis_11,axis_12,axis_20,axis_21,axis_22,location_x,location_y,location_z,dbh,dbh_approximation,score,reconstructed,number_clusters
0.7889797679083983,-0.57347747543113281,-0.22053233550739643,0.60954523719239972,0.77568444921879542,0.16361002125847124,0.077236841256447253,-0.26350943135544636,0.96155980050096601,19.049983050302423,0.53552344673537822,0.5842022997121421,,0.3449618305739101,0.5454545454545454,False,5
-0.85083245733204937,-0.48089798482953183,-0.21171031561358095,0.51291629736651856,-0.84759057327403364,-0.13604077327336989,-0.11402193405712685,-0.22433757662034837,0.96781798406000985,-22.278660878058417,7.208489555963089,-7.7702074613795808,,0.5617230647600023,0.7402597402597403,False,3
0.69877902373007827,0.70837492893416287,-0.099563226405930974,-0.6976681021826322,0.70562908467951324,0.12388225882360011,0.15800979460692746,-0.017104236664426592,0.98728939521115311,-4.0358534046098793,14.232067505017703,-4.9436532905766946,,0.08044806061669145,0.4,False,3
-0.44222591670183953,-0.87407391022525682,-0.20107470766048402,0.88599391005852357,-0.46058804037556383,0.053604555797138742,-0.13946694926192463,-0.15444564262720206,0.97810812977760486,-16.901869494430613,10.853260103167035,-7.1584320615511281,,0.08723947518562472,0.303030303030303,False,4
0.95977493209233911,0.2593038806606246,-0.10767347492064545,-0.22617804486792814,0.94126940887049448,0.25070977632376379,0.16635976600989702,-0.21627158250433826,0.96205562773376141,7.2603682583813098,-32.464399835053378,1.4508686595991096,,0.221610115457177,0.5217391304347826,False,5
0.78969766569809774,-0.57852956722935156,-0.20415958618785096,0.60978726244194692,0.7767233817546807,0.15767143938941047,0.067357934607079242,-0.24900668279584692,0.96615660250731439,-2.7351132876337183,13.306886172879812,-4.5914153708019034,,0.0721575887713128,0.1739130434782609,False,1
0.94309218869438138,0.31951404781429293,-0.092129782768488794,-0.28419136654636251,0.91830114047043643,0.27560530218268464,0.17266265028706757,-0.23373871878664781,0.95684576632591323,-8.6169278640369384,-29.839095439099388,-1.4998312222045413,,0.2501122298442287,0.2558139534883721,False,4
0.98006053493899536,0.18195689814353591,-0.079831291315320588,-0.16413890855959576,0.96780602234850466,0.19081384070037766,0.11198109908352069,-0.17390569376517667,0.97837469464622695,8.6374757576393542,6.7446973397615322,-1.8441332281280458,,0.2161512033123012,0.2105263157894737,False,3
0.83609743662071123,0.54690319946667743,0.042871516061226356,-0.5228593000717292,0.7708081561661756,0.36396832103385407,0.16600972503072708,-0.32672875110833621,0.93042414757701208,-17.865067617122584,17.101563129077313,-8.0918392691736152,,0.08295573872788753,0.5,False,1
-0.95324734987315796,-0.23892828351045259,-0.18502098610306297,0.25570928444262658,-0.96402876806493376,-0.072534792982721266,-0.16103493971694741,-0.11645518314766051,0.9800540487689462,21.765657809220389,-2.505812529343256,1.3401008386120528,,0.1597544220515913,0.4838709677419355,False,3
0.72600557429037005,-0.66181461655720708,-0.18686176551276681,0.68573629251168977,0.71716743557521456,0.12424414063767268,0.051784584884246969,-0.21833983297078033,0.97449785741511974,-10.107393855642853,13.833587398342885,-6.1052614515052994,,0.0811369936610205,0.5714285714285714,False,1
-0.065442179917590299,0.99785322680483679,0.0025017679367496104,-0.99696253644912014,-0.065489448441004558,0.042152497670133064,0.042225845220330779,0.00026438242867571349,0.99910805626686872,3.6876006171077975,9.4725128814959358,-2.9814492246885034,,0.1195477354017036,0.2380952380952381,False,5
0.42795646218484668,0.89929100377792626,-0.090160728692266157,-0.89356343105377622,0.43597023996574374,0.10711836699472208,0.13563797830118945,0.034722332702490658,0.99014983636521603,2.2752938013379254,7.1433689741086335,-3.0389207793578059,,0.07899368293521863,0.2941176470588235,False,4
-0.98864806716016651,0.045528943425370914,-0.1431855949844012,-0.048276658079074726,-0.99870945872881844,0.015772803501833306,-0.14228268898634058,0.022506273706695404,0.98957016126127018,-20.139241277762562,10.460302435720857,-7.7577506101510965,,0.303765688266788,0.6111111111111112,False,1
-0.98701159683270456,-0.071293110471723986,-0.14396319014602924,0.082949633017252417,-0.99360130693577831,-0.076653775104801744,-0.13757712782311721,-0.087599858760051399,0.98660974992403216,-13.306881553659526,6.4231802002147704,-5.9255882075799766,,0.1083693354155649,0.2727272727272727,False,5
0.98948842048185326,0.034608445611562212,-0.14040983307688415,0.0011649994018904733,0.96900176268913529,0.24705106087961287,0.14460742895411879,-0.2446177413796885,0.95877570478896623,-12.210218808462393,16.007469953313166,-6.8812021151068787,,0.4370717630261166,0.3636363636363636,False,2
0.95991404186057461,0.24679310019971945,-0.13288415230081863,-0.22860007280385164,0.96364074349444939,0.13834205503583952,0.16219444797208546,-0.10241915431830545,0.98142920166242975,5.5553634246296859,9.2565123642414981,-2.6226329931934149,,0.165875929735759,0.5384615384615384,False,5
-0.84287884060444818,-0.50566256531038078,-0.18401258137700016,0.51616266266390631,-0.85642145013381132,-0.010881425568703959,-0.15208999221845157,-0.10415214733468384,0.98286365507763418,-5.3808480067557802,13.597998878787072,-5.1626807645626469,0.1655154797109907,0.1725832920206509,0.75,True,4
0.4378202860873539,-0.81648391419068844,-0.37638732040046363,0.89902588081472901,0.39381145386924499,0.19148108111950174,-0.00811558474105957,-0.42221624396657814,0.90645881352385027,-5.116675880978625,18.249932552897739,-5.6409824805744249,,0.4907737572718955,0.1428571428571428,False,1
-0.96192971632986968,-0.21073307514160508,-0.17401951581044078,0.22142887136489328,-0.97416974010327206,-0.044300929935997296,-0.16018887529290871,-0.081147325947854412,0.98374520874254157,9.2538578199834376,0.073332153971435388,-1.0501227629386669,,0.135187553522076,0.4166666666666667,False,1
-0.75988134637585703,0.64329756914103786,-0.093533827930050106,-0.64737321819964533,-0.76193696161754731,0.018973214773894763,-0.059061457718643448,0.074968687185073796,0.99543530184231321,5.6171670454086557,-33.503577168249834,1.2578601288485749,,0.1928117144187643,0.3225806451612903,True,5
-0.95177618423126042,0.28271114249362483,-0.11914908744985625,-0.28321672568139622,-0.95896749059286235,-0.013024526108056586,-0.1179422800546647,0.021348580654928069,0.99279094308899152,-6.0901536723016676,10.178950235246596,-4.8678044314757241,,0.5870250786054452,0.4918032786885246,False,4
-0.37014853078918508,-0.91116674517831231,-0.18101167817510821,0.92008532943777277,-0.38646864425893968,0.063913797869031619,-0.1281914650356796,-0.14288859116744945,0.98140195577866496,10.391909319489613,0.84755942995500622,-0.91387203198379818,,0.348255648116331,0.7931034482758621,True,3
-0.012560175007379762,0.99635641615999193,-0.084357180966424278,-0.99680149245248639,-0.0058174796922261848,0.079705342195663054,0.078924182911710938,0.085088476933416715,0.99324263120592615,-12.627815787415573,-30.742182536722382,-2.1464206243632304,,0.3333867869284375,0.1111111111111111,False,1
-0.46757687232896539,0.87748377283899615,-0.10674313498911045,-0.88394889605123184,-0.46381272415471941,0.059263024576766944,0.002493518171357359,0.12206549601103112,0.99251891521054147,-14.872083808944241,16.793629759463283,-7.4352377404922168,,0.08854945567655358,0.6666666666666666,False,1
0.92753638567192542,0.36144760074079413,-0.09503623084584692,-0.33565181018511386,0.91747409656298884,0.21349272693790783,0.1643597139633613,-0.1661231893946514,0.97231114894936344,-4.3008315819987191,9.9552973790662875,-4.5208857297743261,,0.2550141722753365,0.1428571428571428,False,1
-0.27749176931572167,0.95630256070279285,-0.092107167773800416,-0.95982928716418592,-0.27180924313761212,0.06962380948245217,0.041545847733806679,0.10772719126682531,0.99331203294727066,11.411056197269936,2.6140077802995414,-0.92557114016778741,,0.2680245224929316,0.5409836065573771,True,5
-0.60156904779492726,-0.7504639802318448,-0.27371243141239354,0.78547502571370065,-0.61808244368556842,-0.031671387524702013,-0.14540861293323742,-0.23404680553738816,0.96128998127650234,6.7360187736613231,3.8175440004810555,-1.88336794209945,,0.1024207313732221,0.3076923076923077,False,5
-0.96737707968869169,-0.20927008840110231,-0.14278520859519894,0.20842939961254819,-0.97781215961780588,0.020989661281606495,-0.14400962144986126,-0.0094557180667944329,0.98953111033747188,1.1124596745594764,13.649957118731979,-3.86167979092497,,0.2137097395975455,0.6981132075471698,False,5
-0.37836715708950297,-0.85515565866140764,-0.35432625346618452,0.916450194542754,-0.39992340493123768,-0.013427997272667885,-0.13022033389051327,-0.32980307707415463,0.93502545152196992,-24.261138275477087,5.0093449441395252,-7.9359277659828047,,0.3902344584142042,0.3333333333333333,False,1
-0.91906669581762324,0.36992495943485432,-0.13591148967618311,-0.37982259422246417,-0.92341763638545704,0.055087800195825085,-0.10512471430161134,0.10225161709928579,0.98918825369268681,-11.520752789055303,11.616024122561136,-6.0840039896868738,,0.06892799752236932,0.45,False,1
-0.7688467096661703,0.63625744217755376,-0.063649071550025929,-0.637132678029809,-0.77071187034983712,-0.0080723905021621162,-0.054191213513515135,0.034346472534051098,0.99793969367011337,-16.813118584755838,6.9592814053650924,-6.6279751174712453,0.2389889427746839,0.2096340467571753,0.2777777777777778,True,5
0.61383919686764821,0.7884209824746361,-0.039922359431920643,-0.77579533668723533,0.61182327033384365,0.15431746969264759,0.14609255957515785,-0.063754531381946686,0.98721442643685497,-5.9913208131360252,14.356338982623035,-5.3619543979229238,,0.2392138839838508,0.4528301886792453,True,4
-0.98921090398520373,-0.003815087244755825,-0.14644873692214411,0.0024611551575214707,-0.99995255328694665,0.0094251732189407841,-0.14647774626907351,0.0089630510559371209,0.98917335870094159,-3.1323085302398797,12.149854154496818,-4.5195565811892404,,0.06471839473248206,0.2105263157894737,False,1
-0.97380802426898039,0.18547904707541191,-0.13151218561541642,-0.18892710709362631,-0.98188938861416386,0.014134239708553827,-0.12650881421695551,0.038610252821011569,0.99121378536747518,-8.4993130157710652,11.224059735730998,-5.4707760823070073,0.1820251483526327,0.1296373379618393,0.3571428571428572,True,5
-0.91053450627271137,-0.36526867483516312,-0.19366390492519459,0.38258188080427175,-0.92198395860663218,-0.05980538899055246,-0.15670997851756863,-0.12854717132714072,0.9792433851585699,-9.0398517102445606,13.465311085864071,-5.8635665272877997,0.6421971863179832,0.3511277996963018,0.3766233766233766,True,5
-0.98547332493035378,-0.07594251215175242,-0.15190477510201861,0.080101078111624813,-0.99655619036704091,-0.021437740703864533,-0.1497536080903204,-0.033294057866407718,0.98816261949879458,9.8479635748908549,3.6601162963731184,-1.2812640476401158,,0.215136095782591,0.4347826086956522,True,5
0.52782948446919298,0.84827440364662876,-0.042738407117516905,-0.83517867587701811,0.527518637182957,0.15556563497426693,0.15450765251370829,-0.046417922644089282,0.98690058353012977,-14.108550442998997,-27.490930800252322,-2.7234695364707906,,0.1320001888798262,0.4285714285714285,False,5
-0.055641019880705682,0.99840816397521481,0.009231197878684344,-0.99754677765924349,-0.055981616940751891,0.042029572283794815,0.042479445480075935,-0.0068699834307962004,0.99907372102331149,-19.925898542454952,-27.632079866335971,-3.7419710001509454,,0.4092040384040205,0.4042553191489361,False,5
-0.9270743344733805,0.37441660830960904,-0.018584450023292468,-0.37396892793575737,-0.92713967652888618,-0.023648702807835986,-0.026084848079294481,-0.014974098565246945,0.99954757619276879,-27.733402749533006,-25.293485895120888,-5.4329648526793619,,0.368820179198092,0.2,False,2
0.83560309705858504,0.54475711981242081,-0.070761180033811932,-0.53443340172799447,0.83596338819933991,0.12468421194250942,0.12707636799793171,-0.066369375497712713,0.98966999686385293,20.026358038691523,-1.892756350542556,0.98046864163727321,,0.3364457045862501,0.4,False,3
0.57897581821514632,0.81286563256062561,-0.063533182856809964,-0.79999321583177407,0.58139708670557355,0.14828446376275883,0.15747335185750988,-0.035027003469989923,0.98690184541456538,-1.9660926057341366,18.33382228411077,-5.0761366946323552,,0.1369943546968923,0.3684210526315789,False,3
-0.71927594749284707,-0.65633278012634599,-0.22774853037920909,0.67574268166729212,-0.73706945208505914,-0.010022523441135189,-0.16128837382577926,-0.16110836270862322,0.97366840142524036,3.1370780714240181,1.4440645526190381,-2.3073518935975343,,0.08958065654255154,0.2808988764044944,False,4
-0.38406475076885449,-0.87032624920611468,-0.30826366500071756,0.91391011756818819,-0.40585252554909507,0.0072128019466928053,-0.13138707784009304,-0.27895509934080448,0.95127361380856346,-15.038667600332202,9.4348907949934215,-6.5497417812472243,,0.09917441104778672,0.2424242424242424,False,2
0.080030898617418508,0.99670925278992262,-0.012873254034739989,-0.99240799966939375,0.080882202293511618,0.092652207444531481,0.093388529588389474,0.0053604808651789293,0.99561531114492863,-2.4866412294069642,-27.71740774997399,-0.58744595134338662,,0.1251666692974992,0.2962962962962963,False,5
0.65082763315217695,-0.68364834866697044,-0.33022466184471799,0.75809277673335362,0.60891705095090598,0.23348526061823277,0.04145761438201382,-0.40229959038777885,0.91456891800649776,-5.9067756555676842,11.233952068927373,-4.9659526573280086,,0.4550831502639079,0.3125,False,3
-0.63785135904341639,-0.71903399929347978,-0.2759270766461549,0.75558666204456904,-0.65360666299183878,-0.04344106620493432,-0.14911217222887974,-0.23619576192789621,0.96019639769189269,16.588167862136824,2.5918595754893072,-0.025130960883283225,,0.2649967085652636,0.5151515151515151,False,6
0.99585204486623347,0.064772315769587141,-0.063900327429406462,-0.045665423436600877,0.96324411171379898,0.26471768046552796,0.078697991321865474,-0.26070160789404095,0.96220647358213307,1.9190836999262142,7.9277906329132541,-3.1692508757549187,0.4026918489822282,0.3493365986848701,0.7712418300653595,True,4
-0.40539709925597422,0.91271366384372243,-0.051058395468439668,-0.91413942446508767,-0.40485644957673272,0.020984944001882694,-0.0015180755849235061,0.055181727674042516,0.99847517364100125,-14.186147462265533,-30.588363640437962,-2.4003406046356548,,0.3217314872371164,0.3333333333333333,True,5
0.83791341022172106,-0.50125800148763688,-0.21596650878139872,0.53988579455871388,0.81929250117012742,0.19308839001893158,0.08015264065713737,-0.27838860154650158,0.95711824803661061,-2.2568337816231741,9.2798241390016347,-4.1002832454426121,,0.5769419893760106,0.6063829787234043,False,1
0.83761705984579105,-0.45788037124066744,-0.29789801390375548,0.54035762524151643,0.77445435452710742,0.32898949770068847,0.080070580731268257,-0.43653867914139177,0.89611532947207595,-15.693936017413234,8.9909452153613465,-6.6593634650208298,,0.4378134021400213,0.2727272727272727,False,1
-0.20262864764539013,0.97743080775559577,0.059754892717201386,-0.97626181277834045,-0.20640060638371502,0.065663251481962906,0.076514731027098021,-0.04503116403868096,0.99605104798959587,-7.347150981435032,11.126078505656894,-5.2412276598933909,,0.1950213790142479,0.2459016393442623,False,3
-0.97332700333502975,0.19119103993812347,-0.12680903290472118,-0.19003935028774957,-0.98154684399367509,-0.021232955241017482,-0.12852855683100883,0.0034320975271447257,0.99169986930799936,-3.1887572123185133,9.777553761137078,-4.3496731804726227,,0.06049984427642331,0.25,False,1
-0.41555444070855907,0.90717212092797961,0.065979162001574526,-0.90924839277443192,-0.41623766760532716,-0.0036829748290750919,0.024121920415072995,-0.061521923551775534,0.99781420408710375,-19.370628222768147,6.3587165023252226,-7.0349279390623343,0.5612590748217534,0.3810544973745255,0.3898305084745763,True,4
0.41798204519174964,0.90840017839980602,-0.010006287049798446,-0.9045839381697216,0.41719136412142449,0.087631412791662172,0.08377892755746888,-0.027576830595738067,0.99610271042278309,-7.2471360079748761,12.985722755954724,-5.4375542153322627,,0.5418249089372696,0.1538461538461539,False,3
-0.11011582580876433,0.99389725575848775,-0.006538340936488557,-0.99281780758911264,-0.10968192890100251,0.047777352443431259,0.04676864163520595,0.011752423933099554,0.99883661060820905,9.7667062174002979,5.9171151442648711,-1.5037012153057625,,0.4296643020272005,0.3235294117647059,False,4
-0.19969672155373525,-0.94310830555902947,-0.26583442851945871,0.96972926368788137,-0.22912743163299271,0.084414306966465638,-0.14052179385437111,-0.24093016427762942,0.9603157196428187,-4.1402999284483899,12.038524057856785,-4.7086028874327663,,0.2214836848840398,0.1176470588235294,False,2
-0.6197905875086096,-0.75480639242638137,-0.21477182680231777,0.77611386734977195,-0.63008459292243235,-0.025311473073570359,-0.1162191573842863,-0.1823752058642987,0.97633620835388546,-18.389013536777721,6.799480654214145,-6.88142192353284,,0.08975677746706867,0.15,False,2
-0.36945629881567987,0.92756897981975051,-0.055837540611729852,-0.92901851210009934,-0.36736191770820553,0.044382717279001144,0.020655445788876625,0.068271583355720603,0.99745292794465534,-18.418662634765639,-28.524599620722643,-3.3976890777335078,,0.2504222920765529,0.1111111111111111,False,1
0.61619456936011852,0.78612290309494992,-0.048114799393393679,-0.77342139439697477,0.6155133162320775,0.15153449848146916,0.14874003959975868,-0.056161719797021142,0.98728023471013704,-7.2068332427101733,14.229360773673207,-5.5967117962013164,,0.08631502576399461,0.2173913043478261,False,2
0.13120507851527283,-0.94660513923089307,-0.29448928291783816,0.98888479057609424,0.10401181704267461,0.10624694293369458,-0.069943536792728106,-0.30515611135473353,0.94973030348819631,-8.6382189398137861,14.493838294245087,-5.8707536210040407,0.6447555199894922,0.4296175100231994,0.3157894736842105,True,4
0.58422369445190481,0.80383557292829866,0.11194215709911035,-0.79741910121629345,0.54286971136199458,0.26346774660505312,0.1510147405267675,-0.24318891459270803,0.95815118846811131,0.33086421112727815,9.29432611060294,-3.5933397819874324,,0.5073626968687884,0.2054794520547945,False,1
-0.89732860997800024,0.43806406140393378,-0.053863195423606847,-0.43038832686299533,-0.89552103248817372,-0.11317229551170119,-0.097812339789122626,-0.078370648061673542,0.99211430173512349,5.8893118475864341,12.162986392984873,-2.8607573349213427,,0.3741580778837738,0.1333333333333333,False,1
-0.85387727921908785,0.51977178698727056,-0.027034819871209564,-0.51310779789458838,-0.84936371388150178,-0.12369991625377107,-0.087258121531326227,-0.091752771039805697,0.99195133410532921,3.5043736286735991,6.3090011289257992,-2.6865683441228478,,0.5068298362079372,0.3454545454545455,False,3
0.48626986626679669,-0.84123952485313325,-0.23634229199563003,0.87378277760783007,0.47021417054254427,0.12410596833727786,0.0067286489593593665,-0.26686081699242165,0.96371159048613708,-14.974876591023129,11.406269175201521,-6.7847361980914416,,0.5173192976188546,0.6190476190476191,False,2
0.042197692642257194,-0.97104263857685336,-0.23515005592466467,0.99373628185646312,0.016415629776102787,0.1105383608578781,-0.10347732533150512,-0.23834160602957519,0.96565300288327238,-7.7754422833288794,8.7973055520562742,-5.03296148746964,,0.1100100439344157,0.3636363636363636,False,2
0.63275319759102489,-0.7567621377700815,-0.16411720743416575,0.77386407515920053,0.62552213989191219,0.099279633777717397,0.027527878892648003,-0.189823916677268,0.9814321660415315,20.170067787597539,1.5891647505632145,0.6279274243692452,,0.1441784546154531,0.5833333333333334,False,2
0.89348934572989502,-0.36903781527124196,-0.25590599830209759,0.43174787065109654,0.86268812804176165,0.26336850594565375,0.12357412858445957,-0.34580382391701592,0.93013394202607258,17.862220130932386,5.1235258320649208,-0.047476581575783244,,0.2542478263773115,0.2592592592592592,False,2
0.65353812112687837,-0.73102554344221471,-0.19618761191514,0.75621486794153325,0.64161092942070319,0.12835298497530989,0.032046805427694822,-0.23224355767796268,0.97212958610411782,5.8776675831287619,7.1518511925437229,-2.3404478394137103,,0.08594306540040349,0.25,False,4
-0.98232626607976115,-0.080269796853114195,-0.16909129688708052,0.106543679439082,-0.98253814130776262,-0.1525360457304093,-0.15389461115119388,-0.16785577317640041,0.97372526313636121,-4.1478432734927573,16.685666714626645,-5.2701449451655993,,0.5990279762628002,0.6,False,1
0.2804431912842299,-0.93766500575096634,-0.20527043979189324,0.95920315035532744,0.26579114479194238,0.096355506841093938,-0.035790121692058814,-0.22391829835953331,0.9739505443548141,7.5990855226467167,2.2489999001528727,-1.5552123043437973,,0.07775055469396691,0.2280701754385965,False,4
0.50971435288219258,-0.80551384865329001,-0.302222960897503,0.86032513239260433,0.47952760396591471,0.17289865126240384,0.0056519942973219106,-0.34813893298864895,0.93742591083135174,-16.378863627717081,8.3452811381689074,-6.7166293825758299,,0.2315507594376497,0.1875,False,1
-0.92143818134475253,0.37801421433240118,-0.089760412893072739,-0.37949123612835101,-0.92519509670404187,-0.00065934556761906848,-0.083295135883518098,0.033455743863478687,0.99596316876714364,-6.928329989364828,8.3227848459983012,-4.8437743313412298,0.7859699547096064,0.2869023222867005,0.3055555555555556,True,3
-0.87972444054683663,0.45647864698625662,-0.13308701495694722,-0.45924119006049752,-0.88824399457110392,-0.010960632289504349,-0.1232170363885299,0.051476703021503874,0.99104374827232655,8.3561797167754044,11.824115703069992,-2.3341015098730713,,0.1832266288490894,0.1428571428571428,False,3
-0.15517989942108951,-0.93595755828430038,-0.31607380135998381,0.98353918521981931,-0.17635792877087023,0.039351646684510785,-0.092573592091883469,-0.30476438448437282,0.94791813992404761,-10.611130043181715,-29.63631667586403,-1.869649283157488,,0.2559849893020604,0.125,False,3
-0.96330259232159843,-0.21564383533601517,-0.15983069763991853,0.21367062370454379,-0.97645603124203584,0.029639224294252364,-0.16245916469131749,-0.0055995832547991418,0.98669937897779847,-12.49879425560294,8.0883124140048945,-5.9148284967989353,0.199385045262696,0.1360349120364306,0.5046728971962616,True,4
0.073699023355487461,0.99299802617824862,0.092322120656693679,-0.99261631222537261,0.064096495072412579,0.10297813371552936,0.096339559167293976,-0.099229830824878545,0.99038988787947391,-20.156505690597552,7.1665367309755394,-7.3673210157127951,,0.2565231789705225,0.4166666666666667,False,3
0.81658148665796171,0.57613839605600092,0.035485549699730612,-0.55297654099467253,0.76315858587105068,0.33437391931917398,0.16556455163180417,-0.29266622866555192,0.94177218999163625,-0.32331206483242275,10.299126186329687,-3.7890285516573017,,0.2898062745307216,0.2857142857142857,False,1
0.97895546255482424,0.17207856127408155,-0.10970492734564186,-0.132188857984676,0.94425141944684987,0.30152174498254103,0.15547446143588201,-0.28067459026860891,0.94712695359110699,11.225400961130648,14.394071901164406,-2.0304348396686049,,0.2117260660225189,0.375,False,1
-0.48169295033267862,-0.83348992785981513,-0.27067774521752147,0.86487034795416307,-0.50195268110709046,0.0065411894216700767,-0.1413194354271419,-0.23095031085851669,0.96264779181428028,6.1122851355642798,-37.187703577143516,1.7753914054500242,,0.1370325379787385,0.5,False,1
-0.63010025090541488,-0.73516624003187436,-0.25000854650657739,0.76091920173169958,-0.64876946400634961,-0.010007547597112906,-0.15484069957516911,-0.19654206188577591,0.96819191055532028,-12.699805107655546,12.198862077896459,-6.3702729560059277,,0.9457493591959676,0.85,False,1
0.89169037823136021,0.43696918413988328,-0.11809403660532337,-0.42111430524421356,0.89651460514358627,0.13756563772586639,0.16598497307978816,-0.072934867356880567,0.98342742174261999,-19.118860136127712,-35.669830992639945,-2.8804125575337074,,0.1605688412617329,0.25,False,1
0.87967670513684315,0.4679726326816685,-0.084678861001887262,-0.4455885485071685,0.87326765876626455,0.19711530024877022,0.16619187669336644,-0.13566580709182643,0.9767164629037749,-0.60115268708744463,-32.284273069807163,0.094269941816482364,,0.08246671450397561,0.3333333333333333,False,1
0.8813714440175755,-0.43020522406310757,-0.19521230201804785,0.46322137749997216,0.86813443695591885,0.17823735522684034,0.092791880557528128,-0.24751982659989444,0.96442915879941971,-13.918863693152316,10.945342270533683,-6.472734502470697,,0.8831071931823562,0.6140350877192983,False,1
0.99466696127414922,-0.012725756234283701,-0.10235082451018913,0.033549803296454427,0.97831107418893293,0.20440609780059227,0.097529722897274573,-0.20674984219476844,0.97352064996281362,25.739028116224365,-1.5007601722710562,1.9130256912600083,,0.2904817897412281,0.4814814814814815,False,3
-0.1102140489476769,-0.90222288473843548,-0.41694931306912675,0.9890218020899586,-0.14110086273687375,0.043891018735526172,-0.098431389329275754,-0.407534554104517,0.90786940074304867,11.883484194489059,3.9597718287480252,-0.92412182570276713,,0.3327427472250462,0.125,False,2
-0.60581875317463485,0.79363434438344216,0.055930007303727325,-0.79520537314460449,-0.60179673702675973,-0.074088472962365426,-0.02514066076859129,-0.089360028642613776,0.99568204385592385,-14.103922439244865,4.5285070230715778,-5.8298305388556653,,0.7228089494040932,0.3010752688172043,False,1
0.13973212993371498,0.98982140221430936,0.026991176015268598,-0.98507658805391329,0.13619251428506823,0.10524122158533447,0.10049401739531227,-0.041293955625628237,0.99408035977809173,0.97966678995370093,-37.050809717854932,0.81547637820757413,,0.3181186983344326,0.25,False,1
-0.51783856635281589,0.85206628732673351,-0.076329949553877202,-0.85493564641050779,-0.51226827618971749,0.081647129197930837,0.030467354566954319,0.10753722709300506,0.9937341118703934,10.008966471854096,9.6752063815424947,-1.8620878104472434,,0.2025148224546769,0.2307692307692308,True,4
-0.92468188064114887,0.37765007740059259,-0.048413207426024646,-0.36535897947049739,-0.91589993091250943,-0.16625321853948516,-0.10712719418628311,-0.13604313872366913,0.98489391747131194,-1.839771041438812,-0.039858938796015125,-3.1094588879620204,,0.2083844415528333,0.2295081967213115,False,1
-0.98347138532621259,0.046502031920377329,-0.17499027193480088,-0.046746132300275453,-0.99890307435900538,-0.0027289468833397029,-0.17492522219366907,0.0054962772312856607,0.98456638048284573,-14.525386820591637,5.9362795612460877,-6.0818318521706161,,0.07406706376612729,0.1470588235294118,False,3
-0.98938071067858213,0.018438562408810612,-0.14417291268973073,-0.0009504301857408173,-0.99272031122746274,-0.12043869958992585,-0.14534409523474404,-0.11902269990529858,0.98219585159358491,-1.6585424414259775,-29.527004768503915,-0.32481958504878533,,0.3638770613773508,0.1052631578947368,False,2
0.9458220378869906,-0.26762342315622589,-0.18384334642691369,0.29455793643695527,0.94545522303841367,0.13910443311192067,0.13658804753456733,-0.18572055515620714,0.97306298905218236,7.690219242268812,4.7564849544503911,-1.7964600499958931,,0.07221520596255648,0.2083333333333333,False,3
-0.78914229002014835,0.61417209653103877,-0.0068616284092148094,-0.61346287937738386,-0.78868365488683534,-0.040514048678873704,-0.030294252388319273,-0.027761994831299527,0.99915540829003247,-1.5409600083381865,10.528393048028788,-4.0674354890011948,0.8040198016766765,0.6660692527696999,0.6349206349206349,True,3
0.98838125302768942,0.053006894621007834,-0.14245268613140386,-0.031454776963967694,0.98826260892583428,0.14949117969047782,0.14870472645333743,-0.1432734620288805,0.97844755577838571,-5.2699695190405551,-27.631664725633566,-1.1094248294761409,,0.0702081867713862,0.2352941176470588,False,1
-0.4175980663538052,-0.88527536625530967,-0.20469338259721809,0.89861070610231419,-0.43574171752414315,0.051263578566179246,-0.13457582938947049,-0.16253209378654443,0.97748282063343617,-11.574613901128647,8.7293465656015101,-5.8217895898136787,,0.07319009561474046,0.3333333333333333,False,1
-0.67045995823863402,-0.696638871130417,-0.25529929030216425,0.72524607823540599,-0.6879435145265359,-0.027419825401396813,-0.1565297748123789,-0.20353870406145802,0.96647318925367476,-12.453005475158657,14.593965812976551,-6.6935264625557753,,0.3867250642927993,0.35,False,3
-0.48222273216592315,-0.78983435024809634,-0.37897616778710447,0.8651628739545203,-0.49734815645887975,-0.064327387617624757,-0.13767511798864351,-0.3588962390930292,0.92316794325393037,9.900300554496603,8.0734895785842671,-1.7352025666220063,,0.7602838199305859,0.6944444444444444,False,2
0.80631309703551002,0.58813751458397479,-0.062876493922520288,-0.56215119236148603,0.79504113774640162,0.22780611540840229,0.18397072178899307,-0.14833695840852318,0.9716742871428391,8.3382155049044968,3.1188629239682588,-1.4876046486259737,,0.1755957753260421,0.186046511627907,False,3
-0.66490685308193431,-0.70621485801795925,-0.24322715933742467,0.73013348065694339,-0.68319403167240833,-0.012288836843972847,-0.15749278443299025,-0.1857592242712981,0.96989150601996188,-6.5589047696655687,1.5025607374709682,-4.0800582419576283,,0.5983739771080071,0.3317120622568093,False,1
-0.10951792340976299,-0.91714086682932372,-0.38322115657094169,0.98933695959788925,-0.1378189881825089,0.047098905188486265,-0.096011482780018392,-0.37397667960436576,0.92245500610407838,6.1928840540314258,4.9463479316386811,-2.063772260195039,,0.0755385970410749,0.3333333333333333,False,2
-0.92105941663698221,0.36538095624751765,-0.1347082322502719,-0.37476624839202954,-0.92568016308353185,0.051638113247976014,-0.10582915520076279,0.09804586929237176,0.98953888120891809,19.371539171755561,-1.5474697706683382,0.81525757716276903,,0.07980486231045193,0.2727272727272727,False,1
-0.45869371714323037,-0.86535380724136779,-0.20189814795137939,0.87766254468554961,-0.47673177676403133,0.049348461774371438,-0.13895514207618576,-0.15456261293172008,0.97816249528097687,-14.885236523862091,7.7854964493893721,-6.3347025237886081,,0.09278544550524842,0.3529411764705883,False,1
-0.30942594447799715,0.94917720263751282,0.057604017890469122,-0.95040940072839974,-0.31068244022374053,0.014085181706541321,0.031265890215758901,-0.050389079470137987,0.99824014384273696,-12.985620658716094,9.2216592976920282,-6.1603051178986563,0.7942434880011481,0.7965854417267657,0.7011494252873564,True,1
-0.97169502507131111,-0.14635586811620471,-0.18544200742986011,0.17569296680504026,-0.97246469889683984,-0.15311561257664688,-0.15792643751730479,-0.18136253545710851,0.97065280665419285,1.5165417889307236,-31.541073920526294,0.37123019451447875,,0.3227738821900909,0.1111111111111111,False,1
0.98838864036477192,0.021029224027064752,-0.15048477442817487,0.0056500439119757696,0.98460522349304114,0.17470154800119142,0.15184193294894491,-0.1735232710821214,0.97305380210515102,2.1442138444552228,8.8164246683976728,-3.1783958657647196,,0.08021787575079407,0.1081081081081081,False,2
0.82447303208169598,0.56403136659697473,-0.045965605236565482,-0.53319027853803402,0.80146440315726197,0.27085593466695101,0.18961103934778747,-0.19880499985292921,0.96152182803664354,13.646486197492715,-32.88556553170956,2.5377430393688596,,0.1789663213139527,0.3076923076923077,False,2
-0.23899760858358243,0.96950709421574877,-0.054186136203503946,-0.97005547878470177,-0.23590131422968982,0.05781814615230188,0.043272522125624095,0.066381956961519245,0.99685551842724285,1.9232519680817928,10.116059486415768,-3.3183850402100123,,0.7163310644754075,0.5631067961165048,False,1
0.52915630537015745,0.84742355659755653,0.043207872090091665,-0.83587147878090284,0.51182851598277712,0.19836945628673786,0.14598792911618547,-0.14108467652589804,0.97917446790750784,-14.165021308643478,9.0403595138430717,-6.2861831085929563,,0.6184354426211418,0.4680851063829787,False,1
-0.77616293243780643,0.62724147672895825,0.064336864863170695,-0.6272821890480863,-0.75778505304845378,-0.17966320903121547,-0.063938701993294031,-0.17980529260071521,0.98162207551592118,0.081515339223138805,-33.907613592712309,0.38778763544075207,,0.3010736628535766,0.4,False,1
0.97419212737142025,0.20603911533345493,-0.092182329760941026,-0.16199501714322814,0.922589310220573,0.35012366256437688,0.15718560172074514,-0.32615463758673696,0.93215655283452914,11.274677388890687,13.069858279696023,-1.8763461374707899,,0.6140691679114595,0.6190476190476191,False,1
0.16451889642448406,-0.96024518285600591,-0.22552765134480979,0.98481231448443562,0.14704648321220851,0.092314879703821545,-0.05548187054416294,-0.23728995043355261,0.96985320614212711,17.029067390826551,-0.11373274414648871,0.25611669006078691,,0.08770257647037918,0.1764705882352941,False,1
-0.52830056023293093,0.84564658649796931,0.076028736684921383,-0.8490063007262556,-0.52516390043456118,-0.058233830437969869,-0.0093176920260051865,-0.095313841726644519,0.99540366293811566,-4.7179274111546334,-30.462703111208683,-0.73404654591292695,,0.6962507146311387,0.6060606060606061,False,1
-0.81168569483212794,-0.55861124842874421,-0.17064526343782827,0.56017954626642685,-0.82723189727344693,0.043431141800711559,-0.16542432937638313,-0.060339549735254239,0.98437489300983327,8.3919269575278044,0.80056681099678317,-1.2929388121165504,,0.07339092973263345,0.2258064516129032,False,1
-0.84762400876004473,-0.49906217694537541,-0.18019568062552235,0.5039031823066018,-0.86349999217991824,0.02119779154916096,-0.16617798480795207,-0.072833419855345138,0.9834023440674442,17.59658033847635,2.3987773870500275,0.16071042120960868,,0.109235636603488,0.2142857142857143,False,1
-0.7582560418057348,-0.60712193689784444,-0.23759362113177479,0.63118005299554525,-0.77487726565669834,-0.034306907015046614,-0.16327741964411388,-0.17597777389718378,0.97075862464803842,-22.250509884328242,12.302880361260561,-8.4600531412132742,,0.1133091724787587,0.2,False,1
0.97621586928294302,0.17017353032042795,-0.13432626749236729,-0.15001944682169352,0.97752373846636897,0.14812665631157684,0.15651435121247398,-0.12445204021235391,0.97980352497402345,12.767666700867746,-34.01063292239207,2.4899055261246059,,0.2058182264234071,0.6666666666666666,False,1
-0.92445961086206996,0.36612533301628208,-0.10642682184707013,-0.3659445241934145,-0.93037821049965519,-0.021931498816000164,-0.10704687336679686,0.018671527821181921,0.99407863921885808,-1.5830208372907661,11.276819602037591,-4.1540531031372199,,0.1083942393294979,0.25,False,1
-0.93644455224549594,-0.30726905856723163,-0.1692847489200954,0.3103203946949859,-0.95059131009352271,0.0087985118644052299,-0.16362412171217497,-0.044293191597435971,0.98552790928112832,-7.150217463957504,-30.565933979264486,-1.1601763902035704,,0.1122618484120796,0.125,False,1
-0.82646368781278212,-0.49226807640897469,-0.27318476106017497,0.53801822511346942,-0.83350536052914659,-0.12571874726917392,-0.16581363687178755,-0.25088035976892703,0.95371111082421867,12.147683071058353,-39.209488370226971,3.1681008066417884,,0.3457065855251106,0.2173913043478261,False,1
-0.98848923978673087,-0.030446750442882552,-0.14819587785535832,0.028869543586660842,-0.99950145220413122,0.012782663843311788,-0.14851118570312918,0.0083571783098158672,0.98887541444397797,-12.22478168562832,6.094430411606238,-5.6471838294530956,,0.09237986468902332,0.4444444444444444,False,1
-0.88411526743967861,0.45366268288952027,-0.11193910859725822,-0.45779052803593712,-0.88896584854532812,0.012944209541857682,-0.093637739830925937,0.062688836913505686,0.99363075808158652,5.1907286852056558,15.337623406076313,-3.2083338729485371,,0.3515700392321629,0.28125,False,1
-0.97845548006977467,-0.096879121961376491,-0.1823165084390847,0.13560740449141279,-0.96744158812577874,-0.21369933413975042,-0.15567756861066526,-0.23381875308166183,0.95973604982766358,-4.3102793855269868,0.70241168257825437,-3.5935357598584305,,0.6313901239278696,0.2800925925925926,False,1
0.32786606170553206,0.94393883112889065,0.038514006137099543,-0.93650098143438498,0.3193747651681918,0.14479527321772945,0.12437747928840938,-0.083541860529837086,0.9887117882300559,17.305096736385906,7.7493808367309773,-0.32091452538220838,,0.5095789582809933,0.2941176470588235,False,1
