axis_00,axis_01,axis_02,axis_10,axis_11,axis_12,axis_20,axis_21,axis_22,location_x,location_y,location_z,dbh,dbh_approximation,score,reconstructed,number_clusters
-0.70203423466682124,-0.60733471373323455,-0.37187696735659792,0.64536278339303299,-0.76335000803500996,0.028348598627563351,-0.30108937405190384,-0.22009386799163586,0.92784905997986133,-3.1937394344105581,-3.3169312901275059,-2.2306635855043777,,0.0740733589691134,0.1840490797546012,False,5
0.92951298128519688,-0.089804965286636104,-0.35768797272507125,0.12926751437018064,0.98770258138208744,0.087940436999797339,0.34539184609782025,-0.12797921292548353,0.92969123568425283,8.3618590124256134,-6.590304143678531,2.0582599264651571,0.7231538608676015,0.370347018338649,0.4468085106382979,True,3
-0.22796588636856088,-0.82563270427724644,-0.51610288923821968,0.96193247839691887,-0.27302869010975522,0.011884501761237315,-0.15072312913868921,-0.4937468703746819,0.85644414081587916,-21.498487881078852,14.624558122527606,-9.2609381718135015,,0.4259846745252076,0.4090909090909091,False,3
0.90247703370097421,-0.22373612048986316,-0.36807248203368265,0.28416941064719875,0.95143308511469049,0.1184180332616846,0.32370194576911937,-0.21146449568967174,0.9222254699193676,-8.6443248588596528,-13.718618054815076,-3.9521304265093962,,0.1496257109436827,0.5476190476190477,False,2
0.36742489364351361,0.8924631298832314,-0.26174130230072473,-0.91084440615293338,0.40219397331310774,0.092749531591945905,0.1880463116122274,0.20432711427914257,0.96067112742051075,-11.292484492166295,17.711770519845413,-5.7261270151567292,,0.0779300114181489,0.2222222222222222,False,2
-0.4968197672696088,0.83566415750490597,-0.23416988429725105,-0.85778614063894654,-0.51382297613148753,-0.013743584944340484,-0.13180688820358905,0.19403959663171028,0.97209854395585338,-31.07637153371374,8.3662808354521569,-12.410890398423989,0.4657160912218863,0.3150580408290885,0.8656716417910447,True,5
0.63443007286008168,-0.665871658862905,-0.39257281690651391,0.74872669546671666,0.65559428372179485,0.098002401229755759,0.19211147322906777,-0.35610541848513133,0.91448461593363461,-26.743211219489989,9.4208340467534537,-10.982880732383466,0.1329945310831131,0.1432914661121088,0.4736842105263158,True,4
0.32692233102139012,0.91269327689680924,-0.24517906066160011,-0.92887628089624852,0.35811856017150151,0.09455131754261048,0.17409952403120943,0.19683007688880905,0.9648560911162094,-10.006928615317333,-20.357485374906748,-4.2019707033052249,,0.2818881277875191,0.4583333333333333,False,3
-0.93690159371726056,0.077390054585450826,-0.34091961389940423,-0.017997917153898892,-0.9845739397907558,-0.17404089192781858,-0.34912960153527417,-0.15692334605204603,0.92384175311340588,-30.169645227577483,14.167853831201263,-12.372926626059607,,0.1240541586349412,0.2083333333333333,False,1
-0.92611876405801141,0.18386854206664152,-0.32938790824489655,-0.18827915324291994,-0.98193641940012777,-0.018757097584238491,-0.32688682340190733,0.044645576420775296,0.94400835652671333,-10.953726631919194,-20.602804716826384,-4.5206505367633758,,0.1377402785375086,0.5675675675675675,False,5
0.21494213598414783,0.94599147492793612,-0.24269323752886049,-0.96957956456343475,0.23649652570663973,0.063125757893811002,0.11711253630398187,0.22174201832840901,0.96804707072956508,14.399116555553896,3.9366679599594709,3.9750270010244546,,0.243646710742492,0.2894736842105263,True,5
-0.93493487365042094,-0.00088672907219407293,-0.35481825734286127,0.039177541828434977,-0.99414040174631335,-0.10074711823154123,-0.35264982950308316,-0.1080929013729922,0.92949127076278426,0.071914249556540299,8.2641271309528346,-1.3075486500955928,0.2151083759026367,0.1428426217369115,0.3125,True,4
0.88216552984051466,0.33766561900274622,-0.32827718121230492,-0.31317338036464232,0.94122458502019135,0.12656505988838684,0.35171922294948182,-0.0088436585789014172,0.93606376807926506,-23.369684941004994,14.665118872715269,-9.9191213718531248,,0.1449473244647517,0.3846153846153846,False,2
0.31152011197352653,-0.85339196919770344,-0.41794421487187311,0.94782710859479391,0.31038108053961599,0.072714214950664935,0.06766824993180047,-0.41879079711942729,0.90555799162684258,-23.862098768821085,13.479814420566981,-10.042989986278023,,0.1501809244293465,0.6590909090909091,False,4
-0.6287994546161223,-0.64297406594991879,-0.43725918674202552,0.73504630152017858,-0.67493605720738348,-0.064562011298125013,-0.25361029256710949,-0.36200230551362778,0.89701513382263731,6.5814256878674113,8.0648353914372404,1.1032030430984385,,0.1767143712261031,0.2962962962962963,False,5
-0.40969821289970493,0.87560794107686568,-0.25584782170251191,-0.90816351772271287,-0.41792918587551103,0.023962901972433941,-0.085944164573844101,0.24216921587304363,0.96642002848613351,21.415914850348454,-10.698278467415113,6.8312799047126678,0.3442714009950207,0.3525907866237413,0.7804878048780488,True,5
-0.75061354499445221,-0.52705861684278632,-0.3984827731315761,0.57743873466469542,-0.81639587387221457,-0.0078920740784249183,-0.32116010614598084,-0.23602328600414144,0.91714186180988932,1.5393918410115,-8.4657069314313613,-0.43120208245783037,,0.09508695833560768,0.2758620689655172,False,5
-0.40885306748140893,-0.83869775848919526,-0.35975719466918543,0.89011145137546199,-0.45345980301228295,0.045561070908504087,-0.20134739467227003,-0.30159621509107337,0.93193291051525162,4.8693842228301429,-5.3551164500531554,0.68946636745268441,0.1690273933034589,0.1415306105206695,0.5632183908045977,True,5
0.082627719467042088,-0.92326005656166044,-0.37518465844625931,0.99627238569657495,0.067164399078935511,0.054132032982522574,-0.024778891705062721,-0.3782589211824699,0.92536814029430647,-16.538345442796562,-3.9717943235915607,-7.0425238392556633,,0.08762489944677429,0.35,False,1
0.8604396579404241,-0.28012640834914437,-0.42564397139954424,0.40453013114956904,0.88346067814336315,0.23633155347219814,0.30983700236653489,-0.37553485260342789,0.8734841764134269,-12.526970611025497,-15.058686836441453,-5.2890504795414772,,0.4073551048762805,0.5135135135135135,False,3
0.87838666207804494,0.36414488356754232,-0.30957289231289487,-0.33440289958316172,0.93100739690236833,0.14628714114182834,0.34148436660228521,-0.024974600790732507,0.93955558466840006,-26.348914919274652,7.7675353600893473,-10.75671433852013,0.3125735185303414,0.2207430602258538,0.4067796610169492,True,5
-0.92809921644606164,-0.062062430560502022,-0.36712409229731907,0.079534963726072314,-0.99629748779243466,-0.032642079645396616,-0.36373896406255396,-0.059494289905897044,0.92959905093071937,0.42997456073509061,-13.466655848394593,-0.67650429753140917,0.6871800702720278,0.4134897501213642,0.78,True,4
-0.92629699567731016,-0.051306560739621837,-0.37328476077153394,0.12754838807362989,-0.97489515358556023,-0.18251259741509893,-0.35454941051848959,-0.21667274018772828,0.90958652098661463,-17.47546756941108,9.6713603099135046,-7.721211701522618,,0.136590788062921,0.3571428571428572,False,4
-0.66034269837767634,0.68362356695981485,-0.31081560352792648,-0.72195493867069149,-0.69183294311070898,0.012175604944829173,-0.206708943271179,0.23243493180654717,0.95039224283860735,-24.296051812076271,5.9029755557889771,-10.079908739527092,0.3392213014468085,0.2068702061962004,0.4423076923076923,True,5
0.57036738910153773,0.79036324836902605,-0.22362239842434409,-0.78522370650309004,0.60455359463118341,0.1339353648744927,0.24104931486117873,0.09920124417604817,0.96542961470988664,-6.8250512032687709,4.3545160700037462,-3.8417899428521456,,0.07270990974225766,0.4081632653061225,False,5
0.64471760139203593,-0.65394171821275793,-0.39585280551771629,0.74020341254399236,0.66337996109868547,0.10966282538278671,0.19088772227026296,-0.36371315125199072,0.91174262875705125,5.5475729468577981,-8.1231006570188473,0.93542822045070306,,0.07084869893885379,0.2051282051282051,False,5
-0.77072633730242979,-0.5135118343503452,-0.37720883999519911,0.54899236127214246,-0.83567567284210642,0.015923475899702701,-0.32340114448346852,-0.19481212950438898,0.92599132498352632,-8.6914119986148339,-13.702475110037707,-3.9616314956880121,0.2016973240529266,0.2135706610328071,0.6853932584269663,True,5
-0.13633637176162244,-0.81932422118114734,-0.55688438146601293,0.97897850034674527,-0.19750715900692706,0.050911865020356051,-0.15170197623536491,-0.53823669767762916,0.82902820680563438,4.1865448729796775,9.1033588086082347,0.15449550831040637,,0.3511105986599511,0.5094339622641509,False,5
-0.68266175082729941,0.6708995468987673,-0.28959753439633384,-0.66291828265850739,-0.73532832977404294,-0.14082470645739711,-0.30742850302875668,0.095843859494208455,0.9467321005029633,5.8140233149259171,-10.222335438458034,1.2373634364432722,,0.7414305279428104,0.4509803921568628,False,2
-0.93763895715260681,0.029609917907430762,-0.3463472806177163,-0.040496237779551018,-0.99888572498623518,0.024235576007713047,-0.34524374108081085,0.036749982044060714,0.93779325976693129,-11.584960837473892,3.9927382547712158,-5.5636305071998136,0.1779489412350224,0.1300398761647601,0.7034383954154728,True,5
-0.4389826746196332,0.86333859454465189,-0.24887885115745989,-0.88817462039673578,-0.45882430280280317,-0.025022047091198242,-0.13579416433302949,0.21006363399500022,0.96821134810841114,-13.317331560753653,-15.878075346816544,-5.4924635309102134,,0.3433489608198205,0.3,False,4
-0.68448684918916047,-0.62626408917391596,-0.37319035879596701,0.66922118753468962,-0.74281780182820045,0.01909752449354378,-0.28917253576672308,-0.23667489072203521,0.92755821416230122,20.024827830353651,-0.68163352043496284,6.1454047861452237,0.1515647122752842,0.1614159755880223,0.6410256410256411,True,5
0.46082466217022966,-0.74575449983151554,-0.48113496725631949,0.87879699715945825,0.45913327561820666,0.13004796424248388,0.12392121900309228,-0.48274927364123665,0.86694675169796076,-17.989225722892314,8.6290694843597961,-7.9078081935387736,,0.5225218133652748,0.3513513513513514,False,2
0.79854975851699639,0.5182716611855952,-0.30612541283658723,-0.50559499988931333,0.85350491899158953,0.12610729298532175,0.32663738190747954,0.054072529708569544,0.9436017074335673,18.261193138676173,-5.235029296573769,5.5977143991516831,,0.09578839462163992,0.25,False,5
-0.79962498633359202,0.49289110127753355,-0.34301347424324952,-0.53710995414198071,-0.84249146758388971,0.041485228816339537,-0.2685382251982078,0.21740857694618457,0.93841394505710152,-11.00774662103289,-5.7774191110007758,-5.0444483038721968,0.2414438418332776,0.1863601142607298,0.8866995073891626,True,3
0.4164415464512356,0.84686821290461356,-0.3307426013700846,-0.88530901109304438,0.46051516288517813,0.064449512258006686,0.20689222621152403,0.26596995079253827,0.94151770668886281,6.3365037691837136,-3.5203357270944204,1.1992830709765394,0.1308171300843142,0.09325471171696637,0.358695652173913,True,5
0.064260169252385146,-0.9299178732322112,-0.36210962385848866,0.9974738868820372,0.048845156606075114,0.051575145802689085,-0.030273348610542952,-0.36450912158601645,0.9307075935246768,-9.0987494937340827,-7.189751266791566,-4.2794483656129465,0.1615709810767519,0.114848258059447,0.6319018404907976,True,5
-0.075640110838572458,0.97610644058580531,-0.20370270071660285,-0.99709050172043545,-0.072107680915091774,0.024718691954406732,0.0094395450747377062,0.20497975265854115,0.97872069355297919,-25.967259343043079,3.8051564817929799,-10.634114989448621,0.4980849281658472,0.3713121306641371,0.8518518518518519,True,5
0.93356783945784694,0.090042546523612987,-0.34690550434599776,-0.064736112582357494,0.99437044321357049,0.083884786409524084,0.35250577989265991,-0.055854825026940336,0.93414127072058939,-9.6085538594832745,-15.259944004520078,-4.1331361051374103,,0.0704396735076617,0.3333333333333333,False,1
-0.80462650053278006,-0.45433204219473311,-0.38230693176495845,0.49504518619482524,-0.86881633295690563,-0.0094044251630283557,-0.32788177483005077,-0.19682625592760605,0.92398753601540395,-3.6239858043299433,5.9949689722049495,-2.6924013966172233,,0.06520548303757026,0.2884615384615384,False,2
0.84602840202658613,0.42539998887933722,-0.3213577327929133,-0.40805762757691472,0.90460548296894938,0.12319859073387965,0.34311064620708231,0.026902967196460736,0.93890964145405642,3.2493997944094297,11.977810985918468,-0.15466200520664117,,0.2422420724477757,0.1875,True,5
0.80722728986175063,-0.46094018681419746,-0.36867091922491757,0.5213054344858763,0.84969891193230651,0.079072138181189688,0.27681175278146031,-0.25601934153642891,0.92619077423677043,-2.1320224750587329,9.3396266419107192,-2.1701806994184785,0.1590665676005903,0.09753994992448563,0.3866666666666667,True,5
-0.93442743829014596,-0.07100545849671222,-0.34900370690608362,0.070044521427890721,-0.99742514416770967,0.01538982780804591,-0.34919783445556135,-0.010065120252397711,0.93699496570998242,-19.228647867275509,7.8194500029928831,-8.3028368415548091,0.7014907636394279,0.7051799868354919,0.9933993399339934,True,5
-0.65618713573424714,0.67188905559617584,-0.34348732126086451,-0.72631705767869137,-0.68581768628019235,0.046017745601588486,-0.20465086030079083,0.27967695320738006,0.93802922514321685,-15.83330735517454,14.963992686294496,-7.2446129373554147,,0.08265593754889539,0.1875,False,1
0.10914296191612269,0.99086606786597942,-0.079197534153454541,-0.98956839864241941,0.11584506781800798,0.085640555057273152,0.094032963754486137,0.069024313209570809,0.99317342187227986,1.0626515626351145,-13.055845477195417,-0.42443734882177914,,0.1792381788295884,0.3888888888888889,False,2
-0.93590988376648898,-0.076387769544092279,-0.34385694428392122,0.070760952453676029,-0.99707447919462633,0.028902777489591105,-0.34505880234540559,0.0027187502354709646,0.9385771312583272,15.150910971037762,1.054308079028043,4.3046364915043247,,0.07723551156243119,0.3125,False,2
-0.020192952347167736,0.94753847459295126,-0.31900326619263236,-0.99872709651822644,-0.0043662000963141726,0.050250601757502851,0.046221546445107314,0.31961191383110449,0.94642051604001087,16.07822546491202,-5.7707549583886655,4.7972751736523502,0.431792071838194,0.2739593610645191,0.803921568627451,True,5
-0.93295149090170904,-0.063696223029372723,-0.35432232048809892,0.066341395318184504,-0.99778595898485201,0.0046903432619949392,-0.3538365934884562,-0.019130374394438522,0.93511159434797608,3.0529981423550971,-13.615472536601231,0.28745819990596877,,0.07882305174771134,0.4666666666666667,False,5
-0.93600497891765522,0.14339844360194937,-0.32145227610626648,-0.063177771797538057,-0.96686363959459165,-0.24735252491251999,-0.34627048472553812,-0.21121455632233097,0.91404877474098856,17.586370203771651,-15.250377172644143,5.6938491119167898,,0.6561731114269773,0.5384615384615384,False,1
0.81076716339823895,-0.39338525447612877,-0.43347969769750933,0.5296799288625601,0.80826419821237183,0.25719284369566758,0.24919024803415946,-0.43812900776924402,0.86368234486749285,-10.096664835752575,-6.8670581659653847,-4.7113140572611583,,0.3700849106734094,0.3108108108108108,False,3
0.091605599739145643,-0.88522554544060328,-0.45605279058001258,0.9954288119175756,0.068978795986917391,0.06605608305491642,-0.027016559751275131,-0.46001919460342156,0.88749785695269379,-30.359339482765964,16.767835381796271,-12.543861468154082,,0.1498063939718987,0.35,False,2
0.76330503043019715,-0.45018739403227565,-0.46335379654685604,0.5963790972439702,0.76677697584644666,0.23745534671227159,0.24838961912773999,-0.45758537953720357,0.85376707452523026,1.598611260079347,-24.883715785521083,0.24699019181604209,,0.2909990627184562,0.3846153846153846,False,5
0.25266000191127747,0.94139239509304973,-0.22347993622508108,-0.95981966933744167,0.27301100373137605,0.064893714599737515,0.1221029311161649,0.1981043924363102,0.97254589809956149,9.7105163586871939,3.9616780159175478,2.3245120717698415,,0.1906331290202322,0.2558139534883721,False,9
-0.73065126421027082,0.62148394290719133,-0.28267726972019708,-0.64288762430020274,-0.76565491639850736,-0.021634498294089255,-0.2298787346180052,0.1659224448449538,0.95897106821170519,-10.3671645695905,9.2581180504469671,-5.1981564025231837,,0.2358651601478143,0.9615384615384616,False,6
-0.69949474116919674,0.64566132278079336,-0.30631448438099707,-0.67855127781830904,-0.73455203679722192,0.0012118614582517229,-0.22422147633039019,0.2086977755080546,0.95192960246554525,-2.6113020229883621,-15.06559928282466,-1.5917636630500414,,0.09604224680631757,0.5,False,5
0.71388451185852475,-0.5467428719215035,-0.43753986759099028,0.66642529642118042,0.72232551703737069,0.18472458343879244,0.21504936181829631,-0.42345965503188165,0.8800202796196358,11.0630586785208,-17.566682474833847,3.3718155010940176,,0.3313646524358537,0.9302325581395349,False,5
-0.77038246419739265,-0.48905270600525019,-0.40907005464357404,0.55221892426235719,-0.8325002336651065,-0.044694749513442183,-0.31869282788239728,-0.26032827679006876,0.91140774067364327,-21.965095386502067,16.691607252277244,-9.5262591900060087,,0.1893076449226845,0.3461538461538461,False,2
-0.92575023849812765,-0.12349210910156702,-0.35740200742344136,0.13451397385190084,-0.9908932862464751,-0.0060403733519339073,-0.35340131120190971,-0.053667441352344303,0.93393111040347232,-12.027564563536803,-19.524545986730352,-4.9167802052976093,,0.1455411229991507,0.4848484848484849,False,5
0.4878215104717406,0.80765461680025141,-0.33124642470871823,-0.84159422435026099,0.53590613851431124,0.067258993770069109,0.23183902920205643,0.24596469393780637,0.94114400273004395,2.7370466900376638,9.7949566412629494,-0.36275388905608147,,0.07702391269983483,0.3666666666666666,False,5
-0.27612618383145093,-0.81564299988315625,-0.50841009760260036,0.94655935231828847,-0.32251264101745697,0.0033149544079599941,-0.16667250265554201,-0.48032498698854997,0.86110869449389915,-12.048181779805832,-21.08778076792132,-4.9162010165915415,,0.1220109091751317,0.4117647058823529,False,4
0.83853429117006506,0.4789502908950441,-0.25974383800865886,-0.44399656181361369,0.87698631726461085,0.18374453033585764,0.31579628818212174,-0.038750718473438195,0.94803538235035612,-4.0052846231019892,13.887614067100943,-2.9872421097446304,,0.215601110674582,0.15625,False,2
-0.0063966242826275169,0.94417429739937775,-0.32938424268349342,-0.99854395741472934,0.011612712922060921,0.052679312914282288,0.053563497909658288,0.32924161497140886,0.94272525725298162,-1.8106352925438125,10.362586996655782,-2.0496137615588244,,0.07082086258106211,0.2291666666666667,True,5
-0.85124346275172358,-0.355278640595458,-0.38621451896465209,0.3905818491772014,-0.92045962102418111,-0.014138782031627065,-0.35047166250036815,-0.16288392677199129,0.92230062354069986,-15.932271913852306,12.267577213355652,-7.1771678835058177,,0.1264405350765465,0.462962962962963,False,5
0.92955928210742711,0.14811756874225629,-0.33761031808552155,-0.10332892390620957,0.98371306289524374,0.14707733806960985,0.35389641780089953,-0.1018321939228479,0.92972443753434264,-13.652876413838216,-9.1778019583114485,-5.8140404552240872,,0.06788499644374535,0.3333333333333333,False,2
-0.79861469957044628,-0.47873726818465712,-0.36472618452902045,0.51015275434714658,-0.86000300634406046,0.011789669681430991,-0.31930976944344391,-0.17665066410933467,0.93104017851417409,4.3383451241913242,-12.154803101786932,0.64437668920569713,,0.1077409565513282,0.4761904761904762,False,5
-0.83586308193732417,-0.41742277153089058,-0.356498440475844,0.43440017834043299,-0.90002707992291231,0.03532336993034358,-0.33560302935468095,-0.12533748526640373,0.9336279352477922,1.4711803038712707,-5.6136157250689882,-0.53614585871620579,0.1296970373306298,0.08886089266781608,0.5274725274725275,True,5
-0.93595263168823017,-0.022128680510394606,-0.35142992578143728,0.036685105301144806,-0.99872022790815196,-0.034815361783753766,-0.3502097575524154,-0.045477773317947751,0.93556661860560242,0.45360552132306514,-10.848785654199705,-0.80297385938931343,,0.09292270618910396,0.3571428571428572,False,5
0.79568605683826787,0.52691699252390534,-0.29873429991002343,-0.51695984356557456,0.84778075668139086,0.11840738465731332,0.31565205384065798,0.06021853195064758,0.94696225337437989,-6.0528157039737591,-12.057418258220581,-2.9824494767661607,,0.07911910839065742,0.3333333333333333,False,5
0.50708973581502292,0.81479665120958222,-0.2810096386402105,-0.82878065036168669,0.55046733752027599,0.10054026014188877,0.23660649487516261,0.18191241711601219,0.95442403525995745,-12.36084774118987,-12.782614243518655,-5.2130972957230384,0.3117548140485213,0.1329397027272324,0.3703703703703703,True,5
-0.68748687833418776,-0.61812410276539198,-0.38116188909542548,0.66384353136255847,-0.7477167753613283,0.015211499312862066,-0.29440373296954286,-0.24257414830054891,0.92438315897135537,1.0303324362286452,4.0128146528302091,-0.82145793111845111,0.4439586157562344,0.3410246195860199,0.936545240893067,True,5
-0.94149347001893002,0.054616355346457035,-0.33257645683419029,-0.0007310198310302204,-0.98711093446395415,-0.16003583558598894,-0.33703043115084003,-0.15042957418795216,0.92939842462095346,-5.7511230585572273,-13.578745550796171,-2.8520268529521968,0.5162731577925094,0.2541587419794155,0.2857142857142857,True,5
-0.35986724816464022,-0.81794726391116956,-0.44884054758749364,0.91436273897551312,-0.40486866989949771,0.0047054975304696364,-0.18557032432909915,-0.40870971800783412,0.89359947467215428,0.70577205575722513,-18.725710676778313,-0.32352340503489507,,0.1374381942705613,0.2857142857142857,False,1
0.63547491783727517,0.76172570533680106,-0.12627580381395812,-0.72044054795426693,0.64378439316245528,0.25788965078848125,0.2777355678753875,-0.072908195352800187,0.95788691889352673,-32.262494742467943,9.0817150127744686,-12.866166649591801,,0.6792053252069234,0.25,False,1
-0.90223876850078044,0.27820010607811341,-0.32949947737792012,-0.24420027029110847,-0.95936989972558706,-0.14133514598381752,-0.35543133317695219,-0.047054186621850569,0.93351725796442087,1.7753245063738472,10.841674916728751,-0.69007573663436161,1.160029220889036,0.6741553368772063,0.5625,True,2
0.36379050647031963,-0.83393635294584412,-0.41497786282819082,0.92908473599358821,0.35679028785918998,0.097479453389319529,0.066768411287018103,-0.42101169784786369,0.90459445583613118,-17.326135655735811,-10.470057000723171,-7.1086597836101841,,0.1806272023721373,0.7105263157894737,False,3
0.48358956232111644,0.82060606956272775,-0.30454361561340465,-0.84729329152160859,0.52617246769815074,0.072364441398514584,0.2196251655811593,0.22304307394145323,0.94974553108198301,-12.194683401059725,15.111346431837886,-5.9658411654187251,,0.09533483136871908,0.1714285714285714,False,6
-0.79853805996068306,-0.38442865824427125,-0.46319712166067994,0.48958430040448864,-0.86247729254653915,-0.12821908063560483,-0.35020591027519338,-0.32916185465831493,0.87693117965221312,-2.2784965496476461,14.152637270537955,-2.2623225236637379,,0.3725002836511673,0.5405405405405406,False,3
0.70256029741977977,-0.61044061935871496,-0.36574756147701015,0.67530375736103898,0.73400599019891521,0.072111314272949464,0.22444122567722144,-0.29765324891399725,0.92791631068078984,-10.652146179568534,7.4749932755667139,-5.31930620945346,,0.08471754525317819,0.3982300884955752,False,3
-0.57679493594889586,-0.72973834187262454,-0.36713696935163137,0.77477514075774123,-0.63113804270669693,0.037259258073406035,-0.25890361744774881,-0.26295764573282726,0.92942035345860463,-3.8311198286790913,4.9399486995222492,-2.7605010592597212,0.4120030323599788,0.3298890698107085,0.9730412805391744,True,5
0.90280339422200484,-0.14671360116629145,-0.40425381954169237,0.22563335965657461,0.96183084690909448,0.1548257373443509,0.36610875213700594,-0.23099034864459911,0.90144763599542033,-18.438771355753733,13.097581482785317,-8.101031235902985,0.512877741705323,0.3676677817211046,0.8956043956043956,True,5
0.80057651691805953,0.55131505103121969,-0.23479556014923028,-0.50197719649985806,0.83100712460277593,0.2396790626099162,0.32725545794301103,-0.074019412088107667,0.94203237305341059,-9.2494160252656954,-11.033122485743329,-4.2268736735918973,0.7505895762381987,0.342092578128363,0.2962962962962963,True,3
-0.50278245416628853,-0.73431690399303606,-0.45605754932092402,0.83634925135960037,-0.54658950827193531,-0.041950437390811585,-0.21847135632105324,-0.40251533381615018,0.88896100730578353,-15.100769773189317,-15.157201772016768,-6.1156509653027067,0.4408778045841907,0.2477655211988959,0.2608695652173913,True,4
-0.088765204060837974,0.95718220109932051,-0.27554123547429044,-0.99527250850564719,-0.074288277298762292,0.062561055528649809,0.039412845125852136,0.27979186148750423,0.95925134447883009,17.303076471070828,3.9613441276655115,5.0654885938078316,,0.1221388229975168,0.3333333333333333,False,7
-0.83070653040073861,0.47553303499004185,-0.28947364816633347,-0.47900715478115957,-0.87550257970710765,-0.063619011267524339,-0.28368786723796413,0.085811220474707212,0.95506943644041709,-14.1420876991276,-15.716687890635514,-5.8666742726822081,,0.08996344799996522,0.3,False,1
-0.93240516216625435,0.12710653407091521,-0.33832608909482914,-0.11886607204491573,-0.99188744473465962,-0.045057229102130752,-0.3413084682253516,-0.001796099726713761,0.93994962819474404,-4.8633298040920341,-10.049396394441692,-2.6775981569747511,,0.0799148957804022,0.1458333333333333,False,5
0.34408031264362254,0.90228893340831495,-0.25977570921845666,-0.91363049362047788,0.38554123146845676,0.12898558045218611,0.21653650864893098,0.19295761059536107,0.95701583107880717,3.7998142390317184,7.1052380935076522,0.10390321686600809,,0.8198807651506612,0.985480943738657,True,5
0.66536646311977254,0.68584512338395642,-0.2947947361910136,-0.69313995783929139,0.71422008236241541,0.097193995682702011,0.27720834872353473,0.13966438587080637,0.95060474999723243,9.9086879154678442,-22.669731298580043,3.2688887009747329,,0.1188901750664922,0.2857142857142857,False,3
0.89401201279271036,0.35720867657470828,-0.27045236616097984,-0.31358040471335996,0.92999958299806806,0.19175011187278354,0.32001539144568136,-0.0866183410321687,0.94344444045990461,2.1388908116140333,-12.774343813906755,-0.072802912499108946,,0.2376070036621343,0.125,False,3
-0.93961718770153757,0.030700868392644021,-0.34084746919375852,-0.025019798297886579,-0.99946527480235792,-0.021051702006700972,-0.34131151499617723,-0.011252606106294328,0.93988288024989031,6.6065515071353271,-9.101579867751715,1.4446249243883644,0.4365006527511234,0.414122717630878,0.5573770491803278,True,4
0.68320340252393941,0.6508330748702118,-0.33113353716393173,-0.66899971014760073,0.73962769596291089,0.073418384530183511,0.29269864810439067,0.17136855026398781,0.94072329692544598,-14.404852638507508,-10.921868943656936,-6.0410867830266008,,0.06745384988717182,0.2777777777777778,False,1
-0.80757463678564312,-0.46231656723846321,-0.36617836866393316,0.51402563540268864,-0.85615401644644729,-0.052706226116824559,-0.28913811953700985,-0.2307892800358349,0.92905083609625028,-32.298838631971812,13.999592420883472,-13.090302311133618,,0.2428294914387926,0.7555555555555555,False,2
-0.32682033586388726,0.9154433501404674,-0.23484450334085455,-0.94155105159147456,-0.33685870908799437,-0.0027977416888103207,-0.081670590256243653,0.22020373020266187,0.97202892543999375,8.6092774367089575,-22.564653301441997,2.7477100949460858,0.2918342406123421,0.280890764170538,0.2352941176470588,True,5
-0.42476193131512924,0.86166577418213641,-0.27768578521152742,-0.8996116769634358,-0.4360903680995134,0.022891516373259604,-0.10137126011092953,0.25953281960848806,0.96039917907586292,4.9214130435759946,6.3166944039123685,0.44089849752929011,0.415245140568729,0.3434224083507398,0.7641921397379913,True,5
-0.78433471211141914,0.52510562387864623,-0.33027737304895027,-0.56274567707927448,-0.82632014951502475,0.022634341917897864,-0.26102942804535778,0.20361506397240145,0.94361249642945499,3.5262020105800098,1.0704214657632174,0.18865452674093583,0.1439302177252275,0.1109565733456008,0.4942528735632184,True,5
-0.89243211824307356,0.30686512053723719,-0.33075476130488118,-0.31516388460999883,-0.94857260384651476,-0.029694125166082129,-0.32285699646394111,0.077741964404757641,0.94324946159792356,3.5626663815424386,-19.538610545171455,0.76248893035897547,0.5427768165219943,0.4505492790523096,0.7903225806451613,True,6
0.43616589438469588,0.83434681497989016,-0.33708263810008221,-0.87507097721358962,0.48059393525314753,0.057273503789679221,0.20978583701968861,0.26999048451900304,0.9397313663250485,-6.7203053087581841,7.7683880062999151,-3.8601701748856763,0.1388244250394295,0.09167220917287008,0.6111111111111112,True,5
-0.20315373079615315,0.93888329422595329,-0.27789696199675529,-0.97894281657928073,-0.20055298461108245,0.038071803626981808,-0.019988084736377532,0.27977966364088885,0.95985614353483328,-13.572086123884922,8.8588462023084578,-6.372482102267611,0.6705051665588103,0.2313015897683468,0.1756756756756757,True,5
0.65517372088639803,-0.65438795444207787,-0.37752324503397861,0.72851348701891816,0.67956601789301141,0.086360445555659693,0.2000387329779138,-0.33161187012250981,0.92196424708469182,-7.0245223445159288,12.238219847539417,-4.0109391811251438,,0.3686873726348286,0.9710982658959537,True,5
-0.26971104561869957,-0.84927299729975636,-0.45386267518794254,0.94654538872519145,-0.32042993753596405,0.037100973218692962,-0.17694004338855537,-0.41959508003334128,0.890298932863266,11.560691672499415,-22.909759350187688,3.8634234249509736,0.2332384428080328,0.2236141418471798,0.375,True,5
-0.93689630030203597,0.11317397496952723,-0.33078236632256169,-0.023176877889356757,-0.9641787059431377,-0.26423901176230141,-0.34883829321285581,-0.23989805000335598,0.90595848182625238,-19.269284863408373,-12.545554709910846,-7.7356452356345775,,0.235795152773787,0.3809523809523809,False,1
0.92938833032597057,-0.10861538450573544,-0.35276058411134259,0.14554476323114626,0.98612609724537059,0.079825072675210496,0.33919618710989935,-0.12553094670352935,0.93230248743088817,-16.012955305032303,-8.3822632405182151,-6.7048730733309032,,0.07600378950945723,0.28,False,1
-0.37832567796455907,-0.81684311379721031,-0.43547331586991117,0.90635230129072419,-0.4224922119871381,0.0050829868408165182,-0.18813608728169523,-0.39276921754675953,0.90018728851836227,-0.84177011845268401,15.494039591594875,-1.8593594451540931,,0.5385290296140011,0.6851851851851852,True,4
-0.54996058556387262,-0.73991785954356626,-0.38738213104725078,0.79688102931944216,-0.60374089298037614,0.021853129159090212,-0.2500479542748314,-0.29667911162015614,0.92166020055725861,-1.1604355336309649,1.7489748215104339,-1.5689221583606017,,0.6455174106898354,0.4685446009389672,False,1
-0.62590843507542593,0.70967474095661265,-0.32341984006797969,-0.75590008033321854,-0.65410553165473717,0.027586627392788648,-0.19197317378651196,0.26173978586917157,0.94585336339175485,1.2311455114496614,6.6466217177338143,-0.86152472977964301,,0.08207394089304962,0.22,False,5
-0.88412075967200654,-0.26737081236310145,-0.38320142355331849,0.31174513194314168,-0.94842346519542231,-0.057514375389646773,-0.3480595567237707,-0.17031083160798444,0.92187242371721334,-19.941695542872854,11.670734203129767,-8.6881193725876873,,0.1200594821549053,0.5172413793103449,False,5
-0.74455770760962581,0.57666834701917535,-0.33628475669478525,-0.61701557693607567,-0.78676842393189828,0.016947711407681379,-0.25480501929385252,0.22011148232177352,0.94160784697918198,-6.2208493498404867,-8.6971282377952015,-3.199299075270849,0.4605892023812593,0.3466384691248501,0.7808988764044944,True,5
0.38366077924481856,-0.79557671553941967,-0.46889454695141292,0.91759492109834906,0.38562410985211842,0.096507029149581008,0.10403829700536027,-0.46728121681945795,0.8779660000045294,-10.259030110278987,-13.729527273286482,-4.4597618163796655,0.5708931206467164,0.1738456626450513,0.4666666666666667,True,3
-0.59885832051639987,0.7825218518232635,-0.17037682755400962,-0.77641646850588808,-0.61944783557493321,-0.11602519741149812,-0.19633180939706008,0.06280071990528735,0.97852434318122894,10.582112867910242,9.0611586135920916,2.5419041703521579,,0.2845336049757592,0.2,False,3
0.22902778369969093,0.95437880117249718,-0.19159169649583763,-0.96622600751035503,0.24677294642696598,0.074232171747506528,0.11812525853603516,0.1681196502027629,0.97866347970663226,23.356433481925297,-9.4176238437028719,7.6083229129244323,0.5734989610997883,0.4793421069279448,0.4,True,5
0.84839063644081147,0.43764789489803019,-0.29782150374154676,-0.40406222572439182,0.89883356254063995,0.16979971906086994,0.34200445281049191,-0.023718072051127859,0.93939896067430917,-7.1400835422617988,-3.9885507807679259,-3.7453302575889706,,0.08013752288835634,0.3129251700680272,False,5
-0.67394561247926665,-0.63294691905832767,-0.38101904030444167,0.68131926909456364,-0.73190779168112952,0.010725578627850327,-0.28565952632530284,-0.25236715739379312,0.92450497721136182,-6.8352166398700405,-14.975721598106254,-3.1174741491585136,0.2859748944905698,0.2786460535331046,0.7297297297297297,True,5
0.5631075545668276,0.78988079892285834,-0.24289546204644025,-0.78831887673824663,0.60162075757404354,0.12886354268831104,0.24791778993834981,0.11891504340923442,0.96145513773813884,-2.1168036518091116,-12.456825942984743,-1.6227349212186293,0.8321388097622326,0.5687493081761443,0.7283950617283951,True,5
0.59954848075889267,0.7376864994638157,-0.31041947060151681,-0.75476153591629391,0.65016381902334752,0.087304251524498472,0.26622667620090362,0.1819495450442184,0.94658212529987129,-22.610476842225356,11.787891923118421,-9.5827228657617614,,0.1064426060123588,0.5,False,1
0.41457339930807413,-0.82267516742324265,-0.38901730744439661,0.90307579727962228,0.42461984525308416,0.064436723884920638,0.11217397627757884,-0.3780258667371677,0.91897412538313095,13.152489919373597,1.7618204511409441,3.5912761407360705,0.333253296912758,0.254482763795666,0.5344827586206896,True,5
-0.68033103179600207,-0.62905659750279219,-0.37608175216779327,0.67203401880718838,-0.74018246704811208,0.022364995873681945,-0.29243796733879629,-0.23752413059051578,0.92631653480112974,-8.402025878749571,6.4953525159274639,-4.4317129362383705,0.3182843858014555,0.2696303730443956,0.8918169209431346,True,5
-0.79612191166204094,0.54980966649327789,-0.25278297490560597,-0.54102868810334481,-0.83382427778498147,-0.10965870884488613,-0.27106799962509642,0.049461140372058843,0.96128858058979572,-0.14156615277459628,-12.485756499524882,-0.89204254538636552,,0.2855599140153923,0.5416666666666666,False,5
-0.84840154247632771,0.40813576440114779,-0.33710535525333757,-0.44126126574626828,-0.8970448539815653,0.024474993303230195,-0.2924095040791071,0.16951615781949139,0.94114874178438346,-15.998004486623108,9.9333261235206791,-7.177795705096039,,0.07166386712617961,0.3023255813953488,False,1
-0.15036103929506439,0.93743209494052204,-0.31402647219228796,-0.98859648836258684,-0.14522911628658863,0.039818173988515546,-0.0082789527883206371,0.31643256968593209,0.94857887799733764,-19.027770019038957,-9.3869127132108012,-7.6911810063188062,,0.4849411490187481,0.825,False,2
-0.90519372244541496,-0.17287268083107643,-0.38825167233083607,0.23871847236917781,-0.96262315174796631,-0.12794592087494958,-0.35162169414747468,-0.20849869050209782,0.91262833632523743,-14.428224409198997,15.840742618283441,-6.767113832888394,,0.186345933567285,0.1363636363636364,False,1
0.79837693841859647,-0.46062397289931828,-0.38783994094445345,0.53911496176442009,0.83369248250044581,0.11963236445039299,0.26823370817832853,-0.3046020357986664,0.91393012729869649,-0.20659372911335555,-6.7997170682575945,-1.0574462102998372,,0.07304799865541904,0.2666666666666667,False,5
0.90977096046597761,-0.22285884177862969,-0.3502152711317727,0.26029530183924038,0.96346617129436829,0.063081634504741635,0.32336226640291865,-0.14854922891909866,0.93454265352326715,4.7650788206795021,-6.4012777493994246,0.59188418338276039,,0.07368185781134692,0.36,False,5
0.24491933050422027,-0.73589192516577606,-0.63125081863010024,0.96882162386881676,0.21087663229223369,0.13006039780530432,0.037405650235659151,-0.64342374872932173,0.76459577353105568,-0.050616670358615667,-4.9836670819020199,-1.1049530474125604,,0.1394410647925149,0.2702702702702703,False,1
-0.85652210453022715,0.43537446374596761,-0.27716233649076744,-0.42227434969359368,-0.89993056201637467,-0.10867086610377102,-0.29673937730264716,0.023959546464871348,0.95465788746086122,-3.7154314890665394,9.3435551122663512,-2.6929204477483215,,0.08749438528989484,0.1818181818181818,False,5
0.50638902860913337,-0.73658187826973376,-0.44834951578978044,0.85123394923946305,0.51005421532928474,0.12347251146314339,0.13773494606121772,-0.44417545410508685,0.88528935981635648,-2.6315774253322237,-17.754113033266865,-1.5862343735309425,,0.260824690821943,0.3720930232558139,False,3
0.91676666872207446,-0.090840295245563696,-0.38895618760977196,0.20967454247404474,0.93828308361590917,0.27506624881748004,0.33996391184731556,-0.33372577928580616,0.87923355422865379,19.893636294073282,-26.743731936936438,7.0679073021916921,,0.4813286581556036,0.4,False,4
-0.07666953319470414,-0.92134730819715571,-0.38110486792687459,0.99347854886199127,-0.10294626963728074,0.049014676565691376,-0.08439286480963426,-0.37486157878025134,0.92323162918283908,-13.327993571893076,13.69457764174448,-6.2923369064186163,,0.08183685642744772,0.25,False,2
0.28895675083266015,0.95557693073658578,-0.05810959982892544,-0.94375613119377266,0.29452052464425726,0.15027316925330758,0.16071204367561817,0.011418844395002847,0.98693528106471495,-12.843661931377342,-6.699239375462458,-5.6084552026584866,,0.4883508735731079,0.3529411764705883,False,1
-0.88680926838179774,0.31421691896052872,-0.33887615636260449,-0.32535454866902425,-0.94526019993252763,-0.025051388861543171,-0.32819771353943838,0.088039095079795904,0.9404974101851713,-21.653673201154763,12.24306239069869,-9.290306015711252,0.2327759647370434,0.1697229916503574,0.25,True,4
-0.93623855601624151,0.11984754186313815,-0.33029370708202282,-0.094654361029466033,-0.99130614160021946,-0.091393027982378805,-0.33837541010943045,-0.054301936752271844,0.93944312307782929,-16.158344777769678,10.888842559672646,-7.2561871365276644,,0.1809365155220808,0.1555555555555556,False,5
0.85438656972811156,0.40190616809296353,-0.32938582470571248,-0.39193166637762433,0.91461319956600451,0.099359267660825479,0.34119372555586408,0.044205511290648036,0.93895298839337171,-14.737887155044376,12.06590899670692,-6.7454406590297502,,0.07776291335815613,0.15,False,1
0.66737265270538781,-0.61557593059952742,-0.41914199990874235,0.71513588168136721,0.68678874370621901,0.1300072776818561,0.20783265660811756,-0.38650678543197625,0.89856446160654102,-0.1681504202996954,9.9737197939137605,-1.4445905009858511,,0.5125038070541785,0.9483204134366925,True,3
0.71839963857777267,-0.57153055148918563,-0.39655363824556361,0.65607541416837711,0.74616581210173694,0.11314429625194575,0.23122934548866905,-0.34145191398646924,0.91101239301112613,-7.8661742234539291,13.5831627353068,-4.3357050837135729,,0.1026938824508766,0.28,False,2
0.21399325862558161,-0.83404681930420399,-0.50850052947007418,0.9764862365014183,0.19655956186392193,0.08853794984728032,0.026105845822370813,-0.51549029268105895,0.85649766080561773,-31.784844820533571,11.507368672296458,-12.887300538360348,,0.1929377539702123,0.3846153846153846,False,2
-0.91678819410773704,0.21266270289298417,-0.33804434907704628,-0.20133072639258229,-0.97711240519162168,-0.068682503091240632,-0.344913533736948,0.0050914063767718148,0.93862065384594917,-10.131817901547835,6.9675279303640894,-5.029793456425443,,0.2360130177337361,0.3539325842696629,False,5
0.71620710735228366,0.62538304646877063,-0.30974735602989939,-0.628842437368207,0.77078703414852956,0.10219851737342014,0.30266246602921593,0.12158697783049047,0.94531055134234088,-2.3298830878695287,-3.8813014086796005,-1.9231852979923085,,0.08095944865950552,0.308641975308642,False,5
