axis_00,axis_01,axis_02,axis_10,axis_11,axis_12,axis_20,axis_21,axis_22,location_x,location_y,location_z,dbh,dbh_approximation,score,reconstructed,number_clusters
-0.028674456615743645,-0.88182276714372021,-0.47070838412416738,0.99954465273021309,-0.029720935025317384,-0.0052108751337643089,-0.0093948249707300584,-0.47064346735954354,0.8822734632162279,24.982838588678792,-4.3428212745851589,4.4440119480039453,,0.3469400080195695,0.2142857142857143,False,4
-0.86156807774227295,0.48180412934696443,-0.15989130170118165,-0.43432069573317011,-0.86266699793220059,-0.25917404178756043,-0.26280407278681928,-0.15385197958706462,0.95250385180523123,-9.2455131046953856,14.932506752678837,-4.4616497108107644,,0.6994047967164684,0.2125,False,1
0.95099727759173125,0.060869926737297304,-0.30314852800584813,-0.035479367880368054,0.99543742172603111,0.088575131285493436,0.30715695087027722,-0.073479190567322869,0.9488179045979509,2.0253836549429547,13.937228516414239,-1.6257698170605073,,0.07887215034723864,0.32,False,4
-0.41093784645361053,0.88751662701530121,-0.20843301831392116,-0.90597897318961773,-0.42305054653359636,-0.015176798605478013,-0.10164736342057583,0.18259921097586379,0.9779188829655745,2.2995109088234762,5.9527712501189409,-1.1599889352157193,,0.07302834556148119,0.2075471698113208,False,4
0.94762208846929064,-0.053644394482598882,-0.31485656478100787,0.09436548012106033,0.98881016619001982,0.11554051843742681,0.3051352709973455,-0.13920033828932638,0.94208053382580592,-13.27146643148077,20.864561357138388,-5.8036023934874867,,0.1395944204569196,0.3548387096774194,False,4
0.1661668347704664,0.98297016757872036,-0.078474407755820597,-0.98219478645352909,0.17205758523733974,0.075429363153895312,0.087646930841137477,0.06454329564376049,0.99405843817230921,7.9295047827945506,5.3735620576880745,0.11806176742354448,0.7656682872524735,0.6424613246290085,0.4069767441860465,True,1
-0.65384110650763072,-0.64819838087855941,-0.39029561420452835,0.72159589832515569,-0.68935146797633273,-0.063983694166453331,-0.22757672763529202,-0.32347088373652477,0.91846361953728084,-19.697293734856689,20.551289865826973,-7.4754900027163256,,0.1663507922884232,0.375,False,2
0.92858613686703617,-0.15719782599724308,-0.33617946088375961,0.22178406454336946,0.96136331408710651,0.16307178493558952,0.29755607056986311,-0.22598544605614995,0.92757261874088681,-4.4109789972266249,16.065120629291172,-3.3630126110274112,,0.1451131446875261,0.4482758620689655,False,5
-0.80303693116626451,0.55912781481530227,-0.20617413485433453,-0.54688993264715113,-0.82888184312803448,-0.1177552194251604,-0.23673421542367501,0.018192768688080757,0.97140410459046322,-28.758440111366593,6.6908932102666894,-9.3925741319888765,,0.186218695382347,0.2352941176470588,False,3
0.94861761596990157,-0.018442372983760447,-0.31588684295220359,0.090136172500019707,0.97268965169498967,0.21389322544795181,0.30331516460379782,-0.23137571256337491,0.92437286338206803,12.859917169228485,0.23718564337762926,1.4403995952239417,0.3818990859855655,0.6533959492221539,0.1836734693877551,True,5
0.9463938949947821,0.090412897423608668,-0.31010337549932193,-0.048156690544005162,0.98879174603888853,0.14132167604870616,0.3194049603128517,-0.11881241915235352,0.94014045779485067,-10.52591430538898,12.398439422912965,-4.7237496562103525,0.2265035312549535,0.1590850162605476,0.6410256410256411,True,5
-0.48583355748740975,-0.74722960000189753,-0.45344644590087346,0.84720595321827419,-0.53017217685138229,-0.034051956246069964,-0.21496005966375542,-0.40070611147532142,0.89063280030306768,-6.3698230769039208,13.528136612211226,-3.7001720850876674,,0.4784060445629654,0.1666666666666667,False,5
-0.62642568689520084,0.73416015927122136,-0.26191548128495939,-0.75846148509520994,-0.65159911755997968,-0.012440483199066335,-0.17979720360741425,0.19085976667153343,0.96501062949640259,-7.5050572438198202,12.331054560334945,-3.9855075471743486,,0.07368907008190066,0.4745762711864407,False,5
0.13113370921999604,0.99022649742042623,-0.047491410935882744,-0.98861961376786822,0.13418297471577303,0.068016090522011824,0.0737238738786683,0.038031738099929019,0.99655324861114236,0.84029530645312422,13.824565626913142,-1.9283243631338929,,0.2813449278219949,0.1428571428571428,False,3
0.78628762544096409,-0.52536050325547468,-0.32518934745400985,0.57305017572784667,0.81686554032469449,0.065910432621320972,0.23100923396413123,-0.23817437026094909,0.94334919471747369,0.092766978872856398,13.204027925428534,-2.0585996661428947,0.2951113681872126,0.2367854221115639,0.4347826086956522,True,5
0.82354676369663227,0.5323131837239844,-0.19599337345542966,-0.49181010308381162,0.8422160670234492,0.22089571963314308,0.28265447194320897,-0.085526433815454744,0.95540131809063189,-11.365346115054214,-7.4330938137020199,-4.2509919156161269,,0.07765648642122672,0.3571428571428572,False,1
0.59114047511148382,-0.72082161450087667,-0.36189658571658007,0.78527252539377768,0.61677104421685403,0.054226745037205551,0.18411952516408336,-0.31624306962208759,0.93063973769088104,-10.951775315551933,10.733310591867101,-4.745326020476301,,0.1214477285443814,0.2911392405063291,False,5
-0.93309282668744686,-0.17455382023044722,-0.31443400043154773,0.17868402817610202,-0.98377833701983886,0.01588085908386962,-0.31210542266867425,-0.041366018099842257,0.94914648905602106,12.186862631781345,10.308156008671121,0.88321791563421781,,0.08851539973342279,0.4,False,5
0.04499356997826378,0.99833699000122067,-0.036039326518596593,-0.99782006019813818,0.046655159286223845,0.046673585443609292,0.048277387323631016,0.033860751723492899,0.9982598576352375,25.153606155437281,4.2151739088047524,4.2878310620295759,,0.3885999907374262,0.2608695652173913,False,2
-0.077551260386051285,-0.86874235222723595,-0.48915491151497698,0.9956137338419957,-0.09323789321586419,0.0077452084457629161,-0.052336364009511159,-0.4864086972036552,0.87216253318226655,-33.530603433585078,16.025117273890626,-11.180922976187233,,0.2831763945855325,0.5333333333333333,False,3
0.92540411866855454,0.22708872412144335,-0.30341049508573581,-0.20710938765725456,0.97350340499695309,0.09693720649769251,0.31738449662123286,-0.026866928299197596,0.94791626711870136,-7.4816636287092653,18.18578066238511,-4.2361079733277203,0.1570677561365316,0.1296732019845567,0.5,True,5
-0.93270473529881059,-0.18512031367437604,-0.30950338643749431,0.21065129972583457,-0.97623509372991257,-0.050902570602733552,-0.29272496763172234,-0.112674359262657,0.94953492936792872,-23.560789517377465,17.405278421477785,-8.3472273012133531,,0.1966427816716206,0.3243243243243243,False,2
0.95054581426600715,-0.021628297842612366,-0.30983039184980987,0.049811626151153143,0.9952752304271163,0.083342771722751757,0.3065639523517944,-0.094654278459476923,0.9471320450115519,-21.38247008005024,13.299490503934713,-7.6152782333830977,0.3310290396476329,0.230546431501708,0.7432432432432432,True,5
0.88134246166021402,0.41360783733630613,-0.22839444425970457,-0.37153963305944654,0.90532703833966277,0.20576990721966171,0.29187971210888791,-0.096496168551503503,0.95157486469227082,0.37961287022171253,7.3605492352706969,-1.6782749375999373,,0.08098949376327562,0.2222222222222222,False,6
0.42862579150511976,0.86751848098747464,-0.25237197943075135,-0.8904323298386615,0.45292423820106392,0.044608299990930175,0.1530039111745328,0.20559990173920825,0.96660151229455715,-4.0150768919412299,4.8892480870535833,-2.7837164140545809,,0.3229294514408559,0.6155844155844156,False,5
-0.91825048844982071,0.25719113238096114,-0.3011125402341549,-0.2709623586433989,-0.96258107822822792,0.0041313478902093026,-0.2887826876044905,0.085383776337092682,0.95357966110773673,7.4204307851141875,10.587834390639953,-0.21909117636307074,0.1536535195992304,0.1032345601435114,0.5116279069767442,True,5
-0.34260496844735677,-0.85741836316076647,-0.38399946108021704,0.92858021607482599,-0.37113170176290494,0.00020557480274088075,-0.14269063707761254,-0.35650387159367813,0.92333329390264207,-11.960165367202075,-9.1183448868420065,-4.3494590922374936,,0.245577539089947,0.4857142857142857,True,3
-0.16334829621350699,0.98129970080711926,-0.10182451237301193,-0.98617063280475104,-0.16534119012720122,-0.01139183219669386,-0.028014587586136317,0.09855550742184821,0.99473714861726159,4.6720252693090689,1.5291173615290614,-0.45746715530470283,,0.5760266181711282,0.4489795918367347,False,4
-0.15421121915802602,0.98803252082275383,0.003261546018124506,-0.98787467282493335,-0.15412490078292546,-0.018685442185914142,-0.017959139089194227,-0.006103503525554832,0.99982009210051737,21.654459427952762,-0.12254423647208393,3.5850831905551832,,0.4241268901382987,0.2121212121212121,False,2
-0.37543846736025954,0.91406007662826938,-0.15342794250234687,-0.92623141495909556,-0.37604650919954902,0.0261608268544237,-0.033783474792463242,0.15193156101731331,0.98781348320307483,-2.9726603925701016,-11.907064235251692,-1.842383160001219,,0.3239705332841963,0.3333333333333333,False,3
0.12544462278493312,0.95965678485221484,-0.2516396270491873,-0.99096504600845736,0.1333357585026882,0.014486307119759137,0.047454443456866745,0.2475488452641641,0.9677125838825168,3.409425020219083,9.847489852590213,-1.0841915168221876,,0.117655414991771,0.5072463768115942,False,5
-0.79622369540078741,-0.47767386721478516,-0.37128897568118913,0.54222510319171868,-0.83564215199965086,-0.087716197307700056,-0.26836498346663062,-0.27116391791952166,0.92436484424035248,-6.2184366065907941,-8.4143770408422611,-2.7855308403753214,,0.09005882409544576,0.3333333333333333,False,4
0.22754680566706756,-0.88631571920711805,-0.40331984468543652,0.97352850000526525,0.21622986382327966,0.074073650297974636,0.021557154455412279,-0.40949858592837263,0.9120560274536047,4.8942699588715302,15.808907801194557,-1.1013283346490796,0.1409449658437133,0.1491425921384787,0.16,True,5
-0.2959592279036346,-0.8197107720065101,-0.49039003423313676,0.94789558920815165,-0.31540803826157887,-0.044852216887407051,-0.11790711334952218,-0.47811297792098767,0.87034814468987631,-1.5049591175378265,3.2333304814759583,-2.0595722750185708,,0.2823239342896592,0.3866906474820144,False,5
0.92221866556104026,0.24320719690916806,-0.30060437831542125,-0.23896326672592963,0.96966682029593554,0.051408314238495387,0.30398896369192085,0.024423697278602392,0.95236242731680509,10.142378614881856,10.367699446234926,0.44240484685959319,0.277305332715674,0.2220730224134283,0.7714285714285715,True,5
0.92670582005416136,-0.18502067734735561,-0.3270835856958752,0.22203277309259609,0.97180478464698494,0.079353060495737704,0.30317943655623636,-0.14616021856563499,0.94165780395974519,9.1424825075329839,-4.8689606983928311,0.78984376585422356,0.641554522801346,0.7390823948636054,0.7030456852791879,True,5
0.9164358715902482,0.25986955110561316,-0.30432402085735788,-0.25266692432764543,0.96546365961204639,0.063555859834664788,0.31033001565016294,0.018647744546802153,0.95044597058953717,-10.813077549463811,-9.4091579643451482,-4.0374252678166789,,0.2147353853581146,0.543859649122807,True,5
-0.052867129574609845,0.96633305392273872,-0.25180447872683892,-0.99847825691936953,-0.047190104812416367,0.028535319641654067,0.01569194283062569,0.25292987744461276,0.96735734867010437,-15.388909680173651,11.840659947922235,-5.9587592001329854,0.2747584402818612,0.2631337891447152,0.8944723618090452,True,5
0.8869507337549809,-0.31484263231161413,-0.3379238268761095,0.37115348294638034,0.92132619346370415,0.11577191945568219,0.27488813722725836,-0.22810559422507751,0.93402588288277799,-4.6944194290642933,18.619633339924984,-3.5051812301232186,,0.09303040209695683,0.1333333333333333,False,2
0.20498426681696039,-0.79293664416203669,-0.57378822635408033,0.97823578615643814,0.1852564501369055,0.093460121793033091,0.032190014607165245,-0.58045803123716055,0.81365365907852394,-9.8981487851127845,14.489739690239519,-4.6504053874374849,,0.4004819275606568,0.1333333333333333,False,1
0.50368590087210352,0.85538629982973524,-0.12089165118506795,-0.84084585506499232,0.51753206883462355,0.15855221773213105,0.19818870119832788,0.021790727187248865,0.97992163101238428,-4.4321770165168521,20.294923807642537,-3.5712144056581501,,0.173159401115785,0.1428571428571428,False,5
0.61217331090123206,0.75907919273166069,-0.22145567633743968,-0.75654157410877909,0.64372512214497313,0.11516429031800474,0.22997539882612172,0.097039921070087215,0.96834630667622046,-0.37767843353367703,4.9883071082707442,-1.7904340804189927,,0.1169365590641008,0.3016759776536313,False,5
0.88188382828573153,0.38656011813557756,-0.26991144561709512,-0.36105993326132646,0.92188225758646869,0.1406016633635685,0.30317756843379473,-0.026540124609428992,0.95256442500457017,4.3498279610719539,-7.1856532251809586,-0.29071092384990482,,0.09855755564619112,0.1785714285714286,False,9
-0.27242908391929432,-0.89451309051575101,-0.35444142693942216,0.95489320569495739,-0.29659173373843661,0.014570833731692108,-0.11815819883741564,-0.33448419151581454,0.9349646868590864,-7.4103549358982557,21.485105869097492,-4.4157185335596694,0.1848609939709755,0.1686772989923085,0.4137931034482759,True,5
0.94554468021487459,-0.094721655241545771,-0.31140498670646305,0.12913108173641191,0.98737319106579924,0.091756990437378158,0.29878156142395207,-0.12697239697210852,0.94583697800425559,7.3233245096093125,12.132697122575319,-0.32048395445597477,,0.07608921634404531,0.2105263157894737,False,5
0.76163326518034546,-0.5495888811357279,-0.34331739120339516,0.60621719327659429,0.79147985970427226,0.077848225788099246,0.22894428131441685,-0.2674167036938514,0.93598761884917103,-17.523333612986374,11.95564927000577,-6.4993810383945485,0.2026186684051204,0.186642459437277,0.875,True,5
0.91764582475659096,-0.1550024863047956,-0.36592399422028693,0.28016149931408557,0.90537692747412002,0.31906449739763765,0.28184335118799703,-0.39530601872075649,0.87424108628813901,17.283962579765806,-9.4471541099978626,2.7711089710625774,,0.3448547999568563,0.2777777777777778,False,3
-0.59832668118748666,0.79921469292207392,-0.057105666939840233,-0.78511926960345235,-0.5990185034648301,-0.15736761103892433,-0.15997785808201817,-0.049322480921297485,0.98588760911133244,-25.274073637604587,15.844924480688038,-8.8852393991025824,,0.4449833443139727,0.25,False,2
-0.76572324879851827,-0.55399472966112162,-0.32673803843009036,0.58543019094350235,-0.81071858430469013,0.0026208004223900322,-0.2663445095760319,-0.18927550441274812,0.94511130860232706,-8.6730637188270006,-2.9845400402775115,-3.6197550901488884,,0.06591540874954736,0.1707317073170732,False,3
-0.46137791133139811,-0.73424431778737909,-0.49801175160072603,0.86630755564029949,-0.49395035344432192,-0.074325415389084326,-0.19142006680598248,-0.46572344812042304,0.86397918255871031,1.8087019442474495,-10.442657887253381,-0.67939539589645503,,0.3821679578773514,0.2564102564102564,False,3
-0.35003265949501716,0.9263741903456717,-0.13895321784056228,-0.93367371631478546,-0.35701553990326068,-0.028165506040574169,-0.075700255942656752,0.11987812030969047,0.98989833191153132,-12.286997465536736,21.442516418298375,-5.573619222693412,,0.4224079045178526,0.4,False,4
0.94333752715661201,0.19054709756234592,-0.27167280590558429,-0.12229905106780249,0.96070836722424613,0.24916335054184358,0.30847569104544109,-0.20181981259501861,0.92957598467158586,-10.59516076984861,18.956219294214058,-4.9968816424156461,,0.5584095267636613,0.7777777777777778,False,1
0.95068053040671985,0.062418716886947972,-0.30382632026831385,-0.037499939290106164,0.99548681254988858,0.087176605763822732,0.30789654700700253,-0.071483633241810382,0.94873062906165007,-3.7431823584398183,2.45406972183146,-2.567881548640484,0.3335893234851783,0.2751676733434854,0.863941427699817,True,5
-0.94531807160274917,0.095703637542913125,-0.31179249070866605,-0.092243124981406049,-0.99540053903906756,-0.025864508006116171,-0.31283374081918275,0.0043105268574077302,0.94979812063579461,6.9517914354601054,15.935198151724169,-0.59715221366570292,0.2300297001798038,0.1781858938517024,0.2926829268292683,True,5
0.94544036883379323,0.18769177049400995,-0.26629740567313875,-0.11395268919444727,0.95625686591539028,0.26942084369073771,0.30521679771069932,-0.22437603632852404,0.92547182599835343,-21.915497120467016,10.400439153342008,-7.6451620581577773,,0.4782079487699918,0.2365591397849462,False,2
-0.88218420745516135,-0.27237023436233576,-0.38414252504782065,0.35099730124357065,-0.92415207767571872,-0.15081058267702308,-0.31392979889847894,-0.26787570393945631,0.91087358541265306,10.476855485803428,0.17874935411115417,0.91407386822413406,0.1942401978868104,0.146087412757722,0.25,True,5
0.59454814204707684,-0.6715857642449844,-0.44213693359845846,0.78703817097339956,0.59862598686775459,0.14905651705796594,0.16457042328199059,-0.43659991881594057,0.88447559981646706,7.0471615252009903,-10.23427495291981,0.54459982118389871,0.2416560695141953,0.1086484386150023,0.2,True,5
0.67191458142483518,0.7335748494602149,-0.10197419040184674,-0.69905849747058424,0.67364038616223099,0.23984546534252094,0.24463853413323575,-0.089869741129170594,0.96544053014492737,1.1093928545319116,-4.2110196417269199,-1.1636179305644501,,0.6909433643854933,0.4735449735449735,False,4
-0.86350000163078289,0.44820686071584398,-0.23125388038017181,-0.44743158841574299,-0.89237868956658095,-0.058866357923676109,-0.2327503402175905,0.052639190862711849,0.97111090752494156,5.0554337296317957,-9.4406180668067901,0.038960192938844916,0.3972108637296614,0.1838373878498227,0.2380952380952381,True,4
0.85737488744154411,0.44900925589836183,-0.25159290630341297,-0.44051895420043591,0.89296955250431365,0.092457716229632475,0.26617917532134766,0.031560519923544403,0.96340675740177451,-9.4082359061635792,13.286381158042085,-4.4601801176989841,0.9455239397205757,0.6902496919742476,0.7967479674796748,True,4
0.75279125642626776,-0.56352079973365454,-0.34021997665584552,0.62082822677867133,0.77960530173490639,0.082388629929601942,0.21880959093013377,-0.27323960506187323,0.93672967346114311,3.2810429731008077,-8.2893241501960393,-0.48899102653698606,0.3664997025911886,0.3336771340579611,0.922077922077922,True,5
-0.83176671976420335,0.52713888938677744,-0.17403653406331362,-0.49694419306917215,-0.84677748051994139,-0.18977451741245252,-0.24740774617526756,-0.071361682858341546,0.96627993736396034,-21.808177475579686,2.8677578865955029,-7.2309119799373036,,0.200112984026602,0.4285714285714285,False,4
-0.067994539507655591,0.95734799597614395,-0.28082299976605385,-0.99760166633713465,-0.061586875499361093,0.031590696218999736,0.012948278592801437,0.2822974873545448,0.95923952728961104,0.12533626664266545,8.4640875817966759,-1.7963208310634775,0.3543846252511347,0.2416434452374283,0.7540983606557377,True,5
-0.077248527566253958,-0.87354545398404293,-0.48057362059590691,0.99390111540556969,-0.10551797103372326,0.032039515984041166,-0.078697126913318594,-0.4751676521110621,0.87636890896633857,22.46406093384352,-4.1358210874941426,4.0245458843237634,,0.4752993047488978,0.3888888888888889,False,3
-0.14965706484250174,-0.83551442305172363,-0.52869500831317917,0.98646794507848101,-0.16238748080796561,-0.022611930688946298,-0.066960856292063026,-0.52492471360128201,0.84851062973615488,8.7209970367322178,-7.8793205403781501,0.75585440736071308,,0.4723604644871141,0.3773584905660378,False,4
-0.46633004824325053,0.86801764864665876,-0.17053342119178058,-0.87571056408143755,-0.48025633067557871,-0.049848418251735686,-0.12516906191874433,0.12609210317840985,0.98409018258207759,-1.6582354787137952,22.00032182015185,-3.0126916282404421,0.6486062457250992,0.2345868588516246,0.5645161290322581,True,5
-0.88486670780136045,-0.3209617313101365,-0.33763068056558926,0.35927794011813058,-0.9315462180497267,-0.05604467308964959,-0.29653038827286526,-0.17089532080092906,0.93960870481232384,-22.704629303435016,20.999452165915709,-8.3242452766248469,,0.1013983053072844,0.3636363636363636,False,2
-0.047387274190576201,-0.84833341849975785,-0.52733751744144164,0.99810114723861065,-0.061012440407601842,0.0084606144268205563,-0.039351570816901646,-0.52593525568459898,0.8496137714880917,-4.5038048745779333,-10.665037773161158,-2.3128332440098447,,0.7334254538106956,0.2894736842105263,False,3
0.34462953695875881,0.90402351409007375,-0.2529268040912736,-0.92773457900116518,0.36912789028059884,0.055255330444448074,0.14331445559022432,0.2156063231661545,0.96590624815747472,0.079953885165900851,14.25089190895816,-2.1156562361426121,,0.09349198971506598,0.2692307692307692,False,1
0.81003198190454828,-0.47786016132198078,-0.33984975285134539,0.5341427607793422,0.84043959077873931,0.091393683363176506,0.24194978693690269,-0.25556009170642524,0.93602849322453407,-1.8365061319118337,6.2162491259155104,-2.2332459928511059,,0.07448827735818789,0.2301587301587301,False,5
0.80378693611410634,-0.39869781837935342,-0.4415502360455073,0.54443178673568215,0.79217564626934134,0.2757748629762069,0.2398345073672509,-0.46205821611275022,0.85380420120693512,20.26445261743206,12.721127905747229,2.7140933962232872,,0.3525788832253118,0.2307692307692308,False,2
0.91102232868633126,0.29619478617711081,-0.28689190521245017,-0.28001376721568899,0.95509463705474373,0.096884077324115331,0.30270547864981207,-0.0079298745742176074,0.95305115827253728,-5.6549311332442693,-4.8007943786045955,-2.827797341568727,0.5014168299699661,0.4389234526209374,0.9834645669291339,True,5
-0.82520776271637986,-0.42666360341177345,-0.37012203106044461,0.49789982232647395,-0.85889301797478657,-0.1199939606873178,-0.26669817262196105,-0.28330364134236768,0.92120091810758764,10.957242176169178,11.756044972889752,0.55905971343111804,,0.2073538047031305,0.16,False,3
0.38755366405079889,0.90643676735120471,-0.16785274580625223,-0.90846744289218795,0.40645389779570451,0.097376250552220364,0.15648981655599831,0.11475023207199672,0.98099098953746411,25.356805126613843,-1.740409457516972,4.4753329272674529,,0.1558010965792148,0.2666666666666667,False,1
-0.94129106201639889,0.17365808291094731,-0.2895064883689748,-0.1785270430148182,-0.98388699322332274,-0.0097200554708342865,-0.28652963455884634,0.04253533596511698,0.95712669679301587,12.603734496083016,16.281126206877488,0.82415216923234791,0.1859922544650156,0.1083665663603102,0.65,True,5
0.73353823499541859,0.65219588878571311,-0.19121239617456695,-0.62802123866696158,0.75799543856586438,0.17615969714028917,0.25982875434220359,-0.0091344274235859446,0.96561150606888579,5.7556607625011091,11.576746908928325,-0.5737383535509456,,0.0854760501924673,0.3333333333333333,False,5
0.14058061544342657,0.95150785730312071,-0.27362362480599622,-0.98689368184702086,0.15678918688858232,0.038183918149530545,0.079233523788736146,0.26466950781161475,0.96107861298791719,2.5106585336380181,-7.6194147468333995,-0.66970838404699162,,0.0655068832771752,0.2448979591836735,False,5
-0.59297071490728681,0.77468609951747891,-0.21965240375815567,-0.78836642180963834,-0.61406425367762529,-0.037463012671286676,-0.16390276454474115,0.1509521101864294,0.97485862780449128,-12.424004224363435,-5.4614122047244358,-4.5428795504502855,,0.3690746869090113,0.4418604651162791,False,1
0.72400634625058347,0.65853577903484051,-0.20529354183670398,-0.64743102620829562,0.75144013034759227,0.12716444788567952,0.23800814459122277,0.040845541178589212,0.9704039184144273,-8.1143878569599313,-2.2755116991439479,-3.4885447695616745,,0.2609634069881095,0.2575757575757576,False,3
-0.93086581510523247,0.19868413190116815,-0.30661612808061772,-0.13919641912358888,-0.9687779499137722,-0.20516734794805688,-0.33780644039396401,-0.14830340350628521,0.92945839569978106,-6.2229288470897224,-11.99549753372988,-2.6942256456737534,,0.286482079313621,0.25,False,2
0.65042190236303221,-0.62980979440766915,-0.42460684379155134,0.73023948224028934,0.67232813688293003,0.12134733179168869,0.20904939010647233,-0.38899164415665405,0.89720892398170815,8.6053843390400928,7.113456066162879,0.18662910428142476,,0.3187260830438001,0.2380952380952381,False,3
0.18212490293488809,0.97392868599704241,-0.13525322296726361,-0.97935866277956662,0.19194043931444163,0.063367794615240072,0.087676275979181872,0.12092056213834726,0.98878262944014605,-19.05013831479955,24.536462522992647,-7.4840268964879337,,0.1991615932898996,0.3684210526315789,False,2
0.26047442501434109,-0.78227221864059215,-0.56586504562181095,0.96415523163196915,0.24145857796340081,0.11001111055069338,0.05057433370943093,-0.57423682489981276,0.81712563642247171,-27.017666167333314,5.6617334028189701,-8.8858522529749226,,0.7696316090570923,0.3518518518518519,False,1
-0.80480615204229733,0.53240982383543745,-0.26234869376154651,-0.54246406181432938,-0.83917744223347002,-0.038909665719348778,-0.24087299407524063,0.11099999968473083,0.96418836375223893,5.6003595578972387,13.104329011575839,-0.72383288173786065,,0.11288321408351,0.4594594594594595,False,5
-0.94747904711662634,-0.076102289399715903,-0.31063144854166547,0.088187396879339019,-0.99578947780656457,-0.025025964943990779,-0.30741899470692663,-0.051105356254054254,0.95020092835964487,-20.633323879756908,11.121851138444182,-7.3437251804149399,0.6512345957676982,0.3253276101440467,0.6708860759493671,True,6
-0.92711928006981381,0.24861226880054241,-0.28043141821963585,-0.23840816333347939,-0.96860194853883097,-0.070511083828974808,-0.28915633864535378,0.0014849540822847451,0.95728073559044646,-10.769100809438786,8.6205454206658843,-4.6216589273641349,,0.07867109897077085,0.3176470588235294,False,5
0.29277968485328459,0.93213264978726051,-0.21309335826766962,-0.94848160476005361,0.31134119188789039,0.058730806785054351,0.12108964269914566,0.18491994331172071,0.97526504756224341,2.9595709142391691,7.3443627728245273,-1.0254479847234304,,0.3430629601739129,0.6979166666666666,False,5
0.80426723216345952,0.54378370705428003,-0.23969459570552115,-0.52790908102446876,0.83897831536393008,0.13201283468285885,0.27288499672944505,0.020363356584998021,0.96183112461001363,-5.78048472169126,-13.140005127037275,-2.502357260642023,,0.1883846429345431,0.5714285714285714,False,5
-0.3014595147839666,0.92045633833052387,-0.24876151264490015,-0.95150611801394858,-0.30719136472553399,0.016418672908897657,-0.061304717014604541,0.24164766637653973,0.96842559704219466,0.60759119110602988,12.251859431736124,-1.8779968958373945,,0.08660940136631355,0.2682926829268293,False,5
0.32111560405598633,0.93532797866930983,-0.14848010354974944,-0.93653405419555558,0.3369145974387911,0.096915011039034354,0.14067243569298751,0.10793575103293046,0.98415503833753859,1.831878867273351,20.811520450646494,-2.1144655879922727,0.8094341697676564,0.3943409972014667,0.15,True,5
0.89660571334011918,0.34994658667055256,-0.27135876857674285,-0.32334543211769634,0.93605151770667361,0.13876342359445604,0.30256557361087383,-0.036673460113051518,0.9524227690415954,3.8145637783886617,20.729182053667589,-1.6309933686299802,0.3939226724456932,0.2705959044963435,0.4,True,5
0.75323772158931213,0.59852796291995813,-0.27275852393248384,-0.58351576093929913,0.79944066458052199,0.14284250260508852,0.30354948774519941,0.05156453643677103,0.95141936446116571,-9.4151753867854033,31.899571158681653,-5.391013376310676,,0.2514864452322378,0.6923076923076923,False,3
-0.2925821734678829,-0.88605260523570539,-0.3595920640445589,0.94764820519515724,-0.31896845374513788,0.014899822342248993,-0.12790055105121459,-0.33640735168906821,0.93299064452455271,6.3157958497364826,0.63401227249749548,-0.097029167162102012,,0.07793671077965734,0.2307692307692308,False,5
0.4889895834699059,-0.80023265640295194,-0.34715541603755018,0.86288133624934249,0.50205201531872212,0.05813409900360679,0.12776927177721284,-0.32798089813384934,0.93600402971826768,-5.1833254624858718,3.5858305434363191,-3.0058048670999433,0.1973813739077938,0.1289921395541523,0.5958702064896755,True,5
0.66698437732167193,-0.62532838872496799,-0.40508794929429448,0.72006036571571663,0.68068743657799513,0.13482463947745796,0.19142860322890662,-0.38161370512537052,0.90428207431437924,7.4365124704529286,0.94298921065983898,0.18184797974224348,,0.07333046181333265,0.3770491803278688,False,4
0.90584701161640213,-0.26522669283190603,-0.33029682552983192,0.3452049647245673,0.91410467683427998,0.21271147622826575,0.24550911159291985,-0.30670415908354992,0.91959656095796072,-33.326538389667995,6.7554017806118267,-10.834825231130251,,0.4895031796424806,0.5714285714285714,False,5
0.71481632980933318,0.66325634994658156,-0.22164978884143824,-0.64670115047855392,0.7475676864717925,0.15139410858064736,0.2661113237117716,0.03512219239671252,0.96330223450048047,-25.211329925459481,5.4374930132531549,-8.2985997913233405,,0.2010443406907515,0.4090909090909091,False,2
0.73548802456717055,0.64919362603234498,-0.19392009085512055,-0.6242744217486772,0.7605551445919202,0.17843014987697539,0.26332263873172274,-0.010173885872209548,0.9646541763645784,-8.099446967682427,22.794056871731364,-4.634762879328937,,0.2750082914761006,0.2666666666666667,False,3
-0.92452214132276933,-0.19644463097144393,-0.32660115916275606,0.25829523093663825,-0.95307292132064536,-0.15791003869520598,-0.28025414159179046,-0.2303508489409708,0.93187772937914148,4.9892099107085919,20.722848045754155,-1.3623204962891733,,0.4705251502952847,0.1923076923076923,False,3
0.63701780665332963,0.76292750406068111,-0.11022675516552774,-0.74069045605847983,0.64541128408574833,0.18660633075720523,0.21350869375850501,-0.037227649973179566,0.97623160149987553,2.3437425720971063,10.930296407446269,-1.4229621489210111,,0.2246809790283038,0.3428571428571429,False,4
0.2422028955236015,0.94765645433833079,-0.2080504793334666,-0.9626624481395063,0.26144730353499601,0.070187736936952641,0.12090809874460232,0.18328271065537396,0.97559657627155649,19.454802179485295,12.233236802636677,2.5466966747897741,,0.2161516194239959,0.3103448275862069,False,2
0.93302128166538523,0.28846074856571113,-0.21508529586281405,-0.24309502902458985,0.94604363803552971,0.21425741946554927,0.26528493139079434,-0.14762056587553135,0.95280222171632878,-16.259401790471969,16.589263682145567,-6.3203778148493859,,0.5622733896379991,0.1333333333333333,False,2
-0.96111412501120519,0.065243389703558197,-0.26833363338190819,-0.034817679376135877,-0.99256546277153113,-0.11662560317528239,-0.2739477466722573,-0.10274776013679063,0.95624030969211216,10.556746526124954,-7.6731836421457418,1.1680604250491136,,0.3407745749044926,0.2,False,5
-0.85020266223722474,-0.34407079382040689,-0.39846043964806588,0.44216462140473767,-0.87749114331322375,-0.18574105896342932,-0.28573743314928096,-0.33410265225922142,0.898181238420517,5.8074438276145361,-8.2252907574727523,0.12438971186988415,,0.7654370150582288,0.25,False,2
0.95273992029766219,0.11221266527488874,-0.28230296141399175,-0.090057389100281715,0.99183346664648353,0.090310802833656723,0.29013154075288738,-0.060619239453534327,0.95506491761996515,-13.000297878929695,14.130015208704314,-5.434976971609573,0.1413111584600354,0.1118132723364574,0.3636363636363636,True,4
0.38018478163856623,-0.86086810837605932,-0.33817988082004885,0.91997225936351867,0.38970376452674638,0.042213954034967763,0.095449325885622799,-0.3271652119261903,0.94013421929704932,-0.4507705425071446,-7.4215642753412912,-1.4150079767316714,,0.09109741104920518,0.3870967741935484,False,5
-0.64709588218053604,0.75410156308382048,-0.11223970696475524,-0.74077503636966391,-0.6567047523453895,-0.14139028869942172,-0.180330986678715,-0.0083487005887760979,0.98357055387092684,12.005806147964224,8.3506856273404786,0.95370042212479356,,0.3784526449726485,0.1176470588235294,False,3
0.94484197324108643,-0.040604947084652301,-0.32499982134478606,0.10495840134357404,0.97749231678992299,0.18300957517045588,0.31025373420684477,-0.20702658981136238,0.92783759975643731,8.671668252232875,21.995886269070326,-0.46890885805459431,,0.2420578289940994,0.35,False,3
-0.23997267598584546,-0.76950743089161355,-0.59183733287346962,0.96443191534199579,-0.25857925380677471,-0.054843870856302768,-0.11083408974662848,-0.58394784296486724,0.80418948093513165,17.244019104757854,-10.469187694574103,2.8354707312380918,,0.3996445207445165,0.25,False,1
0.85740284017774337,-0.30119893042308377,-0.41730034024324708,0.44000677398242583,0.84959250571574185,0.29083777794713372,0.26693521405898868,-0.43298011333505582,0.86097259709682072,-2.8187903547056656,20.927308275400009,-3.2264988794108604,,0.4559674494912074,0.32,False,4
0.36960400998906445,-0.8557334090875548,-0.36209557905530215,0.92478777601673445,0.3766583770658255,0.053814833607104394,0.090335182127593533,-0.35475174355812467,0.93058624281280033,14.999811022129764,-12.818945627409443,2.5995436204183555,,0.1121986996932933,0.1578947368421053,True,4
0.81900292101536576,0.51534636721765847,-0.252294148096741,-0.49369564135769317,0.85697495948517644,0.14784631385258207,0.29240182809400167,0.0034699583487940999,0.95628925034026346,20.186756944034293,0.92485568621590242,3.1899011908501969,,0.1424891859204539,0.2857142857142857,False,3
-0.093303990635706144,0.99006299115399454,-0.10521235135979168,-0.99563063332531243,-0.092383687036236978,0.013597659865840904,0.0037426348590994668,0.10602135594678466,0.99435680958472628,7.937929578090503,8.4012226193170214,-0.038494059259314595,,0.1228251077009302,0.4444444444444444,False,4
-0.80587504592083314,-0.48924508918065729,-0.33347361675956649,0.52274839005324525,-0.85239214327027824,-0.012718285570098541,-0.27802793215581012,-0.18457214525413362,0.94267364031113754,-9.9526752677908377,-4.1606658826313874,-3.9313773594992667,,0.06984235257219074,0.2077922077922078,False,1
-0.96291520025441157,-0.10252042044750781,-0.24956738671203094,0.1465413002782027,-0.97539351210796943,-0.16472141284743183,-0.22653910133082938,-0.1951846815939885,0.95424471475574502,2.1785463626419763,-5.9448160970837076,-0.82209438820353653,,0.3654336813764039,0.2790697674418605,False,2
0.60155362253692413,-0.67433652309162928,-0.42825634010180968,0.77847147118213855,0.61512775573599621,0.12490001072343565,0.17920772240118887,-0.40851939702771733,0.89498407498898525,3.7657469017371588,-12.497865486377528,-0.049688687650915775,,0.2536032706291436,0.1052631578947368,False,4
0.092013289594536959,0.96870324187866941,-0.23053759717613814,-0.99369052304794681,0.10423816411521866,0.041395042536355384,0.064130327791847325,0.22527413148349773,0.97218252748219336,-2.9947153857365647,20.201266319647797,-3.2029290678967457,,0.1917523540695392,0.5,False,1
0.61263057873271487,0.77705082543154325,-0.14448456214342281,-0.75502982957237708,0.62942836225741416,0.18371144014964838,0.23369580753091587,-0.0034570915677117064,0.97230361413519695,6.6055488484097395,-5.6728061942897314,0.23085626187581418,,0.4351391590381574,0.3571428571428572,False,2
-0.7782933588320613,-0.46157407347540613,-0.42568629563709237,0.55461153208356506,-0.82320531476124703,-0.12140452309843544,-0.29439004072459768,-0.33057886266995079,0.89668953349418168,-0.62890455036742943,-14.318415967153411,-1.0778273007549011,,0.347184012246653,0.1,False,4
0.94284071277155768,0.20657814414594117,-0.26148969521118842,-0.1195872794860329,0.94215523828506387,0.31311721376689788,0.31104705902089935,-0.26394881574508805,0.91300643466583264,-2.3735390540588734,-4.5652556913719486,-1.9657845516704979,,0.5925079791710263,0.2317880794701987,False,3
0.94788627518576396,0.11726211738319824,-0.29624517741436501,-0.080236663134273259,0.98769686950050295,0.13422731416513514,0.30834021340645251,-0.10346250434682978,0.94563302765435775,18.629281485451312,7.6869705745517853,2.5529006411135358,,0.2201197422104052,0.4166666666666667,False,4
-0.93801364927311048,-0.10172497039602948,-0.33133430878082665,0.15788447338089714,-0.97642507365589915,-0.14719568132696087,-0.3085496505306366,-0.19038410105362885,0.93196083996240053,-15.909200710017728,3.0202283171477124,-5.6866098453580882,0.5783584119268661,0.7220512723497479,0.3285714285714286,True,2
-0.93023065015904294,-0.13824794000637375,-0.33993888360803642,0.19469867976121172,-0.97112915176376091,-0.13784264468530619,-0.31106809801701818,-0.1944111048232392,0.93029079363255118,4.0080597388555876,18.685619411775036,-1.4263526428488613,,0.4391474976387429,0.3181818181818182,False,2
0.91808323300791894,-0.20338098726973691,-0.34023425942564112,0.27449418787283147,0.94542965498387066,0.17554403521941292,0.28596523931023882,-0.25455636211705007,0.92381001315853439,7.86082338367373,-8.6221474779402474,0.60880178799195162,0.5566904965299803,0.246347634125773,0.2352941176470588,True,4
-0.25699544970966243,0.9600846884986235,-0.11041163769743698,-0.96502345647669074,-0.26106926718395734,-0.023928355184019624,-0.051798332775384356,0.10040034184470292,0.99359785833060155,2.5590189164379975,-15.112020473377223,-0.18448049477987341,,0.6465020582834934,0.5833333333333334,False,3
-0.85055678552200076,0.45582620516440775,-0.26225107299665379,-0.46490939592115116,-0.88484515280056897,-0.030138167654457274,-0.24578935735037724,0.096288764924849668,0.96452893453879118,16.165014568595197,12.600308980828798,1.7118291414145783,,0.09815695432278623,0.4210526315789473,True,4
0.58011228016919025,-0.68530970007481662,-0.44025033490080223,0.79659831831012806,0.59013477918233259,0.13104221329364221,0.17000253428222661,-0.42672187356964164,0.88826098695982125,34.47956868443223,-1.3822958904299441,6.9598956440116755,,0.2118363167643353,0.25,False,3
0.90881731363500295,0.35002840850748274,-0.22700485385774652,-0.28999184825714663,0.92119267621664791,0.25943935944496904,0.2999263549301095,-0.16995342456841109,0.93870123846504472,13.188720261694638,-8.8773418329628733,1.8687579265942633,,0.6669751473066757,0.2372881355932203,False,3
-0.49558774622404167,0.86564263820933018,-0.071102803788353791,-0.85876569935008751,-0.50061370331709298,-0.1091210047190751,-0.13005483232978932,0.0069816162266281567,0.9914822225448795,-1.6566868540075705,-12.931995685220722,-1.4821748507395756,,0.138804705763226,0.1666666666666667,False,1
0.77945385308382242,0.61479614465616317,-0.12032203218322157,-0.57582846376801811,0.77876202203945277,0.24890016742378224,0.24672509241531659,-0.12472134358216513,0.96102617822185898,2.5915473306604531,-13.289061133348579,-0.27006798420640044,,0.2468632537915357,0.3888888888888889,False,3
-0.1975408028234221,0.97085867712439133,-0.13568736224186817,-0.97984363018003895,-0.19974763960759528,-0.0027094034027517339,-0.02973367813578575,0.13241717986527368,0.99074799967552107,-21.297904840940085,24.292339787443524,-8.0247272816100086,,0.2507839908768976,0.5294117647058824,True,1
-0.73534064326234816,0.61864390188146867,-0.27668368407152155,-0.64200379511089189,-0.76666029322350526,-0.0079449265360365673,-0.21703747471284746,0.17178974782949843,0.96092820601278506,-20.859441989964886,10.226241449768001,-7.375807291660343,,0.08558155603743535,0.3214285714285715,False,2
0.92059546162861416,-0.22687475534079185,-0.31785506353974319,0.26401941558100711,0.96131628535500413,0.078515907353347181,0.28774597169215388,-0.15620129609037106,0.94488274980265452,16.031409814689056,4.0116001502220886,2.0892219477515064,,0.3908488801019465,0.3181818181818182,False,1
0.92876163900987152,-0.13784139007324153,-0.34409529070647515,0.2294651756041852,0.94283768973838022,0.2416667622858697,0.29111432649156532,-0.30340870454136776,0.90730127682037987,12.751615905795203,4.4745107798118777,1.2798264555717713,,0.1284379897245187,0.1935483870967742,False,3
0.7237868355730015,0.64582107871372418,-0.24299742990464326,-0.63811349959026187,0.76046443661595353,0.12043671484663294,0.26257147273054882,0.067889431662238833,0.9625212967912391,17.53790991748334,12.568022466944875,2.0785441591574663,,0.1519291695378985,0.3076923076923077,False,3
0.25189294937388512,0.94472047437186535,-0.20988846409062767,-0.96089285184436102,0.26993577895531518,0.0618029328931744,0.1150429021284505,0.18611260178285793,0.97577007031753071,-5.1887163604168638,-8.0965741673488001,-2.579344156697069,,0.1028503032116995,0.4054054054054054,False,3
