axis_00,axis_01,axis_02,axis_10,axis_11,axis_12,axis_20,axis_21,axis_22,location_x,location_y,location_z,dbh,dbh_approximation,score,reconstructed,number_clusters
-0.75088931565145856,-0.60988939072086279,-0.2533775181949256,0.63070206394144657,-0.77602417383316069,-0.0011782048040987897,-0.19590850461499748,-0.160690425080948,0.96736675832220964,-16.270170909244584,6.7785957894012405,-6.8951925000375542,,0.2593284056357732,0.2083333333333333,False,2
0.037380660409164608,0.99350808649263245,-0.10744472207197313,-0.99185637979862151,0.049987033941453041,0.11714187249019696,0.12175224055494117,0.10219089250752661,0.98728588230986458,-9.065585702317323,-2.7300842824835327,-4.3849693690080116,0.4666359455250398,0.1746508938635447,0.8080808080808081,True,8
0.58724493869518934,0.7981590335008919,-0.13448248665832682,-0.79022822218487909,0.60131617846789243,0.11814487028769874,0.17516489043016212,0.036891879237760536,0.98384767642501336,-6.7321436919665736,-11.599809910234127,-2.7026723102534538,,0.08746464784756001,0.2826086956521739,False,5
-0.076440266157855402,-0.96219688310920781,-0.26140781136883012,0.991647812736137,-0.10068016892727891,0.080610911670880026,-0.1038821505618365,-0.25306256483269168,0.96185645346639326,-0.8049904888390037,-6.0450959360791989,-2.4927997984810912,,0.1796622506637155,0.2514970059880239,True,5
0.62689214643291424,-0.7143923232347219,-0.31088558223891483,0.77715946898392507,0.60157473455887589,0.18474576722902428,0.055039953755033025,-0.35742334457015223,0.93231923515871384,-10.264572218648999,-2.2898733247256695,-4.6043211478409738,,0.2307220933985594,0.1587301587301587,False,4
-0.46696504852325527,-0.78929780965580454,-0.39868861424703772,0.86411398910961901,-0.5030347071062421,-0.01622027347483701,-0.18775158396864516,-0.35208670965983169,0.91694290530990985,-12.513044185881721,-16.144712751698069,-3.011028547718007,,0.6910073269847965,0.5,False,3
0.74115284419329741,-0.64831257310304125,-0.17430797199411471,0.66999371549667208,0.73071599037701129,0.13100596399519221,0.042436808776720431,-0.21388068861834802,0.97593758422195775,-3.1875404325268621,-6.309453587454616,-2.8472088019164028,,0.06666552119945504,0.1549295774647887,False,1
-0.83777462457611984,0.52799559497391857,-0.13911984080094231,-0.53807443024760748,-0.84163983738148185,0.046024902457103743,-0.092787854431787692,0.11341532445225747,0.98920542772941511,10.121464529653426,7.2106101701311811,-2.660556431437938,,0.3952600193463967,0.7727272727272727,True,6
-0.98787694610524168,0.02152573309178404,-0.15373933188563377,-0.025340837541191288,-0.99941657197863054,0.022898856023663469,-0.15315672138855263,0.026517135390965452,0.98784607111845379,-15.280458284690651,-2.6265830422469705,-5.4188837568354096,,0.7406552317383053,0.4545454545454545,False,1
0.30087374922875165,0.94839992201556056,-0.10006285497583278,-0.93965568398916788,0.31273574827567419,0.1387211133797045,0.16285632493669067,0.052287088954486638,0.98526335451836544,-13.432664169031467,-7.0567637657027333,-4.3640671905674013,,0.3868113944103473,0.2222222222222222,False,2
-0.98176815637678405,-0.091940746708993631,-0.16636762371063779,0.093361697956809098,-0.9956319951046082,-0.00072365643804168933,-0.1655743956025606,-0.016242826681690938,0.98606353248775847,9.7848348531972036,2.0294371574160763,-1.8408556310382278,,0.8182807531119908,0.8405797101449275,True,3
0.94296037487648521,0.31836063452876234,-0.097325422142640505,-0.29679754950590387,0.93637586606829126,0.18738050072552706,0.15078775155857294,-0.14780644041212307,0.97745399388033039,3.4188158691329931,9.0417774894401504,-4.1128479035798788,,0.211464146982761,0.2857142857142857,False,2
-0.23880575969679754,0.97096547656022936,-0.014066003831997576,-0.96853284538953177,-0.2371116180018796,0.075645277514115483,0.070113740003598324,0.031687914678898171,0.99703557585775748,-16.199744711388103,13.874659723661269,-8.0137397894971496,,0.1691469567511557,0.391304347826087,False,1
-0.97715784605995515,0.15660440570494016,-0.14365794094748627,-0.15561693827308709,-0.98765062655217317,-0.018155120313839368,-0.1447270272132305,0.0046151906680331235,0.98946085703736575,14.41729279286986,-7.3825875474390283,0.27107774003587215,,0.2999939964873803,0.76,False,5
-0.39334883078080934,0.91023697425856021,-0.12940381762526315,-0.91881024700480085,-0.38419318355629861,0.090461747207610604,0.032625562406609659,0.15448057613013499,0.9874569986972368,3.4681795873310151,-8.4930155601179216,-1.4390808255106466,,0.1169890806668113,0.6341463414634146,True,5
-0.27856641074163518,-0.88124063472277625,-0.38185821782426188,0.94882381956445605,-0.31410664584064629,0.032716577844511888,-0.1487753818131205,-0.35320243310619714,0.92364166591499264,2.3613686221414238,-5.1916727022627258,-2.0696744329751762,,0.3067142203976922,0.28125,False,2
-0.7150014206954115,-0.63932547465752643,-0.28290617854241268,0.67778233334572024,-0.73310538192107855,-0.056281503202918942,-0.171417843318523,-0.23199016455935784,0.95749490157376194,-13.607792948212289,11.318738031173236,-7.1235535992727099,0.5305194809042406,0.3739804956221711,0.4230769230769231,True,5
-0.50565110114260536,0.8584024977428476,-0.086383538837619137,-0.86264571677766522,-0.50452112602320287,0.036066615053634177,-0.012622647837055356,0.092755513394725875,0.99560890087245701,-8.5091106129282963,13.016120411489707,-6.6152529685265566,,0.1558821335882786,0.25,False,3
-0.92524147458832706,0.35607494204097678,-0.13091542824332258,-0.36440837009686244,-0.93012091704600264,0.045624768238872591,-0.10552134146685989,0.089920605669767104,0.99034313809457786,6.740415381640906,-7.1605003284329634,-1.0676744081985969,,0.6054747222226646,0.4716981132075472,True,1
0.01450018624526297,0.99883565430850796,-0.046011740685919497,-0.99350555301449528,0.019586057790345893,0.11208524644035864,0.11285592907869475,0.044087662926592636,0.99263277059013955,-14.104194632130422,-3.1619462365980766,-5.1403919567424756,,0.08052935355619997,0.4166666666666667,False,2
-0.66286632145220925,0.743325754630345,-0.0898613509115299,-0.74792416496630132,-0.66295338440490692,0.033200204299690048,-0.034895319799047003,0.089216773138847114,0.99540076554461954,-2.5723961264010784,-20.210652596471636,-0.88469403105307542,,0.6145185836220353,0.2941176470588235,False,4
0.6610421766615151,0.74837421234994062,-0.054399255180686737,-0.7307329966966124,0.65853571850620485,0.17988884064973681,0.17044802202840659,-0.079162780023971396,0.98218161561163486,-10.768353225691824,6.0095539575460872,-5.8640528577685469,0.5008086876783981,0.3089630540969765,0.5561569688768606,True,5
-0.89620084872537098,-0.40808299512339424,-0.17404685528628305,0.40243402015846358,-0.91290163937679536,0.06824555840680735,-0.18673751139774211,-0.008880648302879629,0.98236970429808079,-8.9348520009513255,-11.167637671792381,-3.1363647603082589,,0.6164627062924003,0.845679012345679,True,5
0.84479001474568827,0.52742242619519664,-0.090307338197687367,-0.50420923292517583,0.84111629341328298,0.19569473776191654,0.17917276695688147,-0.11978716667937275,0.97649790285486138,12.151173529746174,-5.1753813624040319,-0.43807150246702875,,0.1222215993259324,0.3157894736842105,False,4
-0.92614426249278925,0.35764954020172574,-0.11976481722602071,-0.36282336540944649,-0.93155244124987913,0.023859059376982836,-0.1030340262469216,0.06555040499405948,0.99251555848785766,-8.6799685043188326,22.021323127106726,-8.4667761683357803,,0.1908155779951733,0.4666666666666667,False,3
-0.38591360394820523,-0.88725411373773522,-0.2526872136519272,0.91393550611742369,-0.40500688210747998,0.02629289074003327,-0.12566853602074493,-0.22079303227467301,0.96719070299158638,-5.8933918332855022,16.26493550691109,-6.9184148755949755,,0.1979754056503158,0.2058823529411765,False,5
0.59124106399623833,-0.77783580787007833,-0.21308557022872068,0.80649320758617571,0.57076925861277106,0.1542438314487487,0.0016463176966128451,-0.26304735204470486,0.96478151942308243,11.844328425229723,-9.3049109382963486,0.052464405469540287,,0.3281872688474906,0.6779661016949152,True,5
0.97748332105181412,-0.089939254325066775,-0.19088553532671446,0.13345693614177814,0.96421126897291387,0.22909795935645547,0.16344908461403132,-0.2494144328564282,0.95450345071232767,1.9119581474942673,-8.3026845147515527,-1.7218615109963098,,0.4701994757969242,0.3809523809523809,True,5
0.98078082289575264,-0.046676733337617501,-0.18944724860725498,0.10317504101463931,0.94817580500817089,0.30052879014952083,0.16560159525668106,-0.31429910175187614,0.93476852016229472,-1.39511103171218,-16.749239289752293,-1.11085529176677,,0.5915459727296122,0.5277777777777778,True,4
-0.85105996994338584,0.52407497564509975,-0.032285406340198705,-0.51945866949337216,-0.8493382473933645,-0.093740237907443388,-0.076548143335676222,-0.063007629834462078,0.99507307286173952,-3.9231535577726215,24.296700316874226,-7.7928805039680702,,0.2965436939735409,0.2222222222222222,False,1
0.80212268899612449,-0.55919163529513261,-0.20953259129210264,0.59408300791655211,0.78282390686319825,0.18507325724766982,0.060535704360732273,-0.27293121085613403,0.96012706588146757,-10.986233378710441,17.076377478747638,-7.9659615321244681,,0.09341062303942549,0.6,False,2
-0.94314471919830445,0.30385992909717757,-0.13471147737817274,-0.31216106010521649,-0.9489631331095183,0.044993827942888025,-0.11416440427006626,0.084487368807562219,0.98986280529659065,-11.633722164315445,5.4461179690106523,-5.936176029992982,,0.06897048618166361,0.2126696832579185,False,1
-0.97828393191303364,-0.12681926126380755,-0.16394335464811086,0.12218780238038669,-0.99177643939327331,0.038074075351238246,-0.16742368264443869,0.017215377919241458,0.98573472154168906,-15.128031095563383,6.3181648241722668,-6.6437174974042286,,0.1410814424361083,0.3809523809523809,False,4
-0.72568804795381026,0.68529324677123538,-0.061237431255137503,-0.68241311827128504,-0.72825709949136963,-0.062880307344027608,-0.087688044043930463,-0.0038422610734811791,0.99614057439780723,7.5377674315904644,3.3129468069583132,-2.4414480765331628,,0.387101624591623,0.2,False,2
0.98183539852863788,-0.054575629276208515,-0.18171612720179064,0.12709615709740343,0.90028678588441124,0.41632952094823744,0.14087518250985048,-0.43186248256941989,0.89086978796106564,-16.347238149072012,13.02144351973822,-7.907253348483839,,0.7901872005522481,0.4,False,1
-0.68411528340967953,0.72413710120603481,-0.087245273007849095,-0.72887856853756861,-0.68314979945403065,0.045192740927520812,-0.026875850347814062,0.094508254469321609,0.99516123241675936,-17.619451726855473,17.419316133622896,-9.0717264875211878,,0.1200548448881673,0.32,False,1
-0.15053183406837956,-0.96076456437577995,-0.2329626982412149,0.97839273399112103,-0.17856510077184456,0.10422170052211127,-0.14173152438815259,-0.21224032752085198,0.96688480098119878,-16.138911240143837,9.9455426493730155,-7.2695300089060586,0.2419032103182618,0.1836200978497903,0.8230088495575221,True,5
-0.90550423779936073,0.39849541799734906,-0.14582001633012265,-0.40995379433628582,-0.91024827261384678,0.058189077263612554,-0.10954433730997376,0.11246992504054852,0.98759837693502339,6.0884538080960953,2.598590065422326,-2.5747993945636574,,0.1260467946759059,0.5875,False,4
-0.87503175994699034,0.47844974694844411,-0.073520464695495211,-0.47751976646833383,-0.87807779075056125,-0.030891196523299663,-0.07933657237428246,0.0080766970713850444,0.99681516604048348,3.7989071709042292,-7.1857859787735441,-1.5681745003231593,,0.5390046859158659,0.3629032258064516,True,3
-0.18205591004667449,0.97747720011769546,-0.10674253541653299,-0.98023759650914788,-0.17187404794232672,0.097946751012423436,0.07739444429058194,0.12246483125367659,0.98945058749740622,-13.446410601785793,8.3757567296650919,-6.5659471784147732,0.157497923388299,0.151572057828165,0.6311475409836066,True,5
0.15950040177317179,-0.95702617241044263,-0.24219935416019339,0.98401692124761264,0.13444807287043925,0.11676649519359104,-0.079185355543601732,-0.25695256570589664,0.96317446936917439,0.23772867693582739,13.203183673639536,-5.2091328522669178,,0.4152523228752509,0.610738255033557,True,5
0.78591743932495173,-0.59492633582373378,-0.16851241351383367,0.61807802985787619,0.76366063359741454,0.18655290322212187,0.017701061321787198,-0.25076900055019152,0.96788510722664856,10.25789158134063,-5.7864843392987009,-0.67669155497352318,,0.1506806846516647,0.21875,False,5
0.92287065833855031,0.37522283648676907,-0.086703926996388542,-0.34608595535837783,0.90681490439125267,0.24064754450765344,0.16892086751331392,-0.19207954641946545,0.96673222164456829,-5.5411294888179645,-11.83378276090399,-2.4780434904204278,0.6367922296561934,0.3078126013579489,0.2857142857142857,True,6
-0.71856061439200736,0.69516258966112099,-0.020484564438256386,-0.69423814487951652,-0.71873078746267693,-0.038202792404846059,-0.041280039229976986,-0.0132298559676364,0.99906002285760953,6.0265568329194492,-10.492668804374448,-0.74808121806215577,,0.2112621980833499,0.1578947368421053,False,2
-0.79418700372643536,-0.58177461266207242,-0.17551439591646936,0.5766734864401224,-0.81262452041302191,0.084196667751763626,-0.19161078557592165,-0.034346599328059058,0.98086982722763816,-21.667226632845235,11.324371423053165,-8.4173285362184007,,0.1246734983802138,0.4468085106382979,False,3
-0.98365591001707731,-0.085089156974650748,-0.15868486397201731,0.072142474191719694,-0.99371039562253571,0.085645274529303969,-0.16497428316550269,0.072797561752067128,0.9836076458105546,3.7319467134614044,4.9386398694865665,-3.2587003362334785,0.2996571495057159,0.1934777021046591,0.7152317880794702,True,5
-0.42193434157262327,-0.88780687347171461,-0.18376715380626973,0.89201234224864145,-0.4427625866988103,0.09096852805158584,-0.16212770484334438,-0.1255398233078204,0.97875142916170088,7.2718990301501663,8.7727301587208348,-3.368708026487687,,0.09589287121156811,0.2258064516129032,False,5
-0.64705004239982522,0.75179693244545542,-0.12699454711123423,-0.76023576100295798,-0.64883831894925514,0.032410238434145408,-0.058033010628758909,0.11751684231933736,0.99137377484410716,-7.674171099113309,8.0664030306228902,-5.6368653465734537,,0.2639125856943164,0.1204819277108434,False,5
-0.254741876018311,-0.94707533626501572,-0.19533275209543957,0.95686577777989468,-0.2760541403507828,0.090564865753047147,-0.13969416564892229,-0.16383656195641247,0.97654652784696006,-13.528640297990957,-12.027034881384619,-3.705257753255502,,0.07678900741449156,0.32,False,4
0.20862725912757454,0.97184184553684894,-0.1095358115524246,-0.96753636585987868,0.22143348651715655,0.12182196759007087,0.14264658246020417,0.080564497841100702,0.98648938879241721,-9.6227510815302804,13.156782268173462,-6.8148048680862203,,0.3499258446942002,0.7910447761194029,False,2
0.5784691211619829,-0.7441637781496232,-0.3340565029335037,0.81570411021228306,0.52800084686674931,0.23630892977368395,0.00052957045935606017,-0.40918868141491216,0.91244963836754012,11.990067348761704,-7.0418229983490948,-0.21189953739365222,,0.3394631608678104,0.1363636363636364,False,1
-0.020451588891715222,-0.94889295078273661,-0.31493475588863618,0.9924190958410708,-0.057448994434170592,0.10864599048512494,-0.12118609954031646,-0.31032528255579372,0.94287440748217943,6.1774539367664953,-8.8193750302146796,-0.93293018340579037,,0.4525100180959853,0.6046511627906976,False,2
0.036731875798182892,-0.9315222598560392,-0.36182461040266956,0.9936000825193434,-0.00465734338778492,0.11285913862032446,-0.10681594130980739,-0.36365449061611355,0.92538952130269669,5.3649081412647179,-7.1700277046164631,-1.3237189255073056,,0.2571336603901176,0.2454545454545455,False,5
0.9416546981553644,-0.28038917355080689,-0.18619436295824338,0.31547823466332664,0.92806122823402915,0.19792887637345252,0.11730265510908774,-0.24512092526800303,0.96236989723292865,-5.7012781314784222,-22.402964280418484,-1.0846531578183491,,0.2687509703130234,0.7272727272727273,False,5
0.98720856893076947,0.046284484698544029,-0.15256797798310254,-0.020148865114461786,0.98548043422890796,0.16858925525252891,0.158155823997289,-0.16335868580578558,0.97380730902347656,-16.258873530230499,-6.3097276604303882,-4.9320355796876605,,0.08004541918412814,0.3,False,2
0.93746243662576034,0.31963743597620886,-0.13782630169255619,-0.30222862644043147,0.94387247885158232,0.13327640836434573,0.17269058247519667,-0.083286572682063603,0.98144857712223155,-10.055393169988022,16.571135457232092,-7.7209205787097366,,0.1891727726794706,0.7096774193548387,False,5
-0.97810248213553541,0.091004717485113878,-0.1871728501566419,-0.08105057746515501,-0.99489154063372898,-0.060179949052914877,-0.19169334451897654,-0.043691689952451311,0.98048187025371814,-11.629720974847039,-8.9444381014719436,-3.8368387388666867,,0.1985253289044916,0.36,False,2
0.90691561072287619,-0.36857775778460633,-0.20409436908848042,0.41214636216244044,0.87663550903624243,0.2482852401030608,0.087403954049112054,-0.30929051191919887,0.94694241010387792,11.15465549473301,0.49273023696238821,-1.356135729845265,,0.1651369866466897,0.1666666666666667,False,3
-0.97166512863761789,-0.15633297096267537,-0.17727628149198668,0.16262573113397,-0.98645467247361851,-0.021448793162066729,-0.17152186263792882,-0.049670729257287063,0.98392736992740781,-7.2354679463771809,12.252008425699097,-6.3041058443354681,,0.7916020894958402,0.5254237288135594,True,1
-0.066180312072383479,-0.96815571483966134,-0.24144290860844667,0.98638961458254304,-0.099980212643248606,0.13053537958543432,-0.1505180870782796,-0.22951790540852279,0.96159546409037322,7.3951666034228216,-8.73365680605154,-0.75151700344232975,,0.2166812598222546,0.3272727272727273,True,5
-0.55420173697969466,0.83032528839046649,0.058483760036264598,-0.83238012762457347,-0.55266699016705523,-0.041261617944381712,-0.0019385211862313345,-0.071547979978319548,0.99743527544228838,-13.468556950092244,-0.97755215453868893,-5.2959307208657744,,0.1636778544148736,0.1625,False,2
0.19084015244109451,-0.94106539898906805,-0.2792417430145544,0.98154793695176212,0.17946820881181069,0.06599098038080814,-0.011986812837434878,-0.28668288552236065,0.95795054124238266,-13.612175179692681,14.315165308667627,-7.6763110791353322,,0.1955767198875192,0.4411764705882353,False,3
0.26270611414069944,-0.93499892706705734,-0.23824882785975088,0.96204644225157376,0.23492894665875239,0.13883455251809068,-0.073838611472476112,-0.26567912301357138,0.96122966196978987,-23.021567697795973,19.32061337137236,-10.344811106106556,,0.3936066925116291,0.84375,False,2
0.56477120574967032,0.81979416246929593,-0.094715449306484401,-0.80600410292205371,0.57259734731951994,0.14996554242713436,0.1771746912763757,-0.0083551794663437873,0.98414395275650912,-8.2134965653668388,-3.1191327887883302,-4.1638571485813545,,0.1183293877881862,0.5392857142857143,True,5
-0.97943604518234917,0.17017670366611226,-0.10837399562116719,-0.17295678612225518,-0.98478745188367911,0.016721983934699744,-0.10387965889345729,0.035122131794469498,0.99396954295712314,7.2299473158925691,11.02076376745922,-3.6608742630545463,0.9088241015511608,0.4588342473808968,0.5932203389830508,True,5
0.75515562148060322,0.6519403443391929,-0.068656935331683711,-0.62848891183541389,0.74978467387237102,0.20694112816460644,0.18639118822031747,-0.11312263367247612,0.97594138897006588,-11.358064897724541,-12.67339357652367,-3.2757251085649108,,0.1064265190321598,0.1904761904761905,False,3
-0.98147587903763711,0.12337917865416013,-0.14656970062711044,-0.13432896152438012,-0.98864986978659386,0.067284211125130555,-0.13660464473464123,0.085726385935570582,0.98690939695158753,-5.6019436115784176,4.3317525603820775,-4.7684797693343377,,0.3622193211549847,0.9315491507977355,True,4
-0.66938680900239944,0.73749397156553576,0.089576458057226943,-0.74251333792051954,-0.66018501288165776,-0.11326822933450593,-0.024397601187697071,-0.14233197346674573,0.98951824964744728,13.150537676245627,-5.6465512399220854,-0.20796888242831907,,0.4255048249962846,0.1379310344827586,False,2
0.66113168430050984,-0.70727468251867154,-0.25033461502972942,0.75014110086430064,0.62931952198491781,0.2030893105083808,0.013900532654036832,-0.32205506162267716,0.94661888449108555,1.3419903777784907,3.6490319134427778,-3.5321243707412484,0.7712437135869115,0.2145142364994307,0.1594202898550725,True,3
0.43237242196727704,-0.86677913723134914,-0.24849148070432658,0.90112544392653193,0.40557275089304456,0.15324385156102963,-0.032047200039338516,-0.29018041111268389,0.95643520741141297,2.2649971236490432,-7.8447108674124797,-1.6943700785082429,,0.07760924478872089,0.3428571428571429,False,1
-0.97791820751771352,0.17933586300543092,-0.10730623302231089,-0.15797636039061816,-0.97048234653901921,-0.18222920900297934,-0.13681903728310152,-0.16125341328547216,0.97738318368013111,-14.223179823702225,-14.501000683282353,-3.4988934314290923,,0.6693436783733518,0.24,False,1
-0.42722691463570983,-0.87012167425623466,-0.24569378380492252,0.8902595403373248,-0.45227702047020479,0.053697742903868889,-0.15784522244663618,-0.19579011401018687,0.96785903777701576,-6.82149797292647,-14.60263846161766,-2.2619105694315476,,0.3830893106667014,0.6956521739130435,False,5
0.12980038415881132,-0.88328099578572539,-0.45051808260712961,0.98749092129191973,0.074135438647932664,0.13916040062645879,-0.089518381566373831,-0.46294558991339152,0.88185477270437307,-8.3642502098487519,7.0238855270649649,-5.5932494581797298,,0.081532670534809,0.2063492063492063,False,2
0.97762354114026451,0.1605210895663792,-0.13596025747545931,-0.13494716965954942,0.97435946785699701,0.18003579865767755,0.16137370668497239,-0.15765978308323741,0.97421862001755055,-8.7720068823910822,-5.0301753867381285,-4.0102135457674075,,0.1126797609249596,0.3103448275862069,False,5
0.65804817143846861,0.75265362280492931,-0.022025624738097271,-0.73515395271800854,0.64852466955410315,0.19739406977624852,0.16285352274229958,-0.11370258158176201,0.98007675876538725,-5.0137536738414701,14.157935957579287,-6.3161041630958499,,0.4210858241887996,0.2352941176470588,False,3
0.24644401223354215,-0.92858915642228046,-0.27746626355143322,0.9664104684811885,0.2139201895536062,0.14243931659243861,-0.072911969142285107,-0.30324961842730952,0.95011763149595718,-18.319701966176304,-8.3022297584259093,-5.0387936344746205,,0.1634646864370784,0.1875,False,2
-0.77874614153264754,0.6272491229644287,0.010629430293714104,-0.62506451850628209,-0.77436953802864306,-0.098214898451387062,-0.053374101889621939,-0.083128552938574865,0.99510846088947258,-11.655770274523457,9.758784709899162,-6.53562000097424,,0.437373769159555,0.1388888888888889,False,1
-0.20168874845184018,0.97353377389975049,-0.10748785896295483,-0.97642685997636947,-0.19123653430549784,0.10009582940117806,0.076891064920560817,0.12514223516995338,0.98915478319222128,7.2226658328821225,0.68596049808218296,-2.0353731316720536,,0.07347721498983924,0.2941176470588235,False,2
-0.94182049352300901,-0.29426276464129336,-0.16243024141377685,0.28711236230345566,-0.95559212075500832,0.066409262633115584,-0.17475883208754944,0.01590987418578995,0.98448272027028849,5.058396854269505,-11.475782751239045,-0.81668025846131886,,0.3139146711449233,0.5698924731182796,True,5
0.30641562622922464,0.95182647231140083,0.011654638981400706,-0.94369007543722272,0.30214642447646661,0.13474635318766914,0.1247337385146509,-0.05228675533365551,0.99081158132756897,-4.1029166139936208,-15.86689834803143,-1.6727447136186797,,0.3136780028303404,0.3125,False,5
0.84919441340578405,-0.49265961020889859,-0.19014561974766747,0.52681112309253142,0.81528031844624815,0.24039143691107701,0.036590829812869319,-0.30430989274586934,0.95187005434071992,-4.2986972199067477,-11.195743986549379,-2.3686934585640524,,0.3449255379313176,0.2162162162162162,True,3
-0.14911962797257905,-0.96680708338032117,-0.2074786737931317,0.98003505801095081,-0.17241072440110994,0.099024376700675376,-0.13150901726798958,-0.18856989589306572,0.97321465912720739,5.6565444392159279,8.3002594357011468,-3.5709886733060197,0.1134139159173374,0.1101890076745077,0.5538461538461539,True,5
0.77658331255876023,0.62879376987942137,-0.03920144915800379,-0.6075177166691117,0.76388098783943958,0.21773392099209152,0.16685497471879884,-0.14527295473785515,0.97522058326991923,4.0462865123713208,16.027198135470879,-4.9170629118458828,,0.3089146322813103,0.2307692307692308,False,5
0.30319226875929228,0.95111534641246187,0.058771132227434242,-0.94603953660031981,0.29302413962748219,0.13836924797304126,0.11438375476283411,-0.097552300917381596,0.98863537526839451,-17.954487115954286,-10.316335844324712,-4.6656224607362597,,0.3929689197388057,0.4,False,3
0.18530643851157913,0.97948093205886955,-0.079237791357668563,-0.97385798014618463,0.19382561443149973,0.1184578646432739,0.13138553326659244,0.055215350432092108,0.98979245638917346,-11.529042742596625,12.300515841956219,-7.0605235692685948,,0.1753424247550592,0.1851851851851852,False,5
-0.32152798089362811,0.94138242209685363,-0.10207297815547658,-0.9463697586440093,-0.31586812891229132,0.067908799588332694,0.031686549615678856,0.11843335891762026,0.99245629730932916,-14.467656348104727,-7.2553016429791199,-4.4992392617842984,,0.1603864195709726,0.25,False,5
0.39240385536880684,-0.90387681528780739,-0.17036994182327725,0.9189658759366357,0.37741329295797188,0.11428440472186718,-0.038999143012482959,-0.20140980384229146,0.97873038052392192,0.73871592826609289,5.0310508041476449,-3.7799154272692261,,0.1772865584313325,0.6472491909385113,True,5
0.95690133510789832,0.24890987324699795,-0.14961186406460011,-0.21606219673105259,0.95441200152390393,0.20594867926473148,0.19405401828478824,-0.1647470981453048,0.96705813250301964,-16.754342264495151,11.049573351938934,-7.547531537791965,,0.2783240842796129,0.2727272727272727,False,2
0.0052192871314378532,-0.97547708108865239,-0.22003914041052447,0.99591596285048689,-0.014762927660525303,0.089069921446456743,-0.090134088897749889,-0.21960537388154464,0.9714161444926267,-5.6475510005699086,-14.554849623429796,-2.1177771821715745,,0.1100310638370686,0.2727272727272727,False,4
0.31597849195884103,-0.89113120938089441,-0.3256420738890502,0.94635508374011057,0.27157457640923427,0.17509798664574561,-0.067599172322339557,-0.36350022986992725,0.92913827538523308,-1.1121088388994071,-13.570206069531492,-1.5108003112876702,,0.4011657463298128,0.5227272727272727,False,2
0.60124307246592512,-0.78166449714545905,-0.16585349472975247,0.79904380779207707,0.58968634458981251,0.11746917993007454,0.0059800535845023206,-0.20315173862569513,0.97912900582736506,-6.0673186589912671,-13.37050348842482,-2.2807342691562922,,0.07356872879432579,0.2777777777777778,False,1
0.25684719864523575,-0.94357531253499005,-0.20903383965902028,0.96456119206615176,0.23675372932276109,0.11648767493469683,-0.060425353189051664,-0.23154546254734293,0.9709456604083041,-14.589228926966122,-12.326863578730345,-3.8441791859644514,,0.1140771569202464,0.4615384615384616,False,5
-0.2896588818575051,-0.89653224690614852,-0.33515319246349573,0.94466362894616251,-0.32411780400037726,0.050579415538740159,-0.15397519380513047,-0.30195625409549992,0.94080500652647836,-4.0067440400570957,-13.882175058733694,-1.9001942489680455,,0.4511239502439911,0.5102040816326531,False,5
-0.80506566629875898,0.58213027456350896,-0.11398954506247519,-0.59019251796206729,-0.80535496947755825,0.055463184901312919,-0.059515247529782531,0.11192728252939947,0.99193256763605353,-0.97557278728092656,7.1976293761908199,-4.4247954104507556,,0.07031888966635216,0.2631578947368421,False,4
0.29323794341337134,0.95073042617493408,0.10061394181685393,-0.94397770992294294,0.271266024498035,0.18793835989937868,0.15138557299601979,-0.15008797652796982,0.97701382159640238,-15.949840395701576,-5.4589687779192539,-5.0537608951452953,,0.7581534666553055,0.3191489361702128,False,1
0.73273110323583623,0.67799544622290753,-0.058543191335919884,-0.65405121495964746,0.72538116800822217,0.2145674003870012,0.18794184888045262,-0.11892996258313926,0.97495308884036536,-5.6269661186298512,12.250289741718738,-6.0671405202320052,,0.1527084036445828,0.46,False,3
-0.96936612208270945,0.22700806116097588,-0.093790519383707652,-0.21720786210308865,-0.97055213643280647,-0.10415994962710821,-0.11467373718047477,-0.080597088245486712,0.99012829641790034,-11.920176005026541,-3.0637613092898492,-4.8432480516507788,,0.07783917613288609,0.35,False,3
0.80723194973528678,-0.5281643190067643,-0.26347491617739993,0.58794008923300722,0.75885454750110426,0.28011823790959667,0.051990679926795402,-0.38102785707217646,0.92310061279133282,9.2340639129843236,-7.8468812926944373,-0.58141670126840694,,0.1441912782263862,0.1538461538461539,False,5
0.26143912027343547,-0.94995950702597431,-0.17095765967519702,0.96302862315388282,0.24479337207135177,0.11248144725364194,-0.065003518189319764,-0.19404417023169007,0.97883675994626695,-1.2238061414057735,-11.619991121339941,-1.833997928947946,,0.0808974209523242,0.3235294117647059,False,5
-0.65274523506192106,0.74728142452302271,-0.12447542193863637,-0.75712455697924974,-0.64916979006691433,0.073082069507201752,-0.026192810519962875,0.14194737132938515,0.98952760469314094,3.8519109432259553,-3.8749735429093017,-2.0379775809538052,,0.1068318371475927,0.4848484848484849,True,5
-0.94608260837383229,0.31512716279144054,-0.074983794273043358,-0.30311130659889596,-0.94288535964170062,-0.1381692237267429,-0.11424199728854217,-0.10799106372453966,0.98756604650583579,-7.4072012606590167,-7.2045980967521928,-3.4348557692202171,,0.4124287814603688,0.15,False,5
0.9338045867860969,-0.26672801318019257,-0.23846417064664824,0.32949514463339158,0.90085907690545719,0.28264089092002909,0.13943436936518616,-0.34250414675153124,0.9291119233427898,-14.970497594949929,-9.8772419036654924,-4.2688025084949013,,0.7198890738401903,0.8125,False,3
-0.98877572193628349,0.031162080481432604,-0.14612151261690198,-0.040072223058459519,-0.99748659601992429,0.058435500337882924,-0.14393327846101403,0.06363501788052206,0.98753926294138361,9.4441697410397492,4.3363958977691937,-2.2043811697668674,,0.1063677148503985,0.5483870967741935,False,5
-0.31209462293106538,0.94676383199341296,-0.078963236804635947,-0.94838146303641702,-0.30554294714470059,0.08494767812622557,0.056298729172354949,0.10139898362054556,0.99325157901424888,-12.215992632450643,-11.490193222951213,-3.6018310906405522,,0.1918354262841235,0.2222222222222222,False,1
0.98804086336075425,0.11192688380612033,-0.10605482078050399,-0.068701995682528411,0.93532304762115936,0.34706027196713668,0.13804089292152324,-0.3356235529132548,0.93182699178082973,-13.99819409902527,-16.4304807189753,-3.2655196441229104,,0.3888367264646071,0.6,False,3
-0.8736214485602527,-0.44895786911903079,-0.18767630743273364,0.44901757500579487,-0.89240619084949524,0.044658793864269998,-0.18753341555947317,-0.045255080262830795,0.98121516282566912,-7.0173004309059701,5.0365573873520759,-5.079243552797279,,0.07083500744267654,0.2723880597014925,False,5
-0.98698221674300424,-0.030786866069738326,-0.15785522706160021,0.035853918411150043,-0.99892589860603831,-0.029352097517648015,-0.1567820154470275,-0.034629726705865366,0.9870259275523845,8.7352847392199049,-5.2005018461085015,-0.9909099751142082,,0.2320620990024538,0.3809523809523809,True,5
0.54218622157486884,-0.75001389603578972,-0.3788314359812085,0.84022094740611941,0.4796792971826101,0.25285674085213239,-0.0079284723832748205,-0.45539754896970452,0.89025289200207303,-8.8829693762547883,0.53748588911238393,-4.6956731333506569,1.320145539130523,0.6200537233116874,0.6220338983050847,True,1
-0.32169637645229326,0.94684179116631662,-0.0014366204876784805,-0.94282480784673472,-0.32019120681492491,0.092514716597790231,0.087136806725011007,0.031116130533264064,0.99571028082188873,-8.8054797691849913,-15.982871585146022,-2.4550091476243119,,0.746403068528912,0.8243243243243243,False,4
-0.16113833117762813,-0.96073507847923534,-0.22588171064694107,0.97821184686404594,-0.18583239938949189,0.092562962312032329,-0.13090462512884471,-0.20604472406893548,0.96974715818260315,-0.75988871796634494,-12.599252315929018,-1.6039483268133081,,0.2084068776129857,0.125,False,4
0.96967804565307103,0.20676879067547529,-0.13027338554379142,-0.18113180809044963,0.96592632727068239,0.18487184313262689,0.16406022027391157,-0.15566951367551563,0.9740899581844088,-7.6094724389769635,-4.5880440265235469,-3.8731614442199431,,0.348346598330014,0.3014705882352941,False,4
0.14514024721384836,0.98820987023893925,0.048739727133424116,-0.98233909302505507,0.13804856550783251,0.126303206119009,0.11808562551561555,-0.066210617906551167,0.99079359057425143,5.8861004233416461,16.443643804994085,-4.6192599209056286,,0.3433860295520098,0.3333333333333333,False,3
0.83687109596819986,0.54305867216398995,-0.068804413524612418,-0.49997732457311139,0.8094829205133468,0.30783124648075311,0.2228664255685352,-0.22321442602274735,0.9489498808523229,-15.370218205835732,11.225506491347788,-7.4180014064859003,,0.502666013571948,0.2478632478632479,False,4
-0.65704475214628344,-0.72920315916669165,-0.19119347880705989,0.72576855806999552,-0.68046534345735321,0.1011282179733536,-0.20384355225031942,-0.07231645051288868,0.97632890830456742,-6.1856540761372401,-7.0491553088749228,-3.2611822009528582,,0.2643957968887885,0.7319587628865979,True,5
0.70239679213683504,-0.68272837740878334,-0.20129756351395561,0.71133528268319168,0.68335485317921485,0.16440273795298843,0.025315252436207636,-0.25866601500232894,0.96563504010413137,12.409250879435792,10.334558278595221,-2.6347517727551986,0.2385326219191442,0.1379331488531396,0.3928571428571428,True,5
-0.38556748889818987,0.9143331078354956,-0.12382519703448618,-0.92180230004609165,-0.37586539130233354,0.0948985102669158,0.04022724368485206,0.15073213173384359,0.98775583689922664,9.0595072004024413,-14.217766040309296,0.23777116207624449,,0.2828520227352526,0.5161290322580645,True,5
-0.97698108862569799,0.15873470073463547,-0.14251753313340818,-0.16900822073498897,-0.98359528156688558,0.063059839861456773,-0.13016978832179019,0.085694905694825324,0.98778145829237729,-9.9427861364086318,14.587937179440759,-7.0943322468622059,0.1916872283918495,0.1903214335138273,0.4193548387096774,True,5
0.71898825801717814,-0.64643119388567116,-0.2553088255524481,0.6939453587258767,0.68812621205587954,0.21194847341852258,0.038674590317660476,-0.32955883822645948,0.94334259323460445,-18.615765191187741,19.382643440171929,-9.7352019523306481,,0.2697914082946237,0.2962962962962963,False,2
-0.97052499077424192,0.20040798855774006,-0.13385768713412566,-0.2024833644606234,-0.97928379291414414,0.0019339215065516946,-0.13069709024826492,0.028980874002139466,0.99099867787132201,4.7222400728472165,3.3968909394462727,-2.8969767434815181,,0.6117223373286902,0.4621212121212121,False,1
0.59563750880314281,-0.74065536030402956,-0.31087874703764379,0.80135085509821979,0.57453981609700677,0.16655571666133434,0.055251833816979311,-0.3483297819195581,0.93574227108095065,3.4603245167679861,11.750934823659637,-4.442600690475679,,0.6097543932715517,0.4296296296296296,False,2
-0.97285189455340604,0.18966111173867103,-0.13261920659504461,-0.17705812154691403,-0.97898179036927846,-0.10121796144775738,-0.14902889940587372,-0.074988777956523686,0.98598532966898667,20.801424187928919,-4.8471865828092326,0.96930989539679757,,0.4713583359128224,0.1875,False,4
0.053916234160284009,0.9974918109658738,0.045859859899420236,-0.99150074389753362,0.048033581719552701,0.12090926299431282,0.11840318637862018,-0.051989057341060574,0.99160366244391063,0.62177897996347542,-6.8977578322001403,-2.123658040186498,,0.07999204011337169,0.1041666666666667,False,4
0.73371343291967195,-0.63609374275887953,-0.23885005500571005,0.67826036851895333,0.70654523598009411,0.20188289182188546,0.040341924219898767,-0.31012671593533148,0.94983890698023232,-2.202234997197094,-4.360748409273751,-2.9307375689601383,,0.697098689921626,0.4186991869918699,False,1
-0.39048373104693862,-0.87137227947451068,-0.29704007532832599,0.90407366137963252,-0.42384048892937909,0.054863965803891905,-0.17370454970232613,-0.24712262241142613,0.95328754261513982,-3.447611916953639,-16.745025598158243,-1.436096699567027,,0.2575350885699807,0.4444444444444444,False,2
-0.45012334186813829,0.88474895552456112,-0.12086464662446966,-0.89251826987991245,-0.44146980524291357,0.09227973227828852,0.028286304743243673,0.149411166774719,0.98837047113265697,-1.9665393007455778,19.540635609507433,-6.6569357547580381,,0.09030210674804387,0.3571428571428572,False,1
-0.92210273072104543,-0.32376660767917348,-0.2119003014361058,0.34428715865241361,-0.93644297624730688,-0.067386234678417894,-0.17661513633842427,-0.13509158370900512,0.97496531098657757,-3.1702432750033904,8.688830328906306,-5.0163253751071055,,0.3959939982663202,0.4796511627906977,True,4
-0.33150572071403184,-0.85193648657685861,-0.40534945414166851,0.93484728447435228,-0.3545173455482577,-0.019442387105163245,-0.12713973354069946,-0.38538509901719809,0.91395503916259713,17.865506683366213,-4.3156354186016488,0.41382777348569932,,0.4143366398927695,0.2727272727272727,False,2
-0.67609046057819155,0.73671554919974658,-0.012324312657723296,-0.73640211424939594,-0.67617607566008353,-0.022312347118794734,-0.024771258429665488,-0.0060095151423084081,0.99967508245607795,-12.40682528384785,14.037368979053797,-7.4317691483816253,,0.07652901464939127,0.375,False,1
-0.56775471108780462,-0.76910198737992119,-0.29349058084691371,0.8040268655068481,-0.59458660080792991,0.0027520325042333232,-0.17662216050325133,-0.23441183235478302,0.9559580039265515,9.2144997107868178,-0.79681788703115952,-1.4983275173360227,,0.2652579045120206,0.5714285714285714,False,2
-0.20561765862546769,-0.9394995692435355,-0.27397433794534803,0.96849190786506345,-0.23554749764540481,0.080875217173602382,-0.14051620141915999,-0.24871255646669554,0.95833045521601301,22.821063764417101,-6.4288731880096011,1.506571710920914,,0.1102340349336138,0.3333333333333333,False,2
0.70273827855501003,-0.64662127387796142,-0.29671508222869858,0.71073580419162341,0.65672751322026257,0.25211820644216881,0.03183596226953693,-0.38805914697114419,0.92108445321718468,-5.5901826667807359,13.877480224376791,-6.3458770876715294,,0.7747099370189019,0.3076923076923077,False,1
-0.72373710001861891,-0.61124152819415345,-0.32029424638528153,0.66889883961670726,-0.73548661270333171,-0.10786002453922451,-0.16964360411186263,-0.29230675111097804,0.94115769711503838,12.374937467504351,3.4091219376569408,-1.6002204832744673,,0.4078893976505637,0.3076923076923077,False,4
0.96531313964349863,-0.19281250981958301,-0.17605078383434108,0.22811453918739033,0.95084787376228908,0.20940887749343395,0.12702086223505699,-0.24230488443035689,0.9618492831718779,0.93944626735130543,27.25619266074445,-7.3284734169987225,,0.2146926026579318,0.2727272727272727,False,1
0.48307606340314851,-0.84073410666530013,-0.24454790707879012,0.87473856942939388,0.47563676163929414,0.092747539751208793,0.03833995461048588,-0.25871960278839429,0.96519128415743627,13.693384839234941,3.9696212628807985,-1.437362196412338,,0.17591412124514,0.5,False,3
0.97556021608661314,-0.1396316058159604,-0.16966225109403865,0.1841759287403707,0.94072840123409707,0.2847969493940572,0.11983944284609398,-0.30908427615910117,0.94345398306941397,-8.2470584563122582,19.157262864255848,-7.8342658573555051,,0.2076783833481318,0.125,False,2
0.9362729269855905,0.33116296297848308,-0.11714989605265166,-0.30098307362784965,0.92825313139056831,0.21852989144082138,0.18111376420186215,-0.16934348530403098,0.96877272277955662,0.57543154363464755,-9.4788243484795949,-1.8247568413763835,,0.07122494277763888,0.1714285714285714,False,2
0.97371753090541802,-0.14312614470354251,-0.17716962693914667,0.1847675106799487,0.95123044729843154,0.24702551109057619,0.13317333443520446,-0.27326826166740614,0.95267482393557712,6.6561581534988896,-4.4637501725628637,-1.4816697279847437,,0.8651291681726425,0.5985401459854015,True,1
