axis_00,axis_01,axis_02,axis_10,axis_11,axis_12,axis_20,axis_21,axis_22,location_x,location_y,location_z,dbh,dbh_approximation,score,reconstructed,number_clusters
-0.90462990848747538,0.32833927171319771,-0.27173157954273564,-0.33055846924696153,-0.94298132165151005,-0.038952861582663575,-0.26902755821485791,0.054585251370855375,0.96158443376218039,-13.717509906302467,4.70754291649589,-7.1930812931898513,,0.09750462358060857,0.1621621621621622,False,4
-0.40205810894348221,-0.8379902777946403,-0.36894656978274332,0.89927219496048083,-0.43719543284760493,0.013025853835901109,-0.1722172941482647,-0.32654624147103117,0.92935932543736455,-8.3170274029494404,-15.569046964374072,-2.8799581653223254,,0.06983179378443646,0.1111111111111111,False,4
0.65628403535139035,0.71998414786164455,-0.22564151163036977,-0.70448600493658986,0.69180875607495362,0.15843015453666084,0.27016797328954451,0.054986105935668023,0.96124179807302035,4.2647545833296316,10.589849075514312,-0.25002988154193695,,0.1760372387301743,0.4,False,5
-0.83337494941254275,0.50196423574514126,-0.23133979278204345,-0.48278490168121968,-0.8648836233407099,-0.13745929137639612,-0.26908164634604392,-0.0028677708838554528,0.96311310005100703,-3.5978844612918275,11.885899852071557,-3.4046090489167922,,0.2555449992506596,0.1621621621621622,False,3
0.74034425101822166,0.63479582925176292,-0.22118916146329784,-0.61581518396005219,0.77239220385324936,0.15550544244806561,0.26955899018307078,0.021084083838020212,0.96275303802179502,-13.693168608037166,13.507525415310791,-7.9038013921321015,,0.1103217644093149,0.3448275862068966,False,3
-0.95751347795045738,0.097630895450633359,-0.27135981242020102,-0.093172094965680768,-0.99521883508515263,-0.029298993352298151,-0.272922883362545,-0.0027710188125220359,0.96203192316669794,14.520098634035623,4.0866542479475765,4.2605271010389947,0.2463513380267498,0.1454533811799961,0.1739130434782609,True,5
-0.37914497163637451,0.91163046205651588,-0.15867889315682931,-0.91336874588740802,-0.39618879622956477,-0.093765514866778976,-0.14834629930981275,0.10938161816682021,0.98286776175042567,7.7974382654959413,-8.8689054138612349,2.6755105538757364,,0.473067464780478,0.3,False,2
0.050577234930791588,-0.85530632683261842,-0.51564816550323367,0.99823392819520984,0.027184388278656588,0.052820768963321107,-0.031160357936275675,-0.51740902225802943,0.8551707056367599,4.072691210759225,6.0181732005585555,0.34439704728378895,0.39821964918623,0.4925290948758009,0.3233082706766917,True,4
-0.91647376414090587,-0.1588574001410088,-0.36720589055983199,0.25130980841335565,-0.94271469817268194,-0.21939092516426628,-0.31131851830021667,-0.29334846900849793,0.90389571073975628,-10.765277362468078,19.18485505733738,-7.275393441263903,,0.09389707823860968,0.5,False,2
-0.93561106837190156,0.16184637775468236,-0.31374779480926807,-0.13664349884422491,-0.98547071967840871,-0.1008762354577529,-0.32551571845856886,-0.051509325992565316,0.94413256821920621,20.331279414568684,8.6474227702272177,6.0671461374050262,0.7570345329458613,0.679322685403991,0.6185567010309279,True,5
-0.3758727094687796,-0.80027052145874045,-0.46721172797860677,0.90514136940656265,-0.42511069198622226,-3.0786508053520789e-05,-0.19859206345021019,-0.42290423507355956,0.88414546330987698,14.024704712221535,3.3015623102596785,4.1345355079029318,0.6000301758216665,0.2177120205936579,0.1,True,4
0.59673460807372525,-0.68224192543304929,-0.4224378802954406,0.78615209765774408,0.60257890114674206,0.13734462945858314,0.16084988926147292,-0.41405871935534988,0.89592560519854614,-35.216309255376103,8.6849409768995738,-16.321269239076067,0.3476983878820887,0.2345728428941145,0.4666666666666667,True,5
0.061498286217687652,-0.93869599781611024,-0.33921642719111661,0.99764089697702174,0.047423309853048219,0.049635374094155318,-0.030505761278360716,-0.3414686711348503,0.93939796953273691,10.179006458014142,19.405110955480801,1.3375327490987803,0.2133227072217199,0.1499515480161656,0.28,True,5
-0.9033418915946787,0.31436961413439485,-0.29179645748216221,-0.32061313808333164,-0.94681085720143421,-0.027503024812624212,-0.28492216933490122,0.068709143456144123,0.95608493923239735,-5.0351248925516687,5.9086446684617346,-3.6447288391748569,,0.07950118016549879,0.2241379310344828,False,4
0.66004991598243246,-0.64604094946119772,-0.38336040488143575,0.72914160178488596,0.67376658695287606,0.11996295616749154,0.18079444946721934,-0.35870555881550942,0.91577491181878234,-9.1188396045720186,4.4081939444243616,-5.198689375478974,0.4373128552205531,0.3612198771172133,0.8385682980277575,True,5
-0.87083784979485379,0.39739035887764229,-0.28934813293984507,-0.41552797742646519,-0.90957935023729697,0.0013804339054031486,-0.26263651562672441,0.12143437854658298,0.95722293765165201,-24.074279642468426,6.4845635066149381,-11.550082187448584,,0.0978823821107347,0.3870967741935484,False,1
-0.7797081296233781,0.60152377695187165,-0.17385159867188191,-0.58586416362841209,-0.79884207466148338,-0.13643504508196971,-0.22094889539256696,-0.004526092364579487,0.97527488438527565,-9.0833294430332252,-8.7834432585442279,-3.7485150510910064,,0.2713706638381817,0.3125,False,4
-0.77670942891967754,-0.52442450683680608,-0.34885727691455931,0.55876988421287577,-0.82931861469596024,0.0026175972767192093,-0.29068656577832813,-0.19289782774242506,0.93717220857655392,-2.2648048034664421,12.08681956650903,-2.9873211255678074,0.1479540998001894,0.1336430222913209,0.175,True,5
-0.2386864968925296,0.96122585639987312,-0.13810723800548974,-0.97084573872907109,-0.23943219674639116,0.011435678939336107,-0.022075049100253742,0.13681036565088897,0.99035125892669695,-20.377573262742157,4.0578124033635357,-9.7991452636872047,0.2083649345081065,0.1312220323872472,0.3902439024390244,True,5
0.72066974236841641,0.68455563381650864,-0.10962986201176483,-0.64016167181244499,0.7177853060097491,0.27381981012846152,0.2661355977259261,-0.1271528162746281,0.95551243055048496,-41.941242025525838,12.742127182717413,-19.091137760114897,,0.645210654672684,0.2142857142857143,False,1
0.048450860599957124,-0.92811365217591435,-0.36913082064738278,0.99828549725352689,0.032845011257207797,0.048448645066642204,-0.032841742956230234,-0.37084532338995546,0.92811376783204613,22.340949034835539,-4.5509568052424108,7.7161331638124713,,0.1871272718295299,0.2916666666666667,False,5
0.030231527185738637,0.96163775027926057,-0.27265159453386789,-0.99767237399725495,0.045710875353667982,0.050599901552106308,0.061121918545635992,0.2704872512933727,0.96078132681742767,-0.97744068649440996,-10.606662168321323,-0.49798767975966651,0.2466673693334052,0.2037548894261782,0.704,True,5
0.95053984693672866,-0.015997887869706545,-0.31019037214137951,0.0526432483606541,0.992522082311455,0.11012994382169908,0.3061089475783707,-0.12101232874315078,0.94427396898602523,-20.508351511812236,2.6805505226901873,-9.6388423788941715,0.4647373434904027,0.3898786309928336,0.7886178861788617,True,5
0.92634913021935295,-0.12122069864026008,-0.35662701967604016,0.23009616708911146,0.93172175143426172,0.28098101678791471,0.29821643622165961,-0.34234503081750428,0.89099205217656896,16.80262887722256,8.4334324144060755,4.7813292359516968,,0.4317389475131515,0.3658536585365854,False,5
0.035950683256143964,-0.92212790061731686,-0.38521121904289768,0.99863769079509435,0.018561478863416733,0.048767140841384379,-0.037819451302959085,-0.38643965428705918,0.92153897513759042,-15.057585891846976,-20.592107295118005,-5.0533572054234659,,0.4791703248986736,0.1666666666666667,False,1
-0.89036422214963351,0.38158748479172877,-0.24827916418056395,-0.3639264210092637,-0.92424947760947629,-0.11541431120098505,-0.27351254451535745,-0.012405425785996807,0.96178843484614751,12.846128804933807,29.500405108992641,1.6117785477525535,,0.2077583088000575,0.3333333333333333,False,2
-0.93568022232899162,-0.11287231722331165,-0.33430878173779777,0.17740403422065198,-0.9694836939842405,-0.16920158315131414,-0.30500873788238941,-0.21762630149711548,0.92715072275875421,-17.931289717205679,1.8415305589639999,-8.3956951719772235,,0.2234348975623306,0.288135593220339,False,2
-0.4384909273444117,-0.74728345361411308,-0.49929264624186398,0.8792333648060271,-0.47179154587906769,-0.066041104237530485,-0.18621062496138785,-0.4679531784181028,0.86391285785077088,-7.4030290622331414,7.1264734775495908,-4.7464507612549909,,0.6459146494977533,0.2912621359223301,False,1
-0.55766316542852479,-0.75992212849663199,-0.33396130396407847,0.79975761297977987,-0.59962401665628717,0.028962029104787904,-0.22226010529360363,-0.25093703845811682,0.94214173473249074,-14.121765351177604,12.86620771085942,-7.9237356662738865,0.3606633015812742,0.3993941961809442,0.6666666666666666,True,5
0.31935196694225204,0.94247777680585521,-0.098741893020177635,-0.93564783758067516,0.3301172666663329,0.12484275821751416,0.15025792904443408,0.052518858287692316,0.98725089226773355,-5.2093262797403952,14.090395671776664,-4.3037404357960751,,0.7695820387605086,0.4807692307692308,False,1
0.58722100348368067,0.77309379968352032,-0.23978630060642986,-0.77629968600292309,0.62179129193063232,0.10360688582810798,0.22919487467956756,0.12530589040477336,0.96528138035004341,-14.878000956296789,-17.015639793632857,-5.3018996577818758,,0.0823681987366624,0.2307692307692308,False,2
0.94375382287610798,-0.066845473576934197,-0.32382156269928852,0.16458411837859291,0.94437516993866477,0.28472373694664316,0.2867765502691515,-0.32200500161580614,0.90225938019514751,-22.461682780833204,5.6759623307621592,-10.817813276427149,,0.2263932384295614,0.1951219512195122,False,3
-0.45624895071218718,0.85005589300586071,-0.26313850676029193,-0.88210314577439008,-0.47098924387717445,0.0079481046125401619,-0.1171790731698818,0.23574161897725127,0.96472532562021596,7.2330008323337243,-13.216762251156689,2.7804429066075489,,0.07930610000772675,0.3888888888888889,False,5
0.67142265854272165,0.72379940960678013,-0.15907868571339451,-0.69588031122963734,0.68959518291494926,0.20052200912478751,0.25483760719008453,-0.023935295138654056,0.9666875894560033,-7.6132362514831691,-11.154472664384993,-2.9351616707638639,0.7694028421104746,0.4314330968424507,0.2439024390243902,True,5
-0.45134008922681768,0.85246302096056503,-0.26381607561237669,-0.88590352700485597,-0.46352664322424814,0.017832326309727468,-0.10708438120045456,0.24176403561333848,0.96440815342201869,-4.6458368757468733,23.480226767342742,-5.0952806977374827,0.2297138755898511,0.2311355526342738,0.7083333333333334,True,5
0.84811231530447473,-0.38298448861397627,-0.3660988693098845,0.46863639335604851,0.86461662345672063,0.1811574598644384,0.24715467110924658,-0.32520912644541766,0.91277247582598053,-15.946075747297771,8.2452280307880361,-8.3878156798936523,,0.0887331302090118,0.2777777777777778,False,4
-0.44149493615415575,0.85294388503225238,-0.27851202906935046,-0.89174282458511744,-0.45148591600094268,0.030906349731846326,-0.099382876549210339,0.26200610038485417,0.9599353349106009,6.5499384269149283,2.9611502790078017,1.4315946740637671,,0.1566640102923711,0.5434782608695652,False,1
-0.86336964607803146,0.47411941479545283,-0.17263729245187309,-0.43281666189399848,-0.87175598791082121,-0.22958927398414403,-0.25935032565630706,-0.12350011358556473,0.95785444119987351,10.969895323519923,12.161678529458593,2.1041155346440421,,0.3935557612375915,0.1304347826086956,False,1
0.91854602113726058,-0.21698381489081112,-0.33044096466439798,0.29660583501289994,0.93089264316830223,0.21322257275305784,0.26133921575073277,-0.29386546406572323,0.91942639908816504,-16.39880097365392,19.342922750267608,-9.6857360222327156,0.2955028403681718,0.2694515038841241,0.3181818181818182,True,5
0.86590521975435608,0.42778956432008153,-0.25923780407377767,-0.39918755477841888,0.90328820245329422,0.157225059766954,0.30142568986764612,-0.032657494814057969,0.95293023958749601,9.3261639282677056,-3.9987683756542611,3.002596166076664,,0.5510733281036133,0.2631578947368421,False,1
0.81471432776485864,-0.46567137435946565,-0.34552964451233747,0.52843802583727317,0.8415797388501306,0.11178906926060617,0.23873377847271932,-0.27366715962846816,0.93172553295325466,-21.041157881062354,1.0745000205588162,-9.7174847314688293,,0.3489495343917335,0.7428571428571429,True,2
0.58388652456998047,-0.70236984113035605,-0.40712790704655671,0.79715766973424629,0.59095320159973685,0.1237495983948589,0.15367555436522023,-0.39680085658871866,0.90494911691266022,8.5252340694576905,11.601830904023245,1.3348326327966313,,0.3039536672608655,0.3428571428571429,False,5
0.60450586159397934,-0.69341456570835414,-0.39210828014977672,0.77688801509305672,0.62200611546239803,0.0977415179550057,0.17611835595215874,-0.36370954399200639,0.91471180833409838,-5.5046451724164669,15.070553204753969,-4.5819917958618328,,0.1211684296202245,0.1578947368421053,False,5
0.91145483682283479,0.35428820269540062,-0.20911707214649766,-0.27306723903073765,0.90118297336610764,0.33660589935880808,0.30770824395909652,-0.24969805354845021,0.91813208126811763,0.60477616455338101,-15.503559283379932,0.3200210453100939,,0.349417313799481,0.1363636363636364,False,2
0.93803858458168043,0.1657655485780424,-0.30431134835989643,-0.14792169136579583,0.98568019189763922,0.080955126607988009,0.31337323922039007,-0.030924783026786036,0.94912637237370379,4.975510263108732,-12.099983032747504,1.8654275130588795,0.1678680588588901,0.1185723395276655,0.5238095238095238,True,5
0.92307288821739109,-0.18379439971018274,-0.33786988867488194,0.25011907514747761,0.95417602462470896,0.1642819596874727,0.29219324305222055,-0.23615192708627122,0.9267445041909157,-2.5009291845114499,9.2863883197614729,-2.7007353301501489,0.633527907964682,0.6225493046962143,0.7425149700598802,True,5
0.86550680758637066,0.44915002512140367,-0.22172555322986987,-0.42274289762002065,0.8924355590040477,0.15762999567646405,0.26867528456015122,-0.042696931488992479,0.96228403473607849,-9.5520767559398738,9.2677651571957718,-5.7512758177935721,0.569199769792167,0.5555249099776415,0.5142857142857142,True,5
0.3372197308051561,0.90478435395749812,-0.26009253351338507,-0.92854159337295028,0.36521076556660359,0.066570309377968512,0.15522036764587682,0.21905791368487149,0.96328618173412561,-12.75871529522477,3.5135136188744589,-6.6651423011583315,0.1673444548448291,0.1541281768609769,0.6825396825396826,True,5
0.63242515249677445,-0.61465965278761903,-0.47141482552464947,0.76440327562550503,0.59372982137884844,0.25134146378669731,0.12540358329182777,-0.51930570037353241,0.84533752481309199,-12.066435819349046,11.958488078494479,-6.9186901077709271,,0.3214856266489917,0.2105263157894737,False,2
-0.88710528510279896,0.38603481029026993,-0.25302438298874741,-0.39033358175585853,-0.92000339288312538,-0.035120535832744486,-0.24634104021929323,0.067608300730694015,0.9668222223221723,-0.1214630400220974,-4.4483101356835402,-0.74325723852109471,,0.1652115916647003,0.4385964912280702,False,4
-0.53346333470074725,0.79510492223419915,-0.28848749222263953,-0.8354459869947688,-0.54858580552986147,0.032918335095968213,-0.13208661303968719,0.2585764424886805,0.95691762970780458,-16.014208406662217,-13.639617139259077,-6.006412138577752,,0.07862842852602704,0.2,False,1
0.37895160039181552,0.90357253659196224,-0.19988085370352326,-0.89160156883918917,0.41434014964858468,0.18267151620514172,0.24787562809598432,0.10899041933103987,0.96264155400131468,-5.7787291548556627,-25.419922526487426,-1.0887261629863412,,0.2067564766624837,0.16,False,2
0.45167379163267934,-0.80295459105394262,-0.38891478585617761,0.88615276590398662,0.45435077493212001,0.091096919812349547,0.10355704434211481,-0.38578400436511018,0.91675876900259212,3.8858444453642802,-18.370154612176435,1.8808191052537349,,0.3158560992214391,0.5405405405405406,False,6
-0.50562577204172598,0.81987268733204888,-0.26861004302544944,-0.85505184254122757,-0.51771245028421276,0.029328576296326268,-0.11501706488196112,0.24450479624670346,0.96280240932306449,-8.1084289080368102,20.11084512370601,-6.2483819272482455,,0.08433758352095311,0.2857142857142857,True,4
0.9208110972908673,-0.20302286157250404,-0.33299946063755542,0.26051570651442602,0.95558842523595655,0.13777637030476639,0.29023867723871755,-0.2136176004780001,0.93280707062111345,4.1186846313402841,-15.569611530783623,1.7066092224471472,0.2832293444044841,0.2492208197640841,0.5925925925925926,True,5
0.94379816342308864,0.15962449072835619,-0.28942192155902502,-0.10814269158757044,0.97658701512864732,0.18596494330468621,0.3123302498564639,-0.14421450635020192,0.93896325337191267,-14.545836141447515,-14.030874575402953,-5.3192404618324396,,0.149989056921659,0.1363636363636364,False,1
-0.76083233100922465,-0.533606895035447,-0.36932078964187853,0.58686521911229483,-0.8086658314155668,-0.040605266865885059,-0.27698985304041251,-0.24763532597672963,0.92841443689822667,-9.4556146588420606,-20.098473268323513,-2.9849918882912614,,0.1628264001876032,0.3636363636363636,False,5
0.65920100089208566,-0.64731378073524171,-0.38267337207221486,0.73055100928020156,0.67188364126528366,0.12193274966055206,0.17818322946492854,-0.35994060880977463,0.91580210464220801,-11.026453810760332,-15.532453045868307,-3.9227789072606711,,0.0792951713126302,0.2380952380952381,False,1
0.91615105537016961,-0.19684594452753829,-0.34916889590452777,0.28291320767305905,0.93464665872401231,0.21539670438560926,0.28394957416461486,-0.29612041040614256,0.91196784037192502,-21.527959597630971,5.6382097723176559,-10.458829491684673,,0.1370401241894203,0.3684210526315789,False,1
-0.89464450237893989,0.35853190723164696,-0.2665822309531839,-0.35331075172776821,-0.93295453150401442,-0.069046034351613925,-0.27346430676908862,0.032414713371596154,0.96133582024198971,-17.293759936348366,12.219955692036001,-9.3057490712048736,,0.0824103413969201,0.4,False,1
-0.49433317019218093,-0.77750366887716971,-0.38874511151947511,0.84987565979066793,-0.52622592370390464,-0.028242523211455733,-0.18260908997945771,-0.34434622417635574,0.92091237267850945,-11.561421295323539,-12.927979094588233,-4.2679420929021035,,0.1332121246281714,0.3548387096774194,False,4
0.096110624053338686,0.9511633256970361,-0.29334463655064813,-0.99216651409554901,0.11517416384683263,0.048378924023481859,0.079801981501493119,0.28639699689615639,0.9547818619544981,-10.5148955022647,8.1190606578191922,-6.0527534006715911,,0.07301533263036641,0.3278688524590164,False,5
0.6188797268330466,-0.62804379168803692,-0.47175086585735981,0.76678938932079643,0.61331036731004662,0.18943184994888679,0.17035819950943154,-0.47896908989216719,0.86114266807990392,4.1465885441381181,8.7416033237915336,0.067512136958039926,0.4629290204943544,0.1663333264393177,0.42,True,5
0.63497073278278415,0.76553574817662451,-0.10376505564471619,-0.73358391068129747,0.63960329548971984,0.22970039266014614,0.24221233349858393,-0.069732651335992907,0.96771408114113167,4.9065564326152753,16.128357296418308,-0.577219243750002,,0.2574801084154041,0.4155844155844156,False,4
0.50768770618330916,-0.78711133080827345,-0.35029836697244093,0.85339375386618777,0.51522678951285994,0.079123044875991311,0.11820445783686409,-0.33911223552313774,0.93329020024105769,-12.743098471820032,-22.843919823851795,-3.96445599040812,0.1981739923327375,0.1728658015527915,0.4117647058823529,True,4
0.18294694809792561,0.97538960413821219,-0.12306719433202312,-0.9781805607446461,0.19313148888281712,0.076570350548992194,0.098454074384680262,0.10637362521324223,0.98943996639313481,4.739795591834854,20.893204677159712,-0.92524166777179151,,0.392319911913192,0.3125,False,5
0.17037742622174595,-0.91190263582292463,-0.37336994444284988,0.98537036848604642,0.15924630263675482,0.060711218124799418,0.0040950633361893224,-0.37825150082415593,0.92569381146281127,-24.485745488572203,3.6821827550299742,-11.37289459609539,0.20804775580516,0.1889473660558706,0.5106382978723404,True,5
-0.78824539575956709,0.60275195612782151,-0.1239325439419669,-0.57154866024387074,-0.79175571774490883,-0.21553424876728997,-0.22803799033774907,-0.09906039976866779,0.96859987206296483,-1.524517127243868,-19.768370603004513,0.015770050498606185,,0.3083227063702439,0.125,False,1
0.31672755090338611,0.90159191870266342,-0.29464499084286905,-0.93692467644721289,0.34579569501571378,0.050965556730857335,0.14783710347213153,0.25991796674845491,0.95424674031317547,-3.2068549312738104,-5.5357561232313444,-1.8982008091109257,0.1789936464941483,0.1346295072507816,0.7512437810945274,True,5
0.74089600069912254,0.62445378201926616,-0.24724601163594176,-0.61275550551591684,0.77920341713379271,0.13180563412446816,0.27496146385989917,0.053847087654345566,0.95994618835805889,-5.435477310780481,-12.242285840108362,-2.0713069159051698,0.1249206634057303,0.1626809030525826,0.2285714285714286,True,5
-0.91285496161280855,0.3366732148100593,-0.23096962027144965,-0.29498185135452615,-0.93497131367407804,-0.19701357815649415,-0.28227916400317998,-0.11171297613092447,0.9528056908591791,-0.58201347861538388,-16.037763889411288,-0.0039953301491638957,,0.3256703675540236,0.2307692307692308,False,1
-0.27113142249482469,0.94167752194829357,-0.19932685818337281,-0.96160698186697091,-0.27412352865253031,0.012973182484676896,-0.042423627386495064,0.19519153592409416,0.97984718203552812,-4.7240782466318674,14.416518951892749,-4.1641767081762051,,0.3077746922336171,0.3483870967741935,False,5
0.9514528124904873,0.038128386622364979,-0.30542392135770485,-0.012391134183007439,0.99623814246402864,0.085767262364385602,0.3075451274164504,-0.077818954203960553,0.94834603651251792,-5.3431502143035452,-22.265288550284705,-1.33963075480323,0.1790936477670578,0.1617172287392422,0.6176470588235294,True,4
0.33305818351626482,0.94065967229298253,-0.065050959366529992,-0.93017159319669296,0.33907739940982806,0.14073849657927631,0.1544443382023864,0.013634446491434693,0.98790740875149841,-26.002428586071641,3.9145125461581252,-12.054114771939689,,0.2640167382502785,0.4736842105263158,False,1
-0.39724990304326169,-0.84789405904944426,-0.35109568376836642,0.90143923189604513,-0.43224396000980292,0.023926350196214738,-0.17204599888049524,-0.30698668320254757,0.93603384052368088,-4.4395691677924569,9.7711797665639413,-3.5598923643774492,,0.07212553543154324,0.1842105263157895,False,5
0.70955212534422507,-0.61913229769218758,-0.33646839283042107,0.6764850313131674,0.73217187108682491,0.079324356905316182,0.19724042138648254,-0.28390059729350925,0.93834783903820684,-16.794879448995854,-22.547116308504069,-5.5186999651686008,,0.1497524960970219,0.3333333333333333,False,1
-0.92335510322783754,-0.21110097270217965,-0.32070505556867285,0.25694378939115198,-0.96041866987271773,-0.10759120620774265,-0.2852985146060652,-0.18174806156907236,0.9410485639325209,-1.4673392615871088,-14.912661370218453,-0.47050489402303791,,0.159315991904529,0.2962962962962963,False,4
0.91721472322567488,-0.18857219903039946,-0.35093828125596299,0.27900972705507954,0.93283495581389952,0.22797481751353943,0.2843777834267297,-0.30701705321450951,0.90822343359372792,-2.3224922002875275,-16.088926648578092,-0.71008588958069807,,0.7156095415606695,0.2173913043478261,False,3
0.9366791445258541,-0.072139368136038162,-0.34267782504161076,0.16269648525686087,0.95617677680102375,0.24342519424141648,0.31010003852850404,-0.28376378040782524,0.90736766695385496,10.31821946573109,15.081924504076307,1.743777232667568,,0.364139900776684,0.2,False,5
-0.5186252707934188,0.81048689322915468,-0.27228445493308645,-0.84631134797872698,-0.53191630059675399,0.028673183323377472,-0.12159330070725655,0.24530806155366897,0.96178949056428054,-6.7900113470927312,-17.8598902253106,-2.1869883048965568,0.1491701551585806,0.100343091743887,0.3333333333333333,True,5
-0.61084778938831685,0.73446764549924515,-0.29567254846231716,-0.77531996574181827,-0.63057616186838339,0.035392863764375643,-0.1604491474627151,0.25086048273519063,0.95463348426522032,-7.0796778863617398,4.4761215364792077,-4.4242434525935437,0.1868615183756034,0.1403518753992934,0.7343096234309623,True,5
0.43063608647743573,0.8601770606485758,-0.27321783499137781,-0.8836388913444394,0.46344767313336788,0.066321670446678097,0.18367054942741756,0.21286540019750533,0.95966319647665321,-11.672668262035964,-5.1899294064951711,-5.211104384689774,,0.07235320900157328,0.2833333333333333,False,2
0.43401355868945762,0.86301661021300868,-0.25852381199835767,-0.88066476703045471,0.46690620526686943,0.080175829241039637,0.18989944440389767,0.19287541569557676,0.96267194569871561,-10.409525126035213,14.073701556583506,-6.4521440819766394,,0.07615214612886843,0.1875,False,3
0.48485856736876076,-0.76076722537150743,-0.43144570741826871,0.8681583136032005,0.47838150840197124,0.13210705863314309,0.10589292785997967,-0.43861641695175096,0.89241376424260077,4.9606636106193269,15.358053210035523,-0.44038337999595162,,0.1773592564290706,0.3076923076923077,False,5
0.93809262606782684,-0.15396076917330659,-0.31028745780764688,0.22174119414704402,0.95510566812076969,0.19647902061497824,0.26610724855856766,-0.25311903183905782,0.93011702918796568,-6.2209074188888964,12.788020200968356,-4.5969309682193442,0.5093507760392646,0.4947740101418308,0.7678571428571429,True,5
0.93080695210284992,-0.17133034377431505,-0.32286890717314171,0.22007393393788882,0.96797444839487767,0.12080120386707638,0.29183194053788131,-0.18349763092968863,0.93870268878121765,-20.864526709181941,14.954841856393701,-11.059770363027903,,0.09298726682275874,0.5625,False,1
0.72514118626862811,0.62377203284375038,-0.29168255179030356,-0.63085626228922331,0.77158526082436651,0.081710229525229675,0.27602651377612003,0.12475831162920675,0.95301874450192847,-5.1717763357325399,12.647967892439235,-4.1901388714850478,,0.07336509918844855,0.3333333333333333,False,5
0.92250786837354282,0.24723057869441292,-0.29640558993940597,-0.20644473894145363,0.96490367084311734,0.1623005722629208,0.3261285061939489,-0.088532180318245071,0.94117068085220368,-8.4967122162015727,15.175346027126412,-5.8361096668004224,,0.1469489680817733,0.3333333333333333,False,5
0.90132514981510503,0.30032377997554288,-0.31211953077624099,-0.2876027096815042,0.95377190098726305,0.087200013021786621,0.32387907572832725,0.011170857995025568,0.94603253444954016,5.1444763365254405,1.1122324229525657,0.99690501319371161,0.7695409183243377,0.7764108934479703,0.7917241379310345,True,5
0.24060556324270846,0.94204838122578516,-0.23378154411017399,-0.96315863221404197,0.26153962625378674,0.062629650251348687,0.12014329830762815,0.21009966998762214,0.97026991942595919,-25.569868362009792,10.087113677178518,-12.635218065077561,,0.2141068283021058,0.3636363636363636,False,3
-0.39477419637875427,0.87836817086552998,-0.26948597418762099,-0.91528810479615796,-0.40151856223535426,0.032101859745352929,-0.080006369072499958,0.25933029246656936,0.96246910616239389,9.2958451721048743,23.503096301372022,0.61709964157097386,0.2667760363265856,0.2507299546594118,0.6153846153846154,True,5
0.46339002417504754,-0.78700693658178278,-0.40729567548306728,0.87900927998359268,0.46647437012149362,0.09871346272157086,0.11230481377828855,-0.40375951232375318,0.90794597031448432,-29.962371568367466,13.873501535484476,-14.524965545421582,0.5199380369831261,0.5228560591831005,0.7169811320754716,True,5
-0.17042469065349744,0.97752616558755712,-0.12408876019748374,-0.98535482286827514,-0.16978018880057627,0.015829104240970282,-0.0055944495609967851,0.12496912851792469,0.99214485789706175,-9.0227268157043241,-7.4727467591887571,-3.9932584852981559,,0.07825556188838528,0.2878787878787879,False,4
0.63794998614387743,-0.62391422365850813,-0.45138770109034765,0.74204707511707069,0.65475906640363479,0.14372440040731493,0.20587849205108441,-0.42663990258629447,0.88067726212951014,-27.907664743782508,7.2041138521688746,-13.326969951159954,,0.2962521128814256,0.3225806451612903,False,2
0.84604374354621659,-0.41591708920053527,-0.33350106284277159,0.47626983292513564,0.87075387576250374,0.1222895502078665,0.23953502927915898,-0.26229880433492836,0.93478463134173317,-3.876223437115041,-22.221713087271379,-0.74979779810061964,0.2972655208236645,0.3185407905472619,0.803921568627451,True,4
0.11529095323379138,0.98178748823957362,-0.15100107297192716,-0.98738143741645967,0.12988240980912522,0.090600533483974802,0.10856285344375446,0.13865023461359161,0.98437300821068141,-12.858757439485323,-12.01861681448395,-4.8277893496449851,,0.3298281157689891,0.3,False,3
0.81758205692233477,-0.40910631420155469,-0.40520563159840645,0.52342728428392926,0.82130122116613657,0.22691007509179478,0.23996553557916467,-0.39761328925405914,0.88561854877976276,-17.062925311827595,17.242049610742122,-9.6465971273683966,,0.2701795033314947,0.1428571428571428,False,1
0.50166829706118321,-0.74364600033737704,-0.44194970970230918,0.85757940622053486,0.4945702356738006,0.1412722336908333,0.11351864054052327,-0.44987877052355363,0.88584570331522672,11.768513622955332,29.798507257070611,1.1837882114902925,,0.3136237419882306,0.3,False,6
0.86565236588101957,0.3987665088921421,-0.30270654573458805,-0.39977560499013454,0.91454595865624222,0.061523614655727671,0.30137260509104846,0.067756629871235957,0.95109599515986143,21.063156818611322,21.434044243473529,5.2901604698141345,,0.07746202344791665,0.3,False,1
0.23553061431779843,0.96572158012191311,-0.10911993129541045,-0.95925455837541684,0.24903394776083251,0.13346454622347564,0.15606415973907595,0.073238804943073388,0.98502794655555137,28.327890176748095,8.5697159241333321,8.7252465097187422,,0.5347422434496122,0.5,False,3
0.72687202610502588,-0.60448425784888715,-0.3259690777955111,0.65540517734155657,0.75236410512543195,0.066274481006583383,0.20518555304859715,-0.26181488752874471,0.94305453367684611,-7.5340898771378022,12.573766477189022,-5.0691865802897391,,0.07273982570024269,0.303030303030303,False,5
-0.70129651350930522,-0.61644145422785623,-0.35802672197636032,0.66543174257079962,-0.74622690070396613,-0.018601307613748619,-0.25570255399366115,-0.25128737766787679,0.93352603483026664,-28.405564928939466,4.5518783761995589,-13.024620023444307,0.2194745874498558,0.1941587391699928,0.4444444444444444,True,5
0.94799368644660154,0.12563371508266666,-0.29244510611722035,-0.048756456406552975,0.96527866248583205,0.25663186027506629,0.31453263489828975,-0.22902679621409494,0.9212035324508091,14.01733379589651,11.320108070968809,3.5048250187030812,,0.1062566296506323,0.3888888888888889,False,5
-0.78886946233906807,0.5842837676752739,-0.19051889727808619,-0.57833967728610769,-0.81065651004509609,-0.091428881640912063,-0.20786579580458209,0.038059184866384904,0.97741665086176843,5.573929368422923,3.6472250097625958,1.0192779873735718,,0.5657358854664424,0.4452054794520548,False,3
-0.83854232926703742,-0.43985979133606873,-0.32151224858969596,0.4676006181115413,-0.88387954027308258,-0.010325707159780748,-0.27963623507892682,-0.15899786870406518,0.94684911880322797,-19.674948342618773,6.4641306403362275,-9.8211638539131236,0.2464690330163847,0.1596988602604404,0.1875,True,5
0.79373076442797252,0.53903675197194267,-0.28183479846201759,-0.53635911151483939,0.83877357897521121,0.093689843142831228,0.2868978513262162,0.076800151280155271,0.95487766738349611,0.82103532174491334,13.406653905973258,-1.7470641643570501,0.3799670929931915,0.4081319404712344,0.3666666666666666,True,5
-0.50107264673792451,-0.79239267998598539,-0.34790809619162416,0.84136575546780712,-0.54015046061720262,0.018470122390260982,-0.20255830819084775,-0.28346308507397078,0.93734668676173882,14.20931659661111,5.8393459591193091,4.0144631445493619,0.5950898478566489,0.5656127778779826,0.7368421052631579,True,5
0.86705064283072331,-0.35003742681695965,-0.35453770264132933,0.43367025143514282,0.88055237515213081,0.19120049067437539,0.24526168838000384,-0.31953296299647005,0.91528432182119623,8.8208163488731035,19.11901635369474,0.79006623032147727,,0.1313894465220031,0.3529411764705883,False,4
-0.71815911301188007,0.66909963991077914,-0.19118880790793089,-0.66498257632443747,-0.74082112556026103,-0.094774643805936865,-0.20505038791210256,0.059073951915325384,0.97696704479844265,-14.327148712159989,15.574188313128909,-8.3671534586344514,,0.1275083154928813,0.3125,False,5
-0.072532841131228168,-0.8795002460387491,-0.47033849956729307,0.99432449495572295,-0.10056696195238432,0.034714332698685103,-0.077831778140289992,-0.46515116186187067,0.88180304543025545,-13.435213126535846,30.476295189057119,-9.4062716920198302,,0.2859674147876478,0.4375,False,5
0.91873994708541284,-0.18365449674972009,-0.34955390922302865,0.2731436943229702,0.93487205467305112,0.22673059705956944,0.28514808763359101,-0.30378490287536691,0.90906836976319405,-10.137339231264294,-15.960465310387011,-3.5693745325341633,,0.09000883348882263,0.375,False,4
0.95308693253575338,-0.034258647507425341,-0.30075179816677972,0.075588500792477642,0.98903376547711419,0.12688021632274929,0.29310693880823602,-0.14366125370859059,0.94522471751713211,-12.636892086084213,-6.8794689284194206,-5.4667531959832489,,0.1608890184346304,0.2285714285714286,False,2
0.34990898399171161,-0.84151007675558809,-0.41161206692794394,0.93473112443929041,0.34270423566127289,0.093976230315353959,0.06197925399962334,-0.41762973742135373,0.90650095118263585,12.881739015454503,-6.4546027475739729,4.3966045562956566,0.4011577401230167,0.2146359616775267,0.3809523809523809,True,5
0.92819793705330023,0.22093788112449309,-0.29939111933091128,-0.20067940175598262,0.9748216914959974,0.097213412139180971,0.31333108265995191,-0.030151657883118785,0.94916516485069169,2.4015458266344645,19.075532094633786,-1.6620712640529023,,0.1607516606327304,0.4,False,5
0.82935073929951386,0.50126223804772152,-0.24680664482695439,-0.47554131315763437,0.86517137933485277,0.15918210910821587,0.29332202560268428,-0.014651043895115012,0.95590142598968908,-25.727566504914449,18.040415472420854,-13.333839948920156,,0.6794935005748852,0.6739130434782609,False,1
-0.78787079810973426,0.54859343493503676,-0.27983003525731431,-0.5716693850472423,-0.82048341951162385,0.0010356187629354807,-0.22902777055553733,0.16078619795458823,0.96004899815669309,-3.3479545670081654,8.3830390724034736,-3.0286732556073326,,0.07465118100204111,0.1818181818181818,False,5
0.87867087319597281,-0.26799322472111764,-0.39511660063910614,0.4014439675847391,0.86267810176769588,0.30761864966270774,0.25841872510878405,-0.42891272332965513,0.86559438438513991,-5.8086084530163493,-13.692841073004592,-2.0418491585381697,,0.6033375499866573,0.2909090909090909,False,2
-0.93250238432600263,0.21363825094286978,-0.29120096318589073,-0.21184318743269276,-0.97656180899537515,-0.038072262213271611,-0.29250943089869091,0.026186464934208779,0.95590402336718538,-4.7214366456151939,-15.936047223368956,-1.5103537578154149,,0.1102346909087279,0.2631578947368421,False,4
0.76032143719285816,-0.51294319570424307,-0.398497917341741,0.61487622543959497,0.76612996059226501,0.18700831765472484,0.20937654962803898,-0.38721332810688841,0.89790160875356739,0.12953724286065738,-21.289766830582607,0.58223686026262766,,0.2206690959934607,0.3636363636363636,False,2
0.65138166334936642,-0.67645856779879476,-0.34366514909692986,0.74037860823600199,0.66574099862207425,0.092889392398716714,0.16595615420565807,-0.31494877171579133,0.93448693199850641,15.328374425040154,10.382171639058921,4.075342552749321,0.2461786526189756,0.1911540212874754,0.723404255319149,True,5
-0.877046343590275,-0.34780595289196808,-0.3313921096342507,0.37222108365578488,-0.92807824072777823,-0.011056399492835267,-0.30371232453926261,-0.13304810491150204,0.9434283362833743,-24.810197207032132,15.369242676820912,-12.628793135058839,,0.08399257184047054,0.4117647058823529,False,1
0.8702757191513415,-0.35658939754451902,-0.33980019749031004,0.41966132327819627,0.89796015605840207,0.13248370419023006,0.25788475410541417,-0.25789835146896184,0.9311196990234839,-10.049271253841779,19.659969989657522,-7.0382769487483809,,0.4030131717003997,0.7777777777777778,False,6
0.81094287692144162,0.53393032206790614,-0.23935342392963196,-0.52345046400720452,0.84479288154867704,0.11101621059703612,0.26147898978888984,0.035261855611201876,0.9645648445998003,-11.27727311141386,9.4220328376385893,-6.4095206885215283,,0.6307591806907956,0.1232876712328767,False,5
0.36449474092665246,-0.80692210215119919,-0.46477984562231478,0.92832445212375359,0.35410123938327598,0.1132520368751094,0.073193547707060963,-0.47274626738570669,0.8781535578968731,-6.8294302788917314,21.152527414922165,-5.7862505974084373,,0.3969445270529516,0.1621621621621622,False,5
0.65306442671251519,-0.67174797143065923,-0.34965914465583242,0.73622186157808545,0.67134233760871209,0.085304374263979188,0.17743794717351946,-0.31313595867109323,0.93298534087625595,-18.293176315321105,13.514651677119666,-9.8925314196757963,0.6967045768399587,0.5202524404458222,0.8974358974358975,True,5
-0.12464458196428581,0.95544507612449026,-0.2675601515480544,-0.99196138416904245,-0.1140663295221585,0.054785808260733884,0.021825226330739508,0.27223809244632119,0.96198237016943433,-14.152773313029032,-12.326354644947878,-5.3294030865824125,,0.0849101073157526,0.325,False,2
0.89393335974714494,-0.23006093926732946,-0.38464933713009031,0.35250250577393416,0.89092137159952423,0.28635832980781628,0.27681244869817762,-0.39157511903932135,0.87752139255693495,-13.651175408409474,11.298413140980786,-7.5819319949211801,,0.2058725015162421,0.265625,False,3
-0.83620243998135724,0.50395462342952779,-0.2163220212859257,-0.48928832262063271,-0.86371658245013028,-0.12079156654235425,-0.24771438536409884,0.0048376362690082386,0.96882102607190379,-30.367403263695202,8.7426066574741839,-14.421216381073693,,0.08963102206760125,0.4210526315789473,False,1
0.86106592281743422,0.40988436086302693,-0.30093236330190304,-0.37036003463326406,0.9110490409249884,0.18117143752839865,0.34842347984745231,-0.044547230548788869,0.93627806924087764,-0.49220962865042772,-15.079534589585153,-0.079061312571369613,0.2577360790274242,0.2618786956783996,0.45,True,4
0.84581165196437413,0.45676325914990762,-0.27562651267984334,-0.44260830145632979,0.88925462823333246,0.11543005521761254,0.29782636028941434,0.024362496923609242,0.95430913642299808,-8.4338328043177384,11.148721751987397,-5.2408029065332746,,0.07651336099345266,0.2553191489361702,False,4
-0.93525665543402536,0.17325240020253585,-0.30867230891419817,-0.16940412254497156,-0.98475704370782424,-0.03944373375576269,-0.31080095194694962,0.015400347135295388,0.95035024994839856,-11.4986926421173,-3.4706005371784836,-5.3601372390333397,,0.1167467014714748,0.3098591549295774,False,2
0.36438224086550641,-0.78711931640023303,-0.4976633041439395,0.92748352058005734,0.35475301341618587,0.11800262083767009,0.083665414564535551,-0.50457257279975742,0.85930589267383661,18.221794061080729,3.662226259079163,5.5552346727531345,0.3208936458736864,0.3002301179972732,0.4269662921348314,True,5
-0.050037092427494032,0.96094845106416149,-0.27216605919693865,-0.99856594546676114,-0.042940866722042989,0.031970838575695659,0.019035281334297698,0.27337548603075013,0.9617190346987915,-6.0602027397283322,7.6892507813131177,-4.1383661437596393,,0.07600565572751539,0.3623188405797101,False,5
-0.54096854281528117,-0.69796113336910581,-0.46925823593244154,0.81446653696856064,-0.5739024355256851,-0.085324408325691742,-0.2097553237530663,-0.42835295120239647,0.87892915149825723,2.872458937697755,6.5773298795673147,-0.28274979433006969,0.7345950084830921,0.3633168808748285,0.2301587301587301,True,5
-0.37889738109335841,-0.8549404775711148,-0.35427892177078191,0.90999669300589736,-0.41383498079932851,0.025428869128399784,-0.16835318030534591,-0.31275771529619023,0.93479399773628336,-28.352282516258388,5.8452079932221412,-13.171279249085693,,0.528833488755067,0.84,False,1
-0.86215614289746612,0.47148808054263885,-0.1854340183741453,-0.42922643338141059,-0.87418561259860483,-0.22707748371927175,-0.26916807788227487,-0.11618306516795202,0.95605964312763558,-15.448409292908305,-14.643653918930772,-5.7070111181283556,,0.4206842911289888,0.2380952380952381,False,2
