axis_00,axis_01,axis_02,axis_10,axis_11,axis_12,axis_20,axis_21,axis_22,location_x,location_y,location_z,dbh,dbh_approximation,score,reconstructed,number_clusters
-0.97096981604714805,0.032053778873816038,-0.23704466158358306,-0.010063790505125356,-0.99557763701867052,-0.093401760095775915,-0.2389902434118093,-0.088304722004139913,0.96699841759215677,-5.2601339464386081,-14.994423092699979,-0.83823058037663778,,0.1567911499729497,0.2222222222222222,False,1
-0.86716630349033175,-0.40051196168806635,-0.29599454494245281,0.43638979859163873,-0.89747120243614109,-0.064104480989823701,-0.23997196872981208,-0.18475824566877247,0.95303611940016975,4.3235554843355466,12.742521304182482,-1.2058607790959983,0.177986665486986,0.1157253770727067,0.3461538461538461,True,4
-0.75071401376891167,0.63475720307912942,-0.18306218252312623,-0.64947553350956166,-0.75984015484119827,0.028713593703563342,-0.1208718366843156,0.14045010583856396,0.98268192558248246,-4.882466768509186,-8.0776381394968144,-1.4125092243047503,0.3563396943604845,0.2633162612032401,0.7299270072992701,True,5
-0.23769837087742696,-0.91870044945405938,-0.3154187195699194,0.95991032401672405,-0.27183836402040329,0.068381822824631497,-0.14856532007277404,-0.28651943742025776,0.94648558237939029,-20.367533594167149,7.8534067388951811,-6.3332883390582602,0.2479816092499368,0.2157224428550598,0.7956989247311828,True,5
0.96947350269611232,0.052022150588010171,-0.23961390489353657,-0.022667028620619378,0.99206387810420116,0.12367484616672825,0.24414613120760775,-0.11446815106854075,0.96295883038025398,-4.9195725005741231,14.472620211596739,-3.2952509934836729,0.1495149986815471,0.1329049522177318,0.6666666666666666,True,5
0.67776641130631954,-0.67990255885898321,-0.27993785410687005,0.72658069323815744,0.67769327028505544,0.11319155279394748,0.11275277344043891,-0.28011487262791551,0.95332180831770308,-6.9041156296144219,-6.5677860729017015,-1.9895407944583323,,0.08074559736427744,0.3333333333333333,False,5
-0.60496943498214362,-0.73828774745544967,-0.29823343993345913,0.76929943422596969,-0.63856694013311766,0.020264339827146635,-0.20540292898833878,-0.21717151039255986,0.95427782738405154,-7.9648631770729077,-9.5345846650292998,-1.9934493309013166,0.2268844971166547,0.180861423890592,0.6363636363636364,True,5
0.73038417026891389,-0.63170799635889219,-0.25977677178074499,0.67057620151930497,0.73548915126002068,0.096867261418685888,0.12987117377051707,-0.24495043522118809,0.96079798215255419,15.235155527894376,-7.6791917317961307,3.1471417533050654,0.5113708382766661,0.4913105262332185,0.8494623655913979,True,5
-0.7855437647506478,-0.5026028737858359,-0.36098662707031121,0.56375902676372702,-0.82179813960774695,-0.082604948275893292,-0.25514065415726278,-0.26839927160755683,0.92890531142670218,8.9787598005020364,-0.63899370782367437,1.0818347574652862,,0.4890736357480811,0.2236842105263158,False,4
0.29854666204994812,-0.87020051848702085,-0.39194508314782334,0.95439403236359377,0.27280576077012092,0.12128086361580277,0.0013862061872250003,-0.41027804537356827,0.91195943106963395,-5.6297357997909847,-0.58744483047132368,-2.3634398348773815,,0.3256224714632037,0.2881773399014778,False,1
0.075767089380795502,0.98268757731996015,-0.16906943410265404,-0.99301998712699591,0.089733273356685656,0.076545704118498092,0.0903916662810509,0.16208968207052377,0.98262723432297205,-9.7208164321611097,8.7624183186476152,-4.0110280211658136,0.2499203464988463,0.1848084116604889,0.7275641025641025,True,5
-0.81738574975764866,-0.43989772738119215,-0.37198188872307836,0.51914628640338778,-0.84236453625820185,-0.14459986641790532,-0.24973519857380549,-0.31130688636675985,0.91690803960590006,-7.1034960980456736,-14.685063479300803,-1.2811007773797587,,0.6033687292820995,0.24,False,4
-0.63049396399313851,-0.7348160372803002,-0.25004550130705228,0.74969497380223415,-0.65996116152497775,0.04907862604300868,-0.20108408098078301,-0.15651407807056367,0.96698941862971532,-3.5213985694530021,5.8623773121615841,-2.411131723944917,0.4230569048026308,0.3944961969288305,0.9760306807286673,True,6
-0.15222145943642576,-0.93131223926328321,-0.33088689953737083,0.98234873620178242,-0.17939349586236353,0.052999378534482756,-0.1087179275455791,-0.31697868483651975,0.94218094100310956,4.9704283615876461,14.504042583312323,-1.1474415444006192,0.3128813923576982,0.202161837200212,0.5909090909090909,True,5
0.42537786959534907,-0.86670446627445785,-0.2605322171986208,0.90445770205506759,0.417228130924022,0.088752194107600463,0.031779447002556957,-0.27339358973018035,0.96137714339517,7.0003696005711706,-8.5794327451197603,1.372583559536767,,0.0870602161027298,0.4814814814814815,False,5
-0.18946273893953647,-0.94303631878803973,-0.27347097103757217,0.97501624719267876,-0.21358552851800761,0.0610290071850213,-0.11596201215844387,-0.2550759170411564,0.95994223174198301,-6.4945166984535456,12.096310062608884,-3.5209266777291117,,0.0795397556724028,0.3725490196078431,False,5
-0.96890841884979995,-0.05192443501423101,-0.24190975369015744,0.043678450364825441,-0.99827118763694955,0.039329745837480362,-0.24353371194910001,0.027540678683834884,0.96950133685411988,6.9009463224677123,3.1703250992787666,0.1553848145222281,,0.06674949842817132,0.1794871794871795,False,5
0.45268344240638658,0.86307391119344112,-0.22401143896765854,-0.87389019351304897,0.47934832208453793,0.080877164864160758,0.17718247840243792,0.15914964634580653,0.97122487582185357,5.7005781510324169,1.1493347339331808,0.066004623576014915,0.4810534036008902,0.4249733672743037,0.9086538461538461,True,5
0.33301473263971693,0.93913283405294212,-0.084443518689052449,-0.93048632887065141,0.34179883925724541,0.13179053557527787,0.15263151584688139,0.034685349732850396,0.98767431215162937,-2.5841951795350573,-7.9157059891433725,-0.8633098039115048,,0.0843922240276121,0.2333333333333333,False,2
0.056057349542676028,-0.95529932117662097,-0.29027707543266001,0.99734607019955013,0.04004944835790248,0.060801792274093852,-0.046458474143740457,-0.29291508777411179,0.95500908976539078,-13.758913223243809,1.6302481002251079,-4.4471009659150198,0.6111715604628349,0.2886016408525338,0.5424836601307189,True,4
0.76999715057438245,0.6313346583291668,-0.092308923185826786,-0.59316139211580687,0.76160160186396331,0.26100299412359923,0.23508285988257521,-0.14621747238493762,0.96091440813362272,7.0833589515459554,0.20220923973807553,0.52032005536312287,0.8336779050247198,0.7164120452845737,0.3539823008849557,True,1
-0.72776752669055522,0.6611872954176129,-0.1821696667204909,-0.67365007360065099,-0.73899519373738531,0.0090378078582414728,-0.12864682441688932,0.12929603246576163,0.98322557460435445,-18.851343772078426,13.077940853433894,-6.3701317803216346,,0.08338066331900826,0.2727272727272727,False,1
-0.58648769680834512,-0.75027315884760026,-0.30515957891779577,0.78451190159691353,-0.61989842128549155,0.016340854951633246,-0.20142804607411927,-0.22981761116285068,0.95216101991951108,2.9551116027147786,13.847221901054793,-1.608784557996698,0.2199842052557871,0.1577488170104211,0.5161290322580645,True,5
-0.52949961859353534,-0.80097794154402457,-0.27940023455465707,0.82613869117483385,-0.56169730149362318,0.044620672772985343,-0.19267853241405158,-0.20719671487424335,0.9591373751929847,-12.632124450668538,7.2336917481311893,-4.5836303874943942,,0.07643955076202355,0.1929824561403509,False,5
-0.71705039012764826,0.67356371715845775,-0.17930604269089653,-0.68583540560458822,-0.72770017975884216,0.0090688917812063521,-0.12437256303935491,0.12947728490600408,0.98375154294994227,-5.8718320164850937,-9.9436294231436353,-1.4674880144129518,,0.1507070174729092,0.1428571428571428,False,3
-0.95426446802752174,0.18608180055857743,-0.23399335153167988,-0.19989102540888834,-0.97913667808464877,0.036536879865988164,-0.22231262452036707,0.081639017205232631,0.9715514231622685,26.433971939263394,-8.6144897267236864,6.1974063748521058,0.5735290851698308,0.5887551819802149,0.9473684210526315,True,5
0.14043104826388095,0.9704026396452814,-0.1964633239385338,-0.98554345763707163,0.15600185118440557,0.066087181327421085,0.094779817431098576,0.18434245142263977,0.97828147626908435,13.285015232986051,-14.304277581649833,3.5890292946484808,0.5469467054201937,0.4676697139212722,0.6,True,5
-0.95304550438305691,-0.18015689947813587,-0.24340862381121794,0.17487119545325616,-0.98363707652541599,0.043337820495305782,-0.24723335449731529,-0.0012622420366885656,0.96895514610793354,-7.9719106278781338,5.8954329085622872,-3.386779186007598,0.1894162763198705,0.1376414410714497,0.6495535714285714,True,3
-0.87741730537345353,0.42986887301545923,-0.21295920793337125,-0.43429746887817378,-0.90033385157841828,-0.028011858702772924,-0.20377581003937048,0.067909555398274798,0.97665946548856464,-1.8632281031443345,18.348010786293198,-2.8710527295565931,0.3007172969364335,0.2887852159269716,0.8735632183908046,True,5
0.56775958730704079,-0.78345822467747861,-0.25267026181597269,0.81969657169291743,0.56632272628822788,0.085884224653581989,0.075806209348684928,-0.25587453932480758,0.96373317819275095,-2.0816675740675117,9.3315588761590504,-2.361301781001699,0.4368642254499026,0.3537474102823352,0.8421052631578947,True,5
-0.96709463362945103,-0.054854578791884739,-0.24843297846840734,0.044156364902312735,-0.99784974476526767,0.048436580293256683,-0.25055575236608124,0.035872859621951116,0.96743731212870432,-22.602737793065916,6.3167642652887057,-6.7467873028198175,,0.08515331530824523,0.35,False,4
-0.33141857116253859,0.91959141207499362,-0.21098190805493372,-0.9434091899459992,-0.3258130167516976,0.061846410086529288,-0.01186722436016667,0.21953931983377636,0.97553147362497117,-6.113368438939542,-13.313299560159686,-1.2033800795937857,0.3291917421816181,0.3092232544378447,0.8472222222222222,True,5
0.62029671625010585,0.7652616006419618,-0.17206587805906881,-0.75626858841055034,0.64169770159978001,0.12760047784030171,0.20806202438900093,0.0509778613170703,0.97678628760987862,0.49674496346860875,11.160573210969426,-1.9380596788182147,,0.09670538505827708,0.4054054054054054,False,5
0.51936864399933425,0.85329258156285503,-0.046346325421678158,-0.83284844191588381,0.51757894968156226,0.19615173627785321,0.19136270385991774,-0.063275596372772525,0.97947767431171806,-23.707073138550491,3.8476542185944878,-6.8096304428936181,,0.5740823010691087,0.59375,False,1
0.22791399352656783,-0.91809696675615826,-0.32427329706269903,0.97356708939043857,0.20977780196007267,0.090334911637917847,-0.014910868874799296,-0.33629040045464043,0.94164028830092872,-10.528906355113673,-10.272776481113782,-2.4833234192185119,,0.09372424099209163,0.3823529411764706,False,4
0.91523105337640553,0.36518705589071598,-0.17026606574824896,-0.33791001955532601,0.92582013023158338,0.16933370940865192,0.21947422996706276,-0.097444859627615371,0.97073969822631645,-1.9009906746184866,26.537860298266427,-3.1693357938274285,,0.1620534787592077,0.2692307692307692,False,2
-0.80209311088146196,-0.51261782317977989,-0.30638147599834348,0.54253354129804565,-0.83989906950831295,-0.015063519033495412,-0.24960768826921456,-0.17830457200390182,0.95178962043058901,-13.170171511396653,5.9532580902810386,-4.6439950267700043,0.500625782551893,0.1796022393370769,0.8873239436619719,True,5
0.9481308770755843,0.23926656460966625,-0.20928294482774357,-0.19774454536050609,0.95942107053658832,0.20101816880718681,0.24888739364630494,-0.14920697192261584,0.95697039913135962,-9.8652382560339671,-6.7610990470512711,-2.6448076515353183,,0.07922275096096174,0.1142857142857143,False,2
0.95161761685696178,-0.19422810772692828,-0.23811626037776623,0.23129194301073017,0.962916894408687,0.13890677291136372,0.20230657029814078,-0.18726050472842576,0.96125207671196078,-10.166245534035736,11.84252635229158,-4.2975653675902032,,0.407192834576533,0.2962962962962963,False,3
0.1585022856402501,-0.94435652326880426,-0.28821481989389924,0.98729570393316712,0.14829440086513501,0.057061052103537305,-0.011145332741938026,-0.2935975606705663,0.95586413988932772,-12.101020636720687,18.322008259182049,-5.1264595793644991,,0.1071418383130045,0.1,False,3
0.62264561875157154,0.75764043411310089,-0.19568701041812989,-0.75356069394121539,0.64794848891616386,0.11094609618230987,0.21085235117566792,0.078381938660462072,0.97437033908854231,-10.159492194474826,-2.5393142221153524,-3.2042941873245843,,0.2434926024329272,0.48,False,4
-0.97099348938900465,0.028230597242215858,-0.23743352110330473,-0.022011946375832481,-0.99934274041592452,-0.028802107470434365,-0.23809056634170353,-0.022740284900123142,0.97097670500468181,-21.455624656627435,18.435549283576364,-7.3259989763841808,,0.2242108933793274,0.5,False,1
0.2323655882744175,0.95388160240603204,-0.19004242151999437,-0.96394002498043951,0.25190939510382721,0.085797930622668869,0.12971453899464139,0.16325300992546257,0.97801973043680634,-2.4988658123217919,6.804128892884119,-2.2716418980365045,,0.09124853118075256,0.3942307692307692,False,5
-0.90854825346799239,0.39518033968168398,-0.13554545455060357,-0.3869303466081439,-0.91829970358942192,-0.083729094473076165,-0.15755944273182279,-0.023625272837546493,0.9872268576621025,0.62813535943171483,19.98930565157789,-2.3920204701795127,,0.4683626687723725,0.6666666666666666,False,5
0.67039477686898552,-0.68865695985624531,-0.27626515304746024,0.73423520809902665,0.66941918562383784,0.11303368129233274,0.10709576244913821,-0.27862079168696485,0.95441131180700423,-5.9500682956808921,15.343149084446663,-3.6202817296866643,0.217509226459691,0.2055491777306783,0.8118811881188119,True,9
-0.0084605423132625545,-0.92371040215939837,-0.38299805765341566,0.99377679263446861,-0.050308894085153329,0.099381595867030395,-0.11106802260288252,-0.37977375912304995,0.91838760130820263,19.062244265590071,-11.961602863837294,4.6418070989355176,,0.2546154072662987,0.4,False,2
0.43522036689222332,-0.85358339100035641,-0.28631909969565461,0.89962471925947374,0.42483660953178543,0.10094166483097738,0.035476706999248028,-0.30151160808477856,0.95280226356291753,10.559196296322799,3.0387350298187776,1.1328146089895532,0.2813354296097024,0.2524771679898454,0.8163265306122449,True,5
0.83581495177451048,-0.4758441100900791,-0.27383525938555386,0.52299807038267565,0.84181367266347429,0.13350190595205219,0.16699216977502457,-0.25479820134650394,0.95246600560041805,1.5382537219310679,-14.328888128411505,0.76268324681951749,,0.122236853615314,0.15,False,5
-0.29515885824547933,-0.84703683851484579,-0.4420518551007353,0.9497445106168998,-0.31058460545366712,-0.03902008980328768,-0.10424304750098129,-0.43135344794491481,0.89614038520409467,17.819497312047289,-7.9387998074792714,3.8315297098007695,,0.5265440616815884,0.2413793103448276,False,4
-0.37565125647806308,-0.88727349526687294,-0.26764132360933712,0.91219824396580995,-0.40498899423733253,0.062275823979494944,-0.16364747847780498,-0.2207479538830186,0.96150394884488954,6.8774938327803099,-12.552463666379309,1.8386413842916836,0.450212527041902,0.4343590615342572,0.8333333333333334,True,5
-0.47447207803894903,-0.81449600139498757,-0.33387499288353262,0.86246491420772187,-0.50603963397412943,0.0088408488278709785,-0.17615481521113624,-0.28376073117841139,0.94257590066743435,-9.0206932808214226,14.797930770106337,-4.2256923052968611,,0.1478471055917438,0.5,False,5
0.056456125900830371,-0.93958055075278313,-0.33764048112654638,0.9962173513404099,0.030638134419733468,0.081316010770180067,-0.066058267738166448,-0.34095409275498439,0.93775615801606871,0.37613908390188755,-10.179196762204894,0.076007565091793516,,0.1947859914544216,0.2727272727272727,False,2
-0.77795512253983579,0.59862972805855796,-0.19086192914923453,-0.6078783825852514,-0.7939330597940123,-0.01241646292859723,-0.15896445923403502,0.10636138984920929,0.98153836168016217,-3.7816029677267919,-9.9986969422389951,-0.92824960986649685,0.2869260211245761,0.1339575996909702,0.1111111111111111,True,4
0.89083613775810044,0.3972562380804201,-0.22045057716055638,-0.38377945917765099,0.91768100294250909,0.10283435005745598,0.24315489379722449,-0.0070041519559691928,0.96996218456073713,-7.7845195098478612,-0.34487623552265545,-2.9030992200167214,0.2580388705206472,0.2909805857625683,0.5487528344671202,True,4
-0.52467609659511749,-0.78046238643476074,-0.33999037783776864,0.82169640198347638,-0.56869589323182701,0.037416627168451358,-0.22255340174690555,-0.25973726028779942,0.93968427622742945,-27.707772269599126,5.69587032153966,-7.8296933966833508,,0.5389285739160455,0.5,False,3
0.74893455438872281,0.6490088680511692,-0.13373302671182469,-0.62507510203654193,0.75892532391831868,0.18251977846108067,0.21995033543182485,-0.053102183631328376,0.97406468370278809,-15.77015382390934,-11.64471102733598,-3.5139380228118293,0.4784615293062801,0.3372624923314434,0.2631578947368421,True,3
0.9574105279248607,-0.14727827930891468,-0.24834288687708991,0.18805379740914233,0.97074641869791756,0.14928884708902612,0.21909096352575347,-0.18963253684158393,0.95709908090666562,-7.7801188197115287,-3.6454280002518287,-2.5511805598623698,0.5666876538136577,0.5146826154119595,0.8706697459584296,True,5
-0.6987322986592579,0.69010270743036872,-0.18849781963626239,-0.70540436064930911,-0.70849452919002953,0.020980707441304348,-0.11907083096749227,0.14762708188226648,0.98184947008573453,-16.782660803263589,-8.2717461159803403,-4.0367557151359392,,0.07547686091525196,0.1764705882352941,False,1
-0.95170537886522399,-0.15803443402179485,-0.26321472128741702,0.18009062878049428,-0.98171094401927639,-0.061733198671609542,-0.24864480140241796,-0.10615432189125978,0.96276010650595611,-24.601130843420407,9.8418193279566086,-7.4603081121671098,,0.07472734332692524,0.2,False,1
-0.44779499049005284,0.89363539723789343,-0.029923624370820745,-0.89310729918500442,-0.44863420947786731,-0.032965106228187137,-0.042883547363531158,0.011963397913695661,0.99900844764990782,-19.111326480142864,-14.985528826474427,-3.8557652096900163,,0.3190883724246737,0.1428571428571428,False,1
0.64833595941047828,-0.69842814393115027,-0.30308185610521793,0.75569851366206309,0.63876492605309909,0.14456529906353305,0.092629585901290445,-0.32276539004247073,0.9419353814389223,-12.618298773592747,11.253563847867776,-4.8086959974927312,0.6283330050799416,0.4672946570151569,0.9180327868852459,True,5
0.53776872040944912,-0.79492893713678703,-0.2808786005586083,0.83879214295855276,0.53806705736785276,0.083135928974776091,0.08504436642237273,-0.28030666541857058,0.95613577961591778,-15.760580491819026,-13.832818612016963,-3.2866372297236999,,0.1072865766093846,0.2352941176470588,False,3
0.022157250861263099,-0.95650349196677231,-0.29087819803079695,0.99738210390589244,0.0011165068167772836,0.072302781556348367,-0.068833095546604578,-0.291718740001222,0.9540242039327792,4.4409033268582219,-8.8445559500472779,0.84718177699651753,0.2195266797356826,0.2153619529845642,0.6153846153846154,True,5
-0.49632205763175385,-0.81658475559973254,-0.29470960627422216,0.84760117145586933,-0.52920724566188648,0.038883740632784936,-0.1877143288479062,-0.2304973493580455,0.95479542451987853,1.8660818492684847,-9.3159188641175259,0.28814471081615373,,0.09840480105891207,0.3414634146341464,False,3
-0.88346978039672974,-0.3554506362724173,-0.30518190034680504,0.38695777823617061,-0.92086518927027794,-0.047654811433276156,-0.2640924553793238,-0.16019409590789618,0.95110095502421355,11.766941596421001,-9.872390494339216,2.5977855029557837,,0.4385448361186414,0.48,False,5
0.42767134966143583,0.89890069920491533,-0.095261480398332626,-0.88994504801479302,0.43717682091410304,0.12990088055662841,0.15841410351580154,0.029222597837192166,0.98694022695547889,-16.407112351206752,-3.5921965069412796,-4.4689751425514599,,0.1234963482274739,0.3,False,2
0.3394232879794053,-0.89983418298257611,-0.27402604750886511,0.94046053882119574,0.33023141308085946,0.080505830439578346,0.018050110730883487,-0.28503623796054384,0.95834677259951395,14.327300062789798,4.0233632177042047,2.0761038201903865,,0.1271701337141581,0.4736842105263158,False,5
0.89393971914020831,0.40891398682688146,-0.1834696975548574,-0.38683184802138437,0.91069052953406804,0.14492715678339771,0.22634685749947203,-0.058584219669669479,0.97228338940136683,22.385586542781276,4.0951395371422814,4.2612737960033131,0.3224830817914859,0.5057600770030608,0.3571428571428572,True,5
0.092496738304179427,-0.93950186863366969,-0.32981902952517739,0.99476837723277267,0.072767313874464085,0.071699328373216159,-0.043361608143185945,-0.33472549479437169,0.94131748845641805,-14.476975569361043,-6.855249100101461,-3.7300793570807835,0.3937430588955517,0.3476701773421766,0.8613138686131386,True,3
0.92059918342752856,-0.22660536088486077,-0.31803640340503381,0.33322226733766758,0.88048967472778006,0.33719557121663335,0.20361744528136932,-0.41639877895595434,0.88608802771568851,3.3858746540341169,1.1053345272289841,-0.51947695678934358,0.1141127253742013,0.5857146025993751,0.1509433962264151,True,5
-0.96524730683595739,0.14763511185698158,-0.21564208863973741,-0.13786474161104306,-0.98864695273054404,-0.059753793830436011,-0.22201565185016167,-0.027947747737276374,0.97464248508361362,-4.7894740817755874,10.45990392713502,-3.0503567319367466,,0.3329842822260761,0.5301204819277109,False,5
-0.85637299910507947,-0.43941826369087478,-0.27117683518079083,0.45399406856730345,-0.89094862614950721,0.0099965628099488238,-0.24599730102072132,-0.11455188823063416,0.96247763236000361,10.937072882851153,-0.61148564604841738,1.531752953896842,0.506073023220931,0.4682764328056401,0.8253968253968254,True,6
0.57556207084024025,-0.77500132449477976,-0.2609621613212002,0.81370576707247222,0.57449549574706005,0.08853163276106274,0.081309453589938116,-0.26330186554158236,0.96128086445077454,1.8979030312611558,-3.8652228513614637,-0.31999634823504186,0.238342175739639,0.2039080206063077,0.7218543046357616,True,5
-0.022582157933307964,-0.8781652118067389,-0.47782413806284452,0.99645055297592566,-0.058539308591823894,0.060493345283286926,-0.081094646044278962,-0.47476205632086521,0.87637015482097302,-9.4875451728113358,-15.449463583247375,-1.702563984135848,,0.312787293652099,0.125,False,1
0.06157208734969917,-0.9433699145211375,-0.32597865334371801,0.99627933912581212,0.038357323435480484,0.077176383498459872,-0.060302209664625239,-0.32951770834850264,0.94222169545936241,-14.5513625184883,-13.23973591137586,-3.1157211046105759,,0.07598193348364006,0.1538461538461539,False,1
0.70109083031433972,-0.65489763267807544,-0.28210058199479421,0.70292946862567329,0.70122317327453065,0.11906394668591133,0.11984076846706965,-0.28177145344312177,0.95196798172930808,-13.931844680758832,6.4042706943142029,-4.8551915715761718,,0.06131290320230363,0.2463768115942029,False,1
-0.96914359082211654,-0.020059797629479563,-0.24567927240098802,0.023710559805887661,-0.9996479107827636,-0.011910659987914282,-0.24535384594928603,-0.017368332871079181,0.96927799484522181,11.569342938261165,2.771906058661624,1.4291912263399069,,0.08970097074300713,0.4137931034482759,False,5
0.82216785884859245,-0.49248270432600189,-0.28548344578288437,0.54581221484933884,0.82442954841156157,0.14968281740790351,0.16164478957758044,-0.27888475334025808,0.94662255221221259,-12.517490135722964,-8.9039826769599504,-3.0798690392969719,,0.1565788649853507,0.4166666666666667,False,1
-0.41122772142268554,-0.85284860316361855,-0.3217779066613678,0.89789264549383607,-0.43983571184276415,0.018257704013665083,-0.15710047199670621,-0.28141394185369467,0.94663912608172862,14.127279349555923,9.490790517097393,1.5581346516041252,0.3223813591308855,0.3263072750166119,0.6578947368421053,True,5
-0.836405882268904,0.52294288112217358,-0.16418265191432024,-0.52254602937578398,-0.8511946337679277,-0.049125783742227529,-0.16544137115480209,0.04470389835714525,0.9852059247599434,-20.466723285307886,5.3863393084492381,-6.2237063697922332,0.2037995265661256,0.1820692631233378,0.4642857142857143,True,5
0.87896898324818362,-0.3999238028895839,-0.2597585000918865,0.44020247472915663,0.88991969620327172,0.11943498462260467,0.18339931223965825,-0.21932598157037569,0.95825925827941294,-5.4846182511770589,13.039921332854815,-3.3873640395784204,0.3544547723073439,0.347529647143631,0.8708333333333333,True,5
0.79831904358772843,-0.51517840937421688,-0.31189407041466299,0.57721302644813266,0.80227531952636322,0.1522479352157502,0.17179006590534279,-0.30157174634491879,0.93783935461395207,-12.288977223136339,8.663335540032687,-4.6226380053873122,0.4199126210911693,0.2332574419017041,0.9141104294478528,True,5
-0.71736508043886105,0.67860309506285454,-0.15775037476361947,-0.67387396246547493,-0.73332468000581807,-0.090159838095714123,-0.17686498827644653,0.041626350614487273,0.98335447467151615,11.948328332436862,14.408441732100437,0.5848028172559242,,0.4846375749826572,0.5142857142857142,False,5
-0.31179498156265711,-0.86951297031751884,-0.38305493590599732,0.93813527706807853,-0.34563422607371608,0.020956709828179564,-0.15061902732636906,-0.35282315147397669,0.92348780846919132,1.8133195570935063,18.897399771918863,-2.0846629686499569,,0.5276441769633553,0.4791666666666667,False,4
0.88693373958135968,0.41815121665145738,-0.19620933108578203,-0.38963200910510359,0.9054484969634542,0.16837433541766841,0.24806337712960483,-0.072887443085397158,0.96599792006376894,-11.706045387843359,-12.608179803319695,-2.4890120147534622,0.7825061825351585,0.3889206157544933,0.7666666666666667,True,7
0.87105832931715144,-0.42466440734319233,-0.24681476467802269,0.45652366787989029,0.88536654722442554,0.087819233208847422,0.18122783338302134,-0.18917245621853485,0.96507525831695751,0.13491092926206025,7.743125139981303,-1.7677793036569509,0.4821943811911548,0.454645822027716,0.9285714285714286,True,5
0.61877163842636063,-0.7193650397219673,-0.3156510717627477,0.77244974507075115,0.63029134503001261,0.07780881518433784,0.14297919715570681,-0.2919704779700702,0.94567974979621916,-18.198895738783627,3.1899033891078692,-5.5592133616647921,0.1681901111130121,0.2218799580198663,0.3125,True,5
0.56134524324771318,0.82737233891299744,0.018615334668034417,-0.80314373872079126,0.53920531639414393,0.25341223673272223,0.19962878759526609,-0.15720254315350093,0.96717925308048081,-12.507536927014641,0.93094635092899336,-4.1427568074532708,,0.07833040732366037,0.3543307086614173,False,2
-0.38512945067979909,-0.8840293770128842,-0.26489123578799018,0.90808737431375786,-0.41417323600088907,0.061950392997115418,-0.16447682764152971,-0.21668546596106578,0.96228622665515406,-12.09790988878318,-1.3326906686805646,-3.7985253727569757,,0.07078658622178746,0.3287671232876712,False,2
-0.87082138577346913,0.44206245847284775,-0.21506021688940241,-0.45731662170958315,-0.88896728794368196,0.024467702674932895,-0.1803652449550886,0.11965761060206999,0.97629423568783524,-13.069402163235159,-16.023003756068,-2.4365170233303783,,0.1057557649434467,0.4285714285714285,False,1
-0.44858454382500262,0.89374039404624006,-0.00012284700257700343,-0.89267316792640183,-0.44805559043629944,-0.048793474389728995,-0.043663741314234519,-0.021778336227792822,0.99880888150115721,9.9856384332901396,6.3537726559390073,0.70979414745671021,,0.4390998785462291,0.3333333333333333,False,5
0.10887082916306201,0.97889576509592813,-0.17294572453403806,-0.99120176614223965,0.12007714162755466,0.055682482479321158,0.075274174547789494,0.16536190956750654,0.98335610920476579,12.663424893073078,-7.3753247860586297,2.5304612925592007,,0.09306516064793773,0.4,True,5
0.60737800002289388,0.76439713131896891,-0.21630762982271479,-0.76639217969873363,0.63549415480422333,0.093756099035154278,0.20912912753802004,0.10883108398337688,0.97181315239823218,-11.891021356727371,-7.1649613095948128,-3.0767303784929325,0.2833930055768502,0.2089273646455211,0.7354838709677419,True,4
-0.10828094506193314,-0.93378493558625197,-0.34105854484043246,0.98890629334870994,-0.13626722240562716,0.059123490028665404,-0.10168372491116257,-0.33087299401739334,0.93818094305851052,-21.58284953690745,15.7477345187789,-7.180057068364718,,0.1277265801007178,0.375,False,1
-0.26826482347895858,0.95913368567513735,-0.089980872895466996,-0.96332245890417778,-0.2664438582022049,0.031898441923267434,0.0066200192304873562,0.095237825623804728,0.99543253509006713,-6.1684459297855128,3.9539432516805508,-2.9141572867953203,0.3714840115893037,0.2151949348045268,0.1743589743589744,True,5
0.5893649339651843,0.80476594646846167,-0.070715953058241049,-0.7814888596074413,0.59011841301940793,0.20257201417006382,0.20475384470547819,-0.064125112242995774,0.97671072127736391,1.475478093726694,5.8049675035134332,-1.3094073179052379,,0.2326467419565861,0.2142857142857143,False,1
0.91067370182030682,-0.33109734457169154,-0.24707884820533202,0.36317974903375988,0.92667662569877884,0.096803415617941868,0.19691083947988758,-0.17789035893240379,0.96414788362274917,6.2631032995081037,3.8249580498788291,-0.061041944254682311,0.2916771511495936,0.2661490032713553,0.8972972972972973,True,5
-0.63609170102525447,0.7567771357306935,-0.15058457664065972,-0.77019252886029621,-0.6345504334352563,0.064414407665611073,-0.046806157443024771,0.15695258603277942,0.98649636054221868,16.281419630862075,-4.1241975032866227,3.0661183304677446,,0.2219421070170263,0.1132075471698113,False,4
0.54525015653191689,-0.80044906943050143,-0.24896496550672692,0.83516007210609555,0.54428692779171817,0.079116333299739119,0.072179780836897883,-0.2510637916604036,0.9652756351195444,-11.226697151056106,4.6379423123974979,-4.1035737385483708,0.5493575241955153,0.5056037426402792,0.9984639016897081,True,5
-0.67755658080533254,0.69689817117157682,-0.23505322551519911,-0.72663705328281547,-0.6836951458995103,0.067524367971233429,-0.11364714076409538,0.21654996303661539,0.96963417890717274,-2.720696960657992,-2.102911725772977,-1.5601057352384351,0.3805547412325673,0.3453000799830185,0.9712950600801068,True,5
-0.085727395888780922,0.98670662788946517,-0.13806101576161711,-0.99479334281145038,-0.077105608002407788,0.066640305465984553,0.05510915252613599,0.14305507923027516,0.98817924771484233,-15.890265047312804,-2.6006505229939441,-4.4462846131077596,,0.1122363444002563,0.4,False,2
0.96340628052867616,-0.10370277339214802,-0.24717215342485135,0.14250364470860394,0.97917196779290439,0.14462008412850152,0.2270265400402901,-0.17455083007349947,0.95811844666407842,0.27172314600595593,-5.1394093456993266,-0.52084969211342735,,0.08052148604447733,0.2622950819672131,False,5
-0.442110368520157,-0.86079549827989366,-0.25212999065569491,0.87955876186637039,-0.47115428594006215,0.066257250655364669,-0.17582606880399887,-0.19247012490612686,0.96542241767402093,-18.427225627905248,-6.0374271481230837,-4.6619385608973216,,0.1709460426169263,0.75,False,1
0.34696936264699574,0.92395484642571579,-0.16099597246754668,-0.92485085986546889,0.36558171788749949,0.10488514934216853,0.15576632624043577,0.11250533015310069,0.98136608984450924,-0.15344138945722963,-9.5406931590165645,-0.12754131988294351,,0.1142670830943355,0.1666666666666667,False,1
0.25684511173468971,-0.85938087520745243,-0.44214827818919422,0.9660143714762166,0.21451074077585119,0.14422682203115583,-0.029100217858392924,-0.46416554527395704,0.88527031120507216,-3.9523975289560784,-11.29340555290376,-0.8762835983642685,,0.296914463106321,0.2857142857142857,False,4
0.6424112035009748,0.74895211057089195,-0.16241484441957899,-0.73677098132546903,0.66189959135587706,0.13804873067010914,0.21089420734845854,0.030978493093269915,0.97701789455082944,-2.2026499137780409,-9.846031034437031,-0.58790124531534926,,0.07034652950558273,0.2105263157894737,False,5
0.64644889236688163,0.7357868022700963,-0.20179596418853124,-0.73197482656602686,0.67271832252242847,0.10799496199474112,0.21521311026809589,0.077896342325920492,0.97345543145075519,-13.980008071403688,-5.6813270204561643,-3.7428619062890474,0.1743043873680802,0.1567384195046628,0.546875,True,3
-0.39077672384330031,-0.88114877822798399,-0.26621491830779942,0.9053663946942041,-0.42013556829710824,0.061626257472642519,-0.1661482574711976,-0.21693993380426152,0.96194169348265979,8.0403368528546455,-6.1173314687852054,1.3134824211626206,0.3526129733138389,0.3305183318440386,0.896969696969697,True,5
-0.95857329496842703,-0.14918353620896202,-0.24265512707866729,0.14419864962959039,-0.98880805477531586,0.038280285480393222,-0.24565013254296755,0.0017039177348321041,0.96935705962559371,-10.65969956187844,7.1695524009542613,-4.1097219442257282,0.3883047584863307,0.3276414369482483,0.9357045143638851,True,5
-0.18566173698589211,-0.89251488520681788,-0.41103150621776352,0.98041144314933426,-0.1962502318353978,-0.016710734466010145,-0.065750449133236105,-0.40608253617807133,0.91146796556432197,-11.623087941829574,-9.9004482172707462,-2.774255419470899,,0.2056268308749746,0.3928571428571428,False,2
-0.9549154033924222,-0.16801015148692269,-0.24476348044843002,0.16355715607865218,-0.98578003113174884,0.038558875986621402,-0.2477612339720463,-0.0032123541569350836,0.96881579865391299,7.2213015913416685,-9.3539473874737418,1.5724814886035223,,0.08314189576286633,0.24,False,4
-0.29287594995551414,0.95592494026710217,-0.020765031013540269,-0.95577992045117022,-0.29208886576170551,0.034188275188957375,0.026616190561587691,0.029859723263594012,0.99919966739716826,-15.754914912443628,-5.8711669748120219,-4.0933050876530244,,0.2344175447063788,0.3333333333333333,False,2
-0.95592859997240021,0.21040557196295345,-0.20476817878212675,-0.20861487400465359,-0.97752072414454461,-0.030546165257647209,-0.20659222177717432,0.013517734827527453,0.97833374916043003,6.0664924583845519,-10.001947016838823,1.3279329951446615,,0.1877385999291016,0.3888888888888889,False,4
-0.86565992170940087,0.48463524091320398,-0.12554514411587317,-0.47070656696976731,-0.87330873697526523,-0.12556742306109409,-0.17049406956727431,-0.04960376182981055,0.984109363360964,2.869214700247658,-12.741453910982809,0.88954242927658511,,0.3236755266474201,0.2857142857142857,False,8
-0.070070496727238821,-0.95957776487144797,-0.27258143490104986,0.99332646637893551,-0.092213711597130502,0.069275988514202566,-0.091611444042415988,-0.2659081506042989,0.95963545097222536,7.8080046020435567,3.7449683185193647,0.40520217223557625,,0.110421734501406,0.625,False,5
-0.87988798893587694,-0.33994167800616021,-0.33201925016591105,0.40544510622387897,-0.90148041969228909,-0.15148372437500229,-0.24781322153082369,-0.26790428974872793,0.93102948329724999,-3.0538368655078685,2.7778624833801171,-2.0576520803079545,,0.1405307967482394,0.3680981595092024,True,5
-0.74532293460081644,0.64329498502842186,-0.17511506330213122,-0.65298593899514568,-0.75736413853047557,-0.0029874977185253837,-0.13454771136163965,0.11212102347585196,0.98454344214060563,-10.459013261056681,-16.828282610798539,-1.7775614270580453,,0.1412047795735264,0.2,False,1
0.96016070348865479,0.14830314073593553,-0.23684932325009733,-0.10333747448130036,0.97591022313415665,0.19214734645596285,0.2596397308656716,-0.16001692044936536,0.95235591840755818,-13.640508770761206,-3.5980778325925495,-3.8382189637509851,,0.3242203013314822,0.4552238805970149,False,3
-0.090828844048485596,-0.93726123674335138,-0.33658801996972409,0.98870195845794262,-0.12533786361588756,0.082212269678155855,-0.11924159689573317,-0.32531798911607807,0.93805631362260267,12.227329415138431,10.338832582968166,1.0103455459897659,0.2376678291570562,0.2728345902016481,0.4285714285714285,True,5
0.97019993064248866,0.012659365156716314,-0.24197486451104808,0.026781633691755048,0.98691311680774818,0.15901334525635719,0.24082117572612222,-0.16075521872289469,0.95716399899664173,9.111920311773261,-8.4513188987384122,1.8358024447839638,,0.1315577960885902,0.3243243243243243,False,5
0.12737233749062471,0.97150643812766102,-0.1998787840634442,-0.98624188279048897,0.14546211637948403,0.078534841492641866,0.10537189507666335,0.1871256619892312,0.97666818846169345,-11.132978766757846,-3.7062654513833433,-3.2538927352477716,0.1372335561903093,0.097107302152508,0.4038461538461539,True,4
0.96202274255628695,0.1399860901192872,-0.23434192407163698,-0.079417075528254333,0.96488974966319052,0.25036113737848187,0.26116119719250336,-0.22224235772692461,0.93936316912733919,23.221577663548931,-9.2077810780016804,5.4344029435557726,,0.5449907212189239,0.3333333333333333,False,5
0.73079464992755161,-0.53604314564877398,-0.4226072948261006,0.67010908675527592,0.68127859353561349,0.29464095071484314,0.12997304137888632,-0.49851501882401084,0.85708213405811839,-6.1289899266512311,7.7882204342387489,-3.1423262518278414,0.7193649468629721,0.3424088273353352,0.2142857142857143,True,4
0.66266512234961128,-0.69173111953594268,-0.28702437855856033,0.74116693004093936,0.66072257881786722,0.11881605806438002,0.10745472272108651,-0.29146823515748721,0.95052603881172859,-16.834956532607922,-10.018758818218627,-3.9075228901006795,,0.4579443839472351,0.7297297297297297,False,1
-0.30205891929516682,-0.89224381243236961,-0.33565069410085635,0.94235115741848829,-0.3326569231744228,0.036244552365308561,-0.1439955047432778,-0.30535282975645878,0.94128898005524964,-19.452724553980314,14.130813390286356,-6.527985090568496,,0.1674859443306525,0.5,False,2
-0.33049084594000055,-0.84182079570446544,-0.42674764049654046,0.93145668049201524,-0.36383399622985307,-0.0036435633947769913,-0.1521980719873261,-0.39870110497328326,0.90436340913176272,-14.389635420672871,-8.1985950022058578,-3.5816442881083752,,0.08071816986564911,0.4285714285714285,False,1
-0.30846163221598888,0.94304197032982007,-0.12459239000476353,-0.95103295385730369,-0.30302738565907089,0.060915714048846825,0.019691168784513519,0.13728162927748122,0.99033631264072131,15.204166318164493,12.897732237740831,1.625564621771002,0.2379825731204593,0.3251443729312782,0.12,True,5
-0.66851307824459216,0.72883705576195501,-0.14794191550802677,-0.73476687498939552,-0.67802315141263891,-0.020056060600003742,-0.11492564393666477,0.095295080128609488,0.9887926699106464,-22.476367570778251,8.2168830772389505,-6.8711868997519989,,0.3507471713678161,0.35,False,4
-0.96923020629988188,0.070074845492799215,-0.23597102200280834,-0.085199352067930501,-0.99487182798895923,0.054507946953750566,-0.2309412860514429,0.072935326852413232,0.97023015851592576,4.7340058289661942,-5.3594279071437869,0.47056321405200796,,0.0732111816811425,0.1842105263157895,False,5
-0.96952394238789275,0.021275002158546462,-0.24407109501084343,0.012246051115543211,-0.99076888591567713,-0.13500758842925614,-0.24469033362336534,-0.13388199649154384,0.96031362150431065,-5.6467491648560451,-8.6071105418986509,-1.5288813404716168,0.3820047672828933,0.240011942906828,0.4833333333333333,True,5
-0.18246965631504644,0.98237931741718287,-0.040443803421770952,-0.98189851211269752,-0.17994665549293659,0.059114406770069794,0.050795043411141362,0.050498295890617773,0.99743159448505736,-12.34418266763794,-2.9382627471730101,-3.6631631040960535,,0.1785975413352646,0.1525423728813559,False,3
-0.50038777725826666,0.85625645497965597,-0.12820669123022929,-0.86251958788015903,-0.50587630888505375,-0.012211495890094133,-0.075312899914764864,0.10447029919793357,0.99167228643938732,-16.462227463168883,16.492207660996097,-6.0149118293658406,,0.3898901343033999,0.6,False,5
-0.66954876701830879,0.71223461642178687,-0.21077547237468891,-0.73489348047611369,-0.67642984660255667,0.04872612214147027,-0.10787038953284112,0.187522035493837,0.97631934594490211,7.9128894193623882,-4.830543941812123,1.1163948153829506,,0.08819682208742192,0.5,False,5
0.84191516843180614,-0.43955647799362718,-0.31299992303238677,0.504418199530828,0.84712685271411259,0.16714776514437238,0.1916797567468192,-0.29860709647380873,0.93492923410756601,-19.604832100315221,6.158726604128077,-6.084084632949641,,0.1902670105731874,0.2602739726027397,False,6
0.79978538889928641,-0.54524042952991647,-0.2511099474518047,0.58057114287436129,0.80891454596115053,0.092706015953776255,0.15257942117066092,-0.21993210620210962,0.96350889404132034,3.6935013952490774,-3.9372973380349254,0.048183776553875901,,0.07080172013440827,0.2711864406779661,False,4
