axis_00,axis_01,axis_02,axis_10,axis_11,axis_12,axis_20,axis_21,axis_22,location_x,location_y,location_z,dbh,dbh_approximation,score,reconstructed,number_clusters
0.86038911701397647,0.44774014664833273,0.24343238979897516,-0.48112911257658203,0.87112515678744329,0.098263616070873527,-0.16806351286100576,-0.2016673555421967,0.96492742387883057,-10.239113965787462,6.7263226483727205,0.73727915697805468,0.3697934680511775,0.3041130704351336,0.8502581755593803,True,5
-0.78239607161230496,-0.60639124973675806,0.14193674425012792,0.60777906888427391,-0.7931767938518417,-0.038408034590153996,0.13587122782914135,0.056215886879122101,0.98913031674830165,-8.8922063670492903,20.006798995359503,-1.2436344439386728,0.4556691159565019,0.3718251409273534,0.8541666666666666,True,5
-0.64020669458501589,-0.76070026316933204,0.10710041000218994,0.76475915251983451,-0.64429838139789952,-0.0047994130049073547,0.07265553554735367,0.078833402451981546,0.99423662566421833,-28.668462172620035,5.5111203229161161,5.7038624857226132,0.5923655509200827,0.4294547212890437,0.9557522123893806,True,4
-0.7477896454316707,-0.63338094724804028,0.19909601163346149,0.64908229801444861,-0.760491638163034,0.018564446891515735,0.13965248508157335,0.14311199791520013,0.97980413321401161,-10.422468096664094,-10.889167364033334,2.3148499679978829,0.2381965025633019,0.2277604277511042,0.75,True,4
0.69701531869315436,0.62479719509831422,0.35184955663516182,-0.7074110300087495,0.67937623147872228,0.19498094964311358,-0.11721467539963246,-0.38480696602199022,0.91552406782777163,-2.3667634961289417,5.87870128219748,-1.3919769989381587,0.1714628106631621,0.1077384585037518,0.392,True,5
-0.14389137832530363,-0.98670004873163963,-0.075619343270256295,0.98919632954907244,-0.14557779531700688,0.017254770855716355,-0.028033780520792445,-0.072319564044732609,0.99698745619295159,-4.4722173708291173,-20.534544871509649,1.5197775208608815,,0.2625156878731898,0.3125,False,4
0.6284970567889725,-0.76931724620207476,0.11464041304729902,0.75376612846126623,0.63877997682304954,0.15426200048767139,-0.19190641779813697,-0.01054115297301747,0.98135661759723525,2.5323711590741875,-9.3987954333904398,-1.2183952961701603,0.2313416432693007,0.3042773660505437,0.2676056338028169,True,5
-0.58407899490786297,-0.80810504438229602,0.07627558555204525,0.80657043115578486,-0.5883664877757564,-0.057175306274573789,0.091081651788881945,0.028126736502970762,0.99544614088412664,15.860456217711215,-6.2437558265050344,-5.2748802599978122,,0.2691688672934509,0.2307692307692308,False,5
-0.58687821747202129,0.73788285389645403,0.33332094411015972,-0.78724701073378722,-0.61624887561887354,-0.021896743803398185,0.18925142521941618,-0.27525663883746659,0.94255911264404058,-3.9485457756631903,21.218016436133855,-2.3427302947384265,0.3324811148334424,0.2940163652453812,0.9318181818181818,True,5
-0.91426160885457297,0.26774318083806009,0.30403831944241066,-0.33462139994503065,-0.92212985284582638,-0.19417789057810497,0.22837300469511587,-0.27926711873267934,0.93266052083342299,-12.915240677336964,15.396418025081422,0.41415253070808494,,0.4524203923450129,0.3414634146341464,False,3
0.66988355785629661,0.66229680883152919,0.33558747879705342,-0.73451542521754576,0.65712215115144912,0.16934452628762559,-0.10836562661322957,-0.3599352934593455,0.92666254671862991,0.75178645730236737,-5.5697497011162218,-1.1432785009441679,,0.08321160499926943,0.4,False,5
0.74688031303478031,-0.63580457086232733,0.19473660588507877,0.62928099935795323,0.77045614217070524,0.10199390588897925,-0.21488420567394984,0.046366805604937444,0.97553826039262526,11.831119295762337,-2.4016526715594813,-4.5686535035942661,0.3250332697577689,0.3772517551800495,0.8235294117647058,True,5
-0.91396238926903473,-0.36651898488333934,0.17417400702092203,0.33312234749938224,-0.92276036733279576,-0.19375966060133645,0.23173746481339305,-0.11906778825497115,0.96546393469768244,3.2485310698167105,-12.776403720258877,-1.1722848661140481,,0.1721114825416512,0.1666666666666667,False,2
-0.34331041954669594,-0.93797643096716887,0.048354635566443926,0.93900100897383998,-0.34389121805802414,-0.0039919028894963363,0.02037304534875356,0.044034589729670504,0.99882225342177733,-21.797024962755142,8.2354778499872037,3.5869695755881628,,0.1834931209606291,0.2,False,1
0.85125738731404565,-0.48877827163755933,0.19093627659055168,0.46667409238466878,0.87153694132152359,0.15046146154037993,-0.23995031160681804,-0.038976417061112809,0.97000241591084035,0.37638772053090908,-13.029522641619227,-0.36744896797805243,0.2858634238849054,0.1924715288536619,0.3478260869565217,True,6
-0.067653196647871949,0.85890197487910058,0.50765189109477937,-0.99409927608793847,-0.10127290183067289,0.038864233380220423,0.08479194693343059,-0.50202708781855199,0.86068526700046544,9.3900291952109516,-3.919499358444027,-3.6387975648305928,,0.1056608107877852,0.1333333333333333,False,4
0.84293192404593942,0.40162155902565178,0.35800264628912337,-0.51210980768668057,0.80293737347169891,0.30501658832509448,-0.16495246677549649,-0.44044488600524578,0.88249588446434368,-22.349344335790654,34.18355529807495,1.7568093433141223,,0.2950693346583729,0.375,False,1
-0.74066933539444968,0.6150977146189418,0.27030304673994865,-0.63801689366107539,-0.77001213044673367,0.0039701848766097378,0.21057867653068824,-0.16951731603419484,0.96276710608285043,-2.9990412110050793,14.699455378084981,-2.0477021831251054,,0.2351679150518916,0.9461538461538461,False,5
0.93564214226860298,-0.27984456251163753,0.21508324538115381,0.25911197817680659,0.95839031493460469,0.11978725727243242,-0.2396555118838736,-0.056347360827460696,0.96922144556930767,6.7327661369852709,-13.588576540264006,-2.0335994856099342,0.1430754215593616,0.1572677883118664,0.627906976744186,True,5
-0.23986710855737506,-0.96479159547995541,0.10789322278793707,0.97060860429975482,-0.2405722896000313,0.0066265176286063876,0.019562911123041059,0.10631157400698024,0.99414040343431942,14.351320150960069,-3.9688562307897559,-5.0757130150353351,0.2305232114102148,0.204621147884132,0.1666666666666667,True,5
0.33618077594632445,-0.91577914367550717,0.21984323026439348,0.93154708912939665,0.35768156907420973,0.065451630072602324,-0.13857310929136479,0.18279074143284002,0.97333706300939615,-30.694063727215372,4.0484392803415856,6.328918668702161,,0.150426368244753,0.3846153846153846,False,1
0.22025454427097285,0.84531917790237177,0.48674780245877369,-0.9754136137687025,0.1947027607916943,0.10324299983424648,-0.0074978532039535264,-0.49752017286794648,0.86742000195221547,-12.131944981474446,-6.7440655303282693,2.4197151068565455,,0.6317018341235069,0.152317880794702,False,3
0.46212179757023358,-0.88599351521505454,0.038196010358776872,0.87146903360882733,0.46168115060058429,0.16550600786985969,-0.16427162771261933,-0.043197293630416717,0.9854688357079866,-27.709856232790031,4.7181907118341773,5.5312571826609629,,0.2720983719410839,0.3333333333333333,False,1
0.24308980905541538,-0.96670395409906662,0.079942541006845225,0.96259870384822632,0.25057745676911009,0.1030275376238757,-0.11962892661524657,0.051907641907085383,0.99146079934031139,-3.1554571893081871,15.745291564079007,-2.0901251929450435,0.5561931584834203,0.5381900048362018,0.7738095238095238,True,5
-0.68120371201830299,0.6364738756633932,0.36174923404273596,-0.70710781066781225,-0.70001029975791018,-0.099920590097416162,0.18963134452157407,-0.3238619857761359,0.92690526341373169,24.346278938528108,-13.718341984222072,-6.7005667590082885,,0.595622533633201,0.4285714285714285,False,3
0.92943166919258069,0.28610212661603601,0.23302863653996186,-0.31040673450784206,0.94767704535248354,0.074537754756660857,-0.19951047960964366,-0.14161140793653498,0.969609084976085,2.079836832711532,2.8125084256968056,-2.3410463966309556,0.5012159577556217,0.4289387448535832,0.9774436090225563,True,5
0.25730963097157789,0.9243862611919238,0.28160574200269373,-0.9663282540835233,0.24577682970509329,0.076180413099459457,0.0012079607448930649,-0.29172553899124215,0.95650130722916882,9.1371654133228155,-3.1222426718922467,-3.6605770927320829,0.2554711349495227,0.2054939267663432,0.6203703703703703,True,5
-0.89347687393344111,0.34320705133966839,0.28966876886688536,-0.38475609495952001,-0.91763609498740373,-0.099532630668392075,0.23165021721903828,-0.20038192804492111,0.95193763439385726,-9.5967824172506599,13.984801486441397,-0.2690300968229718,0.5037917954688087,0.2120804367858305,0.25,True,5
0.63058869563577069,0.73627865642450885,0.2454620887837857,-0.76958498376780982,0.6341323484171143,0.074934087370816999,-0.10048308163805021,-0.23615652602610254,0.9665056883018357,5.1587711534204548,-9.6105586857669927,-1.9636720511827619,0.159185635107951,0.1437723867245081,0.3043478260869565,True,5
-0.6424344285691943,0.64892582837733603,0.40764356275275693,-0.74124620783995887,-0.66120032208349455,-0.11562090399042915,0.19450466408766046,-0.37644309442659635,0.90579166054158122,7.0689554709267419,23.090441231050889,-5.3273004913548769,0.4979792332717471,0.511563102304656,0.56,True,5
0.18520536648832994,-0.97065216727514547,0.1534058094988083,0.97692976648503882,0.19875252895550716,0.078138745762115519,-0.106335335516514,0.13539498660530813,0.98506903007999247,-2.011608784952823,-7.4459020481346716,-0.22260226208766182,,0.06843406491113138,0.2439024390243902,False,5
0.33062303561905843,-0.94374352143573847,0.0060476496352715181,0.93370636878673219,0.32802625129857343,0.14349632520068414,-0.13740751509700677,-0.04179646165738593,0.98963237143284111,-4.2543490522950789,25.55572538629227,-2.2911764282856653,,0.4355045415633881,0.1785714285714286,False,1
0.79065615500806052,0.54909985645308756,0.2708360983899098,-0.59424665961472845,0.79474231479580582,0.12351340255106748,-0.14742371615383787,-0.25860007872427954,0.95466865833083114,4.9516666895682295,5.3583791908369944,-3.4077869734949542,,0.09086547713612414,0.1463414634146341,False,1
0.55975862394210485,-0.80226094417812999,0.20747930106122903,0.80782793171239986,0.5840910906712562,0.079067253295714901,-0.18461938053115479,0.12334899774573568,0.97503882440004142,-8.0194925152160632,-6.7757281800708675,1.3304052159724713,0.2405111584607355,0.1726049227280819,0.6638655462184874,True,5
-0.94006179229723841,0.20275908958066771,0.27417618105028913,-0.25516108882247562,-0.95163784298844611,-0.17110883829663787,0.22622255726127496,-0.23081197409301585,0.9463346063636543,21.288148129824972,2.7916059295161668,-7.3580414290283693,,0.438146602949622,0.16,False,5
-0.85893798943452693,0.44360516894810165,0.25581240077193124,-0.46232666043298282,-0.88658415542793556,-0.014919597749949443,0.22018081060587108,-0.13108390224074412,0.96661130823836383,-14.953381345320519,9.9364804645644522,1.6879093121156405,,0.0962072277004361,0.3939393939393939,True,5
-0.90965888639896419,0.3217940681613613,0.26262004510615117,-0.3410706468454473,-0.93955441571279052,-0.030138244391874708,0.23704751476407393,-0.11698751049046813,0.96442853448735011,6.0885543767451749,-16.631941328166167,-1.6316604269021957,0.5834975371653721,0.509993897736072,0.8469387755102041,True,5
-0.74849503701806441,-0.62968344632532369,0.20797580864896176,0.64960325378896144,-0.75926876975418045,0.039071062728926145,0.13330713494078489,0.16434625855137866,0.97735332151379239,-10.359068798326751,10.680032303143685,0.30253203626895914,,0.07966584427593043,0.4038461538461539,False,5
-0.42075080738124737,0.86190029647989497,0.28301349263930115,-0.89381361259128989,-0.44721229709128058,0.033141926269391983,0.15513215022855201,-0.23901682003199592,0.95854315276217805,-6.6516514947268632,5.9997837528570246,-0.23261622566110871,0.7074277861055629,0.7239301421252863,0.9330430048992924,True,5
-0.62887433746016086,0.70622200153468062,0.32521923718069407,-0.73378570446817182,-0.67738480364825238,0.052041980213742997,0.25705176055065659,-0.20591336123420456,0.94420552850692385,14.078141608725735,11.47683641482773,-6.4546963439584024,0.4964844150037852,0.4612210107633293,0.1818181818181818,True,5
0.31970001866056252,-0.92637834072880487,0.19903534333625827,0.93790489292481105,0.33924321544776692,0.072446204872020831,-0.13463398492258422,0.16351516933057431,0.97731084077823405,-20.987544334448131,8.6246848473186546,3.3962422667878553,,0.1061525885951842,0.6170212765957447,False,3
0.56458802867869085,-0.8046465493301439,0.18380502855961911,0.80421160195065933,0.58640203405896407,0.096831574083377198,-0.18569883457002215,0.09314818893892933,0.97818165886339015,-16.589719222454143,9.6791937872017932,2.2066450811822351,,0.08038727852971644,0.3571428571428572,False,3
-0.62859362071556502,-0.75645869579440683,0.18066627120943854,0.77147280812022623,-0.6358929597318409,0.021676025802092581,0.098487391714828426,0.15300452712421722,0.98330557221684933,-20.388928191266366,7.8236199728463509,3.3246916089883971,,0.1012939202125157,0.3,False,5
-0.19860394942436202,0.93374822476549624,0.29777629862084637,-0.97409585371667451,-0.22158309404284279,0.045146430715900202,0.1081375931165028,-0.2810963983790733,0.95356755176195296,10.483465905369348,-11.009522974654665,-3.3195148250864253,0.1899106804915389,0.1503806285843391,0.5,True,5
0.96067511316891163,-0.17431972615684815,0.21613875175567296,0.14589226127428509,0.97916304295070222,0.14126281683371955,-0.23625997341525015,-0.10417470130565626,0.96608946613121827,-25.047677632830911,0.73937953269023926,5.2248794339721174,,0.1362818727535722,0.3103448275862069,False,2
-0.96794319424215214,-0.1455281769868435,0.20471326880098367,0.12348482209575058,-0.98546276596793381,-0.116681770653385,0.21871778947373868,-0.087662344217538671,0.9718424985428481,-6.3134624882980983,2.673454638314146,-0.0057979634711888941,,0.1023037150410813,0.4035087719298245,False,5
0.93399034067464548,-0.32213003424691167,0.15457776218636288,0.27978437556919644,0.92845392723245201,0.24432357273499475,-0.2222222912171842,-0.18494741426340888,0.95729395028040598,-15.419876443197236,24.036788552548018,0.73990420697943893,,0.443891256054899,0.6,False,4
-0.27341107793097802,0.84999345237368984,0.45028603507823628,-0.94861256525881676,-0.31579875841620653,0.020133186927855325,0.15931284787395586,-0.4216423544956559,0.8926573482572423,-29.769137593695561,13.042181697852435,5.331865651251074,,0.3293702423756953,0.4736842105263158,False,4
-0.40158175622659797,-0.91359906291250903,0.063787501215720604,0.91513198646126281,-0.40300966926003035,-0.010800640646901727,0.035574434941735497,0.054036642459587364,0.99790505603001634,-28.166448926801788,15.738174915833852,4.7136029679583258,,0.540514228068091,0.25,False,1
0.89773135468652698,-0.39618468103595755,0.19265542640976799,0.37709080651353233,0.91715909759773229,0.12892522381864444,-0.22777387570936813,-0.043091625707907505,0.97276008004964043,-10.710505669463695,-9.1143657387644215,2.2200708982129225,,0.123124654813499,0.4411764705882353,False,5
0.12389082036409389,0.9453080477752388,0.30173458442955858,-0.99173384293899347,0.10772473007886459,0.06970916223059527,0.033392355397118878,-0.30787672425956847,0.95084008816426613,-7.6757191661395723,12.272485107828349,-0.57704000623109653,0.1853113030922679,0.1155450133948195,0.3015873015873016,True,5
0.87565441824922341,0.38922005351936811,0.28589699148293501,-0.46184896627254635,0.84793936360815136,0.26018141362669045,-0.14115548927899968,-0.35987023436536481,0.922262729521378,-2.5107388927045542,-14.492213859458076,0.48963975394614573,,0.2423514602080832,0.4375,False,4
0.40226240505647459,-0.89529510601307105,0.19139391481242199,0.90277895554614396,0.4226592706727465,0.079682484508175416,-0.15223375086095181,0.14073313065311199,0.97827351545228891,7.8038722241346532,0.68081788284988165,-3.7552548359424782,,0.07144695574668677,0.2307692307692308,False,1
-0.68048739620812693,0.6760871800153172,0.28256508740610642,-0.70235344374744657,-0.71173530864667689,0.011510450978247266,0.20889361804034806,-0.19062784540710825,0.95917906612762227,-3.3148462748876426,29.132999368383899,-2.6442896059041789,0.7557869097138264,0.5491245663469331,0.2941176470588235,True,5
-0.94477041652040095,-0.24641953584043064,0.21607006369243875,0.25603995169155558,-0.96651191738272413,0.017270109870983152,0.20457859909006537,0.071638857565965164,0.9762251128100472,-12.735151592252116,3.643786429391672,1.6420300668713188,0.1625461145796925,0.131616007113443,0.6635802469135802,True,5
0.29824880044243202,0.91260593517330069,0.27963916056431926,-0.95446786608737311,0.28706639561598413,0.081141710079743704,-0.0062245996873932299,-0.29110701055542099,0.95667024766333097,17.551236954470216,9.527178363124122,-6.9605627394659288,0.1887560162194353,0.1886539435799126,0.4666666666666667,True,5
0.52407783422619281,-0.8505922563979329,0.042839666532982379,0.84177431250227752,0.52497829422965703,0.12575292202982241,-0.1294543567598323,-0.029842988181376567,0.99113619930477004,-14.659105243085126,8.8962890596727124,1.716872938899074,0.6531305398043732,0.5313429218735531,0.9508670520231214,True,5
0.65865255331858952,0.71109339989523856,0.24601420819199404,-0.74589084907893755,0.66009692833248146,0.088988125423145215,-0.099114354496234541,-0.24211200265879829,0.96517258710623444,18.193187665171113,-15.696613153885195,-4.9815134640861789,0.952992870664856,0.7550840217298955,0.8780487804878049,True,5
-0.88727531988714636,-0.42113340330584365,0.18812007691684551,0.42314389169976452,-0.90551963084460962,-0.031359927809559214,0.18355313573006662,0.051776971474588568,0.98164524732134251,-14.451470639650829,-11.271675812333889,3.4141504578033079,,0.1252413162695815,0.2962962962962963,False,3
-0.076013542372597595,-0.99675048627396012,0.026653507997879605,0.99606340335042065,-0.074684322252532576,0.047748806431752853,-0.045603046849376758,0.030178139808536536,0.99850370154333901,-18.256846795992576,7.5761936256271563,2.8455045663028136,,0.08164629459481641,0.25,False,3
-0.93886913013270912,-0.26601936007173121,0.21853708278202114,0.27821911626223372,-0.9601518635342472,0.02650513719967279,0.20277790764802525,0.085686049148845436,0.97546861617950076,-0.26878113632267014,-15.213238602828502,-0.064190733509184389,0.1326271924356479,0.08918077977688942,0.3043478260869565,True,4
0.93975406755141511,-0.26412949782015888,0.2170205080213411,0.24644566364453935,0.9634116552724068,0.10536848369452902,-0.23691101154520636,-0.045536698019864166,0.97046359114707381,-12.840806164619753,-7.8403746858812653,2.6673853294239191,,0.09832806909657536,0.4642857142857143,False,3
0.85614598082182514,-0.47552732720211865,0.20220737030742761,0.4690729848446834,0.87935332734439464,0.081903971681733023,-0.21675930063444904,0.024728258579038931,0.97591183967411388,10.325433517063608,17.649561754720214,-5.8380602084875433,0.3523349850167685,0.2943426626020216,0.9230769230769231,True,5
0.31358738656494084,-0.94119794486804476,0.1257353552646962,0.94185512045624087,0.3251375633596198,0.084820380587037641,-0.1207140549303647,0.091825886702705833,0.98843114250489428,13.039987552795596,13.332090372578412,-6.2601847003308189,0.348991439460522,0.4483626969042881,0.5925925925925926,True,5
0.63861863105691707,0.70868933091276765,0.29987610161098649,-0.76216641759125603,0.63626710640308881,0.11944254353266015,-0.10615364319278096,-0.30483372772686068,0.94647123700461477,-3.98932006390105,-21.375345297541877,1.4474352347912232,,0.2260269105075436,0.6538461538461539,False,7
0.83902445224259792,0.46055945457467978,0.28969459321996843,-0.51999986984783875,0.83544790973380956,0.1778396060489347,-0.16011903040313546,-0.2998529288222529,0.94045208127765734,-5.2463073074313762,-12.552730261872435,1.0632892100565223,,0.3096076136552761,0.4117647058823529,False,5
0.85917910870637715,0.42384381124535719,0.28664905866149948,-0.48502852738210228,0.85306314314004716,0.19243336883599763,-0.16296805450168184,-0.30436770111993106,0.93851037060168041,-10.498163737887925,16.507528818446289,-0.43666966600612728,,0.4822010891577101,0.8,False,4
-0.7077089152685998,0.61344433351126693,0.35047701912145451,-0.67667665320597614,-0.73116678042708128,-0.086624743612068733,0.20311769557402448,-0.2984647196618303,0.93255670758505826,-4.6735349122443965,-2.7995488317628765,0.038473210480001858,0.8019812410325147,0.7233138199903777,0.6544359255202629,True,4
0.90077862922146523,-0.39855585644303765,0.17248504408456816,0.36131167729626773,0.90813936771247528,0.21151066323035386,-0.24093927240542667,-0.12820342470364518,0.96203541977777551,-10.718063581977567,12.344755359480839,0.19817696046973893,0.6148445446806119,0.341835997153715,0.2083333333333333,True,4
0.39977957201159031,-0.90038741453803695,0.17169390654225597,0.90329733266386814,0.41880938707327803,0.093019493127240671,-0.15566060068165366,0.11790335466311574,0.98074898743491556,-16.175278989609655,5.2909546217471366,2.5054461705830788,0.2922407887124218,0.1848182064958961,0.7032967032967034,True,7
0.42628857791036889,-0.88649509085476186,0.18001250576991562,0.8877134786078783,0.4482270561871553,0.10515363046370738,-0.17390465272975481,0.11497373609744622,0.97802771523446064,5.5919590306298144,0.50303079645521087,-3.1261543574138484,0.1717860110058489,0.1414722795666878,0.25,True,5
-0.73548275183565004,0.61931170225722532,0.27480563531252289,-0.64441667681249259,-0.76467324458459296,-0.0014055825898829921,0.20926602303815345,-0.17812311602858097,0.96149877126185934,-15.116077990563758,-9.6653200379169366,3.502950546492666,0.5380727289260236,0.3008748252877547,0.5633802816901409,True,5
0.6451860046760044,0.64330479448929045,0.41218195103292349,-0.75790379519123685,0.60704652130751269,0.23890658886512231,-0.096523865468264664,-0.46653345255784207,0.87922106494301266,21.768468897086301,-7.5783975064480948,-6.5834907538171494,,0.2944587727001073,0.6,False,5
0.27399510463740029,-0.94371371898439416,0.18528653279551976,0.95392110443236022,0.29118166913531812,0.072441438956700882,-0.12231602165410438,0.15690013435371972,0.980010784984787,-11.821295129373626,2.7521857446997271,1.5187149240385933,,0.07133827679271953,0.3767123287671233,False,5
-0.13247008942023855,-0.97477123132223698,0.179646102088313,0.99053600552581744,-0.12362282383878805,0.059630689943037656,-0.035917922628580894,0.18584521519978536,0.98192232830371751,5.0683116243115265,-10.974215224058227,-1.8528970506382156,,0.07800986046870675,0.45,False,4
0.66346217831627108,0.67812468668904469,0.3161721797481763,-0.73632614286461751,0.66677973176115402,0.11501565391997043,-0.13282224692401276,-0.30911437788528701,0.94170406822241581,-5.759902825714093,-3.3361817712964479,0.45355398645156181,,0.074655522478835,0.2211538461538461,False,7
-0.1170321675921408,0.91500213286905296,0.38610175937668245,-0.98589244977902402,-0.15388426465790278,0.065846112712992608,0.11966431889832752,-0.37294869611755055,0.92010310337853929,2.770812511977534,-7.1951073383563253,-1.5610751164618311,0.6188200989776219,0.2531241170123149,0.1621621621621622,True,5
-0.96112932475246116,0.14444036476491526,0.23530278818462244,-0.14527001034247189,-0.98929439807338793,0.013900289051390527,0.23479149302301644,-0.020822463043365554,0.97182271008493681,-0.80910932478895803,-12.072663658790738,-0.15463108746760987,,0.07883106637617798,0.21875,False,2
-0.1149014364596905,0.8827696999628375,0.45553849093904353,-0.9898713515996721,-0.14023881242837416,0.022085804737824004,0.083380856206551862,-0.44838681104176181,0.88994207704887229,-23.014647690226738,20.855166358280233,2.9538127219542627,,0.2995840391043406,0.4285714285714285,False,4
-0.60000928403755305,-0.79020823300993426,0.12473895763577919,0.79135291169922883,-0.60912402913021746,-0.052234914389926612,0.11725795586609838,0.067371103742537852,0.99081365864960524,10.883221314498929,16.297611496468019,-5.8839617482139976,0.2130428203977894,0.2049586592748072,0.25,True,5
0.80794547452407262,-0.55412309552758254,0.20042880331678961,0.5444585243147021,0.83209728291900331,0.10573091818322988,-0.22536420633527282,0.02370035362060538,0.97398627697782814,13.609643672218812,-6.2478971720677192,-4.6212390038635656,0.424907454868845,0.484975184029496,0.9367088607594937,True,5
-0.89876070026441324,-0.39726520951574523,0.18549813198151199,0.39727806774418406,-0.91688012114492867,-0.038742487513147975,0.18547059214243872,0.038874114236468575,0.98188057455714095,2.8662109863764638,1.2085045670451402,-2.3659529727944952,,0.1066265723208475,0.3116883116883117,False,5
0.48024502594472879,-0.85790497908851127,0.18265749891665059,0.86124465278855611,0.50066552869627767,0.087130226778051378,-0.16619976864744618,0.11546893621410151,0.9793082056590342,3.7127589901547817,-5.9538259763407213,-1.9157890893248986,0.2777734219930291,0.2540909118457664,0.6766169154228856,True,5
0.89755575430779477,-0.41269773455635994,0.15515878254553983,0.37795327505364823,0.90140625224536153,0.21122994647822407,-0.22703521705935223,-0.130947883927234,0.965042829054645,2.8525184744287846,-14.680177531904949,-0.88772062110750638,,0.1593645502474147,0.2916666666666667,False,5
-0.67850962024144534,-0.70194261081187792,0.21656700202573378,0.7264053765071109,-0.68501806518902075,0.055547091249257718,0.10936143845694526,0.19500467043457015,0.97468623376311847,-8.1083153297692565,3.7841970637153692,0.38110999259187905,0.3382539616207404,0.3073816620215528,0.9259002770083102,True,5
-0.42265633528704327,-0.88510185594669644,0.19482383540378156,0.90452624468739107,-0.4253767519036713,0.029780725505080881,0.056514554881489841,0.18881028451754378,0.98038603700121663,-3.7453767282680879,-1.6699180442623716,-0.32882179327680827,,0.07019404024378477,0.2897196261682243,False,5
-0.23482518931331398,0.91513012503580238,0.32771021454315769,-0.96487695203196788,-0.2602954423252567,0.035478868953198635,0.11776925703028553,-0.30786870083958717,0.94411189227859982,-11.808111085463221,3.7458924994355307,1.3711456172028291,,0.07055130148402985,0.2484848484848485,False,5
-0.52260323836550959,0.80721086422941812,0.27440203337416719,-0.83405545911003465,-0.55076763315930222,0.031725469150969153,0.17674090182702745,-0.21228668100965653,0.9610915766394339,12.698662078268534,-3.5114491554540934,-4.6559642026571231,,0.06909396117080094,0.3461538461538461,False,4
0.85441840321189144,-0.4885728846868661,0.17682117690366139,0.46311851925003811,0.87039388187112698,0.16713984422920486,-0.23556406640337513,-0.060918197199728824,0.96994770161562893,-9.1980965563465933,5.9632500776898647,0.45824228674590201,,0.1995361507439133,0.2054794520547945,True,5
-0.93217492945639902,-0.31073222435394637,0.18572933435783662,0.30150782129249709,-0.95037052432526814,-0.076739169875399249,0.20035701782669849,-0.015535483312805742,0.97959977244067797,-7.7967551977133072,19.4181800773116,-1.4602713690565634,0.4234348873651242,0.2625224444134298,0.5,True,3
-0.41495757907534508,-0.8919084790841747,0.17974835884002613,0.90911626229144138,-0.41433765693963359,0.042801024275281103,0.036301917375910091,0.18117276555688108,0.98278105385447034,-20.5525192711847,4.5982397567962225,3.7237854842734079,0.5782885236516321,0.4729051689776608,0.958656330749354,True,5
0.51353811733903465,-0.83791433614537225,0.18487338186429345,0.83828332407685968,0.53591346712759513,0.10038836748314936,-0.18319298735085804,0.10342301984249477,0.977621607960937,3.6671714358946947,-16.773244279662322,-0.96560819484936955,0.1465847581854594,0.1687305379346697,0.1428571428571428,True,5
-0.47938649542542494,0.79220831945277181,0.37761695750263069,-0.86385660977653655,-0.50182212329896037,-0.043889797369219795,0.15472668079267116,-0.34724708084811551,0.92492114209447307,2.4481106490559412,8.1826049162811518,-2.9280296568321886,0.5050897833269222,0.3036882600607968,0.3358208955223881,True,5
-0.7224183022902203,0.60720763959938995,0.33077285095402431,-0.658321153135485,-0.750306972790306,-0.06043762004424777,0.21148299187046055,-0.26141600753279204,0.94177312297343363,16.056827778392986,-4.0377074324507571,-5.5421366436881554,,0.3907976660616906,0.1904761904761905,False,5
0.086243697654153947,-0.9797552698608103,0.18066996373196403,0.99273892768321115,0.099776154060159022,0.067187354043384592,-0.083853718327373872,0.17356362021153438,0.98124626045745467,-28.952136713285224,2.7739045418618464,5.9998227919481115,,0.07514375106361308,0.2307692307692308,False,1
0.96668892012023711,0.074884602914152665,0.24475462807301554,-0.1350397776352632,0.96154272827379306,0.23916488069950911,-0.21743226571277127,-0.26424965080427532,0.93962510177029102,-14.827944780665831,-22.2076505643522,4.3944656028615681,,0.1842337444448587,0.3333333333333333,False,2
0.6862805747507269,-0.72294152931946765,0.07984057806054648,0.69327398355000158,0.6833868322935136,0.22880913701281749,-0.21997762716359356,-0.1016758704564043,0.97019166194850814,11.968694932182698,23.93045330655525,-6.4080597286274052,,0.2368485802035598,0.7692307692307693,False,5
0.90790861282760871,-0.35578403249860946,0.22162958505686109,0.34028647637198728,0.93433799576484355,0.10591328372056708,-0.244759197481494,-0.020742031943972131,0.96936200841535525,5.3957011386689384,3.8487027340387332,-3.339035974554208,0.6634358389093259,0.4977130284019174,0.8601036269430051,True,6
-0.40968327431635027,-0.89130457423353904,0.19425697077789977,0.91154739007220753,-0.40821140784765381,0.049444940646996831,0.035227409754092866,0.19733119989856671,0.97970374458231546,-26.576313284728297,2.4432251379004306,5.4131100601401405,,0.08310270827638737,0.3846153846153846,False,2
0.97023637465740797,0.057916815351749536,0.23513191997506527,-0.084474515938901373,0.99093197131900812,0.10448868060566313,-0.22694808535992861,-0.12124137378525257,0.96633073832623495,-1.7052830150917644,11.068993930081657,-2.079502818577958,0.5128126713208647,0.5163344691205278,0.8214285714285714,True,5
0.7302585424312471,0.61449096884611043,0.29853527498900173,-0.67729603267239302,0.70838103894978854,0.1986614904370117,-0.089401036528818298,-0.34727100780656406,0.93349360030189066,-13.188473619475875,11.12413760693445,1.0666350302147964,0.791143516455319,0.7186402264603716,0.2280701754385965,True,5
0.68513424616739005,-0.71114372279254012,0.15768852292227836,0.70216889751260558,0.70237435215422284,0.11674377414607202,-0.19377797628878063,0.030738818596422274,0.98056372609673959,-3.4240305573403571,-11.44083104116527,0.51143619178043676,,0.1671799952022092,0.5733333333333334,False,5
-0.91119640079721886,0.33274786815169344,0.24289910542177312,-0.33978498362340848,-0.94040460967722517,0.013613779852290737,0.23295339464844586,-0.070128641355224647,0.96995602456164787,-5.9009233895343352,-5.894842601493723,0.71992211910962711,0.2395030621849083,0.193308836626043,0.3089887640449438,True,5
0.97061486186395829,-0.085066130609056281,0.22510118469704349,0.064416990581162334,0.99314364252974208,0.097550789987692746,-0.23185607874989161,-0.080183905654186455,0.969439683539293,-32.69108233873316,0.31623619507255174,7.0993710992743955,,0.08283431565632021,0.2222222222222222,False,1
-0.85279506717288855,0.3996875859734077,0.33614045728584796,-0.46880873750169233,-0.86950602872967309,-0.15549158705480765,0.2301280970408838,-0.29018804183064351,0.92888748475304528,-1.942911589424096,-3.8895601149531287,-0.52832568368843924,0.6582863946555295,0.5258432549655994,0.3584905660377358,True,1
0.963802941006352,-0.16434303802682518,0.20994107925705938,0.1288255631964319,0.97646620400605055,0.17296741514266695,-0.2334263592112672,-0.13966072563941165,0.9622925836455587,-0.93390855097808478,-19.505887758728903,0.54646694438087917,,0.2651081254860786,0.4615384615384616,False,3
-0.3293134256156619,-0.94326030657288074,0.042575365568751328,0.94409964743487762,-0.3282144190146068,0.030840733847368268,-0.015116991189319015,0.050351655334646805,0.99861713753692549,0.40195539602052655,10.252376029897139,-2.5722554183675559,0.4888127225249389,0.2338989551619462,0.2619047619047619,True,5
0.16619250532395224,-0.97977616105760945,0.11143933505437364,0.97892660321818969,0.17752794996161694,0.10092835327162643,-0.11867079120762908,0.092317393841239187,0.98863276402743017,3.220442156893339,20.250061052651013,-4.0532296332941931,,0.1702998839361511,0.1818181818181818,False,3
0.098611758904093155,-0.98967016642103067,0.1040609566648794,0.98891078116107445,0.10912761249138292,0.10073048741728634,-0.11104588200034489,0.092973791404349304,0.98945676318001152,11.874766889562844,2.485279813275544,-5.1125178580473749,,0.1407143924033336,0.2307692307692308,False,3
-0.97172642428130163,-0.046240747117631514,0.23153736126050645,0.034344670716529267,-0.99788719525039082,-0.055150604245839667,0.23359837316823973,-0.045639225029696813,0.97126147931020079,11.661691205804692,22.264906650704305,-6.2409463472365276,0.272346681227674,0.2637264770504194,0.9655172413793104,True,5
-0.40395911437358567,0.84117904852208902,0.35949247870015544,-0.90358026367281652,-0.42821001645181916,-0.013374935936178799,0.14268756433365998,-0.33023323596786286,0.93305212547141314,11.367078998097234,20.068932977707018,-6.0660290773937922,0.1764089813655298,0.1562978396474795,0.4117647058823529,True,4
0.9609653080690681,-0.23107839118656265,0.15214615938087878,0.16975305514787317,0.92669637453942277,0.33528753284823143,-0.21847099797383854,-0.29637241191129893,0.92974932992833881,-12.474266355883703,-4.5158964917608193,2.380418413015386,,0.2653943597519819,0.2794117647058824,False,2
0.57033315250727401,0.75992528755784849,0.3118231108837754,-0.81726858084014564,0.56306552165464618,0.12259398474360583,-0.082414573484600323,-0.32476264510239194,0.94219799534038962,-5.3226286880859268,6.8465446712684264,-0.65580477470078824,0.4398724048170609,0.4127188470727005,0.9464692482915718,True,5
-0.6060840004696666,-0.78861625534189017,0.10366574258268821,0.79011243705050038,-0.61192306742652791,-0.035672067075358645,0.091567031145521421,0.060287323392601899,0.99397229209135984,-1.5344957365540104,11.211060685888699,-2.0958609563876229,,0.7187106032991089,0.533724340175953,False,1
-0.95359658704198125,-0.25412330645401632,0.16147722532530973,0.2134768495095527,-0.94885927524160085,-0.2325805462876418,0.21232330042969516,-0.18731636582226363,0.95907840930227328,-8.834330028102988,18.558911597069617,-1.0593693395383195,0.2385125927721239,0.172001611018631,0.4545454545454545,True,4
-0.80263414961985335,0.52607068283568792,0.28111929589554946,-0.54863592707093134,-0.83605926607298453,-0.0018770030697353099,0.23404495591880675,-0.15573869228389295,0.95967099483868334,-6.7051310049993873,-7.4895204155184363,1.0620192200403855,0.5961710889128478,0.4739397060174644,0.4347826086956522,True,5
0.66169872548262687,-0.7234026692786043,0.19708722631174358,0.72215507788672084,0.68559797015418,0.091910101745629497,-0.20161061523910537,0.081510744083573311,0.97606821402084953,-13.11815100771368,2.7240742628042058,1.8465963453698309,0.2309844289620935,0.1891615991816126,0.7419354838709677,True,5
-0.9556799449641239,0.16496374186749613,0.24384996752602417,-0.1790221727000208,-0.98316768929661291,-0.036501457572573594,0.2337239920828259,-0.078538261963405798,0.96912581068333647,-14.11866410243708,17.305461906786824,0.615722293416751,,0.1713634078911026,0.3529411764705883,False,4
0.4399895930142706,-0.88791348384099478,0.13423413594344652,0.88365937873551947,0.45470747832535507,0.11129785050822824,-0.15986012764880264,0.069647357224406792,0.98467963583074236,-10.864495260657945,-12.755309929128241,2.6048328012499358,,0.08020810935269065,0.3636363636363636,False,1
-0.97288607092473378,-0.060055086018561098,0.22335191882752037,0.054361899718422937,-0.9980225038512347,-0.031557339328827552,0.22480541999612941,-0.018559861255242605,0.97422690103001586,-5.7425637514754815,19.987422688788314,-1.8929451872873857,0.3293967944251114,0.2722146297020177,0.3478260869565217,True,5
-0.75760616332391273,-0.63030776430648106,0.16954357418842869,0.63923879813571316,-0.76900434074560742,-0.0024663479931803303,0.13193430278600982,0.10651031015530929,0.98551960588259724,16.866716899790589,-8.2466450035375498,-5.2549176415660845,0.3227874437470865,0.3488640127847201,0.5961538461538461,True,5
0.72164523891535148,0.55593585983585403,0.41250875008825671,-0.68075738577046663,0.67808935334798315,0.2770635497409849,-0.12568822884330233,-0.48075996986509262,0.8677973960006734,-18.829917655519814,-18.917977794489019,5.2391251186223293,,0.3476684631699609,0.2272727272727273,False,1
-0.33335229311961978,-0.92941743902635643,0.1583018404996622,0.94263355713929597,-0.3317378477926215,0.037309211956809391,0.017838879639979432,0.16165773837218225,0.98668563889294658,1.8666589813117451,-7.553718681134316,-1.2446888491910628,,0.0738539118005797,0.3703703703703703,False,5
0.25603787976014974,0.91844778781393299,0.30149339161517219,-0.96666492914784941,0.24266058344636687,0.081699179904403826,0.0018758687348505929,-0.31236117284509179,0.94996156702012313,-14.678571033081106,-2.8440609565039594,2.8122236418728006,,0.08627914060126264,0.3947368421052632,False,1
0.45190455299001686,-0.892000849764922,-0.010805508111614626,0.87718877082891922,0.44213228458556342,0.18724022874051538,-0.16224097915922214,-0.094093182249340296,0.98225472141173709,-36.168770500749119,1.3342656339588401,7.8805010926457078,,0.3303923420132263,0.2352941176470588,False,1
0.53901563875438674,0.73942031413604237,0.40338534953708627,-0.83916005382012904,0.51270617721826894,0.18150145981459168,-0.072612294074759082,-0.43633699692460853,0.89684863821272276,-17.533159668337763,9.0746486753123889,2.4791106812980637,,0.08138230016331087,0.32,False,2
0.92812425479955762,0.27172340929972189,0.25446366438315204,-0.31661807082367682,0.93569290408454409,0.15566562393067304,-0.19580185106545536,-0.22504483572028125,0.95447182097481142,2.1079748875689015,21.962985765491613,-3.8703826797086616,,0.3517631730680252,0.896551724137931,False,2
-0.93118500589976283,0.23700993122211717,0.27698515716468697,-0.26364392026141165,-0.9625818594311869,-0.062674135041447004,0.25176649518284477,-0.13138666749745367,0.95882802186172078,-13.892921882840152,-3.9122877705191601,2.7393066054124167,0.285789943244273,0.1589247110466775,0.2833333333333333,True,2
-0.97036883149933051,0.019573837941376536,0.24083437404753644,-0.066746918491416771,-0.97964505512287947,-0.18931564870657405,0.23222656981173392,-0.19978095715441821,0.95192352078932285,-5.0154298326359061,-4.9344482470563209,0.4122335312117954,,0.3198342577572936,0.3229166666666667,False,5
0.44335236144071477,-0.8830515560833786,0.15381363042222773,0.8818950551519551,0.46042425319384522,0.10134406134263593,-0.16031155698661237,0.090716351170082671,0.9828889806722394,-5.7750386454843561,-1.4203120432890071,0.21962766991025334,,0.09616448666850627,0.4498269896193772,True,5
-0.009030775087126644,0.95112264751112785,0.30868131542538751,-0.99902783972128639,-0.021902044823844655,0.038258017386595081,0.043148818791995266,-0.30803572816145236,0.95039579629378534,-18.433310532786265,8.4617336776010124,2.7707702586526834,0.5166475752877496,0.4831985260261965,0.9103139013452914,True,5
-0.54450838389422307,0.80066684891748363,0.2498864080206227,-0.81915864546916495,-0.57166192833023921,0.046709241600311653,0.18024908716003302,-0.17926303785861772,0.96714788416026387,-19.560144892252723,20.64239520125934,1.9675449031707204,,0.1203360940376355,0.3043478260869565,False,1
0.82802521377885085,-0.53321616723314469,0.17336309972910763,0.51426439133046753,0.84544151306167525,0.14408602916830601,-0.22339736156900597,-0.030152396143279622,0.97426097728012595,-12.118035962982713,-3.1187731310370372,2.1646207095395344,,0.1143870569842583,0.2714285714285714,False,2
-0.15337730759854432,0.95405169656901201,0.25741165822007855,-0.98299867690083009,-0.1739166837809922,0.058877740393457792,0.10094059007673054,-0.24400481015015132,0.96450642812712717,-4.0959625561852082,17.864729402042897,-2.0207469179742681,,0.09148410442108891,0.5333333333333333,False,2
0.94430459400867262,-0.24319544214742481,0.2216862888246231,0.22731585442010069,0.96918273076609518,0.094933327730748862,-0.23794187538845543,-0.03925316934328666,0.97048588481911024,-0.64142172118447693,-10.482161772635719,-0.33286001715608476,0.1322751844397106,0.1061655661755984,0.3018867924528302,True,5
