axis_00,axis_01,axis_02,axis_10,axis_11,axis_12,axis_20,axis_21,axis_22,location_x,location_y,location_z,dbh,dbh_approximation,score,reconstructed,number_clusters
0.19647651819727857,-0.86980134320601155,-0.45259540558217509,0.98036269814488874,0.18222767017045804,0.075379415693685461,0.016910289268641361,-0.45851793812376185,0.88852424982978717,15.262667075302529,-5.1093560295757445,3.8668189241776876,,0.1441927212859665,0.3571428571428572,False,4
-0.948393622476981,0.029248107715628205,-0.31574370150494602,0.040631659796547814,-0.97631954709492597,-0.21248343507797587,-0.3144814860483317,-0.21434712537240574,0.92474683280204828,-1.2012334153142412,-5.5150363440473962,-1.2937501600375798,0.6570329047571818,0.4283990949486342,0.2156862745098039,True,5
0.173970764541582,0.95114768752768775,-0.25505342498298206,-0.97475443963008379,0.20313914027288638,0.09267293084085651,0.13995697734039209,0.23249207771432734,0.96247570270309513,2.679774377260177,-13.810748423826146,0.2258497031874753,,0.1121411807430826,0.1666666666666667,False,5
0.87366218996766043,-0.30902990505497963,-0.37578570436170383,0.41128179214924299,0.88172767964912213,0.23109215994291549,0.25992626890604675,-0.35645030049403159,0.89743050873607833,-4.5014730394431597,-17.681817234451287,-1.8957342196377818,,0.1647808389552906,0.2631578947368421,False,1
0.56376194614966346,0.80235621569760129,-0.19595145114279489,-0.79640696745218054,0.59095743271489243,0.12847277887803221,0.2188798991848365,0.083629037124952621,0.97216139291909154,-13.467914181996171,-20.535843343187732,-4.5348941094255286,0.4056584507088185,0.3870192748656144,0.3333333333333333,True,5
-0.52096523711027842,0.79939028282680369,-0.29928313925898864,-0.84458928217537876,-0.53350466723569756,0.04518533470283316,-0.1235482341319,0.27631132036131179,0.95309385061654806,7.9069021319321724,0.73984110629064548,1.3545025762509406,0.2311125784854504,0.1793711765521853,0.7093023255813954,True,5
0.070418167659977798,-0.93235320306105396,-0.35462485305630198,0.99703056762218789,0.054678491224872353,0.054224623782455912,-0.031166149752392767,-0.35739021718447206,0.9334350024347956,-12.252577301045855,-10.882507583734037,-4.5000026746221584,,0.1369516517535048,0.6153846153846154,False,1
-0.88760473868247225,0.37968966138001725,-0.26075580321355463,-0.37578764925347757,-0.92430112391742492,-0.066716377251229961,-0.2663484006653008,0.038771037722904966,0.96309674285448788,-6.6385595553029058,16.485629920443923,-3.3535482957792078,,0.1452381557128067,0.3333333333333333,False,1
0.88490450355094097,-0.34721680360793533,-0.31045854938711376,0.38485419035406454,0.92050888612421011,0.067458451903991759,0.26235714543762656,-0.17917556155529191,0.94819030071983224,2.2803778103598149,10.930034738159689,-0.47066727796018626,,0.1846718974917308,0.7372881355932204,True,5
0.18967616150610361,0.94012768315447237,-0.28316584031785313,-0.97553925872183855,0.21308765841276633,0.054007448788212883,0.11111304355816098,0.2659954683801391,0.95754911224045036,-5.9131398699366686,8.8569949416162768,-2.9731812101136872,0.3612886603118549,0.3267490101669902,0.6299065420560748,True,5
0.63013492685041206,0.73199336154021977,-0.25906696552102693,-0.73739722952550257,0.66864881706009616,0.095676984339211263,0.24325973742347379,0.13074585310892728,0.96110885025759707,0.36577736947608336,14.909508980660425,-1.2128178172117818,,0.09384086453748072,0.3333333333333333,False,5
-0.86720440809930155,0.39873048434306935,-0.29827925745630085,-0.42644580302839896,-0.90396668999692065,0.031435655798407278,-0.25710015879537057,0.1544610767525379,0.95396083992784686,-11.439900619803083,-1.8339338554953399,-4.5040681501076234,,0.06899497190619334,0.2909090909090909,False,3
0.37652433138380265,-0.8061343125560716,-0.45648318478968108,0.92363065909208353,0.3647772882144894,0.11766025492071214,0.071664729547413014,-0.46592381364621538,0.88191789097186546,-20.241325674374806,-14.290176576046816,-6.841713553725854,,0.2111842578726741,0.2272727272727273,False,1
-0.74901950956401375,-0.56098673565634471,-0.35251050581525067,0.60109538780377014,-0.79915882857147047,-0.0054315262414230611,-0.27866486871064444,-0.21596075831945594,0.93579209326247581,8.8296057748939418,1.5089284275119772,1.6372131096854659,0.3838862451719108,0.3194927284037411,0.8394160583941606,True,5
-0.64765997248958651,0.71169634847750529,-0.27207511389058642,-0.74302015360698637,-0.66900705180359232,0.018724742212328317,-0.16869383915437103,0.21428455894173276,0.96209381893374024,-3.6869733404195704,9.8835222761943466,-2.3529848585775586,,0.1082818577182459,0.3612903225806451,False,5
0.0012668508433887971,-0.91531940845520565,-0.40272667603990842,0.99722844126353738,-0.028802413129383177,0.068599248778836205,-0.074389723914240521,-0.40169740041869462,0.91274605859068303,-12.801887107093187,-6.4914066966428718,-4.8022642901194974,0.1850128259670402,0.1722851300921602,0.3285714285714286,True,5
-0.83633871766478241,-0.4484125591321545,-0.31537870274858365,0.46165511613652677,-0.88633024719015363,0.035961738845772459,-0.29565537891233717,-0.11551999709311539,0.94828425442575459,7.2519386137887532,-9.029300136107917,1.4699309159706424,0.1047921616277906,0.1105788957265529,0.5882352941176471,True,5
-0.72097980162162167,-0.59303194834734818,-0.35847068763428375,0.64088187081001324,-0.7673929216453671,-0.019455885372966823,-0.26354990669834338,-0.24376466529818619,0.93333822092066865,-18.288164116297647,16.28704462887907,-6.9070794858950411,0.3057209935741812,0.1161377689528173,0.425,True,3
-0.55154334419786277,-0.75643171044962376,-0.35158357028919196,0.8032987548100784,-0.59522480193940985,0.020458388909414357,-0.22474663510632667,-0.27114295598899063,0.93593292891421298,5.3855979348030552,4.5091672547811426,0.4799484696791505,0.3143968403192858,0.2704309548676451,0.8666666666666667,True,5
0.94832393257416026,-0.073362833632838062,-0.30870635488833081,0.12193839187656959,0.98245568419314278,0.14110938020960917,0.29293812912223571,-0.17146055884063963,0.94063198397057524,8.6035435370466899,-5.4285429831443288,1.6956439865667858,,0.07666210832246877,0.3666666666666666,False,5
-0.67406414915700463,-0.57418112371001773,-0.46470803737007182,0.68612705058246826,-0.71972310293857478,-0.10596379360645861,-0.27361870053095055,-0.39027514944148084,0.87910074192221199,22.987250949922419,-7.6167263136230696,6.4311485685074734,0.617222490352774,0.3383514046326008,0.3846153846153846,True,4
0.66450139977612199,0.72743827351840729,-0.17108900583069037,-0.70285337267461978,0.68615907796978881,0.18757093655351381,0.25384055274027306,-0.0043906651214797587,0.96723611173503266,-18.082422278316965,-5.4572907972633065,-6.3379671966451827,,0.3517351849306092,0.4133333333333333,False,2
-0.92361841030628622,0.27703291115229173,-0.26491847478379887,-0.25705992827463209,-0.9603379907791767,-0.10803303541812653,-0.28433998209665967,-0.031681376306904444,0.95819990867071747,-4.7799799741425977,3.2122603153425353,-2.6057862536013894,,0.081799890594931,0.265993265993266,False,3
-0.56553238949972628,0.78308041229343961,-0.25876279544993697,-0.81271074386219977,-0.58251400311617763,0.013367235485136873,-0.14026533156015092,0.21785890859889551,0.9658484004782627,4.8139852753267913,7.297284122655431,0.32289100223164885,,0.08422744280350214,0.3275862068965517,False,4
-0.69595575596733372,0.70539377622273447,-0.13440686813614672,-0.69996811636829026,-0.70818662956532508,-0.092283984378290856,-0.16028169516125113,0.029854952204548757,0.98661971398563697,-6.0282807363576953,-14.848188120971862,-2.4734363565991684,0.4988873405796496,0.1890838315760138,0.2,True,3
0.92275471310973345,-0.21861456365238527,-0.31738212298875457,0.29926877440119681,0.92535885707265653,0.23269977719282572,0.24282079833115061,-0.30970737510795954,0.9193037592121327,11.382433675407208,6.3198635624574058,2.3733965466113811,,0.1996995486066076,0.1176470588235294,False,3
0.06254144701004552,-0.9397531936093283,-0.33608407059388834,0.99747209907643197,0.047473197949819045,0.052874446006309882,-0.033733943883669112,-0.33854132772452666,0.94034663313725364,-1.7792328748392925,5.5097538892394144,-1.6970500002390487,,0.07370074683861208,0.4328358208955224,False,1
0.9371615280176212,0.18444768411735599,-0.29615422034376082,-0.16702701425482055,0.98242565222053202,0.083317551381338673,0.30631723247769915,-0.028616248580239444,0.95149927136304047,-4.0175583960129542,-5.7932080913358277,-2.1394718135303759,0.2247332809919446,0.1597816078320179,0.8513119533527697,True,8
-0.93828684913093952,-0.14147329501351935,-0.31559958102942953,0.14752291095199827,-0.98904714332380284,0.0047685456141722329,-0.31281748591180542,-0.04208390524943361,0.94888048005361281,-15.298580844730235,-17.75085307980363,-5.2022652790507262,0.2725359664476769,0.2285951651885272,0.4230769230769231,True,4
0.82863747188860082,-0.42924836826565549,-0.35931292562798428,0.50482241425256935,0.85038864121778046,0.14830201939281051,0.24189723076190128,-0.30427782901330558,0.92135809136332791,-1.2937562849197257,-4.450501774482567,-1.370726287000928,,0.1027714904399687,0.2384615384615385,False,5
-0.18514013333341814,-0.9279860702684648,-0.32336509461748603,0.97624233235724112,-0.21137512863202232,0.047659873158559768,-0.11257903687178258,-0.30685893890106497,0.94507330513221799,-20.018370122246818,-0.90496981138154675,-7.0420540253297164,,0.1183685765537993,0.3181818181818182,False,1
0.93816614169469803,0.17803968201156725,-0.29689419362274855,-0.1537571359340317,0.98268096703806407,0.10342562627558879,0.31016613891114198,-0.051380819868449321,0.94929288295162062,-14.642156741666982,0.62244747160423597,-5.4997185197691572,,0.06921337977483842,0.2711864406779661,False,2
-0.10809859431705696,-0.88163546274713034,-0.45938394043907194,0.99095787383274347,-0.13250230771136401,0.021109967788955096,-0.079480728453909341,-0.45294817504634627,0.88798691686680831,-9.2118872230478139,-19.529323117052908,-3.2923597344190192,0.3120563141208521,0.276014227001868,0.1818181818181818,True,4
-0.91011708699965521,0.2891607566811642,-0.29677086236158617,-0.30384164751083148,-0.95271606084890681,0.0035157699649594407,-0.2817217442604788,0.093371110072224262,0.95494224674307671,-19.079615683755218,-4.6598097715668789,-6.5945909716443571,0.2169940822390612,0.193836326860449,0.3953488372093023,True,3
-0.62248270426735397,0.7323968676614746,-0.27588061027854471,-0.76618443694964711,-0.64217386165840129,0.023961218226303527,-0.15961419568495183,0.22629087397064146,0.96089320368782349,-17.023327027337942,-24.446401947091797,-5.4283809014165003,,0.1547441993133805,0.5,False,1
0.076545711500770122,0.99252347643682648,-0.095067885074801961,-0.99300944872364638,0.084479135301907204,0.082434886087144305,0.08984981244498666,0.088093271141426677,0.99205170570046541,9.9256406744015138,9.455472468095337,1.8981744736089277,,0.5435615453292006,0.1666666666666667,False,4
0.13323888311194124,-0.92063923924572366,-0.36697519151590746,0.99099395839743121,0.11876744251544595,0.061848759228704031,-0.013355689681645681,-0.37191085727549655,0.92817236534693959,-11.354300455631915,8.1151763547090088,-4.6124982243539563,0.203741376474873,0.1718692677732037,0.6833013435700576,True,5
0.34106878750213981,-0.85374977013588826,-0.39342523074243368,0.93785340402887818,0.33755965574815994,0.080526215375047422,0.064055247585696584,-0.39644017052274216,0.91582319060648032,-8.5177202949396094,-11.001745725751121,-3.3699961769759477,0.084461962003145,0.1720873639867714,0.2307692307692308,True,5
0.8916130892554941,0.35589241416913864,-0.27994050904636392,-0.32740968804700882,0.93379255717854326,0.14434111102149125,0.31277627026556132,-0.037041189165851196,0.94910429093116289,-10.533073055847936,-5.5709341186569858,-4.130605404448608,,0.09405416589720268,0.2698412698412698,False,5
-0.83938598201406212,0.48908826546157841,-0.23711567174287312,-0.48225659239992369,-0.87137699115092848,-0.090170496170142139,-0.25071847216570059,0.038662745382866875,0.96728767170597063,-17.868530975717828,7.1404461594403292,-6.5539785341715078,0.1438735260327764,0.1632873857354548,0.2222222222222222,True,7
0.73599703624437962,-0.59726399114909001,-0.31872258708184981,0.64673665247734757,0.75947088801079665,0.070254342260710201,0.2001001373859651,-0.25783656672541666,0.94524083697085715,-10.036161022603256,-4.6816296290143393,-3.9845611781894679,,0.07067564207120497,0.4235294117647059,False,5
0.61755276093577616,-0.69849700197682596,-0.36156676519003317,0.77048977725252898,0.62961300220135719,0.099664289534118045,0.15803192908379826,-0.34013145354168361,0.92700404729519581,-15.432604797244071,17.263984436252169,-6.045429962854036,,0.1184715364861646,0.2285714285714286,False,3
-0.44278540933471355,0.85240756249758742,-0.27810506769422522,-0.89146790048080404,-0.4517527899746252,0.034704454504968979,-0.09605240076455937,0.26328836690416374,0.95992352412069837,-12.67321364301085,-1.9409132321478315,-4.7873091033049837,,0.08045871513851256,0.4864864864864865,False,3
0.46424573029800681,-0.82491077704702398,-0.32248738240703934,0.87970587235690667,0.47176108839865688,0.059657804298242377,0.10292463281859639,-0.31138992498889312,0.94469192574858385,-11.709972143082107,-9.9489307958789919,-4.3951812681320144,0.2701179397277599,0.2576017026011592,0.8734177215189873,True,5
-0.93418413237288866,0.17714297362722178,-0.30971014467921326,-0.17390455218835077,-0.98401854283592227,-0.038271583234019586,-0.31154006732823786,0.018107298240618477,0.95006047817996486,-12.090489364837678,-7.7615443270588704,-4.5786252808656691,,0.244270764486465,0.3255813953488372,False,4
-0.94124416165704516,0.15674052160159435,-0.29915186282987605,-0.14857390247335198,-0.98763634665974998,-0.050002422545511377,-0.30329065869288441,-0.0026183285968636102,0.95289449610384158,3.5917943372859105,4.5661951966371115,-0.065892204914835856,,0.09440435655149787,0.4098360655737705,False,2
-0.76753109678681208,-0.53802551065763882,-0.34846027800427926,0.57706622046468647,-0.81663394517288168,-0.010177268296375525,-0.27908886159041651,-0.20889602550781416,0.93726829556067026,-18.032245323144018,19.529429114227899,-6.978044024226203,,0.1598420316003545,0.2222222222222222,False,1
-0.91348000937749607,-0.20454593987472422,-0.35173175993710665,0.22900517039830698,-0.97299574531663025,-0.028912134590464857,-0.33631964616794402,-0.10695904859571487,0.93565424037139278,-23.109435708815905,-19.680782886383835,-7.3443076368517666,,0.1845667001200312,0.2,False,3
0.091603733332398463,0.97926850514709751,-0.18067083568338596,-0.98905916211540001,0.11054209967565323,0.097685301017494564,0.11563187222884269,0.16974580709479736,0.97868055620748184,4.9843520402257822,-15.173110808982797,0.98545601293618423,0.1801458251124573,0.1819104938277015,0.4,True,5
0.14683554153433756,-0.92807480539802423,-0.34222285038807498,0.98909839661979604,0.1338690678322936,0.06134683758648745,-0.011121400382501437,-0.34749996872393207,0.93761403903226626,-7.329839869898926,-15.116428481950525,-2.9161382514217937,,0.08401353307870373,0.2222222222222222,False,4
0.42871399614065742,-0.7409316762066932,-0.51693767584366324,0.89947290271194269,0.40361854524178459,0.16745317919901487,0.084574267954622778,-0.53676095343313235,0.83948488495594409,-13.533331479138695,14.276295963083717,-5.4127643319689289,,0.1268301091121328,0.4117647058823529,False,2
0.32718247243793569,-0.75555895062932432,-0.56752295271056075,0.94330941427221493,0.29664129829948305,0.14890026557601466,0.055847817099775598,-0.58406730114526273,0.80978170457110177,-8.5215630064826389,-15.346367227349907,-3.1719160071933152,,0.1176016706141707,0.2352941176470588,False,3
0.5213891369766378,0.80445998010405029,-0.28460061182953833,-0.82629035064679479,0.55924419508105438,0.067008855356141289,0.2130671825287824,0.20022505007899075,0.95630136727399495,2.9468847646177889,6.2939599771096413,-0.30688812052381625,,0.06472446720814695,0.1707317073170732,False,2
-0.0072860871609329043,-0.82267836382198145,-0.5684603967147317,0.99639358848493531,-0.054032051813904879,0.065424415953773601,-0.084538333080302494,-0.56593360659706948,0.82010512933649982,-5.9486030344687135,-9.6945200171180819,-2.616335133662762,0.3948142044359368,0.4034868583359835,0.2125,True,6
0.92697373334831112,-0.20365642313125884,-0.3150297747827579,0.25217309517139219,0.96003880465538161,0.12138461034062525,0.27772005284813972,-0.19196237879659411,0.94128742548319388,-9.1672903997459851,-9.1731465723105927,-3.5944567071601439,0.1982813483908619,0.1457986545214889,0.4,True,5
-0.6892802464142942,0.6775320817369872,-0.25659894801069194,-0.70054630478884405,-0.71360290729763476,-0.0024011545262818124,-0.18473661453470835,0.1781043764580407,0.96651498402081015,1.4328667907260424,-18.843042748755877,-0.018593464238938793,,0.08514230900930163,0.4,False,1
-0.65823878262018876,0.7213552711347393,-0.21533294652889828,-0.72918486187169484,-0.68203846455519712,-0.055793996848635105,-0.18711264594315424,0.12029175230793948,0.9749455123517603,-15.556579038736809,-2.3753817131738568,-5.6912328079755827,,0.1209933900766993,0.2978723404255319,False,2
-0.72878046579193367,-0.58533341485053869,-0.35533621563175888,0.63639848565422374,-0.77052112684337748,-0.035974442942495681,-0.25273701774196733,-0.25235290081039136,0.93404604453714057,1.1015859313231704,-15.767509054523469,-0.18411518998664739,,0.1020535830272931,0.36,False,5
0.7402980515701254,-0.57250277095381041,-0.35241931288123918,0.64202157663024839,0.75755062388635752,0.11800570914409478,0.1994168748694205,-0.31362019944448633,0.92837238246175502,3.1116770651617385,-11.972820775891298,0.29372728154231642,,0.09065008769508011,0.2142857142857143,False,5
0.47590772527577868,-0.77936411291327379,-0.40755786892874418,0.87538037063424334,0.46452584692307231,0.13388407018259157,0.084976724643213361,-0.4204846216490063,0.9033114851620142,10.989265260311823,-16.229810664473774,2.9726190539051918,,0.278618123798125,0.525,False,5
-0.12553986211821005,-0.92647315981311762,-0.35480590069112361,0.98717185226089355,-0.15221724357165123,0.048183450096966701,-0.098648249468194171,-0.34420545449679796,0.93369755701271684,-18.678346381685174,10.023637569810088,-6.8876376254487433,,0.3998686989733929,0.910377358490566,True,5
-0.19540586836171156,-0.92370228935793985,-0.32953092001314227,0.97456079689975461,-0.22049452191073526,0.04016738668961474,-0.10976246970582518,-0.31329897293521214,0.94328996273776877,-9.2435194943146364,-11.774285683483294,-3.5740009362451057,0.4175148866249289,0.4270260680766147,0.7837837837837838,True,5
0.76053947592405369,0.58188860742350756,-0.2880717863864784,-0.58488932370776159,0.80662858231232881,0.085175167798368423,0.28192939643436121,0.10371103483975963,0.95381331332636754,-6.1162069647134372,-16.844184246319582,-2.4547328584118131,0.0882915343109866,0.09645540040542107,0.4193548387096774,True,5
0.86060322167235404,-0.34822327843390216,-0.37162163984879865,0.44136655854509804,0.87403678175809496,0.20311392156129898,0.25408198646346769,-0.33882185952310978,0.90589298024881548,-26.746855687308905,20.055941892868766,-9.7094338490928607,,0.1509303884880152,0.3333333333333333,False,1
-0.87359943181492838,-0.33410569889444891,-0.35383246699375354,0.38207956055240222,-0.92120215588326748,-0.073496921051857428,-0.30139549124151993,-0.19939902196919507,0.9324166385779542,-7.0534629088474956,7.3487134299538441,-3.3376592455648399,0.1650643397114582,0.1226373976905386,0.3384615384615385,True,5
-0.10335787228171869,-0.88025711838295273,-0.46310318048307181,0.99134420469867413,-0.1290635735447293,0.024067858114460747,-0.080955654822559911,-0.45660705154432835,0.88597752930435336,13.021243098362966,9.7501024285636646,2.8994806854573709,,0.6862938969018565,0.8860759493670886,True,5
-0.026935934797897236,0.9748127956805549,-0.22139211547393547,-0.99876104875160199,-0.016973603306275949,0.046778887197129193,0.041842835864266972,0.22237785449154349,0.97406225002233549,-10.382310496910332,0.57699159567882519,-4.1663831951235606,0.2436778946130541,0.1766895213420938,0.690566037735849,True,3
-0.14956836339118379,0.96722111661484655,-0.20521358689621874,-0.98874240386031376,-0.14542545165829363,0.035212168614124947,0.0042146744845831252,0.20817000164363375,0.97808357870617524,16.131951695948906,-9.6945208125466671,4.3083295283845571,0.1841569170788276,0.1912795863512198,0.3548387096774194,True,5
0.30657982074999846,0.94103594228039478,-0.14303904657591904,-0.93934762966747853,0.32339040065614227,0.11421330658705714,0.15373628116677002,0.099347894290261002,0.98310485287842164,17.234675047751654,7.7111889731242931,4.1676098522691714,,0.7653463940382671,0.4615384615384616,False,3
-0.20288218036937544,0.94124445356073883,-0.2699957398362306,-0.97912229715568178,-0.19854475119714901,0.043583356739038279,-0.01258364419189574,0.27320113545373043,0.96187462357920839,0.14059094140441558,-5.2084562435865909,-0.85678262455218623,,0.07214258847886856,0.2365591397849462,False,1
-0.58921693444683698,0.75584525619889831,-0.28551944389602074,-0.79442640949007792,-0.60640080103139171,0.034128410645512544,-0.1473434222005659,0.24693322415201124,0.95776505404202217,-0.30413792043488824,8.3378539147420216,-1.2864478019584216,,0.06835900817281576,0.2241379310344828,False,1
-0.75019686945077302,0.6239875378275288,-0.21873319295936156,-0.61855924038628218,-0.77918072665143001,-0.10130084574027134,-0.23364315354618104,0.059303860337141523,0.97051219927938459,-8.433408835772001,-27.903266046108964,-2.6719918653056052,,0.3952088817834482,0.5714285714285714,False,5
0.011432448031051154,0.98118431192798272,-0.19273464960516931,-0.99827034128983627,0.022315519384265525,0.054390654488466694,0.057668230708862664,0.19177946610891519,0.97974231895222752,-15.442511629894691,13.01909411639838,-6.0073013660869474,,0.09203372913979309,0.25,False,1
-0.52809253641195431,-0.77158207339496532,-0.35465388338705134,0.82487915883095819,-0.56530682602722815,0.0016018031568983335,-0.20172418375673476,-0.29170069671248439,0.93499628727879558,0.63758921423756232,12.825444878939059,-1.0504217560788427,0.3832836884626379,0.1200011717180029,0.2307692307692308,True,5
0.92583187940747724,-0.15225297681800651,-0.34591091645519439,0.2163295524727486,0.96398492051284013,0.15470810499386423,0.30989813778039593,-0.21806444935822938,0.92542478901655423,-12.866828447385492,-9.6715588362645057,-4.7911613784330278,,0.1056357465100685,0.32,False,4
0.95137450169941529,0.05109350598388869,-0.30376966794343135,0.043938258349922037,0.9535552770690352,0.29799624666591124,0.3048868428931687,-0.29685314082904601,0.90494321689847823,-15.670730281324214,-5.0485850789979754,-5.6829788825236962,,0.7568830183703272,0.4268292682926829,False,1
0.7376585466327169,-0.56736587920328241,-0.36599976461138939,0.64420023925850789,0.75374080990127501,0.12992629921863191,0.20215321001405706,-0.33161838098219842,0.92150058549941072,-11.093688386417078,-13.416528460853751,-4.0242128403303443,,0.07881217625251302,0.5384615384615384,False,2
0.95223685935878555,-0.027168134276678177,-0.30414939776110167,0.12714016566670602,0.94086830871153682,0.31400987872443564,0.27763346691773133,-0.33768138554296501,0.89938364445047847,-18.499500443603864,8.2282411291282358,-6.785095918783524,,0.5011086281725694,0.4705882352941176,False,3
0.019150974450008088,-0.92687104157681266,-0.37489106746351203,0.99849655048225916,-0.0015312769174943503,0.054793191785416182,-0.051360284779648421,-0.3753767806848452,0.92544821231122254,17.565847528082649,-3.8318203999996339,4.5932262920469462,0.2436863567918724,0.1990718453266607,0.5454545454545454,True,5
0.94964793207208675,-0.017734374807383609,-0.31281671480501333,0.082583045909479874,0.97726003606933254,0.1953019775375569,0.30223971552316309,-0.21130147621812501,0.92951753103882839,-6.0612684281867075,-31.02591469385538,-1.8703421909792968,,0.1844784183579673,0.4210526315789473,False,1
0.66010328103846772,0.72792099522880394,-0.18545803586622012,-0.71351703942962419,0.68479146841364746,0.14816909000012107,0.23485547216497418,0.034520566232134425,0.97141712858132123,7.3327324167716554,2.7305014764302302,1.1073436801912597,,0.0719016724573509,0.3571428571428572,False,5
0.27355040537028857,-0.90083222411243291,-0.33715201278117474,0.96115507992920557,0.26940285266051472,0.060025122279414325,0.036757149617897292,-0.34047526632491759,0.93953472792278581,5.6456852618356956,10.454182962002978,0.52179076166532001,0.4742557918869199,0.4121156957626091,0.8551724137931035,True,5
-0.817342498812341,-0.47549280985637049,-0.32535799884141786,0.49766365718564881,-0.86720017267968108,0.017168133880450666,-0.2903138369967988,-0.14788660615223165,0.94543504682710566,10.236303958350135,4.1394829266090394,2.0816914846996792,0.3442918646039067,0.3208362514183976,0.9433962264150944,True,6
0.18589307208962438,-0.91360835581889699,-0.36161241395584326,0.98252195953669652,0.16919923781333526,0.077602944219633999,-0.0097141534500364904,-0.36971798725687782,0.92909323812062683,9.0555388475776031,-15.270483285503227,2.3301631858464664,0.2276999994037128,0.1776110121282042,0.7741935483870968,True,6
0.01222673167009675,-0.93865027001785784,-0.34465370682479135,0.99867292903791616,-0.0057821052107419951,0.051175658922587276,-0.050028870060161566,-0.34482203794817651,0.93733391825206536,1.7210601013803364,-7.2501007981121051,-0.32111607732690689,0.3018106262682808,0.2824018495642125,0.7508771929824561,True,5
-0.47046355752195412,0.87771844966870605,-0.090963532005688852,-0.87613474270165903,-0.47690546905604536,-0.070349742114178354,-0.10512827248121749,0.046599320763249852,0.99336627163877422,-3.8894531246425954,-9.5144319307330036,-1.996007168193084,,0.100223424647869,0.2340425531914894,False,5
-0.93209235957773751,0.20194203740971373,-0.30070458384204835,-0.21725563422174468,-0.97594848086829422,0.018015329299705937,-0.28983412948739001,0.082121715871522838,0.95354716777231552,-16.45441834880684,-2.6690116672460396,-5.9522646402606751,,0.0775539404721472,0.3018867924528302,False,2
0.85516513901338809,-0.39525648594806606,-0.33535786159295206,0.45341589966423729,0.88392560592053715,0.11440954999334924,0.25121028431949499,-0.24989564524816496,0.93511793883879757,-0.82265998969431609,16.897107299105347,-1.5766922580249947,,0.3465766497775653,0.5192307692307693,True,3
0.13282027218199455,0.98639088226225236,-0.09691131351599655,-0.9864572156853858,0.1410529150827457,0.083703266178181829,0.096233761849658137,0.084481373903095375,0.99176708986722717,-18.405060748138432,-9.2470569338877624,-6.4252699731152267,,0.6984491425474469,0.3148148148148148,False,1
0.12461290608603723,0.94733907007007745,-0.2949920506650231,-0.98798003473622986,0.1458804244089123,0.051130741603030945,0.091471714750477551,0.28507470616145297,0.95413067098148086,5.0823211652321785,-8.0534464304233566,0.73864356044811674,0.2009310940119511,0.195994626797492,0.71900826446281,True,5
-0.64966663845468076,0.70859858021423316,-0.27535669775287508,-0.74112123766358073,-0.67101755971482868,0.021788658480022143,-0.16932976691355137,0.21822806114872029,0.96109517913902431,5.4703825451016819,13.170354091354362,0.41764493288396703,0.1201698687654922,0.08939081786285138,0.3421052631578947,True,5
0.88418589992600838,-0.27321338474186851,-0.37890597879939381,0.38486480041297821,0.8857719902402168,0.2593975071371426,0.26475343203651469,-0.37518319219253043,0.88833731910863134,-19.308366037115711,-8.8464952012549354,-6.6437463821602272,,0.2120642881460126,0.1538461538461539,False,1
0.15582932036125499,0.95097711320878231,-0.26713246352482201,-0.98289577064338396,0.17615153710503698,0.053726530009684949,0.098148494471887837,0.25419119994331774,0.96216095685923519,17.43976499899777,-5.2945992996779569,4.5664266779303917,,0.0866945882743474,0.2222222222222222,True,5
0.89584481984608,-0.29735699087774953,-0.33021338363408931,0.35273752675392112,0.92780549098564191,0.12146278490310777,0.27025598231023695,-0.2252904589036602,0.93605871244944194,5.2391850523959231,6.1079716852898445,0.466940382688321,,0.1746782907903579,0.103448275862069,False,1
0.1238314004787856,-0.92696224898132484,-0.35412818755211845,0.99222755134958596,0.11125986274602305,0.055729070372134606,-0.012258490864245838,-0.35827675323026748,0.93353494712116225,4.5437567207470257,11.564665744533698,0.18930783591975314,,0.07850479037656384,0.1904761904761905,False,5
-0.39676626247428254,-0.80999071636058706,-0.43184670008215953,0.89580004825083881,-0.44433593647364344,0.010385042700148277,-0.20029679607018744,-0.3827278601927907,0.90188723159620388,2.6262478219740912,-18.148909705057186,0.34816023966006371,0.6401345349759854,0.5642082255769866,0.2380952380952381,True,4
-0.34342520943846044,-0.86940956155959181,-0.3552268849494758,0.91840967300138576,-0.38998701931987861,0.066586765197637038,-0.19642504437988056,-0.30337623346392079,0.93240552492443285,-9.5006789392294788,14.087593905552797,-4.2081827955648539,,0.2239010903366248,0.7615384615384615,True,5
-0.91832879563802372,-0.23814500875404171,-0.31616321403280873,0.24623548996835221,-0.96909791783244559,0.014741408781579347,-0.30990370533774464,-0.064313143744942139,0.94859027665245488,-16.961757262675416,-0.171959535517168,-6.1405508574374004,,0.09786298061646259,0.4,False,1
-0.95070638242748651,0.21224421438059532,-0.22607469534117872,-0.18267914031988036,-0.97245851728985477,-0.14475069548160269,-0.25057076067177564,-0.096316279062171772,0.96329510965435061,-6.5074620362695388,-20.603697899407564,-2.3835444602892242,,0.3856828118443341,0.4210526315789473,False,5
0.4088100332068364,-0.80391933037627794,-0.43195840887379566,0.90652339087211076,0.41232833073573177,0.090557658286940484,0.10530763766771392,-0.42860128081941273,0.89733563594053467,21.477937525359849,-11.527625916347073,6.0079676265495259,,0.1583856495120403,0.12,False,6
0.56175783167344973,-0.75703174379177196,-0.33366311969579726,0.81613541119790445,0.57314536088416868,0.073670793980941868,0.13546633951786857,-0.31369943287890056,0.93980930867335255,-3.6270494075020356,4.1948874324581391,-2.2462946422582348,0.2294970136758856,0.1831016999845851,0.7570370370370371,True,5
0.73466613741792353,-0.55252499107616504,-0.39367727997398189,0.6476433123330867,0.74399290291908393,0.16441624127884494,0.20204902009576126,-0.37575350250173178,0.90442550762128815,-10.945004463663297,-11.509859679749473,-4.0985442892416195,,0.1013026668637544,0.3636363636363636,False,5
-0.81449721867004843,0.50493297401577664,-0.28572184468524364,-0.53072176366215396,-0.84740697951619137,0.015356452799343369,-0.23436870600421125,0.1641465894218595,0.95818954639835408,-5.6114583021231352,3.5154446269885682,-2.8739690207038349,0.6801522573842351,0.6126797108669708,0.9940362087326944,True,5
0.51235521439301401,0.82246042886201753,-0.24708495955925044,-0.83228908078320807,0.54646049954666887,0.093144019906001796,0.2116294409890388,0.15792328957855784,0.96450672072067811,5.509130314302654,-6.3948547372573818,0.79781658783101184,0.436073609675254,0.523052815488195,0.7133891213389121,True,5
0.298735839664448,0.95197111911278487,-0.067140795907769113,-0.94259569461365234,0.30533106324240039,0.13522684021699002,0.14923221701691392,0.022889521498204279,0.98853720982560911,-9.9554071361212308,6.5967621137850108,-4.1913411019216076,0.4762713156104474,0.2653815957719386,0.3412698412698413,True,4
0.63326890659903357,0.72900828393114447,-0.25984113202999964,-0.73851261583258154,0.66961725563442998,0.078815272712415285,0.23145109243851492,0.14198469254247825,0.96242960204507222,-13.498104020225757,3.5700811373535148,-5.1915650865094314,0.1456439068545084,0.1338216806361598,0.7344632768361582,True,5
0.68557378345090758,0.68935211628266302,-0.2340560770871416,-0.66989115100560725,0.72322609774415236,0.16789835420917215,0.28501654907950685,0.041685384949399662,0.95761573474563899,-13.140530746440442,9.6077560216661819,-5.2450161648901572,,0.4485808365845881,0.4910179640718563,False,4
-0.50027634023971579,-0.69528836015729845,-0.51604038565419641,0.83822269025390128,-0.53828589581610642,-0.087355686185645598,-0.2170398694707249,-0.4762587433268049,0.85209817771481267,-3.4078916201485874,-19.471916036286828,-1.4721757891860778,,0.2532385417669056,0.25,False,5
0.16587477387751048,0.97425874765092291,-0.15266123285477284,-0.98037045416547663,0.17964624328040091,0.081246537616166778,0.10658016696581471,0.13618781113188302,0.98493327089130533,-24.772049589119803,-6.578659132758613,-8.2826020167108521,,0.3158477276259099,0.25,False,1
-0.85328377900769914,-0.41427619720759379,-0.31667337259320422,0.43000640744623581,-0.90255596402911864,0.022073091098657207,-0.29495979732418032,-0.11733696869564356,0.94827778300442944,12.196470522257504,-8.2180078836811532,2.988045755905576,0.5591252326501079,0.5766637273931107,0.9411764705882353,True,5
0.55192539700025811,-0.7573823347473938,-0.34892743537688936,0.82309749879217486,0.561908205948911,0.082278038195750469,0.13374925655184977,-0.332612638214278,0.93353091500601348,-13.026215445113385,18.356157433703032,-5.396899753222911,,0.1238943579113557,0.3571428571428572,False,1
0.88938904871907032,-0.32150956662549912,-0.32499033614381656,0.37225889125978839,0.92198226582391296,0.10663967078079678,0.2653496521509312,-0.21582469755449074,0.93968572513840642,-11.494075543757813,-3.0009856167513829,-4.4619358160598637,,0.06652714692584365,0.1492537313432836,False,3
0.62188084600588223,0.75041353419100598,-0.22392798189143881,-0.74557759368850873,0.6548176497945194,0.12380588559206762,0.23953760698617238,0.089963177025640384,0.96671007112721885,-20.279693511781019,-7.9613710357175895,-6.9926950876029483,,0.1013724086725944,0.2777777777777778,False,2
-0.80690270993181945,-0.49787895985448066,-0.31784360625770963,0.51525897317850955,-0.85638398397460813,0.033386562428706683,-0.28881864078295533,-0.13683206249267066,0.94755515903312348,-0.92141284083546238,10.510725404857832,-1.4807017625098662,,0.07190910081743249,0.1690140845070423,False,5
0.95287032928886917,0.011256244416964769,-0.30316898344413035,0.017948482161216934,0.99546939640624499,0.093373083951934305,0.302846475213152,-0.094413864343178139,0.94835121904849062,3.0304278830879539,4.8866711229022775,-0.19889950059319203,,0.09097282345420879,0.4,False,7
-0.83934117024567845,-0.42244583952724629,-0.34211973429887627,0.44665062752232704,-0.89466389790199308,0.0089289822892840431,-0.30985418645634749,-0.14531353156857446,0.93961394236066087,7.3794985862730789,9.3355936937489581,1.1079890486236799,,0.7907770311242559,0.6415094339622641,False,2
0.74484360406985284,0.65620517242098242,-0.12084195117665039,-0.61132942632813247,0.74371662786502446,0.27048458355771876,0.267365551224439,-0.12759447137327071,0.95511010511533534,-12.516948219989011,14.411636363510565,-5.1271530333111759,,0.2644457966138816,0.1891891891891892,False,3
0.92365725492685591,-0.21558003424442457,-0.31683201267573713,0.26102074186976904,0.95924352407853719,0.10825910505423943,0.28058055480510613,-0.18269403479194982,0.94228310072753496,13.258863426729521,-4.3363839693572483,3.2417693502324836,0.1545849367999936,0.2981370615413544,0.7901234567901234,True,4
0.44881919401321352,0.87023746060871388,-0.2030962659396415,-0.87270681643475123,0.47572807395547984,0.10984358059955042,0.19220859406813701,0.12794358836575445,0.97297805451225061,0.10998675886434128,-4.4252578225965191,-0.94575867984787765,,0.0820833321768198,0.2184873949579832,False,5
-0.13876555651286959,-0.91059975324888565,-0.38929707128199875,0.98391940653727039,-0.17140798270078947,0.05021857132367151,-0.11245764431561972,-0.37606833534547135,0.91974229291985221,-2.0152876780704254,8.6467040650074889,-1.7733651191433344,0.1092657176735163,0.1522454830920864,0.171875,True,5
0.93612481512238066,-0.1539926237170349,-0.31615914086553587,0.18709109383304365,0.97932316147612397,0.076961470910881624,0.29777047053132266,-0.13119610221784389,0.94557936189534175,-12.670087397579625,-5.3629025048031931,-4.8223249928899348,0.165173295787222,0.103855719648476,0.3928571428571428,True,4
-0.94992581313699587,0.041575790503794341,-0.30969727667514624,0.015813597524417699,-0.98344264279483284,-0.1805283868704623,-0.31207511863228254,-0.17638600277998295,0.93354008931269117,-15.347345821544012,4.4122624015231251,-5.7784225807913936,0.910054890972311,0.5001502344990029,0.5,True,4
-0.14984734037708974,-0.84740386816933777,-0.50936476006252751,0.98331591374729321,-0.18146763825866957,0.012621807958724772,-0.1031289889082547,-0.49897513011818961,0.86045815189949648,25.336285886096562,-2.2977726044201723,7.0532356375578145,,0.2659936329150531,0.2222222222222222,False,4
-0.37918090636134749,0.92494547081656653,-0.026414319353462057,-0.92371811901077638,-0.38004948348434381,-0.048033599849237274,-0.054467209054441079,0.006185961461497913,0.99849639809997148,-3.4767502466384834,-35.494375300762556,-0.97541374638829115,,0.2564917192889659,0.2857142857142857,False,2
0.73135301611381454,0.65236546376402327,-0.19885187328556447,-0.62257835111295479,0.75765546430979658,0.1958427791034994,0.2784222737977366,-0.01942933579560685,0.96026222375132553,-4.5894111059958931,-15.734969105107593,-1.9684787216673973,,0.1624766013342956,0.4285714285714285,False,5
-0.95169240286135659,0.023919879709074828,-0.306119926974183,-0.0074421365969424046,-0.99846510047595582,-0.054882216923253367,-0.30696283967094157,-0.049952802586461335,0.9504096656573463,-19.597064446658436,-13.629782748209895,-6.6509504417608154,,0.2459339793812527,0.25,False,1
0.34462134129052807,0.91196564226351418,-0.22260907092481952,-0.92617316715544584,0.36898352076056429,0.07781019116019898,0.15309929969913588,0.17935949581227142,0.97179770307075741,-23.921021968167313,11.744887946783008,-8.5453967370970698,,0.2213521210350748,0.7586206896551724,True,5
0.03149863365031557,-0.90578700760525677,-0.42256092215404439,0.99849950689031941,0.0095692202219370692,0.053918130198772118,-0.04479476328713964,-0.42362521983217344,0.90472929780359779,-6.6299190865454314,-12.507170607144907,-2.6980954927626191,,0.1319860325160434,0.1428571428571428,False,5
0.93817172805234306,0.14693951619161427,-0.313436735665516,-0.081701404360148264,0.97384956703673775,0.21199505019678608,0.33639067943220397,-0.17327954109972882,0.92564329599873829,-9.7528168385752974,17.504880299282231,-4.3556651728037936,,0.1443482872095843,0.4444444444444444,False,3
0.47405563554000102,0.84229445482013499,-0.25653714310410702,-0.85851986509412359,0.50685705026695549,0.077714682225745901,0.19548630553451418,0.18340115041605462,0.96340496281394272,-9.7332465854260963,-13.768603619216707,-3.6075886289101713,0.3703765720324235,0.1937280591625027,0.2978723404255319,True,5
-0.65845546817169043,-0.66131749682144003,-0.35929871253961448,0.7096374972466748,-0.7045572711043353,-0.003697869046874587,-0.25070105491655914,-0.25740672122506186,0.93321528112857655,-11.101204497459092,-4.1913172541878776,-4.3799008208270367,0.3433889319120192,0.3256681853730309,0.8469945355191257,True,5
-0.53958071858975798,-0.76056042843083915,-0.36111007024348935,0.81984774436252561,-0.57223897612746932,-0.019804804070317844,-0.19157850659674308,-0.30674156696750954,0.93231286964434756,-1.7952025975990022,-16.670044221378202,-1.0538033691261119,0.3812511445891632,0.3660961189491133,0.3898305084745763,True,5
-0.81052912768982843,-0.47162457024378901,-0.34729353277699809,0.50655309004244675,-0.86213287649910453,-0.011439852613986445,-0.2940178568298456,-0.18519494594006064,0.93768669173847374,18.042436597889029,-8.0733213083609137,4.8516818865799314,,0.08210919969883214,0.2777777777777778,False,5
-0.52587577232562632,-0.74031307522242362,-0.41879735282788527,0.82660604599269583,-0.56085469007974897,-0.046523771814742515,-0.20044230294338453,-0.37064614832784515,0.90688715721443847,-14.994451325477277,-9.5708674048815983,-5.3646741946911023,0.8540002019727406,0.4656478535263568,0.6891891891891891,True,7
-0.94215208725095256,0.2098279097033304,-0.26138418620529391,-0.1572244259113518,-0.96535886904012214,-0.20823720575925406,-0.29602351998704185,-0.1550951394309541,0.94250494605565549,-4.3181679929844865,5.7994086198263979,-2.4718878176984322,,0.1001413751893946,0.2892561983471074,False,5
