axis_00,axis_01,axis_02,axis_10,axis_11,axis_12,axis_20,axis_21,axis_22,location_x,location_y,location_z,dbh,dbh_approximation,score,reconstructed,number_clusters
-0.93931846231662042,-0.19818227937171518,-0.28000823290426957,0.21616312659476497,-0.97574625750235289,-0.034536121249039126,-0.26637253809639561,-0.09296787140288984,0.95937617535297404,-13.858519476030022,19.310046401197656,-7.7771371653840253,,0.5873448149581612,0.5081967213114754,False,2
-0.9273831266985515,0.2853456427409598,-0.24194710265585992,-0.32439058562367462,-0.93549109994845725,0.14009693028740394,-0.18636331257397809,0.2084088915712875,0.96012210142277188,2.8117135742616242,16.268387186477877,-3.3714600613112879,0.5356372038305293,0.4485513722304143,0.7913669064748201,True,5
-0.41008972035434182,-0.83096731259042278,-0.37592518759182425,0.86105960598743647,-0.4886282702406945,0.14077914781084472,-0.30067054427804907,-0.26596191255109741,0.91589381746778042,-7.9325460115323336,23.067419566012465,-7.0121633232930387,,0.7615165594013606,0.6153846153846154,False,1
-0.43361238949251302,-0.73108376762820615,-0.52677966968092149,0.84996546210953472,-0.52596551017615889,0.030314935692805439,-0.2992306951158572,-0.43459959366718304,0.84946111405102065,-6.7125916314640994,-20.483918966725291,0.87917385327390918,,0.3567475003838085,0.45,False,3
-0.61078050422360963,0.77954728686308172,-0.13875591232362133,-0.79166501090866781,-0.6044617797523365,0.088839559440692578,-0.014618008186191939,0.16410967175351138,0.98633378197931665,-1.3035060976421462,19.180511583148064,-4.6567272682368035,,0.2516116006661894,0.2352941176470588,False,5
0.95353520244677781,0.16543158474316766,-0.25179954023815448,-0.10057685763244482,0.96260299011549599,0.25155472392600509,0.28399808697166379,-0.21454107809477863,0.93451442600227652,-5.7292817985429938,21.834908234517961,-6.2279299404471535,,0.05562798547075216,0.3,False,1
-0.88729190081671527,-0.36334089404235498,-0.28407125419789486,0.33698535927561235,-0.93125875836708938,0.13855682082985382,-0.31488720262809838,0.027212491269490491,0.94873891558213264,-8.420314235099351,18.919605099074893,-6.2882557390838407,,0.09315408236393681,0.2058823529411765,False,3
-0.52806629996994925,0.82222571347242079,-0.21234608294201102,-0.84807902266932611,-0.49775201035155603,0.18167252819076746,0.043680134435328033,0.27602139825700522,0.96015844190423016,2.9621406325811548,22.4229399099438,-4.2679274829815688,,0.2080633993483108,0.3846153846153846,False,5
-0.048655354344825041,0.99260429563597796,-0.11121766396838714,-0.98599185017759872,-0.029946308920776404,0.16408318001970429,0.15953911080652527,0.1176432355345049,0.98015679422020929,-2.1113837019466439,29.578974623211153,-6.9017679612988561,,0.372692278583617,0.4571428571428571,False,2
-0.86127621130512155,-0.41903106602831253,-0.28743043252772127,0.38897204979013383,-0.90765447448900005,0.15768354201425283,-0.32696182089344705,0.024006679138835099,0.94473257964080393,9.5265268233877336,6.6368319616977045,-0.19110974664072186,0.2129399977127376,0.1656280345495402,0.4067796610169492,True,5
-0.47760685229844241,-0.77341741585713386,-0.41679394847628026,0.8218022331089051,-0.56103961188035845,0.099376272612504687,-0.3106972550486915,-0.29505940884847459,0.90355252252162865,16.616085273625025,13.811923906821058,0.21006381000833579,,0.3861606253494764,0.6,False,3
-0.66750680022545461,0.74025332115201603,-0.080372210223334906,-0.74446306249782379,-0.6655793259066517,0.052715363054874564,-0.014471358924969813,0.095022005078065283,0.99536998062117965,20.126653689430601,1.4473647398695446,3.1769802017491107,,0.2923337537869102,0.2,False,4
-0.49924835525791023,-0.81447223995587126,-0.29561131594297607,0.80629180601570027,-0.56162270356913579,0.18567030561626191,-0.31724533617409195,-0.14565338711118755,0.93709150433606359,-8.6434641758647466,19.953531539198032,-6.5188715692371026,,0.1019735489634208,0.625,False,2
0.31443362293557919,-0.84933308222554438,-0.42398680664009114,0.94176799320366356,0.22302578776944304,0.2516595815123347,-0.11918281648270501,-0.47842743799564358,0.87000151886544064,-32.774205108987537,-19.577407535104527,-5.3340275563132211,,0.09832298771972717,0.2,False,1
0.91069709932990439,-0.24844542851046533,-0.33000857916779802,0.36924385647363622,0.84775963916094499,0.38073950237160936,0.18517496517773285,-0.46859200085143898,0.86378919245928842,-18.347065868844407,-24.010618627129045,-1.1566020723173271,,0.3382273361060402,0.2,False,5
0.29879284008055629,-0.82299727377078946,-0.4831131607423288,0.94969786752668628,0.20667574744315723,0.23528513729956929,-0.093791252960284455,-0.5291130529335486,0.84335198943470768,-25.19088055117011,21.716437384516773,-11.160940039875799,,0.4637487088134208,0.1111111111111111,False,2
-0.81223033907114206,0.53948820397507724,-0.2218881566558302,-0.57628250084591714,-0.80106886710562986,0.16182443997393528,-0.090445317795631364,0.25930898157573956,0.96155004891217155,10.248088091066149,9.4685392325270907,-0.52364425402584325,0.350865547417948,0.1959747783903699,0.5652173913043478,True,5
-0.61853935737312549,0.77054341881281607,-0.15385676164764206,-0.78574020908595343,-0.60540289581683715,0.12688442600316113,0.0046246303640941067,0.19937445538695908,0.97991246513816233,-9.9204824261277587,-23.437995653626693,0.62155479495982802,,0.1542703748390718,0.2424242424242424,False,2
-0.24515533521692479,0.96943777930126507,0.0094474164780278258,-0.95750630942996673,-0.24364211882486192,0.15433789339088849,0.15192277319902583,0.028790797105392757,0.98797295559420761,2.900821614629209,-25.185161194798365,3.7233061671670393,,0.4178986277317011,0.4090909090909091,False,3
-0.95556246761541486,-0.11864352729984246,-0.269859378037138,0.0898837935211447,-0.98910516259936454,0.11658422269558322,-0.28075126740050105,0.087147522908781916,0.95581590021503404,17.81804970742499,7.0970137312589285,1.7416997350404813,0.6505241358062921,0.3251158383880072,0.7037037037037037,True,4
0.8621524491460002,0.46506884151267958,-0.20100777866940167,-0.37741540052076367,0.85421526924093805,0.35759458783010556,0.33801001446895718,-0.23243761840477881,0.91198792956322039,-14.412232244612426,-20.650961814659336,-0.79920467443636689,,0.3203243796956892,0.2424242424242424,False,6
-0.74882312038713761,-0.59163853809672629,-0.29871018498276702,0.56361303509091243,-0.80558535347553573,0.18268164916407545,-0.34871805380461762,-0.031560711406193875,0.93669613026117204,3.6124891977418305,16.514726607411244,-3.2580603420174303,,0.1013334850655116,0.3888888888888889,False,3
0.66640327388754106,0.73217233424433303,-0.14082027382153472,-0.66392203850967746,0.6686740701539956,0.33478726780575796,0.33928484100107004,-0.12960964806253772,0.93171193820621623,-27.025797863481781,-19.836166598453939,-3.9100663468718522,,0.2916941127608758,0.1333333333333333,False,3
-0.8055143737495204,-0.47216870959357204,-0.35805488875821723,0.47311121816971657,-0.87627094324974097,0.091186672590770318,-0.3568085886366596,-0.09594760912576572,0.92923715346415436,2.722987328815822,-32.036872037322716,4.8456461739977712,,0.1958513749015917,0.6,False,4
-0.66687004377850945,0.7307939578844862,-0.14568642980859958,-0.74516204631101046,-0.65509959266232265,0.12481205242782506,-0.0042272270386254085,0.19179341702255076,0.98142621512693318,-19.477215577447769,18.440824033929943,-9.0529599900493327,,0.1708114966896942,0.2142857142857143,False,2
0.65901795928756512,0.74141167000257002,-0.12650717339524425,-0.6819866105243475,0.65997355570077354,0.31516530399330267,0.31715862340785567,-0.12142339708507277,0.94056725768993021,17.91402496420476,18.537090023100987,-0.26804624197013777,,0.2523396784547075,0.2380952380952381,False,4
-0.30263524949794895,-0.87204523342369744,-0.38464141303859062,0.9295895692269851,-0.35915912741442396,0.082873119763276298,-0.21041658334290736,-0.33247831817716966,0.91933836501931021,22.302096740381874,2.4522654107166222,3.4938523747507921,,0.6705117682357918,0.5384615384615384,False,4
-0.83978047739419892,-0.39899777818839177,-0.36819766809188154,0.43444156908831988,-0.9005757915278888,-0.014958835582902091,-0.32562136421870547,-0.17252251074756825,0.92962718895786678,14.055468452176152,3.4079625249852299,1.538221139157397,,0.2427856538209062,0.6333333333333333,False,1
-0.51167457683415218,-0.74652562985772153,-0.42531001797174106,0.79436830805822289,-0.59966090204713984,0.096880306093273166,-0.32736542055370921,-0.28828160975258582,0.89984753981113386,2.1301853736306411,14.828130363641728,-3.260661887266417,,0.1886399188159924,0.2631578947368421,False,2
-0.88570399690761747,-0.30183541199039432,-0.35273759925823095,0.31989731426181112,-0.94742284970480839,0.0074600392291594708,-0.33644336550146364,-0.10623242407951292,0.935692542389988,5.540250223085545,14.217324773804936,-2.4209309433593731,,0.3042896573055887,0.1428571428571428,False,5
-0.56277742602667158,-0.76364295764875123,-0.31643483055482652,0.75790501080857187,-0.62949611532497907,0.17121517275644607,-0.32994175750585553,-0.14347150945127979,0.93303502754704681,1.9663945994558623,18.669600288999778,-3.8848004541662702,,0.2132335242958705,0.25,False,4
-0.61051686934671323,0.78518461131763606,-0.10370283695763713,-0.79184421572801789,-0.60251530075640114,0.099790031428519874,0.015871051041754264,0.14303998917924066,0.9895896479018127,-20.399136085594893,-15.307359570917912,-3.1502612498796378,,0.206566086837542,0.3333333333333333,False,3
-0.081450079229600764,0.98366006878837509,-0.16055763346768209,-0.97760858440042864,-0.047487371900545909,0.20500342732884064,0.19402922537618852,0.17366006616729712,0.96550237758313551,13.918400474639768,14.794819954133539,-0.57920286626770323,0.2147601108427931,0.1844337138082385,0.4375,True,5
-0.86361589238281788,-0.35843677509330896,-0.35452879810325355,0.35433639444906534,-0.93178293518501909,0.078906788471126171,-0.35862697889682682,-0.057477299507713672,0.9317097456014054,26.295773624981663,-1.2470227214422469,5.0173781323630058,,0.3505088691679411,0.4285714285714285,False,5
0.92887216816745322,0.32872346862393176,-0.17069673804658742,-0.21437095485253285,0.85291909324371962,0.47599801900420169,0.30206222689953743,-0.40554888923058574,0.86272157126406102,-16.692223625841439,21.617601592773312,-9.0001333847584597,,0.3954394187661149,0.2352941176470588,False,1
-0.6634771552475619,0.74419513020525818,-0.077276598290691584,-0.74807061587948298,-0.65792289666932668,0.086762985748148752,0.013726548083676821,0.11537361144135558,0.9932273212415601,-6.7757258888287772,20.111038175410009,-6.1104969516609788,,0.211089820408644,0.2105263157894737,False,4
-0.53451203560910276,0.84118806500432386,-0.0818506144344395,-0.84308543553070936,-0.523910186028261,0.1213468803547417,0.059193176845041745,0.13386842895214268,0.98922970615771399,0.38484470951347222,-29.12223269540506,3.8981473256412964,,0.3819340476690081,0.15,False,5
-0.17140938768662842,-0.86217771137168253,-0.47672677271869457,0.95166491532951603,-0.27007499275524277,0.14626478461721373,-0.25485821694377314,-0.42861298662329683,0.86679766782917522,-12.609030505707629,23.103856382959712,-8.1969469858578208,,0.2540376970812139,0.1111111111111111,False,1
0.25441646060795753,0.96606005293778352,-0.04472402810087811,-0.93210681546992191,0.25727644741203803,0.25492295730585629,0.25777732469370163,-0.023169025117372649,0.96592652264490075,14.272577583192939,8.804385905808644,0.4711518522194551,,0.304537980869374,0.2173913043478261,False,4
0.85503171478744655,0.47060854566874616,-0.21782645259744551,-0.40396565429794007,0.86783715152320351,0.28925841143124997,0.32516536847468341,-0.15933071009582792,0.93213797689241462,-4.9603585969913562,-24.549403238706244,1.9004978811974436,,0.1540416639434413,0.1052631578947368,False,3
0.33924892307506749,-0.8558751685775543,-0.39036888196262665,0.93246449970379208,0.25117841107492705,0.25965238801527141,-0.12417779585966657,-0.45209191722725944,0.88328521633344281,3.4814473128751482,11.712239056658913,-2.3833752952779612,,0.2674638881184108,0.16,False,4
0.16066979254234343,-0.86987022655431356,-0.46638075294628945,0.97590810109869619,0.069342522657063879,0.20686950660136488,-0.14760960664651168,-0.48838243570577144,0.86005464972858581,-23.905873447134923,-18.386215634722006,-3.3962867409361364,,0.2906128648429355,0.4666666666666667,False,3
-0.85924150260262189,-0.39445697211499064,-0.32574182622908915,0.39711182310872711,-0.91571514752930971,0.061383780696838669,-0.3224999847324827,-0.076612438515218304,0.94346398665359776,16.693558371100803,5.6047475309859758,1.8240870870195436,0.2500560829152035,0.125831934437667,0.2631578947368421,True,5
-0.88634144481267596,-0.32440030568551326,-0.33039867566097214,0.32816787617328275,-0.94349814153957456,0.046011976259300036,-0.32665683561697528,-0.067643910165771981,0.94271926529703931,-21.065022767418832,17.415577939253669,-9.2209398931072588,0.6902470960385758,0.2289041768075554,0.3809523809523809,True,3
0.93703442444668383,-0.215437113025122,-0.27486967408805102,0.29034412174036101,0.91794774879029384,0.27031874049286475,0.19407930949147836,-0.33310475953103863,0.92269953983140063,-12.795403659694028,-29.226787899318701,0.92635783079138245,,0.3756781080419597,0.6176470588235294,False,2
-0.90749712776110525,0.34714285530930705,-0.23651807777217787,-0.38596412190797408,-0.91130606573160666,0.14336300485336972,-0.1657729160784448,0.22138900733433489,0.96099232448878946,-9.6973066673856501,18.296987057700285,-6.4336746175147388,,0.08222676020018839,0.40625,False,4
0.85502759254219518,0.46456840506996128,-0.23044307974475889,-0.40254215874117311,0.87472402834199259,0.2698475211617713,0.32693673153607733,-0.13796402158500892,0.93492154875187117,-2.9125484014954894,15.859449250295413,-4.4359839392390858,,0.08924024650698481,0.1153846153846154,False,4
-0.90803523759114757,-0.31746695461504082,-0.2732887484333027,0.30173491481086501,-0.94824035994526978,0.098976062535072948,-0.29056505033618446,0.0074129952325806825,0.95682652504245169,13.468188090628081,4.3102588053199193,1.2188260579701651,0.204912148918752,0.1653065989433548,0.2,True,6
0.7238053487566275,-0.55722154191788209,-0.40695204918264771,0.68828678150425393,0.62464948694178268,0.36888253532782533,0.048653093609899667,-0.54709886829167065,0.83565286141804151,-15.626674080773862,17.14367882173514,-7.724320496869705,,0.09101656770378519,0.1428571428571428,False,1
0.96534517246388907,0.14927979222223919,-0.214065974958071,-0.077217500128352726,0.94690302844365803,0.31210913539683083,0.24929130685724324,-0.28476340768840819,0.92561527967460289,-7.5883850412143623,17.249647256643577,-5.7583924528309645,0.6157406948297517,0.6056597778099535,0.8095238095238095,True,4
-0.81921972337723237,0.56586648045037435,-0.09313523035048335,-0.56434852436413629,-0.82433884968023174,-0.044454515584977233,-0.10193030892601819,0.016142713854215118,0.99466055763344108,-28.089128319709573,-15.154985754002556,-4.9274266217073128,,0.3115422444439705,0.2,False,1
-0.15826794376433928,-0.93568115923017603,-0.3153601532189525,0.95610101479915377,-0.22499787704617441,0.18774132423295203,-0.24662138487291754,-0.27180272917391374,0.93021565721985977,-5.4433894817419484,17.189873904738363,-5.2931359426965177,,0.09887987540597001,0.2571428571428571,False,2
0.82442676782432578,0.5537381949083019,-0.11702357025159316,-0.46169423980315705,0.77759277080816658,0.42683475926810599,0.32735139136304114,-0.29786489267211824,0.89672602966909987,-10.268583003974546,-17.757004453691607,-0.37244908565693896,,0.4823545127404505,0.1521739130434783,False,1
-0.23701087644495242,0.95997569633177338,-0.14923976313007603,-0.96196991122464026,-0.21042672842588486,0.17416797025410763,0.13579298341686269,0.18484386496799013,0.97334115870975157,-20.582524020592619,-19.952490274445459,-2.3672205904877082,0.3373259183086709,0.2867688468850306,0.5,True,5
-0.93973215146857592,-0.21325476004946048,-0.26725622689188561,0.18435398955534546,-0.97432751040767296,0.1292265800747362,-0.2879532775143695,0.072168620459530375,0.95492125339721035,-9.8167864675311929,23.711773308586356,-7.6482980751362701,,0.1619685861177974,0.2857142857142857,False,3
-0.92319902506152351,0.32477106388354637,-0.20549286165071842,-0.3359581349509409,-0.94164024028642423,0.02111372618962537,-0.18664322030477692,0.088529169979585112,0.97843083269947473,7.4054879679534498,10.071525970744521,-1.19646288941027,,0.3802111025521608,0.6176470588235294,False,3
-0.91844979588272335,-0.25130488584409527,-0.30544365567788428,0.24995669137907334,-0.96724753575586986,0.044202454785044615,-0.30654791612048238,-0.035749950001133304,0.95118363957603169,-17.374049344288377,18.836650205528336,-8.593508182006401,,0.3281507563035939,0.2857142857142857,False,3
-0.91697012485739837,-0.19832089022032501,-0.34617136597532749,0.21299253062683951,-0.97704370491252612,-0.004447537293651771,-0.33734251439179896,-0.077810174097102724,0.93816075636896912,-5.0070429764817321,15.074248137319298,-4.8004226344279166,,0.1738235968112469,0.2564102564102564,False,2
-0.73239798290551683,0.6679873313806215,-0.13185643613766027,-0.67640273260361805,-0.73597577209220222,0.028618284708279706,-0.077926490760766104,0.1101480277094477,0.9908556272381106,6.0114802704498702,12.804146868211189,-1.9680925173405885,,0.1060966433285264,0.1666666666666667,False,4
-0.067561309945924214,-0.86570774427498665,-0.49596932455617121,0.97072850297034585,-0.17187249391193835,0.16776775422423115,-0.23048132878682817,-0.47011695070355075,0.85197911344225619,-6.367013098375943,16.149599985805828,-5.2765023752060181,,0.2749088433969094,0.1041666666666667,False,1
0.073693798538534555,-0.86763655121489269,-0.49170726967667328,0.97988703367505914,-0.028688061975303505,0.19748011630438955,-0.18544709567004813,-0.49637063782623964,0.8480716742183505,-8.6940156918647702,-20.370787027352012,0.37448165400402378,,0.2400062997776145,0.2666666666666667,False,3
0.45388174319236324,-0.79612518196147297,-0.40022001179785416,0.88888391872358952,0.37314784091348774,0.26579328030670607,-0.062263490355573256,-0.47638784983290161,0.87702786403872446,-1.25060039417661,16.774775895531704,-4.2727359690402729,,0.4082832735071378,0.28125,False,5
-0.1687295589139822,0.98332301555336499,0.067868866439112413,-0.97162740983360829,-0.17751061169193849,0.15630150094221223,0.16574230723845851,-0.039570567595005018,0.98537488184522048,-5.8971561437673152,23.935743306758379,-6.7405149586852211,,0.749105507634368,0.6595744680851063,False,1
0.045310274319807997,-0.95497459167087495,-0.29320727873657948,0.97905424866403701,-0.015868547504781401,0.20298021424017418,-0.19849372084265599,-0.29626292117498432,0.93425292310107511,-7.9999364350774167,16.393622251892353,-5.7334959694163059,,0.07454015163636767,0.3529411764705883,False,3
0.21703148417543969,-0.86471944766953168,-0.45294327646925686,0.96447364885456466,0.1183542490957106,0.23618393761251461,-0.15062508271123898,-0.48811120509888961,0.85968571926904869,9.3504252668340033,9.2527639331245357,-0.62301993694018787,,0.09311858202478002,0.3846153846153846,False,3
-0.45119935539738465,-0.80727429084535851,-0.38043049434700771,0.8360878226873707,-0.53144378211123777,0.13610532395610339,-0.31205174962316262,-0.25666266926732362,0.91473929606292526,-8.9641537263370878,16.529874038587888,-5.9862034280937539,,0.1114277609829663,0.2295081967213115,False,5
-0.84569262951855784,-0.38911200697292719,-0.365233928335646,0.40287558681988156,-0.91432473310546558,0.041249775467931293,-0.34999319696605968,-0.11225920212222909,0.93000141592169472,-8.456968780189996,-22.91158324693318,0.81986769064788445,,0.4601167190631703,0.2295081967213115,False,3
-0.80852260859102443,0.57189501009248578,-0.13866249971957798,-0.58521268975481888,-0.80615301212084756,0.087426705293156465,-0.061784295311161475,0.15183352225316249,0.98647315339704145,12.912268271587328,11.337734561562064,-0.17945943901771846,0.4698226269105771,0.2427631873710541,0.2068965517241379,True,5
0.065879383968292377,0.96465889920755454,-0.25513352376280801,-0.97094263730575248,0.12092685409802691,0.206511721264689,0.23006586411223276,0.23411515144822129,0.9445950423502486,-4.1325150902759935,18.846047686016938,-5.2507360238016751,,0.06999880019146848,0.2,False,1
-0.90108390039549935,0.36220722106767417,-0.2384402093910899,-0.40358066916057245,-0.90162872929547,0.15552581132706117,-0.15865197108116397,0.23637166394360581,0.95862296475548325,1.2343689625043304,15.091566283187495,-3.5235601308355262,,0.109323487081622,0.375,False,2
0.90978290003169615,-0.29434977618490821,-0.29266582320081713,0.38980151470140306,0.84817452132658777,0.35868476481292932,0.14265291425838258,-0.44040684671370489,0.88639266435439468,-10.969264151982589,22.081984314912727,-7.5558355710862735,,0.4185381556056242,0.3666666666666666,False,4
-0.95895216230120317,-0.10512586173402311,-0.26336154543236984,0.062048802864276068,-0.98402610164196302,0.16686095214408872,-0.27669603625812439,0.14367040224764716,0.95015689180105523,15.027987895707403,2.8619055756798231,1.9098234710975621,,0.08110320725444123,0.3225806451612903,False,5
-0.89861293844396861,-0.29964231027722382,-0.32048287435184941,0.30330415841066971,-0.95206603777484033,0.039709535460784262,-0.31701951730436206,-0.061520286145659756,0.94642161854041817,10.398393895863496,11.299425948425334,-0.74107430235220717,0.3691314606057199,0.3168205820494673,0.6521739130434783,True,5
-0.36688024397370905,-0.80996182081260137,-0.45755954301896729,0.88893063469761147,-0.4502311658286926,0.084227216578950839,-0.27422839619173789,-0.3758373932200878,0.88518079541957728,15.901607761713496,4.0576117465211432,1.8812238373243373,,0.2016093956640663,0.3478260869565217,False,3
0.54111480751583707,0.82623793943790225,-0.15660661710320395,-0.77791615381106316,0.56253874789299463,0.27999395486114687,0.31943891861653662,-0.029682057752001112,0.94714188626662799,-10.423869941222115,-21.613791044766234,0.19103384290173708,,0.09269329057884565,0.2631578947368421,False,4
0.96535350018308008,0.053987020449638358,-0.25529986546656747,0.025717241292420447,0.9539178601145466,0.29896377649272626,0.25967526486861342,-0.29517133630733117,0.91947954791716857,-10.578932095865252,25.271291292634313,-8.1827402873795272,,0.1161102324553964,0.4285714285714285,False,1
-0.84742346800401058,0.49188441076163619,-0.19980788854730791,-0.51421426280993554,-0.85407796102407274,0.078323230371308991,-0.13212553802687069,0.16911700961949536,0.97669968734430812,7.9070006565605606,15.54423202920259,-2.0167833155203265,0.3910006877966264,0.3478252298025976,0.4375,True,6
0.046502982495565046,0.98594733175509819,-0.16045351857787626,-0.97811891354208946,0.077551174976212695,0.19305234065157845,0.2027827990492817,0.14796511164734941,0.96798009387844708,4.4340359100884612,-27.97978750613013,4.6258907640934597,,0.2230992674654369,0.1428571428571428,False,4
0.91035254969153279,-0.30853565043141329,-0.27579700448516714,0.37665437307783467,0.89382166447557254,0.24333991730799515,0.17143429794376028,-0.32540526198416519,0.92990413321027243,6.9500926851567426,-32.122063099266285,5.8460382911987061,,0.3838353742528074,0.2222222222222222,False,2
-0.89011805983060655,-0.30130318234228182,-0.34191553324441104,0.31785346180776813,-0.94810597851377765,0.0080143822749729199,-0.32658692009970935,-0.10154528948624543,0.93969651366967433,-14.541076740373192,17.664692950814747,-7.5672265837356996,,0.1882601570656353,0.2045454545454546,False,4
0.066751570439871274,-0.89819712417271158,-0.43449528647809343,0.97777043097132954,-0.027865189295174966,0.20781846776377616,-0.19876924350097652,-0.43870885260433667,0.87637054405350434,16.279342841607377,11.585395764551892,0.46685604919556223,,0.4308152065195647,0.2352941176470588,False,3
-0.8339190851460262,0.49872557885396418,-0.23632976204022935,-0.53916383696403047,-0.8276364169645215,0.15594972979890592,-0.1178189982109748,0.25746991729308005,0.95907660035560005,13.254574777702722,7.5576318419333433,0.53502637246480367,0.1712924873853429,0.09715943471552577,0.52,True,5
0.055234582608594596,0.99302813216555641,-0.10413582290375317,-0.96298239819114029,0.080540503483885861,0.25725109926413126,0.26384473020717319,0.086071807384007604,0.96071723327707403,-17.651924274838176,-18.825968648335298,-1.866599864464269,,0.7174201782466868,0.3793103448275862,False,3
0.87797385036279008,0.45358142477523578,-0.15305492209662419,-0.35678547015399087,0.83318088700742021,0.42250886122367182,0.31916460700731231,-0.31634395936131832,0.89334229330613935,-21.324305149443997,-17.284082096085971,-2.9624203588519413,,0.1125043724112529,0.5,False,1
0.52110445082054657,0.83074562678925701,-0.19573414343323686,-0.78963447889991722,0.55630454472222657,0.25884868795080695,0.32392520906449129,0.01967122497260132,0.9458781643745694,-21.502030293870376,-19.26998831567202,-2.6885431668069284,,0.1641569158744556,0.5,False,4
-0.60026906429049676,-0.68716472214991986,-0.40924527497386698,0.72952894322831685,-0.68015061598086424,0.071990697822892816,-0.32781789372758052,-0.25534248415309929,0.90957992740524884,19.343308907308966,3.3649138622571084,2.7198299742877081,,0.2591302979878349,0.1052631578947368,False,5
-0.86548159220424137,0.46071858563442858,-0.19667231225218995,-0.48384946178226168,-0.87051004745278482,0.090010863881901271,-0.12973554597190018,0.17306253821888212,0.97632886159152887,22.084619958830327,11.444690109075051,1.9384486666789909,,0.2158855463705226,0.2727272727272727,False,4
-0.95541148663589959,-0.061840819245180166,-0.28872929238174855,0.05678273948822006,-0.99805133281233283,0.025870012905664153,-0.28976647787553544,0.0083216672975594992,0.95706119875010898,33.545287385153536,-7.3213297460227267,7.7394815262707422,,0.1522678154811335,0.25,False,3
0.56149374057767043,0.81975747485546679,-0.11279389039607809,-0.75415685465388638,0.56306051304979854,0.33795014014296865,0.34054693930594993,-0.10469260271234199,0.93438067245992573,-11.500545962633089,-21.395843293532426,-0.12420070097384217,,0.2398914456752021,0.2692307692307692,False,5
0.12251487150803028,-0.92624489682072109,-0.35645546337928685,0.976113653358054,0.047525595173492211,0.21199871115503952,-0.1794219662899818,-0.37391403947562141,0.90994288232595122,-9.2579809283416132,22.271388745212654,-7.2260231335518785,,0.2308203517060083,0.2173913043478261,False,1
0.76954617120222724,0.61070140213228452,-0.18666142563918764,-0.55753651346826805,0.78505007865215592,0.26990629884812162,0.31137072203025107,-0.10363479841204706,0.9446206127437905,6.8975695645649031,18.584808562984353,-2.864846228410364,0.2318026905393222,0.2469389726701849,0.6111111111111112,True,5
-0.45254979262016654,0.89162056109603105,0.014541672195582944,-0.88961146129432744,-0.45253579719991516,0.061666848358010506,0.061564057153641161,0.014970881184381141,0.99799085145273114,-31.984746803382027,-17.430736778457398,-5.4647487215980659,,0.2567952606299577,0.3333333333333333,False,2
-0.95525308969382128,0.21129814096319049,-0.20698944479346662,-0.22266456847528002,-0.97433730181537503,0.032974417915285548,-0.19471010393948568,0.077588129998306804,0.97778732734027596,11.261861950386145,7.3353162880423337,0.053454826155073014,,0.252866588892905,0.2727272727272727,False,5
-0.95437020210683243,0.17332875620546465,-0.24317619045216898,-0.20448538746130948,-0.97276317236402676,0.10916747137802747,-0.21763098043560147,0.15391215924851687,0.96381938328200123,-17.648432022983286,-21.739664557842154,-1.290317167025949,,0.1055217944461106,0.2777777777777778,False,1
-0.44751514523478669,-0.81891657281477037,-0.35931301333906474,0.83007261251997388,-0.52987548891240066,0.17381433828689227,-0.33273060083159367,-0.22047134285243464,0.91688752540924612,6.9672455328896605,20.546387012942677,-3.162080456793944,,0.243243380453547,0.4166666666666667,False,4
-0.070038635239594943,-0.91282363084437712,-0.40230288160273453,0.97062179562765882,-0.15542362623647027,0.18367587283050038,-0.2301910498397256,-0.37761953786793778,0.89689217032711943,7.8888690813606992,6.2764662883934816,-0.46600105122795843,,0.09579425662743332,0.3720930232558139,True,5
-0.84144458360052721,-0.39641727090378642,-0.36718436793868231,0.40525781002634464,-0.91246038747919378,0.056410537082812767,-0.35740330180621827,-0.10133799194040843,0.92843604585749417,12.619722215386483,9.0755207598848422,0.096483450950599944,0.6660231679224645,0.2537194660913293,0.3246753246753247,True,5
-0.94902569122511093,0.19889708866996192,-0.2445203171789877,-0.22392694242128561,-0.97140350842151535,0.078942689871983093,-0.22182642280069734,0.12967332780870197,0.96642530296058682,9.128762216321336,13.079231905956888,-1.2788329296247021,0.3915428785252209,0.3419812030582794,0.680672268907563,True,5
-0.93629161448262843,-0.17272517971723717,-0.30581697948473041,0.15165539874702097,-0.98418390971668901,0.091556932482785569,-0.31679433814447805,0.039345192164017863,0.94767784778013098,-28.062137201984058,21.001086655667919,-11.815575833609776,,0.1790469725452437,0.2424242424242424,False,3
-0.30956656543777467,-0.8261200283162734,-0.47084417844737081,0.90843440273822573,-0.40323378419081901,0.11022454902967366,-0.28091898740509297,-0.39360921496056422,0.87530355215400868,-11.528342457889742,18.744858146955657,-7.0511164829201958,,0.381736465607394,0.1153846153846154,False,4
0.61161724382575566,-0.69295978905270639,-0.38174740052947831,0.79099695789620028,0.54520790049856871,0.27761872745349653,0.015753083950207247,-0.47175743342312093,0.88158763850004518,-1.0876503877328347,-25.731797628462331,2.8918762890456495,,0.4276934630937307,0.4545454545454545,False,2
-0.79350093937545763,0.57463625163633647,-0.20037324550849231,-0.60238167232587314,-0.7884701926929607,0.12430235750221749,-0.086559690711960791,0.21933520816336188,0.97180218481118041,-4.5413139516976528,24.641264252484742,-6.5864647224653066,,0.2549660380593692,0.2,False,1
-0.96240116580563095,0.071013752765750879,-0.26218513110794306,-0.10224024222966822,-0.98894124446252485,0.10743438867389514,-0.25165637072163161,0.13020085222086519,0.95901866986841267,-9.9377836638508814,-24.664034574054345,0.8016733713792451,0.5178231008631133,0.4707284645248554,0.3529411764705883,True,5
-0.90444137087174148,0.35703597138503412,-0.23347616964647619,-0.39259630367517645,-0.91074390768821989,0.12811587313592471,-0.16689502388098276,0.20753517712893077,0.96388547102746069,25.456366900861084,1.7728773276595011,4.3578285077026742,0.8237816260728773,0.7052014489076414,0.6,True,5
-0.025599548133070336,0.97384084156451411,-0.22578458414227701,-0.97815536068631503,0.022207004683711503,0.20668560497432376,0.20629288280502353,0.22614345943205161,0.95199915034631,-22.657696396437991,-17.80502455778597,-3.2204849093604162,0.1549363705240832,0.1655633182744396,0.7096774193548387,True,3
-0.2526010997983083,0.95907422116336993,-0.12794265387493195,-0.95946947168648722,-0.2312114555753948,0.1611198178758928,0.12494405661070396,0.16345611371430169,0.97860670425205987,-24.417914553884344,18.126980300784201,-10.273574694074586,,0.2937085300027368,0.4074074074074074,False,4
-0.96340295632563677,-0.01291962923725358,-0.26774582522122653,0.015367668285967353,-0.99985705943497605,-0.0070495013650457017,-0.26761647653774262,-0.010906139482659094,0.96346379153920936,-15.974345300905346,16.337853402174524,-7.6871264846612126,,0.2190424124634553,0.5185185185185185,False,2
-0.036373321227331612,0.9956542629646673,-0.085729633984869491,-0.97838045843179977,-0.018002464607888503,0.2060281287271824,0.20358943995619236,0.091370125907366651,0.97478348366701262,7.4023368457886853,-28.809267980249107,5.3349897677905727,,0.6727875292512215,0.1714285714285714,False,1
-0.91711917057164294,-0.28348163034310458,-0.28023310337645391,0.25373560933421041,-0.95736925036878784,0.13806650210714971,-0.3074258732211389,0.055518318655395762,0.94995107703918058,3.3953310816620306,8.1964082588503029,-1.7920634768218893,,0.08395737598744954,0.2142857142857143,False,1
-0.94466430539139379,-0.13305628951282084,-0.2998422484248599,0.14915894927845116,-0.98831577115125957,-0.031361510547790572,-0.29216597674873679,-0.074350254301993809,0.95347316780058633,25.216850359310822,-2.1711759560333204,4.9335335859578704,,0.07085052405667609,0.5,False,1
-0.55818339292846131,0.80138192676681663,-0.2149844350421119,-0.82923450314816582,-0.529966381860277,0.17749865601334172,0.028309691758948402,0.27734931323050349,0.96035197703919051,14.523244828035901,6.9202234102915527,0.95015137198243182,,0.07495647687662568,0.1666666666666667,False,4
-0.3572546082656754,-0.80120475470393626,-0.48004175434304103,0.88723392699927661,-0.45171694119237071,0.093636338145246203,-0.2918648722514946,-0.39245731752588608,0.87223399971911497,-23.994991899361587,19.643428279893079,-10.456813017041382,,0.2259391311921944,0.2380952380952381,False,1
0.23569096715079021,-0.83980919292887313,-0.48905039359526259,0.96051816023868852,0.12475278538636309,0.24867972653602177,-0.14783312164468304,-0.52835334957819668,0.83605508558604513,14.929674087882129,11.019328621631619,0.26356518688239683,,0.3103925604050196,0.2727272727272727,False,2
0.58425350484259064,0.80909526975927337,-0.063345769648158606,-0.74984596868032261,0.56802798556893419,0.33922740287949549,0.31044945697008042,-0.15069522906737062,0.9385691677246355,12.311432582954135,-31.555666194838661,7.0845783063489769,,0.1862297325399774,0.2352941176470588,False,2
-0.672015385901093,-0.61830628514112018,-0.40754467100821279,0.66829648246910145,-0.74344278036483469,0.025935378208729348,-0.31902215069118689,-0.25493169688838579,0.91281690239060398,-18.964530015614518,-14.652987676780054,-2.9144336646496698,,0.5596118021583432,0.175,False,2
-0.17070512832564153,-0.91670522258158438,-0.36126346902914852,0.94576200205805294,-0.2552892552650351,0.20090204481131529,-0.27639463566876654,-0.30737425239904553,0.91056415168600713,-11.722518355859153,21.072534714057234,-7.5757191573354588,1.099612629709545,0.5584218534170013,0.6373626373626373,True,2
0.71336602900957879,-0.58668842593792481,-0.38328266269893352,0.70044015296302031,0.61423580428700597,0.36345284267568401,0.02219235842008338,-0.52774147800071058,0.84911508738531993,1.2044436250910564,-26.09102462776999,3.4990594718193768,,0.4217442364426428,0.3125,False,2
-0.80848887959184845,-0.4964224326251927,-0.3160862223552352,0.4840418695207952,-0.86640910445353814,0.12263250902933978,-0.33473750929217699,-0.053851946171925763,0.9407713684877772,-21.261161088270327,20.185496011790711,-9.8099607385553789,,0.1305583156945117,0.2580645161290323,False,2
-0.23334808072621374,-0.90392560171550307,-0.35842318533356488,0.93002178299651594,-0.31508778515451613,0.18915382840007305,-0.28391575576810646,-0.28920268707203978,0.91419562972973001,-22.190476362370859,20.132094453031133,-10.092577795903178,,0.1801053482862015,0.15,False,3
0.86579187923457523,-0.40186190259596155,-0.29818020238341753,0.48545277318312757,0.8190933706938085,0.3056495625618747,0.1214085123056572,-0.4093813153130077,0.90424936373343257,8.7890654723288062,15.498097821319531,-1.7857965920213255,,0.08665212899541223,0.2857142857142857,False,3
0.90788342641708519,-0.25647381961174098,-0.33161553626291118,0.38471065040370633,0.82400100211978955,0.41595680541558766,0.16656950352069663,-0.50521631838188663,0.84676506312998179,1.6140174501517897,-24.610594153124509,3.3457858859430303,0.4032843436572606,0.4424397015658538,0.4893617021276596,True,2
0.22187604159483812,0.97049506819316123,-0.094394622616739615,-0.94166124155472675,0.23839191078123617,0.23757820402486757,0.25307138976940086,0.036174846051120479,0.96677104434988193,8.4532244100216349,-29.791064528541057,5.7818214097207443,,0.2361393895494629,0.2692307692307692,False,3
0.96427446548039875,0.13500424483673235,-0.22792237515995423,0.00040337682604526777,0.85964298597559707,0.51089507136993972,0.26490487445426047,-0.49273501046609547,0.82887732322180785,6.2238682580846163,-26.252040190215364,4.6894006347490826,,0.6756174744603295,0.1515151515151515,False,1
-0.70518258897721897,-0.64063578008704325,-0.30381460378930281,0.62717633573584231,-0.76347084724584213,0.15414963282044186,-0.33070736323273398,-0.081841692785404818,0.94017794976571889,-0.30914939859231005,14.005989767495318,-3.6696667161993783,,0.1057531843645651,0.2173913043478261,False,1
-0.061059655210595996,-0.90454975142598182,-0.42197329974864262,0.97587207074620352,-0.14289056093805641,0.16509387975429235,-0.20963162939566213,-0.40171138245013949,0.8914496874007628,13.982968414450323,17.177678848221664,-0.93277617088478848,,0.3879036551484462,0.4117647058823529,False,2
-0.55249871862370781,0.83184630696884498,-0.052696181089842919,-0.83271183001811755,-0.54809037021675844,0.078663550794082951,0.036553714818572697,0.087342244406410974,0.99550748780459308,-13.921778908652232,15.61256092872056,-7.0162616883583988,,0.4035007285037276,0.15,False,3
0.14314670937020549,0.97119115337245776,-0.19051709426599256,-0.95800273480450771,0.18429943309301325,0.21969178197802069,0.24847490759343496,0.15106774166799877,0.95678563833481767,-14.394642082023326,-24.699961724857154,-0.19910286351652412,,0.3368302689515352,0.2777777777777778,False,1
0.58055043209438428,0.80900286818066303,-0.092062777877296997,-0.73972494082195217,0.57129810810404802,0.35556361400274794,0.34024727437700808,-0.13832147682914817,0.93010696230423962,-12.863484288108182,-21.21539168081242,-0.42296756635099458,,0.3437809162475943,0.3076923076923077,False,3
-0.89588852743315861,0.42721605866874651,-0.12194337058318522,-0.44145699806227456,-0.88689607424511296,0.13612888139719492,-0.04999465246894913,0.17578905740730449,0.98315753672560524,15.732907433233581,19.041055192211612,-0.81152990725882224,,0.2249626349957386,0.375,False,2
0.81827839644269784,-0.43695690658136754,-0.37348243292825473,0.57105461198346896,0.69221336812333556,0.44129047477116101,0.065704612072335467,-0.574377327879669,0.81594950160548174,1.5690818331392806,-27.799324492085848,4.0028423995363589,,0.3192567540505549,0.3103448275862069,False,2
-0.90569746009322671,0.38582697245996944,-0.17564070742015483,-0.39315783056060361,-0.91943946627069206,0.0076149939425539381,-0.15855292822763734,0.075951400159834051,0.98442488477496481,20.637567320257673,0.73008644634871311,3.4195691125382579,,0.1371067160171807,0.3529411764705883,False,2
-0.86856156339390767,0.46739563176624976,-0.16474869954132842,-0.47906612822745043,-0.87697003540326435,0.037672294726456307,-0.12687180687564423,0.11164622882401862,0.98561588066015038,20.728209184660717,5.1745303704759937,2.6776837426524902,,0.7105039449438785,0.6363636363636364,False,3
-0.59195288245670108,0.80595781247709053,0.0048774438332100656,-0.80586366679965737,-0.59196153873582102,0.012856406563667239,0.013248980466973898,0.003679832151358059,0.99990545720679191,-13.592175127142934,21.775759168926363,-8.230219997954757,,0.6944407180031172,0.40625,False,1
-0.96563666125850955,0.015989149674775806,-0.25940351872362127,-0.037564470860087074,-0.99621163629507825,0.078430136040205392,-0.25716677266419974,0.0854793706280121,0.96257910232589139,-8.2068968034623868,-19.90935338103904,0.43397420447761098,,0.74084359257119,0.382716049382716,False,1
0.92162682709050214,0.3415058303284001,-0.18433057109118872,-0.23930187674911582,0.87403796222422614,0.42283832888619916,0.3055136713331249,-0.34558849581928008,0.88725981999971282,-6.9049417232089363,-25.332534576202491,1.5469785230301636,,0.4046372639134983,0.4210526315789473,False,1
-0.88976107963024365,0.40318266929026381,-0.21393680459238953,-0.43172184743474379,-0.89554202742600031,0.10779945993028912,-0.1481265257229657,0.18827695636404326,0.97088120801647859,30.650211867455486,-4.8402992182203404,6.7503306221262882,,0.1437032082908636,0.1666666666666667,False,3
-0.94528832529637685,-0.12870334888407001,-0.29977563283962388,0.14613234068349268,-0.98859641964995548,-0.036365616475639684,-0.29167674069890315,-0.078182907603357249,0.95331637555113358,-6.4518787726196312,15.000341107035034,-5.110393609710103,,0.2501206292629914,0.2,False,1
