axis_00,axis_01,axis_02,axis_10,axis_11,axis_12,axis_20,axis_21,axis_22,location_x,location_y,location_z,dbh,dbh_approximation,score,reconstructed,number_clusters
-0.85980950030732461,-0.47277289536282846,-0.19290778261002289,0.47419202861971216,-0.87943045108121431,0.041761246444674452,-0.18939256367341875,-0.055568616334570664,0.98032779502769918,-5.8275135121088386,-18.843332638168462,0.52720845135606631,0.5714693077093711,0.5511224042921051,0.5892857142857143,True,5
0.55111434510619872,-0.77990446079697873,-0.29668503610249802,0.83442858749876025,0.51451238777839647,0.19749920300446178,-0.0013823830838116946,-0.35640711952982607,0.93432973524632235,-7.9268102319691067,6.4608216602594348,-3.4124694568204608,,0.1315224073047395,0.2783018867924528,False,1
-0.24167765617323575,0.96068668940652036,-0.13664916869030921,-0.96822310619268737,-0.22940998990607303,0.099574460409688148,0.06431117431050673,0.15637180477450768,0.98560231915837548,12.80342452091995,-4.0992078323358143,1.4599287449388776,0.2753306683247702,0.2205936574417284,0.8356164383561644,True,2
0.68244144557889697,0.72019567731365663,-0.12486736857525639,-0.70419918763614531,0.69359484289303863,0.15175538884920706,0.1959009379476741,-0.015632667427681768,0.98049907813333337,24.663374271260061,-3.497490242462193,3.448662557506339,0.4859708303110103,0.4363865040342157,0.4545454545454545,True,5
-0.92577355288806806,-0.32713996809509921,-0.1895330315479106,0.3332088064665954,-0.94285304505327117,-0.00016348358291549958,-0.17864831391902602,-0.063305424005469443,0.9818743316867885,7.8822385606035485,18.311321991848281,-2.4858938554211401,0.1662252989413459,0.1120564472537589,0.2142857142857143,True,4
0.055055824307790963,0.98787879253559563,0.14513561750377887,-0.99146325106949373,0.036882026973217193,0.12506133641160511,0.11819254624763545,-0.15078198614145003,0.98147608970710043,10.019784218993626,-27.716906595575136,4.2508201324976369,,0.3895961234036852,0.2631578947368421,False,2
0.97933240389008791,-0.089123253305375988,-0.18156290483225884,0.11695963111084934,0.98191413687821116,0.14887938906756659,0.16501056748364984,-0.16703794035782282,0.97204415491259477,-2.5023074546302668,-8.3392236962430069,-0.47232453474436226,0.3582239688896135,0.1575899248859969,0.3076923076923077,True,6
0.94641650983834702,-0.25375447727028877,-0.19976099511837575,0.30710384583155259,0.89852524075512652,0.31359148521828695,0.099915052824242373,-0.35813552880330612,0.92830809822380889,-5.5579901516118912,15.105062706560446,-4.3464318884574871,,0.3825380401416083,0.2592592592592592,False,3
0.19771038716265996,0.97486501147993221,-0.10270741063927227,-0.97112043557957872,0.20906344150237238,0.11496772167401827,0.13355037404560699,0.077010952593881632,0.98804534854067438,-1.3043710839178768,-14.172664320968257,0.57821304289257924,,0.08690873680466991,0.3181818181818182,False,5
-0.22467534139972836,-0.91172481066410482,-0.34391693849884597,0.96407246421334414,-0.25931326620117551,0.057627369519089471,-0.14172252718790673,-0.31861340146262163,0.93723008151461529,1.4011641734708324,-10.377011756153568,0.48232265029334354,0.810002218568084,0.3784010071934598,0.1818181818181818,True,6
0.47786435354521278,-0.8514001595940055,-0.21624853260569829,0.87689481525794877,0.44778194668590671,0.17477646064589875,-0.051972517589043268,-0.27314665743054911,0.96056741614005148,7.8026311563454396,-4.9732082202802985,0.77655368656432333,0.5024937840052057,0.3407521996153693,0.3333333333333333,True,9
-0.078961075330188882,0.9947142959546118,-0.065640064032734272,-0.99298450404412142,-0.072668347928729671,0.09327961158559489,0.088016608154089807,0.072545024866149915,0.99347385272900846,-11.999678351783714,-3.6828478457716884,-2.5921882212166234,,0.09121995096713054,0.1590909090909091,False,3
-0.15318056743840411,0.98810143415586615,-0.013830024525261886,-0.98496201890836821,-0.15153226608155501,0.082992732477853076,0.079909543029604332,0.026334922732175359,0.99645418197601554,-17.910715159504427,18.530953500787241,-6.3938604788674072,,0.2848491016223081,0.3181818181818182,False,1
0.82450581587758598,0.56084032083810864,-0.075155133598742596,-0.53630134390662609,0.81688319593563707,0.21232690060830187,0.18047445278483182,-0.13475896526831926,0.97430436372410278,-16.879010909862281,11.991062932647456,-5.4489055936771065,0.519212123888102,0.2501569858991645,0.2068965517241379,True,7
0.98017912889947312,0.093830190910753869,-0.17448429884526173,-0.068549004033873581,0.98695650580988703,0.14566361826311663,0.18587605901738699,-0.13081571355609553,0.97382613426164288,-18.104202445415886,-0.7613174066228201,-3.9304118109531383,0.139225796732128,0.1715711015472477,0.7777777777777778,True,2
-0.92331009011966259,-0.32629948889383664,-0.20255152685389019,0.34241199787076293,-0.93825151098010695,-0.049377382045820914,-0.17393246159752312,-0.11494670804841386,0.97802594705429935,10.824266048103997,13.465021152722807,-1.4487013466303142,,0.1925630103685251,0.4117647058823529,False,5
0.81955840335912133,-0.53893484134814151,-0.19461053482404489,0.56906876925264571,0.80525304947829013,0.16651805357736182,0.066968345841346311,-0.24721804765624975,0.96664289040384777,-11.235929861300702,-3.4041988248075952,-2.5360064021891287,,0.1060731830589062,0.4460431654676259,False,4
-0.7501665047603614,0.64777123166179751,-0.13282562466248665,-0.65922735678766853,-0.74832490992880996,0.073682570820932061,-0.051667273959110457,0.14283648207441849,0.98839679895790711,-13.623951391705388,-2.4670956536402917,-3.0228994892126817,0.2231282039896349,0.2169331931054482,0.7663551401869159,True,3
-0.97246506755084094,-0.13457901504467826,-0.19026345183177751,0.16269105307652279,-0.97658327266337197,-0.14077191766453467,-0.16686315843286348,-0.16784993376138918,0.97158791989922699,2.526941220962108,14.975367050340292,-3.0393750292929202,,0.3044618314626508,0.2972972972972973,False,3
0.053413589765332607,-0.93687902941494783,-0.34554981214129732,0.99322581644196117,0.014083814493552484,0.11534350316559051,-0.10319624984261849,-0.3493699048455895,0.93128470598770352,-16.112180302323253,10.535509856021724,-5.1188913281561623,,0.2279571886985983,0.247191011235955,False,5
-0.46151651736418686,-0.84308301291188981,-0.27606799441341123,0.86925861181867392,-0.49191559645307492,0.04907659060375158,-0.1771777920031315,-0.21732482441181575,0.9598843423638439,-21.235431623122707,-4.1404536097888798,-4.0033815439036164,0.3580026682453042,0.3574283567374179,0.5681818181818182,True,2
0.41516342627933739,0.90544371264733525,0.088379933850456338,-0.8955999422579094,0.38970859591605378,0.21454126338951096,0.1598126181114336,-0.16822274964031353,0.9727080926957592,-9.8640792896475631,-0.49885748043095657,-2.6825281580972398,,0.1191050988394651,0.4181818181818182,False,3
-0.58118210230758915,0.81220721373365068,-0.050465888641249929,-0.81371323920997407,-0.58077538459527234,0.02388968360244359,-0.0099059725288449252,0.054949018255412596,0.99844002178449576,-17.314234680491058,16.973239286248916,-6.142187970110073,0.3906078266849158,0.2183241180986418,0.3529411764705883,True,5
0.44982510307569812,-0.84798674383059169,-0.28031385789954744,0.89244896420340725,0.4146416889048502,0.17778390285511875,-0.034528581424703816,-0.33013747456131604,0.94330113164093765,-8.6858325763626905,-14.874326992238647,-0.54963591735370565,,0.2210162560788917,0.2666666666666667,False,4
-0.3885012611027579,-0.90374600573239794,-0.17974962376679482,0.90823145591390797,-0.40849347903419003,0.090822354489673296,-0.15550688926883879,-0.12796966323813339,0.97951078231975008,4.6740872829560995,2.9616196428017321,-0.87312871098582967,0.2387870335179101,0.215124569898167,0.7435897435897436,True,5
0.047580657899457125,0.99723531220606865,-0.057077255392317908,-0.9925382150055656,0.053624374390546237,0.10950944354158849,0.11226741623205132,0.051440825814595803,0.99234563973047818,5.5354519597737637,-5.6801250653245043,0.49757164918959795,,0.08285411905179445,0.3125,False,5
-0.59722980400177406,-0.70014188114373521,-0.39130283346854822,0.78238196314485786,-0.61596723643044893,-0.09199362689791947,-0.17662113394948156,-0.36108961479492496,0.91565237133404065,2.7769691156317529,-7.291058225303102,0.23930356807645889,,0.7323033555482088,0.2758620689655172,False,1
0.61970096883265913,-0.76366792350693502,-0.18105803443777962,0.78465552528884985,0.60781963022707752,0.12194672502490586,0.016923825263371661,-0.21763869076344644,0.97588266939280666,2.7417283102521899,-5.6211945249196598,-0.011595122757045244,0.1682782123047289,0.1238718283874275,0.5523809523809524,True,5
-0.39275534012146207,0.91713733514629781,-0.067840631533202841,-0.91953102469655534,-0.39048643157171498,0.044531352762889054,0.014350520080443796,0.079871492030244698,0.99670186481930734,-6.5551280119485815,-8.2416382102135675,-1.1587903791164786,,0.1224219214172236,0.1884057971014493,False,6
0.18341799168665279,0.97944751515179107,-0.083907123586842977,-0.9736292112486602,0.19277929356970719,0.121993044777469,0.13566134058363083,0.059318707283178479,0.98897790250202544,-12.882188416118058,-6.3649909855947024,-2.4248547833201415,0.405091493488949,0.3601455075507419,0.9554317548746518,True,5
0.28397318383887293,-0.93414228028414548,-0.2161884156145972,0.9574121350829139,0.2639843513110528,0.11693701663227996,-0.05216545270951934,-0.24018838949545174,0.96932363176350511,2.7898614603430931,-14.913863700286322,1.393574829761606,,0.08552961208119969,0.2,True,5
-0.40218716686023998,-0.86551127227364999,-0.29855605902440041,0.90040823575169116,-0.43298681839506892,0.042277938533494958,-0.16586287047877787,-0.25181869005966051,0.95345521946926093,3.7492316084005255,-3.827160592106075,-0.08511361867784116,,0.279578183421686,0.4,False,5
0.58503351390319036,0.80987749515356178,0.042827916758559598,-0.80198176145474587,0.56985700028229058,0.17913194445216263,0.12066914230253205,-0.13914539903662659,0.98289242342329086,-19.06826517494742,12.52567921956406,-5.8153765119392569,,0.4902813785207393,0.3478260869565217,False,4
-0.78721838614839346,0.6000952685217138,-0.14203126841569683,-0.61402370604186607,-0.78409312471404868,0.090403872675742403,-0.057114804810411035,0.15837815655579596,0.98572524498333558,6.2336682763721152,0.87004736938364591,-0.35083015803132733,0.3595344522595313,0.3075433809913851,0.9004149377593361,True,5
-0.47555860677824741,0.87162549074609175,-0.11879821295275374,-0.87963625713786564,-0.46976898181674159,0.074546353709281837,0.0091687865947209513,0.13995037550681186,0.99011606680625264,-18.491037445454467,-6.3381385539419197,-3.2924186447184285,,0.1708539912703251,0.25,False,3
0.11734641053293311,0.99214967242289642,-0.043230168241363803,-0.98336197932185576,0.12216502805537779,0.13444301225586766,0.13866880528525138,0.026734498898783154,0.98997789319226359,-10.941794571981779,14.651891505386535,-4.9922103642429576,,0.385487781869014,0.5342465753424658,False,2
-0.61026857781318844,0.78081314138552504,-0.13380247073031709,-0.79210083631966433,-0.60402806889125071,0.087899699050656172,-0.01218720786552642,0.15962747329697269,0.98710209286236827,-20.706998576905001,17.235061392475,-6.6413193624601634,,0.07406601735202083,0.2272727272727273,False,3
0.91941299542554844,-0.31849456602370663,-0.2307400165900792,0.37853300578793964,0.87583073673429079,0.29938818300095899,0.10673568930665508,-0.36260409816332589,0.92581086655071876,13.418584917012907,-3.4456150456751873,1.4928183783689137,,0.1123455314084642,0.2285714285714286,False,5
0.8997259933836298,0.41838129559538939,-0.12429894740408698,-0.38874030765124801,0.89765685603029166,0.20758887742127424,0.19842910582133255,-0.13845309789865745,0.97028688007475949,-20.901959999941838,-14.138289191635032,-2.6473650165891174,,0.261846988083326,0.7333333333333333,False,2
0.89291440370457664,0.42675546413525511,-0.14347000204782631,-0.4104825180819775,0.90255906785482864,0.1299662701707705,0.18495396726207164,-0.057156826921423237,0.98108364940523551,7.2902618325200663,-7.5302767473277754,1.070647049131221,,0.07346455668725042,0.25,False,5
-0.94608279427518072,-0.25474359015512649,-0.20008260706853767,0.26306405477228556,-0.96465057410739508,-0.015702641848950205,-0.18900965441804751,-0.067490541182816832,0.97965319240413851,0.69665174364447791,2.0966925163267534,-1.4263785944712264,0.2286300953914405,0.2074609116551801,0.1866666666666667,True,4
0.31454699724970292,0.93993396822138298,-0.13260588940465196,-0.93760395868411472,0.32945202413189034,0.1111763484526999,0.14818570504968165,0.089361620279646198,0.98491395443456076,-17.282322313695918,1.2408889816500357,-4.08723457851129,0.589690762190447,0.5201416750310188,0.997093023255814,True,2
-0.19667747444927969,-0.95324562421377912,-0.22943572294116832,0.9713324718727514,-0.22130519083931716,0.086817288561351402,-0.13353351687806506,-0.2057833628475757,0.96944417448624642,8.3229759299192789,6.3341851030810297,-0.83352412918044427,,0.09501390369842953,0.3846153846153846,False,1
-0.88312529546764595,-0.36681824463542029,-0.2924621136280236,0.4147515664786231,-0.90181324005955865,-0.12130135265860786,-0.21925065703142227,-0.22842341267013022,0.9485525256597126,5.1720744695654073,-9.1304359759924161,0.94650828933192899,,0.2427157251957839,0.5384615384615384,False,4
-0.40444192450323541,0.91249083926744956,0.061540214145743899,-0.91427870225532404,-0.4017198432284797,-0.052111631703540162,-0.022829461369884355,-0.077341035740869091,0.99674328685178004,-16.057342696221166,21.96299212835746,-6.5552275213213669,,0.4426676937627443,0.352112676056338,False,2
-0.72422727687085009,0.67800693666181266,-0.12570379976236873,-0.68856704203258434,-0.72085125121906979,0.079049998370639196,-0.0370172941032966,0.14380565863124367,0.98891336955413023,-1.6088508925120604,-16.377400621841439,0.84761179235096284,0.2501261383763556,0.2027960716858691,0.3333333333333333,True,5
-0.33804012872230915,0.93574086619269525,-0.10058778608931342,-0.93982678305207368,-0.33001147657116237,0.088419699102132931,0.04954280201396874,0.12442450188072236,0.99099145006419675,-17.528836078024838,-6.4170314776594246,-3.1721514579829044,0.4299205454349703,0.3960586866076825,0.9259259259259259,True,4
-0.15250904188759237,0.98667768567234093,-0.05664041612490367,-0.9796599527604537,-0.1433644617048361,0.14040302018642073,0.1304123042504598,0.076901077472010859,0.98847299163089419,-10.26664434697847,-9.723362663140124,-1.5971777911483953,0.2458569010098957,0.2322435705520542,0.225,True,5
-0.7811987681600342,0.61521645825095383,-0.10600563250317352,-0.62169063147136683,-0.78211470928187987,0.042395050013579211,-0.056826431930735111,0.099021669457110689,0.99346135587246098,-2.2866203902419797,3.8931960991318357,-2.2164767858006584,,0.07818964679946325,0.3703703703703703,False,5
0.87122462403866963,-0.4622969600491012,-0.16507324192017581,0.48394432660220138,0.86523375681942372,0.13102837406335402,0.082252922247290361,-0.19404140483284571,0.97753894551177622,6.2037773152965539,-9.6641889850616973,1.1984981595725299,,0.15016858181165,0.4782608695652174,True,5
-0.98775397084807204,0.0088271645484969182,-0.15576961911714185,-0.017941252421257037,-0.99820143281869078,0.057201494563246927,-0.15498452998742299,0.05929570544943525,0.98613579936022555,-3.5052411368315699,-14.642078173671491,0.26858253660503478,0.1818379767956277,0.153113373362581,0.5319148936170213,True,3
-0.9788643569544947,0.1418707115771406,-0.14729993849509271,-0.15266698571841528,-0.98615607343878731,0.064722409499686662,-0.13607851467338797,0.085842297362010073,0.98697200458163747,-14.711757362541888,-9.8454520150580915,-2.2706908019443652,,0.08887169935931129,0.2894736842105263,False,3
-0.74944601623401541,-0.58547553281800435,-0.30911012474915478,0.63711372745557293,-0.76473875007192194,-0.096232751317316706,-0.18004656908319597,-0.26905955587919289,0.94614490874889856,5.1962151875449072,5.7016495268329761,-1.3096787383437736,0.3160678981758924,0.2127281975577341,0.1612903225806452,True,4
-0.69057147342443581,-0.66408782474856565,-0.28652818554746706,0.69968047709149594,-0.71373450846268316,-0.032097996924259783,-0.18318916471620794,-0.22264413859397122,0.95753397719367006,-14.243269848452808,-5.4676845406924279,-2.7375888738773071,,0.08675657746016822,0.24,False,3
-0.75146733730101523,-0.61197859213886319,-0.24653406201467964,0.63377378591180289,-0.77342652654949617,-0.011924609872121308,-0.18337837729880574,-0.16520778066821504,0.96906076174094502,1.8933855338082748,20.17633642940088,-3.7218193033370373,0.2228163638379295,0.2045253005870323,0.6415094339622641,True,5
-0.98200038253752964,-0.062604268219654563,-0.17820200418858267,0.093030497943353205,-0.98140890017687277,-0.16787464700196256,-0.16437936351184063,-0.18143118875844727,0.96956802164527889,12.744537331828299,-6.7158166224397213,1.8853468854694004,,0.4956832969506595,0.5625,False,1
-0.048011210290217592,0.99670932307918003,0.065310404787528503,-0.9912138380293638,-0.05561033268220486,0.12001090866280489,0.12324792487326548,-0.058974708019767424,0.99062199290567776,-6.996180299025637,30.995779941507067,-6.2569482882588856,,0.3332938309947707,0.28,False,4
-0.64167947936643477,0.76111656155716823,-0.094599289021718796,-0.76676255858849263,-0.63949371148474388,0.05588355498977908,-0.017961751218905378,0.10839452336193232,0.99394567396728983,-13.469695747687279,-4.4228781897218257,-2.7471031082807529,,0.06696653442099852,0.1428571428571428,False,3
-0.96964799055976425,-0.17873413484622855,-0.16684388944214215,0.19686425688808215,-0.9753986554917784,-0.099206487815739777,-0.14500771966800519,-0.12904096987236841,0.98097970892933561,-10.795170329991132,-24.086370944652252,0.42622307530737441,,0.346106396718124,0.3333333333333333,False,4
-0.84105809277171373,0.53613678389362718,-0.071962723262862113,-0.53486228461046437,-0.84410306559008708,-0.037581260791691273,-0.080892651609917987,0.0068821230457488253,0.99669905954500682,-16.027554890187027,-14.410962657308504,-1.9102756399392786,,0.1721944382633395,0.21875,False,2
-0.83967520316318478,-0.50320640460838884,-0.20427644884803542,0.50895717707250798,-0.86035844676870221,0.027311810268289591,-0.18949444609077437,-0.081034914912312239,0.97853216475796323,6.8945180060101805,5.246136152140747,-0.96832881220167777,0.2108643023773333,0.1310268881617351,0.5555555555555556,True,2
0.54869539377299981,0.83569353381354206,-0.023445306449831255,-0.82211129808528871,0.54444772296891908,0.16646227955449913,0.15187619435847624,-0.072062434709028844,0.98576905362817779,21.341931737459486,-4.4842492658823261,3.0160709111414188,,0.1781523094277179,0.1052631578947368,False,3
-0.029880489961558641,-0.97935296039312947,-0.19993732840285647,0.99342547442398632,-0.051212424312973043,0.10238708102815791,-0.1105123662091069,-0.19556345917681678,0.97444443163767047,-1.0799552016403899,-10.862735594593858,0.11332492573216424,0.4724811247898958,0.4789159071811558,0.7063953488372093,True,5
0.37535331181765996,0.9205730500877175,-0.10795902352148465,-0.91403822408426294,0.38695554676970556,0.12165331782177551,0.15376610881596187,0.053015698395439181,0.98668400184823224,6.6382004500092124,-6.0442866793368868,0.74047767023902222,,0.07315928683948884,0.3333333333333333,False,5
-0.65595734301577202,0.75476048842623411,-0.0075212535046999263,-0.75470840935458972,-0.65569346159975217,0.02193857937060216,0.011626736135067414,0.020067125502365474,0.99973102856764362,9.4212795586436577,20.414323627006361,-2.4084503969276154,,0.321683507658538,0.7419354838709677,False,4
0.97800729138600462,0.16732287421067971,-0.12451824670179387,-0.12736700714382093,0.95188700021053985,0.2787270785578726,0.16516471622909562,-0.2567375987191155,0.95226384049637514,-21.880151930628902,16.742604736348198,-6.7867254916061581,0.1627732493157102,0.1324807324168583,0.2941176470588235,True,5
0.93836356908970364,-0.26047740566786659,-0.22721208889883138,0.31706076605702604,0.91042134278025566,0.2657168591518575,0.13764549695709108,-0.3213790592847236,0.93689338636832176,6.4132529884879439,3.7299040299327708,-0.82590918220668741,0.6167155431655817,0.4311545528562687,0.1,True,2
-0.97666848352786506,-0.13829759372395758,-0.16429378823785462,0.13439157419054226,-0.99032015940860807,0.034711477287753076,-0.16750396434105627,0.011821905052628832,0.98580051962400483,6.7494214172045712,12.140730590335069,-1.8642655739940561,0.1884366644237707,0.09284264093636307,0.25,True,4
0.85340311060051055,-0.47425250245103712,-0.2163046341073227,0.51508850262937411,0.83089866402389323,0.21045485164837402,0.079918491454748358,-0.29101885513182685,0.95337351582753704,-21.117122511502153,13.704817092575547,-6.2977023980226505,,0.3779868886964178,0.3888888888888889,False,1
-0.39868443920419444,-0.8984238245682038,-0.18407973648579165,0.90379662918367876,-0.41895955398378404,0.087318641777850731,-0.15557111239769736,-0.131558061607604,0.97902507905231562,-12.650842280950332,-10.195773665350202,-1.8788544064127433,0.2856552656236743,0.1205527280789707,0.5,True,4
-0.11943161042504725,0.98706541817672511,-0.10694835515746116,-0.9887954528115307,-0.10853661235700864,0.10248588330743008,0.089552459098114462,0.11799010135461008,0.98896849952453447,-15.294250261666612,-4.0202008088479628,-3.1081555352412349,0.7288114671253562,0.6701196876642733,0.7676767676767676,True,2
0.27800063622104298,0.95288009909003502,-0.12138847976171038,-0.95050183421345913,0.29113662999402629,0.10856208284926226,0.13878728118074812,0.085199644564312629,0.98665045033617105,-17.319134087605988,-4.6654602859074963,-3.3153404321555366,,0.08240257708541429,0.2692307692307692,False,2
0.92080483641592559,0.38527598434945415,-0.060670166610937243,-0.35784045422540606,0.89641540186583846,0.26151412317016759,0.15514078300948148,-0.21909322942817155,0.96329097071753922,-14.620423595906249,-14.972614486731036,-1.6237121191229242,,0.1448973841423404,0.3125,False,5
-0.020471493268062781,-0.8931482909498365,-0.44929616995558996,0.99516113888430058,-0.061398734654161617,0.07671051451639592,-0.096100081258435985,-0.44555170940784705,0.89008339419734606,-6.2600380838531677,-9.4720612481065665,-0.91613012992939147,,0.273918858904218,0.2307692307692308,False,2
-0.9195386115195735,-0.32281739952648547,-0.22413761060476428,0.34341580650399023,-0.93733643391870269,-0.058872688844521168,-0.19108722031540826,-0.13110810887022731,0.97277764058422089,3.7817108700338609,1.1822582754019269,-0.77503121365966809,0.6483269533021785,0.6870957358261981,0.9328358208955224,True,5
0.94262194563112633,-0.2679852031979289,-0.19911754940626203,0.30889722073691944,0.92633793612822146,0.21559344867299279,0.12667428561313165,-0.26472997366500128,0.95596635213156489,-30.464696838874378,-12.655067470403241,-4.2404946578224685,,0.4166804925119718,0.7407407407407407,False,3
0.48744409689048196,0.87259362422668452,-0.031282892538282314,-0.85716996381600485,0.48503750956815456,0.17320007922512987,0.16630666113626164,-0.057610600334153939,0.98438971611392156,3.9995606141266316,-5.4652359814139366,0.21046776257078142,,0.09788203957676193,0.1041666666666667,False,5
0.057673468511672904,-0.89568585789893596,-0.44093153095427384,0.99372200583910164,0.0090927791395856855,0.11150738306780655,-0.095866293038506994,-0.44459438292376741,0.89058715942443789,-2.2923709719765553,22.578027793258258,-4.6397354778445434,,0.7396914054452027,0.4,False,1
-0.56144487470365445,0.82677376670335911,-0.034997019303639063,-0.82746742546797425,-0.56046151475537109,0.034359136594496784,0.0087927503320667788,0.048249654602458142,0.99879660510653678,-7.8747105355644402,-7.9048366272508881,-1.4372244152879279,,0.1575561662571926,0.4666666666666667,False,3
0.048109049707179788,0.98931929487764325,-0.13759670097452834,-0.99276061721147579,0.062538458395957161,0.10254412774676788,0.11005396971559192,0.13166728524678706,0.98516589960553325,-2.3995616601589225,-2.9566318720433049,-1.1912240104693745,0.2830194060136363,0.2189849968780312,0.8,True,5
0.96864516826718938,-0.16614739521301661,-0.18472027787051054,0.20900488892010019,0.94691122746240342,0.24428688813184701,0.13432607490776136,-0.27523475501755706,0.95194660314027091,-27.770489678208008,25.573425401184483,-8.7470518066398757,,0.3790060133318305,0.6521739130434783,False,4
-0.21645419977448974,-0.92204885935579128,-0.32089481198777731,0.96750749728876362,-0.2465834766964041,0.055909137986093212,-0.13067831530142773,-0.29836636871638134,0.94546321341921191,0.64553643871124711,-6.8085279011081035,-0.20571231057673778,,0.07800721031044017,0.2,False,5
0.9415662023150223,0.32942326261379651,-0.070238171295579813,-0.28623574395387974,0.89246808751890394,0.34866862727168041,0.1775448831739021,-0.30818992003183793,0.93461050050250005,-10.15083893874985,12.144207471782117,-4.5263596813196028,,0.3154311382524493,0.6507462686567164,False,5
0.91897216360790357,-0.35285491225790905,-0.17602151405232186,0.3805297278657172,0.91059793070465223,0.16127161810699575,0.10337934379870911,-0.21518554666117501,0.97108593429411771,-10.71361759815394,-0.57064278321460149,-2.8343610711050204,,0.07129833981973872,0.2666666666666667,False,3
-0.62297516066339875,-0.7092464933740954,-0.32995660446937902,0.75289383286171163,-0.65810587512466379,-0.0068944590216859641,-0.21225650905264101,-0.25271736933370859,0.94397092412946526,-0.3402104392653349,-5.7496036435184212,-0.49372240502135839,0.7323938510481282,0.383393945905807,0.6890243902439024,True,5
0.57650407721985319,-0.7747756000802356,-0.25954926019774321,0.81709398766126629,0.54638089290986558,0.18391665283716929,-0.00068137852572820734,-0.31810484023876207,0.94805529708977199,12.286912315323443,8.7096353381461302,-0.60497939685950297,0.4521874625839685,0.3856042497100102,0.4444444444444444,True,5
0.89135014786467703,0.44279595984966397,-0.097090946243370474,-0.41394149474290354,0.88235007242627883,0.22385439155699194,0.18479002362581465,-0.15934267360049839,0.96977448901186081,14.666282906536134,23.414975064320338,-1.8803076688317018,,0.3966329446458535,0.5,False,3
0.86267634065495014,-0.46615258880308358,-0.19619198563236045,0.49888446619142085,0.84804974569414848,0.1786782533521955,0.083089233159814146,-0.25201863577972511,0.96414873673756407,4.0437050004046142,4.0421627269874678,-1.2419988844368215,,0.1890760343486174,0.1923076923076923,False,1
0.97971116986461582,0.13467003042324363,-0.14842508732795309,-0.10301087721155949,0.97364697054623095,0.20347072497598623,0.17191504535267668,-0.18405314355357,0.96776529051699201,-6.9554332397694871,-10.346721257725836,-0.90767728574016948,0.3197229977475822,0.2313368235234898,0.3333333333333333,True,5
-0.52695483222984696,-0.82890322868841138,-0.187717985977744,0.8346381791178098,-0.54637601684441162,0.069658870046402324,-0.16030506775682424,-0.11996951982550416,0.97974976374802836,-7.3116496759837286,14.760189772114456,-4.4892162307307109,,0.07539969019633598,0.28,False,3
-0.90419645341823718,0.40172839169663604,-0.14506230706394632,-0.41582877547886088,-0.90553946919960371,0.084170655251399662,-0.097545902577359109,0.13642788947474405,0.98583580167481966,9.8638892796374016,-3.874529276397126,0.95115720816778992,0.1896740947015496,0.2210218760867822,0.7692307692307693,True,5
0.78592792763581287,0.60080846199287719,-0.14610436187818412,-0.5896494970727828,0.79938033310532819,0.11534536681735424,0.18609342590186298,-0.0045027816035447116,0.98252173604146786,-0.40309069673735098,2.0285222786398598,-1.5518363968261528,,0.1419341413737059,0.6744186046511628,True,5
0.94633923339945192,-0.30636122316275938,-0.10288273067505464,0.32308757396582599,0.90426449377368512,0.27914180061233751,0.0075149769004818623,-0.29740296945800498,0.95472247217699158,-8.5059501840800866,-14.038306735806849,-0.64860139224003521,,0.227289442993166,0.3529411764705883,False,4
0.24908361640807594,-0.95108901382097188,-0.18272120792651486,0.96653006475019798,0.23214499910474981,0.1092169095178611,-0.061457188115397271,-0.20380968372407141,0.97707964201964692,6.5521414765268755,6.1116660515875258,-1.1615483333250514,0.3568674293564247,0.2203169845804314,0.6410256410256411,True,5
-0.89478141735761774,0.43818338082767161,-0.08579941676914922,-0.43741400347091497,-0.89880604424579724,-0.028577690507980688,-0.089639303427909336,0.01195907996692476,0.99590249306209966,-11.128075978066676,11.479106813446418,-4.5648581890982065,0.4940740566910414,0.374108495860904,0.4288888888888889,True,5
0.97980900464464915,-0.10189725089066551,-0.17202111695424979,0.14678110829784385,0.95079696438917305,0.27283775170454538,0.1357557389730524,-0.29257833612429229,0.94655601871554418,-1.2617503734373392,7.3014460035690707,-2.628841333760755,,0.2885495130618346,0.3181818181818182,False,4
0.85545788888191665,0.50397788069668381,-0.11915576409966129,-0.47295812452571689,0.85403032504681942,0.21666290948277434,0.21095594989194189,-0.12899030843014331,0.96894741216243796,-12.240868727810717,-16.286282930003498,-0.98740328257692811,,0.3383535198106998,0.25,False,2
0.48186350457183397,0.87562305340392643,-0.03304287077925791,-0.85957276453817744,0.47967957900874802,0.17618786549074605,0.17012414709836224,-0.056495750544397261,0.98380181172047054,9.7844908647709801,-8.3807045095290338,1.6081844753807109,,0.1802203204796528,0.2,False,5
-0.62351405555083184,-0.75411777259509261,-0.20624404860934109,0.7629304431676277,-0.64452883459910582,0.050196815221357112,-0.17078454677927707,-0.12605144357180614,0.97721219402689707,-11.495987021614795,22.93508208919501,-6.0151288615720917,,0.1941873607820225,0.4166666666666667,False,2
0.98752277412793443,0.031633578302992925,-0.15426628699238087,-0.0062804136214754157,0.98674821477422803,0.1621373400688918,0.15735096753248895,-0.15914545976439506,0.97463500637570355,-5.958668895747925,-11.324065439043517,-0.63157431658740015,,0.08689530984520644,0.4230769230769231,False,5
0.56649206779348149,0.81874160313198741,-0.093535685318117651,-0.80445369462275029,0.57405171681935352,0.15270520496879053,0.1787204250634864,-0.011261159692366823,0.98383545166227393,-9.1227136278430798,-9.5265983322461274,-1.4347973367251636,0.5513534927278121,0.3142910979233728,0.7142857142857143,True,7
0.4747640176523108,0.87037306954738047,-0.13057506404098279,-0.86431668973947851,0.48906573105113271,0.1173514829442332,0.16599935957836109,0.057143945594361895,0.98446878167948138,-3.8613460906536399,-4.2178984033542912,-1.2617388574920019,,0.06640074420696825,0.1443298969072165,False,1
-0.91049101808689648,-0.38067343933539044,-0.16153587393409977,0.37286060387826947,-0.92465272064770099,0.077410052798965942,-0.17883253635348573,0.01025079428001844,0.98382612547035453,-7.4418100086657049,-11.930893147862244,-0.79067646186218343,0.1543007095250361,0.09920393068580045,0.4137931034482759,True,5
-0.87365647012150294,0.46904894265723679,-0.12929602316762553,-0.48077075773848504,-0.87306423504806052,0.081353057616213031,-0.074725167904781342,0.13323637218144402,0.9882632333591741,9.4203577099100624,-5.4979232222952792,1.1354090498855869,,0.1494105114683191,0.723404255319149,False,5
0.015132493833280225,0.99934970630347464,-0.032728766269848747,-0.99391245388830585,0.018606497152615992,0.10859020337690509,0.10912855554855316,0.030886287813046545,0.99354768158806428,-8.5599596596003202,14.695179337280717,-4.6594301787409416,,0.1193774351864623,0.2826086956521739,False,3
0.94043607120345885,-0.27824966423571418,-0.19533847632280293,0.32073066555807522,0.9166924387912444,0.23834179833515051,0.1127467788900241,-0.28679626394998914,0.9513338356403872,2.73117360358731,-9.0108616493460456,0.48691872780123985,,0.1159364060334912,0.2105263157894737,False,5
-0.98735832155361325,0.032777448473681754,-0.15507799241151968,-0.043380012656027027,-0.99691010136503511,0.065486061862958023,-0.1524523511159967,0.07138549339964928,0.98572937055324383,-4.7100734115739762,21.686493883696979,-4.9321529780061395,,0.1335056695953268,0.8148148148148148,True,5
-0.88198660352667946,-0.435693139062719,-0.17964164264764948,0.43477760193886184,-0.89933309739588085,0.046566262257384618,-0.18184627588093227,-0.037033343111379777,0.98262936219422548,-1.8163652247921749,25.111640989276758,-4.8766899556343857,,0.1762436304924771,0.25,False,3
0.10775267642646759,-0.94953429254481203,-0.29457424871219823,0.99311599568910269,0.089114071003932122,0.076021716999470121,-0.045934516753464917,-0.30073794178741259,0.95259997403952112,-21.682770013217674,-6.0343292774810493,-3.8458549061384577,,0.189058768742555,0.15,False,2
-0.08798143399915577,0.99535307280147933,-0.039134738227134341,-0.98459590314687695,-0.080937000819326463,0.15498422308337903,0.15109657434183749,0.052167637123282637,0.9871415110606665,13.105920088037788,-5.7550251937846557,1.7828797597773758,,0.2247544733461127,0.25,False,2
0.96482656377559717,-0.19143242972933669,-0.18017582157686141,0.22986239246242746,0.94689472795175267,0.22484139900967093,0.1275656002393411,-0.25834859981253949,0.95759230291939879,5.9118890059819682,6.6606045201227735,-1.3251863554026679,,0.07816298217089235,0.3333333333333333,False,2
-0.22286383589304762,0.97298186690226585,-0.060315813269990456,-0.9725900610874656,-0.21771114494333468,0.081672703159283336,0.06633463442967602,0.076864452426632229,0.99483243424620882,1.6985097344726803,-8.3984602332666594,0.23525174766538051,0.2336759785440825,0.1195041668756904,0.3428571428571429,True,6
-0.98283390756600919,-0.095262896026960767,-0.15799522391226542,0.09529413933947628,-0.99542168689637733,0.0073954218216321921,-0.15797638160838767,-0.0077875475554134467,0.98741218189619007,-9.377003415780635,8.2482991867438269,-3.8757153960747663,,0.1149681196550164,0.237410071942446,False,3
0.70108190964983008,-0.68039785912308126,-0.21340784723734124,0.71239130361627578,0.68145936070230351,0.16766565015861729,0.031349425730810718,-0.26957724869123612,0.96246834778833767,-18.94157677958723,19.821272490050056,-6.7112504167297447,,0.1935954980779326,0.36,False,4
-0.74713862281088894,-0.63346872881795357,-0.20124921841839433,0.63844364699509248,-0.76818433925213037,0.04777583635451918,-0.18486099619945376,-0.092791112384397759,0.97837427477760863,-9.5236473839795526,22.888849127335519,-5.7620688291974709,0.613493666999391,0.2278481259917133,0.3478260869565217,True,5
0.77838302949697546,0.627058449580847,0.030291256170291325,-0.60840295630104158,0.74156897291508383,0.28270355705901545,0.15480859845390621,-0.23848094099724509,0.95872891821713879,-15.69600639958373,-16.223260339892278,-1.5998609066268574,0.6539984371061709,0.4010071577842409,0.2692307692307692,True,3
-0.98566066032401123,0.094862572833942241,-0.1395498296844481,-0.084182861517459989,-0.99318926953768827,-0.080550112985175976,-0.14624058436824441,-0.067647373567031266,0.98693339407131031,6.0000173437149984,10.095220678583029,-1.7807831759933761,,0.5595139831847834,0.2105263157894737,False,1
0.6194601051394687,0.78200697841702915,0.068805987004524422,-0.76260361012008138,0.57864977137219331,0.2891369501165969,0.18629254406018905,-0.23158049960645816,0.9548117930930714,11.475505887155057,2.4709530383080782,0.28106272784053282,,0.684110616688539,0.2195121951219512,False,4
-0.84347463407764056,0.53286490093519312,-0.067864121735391456,-0.53217922770702453,-0.84612376870352135,-0.029322988116888715,-0.073046637600533787,0.011382679222200404,0.9972635676434688,1.9181539938758432,18.417155845508933,-3.5090161751856974,0.6590708669983358,0.5985282984083822,0.676829268292683,True,5
-0.31232860899286363,0.94181657341302849,-0.12422713893962586,-0.94855675965742037,-0.30204387454223519,0.094918762948795712,0.051874017704417075,0.14748233757320434,0.98770342025890845,-15.281158834837823,2.0010739428064799,-3.8779118813425555,,0.08883197914326284,0.3950617283950617,False,2
0.24090982534737979,0.96202089438491556,-0.12836765487435958,-0.96048957297529358,0.25531073501295065,0.11079805410243224,0.13936368342159161,0.096603454151467011,0.98551790262235828,2.5898586806552046,7.0024878749639257,-1.9414710524983056,0.2230016176832273,0.2047675381518604,0.6391752577319587,True,2
0.37266250252495958,-0.891828612931159,-0.25644567527864315,0.9272820315162762,0.34726960237398502,0.13982795605336587,-0.035646784411529853,-0.289906102771741,0.9563910070346846,17.244035381184641,-7.7686439072596851,2.8240270321209175,,0.149106578616767,0.3902439024390244,False,5
-0.048530035996394244,-0.93877149070006671,-0.3411054438952299,0.99066396449923877,-0.088797885812332861,0.10344005470759006,-0.12739601661291455,-0.33290092178309294,0.93431645133066543,4.789849803123392,-7.8183355692965488,0.703394778490391,0.5753404856780915,0.3238957422377295,0.3168316831683168,True,5
-0.98982156893764883,0.026318760910147329,-0.13985915947826827,-0.035027472288854174,-0.99757306239144306,0.060175255512654624,-0.13793599186168456,0.064461678655727106,0.98834121341468961,-6.4502027394865529,-15.470231672494846,-0.083657315793106701,,0.1065505810129449,0.2222222222222222,False,5
0.29218943848190077,0.95248086721667402,-0.086055386965622982,-0.94405931734893034,0.30164685322463863,0.13327108188329451,0.15289649232831354,0.042300987291608874,0.98733646195603042,3.8387200841778397,-17.560464534668792,1.9451595918319737,,0.08283960531217664,0.2631578947368421,False,3
-0.77296618311795529,-0.56230299248873961,-0.29383434856100576,0.60690714340099383,-0.79030463965270026,-0.084156377252489117,-0.18489726619100555,-0.24338019882814294,0.95214446370992889,-5.1726413575208667,-11.721725033157199,-0.4196183532872591,0.4552443102819889,0.2312982662175429,0.2857142857142857,True,4
-0.27532920335292638,-0.94127831801113881,-0.19541995246945471,0.95022025479253136,-0.29730179045244903,0.093236863824265631,-0.14586054011643973,-0.1600211655872093,0.97627758829190125,4.7610178916374499,-6.670271034771968,0.51845410855359675,,0.0715815837948026,0.25,False,5
0.59801774572131849,-0.76809765890092607,-0.22891212766760319,0.8014267362747487,0.57644755766420941,0.15944716882708226,0.0094848398192449723,-0.27880853583397402,0.96029986887415475,2.9274871938420604,24.055125781136589,-3.9100448573860578,,0.1523228591189618,0.375,False,1
-0.30343186941604711,-0.91694960146107696,-0.2590994577436565,0.94165101977867138,-0.33013879670753699,0.065587589209311237,-0.14567929699333676,-0.22407990380414172,0.96362115955320093,1.9225102528288984,13.130744374815915,-2.9186858224590315,,0.08034893057321559,0.2857142857142857,False,5
0.46612519784498113,-0.84526114560129728,-0.26126786191715262,0.88449164701710736,0.43853107187416818,0.15926401149618941,-0.020045605277526107,-0.30532621036798713,0.95203680547097636,-19.758736499415409,22.817897076416578,-7.1541729334110009,,0.1642400905216283,0.2105263157894737,False,1
-0.051910382688903106,-0.97831170370884191,-0.20052810914033109,0.99224290111765434,-0.073239051764818097,0.10044932293556075,-0.11295723682311778,-0.19375822997461342,0.97452471029029963,-19.377151515350612,0.78900035185724171,-4.3326462084550394,,0.09860328171414033,0.6153846153846154,False,1
-0.55602558154306025,0.82525556159390789,-0.098938418867620809,-0.83116491112754465,-0.55216738250592556,0.06539168301011436,-0.00066571768932636999,0.11859359069898415,0.99294265547667926,-23.237357666574741,17.3717355474854,-7.0527553810026813,,0.1394204909219309,0.2352941176470588,False,5
0.49359686627844673,0.86135313788768919,-0.12013702781045463,-0.85459772180560523,0.50600441171541322,0.11671447729056114,0.1613222473336135,0.045058930031363215,0.98587262125472486,5.100777363906511,13.271224302978291,-2.4111990775808758,,0.1400646451966895,0.4230769230769231,False,5
-0.98786895526629748,0.030749333590025619,-0.15221499829137319,-0.043662779177954615,-0.99565607935586553,0.082234623828182932,-0.14902512853720543,0.087883161785833039,0.98492033228022746,12.821235052202285,-4.0581580869278788,1.4571837130094378,0.255166041224029,0.2526185576576957,0.7317073170731707,True,4
-0.97119256395967835,0.21751435826023291,-0.097326808537348097,-0.21286762622443153,-0.97547805678248023,-0.055945817014790344,-0.10710918455016938,-0.033616434768068297,0.99367880016556775,16.01022570766477,18.969586267656435,-1.2682001725393079,,0.317401492001035,0.7931034482758621,False,5
