axis_00,axis_01,axis_02,axis_10,axis_11,axis_12,axis_20,axis_21,axis_22,location_x,location_y,location_z,dbh,dbh_approximation,score,reconstructed,number_clusters
-0.96626745165868211,0.2033468117249381,-0.15804203879455145,-0.20654217162525801,-0.97842997705938073,0.0038873296620623096,-0.15384259229926661,0.03639854602702812,0.98742473264637187,7.3593605434335299,8.4100753706053162,0.43798701360241493,0.4515149503241346,0.3914005765385291,0.8597122302158273,True,5
0.58869171877041571,0.80807553099285045,0.021354073657212647,-0.7963549177904613,0.57521291083699588,0.1869463883507215,0.13878366316711191,-0.12705921224788888,0.98213800019185915,-6.1985471782631345,7.5479140803310862,-2.0955840172553835,,0.1279610075518243,0.3108108108108108,False,5
-0.96667826038870375,-0.17615577457916276,-0.18574790436040825,0.19882197551921552,-0.97369431435440346,-0.11130680232826692,-0.16125434239890943,-0.1445286313376091,0.97627276505143357,1.283863800708033,1.532437641236257,-0.61893003946594483,0.50033263559326,0.4287904764249751,0.3297872340425532,True,5
0.97344422457922941,-0.12679715824377358,-0.19060121273131184,0.15173662604385751,0.98080358711333537,0.12247579280184798,0.17141277067409499,-0.14814453809343803,0.97399736030592654,-16.191840154951603,12.810403218288155,-3.9365132813973043,0.2736821717711198,0.1629811236881344,0.3333333333333333,True,4
0.14079442733318329,-0.94264860218938351,-0.30263929358614738,0.98980762229681785,0.12741739520461132,0.063605646309049815,-0.021396263109267594,-0.30851000014533281,0.95098043078461181,-17.612267064571903,7.3451956418344446,-4.0774078303229979,,0.5625878340324069,0.6129032258064516,False,1
-0.9749420799646018,0.16694678212430825,-0.14702623117197577,-0.15149453821553649,-0.98223460517902483,-0.11074558808217724,-0.16290287169094922,-0.085696862994771708,0.98291337465093953,6.6050985339737149,18.910865638269083,0.19102989249981189,,0.6689350315543167,0.6410256410256411,False,1
-0.82343750890349443,-0.53091306266933813,-0.20020486711833405,0.5422495108642259,-0.8402147980208523,-0.0021356859050469038,-0.16708122844387452,-0.11031959514900617,0.97975172877002059,-27.040482532700565,6.9100526441018832,-5.5729200192691719,,0.08107240518481555,0.3888888888888889,False,2
-0.98484537233196723,0.010673414282528718,-0.1731059525951171,0.018018780765697139,-0.98640631851588167,-0.16333370237542344,-0.17249613368428626,-0.16397759913933105,0.97126537611739994,-20.910629249539756,11.658062002663673,-4.6963979916416863,,0.2293379431521653,0.3333333333333333,False,1
-0.33276267965464829,-0.87414187721925274,-0.35375836035443731,0.93413526145234727,-0.35690465042746172,0.0032223926835877187,-0.12907483232766143,-0.32938586641635559,0.93533129888009925,-15.963557320079719,-0.39572895468891733,-3.5449238678511308,,0.2276896408462303,0.103448275862069,False,2
-0.74434850565614885,-0.60089111973326947,-0.29133342470982632,0.65008454827850359,-0.75181585856063737,-0.1102859687642363,-0.15275922956401855,-0.27148255384541681,0.9502430429845713,5.0978357499600468,14.572445402341824,0.026200780631656411,,0.3345526788352757,0.7654320987654321,False,5
0.98469462034113997,0.002812799789639827,-0.17426586822599957,0.036551486376631026,0.97430173951159849,0.22226135342954254,0.17041271523826207,-0.22522923554018567,0.95928686947289465,-1.1827050199933249,9.0802194409995565,-1.1281317361739553,,0.1074535262778018,0.25,False,5
-0.98410550158135923,-0.043665958929839384,-0.17213264010070262,0.045963789650782322,-0.99889902694892385,-0.0093842421873620158,-0.17153335476880019,-0.017146952826377376,0.9850290808958535,0.8059751351185509,-16.758751707598122,0.51010353669874098,0.8236944701021992,0.7606000227765074,0.9255813953488372,True,5
0.20773068923354227,0.97764708929861555,0.032467361095447317,-0.97733113139058481,0.20604738700145855,0.048665531176291403,0.040887899987122611,-0.041840687085847567,0.99828730160151158,15.840384738913322,-3.4008972410323097,2.268548491259827,0.6069973982194592,0.6797271617075171,0.4090909090909091,True,2
0.95214083769201696,-0.23871905561286083,-0.19089535794892257,0.27638294854220685,0.93911441757917113,0.20414841770155684,0.13053846542019434,-0.24713826733680333,0.96014706470597655,-8.4476377406266128,14.156200545638923,-2.4961218612623539,0.4987371709228745,0.3203131889425245,0.4235294117647059,True,5
-0.72189345605592081,0.68899614745387594,-0.064452671762736308,-0.68821646177846085,-0.72455297807820718,-0.037162934425809882,-0.072304493918251847,0.017529710542891486,0.99722854422018392,-16.707260388788473,-1.2217589358857184,-3.5750958779816582,0.3520271216606344,0.5579915764464377,0.6114649681528662,True,4
-0.17109649749197245,0.98165539387816947,-0.084134869203411553,-0.98344944697050207,-0.16499285414623013,0.074863498008670287,0.059608504421708147,0.095551272888311403,0.99363815368072017,12.354159967448345,20.491004892706769,1.2561952840170516,,0.203251598613105,0.6551724137931034,False,2
-0.60957151179997993,-0.7322352487561743,-0.30373362092608691,0.78626607759095524,-0.60729458671478487,-0.11392515164200662,-0.10103577203952338,-0.30826096967651206,0.94592121624502923,-11.021574682699061,-9.2904235561983501,-2.1064467617587943,0.5375943298076185,0.3986105430753822,0.2619047619047619,True,4
0.59476873754469284,0.8035481487837155,-0.02367533369896177,-0.79153523138879178,0.59051372739325325,0.15737063013923391,0.14043548807116113,-0.074859270276910334,0.98725577402404907,-0.014229077135866713,8.201771821949313,-0.90675082073050173,,0.0818695490395556,0.3166666666666667,False,5
0.90998187025743782,-0.3447846520698582,-0.23034005187947826,0.38863836989440326,0.90284528547436149,0.18393098690144072,0.14454484857162805,-0.25689284574270221,0.95556938657410928,-9.708288193783293,9.8082070412553595,-2.7142204767866813,0.4841118221775801,0.4898047531711642,0.4047244094488189,True,5
-0.95352183870045437,0.26163755908373426,-0.14947204018815818,-0.25811018158135318,-0.96516344106968699,-0.042879671017418422,-0.15548388111102016,-0.0023064473170985728,0.98783573685883008,-25.027225575833253,3.4805871853770722,-5.3239538803611675,,0.5691032577141256,0.25,False,3
-0.29873508208104699,-0.92485963711254005,-0.23535505597732864,0.94948162178742468,-0.31287843177112784,0.024325641211742039,-0.096135324527214128,-0.21619837782116016,0.97160499216788021,-13.548560720052533,-24.285319039804243,-1.5999989322037267,,0.5588144486110331,0.4482758620689655,False,1
0.028016812317166302,0.99187340738268148,-0.12410560807092264,-0.9979550469042906,0.034889859838920942,0.053557651541821398,0.057452437597019262,0.12235130325210773,0.9908225754425819,-21.021711564725198,2.7258773412455386,-4.5354415616429851,,0.07850318972253478,0.24,False,2
0.97645491056285316,0.17971746493058344,-0.11932074604449928,-0.12475677645435958,0.92169910150239676,0.36729621971699156,0.17598736990593489,-0.34376212573318793,0.92241858532067356,-15.664975368044322,22.051111686499564,-3.8965234567274178,,0.2539686418999199,0.25,False,1
0.61189949882690409,0.79024878187263203,0.032952482216111995,-0.78445378007237387,0.60103515379671968,0.15293466196619904,0.10105083010814711,-0.11943034224757593,0.98768675352313984,-26.017127885946316,0.12135449582895554,-5.1274677437069416,,0.5915589990914748,0.5135135135135135,False,3
0.42044170673782855,0.9012055210986174,-0.105154077318725,-0.90011327920562667,0.42886953031904435,0.076596413503617844,0.11412649049662711,0.062446254533742002,0.99150169412948119,-16.357321094179376,-6.6830861553612868,-3.1634775429177879,0.457340860151483,0.2625962789549864,0.4,True,4
0.57806355011244281,0.81220389008849037,-0.078532623517386921,-0.80386635152746921,0.58335988527964822,0.11614703237031757,0.14014785375921829,-0.0040106323242084796,0.99012246409979277,4.1051761319384763,-5.5876333192312613,0.30173232593077765,,0.08108067772621556,0.2463768115942029,False,5
0.96519428562166643,-0.17767377066847959,-0.19191670646331391,0.20796991868678691,0.96636546360927811,0.15128219876983709,0.15858279832533073,-0.1859296156067391,0.96968122293650594,8.0854386950738828,32.43950221839534,0.18456433303829642,,0.1597376885600959,0.1111111111111111,False,1
0.19009119005790967,-0.94810537039404508,-0.25487555020507147,0.9817309252682731,0.18135892767028869,0.057561529915242216,-0.0083504391661720703,-0.2611611494542273,0.96525909691723633,12.035451069072151,-22.640267087363036,2.9369913163605261,,0.2330216448291627,0.75,False,5
0.84505126855022406,0.5187340169180229,-0.12962782576958204,-0.50385482766153256,0.85370215033094499,0.13161668269063642,0.17893760410775592,-0.045909238856822715,0.98278872379762428,-3.0560805580278672,15.414031712414602,-1.5246409536264782,,0.3780981755460657,0.3333333333333333,False,3
-0.90362178941689542,0.40772294589827984,-0.13126180357985023,-0.40459903911533845,-0.91307781689562606,-0.050877478711723587,-0.1405961565546931,0.0071344012464460288,0.99004132291581759,-4.7989289659307746,12.100173624441668,-1.8004907190397739,0.2179657692158612,0.141633079294918,0.4846153846153846,True,5
0.94927539707859265,-0.24220758420493418,-0.2005285681764305,0.2671513140517488,0.95757758382106273,0.10805251669368299,0.16585052276584333,-0.15614306618298629,0.97371091550894695,-7.4821361502855188,12.489618088581169,-2.3148304308842889,0.3303228425589713,0.2516099192378844,0.3756613756613756,True,6
-0.040877908724015956,-0.95265943756823679,-0.30127892822187363,0.99722534579546684,-0.057674874376503038,0.047066108493963602,-0.062214196783869045,-0.29851901928993474,0.95237376530473183,-14.740188430876405,7.6394257779133374,-3.5203830796568756,0.1622120923663565,0.1681763479185093,0.375,True,5
-0.5381306754314501,0.8307687851220914,-0.1422624399708361,-0.84098272458671619,-0.54049087174328814,0.024853058340656341,-0.056244405111928866,0.13301444744442253,0.98951691428932143,6.9533894273303014,-11.985554639867873,1.2041129961179275,,0.1249195490899857,0.3846153846153846,False,5
0.027716151996164794,-0.8876592404458763,-0.45966606114610642,0.99875312840241237,0.0054901899652969911,0.049619011684435846,-0.041521120227189408,-0.46046816465983342,0.88670461029019365,-18.295155575596283,-15.271645376931273,-2.9862104288877425,,0.4564127286384405,0.1739130434782609,False,1
-0.93768513351960148,0.30754391440567558,-0.16175083025555761,-0.31329105704306154,-0.94959723724275669,0.010667736299972926,-0.15031734415285833,0.060678066325148466,0.98677397022513358,5.7716012729001456,-3.0626002445345875,0.4003425296416121,0.2452246385241645,0.1821870111771789,0.3450704225352113,True,5
-0.084235639100056894,0.99474644496260689,-0.05817101803871691,-0.99617564269961734,-0.082709700418821475,0.028163706230429419,0.023204439174650749,0.060320939074956351,0.99790928360833775,3.4479516585320806,8.0435742852191687,-0.30455683671041023,0.6331969791630696,0.6698317220009191,0.7653061224489796,True,5
-0.8439631486311453,0.53301435023567456,-0.06018227476130282,-0.51868017300381974,-0.83952926133424244,-0.16174516220372392,-0.13673727321155266,-0.10529160368435413,0.98499573415738506,-3.9902428067455968,9.6704262955473776,-1.6367334780554288,0.6600788370635773,0.657784329352159,0.2741935483870968,True,4
0.52659075007908973,-0.82792483477784407,-0.19298354823461258,0.84838797620709072,0.52627773976434988,0.057180262816501716,0.054221985931710411,-0.1938355194142875,0.97953446476120209,-8.5653772434773874,3.904340326654836,-2.4269751580951797,0.3228313746958781,0.2925873898153536,0.9280973451327433,True,5
0.39356653792709917,0.91907768173111992,-0.020039839516021091,-0.91263919095555524,0.39324238080270335,0.11158018225747476,0.11043136943851993,-0.025625083109568431,0.99355335425912639,-8.0471088146532743,-19.331180439544074,-0.92460902588546168,,0.1723431812043731,0.5172413793103449,False,3
0.97037570313732924,-0.16334578207700282,-0.17801446637390586,0.18071413585602156,0.97976301699981783,0.086062951501948814,0.16035397052316955,-0.11568312753840863,0.98025711838292062,-10.685985525670523,-0.02682704125690006,-2.6422311643431176,0.1575466110389827,0.122013698851442,0.4715719063545151,True,6
0.27727004327519067,0.95876346498148823,-0.062401452858614759,-0.95621587172818767,0.28169818833401666,0.07935576440584656,0.093661783867686324,0.03766628341136069,0.99489131131832653,-6.9374141157662583,17.791706819063357,-2.2492496067913308,0.5523931633536014,0.4401439639632935,0.850828729281768,True,5
0.40755373132702849,-0.85022077873497692,-0.33320351662115877,0.91273766027762315,0.39064157031165647,0.11962076347931694,0.028459086287998259,-0.35287928665725588,0.93523595389394609,-11.609111521570847,-23.314025802114489,-1.3046819614722343,0.3913453604084733,0.3059434331053367,0.2857142857142857,True,5
0.94679854883334003,-0.25999428840392852,-0.18967202725867527,0.28327810341752369,0.95296242021229149,0.10777820645799532,0.15272859604950079,-0.1557741816234845,0.97591412546815881,6.2599938142493405,17.257360819537293,0.16680275356517404,,0.1235301988559106,0.1428571428571428,False,4
0.17131389733912847,0.98418674578065724,-0.045033298881562739,-0.98282770263594255,0.1739009989923658,0.061710205645503488,0.068565702139128853,0.033688157847153788,0.99707765620889899,11.025238974036238,-9.1698477791511124,1.7328556664257497,,0.1370721790816388,0.2857142857142857,False,5
-0.43668060405961823,0.8962429478190751,-0.077837192412756717,-0.89896240698880214,-0.43802572665906275,-0.00023152904406860408,-0.034302199040660855,0.069871605601801112,0.99696605652930848,4.3646670620404553,3.7012287698752644,-0.07111420542403675,,0.07445714110990312,0.2142857142857143,False,5
-0.21227950220538613,0.97601674443489672,0.048256890970505617,-0.9771662199446608,-0.21247325510892623,-0.001137744470637865,0.0091428410517090733,-0.047396523565794463,0.99883430958862274,18.338121298043447,1.8576909069136109,2.8983010331842061,,0.304807098601495,0.2631578947368421,False,3
-0.46751625243023148,-0.84255166942247584,-0.26746072247526592,0.87596878817176405,-0.48221585143053197,-0.012105981084525451,-0.11877388543987169,-0.23994698785883176,0.9634927125593582,-16.076906929640053,6.8292859840517997,-3.7929140623549213,,0.1161157791561096,0.3333333333333333,False,2
-0.5247783043841564,-0.81903858208812186,-0.23191276872731156,0.84230326182119764,-0.5389984637029972,-0.002423066482613527,-0.12301604112090445,-0.19661245427715565,0.97273356909795827,25.996703126985743,-17.661396681138505,5.5067059090981143,,0.3898913335919157,0.926829268292683,False,4
-0.34837075911731874,0.93019908675513896,-0.11561778925377222,-0.93719852414385763,-0.34791893516503597,0.024725308819171621,-0.01722615843997579,0.11697039605615583,0.99298599482161254,3.5955281163676722,-20.928872796647084,1.2620177676862323,,0.08273801376861395,0.1764705882352941,False,1
-0.59886815723947107,-0.75202152542627942,-0.27535532597015366,0.78812732473280078,-0.61446222637129055,-0.035937339528030368,-0.14216979374718169,-0.23853678470702655,0.96067057417593216,7.488898547272278,0.33337116257019617,0.50395476626136393,0.8084397684132596,0.8715148930805604,0.9980582524271845,True,5
-0.63664080789530986,-0.72343034845480692,-0.2670898962090541,0.7568445223177368,-0.65257578719822718,-0.036485764350640132,-0.14790149005349273,-0.22537385140510488,0.96298067288122957,-11.076452784769966,-1.6011070656681747,-2.6088958105425837,,0.09089971869266833,0.21875,False,4
0.67287059588674136,0.72538829650730974,-0.14511023561845257,-0.72446144985538896,0.68584005595250597,0.0691304948954444,0.14966886404475466,0.058610894390758284,0.98699746412757627,-13.718170172878592,12.191197178945849,-3.4567334428089405,0.2892291434603333,0.2426126566602718,0.8275862068965517,True,4
-0.22206305632601403,-0.86985129891909918,-0.44050734021569482,0.97177923057682258,-0.23432151326480982,-0.027176376520958521,-0.079580940146927737,-0.43411075336836091,0.89733757737837194,-23.255280964420042,-0.5428144949238155,-4.7030920862769383,,0.3553380262828976,0.1538461538461539,False,2
0.030230420301510789,0.99466605952886089,0.098618211856244309,-0.99787425474399793,0.024333971724483632,0.060455186206173246,0.057732949062948867,-0.10023616034865424,0.99328727906434733,-5.4196407549881211,-2.2887155695215982,-1.5651102496732463,,0.1118385160799523,0.2564417177914111,False,5
0.91005377130173526,-0.31857458774983499,-0.26516478910200481,0.37276299175678818,0.90878580245088891,0.18749964597359142,0.1812453732265093,-0.26947838003022839,0.94579676325321937,21.479456549277771,10.052813984215776,3.3106451512911348,,0.426218171752506,0.6071428571428571,False,4
-0.43350347035293907,0.89907408597299465,0.061159865302192862,-0.90051902670732042,-0.42965707373256046,-0.066785339182140635,-0.033767199025961765,-0.084027298679637707,0.99589115336292844,14.319165307625823,10.745652697044799,1.7758919173659069,,0.2758682643363292,0.4166666666666667,False,1
-0.57918891957158736,-0.76216261187631495,-0.28922024220889198,0.81001432459261313,-0.5779994423402689,-0.098961803788683286,-0.091744151858682926,-0.2915901193665707,0.95213350581077605,14.663523050821627,17.190340383932494,1.7291223350343305,,0.2317933039054301,0.3846153846153846,False,3
-0.014371323063453992,0.99618129132649091,-0.086117941710720722,-0.99892685970879769,-0.01051152347943371,0.045106948760273782,0.044029467697514646,0.086673771610716072,0.99526331354523823,6.8871597182910369,2.1382163752543484,0.44207645034670279,,0.06730942114289229,0.3809523809523809,False,5
0.92176544990713116,-0.2983459946064978,-0.2476653444867935,0.36005860287704305,0.89562709667124563,0.26117026286020018,0.14389669159412383,-0.32991176276467282,0.93298015570416648,-3.4621461181244859,-5.3008711582572383,-1.0184136928203282,,0.07771991507428644,0.4827586206896552,False,5
-0.98087462846158491,0.13953436416938966,-0.13570233769612206,-0.10118634890455125,-0.96113076832400735,-0.25688318157534207,-0.16627172350016287,-0.2382389711964604,0.95686775813982683,-27.053259168892627,-1.304990519528225,-5.1439710041439675,,0.4019340202765104,0.3055555555555556,False,1
0.60853715603030123,0.78045302430328312,-0.14344199728953491,-0.7752876860720429,0.62328889837147006,0.10217608816125175,0.16914944148772548,0.049030868060206304,0.98437007290025436,10.913803251629647,-7.4855209527788231,1.600032833458102,0.3008195555354392,0.1454177908301511,0.2857142857142857,True,5
-0.98135116764968855,-0.04348736820747174,-0.18723977824966101,0.058498572991479487,-0.99543560361318018,-0.075404747975347797,-0.18310598764255362,-0.084951797306784191,0.97941584090915834,-6.2508171995754438,-2.0959663972307427,-1.7627087946926256,0.3423792839137663,0.2904381828394544,0.6255430060816681,True,5
0.44443270078548008,-0.82033623296017821,-0.3599000407963675,0.89545641102333617,0.41814840173428636,0.15267524384872211,0.025246592437968209,-0.39012866982543687,0.92041416251082586,-10.33806601979671,-16.755031189272572,-1.4642975662817064,0.2770623701231832,0.2474747138861621,0.4444444444444444,True,5
0.90916801770269229,0.38723060691311356,-0.1531860720047917,-0.37660532459283796,0.92155429130810662,0.094372229283487014,0.1777130976458367,-0.028109522253385449,0.9836807966427964,6.1711130589896985,25.560826517301461,-0.016201340916291673,0.6132356191692601,0.5136025197412745,0.9431818181818182,True,5
-0.98230576322853858,-0.055941035909704395,-0.17873440639492816,0.059694129087846215,-0.99809347361383272,-0.015685307836209528,-0.17751619216410017,-0.026077163013300774,0.98377232279056104,7.8471864254486663,18.933094289730416,0.4323356165325189,0.4865453238683922,0.4389043979537132,0.9016393442622951,True,5
0.61950272385144811,-0.74611204713834034,-0.24399423816080684,0.78393487984368371,0.57187811567704749,0.24166407464523887,-0.040773512297892903,-0.34098714627490828,0.93918330839628361,-16.196255036124068,-28.564889219410841,-1.8985667818747569,,0.3049976951600606,0.3571428571428572,False,2
0.30394221880568856,-0.91437082278343063,-0.26747920679900994,0.95264507153313949,0.29444381915782325,0.075961865718106161,0.0093002855383764599,-0.27790076610565106,0.96056476558678627,2.8200818221564106,12.011485627801298,-0.40238543864848003,,0.07833654481353915,0.24,False,5
-0.54517346315469439,-0.81453577083939721,-0.19828608901026537,0.82730941752204623,-0.56095940932979627,0.029726566631542307,-0.13544379923514582,-0.14783781352359049,0.97969329799754901,-5.7259679375035626,10.407372481522616,-1.955515634907425,,0.09477083372182722,0.3539823008849557,False,5
-0.044464955391755462,0.99901090497894396,-0.00028191339195948739,-0.99826575419311092,-0.044420888424559588,0.038629893564864223,0.038579162086145667,0.0019991009789915026,0.99925354732820781,1.5630155536394943,-24.715327321297679,1.1157151412353523,,0.4123906689397807,0.4782608695652174,False,1
-0.051266651907858743,-0.94136609277037797,-0.33346905371322033,0.99793030523593151,-0.061266425748671367,0.019532817710278962,-0.038817989307522061,-0.33177749239243881,0.94255867681959538,-21.626223910316391,-1.7409570866976625,-4.3890732893274311,,0.1887759739089555,0.2173913043478261,False,2
-0.76059133535168388,-0.61396879291886786,-0.21105246245824913,0.62884542385315012,-0.77751805460253687,-0.0043712316386717229,-0.16141330021684874,-0.13604409611899751,0.97746496122585913,1.0337014817586421,10.823198314839642,-0.72777721749780877,,0.08630136368115222,0.3466666666666667,False,5
-0.97305579862484548,-0.09779212562585575,-0.20880400601554966,0.1491511837568571,-0.95757325558444406,-0.24659153386387395,-0.17583042156149525,-0.2710906865884305,0.94635802025370974,-3.8776043944133125,3.625917161095924,-1.5876203748435034,,0.1643264600426336,0.226063829787234,False,5
0.98394850363245467,0.051266544174970438,-0.17093005484059637,-0.041568300097285051,0.99734183065813986,0.059844375228525391,0.1735437081154933,-0.051778511641667399,0.98346406497934558,2.2627949747174592,-4.6990782213820488,-0.12582705658068508,0.1660051962385428,0.1362108295427335,0.6544502617801047,True,5
-0.91904348093875876,0.3669733569651597,-0.14383892178993393,-0.36337945215924783,-0.93021821619135214,-0.051472750210416716,-0.15269071318326546,0.0049624130723304044,0.98826156485218297,-8.7538264922912443,-18.478996194419107,-1.081859027944116,0.46931546379016,0.3458545628400169,0.6785714285714286,True,5
-0.27844159480559738,0.95919262579302633,0.049191309256782778,-0.96044815076173329,-0.27824016977027066,-0.011034383742606964,0.0031028987227500679,-0.050318133416213912,0.9987284202770168,-17.477624683611182,2.3125802579685377,-3.9724521888304927,,0.4572320861737412,0.3636363636363636,False,3
-0.268455171398991,-0.94269544140648953,-0.19813411039132423,0.9589819227172881,-0.28097544449967399,0.037502953079232737,-0.091024682644824023,-0.17993916844209787,0.97945719804888587,-12.187492780877173,-1.3689221799747744,-2.8419955910113539,0.1992823799235848,0.1774507835640661,0.6153846153846154,True,5
0.90932624817787422,-0.29982514472915711,-0.2884972390905865,0.39179333448687109,0.85043476936269902,0.35108216433004907,0.14008482225569563,-0.43227952258596847,0.89079215136104428,-17.724763410602744,0.26232367006505092,-3.8616213728978952,,0.5059548443643108,0.2753623188405797,False,2
0.27511645543933133,-0.91953538341415453,-0.28065212380433402,0.96121047035982432,0.26903910554700589,0.060765050457589856,0.019630782387485224,-0.28648322522593167,0.95788412349668073,-7.0080679786551077,-0.99722012162549789,-1.9703853917265592,0.3917177637850363,0.3475230657521892,0.7472335468841002,True,6
0.94059617924100447,0.3001125556713527,-0.15878060815361694,-0.28983132151666191,0.95330275310931945,0.084921528378237354,0.17685200780632535,-0.033857271635494526,0.98365494584852797,7.4365608964009464,12.459829048003284,0.46101229750600309,0.7841910768771159,0.5084893372738435,0.9347826086956522,True,5
-0.97529557382834231,0.14439442217525905,-0.16717892963982786,-0.14855378599075553,-0.98882430825529388,0.012580145915423516,-0.16349408655562514,0.037104423565305827,0.98584630922534222,-3.9313429124624348,14.931549726624013,-1.679102960413265,,0.08824113328888383,0.4722222222222222,True,3
0.10369344232630816,0.9931441709117782,0.053965968929288483,-0.99308879024431629,0.10038334321499921,0.060809860187801212,0.05497567379851627,-0.059898582528604083,0.99668943763915885,-2.2348350500851355,11.954265706679317,-1.3272925929382455,,0.09634294091237311,0.4375,False,5
0.087253382924577433,-0.94562704535378683,-0.31333103622795566,0.99570362680807212,0.072996458766287048,0.056971963006673593,-0.031002172979794049,-0.31695584566789298,0.94793346663543965,15.755397559730357,-12.048136402306325,2.9659362927157131,,0.4344125235858716,0.1666666666666667,False,1
0.94193678550448978,-0.27231057758926147,-0.19647402231967578,0.29946558080149083,0.94592912820340813,0.12465332057978634,0.15190608292196678,-0.1762527552957513,0.9725530876111399,-21.611360341052997,-4.6876042269553553,-4.2118113730520248,0.9830059551418528,0.8500504373988799,0.9292452830188679,True,4
-0.22934306820515335,0.97332461842166462,-0.0063987686759024998,-0.97334547565167817,-0.22933412059241631,0.0021085920685924298,0.00058488858340725175,0.0067118035150355027,0.99997730454191847,-15.228753861781712,27.455179837360564,-3.9230574401742979,,0.1570937801524181,0.6,False,2
-0.9802898847911975,0.16891187846087141,-0.10247204053243024,-0.15798052449582375,-0.98164819099313916,-0.10681284098797053,-0.11863345083105627,-0.088518960876847491,0.98898457920697536,-15.213679464093756,23.315000068678547,-3.8391733184984438,,0.2144652649246904,0.375,False,2
-0.72139527665251346,0.68073967306567795,-0.12720987515864063,-0.68438142937391677,-0.72886775094553224,-0.019335479298842703,-0.10588160346140273,0.073111552753550427,0.99168734332066899,15.299193501918978,8.3776641521846535,1.9790335348252031,0.6123018315399733,0.5329813613556691,0.3658536585365854,True,5
-0.97308322623479648,-0.13057141723983737,-0.18989507581941259,0.14819326598701155,-0.9855771730102374,-0.08170919138782215,-0.17648736707363225,-0.10765101504922833,0.97839841998149613,1.4808277190260866,-13.085913710033296,0.33876818651401697,,0.6016908970549216,0.2028985507246377,False,1
0.40496698913102902,-0.86822274581160608,-0.28668973014306642,0.91432011234603716,0.38609185138873736,0.12227761222213654,0.0045243644502838271,-0.31164458273259371,0.95018797307677416,-9.1965793725795422,7.6100311351630348,-2.5979714947825263,0.5786504108035665,0.6127990582804624,0.5837628865979382,True,5
-0.064426497521894721,0.98541579053586326,-0.15749586083335843,-0.99724935248331925,-0.057780442126098869,0.046423587531690381,0.036646355735069538,0.16005355438193763,0.9864278505501789,-0.77914103795006773,14.093983229646135,-1.068998788928472,0.3997190097578737,0.3806810738584073,0.9625,True,5
0.017978084675024084,-0.96590058106155219,-0.25828831947336528,0.99809608073314937,0.0020936420463412968,0.061642763469124603,-0.059000017767338958,-0.2589047781867676,0.9640992240093943,22.846656597262498,-14.08204643728258,4.629287273145299,0.3720787190402565,0.3210959744084544,0.2,True,6
0.56428502323813146,-0.80098775072113493,-0.2000025893428358,0.82385561001333285,0.56198240202236949,0.073740854800630404,0.053332414146569661,-0.20638411521206149,0.97701650476818125,-14.534179944450068,10.807699204506187,-3.5929728660075178,,0.08964442821451186,0.2195121951219512,False,5
0.87150540093371254,-0.44975849394758838,-0.19543703145863986,0.47487421629281046,0.87346475726850481,0.10748858781359252,0.12236345387270356,-0.18648489196679852,0.9748079658191523,-5.3421464882785772,-11.421939945816842,-0.92132736022486628,0.2808314883410836,0.1712002610476251,0.62,True,5
0.63417611920866479,0.77059020814011758,-0.063335463557216351,-0.7610085456371376,0.63657067843426207,0.12507503677789766,0.13669909762937874,-0.031120772424757026,0.99012365603039709,-22.818236353547615,-8.421326232733346,-4.1196538621626848,,0.1184025264449088,0.1428571428571428,False,2
0.30867987655298768,0.94599775233954664,-0.099020131184313728,-0.94723451578930207,0.3151891536795039,0.058331548069679787,0.08639158470962055,0.075789510958473111,0.99337427192374816,-1.9502647494176981,-7.8632972757895212,-0.58828392804891172,,0.100472431232969,0.2527472527472527,False,6
0.98054427246828446,0.076403875914658401,-0.18081863143730748,-0.046473643578973899,0.98531165280794297,0.16432025831702762,0.19071740922668243,-0.15271998751341515,0.96969246425439704,-16.280733142259642,17.92750313837746,-3.9818380197712533,0.6194187726022522,0.5106701649256572,0.2142857142857143,True,5
0.44161329392100745,-0.87429018238208145,-0.20148045965438927,0.89650816018188173,0.43885178029310723,0.060681411164105609,0.035366896379734357,-0.20742659406131209,0.97761106311077939,-16.602364386761426,27.472537755299445,-4.175119365655763,,0.2922447202749334,0.4347826086956522,False,1
0.47713387888605507,0.86876183157728526,-0.13265044897634892,-0.87040481244205314,0.48799628739911649,0.065231019939845272,0.12140314698087862,0.084335659594021159,0.98901404055957653,4.6961852629037164,-9.3452326881566137,0.6603118218478341,,0.09056675628434643,0.2142857142857143,False,5
-0.72387130092126728,0.6716945915639112,-0.15759668577207236,-0.68323370394058869,-0.72964804566509534,0.028380191273668198,-0.095927292790816548,0.12821897332647875,0.98709566374132529,12.269988035707836,-11.573412271334261,2.1989685451889325,0.7263170940246474,0.6769600983274969,0.7155172413793104,True,5
-0.14636023756322555,-0.96100419950253424,-0.23462653174551568,0.9861574007294388,-0.160425535730045,0.041919309062588242,-0.077924719101148704,-0.22524337065543426,0.97118132299215154,-3.5611314088343198,17.052058153115038,-1.6135000720575488,0.5322177900672362,0.4951007984327568,0.42,True,5
0.58394180139961693,-0.71758164129927626,-0.37958999018468348,0.80951980642640109,0.54971237555493968,0.20614069749835409,0.060742535191852048,-0.42765978561466655,0.90189658619294311,-0.12029133781920193,-11.995311721625395,0.0076281520702601337,,0.2287090874949462,0.1851851851851852,False,5
-0.64713385959209502,0.76222244016443552,-0.015320557405386515,-0.7584262457655252,-0.64569386754213154,-0.088707717547550538,-0.077507402894496757,-0.045786254796149284,0.99593986834963699,-10.144451055176152,5.9941068291938864,-2.7416007651166177,,0.2972030547814455,0.384,False,5
-0.79951401434222991,-0.56366679140946274,-0.207502021996255,0.58913364561930481,-0.80322443939091659,-0.088045712924910091,-0.1170422507886808,-0.19264020407824917,0.97426426769281171,-15.814369594313259,1.6142736771811801,-3.6418420627247277,0.4547264732337502,0.5268629606928901,0.273972602739726,True,5
-0.76401390799401969,-0.60109358391221934,-0.23445522338235045,0.62808273893575206,-0.77604928030237819,-0.057092798084548757,-0.14763069275278842,-0.19087697064266995,0.97044894798006109,-19.425888108092487,1.1274049570778608,-4.2494677131607848,,0.6233600539374533,0.9425287356321839,False,3
0.69933108503535379,-0.66445600719202258,-0.26350379126249723,0.70869794165272393,0.69258840761766116,0.13441921414301153,0.093184016872354641,-0.28074812936165261,0.95524720719794076,-20.370150297501699,-0.98343603929990608,-4.2539037975728515,,0.206896579925517,0.3333333333333333,False,2
0.98552781652532351,-0.067481732847099588,-0.15550285716597367,0.095583909437520431,0.97882511005389938,0.18101138136761422,0.13999513959944615,-0.1932553224620856,0.97110954131272287,-14.78766216233903,9.5427947568888634,-3.565466939691659,0.6267724866443329,0.2929365750801667,0.2127659574468085,True,4
-0.97903654620963165,-0.087437736992263829,-0.18396217909012486,0.092819562845529474,-0.99546496781926652,-0.020833305012678688,-0.1813062876435351,-0.037471856029001147,0.98271251649028124,-10.409342984808507,-5.5150171669100354,-2.207042456812093,,0.1054972730934404,0.4112903225806452,False,3
0.95586393503730549,-0.22150056325482756,-0.19303273860356052,0.24836095178500606,0.96016342673474453,0.1280743205698851,0.15697444162487803,-0.17036341872240637,0.97279768206846096,-14.769683754160605,5.1645122946821491,-3.5302979288590319,0.4750155638795853,0.3941494980141461,0.9155206286836935,True,5
0.8285390547366881,0.54101644459039866,-0.14430606868319859,-0.53314280366339384,0.84101169066736237,0.091967858857109661,0.17111921481228243,0.00073677919977598039,0.98525005530496634,1.4240922870523089,-10.403398157987754,0.1711999888974193,,0.45569413295314,0.3142857142857143,False,2
-0.75827302487447912,0.6371372387910238,-0.13812370793407536,-0.64112091752570721,-0.76719725683303375,-0.019296067445566278,-0.11826237296242319,0.073922310932615629,0.99022699573768391,14.872450114894482,12.265643046489338,1.8762601420197611,,0.1256554471257373,0.2727272727272727,False,4
-0.58304563776335672,0.81040676865031958,0.057433906456620887,-0.80997145418331407,-0.57431424917920681,-0.11878293900174042,-0.063277386903125468,-0.1157756991577733,0.99125776657297404,-0.072116107312487673,4.1690533081081185,-0.90808262330858103,,0.1474510137568683,0.2980769230769231,False,5
0.0062807975075511117,-0.95414046708246403,-0.29929336888465435,0.99907917674554136,-0.0067157238317406658,0.042375672819037209,-0.042442315866590481,-0.29928392561090289,0.95321969225085101,17.502163130512006,-1.4206365313668545,2.7400541678921422,0.6862041051050612,0.4534393323580826,0.1875,True,5
0.34101596359574882,0.93199116535283699,-0.12288441836589586,-0.93092858576136039,0.35297987863579899,0.093686570492312077,0.13069078309206528,0.082448001689053918,0.98798899094689574,-8.3242962008741799,-0.63694762580790687,-2.2094766568049993,,0.1177447406394224,0.164,False,4
0.48496014847346097,0.87030011197000312,-0.085973074259318175,-0.86558758536710834,0.49170012517479056,0.094810964352409738,0.12478696426685451,0.028437686405453688,0.99177593817402487,-10.282816138260172,7.8253105095450781,-2.7544858827745058,0.5066702948265873,0.2829192613474167,0.2878338278931751,True,4
-0.81756483584343664,0.5635839098745089,-0.1181563190136633,-0.56344714747811142,-0.82528768659312923,-0.037782884439156832,-0.11880678091370256,0.035684883190571448,0.99227593839647299,4.1854264960146494,-7.5362780531343381,0.43161844647451358,0.3480823821483204,0.2048205784957454,0.1978021978021978,True,4
-0.60344971370101752,-0.76039210788217038,-0.24010890301000676,0.78183056895758962,-0.62342060743852368,0.0093652370195836041,-0.15681009048403335,-0.18207303065388647,0.97070078141047023,20.483795807121886,-12.85564609476884,4.0144993152747448,,0.2088190276977066,0.5128205128205128,False,5
0.11157038789669413,-0.92925069524356119,-0.35220050246122581,0.99292757306342216,0.08976810916111172,0.077695052789877345,-0.040581808670441033,-0.35837805731796335,0.93269410035554479,-18.64974915303269,-9.5024262030123303,-3.4125775942591434,,0.3391731274306589,0.2380952380952381,False,3
-0.16063188159239417,0.98020583556714591,-0.11573209812407097,-0.98682655612635195,-0.15720604688912634,0.03820480264700795,0.019254784857018658,0.12034441716010902,0.99254545211718292,2.4707272074055702,-6.5011784705804034,0.075061533315783885,,0.07284599266902561,0.2333333333333333,False,5
-0.8449143112162657,0.51381295587760079,-0.14871467000354982,-0.5194084073813976,-0.85452495852865851,-0.0014147767009007536,-0.1278073278159832,0.076048284819027617,0.98887913585666298,-1.3431744848086233,23.999466256420266,-1.3883978982376151,,0.1172304804828333,0.4814814814814815,False,2
-0.80030111718984631,0.57523298347518614,-0.16918964668950193,-0.5889246378103673,-0.8071170962408607,0.041590430818246954,-0.11263166874644953,0.13292481964612912,0.98470559027428706,-0.46478499102510779,2.6308937483105579,-0.91299721331451233,0.2071319685669048,0.1933336903386057,0.8108695652173913,True,5
-0.75594684431456483,-0.60881640479321275,-0.240597077757644,0.63318007476066629,-0.77331796835246447,-0.032593139604738558,-0.16621480528800095,-0.17697995671228905,0.97007769453028247,-4.8813309912953811,17.952164392938393,-1.8950023716736315,0.3393689641208106,0.1900296510585607,0.1764705882352941,True,5
0.98277072169929558,0.10110166429630404,-0.15472608715779745,-0.076479235999866779,0.98454457282724595,0.15755288184381699,0.16826358795509383,-0.14300502646037488,0.9753137584262539,-5.9038995929201992,19.071816687146462,-2.0568549171330246,,0.1987584154748999,0.24,False,4
-0.35192501126562054,0.93531878290478077,-0.036435707639797921,-0.93587499496263826,-0.35230497611548534,-0.0043815074973301768,-0.016934587369480877,0.03255730562849779,0.99932639392784883,8.3233460624936999,11.130134230653995,0.62816288483328198,0.3441646431164036,0.2525935357195376,0.3636363636363636,True,5
0.72259641694120469,-0.58330439818526525,-0.37095875415126545,0.68482628131970802,0.6771558883714115,0.2692078514043475,0.094166780966290803,-0.44857093296562467,0.88877260053446538,-22.615855376667188,-6.0676753582835161,-4.2966106037346172,,0.3696459445735866,0.28,False,1
-0.12432598681376138,0.98074938601127171,0.15057785641088878,-0.99208631475285503,-0.12555006273834277,-0.0013877415096148482,0.017544032685895147,-0.14955876298268833,0.98859717950852177,15.675718870461269,-13.501578642617728,3.1036952529597404,,0.7691156901056033,0.2972972972972973,False,2
0.94018351029685543,-0.24604555314576368,-0.23561950840937851,0.30539271746303204,0.91522183287219294,0.26287693842292015,0.15096441662334428,-0.31910904470299539,0.93561699562498035,-16.904201938159254,-8.1007018625608787,-3.1798337737659228,,0.1156994018177739,0.2222222222222222,False,4
-0.834092259552491,0.53281973939026539,-0.14280485940859711,-0.53869005820995253,-0.84249895483098092,0.0029210091513379791,-0.1187565734617558,0.07936394915069428,0.98974655333313899,8.2782114888994371,-6.7806235711953313,1.0652741049261929,,0.07871171318526943,0.2380952380952381,False,4
-0.44901894198093906,-0.86521631848934033,-0.22312039790675794,0.88558950693817517,-0.46413459452155265,0.017615429864561431,-0.1187990527879636,-0.18968342148977047,0.97463171745465804,-3.8897599142477688,-14.601973638585399,-0.44316551109233021,0.505442339605609,0.4664116086210672,0.9567901234567902,True,5
-0.95300897041950139,-0.2387837495762756,-0.18643021010087404,0.24555438155934661,-0.96928509842442845,-0.013763853724605424,-0.17741743994593195,-0.058895831012390015,0.98237178964605409,-2.3706596119238617,2.4693217581919589,-1.256807641399236,,0.0831279075251262,0.4519480519480519,False,5
-0.31123930526368782,0.94057019563986155,-0.13585949334871536,-0.95027205040566487,-0.3096230998119846,0.03341506068573543,-0.010636027303014939,0.13950355958473082,0.99016444684022009,-1.1727885716970132,4.977981867057264,-1.0815111677761176,0.2104050276989132,0.1884991620944696,0.6015473887814313,True,4
0.98306973611808346,-0.025089875282499702,-0.18150590097027475,0.043452907170140456,0.99424591982421029,0.097912694638509226,0.17800488416665911,-0.10414196594658377,0.9785033020596281,9.0967542258115781,-8.407225203316111,1.3407307975601503,0.2284526547540719,0.2025421886599077,0.6621621621621622,True,5
0.98436885501878446,0.054646734970209859,-0.16742667537193695,-0.028258773907397887,0.98733480284297304,0.15611351252301967,0.17383727726312015,-0.14894200700984281,0.97344587912303671,3.9267838345714878,-3.4014052755157764,0.086505395678535879,,0.1125987013244221,0.3515151515151515,False,5
-0.98220978883055643,0.10327164516545813,-0.15684035842299321,-0.093823578995433976,-0.99336455071755492,-0.06651319720324278,-0.16266857947963037,-0.050614589621270342,0.98538170095022015,2.704949397647888,-12.583166559504324,0.54768119037200691,,0.6126881175254053,0.2,False,5
-0.070900459120144602,0.99580037131259791,-0.057920163934891009,-0.99681799548971839,-0.068613031187100715,0.040572599364311436,0.036428131497671934,0.060612477634641296,0.99749642545253159,8.7127405066723895,27.651054822585944,0.43266510824148124,0.1889476075795525,0.2199836416809607,0.5185185185185185,True,5
-0.97350677940580088,-0.097507934233155763,-0.20682541723039619,0.10624864304065026,-0.99383873732409767,-0.031556141178281052,-0.20247413736812261,-0.052695037295989094,0.97786883411907988,3.8626121489453253,4.8080745935695903,-0.22123006448742935,0.3781686043354052,0.2331963931542986,0.6078431372549019,True,5
