axis_00,axis_01,axis_02,axis_10,axis_11,axis_12,axis_20,axis_21,axis_22,location_x,location_y,location_z,dbh,dbh_approximation,score,reconstructed,number_clusters
-0.78399551481612528,-0.48630583885097911,-0.38582076648055702,0.55542485814250719,-0.82709449849250394,-0.086127333180641308,-0.27722600834982025,-0.28181788740759373,0.91854472870489345,-20.933002573253709,-19.321544781988624,-3.4241424480878599,,0.3477309426614209,0.2272727272727273,False,4
-0.65059675024580377,-0.65519178826703295,-0.3839890482253992,0.72832234410861318,-0.68153413325892087,-0.071118129018891238,-0.2151056290331223,-0.32593702733881025,0.92059471135120352,-17.328382542589729,-5.1258873631827475,-4.2074810483046274,,0.4735077856279097,0.1666666666666667,False,2
-0.34709470651117197,-0.89515553525415892,-0.27968166263765715,0.9228692066359705,-0.37907128859000283,0.067951347373027673,-0.16684631297999497,-0.23452404113556402,0.95768511629576158,-2.1315122400598354,-12.61182100388616,0.1487126316553968,,0.09081657727748509,0.2142857142857143,False,7
-0.97223610406897742,-0.073738939201248299,-0.2220800008786247,0.085880054742892134,-0.99526572835628369,-0.045505451945819633,-0.21767309007347047,-0.063314285946459672,0.97396597838577303,2.3734014064647244,24.8092692363346,-3.5584446444799491,,0.307632310297326,0.1764705882352941,False,5
-0.94599355041354549,-0.23113321978609405,-0.22731836108701906,0.22897168377055765,-0.97275936469178137,0.036210308417885584,-0.22949546968785892,-0.017794749668253299,0.97314704761253523,4.5553612601002618,-10.494105832092901,1.3864539381458678,0.7097240471408279,0.3784998276610443,0.6744186046511628,True,5
-0.9155814940628294,-0.29895730092677708,-0.26895177997598996,0.33905109616121093,-0.93352055738926276,-0.11654923047159414,-0.21622877218713993,-0.19789871438242357,0.95607594725744727,7.6354301231104653,27.413767412807594,-2.5601363129508701,,0.4543720903018599,0.40625,False,4
0.39529826790540934,0.90037640281706699,-0.18182852537812766,-0.89977568222417947,0.4193755532663086,0.12053160166774586,0.18477824836543369,0.11595895210279655,0.97591522191132263,8.9555098881188293,9.788055738898283,-0.50321147163360258,0.3060366848795344,0.2698588937681398,0.775,True,5
-0.90238526666353447,-0.33665961104858522,-0.2690002542697652,0.34957841962591202,-0.93690709837312636,-0.00013247603459359825,-0.25198364835923925,-0.094156228188396196,0.96314009658663025,-3.5356104531030779,-7.101238598218127,-0.9000833203275771,,0.1461099199269489,0.2272727272727273,False,3
0.48979318979039416,0.86867024298414874,0.074260623407097909,-0.84789882347837431,0.45478945022123596,0.27245943021201202,0.20290445135319093,-0.19641426862966363,0.95929725252381215,-16.791244653172278,21.731560262282471,-7.2793096539208229,,0.1282628942274481,0.3636363636363636,False,2
-0.95146527653634827,0.23411293534500091,-0.19976226132520297,-0.25065210516176861,-0.9661149468803184,0.061607074207545902,-0.17857029350814485,0.1086878232305154,0.9779057251892066,5.0526060247285072,-13.678234480570227,1.95213638605372,0.1839184647733724,0.1203281250822807,0.4,True,5
0.54860766030034247,-0.79125182606683919,-0.27009291513417572,0.83557317111617191,0.53012401164738621,0.14417353427639493,0.029105167421758726,-0.30477709891127852,0.95197889115703449,4.3157678483123405,12.118542544250104,-1.8424557488431739,0.1850568545902876,0.1437822967152396,0.34,True,5
-0.66678792219106142,-0.66773304861371685,-0.33094779438630229,0.70833887415779806,-0.70586630676425888,-0.0029658610635262261,-0.23162449390552348,-0.2364007884166559,0.94364440392501314,-9.0819088796827536,10.323998311620603,-4.3304975298884072,0.3711943674998894,0.3364256497304908,0.2941176470588235,True,5
0.23842051980097675,-0.92530534012622323,-0.29489944603495999,0.96982558484311765,0.2109252639903906,0.12226556340314765,-0.050931235224929948,-0.31515164690110414,0.94767370372612147,12.449364959346395,-2.3924487432142372,2.0957323502018119,0.2738713120980981,0.1981757827885512,0.7241379310344828,True,5
-0.95382245678959021,-0.12917861150961699,-0.27117449594738346,0.1853622825547212,-0.96353218536287399,-0.19299365786457268,-0.23635470194175062,-0.23434720842862949,0.94298347852533171,-13.833665910658736,-11.713991200433245,-2.6854181672424207,,0.3688079331382604,0.1923076923076923,False,1
0.32677864625221076,-0.91107538061577409,-0.25131129538760044,0.9445475804705743,0.30573175643205869,0.11982471087447241,-0.032335500317067986,-0.27653163281040666,0.96046065587011653,5.278648500767896,14.567459641627897,-1.8708400180369191,0.1390307125048902,0.127320268468141,0.4565217391304348,True,5
0.71254093384005379,-0.58838272538415903,-0.3822187672941425,0.69352643334776087,0.67318838438796047,0.25659011160421197,0.10633204526518993,-0.44790977617667316,0.887733253041185,-16.035377209669988,23.890212585708028,-7.3197420735992313,,0.2979803877206632,0.25,False,5
-0.93951657793171506,0.31730828770855174,-0.12893428691758929,-0.29076955104260738,-0.93787254169242218,-0.18933611310544218,-0.18100184523357998,-0.14039425234269087,0.97341038926609824,17.605188693433508,-7.4026079891752978,4.0940331419107494,,0.1213946145520174,0.1111111111111111,False,5
0.78142183433158008,-0.57748861785092698,-0.23640391934673088,0.61404501026256819,0.77904450179187124,0.12664276370759828,0.11103441899479721,-0.24412406780258689,0.96336638789092421,16.98157419528544,-5.6714780664471167,3.6896257677618998,0.7200370539033851,0.5298098288878668,0.9871794871794872,True,5
-0.53802820457833511,0.8270695666730884,-0.16273162864484281,-0.8410872591382812,-0.53950211977399143,0.038854668633558659,-0.055658544658182874,0.15777640711639918,0.98590503181796041,-13.621622101763029,21.292037066319153,-6.5633292775276884,,0.128912773162253,0.5555555555555556,False,5
0.082333476793876939,0.98415910246577654,-0.15700974375110688,-0.98676769386918861,0.10258367283478359,0.12556316499598258,0.13968076795004525,0.14459409082490962,0.97958247838729851,-18.327132910165222,10.412361612061268,-6.2362854958795051,,0.3840727331686508,0.853448275862069,False,4
0.97650691297419479,-0.013373520659637523,-0.21507068107665248,0.045450845992810088,0.98840121995134422,0.14490427528969957,0.21063824323267308,-0.15127517094309109,0.96578846190249779,0.15276897575642678,-10.408161687067848,0.42010547126519215,,0.09411383681355956,0.3928571428571428,False,5
-0.97085159402878585,0.020408755897750794,-0.23881093998071343,-0.001845260822637986,-0.9969750979997879,-0.077699736040800382,-0.23967431523686963,-0.074994244119263281,0.96795252257779574,7.2024416004523122,5.8707734313845563,-0.32887124040219007,0.6349428728166095,0.3584125130507184,0.1621621621621622,True,5
0.38718696474137076,-0.82061230249687134,-0.42033522731879985,0.92192148088987913,0.33858390828816454,0.18820658894449832,-0.012125898242033625,-0.46038721315767916,0.88763538491473459,-2.5703231892325946,21.279452824448406,-4.3316308820301428,0.1640529846743385,0.1310097176874577,0.3529411764705883,True,4
-0.66367217721457183,-0.70698037568023175,-0.24437264493864672,0.70931116916270764,-0.69853020237140606,0.094515721845611134,-0.23752243366112691,-0.11060879159453103,0.96506413710680128,5.3002551582417166,-5.3720754110070121,0.83861345979785262,0.3259995748108722,0.2613654758143805,0.4940476190476191,True,5
0.95906965628039265,-0.16389057694123385,-0.23092265629876887,0.20466686640144713,0.96477236342532924,0.16530505306286633,0.19569585636804371,-0.20580127686818267,0.9588268697944401,6.7576357827816613,-8.9303998937870972,1.6782098969744668,0.07461179404462147,0.0911362058983182,0.4137931034482759,True,5
-0.97685202653199166,-0.050030496327497107,-0.20798333514386733,0.036971960487604379,-0.99712059638302186,0.06620868830048407,-0.21069692071324858,0.056986539691333535,0.97588900080693797,15.585464044628727,5.8575989415561107,1.5760374950089004,0.3950036575199047,0.3176766325204948,0.3513513513513514,True,5
-0.88643613771075658,0.42298314323650155,-0.1879261405398566,-0.43504523444023713,-0.90002405190494317,0.026312544222237,-0.15800828380586834,0.10508076194231414,0.98183064513099527,-3.1286417020059667,-10.562406216086005,-0.33184624084548875,,0.08661353222413146,0.2105263157894737,False,4
0.96359661281931763,0.16866631145973593,-0.20744455437949086,-0.11265734144414921,0.95980108487323323,0.25708014488657199,0.2424662681320324,-0.22435140484234062,0.94386257260439876,-20.886097115214238,23.214932010763029,-8.2759253158811017,,0.1771431823063113,0.1428571428571428,False,2
0.65915809639635936,-0.65893751227093866,-0.36236991993998707,0.75102699301740328,0.6013911877297714,0.27255659060131049,0.038328314786374829,-0.45180747475352767,0.89129172892071384,7.31689116851219,10.96966698179277,-0.92887954346920243,0.4185913412641058,0.473161085179713,0.2941176470588235,True,4
-0.9165254472203932,0.35296596668823066,-0.18813859507634204,-0.35567397935916328,-0.93438912987063383,-0.020321771242086881,-0.18296755177974716,0.048290582305880708,0.98193222508291444,-2.3026225071558168,15.701004238463112,-3.6042149243736552,0.294585689455469,0.1605714219755411,0.1153846153846154,True,5
0.98356417718923506,0.054851329455197592,-0.17202569868208964,-0.021446723098440108,0.98148595735015087,0.19032959200501967,0.17928063871595995,-0.18351198102972949,0.96653080933829649,9.0446625502679243,4.2254313217106008,0.3146340849755912,,0.3214769383489889,0.2941176470588235,False,2
-0.7176255706838508,0.68567555092373955,-0.12191217808777609,-0.69140364059013792,-0.72243807582603947,0.0066507424754559119,-0.083513747846584233,0.089063266626581927,0.99251860862072561,-3.4523921960952091,-4.7824950149357184,-1.2323395592392699,,0.1927450199050412,0.2,False,2
-0.9315847367805391,0.33302687296013378,-0.14574971726878036,-0.32803409369004316,-0.94289824585134052,-0.05776271589371304,-0.15666368939382963,-0.0059999880717293147,0.98763378261815937,-24.394960625080696,14.681183585666833,-7.952996938230438,,0.2629183231505464,0.2647058823529412,False,3
-0.82372783762367541,-0.50108456334140961,-0.26530493758083967,0.50484898588198279,-0.86118503313520223,0.059057938990920066,-0.25806966303259682,-0.085291260307668065,0.96235411878235999,-20.849291852888619,22.009161363477059,-8.1419433408769599,,0.2824575404288517,0.4615384615384616,False,2
0.36676585822988056,-0.88551997060025334,-0.28519675121751964,0.93019660770494272,0.34420776606917441,0.1274962148139604,-0.01473350776693319,-0.31205030915831028,0.94995132943908611,-13.573357988111715,7.4951905185832617,-4.9188869359862109,0.3211989075663998,0.3384749961507289,0.9579710144927536,True,5
0.093828099801768761,-0.93822961853838938,-0.33304875106341231,0.99208445158852598,0.060069748401617905,0.11027269037826699,-0.083454949546951027,-0.34075916454921029,0.93643924691986358,-14.15045282608639,-2.6146261253764238,-3.8645159959851423,0.6591463682297786,0.3971862401212364,0.6103896103896104,True,3
-0.67997092683834937,0.7229617247004122,-0.12233512689657959,-0.72938363273912088,-0.68400186056111467,0.01187312263971306,-0.075093641188053992,0.097302617473219569,0.99241782817822299,-7.4716094343398121,-14.710426238957217,-0.84106365019184715,,0.1645551791652657,0.1052631578947368,False,5
0.96003653186534788,-0.11641739595967207,-0.25451296116686417,0.19946797155371954,0.92250978156210162,0.33043642542324203,0.19632214803277115,-0.3679982239633966,0.90886463312838095,9.1513561527973746,16.097622456670493,-1.0804914077657533,,0.2096818856803574,0.2727272727272727,False,3
0.86132407084001883,-0.39254968542529367,-0.32252998227154278,0.48750236640772415,0.81732031545130968,0.3071301754915019,0.14304645307887842,-0.42177274262696812,0.89534656186220896,9.277576020166773,8.1381616136770898,-0.20400317731011972,,0.1499839757793084,0.375,False,5
0.82825650502734816,-0.47450894531712806,-0.2980476852684969,0.54538876203617837,0.80473585198917363,0.23441695068382667,0.12861671790450513,-0.35670922238888847,0.92531955050035941,-34.065615774982128,15.778180461255408,-10.039882805642687,,0.2208443881063407,0.1428571428571428,False,1
0.96376400874257229,0.16990109386381683,-0.20565153477746456,-0.13056220985509029,0.97271943781894366,0.19175610719597735,0.23262081766300194,-0.15795731573142874,0.95965464704586279,8.7702646314200425,-5.9358363970918733,1.7234684259202391,,0.1048004586841749,0.2727272727272727,False,5
-0.16528577328394875,0.97390419718454724,-0.15553529456766085,-0.98364633870040585,-0.1513449331502828,0.097645233222222835,0.071557623711334631,0.1691310909207954,0.98299246211389046,23.117376863954842,-6.7385208120488072,5.2443162461417501,1.132699238165571,0.7479792245204718,0.98,True,5
-0.39560723699405981,-0.83786730870824833,-0.37612934880958482,0.89764524061859008,-0.43935934498550494,0.034588841679093735,-0.19423680401180168,-0.32394712372840218,0.92592133844910174,13.782306388276654,17.636524329190649,-0.12083038152760472,0.5640643398344215,0.4958896554867665,0.5,True,5
0.93822309340624588,-0.22973436475570538,-0.25876543171279137,0.2976046391881158,0.91726233048169636,0.26469094395728537,0.17654717707436224,-0.32534894917546586,0.92896671390179208,-1.8718810759590339,21.531311140624918,-4.1918581182506109,0.2099005458441153,0.3119436999793467,0.2558139534883721,True,4
0.52347725565841374,-0.8204287677859381,-0.22993085873275895,0.85193793376529403,0.50816561807719685,0.12637033518964455,0.013165098558617042,-0.26203881695937531,0.96496753240017041,-6.7635359266385029,-1.1880534637633873,-2.4929288614736054,,0.1126348575553076,0.3333333333333333,False,4
-0.7575061563051696,0.6398370550870458,-0.12958767725870013,-0.64484390800523395,-0.76430226151856928,-0.0042880468908471497,-0.10178780608847773,0.080315602314479206,0.99155869546717068,-20.239252136268746,-4.6874996827653357,-4.9103536671151842,,0.323992932684236,0.1052631578947368,False,1
-0.10142025138084231,0.98710609187001175,-0.12383656973188673,-0.99399983153597682,-0.095420183180223703,0.053472642989701807,0.040966663475297704,0.12851673834550215,0.99086082799187158,-0.87425096875138564,-6.8154333508296343,-0.33363941645492129,0.3433555245887376,0.2012446509680423,0.2608695652173913,True,5
0.97187871743641052,0.10059858726703316,-0.21291238299834808,-0.062280348068578475,0.98176919813534647,0.17958396319587089,0.22709671252269345,-0.1612735745017029,0.96042590413255158,-8.5956017930822277,-16.125889757018488,-0.88691587496998037,,0.08451024509429556,0.1428571428571428,False,1
-0.92337097534098111,0.31755797823478371,-0.21573820328648846,-0.33714316500695773,-0.93953765964614866,0.060028929656704727,-0.18363150107467119,0.12816363199470768,0.97460430701233247,-7.6826026563518743,27.936680088786499,-6.1102944632365856,,0.142182747101161,0.5,False,4
-0.71016267603469763,0.68398158024534716,-0.16684774931750296,-0.69451518035911342,-0.71944612415362841,0.0067778087219378391,-0.11540207025000199,0.12069164148938039,0.98595937535814016,-27.556976225212424,11.137755631092666,-8.161350653647256,,0.181809151062486,0.55,False,4
0.93222354716974209,-0.26038554419069815,-0.25131380081241073,0.31557687012125551,0.92482460889224527,0.2123927537176821,0.17711718478662164,-0.27730634894250389,0.94431493247191767,-1.9811022720821818,28.085621514127613,-5.0063452036194409,,0.1895089118212375,0.5263157894736842,False,1
-0.92332803164215027,-0.2982161869227441,-0.24193480907280485,0.29630444461241823,-0.95402643259971065,0.04513581730731131,-0.24427243415244776,-0.030011193883809434,0.96924212978744884,10.315793205733069,3.8604216461927501,0.63823503204237841,0.1953996091588881,0.2283202339472109,0.6129032258064516,True,6
0.66701583046466328,-0.69559856330392633,-0.26689421244952211,0.74173161899813844,0.65372039008483007,0.14994618023057205,0.070171841132587565,-0.29798035223291608,0.95198929741631633,6.6233664255824864,-9.8322487984185951,1.773688335583486,0.2206569701392122,0.1347905033322847,0.3478260869565217,True,5
0.12332377435755593,0.98187932913899789,-0.14388964412964694,-0.98347771197968181,0.14029100163110075,0.11441164669976236,0.13252485320654162,0.12740258188471798,0.9829576518913169,-10.309575249678666,25.168586358389284,-6.3662212009561898,0.3673420839615379,0.3216507006650502,0.4166666666666667,True,4
0.97445449356629998,0.014087930745453101,-0.22414274508838694,0.056762481865305317,0.95017849947797206,0.30649443678846955,0.21729348959629963,-0.3113877796849156,0.92510604259293527,-1.4817537303967228,17.789512931766044,-3.7379374057126999,,0.0742384214308547,0.1818181818181818,False,2
-0.36859166313211517,0.92578055125845804,-0.084086602863281346,-0.92933232486724793,-0.3648428475643164,0.05684299902360223,0.02194574734060506,0.099096253676648899,0.99483582398349346,-0.27012103937477577,11.688769039991129,-2.8199413522568646,0.586999142855331,0.5681796338967567,0.8416289592760181,True,7
0.83055079789293529,0.53281313796645291,-0.1621589717830948,-0.50344134072487157,0.84275716930562805,0.1905444043605293,0.2381851980467144,-0.076619276910623785,0.96819279993043794,-11.406697174858412,-9.7206792812729095,-2.3380264364862295,0.49190065961528,0.3247601757651872,0.6,True,4
0.70490011118216434,-0.66709124590494451,-0.24105000081386235,0.70601977475592981,0.6925529925980447,0.14800820955974103,0.068204918510033713,-0.27451707065405406,0.95916029265736324,-4.9078849251388696,-8.212785863034231,-1.1001914488920916,,0.09160257928864321,0.3333333333333333,False,2
0.5514225551093811,-0.73478839341161228,-0.39499263616455316,0.83358601386836073,0.50386597426587931,0.22639222040554646,0.032672973536221436,-0.4540981137206781,0.8903523908630917,-19.477164084334138,28.341991810884071,-8.5719675573613898,,0.4533945900079577,0.4444444444444444,False,2
0.95220556482226615,0.26860953469381521,-0.14544236038059111,-0.20726791455188179,0.91792932749495459,0.33829833183444896,0.22437596555518038,-0.29198401941926405,0.92973155183899625,-18.151589994974966,16.314676346260118,-6.9532503591428734,,0.3898259078744333,0.2903225806451613,False,5
0.97222806442401977,0.086238593649842321,-0.2175672211331986,-0.046638619085109058,0.98237999188745551,0.18098174147973581,0.22934129579331952,-0.16580849346309492,0.95911944696129525,1.5171898480047719,-9.0486851574661333,0.49785283828304272,,0.1086468421054847,0.3333333333333333,False,2
-0.63758431716517505,0.74974258569627616,-0.17712225636119586,-0.76785558920211006,-0.63706970476272184,0.067379413804366545,-0.062322007638549046,0.17896437206047994,0.98187968758748667,-15.0181432500985,16.558040530353168,-6.2859209789761987,0.5828528112695323,0.4500479892369528,0.9188034188034188,True,5
-0.016134107443312191,0.99803710142113888,-0.060511443247539071,-0.99442936731642462,-0.0097122136873705762,0.10495668784764089,0.10416296844687142,0.061867738702681946,0.99263410122368534,-8.9998184466582902,-9.9658322153994323,-1.7556560705239308,,0.06522441953910826,0.2,False,2
0.31869005577765885,-0.88337489424569116,-0.34363562761280431,0.94734308709116222,0.28488784117061855,0.14621899087919654,-0.031268573504699526,-0.3721393746562674,0.92765002136658359,4.6982001772543196,2.9070160835589096,-0.49251050418532716,,0.09093575981824575,0.1707317073170732,False,4
0.93786347077042831,-0.2066173890400565,-0.27878551745152819,0.29199084145241994,0.90399440481594007,0.31230668351699159,0.18749255639185808,-0.37430384797346733,0.9081537153422331,-11.017944340943879,-3.6129210950341131,-3.0237933241953319,0.7053115986456066,0.6405543294613829,0.3676470588235294,True,3
0.94546347855379198,0.24618514803786953,-0.21328779525921759,-0.22179402087197017,0.96612229658659532,0.13196636065183215,0.23855025262281668,-0.077463416680505964,0.96803574110141977,7.4721117380633766,-6.4994902182278391,1.5245003541348283,,0.07986878795157928,0.1481481481481481,False,5
0.9611223589069805,0.19406424753098292,-0.1964252505135656,-0.1396677810271032,0.95533287602740224,0.26044578499983295,0.23819471478613605,-0.22288598836949694,0.94529631017819293,-12.001635672851199,31.987838980876564,-7.3715263396164179,,0.2708574874159931,0.3076923076923077,False,5
0.75110597892204167,0.63621435919230263,-0.17626995655836614,-0.61603896345739584,0.77143265275077566,0.15933504878788513,0.23735164614954307,-0.0110883464695197,0.9713605121903367,-14.028565930634153,9.0683899142331423,-5.1541584581852593,0.0978076100022276,0.08932765134055722,0.4177215189873418,True,5
0.28317562460925638,-0.91714847388413456,-0.28044650555705003,0.95808093750362411,0.25725589465857612,0.1260964783631652,-0.04350267600199046,-0.3043978999852307,0.95155106834328529,-8.1084398154175545,9.197255211697394,-4.0324700886644695,0.222650388419153,0.1446067783320556,0.6111111111111112,True,5
-0.58703970076749834,0.80478739234614294,-0.087759004344300673,-0.80622809682772811,-0.59100204031838699,-0.026699142777337925,-0.073352884117443035,0.055080318265244663,0.99578386858366708,-6.8351186974060569,-12.051140919889836,-1.0446918991382412,,0.4865129136163738,0.4741379310344828,False,5
0.60938060369013947,0.7729409260649488,-0.176685043679707,-0.75807496116385198,0.63327906131898104,0.15582035730729946,0.23233086988746332,0.038986604222591981,0.9718551391995236,9.1197781017183015,12.617372608173035,-0.70282376315210426,0.3272990393426774,0.2821208095301546,0.82,True,5
0.65763767406293416,-0.64160636483514422,-0.39478343716033315,0.75173150859451521,0.5930781244077491,0.28837142253559334,0.049116480322893452,-0.48641506036719206,0.87234623883448514,21.746183938758278,-10.823814747450914,5.4826116577784321,,0.5351823920468259,0.2758620689655172,False,4
0.37012816438493251,0.90989283486475103,-0.18735039629215464,-0.91147913131434122,0.39465548161745262,0.11598639578739738,0.17947405134864086,0.12783614469735699,0.97542143968718575,-7.282215575715802,-9.517754801351666,-1.4270698404425723,,0.0841915890031264,0.4081632653061225,False,5
-0.81762022913675803,0.5637121811173218,-0.11715689380615747,-0.56104893927076682,-0.82576419169778426,-0.057771856927511744,-0.12931066719147027,0.01849531209947429,0.9914316288987558,-18.755277501432946,7.3861242448013567,-6.0063412212243232,,0.2429110102825622,0.1972789115646258,False,5
0.56792595124463485,-0.73774757149790593,-0.36495018105464822,0.82235586709726416,0.52718974941391339,0.2140135415425938,0.034510023958047531,-0.42166276674830933,0.90609578378037814,-29.231542698179716,13.386641519925378,-8.7788116577698112,,0.3638878969151242,0.2,False,2
-0.47890222012742617,0.87446654036733051,-0.077207080860600713,-0.87780698532344625,-0.47805221888354876,0.030347529353802374,-0.010371117316216164,0.082306414078785473,0.99655310652624329,-9.6631498491973851,-4.2171328637737266,-2.6558583100573769,0.3463297294993504,0.1531884800043991,0.2,True,4
-0.38912526329023017,0.91530717893474545,-0.10389560943479403,-0.92063982985562587,-0.38253453927728936,0.078036081035100069,0.031683326099288478,0.12601624677171647,0.99152209879399877,21.841605479767765,-9.2759160007457773,5.2996852879449321,,0.3407339063394875,0.4333333333333333,False,6
-0.97315023028849446,0.063921237995989824,-0.22111694784098224,-0.067997741800331357,-0.99762630861323343,0.010865333533323418,-0.21989755887573448,0.025609054957083391,0.97518677180563695,2.8876041917453783,23.384513102818808,-3.2771655767719703,,0.1415964541361174,0.25,False,5
-0.52331074346836071,-0.81479342538847099,-0.24951460821826774,0.82688629577349759,-0.55630332196671517,0.082375165133569378,-0.20592454839716756,-0.16321240122160163,0.96486102235239224,14.946948122062789,-8.7105249423630227,3.607593074342891,0.1549464064602934,0.1359443139995474,0.5714285714285714,True,5
0.90220051999661599,-0.33897395980500777,-0.26670372380592988,0.3944872319899807,0.89851849568424358,0.1924690539027194,0.17439623136616184,-0.27885689427991167,0.94436475315306168,-0.97061642450244467,-16.106776709666786,0.87013014378874254,0.3891593577637157,0.3432894036430184,0.5714285714285714,True,5
0.97312929407202653,0.1210686932994333,-0.19586155447572229,-0.046962622182339549,0.93708968391598857,0.34591536019088626,0.22541936282546229,-0.32742219808833906,0.91759512589287573,3.3592803009055654,-5.9348720502272965,0.44985448715886073,,0.1406608461866624,0.1785714285714286,False,5
-0.73236953218475564,-0.5933219216348169,-0.33407179712608426,0.63657190669198205,-0.77075720522148061,-0.026637158439078018,-0.24168383466425311,-0.23216896413332699,0.94217116075331075,1.5657511267291291,5.4021574373105894,-1.5869742660596431,,0.4351673946562039,0.375,False,4
-0.75611003186914905,0.64801816550362057,-0.091488124279366534,-0.63754471708890403,-0.76091578440110563,-0.12059810430218187,-0.14776452016253416,-0.03285766617659841,0.98847661598773473,-13.212966863829612,23.670025078461752,-6.8080057786123422,,0.5447151739776045,0.5555555555555556,False,5
-0.23914122322207504,0.96628007149660644,-0.09546883671839379,-0.96930694610783596,-0.23179368536738118,0.081949567728624648,0.057057160663238127,0.11213612643711748,0.99205341064114516,-6.0862726769040361,-10.391944247846023,-1.0471717856580844,0.3115924121331337,0.2704984426842164,0.3486238532110092,True,4
-0.81214848936593853,0.56429436156406054,-0.14827914461458064,-0.56997764498512604,-0.82164491628913972,-0.0050115619741565726,-0.12466080152891783,0.080445665161152535,0.9889328488420972,2.0531956277312058,-8.2719318519791649,0.51405493607303976,,0.07882886936322116,0.4545454545454545,False,5
0.75422816448722485,0.62714459821496749,-0.19449814606833477,-0.61279445772487284,0.77870175980789158,0.13456047656638317,0.23584492463462348,0.017698084695248931,0.97162953296110199,-3.8828023963364382,-9.2014473488642654,-0.7067058260548974,0.3793269553195458,0.2317495247680856,0.3220338983050847,True,3
-0.9385449247431018,0.30135502782369394,-0.16828122724875294,-0.30096327513924148,-0.9532112843453332,-0.028449154893987291,-0.16898086062163076,0.023945659358253393,0.98532840928366217,-1.4068512454404001,14.883369195545516,-3.3626172742290992,,0.1802448946926632,0.3421052631578947,True,5
-0.30441653067260116,-0.86336998062517234,-0.40239638717134019,0.93712392436000713,-0.34714691247576324,0.035885534002503355,-0.17067315619439782,-0.36617113173191934,0.9147619231476618,2.2696644787303804,3.568856501576597,-1.1817444669855732,,0.2631209265542932,0.3362068965517241,False,1
0.77414535041886867,-0.53123030906283963,-0.3442286088602261,0.62005649731510526,0.74582207608486817,0.24347355290006248,0.12739276495221208,-0.40192510441306917,0.90676749714597371,-2.9508081373177824,14.379694362614567,-3.6061939722803209,0.5564871071601759,0.2619924200254396,0.1612903225806452,True,4
-0.97087683731780727,-0.064972690053095278,-0.2306007725638318,0.073359410118539761,-0.99691316231711546,-0.02797398337649179,-0.22807140045790827,-0.044076029155911536,0.97264625632704471,2.2705301173261736,4.4683575241725659,-1.2429677140607929,0.1597299176154078,0.2669580033571597,0.5052083333333334,True,1
0.96316424673026568,-0.12989633230110958,-0.23546035053749753,0.18667816718488364,0.95321713791744533,0.23775691341571614,0.1935610904004576,-0.27295426509801124,0.94235347585064522,-23.299254860104607,7.6502250391145648,-6.9169368721727107,,0.184277575650469,0.2727272727272727,False,5
0.9077736312988689,0.36577145388760912,-0.20532481057926627,-0.34028769787092816,0.9283806350782664,0.14937763918800134,0.24525765430699759,-0.065731574852741212,0.96722698632286408,-11.319191768782435,5.3631300413849665,-4.2149529189915143,0.3913176007354348,0.3928263483148982,0.9615595826468973,True,5
-0.96433422073317721,0.16187925221335672,-0.2094149431768885,-0.17873714863858001,-0.98180505748049285,0.064123792793901194,-0.1952243386964983,0.099266997580109789,0.97572205098170495,9.0315340861664275,-10.224377686254009,2.4023219357926302,0.4890921483956963,0.392348161566526,0.8076923076923077,True,5
0.95590054536744506,-0.16733596692010044,-0.24135621297397425,0.21593245026076258,0.95746880532844247,0.19138093882962992,0.1990661304456553,-0.23505778225330534,0.95137821853958471,-14.921740871208627,-6.7759590975781325,-3.5176660554926067,0.5385798272340712,0.3275573863041173,0.4571428571428571,True,3
-0.86875975304964514,-0.41455659529630007,-0.27092309015190957,0.44652564154156055,-0.89229630660707571,-0.066499268125820604,-0.21417596253318871,-0.17874599439347347,0.96030126864503873,-9.9900736813469972,19.889668344020119,-5.6864976278714847,,0.1197303567149642,0.3043478260869565,False,2
0.74570929442781486,-0.61543626076110125,-0.25525645367818534,0.65901469002624125,0.73770068107017972,0.14661972404219387,0.098067765007603849,-0.27755344366263235,0.95569179099614887,3.9565340499805921,-4.7994823715433332,0.43064497978794275,,0.07226125723592526,0.2380952380952381,False,5
0.51125781835291928,-0.81784826367103047,-0.26408267793116419,0.85915787221042617,0.49406546885995201,0.13321810349591931,0.021521937456167164,-0.29499750861740731,0.95525560773944496,7.0369700812216331,-5.6495783561523023,1.284116401507196,0.5104644181691399,0.5178036090070497,0.9680232558139535,True,5
0.97425213740985084,0.072025330487752684,-0.21364719637867702,-0.013279744251352286,0.96428706891119564,0.26452617474132001,0.22506981393549347,-0.2548780110146554,0.94041521593190813,27.534378426923006,0.97996802919100656,5.2742961255896255,,0.4016572956267103,0.5,False,2
-0.71533728545978292,-0.65581275140256423,-0.24125132772448951,0.65907408333403328,-0.74792597647843395,0.078918225944240639,-0.23219371375735898,-0.10254934815288141,0.96724852570835529,-19.415048452968051,15.289868550007506,-7.0463084293527958,0.2864381679075363,0.2924496573505058,0.821917808219178,True,5
0.84435291987715744,0.53250884850987956,-0.059181694413061314,-0.47740346400405298,0.79788255332535951,0.36806163024137145,0.2432161163489161,-0.28252036627062382,0.92791603251073496,-22.895008178748725,-8.7631688665392602,-5.015631564620775,,0.4231055229117356,0.2413793103448276,False,1
-0.91465870104969293,0.34275867854596409,-0.21428007111141545,-0.36538056193115465,-0.92778618717655048,0.075563455765817689,-0.17290605991972213,0.14740854509092544,0.97384506738865539,-8.3810048400157839,-1.6767895237661918,-2.6977989529338067,0.351145421252483,0.2988848953585986,0.8517145505097312,True,4
0.72322434731871243,0.67443989169484264,-0.14858457502739608,-0.64422590882383035,0.73636802182859518,0.20672473201905917,0.24883633546074574,-0.053786326504892928,0.96705093414751253,6.4135001316904896,3.3560584650144945,-0.17000219886419116,,0.279509650776294,0.125,False,2
0.75285406486567363,-0.60748225460051075,-0.25332995748768772,0.65071143485824445,0.74480979841621575,0.14775991583620324,0.098921107757434706,-0.27608635339088661,0.95602873383145004,14.633275216507926,-5.803793912625772,3.0947241619900794,0.1691518312653434,0.1652179651199294,0.4339622641509434,True,5
0.96795738947509302,-0.071264052293046359,-0.24079021369510939,0.13913099599706547,0.95045156769287098,0.27800068960890734,0.20904798040982603,-0.30259420404386062,0.92991165686081978,-21.292606444561258,-10.062732269538051,-4.525699326878879,0.4239975857580031,0.2217339648048268,0.4736842105263158,True,2
0.55334792165090174,-0.783705456866436,-0.28215569191919476,0.83212909076433472,0.53515773388731014,0.14549012394084365,0.036976396638268974,-0.31529661707409889,0.94827252905126391,18.116755732020412,1.0913211848542481,2.9081013526862964,0.1632637793202996,0.1107601633558654,0.375,True,5
-0.61068522121033086,-0.7083489675662229,-0.35398488773273473,0.76784056506973908,-0.63898748704235731,-0.0459984568945319,-0.19360895441242992,-0.29989453404682209,0.93411928639770969,-1.3029953522256466,19.427286594640712,-3.846509273747948,0.6106004066173913,0.3577299991883396,0.4430379746835443,True,5
0.93217609017862557,-0.2370166462689399,-0.27362537581649105,0.30778499627193356,0.91681569000636209,0.25439612148781843,0.19056792219357779,-0.32135976716070613,0.92758383291282087,-12.070075689151517,-7.3585293812224268,-2.8502191676220403,,0.2295315896492309,0.1363636363636364,False,2
-0.12028782139595513,-0.91411775257525785,-0.38719449176166731,0.98365709099290177,-0.16238454737310845,0.077781656666684656,-0.13397599547380909,-0.37151042138975288,0.91871129275502628,-23.346575058183817,21.454187625796283,-8.5315889560669778,,0.1748966678812846,0.2608695652173913,False,1
0.8311630043589201,-0.48706035010406018,-0.26821684425398395,0.54001070609998469,0.82204368075704326,0.18064502269592109,0.13250093389275225,-0.29498542723993032,0.9462700989852878,4.4122787943742043,-5.6994775881323037,0.66692301549273969,,0.1680862380982058,0.2903225806451613,True,5
0.61926176154501478,-0.678139697852009,-0.39577951044154891,0.78322532684723811,0.56908940014111986,0.25039037927216362,0.055434268040652268,-0.46504172376702635,0.88355149090621243,-16.357343062590981,-8.8600556861173754,-3.5795380172906777,,0.249382380063505,0.4166666666666667,False,1
0.69860410394847405,0.71081224586056524,-0.081842880454007422,-0.68148209450896646,0.69586873588167963,0.2266028624843599,0.21802399136338621,-0.10253123210560164,0.97054257280805845,-2.797027117268132,28.726278511308916,-5.1577517792071541,0.5827956649392192,0.6435547862404776,0.4444444444444444,True,5
-0.43076465094108757,-0.85428830387042598,-0.29091804579605018,0.88646327051895324,-0.46097330785684487,0.041066768370043041,-0.16918831378213814,-0.24019805018714935,0.95586620986717996,-14.897719496377324,-13.689094471603138,-2.7100402845962606,,0.4574398101065051,0.8850574712643678,False,4
0.57201207481877236,0.79931033479696256,-0.18413357908945321,-0.78735537612210293,0.59799301830125851,0.14991951759051672,0.22994281452819051,0.059222789107904489,0.97140051641798919,-21.557585716435522,22.683641944683838,-8.344929721494605,0.203166318898409,0.1846725947690447,0.7307692307692307,True,3
0.63604594989516083,0.7661093546653146,-0.092314713433225642,-0.73807809221108989,0.63890749711578887,0.2168823181526727,0.22513613530484483,-0.069811652491072601,0.97182305681459602,2.1605446559349293,-15.098623898254825,1.4979423579053799,0.4485118981338675,0.1600850179363944,0.2068965517241379,True,5
-0.81461104706178022,0.57352088003872681,-0.086502266817207768,-0.56902141483377622,-0.81913327622604004,-0.072355409194906489,-0.11235422317598345,-0.0097198733941899901,0.99362067842598922,3.7639948515883805,4.2460979152803251,-0.88743632369484937,,0.6096200536198916,0.5161290322580645,False,4
0.093965406277814509,0.97673053044474911,-0.19278997204254469,-0.98729944010684356,0.11633736660945161,0.10819164799138814,0.1281027633884595,0.18017515929644121,0.97525719376210873,-5.4094118886999984,10.726357168506659,-3.7629003116747057,0.1815483818134339,0.09896930272008161,0.392156862745098,True,5
0.89087586916060701,-0.36423905753010205,-0.27142235485846594,0.42346045845568814,0.88216639185224288,0.20606721527427005,0.16438195117417934,-0.29851694433645987,0.94014158937480885,-18.39491469500264,-14.215139980686214,-3.4085286731893056,,0.2876462836512361,0.6326530612244898,False,4
0.90268244400400588,0.3810887644406078,-0.19983933272528259,-0.3527896656537397,0.92132782636366806,0.16338447960538272,0.24638152750333733,-0.076983049985890631,0.96611063182225299,-3.7585064035176434,-1.1288235668788646,-1.8295383056019172,,0.08435043234897491,0.2245762711864407,False,5
0.014160670955625738,-0.96455477867679917,-0.26350247499755575,0.99392269514645948,-0.01519274586581291,0.10902686157940733,-0.10916570647820183,-0.26344498363948371,0.95847774576372269,5.0217906396443528,-16.538464999938903,2.3258904961010858,0.9851108877342742,0.7682341862482326,0.9354838709677419,True,5
0.15423534867706973,-0.94903755845072513,-0.27484390091167887,0.98622943331438895,0.13107189515718942,0.10085466357229725,-0.05969055271013373,-0.28661449884782308,0.95618469291626351,5.200673241290648,6.4368719989549419,-0.8915646161925419,0.3752150211770852,0.3249444526645645,0.7737226277372263,True,5
0.87080408379977547,-0.37256850738921599,-0.32076931732852204,0.47100364369357905,0.8192358068368667,0.32712117085832448,0.14091066412804404,-0.43594196872762869,0.88887501069434594,-9.3846981395863267,11.832344644847488,-4.5930344603327677,0.5847213560258947,0.5489132435577244,0.51010101010101,True,2
-0.5495309506940943,-0.76380404973401417,-0.33855443851641531,0.80762968585619521,-0.58939055984035338,0.018789850848237116,-0.21389255422540804,-0.26310101022420102,0.94075917942156517,-12.695562516503921,-8.0405045157396682,-2.8518869317703657,,0.07095184658994742,0.3571428571428572,False,3
-0.11617004603980773,-0.88432307190076165,-0.45219157987197184,0.98626742687391,-0.15651741882800968,0.052714896290656017,-0.11739285792000378,-0.43985793400530848,0.89036167640007757,-5.8023525312065116,7.0922733886517637,-3.3272054051910356,0.4672118717781009,0.5732806115707645,0.1953690303907381,True,5
0.9755268197847885,0.035668521411255642,-0.21696815540745337,0.022646419159372575,0.96520876498022157,0.26049794568213896,0.21871114187401619,-0.25903628430336045,0.94077927264288408,-23.470696884001153,-18.980711658845088,-3.9648374771424524,,0.1738424507198854,0.5,False,1
-0.94226332625899123,0.27545869288865932,-0.19042671162264577,-0.27362604977842048,-0.96114770358341139,-0.036385117548163301,-0.1930507934974636,0.017821346986342253,0.98102690621694666,-0.9496867130333646,13.655717218075692,-3.1356389521451913,,0.3635650446964212,0.3191489361702128,False,5
0.92826130269510732,-0.27505683325554431,-0.25034914099755728,0.32919134396364819,0.92088124205195865,0.20883198293424732,0.17310116400010156,-0.27626341870807758,0.94536474998041697,-0.06413017073839683,20.299372154854019,-3.7052528055671097,0.3184342761017379,0.2275075445931209,0.44,True,5
0.9721613555000358,0.13198030942279809,-0.19360655153428311,-0.053742516265534966,0.92984343575190354,0.36400951489562222,0.22806586947148236,-0.34347108017089295,0.91105080882926548,3.7959799590849945,14.473579827403443,-2.2389742734105602,,0.5917543294000815,0.4126984126984127,False,5
0.5404899147990867,-0.7713152905278835,-0.33607049052001486,0.84066604480139118,0.51120442915986108,0.17874739921276278,0.033930121108862968,-0.37913421661098867,0.92471941294444038,-15.28113102097784,2.9759763847180949,-4.7852842226384151,0.343828187701209,0.2099731301213534,0.3636363636363636,True,5
0.90657328558300665,0.37844705954515023,-0.18682264581378299,-0.35307061269387557,0.92257451425555537,0.15555516094973476,0.23122720497208815,-0.07506056732903113,0.96999994376960685,16.373371941816067,0.28536281788740758,2.6958646841925433,0.1212818035426884,0.1085530260168404,0.3888888888888889,True,5
-0.92635916353477832,-0.27484081464019233,-0.25752907941252168,0.27810931795691934,-0.96023945714537162,0.024400659964402743,-0.25399588067660206,-0.049017461675169058,0.9659624118205844,-4.3408706141159419,4.8718346043899148,-2.757649360782108,0.2807910465859674,0.1991471126926369,0.2520325203252032,True,5
0.37535224918076432,0.9241123583186589,-0.071603339570635138,-0.90894409676840993,0.38211275749884999,0.16676471301352827,0.1814698817567279,0.0024879226980202562,0.98339335581233611,18.307160324183378,-9.1385298592889885,4.4656413001668387,,0.3736587390202403,0.2222222222222222,False,5
0.85781441855235507,-0.44193418203031454,-0.26239017145633198,0.49382879602843405,0.85019451436106708,0.18248947356890974,0.14243434816361442,-0.28611792412141429,0.94754893802888107,13.300702987442429,0.79482741863633866,1.7683998247687169,0.196400392229953,0.1892572598972246,0.3636363636363636,True,5
0.37431071905145713,-0.88353060311011322,-0.28154068794947201,0.92721079172249554,0.35231661860341817,0.12709503518704973,-0.013100889913476937,-0.30862059818446064,0.95109499686400523,-11.020809093715116,1.3954402087116589,-3.6927334680725239,0.4453870579332213,0.3227746543256819,0.9709576138147566,True,4
0.48577656284975457,-0.78034424971049465,-0.39380703768425118,0.87396498883565454,0.4410260141216199,0.20415987156513496,0.014364166365441702,-0.44334964397387711,0.89623365475352679,5.0825236431993703,25.807321603751106,-2.9816131147444671,,0.1877863303946499,0.3846153846153846,False,4
