axis_00,axis_01,axis_02,axis_10,axis_11,axis_12,axis_20,axis_21,axis_22,location_x,location_y,location_z,dbh,dbh_approximation,score,reconstructed,number_clusters
-0.46859885017562686,-0.75832009412084656,-0.45317298293988334,0.82791701755728131,-0.55592561026817333,0.074162847080035357,-0.30816964427590543,-0.34043699960566937,0.88833221243313709,-9.7880936383355284,-7.3086504612005259,-5.7028225060540381,,0.07642219099240809,0.2289156626506024,False,3
-0.74130620557297144,0.55056080093513504,-0.38385923728974758,-0.62307892654772812,-0.7771146870073542,0.088687172294498504,-0.2494749704301723,0.30491895269255631,0.91912277276637,-6.2328843907162801,5.5434940885963764,-5.6977187810968157,,0.06848721387529405,0.2652173913043478,False,4
0.79652122264576775,-0.35689830182351368,-0.48803436767340841,0.53913410648375748,0.78461106440114492,0.30613704912222456,0.27365737172758903,-0.50696062941297027,0.81737541137738734,-11.098425844434141,-19.40190701777869,-4.8323585574236914,,0.2326984884820408,0.3,False,2
-0.88935229581060626,0.24783056583353044,-0.38422975493190969,-0.27340344259752086,-0.96181887165606339,0.012450530192765541,-0.36647380740269453,0.11612264535778122,0.92315355154106593,8.0647065071464681,-19.716815076283833,2.4632579498692877,0.2266523725878057,0.2315882206014384,0.4444444444444444,True,5
-0.63612555649506797,0.66774260053278545,-0.38660586623530974,-0.74802101001433763,-0.65658443711103653,0.096754563306929706,-0.18923225134995214,0.35073736096586206,0.91715563492339303,4.3142833557943243,-11.112681110127347,0.30017639734391627,0.469943759955145,0.1381564740059006,0.3076923076923077,True,5
0.90548730722022075,-0.12077823332499679,-0.4068234934439825,0.19482670590020248,0.96995980238436585,0.14567270309347041,0.37700834358293628,-0.21116486477010102,0.90181711491603211,12.437948231718412,-6.8495320285016241,2.9120903803660658,,0.08096359272237072,0.3478260869565217,False,4
0.87573169678861684,0.33061246799418459,-0.35183716581186225,-0.24852184847591402,0.93347279806220596,0.25858349929574148,0.41392135251741297,-0.13901054378970712,0.89963613902813244,13.605885850749001,5.7336373818823425,2.1811381565863681,0.645086590244065,0.5553165810477034,0.6956521739130435,True,5
0.11646982091206791,0.92674155632785415,-0.35719024145647821,-0.97766966447065107,0.17031704675031223,0.12310211517312061,0.17491943285568695,0.33487638220883581,0.92588390235934337,3.2251499684750522,-2.8207183729454051,-1.0961645458883398,,0.07727727649920994,0.3541666666666667,False,2
0.49572376830508563,0.82372355512733098,-0.27520437908179551,-0.79705905146385769,0.55735320590532711,0.232495746943014,0.3448982661843073,0.10410047356013938,0.93284954702653589,15.389535955908558,-5.7880921808535204,3.964291403462278,0.8019959356104651,0.4615762680582962,0.3055555555555556,True,4
-0.91000552112960709,0.19849302471854419,-0.36399240466212301,-0.15700195626856583,-0.97754438430208734,-0.14056088519675725,-0.38371908636589164,-0.070763661985061149,0.92073458005061848,-6.9024972596407697,-20.279937598740602,-3.1453452770265193,,0.4588750649557655,0.1666666666666667,False,1
0.74827142337797503,-0.38781672018834318,-0.53822678166202131,0.61264520860560945,0.71519072563403008,0.33640462889154898,0.25447146269963211,-0.58146402942007314,0.77275083769743258,3.6816124078921559,5.0943904353459999,-1.6525180703942282,,0.07851969067264793,0.5,False,1
-0.90285054134876142,-0.03823500085744326,-0.42825107670113466,0.02237255070263738,-0.9988664989547491,0.042014119542620541,-0.42937206355480068,0.028351401646391335,0.902682573811735,6.9986742995611664,5.7060027337835564,-0.48892457346797563,,0.1353161425112374,0.2272727272727273,False,5
0.88830606065077977,-0.19165211998728587,-0.41735094047512633,0.28932407963088258,0.93928667540530164,0.18447796169678152,0.35665658490603569,-0.28462256816780251,0.88982361967567969,-21.428007916196076,-20.316997105674862,-8.9229611376234121,,0.1066015749929687,0.3888888888888889,False,2
0.13668791020397389,0.93463822108961647,-0.3282800799355734,-0.97346673879194234,0.1881242205152501,0.13027580788968057,0.18351818348558749,0.30176261089466616,0.9355535275953929,-14.469961719027475,-16.355693513891136,-6.5264710040291423,,0.06463273344629855,0.4210526315789473,False,1
-0.88302638560274294,0.25742482515776149,-0.39242433884999234,-0.28509247485650074,-0.9584144956035352,0.012803725911590777,-0.37280917787730655,0.12318325377063041,0.91969516845579291,6.9018260400415103,-4.7429673337376146,0.64103813980970481,0.6617712461633659,0.4316617876526954,0.3333333333333333,True,9
0.89613909047421081,-0.04430853107407566,-0.44155575480126341,0.16265288857639465,0.95855453683631786,0.23391716001240476,0.41289074627776617,-0.28144263000578229,0.86620510137820084,7.5691743930891793,1.1431091928922692,0.28428111272001544,,0.187209176758151,0.2631578947368421,False,3
-0.7342312414238833,-0.52108919351509908,-0.43516725120225441,0.55101058701075711,-0.83185153898825948,0.066410466682024008,-0.39660032415418328,-0.19102112313732994,0.89789705055543467,-24.031650780437346,-20.280928530449692,-9.9166356613015498,,0.2601472042875361,0.75,False,2
-0.70308379150692557,-0.58160750160779817,-0.40915265634452536,0.59858210375360665,-0.79466679602997337,0.10101558470534908,-0.38389145234838568,-0.17388903749515661,0.90685718580868913,3.308177635199133,-7.9758306231869138,-0.44034002273720513,,0.07440978341151865,0.3125,False,5
-0.91076829154805483,0.0070277538612796703,-0.41285800196472267,0.05567119795456886,-0.98863613827119279,-0.13963990770022267,-0.40914769561729286,-0.15016389972256572,0.90002720313953311,-11.176510055711717,-17.464250412529875,-5.1202655291137766,,0.3587515081883285,0.631578947368421,False,2
0.73991054011023882,0.57941178123563963,-0.34178118789529399,-0.55140405034245743,0.81341262732420438,0.18523895641972404,0.38533876770928183,0.051399275042346509,0.92134257940540987,-7.1616199353517782,-9.6617637542291241,-4.4436015079655009,0.4721381500562209,0.4001067626240309,0.908256880733945,True,5
-0.15763995324548757,0.91548768562743166,-0.37017825787759151,-0.9861529112504458,-0.12639648504624099,0.10736090629379491,0.051498356993501346,0.38197673493615231,0.92273598238850829,6.5966623094574643,-3.3278197993026231,0.30956934492539062,0.3779392486697923,0.337585203377171,0.8530259365994236,True,5
0.30881508036905636,0.92956427479336279,-0.20135417841342124,-0.91649435795961387,0.34743089929678106,0.19831757875192685,0.25430559955464971,0.12329650944662093,0.9592323142979654,-12.432181377074862,-21.349912108452791,-5.1738387471202696,,0.1223717964605201,0.3333333333333333,False,2
-0.27591256045335233,-0.85663621959386504,-0.43594339800484105,0.93078490819053961,-0.35128605837903565,0.1011808275971799,-0.23981599960971045,-0.37785247447708059,0.89426830082629172,0.18540553812868532,4.2076923400709783,-3.0409923182631706,,0.07186793392309745,0.2636363636363636,False,5
-0.33797245957218719,0.90375352891248772,-0.26268645863262774,-0.94101144622533306,-0.32938293763207288,0.07748766656554576,-0.016494685314774743,0.27337966159736704,0.96176477684581263,-1.1581495428338173,-6.6137630107583361,-2.3022397633377909,0.5892268065411759,0.5215738863592456,0.4819672131147541,True,5
-0.84974342181590268,0.43486032226343524,-0.29804801157119221,-0.41561582777590272,-0.90038165698247674,-0.12874919600386248,-0.3243448793842002,0.014469688677754361,0.94582822294897562,12.284237214670888,-14.38644135794452,3.6584330554305624,,0.6320039212199132,0.3720930232558139,False,1
0.37474472544861315,0.88661800800760793,-0.27106253637318445,-0.87703537993429737,0.43380931750226887,0.20644228828347622,0.30062490431091315,0.16036827593023531,0.94016311509398065,10.812462206146254,7.5875418296351533,0.94619057896641945,,0.3070583138731759,0.2857142857142857,False,3
-0.7940461190701924,-0.32369270160863989,-0.51450344577550178,0.44945889730631577,-0.88250781593677685,-0.13844368690081232,-0.40924010118969945,-0.34117882369191577,0.84623847102483141,-10.955519893781926,11.188969159920637,-8.1640273336918003,,0.1377725883110939,0.2758620689655172,False,2
0.68410598591669802,-0.58695239860736881,-0.43299639929449651,0.69289893756498833,0.70838281740868225,0.13447991047531402,0.22779390324206025,-0.39202125678232597,0.89130761910608203,-18.836139312018624,8.841430701257126,-11.228875967229209,,0.1127945361661529,0.5084745762711864,True,3
0.54414205295653717,0.75064042822960941,-0.37476442428746259,-0.76779273133338999,0.62560279518885187,0.13825868639441191,0.33823623093314209,0.21250903547652694,0.91675305394908724,-18.951754218118019,15.888314281705968,-12.048144042947936,,0.1681486940066703,0.3043478260869565,False,1
-0.86705513253011046,-0.26132709925290304,-0.42417395529340973,0.27031254553752598,-0.9619376488637682,0.040088494901514379,-0.41850510735021518,-0.079900606346317127,0.90469296903826735,-8.7798343016589691,3.9866819087095986,-6.4938565856917272,,0.1240678130780162,0.4743276283618582,True,2
-0.35582186910629859,-0.80238790915597413,-0.47912883518528299,0.8927841526353254,-0.44340638139153132,0.079543935937908372,-0.27627387547310045,-0.3994551591625447,0.87413289696104091,1.5782733149752417,-13.475605490946831,-0.6750243870683309,,0.09116608598186159,0.2962962962962963,False,5
0.87511896210604101,-0.23668449209807202,-0.42207493808886914,0.33905745662059178,0.92222734637827075,0.18584069172834183,0.34526344039359369,-0.30574036827408091,0.88730828010066964,-7.3774744226832061,22.311714472253968,-7.9599687114843416,,0.1267319979927972,0.2272727272727273,False,1
-0.86852747119770179,-0.20343171932664283,-0.45196854685556415,0.27530440088012753,-0.95628589407893683,-0.098614277068189427,-0.41214987399119546,-0.21007813869475711,0.8865662169356483,3.5575059839498433,-33.251552257603862,2.1172828702260853,,0.361580875084882,0.4090909090909091,False,4
-0.66053015554106331,-0.52170513840473764,-0.53992931220947149,0.66180174504790545,-0.74418987338528453,-0.090553203158930812,-0.35456785510314781,-0.41713928239005332,0.83682522381598035,-14.095227341691121,-2.6976265645096507,-7.9632068179578166,,0.3833644543580491,0.4320987654320987,False,2
0.70476133630190796,0.60757847642172624,-0.3662783829862219,-0.5949271982094948,0.78740266135762504,0.16142700430079387,0.38648814688751859,0.10414146088845599,0.91639591249605024,12.935911480120293,0.98209280902730445,2.4299652434048848,,0.1127701346016251,0.2380952380952381,False,5
-0.82146750636883592,-0.37554421751539163,-0.42913596524984821,0.40571776553619093,-0.91370989264853841,0.022963597377534242,-0.40072962294855019,-0.15524423585740382,0.9029479478489133,1.118096531273495,-10.221367244112887,-1.1026692696780687,,0.09792507447461836,0.2631578947368421,True,4
0.40125617598150415,0.89459983153440004,-0.19668406812785669,-0.86960132061863238,0.43951080287511607,0.22499732739390915,0.28772734387789967,0.080755158192490684,0.95430161899174981,8.9634030289445619,3.6216469538401488,0.56968355592916398,,0.2660095492972708,0.2,False,1
0.90979065938324011,0.1185590760131526,-0.39777468696979362,-0.057521488549688846,0.98510413222865356,0.16205285255453122,0.41106232429406347,-0.12455357947863284,0.90305823255481321,5.3364443324989361,5.4587455481684284,-1.07120094394677,,0.07754817301694401,0.2068965517241379,False,5
-0.20197210070755714,0.91315019136145137,-0.3540677880749955,-0.97874223779774505,-0.17502771600316999,0.10690617653520074,0.035649719303778804,0.36813316428604625,0.92908937722175244,-2.303460134471655,-5.5165875554279209,-2.9762141150641317,,0.1048375160374955,0.3173652694610778,False,5
0.032824771582230627,-0.83833249846419633,-0.54417015389430712,0.99386840856384395,-0.030139152425230027,0.10638241372455623,-0.10558466190384039,-0.54432550326975149,0.83220287530192116,20.21361483040906,-12.580152610887291,6.4246658131262118,,0.2300544634203044,0.3684210526315789,False,5
0.41865334637615842,0.8407999665822129,-0.34319789009169666,-0.85889402137057813,0.48934892055365553,0.15112476304976602,0.29500921277465214,0.2315017281756665,0.92702562760139406,3.8771374132660315,-18.248902622123676,0.61891251504938305,,0.07471588147498867,0.5555555555555556,False,4
0.71979291326802719,0.60375531847283004,-0.34260425774484699,-0.58437246686805677,0.79338931221567,0.17041777849886436,0.37470919654535834,0.077542985999492831,0.92389398923611032,-20.316419337226129,10.030290696311001,-11.976613182389944,,0.2195232948762028,0.5757575757575758,True,3
-0.33114393265322573,-0.82836167482923362,-0.4518413787393355,0.90736359383070075,-0.41094571028802473,0.088402102839850824,-0.25891119029040138,-0.38071059726513878,0.88770740487642086,-16.789298358467565,-5.8600705874261667,-8.7211009095367782,,0.211509253207998,0.8076923076923077,False,2
-0.88768832693868138,0.23222767858436577,-0.39759242889688079,-0.29293241853536012,-0.951042970680396,0.098528503949023183,-0.35524643895165131,0.20393031461439109,0.91225675902864445,11.436985439759942,-12.73151961787311,3.0962709707602056,0.1817410741197728,0.1181243684911319,0.1428571428571428,True,5
0.4497837893490863,0.85500259766013875,-0.25819585750586654,-0.83486477085890576,0.50519706942513043,0.21857889976611466,0.31732531764339578,0.11724537960479686,0.94104100003339031,18.586687397539411,-7.7381978368362008,5.3769497243993225,,0.3832220398721423,0.2173913043478261,False,4
0.0023622921487319046,0.95525650195752254,-0.29576922599161987,-0.9919905141944545,0.039591525344138581,0.1199472003389276,0.12629029782222559,0.2931169162446996,0.94769891531391537,6.1066059288549059,-7.3281280412752547,0.627537425320007,,0.1134265232110369,0.2045454545454546,False,1
-0.13864679587077636,0.96025630365427073,-0.24224965900286199,-0.98936204358656832,-0.12342324108990947,0.077002923769623782,0.044043304882531956,0.25034882634256095,0.96715337586337635,-4.9978075185232838,-25.673485209599516,-1.9322383647071164,,0.1395635138075282,0.25,False,3
0.29276875909450439,-0.85791821776842092,-0.42221177780744301,0.95613924215756574,0.26690692712864311,0.12065836836747991,0.0091762358634320806,-0.43901825004412148,0.89843128441944697,-7.0603117695022508,5.4060129305696565,-5.9759052229767269,,0.3522481391603516,0.943758573388203,True,4
0.63928478573209568,-0.5908269610883542,-0.49217726967279668,0.75209263663671788,0.61376575270875855,0.24010053460723765,0.16022368316918223,-0.52365551926142406,0.83672771467111673,10.498291777133479,-5.8268753088807586,2.1026320612144409,,0.2338220107270369,0.2222222222222222,False,2
-0.34261012451408918,-0.84287389303361171,-0.414948072682358,0.90083432401029906,-0.4201100686602921,0.109567563152384,-0.2666755018094974,-0.33626051009984492,0.90322369659018797,6.9957537094349469,3.8083276847688325,-0.21061363532256144,,0.06690991451446185,0.2941176470588235,False,5
-0.78555423995515816,0.49513886358402925,-0.37113615002743922,-0.55133776001566925,-0.83236688329880704,0.056498194381190102,-0.28094698871740598,0.24900376976292227,0.92685808631876077,14.985020584519708,14.809903438977548,1.8273913938025788,,0.1801060475592519,0.6111111111111112,False,5
0.91203645234321862,-0.010663923962738957,-0.40997047494046729,0.096729808607705442,0.97705118135121549,0.18977442700983371,0.39853839679999725,-0.21273756073131733,0.89213781252123636,-10.039462139349874,13.458488287637479,-8.1390059772041852,,0.1733144243872132,0.2285714285714286,True,5
-0.87300048663401342,0.28901471477308938,-0.39286211955520245,-0.32114723113126808,-0.94687567624304414,0.017056074460398321,-0.36706212862878723,0.14105654321550809,0.91943920154765846,16.998913669264702,3.9345918263673121,3.5897559950411324,0.4652844101213076,0.4534963783743414,0.6190476190476191,True,5
0.89271072922989325,-0.07317963107893298,-0.44464850782723031,0.26839023596923639,0.87896968956518673,0.39418138725979512,0.36198651239267038,-0.47122927160866201,0.80430637099612734,-17.805065076969218,-11.25056532156961,-8.4560933178044664,,0.4703062781665788,0.303030303030303,False,1
0.57947196513805366,-0.69650356135126068,-0.4231962082108644,0.79958907706198612,0.58634265592990209,0.12984451347758394,0.15770082264276303,-0.41362432092670709,0.89668577086720658,1.3155313042658792,-5.2481930721152814,-1.5190407891335831,0.4937549030497358,0.3741028719099808,0.9108159392789373,True,5
0.8387503806954022,-0.24356892952450324,-0.48700305487091611,0.44347700571121623,0.82452311070334083,0.35141113431634446,0.3159524399157741,-0.51072087923480625,0.79958629254439761,-8.0572709586028406,12.639762906556435,-7.2078693078333007,,0.1858296547713844,0.12,False,1
-0.77774595225335541,-0.43042280697269308,-0.45809108372819163,0.47863598658784484,-0.87792763203426738,0.01227457753997177,-0.40745407851266113,-0.20971237481000499,0.88882050705130911,-4.1278351183492381,-13.003159744583966,-2.9019875418826699,,0.1177859938640701,0.2857142857142857,False,4
-0.92273035510763468,0.077400685591154678,-0.37759479026193771,-0.08535569020480481,-0.99634104474828367,0.0043507125346529812,-0.37587643968809609,0.03624439846261783,0.92596071496985388,-8.1205562622879111,-9.7246782493239472,-4.7595521514632226,,0.07974293692764406,0.2291666666666667,False,5
-0.91279339150278149,0.21507419352863394,-0.34720500530213783,-0.20799848262238307,-0.97640758966713193,-0.058007327702698383,-0.35148948157183302,0.019269408875981761,0.93599350116650626,0.025254711672895835,-23.051183792051461,-0.39472895383046769,,0.4441798304147084,0.1428571428571428,False,5
-0.51255068577267704,0.79808699963334029,-0.31677900108784068,-0.8470941331599755,-0.53032018874608255,0.034525743645413415,-0.14043975249162133,0.28603782691205565,0.94787079156155041,-21.260705780416018,9.8310276716246427,-12.356920178902385,,0.2457235049531171,0.4186046511627907,False,3
-0.81811871308332906,0.42443693660011417,-0.38798847682938714,-0.48883661205034196,-0.86865200925038533,0.080513685447955619,-0.30285398795792817,0.25553272525212756,0.91814077804179872,10.27556320940055,-15.088454651489489,2.8767381614416925,,0.1033613845119165,0.4444444444444444,True,5
-0.83056537421772214,0.42548915121089509,-0.35933291159091996,-0.46292593813412869,-0.88615505092970515,0.020707523135553574,-0.3096138481289441,0.18354347690289763,0.93297966598055238,2.2421476627034478,-15.092926570775631,-0.2972318439051288,,0.1172625526598494,0.4615384615384616,True,5
-0.4222714789001526,-0.78283403051245248,-0.4570094952833097,0.8671093583496251,-0.49579301185809121,0.048069221495497791,-0.26421233652117471,-0.375978948964314,0.88816196223758093,-8.0297849918880537,6.9669037501149322,-6.5309501232435103,,0.147455418215337,0.4439461883408072,True,5
-0.49407614107100561,-0.75272212741117017,-0.43508409041239982,0.80736858999448402,-0.5828934354006674,0.091603508978241405,-0.32255964830508843,-0.30601412038075904,0.89571794188398801,13.310770862948878,-0.15134922762068512,2.5512035065886121,0.2118197761897122,0.1522863708897636,0.5135135135135135,True,5
-0.41621043882411518,-0.76158840146335771,-0.49674135862672536,0.86068754145211723,-0.50616660417232617,0.054884650037748277,-0.29323339953516164,-0.40469553441710143,0.86616147329462134,-25.181398242555101,12.005125618593654,-14.216164281608341,,0.3635537059766256,0.3103448275862069,False,1
0.18704419418734905,0.9338854037065526,-0.30474993382222926,-0.96258754737610774,0.23615408831239509,0.13287761365177206,0.19606040665379992,0.2684945051899375,0.94311771143667733,8.1602075955554199,3.3694508025528189,0.25219598296242685,,0.5367352054060938,0.2826086956521739,False,2
0.39008945923164035,0.86181257026515168,-0.32420565622662789,-0.87537187900332059,0.45630802987353708,0.15970928377250665,0.28557711260982027,0.22149960633351806,0.93240744159811051,2.845567470471269,6.6397998508288136,-2.0633722579724614,,0.109399597814547,0.3157894736842105,False,2
0.46205789556049653,0.84477668150059959,-0.26991639361668801,-0.83957036526497386,0.51472086406656914,0.17373552850065502,0.28569932257365011,0.14633793249666407,0.94708030630647078,-4.1695699138589619,-15.109055110685667,-2.547598528322681,,0.1115423661374878,0.4117647058823529,False,4
0.51983378659095059,-0.68217333020193194,-0.51421044512895597,0.8469969898480143,0.48994368836864877,0.2062796194880297,0.11121570710522896,-0.54276581486763631,0.83248803997664367,-16.250425725596891,6.2838306659831273,-9.7111555034580679,,0.2853622166914089,0.3071428571428572,False,2
-0.91313529301403995,-0.015689016548077278,-0.40735462610840456,0.017292174841070859,-0.9998504469304681,-0.0002538940918498378,-0.40728972162507332,-0.0072758870729414532,0.91327002804530522,-12.267265838333122,9.6195694709887629,-8.5581826243703016,,0.07658660786482441,0.125,False,2
0.69215142241575689,-0.57847284874301164,-0.43161970728291554,0.68775761500707899,0.70998907607230011,0.15134389600435541,0.2188969425268881,-0.40160263336430829,0.88926905570093584,8.7172100350198516,9.1352421191538404,-0.063825433291602993,0.1593702854199969,0.1511769873686258,0.5,True,5
-0.89586474712632924,0.019355198521990108,-0.44390509249889359,0.033432015847950511,-0.99328249896266707,-0.11077986085395279,-0.44306732577862173,-0.11408441411802531,0.8891996914544712,-14.060237393716069,-9.1815428708309419,-7.2120061292852657,,0.276144984724203,0.4090909090909091,False,3
-0.72338874327727187,-0.48409857412726875,-0.49229797544543641,0.56897880497297237,-0.82187966585331473,-0.027873542085158465,-0.39111615358005669,-0.3002705203392268,0.86998032680282633,-11.216322592704818,-11.80186505726939,-5.6885578068586655,,0.1216742769208204,0.4117647058823529,False,3
0.21633733212952586,0.93968976073161259,-0.26491755755941165,-0.94808278405587354,0.26698426379740503,0.17279594168099677,0.23310339616561565,0.21378156249013303,0.94866234785372083,13.927040547300681,2.1732888635198564,2.5439795138263555,0.6852335148241884,0.2693807472041646,0.3076923076923077,True,5
-0.12291795410775401,0.93762647756369288,-0.32518881458233984,-0.99095859742641423,-0.098204356545388921,0.091416423809850877,0.053779501156483674,0.33348537138382756,0.94122009770741299,18.310782306553051,-5.3839244566502673,5.124563025245747,0.224572190864879,0.1436898220747646,0.3823529411764706,True,5
0.87463351647391685,-0.24266602003904994,-0.41967775087426107,0.33021328526537064,0.93202937502854166,0.14926630670770286,0.3549301312860349,-0.26913648359580372,0.89531567343756724,2.4133526839315609,-12.180172035474735,-0.33292078226043276,,0.09000679594661855,0.3428571428571429,True,5
0.92414024228319958,0.050551879244031699,-0.37869423034638988,0.04453376172431972,0.9701973106402344,0.23818883788527334,0.37944901720709368,-0.23698456897307119,0.894347112372605,-4.3221951010977975,17.025267578129871,-6.1939343920424754,,0.1262673481303627,0.2580645161290323,False,8
-0.75946171376298166,0.5675027830683137,-0.31805423521455223,-0.59564466705068098,-0.80317544226766535,-0.010799979269623339,-0.26158236932614326,0.18124513827371797,0.9480110041080021,0.48566197098540381,-5.6366323059304113,-1.7651132663084408,,0.09168745802420766,0.2234042553191489,False,5
0.86225598961677585,0.35117317558112471,-0.36495480421863569,-0.29132080120609527,0.93333504315357951,0.20980440416288942,0.41430278680529398,-0.074586178168443637,0.90707778215078794,7.1404958493486408,-16.04351587522105,1.7388534353509155,,0.1609857713650712,0.5714285714285714,False,5
0.89671938137613549,0.29883949557274198,-0.32648017849515687,-0.20558523150270658,0.93447011879274677,0.29068936972556814,0.39195543579899356,-0.1935472887159585,0.89939445371779003,-6.6835548165558247,-15.949925428457249,-3.4716549970712993,,0.1552475753224344,0.5,False,3
0.082797055416539561,-0.8920293594557771,-0.44432901040025036,0.99272467823476018,0.034714540835760428,0.11529359860050256,-0.087420597332905248,-0.45064234435245609,0.88841382060303409,-7.6963724798935056,15.434203097290847,-7.4124897302997601,,0.1160265179139416,0.3333333333333333,False,3
0.6227684343504446,0.76242451105121134,-0.1756938875573566,-0.69277109270825143,0.64170393692347516,0.32906575398349791,0.36363125592351264,-0.083216117941381063,0.92781861774285135,2.3408778271118957,-9.8550170212217356,-0.73414595897931356,,0.4648321917893387,0.2,False,1
0.73231573026108732,0.62329462308137051,-0.27425806104838762,-0.55498437616866758,0.77966840757286415,0.29001640719357247,0.39459601293074897,-0.060174638101490097,0.91688221681332072,-2.73197678861411,-6.925956934442576,-2.9546276765336166,,0.09151887155962997,0.3013698630136986,False,5
0.87394975817962151,0.33820804328615328,-0.34903744732382569,-0.22316640429815582,0.91722736568277463,0.32998593248087038,0.43175059486978473,-0.21049769380966854,0.87708730735907825,-4.4970136697139997,13.993514530729904,-5.9105082671728528,,0.2833107839951103,0.3409090909090909,False,3
-0.74754670382693988,0.56074206766389367,-0.35600879083176939,-0.61409149141990227,-0.78772884758153583,0.048732975012264104,-0.25311176535901592,0.25505214415857591,0.93321103615257117,-14.033742640944482,6.4718044015154401,-8.8945288964088434,,0.1161951408382971,0.3513513513513514,False,4
0.05114542413593938,0.94162981586077199,-0.33274229588671722,-0.98775543165627977,0.096866113425314593,0.12229539363112191,0.14738844196025624,0.32241316032675038,0.93505422368151769,-17.495910754919755,-8.6115379303411359,-8.6687840329888939,,0.614861731338294,0.4477611940298508,False,1
-0.033135207402631331,-0.88218010861789975,-0.46974494567722108,0.98715158876191877,-0.10239537941199406,0.12266591653713026,-0.15631314351392539,-0.45964490885245818,0.87423838793020903,-3.5678154117571315,-11.481911923459471,-2.7330881706880934,,0.1014041219109431,0.3529411764705883,False,5
0.68080686759162823,0.63973048855836834,-0.35671684996499131,-0.63105085704617614,0.75953245563800886,0.15775064073968931,0.37185591949216207,0.1177087543106598,0.92079738504041753,26.723023692280144,-6.551720914862404,8.2936799443913234,,0.2701838378586586,0.52,False,5
-0.86637856531967672,0.29611957159337221,-0.40212110224903158,-0.33576270772070443,-0.94146495455328028,0.030118822222172881,-0.36966415252047269,0.16111157210873361,0.91509096579191129,6.9736964487820829,-13.019053257881975,1.463066461314195,0.231602841777708,0.2518635537354326,0.7966101694915254,True,7
0.50890120461918664,0.78493898250703997,-0.35339829891774083,-0.797539884428344,0.58442331370435907,0.14959787145825232,0.32395940591864936,0.20571870148245758,0.92343387374365171,12.072644691359649,-9.1921671458286536,2.9892166333366803,0.3105686718468557,0.2815241913834153,0.8125,True,5
0.27874146329933547,0.92380520100720021,-0.2624636112488562,-0.93469945454130243,0.32372520773331065,0.1467614375720557,0.22054506641032948,0.20441609640649741,0.95371585559431282,-3.8765769634428699,-20.421536265869253,-1.9699548200663408,,0.1459680862837505,0.1875,False,4
-0.27672180909308641,0.91972420759255458,-0.27844644429494325,-0.96093767840015432,-0.26631833765540885,0.075321452849648141,-0.0048804306338261494,0.28841276843563479,0.95749373700307905,-11.875353023320868,-18.682947046617279,-5.177179879186669,,0.3075349025641132,0.5909090909090909,False,5
-0.90223907763780475,0.19190229768506203,-0.38618409460576814,-0.21635229543754395,-0.97610182242273336,0.020418533784883314,-0.37303663498668432,0.10197421441821698,0.92219571054716942,2.5054312788342128,-19.901130375944078,0.25375031082042415,,0.1781132421700364,0.303030303030303,True,5
-0.9134512275461435,-0.12624871500317142,-0.38686963806234587,0.13710648469773346,-0.99055620059273064,-0.00047468002230686979,-0.38315619106086823,-0.053475933160080646,0.92213429489656518,7.0482560110621053,14.765807670655924,-1.2677926195911111,,0.2095758157529794,0.4791666666666667,True,3
-0.9114583181304694,0.028280512532165517,-0.41041923312838618,-0.046011447912462707,-0.99838281391812367,0.033387176189777476,-0.4088113024021881,0.049315002624419887,0.91128554775349035,12.942843830969544,-13.73503551795689,3.8248962375193813,0.5045860322863847,0.2160682502799628,0.2692307692307692,True,5
0.88978218292921929,0.26884558683979642,-0.36879495302739468,-0.18315392732839442,0.95049963600914977,0.25100812905294323,0.41802189637134801,-0.155796316975849,0.89497776607626534,0.97613082745937996,7.2853983838980643,-2.9977416251304478,,0.0833244664075692,0.46875,False,3
-0.57919345734287386,0.78397982567459346,-0.22340674096016552,-0.80356729375894731,-0.59518984292746513,-0.0053530623853216414,-0.13716611597668746,0.17642189153053986,0.974710609779465,4.3207511990860938,1.3792236599794347,-1.0170097448367958,,0.1919292123688496,0.3,False,2
-0.92176380072965358,0.15677292494125472,-0.3546459441045211,-0.14480971142300797,-0.98762598990281303,-0.060208400959287103,-0.3596965987356685,-0.0041417476809715095,0.93306012817188722,-1.2171596064832564,-13.038919453878018,-1.8831744773499943,,0.1621523691359024,0.1851851851851852,True,4
-0.84814502712981255,0.38359530087752047,-0.36538289245619238,-0.42018731115658242,-0.90714593230691931,0.022997413811371936,-0.3226339047557934,0.17303439728474374,0.93057318941517697,-8.5031488314537604,-6.6292269375450443,-5.2802127991360397,,0.08814357785392454,0.2222222222222222,False,5
0.48198555528688974,-0.75832682143217456,-0.43889674912371379,0.87032351423609489,0.47218322731571305,0.13992848319571352,0.10112816156997899,-0.44942566875768619,0.88757515918325691,-1.9923772986258088,-14.400570708754861,-1.987980332136029,0.1198711234767493,0.1089683774170662,0.3023255813953488,True,5
0.30585403298660496,-0.79341525303042748,-0.52625616078530757,0.95085526880477422,0.28256557859551512,0.12661339415394676,0.048244878402059876,-0.53911866045578938,0.84084689549068703,4.9648126266910859,6.5768155959589221,-1.3273648287241451,0.5003880065684961,0.2836024779170392,0.4947368421052631,True,5
-0.4555679467686839,0.82181934567364368,-0.34215611780809935,-0.88532795910228013,-0.45843253956777019,0.077678899948677993,-0.093017475286945095,0.33830839443027305,0.93642681483886048,-10.784707421093712,-10.240798635431608,-5.7266840967526464,,0.07737204151903135,0.2894736842105263,False,4
-0.36594077924468177,-0.7891417463057897,-0.4932977298987346,0.88097191461224778,-0.4645902817951213,0.089690332399660608,-0.29995971687916134,-0.4017600954537171,0.86522424489307681,-11.724676252705276,7.4971998629254797,-8.0891169171683739,,0.1215555970062333,0.2272727272727273,True,3
0.12621715357995553,-0.75320661901641983,-0.64556101122359322,0.98960210573462437,0.050356777454684969,0.13472886583794091,-0.068970301346104448,-0.65585363003816155,0.75173074534569539,-15.866598617226293,15.455408567518383,-10.614812365913609,,0.1289560777689274,0.4473684210526316,False,1
0.61925466340789892,-0.58598055557121154,-0.52263797253933131,0.76045132628034828,0.61334966320808426,0.21334472339616969,0.19554396489288092,-0.52955545425855322,0.82542932989989382,-1.8170159794769623,-11.996877925581007,-2.0905230254161498,,0.2973101001579203,0.1739130434782609,False,5
-0.023045510013852834,-0.79168676935982885,-0.61049239445614623,0.99435272351862547,-0.081427941589802932,0.068059911545198359,-0.10359327053092784,-0.60547629974181905,0.78909244372992271,8.7651732275547865,11.661516900417366,-0.31163157337695385,,0.2435213160345819,0.2857142857142857,True,4
-0.48206223017585809,-0.7243288878905394,-0.4929134492029324,0.81545415304126756,-0.57666667419570217,0.049900612820047874,-0.32039121480718891,-0.377893118539253,0.86864622282897841,-10.390997788504905,-8.7018719132881852,-5.714006015504757,,0.07747161563611567,0.2894736842105263,False,3
0.6305891609750337,0.71263179301069912,-0.30743005326603873,-0.68093555961359664,0.69806621594220108,0.22142791561556724,0.3724031064780764,0.069710011838276742,0.92544931818819021,11.597574017436919,-15.72071948076689,3.4565574761118856,,0.2308201202258254,0.65,False,5
-0.89379385397860589,0.23759730320239467,-0.38036833214796034,-0.27714546306935861,-0.95942332910342998,0.051935227660657404,-0.35259458148154038,0.15183674483814125,0.92337568953639659,15.693244585393186,0.78057983140330678,3.4053285751172857,0.2104223701493559,0.1558496863213218,0.4736842105263158,True,5
-0.0040266767088927499,-0.90758391651798109,-0.41985142652200813,0.99225336489658145,-0.055758159555177288,0.11101480754580592,-0.12416539665339535,-0.41615196998320514,0.90077771517339589,7.4190797944807123,7.2165768593473736,-0.43927228904243826,0.1258361029724351,0.1067170856843009,0.5,True,5
0.66260740326070422,-0.59823509237548234,-0.45062867573491761,0.71994651246521868,0.67460913746587414,0.1630322999798485,0.20646657921628972,-0.4324549524494411,0.87769827718224236,4.9740611596238447,4.4545536725895651,-1.1578573610368184,0.2656987857461926,0.1764863888968062,0.6666666666666666,True,5
-0.37882907446602287,-0.80659242412357002,-0.45375895989575654,0.88065490840026994,-0.46490301878451668,0.091170803635565498,-0.28449158976976446,-0.36506690410321463,0.88644835770549291,2.8831215692804486,-13.192669574673136,-0.10001053461181818,0.2216442798377364,0.1657603580259485,0.4411764705882353,True,5
-0.46747108723575592,-0.72869502430540256,-0.50047411936200048,0.84420997162594369,-0.5359500190248595,-0.0081915147913574765,-0.26225999772352765,-0.42633453843173708,0.86571274389040487,11.571156216830929,10.978772730499347,0.85064233966737135,,0.3148395260292838,0.2666666666666667,False,4
-0.0010817187226839532,0.95310007788263484,-0.30265338495500227,-0.99211162395185792,0.036915676504475768,0.1197988249016869,0.1253529237960293,0.30039552987408558,0.94554173367834748,2.9032534468625046,4.4976994363893859,-1.938641861745511,,0.09547183161219171,0.1964285714285714,False,3
-0.29877609305491015,-0.81262064638469877,-0.5003803865941967,0.92138040975803681,-0.38220534774958997,0.070549363326167305,-0.24857792889344826,-0.43996222249294209,0.86292656468909035,4.2157764182827782,11.60444974250912,-2.0337655719415562,,0.2982743303128096,0.5348837209302325,True,5
-0.8587564480054658,0.3469327744176729,-0.37706102031885042,-0.38940333467348653,-0.92018955683564563,0.040202269037804453,-0.33302012845202789,0.18135277644821254,0.92531549458566842,-1.5118066720541523,-4.2843025268478332,-2.708797520114012,,0.06937680463873058,0.205607476635514,False,5
-0.84852031510300241,0.33933310472978123,-0.40603733682008764,-0.37880527450296403,-0.92529495125731454,0.018325315453182292,-0.36948591159371175,0.16935848727528185,0.91367273348918121,-15.552742132837293,-18.413730433259982,-6.7245183695320518,0.9107249763207035,0.5835014527630484,0.9528301886792453,True,4
-0.91404790683921588,0.12084259821206761,-0.38718663517766749,-0.15175359938033364,-0.9871448296812606,0.050159050117282007,-0.37614793509729733,0.10460474028891609,0.92063596455446339,-6.3460641059676419,-5.9912409897107333,-4.4865338187914903,0.232484335362197,0.1549775834355223,0.2058823529411765,True,5
-0.37533931854132091,0.86006821266637734,-0.34554748663215584,-0.92554707299315941,-0.3678195607244602,0.089840895043741362,-0.04982982671786261,0.35354128515539479,0.93409076007631076,12.26118965369235,-12.56114406730925,3.4232376591705505,0.1694451191010181,0.121326779011752,0.5,True,5
0.52706828175685272,0.8163084737281473,-0.23630383425899384,-0.80276740486991738,0.56949241909658332,0.17675655085439013,0.27886111246335121,0.09653424424081225,0.95546722583485733,-16.235853821774253,7.806735487621812,-10.034431675174435,,0.3370907206640251,0.126984126984127,False,2
-0.88158551927864748,-0.1785135192851286,-0.43696669853735376,0.2363270097744489,-0.9682726955551153,-0.081225190018231891,-0.40860312853582526,-0.17487398455707565,0.89580275333126025,-1.8758849015253702,-17.675695115854342,-1.6158756936177621,,0.2346624242369562,0.2142857142857143,False,4
-0.17369127546946092,-0.86701489740040016,-0.46702945143916302,0.96265677638501956,-0.24947977466822846,0.1051274127499237,-0.20766143528781333,-0.43132935179194998,0.87797022647521583,-2.8979858911083465,-16.187665073651264,-2.0468144541881639,,0.09143951798125735,0.35,False,5
-0.7712141972020703,-0.47746830168921939,-0.42101387496848541,0.49111822010823697,-0.86706268715943646,0.083697015559548948,-0.40500809363725576,-0.14221925825242759,0.90318443668524628,7.2608022882310879,-6.6067715092179276,0.9961005842358982,0.3181780031267167,0.2620395801698322,0.7967479674796748,True,5
-0.69259429049156629,0.6485665324967621,-0.31571284690935691,-0.69213043856317213,-0.72079000948987215,0.037645959065246967,-0.20314675678640753,0.24458784750007001,0.94810768379042654,-8.6133021726785426,-14.276084069730786,-4.4072989080111045,,0.1749435501757683,0.6176470588235294,False,5
-0.36612960989864923,-0.77868220171605451,-0.5095126470325344,0.88927061316790268,-0.45407076353818981,0.054931942035824612,-0.27412932223942171,-0.43298241353487138,0.85870795050358761,1.7031099785523822,4.4337407527759494,-2.336611265520355,,0.09988299050121305,0.24,False,5
-0.91419679611136107,-0.042951350259960726,-0.40298808852194296,0.00029710959422708214,-0.99443882009320783,0.10531545383996681,-0.40527044020704511,0.096159318854052447,0.90912554451621985,-4.9119305203926409,3.4045018176472652,-4.9454106254153842,,0.08036144881414808,0.3276283618581907,False,5
0.7207780100894301,-0.50248540280892839,-0.477480345287081,0.63676762352345839,0.75215229158087549,0.16968772466482313,0.27387233121257148,-0.4263512052681292,0.86210126781173735,-5.8379618227192394,-14.374956871937689,-3.242234191563226,,0.1781349415622852,0.2678571428571428,True,5
0.43456178911055071,0.83403657140524334,-0.33991035436365302,-0.84660885073505343,0.50703753902608328,0.1617602790410739,0.30726129808700309,0.21747627819364584,0.92644188329378252,-2.075187061396139,-28.856644806662256,-0.59196852733077721,,0.2474961780773861,0.6428571428571429,False,5
-0.058262308281614626,-0.89282586663268604,-0.44661781794425875,0.98713171446259085,-0.11825944221408438,0.10763680889621299,-0.14891770121729775,-0.43459944339449696,0.88822679652516068,11.542744099492872,5.7281788510579297,1.3652221908042641,0.1729421401853376,0.1356602568849251,0.4571428571428571,True,5
0.89762936963053774,0.23452019051607004,-0.37317796695007222,-0.13147760016967588,0.95061390272914525,0.28115271400377007,0.42068415162721051,-0.2033063899103249,0.88413311010917617,-3.9422193642217285,-1.6203937612125943,-3.992731541047029,,0.1582165952641908,0.2212389380530974,False,5
0.90617805450761479,0.15491785674281916,-0.39349941701482188,-0.090496358681527153,0.97996829841416877,0.17740502577047385,0.41310016048674886,-0.1251502767294162,0.902045268066061,-9.3589508282306628,16.577077377091548,-8.1837439544336146,,0.09005757948963693,0.3103448275862069,False,3
-0.12494456909223037,-0.80659567702520951,-0.57774758195824605,0.97391939853193055,-0.21086477209164972,0.08376785215068569,-0.18939339961455726,-0.55221323933330335,0.81190558471257002,6.4576059088490512,-11.833415985341551,1.0950663379267647,0.4235656236317485,0.3276801487873107,0.1111111111111111,True,5
0.89797543095761823,-0.081096760957898334,-0.4325083129358519,0.24176309473967145,0.91216533503095221,0.3309154085106456,0.36768292239153016,-0.4017184548038692,0.83870826373156437,-11.339372481396319,-25.011778198524258,-4.3517617914737574,,0.7487431668605418,0.28125,False,1
0.91120033611365148,0.09685358788404641,-0.400416445691676,-0.043917984975227892,0.98926945453376336,0.13934545892200964,0.40961586646769832,-0.10938614555992511,0.90567627389562255,-12.424758587201717,12.348952845743728,-8.9430739811805164,,0.1270449856855169,0.3243243243243243,False,1
0.26017839548504196,-0.83906441556779288,-0.47778458435858567,0.96555967506792351,0.22542133618493457,0.12992203460277313,-0.0013101166186784557,-0.49513243452684058,0.8688165260133861,-0.020594939984124094,-8.383461190002178,-1.7099367878462617,,0.2902414578950263,0.1470588235294118,False,5
0.1939369284096038,-0.86163226424717643,-0.46901845273649101,0.98009662310529433,0.14950589393487529,0.13060856425339323,-0.042415529899402879,-0.48501322547639636,0.87347758639608797,14.199106402420313,-5.0753559773134471,3.4309600780111449,,0.1207380782558388,0.3095238095238095,True,5
