axis_00,axis_01,axis_02,axis_10,axis_11,axis_12,axis_20,axis_21,axis_22,location_x,location_y,location_z,dbh,dbh_approximation,score,reconstructed,number_clusters
-0.9823298438712984,-0.064352146216203582,-0.17574663330248735,0.078730720799291942,-0.99398704613658773,-0.076100103252787293,-0.16979267193319789,-0.088592061664853894,0.98148963069803052,0.49384804328803655,11.971189865468578,-6.7479378596384665,,0.4514202214131629,0.3571428571428572,False,2
-0.76037600117491755,-0.60893860390474608,-0.22588075064462776,0.60860203842687688,-0.7894749634744227,0.079579148460568239,-0.22678601292824965,-0.076961410600361532,0.97089909136764097,18.347272912099154,5.6027516322186965,-3.1563906303062796,,0.4750050151491432,0.2727272727272727,False,2
0.68631692433415381,-0.69428979540086522,-0.21663508343463711,0.72651156861552046,0.66834027629787884,0.15969413184550857,0.03391194539278243,-0.26698867968567469,0.96310281116783036,-27.067561979954547,8.8223841023988641,-10.678595735829981,,0.08325375084346237,0.3333333333333333,False,1
0.66522688669294516,-0.69720000600494736,-0.26718035265998297,0.74447852702472361,0.6465943677152346,0.16633534332195724,0.05678830883121154,-0.30956077798331821,0.94918239170059104,11.665522790819047,3.739392389918291,-3.887867493160988,,0.7531835246909535,0.576271186440678,True,5
0.89345580729852192,0.42415944614688528,-0.14773450730589119,-0.39757277711004402,0.89988968940164682,0.17926079830686584,0.2089799208190925,-0.10142638292365105,0.97264591786603982,2.2344463140396682,8.4917975738090909,-5.9849490826249276,,0.2359166233115564,0.421875,True,5
-0.91992770300002435,0.37556601539295403,-0.11261966673258719,-0.37326514300891944,-0.92678825709156121,-0.041673247194306387,-0.12002564004257817,0.0037006214405455665,0.99276389495857675,-10.460007057314318,14.717437693715153,-8.8702840534477101,,0.2187976909176391,0.3214285714285715,False,3
-0.41070583096018315,0.90913022696007351,-0.069303324904585351,-0.91071774202381883,-0.40539891532310141,0.079024767116956204,0.043748311719901942,0.095571700217051581,0.99446072589081169,0.53539781940848497,6.5282838570623225,-5.9783743995924805,0.2902935556392356,0.1514430757906519,0.2702702702702703,True,4
-0.19440885068220948,0.97827104302407197,-0.072048352909808905,-0.97721835164230253,-0.18677653225889121,0.10079097286386396,0.08514394863948424,0.090001629862671906,0.99229542709423957,-14.606753443461074,-0.74879444715122068,-7.3498342990949217,,0.07982965573399162,0.2580645161290323,False,1
0.96081267951395577,-0.20404747756156871,-0.18762628223672337,0.23514389088368912,0.9583849877567383,0.16188133253280718,0.14678673463665953,-0.19965681091132043,0.96880896589133059,5.9858851193803471,-4.7821497303857079,-3.5048261713216848,,0.07039972042051233,0.24,False,3
-0.91707654855954956,0.36993272920125442,-0.14872921686009036,-0.37178991117028587,-0.92817628809747843,-0.016156737467010768,-0.14402383842300298,0.040479057292610157,0.9887459632719654,-32.564544830478766,14.720617605173707,-12.362002801182722,,0.1141408109323124,0.25,False,2
-0.3186749328514023,-0.92607207722080132,-0.20208115934966436,0.93210281452830845,-0.34488845906572579,0.1106177831619983,-0.17213549988471313,-0.15310930277164492,0.97310169616757991,-3.4399871491589256,-9.4290532149657516,-4.3229407308263088,,0.07312610137574475,0.2666666666666667,False,5
-0.95450766454263636,0.26856581634808302,-0.12956666476625284,-0.26313753071713258,-0.96303359147522916,-0.057662306738565469,-0.14026317498706783,-0.020945261507322961,0.9898926900239936,-16.203146599962253,9.4757200540480255,-8.999949526394154,,0.2051571367066723,0.6739130434782609,False,3
0.51932779507523597,0.85185339725632891,0.068150061226278424,-0.83008180066706194,0.4838805958384636,0.27717101791554993,0.20313258099975656,-0.20051273913112089,0.95840064481536813,17.851762686041212,13.271625957781909,-4.4141740799603975,,0.4377675968127833,0.1428571428571428,False,2
0.91469426378716701,0.38932143548439829,-0.10845839601994776,-0.32745283380651097,0.87121984383570261,0.3657193259030469,0.23687347978813042,-0.29900636043278583,0.92438420096505391,-18.161139524480316,18.565640107182176,-10.634361653618068,,0.2975697801088791,0.2777777777777778,False,2
0.74511668052580859,-0.63707817180649373,-0.19731329253219754,0.66457184182637974,0.73411848038747263,0.13933529274768075,0.056083860902170601,-0.23494990904719329,0.97038813924378886,4.9734032539796118,10.449842468622958,-5.8779341041960942,,0.3204594307896406,0.5847953216374269,True,5
-0.29323413825836214,-0.91823034994012342,-0.2662081227324079,0.94113206774431446,-0.32622761760016,0.088577494761554521,-0.1681789856765262,-0.2245630556519945,0.95983710222779617,10.458680405747485,-12.214392389796902,-1.671250981104546,,0.1724210106553375,0.3125,False,5
-0.0024484939001520917,-0.97342813387744287,-0.22897963458242276,0.99012927462264999,-0.03444834270549986,0.13585776098577876,-0.14013573567382975,-0.22638679259339176,0.96390403865033736,10.449827034269724,6.9948567026455688,-4.5726698662934364,0.07789646618899762,0.2141882776766667,0.3333333333333333,True,5
0.80512675710991488,-0.49713915323768548,-0.32345566512860863,0.58854739056676708,0.73713690840862334,0.33202582327106289,0.073368072366135864,-0.45769186204246115,0.88607859999967487,4.7308221745681669,-8.1963314765144588,-3.1488207541840731,,0.4812480991796468,0.3125,False,3
0.70368684837514206,-0.64491571575503182,-0.29817534941043333,0.70693101276715864,0.67757527421818275,0.20283069530066886,0.071227541104955244,-0.35351869447078571,0.93271172933967805,-0.75899438096020744,13.844233341749408,-7.2376163131340228,,0.4421724384644369,0.1914893617021277,False,5
0.78545649404659279,0.61876723920701981,-0.013608807595000771,-0.58397915091177321,0.7482215766079533,0.31485365425650269,0.2050035298730235,-0.23935658750582045,0.94904266329663467,-5.2955021168207868,-8.9501381339558428,-4.6370786266664092,,0.2786344572699354,0.3188405797101449,True,5
-0.74176374615348251,-0.61041139831518421,-0.27782093099558369,0.63651379388507634,-0.77124970819412531,-0.0049069139489271163,-0.21127407575558735,-0.18047662568149203,0.96062034774214766,-19.842937312078007,12.041305154990479,-9.9856651781598966,,0.2448304268909946,0.2380952380952381,False,1
-0.92892261110867369,0.36372948680777456,-0.069308318386728476,-0.34895921272600555,-0.92256748553291645,-0.1646107605568897,-0.12381538848095391,-0.12872488129349458,0.98392055294687586,-16.308488738099886,-13.565635401282226,-5.8361927906629667,,0.3465670744819063,0.2173913043478261,True,1
0.93395600441318005,-0.27932691310846991,-0.22294092812640304,0.33424136660931403,0.9035300849254525,0.26817176302091034,0.12652624497592108,-0.32497670877756535,0.93721995715221273,-10.270064352898942,12.925325374070461,-8.5671638793476763,,0.1118989528748814,0.2769230769230769,False,1
-0.47762271238031767,0.87285639457304998,-0.099991294978138703,-0.87833811337777379,-0.4718100337086456,0.076924967857126714,0.01996755384221259,0.12456727718298841,0.99201022688719076,8.7079549126632099,-8.5627073572790753,-2.5165399531067787,,0.3750088544217756,0.4347826086956522,True,5
0.55541007892707495,-0.7845432860256335,-0.27570178921856886,0.83106502005060279,0.51204651796600653,0.21711585821210316,-0.029164647683632874,-0.34971444893082099,0.93640227868929338,7.9569344151805526,-15.345048824044971,-1.6327922862624034,,0.2290695282017726,0.2058823529411765,False,2
0.84013527820551426,0.52758205335244557,-0.12581689590416792,-0.50008961365059423,0.84330170239970259,0.19685684404806031,0.20995974050598876,-0.10246665657754438,0.97232581558677,-3.558719840197492,-4.005394305733132,-5.0430211024007328,,0.1946591576420188,0.2363636363636364,True,4
-0.97186125533499956,0.17212616494602304,-0.16080511098734679,-0.17968618956477853,-0.98314974031936642,0.033607460327319955,-0.15231077984951974,0.061556246238188055,0.98641383551260808,-2.5697350533981673,5.5648232978898937,-6.2977340059585281,,0.08343147285159191,0.1558441558441558,False,1
0.89512409199022525,-0.36032099916634258,-0.26252930788474615,0.43266989059509176,0.84408193704779677,0.3167371928303826,0.107469184937388,-0.39710761905232728,0.91145812475367516,-12.155632183641785,0.65083366885488581,-7.1444898702242829,,0.2432569459944595,0.3676470588235294,False,1
-0.74188484947203526,-0.61613932867995702,-0.26453581568034729,0.63457515712485202,-0.77260617372775142,0.019851203432841621,-0.21661311152334323,-0.15314054972989483,0.9641715262050633,9.3996800623109795,0.78208565335748048,-3.8091914175231314,,0.1070891744846794,0.275,False,5
0.058175869803210184,0.99775348696295552,-0.033219684313699871,-0.98168065564269469,0.063223014709533454,0.17973853439918194,0.18143499802840618,0.022154675901489479,0.98315335112388802,-0.081372797565092081,14.904110413477067,-7.310414417525152,,0.1747405058430449,0.2666666666666667,False,2
0.95802291336713574,0.25309520074696346,-0.13466594529575726,-0.20872114076275447,0.93775360575720512,0.27758541079828902,0.19653901104422017,-0.23782555423716503,0.95121576042953893,2.1914855274146525,-4.149815185699997,-4.1716475697638931,0.3419220081219762,0.3803414555143365,0.5246376811594203,True,5
0.56383238581505313,-0.79471121241354392,-0.22478240493931123,0.82554692133085517,0.53448685418646003,0.18109688949015404,-0.023776488118562492,-0.28767671363191255,0.95743239293784665,-0.59118420019490525,18.994039595572989,-7.9878326978308225,,0.2940536741209879,0.6571428571428571,True,5
-0.60644540703751793,-0.76085817518196397,-0.23090865194243482,0.76871383855877884,-0.63526066417361748,0.074316370753174155,-0.20323140183379207,-0.13243385448014222,0.97013312050264833,-17.848911976483269,-5.5740583369849812,-7.1805953019246758,,0.4022423550555647,0.7307692307692307,False,1
0.74819872946270094,-0.62906691363744804,-0.21088736187134738,0.66213688118714442,0.72814144560669991,0.17715751680791703,0.042111896207155428,-0.27218532906172921,0.96132290872598947,-8.0507776608592074,-15.265888614149107,-4.2452565243364528,,0.1418603844095834,0.3181818181818182,False,4
0.0057710224458739261,0.99786130904266057,-0.065111467619743651,-0.99469295939354474,0.012417166537893173,0.10213584340515264,0.10272590633740279,0.064176490172320341,0.99263727830276527,18.418579431441611,-2.3289570364428456,-1.9834625508297279,,0.171205247185139,0.15,False,9
-0.57445819165905698,0.81218988123588143,-0.10171225518023912,-0.81852720155158465,-0.57050481581311385,0.067360785730091674,-0.0033175828454599793,0.12195020275542351,0.99253067544130547,5.0558102085496115,-10.020810395413013,-2.8779244640811665,,0.1311413711254376,0.2380952380952381,False,5
0.6334015108859079,-0.69242417813954782,-0.34547255105901076,0.77359893058607343,0.57735971342671211,0.26115217002335689,0.018633856378443156,-0.43267137511002118,0.90135911852982942,-28.268751512723657,18.479670838138574,-12.202263776870183,,0.7619426802328138,0.6046511627906976,False,1
0.53619916667491474,0.83786077578085805,-0.10237076762936528,-0.8201251011149886,0.54582398440799917,0.1716711873498446,0.19971297448652747,-0.0080931114458276388,0.97982101904831032,-5.1054905226451162,8.358571596554901,-7.0995158278192827,,0.4586591631147836,0.8417910447761194,True,4
-0.7659636013217761,0.63547691358787162,-0.097308035367120821,-0.64166119576827663,-0.76502940766743699,0.054780610157578777,-0.039631695590791854,0.10439874377043175,0.99374555646994245,11.29433225544034,-19.54763186648286,-0.5132458404246002,,0.1368115605660478,0.3076923076923077,False,3
0.81818927968271615,0.56646365787125086,-0.098413550507040107,-0.53081186853679663,0.81000135435551757,0.24927207256871492,0.22091867923005973,-0.15171265686603214,0.96342005735499248,13.827493415282962,1.439338953171508,-3.2164710429554004,,0.4222666319777209,0.4821428571428572,True,5
-0.38817377450724455,0.91138694704466872,-0.13672949038666393,-0.92056226659967588,-0.37645953758552403,0.10413131072717655,0.04343079665013333,0.16628905351072082,0.98512015337462411,6.960682523923504,-7.1012943796361041,-2.9676081759105988,,0.1200237915402551,0.5510204081632653,False,5
-0.96652177007677242,-0.18042633925370705,-0.18243356070407921,0.16739986208660951,-0.98225486277375884,0.084573463513610253,-0.1944555325544812,0.051202740754865958,0.97957405294247335,2.9377355367208167,-16.211647979452778,-2.3277269191132799,,0.1209394564489559,0.4864864864864865,True,5
0.55899834887171962,-0.80468147909762611,-0.20002140674425423,0.82916873058753593,0.54241725517503236,0.13513969625628255,-0.00024934824584230131,-0.24139436299475392,0.97042707059305167,12.109709335835355,-0.12419404427553715,-3.2311495569516242,,0.1102563311732968,0.2954545454545455,False,5
0.85633888376948852,-0.46998216539275001,-0.21401046786820152,0.50668709897091213,0.84471911681987877,0.17238850720243215,0.099759209504013568,-0.25605932494596606,0.96149972554720431,-12.669337940100808,11.042356691361853,-8.7151312375229839,,0.2048330564702221,0.4,True,3
0.97092124455015061,-0.16027207773950353,-0.17783362443095052,0.18830748850951068,0.96997378190791073,0.15391930412558441,0.14782498656325424,-0.18293092551104148,0.97194858394837269,5.2506246166769497,-11.952729559767814,-2.529639640070279,,0.08476212033143696,0.4705882352941176,False,5
-0.91318973328956088,-0.33351111750322671,-0.23421111313575294,0.33544201487673941,-0.94149067769772143,0.032771305493031505,-0.23143717434753841,-0.048637827974048746,0.97163326210046619,1.6676102920731668,15.833263310719916,-7.1785784643295951,,0.1809927322882624,0.2777777777777778,True,4
-0.13883394410517363,-0.97125655774666397,-0.19335416984979112,0.97961616059015433,-0.16331381712819504,0.1169648453409084,-0.1451802805990044,-0.17317417870201904,0.97413212140657546,-10.082893694405408,5.3400638424846578,-7.4739287317123058,,0.0703151657391152,0.2718446601941747,False,5
-0.16401321793935777,0.98079774457625535,-0.10552463492146208,-0.9830968372919453,-0.1536930642029119,0.099493972292267724,0.081365059133215512,0.12005926140890062,0.98942685475086956,-4.7147526132012008,3.4419727653135039,-6.3158279866725318,0.319722368867397,0.2625049486405747,0.5032119914346895,True,7
-0.84561942121950884,0.53153129484384942,-0.049013029471797739,-0.53255459986224329,-0.84633821886026794,0.0098598915812831284,-0.03624075912488775,0.034439830110641292,0.99874947082839649,-9.8061845751298353,7.5813749038772045,-7.7224909180896768,,0.5160587045817338,0.3451882845188284,True,2
-0.34274725088508023,-0.83560134216829429,-0.42929560791751109,0.92392830203284704,-0.38250407460897107,0.0068648095556232691,-0.16994356331859181,-0.39428546749034543,0.90313794927048663,-5.9449858538261608,-14.739035281089816,-3.9747549578730732,,0.3195140083842132,0.1875,False,2
-0.57319117585302792,-0.7890793329362451,-0.22092008115405393,0.79625931090943225,-0.60001291463617734,0.077172612109710992,-0.19345021507938304,-0.1316750113069679,0.97223387396400196,-13.748134771880389,10.959082402691266,-8.8559151915513912,,0.1789194935444642,0.186046511627907,True,2
0.92916089254177781,-0.32106254643660975,-0.18324540116086535,0.35493954753734425,0.91336607358202526,0.19945007702013839,0.10333418294519914,-0.25036225135789492,0.96262183111025179,-1.9672547618214073,-15.408003145175622,-3.1942727966678839,,0.1212679222770256,0.2083333333333333,False,4
-0.77380314459795974,0.62773811990758377,-0.084696789934454494,-0.62893171440620499,-0.7773136320831493,-0.015113437457249607,-0.075323250224489033,0.041573671868074341,0.99629214479640715,15.008462029837514,10.35485265755613,-4.3732457865092638,,0.2854418273035093,0.5,False,5
-0.68258293857201002,0.7172795355409689,-0.13996642406138682,-0.73006893076514523,-0.67788147969147305,0.086464188093896055,-0.03286165397294033,0.16120411714789212,0.98637383598346329,-11.089747377722919,10.512263151750332,-8.3561245278646172,,0.1034754176083944,0.44,False,5
-0.22151165418100505,-0.86663457313757752,-0.44707617215038964,0.96599699653327498,-0.25770491429224507,0.020927967849738549,-0.13335062711021617,-0.42723845074182709,0.89425103659824601,-14.483836133190595,-11.666934627891679,-5.7378827908488184,,0.5742933094722152,0.3636363636363636,False,2
-0.1641364443893929,0.97854492414884031,-0.12453537266876935,-0.98185018848765948,-0.14990453154991551,0.11618450321599906,0.09502333918546442,0.14134519037923415,0.98538931502564164,19.121757702846512,4.3553337852219087,-2.9088882383549408,,0.4667511748036359,0.7659574468085106,True,5
-0.80507474038241444,-0.56241895690452948,-0.18851944014506888,0.55501690328525821,-0.82637761675070065,0.095164445046854687,-0.20931053357590867,-0.02801698498865357,0.97744777307348518,-3.9387796100634236,-7.0926825288070843,-4.6981184449944733,,0.07807448674924433,0.4123711340206185,False,5
-0.79855738398856502,0.58028617286426065,-0.15991892339523125,-0.597851607804188,-0.79548891261793575,0.098847584431194416,-0.069853844012248756,0.17454325390711714,0.98216856648552386,-21.112149911536903,10.569676547823361,-9.9882150942135723,,0.07531798904201803,0.4347826086956522,False,1
0.2072370379863889,0.97730135910108018,-0.043987084306765359,-0.96580346747845236,0.2115460052363716,0.14990647042449995,0.15580908925100131,0.011416705641973418,0.98772120891426596,3.3105934230396503,-4.2964303153826577,-3.9708966438041133,,0.2846824525765825,0.1688311688311688,False,1
0.94071226142645004,-0.28035294574169883,-0.19095200186404324,0.31294197215481068,0.93449248795887008,0.16967943897920418,0.13087308075303791,-0.21937642480994141,0.96682274537363677,3.938574068598526,-10.236468938437055,-3.0061462237270509,,0.06906924944251794,0.1794871794871795,False,5
-0.41067164687694019,-0.86883999429113135,-0.27652461512778403,0.88837612950992817,-0.44956156387558449,0.093178607001275782,-0.20527213880198469,-0.20739205531053018,0.95647889910114237,-14.062738569048957,-9.0907002701022375,-6.0685277775121067,,0.2083883690613126,0.2647058823529412,True,3
0.25382632938002536,0.96253706936318906,-0.095365531588656738,-0.95444593936414091,0.2652351924628561,0.13668665447107348,0.15686026694088581,0.05632657260046775,0.98601327266640737,22.170166511260856,-7.2938824487390308,-0.68325123305814095,,0.13011358170583,0.2142857142857143,True,5
0.42190287552694139,-0.8707115452352393,-0.25270411278046123,0.90594299508513143,0.3939359409654925,0.15518300187782619,-0.035570398905264131,-0.29440767552781955,0.95501773141236834,-25.466911592484792,13.753814262580493,-11.088421999314315,,0.1026904166720128,0.3684210526315789,False,1
-0.36891958605175629,0.92213579965579839,-0.11646418342375453,-0.92791117839071113,-0.35816776523599886,0.10342483726558196,0.053658028709246623,0.14622386583253674,0.98779522018282018,2.726596492581681,11.363124531307387,-6.3219357079391409,,0.1203986314987173,0.1875,False,7
-0.90427485501008165,0.40092503049226458,-0.14678592071882376,-0.41182420497305555,-0.90977084432792277,0.052132859207694268,-0.11264018286032207,0.10759242880256628,0.98779353028330685,-9.9099535497595088,-15.556622123242718,-4.4871593981188136,,0.2399704829927852,0.1428571428571428,False,2
-0.44666063172956311,-0.86614840878353461,-0.22423472974697423,0.87481600899952827,-0.47534235733743491,0.093523225559364001,-0.18759325803739607,-0.15439098834660378,0.97003721178946234,-17.575251854544526,-12.593245222519958,-6.1813064813948904,,0.08821613758001146,0.5714285714285714,False,1
0.24705814290013114,0.96089716879545184,-0.12505560774161356,-0.9554173619095927,0.26309094085460694,0.1340179890983017,0.16167850379210358,0.086370063338656849,0.98305659733833439,-24.319611456346447,13.107717732906682,-10.830177693077161,,0.09983566846583108,0.4615384615384616,False,1
-0.20912424110163746,-0.95001357951281362,-0.23182159201617591,0.96603017703111249,-0.23750670048673744,0.10186394989955737,-0.15183131708873704,-0.20264443235666071,0.9674101948945677,-8.4077686871835695,5.1249423471695099,-7.1842956465425161,,0.1026133552125825,0.1888412017167382,True,6
-0.9044933320291757,-0.35418142910105888,-0.23758646340793277,0.36326238200798777,-0.9316679490199482,0.0059392412683662715,-0.22345526203837784,-0.08093422050586957,0.97134823715208618,-17.565119352391779,8.9134179726706364,-9.1567412004266444,,0.3619791193559326,0.6962025316455697,True,4
0.97105736977992441,-0.15568308889201773,-0.18113630345442897,0.19944602296830588,0.94578953244820962,0.25632683088885183,0.13141106695488317,-0.28503497354611812,0.94946626866747752,14.805655773600778,6.7986104368345393,-3.8968711916348737,,0.5722893260772084,0.3111111111111111,True,5
0.88784358119993545,0.44986564077450625,-0.096719597665702442,-0.4173917835447859,0.87583910012985833,0.24226012819492482,0.19369531318897476,-0.174719134425116,0.96537834537261225,16.891075407883445,2.8379524311663098,-3.007709471180025,,0.5560431548478763,0.8169014084507042,True,5
-0.97943816213033252,0.10524169131523985,-0.17211935676112686,-0.11623167656214867,-0.99169574059170718,0.055043214439360791,-0.1648971919903682,0.073917146193377706,0.98353707178342742,-9.9820085950188204,-8.8419984941774619,-5.4351087609127111,,0.7724030008595253,0.9725433526011561,True,5
0.90260207849795326,0.40823088535027546,-0.13659074689489409,-0.37525780672889925,0.9016387680754071,0.21500955883978251,0.21092905532474859,-0.14281133060647555,0.96701285279473803,14.682618340015814,14.273530265717003,-4.9756274627268997,0.4419028732981561,0.3814511103703409,0.8043478260869565,True,5
-0.17324523288892449,-0.96319306440554309,-0.20553639571209698,0.97300243611532511,-0.19969897934387332,0.11570037581034914,-0.15248720797136756,-0.17994287518563395,0.97178609430008955,15.322447541414133,-7.6602570185654217,-1.6482789632134511,,0.3324819910530274,0.9019607843137255,True,5
-0.6449535463826499,0.75285926005449499,-0.13129302174388954,-0.76386912757916214,-0.64028966630318607,0.080827589081973322,-0.023213766172088784,0.15242072620071515,0.98804303716212416,-7.3075629987479775,-5.5087761522590126,-5.4504069467556722,,0.1952403191197856,0.5889967637540453,True,5
0.93903533031538777,0.30087943782255216,-0.16638573350818195,-0.27774600920544351,0.94907419381950264,0.14871223552993484,0.20265685971592617,-0.093433069742174177,0.97478226219429842,-0.729272642246512,-3.8402476576650537,-4.6246788591580694,,0.0770251222962719,0.3707865168539326,False,5
-0.83039791642920247,-0.51453553593104462,-0.21375800021096686,0.51126030254978161,-0.85616849450531252,0.074755682414195029,-0.22147732034396864,-0.047209016942304477,0.97402212772225882,1.634334421309259,-15.49663402672436,-2.6725056737224411,,0.5055409486170992,0.52,False,5
-0.98402168398646717,0.042993631648264259,-0.17277983991812706,-0.055829283591636553,-0.99597449096627488,0.070127772231241545,-0.16906926550406745,0.078653423206912265,0.98246079946212228,1.8400443170359266,-17.630636673913873,-2.308208650909211,,0.1058235538826216,0.5925925925925926,False,4
0.14526751902952478,0.98744452830958374,0.062053617352017476,-0.97772702072652096,0.13366938562527123,0.16180966685524062,0.15148340125653409,-0.084177187277946319,0.98486901681681827,-9.6358466212598568,-12.666553805302346,-4.8526324192376951,,0.345308234558801,0.1891891891891892,False,3
-0.53034623330484632,0.83902069562690451,-0.12156128137324992,-0.84753287670645738,-0.52124237030798171,0.099972067585867921,0.020515743248486568,0.15604699197825619,0.98753655151265174,-0.87453862212227995,-14.625210719544425,-3.1454352434896418,,0.2194998237812093,0.2173913043478261,True,5
0.8999013191408104,0.41686792468801515,-0.12805760100414998,-0.37067210952812724,0.88587555774800997,0.27897434183562797,0.22973855363564644,-0.20358199711900149,0.95172189605075386,-1.5143598404320242,11.621357106478571,-7.0823338097411881,,0.43498504294913,0.2380952380952381,False,2
-0.089339252971019259,-0.91680625569202412,-0.38921046671762349,0.98650662330638506,-0.13528006496133088,0.09221706022581444,-0.13719759491774489,-0.37572010000534733,0.91652126347442575,-19.803460635890929,18.203957013658375,-10.835911934922068,,0.1646637807509402,0.1666666666666667,False,1
0.33379961422314569,0.94264399278512057,0.00034700231585815811,-0.92651604477073646,0.32802069968938652,0.18431071416951819,0.17362556357538989,-0.06184434850019277,0.98286796683568722,-5.1175361723392392,-13.855076890207188,-3.9538918653031723,,0.3630003963462447,0.2307692307692308,False,2
0.85906145420702429,-0.4560453976297435,-0.23245647591848878,0.50514314431383001,0.82870169879044397,0.24100601273530586,0.082727393579459935,-0.32446277093460585,0.94227389257528937,22.066933032196385,-5.8024770825318166,-0.91201040538567035,,0.3528447411873066,0.2272727272727273,False,5
-0.70574676275056691,-0.67485653862144968,-0.21561576738951829,0.6742522537957415,-0.73323696522211412,0.088019606243307055,-0.21749805773490882,-0.083259864951487544,0.97250315668886267,1.4162790916841517,-18.609286892593619,-2.22970657210562,,0.1060826404713942,0.1428571428571428,False,2
0.82984344889432127,-0.52363720101847311,-0.1927794907056149,0.55468078647100216,0.81172400367971409,0.18284793400551475,0.060737759648239714,-0.25866623969840752,0.96405534125028225,3.71505715145772,-11.222364378337288,-2.8946086272867233,,0.1835490409725707,0.3620689655172414,False,5
-0.24150427755812026,0.96859121626703981,-0.05921773122527052,-0.97002363484440912,-0.23926187767584722,0.042519427727449099,0.027015398652846564,0.067711222565878387,0.99733913919702544,-10.929907086113616,-1.0604564385655162,-6.6715639975781817,,0.1822066979322584,0.2098765432098765,True,2
0.39156115236946892,-0.8848594827477515,-0.25239564129848824,0.91583813433847594,0.34824751076443117,0.19991043729079566,-0.088996492327019464,-0.309430714438239,0.94674825445612965,-18.385046973463105,11.545515206495866,-9.6352728772011194,,0.2091409032969311,0.2424242424242424,False,3
0.97935615408327659,-0.096311113972240625,-0.17772364160302573,0.12542410190517106,0.97901594362487021,0.16061312770003411,0.15852544944107833,-0.17958828317496753,0.97088502430811718,19.280027774638913,-18.475745899438653,0.5978589200701252,,0.4622506817185559,0.8108108108108109,False,2
-0.78119744965079019,0.6048414073364472,-0.15458789289710667,-0.62086589434857431,-0.7786010119976875,0.091137288476900849,-0.065238684029080896,0.16717456770526706,0.98376652617311133,-0.54118404045538382,7.6019960033360165,-6.2923941683966955,,0.0750078205225399,0.2291666666666667,False,2
-0.13870260078952462,0.9902164641481096,0.015262459311669835,-0.98801282364565857,-0.13941562603953664,0.066286827709126889,0.067766133473565887,-0.005885350118956939,0.99768387468577613,-0.85793124255993825,16.540264648426682,-7.6097804680521781,,0.221318005976072,0.3333333333333333,False,5
-0.014249669046655552,-0.95452607233186404,-0.29778670919093408,0.99222433315453362,-0.050325654129777332,0.11383409521075315,-0.12364392273015919,-0.29384912076627906,0.94782111951400594,-1.814024178017704,-6.3018106318073785,-4.4748960739580728,,0.09924776522551335,0.2659574468085106,False,5
0.51493447407157888,0.84771025968675295,-0.12739624419285034,-0.83865025866638976,0.52895303023133899,0.12990163758737527,0.17750558033882821,0.03995006171336854,0.9833085789911904,12.568520254847307,-6.8169629375725203,-2.1476711949541887,,0.3151831835776585,0.265625,True,5
-0.64242008399536055,0.76338641336676927,0.067361855425856126,-0.76597584942902952,-0.63686265939103348,-0.087675259707950176,-0.024029851661427098,-0.10792190213483208,0.99386891956068824,5.3803425842056107,17.545367919300713,-6.8136153285864038,,0.3383992102972295,0.2222222222222222,False,2
-0.35288907886426091,-0.86414056528079097,-0.3587901635420474,0.91886361654219928,-0.39240307768855187,0.041345843993599016,-0.17651898541891828,-0.31508873045024621,0.93250208564374204,-13.773872311580703,13.23826969139888,-9.1828417007308865,,0.2189546990066414,0.32,False,2
0.81828483638159333,-0.53700540444282152,-0.20502468667736196,0.56965155796574918,0.80529007917897999,0.16433195332346839,0.076857199110710372,-0.25126297772476086,0.96486262595757277,-4.6021852636171783,-12.569125239549624,-4.0057722640861932,,0.07189019188562094,0.25,False,1
0.89432506997678796,-0.39554238379863488,-0.20911454236830954,0.43557304728118867,0.87653389187192854,0.2048522806366338,0.10226822425951054,-0.27428918866543783,0.95619383562542548,-1.1233529986897723,-19.770133335444605,-2.5269135058974856,,0.1175289005219328,0.1176470588235294,False,3
-0.70074895011930494,0.70604940021009421,-0.10220153310815527,-0.71319263038394975,-0.69683112898806365,0.076043735042688534,-0.017526576183441223,0.12617694772099219,0.9918529109656834,-1.5525024482965144,-10.19354293665527,-3.9113836268578135,,0.08294694230470323,0.2916666666666667,False,5
0.71071243652924332,0.68916809813163138,-0.14119194410552716,-0.6706955233935078,0.72435937702443021,0.1595963903623441,0.21226244948783773,-0.018730334604890403,0.97703317605033968,-4.831339573455649,13.115800985187068,-7.7304018506652961,,0.1008824255942609,0.3863636363636364,False,4
-0.032915095084765825,0.99895110935892195,-0.031832022024055912,-0.99294271334818685,-0.02905319285098058,0.11498121583069043,0.11393579123480432,0.035391991971954473,0.99285751363423569,25.61617922013528,-7.4748751285542392,-0.12290687486369968,,0.4699045248488599,0.8392857142857143,True,5
0.98190395495047544,0.062182737216596451,-0.17887965352400381,-0.036844599581122059,0.98923323544501929,0.14163361667586841,0.18576086437762596,-0.13247985916067301,0.97362312430552256,-18.583085372251706,9.8433155666777434,-9.4380793673639882,,0.11741031795157,0.3541666666666667,False,4
-0.43025461525452513,0.89499527373769128,-0.11774729737609572,-0.90208212747097594,-0.42142843255784118,0.092983393836093026,0.033597639048263656,0.14622426686099432,0.9886807687172573,-26.718284277032609,16.607080582824572,-11.688057846231347,,0.3390698329885542,0.5833333333333334,False,1
-0.95518976947466916,-0.23546466749563139,-0.17935689184444609,0.22052864499222094,-0.97030383829147304,0.099386005728823487,-0.19743257337335102,0.055379163572651026,0.97875100368437451,-6.2946108483836367,10.888660801939343,-7.6720992142428042,,0.09208638132826917,0.2162162162162162,False,4
-0.96692689581013636,-0.18157296887907917,-0.17911905295476663,0.16531867401774764,-0.98095509334514064,0.10196490014334259,-0.19422181695162163,0.068980880051395965,0.97852926578991395,-6.0063778192855199,-5.8242789480460813,-5.2140270083268909,,0.07866623580257406,0.2946428571428572,False,5
0.98282006181979986,0.097121914217935479,-0.15694604124720446,-0.036779818427778055,0.93635646020050134,0.34911863942964538,0.18086451017528254,-0.33734835588665779,0.9238420404699198,-12.908332718082862,16.254330519003247,-9.4536565753769697,,0.5507289946343936,0.4666666666666667,False,1
-0.98502610146229252,0.093203320919633195,-0.145040409567638,-0.085355678049281569,-0.99457633089369502,-0.059433410223389133,-0.149793149585499,-0.046163437865762921,0.9876390784804282,-32.629786324448837,16.616248185466937,-12.643028885813301,,0.2388073083852202,0.325,False,2
0.41586688311631581,0.90795653500196893,0.051668811427580896,-0.88607052554025634,0.39173940488469061,0.2478290992385731,0.20477734077757415,-0.14884612594154659,0.96742496944014178,-19.609018643147639,15.351738235019049,-10.400222708855997,,0.2155848154323259,0.3333333333333333,False,2
0.85639534068223622,-0.41923823660270021,-0.30137405566507341,0.49405837654213164,0.83493566693625165,0.24246392029798836,0.14997780177849485,-0.35654134830055073,0.92216317749393784,-18.857015876287008,13.875857264481224,-10.024611322724992,,0.4654263319664582,0.64,False,2
-0.5127817034652834,-0.79253909235452824,-0.33005561907215542,0.83960678596351002,-0.54319465715855941,-9.6945451788385539e-05,-0.17920761578478722,-0.27716664937228019,0.94396148169322935,13.750022531839688,3.4262588327648644,-3.5126456728963009,,0.4186632891988059,0.3636363636363636,True,5
0.057490192054808278,0.99678912181168589,0.055734409976155502,-0.99111327315872155,0.050276852708305494,0.12315322915114134,0.11995564841268401,-0.062319216295106616,0.99082135508589897,10.18901202161374,1.5176773958033534,-3.8121976843912107,,0.1460897687261189,0.3571428571428572,False,2
0.65427456124184424,0.74207568577818817,-0.14576856687443013,-0.72580216395416619,0.67030009979130489,0.15462533757187752,0.21245238833970079,0.0046317163772467973,0.97716044224690113,-9.031389744329628,12.940588947004684,-8.3684059189145419,,0.229812487059895,0.7142857142857143,True,4
-0.64947673071945144,-0.70721113218084797,-0.27934278364306264,0.73182648948622864,-0.68110784793307477,0.022849261918853503,-0.20642181459389031,-0.18959038478640444,0.95991953853242684,1.7741091529413529,-10.488643505094238,-3.318324377770395,,0.8209264810354473,0.5632183908045977,True,1
-0.16298224693941346,-0.95365827698197769,-0.25292820705952612,0.97614716345819863,-0.19313078363365521,0.099182738848873214,-0.14343466266943153,-0.23073012624452988,0.9623877110541732,15.217359020369198,19.025734385613504,-5.6309750780747461,0.357206906866735,0.2867074074361328,0.2352941176470588,True,5
0.86218746740556518,0.48201852788852445,-0.15585541319106819,-0.45972298288394714,0.8737146761318979,0.15898881633630724,0.21280871706080301,-0.06542784945200128,0.97490083929547555,2.4176589616139141,-9.2681807024303726,-3.3633045653352021,,0.2304887677702392,0.6956521739130435,True,5
-0.44313872991404918,0.88119347273718207,-0.16470012038717508,-0.89593300507822304,-0.42908574242225989,0.11484544423460526,0.030530582399769579,0.19845273808976449,0.97963482700596538,-1.7268880375813138,5.8205265979755874,-6.2412569663541042,,0.08446909143728709,0.4635761589403973,False,1
-0.9560542020102506,0.25201057524139037,-0.14983668704641845,-0.25766083682499624,-0.96604362724083526,0.019251063191750586,-0.1398973051391105,0.057012106029103324,0.9885233248542703,-11.636413977155769,-7.5167404268642226,-5.8709603794025371,,0.9201205609591503,0.5175879396984925,False,1
-0.89204598406962088,0.42208825637556291,-0.16154091164500586,-0.43927087218882827,-0.89380635291954991,0.090284574137112272,-0.10627823460957796,0.15149820893492705,0.98272744417655389,-4.1793993437987265,-8.1323946901255617,-4.6000136168400072,,0.1092251411957738,0.4268292682926829,False,5
-0.34132264868922052,-0.90371101985714064,-0.25846710057673278,0.92520269488640516,-0.37152995296366526,0.077236438458480827,-0.16582769028937536,-0.21277191224309802,0.96292745858330753,0.042330589026389864,-16.92765138987545,-2.7209114176760694,,0.1133083653084445,0.2777777777777778,False,7
0.34378157788693342,0.93600042471516309,-0.075613700072180698,-0.92337045640438087,0.35159675126324708,0.15416460274880239,0.17088366494529567,0.016820506358777881,0.98514762529313304,-17.993976950606726,16.64939603475624,-10.322939862890903,,0.2893359557743588,0.9264705882352942,True,2
0.43927550110089914,-0.86586771340537005,-0.23939535712855842,0.8978088030718423,0.41386596524347885,0.15051350749945785,-0.031247196022359439,-0.28104815547382561,0.9591848346619648,21.02201469354161,-7.116005695926046,-0.85989037462331819,,0.1168247599903009,0.1764705882352941,True,5
0.88001513520172026,0.46108991420459261,-0.11388350554272081,-0.42315074261279029,0.87005993599274156,0.25286193230011933,0.21567756221299833,-0.1743324375987077,0.96077645181319404,19.143142987782831,9.1712158047785071,-3.5634682942794531,,0.5109486411126843,0.3666666666666666,False,3
-0.94330453650714352,-0.24360067547290154,-0.22546676543160529,0.24749264902438897,-0.96882400478930808,0.01128877419822133,-0.22118756765228703,-0.045152615130841553,0.97418545527169131,23.366334940108445,-9.6685879960224614,-0.099778725462360093,,0.2277612675663007,0.125,False,2
0.55475826217257407,-0.8023361123735665,-0.22022723113306819,0.83200751178519672,0.53414119048068687,0.14985556034021685,-0.0026020922872495716,-0.26636432083360351,0.96386891105719497,-17.134760779036498,11.365026055950949,-9.4267148005937305,,0.08118146297985537,0.2571428571428571,False,2
0.74399445934544051,0.66463719584151371,-0.068772395386636154,-0.63120125324775911,0.7328488819186203,0.25400294126070083,0.21921957568097039,-0.1455675587985116,0.96475533865519403,7.5694875003208493,5.4369792998012061,-4.7821377117943484,,0.2044107265818749,0.1702127659574468,True,5
-0.41357704789429239,-0.79296395656913521,-0.44739489160836959,0.89173724658927755,-0.45195393310325271,-0.023287880922790716,-0.18373543071605902,-0.40859002182471738,0.89403326871255817,-2.1534144048636104,-12.285086576380833,-3.7115376696980027,,0.3288715514659882,0.1538461538461539,False,1
0.90004028921766432,-0.38181706995206227,-0.21010283881520064,0.42004203503195187,0.88850976721683261,0.1847026864084752,0.11615578587053094,-0.25449188327629046,0.96007380693115874,-8.9086238498233108,15.472976012064338,-8.7582997101833957,,0.382469384056482,0.7222222222222222,True,5
-0.85731121740264205,-0.46535486071674825,-0.22014161379188626,0.46935650068394219,-0.88222943187022274,0.037090494842597618,-0.21147565292800213,-0.07152680021670188,0.97476251726737806,19.574236862963268,-8.3995795808036107,-0.85906195794177231,,0.7816972878508406,0.282051282051282,False,1
-0.006708895349100177,-0.97487426695788693,-0.22265478738736999,0.98978682142431629,-0.038180728304828909,0.13734729746470675,-0.14239746787755966,-0.21945932563787976,0.96517385249115817,-4.5539035100288263,18.573878403567964,-8.5522802770482382,,0.2549457576801585,0.1875,True,5
-0.49654994570670996,0.86070701467883015,-0.11234583348446017,-0.8679765157697954,-0.49125030917128165,0.072731711180507072,0.0074107685693107772,0.13362847234693237,0.99100379004695827,-4.142084527586074,11.393109766900674,-7.3636115565781202,,0.210967101799362,0.5866666666666667,True,7
-0.022951772461783707,-0.97599029012271898,-0.21660140749089177,0.99200612740533656,-0.049124477950462625,0.11623523070206968,-0.12408488760171953,-0.21220211886846779,0.96931584193007159,6.1338379563073477,4.4443558561401302,-4.8746256898550584,,0.1747038484525039,0.4785714285714286,True,5
-0.50902068992648464,-0.83386453906263325,-0.21346631518960613,0.83781882095936722,-0.53684733061875001,0.0992701710171736,-0.19737669688446496,-0.12831552556641457,0.97189380357402921,16.649752650541618,9.1229884038311955,-3.9498511249989465,,0.1381659614147658,0.36,False,5
0.29184348579145319,0.95089819629582151,-0.10305338462392344,-0.9414402092108145,0.3046095253475371,0.1445799763060033,0.16887188126562175,0.054823875719439336,0.9841121025416304,-12.076782000599117,5.245860622229066,-7.7465636173316961,,0.07870173353214749,0.2325581395348837,False,5
-0.97527715919848157,-0.12690518474655024,-0.18091306428830026,0.12374153405154421,-0.99189894179114713,0.028714491536016004,-0.18309149487704024,0.0056181276280746137,0.98307982440168351,20.909735616305639,-8.4930434304319746,-0.65274050046127718,,0.1207771293363926,0.1666666666666667,True,5
0.87694767933702633,0.45093369827530871,-0.16619737502487056,-0.43207218090488925,0.89119159481793542,0.13817080666319406,0.21041957654528565,-0.049359305967749373,0.97636430737757174,7.7455430798656542,-6.5452243492667712,-2.9362673801460017,,0.3225786291981546,0.5238095238095238,False,1
-0.15130532640018626,0.98704701670054196,0.0533374636207255,-0.98286432629760001,-0.15597256673299636,0.098235810773286858,0.10528254506088416,-0.037559888834768046,0.99373278121244557,20.610461346816255,6.2736305260798089,-2.9659687193389432,,0.3665127291094472,0.1481481481481481,False,5
-0.22165560760202344,-0.91354264967668219,-0.34104049442886564,0.95910565710826134,-0.26737974193468167,0.092867712935517974,-0.17602593593419288,-0.30650921817239096,0.93545014247358038,-3.8073027147682073,13.826716146769066,-7.7178326882065935,,0.6025047905227056,0.5166666666666667,False,3
0.80714488086556058,0.58440636382720812,-0.083584347881529505,-0.5587784029970293,0.80196205306383206,0.21124289760778364,0.19048316890636105,-0.12379849499854119,0.97385322045957579,-8.8000868335959073,-9.9977398135327338,-5.047514854897436,,0.1491550395647076,0.2173913043478261,False,3
