axis_00,axis_01,axis_02,axis_10,axis_11,axis_12,axis_20,axis_21,axis_22,location_x,location_y,location_z,dbh,dbh_approximation,score,reconstructed,number_clusters
0.95357522236873338,0.14141450529910468,-0.26588763223480572,-0.062456313653997987,0.95656128087305192,0.28476257622668977,0.29460737290362432,-0.25493617559208304,0.92098536481602611,-4.2632421783531864,5.1929029575122865,-3.382034277392878,,0.07410435411481224,0.2162162162162162,False,5
0.73277038861839827,0.65700490522080979,-0.17717819301436488,-0.57830057998832662,0.73848776242512804,0.34670486574822157,0.35863072477020969,-0.15159280742872303,0.9210882824065626,14.9475055554849,4.8853165724921874,2.7554877775478017,,0.1475768036648816,0.2380952380952381,False,4
0.54351289792600055,0.79999503124613802,-0.25416860500378924,-0.78404229836613359,0.59197752311352281,0.18665552898623139,0.299785596986967,0.097829249766467577,0.94897736207419525,-2.2363294486821648,16.24545439914467,-4.8273709004213687,0.3975547110645537,0.351624613328987,0.8266666666666667,True,5
-0.95814678170726697,0.090046727716931813,-0.27174681512665022,-0.088297777725474147,-0.99591889899463149,-0.018682855083263256,-0.27232011889088886,0.0060937224085265071,0.96218741386200757,14.829020773844562,-1.350875341799598,4.0257778055411464,,0.09594269539730721,0.35,False,5
-0.1168021680087349,-0.94513688510724803,-0.30507953382393266,0.97195194375134342,-0.17191722569351087,0.16048017493706709,-0.20412415973236592,-0.27777821354385462,0.93870793727012902,-1.8365736818396985,6.4951440525142274,-2.8543014352104992,0.2358854191923639,0.2064740334533738,0.628099173553719,True,5
0.90992733894789901,-0.254466616149015,-0.32753469907914623,0.34517001291216087,0.90243882122243901,0.25780193198825191,0.22997804247670184,-0.34763618226002657,0.90898800034008109,-27.754491039488233,2.4754213167766062,-9.2883227078553183,,0.2722377469470234,0.2195121951219512,False,2
0.54301125484487378,0.80792348421349103,-0.22890701336596975,-0.78435021025524088,0.58534609668103821,0.20534043628285056,0.29988918750824362,0.068041096086153136,0.95154447319031821,-25.08819833862578,-6.0331238171325268,-6.818560448292792,,0.788082693933422,0.59375,False,1
-0.19770958002609174,0.97884171427812572,-0.052724001697208728,-0.97307933789351164,-0.18947855031835487,0.13120396767621029,0.11843784923170378,0.077244918009636648,0.98995237183970264,-22.974615860636106,5.9369229945476922,-8.6949444280553276,,0.2928865501496578,0.5714285714285714,False,2
-0.90035145640931513,-0.32417874404227703,-0.29030225085726957,0.29397230977147021,-0.94497784454247835,0.1435170875243727,-0.32085438446318915,0.043874995555823804,0.94611175277327819,-6.255166908947901,14.429706163161072,-5.8848935130431883,0.2601361631226671,0.2660678398991055,0.71875,True,5
-0.83625448924283496,0.49798644948460136,-0.22953850515965163,-0.52981671288994103,-0.8416903861234849,0.10417074757242645,-0.14132473231428527,0.20872659159058099,0.96770890767796269,12.610687754082026,-5.5143156729563509,4.0924091168435623,0.1426649541231635,0.1138815937149843,0.3333333333333333,True,6
0.65891059326568657,-0.64612701632624059,-0.38517101248096541,0.74964134384992087,0.60640801189341464,0.2651550088200515,0.06224697320469795,-0.46345355957725387,0.8839321876942976,10.145226747139876,-5.6306156005425692,3.3294098876294473,,0.07861433054557757,0.2,False,5
-0.38945475721675105,-0.86180478057697552,-0.32498848018954829,0.88013883122942838,-0.45220869426143473,0.14444007268228737,-0.2714417614210049,-0.22978210767820709,0.93462267955984402,-27.910498709216316,-1.5624480068791244,-8.5047720975789254,,0.1262753619822171,0.1818181818181818,False,1
0.08898736247163988,0.99603244123487267,-0.00079077685947276377,-0.97584848740257091,0.08734305679001339,0.20022717114490635,0.19950182694515881,-0.017046009453153377,0.97974917943689421,8.7130116830894977,-1.0436377483511963,1.9502072536221966,,0.08817975237941038,0.5384615384615384,False,1
0.71393524682578191,-0.58218247845729942,-0.38905015758527384,0.69496644299437571,0.65702681081967784,0.29212568010339207,0.085545931823528487,-0.47893562369220355,0.8736718845808219,-1.2110202283411318,7.1343781608879784,-2.7848636349279521,0.2680660735755439,0.1298274642896422,0.2115384615384615,True,5
0.085831352526578641,0.97713895144217788,-0.19450565158355104,-0.97888093525228292,0.11906364360932009,0.16618051441156148,0.18554000518237718,0.17613437581845401,0.96672208422688344,-16.906208862759783,6.674302986296488,-7.2143692989312207,,0.2208411813021805,0.6216216216216216,False,4
-0.95617232290036058,-0.026904674735615107,-0.29156582000759307,0.0092083493587954528,-0.99804003675091857,0.061897425991007185,-0.29265969182894963,0.05649976565966091,0.95454600793203703,-9.650290817374735,-9.3491416002545193,-1.7178018284756522,,0.1249312567270064,0.3846153846153846,False,4
0.67498050967747514,0.69851689156050423,-0.2376456685071027,-0.66663062519609839,0.71538868779667297,0.20933856530322972,0.31623554687320687,0.017122429068509193,0.94852617323751187,-9.3057556675407529,16.696131386221193,-7.040273700551456,,0.1025255892366559,0.3888888888888889,False,4
0.74987155839640396,-0.58796286026051814,-0.30330235881446699,0.65302925716987414,0.73129385474559372,0.19688089620756427,0.10604449626600898,-0.34570069853212876,0.9323334123831919,-9.4197007655447678,-1.5013507068468197,-3.3535338529990506,,0.4055275529993819,0.2692307692307692,False,1
-0.42295455127932075,0.89698114192680434,-0.12858568574999296,-0.90546508875954068,-0.41283778049621267,0.098478119562871599,0.035247987031698319,0.15808161823136935,0.98679672749131364,8.0791057449500432,-2.1029560231084674,1.9653220756467396,,0.09888594929636788,0.3529411764705883,False,5
0.82489790864824553,0.53510619644183877,-0.18222183962768629,-0.46229594447120675,0.82411177504526112,0.32729534362288654,0.32530893014675305,-0.18574482701086609,0.92718550420370449,-11.008120137388241,15.128600661350507,-7.1949357396305027,,0.2354586038434713,0.15,False,5
0.96138088399248467,0.080120725794093087,-0.26330109227281362,-0.0094534475807086012,0.96573707825186994,0.25935020342845422,0.27505895408560638,-0.24684522476193363,0.92919858307552472,17.517229505025742,4.3812542616940604,3.6070187759155874,0.3624017888082784,0.3293182666526808,0.828125,True,5
0.14707658311282945,-0.85827977093381691,-0.4916546689554061,0.98048377533368902,0.060945912159141316,0.18691485253581708,-0.13046089455178134,-0.50955022382183801,0.85049310661278354,-17.13129764271326,-0.023008099108519475,-5.8997760995433097,,0.3088982513738024,0.1176470588235294,False,1
0.65581349140004541,0.70607651248981174,-0.26714157858316789,-0.68628844083463791,0.70503890054937446,0.17868498730696536,0.31451047752728944,0.066152152061392466,0.94694617180872642,1.8112973080592594,-2.6130164419424875,-0.034892411099513243,0.20800881668034,0.1636325396186648,0.6747404844290658,True,5
-0.21624034601031258,0.95165697671548111,-0.21814928701715,-0.97032829898382444,-0.18471842307824229,0.15601953841312871,0.10818088994133207,0.2454141455667094,0.96336327115333997,-3.1215039333334826,-4.9383122033880005,-0.85427300395498307,,0.06831264121610628,0.1157894736842105,False,5
0.0053270868541175787,-0.93461168967233599,-0.35562988017526115,0.98420893609718307,-0.058023271698655302,0.16723058945012315,-0.17693047293244962,-0.35090495788632842,0.91954408174850122,2.0618485885125977,-6.6473424179632445,1.0181262892339218,,0.1201366424803777,0.4193548387096774,False,5
0.90802584870243153,0.31586831838707841,-0.27516588365484201,-0.27283204144265194,0.94435652992155117,0.18372104277072682,0.31788635587339359,-0.091749386013463052,0.94367913769230283,4.8061310152970078,-8.814911580875787,2.4063306131941533,0.3661563195720178,0.322489540005711,0.8627450980392157,True,5
0.65882762623069147,-0.66326007238317097,-0.35501019041360427,0.74961251370260551,0.61859304164550977,0.2354224461010849,0.063460524861474285,-0.42122289255218304,0.90473423532785513,-18.384701513765325,6.9801589101802888,-7.5648066889639187,,0.2116616871458291,0.5333333333333333,False,3
0.96068294489297013,0.044779939944338328,-0.27401283979104407,0.014790044123094969,0.9772533119867951,0.2115590196745985,0.2772535554084164,-0.2072938040304671,0.93816829237827615,-8.9191805813170912,15.626065585842584,-6.7246444136257129,,0.1148372889595545,0.44,False,5
0.86128978231741005,-0.3983132438624909,-0.31547816190564887,0.47331300206237037,0.85475177825752024,0.21301220538812213,0.18480993737982138,-0.33278515190636854,0.92471581024459615,-27.074583055938259,-7.2406096652982175,-7.073910835489337,,0.6253152062583109,0.9629629629629629,False,2
0.71821150927615574,0.67311402405184562,-0.17632282486393741,-0.62169959527757457,0.73456468007132736,0.27185353413816282,0.3125089457519053,-0.085628508199318221,0.94604752386367597,21.206123766950292,2.6543973913942356,5.0482737086865761,,0.6228071519748216,0.5416666666666666,False,5
-0.95913872939604217,0.04309060241798273,-0.27963565179676447,-0.052405556247008954,-0.99828952195654275,0.025916944770149775,-0.27804056439121894,0.039512407355573084,0.95975633064751364,22.870225405948048,-1.1604668386496313,6.4843317956905526,,0.3331481209106255,0.2142857142857143,False,3
0.60211012502334771,-0.736240239380196,-0.30889109288187494,0.79779886714636383,0.5699684521434325,0.19660348710335027,0.03131077968282367,-0.36480991417258657,0.93055540490453459,-11.280802882825576,4.2278570497910106,-5.1708978160475123,,0.0910372015661913,0.3085106382978723,False,4
0.21247667774764106,-0.85028956919196996,-0.48151979184313942,0.97121063920226347,0.12943994699752676,0.19998798569316445,-0.10771980186417449,-0.51014992761404221,0.8533132459078151,-2.0272026544981787,-10.951357647064995,0.87693078505009203,,0.6982661750016587,0.2375,False,4
-0.28714332382193558,-0.89611751794086558,-0.33841114878796874,0.92430768814914965,-0.35193270585103881,0.14764372042433721,-0.25140407556932054,-0.27040111795602456,0.92934343823759091,4.6448421806760392,-5.0814147260496005,1.5041167243652009,0.5905651018852296,0.4101738390629622,0.8788927335640139,True,5
-0.21183140801450834,0.95158332298002068,-0.22274791582614922,-0.9740787948949059,-0.18706714169016386,0.12718642158642812,0.079359661760112096,0.24391610017826718,0.96654383250794507,18.860731199572932,3.4897824123708303,4.2138908793193313,0.651778452058005,0.510342493698478,0.7341772151898734,True,5
-0.93393510279651148,-0.21328423013689182,-0.28683629641205177,0.18208665281548209,-0.97442459280186267,0.13168585273057026,-0.30758685705166783,0.070756979287111416,0.94888554380981049,-16.473691959413024,-4.5584684269751561,-4.7159049053302518,,0.3571473292377085,0.9326241134751773,True,2
0.73303571999225048,0.66124382057144426,-0.1594215887874714,-0.59852431196199074,0.73840908279012318,0.31067776625222726,0.32315210227672597,-0.1323202033293768,0.93705073639851755,-12.008537828223741,-12.548787584485444,-1.7264195584885189,,0.7546226584459756,0.4545454545454545,False,1
0.93835589689286591,-0.12606830359607196,-0.32186176162258362,0.25599562795802738,0.8791315905261653,0.40198741896396339,0.2322809704490652,-0.45960246884382849,0.85721124665971171,13.111881305044076,5.4523833383110931,2.128285991498807,,0.2539422984636271,0.4444444444444444,False,1
-0.35430458464507703,0.91314015138848781,-0.2016018978623261,-0.93322338581669173,-0.3315074994403176,0.13855284183177533,0.059685621922810378,0.23722951278675264,0.96961837069985934,-20.639964251324574,1.6303049332449313,-7.1160288780088505,,0.07758346014103791,0.3095238095238095,False,3
0.95984462454703567,0.065722390741644071,-0.27272488717270404,0.027582228963680035,0.94534987047101993,0.32488897033574793,0.27917291661899551,-0.31936529203348013,0.90557622145836758,21.505807774501768,-3.2936991984029644,6.5031895610462032,,0.5564825458391818,0.1428571428571428,False,1
0.95983821858811325,0.039843328668217382,-0.27771046667029725,0.074352111755212988,0.91834444922826375,0.38873543194462956,0.27052237913920951,-0.39377148415327617,0.87849966457169937,5.8760287738187387,-7.3481781813925489,2.3308263216647855,,0.07986754558929934,0.1739130434782609,False,5
-0.62831130197892937,-0.71273916721642239,-0.31181370611501874,0.71206454436425104,-0.68831507709088646,0.13851512303246372,-0.31335122859959263,-0.13500086727502039,0.93999243261321952,-8.9040724766151857,-10.773029293824102,-1.20983186668237,0.2772799036898722,0.2376383426372264,0.7674418604651163,True,4
0.39447429372029591,0.89249640259010887,-0.21872403379050109,-0.87750577789942941,0.4365164293564287,0.19858755412923518,0.27271531190417525,0.11359391825986356,0.95536526019495827,20.664292546051065,0.22295641000697083,5.4974864702384494,0.2154343126050817,0.1098068480822178,0.48,True,5
-0.95725971930466258,0.068362508741799166,-0.28103451246294436,-0.10786430184589292,-0.98594647812131186,0.12757286023084394,-0.26836378702063268,0.15243395185688713,0.95118072317369617,-1.4578795229360211,19.806111410063838,-5.0832737086777637,,0.1499675076762412,0.84,False,5
-0.80255288271924874,-0.4775506954385958,-0.35756706185712506,0.4995290001866739,-0.86559522595310134,0.034866642793664915,-0.32615893121532857,-0.15063279222437825,0.9332363652875737,-23.028595602450896,-1.4234345280925635,-7.1566732537843132,,0.07604446396792583,0.5555555555555556,False,1
-0.21833837383510379,0.97222031623165106,-0.084356453324392594,-0.96993420257098151,-0.2066751717279568,0.1285029807989429,0.10749882415187782,0.10987734114751566,0.98811485805462718,-30.910412021139539,-7.8019069729477497,-8.0752391772779148,,0.7729006818246504,0.1111111111111111,False,1
-0.27741111238250682,-0.85731292365870904,-0.4336561145129364,0.92411801534541493,-0.36155822677881305,0.12361853567573197,-0.26277170403365741,-0.36645627239319722,0.89255858742321825,-21.031594301060839,-1.351801391033703,-6.6584378697471802,,0.4136052874953695,0.2439024390243902,False,2
-0.5706447584079043,0.81329877699999631,-0.11362068047628843,-0.82055350688385664,-0.57018986724807141,0.039692034820998201,-0.032503877340851334,0.11588189944049521,0.9927310226541094,17.057863754021611,1.5092320585396461,4.0808282955942321,0.7187098023604963,0.4886105721124062,0.3714285714285714,True,5
-0.26057250536789472,-0.89554657207744337,-0.3606914286292921,0.93514117607913816,-0.32699788094596638,0.1363208225407056,-0.24002697816625806,-0.30177594850681683,0.92266913173422349,20.696718619410795,-8.2288878787560904,7.2214460687868574,,0.230274743750303,0.32,False,5
-0.92663392411766732,-0.2239935336944161,-0.30195441301193277,0.21103816641112128,-0.97457173722094392,0.075318134124411198,-0.31114701186436666,0.0060684325191392718,0.95034241783403273,1.44990020457307,8.9006857558487944,-2.3154585972978317,0.7067359366857056,0.5775501839413147,0.9323943661971831,True,5
0.95552687860723695,0.16665235603109496,-0.2433009997685889,-0.047014279902618757,0.90055004288465978,0.43220282015007128,0.2911323440367764,-0.40154279035953538,0.86833481202006968,-12.538698111765916,-5.1238410345042613,-3.5312748301671251,,0.7362336623383394,0.5714285714285714,False,1
0.20610184138312587,0.9527945673487449,-0.22294515785099195,-0.9510663065465973,0.24864894038403029,0.18343005478305288,0.23020623694917486,0.17423035578399607,0.95741781453714525,4.449165901017917,3.2820807865784856,-0.34851667158755156,0.2457409135166718,0.195312662694579,0.6086956521739131,True,5
-0.48137415596552352,0.86803771657924711,-0.12161186029482066,-0.87641793713296923,-0.47459845518534005,0.081534690821024075,0.0130583858141394,0.14583150870636982,0.98922325570538083,-25.896976354204075,5.6225051524120104,-9.4338714394762544,,0.2596043382559213,0.4736842105263158,False,1
0.63969846878781644,0.73846347732718609,-0.21320778992420214,-0.70084896933303864,0.67429322525336244,0.23267868093625454,0.31558927614122106,0.00058226390766111247,0.9488957106834246,9.0898456946603599,-10.120701882213154,4.0435031099493806,,0.08689551912297967,0.3846153846153846,False,4
-0.31900042769411385,0.91812219924181071,-0.23513901077948168,-0.94477217498229615,-0.28838722514049425,0.15568669100147073,0.075128320293975023,0.27181691565306698,0.95941195523855094,-14.616094062778179,7.5008025931171414,-6.7808861881643185,0.4376554800058937,0.3439953650132533,0.6190476190476191,True,5
0.95562870925857102,0.1161017033224116,-0.27072895029241412,-0.045933184149162767,0.96654170838478037,0.25236336609450616,0.29097063878459761,-0.22873023507675005,0.92898792614706138,-11.004546402367804,-3.5823233699925336,-3.3899971283958377,,0.06905232594497707,0.267515923566879,False,1
0.94407659612657535,0.22612072420972937,-0.23997666288397043,-0.14912953782156177,0.94193387178497667,0.30086701735698917,0.29407441506391996,-0.24825390080929433,0.92297900254436027,10.532987970298585,15.307859083475652,-0.7686034663376845,,0.5645542743618243,0.16,False,3
-0.75047227641852687,-0.55422739002327759,-0.36003244642001409,0.56800224956653578,-0.81938263834916658,0.077366248838330487,-0.33788283000849539,-0.14643801459984709,0.92972635816432869,3.2597049439033081,-4.385350072780728,0.8402148036496524,,0.4127804777444773,0.19,False,5
0.79076713493637141,0.58409687939401989,-0.18307969244755107,-0.51142910508846473,0.79479354950721426,0.32671621344851443,0.33634447932578604,-0.16472416077761934,0.92722076232317752,-4.823295050301887,6.8989588224861995,-3.7855632103001571,0.3917025418422508,0.2447454526398657,0.415929203539823,True,6
-0.089548759897064636,-0.90462925065290523,-0.41668565905735322,0.97397944821995797,-0.16699141116612293,0.15322500788674476,-0.20819475028454482,-0.39212215884837448,0.89604417217793775,-29.823260010080983,3.7088923720593141,-10.11673062510584,,0.2318182565280096,0.7096774193548387,False,2
-0.2991534950558698,0.93769595454452914,-0.17672997263249049,-0.95242329455599883,-0.28211580377000511,0.11532797254048892,0.058284255017572922,0.20282250884462283,0.97747939902742609,-16.13033411623373,2.1642561000633767,-6.0664976308448635,,0.1826321768913779,0.3484848484848485,False,3
-0.077091401462755962,0.96318386302072301,-0.25755341550246336,-0.98649880118742217,-0.036252538861469868,0.15970556872531233,0.14448886142636061,0.26638806174934709,0.95297448522042749,0.63481720805917774,-9.0143707945476432,1.2461423204917785,,0.07654807202873831,0.24,False,5
0.89864408380989691,0.38336616637440324,-0.21323506539230913,-0.30098540340519636,0.89245506317578338,0.33605319095184549,0.31913413726908013,-0.23781156971707612,0.91738708282720982,-8.7060169138132455,-4.8442679152324484,-2.4570015055345031,,0.0843752989647324,0.2835051546391752,False,4
-0.9556212358639139,0.18056573155360195,-0.23277471974945854,-0.14332163088750949,-0.97528613967223254,-0.16815426216120577,-0.25738485519872939,-0.12733013135840071,0.95788312124318276,-22.817303692026126,4.5212717374380871,-8.2651264737981798,,0.6601464932061853,0.2333333333333333,False,1
0.20138895323280068,-0.92968483070766472,-0.30842925455905607,0.97269456392482045,0.15273006505929004,0.1747535766102824,-0.11535932917149649,-0.33520089913221174,0.93505752892218141,-9.8519981561015104,-5.5703249120323388,-2.6132770620737733,,0.08015928797568231,0.3012820512820513,False,4
-0.38562710244746012,-0.84913695668111067,-0.36091296271582879,0.87873676852588856,-0.45725445127872527,0.13689433306923474,-0.28127109609530565,-0.26435732557304537,0.92249757447768466,12.982752085711807,16.949340023807295,-0.33011876696205134,,0.1928162117388979,0.2666666666666667,False,4
-0.95413222441865819,0.091246849452443449,-0.28514156272087932,-0.082783999814170381,-0.99569806287262974,-0.041619430155389742,-0.28771254352333941,-0.016105280397901326,0.95758138674612625,18.536713419109521,-5.5836953928917206,6.0023875279852996,,0.5434787281947048,0.3636363636363636,False,2
0.93629287773885039,-0.1655321674039707,-0.30976563503727461,0.26648317476989219,0.90932931415596174,0.31954172807507875,0.22878453763325282,-0.3817319739964054,0.89551009785973168,-12.250084883308357,9.3334304688028062,-6.4464797113622181,,0.109683010667287,0.4074074074074074,False,5
-0.95812345112462916,-0.062524294552235515,-0.27944617548961875,0.083642778110751714,-0.99441997837251506,-0.064286797116683586,-0.27386737314792542,-0.084968342365562041,0.95800680724131737,-16.332214308456404,14.16964213595865,-8.4391628639042064,,0.3032384158637442,0.4782608695652174,False,2
0.2321548095047441,0.93749809744421519,-0.25923244725977929,-0.94339000999090694,0.2819296436167692,0.17473112229788731,0.23689540618841415,0.20399263059875408,0.94987766222194514,8.5408643765485177,-11.007327812658673,4.0489065102128379,0.3519333368493403,0.3232479985700974,0.8387096774193549,True,5
0.63720522815594638,0.75502067551474905,-0.15463918247320119,-0.69246502466003557,0.64896413721738411,0.31517889876746491,0.33832186868912872,-0.093751416794349424,0.93634875180978783,-12.239648134085318,14.528223368317148,-7.4349089493001754,0.4453186241907719,0.354875078255224,0.2352941176470588,True,4
0.26385471190480175,0.95956158184864204,-0.098093127413528658,-0.93820777130658839,0.27892503846883399,0.20485848963390474,0.22393496570557991,0.037978856687533202,0.97386381880586836,5.8059856474964411,4.2693902713501011,-0.10227997801812888,0.6635049676585167,0.411820166051937,0.2941176470588235,True,5
-0.71283204027395897,0.65729231911080499,-0.24461661758107428,-0.69572083181119004,-0.70676286513614239,0.12829176375939902,-0.088560750577281175,0.26163535636930191,0.96109517413974022,-4.9995069945329069,-5.3314811312252974,-1.2976848881549463,,0.09198613310003412,0.3525179856115108,False,6
0.93236907340513608,-0.2258833822661365,-0.28224919587778863,0.28636415591852116,0.93801031024268178,0.19527475024564894,0.22064333473440972,-0.26289419068217934,0.93925670790409621,12.350511392505918,-8.9056241031275096,4.7770225549215981,0.2746650838889983,0.2615679158501472,0.28,True,6
-0.35201248247926525,0.92321617752566898,-0.15413987716901117,-0.93177614439595768,-0.33002275090596878,0.15125541517268151,0.088771779938155854,0.19686765462957526,0.97640293815988788,7.9375587914016066,3.668283251805279,0.73178369354912354,,0.2040972412039134,0.32,False,2
-0.91172722701125863,0.33335959949812544,-0.24005174639816917,-0.3520021652468065,-0.93522013920340652,0.038180713585805548,-0.21177332029299981,0.11930913062633035,0.97000896499015321,-10.434019934059844,0.61139381332937903,-4.1862068326633155,0.2400181480765485,0.1803742315088518,0.2572463768115942,True,3
-0.11997100153379191,0.9698248461200365,-0.21224214152525678,-0.98323059155138415,-0.086493525084716694,0.16055053396340807,0.13734832590350307,0.22794437472038587,0.9639381719824347,-14.468663408841088,2.4951512170643406,-5.7081895327249974,0.3120334329590997,0.2792267391294233,0.7923627684964201,True,4
-0.2777082685687825,0.94088046520701729,-0.1939640888421259,-0.95657035033257765,-0.25220651481841033,0.14616784443837644,0.088607462626685438,0.22613231541506415,0.97005819077614253,1.4429682836050659,1.2795073977809557,-0.95543563344423943,,0.06952273314710995,0.2352941176470588,False,5
-0.86161615902652067,-0.40328740653857492,-0.30818316344630958,0.39158603651442897,-0.91448225136926709,0.10189498484967849,-0.32292099732179835,-0.032885858024173306,0.94585440202533722,-10.329489592814598,19.626701428157372,-7.6653036057826851,,0.2626490135970287,0.2,False,5
-0.29138782394670448,0.95437529909621976,-0.065275757602692414,-0.95542929158313505,-0.28696925602444362,0.069307394134579814,0.047413129411092644,0.08256170160418469,0.99545746297251125,4.1124756639619857,0.87540914833331651,-0.0073488785213139353,0.4721598467892197,0.2352486651270223,0.2461538461538462,True,5
-0.033487509178011694,0.99810886136964538,-0.051548885385069187,-0.98572363703970733,-0.02446848691505055,0.16658392638336889,0.16500756985745912,0.056391435550785685,0.98467888567098738,-24.139761548261738,-5.2273860310930127,-6.6942571356331353,,0.2805719424618409,0.15,False,1
0.026436603992660936,0.96603856046985304,-0.25704203091064448,-0.98380785594695674,0.070739484330760133,0.16467552317715448,0.17726592607262853,0.24852650772493393,0.95226643667182831,9.5911965307820228,-3.5452071653244781,2.7271776519464752,,0.1708936157248791,0.4912280701754386,False,5
0.8033108414282919,0.53988756737818899,-0.25142216814400487,-0.49575650034125779,0.8401218321640278,0.22004726649232975,0.33002603596255747,-0.052122180612665825,0.942531746879129,-9.5363144922260066,8.2181904741380976,-5.5082363112757289,0.2582224106825364,0.2107795850644359,0.6142857142857143,True,5
-0.10526650454643356,0.97748869259186066,-0.1828519042165864,-0.9840882050004619,-0.07592727939989867,0.16064075766099889,0.14314107656275935,0.19685249324808085,0.96992769220311958,-8.4905809395650316,7.6735203717717528,-5.1117373180466839,,0.09694494999327471,0.1935483870967742,False,5
-0.95562823126703711,0.12567028755454404,-0.26642383983306234,-0.14316891731063486,-0.98857084458165501,0.047226542952190698,-0.25744386712744904,0.08327463040490031,0.96269828669702762,-5.7259621998818071,-4.9515823561214809,-1.6332208629770748,,0.07852327258393925,0.4651162790697674,False,5
0.96085430448986819,0.047200611390977455,-0.27300386046283204,0.02155060282135101,0.96966218507315627,0.24349706026395565,0.2762147299861612,-0.23984859625078067,0.93068688279958145,-7.9863348634801392,-9.3979027264212007,-1.2558001816042246,0.344710685024191,0.2921767238987454,0.7961165048543689,True,6
-0.57934477815965746,0.80656442747746759,-0.11753064428939902,-0.81456931390972476,-0.5780456942795551,0.048373630848903476,-0.028921633006736919,0.12376186671511892,0.99189038683284514,-17.974536695317607,-0.68011169560762919,-5.9630958830910403,,0.08314165881409603,0.2876712328767123,False,3
0.79809777911226532,0.54579133182061224,-0.25524842229787059,-0.50665163700413862,0.837187421714915,0.20596441353631803,0.32610436013199245,-0.035057710019555821,0.94468349370097937,-12.11540402394817,-8.5322654927247612,-2.6722014727828576,,0.4370212848869691,0.6176470588235294,False,1
0.78428783936880453,0.6106667353864158,-0.10944735405988279,-0.53470647878059396,0.75482128544856275,0.37991289604834094,0.31461336044146382,-0.23943885508888563,0.91852461486094816,21.052210923049689,-19.278713147896173,9.5259207907110248,,0.5110724295939739,0.3571428571428572,False,4
0.31762626330890098,0.91790374052204116,-0.23783666662663758,-0.91367980773590185,0.36335149202329314,0.18211233395937904,0.25357990021314847,0.15946289969799377,0.95408008983931603,-5.9980403644610281,15.786010594254774,-6.0076229829065486,,0.190852402741691,0.3,False,4
-0.95159128610441279,0.030442468206140015,-0.30585499887964585,-0.02777655464335313,-0.99952876483044339,-0.013065653013661416,-0.30610861997384986,-0.0039375634657408893,0.95198844970496299,7.7720748889318294,15.396752606688228,-1.7071157955051826,0.8385476070028763,0.5737091991604114,0.2272727272727273,True,4
-0.37910324849634019,-0.81486873854989483,-0.43848565074997203,0.88548120324632862,-0.45705423116479649,0.083812102179767548,-0.26870758395876582,-0.35649736143267746,0.89482169487254992,-12.282257631192405,0.33408660663093703,-4.674281827222682,0.3169750067107303,0.1191497714383029,0.3225806451612903,True,3
-0.67224243514699267,0.73738636174761896,-0.065965611467264873,-0.7359194369578026,-0.67529140713092961,-0.049031599635736223,-0.080701243456042959,0.015584253711287105,0.99661649612120595,-3.4167233929006722,31.046166090273502,-7.1636564519880235,,0.4058708476943454,0.3333333333333333,False,2
0.88887743900514249,-0.27758899876421794,-0.36447393074503709,0.41734078619340903,0.81880103464423426,0.39419732856146894,0.18900678984397976,-0.50250294867852308,0.84366297771222765,-12.391012291654683,-7.188696111383523,-3.0075160286698659,,0.2930785012203874,0.375,False,1
-0.89174371150103204,-0.3317153476287994,-0.30782800578548686,0.31806585514408103,-0.94328832025161935,0.095085522916705745,-0.32191188979257884,-0.01311766078169839,0.94667875342472296,-0.19054337802221055,-8.6379957026704695,0.80415838309379828,,0.06598613973547968,0.2,False,4
-0.088108647281321395,0.9926400438358316,-0.083081945378368105,-0.98038797808948508,-0.071655096933047849,0.18358910507196968,0.17628465245694791,0.097628328148718913,0.97948579920845158,0.77906237033991688,16.936752352782928,-3.9936872875437976,,0.2373018495097056,0.1363636363636364,False,2
-0.88694125068323804,0.39146831487465517,-0.24512808138940931,-0.41775343575427454,-0.90628873440103053,0.064209008817137689,-0.19702102616714359,0.15935271678568225,0.96736209709760135,14.776306760718732,17.079322979359969,0.30232692335194222,,0.1735150621625525,0.25,False,4
0.7031709217083103,-0.5996814370801653,-0.38201155595787029,0.70523494469807646,0.6566366707919058,0.2673423934732827,0.090522525597702658,-0.45739529577028865,0.88464411814391386,20.275898464428494,1.2809154115747177,5.1399862365318949,,0.1482928441865229,0.125,False,4
0.86742430177322039,0.4257294147478628,-0.25754523119577249,-0.37782737369142977,0.9003748642742182,0.21580449363398471,0.32376157335712091,-0.089886423900531726,0.94185926465459591,-13.765118856203198,15.502150089314412,-7.9853690047720596,,0.3963683955687707,0.3,False,1
-0.7303254190714632,0.64128473886261506,-0.23532672172959559,-0.67630155235825662,-0.72727700214162283,0.11698022240406908,-0.096130081326832151,0.2445854571674298,0.96485074576656416,-7.0955850613593743,23.072692823257153,-7.1097886765322951,,0.1549059082029896,0.3636363636363636,False,1
0.68123335206254776,0.72568971098449997,-0.096413502212380209,-0.65369422700317914,0.66229195184576839,0.3661328011842665,0.3295526932378795,-0.18639692564941715,0.9255545410661139,-2.7677353967794027,-8.8194510097857286,0.16134615812347222,0.4739945448784545,0.4536439889221505,0.3461538461538461,True,2
0.55339152223816246,0.82530476597650326,-0.1123826782533604,-0.77641697755393857,0.55998209157310697,0.28913099813651094,0.3015534779785104,-0.072746823806112193,0.95066997404208886,21.445078396792756,-6.3838890827729351,7.0070691485748151,,0.4072432283842262,0.3333333333333333,False,1
-0.42079404528594633,0.89281371059866521,-0.16067373655620332,-0.90642912564886557,-0.40671931495955582,0.11386675991817419,0.036312692372261285,0.19355380907094769,0.98041741690302764,-22.259320397355236,2.4216966908959114,-7.6612764513308074,0.7613237649864709,0.6622232787038794,0.5238095238095238,True,1
0.6902876621979287,0.68284564487245603,-0.2392169908180409,-0.6258372553978202,0.72941459535669506,0.27619210313974041,0.36308493933712332,-0.040941096215772355,0.93085614004915329,5.6947364099063122,-5.3173602948591885,1.8666288359167953,0.7496661631069027,0.6317903880294601,0.4420289855072464,True,3
-0.94754604476236459,-0.14406389736720443,-0.28531050897324184,0.11026963228001549,-0.98519797794908637,0.13124615210306692,-0.29999516871447923,0.09290068740543736,0.94940632030104366,-23.551650384295552,-3.7626218815630352,-6.7984851804808164,,0.09702069025961073,0.1,False,1
-0.24525799933931239,-0.92276543598394223,-0.29724142361629763,0.9394611241639973,-0.30190249371832217,0.16207307139428673,-0.23929335541255004,-0.23949704474173356,0.94094625543406007,-0.76335834628275945,15.463771680143406,-4.2954280333781396,,0.7403053532607137,0.8032786885245902,False,1
0.33968972893540211,-0.76979812647071599,-0.54039035200303964,0.9382219985718725,0.23704809605840754,0.2520866548448884,-0.065957330537211936,-0.59263736351774166,0.80276434020897169,11.233866528310276,-9.4875552465449253,4.5512721720653015,,0.1796353799324096,0.3076923076923077,False,1
0.97154285073251012,0.060827589158361756,-0.22892027779934718,0.039314761362664936,0.91164627023195477,0.40909097705909364,0.23357833531718097,-0.40644936015369565,0.88331199408878569,22.264691430427021,-8.0428950064677007,7.6686152861596728,0.5367346935033189,0.2558588419726625,0.2631578947368421,True,4
-0.097491522288783952,-0.88721968872114143,-0.45092862742054451,0.97761432322862862,-0.1702564405817194,0.12362434816278503,-0.18645545875636232,-0.42878195902580152,0.88395723511601498,6.6798750736269215,16.023555466422948,-2.113783069296483,,0.3569190729861234,0.3823529411764706,False,3
-0.80538537029661561,0.54471343173366404,-0.23375560442718329,-0.57508904274473971,-0.81361215274420562,0.085486009509615116,-0.14362102292882445,0.20327946821032825,0.96853005094163369,1.3720515571059286,3.1868957722435232,-1.2152548902826825,0.4604169756563841,0.3187649773738664,0.4741784037558686,True,4
0.61204359049900847,-0.68852575449381925,-0.38901790283713161,0.78971111564370322,0.55820993768477778,0.25447596998289462,0.041940400067959155,-0.46296214841893335,0.88538525624355502,7.9975900115742453,8.017393764633308,-0.073836116324425563,,0.2815238458438987,0.2444444444444444,False,2
0.25577693762293285,0.93624199908959393,-0.24089225251335,-0.93600952947629734,0.30215949237893469,0.180515378555029,0.24179395962222705,0.17930577320885632,0.95361686267818246,-14.619885678691169,-3.7738814109031424,-4.3355598629005039,,0.07603116740753971,0.1627906976744186,False,1
0.57285637553189761,0.81956429600988823,-0.012244905809147083,-0.76096723692710377,0.53733084060766501,0.36359927400283715,0.30457254855943222,-0.19897219011127523,0.93147497563076576,-6.3169030282653313,-12.057625480616412,-0.1521796029742285,,0.4366918145450766,0.1666666666666667,False,1
0.65911571041157135,-0.67934244827667478,-0.32258381586512297,0.74665697304755241,0.53989871829695346,0.38860357510035048,-0.089832315388820333,-0.4969941769787255,0.86309150335356866,11.751937299875054,-3.8480440007637911,3.4893252231855487,0.8030139313493286,0.4679762704837387,0.2727272727272727,True,2
0.07361492342085274,0.96898449997515557,-0.23590227183653709,-0.97797107802003802,0.11647008057570048,0.17322612645618501,0.19532898813557178,0.21795357106179125,0.95621275208781131,-15.255031721021625,-4.2675161489128577,-4.4540232436355991,,0.07310435564851689,0.2592592592592592,False,1
-0.5237698498311959,0.8259513785755932,-0.20849332036514701,-0.85185112344402902,-0.50894036081530403,0.12381184361899275,-0.0038481027731259165,0.24245417992326967,0.97015522610702987,-24.48913546379702,-0.93723905562280296,-7.6765569233018986,,0.794035670575387,0.68,False,1
-0.37467372614039823,0.92412980861922955,-0.07485783700760093,-0.92561953070226677,-0.36818397598443209,0.087573079258475614,0.053367436912278576,0.10210120787572377,0.99334146194938078,-10.736731932884952,-10.150907191301698,-1.8594272129000009,,0.4748323132597665,0.5,False,1
-0.39162697163189308,0.90944358909500833,-0.13978795851010423,-0.91600170848009543,-0.37098202219447185,0.15268663749669484,0.087001064085327179,0.18784221427168743,0.97833844725919406,23.192709372982446,-13.564533344261553,9.1024775729980423,0.4820917319565366,0.3719225917230085,0.3478260869565217,True,4
0.28099935261606551,-0.83550139568354065,-0.47220417367936074,0.95580658984375499,0.19931729731571812,0.21611658381996005,-0.086447247732963362,-0.51206448109746239,0.85458577132888314,10.753005385301567,-10.306247397012958,4.5942673579496889,,0.2101565432081045,0.4285714285714285,False,1
0.95041506009574794,0.14635980185403594,-0.27439027304998187,-0.090156422980342293,0.97411141438076587,0.20731322140301156,0.29762901897930888,-0.17229556225960049,0.93900543464192077,11.090391539550209,6.0438787355826156,1.2445394176932163,0.2068127706707842,0.1616591510675227,0.4137931034482759,True,3
-0.88875636577367112,0.37973737097476146,-0.25673264572693916,-0.41745687961537808,-0.90186939498330365,0.11118159944092731,-0.18931950760175059,0.20598816344059087,0.960066143848331,2.2994845867219342,-10.696750098094695,1.9958764847216122,,0.0671737375281083,0.2105263157894737,False,3
-0.57993574311742768,-0.65266879555235358,-0.48754279521604738,0.75589987954042037,-0.65427322076394223,-0.023279276233498486,-0.30379253770561054,-0.38203402453632002,0.87278869042338503,33.227191740330973,4.8890474739773975,8.5124062374506853,,0.4445302028277051,0.1666666666666667,False,2
-0.71872980928350938,0.64597717927592235,-0.25717881931063841,-0.68667760270258693,-0.71752076381636087,0.11678109195848194,-0.10909322249305677,0.26053298706135047,0.95928162260046002,4.9188618282511145,-11.907891173217582,3.1195451266019276,,0.1111604267620639,0.3103448275862069,False,3
0.9263922314831633,0.29007436460884195,-0.24011309094761979,-0.20345477028765377,0.92213515582828487,0.32904849313245788,0.31686525510828939,-0.25597581405734376,0.91327585795466915,23.39696074969827,14.204359545980088,3.5759095072758749,,0.2776362354773248,0.2380952380952381,False,3
0.60813214142157779,-0.69651288929745669,-0.38084786150445282,0.79222096317249091,0.56307625527102434,0.23522558589577575,0.050608735214951212,-0.4447638989311844,0.89421688092289664,5.4172753493792536,-15.363048862821767,4.1220505873511497,,0.3591664784662201,0.3333333333333333,False,3
0.047407753030320916,-0.84840285465386978,-0.52722395731584593,0.98344807418857028,-0.052763430382028853,0.17333754869938978,-0.17487821570283882,-0.52671492918796758,0.83185875786884977,-4.7899170757390355,-10.215655660406236,-0.15273056414226063,,0.5593810879234995,0.3529411764705883,False,3
-0.91332055083202035,-0.28080438158383575,-0.29494825090380639,0.25131273639440727,-0.95853393246760799,0.13436743963527265,-0.32044887260505428,0.048596291952195725,0.94601845671987106,-11.799094868131073,19.590919068805952,-8.0838835818018016,,0.117676349270387,0.2727272727272727,False,3
0.95879257551336206,0.055612017177160626,-0.27861102039571506,-0.001940353626082134,0.98191408790465118,0.18931708586966836,0.2841003910033566,-0.18097521244597234,0.94155984425413752,6.7399066453651182,6.1005005801478305,-0.13510381611834812,,0.09037801812011934,0.3703703703703703,False,1
-0.20532199063016024,-0.91459552775608277,-0.34836460895481602,0.95138390479646429,-0.27002146537196225,0.14817919534337964,-0.22958995156125994,-0.30100403460244801,0.92557280928900865,3.0785909680399426,15.696853698993781,-3.200054852330128,,0.2960122394039243,0.2105263157894737,False,1
-0.60244386901007219,0.76680761298366606,-0.2215117815432493,-0.79697401265194179,-0.59304910425989499,0.11456519145882027,-0.043517902633682895,0.2455582305825354,0.96840453713493979,-5.4778053253833239,26.146986134296593,-6.9987335068136494,,0.1760811032388401,0.1578947368421053,False,3
-0.93604100721508388,-0.17752276834781805,-0.30383037953749381,0.16694117826738333,-0.98409793755888819,0.060678598294949287,-0.30977068261936647,0.0060758547109882738,0.950791884788181,-2.0889002683966513,21.271779671946714,-5.4685768503359196,,0.2041701926782395,0.25,False,2
-0.82467957638402722,0.54496657079365007,-0.15137712182649213,-0.54612179960867113,-0.83686298956278848,-0.037567495154993163,-0.14715493973105226,0.051689200201236102,0.9877619400925044,-16.319635055059635,0.49190500479752097,-5.7616050522735591,,0.4974872959992033,0.2571428571428571,False,1
0.54376499061838601,0.81266181401022264,-0.20952424925864985,-0.78378113692963414,0.58100070461169606,0.21937481768426059,0.30001127373996522,0.044932808618280556,0.95287684321668575,11.796255392814308,25.589737752174848,-1.8563779868668278,,0.2888167351931522,0.6,False,1
0.47305732033327275,-0.79919248632034567,-0.37082090217274594,0.88075501890862296,0.41843368025006117,0.22177432651157447,-0.022076420597015339,-0.43151433932315086,0.90183590891698784,-11.37725761829677,17.002321446502044,-7.6032209690054442,,0.4959528894792602,0.2142857142857143,False,2
-0.85139010240749569,0.45444395170358853,-0.26194577355357429,-0.49699574086994475,-0.85858179872414897,0.12582737562525753,-0.16772038361418257,0.23731411601426389,0.95684475400175539,3.1502275170433811,-14.435890852365127,3.1252044328316715,0.6285726231060447,0.1696588335348391,0.3043478260869565,True,3
-0.91006209220308509,0.31867639776199502,-0.2650138521745295,-0.36019832262596946,-0.92441953950379607,0.12532231788882922,-0.2050467183653098,0.20950863584356005,0.95606588412859339,-7.1226474648409273,-5.2372125721283611,-1.9800303693874177,,0.06908192169111516,0.2307692307692308,False,2
