axis_00,axis_01,axis_02,axis_10,axis_11,axis_12,axis_20,axis_21,axis_22,location_x,location_y,location_z,dbh,dbh_approximation,score,reconstructed,number_clusters
-0.93806203992136961,-0.19533819987413562,-0.28615135318305346,0.23480563894995782,-0.96574276608791054,-0.11048629628227641,-0.2547664051162602,-0.17083295179445074,0.95179314002851167,-12.577606790662152,20.537858385761112,-6.1621390728690377,,0.2379906926093701,0.2307692307692308,False,1
0.77983028405977872,0.58951464852021773,-0.21056402172101452,-0.56726547490453538,0.8077372795390948,0.16053151785276634,0.26471609139713381,-0.0057416393882900596,0.96430929920464736,-14.248463477500852,8.8527862987940171,-5.5547458000232526,,0.09127555589566587,0.3820224719101123,True,5
-0.45764769871628702,0.87768606427095697,-0.14221728602474273,-0.88890512400968968,-0.45526537289269076,0.050804731612286561,-0.020156000818710912,0.149668342776407,0.98853079001190403,-13.263140259377327,11.801851388992926,-5.5963530071081529,0.503071483774314,0.2990178882318508,0.7108433734939759,True,5
0.73643438986665133,-0.61656761045793351,-0.27840397115689136,0.67070247271875572,0.7192252245610693,0.18130987133641135,0.088445364551682115,-0.3202490563440793,0.94319561035876687,20.084575742690738,-1.8051778421747939,4.3547928209586528,0.1379162067598704,0.1131693703403276,0.2142857142857143,True,5
0.16349365361679774,-0.93071757758440987,-0.32716145250080758,0.98169860963690081,0.12065580622805003,0.14734319210752317,-0.097660970013643489,-0.34526361986005255,0.93341061046954399,7.0647212457981459,-7.9033897858691207,1.2405531628495201,,0.1005404873025092,0.28,False,4
0.53603911132869442,-0.77026128588213638,-0.34548461991403245,0.84414954799568731,0.49322846451003699,0.21008860610644664,0.0085797287032947644,-0.40425639545747571,0.91460546411395816,-13.977375832980915,15.458659128400926,-6.2064833630266989,0.7939472717021362,0.4224811447285159,0.6210526315789474,True,4
-0.091648681572234686,-0.9346616398240013,-0.34352312616122427,0.98887327769410915,-0.12601846097319427,0.079050541784713324,-0.11717576468101376,-0.3324559617986369,0.93581134510966646,19.650503092710707,-4.2502867384829743,4.4345067043685509,,0.1486875512666541,0.6666666666666666,False,9
-0.96681025834829271,-0.066231163979593,-0.24676174190991573,0.080557523502004486,-0.99557366247189627,-0.048410412098211064,-0.24246321320920336,-0.066682197850722366,0.96786624836806112,-0.13945158542932939,-9.5819581124360322,-0.26173123273211818,,0.09950280516926481,0.4047619047619048,False,5
-0.49767279953145921,-0.81672013624974882,-0.29204452340475856,0.83716754131772064,-0.54037014547665607,0.084561301087319587,-0.22687505894338167,-0.20240633616991829,0.95265911149146498,5.9760638396152883,11.236834480374288,-0.6020360320229784,0.2989840004773412,0.2733951838394842,0.8695652173913043,True,5
-0.77127039863904578,-0.58974850041147608,-0.2394549612047813,0.58062883575703583,-0.80601384058237469,0.1149427852328265,-0.26079134815134697,-0.050382487553374045,0.96407960131792936,-13.032673748077425,-1.217869073442875,-4.1476596654369313,,0.09702149688061795,0.4230769230769231,False,1
-0.51856619558923933,-0.79522201175939899,-0.31418315168932487,0.82279065627840831,-0.56406089682282734,0.069647976398269362,-0.23260403421490586,-0.22238987541873864,0.94680415428862008,-14.221685655500556,-3.8997637270582035,-4.0862555880310003,,0.08253417384788829,0.2173913043478261,False,1
0.8469887208859388,-0.44454289575312422,-0.29153339521816035,0.51962139904158189,0.8081051106309447,0.27741617081601005,0.11226623869209391,-0.38645535836313039,0.91544991541992837,2.9647593351128405,-18.651650376154535,1.5514247211676409,,0.2655478325025,0.375,False,5
0.97279788431935221,0.046296055617400383,-0.22698227132986307,0.0023532931404462911,0.9778012519910384,0.20952129633083527,0.23164355867407177,-0.20435602961260804,0.95109404103158135,-11.502830229391369,-5.6460906677741356,-3.2866468583308572,,0.0864157040286165,0.2352941176470588,False,1
0.94643040480331875,-0.18490620740786334,-0.26472473123202134,0.26143503583129019,0.91996564166740158,0.29208721333084331,0.18952891838375918,-0.34564853914565563,0.91902441560752679,-1.8801680016093072,-13.215925395910247,-0.23435853070943313,0.3386920799069774,0.2122918636282987,0.3181818181818182,True,5
-0.057692728109815052,0.99810579263239863,-0.021362954779199528,-0.99302988287325356,-0.055170084004712232,0.10415331752587507,0.10277743353470016,0.027222941511970661,0.99433179100914615,-10.815752282635298,-6.3770786737450855,-3.022230205766709,0.5559525634764159,0.3021925397730058,0.335195530726257,True,5
0.97691264679439582,0.050396334191468689,-0.20760994685522677,0.0027836605724604561,0.96869345196125256,0.24824432996789617,0.21362100029488115,-0.24309094106415027,0.94618859779938158,-12.178863560863334,-28.304134225478045,-0.56337900173726796,,0.3262126230569671,0.76,False,3
0.39841999656186655,-0.84443671431353517,-0.35803371609249779,0.91719417914715973,0.36508718047235783,0.15958129086240547,-0.0040427809995115388,-0.39196681769520358,0.91997047221510586,-2.1105280529224291,10.938129396191874,-2.5393385887947297,0.4360794421253888,0.3086723624138633,0.4722222222222222,True,5
-0.93838565459344447,-0.21507294425014384,-0.27051061329420739,0.22147971311481099,-0.97513987498783983,0.0069972056766701984,-0.26529059525700249,-0.053346535597685506,0.96269156390191291,12.41354499582687,7.2868262921375395,1.4910066045257695,,0.2500729638672711,0.2222222222222222,False,5
0.42434804208816901,0.88896859048345411,-0.17223119435746564,-0.87604498794891483,0.45116798149350523,0.17027222781376317,0.22907186266655194,0.07862758809055212,0.97022872773668134,28.176095274428793,-7.9189544313028541,7.0743921400429199,,0.1768508245816761,0.75,False,5
0.78702830040995098,0.57410801273478895,-0.22580178047910804,-0.55868547476067887,0.81851429967653477,0.1338091234425621,0.26164287615996512,0.020840607926432067,0.96493972579430987,-14.900049491626758,-3.0826332067835156,-4.3646738287721965,,0.2267637598991663,0.7666666666666667,False,1
-0.22857612993469634,0.96648603883708895,-0.11686611808848206,-0.97276607039964391,-0.22200367359970066,0.066637385809119654,0.038459395514135492,0.12891511021300722,0.99090956663837737,6.6606412835632263,10.383396277029412,-0.31145053341081813,,0.154454042699542,0.3846153846153846,False,4
0.96066966063346371,-0.12570367339858299,-0.24761338742581987,0.18325989221120606,0.95692146946974144,0.22520460291612415,0.20863752070306973,-0.26172483214623415,0.94232186496594816,-6.875532027895682,17.56790616406845,-4.3372595708460722,,0.1522051212155391,0.1739130434782609,False,2
-0.0684042144212193,-0.94974025790855776,-0.30547390388902873,0.98677113187489562,-0.10951830698407086,0.11953440397509509,-0.14698162044199364,-0.29325617289859468,0.94466778303756971,-14.71377424835998,-6.4387799985181706,-3.955828031047937,,0.5234331655327424,0.25,False,1
0.71076806819721017,0.6918008786320532,-0.12735893198015585,-0.65844173757426183,0.71802590248105425,0.22559539353997271,0.24751410354037146,-0.076487565591979695,0.96586045620390704,-7.1744094391528073,11.171869481381432,-3.9187252699525921,0.3574030868793699,0.6266687770163593,0.6060171919770774,True,5
0.046333030320695565,0.97535149557774714,-0.21573759611053953,-0.98889935557266151,0.07530847869927737,0.12808863175151822,0.14117830870667436,0.207408035307828,0.96801373546064462,7.0707060039623784,5.1844079744871232,0.22726173554553208,,0.06834219431386745,0.28125,False,5
-0.93716224967524642,-0.24756353544920148,-0.24584388074451574,0.23904258787536509,-0.96887034459889632,0.064411928543282454,-0.25413689020974517,0.0015972703930521373,0.96716693996528436,-12.583726311446949,0.037437313699832553,-4.1426116159539141,0.1871176965715966,0.1522881635367425,0.8322147651006712,True,2
-0.031754629317825904,0.99227519682566567,-0.11992321410584204,-0.99680325293893546,-0.02263940151401406,0.076620704965727593,0.073313835305795327,0.12197291200785293,0.98982204980950017,-11.279139250113625,0.97686490789097624,-3.9405525716115388,,0.1922289844950125,0.631578947368421,False,3
-0.15861171740311039,0.96794230176938112,-0.19475631837716795,-0.98302288570173135,-0.13638729227417018,0.12273757653123715,0.092240605424493111,0.21091753590328396,0.973142057337679,-0.18885088789149529,-5.3495363180777646,-0.71544060731497738,0.1444459394431372,0.1046539075431966,0.4390243902439024,True,5
0.24749817540524069,-0.90449901350984785,-0.34731280962669742,0.96741207095530612,0.21091728995409162,0.14009918546654379,-0.053465298475217631,-0.37066889720899887,0.92722490826164827,-8.814811651717152,12.738517211771432,-4.5401756524301184,,0.07757038499423805,0.2142857142857143,False,4
0.23341285204100443,0.97191416881681469,-0.030021474900549849,-0.95557941134913693,0.23498522003146036,0.17790428598660249,0.17996229912879239,-0.01283724346915105,0.98358973971488362,-6.1382228329267301,14.209006069700955,-4.0134030464587287,0.4492668615706842,0.2662859475526924,0.2093023255813954,True,4
-0.3005405181574648,-0.90190357074747718,-0.31023434048891896,0.93371390418592659,-0.34457397120416933,0.097196314222628727,-0.19456038156705574,-0.26045868663098981,0.94567834409113061,10.422999833515474,-6.5923663119434286,2.0877092118503047,0.6938771103452008,0.2295785938015879,0.4260869565217391,True,5
-0.95858344986233845,-0.12317587692716603,-0.25679850660243897,0.14437500809198883,-0.98736424819659596,-0.065327623725419892,-0.24550687706957905,-0.09969726539075946,0.96425454553512402,-5.9741181939746548,-12.024594901189641,-1.2898891473057708,0.4548644971796281,0.4646998796801849,0.7254901960784313,True,6
0.47263458091258637,0.88031179628196454,-0.040837412410749618,-0.84957676458998066,0.46746718692700523,0.24432304478982986,0.23417060873304499,-0.080781003171376931,0.96883360569925603,-12.495109075632824,-26.078561230898405,-1.0015462182031598,,0.308452659816039,0.2857142857142857,False,2
0.97413352094693173,-0.088871134677145289,-0.20776381972983296,0.14075038881566393,0.9579134500257942,0.25018223419723423,0.1767857783187699,-0.27295373908572307,0.9456442485963471,-0.75512186600748166,17.816021105237326,-2.9192856773818909,,0.199294208380623,0.3793103448275862,False,5
-0.43072010183353571,-0.80455979623981178,-0.40885661074643509,0.87237136491563683,-0.48722465106606605,0.039753503855374919,-0.23118909046868516,-0.33955216634282182,0.91173237892495584,-1.6453104635987195,15.075775593803023,-2.8192229342900825,0.4210601724871826,0.2121360149923305,0.3636363636363636,True,6
-0.18431325475305388,0.98112492096232018,-0.058502252854186254,-0.97347009635627701,-0.17401606627042937,0.14857449370556172,0.13558980648424257,0.084334442231183276,0.98716923890036157,-10.287584332213818,-8.2797807778407826,-2.7354838666260886,,0.5988064715574456,0.3333333333333333,False,3
0.96985907098326107,-0.034513751498578112,-0.2412098326954823,0.10961926199392795,0.9458886700345247,0.30541486751667324,0.21761663500613806,-0.32265062351995366,0.92116207874119138,-13.0091676775174,-23.789515392554879,-1.4076303145946316,,0.1823833054883733,0.3,False,3
-0.088692387680855536,-0.94856686929751699,-0.30389892207537889,0.98458847404884187,-0.12966037726398094,0.11736150705378592,-0.15072888620845884,-0.28880630366886129,0.94544789482207214,2.609354857170135,1.9978909077890521,-0.65564033061135218,0.9118751125584219,0.8457770918054497,0.98328173374613,True,5
0.41632342097576791,0.89281851356467146,-0.17190087545793217,-0.88349297457438825,0.44190305852446476,0.15544082714789481,0.21474397086933988,0.087159558872755449,0.97277347736889597,2.0667428208625376,12.954389150057688,-1.7299177680558508,0.6038814450260912,0.659678424809497,0.74,True,5
-0.88100167554815667,0.43302990120409096,-0.19058109125649195,-0.44196259343124505,-0.89702011489639377,0.0048968846002252209,-0.16883457492133519,0.088543876888440384,0.98165924239355895,6.3099236083735013,13.43843053320477,-0.724219746263147,,0.2109055021824525,0.125,False,3
-0.21685664522644105,-0.9381187031700593,-0.27001202599821483,0.95951169122449276,-0.25576316565201251,0.11799371804963009,-0.17975124429234943,-0.23349197386246134,0.95559980552382107,20.837877127039629,9.7230376790510817,3.2147466464961765,0.4542030932438585,0.342693525544512,0.9444444444444444,True,5
-0.7789109761537828,0.60543466147765557,-0.163543761448116,-0.61848070510935838,-0.784755750284442,0.040497281426456838,-0.10382344934836379,0.13269243790412344,0.98570452382469476,-7.9343225233947265,20.037876019514762,-4.9500926272822339,,0.1805398163157956,0.3636363636363636,False,1
0.37352949179878653,0.92692686382365752,0.035809326698220484,-0.90419043609797523,0.3552031345232422,0.23721380333744871,0.20716026169488835,-0.12098480213193333,0.9707972515554435,-8.8729248030890258,21.060408134127172,-5.2753856111823225,,0.4163218242967242,0.28125,False,3
0.57940454046393608,0.79872935143245261,-0.16223995084463333,-0.77844894927025254,0.60129187332139766,0.18018134325640997,0.24146969141036151,0.021897630875007262,0.97016126592038654,-11.393961430782458,-0.38717106132046897,-3.8264868505102188,,0.09957003296761224,0.3103448275862069,False,2
0.25889010379236499,-0.92520916509049389,-0.27742371021765755,0.96394222271308105,0.22916850705223901,0.13526709373093526,-0.061573577363542638,-0.3024397397962118,0.95117763764853946,9.4845662549542578,13.217518027910494,0.0084082882901023032,,0.09130394650446882,0.2727272727272727,False,5
-0.76458952951073966,0.64229162985902244,-0.053519282278328473,-0.63997590473995658,-0.76642022532236176,-0.055053424680893276,-0.076378614250459359,-0.0078422209776126683,0.99704804641266831,3.5825856524401591,16.853379828915628,-1.8535243821711747,,0.5630826526110965,0.1785714285714286,False,4
-0.28392685312568472,0.94634453066554325,-0.15432942478205314,-0.95748334057847428,-0.271249100632938,0.09823226517040011,0.051099849205564846,0.17565863111511415,0.98312402611569449,1.4110762685293707,15.619176563122037,-2.1908745100924261,,0.09325864508521481,0.34,False,6
-0.08857661557072434,0.97730068460693009,-0.19245143553858721,-0.98994497315032015,-0.06498057564171339,0.1256442395165184,0.11028659623203894,0.20164547268931785,0.9732296594511769,3.114429720144829,3.8846705160297228,-0.71920158195033734,,0.07196407511307938,0.217948717948718,False,5
0.86971282768885805,-0.43258275778341754,-0.23763786529495629,0.47191405277302861,0.86985787845439777,0.14368158575874959,0.14455699273568812,-0.23710636634073512,0.96066843754331133,-0.63478432159094822,11.068694927325206,-2.1418887269425841,0.1745406821644259,0.153326808282478,0.6104651162790697,True,5
0.72821649597370863,-0.63364140436319827,-0.26114996777409138,0.68023434517205394,0.71471141110619829,0.16269245367543891,0.08355818715195934,-0.29611850585740485,0.9514892851990806,-18.490977630195236,12.845777461271098,-7.0085345587685222,,0.08429296572357539,0.2380952380952381,False,1
-0.085155145162422619,0.99289031812971806,-0.083171013079294587,-0.99018572649774639,-0.075047202223448364,0.11789887394952017,0.11081889862518363,0.09239444573513228,0.98953647638922371,-23.408111126906022,8.1998591238110006,-7.6730551855871285,,0.1602711742808385,0.2380952380952381,False,1
0.95462727657650148,-0.14660051591536874,-0.25922008322944673,0.23922816851392442,0.8959063877268908,0.37432823540260657,0.17736021596064569,-0.41935668966108502,0.89032764790884233,14.423258666278926,-8.1192941963177745,3.3668936663169045,,0.4375215471530089,0.3235294117647059,False,3
0.5418202462006152,-0.69674259285857576,-0.47008571569854435,0.84026202933739391,0.46217772643043809,0.28346335079758533,0.019762157293888805,-0.54858135995337931,0.8358635945241254,11.48093021733821,6.5109971762414132,1.3221982365262726,,0.2716730018403689,0.2222222222222222,False,2
0.91659085251058292,0.37132414690607035,-0.14825514162551828,-0.30577564768128968,0.88991775059455558,0.33844888899480069,0.25760912712676004,-0.26488634374237974,0.9292323512016698,-13.710866156954594,18.557250335639939,-6.2213565202802341,,0.3251341195614372,0.391304347826087,False,3
0.91155027604320005,-0.31197227453825049,-0.2678607738452865,0.37947198962559392,0.88913462319172409,0.25581366447338838,0.15835751745704463,-0.33483267726006205,0.92887565093703506,14.705117461470795,-3.1089437835861538,3.0194346467213298,0.6651717389522598,0.2361103234092311,0.3170731707317073,True,5
0.027553147251428888,0.99550658670133674,-0.090595032484103111,-0.9913544303313252,0.038843732532061526,0.1253297965586494,0.12828568719461986,0.086358556479553816,0.98797013223263619,11.889553757840579,4.8473737493521831,1.5092822312953234,,0.576134592614044,0.52,False,5
0.60958969175348388,0.79208313148496567,-0.031697326777877344,-0.75384879579471986,0.5916039372069779,0.28586146043154059,0.2451783040702086,-0.15036320792724903,0.95774657656140105,-22.89608100361999,9.6137108733099339,-7.7457317059144266,,0.6732977866725274,0.28,False,1
-0.70655610253917933,-0.66164572467499905,-0.25100479872691728,0.66020041132265561,-0.74401858288304645,0.10281908973580497,-0.25478204578431574,-0.093066016053114653,0.96250964971887965,-4.1946483466023805,6.2657549204967919,-2.8658148430420161,0.3701409159974545,0.3407234913920139,0.9236760124610592,True,5
0.850184339183093,-0.4653082643465532,-0.24632257009580966,0.50876421892914658,0.84646720513886176,0.15701031864759424,0.13544577861721002,-0.25880782398374641,0.95638535711269401,1.0873852776538642,9.3507164163690923,-1.5002348972001178,0.2483063678076322,0.231558575102219,0.8663594470046083,True,5
0.31361131381992496,-0.91233829121994603,-0.26322383292173651,0.94803748308935287,0.28519282867038198,0.14103184439193817,-0.053599202435728119,-0.29377524206245831,0.95437059502553745,-1.4008626964133613,-4.8638351098938415,-1.0326306173044835,0.403387488025727,0.3748294965512496,0.8705035971223022,True,5
-0.25302767678372934,-0.92842779560644695,-0.27202724703011305,0.9494001494083173,-0.29236088627763263,0.11473651763245074,-0.18605469917444484,-0.22923119447472814,0.95542488370085676,-20.820062538789482,16.115293447412192,-7.9423770822140609,,0.0765187613657898,0.5714285714285714,False,1
0.97412302208038359,-0.056534418731134788,-0.2188337207829591,0.09709480817225398,0.97899252053095387,0.1792937337735041,0.20410030886545605,-0.19590177192456346,0.95914835123553355,-7.2665402463592743,13.363052021847839,-4.2253332801171126,,0.1010648686111762,0.1578947368421053,True,5
-0.36424015629998868,-0.87328223409489802,-0.32358499370765614,0.9036301843588237,-0.41547073247600269,0.10409880100890725,-0.22534772786562132,-0.25448420396967225,0.94045531072758815,-17.716755325992413,17.195616276557118,-7.2709662107631532,0.5080328491091478,0.5192295521668416,0.8440366972477065,True,5
0.85414260754771698,0.50543710004818232,-0.12236724997511599,-0.45700702482691424,0.84182688510814685,0.28717951662325969,0.24816322296110072,-0.18936956831550467,0.950028516080207,-7.116460051168116,-1.2757349072879998,-2.6847736989054805,0.3270418768408108,0.2099952613860466,0.2389705882352941,True,3
-0.91092674934825646,0.34810840899962481,-0.22143394704870684,-0.37711852086692882,-0.92022540148044363,0.10472264172229803,-0.16731431062810861,0.17890149818798917,0.96953606194155273,1.3225549911354748,6.0274945227855863,-1.3528127257374802,,0.0693643045782315,0.303030303030303,False,5
-0.52152290548960789,-0.81206422095847242,-0.2618502627243034,0.82127765970219979,-0.56097155113440089,0.10399002111713115,-0.23133712353134114,-0.16081859300769019,0.95948971616128931,11.237162185942989,18.345158452887752,-0.071983909512999877,,0.2151091978337544,0.4230769230769231,False,4
0.85911335553318979,0.48583360810238713,-0.1609035350224452,-0.44086943467078621,0.86221431812341176,0.24944059652759315,0.25991995675123647,-0.14336029736714465,0.95492902417993319,-10.240228382762339,0.25381836426830373,-3.6354946581358663,0.4542653097875431,0.1637595503283306,0.1419354838709677,True,3
0.46832394488713408,-0.82187820124587951,-0.32432839062004709,0.88345385506848662,0.42997657657219723,0.18608984272088186,-0.013489574121588854,-0.3736794962479083,0.92745979183678218,-20.09192065848617,6.6615138238027081,-6.7678775877898358,0.2525557585049661,0.2332667433343318,0.7891156462585034,True,5
0.67554084287673133,0.70324875614161064,-0.22155305592718025,-0.69230177323130704,0.70837034418910694,0.13758528356693181,0.25369829401512084,0.060437095054962683,0.96539346028193818,-13.757123067174668,7.7435436241714735,-5.3187959330642123,,0.1068027026077611,0.3636363636363636,False,5
-0.47185023929403369,-0.84042036152240518,-0.26655387376047052,0.84961694040483426,-0.51420166900003961,0.11725057856873107,-0.23560222039550394,-0.17114397312240767,0.95666155677365083,-8.5497887919356046,5.3116895796014374,-3.8193528769292016,0.2755171173586357,0.2199342082865658,0.7304347826086957,True,5
0.4960653095119123,-0.81451402017762253,-0.30080910829450985,0.8681962049511196,0.46033690905721042,0.18527082843266759,-0.012432152159780288,-0.35306775708600346,0.9355151524689137,-17.13201545755971,7.6368793455121846,-6.160190453143084,0.484544752766021,0.4689994427803665,0.7970479704797048,True,5
-0.20498051369703107,-0.93030461538354692,-0.30416494143896866,0.96469718625469569,-0.24453201800065583,0.097792796282747202,-0.16535515666822509,-0.27338144554559085,0.94758654348541116,2.1152628960665534,29.767013329505922,-3.6136346763609417,0.9384520956518493,0.6873146419854905,0.6567164179104478,True,5
-0.97282026435007396,-0.0093605756899238918,-0.23137223881141572,0.0015103503949616076,-0.99941786938086463,0.034082857918584605,-0.23155658511806146,0.032807041697891455,0.97226809363647004,0.019431246012060421,-6.1699140715910863,-0.62381933557514579,,0.1655628080219692,0.6476683937823834,False,5
0.40668439022393316,0.90577377754677912,-0.11908681982833916,-0.8913368930419826,0.42198433983770145,0.16567365522015334,0.20031562557737373,0.038769586538663886,0.97896402860838982,21.625148063666185,-18.432940228789018,6.5731553372270604,0.4013074836881101,0.3354128088418224,0.8928571428571429,True,5
0.82000235590113268,-0.42419619569786593,-0.38425736671149047,0.55932535497757374,0.7363539485552929,0.38070724937442302,0.12145486238023613,-0.52710572943431933,0.84107566033128722,-16.37543433102962,15.244494469079385,-6.7284723786291858,,0.4517197596279028,0.1666666666666667,False,1
0.30827652180429016,-0.91115319319763644,-0.27343270585282958,0.95032420494792635,0.28197169045850806,0.13181756813893583,-0.043005715833372024,-0.30048598021492157,0.95281618589313299,5.0944292323618923,21.892455459650435,-1.9659380832433357,0.2980354053911425,0.3345270033514492,0.8157894736842105,True,5
-0.97260362062350492,0.032874131037553544,-0.23013363217612193,-0.054157687525487455,-0.99475383751962365,0.086785641795595503,-0.22607331118896024,0.096871534769030682,0.96928157091711575,24.851871138148333,-1.6550106051101423,5.5304350210052489,0.2483656299624681,0.1781336844084225,0.3333333333333333,True,5
-0.97189375528281829,-0.042995270830981439,-0.23146043966179708,0.022998334495099144,-0.99581858077373875,0.088410580793413074,-0.23429384339481349,0.080602486760320488,0.96881867966887336,-2.9917180522777125,-8.0867008679496273,-1.0794994258471169,0.1975205616417417,0.1445284984362723,0.4736842105263158,True,5
-0.75164946114911013,0.64037633444513664,-0.15792795141096522,-0.65023180932811053,-0.7595937697514179,0.014693505120387654,-0.11055171501222905,0.11373414279556482,0.9873413103230384,-19.967716459562528,12.411744459150434,-7.3881442481146502,,0.3782416576628105,0.6805555555555556,False,6
0.062858735070282751,-0.96066425140160217,-0.27050503785394497,0.99138300289939851,0.028891256005632339,0.12776946774792863,-0.1149283297865934,-0.2762055238502974,0.95420227813972835,7.6094406007803963,16.273483027946277,-0.74319671330648684,0.3179852679923071,0.269773928599386,0.7407407407407407,True,5
0.83614778803000411,0.52850192522360007,-0.14677394730496479,-0.47696003639580098,0.83271086794459803,0.28125030504565041,0.27086158873832272,-0.16516151319815298,0.94834364779031943,-9.3200932077994878,-9.384963099554378,-2.3497963736065075,,0.1674070624484939,0.3764705882352941,False,3
-0.69463031889752491,-0.6731815774865948,-0.25360458158515609,0.67446692336916758,-0.7320591010492612,0.095832363280242805,-0.25016612350446565,-0.10447983682800678,0.96254915424987053,12.134458508333855,-3.4752290397970134,2.3961371272637533,,0.4516896109182377,0.4307692307692308,False,3
0.90935602534058968,-0.33358719744176024,-0.24857835963678893,0.38323295260316564,0.90420731311536084,0.18852490272576578,0.16187687671753609,-0.26669967493728186,0.95008797496469954,-3.3654357922694316,20.05425483637352,-3.8213200417510231,,0.09145689560735579,0.34375,False,5
-0.48090923234135108,0.86541351147554113,-0.14066187971311256,-0.87676420791160026,-0.47407435265113712,0.080858097204607723,0.0032915002653842312,0.16221270700527413,0.98675032491103065,-12.884226639922449,-12.127978032238818,-2.8698854434076062,,0.3016612776343173,0.5135135135135135,False,4
0.82115984954866816,0.52702570729083409,-0.21895297518829046,-0.50485053147442105,0.84973028656441529,0.15193544999489278,0.26612486234698696,-0.014224765367201214,0.9638336026986426,-11.154140064532886,6.814397480068541,-4.5861368769984097,,0.07266152489603445,0.2666666666666667,False,2
-0.95412434441767324,-0.13428642787355916,-0.26760771789786908,0.1656140885149236,-0.98130367478148772,-0.098056471207768975,-0.24943678372468867,-0.13787767458623734,0.95852544972774478,-17.089796603049436,-6.8628872138655286,-4.4105404901321341,,0.1456765557320402,0.5238095238095238,False,2
-0.87885002698544568,0.4273120630983841,-0.21219573699366523,-0.45305019509467814,-0.88688849725655805,0.090411913809402139,-0.14955985688799062,0.17559383293443781,0.97303579330003942,2.7582959521384791,-23.293000912460297,2.295478467238516,,0.0843468543035938,0.2142857142857143,False,1
-0.96866993234931642,0.022722933449603442,-0.2473099885928948,-0.015204289438936171,-0.99936355665773524,-0.032269353991988992,-0.24788584418040072,-0.027498180300669705,0.96839891487708929,-4.8795938005034545,13.680844366415418,-3.5465339330985506,,0.1872210933771357,0.375,False,4
-0.68281338223539001,-0.67932291866554495,-0.26886103699865466,0.68353170140859187,-0.72394233384921036,0.093230415801029226,-0.25797344477628253,-0.12011606652185636,0.95865626392027203,-11.596232630482012,5.6215158300860386,-4.5979013638455255,0.13893231131777,0.1157753018562858,0.3461538461538461,True,4
0.55324380692756381,-0.78809510340649636,-0.26986551851431789,0.83267564463349064,0.53249737155114929,0.15197967010531344,0.023928245453829974,-0.30879225585791947,0.95082847127738024,-8.3294850164328107,-1.7834767880244713,-2.9767768615354706,0.2689263334901976,0.2924391373468375,0.6920353982300885,True,4
0.46359982478413486,-0.83629612790819696,-0.29271827566087488,0.88601129382606336,0.43468514212106574,0.16134687611433271,-0.0076934824874193564,-0.33415208164089821,0.94248777003326156,-4.5676627734727369,8.5836191791483252,-3.1547493656239003,,0.07070210629580076,0.396551724137931,False,5
0.11222385839793426,-0.92053797357620504,-0.37418664435077753,0.98735146317891798,0.060859064060153276,0.14640103305705396,-0.1119950613408057,-0.3858834196048555,0.91572435410953923,1.0217116370871009,7.4693778404889697,-1.5190572849073176,,0.117970460074216,0.1304347826086956,False,2
0.56309722540389706,-0.77380371765489897,-0.29008502423580901,0.82607150993993439,0.536815912693272,0.17156496246275255,0.022964651270794667,-0.33623872832073698,0.9414967564305593,8.3937357361696971,5.8247847588871933,0.49088051128793186,,0.07526797952513335,0.2307692307692308,False,5
0.9716844851833889,0.06847903179331552,-0.22614129091907423,-0.028933363798363324,0.98436304498538896,0.17375919004877635,0.23450399082575724,-0.16229608088843456,0.95847162733961522,-10.737202521094106,13.936481829486386,-5.1749088441988951,,0.1007705679892999,0.5,True,5
0.64984378325732051,0.75867175190716141,-0.046045957693719303,-0.71745776235079606,0.63228541134397576,0.29235170231104979,0.25091316546646558,-0.15694690649929513,0.95520168128825023,-1.7407525334785916,-23.905543277400007,1.2695353364509538,,0.2288669922685353,0.4117647058823529,False,5
0.30716859404863478,-0.91127322530666099,-0.27427825956386043,0.95059715910321452,0.28022116741647296,0.13357072447451382,-0.044860850806494171,-0.30175686598807383,0.95232888116132075,-5.6960509544557345,5.3126042786570302,-3.0954449709705107,0.0938320029507815,0.2348061105727082,0.4233009708737864,True,5
0.97042586557381949,0.082290798571957327,-0.22694022097392427,-0.049223276074047841,0.9878060626512053,0.14770325548904414,0.23632754498331782,-0.13216431840672171,0.96264317606382332,-8.0453259004287663,12.364387111656193,-4.2746029063027464,,0.08549535642760649,0.2096774193548387,False,3
0.95158209619365319,0.22607411899879665,-0.208283477315439,-0.17961272865161548,0.958798722715552,0.22010060659922473,0.24946098274081713,-0.17203343290751202,0.95298148778034597,-15.960119710634791,7.9604469827914608,-5.9042135976269314,,0.1058770104472968,0.3,False,3
-0.26422266923408844,0.95601192384377842,-0.12738752894741803,-0.96192358380160559,-0.25164251679234173,0.10667268942278357,0.069924244644379685,0.15072241111039808,0.98610007342053241,-6.0191745709906064,13.209758130048069,-3.7857532683935466,0.3134894111560594,0.1604905333405638,0.131578947368421,True,5
-0.91676761787424221,0.35672197186554527,-0.17968463931439316,-0.36769654621610498,-0.92943408257245974,0.030846978027625788,-0.15600123306542862,0.094348931848994538,0.98324050686544562,8.8971439349591837,-9.0428390929319136,1.8973557208841054,0.4172851532325428,0.2311886440944712,0.3333333333333333,True,5
-0.48439331485132686,0.86344084908599894,-0.14082974350964181,-0.87480724923223319,-0.47965017201944254,0.068176162787672065,-0.0086829268150408478,0.15622295801631503,0.98768365085717391,-3.7708313014018846,-17.087860666293015,-0.28679145537707407,0.4117922274402151,0.3982416315148042,0.7272727272727273,True,5
-0.4721535753627556,0.86087517345086295,-0.18964423800399041,-0.88146828087973217,-0.45882707441593129,0.11176486740406286,0.0092016887089758359,0.21993556219689672,0.975471002852488,12.111823837697182,13.260676982767015,0.68039970506940806,0.3133507305639419,0.2822285375957526,0.9,True,5
0.81164791925155422,-0.48883495208592065,-0.31979375352526501,0.57188308227553342,0.77654574126259268,0.26443610179770394,0.11906886823035552,-0.39751364925758936,0.90983817422234814,0.44818419016742816,-12.388638965792461,0.19574807771374353,0.1952887673945984,0.2215078321107898,0.3095238095238095,True,5
-0.53834982710426249,-0.80039786949690028,-0.26370952611089554,0.80716548001083721,-0.57967688736446576,0.11161807261513876,-0.24220518478282965,-0.1527676561326605,0.95812248262111444,-14.002098493347717,-5.1126145259157738,-3.8790845234414006,,0.1061454895036259,0.4444444444444444,False,2
-0.025549621107988696,-0.96139629398273063,-0.27397879986873214,0.98924382834709323,-0.063801180698751556,0.13162848255082707,-0.14402730622498766,-0.26766877901189334,0.95268544641127861,7.3169837064153302,-3.8337177714203534,1.2156965815895198,0.2433037293363915,0.1103080375356857,0.3076923076923077,True,5
0.48920272289989902,-0.83273625288878617,-0.25928946957419419,0.87216983494188816,0.46731892114954504,0.14468173676405488,0.00068914785250943911,-0.296923153459557,0.95490112892114021,5.6384207489758333,4.8349153230060811,-0.13320668079413744,,0.067867124043534,0.3076923076923077,False,5
0.6278469012437532,-0.72840752755387883,-0.27428223129007578,0.77692728767654162,0.60770587129118914,0.16455261669687679,0.046821557665133837,-0.31641120049875349,0.94746593286341885,-19.342769146357547,14.841007642935882,-7.3947082478092732,,0.06768292196239205,0.1176470588235294,False,1
0.034022490905998952,0.97931073712939354,-0.1994817040623926,-0.98964111834178103,0.060866363310654946,0.13002208544922314,0.13947375021766978,0.1929916214772551,0.97123699838906441,3.360286559123757,5.0566422371411184,-0.80228827994302621,,0.06774431131143505,0.2580645161290323,False,5
0.97257210611554068,0.03602843006583635,-0.22979436597308778,0.022902297411882981,0.96829798781686871,0.24874583727785549,0.23147134418592702,-0.24718608176188811,0.94091447953784091,-4.9920777790214386,-16.997328074243093,-0.57338946099070243,,0.1356381293584358,0.4545454545454545,False,4
-0.96591322911007338,0.074300038299268012,-0.24797406747254586,-0.073764364684914346,-0.99720980610381083,-0.011463904789861756,-0.24813394030801664,0.0072185122516606262,0.96869883903517218,14.136016548140264,8.7456447723830344,1.6980234145565729,,0.3602529710302838,0.1666666666666667,False,5
-0.86012213804676452,0.48786673429415428,-0.14891594008372977,-0.48860167627141615,-0.87183877510765362,-0.034140183999942453,-0.14648655087285697,0.043395849893103702,0.98826033545085201,4.1120734516583513,-14.588274204396518,1.23213983489435,0.4445755082869971,0.2614173696323848,0.25,True,6
0.40075432642269021,-0.87790650733256725,-0.26206131770375318,0.91532201457204276,0.3712325142577621,0.15611543805029629,-0.03976907709856288,-0.30243443048203339,0.95234018909512319,-7.5806556177167863,6.6588830176928386,-3.7072952751199169,0.4199849218545494,0.3699979321947875,0.9446153846153846,True,6
-0.70502794570071625,-0.65445848031770359,-0.2731660544820127,0.6642658792212236,-0.7443209690210868,0.068826860875422863,-0.24836754514928591,-0.13293002902185844,0.95950152157292867,-7.5649836182729358,16.502947553372348,-4.5110201650206152,0.4559900169908436,0.4411128521190621,0.8109452736318408,True,5
-0.23274988603553765,-0.92497916744178243,-0.30040144864688961,0.955568534988671,-0.27495365584474396,0.10625093918273781,-0.18087638179167587,-0.26232427820603188,0.94787641999030381,-5.6121650127024321,-16.263208726867379,-0.83078599595363445,0.3233883773338184,0.2761425832585403,0.5,True,4
0.88525047661438061,0.42683435461266628,-0.18478102547718633,-0.38425050077981315,0.89500346276577425,0.22653996178982652,0.2620746960400312,-0.12954240757243124,0.95631355649486804,-10.982173811456411,-4.2717676259707984,-3.2560084461135368,,0.07139872166056344,0.2608695652173913,False,3
0.15567049635612909,0.97662020734170374,-0.14825541196220726,-0.97093280405886118,0.17890207803523978,0.15900797614292708,0.18181360390969958,0.11919319228261452,0.97608237170171575,-6.396632265220294,-22.853908525165913,-0.053510858164724708,0.4154303784198422,0.3167093882750026,0.4705882352941176,True,5
-0.18278666908727198,-0.92491275569305376,-0.33335480791532351,0.96870747592197126,-0.22734175077484631,0.099606999992527839,-0.1679132505100891,-0.30471646281569637,0.93752494238405548,-2.8920010448682412,14.371677380901446,-3.0619102438738293,,0.09259585895891984,0.25,False,5
-0.61216711616309771,-0.74066868870039471,-0.27687779879830648,0.74870861177864378,-0.6555670663896036,0.09832210389239171,-0.25433607006685832,-0.14711123357571271,0.95586162618800585,-0.99892391280599591,20.859569231826544,-3.2721810018669659,1.006530399634819,0.4273167217868146,0.6239316239316239,True,5
-0.87954705670174793,0.44976412101370744,-0.1552714091391536,-0.45655803351452429,-0.88964572877553383,0.0092325134605170112,-0.13398409264028988,0.079010839257758148,0.98782870488720964,-4.9166470410324488,-21.257200410798429,0.084651644996920697,0.4566975674808388,0.2434026518206851,0.75,True,5
0.40381645546881373,-0.8025503607404797,-0.43914142228663577,0.91456408053560123,0.3423551365193388,0.21532650346135956,-0.022468041451662465,-0.48857535649493278,0.87223237049491298,-16.512447028809774,10.070092257801942,-6.2773520508494718,,0.2247634866603647,0.1304347826086956,False,2
0.56759243371640644,0.79774536060283918,-0.20357104122279485,-0.78736175453028756,0.59822052755357769,0.14897539366118898,0.24062480481212661,0.075726745936723253,0.96765963192589621,-3.3026091539000362,22.526591189977879,-4.0793493635604143,,0.1054168294400684,0.2,False,3
0.65096424519757112,-0.70193995182595348,-0.28900840040547959,0.75714089672694129,0.6277733455062301,0.18066070180157576,0.054618806082511004,-0.33642373682975002,0.94012544658658592,-2.4592747720716397,7.2674691105619065,-2.4286588193349474,,0.07250915094435724,0.1204819277108434,False,5
-0.58197009715086501,-0.68477171072377374,-0.43863254577681454,0.75021005563700016,-0.66025192988849346,0.035387307041493579,-0.3138402116417558,-0.30847219205457765,0.89796950298197864,-18.893669656623551,10.443374436321687,-6.8701825405114922,,0.2479035759050503,0.5,False,2
0.97007673447255782,0.096154602324918348,-0.22294712755896839,-0.012649238271016766,0.93700686933212984,0.34908182936893717,0.24246881450244512,-0.33581604975959312,0.91018484645573028,4.3872877765954961,18.792137166777451,-1.7137999073059911,,0.2072135439601553,0.1428571428571428,False,5
0.85260830111592434,-0.41813171339057542,-0.31340860729290398,0.50373298043759496,0.81717091349950755,0.28015135650186773,0.13896823121733093,-0.39673362396882961,0.90735343848187677,25.604783990490294,-4.6483974364971381,6.0434467539894658,,0.3859591597360303,0.375,False,3
0.36892301057927307,-0.85558928620968933,-0.36312915827336212,0.92879968338879593,0.32463724101039476,0.17872271787893107,-0.035027994547199029,-0.40320917037234394,0.91443720644210891,14.587519413390563,28.180047872837783,-0.33778758630532651,,0.1034917907213921,0.5555555555555556,False,1
0.060101071625375889,0.97767527173313096,-0.20134280277931568,-0.9875986054039535,0.087549812500718791,0.1303227721284923,0.14504087628543694,0.19101333297086343,0.97081257245346519,3.5191907003591529,7.3599295482322376,-0.82388918778075093,,0.07129962748250185,0.2564102564102564,False,4
0.50140889247945464,-0.8186293273435622,-0.28006275538805991,0.86518362619522293,0.47694822233000211,0.15484729955647919,0.0068128926462897726,-0.3199475232429162,0.94741076986939121,8.2169881201407424,3.9307439953021981,0.57844802013536523,,0.07283454336394282,0.2,False,5
-0.061013290298750134,-0.95913695677806932,-0.27628549826117416,0.98699315467380855,-0.099221432808748039,0.12648960391440539,-0.14873429676427863,-0.26497434859601765,0.95271543681844084,10.823720531153777,5.8004411165275656,1.2566069607535091,0.1841971375453442,0.1369803303354352,0.56,True,5
-0.070236150634010924,0.98680257956800865,-0.14590254316509133,-0.99176757854341013,-0.053380198955837121,0.1163942632159187,0.10706985240607113,0.15287649694233602,0.98242802453328981,-0.033231150908214539,19.526459956671122,-2.9174910464156891,0.2115926581546614,0.1772211042922759,0.4594594594594595,True,5
0.018415227750631289,0.99900311288403953,-0.040665216523363357,-0.99383087286185079,0.022738508937739658,0.10855024807866864,0.10936670212429629,0.03841537009177412,0.99325887049004902,-17.751102006648246,5.5829167437786698,-6.0406508354348842,,0.37242718509333,0.288135593220339,False,5
0.079520677196163389,0.99017661341179941,-0.11500754823316008,-0.98556303903855835,0.095396437263145201,0.13987500076346318,0.14947226491675172,0.10222423396552249,0.98346746159230791,-12.645626697991846,7.3831259303350878,-4.9939781454997494,,0.2651585220244415,0.4210526315789473,False,1
-0.96077029424368621,0.17749786825455263,-0.21310783294846519,-0.18000179005505471,-0.98363570481113127,-0.0077560168698939391,-0.21099714992358878,0.030908040795230428,0.97699789955676164,-5.4474576410219209,17.308547479874626,-4.0309800439425851,0.6906075503848488,0.4412146976608131,0.2307692307692308,True,3
0.80074848416932842,-0.54846266748379058,-0.24081230756979274,0.58824590304170887,0.79586433148803881,0.14341102963071606,0.11299833032026559,-0.25649301791990892,0.95991807416214958,-1.2290356457633895,5.4154223761715885,-1.9565648269435496,,0.07741846692360096,0.4338624338624338,False,5
-0.94929455584477673,0.24082721947943247,-0.20209427651785353,-0.24157378258518925,-0.97014771228661789,-0.021343006173595053,-0.2012012768621339,0.028559879251279778,0.97913348399807087,6.7546401538976575,1.8020788939014518,0.50186724700488339,0.7223753015331463,0.740781614304647,0.7321428571428571,True,6
