axis_00,axis_01,axis_02,axis_10,axis_11,axis_12,axis_20,axis_21,axis_22,location_x,location_y,location_z,dbh,dbh_approximation,score,reconstructed,number_clusters
-0.86609471175521779,0.45676466717938358,-0.203091085688547,-0.43621440996798116,-0.88901345530593012,-0.13918356519825359,-0.2441248426644283,-0.031954891668058719,0.96921718210757613,-3.589881461970732,-16.982429046640181,-1.1828164124285019,0.6049866573957268,0.3678160363833343,0.3050847457627119,True,5
0.55425960399881191,-0.74831673960290779,-0.36444251755956458,0.8269393864821859,0.54488523702219094,0.13882121437207023,0.0946971090347834,-0.37831486318322749,0.92082046123829686,-15.136300716788051,-11.565856771718558,-4.7677659366109486,,0.6929999318581773,0.2702702702702703,False,1
-0.66853037549252703,0.73781953886021912,-0.093217300539726045,-0.73097256945341715,-0.67499713624995861,-0.1002894249710487,-0.13691690819796248,0.0010927627592101918,0.99058193306715514,20.090700705061764,-1.6432594258379432,5.0685162419716852,,0.2880622645882606,0.3529411764705883,False,1
-0.65566425924742455,-0.67109280643995006,-0.34603298150621298,0.7072922687001304,-0.7063007268314051,0.02961300245589097,-0.26427641927071321,-0.22533026521526556,0.93775489643908005,-8.4554544059188412,6.1150216795604422,-3.9359141824964787,0.4895163224239953,0.3429052674267167,0.6262135922330098,True,5
-0.89199899954690209,0.40121620803104308,-0.2082386592842862,-0.3742791163328954,-0.9138464005708935,-0.15747983756878139,-0.25348161251734458,-0.062532476176892116,0.965316922849068,-9.9907898105226263,7.0628239965052817,-4.5059344159861423,,0.2734094670041789,0.1692307692307692,False,5
-0.89428037746760913,-0.31826689487928894,-0.31459305475532556,0.34549844115420503,-0.93782633766773582,-0.033355472365683383,-0.28441770977983422,-0.13852055443369804,0.94864040730035115,29.169182738389324,-5.624867914711646,8.2109859227304973,,0.3476603970657153,0.8,False,4
0.71987546436410399,-0.59177704073104731,-0.3627385420246535,0.67626399062723463,0.71569636295253491,0.17448705120278132,0.15635322442308097,-0.37091596099402219,0.91540975475050956,4.4156738780226208,5.5619218905931032,-0.059919431208476343,,0.09685728459067691,0.125,False,5
0.94217285681572394,-0.15652884665181904,-0.29632588149797051,0.20745649785588255,0.96684698350607379,0.14889161152522581,0.26319595243291671,-0.20175636458624518,0.94340991089338921,9.6629563510626273,-10.604401700590694,2.5129054562972151,,0.09220879600055713,0.25,False,5
-0.16898261575377671,-0.91894431431026224,-0.35635126317982002,0.97391039944719426,-0.21124316742593255,0.082914763850996526,-0.15147082036358855,-0.33304304738682255,0.93066584721138279,-13.50936826336558,8.4314388856465587,-5.570066140462381,0.3904398243211816,0.4691016046233179,0.90625,True,6
0.93227463726506687,-0.17562988992630657,-0.316256450490359,0.22475626056999534,0.96624018912488507,0.12595443721639604,0.28345832858972364,-0.18850474446119428,0.94027513913148841,11.808323648794314,0.14470139978930457,2.5100580420865661,0.1513986237684969,0.1677464335290055,0.5,True,5
-0.32230632018332517,-0.88118999906636286,-0.34586532279965088,0.93026905994303777,-0.36248211547878606,0.056623246734184646,-0.17526583261600132,-0.30349777841599901,0.93657406883490657,3.7615320349948846,-17.948159744661162,1.1631838457556871,,0.222306759020818,0.5384615384615384,False,1
-0.865737810200642,-0.37161862375238702,-0.33525757630422176,0.40893666623231539,-0.91141602946822686,-0.045734278601222894,-0.28856341937223984,-0.17669300979030322,0.9410157986407276,-10.191573155898913,8.2076255896259092,-4.573601503973066,,0.1375913971085659,0.126984126984127,False,5
0.8196389219495851,0.53009960519330024,-0.21722441437193207,-0.48463542989258729,0.84379860593974432,0.23050469129059153,0.30548410387145986,-0.08365596923143559,0.94851522976376079,7.5537306489494176,-8.9459647210583721,1.7147474493852473,0.1120650278494678,0.1578456345711539,0.5384615384615384,True,5
0.52668444424612493,-0.73491442270622453,-0.42720520536099227,0.84566582863976514,0.50402556733042192,0.1755207501928665,0.086329615197629536,-0.45371689275981719,0.88695444007243474,-4.5853836716599359,12.631670405027561,-3.066058222359282,,0.3786388720068173,0.2391304347826087,False,4
-0.9204110605622301,-0.21371181204867837,-0.32736942585644935,0.25541900784194549,-0.96266235343931272,-0.089679003694958043,-0.29598075955667646,-0.166157920851082,0.94063113668998788,-14.166675536133264,-15.543693770267613,-4.1304186154515969,,0.07215544207072963,0.2727272727272727,False,1
0.9317813970055141,0.23280588338726321,-0.2785405694952317,-0.19072854990708815,0.96680505199011668,0.17003120800819738,0.30887869535594603,-0.10530627762229333,0.9452536905236314,3.7534360615599662,-15.568995634597822,1.0429422868176563,0.529394351677353,0.5743864507317363,0.875,True,5
-0.60506373440733863,0.78696291017965891,-0.12077771030537543,-0.78579455613034788,-0.61468079567678024,-0.068515946918009316,-0.12815924805083936,0.05344995255118648,0.99031222839633815,-10.630426657274526,11.816732100159147,-4.8997816112334212,,0.3100500500615396,0.3939393939393939,False,4
-0.60254590467221392,-0.71573340429806753,-0.35307807455949736,0.75967060792807994,-0.649964296762787,0.021141910600442793,-0.24462011408084289,-0.25548406389744638,0.93535495555512005,-0.1155555394228403,-10.702128486906062,-0.48412128291987316,0.7608962884613685,0.6480252196861209,0.6069958847736625,True,5
0.45835041677251681,-0.78098153013846661,-0.42424373304391849,0.88620332007221458,0.43785973870756828,0.15140186495523944,0.067517189940373049,-0.44536131264572121,0.89280161864830654,-15.716846259795879,-11.791721169296567,-4.8291190898351779,,0.4411871051881566,0.15625,False,2
-0.8532869168444136,-0.35305212462920277,-0.38373901917443892,0.41971364882079643,-0.90171636930875132,-0.1036727655374188,-0.30942186499290553,-0.24952311839877506,0.91760357608766041,-0.61233031342632604,16.559825244456299,-2.108472927063604,,0.1962428159036336,0.2916666666666667,False,2
0.5399093288528426,-0.70044897959379637,-0.46676454835782388,0.83966063329338647,0.4869871149763878,0.24044452737445399,0.058889196929684334,-0.52174205967411202,0.85106832020231649,0.76512726624370764,12.979465230204211,-1.4132871826248794,,0.4688782126366178,0.1111111111111111,False,3
0.23930394983223902,0.95936520486791022,-0.14950593059621758,-0.95881924613208225,0.2577560188104655,0.11927903425868072,0.15296820859706056,0.11480521963626358,0.98153985589117798,-19.544485017968992,-3.1567594300260029,-6.6102796850768648,,0.1941051452924003,0.3809523809523809,False,1
0.80635162972070928,0.57706239816472893,-0.12959952882294518,-0.5184931706995024,0.79514321009390587,0.31450295289478131,0.28453801360228531,-0.1864034979981119,0.9403679358364655,-14.794351654552557,14.464289993127998,-6.3348877132030506,,0.6065012544716913,0.2,False,2
0.67525960885615088,0.71890668404707048,-0.16491707091712426,-0.69343468835103428,0.69496418290564366,0.19019231706300638,0.25134198542810637,-0.014069971952229227,0.96779607472355522,-12.659869256057691,-3.7009031679457154,-4.5732942775798149,,0.166892223107988,0.4054054054054054,False,3
0.91733377300563601,0.28639762134415725,-0.27654140990392917,-0.26556498276812412,0.95769294602332322,0.11090293532875486,0.29660409442657759,-0.028295293346717057,0.95458126293355083,0.58576772813764588,-4.9509627935850871,-0.64875851252822681,,0.07406329511361281,0.1590909090909091,False,5
-0.50646840676886917,0.81706190877693974,-0.27549880248521513,-0.85865464755281595,-0.50709680163480331,0.074599128732869113,-0.078752455078896277,0.27434042902484712,0.95840251451126202,-2.520474770707211,-5.2583340884555279,-1.5509456201445755,,0.0744700754375605,0.3181818181818182,False,5
-0.0066173251641947302,-0.86614305924406032,-0.49975235060078771,0.9958105138017429,-0.051287723205908367,0.075703302769854652,-0.091201050485076429,-0.49715769165496726,0.86285375239302542,-3.5650049537025663,15.286764674875762,-2.9488634706193158,,0.5169767107639126,0.7142857142857143,False,5
-0.076243333439296762,-0.92347726225636562,-0.37600093111793198,0.98983393517306217,-0.11550942047397314,0.082984062093736086,-0.12006554412434228,-0.36585149976083797,0.92289595580264139,3.3796444078364294,-16.661369608753187,0.89836817086330956,0.3438389137665021,0.3134231022923236,0.325,True,5
-0.75658182003284868,0.59011884379106871,-0.28168013738720538,-0.63096241222037153,-0.77192715396441358,0.077555807889872846,-0.17166940310035644,0.23640689324783465,0.95636886025428214,-17.905580370645975,12.886410620413574,-7.2747625028680583,,0.1785380518614902,0.625,False,1
-0.62583123967823384,-0.5897841734843069,-0.51038210014678009,0.73900744671436625,-0.65763714964318676,-0.14622370912371946,-0.24940580014008937,-0.46868753782943468,0.84742476877883621,6.4858508329906295,-3.1379569079004694,1.0063026048886305,,0.2542262269762988,0.1176470588235294,False,1
0.20910732640204793,0.94634572399740025,-0.2463816079110292,-0.96675794350634947,0.23797020352037931,0.093537483950788397,0.14715027934856997,0.21863200339453037,0.96464855899925162,-13.261952400400254,13.113693696017965,-5.7772996575541864,,0.0777330588003499,0.2727272727272727,False,4
-0.83234845859912676,0.51188507445148723,-0.21253167768935682,-0.52282532479033128,-0.8524220849233578,-0.0055017172591750735,-0.18398294275704452,0.10653759753584945,0.97713868876723298,-1.2766195615881928,12.153172259765819,-1.9462288126810861,0.7606150077394704,0.3932367494828456,0.2,True,5
0.28411114067081594,-0.89948905941427038,-0.33196429287011864,0.95875177079339924,0.26338147721235522,0.10688891178208081,-0.0087121608827920166,-0.34863968428087433,0.93721634044508828,-5.6928235462963004,-17.328738252739708,-1.6576126841327852,0.1662747038893174,0.1677326031445218,0.4814814814814815,True,5
-0.95443349283188994,0.17007489350264093,-0.24521671713156612,-0.1670575975107022,-0.98538757482247818,-0.033212746038621066,-0.24728216044565243,0.009265958425281301,0.96889920793640349,-6.9181542693323754,17.877046316127284,-4.0752650956756167,0.5340797750957527,0.322630341125479,0.7325581395348837,True,4
-0.67253870314475639,-0.57055874116950744,-0.47133259557072382,0.69310687077764399,-0.70884814507414262,-0.13090902530295143,-0.2594119473987096,-0.41472524651872034,0.87218599590155943,-18.333595990990286,-5.2896234694674629,-6.0800536387811439,,0.3339453988466062,0.1666666666666667,False,1
-0.95569903309594773,0.075894305438895054,-0.28439305993891478,-0.080471728332987574,-0.99674705550844478,0.004428123118015978,-0.28313187577270998,0.027117554041509076,0.95869754311995281,18.009150575852001,-0.30758678802307315,4.3930211700524167,,0.1582573727895605,0.2068965517241379,False,5
-0.94707105521612434,-0.1178918753439636,-0.2985932385364744,0.13795558491448173,-0.98932477094282489,-0.046954810081931475,-0.28987009670319519,-0.08566214640557622,0.95322469738801352,-7.3658046103158306,11.260824179656112,-3.8596258760690629,0.4312062384208824,0.3612407880444498,0.6578947368421053,True,5
0.92342070751122485,-0.21345061766814061,-0.31895615804771321,0.28559231791535078,0.93734784124718695,0.19953960122485778,0.25638101506782024,-0.27535042822978723,0.92652626340890454,-1.678038742478581,-2.5790778942495272,-1.4150652291145074,0.3092952839369962,0.1574356678349059,0.2528735632183908,True,4
0.81817131080042504,0.5513858869704249,-0.16300095040505397,-0.49737614491332421,0.82094413667955191,0.28047761929006781,0.28846607539583086,-0.14840595709506377,0.94591912722199656,0.069328488743649178,9.2669132165295398,-1.388977240006485,,0.1770994023787993,0.2727272727272727,False,4
0.93661144649975614,-0.18548172744625763,-0.29724657621104178,0.23688000086598343,0.96033001418047625,0.14715342012287097,0.25816053818383272,-0.20823734690895068,0.94339299545680089,-11.835556173306554,-10.447221881077184,-3.8337434813827418,,0.08319123515204653,0.3611111111111111,False,3
-0.42736985526606774,-0.74174973076156536,-0.5168774939238554,0.88087567114584575,-0.47032743552407952,-0.053386846476434338,-0.20350198719721568,-0.47812073821210455,0.85439305995443116,5.8606816821389156,-5.4116127775844332,0.8969743062165626,,0.09910182574016616,0.25,False,5
-0.88852656091773818,0.42335107712139258,-0.17690227823251478,-0.39430764357288028,-0.90169511957016923,-0.17739051148057874,-0.23461038502952042,-0.087862260632740066,0.96811062921176771,-23.815954343992658,8.2373076063267874,-8.7826585053640009,,0.2033843130386865,0.3611111111111111,False,2
0.87090077745999384,0.42555581716108037,-0.24583344422585082,-0.39468125758460332,0.90367706924161939,0.1661158012902878,0.29284559196104587,-0.047644527568688214,0.95497196726487332,-10.676134323389595,-9.8114729833422736,-3.5885566299909244,0.2293088849547719,0.1538456122242433,0.3225806451612903,True,3
0.55007935938832297,0.79505098345046943,-0.25555162313977531,-0.80110124360020363,0.58880420160709002,0.10745422128536811,0.23590145374104754,0.14561437389309811,0.96080536959291707,-6.8756378465695018,12.202048575823328,-3.7156760474577206,,0.07595440521209296,0.2391304347826087,False,5
0.54155483390364634,0.8334663070811984,-0.10978286221456821,-0.80436320799535888,0.55169296848666727,0.22053275980176557,0.24437305804652046,-0.031125286870935326,0.96918162643448491,-5.2684276471337155,7.5669163824513337,-3.0702782262647115,,0.3280902290055354,0.1609195402298851,False,5
0.44685147748585818,0.85439863864575738,-0.26519186139281103,-0.86982406388158806,0.48423603235900076,0.094454025100753403,0.2091168452354486,0.18846334191425951,0.95955808255325747,-11.102396948418127,-7.5167481862175061,-3.8660274857594108,0.1477035881984077,0.1435081555756211,0.5166666666666667,True,4
-0.70612549950605608,0.69235805820176544,-0.14841528961129366,-0.69169766437905023,-0.7192943894007976,-0.064574936849379427,-0.15146326300423596,0.05706049964393195,0.98681456177971716,-12.063655294500588,17.104235780305764,-5.6215189319539665,,0.4463989757017097,0.4242424242424243,False,1
-0.084211085213903247,0.97795420980080205,-0.1910865161647593,-0.99634029390983725,-0.07982054385771245,0.03057285576973983,0.014646223361503154,0.19296176904026113,0.98109695944391617,-7.1933684603053187,-8.4938666929984397,-2.6788580769438246,0.2239946395571749,0.128079769044557,0.2564102564102564,True,5
0.85775818700245232,0.48267993057612701,-0.17683601796379306,-0.42327260922163207,0.8583820251290103,0.2898630663229283,0.291703943944845,-0.17378257552022847,0.94058940326402707,6.3329026582068568,-7.504843230301173,1.2720954796524591,,0.2818754249468366,0.125,False,5
0.18153105359819127,-0.92925780343841136,-0.32175520404237318,0.98293841601044807,0.161599395308368,0.087850473913583582,-0.029640292009392076,-0.33221313969316196,0.94273850186825925,-17.234375104874033,-3.4323812247995824,-5.9468614280248477,,0.08157393741374405,0.6363636363636364,False,1
0.35937390695161098,0.89924337986324965,-0.24942281125521898,-0.91424787021012943,0.39285290377911769,0.099082933992489977,0.18708614812053731,0.19242645287079713,0.96331242772892001,0.59871682657097169,11.078737782365451,-1.331968853839262,0.6152096038254795,0.6249293648900305,0.3571428571428572,True,4
-0.9417883655396978,0.18821283977456368,-0.27858679343798626,-0.18456133134593006,-0.98202576616675208,-0.039528591632156093,-0.28101919775325429,0.014188781786973935,0.95959725352124636,5.8436395750184351,18.141573082182362,-0.22637052333402602,,0.2176974907101054,0.3571428571428572,False,3
0.85044186951322098,-0.32150755146224758,-0.41639106730525388,0.48129234586155745,0.7950564622488816,0.36911095845473402,0.21238244841308604,-0.5143132471452041,0.83088842777897687,1.845271020508487,-2.8134408765631114,-0.39885822939911325,,0.5144884715480094,0.3162939297124601,False,1
-0.95883251293746774,0.017866758638450043,-0.28340958182421205,-0.025259985833362662,-0.9994287230031289,0.022453524267516733,-0.28284650475075285,0.028688091119644311,0.95873606804907052,-0.56221678180126344,-5.7686348493774089,-1.0309204635428262,,0.08635917237359877,0.4615384615384616,False,5
-0.95427546013014686,0.16022526025429157,-0.25236127311820467,-0.13938681096825545,-0.98532566976011848,-0.098512138540760866,-0.26444217349261134,-0.058831883262553931,0.96260539495178654,-11.170825337863867,-18.145325283131264,-3.0923249093857339,,0.7287281463606136,0.6307692307692307,False,2
0.10764022645528955,-0.90023802041492107,-0.42188278970358328,0.98843444671440261,0.051309254931683354,0.14270495754089449,-0.10682193687181933,-0.43236427576498437,0.89534920944019014,-9.3048225273668379,9.7575731111321176,-4.3798583090315164,,0.6587877940002179,0.8496732026143791,False,5
-0.31976803316630092,0.92947468114857323,-0.18391634530055587,-0.94743619728218131,-0.31148807357967428,0.073074154781994194,0.010632828618711232,0.19761578155952336,0.98022188602080484,-15.148763004327725,6.6007428272745852,-6.0396013504242863,,0.1966857855729988,0.2932330827067669,False,4
0.57354412742982541,0.80261898238630325,-0.16385940010855229,-0.77032267239807717,0.59648421501017057,0.22540976383729477,0.2786577009168138,-0.0030578353250585166,0.96038561805291534,11.618462238473281,6.7743090170977771,2.1503299886307152,,0.3886245730380389,0.1538461538461539,False,5
-0.8188314359111255,0.51519458140415575,-0.25315928356574519,-0.53859925843509837,-0.84208393614354782,0.028381037721550095,-0.19855960912755366,0.15959068826465575,0.96700821808417281,-4.915581847681044,5.9179335267439495,-2.9557415746017068,,0.07047418711082537,0.186046511627907,False,4
-0.88417491286308547,-0.32486705685365591,-0.33570242601863559,0.35525816727630127,-0.93423391645350828,-0.031601011556939826,-0.30335846460423277,-0.14720185025733135,0.94143786690029596,1.2034357065363175,-28.857470259886597,1.5731364381728723,,0.5336248624278357,0.8260869565217391,False,5
0.66162952725746627,-0.66222407403046291,-0.35171813208243757,0.73977410906577956,0.65305622683079667,0.16202417150986109,0.12239540929706164,-0.36739194380391721,0.92197750699840053,-20.051751682278447,4.8356427393865387,-7.3636762533012812,,0.1938906794378631,0.3076923076923077,False,6
-0.58731310508041068,0.80120474821113052,-0.11460483429918666,-0.80224014796661181,-0.59502139700416234,-0.048582734564064631,-0.10711704622194222,0.063407322535750404,0.99222248002024838,-7.3251667702279013,-10.183636665944121,-2.6926390146226384,,0.07638120987145283,0.3793103448275862,False,4
-0.92421140517832412,-0.22638561491121179,-0.30754321956365727,0.24138371957827912,-0.97036630737405838,-0.011096370388056567,-0.29591751969233265,-0.084491318338079838,0.95146941026216447,-13.051375534414156,16.501227655592256,-5.9492445203870741,,0.8024010416743987,0.6774193548387096,False,1
-0.96633544189123743,-0.055834798872618503,-0.25115391492015587,0.07670342612167208,-0.99429831777104805,-0.074077254936054174,-0.24558582647633362,-0.090847842640968665,0.96510842464534408,-8.9289998781896536,-12.940507717830556,-2.920853585548342,,0.3674295972700597,0.7789473684210526,False,3
0.95771800973046828,0.019889708849856323,-0.28702023155132789,0.068060727281153879,0.9536296603760569,0.29318630297646242,0.27954239614031773,-0.30032460827064028,0.91195459230556841,10.569692006253655,-2.8547742924104358,2.2483514514528702,,0.7532234071223431,0.1891891891891892,False,1
-0.952886431607465,-0.071421042754243352,-0.29479905547726326,0.069763602381502268,-0.99743281906734726,0.016149651083498542,-0.29519567788357887,-0.0051774606960976431,0.95542278895763899,-1.826775724431031,-3.6064848369223848,-1.4533317873840441,,0.09882096296603433,0.1901408450704225,False,5
0.82288326178440718,0.50781264534149606,-0.25493029381838134,-0.48989795602280134,0.8613496190905312,0.13445008879609535,0.2878595667330443,0.014253102254183025,0.95756656108930382,-3.9709103187142101,8.6976419416656992,-2.6727552502897138,,0.0695059160529112,0.3285714285714286,False,5
-0.06774392697950006,0.99474588115146434,-0.076755405605035382,-0.99579855699137443,-0.062663416501340954,0.066772225710072547,0.061611640550252866,0.08095633492554366,0.99481157893549388,4.6284106805764083,14.064559687377152,-0.29534089118128937,,0.4926861840640971,0.6666666666666666,False,5
-0.78711708578738671,0.60951770862106636,-0.094524367963484901,-0.58860214903391617,-0.78806513435794434,-0.18027993277691984,-0.18437517027579151,-0.086264169193935286,0.97906296513505853,-19.192278239948365,-6.3703892992983437,-6.2589802168752602,,0.4996936294010932,0.1333333333333333,False,1
0.75620905401809979,0.63360087206834281,-0.16339461905242225,-0.5909068243668355,0.76852540032186734,0.24535246886227863,0.28102845325296244,-0.088986762916453355,0.9555649451962428,-19.29554563191456,6.3308670601656436,-7.3093422152867253,,0.2155105710615936,0.15,False,3
-0.9398266362763964,0.039174392839008747,-0.33939838050746252,-0.017370759031313035,-0.99759875719110558,-0.067044585026958287,-0.34120983349849299,-0.057114679343020031,0.93825037326263505,4.9782945084576733,6.8663364747078202,0.074790644987860339,,0.3317881922780848,0.3529411764705883,False,3
0.68551201889946833,0.68776820728690458,-0.2388475768973419,-0.67882209924661596,0.72237379356157794,0.13182055966302081,0.26319922020931591,0.071770435562365911,0.96206817589004356,-1.9336858209724188,11.098150301800803,-2.110662576265296,,0.07328183923859617,0.2564102564102564,False,4
-0.53598633548023411,0.84186853338115641,-0.06305569507293457,-0.83960947060914259,-0.53936690983508684,-0.064337185502514369,-0.088173607399865336,0.018458306466473395,0.9959340871164537,-41.11355153838069,24.424046988108298,-14.748689669111346,,0.3151737903407382,0.2,False,1
-0.87384238476925047,0.41098883390711932,-0.25978388130223923,-0.4301165476801726,-0.9025758651307354,0.01888287836096203,-0.22671400925500704,0.12823800562692561,0.96548214479624106,19.360328077079334,0.60676881371739466,4.7280622261158696,0.2101608104221005,0.172980908507445,0.2272727272727273,True,6
0.95574885808315679,-0.051665804674005583,-0.28961140326328555,0.10154210697087182,0.98189128401135273,0.1599334452028508,0.27610382247382581,-0.18226395971207462,0.94368772812059898,-2.4593783144338444,9.0403468716254949,-2.2168734691991068,,0.3362410919638378,0.4810126582278481,False,1
-0.26280311782361332,-0.90466963559301805,-0.33542118552378936,0.95103898547885068,-0.30149301688683389,0.068020650304407931,-0.16266336207501447,-0.30112258501226974,0.93960939726781234,11.320945845730119,-18.65873199789602,3.7215987299011655,0.234589887929091,0.2364468578844879,0.3333333333333333,True,5
-0.92319478886279405,0.28110069685154171,-0.26209498287101318,-0.29434791682294242,-0.95562448879658224,0.011880247230731736,-0.24712483824693388,0.088114894551640788,0.96496895270240601,20.447426235768262,-0.92445010061758848,5.1716782610672807,0.2280298401095189,0.2838010779067062,0.6521739130434783,True,5
0.75631690661370077,0.60008475160008312,-0.26054371546316085,-0.59234478722642292,0.79719872400102454,0.11662695870519084,0.27769117705819535,0.066124771063533858,0.95839194739721645,-0.0894505045435392,17.571339608826126,-1.992607404014153,,0.1261965129479872,0.1333333333333333,False,3
-0.23474107068516001,0.95942412897523199,-0.15621130072341877,-0.97205312317526427,-0.23219466382292686,0.034617391833778557,-0.0030586694492990216,0.15997180636685848,0.98711684501325625,-6.4643912055938655,2.1995591167482411,-3.1064306177280461,0.2420428252044799,0.2685674220582132,0.2809457579972184,True,5
-0.40598662261290047,0.87421730223442207,-0.26630615977355571,-0.91293991726157742,-0.40117511374701292,0.074828040068513318,-0.041419436618501407,0.27350070673407689,0.96097960107702907,10.491401194291299,-1.0631301598614955,2.1344163008623451,,0.0861250620672141,0.3333333333333333,False,5
-0.95759739362038621,0.079647937990915102,-0.27688163121673204,-0.070811790946401082,-0.99661418363205889,-0.041783480543971296,-0.27927212892518694,-0.020405267878677302,0.95999515782549316,-17.271266729706326,11.193222159560882,-6.9745454666920237,,0.1484611101211611,0.2173913043478261,False,1
-0.8241495877840187,-0.42775236682512324,-0.37122145631810843,0.48144795671237339,-0.87432158398416049,-0.061397335096153804,-0.29830407629282035,-0.22932440004267732,0.9265122760180533,10.022822673991838,6.4311413972889477,1.6443228249892929,,0.3146707227262645,0.2222222222222222,False,4
0.79834621576785791,-0.44712640307300705,-0.40338728220425568,0.5296208417729823,0.84013411206366495,0.11694630266355212,0.28660963648980609,-0.30700595014102283,0.90752535107796795,-0.28809173659487008,13.386074947998893,-1.766645857531286,,0.2345887494903521,0.25,False,2
0.50232003401347791,0.8552306343086501,-0.12749566882338303,-0.83705840378321472,0.51792927571135605,0.17630228023768252,0.21681285036776432,0.018161153628927923,0.97604424101280962,-1.9833338702319883,-16.789983177961304,-0.91729477773559531,,0.412275038027883,0.1,False,4
-0.8669111062962559,-0.37984847027181434,-0.32276969097541375,0.40350730733408524,-0.9149495647077408,-0.0070104899337957299,-0.2926550643815985,-0.13631740047872959,0.94645157278041647,-13.101493104154716,-15.506649174165755,-3.8544248336271858,,0.1189847335805161,0.2352941176470588,False,1
-0.26580282843585512,-0.82413783354474435,-0.50014566649694647,0.94754679162790989,-0.31886890952805541,0.021856262536016857,-0.17749347613688188,-0.4681019652346744,0.86566541808731279,2.8960818811842972,12.330330651757789,-0.72203352445531965,,0.695647055515788,0.3428571428571429,False,3
0.10291707491424218,0.97459016490507477,-0.19895247211682554,-0.98820556021623751,0.12298127901154492,0.091243497140331253,0.11339244440794705,0.18721542533398394,0.97575229339633474,-7.7352974808602726,-0.99747955358949392,-3.3408328732195223,0.3034106656772523,0.1906433445491514,0.2066115702479339,True,4
0.83958002612878135,0.50576888114398955,-0.19825039367413963,-0.45834724034333479,0.8554126624156424,0.2412197841152991,0.29158735739953456,-0.11165579181278029,0.95000515638569938,-13.405665221885517,4.1811132715232517,-5.3399064380289643,,0.09713958224254443,0.2954545454545455,False,2
0.92807353980129881,-0.20328039359839323,-0.31202016969928159,0.27549240226759919,0.93853727628862016,0.20797047220594783,0.2505662407698081,-0.27897107842072083,0.92703381620697423,1.0216818943844788,7.5733410932691418,-1.1149318522651703,0.6457566362184101,0.2790313570498192,0.28,True,5
0.63105232588280713,-0.67284009281241541,-0.3860818196989857,0.7659506026830416,0.61925600585840024,0.17274742677616647,0.12285209093615512,-0.4047322679407731,0.90614521741282361,4.4393472293263043,6.9795705016561582,-0.1327333007190121,,0.1039891956195099,0.3181818181818182,False,2
-0.95620738900419355,-0.061393296796437062,-0.28617877685503956,0.057524109774126295,-0.99810353506399874,0.021915977902953063,-0.28698154297528644,0.0044940406332218789,0.95792556996371592,5.3477343710612022,-4.0078004030000365,0.67947425642458059,,0.09011781540133187,0.2264150943396226,False,5
0.312131269875774,-0.87301295800625334,-0.37472983003613325,0.94962666300301013,0.2983198225469596,0.095992105869801961,0.027986984108786334,-0.38581557592808924,0.9221513271105628,4.8365574737097905,3.0581545385072153,0.21894067220461996,0.7845313660430722,0.6805801680734485,0.9354838709677419,True,3
0.63420581227711947,-0.68035267901697483,-0.36729173667310533,0.76312180666455987,0.62714368735513482,0.15599969103695221,0.12420988634943156,-0.37922424443201352,0.91693013723403782,11.535630053366731,1.6268713065873899,2.3301875594350352,,0.1478048487757083,0.24,False,4
0.7384695559895188,-0.59276589839432492,-0.32138964603330467,0.65199331102304314,0.74927369931550059,0.11616215345488179,0.17195184575297093,-0.29532611333039088,0.93979521680380596,10.703599237164648,-5.0562437339608559,2.3897365036808145,0.228976106418553,0.14320537149719,0.2666666666666667,True,7
-0.29346941159195039,0.93560858328764118,-0.19624546705177018,-0.9558349304655992,-0.29061015277554592,0.043878523284143878,-0.015977802154791637,0.20045527676333913,0.97957255568744661,-0.67118808599622626,-22.626993306008917,0.29895638237557193,,0.1608157262097981,0.5,False,5
0.63442737119371506,0.72547128747162604,-0.26682076706001007,-0.72945771399464332,0.67610009874971522,0.10382726021779412,0.25572124310260236,0.12876361102767128,0.95813703524139671,-1.6338228382396121,9.6343953944352076,-1.9425262677219286,0.3586952619993872,0.3381237152142093,0.9352226720647774,True,5
-0.059505889182954436,0.97926266935598272,-0.19365865216494013,-0.9964370361592978,-0.04665477652447661,0.07026069169546903,0.059768571361716094,0.19714957832378555,0.97854982583623895,-4.6880375178794385,10.172168025114633,-2.9380281888379529,0.6955771056561368,0.6418981311428739,0.8262910798122066,True,5
0.91457711418567234,-0.26123328001748131,-0.30871649716060767,0.31801324371096756,0.93615231678771316,0.14995471515569608,0.24983250195328069,-0.23532108529476367,0.93925912706955272,-1.4329062074539762,17.296162078161565,-2.3673929897337485,0.1724653831249705,0.1623754719792794,0.5185185185185185,True,5
-0.12759772982623654,0.98165652949489057,-0.14166607724941688,-0.99074128941338446,-0.11947301147332494,0.064481756962720321,0.046373664883156536,0.14858215784387363,0.98781214083233593,-11.412054039624371,-13.642183337611696,-3.5426934030201473,,0.8152083801163219,0.6388888888888888,False,1
-0.1723935611248584,-0.8907909073392497,-0.42044264708091367,0.97642520578932535,-0.2108279581553508,0.046318350135979569,-0.12990102994958613,-0.40254581287322028,0.90613607750507053,-5.790031057049096,-10.736283686193246,-2.1710364988670841,,0.1129842128813608,0.140625,False,5
-0.39589479842570036,0.91418501956909948,-0.086793194289172843,-0.91733187685430562,-0.3980384192759745,-0.0082246268754336133,-0.04206585653984167,0.076362076816490904,0.99619239955835892,-7.8365509590826923,12.99155534661492,-4.0769136987933585,,0.4753400237146458,0.5319148936170213,False,3
0.56155848028494026,0.80383208775975301,-0.19622957959457832,-0.79458132925168468,0.59004124868008401,0.14314969808097086,0.2308518668425581,0.075533433285161267,0.9700526357015179,-5.5437859241061727,-9.3314084091821101,-2.2097337299413429,,0.1081278067524216,0.125,False,4
-0.92499500596650608,-0.24833948060141145,-0.2875964904369413,0.23944081108069984,-0.96864383739974769,0.066311494150781178,-0.29504633013484693,-0.0075245360065341604,0.95545331881355999,-2.3068600130705685,1.7672505549574244,-1.8888518697926755,0.4234868123578314,0.4125922630049345,0.96728515625,True,5
0.68340043794169258,-0.61870341163014742,-0.38751765102807811,0.71209135611260621,0.68192381057869167,0.16705034305725464,0.16090289609206071,-0.39011024724179361,0.90660038221155326,7.1818779005473949,10.127011618396059,0.73480609297855393,,0.1990191819117525,0.2105263157894737,False,4
0.31784171821568435,0.92667156877739187,-0.20064009016482298,-0.93524184056697202,0.34120755027463812,0.094340379946672701,0.15588246153626018,0.15766169875790131,0.97511201763190702,10.656372197175727,10.102245059981422,1.742806582592852,,0.1546702162724205,0.4285714285714285,False,3
-0.082915271373410343,0.9702492945206288,-0.22746728172485567,-0.99531180533204655,-0.069220649289453137,0.067549329223969876,0.049794256091797023,0.23200174179123667,0.97144002587195055,-5.6089597957812156,11.119666607508833,-3.2633662733201212,0.1803555136592198,0.09726899790246496,0.2777777777777778,True,8
-0.15845850208835785,0.98704878599901102,-0.02501194062428852,-0.98631900766251135,-0.1570736598172052,0.050026797971370052,0.04545017315207097,0.032596923927081911,0.99843463597320148,-16.000547806020364,11.52893668855517,-6.6395856876025201,,0.4244176672751975,0.2,False,4
0.94982613662338866,-0.10731398851103938,-0.29379247447295231,0.15831739311078041,0.9750374557616297,0.15568417678266017,0.26975157687341594,-0.19438535884099009,0.94310573057455505,-8.9141980344454499,7.6484284822818029,-4.237870187978567,0.4009831900035808,0.1682707514257055,0.2987012987012987,True,5
-0.40806978615347966,0.88533591193719685,-0.22284383021072293,-0.90852670334526175,-0.41780977784844153,0.0037707880909453734,-0.089767917082018922,0.20399831511208158,0.97484686412491861,-10.831511151231789,20.683191310840499,-5.447483398704386,,0.2654566447639605,0.1538461538461539,False,2
0.64168107589197987,-0.70550013372310927,-0.30085703940374309,0.75705766948845699,0.64548853875623069,0.10103579268285033,0.12291900549067665,-0.29259888525252509,0.94830206708525222,4.8380923223633889,7.9211593598615559,0.033141165076738706,,0.07180139629049376,0.3333333333333333,False,5
-0.48692091219285177,0.87048337454098079,-0.071879899255816421,-0.87013530353145196,-0.49058837668247368,-0.046771767256351238,-0.075977488886564637,0.039771086379435799,0.99631605521074018,-4.1028886253537369,5.1174813427628569,-2.605179280340912,0.7183377665702538,0.492685642170596,0.228099173553719,True,4
0.95771222250184229,-0.022362139483209247,-0.28685751443585217,0.068208235286109226,0.9862019098513809,0.15084240002281879,0.27952626980256506,-0.16402965501159483,0.94602290499069897,-7.9653158143702276,-5.171812723322474,-3.0764401251638271,0.5877753287101422,0.7952717346495676,0.8916967509025271,True,2
-0.83671464534177153,0.50195296102657738,-0.21897905650368643,-0.50738927773277165,-0.86100924563661618,-0.034917041256120121,-0.20606970449925369,0.081892025527010706,0.97510459594992882,-22.237158785296764,-14.778943986006228,-6.5105007616484647,,0.2487207410548764,0.2857142857142857,False,1
0.80483645872736176,0.57998059356718479,-0.12593961167422868,-0.52104172690446082,0.79209264779144239,0.31796974091752717,0.2841721195466172,-0.19029384751010198,0.93969913167576435,0.73660095905297052,-3.4168027593556749,-0.70219736729320603,,0.2812910784916228,0.1764705882352941,False,1
-0.66546275148719825,-0.67136926788273965,-0.32622481899095512,0.70781695805211475,-0.70632856712071457,0.0097523926833045088,-0.23696936569299099,-0.22441760495066407,0.94524190465259694,-0.53599493847942314,11.496114152093098,-1.775545752030729,0.7369689440704417,0.5117699798621667,0.5625,True,4
-0.91040149291530514,-0.25439801374615201,-0.32626794555946781,0.28916754393599375,-0.95526620456438782,-0.062037165886055262,-0.29589061024576019,-0.15082482892137294,0.94323942758412604,2.0024728805834755,10.48088735158448,-0.85119369749736562,,0.07412735670833387,0.34375,False,4
0.95610785498815665,-0.035240082493795136,-0.29088813350801662,0.080936945442293198,0.98588027777489862,0.14659225340024443,0.28161495076152909,-0.16370160194793676,0.94546010229266786,1.0305734083410822,-6.340957976080607,-0.47035070387227668,0.353211817688589,0.2669638808709097,0.707936507936508,True,5
0.58433835073820173,0.81118102158190308,-0.02310935052961291,-0.77517717473924064,0.56637547158562529,0.27985562876142323,0.24010214413838382,-0.14561653550164833,0.95976392147686518,-4.7708334403447417,6.9769859540423331,-2.8334040449130167,,0.1155903084922699,0.25,False,2
-0.42365238825008933,-0.81069136785136653,-0.40410167040149397,0.88311639232877948,-0.46891790475248224,0.014880732601084787,-0.20155419005865038,-0.35056455139363996,0.91459302631059858,6.6579419304522833,-1.3434346507642732,0.99241727434661686,,0.0771504614130379,0.3428571428571429,False,5
-0.93116213651162338,0.2461026520408845,-0.26901776927472931,-0.2476662201458753,-0.96842103231430599,-0.028673115804678434,-0.26757899567373195,0.03992729429521788,0.96270831109142274,2.4112356279427773,4.7083195827544086,-0.56816592058138238,0.4353216919492659,0.3185227478816648,0.5081967213114754,True,5
0.35027860850962611,0.92288668435687449,-0.15995331899443488,-0.91645258040194111,0.37296143217422217,0.14496357468404725,0.19344137172586506,0.095811992711395316,0.976422294787193,4.9042254322200538,-14.555914857930734,1.297733355769136,0.451795580246084,0.3621535244514084,0.6837606837606838,True,5
-0.9635886295733479,-0.081561002463189661,-0.25464633481390803,0.086569437466168506,-0.99620952453387257,-0.0085038652850954466,-0.25298752035179228,-0.030238817853803088,0.96699686061592571,4.9012694324081787,9.7918706166504972,0.033831283508987571,0.3887872734688192,0.3200846500305495,0.125,True,5
-0.4825767141432567,0.86888573444529116,-0.11026012626586373,-0.87310558936168714,-0.48720006968053092,-0.017964462938438772,-0.069327806773893622,0.087599501030270921,0.99374040001761477,-5.5869084652135381,6.3661243209915419,-3.0964474305573861,,0.1270296445710362,0.1518987341772152,False,5
0.4948720597075692,-0.74896423241183774,-0.44062934887332939,0.86474987518420343,0.47435140078709614,0.16491938012320911,0.085494431922154585,-0.46264816776797668,0.88240998122825043,-0.25601944176975727,15.43134013566072,-1.9062621125172023,,0.5060734741443873,0.125,False,2
-0.51428588894327731,-0.7963355552903344,-0.31837039406053158,0.82982493649723976,-0.55580203790232141,0.049746049400723399,-0.21656546169963398,-0.2386080007964145,0.94666024673837623,16.774335606096727,-7.0769046768901642,4.5074790253466572,,0.1577658540214863,0.2142857142857143,False,5
0.23445704726884667,0.94653919728749869,-0.22157039735558737,-0.96090859971568232,0.26017722349747341,0.094670351037661235,0.14725676887132205,0.19071276929320929,0.97053803822936024,-4.2820732615004182,-7.2586981903344316,-1.8727468177756998,0.8034427783949974,0.4747845232458451,0.7644628099173554,True,5
0.27979205665831158,0.95428651391089137,-0.10513636097331194,-0.94596059447733394,0.29272429615657053,0.13953866896215525,0.16393583722603686,0.060413043355212942,0.98461937085635287,5.9621076362270147,4.7808471216019814,0.4985907570716484,,0.5699416413553897,0.375,False,1
0.95425082819863538,-0.089481653362531763,-0.28530403185676706,0.1266275425126098,0.98532024497881443,0.11449663886816858,0.27087049001217656,-0.14538586088887162,0.95157350167717791,-9.3314737788606106,-6.1883520377943384,-3.4736251023013791,,0.07792474765086638,0.1904761904761905,False,4
-0.30830398452032842,-0.79379129507745694,-0.52425569428299301,0.93569078744214851,-0.35242862591654456,-0.01663772612073397,-0.17155583180055775,-0.49567070066106411,0.85139835158484345,-8.9590832978869219,22.004025148170761,-4.9936775700705729,,0.7261961695639712,0.5454545454545454,False,1
-0.71504338060327299,0.68088137239990498,-0.15847245998679269,-0.69448440878613482,-0.71780090508550398,0.049530461449551012,-0.080027306642275128,0.14547308128053907,0.98612028313706745,3.9714050705892769,-9.5311513163106873,0.59724089660606994,,0.2539496398189161,0.2258064516129032,False,2
0.43372025281339122,-0.84102330756899857,-0.32336749747800764,0.89950696654836027,0.42511269374738103,0.10082864050364188,0.052668391189166816,-0.33460274018684721,0.9408863091941545,-8.9924900244950443,-9.3000368808645089,-3.0986712893124388,,0.0728630722520105,0.3548387096774194,False,2
0.67548786974718789,0.71925532764410016,-0.16244356398449161,-0.69905230182251998,0.69474538689797105,0.16927707080589627,0.2346103517346195,-0.00078806063610603605,0.9720891738001155,2.0560412582069576,6.9759779081030286,-0.79881093794415314,0.6707178282695522,0.6169425783135679,0.4601769911504425,True,6
0.20190555700411036,0.97756733770008164,-0.059968711115332862,-0.97054863074452291,0.207920009652136,0.12167425753291997,0.13141347499701689,0.033635841720254384,0.99075684642649742,-17.823052469447962,2.8576011117178299,-6.5720038309407611,0.4173939738443162,0.5428876923822809,0.7741935483870968,True,4
0.9566881634912997,0.10697389574637012,-0.27074774877086177,-0.035143491545289528,0.96567529628535953,0.25736386138343104,0.28898562738941036,-0.236701938676109,0.92760956193288624,-15.237509157602535,12.778410440150747,-6.4374556661398863,,0.4783384551106207,0.84375,False,2
-0.74202416440665586,0.65585385013609987,-0.13876550975749785,-0.64893485601187206,-0.75466709116425512,-0.096752954303901073,-0.16817756119487154,0.018256746022668385,0.98558764152925982,-8.1782629723091045,8.886128207181839,-3.995401991014762,0.7361442171493164,0.3433881852757468,0.217948717948718,True,3
