axis_00,axis_01,axis_02,axis_10,axis_11,axis_12,axis_20,axis_21,axis_22,location_x,location_y,location_z,dbh,dbh_approximation,score,reconstructed,number_clusters
0.92139820174966236,-0.32731588551629898,-0.20949860357809075,0.35987055100933207,0.92212665044606534,0.14204093442863486,0.14669199135852176,-0.20626863946271895,0.96743718558130187,-3.1380379381727352,-8.5979907071762032,-0.804754363966944,,0.07102128394522045,0.2758620689655172,False,4
-0.28504317880771018,0.95845944873839617,0.010289379927146319,-0.95844639952079047,-0.28513457780108586,0.0088753471948576773,0.011440518381106997,-0.0073319619670306202,0.99990767417441351,7.5230300721841283,8.791258412851489,-0.31915743941792896,0.3800497450896169,0.4676393423367307,0.3333333333333333,True,5
0.8760249845576632,-0.43686256171657356,-0.20428247257457219,0.46360362303769947,0.87953883609779726,0.10715930431862766,0.13286047996701777,-0.1885803223196067,0.97302906169177117,3.4827420955674397,11.853096109428204,-1.4791490135159491,0.4843152227459423,0.4340761426510731,0.8260869565217391,True,5
0.97535163923681689,-0.10891281992477238,-0.19190408409955592,0.13028464837701104,0.98616569002772647,0.1024848389246808,0.17808731070835429,-0.12496091176113147,0.9760479907752968,10.842098186137841,2.6176511440814982,1.0485529673851812,0.4361416468204589,0.4443855876359891,0.4946236559139785,True,5
0.1235752125906244,-0.9194238909801874,-0.37334819609586289,0.99163495485981523,0.10028314992913916,0.081261344687754755,-0.037273088594242589,-0.38026700952770376,0.9241253802009245,-26.28206584000776,9.8821738560554166,-7.7580958947020138,,0.4187837342284015,0.717391304347826,False,2
-0.62918420430534738,-0.70405685970989496,-0.3292888934478192,0.7600280865251976,-0.64600143506351326,-0.070989108944464197,-0.16274072860072439,-0.29493403362671389,0.94155688679079963,0.97985702445903988,2.7706515386105028,-1.1228081031553325,0.5234420042112018,0.5181876279813009,0.9004237288135594,True,4
0.81427349303137397,-0.54551401549951173,-0.19842665506449608,0.57165642636458858,0.81296816618007528,0.11086789875285735,0.1008345612503652,-0.20370866371218649,0.97382502103100765,-1.4118364958712175,-8.0737607198769048,-0.4932205537913133,0.3613910784981725,0.1486652307170669,0.2063492063492063,True,5
0.96476531144652011,0.23503802677226854,-0.11825827582245024,-0.18615674761114598,0.92738865438633633,0.32449337286659902,0.1859396653442737,-0.2910453739307669,0.9384663186098694,-2.8898386283487225,7.9385234288347508,-2.605878828441818,,0.3745943934359393,0.1666666666666667,False,4
0.4280609628240209,-0.78952646185226605,-0.43978605951213923,0.90352198228791991,0.38479198015414307,0.18863499021009145,0.020293832281753438,-0.47810364780463266,0.87806893939327124,-9.4668494137059138,-10.489745038587854,-1.8631196205669514,,0.7042598098998505,0.5238095238095238,False,1
-0.11068764115255282,0.99064557778055706,0.079809681868242693,-0.99276418660316545,-0.11397080797982491,0.037814345513062279,0.046556588086317602,-0.075046613196414869,0.99609261113287517,5.437729613595824,3.4450925316891929,-0.26491060222629909,,0.09109374054770042,0.4545454545454545,False,2
-0.14977440291187225,-0.90906277023481052,-0.38880908940687947,0.98386510239164104,-0.17595444132269009,0.032395908301942597,-0.097862600253008025,-0.37768361673738854,0.92074860690629767,-24.769825395918794,12.754008716245236,-7.7595242594720997,,0.313930978657625,0.2307692307692308,False,4
0.74850213899504126,0.65981283500763654,-0.066268926949474269,-0.64018671946691796,0.74504592622306021,0.18726326932051826,0.172932102682049,-0.097742470695235478,0.98007188373320719,-4.2088904821409105,-10.672969918128281,-0.78221786726759979,,0.2526700070544895,0.2352941176470588,False,3
0.41937886404824565,0.90420771395205657,-0.080807044366189032,-0.89742830710881327,0.42636071329845687,0.11330920419560248,0.13690800557094085,0.024999043686253303,0.99026826962463077,6.0520455502403196,0.63760828461859709,0.17188335924012774,,0.5044554424896588,0.7560975609756098,False,1
-0.092580239314447907,0.98973464338591044,-0.10887715541032622,-0.99383232615680928,-0.085148390855745659,0.071042656344076333,0.061042663557751953,0.11478278275264964,0.99151334131686453,-6.0365391285034482,-16.214968542493533,-0.64196938323446739,0.4784609453915238,0.4984073734397945,0.5333333333333333,True,5
-0.98297325398772639,0.047079077914871745,-0.1776151524151775,-0.042928756266809268,-0.99870943457198125,-0.027140139688264064,-0.17866366119098251,-0.01905323383573105,0.98372570895053624,-1.5832638985122685,-5.9722451574265936,-0.7550359459031144,,0.1277415002612924,0.3188405797101449,False,5
-0.87155057792996238,-0.418576249965463,-0.2553302040002336,0.45192909871999332,-0.887777076296139,-0.087246504418318743,-0.19015698735540892,-0.19143089031797217,0.96290941131135754,-1.1678408046687976,7.4110217390023951,-2.1935480125546065,,0.4110849391998427,0.3333333333333333,False,2
0.71641786581321876,0.69356365790302132,-0.075596917793076965,-0.67743338779588713,0.71744944322967341,0.16232775951394746,0.16682160124821793,-0.065082630905732325,0.98383677737283648,-18.06322176674669,8.4112483933453976,-5.9568620793260063,,0.2248087696460088,0.1923076923076923,False,4
0.38351997797999565,0.92213341248792846,-0.050817281151127852,-0.91414610717878297,0.38687203248373686,0.12110708159220215,0.13133667126930559,7.4344762504008344e-06,0.99133782270456527,-16.376560682756953,-0.98733235981701695,-4.4846965792668234,,0.160435710861259,0.1,False,1
0.36595275417809953,0.9247763354914742,-0.10424639573829192,-0.92176453300467842,0.37561186593082196,0.096259398848288102,0.12817459734335476,0.06086423816106834,0.98988222385743563,4.4584281001237107,1.5309269990994143,-0.24333614997780093,0.4617527428981826,0.4744031514501031,0.9877112135176651,True,5
-0.45520460540670271,0.8901746009791327,-0.019440858730238736,-0.88995492459917414,-0.4555553327392084,-0.021203089268927687,-0.0277308383970825,0.0076497440813475259,0.99958615537495499,4.4203851027654419,8.7163498146167697,-1.0083504520665758,0.6332478016277481,0.2421385191991887,0.3157894736842105,True,5
0.17616676207013121,-0.95807712704591796,-0.22595019489517107,0.98381710272116496,0.16374351715563637,0.072745920729854641,-0.032698323123032391,-0.23510907940983877,0.97141882854101602,-6.1602369368777419,19.404834881601793,-4.7441969618930679,0.186753005706201,0.1110254526535045,0.3636363636363636,True,5
-0.55952776812303862,0.81466027432091548,-0.15250348895229809,-0.8273173625372966,-0.56002670468479121,0.043772956082796605,-0.049745937960640488,0.15066096867890591,0.98733308167667067,10.445481243923506,3.9889466415438979,0.77471170575958759,,0.4770094092193908,0.2857142857142857,False,1
0.97905277076556507,0.11856711998198879,-0.16552193243026303,-0.097212601450404529,0.98651709594324288,0.1316576223807672,0.17890048120538046,-0.1128089423356525,0.97737851437076129,14.651696763905452,-8.714421830472336,2.9332224221313608,,0.2718654751682542,0.1666666666666667,False,5
0.89740347127159192,0.40935873757874969,-0.16459779378117578,-0.39594076987933163,0.91179122927573841,0.10893879457383568,0.19467387214790888,-0.032591075216544738,0.98032642794080072,-15.362317729864255,6.3937209986446435,-5.1341550389321151,0.3444442248147871,0.3271787118670137,0.9446935724962631,True,6
-0.1160750667741008,0.99286169108150013,-0.027427016902526941,-0.99273254360185215,-0.11508850149621336,0.035167224757602769,0.031759655967653545,0.03130973021505512,0.99900501752827864,-6.2289284911993361,13.807681369626431,-4.1049644721640615,,0.3655560723234467,0.2647058823529412,False,2
0.95110399823583525,0.26558261809210332,-0.15769292155056513,-0.24136669904187799,0.95763958916214575,0.15706219743459732,0.19272597420544085,-0.11132066401482187,0.97491764197283004,-5.0553410536856802,-10.031185929403058,-1.0132308164342909,,0.3069137237601454,0.2941176470588235,False,1
-0.094933822069188906,-0.97093448987488606,-0.21971296229110016,0.99191198934440017,-0.11093981449475571,0.061668168082919361,-0.084250666597775942,-0.21208152661479976,0.97361350198452279,15.822107429003164,0.64001447559562463,2.3235770811783958,0.1930183845028393,0.2089880472041663,0.68,True,6
0.54997133180639857,-0.73918462056848189,-0.38876423563147811,0.83381967849557104,0.51255186034066413,0.20502520385276723,0.047710354689946916,-0.43691725438159995,0.89823551192268358,-17.307588458818401,11.496769433559759,-6.0770221191541536,,0.7135792480919345,0.352112676056338,False,2
0.7278408092268448,-0.65090253252601404,-0.21580928982607139,0.67892934814984829,0.7282544389629404,0.093276000941265286,0.096450488048707844,-0.21440934047283083,0.97197013229480034,-16.651729413107123,-4.6113233429296967,-4.1346751046457788,,0.1246097547124762,0.5357142857142857,False,2
-0.39738615929646548,0.91723493336117512,-0.027646291279744578,-0.91752661671834201,-0.39764870770010158,-0.0045180612912585905,-0.015137635647500342,0.023570793078714625,0.9996075578448993,-17.05150935448729,14.994764598362949,-6.4530144311524706,,0.1291072664885094,0.1578947368421053,False,2
-0.76841994385999313,-0.59705136091794619,-0.23034856696805003,0.61317399777292625,-0.78994532205994705,0.002009131846006193,-0.1831623278225451,-0.13969989470874841,0.97310610987959179,-11.511084408020899,-4.8971983702677573,-2.9928835469454205,,0.07241242825595817,0.4754098360655737,False,2
-0.91116627747753698,0.38555642295583581,-0.14533499064309752,-0.38601513394927173,-0.92212074066417882,-0.026185033875712777,-0.14411221721233181,0.032242586038455,0.98903593690810787,-11.662366589574736,12.703054813665423,-5.1296671181837752,,0.07946134840191918,0.2666666666666667,False,1
0.97340489892607607,0.14838474199513832,-0.17454188921216404,-0.12491601405085015,0.98244346120976622,0.13856707747449037,0.19203877780376269,-0.11307879495824943,0.97485090857547374,-11.341902088659028,-6.3668677279139061,-2.7877223934309376,,0.08859015749624313,0.3661971830985916,False,4
-0.71938362628425601,-0.64230155400427669,-0.26445398835677514,0.66448490746751621,-0.74726530151474568,0.0073740694302721899,-0.20235366560060186,-0.17042089917544628,0.9643701110788494,-2.401907842929536,3.056983084239751,-1.95414784906742,0.4478611115010985,0.198470252418792,0.350609756097561,True,4
0.049852322740658692,-0.91915714704240714,-0.39072354031747836,0.99574819581128116,0.015399551328574193,0.090820616367966303,-0.077461451419011618,-0.39358987901080678,0.91601677423741468,-6.2311357052268495,11.220657602696647,-3.7322437869444913,,0.2973579452171465,0.3571428571428572,False,3
0.57537183078175691,0.8173789698894327,-0.028963354870245206,-0.80069138515101734,0.57014256082986792,0.18393141677077862,0.16685491328634877,-0.082638247276007992,0.98251226862536167,-22.124689759053869,11.282615068906662,-7.0749573485927009,,0.2899534915154454,0.44,False,4
0.37246515664695634,-0.85727385947229984,-0.35545919167947793,0.92804610084726125,0.34421653551015435,0.14228637103947558,0.00037654502383091537,-0.38287923232640375,0.92379832846081233,2.3030103841338057,16.968905644183018,-2.4774428205543786,,0.6526161958850517,0.2666666666666667,False,2
-0.9602203913315045,-0.14088337050431465,-0.24109889254518868,0.20286349384632646,-0.94526260574685372,-0.25558757606959226,-0.19189372823423365,-0.29433056601721175,0.93624052196663343,-22.200343221268529,12.975366198064265,-7.258923612644125,,0.3668357689251135,0.3,False,1
-0.35293744341987821,0.93461246689975375,0.043985199190146929,-0.93537669840962934,-0.35131566395674602,-0.040592318619801657,-0.022485397584677429,-0.055469279553527401,0.99820717585142171,3.5743512678933302,-6.804434227440419,0.42366836580271261,,0.4170134821235906,0.2903225806451613,False,2
-0.2285926722153164,0.96386047174793454,-0.13681513516899751,-0.97328731501962085,-0.22318273326499269,0.053863438381386082,0.021382063309212274,0.14547322287698614,0.98913110799045456,-11.912416614316513,-0.41827717510354656,-3.6547077002014339,0.9701633933207056,0.9617566201220868,0.8099331423113658,True,1
-0.8670065887606565,-0.43286677482269648,-0.24683178543333451,0.46277138335441204,-0.88315076290619543,-0.07672924296804183,-0.18477613967678441,-0.18075144600473309,0.9660158865015338,-13.372714075056342,-7.6220261547111168,-3.0307531096096816,0.2425432987514631,0.1734007813330252,0.3636363636363636,True,3
0.10527828667566465,-0.94760744176275125,-0.30159015015496127,0.99339513482265962,0.086296859948510024,0.075623793039612669,-0.045635386108890258,-0.30755973123749913,0.9504338079297322,-34.765228765691994,15.715570802620148,-10.100392411729926,,0.205389622645079,0.4615384615384616,False,1
0.9830722815843046,0.016727012755077167,-0.18245299730320072,0.020681092042500369,0.97932878769734333,0.2012148553640648,0.18204719611287595,-0.20158207418206453,0.96240505285243449,-3.5563096581556759,-7.9036331148169143,-0.98108809448264023,,0.09277557811173676,0.3076923076923077,False,5
-0.97544125662143599,0.13547876457526362,-0.17366594147948244,-0.14019140799050558,-0.99000919273623444,0.015105211795590101,-0.16988444309716627,0.039080719631428687,0.98468876978802611,-7.0418990501659149,7.3607331931475057,-3.5274070878315054,,0.07266049931812542,0.15625,False,4
0.48263339159418411,-0.83233586546362592,-0.27254727366314707,0.87579755512282909,0.46100400373077943,0.14301731008891477,0.0066069477954825706,-0.30772116535446659,0.9514536418731705,19.246558877353248,-7.235419512457101,3.7078617267701564,,0.2638244547504975,0.3809523809523809,False,6
-0.39140518064234497,-0.88520785925048995,-0.25141406183326259,0.91119585610186871,-0.41098725742403536,0.028488349510865235,-0.12854608663478212,-0.21793696372170532,0.96746027487160857,-11.350177711060764,-10.34585767723553,-2.2584052011258615,0.16567812288862,0.1358052805783734,0.6666666666666666,True,5
-0.55706669826286737,0.82822032757840802,-0.061055570363588663,-0.82949484157572173,-0.558465975858491,-0.0073526599059488412,-0.04018708108057592,0.046549358688803694,0.99810728667808313,11.522272062238031,5.5867144651318554,0.87620583564174337,,0.3437900145218871,0.4,False,2
-0.95751219199667648,0.2649607426593158,-0.11386925409058203,-0.23830104078738887,-0.94929605031943376,-0.20506004683402385,-0.16242849545990642,-0.16921233317151788,0.97210296273866204,-7.8190748644094032,17.557492473361044,-4.9163220960024168,,0.5015469473707989,0.36,False,1
-0.72414092278022024,-0.65788003150615648,-0.20691492962198116,0.66654901052785187,-0.74464587121336323,0.034856033182677978,-0.17700943624381177,-0.11267826156960933,0.97773783237138667,-10.163231423183545,7.5027362098715411,-4.2133651446413971,0.3119552402834096,0.2525486080859813,0.8543833580980683,True,4
-0.040875960667898822,0.99803622454900354,0.047464200482552787,-0.99670833716055574,-0.044058070165079052,0.068054221676316307,0.07001175954164135,-0.044526182649094859,0.99655194173940731,-7.8265919242980271,-8.2708460975963156,-1.7700696346429987,,0.1895778514303997,0.2857142857142857,False,6
-0.87129527285341279,0.46718324797331784,-0.15028093796752606,-0.47302469833676974,-0.88104194382799395,0.0035676293527487288,-0.13073707303862123,0.074195053938198835,0.98863689578348368,-12.278160088965581,5.3971263075280849,-4.3670572101590368,,0.06832802892178542,0.2638888888888889,False,5
0.96249776164984868,0.20672845329347223,-0.17567414555910077,-0.19134288630078919,0.97635406355344212,0.10060140379121975,0.19231733848281785,-0.063214627908178278,0.97929461968159326,-1.7541794523924241,-2.0211743033048628,-1.2934437320029126,0.35640308644793,0.329534186835552,0.907035175879397,True,5
-0.97446965905107641,-0.11612453658593673,-0.19215612296146012,0.12009974136593599,-0.99271984554875914,-0.0091301904406425327,-0.18969695757368821,-0.031974994235316696,0.98132189623534694,-5.0802096407157586,8.6440208220198773,-3.2366469922949195,,0.07496762199531407,0.119047619047619,False,5
0.2672755221470145,0.96132289260285497,-0.066498807648856087,-0.95675569272508776,0.27296130746618535,0.10055182278052807,0.11481437061264108,0.036748071840974089,0.99270702602368666,4.6280564452865534,-8.923261769425288,0.90989296499847705,,0.3008378347091053,0.25,False,5
-0.26384360617340408,0.96128245129531364,-0.079514780469341503,-0.96455421263221819,-0.2633408366941381,0.016934421238226097,-0.0046607268591977447,0.081164355236182373,0.99668983393242239,20.077684918674436,-12.114445046510353,4.2946374023405474,,0.1481339558083216,0.2777777777777778,False,3
-0.92990021928491895,0.34985315113656307,-0.11352689026692232,-0.33385217624871849,-0.93236929425102089,-0.13867308156902247,-0.15436420112142366,-0.091050929581587975,0.98380964705296237,-1.3236790203818154,13.982758454000384,-3.0181211091522457,,0.1045541545558799,0.1666666666666667,False,5
0.96886870069534536,0.18486237137111766,-0.16467952047525891,-0.15805134507927651,0.97383230043957114,0.16331081696937533,0.1905602611552201,-0.13219891932848907,0.97273338207179605,-4.5175124057585974,-6.7057669455054887,-1.3119871862168193,1.079035262616565,0.7676353593611173,0.259515570934256,True,1
0.84957217316877254,0.51099154842268435,-0.13082339247197189,-0.49025465368120735,0.85646734099620392,0.16159847880104139,0.19462141999586713,-0.073152793846021372,0.97814680474421256,-12.270787935236946,17.981789972677205,-5.8386938090558305,0.3855385881585109,0.2511400746893912,0.5454545454545454,True,5
0.96571808542535864,-0.14827207999947181,-0.213082072861632,0.18794138538177416,0.96556537006817011,0.1798931677021027,0.17907153638464995,-0.21377302546801297,0.96033040066379904,-21.135857779225059,9.3346764901157364,-6.657437652855557,0.3451169388025306,0.2899331775589058,0.7857142857142857,True,5
-0.85197419221211901,-0.47022881786120507,-0.23027121977651194,0.49075608031690127,-0.87045917457746202,-0.038200720227714771,-0.18247861638148288,-0.14555302898524097,0.97237640361987532,-7.8225321358013531,23.754515127474637,-5.6237024573990269,0.3722305107781183,0.2405928839915875,0.4736842105263158,True,5
-0.75815883075964785,0.62993365285374359,-0.16846002595127649,-0.63866346562242171,-0.76948014970858392,-0.0030457976975631351,-0.13154529645837959,0.10528006557177036,0.98570378043958129,-21.012334463575801,7.6410070555658933,-6.4648491788974969,,0.1990182654454673,0.24,False,5
-0.09911061841066604,0.99247058361321572,-0.071966839451919409,-0.99397431165126693,-0.095338644913504508,0.05408891349848604,0.046820434594793445,0.076893975371934861,0.99593933723688965,-15.389653867945318,11.753077829077553,-5.7109591156659185,,0.06503650246553405,0.3157894736842105,False,1
0.38438318612472844,0.908589163310489,-0.16344815245009298,-0.91375296728853361,0.39967909662469236,0.072884391282841299,0.13154877801029921,0.12133569975904113,0.98385596860921742,-7.695250449805501,-5.8678751331900267,-2.0381171799310493,,0.1366451186288219,0.5933333333333334,True,3
-0.48812830301093041,0.86341591379626126,-0.12745085171561907,-0.87218232615295088,-0.48793601478885495,0.034877434228992893,-0.032074128921869616,0.12818504310307713,0.99123147900909903,-4.9741606744157094,-12.954705652548608,-0.69568080566864687,,0.08126648796610887,0.2631578947368421,False,5
-0.60386358539256291,-0.69817621555368359,-0.38457605525042365,0.77271950723195215,-0.63114651627668505,-0.067517687571592808,-0.19558459392306399,-0.33794089280071199,0.92062077947057541,-8.0284441044518058,1.9902298148933024,-3.0924710853229804,,0.5703471975831984,0.3333333333333333,False,2
-0.94822441787851031,-0.23624638597643396,-0.21226892954936954,0.26580866956845445,-0.95611073211077158,-0.12328024628809656,-0.17382808898796986,-0.17332026152668761,0.96940387992988375,-36.087120996478674,10.268788561218651,-9.7454962165263783,,0.3157850479376005,0.2916666666666667,False,3
-0.0059542571569679769,0.99634644290249841,0.085195730745428883,-0.99761419677506957,-0.011778388390195056,0.068023407440108,0.068778348442965084,-0.084587441635674443,0.99403948789924335,-16.265944264845078,10.076766756027071,-5.7362681736360335,,0.3622650228658772,0.14,False,3
-0.069230845048296283,-0.93321407226248065,-0.3525884079563264,0.9972610327550524,-0.073962353876679751,-5.251045007752253e-05,-0.026029265111127763,-0.3516263151988186,0.93577850574667298,-4.176728524413269,10.228614643772598,-3.1846357252958657,0.6764287168857533,0.3220272543468348,0.2361111111111111,True,7
-0.30627987905656778,0.95085875725532998,-0.045390080810065736,-0.95194031733738504,-0.30585569766219933,0.016184079682480632,0.0015059590610984816,0.048165505898095567,0.9988382332134107,-2.8506927454220254,-5.965521462002747,-1.0070920684173743,1.02644344184051,0.9170676212691162,0.9601769911504425,True,4
0.42262734850105244,-0.85806780404289151,-0.29172892891172036,0.90626449459418046,0.39712855830330696,0.14482256045896597,-0.0084136874748143714,-0.32558954504858817,0.94547377436824187,-9.2280343634645057,-5.8588708427603793,-2.3921757145795954,0.3657889599818263,0.1628342553472978,0.1875,True,3
0.64029557269817861,-0.6864858243817783,-0.34461397607465227,0.76503911418803672,0.6101362670312197,0.20603128261405129,0.068823930035232309,-0.39556408908807372,0.91585605751036403,-13.127060548530691,-5.1488274393288078,-3.27439686942426,,0.1354678824705605,0.2972972972972973,False,2
-0.76825642284917162,0.62567414264529808,-0.13532899163174983,-0.63191672598027071,-0.77502520981407208,0.0041443430154082875,-0.1022903718703301,0.088700571462224306,0.99079205106061718,3.049904993156344,7.2542772293503148,-1.1481682625137126,0.553597742662369,0.5356598718215407,0.6595744680851063,True,2
0.45944739224739845,0.87957791551974518,-0.12349406579672713,-0.8774002023576174,0.47107097778628615,0.090890146827284149,0.13811943621329431,0.066594477379234421,0.98817417337365665,6.5385970595474872,5.1885266812662998,-0.17823963528728412,,0.08509919344241933,0.4444444444444444,False,5
0.96511449847657382,-0.12806308902873897,-0.22837217444060348,0.20231142116187817,0.9184201832091855,0.33996243313264429,0.16620497494892653,-0.37430497231859428,0.91228926004848032,5.730108526577351,-1.4351009373760792,0.32527801819982388,,0.4813181193962968,0.1621621621621622,False,1
0.92535488864471005,-0.29982423266701008,-0.23199948182479882,0.33944088031591629,0.9277909830134885,0.1548669771423879,0.1688141547136742,-0.22205702273178332,0.96030852324854665,-28.653457329069312,17.131734081795315,-8.988227290135983,0.3930084917039006,0.3631628333148937,0.8591549295774648,True,4
0.11322238023285464,-0.94533756084166376,-0.30580645623717906,0.99354938418709693,0.10575700781597946,0.040927698191473412,-0.0063493145967389031,-0.30846774768157798,0.95121361157439677,2.7773783487896893,20.426760221664633,-2.7659159849930988,,0.1599747272143476,0.3,False,2
-0.86055848858852146,0.48937284684801874,-0.14125616618791206,-0.49530012976683319,-0.86868550477752215,0.0079545736769171399,-0.11881443166214857,0.076809573344011992,0.9899411195982889,1.0522803188750085,13.172408938875881,-2.3266488924024151,0.3836439353563479,0.2350970305359565,0.5641025641025641,True,5
0.19775036768096729,-0.93264407830613327,-0.30177775809781715,0.98003578806834257,0.18163276496971426,0.080866512195831006,-0.020606945123044396,-0.31174438549869499,0.94994252032569648,15.015958219909285,-10.574419987963303,3.1591958548801937,,0.35717279117422,0.2307692307692308,False,5
-0.77061039845236223,-0.59297292663857171,-0.23354383329640363,0.60858254748272778,-0.79346378851519095,0.0065191421639069699,-0.18917424955982948,-0.13710698227591092,0.97232442050720302,0.041581468485831052,16.340747234043793,-2.9388933819601353,,0.267239353724506,0.2631578947368421,False,4
-0.29411822626300244,-0.89525274058300974,-0.33468940744892972,0.94844390452347294,-0.31665563134370972,0.013541458953375086,-0.11810431385929433,-0.31345133851513052,0.94223119744089268,-7.3459520161453682,14.743999120664418,-4.4570111687594594,,0.08791303945108074,0.1666666666666667,False,2
-0.012825822336038562,-0.96548528227872943,-0.26014163062563966,0.99762777088598342,-0.029953057809107602,0.061981005840079748,-0.067633786220114275,-0.25872955770658801,0.96357910258083401,-14.136857288489674,-13.888794268910118,-2.570814273770925,,0.1594719842063231,0.25,False,2
0.67372874563338103,-0.65532188649184131,-0.3415300900243563,0.73452364825472027,0.64452876757801991,0.21226793898027546,0.081022141799919456,-0.39387293998081729,0.91558698095212165,0.41957748952418705,-5.0307110278137026,-0.46171289980108993,,0.6163746040152147,0.3458646616541353,False,2
-0.90870988398032737,-0.33318595857354433,-0.25146264884846958,0.3699826980945537,-0.92181804108374721,-0.11560407537452053,-0.1932851516985585,-0.1980873952121936,0.96093820508444461,-10.116566673431622,14.387979985906938,-4.990526516554926,,0.2080298440167172,0.7272727272727273,False,1
0.80001053593130655,0.58705381994288441,-0.12389897049358736,-0.57058389484265815,0.8082596820650626,0.14543144534200869,0.18551862802717661,-0.04565193137809824,0.98157971648580988,6.3720469539849018,2.550995384338838,0.033715893132219406,,0.06995133161370189,0.4210526315789473,False,3
0.79263820348829461,-0.54254072303136258,-0.2781622588049204,0.60470906739337116,0.75778404196852978,0.24513320776687295,0.077792173019452376,-0.36250918552561406,0.92872787630525433,-42.478819803660372,13.309458254218608,-11.363576454511106,,0.3786938133707327,0.4814814814814815,False,2
0.98802780253401046,0.00079538468804991186,-0.15427387589287855,0.042806900457389635,0.95930821409860823,0.27909733004127535,0.14821818610765822,-0.28235990814231304,0.94778913877550797,17.750486899395113,-8.9081692071267966,3.5383223122199334,,0.4137687459421387,0.125,False,5
-0.98302617344545506,-0.0033033829889958389,-0.18343562898743071,0.0048563886585184825,-0.99995606557091887,-0.0080176316406765924,-0.18340108453982418,-0.0087723764600122871,0.98299902726343547,0.39596987194543576,10.349849678862773,-2.1654274228276718,,0.07505878987662756,0.3448275862068966,False,4
-0.70242590803846172,-0.67279696016155166,-0.23225437372355401,0.68884956577215439,-0.72472658361215447,0.016051627374543631,-0.17912040490089057,-0.14871324555409488,0.97252262243348897,-11.346316630565676,-13.940434221607678,-1.9286407481860843,,0.09038476221903202,0.4666666666666667,False,5
0.278655975137797,-0.93862897996977235,-0.20328916715090489,0.96036915309602178,0.27090826063200341,0.065572891525176619,-0.006475901607764796,-0.21350492332086321,0.97692052410424834,-8.3909366760608002,-12.471085485017195,-1.4319128800018526,0.4713158039321976,0.4210571968218723,0.8304093567251462,True,5
0.87090800219172515,0.45870628875858255,-0.17637401274492021,-0.44991505792651088,0.88858667337534336,0.089387720357576875,0.1977263067206832,0.0015048432037721021,0.98025611096158427,-9.8648679319640422,-2.8235844933400509,-2.910035630981028,0.1900376253376975,0.148078376755727,0.6358024691358025,True,4
-0.71698977861679625,-0.66568147984686299,-0.20686668351362919,0.67814548232737459,-0.73479263415689122,0.014088633281816129,-0.16138265755033865,-0.13018430081107188,0.97826769632055333,-22.095768768734906,14.604584962580175,-7.4267957553041901,,0.1455884040296733,0.45,False,2
0.049901368807399094,-0.95198294452148202,-0.30205682699015113,0.99720962756388709,0.030677962813904384,0.06805748519805449,-0.055523077049481256,-0.30461013761495015,0.95085742989007538,16.232215327572696,-8.7433841322653905,3.2581972637434427,,0.1265124394375844,0.5185185185185185,False,5
-0.94361649051351315,-0.26694209722588091,-0.19578006936256431,0.26885962416884129,-0.96302539905258033,0.017221593172789505,-0.1931383476235406,-0.036386776557809607,0.98049659926436328,-14.492800334253664,-3.0666944650461136,-3.8990801989633108,,0.08852884038577402,0.1304347826086956,False,1
-0.98013812739251083,0.097407749677885597,-0.1727454240615158,-0.07771305092302469,-0.9900472858681032,-0.11733308766685505,-0.18245529027062471,-0.10157805889016058,0.97795294621181506,12.200014073726102,-9.8853677827194826,2.534195025234538,0.7686874672444833,0.3632572922618129,0.2631578947368421,True,7
-0.23296496878883577,0.97222098805663781,0.022664370703661174,-0.97226267735141247,-0.23334687241377661,0.015953788395630088,0.020799267936171706,-0.018319047925174886,0.99961582767402979,-8.4171084300860119,-2.998752394188156,-2.5405407797943123,,0.08446512236286541,0.2039473684210526,False,4
0.49692389239344986,0.85895149192755649,-0.1235677129511127,-0.85452111730173896,0.50914647768439114,0.10277900732623342,0.15119624748627636,0.054517875756518563,0.98699923807927326,17.127987770099541,-11.547162144632336,3.65811576118996,,0.2676230121313324,0.4324324324324325,False,2
-0.72242151445301539,0.69135584362878943,0.011586756911935836,-0.68565704058149346,-0.71410033917748661,-0.14119181381236784,-0.089339678510948026,-0.10994454541687407,0.98991445023124947,-12.267903993414196,-9.5094701055936444,-2.5809243220336513,,0.08914599524885522,0.1428571428571428,False,1
-0.85857998864227436,0.50232885519773995,-0.10249938701651186,-0.49368456314701337,-0.86399419437048974,-0.098942327668349886,-0.13826046149704208,-0.034347537463648783,0.98980012702404152,-16.382889630193002,6.5815735245670908,-5.3660444862644683,0.6271735793299639,0.5304622863402307,0.8533333333333334,True,4
0.86927552176937073,-0.44830304456881187,-0.20828933597984056,0.47682950846771532,0.87155190113327063,0.11415298281437603,0.13035983701672055,-0.19854889539183085,0.97138285399303737,-14.007299296089389,9.6424814784392439,-5.2119746826347129,,0.3473268029414873,0.2676056338028169,False,1
0.29988922175462646,-0.8797782242658837,-0.36885868673920652,0.95374630312942565,0.2680511690266833,0.13607556742626864,-0.020843318890163678,-0.39260520486997608,0.91947088543718769,2.9774212566359766,14.476712390885632,-1.9859387394612638,,0.3309126781206858,0.4210526315789473,False,3
-0.74516673062431837,0.65125552103112938,-0.1435018811623657,-0.65932262298550237,-0.75176526721984982,0.011944112415140783,-0.10010106088440009,0.10351439188992455,0.98957796473116633,8.8986260213841462,6.8116656084391103,0.16672861274279671,,0.072561291246409,0.1875,False,4
0.12647338750459958,0.98731951486766134,-0.095940907930858799,-0.98706187178754401,0.13486691073786142,0.086716651522621022,0.098556296178282723,0.083732263492108161,0.99160252346094158,9.8087784927425048,11.697535798571346,-0.13163124951713773,,0.1432451863798529,0.2352941176470588,False,4
-0.74288526312079251,0.65734421169911084,-0.12657042776109528,-0.66308837352175898,-0.74852814054572847,0.0044081414931335661,-0.091843860645228037,0.087202122433058166,0.99194782882213672,-9.2889311172737763,7.8024146556549665,-4.036841339406366,,0.1428559873086919,0.5333333333333333,False,2
-0.91274253617685452,-0.31987120420900772,-0.25413279082267759,0.346836840591007,-0.93543642710975772,-0.068285407262307099,-0.21588253440770033,-0.15046961006798043,0.96475573477626853,13.615071930136441,-14.797949098316781,3.2329347526769663,,0.196614872531309,0.4166666666666667,False,7
-0.56209298896269833,-0.77160793330007349,-0.29777956448918597,0.81030633560302312,-0.58589623496668952,-0.011368567783958838,-0.16569584859187231,-0.24768285996460693,0.95456696288902221,-6.9650365195461781,12.993288740392581,-4.1824449418056835,,0.09436176336992816,0.3770491803278688,False,4
-0.97415621980756484,-0.087965531079896436,-0.20804260321402765,0.096146153973604306,-0.99492932072669382,-0.029522259981335022,-0.2043907446200085,-0.048761789345278854,0.97767413355040089,-5.2134207173142704,-0.27136649430709742,-2.2398407177975348,,0.5094752292743017,0.363716814159292,False,4
-0.83345248488872481,-0.48759046175608445,-0.26002403165342231,0.51923306980061035,-0.85203548847695576,-0.066577365532673294,-0.18908721442299115,-0.19050214691788889,0.96330418734760526,-6.8742120711802972,15.756694825219553,-4.483101450530703,,0.1114206378770768,0.1666666666666667,False,1
0.98096284500467035,-0.024610172735844912,-0.19262979031877686,0.079401223165543322,0.95606313532805443,0.28220334340065217,0.17722116826203249,-0.29212603558156663,0.93981649105303455,1.8988028409954605,10.785752524928579,-1.8076010548058272,,0.1895860571904597,0.2083333333333333,False,1
0.81013947945872722,0.56393185199424078,-0.16017143980338988,-0.55556623568394947,0.82575889338992492,0.097305743691803753,0.18713679913451378,0.010154619332825437,0.98228137624404577,0.43419500961194324,-6.5280526273407551,-0.2952246853622138,,0.06379266757706711,0.1555555555555556,False,1
0.3555142133099638,0.92476932090212227,0.13568841974474424,-0.92601518841637798,0.3287794210563082,0.18547227046666365,0.12690750551790897,-0.1915875659016186,0.97323619416620311,-1.5136243002312686,8.8445430226857145,-2.4399902218135461,,0.3264675931779701,0.1555555555555556,False,1
0.95581324225479769,-0.18194640316315941,-0.23090377282833999,0.24554964927465975,0.92599281949647982,0.28677982492158072,0.16163667798944695,-0.33080629470575373,0.92975307459109113,4.0287471173186464,15.319583164494311,-1.8801387686455411,,0.368216778660874,0.2380952380952381,False,1
-0.69818847896201763,0.70215492694910298,-0.13968287799800447,-0.71106485454765966,-0.70280246325293239,0.021341749523582913,-0.083184256153558928,0.1142241489647082,0.98996627383031,-1.8406169880503152,-3.0278930995939368,-1.144210639298461,,0.07030227382888067,0.2517006802721088,False,3
-0.85387533757482692,-0.42719291630936385,-0.29732662197754145,0.46541603901588757,-0.88241689647460086,-0.068762863835755875,-0.23299102666891885,-0.19709549226512946,0.95229646036333082,1.819400704729534,9.7567500093927446,-1.7426322471863736,0.6010001559709557,0.2039390962034102,0.2352941176470588,True,4
0.31481519723666368,-0.89439804420278768,-0.31771611560490498,0.94900264759415864,0.29064952466489619,0.12213446962814106,-0.016892792786211301,-0.33996322203776502,0.94028699938560445,-1.0672564547981269,-11.13053078991639,-0.12648518238462958,,0.4306417589550013,0.1739130434782609,False,4
-0.14315007213834541,0.98958196308857715,0.015349109959342133,-0.98897293873454817,-0.14362232618454485,0.036126913403875846,0.037955016763761576,-0.010008284123549621,0.99922932850840818,7.6255829007297615,6.5677389388941574,-0.080896056384575143,,0.1565717811130981,0.3529411764705883,False,3
0.83420926104619941,0.54893138763529958,-0.05262357317342517,-0.51861715884799997,0.81339887980607717,0.26347391688485372,0.18743305827196757,-0.19250089350182992,0.96323011511674306,2.6771094506956663,8.1992422683111137,-1.3744657555061908,,0.0885263429505532,0.3428571428571429,False,2
-0.98059269929847537,0.11369706206108551,-0.15972143300511829,-0.10010817499938073,-0.99083240219942215,-0.090716613969089671,-0.16857138363561047,-0.072966628196739214,0.98298502521085007,2.5945581494745493,5.7547145291783686,-1.0499625679353672,0.6638660328941651,0.3734165486447203,0.1555555555555556,True,3
-0.98234751009125987,0.0046094519643164397,-0.18700834839678096,0.029926487912405063,-0.98294826447030903,-0.18143074352500582,-0.18465582779520348,-0.18382454223361058,0.96545883544244004,11.815157990637427,9.4733061767247317,0.49604601812260896,,0.5200386777130012,0.3125,False,1
-0.1292997345262876,-0.96328112699867907,-0.23531053741723382,0.98548771711643646,-0.15115085004156942,0.077248818400971642,-0.10997971660295762,-0.22190739262103645,0.96884548357107347,3.3982143419562134,10.560443368262016,-1.4104132611858577,,0.1392137813758324,0.3611111111111111,False,4
-0.86423800598565048,-0.41130065040452918,-0.28969715909335175,0.46530379773707287,-0.87244195587961337,-0.14945704878797827,-0.19127217471813443,-0.2639636501448,0.9453772509325733,-10.333448604543019,23.437632668423859,-6.1776249234846734,,0.2617836048456257,0.6363636363636364,False,1
-0.94139334267731678,0.30784997864360431,-0.13786574995973863,-0.29937044429196186,-0.95085791566528755,-0.079035190270530797,-0.15542172128522486,-0.033130271139821234,0.98729249652113771,-4.327235757712951,-14.764833482555067,-0.42325015540345923,,0.3822214913960436,0.1538461538461539,False,1
0.84734495174308322,-0.48466325320282821,-0.21704392124720964,0.52153934536511104,0.83647745078923885,0.16823253418191542,0.10001621864300304,-0.25574793316073802,0.96155590097111232,1.7315527542792228,-9.1089891699994556,0.25617578153669596,,0.2632417214165329,0.5106382978723404,False,6
0.54596931215344102,0.83671955399195752,0.042636816886325313,-0.8205919960893937,0.52379615829827575,0.22861837307178931,0.16895646226387026,-0.15980604656729125,0.97258199723201222,0.82421097972404667,11.099102039324512,-2.1043804177107908,,0.5946380752316426,0.5555555555555556,False,2
-0.31807013414201518,-0.92580219004434672,-0.20425889130212155,0.94018769901781762,-0.33573823080942894,0.057679554337185343,-0.12197737651901783,-0.173695553431992,0.97721613491360859,-11.032951041493639,-15.578384004124757,-1.741775159315611,,0.07745225121613881,0.4,False,2
-0.85539970973565882,-0.47536830207924502,-0.20570929478866029,0.49345824381893577,-0.8686216933522799,-0.044668953927210958,-0.15744935119359499,-0.13971875756717578,0.97759315187484941,4.2647051429508167,-11.256554236736756,0.98540934430224003,0.9028081221145319,0.3264168547782318,0.375,True,5
-0.91507380596245635,0.3724491374203957,-0.1546659939229944,-0.36906936840611104,-0.92799532638793125,-0.051112381146558764,-0.16256608178122131,0.010310879543477654,0.98664378314432255,0.14682306140794604,9.2842641205630621,-2.0527798452187906,,0.1932747874336183,0.196078431372549,False,2
0.013902348788177404,0.99111477190655772,0.13228088904594226,-0.99758334979462726,0.0047414396591669503,0.069317955556185001,0.068074847856624862,-0.13292489480368794,0.98878551133738124,-1.954348558242601,-14.400087394565064,0.058298535586659268,,0.4566142898475225,0.2666666666666667,False,1
-0.609090565519391,-0.74835208397484887,-0.26263632918118662,0.77565664788130551,-0.63115494071770373,-0.00045321646915640057,-0.16542505128548229,-0.2039916645800316,0.96489478866302469,16.596972331801769,-3.1855254703222542,2.8267602521502484,,0.1719432972964533,0.5,False,3
-0.67207909525271958,-0.6850247118266497,-0.28115980137832985,0.71562047219671687,-0.69843226615199339,-0.0089280104580542891,-0.19025516943629728,-0.20720403901615148,0.95961943327454524,-5.0273663632103851,14.735225436678173,-3.9922987669804204,,0.3536409339971522,0.3333333333333333,False,3
-0.19191018346763658,0.97123078823711817,-0.14100084206034391,-0.98113687072175748,-0.18646110967563029,0.051016619731722349,0.023257738319463948,0.148131733800832,0.98869412208702068,5.705192317287092,12.172027938793311,-1.0536074468472527,,0.09593359137055694,0.4285714285714285,False,3
0.93719295609692077,-0.28036658363097144,-0.20751853369136286,0.31621788803408102,0.93401371839277703,0.16620656166759595,0.14722639141669233,-0.22138869130377142,0.96400800672671949,21.935294742484274,-14.520849111199411,4.9069057700522176,,0.1574741705878677,0.3076923076923077,False,3
0.92619599566793354,-0.3243231059049016,-0.19229014687415463,0.34638074375900235,0.93335560115141991,0.094168477487066873,0.14893407253428009,-0.15382407085846472,0.97680949896225133,20.282405234131087,-3.4677741273410647,3.552876629839901,,0.1521088963271184,0.3529411764705883,False,3
-0.82633441861978962,-0.50860811160123776,-0.24184544117621481,0.53620651389075435,-0.84182766614399207,-0.061715111404612194,-0.17220337704417726,-0.18067642161605552,0.96835015753940934,-7.1783439655844816,-0.75353385188385358,-2.5874544231759367,,0.7535163410953956,0.2733812949640288,False,2
-0.97566211691973714,0.16296179196067992,-0.14672044155011596,-0.1352936023849412,-0.97393367042308721,-0.18206824756095777,-0.17256614604667492,-0.15778675475836648,0.97227787450986491,-14.570133557766336,21.252286356215386,-6.7462881803509873,,0.6245353577986956,0.1666666666666667,False,1
-0.077080899983706194,0.9958717164971479,-0.047938076084963893,-0.99572186132356366,-0.074433801959215062,0.05475019642188822,0.050955958827607784,0.051953184762074722,0.99734866363425689,2.1714789481659329,-13.104249929473495,0.74095751042724345,,0.131185928949371,0.45,True,3
