axis_00,axis_01,axis_02,axis_10,axis_11,axis_12,axis_20,axis_21,axis_22,location_x,location_y,location_z,dbh,dbh_approximation,score,reconstructed,number_clusters
0.91397526340681756,0.24795806107609303,-0.3211946727886747,-0.18434400438674114,0.95890104334984883,0.21569904290291447,0.36147822330964896,-0.13793327738423627,0.92212141557548899,-13.382758259518797,-11.85349465162157,-4.3497419574307132,,0.2320519127719334,0.1428571428571428,False,2
0.38021356595013167,0.87973735462832992,-0.28548175272516713,-0.90602839358169984,0.41630168973039433,0.07619352434021899,0.18587682558955515,0.22968476222676837,0.95535057215117825,-17.728584580990184,-0.27887337247711136,-6.4064716280992204,0.1679416082575012,0.1319872427359725,0.6320754716981132,True,2
-0.72197860863644447,0.65306712538936662,-0.22858306675485043,-0.64957086024867849,-0.75353557762777523,-0.10120193063853511,-0.23833712716900665,0.075415270236497634,0.9682499423330635,-17.014297374189635,12.267780493189667,-6.656172236271936,,0.3113483923386593,0.2424242424242424,False,4
0.41839677823581956,-0.79922505397156518,-0.43148980181000357,0.90015091180542706,0.42823588681319535,0.079638942868272042,0.12112997951682353,-0.42172661565220892,0.89859567643784555,0.11070304519081878,18.209446866330914,-1.3904834985172654,,0.0897760490795024,0.4117647058823529,False,4
-0.41597809780029787,-0.75727221791443999,-0.5034888381338658,0.88747969328181664,-0.45882374121820907,-0.043134307771631873,-0.198348219459762,-0.46477904693463767,0.86292434278311536,-11.612945169829581,-17.600082514087344,-3.4296350292921556,,0.506334642324516,0.1379310344827586,False,1
0.32515715704687487,0.91294687195691127,-0.24657824763203587,-0.93091031356205434,0.35488605329409373,0.086382158349626592,0.16636950238848497,0.20145445679218285,0.96526539900359798,-5.6773413763937928,23.566721006038463,-3.2548990758357044,,0.1891900392253345,0.5454545454545454,False,5
-0.51581106514914432,0.82396628641618552,-0.23456023516194441,-0.84519432416933105,-0.53416310704250802,-0.017785653393776038,-0.1399482027810805,0.18907494261328173,0.97193886979281319,-16.9868566766661,0.96890221215579497,-6.2409467298968853,,0.08119487521532742,0.2982456140350877,False,2
0.93214728833048732,0.13264325709649166,-0.33690829494827507,-0.064692476315678579,0.97652190573986952,0.20547469702695687,0.35625316330702983,-0.16973724976270926,0.91884326719888798,-12.937779760288628,15.230259483949267,-5.4252700987790128,,0.3326973158387619,0.7966101694915254,False,4
0.3481126747833847,-0.86433571508079166,-0.36296189509497273,0.93491744521615405,0.34854916369077077,0.066654715669365996,0.068898013655381701,-0.36254275903159455,0.92941692021831745,5.4938676211363928,7.845208060285465,0.5506914671539751,,0.08634595830744463,0.3333333333333333,False,5
-0.042444121289360544,-0.86169600080478681,-0.5056466145095917,0.99673105436754306,-0.071342935468520871,0.037912937344676892,-0.068743740277504323,-0.50238450190643025,0.86190725163261506,6.7877530513622961,1.1141236510077233,1.1571110227760062,,0.08218582430880567,0.4117647058823529,False,3
-0.31475412360913635,0.90864997321474406,-0.27438124543760078,-0.94703068082979913,-0.32004819510244342,0.026496082327675415,-0.063739557874926786,0.26818720884582242,0.96125589193169336,-20.765474979049273,4.183353404029206,-7.5572460712117024,,0.1137722100942718,0.4285714285714285,False,2
0.84469611283556012,-0.3710636482368575,-0.38574634919548784,0.45637710240518659,0.87585355787705588,0.15684541929666851,0.27965767888749193,-0.3085325171051756,0.90917504834217933,0.67701324101697269,-10.052834919871987,-0.010452604603911243,,0.1049870211164757,0.3265306122448979,False,5
-0.68712723753839278,-0.55300267696303607,-0.47121566050437358,0.66377746363708634,-0.74152206205953808,-0.097696009368283154,-0.29539065354268385,-0.37991192499142074,0.876590720375786,-19.449373093498163,7.5470648929783017,-7.2693450448347887,0.3991636022523549,0.2665646074244867,0.2432432432432433,True,4
-0.27343732597032711,-0.84780221167827219,-0.45438248055974401,0.94989477553674184,-0.31236902444952624,0.011203034073565328,-0.15143296924447885,-0.42855221669929588,0.89073624232312432,-12.574823561371755,5.7713941057266522,-4.9997913480073253,,0.08478857617644953,0.3265306122448979,False,5
-0.93988653510683651,0.06910371813058451,-0.33442185524482981,-0.066639775107763546,-0.99759901969747322,-0.018850365307529919,-0.33492154528852258,0.0045685926902441186,0.94223494228476734,-16.692571972478692,16.037776691218923,-6.7450797106707601,,0.1072272998885872,0.375,False,1
-0.3940232382033525,0.87543566420648877,-0.27992514283480885,-0.91514219087583126,-0.40192324156746079,0.031184585405112923,-0.085208322567271733,0.26845875981842837,0.95951520886436381,-6.6743803779353268,15.14768912249367,-3.4740737542130513,,0.1146353881657951,0.1555555555555556,False,5
-0.83882139501922248,-0.36092080022305129,-0.40757188718599979,0.42366479109600685,-0.90292358965441877,-0.072368059467940241,-0.34188713348645039,-0.23337773503899362,0.91030106049838644,0.43648816191900269,0.68766010555377166,-0.89388413271681577,,0.2446577718925103,0.1681957186544343,False,5
-0.30880457332466399,0.91520622396606044,-0.25891562932267392,-0.94927173715103985,-0.3135510584615625,0.023851683040830046,-0.059354060855332562,0.25314679802718809,0.96560540289942587,-18.396572446636764,15.650603334964588,-7.2524469453817382,,0.2720775552378182,0.15,False,1
-0.5530501785289873,-0.73461306561817596,-0.39303834908583857,0.79696889729493425,-0.60397453483431729,0.00743895262570822,-0.24284990585452712,-0.30912522558784544,0.91949198916124975,-15.008360452348937,2.0535772840224578,-5.6033567226928565,0.2602590033740158,0.1888185954492324,0.7259475218658892,True,4
-0.82923688207881352,-0.41440933077523595,-0.37500813320064141,0.4366738098290962,-0.89918213609889042,0.028061894625633386,-0.34882972523790368,-0.14048627223703672,0.92659669225795893,6.3856578830805297,-8.5094764974958945,1.7250078469035639,0.6993286853508709,0.4243516046734972,0.4791666666666667,True,3
-0.92858179451233513,0.19594547617992281,-0.31518442421045467,-0.18085546329535657,-0.98051113690930891,-0.076741200101625301,-0.32407892911523029,-0.014257656239335462,0.94592260092572467,-3.830358079437707,15.481880045728547,-2.5732872083715228,0.1866652537834908,0.1249134361017213,0.5263157894736842,True,5
-0.91681889542660344,0.24336224657585759,-0.31657215596178667,-0.24402097587621965,-0.96901655684517451,-0.038218789781204937,-0.31606467110570863,0.042210537801288132,0.94779818219775336,-22.490224158707626,12.040152375704762,-8.4342524933467029,,0.08418174727661382,0.1333333333333333,False,2
-0.75995596295475665,-0.50535085728285511,-0.40876331221501738,0.57388619981268729,-0.81695217556352584,-0.05695412633492241,-0.30515826063546209,-0.27786625179302615,0.91086156032650423,-8.2598617135160062,-11.978121897049267,-2.7493756562464342,,0.08266117080230853,0.3333333333333333,False,2
-0.75406136573209159,0.60116315256816166,-0.26456439802921833,-0.61164561571623299,-0.7895077642070143,-0.050666863253536719,-0.23933469762105869,0.12361373002685273,0.96303610953249585,8.447992172280042,17.959466702126722,1.2597972912992739,0.4373199128766838,0.1599846968591553,0.1818181818181818,True,5
-0.73263060300235072,-0.54207482101690052,-0.41159116604211432,0.60357348848146264,-0.79692175101494822,-0.024794490549049246,-0.31456548371798498,-0.26659071847827787,0.91103125373090565,-8.6886816080936597,14.835861196837648,-4.1002741871535306,0.2803841922283747,0.147007389036886,0.2682926829268293,True,5
-0.72876538086730802,0.63742870034034715,-0.25017128458666671,-0.64533766684688465,-0.76150700048340858,-0.060385295920291404,-0.22899850523081239,0.11743823992711121,0.96631668949929439,-11.942556795286157,18.483467020310506,-5.2242228184636446,,0.1938889248444141,0.3571428571428572,False,3
-0.92146440612207969,0.27325681054568624,-0.27610516789890421,-0.24207624717165052,-0.95980851286717483,-0.14200953905633601,-0.30381316430558614,-0.064018232700551778,0.95057836451106204,4.1433847781625746,28.555844755547628,-0.40569483460358741,,0.4096788540955892,0.4259259259259259,False,5
-0.46847485777792297,-0.79508688390815074,-0.3851858702849576,0.85683912365783654,-0.51514646495567806,0.021232894596298998,-0.215309135429094,-0.32009524626412961,0.92259471574461183,4.7056307995879418,18.749997665641022,0.091436890724174713,,0.07728155954354488,0.2222222222222222,False,4
0.78405455647726041,0.54343960034756578,-0.29988640056082194,-0.53629878330150449,0.83636648160644822,0.11346683865596349,0.31247730717057487,0.07186451989215796,0.94720294725264542,9.6138869327697094,7.5856785946243299,1.8559388343851462,0.3721218774944723,0.3460062091081421,0.46,True,5
-0.14624477670654279,0.95361495930780082,-0.26311779618724984,-0.98924692840350648,-0.14051258173970915,0.040579909032298453,0.0017262474566165018,0.26622307142173701,0.96390990051586023,-8.9377945810254378,-1.9142916673042305,-3.6861597695382944,0.441803499586032,0.388410590496625,0.8692777212614445,True,3
0.22459336162565924,-0.89600534421355038,-0.3830564515243704,0.97389359515964546,0.21970715827023338,0.057096671635383463,0.033001321499389016,-0.38587975814439279,0.92195863520752297,1.4381878385926616,12.038321927322006,-0.78299699290481994,,0.07653305961931178,0.275,False,5
0.57343752862044328,-0.72837399834878991,-0.37502095847975631,0.80135655489942537,0.59384223171516914,0.071965795703734153,0.17028526856249923,-0.34179339133597098,0.92421869974030135,-4.6078377384437363,-19.419223672920584,-0.90885391799368542,0.2842859580769053,0.222816731557801,0.7428571428571429,True,5
-0.13196866496002818,0.97488738993849644,-0.17938463815938496,-0.99124897565176007,-0.13035885586008342,0.020785498988157243,-0.0031208553321985869,0.18055787337514709,0.98355941082592457,-12.974955161029131,-9.1586698468038286,-4.4271916105777267,,0.5151948486127121,0.1707317073170732,False,3
-0.79246983491726208,0.55060658304572718,-0.26234319402819656,-0.55147969724977464,-0.83059221252534454,-0.077373897494890376,-0.26050279128543752,0.083360465443527765,0.96186762526531366,-21.131622378263984,-1.2585647912354765,-7.4165439511566893,,0.2880985773036351,0.5294117647058824,False,2
0.64972709431899311,0.69421792131414906,-0.30970337523840369,-0.70029531547889701,0.70510879161374274,0.11139148579366154,0.29570453839281868,0.14450975647086597,0.94428584457176989,6.8722127098167221,-9.9922252032043968,2.0161657716575858,0.15241871546408,0.1443198033573051,0.3584905660377358,True,5
0.0018917170575922879,0.98494587691847557,-0.17285265675675346,-0.99550411638558489,0.018223969476542083,0.092948594372765606,0.094699396333497651,0.17189969888807841,0.98055214948326852,-7.3886292863965544,-10.435104309900519,-2.5099926236492314,0.5428442949745146,0.2284695448458508,0.1395348837209302,True,5
-0.91001139893091609,0.27184505244112844,-0.31301680670385257,-0.27072488927786736,-0.96146231685832151,-0.047940041582326766,-0.31398612730705694,0.041115456031872624,0.94853688970646133,10.064968666863093,3.4117716685909842,2.2616694225990632,,0.1072921530721481,0.1666666666666667,False,5
-0.74173103107452221,-0.55847556626702088,-0.37140290712897966,0.60200046709870536,-0.79849419168872793,-0.0015695388834819218,-0.2956865150020675,-0.22474889926781927,0.92847047186425746,-19.878919825575757,10.230214597766468,-7.5029300573724926,,0.09427768535954766,0.2857142857142857,False,4
0.89318218005370797,-0.25247755561309698,-0.37212991971372111,0.34001264192582092,0.92073612741573008,0.19140634002589352,0.29430765631415107,-0.29748960920193496,0.90823066225037308,-14.528009007532996,32.989428669077952,-6.6395479899510983,,0.4732285683443143,0.2380952380952381,False,2
-0.91342978847368395,-0.21117068065245376,-0.34792666635614355,0.23081322466531165,-0.97287478405027983,-0.015489024459946571,-0.33521825255871762,-0.094454212144826244,0.93739379396259026,4.3559144865946307,-23.601094848839129,2.6121566497141893,0.299702093356071,0.1901349689554097,0.6111111111111112,True,5
-0.90321515967412425,0.22575532098430501,-0.36501631522730493,-0.17559633793217266,-0.97042037934250924,-0.16568105945324732,-0.39162265184697381,-0.085550116329632539,0.91614020551241504,-15.891443972647641,10.537824337913344,-6.2456536981731698,,0.3876255720920995,0.3888888888888889,False,2
0.38351640639502088,0.91034490111008948,-0.15552275411884589,-0.90402334641923887,0.40448466208425082,0.13832551199092263,0.18883049318055234,0.087546097351345498,0.97809954794169029,6.7358745622753409,-18.449828159044351,2.935876951523015,,0.4167872710166704,0.3076923076923077,False,3
-0.93951520667207888,0.15286587996192677,-0.30650154840618071,-0.074192643302142453,-0.96446039450184695,-0.25359731685722303,-0.33437498128861493,-0.21551837550614447,0.91746673057252093,-19.614346734282382,-2.1265746562324352,-6.8991303113452735,,0.1176881452006602,0.2857142857142857,False,1
0.67429360887529544,-0.64513046445626399,-0.35935332593476255,0.70968299140289004,0.70064264300310597,0.0738236988985813,0.20415234689656742,-0.3048057916708074,0.93027697414294674,-5.0773858418439559,4.2431584396190054,-2.679345933205235,0.105118840081675,0.08714011715356074,0.5501432664756447,True,5
0.80499672675809109,0.51169102408109879,-0.30025416863650062,-0.50065279716858324,0.85743535751133182,0.11895959136063229,0.31831909555669646,0.054561007727602376,0.94641219869553461,11.519669045496283,13.376924929926751,2.2132514010341993,,0.1969486432784618,0.2727272727272727,False,5
0.87710330122643843,0.36510481111306281,-0.31207094686910303,-0.34553525385837058,0.93095636410872051,0.11800693397637108,0.33360933338070031,0.0043272424899520878,0.94270148385038544,6.2758660461867777,-10.335939142034462,1.8412889611314669,0.2866720733870676,0.2254540458917472,0.6880733944954128,True,5
0.54321190407770781,-0.75358374585371857,-0.37017882874814767,0.82563691805083173,0.55951980468906504,0.07253459665729349,0.15246149290819844,-0.34503496365700398,0.92612437989419905,-4.2565274694663833,-6.6465328409198507,-1.8161495349830035,,0.09715657219252997,0.3235294117647059,False,5
-0.93055873758777619,0.16997328955752405,-0.32429849943537942,-0.17102356628935317,-0.98493722088432445,-0.025487461433725961,-0.32374585043319998,0.031745105979639206,0.94561137502338999,-17.620177202537207,9.5523118617922567,-6.7958842623558526,,0.1409811891304609,0.5569620253164557,False,5
0.94232786223590992,0.0093701865220416937,-0.33456000905434197,0.042879717100175255,0.98799030330863369,0.14844692798950834,0.33193302022442439,-0.15423151484912381,0.93060899947939235,9.4437200141928574,18.485996163049922,1.572431428104448,0.3617476027106598,0.3695953360774167,0.525,True,5
-0.57490741276573465,0.79421420449376579,-0.19673653480567324,-0.80174614621690765,-0.59481068407627058,-0.058338384748434308,-0.16335416668498648,0.12419358875986267,0.97871924919130926,2.7598584746300872,-4.5651375772198071,0.0026005155793245817,0.3322684148864385,0.2227093241084313,0.2222222222222222,True,5
-0.90774171997395525,0.28291894718881427,-0.30977707975300295,-0.27954559174134169,-0.95848455298617918,-0.056228318709236863,-0.31282460254383537,0.035556026331091541,0.94914516120287662,9.0184171009889624,5.9356196404602466,1.6861701599808223,0.4162805191159033,0.3153554569818431,0.8214285714285714,True,5
0.69591799012801747,-0.60933678149482351,-0.380008996911533,0.68753470031190578,0.71813913715434585,0.10757423276151645,0.20735039639025934,-0.336132215660357,0.91870612641478611,6.4352806410886343,21.272379694275937,0.60785580818537854,0.1636741758908076,0.199757182799521,0.391304347826087,True,5
-0.79716691329694611,-0.46419423999001974,-0.38606815448144172,0.51450847390780485,-0.85688469732494088,-0.032088093857462863,-0.31592078535873541,-0.22421490372058561,0.92191199923196998,-5.7730079407333088,-13.047061314358436,-1.838840534966482,,0.07756799170096466,0.2758620689655172,False,5
-0.16957848998427641,-0.89520670159144655,-0.41212631214278922,0.97883283585826431,-0.20161522294674894,0.035179274037442206,-0.11458366018033009,-0.39743711867652198,0.91044731946323143,-23.924741027679406,6.3015743874512902,-8.6781930439884487,,0.07653486709480468,0.2380952380952381,False,1
-0.79937202952520714,0.52371582870244349,-0.29449293570349971,-0.51311785824524991,-0.850045278995195,-0.11888266151037352,-0.31259306128345254,0.056078110029630313,0.94823036421164342,-14.041010017582852,18.079341896172881,-5.9243972955987543,,0.2727791062271926,0.1538461538461539,False,2
0.40170109828535283,-0.77150348739598973,-0.49337470199855982,0.91077514188119635,0.39276981545034512,0.12735977780441088,0.09552417792176196,-0.5005139768347413,0.86044226443465921,-8.4917660490085911,21.303101167091533,-4.1818808597162462,,0.181669652602381,0.5555555555555556,False,2
0.7145021669392877,-0.58726047412947602,-0.38027856758471734,0.66252984965979567,0.7425908729577122,0.098045875536256516,0.22481292611598197,-0.32199989274086027,0.91966038151376517,22.528316663152808,-11.385743256342334,8.2453715546614621,0.2016511618570868,0.14686514348806,0.5217391304347826,True,5
-0.84631820820068526,0.44607761918127586,-0.29113613333550092,-0.45235219558002177,-0.8904696840672961,-0.049408834341890383,-0.28128807586159016,0.08988047297747867,0.95540489791262295,-4.4629133792708409,21.10588321940017,-2.8886641614178568,,0.09979962832279597,0.1481481481481481,False,5
-0.67213428789647867,-0.64100384137009381,-0.37060703498810899,0.68221155551627288,-0.73067386756673991,0.026515896649559372,-0.28778966721194355,-0.23501015851202336,0.92841118737453454,13.688953244965582,-8.0081350028049361,4.5315131938508557,0.3752116779061817,0.3824147631137558,0.9166666666666666,True,5
-0.90631530850770192,-0.24001644553873047,-0.34782850290846401,0.25074540040302901,-0.96794341386852989,0.014570234221213816,-0.34017540437444099,-0.074011170910140034,0.93744495349817536,-23.750940865266326,0.029392004182076287,-8.256928365304077,,0.08194739338863416,0.4615384615384616,False,1
0.8631442363546844,0.4408855580166241,-0.24617463715837645,-0.38070832760174067,0.88845731515592208,0.25632941392008801,0.33172759388144668,-0.12752852182276739,0.93471561428026095,11.810373222470782,-2.2725962632646772,3.2116177231031751,,0.3995509444169969,0.5151515151515151,False,1
-0.87746889925334692,0.36194299241366878,-0.31471511099049854,-0.35280123720134193,-0.93157769057077144,-0.087717121818001412,-0.32493017384097372,0.03406283419609199,0.94512438623400652,1.8198333166867324,14.332755825250207,-0.7192261341738051,,0.1846405281360483,0.3571428571428572,False,5
-0.49152959408735952,-0.79171114797043929,-0.36275627674189825,0.84592095201519701,-0.53303319644851965,0.017127592521323773,-0.20692124366052506,-0.29844441637129482,0.93172663869762717,-2.5950886760131167,6.6889728195957208,-1.8902493477132678,0.1541867188869839,0.08369298751296196,0.3265306122448979,True,5
0.91776298665461731,0.23822836226011132,-0.31773943372150465,-0.16069522384436402,0.95443818931466207,0.25144539727614845,0.36316407498595871,-0.17970806935865621,0.91423020320211368,-8.0787402990786106,-14.963224358170516,-2.4188163382015211,,0.1699948544281085,0.25,False,4
0.5337765670314335,0.83581386083651443,-0.12844363168992273,-0.82877173808992288,0.54724230644802674,0.11688996610852373,0.1679880431207687,0.044057327052410694,0.98480402583531901,22.205193668621689,-1.9557616344311868,7.2149451576332835,,0.4231432829738412,0.1363636363636364,False,5
0.73779614583823261,0.60513530097742307,-0.29911221087948642,-0.60596594108497936,0.78898668768491553,0.10151494915027082,0.29742583181567467,0.10635447412756276,0.94880271943212979,2.563272268041171,4.6058839190841221,-0.32745716882780673,0.2743351151304369,0.2380473322364053,0.7190721649484536,True,4
0.75224724608751758,0.59445238855835925,-0.28416621630835825,-0.59196065031167955,0.79913874592064127,0.1046893177499969,0.28932104872670561,0.089462967230288834,0.95304234337097171,8.3374863511062607,0.40035489369449978,1.6904017136857175,0.367149821014582,0.4504791692448707,0.9550561797752809,True,5
0.01853405584767015,-0.88435629707813057,-0.46644445391931949,0.99867983568198193,-0.0059789081413081386,0.051018020930324037,-0.047906936617202169,-0.46677424144407809,0.88307798803291471,-15.117905170972129,15.233286880556221,-6.2783313666700549,,0.4850319074117818,0.6,False,1
0.28995602916054281,0.91227545973903967,-0.28927320427473735,-0.94387422570100421,0.32255477739780564,0.071132704399467506,0.15819907462049332,0.25241216518974585,0.95459999562824427,6.8747675670336426,-5.9323782283179467,1.5816880144919254,0.3520892629018936,0.2897975567885603,0.7794117647058824,True,2
0.65069389950347367,-0.66012642046276993,-0.37527397745643537,0.73411134030021008,0.67321510053692935,0.088667741888927398,0.19410818939857294,-0.33318844130020819,0.92266325026650176,-6.4603335098869152,-21.948028178053331,-1.342404766576766,0.2838839482899362,0.276956407581165,0.631578947368421,True,5
0.93484717509493465,0.1991092681862574,-0.293966424170096,-0.09549270607230341,0.9384500062553579,0.33195290154825752,0.34196769190087006,-0.28225358293855457,0.89632082013882697,-12.801714095886934,19.052389194889109,-5.5670267492969687,,0.4963489583309491,0.2711864406779661,False,1
0.735980262280018,-0.51563198436424584,-0.43869888332981338,0.62623169478225227,0.76472334322153857,0.15176321287525707,0.25722931011916839,-0.38642187442310061,0.88572637816819788,-4.3686475072555995,-28.429961181157097,-0.053839154895234255,,0.3403774072689689,0.4782608695652174,False,5
-0.6163402719674298,0.75071871335377349,-0.23779420214035729,-0.77105262194832402,-0.63666809077378805,-0.011471546411638799,-0.16000788523610107,0.17628146700919578,0.97124781649760017,-18.142153017630356,-16.488842929098883,-5.6441632962698609,0.5460323965146859,0.6114204919304981,0.4269662921348314,True,4
-0.31145761793582571,-0.87726819771778841,-0.36523233907024633,0.93767722347720805,-0.34606645638046085,0.031613799840319479,-0.15412844254651517,-0.33262368683130905,0.93037944203262157,1.5766810010437573,-7.1561091718953369,-0.030836593057992454,0.1522213590227627,0.150543003154807,0.6405228758169934,True,5
-0.4180129137300127,-0.81916702602652125,-0.39272202309752102,0.88787791533866423,-0.45986134361768083,0.014154578764814175,-0.19219264140131079,-0.34277241446330875,0.91954829154002626,5.530749293439424,17.043662902943957,0.39100553622927037,0.1628502579746461,0.123684229459074,0.35,True,5
0.82058196212753975,-0.45517728844039107,-0.34562823889110944,0.50617278682693478,0.85961344359163638,0.069669487384244888,0.26539471228110662,-0.23211713354378188,0.93578164280383647,-5.0468755848672595,5.7973238907842894,-2.5822997164883721,0.3315741563587629,0.2739181945114696,0.9381688466111772,True,5
-0.86643737803483933,-0.2873061929511177,-0.40833983572025823,0.37066048178383015,-0.91807464099986757,-0.140533842175979,-0.3345102049084473,-0.27311921397971817,0.90194723668694121,-5.4283665498089615,-3.015723469898465,-2.5194105408951613,,0.3147075070567619,0.3129973474801061,False,4
-0.83219943037387334,-0.3328142518017515,-0.4434848158427086,0.45100301952351401,-0.87157516463756823,-0.19223165391700989,-0.32255291731136737,-0.35998806394745414,0.87542458804244827,6.2932492626158627,0.55960285567775891,1.0204879215658134,,0.1091765620785677,0.3823529411764706,False,5
0.61763359163677167,-0.67315879057777483,-0.40667676249046991,0.77236912270523028,0.61664008248517987,0.15231857064791701,0.14823860756704199,-0.40818164013161962,0.90078469341238632,-10.010619715903545,-9.3711175334574257,-3.468159730188018,0.5592125487005335,0.2484553351321939,0.2068965517241379,True,3
0.12413659370269575,0.96343968840895489,-0.2374322490782324,-0.98737863624027256,0.14365477681940386,0.066683834572308004,0.09835412955332129,0.22615762621548541,0.96911258030446867,-1.3248579005825625,-2.2401370138172982,-1.3249223929781664,,0.0749349198648012,0.2413793103448276,False,4
0.92907912653655478,0.0041188566200495297,-0.36985809664547653,0.12087241961317047,0.94165841388330063,0.31411668172773483,0.34957379022307844,-0.33654489534522564,0.87437732050079009,-13.90625019263133,6.5834642704054884,-5.443805708371908,,0.4774250796834291,0.1862745098039216,False,2
0.92222993201666992,-0.16242322017925936,-0.35087127274703844,0.20593597193980281,0.97439764704974974,0.090219736671744016,0.32723436242811604,-0.15546035819626147,0.93206745950910297,2.3251255526415973,-3.2953113734797732,-0.27493666539959632,0.4340621410068971,0.301196285996535,0.762962962962963,True,5
-0.88673070761752004,-0.27571397320497626,-0.37106664785137522,0.30939564844856626,-0.95035314279801164,-0.033215007075600135,-0.34348651340223257,-0.14425917285727993,0.92801201832589975,-4.9144565059951111,-11.173226252808345,-1.7558180132671823,0.9990252368025396,0.8165499591340744,0.8609625668449198,True,5
-0.36840124108109179,0.91698940204636714,-0.15300641197203596,-0.92603534331969017,-0.37649103228884184,-0.026702912366722287,-0.082091829634220917,0.13185195918425813,0.98786435929563621,7.9708848617857377,-4.4473476665561309,1.8252157365052293,,0.5442707042988439,0.8888888888888888,False,1
0.88962348637846123,0.35911766718576732,-0.28214278937956833,-0.30895173198348291,0.92821214907949112,0.20729455758808035,0.33633150281862861,-0.097245603583320142,0.93670935342585215,10.297132895377441,9.4665499403304789,1.9943040187685905,,0.1538234186300106,0.5714285714285714,False,5
0.054683718454089765,-0.89826536328667772,-0.43603787456537269,0.99834230225107734,0.04133413395491841,0.040051677945082714,-0.017953787122877707,-0.43750523024262311,0.89903661495975606,-8.2282970722132074,-12.945336354246054,-2.640177209907137,0.2072364707035497,0.1522177196960117,0.4074074074074074,True,4
-0.1455011325742899,0.9632946667382688,-0.2255943382560977,-0.98935668974611013,-0.1412849327981936,0.034812472173478562,0.0016615878605205497,0.22825852185146911,0.97359914047207552,-21.685284065590285,0.44081608668340194,-7.6615645796241791,,0.08456748498642194,0.2380952380952381,False,1
0.79282363074725459,-0.45263164296381581,-0.40811185515323711,0.56689603292070845,0.79354127362081606,0.2211812264162947,0.22373997941249446,-0.40671469465477839,0.88573335647042573,-10.242812773463562,-2.3361437691691465,-4.0026017842961199,,0.5155696276952175,0.4107997265892003,False,3
-0.68311453855535098,0.66019832282829716,-0.3122382131466519,-0.70082762628892414,-0.71285660273427509,0.026001964702319014,-0.20541461838083103,0.23658748587542036,0.94964793270064352,2.5649333110867318,1.2992259001294459,-0.34555151028696396,0.5438169104704607,0.5086656240346764,0.982690794649882,True,5
-0.67170189760073096,-0.58435066176773187,-0.45535795244092325,0.68165477816752706,-0.72822046961023601,-0.071005007161652839,-0.29010915904355034,-0.35809112210757266,0.88747249202822209,7.465936528590877,-17.240245538988439,3.2154724388244693,,0.1609508829420023,0.3043478260869565,False,5
-0.91643263055472024,0.24048527383126647,-0.31987195363904064,-0.25170460214373885,-0.96778253280278104,-0.0064623882192878096,-0.31112059866588382,0.074590899392187437,0.94743874251248927,0.5444284586802477,-20.778999175175979,0.91608787337799469,0.3689135268460674,0.3036084638666921,0.9444444444444444,True,5
-0.46773721878913077,-0.79277464096925254,-0.39080719388911134,0.85733235248366524,-0.51446491461606703,0.017523955429849202,-0.21494913710976621,-0.32685504472954929,0.92030573625866929,9.6098219320763079,-11.820749076410374,3.3376556903429684,,0.07665928317164386,0.3571428571428572,False,3
0.36914905979594881,-0.86228019871680583,-0.3467013564332756,0.92573991446208148,0.37410355219304853,0.055246203564423862,0.082064501603956064,-0.34134936815153072,0.93634717196083084,-2.2902281742273756,9.0751173200506443,-1.9379766571497532,,0.07634231696726843,0.3012048192771085,False,5
-0.82088756753675618,0.47156672300683222,-0.32213107148517206,-0.50422693463332624,-0.86331284283406184,0.02112187936831262,-0.26813951565158561,0.17976585090157615,0.94645942279411266,-21.141593804045058,2.6113680289031094,-7.6301351863241305,,0.08839547720724635,0.1515151515151515,False,1
-0.27673137382252105,0.95210305931562034,-0.13007502136896629,-0.95978614609195034,-0.28050548186657775,-0.011279557294560247,-0.047226057555783851,0.12172279607631478,0.99143999334458088,-9.1438154753713352,-10.293688502811202,-3.1129936410301062,,0.2191356444315348,0.1521739130434783,False,1
-0.9188838214004188,0.25149532176445316,-0.30397800232773581,-0.23264988241213305,-0.96767745052421106,-0.097336447236312559,-0.3186323194250506,-0.018720440100620184,0.94769351065640162,-1.0901519738672762,17.684101148046903,-1.7344421651806867,,0.3490753406795546,0.5,False,5
0.64046021961286081,0.74000360496601725,-0.20543946001375585,-0.7189648706318188,0.67176978824396871,0.17836722344653161,0.27000041090860866,0.033466643691158787,0.96227842221948989,-15.124404113075867,12.553193127168852,-6.0588405121547408,,0.162766926258898,0.5,False,1
-0.10307390822757165,-0.86644238384305949,-0.48852161152097595,0.99031162882080004,-0.13533806128636591,0.031088373864566622,-0.093051852560759332,-0.48058423262483868,0.87199779133172495,1.6504312374909813,10.160522269867005,-0.75414987118932708,,0.0869365039679879,0.2962962962962963,False,5
-0.64979003850678851,-0.64871117490427332,-0.39616501285659245,0.71713823855457326,-0.69596828102126851,-0.036618282525881056,-0.25196359391823042,-0.30789927470947115,0.91744884542583149,15.239791439056956,-21.130186101375223,6.5313820714644422,,0.3530747410306399,0.3055555555555556,False,4
0.32084737895654897,0.90309037931674396,-0.28545529632895567,-0.93752114486019333,0.34564860670079522,0.039763596741636417,0.13457734711586855,0.25486233042828899,0.95756677582919347,17.519345737148534,-10.27410961842404,6.2301442513682064,,0.3889791823926445,0.4615384615384616,False,5
0.69227923025139837,-0.62966469197085073,-0.35252211710442466,0.68976498693341437,0.72094278985872551,0.066826316309258199,0.2120701067177525,-0.28941988431338261,0.93341437764840018,-16.267404212791028,-13.549195686335876,-5.1377126724721451,,0.1364284688189404,0.5,False,2
-0.074627726301274816,-0.91270877011582852,-0.40173797856408028,0.99416550896175959,-0.09955869893439942,0.041509110533651208,-0.077882239682146304,-0.39629631138851273,0.91481341831105178,-10.911131379050726,-13.093394111161054,-3.5811007078683739,0.108613062624058,0.1053245337373581,0.2857142857142857,True,5
0.93058173378268916,0.19664742965444804,-0.30878378383636362,-0.16133663119010092,0.97744723554726887,0.13626222204716351,0.32861547161725752,-0.07698499939143999,0.94132097696931571,3.5375592711500579,-8.4307201801585325,0.74160416479729341,,0.2440895082086834,0.2666666666666667,False,5
0.71696834502449769,0.64569010870995691,-0.26275592428517386,-0.63582375499388977,0.76024275440870159,0.13326329935334691,0.28580508186227499,0.071520891236016154,0.95561509892765062,-11.957812808683524,-25.143327798886205,-2.9928076066650884,0.4951010792112234,0.3621807330421619,0.4,True,4
0.76404368774144016,-0.4999938321673944,-0.40772958074810289,0.59783622453103435,0.7862758775436578,0.15608360910559907,0.24254709204799613,-0.36301020948110269,0.89966354597235221,-12.274704951546308,-12.061315227910018,-4.0121545861958445,,0.1190125799097274,0.2903225806451613,False,1
0.16223967178587115,0.98583166184281812,-0.042593701494954783,-0.9803718005759896,0.16594102848107389,0.106464584261794,0.11202420066309773,0.02448488462035231,0.99340377938224245,-25.593065297929339,1.5052454624978935,-9.0147966849445424,,0.4243934580209595,0.1818181818181818,False,1
0.69895017118259761,0.67110423173437617,-0.24715939867225362,-0.65073825300626442,0.7401501061898097,0.16946252205596507,0.29666207084521617,0.042390216506009604,0.95404123876612457,8.055395247722668,6.6266351984326999,1.2490770570187777,,0.1089513969971002,0.1538461538461539,False,3
-0.87204827919378836,-0.26942829799341556,-0.4085831506505429,0.35831402644385368,-0.92013388931201068,-0.15800216515335055,-0.33338094907889726,-0.28418659007758368,0.89894111309436153,-20.149613665678295,13.805529550202566,-7.803755297762355,,0.1396458710932179,0.2564102564102564,False,3
-0.60171456110149679,-0.70168529149933856,-0.38154598497680592,0.75722372634630986,-0.65311863071875942,0.0069485585743823755,-0.25407049261305753,-0.28473462364373769,0.92432374138167472,3.1548690463699081,-13.951956128414565,1.2465613091587597,0.6043443766090627,0.6325361150080809,0.8014981273408239,True,5
-0.88388459537040276,-0.21704471590085023,-0.41429411456888787,0.32517992081087305,-0.92185505584140892,-0.21081099383349955,-0.33616371185530125,-0.32105271735207697,0.88539206655160074,-8.6472584700064967,18.304503550662627,-4.157281320725783,,0.1153026165917912,0.2222222222222222,False,1
0.94023093180972428,0.040372579991737073,-0.33813584496918742,-0.0033021447097365216,0.99398165263713534,0.10949689521198067,0.34052149815911986,-0.10183579432379515,0.93470561156222243,-9.276888446423742,-17.185667164253989,-2.7437143212941666,0.2143457824660287,0.175487695563588,0.7692307692307693,True,5
0.90432633800317264,0.30946032734597723,-0.29398670070717925,-0.25826666985119634,0.94506798127557168,0.20036176783929949,0.33984143602236772,-0.10526545761377198,0.93457315486569503,18.876251842069355,25.237426790030213,4.4417113214153865,,0.3772045851449906,0.5,False,2
0.72081445911019626,-0.55923957888567677,-0.40948456496606472,0.65972269767900238,0.73474264475838558,0.15785818996996559,0.21258522456844453,-0.38393272767664005,0.89855616569803809,1.5889016595056504,28.957899546300254,-1.1777705512453789,,0.3331284409131311,0.8372093023255814,False,5
-0.44725562107370254,0.86085182785164693,-0.24268609334375785,-0.88728824313087118,-0.46121463810075769,-0.00079448305184839224,-0.11261431090100876,0.21497718038449043,0.97010454534252422,-26.976721126402104,10.050670197001589,-9.8833428647568216,,0.1603994825776925,0.3157894736842105,False,1
0.24831793189766307,0.92976797041263104,-0.27178985612572909,-0.9605769151152751,0.2725621871825174,0.054789088931141233,0.12502077765591474,0.24746994830293911,0.96079572742662178,-5.7352194252591993,-20.802650242108548,-1.1847143986578823,,0.1336132560347431,0.5,False,5
-0.86022497850941937,-0.33082871779524919,-0.38802750653841478,0.38779595327360411,-0.91856061026657232,-0.076555234251604445,-0.33110011321816951,-0.21633022153331444,0.91846281921385442,-19.071896293085977,3.213482005733078,-7.0076432544797003,,0.08448636144109437,0.3611111111111111,False,2
-0.10704834287140395,0.95802397953259844,-0.26595245238390025,-0.99380698247142296,-0.095082646028078463,0.057506278051575793,0.029804930456760977,0.27046135595464194,0.96226935992768936,9.9237193874693528,16.598158741870414,1.750517575454253,0.3779809049107653,0.3357630911240233,0.3928571428571428,True,5
-0.28321798007229981,-0.79943433856988333,-0.52980403365688045,0.94307326289153148,-0.33257706284190364,-0.002306098561325777,-0.17435709501734781,-0.50029714729027486,0.84811695409909482,9.9900510848449802,-13.73593831530377,3.6591445671236462,,0.1836540103506605,0.3125,False,5
0.85899467937871676,0.49056873626234371,-0.14652800347040276,-0.46220937233196796,0.86613928593824252,0.19017158957867225,0.22020589666842139,-0.09562976710396115,0.97075450589533618,-3.0897555623266797,2.1627620602191313,-2.0191508168223038,,0.3146102240873904,0.2995,False,2
-0.51443784082083666,-0.76420784254408547,-0.38902452535246318,0.82766484993036404,-0.5611673259898593,0.0078821590404552361,-0.22433146039141169,-0.31792704451729931,0.92119367683628373,9.1816140739337779,-17.016938239373101,3.9053262571653788,0.2003788535566058,0.1669585141968287,0.3846153846153846,True,5
0.9374278700664469,0.050792629291411082,-0.34445478256565193,0.05505552039499826,0.95523222001531172,0.29068934538206936,0.34379918280403338,-0.29146443119922083,0.89266489078992817,13.647277837789115,6.2355020635971155,3.2931255601503731,,0.3384166503251271,0.4705882352941176,False,4
-0.42882239274022016,0.8948821644780186,-0.12368212152000621,-0.90019851927927397,-0.43478018777861493,-0.024674160625967133,-0.075855002286969508,0.10075763005514493,0.99201507983181147,-11.949342775576781,4.4965116536189331,-4.8241387951473635,0.6381647332443718,0.3962282947770393,0.3130841121495327,True,3
0.78802257236250906,0.52447468167208733,-0.32240771351215913,-0.52984131090408648,0.84444099057539102,0.078661290959998964,0.31351014450351505,0.10883805272521728,0.94332691447470629,11.821031229342148,11.88703357048896,2.4460447850178575,0.2935395026336581,0.2848196346886851,0.6666666666666666,True,5
0.88681215437348038,-0.1880569647979935,-0.42213597435711619,0.32341480006456302,0.9050394929196236,0.27623610074533872,0.33010160550149448,-0.38149455336447008,0.86342042818002551,7.9869041363442514,3.8510564478516378,1.4148343659992062,,0.4534056310686694,0.125,False,5
0.94085227631973678,0.04391041690837983,-0.33595962470347807,0.0018201878400880343,0.99089710315731494,0.13460912996772878,0.33881216191305225,-0.12725881596720276,0.93220786989728288,-24.439176992491063,-2.6726652657587397,-8.418937194175065,,0.1842383452563298,0.5833333333333334,False,1
0.74631033766228871,-0.54094204227597842,-0.38781772367530509,0.61627659224585485,0.78170541919189829,0.095602298381661538,0.25144391372279851,-0.31035196874567011,0.91676475376589905,28.048416563275119,-6.5818277151373685,9.8817006280102522,0.4000045654428779,0.3435991553144142,0.9565217391304348,True,7
0.70187787329317108,-0.53775016637372408,-0.46711048965580604,0.68249109776868055,0.69542831156782881,0.22491190483480372,0.20389544489261216,-0.47665944030822516,0.85511544572478215,-9.1242183208772225,-21.694828450662143,-2.2987443958295377,,0.5074481255626343,0.5,False,3
-0.86920640498039048,-0.23436521286876291,-0.43537704640695618,0.31814962641571376,-0.93913661674133653,-0.12962727454968093,-0.37849840257603101,-0.25118790196308416,0.89086676734221992,-12.625085331941305,13.582744685277177,-5.3515858512755115,,0.3937648150112629,0.2272727272727273,False,2
-0.75138224435830947,-0.44095820167463706,-0.490897736029551,0.572883996400113,-0.8051011014819589,-0.1536754471643749,-0.32745785916924308,-0.39669645923351204,0.85755656938763503,9.4558088526743429,-0.92664435459958439,2.2291073067003984,,0.4072724264932901,0.3484848484848485,False,3
-0.91577365040958481,-0.1089048747926271,-0.38665016418192,0.2116016645213252,-0.94895775047832764,-0.23388869869858372,-0.341443050576971,-0.29600492572508758,0.89207495602061249,-15.159965970024988,-10.89339485718231,-5.0120822171542336,,0.3674336784737315,0.3548387096774194,False,1
0.81358395947082585,-0.3696821593949367,-0.44879420887180627,0.51993371779919528,0.80807552150703588,0.27691673953850998,0.26028843613822078,-0.45863825894295912,0.84964750187739069,32.150616945750116,8.637963358792474,10.13699859104786,,0.3453969252521725,0.2,False,3
-0.93835366519843533,-0.08402726019667961,-0.33530854231961071,0.076043426435968703,-0.99642170363147464,0.036894251964598224,-0.3372088318898841,0.0091218460845021027,0.94138567846524535,5.887170635696541,-5.3067977528293806,1.1812104103509411,0.2743237297265246,0.2456941771811486,0.7654320987654321,True,5
-0.47107158519046843,-0.78288910703340997,-0.40641875905839986,0.85513237887510574,-0.51835756485621509,0.0073518402960170426,-0.21642591394179789,-0.34407859719076583,0.91365734426517509,-24.956681644144222,0.43643011719801844,-8.7215367543583131,,0.1007604087532369,0.28,False,1
-0.59196180376329177,-0.6819284636759283,-0.42959840934749582,0.76455536488869458,-0.64378319489423985,-0.031595759077460137,-0.25502218904484719,-0.347155251149041,0.90246712665582507,-13.502556732179066,-4.5748330410854212,-4.842137908580626,,0.08113376236395023,0.1891891891891892,False,1
0.63797384426541437,0.73058250804259139,-0.24338975528030318,-0.72112111068850671,0.67768097222699875,0.14398903986361189,0.27013647986264933,0.083652249364061543,0.95918120468645007,-8.5877182572561317,-6.146077599939531,-3.2477543449982629,,0.07432960740447242,0.265625,False,4
