axis_00,axis_01,axis_02,axis_10,axis_11,axis_12,axis_20,axis_21,axis_22,location_x,location_y,location_z,dbh,dbh_approximation,score,reconstructed,number_clusters
0.064730657263534705,-0.92819089666264465,-0.36643089575365789,0.99790274703945891,0.060290513429704651,0.023561864134367182,0.00022239904357294546,-0.36718757242447608,0.93014689011773144,26.052346490712331,-3.9108905456800667,7.123323745892665,0.5102782683351718,0.4161980639322337,0.4375,True,5
-0.83296484560595085,0.49788869472032821,-0.24140508208060446,-0.49715601313924845,-0.86495281186035777,-0.068502057300125208,-0.24291040443781556,0.06295618257605759,0.96800364384195792,9.7536012404615082,-8.9433584600237683,2.4690821182252076,0.4011288712634644,0.3573220418206408,0.48,True,5
-0.72914987560398492,-0.58155632439945282,-0.36073910303388634,0.62067511125116737,-0.7840118110820673,0.0093747723796089259,-0.28827567566488432,-0.21706616879379606,0.93261965086799403,-2.2838863990649569,6.4142506071189649,-1.8821794488483683,0.4031771446790633,0.3434380306887163,0.641399416909621,True,5
-0.21111322340454963,-0.92184780032449765,-0.32500436911005626,0.97329729723550862,-0.2289128371584892,0.017067049484465576,-0.090130894247171731,-0.31272279421387889,0.94555849944954184,-9.1760735947098944,-13.047397322047583,-2.8420511654195,,0.1030065475620319,0.5555555555555556,True,5
0.17755412768831322,0.97674465513076747,-0.12018490094150799,-0.97929666373659296,0.18742823098476871,0.076476811023331481,0.097224359783031275,0.10411789905390001,0.98980143814877408,-7.895824766786661,13.072075086173482,-3.5700964666118198,,0.6992756142907757,0.4065934065934066,False,2
0.8178733244404216,-0.48451859047663803,-0.31036262766529138,0.52320300828877786,0.85069879714273278,0.050696830842573537,0.23946155701144492,-0.20384624603469964,0.94926543742581027,-2.8908428407734328,5.4518293283673795,-1.9668209457962968,,0.07093506842716639,0.2763157894736842,False,5
-0.9328385903351859,-0.14723336185528144,-0.32883810840329092,0.20286121807162019,-0.9689073345891257,-0.14165416754156734,-0.2977574358164064,-0.19884897318363901,0.93370209129028459,-23.032005135950399,1.6853261330616685,-7.8408720201783728,,0.6030643392825101,0.2096774193548387,False,1
-0.82089359257283923,0.54459642901797123,-0.17189659442156158,-0.53023780425297073,-0.83862276547024772,-0.12473863946677358,-0.21208861500289272,-0.011251077099875634,0.97718566948673946,-5.0471528018082354,-10.41355055175192,-1.7856518470257117,0.7392784458326956,0.5016862276046924,0.5,True,5
0.16151986289548345,0.98367835296533024,-0.079298371973445414,-0.98508165107922641,0.16554043795414153,0.047015998436446008,0.059375707130518332,0.070521353570147272,0.99574156491199306,-12.714621415331807,14.691109478044803,-5.0450663919457694,,0.181373371382686,0.2777777777777778,False,3
-0.090085238555304398,0.98644952276177678,-0.1371203443603298,-0.99570630482372502,-0.092151210238685638,-0.0087811722354024097,-0.021297988842051432,0.13574053740355929,0.99051547296176845,-8.3727600291205366,-13.621967120445353,-2.5509779428018815,,0.1878856634987503,0.2727272727272727,False,5
0.69015715201593775,0.69074649232663476,-0.21576002609310871,-0.67889758762946817,0.72125245400454863,0.13745167552017751,0.25056171102572161,0.051615704304658228,0.96672366684435518,11.012527159779767,-4.7413001916373947,2.5408620282652796,,0.295932599777846,0.125,False,2
-0.36408904970412087,-0.83125792206559335,-0.42005884217421419,0.92772356488225072,-0.36352408877435921,-0.084730301798943308,-0.082268773223613381,-0.42054786158529345,0.90353270282171749,-27.61649934033473,2.6775105246288908,-9.0946048957905568,,0.1910736756964644,0.2631578947368421,False,2
0.18693922619580891,-0.89597752500112104,-0.4028374366939822,0.98196798348815184,0.1821808238911701,0.050487887760810105,0.028153243392651739,-0.40501163205419233,0.91387798572198586,-9.7089469917731872,14.741342654955984,-4.1859735707038128,,0.09002769105134498,0.25,False,4
-0.0070746539288765523,-0.90565792640771248,-0.42395007914454974,0.99749219349884921,-0.036248420523570649,0.060789603703280057,-0.070422107186891861,-0.42245682897123316,0.90364315660272054,-4.7376500193554216,3.8341621178140413,-2.5426261528087224,0.2895657509080628,0.1604866269876055,0.2060301507537688,True,2
0.55130645156047586,0.80420780408530534,-0.22206081220262056,-0.80128606042766315,0.58452519461230368,0.12755761924622064,0.23238297233685554,0.10761089494906881,0.96665301399010217,-5.8388904474378469,9.6417113036294317,-2.9053937717308682,,0.07859152217187429,0.2745098039215687,False,5
-0.35669901238350737,0.89419241319805243,-0.2705286357184275,-0.9312923824122542,-0.36325112221081901,0.027260239791463345,-0.073893930911394498,0.26166495827990377,0.96232589936197699,-1.8215671400868483,11.646349871175138,-1.7395682254713283,0.1603559840284923,0.1341921246970988,0.5606060606060606,True,5
0.17280543248227856,0.96053780789690846,-0.21795734010401002,-0.98147607729276931,0.18651092315151618,0.043799374963206933,0.082722380324861372,0.20635114524947928,0.97497498052391984,7.9945075862866366,-11.659673050548724,2.1515977756114437,0.2502288204038493,0.2767254409292929,0.3888888888888889,True,8
0.55406930416922662,-0.69623646722020971,-0.45635730287807491,0.81982389163331382,0.55154753735343143,0.15389639614550391,0.14455446338538866,-0.45940188914727731,0.87638685029116858,-7.8654938537338976,7.1478025134803778,-3.5259872341689844,,0.2248944843084865,0.1808510638297872,False,5
-0.51789634928804296,-0.7593405935746862,-0.39393557131053847,0.85156429255633037,-0.50143501448846961,-0.15297444848073449,-0.081373380396502243,-0.41468637449835677,0.90631869878550697,8.1231530285540661,6.2227140662345466,1.3341708553452118,,0.2202503997638539,0.2352941176470588,False,2
0.19035763269604958,-0.91284868942437869,-0.36120803132066709,0.98146509903931689,0.18525750994319534,0.049050121074189837,0.022141161715269218,-0.36385014116507225,0.93119431040575917,-5.7270117685923054,21.621620322061272,-3.0263369057216489,,0.1194156500124089,0.2592592592592592,False,5
-0.46688410326952429,-0.74627642636835123,-0.47443727674066194,0.86777055547873772,-0.48993335464484356,-0.083304087838316054,-0.17027476958826265,-0.45059605352614163,0.87633880399553876,-1.3650394201170775,-8.841191984072255,-0.84753865849334231,,0.0795097162502876,0.2272727272727273,False,5
-0.87208187934599402,0.41924816336152321,-0.25239685662533295,-0.41967637116641998,-0.90601305871317817,-0.054882428205911216,-0.25168420530685826,0.058063025749448188,0.96606611877235116,-9.8883883381896851,-15.180892707247866,-2.9539712749831235,0.487873287641134,0.5514017107699033,0.8976377952755905,True,5
-0.075953340161868527,-0.85532554295895458,-0.512493225009097,0.99682558017097578,-0.077439375464718713,-0.018490696158660454,-0.023871590543008719,-0.51227078648855617,0.85849215982170923,-14.467388365464158,-10.765258341315272,-4.5120250613651729,,0.3002541373321648,0.4594594594594595,False,2
-0.70404909504935531,-0.61778604670617143,-0.35022174726213479,0.66611885917079428,-0.74545539142749639,-0.024123118552054026,-0.24617176364721877,-0.25027317052939757,0.93635613037774235,-3.6192043951247443,-7.0249323207599206,-1.5857558379267767,0.4811588322531462,0.4683429646514565,0.8477157360406091,True,5
0.76023526424255383,-0.55900249898277965,-0.3309962977633763,0.61124453923082789,0.7880696329024186,0.072981963234350092,0.22005103104177254,-0.25780314161789136,0.94080555053071313,-2.4593649175954675,-5.2736845144010731,-1.3700790787128896,,0.1661023726850679,0.368,True,6
-0.74123326226364628,-0.58764000623913004,-0.32442637682726572,0.6375433474572284,-0.76755257635647411,-0.066343972157010753,-0.2100279291594897,-0.25601223719934485,0.94358147680905768,-11.548908174431958,6.8227617596030914,-4.5883582947683568,0.6357530272151959,0.2588777254762101,0.422680412371134,True,4
0.61619443282130926,0.74196096193958549,-0.26419377721231357,-0.75753502013555185,0.65012571260174123,0.058968220952535656,0.21551128561691035,0.16380014887588817,0.96266525698187688,-7.9391934482654767,10.19185190999587,-3.5497521805091541,,0.07896400524568191,0.3170731707317073,False,5
0.60056445049238982,0.7747570695284276,-0.19767099944225031,-0.77320288160212569,0.62569929408169567,0.10323612385128593,0.20366552159593534,0.090839840386208265,0.97481715142464775,-11.468762979347224,-4.1930623600700949,-4.091982014073726,,0.1267426918854681,0.2333333333333333,False,2
0.27957260086467556,-0.90697547504757747,-0.31501531471974925,0.95839099007675055,0.28332700824947255,0.034821208136858239,0.057670364880654995,-0.31164289508767118,0.94844759209769092,11.11765816884671,0.62810589819592577,2.3778277239478727,,0.07191782802725323,0.2413793103448276,False,3
-0.92800850831912651,-0.17467657643340179,-0.32907187988768455,0.22501272555048349,-0.96676597915247597,-0.12137880743233989,-0.2969334636373131,-0.18668592662238959,0.93647150676007629,3.4125764795999629,33.709447500462055,-0.49226174304327375,,0.3236063032681652,0.4666666666666667,False,1
0.83213195950018037,0.47590349327310161,-0.28473192140827691,-0.47623569552005812,0.8762952202419606,0.07284400657309209,0.28417593897252591,0.0749836787011222,0.95583548983992528,-6.7505950097417697,15.288345860847906,-3.2963044837116753,0.1810999553766189,0.1664515381057099,0.65,True,5
0.85986857429937102,0.47331914735617114,-0.19129824797523159,-0.42702643070054408,0.87219628868179133,0.23858344765063258,0.27977573593061922,-0.12346100095064746,0.95209396533574564,1.903676934796122,-7.3416543927189037,0.068768518051096864,0.4859072260932622,0.2117309100957037,0.2380952380952381,True,5
-0.52975982638839014,-0.79026605170468101,-0.30795144725758172,0.82693086346042233,-0.56196307019924086,0.019566675467381684,-0.18852022013976455,-0.24428891758600038,0.95120084700504615,-3.4036984195043698,10.168724597462726,-2.2370010074417843,0.5184084762058098,0.4834564228488677,0.9221453287197232,True,5
-0.84362844598093101,0.46812957402479999,-0.26295578916456525,-0.47747743382671143,-0.87808453292202304,-0.031350490097792408,-0.24557350288265747,0.099107290178233193,0.96429839765265046,-12.396247908206966,19.673146290891601,-4.9981650391883203,,0.1508603567426458,0.5555555555555556,False,3
-0.94994706753014269,-0.066213583957036859,-0.30531349493667342,0.1065308156414607,-0.98736282016747423,-0.11732794496494177,-0.29368648966141908,-0.14398063290073318,0.94499620271187157,-14.985745122498431,7.8758312981877694,-5.6307140861259439,,0.1880652671007919,0.4,False,2
0.87732713133077189,0.4284708605262133,-0.2161245620258001,-0.38709253472983057,0.89803569064772404,0.20902456286116239,0.28364850464501412,-0.099722715580710747,0.9537289477675801,5.4828822979443199,-6.7077980503005854,1.013278863655479,,0.3228750724895466,0.4285714285714285,False,3
-0.94270224580273443,0.1650894970448013,-0.2899274628661036,-0.15214781033339703,-0.98609840760962453,-0.066790525679292181,-0.29692342374631542,-0.018851749925618985,0.95471518892050122,1.0577993185879171,-19.922012082001427,0.51895958290679001,0.5583370258604426,0.280862170229596,0.7096774193548387,True,9
-0.94024027458524684,-0.11428926104830814,-0.32075877362418476,0.16342307891600649,-0.97787110411573674,-0.1306177668354595,-0.29873252806728628,-0.17523147133007091,0.93811129837030871,-9.8399261768771247,-0.53048263106571492,-3.8381587562308943,,0.1975624294683217,0.2286585365853659,False,2
0.9355844770956262,0.25697762675026847,-0.24216561598935366,-0.23532414368022059,0.96509301446833828,0.11496965175900449,0.26325697259308106,-0.050576405311326691,0.96339908324998424,-10.800160487505583,-8.0709618560328966,-3.6779754891477654,,0.1735384799423264,0.2368421052631579,False,4
-0.52407215896477566,-0.78558690390027119,-0.32894009883014463,0.82907575169379555,-0.55896015275163147,0.014033730410742053,-0.19488912271178027,-0.26536157230514623,0.94424650689974687,-19.322050067509259,1.9634247744745716,-6.7429879928393737,,0.0703418995338766,0.2424242424242424,False,2
0.74584269151212257,-0.57347567844184255,-0.33888689227177343,0.6320995528113309,0.76982348098286602,0.088441864878225709,0.21016382860441993,-0.28017397160173702,0.93666093693675545,-4.209596371565544,-10.967088891839269,-1.5166680017672023,0.6571043385434089,0.4811749722760308,0.2608695652173913,True,3
0.94639690688419198,0.136358114284786,-0.29281284006807301,-0.11913087745924912,0.9899678577937312,0.075970221607419008,0.30023445617687361,-0.037014932175923609,0.95314698033419198,6.8281649994051712,-4.9699990136643963,1.3176543933768794,,0.1267628210044334,0.3478260869565217,True,5
-0.78704750680997249,-0.52846231734243121,-0.31825116052148739,0.55712814820467582,-0.83042575213346359,0.0011387148896510497,-0.26488572725278114,-0.1764104570104581,0.94800575006437937,12.404317872100505,-0.44947333225114555,2.7913556140721716,0.4483008296552932,0.4073200570566979,0.9621621621621622,True,5
-0.2114478239012208,0.97167597006228856,-0.10552548019767305,-0.97737537931688234,-0.21078477708338683,0.017525571462527128,-0.0052139881683368611,0.10684375018417352,0.99426215223851455,-7.350994991454856,11.504547972729743,-3.3936239703803697,,0.2400097373725246,0.1428571428571428,False,4
0.91828944143795732,0.28038746877518617,-0.27951273512562935,-0.26481212611442623,0.95982123200914071,0.092831785759053084,0.29431112722138719,-0.011228087027692624,0.95564370476416416,0.084118507485877042,7.9522504293884815,-1.0941681345468495,,0.09058444614404919,0.4029850746268657,False,5
0.095773247512419835,0.98918687774925851,-0.11107117515178408,-0.99355300581558481,0.10179844282507079,0.049894906285183518,0.060662259237034846,0.10557650272226443,0.99255916316217374,-22.464383286321628,2.8935794238626107,-7.7046114561032937,,0.0859431625136311,0.375,False,1
-0.82488456415085665,-0.46443445932416355,-0.32228262258136464,0.51551035116403943,-0.85196158291956825,-0.091708991227206965,-0.23197959752611691,-0.24178935919815642,0.94219073021876254,-14.591601628842513,19.841936739359312,-5.7114814831475771,,0.1956738613619999,0.32,False,2
-0.49433026503178196,-0.74823559392273209,-0.44247156412667366,0.8489837860020073,-0.52490283146905192,-0.060856787801123115,-0.1867193620900281,-0.40573453575320528,0.89471524314601036,11.066320612705397,8.3575415485102766,2.2016918897652951,,0.3313175928581303,0.2727272727272727,False,4
-0.11204774270895991,-0.92703998197991899,-0.3578298131297864,0.99198224600467833,-0.12553145421509657,0.01459717829434513,-0.058451064706645697,-0.35332524083811834,0.93367271954435138,6.2672555925116562,18.894186694439462,0.68283429416508823,,0.3811584688602493,0.4864864864864865,False,2
-0.91654461059898906,0.34494889307477705,-0.20237647577827023,-0.28801124643143883,-0.92039507488520722,-0.26442849327571005,-0.27748062763183279,-0.18407380936336165,0.94293230615750168,10.580430196831612,10.014608432654692,2.1002926743657184,,0.4113331806223182,0.2,False,1
-0.9024026146182349,-0.27253859635487104,-0.33375475221648904,0.31707059667845228,-0.94449140707382095,-0.086036147552550485,-0.29178032464877357,-0.18346306293265296,0.93872549059201826,3.3355239148031912,19.549602191463372,-0.21130173147449954,,0.5297622629866735,0.2857142857142857,False,1
0.0062206936840007512,0.99464852638049273,-0.10312910325996855,-0.99888049679729152,0.011017049216562741,0.04600410573586964,0.046894094383910123,0.10272747244858724,0.99360354785811766,-15.489504520836689,13.835625849635615,-5.8617349283461833,,0.2962703184954295,0.2391304347826087,False,5
0.51434715076314896,0.81352921310680604,-0.27132494895171949,-0.8367728475668379,0.5453600147958042,0.048925002164614741,0.18777169668700819,0.20187291468580654,0.96124352598056084,-0.30099744053816685,9.2235421327097278,-1.2396134171888582,0.5781239193769417,0.5497277181050124,0.9487666034155597,True,5
0.3318346032883846,0.90255714806248299,-0.27436543248331552,-0.93391137973800753,0.3553302063849943,0.03936977554226416,0.13302379808249079,0.2431687457542884,0.96081924951157927,-4.6051852555522785,-1.013148122673631,-2.3124857508782486,0.7483053382164853,0.7360083594637276,0.9922204213938411,True,5
0.16758966617506516,-0.92832064172152695,-0.33186516832150653,0.98567684014866597,0.1642123898510193,0.038411688506985883,0.018838009073972838,-0.33354921252065411,0.9425444563737988,-10.264249936496347,9.8274105844083266,-4.2999947447907383,0.1771751789193423,0.1234458052970403,0.5705521472392638,True,5
-0.7354611255781901,-0.52520987843343081,-0.42807886698504866,0.6238058804304496,-0.77148764844989348,-0.12519197989346698,-0.26450549390070149,-0.35911194895908882,0.89502818492556502,-20.43790568891227,1.5814889341191947,-7.0140323990322191,,0.4409563074133293,0.1388888888888889,False,4
-0.58192205555288701,0.7657035814356854,-0.27397946389769157,-0.79780417779941348,-0.6028382181464309,0.0097250515596360304,-0.15771878501593889,0.22424118292276321,0.96168637129497425,-0.48866106036437124,6.2696946350381308,-1.2831520646777663,,0.07409262792521405,0.3626373626373626,False,5
-0.49102327499768594,0.83201891040902598,-0.25814855438743872,-0.86272771998308451,-0.50553475197815201,0.011640262676472331,-0.12081814674681897,0.22842755364483902,0.96603510710144402,8.2472183650709727,1.2977452109866863,1.4863271336087711,0.6040648851924846,0.5492356718412174,0.9403508771929825,True,5
0.40363571194031639,-0.80571740055218311,-0.43347166284991129,0.90114471138292551,0.4320114322895251,0.036115530146147025,0.15816580285579473,-0.4051982142342021,0.90044321641533598,-13.901133289628927,-13.470515780099772,-4.2297079709119014,,0.1762059895461443,0.1818181818181818,False,2
0.073430610736461635,-0.91068839092260889,-0.40651519042424283,0.99724417035555002,0.06272398056365322,0.039620284629465007,-0.010583482354103238,-0.40830424550944683,0.91278454905865969,5.3134216301504056,-10.216119069494718,1.196051951980406,0.6036442459151479,0.5150083783158039,0.5256410256410257,True,6
-0.82824682044431241,-0.43519688811471691,-0.35300265296333366,0.49674890015449685,-0.86174647227860035,-0.10311909479181772,-0.25932168173753439,-0.2607617419995743,0.92992235121549949,14.736940997494139,-3.4713742548807693,3.6534276836780806,,0.2517315194600372,0.3484848484848485,False,5
0.62131554701716751,-0.66301789814256484,-0.41758143849717999,0.76525433254115227,0.62797347661345548,0.14154546688964068,0.16838288975354432,-0.40750040418707106,0.89754700324028724,12.565347695076344,5.238201074832582,2.7829428959853573,,0.2523847122557291,0.1363636363636364,False,6
-0.059821897694823239,0.97875839424731625,-0.19609524789398736,-0.99785714062796893,-0.06385154909033755,-0.014286587294975315,-0.026504102587389,0.19482039259065892,0.9804807734865878,10.892894336780655,14.531756567287951,2.2505944506811688,0.6021389226491409,0.5358131803045336,0.3148148148148148,True,5
0.78670599892165261,-0.53468492112752675,-0.3085542195134196,0.57369576975484871,0.8177990446068375,0.045583839302281944,0.22796235440545248,-0.2128773303078435,0.95011389170716198,3.9317290631442003,-6.4285533866601998,0.53971452289005006,0.142848857049856,0.1413505321339982,0.463768115942029,True,5
-0.17225935490380317,0.97530296668658945,-0.13824195390858482,-0.98477458729973855,-0.17383480557695583,0.00068744356277896171,-0.023360797434069422,0.13625558169249319,0.99039824797951115,-22.127688962066372,16.600470397973474,-7.9019514128611128,,0.3068405487279373,0.375,False,1
0.50024859366185492,0.85218039598171313,-0.15342723762026608,-0.8479512897998438,0.51801054703401284,0.11244413407689616,0.17529961399306182,0.073848804093039372,0.98174151357060901,-1.2443028304799582,-13.497099221302863,-0.52347852456605692,,0.2479018721737565,0.25,False,4
0.83577567860552804,-0.34140414743699399,-0.43002584011229827,0.4908965927186516,0.81545668451754738,0.3066772422806549,0.24596656339569234,-0.46741159997208914,0.84913299659290387,-8.0768068619761113,-7.7172762171071421,-2.8530829363244528,,0.2752888597382934,0.3833333333333334,False,1
-0.35523720854975888,0.89910431602130569,-0.25576933861124707,-0.93091702480051042,-0.36510748778855645,0.0094876391844645486,-0.084852923334088143,0.24147039419479294,0.96669127963847401,-8.1517879644634128,-16.428519543885201,-2.3664993506401171,,0.108851184363469,0.3043478260869565,False,5
-0.88185735877806315,0.40460724074319415,-0.24211687158716644,-0.39104904398083967,-0.91448548116511641,-0.10390837280929754,-0.26345444382406774,0.0030472079652597434,0.96466702574150764,-2.9904738822536872,2.8701621317248742,-1.9722707682041654,0.489736661066121,0.4666991195214089,0.4548022598870056,True,1
-0.071241132766221918,0.99743802048105112,-0.006488166229943082,-0.99744383283748261,-0.07120251796002576,0.0060001475501876567,0.0055228015225382496,0.0068990387007210052,0.9999609502017307,-12.971972074624944,-5.8655015322994117,-4.4035283336687243,,0.3852510225818995,0.3877551020408163,False,2
0.95004280336066627,0.09288531931906964,-0.29797816906210028,-0.054859874763607423,0.98952341947965805,0.13354323809990237,0.307260583094429,-0.11052474725725632,0.94518528041870797,-11.697458123541685,-3.2695801744779183,-4.1942167484547275,,0.1063417387915585,0.1818181818181818,False,2
0.93807364683210659,-0.17123368372406708,-0.30115919158710491,0.19404421515992132,0.97985191646936387,0.047297614678598873,0.28699246624621116,-0.10280684485772915,0.95240016640502334,1.765335527487323,10.867543233889997,-0.56472414617360689,0.1523585152937239,0.1285797606164086,0.5789473684210527,True,5
-0.145277036568567,0.97239481299960384,-0.18260041154751439,-0.98934503966579812,-0.1409955575756961,0.036285606410807913,0.009538088620721398,0.18592627677492218,0.98251740161183876,0.1300031760938011,-2.5733243074597092,-0.88117163519594832,,0.1240057812367867,0.2758620689655172,False,4
0.9152763936137962,0.27471910656382692,-0.29461591230294432,-0.26737158660016519,0.96134535425635448,0.06578407503823,0.30129978090306325,0.018561312951882805,0.95334879225248348,-2.2435716509408148,18.888714189318666,-1.9610712098964524,0.4026277442455252,0.2217231001434741,0.7619047619047619,True,5
-0.94497710216624342,-0.11676220249062888,-0.30558937228088368,0.12535364963295637,-0.99207509115626313,-0.0085718160846555563,-0.3021667402365541,-0.046406913028432806,0.95212481299354068,10.974615944595605,-14.140722947159874,3.1992287020096781,0.3956494007565619,0.3502923855519093,0.625,True,5
-0.87354986420200365,-0.35393469045295106,-0.33412702621403367,0.40016828739504184,-0.91302522509036732,-0.079058713068217698,-0.27708478218043492,-0.20276876791719495,0.93920650031894615,-15.175266392004827,9.6003744423157666,-5.7155446503974074,,0.1357231468773658,0.1428571428571428,False,3
-0.076809819901084514,-0.88187464694588602,-0.46518529495334715,0.99592902518787629,-0.089937330957627321,0.0060541959454067651,-0.047176565740737433,-0.46282651563440907,0.88519262766395812,10.481923562147248,-3.6400680086395081,2.3788367345581594,,0.5010575968116658,0.4615384615384616,False,3
0.48662767773358695,0.82925940486848371,-0.27481328698005991,-0.85489662422153556,0.51678908113754884,0.045615869076792465,0.1798478945059942,0.21273900689383834,0.96041493625806573,-10.982250335864341,16.774025248386884,-4.5678520375792049,,0.1094549642668212,0.4516129032258064,False,3
-0.013085221179615827,0.97873896364432278,-0.20469200773629931,-0.99986972299659371,-0.010872744772028965,0.011929813738564006,0.009450609577960966,0.20482144532631102,0.97875372873519395,-13.203503332669218,-4.1220012118394393,-4.6218802025308525,,0.270828713205557,0.3157894736842105,False,2
-0.56125828013259704,-0.74787637005351448,-0.35449975754318758,0.80000379001021238,-0.59999439996937964,-0.00080992263900209888,-0.21209214731313428,-0.28405572537965812,0.93505575551789477,2.4143710170060588,-16.853069016106655,0.81039510757452515,,0.09567265748599614,0.2,False,2
0.80285019348616093,-0.45654869559465616,-0.38339908107616977,0.53359154455915647,0.83710890734073273,0.1205352264932468,0.26591658540641527,-0.30135023776599623,0.91568357187631677,-22.141884573174181,15.749688355384826,-7.9108922135091078,,0.2531520831490647,0.2692307692307692,False,2
0.17727088944827779,-0.8841880535420007,-0.43218805828924178,0.9840190490395575,0.16672711694702505,0.062518634036732676,0.016779239598454759,-0.43636401598681535,0.89961375193488269,4.7154351164144597,18.359892574672699,0.23062615932166053,,0.3169312164226447,0.1176470588235294,False,4
-0.88523955179521452,0.43016037208028679,-0.17695476887938796,-0.38241783098693444,-0.88964980529515825,-0.24955926446745291,-0.26477828173899937,-0.15324907252586156,0.95205419136166136,11.525093682676426,10.320793024968498,2.4016410005615638,,0.6579794843184903,0.3181818181818182,False,1
0.64671667912895281,0.71582440285956972,-0.26334950390528572,-0.72801551940559184,0.68230010088539683,0.066783050517211187,0.22748833034031871,0.14853281321821957,0.9623861298649603,1.3998619296395109,-4.5263190796944777,-0.30891145819082888,,0.156083664533161,0.3821138211382114,True,5
-0.88228981331631673,0.42692208918671137,-0.19824786274437656,-0.38867249266440024,-0.89833235478791285,-0.20477469029947526,-0.2655153079660405,-0.10361713229798383,0.95852235817952669,-1.9551228044230304,-10.466788188969714,-0.87717379739461598,,0.08628499342477733,0.2413793103448276,False,5
0.54336997361435846,0.80243124145345635,-0.24668436211847058,-0.81750306414747442,0.57259257190008839,0.061858602589558359,0.19088690862346311,0.16805311465220538,0.96711960934099106,16.896402097924856,-8.8609524896981213,4.6183132321282132,0.3893655444118868,0.2754719905179523,0.6176470588235294,True,5
0.54368571649866415,0.79064280132984466,-0.28158444982034808,-0.81563717380011369,0.57682695624686275,0.044795795141296529,0.19784297407463158,0.2053159108600057,0.9584902369648991,-8.5014641714681876,15.632608277342063,-3.8017908970211334,0.5866452250893367,0.5856991531014196,0.9263803680981595,True,5
-0.90870757835109595,0.37728582436620761,-0.1786223496083198,-0.3246039947111734,-0.90770694798624452,-0.2658953613642871,-0.26245529841257592,-0.18363960169257443,0.9473086682942139,-9.9926585756344579,-3.125872986288655,-3.6631197527195885,,0.3797695315624817,0.2797202797202797,False,2
0.4637658446734082,0.85877112522782684,-0.2177920930366701,-0.86415786898483515,0.49267057549622473,0.10250308049911892,0.19532644159445031,0.1406693232910155,0.97059761111332776,-16.174441184218107,4.9338292656522809,-5.8890677813093104,,0.09741863404538702,0.2051282051282051,False,3
0.69460467665851655,-0.58923919051209239,-0.41270027808177284,0.69219360012396203,0.70367918045525102,0.1603235196134862,0.19593969253713586,-0.39702995775946326,0.89664644622614353,-4.8702479915499914,-11.657974218950425,-1.678413496502223,,0.09528656486833043,0.3076923076923077,False,2
0.46027756081649446,-0.82742847099502148,-0.32172455982666293,0.88030952325784717,0.47228132502765269,0.044782734303163194,0.11488999203743196,-0.30382968159310325,0.94577365913450628,-12.509952399737628,16.208325042977535,-4.9892863704717412,,0.0701919901579468,0.4090909090909091,False,3
0.48062899677469739,-0.78298708591456723,-0.39487591816969669,0.86624807637796519,0.49396937151183951,0.0748901207080922,0.13641861174642639,-0.37805486810674904,0.91567706046944608,-12.573014619676066,9.726298564558709,-4.9155528803284554,,0.09458575542424354,0.3090909090909091,False,6
0.70717569115775569,-0.54552849529100256,-0.44977905982947364,0.67641437447060415,0.707194562560581,0.20576550900063356,0.20583035695711116,-0.44974938744848025,0.86911411945993922,-24.545835045677688,6.9823107692584729,-8.4085558307848558,,0.2158509184360473,0.25,False,2
-0.81922700246586444,-0.4317161376264485,-0.37747621771933926,0.49578413691414513,-0.86399113157551499,-0.087848814124948688,-0.28821035376109044,-0.25911484147336095,0.92184287756273553,-0.67204059549629647,-11.92797963226559,-0.40614612529659261,,0.1563800374295129,0.2380952380952381,False,6
-0.40460393553863883,0.8904590209941371,-0.20827478790484369,-0.9091935682430059,-0.41616910228248938,-0.013051198065213095,-0.098299088562384951,0.18408153148958054,0.97798327130491081,-18.824489434764626,16.774020439950466,-6.8779707749712831,,0.1714988028034843,0.2105263157894737,False,1
-0.93208523266610921,-0.14998673469386178,-0.32972882564561778,0.20647336845451533,-0.96788819554318251,-0.14339173284122231,-0.29763378028176013,-0.20173353797530955,0.93312256027338314,2.1931100664392158,8.7541662311690054,-0.47388087948071567,,0.2476018052575062,0.1666666666666667,False,1
-0.84161898560639981,0.45763683046394521,-0.28678565945626744,-0.48098077632462133,-0.87664028540709193,0.012621521601390686,-0.24563178921511106,0.14856090133101582,0.95791162573731037,-8.8113151921202508,12.184745167410821,-3.8630079948023313,,0.08983132158760332,0.4482758620689655,False,3
0.6469891136023791,0.74400066736865089,-0.16693739495694188,-0.70590731494448944,0.66720937702817973,0.2377530439627013,0.28827061866910625,-0.035981302931812981,0.95687271684977004,8.8242114975717456,-3.5846846227972358,1.8552849035672219,,0.5231416415682018,0.1975308641975309,False,2
-0.94894198369885474,-0.031816495167960021,-0.31384203384650416,0.094771809440439267,-0.9776937229470658,-0.18743875865277257,-0.3008777421297032,-0.20761188488411353,0.93078992772042712,-21.267248690576125,18.53192750139096,-7.6364784000445223,,0.4330354916204566,0.2424242424242424,False,2
-0.34864510501265306,-0.8255276407575004,-0.44379128551163793,0.92557379666469497,-0.37778001624394814,-0.024400947818165483,-0.14751182216493208,-0.41926885607218478,0.89579790614262089,3.3384115698275427,18.328425409355827,-0.19646223610051472,0.8713481873333311,0.6827658801976759,0.3157894736842105,True,5
-0.64103385762520215,0.71310849568990498,-0.28381660760609628,-0.73519629685634458,-0.67669059046834734,-0.039702013303074823,-0.22036787076810876,0.18321058415517505,0.95805630491461724,1.9440354197324465,-14.493563065523082,0.53873471751058455,0.4539474319002313,0.4456591881968019,0.8725490196078431,True,6
0.90345495728757674,0.344505176445913,-0.2551182540597049,-0.32111019142004837,0.93812333558663907,0.12966438290439375,0.28400243857875868,-0.035224858122748684,0.95817630123665121,-8.1790558908578213,27.205151970164813,-3.8981273815663102,0.3522477867025897,0.3025753053693835,0.3,True,4
0.93928316208349738,0.17739293910490722,-0.29373267877808135,-0.16761851256624294,0.98412439901111315,0.058336965262978865,0.29941806169886465,-0.0055598944896858848,0.95410581797919924,-5.7068486466999078,18.205425716200565,-2.9225292174148887,0.1363603885966166,0.1176020784750342,0.4411764705882353,True,5
0.44563446720300859,0.87187662070274752,-0.20307899919156536,-0.87992214599299967,0.46835381402573767,0.079885680059815306,0.16476328059299192,0.14309389630414698,0.97589814950574283,4.5470885870532225,3.6139979540352494,0.26351544173453834,,0.07339405718785164,0.2380952380952381,False,2
0.94199492690358133,0.17078015338200536,-0.28892853251061046,-0.16085110990716714,0.98527571602499653,0.057954153026881478,0.29457168589249816,-0.0081180430061354655,0.95559490331845209,5.6743523851714404,-5.0575290034095906,0.99969836860641348,0.2363138877567635,0.08066655067731988,0.2439024390243902,True,3
0.92316912900690451,-0.15511612277578624,-0.35170690596523574,0.23267654820341227,0.95379963900692077,0.19007333465378901,0.30597448123132287,-0.25730378365906953,0.91661026600728623,-3.4796507536530208,19.955748260885795,-2.3514185274634833,,0.2313914892115507,0.3,False,3
-0.32288662768639875,-0.8846524273709262,-0.33635443866259918,0.93689104671790335,-0.34911381888140586,0.018833694429702258,-0.13408725607281002,-0.30904631402553295,0.94154712231841886,-12.73076522523132,13.42354120411003,-5.0126474361049045,0.3572899839311164,0.356778428059784,0.881578947368421,True,5
-0.39481760242244562,0.9154076796131998,-0.078408168723472477,-0.91207020859021226,-0.40079262235884899,-0.086563320551626355,-0.11066614396281353,0.037337032124875408,0.99315605551821884,16.855767011838299,-3.9541570220799156,4.3104464777181661,,0.4653891546975182,0.475,False,7
0.90077625433413888,-0.19655283528179748,-0.3872584699789603,0.33938249019248412,0.8749685599002065,0.34532527352759335,0.27096432418033756,-0.44248955030468834,0.85485749273937317,6.5642956242862658,5.0894410971846211,0.80496413230590291,,0.3355735840381679,0.131578947368421,False,1
-0.95451834898012144,0.033940989321234093,-0.29621399478106875,-0.014024566083451786,-0.99751082348972564,-0.069104765154226908,-0.29782214995939116,-0.061807493597021326,0.9526183919748874,-14.235268923143478,-8.912330663652396,-4.5954319490331041,,0.8804326588801752,0.5,False,1
-0.71459479643693691,0.63512657249011772,-0.29320387757021471,-0.6696152271200817,-0.74232039544898687,0.023997460477783936,-0.20240979352337604,0.21348224145679323,0.95574871596482369,9.9419477321078773,1.046834502993903,2.0384575079063727,,0.08000152239609956,0.2121212121212121,False,2
0.91549651478062455,-0.25014068934183198,-0.31511230848718402,0.28861460113233867,0.95399434708772302,0.081218210629696752,0.28029938180051395,-0.16530100199412512,0.94557275516058925,-13.732422460510916,4.703721004536721,-5.2416436931164849,,0.08317498601498079,0.3243243243243243,False,3
0.62514584741707191,0.75979110758000723,-0.17863410172623023,-0.74929478352391099,0.64829234749204734,0.13518268959858254,0.21851772660598226,0.049340703537719133,0.97458478242447244,7.0904773607793148,13.474530187258329,0.99154281774507969,,0.4145491314992275,0.2857142857142857,False,1
0.65014526794318483,-0.61832476625481114,-0.4415717540864893,0.74029572043172387,0.64635878851109274,0.18488526935629393,0.17109464305337299,-0.44709596279815289,0.87797028603935834,6.3100891752354809,-25.618395700225907,2.3442615388777432,,0.4010930922797133,0.5,False,4
-0.69263701165060232,-0.60360761633354598,-0.39485670260976902,0.68272297832914397,-0.72524495193411553,-0.088933090329007591,-0.23268713963841686,-0.33117609394130321,0.9144282857877235,0.97488430090895672,1.6551948069653455,-0.80226594233168502,0.7776117442422731,0.4599627878485332,0.2765151515151515,True,3
-0.94192883201747402,-0.12488539309878352,-0.31172698632739376,0.15413883246649504,-0.98549936561889995,-0.07093814693528025,-0.29834760890622636,-0.11486791960903606,0.94751995509573783,6.0191543460349486,2.617319183830054,0.77724115707747721,,0.3886481892400437,0.2363636363636364,False,2
0.15092882602040514,-0.88302602102860162,-0.44439344691669036,0.98840552466444032,0.14234083487952395,0.052854569704162691,0.016583373870065466,-0.44721821621239355,0.89427113271025915,0.16688273042433396,3.8852088913942415,-0.99661593655378511,0.9717703230629461,0.8869503757026452,0.7624703087885986,True,1
-0.43522643436904629,0.88955701843350043,-0.13880296027861516,-0.89377817028614559,-0.44545075427506159,-0.05228965323779379,-0.10834451138085399,0.10130121653504243,0.9889385877708301,-7.7407152832801174,14.2366012518034,-3.5661378684605451,,0.1054734201614113,0.2142857142857143,False,1
-0.94403783579917988,-0.1158979043318186,-0.3088045342139466,0.13867013963984473,-0.9889318594022084,-0.05276712832394817,-0.29927104262167747,-0.092636133505142826,0.94966067088057882,-1.0721578053198968,15.430079606583142,-1.5729744607341907,,0.1055311274866561,0.4,False,1
-0.93462734955702287,0.21860096834625012,-0.28050906241705759,-0.18263948766750004,-0.97185034023648864,-0.1488278660962877,-0.30514674339499037,-0.087866562583858623,0.94824307652369877,7.2102512995079779,-2.7239274513079925,1.3484302152901286,0.4828299249983131,0.4689637505749587,0.3824884792626728,True,4
0.8756145750151606,0.38955364467763914,-0.28556448297956755,-0.39139138685345209,0.91868951755020323,0.053125818961279422,0.28304045350082296,0.065249737637348926,0.95688587272480208,12.475834787782013,3.3322455640613393,2.7658522239320291,0.4651857374785706,0.4768557995528869,0.7804878048780488,True,4
-0.64302873218810386,-0.62490349549611324,-0.44272979445401994,0.73483196111028126,-0.66628379286762573,-0.1268380711488043,-0.21572213264145618,-0.40689252718459928,0.88763868370522947,9.6723288426422371,5.5866160278611359,1.8668048704899791,1.06615405499891,0.4276836796794604,0.28125,True,2
0.82062629567942746,-0.46286781012252304,-0.33515052318598798,0.53402824910286484,0.82991639705278586,0.16140818771999182,0.2034362602870734,-0.31143565026390874,0.92823570484285256,-17.700631379624756,7.7937171948039525,-6.3896158097240718,,0.3060653775992558,0.1333333333333333,False,3
-0.92774177905182464,-0.19866625324728526,-0.31595397010077525,0.26225512853509841,-0.94933970553647518,-0.17313685641410567,-0.26555119837574653,-0.24348684422901612,0.93284335111989747,-7.5129223465823536,-6.9510035050638592,-2.7418274590106932,,0.2949560009529688,0.2708333333333333,False,3
0.79549517496399147,0.54828000471834004,-0.25802415203827045,-0.54987141118359373,0.83206966529626436,0.072811422570423182,0.25461511693529643,0.083958969263697905,0.96339090389530124,13.150586232021659,-9.0137186469526451,3.5349284042238156,0.1806230102569609,0.1524548386569855,0.4444444444444444,True,4
-0.89058491298484121,-0.31150145256483575,-0.33139909144984298,0.3408720632115203,-0.93953314258331622,-0.032919758647975077,-0.3011058772021985,-0.14228253243991998,0.94291618486309747,9.8445861880287477,-11.71345518233924,2.7244379449867142,,0.1298901722588181,0.25,False,5
-0.29435313119703904,0.93914092900894441,-0.17711733290312431,-0.95534818008370626,-0.29415328142324493,0.027994675184545539,-0.025808699410269531,0.17744904194769473,0.98379151680963173,-12.355486192930391,12.361477674507691,-4.9181549715229895,,0.151442792140748,0.1304347826086956,False,2
0.89218617148021584,0.34866869575238996,-0.28711317632912775,-0.34809228343859783,0.93585584321857118,0.054823379357343251,0.28781173990992165,0.05102922021727932,0.95632652428657383,8.5536857946540685,3.6534370887967982,1.537413801128021,0.1618261954580452,0.1426732260456474,0.8,True,4
-0.52404561009412354,0.82896836823368791,-0.19541658836714654,-0.84238230633754951,-0.53831954112747571,-0.024578885445339704,-0.12557168673912505,0.15173501938669579,0.98041227826930544,-3.466204219809744,-17.73990040943487,-0.84543483370019634,0.3167406850802639,0.260222501067628,0.2352941176470588,True,5
0.43920636505137767,0.86912906151307978,-0.2274037012270248,-0.87961906149731939,0.46749483196650538,0.087857206506837246,0.18266930653213753,0.1614411859408961,0.96982919523649425,14.794409069832094,-14.55196324853285,4.3875662422702968,,0.1586208705128663,0.3846153846153846,False,5
-0.89802113273234507,0.39491276499923783,-0.19391223067865876,-0.34747275729971844,-0.90699185214371958,-0.23796735717202222,-0.26985316025692135,-0.14632049817288922,0.95171927778825116,3.3123686889665436,-13.956321805931152,0.87864776045025317,,0.4466841529107097,0.4634146341463415,False,1
0.7085298049205434,0.67300137324051468,-0.21226084696815312,-0.66488107532728313,0.73744415307259414,0.11878247669871031,0.23647129045804266,0.056967295138749374,0.96996703865321232,5.2018456336888335,-14.808087435381658,1.4874280057446831,,0.3194012568430777,0.1428571428571428,False,4
0.079545737414337334,-0.93723585223134576,-0.33950174219198515,0.99681203054309508,0.072675558912530483,0.032924746032488732,-0.006184773541679834,-0.34103844420964508,0.94002900388621202,-8.3043251957804802,4.1443497778768448,-3.6126245596065081,0.2124782606229789,0.138881387529653,0.7703549060542797,True,2
-0.80877417225315462,-0.48672276694211725,-0.33012919658284351,0.52547832083380352,-0.85012832122058757,-0.033976047332671594,-0.2641152639093598,-0.20095468543648071,0.94332409158847097,-10.607006260299558,-19.517002166540863,-2.9297568455957359,,0.1239569769538218,0.3333333333333333,False,3
0.7666871055867911,-0.52489575210740291,-0.36969626931651856,0.60281577334264946,0.78668305035693853,0.1332025588733404,0.22091633152904649,-0.32498342680928505,0.91955518962324512,11.575306693153292,-3.7888080100460289,2.6966597957162826,,0.2482161724622269,0.45,False,1
