axis_00,axis_01,axis_02,axis_10,axis_11,axis_12,axis_20,axis_21,axis_22,location_x,location_y,location_z,dbh,dbh_approximation,score,reconstructed,number_clusters
0.80529857886875666,0.59042323079562697,-0.053801555821508626,-0.56267372158024553,0.78972187407709737,0.24441285695968193,0.18679529414575008,-0.1665526047259889,0.96817753947506502,1.5153009897333285,11.326042860402312,-2.45522990240352,,0.4117748895242193,0.42,False,4
0.97038869467529321,-0.14061193399832295,-0.19640281378745969,0.17711057267237598,0.96708492899709131,0.18269807101979374,0.16424867212261826,-0.21207315748095465,0.96335214204464936,19.100805521329569,3.8237429503209359,2.0196093295512663,0.3766415495557199,0.2848283621410682,0.5769230769230769,True,5
-0.93860524476369467,-0.26357941623805242,-0.22258950073553432,0.27164999076083046,-0.96237814659230214,-0.0058809422041075365,-0.21266517585568079,-0.065986319015193223,0.9748945218233096,-7.1872270011986892,22.106848202837789,-4.8656065080841575,,0.1742590061442205,0.5454545454545454,False,5
-0.25881615033725736,0.96286743792204477,-0.076814694649139106,-0.96553720364632289,-0.25563459574972286,0.048875984191788568,0.027424600260394713,0.086817339542939256,0.99584669545831439,-19.679446259922667,17.215555749745391,-6.418466586981193,0.1957057183951862,0.1588443442253043,0.4042553191489361,True,4
0.032836001544545995,-0.96571971527087475,-0.25750190007009333,0.99613098618675477,0.010608604101846603,0.087238270716553573,-0.08151598224379665,-0.2593701776537774,0.96233167649344153,-13.944199792663939,-22.393552365006819,-1.3438205342359451,0.5004062301704979,0.4081530701106302,0.6363636363636364,True,4
0.11341227500871441,0.98846022924815169,-0.10041927639671629,-0.98849453016972222,0.12243863570895017,0.088810721820465899,0.1000810656512454,0.089191679434930407,0.99097357412682219,-14.795910479734175,-6.145023154292609,-3.2885964949212241,0.3866295555247254,0.3495167992330133,0.932475884244373,True,4
0.92337260281563427,0.36218430795066597,-0.12730107400874238,-0.33353844132190802,0.92103267050890836,0.20112416069627653,0.19009246310686356,-0.14325273794774984,0.97125872379116374,-18.954672649849002,11.830581210055318,-5.7917541362508453,,0.1659951761875816,0.2083333333333333,False,5
-0.061144056903916846,0.99427103262904426,-0.087672789279822666,-0.99732350983052975,-0.057330570230198025,0.045376452664277235,0.040090161444469627,0.090212634324987662,0.99511529963291279,-8.4580893083185238,-7.9325233320178929,-1.9736607152555261,0.1120420790492652,0.1130884001956619,0.208955223880597,True,6
-0.38499962227562395,-0.8987921504429377,-0.20963769019379008,0.91256741863730839,-0.40465303220705123,0.058962954193969602,-0.13782596739826586,-0.16860781069630149,0.97599969717358692,2.7879163427309064,-6.1486791039282389,0.018209300294381968,,0.07111022162093547,0.2461538461538462,False,5
0.93926289724489409,-0.26371538665778926,-0.21963470740996485,0.31102928772737592,0.92460067012893876,0.21994177177816598,0.14507236826814865,-0.27489597239146735,0.95046631309479912,0.79253276423132268,-8.5198108769992142,-0.13854620670366055,,0.1273705008556694,0.3673469387755102,False,5
0.81172673535285877,0.55899598298573283,-0.16918391802770039,-0.54856656557570127,0.82915242114692889,0.10761498798339084,0.20043560124356474,0.005454677992301607,0.97969169448461191,0.9036751092258809,-9.9926589731688509,0.062079701969535418,,0.07464437937026183,0.3043478260869565,False,5
0.18639559250246598,-0.96020510398861536,-0.20799721481276981,0.98164991190714834,0.17334421888865317,0.07946843543554509,-0.040250882578465069,-0.2189930137061398,0.9748958541298447,0.74678599778261634,-5.1416307162319335,-0.53261258655834021,0.1579611526712674,0.1209768718878204,0.6159420289855072,True,5
0.10710685914374347,0.98861721147272386,-0.10566044626187282,-0.9907639980333427,0.11501538507933154,0.071820341102223365,0.083155402261963218,0.096992115014308877,0.99180527761234549,-4.4174743024788086,21.281623183165042,-4.4077893146397118,,0.1131329699312307,0.4736842105263158,False,3
0.97583014193188811,-0.081930290904461966,-0.20259062547290235,0.14347855118689118,0.93946061677001313,0.31117142363561778,0.16483154869897387,-0.3327178639183907,0.92850922643939349,-24.265282879502298,15.630195680203482,-7.0646587066289372,,0.2905700236562428,0.2666666666666667,False,4
0.25382381263357628,-0.94318631243075446,-0.21441327427058171,0.96685221386440401,0.24104648476750307,0.084222257905686299,-0.027753714808241924,-0.22868356352065711,0.97310511204588646,4.3531911482128098,6.6778784157553144,-1.3146730065107786,0.3089399851241376,0.2258835292788105,0.7307692307692307,True,5
0.52996809636139353,-0.82529740138703711,-0.19498209174917738,0.84739530776124194,0.52419736250426385,0.084488564479484149,0.032480905518643757,-0.21000315332722388,0.97716102376696956,5.1930639324146206,-9.5980700648018136,0.89355603242440063,,0.07561820907857396,0.34375,False,5
-0.89553347449527343,0.41535495477459256,-0.15968737458740973,-0.42486771268932266,-0.90478135696466278,0.02929373317498022,-0.13231486225124811,0.094079528237443338,0.98673290185037055,-15.616689649985883,-2.2435681951293969,-3.8034748169697745,0.2110963892964179,0.2134052907645427,0.6884422110552764,True,2
0.98062950835167062,-0.050537093964155025,-0.18923997855532099,0.096104316478061141,0.9659955521535295,0.24003448413484563,0.1706743322947093,-0.25357167695398275,0.95214057625042925,-22.651485225494181,-14.088917676428794,-3.9075624095797541,,0.2209592832855723,0.2222222222222222,False,1
-0.10900283713522999,-0.96915479421262307,-0.22103702484235649,0.98957346428879078,-0.12685529863037295,0.068206245937465756,-0.094142128040286391,-0.21129770009181098,0.97287745459742203,2.4850810198567377,2.6249921747859952,-1.0912501898770033,,0.07190264775573459,0.2553191489361702,False,5
-0.67226199796041242,0.72893100428376878,-0.12931897421542132,-0.73902434697783015,-0.67107701697700484,0.059149402864570141,-0.043667157822154828,0.13533376621929591,0.98983733565098164,-12.110642844388931,-9.4560571404257452,-2.5223058157519005,0.1865081447823419,0.2163898239671366,0.5192307692307693,True,4
-0.90842165717430734,0.38498949259091225,-0.16295147551120059,-0.39549953792174602,-0.91773736268092865,0.036582080902255218,-0.13546294061613623,0.097679187824457753,0.98595566228182052,-19.314232288223817,-4.3850234294879042,-4.2631893908962999,,0.07313291849768323,0.3461538461538461,False,1
0.95145675674287311,-0.23874692208107387,-0.19424198116047692,0.26744193936982391,0.95366324149108483,0.13784495237339781,0.1523313792835897,-0.18310196346716356,0.97122027463394145,-12.75140209073629,-0.29807576062613039,-3.5051484308177661,,0.07340958592446262,0.2233009708737864,False,2
0.90041821328028515,-0.38309899668021863,-0.2061121052625213,0.41545447045167722,0.89777938015854108,0.14625241038650391,0.12901404642462513,-0.21731852959367198,0.96753709619858463,-13.225011478456626,-3.1477079093357854,-3.2956964205816868,,0.11294054725253,0.3305785123966942,False,3
0.73006457732432173,-0.58036117492998596,-0.36081382951620034,0.67841331223022505,0.6790339105422204,0.28047874451115684,0.082225851926717219,-0.44954850124055129,0.88946335186296421,4.0097047378054871,4.2786514457510334,-1.0133813805559448,,0.7833046407700781,0.3789473684210526,False,1
0.33543458428588613,0.93957764437123314,-0.068392176911971594,-0.93266228964972253,0.34144159978092942,0.11644177688602955,0.13275802473030029,0.024728205289573035,0.99083995818339143,7.8533828819256088,-7.7803627174799157,1.1643436756256467,,0.2044267546481203,0.2857142857142857,False,5
-0.57164594626151854,0.81826795748265868,-0.060485220342917312,-0.82000694741212288,-0.57230399458584613,0.0075328598112469614,-0.028452035403904397,0.053904429671800855,0.99814066851478045,-9.7642266791605028,-7.6117812619217418,-2.218436818568545,,0.1749499458345385,0.1212121212121212,False,2
-0.1991358527753711,0.97975280804640119,-0.020720696528317845,-0.97930098999234683,-0.19817276612724352,0.041196186297846854,0.036255801459018168,0.028495436313027506,0.99893619764722452,-14.293794860524075,-8.9273268401249659,-2.9395748056708624,,0.1037143651096016,0.25,False,1
0.055920905104143902,0.99511569921725318,-0.081348617343448379,-0.99492493280695959,0.062365146511234107,0.078961804562075508,0.083649449797356321,0.076520152064601721,0.99355293561873659,3.537222152073829,-5.1615070607911191,0.035453742617283963,,0.08328299653292826,0.2615384615384616,False,5
-0.94628631672254371,0.30836269664311761,-0.097235045650565163,-0.28445843611436056,-0.93694629502555793,-0.20301487226618128,-0.15370622923959559,-0.16445086669539402,0.97433582892967652,4.6124399989181049,14.611749058527815,-2.0271165409244327,0.3653711432946462,0.1724583438987162,0.5,True,5
-0.94218047926758075,-0.26640726064150694,-0.20328087948599838,0.2820915643943,-0.95797765636880594,-0.051991914714766205,-0.18088751693991859,-0.10632958842965201,0.97773908832555745,-7.5571841803735742,-18.518269462876461,-0.54981756169515639,0.5641546859325126,0.5631871127744444,0.7540983606557377,True,5
0.078368954170006375,0.99081770420444404,-0.11017524248820425,-0.99306991952905876,0.087296644662374814,0.078685645179032301,0.087581059304217973,0.10324520747098254,0.99079260452701468,-14.564411241480899,-15.689652858960903,-2.2824485009696733,,0.08490279495008057,0.2307692307692308,False,1
-0.68217240513860034,0.72098263640331506,-0.12175733108253081,-0.72812097931291164,-0.68506767756451059,0.022849871788985503,-0.06693765122726214,0.10424161914173967,0.99229684857248479,-15.441980276949996,-4.2024245866942644,-3.5681663746630679,,0.06655880098925906,0.2083333333333333,False,2
-0.74897783747645585,-0.60922973332366226,-0.26052126785249313,0.63687001595550663,-0.77041279213710268,-0.029337901907699679,-0.18283539522183362,-0.18789162234089146,0.96502225700145539,4.7495445246406138,5.9055332121410462,-1.1245850584462647,0.2304115373243538,0.1611567292757651,0.5769230769230769,True,1
-0.92753014954180246,-0.30155824905515116,-0.22079502738456977,0.32446060753919248,-0.94290427424782419,-0.075211992132120056,-0.18550777839826427,-0.14140067903647235,0.97241591519357862,8.4556055784845068,14.193416453219376,-1.2540340588775081,,0.1839846309696645,0.2941176470588235,False,5
-0.40884353881862956,-0.8432498159857833,-0.34896519684089139,0.90080355601404272,-0.43418259148093269,-0.0061992521610860774,-0.14628709525694666,-0.3168836144309829,0.93711518004268879,-2.2554411779606696,-5.3059844886146772,-1.0696896908086868,0.6397285553179228,0.2890939355567851,0.4007352941176471,True,5
-0.73580188490737652,-0.61242046850946419,-0.28902725808719298,0.65386761676343841,-0.75355647184379204,-0.067895386370783115,-0.17621783654004422,-0.23894311769328086,0.95491018456824583,-1.4037852284323242,2.552333239427059,-1.8153947960642116,0.1131875829101836,0.2545238344175422,0.2580645161290323,True,3
0.95514506393207665,0.24230284712939362,-0.170256386426997,-0.22691472415315997,0.96824157540006195,0.1049664690713256,0.19028298612509892,-0.061624523850459793,0.9797932451550786,5.3192254676739923,-6.9967782602988198,0.57045628706836893,,0.07251063819648276,0.2142857142857143,False,5
0.95024266873869634,0.2929198888701926,-0.10600381697200596,-0.24670623336157818,0.91541719363979479,0.31803678405050151,0.19019701608832645,-0.27606032002610714,0.94213363955342377,-12.431234105127492,12.439344679542014,-4.8232511698018898,,0.3059083720012322,0.6411290322580645,False,5
0.39114899115880308,0.90523887073426268,-0.16596702572260538,-0.90990115101619007,0.40744542744169954,0.077898132431167888,0.1381389231710729,0.12054381182212609,0.98304975832178942,-19.32978242331135,1.4088575300350175,-4.8173091875065639,0.5772091142385267,0.5192570752471595,1.0,True,1
0.90386130825593258,-0.38611241556635367,-0.18426051661544249,0.40928292793425347,0.90580175261645957,0.10959320169843972,0.12458820305084695,-0.17447173840615443,0.97674837709519413,9.5872974940960827,-10.675020696838937,1.8598497954883408,,0.08906206141846044,0.4117647058823529,False,5
-0.36828091603759844,0.92903905033114342,-0.035434585397798785,-0.92970508477257319,-0.36783748802351246,0.018548254704273015,0.0041978840538769852,0.03977468245452985,0.99919985608741524,1.258970067098274,17.165017829228372,-3.018890551762115,,0.2123999577525672,0.5333333333333333,False,3
0.95021813733865446,0.27799529084837893,-0.1407270753578822,-0.24658174019854479,0.94701991602539881,0.20579291545605682,0.19048080447466395,-0.16084743366734711,0.96842406321265739,-13.266133614517448,14.983373168561153,-5.2390058404881925,,0.3296409581574874,0.2105263157894737,False,1
0.46361122535668192,0.88373720679122547,-0.063821478015780794,-0.87357013291448393,0.46794128545168795,0.13381396134033721,0.14812108088670972,-0.0062851175537809445,0.98894926194132338,1.9687866158320304,-4.9722522254618609,-0.26732459223811139,,0.09041903087577716,0.323943661971831,False,5
-0.06890341687101835,-0.97143529247407967,-0.22708102448090522,0.99391587613772858,-0.08645093487068875,0.068245637379652085,-0.085927587565750307,-0.22099707779919342,0.97148172463476989,-13.987614465077074,23.215838433531307,-6.0072626856257125,,0.1794634498469555,0.2,False,1
-0.72344699194521844,0.68275013530827311,-0.10235576477145904,-0.68453756546840017,-0.72864446505890645,-0.022035539512715752,-0.089625729051492492,0.054124821251946592,0.99450376189154455,-13.359385897208222,11.749165219587789,-4.9123893238392506,0.5218146885203966,0.3511869482350109,0.5797665369649806,True,5
-0.534884180101177,-0.82021425992928099,-0.20284842046748203,0.83000041324058571,-0.55499382722192248,0.055508249531204423,-0.15810827903037641,-0.13867378827386045,0.97763559292193714,2.530978755340128,3.499769777889945,-1.1536843923660849,0.2344556272264488,0.2177132012792959,0.820627802690583,True,5
-0.89225291932801254,0.41941900094317763,-0.16724960268552605,-0.43326964551467756,-0.89954785481139887,0.055597402635344469,-0.12713041424547197,0.12207112087646953,0.98434572139149235,7.8049250037974014,-3.2780349093881647,0.66263006234548139,0.2308222913024759,0.2179453370395888,0.8831168831168831,True,5
-0.15649133710505461,0.97839633230489875,-0.13509655193006637,-0.98667492400887502,-0.1486957775258097,0.066046650771060783,0.044531514045131254,0.14363210879993327,0.98862872787438805,-17.355061291668068,2.1998089543360848,-4.5571678671732894,,0.0900407090904583,0.3571428571428572,False,1
-0.1836629975661335,-0.93103042555020854,-0.31535733703977764,0.97481993591746507,-0.21378394661858724,0.063423313584601432,-0.12646737074396747,-0.29576810319569369,0.94685122023955237,2.8469219971736028,-7.2975937317369057,0.17575778487085963,0.5067032773480132,0.2382981547645415,0.4625850340136055,True,5
-0.67855100606853935,0.73130428562006466,-0.069011404833552045,-0.73109131701429741,-0.68147649195819715,-0.033094970836211116,-0.071232144076068288,0.027997013092048356,0.99706677254246623,13.504291520962875,19.738087850991185,-0.72698681859113112,,0.3316309123214517,0.4444444444444444,False,5
0.88854691037650313,0.45440135949900579,-0.063275528807164791,-0.43431212913713563,0.87755360084241563,0.20315671815836794,0.14784235707245419,-0.15303294460332989,0.97709956264512554,-21.242275191945176,12.63136838491941,-6.263036359947713,0.641473592131896,0.5276645706589668,0.2857142857142857,True,3
-0.84554351861737775,0.50743695027837754,-0.16602379232002781,-0.52156444474837993,-0.85152168062172562,0.053678276848888443,-0.11413451755914406,0.13197942613654248,0.98465970922863011,10.753284745380709,-3.4198947713084111,1.2001055572154089,0.2820252705541205,0.243068928854345,0.7837837837837838,True,5
0.30626367264483628,-0.92482371054016022,-0.22561841068677696,0.95177492817014064,0.29298134590408348,0.09102975919421076,-0.018084494043815055,-0.2426170549960624,0.96995356368241537,-2.9741777654886872,-10.442480579001792,-0.6439970149308466,0.5429466554087797,0.3911757603213176,0.7909090909090909,True,5
0.98316001043932633,0.046682802084989289,-0.17668364344906809,-0.012329574046161662,0.98156364345983693,0.19073750402500861,0.18233040195421038,-0.1853470523837476,0.96560970101582566,7.7618750845601783,-14.336087812736356,1.9240725111156125,,0.2450335268662815,0.1666666666666667,False,4
0.69828530289670887,-0.66107473117870574,-0.2745502423154198,0.71152814605936221,0.68295062638817949,0.16524569368465286,0.078264507433321709,-0.31073886418180363,0.9472676628932416,-32.183983960156212,-12.778840036821132,-5.6329826041796718,,0.4020358123396843,1.0,False,2
-0.31271237738183516,0.94250829535379377,-0.11785195043564747,-0.94967523427117606,-0.3078741835920844,0.057709934062465863,0.018108518553084749,0.12996768931851116,0.99135285407821327,-19.423057482221701,-6.2861379749968016,-4.1174218747825879,0.4299058770594653,0.3791601986037894,0.937007874015748,True,3
0.69760721210226606,-0.59635770907751151,-0.39711668366706332,0.71266832608596908,0.63465846740078136,0.29885194787773217,0.073810802845703058,-0.49149375640013371,0.86774757435728922,-5.437991049586544,0.54732680690920188,-2.2646151214267074,,0.4387661137757985,0.2290502793296089,False,1
0.39309444183059533,0.91689405791188361,0.069152341737436424,-0.90902481351865605,0.37619772361451465,0.1793018715870778,0.13838586708643469,-0.13334376368295509,0.98136068419190237,-11.883356504186381,-0.20774710506989136,-3.3155813450581877,,0.1302607202136624,0.3209302325581395,False,2
-0.57097770653519364,-0.74789991437106262,-0.33857078539585705,0.80462913956200088,-0.59167254558247073,-0.049955445866021589,-0.1629613647694573,-0.30094736564342339,0.93961389767540149,-14.015083533710285,-11.211192544186408,-2.6655126621846192,,0.3281718738436822,0.3157894736842105,False,1
-0.29023784993193419,0.95072687165674885,-0.10899727508823541,-0.95533226279086025,-0.2812308508748782,0.090826627081972255,0.055697918612669976,0.13048993840892298,0.98988389108837027,7.3966216109948428,-4.9195212705385671,0.77070292881362013,,0.1643737192360566,0.4761904761904762,False,5
-0.64451445689689701,0.75554994559824451,-0.11724075467765845,-0.76233088741127197,-0.64679297365265354,0.022593524123067595,-0.058759960429187665,0.10393810148375247,0.99284648264991737,-4.4129626408511289,4.307955265113975,-2.6167713291635142,,0.07789602583901803,0.3574660633484163,False,5
-0.91269500315767738,0.38377571313892439,-0.14037105547696579,-0.38856099544142608,-0.92139383812317788,0.0073312952612104992,-0.12652345250022001,0.061233953598873861,0.99007182511880176,11.091264514586426,6.3695646222673812,0.060669339595237841,0.4015964766727154,0.3433795164197571,0.3478260869565217,True,5
0.61594814549485299,-0.70050343782537416,-0.36042033191300749,0.78596170747681959,0.57755863035104138,0.22065861163152095,0.05359175721668983,-0.41919084210161389,0.90631504536588492,-24.369480243194442,22.768083077401766,-7.7360668547015026,,0.1055696587332957,0.4,False,1
-0.95210943238080337,0.26682470699765526,-0.14930574170848021,-0.27306880462119881,-0.96172833894120768,0.022628080345771601,-0.13755383205950181,0.062315149145295963,0.98853212667709756,-8.2231068698818142,-15.194893162649997,-1.0812114031012698,,0.1025814976064049,0.2272727272727273,False,5
0.63771819811659292,-0.74784793162244079,-0.18449653373156583,0.76801725468643089,0.63564855859507696,0.078105098808712109,0.058864219138996136,-0.19150556421168999,0.97972476879025483,-23.683874137451681,-5.9981434782281831,-4.9115923960371166,,0.08590320510584279,0.2307692307692308,False,1
0.74775327614906295,-0.58789393244514265,-0.30861912157630367,0.66285219914252347,0.68798928394454195,0.29546185416969895,0.038626417129517129,-0.4255014328667559,0.90413302700878817,8.4899535376247268,-27.175555409162548,3.3008906510959024,,0.3290550562176871,0.1111111111111111,False,2
0.79072042833371614,-0.56639382916637637,-0.23229127081746881,0.60615017945204763,0.77749638622478034,0.16757484703158138,0.085692264329956663,-0.27330825031392175,0.95810199673330609,10.035261574590558,9.3760090737653172,-0.47837087896288938,0.4919560483496603,0.4079981552907982,0.696969696969697,True,5
-0.91093100218447587,0.39984192203141539,-0.10164224832918088,-0.38797991872568677,-0.91402223372089042,-0.11846914758486464,-0.14027220653000702,-0.068482068091569662,0.98774182579513425,-0.53387536637327382,19.014885158547667,-3.5289021771557261,0.650156826854708,0.5801101017007886,0.7948717948717948,True,5
-0.97051554322144662,-0.15381776255855104,-0.18557929918786897,0.14919820108087894,-0.98805000476355942,0.038692181134682674,-0.18931317217723909,0.0098632655956688645,0.98186722057108078,-14.494863823514372,-9.9795002221218549,-2.8371848146081642,0.1383514001458335,0.1231627941484785,0.48,True,3
0.92718192618584916,-0.28331058446449847,-0.24508934796250056,0.34588925373699958,0.89868455732119457,0.26967886565630445,0.14385513513100937,-0.3348151417764641,0.93123816552676053,11.338986191261244,-2.8006338086397284,1.2608450631214092,,0.09955748129957527,0.2,False,5
0.96362100563615272,0.20787801251331886,-0.16799193257499748,-0.15695530528525176,0.94887760009198452,0.27385458219005537,0.21633212807991203,-0.23752480282528132,0.94698594414237647,4.124347208246899,-12.180988220147707,0.97135174321295492,,0.4240310390543993,0.2142857142857143,False,2
0.12530548173594977,0.98102793505865638,-0.14792811389816993,-0.98746420697999215,0.13774880264926612,0.077069496573344276,0.095984249646995257,0.13641648728523231,0.98599065199243208,-20.393390954739836,-6.2147750975450826,-4.2602807467705341,,0.1732287149898013,0.6176470588235294,False,2
0.64430806394043993,0.76341787519912307,-0.045390159371578948,-0.74520446751931413,0.64005884074282438,0.18706945762525329,0.17186454064342821,-0.086705410519800769,0.98129748366946057,-18.425724805852543,22.069920419149156,-6.6665559743194542,,0.167862787473012,0.4166666666666667,False,1
0.89021306810969758,0.43869116291893834,-0.12276301130043316,-0.40630106673434735,0.88647835123123331,0.2215300791515411,0.20601003989430294,-0.14733022899319068,0.96739530032327736,5.9893966339532039,-3.9241834838598875,0.3629406064029434,0.858710783917043,0.5757408224778057,0.896969696969697,True,5
-0.98172416818230623,0.13229351600058875,-0.13680673678939359,-0.10945583785010196,-0.98057387680185515,-0.16277067209517154,-0.15568261677943573,-0.14482160666828564,0.97713337118057997,-12.419558196987868,-23.932831465313072,-0.88910156317017097,,0.3756045120284551,0.5714285714285714,False,3
0.15882501395968668,0.98002346536769391,-0.11970222332690045,-0.98192662084486337,0.16943415236209808,0.08433373755221725,0.10293068646858543,0.10414449261499707,0.98922151131132985,-3.1173933109733176,-13.799049581236558,-0.2678310141564742,,0.08655942811244743,0.35,False,5
-0.19174615274995649,-0.94276191836477052,-0.27282481226378319,0.97600684912831304,-0.21238988540609988,0.04797048083776758,-0.10316997315213984,-0.25708073023539108,0.96086703283098696,-0.37251775655385211,13.65602215044481,-3.0532922160387548,,0.07802615369335823,0.32,False,5
0.97888805484768793,-0.061330031393929084,-0.19497898175375364,0.11340494935277846,0.95659394236708717,0.26845362148588792,0.17005144380100007,-0.28489762490377879,0.94335351262683143,10.78477849587312,-11.473409924330285,2.1895870070033605,,0.1540815048145311,0.1785714285714286,False,5
-0.74984683274088415,-0.60064438762818995,-0.27740952946721537,0.63665481622867715,-0.76914535659684202,-0.055552366271356513,-0.18000103444506749,-0.21826987890287186,0.959144351785711,-0.55302148387185157,20.722312007835853,-3.5876533020128005,,0.2007225019363955,0.6140350877192983,False,4
-0.16198703620654667,-0.92587301833591429,-0.34134931378071293,0.98012154153352504,-0.19111483477340666,0.05326240467234658,-0.11455114108103105,-0.32593599655005601,0.93842621565574147,-18.402988497584492,10.737357842652511,-5.5816635317209657,,0.2228098863208213,0.3644859813084112,False,5
-0.43378723622304427,-0.81818688342419832,-0.37735773144665974,0.89044242249203209,-0.45325970496911672,-0.040840324164118078,-0.13762603647745436,-0.35373134388106742,0.92516658523727491,-6.3564622535939375,-16.602128919036989,-0.55241108763190061,,0.4703248565615826,0.375,False,4
0.97005014980857796,0.16520812020416387,-0.1780701655948019,-0.12588641244372384,0.96888131711644643,0.21312344897910029,0.20773858095790074,-0.18432381929990777,0.96066092437461559,-8.6758520805671253,-9.8044690129808085,-1.7656611111150555,,0.2450222844417293,0.1219512195121951,False,7
0.97874115468932799,-0.039918149132293572,-0.20117726881348291,0.065661792365282828,0.99023657515959118,0.12296362974303199,0.19430460915989331,-0.13355922501293174,0.97180638620723481,-4.4220965765977684,-7.9645121244055321,-1.1651372128260702,0.07799443133989432,0.1578161505540667,0.3114754098360656,True,6
0.79542736069276021,0.60299514544612065,-0.060763216091326497,-0.57613980199536463,0.78346986682986852,0.23289030964454049,0.1880378749563279,-0.1502392170440181,0.97060287205628482,-10.895589929489679,-10.444380955046109,-2.1273869281506088,,0.3678260936823249,0.3157894736842105,False,3
0.2286248720581221,-0.94258829382594711,-0.24342961245234143,0.97303835540450256,0.21343319861203783,0.087422129017401651,-0.030447114610552453,-0.25685322281903383,0.96597070097356852,-20.070655401680952,-0.61533842488251889,-4.7246245605426394,,0.144993222016912,0.375,False,1
0.51522099192524173,0.85662980951922685,-0.02706841189698389,-0.84055420174422391,0.51121603885915534,0.17923949214190255,0.16737969832002489,-0.069595481578974328,0.98343302035984614,-6.0152688881744689,-7.4488013827387975,-1.5063108399629375,,0.5509364436614023,0.1290322580645161,False,2
0.35947250879371279,0.93312629539479863,0.0074048811155219552,-0.92256750289039446,0.35419051529900281,0.15303032863720473,0.14017388498624866,-0.061841698836689579,0.98819374934921334,-2.8385240801468052,4.620127919187544,-2.3748615210292621,,0.09485318683647999,0.3414634146341464,False,5
-0.33828160871271257,0.92915511695521413,-0.14911848256564636,-0.94093615285100463,-0.33155968072065067,0.068610016603777219,0.014307671532768178,0.16352047809483058,0.98643618332811978,-3.3739758167640024,-16.034711135250394,-0.054034367181531102,0.2667274574226861,0.2251214464353541,0.7111111111111111,True,5
0.48696825856187348,0.86178721462059393,-0.14207291040058967,-0.86060319689886922,0.50119579908724621,0.09035988304962668,0.14907733778365473,0.078266005990942855,0.98572327742909815,22.537324213474118,-2.6493816830039201,3.4645911477510789,0.4777334091982473,0.441105079889929,0.9315068493150684,True,5
-0.85855776651383486,-0.45996895901453028,-0.22651074654829262,0.48917269027247989,-0.86719895818739079,-0.093145295159171512,-0.15358593897346209,-0.1907734878377863,0.96954465378746024,-10.474479807264599,-14.580487139573767,-1.5667763512135711,,0.2201473206375028,0.2962962962962963,False,3
0.15424593396420594,0.97528983348441123,-0.1581705805687639,-0.98264414630913088,0.16812250630452188,0.078391993202660062,0.10304694842599527,0.14333374890735259,0.98429505883360757,12.059493478693168,-5.050164170372561,1.6157556724077506,,0.08736412409606434,0.46875,False,5
0.71567281075918243,-0.64990845325639479,-0.25579568081954118,0.69335487275225727,0.70519896426686046,0.14816693702593886,0.084091904311611343,-0.2833962300081424,0.95530891780953198,2.8631370552299948,-17.066922527349622,1.2470351155545027,,0.1206758634493366,0.1739130434782609,False,7
-0.97642884451492007,-0.12543443082729122,-0.17564997911269761,0.11688203710815735,-0.99143557364465751,0.05825884236179113,-0.18145330253457764,0.036355286753403229,0.98272732338343605,4.1092724428097833,1.4187008038542641,-0.63642068308102262,0.3533899779192481,0.3001640719543032,0.9134078212290503,True,5
-0.97704384188474758,0.12595921808609625,-0.17181270737123228,-0.13514273150639186,-0.98990141458193637,0.042797564529700141,-0.16468689430578468,0.065034335453065292,0.98419955398084535,-16.567832763940725,-9.6522061262745229,-3.2588837269900743,,0.08127311483787886,0.4583333333333333,False,2
-0.90675161022058104,0.38747750599304154,-0.16632107416619446,-0.39608429656599625,-0.91797931602360183,0.020765484984955347,-0.14463314757068751,0.084706302612337525,0.98585297834998864,-9.0659581111144405,-4.2553643950156577,-2.4216130241854503,0.1812470256193343,0.1550433294360342,0.4536585365853659,True,3
0.25628892582996293,-0.93114800231269634,-0.25938269850936457,0.96553129467744159,0.23399941902659457,0.11398943325467174,-0.045445632303102355,-0.27965634211348112,0.9590239959564516,-17.047873372504856,16.968923927420658,-5.9990164395397487,,0.4214313591417763,0.3043478260869565,False,2
0.90547535978145499,-0.37006635303127261,-0.20776252593473113,0.40255304404183118,0.90395201481030829,0.14429761485569123,0.13440766184002217,-0.21429337197990855,0.96747761274573196,-26.969886446171099,26.254548314000516,-8.4685946149069888,,0.2155784133661145,0.3529411764705883,False,1
0.76128749141218377,0.62604960539034227,-0.16882904670092783,-0.621756053174912,0.77870072253600109,0.083932086011660426,0.18401294997826478,0.041074034529243103,0.98206525135949607,-2.5192617576273628,2.4719058061629764,-1.9766937617546203,,0.1422089099554227,0.7579143389199255,True,5
0.21601517265960815,0.96990837159422716,-0.11231738909124118,-0.9722972700984891,0.22420324016874721,0.066112976463475526,0.089305451904487243,0.094924484772205442,0.99147056358263375,-11.02333636071827,-9.115676877720194,-2.3421890376793302,0.2041503596126676,0.1376793627018271,0.25,True,5
0.76018339573944838,-0.58823311389630273,-0.27586773743571813,0.64305652550565995,0.74181204281922042,0.19024510015494489,0.0927335421874491,-0.32201971499309778,0.94218034012026286,17.439206372580447,-4.5813100772367168,2.6541048098162827,,0.1403886946740968,0.2083333333333333,False,5
0.96706776153463236,-0.13760210541066437,-0.21411586860143739,0.19734227698625842,0.93665585988965094,0.2893645207143708,0.16073571573945367,-0.32208921236348642,0.93296439855162461,5.6779969896260347,-17.61628771872191,1.8638071234983253,,0.2300314470782081,0.25,False,1
-0.94649841284532688,-0.25926273376075576,-0.192155117975498,0.26313288664316553,-0.96474361276028986,0.0055538819810740797,-0.18682033735145948,-0.045305590395933938,0.9813488498137467,-11.989154463918473,23.272233989712365,-5.712956962801214,0.6796487610864896,0.2204591234314263,0.5121951219512195,True,5
-0.28053400133810785,0.95881996383470181,0.044327768331515222,-0.95891104690681872,-0.28199806888013079,0.031091691300847574,0.042311679395891456,-0.033784110168820075,0.99853310194845357,-9.7363078217732344,31.508978425027983,-5.9201306317003155,,0.3008451645797858,0.2222222222222222,False,4
-0.46039387966010331,-0.86090697366955948,-0.21651018049652876,0.87490846402682454,-0.48132787450265285,0.053466408154854539,-0.15024198862415714,-0.16481098238248446,0.97481520553404344,5.7179203206328078,-4.8412502335736729,0.45498092334116674,,0.07650449033435394,0.24,False,5
-0.96721887821145069,0.16875810706506897,-0.18975864389059596,-0.15034541492407086,-0.98275335397204333,-0.10766662188445,-0.20465555903198007,-0.075607847188733562,0.97590960421587858,1.6410026506885489,1.6588855898933357,-1.1243968854536446,0.7736355428753907,0.6889445450604759,0.8870967741935484,True,5
0.36057049525805995,0.92310508750962195,-0.13366344063808927,-0.9253418541025048,0.37202510100660036,0.073073779614639345,0.11718093273010528,0.097336127079740764,0.98832904812598721,2.7753654609598191,13.853832945572298,-2.4402777253803372,0.2305212990092812,0.140512863089776,0.4333333333333333,True,5
-0.98381365594198478,0.028287646558837622,-0.17694773079705708,-0.036002129669098944,-0.99852912169268404,0.040539361007865246,-0.17554069910238732,0.046253672111508319,0.98338500129646367,-9.2769348377513463,-11.646988301232724,-1.6504002605100319,,0.1030024512400708,0.4,True,4
-0.34258284794799443,0.93458094993924534,-0.095892858454109567,-0.93948761776813172,-0.3407837061702344,0.035063965395276044,9.1390388504745956e-05,0.10210246627549159,0.99477388286397017,-13.967082119918324,-3.4411473358049314,-3.3679355123903187,,0.1019742992208804,0.2,False,2
0.72128393240849353,-0.635141648654308,-0.2763052207143879,0.68801273166360788,0.70302166041759517,0.17999729456985414,0.079924776622266866,-0.31993066612685656,0.94406376847832985,-23.097882826607925,-4.1656579189054428,-4.9527216124582241,,0.2774317719016385,0.1666666666666667,False,1
0.25626122524123757,0.9529299884151623,-0.1620327794519936,-0.95945809558965267,0.27111699731413696,0.077043731573980007,0.1173471228677419,0.13572034094580288,0.98377316583052732,0.37833841112240851,7.5186023250681258,-2.1836476566956473,0.2149908511468177,0.1998067914372354,0.6395348837209303,True,1
0.74867046308755236,-0.60629285020845047,-0.26814458317554041,0.65809837049702091,0.72849878336164375,0.19025261467262872,0.079994202598918096,-0.31890202637600046,0.94440585826425516,-30.235763423412855,25.623525995813242,-9.0091663512283375,0.3549218290363378,0.4026539121452188,0.6785714285714286,True,3
-0.13581761085972524,0.98808076074327589,-0.072456792844747889,-0.98975221469635222,-0.13206486658244865,0.054308604458477759,0.04409229052820457,0.079090336094560232,0.99589185590224971,-0.18683504086622577,-7.9284787596353841,-0.39530093082156736,0.2001309555282083,0.1122293771077683,0.2926829268292683,True,7
0.9623036834151657,-0.18149300180313421,-0.20256335103392442,0.22130409147004679,0.95545639731489596,0.19526282782101084,0.15810161284510216,-0.23273023681191074,0.95960435435092228,3.6805767022564604,7.2252788531246921,-1.4712594097051075,,0.07693571810104666,0.2272727272727273,False,1
0.80170713108914382,-0.55083550563868222,-0.23204724020895073,0.58955263014235026,0.79268122986516765,0.1551907346193111,0.098454924981182301,-0.26122157940572532,0.9602447157884948,-21.333350543828619,19.99765652896,-6.9389980448552881,,0.1821908788448421,0.4285714285714285,False,3
0.43565056937589947,-0.8340907865379974,-0.33838017260897268,0.89978931250235183,0.39342294461004734,0.18867320891134376,-0.024244061314032436,-0.38666645376445974,0.92190090520848111,1.7176574327370708,-3.3223935706169168,-0.54985219369395744,,0.2724864234110543,0.1570247933884298,False,5
-0.53968696803618688,0.83302461476615541,-0.12168799335023003,-0.84107116861546583,-0.53979392926284397,0.034954302378882932,-0.03656864580104284,0.12121264424422838,0.99195273527502292,-25.586187787260325,17.495618917429461,-7.458624654739098,,0.1468243149413893,0.631578947368421,False,4
-0.73470596376534658,0.66936634706747855,-0.11025352702373101,-0.67323342559410004,-0.73942442269517417,-0.0028771139604488877,-0.083449993831431646,0.072112526896843832,0.99389933192154112,-17.800710177512606,-14.3092517184777,-3.0616602120247411,,0.126045953764067,0.3478260869565217,False,1
0.56913072547374044,-0.72981643643787841,-0.37875874435694457,0.82114771717477519,0.52829000481406529,0.21593076990602644,0.042504633869595972,-0.43390971401740963,0.89995317443794842,-0.22807395037195072,-10.480546937082483,-0.064036350018920593,,0.4870717756523808,0.2962962962962963,False,1
0.68994212875416316,-0.69583153460334135,-0.19949519899419499,0.72054977908930706,0.68653023861474327,0.097387100387758274,0.069194471054596862,-0.21093768491936976,0.97504739282577024,-10.052584503896632,-2.757548827733276,-2.7328486018871452,,0.07747605715580688,0.3230769230769231,False,4
0.24425555167640958,-0.94349406213569276,-0.22396022010603411,0.96930133001735719,0.2308397429352356,0.08466371541680652,-0.028180793137107342,-0.23776452173586538,0.97091393805109205,0.97889141428531512,-14.477454265688381,0.61495348510184888,0.10326435983802,0.08572525399845157,0.3333333333333333,True,5
0.34517105402001369,-0.82096938576478495,-0.45482547323529021,0.93851538959349301,0.29842913734323651,0.17357682299416241,-0.0067680841371833625,-0.4867744011568032,0.87350150281241545,-12.785722774646057,-12.85857516326473,-2.2386783805531807,,0.6044856718211613,0.1578947368421053,False,1
-0.97154011995950873,0.19292637066774243,-0.13743802534246485,-0.16723981072589744,-0.96956650773162101,-0.17880613186765837,-0.16775172433518878,-0.15073222145938567,0.97423773094480859,6.2107679175668853,26.878088231738847,-2.5798246773618074,,0.6168271972397313,0.36,False,3
0.29780776944468013,-0.89668557909353963,-0.32751412901441057,0.95448266280010341,0.27374841116399745,0.11842573115337444,-0.016534172867384019,-0.34787466080597296,0.93739524294542942,-5.1326093723480675,-9.3227439827489071,-1.1426911054974442,,0.663516975085082,0.1686746987951807,False,1
0.98142288737206773,0.10529402008287844,-0.16038168685065191,-0.067334142203870545,0.97180375050269518,0.22597252886703878,0.17965308078611711,-0.21097544843815863,0.96084032529883712,-24.184592118510107,17.20266240919625,-7.2273948901438816,,0.1021897897542616,0.1818181818181818,False,3
0.3659122319160093,-0.88882461878562891,-0.27586053645787567,0.93064804871351192,0.3499654394636349,0.10685691651343215,0.0015645957874954042,-0.29582932278867702,0.95523953216898183,15.237232730679487,-7.0648472222618359,2.5654102604302969,,0.1479718544336792,0.3428571428571429,False,5
0.11606218489545518,-0.9679506486796523,-0.22271306867342647,0.99191073862715851,0.10134996817324024,0.076428205182437425,-0.051406768361945382,-0.22978190893089129,0.97188354163174184,7.8441381579397058,-10.73228077052423,1.538967276437001,,0.09739009809462261,0.4482758620689655,True,5
-0.20219676630192257,-0.92775789153115984,-0.31365867180536222,0.97385176317533806,-0.22434592368466189,0.035800138077423639,-0.10358190506711307,-0.29821837842046917,0.94886067876950964,-1.3152837868307024,-6.3712646299846938,-0.82063709966632226,,0.08538563787912519,0.21875,False,5
-0.97152204502641015,0.16295995709279104,-0.17201444245183817,-0.172687619215148,-0.98403375149223948,0.043087841601930278,-0.16224642429805675,0.071565552526510395,0.98415164964250768,3.7234517184935374,-11.003179183573005,0.78681163537510379,,0.07177770533030725,0.2,False,5
0.52917223060084917,0.8459467393285246,-0.065961083832504069,-0.81842223842408035,0.52937980530919282,0.22347720551259512,0.22396827903486471,-0.064273913450467901,0.97247471639931204,-15.370779575653341,23.955324162316305,-6.3150825019509931,,0.2538125382994818,0.125,False,3
-0.47580714350325654,-0.80427160907781059,-0.35602632068803752,0.8682603446140027,-0.49414581872623575,-0.044089497685408971,-0.14046898647760334,-0.33010163384443869,0.93343525494336632,-7.0297234805896398,-11.471008511232258,-1.2543937311210314,0.4872894092429872,0.2493180263690485,0.2692307692307692,True,4
0.94662393986615678,0.29706267357506178,-0.12512747276561953,-0.25980036097815057,0.93291374390964832,0.24935059426459261,0.19080589327349703,-0.2035330793579245,0.96029547364297363,11.057249529021009,-5.2025842431432014,1.474895335152046,,0.3081333412165655,0.275,False,1
-0.65730333911853667,-0.68786783624764458,-0.30788010692411594,0.73345069673412622,-0.67778459127817392,-0.051556990661820165,-0.17321199682425617,-0.25970346105098796,0.95002721880706731,-5.7265090700101418,-15.520129458966966,-0.59723020158658457,,0.1309490730370053,0.28,False,3
-0.49242435102272147,0.85663481174392986,-0.15393199091902171,-0.86999760864069831,-0.48953217434031104,0.058842257308109359,-0.024948336203401589,0.16289582436050834,0.98632780094986294,-23.058004331649265,17.398470616328467,-7.001664047041591,,0.0723087432054169,0.375,False,2
-0.64511855249428318,0.76401415123976291,0.010219096489696267,-0.76109793005020177,-0.64136024516614509,-0.096886411811566917,-0.067468467456872377,-0.070280954929534123,0.99524298202660733,-31.765954777115567,26.623621274776063,-9.3945855698986804,,0.3091469733241461,0.3636363636363636,False,3
-0.79997868396583749,-0.55604883691167017,-0.22548568950039061,0.57012940838643333,-0.82154852828591585,0.0032362577434266043,-0.18704695371275962,-0.12596708554390401,0.97424110489465199,5.4207855008248611,18.899884158836482,-2.1817162076659069,0.1846157850286522,0.1227483562964564,0.1875,True,4
