axis_00,axis_01,axis_02,axis_10,axis_11,axis_12,axis_20,axis_21,axis_22,location_x,location_y,location_z,dbh,dbh_approximation,score,reconstructed,number_clusters
0.41974124454612016,-0.79459641936231207,-0.43867279145562127,0.90680248451333112,0.38792652305825309,0.16499171733267212,0.0390709829326574,-0.46704340595337324,0.88337076884406185,-21.761856407093649,9.2589916971890638,-6.806173785584809,,0.2193003950042447,0.5172413793103449,False,4
-0.41043831562061478,0.89652130834768062,-0.16670312759236419,-0.90996424249318186,-0.41453972502714848,0.011040550630601418,-0.0592069797770787,0.15622535022517797,0.98594531972756871,-1.1432829066465691,1.5358867070298852,-1.3396242234076767,,0.06733721178313404,0.1884057971014493,False,5
0.9586656506256831,-0.094591116225277855,-0.26835180461791552,0.17198262660472985,0.94397769906238216,0.28165240957433463,0.22667630325328236,-0.31616233868717919,0.92122702366967035,3.1802925087812546,-14.791971640734809,0.22588750564963003,,0.3503877062728832,0.3888888888888889,False,4
-0.92202403643649689,0.31627112713238598,-0.22325825936739643,-0.32457767296622375,-0.94585889149319868,0.00053999545226723553,-0.21100002475161173,0.072962535082515906,0.97475917950494406,-18.907417180937628,-5.3380999204953774,-5.583258206962018,,0.1170509168969611,0.4,False,1
0.62469931023808667,-0.70077240522455264,-0.34448339272576645,0.77375153540568864,0.61492963463072436,0.15221729832796085,0.1051633645591394,-0.36163459531510478,0.92636984311120718,-13.137221289080427,2.423739365729666,-4.3763062069119325,0.3105549519525866,0.1422912826499419,0.2105263157894737,True,5
0.96330669413688119,0.18037962093398202,-0.19875463612903832,-0.14312266272765137,0.9716558466888735,0.18815105370174123,0.22705971999634902,-0.1528008767875417,0.96181899316250696,2.5466767107322794,8.3869047603241604,-0.45502744132229389,0.8401242225012764,0.6809353452084416,0.9224137931034483,True,6
-0.75392020782379476,0.64290052009171594,-0.13521553720163815,-0.63786771273375609,-0.76559715190386157,-0.083580990951904161,-0.15725489272748494,0.023236227372296775,0.98728464813890981,-1.5357536047195652,7.0322608526257806,-1.4942405078087977,0.4017178547879414,0.3237057925178378,0.3352272727272727,True,5
0.46815628642376717,-0.8434798383666583,-0.26338461183384226,0.88013610773582607,0.47164047714770913,0.053997149698030336,0.078677336899122624,-0.25709341217704745,0.96317851620227946,-14.133228656561815,-3.1476934924043758,-4.5198789927835632,,0.1958012820976195,0.7872340425531915,False,1
-0.50644982947287676,-0.80228911425060456,-0.31597586518890108,0.84912397499423919,-0.52777956425782924,-0.020909486885114473,-0.14999015073289565,-0.27889228871877503,0.94853679210472741,9.023703099624738,-9.5828579260837365,1.5941154884382656,0.4180378397344144,0.3343258263918434,0.5,True,6
-0.040415614625016562,0.98933063953842693,-0.13996951012620076,-0.99918167785306333,-0.039793051268027305,0.007244840475541553,0.0015977287686088429,0.14014777465684791,0.99012930899025231,-9.1524535653636701,15.971737197773992,-3.683216772145474,0.3803076007060328,0.349502496164437,0.851063829787234,True,5
0.92763067768262508,0.33731623825897833,-0.16037169709424032,-0.28886550508428821,0.92012002242106872,0.26445389827388005,0.23676580368472491,-0.19898969758925902,0.95097058548561975,-10.422331734919211,18.648032240317143,-4.1236038594384929,,0.548306066951194,0.5517241379310345,False,1
-0.89245297471890705,0.4291708545648667,-0.13906856405182633,-0.42205696729967579,-0.90315000037034787,-0.078663798438940391,-0.15935998327426909,-0.011508884529086355,0.98715345377895647,-12.5422545979817,11.860747882865226,-4.5419564780502313,0.7346197069184344,0.4611643226331833,0.5128205128205128,True,4
-0.51310739806622596,0.85080016441162332,-0.1134014033725478,-0.85190743040858763,-0.52093226369204892,-0.053696430601258886,-0.10475938174858476,0.069055462360579273,0.99209718024688587,3.0199166652292262,12.578858415729833,-0.33857153948204549,,0.2157089945888944,0.45,False,6
0.94280325005320631,0.29602979426124537,-0.15325923332300936,-0.24961302263094384,0.93165918196595432,0.26401611237114547,0.22094200737332823,-0.21065974833407097,0.95226419643377891,1.6112972966281285,10.989629385076507,-0.70164716180534925,,0.4282445782592537,0.1666666666666667,False,3
-0.94207408912262491,-0.232137360321655,-0.24209224801027948,0.23673525987147714,-0.97151914967376918,0.010342076713135764,-0.23759803731798937,-0.047568768746419944,0.97019811631572905,-3.6676048624137407,2.7989071120406379,-2.0143280862557611,0.2280474918324903,0.2130724832823048,0.8424599831508003,True,5
-0.24794531057936753,0.9471970611922641,-0.20332449491007923,-0.96853026950041876,-0.24706985131265505,0.03009328220364834,-0.021731084260728804,0.20438741605363173,0.97864883596506269,-8.0901182315388329,17.041426232011702,-3.4223263094796681,,0.06327198991327118,0.2222222222222222,False,2
0.93572936761613323,-0.16705521767112594,-0.31064948869998932,0.23961642230392405,0.94736990678221089,0.21230692378189947,0.25883299778617785,-0.27309854260379801,0.92651101735743147,1.6188080359479211,2.1860808172626394,-0.60391223764476021,0.6960555949502284,0.6045388778880383,0.2364864864864865,True,2
0.93340321422766248,0.29149798553798356,-0.20925430484643531,-0.27032739920215448,0.95473101879708333,0.12414418628063717,0.23596935587077064,-0.059309410501032861,0.96994889397119932,-3.5991706829553531,-10.991543056804929,-1.6682217791296958,0.1613715146858133,0.1103754801104399,0.5172413793103449,True,5
0.72275528217117768,-0.59408577577201749,-0.3531103129604431,0.67751915435313181,0.70988878447015602,0.19242065681236514,0.13635467567443027,-0.37831204674031343,0.91558036114416319,10.993046682879363,-18.467399047628774,2.3338603482263847,,0.3889295119732499,0.5,False,2
0.61916764254268852,0.7561012241991244,-0.2119961537215149,-0.76404383121501407,0.64239979931724189,0.059661728264038122,0.18129659238500292,0.12503374185296623,0.97544764543661355,-12.078848960933708,-9.6085328244110411,-3.8468873721256145,,0.08978898276236698,0.5909090909090909,False,2
-0.19765082244571569,0.97400303466547666,-0.11068984076677688,-0.9802549988167083,-0.19705773977996474,0.016382444496073331,-0.0058557391836910888,0.11174227335817873,0.99371996793028083,-9.9325464380930093,15.435577752499837,-3.8754092582610546,,0.09933491463798709,0.1923076923076923,False,4
-0.42710978883203454,-0.85019811252244881,-0.30779928158967512,0.89323841915894053,-0.44957721534034056,0.0023353768992185123,-0.14036507693258762,-0.27394068137115063,0.95144844750917446,5.6240425738332407,-4.0370366215140869,0.56565060093422181,,0.0737536455052918,0.3333333333333333,False,5
0.84366226600391336,0.48801682720376288,-0.22377121639548636,-0.48704167060249948,0.87107081539171627,0.063451128197514584,0.22588579419226273,0.055454584470391158,0.97257410876670347,1.3764673280426232,-12.078171216193253,-0.37695931695092871,,0.1153956138940281,0.4444444444444444,False,5
0.30667390076679013,0.94927721786954111,-0.069454173541593806,-0.94560586795551071,0.31218226927414772,0.091497394711268332,0.10853875380059921,0.037616411108828129,0.99338026180245076,1.6411987604132041,-3.1894463258568462,-0.52099357984073047,,0.2129146286642406,0.2247191011235955,False,5
0.38731875028227808,0.91262619674852719,-0.13075783222466153,-0.91278048025179026,0.39954076758354584,0.084846743662099308,0.12967644562944067,0.086490462173984539,0.98777700894576681,0.97908605421164663,6.9466431065957659,-0.84204634883369867,,0.1996584698541706,0.4,False,7
0.79777855881633009,0.57700079067548271,-0.17498416686319801,-0.55438703524644872,0.81606279661215897,0.16339071924743812,0.23707464276803769,-0.03334065904282657,0.97091915946230944,3.3389232118378196,-16.093566230092975,0.27540521609765412,0.5626096516437835,0.331593638535406,0.6538461538461539,True,5
-0.09531840951626569,0.99015079003263951,-0.10254664209533643,-0.9939209218229017,-0.088964210413711525,0.064858079128030086,0.055096297244029369,0.10810542198800396,0.9926115130134211,-8.846642310626974,-5.4349500373916761,-3.1894067165638345,,0.2581242900709695,0.2278481012658228,False,4
0.3241704054629081,0.93960140158605276,-0.10983057115184341,-0.93879958003638098,0.33382392478038042,0.084952550095560964,0.11648560746087754,0.075569791462920338,0.99031323825985595,1.9658713317251735,7.5567644891045855,-0.59484546011241335,,0.06877382286350456,0.1875,False,5
-0.0039958949491508515,0.9945037040800383,-0.1046251183733572,-0.99998635881407893,-0.003622000173556648,0.0037634160682062968,0.0033637790229188013,0.10463872937792396,0.99450461100231125,10.38505626424819,15.054678381207939,1.676281727072521,,0.7880914497110366,0.1538461538461539,False,5
0.96845437253768807,0.085087298808307121,-0.23421417526302482,-0.04013149527964012,0.9808851755643162,0.1904041371524825,0.24593818613475471,-0.17499835410559442,0.95335721776314242,1.9893349553276212,-15.934813779034123,-0.076931174626848287,,0.1292620813782565,0.3333333333333333,False,4
0.21860122129284831,-0.88072492175992667,-0.42016320429119791,0.97538800595860409,0.20993878976563182,0.067408770822796296,0.028839970204103879,-0.42455778963848201,0.90494140107297194,11.035459083704346,-1.7526471067654288,2.0053648545905025,0.654328636559876,0.3079309702171027,0.5434782608695652,True,3
0.63560181708101182,0.75886170997291713,-0.14191277342191069,-0.74209935009337347,0.65123655560282834,0.15868050679765014,0.21283534648716346,0.0044557584704258135,0.97707791987238379,-19.528701752640035,5.6040782725809706,-6.1306202838233208,,0.2402902119141987,0.1666666666666667,False,4
0.41627363352231511,-0.86700085289684403,-0.27390834801128899,0.90691214540776688,0.41745974066253827,0.056901014383288387,0.065012479925090405,-0.27209719954845241,0.960071086665919,-9.6304936556242744,7.4921710103987227,-3.5819368110962877,,0.06140013950021387,0.2,False,1
-0.22773170443464644,-0.93724230735674596,-0.26403622496902468,0.96931138324855914,-0.24399171010362261,0.030058072218193743,-0.092594347019972767,-0.24908814243418423,0.9640442853928608,-4.0937813421712308,-19.523045099728446,-1.4037649054376049,0.2981211291597676,0.4301280978291787,0.9156626506024096,True,5
-0.61214777445968627,0.76792594839852968,-0.18858642581127011,-0.78036499448063612,-0.62519432464310198,-0.012748796935000837,-0.12769329509918442,0.13936209746653572,0.9819738429186583,0.51707842888462208,4.0560469854953691,-0.89578562702223519,0.5214480880224972,0.2625300264216859,0.5058823529411764,True,5
0.97016916212807647,0.026292069608311746,-0.24099901230382126,0.0063526637044997135,0.99100310627205157,0.1336880212397579,0.24234570456181653,-0.13123098123101917,0.96127362860196053,0.30392906187690283,12.240455437875923,-1.1019441256498437,0.1055887764111899,0.0873956316464267,0.5555555555555556,True,5
0.21466631903265102,0.96148122999720298,-0.17167473849124928,-0.96864023775708907,0.23210017343665298,0.088688213921391798,0.12511778958590578,0.14725268708496425,0.98115349710195487,-5.1731526290961991,16.841186384620851,-2.6362937171714198,,0.3652111075857842,0.1851851851851852,False,3
-0.80332140009333874,0.56145849844108386,-0.19859275586073583,-0.56807437122726279,-0.82251733958031858,-0.02750881394145049,-0.17879104257995804,0.09071703598552365,0.97969596430483141,0.32790747599034475,-17.789988370013656,-0.41053999079894049,0.5877377018419773,0.561581085632924,0.7543859649122807,True,5
-0.60089657130468388,0.7947724817178351,-0.085205709306058003,-0.79108989307335054,-0.60657963249254798,-0.078980570537317274,-0.11445563189056976,0.019946221428606664,0.99322809896783082,-18.593482046686653,-15.983325049948567,-5.0819337193970391,,0.1826291404228143,0.125,False,1
0.2705650615889032,-0.91002561456121767,-0.31408267747501062,0.96247320222248423,0.2628075661887071,0.0676573584879408,0.020973374811663281,-0.32060187771821735,0.94698181268309634,17.974319322028464,-6.3850174165394105,4.0612730756764917,0.5100504390337441,0.3910774850132691,0.65,True,5
0.11618704076860197,-0.95900274083623993,-0.25848465065843912,0.99314191151101672,0.10876033654965742,0.042899100151974304,-0.013027477026619261,-0.26169625954947345,0.96506235683510933,0.048217848087451609,-5.0132054349889907,-0.88876768503465609,0.202723054798586,0.1694880925466442,0.6143790849673203,True,5
0.5037661083752405,-0.73712868750283678,-0.45040093928943969,0.85898451500027317,0.4826598612769043,0.17083635825521357,0.091462074337998356,-0.47294899975843452,0.87632980811181216,-4.4670453659730613,-2.9036282277404739,-2.0864412739913782,0.3802715518263831,0.1611620958671925,0.2038834951456311,True,5
-0.86552811345989344,-0.40399100061689019,-0.29606140618311361,0.4502456194446342,-0.8865213065452725,-0.10657793023033167,-0.21940821994965559,-0.22554654610928443,0.94920429231893855,-0.8800534962027885,9.9887738829680561,-1.3875013472386979,,0.511126212249057,0.1521739130434783,False,2
0.36476362076035768,-0.86059152454454768,-0.35542893643017515,0.9301419667927886,0.35410811463395581,0.097176976497668599,0.042230588210883144,-0.36604599578806579,0.92963805127957544,-38.576239845095124,14.513912007776485,-11.185532782218633,,0.220981211218084,0.3103448275862069,False,3
-0.27047614812182758,-0.88561741242919811,-0.37752410797112224,0.94807852888589217,-0.31317237012222859,0.055409111683808174,-0.167301393786011,-0.34293565780513163,0.92434050990044803,8.0873229525754429,-5.9536488838711383,1.2867895485437952,,0.56341519937185,0.2142857142857143,False,5
-0.94943485618087098,-0.1784626669198083,-0.25831091805163608,0.20076766923206202,-0.97764349673098583,-0.062494290065068167,-0.24138309149552042,-0.11119473825447476,0.96403834639737485,-2.9226042316539473,5.2348436005717955,-1.8142370443384981,0.2691239990994508,0.2168631256105053,0.4506172839506173,True,5
-0.9020249202255155,0.38248511506988098,-0.20014040082435361,-0.37400202545371264,-0.92395811678094009,-0.080149132192054828,-0.21557719788668145,0.002556400711743706,0.97648345432307648,1.3330276484218198,4.8708539279467784,-0.71664466850084785,0.6258737680756012,0.3113511159401596,0.6621621621621622,True,5
-0.84814033668193911,-0.44395798529549396,-0.28906621488062573,0.47446113114593258,-0.87929022982344041,-0.041657253495194571,-0.2356790281819072,-0.17248188029299419,0.95640231944816223,-20.379543658730018,4.4332075362850922,-6.3092021909212264,0.333563599105931,0.488148465170204,0.5777777777777777,True,5
-0.92338613756367749,0.33089580853859391,-0.19459189306552599,-0.32854894943677482,-0.9434057689018176,-0.045179010909529721,-0.19852865984342549,0.022215289652893891,0.97984327936992721,-1.6782474714847029,2.7098210867621346,-1.5059695588904531,,0.1228801033143993,0.2857142857142857,True,5
0.89721223443034803,-0.34610489481783124,-0.27426557963338877,0.38946656590619805,0.91292133644366991,0.12202633939906098,0.2081489861366943,-0.21630079807767649,0.9538804769577921,-24.101008372110474,7.9185444909723053,-7.4749372234726748,,0.321085286292749,0.125,False,5
-0.91602994178176766,0.33509634550055173,-0.22045313559000512,-0.34123112749880224,-0.9399171702018766,-0.010818076797282267,-0.21083278536600195,0.065315789759218618,0.97533757449559066,-0.81327163154125537,-20.452774550361102,-0.53644720273030722,0.1528438552880219,0.15576760324032,0.6363636363636364,True,5
0.96868564384183009,0.071636548581468701,-0.23773163088253765,-0.061483954164830032,0.9968619643931369,0.049859275230496436,0.24055736695223731,-0.033681283431428247,0.97005037206910816,-1.8831090368694612,10.147900650303498,-1.6715264156324341,0.1969271250155274,0.1866641441533827,0.6907216494845361,True,5
-0.41009778782352085,0.88872437390772552,-0.20491166790735607,-0.90929993259530051,-0.41581954176678887,0.016362801320022876,-0.07066425549339142,0.19303651444008676,0.97864368750244624,-5.5162678079833976,11.347950580053105,-2.6246743474460246,,0.09758196209742191,0.5227272727272727,False,5
-0.7549902708607471,0.65507312343812119,-0.029477005523600219,-0.64313044263977037,-0.7484999696250666,-0.16165094871743202,-0.12795672962211646,-0.10308733394698275,0.98640766264466662,-7.76042469987628,13.925139282210981,-3.260616646337597,,0.1856523733276245,0.2432432432432433,False,4
0.92166579325583631,-0.26104796462916818,-0.28702983417243916,0.33877120901401581,0.90207286896897598,0.26739223439221704,0.18911962744588795,-0.34368371976724288,0.91984524094093101,-7.7357778118315075,-12.466806027851179,-2.6759370511629355,,0.3122313957880145,0.1875,False,3
0.059314681968045797,0.98324115691761993,-0.17239082297596611,-0.99630561379124605,0.069054266164389533,0.051055188301944984,0.062103884186731836,0.16872562244009931,0.98370461618370131,-2.1238027323384645,13.075213398400523,-1.753326744179253,0.5676144172452546,0.3432105030144377,0.5714285714285714,True,5
0.88922842981652206,-0.30306365808730196,-0.34267363299907394,0.41235899909338525,0.85535308293073331,0.31357799570057548,0.19807285395213209,-0.42014702506102736,0.8855753055836777,1.7959083837540815,-5.5587833115407799,-0.41600325417892736,,0.2627465177106492,0.1153846153846154,False,3
-0.74436001890362735,0.63916218794119306,-0.19339043348630103,-0.64494740330602418,-0.76318249014725026,-0.039941628678101915,-0.17312137137456168,0.09499570642334261,0.98030852619699382,-10.411900966417312,-8.0481957651794218,-3.427980287177097,,0.09992071017404523,0.2272727272727273,False,2
0.45007445972468235,0.88048460584838395,-0.14892897490935428,-0.88267233500476472,0.46392329511276559,0.075264369185887622,0.13536073921477756,0.097580915735248422,0.98597942938151539,-11.269368878435181,12.235030432822091,-4.1632087428418432,0.7495851521118425,0.5174636051455939,0.7520661157024794,True,5
-0.56027149893644945,0.81630631065690451,-0.14049859309337526,-0.82182197106414911,-0.56901556413874022,-0.028808603647326327,-0.10346253116825219,0.099324191159983879,0.98966166425434199,16.568167243014191,-3.1381478755881518,3.6195959340379074,,0.2102240243041914,0.3846153846153846,False,5
-0.95705690736575533,-0.15532110135569696,-0.24478037408491157,0.16414865861624495,-0.9863065787275932,-0.015954642996855062,-0.23895040058134109,-0.055449871346315724,0.9694472743938648,-11.856168326401681,-13.0564440519643,-3.669881501379102,,0.0789825992180726,0.3125,False,1
-0.38863790583137431,-0.80775106228947702,-0.44328185110742557,0.91296974142919118,-0.40248666942812955,-0.067012925375390525,-0.12428527421106662,-0.43074667996732541,0.89387385480917114,-5.4649172971898583,25.244730563336443,-2.8363286107935148,,0.4117375517939488,0.5581395348837209,False,3
-0.70671245478124201,0.6759953977236357,-0.20877674322954126,-0.68645100938415826,-0.72659779495557442,-0.028994069758599257,-0.17129657898668205,0.12282453591265759,0.97753343441812723,1.3947924512266647,11.809162378932655,-0.78739358490054512,0.7176397233235589,0.6587958945724975,0.7777777777777778,True,6
0.89299531272540056,0.42003807491242512,-0.16163968285767194,-0.3917011794017124,0.90221316449294131,0.18050371705574625,0.22165188360528826,-0.097874518846824396,0.97020153630816885,-2.918129231753738,3.4368563898279207,-1.8357470499000106,,0.1065018171963922,0.3333333333333333,False,5
-0.81901344374175467,-0.47902239627140536,-0.31583939406076689,0.52993065155566599,-0.84255463864388558,-0.096307764180561195,-0.21997837055505945,-0.24625032948215922,0.94391222670218067,-11.413680888405267,0.60848856402186313,-3.9276413726779031,0.6667011170968938,0.8581756996099947,0.6389548693586699,True,1
-0.90029851980432463,-0.33908723022626025,-0.27291468545247627,0.35642169930411266,-0.93420386064457839,-0.015057191701400879,-0.24985225134729036,-0.11082868335520024,0.96192039974336863,9.6601048449347839,-3.1800581198537343,1.6429358592403465,0.6420561824119527,0.4232417717373076,0.2926829268292683,True,5
-0.58348634136656086,0.80060796455516081,-0.13627390259880079,-0.80577913876589846,-0.59165241396688062,-0.025834097175040566,-0.10130976738869754,0.094732825029157031,0.99033429855460575,-8.3763435393222654,-8.9528647804679586,-2.9464833102544783,0.4189422635658959,0.2683370111138723,0.34375,True,4
-0.73874972394204697,0.66651929586803804,-0.10000436796022683,-0.65644396939555272,-0.74519055203030771,-0.11735568247415853,-0.1527421370145127,-0.021049213770110375,0.98804188685495509,3.5171476525186791,11.246582158730378,-0.17736979955040147,,0.141775853905069,0.4090909090909091,False,5
0.95398870363290389,0.21139213337399648,-0.21264740602321333,-0.18154981439991635,0.97165123173221524,0.15143826717386963,0.23863197235946132,-0.10586429908547518,0.965322501523182,2.3765835408193392,6.1803332930186512,-0.49876488896838039,0.2829696113327954,0.5252248172938888,0.6506849315068494,True,5
-0.97336846566126056,0.055895289015151312,-0.22232756626688271,-0.044668554055175995,-0.99747497968082288,-0.055212183341731599,-0.22485228558958939,-0.043810747273401542,0.97340745224622294,0.92530859539028565,3.002818743410113,-0.78223002665416819,0.6232708985743076,0.6683543509346205,0.8603896103896104,True,3
-0.18067463176115506,-0.91196918188476928,-0.36833257896959792,0.97844111713595028,-0.20475228016126909,0.027008962707107568,-0.10004827702526302,-0.3555119056532216,0.92930168793728674,-11.475885806654958,14.949968030062982,-4.2214441855255798,,0.6003002000381508,0.625,False,5
-0.24245103789194092,-0.8057321666057925,-0.5403824293237679,0.96527412075829089,-0.25619497403890817,-0.051088228306648636,-0.097279833570117435,-0.53400356831573648,0.83986714604551094,12.07059137159095,3.1188822773222533,2.279778544359818,,0.4602564197199679,0.3571428571428572,False,1
0.51806282866596653,0.84168040937817334,-0.1522661946185328,-0.83746540327276797,0.5353387423942878,0.10983682994734977,0.17396150113113529,0.07061529126679264,0.98221732664594608,-5.8497777773495123,6.4123891051591135,-2.6318555051015493,0.3922560765680688,0.2745297231804297,0.3583815028901734,True,5
-0.44992279347487463,-0.78718516486109857,-0.42179259848220457,0.88021746239884391,-0.47070452980496075,-0.060452167117734018,-0.1509526376049945,-0.39846801859584147,0.90467482520317721,-33.749837785870334,10.67406700576654,-9.9462278368488679,,0.6282612972364838,0.6274509803921569,False,5
-0.30849948113836118,-0.89571465327790312,-0.32019264520067997,0.94395877823312169,-0.3298028138821269,0.013112168091666775,-0.11734519646749457,-0.29820356110998697,0.94726170671432108,-10.578931998712088,-16.123460807814265,-3.224863554058381,,0.3853671518234409,0.1904761904761905,False,2
-0.37577633157611756,0.92656022952727679,-0.016682016831199686,-0.92583079248015954,-0.37614295445627738,-0.036794313534338235,-0.040366970690851808,0.0016182927002018344,0.99918361115761967,-21.035203678738299,15.17321325906193,-6.8648610449699321,,0.3022490558468392,0.6097560975609756,False,3
-0.15074226098880272,0.96603380213000589,-0.20989393486765781,-0.98856615864863495,-0.14650877314883945,0.035666922562841694,0.0037041499248155196,0.2128705534654026,0.97707338861554704,-10.850920396840259,-0.69983255061335503,-3.7476977447477182,0.1675076348203743,0.1530837256402036,0.8032786885245902,True,3
-0.7936192344785179,-0.53793356309076135,-0.28424635858039193,0.58614463524338423,-0.8012441966271725,-0.12017572111986827,-0.16310419136593274,-0.26198324196741724,0.95118967808061838,-19.64453924782277,8.6165514773890788,-6.2808430033802285,0.7302363595031404,0.4137702202902962,0.1363636363636364,True,3
-0.4553637647594041,0.88863428588054527,-0.054524743939927511,-0.88922168132951807,-0.45697665072015042,-0.02138088281849105,-0.043916320401947304,0.038748505186216003,0.99828348185682547,-5.4842736102231573,-14.597193040604793,-2.0292491408370479,,0.3111119064601567,0.3928571428571428,False,5
0.66718541977088164,-0.67666230760936452,-0.31143496448844932,0.73475549189345057,0.66656455346454224,0.12580168201191991,0.12246625158616366,-0.31276159854653574,0.94190349808090723,12.998067005954741,5.390076598707509,2.5073396904285516,,0.1801235262185395,0.2222222222222222,False,8
-0.78303119833645229,-0.4990330919838018,-0.37125209162625228,0.58426289871521919,-0.79484540487694266,-0.163883030027211,-0.21330496388192682,-0.34523434859685792,0.91395527075028915,0.96163576762885006,-5.7078870356929512,-0.63941766917439191,,0.1328393272096383,0.1739130434782609,False,4
0.88303484072873129,0.43877045572495027,-0.16652314326274054,-0.40713303167402315,0.89269660717602339,0.19322386513144438,0.23343556836759563,-0.1028263328108876,0.96692015218505079,-14.873290536786646,13.581757056666683,-5.1634900509233388,,0.1148111375783232,0.2,False,4
0.1605648669781673,0.98438451095387269,-0.0721530185535528,-0.98395764631863081,0.16539651196625885,0.066868109592663288,0.077757788956378165,0.060258845188910809,0.99514953541320372,1.6407690432867985,-7.5427885593740953,-0.37214306339502656,,0.1421792711936869,0.3421052631578947,False,2
-0.63327099109510188,-0.71406227001967304,-0.29846763035843632,0.75717600246728767,-0.6514452620882516,-0.047995539276354623,-0.1601635199572187,-0.25638670994636575,0.95321220189304801,-13.408694806997296,10.820829215089848,-4.6821665090186437,0.5265454794098892,0.3874115491525063,0.3571428571428572,True,5
0.96317281292438195,0.15112570628233329,-0.22239413963501573,-0.12266276406439833,0.98298412703169646,0.13673350838698892,0.23927385723353622,-0.10441851801476082,0.96532108354691282,-9.0037853184208281,8.3663951226004265,-3.5303355915334631,,0.07628148531217258,0.2372881355932203,False,5
-0.89181309183513047,0.39839627452299603,-0.21435908582950869,-0.40538542786002257,-0.91406343271003987,-0.012275824252768051,-0.20082844447490864,0.075950308942992983,0.97667778026391705,-1.8202363107723072,-10.395531932058804,-1.213666566163409,,0.07805260566747246,0.4482758620689655,False,2
0.71219807696718163,0.69709144441303206,-0.082688676917715365,-0.67592361940455803,0.71278413670707197,0.18725927264036246,0.18947601403684761,-0.077474464082742889,0.9788240636190968,4.9974571889316532,8.5516259080259296,0.22497734552091672,0.3136897609274709,0.1999284531459398,0.4186046511627907,True,7
0.43355002254863428,0.87637564190845041,-0.20976203712214059,-0.89013094345848298,0.45275188997759774,0.05179410796050174,0.14036125336356048,0.16426034333114242,0.97637966906472706,4.5904259186794807,-7.2537170402114635,0.33808386320287759,,0.08087614298903624,0.2432432432432433,False,5
0.95743965505899664,0.17264532561551152,-0.23130693561504742,-0.15499797940174731,0.98357004925008251,0.092550443540622043,0.24348497551570852,-0.052759357097147901,0.96846864530392041,-4.3993027318287448,-7.3884784315854368,-1.9399875283208103,0.2176173644437127,0.1783205382271084,0.7327188940092166,True,5
0.85224268108402179,-0.3817476526429408,-0.35770258908808994,0.48837705166602363,0.82567233954816888,0.2824058128138564,0.18753737746038915,-0.41537202289833786,0.89011000143163321,-11.214758302956643,15.670748228547005,-4.2423176190725496,,0.28174890503859,0.1578947368421053,False,1
-0.80202093317916257,0.56951594421777896,-0.18003891808205294,-0.57199069346569575,-0.81912757337335107,-0.043089037215013809,-0.17201473579625925,0.068422275767590066,0.98271528066257641,-14.013766092708098,-11.994228495843538,-4.2450077946094424,,0.3285926142688251,0.5714285714285714,False,1
-0.78681282595416768,-0.52412284119594132,-0.32591536363097179,0.56972983382183651,-0.81985541217772262,-0.056965073301428915,-0.23734677871704296,-0.2305045562664409,0.94368117294616627,-9.6366407392992421,-6.1192894804262474,-3.3577731442769454,,0.1382533007092993,0.1136363636363636,False,4
0.17606802265928126,0.98399524919469328,-0.027448150377109071,-0.98097478375514713,0.17770771028996485,0.078156531013345687,0.081783403165880564,0.013165077507234751,0.9965631719569189,-22.007114900239699,-13.382331137708174,-5.9608691990997213,,0.2177471357138552,0.2105263157894737,False,1
-0.70940626072006141,-0.64916867149873836,-0.27444998304926482,0.67612301962730026,-0.73677217186046084,-0.0049425805080871993,-0.19899854165606323,-0.18906824883248047,0.96158867386329883,-5.0956955009716891,-9.1868371876040165,-2.1078161999455389,0.3061375760434358,0.3154443129324829,0.9036697247706422,True,5
0.82519812765131473,0.52194436008728284,-0.21592159478348213,-0.51768586519012372,0.85177376482697365,0.080515827852895572,0.22594113194174817,0.045338047218213218,0.9730853335506201,-15.774444446165461,12.031871153442232,-5.3978413971832087,0.3608639755481747,0.3669294972471929,0.851063829787234,True,5
0.89782041070252894,-0.35496275542487005,-0.2606145667209066,0.39167323765288958,0.91418795754733706,0.10417510826455152,0.20127241498140047,-0.19560628961414261,0.95980601916790598,8.60768080504082,-8.3128992535015502,1.4567122207089471,0.2488672019965452,0.1533248228182449,0.5116279069767442,True,5
-0.055418672532813594,0.99151264567884778,-0.11760716046921492,-0.99756397655340689,-0.049985423394260819,0.048657683165655795,0.042366064457932014,0.12001721087838753,0.99186742343688161,8.1882948741969042,4.6312716519459327,1.1479710630570321,,0.1837057477911903,0.4827586206896552,False,7
-0.25864340191655882,-0.85640837966575079,-0.44684256498605124,0.96212682617190814,-0.26963195780309185,-0.040132003334538854,-0.086113651678471292,-0.44029909671671574,0.89371200306644871,1.9159431259320816,-9.6162695006242291,-0.26121999579923527,,0.2668699306618126,0.2105263157894737,False,2
-0.24415790378140187,-0.90216092478326027,-0.35565795902142516,0.96034429900213403,-0.27586269843474903,0.040479611984307162,-0.13463188847807572,-0.33167067613298706,0.93373915907940563,-7.0379905619676304,16.664203739457342,-3.1410404877985751,,0.2846037121836157,0.125,False,4
-0.53036495722985222,0.83523253103597828,-0.14525712113976075,-0.84301144229810576,-0.53771676058790696,-0.013870599746054015,-0.089692364764481031,0.11509693515503205,0.98929670737391717,-7.789981205852432,11.160676253936934,-3.2174910891594739,,0.07192942693280553,0.25,False,5
-0.92439769445850395,0.33297217479194302,-0.18606029478136146,-0.31369693524573955,-0.94115825684741572,-0.12575916819606076,-0.21698648643921048,-0.057884940893625864,0.97445687350467636,0.2055468989334881,17.085716552487103,-1.1726337491872512,0.3835682792533589,0.3462784099287375,0.5,True,3
0.25387027176338467,0.94543642890241608,-0.20420539664522064,-0.96198333784655532,0.26877712970871259,0.04844494040811706,0.1006873518391721,0.18414345888407949,0.97772861456020699,-1.2936834047651851,-7.6371072467185677,-1.1353500720224836,0.1062882363142969,0.08917884198123535,0.5444444444444444,True,5
-0.24284430099662921,0.96989680366333608,-0.018078598316857319,-0.96983806418532037,-0.24314859445934744,-0.017114037212574994,-0.020994635760790872,0.013377266390686871,0.99969008898417311,-7.5239740079800619,-5.1142425777024769,-2.822418926973477,,0.1591467182718801,0.3529411764705883,False,2
0.32283653507555232,-0.90301651031850849,-0.28343915345730808,0.94561027537657549,0.32039279185275782,0.056299787131329729,0.039972224389560974,-0.2861986041562381,0.95733618977680568,-2.7119966811004033,15.080887378872028,-1.9342837646605116,,0.1983103249171156,0.4210526315789473,False,3
-0.56178174751679211,0.8158438020487605,-0.13711367114770664,-0.82040137434484095,-0.57073886526298279,-0.034622718717892936,-0.10650283155895446,0.093037832825924802,0.98995005355471333,-9.8245362221730232,14.319367019567022,-3.8154914476625916,0.7642618397982579,0.8330018833858149,0.6911764705882353,True,5
0.96761662452228625,0.12337417433798017,-0.22022007414066191,-0.092873400882038271,0.985227111967518,0.14388213667008126,0.2347181274565327,-0.11877016018582047,0.96478031162163225,15.793467249669394,-10.239881493475595,3.5404747250120159,0.2766951476011009,0.2278936649075489,0.1538461538461539,True,4
0.9278921032540608,0.30900470096459864,-0.20864404976067502,-0.2880007389936925,0.94940189822257848,0.1252661566044577,0.23679488815817595,-0.056143837000551616,0.96993610640547501,-13.277096762637823,-6.6709761751461913,-4.2058829486863134,,0.1162084237840658,0.4117647058823529,False,1
-0.8923541689772212,0.39761854084629983,-0.21354983747179968,-0.39422780466299373,-0.91704299369385656,-0.060138055735161122,-0.21974638822872394,0.030522838863191223,0.97507942300520434,0.19624285093085383,14.443020264280532,-1.147570644714224,0.8106528862246106,0.6101970514599201,0.35,True,3
0.1171347895976812,0.98642845225105458,-0.11505802734053666,-0.99201131571030998,0.12167964446343858,0.033280829706465856,0.046829377196441153,0.11024052209981544,0.99280110632419905,3.3459549764990011,5.0188723329655849,-0.16050944880987827,0.5277626217999496,0.5643071102507938,0.9197080291970803,True,3
-0.84343351054352378,-0.4581606522513294,-0.28055076193242401,0.47893707681065206,-0.87782666570856938,-0.0062945553490930083,-0.24339102232476592,-0.13967520073231243,0.95981854980620851,4.6795641189721602,16.784360470623312,0.06412426612196355,0.1796888327983123,0.2212025322096844,0.5217391304347826,True,5
-0.38466048270078834,-0.86888189777284464,-0.31157753572916091,0.91470226997132498,-0.40412186508160058,-0.0022968396274121068,-0.12391961248205183,-0.28588418264330173,0.95021795592204517,10.785042312689106,11.703597955131267,1.8241942614610844,0.3329877518545542,0.2145122710489744,0.4827586206896552,True,6
-0.85921634510624534,-0.41967120574136696,-0.29261468072168223,0.45758085102185797,-0.88619765522551197,-0.072618734847943012,-0.22883845192706792,-0.1962900785684058,0.95346901783709315,-13.575294764559091,-15.539277223298628,-3.8862047939427233,0.9054651058659273,0.4421180372720852,0.6326530612244898,True,4
0.84035091088439084,-0.46709893803999186,-0.2750071429212087,0.50993221331181959,0.85329286635639134,0.10890556483578688,0.18379195957027847,-0.23175389167650456,0.95525423280408028,-15.330148038782355,-13.732970207438591,-4.4245896419235127,,0.110122783785131,0.3181818181818182,False,1
0.96439530044503741,-0.099040200404542617,-0.24521978546469916,0.12501800805514304,0.98781373309163345,0.092706668462922609,0.23304978468440873,-0.12006276450006496,0.96502473048059856,-14.062708549415692,13.427613028420138,-4.9693231302877798,0.4852856819227216,0.4896825240800968,0.8961038961038961,True,5
0.47545563711032507,-0.79906289571060685,-0.36802231703878285,0.87630057060592359,0.46711923851655746,0.1178852279271822,0.077712592903256314,-0.37854736256681387,0.92231374661660626,12.476896955583323,-18.703672949791532,2.8357107919629407,0.5824458863746891,0.4833856500916946,0.4230769230769231,True,5
-0.05090908000322894,-0.83714787486587217,-0.54460233306586092,0.99734653138278861,-0.071030540817506038,0.01595489297653948,-0.052040002997166109,-0.54234499894322508,0.83854262873710128,-8.7035140625383178,-16.094573884555256,-2.7725797062929751,,0.1163648901620652,0.1538461538461539,False,1
-0.12485403666904257,-0.93557235445574771,-0.33032686706590147,0.99192912580766768,-0.12511533953350798,-0.020561157259522813,-0.022092507822363602,-0.33022798396190378,0.94364262287508782,-8.9800395255424288,-28.176295887792136,-1.8963828666857756,,0.5072443968293091,0.25,False,3
0.96760696170185134,-0.097484502384526106,-0.23288095555659588,0.14410846203869573,0.97067013721228002,0.1924376155878447,0.20729090388860205,-0.21976409287946622,0.95327552399393523,1.8319407557891865,-14.845695002704588,-0.12095688154772945,,0.2238253859776791,0.5,False,5
0.8422443715873893,-0.42499352293759446,-0.33166990214738606,0.50436403219189752,0.83845957237134194,0.20640365435233263,0.19037158811255075,-0.3411246853570688,0.92053930251757665,-2.5670444772382788,17.898116846552284,-1.8878190550860563,,0.2228248824931814,0.3,False,3
-0.13657162559855829,-0.92216131465283735,-0.36189321745387504,0.98832025576536164,-0.15176887907660447,0.013757884565618765,-0.067611116876273497,-0.35578746057383959,0.93211802888537743,0.61384360696672746,-3.1609148558757796,-0.72661027822222146,0.4031123891695126,0.4747322480017315,0.249400479616307,True,5
-0.86208644721207883,0.45396068807124323,-0.22522577831842272,-0.46951977082465279,-0.88273996429485502,0.017925965566291939,-0.19067811184827008,0.12120168778776058,0.97414167785768047,-15.720304431251574,-3.704970974863687,-4.8494611830536885,,0.4832605309221102,0.1333333333333333,False,1
-0.34643696150034714,0.92481803811007401,-0.15714015429749434,-0.93622468025443817,-0.35137985337894745,-0.0039429331548782864,-0.058862380081692478,0.14575251293072974,0.98756844076018124,-0.53973210072966693,-9.2506718086207442,-0.92796165560710286,,0.1143005173839428,0.15625,False,5
-0.94306885707849442,0.29446937608743573,-0.15462508643599271,-0.24968549583061475,-0.93394094737534483,-0.25575664211797722,-0.21972319854872399,-0.2025884827978118,0.954295353995396,-1.5480317783691684,8.9953149919486766,-1.5390878230385241,,0.1052937959736695,0.2258064516129032,False,4
0.96904636063167815,-0.037834691271262946,-0.24396247064437593,0.08449155388651565,0.97933876776105533,0.18373011533795972,0.23197053318976055,-0.19865576784142513,0.95222138058068839,-2.3663503206615841,13.888224526351076,-1.8371850229425586,,0.1079100925176232,0.1935483870967742,False,1
-0.76948536222337416,0.63449538559383489,-0.072855219333232468,-0.61769942124946964,-0.7683559741191629,-0.16756050257582164,-0.16229510871259381,-0.083932727201745883,0.98316610752834865,-13.478588830543542,-4.3540357833468768,-4.2896535355226675,,0.1471477863703364,0.4285714285714285,False,1
-0.082249382481279526,-0.93438772224108757,-0.34663326961871666,0.99547489977272341,-0.093634593904840982,0.01619526927108992,-0.047589526199950549,-0.34373266843491801,0.93786091167436791,8.82544838109885,-2.807920271153864,1.3642929714290148,0.5038226445028633,0.3851603862852121,0.4642857142857143,True,5
-0.75453445625160387,0.61589177920146798,-0.22661657185904957,-0.63107713017734868,-0.77568910716196615,-0.0069328780022782054,-0.18005390886126149,0.13778144048573013,0.97395937521102949,10.296250568456614,8.8019649770962527,1.7362088041388883,0.7383823224973723,0.5815259691735346,0.9032258064516129,True,5
-0.97146223575817003,0.057475039831790885,-0.23012549683177733,-0.032096534912752002,-0.99312809099277932,-0.11254513462443899,-0.23501263145272172,-0.10194711706258616,0.96663118529266123,0.75667541218421541,1.491760244502595,-0.83013330306341093,0.3589943803329767,0.3511946437031802,0.3964497041420119,True,3
-0.50578662429650423,0.86263075208007556,0.0069337038088416181,-0.85750990597467891,-0.50187479163880599,-0.11313025533782364,-0.09410978609073023,-0.063165489654295498,0.99355597178955579,-18.73112037755353,7.8094094881606804,-6.0184732025616103,,0.325363343421883,0.1428571428571428,False,2
0.69687642249620019,-0.61984555542024267,-0.36076964838338138,0.70031976684900255,0.69658716840597523,0.15594403153921693,0.15464629297030116,-0.36132783485073039,0.91952526872980889,7.2432991120165688,2.3378210131499042,0.8654437015603732,,0.3529722837648178,0.1739130434782609,False,5
0.57968667550494701,0.80748529789323487,-0.10922843919188749,-0.80590076018139178,0.58795405223652719,0.069526953030471655,0.12036329582176075,0.047723433917946367,0.99158214529811017,-8.3135758459635891,19.127732854120644,-3.5573177943754941,0.3201961613312483,0.3173864778732331,0.4523809523809524,True,3
-0.76367257680566492,-0.59365747623111353,-0.25372228193420643,0.62413544139617083,-0.77937897042164106,-0.05498519125828065,-0.16510344099443516,-0.20034775112141312,0.96571301761568351,-0.46556460005855715,-12.89151462219737,-0.80291692256407032,0.4680477354876632,0.1830586054874803,0.1333333333333333,True,4
-0.81663904294136724,-0.51309511818984666,-0.26426137295025609,0.5317209719542082,-0.84691870242547074,0.0012326662274303839,-0.22444037410385637,-0.13950667070682884,0.96445031354674593,-6.5574987120344037,-11.611745962434577,-2.4106150837540112,,0.1225200202916535,0.4464285714285715,False,5
-0.64066312670643544,-0.70169441786704545,-0.3117301750119168,0.74585567578328993,-0.66515388972619849,-0.035631641611895887,-0.18234601443569867,-0.25533359927031701,0.94950233496452219,-10.873816831301971,-2.1699515816602211,-3.6830059323613686,0.10018935837973,0.1707479565075928,0.1544117647058824,True,2
