axis_00,axis_01,axis_02,axis_10,axis_11,axis_12,axis_20,axis_21,axis_22,location_x,location_y,location_z,dbh,dbh_approximation,score,reconstructed,number_clusters
0.045856222233455812,0.99870455860461893,-0.022054738829347303,-0.99650083084219576,0.047277180317898848,0.068927225042097071,0.069880619726007995,0.01881682341798635,0.99737787530261901,20.814586129742185,0.77301182731926199,4.1531817740112791,,0.190592440942716,0.5454545454545454,False,4
-0.4281713634320693,0.89752185711209709,-0.1054694246821103,-0.90295158747437843,-0.4296353928260081,0.0095843575028382727,-0.036711227359257824,0.099337531866331458,0.99437635759730469,-9.5678405751325801,10.495764359172398,-4.0554743180362607,,0.08841328370981905,0.2962962962962963,True,5
0.96660118438669629,0.1341675747726159,-0.21836028077896893,-0.10624470190354642,0.98513416688645983,0.13499161659283515,0.23322567109917855,-0.10728343354197305,0.96648644647909199,19.4588977130704,5.1325242124754951,3.4864088391381793,0.3597969306226658,0.3824595004273023,0.918918918918919,True,5
-0.75054633065491549,-0.58855466905527731,-0.30047230666681329,0.61903907989408213,-0.78531907917314647,-0.0080350140341862303,-0.2312375901628681,-0.19203475055279581,0.95375669406604691,3.4568239380848054,-7.9206898616027894,0.60531520930405869,0.7920485839203033,0.3456244464332467,0.3,True,5
0.96434333300149655,-0.11179844850251536,-0.23988131025153964,0.15263311151840664,0.97540839486784547,0.15900187574221636,0.21620608077428033,-0.18994622958554344,0.95769272760236712,5.464518930315208,-9.4519093753110148,1.2754344564415943,,0.174014511579329,0.1666666666666667,False,5
-0.91904148505610073,0.34892340773774888,-0.18334449617742093,-0.34397383866629949,-0.93711123752161507,-0.05919904411286054,-0.19247011991227669,0.0086593327331011688,0.9812646273547061,-11.782254865919072,10.987170352998252,-4.5282245988874417,,0.09271839610597166,0.2352941176470588,False,5
0.030577556283690327,-0.88774494862558118,-0.45931897330883309,0.99768010624384751,-0.00085579011189195441,0.068071089520794936,-0.060822846505087548,-0.46033484966168592,0.88565930669189619,-0.4379329331812139,-13.428669962128982,0.30830645256801753,,0.2833862676455087,0.2962962962962963,False,2
-0.040512584246417654,-0.95749881907856182,-0.28557790877593725,0.99607039826331845,-0.06122975992240981,0.063989672630817784,-0.078755902770726222,-0.28186331432629663,0.95621680586348423,1.1696914995658216,-6.3242941202767291,-0.11110776090394701,0.2049315358698239,0.1464029545491927,0.4461538461538462,True,5
0.85889054349789362,0.4949395869184548,-0.13168841859056291,-0.45584893185038527,0.85596767490197856,0.24396944655789335,0.23347116657257028,-0.14951302559941484,0.96080022354043682,-18.835679604106343,-14.503818128062607,-3.782753173441276,,0.4473455205584202,0.4782608695652174,False,1
-0.96007693727139398,0.20467711696832006,-0.19068180906713625,-0.17631770705794736,-0.97196522272913188,-0.15554958046531756,-0.21717352669560586,-0.11571898545461365,0.96924959412317901,2.2695179756257238,10.871539562311609,-1.1876989079319751,,0.1215170816087541,0.4838709677419355,False,5
-0.37582926129551542,0.91057817863003299,-0.17204576994764842,-0.92646279652838515,-0.37330644470894686,0.048051898896613113,-0.020470784129377528,0.17745331482273838,0.98391629118312252,9.8987380895330208,-14.078518725493261,2.8185243009181944,,0.1912714777815043,0.4594594594594595,False,4
0.77948920432603197,0.60760503749434092,-0.15235714210588419,-0.58427648293260226,0.79291964565849371,0.17291450783760004,0.2258706971501187,-0.045766296991469529,0.97308163800814285,1.0239922973347495,27.744569844092975,-2.4394634172245997,,0.1407954744743448,0.2352941176470588,False,2
-0.72332900415042534,0.66349435438778981,-0.19123387108534184,-0.67974690288360018,-0.7329021310979581,0.028259763838821898,-0.12140551789316859,0.15043173843176394,0.9811376011026639,-15.692884242052115,5.0465072100353998,-5.0486795406436293,0.1850671118717984,0.122522076655965,0.119047619047619,True,4
-0.82413086013299153,-0.50946593778978322,-0.24749299708967581,0.51712533295901975,-0.85505860502344122,0.038159821637267666,-0.23106214616089041,-0.096536211896581375,0.96813792633290641,6.2438110163843232,1.5589447786198134,0.37321484822624751,,0.06982703691505167,0.1627906976744186,False,5
-0.62016441657207899,0.7632402204451989,-0.18127454954454403,-0.78034082014163209,-0.62388567133904227,0.042835423641162433,-0.080400875856535992,0.16802093617343369,0.98249919296094324,-2.5669060652031388,12.851367078195988,-2.4675698604541156,0.469192354191068,0.190910203776723,0.4065934065934066,True,6
-0.94917405019746204,0.24107603929868218,-0.20236344953525093,-0.22602995718989097,-0.96949797159726125,-0.094784711433499341,-0.21904127666830714,-0.044226986612880874,0.97471272320138624,2.5019927698116757,-15.766940852809153,1.2528433439087499,,0.1670091453222375,0.375,False,2
0.6284133116093279,0.76656251441831569,-0.13220673689667389,-0.75141100155054408,0.64215719776946756,0.15170906400631382,0.20119198925654258,0.0040056012698997945,0.97954363793424781,10.684168826064194,-4.9171620733981589,2.064957481843277,0.3238808438008128,0.1750472258415758,0.3055555555555556,True,5
0.96088637388967524,-0.14201706622823612,-0.23775729089362752,0.17332643553406579,0.97796982861116288,0.11633125577981657,0.21599843336979907,-0.15299074228912865,0.96433319426203257,-2.3653192957000266,14.93976476527177,-2.5274007847975177,,0.09164110287539858,0.5454545454545454,False,5
0.046734532077988264,0.98446431143260915,-0.16925100598510454,-0.99518789697710708,0.060495380976777077,0.077080208813659817,0.086121618782593015,0.16483424521619586,0.98255419106646358,-8.2158130660961657,-13.516447717618261,-1.4879627979131202,,0.09902940957512474,0.3181818181818182,False,5
0.90439301475343881,0.39440283522958719,-0.16284863655569692,-0.35688372536573432,0.90836134869093754,0.21797629865069287,0.23389587733489769,-0.13901821379676851,0.96227161175963971,4.1468010408855953,26.055984678969828,-1.5742252037105784,,0.3647892983564512,0.4333333333333333,False,5
0.52553708232702945,0.827962677064492,-0.19567468024094023,-0.83087952034551527,0.54893371033678873,0.091164709873362615,0.18289340548418093,0.11467164882431728,0.97642225250468007,-10.362718807454103,12.554244543886101,-4.3347503457195549,0.1984610507785372,0.1440754623946993,0.6229508196721312,True,5
0.091275437707558096,0.98047362851021502,-0.1741845523211154,-0.9915952918842238,0.10559217707821938,0.074760077935510524,0.091692810974118022,0.16589682316396437,0.98187100602867872,-4.1195888326614538,20.685922895451927,-3.2578650351205911,0.3245109195900833,0.2735589223733348,0.8571428571428571,True,5
-0.93941042192910695,-0.24091404777761297,-0.24386160163991341,0.24420878196170492,-0.96957181162758221,0.017104762786700853,-0.24056211252763454,-0.043484752277261784,0.96965919081687035,-11.758279406575371,-18.121655502217006,-1.765072574919172,,0.1768724263936843,0.5384615384615384,False,3
0.19803608812414897,0.97797002401953592,-0.066002575099107064,-0.97517142922053779,0.20338241809060995,0.087614357519706657,0.099107978651867185,0.047013020864918847,0.99396548452986866,14.415883997904915,10.271309945751764,1.8192634582464586,0.2617998129007155,0.3365854750151741,0.44,True,5
-0.11039945476956499,0.98600649901121773,-0.12491254658450129,-0.99292026015724466,-0.10387467549698802,0.057614310372213602,0.043832834221084513,0.13038878670360377,0.99049353705418508,1.0217570419198223,7.5859298167724196,-1.2895919256145192,0.7602393220032453,0.7378225990386771,0.7414965986394558,True,5
0.14994270743487612,-0.91391033263993304,-0.37720695696270701,0.9881029340377786,0.12532020673010744,0.089148401730237053,-0.034201991652998143,-0.38608645363323685,0.92182833222237126,-19.812891986858741,-4.6699110282429031,-4.9948383241148937,,0.6315263179457573,0.2,False,1
0.96345059793194099,-0.10334985577163799,-0.24714722870500988,0.19005123251208794,0.91389759032155904,0.35870841002837339,0.18879479432765384,-0.39256846755238639,0.9001369473132127,5.21772218171649,-11.498144032422694,1.4281951334367038,,0.3888876702058712,0.1666666666666667,False,2
-0.73956339570225471,0.67009980331134855,-0.063342223985585144,-0.65768451816477347,-0.7394496957852198,-0.14375403288086719,-0.14316793741518247,-0.064656020641823131,0.9875841942290513,-19.057430798202027,0.47644411509385476,-5.3682096303810534,,0.2046442477079173,0.2727272727272727,False,2
0.86791475498818138,-0.42552583968705282,-0.25622595073964771,0.46578070374037533,0.87641707457460449,0.12223521349110242,0.17254655631721103,-0.22543484902011773,0.95885703561602487,-10.836740988786815,-14.735071161293856,-1.8964268223615126,,0.0990506863103011,0.25,False,4
-0.97308243658543048,-0.016157259124894914,-0.22989022290330879,0.038515010674759938,-0.99491135852748547,-0.093102001190723246,-0.22721612082263246,-0.099450146558792404,0.96875306595011634,-4.2045599689829141,-15.340260831136069,-0.30842431230340428,1.013428603289726,0.8517638814038886,0.8059701492537313,True,5
0.17595920105637847,0.98427592931977981,-0.015467854579255341,-0.97706999087683999,0.17654149220385301,0.11902661239558379,0.11988574765806237,-0.0058306510889368501,0.99277057320226125,10.126687785916195,7.2943671958416196,0.99579177949096365,,0.615984267510286,0.1052631578947368,False,2
-0.26100860194031661,0.96478514592561271,-0.03262103484651846,-0.96483526498321759,-0.25963529292889687,0.041017387904305098,0.031103394636722848,0.042179815872313758,0.99862577674274566,0.93689796660358216,-7.5373922468758403,-0.070369177042139686,0.6324283533569791,0.406157627818258,0.2666666666666667,True,3
-0.89800960379770089,0.3823423470868465,-0.21769952023653594,-0.40032390816323277,-0.91532840156577577,0.043757123305331616,-0.18253635265341561,0.12644463970909881,0.97503447787697461,-12.875491091602457,-10.15032481266161,-2.9296929860589755,,0.0633882797880875,0.1379310344827586,False,1
0.3239873908480343,0.94210994239795542,-0.086377236621723752,-0.93549381582837687,0.33263872553487328,0.11917549589323946,0.14100883347630194,0.042194012720495611,0.98910877772477401,-25.589715815721938,-4.6299598280934324,-6.2337232249404932,,0.3325939592381616,0.5813953488372093,False,2
-0.52253936259760014,-0.77208320303164069,-0.36171831876820459,0.83458155409703449,-0.54996950373029752,-0.03173601310229808,-0.17443120161563061,-0.3184667526807986,0.93174711340571104,-11.75706141129025,-15.371911773739331,-2.0421048525214478,,0.4468129326641276,0.3333333333333333,False,2
-0.49496605089076384,0.84953191508036496,-0.18249420189554025,-0.86765592905289834,-0.49451677516189768,0.051247905936047805,-0.046709712533417679,0.18370814991002901,0.98187041834026179,11.532976985484408,11.701180604355041,1.1064917146130058,0.738865870084927,0.6501081321505182,0.8395061728395061,True,5
-0.79849779762786355,-0.53464798595808671,-0.27668176357398844,0.55704560563098637,-0.83047703538955409,-0.0028437541708228181,-0.22825744331928927,-0.1563950919995189,0.96095739487648613,-0.34018460640841408,13.02312219485508,-1.9227569129187223,0.2338900019424301,0.1926393531054279,0.6483516483516484,True,5
0.36250533055382256,-0.89372237323855497,-0.26429189335450454,0.93177752400351488,0.35348335027941402,0.082705301142793064,0.019507205897893481,-0.27624235853338286,0.96089001882107783,-18.637185979627127,10.144046219062814,-6.0104986919255277,0.1819396535807838,0.1285395181713458,0.5434782608695652,True,4
-0.41354010250945783,0.90150574739035205,-0.1275616362337442,-0.91044845919442741,-0.41071514366510564,0.048955836369575387,-0.0082575278964243937,0.13638349675204287,0.99062170127992133,-11.531641372201554,-10.41127833171055,-2.5862218414944449,,0.1791109757679835,0.2647058823529412,False,8
-0.86668594193402593,0.47398416997903031,-0.1555457638870989,-0.46927260376812269,-0.88042266200280817,-0.068111376322732536,-0.16922972967719949,0.013962193279710017,0.98547772970889791,-13.506881759805847,10.296395553755396,-4.8755033032999764,,0.0796463579348304,0.2333333333333333,False,3
0.063423844629744472,-0.90207539599964359,-0.42689272172815129,0.99648257079275404,0.033766178482806053,0.076696357781395566,-0.054771361482499129,-0.43025553467997835,0.9010439905124501,-13.35152694169714,-21.170764417980617,-1.7681175106282714,,0.2725439103102291,0.55,False,3
0.40986111159411465,-0.86858410371994477,-0.27852383016154558,0.91143191269243939,0.40207642977974689,0.087329337231966175,0.036134993131850687,-0.28964840648723245,0.95645076344303714,-19.912978916881666,4.8882521181802305,-5.8867046599502171,0.6861087687125639,0.6223608387626833,0.9928571428571429,True,5
-0.57463480139039191,-0.73686750171611792,-0.35611954445898092,0.78735272377351939,-0.61648149109112094,0.0051244032324414615,-0.22331711398243836,-0.2774470328850453,0.93442635373037275,-26.600435323147632,12.925491758440341,-8.0213354606726419,,0.2246968958344218,0.2857142857142857,False,2
-0.12812683974314568,-0.83298709998000986,-0.53825273264919615,0.98677061302158986,-0.16143309202965872,0.014937003539503869,-0.099334134185735445,-0.52921814789804422,0.84265110319807568,-0.067235919663804045,17.254701192995242,-2.0350702067438058,,0.2707664608854841,0.125,False,1
0.27199484562107251,-0.88418086105362936,-0.37979337659052315,0.96224593299040662,0.25403443422859195,0.097720369778161759,0.010078114853005998,-0.39203406889277004,0.91989549429725326,13.34665420117725,-9.171902252260363,3.1518443842455284,,0.2239711340428444,0.25,False,4
-0.078470811169172289,0.9885301011077241,-0.1290370915605481,-0.99621671493493746,-0.072907440507012214,0.047294418306590508,0.037344192034296342,0.13226013882750021,0.99051131593669173,-30.192405703295702,8.3421040208138901,-8.5577760696268808,0.2941583185206886,0.2611631441428365,0.6111111111111112,True,4
-0.32098084772450164,0.92729120592345227,-0.19261961169903838,-0.94706575569989249,-0.3155850111131393,0.058928389943301636,-0.0061440845249979698,0.20133832267541071,0.97950249108800147,-23.993392559279407,-12.955546662349313,-5.0754074578516475,0.4533118005448821,0.43574096979407,0.8679245283018868,True,2
-0.88415698797506803,-0.36124723943246273,-0.2962547090212756,0.41260204041014548,-0.90123119219017866,-0.13244581712101799,-0.21914829879385408,-0.2393381921589082,0.9458812044384145,-10.452816544881239,-16.201318811841123,-1.6098051750845561,,0.434098750288868,0.16,False,2
-0.29330414024365065,-0.90997146418122199,-0.29312900861534735,0.9444726404776006,-0.32331495178735964,0.058641907711182141,-0.148135453910272,-0.25965241444404258,0.95427276549641582,-6.9144675730346963,5.7629087652107494,-3.1756976650528239,0.8036339668017334,0.4512991966408174,0.9932432432432432,True,5
-0.79536578005184,-0.54575956569514683,-0.26370394834884603,0.56233682585717015,-0.82677222638797732,0.014999331930046732,-0.22620912936353549,-0.1363604859396953,0.9644870386204677,-1.3021698543988605,-7.5778997880863557,-0.57463429931566434,,0.07432193403627414,0.1730769230769231,False,3
0.66662441466184663,0.74512094315208266,-0.02016605694974033,-0.72604930227531828,0.65520998598067126,0.20869184204642754,0.16871366406510435,-0.12447752547089908,0.97777351427125914,-17.897136223505498,-12.107575636672964,-3.7862825296636582,,0.3194947025530488,0.1538461538461539,False,2
-0.85310267872614831,-0.37981603242622136,-0.35770882161651241,0.46688213275122231,-0.86176573382871025,-0.1984461995512504,-0.23288815699373888,-0.33630284196043925,0.91250397523593929,7.8827874543561842,-12.203627932324757,2.1780047091491292,,0.2651479417874718,0.2173913043478261,False,1
0.97021077567023173,-0.095350804770516273,-0.22270894639188618,0.14097792417134217,0.96981899570702168,0.19893803171381119,0.19701846530137335,-0.22440886701608054,0.95437119860924802,-7.2043444754396404,15.933078337816113,-3.7412217881973731,0.72620263087559,0.7633800927815877,0.5126050420168067,True,4
-0.91805674897673173,0.3634199275472218,-0.15842273170176407,-0.34805108707670335,-0.93016596736057677,-0.11684054924935078,-0.1898216174280529,-0.052127050806054662,0.98043384485199392,4.3927090206882466,-9.9054769791231649,1.0620953872355687,0.3683440872958947,0.2184380355517972,0.1764705882352941,True,5
-0.07453531233771532,0.98614483542076448,-0.14819868686217974,-0.99615160491112731,-0.066756633536789609,0.056793766487370174,0.046113634076120978,0.1518615008874532,0.98732548701049216,-21.205782838914061,17.505230189850526,-7.130901804116573,0.8583255587590936,0.8315457899002574,0.9583333333333334,True,4
0.031253475282711024,0.99471382758765214,-0.0978142192560644,-0.99832386518418603,0.035835706566216416,0.045445157482449171,0.048710168203954587,0.09622995033159118,0.9941665434788679,-8.6615792719811466,-19.138011486517616,-0.91269598364591609,0.195609579812019,0.1907837435998299,0.3142857142857143,True,5
-0.8127242754292705,0.57471457706688311,-0.095824876909924889,-0.56463959573578548,-0.81745298568502534,-0.11381011871519878,-0.14374066597625529,-0.038389726509477667,0.98887049194686316,3.4465277484424424,11.794518014034818,-0.9315546307406497,0.1114389452384299,0.1357779154293311,0.4444444444444444,True,5
-0.86644668289058646,-0.37642703683203094,-0.32798297463398135,0.43158829270921062,-0.89496641205930194,-0.11298967599762177,-0.25100137709631537,-0.23945314202898998,0.93790218118319602,-12.348037431323915,6.042511470374591,-4.3990788916456367,,0.2643169936186474,0.2412060301507538,False,5
0.96960010915303674,-0.054753407437315604,-0.23849044572985315,0.088642491087878555,0.98703942570708258,0.13377473929546466,0.22807484978435499,-0.15084838903295414,0.96188701333473037,-6.5725382513326887,-12.115073207796106,-1.2739906038310371,,0.1288186906215328,0.3548387096774194,False,5
-0.94437706334400873,-0.22834509824329802,-0.23666532981829641,0.23474789265393536,-0.97205560044355321,0.0011560886029363046,-0.23031584644631131,-0.05446490387928727,0.97159054396445099,9.7362414682558356,12.36927148030953,0.5934487164038138,0.5120564867864633,0.2663429497823029,0.6481481481481481,True,6
0.29198329285989993,-0.91554033902052323,-0.27664353293882549,0.95641931535963298,0.28034836447419542,0.081651011896083425,0.0028017668890539596,-0.28842794969078289,0.95749750283719803,31.282157642458262,-10.673021646312979,7.5778101998146958,,0.2716814263216897,0.7,True,4
-0.88918645173264987,0.41294397177218428,-0.19703992040222024,-0.42357439139913278,-0.90576472885158521,0.013228413331479796,-0.1730092165347096,0.095223590277975417,0.98030621687747055,-20.272069216527367,8.1060634371621969,-6.2003474632469242,,0.1049011686477608,0.2307692307692308,True,5
0.96830234443601326,0.16132528244759084,-0.19069536702008624,-0.11954284299782965,0.96964618317403417,0.21329741710584127,0.21931730083993972,-0.18374012272563661,0.95819595535206237,-18.142816752440595,15.48912704897986,-6.2435758193623192,,0.4843916712405849,0.2941176470588235,False,4
0.23798515379193044,0.96026064478126982,-0.14581687371114171,-0.96282433369564302,0.25299615923728391,0.094669138871777608,0.12779815733480765,0.11786618469876212,0.98477164535052752,-13.039109230991535,-7.5213939738432405,-3.2923995979000313,,0.1142750367205467,0.1875,False,4
-0.80844112675004343,0.57697565159140418,-0.11628431557951352,-0.56983842604917734,-0.81673046418834527,-0.090749749666251864,-0.14733333898652254,-0.0071025585084332626,0.98906139389105563,-6.4604839699346908,-18.620404912882723,-0.48338326339910737,,0.1324102952501501,0.3636363636363636,False,4
0.048046897667816869,0.98909223003046387,-0.13924100013236768,-0.99682099853610662,0.056351456633500899,0.056324153014151751,0.063556215289908818,0.13609215197301547,0.98865541705357407,1.0144462161677181,20.52542742389727,-1.9784506768039358,,0.298192595052437,0.3636363636363636,False,5
0.70932593308843339,-0.59538578426800448,-0.37732279090958321,0.6950033579582221,0.68004398949187839,0.2334748482872743,0.11758849040199065,-0.42785037133037962,0.89616795673436012,-15.437947203548953,-4.8371117753419748,-4.0966958146129322,,0.1888866842017592,0.2380952380952381,False,1
-0.4311261111886443,-0.81596108760670261,-0.3851464393747443,0.88910922012208959,-0.45687889815370103,-0.027321550390656875,-0.15367195887749271,-0.35421628411684719,0.92245094889712542,-5.468904344541385,-7.6438148750286405,-1.5210064215850405,,0.2492840785220156,0.2857142857142857,False,5
-0.75811405031155499,-0.60094242810239129,-0.25324155430460527,0.61933924802076878,-0.78507304203546147,0.008900254505119734,-0.20416165796074073,-0.1500950258189449,0.96736213521262704,-10.030187374614458,8.5301261220989595,-4.0619818634139842,0.1793809701336679,0.1940245726133579,0.4797297297297297,True,6
0.61315721493236586,0.77682291200873455,-0.14347262162047988,-0.76563487618536408,0.62911628157787458,0.13422347269479323,0.19452883114079988,0.027547552194295749,0.98050990113465741,31.998756195223287,0.18661272533150103,6.8874916615011035,,0.4830804887299247,0.4444444444444444,False,2
-0.430237745555274,-0.8621789977218538,-0.2674749674022866,0.88774540420153658,-0.45784089052760363,0.047852024825917758,-0.16371798807267574,-0.21686192576897798,0.96237587539027847,-1.7416681431375229,3.8719290903484409,-1.7762442711201876,,0.07691758991689576,0.3596491228070176,False,5
-0.28283975177225978,-0.91098702079887128,-0.30017382089949751,0.95020531526127006,-0.30880284423714138,0.0418409158633355,-0.13081106094913131,-0.27339248586427717,0.95296642910771723,7.2198198481960656,14.356806421945079,-0.11190854835853331,0.2009146189613313,0.1754920125688408,0.7959183673469388,True,5
0.75219075600301599,0.65362847848748473,-0.083539683347172072,-0.62654609018481056,0.74869997291413382,0.21653717332712549,0.20408102179707288,-0.11053579813123893,0.97269356627550074,-17.736655211028996,-7.7950248351081299,-4.2462767408862501,,0.2188067529749207,0.3888888888888889,False,2
0.79721621021405209,0.57633801014439012,-0.17966861783502611,-0.56056623245920711,0.81718828243836383,0.13404779025380106,0.224079925915808,-0.0061489111427697751,0.97455137252652013,4.8906112502405525,7.01046367488581,-0.33075321132095509,,0.08373533306268008,0.5263157894736842,False,5
-0.76854251506533777,-0.58400951918011268,-0.26129539614018982,0.60306533166490051,-0.79764115414681913,0.0089886014058936856,-0.21366939013566888,-0.15067007240438973,0.9652170331074289,2.2694382388621293,1.9604012569830511,-0.66450352994048378,,0.2085853213226303,0.2625,False,5
0.96751793206375403,-0.10051531585475801,-0.23196060530549775,0.15109749496416502,0.96555538584046263,0.21183093232582206,0.20267855868499951,-0.23999889198304877,0.94937976263257151,-1.3462626796594384,13.821567932560502,-2.1953955702315109,,0.1523641008210605,0.3428571428571429,False,5
-0.96216577594245178,-0.13311789294916701,-0.23773229940803969,0.13843550510108166,-0.9903548321615343,-0.0057373636548099655,-0.23467558571881331,-0.038430885900187818,0.97131376829346916,17.504890414119188,-3.2524777113893579,3.6314287463325621,0.3232106188139781,0.2886666361122588,0.7164179104477612,True,5
0.72696504027794906,0.66856034097725892,-0.15668088806886832,-0.65113815890772087,0.74361070641197657,0.15186248820476511,0.21803882275397996,-0.0083778148612970726,0.97590413668054832,-9.4919939741788735,-11.676286363659893,-2.0120336895064872,,0.08639011243433231,0.4210526315789473,False,3
-0.94253982482200516,-0.16234750274364912,-0.29199651877617583,0.23299927120412151,-0.94579194416575108,-0.22624972479434674,-0.23943687736615038,-0.28128435204267987,0.92927342319312978,15.08280192284052,6.7204766211320957,2.2466968851244284,,0.3751942930239944,0.4117647058823529,False,3
0.14429320099293513,-0.9601864261123455,-0.23921015709374463,0.98896992791040117,0.1317654129245675,0.067648781553804674,-0.03343581666579451,-0.2463329110501066,0.96860835382391364,5.8833002742855847,-5.8591194027434428,0.96811676436116045,0.1545379046800991,0.1133362478042121,0.4509803921568628,True,5
-0.91234945652354393,0.38385712653306908,-0.14238039047203768,-0.37789060720268514,-0.92335652138790458,-0.06790746202306909,-0.157534625302441,-0.0081511238614066367,0.98747982309038396,-20.152678979034306,13.373046257928818,-6.5508453749686391,,0.4676993742118871,0.3823529411764706,False,3
-0.78891374852830354,0.60518208289884823,-0.10662900131404145,-0.59778876338973619,-0.7960085763363477,-0.094968103929418068,-0.14235059447711634,-0.011180024024579405,0.98975315877991488,-13.974207707120463,4.4728885708275792,-4.6170699038127081,,0.2737764252504425,0.4615384615384616,False,5
0.90234357498554252,0.37379941089040764,-0.21459280766208183,-0.35521928754231485,0.9269255833823199,0.12094718115473438,0.24412154849632028,-0.0329084075781573,0.96918610507498981,8.6263087250582977,2.1144763717358459,0.87735614361324354,0.2153026670922193,0.1646947579029182,0.3,True,5
-0.63926198542663226,-0.71986589675923307,-0.27043891116373631,0.7496932487457808,-0.66169759113151827,-0.010785669925616477,-0.17118454011212181,-0.20964109466841882,0.96267671866147808,16.300688319958148,-0.16779078638290176,3.0834042895120661,0.6132378975633296,0.5373062098163185,0.3181818181818182,True,5
-0.82679519896835452,0.5296346150912018,-0.1894647024120201,-0.53488785561559116,-0.8445048252449695,-0.026581611179905457,-0.17408239680632626,0.079364819883622109,0.9815276585440712,-17.340417847085465,5.3465797904785095,-5.3984020112834807,,0.2112855617214103,0.2068965517241379,False,3
-0.96173136501071577,0.15482112107551094,-0.22606017345730867,-0.16648952362890265,-0.98547814203335971,0.033377688600318672,-0.21760978855843671,0.069737020608861444,0.97354133342152105,-15.949960902392643,7.0501571406472952,-5.2520675454845929,0.2459148548251079,0.225885574135019,0.6941176470588235,True,5
-0.52262237001346679,0.84692349101338837,-0.09791046282804021,-0.850236961363105,-0.52622714014877403,-0.013494684245109502,-0.062952107935634008,0.076194470537805592,0.99510373065621793,0.30722482006421775,-14.158450249491917,0.62190525783574579,,0.7744433578839709,0.673469387755102,False,2
-0.93892534505874714,0.29754314695846923,-0.17287935707991148,-0.30635465657764743,-0.95155924116175461,0.026111969532334366,-0.15673551224755808,0.077479586070891282,0.98459681745513439,13.258923315644239,14.684031548086422,1.3285817510353073,0.509004696092883,0.5166597482076236,0.9436619718309859,True,5
-0.95352212563393823,0.22072618339908465,-0.20512315298037379,-0.23223332798398916,-0.97208237195126779,0.033519300635272711,-0.19199801379185427,0.079597827254709375,0.9781620257382273,9.6809723100908016,0.12431673269411822,1.3803615682244339,0.5647120847492333,0.5231674460302294,0.9818181818181818,True,5
-0.069269092779271013,0.99089614763240053,-0.11544096929948498,-0.99539796869802255,-0.060971010186279664,0.073928477792492467,0.066216891329835326,0.12003066493247655,0.99055941910542655,21.471390404495345,-3.3270079340932344,4.6302428670441689,0.2360393251798655,0.155009932877763,0.7272727272727273,True,5
0.50670866403306647,-0.79709550067933765,-0.32845866192046147,0.86061064107896712,0.49018832357784625,0.13807509510983165,0.050947563783495117,-0.35263886658264948,0.93437154040554482,-2.8135782235269593,-10.446319806104468,-0.62382491485456582,0.4818243020911313,0.3022367192500666,0.2564102564102564,True,5
0.80050984615578102,0.56251984294588864,-0.20677381966724004,-0.55529708644668718,0.82595434893634212,0.097183122284497422,0.22545317028480244,0.037024853345769562,0.97355021865502978,9.7060187062072583,-4.7014389466995654,1.8552806366741146,0.2422930261079569,0.1839180654036282,0.4057971014492754,True,5
-0.30578583225649075,-0.890266221639469,-0.33752196876498197,0.94199844271006872,-0.33439665099009447,0.028597442864964757,-0.13832555339853597,-0.30920047609017876,0.94088315260854571,-10.738695083244847,-18.600793831908476,-1.4865800920279841,,0.5138446016502083,0.5714285714285714,False,5
0.60157556882948526,-0.73818508753819501,-0.30526973568257448,0.7951399150313464,0.58997699162472395,0.1402842288975642,0.076546394503103271,-0.32712371648914162,0.94187617211547903,-6.7475560241554726,-16.172051032013727,-0.82384710895861057,,0.1192206800763493,0.4285714285714285,False,5
0.73160347079036803,0.64705533261387893,-0.21465264513494786,-0.6462196421242381,0.75851697926032613,0.083977177296047548,0.21715555636526812,0.077274761143160592,0.97307352015660098,-10.809530996427149,-8.0504216606931855,-2.7395177144954461,,0.101499926002037,0.3432835820895522,False,4
0.92530933165586449,0.32351483033239198,-0.19784032780396668,-0.29894232129154524,0.94329274552571019,0.14433393495429378,0.23331551446785503,-0.074410690049020595,0.96954985427002616,14.603204143551576,-10.737380098371039,3.6090392436493239,0.2695385800241975,0.2430744543868398,0.2352941176470588,True,5
-0.96702201297201895,-0.092913660230098588,-0.23714020783112669,0.10187290917729636,-0.99446325249254697,-0.025782742633368598,-0.23343165338766395,-0.049090642535925162,0.97113324112199517,-26.549915583655721,-2.5115122090928965,-6.6818320126715971,,0.3994743862663026,0.7368421052631579,False,2
-0.60390446279868593,-0.74859433895801641,-0.27368945082308432,0.77224695269807941,-0.63453640906205011,0.03159413906359268,-0.19731711497070215,-0.19227600280495175,0.96129906630818573,-15.497062549522932,11.530276979267549,-5.4214431954868347,,0.09689083354103367,0.4150943396226415,False,4
-0.82254366866417727,0.55275703780951568,-0.13372198881457278,-0.54730890401670906,-0.83329306839595962,-0.077946300407871538,-0.15451497249297133,0.0090729992447476926,0.9879487861018913,-15.519035002713263,14.982763078981607,-5.5752048002718153,,0.7148352861168974,0.2,False,1
0.0041401453375905419,-0.93635512278740207,-0.35102983238803642,0.9975201698735543,-0.020796435536229164,0.067238522919697619,-0.070259304665068106,-0.35043771529157186,0.93394702087923831,-13.718519879010518,19.565223780333611,-5.4715540286419371,,0.2038436061982223,0.4761904761904762,False,4
0.35287606777721814,-0.88788684012253771,-0.29518712696745786,0.93541997021341106,0.34205956699880313,0.089357327346621968,0.021632385814522023,-0.30765599581643954,0.95125171648842,-5.0020272740465748,-17.035347167413423,-0.3256576805842567,,0.1406952816998192,0.3333333333333333,False,4
-0.80011184576413619,-0.53722190057267349,-0.26685888370633432,0.55562588452096706,-0.83139584655253451,0.0077988964274768174,-0.22605510549023083,-0.14203371388609809,0.96370405903551215,-2.413035457312358,-3.9333278619741621,-1.341487647293534,0.6209627538233377,0.5593140310811444,0.9698299506308283,True,5
-0.72390723010684421,-0.6261296270048794,-0.28968951031365781,0.65516355553706118,-0.75547469893660479,-0.004323744058351349,-0.21614587133478308,-0.19292399916385825,0.95711090937861054,6.0326739394046882,20.434880010593311,-0.74711860426208598,,0.1782077655670685,0.5483870967741935,False,5
-0.95459910830283268,0.19632810896680586,-0.22404422790367626,-0.20240484120132676,-0.97929270121527645,0.0042527173374992677,-0.21856994918264055,0.049407276549158274,0.9745696990663586,-23.787211549483573,-2.6546404843596751,-6.0470353558820591,,0.1650157601489627,0.3333333333333333,False,2
-0.97291995269355658,-0.091524432299902619,-0.21224995628491469,0.086607500097079876,-0.99571653455442899,0.032368561009925675,-0.21430330510214243,0.013109580736984431,0.97667918597418624,6.5114431969237705,4.0816646554121894,0.24681025268111173,0.1363702041953179,0.2160359729949692,0.3207547169811321,True,5
0.49451239633890332,0.84405202953764458,-0.20744556225800259,-0.85101453558031026,0.51871794358460577,0.081889897022689895,0.17672506924085346,0.13604361961055397,0.97481299922860865,-9.4174118766288579,-2.6050898481216787,-3.0579036465000051,0.6733449609186788,0.4374117386390569,0.2391304347826087,True,4
-0.91586570164030856,-0.26418805600229839,-0.30231554314098957,0.32391768700039097,-0.93111758321382232,-0.16762272601997097,-0.23720739576839042,-0.25144525705563825,0.93835384269315048,-4.2159318917690145,11.592829937691908,-2.8239355353930722,,0.2703234142928563,0.1538461538461539,False,3
-0.20306116028827173,0.97270027879747356,-0.11234025462717241,-0.97893871411033073,-0.19920125927919594,0.044697341281049074,0.021098796136103992,0.11905051838988195,0.99266399898087765,-15.314608483274137,-15.583417192721988,-2.8183637398381975,,0.2569444435104481,0.3333333333333333,False,1
-0.95609690586438345,-0.1388724620698486,-0.25805647807255455,0.17315321080135274,-0.97814064203411188,-0.11514707981654525,-0.23642477066867315,-0.1547750744782698,0.95924345404829925,-9.110654109380647,-13.643804843928287,-1.676430547279701,,0.2019720772009236,0.36,False,1
0.28908016891031729,0.95723255343120428,-0.011768372629978957,-0.95206415179684267,0.28876045060587113,0.10095173613787944,0.10003252874010606,-0.017978899228537903,0.99482171889057047,-16.631164527847218,-13.474683934969832,-3.3466044803440025,,0.514440051497007,0.4313725490196079,False,2
-0.66877142340858653,-0.67737687213623521,-0.30643980865250414,0.71406844152181626,-0.69998834981743308,-0.011071176200889092,-0.20700493727120894,-0.2262230828514131,0.95182565248607653,-11.069331938946329,27.074561922882868,-5.2819619582504176,,0.6457969523307381,0.6785714285714286,False,1
-0.94493224384070351,0.256650771143205,-0.20306017881843025,-0.24872881565371271,-0.96645217119319327,-0.064063851425475229,-0.21268998757270177,-0.010029081092612427,0.97706826103336475,8.0934436926745885,12.443807764629844,0.1962618009406365,0.5173597003937156,0.4256746270927089,0.6444444444444445,True,5
0.95049882340589675,-0.19917569081361439,-0.23849744420627544,0.2324683478939418,0.9651131543506547,0.1204784898925568,0.20618063422995664,-0.16995776972015486,0.96364096144792644,4.5794756842104416,19.990196152853454,-1.0965549867184574,0.5127867086798027,0.5623254367975358,0.9385964912280702,True,5
-0.97136334074881381,0.069029980989647355,-0.22735021876803457,-0.078670272411541717,-0.99633406853066664,0.033606727359607548,-0.22419689669573498,0.050530046602967796,0.97323299671882502,4.9349021763246324,14.109767150854125,-0.67052370890187296,0.6075333970657484,0.1960474329117486,0.7818181818181819,True,5
-0.28311457382186178,0.95901954489348729,-0.011298256589236499,-0.95900226612846451,-0.2832259346956259,-0.0098855185124889985,-0.012680364747800828,0.0080363193117071741,0.99988730661099268,-15.429638483598122,-13.522471329009489,-3.102948098627818,,0.5163853752708087,0.6883116883116883,False,3
0.62255158718245973,-0.72267995531732698,-0.30027188259833038,0.77813595420035686,0.61246466912583164,0.13925324360058788,0.083270391360311363,-0.32034467570904124,0.94363410846978646,-2.1004500486490452,8.1854025272868327,-2.092910906747611,0.3312192102731326,0.2452655622932026,0.3283582089552239,True,4
0.84056736309843583,-0.47163279565159261,-0.26647516612173383,0.51731440674291496,0.84483104700968426,0.13655147961390635,0.16072433751603576,-0.25263215962023544,0.95411984533162675,-10.952115145799429,-7.1139241454397872,-2.8917536789471261,,0.06734436473170036,0.2765957446808511,False,2
0.2433455044031384,0.96345072262641984,-0.11200745759730631,-0.96149545520004231,0.2548178147097484,0.10292896062922544,0.1277084770735539,0.082647361586311863,0.98836226076594813,8.3925568839701725,16.96275065401904,0.047230372143675425,0.2223210304644761,0.2273052890476209,0.5,True,5
0.93593777637230569,0.29175569053111988,-0.19722853698685461,-0.25654402988911507,0.94852311432296244,0.18571231064020377,0.24125844956709513,-0.12321736337781303,0.96260679504910185,-11.671590017363295,-1.0779716837041113,-3.6863649871798936,,0.09008466896020033,0.1746031746031746,False,3
-0.95918600315750635,-0.072425007674955244,-0.27334379380189405,0.12094707100140809,-0.97883952738258795,-0.16506055146404292,-0.2556051982313936,-0.19138390187452103,0.94764876654822683,-17.801272993537516,14.568121911261871,-6.0709733298772113,,0.3282268262702027,0.4166666666666667,False,2
0.68530109627690472,0.72083607397296101,-0.1037196312224502,-0.69741161174671695,0.69059480138269713,0.19156164570195214,0.20971278273514898,-0.058942130623531735,0.9759848226253518,-25.063037147123406,3.1381517787370306,-6.8432481566561005,,0.7485307662878495,0.7111111111111111,False,1
0.62874929917960787,-0.73827693044775355,-0.24417512721363577,0.77193330512058178,0.6304575614653033,0.081499911882396803,0.093772550497290663,-0.23972992545751715,0.96630030094860608,7.9294494805886329,9.9022246410826238,0.28142505389950451,0.4483734252262711,0.4052162720591312,0.9432624113475178,True,5
-0.82239563834620066,0.56081248382778526,-0.095680572803755318,-0.54754580169656131,-0.82589184070619759,-0.13452234944200903,-0.1544636173136392,-0.058241097498573244,0.98628036860141699,-7.057593896256722,-2.8228373896272445,-2.5216885453536273,,0.3996911439665938,0.301948051948052,False,1
0.54734065043524016,-0.7933582631686632,-0.26645990062883906,0.83419530337918291,0.54279784067580172,0.097409958309202377,0.067352863348501837,-0.2755960275832896,0.95891106020270178,4.438116868922755,9.0291850040072905,-0.60767142212383185,,0.1325454679065708,0.392156862745098,False,5
0.75752635856966288,0.62531596733089401,-0.18744000926487728,-0.61515075671962627,0.77988021151025222,0.11565639715120712,0.218502545933589,0.027691094159582291,0.97544340723836331,20.277817683603413,-2.153612464586387,4.2402732214602663,0.250674326168171,0.2352227707157235,0.4375,True,5
0.96802373974992517,-0.093688555653914901,-0.23270688391204003,0.13529334907845475,0.97614759493003533,0.1697986531378913,0.21124807448993177,-0.19585282089311301,0.95760948385680988,1.3233864587289079,-11.995810083009307,0.55694513065629592,0.4674640401414888,0.3091121604281569,0.4363636363636363,True,5
-0.40207297980157941,0.89579429934676447,-0.18944627779747783,-0.91457698036745361,-0.40274402521757008,0.036690559187625725,-0.043431162722522038,0.1880154871530258,0.98120533564345314,3.8606193461116778,2.3784191590640482,-0.24183878760915736,0.7025994230791028,0.5810039231451134,0.9773049645390071,True,5
0.8257924942105439,0.55949352992018664,-0.07094890050577618,-0.51099391218954582,0.79550573259981117,0.3256621732809335,0.23864613596442746,-0.232674922108695,0.94282045078103893,2.2940158566092479,24.758107552987656,-1.9273320464622496,,0.2953847696988372,0.3333333333333333,False,2
-0.9048087860196381,0.39780885318600789,-0.15188540768784342,-0.39230413964431871,-0.91746831489699288,-0.065949626064169611,-0.1655853941614418,-8.6526910064374518e-05,0.98619545210546089,19.664840352701766,-6.2311220505833065,4.4484653374386705,0.5886551566232568,0.4638179327118656,0.2307692307692308,True,5
0.47067685729425773,-0.8353159972156351,-0.2840959007153227,0.88086562320955386,0.46327152130359578,0.097238116994812024,0.050388985455610873,-0.29601804395121167,0.95385233018536653,0.21435300327054738,3.7078042865813465,-1.2971827983276818,0.4827208787939518,0.411654430478183,0.8493852459016393,True,5
-0.88781753674251596,-0.35048565654454572,-0.29822780891290213,0.39511990369450817,-0.91277538424544702,-0.10354399847417123,-0.23592431658668458,-0.20976392080649964,0.9488618521001837,0.37672604593627734,-8.5452153575322978,-0.03725680851510816,,0.2288914701323124,0.2692307692307692,False,4
-0.94691513077019207,-0.20288350020787912,-0.24937927031305068,0.21667131812835524,-0.97581855280627583,-0.028839068979185485,-0.23749794739953256,-0.081341485986332118,0.96797638795507002,-5.4851266224072486,6.0364536126642161,-2.8082231285283084,,0.07003655799503913,0.168,False,5
0.1145829484989367,-0.95533234292167368,-0.27241670741912472,0.99246785611430233,0.098122189820077504,0.073345691385346801,-0.043339387318833481,-0.27876899116060178,0.95937977207888325,-14.206905898080775,7.3652202085147334,-4.8782931793819397,,0.07607355230412598,0.2272727272727273,False,5
-0.91208426252197039,0.36648359490246901,-0.18382620250420487,-0.34442459816571697,-0.92810580929236663,-0.14139060412964519,-0.22242750333117173,-0.065645878965282817,0.97273666751939458,10.830176895048508,-7.317023600237559,2.2719115372467407,,0.6251807745784821,0.328125,False,3
