axis_00,axis_01,axis_02,axis_10,axis_11,axis_12,axis_20,axis_21,axis_22,location_x,location_y,location_z,dbh,dbh_approximation,score,reconstructed,number_clusters
0.95770327156364576,0.20558281364005088,-0.20134584766548203,-0.1458273226669814,0.94994252202604224,0.27630345059478373,0.24807022312254962,-0.2352549926837772,0.93974265244123401,-10.810983836056012,-9.0223008391784454,-3.8238417306026866,,0.07154814910401616,0.5454545454545454,False,2
0.97441305968039382,0.097896979816317523,-0.20232491311535802,-0.069387483636039887,0.98721506465495035,0.14349840846846018,0.21378626297999587,-0.12578790665706416,0.96874807679803021,19.762781491538966,-10.156844439109186,4.5746480177448614,,0.359528072200844,0.2272727272727273,False,4
-0.2719771886755798,0.93444034741252024,-0.22989050865074098,-0.95838441781969674,-0.28456563411846064,-0.022840918527057032,-0.086762414215657807,0.21411127248775733,0.97294842950340599,-0.57505571434200109,3.9676505431955227,-0.56868587505510571,,0.07298714394449371,0.3739495798319328,False,5
-0.76060251166625659,0.61299699575105526,-0.21381885428362735,-0.61445059087962162,-0.78604036897275198,-0.067756990140237464,-0.20960508251153293,0.079844984472168118,0.97452064515841508,-10.827671308965312,24.185094813153018,-2.2043045231418525,,0.1178774806430205,0.4782608695652174,False,1
0.45782269147117055,-0.80519527172694061,-0.37690709407315737,0.88709379420843615,0.44179644506239679,0.13371799208449855,0.058847119309060558,-0.39557107517967882,0.91654816623580593,-15.469049159794405,-0.54351092986991656,-4.723966451024241,,0.2533152328415253,0.3055555555555556,False,2
-0.46007189063059067,-0.84023134153445389,-0.28695844325408076,0.8816597027422538,-0.47052470480562664,-0.035814392749542137,-0.10492866153741889,-0.26947689116284113,0.95727330534031718,-7.5283348266921166,-4.9362820082756649,-2.8934197376375255,,0.076352306022163,0.2884615384615384,False,4
-0.96664639867094726,-0.027380656866382344,-0.2546468919230207,0.045062305945218692,-0.99694079676116265,-0.063862636463888012,-0.2521192743908896,-0.073207563699283398,0.96492306641401615,-6.9820107363971493,3.3731698629402227,-2.4452826529414056,0.09252884364309787,0.1036522123956558,0.4583333333333333,True,5
0.72349098157325575,0.67254679177864674,-0.15569718189619208,-0.66875735592298391,0.7387664745017668,0.083592434173968888,0.17124368157998074,0.043645263436934811,0.98426149599507051,0.43163808607838017,-7.2654133711967548,-0.8954919961140273,0.3982040128264747,0.1442294602736802,0.1764705882352941,True,5
-0.95658148538526899,0.15051177432180413,-0.24959580847565335,-0.13556501648476627,-0.98783901956472497,-0.076132763846375309,-0.25801935610259513,-0.038990732436121077,0.96535264782383912,-9.2363404412548196,11.967796595346199,-2.3782475715715723,0.1672772684687871,0.1341629656773604,0.4871794871794872,True,5
0.19819972940928024,0.95256233333508444,-0.23095858584020715,-0.979541752334817,0.20087607148417785,-0.01211442685068714,0.034854306691214323,0.22863465401444227,0.97288816021615354,13.876332574424939,-3.2113560918749404,3.0656272572401155,,0.07265458845526578,0.1481481481481481,False,5
0.57497961021967947,0.8068099323058564,-0.13585352761060193,-0.80089144759768316,0.58896753680825631,0.10812090339477586,0.16724633627231583,0.046636613498778956,0.98481149936668244,-12.453834937640169,-17.828176752476327,-4.3495411428790494,,0.3345104575407007,0.2727272727272727,False,3
-0.88263565219982987,0.40210496095402737,-0.24344589920954005,-0.40172378737372261,-0.91419612744122702,-0.053511113140885386,-0.244074382358931,0.050567192404013681,0.96843722301886059,12.493087224731267,-10.765898975442667,2.4772712199901532,0.335837248913217,0.2905952179827928,0.1851851851851852,True,5
-0.78608923588029123,-0.53652299216963706,-0.30693124980438302,0.60192341081633394,-0.77735925598291333,-0.18275884287476671,-0.14054152676121048,-0.32841386391416583,0.93401949296821263,10.238628688557409,13.369900293648678,2.9210395437417098,0.551717679727922,0.2880125866096022,0.3333333333333333,True,8
0.16135993338129884,0.97870611722889123,-0.12687516698681314,-0.98676077357629499,0.1621242418292812,-0.0043480964103384005,0.016314031699601356,0.12589704647063701,0.99190916220169867,-8.1357518243233287,7.5994667741424315,-2.3815126829420112,,0.1074277093435173,0.25,False,4
0.036975390549799828,-0.93950403912806812,-0.34053631371079063,0.99929969053788081,0.032804330946654359,0.018000121167290363,-0.0057401206071414947,-0.34096339441820822,0.94005904850824529,2.6019782470253583,6.2015222486839461,0.38363815603916335,,0.1435418911435044,0.2236842105263158,False,5
0.95993574253762648,0.1232881750559868,-0.25164140376754385,-0.11486476860008106,0.99222312958968206,0.047951496761903703,0.25559627370755134,-0.017125624035970129,0.96663191436461127,7.334996730891663,-9.4907732511478589,0.98767811052252175,0.3114451603512636,0.2622585981277031,0.7108433734939759,True,5
-0.81937222824314726,0.53353060517110973,-0.2097003694074237,-0.53038187727611796,-0.84435697724624492,-0.07587067439166191,-0.21754129686319679,0.049054952057198439,0.97481762183382037,-8.7643033791270089,-4.6107817571508365,-3.1894890078816265,,0.07178462363876963,0.1590909090909091,False,5
0.14284365185431411,0.98753236377616749,-0.066147725732470436,-0.98954925683310657,0.14382608156659471,0.010311477209634797,0.019696685659497795,0.063983503779129564,0.99775655939621688,11.859253675270473,-4.7649019863577413,2.3822261959385735,,0.1257952318868402,0.2727272727272727,False,5
0.91196838890126619,-0.28642349593959726,-0.29372646904657429,0.32885404560161641,0.93841910224936709,0.10594623742701625,0.24529303768407018,-0.19321275710271096,0.95000008218762277,-0.061508812286148129,-14.11364136363076,-1.1069318450474239,0.7236528600720109,0.6297411715693416,0.5584415584415584,True,5
-0.85280230044010952,-0.40985317243430919,-0.32364890453945655,0.47199937261471958,-0.87011576127266432,-0.14182790358812963,-0.22348339673311074,-0.2737132423366197,0.93548716311567126,13.44734748145474,-10.212119182883288,2.7678444581095136,,0.09523250474545106,0.1,False,5
0.92540740832443324,0.29317509841999317,-0.24014472778864931,-0.29257380389615389,0.95544767792032559,0.038991076291816265,0.24087693515982825,0.03417742563574154,0.96995371316621237,-9.8996894793165602,13.66424610597883,-2.5004000346670927,,0.09404123049361472,0.2083333333333333,False,3
-0.83619764121425677,0.51745096875891883,-0.18170855719577467,-0.49904187640740721,-0.85532654950605502,-0.13918943674662021,-0.22744386212753234,-0.025709699347202797,0.97345174556317338,-5.4126826591799997,21.605335059795948,-0.88065484690136997,,0.3120053162958145,0.2857142857142857,False,1
0.30638138159036782,-0.87598349701442713,-0.37253639013276557,0.94951680764554125,0.30896247569220064,0.054406071469700903,0.06744094463600929,-0.3703985712344488,0.9264214037974734,-18.54145386889742,-17.034671877350508,-5.905949433879945,0.403274090875634,0.4124644349456102,0.3461538461538461,True,4
0.7557270886240689,-0.565543827122578,-0.33020712760831988,0.61424266279572004,0.78698931453133003,0.057911743326647357,0.22711785205353846,-0.24659277851765207,0.9421302897484678,-12.757742325370026,-6.5003616079685873,-4.2910080430011348,0.3487264150282657,0.4442033156178736,0.3173076923076923,True,5
0.71114105789816495,-0.62865061462378713,-0.31476467480423209,0.67488625003251934,0.73586293102175326,0.055084446671623474,0.1969947849272238,-0.25160316270112693,0.94756999911893991,3.4502503855266582,-2.1542891987034425,-0.0098843122679541113,,0.1122694595067128,0.4137931034482759,True,5
-0.66308925064722835,-0.63853681681526475,-0.39061922539414873,0.72395353365264126,-0.67971217679381624,-0.11782460621646179,-0.1902732949941999,-0.36091839838063028,0.91298082286672877,2.589904383520464,7.7051869609037063,0.56172660047378142,,0.1746111590714886,0.1428571428571428,False,3
-0.77801826488447512,-0.5416764103059406,-0.3182361482047889,0.60403460475457016,-0.78422614850021899,-0.14188567322849113,-0.17271298667193569,-0.3026152912966929,0.93733356373719867,4.3048623793041552,10.797405493065488,1.0979132313256461,,0.2682162036120312,0.3939393939393939,False,5
0.82750657251977977,-0.47774288476681726,-0.2949484844701637,0.51836631059714144,0.8519124524792705,0.074441529730810502,0.21570637559996894,-0.21449221283168923,0.9526089702286511,3.8514474233239628,11.932788021742416,1.091752995586339,0.1273953674768701,0.2029996909302609,0.3414634146341464,True,5
-0.4559932591685053,0.87299911161497412,-0.17303958712488832,-0.87775312633634472,-0.47326682146519211,-0.074618797276610999,-0.14703603911850416,0.1178603700134251,0.98208417988512653,21.628360046826028,5.8193348468781316,5.6049308833539051,0.3455018026942852,0.3102070839465407,0.4375,True,5
-0.33721505239663763,0.93744397926729839,-0.086514704950239607,-0.92915470023879798,-0.34620097496948732,-0.12967817069316931,-0.15151749556167904,0.036656113619290831,0.98777465946087495,-6.6628424079556154,-7.4593916409341476,-2.7208313380668931,,0.3819386658296376,0.1290322580645161,False,2
0.91691632337801132,0.31991899634279358,-0.23857135557725734,-0.32128796746707411,0.94636284983219754,0.03422569821578765,0.23672451897474989,0.045268004556216282,0.9705216689387578,-3.1315596285718441,2.2426971900208001,-1.5297466346573034,0.1404958738816278,0.1155336967352543,0.639412997903564,True,5
-0.065356222904898204,-0.90562408738248079,-0.41901500746423676,0.99768939571362503,-0.051494897084184275,-0.044318678397166439,0.018558927991331967,-0.42094333101611009,0.90689706045662888,-12.428658580490955,16.448337764025702,-3.0246059561713166,,0.114686355666983,0.3846153846153846,False,2
0.91653955698830503,-0.29531735426648353,-0.26970891854872908,0.31306875893607777,0.94941896247279345,0.024322538422365581,0.24888389392225577,-0.10673000499450838,0.96263467285360471,2.1723027379093365,12.385588644167539,0.65562385356232,,0.0753124434673762,0.2765957446808511,False,5
-0.21251351439479463,0.97705744950863305,-0.014026637489375854,-0.97619347237327758,-0.21291952216914703,-0.04137126508901242,-0.043408647702693759,0.0049007590174504068,0.99904538028343648,12.163986904891857,8.1413278195786223,3.1551577072246051,,0.3785488161975242,0.2272727272727273,False,4
0.65407736619169721,-0.67904906013569022,-0.33327942175383352,0.73292634627546061,0.6778989850504531,0.057200847920906392,0.18708759972546948,-0.28168304882687362,0.94109132927286132,-4.4304752377302679,-14.937937076041559,-2.2075405088743318,0.4184289491877335,0.2863249512382077,0.4230769230769231,True,5
-0.88033367801704121,0.43134707627297242,-0.19736340881670006,-0.41150905153853184,-0.90141692149711328,-0.13456535267491995,-0.23595108783569416,-0.037245582683400863,0.97105090016936146,-11.405553400848854,15.296911463252538,-2.7796091298865324,0.3550494325558361,0.3024581436505084,0.2156862745098039,True,5
0.1893767898612842,0.96992884468928009,-0.15288710770223313,-0.98141492552111109,0.19189006245929899,0.0017169431439145715,0.031002829326177331,0.14972054023775627,0.9882421689063301,-7.7568742316930104,14.304561088379529,-1.8945495207509979,,0.07718791138126374,0.2424242424242424,False,4
-0.68226378816484756,-0.66540060301277348,-0.30291609542774478,0.71285569801192361,-0.6974446732450521,-0.073536940200395154,-0.16233569284321325,-0.26610705603636481,0.95017585612178856,0.93659002868363772,2.9665820408310366,-0.23375494840921013,,0.07919921189626448,0.2837837837837838,False,5
-0.54917880868120117,-0.68742476766854066,-0.47523659885508585,0.82556622704017879,-0.53456784134739599,-0.18076954325280967,-0.12978074150713068,-0.49161408827762298,0.86108800208853298,-0.016011588715576015,8.9718384733947971,-0.10229095327145894,,0.1252400515529773,0.3134328358208955,False,4
0.67735069265702763,0.71521049406829318,-0.17224978470707422,-0.71633032793192486,0.69454008146247714,0.066969668709327426,0.16753178934753341,0.078025793278147335,0.98277417301297165,-7.0121023712649126,5.6552165622859327,-2.3186582851348896,,0.1048391610148364,0.2520325203252032,False,5
-0.56125281654765702,-0.74426654768183986,-0.36202566472430808,0.8175384568666253,-0.56669590218774302,-0.10240422836854267,-0.12894241917018118,-0.35344456488305914,0.92652619611814846,9.1137393038818875,7.0857718193051484,2.2861786403063609,0.4198335425358485,0.2349071557501183,0.7571428571428571,True,5
0.84904901233217345,0.51427990150857072,-0.12096262878301312,-0.49299105981476965,0.85354940494814546,0.16856223852149851,0.18993575124360457,-0.083484107571460325,0.97824067293408212,-8.7066036518089316,-7.9610976009155712,-3.2437201078487909,0.2488148769818761,0.207268457055702,0.1875,True,5
-0.74758492209903182,-0.59827063311856543,-0.28842509217835971,0.64625216086248849,-0.75542955098597731,-0.108094116757985,-0.1532153022081956,-0.26720487092310924,0.95138143145860066,15.977206223360035,-9.2142885018566574,3.4946292274485375,,0.2320025972408358,0.2173913043478261,False,5
-0.83113827323805556,0.53003009416993774,-0.16815846702759421,-0.49164354589052389,-0.84172918860753931,-0.22311117594214386,-0.25979952760360459,-0.10276221251170425,0.96017921927973593,15.728570741493792,-0.099547055137449103,3.7527986017244728,0.8173290481757566,0.6326740666798802,0.4583333333333333,True,5
0.34943650714162822,0.90949703877846222,-0.22518717532281524,-0.93416319237866119,0.35673789073623641,-0.0087867694843375369,0.072341257119078212,0.21343198861995982,0.97427589970816875,17.320207055111382,1.9457050724471412,4.2692308052341188,0.6332638903056348,0.605297432504238,0.9591836734693877,True,5
0.72401976047148497,0.64811894922816138,-0.23608730185716975,-0.66606955515681643,0.74587325375588409,0.0049433819205265649,0.1792951035026199,0.15367145793215928,0.97171927472752639,-1.1852313630463103,3.0675633489365222,-0.82857065880680669,,0.0705053321141888,0.3363095238095238,False,5
0.72756162989913775,0.6506871169227082,-0.21739445846047983,-0.66289842454414027,0.74840043717308979,0.021504984911089382,0.17669112438209325,0.12846424214520996,0.97584690656611184,20.820426108936697,-9.2044355828117812,4.9507205507592982,,0.1054022334821906,0.1111111111111111,False,4
0.89388741477945044,-0.35761259114954019,-0.27033039849455281,0.37646842566216043,0.92622263729947163,0.019574233917758789,0.24338614212474474,-0.11926802088290232,0.96256860795286192,8.9688650262023746,2.0745061831054796,1.8924477630937129,0.3388783970942233,0.3158460883809323,0.7772020725388601,True,5
-0.46171110850642905,0.88076306329737508,-0.10525815223910243,-0.87764414590770501,-0.47081472133670055,-0.089856837951161075,-0.12869967146694938,0.050891300864397082,0.9903769333241913,-2.7324609181029893,22.148583295457712,-0.16764258987938555,,0.3958503623820969,0.6111111111111112,False,3
0.74582173003192065,-0.60975593474445156,-0.26823058560893942,0.63509021546804367,0.77237210806133405,0.010086867980018092,0.20102329523950266,-0.17787362573696147,0.96330192984247709,-10.401417144840583,8.6255592626368216,-2.8914184134398853,,0.07811650539243159,0.36,False,5
0.24082391447320015,0.97037914738114872,-0.019187301676889257,-0.96940772131018049,0.24145551335923598,0.044135075989872014,0.047460637185026064,0.0079715366312311242,0.99884129996798232,-6.1128740201528249,16.564936946135798,-1.3196252904818671,,0.4487298921154091,0.8571428571428571,False,4
0.95177305912539711,0.21350069959037493,-0.22033042276885723,-0.19850562829999255,0.97610892855862075,0.088356522800334888,0.23393067232902168,-0.040358528994022709,0.97141527148852769,6.159869104474482,5.4956861725316681,1.3540439945690073,,0.07397354886898251,0.2571428571428571,False,5
-0.080698115517412725,0.96669412303935609,-0.24287916055748715,-0.99589145975052917,-0.088243342846239539,-0.020330096883239883,-0.041085454213129854,0.24024068124381501,0.96984349280057014,-4.5149190852651104,-9.1511008591198024,-2.1792229640133165,0.1907873825848149,0.1614983824790172,0.5689655172413793,True,5
0.13072294299799278,-0.94123231856481415,-0.31143736876464967,0.99012852446159871,0.13996631889583888,-0.0074117894091784648,0.050566957802909061,-0.30739413147269617,0.95023777588280811,-2.2476306896486751,17.695826962882595,-0.17589170761888856,,0.08398826112562977,0.2857142857142857,False,5
0.79838755709426323,-0.53642380446447246,-0.2735448970112907,0.56084183680439581,0.82781179616893175,0.013567026698587115,0.21916601645083461,-0.16424716779119913,0.96176354947858356,3.9461195940562503,-4.8920370518088943,0.13141366348546565,,0.09307137874591558,0.55,True,5
-0.20604200532760911,-0.90564638343955461,-0.37060939033358736,0.97785346988252964,-0.20477546830669149,-0.043238860050569747,-0.036732594235570223,-0.37131069974164632,0.92778180666474308,-2.2756720034211062,-5.1433562714672654,-1.5621896963417876,,0.07747422192815401,0.2121212121212121,False,5
0.83099068169855395,-0.47347804824158923,-0.29201545295327597,0.50718240520535085,0.86049707686458332,0.048070662130052039,0.22851804038256349,-0.18805137207912545,0.95520478782241791,-3.0747125297650939,4.6839011191075839,-1.2153407035946944,,0.09135370969151918,0.2432432432432433,False,5
0.52503362336732551,-0.79257915364873055,-0.31009350127862939,0.83802707785232677,0.54501453145922096,0.025880055729768946,0.1484934716412393,-0.27345465017027548,0.95035374633879599,-5.5589330691882601,-5.9378596457603283,-2.4499541360377304,0.1970062725824069,0.1220119161047172,0.525,True,5
-0.87520157078725014,-0.39210486721361465,-0.28333016711766523,0.42986283759827632,-0.89900732611749512,-0.083688520353929513,-0.2219012197881938,-0.19503743408501326,0.95536393482381687,-12.794309294557472,14.928438084744201,-3.1389393318961747,,0.08248889568869626,0.2142857142857143,False,1
-0.96650566682417938,0.058296910976070718,-0.24993652427646096,-0.024820800958570213,-0.99052714256123897,-0.1350552023775595,-0.25544221232311026,-0.12432799371065462,0.95879707245243495,8.4400366247622198,-1.6225393515270488,1.5738072822839846,0.6940896468474471,0.7964348545374744,0.9122807017543859,True,5
-0.51471560770568869,-0.75391880428816482,-0.40825761441137765,0.84757980618908801,-0.51917334266622617,-0.10985222986015006,-0.1291368085583412,-0.40257356694830665,0.90623297659591118,-1.3629436091058054,-8.4462735602329388,-1.382944343869366,0.6705244228935507,0.6769703259058251,0.6744186046511628,True,4
-0.62396940475518214,-0.72031343708712559,-0.30300286183664366,0.76521907035861259,-0.64182290752371063,-0.05003128758399044,-0.15843596905048113,-0.26308156098355334,0.95167543626043682,14.057118583358253,-0.89259932208747694,3.1978141538564007,0.1412319044495358,0.1327342407372512,0.4,True,5
0.48309852665384917,-0.81564198978943359,-0.31834565810956866,0.86340451803677398,0.5041735584861432,0.018484078475980978,0.1454250727301411,-0.28379071058749228,0.947794482367185,8.6964732081203309,8.2423743657514379,2.1769694060973044,,0.08879737861434393,0.2195121951219512,False,5
-0.44425619797964144,-0.84294292326178544,-0.30345289367470157,0.89064341543195713,-0.45218085604815711,-0.047820288280754894,-0.096905815637516102,-0.29151278110304524,0.95164571209520843,-0.30534701318784041,10.058185988858817,-0.080839824291532594,,0.09690908176014887,0.3206106870229007,False,5
-0.57315278726369001,-0.76321820276527808,-0.29831838263775029,0.80817265237695068,-0.58666264804985635,-0.051806383131190827,-0.13547267769505594,-0.27078573143884527,0.95305941118445603,-2.6129748375535873,12.993474832797196,-0.61309280951766032,0.100685963528787,0.1014970734399032,0.2608695652173913,True,5
-0.96642386673225111,0.036255434944226818,-0.25438249398747903,0.020981130847797198,-0.97555561896255494,-0.21874877475984772,-0.25609510334762836,-0.21674126913809455,0.94203955346565804,-0.79413071140916391,-7.0615546269218656,-1.1970079003245366,0.3285066821748673,0.1819476491035668,0.2173913043478261,True,5
0.89521433748089252,-0.35348581098261428,-0.27136519932115444,0.37625920353468528,0.92584446542256715,0.035228363598740507,0.23878924122349143,-0.1336405899431912,0.96183152942474537,3.429315998526981,-8.6822704421527153,-0.043769624696467689,0.4271864476955362,0.3037691093103349,0.3636363636363636,True,5
-0.81349992177814401,0.57608988576593412,-0.079613571614057688,-0.56773213199029937,-0.81635374387388959,-0.10605088952400722,-0.12608768208156901,-0.041073207584471083,0.99116844584864594,4.2447065062011999,6.2151976136654445,0.84116270886548472,,0.2884357540323769,0.1282051282051282,False,2
0.58547241796391858,-0.73560034184774425,-0.34075531525856606,0.79205280068748374,0.60864239320691416,0.046976569845763899,0.17284214973957174,-0.29739968773494385,0.9389776445733744,-7.1610942907079975,-20.398904461572073,-2.9824179099853061,0.2859387771151766,0.2422881675832809,0.5,True,5
0.095233719047992119,-0.93803915921502956,-0.33318624601782082,0.99503138118910883,0.099465590971119303,0.0043756898495931947,0.029035998436113174,-0.33194748378610389,0.94285087834868764,13.588040306392582,-4.1433981915204701,2.959581475643621,0.3213742975011029,0.2368757209109793,0.6833333333333333,True,5
-0.01634643073126223,-0.94874223078529818,-0.3156279039104179,0.99981809592055804,-0.012407378549465534,-0.014485579978720475,0.0098269665786391777,-0.31580727743683523,0.94877246705719487,9.033375128506318,5.2706849702173679,2.1905970577563956,,0.09538926640190105,0.2272727272727273,False,3
0.49846701459675541,-0.77670980157289538,-0.38503573795115786,0.85495869486923248,0.51393858634531464,0.070091080266176164,0.14344429380947141,-0.36412774352687582,0.92023623106652841,-4.754120255000001,-3.6388284387484182,-2.1924928172871545,0.8784860881201649,0.790638901337391,0.5311926605504587,True,3
-0.95395477509511228,0.19158435399971085,-0.23079367923699121,-0.17367317511440164,-0.98013589309891758,-0.095766692043055768,-0.24455656875029155,-0.051274422100113098,0.96827837852519627,26.828485738798243,1.2629520123228528,6.9144296675985411,0.1762804754576444,0.1428167356342077,0.3846153846153846,True,5
0.89847913452792072,-0.35274645689662443,-0.2613526008380932,0.36920836030328541,0.92922402053483411,0.015096567266663669,0.23752985391339149,-0.11005751590852603,0.96512533470628914,10.758434815348558,7.3619572031730982,2.7019398962434922,,0.0709374381674884,0.3157894736842105,False,2
0.93140268674378257,-0.17935178886069186,-0.31673643768744547,0.27044809062715958,0.92338847092183896,0.27241799141163869,0.24361212080392664,-0.33939161392276301,0.90855185157277352,-24.674794317059515,-15.708931838240481,-7.5420979516390307,,0.3529165366326329,0.2631578947368421,False,4
0.89306041652337986,-0.35896513478079056,-0.27126946833526389,0.38056410714290606,0.92427418327539512,0.029802591919569601,0.2400292748679014,-0.12985093816530766,0.96204193311101549,-0.6693235190673068,-17.949756301458695,-1.2155694496290685,,0.09550885426832627,0.3666666666666666,False,5
0.38067297479757428,-0.86719384546977463,-0.32103414248037565,0.91741304125955503,0.39770596151110954,0.013538090907439551,0.11593704319871045,-0.29967449433988974,0.94697085459715802,8.1420954907806014,5.9179600166562496,1.9596440362088314,0.1712021296370532,0.2335123328702702,0.2891566265060241,True,5
0.96143165293179722,-0.051406387404998366,-0.27019726141247341,0.067103744458317391,0.99653334734296795,0.049176977470087348,0.26673257060304079,-0.06541155071841559,0.96154826442155639,5.2475203136963025,-6.4153106336639718,0.46087771463729882,0.698836005458171,0.3384183671976229,0.2658227848101266,True,5
-0.23799238142447079,0.96016943925891229,-0.14640448865091749,-0.96552312807440166,-0.25025072509118373,-0.071691448198239471,-0.10547376705765893,0.12429490136189891,0.98662356649235983,-15.246683759334493,-5.5488740358324424,-4.8577795087573028,0.6149710184549192,0.5064280643287065,0.991869918699187,True,5
0.76425392704890038,0.6007728808788676,-0.23449494790046016,-0.61507022541612943,0.78832810127948139,0.015080535124421826,0.19391893356989459,0.13270550227324135,0.9720003584719098,-7.9504899843780183,5.9409830868446507,-2.5310296829002925,,0.08346667331597005,0.4719101123595505,False,5
0.64191257206102936,-0.68190248969567924,-0.35065259784696923,0.74524757841274925,0.66243700352066881,0.076047769437971813,0.18042809287892839,-0.31013901868902605,0.9334128199176831,-1.2969830871555215,10.982115237598736,-0.30065415626020009,,0.3244053995643101,0.2380952380952381,False,3
0.9606682410383196,-0.094311695717085586,-0.26119309851393152,0.12451553162092655,0.98700421650732373,0.1015803080420689,0.24821847845295181,-0.13010757336808432,0.95992687549977973,20.765606810630423,-3.783313944883131,5.0200743967981349,,0.2392099591760032,0.2068965517241379,False,5
0.22097533406811895,-0.91945951934054526,-0.32521392040860697,0.97410647523377814,0.22442644020954547,0.027374218573234001,0.047817116612225374,-0.32284201280026081,0.94524417910398595,-10.770528864052267,-7.1029256225098241,-3.8376568298464204,0.3461718187324761,0.3983895344210038,0.7192982456140351,True,5
-0.86450346934787337,0.46815554898056116,-0.18293204597390678,-0.44823876111994537,-0.88275176960678137,-0.14082374191077351,-0.22741100350499036,-0.039745379791932295,0.97298743068451188,-1.8180396343250038,15.308943798381398,-0.26611160948204404,0.4926354430195811,0.5757546545560694,0.7058823529411765,True,5
-0.68654657999751112,0.70001673144760623,-0.19654609939434864,-0.70151259733388383,-0.70880094375092328,-0.074035788100555375,-0.19113835113757524,0.087050547564116482,0.97769541928618975,-13.212308643902857,0.88401631742092868,-4.0772276724875329,,0.076589427979994,0.4482758620689655,False,3
0.7674095898716442,-0.57347464180814589,-0.2867217406756159,0.60433081588514437,0.79635048926164109,0.024701482229651163,0.21416532479519654,-0.19223093782158196,0.9576954005317162,7.4775844087569716,16.116128013722228,2.3126439336559623,,0.08323540255515835,0.35,False,4
0.36645449824807375,-0.82946861090270541,-0.42153638542940663,0.92371546090431034,0.37868314096496636,0.05786904211446349,0.11162816848847218,-0.41058604734701365,0.90496312064297157,-1.4445145462460416,-22.593116930986326,-1.5120895614314389,,0.1272477286401675,0.3076923076923077,False,2
0.90814322307853601,-0.31875251815872579,-0.27142718829181522,0.34041545736601664,0.93960343531723667,0.035534500507739659,0.24370720703913329,-0.12466842626551478,0.9618027764202316,-15.78766562190723,-16.548232179697507,-5.1750915993224362,,0.1373536391165513,0.75,False,3
0.96081081997774276,0.13847034421140092,-0.24014273253145441,-0.11390655581798104,0.98700051673743916,0.11338111175020683,0.25272092267040869,-0.081583967383327724,0.96409345579700545,16.119324251791781,10.130958714135677,4.3155530383007576,0.8141622410492096,0.4028714431140554,0.896551724137931,True,6
0.25499765686211112,0.95693043633607966,-0.13878160904267633,-0.96445770650008222,0.26199037153979121,0.034385717864316476,0.06926418531561053,0.12508071487676831,0.98972586477189861,-8.1446114304707109,17.861086143990498,-1.8779286359117184,,0.1500345546676686,0.2352941176470588,True,5
-0.69919766873028188,-0.65347352971839767,-0.28999132055893895,0.69413576752285988,-0.71762146755562339,-0.056524026296460431,-0.17116704206005559,-0.24081481528488113,0.95535860725264798,-1.8681619369967992,1.9705264188748193,-1.2307840898673543,0.5874786419012058,0.6715510130266372,0.5837879968823071,True,5
-0.9541902866401385,-0.13237602915681776,-0.26832346857157885,0.17615474349823659,-0.97344768164842133,-0.14618179584470833,-0.24184789274393137,-0.18675170145941608,0.95217298784272009,-14.218011874514591,0.55393119817188174,-4.3889530318147791,0.6589112618488951,0.2843686731603658,0.6,True,5
0.052368167731210682,-0.93113832101781124,-0.36088641168739832,0.99810406688000208,0.060506397753491772,-0.011280403738151616,0.032339552966533604,-0.35961146111188791,0.93254155422206098,-2.9265067011227091,15.122847045227566,-0.60243837554617485,,0.09143564334308807,0.3333333333333333,False,5
0.21956051589676681,-0.89328542544696266,-0.39221719562403967,0.97297637928848013,0.22995312534487347,0.02094100023413048,0.071485279644319277,-0.3862158837077595,0.91963424575534891,-3.4713998436671996,13.838669310767326,-0.81977262244499405,,0.1403249202127681,0.1578947368421053,False,4
0.95390738042113044,-0.125998183285464,-0.27236954195882418,0.17172945287931038,0.9734866322610366,0.15110516808778651,0.24610913146787106,-0.1909142074802922,0.95025368233451346,2.1214976873552387,13.885715680882608,0.68338533538775947,,0.5634175460432558,0.4819277108433735,False,4
0.83844671031403839,-0.46170403467237509,-0.28954533035574409,0.49683725282803248,0.86590683713696415,0.057949060404397547,0.22396396622193634,-0.1924441055649897,0.95540850324216298,8.0212487060993105,7.2452063580442774,1.9855106265636076,,0.1115186822388183,0.5825242718446602,False,5
-0.6453629887357486,0.75178246578944585,-0.1353873587215742,-0.74227718775778195,-0.65903546074558972,-0.12123051601906339,-0.18036404659593933,0.022257259745764313,0.98334806914141515,1.5837581562472487,7.8863654107727674,0.28923993925205788,,0.3019202948225762,0.2666666666666667,False,5
0.95881736821172181,-0.050366234814756355,-0.27952190756027145,0.10318410074838534,0.97867882096919689,0.17759731624968417,0.26461726279344511,-0.19912560803906693,0.94357124609367848,5.8608588790692782,12.576767773148616,1.6450690518212956,,0.2282569383369641,0.4285714285714285,False,3
0.82273437843930264,-0.44764733809271828,-0.35031414934683824,0.52098978971668919,0.84031893527967261,0.1497789238224051,0.22732747644104762,-0.30573836479732414,0.92457896944825879,-0.19580934029155384,5.8068569564653041,-0.33668678384615924,0.3804472350832674,0.2180757365786237,0.2792207792207792,True,5
0.30467265692382489,-0.91168717548272438,-0.27568290876169677,0.94725001671945919,0.32026138121193076,-0.012249633839888013,0.099458423212728742,-0.25740851144544369,0.96117057814285989,-4.7258848492878869,-10.809759369330928,-2.2234834736903037,,0.07223868582383411,0.3448275862068966,False,5
-0.96423270329122579,-0.046634404315406656,-0.26092245253684904,0.09495838233251945,-0.97983690724426475,-0.17579118529319629,-0.24746353171424701,-0.19428038381715992,0.94921911745148235,4.2639951730832326,-23.526845675733533,-0.0017031704432479981,0.3404670512324328,0.234755282304199,0.25,True,5
-0.42136766071757709,0.90667942737099749,-0.019537412407893473,-0.90082952468398647,-0.42094110527088008,-0.10637082941743017,-0.10466834267828534,-0.027221349627253144,0.9941345664272272,-20.177633809317577,-14.729753921289863,-6.2886757317504189,,0.4583264139676715,0.125,False,3
0.89022673972861277,-0.30982918647618746,-0.33391949191334869,0.39587826939359644,0.88885826336970242,0.23067592735551745,0.22533696477519247,-0.33754534931902214,0.91394003603026563,-5.9163451672328851,-12.704522459384355,-2.6193385981012396,,0.3375272078982381,0.3181818181818182,True,3
0.38657036928394611,-0.84199637693857199,-0.37630499706221321,0.9148401694681354,0.40174093847832831,0.040886216235621969,0.11675107673673732,-0.3600643269929289,0.92559325111408552,-15.432673617118827,1.4530447601278031,-4.5787118888517453,,0.6465781432718438,0.775,False,1
0.49236239483852173,0.84047400711983533,-0.22623597305645959,-0.86285260054835378,0.50545562216023998,-6.126620881879638e-05,0.1143007518602531,0.19523846286665014,0.97407252334805594,-19.256825837176606,-1.6607953782807559,-5.7826099476508945,,0.1190506097575485,0.3809523809523809,False,1
0.91987931563046177,-0.27490480087441954,-0.27973093345468553,0.30576027165512021,0.94934337767326038,0.072510740896180925,0.2456271584182439,-0.15223173691488162,0.95733630314704854,4.8288287023978969,-1.7184690095086808,0.37855606486040505,0.2326790854947313,0.163527161649032,0.3931623931623932,True,5
0.82746303148575584,-0.47476109311183751,-0.29984468644893181,0.51431746345787088,0.85510272776538399,0.065397796220231605,0.22534968006781531,-0.2083296172786156,0.95174381650624906,-9.9963168786458283,12.586503883929016,-2.5424464169134739,,0.0877538779962348,0.3529411764705883,False,2
0.1707556396731473,-0.92734946964983922,-0.33296467178963135,0.9835040427061742,0.18088519771362604,0.00058585724765709661,0.059685086080414722,-0.32757213921251765,0.94293912004503722,1.5666166105403476,-9.4364748809260774,-0.5856757698921321,,0.06912489671263862,0.1428571428571428,False,3
-0.71656211820128035,0.67867521083936833,-0.16105492526164022,-0.6657151901811097,-0.73433674095725388,-0.13256257557247078,-0.20823548285780338,0.012227390253730319,0.97800228762849006,-8.1890176877355607,-0.13326368861526283,-2.8768589160382847,,0.07735383314387939,0.1363636363636364,False,8
-0.94616918625724356,0.26218029852119368,-0.18980348269893177,-0.20406577720872252,-0.93837697039481216,-0.27893694628868032,-0.25123898891196411,-0.22518914827316108,0.94136540086753906,-5.4654048285125665,12.350960467280588,-1.4196436023411674,,0.2887646137023265,0.32,False,1
0.299984448899204,-0.9100501607971998,-0.28603852057307338,0.94900572739170008,0.31517053767004072,-0.0074606676999225121,0.096940496163327464,-0.26921410999011386,0.95818907486249261,12.771723929189374,4.7128993737992531,3.110395342095619,0.467422982416428,0.4503756322183,0.8071428571428572,True,5
-0.70924871607482687,-0.59895572508008799,-0.37177721573544042,0.6766685496825452,-0.72631805170647989,-0.12075496526364823,-0.19770162522531531,-0.33721525344961778,0.92043464744879078,-3.3672402016523502,0.88489444836633924,-1.6968802106802949,,0.2018162874695943,0.4330578512396694,False,5
0.18365804646613279,-0.90700142895612323,-0.37896982708362664,0.98085641909473031,0.19448109845035591,0.0098887545325563077,0.06473335375914023,-0.37353113687762785,0.92535619233568656,-8.4975349402580918,23.044387804257486,-1.66798190681409,,0.2631397832563252,0.3125,False,1
-0.68904869764337207,-0.61346273451756428,-0.38584370622598652,0.70460828739354431,-0.69163031344919934,-0.15866527929732849,-0.16952596736874773,-0.38119677710651623,0.90881789348102915,-14.27611026281283,16.241540957680392,-3.510453230682173,,0.3821871138954469,0.25,False,2
0.16442899206284922,-0.91028932735813939,-0.37991636851689042,0.98612499767630446,0.16061200997533046,0.041967501826926185,0.022816562561092033,-0.38154570204570581,0.92406833173924185,1.0331248023243289,13.716846970104344,0.4457641393834248,0.6688769131483452,0.6159791085381829,0.7391304347826086,True,5
0.94711907660989214,0.21146597956781332,-0.24134538364561869,-0.20872670793364123,0.97726755041978541,0.037165794646377884,0.24371831305178962,0.015174794296381328,0.96972733770955066,-9.9148047012784648,-0.56851371486926694,-3.3388552384767731,0.1702491198930362,0.1770905151772003,0.7125,True,5
0.81578401695576797,0.55298486339852737,-0.16942307555826791,-0.54301936278568175,0.83316536119863316,0.10471605673717191,0.19906383227332511,0.0065743251260229063,0.97996447329982028,19.738928674568232,8.4011843775729478,5.1768861606715761,,0.3523439721925755,0.5925925925925926,False,5
0.050635973746916585,-0.87311992856704768,-0.48486863014818282,0.99786406733074062,0.06429273978099051,-0.011564892632657397,0.041271070895393794,-0.48324738380101728,0.87451052867110723,0.50572482607425151,20.103254937386936,0.56951557386081553,,0.475480918300127,0.5,False,2
0.016748374385311304,-0.95953237088390375,-0.28109984201590099,0.99965198630397645,0.02180031578708307,-0.014854376799409002,0.020381320711985541,-0.28075322875703229,0.95956356032757784,6.7269982329161389,13.417090739338306,2.0003317133980589,,0.07390903790524132,0.4,False,5
-0.80267693484062774,-0.51222693627763205,-0.30550499836579892,0.5605693287163982,-0.82284658916340692,-0.093196128699617631,-0.20364617840092869,-0.24606311477704176,0.94761868785335746,3.7395350284991431,-19.154766183378246,-0.14485856534922162,,0.1313190159648245,0.2666666666666667,False,3
0.92246374371539441,-0.21753291140299288,-0.31896719892038472,0.2706128410016822,0.95355323510762868,0.1323061529210689,0.27537126178230176,-0.20836424902634479,0.93848548625544015,6.7352270894639492,-6.3588905133112048,0.82788540487313378,0.8830098562281752,0.6463170366433978,0.6896551724137931,True,4
0.58257119583241213,-0.73944896258002757,-0.33738113984885648,0.79699249771425829,0.60113159474575539,0.058683595540934538,0.159416938791274,-0.3030776097598516,0.93953722762255309,13.073997007769805,-1.6017534292465778,2.889121934976683,0.8239211423862172,0.6691908393632519,0.912568306010929,True,5
-0.12375571378133529,-0.82526959091583207,-0.5510123643041851,0.99219042709763627,-0.11162762118511232,-0.055654564631877249,-0.015578179684512687,-0.55359676344625508,0.83263914381894677,-3.5117380670610188,-13.31111761704622,-1.9535295193195268,,0.6541293538229309,0.5142857142857142,False,1
0.76119237188883493,0.63574770167770811,-0.12810555331351495,-0.62214010223430405,0.7716061422510091,0.13253548367288642,0.18310616092895313,-0.021185397141146006,0.98286484970103238,-8.3318817200043327,12.428873584017067,-2.1001458967059201,,0.2745795252994153,0.2692307692307692,False,4
-0.85132054880426156,0.47438690899041774,-0.22407673632514627,-0.46402108950424831,-0.88012116179785616,-0.1003552143681803,-0.24482187745155126,0.018541875150862017,0.96939076083228093,14.481510469168203,-7.5002759641980958,3.0993639223713179,,0.0999964811655888,0.3,False,5
0.1577546921643492,-0.87423281544309461,-0.45916276145019846,0.98652383654277198,0.15996774439621245,0.034366272502538472,0.043407108093745567,-0.4583964497628974,0.88768717339596015,3.7855100203828029,8.4671064705570043,0.93478192792531223,0.6189295415936203,0.6534595136320002,0.3642857142857143,True,5
-0.15185578141885814,0.97981987086296773,-0.12997246751425526,-0.98709619175100982,-0.15709699445981576,-0.031010362176945645,-0.050802853072644233,0.12358622493534124,0.99103254998305168,-9.4392691904730928,18.286699611441033,-2.1750389898011937,,0.1592161262960617,0.3666666666666666,False,4
0.73657266963353418,0.64448435445183994,-0.20518435421767778,-0.65233161757225067,0.75706837461483212,0.036206862245002455,0.17867334178466826,0.10717925650448028,0.97805339522474322,-9.1899052166327362,6.2869558589893435,-2.8023373180455717,,0.08680622559405485,0.4,False,5
-0.90508800778759291,-0.30614254491850917,-0.29511428354097935,0.35703183715296377,-0.92408470854566405,-0.13636612002713724,-0.23096312566785751,-0.22878853472780186,0.94568062312751211,-25.718063705776537,-0.87946557681608739,-7.3523731405100197,,0.3015602796467422,0.5238095238095238,False,1
0.81908843469596526,-0.47531822227472748,-0.32119577164232227,0.52962492449561471,0.84170570460614069,0.10501878968306314,0.22043496886911682,-0.25613296235954053,0.94117178564415027,1.2767414365971235,-2.1548127844411575,-0.6002518350803755,,0.1023254564297274,0.1920529801324503,False,5
-0.088764632590725284,-0.94875637057089157,-0.30328565627504417,0.99603801958335958,-0.086197670121382436,-0.021868360937801798,-0.0053947701984601686,-0.30402518146823954,0.9526487209290273,6.5988345303605227,7.0366415424558468,1.5799216268273286,,0.08258023421968538,0.2741935483870968,False,5
0.5033270879329711,-0.80242620731402436,-0.32058388039410957,0.85146126401826783,0.52378322797561627,0.025784607188324461,0.14722621515656642,-0.28594284727384484,0.94686911960608278,-5.4181697652013314,2.046564910331826,-2.1640672494832889,0.6307872279563476,0.4423859969753193,0.8690095846645367,True,5
0.35001240944946166,-0.89092609358934127,-0.2893821158831692,0.93204578184144549,0.36212700691433863,0.01243750034502018,0.093712185882905349,-0.27407065991254903,0.9571328536792314,4.3729147367683652,17.233766977691328,1.5269313990559237,,0.0728647546140343,0.2352941176470588,False,6
0.96560020967278426,-0.067816545537083481,-0.25103217170572095,0.078294172593237149,0.99641732504388925,0.031977130739319314,0.24796422648804464,-0.050531480324603667,0.9674504183049325,-3.4155557085282475,-12.541055664568546,-1.9222717161745448,0.3078661674079141,0.232592070797109,0.4731182795698925,True,5
-0.74321319500616756,-0.61953812849157153,-0.25259979040744468,0.6565023703542896,-0.7480863742429058,-0.096806065880717676,-0.12899141245805174,-0.23777990667266996,0.96271591422122682,-0.077008713567950832,18.922213296447193,0.43367064565374236,0.829886582430373,0.8149043586442956,0.5945945945945946,True,3
