axis_00,axis_01,axis_02,axis_10,axis_11,axis_12,axis_20,axis_21,axis_22,location_x,location_y,location_z,dbh,dbh_approximation,score,reconstructed,number_clusters
0.47848505796149482,0.8762040720579688,-0.057606192519730426,-0.85951379286348051,0.48077536083913341,0.17346784222857065,0.17968886772702475,-0.033488453518135758,0.98315331169454179,-3.3286190143907071,12.705862796078058,-4.2386622946775327,,0.1893852660942963,0.2083333333333333,False,3
0.911357137146106,0.35515725913210056,-0.20806607089727025,-0.32547827525645728,0.93123201647044351,0.16392322543335133,0.25197631021374983,-0.081671615547663626,0.96428091669642557,14.219743714831298,5.0734184867503691,0.96886261387373274,,0.09296909705874046,0.25,False,3
-0.557144705876228,0.8275644627201505,-0.068751994565972752,-0.82787607646494532,-0.56000380109609649,-0.031889571570199664,-0.064892054452751036,0.03915102553741906,0.9971239734698335,-0.059420107502090647,-13.831722914145729,-1.5110964423259403,,0.1426763874543802,0.375,False,4
-0.96509954980172008,0.15181334398916074,-0.21339064543542507,-0.13768160402204127,-0.98726608235692603,-0.079683489767492455,-0.22277036357297705,-0.047522533754388807,0.9737119563295541,-2.6063122120947657,16.119030339531239,-4.2977220539472132,,0.2929310321280492,0.1724137931034483,False,5
0.18864030597617706,0.96772846721645722,-0.16708216152570957,-0.97759059117572011,0.20123523575485325,0.061814366739430845,0.093442340541761953,0.15167726800538561,0.98400332080969233,6.4704726998296369,-7.1396692711363112,-0.23456604049246724,,0.2726386362944879,0.7166666666666667,True,5
0.94835066139542612,-0.16467357484127743,-0.27113398307820652,0.22320597703644335,0.95372454216156499,0.20146610011096236,0.22541099096110118,-0.25157923488974182,0.94122142651250107,-1.6307293073587892,18.42603222335191,-4.2477290002466654,0.3231731826277038,0.1679321034651296,0.4,True,5
0.88433575809779574,0.43758536767808154,-0.16269392411407169,-0.42693236723311684,0.89902214171316597,0.097406070232811753,0.18888891115765394,-0.016680368806195014,0.98185678412799371,-4.4365599604197019,-5.6158565688956417,-3.1191176738284403,0.02562435535203136,0.1708756583391146,0.2708333333333333,True,3
-0.15068792973420203,0.97225109889227468,-0.1789439815562005,-0.98853411762968735,-0.1464216463155775,0.036891730405777659,0.0096667530493317264,0.18245136939196063,0.98316735690953594,2.7012432348457454,-4.9306273283344106,-1.36628497104693,,0.06974299078165538,0.3050847457627119,False,5
0.95475540290191485,-0.049027280838438832,-0.29332310915301479,0.12843852676620116,0.95756673539816073,0.25801064338712165,0.26822689177584402,-0.28401104378614844,0.92053900598278426,5.6759317207909694,22.235861700354167,-2.5197850145653411,,0.196649431950387,0.3333333333333333,False,2
-0.26302882906596459,-0.89131904534389217,-0.36927793663775954,0.959244168077524,-0.28257597828217262,-0.0012010441843406452,-0.10327856064763465,-0.35454361636493575,0.92931822483228355,-35.09029047367423,13.544671360805918,-12.509426232917008,,0.2488064625657847,0.2083333333333333,False,1
-0.97724336380895738,0.016659842928550123,-0.21146597249900564,-0.01574084403168844,-0.99985793090082287,-0.0060285855633788951,-0.2115363650073534,-0.0025627423438503161,0.977366767713715,9.4649628328489168,-9.9654469243982167,0.70896164203808176,,0.09794636194127654,0.1666666666666667,False,5
0.73209367977991469,-0.62355962288127453,-0.27424850179803734,0.66691781073618361,0.73810736595390436,0.10206933940927861,0.13877852048916325,-0.25762552869766908,0.95622675616931307,-16.645769239880909,-10.114374538506517,-5.9463367629775847,,0.0695821542876211,0.5,False,1
0.59761048027513208,-0.71847184883410908,-0.35589312482573165,0.79285217292604371,0.59562407508706428,0.12890846777124582,0.11936140813419241,-0.35920768868382658,0.92559315611052706,5.0661513082241152,5.7518449378635825,-1.4225108737732282,0.5669830918272215,0.4719876830900464,0.2745098039215687,True,5
0.13186965399255218,-0.91566670505195136,-0.37969050503691415,0.99123736127733464,0.12477403373390389,0.043358206993791996,0.0076738493489529117,-0.3820810460688584,0.92409695718095286,-5.4004659546118923,10.646933743443288,-4.60534946336809,,0.1696950898770178,0.4571428571428571,False,2
0.96231205924959029,0.18191857192148161,-0.20214137085926062,-0.15060176651456361,0.9754162419277882,0.16087965348720301,0.22643897311528621,-0.12437358310155075,0.96605207068820864,-0.30249309638357458,-2.0738838493119491,-2.3341826485943242,,0.2116888393985404,0.3005008347245409,False,4
-0.59933740190751117,-0.71053908505127628,-0.36868534997915281,0.78163039958463654,-0.61885065998969124,-0.077960112079738186,-0.17276746545549676,-0.33490008845149533,0.92627929569610101,-25.428311729532979,12.136228717035904,-10.205960953027196,,0.09119978603460499,0.2380952380952381,False,1
-0.50145370176962667,-0.75611792580043402,-0.42051143535555313,0.8475931586000276,-0.5268416075720761,-0.063433098815198569,-0.1735800175019189,-0.38823137793604456,0.90506705536656984,12.262575038739271,9.8617480902149701,0.11023856354661479,0.4519079823340083,0.4946632340072761,0.2777777777777778,True,4
-0.9153728796623678,0.34277750343560742,-0.21117782629120377,-0.35222323212583873,-0.93588475982165142,0.0076492538458525772,-0.19501611710177505,0.081383656049743208,0.97741772779018343,-9.9855469747928378,-0.16118263054694826,-5.0143869631225169,,0.1424348971021593,0.6417445482866043,False,2
0.96367506494299315,0.12322023041164629,-0.23695388586055799,-0.053345115048710319,0.95813680897321662,0.2812972697895601,0.26169575446987564,-0.2584388324302706,0.92990574897917488,-17.663865602839575,11.090201353484806,-8.0846505856172755,0.2447989990055059,0.3028559254004631,0.2363636363636364,True,3
0.95887420342939189,-0.15586326294170427,-0.23720646125857572,0.18875134470688903,0.97431692832564076,0.12279842445825837,0.21197450759228598,-0.16252127997051555,0.96366676900666992,5.2328684447898226,3.2544156716999564,-1.1880284037931343,,0.0689846155158236,0.2545454545454545,False,5
-0.91872761422513782,-0.29130338313325604,-0.26661190865245521,0.32473740617234209,-0.941478544499045,-0.090353568166497977,-0.22468909161916384,-0.16958917778879085,0.95955944207968491,1.6586138133301973,-7.9672355233055683,-1.419976445844696,,0.2322367511798188,0.2333333333333333,True,4
0.95494087642538905,-0.18458872302351742,-0.23241111390047198,0.20941151338999703,0.97395962877380149,0.086887626153040062,0.21032056625927495,-0.13164210895965842,0.96872886534728186,3.3218751050539543,-4.0444588792339831,-1.2754996251485893,,0.4310595087326461,0.9636608344549125,True,5
0.57868410958480143,-0.7416180914207906,-0.33930415233449462,0.80947484445489071,0.57299679051026453,0.12816065800262899,0.099373927711328913,-0.34882271219391725,0.9319053267091586,-17.386269812874158,15.078287877749398,-8.393382295811799,,0.2776309688890346,0.2916666666666667,False,2
-0.89941024721603846,0.41256111347264895,-0.14441099283986103,-0.39406165719328251,-0.90827492254848563,-0.14054207697208576,-0.18914707910213699,-0.069498149038316262,0.97948628869799892,-0.36296361253173209,-9.6991531305311316,-1.8087625349461343,,0.2775312563309728,0.2083333333333333,False,4
-0.89581628612431485,0.41809783203521611,-0.15068969560621254,-0.40781909829307872,-0.9080903894414627,-0.095160010884159082,-0.17662605861497543,-0.023791751753612533,0.98399044099352651,6.3840637199746348,10.884197958899696,-1.5068470180413887,,0.1812093418777176,0.3076923076923077,False,4
0.54988669940539769,-0.79997072589426543,-0.24014881954579775,0.83085596783480031,0.55332114404238109,0.05927961090398675,0.085457466205916224,-0.23212614947013807,0.96892438931107117,0.63722713823625787,7.5996794585120977,-2.7536380635696278,,0.067685906288976,0.2173913043478261,False,5
0.90905199670240533,-0.34130918292208767,-0.2390240760769255,0.37754693899380448,0.91738992412141507,0.12591281101187993,0.176303080369514,-0.2047041005294275,0.96281537953995089,-3.1078510272738731,19.921660421377823,-4.8214186221420077,0.4352226473166391,0.2688120559478107,0.7403846153846154,True,5
0.46854576657966596,0.86329912040530177,-0.18756197196581781,-0.87118142400699727,0.4867555769134046,0.064124369851399327,0.14665534796049481,0.13335530379827981,0.98015742198049738,-14.561805743152098,-2.4746533487276028,-6.1079515328090155,,0.4503995035432994,0.7252747252747253,True,1
-0.70121827377961943,0.68659101754130503,-0.19205652071493878,-0.69653161150505727,-0.71722120657915645,-0.020915425104648076,-0.15210735252347235,0.11910715958638247,0.98116096428851352,1.7219297044522195,-6.3307984349196733,-1.507007605116206,,0.1067255085985733,0.1333333333333333,False,4
0.53276079343986182,-0.77156421402944519,-0.34764148285619589,0.8427752845308899,0.52100180790900985,0.13522919780661946,0.076783831352750409,-0.36502846434856145,0.92782458657772404,-8.8240716139067974,25.798798560228345,-6.7881049071263897,,0.5993253260596004,0.7384615384615385,False,4
-0.52463143485520425,0.84629038980633708,-0.092490181550307499,-0.84509481008378018,-0.53083097254645539,-0.063507799165492484,-0.10284269313485514,0.04484478461118302,0.99368623104174469,-9.1256272179320597,20.658502120979982,-6.4999903778658608,0.3241985647260481,0.3105395088883299,0.4722222222222222,True,5
0.91955443668914383,0.34106377151296463,-0.19517976771854209,-0.32258415286814074,0.93881175974113784,0.12071430772734527,0.22440833826677603,-0.048041477216052564,0.97331028669342856,-5.3266922444669023,17.218055736706756,-5.2277374926760141,0.2825827087120847,0.09353034236885772,0.375,True,5
0.69335835263827561,0.71472017047667802,-0.091811070903925956,-0.68634649857083363,0.69383548682601892,0.21799266299685086,0.2195055323364179,-0.088132826657779079,0.97162231661228149,11.609242116955157,17.181163843592856,-0.49483847177336343,,0.3291717130591029,0.4444444444444444,False,3
0.55213182343870748,-0.78825733321380576,-0.27166307474684226,0.82922179699181131,0.55309969210638088,0.080448380875553005,0.086842736828819239,-0.269687054243408,0.95902410388560855,-22.007340211916489,16.745278650052054,-9.6909959494199871,0.4120814802681839,0.4249428894419413,0.9135802469135802,True,5
0.067776641253053577,-0.90635988297188452,-0.41703487796543848,0.99728368312237103,0.049464282973958169,0.054576002856121748,-0.028837168348055199,-0.41960105725446584,0.9072504452865271,-22.533383682180204,26.437001693705287,-10.324991093300246,,0.2368276949326557,0.3333333333333333,False,1
-0.93944668149158095,0.26021824281600281,-0.22299416750266718,-0.27372994135013345,-0.96129291434262709,0.031430113635019644,-0.2061840242184349,0.090567096345249523,0.97431296266481116,-9.5862770335852368,11.088328371811247,-5.9006109915312983,,0.08821138682735992,0.3522727272727273,False,5
-0.82586472426811985,-0.48595451459848926,-0.28599941774571924,0.52208380881377359,-0.85061804454782219,-0.062269084336799785,-0.2130163228112974,-0.20074150550144593,0.95620442070980183,10.668481930696089,13.105961636112378,-0.45736876331968501,0.2282466045740802,0.1557506847730422,0.3939393939393939,True,5
-0.19461021087188676,-0.94020743947600871,-0.27952967030061115,0.97663861537558383,-0.21220877193790771,0.033829751253414989,-0.091125631858784528,-0.26641585513361166,0.9595408857113723,-23.381783041920279,8.9975119581555418,-9.4589954974949197,0.2595194127453982,0.2036546098014394,0.7980769230769231,True,4
0.97283025373370291,-0.072575856250344822,-0.21985004550818252,0.099199373988714173,0.9886789331523933,0.11257642444532412,0.20919077804881328,-0.13132673844337966,0.96901625690653792,-0.223168626852015,2.6446309337408356,-2.6328657878068209,1.122327555553748,0.6955471444392796,0.8175235336712527,True,6
0.96661728043712636,-0.059033516740439593,-0.2493312596959919,0.094546797374372604,0.98660322661482225,0.13294726901847526,0.23814268048080595,-0.15208259970975563,0.95924915772646857,-16.243681116900358,14.218066256754796,-7.9468261647028626,,0.1791612930838672,0.6610169491525424,False,5
0.67947342069160743,-0.61594744306390592,-0.39865350613870515,0.72120259625558203,0.66056636958193515,0.20861180822654912,0.13484318940107329,-0.42925612256597967,0.89306018582835012,-29.080329292970951,14.11843762064478,-11.17930783762619,,0.4485517264542342,0.3863636363636364,False,2
-0.084593578610754186,-0.95365190760436169,-0.28877667076893493,0.99395875667039846,-0.10110251757715311,0.042711485314822932,-0.069927937879384561,-0.28341898324234588,0.95644328814719237,-14.964822897438861,6.8583464391078071,-7.0525878938215891,0.2459645322585601,0.171056270497457,0.7065637065637066,True,5
0.78853173542255606,-0.53072359786272783,-0.31072522411792136,0.59393531617219097,0.78826533481436989,0.16086827572093781,0.15955733275199413,-0.31140042485781805,0.93678772033125979,10.911055428877875,24.317965669927727,-1.1710765409976078,,0.1877222196150626,0.3809523809523809,False,5
0.92769919163791514,-0.23166359798294955,-0.29275619071841075,0.31465433893513278,0.9072179767132279,0.27919203018290639,0.20091504877349203,-0.35112322637209969,0.91451933991490508,-17.98732545739864,18.693946831927146,-8.6668275453321755,,0.1693931496600305,0.2857142857142857,False,4
0.72291424031904683,-0.59568809921784982,-0.35007240621643115,0.67382901742129753,0.71987526921554834,0.16653543782898403,0.15280528925722819,-0.35627978503146696,0.92180000995495104,9.0133632931618894,13.854635094900052,-0.93781377390817589,,0.1221283613913969,0.3333333333333333,False,5
0.17136162072615646,0.96357741794674123,-0.20531379536016781,-0.98182274400786507,0.1842847719617407,0.045422705466276379,0.081604499207897974,0.19379804551672125,0.97764156175099659,10.124341457971138,-7.0373114438059226,0.69340392945589813,,0.3409559655811616,0.8910256410256411,True,5
0.30073185551604625,-0.90586602224389912,-0.298273533559201,0.95305504028166799,0.29702749591366934,0.058828197872816339,0.035304975167586114,-0.30196260764417698,0.95266580830485625,-31.811257435417559,9.5578865406137155,-11.577650195259912,,0.1181587851184491,0.4,False,4
-0.67570427720355386,0.73070952601102879,-0.097402866310810118,-0.72681662544013081,-0.68244050798799705,-0.077540608979460954,-0.12313132319862467,0.018399501455829137,0.99221980205674865,-7.2437754995026369,10.142889048479709,-5.1057144565935486,,0.1116581068487669,0.1282051282051282,False,1
-0.62710857517620444,0.77886057718614821,-0.01053737375877592,-0.7693280190231826,-0.62143773083595699,-0.14815379117431743,-0.12193946894396897,-0.084801816010733055,0.98890819488714199,-15.941013943516658,18.407013924956953,-8.124941318241758,,0.4472349958079602,0.2,False,2
-0.65395948343205412,0.7382543867781769,-0.16527992749290332,-0.7473403220329542,-0.66435849718896256,-0.010499060743884819,-0.11755610189590943,0.11665439389753704,0.98619081079243365,-2.2717688257291675,-4.6151169511849961,-2.6157450662424573,0.2603626664795631,0.2188744373859609,0.6800947867298578,True,5
-0.53335646708743301,0.82834325290508193,-0.17140109212790988,-0.84209724067937508,-0.53911840307493297,0.014952749115691,-0.080019474230933169,0.15231153217193397,0.98508785441261204,-0.45934728429669847,16.213976332970869,-3.6448624990350114,,0.09263449785226867,0.3103448275862069,False,5
0.82593750564013801,-0.43779307067569778,-0.35519637391911996,0.538741045402503,0.79853818019128586,0.26850486173514226,0.16608829812953602,-0.41312710156213855,0.89539972927140288,-2.2822237402972845,7.1005924371687383,-3.4477694782484596,,0.3510256927547625,0.1551724137931035,False,1
-0.64821785203433302,0.74010533586881233,-0.17904666465060978,-0.75223968737841207,-0.65888953539441697,-0.00018132996881788099,-0.11810617696303534,0.13456846572002562,0.98384056584231872,6.6626036913343913,13.436769987812552,-1.5947926789967015,0.2029548886698054,0.113844163803881,0.2666666666666667,True,5
0.22673611522882553,-0.94148857170134992,-0.24937923611779259,0.97393217528101483,0.22097173554400054,0.051260218913532232,0.0068448523235857331,-0.254501004804353,0.96704828553192923,-3.1901935171225366,3.3733878930028363,-3.5251267479429393,0.3944819938388724,0.3021251368660035,0.9373673036093418,True,5
0.3942732763408292,-0.87912666644031567,-0.26774033673879899,0.91768918354384643,0.39214933565559335,0.063760967303709504,0.048940228545604779,-0.27084165650507708,0.96137903614104736,-8.1125183725782062,13.267770185205123,-5.6096748403035868,,0.09154273521768277,0.6666666666666666,True,5
-0.48646625683653766,0.8662980391719538,-0.11348254617462737,-0.87065740903844779,-0.49149516910271301,-0.019702153058811317,-0.072844059784618886,0.089219986973346654,0.99334462140717872,-23.673210024792773,8.0393028412243677,-9.4888572811538463,,0.07579215205062756,0.3823529411764706,False,2
-0.83216409171140293,-0.4947402076935295,-0.25046966155105466,0.51141824255351631,-0.85933015374667521,-0.0017515836230592094,-0.21436955392408061,-0.12955235911815399,0.96812286441200879,-5.8387473069240468,18.970047702566347,-5.5574601516398561,,0.1059437622608317,0.2647058823529412,False,5
-0.33839988911312485,-0.8938617031818149,-0.29410333325743171,0.933180762783129,-0.35898907656550422,0.01733513421194055,-0.12107509661249262,-0.2685853653711488,0.95561640970042172,2.6546203122907386,33.057778376244535,-3.9605549740280201,0.4450491619827364,0.5483604236969518,0.7906976744186046,True,4
0.96559766234320155,0.15791829356302584,-0.20659856494053166,-0.14005236902955512,0.98523158678216549,0.098509158639723302,0.21910383019599272,-0.066185594843884588,0.97345414819014831,-15.303590810081946,-12.170412614952001,-5.466990074699952,,0.2424981150959806,0.5263157894736842,False,2
0.75116750796732612,0.64881667004903953,-0.12159072185258855,-0.6287970775888303,0.75934972787215926,0.16733865661055325,0.2009019915030813,-0.049243471109925468,0.97837286877914942,-24.338049289017665,16.860841669877107,-10.207562155624668,,0.2303492759608409,0.25,False,1
-0.3388943892601109,0.92710151889867198,-0.16010423662037632,-0.93943275335698162,-0.3427098470641935,0.0040078230199171172,-0.05115363963725636,0.1517653925669952,0.9870919768546641,-7.1965542204297659,16.260841457023503,-5.6477742633470935,0.621050404222535,0.2264828103969229,0.1052631578947368,True,5
-0.0093675259194641383,-0.95097226372140176,-0.30913428003173676,0.99905751354023553,-0.022003886652090451,0.037415419428400987,-0.04238318177000619,-0.30849243524727488,0.95028210721777562,-16.600638420783415,11.376397783532724,-7.863511654201023,0.3365651658746889,0.2903234525643619,0.8439306358381503,True,5
0.29780762611735212,-0.91519451691567844,-0.27153197607984569,0.9542711741012263,0.29315386622220885,0.058543462473945748,0.026021992733349188,-0.27654982720379651,0.96064720317488883,-12.871705024977759,0.36000054201354542,-5.8623043161611514,,0.1434765104612323,0.5205479452054794,False,1
0.18804830932302702,0.97606505386395659,-0.10924671155829946,-0.97825200735082507,0.19605031429814543,0.067729494148996802,0.087526244491762606,0.094134398012360343,0.99170452839342138,2.8955188559371954,12.906813535635914,-2.6033709594700989,,0.09718187743808274,0.2826086956521739,False,5
-0.95640373739295825,-0.13912580286231607,-0.25677987085964582,0.16589535451630577,-0.98242030738980202,-0.085609993447230054,-0.24035520059006357,-0.1244763054000298,0.96267077806655577,-27.286956713370181,8.4857611107086051,-10.435043101473735,0.5504040116557883,0.2763762276425046,0.7435897435897436,True,5
-0.26122185288037952,0.94832070820938374,-0.18014154978514363,-0.96514424587948477,-0.25971270759891241,0.0323402869090832,-0.016116085860447465,0.18231056988801797,0.98310890947221319,-3.9107303121221277,-6.7818920061312991,-2.9209403873900781,,0.114501304295512,0.5308641975308642,True,5
0.93085501415880667,-0.25372141623955152,-0.26293418483872338,0.30663577911318307,0.93377086804420606,0.1845168419402971,0.19870440755820887,-0.25238345614038526,0.94700535874068614,2.6245248702022286,19.331066433468948,-3.1139282883859689,0.2681010649564683,0.1748838828829198,0.32,True,5
-0.4693557700706778,-0.81942585462421069,-0.32900825198578937,0.87101063991977679,-0.49085508871311928,-0.020043628188982074,-0.14507110755730632,-0.29597728064467943,0.94411430615910008,22.437447668887756,-4.9168994163310966,3.5801550740970947,,0.1285573275818158,0.1379310344827586,False,2
0.31023155547179132,-0.88243573176464263,-0.35364326841402327,0.95021192694011769,0.29926439909434793,0.086822308973254783,0.029217732463373849,-0.36297107149151564,0.93134221710926424,-29.230649736846711,15.663469123334982,-11.235789004848161,,0.3055254397526474,0.1666666666666667,False,2
-0.42917698258046766,-0.82556094533781765,-0.36640993866986654,0.89238344300126482,-0.45022206920355146,-0.03085253732324339,-0.13949519088604648,-0.34021936149343845,0.92994186795985478,9.254760009695282,19.347441360198257,-1.26706946562734,,0.1389984699045618,0.4761904761904762,True,5
-0.54479987212765646,0.82557468214452467,-0.1470358579791235,-0.83638486285581626,-0.54760311044284049,0.024314494010451344,-0.060443862511816451,0.13622509913849903,0.98883227184864841,7.7613306286930408,15.022158147170266,-1.4120514679371901,0.05966344503039546,0.1429700593127942,0.1333333333333333,True,5
0.97317885504297907,0.071196966971679543,-0.21875536105721144,-0.059924756071254581,0.99653113128216464,0.057747103782703181,0.22210794606910855,-0.04308939869066656,0.97406948623465228,-4.2714511272187377,-3.7152800665029435,-3.1734182503795312,,0.06535943019438728,0.1956521739130435,False,5
0.30425558643122463,-0.86572151158278321,-0.39743528090522157,0.95211571451731636,0.28954206334321414,0.098188898171502448,0.030069989933006691,-0.4082788972476718,0.91236184585264934,6.7940529784505674,16.598386522855563,-1.8132758439636705,,0.5120553834887145,0.3125,False,5
0.96819249210410008,-0.097227978011676056,-0.23054287784491009,0.11591293006008536,0.99086627061788635,0.068907375488311454,0.22173743679888125,-0.093438504073869194,0.97061926370657792,8.0410059917557515,-4.7617450050883399,0.013596526447377679,,0.08601439382485732,0.2857142857142857,False,5
0.93186271892915307,0.33663272009376866,-0.13531550107891213,-0.28296014257330332,0.90776489433526586,0.30967152650410018,0.22708022984148712,-0.25028245718538511,0.94116590505626763,-13.644894607167943,-13.921395667279796,-4.9380079438581799,,0.3746538141163849,0.15,False,1
0.97487953610973677,-0.038641029377095078,-0.21935533028204002,0.095565583068725521,0.96214525939117101,0.25523267652052467,0.20118923780162523,-0.26978393332401163,0.94166847664824493,-3.8398677484356671,17.022392095806293,-4.7725136159858694,,0.1312904836400018,0.1538461538461539,False,2
-0.14678600501291014,-0.95523096831921095,-0.25688064523489434,0.9865646842476159,-0.16020643924801498,0.032000322168324574,-0.071721632216190351,-0.24873217320527269,0.96591320183794482,-2.7031836134038589,-5.5359513351191589,-2.6334765539685594,,0.07002007453217064,0.2073170731707317,False,5
0.95821943191976922,-0.13212381276587606,-0.25369039869802645,0.19203986340120718,0.95447224129505337,0.22826176084058397,0.2119816292894304,-0.26744352431383733,0.93996688779254012,-19.414145695324326,31.030994738966545,-9.738592703172543,,0.5503290716292802,0.4736842105263158,False,1
-0.5970588172352238,0.77501700225423176,-0.20704930567026944,-0.79474669993114055,-0.6065673193662926,0.021301878446571068,-0.10908002434102183,0.17727022675467885,0.9780985712064546,-18.930533649211593,16.534739507174045,-8.869165083300885,0.2793137252115648,0.2083184494625263,0.8153846153846154,True,3
-0.96315860507240547,-0.13580240001258448,-0.2321275718776237,0.13772784353633014,-0.99043804291735837,0.007970210591086116,-0.23099035172450716,-0.024293852984985757,0.97265269552771705,2.411654958967639,4.6542160532517052,-2.0844434540360832,0.4864100402250555,0.3664062411052879,0.9553571428571429,True,5
-0.11189106612609691,0.99185284195378887,-0.060896052658274719,-0.99366349734238568,-0.11101812325651933,0.017545094981221844,0.010641586839622203,0.0624733240414998,0.99798989995527598,4.3302505819788815,9.2538725163970454,-1.886173890025423,,0.1332684463593809,0.2444444444444444,False,5
0.84401078949218422,-0.46020973938849347,-0.27541383950839304,0.5097545647399897,0.84797799811548824,0.14520192298586232,0.16672153714359575,-0.2629454515370514,0.95029659505254094,1.1121604604537867,17.909201761685612,-3.4154232022487077,,0.1736515819410187,0.3636363636363636,True,5
0.65332996921097408,-0.63288965451588675,-0.41546436253612568,0.74797178153918065,0.62443528063438059,0.22498620917773299,0.11703916161649525,-0.4577458525271681,0.88134588507707012,-6.7137098242775188,-11.321622376337725,-3.3819585882354386,,0.2852456604241251,0.2,False,1
-0.016578442365006007,-0.96293254079002188,-0.26923238500675184,0.99867541335203458,-0.029064824855823543,0.042457681545789182,-0.048709075282677317,-0.26817188115791335,0.96213890272732094,-4.4414986513218109,13.860964440324386,-4.6331921484138308,0.1709494189795625,0.1998691224669243,0.40625,True,5
-0.92319204020351453,0.35397838065242054,-0.14971894648160716,-0.32553206019491771,-0.927254289306079,-0.1850090828817062,-0.20431675087991344,-0.12206059558337336,0.97126509065018274,-7.0279103663362825,9.4340161306935482,-4.9626161073087349,1.018369981295484,0.7430749595815233,0.3076923076923077,True,3
-0.79311051392800913,-0.55928800373988907,-0.2411900527996533,0.57244494529159895,-0.81973500584903247,0.0184744362778596,-0.20804445992851622,-0.12341575692891191,0.97030204247683416,-11.942683356909967,-1.5828309394505382,-5.415327700617107,,0.167102154119832,0.4333333333333333,False,1
0.97042993088472818,-0.082292788965695182,-0.2269221146722171,0.1040179799960764,0.99089474714912806,0.085486021721696961,0.21782104829561147,-0.10656217413563876,0.97015385066642301,10.331332369383782,-5.3119872831834583,0.6221973650081053,,0.07711913632410289,0.2894736842105263,False,4
-0.071158936019572031,0.98490813317057513,-0.15777317591725032,-0.99745995515154495,-0.069760221816677792,0.01439268290368767,0.0031691787012779957,0.15839659297643083,0.98737048550167772,8.0436430045003995,10.303133252135272,-1.0351302687459565,,0.07747087116013761,0.2758620689655172,False,5
-0.057604363890118554,-0.9671989593585375,-0.24740232471942514,0.99653010315300661,-0.070619583846815076,0.044052558236263424,-0.060079037697615828,-0.24400624457801021,0.96791087494472527,-15.83216768760906,13.135143286040641,-7.7477243937198574,,0.09543915683957847,0.34375,False,3
-0.14509829711996303,0.97872615873981239,-0.14505719689591751,-0.98940678537018412,-0.14285481036659167,0.025820848525284965,0.0045494215376790659,0.14726713602681082,0.98908629219605271,-11.911959445654992,12.170440950224071,-6.5866606481245675,,0.08563458385118532,0.3018867924528302,False,3
-0.13094161886244818,0.97620121731900011,-0.17287416161643249,-0.99118038215076398,-0.12532186547867841,0.043079926559941389,0.020389764322994081,0.17699043289920258,0.98400134358292723,-9.1503405843787515,-5.0852409481963905,-4.3663109052261868,0.1838993629849379,0.177778994462542,0.648936170212766,True,5
-0.26540493456772635,-0.88408337267392323,-0.38465154473705421,0.95866510662579185,-0.28443184671228999,-0.0077290305986922256,-0.10257404177110362,-0.37080333700944151,0.92302949639618903,-17.00357890381752,9.1146141644235605,-7.857813205410479,,0.2679779131439534,0.4,False,2
0.14578870743912176,0.98512846031304635,-0.090926175903734335,-0.98631807178419562,0.15188109853867174,0.064099868787637126,0.076956572527212969,0.080337093474514953,0.99379255247608445,1.0997397945111405,-4.9625780480139996,-1.7485307416787685,,0.09599560249628684,0.2845528455284553,False,5
-0.88398970768732232,0.42536164690847117,-0.19398367467958499,-0.43080951627118308,-0.90231230904230897,-0.015351144612868253,-0.18156364557110824,0.069999759214223398,0.98088463965793615,-15.749293344415584,10.570353225597385,-7.5615950644858181,,0.07107360291277408,0.1111111111111111,False,3
-0.88124834555154263,-0.35282201744728109,-0.31451228508136331,0.38740715005305343,-0.92038379621473199,-0.053003469255612355,-0.27077121994488496,-0.16855352761004477,0.94777246994190023,-5.3645828078701037,-14.511340210416316,-2.785594717010019,,0.2371326847362136,0.2658227848101266,False,5
0.59078501540313666,-0.7585075822140378,-0.27502602294861295,0.80109109061147976,0.59203351128271786,0.08803059730097218,0.096052746540770631,-0.27232805445284441,0.95739819335525367,21.231313476349523,3.0413670331930978,2.8502942402659506,,0.231671318164338,0.3548387096774194,True,5
0.71588533002010979,-0.6325076920319137,-0.29570629648768776,0.68383163761213039,0.72067947091308471,0.11399733157031339,0.1410052682090786,-0.28382233831201886,0.94845263171778271,25.144579480521767,5.7276940847917013,3.6593601030563865,,0.1676920542604917,0.36,True,5
-0.73320099074357514,0.64759448847230583,-0.20745526185887286,-0.66570051090963056,-0.74581268183819194,0.024622619356638675,-0.13877729262129954,0.15615640271733222,0.97793457907115944,-5.0271005344140596,-7.0547450156728972,-3.1670818099671481,,0.1281541212845385,0.6758620689655173,False,5
-0.75920231849634023,-0.58496378841215113,-0.28535803096511181,0.61861740713440339,-0.78481961347618834,-0.037022667291721142,-0.20229765984827755,-0.20463514006540962,0.95770565220756665,-16.394553352368959,-4.7359005699532011,-6.3181301259319049,,0.1749814215729086,0.3783783783783784,False,1
0.97161952031522736,0.091287218424583275,-0.21822500199268882,-0.075470857018822959,0.99395274316662918,0.079762736239274712,0.22418665768339346,-0.061029403600511595,0.9726334121409328,-3.5820713208813375,6.7331934205967441,-3.7392150231115453,0.3245602192897468,0.2601525917267403,0.9172510518934082,True,5
0.73167916132883715,-0.62819858854282862,-0.26459806921050438,0.6666404467901943,0.7404665995557399,0.085438455309822497,0.1422537155244066,-0.23890531240463583,0.96056656829412079,6.1675067997406137,4.4818356741739827,-1.0931149370484803,,0.1137558892264959,0.3255813953488372,False,5
-0.83174378717923436,-0.48394433536336173,-0.27202969095019619,0.51215172771411388,-0.85798322003119087,-0.039565160739692747,-0.21424957476782389,-0.17222855284366656,0.96147514023878111,5.2170920060138029,9.1291100075515352,-1.6455945373412257,0.4330300767039591,0.2438137198836436,0.3658536585365854,True,1
0.17055950462310709,-0.93778269443203643,-0.30244515768401792,0.98533228743636059,0.16062502279223442,0.057618446598494549,-0.0054533217537283407,-0.30783635275383631,0.9514236917404707,11.60200059250813,8.3218350254278999,0.053889086696375668,,0.1915582938718556,0.2727272727272727,False,4
0.42386040687437748,-0.85304052285737408,-0.30440798584712725,0.90385670177366439,0.41997019680758424,0.081658413236062877,0.058184346203423748,-0.30975296634030253,0.9490351319631235,-4.4085036112138294,-16.713142424620809,-2.3941569420368931,,0.119606989292201,0.4736842105263158,False,5
-0.96874834153617428,0.11610603778968098,-0.21919406643359024,-0.12431985369819762,-0.9919516337896449,0.024011043261643824,-0.21464208521948977,0.050510832608807774,0.97538578574930768,9.8593510373085422,-6.2194861750520083,0.56882655708782159,,0.07639376425700442,0.2380952380952381,False,5
-0.64834896414694376,0.7612050321405075,-0.014509298175806568,-0.76122105959098529,-0.64846862995415855,-0.0055618702389177363,-0.01364254832363837,0.007438750523187071,0.99987926564455354,-20.752632710112703,14.446505175561693,-9.1278610872297659,,0.3326742678918336,0.6086956521739131,False,2
-0.86204028377381503,-0.43039754724928508,-0.26766490332682863,0.45732188937344959,-0.88817793670438305,-0.044683803010081256,-0.21850226234769166,-0.16092825753529064,0.96247538008802913,-3.8869709071841823,15.100050065339632,-4.5881913421454872,,0.1027636572057415,0.3333333333333333,False,5
-0.61514534977676505,-0.75013260083624311,-0.24268761775310019,0.76855863072034558,-0.63918389105411455,0.027596821595768345,-0.17582329138452779,-0.1695436067198495,0.96971188279155174,-33.501212723789614,12.033818259574398,-12.073302089450216,,0.07244961781299378,0.2,False,1
-0.26402428443875031,0.96224432973960494,-0.0661591045177152,-0.96291583069686737,-0.26691498040000955,-0.039363640982838392,-0.055536296419269819,0.053312691941438811,0.9970323348106569,-11.729441757972236,10.239270690233059,-6.3503450390536358,0.0987476236481869,0.1894349731381282,0.2857142857142857,True,5
0.40883213327077639,-0.87500557740107687,-0.25927114440730892,0.91104002451855914,0.40796712342043273,0.059740270616070269,0.053501032985262292,-0.26063013203593105,0.96395517206167014,-19.672577148808731,25.052207797942241,-9.5305639186185402,,0.1243197991863956,0.4736842105263158,False,1
-0.97510198847700558,0.055424912197778418,-0.21471886544050656,-0.056468957568555411,-0.99840354322812785,-0.0012734601055514119,-0.21444665746826297,0.010883197020559022,0.97667506731937259,-14.203622177306336,10.257635777961367,-7.1154804117319497,,0.08197268984475628,0.3484848484848485,False,5
-0.77701889101439769,-0.56583432923391219,-0.27581362342561333,0.59212142489803332,-0.80570529233004506,-0.015205265143407462,-0.21362083508749888,-0.1751299339683739,0.96109086201292881,13.389075274877497,12.54814746780748,0.27450247801464162,,0.1351151252343954,0.4230769230769231,True,5
0.44065066917019768,-0.83604188421994508,-0.32689594000204547,0.89440905149890904,0.43995218514779738,0.080464423073180608,0.076546955241070386,-0.32783538950766478,0.94162865346678937,-3.2958557652900207,11.502552075929152,-4.1434741136263709,0.3501992568566875,0.1745343280535514,0.1388888888888889,True,4
0.3291268211246533,-0.90743773600833133,-0.26121311392128771,0.94389652078220343,0.32409470612049079,0.063419078516842808,0.027108922362079575,-0.26743106912389197,0.96319558221350876,3.0792973404808821,9.6105490908711069,-2.344381898682427,,0.08733012322310671,0.2608695652173913,False,5
0.33782249238786399,0.93374924404004711,-0.11827219830328414,-0.93679079853397029,0.34573364842426907,0.053770290396547279,0.091098646636143005,0.09263149357472085,0.99152430276780334,3.2392881837035148,-15.934154464849394,-0.59225555332807434,,0.2173660491966675,0.5,True,6
-0.71223283989028208,0.68570885351902455,-0.15009247145493249,-0.68923646353034829,-0.72366645944389174,-0.035495814064780702,-0.13295668137405958,0.078167919772551289,0.9880345627539705,5.3544914273061819,-4.6212023701053324,-0.68327269189314588,,0.4120256284927198,0.7514792899408284,True,5
0.17782433205592058,0.98402109085610434,-0.0089999821792997869,-0.97893289036070597,0.17782261967870294,0.10034695860182666,0.10034392407564661,-0.0090337523192361158,0.99491179921646056,22.11140645661802,5.8998646169189399,2.878503215449705,,0.47531510493698,0.1470588235294118,False,4
-0.15680332130985722,0.9701693220803107,-0.18488971015291236,-0.98682384463437978,-0.14634380763715515,0.069008619949108785,0.039892581857017557,0.19327435541346305,0.98033341545225916,-3.9458419456939762,18.737577831703806,-4.9900085191041059,0.5146588124778335,0.2807561433337406,0.6794871794871795,True,3
-0.77427885242058225,0.60306017043262372,-0.19186112042840042,-0.6152764088313476,-0.78829398295289821,0.0052475876225378248,-0.14807835571030162,0.1221107172939,0.98140805646382523,-6.556440939701397,-8.8416319289450129,-3.4589117171960835,,0.2142335604643329,0.656934306569343,True,5
-0.61075719659782857,0.77668375346306062,-0.15407139225207594,-0.78645286872281839,-0.61763705387972023,0.0040441256692328176,-0.092019194093462875,0.12363986728119375,0.9880514415439503,22.138045795416097,-2.8348045789207736,3.4063090403664655,,0.3178080588895665,0.589041095890411,True,5
-0.60348111993750453,0.79533827173726956,-0.056987466946239074,-0.79087146695829591,-0.6061376143491255,-0.084377219807147102,-0.10165067943800515,-0.0058502975244204836,0.99480295204058766,-7.0917693518688001,-7.9809596561869478,-3.6056364890813586,,0.1821536714640584,0.4472361809045226,True,4
0.63391729926809115,-0.70265305150080271,-0.32315251338224138,0.76527745470705288,0.6302802122317972,0.13075653477411603,0.11180015655509443,-0.33019016230901049,0.93727006871477836,-11.332073261353177,20.990360424145162,-7.1679385674170479,,0.1070294249646906,0.1904761904761905,False,1
-0.79293027811809791,-0.52842191873745137,-0.30336751612752905,0.5906234123666565,-0.78893708802889984,-0.16953541192578844,-0.14975165711244379,-0.3136057189056195,0.93767046144248722,0.27660400673115682,-3.2604868645625711,-2.1013574842577141,1.069110853775583,0.503754639000909,0.4583333333333333,True,2
0.97398598619063259,-0.037009741314070116,-0.22356560055635999,0.05309480389303213,0.99638151773741646,0.066368764572215272,0.22030034158807094,-0.076512418332890977,0.97242666013279966,-0.12858125662189146,10.870698688898619,-3.1793175000894989,0.1725819456003507,0.1295754388011733,0.5,True,5
0.84551008249663884,0.50660985096203193,-0.16869842709627347,-0.48740734207476327,0.86128381294357159,0.14361154707403967,0.21805224898666747,-0.039200159050853375,0.97514950866123395,-9.8523909863508656,-2.6462225567828517,-4.7988182193834721,,0.1623751921942856,0.4060913705583756,False,3
0.37897393713045985,-0.88773965915948516,-0.2613370477587123,0.92392821914985646,0.37892760934211855,0.052635660315428864,0.052301059591682686,-0.26140421655678775,0.96381141035573914,-9.9810259697863195,16.059169382839613,-6.3267316318117732,0.229775634618017,0.1854747071422669,0.7384615384615385,True,5
0.49369415431145741,-0.79937565141741818,-0.34243926457063112,0.86716001838690671,0.48220638550957756,0.12454117505873287,0.065571217084296571,-0.35843488905904347,0.93124907827890857,-36.234701335766971,11.858638302365547,-12.677504670908373,,0.2179260586831009,0.3125,False,4
0.49223271651434863,-0.78659489058727006,-0.37279408645377665,0.86918169259382672,0.46738577160328365,0.16147360701530647,0.047224337503402783,-0.40350838727937777,0.91375644640273868,-7.6220521418757805,22.730690277101445,-6.2978995883910356,,0.4572877702133275,0.4565217391304348,False,4
0.28574833863351229,0.95562945531208876,-0.071555790178769813,-0.94956484857182188,0.29241337549097346,0.11322992621541157,0.12912972285635971,0.035591599765891491,0.99098877526495943,-2.3978055164773768,-6.7677789926112979,-2.4852503255676108,,0.2877748641489449,0.3717948717948718,True,5
-0.81053243470257907,0.56153648150949231,-0.16647507990401769,-0.566166738093282,-0.82397534150843343,-0.022800466286312687,-0.14997465443174862,0.075772135511677122,0.98578201774432761,-8.7493277958834028,14.561885949459477,-5.8820655526003485,0.3408079591409027,0.2281190778641143,0.35,True,5
-0.9798127796984738,-0.034825278166989215,-0.19686065310300271,0.063254163558436938,-0.98812539275104938,-0.14002542266711956,-0.18964658586980013,-0.14965095456152216,0.97038073160319538,2.4950739641805901,-13.115161772014428,-0.86557630518114326,,0.2215338371792693,0.2424242424242424,False,5
0.27677613098830672,0.96087521354184069,-0.010667582484562121,-0.95669636595171625,0.27657993508145101,0.090750222507272549,0.090150078701701386,-0.014911858075420031,0.99581654926939989,-25.710908161169691,7.408473230659129,-9.9720391035250149,,0.290325214561318,0.3214285714285715,False,3
0.9348118942109509,-0.25318161667158884,-0.24904977699507388,0.29441874361266551,0.94464493123618121,0.14478797360047124,0.19860595623312716,-0.20867444230032584,0.95760673101194016,2.4028173597393745,14.592412007671694,-2.8315687663493172,0.2946657240929083,0.2019047135494337,0.3809523809523809,True,5
0.93416943560278942,0.32215983907118867,-0.15342914871429195,-0.27838086234689063,0.92697365910958007,0.25144369309250475,0.22322983909990179,-0.19217927413387226,0.95563359376322166,-8.6590665535409528,-15.004385443102922,-3.5728620853533766,0.785623829134277,0.4332692432385529,0.2941176470588235,True,4
0.215670488582105,-0.94668438520228404,-0.23932178164331483,0.97645322475585539,0.21035334282442764,0.047859910431177093,0.0050339068969937409,-0.24400849570611916,0.9697600289786078,-2.2355925921988495,5.1200243477555709,-3.2636187839293309,,0.06536696784134953,0.3837209302325582,False,4
