axis_00,axis_01,axis_02,axis_10,axis_11,axis_12,axis_20,axis_21,axis_22,location_x,location_y,location_z,dbh,dbh_approximation,score,reconstructed,number_clusters
0.88858151758585124,0.40424875435630209,-0.21680828214393555,-0.37395064235916892,0.91210057619408913,0.16802814045741254,0.26567612554384895,-0.068231103668263487,0.9616447955499059,5.1417000353256972,-8.4093274131733455,-0.39709198806907703,,0.1445887507908589,0.5238095238095238,False,4
-0.72932890418488461,-0.61465725252583625,-0.30045933408344339,0.63271927106294634,-0.77303894521656247,0.045575357420855153,-0.2602799906755216,-0.1568669853597478,0.95270513557873471,-3.6349236492569812,-5.020506968494038,-3.2754613938690311,,0.07831952545900278,0.5116279069767442,False,5
-0.36489878991288599,0.8913070534315175,-0.26911077574734393,-0.92983076733735437,-0.36363761674865303,0.056413010894526654,-0.047577486618544759,0.27081251852265886,0.96145564774381376,4.0128013869262604,2.8365235504261648,-1.9246242409084786,0.2216573965663938,0.09642024666624734,0.3645833333333333,True,3
-0.78462203654008689,-0.49702627575934244,-0.37058486339903907,0.56817076140836353,-0.8156593312020245,-0.10900385912299647,-0.248093219690355,-0.29608231393966072,0.92238008310880659,11.50452673456182,0.80649573057059809,0.51939872012046051,0.7445227638233958,0.6595392572684398,0.3636363636363636,True,5
0.84799165541995414,0.47920834698042675,-0.22642772030476602,-0.42344479101091115,0.86948777466341276,0.2543334792680525,0.31875486083172466,-0.11979302940970366,0.94023665574204995,5.3026310258597036,-10.115353195580909,-0.25775231239632546,,0.5864446870716956,0.6666666666666666,False,2
-0.91019005547981136,0.3151972091598893,-0.26870947553719665,-0.32865381545344002,-0.94443495445087344,0.0054116909809330677,-0.25207287139546453,0.093238061697967556,0.96320606899938699,-1.508345297972387,-5.0955012957477486,-2.6391739157455807,,0.6693572554223364,0.6979166666666666,True,1
0.65837702844391088,-0.65544478446570875,-0.37004300146613611,0.73636387211389287,0.66271854991697909,0.1362804881168663,0.15591002617792329,-0.36221024020951897,0.91896452903502335,-21.759799761062755,3.9358850325480046,-9.4457059058463262,,0.1879928494941178,0.2272727272727273,False,4
0.80106821170125231,-0.49190743297995215,-0.34105248508232838,0.56006424578815339,0.8170324742603764,0.13706194436719005,0.21122916652655938,-0.30080726949833109,0.9299985085071123,-1.2871769906244941,16.004626243515652,-4.8864317679960383,,0.5142849182952959,0.7638888888888888,False,5
0.84875818802992797,0.46671127794497591,-0.24857618810159918,-0.44191340322769246,0.8842157830786449,0.15124481148898405,0.29038264806953062,-0.018521122902973336,0.95673135503470408,-14.24642184719078,0.43295954473304249,-6.9937300084430891,,0.09195507235301621,0.1666666666666667,False,5
0.94881758680824335,-0.11509576563373199,-0.29410568117016234,0.15459324140067437,0.98129599830093173,0.11471309180651014,0.27540173688016745,-0.15430854950961423,0.94886392853328783,1.448207784244095,2.0203172061971557,-2.606954331786377,,0.07602859750998406,0.3885350318471338,False,1
0.37596703077562593,0.89356722072410277,-0.24532919479173587,-0.90962557435378,0.40638855343828589,0.086195464590037602,0.17672041832033578,0.19075105682994126,0.96560029415226722,9.5728670111463643,8.3779515312174357,-0.99850626786382668,0.1828344482067521,0.16084773047512,0.4583333333333333,True,5
-0.68789448004588494,0.72031118513855619,-0.089179486916497658,-0.70803964625801663,-0.69298974600564456,-0.13581263290966192,-0.1596278285551237,-0.030282148129226,0.98671269772687886,15.181876427591218,-6.0891604468538576,2.3027398109281392,,0.4489945784910782,0.2962962962962963,False,1
0.095498784240880763,-0.85398093857603041,-0.51146509045810307,0.99539618298383103,0.08613260884295787,0.042042985088186172,0.0081499147071085916,-0.51312545273325483,0.85827492602752808,-1.116747270371435,14.039841299818622,-4.5997499320962953,,0.3319422037084709,0.1176470588235294,False,2
-0.85577269845331871,-0.40773075546488968,-0.31844735770603672,0.43463325822760029,-0.90048174732325881,-0.01505169691801965,-0.28061899334219392,-0.15128864394157995,0.94782104154209013,8.3558052356501396,9.3195311178800662,-1.4324543621128996,,0.178721422769471,0.2857142857142857,False,3
0.47790725326998595,-0.82100265799309113,-0.31234483001998936,0.87426755452489124,0.47906079346004171,0.078466548761241303,0.085210917005994424,-0.31057268350212941,0.94672261401388458,-5.5601556227965832,-13.759715967751017,-3.0872334610687324,,0.07297042300898124,0.2608695652173913,False,1
0.74337270437420011,-0.50853576975083348,-0.43449786337255525,0.64402375053702021,0.71960374864297982,0.25962252152538934,0.18063895243168987,-0.47282323951229233,0.86244289842370625,10.724239586356722,-3.0704444545580203,0.71102467216660381,,0.3234500091046014,0.2222222222222222,False,1
0.80618255816730489,-0.50238245975721252,-0.31254047263532719,0.55554398969732843,0.8244806799961043,0.10771482639050606,0.20356954197029478,-0.26046779540176351,0.94377749980625747,-5.0831002377331185,9.5869363816026354,-5.2213340803919293,,0.1413962149149607,0.3176470588235294,False,5
-0.94943114217755986,0.13038949595466481,-0.28562052728769766,-0.14320250676090981,-0.98939385784987011,0.024348225938289898,-0.27941644246680553,0.06401853945255899,0.95803344319786421,-2.2357451671351596,3.3298865282864263,-3.8054335730042417,,0.0766612693429305,0.3716475095785441,False,5
0.89472412211203833,0.36804559242633761,-0.25300432250534438,-0.3371543427329235,0.92812498961585033,0.15783203992506628,0.29290902083611647,-0.055914627300229086,0.9545039863545377,-0.55836385612721884,-1.7501878819381189,-2.7632746826067596,,0.06993978018645862,0.2142857142857143,False,2
0.95705411191361323,0.053565807600473657,-0.28491776203907426,-0.016996395274670256,0.99145895074845658,0.12930688894423625,0.28941069333546182,-0.11891111485844762,0.94979029124655134,6.2185132145862259,-3.7138027935681945,-0.55535304066467606,,0.8670536496624921,0.8531073446327684,False,1
0.93879154397325804,0.23402434987870646,-0.25279050739328801,-0.17535449619366839,0.95627535016528087,0.23406891150029996,0.29651515581664961,-0.17541396275701454,0.93878043441526271,-10.307350161481708,11.292173993614187,-6.8755029266396717,,0.3263604125866167,0.1212121212121212,False,3
0.65241600524218957,-0.68078450212634456,-0.33299522184020547,0.74359683671632359,0.65988035127211897,0.10780383309725723,0.14634582511742428,-0.31794713974113575,0.93674570498141596,-12.162183700630527,4.5168722090007369,-6.745853623472148,,0.07923380796683334,0.2041666666666667,False,2
-0.79058627312469121,0.56790827836905333,-0.22902736104384752,-0.57904798260094037,-0.81499466905735285,-0.022070868897194992,-0.1991903074765245,0.11516890538680002,0.97316974091851727,-2.276606185529551,1.9112470703543063,-3.5971506579821431,0.1550570962624642,0.1203579806849695,0.3743016759776536,True,5
0.098946411401205137,0.97680732636011947,-0.18988695279038637,-0.98990645890158491,0.11607904762498314,0.081307178818363829,0.10146334459176826,0.17992526746311066,0.9784334866676323,-6.5086987780018042,4.1780574125484877,-5.0403134115054486,,0.07467020155444996,0.2659574468085106,False,3
0.72883075694144916,0.65011642319222551,-0.21483566750402514,-0.63253554237419873,0.75942503336347933,0.15222485452203438,0.26211546190473178,0.024945039519385342,0.96471406625685918,-8.9925913775538309,7.1261617287741696,-6.085533646678515,,0.09269934670447548,0.3766233766233766,False,3
0.46242491071315889,-0.82848424063058368,-0.31587507812217941,0.88381541948036568,0.4592055780639876,0.089445745363683576,0.070947207419834707,-0.32053720548742048,0.94457524510101498,2.9351196815709355,-9.5065231564714132,-0.94818287852088723,,0.1100076778183155,0.2702702702702703,False,5
-0.24877080068492879,-0.88776048232347693,-0.38729112402864241,0.95735697463185343,-0.28602707195474525,0.040695666019145767,-0.14690375029360647,-0.3606519653818413,0.92105887326266545,5.8437678987706061,3.8954858868630224,-1.5505109526375682,0.8623910590673619,0.8205361672799043,0.7925170068027211,True,3
-0.73914336052792817,-0.52317893231668544,-0.4242061967574916,0.61260014039762412,-0.78397538685160395,-0.10051696770043701,-0.27997885736657641,-0.33416522498735957,0.89996968939895694,-7.6712705538863402,-7.8557875902175436,-4.2576856575515896,,0.2291538548994851,0.2058823529411765,False,4
-0.44991118296139326,0.86118215316386026,-0.23652743290860856,-0.89013678618651104,-0.4538783397468415,0.040631940468048272,-0.072363176573642163,0.22882253337621111,0.97077485489451332,-19.028271828189638,7.3050952822016439,-9.0524768605876318,,0.0834697602655332,0.3571428571428572,False,2
0.72304895337517594,0.66815359304147437,-0.17541661018509966,-0.62855221609774659,0.7416752290024704,0.23417934649055941,0.28656992630364247,-0.059064632309882514,0.95623691967442026,10.090835922556618,-5.0940279523137741,0.71773121265680251,,0.2456372776827487,0.2142857142857143,False,3
0.53443591179444205,-0.76049573539491211,-0.36881498428154635,0.83843404629563756,0.53215512045631985,0.11764045981058677,0.1068017143905942,-0.37209832600842691,0.92202832363488607,-5.4888710009153652,8.6969123643044313,-5.2492430528668805,,0.06695182422270744,0.1794871794871795,False,5
0.84919291762957627,0.47683350343050868,-0.22693875529303797,-0.42974830553090693,0.87374619015504496,0.22778057222435966,0.30690028110296769,-0.095903103160062286,0.94689746660511664,-2.6436364985444496,-11.310937098960396,-2.428699495153674,,0.3252736004493387,0.5176470588235295,True,5
-0.10307240427630271,0.97615738368640892,-0.19103099683352198,-0.99425313409460403,-0.095525525617458168,0.048327831511126018,0.028927233185389121,0.19491443309825723,0.980393583694949,11.64133068847841,-3.4287979658715795,0.99598538060495567,,0.234172664929839,0.5423728813559322,True,6
-0.91381950976083892,0.29621166541486804,-0.27783547803081221,-0.31228257576898655,-0.94987992032271895,0.014412835903874231,-0.25964109160829474,0.099933909359411502,0.96052054496954808,-12.357345987458011,-9.9929047702820188,-5.3786955363675899,,0.3983453039458607,0.7990196078431373,True,2
0.93431744377631898,-0.17233697172154755,-0.31201102934532904,0.23847929814009941,0.95280614826002075,0.18785118630583439,0.26491232250291957,-0.24992081148986023,0.93132220491640749,18.34884598031217,3.7371196851821034,1.983052500044737,0.4342649314373268,0.2678541590836264,0.2857142857142857,True,5
-0.94267992117278709,0.18017702349430501,-0.28087507262553729,-0.20001996088844171,-0.97882980169019962,0.043407770840147464,-0.26710780869127454,0.097100255034974797,0.9587622014912186,-1.1183579774332859,19.336605850576081,-5.377733072647799,,0.138066224398282,0.5833333333333334,False,2
-0.11222861457864096,-0.94524389840261136,-0.30646159727181566,0.98910099148280295,-0.13584704585551483,0.056787399835400466,-0.095309845858100414,-0.29674829850390599,0.95018760285405846,1.6324991910967279,5.9928264288663504,-2.9522732992586436,0.1832351479047809,0.137669086223142,0.5483870967741935,True,6
0.94637313784251453,-0.088818809738664448,-0.31062695151374342,0.18106033206797859,0.94209984076416808,0.28224997109577188,0.26757249507665759,-0.32335600979220658,0.90765954565008344,-5.9615064942917755,-9.4628167519360993,-3.5695854527009994,,0.290805868809466,0.3866666666666667,False,3
-0.11567684625191059,0.97628204404979446,-0.18300884598064346,-0.99277592794779645,-0.10772893987765272,0.052824543540181616,0.031856304377678515,0.18779735349251364,0.98169105623541464,-18.688699691624674,11.221638583100358,-9.2770037101861522,,0.1119406272394008,0.3823529411764706,False,1
0.80115354023049967,0.5310989191775205,-0.27583861771805351,-0.53051852354653917,0.84356592638289529,0.083346409759315246,0.27695324722800629,0.079564224964722791,0.95758364279869868,-21.894241548165802,15.276047680687011,-10.58007913829274,,0.2806294883110385,0.59375,False,1
0.83282117031085989,0.48865107569087141,-0.26005581037193615,-0.47592723969877632,0.87201368804495294,0.11439139117496265,0.28266970264737168,0.028500071726124288,0.95879381783408069,-0.10695780356161366,-3.437170498386739,-2.4372715455433136,,0.07753810755437958,0.2385321100917431,False,4
0.34978085614853072,0.9035966506717259,-0.24731851036030197,-0.92188996534544221,0.37895250362304261,0.080708684744617759,0.16665006590871473,0.19977010009675109,0.96556701613091245,14.813017959571546,-3.3865177330025702,1.9038399107132569,,0.0794353683595752,0.4545454545454545,False,4
0.91003082735268082,0.35373789795031518,-0.2161328129217937,-0.30698739329423591,0.92544285090036182,0.22206816538130933,0.27857249258712669,-0.13573882742643273,0.95077459847362977,2.7157480130627984,8.2451043307889282,-2.9374714173162833,0.3862350615720862,0.2285355217816044,0.4,True,2
0.21627678253052587,0.94914377257292648,-0.22880221223641053,-0.96762907503162021,0.23960061466350879,0.079281262643318459,0.13007046740783895,0.20424897659205205,0.97023916075852368,-10.889363277378365,7.8873824560436692,-6.6926847198398871,0.3940652530963243,0.2962132929531391,0.7913043478260869,True,5
-0.53226155016960519,0.80168079035471784,-0.27203961584167174,-0.8397184201164668,-0.54077689156805731,0.049328779258108753,-0.10756680309535367,0.25469248893955432,0.96102087331629849,-16.369450258525866,3.3624619515650127,-7.8267795374033371,,0.0708286213310156,0.3265306122448979,False,5
-0.50922970355812691,-0.76832861108908523,-0.38775798430982611,0.83475139539829457,-0.55060195400004874,-0.0052532020642682004,-0.20946411839430093,-0.32635660500937574,0.92174625004501765,-26.77030374563763,14.18585615372921,-11.826724988442537,,0.07760283166277779,0.3333333333333333,False,1
0.95759514344420704,-0.098165273038248818,-0.27087842369113391,0.1462165026823587,0.9756787520004967,0.16331474899130083,0.2482584854449234,-0.19599630625110717,0.94865861738589274,14.897973416491547,0.73101549869687388,1.4309333693468178,0.254611941774311,0.2288427587134793,0.1538461538461539,True,6
0.93531062172902368,0.26821987893679805,-0.23076424641611423,-0.20878404868103381,0.94491874909651785,0.25206701216586863,0.28566284654680496,-0.18758106020865173,0.9397925749620365,7.5732831808978434,8.3396455278108341,-1.5197236731871822,,0.195999027855617,0.2857142857142857,False,3
-0.79114906250808337,0.57852164088883218,-0.19848393364671305,-0.57988232094287828,-0.81268034557257818,-0.057333670543012083,-0.19447276094733865,0.069737844412676997,0.97842576535278925,6.4629321495324179,14.614622172936755,-2.5711292700338841,,0.1108645607440868,0.1428571428571428,True,5
-0.9250873471844927,-0.23320605294405261,-0.2997137583585634,0.24471111028770637,-0.96959563689519968,-0.00087944047669134828,-0.29039606157955661,-0.074156845834014412,0.95402876771879075,6.0654055785497274,5.5897868810314888,-1.6227544188807945,,0.09394172047995034,0.2352941176470588,False,5
0.70733542097498192,-0.61072267564304372,-0.35594159027788275,0.68657710685405515,0.71337741175187808,0.14037287753020028,0.16819179105432605,-0.34367205568331372,0.92390531958872546,-2.337577816912181,-12.891605565049115,-2.1698835142186921,,0.07565965953528601,0.2,False,2
-0.96170240314502309,0.039378330233489064,-0.27125234541494697,-0.00088435342284811974,-0.99006681359567961,-0.14059488801347314,-0.2740943372346662,-0.13497055873233924,0.9521844582702288,-7.2260345431431006,11.014702435861809,-5.9886536517083586,,0.5114291392211404,0.2,False,3
0.74689068090398791,0.60738341582726274,-0.27062833731297087,-0.60968769328857286,0.7879782854347771,0.085855333763996289,0.26539635911450521,0.10087421802063684,0.95884783188339584,-10.250809988020569,13.794064637969168,-7.1270295150272425,,0.1389039517826018,0.4615384615384616,False,2
-0.89252773439655497,-0.29984581525973164,-0.33687791617169011,0.33268451004871158,-0.94206121848777746,-0.042914768960968713,-0.30449180630454109,-0.15037668600069454,0.9405698231395937,11.309438395784781,-8.4319469596378624,1.3660583387668499,,0.1829597995420543,0.2142857142857143,False,4
-0.37004132883004887,0.91377863977713436,-0.16756494992909782,-0.92794398009862455,-0.37221218955128499,0.019443655730365696,-0.044602519619572574,0.16268584276601239,0.9856692811522012,-4.6956926182728491,8.1183078241503903,-4.9551158342013242,,0.120125257556102,0.4615384615384616,False,5
-0.58424983684243825,0.79646185540378334,-0.15588662879268625,-0.80242492576270696,-0.59566714180949176,-0.035984645103521867,-0.1215169398244543,0.10406329350580423,0.98711927560980495,-0.60163868909416274,12.94682360772725,-4.3193031311827381,,0.1828856043672994,0.2380952380952381,True,5
-0.70386282358525953,-0.5759569830156881,-0.41575314705970878,0.66240470839560661,-0.74355332392957796,-0.091369889835807475,-0.25650950834212161,-0.33970871079314779,0.90487615945019817,-6.0229955886918836,-14.429192832169591,-3.1223251008598343,,0.3210458209379723,0.2857142857142857,False,1
-0.91421976939824334,0.30690291049022234,-0.26459935142409635,-0.3163308447580771,-0.94862064206219754,-0.0073262615394858177,-0.25325285762664818,0.077003123223243777,0.96433060156660055,-12.354816410306839,18.741703420173078,-8.2916608412591959,,0.1938129340583161,0.4210526315789473,False,2
-0.60379076210399474,0.76400648817070893,-0.22744406264164965,-0.78831208028538768,-0.61463351725978832,0.028101664309911151,-0.11832489034012533,0.19626442747967068,0.97338558384233076,-0.33777320226960139,-6.7667275364365302,-2.1589452962593199,,0.09849503866165683,0.2073170731707317,False,6
0.59769840019316212,0.75362343841888513,-0.27351112495149543,-0.76855823521234978,0.6357056510703365,0.072087199172384861,0.22819917066855014,0.16712282388392549,0.95916375048437341,9.7460721811942044,3.3951171641826883,-0.31574408931558728,,0.07719256844227064,0.3333333333333333,False,5
-0.060159882329505171,-0.93045291688804366,-0.36143901008694662,0.99456828321386059,-0.086686076423966613,0.057614704540183151,-0.084939499546056091,-0.35600968190310506,0.93061398431794262,-16.653376080846105,8.3689670824990241,-8.4342310191447769,,0.08265850260169241,0.1052631578947368,False,1
-0.11323332245070422,0.97709174655037001,-0.1801941550381751,-0.99303314629475192,-0.105343167498955,0.052801396015942505,0.032609585196995854,0.18491764622240389,0.98221284814893617,4.8440050649334436,-21.4989042109606,0.59299666382930938,,0.1438584806529657,0.5,False,1
0.38562238107103214,0.88381022721900593,-0.2649053821276498,-0.90555205779891423,0.41756629446409155,0.074925698820088635,0.17683565769736234,0.21099258752528754,0.96135907868814763,-8.6581613896041034,9.7919451724838549,-6.2733355665531949,,0.07857753376523827,0.2,False,4
-0.14677991650123218,0.96118461384975318,-0.23362318851173444,-0.98867312702702281,-0.13507703789014847,0.065418970715143659,0.031322579818666832,0.24057915939108593,0.97012399416784789,-4.510648537206837,-10.91968297192928,-3.0308256535412035,,0.1219497137185003,0.2272727272727273,True,5
0.90063903732031203,0.34508134223591763,-0.26413669130849632,-0.32484369919363926,0.93834424255884241,0.11826518317267076,0.2886622516868716,-0.020711100823724182,0.95720695502787434,7.0176969071663429,6.2275409313069252,-1.4958857590318704,,0.1058574645013406,0.4285714285714285,True,5
-0.35894161569451344,-0.83422413366217996,-0.41860603356640386,0.91778929460909731,-0.39704470156288685,0.004279680101783867,-0.1697755200950585,-0.38265598097563203,0.90815784586162607,-19.26185924089943,13.220972316549028,-9.6115708948557117,,0.5136113241744478,0.6666666666666666,False,1
0.65178553833538722,-0.69481413134091352,-0.30398837955721719,0.74422367447866045,0.66311762343572533,0.080038364766141887,0.14596826491512496,-0.27840319749946957,0.94930760307696915,-7.9450178193124197,-9.7449830190581608,-4.0993302077443641,,0.06812097070028814,0.2666666666666667,False,2
-0.90293355342768666,-0.30608506140742281,-0.30170007172300251,0.31446933100771096,-0.94902039357782131,0.02166408153971177,-0.29295057253743895,-0.075314193593311984,0.95315672074081037,-9.6249943169574266,3.3513127907893985,-5.9176972897934386,,0.09985558828101895,0.4518518518518518,False,5
-0.58738400345344288,0.79291436361907308,-0.16207049223583625,-0.79970413929534268,-0.59941611024022257,-0.034258084861485627,-0.12431139159747626,0.10948579246204485,0.98618433326029709,4.9296034105247575,1.5259997102629312,-1.4695430400329854,,0.07619034460482109,0.2727272727272727,False,5
0.76244043680914086,0.58282052300037024,-0.28107795766986243,-0.58776760826914465,0.8054706065603533,0.075804621474324235,0.27058052218860024,0.10741201020775559,0.95668638595689914,-5.042523765953522,-1.5870716858817537,-4.0454878496374169,,0.2829042246299253,0.8541014402003757,True,4
0.75304843494942342,-0.57577875875323314,-0.31842876061815001,0.63160045183454083,0.76820456668089832,0.10460694514714605,0.18438797103561011,-0.27989384541143475,0.94215737084532292,2.3353008344047921,-11.071619069743509,-0.98624483822619446,,0.1181273105832234,0.1666666666666667,False,1
-0.94900149842395554,0.18499949584834721,-0.25528678486154488,-0.18522056281972421,-0.98241846299933788,-0.023394586270410148,-0.25512643747332808,0.025082864546865473,0.96658230420812674,-4.4284502320801167,11.221972416721773,-5.2387528141277553,0.4753495662330833,0.1753019632644604,0.396551724137931,True,5
0.711176681605311,0.68565540274560033,-0.15525590560949981,-0.65944643067604514,0.72716779410093291,0.19067617651664381,0.24363524500671335,-0.033221497680733625,0.96929778679328815,3.6690720808623398,9.4113721423493679,-2.7641755076363701,,0.2786518007644546,0.2352941176470588,False,5
-0.95731478952390026,0.093959105654695646,-0.27334973975363541,-0.047111886638412682,-0.98376648628054464,-0.17315880170698816,-0.28518215914776274,-0.15288945985842328,0.94620079748857722,-21.559090051771435,7.1974084078017881,-9.6911368182298769,,0.2162713531123859,0.1428571428571428,False,1
0.25113115610016207,0.93922041676880719,-0.23409004925546506,-0.95742051001753348,0.27660449958869365,0.08267960936685631,0.14240473810082135,0.20335918846198836,0.96869289820588622,17.171466244298887,2.5525158665418353,1.8726819973876685,0.2482591991429961,0.2568945630773948,0.4545454545454545,True,5
0.22078899989708636,0.94500703126696817,-0.24127562740657155,-0.96508794168110357,0.24742396114516826,0.085945612296171231,0.14091657938714636,0.21387635284721082,0.96664337961142632,3.8852917222513379,3.9059746392865216,-2.0772913651246716,,0.1791245445103506,0.25,True,3
-0.89532673611335223,0.34837732940025373,-0.27753066850450719,-0.37266304685017726,-0.92717308313180058,0.038370919043122634,-0.24395140727807732,0.13777993422780482,0.95995020736037506,-8.6685823863540463,-9.3877869676604284,-4.37333872106848,,0.1991205693556835,0.7962085308056872,True,5
-0.93949780401805461,-0.0448216488057245,-0.33960991746942459,0.07990624533311802,-0.99272810324240857,-0.090032799520470233,-0.3331048906906301,-0.11172257082195136,0.93624740264895645,-3.1491919282631198,-14.405015841005721,-2.3076097609321407,,0.3919646949722772,0.7039473684210527,True,5
0.94217063325805406,0.19477621499841896,-0.27272096343517038,-0.13895649932197965,0.96756395697222397,0.21097649268208313,0.30496817722886843,-0.16087950534217241,0.93867576704555411,-1.1004906054849015,-13.876271850773051,-1.7762432451851993,,0.3146241710332823,0.2439024390243902,False,5
-0.72955395971388048,0.62481931016632375,-0.27812200471928816,-0.66109658576948871,-0.74844653214424861,0.052717101638574015,-0.17522078686537598,0.22232547799234795,0.95909804383376307,-13.229871675428779,-6.2613748709538459,-6.0511487912143052,,0.07263442946535194,0.2166666666666667,False,2
0.62077470945395419,0.73848738104231826,-0.26320172519118379,-0.74765839592205097,0.65866296479766473,0.084675981312382187,0.23589337233085483,0.14422027196343457,0.96101760131912695,-7.2692422491684336,8.7421870210515671,-5.7577882957955167,,0.08004394246187976,0.3648648648648649,False,5
0.95047291155915059,0.12863360600910773,-0.28293928641559246,-0.10309046331924242,0.98927788414351692,0.10344865546322995,0.29321255219532294,-0.069156802627216324,0.95354272892486847,1.5500551440443382,-2.4012805581969197,-2.0762799926825699,,0.05766105182080556,0.3291139240506329,False,1
0.73542329050897204,0.65541367785678328,-0.17200434487303129,-0.64750879808606676,0.75455264216252993,0.10668958059099312,0.19971214329152123,0.032912324193067555,0.97930170975962105,3.5463490679753606,-14.193517374932057,-0.38568545587572273,,0.6038366278423106,0.7333333333333333,True,5
0.30037645392708601,0.94984206642249724,-0.087028930709446728,-0.94882547726341715,0.30688279587690259,0.074519549721024508,0.097489484674184182,0.060191348622671254,0.99341471799492975,-14.471830122621352,3.7897946052337983,-7.3837779294828074,,0.4283078464910616,0.1666666666666667,True,2
-0.10266029937880886,0.9892663379089095,-0.10398545865527759,-0.99411119569654749,-0.098389409309386194,0.045414256864233352,0.034695727723076275,0.10803534984460025,0.99354142825637648,-0.55805623858807629,-11.208153217159653,-1.8124706916739468,,0.1074624269793869,0.25,False,5
0.90807913142419883,0.32176038046377065,-0.26807190944909243,-0.29873547556095598,0.9462677353604978,0.12383250242599711,0.29351219176252674,-0.03236712189127626,0.95540722349542284,-13.734256364994986,-2.4426100921355021,-6.5317090272369756,,0.1073578845666495,0.3703703703703703,False,2
0.38505296040092379,-0.77348778079934988,-0.50343904361956415,0.91645758475412964,0.38478134137007214,0.10976709288341002,0.1088104454228173,-0.50364667405587493,0.85702993802978833,0.30817496423321777,-8.8722549897965006,-1.7876889780228815,,0.3129094264840581,0.1739130434782609,False,2
0.84514781026478758,0.46151390866576297,-0.26968516999027792,-0.4437003997153447,0.88705354633257993,0.12753807757386476,0.29808578311801237,0.011870890735054651,0.95446526801978382,3.7410780738323988,-15.589695058784176,-0.18622662536331844,,0.5158227145899881,0.872093023255814,True,5
-0.68839913139174169,0.72183903810274375,-0.071098797247221152,-0.71419720446543566,-0.69167659485837618,-0.10726528450006123,-0.12660564376382538,-0.023062766443510102,0.99168499019150214,-17.668803581941194,-4.5825165318166414,-7.508637067688456,,0.4905665017760335,0.2459016393442623,False,2
-0.94740909931062722,0.17553901434473729,-0.2675855993627167,-0.13827128116849621,-0.97859719831105052,-0.15240923942394399,-0.28861228551024803,-0.10739449660313369,0.95140389464827735,8.1983033455107641,-4.1581380474453127,0.061110844232972535,,0.5056731230819117,0.1875,False,3
0.16230034356439127,-0.9316512840171155,-0.32509150014748345,0.98650936028403513,0.14605847014901499,0.073933790446004871,-0.021398143631283069,-0.33270528743467531,0.94278805208919869,2.7867238230816356,-6.2269813168995771,-1.295843176852111,0.253145699283118,0.1667842965746323,0.4385964912280702,True,5
-0.87565293846879499,0.46228672855335989,-0.1397244143104428,-0.4216740924882692,-0.87290294509473298,-0.24542087965194692,-0.23542066832620867,-0.15598534882601295,0.95929436560237735,-15.297991597942783,-8.4975323698534346,-6.4653793863890066,,0.3779918964327577,0.1,False,1
0.056531286617426742,-0.87372410534836609,-0.48312565794684864,0.99714979163407746,0.025193080042523686,0.071116817716250419,-0.049965054563101852,-0.48576897436041344,0.87265800682245387,-12.259276780920361,7.0660874878412807,-7.0005225871663459,,0.5268130694158132,0.354679802955665,True,1
-0.7876489767374294,-0.49557415306181374,-0.36608106788189088,0.552380095073568,-0.83118674768720702,-0.063283655359646265,-0.27291998829509628,-0.25206120146946187,0.92842868907782838,5.7558445340769033,3.8501064360159667,-1.5645837247135659,0.786804586723905,0.6038454850831891,0.5310344827586206,True,4
-0.62378020699096182,0.73953477462688111,-0.25295566900918304,-0.76967648131002342,-0.63751955140980432,0.034160440402101033,-0.13600135103937838,0.21600263583533574,0.96687460088041055,-23.931761880084601,8.4922992320624733,-10.518229673089053,,0.222563886271003,0.625,False,3
0.34936004375740604,-0.87393828899647918,-0.33790446408967656,0.93622245964411888,0.34016519442939686,0.088176791485792411,0.037882263445333207,-0.34715919622662855,0.93704078171205629,-8.3193054935048032,-2.5446415187155331,-4.9261094361217728,,0.08732548253321934,0.2216494845360825,False,4
-0.86428756806248452,-0.3345535778467536,-0.37560737911091885,0.37903972070329378,-0.92407632016715313,-0.049110534872912254,-0.3306597795647459,-0.18481574082385591,0.92547677016871921,7.8104024823598941,-6.4524460485483601,0.17149794529977064,,0.277456090805938,0.1818181818181818,False,4
0.74101539017780249,0.63036152518287858,-0.23138828641215553,-0.61713334459139324,0.77513605135454733,0.13531643242385977,0.26465567538422358,0.042525868122770177,0.96340485987321256,-0.15031260706611416,-5.4738505338020795,-2.2410438887456072,,0.07298698097717435,0.2333333333333333,False,2
0.78828590550728561,0.59841389782693932,-0.14319964408519897,-0.55071861291831148,0.78996405422504101,0.26956595188871096,0.27443458339627963,-0.13363233111752917,0.95227520156528533,-14.793637752083866,-3.3639672217509435,-6.7638468504982496,,0.1679370891427677,0.1666666666666667,False,1
0.86949819348569723,0.42532594064724383,-0.25113887739186436,-0.39792074098128333,0.90440263563798118,0.15399661213149868,0.29262941653568442,-0.033966407870277368,0.95562247133184053,-10.108017499032155,8.1650473166844844,-6.5804751077771702,,0.1406720087244526,0.2926829268292683,False,2
0.27402753259232199,-0.85862897801334326,-0.43320340430001847,0.96155455851058202,0.25301159291102548,0.10676125167936604,0.017937178955547306,-0.44580423054115015,0.89495075040067384,-19.465073845623621,10.920781003487294,-9.5191077333433078,,0.097116732249375,0.3157894736842105,False,1
0.51433585156491868,0.82883317297150139,-0.22021399405347492,-0.83563644059707731,0.5420931372589719,0.088581994123939051,0.19279619016266403,0.13845794277945692,0.97142113789027829,-11.063993534304968,-6.1921961986782517,-5.4169791836902021,,0.1271572390184752,0.1612903225806452,False,2
0.6944443996712788,0.6822526655211365,-0.22864443171549331,-0.67307717087423669,0.72827018232799534,0.12880086793139728,0.25438965744135489,0.064450305827453064,0.96495184349563123,4.3981308091512883,-7.022819128080485,-0.766154844905229,,0.1242082147823674,0.1764705882352941,False,1
-0.87685316675944525,0.39113166769530278,-0.27954345363435668,-0.41886297292891239,-0.90693919570928117,0.044889923093669834,-0.23597104452259723,0.15645227327237463,0.95908307895344524,-4.3503098912084219,-15.171003854023091,-2.5622545002980388,,0.1122160514792147,0.2258064516129032,False,1
-0.73304343129311134,-0.61153779705864897,-0.29777315293134837,0.62730341581595139,-0.77706400348044835,0.051594176033509798,-0.26294058709841817,-0.1489733441377758,0.95324141244112282,-23.179622052457908,6.6199877429589913,-10.083099169893016,,0.07923831845714638,0.2666666666666667,False,1
0.93164284675792752,-0.19829202089555037,-0.30450267738386816,0.24987346645048117,0.95800930093208914,0.14064647201985256,0.26382732392382285,-0.20711941912039425,0.94207042697158538,-4.0113910627733169,-2.8616739512844407,-3.6968787247788608,,0.07069065107147565,0.2770562770562771,False,1
0.94951856261406475,0.18181137938314837,-0.25565430091848229,-0.12866747992106117,0.96893904909967044,0.21119137941826688,0.28611043123606006,-0.16763574039155246,0.94341882516795916,-1.010845153774163,-8.3883319237364553,-2.2340716343941063,,0.5867502289261879,0.6797385620915033,True,5
0.58638269574810675,0.80774475167986592,-0.060858444449519156,-0.77704189002399937,0.58213344370140907,0.23942964493201224,0.22882577493611611,-0.093107839938270376,0.96900448650505,-15.369425162862665,-4.7903778517756717,-6.7326302932237221,,0.484488102958759,0.525,False,1
0.45556634416803421,0.88220884606251671,-0.11902461086017085,-0.8684547829527437,0.46981977007606363,0.15828984052104517,0.19556481285720945,0.031255968625490738,0.98019256699763191,3.4622733394580094,12.885328831829963,-3.1790949139738389,,0.497302608407979,0.1875,False,1
-0.64768456384074191,-0.68780796300969516,-0.32775739775462415,0.72198922485279826,-0.69147566288915907,0.024350910218191454,-0.24338501383381067,-0.22086560088083701,0.9444480511858041,4.6549170967810376,7.109812356463129,-2.1952425632590842,,0.09737407664861655,0.35,False,2
0.16797207729129895,0.97609455430038894,-0.13793042563397656,-0.98246050623665293,0.17725070727425249,0.05790976131875987,0.080973668162337864,0.12578397288963827,0.98874751945500883,5.80781834048768,8.2981892835903324,-2.0357271110222848,0.2366018154247008,0.1144180281867333,0.28,True,4
-0.18104773411238215,-0.8855790496259861,-0.42775163919768544,0.97611216034975568,-0.21492484426059638,0.031817632484060734,-0.12011148317336082,-0.41177306636434235,0.90333613534874257,17.90393444052701,-2.8371822943870924,2.7455160570322867,,0.3173977970705236,0.2857142857142857,False,1
0.016390732502715322,0.97095638477449953,-0.23869445480290841,-0.99727443019474116,0.033051355958299826,0.065964526444684465,0.07193785351105593,0.23696266949659189,0.96885171130429959,5.0552089034849885,4.0638817809323449,-1.7640250599453926,,0.06976692029439299,0.4038461538461539,False,1
-0.85452833359118996,0.46732238965796113,-0.22669607675087228,-0.46767521126476996,-0.88214936020494461,-0.055609379231024755,-0.22596730705639131,0.058500345421030567,0.97237672006650966,-17.856525664253848,-8.489972094033261,-7.1627520371110798,,0.2914076626863809,0.125,False,1
0.74508381474851315,0.6173388704961148,-0.25247342033248654,-0.61165396304710373,0.78338152127160432,0.11042111038636997,0.26595025566555697,0.072153385954979526,0.96128265895451181,3.7979097031067015,-8.4604340750331648,-0.80967074273401074,,0.07780412859382857,0.1666666666666667,False,4
0.65541681007296737,-0.65544940995014478,-0.37525308269191149,0.74069414979444836,0.65495184447376986,0.14970056072268328,0.14765155445864692,-0.37606402701722697,0.91475399209269981,1.4599769634635698,-21.96826190604861,-0.3184303536563321,,0.6272438541887122,0.475,False,1
-0.84146731661433427,0.51221977795684226,-0.17194084488484407,-0.50312531197744181,-0.85883670427850967,-0.096251939365545658,-0.19697125556149733,0.0055149300875007856,0.98039375254468863,7.0827437013097727,11.339639185347385,-2.0040706916121249,,0.332708218151217,0.4871794871794872,False,2
-0.32578335621242421,-0.8610425287492508,-0.39047531099938348,0.93168330629713669,-0.36259089563925906,0.02222744175015872,-0.1607215653924679,-0.35655799820592526,0.92034502896097548,-13.89058899868761,-6.8858188681831098,-6.1464895384156062,,0.166579537070349,0.1578947368421053,False,1
0.041879487698740635,0.9972815384277337,-0.060627070037272718,-0.9959526417027742,0.046499605657084685,0.076916332199359755,0.07952637295487372,0.057160473974145615,0.99519256238161979,-13.453660578006051,16.572962558780787,-8.3788851718471467,,0.2699830889159769,0.3333333333333333,False,1
-0.75106996790863501,0.61734322914673401,-0.23405392697497568,-0.63173389194451923,-0.77500021881742853,-0.016939616334800733,-0.19184940206931708,0.1351369611158362,0.97207603029085354,19.860776354447996,-10.491536019229738,3.9895167156297267,,0.3603768600856125,0.4545454545454545,False,4
-0.94133835303598756,0.22591268768763689,-0.25069017261401538,-0.17758488375096801,-0.96330463370459263,-0.20126547579358423,-0.28695942947854458,-0.14494012634536682,0.94691427574429321,17.215997486983699,-6.5093258831702965,2.8849986799719649,,0.1601854804150689,0.1428571428571428,False,4
0.95622498935912259,0.074350478726059308,-0.28302963809175852,-0.01472189197448576,0.97818247370187483,0.20722527364965138,0.29226192981953297,-0.19398725333301453,0.9364571052229117,9.3082649030593529,-0.74913017326645437,0.15399669400076044,0.8364390219804012,0.7952158458325471,0.6868686868686869,True,2
-0.92883497079315436,-0.20025758569673086,-0.31170899313718442,0.21016632438341773,-0.9776639074194915,0.001843969744017529,-0.30511590113732984,-0.06379798978157003,0.95017582760928332,12.683899054520614,5.3643489657626988,0.2734617051749243,,0.1145145005303947,0.1818181818181818,False,4
-0.95707953730162187,0.023675753901938427,-0.28885674296385855,0.016260341221151262,-0.99070160481931058,-0.13507750187138723,-0.28936890050916941,-0.13397682219554899,0.9477952577073262,6.1429277376381863,-8.7185800686589126,-0.096816897356726203,,0.4853010162151981,0.2903225806451613,False,1
-0.59161264075893627,0.77377878866570882,-0.2264086339017701,-0.79652289111958641,-0.60440411519437243,0.015714625627191489,-0.12468266606362269,0.18963663081571486,0.97390563251073292,-8.5629914920317862,22.194822966793406,-7.6898975754843413,,0.1431942712725221,0.4,False,1
0.91011000869187331,0.36905956337698054,-0.18840066549476756,-0.29223826100632122,0.89402269987135141,0.33958829620400754,0.29376277994817523,-0.2540048243532631,0.92151233215968853,-6.6091345552404785,9.9803280624192983,-5.7028584315943691,,0.5164258005644895,0.1818181818181818,False,1
-0.94970929861731201,-0.070177020738890178,-0.30516787819170205,0.083252083061461563,-0.99607600111988559,-0.030028164428476931,-0.30186311266158317,-0.05392388852103977,0.95182502355266396,-24.537356185340041,4.8544596493910364,-10.302916570276052,,0.3540099620653591,0.845360824742268,False,5
-0.83696375105170606,0.50036027710603459,-0.22165575228229581,-0.5017967227631398,-0.86329708681934847,-0.054020263914565186,-0.21838435944369008,0.066013127358116791,0.97362751530899672,7.0739805776590678,3.071835057935465,-1.0068253124189177,,0.08467572689553052,0.2678571428571428,False,1
-0.43227688939057929,-0.72692828319348679,-0.53358407209377479,0.88161858364730439,-0.46500660861582793,-0.080731201597196517,-0.18943432599855223,-0.50531586659927452,0.84188509376072107,13.404799491243004,-1.1653455506173396,1.3048687741325944,,0.331805599997504,0.1818181818181818,False,1
0.73779245773375479,-0.57568241435023282,-0.35249403841635796,0.64878232723469909,0.74894014301433653,0.13479671379374647,0.1863968378999869,-0.32814390134444382,0.92605496534025122,-16.591395881693888,7.2871694319093674,-8.2520083415819485,,0.2132349861334984,0.2222222222222222,False,4
0.20070215769396424,-0.90121157581343425,-0.38410459450109891,0.97963762450848513,0.18248250828541157,0.083727288366675701,-0.0053636316390061403,-0.39308755995290812,0.91948540046371019,-12.883702741928957,13.861863737450891,-7.9050589266810158,,0.2513772497812136,0.3076923076923077,False,1
0.93182332602875495,-0.1691786934548716,-0.32106675123658196,0.23388448952880975,0.95641547091223966,0.17483561581545226,0.2774947470251623,-0.23800843825508136,0.93077851752864382,-14.172576076720965,3.2479716375922454,-7.187199006768056,,0.07707384038242622,0.4444444444444444,False,3
0.93850554199981839,-0.12264038241541171,-0.32274863940321902,0.21759999746662254,0.93586790241529016,0.27713085416700067,0.26806265823152875,-0.33031894561136982,0.90500375989939386,-12.097942400026056,9.5833679002422052,-7.2305497591367711,,0.4891296474286134,0.2465753424657534,False,1
-0.16960267312208738,0.95765083489497271,-0.23267963317575663,-0.98539656191381331,-0.16116660405932001,0.054944895162546518,0.01511783841292437,0.23860051165273855,0.97100012708586836,-26.570812578742537,9.0934457494533074,-11.248269668658233,,0.1981866324331401,0.391304347826087,False,1
-0.10806146716919618,-0.87647537402198683,-0.46916269890759549,0.99160162860147916,-0.12875806212656304,0.012147904852529423,-0.071055819382614405,-0.46390977589444105,0.88302819341255145,13.663369305421048,-5.0387448623302751,1.7470795255871838,,0.6134495288388069,0.5294117647058824,False,3
-0.92874301898279632,0.24156567598742074,-0.28121598261027597,-0.26124640897147483,-0.96466830615080035,0.034137558607142557,-0.26303368318569315,0.10517168484381892,0.95903712035399458,2.2241442053399707,1.3165541914918051,-2.2855365813121442,,0.09709346299012055,0.6347305389221557,False,2
-0.54874875812682866,-0.68155531578477413,-0.48410448456896199,0.80666177458698296,-0.58371685842596188,-0.092581912971730546,-0.21948025395110782,-0.44131279237615884,0.87009852166907764,1.4266600003623826,11.019971391111861,-3.5435137776303471,,0.2805079822723157,0.2068965517241379,False,1
