axis_00,axis_01,axis_02,axis_10,axis_11,axis_12,axis_20,axis_21,axis_22,location_x,location_y,location_z,dbh,dbh_approximation,score,reconstructed,number_clusters
0.70143538838974773,-0.69128044693699908,-0.17355039497825403,0.70910555921385465,0.70139608671103393,0.072199968410350659,0.071817141453357158,-0.17370916276648188,0.98217484439606684,-6.6242043387084006,11.621645635619293,-8.0417642845321549,,0.09088731698776761,0.2571428571428571,False,2
0.9569244229714402,0.27255893861189379,-0.1000363619067378,-0.25045907750699281,0.94921844382575427,0.19040639798956782,0.14685332551605387,-0.15714951760592016,0.97659517196282764,-1.6926611891690304,9.8572691083401942,-7.0598374535984485,,0.1727223431834213,0.1944444444444444,False,4
0.92144216387387634,0.37865758308055014,-0.086964207643294947,-0.34827745553364969,0.90425158526895211,0.24704632056680276,0.17218348527787597,-0.19735122323964721,0.96509343697042116,10.952892450176382,9.6663231505660168,-4.758938074835231,,0.5903362460417867,0.108695652173913,False,1
0.43143687854503077,-0.82447004518675238,-0.36621218497078512,0.90134682797357046,0.41099487265910456,0.136591033197317,0.037896115015983133,-0.38901460028857848,0.92045180494636125,17.428337014988749,10.170454692188477,-3.6432941313801304,,0.2583983127956806,0.4666666666666667,False,2
0.81185422986514855,-0.49541641845435552,-0.30895838194800018,0.57508339117167784,0.76992567312745408,0.27657467537307384,0.10085535508117874,-0.40221515409678055,0.90997316837715292,-12.400050258055447,-4.9657886380023726,-7.4102386100521729,,0.3688255151176308,0.375,False,2
-0.5246181197254598,0.84987386577966106,-0.049902311774698949,-0.8505619583742865,-0.52574058267599932,-0.011882537355331763,-0.036334328426756615,0.036211213625570421,0.99868341559552365,21.60583702014814,-1.6908440587907658,-1.7955359523618899,,0.2338701658712006,0.4583333333333333,True,5
-0.90813609835987652,-0.36343350774037997,-0.20785791374692672,0.38129406415664885,-0.92298632726832897,-0.052067997029150825,-0.17292675760161294,-0.12653981637115447,0.97677224130200846,16.859371809179088,-0.68167093859203143,-2.71400604435004,,0.1005479163390635,0.3658536585365854,False,5
-0.77324202050910817,0.63165508059401088,-0.055755151141089726,-0.63290650943398008,-0.77420101951101838,0.0064908939442080704,-0.039065688718966596,0.040306830040000866,0.99842337283190619,23.824326763205313,-12.424335990609881,-0.51428695334903785,,0.2024146903842725,0.7083333333333334,False,4
0.51119317718208424,0.85467607098210696,0.090610977773526863,-0.84929520851621709,0.48615768558973604,0.20578715590003785,0.13183013461982585,-0.18215245930983118,0.97439278382667582,-11.61259144352632,-10.486992638298949,-6.7517627714268862,,0.5942621983316244,0.3934426229508197,False,3
-0.048862781946018077,-0.9399696124844128,-0.33774184837890764,0.99656879349031713,-0.068498731654470874,0.046460344413105994,-0.066806200174471253,-0.33431280467196278,0.9400914212195628,3.6460540578672846,33.447246287253279,-9.2720427327626282,,0.6339231084546743,0.4444444444444444,False,1
-0.8208149122817614,0.56786654074777432,-0.061566806600968402,-0.56153478821774183,-0.82197169787787394,-0.095085274932671826,-0.10460191870678404,-0.043475507897230786,0.99356344478646053,2.8397110500019869,6.7495526908610648,-5.8521908900430137,,0.278398891402268,0.1904761904761905,False,5
-0.096771881822049349,0.99494153795773166,-0.026954386190818247,-0.9944164314669961,-0.095504767898313192,0.044886525117625808,0.042085195937113358,0.031147638032342051,0.99862838980670987,-18.527740873415354,9.1774549291993957,-9.7389753288173999,,0.1436069736899037,0.288135593220339,False,2
0.12508977719470768,-0.92699790650709024,-0.35359217889095312,0.99091991568785787,0.099023215076777138,0.090951215324637569,-0.049297751820429427,-0.36175859935505583,0.93096747926988377,2.6411515369152463,2.3009969885405641,-5.4444810521336455,,0.4691675820330371,0.3903966597077244,False,4
-0.73596085407005951,-0.62585391347875041,-0.25820244046058527,0.65608683542790824,-0.75340851728398006,-0.04388246189707784,-0.16706790731514626,-0.20169899619801851,0.96509368937842022,21.239412921277321,-4.1693170987144921,-1.6486025587127753,,0.3897176544922263,0.6857142857142857,False,3
0.89747066040013157,0.43174470166560031,-0.090238164346556307,-0.39239195339943461,0.87495937800461854,0.2836805276171589,0.20143229291335152,-0.21918622088410472,0.95466351765751345,-13.709477059850824,-5.6272517554076353,-7.5584915636625523,,0.614889286337739,0.4205607476635514,False,3
0.21406776088044471,0.97275942688941863,0.088961177765373073,-0.96714305165600312,0.19827983070171273,0.15912079176026561,0.13714704293256336,-0.12010081654455879,0.98324284003504669,3.074751526108936,16.426045226432464,-6.8452879717869726,,0.5417189565292373,0.4878048780487805,False,4
-0.75583697133812267,-0.59910963889335445,-0.26415547191661615,0.63395137586652772,-0.77051727811039816,-0.066398623255920428,-0.16375630001728825,-0.21764825916698649,0.96219182572199724,13.077486596944754,5.6819863684182801,-3.9904621863254333,,0.08510354108380418,0.2916666666666667,False,4
-0.63089479732845366,0.75995552664722332,-0.1563309061645595,-0.77368183027625925,-0.63133030744130603,0.053277278519509294,-0.058208076795824779,0.15456273944391979,0.98626678914547472,17.007333203449591,-4.1146652071192964,-2.3609168281624342,,0.9039720159859308,0.4516129032258064,True,1
0.44721508780594771,-0.79932310589638245,-0.40134927135710702,0.89285070236572384,0.4255830263556083,0.14729803448463552,0.05306871511308444,-0.42421888225085391,0.90400334701708074,18.179251724409312,3.9469076426909697,-2.9551210469146665,,0.325709740847956,0.25,False,4
0.91903370205847124,0.37331340973157517,-0.12654703708616702,-0.34849951690158837,0.91953270634479634,0.1816801824128747,0.18418778786896317,-0.12286862934370592,0.97518109022024135,-14.529559149720331,-12.655825064816289,-7.0703279630167639,,0.319841631609862,0.3611111111111111,True,2
0.98569423216499508,-0.026046744560790144,-0.16651861089514103,0.062149821577540468,0.97453399266721374,0.21545509233708232,0.1566661429746144,-0.22272194376371127,0.96221133614792442,-13.564917692231484,-9.9276852616357463,-7.1132173055182149,,0.1693901407035888,0.4242424242424243,False,5
-0.90511377353139055,0.39900182579107063,-0.1468557114284581,-0.40638031351553394,-0.91341657393470366,0.02291731328939578,-0.12499639095103082,0.080422045962409636,0.98889240909840015,14.048028760839875,18.681223969326886,-5.1586814553445892,,0.1504055450588216,0.4782608695652174,False,1
-0.70052187918224518,-0.68851732565349022,-0.18765124316652737,0.69663767225168716,-0.71681734864009561,0.029476130823702658,-0.15480649336099603,-0.110076250679023,0.98179334314799793,13.749971579521583,10.100907404001898,-4.2596248046789285,,0.1210766665329232,0.5813953488372093,True,5
0.83419654670808352,-0.49881661787884274,-0.23515548725943297,0.54130722107559137,0.82212684702037442,0.17633473798364152,0.10536894168458544,-0.27438919281970875,0.9558284139907226,8.7094804982520859,6.3566268145663036,-4.7876940265257524,,0.6283661187225174,0.391304347826087,False,1
0.80710409858921794,0.57999747846930183,-0.11038975953293588,-0.5560604776989353,0.80958690288577295,0.18805794802947162,0.19844323919377921,-0.090398958207909746,0.9759345824250758,-12.257809626111976,10.887410534191348,-8.8552389180435274,,0.2730991843849184,0.2,False,2
-0.91167195724966532,-0.36013938716746824,-0.1978733538787063,0.37123049483212961,-0.92830722116194664,-0.020823612685597681,-0.17618786016993218,-0.09244092680857291,0.9800063841524278,20.164406722246216,6.7912825882549752,-2.8521003591656102,,0.4796828239487091,0.1111111111111111,True,5
0.44598039900063069,-0.79539987706679605,-0.41041505731316119,0.89480486322902142,0.40679600641844915,0.18395995733771703,0.020633478837359734,-0.44928392439984799,0.89315072346549751,12.265214898673845,10.776427623465571,-4.6637481189749321,,0.5376991282826299,0.4210526315789473,False,1
-0.35189165214864593,0.92811448421583298,-0.12155562239927452,-0.93603679440817278,-0.3492874234605795,0.042818399390241055,-0.0027174734899685776,0.12884797243669965,0.99166063516547021,-20.980747826182174,11.964470359244523,-10.422247651340353,,0.1065025351326482,0.4838709677419355,False,1
0.42398194749523382,-0.83603264145399925,-0.3482653164206872,0.90561443940982977,0.39564107179568708,0.15274367234286099,0.010089367203758609,-0.38015465896370693,0.92486790404771835,19.437383923894515,2.6611967184997876,-2.64255620329486,,0.2019222087046935,0.8333333333333334,False,3
0.62956541233964114,0.77688094091906934,-0.010168344128740875,-0.76198073615631701,0.61994134726678651,0.18723804014067236,0.15176544175897183,-0.11013051160211981,0.98226194118573129,19.509877100133078,-6.1664643088565594,-1.782939728489136,,0.3433651874105419,0.4,False,3
0.9862153223581005,0.033768080745486331,-0.16198473591321744,0.018738110087982242,0.94986544724831967,0.31209696466656123,0.16440261912889081,-0.31083009642973197,0.93613910824035396,-14.837831303681707,-10.62938632102242,-7.2451814024077734,,0.5154071512992756,0.4029850746268657,False,3
0.89385962938320607,-0.38216669018788424,-0.23444313568487313,0.42512128215706507,0.88856597514315627,0.17240186563673143,0.14243194310284255,-0.25376983415829796,0.95672044655438393,21.021073067018527,-11.835514937173386,-1.0556049839876782,,0.6067261702119837,0.25,False,3
0.59204417023670786,-0.75824414760640058,-0.27303756721259481,0.80435261819344928,0.5769792171349778,0.14181624942034154,0.050005660620298244,-0.30357996576676849,0.95149284720957139,22.078037654186975,11.073730769948179,-2.9131594525724513,,0.2264440610103198,0.4444444444444444,False,1
-0.038280917718380415,0.99772375897557941,-0.055514611718703311,-0.99824118880976687,-0.035665891970070598,0.047354758088732615,0.045266989101349818,0.057229755596359511,0.99733427433939092,13.776581688752831,7.6035123726563594,-4.1001823283188488,,0.2892195416270002,0.125,False,2
-0.54483787844564968,-0.78956703692156205,-0.28237489339129979,0.8270353974394864,-0.56157090420562861,-0.025506292003812006,-0.13843459680641423,-0.24743082620517828,0.95896498822974185,11.840713579148979,-9.3865151193237928,-2.8660837733539788,,0.1572805716467886,0.1666666666666667,False,1
-0.53738140572093152,-0.76759504259099764,-0.34931228918422141,0.83205411140050123,-0.55010549830476285,-0.071203205239591186,-0.13750338354716399,-0.32891000490193972,0.93429707705230935,11.78668142438822,7.2947786290301933,-4.4080694005294507,,0.4313662440265194,0.1612903225806452,False,1
-0.9887105539801051,0.1135503690804035,-0.097763766959224799,-0.10768956974287366,-0.99216814238424722,-0.06328770659762345,-0.10418443749883291,-0.052045085449985165,0.99319530408855439,14.476455956268547,4.0750461727193015,-3.5924596825376822,,0.1778212852563665,0.2777777777777778,False,3
-0.91227845177871225,0.40299001469039825,-0.073123693014423743,-0.38840313593812759,-0.90788393929621669,-0.15776487809842529,-0.12996549701233562,-0.11552402705850967,0.98476553999341432,25.602081970080587,-13.693201178195046,-0.10002014171407575,,0.4281294940772107,0.4347826086956522,False,3
-0.68674611958553233,0.7200086075400014,-0.099836728224251728,-0.72348411279240499,-0.69033813865923288,-0.0019982115737684492,-0.070359830664956921,0.070858022699022749,0.99500182655509972,-14.33681773927594,-7.6342844756947539,-7.4288192800179873,,0.1812730231351592,0.1153846153846154,False,1
0.41735879176136237,0.90723368325594889,0.052332426900933704,-0.90054373492589357,0.40518938795085729,0.15761516861562791,0.12178924593419113,-0.11290971551578499,0.98611296295958262,-3.2517615328976275,-3.231746436298859,-5.9719736713949425,,0.6540910543373313,0.1592091571279917,False,1
-0.82082314940098489,-0.4733773669929206,-0.31962982624639219,0.54613463787993755,-0.81433665906040609,-0.19645040854649776,-0.16729110769912045,-0.33581196245694717,0.92695415806587567,9.6196120900928523,17.939494059200804,-5.8716800341331652,,0.7662191257197762,0.6382978723404256,False,1
0.98498140875141404,0.089074152100575635,-0.14791017490910729,-0.06124510462821553,0.98119541876194138,0.18304258345985258,0.16143314892907878,-0.171234767579898,0.97191460159764032,14.404857949300185,12.20117148064212,-4.4039950285465785,,0.2068920919377292,0.4166666666666667,False,3
-0.63586495790713904,-0.73532615654403699,-0.23445937560253058,0.75745981629129244,-0.65284670209878948,-0.0067683279100323318,-0.14808910158993949,-0.18189729811327821,0.97210235619988905,-13.902267144097975,-13.534659840384107,-6.8625379883318862,,0.4690273031453696,0.6692913385826772,True,4
-0.18950642289593983,-0.93447301936114524,-0.30140917664737638,0.97653749111106691,-0.21135303217799525,0.041284673229536092,-0.10228315665683885,-0.28651365041692428,0.95260069493417909,16.775500161623313,1.443897702943266,-2.946700672443519,,0.1450604267378252,0.1785714285714286,False,5
-0.72914445087408541,0.68404001954621463,0.020919402925104774,-0.67967716589382043,-0.72024719125194381,-0.13886300319462486,-0.079920710220022909,-0.1154696287033973,0.99009062460212582,-6.7285502502928107,4.2748572175314017,-7.3034465620661546,,0.4816111531107119,0.3403614457831325,False,1
0.046968036534989877,-0.90380964358738503,-0.4253494230658984,0.99758874741950887,0.020660172347534259,0.066255930304739571,-0.051094956365811559,-0.42743570912713313,0.90260069798164999,13.436201035136493,-5.742974236826873,-2.8993675785824689,,0.5642602402042701,0.2318840579710145,False,1
-0.85906790354512352,-0.44669948983601954,-0.24992379414298932,0.49072659492893184,-0.85760542185189703,-0.15394917810656628,-0.14556698158594727,-0.25489705018001102,0.95594861142296084,-25.584337278676124,9.3713050690952251,-10.86473359362452,,0.3974022671468927,0.2222222222222222,False,3
0.10021571634141609,-0.95694852407711795,-0.27240839279434848,0.99397511645498915,0.084076268531951465,0.070318197772921753,-0.044387814391625452,-0.27781415251273001,0.95960878413922723,20.286105824228088,1.5786563520530723,-2.4022613740324306,,0.1592298507303486,0.375,True,4
0.12724475660788254,-0.92748328860631779,-0.35154447979140591,0.99176117411035636,0.11368884121090879,0.059030677713950708,-0.014783282553217991,-0.35615951024804915,0.93430822420485093,-18.894310031807066,11.969989217633547,-10.049998003723923,,0.6176786620039315,0.2580645161290323,False,2
0.76677355087100674,-0.59501958216287043,-0.24085269051308542,0.63575943534600854,0.75578294173054394,0.15685051915008477,0.08870322459298316,-0.27339320004683731,0.95780368349414813,18.325974094875221,0.81323222202210077,-2.6325950670704565,,0.6203326797421217,0.1388888888888889,False,1
0.8563088648215299,-0.42357524990760032,-0.29549811453506164,0.49263730526175703,0.84167779956238187,0.22110397370527102,0.15506003189892972,-0.3349066875855729,0.92940513077880227,11.188836164472477,25.736521752626746,-6.5068102992889898,,0.5104782200603448,0.2307692307692308,False,2
0.18463292615776178,0.97888520707568971,0.087717922608816529,-0.97885037065665936,0.1751544090174158,0.1057018678504783,0.088105813904319957,-0.10537876622044706,0.99052141884267886,0.53261124437557639,14.850756253232356,-7.1536828297875381,,0.7387481734167984,0.3469387755102041,False,1
-0.43962099564387896,0.89407434679952102,0.085816330521029244,-0.8979738413113304,-0.43544403922341063,-0.063493850295713153,-0.01940001313551809,-0.10497404964947635,0.99428571768407281,-19.596952905913955,6.4591118618779175,-9.6852504811095859,,0.7208291017196404,0.2987012987012987,False,1
0.78937386776458263,0.61391229562187555,-0.0007682282615006919,-0.59138420282535165,0.7607417409224948,0.2674635082900752,0.16478355967452052,-0.21067438596680585,0.96356768395297632,20.479742262839668,-0.57515655192546056,-2.0696474650005392,,0.6589615380101504,0.3137254901960784,False,1
-0.11310780656476557,-0.91516090962880814,-0.38689421497546522,0.99116896910404573,-0.13105317370295261,0.020227217989842616,-0.069214873974691629,-0.38118968394981223,0.92190223238199809,20.76830911797413,-6.3264579904824654,-1.5277453457461945,,0.4472809193009669,0.1944444444444444,False,3
-0.38662639096884127,-0.88279270117659403,-0.26682781068648231,0.91541422986474807,-0.40247972417808425,0.0051826042356487301,-0.11196794884045508,-0.24225424325461431,0.96373028387490023,-13.205550254433083,-15.799993705998743,-6.5831239502581775,,0.251350463419924,0.2727272727272727,True,3
0.20080858260614681,-0.89313960574224038,-0.40246435594510233,0.97941991376644388,0.17452195405140533,0.10138402276399924,-0.020311220284421033,-0.41454038670396742,0.90980422186417842,8.0444684707499583,10.562769660839782,-5.3716904306303199,,0.5300164172873782,0.4158415841584158,True,3
0.12894343892392102,0.99044037045232181,0.049004715454141312,-0.98829385441438811,0.12428635517743389,0.088476885362574864,0.08154046164467374,-0.059839572984581757,0.99487204132983753,-20.678825752224483,10.485105502285792,-10.18426352235741,,0.2239413853153819,0.2962962962962963,False,2
-0.91710990562231065,-0.29935460623451282,-0.26324179139266007,0.34993322178473774,-0.92085858958329692,-0.17194824303264983,-0.19093496615547012,-0.24981248511001503,0.94928265599997608,1.8879013885476839,11.8270822329395,-6.6439138629852756,,0.5884117592261796,0.2666666666666667,False,2
0.95764173649597517,-0.2162048071654428,-0.19020458953329092,0.26685297616055675,0.9145329436292079,0.3040049080708242,0.108221040630865,-0.34188444886459901,0.93348981247216789,22.447491966370084,15.643606734596936,-3.3106527768877458,,0.302518138035429,0.25,False,3
0.72245450218539087,0.69139789125378737,0.0053336893305194477,-0.67294694911079633,0.70136174690731745,0.23501936868604401,0.15875105024701322,-0.17338009097047866,0.97197605325467695,18.744407147324456,-6.7246396657564889,-1.8560788753630655,,0.3606724338447775,0.1428571428571428,False,2
0.60203741985538506,-0.69157223291242054,-0.39909747150088537,0.79676645352169539,0.55294033023916389,0.24376260939172978,0.052097635611718152,-0.46474168939264937,0.88391232512287998,15.262335138648616,11.291923270111925,-4.1594861756029458,,0.7996027752777233,0.4411764705882353,False,1
0.080922901577100498,-0.92216030941591598,-0.37824839423094492,0.99566133879145979,0.05730068671769039,0.07331527629138794,-0.045934545130482736,-0.38254018748312779,0.92279630608495233,12.984057197642183,9.8219426645627514,-4.3981085809463405,,0.09797277578432076,0.1304347826086956,False,2
0.1587729455017598,0.98101784136593295,-0.11133349315647251,-0.9837235758651971,0.16679591897903012,0.066835976082739973,0.084137257286453979,0.0989096372133067,0.99153305825002491,20.599294003020347,-3.4735238309571352,-1.8350122516696536,,0.1115897115697197,0.4,False,1
-0.066172385499276273,0.98932846655517692,0.12980909313649022,-0.9966587998331885,-0.071776986934150716,0.038978210088767395,0.047879558398177521,-0.12679609382878332,0.99077257656707429,16.332273191548598,13.313756284527575,-4.1653401641986969,,0.5004486286266345,0.2352941176470588,False,1
-0.78473521584104255,0.61673173568170336,-0.061908054580545074,-0.61281264635270705,-0.78695782900281674,-0.071819467008378074,-0.093012372774305338,-0.018421226186356512,0.99549452883312584,-2.9703955841594163,15.459770615604432,-7.8932068354348823,,0.2059183668179709,0.2,False,1
0.68934797780757673,-0.6859354326955488,-0.23300632537632224,0.72049489369395447,0.68265216425917741,0.12195544593498163,0.075408710727234124,-0.25194960766993285,0.96479786563892489,11.717677533065133,12.889262968716414,-4.9883566524044625,,0.2005456929105292,0.5,False,2
-0.90601199223946927,0.41554540510638666,-0.080400784904361353,-0.40428990620259875,-0.90588533335661814,-0.12618016703136742,-0.12526748046066224,-0.081815518725598696,0.98874378846832722,-1.1377554165347796,-14.770038082979539,-4.6144844138317227,,0.4476770572387047,0.4210526315789473,False,1
0.2325467949997197,-0.85728784759951804,-0.45932508585265031,0.97239827463723583,0.1956805380603335,0.12708549290515653,-0.019067868729529917,-0.47620024504677089,0.87913010584299178,10.683909750202208,37.392466454927892,-7.9213332522560522,,0.5006001011286793,0.25,False,1
-0.87143445460994051,-0.41214905525294149,-0.265960800819939,0.4599123717877161,-0.87504880316708133,-0.15089798657522346,-0.17053621784029668,-0.2538163673405765,0.95210012607643368,10.638204282620476,3.9495441748308719,-4.2337595922596769,,0.6858651000577106,0.4296028880866426,True,1
-0.48270708273686808,-0.80874716683132097,-0.33603852817493335,0.86600331291141264,-0.49796061812051212,-0.045535533679721615,-0.13050721934866971,-0.31299080328877205,0.94074684307444256,21.656533815279872,-12.894691361374729,-0.81876671706733406,,0.1179840734123731,0.3,False,1
0.73286758999248203,0.67717351713472596,0.065887200805603952,-0.66138430364833833,0.68634901595775655,0.30248277832204484,0.15961171143188527,-0.26525658518725959,0.950874884297919,17.985643785141683,3.1184588143970355,-2.8901934585317024,,0.4312296130483826,0.1951219512195122,False,1
0.88294026218727228,-0.42072107130653091,-0.20835132245166554,0.4542783780383568,0.87763795712036896,0.15291426182154344,0.11852277694819974,-0.22966365925037585,0.96602637384505041,-15.253515123682416,5.1749986660883973,-8.7925504608985499,,0.4735681379182048,0.15,False,1
