axis_00,axis_01,axis_02,axis_10,axis_11,axis_12,axis_20,axis_21,axis_22,location_x,location_y,location_z,dbh,dbh_approximation,score,reconstructed,number_clusters
-0.15957871151312442,0.95989466682808855,-0.23051434538180895,-0.98428775035530847,-0.13683435132201924,0.11159742290379254,0.075579490156369472,0.24470101939565983,0.96664841166497961,3.1185167178895252,-10.075836829034158,0.08992433739702714,,0.2960493281399222,0.1388888888888889,False,3
0.7750476159529277,-0.31396244161682924,-0.54838743444729265,0.49396068420376832,0.84224724662850814,0.21592224991335077,0.39408632996670867,-0.43823185735486825,0.80786682301767687,-19.456587546592598,14.638223025607424,-10.59835922097545,,0.2842308581181619,0.2857142857142857,False,2
-0.92830386969998557,0.061358166659382762,-0.36672482992596994,-0.063350945967625305,-0.99796941041786857,-0.0066116197121794951,-0.36638583917100176,0.017094772721825732,0.93030596343383176,15.589860958582454,12.791425354365046,2.7332124738320411,,0.7144552114833317,0.4615384615384616,False,1
0.33704340141112904,0.92568459871264419,-0.17178407746769656,-0.92387492296469031,0.36031467302339432,0.1289513982903327,0.18126464708321949,0.11524478344053357,0.9766584702993879,21.97310415829843,-3.403385008645408,5.8097096775389829,,0.2598739242025341,0.2857142857142857,False,2
-0.65408569629292901,0.67766540816786025,-0.33606769627216782,-0.7349851529987842,-0.67439753784851253,0.070603015624109908,-0.1787980055155774,0.29318518979742442,0.93918779682611964,0.8800962704229548,10.148091730988087,-2.4011446332889301,,0.06638639169986617,0.28,False,5
0.74389028706790994,-0.53861616939481605,-0.3956259127919679,0.63466386840780797,0.75480709489459752,0.16573479910512168,0.20935380327010855,-0.37437797953837171,0.90333388815714633,6.0521416841077338,9.031334486640894,-0.43080070329956183,0.4123662884778902,0.4655984778354865,0.9119496855345912,True,5
0.71528533695464758,-0.5455151214429762,-0.43678385846403833,0.6849194299228144,0.67133895322122461,0.28317730206010389,0.13875251800196281,-0.50171432326064536,0.85383281535862143,13.595956633505724,4.8879734776685559,2.4969927506747376,,0.2416598772173725,0.225,False,4
0.88283708373169689,0.30616936756432567,-0.3561727136564164,-0.26464625409916209,0.95075862824892354,0.16130837238503304,0.38802196301162706,-0.048149238576405073,0.92039155094183578,16.939704111370148,-7.6281397956692292,4.468440334382441,,0.07003872967091596,0.2272727272727273,False,5
-0.65080787816633601,-0.64334686539494057,-0.40317975706021758,0.67694271328265232,-0.73214688757734803,0.075561219844064595,-0.34379887819792654,-0.2237537615266085,0.91199593505264098,-0.90395375676087841,23.507657715812904,-4.432107275234614,,0.2102302622482989,0.6428571428571429,True,5
0.50610665035532065,0.82083199864124068,-0.26474683845655905,-0.80592915395472109,0.55940930279926981,0.19375095031370049,0.30713882410392906,0.11530855106305468,0.94465320662124186,-1.9634835986266927,17.907715984516624,-4.1558554974124737,,0.1516973267088006,0.3947368421052632,True,4
-0.48965616239111265,0.82892412108714519,-0.27041014055007706,-0.86662573451729341,-0.49679907995139483,0.046373596278585297,-0.09589931649792921,0.25705150386518194,0.96162770626468452,-18.321505265416953,21.221359307002071,-10.75577267073179,,0.1950148563009442,0.4666666666666667,False,1
-0.14249812443248486,0.94551797972601359,-0.29272860220358166,-0.9873159855178093,-0.1148639685173778,0.10960571826978847,0.070010208357220771,0.30463423765440012,0.9498929160565952,0.61386780609864888,-5.3595243137978725,-1.0168537720698199,0.1444679545292432,0.09104771448698486,0.21875,True,5
-0.85593649797642357,-0.35023951968961264,-0.38040109132262678,0.34844729475466674,-0.93423238188310498,0.07612055845285387,-0.38204344544830277,-0.06739536696694684,0.92168360639721725,-0.84935757786510924,8.4068441822392082,-2.8181456202531128,0.2562497411582425,0.2620397619020974,0.9289940828402367,True,5
0.41564491781273588,-0.72416209282474431,-0.55029861494658572,0.90419794121392061,0.39439586328021203,0.16394507047167858,0.098312691962692628,-0.56572181002957889,0.81871450961608483,14.051440260700788,18.034269326106692,1.7443246492818978,,0.2702383757492297,0.1818181818181818,False,2
0.86327501653256344,0.44236300614936347,-0.24304570891336999,-0.32494403844099123,0.85556131970257565,0.40302133952242342,0.386222238759453,-0.26894199935913166,0.88232793408593346,4.7227256679463441,-7.3267462807197816,0.4152292760255426,,0.3670441739514784,0.4576271186440678,False,2
-0.38152855323270157,-0.80616923004042029,-0.45224676406161135,0.88601930119060479,-0.4583878627886494,0.069644563073994387,-0.26344973142114797,-0.37412797246943624,0.88916955595096425,-2.6472237164427206,-20.187710497826249,-1.447124257147919,0.2136434311031924,0.1888239285269737,0.1714285714285714,True,6
-0.79764241257570423,0.5384170280105024,-0.27179714054557097,-0.54338487966420046,-0.83707584736160201,-0.063536590372626836,-0.26172400389099459,0.097010977276772464,0.96025487037300317,8.5999467344688352,5.0914606805493863,0.77778502136491323,,0.1495421666569571,0.1111111111111111,False,5
0.83734189105353296,-0.39019521846987659,-0.38289195469497722,0.46770674997874706,0.87393934302503373,0.13221354218570822,0.28303525135787039,-0.28978908916006418,0.91428295964245621,-11.690116028199109,12.522818326712395,-7.3209238884286592,0.3310621411447716,0.07859354559131215,0.373134328358209,True,5
0.85835490030674044,0.37793296682370164,-0.34697771932393862,-0.33632593319127502,0.92520295186714663,0.17573947911422005,0.3874425528803272,-0.034149237826840956,0.92126114526415481,1.1962808014628137,-4.5023992954541399,-0.93942504801815518,,0.1056333315068412,0.3103448275862069,False,5
-0.72278799905390845,-0.5522878512331576,-0.41539816779074556,0.59585375093000414,-0.8025246042676778,0.030208724694215969,-0.35005116186964913,-0.22568205273186426,0.90913794066051401,-0.20746316330853987,13.988204984182298,-3.162191112009741,,0.1360560384676915,0.3548387096774194,True,5
0.81246927130236202,0.46772930938952284,-0.34802726377025889,-0.44710230181210719,0.88298967508839044,0.14292923214520686,0.37415667160125393,0.039478181636229709,0.92652482873961495,17.979842891504724,-9.0891884945932784,4.8033412470175287,0.5087605870477058,0.4090654072951592,0.9886363636363636,True,5
-0.92486040854941787,0.10084798711171911,-0.36669184364165991,-0.1285955273196954,-0.99033405090922511,0.051977475535989318,-0.35790559516606391,0.095226840256512901,0.92888935500606695,-0.89152083508619184,6.4145004301293636,-2.6290529148501913,,0.1023699143417864,0.4480874316939891,False,2
-0.69541953347217444,0.65703290482394261,-0.29103167257869467,-0.69649613504740238,-0.71595801856815788,0.047929630835057732,-0.17687511506532216,0.23603363664225158,0.95551207006717598,12.880786070443509,1.7522610666876746,2.5196673245617607,0.5363641516374191,0.364808971896575,0.2926829268292683,True,5
0.92719446468507316,0.0031971785259116703,-0.37456668659510378,0.14247725669230546,0.92179256941650334,0.36055331130632556,0.34642554175868168,-0.38767026842149593,0.85422544272528533,-6.5795045669429202,14.653523682228307,-5.6493623592003575,,0.2196250787343863,0.4852941176470588,False,6
-0.91895648332845714,0.15537687767075478,-0.36245966345772229,-0.18911312007556053,-0.98016342899181474,0.059294858818428386,-0.34605665658080398,0.12303527279726761,0.93011134391739392,9.3232193765315223,3.4683707960618833,1.1692250010925787,,0.08901458167588369,0.4516129032258064,False,5
0.02197924794382056,-0.90274531148677994,-0.42961356501914827,0.99410668392394019,-0.02589326443267851,0.1052684180310875,-0.10615466846810111,-0.42939543715048623,0.89685603355096621,-11.153369432982267,15.71148988120266,-7.4442125602736748,,0.2807283056424416,0.8947368421052632,True,5
-0.87961315008582608,-0.22890742031501954,-0.41699172548242769,0.29333542101035626,-0.95111074782864546,-0.09665751986012916,-0.37447968833671913,-0.20733966887587446,0.90375617548854181,-15.097235557677827,7.0139493329373055,-8.0012416331949936,,0.2643633664228934,0.3682539682539683,False,5
-0.38427684651941846,0.91490597651039807,-0.12360566077104704,-0.92202104376294503,-0.38713862595513188,0.00093763098445870385,-0.046994681479736622,0.11432733023703578,0.99233097375497215,-10.978836402357272,-13.000784822351061,-4.7374557185555863,,0.1436815411300736,0.1666666666666667,False,1
0.81826535815310653,-0.42843737683671784,-0.3832534641406915,0.50951085887344005,0.84925173289084732,0.13845641506243772,0.26615876528233584,-0.3085658897402056,0.91320676922163546,7.4948554329544361,-12.817272130265991,1.6663016975801732,,0.1052526569324226,0.28,False,5
-0.65402933818289766,-0.64555173973893609,-0.39434575706614766,0.67357735961536003,-0.73423416254466434,0.08481588981985963,-0.34429517192322107,-0.21015029353385964,0.91503971974881593,-8.3597945121937265,8.10847724461353,-5.5362912111046034,,0.0685865953252314,0.2475247524752475,False,5
-0.34652956613811436,-0.76554911806205428,-0.5420809972933387,0.90357441286042628,-0.42762375370013406,0.026290791074872838,-0.25193360279261234,-0.48069998242751943,0.83991486870879761,-0.92854863757760309,11.522675011313741,-3.2469668583322528,0.1055090531543467,0.2549626006032028,0.1981981981981982,True,4
0.60851247564834521,-0.68901165263793018,-0.3936692895178287,0.77862547728902853,0.61416349603607279,0.12862956990203467,0.15315003459599943,-0.38479363646752096,0.91020817631866335,-8.8917226890309884,19.774124298417853,-7.0397174350548424,,0.07080404432022616,0.32,False,2
0.81468192103794423,-0.43591713387437836,-0.38245211455641537,0.51604113536066698,0.84583082322490089,0.13517309310051995,0.26456551957804353,-0.30748409857655257,0.91403425262566962,-4.8868176639110503,7.6032476014974888,-4.1467672093136265,,0.07659940130927587,0.4,False,5
-0.090573160509977865,0.96089696896647459,-0.26167444970091464,-0.98928238046818773,-0.056593678255652452,0.13460136431957792,0.11452892337933608,0.2710611934832029,0.9557243091483193,-11.003960973826571,-8.4326809607268345,-5.2313603079121762,,0.3592240406112044,0.2307692307692308,False,4
-0.66654867975435994,-0.59953396224602029,-0.44302582953063435,0.65893910321810645,-0.75174947965457584,0.025922540176287645,-0.3485858800465626,-0.27464840788299016,0.89613399460097565,-16.042711643544919,11.143077546117768,-8.8801668886950651,,0.1837078473118868,0.4878048780487805,False,4
-0.66065683514790019,0.72693052387201806,-0.18736210832372921,-0.7479106071784839,-0.65883163622098539,0.08105923009929325,-0.064515655791994225,0.19368244261556558,0.97894067316676359,-11.645972772888364,-10.427411065421348,-5.2203288697186716,,0.2625548252446471,0.2857142857142857,False,2
-0.46471795183248449,0.81614759669297876,-0.3434244103975379,-0.88198468590378654,-0.46098372603188686,0.097964371916315254,-0.078359677614323081,0.34842087300567115,0.93405709471003251,0.28998812688786124,6.0363793690341652,-2.1903895697031213,0.2283391606634014,0.3115218246608976,0.7685459940652819,True,5
-0.9099108516150799,0.28464654319562988,-0.30172601405894667,-0.23997331654849918,-0.95453987507105353,-0.17682317224858352,-0.33834161650295835,-0.088487130963304142,0.93685376564117473,-11.222674482704921,-12.161450388649598,-4.8618401397860538,,0.5668350596687307,0.3928571428571428,False,1
-0.63066902720787188,-0.58378205141876405,-0.51132679820441318,0.69955361632342816,-0.71290473319051939,-0.048903775757789814,-0.33597814811307386,-0.38854260749093417,0.85799377978785818,-16.911923112753836,10.375124028926999,-9.082864884003552,,0.1698627299665131,0.4242424242424243,False,5
-0.63039865751979485,0.74173440871728991,-0.22897073944513993,-0.75829174220777251,-0.65151576439765668,-0.022821972763968593,-0.16610588880814126,0.15923967993609783,0.97316574027095093,-1.8285633578958187,-10.841408384993303,-1.6930778720629764,0.869237599367844,0.4155987050756142,0.4460431654676259,True,4
-0.8997060954390822,0.23893319037925298,-0.36529422711692727,-0.26853465675082433,-0.96274920659624641,0.031671806421730092,-0.34411928157759247,0.12658947718309893,0.93035317181865518,5.9147822654360462,-14.861796878088795,0.96753479984498292,,0.08208292292483338,0.3333333333333333,False,3
0.74511835636505264,-0.41256416271098512,-0.52401283062004089,0.62745298949365114,0.69995965450627706,0.34111468458413574,0.22605614564378418,-0.58296423021488919,0.78041740453851971,14.800755589345952,4.3700469537243567,3.0067705650702528,,0.4838774145652068,0.375,False,2
-0.51642697930185089,0.78426381555817348,-0.34385090178055727,-0.84899528331573004,-0.52136031677073857,0.085967604388862043,-0.1118489336418108,0.33632378402790974,0.93508081380185482,-6.5487904919478881,7.5689226874143589,-4.8324900720626536,0.2120084759667657,0.1447807127622495,0.5787965616045845,True,5
-0.70852802212411703,0.66961327405863758,-0.22272428037678962,-0.67481056620512159,-0.73523221962247121,-0.0637517291289975,-0.20644307109421206,0.10512681120192849,0.97279474297700863,-21.184579019005458,11.671874239157189,-10.817696724984021,,0.5230589393950615,0.2972972972972973,False,1
-0.75313864210024828,-0.52940181113749774,-0.39053285154994599,0.54594553565819792,-0.83418549201475822,0.077961766315160164,-0.3670499392048423,-0.15449364801322205,0.91728188407560363,-21.677826204718802,18.177658250360494,-11.759200622552449,,0.07985258886489006,0.2,False,1
0.1722979067697244,0.97848040401330127,-0.1135320672089534,-0.96799393484294172,0.18953900472299268,0.16450747033462082,0.18248609105915484,0.081554059681810231,0.97982027021253526,-14.077955990256161,8.774383637391546,-7.8464751027374868,,0.3071121652033708,0.1379310344827586,False,1
-0.92338010541265392,0.11499192903901334,-0.36625952162913411,-0.14699285883552765,-0.98727847511575639,0.060616103672742387,-0.3546297793184805,0.10980923835904044,0.92853629481648836,-13.48036462443255,-0.98393717522415169,-6.7423527341311233,,0.2566527912623784,0.2580645161290323,False,1
0.053125278121600533,-0.88063963051625216,-0.47079883813440238,0.99317602366270308,-0.0024213283824875385,0.11659984215429936,-0.1038224005022324,-0.47378051704672786,0.87450153277217935,-5.5415999524541428,23.416402762297594,-6.1707569932326294,0.7408281005870134,0.270342761735488,0.2352941176470588,True,3
-0.92844245506316458,0.14931033261908602,-0.34014854432947661,-0.13935098487412992,-0.98878739299665874,-0.053673032944685908,-0.34434853078079769,-0.002432287822036111,0.93883873659167749,11.329759131383661,6.3295728317580888,1.6037005247682135,0.5314896315066506,0.315003530467207,0.6144578313253012,True,7
-0.082578790434370872,-0.91660672200957738,-0.39116858326973813,0.98547321148739697,-0.13355383014697364,0.10490912207138876,-0.14840246901959711,-0.37682289158161691,0.91432008376112861,-15.695843535051404,-5.8323208642647408,-7.1787110144704984,,0.08155612703009907,0.3181818181818182,False,1
-0.60778399079765677,0.73895106726862625,-0.29077472502373986,-0.77492533811802122,-0.63189973480284867,0.013908468598629209,-0.17346279391484326,0.23378204665595503,0.95669044825826954,-6.5001434360062396,-12.496974772609677,-3.1593128819253424,0.4316551502953746,0.2280282831878962,0.1739130434782609,True,4
-0.45725497136374127,0.88428037429077544,-0.094689549620385949,-0.88594023321837567,-0.46221495654616729,-0.038304531194051195,-0.07763887124447115,0.066374344359790338,0.99476964774901222,2.7243412925886181,8.01261041732735,-1.4832319766364912,,0.1302453864457592,0.1891891891891892,False,3
-0.048045669053750517,0.95153553558546444,-0.30376263463971537,-0.99451599826761439,-0.017288225277745095,0.10314575345847479,0.09289533290186329,0.30705250656008271,0.94714793741010839,-7.7814983984002843,-11.563262599867985,-3.7685656823628668,,0.07364042048760323,0.25,False,4
0.6217162562081906,0.72598538296601778,-0.29396278758740096,-0.70720855599695009,0.68163591776567134,0.18769265818475417,0.33663772083826182,0.091201421762135082,0.93720720525259793,5.9287251316517731,19.327864170194921,-1.4284947603007756,,0.1701534913209161,0.3103448275862069,True,4
0.179983195942687,-0.89600766982319313,-0.40592647708208074,0.98256348977938268,0.144194104010785,0.11737567431579994,-0.046637299780520801,-0.41997418490490523,0.90633693860652265,-4.0590385989823483,4.8469964270868866,-3.6599888072496021,0.2625779957811272,0.1740740087750751,0.6094032549728752,True,5
0.76606717997506801,0.56909509148636661,-0.29878395641528699,-0.52567484982768742,0.82220919814178839,0.21826128092191935,0.3698743408560351,-0.010139592554072568,0.92902645852481114,-1.2258890629269588,17.514732183752258,-3.7839347692513225,,0.08221214705600532,0.3888888888888889,False,2
-0.22683341091467352,-0.82968425794830147,-0.51006924608879367,0.95032045885601646,-0.30317678138362469,0.070532720843272265,-0.21316104046589759,-0.46873006234147313,0.85723654815042372,7.5703838018455105,23.34604516363974,-1.1667352673010079,,0.2993735085469882,0.6538461538461539,True,5
-0.55815363223574055,-0.7239466268292043,-0.40542052775441434,0.76783840361729105,-0.63584100695495926,0.078296869700866453,-0.31446575131880566,-0.26759576860840184,0.91077098980499982,-29.048108316918587,11.392035505872752,-13.930863447675888,,0.1467584690005846,0.3793103448275862,False,1
0.89369680018837472,-0.20535041811621307,-0.39892008612322127,0.33140692840477526,0.90147905122721483,0.27839714079672928,0.30244913148887359,-0.38100751433269436,0.8737034948331438,-8.0481055385311304,-19.915855702389226,-3.1648987751375239,,0.488416791551259,0.1,False,5
-0.89546895668699311,0.25464843212521338,-0.36508837782936737,-0.29363514422382858,-0.95435994374124067,0.05454814257943974,-0.33453512474261898,0.15604894680319412,0.92937343221928526,-10.131623578714199,19.132357302997498,-7.3718292626498743,,0.1614188722504839,0.6491228070175439,True,4
-0.50346497916113497,-0.74276898003682645,-0.44138107917459746,0.81407110148578654,-0.57896289829803904,0.04571875020223392,-0.28950173830911274,-0.33629779168080859,0.89615430525474526,10.540587373713668,10.466712945059745,1.1762364344272145,0.2190069285122533,0.2336216720220172,0.5540540540540541,True,5
-0.70287741880732657,0.66229620517319965,-0.25947460520045085,-0.68156482820926623,-0.73146298408677735,-0.020767471173474189,-0.20355028636389577,0.16225177818454517,0.96552661351053926,-11.053203260390564,22.443493167869693,-8.1334164330176275,,0.1719364216376026,0.1363636363636364,False,2
-0.68016890960721765,-0.5250633841898622,-0.51154540070928045,0.64917345650984859,-0.75557692132189336,-0.087620427577052171,-0.34050562075652263,-0.39167838662456078,0.8547771427011821,5.9365203065781822,-8.8678597584200407,0.89134963362782083,,0.3490696918644719,0.5,False,4
-0.89717069457682341,0.26256415292572749,-0.35516870694211894,-0.30411215554472426,-0.95037344506025956,0.065620970537139611,-0.32031319305093092,0.16688433276581094,0.93249615432709887,-0.22506193962948862,10.474029233351487,-2.8872283126815619,,0.3403032072730147,0.1929824561403509,False,4
0.21956812040617735,0.93474644364120618,-0.27935448197839624,-0.95400324458121255,0.26562984657297395,0.13899134483175407,0.20412655346578448,0.23598701385825849,0.95007498623026831,11.62647191005164,17.459229557953837,0.8274982622047552,,0.2612508574513166,0.7741935483870968,False,5
0.32611300726130354,-0.84701411724430842,-0.41978255285782706,0.94518948363600874,0.29983049992381716,0.12930008251864811,0.016344617428509553,-0.43894049312438604,0.89836746210937357,-8.6992107550409656,-18.274389005277083,-3.5311277314540592,,0.0902012841125955,0.4166666666666667,False,5
-0.59393626295080226,0.772700334497045,-0.22399533169284777,-0.79083123434270852,-0.61187827064805111,-0.013818129277748531,-0.14773514930449616,0.16893541658546229,0.97449225275682583,-2.7105589523205182,-5.4594416023365433,-2.2448616487794082,,0.2536305255483571,0.186046511627907,False,5
-0.87339894058296497,0.38194942129573084,-0.30214058012854261,-0.37760062340953787,-0.92291286891667834,-0.075163858261239502,-0.30755822178781733,0.048440437238362416,0.95029546155439115,-1.6039897927097888,-9.1316566833484778,-1.7462279920490762,,0.22774965047396,0.34375,False,1
-0.92606502959300419,0.096267625509277061,-0.36487820604102067,-0.10496745228020742,-0.99446747882342001,0.0040333019217901611,-0.36247123324025354,0.042035435544258641,0.93104652259266496,-13.378906128794892,22.833794966976516,-9.0632983700955752,,0.124301682339699,0.391304347826087,False,2
0.39885419073176842,-0.82959732398095987,-0.3907475074512145,0.91547177594287632,0.38493049235829646,0.11721750511248798,0.053167301865928565,-0.40447100773285383,0.9130040755198563,-10.920253936773886,-4.6174660344040586,-5.4092096308024367,,0.08111915650734194,0.32,False,3
-0.92676863096273254,0.054794977860721752,-0.37161460555891135,-0.057372745241057357,-0.99834430465146684,-0.0041252240525388728,-0.37122536654566979,0.017497421845001408,0.92837792275657394,-14.26995302998181,-23.78321683237154,-5.1844288339101681,,0.3383997329043772,0.7692307692307693,True,4
0.85171424645246674,0.38768744571903008,-0.35253551143361739,-0.35733343513121307,0.92178844854835496,0.1503957188890192,0.38326969424575591,-0.002121451076924491,0.92363404057997678,-12.44721966141724,-13.943810573242883,-5.1207707793576844,0.185923243768709,0.1415535264269685,0.2916666666666667,True,5
0.17587462347170568,0.91905936532189314,-0.35270100628266821,-0.96695055581020528,0.22847044798416513,0.11317189145831046,0.18459344364581984,0.3211403702620334,0.92886711813420519,-5.7174528968285676,-0.34280846876838406,-3.8845066619721624,0.4875312592049008,0.3670430618297975,0.9433512224209899,True,5
0.64503221125717214,-0.64384250244992192,-0.4115826508487756,0.74551597811997605,0.64845454596000884,0.15398905218103692,0.16774794427502923,-0.4061693413624678,0.89826894264951684,-10.521632118741014,-14.982100312036682,-4.3263430855818559,0.4819874308279608,0.5415304469943228,0.8888888888888888,True,5
-0.92148780022638888,0.15619658472635914,-0.3556161708271296,-0.1848158484274785,-0.98161241855677306,0.047751040880298787,-0.34161870002088607,0.10972550594525404,0.9334114725784638,-3.4237365383797678,17.150384647994308,-4.6968106827353768,,0.09361726320461373,0.4137931034482759,False,5
-0.91275177643292638,-0.16437762160285402,-0.37398421375069524,0.14106163913473921,-0.98598379068934028,0.089093088747103644,-0.38338728276138395,0.028565048819625495,0.92314583322613475,-0.14778769454801488,-4.0856185626492278,-1.3907870823206916,0.162436958384102,0.1123801302495787,0.5388127853881278,True,5
0.91022132792404675,0.29359271455539648,-0.29206241139896877,-0.15384748404504492,0.89451471245278324,0.41973131984464296,0.38448418152792274,-0.33711533214244321,0.85937486988467116,-29.594967091677837,14.682326660327075,-14.409108473939822,,0.2676398930153517,0.25,False,1
0.41863549512680892,0.85610535736338844,-0.30303125138117004,-0.86150958692188484,0.47993636825735719,0.16571757319494773,0.28730742047781493,0.19168906989613332,0.93846137193852619,-6.2783840832775883,-17.726819441170008,-2.7390263202474094,0.3240229167650031,0.3199601118242135,0.5161290322580645,True,5
-0.90159484044494664,0.31432233035606405,-0.29720063311269457,-0.2918689488120379,-0.94910619913861127,-0.11836359016191061,-0.31927928276417988,-0.019972365813644602,0.94745018032685979,-6.6007167718684032,4.2027163805729941,-4.5628617157457629,,0.1902806556638987,0.2561728395061729,False,3
-0.17704337043430313,-0.87365574002791457,-0.45319012886595267,0.96680132756605008,-0.2405846178130169,0.086105950365160014,-0.18425753173692788,-0.4229003305603356,0.88724544090695334,-14.194330523607057,23.409065637792086,-9.4169166490259606,,0.1168326153308733,0.2222222222222222,False,1
0.77564292047418459,0.56557685688004533,-0.28018008294661034,-0.496785018199915,0.82087034442337015,0.28173839521508359,0.38933623721712685,-0.079339124068451977,0.91767238041779542,16.074172397335495,0.51573500526056648,3.7004655634033665,0.3501753312066001,0.381004739684122,0.4857142857142857,True,4
-0.92455731252352402,0.09742652441096411,-0.36837731770628757,-0.13210796332527469,-0.98875598305689061,0.070064912725631312,-0.35740909597452492,0.11344460458921017,0.92703239415042626,-12.553993384936122,7.9637902360240567,-7.198393198100602,,0.1474832637690041,0.6561085972850679,True,5
0.15644527830401347,-0.90084438958937885,-0.40497439504457439,0.98676675405218461,0.12486495705846008,0.10344136308123562,-0.042617461136192379,-0.4157981821077722,0.90845782717866275,3.139426234987682,-4.6598241767777493,-0.26510413000237776,,0.07735691230849437,0.3714285714285714,False,5
-0.89618545485513335,0.2721522063672156,-0.35040663103821973,-0.30512453088540226,-0.95141054339396147,0.041436681464260126,-0.322103478959886,0.14405261014040616,0.93568060488271065,-11.349516326577017,5.2187988421739835,-6.3794021593187713,0.2514993053927335,0.2217986312863306,0.8093645484949833,True,5
-0.70431524683546143,-0.5933150669345163,-0.38976565321176609,0.61582154902179498,-0.78378306283036026,0.080299004854717651,-0.35313432690054569,-0.18347027489146894,0.9174065649404024,-13.05036738807925,-8.1090581253932008,-6.0589600020153256,,0.07719564459773531,0.3181818181818182,False,2
0.7661590488619795,0.53855550999571056,-0.35065406670986682,-0.52551876367208428,0.83909891108961054,0.14050995137994415,0.36990585407029103,0.076622320909056713,0.92590424940327343,-1.5072690504855544,19.683408061032999,-4.2194344396363874,,0.08892901783346224,0.3793103448275862,False,1
-0.76530987357168645,0.56366276092356871,-0.3107814173365428,-0.56217865513016696,-0.82048526792336418,-0.10372600848756851,-0.31345806279266042,0.095332140795987799,0.94480464954482934,-11.351897003806831,14.461094027203774,-7.3980672354845005,,0.3601710565360544,0.2555555555555555,False,2
-0.37735909367879239,0.87102024790899002,-0.31452160839993804,-0.92502364045213792,-0.37064599861531727,0.083383501456405121,-0.043947457521413047,0.32240544574032531,0.94558095874144366,-13.034448559543458,15.827625802367104,-8.1683326488116546,,0.4376259869009982,0.7295081967213115,False,2
-0.7203721392356941,-0.53613240175816579,-0.4400295771854551,0.59472985629565234,-0.80390436233488682,0.0058458745702670012,-0.35687585942949746,-0.25748752203545561,0.89796425148916603,0.54835506718441418,-23.124118461704054,-0.19210559964291268,,0.1054984161567129,0.4761904761904762,False,5
-0.26020998400581163,-0.84659245961158325,-0.46429728790130131,0.93918453544158609,-0.33352913401715156,0.081796852929311395,-0.2241052712701459,-0.41477647485191049,0.88189415651673053,6.2931073113293028,-10.691316790957593,1.1643022724300074,0.3035738262572825,0.1441244789843516,0.1764705882352941,True,5
0.71697703527722623,0.60985353155849498,-0.33767232775386147,-0.59781733279495552,0.78706354052019578,0.15213618831080128,0.3585503695368405,0.092788217083021346,0.92888749548885063,-17.981428920003072,-7.6157060205146179,-7.8912494011680545,,0.1529134328159084,0.2857142857142857,False,1
-0.86354674659590169,0.38387819302917459,-0.3269931946696894,-0.40010341494679991,-0.91627201144371206,-0.019048842295608895,-0.30692714736813759,0.11438152806091496,0.94483469043367996,0.56339235727822179,28.62757615071569,-4.4065927988732252,,0.1353761873434368,0.2857142857142857,False,2
0.14629621520039338,0.93430614717594684,-0.32506836322115218,-0.97422715200334409,0.19310801937902644,0.1165793684618488,0.17169412837221362,0.29963530533091087,0.93847738922243562,7.2158052491162312,12.932953392785313,-0.31364635640677102,0.5265552692192853,0.2911701460169153,0.4838709677419355,True,6
-0.2600124756695229,-0.7553765434852413,-0.60149795514905646,0.94143337982572595,-0.33681796210513965,0.016026595185882675,-0.21470142953906307,-0.56210313818340418,0.79871356455130549,-16.599036873572938,-4.7319498476374973,-7.5623545086302366,,0.5010573655769214,0.3793103448275862,False,1
0.10690655368076146,0.97460923258475363,-0.19674306224276589,-0.9768899898750828,0.13979641257970349,0.16168769499162861,0.18508629463567278,0.17491085383818716,0.96703115603771206,0.12390547929642731,21.885962256717256,-3.8225459869742284,,0.2813077507017278,0.3684210526315789,True,5
-0.52851199912297786,0.82238666263846016,-0.21060684674864849,-0.84316726405980147,-0.53736372924861386,0.017583722755189005,-0.098711861500745221,0.18687000723068889,0.97741269113750506,8.2368601723990125,7.4217405705862491,0.44956814239076048,,0.4476161184220685,0.2083333333333333,False,4
0.8400485578351703,-0.40589098942943036,-0.35995961603914572,0.48735003891040052,0.8560980539378753,0.17200599297063604,0.23834504411269419,-0.31991971921683959,0.91697492506782174,-17.700494984084305,16.926887368316169,-10.063571108297204,,0.4052827864607099,0.8588235294117647,True,3
-0.37902032820572024,0.86260056698021781,-0.33505798401506104,-0.92476265890002562,-0.36637717488673399,0.10286782988948506,-0.034023749219988075,0.34883811082997257,0.93656519096194968,18.766299676035789,12.391779311308561,3.8749005934071428,0.3021366168605443,0.3396476349523727,0.8333333333333334,True,5
0.45815309336903492,0.83254984807100985,-0.31137837675940472,-0.84154068564298157,0.51905969525564477,0.14962054393918087,0.28619052647480098,0.19348845763521477,0.93843337500220081,-3.9131708248282564,25.739837455200053,-5.7234196941589346,,0.1138484991632677,0.3333333333333333,False,3
0.39327206635183692,0.85437444897949399,-0.33967835191301721,-0.88000651710944922,0.45679561813437092,0.13010108799750877,0.26631862809847506,0.24775403969304946,0.93150003979791762,12.597235998799405,8.6818880053492506,1.9648941709483974,,0.08698418044039477,0.2727272727272727,True,5
-0.024397154275549469,-0.8654993038058354,-0.50031563434982806,0.98943328163537447,-0.092453495948033912,0.11168765499929613,-0.14292151711869688,-0.49230407899854212,0.85860941862169704,-13.565532788648717,24.020248392991903,-9.2057614092376756,,0.2935113071690418,0.6071428571428571,False,2
-0.43899729362698114,0.82643491681834713,-0.35254319515718768,-0.89548507960537216,-0.43449752567916211,0.096531716978654605,-0.073401964499237346,0.35807433368246133,0.93080337513650813,-5.9810291213683646,12.401347372062467,-5.1856052246869258,,0.2169266945092154,0.7894736842105263,True,5
0.021875531960705654,0.96080678011249998,-0.2763544687376831,-0.9872533155908273,0.064347296290752032,0.14556894007647808,0.15764628748040732,0.26964746753849006,0.94996731064480566,-14.662341550100683,18.480333220110143,-9.079513075901291,,0.1998540244182191,0.4285714285714285,True,2
0.65705251200283887,0.67084921451343205,-0.3438652757366924,-0.67050539667646769,0.72854882864885995,0.14013963501489268,0.34453520792292414,0.13848442389339766,0.92850285666788457,-5.5942376272031016,14.150269981085792,-5.2310100692771053,,0.3024794844502171,0.7795698924731183,True,5
0.77339811174893747,-0.49896502763784895,-0.39101056499478393,0.58554383337131455,0.79862485996864796,0.13905665119254457,0.24288635190970631,-0.33649997657417363,0.90982085369680143,-13.830696485716713,-2.2388498467718994,-6.6605415000602735,,0.2235118971715526,0.7792207792207793,True,2
-0.13105639951172895,0.96124413597018366,-0.24255706794475998,-0.98938222772173112,-0.11131274300193941,0.093446673101669014,0.062825373977462962,0.25222843675589202,0.96562611194823877,-4.6219083329965187,8.6756302135807157,-4.2012709414578557,,0.08031643774305812,0.25,False,5
-0.91349631641509899,-0.11683987337402602,-0.38970876803837629,0.14541455706110415,-0.98836806256709653,-0.044532903476967284,-0.37997248122827293,-0.097349971172607727,0.91986080285112948,-1.4412985186896268,15.997976481342933,-3.7976084899989702,,0.2156087260887729,0.2972972972972973,False,5
-0.91784229039615939,-0.10941520127940346,-0.38156761352258545,0.11507902709986333,-0.99332396021357372,0.008020448078046763,-0.37989781189430716,-0.03654892330303789,0.92430613366097902,-1.421352536032269,-13.86740867885335,-1.4035952172940238,,0.08684712645028948,0.2105263157894737,False,2
-0.85497896752111124,-0.32732074616602452,-0.40233331234916631,0.34766675965171112,-0.93731730810724168,0.023750540117515317,-0.38488802180610171,-0.11957170673663238,0.9151851275115187,-32.17030129206298,11.509589297431198,-15.098825586503374,,0.08181554230614083,0.3,False,1
0.31403472271299204,0.88226972037368878,-0.35068837083985077,-0.91722035964179116,0.37730118630230819,0.12786956898908983,0.24513058721660763,0.28150302898300278,0.92772142364194521,-4.0169402340554807,-6.0316873663822008,-2.656090015197901,0.3135640217441154,0.2898016536008502,0.4423076923076923,True,5
-0.73687931053275335,-0.52930504505078024,-0.4205294888501464,0.569240225239242,-0.82136667657898355,0.036364111087334089,-0.36465661611761635,-0.2125863398466295,0.90654983339707385,18.895402578255215,-10.474407001544751,5.1899359912523391,0.2156786139184051,0.2015115444748305,0.59375,True,5
0.86731583016670477,-0.31129335492132149,-0.38840661416107364,0.40143958291480358,0.89880414087088512,0.17606072140752976,0.29429494051279481,-0.30862203993749282,0.90451253416046828,-4.0038796626611264,6.8746946503934847,-3.7815042355039314,0.2086161124734914,0.1426545214337029,0.5285714285714286,True,5
0.92387262708841433,-0.06935179689014348,-0.37636378304090312,0.12915709216334761,0.98224689962209966,0.13604952674185089,0.36024687987637055,-0.17430248549828939,0.91642830002595321,-9.3430637980889824,10.0660708414028,-6.0891254458925133,,0.350926201048949,0.8647450110864745,True,5
-0.80161249023985515,0.49199533261101536,-0.33964394324120722,-0.53455976339795552,-0.8442439405233314,0.038704369850977867,-0.26769997169850751,0.21258589223797481,0.93975739612625797,0.1087970174940005,-11.626314648701774,-0.90724725804896811,,0.1100840723532938,0.4745762711864407,True,5
-0.20370054269447069,-0.8811988031612028,-0.42660843664095877,0.95927909016168589,-0.26673690854379023,0.092924963271829711,-0.19567758196724372,-0.3903076875079024,0.89965003917506026,-9.918396883561746,11.616894944457918,-6.5482103037500927,,0.1064054047745092,0.3611111111111111,True,4
-0.62274216646908964,-0.59108964455961455,-0.51264532202661695,0.70781174092611343,-0.70482612351247853,-0.047145254496264125,-0.33345874333795716,-0.39221571578502779,0.85730513749930926,-15.46294788221922,-22.609667310445289,-5.6316529948205751,,0.231486097904997,0.1818181818181818,False,1
-0.91973890472156028,-0.1063007777904785,-0.37786305956354521,0.092187490275254552,-0.99420482347474337,0.055301316587430184,-0.38155184939708242,0.016028525218891053,0.92420845733036483,-12.824072695318268,6.6237561666091329,-7.1510968388475353,,0.156104965622935,0.801909307875895,True,5
0.12973217137632478,-0.91000875557975847,-0.39376849604579012,0.98929656305096614,0.092040211778479347,0.11322945619987036,-0.066797260763668945,-0.40424332299241772,0.91220911076930078,2.8727162048685795,-14.87729281521465,0.073695554541146777,0.5470089622290748,0.5177013939190415,0.9775280898876404,True,5
-0.82084576935689813,-0.39393140794342707,-0.41355805972631166,0.42358994220581442,-0.90559036138990889,0.021855393379419497,-0.38312371864837214,-0.15723912742508983,0.91021539924110273,-9.2022237484438527,7.2261713867967634,-5.7890580037878845,,0.08470922265482939,0.31875,False,2
-0.92327656819174597,0.10399778448553676,-0.36979026413654303,-0.11584035409450551,-0.99321852748591544,0.0098979301862253399,-0.36625317881396463,0.051975162152817375,0.92906253370150316,11.657031112398242,0.72546871162312787,2.312312479215703,0.212557640556847,0.1246997579826989,0.36,True,4
-0.46227984299023278,0.84367146734116183,-0.27297582669411735,-0.88284284307417593,-0.4667081895102238,0.05264959901836936,-0.082981089397716715,0.2653336032968685,0.96057910541707514,21.307473350115558,-10.88334461230848,6.0466350497873078,,0.2066932299567799,0.2777777777777778,False,1
0.17014227068978335,0.95603554248340161,-0.23884649721734036,-0.9685266420842551,0.20692644101458454,0.13833868432956378,0.18168035473743863,0.20779193804742788,0.961152828214625,-25.144267812159704,14.458384933761794,-12.697038582134702,,0.229436221700214,0.2083333333333333,False,1
-0.066520279444069533,0.94238112104406402,-0.32786106069860638,-0.99349970602827231,-0.032135564923205011,0.10920457677589518,0.092376331083339785,0.33299418638588685,0.93839303348265646,-7.3425048618052529,13.30488095366422,-5.7767249895671506,,0.1194427693382057,0.4576271186440678,True,5
0.88811948183427236,0.29400934118064043,-0.35327368043055429,-0.24764831317057975,0.95362767013765681,0.17106893268969336,0.38718742098651665,-0.06444202081212326,0.91974622966525932,0.78852844375098963,16.315377772048748,-2.9579087348367143,,0.1356061750185091,0.4166666666666667,True,5
0.61588103569186203,0.71111524412999316,-0.33912484344421101,-0.71326741456666332,0.68608560850952016,0.14330433738554424,0.33457457343992525,0.15362827657063172,0.92976244678166609,5.0369040305394099,15.133231634203478,-1.3834860813859755,0.3867698259795897,0.2847929161249155,0.810126582278481,True,5
0.82851381715957062,0.4490653394422584,-0.33452230970039593,-0.41394292918004372,0.89347975055802509,0.1741986989750931,0.37711550771285401,-0.005852884278629733,0.92614774069156924,-0.28369556412791541,2.7955604487534322,-2.0983729304725207,,0.07182519087566398,0.1866666666666667,False,5
-0.51975510402828784,-0.75727523272392039,-0.3954603061490205,0.80042833213194509,-0.59345504175218056,0.084413260447583502,-0.29861198394742555,-0.27266341030994795,0.91459583845605419,-13.648631295540266,10.548933747576251,-7.8862165124476222,,0.174479489619468,0.6144578313253012,True,5
0.14468764679608992,0.92990755763070909,-0.33813816573391897,-0.97767845470525205,0.18697215942107737,0.095844931042642731,0.1523493487671006,0.31672282182171291,0.93620314572614605,0.48258583163420687,13.585294936538077,-2.8370425978421254,0.3967133154980159,0.2328977816504474,0.693069306930693,True,4
-0.56221666856556107,-0.69096463131672992,-0.45440102977037716,0.76252896430642192,-0.64580398522428817,0.038558932327079173,-0.32009685437507684,-0.32481547213420175,0.8899623098094761,-13.947237377325674,6.3447830814840973,-7.5340889413488146,,0.1615835920620637,0.2592592592592592,False,4
-0.62376947160426099,0.7424129084456873,-0.2444068732007286,-0.76511575514564611,-0.64388499472353211,-0.003161455010735878,-0.15971702327068671,0.18502753023021426,0.96966761600790741,-6.6474345986497951,-16.323964050881894,-2.9174900477400074,,0.08814749025765223,0.2857142857142857,False,3
-0.32823740434326215,-0.81003137567695938,-0.4859108733182374,0.90785054277010169,-0.41260909674861546,0.074572952686113025,-0.26089767799279351,-0.41665681765595286,0.87082116299432255,0.83033149730165623,-13.481356830722783,-0.67794256873753667,0.4245027129933897,0.1693775994818899,0.3636363636363636,True,5
-0.9241276149922093,0.10987908200643595,-0.36594362755243404,-0.13914077232320288,-0.98877259274369733,0.054484909068563125,-0.35584827762139609,0.10126868803499876,0.92904071823443612,-31.334121940166423,11.638682882651123,-14.758577363782182,,0.3746513678202023,0.1739130434782609,False,1
-0.62232175226923092,-0.68009146885650995,-0.38754513368270987,0.7070582865560906,-0.70081939514954483,0.094449747456476912,-0.3358336136614678,-0.21523886584634666,0.91699946268482591,-7.4647718415986626,6.1179965430616789,-5.0223838727001473,,0.09544413783245136,0.4786729857819905,False,5
-0.78165183860910081,-0.47223612384615843,-0.40744747702467149,0.49937292175888676,-0.86522778279009949,0.044805902536646521,-0.37369384288881069,-0.16844562096678695,0.91212882015870367,-3.0190127718351025,5.5730679317592555,-3.2994294639220971,,0.07624134238029454,0.4553571428571428,False,5
0.6215525842241798,0.71903214926894576,-0.31091020144396153,-0.70100547583920003,0.6876704022022988,0.1889463965742279,0.34966227690115637,0.10050963263592763,0.93146878952528001,9.3514777480168831,14.665817183648775,0.29932060836174962,,0.1856668373638884,0.3846153846153846,False,4
-0.24999484757485085,0.92429048803077574,-0.28842619493010346,-0.9681930374887957,-0.23548240526955216,0.084559322174945259,0.010238083035746318,0.30039162861887031,0.95376100314043888,-6.2940112714183458,-9.2175031215053309,-3.3537110095756395,,0.1705476980594909,0.2575757575757576,True,4
