axis_00,axis_01,axis_02,axis_10,axis_11,axis_12,axis_20,axis_21,axis_22,location_x,location_y,location_z,dbh,dbh_approximation,score,reconstructed,number_clusters
-0.87510726814436934,-0.46948531195902204,-0.11734909925363658,0.45683323769033185,-0.88145550115764659,0.11974803722939265,-0.15965795370813454,0.051183408773381088,0.98584461071918905,0.67404578626664435,8.5118497512684996,-2.5349835518468216,,0.06875903474426574,0.2391304347826087,False,5
-0.18480366314419897,-0.97364273653680122,-0.1336690976913317,0.96738340081227248,-0.20419645903080599,0.14991051314755224,-0.17325403868703165,-0.10160525433465406,0.97962207527710543,2.5297327146224946,5.0978864860382558,-1.6711797748989861,,0.06965122532599713,0.1571428571428571,False,5
0.92853134542526938,0.36302093749233794,-0.077751781361733038,-0.34328482203683686,0.91928654547930211,0.19252994120361566,0.14136856624397084,-0.15207907891263173,0.97820595082794748,-12.050198819632037,5.3821305537101196,-3.1915988571569387,0.2144935458847732,0.1814509980084065,0.5365853658536586,True,6
0.71375437253979634,0.69247438269159312,0.10504249138429395,-0.67821232645192786,0.64588350012480822,0.3505175380992962,0.17487920382076916,-0.32142453792830583,0.9306468344590173,1.3765926482542956,-7.0205506904664059,0.42691853655656253,,0.4860285693406202,0.3333333333333333,False,2
-0.99321506858968134,0.047676074491252787,-0.10606988002020265,-0.049056640918815418,-0.99874139909906701,0.010443357094439693,-0.10543848210287403,0.015575931649313327,0.99430383527626964,4.628299338007837,7.4486989766486635,-1.8881498784568211,0.2147012287782274,0.1867166761772983,0.2678571428571428,True,5
0.96532253303505267,0.2466599040933645,-0.085506133858582634,-0.219987222891245,0.94493182073431847,0.24230038367349649,0.14056325614963289,-0.21508776319534809,0.96642600603679663,-12.003703637983353,17.126155778713159,-4.9512425782792793,,0.1439733381447384,0.1666666666666667,False,2
-0.86768888732606786,-0.48487967876714877,-0.10957961457094946,0.470695639547416,-0.87227406423090614,0.13260306097955493,-0.15987998536996545,0.063479555675548333,0.98509326273675002,-11.996015434312099,-6.5710109804284231,-0.87430667019196684,,0.07084763543522114,0.2962962962962963,False,3
0.99244309633111294,-0.076833697377917232,-0.095672793896454014,0.093924646153527802,0.97740375051062789,0.1893675508969109,0.078961138477413845,-0.19692255187001356,0.97723418236129755,12.266190318384909,-2.9903898976495622,0.83228065362063886,,0.0808605914385221,0.3214285714285715,False,5
-0.47734163369639665,0.86958420879931786,0.12636561457500695,-0.87305546364662134,-0.48563530461492938,0.04396030377906647,0.099594789707283499,-0.089340106998083438,0.99100919427860645,6.7677176762357307,9.976930412689649,-1.9653030994868255,,0.5549856706919364,0.3,False,1
-0.25251051736351143,-0.95556912774477565,-0.15207261660766747,0.95202529663470714,-0.27344012457395866,0.13739844555371866,-0.17287646800074324,-0.11008242536421881,0.9787724896203005,-2.6978053054561588,15.624272370897623,-3.821621725209166,,0.1062625346620976,0.1428571428571428,False,5
-0.46569553277914161,0.87530710392508981,0.13025031503924905,-0.88037324744391166,-0.47318568978297104,0.032221858569540976,0.089836606873885116,-0.099663317238019675,0.99095741950020289,-13.496157524321012,-12.410588734880239,0.18219206714125347,,0.311036517600436,0.2647058823529412,False,2
0.8866478286457149,-0.40630231234425873,-0.22084849771177592,0.46241540759048499,0.7843816496763919,0.41342159894455066,0.005255357339483957,-0.46868311110456234,0.88335073588274327,-20.066471164510695,8.4281879965086581,-4.5003360746939771,,0.1269655606434887,0.4,False,5
0.073899749905628961,0.9811468569662678,0.17857679588653258,-0.98374737031197257,0.042335952451907695,0.17449578371487837,0.16364577100605218,-0.18856964812823052,0.96832925672863512,-0.68684232513476373,16.417762026867752,-3.6992125229094639,,0.461906973970348,0.25,False,4
-0.67762896260933492,-0.70774621481539701,-0.1997855961962052,0.71251285550766597,-0.69909851066631645,0.05988909016214429,-0.18205608962434489,-0.10176722359686893,0.97800767503740815,-7.928337821312553,18.705311335613686,-4.7858458425414812,,0.1016785084455077,0.2222222222222222,False,2
-0.5814172698381842,0.80357202619837997,0.1273811487047499,-0.80966904107630144,-0.58685128511235807,0.0064508204560294602,0.079937489680964507,-0.099385954105211546,0.99183286387883995,-22.826028111128849,2.0440719173222446,-3.7048733459011562,0.7183080713449137,0.341770594854137,0.3103448275862069,True,3
-0.9665939596697759,-0.21623609942607466,-0.13761564749293961,0.22252516616509865,-0.97440491002469587,-0.031900184058410913,-0.12719539124158341,-0.061457470048498108,0.98997187425812205,-16.89862421527657,-9.1252775592458146,-0.78605135498353762,,0.113949972280795,0.3684210526315789,False,1
0.94384481676202325,-0.30516571168045009,-0.12661299414367758,0.32632762858399217,0.92097484152351272,0.21287465819934684,0.051645335648154662,-0.2422379608882661,0.96884133355802082,20.473165835884441,11.598145998771299,-0.5553934516728628,0.566200070262209,0.4535330811744598,0.8148148148148148,True,4
-0.86414502533809523,-0.49189665510482439,-0.10625938019822134,0.47721395255620302,-0.86800164160396365,0.13725885639372168,-0.15975048879146075,0.067903099115665,0.9848192476091131,-3.8561557530847899,7.5865166815050395,-2.7842383294738569,,0.0796779546452565,0.3223140495867768,False,5
-0.092557398030023941,-0.98632155196101878,-0.13639253721197608,0.98090384845578038,-0.11385442541489178,0.15768579485193243,-0.17105779185571346,-0.11919297777408447,0.97802467550404648,13.574659081344219,-2.7739363580653973,0.95208878725004698,,0.101754426130527,0.4,True,5
-0.98129471104523092,-0.15233631211159637,-0.11770445228152335,0.15704937869424315,-0.98707841640502303,-0.031807114284428645,-0.11133814587286477,-0.049697564121280582,0.99253915257485059,12.52270539824765,7.1639517458820041,-0.89423888530087114,0.3704913337270028,0.2152532546657123,0.28,True,5
-0.86304663760181044,0.49880227513373104,-0.079666753703295068,-0.50511001561282487,-0.85103727214653968,0.14352502759096614,0.0037912335485830451,0.16410926768098497,0.98643488118039979,-2.4416221284024195,-1.88791775349086,-0.96247400125890847,0.1617213465785044,0.1415772453477069,0.6875,True,5
-0.57904897459233762,0.81493574184319184,0.024125125700173902,-0.81452343395165983,-0.57953443410471905,0.02629477572673744,0.035409893633824664,-0.0044245173081182976,0.99936307870534802,-7.6446480269425052,-8.2410861950770471,-0.14948563230628686,,0.1966848757991531,0.3703703703703703,False,4
0.66876531869892786,0.73144758656501763,0.13318174279432021,-0.72306262788691911,0.59819868521526431,0.34545443861671832,0.17301267196013181,-0.32732668866888975,0.92893694846651187,-12.709571506346469,13.192804671673107,-4.4545202744278818,,0.2969061570913051,0.1891891891891892,False,3
0.67241767741460967,-0.72149069824976153,-0.16524418125735535,0.73739913667913426,0.63368509441584153,0.23384976874064714,-0.064007658332499134,-0.27909563496095363,0.95812767741075755,-3.4663529735625325,-9.5263096397590576,0.54546047082898208,,0.7566108625753891,0.3617021276595745,False,2
0.10585267345631923,0.9918744815867635,-0.070570704255659394,-0.97944026253072358,0.11625583761095669,0.1648676813542399,0.17173230230768513,0.051668104265250182,0.98378779385888804,-21.091406641821766,6.870293089280473,-4.3065581767995926,,0.06974446583136298,0.1363636363636364,False,1
0.30894176828582204,-0.94219072671215087,-0.12973672689743199,0.94166193193625336,0.28387258218649586,0.18080144641250812,-0.1335207465172108,-0.17802525545663639,0.97492523747674442,-8.5397901065906261,-18.695182587771583,1.9183192682745271,,0.09405804273705287,0.3043478260869565,False,2
-0.64384990927208396,0.76304741721882685,-0.056709200364735722,-0.76205762462223725,-0.63282406828246052,0.13711993056281152,0.068742061981320948,0.13150033337643757,0.98892982118876505,9.3675471456313879,10.148623627133672,-1.6944822006738638,,0.1033768832523103,0.2631578947368421,False,5
0.9456703588380907,0.31758963989687805,-0.069601674155228888,-0.29770005384081638,0.93187886913586926,0.20730762456125623,0.13069908323402438,-0.17532425356529252,0.97579667746593635,-0.17250598065897721,11.238300331429885,-2.9448203428084465,,0.1413329959187918,0.2888888888888889,False,5
0.060222162024645018,-0.98734251939461037,-0.14672436947072548,0.98681307693703468,0.036764695084612442,0.15763346212463589,-0.15024394292995952,-0.15428255439562832,0.97653655897873104,-18.793469272638784,8.3670141273923146,-4.3656562421978942,,0.08119817344442014,0.5357142857142857,False,3
0.99238317833154577,-0.072106851589841703,-0.099881075877164077,0.098536275396932965,0.95123744693526457,0.29229765989309564,0.073933955632571519,-0.29991318994315763,0.95109718152386535,-6.9057027982489663,10.68356621534133,-3.537163352601369,,0.09850491274678175,0.26,False,4
0.79561510402468394,0.60034565298097398,-0.081127696840472482,-0.5812025904256215,0.79420656503613429,0.1773118183767016,0.17088052882156923,-0.093920333263638203,0.98080518752161405,-3.6832708809090655,-13.221208818301017,1.2801273476658843,0.6939833207419203,0.6303948421005163,0.9317269076305221,True,5
0.30815416386441963,0.95013830834722901,0.047730559436149803,-0.9293125133479716,0.28990792399512649,0.22876111588229756,0.20351723226277027,-0.11485029654251398,0.97231175327474051,19.445356159786773,-8.2019168208612072,2.7765380555418449,0.6852152040913699,0.5817966145314092,0.2857142857142857,True,4
-0.3137818174306336,-0.93980268181343696,-0.13532143328460983,0.93291708510570703,-0.33167189541753733,0.14021221811243881,-0.17665413487320483,-0.082247632466903114,0.98083058862669537,-1.1292180439128685,10.191085184405782,-2.8884303610306921,0.1358686086301375,0.109778504104339,0.4042553191489361,True,5
0.63212932559785329,0.77349687863590089,0.045990156117623235,-0.75554334746509,0.60211097096778921,0.25810197353269948,0.17194989334236643,-0.19790138296825122,0.96502242295130325,-6.650877309273822,14.361829665322231,-4.0431269555800906,,0.2807045456193739,0.2857142857142857,False,4
-0.1508389066084232,0.9874645464025209,-0.046490793187908254,-0.97658502860504548,-0.14154970354720545,0.16200420775456059,0.15339265353223391,0.069838750158946292,0.98569429480878024,3.3068526128245179,15.101796404405512,-3.1127282516588188,,0.1160666448136808,0.525,False,5
-0.91281025952386541,0.40212228027842067,-0.071239748818037033,-0.40491178095756974,-0.91387159391613393,0.029751629786522016,-0.053140189590768855,0.056003406475574488,0.99701541548432904,-11.644595063348634,8.7657240519633337,-3.7296966825060092,,0.3145331544149221,0.4153846153846154,False,5
-0.76206761291459935,-0.62204806440432781,-0.17974748654007447,0.62187891571778875,-0.78046282069577311,0.064377012180324114,-0.1803318261769464,-0.062721536033705644,0.98160401455233504,-26.516182196044735,3.980219642718529,-4.3786211710398728,,0.1766197593028724,0.1714285714285714,False,2
0.72543912091933049,-0.67638180424215388,-0.1274587648218751,0.68677376223261066,0.69905517593998956,0.19915737621382795,-0.045605716183992714,-0.23201188737140038,0.97164324871307894,-15.019228133125349,-4.0940286688555023,-1.6990078729719635,,0.0960094784428685,0.2413793103448276,False,1
-0.32420473008516448,-0.93384363031954709,-0.1510872830585519,0.9271710739317921,-0.3453734881624132,0.1451583732985981,-0.18773676425935676,-0.093022727255960641,0.97780452011600472,-11.030195476246959,18.922032432404023,-5.1273274806431637,0.1519330520184821,0.1357334673164065,0.4285714285714285,True,4
0.21966494600191502,0.97537839248066105,-0.01960364710502302,-0.95847146898732649,0.21951642435944532,0.18205763530739957,0.18187840618186082,-0.021202144190775707,0.98309242416288634,1.4875380786002075,14.881799078861249,-3.2768415386727354,,0.1301187979532036,0.2083333333333333,False,5
0.8430949970770244,0.53759683643251166,-0.013433814106446035,-0.50630198887471944,0.8019401565931692,0.31709664347770383,0.18124326736514856,-0.26054102690570224,0.94829808147740469,6.2559086925804879,4.2194304773535443,-1.1818733178383747,,0.4082859603269857,0.1612903225806452,False,6
-0.68508612494278531,-0.68432826896296373,-0.24970346755508327,0.67405477773398248,-0.72549760949502029,0.13893658708563145,-0.2762375029297624,-0.073130287262975241,0.95830308517710872,-13.453798989181383,18.437038648451974,-5.2603801976786588,,0.2436834223656583,0.6190476190476191,False,2
0.43522074800771343,0.89985768521763376,-0.02896630556990093,-0.88053178000439625,0.43214180111538852,0.19472351714941391,0.18774100486014345,-0.059241962184844621,0.98043036724215837,-13.111168378656114,-0.33715687455695142,-2.2550924859013119,,0.1594817902020933,0.375,False,3
-0.42839682358290776,-0.89539987471913196,-0.12138873875708682,0.88222781412614748,-0.44351619579244023,0.15801097446696774,-0.19532087836755646,-0.039401122100305705,0.97994760372734313,-3.0027204470695463,14.193825823802616,-3.6198597792105098,,0.07897130515909964,0.25,False,4
-0.1498610474226891,0.98815322290886498,-0.033088888168070318,-0.97806569503404728,-0.1432681430487619,0.15120097679885341,0.14466914896736782,0.055022243158417354,0.98794908274408311,-9.9586516356129096,8.7877566322493657,-3.5406158976386815,0.149218420920672,0.07556572734045718,0.3333333333333333,True,5
0.044013768231973664,0.99348881757104657,0.10508452582234037,-0.98487254351241116,0.025503225828952633,0.17139328606369547,0.16759731871786138,-0.11103852859976786,0.97958235178313735,-0.044625786394826047,-8.9246695369750881,0.71304066617787687,,0.134730783754634,0.125,True,3
0.99577002760742106,-0.010615166347451768,-0.091265384249086937,0.031357106156429643,0.97292926273168689,0.22896589618079008,0.086364251934535716,-0.23085919510340899,0.96914665970842406,15.606768549808921,-9.3479927606801301,2.4509087097771767,0.7735958604427022,0.3867974859328185,0.1666666666666667,True,5
0.48069010983705807,0.86270638019873036,0.15708188905548537,-0.86188414616527365,0.431823046147358,0.26586570934397152,0.16153246390058451,-0.26318540685307634,0.95112601937166363,-8.8332583632394392,35.95738870455461,-7.4752173132390416,,0.4767238830239161,0.1904761904761905,False,2
-0.72294206314607312,0.69064549400562503,0.019067641275881855,-0.68935782051290195,-0.72289265357554744,0.047031975338121368,0.04626627964080611,0.020856965652512896,0.99871137890381967,-17.056988071377962,-11.571228093379316,-0.34364538545548112,,0.2329995700086347,0.25,False,1
-0.95670493172421844,0.2858283727125363,-0.054934642686192317,-0.28938966741181454,-0.9543086421243836,0.07448916674250268,-0.031133486952726094,0.08716167115892412,0.99570756202358224,4.8008402198053934,2.0016580503970745,-0.93268576526604918,0.1233605523326317,0.1424561738881025,0.43,True,5
0.82023217017770111,0.56700628985435186,-0.075650870921500149,-0.5470721490330499,0.81619243751087966,0.18585469782173775,0.16712645140114535,-0.11105751760079785,0.97966064380805318,-0.64385209651162445,-10.877299230990227,1.0734608093905713,,0.07080267181120556,0.3157894736842105,False,1
-0.039931901828187989,-0.99062555109902628,-0.13063866474414984,0.98511508380482971,-0.060907826760537367,0.16074361044692206,-0.16719364484509397,-0.12227532109570921,0.97831233814889307,5.7583065914294167,-7.5499012344444925,0.92112745001072271,,0.08418131599265384,0.4222222222222222,False,5
0.9800847074823188,0.19486046424965411,-0.038253962300738686,-0.17096258898756103,0.92597700278709716,0.33665766510818429,0.10102355827215395,-0.3234130327952684,0.94084974937138555,-26.715800456493202,2.6890195661779788,-4.135713699793155,,0.4064549571371046,0.4782608695652174,False,2
0.96655424521001998,-0.23686479941591709,-0.098325774159909937,0.25177168296776081,0.94935874662608122,0.18796007517592137,0.048825308212745847,-0.2064292542306298,0.97724257596346897,-17.21233972052914,-6.7452823591181126,-1.3440528197201087,0.830985653228891,0.7286399424395196,0.9736842105263158,True,1
-0.073608665265717743,-0.97974586737735192,-0.18622513190974266,0.97931554333777515,-0.106300815629954,0.17216620798939061,-0.18847501419243634,-0.16970024146537932,0.96730501759876875,-5.4252606461366959,-7.1708047904204983,-0.16445664615953831,,0.158399629760441,0.3472222222222222,False,5
0.32812371524329925,-0.91015568349286136,-0.25288625763487965,0.93578431960431785,0.27662511778342158,0.21860066649941878,-0.12900594822571637,-0.30837505738458915,0.94247667838808269,4.818598489748557,32.238614093855922,-5.5157911895608933,,0.5188548829133339,0.125,False,3
-0.56439783162227064,-0.7843452971901913,-0.25740540483002711,0.80039257998914171,-0.59626884275981618,0.061928870910069947,-0.20205644151673396,-0.17107285561859581,0.96431699793796777,-7.7980175808278007,-19.418187836318022,2.1759138502576008,,0.2410943841810903,0.2857142857142857,False,5
-0.96966042649709516,0.23511964355738019,-0.066913455290575755,-0.24205383317487686,-0.96174113141868789,0.12831187779333911,-0.034184779227344073,0.14061560848979185,0.98947392664901745,-0.59610470476650879,22.04999109440277,-4.4900364913572677,0.5721049245871936,0.7258797566931479,0.4098360655737705,True,5
-0.89892286639438934,-0.42416633622584293,-0.10963849454475459,0.41237547140144692,-0.90370452034815796,0.1151720907544037,-0.14793292689502724,0.05831860007794519,0.9872764506586893,-6.5450762085384726,-14.094384471953026,1.1682825703140962,0.3967365063659712,0.3035662101322475,0.8764044943820225,True,5
0.64480108316649487,0.76176684915569859,-0.062791963456435645,-0.74213421028846982,0.6436058905933465,0.18710497458126221,0.18294364451060924,-0.074045426063633055,0.9803310144090267,-17.810536690342747,-3.3271642737558471,-2.0581449984282023,0.6344556909132943,0.5217205659519246,0.971830985915493,True,1
0.97700807300782988,-0.16274488391338546,-0.13772918368140785,0.20495046376220155,0.89490557103976665,0.39640803009733477,0.058741234930726624,-0.41552150567932067,0.90768460691850716,14.593174865846358,-8.6994223401202095,2.1850929906882151,,0.5084523041362488,0.4482758620689655,False,2
-0.1843807824694324,0.98284617510240457,-0.0041380119058348208,-0.97260082708302853,-0.1818489576003228,0.14483986943201968,0.14160281852197845,0.030730322260740531,0.98944645589358826,-6.1511348136852382,-2.3216648297119891,-1.2207552820882293,0.1773383277660558,0.132953725696034,0.5248508946322068,True,2
-0.87317168082127961,-0.45880126112727648,-0.16453759023324038,0.45794947141775871,-0.88781992494824546,0.045365873661677519,-0.16689367106015898,-0.035737706318571434,0.98532701115271903,13.683597992982596,1.1916964310757114,0.28740801788666487,0.4673128851438217,0.2738475696197149,0.1923076923076923,True,4
0.53639162574098076,-0.83676819268066915,-0.11001370620460177,0.8392776325730259,0.51513317479913334,0.17392776570743682,-0.088865512419403242,-0.18562543990329111,0.97859394886906248,3.7970244542987928,-9.5678928613595087,1.2659366341152998,,0.08636813990957588,0.28125,False,5
-0.94635913990719789,0.31341794436252191,-0.078572071791943365,-0.31915583821800109,-0.94465852101681713,0.075893541238256756,-0.050437379446917723,0.096899281844030835,0.99401539220106494,1.7208451220587431,13.218603507961413,-3.0237077354483213,0.2372112724533104,0.1182482079000207,0.4242424242424243,True,5
-0.96703407943566411,0.25415839285498742,-0.015767071744212643,-0.25445306924264299,-0.96685954749040104,0.020886622025975576,-0.0099360335655665211,0.024210055101693714,0.99965751558669191,12.29577186366153,3.7737456397443387,-0.32134548672088958,,0.6863672966677421,0.3571428571428572,False,4
0.90550643204096737,-0.40274243095013568,-0.13362872387631894,0.42387431233770251,0.87313714812099597,0.24075316801939645,0.019714686725338881,-0.27464532561744243,0.96134347464567116,-20.424937803455489,20.174200599045616,-6.2103864533854063,,0.1212417514373336,0.2777777777777778,False,3
0.44808773734515595,-0.88090259677927085,-0.15240733128178119,0.88715405752949039,0.41711078858189815,0.1974240822634043,-0.11034064459599097,-0.22367209266272631,0.96839854249891189,11.60872299604563,-1.7024527208000102,0.50110048540737362,,0.07160368880003994,0.2857142857142857,False,5
-0.88684278662765759,-0.41262274114278574,-0.20797198200312286,0.43455815583268786,-0.89777308940684775,-0.071851855481820132,-0.15706393922790474,-0.15409722070401086,0.97549216581452625,-7.4186003770126048,7.2143248295042177,-3.065842757893154,0.6157266833330826,0.3946649763216503,0.2755905511811024,True,6
-0.97631342749981243,-0.16109244085742713,-0.14443447227779144,0.15770759747937135,-0.98687731697774428,0.034662298424845014,-0.14812293873959004,0.01106285376405047,0.98890707768007324,-24.51923319510513,9.7566495008577423,-5.1115811065593952,0.1617635525282755,0.1694070969519205,0.4666666666666667,True,5
-0.99309357073650628,-0.06026407227716811,-0.10066479699670769,0.059691842714361995,-0.99817902845820039,0.0086897099841105607,-0.10100516657666565,0.0026208278875843143,0.99488244912954626,6.5137854567574358,12.875291789568449,-2.4357970402950766,,0.09193903328124467,0.3333333333333333,False,5
-0.9733522299139995,-0.20505583117395498,-0.10265253344659041,0.19151846942339323,-0.97312015223445125,0.12789779194700512,-0.12611943700780484,0.10482974490456951,0.98646064908443132,-21.224797662905132,16.842591988035206,-5.8159858279901009,,0.09499310369124507,0.36,False,3
-0.39531895512616333,0.91640719499448231,-0.062616105598353566,-0.91043054606268348,-0.38187522662653922,0.15902053982091049,0.12181602732794629,0.11987144885782841,0.98528761853316871,24.900260418576071,-3.1088883574998722,2.4851967254559848,0.6807401051081409,0.5517685051311563,0.8490566037735849,True,5
0.4977973872637847,-0.83719653739089328,-0.22649441276563043,0.86198045763977749,0.44871744525640894,0.23588629669754324,-0.095851196552099907,-0.31265733975593785,0.94501742630296004,-5.1074962341200374,10.602914203342456,-3.3691096799399904,,0.1144604909764266,0.2615384615384616,False,1
0.96191438978255928,0.26917078561650315,-0.047621370201206374,-0.24059776875909736,0.91639879688552117,0.31988428960315096,0.1297436718972827,-0.29624370581898135,0.9462590799380719,-19.238363194573861,17.819618015803453,-5.7608480402697131,,0.3764588127277231,0.2142857142857143,False,1
-0.89979327025326084,-0.39955363078737033,-0.17529679669512688,0.40840889392532209,-0.9126564776128161,-0.016134721381638018,-0.1535390704988083,-0.086110684563518031,0.98438341302277377,-13.403464855920165,11.775359514921158,-4.3382565889894398,,0.2996446697803357,0.16,False,5
-0.83330978835392422,-0.52727965129647425,-0.16604507208046312,0.5347627342252208,-0.8450021523049781,-0.00042506931257263458,-0.14008431288871642,-0.089148931169267961,0.98611807272449536,-0.426614530643731,15.40198485930334,-3.5468859377810875,1.098870438792287,0.5854922134315088,0.4363636363636363,True,4
-0.55037299820545837,-0.82845796595044263,-0.10366755278094862,0.81385993358092501,-0.56005060336659507,0.15483969187636201,-0.18633725166479267,0.00084871783840290149,0.98248547486466364,-1.096404879219588,4.0488858479968393,-1.9138164139084763,,0.07704544892418919,0.2935323383084577,False,5
-0.76396263449579094,-0.6239758990956964,-0.1643629229539619,0.6203220451844349,-0.78034194343456642,0.079164459039178542,-0.17765599723187617,-0.041479255833288348,0.98321809278667494,15.288363836835208,0.63556063691692533,0.59015548830046116,0.3172696347471591,0.3469716187256738,0.3125,True,4
-0.9395373235056016,0.33856901844736881,-0.051387133482186716,-0.33990913026330993,-0.9402496459329398,0.019808747729787746,-0.041610105786588948,0.036078013672697154,0.99848233636147099,-2.2142913907838686,29.427312545682248,-5.7904675820731368,0.7247252558752969,0.7879849590618084,0.5789473684210527,True,5
0.4588788176416323,-0.87220619506936081,-0.16937114276772897,0.88270556679446288,0.42579388791434425,0.19882265304751862,-0.10129715232860506,-0.24074035452623183,0.96528905962550948,1.593523768741288,9.1713022980945986,-2.5119267032726249,,0.06665500735450669,0.3243243243243243,False,5
-0.92342490380737419,0.38089042631399062,-0.046999257129113986,-0.38269348143980381,-0.92308665904244092,0.038166990467518397,-0.028846945970495308,0.053230658836910257,0.99816549262532828,-16.259910632108667,-8.4174001170333597,-0.89503614192305248,,0.2059631189609226,0.6483516483516484,True,2
0.9290757884895624,0.35991855023682373,-0.085304258029254038,-0.3419536244934801,0.92367699917881751,0.17288296585779556,0.14101736750581695,-0.13145127760291503,0.98124138909765279,-5.6380665229504645,11.632768761641374,-3.5700294975864493,,0.08175259415567177,0.3255813953488372,False,5
-0.60899330018601128,0.79252026375751705,0.03223029416970935,-0.79101656122495434,-0.60983013856957846,0.048989814860405226,0.058480425754252413,0.0043397725659475722,0.99827912237894512,-17.240395359847806,19.446316828686726,-5.7884681783510432,,0.345101265714589,0.9387755102040817,False,4
0.72287569687083841,-0.66199059957157191,-0.19803831182973136,0.68984458417916383,0.67500420074737866,0.26169405543892027,-0.039562312270339087,-0.32578792956809,0.94461476189797122,-13.432908558100882,-16.639844448442783,1.0352031606222096,,0.1413330469515442,0.2857142857142857,False,5
-0.94138884611454166,-0.28122795630047143,-0.18627366160086078,0.30741501971941587,-0.94257783505118076,-0.13054895833035501,-0.13886340793039442,-0.18016065459830458,0.97378595824373415,5.2744594753395821,3.9206269056151517,-1.1973945616964639,,0.1354217689018682,0.4102564102564102,False,1
0.92763182683806789,-0.34518389751437517,-0.14264385978321725,0.37264395125285926,0.88114027397729688,0.29108126557693614,0.025212683945299408,-0.32317161767704689,0.94600445352877427,-9.7705311310238994,20.553384278311473,-5.2270044406005676,,0.7147267527055963,0.2580645161290323,False,1
-0.99196440668244223,-0.078070988005479486,-0.099556700964825245,0.071649104995942292,-0.9952085719645154,0.066530474533344583,-0.10427378207599351,0.058862714176292047,0.99280519703080217,-12.471031543368751,-17.29243362729958,1.2925855737412943,0.4357027462893107,0.3287494676740303,0.8103448275862069,True,5
0.13580440675568414,-0.94989580808243779,-0.28152285323424553,0.97812403883923149,0.083353775315940681,0.1905925307702554,-0.15757705337569866,-0.30124757580434314,0.94043573428567662,24.290190754953173,3.8605356446256636,1.2094590808853762,0.7347805754509537,0.5095730733429161,0.3157894736842105,True,3
-0.38655640832033134,0.92212442741925083,0.016145697358926195,-0.91350514048700904,-0.38523307303152388,0.13078164147349039,0.12681680287050809,0.03580530406810304,0.99127971769339418,-8.9005042986525709,3.3558941395735857,-2.5355017929660217,,0.2002657008056146,0.2461538461538462,False,6
-0.28197347482366381,0.95941587959951868,-0.0034827385994208176,-0.94825155558742247,-0.27813627201912816,0.15316396937053056,0.14597926846612119,0.046490688955798831,0.98819465138125129,-15.509228339864045,14.798474649317283,-4.9542415498151771,0.3587703170729823,0.3213188860300663,0.8547008547008547,True,6
-0.85163128536197219,-0.48872279671192087,-0.18940480924937964,0.49684711071332904,-0.86782222205777548,0.0052478070202879312,-0.16693442535478525,-0.089636035592744093,0.98188506392280173,-15.860362155164353,16.866096428153568,-5.325888426962389,,0.1173551578764305,0.5454545454545454,False,5
-0.75481260392552108,-0.63767278236441005,-0.15372493482453295,0.63216690482294613,-0.76971902198092967,0.088868620149622227,-0.17499410676291707,-0.030100661659729716,0.98410924838957592,18.750051714795006,10.197096821150565,-0.58468072085368961,0.7508404506671406,0.6896293227389706,0.704225352112676,True,5
0.4427277124880884,-0.81937619615924195,-0.36416318013038462,0.89040428008801831,0.35387367970070038,0.28627545618865624,-0.10569952978136476,-0.45099453209844648,0.88624575678606254,-5.1827152744484231,-21.905058789092109,2.9232140281568428,,0.7256029720122034,0.1923076923076923,False,1
-0.37615631717531783,0.92653303506842632,-0.0065543860117896063,-0.92227566017135409,-0.37372997655207196,0.098658559090840064,0.088960843659414396,0.043155990931475,0.99509975818614649,-8.7718307419976309,-8.3534200755763717,-0.21824587748481777,,0.661459402438014,0.9029126213592233,False,5
-0.40137062003971208,-0.90728318065380964,-0.12545459525917493,0.89694042596662571,-0.41708723333129777,0.14675187242025656,-0.18547101562169943,-0.05362340808592788,0.98118552398081438,-9.9776942474881682,-7.3078506661360771,-0.52952587508165405,,0.08351616028913529,0.3492063492063492,False,5
-0.98496772319340764,-0.14337743113307144,-0.096340523710828116,0.12997186460905749,-0.98250419601645611,0.13338972681620934,-0.1137800451627617,0.11886301801544286,0.98636995304552,-9.6641057414319214,-4.8497093247247003,-1.0461930368893657,,0.06572907221399758,0.2592592592592592,False,3
-0.85116786502053676,0.52255106046363475,-0.049534379623786574,-0.5248666193515289,-0.84636932756828864,0.090410139044809837,0.0053195344608334832,0.10295314740179269,0.99467198210927121,-10.04070233540819,-2.5147662736598515,-1.5497898650558559,0.8316983697227684,0.7711982695029777,0.7914221218961626,True,3
0.99658120536247963,-0.013167677385194983,-0.081562941281845158,0.02847419710323262,0.98147504018989173,0.18946230649808962,0.077557212543982984,-0.19113701304700043,0.97849451762688877,10.288743535896804,11.446226275738034,-1.7795029104117213,0.5365603136751939,0.4661230743294782,0.7857142857142857,True,5
-0.95723864020373395,0.2797982628549362,-0.073533106858520755,-0.28596176179264821,-0.95361828589805053,0.094010827000451339,-0.043818449234898499,0.11101845298969018,0.99285187545898546,11.353309759823857,4.5959449120787932,-0.59298998260540747,,0.07843920527604045,0.375,False,5
0.94420534539069789,0.32914100813174901,-0.011935765649936841,-0.29921648532606443,0.87237878984389861,0.38655496625915209,0.13764360008642371,-0.36141588758176246,0.9221891322059359,8.4626305068929479,4.0796976217705856,-0.83975498938620619,,0.2852944916865965,0.5625,False,5
-0.40515602203337597,-0.88352223215655101,-0.23502566475854764,0.89522768003690445,-0.4355579474688398,0.094109910702723121,-0.18551549451685614,-0.17227228355669416,0.96742248351603322,-1.2054428875384475,-6.392905444960868,0.067718331320138284,,0.4771865524161599,0.4038461538461539,False,2
-0.97609881675137633,0.19982534321988163,-0.085445492236974424,-0.20974496179101582,-0.96912540080164977,0.12962641908317374,-0.056904753227192691,0.14444995579126271,0.98787451598472453,-11.268547721543799,-10.781430518465253,-0.015467181342621709,0.351361986484916,0.3170679104177901,0.8535031847133758,True,5
0.96947342591145669,-0.21309998529930449,-0.1212834395824048,0.23981822421289467,0.92711859650335249,0.28799015148617013,0.051073435236690938,-0.30828477789714109,0.94992210203259997,-22.135625693731694,30.489431864722444,-7.9194438830468004,,0.5936885888010912,0.8333333333333334,False,1
0.18229224792494297,-0.92940076536628691,-0.32091081889370893,0.97261646267846757,0.12258918541147318,0.19745659813482111,-0.14417611755521753,-0.34811795264925816,0.92629754300116363,-21.153010264958166,7.9148529175194717,-4.4750322373534281,,0.1479028856656701,0.4285714285714285,False,2
0.020887753702224569,0.99766035361171024,-0.065096240879420869,-0.98621165339900219,0.031251735074092166,0.16251124193379607,0.16416539356783219,0.060804176552397594,0.98455704541103295,-11.492474884099689,17.82409111385692,-5.0229363071385249,0.12825122679098,0.1531128264072672,0.303030303030303,True,5
0.99466892505638582,-0.030055051764827187,-0.098642908465779319,0.06129197992667957,0.94158442233128647,0.33115263673980611,0.082927816345554822,-0.33543325638116445,0.93840689883956363,-25.28518346728498,12.237012174339915,-5.5562582994105636,,0.3399385681797987,0.3333333333333333,False,1
0.4956650063159973,-0.85766384059752498,-0.13685371038180394,0.86312711560782629,0.4689147416377018,0.18743144714098156,-0.096580452557841701,-0.21102535773302628,0.97269754527158747,-4.8510744796032208,-13.696894344022857,1.2651192727065763,,0.07921688623351192,0.1891891891891892,False,5
-0.14408934778264204,-0.93010318998203245,-0.33785546590342769,0.97328636707910177,-0.194875806819092,0.12139632438658937,-0.17875096507023092,-0.3113382018028904,0.93333628268947399,16.209340263961792,-5.4243081610233101,1.8155094845396558,,0.3586423864002573,0.2307692307692308,False,3
-0.98659505583510698,-0.11555942712216433,-0.11522245703385835,0.11033142577588775,-0.99259657759396269,0.050783960410868023,-0.12023798188584976,0.037390546291141677,0.99204071224928481,-10.744061652877692,12.18993157478425,-4.1556421018655731,0.2473924654284978,0.2470967132458418,0.2295081967213115,True,5
-0.74601613979952519,0.66474030729584976,-0.039752270562032607,-0.66431368043030847,-0.7387268380602483,0.11388587586987402,0.04633846298439119,0.11136867865665645,0.99269822416609421,12.73179465292729,-13.33044162901732,2.8894353617500381,0.8711922304716324,0.8702173684469312,0.8828125,True,5
-0.94780766869765143,0.31855736008347091,-0.013484490890388015,-0.31789365892985399,-0.94740175174011931,-0.037061333110717964,-0.024581390727801702,-0.030840381586544952,0.99922201041284286,-6.8522038991729035,-3.871383152518189,-0.97465226225939638,0.4288924268514013,0.2772364632621753,0.2424242424242424,True,4
0.26475031213625499,0.96327324328774022,-0.044854553722826075,-0.94697159993817159,0.26848936143754393,0.17651700117948951,0.18207707470820028,-0.0042569426562082679,0.98327504661967635,-3.7919130859000454,5.8484995333802114,-2.5119873884596897,0.1448591913235558,0.1143637529567405,0.4817073170731707,True,5
0.033968324757380028,-0.98843827495387659,-0.14776985321567213,0.98618758515457339,0.0091671893220873386,0.16537838288882764,-0.16211168927676942,-0.15134642131922754,0.97509694951512083,6.5505778210507017,8.9046961467212409,-1.8243599989859329,0.4587107296423446,0.3941264693496753,0.5178571428571429,True,5
-0.027637217883569858,0.99876194717451205,-0.0413612991071865,-0.9866694546055883,-0.020617541528117615,0.16142584777428967,0.16037322574534654,0.045271291758844305,0.98601771718692699,-19.950843098458378,1.474845085276711,-3.3530906667832201,,0.120082355501846,0.25,False,2
-0.79497189424782133,-0.57763288933636481,-0.18536432373289702,0.57522367110280725,-0.81480830892102352,0.07214671105651467,-0.19271070431878129,-0.049271339236778462,0.98001781594559512,-22.266815465331835,13.644833043386521,-5.4419086274704513,,0.2499771790958474,0.40625,False,4
-0.7466650772738187,0.66422074778753248,0.03608407665790532,-0.66400497475893194,-0.74747644084003351,0.019400100115879837,0.039857946197372762,-0.0094746291582885056,0.99916043532920196,-22.927866479056259,11.931449676257536,-5.2514617409154098,,0.1586320921410546,0.1764705882352941,False,1
0.87708954175183662,-0.45674183310269756,-0.14866349129339879,0.48032378883098087,0.83513205420007308,0.26803639665280432,0.0017302117229671815,-0.30649853171190811,0.95186955851410637,2.7959408329912909,9.0372663304898193,-2.3305131085831921,,0.07208475548038076,0.2758620689655172,False,5
-0.98108586193125069,-0.16668975070494482,-0.098412694956185875,0.15358148452648146,-0.97975512366377437,0.12842361646218087,-0.1178272427295915,0.11088022666150421,0.98682435934984702,2.329310551213724,17.146652081644419,-3.506137865507601,0.576752851285802,0.4996163539994173,0.9172413793103448,True,5
0.6184802888204598,-0.74127512745310364,-0.26075528328290032,0.78025002833101464,0.53994454219394283,0.31570521795564999,-0.093231033620846809,-0.39871177155228127,0.91232499559950131,7.492025304784149,7.1773740030708382,-1.4584710351249248,,0.525607310430509,0.4947368421052631,False,3
-0.22019963310618593,-0.93151316361769765,-0.28947426066379123,0.95082752922452252,-0.27123319461560147,0.14953114661301892,-0.21780525991970459,-0.24231339241891414,0.94543380974330837,11.794825535318326,9.3890110124550432,-1.268792484648146,,0.2211190762930749,0.4615384615384616,False,3
-0.71566966546124222,0.69837065993653935,0.0097647979188941886,-0.69667730932664584,-0.714787175123903,0.060991974453831296,0.049574757770256855,0.036847192812940452,0.99809049077417178,2.0528356777864563,-16.971007592935933,2.6179999767228272,,0.3169664312008192,0.18,False,5
0.8374701451173584,-0.47598352494287566,-0.26848359357708473,0.54635298488477346,0.71853846928725695,0.43034972297170593,-0.011923587740642061,-0.50709185769176035,0.86180953575491992,5.6947192415663501,1.2083632918815774,-0.70864728928067566,,0.4843670922981337,0.25,False,1
-0.45617519167180814,-0.87009776214663603,-0.18663889951080559,0.86908040177386203,-0.48069022333192479,0.11677398873758923,-0.1913202805657867,-0.10893481307883104,0.97546386747214198,19.67838756543642,-4.731906855919207,2.1420690262242217,0.1683425149514743,0.1557589644507912,0.4137931034482759,True,5
0.89129820815343341,-0.44235214285829216,-0.099559458873359583,0.45330856152237298,0.87415223255823271,0.17426767446653668,0.0099424440152330595,-0.20045562107891843,0.97965233209790781,-10.305834754319717,2.956695855646263,-2.5988701223630453,0.5347479759112279,0.2636649961297178,0.9556616643929059,True,5
0.038191499375589806,-0.98607644701672303,-0.16184761355769151,0.98561008442564757,0.010482662524897338,0.16870944035487992,-0.16466381160993446,-0.16596190654865539,0.97228723879356926,24.345176442741636,-8.5888548470694932,3.4360529398614141,0.4974854934416336,0.3547955027130112,0.1666666666666667,True,5
0.18093909349173667,-0.97261759679998405,-0.14586313736311904,0.97292110820849753,0.15532554515835109,0.17116802336771467,-0.14382476020747628,-0.17288431223302073,0.97438465347878789,-22.555385562291143,9.215966570962415,-4.8585778936304731,,0.08646314277249474,0.28,False,1
0.75880713034354919,0.64658778018998198,-0.078332505697059379,-0.62796897427285947,0.7582091767963246,0.17542466067384255,0.17281986659664142,-0.083923100102604009,0.98137159474823177,-20.651346281551415,2.5068590306250638,-3.5844835352736868,0.2305912239384476,0.1972472270763203,0.8642857142857143,True,5
0.71634365326006377,-0.66283692865416222,-0.21794259897124846,0.69480990555970135,0.64900495550171799,0.30988992056911374,-0.063960656423649717,-0.37341635441759891,0.92545624460766696,-6.3067103642854168,-12.2585032129889,0.86791396456354153,,0.2876444940677054,0.1891891891891892,False,4
0.99693570753946359,-0.034333157133206116,-0.070288187870051103,0.054310959804159953,0.95046298347033709,0.30605626394147911,0.056298442944187545,-0.30893583698550087,0.94941515363308138,-14.738543073160177,8.0510750656893748,-3.8946462607877561,,0.2327819230345919,0.125,False,4
-0.97240459158100345,0.23020264015717187,-0.037895312861227021,-0.22627208875754981,-0.97015417136200377,-0.087188448995268342,-0.056835306997307218,-0.076207796540594286,0.99547080299974156,-16.670059138053329,5.1475919867746107,-3.6781618081188556,0.7869249428065976,0.6237790541716379,0.5448275862068965,True,4
-0.21435578154493415,-0.95034165886445188,-0.22561544793081631,0.97132261615573012,-0.23172781264003844,0.053240925925944371,-0.10287844411075184,-0.20773288684227564,0.97276054271414913,-12.689919869768586,-2.8470445891395291,-1.7446265102282583,,0.3777822167283586,0.1733333333333333,False,2
-0.66954528398560764,0.74129678896694329,-0.046778022189179251,-0.74043146207785304,-0.66111645771877825,0.12118696010144286,0.058909784059064135,0.11577607697911725,0.99152687171928955,4.0296371953083785,3.8204120067429397,-1.3229594652962395,,0.3500152689034269,0.8721804511278195,False,5
-0.94692585312844346,0.31009427039903142,-0.084693400821216513,-0.31889460327593405,-0.93936957061495141,0.12605967556743958,-0.040468020441522291,0.14637743428676392,0.98840072139450119,13.063402901826654,8.1473395726397264,-0.92640202648771708,,0.09086706664653707,0.5263157894736842,False,4
0.99565750843697853,0.03040803424006034,-0.087985665575272223,-0.0026029752256970145,0.95387135545414758,0.30020436666384831,0.093055630743350104,-0.29867170722671937,0.94980832850066887,-24.430035447396669,7.6981776566562585,-4.8529712104492777,,0.3119902370518159,0.3448275862068966,False,2
