axis_00,axis_01,axis_02,axis_10,axis_11,axis_12,axis_20,axis_21,axis_22,location_x,location_y,location_z,dbh,dbh_approximation,score,reconstructed,number_clusters
0.36104322664176403,-0.87674267721414278,-0.3177578739346667,0.92973059668800628,0.31193968829852042,0.19569018484937861,-0.072448644419794289,-0.3660818334957332,0.92775820400906972,12.126455427053722,2.1619711834497015,0.46298010900542863,,0.2411772905014582,0.4444444444444444,False,4
0.83858368821804974,0.54449361451438205,-0.017438509330670357,-0.51093513625234011,0.79719921564749285,0.32158777513118297,0.18900445602528809,-0.26076831541444045,0.94671917762264612,-17.855314275364236,-9.351365223120526,-1.4592682489999502,,0.4215936809698273,0.5263157894736842,False,1
-0.61854939490977479,-0.76961504504520639,-0.15839611263164341,0.76032104771248887,-0.63711261922861417,0.12648879327844692,-0.1982638405310827,-0.04219233176442562,0.97924014249730673,-12.64988457561588,15.163359129427739,-4.1074583769493715,,0.09418108719086685,0.3076923076923077,False,2
0.79605292930047045,-0.55332297415726028,-0.24522116552594958,0.60491325344263935,0.74045119187459074,0.29293683322679021,0.019485624485308758,-0.38153075724148755,0.92415074079781778,-2.4521182979011149,14.757437889336156,-2.7579538357802793,,0.3243025652761811,0.25,False,5
-0.94283729747998279,-0.28023952482073444,-0.18034311522453833,0.28796073734025673,-0.95748023954595185,-0.017612626989809976,-0.16773921494718497,-0.068537578066892313,0.98344606164325377,9.4368046615334151,10.597465032266886,-0.82197758895027995,,0.1045007088832949,0.3125,False,5
-0.65077782061186773,0.75579324442828655,-0.072558940705000713,-0.75860771918083669,-0.64325060331223138,0.10364839476663155,0.031663174176268211,0.12249584897054513,0.99196381505882991,-14.987643590126753,17.969292071413733,-4.7976065609228113,,0.192186596192051,0.3636363636363636,False,1
-0.92713018276085502,0.37083331432203409,-0.053965518646256469,-0.36573715887656766,-0.92680160348167429,-0.085294304620496059,-0.081645298889282389,-0.059341728764278255,0.99489326281593993,-12.183852785924513,4.0366775524109881,-2.6366782339354948,0.9174599328869059,0.4733436906221587,0.1714285714285714,True,5
-0.98574347829883113,0.11476702797053628,-0.12303789774753204,-0.12793424507281054,-0.98620197932794806,0.10506419422090492,-0.10928231297411325,0.11930710481965491,0.98682480249058413,4.1576926012185975,9.8010902441589085,-1.4518865541548271,0.1355885547432528,0.1252361156405797,0.5217391304347826,True,5
-0.011163789461577187,-0.98235376782055539,-0.18669880731707028,0.9883217079606339,-0.039216646714857153,0.14724895990878201,-0.1519722717426886,-0.18287462773496227,0.9713193600212886,-7.2195754165312929,8.5571774190105643,-2.6340704014564293,,0.07374783046664901,0.2444444444444444,False,3
0.56223620447060862,0.82693675503970776,0.0081273333192363462,-0.80504260119777249,0.54504899904611714,0.23415379325466798,0.18920058308368987,-0.13819258953801955,0.97216559677740477,21.957623131291832,-6.950792687594884,3.213451049811344,,0.2037981246974203,0.5806451612903226,False,5
-0.35732609613882654,-0.9152887917158341,-0.18591527311535155,0.91407774146373821,-0.38358731686975828,0.13161554960266628,-0.19178097814626574,-0.12291134242220772,0.97371086998412071,-16.556489165112993,12.114277721448751,-4.1971220429793092,0.2217980697734994,0.1714326003780947,0.4705882352941176,True,4
-0.51474031263123687,-0.8399190705199937,-0.17198361994424671,0.83453819725150824,-0.53682448189598464,0.12395754501163318,-0.19643932366127731,-0.079720954672771488,0.97726974858815852,0.20041416855338573,-8.5904107622950399,0.41470194322226983,0.5940990263286458,0.476606939444536,0.7683397683397684,True,1
0.13216088123939934,-0.95672827218435896,-0.25923833565496651,0.98322894727838839,0.09337246009405252,0.15666020850815068,-0.1256755294552524,-0.27559498707181934,0.953023118500819,-2.4090257496486229,-13.633591172240186,0.92442571632833215,,0.154767860014888,0.3076923076923077,False,6
0.6932510170592715,-0.65484772202660935,-0.30096094149049635,0.71981481812580272,0.60849317637701772,0.33406987578817227,-0.035632217904627186,-0.4482304265209669,0.89320760732767424,6.4101165611164559,-10.384930997076387,1.6379436211914802,,0.4380349529111022,0.2307692307692308,False,4
0.18468559755135153,-0.96097024953348775,-0.20597914838314768,0.97611309160263804,0.15495282159627283,0.1522920072797454,-0.11443103800560656,-0.22918508370070728,0.96663319565906658,-11.723403368490427,-8.7970768129648942,-0.96319910515916307,,0.1098992141232641,0.1538461538461539,False,3
0.55336325514185658,-0.81122479042213513,-0.18895355848295675,0.83106967851287117,0.52253270337634605,0.19048034900934263,-0.055787967477959222,-0.26243839907066058,0.96333472343620374,3.9444024225095666,11.654018777622573,-1.6282595081435871,,0.09788053228256542,0.3684210526315789,False,5
-0.8159106852023561,0.5763747356683705,-0.045628038045028504,-0.5775850820573194,-0.81610491377986427,0.01918965057526531,-0.026176836276795387,0.042011115048010805,0.99877416839591981,-8.3510284544021882,-13.235453841071099,0.14273499470143344,,0.3606592012475751,0.5,False,5
0.10057385014862673,0.99024360024424507,-0.096449535206748274,-0.98104072572718459,0.11484411859838776,0.15610868934187785,0.1656622924233547,0.078920470086509417,0.98301961540467919,10.53259956152335,8.8290854409911859,-0.46587888713276587,0.3071399690311738,0.2925014054615044,0.8363636363636363,True,5
-0.67432321228668801,-0.71966317335798924,-0.16544824654154822,0.71155435622030649,-0.69315916515345566,0.11498160682331401,-0.19742999649310927,-0.040190654088667815,0.97949278088644298,-8.1372104857670831,-10.359400096501007,-0.33759623512175996,,0.08629120528271976,0.25,False,4
-0.97553729949458767,0.18585030047269033,-0.11741653677832931,-0.196993472003585,-0.97610913510397745,0.091676214769901149,-0.097573302100414372,0.11256385823511501,0.9888421656343569,-2.2139019015841774,8.9238356161872243,-2.0836229616251334,,0.06340113813076757,0.2448979591836735,False,5
-0.02576386884095265,0.98580031106577992,0.1659336306025945,-0.98846730100117886,-0.049899978167812817,0.14297687585864008,0.14922673324103614,-0.16033633051016194,0.97571698929799566,2.6481980048344345,-11.041339471245715,1.2039219895356341,,0.5113000842884308,0.1764705882352941,False,1
-0.097298154688734415,-0.98208121621285038,-0.16139874180444172,0.98149589414685656,-0.12155530549289655,0.14795309215894226,-0.16492082605611391,-0.1440166395539707,0.97573578834874752,-2.5857192009209156,5.3870946071961274,-1.7739864631569613,,0.07171702078941225,0.310077519379845,False,3
-0.52360860454203684,0.85192149936377226,0.0079867497346526872,-0.84999652034006179,-0.52301548030554335,0.062934273417191128,0.057792254319492517,0.026164217598560802,0.99798571585876272,-3.6083013104838124,-12.728665300243035,0.58120684102405629,,0.3188093883228521,0.4375,False,4
-0.91681109021453755,-0.32253772919585455,-0.2354290511062968,0.33914381928293852,-0.94016708262139093,-0.032669964759129616,-0.21080534789661134,-0.1097964935704358,0.97134228534426736,6.8725474524896812,-15.982864793800653,2.7323928352140041,,0.3212372400577227,0.4,False,5
-0.52587734071859915,-0.83322656658597483,-0.17084060188983996,0.82764604405619158,-0.54758987888569932,0.12307457211009151,-0.19609958765094687,-0.076673419626970385,0.97758178095023607,4.923577779431513,-15.715070443700878,2.3964766540595144,0.5052193126181774,0.4657702638258595,0.8923076923076924,True,5
-0.3591698792900056,-0.91381612132932888,-0.18957081581673688,0.91404141438141973,-0.38545816963363833,0.12629446645953385,-0.18848153916608326,-0.12791440834130335,0.97371074428306359,3.5430142422967874,6.393438720985599,-1.1038254779853793,0.2871609075238155,0.1615032239253597,0.6434782608695652,True,5
0.88521374528333419,-0.39687554146643039,-0.24266526275340911,0.46104631732650031,0.81793415618673238,0.34412208505524816,0.06191056808918266,-0.41650152548199276,0.90702456462327907,-5.4169284682182894,-12.578754043189644,0.3112835568962169,,0.3312493423751718,0.3,False,5
-0.93226456162975957,0.35237707429821907,-0.081934026132602755,-0.35551674047840831,-0.93427798439439991,0.027064646968765538,-0.067012195672718475,0.054360329146936101,0.99627020443560221,5.6297657990224623,2.6714942146788387,-0.54249581695729099,,0.08843852455610703,0.3478260869565217,False,5
0.58953984491490685,0.80773916414091629,-0.00046256960763063626,-0.78716005822922297,0.57464814983298584,0.22396103817872659,0.18116791654781045,-0.13166983939559029,0.9745979886123638,-6.6443056789384949,9.6514081422138513,-2.6947899082519857,,0.1603478675740194,0.3,False,5
0.36553414839356857,0.92514969435747674,0.10238568937333839,-0.91328446042885791,0.33524247427299569,0.23135249681489745,0.17971165988147736,-0.17807449697692546,0.96746741176592421,13.462470708092024,-10.005432288763572,2.619114271269996,,0.2725016661052613,0.3157894736842105,False,4
0.0031191352424949732,-0.97752546945936969,-0.21079427780084725,0.98813539608282697,-0.029355648582311406,0.15075372268885778,-0.1535536062864569,-0.2087635084361095,0.96583595270722489,10.77663515625745,-9.745367213850713,2.1705133543906232,0.6085402505986907,0.5558165185703313,0.375,True,5
-0.39497412556834244,-0.88784902490802375,-0.23604988689129752,0.89622229636353057,-0.42885724039907946,0.11343307656131914,-0.20194314950600106,-0.16675004146073635,0.96509760544746925,-21.003720368135635,6.5398867371582927,-3.9584519851893765,1.057334648034666,0.8823993588828629,0.9178082191780822,True,4
0.14325341081276322,0.98961369811061561,0.011966152361596621,-0.97461822143583643,0.13896029783976385,0.1755259469979609,0.17204006142685657,-0.03680712072568762,0.9844020789942125,-9.076096718470545,-11.33752206132913,-0.25756829162608846,,0.09033657004378129,0.2068965517241379,False,4
-0.14232349596712343,0.98235634556180718,-0.12132614240199494,-0.98075935380413082,-0.12341013561586092,0.15126476242992187,0.13362302354535344,0.14052027882739124,0.98101933661721041,-5.076268816608537,-5.158883151852578,-0.76265980817055745,,0.08159604860740369,0.2191780821917808,False,4
0.59148700695778411,-0.73289730143299159,-0.33616166669083791,0.80510360439517303,0.51398271017365194,0.29602357985885158,-0.044173598336837344,-0.44573907075192276,0.89407235390386008,6.9058073855692497,1.3957541161986398,-0.19665803119174921,,0.1626176131800089,0.3636363636363636,False,3
0.32801066177637217,0.94375799681720929,0.041591455908562142,-0.91940806001910114,0.30881382232290167,0.24356280979293843,0.2170203329942571,-0.11813071821455559,0.96899293520704988,-18.622884984200098,-10.8864404926116,-1.3316823776812825,,0.4494416056608185,0.6153846153846154,False,3
0.4163971487034997,-0.83789981560392712,-0.35289844652888691,0.9055506283328445,0.34755631507261842,0.24327488028798744,-0.081187893663940719,-0.42086637649502112,0.90348216311024354,14.700011746598003,-3.6681692767788778,1.6275799638214554,,0.3565471995773913,0.1515151515151515,False,4
0.50125849096429653,0.86528863725202665,0.003936937734681345,-0.83850520732188882,0.48460947234971513,0.24912381781557258,0.21365613150638135,-0.1281765717729306,0.96846364098930759,-15.175907003347261,9.5492167460069162,-3.6831127341016434,,0.3525636910485226,0.1111111111111111,False,2
-0.26170038554272823,-0.94586350211073766,-0.19197693502501934,0.94910203000280402,-0.28832772112536209,0.12677721354886412,-0.17526621137956483,-0.14902805308219153,0.97317644574002482,-10.088601235913039,10.710221564199834,-3.1776040578515947,0.3311351181687803,0.1055462046316416,0.1818181818181818,True,5
0.96202689161972532,0.26267019604822223,-0.074220131423202398,-0.22588683137990009,0.9187849737827275,0.32374266224923287,0.15322989006599702,-0.29468379673653716,0.94322959067837842,-3.7314763303908713,11.297871625002829,-2.551225497610135,0.726170476775726,0.2147429919902513,0.6,True,5
0.99172770069676919,0.023979932210931258,-0.12609968486027204,0.012045000774680624,0.96067395993553739,0.27741748441313596,0.12779313607169485,-0.27664147475194983,0.95243813910407249,-0.55341155491841554,11.391880906212991,-2.1805533462838884,,0.0769100125844246,0.3333333333333333,False,5
0.64095131625711532,-0.73396389111958504,-0.224674023244499,0.76673436235088466,0.59845502041285004,0.23231445528214262,-0.036053124395184558,-0.32116754984782264,0.94633586910044387,-4.5860498084007615,-10.124083016259975,0.028685762421986782,,0.2967616084750984,0.5510204081632653,False,5
-0.81721157360781183,-0.54052792603264987,-0.19998701242902428,0.54092935899023908,-0.83909902964607574,0.057517362851781634,-0.19889864892415282,-0.061174991833729084,0.97810886297502164,-1.3873677729486871,-2.5863341249157954,-0.72827708541509151,0.7627088939130493,0.3719483478717601,0.4851258581235698,True,5
0.75571353246325734,0.64676746305054411,-0.10290240809168529,-0.62331582422937759,0.75853921234061816,0.18998854335702958,0.20093391977751424,-0.079436213913032988,0.9763787419859189,1.9008560714216325,11.572621973792529,-1.9367420974752008,,0.06990890420999966,0.36,False,5
-0.99168254816593138,0.0040349378257928028,-0.12864463820877944,-0.018288125050499527,-0.99378460525427892,0.10980757187796719,-0.12740199427506252,0.1112469219184946,0.98559264111416611,-14.42734733878838,-6.0351926407817347,-1.6445632624628739,,0.06007471406423933,0.4,False,1
0.39593708878504108,-0.90599058906469465,-0.14971597860827696,0.91397587693278604,0.37304635024210181,0.15963870757429621,-0.088780167320020822,-0.20004367797372349,0.97575642902999837,-7.0459661581843909,-5.1741572248253869,-0.94942414666830199,,0.069319354723076,0.2615384615384616,False,3
0.80811122308610905,-0.57111730973304986,-0.14415710057280329,0.58877525716520807,0.79039338841642404,0.16918034193619436,0.017318997439708411,-0.22159266700612706,0.97498550874194845,0.32756273773937883,7.9302474389778208,-1.6659208828403702,,0.1045124996484456,0.425531914893617,True,4
0.53174843494062685,-0.81316476157349415,-0.23665728907708933,0.84473213305839645,0.48926499749537256,0.21690409310214792,-0.060590637204159303,-0.31525042864519026,0.94707230026129396,-9.280582071187446,10.391695535425754,-3.0758958033148889,,0.06560303543037271,0.2631578947368421,False,1
-0.14002441288448458,-0.89325150078170268,-0.42719424170696801,0.97561650025656876,-0.19811322600971037,0.094464777071405506,-0.16901363324738128,-0.40355037607622346,0.89921159119823324,-14.982164170821319,14.892231063534201,-4.3564452028343901,,0.5944595351335596,0.2291666666666667,False,1
0.038391656411413427,0.99926184814113928,-0.0013563065817858433,-0.98426236421539215,0.038049604443743411,0.17256832267482508,0.17249254797560348,-0.0052902222288364054,0.98499661646203374,-7.4016937019300144,10.915495796437762,-2.9206984601312942,,0.588688933401346,0.6716417910447762,False,2
0.97865522167360752,-0.15793665949509028,-0.13149132548770964,0.17846560214951088,0.97040019426111912,0.16270676638479353,0.10190184463686308,-0.18270050510470731,0.97787347826500048,2.7607107487834965,-6.3430721671876045,0.35741057275684157,,0.06762508043969097,0.3243243243243243,False,5
-0.82945328263152351,0.5583279771013,-0.016646979238277557,-0.55834399709719873,-0.82788130351375555,0.053521287333990489,0.01610070921769266,0.05368814839733739,0.99842793925468243,8.0631124847373812,-5.5642286177923719,0.97100553029449943,0.1595268605749167,0.1777100409593631,0.3333333333333333,True,7
0.92153257105398967,-0.35000950347396276,-0.16814002487371585,0.38350434339395395,0.88824783195988144,0.25286401012509185,0.060845205929440163,-0.29750485121503545,0.95277947313054745,1.6088315755045868,10.519781334619463,-1.8337116494030032,,0.0837718993391865,0.2580645161290323,False,5
-0.99184019753366504,-0.015547745503637148,-0.12653572683686362,0.0028974345960610538,-0.9950283239630735,0.099550185253455617,-0.1274544131410944,0.098371246413725508,0.98695413796683995,3.8362185515665708,1.993579186789135,-0.67791282185168833,,0.1021883690780316,0.3246753246753247,False,6
-0.51056736610352749,-0.8346927583951409,-0.20641938802549348,0.83400518703636717,-0.53914908084709279,0.11727581429336073,-0.20918009624852554,-0.11227763670672644,0.97141001622847778,-11.344413717493785,-11.209677242854234,-0.58159927542758616,0.134597336747517,0.1599136187214967,0.4230769230769231,True,5
0.92275996031727658,0.37442599359278828,-0.091209818316401042,-0.35079846356689864,0.91408702773383355,0.2034338803833543,0.15954464451795589,-0.15572437526212421,0.97483097271006891,-22.657677272739221,7.9683804358085242,-4.3343902694838539,,0.07677782288588045,0.2352941176470588,False,2
0.80099923041714394,0.59858716117928856,-0.009676949026639653,-0.56710331130489999,0.7638500046014628,0.30810226350574604,0.19181779682334438,-0.24130184612154637,0.95130402704927752,-13.702943439545599,13.916916827689658,-4.1060853398616395,,0.1233750482756561,0.125,False,2
0.98179865031894786,-0.1171634600963473,-0.1494795432497166,0.15863325729644837,0.93866005269887576,0.30619078226958873,0.10443610444387054,-0.32433012361727298,0.94016119415927468,-5.2073655910708379,14.904116945240649,-3.1451441867316681,,0.3214179216362165,0.2777777777777778,False,1
0.73393646940274693,-0.65259005491488498,-0.18831749548786184,0.67911333286302888,0.70018435502284881,0.2203337244021194,-0.011930633189493473,-0.28959987777522922,0.95707344064302258,-1.5849633100492626,13.070051100205811,-2.5153016548425473,0.6875990742635029,0.9076819943236394,0.8594249201277955,True,5
-0.18781266332986551,-0.93705594500995648,-0.29436806792592274,0.96542170586935849,-0.23128442140908276,0.12028485461505026,-0.18079638638324774,-0.26159830338701329,0.94809229209808255,-5.0319713641624721,-18.048663838483932,1.4100397233527457,,0.25828075489285,0.45,False,5
0.05551136448788329,-0.96738988260142356,-0.24713418106991331,0.98235171830569767,0.0086379578950941602,0.18684348322926683,-0.1786157606554811,-0.25314462412582633,0.95079661827420126,16.750051493769714,-2.3784807593331796,1.733577569844323,0.5173016258361177,0.4875388297840354,0.5689655172413793,True,4
0.38693438460876739,0.92007545957702841,0.061179495679146434,-0.90894694831410905,0.36940233513097942,0.19328052139377258,0.1552328159826506,-0.13039579549931746,0.97923424641818846,-3.8099101299673404,-1.9384052374392648,-1.0789875496323222,,0.2987150028105222,0.2896174863387978,False,5
-0.66354784030396297,0.74644829445647243,0.050191705798570241,-0.74759891154221692,-0.66411607425663732,-0.0067607229528793,0.028286588497721088,-0.042009327737734803,0.99871671924234062,-20.204111501922636,12.676458862400755,-4.7428219240748399,,0.4085432759667448,0.125,False,1
0.16358099966653614,-0.94396855516611711,-0.2866437220761881,0.95906370550073006,0.084081548439449233,0.27042023223722439,-0.23116674791004532,-0.31914520217233222,0.91908012414102158,1.8404829140693748,-8.1886451609685214,0.58417768005250248,,0.2656202102884605,0.1578947368421053,False,2
0.10281141484013856,-0.96583965536106453,-0.23787301887895823,0.98471571112132972,0.065027050767230823,0.16157490813653733,-0.14058727271479238,-0.25084904385015361,0.95776300615031096,0.92813124495541699,-3.8132978389011667,-0.24305966146354077,,0.08623626825804818,0.2777777777777778,False,5
0.88979321934820388,-0.39437336225088981,-0.22964685486391428,0.45217527642237032,0.8298915347640532,0.32682955790337775,0.061689109203424686,-0.39465135458261502,0.91675774451694425,-6.2143503008011454,11.789424707507356,-2.8965462961606279,,0.4767301236185224,0.5565217391304348,False,4
-0.33587968310296223,-0.86070016671384941,-0.38259647345134584,0.91928441292866314,-0.38803713680701568,0.065904086406059437,-0.2051852982673408,-0.32957913082803969,0.92156203800806435,5.9600101916389558,0.93602730833544567,-0.29195711089672899,,0.100190023333335,0.2,False,3
-0.3797777879054503,-0.8963308800369838,-0.22882260663179566,0.90336723725297419,-0.41261456577641153,0.11694808577771795,-0.19923972111898755,-0.16229656065755071,0.96641779781167014,-2.0296011472335378,-19.408373160345928,2.1243850391966204,,0.1992334424844243,0.3888888888888889,False,5
0.83003458385731899,-0.49675849434967112,-0.25352236172033243,0.55518756448850859,0.7791737278837978,0.29095544334654316,0.053003375723866236,-0.38225554288605573,0.9225352795935563,6.4171324813083741,14.474443696181357,-1.6236136276412867,,0.450488718762762,0.5652173913043478,False,3
0.91836068685507577,-0.36186938252009482,-0.1602004957345563,0.39117573538622086,0.89138921800625848,0.22892532858388409,0.059959927319181178,-0.27290256872502205,0.96017133632449247,5.8049198558020576,-8.9805472747071331,1.2836527843974554,,0.0687282152364222,0.4,False,5
0.88384437930899706,0.46505854295614946,-0.050395086937100389,-0.42915353815106033,0.84900860073424889,0.30823957658240447,0.18613531061118177,-0.25080858737845629,0.94997299890097031,0.31095155253586265,11.617685690852449,-2.092239273193091,,0.272873546747916,0.3076923076923077,False,5
-0.96807801636163882,-0.20276718351696094,-0.14734457413122851,0.19488273816129903,-0.97858573298558127,0.066262218222957261,-0.15762510144031183,0.035432082717098246,0.98686315916152212,3.350625669431551,4.6876493234646963,-0.98938340715852202,0.3558903553320792,0.1789060665731645,0.3934426229508197,True,5
0.99115355181825204,0.057776702539549939,-0.11948426407573701,-0.034029590469780699,0.98080755319392565,0.19198575616488858,0.1282833726190698,-0.18622136354726168,0.97409700752444328,6.1109548887281937,10.056993816817123,-1.2265682939010545,,0.08764595585901439,0.2631578947368421,False,5
0.50080905754205518,-0.80786833121617141,-0.31070733383980015,0.86369872115986512,0.44291159826277371,0.24052824198236866,-0.056699267637704553,-0.38881624907186402,0.91956898463738657,-11.474271540419029,9.1948476201587628,-3.1918986817034933,0.5888454180094271,0.4423893635071893,0.1833333333333333,True,5
-0.66717766342010154,-0.72845782400401637,-0.15563792622823902,0.71797444990167936,-0.6845362484774653,0.12618563233894195,-0.19846071329528775,-0.027555819126474729,0.97972140025141552,-18.427105598998004,11.914017396764867,-4.4169882398243505,,0.09263589287738537,0.1111111111111111,False,1
0.4374349709226763,-0.85904360487321507,-0.26588480802841763,0.8944436413061736,0.38511396418909322,0.22728353902892803,-0.092850518258272452,-0.33724074414725297,0.93682840571055304,2.8478900655026771,-9.3442870378395106,0.94303134172454595,0.4125651417633274,0.275256777065864,0.4333333333333333,True,5
0.93549327107153468,0.33346869654939471,-0.11683735790203834,-0.30981913799976507,0.9331070641810395,0.18254672964620569,0.16989538401311527,-0.13457278772876041,0.9762303638455152,5.9114205623845253,-0.13854567415563906,-0.13359045743342615,,0.07107990628582256,0.2926829268292683,False,3
-0.95776156713946958,-0.24848540075720729,-0.14473350034140836,0.23941174058054523,-0.96783325245998353,0.077335722049534206,-0.15929469226166995,0.039418283108972843,0.98644381490990152,-16.813777932011817,-1.6815131773765715,-2.4041809479319403,,0.6104966732208501,0.8585858585858586,False,2
0.19560548023929297,0.97877108965297643,-0.061201716968413311,-0.96459541821588812,0.20327912247683488,0.16802760940382591,0.176901597667382,0.026167774543781358,0.9838806189361361,-3.2454623526934769,7.8486972195987823,-2.0675821291477341,,0.1069897499890232,0.3626373626373626,False,5
-0.26420958123344951,-0.94959166010108853,-0.16872752072766864,0.94672111920272595,-0.28875260004427233,0.14262208252305161,-0.18415325041927705,-0.12205578656554156,0.97528968277424288,7.0123385095669128,-4.3083671883594379,0.64756488657968392,0.2443631494943197,0.2171980395108875,0.8125,True,3
-0.76356750319019573,0.64508971484213429,-0.02870414389569359,-0.64572788738495057,-0.76284040863794633,0.033316758582730921,-0.00040438256539515605,0.043974660362366302,0.99903256489503645,0.10975809588976213,10.544808227063221,-2.0209413146224811,,0.07579479978959472,0.2608695652173913,False,5
-0.80508204423228069,0.58304269877887327,-0.10910597350933765,-0.59261307562196608,-0.79853321454138981,0.10561461961333096,-0.025546910902218514,0.14968606038921256,0.98840347969263576,7.7838246264756519,12.900612940897988,-1.26587719923719,0.38110241308718,0.3074165052622965,0.2,True,5
0.974654200289513,0.18716175626856543,-0.12255475041170354,-0.15631637841967749,0.96163767018489732,0.22542888261959229,0.16004493024074543,-0.20055789256927234,0.9665206423209004,-18.0282916795639,9.128520613230295,-3.9704685233650823,,0.08635059618910237,0.3448275862068966,False,2
-0.97713593121822107,0.18445740982658856,-0.10573947173295903,-0.1801317272873999,-0.98241237854139796,-0.049178036897484623,-0.11295101923735364,-0.029006593193592594,0.99317706618937973,-8.2168427778844517,-8.0314608274558914,-0.71206410988502111,,0.4025878060300689,0.2222222222222222,False,3
0.53340634761591421,0.84499313208640237,-0.038265847042276549,-0.82714378999810378,0.53053399574882365,0.18538292807688764,0.17694863376308981,-0.067233072825799961,0.98192102275477167,0.66040798086720864,-11.407313687623802,0.96448326335964085,,0.1827208807043112,0.25,False,7
0.56043682146454421,-0.81523130371453412,-0.14597428057921502,0.82611500792229509,0.53778555479811707,0.16828752400587388,-0.058690398126650375,-0.21490606900313969,0.97486964188723835,-5.9080130002187614,-2.4439298991367226,-1.2400689980457249,,0.1382187777466586,0.5378787878787878,True,7
-0.059517285623593805,0.99804686240272222,-0.018977701654389001,-0.99027352499116994,-0.056637233398094067,0.12708489089807082,0.12576183210165273,0.026356863263546276,0.9917102789350043,2.3916110350560444,-0.1436230201908297,-0.59274739397566356,,0.1964303399474948,0.1418439716312057,False,3
0.99298621474935111,0.017254204669294167,-0.11696439517642723,0.0085615302723212744,0.97620278972244012,0.21669059402180574,0.11791979272858924,-0.21617216693958777,0.96920819059864083,-1.0140943642552001,9.6056271833457423,-2.0139405829162165,,0.08575524503510763,0.2941176470588235,False,5
-0.61674473287733156,-0.7663130832564411,-0.17997275598844398,0.76173073581349859,-0.63865772340346871,0.10900733211176548,-0.19847473538235344,-0.069861081920519263,0.97761301579295667,-2.4378674215539329,-3.8153605182279398,-0.66082617120183196,,0.07563371718895277,0.2681159420289855,False,5
0.062986298225016085,-0.98473181418372335,-0.16228364172134682,0.98735862539871655,0.037786305824439995,0.15393225764243992,-0.14544989201324948,-0.1699277765010036,0.97466346996630515,4.7431933639471788,-11.021680514679039,1.4941116504194283,,0.07548086483644736,0.3636363636363636,False,5
0.9916913653214513,0.010859645054294377,-0.12818074760341999,0.020560112529208367,0.9702410072465677,0.24126680175679641,0.12698628949482382,-0.24189761463574161,0.96195635364286458,-8.6142553073388779,-6.1726533266162642,-0.99637437598526246,,0.07245302907195812,0.1355932203389831,False,3
-0.6909196343399765,-0.70812409474168581,-0.14556897104047289,0.69526774868188712,-0.70604004314886137,0.13457419928491218,-0.19807275563876639,-0.0082294542117217068,0.98015277358024311,-18.562008017088093,7.3570143849010643,-3.7711800162004026,,0.0684350475771327,0.2,False,1
-0.5261712998165109,0.84747514501249543,-0.070211408157471678,-0.84817931713599615,-0.51708440822015012,0.1149589524932027,0.061119630497251803,0.12003996568505389,0.99088586497447428,17.969710173487982,-7.7657887811389825,2.8563859650926058,1.013638694466677,0.9322755672982378,0.9476744186046512,True,5
0.75859194511624872,-0.57302746642701841,-0.31012543192227648,0.6515652711015012,0.66643683976501555,0.36238741161696852,-0.00097892756287411287,-0.47697113259006713,0.87891841508559554,3.7962209669677573,-12.333526493177985,1.6286647975275699,,0.3920585395203153,0.3076923076923077,False,1
-0.091666013145084282,-0.96482643361993514,-0.24638850424141595,0.98378562757294774,-0.12604846043579984,0.12758379443591547,-0.15415310900201323,-0.23069837149403888,0.96073673832898232,6.6536052977677116,5.9337049248466958,-0.660483536766302,,0.1443199021610466,0.2916666666666667,True,5
0.95151235772132625,0.29524238434719641,-0.086349102998147215,-0.25882388382930033,0.9201120267569185,0.29394566738904615,0.16623606787673709,-0.25734372481616341,0.95191374453498823,6.2203904270642303,18.898688814663231,-2.159652930150167,0.3966945557964247,0.3092236688776784,0.8275862068965517,True,5
0.58285843235604262,0.80873628418895982,-0.078877566314451628,-0.78692249626519239,0.58599081048291879,0.19330741036321053,0.20255624577685899,-0.050600322783615606,0.97796246074733295,5.2227735054331799,-13.485942131652743,2.0307596909873227,0.221755405322724,0.1643185259658112,0.5714285714285714,True,5
-0.97655346042715463,0.20025300006035707,-0.07900680283731501,-0.20160310783350141,-0.97942202624118591,0.0094170815798683416,-0.075495204083579251,0.025124300595936677,0.99682959610955668,-10.133989674646536,9.3090643672029874,-3.0424870413388687,0.2708951151484224,0.1926371822415151,0.3055555555555556,True,4
0.59093750877386486,0.80451877612910183,-0.059518060955234875,-0.77279158804412706,0.58571394773994911,0.24440199031742976,0.23148654857761272,-0.098431246454653024,0.96784568374767677,4.3407577688444636,13.218151104210918,-1.7907226834168959,,0.1614479157684449,0.3461538461538461,False,5
0.36522203861443248,-0.89840213540102631,-0.24389847399521078,0.92495558489944163,0.32059457587840412,0.20414770113982783,-0.10521420281334737,-0.30015449525905952,0.94807027719580439,-13.142803555643347,-9.0310673402598631,-1.0511649440360622,,0.4204983973265373,0.8108108108108109,False,6
-0.31809333971534703,0.94792088603902225,-0.016205586682740011,-0.93498730294450227,-0.31083278471850484,0.17082658831898712,0.15689286332176436,0.069490817775693714,0.98516783122651908,1.4292034928310378,-9.6223651455307255,0.82160974021725819,0.07598740175248603,0.1501376365172479,0.1111111111111111,True,5
-0.44574952610615193,-0.87365265618206822,-0.19503434651916424,0.87702903230842799,-0.4698569694833083,0.10027215324357709,-0.17924128002299849,-0.12635451940464135,0.97565726510990458,11.888020748194494,-12.931684091251482,2.8973977928987931,0.8754832320991865,0.7147048840189492,0.3478260869565217,True,5
0.67618323678630976,-0.69035187244607155,-0.25727518827005669,0.73560371774327693,0.61331002922322064,0.28764210139769586,-0.040784810057904006,-0.3837513521336649,0.92253536463602581,2.4911991317381683,16.545761330291057,-2.350351503076284,,0.1396995792075602,0.1666666666666667,False,4
0.45382958102095039,-0.87888554572496458,-0.14696567254321785,0.88504721551634191,0.42540754655064672,0.18899694612487733,-0.10358637795153851,-0.2158439641349536,0.97091773361567069,-5.8442908441626029,-14.657774646141618,0.66107417212084552,,0.1111954813310344,0.25,False,5
0.56875950561369781,-0.78400258048335314,-0.24870178642202304,0.82143962860433173,0.52605761747739987,0.22022788118759967,-0.041827757917916833,-0.32955020389835171,0.94321105897784874,9.197529692993669,5.0308601445186021,-0.24775170485943857,,0.1149801360857047,0.2857142857142857,False,7
-0.93492555293274515,0.3496050536470483,-0.060749625001692911,-0.344778477540996,-0.93548117059841984,-0.077477615350009021,-0.083916696180883876,-0.05149063915174746,0.99514154881696648,10.343156740889995,-0.97227646626074971,0.58285600477679422,0.3551092919540873,0.3453018228705981,0.25,True,4
0.28719201236113179,-0.91387221958452847,-0.28698138320736377,0.9514673558698129,0.23757631405863874,0.19562046342961892,-0.11059212788472472,-0.32923405241554121,0.93774960409480834,3.4335085052311793,-8.06635368061729,0.77650763150587054,,0.0963399974691484,0.5789473684210527,False,4
-0.11113226327632014,0.99284077360110157,-0.043781483920139669,-0.98800769614924111,-0.10562487550088875,0.11262405615715987,0.10719334125285955,0.055772609322036759,0.99267265684134753,31.816506168414108,-2.4254586674987983,4.1046606743946326,0.5581000010595122,0.5302531659946645,0.2,True,4
0.73727775914294191,-0.63416532622268473,-0.23292884082920778,0.67557271530278939,0.68960529272751359,0.26085637155457198,-0.0047971044994647716,-0.34968397054923245,0.93685543630239176,-11.052412981589008,13.028778301560093,-3.6402469899609944,,0.4316940623262202,0.1333333333333333,False,3
-0.91038817252496607,0.40149278753260559,-0.099984583241374936,-0.40990127181197217,-0.90808428909093331,0.085813001772125752,-0.056341127904765947,0.11910694969443678,0.99128160067707605,-10.445623063536869,3.8086988285025876,-2.4319532841754827,,0.06564096984372393,0.1595744680851064,False,2
-0.95907772086276055,-0.23719672010569717,-0.15462096014380661,0.24657849814658936,-0.96810794678697332,-0.044340135539748277,-0.13917244553598071,-0.080651840270451136,0.98697837416253664,10.606558978246346,0.77077645778464476,0.38950458581829028,,0.245914690876244,0.3043478260869565,False,4
-0.32702593851649209,0.94428778849229278,0.037075706894713706,-0.94225697495966587,-0.32881575643874744,0.063497964199445783,0.072151428795744044,-0.014169362086893844,0.99729303642449219,-13.443045161964447,12.049498873939941,-3.8224298379452,,0.3264943135515897,0.2647058823529412,False,2
0.55273780243929072,-0.81542662031043223,-0.1719312323101635,0.83189163281601897,0.52767445200194352,0.17180216516431879,-0.049368340110670692,-0.23798970480580961,0.97001219961460372,4.0693966993804951,-9.212983345521284,1.0395971834466167,,0.06631376648854592,0.4,False,2
0.66543880590960436,-0.71664137197489675,-0.20884525267177356,0.74593524415739354,0.62800761239655967,0.22178153731954756,-0.027781416692625613,-0.30336707590954803,0.95246869247269272,-3.0432694859478562,-10.874677692441981,0.35422982479056497,,0.7043013124221331,0.4761904761904762,False,1
0.31958076620542364,-0.89790034809336405,-0.30272611179970876,0.94238123955598818,0.26782479264255959,0.20046815153257858,-0.098922864922490236,-0.3493491739503406,0.93175609547549565,1.2368470465806363,22.962434003685349,-3.3403147843613028,,0.2443775603002176,0.1666666666666667,False,3
-0.7997195701244495,-0.57145909129146022,-0.18407367041568873,0.56855678052066339,-0.81934944619293937,0.073550474827161705,-0.19285174742258149,-0.045836579318938836,0.98015672803505993,8.3677999679805755,7.4132400423059313,-0.64992923042237016,0.5305135542775821,0.5897760702120618,0.8970588235294118,True,4
-0.0023187161368855101,-0.97917178043920039,-0.20302031412398869,0.99313681169035495,-0.025995248334955388,0.11403297913112886,-0.11693543868730735,-0.20136253736862397,0.9725118157243523,11.994926182590618,-6.3264240695701188,1.7362688830446762,0.7547211913192396,0.597199498931489,0.2083333333333333,True,4
0.49522763915013102,0.85913002731680765,0.12901620667345795,-0.84648219208792408,0.44375875357838851,0.29418712939314229,0.19549292544695812,-0.25489951899753738,0.9469998686985196,13.144766401614859,7.5149931953589153,0.056292520081034227,,0.258327736733736,0.25,False,2
-0.028824047074249889,0.99646054077181623,0.078965593741838841,-0.99081660528449589,-0.038922316767391024,0.12948941250143264,0.13210461385874733,-0.074508012604005136,0.98843154899822594,-4.3524347918270632,-15.244240478908882,0.92801947111338534,,0.676476352494989,0.3703703703703703,False,2
0.98525019403042402,-0.073625368760405333,-0.15447122786430348,0.13189913535859943,0.90184420474406179,0.4114360806506937,0.10901684848987836,-0.42574209968529603,0.89825330018925609,-14.584080907409701,-1.3041268142062774,-2.2303737302468827,,0.435724191172911,0.375,False,1
-0.59180490843130684,-0.74301646062311111,-0.31255957768034953,0.77731290232229455,-0.62870183574387462,0.02277396793652961,-0.21342821331751027,-0.22947884646604755,0.94962511381318704,-10.588094155452859,-9.8507630178008121,-0.70785631045396757,,0.4229911224591469,0.4444444444444444,False,4
-0.063975024549019988,-0.98177786756137442,-0.17893969654772776,0.98500155386736354,-0.090913883105350382,0.14665130322498507,-0.16024710641016932,-0.16687385842410207,0.97286894300405191,7.9860989260257282,1.7424007120836555,-0.043067921712230069,,0.07890537543646751,0.25,False,3
0.48880625678498424,-0.84660876373736516,-0.21052801355388143,0.86957422138840579,0.45344568510777128,0.19551901225684676,-0.070065089913601858,-0.27864064997813071,0.95783624454035177,-15.60628803162022,15.840633438084096,-4.5621220039803321,,0.308162157839815,0.3333333333333333,False,1
0.99151522593919206,0.055524111558825168,-0.11753565317109126,0.0014301396380929721,0.89947158846925057,0.43697690583967658,0.12998273512804484,-0.43343734792032529,0.89176036803416314,-13.865712170723182,-2.0352427052005817,-2.0676468994642487,,0.3179330174532478,0.25,False,1
0.96882147601351332,-0.1684972645034124,-0.18164145856566588,0.23035552995211087,0.88252297943514846,0.40998722003178212,0.091221036145603673,-0.43904653810703709,0.89382149221236928,15.007114090066755,-6.4255978234164601,2.1489918024047281,,0.1716069814112979,0.1764705882352941,False,3
-0.83275276233428253,-0.47763465895445356,-0.27997851594378376,0.52032106308064818,-0.84797819107681005,-0.10098999342867687,-0.18917935442126099,-0.22977841505146362,0.95467955452978626,0.17501090592212315,1.0190899362842876,-0.93909055003930952,,0.1576108365517313,0.2,False,3
-0.85157956912925092,-0.46946102198849643,-0.23327791638977957,0.49779471953999416,-0.86368252704703719,-0.079075341742821825,-0.16435526958311736,-0.18346346041422484,0.96918961202290044,15.616069098583965,5.8995014163885351,0.61042645117734451,,0.3232166627930975,0.44,False,3
0.69184827306148289,-0.63466319224177936,-0.34430887219953954,0.7217495808787312,0.59428450241927888,0.35482879348447349,-0.020579347978508689,-0.49399247220756848,0.8692225997056422,-2.9620948905361577,15.941312082584014,-3.012827383797029,,0.2041758972900724,0.1666666666666667,False,1
0.49539749026995283,-0.84062585164621151,-0.21892807992195823,0.86657504441452393,0.46077392879298279,0.19166397403436744,-0.060241339893792586,-0.28466746229374817,0.95673163263218153,15.210006762676496,-0.3315358418103016,1.2614064374584255,0.195056671640624,0.1546233238268763,0.1428571428571428,True,4
-0.81320120016860098,-0.54596098153129224,-0.20156987545199787,0.54952874213523473,-0.83437039784182032,0.042944158770995944,-0.19162977224745825,-0.075846198656687361,0.97853226034593088,-18.88791640182934,-12.208567325737423,-1.1603360238020894,,0.5519675236718353,0.4375,False,1
-0.97658912919326979,0.17389270416193683,-0.12662938119086395,-0.189396463070334,-0.97418233169457369,0.12287296037197298,-0.10199339448209185,0.14397955428939888,0.98431053810707914,-11.679428190053823,-12.824924784037909,-0.35159397183403612,,0.08641210497047017,0.2608695652173913,False,4
0.90222874931605723,0.43070232882978127,-0.021881221359568576,-0.39233156181359702,0.84080012383852831,0.37300281146128056,0.17905091318529276,-0.3279491663256956,0.92757216150216271,-7.1538922677008525,-0.40064569310075404,-1.586655567080747,,0.754728091544492,0.2468224682246822,False,1
-0.86001975676517617,-0.45572788311259965,-0.22951713340680122,0.47412794864423091,-0.87996697826801162,-0.029339486571471562,-0.18859667623789172,-0.13405302574568315,0.97286231297159731,-1.0588846722965679,7.3188119991540832,-1.7838215022452009,,0.2036540365098238,0.1041666666666667,False,4
-0.74128588878495882,0.66421005225506136,-0.096541377510489648,-0.67115456825364461,-0.7320738668271497,0.11670218087512053,0.0068393421144196664,0.15130386641482152,0.98846363787818114,7.8671607748555612,8.5305012534340605,-0.81731829398667077,,0.0887516715243924,0.3846153846153846,False,4
-0.16394123713236849,-0.90967161232089844,-0.38160297234823309,0.97142007907746886,-0.21618587427616368,0.098013762954880082,-0.17165750998028947,-0.35462829201989582,0.91911504925467236,1.0974747301082106,16.233707653909391,-2.5311515704186802,,0.3156907057210168,0.5925925925925926,False,3
0.9058842261817911,0.40184779315002467,-0.13376142902747845,-0.37667254264200062,0.90882334676919929,0.17932629474464151,0.1936273853942887,-0.11206460416958949,0.97465376422485805,13.613872098273411,12.254002858815188,-0.42500587496917547,,0.1730935789796567,0.2105263157894737,False,4
