axis_00,axis_01,axis_02,axis_10,axis_11,axis_12,axis_20,axis_21,axis_22,location_x,location_y,location_z,dbh,dbh_approximation,score,reconstructed,number_clusters
0.56910443610454764,0.82226357974309483,0.0016571765738953859,-0.81178240575378846,0.5615271448779261,0.16030156354146127,0.13087958784591905,-0.092573597711856165,0.98706669607071973,-20.641645066961416,-2.5306447074054739,-3.7387842659688473,,0.2355626114913221,0.4545454545454545,False,2
0.98559819521255543,0.020030818780862655,-0.16791356077673614,0.021583042378587672,0.96993834715900351,0.24239177995993322,0.16772110742371849,-0.24252498636105285,0.95553715841673759,-6.1762529393261678,-12.762849541431398,-0.43132271922288767,,0.08918661923851434,0.4285714285714285,False,5
0.35495471388554922,0.93316797427877818,0.056609918484931715,-0.92279423320497056,0.34001526382223096,0.181219269205982,0.14985978197661765,-0.11656394017165614,0.98181204596275973,-6.8752540882933815,20.359462064865472,-4.2893453219326574,,0.54779023906869,0.4347826086956522,False,1
0.0034711207187714775,0.98881170356527881,-0.14912869010786359,-0.99537714708423886,0.017730101017167002,0.094392682875119746,0.095980656298014486,0.14811164171074648,0.98430211581929994,13.38608620890747,-26.893018854157948,4.0523607628825964,,0.1088346713951644,0.25,False,1
-0.11682650359720184,0.98412806016169485,-0.13357967382664382,-0.98910496390907321,-0.10316277794076026,0.10501814899328869,0.089570857022159833,0.1443932216204242,0.98545809607633295,0.33578606493839697,-2.7506617281033372,-0.7640575304675582,,0.1008995886311175,0.3087248322147651,False,5
-0.94924176343105549,0.28414869152446637,-0.13490587705223847,-0.28254596698181178,-0.95874329467801189,-0.031290117485620716,-0.13823115097767583,0.008415225183238631,0.9903642425312531,-10.686039174933461,-3.9867276723472145,-2.1124475455789056,0.916697335416925,0.7915790308056888,0.7699115044247787,True,2
-0.90596064543823518,0.39742621639769865,-0.14590308919603356,-0.40663203079229043,-0.9127763669958836,0.038596572225186782,-0.11783760202445535,0.094295844943485516,0.98854569604825082,-18.615404133029923,-4.6826964466824421,-3.1806710981148512,,0.09147206377217579,0.4615384615384616,False,1
0.89014097213677124,-0.35650391689788152,-0.28382037798556981,0.44177482168779131,0.82785886446876888,0.34566560060729212,0.11173207527887229,-0.43307581063475276,0.89440554872883471,-1.4422073245179146,-7.63702697244908,-0.34429917930589338,,0.2076868969644438,0.2898550724637681,False,1
-0.76369084935570786,0.64298206204686126,-0.057882246814756899,-0.64170037649060718,-0.7658590055740806,-0.040995248418495167,-0.070688849348190586,0.0058353634888829026,0.99748134574576497,-14.114872544693847,28.270492828883434,-6.0121087219702574,,0.5325671489235836,0.5423728813559322,False,1
0.51314084358304002,0.85684615813279641,-0.050011358109472256,-0.84614344085133431,0.51478464720807893,0.13797842042551139,0.14397135878761269,-0.028485580421005186,0.9891717846546817,-10.534805730809564,15.576650365520006,-4.2275552191476722,,0.3164050359572868,0.288135593220339,False,3
0.87547762135506679,0.47332761574703081,-0.097467444193970743,-0.44245004984822744,0.86619354210301247,0.23226429128976506,0.19436277394546164,-0.16021771372188229,0.96775688905528223,-16.543260620139847,-2.4819272352416792,-3.1216949748327996,,0.1372055511684781,0.3333333333333333,False,3
0.2011924293538572,-0.93620999529721505,-0.2881535199789883,0.97843355994825576,0.1780191513303557,0.10477094314075069,-0.046790759105572802,-0.30301819494084481,0.95183538408546042,10.883025087752102,5.1040009784067646,-0.3850013570588659,0.4147235556441452,0.303600979551093,0.3953488372093023,True,6
0.44738204618994942,0.886998829685128,0.11437823605960656,-0.87922573264887449,0.41279314118846255,0.23783173387042272,0.16374191825840934,-0.20696593614644682,0.9645484360466724,-16.842846978659168,22.47716132606832,-5.8391858349492569,,0.3686607658568506,0.2222222222222222,False,2
0.96368375939870821,0.21917486725175364,-0.15256470573611944,-0.18155895657065019,0.9566895872218204,0.22755522184805921,0.19583145089629839,-0.19159178287838674,0.96173937819626143,1.4921067144513687,-6.8206352036562921,-0.090472113534307591,0.4583997144776971,0.1738266209906779,0.3829787234042553,True,5
0.98567280768499965,0.019088317136286437,-0.16758506001214871,0.0022944800063615794,0.99196618944086579,0.12648246664130869,0.16865305082289891,-0.12505484858682575,0.97771030131274395,-8.06849808846804,-2.2092738495889903,-1.9025720163637525,0.2203742247485672,0.1550026654147196,0.6830357142857143,True,5
0.018192239235298977,0.99810913067819496,-0.058712909044129624,-0.99376004554941189,0.024513741028653838,0.10881198633611731,0.11004551013665634,0.056367009478937968,0.99232693500739222,4.9642984016741032,-21.651709447497318,2.2284129878377903,0.4656633536714132,0.3923176531881534,0.6521739130434783,True,5
0.7635114632975003,0.62999680753869514,-0.14196572792178891,-0.61724780619430442,0.77654684368808535,0.12641259947644301,0.18988257203237341,-0.0088894346909980937,0.98176656430601983,-13.192439002393161,-2.0694774105343807,-2.6620989753582367,0.1322582910967021,0.1243580433026333,0.5882352941176471,True,4
-0.96457146600659682,-0.17331590229371668,-0.198905718816731,0.19061439141424644,-0.97907598409740626,-0.071248657176629995,-0.18239528708730945,-0.10663871424492774,0.97742526255081397,6.9702333196639925,-1.1464824333249988,-0.018604079090060274,,0.1106702681498922,0.1739130434782609,False,6
-0.50596970721976431,0.86243338399562663,0.014258805903682142,-0.86233746519003696,-0.50614320894190123,0.013897775779497967,0.019202903571294311,-0.0052640489974594973,0.99980174948965994,-13.89555429572145,21.205790996349474,-5.2983143855041934,,0.4073790186654673,0.24,False,3
-0.98491517006258589,0.019528060923938641,-0.17193243619846352,0.0021522095912090457,-0.99215221019292366,-0.12501743799635562,-0.17302449472390691,-0.12350160584319567,0.97714373435011548,8.2050202494042157,2.6740606215272487,-0.38665793363522094,,0.1386169238796265,0.2571428571428571,False,4
-0.85265465358900638,-0.48397116387166883,-0.19685516059710823,0.48509883667144243,-0.87326041493170947,0.045775172018372542,-0.19405968250263667,-0.056463795958124563,0.97936340516325959,-4.8928942809230973,2.5797931331044417,-1.9918707723179678,,0.3959687079676442,0.2461273666092943,False,1
0.77389218739444054,-0.55946046433695262,-0.29680780167261278,0.6302883247936375,0.72615342053210918,0.27465949369782883,0.061866872546444102,-0.39963132846837568,0.91458585785475777,-3.3841669721922822,-9.2198331267895401,-0.41286877992777421,,0.4772962365180949,0.1515151515151515,False,4
-0.97945476166363932,0.12061648391710221,-0.16161693494773066,-0.12194700220248006,-0.99253515971606632,-0.0016986409952323839,-0.16061537444544938,0.018044958710891609,0.98685210693237635,-5.8945170992600442,-19.718622387245254,0.39532145704027105,0.3859414684195982,0.3756768823083491,0.5652173913043478,True,4
-0.83612797459133592,0.53833112946201034,-0.10530719423642522,-0.54039524364348179,-0.84134828902602887,-0.010297436597366108,-0.09414345836697155,0.048297532081165995,0.99438642269571265,-12.391884403272757,16.079558333114601,-4.5380430819235231,,0.06678652959843921,0.1355932203389831,False,3
-0.85591955203613368,-0.46050262952265814,-0.23524253153922881,0.4744161578066351,-0.88029589767766703,-0.0029054679250056364,-0.20574505985383323,-0.114089704770373,0.97193235855750526,-11.880100214966397,-4.3679388344648418,-2.2388145513606541,,0.1725671595741321,0.3970588235294117,False,5
-0.86521684576348246,0.47938456073155566,-0.14693621997079395,-0.49057680949827209,-0.86993224680734149,0.050520094489504015,-0.10360600267160287,0.11579433879489004,0.98785498293700369,1.1962538569480896,-3.1314510829297579,-0.58764644291176271,,0.09665241224236876,0.1428571428571428,False,4
-0.77856155618641942,0.61275395971459656,-0.13555252886856742,-0.62370250303075103,-0.77943775753029843,0.058923423604842949,-0.069549197995069173,0.13041996392509173,0.98901645186923992,3.015963979737692,-8.7872469378458522,0.40234024931982615,,0.08248870228662762,0.3793103448275862,False,5
0.53826499310243492,-0.80109940030152349,-0.26174519677918684,0.84269816548736987,0.51581149696177997,0.15426698119257215,0.011427995653531961,-0.3036087127185047,0.9527282668614151,-4.7641489850799106,-7.0327281673323334,-0.86381985297701258,,0.09890558711686884,0.3909090909090909,False,5
-0.36430103867141195,-0.89687288196401693,-0.2508062734871081,0.9163780921840754,-0.39321397013645171,0.075059748564760442,-0.16593958354776558,-0.20248903004135618,0.96512291824663798,-12.686331744237984,17.240249170810536,-4.6959881038720459,,0.1135394344218331,0.2291666666666667,False,3
-0.63930558109172775,0.76775556502881137,-0.042892497622074505,-0.76850495612365122,-0.63984190938255547,0.0015695257473546664,-0.02623940544970732,0.033966503573037196,0.99907846050081062,-10.543444161887384,-9.3639482928337081,-1.4513866294249156,0.04515943799868511,0.1195590835414227,0.3125,True,5
-0.027277843708045434,0.99247316386771034,-0.1193856701830551,-0.99485779896538062,-0.015299927158998881,0.10011928918389693,0.09753911564289941,0.12150280338883994,0.98778701635942512,-15.941806871486122,-3.244840454461591,-2.9582934029306283,,0.1047461021647902,0.2380952380952381,False,2
-0.67527371153094451,-0.70804575322846741,-0.20658321773647731,0.71462954010163049,-0.69739306280478841,0.054291218128625335,-0.18251036937488385,-0.11096903751448076,0.97692161291669388,12.410817139392575,10.039300333862725,-0.62808356101271645,0.5572800471178685,0.4661621480434732,0.6363636363636364,True,5
-0.65454570798716505,0.75131664498906559,-0.084221227240848406,-0.75519178551769683,-0.65497750933985488,0.026264602520363112,-0.035429976604186258,0.080794561830200576,0.99610087618498366,15.824117120646765,7.9955238047381822,0.04065461577122402,,0.1996143264073959,0.3,False,6
-0.97982702293199997,-0.10563440512874289,-0.169647804540205,0.093257575529189327,-0.99247424329226352,0.079359315822829166,-0.17675415055560226,0.061937459219333732,0.98230429165652244,-1.1015121293938555,-3.4426520533818605,-0.82271319905257301,,0.07502633048250226,0.4361702127659575,False,5
0.61084448413009096,-0.73801146635421377,-0.28671953497720981,0.79170092420688443,0.57340503970151047,0.2107517664335839,0.008869206154415471,-0.35573267487625293,0.93454566566197184,-1.7308408077637967,-1.0431756035871969,-1.2364281790586333,0.7082643884597264,0.4072255026523474,0.2269230769230769,True,5
-0.88202842902302392,-0.40290878341281011,-0.24431611212522325,0.43347466648341482,-0.89710139926760391,-0.085491478810452812,-0.18473105833147718,-0.18131075997004464,0.96591968838346798,-13.329028731621337,18.231369448167992,-4.8723408675530866,,0.3268909154382219,0.2371134020618557,False,5
-0.96339523021155937,0.21397338285233208,-0.16150858130869536,-0.22584593210860404,-0.97237980080110453,0.058916363974718777,-0.14444114841558825,0.093235800123852713,0.98511108014256576,1.7580361367734354,-2.1374712529343713,-0.701640397623704,,0.1330992108587676,0.4818652849740933,False,5
0.33673840007981426,-0.91546390617570839,-0.22030226145276186,0.94117200984547811,0.32020494855591264,0.10800017964674295,-0.028328392031852716,-0.24371012988757662,0.96943430659074081,-11.444393316910828,-2.8563024138078954,-2.3290268101278881,0.3283905483502929,0.2579570051720265,0.7582417582417582,True,5
-0.060148785845122094,-0.96791017520499323,-0.24399183653556508,0.99399249021881964,-0.080470323741414329,0.074185284157591361,-0.091438793462885637,-0.23806389842139491,0.96693563762975476,4.0169028117805183,-11.012918045425614,0.82935333979097003,,0.09508104856886268,0.3,False,5
-0.65050583183774235,0.7474478169101435,-0.13477360179704242,-0.75799198591972972,-0.65009137972170361,0.053191609234880248,-0.047857204541754121,0.13675876208781898,0.98944768884749856,-11.755048981705004,10.241562189446096,-3.8052524009110034,,0.10002305111414,0.2558139534883721,True,5
0.89569488664819197,0.41425717727745309,-0.16162196975164073,-0.40049655023267933,0.90947816425805428,0.11158844917608415,0.19321796832594607,-0.035220162008677655,0.98052351165287066,1.2603444847755318,3.2874929559770734,-1.3409104506703491,0.2233996364768675,0.1473024967405432,0.6212765957446809,True,3
-0.60573292142110358,0.79533433343112203,-0.023041830923965612,-0.79504094179396556,-0.60615119217612956,-0.022150239159457907,-0.031583678981709953,0.0049020698822124092,0.99948908995188657,-9.6723551238945227,-3.3313634911977652,-2.0043722337917793,,0.08039846582646326,0.1951219512195122,False,3
-0.59954913158885248,-0.72675250954218784,-0.33521877734576011,0.76446228179548914,-0.64401755420298523,0.028962209695399296,-0.23693513568714994,-0.2388978437586628,0.94169504709559471,4.2120849263162219,-13.089387195235311,1.1288139274338482,,0.1949572462920265,0.4666666666666667,False,2
-0.88427431087895991,0.44226080151456709,-0.14988104137359864,-0.4557834411609788,-0.88725572557565291,0.070984027757512128,-0.10158935910319707,0.13108264903073674,0.98615259531174371,8.0055702445073393,6.0559512022010589,-0.87989652114846229,,0.1096006548253927,0.375,False,5
0.13872926183961495,0.98699213407490005,-0.081244810195542333,-0.98325742362800073,0.14706147468372047,0.1076000071759986,0.11814834230686889,0.064957293186551329,0.99086907271950653,-13.900449246209567,-4.6284785803465489,-2.5033206090221305,,0.07176703595469462,0.2857142857142857,False,3
0.30225915539942277,-0.92219523626386712,-0.24123712232875533,0.95246455406384511,0.28207411171490632,0.11508896016650849,-0.038087743818572259,-0.26455650003822978,0.96361775723485599,7.1308034547702412,6.6725555901200595,-1.0837403414029967,0.2865550366651267,0.1919179201815445,0.7142857142857143,True,3
0.21840806600629761,-0.95182676212186301,-0.21522948592606975,0.97371890456011279,0.19796911367517123,0.11260428470054808,-0.064570981142024364,-0.23416670331043798,0.97004976339107396,-6.5565576391538443,-14.879389524547795,-0.23806089568127409,0.3606022787540816,0.3417110485614624,0.7710843373493976,True,5
-0.6169231111600868,-0.72914158436206278,-0.29624048486076465,0.76679517792924123,-0.64165193640199247,-0.01754843628469259,-0.17728798611587715,-0.23798181120740167,0.95495215980352777,9.112480253282234,-9.5506648981358779,1.2480027197390939,0.5733024496311457,0.6474108746401309,0.68,True,4
-0.96586493908534565,-0.22750048499293907,-0.12388885653536269,0.24139506054300666,-0.96396335993254034,-0.11181710715720708,-0.093985872295256595,-0.13790638141705314,0.98597590527018197,-7.4931402255916115,-12.398264115372388,-0.70244879089198686,,0.4269786164563616,0.4545454545454545,False,2
-0.0067371417604051151,0.99444159734504356,-0.10507388063043985,-0.9950829505207337,0.0037163611116633353,0.098975301176808569,0.098815649083798765,0.10522403779520834,0.98952684115501455,-15.055636766339934,-5.4833272542895868,-2.5759665613201341,,0.09213612049009955,0.5,False,4
0.34487868838572028,-0.8771287160826281,-0.33422134240737289,0.93851119355296797,0.31616607634849192,0.13869301259322242,-0.015982173604660067,-0.36150273524503329,0.93223405995341679,-19.869148000348211,28.229003329186273,-6.8072495616487494,,0.4556604676954593,0.6666666666666666,False,2
-0.82635352335755208,0.54167737421307038,-0.15403076543403132,-0.55582415118744499,-0.82847954975153715,0.068418919899737529,-0.090550358316886709,0.14215223497758911,0.98569436170628477,-3.6711840680534351,3.6752920667291193,-1.9325723095675897,,0.07418421482079726,0.3071672354948806,False,3
0.73200169125229364,0.67856912806748548,0.060970996691165597,-0.65444589579676449,0.67544586811758478,0.33981384421128669,0.18940457618165446,-0.28864652722077677,0.9385142986896009,-9.0065824713433429,21.805315585320805,-4.7211578439617812,,0.3285960985095585,0.2,False,1
0.89894963582200171,-0.38141601248839274,-0.21543300042692032,0.42070331328457533,0.888758985886696,0.1819785349897966,0.12205848781167014,-0.2542229148269417,0.95941254689003452,-2.1328861822561618,-3.3882784428639545,-0.96494342202337235,0.8823464482173713,0.4295924698965973,0.5502392344497608,True,5
0.91062214901011274,0.40410169286664332,-0.086424091285466742,-0.36206686885404021,0.8810189427478069,0.30448843163208927,0.19918555221309814,-0.24598260983624703,0.94858719759846721,8.7089655199529794,-16.143667989153325,2.1037003169789936,0.5310019721788759,0.4141470678971199,0.5185185185185185,True,5
0.94179882189928066,-0.25876902268204344,-0.21460095985179015,0.30772909013689914,0.92059421721679002,0.2404352185319874,0.13534321613086439,-0.29248056367421799,0.94664530512762202,-4.5042994308054514,-12.603667497189676,-0.22406018895514912,,0.1308463650962479,0.2727272727272727,False,6
0.28238539875370094,-0.92562969415004781,-0.25192887067265946,0.95863276927595975,0.26248309926564678,0.1101173749696405,-0.035800841345100538,-0.27260280979400953,0.96146035167935739,7.0688422703519684,3.1934903986778758,-0.62359295682858007,0.5302910769604597,0.6217255064884502,0.6458333333333334,True,4
-0.98383908278283816,-0.031594060020702773,-0.17624549514933238,0.041263846544497107,-0.99782157908173286,-0.051472238023914776,-0.17423534129842116,-0.057912966512229144,0.98299955958910668,-13.84756870384941,23.671658385606854,-5.5473305638019736,,0.08049525612256651,0.1333333333333333,False,1
-0.91618099290438604,-0.30562134551953896,-0.25924502194557064,0.34385611404804722,-0.93173107357897977,-0.11679117843029679,-0.20585276552067294,-0.19614484364924731,0.95872406835194368,6.200708443015337,-15.732832405469601,1.7236185110278417,,0.3123216224390138,0.1,False,3
0.63460383658125852,0.76876341734395792,-0.079251364341492062,-0.7487641370586261,0.63699013089018675,0.18329168067142293,0.19139027574879336,-0.056977024335635798,0.97985885771709902,14.280564954837349,3.4724802268189521,0.31062092722077878,0.2482418229034078,0.1749746617551437,0.5555555555555556,True,5
-0.086202721233820431,0.98867557184209742,0.12284015831390843,-0.99290777946527964,-0.095388226083380212,0.07095933907523401,0.081873269931109618,-0.11585206069538767,0.98988639131135658,4.5602423096118896,-7.1442165265247572,0.36359196262606736,,0.09061462230513169,0.5,False,5
0.49930577975343937,-0.84419749458919102,-0.19499827802865985,0.86640037156001659,0.48820734508193436,0.10489987782983261,0.0066433775652639804,-0.22132369583345946,0.97517777209960221,-4.1947555989836767,-10.078827018757524,-0.43666038825945885,,0.07615064169663041,0.3939393939393939,False,5
-0.75523191481157426,0.64200580547709829,-0.13211094043925586,-0.65158224364885586,-0.75724404974224391,0.04496697556527908,-0.071171164185822519,0.12004163804142176,0.99021445683486486,11.259869880756838,13.285166949228147,-1.180659221676416,0.7014799532265914,0.6223289050438665,0.9117647058823529,True,5
-0.15283654579220571,-0.92624636735155907,-0.34454122719690233,0.98010375247394799,-0.18674242793756576,0.06725994346168554,-0.12663974359099556,-0.32740637222879998,0.93635860799545334,-6.8911252498902851,2.3997406643508428,-2.2356380937093054,,0.2107323298550466,0.28,False,5
-0.95872531940346861,0.2519323917567291,-0.13181741887342516,-0.22855468137891821,-0.95860790220740533,-0.16980473328296658,-0.16914053196824011,-0.13266860898212579,0.97662199475347133,-10.085024048999774,17.180112180179268,-4.36909208202266,,0.5491476669123617,0.4583333333333333,False,3
-0.96400286308911087,-0.15972186750323847,-0.21257329323618013,0.19084870316805125,-0.97230295209157569,-0.13492124314977527,-0.18513576762762537,-0.17063380203021222,0.96778554088684587,-12.436256263472433,20.145537652560243,-4.9871641230750159,,0.0749984837552275,0.2105263157894737,False,1
0.91476128939762913,-0.33051960910267431,-0.23231136738912039,0.39017017901214845,0.87192463501405559,0.29582877186851592,0.10478079418106885,-0.36125367659613072,0.92656179843363029,-10.091735364464101,-18.050729730510742,-0.43261580563978747,,0.2094627188603041,0.3076923076923077,False,3
-0.20243423323586471,-0.92370389440747391,-0.32525604786179263,0.96972977515396031,-0.23538725768007898,0.064938448562469497,-0.13654502698398049,-0.30226470911821202,0.94339360885455736,-2.8260191476854906,-6.6072025430662329,-0.66317865872256876,,0.1217142977661774,0.2580645161290323,False,5
-0.40694667737214563,-0.85113851138326069,-0.33159860707798394,0.89502749810049209,-0.444080489031562,0.041452344993541369,-0.1825381588045239,-0.27992097760221035,0.94250945187752833,-5.3408026000811351,16.679422593984544,-3.6558091468645286,,0.1673269610600641,0.2857142857142857,False,2
0.34001337585465896,0.93850183995281355,-0.060043323068454363,-0.92847995939769778,0.34515334235961598,0.13709170381476654,0.14938496991587974,0.0091360091489755546,0.98873690337726461,-10.679345301907411,-10.876040239430649,-1.3339631754282271,0.2955884483841607,0.2074546512933644,0.4047619047619048,True,5
0.41981086994142391,0.90453680338316433,-0.074645862607325794,-0.86975858888412616,0.42444340734921371,0.25172959901466324,0.25938163107922391,-0.040754941824965585,0.96491460978447485,-12.385355976331935,3.6875949491413484,-3.1866497904313444,,0.07457451843232585,0.108695652173913,False,2
-0.37056075540838745,0.91883928779892843,-0.13571694716697297,-0.92837956286075018,-0.36197548248364037,0.084173257886443142,0.028215488896123166,0.15718814611125531,0.9871655245745059,7.8306579579919493,-0.56017557463551548,-0.024780283670320868,0.4558167105065187,0.4404188752320329,0.7647058823529411,True,4
0.77136379984956438,0.63515120126283708,-0.039759776357737961,-0.60899297504532346,0.75484440800167196,0.24359284893866023,0.18473073546946228,-0.16368528108227026,0.9690622705120302,-19.164296812960171,2.1994630294219197,-4.0402285523776316,,0.1172779520868047,0.4545454545454545,False,2
0.94578563344317856,-0.2648469882727103,-0.18800427754538129,0.2952196987871597,0.9423313405843784,0.15766094633886774,0.13540629608886218,-0.20461602419000202,0.96943149197051182,9.5200311196873759,-6.4792561394565364,0.89675407285127473,,0.3197439695112536,0.7714285714285715,False,1
0.24690723307109941,0.96263756446377424,-0.11120133875286201,-0.95943944429159922,0.25895884861991397,0.11142830636278102,0.13606164409782484,0.079178495847694666,0.98753126269536173,-11.253942792327853,1.5238372214625864,-2.7553377488977024,,0.1330666056696384,0.4941176470588236,False,4
0.38920333231608073,-0.89722322789054532,-0.20859349330151611,0.92089097422747113,0.37359652010628114,0.11128995350370491,-0.021922128100123547,-0.23540628602088817,0.97164978299869664,-15.051593257290364,22.833621255786689,-5.6134775805950659,,0.1239530669009372,0.34375,False,2
0.95805492902039502,-0.21313653209064171,-0.19158176235775093,0.2489521318914652,0.95010381259235099,0.18795100777642609,0.14196333683885221,-0.22776207758504172,0.96331243478308981,-9.0317875539335279,17.619644933378666,-4.2656415184009138,,0.06411988199249496,0.25,False,1
0.94791982462430813,0.2817869410997158,-0.14847264364146892,-0.2566266407918974,0.95179830579276914,0.16799628664313057,0.18865517040380245,-0.12114497478508868,0.97454251921823964,-17.492667334175255,-1.9473451272730036,-3.3360304590606256,,0.6794692509946937,0.6944444444444444,False,1
-0.30542699717389465,0.94272022026380853,-0.13413774898624387,-0.95122517499238379,-0.29564386574412616,0.088121343093374715,0.043416769318420409,0.15450984096046408,0.98703682463640929,-7.0896296870115982,17.561671273104007,-3.9593741455337916,0.2047871952687904,0.2318342231215683,0.7868852459016393,True,4
0.98544138075252585,0.014110201924360471,-0.16942900372194361,0.025708027012030295,0.97272468351026686,0.23053370130417106,0.16806065109865936,-0.23153313432747766,0.95820040975820397,-4.8617107871245295,-1.9444765159028754,-1.5380001819275639,0.165698868987273,0.1252422078728871,0.3377483443708609,True,5
-0.9898673029004933,0.059664550379157237,-0.12885210156049781,-0.055834964852118051,-0.99789005349334181,-0.033134541478929316,-0.13055718803829447,-0.025604346644840261,0.9911101039160205,-7.5964556054312213,-9.9198580517306958,-0.95055882176564255,,0.1980742181389928,0.3255813953488372,False,7
0.42370008267325898,0.90536784226966105,0.028059047144410515,-0.89177647096100554,0.41150880872815238,0.1881361905096206,0.15878591179008564,-0.10473571751372909,0.98174205557971073,-24.853590142083934,-0.76475697928361552,-4.5916438100613703,,0.4406588739126988,0.2857142857142857,False,1
-0.80101417010037179,-0.56609883555672824,-0.19470081581680487,0.56678182058779181,-0.82184164380138491,0.057746691377309312,-0.19270357326630211,-0.064096964788939254,0.97916133091296298,11.783692700212283,4.8561110307203892,-0.23084739520012409,0.281284944956783,0.3193841308800907,0.5,True,4
-0.16613700033582773,0.98342741574464609,0.072587981658270406,-0.98375167590104273,-0.17037126352286666,0.056623958953017181,0.068052459774090773,-0.062001213919004344,0.99575333903094043,-16.747333919449332,-5.3966705142873348,-2.8703474039563783,,0.1081971258932433,0.4347826086956522,False,2
0.97660988063318976,0.16106507988347207,-0.14244711682500827,-0.12220686010829213,0.96086436509844753,0.24860642635786684,0.17691417238904031,-0.22538347749133689,0.95807289058913092,-6.5117027622046821,-8.1868964121571182,-1.0180977210282631,,0.08424035837234274,0.1379310344827586,False,5
0.95327028228204302,-0.1474755889815223,-0.26367919821720631,0.22248023304678405,0.93313414380061177,0.28242382260876919,0.20439744328480325,-0.32788964657038799,0.92233945207314172,3.2273909986307268,2.4586677442979683,-1.006578396438754,0.6620044912974746,0.5708806457334199,0.8636363636363636,True,4
-0.93440743086250644,-0.25951003212811119,-0.24400265648921876,0.30094583836104416,-0.94160729988245762,-0.15102084353238934,-0.19056325858385539,-0.21454658243125838,0.95794332214644562,0.26547205665041673,4.1948000224043049,-1.560430129680755,,0.1042043891836109,0.273224043715847,False,1
-0.97703036072326621,0.086121559329303668,-0.19492242365529647,-0.07927055681860759,-0.99593844952007171,-0.042694069719633632,-0.1978076162503192,-0.026261793279330103,0.9798890065548862,-0.35451738117156084,-5.9054648359999948,-0.42121654182422474,,0.1410987993287046,0.3421052631578947,False,5
0.75917560557889252,-0.55239778644153503,-0.34425148573159992,0.64717552733558759,0.69702132601344502,0.30874764436407082,0.069399111750987424,-0.45718481669555772,0.88665991601697147,0.5855072927741436,-7.3895550017378486,-0.11491482288327325,,0.0848621831434887,0.4117647058823529,False,2
-0.82645684119606511,0.54937821018774313,-0.12309618926325352,-0.5561180500358387,-0.83068445224017085,0.026382858654528898,-0.087759922883736755,0.090260306765267279,0.99204398741088162,-6.6084134850161735,13.600149681503536,-3.5015758759147371,0.5555639779570059,0.5000423377901819,0.6716417910447762,True,5
0.092032853265882592,0.99507861676045917,-0.036721933307369073,-0.99019943424640988,0.095347544617056371,0.10204864601545262,0.10504777169378335,0.026970209520669128,0.99410138992991104,-9.9741987518162265,4.8255639918483899,-2.9232899577373401,,0.2796551417735856,0.3309352517985611,False,5
0.96273969739513121,0.26347246737625851,-0.060946976907788428,-0.225986393766265,0.90760725892250271,0.35380674581429372,0.1485342549449476,-0.32685061187926223,0.93333073056773497,-1.8995324900392234,14.520118676259653,-2.990588651611263,,0.2292949797990868,0.4545454545454545,False,2
-0.93960159711776337,0.30225044657565309,-0.16060356857357633,-0.31662496297132126,-0.94577812575764475,0.072473234105887852,-0.12999027470221988,0.11894706546685241,0.98435467393600895,-8.3637382259981887,4.3367092166418386,-2.6729863191462213,0.4952483448132377,0.4511845541001716,0.986958189489835,True,5
-0.04232741114681484,-0.98089384489804499,-0.18988326757968643,0.99389960881127282,-0.060712435229910898,0.092073708588570169,-0.10184280961564028,-0.18482766364801609,0.97747980893725295,-5.0146349548189137,-4.1908876230970256,-1.2403098542377369,,0.107604145148091,0.4042553191489361,False,5
0.64485599692041717,0.76410771998560045,0.017324419014301484,-0.7391350609337427,0.61769121924837833,0.26858317028794892,0.19452533237151515,-0.18600255353585879,0.96310069314890046,-15.125086894519228,6.2110908542350707,-3.8658771334050472,,0.6671974280531076,0.2884615384615384,False,2
-0.29308307985850529,-0.88131348500456341,-0.37066001868257081,0.95087092025264286,-0.30912885648238564,-0.016847643983196631,-0.099733651886135616,-0.35738759245251284,0.92861580184834847,-20.245010413804465,26.906517061283193,-6.7508087146942897,,0.2547493999519211,0.1666666666666667,False,2
0.09967241663925662,0.99060393717047401,0.093644268503984301,-0.98888314208334616,0.088181327068624415,0.11972545618950453,0.11034283241180237,-0.10453656402796196,0.9883807799206582,8.08137762175968,1.2019016623037246,-0.21103612529073054,0.6787438868660818,0.4085451989129796,0.3666666666666666,True,3
0.20720791479706088,-0.95354885497325304,-0.21865374733732063,0.97657503486907937,0.1883557341928048,0.10403517994960464,-0.058017939604152767,-0.23508870363309328,0.97024080521703548,-1.0504896751166619,-9.6265803653702733,-0.036848772373090893,0.1622367634603749,0.148241102172875,0.68,True,4
0.91104830404991322,0.38754673149034918,-0.14070720876672793,-0.36454182173508193,0.91659198292045829,0.1642205743870403,0.1926142463418633,-0.098319213570334255,0.9763365630503994,-16.038022522724411,20.947735611589337,-5.5874603117920101,,0.06964061090869086,0.4285714285714285,False,1
0.14203713142238805,-0.95736885386285531,-0.25153594365542059,0.98835923344314258,0.12317239440545309,0.089300542686548287,-0.054511273742078425,-0.26129186537232874,0.96371940009800894,-10.084938543791255,-7.4549810506422638,-1.595400198712873,0.5612946525351912,0.3202126843252077,0.4,True,4
-0.3971918417433779,0.91692648644286501,-0.038528681680629409,-0.91748505321784546,-0.39575237780834427,0.040015404294971746,0.021443366674849272,0.051243281692191403,0.99845596202690101,-14.416230483636719,-17.273781448402509,-1.1903000797777912,,0.2566461934868306,0.631578947368421,False,3
-0.37615306891019828,0.92655602228632061,0.0016752057757861427,-0.92615987379757425,-0.37604398040613196,0.028614908134997702,0.027143266507577909,0.0092120771416756286,0.99958910594205397,0.70722338814189123,-11.630410446982468,0.47387786690818196,,0.2631062149927763,0.2666666666666667,False,3
-0.08937970411745072,0.99342538613087428,-0.071535101052565594,-0.9924898006192957,-0.082812314368092305,0.090033972786228877,0.083518046903337737,0.07904506802909371,0.99336630356667943,15.594911403931569,-4.8501778777153399,1.588612180261076,,0.225511908499678,0.6,False,4
0.64474889024161064,0.76236707548392579,-0.055635516985989675,-0.7431839179944284,0.64222250523722912,0.18769101683689735,0.17881983269946033,-0.079666153320615635,0.98065119764798847,8.9269650496914821,3.6152007806604529,-0.45366548549054692,0.4574112827908514,0.2460745845274164,0.4545454545454545,True,2
0.86460345247716131,-0.453381939945534,-0.21657720677808551,0.49188669945885677,0.85169156719984151,0.18074553730632037,0.10251021832015431,-0.2628046629949749,0.95938801548072961,-14.150511233442531,4.1762157877038142,-3.525155620532967,,0.7259040872269733,0.5333333333333333,False,1
0.97347649664249913,0.19398438049129155,-0.12129950787227842,-0.13889981379004954,0.92240066639430429,0.36039402376348267,0.1817975583272137,-0.33398663260788447,0.92487976355065205,-7.7150821565218068,13.918139463341852,-3.6574293799358673,,0.3506592369006509,0.3214285714285715,False,1
-0.91755787016987278,0.37505950839053226,-0.13197696789659813,-0.37814134289056439,-0.92574603785756149,-0.0018434174642407014,-0.12286854636662688,0.048214505668721923,0.99125106898145321,2.2178249371741714,-7.772428818274923,0.15275560256176152,,0.07356176113120852,0.48,False,4
0.98573304886391722,-0.0067372663479569363,-0.16818134741879789,0.04501503494040747,0.97335373442969286,0.22484695750906783,0.16218508873123813,-0.22920976618357117,0.95977022254251732,5.1960544085896014,-9.5775257065136046,0.79533024528886898,,0.1484480167907516,0.3888888888888889,False,7
-0.76654856331741028,0.62950300052738972,-0.12700107244833464,-0.6324826305638972,-0.7743043172664863,-0.020458404078834425,-0.11121610544784737,0.064643612132161188,0.99169157569252342,-15.342783445571335,-0.99036965912515629,-3.1275096895367631,,0.3421417989870785,0.1785714285714286,False,3
-0.25721905734571171,-0.90908331951381938,-0.32772835507462328,0.95663155651701626,-0.28752518977247793,0.046747516748279809,-0.13672754519120717,-0.30149093423855289,0.94361474922658495,-9.1453908839341835,14.606534815010823,-3.9374349783670679,,0.1449219001648674,0.2068965517241379,False,4
0.41326261353710775,0.90888083188196778,0.056121704268677519,-0.89592421649905574,0.39479934957746637,0.20360076587223785,0.16289202111531259,-0.13442137854802441,0.97744415822399644,4.9922543934790644,18.185279371106912,-2.423550524418594,,0.3725612431149406,0.5,False,3
0.98110033475706127,0.10205439877519437,-0.16439900495507054,-0.082496722125579749,0.98913236056772935,0.12170235871275366,0.17503263689414772,-0.10583984584430622,0.9788572434494911,12.341458002099529,-12.895038012401116,2.1273907259445259,,0.09275463032470403,0.4285714285714285,False,3
-0.43052952523653454,-0.8658463825110273,-0.25486147176882534,0.88347729373508455,-0.46205144490700395,0.077306750765253215,-0.18469488177568746,-0.19188148465111887,0.96388240802182246,-13.196737929479298,9.8159104812499116,-3.9848813782129837,0.2395126627460766,0.2725486009482046,0.673469387755102,True,4
0.33844097657988126,0.93437402004097903,-0.11136829011939914,-0.92752060939343539,0.3512042715148681,0.12791043280414383,0.15862920450562926,0.060006252525660192,0.98551307710031955,-4.6102439336260019,-21.991295246256179,0.80213511446639618,,0.1986702111347916,0.3076923076923077,False,2
-0.59060069212260213,0.80452550044833426,-0.062686055807164784,-0.80696039327941793,-0.58858268451848261,0.048840016004726983,0.0023971113092511875,0.079430111502956063,0.99683755509310412,-8.6377432658916202,-4.0248465407951617,-1.7537176937420516,0.9391205341202497,0.8585244644718156,0.6602564102564102,True,3
-0.67276138404481023,-0.6908689054785061,-0.26474945813172834,0.71650850349873663,-0.69757824629803056,-0.00039332653930472528,-0.18441172563617964,-0.1899598529550301,0.96431715203722856,13.801746963281071,6.5494472802888355,-0.12989563780161317,0.3399023169830486,0.1642912205161411,0.1764705882352941,True,4
0.82573353462591081,0.54417171197708702,-0.148463051558724,-0.52976603284982882,0.838560545320024,0.12713835877161461,0.1936803558256649,-0.026331724525977665,0.98071125212813492,-21.163713527790321,-1.3050391461903896,-3.9398406519528093,,0.06938855256220419,0.125,False,1
0.31338471252612604,0.94946999761472839,-0.017226305013131105,-0.94016635030429552,0.31276590750214689,0.13514703422517188,0.13370585518375228,-0.026157422155990012,0.99067579639140035,-5.34146726594249,11.084497812652394,-3.0603790006221558,,0.1807027847202297,0.21875,True,3
-0.56189198542346586,-0.78888652007094939,-0.24886834906677696,0.81406322938864084,-0.58076854281843249,0.0029930302189106611,-0.14689606963500465,-0.20091281224178387,0.96853269774586626,-0.21329298897993648,-13.234162157023134,0.4856680999247262,,0.1552309981879932,0.2222222222222222,False,2
0.017741834638588076,0.99262996968854678,0.11987898306113631,-0.9947044056219464,0.0053836517208064594,0.10263606447267776,0.10123424687302023,-0.12106510467622067,0.98746891986015872,11.99754889511026,-3.0007150642392455,0.85695074820690942,,0.6352513316242586,0.3214285714285715,False,2
0.76985092762294571,0.63556994213300888,-0.058141189316475855,-0.6050164199844531,0.75576266282845683,0.25055524146111369,0.20318632037439527,-0.15771381084573688,0.96635483808031386,13.362535335880905,11.342495020752564,-0.6364454658243075,,0.3861479415510026,0.4375,False,2
0.057978571403063228,0.99831162221649838,-0.0035199723753749912,-0.99096735169394512,0.057978404107317791,0.12092234092117796,0.12092226070806375,-0.0035227268744627838,0.99265572947554137,17.503593107391332,1.1258181735981245,1.101768939652163,,0.5820174581383358,0.2,False,3
-0.66666114330738857,0.73328648153214027,-0.13361832212050703,-0.74411401370089325,-0.66512937233864067,0.062427979835591084,-0.043095877042155131,0.14104557438863508,0.98906465477609073,15.066427246012747,-1.7800262337771164,1.1505563024827612,,0.1998643405004644,0.4545454545454545,False,4
-0.98482889043109956,0.086592551745765148,-0.15037881019082081,-0.073164555515790958,-0.9930071022428465,-0.092649029738269828,-0.15734994244811998,-0.080241042350053277,0.98427758825148071,-7.7743898377728176,11.686363855098026,-3.4397595181211278,,0.4918647115466479,0.375,False,2
0.94247876058705427,-0.26478851528755243,-0.20401183302471487,0.30632681132136147,0.92845073800351741,0.210102621988425,0.13378217559890995,-0.26051155305002804,0.95615692238224437,14.880793220235839,-9.4240853379488669,1.9767934733645547,,0.2867930731149062,0.5454545454545454,False,2
-0.98285786168923217,-0.092026073094367611,-0.15975489221460554,0.083810946735217884,-0.99482505663703336,0.057435458511878271,-0.16421372939866077,0.043061683176036494,0.98548442023150729,2.2571672569105541,-4.5532339410443603,-0.26164731941542096,0.2585099476459253,0.2208132200162472,0.6107784431137725,True,3
0.95925071617159052,-0.2140567412363594,-0.18443908223465638,0.24573798640482536,0.95419971945234305,0.17063334209577213,0.1394665033690668,-0.20900384429081975,0.96791863682319201,12.331783001789807,-14.749840747409577,2.3781042256428959,,0.3711409293867272,0.1538461538461539,False,3
-0.093121205934429838,-0.87448374503255832,-0.47603216349228977,0.9894559255067723,-0.13454721503527942,0.053609872279160496,-0.1109297637465038,-0.4660206289426283,0.87779232220102199,-5.1513096192551391,-0.53117404237530152,-1.6980084974997405,,0.6329795718138587,0.4191419141914192,False,1
0.23427994991382359,-0.914687857951755,-0.32933118222240243,0.97075210727126371,0.20182237062789141,0.13003106145278412,-0.052471433149628821,-0.35016260969693358,0.93521810048429654,1.2103096918300664,-14.295381600890405,0.89018735716418962,,0.7138703075383757,0.3333333333333333,False,1
-0.94289721508407676,-0.26599424376458009,-0.2004791861286426,0.27396114902016072,-0.96165850961491373,-0.012577746728944836,-0.18944690711185311,-0.066783030549184441,0.9796172192322985,22.74440266885269,3.5061491547583072,1.562647344226753,,0.2791145085719681,0.4,False,1
-0.1153331737165148,0.99192659542194372,-0.052724646372532019,-0.99049517810095411,-0.11083726702917368,0.081451840963011557,0.07495039158827857,0.061617607322387857,0.99528172356807021,-8.7507981732527274,13.298789940823069,-3.7503115978602595,,0.07621599501990685,0.1538461538461539,False,1
0.70282800169499238,0.71018430607092642,0.040878496107136758,-0.69795461011408133,0.67734060386849426,0.23252756518650594,0.13744876228589684,-0.19195821879154057,0.97173035353664583,-2.1155893270373056,-11.412764796369686,0.018370577157818632,,0.4097687822873989,0.375,False,2
-0.48326365782826719,-0.84262219237311953,-0.23757962442676228,0.8595718263162595,-0.50816919445952857,0.05385485313028042,-0.16610994077951435,-0.17819065834849968,0.96987400050292882,11.642115330628449,12.123582061879565,-1.0315521709993476,,0.1041093583552583,0.3333333333333333,False,3
0.76699379697602488,0.64106628666015486,-0.027468736921467202,-0.61024293334689605,0.74200781366332935,0.27753912654388313,0.19830299468358104,-0.19610818588301193,0.96032156162881088,16.572282424679667,2.3662803458185149,0.83749584348871375,,0.2947457755752274,0.3076923076923077,False,2
0.95108464282335725,0.29385918593971394,-0.095314117655337371,-0.26072737761230824,0.92901902444693518,0.26257358355149418,0.16570828811189744,-0.22487870298121471,0.96019286197956655,-0.74907643365949172,-14.856371062337265,0.64101809491544026,,0.7645769557957327,0.2,False,2
