axis_00,axis_01,axis_02,axis_10,axis_11,axis_12,axis_20,axis_21,axis_22,location_x,location_y,location_z,dbh,dbh_approximation,score,reconstructed,number_clusters
-0.9701818466617439,-0.049889965544119487,-0.23718805987236521,0.038792478248124783,-0.99793319031622307,0.051229789152948839,-0.23925368970901767,0.040501098791185998,0.97011202082920789,-13.505988423781126,-11.491335334851811,-3.015579611013905,,0.08552964359148885,0.3809523809523809,False,2
0.017584073571832205,-0.93597442297817157,-0.35162861073481866,0.99216379976394187,-0.027175737793790188,0.12195275197115889,-0.12370042358292967,-0.35101760469532223,0.92816207981115129,-7.8163113450607531,-14.844591015874633,-1.4579016692212772,,0.2514976286991066,0.6206896551724138,False,4
0.91034640001261369,-0.31182821873936423,-0.272089312509532,0.36865027546664547,0.90978512411517065,0.19075639527184968,0.1880595820011331,-0.27396019772328067,0.94317517125981454,-18.515822289311267,-7.7580600668432522,-4.5813549846092654,,0.7364627526807794,0.625,False,1
0.96534964769063158,0.064950703635846277,-0.2527478265006069,0.0019302578833980371,0.96672766948258659,0.25580048311383136,0.26095273864835383,-0.24742477473764504,0.93310484354007539,-3.9312968722730499,-14.329358037173392,-0.53870106075755442,0.5089281694481418,0.2439868698544161,0.4090909090909091,True,5
-0.40411464306398265,-0.84152513371720972,-0.35850635222196897,0.89470898093808471,-0.44516350396684873,0.036404589884950198,-0.19022932132035789,-0.3060472252091006,0.93281718533258484,-22.746193150131067,-18.072419117290622,-4.4609441613080767,,0.2358106257145968,0.2222222222222222,False,3
0.56500704072125207,-0.75559498451698892,-0.33142610535107797,0.82259421337561112,0.54705302692481717,0.15515071979644174,0.064076548411818535,-0.36029044548137235,0.93063687377970428,-12.347060489416927,17.788177121043635,-5.4367122866802573,,0.1111517832905246,0.125,False,1
-0.092674878364145355,-0.90793417389969422,-0.40873818366439818,0.99217725287560699,-0.11869075474845084,0.038688546282553762,-0.083640096822068799,-0.40195527189268665,0.9118312857109433,-9.8676804331773376,-3.519916985435914,-3.0294907429827975,,0.3368640756607622,0.1481481481481481,False,2
-0.67198963011437163,0.73439666574781459,-0.095349223160140967,-0.73406546114334137,-0.67756674847013698,-0.045290176904263915,-0.097866418015390283,0.03955804224299761,0.99441305578654693,18.687112953709985,-2.9230162430926447,3.8132667160007361,,0.4230005661977425,0.1333333333333333,False,1
-0.32364254718076685,-0.90510640325812997,-0.27574970613851435,0.93235762126632904,-0.35470272293443156,0.069966023250524867,-0.16113586727025758,-0.23445335809928583,0.9586797458771259,-18.25571583888874,-12.555163387182077,-3.9806719591756488,,0.08799732361071153,0.2666666666666667,False,1
0.66017544977248899,-0.64873259420046459,-0.37856887978230236,0.74431514339230442,0.63268013162903103,0.21380088484093135,0.10081340602610976,-0.42292064535064644,0.90054138433589359,-6.2893208497350166,8.4363826424248582,-3.3447626489523148,0.6585803381729365,0.2119849744036933,0.2883435582822086,True,3
-0.60652124824360576,0.77460025341183902,-0.17923845246858475,-0.79145459558035669,-0.6096893668784481,0.043341654907159383,-0.075707321731470101,0.16814673154620668,0.98285048614047898,13.855267762750982,-7.9169205677890089,3.0261696129780034,0.5546704209445732,0.5073365074874047,0.8823529411764706,True,5
0.4630378110368093,-0.82954732151012189,-0.31216538393233406,0.88622360674490663,0.43898430207523659,0.14798817986435886,0.014272504975946884,-0.34517245531313612,0.93843074954671624,-2.1937296039277032,21.88508452572065,-3.3400289484425594,,0.1769681693880146,0.5555555555555556,False,2
0.1365551088160124,-0.95224112976762376,-0.27311084386220774,0.98866416438340732,0.11363153643433324,0.098137882551197916,-0.06241692334861515,-0.2834161334618287,0.95696364767594,-7.1621763284508804,-13.811870881628758,-1.3912503815989024,0.405107137732217,0.3942603434625302,0.8846153846153846,True,5
-0.9430496913837384,-0.19749535410558752,-0.26768052728531716,0.2328657763002665,-0.96657656825751637,-0.10725328863768292,-0.23755169923431629,-0.16347881453641783,0.95751964334349682,0.99394119453046526,13.326469780902277,-2.1589070385852134,0.3564566844195333,0.3205214808231961,0.1875,True,3
-0.96432945321367913,0.11706141459940331,-0.23741383884810582,-0.11237115261204408,-0.99311011819115502,-0.033241799093788729,-0.23966941758440624,-0.0053775792265405228,0.97083966334117966,-18.779678454452984,-20.548913259750403,-3.3530893412698815,,0.2320562533364049,0.5263157894736842,False,4
0.3435516996901451,0.93900075927481541,-0.015805180205659408,-0.92500144314944777,0.34124256324316571,0.16711027258272787,0.16231007304370215,-0.042791203682007506,0.98581152005644257,7.9311241074621899,-5.0758950880119338,1.3633057025179234,,0.1222204151248453,0.1525423728813559,False,5
-0.12676827784413261,-0.89003712753586472,-0.43790834125435291,0.98509734537046112,-0.16469865826996063,0.049573905516354225,-0.11624553271632632,-0.42509794585692917,0.89765177688885356,9.6885663358091758,-0.34436807575853817,1.2907646093151808,,0.2792565423330134,0.25,False,5
0.9546432548924928,0.19283871394173058,-0.22686887466897399,-0.16630729941434894,0.97734215715788342,0.13093582398824766,0.24697801126775107,-0.08726705132680182,0.96508358379103742,-5.2363778205021188,-14.150194045436834,-0.85566778794051324,0.3869136711065875,0.3494347469599841,0.7701149425287356,True,5
0.55505489637827587,-0.78980222147938461,-0.26101056099845743,0.82950281729217601,0.54893065717377654,0.10295731989085327,0.061960778810819864,-0.27365596021463445,0.9598298168572188,-14.080274597829485,-3.4380016662501007,-3.9798471012478331,0.4542153261030882,0.4285268985467099,0.9817629179331308,True,3
-0.85779983916315938,-0.38710807884377624,-0.338122420471549,0.45024058517398258,-0.88323965993246945,-0.13103861486052748,-0.24791702521982595,-0.26464133920507726,0.93193460617679391,2.8037226732810523,-6.3657539243284615,0.2407295855361869,,0.5458044434266577,0.4130434782608696,False,1
0.92647825131859052,0.31657264618259046,-0.20351857291805001,-0.29114034088573348,0.94555820684120895,0.14545438936029687,0.23848553780593523,-0.075507861605202092,0.96820618211888299,-11.148758311897524,-13.9241507733117,-2.2873094043700206,,0.1221321610685769,0.4642857142857143,False,4
-0.5444876153235314,-0.79749719597085122,-0.25986815729889645,0.81282497632750383,-0.57814384736640145,0.071170567024354078,-0.20699950390637917,-0.17247583648443349,0.9630178042027614,-9.0449367530679226,17.448214456575627,-4.7675565354150331,,0.09514189243950594,0.2083333333333333,False,4
0.25674636269731577,-0.9105244986640344,-0.32407783412987012,0.96635924026175257,0.23657752639877641,0.10090041012684339,-0.015202762986621869,-0.33908142287014997,0.94063418216750316,-2.6088236044852802,-13.686852270557969,-0.24465382187964246,0.8552187784415669,0.3996424107825464,0.7857142857142857,True,5
0.90875255492289508,0.3582501988368747,-0.21406912190796901,-0.33446966610356199,0.93197689506369952,0.13981813016914779,0.24959734849889886,-0.055460455288113886,0.96676020890474867,-16.166916049529952,11.264285003889164,-5.8747788865646848,0.6191074044833791,0.7342226130806608,0.8273809523809523,True,5
-0.016858009708942735,0.98146382945363397,-0.1909045808325768,-0.99587696240519175,0.00053894738196816078,0.090712652294640136,0.089134074625038903,0.19164670884188992,0.9774081316066543,-7.6681844531862264,-9.3772357832961557,-1.8795930263903975,0.320467018221578,0.2593424256548787,0.7875,True,5
-0.1201442613421132,-0.93717208644945638,-0.32752684904680696,0.98426289162491643,-0.15551077497107502,0.083922339326624643,-0.12958362796555539,-0.31228973605910831,0.94110743494853788,14.791530159627206,13.301142238405884,1.3581483003696944,,0.2315158676087126,0.2307692307692308,False,3
-0.96596164252151206,-0.11216547551349101,-0.23310300572917411,0.12881803511949089,-0.99000340240911955,-0.057438463126383954,-0.22433015625433991,-0.08551122336395281,0.97075424885688955,10.496267875492702,4.183889717773801,1.0267427738788351,0.5928179911611555,0.3937883433480693,0.3820224719101123,True,5
-0.9173091327384626,0.34651267106926786,-0.19614515997865367,-0.34990682087796449,-0.93660732538078728,-0.018219076434464118,-0.19002413451371475,0.05192000415533643,0.98040560048932002,-21.767182359138033,11.381436795264865,-7.1341343924389955,,0.0727627447622248,0.1851851851851852,False,3
-0.92270012489827991,-0.2848692274194557,-0.25975758464795795,0.29197564589931924,-0.9563546168854038,0.011664860206962391,-0.25174332506418906,-0.065079720584949485,0.96560340111984422,-9.9904979327081129,0.67998406236073905,-3.5411362535772866,,0.07949238763305447,0.3646209386281589,False,3
0.54672352655377565,0.81391085486528436,-0.19657697180765032,-0.81121699665355074,0.57303561472107556,0.11643525497731735,0.20741352379485006,0.095808687464664796,0.97355037134875677,14.690565707434306,-1.39431466181521,2.70135931043718,0.1562245555316833,0.1393304035493856,0.3428571428571429,True,5
0.96424463490468193,-0.11633327578944946,-0.23811520951344609,0.15446095515013289,0.97681188477241665,0.14825773201242393,0.21534645897168858,-0.17973622537333678,0.95985456809711533,-11.17622745341197,21.729178035965301,-5.4993027910679775,,0.1630324001551655,0.2631578947368421,False,4
-0.83981597910407513,-0.47234486478067517,-0.26758073539922556,0.48484006908967353,-0.87433322567030469,0.021714462785936514,-0.2442114424972453,-0.11149770941273585,0.96329073085394568,-1.7300542105393228,11.954906558106234,-2.6501603046287538,,0.6786816298066928,0.3571428571428572,False,3
-0.90604260473163567,-0.34136010603124023,-0.25012012398336558,0.33790891883874757,-0.93938921529871677,0.058012625778278544,-0.25476334308597531,-0.031955910107559465,0.9664752758497529,-11.690576333043007,-17.355717499650005,-2.076166901548314,0.4182703334801118,0.3656252477534599,0.7625,True,5
-0.6031325350962764,-0.74461056660597891,-0.28598295265113832,0.76226745933079099,-0.64365243790967519,0.06826316443232,-0.23490309822077915,-0.17682376331154187,0.95580013139496067,4.6126687408658977,6.396233079590437,-0.75162835372566394,,0.2342924472588712,0.2972972972972973,False,5
-0.97190354418999203,0.076006314987027618,-0.22277015256318747,-0.037891212536069273,-0.98460750388289753,-0.17062332580874548,-0.23230961410040593,-0.15738838387753915,0.95982349409510603,-22.716057632759497,12.510943230468435,-7.4898828419711254,,0.3121267995797048,0.1578947368421053,False,1
-0.93203539571665706,0.27993106098787757,-0.2301056762131192,-0.30032944143437978,-0.95205402974510478,0.058269640927522265,-0.20276155389769829,0.12341687704811699,0.97141959354373864,-3.399162845226972,-3.6375233060209688,-1.5423586452900644,,0.06851333572545962,0.3925925925925926,False,5
0.29165044026691994,-0.92269500121236148,-0.25213876225172549,0.95646533407159873,0.27837444387258464,0.08764550027203169,-0.010681077259214342,-0.26672383421124851,0.9637138116952737,17.174533408866179,-5.9076197521505618,3.6870774655876848,0.3308752969619468,0.2636956534493572,0.6666666666666666,True,5
-0.062743861962253913,0.99708724112563529,-0.043361750086131856,-0.99668033911084664,-0.060341376879821364,0.054655465107672281,0.051879759212531407,0.046647098738484272,0.99756330062975596,-6.1423574971648121,-0.52251601836011596,-2.4899287015946761,0.2712293042888173,0.2452089243142483,0.3864306784660767,True,5
0.70238892946808396,0.71172975734997523,-0.0095154749342426237,-0.67658214739815747,0.67173584111098317,0.3016745889017135,0.22110266751619412,-0.20545489108187567,0.95336346591830234,7.7171534107197575,4.5458224480330465,0.28134441806098043,,0.4864315732941406,0.1304347826086956,False,2
-0.015600821835529726,0.99009394194947198,-0.13953709353792326,-0.99677775924219292,-0.0044186531652980737,0.08009103685380331,0.078681084373364713,0.1403369574244786,0.98697255551644969,-10.993330241631027,-11.758546043199267,-2.4172921746223195,,0.1014140819595912,0.3333333333333333,False,3
0.61948070205078221,-0.74587717456235736,-0.24476703261171651,0.78082296114712713,0.61762532547593552,0.094098143850860766,0.080988660515548039,-0.24941170340948257,0.96500499432400788,-15.402815176566103,-1.1638584668303429,-4.5627252636119895,,0.06725966344642359,0.3548387096774194,False,1
-0.52506903647566405,-0.74173106868367789,-0.41729788962309317,0.82807681310891812,-0.55844014311415691,-0.049329485604638998,-0.19644668112721081,-0.3714560920324359,0.90742992741373441,3.8312110194963602,-9.749549809418788,0.86102984915101766,,0.2536862585998717,0.1111111111111111,False,3
0.96540852023067125,-0.10119180925717212,-0.24030523674128501,0.14523745273342561,0.97410321416717394,0.17328880654181497,0.2165466956329071,-0.20219581075887977,0.95510438315507074,-9.2640671202508482,-8.0458246154979136,-2.3668554990028068,0.2541047947806202,0.2214054389629278,0.7125748502994012,True,5
0.96010436148631528,-0.14750477615038685,-0.23757515877670693,0.17515630703959176,0.979477632557336,0.0997187817019793,0.2179905575001026,-0.13735322468984487,0.96623713885779294,6.3659157225928835,4.5076210155485867,-0.07068262494718168,0.1349841161552992,0.09426131777418352,0.5227272727272727,True,5
-0.27134323010415745,0.94893144587829903,-0.16094086646953099,-0.96228292691228023,-0.26406105475242786,0.065447138487259138,0.019606632800598059,0.1726292860043058,0.98479170872010613,-17.331449038894103,-12.31740080536626,-3.799169649643142,0.3243702768279287,0.2904171524250047,0.7627118644067796,True,3
0.82076473335684674,0.5298420307577163,-0.21357124085467136,-0.51640024634227566,0.84800537513676733,0.11923786863571541,0.24428679468055972,0.012422003932146125,0.96962346081507778,-15.125631875579382,-6.7307026101129006,-3.9197951510444482,,0.07910292484517346,0.1707317073170732,False,3
-0.92116626430825321,-0.30033224439683781,-0.2474939524027541,0.29840018098434407,-0.95332148498551583,0.046211235143878059,-0.2498200261966389,-0.03128400934295604,0.96778678709235433,-9.5070179937904395,12.974022049603665,-4.4803591298046284,,0.06835642571882178,0.425531914893617,False,5
-0.49807941881147733,0.85973784023998201,-0.11299441851663243,-0.86639027726777385,-0.49879691316544494,0.023864762150362762,-0.035843828092026894,0.10978381245026285,0.99330898239751886,-15.933840159465859,8.7757439430599913,-5.617414676984593,0.7484269194471609,0.7241319989283168,0.7177033492822966,True,3
-0.54639538636714968,-0.79053396104508977,-0.27660104517346523,0.81217851392538243,-0.58076556357674769,0.055474513799939888,-0.20449484901740198,-0.1943384074179447,0.95938232218839981,14.03128467603594,-0.65631756223014714,2.4227648810520463,,0.1086145948098294,0.3611111111111111,False,1
0.28013816928509477,-0.86815585835649056,-0.40966817268479777,0.95689365065015408,0.2184577603572648,0.19139160975630468,-0.076662555755841008,-0.4456249684891922,0.89193118568866625,12.544639088653495,0.76061354479311116,1.9192653364316585,,0.224073584659583,0.1818181818181818,False,2
0.29035329518642677,-0.901952265366463,-0.31965148986777497,0.95680241539623978,0.26841561607517833,0.11172374384571546,-0.014970032274658027,-0.33828267476666168,0.94092546468166549,-8.1829929322138355,-12.908846077010329,-1.6581856499368366,,0.08168807944082893,0.4347826086956522,False,4
-0.25613117452288237,0.96626650930451086,0.026941685804820287,-0.96572916168329992,-0.25700088065068283,0.036300600811077791,0.042000091809429388,-0.016720656124996347,0.99897768340776771,15.873988489774893,-4.9735994042348226,3.2878269591340845,,0.6250312479807806,0.509090909090909,False,3
0.047388090042113258,0.97881060948859022,-0.19920883432904005,-0.99378270259298607,0.066314539770115061,0.089433337419882297,0.10074874167522511,0.19373221871349181,0.97586757220598674,-25.716487009048578,8.6135403579321626,-7.7589141432932429,,0.06844640560638893,0.4411764705882353,False,2
-0.42536967356488103,0.89511270569396983,-0.13354356935670136,-0.90501302211056522,-0.42127663967546802,0.05896967588556342,-0.0034742800130357909,0.14594258106860911,0.98928696160892793,-13.879667541317861,12.395768285081717,-5.4184568621933993,,0.1734836329423472,0.2,False,2
-0.48457576701607707,0.86430626596881044,-0.13476277166871062,-0.87383285397512944,-0.48533927989612607,0.029358588242457885,-0.040030854780543509,0.13198659779296645,0.99044286491880862,2.5786577460486328,-4.4540996351680064,-0.069808117258016958,,0.1453392792167531,0.21875,False,1
0.93300569296049063,0.31094736360757208,-0.18114114377693449,-0.25049461098451503,0.92256924583456523,0.29345942906636779,0.25836568419786737,-0.22842443762816303,0.93865299739745478,-18.259989711237228,-15.227485547915263,-3.7544080732272773,,0.4565772063628406,0.25,False,3
0.032412399811949634,-0.93524717184995698,-0.35250838838967941,0.99651982030801967,0.003140038918477488,0.083296986073113422,-0.076796380589871135,-0.35398145107088486,0.93209411983235269,-14.03003132647865,7.347697299586561,-5.0212995551138597,,0.2125272447701709,0.3831168831168831,False,5
0.78714935059277402,-0.53594108035362675,-0.30522624109136409,0.60125548857196875,0.77707753237997956,0.18612454467997261,0.1374326646887824,-0.33002676718658952,0.93391359108694394,-6.9680659903969628,-2.5801893508767848,-2.4747046929631398,,0.1569074996415804,0.2714285714285714,False,5
0.1276320372695933,-0.9377395938146581,-0.32303949797932285,0.99005084093699847,0.10100327204653282,0.09796770588227495,-0.059240150424817471,-0.33232934451867752,0.9413011268183159,-4.7928648835609131,-17.369964582541844,-0.41108045005208305,,0.1424149299763108,0.1363636363636364,False,4
0.88160872537738677,0.45861899793602046,-0.11151085180653997,-0.40316875690026555,0.85459578756938581,0.3272934361214046,0.24539969192717859,-0.24358705753964421,0.93831995428064097,-10.509887189678615,2.1397254242332879,-3.7828050358469509,,0.1870477696629537,0.2137404580152672,False,3
0.41098747209061015,-0.85434676784762775,-0.31808944976670095,0.91144603996068596,0.39229117242877154,0.12399093625924712,0.018852427550712952,-0.34088009079846887,0.93991773558789404,-0.12365102540387624,13.391674294721819,-2.4043232177131095,,0.09806027226806625,0.3846153846153846,False,1
-0.92221847031996473,0.34015082538060942,-0.18387634158203872,-0.33913909168020939,-0.93997183522686456,-0.037916031893687641,-0.18573575179546614,0.027392790532012934,0.98221782998062224,10.055808187547905,1.2439969270937785,1.1971615863816183,,0.5840361365080804,0.2222222222222222,False,2
-0.7858467935638338,0.58705115784008144,-0.19446273453816598,-0.59975068064639736,-0.80014537036525302,0.0081552036906286096,-0.15081093498027548,0.12303789807076509,0.98087600517532481,-12.703290808041174,-17.970826146916949,-2.2082087785434701,0.3594279406338594,0.3429446689225667,0.5892857142857143,True,5
0.69199050590728639,0.70089937489395759,-0.17288495020514574,-0.65973007535619221,0.71121938452082023,0.24274104463880247,0.29309617432625956,-0.053917097057275709,0.95456145912153079,3.7341127847031772,7.5637760274281902,-1.0107042215629536,,0.3758576682714917,0.2352941176470588,False,4
0.79937578244757457,-0.49882741445260192,-0.3349172569857547,0.58803027128205332,0.7639764398491854,0.26563207526825666,0.12336433233428803,-0.4092813334931098,0.90402988421944286,9.9472065331194344,0.65762120163910498,1.2586861364341901,0.4367617118555769,0.4543172112789444,0.1612903225806452,True,2
0.49143608731631711,0.8624097138649458,-0.12140863855019426,-0.84941414847890429,0.50540789965523769,0.15185012127074282,0.19231790464511425,0.028501585876294311,0.9809186934478562,5.2117191949468502,11.822583101189691,-0.99931151042863964,0.397511462046748,0.285749416929357,0.3571428571428572,True,5
-0.58553228353667786,-0.72886530666382809,-0.35483420026565654,0.7826093977608839,-0.62237726103967173,-0.013002902641477562,-0.21136337306324116,-0.28531019905113963,0.93483881757484233,-25.985900944984667,21.097886154543215,-8.7830540502790804,,0.480850845581093,0.5454545454545454,False,1
0.12304520246095282,0.98797888123600874,-0.093582094350301737,-0.97851668851231899,0.13650176041998688,0.1545068273738433,0.16542360307474019,0.072560317211890546,0.98354970993431834,-1.5715759992285758,3.4449138381378934,-1.8187710169954459,,0.2095324506139745,0.5424354243542435,False,3
0.95836480576058669,-0.1262168689255565,-0.25613707478243464,0.19922260114161525,0.93816746593941769,0.28311156996347031,0.20456601446438397,-0.3223524590435769,0.92425193420123131,-6.9597310637902465,-6.8727163505505455,-1.9871059312756978,,0.1773042335899065,0.1774193548387097,False,3
0.95555406844892909,-0.12119861098045137,-0.268751407376983,0.18033539800888682,0.96144636779496395,0.2076054577289525,0.23322857135367508,-0.24684363177987945,0.94057038809120697,4.2549811854826247,-7.9766048955977489,0.74002012218052182,0.6866367734802616,0.2397619029710588,0.3333333333333333,True,4
-0.72278208326978399,0.68662536459303591,-0.078304973032830461,-0.68115376824606777,-0.72694841278051714,-0.087037630712642131,-0.11668592078041914,-0.0095715125956303826,0.99312274268504119,-21.773359131937784,21.522182704214423,-7.8722367563646252,,0.3468159006368692,0.3333333333333333,False,2
-0.94318099230978247,0.26082704084482206,-0.20586128948801527,-0.26106504900806343,-0.96495739454904483,-0.026500318706335499,-0.20555937325248003,0.028748590735084768,0.97822229712821152,4.8789955050667775,7.8386573155096411,-0.73293333970556962,,0.5088404390337464,0.34375,False,1
-0.28852144547554848,-0.89854812258245753,-0.33070628494820392,0.94516374302680528,-0.32249058189187491,0.051626770755108714,-0.15303880020524421,-0.29767615960063487,0.94232055566943806,13.780237459159991,14.80034800010012,0.97454996253741621,0.5775561374781671,0.357339872982306,0.4594594594594595,True,4
-0.93924435239634108,-0.22714922148143571,-0.25733883825018372,0.23280871804093334,-0.9724837755855793,0.0086837219527665099,-0.25223034570747765,-0.051754588233252352,0.96628221307291562,-4.8189411678331613,3.7427269718223575,-2.597318022144691,0.4613789826569932,0.2637928304663087,0.8555555555555555,True,5
0.9219418689589659,0.34649825634613746,-0.17309577871668386,-0.3062751401737081,0.92573575915103667,0.22183066230940532,0.23710488981044697,-0.15150004151200894,0.95959835798621262,-3.9466039007385989,-18.897704353807768,-0.095021825758014225,,0.3644157083567521,0.5925925925925926,False,4
0.66851205625201537,0.71634180448641349,-0.199865078967915,-0.70812888262167084,0.69524002631617066,0.12326715460686904,0.22725561872632713,0.059124656050068614,0.97203866116748416,-5.6080499959511991,7.1541126720206396,-3.1051218439071286,0.6927110980430675,0.6191018243844683,0.9975077881619938,True,5
-0.49603997734956773,-0.82191312854925436,-0.28000562492460329,0.84567409159286577,-0.53044112584555503,0.058885845670090364,-0.19692554857006728,-0.2075837689466048,0.95819064240384921,6.4901065350629263,2.6756589938377919,0.17225172966644739,0.1942096090837458,0.1987581382235417,0.4268292682926829,True,5
0.91337408375480023,0.33978802833220267,-0.22425850915225684,-0.32110882950225006,0.93988147818234813,0.11624081290776656,0.25027365570665538,-0.034159958604743593,0.96757232002954097,-0.21201031905418233,-7.1688323016327011,-0.35368806134231434,,0.06900150593993627,0.2916666666666667,False,5
0.17316690631208337,-0.90224193556924781,-0.3949338074393729,0.98439238249174599,0.14577732602144161,0.098593146365570039,-0.031382476806755349,-0.40584290177148091,0.913403897096557,11.501387182506528,-0.61883792586741748,1.7672566347907099,,0.309783132608632,0.3953488372093023,False,5
-0.914115887993457,-0.26779292645651187,-0.30443240934202753,0.31623892277004101,-0.94080321421089586,-0.12199285165817207,-0.25374216646662945,-0.20778898110897487,0.94468971217353515,-29.945494068304313,12.331345153264312,-8.943112518102847,,0.2254023236468197,0.2727272727272727,False,3
0.82828869210503941,-0.47237249143012405,-0.30133382131951414,0.54015226991524168,0.81612077361176272,0.20538356357009196,0.148907245748269,-0.33288303083731308,0.9311366816661395,-0.92801914154340726,-13.452159357066607,0.1242648045297505,0.6430883574048435,0.3355567064148181,0.3636363636363636,True,5
0.60862701372955674,0.78516041083885868,-0.11443901174860749,-0.76905509430043684,0.61923521897636113,0.15843612438407245,0.1952624390127021,-0.0084186002787884351,0.9807148959203984,-17.220756922255845,14.182835482032051,-6.3418477089915175,,0.273675475083519,0.4,False,2
0.23844088406042255,0.95258266074631714,-0.18902967823585481,-0.96027300620748202,0.26031859372496169,0.10054841276869302,0.14498861457966034,0.15754524495053795,0.97681001092113395,-3.1800708625340346,-15.122903062263749,-0.29610424404473229,0.3546779706781487,0.3078380582643337,0.375,True,5
0.4889485639744745,-0.82045237707454322,-0.29628904593324207,0.8717792384723887,0.47147477021275114,0.13308831812497868,0.030500182881438812,-0.32337198086037883,0.94578026033462625,2.4308814250175184,-9.9332633648734259,0.56955511029988881,,0.1476162460427669,0.1,True,2
-0.75742988159258806,-0.58636554412067121,-0.28718534631611675,0.61454243534939079,-0.7888174543570714,-0.010228335958025248,-0.22053927003025658,-0.18423482941534078,0.95782042054073113,-14.206639664087485,-9.5135915115527077,-3.3786681844055484,,0.1061359322155447,0.3157894736842105,False,2
0.17722824531095913,0.97363413720200098,-0.14362004017167393,-0.97521006924454801,0.19338113678327168,0.10755954992678861,0.13249705622406183,0.1209971190207617,0.98377041390795716,-12.749900386602922,-5.8047090161283856,-3.4381568051075853,0.4728790605299505,0.3878425722591629,0.9546742209631728,True,4
0.56239632508260018,-0.78638109090277131,-0.25556829499011413,0.8241119860541497,0.55828996935385999,0.095664750879053281,0.067452264420637287,-0.2644183994910978,0.96204630971439975,-11.318569599798865,-9.4787330225449988,-2.7275144858676805,,0.1282886800123477,0.6103896103896104,False,5
-0.15161829301219334,0.98389833166497342,-0.094635966582212683,-0.98713540995545612,-0.14580692232881182,0.06560505935575929,0.050750129419948449,0.10336544078114723,0.99334787965544924,0.68685271099373124,-5.7454745262218445,-0.31266284441200687,1.018731452576703,0.8329356526124999,0.481203007518797,True,1
0.59835241880374934,0.79138483709082341,-0.12523746458003746,-0.77240412683992921,0.61128452248920928,0.17240387874345758,0.21299353922678441,-0.0064243433807057437,0.97703248669620923,-12.614488018614084,-9.5914841340490842,-3.0266002117845594,,0.2287653529038592,0.2702702702702703,False,5
-0.17491453588851172,0.96919229637665916,-0.1734104892416983,-0.98456971220127276,-0.17124164158114802,0.036038618237902185,0.0052332543230957235,0.17703839366852669,0.98419003257321125,-6.5517355107734829,21.183714751048456,-4.3790356895080951,,0.1939978431127594,0.6451612903225806,False,2
-0.8868254365658722,-0.35660036960052649,-0.29389933899299381,0.39187171428599066,-0.91740412536298266,-0.069326981107938723,-0.24490243894724653,-0.17665176808554561,0.95331891213273512,-10.304446429288497,15.445895103204712,-4.8463567034437451,0.1616358763870212,0.1751775362001374,0.4736842105263158,True,4
-0.65804094753518549,0.74071532522326666,-0.1353621747253958,-0.74567404971600626,-0.66602331675802828,-0.01957429729950283,-0.10465334656440589,0.088055371863551196,0.99060281068592027,2.4584497865440249,-22.10358921775611,1.777720971183391,,0.3326014861696298,0.375,False,4
0.1926382294592659,0.9811327387103681,-0.016403096704353276,-0.9722589607868003,0.19310276364467518,0.13199937819005131,0.13267639473761211,-0.0094800687487955893,0.99111407142465091,-12.122666245698447,6.8760740788332564,-4.6348602042395015,,0.7260311870480107,0.2391799544419135,False,4
0.37409423958362464,-0.86488678351587966,-0.33470039081230052,0.9271102707267258,0.35765034638406001,0.11203917013429038,0.02280451322366471,-0.35221737809330045,0.93564035438073867,10.608394933258293,13.593664520531151,0.24593830603545677,,0.1479934411204918,0.2307692307692308,False,4
-0.95927125200080776,-0.1239819865649333,-0.25382500289020893,0.1339841893164003,-0.99072948195467625,-0.022435030622778629,-0.24869037395530377,-0.05552981715466699,0.96698993650851395,-8.6114763408719064,-19.261018150754126,-1.1429005095782092,,0.3060719239876544,0.3783783783783784,False,4
0.88137278144026332,-0.38964382776433998,-0.26713237845945687,0.44009817650197408,0.88276485174605313,0.16443786535164431,0.17174287518232129,-0.26249553140372062,0.94952645082545628,6.5467282902478283,1.7356389082861294,0.26037321502736721,0.3008053774512954,0.1117960544379041,0.1351351351351351,True,5
-0.36623234968369361,-0.86439662020387975,-0.34451755982136706,0.91988762504477872,-0.39213608442398262,0.0060040471436185322,-0.1402876449821448,-0.31471856359728101,0.93876067365043925,7.195583048712729,7.8263730994971601,-0.21808083669139572,,0.2313424907757215,0.3157894736842105,False,7
-0.37527190591687276,-0.89504075020770701,-0.24098351001083862,0.91110029313851093,-0.40400486254831391,0.081708793163516827,-0.17049120936997947,-0.18889713207178183,0.96708356465334411,5.5431866379505337,-0.01019222877758115,0.26265893238081983,,0.08035632943078605,0.3163265306122449,False,5
-0.55745046205907456,0.80326813812234055,-0.20978389029568775,-0.82818080306629593,-0.55569885113398243,0.072906407680241425,-0.05801327246923528,0.2143807013838723,0.97502583303806345,-27.633304037232122,8.66104303791254,-8.2346461411350536,0.4714676057379558,0.4486345521922853,0.9478260869565217,True,5
-0.74915768314961317,0.64546026780740196,-0.1488079583218001,-0.65077875199133495,-0.75909210092806823,-0.016315583508233228,-0.12349000661796977,0.084618112662777523,0.98873150717213676,-10.241637988191966,-12.147037231604731,-2.1975704805246075,,0.2524059466707149,0.2173913043478261,False,3
-0.5980811016275196,0.79455218800955119,-0.10481324537122499,-0.79696396895444599,-0.60343196642725416,-0.026801008975690752,-0.084542463084479283,0.067503203057137529,0.99413072053560325,-11.688095893184581,-4.9258580947654469,-3.3160888015652676,,0.2354910320021345,0.1025641025641026,False,3
0.78982505545852988,-0.5125280096966317,-0.33688487803156186,0.59874738991051324,0.76338949392021871,0.24235932754400247,0.13295843277234692,-0.39313041074005289,0.90981895743388386,6.2171502860130659,-7.8835812788267141,1.2133888330417459,0.6006810294370264,0.389240219444092,0.2753623188405797,True,6
-0.97204416493466761,0.044547625400045851,-0.23053340427730176,-0.027478821111419773,-0.99667318756375123,-0.076729861083139103,-0.23318459598951061,-0.068250027565770449,0.97003447254748654,0.97363371585816272,-7.9265542036906567,-0.057470858101349206,,0.1396563325335221,0.3255813953488372,False,4
0.9774522539438083,-0.020090366773056069,-0.21019864039306571,0.066301024836753708,0.9743200179091438,0.21518521512204833,0.20047759317630856,-0.22426965881378186,0.95368330947426394,-15.604932576804572,-12.746493036477494,-3.4010230817043898,,0.2034582259704273,0.2647058823529412,False,4
-0.97142646043085001,-0.00029403362202061814,-0.23734056863296718,-0.0020810488711043764,-0.99995023907595815,0.0097564649095339268,-0.23733162707567482,0.0099716054958072353,0.97137750945420287,-6.8771193937236257,16.414147725584865,-4.1256227788779922,0.7007965379123062,0.4381370131050393,0.5576923076923077,True,5
-0.86695841510365923,-0.42843788277042039,-0.25460574834074262,0.42941629226140587,-0.9014482161978935,0.054706137261750713,-0.25295207929846486,-0.061903910384031702,0.96549632389654805,7.5481371478131187,2.3128133712825369,0.54771804607088392,,0.07256218036332959,0.5483870967741935,False,5
0.4643921742693255,-0.80224896658626643,-0.37514864265871384,0.88455051463721801,0.44106271659224588,0.15176978318262169,0.04370692773966614,-0.40231862452978107,0.91445581020846689,-29.661626257915596,13.822555847969062,-8.996060063227084,,0.2142002421760099,0.1333333333333333,False,2
0.73523556440443583,0.66894795698876952,-0.10925793186510835,-0.63874524245804343,0.73773219571600712,0.21853082766798193,0.22678884468179777,-0.090883652240594165,0.96969427227518712,1.53687595867334,-16.93731045549017,1.0320224613602595,,0.5772780186094922,0.4615384615384616,False,3
-0.90591781582649777,-0.32499725787020861,-0.27145845602042762,0.34224808063754508,-0.93944801017223301,-0.017426631440136287,-0.24935749892085809,-0.10869323143728436,0.96229237717632232,-13.722086570025636,-6.1868884518371043,-3.6461324120387224,,0.07503010946596207,0.2368421052631579,False,3
0.81391292237948021,0.57361942703436042,-0.092230730846426717,-0.53411879850652222,0.80123159527515064,0.2697128840355717,0.22861072561374521,-0.17026063450371803,0.95851366838076324,7.6839743011726984,0.035646824130636856,0.71361326685196014,0.951926137948832,0.509293767519706,0.2448979591836735,True,5
-0.92803469726012622,-0.26195275657260092,-0.26482513854489081,0.28979680135574393,-0.95441519951177345,-0.071480352999131858,-0.23402866193114993,-0.14308172582449746,0.96164349170043173,-0.05376272462201076,-2.4227992873304749,-0.89007537522620683,,0.2418259541950019,0.3083333333333333,False,2
-0.93882239767974074,0.2610224550308744,-0.22467706510571617,-0.24678599701525222,-0.96490165688877105,-0.089785657042161571,-0.24022734501311696,-0.028845632302998185,0.97028797385363375,-6.0734871261611509,-13.009439311205957,-1.1722894259074905,,0.2959783255959704,0.3636363636363636,False,2
-0.14198948153286178,0.98826248753941004,-0.056358165836437407,-0.98797810339991998,-0.13797177219012025,0.069735624188900863,0.061141265413198607,0.065582358917134154,0.99597223849991834,3.4356431011584272,12.568890248244317,-1.5160235982288031,0.9256913560260079,0.5652599716928302,0.4888888888888889,True,3
-0.61975603710056582,0.7739316274181065,-0.1301241351916074,-0.7805954150402189,-0.62503654930544639,0.00033173864611937831,-0.081075597411249006,0.10177990034531438,0.99149765475774443,-13.349047300469449,9.5622275049267174,-5.0829797488726376,,0.7078142780725162,0.1914893617021277,False,1
0.97176808429420314,0.036692294574777788,-0.23306751353634053,0.044622478813662853,0.94142316078397892,0.33426227236113121,0.23168000503215372,-0.33522545824913214,0.91320768032795308,-15.565570201322915,-2.3529580770735992,-4.4427818728285624,,0.0952275324013074,0.1333333333333333,False,1
-0.60294145378930308,-0.71887699054286391,-0.34594432466869052,0.76671923278150256,-0.64197857663747337,-0.002263895197905097,-0.22046138297984363,-0.26660716345694507,0.93825231095268624,2.2594249091463494,26.652794261601134,-2.6235566694904713,,0.2181504701289297,0.1,False,2
0.95741440896727636,0.16177153624429844,-0.23913933085755587,-0.12775681863429195,0.98015623068277613,0.15156503140954652,0.25891281311338099,-0.114558864846383,0.9590831151108975,-18.590648443876791,22.789900754710285,-7.240997815418055,,0.1766310216131989,0.7142857142857143,False,2
-0.89016453247769256,-0.38344855911473313,-0.24611848291342858,0.38162235480883455,-0.92255489910399624,0.057068699383961224,-0.24894072272115833,-0.043123782905166663,0.96755819252333208,-2.8964912533899128,-8.0195323641296721,-0.8859138001469371,,0.0761742682859297,0.3720930232558139,False,5
0.95290100840928826,0.20831856416550509,-0.22041561649888164,-0.17551523142005815,0.97148922853463227,0.1593834445001952,0.24733392753951725,-0.11319034704958597,0.96229614652801632,-10.865715543803969,-5.6557215713942544,-3.0165414482669801,,0.08281487390325001,0.1578947368421053,False,2
0.9768985835015046,0.05291381198671237,-0.20704899433174798,-0.0027047903159731742,0.97184519466488839,0.23560475741400394,0.21368631603848665,-0.22960192966915566,0.94953731481711656,-1.9555542865767273,-14.566422241590473,-0.0049092709273848185,0.3555894936588013,0.2242037381506718,0.1052631578947368,True,4
-0.95839351253347149,-0.016265326449383645,-0.28498651597795016,0.058041306028887484,-0.98862303238378557,-0.13876493301533427,-0.27948717667938994,-0.14953240115702068,0.94843396136789626,-16.520389145921673,-7.2060053210455033,-4.1572740502995318,,0.3111254709325558,0.1607142857142857,False,2
-0.95555794770496794,0.19795844550434677,-0.21845242601393153,-0.20307810321709219,-0.97916202660932106,0.0010048084769774812,-0.21370140984939195,0.045323057044178536,0.97584708224626682,-27.675334802792889,16.927801415455789,-8.8365336695184329,,0.5260917257443272,0.675,False,1
-0.026405640148605435,-0.96599517361618914,-0.25720821666224225,0.99585248408577032,-0.047829491049899239,0.077396186767232519,-0.087066480970251062,-0.25409774563371523,0.96325166158970144,-14.064141794780413,-1.1882725443108624,-4.259035697581468,,0.08256053822500503,0.4,False,2
0.97197227104488026,0.017638196256245034,-0.2344329293266702,0.0083138128025664546,0.99397906909802192,0.10925424802593783,0.23494847272655606,-0.10814113106425068,0.96597345250043132,15.091116611059878,-0.61885433842103532,2.6287666134403045,,0.1311292218682544,0.35,False,1
0.86135710732514492,0.46540410825410067,-0.20362453113675646,-0.44326081375849308,0.88437634951687683,0.14628165777486016,0.24816080400945068,-0.03574197022281006,0.96805925795788694,10.487973981387848,-6.7153659903290581,2.1238732151218569,,0.1372860407792972,0.3888888888888889,False,1
0.5397253332015618,0.84075880651542489,-0.042675449232795926,-0.81692495015949662,0.5353195005166963,0.21463144730784001,0.20329827964684391,-0.080979390176221466,0.97576234189443922,-24.192250163933103,12.086525832178967,-7.7582904186825923,,0.3292783643988164,0.25,False,1
0.17325055443903364,-0.94532161732519149,-0.27631736319719652,0.98396726557887426,0.15407719172338896,0.089825604700812425,-0.042339882567149587,-0.28744957611434752,0.95685948578455438,-15.6513877161848,-3.4642511950255539,-4.3149668318871273,,0.07439224132329565,0.3214285714285715,False,2
0.6230682629038562,0.78146504791459781,-0.033140890902406017,-0.75126468044881656,0.60970615093445546,0.25270494538656579,0.21768628728541331,-0.13255485053563629,0.96697564184800766,-19.981915257376897,11.322763497270886,-6.7376492937254318,,0.5052577770861946,0.2352941176470588,False,1
-0.66710868406573942,-0.69511838360943479,-0.26791124726723137,0.71070037788537566,-0.70165570664203847,0.050835442461390982,-0.22331810611247177,-0.15649185954824554,0.96210151303148395,12.556651187707915,-7.2225789033850392,2.6784602298512326,,0.0827308133780749,0.2333333333333333,False,5
-0.61128991567997915,-0.73594873421640805,-0.29103968731640711,0.76137537837978664,-0.64722757974902623,0.037469897374502459,-0.21594483597669525,-0.19868548164746713,0.95597693863268141,-7.1364714842472994,-7.474131767193688,-1.9463948300796223,,0.07357903106419954,0.21875,False,3
-0.62256404919474306,0.75363472062243475,-0.21082863307101027,-0.77826477032958552,-0.62446484224061227,0.065936394117702468,-0.081963113130746959,0.20513012620712753,0.97529671352269254,-20.933256772386766,-10.932360462926431,-4.6929060581656312,,0.1339328027229492,0.5263157894736842,False,1
0.27059421778377601,-0.8426855504218187,-0.46546732690089154,0.96261142637475627,0.23052884275996205,0.14225222131309087,-0.012570247202912846,-0.48655679603313307,0.87355851156017528,-5.7747405118406698,-4.4214110248572212,-1.9449805655854444,,0.356672786190404,0.2244897959183673,False,4
-0.11111003693674043,-0.89958411734802513,-0.42237776398277882,0.98739267536880038,-0.1481403324691285,0.055768687665930065,-0.1127398080535893,-0.41085624944877264,0.90470264616001261,0.10891018545735014,-18.182230340260546,0.84212361953526338,,0.5105990637423301,0.4166666666666667,False,3
0.93878089360547023,-0.22401162255639193,-0.26174267279327568,0.27838636831072394,0.94082144534700141,0.19327710136988771,0.20295680264549207,-0.2543104420483604,0.94558697924891433,-10.947611541562125,-19.908256185196151,-1.6436192556358327,,0.1453324295324644,0.1666666666666667,False,1
-0.84059081039058714,0.5079766285418762,-0.18806071982773265,-0.50192039393302013,-0.86099926799171744,-0.082195977224247457,-0.2036737774997513,0.025298327473486482,0.97871190193336588,17.18036297005678,4.2988655898670665,2.799261379762052,,0.5906529962438276,0.6551724137931034,False,4
