axis_00,axis_01,axis_02,axis_10,axis_11,axis_12,axis_20,axis_21,axis_22,location_x,location_y,location_z,dbh,dbh_approximation,score,reconstructed,number_clusters
0.46365184336907911,-0.83384383407630969,-0.29955204641827105,0.88266622164442354,0.46407661534307137,0.074385726182354728,0.076989020700436561,-0.29889355206266649,0.95117576463393427,24.812641331052493,8.8585781721006018,5.508971566989759,,0.1520877946481919,0.2857142857142857,False,2
0.77237047246239432,-0.55372962826792405,-0.31117093702093146,0.59848059069925308,0.79853515625863591,0.064518111993992183,0.21275534264617399,-0.23606165083990854,0.94816141093077955,-12.118419870298746,-14.227190701320561,-3.864033541830052,,0.1483208492375111,0.3333333333333333,False,4
-0.4004224380482726,0.91436836205282779,-0.059936379472799811,-0.91390373115254875,-0.40326406512525009,-0.046454967055305392,-0.066647140170668445,0.036174469664229075,0.99712063786263339,-30.800235069693276,2.3707866015473793,-11.688358103251726,,0.2914076167321241,0.3571428571428572,False,1
-0.96122469868381288,-0.027219073761959311,-0.27441975268510521,0.096353404007549284,-0.96554740163414454,-0.24173174539913067,-0.25838556495356174,-0.25879980143171127,0.93073066061161636,-24.531012274169278,27.754169335283844,-12.483077255808587,,0.3828679077898516,0.25,False,1
-0.18292364276103279,-0.9343686023336728,-0.30576830426329776,0.97859632793470519,-0.20287519514582586,0.034509160338292114,-0.094277080309823375,-0.29291119843317986,0.95148035290314503,-11.873797134523549,-15.641538670802719,-3.634724488000824,0.2778303049608972,0.2187438008339513,0.5384615384615384,True,4
0.1896386284137965,-0.88059650100421871,-0.43426603946482117,0.98167141081206188,0.17857815281469908,0.066566391907228628,0.018932295359801884,-0.43893011488893935,0.89832172546142541,25.325857428245889,-21.125317547140043,7.7304257402274956,,0.3411385426843589,0.375,True,5
0.94101335944389974,0.21337525971210319,-0.262611606542626,-0.17097607909750723,0.96958361271265059,0.17514222316599823,0.29199492756647227,-0.1199108689897537,0.94887319794247171,15.34742558599528,2.5854429100024654,3.1915090283812253,,0.1922996518659331,0.1428571428571428,False,4
0.96130165720702221,0.077115329818878267,-0.26448506528339089,-0.034290694884414254,0.98605189188089748,0.16286747607318147,0.27335557813108158,-0.14749539797915717,0.95053765600295581,-5.8337616738292484,-21.035672555377246,-1.3676434261290999,0.748687734177331,0.5911369744642327,0.3529411764705883,True,4
0.85198011795547746,-0.41719087944690003,-0.31635683762943045,0.48490670960952292,0.85662383387514951,0.17624156777760142,0.19747243246650281,-0.3035578649011802,0.93212513166012234,4.9587725322083847,31.518815764454988,-3.3996113096559215,,0.1769029064685139,0.2777777777777778,False,3
0.16088674411152626,0.98038276337806662,-0.11386436159035038,-0.98353178323945689,0.16888059908547515,0.064378370671715771,0.082344926540777685,0.10163159215380213,0.9914082572529227,14.401294922848985,1.2117483001054437,3.1222425435397452,,0.2301163862461191,0.5652173913043478,False,5
-0.93117715784449395,0.26516111399093795,-0.2501972908241335,-0.27770467947295147,-0.9605403922524518,0.015564891593985459,-0.23619739987450436,0.083974629969961773,0.96806975462201728,-11.681899653573618,-10.644104488804432,-4.07638520580839,0.3274859157241017,0.3542389702639929,0.7727272727272727,True,4
-0.028663100108610094,0.99522685060861138,-0.093284202948999029,-0.99903414949114977,-0.025412822306674517,0.03584629148051198,0.033304576902585509,0.094221570195341137,0.99499402051834762,5.417856454884884,24.80901434238887,-2.2469044099423154,,0.6386238957938611,0.392156862745098,False,3
0.89324055144778303,-0.31644298664575499,-0.31935114443504997,0.37548729034717854,0.91575416762892259,0.14284116793835849,0.24724605565508065,-0.24750381951189188,0.93680907728844676,-21.499360352394888,19.62801491402092,-10.725393013173461,,0.3209281636984417,0.3333333333333333,False,4
-0.7023931303257509,-0.61916067098505478,-0.35111814817313242,0.67600085638618401,-0.73471558812388837,-0.05670843617059728,-0.22286034334609331,-0.27718778485551238,0.93461232566800434,-13.697554113367962,-18.292583536830513,-4.0088189671595549,,0.1731703314620376,0.4615384615384616,False,4
-0.48326260961453904,-0.80469434017985619,-0.34485398218818919,0.85968719882496913,-0.51065142762932803,-0.013154453109398355,-0.16551486436276347,-0.3028236092887,0.93856416473906634,25.816632553482918,-2.8847374755893971,6.7222045878101842,0.8342322699701847,0.3701399719331688,0.5428571428571428,True,4
0.95016608070139419,0.2352888980451095,-0.20450807695851708,-0.17254931446151844,0.94329432846942984,0.28358868799066794,0.25963657901654125,-0.23416862371830782,0.93688521308774098,-8.0217916607222204,-18.536147117524052,-2.1914379938377566,0.5454105905197035,0.2895418120438276,0.3157894736842105,True,2
0.955954335203554,0.098785557984689729,-0.27639233444360511,-0.036105699255044081,0.97408750298628954,0.22327094528227556,0.2912862638142012,-0.2034574895637665,0.93474989299468469,12.647161782870096,23.768541151009263,0.38184399165857447,,0.2315169775806903,0.3333333333333333,False,3
-0.93342889216207747,0.30703272485374022,-0.18558396791200504,-0.25623909860447686,-0.93261094332971073,-0.25412271194844543,-0.25110162807803899,-0.18965161283404586,0.94919978830908069,19.803317174713047,14.905383392673013,3.4752082268168523,,0.5389213269312874,0.1818181818181818,False,2
-0.92386672371266954,0.32123929683168989,-0.20802786108475271,-0.29348330962199254,-0.94353690966101711,-0.1536412935400418,-0.24563758627241339,-0.080891373325077828,0.96598072544530811,18.73847236138495,-0.4330698168414982,4.511742083420569,,0.3160686133019973,0.25,False,5
-0.80235822303985349,0.5464162652133141,-0.24010528322105354,-0.56649812347159489,-0.82386271203778549,0.018168869444930614,-0.18788602402385041,0.15059713418282017,0.97057681053713174,-9.2254995843420051,-18.993142670487309,-2.5857717557064501,,0.07831341366168118,0.2380952380952381,False,1
0.87964969322752318,0.45991645732311737,-0.12121579718864264,-0.40458678528072561,0.85755068070804674,0.31767335927549029,0.25005189537560624,-0.23039896332344839,0.94042031417794658,-13.779524233679012,-31.594457701928093,-3.1844531522192954,,0.3278568651157777,0.1666666666666667,False,1
-0.58543048270233089,-0.75701516813330005,-0.29017095846936053,0.78612000819872363,-0.61756358922692245,0.025110674439369041,-0.19820818003441393,-0.21340864199294415,0.95664532032000937,24.820594311661321,2.2896029176031889,5.8543564857735655,0.1617907820476358,0.1056311430187702,0.5652173913043478,True,4
-0.70183188027090992,-0.62295953565430562,-0.34547565583231987,0.67918030282252118,-0.73144820640656605,-0.060808203414724177,-0.21481649865247324,-0.27731739628445584,0.93645551609497313,-30.939159010406591,13.506942792299085,-12.917726961100493,,0.2208143056920655,0.25,False,1
-0.1305692903056716,0.98792481646639485,-0.083403941387167224,-0.99054433431620303,-0.12641564079134554,0.053301102403091091,0.042113919114047722,0.089574788713980474,0.99508933018282442,-11.00911929382648,-4.9866741038951456,-4.6658504090860529,,0.4330352073744438,0.2340425531914894,False,2
0.82819111778530652,-0.43480884593220753,-0.35361100084786107,0.52960352924301257,0.8135945869225909,0.23996656005286227,0.18335641312719259,-0.38601180762945597,0.90408810971927389,-15.741696691430121,10.945791348338435,-7.7316299038312941,,0.3836632717371912,0.1555555555555556,False,4
0.20682096238696904,0.96623099154591541,-0.15369697620163494,-0.97368687972409362,0.21863996806803879,0.064268379599659281,0.095702402114507618,0.13636068106094559,0.98602576786314711,-6.2893158649088408,-17.749435559284045,-1.6675539251027407,,0.1814788161079917,0.4230769230769231,False,5
0.60525472745987585,-0.65974190649141307,-0.44542937903392243,0.77330923563686149,0.62005037673050023,0.13240225222818774,0.18883733996803487,-0.42459174171837011,0.88547293120589321,4.1318074269011964,31.254079161613589,-3.7202925323602285,,0.2329496582744879,0.2857142857142857,False,3
0.94225606493272096,-0.20266187815065428,-0.2666114611976631,0.23627335076663575,0.96648899068539185,0.1003689922308619,0.23733607356449193,-0.15756647495067552,0.95856371418732933,-33.518679908773514,6.0141006418906651,-12.946410084653289,0.3317506287690664,0.2077406296489612,0.7659574468085106,True,5
-0.79223484795562626,0.57186446964971793,-0.21292011186587018,-0.58452510159939697,-0.81136438612056183,-0.004270659834292638,-0.175198034477965,0.1210737844764616,0.97706027829791897,17.410903188147199,10.665199045407579,3.090942819772815,0.3184129803448507,0.3486921612604615,0.375,True,5
-0.17301945869113977,0.9595789111769164,-0.22197427810165071,-0.98488345803708954,-0.17046068414816873,0.030785211460103115,-0.0082970476152663605,0.22394523523455953,0.97456641159882385,-12.574934972683403,-8.8712718594616611,-4.4819763964589328,0.4243145638919772,0.412135311592318,0.7920792079207921,True,2
-0.029666461112937904,-0.9535300990372384,-0.299833706102345,0.99832209787591908,-0.043188588320050916,0.038571164508524464,-0.049728160811124293,-0.29818634453803206,0.95321142143460902,14.626944367476888,9.483616976945104,2.2839088157066136,0.09001520696158785,0.1378239852790805,0.3255813953488372,True,5
-0.77809225123184511,-0.49059348586098805,-0.39228877144741808,0.5811878554038068,-0.79920085167599197,-0.15329277677533804,-0.23831308252818159,-0.34726939155522241,0.90697896578960557,14.018624990867856,5.5625979065587794,2.5288676294912942,0.4739188267511191,0.3651770801136712,0.4811320754716981,True,6
-0.90152103362680669,-0.28253227703598538,-0.32777330330781401,0.33131680151858006,-0.937900334930163,-0.10282090628557319,-0.2783684661737979,-0.20129201218813925,0.93914456973849236,-24.307547110440847,28.811789865623556,-12.489792752026027,,0.3495134927729808,0.15625,False,3
-0.26126339152426026,0.93455793771402818,-0.24154275254071222,-0.96470593746485345,-0.26133900206428806,0.032316872065535004,-0.0329225525939165,0.24146094312692609,0.96985190543451361,-8.268680380251169,-16.84469577427814,-2.3926014704436507,0.4088452919748747,0.3774553593051529,0.8941176470588236,True,5
0.85946315352513991,-0.39092404495073924,-0.32939562658294919,0.48373972082052458,0.83028712458024145,0.27680168579102804,0.16528451298625155,-0.39724259821376956,0.90270667878955613,-17.841660253968968,19.689498837127466,-9.5922040033466587,,0.4973681990682756,0.3269230769230769,False,4
-0.73435972619470313,0.63810042846621529,-0.23139497776415718,-0.65633421706699691,-0.7544663920700192,0.0024204842287758876,-0.17303522199336821,0.15364994769957563,0.97285687823113265,-2.8691922259117941,-26.91881936105786,0.0069244842357254711,0.6812038995037004,0.5558068954875044,0.944954128440367,True,5
0.4046971314444614,-0.8185334506951516,-0.40770482201430058,0.91194939266326946,0.39421172118458797,0.11377795964851523,0.067590953697360553,-0.41785177871318557,0.90599743598120031,-10.397913652732381,-0.0273315998335249,-4.791341784838032,,0.2726183019255937,0.1640625,False,6
-0.40189650296453738,-0.83780610989289861,-0.36954042151164312,0.90808401835172481,-0.41655384864789385,-0.043200773034873019,-0.11773961321092691,-0.35293599051776342,0.92820987393917842,22.056127133441098,-8.4807769607032917,5.9982310478133147,,0.2804357839507208,0.2857142857142857,False,6
0.88127609050283251,-0.30604433342305148,-0.3601240318108242,0.40280129685617361,0.88496412056729223,0.23364421790308471,0.24719135818031374,-0.35096348996469617,0.903172774807109,-1.954057394026586,-26.174170263738596,0.22092271045760717,,0.3139357986105781,0.1666666666666667,False,4
-0.97193127049501116,0.039832677248169523,-0.23186841798139723,0.0023857426537436215,-0.98384347349421708,-0.17901488176915287,-0.23525287174855669,-0.17454333985024129,0.95613320664433576,4.6193831797257605,25.691232617958779,-2.6434751576634921,,0.3429016185379381,0.5555555555555556,False,3
0.25737275248245545,-0.86033603317776897,-0.43997860890678164,0.96605075045218669,0.2184935619306928,0.13786410317993206,-0.022476962214079382,-0.46052412902124962,0.8873625599262388,-6.253611818231418,-30.35816074808238,-0.96181301438045119,,0.2428069644044835,0.2352941176470588,False,2
0.44597977895035606,0.88855298594260734,-0.10759009220122856,-0.87288842716269555,0.45836648310458272,0.1672302630858814,0.1979086417841025,0.019332830594968348,0.980029801163393,-5.55153175428054,-24.446221761980031,-1.065404928044976,,0.4032486611805017,0.2142857142857143,False,2
-0.67515549086234472,-0.65035228245585464,-0.34814791664303513,0.70662659892797375,-0.70566279035163759,-0.052142842276042774,-0.21176381382547352,-0.28121510453316728,0.93598832905997775,20.797701810745991,-9.9743408874589985,5.7554760615635363,0.3510553909214608,0.323015738405487,0.5428571428571428,True,5
-0.82082280911584982,-0.46494904233762085,-0.33177146360785087,0.52464696708486691,-0.84336542604553044,-0.11610477199362948,-0.22582177920611826,-0.26936433724673231,0.93618768302932343,21.494930345064738,-11.147668438528465,6.0800712149990215,,0.2315449713325207,0.7,False,4
-0.7127972649520351,-0.610432592720491,-0.34538689729264233,0.66801119228494876,-0.74093644273992765,-0.06909583780477796,-0.21373138763162583,-0.27997363726687208,0.9359132739611179,-7.3306896011532681,-21.537115281263048,-1.7198266865884675,,0.4737628706505779,0.5116279069767442,False,3
-0.79456192479941301,0.56099828761295312,-0.23227627720967603,-0.56965829738328644,-0.82115302886149122,-0.034599529100474292,-0.2101446451409773,0.10482664015856602,0.97203426052358854,16.367255750588768,25.795532769431723,1.5321627217499785,,0.2618865899922498,0.5,False,4
-0.52498664335330525,-0.78201957785937182,-0.33590832699603951,0.83094402709872395,-0.55634527506565323,-0.0034581412748142318,-0.18417667639954677,-0.28093649595019049,0.94188833579869979,24.01909632084346,-1.9103764884013701,6.1726509665021334,,0.15657463617754,0.5,False,5
-0.024114688021418997,-0.88377123845304817,-0.46729742124774853,0.99854999716392556,-0.043796915717277354,0.031300692285931478,-0.048128837359264105,-0.46586503223231923,0.88354591660967263,12.855352205020836,11.093923069284378,1.5505263268859388,0.2099203327176259,0.1570218432990799,0.3448275862068966,True,5
-0.10279943923426788,0.97982909265773022,-0.17136867996996735,-0.99455554535067991,-0.098290132465622446,0.034616716656871299,0.017074615817985004,0.17399425002401475,0.9845986280983986,-39.04097141876936,11.429503790123588,-15.238433394281865,0.4430674724378452,0.4391119069507908,0.7818181818181819,True,3
-0.48544886318797037,-0.76218452033252171,-0.42826879199282164,0.85928870842396787,-0.50624684550164689,-0.073055095610781676,-0.1611282619672168,-0.4034710502441472,0.90069350769854495,13.132760153516939,9.4510946034554717,1.8372374422125495,,0.132257319287027,0.3333333333333333,False,5
-0.97587057544536793,0.086075471307517304,-0.20066796759601252,-0.039882997543536747,-0.97382730193725398,-0.22376267005144052,-0.2146764227549634,-0.21036016552759301,0.95376235733663506,24.415198681159804,4.098171674518845,5.6732080970969472,,0.3119453430597133,0.25,False,2
0.88337653202552746,-0.30580957032787459,-0.35514280136648163,0.39876520738162152,0.88858202443940926,0.2267339745716386,0.24623609006082728,-0.34191006498645349,0.9068987239005879,-29.6645852523096,4.2238300527330903,-11.529466494605824,,0.3714834706176999,0.375,False,5
-0.70127695681995594,-0.54377704325752374,-0.46099583193283455,0.67979134216668136,-0.70483458909619368,-0.20271145288024869,-0.21469597329377896,-0.45553784611128018,0.86393918177828477,-9.3279133135685992,-25.124068473986469,-2.214803964074135,,0.3540392031342399,0.3157894736842105,False,1
-0.76351227065625016,-0.58143553391008507,-0.28103688808416549,0.60714418383427016,-0.79457205281218657,-0.0055850627611676654,-0.2200567031325231,-0.17489417599372045,0.95968071493071228,10.213217355816042,19.739522700590179,0.00075419629690101891,,0.1591080792799923,0.5789473684210527,False,2
-0.5879548518764961,0.80592341546160406,-0.069257061485385629,-0.79976928510701539,-0.59201176623330631,-0.099454307301065137,-0.12115355031653406,-0.003084971964897848,0.99262898415957757,-11.910108908641394,-3.5121929611319018,-5.1119277583810474,,0.3960433239222059,0.4210526315789473,False,1
0.86948620064279103,0.47623004036715,-0.13114379719859909,-0.42851831818376496,0.85928524779032589,0.27928643703351724,0.24569452145443177,-0.18663818361155859,0.95120996133632685,-11.282665996727019,-6.6818724606150282,-4.4977167116394208,,0.3541936117985767,0.5454545454545454,False,2
-0.29116642212217414,0.95067173898708712,-0.10698298612321142,-0.95599708002761374,-0.29333699804968194,-0.0047946380339957684,-0.035940194869365977,0.10087938474469532,0.99424929073461443,-7.9766356388397677,-21.157295208128332,-1.9859253481929151,,0.3071993001198614,0.2142857142857143,False,1
-0.6243413649961197,-0.70737103308692029,-0.33139716580611311,0.75546966696067208,-0.65467252624187411,-0.025874034985163885,-0.19865407687010278,-0.26651473680384946,0.94313649744311223,23.520960362947132,8.8397647358836995,5.1194897556710162,,0.1161287695995527,0.3846153846153846,False,3
0.74593968024632562,0.66023635314932316,-0.087532573446071571,-0.62712633783390981,0.74054478397522217,0.24146631094651816,0.2242466272411659,-0.12522532055129298,0.96645334562191232,-10.647756186037553,-24.08260199223206,-2.6921230649760424,,0.475072947547961,0.4324324324324325,False,1
-0.36398690437627446,0.93138939877338245,0.0052269776290204129,-0.93055797503073356,-0.36341138213536273,-0.044654478399892499,-0.039691164624861913,-0.021117651077306343,0.998988816886205,-26.707541523026432,1.2294715677318515,-10.185788951755482,,0.7446822979737432,0.3768115942028986,False,2
-0.33771621046842293,0.92303324275561516,-0.18427532106850858,-0.94021760486188222,-0.33997638346172171,0.020172114318391523,-0.04402972512557729,0.18007135101493044,0.98266764058303258,21.197022236050419,3.0908576053388463,4.7788660469747208,,0.08949292714576063,0.25,False,5
-0.84490054903644118,-0.43828044898886415,-0.30668112147969262,0.46420445908395896,-0.88562949833225824,-0.013214077732608943,-0.26581437584241258,-0.15352732563903393,0.9517205881337425,-9.8594775693885044,-16.679985721031816,-2.903024088821931,0.3749170809924793,0.3899388931534488,0.6923076923076923,True,5
-0.70596744190484284,0.70307594535770668,-0.085406006988385214,-0.69539701661863873,-0.71096738235606194,-0.10463446135794263,-0.13428685806224555,-0.014477440558924193,0.99083673905776937,-20.053956546978974,14.710501976718847,-9.5876057080312176,,0.4047220637958922,0.1612903225806452,False,4
-0.95715029468043133,-0.078881391299060161,-0.27864141741652088,0.10977300154436742,-0.98920841723354391,-0.097039143680512974,-0.26797985283431947,-0.12346834971372816,0.95548017514434336,29.591445702006926,-10.798483946513766,8.2263812756987971,0.8944854293016699,0.5913523064187775,0.6585365853658537,True,6
0.62371740099316053,-0.67348215164110281,-0.39673466589045076,0.76941781466598924,0.61843707696616301,0.15978675886368557,0.13774189694116465,-0.40491650158325077,0.90391913165538806,15.84232757578023,3.5297231663827917,3.2460673478973217,,0.6200757995719973,0.293103448275862,False,3
-0.32471787246564443,-0.82104031596068872,-0.46952220700256264,0.93700175394753382,-0.34685156196266675,-0.041493458078390166,-0.12878670894401439,-0.45341679890717557,0.88194511737870573,-23.748316669901165,20.881006471340633,-11.491140502117787,,0.5366949829031143,0.2380952380952381,False,3
0.20385488311660233,-0.93563117928076067,-0.28816225114891403,0.97869344887224641,0.20214162089206053,0.036026354765351716,0.024542203732853395,-0.28936665575152881,0.95690366222264611,-10.569063013984215,-19.623689343965797,-2.9597008697171234,0.3667249524427603,0.2868807957089148,0.4594594594594595,True,5
-0.41919860034653006,-0.83468569381502167,-0.35717268373721989,0.89582147846083815,-0.4442153148468253,-0.013290326699379344,-0.14756833059891478,-0.32553424796182917,0.93394381051976461,22.554036271086108,-2.0172766465434457,5.7541198003238021,,0.1239933725351655,0.2083333333333333,True,5
-0.078831921529695995,-0.94801501735586691,-0.30830675473575192,0.99522874648290904,-0.092678229337928783,0.030503901075828909,-0.057491480429656176,-0.30443106391191654,0.95079780027273153,-7.309636392114375,-20.275861290717273,-1.8379014634105397,0.2767774353604928,0.1555492413553139,0.24,True,5
0.12409551355682505,-0.94416871308379702,-0.30519787802138049,0.99219110829555524,0.11418513742659814,0.050185246936781315,-0.012534278371915918,-0.30904238483508123,0.95096566512211156,21.044224277309059,4.4361438952977625,4.6295011039215828,,0.1232241547638141,0.3529411764705883,True,4
-0.26779071647905023,-0.88473216827599643,-0.3814932798691078,0.95698536609368567,-0.29013410990406668,0.0010987960265005647,-0.1116563533802255,-0.36478923872261826,0.92437095911868705,10.610275399306881,21.179532631635791,-0.023879976137526387,,0.3035132076841086,0.4761904761904762,False,4
-0.38070733796741224,-0.87602558796847507,-0.29604238217230655,0.91275687999570654,-0.40729218336585704,0.03143175765967493,-0.14811077218848753,-0.25824842031183937,0.95465750537466054,-32.205481325931316,3.2501952696245242,-12.255684712042887,,0.126343270309961,0.1538461538461539,False,2
-0.96256608554129164,0.13319458657551256,-0.23606298539307979,-0.1277225788740482,-0.99106653911448728,-0.038393461596933867,-0.2390679271911596,-0.006805670768629625,0.97097899515587449,-21.656768161030811,8.1416479424780501,-9.3192139768336979,,0.2314616477180872,0.6190476190476191,False,4
0.37277666942775778,-0.83503378325605471,-0.40466793244761751,0.92430218951616328,0.37263040076278481,0.082535125146776772,0.081871956040978203,-0.40480262505133013,0.91073147390741782,18.962672776477763,16.266415418877859,3.0698026973538508,,0.2426895808785363,0.5,False,2
0.79431415153605467,-0.45359341113880869,-0.40412627487088387,0.55380209764360311,0.81410458767349558,0.17474826744352223,0.24973639165148254,-0.36261100052318773,0.89785577738547184,23.144255252236348,-7.8811857255809468,6.2807076731689744,,0.2262343841598369,0.28,False,2
-0.94903615053909962,-0.038029691831992715,-0.3128643915646056,0.08085413409744116,-0.98884870166745753,-0.12506340076111983,-0.30461942480623283,-0.14398606790154089,0.94152802309913886,-10.174409388867934,-31.971502302035521,-2.0465486203259964,,0.3258594898458199,0.2413793103448276,False,2
0.9615519725668048,-0.048347967960293559,-0.2703336420925036,0.13094880950990917,0.9459852935372326,0.29658764926951064,0.24139223960356493,-0.32058430779654068,0.91594513386653731,13.808417727646088,2.9654701597594175,2.7096407495376895,,0.2919150794303507,0.1296296296296296,False,2
-0.14257265827089069,-0.90849396146306416,-0.39282535444993971,0.98751719253385928,-0.15741043156750562,0.0056347567628720827,-0.066953951068005779,-0.38711842893212989,0.91959582992611655,-16.283490853798824,-27.791234883820756,-4.1985793223836492,,0.1922114814195502,0.2105263157894737,False,4
0.96175173468279085,-0.078712265832038594,-0.26236992975992762,0.10442328941365674,0.99084938062614092,0.085517726471331157,0.25323778837818528,-0.10964435288869286,0.9611705043419434,-16.735715420372848,0.037080408896061193,-6.9056293141634502,,0.09723479628249182,0.4736842105263158,False,4
0.56064320614372198,-0.76309380451082054,-0.32150745080338383,0.82030452115582753,0.56482824648821972,0.089830643659902898,0.11304728203808163,-0.31409695555074246,0.942636416937919,-12.927409085422912,-6.3874470333151088,-5.0521355185661498,,0.1216414753761514,0.2857142857142857,False,1
0.33601709601473573,-0.77942564699217232,-0.5287609781334639,0.94060815813850296,0.30658777002423215,0.14580888901182176,0.048464461506521464,-0.54635116919651794,0.83615285438039433,24.288667171297188,10.990104566545909,5.1231587969236312,,0.3763055089656225,0.5,False,1
0.82181293389245258,-0.47243034239995446,-0.31848559349983419,0.53558158654497146,0.83124023957516313,0.14896989046447237,0.19436014468262572,-0.29300040220260326,0.93614897236928174,-15.314431906995559,-11.674856975689352,-5.1703933131490434,,0.1079874485098892,0.2,False,1
-0.87110404123587459,-0.32188880577363177,-0.37089802649805531,0.42352473100393395,-0.8747197515916687,-0.23556773633809466,-0.24860521227555205,-0.36228849401138014,0.89829978043879843,27.062324998109002,2.209358175083139,6.5777777003034741,,0.4291438989925206,0.1111111111111111,False,1
0.77777483625299038,-0.56143099267302832,-0.28259784952793049,0.60584013937844905,0.78938214422547881,0.099164287401692808,0.16740379210022116,-0.24833660794204757,0.95409899881841542,-6.3745872337685903,-19.730722673534736,-1.5640656706247191,,0.1740824250960632,0.2285714285714286,False,4
0.95808200520984044,0.020949215852285201,-0.28572714545220584,0.05491343994199066,0.96540306098205619,0.25491458169397452,0.28118212142102667,-0.25991933402817696,0.9237849069948697,19.844459560185374,16.738098534409239,3.3105325543847237,,0.2051659563403593,0.3636363636363636,False,3
-0.85823760558089301,0.46616988712388807,-0.21474135304052586,-0.47406981620398642,-0.88033458187397173,-0.016396137383454329,-0.19668762475329493,0.087730612078566195,0.97653331636622931,22.264932302606237,3.5092221310987406,5.1042741557434139,,0.07927950844116559,0.1904761904761905,False,4
0.83117887850516359,0.53054856746956425,-0.16631262574708688,-0.49452523291114553,0.84214652569980031,0.21502098331542421,0.25413867462681583,-0.096475109783549645,0.96234405866674111,-20.895689983989168,16.586351782951517,-10.311708386441344,0.9484525450420291,0.5691953291537537,0.7662337662337663,True,2
0.77039859629546514,0.623030039285556,-0.13534981704389121,-0.59487027392933778,0.77880492274706048,0.19897801260485889,0.22938038281686349,-0.072776798863259495,0.97061226940833878,-11.666501229011478,-13.339077567779276,-3.7168080742228407,,0.1881157045705352,0.6046511627906976,False,2
0.8998204401610167,-0.28049911269734756,-0.33413084749007488,0.38661744046489394,0.86754733823322261,0.31287149223415295,0.20211415140165007,-0.41070897689294805,0.88908267675325903,15.892720514653806,0.12922227193260055,3.581760973977981,,0.477798496199016,0.2244897959183673,False,4
-0.83632370601834649,-0.44368726839153522,-0.32203146836760682,0.4923176147548759,-0.86624911749692046,-0.085063697532358915,-0.24121779568226062,-0.2296825511506364,0.9428997299517734,24.041147958545253,12.165986940012997,4.9696739954959961,,0.1782819219075191,0.3684210526315789,False,3
0.028031494024050141,-0.841331255392887,-0.53979251017572394,0.99897625279797442,0.0043971675426813777,0.04502345237007039,-0.035506079599105962,-0.54050197373981057,0.84059320404989701,-7.9496530607135707,-14.39576858491596,-2.5004750837959651,0.752842595458818,0.3016156584047028,0.3333333333333333,True,1
-0.43541488436982995,0.89976199820216296,-0.029021114045792606,-0.89696244750523946,-0.43635318053659267,-0.071093386478708748,-0.076630582893638333,-0.0049242691692439056,0.99704739372736462,3.2668534912299458,34.733739683679097,-4.369423598414981,,0.1433809880417528,0.375,False,1
0.67953135040069934,0.72517232173701185,-0.11118564479802942,-0.68808283131359771,0.68254358825429207,0.24632553132880522,0.25451750641962684,-0.090880987667976726,0.96278839056483645,26.425225790506428,-3.4875356357888818,6.8495534709045467,,0.376594016620761,0.4615384615384616,False,2
-0.00060519456154354504,0.99350183180958118,-0.11381451546507221,-0.99861141143048293,0.0053949998930906216,0.05240365385135274,0.052677155393600399,0.11368818833616792,0.99211900149754151,0.8627812295492554,37.910479335826615,-5.4562430642013924,0.8580629337891771,0.3374480290489303,0.25,True,3
-0.35065379640068695,-0.84411558300957967,-0.40559930669341987,0.92707308973627334,-0.37419055311332294,-0.022735792213716993,-0.13257979241432463,-0.38399259430507598,0.91376817966168644,24.150153048103736,6.1844762944943303,5.4815605356985442,,0.0893914948206492,0.4166666666666667,False,1
0.9222923055593355,-0.28410020659599172,-0.26203811882655664,0.33591565084566993,0.92454620641713658,0.17993050802076824,0.19114805419615372,-0.25397122831493446,0.94813555811667993,-25.173959475350319,2.3375857517283993,-9.7834213184090544,,0.3378584688315734,0.1176470588235294,False,2
0.96268143667449302,-0.042865630538448586,-0.26722086221115604,0.10362701195947821,0.97051217852081262,0.21764088249944016,0.25001178747147618,-0.23721013692784323,0.93873609553696702,18.121254606750881,11.437637901312366,3.2239141259826103,,0.168368349507091,0.2592592592592592,False,5
0.17383300839459931,-0.87563341956889795,-0.45060869912437429,0.98476830909916546,0.1562710465624344,0.076228192948878143,0.00366913974291911,-0.45699614280687217,0.88946110812850465,-8.6065456416467665,23.302038989162014,-6.775662980144646,,0.272934597750882,0.2307692307692308,False,1
0.89173711501697095,0.4328940440775304,-0.13193810785141161,-0.41092155532355817,0.89667106396925134,0.16469510742799595,0.1896006146395034,-0.092648527470501812,0.97748036158578167,-15.794607487500715,1.4265873698179876,-6.6817133157121118,,0.5385349373864796,0.2922374429223744,False,2
-0.76713537629597928,0.60170707028168835,-0.22237786762232473,-0.62032737490810308,-0.78413068729428925,0.018248648799453111,-0.16339296917201368,0.15194626292348004,0.97478975723421546,-4.8341510685555811,-21.630166044041331,-1.0245112589620999,,0.3506564553931925,0.7843137254901961,False,3
0.69929127759669951,-0.64505170470517237,-0.30805844791877901,0.69921423415926676,0.70683711113521697,0.10714827609948568,0.14863096523351463,-0.29032670662371451,0.94531436019706261,5.2105379523613937,27.000905562923762,-2.4281852721115702,,0.2173299153858025,0.5,True,3
0.0083369212288921298,0.99001495607349288,-0.14071560856999538,-0.99894659084381898,0.014595693021916857,0.043504877734830152,0.04512432144571038,0.14020468072076217,0.98909374839701347,-38.563234657740864,3.6430702490218692,-14.321071403433683,,0.2727390780028542,0.2307692307692308,False,1
0.34243557492342802,0.93950476784828996,-0.0082866288195180826,-0.93128410052364785,0.34057961285888583,0.12928824933748789,0.12428918351458505,-0.036555690326168067,0.99157242819980418,-1.3787893981531063,-28.787110342988949,0.51881480951634373,,0.4244482392523779,0.375,False,4
0.44025056684406355,0.8697976675554282,-0.22278118391959806,-0.88229415049965954,0.46510553912371438,0.072345486870456985,0.16654269839162927,0.1647083938103216,0.97218037144393077,-25.149275950801542,21.953566053639229,-12.007441449482787,,0.2334080182484705,0.5769230769230769,False,4
0.96559664023475955,-0.013316893454644124,-0.25970327051475833,0.061037059079309293,0.98239450723827193,0.17656587883003214,0.25277975746940851,-0.18634294324387579,0.9494096595869016,-30.868778914387853,4.7640314547445612,-11.930995970037291,,0.09863533040685624,0.1764705882352941,False,1
-0.48610919932484303,-0.83222297261551847,-0.26665102696736664,0.85809440289482886,-0.51232181974602309,0.034646049308571479,-0.16544437751803018,-0.21196999047769646,0.96317022435525823,-35.411147186640825,1.0873488495188104,-13.194418013986914,,0.3654428928250725,0.5882352941176471,False,1
0.027629453876893896,0.99521913140290708,-0.093677605478090592,-0.9987201968858016,0.031454599692168413,0.039605258370475481,0.04236250241488649,0.092463444927439353,0.99481452027063832,10.619132047172164,24.054260731603136,-0.31103394751441793,,0.3323276424779567,0.12,False,2
-0.54632242963607691,-0.77136153040957656,-0.32639422832018578,0.81847884046584041,-0.57440047758780044,-0.012509158908576942,-0.17783191666915973,-0.2739808036178859,0.94515095548947659,-14.688972992129425,-23.272870363506566,-4.0187354939333959,,0.1331822589449298,0.6086956521739131,False,2
0.76326226882022463,-0.5404757737736009,-0.35400091378304788,0.61976643157158484,0.76728368733544894,0.16481903241417026,0.18253843237091019,-0.3451980317335932,0.92060742968695752,17.750851829076812,15.475591209574047,2.8373563027838609,0.1429287933819078,0.1940477286214269,0.2727272727272727,True,4
0.56631176059507693,-0.76212323879283583,-0.3137820241881677,0.81650884837806337,0.57064297561104704,0.087635009591490121,0.11226883063448573,-0.30583453578314135,0.94544219621840297,-22.584791993956596,27.753337704076383,-11.97093450142291,,0.6108283796838737,0.6190476190476191,False,3
0.73735725027689192,-0.59206524268433802,-0.32521229046460753,0.66350209517691461,0.72514387480066622,0.18420458879984494,0.12676456586895629,-0.35160362518638966,0.92752662258063712,19.901487084328142,6.7703299154815308,4.1898533338911061,,0.5927086523146151,0.3529411764705883,False,3
0.47105958263385672,-0.7962041298839303,-0.37968651959819555,0.8776989775741032,0.46601692533130923,0.11168137745447018,0.088019170492521698,-0.38585905310168261,0.91834928908628366,25.012415394280616,-8.8250690797828657,6.8722101916687874,,0.1377337834359888,0.2105263157894737,False,2
0.59376373571472163,-0.72074089176403222,-0.35773900135334324,0.802630442677983,0.56192265239296268,0.2000682513898806,0.056824278584467147,-0.40592548536258061,0.91213787428025916,15.783037161627774,16.47860317700847,2.1214938768305851,,0.1884537952891552,0.2352941176470588,False,4
-0.96518161322420382,-0.017862618180693374,-0.26097007561338209,0.077263855640922571,-0.97261978983807984,-0.2191826658904133,-0.24990948382448847,-0.23171463330368375,0.94013487256218586,23.217402487297658,-14.260922873723237,6.7699468697926442,,0.3301491740915373,0.2,False,3
-0.41321374600279059,-0.78023697492559818,-0.46955794431922276,0.8989710504719074,-0.4317715781372401,-0.073650218779810539,-0.14527715074222114,-0.45255228125801128,0.87982440418551311,23.857172419131604,-18.084116722432451,7.1467783719074998,,0.3804302434726555,0.4074074074074074,False,2
-0.20619180922137642,0.97690654851451897,-0.056022614000654253,-0.97843174468354055,-0.20656819426751499,-0.00094979607390183185,-0.012500352216609188,0.054618463787523441,0.99842904835944779,11.986148112442988,6.0416274915813464,1.9030009549587081,,0.1959710022970369,0.3684210526315789,False,1
-0.78154452712734201,0.6029145153309311,-0.16025679180792984,-0.59296030714083614,-0.79774998176427492,-0.10951274241177122,-0.19387167475613104,0.0094368320092088065,0.98098150845410215,20.961993414533595,11.833393573592101,4.1284883828413301,,0.2754744613158461,0.325,False,3
-0.52586062276182077,-0.71528232488699095,-0.4602627522761441,0.83247878675274711,-0.54382675434737004,-0.10597891706693166,-0.17449835252868245,-0.4388891169307646,0.88143443772325436,21.538888327574369,-12.532600561369435,6.2090231060555778,,0.09901022085410882,0.3333333333333333,False,2
0.10671502577219147,0.97317877745981907,-0.203801301213344,-0.99084611135670297,0.12113177560657475,0.059590909941854842,0.082679422371835176,0.19557648130644459,0.97719698785661913,31.17528298220136,-10.178352500519164,8.6699013006310928,,0.1314669595281368,0.2352941176470588,False,3
-0.86222737843036779,-0.43100299491697336,-0.26608338215246474,0.44218301399188265,-0.89671007670172742,0.019627034382106962,-0.24705896061901811,-0.10073458549168399,0.9637501819785399,-10.606469117393766,-8.3665405388908294,-4.0028744133588345,,0.8656524809217581,0.532258064516129,False,1
-0.91813011602237726,-0.20337034815549657,-0.34011408607090898,0.30267817202688002,-0.91386258296041467,-0.27063093622752615,-0.25577922947574139,-0.35141952273035865,0.90060052454612993,-9.4540524345603956,-31.420238956021262,-1.886400060672218,,0.4284182026669615,0.5,False,2
-0.94741997864398364,-0.13040754130498819,-0.29221440285691053,0.16179602210596014,-0.98308257915254094,-0.085852721549613653,-0.27607504649446424,-0.12861771160137953,0.95249149758173857,-4.5554006065570984,-27.017559584250087,-0.55059823901790084,,0.397827512490836,0.25,False,2
-0.14440948754091806,0.98844336235596419,-0.046104439293928268,-0.98950841577368687,-0.14404603660538742,0.011128092888268729,0.0043583278008857834,0.047227732877171663,0.99887463989534975,21.00586183836511,-3.1434099651354064,5.3778923637810685,,0.3420402157911562,0.4090909090909091,False,2
0.65923090498491288,0.74066695271816674,-0.12971923166577526,-0.72538140977265908,0.6718563587460249,0.14976930115602491,0.19808186254426191,-0.0046366327996981704,0.98017451373073272,28.045522570539571,-20.298051367751562,8.4527790929829507,,0.4830873079461963,0.2142857142857143,False,2
-0.93780114592329922,-0.13464629081373128,-0.31999904230333553,0.23227081778468198,-0.92839390570289038,-0.29006037829970693,-0.25802960665509456,-0.34634539440252138,0.90192327271535699,-9.7631542334362713,-12.518467113426846,-3.3646627183402673,,0.518341302462942,0.2950819672131147,False,1
-0.29823137249431203,-0.90055153525223464,-0.31633049302114707,0.94219285005103781,-0.33078554403757615,0.053418696806149468,-0.15274384364962634,-0.28211319751228892,0.94714384441674471,-11.245126635054879,-30.44806227566519,-2.5444537267260996,,0.1705691513241241,0.2222222222222222,False,2
-0.81637174928278489,-0.50539844481499452,-0.27948090981595219,0.52447953287839577,-0.8513892477866235,0.0075873806408104441,-0.24178169195500945,-0.14038789382248679,0.96012126979015555,25.559363362136818,1.2951251585789183,6.1609372427143443,,0.2227140580404628,0.5517241379310345,False,2
0.51595424139079693,0.82850451309749573,-0.21764993123805093,-0.83906364086096208,0.53996833776512754,0.066380726090565861,0.17252080273402723,0.1483727265647089,0.97376696731597967,26.723290646835313,7.9887385281958547,6.119071143172353,,0.6933831280148024,0.7567567567567568,False,1
-0.93195504597553813,-0.24432373045274275,-0.26789122236159457,0.2548949432415859,-0.96695657198897944,-0.0048534314862539243,-0.25785336955448629,-0.072807297882688526,0.96343693991066182,-10.704898030535603,-21.70026105617665,-2.8386707601557561,,0.09677166625599253,0.3846153846153846,False,2
-0.84977251444942514,-0.40726634630780861,-0.33469508041109686,0.45975244443099034,-0.88320887906814083,-0.0925730294142324,-0.25790378734332625,-0.23254289733356134,0.93776832819928502,24.621877339039173,-16.325056042421874,7.3160512973952754,,0.1811540221350296,0.1428571428571428,False,2
-0.92474054466178124,-0.20422040975047062,-0.32116810131142087,0.2810258807219006,-0.93546102439932044,-0.21432948046000461,-0.25666978673601859,-0.28845570902848383,0.9224499577244083,14.01516441188812,14.98780044836967,1.6800237456724538,,0.3990263983116767,0.3214285714285715,False,1
-0.067882471601724462,-0.87308256554299102,-0.48282378130546844,0.99584261620164016,-0.088756739087866021,0.020487191685595308,-0.060740874260376901,-0.47942577633180949,0.87547785305096548,24.326807042142182,-11.341836834570035,6.8882680649382202,,0.4678107175499793,0.5483870967741935,False,1
-0.37529306748606694,-0.8771557242991791,-0.29958796508885521,0.91647890187210423,-0.39949889030517033,0.021611549417832589,-0.13864175388460817,-0.26645538458458717,0.95382387897644916,-23.429725913082951,22.461303186033394,-11.590668080963166,,0.6968991152433457,0.3529411764705883,False,1
-0.77689437433830577,0.56953594946920449,-0.26844726369196753,-0.54263917263284278,-0.8218924382284154,-0.17330766949934726,-0.31933972419014328,0.011028247601634428,0.94757612797547897,-15.764562897535164,6.5073551121882298,-7.2520590658428992,,0.5721469568613105,0.8333333333333334,False,2
-0.40268551407589587,-0.80146769970847065,-0.44214692476307427,0.9060770319252387,-0.41756297022745947,-0.068305037240100952,-0.12987990210568126,-0.42812462229920123,0.89433803386090249,23.531036386565308,-16.058171954275412,6.9558791908051711,,0.2501956098415303,0.3181818181818182,False,2
0.87339371446752212,-0.36414442879346126,-0.32339179721710448,0.43836395324074934,0.87710712089457321,0.19626549104510319,0.21218026304952875,-0.31318035291939539,0.92568763766052109,5.8996144391873049,32.952380351268999,-3.1178311480376846,,0.5410497289598155,0.1363636363636364,False,1
0.62729382655220811,-0.65646388745428752,-0.41899596613558676,0.7701862527750567,0.60265000452622586,0.20886863833725255,0.11539320259792508,-0.45372694047515622,0.88363808897152563,-25.025059586687195,24.493891724416123,-12.274542498510177,,0.4913510771642569,0.3,False,2
