axis_00,axis_01,axis_02,axis_10,axis_11,axis_12,axis_20,axis_21,axis_22,location_x,location_y,location_z,dbh,dbh_approximation,score,reconstructed,number_clusters
0.085210546014757346,0.99126772430396803,-0.10063529003833466,-0.99282111993784572,0.092982222564396338,0.075236494418244426,0.083936801542758357,0.09350189859151456,0.99207459815608334,7.2462889644697288,-7.2338686376779835,1.2011023902665419,,0.1547419474084352,0.5151515151515151,False,5
0.73456708798668757,-0.56508866455810614,-0.37561415632893191,0.66951984983244917,0.69356474281743408,0.26591562233333016,0.1102468318233838,-0.44681399788785053,0.88780791129860048,6.8779335630341079,12.087396969265264,-0.84534100812042268,,0.451913854240206,0.1666666666666667,False,1
-0.9597602082357688,-0.17209868843549753,-0.22190625075922826,0.17023485842729122,-0.98501557635450798,0.027647917014468198,-0.22333928374443238,-0.01124080859103694,0.97467595053881695,-9.2194251494852182,-7.0044866532861558,-2.4849395333657824,0.1965582867126985,0.1708543853288784,0.7073170731707317,True,5
0.49500095303638253,0.86709285002590575,-0.055893165297968866,-0.84969189918713384,0.49650835584434044,0.17749120832455903,0.18165278128571413,-0.040366347502624272,0.9825338798435721,11.966069124260489,-4.2908258281961844,1.9376087567175224,,0.5041926985217993,0.4044943820224719,False,3
-0.56943801226214186,-0.77686143904035077,-0.26875017157779602,0.80592790602857245,-0.5920025077862584,0.0036388266213463819,-0.1619276396275201,-0.21452117682628685,0.96320304412814417,6.8313046251959868,11.127276432047623,-0.78539956583795578,0.2688299586377874,0.3065014327650064,0.379746835443038,True,5
0.89886643097053409,0.39867997418605522,-0.18191596262368231,-0.37634912962523392,0.9149630403169392,0.14561582154529817,0.22450049421910773,-0.062425259606904968,0.97247242380356858,-8.3659707283940445,-10.334743314011185,-1.9429340893647391,,0.07524977355478271,0.375,False,5
-0.94252274528035485,0.28772709467962493,-0.16989406586577802,-0.28566913810906369,-0.95761469573225688,-0.036976182193971731,-0.17333210366578902,0.013682598614272526,0.98476838309013193,18.119095216941044,-0.94533150286994505,3.0316196340807977,,0.1007964908600008,0.4,False,5
-0.96919033223974937,-0.11344612160627938,-0.21863228806719545,0.11134524232904007,-0.99353939973745287,0.021947623562227278,-0.21970966502111655,-0.0030722405236463628,0.97556046682636399,-11.008044710493786,-10.092010584113368,-2.502359386939184,,0.6347753585630664,0.5294117647058824,False,1
0.19092248015099009,0.97856961965173339,-0.077136930634143008,-0.97491419511694899,0.19819425565900853,0.10129831777104227,0.11441555284342382,0.055861762579007018,0.99186115195076596,-16.728051497443204,-13.428306881811713,-3.3444338810682104,,0.5194105240935851,0.6666666666666666,False,1
-0.75460087608031523,-0.57860412925224669,-0.30950731724964181,0.61642277246090826,-0.78676152251109743,-0.03208227372906753,-0.22494551209221419,-0.21499667045856502,0.95035569566415667,-20.767341001556446,18.195872362881026,-7.3824245036242671,,0.339398708032595,0.5384615384615384,False,4
0.84605865731448382,0.4948738057399622,-0.19820359425514489,-0.47720848769618218,0.86879380539320583,0.13217179343987925,0.23760641332660759,-0.017240652622146135,0.97120850091173905,3.9767269715024889,4.6455309729818888,-0.74029854420348229,,0.3176269340023364,0.2678571428571428,False,4
0.34176573442645158,0.93975711490736502,-0.0072627648271533229,-0.92870720655454053,0.33891009028810332,0.1504754969906143,0.14387184319946336,-0.044682386707694338,0.98858706093722171,-9.6210892558394505,-4.7965241819722024,-2.7793419176418741,,0.0722117325878759,0.35,False,2
-0.083113182797164634,-0.92745949164362618,-0.36456973298049689,0.99311122535681762,-0.10740747382010761,0.046837256942115241,-0.082597172564222499,-0.3581655007503215,0.92999740922040575,3.0678779087855275,19.551767441839417,-2.4050592400228266,,0.2518977929983714,0.2307692307692308,False,5
0.53842813042972859,-0.8087112216879726,-0.23681492410296967,0.84068412864780384,0.53479964119000734,0.085085484206903636,0.057838950557829241,-0.24489896630853206,0.96782185969287904,12.810985081121522,2.5149507946505052,1.4395220280308174,0.4603886008252062,0.4103213522025452,0.9026548672566371,True,5
0.40774004037117784,0.91188348537006436,-0.047080448037976536,-0.89484059056788468,0.40931503302437727,0.17810536547890624,0.18168207657948082,-0.030491192984189008,0.98288448466753775,6.2461410004536466,21.453222696561788,-1.8035576872132248,,0.4516728382011451,0.4666666666666667,False,5
-0.78430836233390966,-0.57740694553502048,-0.22685151976792817,0.58207668173437765,-0.81141464983511613,0.052848865778290705,-0.21458594864109043,-0.090595172503140448,0.97249441405333015,0.87879926959305554,8.8314511551940686,-1.8557144724762886,0.2030818692918975,0.1579761183830969,0.6178861788617886,True,5
-0.67153537663651375,0.73057083313096094,-0.12371942330931779,-0.73516755302911985,-0.67778050073384155,-0.011927355036232913,-0.092568390386960964,0.082944864839950949,0.99224555554451876,-1.4180231553231346,7.0472361106269439,-2.1767961098780777,0.4366906975916544,0.2044513482696087,0.1,True,5
-0.039060309889506581,-0.93952052229427951,-0.34025796152216636,0.99574354543728527,-0.065046089098410531,0.065297764226555116,-0.083481039232396165,-0.33625911806356412,0.93806221627768061,-25.799044744026034,0.80687132613474521,-6.7102099678022622,,0.08675320266208777,0.4666666666666667,False,2
0.89010712130106817,0.41241853540245133,-0.19395943974352742,-0.38624400270346237,0.90853603445553011,0.15930425126602318,0.24191916622031809,-0.066882178136760881,0.9679885801304422,14.636899074646985,32.158244455521931,-0.57349078393846631,,0.5428249906190006,0.2727272727272727,False,5
0.97644023170366068,0.068108366601920906,-0.20475772100050302,-0.026192200562603012,0.97927564226167829,0.20083123537603831,0.21419253614491304,-0.19073664270872473,0.95798804302977314,4.7281819953576898,21.05367874942052,-2.1665381554515468,0.2552458715579173,0.2085064129597211,0.1875,True,5
0.88281187602244193,0.42093604872415863,-0.20846111013383209,-0.41335865691553797,0.90696997106096477,0.080870837430160547,0.22310941779028381,0.014775468796816946,0.97468142139630187,-0.24331990809302773,2.0870479616647191,-1.4477183541645438,0.247249501846447,0.2047099712276052,0.8337837837837838,True,5
-0.97690894714122167,0.03124458427693488,-0.2113591373676354,-0.040934868340086777,-0.99829428985119328,0.041627483763508673,-0.20969798651729876,0.049318219796166074,0.97652161657934011,1.1393155728941846,-1.8056806598492696,-0.79079150329533821,0.2436068314646388,0.2178058982513749,0.8267543859649122,True,5
0.96624750050896602,-0.1110050733706736,-0.23247288324909471,0.15184748867070319,0.97438663417859772,0.16587051371025571,0.20810600170244126,-0.19557239278608535,0.95835449142545837,-0.79679408303455979,10.983422553239956,-2.4707534920187917,0.3614434269288839,0.4135361602424573,0.6349206349206349,True,5
0.37878742670601739,0.92538215986124073,-0.013709251619951457,-0.91446049345649671,0.37651418005667631,0.14832086206447712,0.1424152073225837,-0.043645508666921462,0.98884426392454328,5.5704138824434191,-10.023138201513484,1.1374399599766656,,0.3563131361754731,0.1785714285714286,False,2
0.76208066059149249,0.62493878118758583,-0.16936524590425334,-0.60811255936043562,0.78064323880839237,0.14420557843177506,0.22233349252988063,-0.006903149318720464,0.97494623678895687,-23.284858649482928,20.212995874840331,-8.1110732582293732,0.848807697009198,0.6181944001548406,0.9463087248322147,True,4
-0.28209025681520261,-0.90735131793894519,-0.31167077637210749,0.95072173800270865,-0.30794614029922163,0.036018766829545454,-0.12865948818117598,-0.28615163901203017,0.9495072277722203,-13.386581826705271,-2.1892590228503175,-3.8442760430598706,0.3132861263437062,0.2839808405288243,0.328125,True,4
-0.37763201708157007,-0.84645012742941605,-0.37538812108220809,0.9136322754795555,-0.40653443194669669,-0.002412642498732416,-0.15056601501319961,-0.34387779430562559,0.92686457355243823,-14.401094482647128,-11.659684586301527,-3.0331191670563995,,0.6619739502466905,0.2926829268292683,False,1
-0.9449731771019878,-0.22890128970533064,-0.23373038768848975,0.23984965865532315,-0.97062122640102422,-0.019146177234548638,-0.22248109088347373,-0.074152777635149769,0.9721129202763904,-17.45998353012185,16.579143996798376,-6.5615570559544887,0.7213262945113681,0.6204243171130422,0.9195402298850575,True,3
-0.39354076422359607,-0.87933474057750127,-0.26813444558244581,0.90640198069837952,-0.4198449435093326,0.046536789701256923,-0.15349630705773279,-0.22472346878584548,0.96225685048041854,0.014069281045174853,13.746060978737514,-2.5871196009190567,,0.08354767607477732,0.1818181818181818,False,1
0.35862866426027296,0.92975809651000141,-0.083278827711437464,-0.92113276601191696,0.36693625748456438,0.12989307264999272,0.15132715734502925,0.030127477778936818,0.98802450705058553,-0.84408328678324485,-10.766233305223839,-0.24786737414965648,,0.2453544755132462,0.2592592592592592,False,4
-0.85245805665585717,0.48269708628027286,-0.2007953797751722,-0.49926661500525971,-0.86557912848568852,0.038802312703588755,-0.15507452654678797,0.1333277736500999,0.97886444209083368,6.9879530219928405,5.5767512001393547,-0.16785331575624554,0.2312673666541145,0.1890257971951041,0.4193548387096774,True,5
-0.58998026912640344,-0.73316823184853475,-0.33821239753981458,0.78183048211598327,-0.62336543443655801,-0.012515286013931565,-0.20165410800632355,-0.27180853363684909,0.94098657895124094,30.080244328513185,-0.98338978390730714,5.8052739410542991,,0.4200473823849941,0.5,False,4
0.43915806116124551,0.89840919814995768,-0.0010535637834735434,-0.88066573287659289,0.4307160730693666,0.19726006016585768,0.17767403933616649,-0.085700508045483625,0.98035063047193283,12.995520280086151,11.884443756739891,0.55347260556469302,,0.3518170971233496,0.64,False,4
-0.9473556172252684,-0.21089381619015815,-0.24091727377770755,0.23809187582453495,-0.96709421820225361,-0.089671800395254075,-0.21407847434547317,-0.14231152944341433,0.96639424429649368,5.5684115648778825,6.3297338705267423,-0.56434300973230289,,0.3326463691695197,0.2432432432432433,False,5
0.1227133495960909,-0.95285538444706241,-0.27750324351464384,0.99188128507116524,0.10835264560614156,0.066567413317051377,-0.033360907608768524,-0.28341898405080429,0.95841573929225987,-20.34165177943126,-1.6876469907520546,-5.263886198107202,0.3510189003451406,0.3439135608248812,0.6739130434782609,True,4
-0.91586079911758878,-0.31296490712531816,-0.25149943051174756,0.33279209153344835,-0.94217433091977987,-0.039458256026573151,-0.22460725823642785,-0.11983529139575932,0.96705278164307495,-6.7481873818754998,17.789967774818567,-4.4771334233701285,,0.2448683435781441,0.3170731707317073,False,1
-0.97381210786592476,-0.12302983336247511,-0.19119005904211284,0.13626795250061316,-0.98899267685282044,-0.057658739604534992,-0.18199182315427168,-0.082201856635324755,0.97985806679880449,-3.4515489167610593,-7.3941793430579406,-1.1667566016640787,0.2838701472755468,0.2372769759803764,0.2023346303501946,True,4
-0.68415145851927606,0.72198288305395797,-0.10333198141447615,-0.72308932741282794,-0.68995505478005903,-0.033224192467375312,-0.095281721162092159,0.051987873206548435,0.99409187435158564,-17.641945455855993,-0.15033167359396266,-4.9073696712364985,,0.9080472646148575,0.8082191780821918,False,3
-0.75107816771834834,0.63353060998913036,-0.18579707259170952,-0.6499632851147108,-0.75893034995001163,0.039654153977178475,-0.11588491696394906,0.15054464497800446,0.9817876531555616,-1.6665381866969275,-3.4782976518695841,-1.1946557468990011,0.1381277771758503,0.108952923147995,0.4481132075471698,True,3
0.52300378767183153,-0.7247391541248126,-0.44857574227700814,0.84673544377430476,0.50199603540374094,0.17617908132141263,0.097499365829981172,-0.4719673070429532,0.87620815720088707,8.2599505103944715,8.3690510534418028,-0.14957257294293427,,0.3982810726257931,0.1851851851851852,False,2
0.83361471609019311,-0.4434578553774442,-0.32928959233766497,0.52762467045682571,0.81568228268886822,0.23722272410712308,0.16339740586433343,-0.37149366644872445,0.91394405930849598,-29.389979718834702,17.171214408979083,-8.9734839920322091,,0.4380471275983667,0.8181818181818182,False,3
0.25715622319206216,-0.90934580330718695,-0.32704875306474201,0.96623682480398387,0.23633343043491459,0.10262995689165005,-0.016033566861767747,-0.34239848081799912,0.93941801402103053,-7.2945708086827565,-16.261982921999067,-0.99372142700988975,,0.07611802884869574,0.3478260869565217,False,1
-0.8855126666610269,0.43461754468069863,-0.16424039405273294,-0.43830315299990674,-0.89870154001323654,-0.01502957245486998,-0.15413521094550825,0.058678205779972993,0.98630583741212141,-1.621759327674019,13.943559605190744,-3.0059264514825577,,0.1050103367389764,0.375,False,5
-0.9494195770117887,-0.15830630457360093,-0.27118550978805639,0.21619101216230363,-0.95588028646615097,-0.19888268955751062,-0.22773649915416821,-0.24745098883948866,0.9417558574680408,-9.3842528636790217,-2.7355257078499635,-2.9648133259180054,0.6466013629579191,0.2669746203150336,0.2631578947368421,True,2
-0.1166516549201249,-0.95467036929445404,-0.27385557762365603,0.98705398383748022,-0.14199948252786118,0.074569296311408878,-0.11007644795756802,-0.26161160706858905,0.95887566589836604,-16.305354328758643,8.1004238796775105,-5.5354834816272387,0.1877349162784229,0.1130611245307354,0.3928571428571428,True,5
-0.96873190232607287,-0.079829910046575164,-0.23491634016744278,0.089136020066776234,-0.99558991035212574,-0.029248937274765172,-0.23154539801595128,-0.049273886258377995,0.9715754282558986,11.474269664853589,21.878273973852579,-0.57909238287774079,0.230608861157294,0.2274577006351937,0.4333333333333333,True,5
-0.82421030032292408,0.53610212658356438,-0.18240584067999482,-0.54881009086911581,-0.83560436876343158,0.023933722311840905,-0.13958819793173169,0.1198325864531333,0.98293198453510766,2.3735734723653601,16.765750600494435,-2.3619946816230106,,0.09065498127398905,0.3043478260869565,True,5
-0.37262135616669179,0.91049013355731179,-0.1793349983223711,-0.92798128437160943,-0.36601589241043342,0.0698791983283511,-0.0020151388325279629,0.19245800372492572,0.98130314175472977,2.6946726074512193,11.152935331059075,-1.7050322827112334,0.1431042882982025,0.09582827736974357,0.2631578947368421,True,5
0.97721005488571366,0.019879319272535501,-0.21134171688410455,0.0046676192987267157,0.99335227171211415,0.11501946624143389,0.21222328326633377,-0.11338464159507139,0.97062103886636153,-8.8284970677621484,9.8223744614624842,-4.1082605444215856,,0.06716694275852575,0.2962962962962963,False,5
-0.34498016217675426,-0.89101158904860611,-0.29510512683716128,0.92731393611904467,-0.37217580127655642,0.039674132927589222,-0.14518109926537731,-0.25996830792469638,0.95464073205099831,5.4277334134229216,4.2304979674247667,-0.39036567337246186,,0.09083724622283378,0.4117647058823529,False,5
0.25758071786259251,-0.81772490898317518,-0.51476028111524863,0.9661575440467548,0.21032822104015753,0.14933733463412988,-0.013848244182382133,-0.53580594683387117,0.84422758393132635,-13.959737965768007,17.061025083503221,-5.8737397897442722,,0.4213750211359381,0.1707317073170732,False,2
-0.38600435136472711,-0.85451969020756957,-0.34755825378640692,0.90775259365265693,-0.41893666379462458,0.021847206812413589,-0.16427376371280711,-0.30706378942524248,0.93740384028413293,5.5623813986563597,-13.793364984869223,1.5754951957976611,,0.2197512779041448,0.2,False,6
0.65366309821747781,0.73480621511764255,-0.18106457481576388,-0.7317134176717297,0.67472611390901405,0.096644428749915676,0.19318392383396046,0.06931448213559302,0.97871112905616331,-3.6290429803792863,7.2598962321165574,-2.7276564799787191,0.2157902965173507,0.1366251636512015,0.625531914893617,True,5
0.30269650373331408,-0.88498175652650835,-0.3538108495268093,0.9530790552773889,0.27954862049450846,0.11615887039385234,-0.0038911462560768939,-0.37237059415973234,0.92807596649516833,-7.2660747392133089,-3.6540463593016077,-2.3516079480883905,,0.1080457248220998,0.2777777777777778,False,2
0.93404072835631258,-0.23861609912112478,-0.26576356976046928,0.31965616517708989,0.89042506556350176,0.3239801516767834,0.1593356640425716,-0.38756362039857684,0.90796838398022539,-10.104407282961917,-26.439830068385312,-0.49713699966261699,,0.4207926945227287,0.3870967741935484,False,3
0.44348894881927337,-0.86683960385276082,-0.22783031727047576,0.89583871953534,0.43668468697920998,0.082337553638379191,0.028116558403533706,-0.2406150148063485,0.97021331355186136,-2.9570073254301628,-3.8393804170929275,-1.4141980187918961,0.3973752620417545,0.3771301055258371,0.8489341983317887,True,3
0.35773404768934253,0.93324823337022667,0.032773251824465971,-0.92522170168555518,0.34946788585317379,0.14777347355800485,0.12645613410936019,-0.083186126659820864,0.98847807991753245,-12.733213992154672,25.126062864817143,-6.3376326356430441,,0.6084250992521342,0.425531914893617,False,4
0.25650080006761189,-0.84567517730005504,-0.4680179847646832,0.96640842554818684,0.21628271225462731,0.13883999211054637,-0.01618933581557401,-0.48790909284240896,0.87274430535383529,-15.007307275989318,-12.161525764117217,-3.123087939604885,,0.5520327699230649,0.44,False,1
0.41613286920437947,-0.85343290835385088,-0.31382432363731366,0.90914254111388981,0.39699478324261256,0.12591656767530346,0.017125276777586088,-0.33770906564206671,0.94109474118095704,-18.272301678458518,-3.3171550476889693,-4.6818045048676815,,0.3412983269065695,0.3461538461538461,False,4
0.089464237092523227,-0.95149317633575015,-0.29437541620855223,0.99443930538717051,0.068847589416644886,0.079689882247366645,-0.055557341391888435,-0.2998678789367456,0.95236161041877521,-18.307345641530169,1.9531363147861707,-5.2683401364116236,,0.09752858884484976,0.1290322580645161,False,3
-0.77702448984745642,0.61358604161799823,-0.14051730038986976,-0.61596509633760954,-0.78715933685303707,-0.031099493547115734,-0.12969172013316807,0.062388684363785057,0.9895896673835356,-18.917652175339963,5.4842931352763769,-5.7478130398007083,0.09223925024552027,0.1024598231956964,0.2619047619047619,True,4
-0.94594742989722169,0.26125395256833628,-0.19217136138941768,-0.26531511405487246,-0.96415002786990178,-0.0047554192788207064,-0.18652439552211561,0.046487590020229307,0.98134986312182304,-5.0107605816322636,-7.9967797975878572,-1.4275932827349893,,0.07224143351434995,0.2758620689655172,False,1
0.037831346220341497,0.99480753085763773,-0.094481563239005528,-0.99536626370099412,0.045878472923372847,0.084505424726117218,0.088401302756683342,0.090846806609527347,0.99193349948460374,14.002908590759038,4.2578121114334007,1.624260937779556,,0.7541471938350515,0.5172413793103449,False,4
-0.87087850493126551,-0.37578150848181879,-0.31679470881284011,0.43816941767212902,-0.88559341650920465,-0.15405149156181969,-0.22266160662662693,-0.2729698857359229,0.93590023528994071,-4.8538317804796343,-17.968200041737042,-0.28289757631319229,,0.6856240721527442,0.2272727272727273,False,1
-0.69763354570190506,-0.65958671728528417,-0.27973701630676262,0.69120923812464774,-0.72236227204640047,-0.020555706144658736,-0.18851319593739774,-0.20769716007876432,0.95985658546091346,-2.5224416788142929,18.050423807788885,-3.5706625902661098,0.1996606513358892,0.2574120556950733,0.4857142857142857,True,8
-0.21835209689310037,-0.90343710934048482,-0.36894952398518577,0.96792111611978759,-0.24865588879220368,0.036041114555241623,-0.12430235215719361,-0.34924438211010389,0.92875038993947201,11.872111288669576,14.599472578312691,0.052125309308553323,,0.1067732463058282,0.4210526315789473,False,4
-0.8595453738532145,0.47201137035975105,-0.19592604864756072,-0.48869531586045989,-0.8712995954144388,0.044876533808652669,-0.1495280526977516,0.13432155925890643,0.97959128220634617,3.7246065061316385,5.7369763365663475,-0.93967790447241584,,0.07716687779537271,0.3050847457627119,False,5
0.33581817911741774,-0.82663672720798054,-0.45155051965991577,0.94190426618291989,0.2980256730945402,0.15490981738728177,0.0065195031004272458,-0.47733889366719806,0.87869509880953511,2.7567051663587083,-13.950651869117992,0.92963807761090744,,0.4626681426814101,0.2682926829268293,False,2
0.56371765460410705,-0.75749504483419061,-0.32927748623204317,0.82255836351598266,0.55103516561210286,0.14056309924283822,0.074967622995224234,-0.35008785084674299,0.93371213561351762,-11.921028260482521,-14.702370847860731,-2.1927739941686522,,0.5388617874766086,0.6527777777777778,False,4
-0.93524628916580654,-0.25365528397899662,-0.24692787511968747,0.27923982319120583,-0.95735057605212925,-0.074195658072430948,-0.21757642277078995,-0.13834331007385775,0.96618923033331106,12.833409723067259,10.436892018811941,0.67460344864365618,,0.1473385769573787,0.2173913043478261,False,3
0.30050709309231044,-0.90526248994774794,-0.30032534241188286,0.95377188876545982,0.28395399677298988,0.098434302544457994,-0.0038303005075951274,-0.31602207519451875,0.94874410500818041,3.2679765852072973,13.69135769611186,-1.8763366278236071,0.2397223020293816,0.2316136231054739,0.4607843137254902,True,5
-0.48465447804275341,-0.77900131621568747,-0.39782783493281648,0.85160764278817813,-0.52405805131731753,-0.011295202267242219,-0.19968590250157525,-0.34426749510187798,0.91739055595662733,1.1347227077258641,-13.653522143536803,0.53024362820965565,,0.5188396465542575,0.4193548387096774,False,2
0.91699539423259346,0.39228377847280455,-0.072338676400040103,-0.35116132792899585,0.87989691149513427,0.32010489985076374,0.18922253756715762,-0.26813217316917204,0.94461630781403649,15.280172536567454,17.398844526656596,0.68349430245754494,,0.315443637624722,0.3333333333333333,False,3
0.70144075729645383,-0.65180688666096698,-0.28832038863860271,0.7061178644365238,0.69050131430237882,0.15686139254223924,0.096842271384867076,-0.31361715107440341,0.94459825165251865,-1.8106205939485627,-0.90531262738346185,-1.4835419064693232,,0.1047607634449108,0.3573333333333333,False,5
-0.10499286031450222,-0.90797177736105739,-0.4056645791769139,0.98196835626050838,-0.15913995989544347,0.10204224844402698,-0.15720892654685772,-0.38763607247040344,0.90830811332592731,-9.475662741015153,13.39098871353794,-4.6250292142645346,,0.4247263675529345,0.4166666666666667,False,2
-0.51997472593960659,0.85415158402211289,-0.0071663028505634385,-0.85274550396831972,-0.51956851553904315,-0.053606558576081272,-0.049511512255704507,-0.021763023068269938,0.99853641945653793,-0.66710086230863697,-1.348790349181554,-1.2089431176756258,,0.1292751130136934,0.25,False,5
0.96838822901527755,0.13548605556194898,-0.20944633358672077,-0.1146123670778037,0.98743111535660233,0.10882921362593805,0.22155866766497362,-0.081383789380206031,0.97174504660874983,-7.1537634951371283,5.3522961259443607,-3.2728076717182333,0.4372598596697626,0.4069850078493847,0.9367622259696459,True,5
-0.059030350692489839,0.9931312240507737,0.10102370767564595,-0.99665661182331022,-0.064359881988596379,0.050332928578556049,0.056489076873336548,-0.097714775780465724,0.99360998726269489,-27.614362647097021,8.6266720204189653,-7.7878577516678602,,0.6235603673506287,0.1739130434782609,False,2
-0.76883618602986548,-0.55001963095066164,-0.32614310451080925,0.6044756322226349,-0.79150759675019444,-0.090138417646296792,-0.2085668456397054,-0.26644723653217017,0.94101314605284547,-9.4286058393049501,28.541112902111877,-5.8891325439417566,,0.4079438831458102,0.4375,False,4
0.59941833263196842,-0.76100658619545425,-0.24812625470081018,0.79621348824709781,0.59868325146873647,0.08730661798632465,0.082108121632997327,-0.24989465816211892,0.96478542494377417,4.8084568514471542,10.671523705671421,-1.1980429304824327,0.2320460523375388,0.203084562908869,0.7522935779816514,True,5
0.25715716176675429,-0.85847417311827234,-0.44372546494534798,0.96623336307713581,0.22070357164342602,0.13297752268892232,-0.01622597389111078,-0.46293847059056681,0.88624189148254073,-19.035725492542461,-1.241086713778679,-5.0780417352084859,,0.3490558224528528,0.5,False,3
-0.75356991583962363,0.62847186858489912,-0.19275759995099398,-0.64652307346674331,-0.76160246652895225,0.044380158315754828,-0.11891298254008201,0.1580657881213422,0.98024227067036906,8.8251986577388202,5.3694369548581822,0.29842788541764348,,0.1057254893053068,0.4857142857142857,True,5
0.19165063055333045,-0.9367123882659707,-0.29298453453650408,0.98072580193009418,0.17120501065311322,0.094158089168381406,-0.038038628222955236,-0.30538294974724539,0.95146955640555697,16.450241843391886,-1.1878337101000429,2.67099389731806,0.5539626071798908,0.4611633083860067,0.8202247191011236,True,5
-0.93914559445898116,-0.21998220721965833,-0.26384347806048414,0.26021009948139562,-0.95698809767530491,-0.12831400950668664,-0.22426826912465372,-0.18916027440920866,0.95599274790620892,-21.531583223870644,2.0099478938861592,-5.908232140944091,,0.3131554232445562,0.1538461538461539,False,1
0.60160680332928673,-0.76511977112804574,-0.22947982485805751,0.79565213606406382,0.59942960323070893,0.087303087845551769,0.070759681772957744,-0.23510824443145895,0.96939010766344647,4.5135513711441364,5.3644097829678747,-0.66192527528954492,0.2605285810056342,0.2376536597910533,0.7638190954773869,True,5
-0.17187708585369024,0.96723188960767648,-0.18687091556581953,-0.98448082325491582,-0.16182342585925003,0.06790204331608557,0.035436929914524171,0.19564163812731766,0.98003498581892168,-6.2875847283708577,3.1708422567263868,-2.8805854331634859,0.2624444908191156,0.2299903244149697,0.8633308439133682,True,5
-0.83980135102430287,-0.44220705271842586,-0.31493906290557266,0.49796149912330467,-0.85851900829024008,-0.12239059520737361,-0.2162591875704431,-0.25961131510476854,0.94118750993675337,-7.4190449169265564,20.451426751853909,-4.8125611659059473,,0.3703465054759681,0.3333333333333333,False,4
0.23513419437762914,-0.88975791654245207,-0.39120680027885169,0.9671369991841281,0.25423740677441892,0.0030603603933819015,0.096736422527928717,-0.37907016625771628,0.92029770922775023,-21.532028199471636,11.889302336371722,-6.9555672981528325,,0.2541917278299627,0.375,False,2
0.19611945573976819,0.9727911465702237,-0.12334725061762353,-0.97165126628233656,0.20972658228511176,0.10912642858143301,0.13202642088714522,0.098448696474843223,0.98634521256512175,-10.801595597935028,-1.7905565571933759,-3.3241583976040854,,0.3321512557892166,0.288235294117647,False,4
-0.56986561832388594,0.80769020141613201,-0.15129347503677548,-0.81980663106909168,-0.57142269509549803,0.037325476352535657,-0.056305103742745097,0.14530189973350596,0.98778393043537283,-17.080770353159984,-4.727036167469123,-4.3496700131258121,,0.1005620649666982,0.1875,False,2
-0.71080638359516846,-0.66257580640266811,-0.23610926667585991,0.67361898435328449,-0.73784780972598463,0.042638874298184262,-0.20246419179501318,-0.12873970037413024,0.97079057504096689,5.3455940546454599,-5.900118305213784,0.60728283998479482,0.1899501646511074,0.1099560403104254,0.2888888888888889,True,4
-0.97009707614078522,-0.10687155632785182,-0.21792231026483019,0.1039053446330203,-0.99427143750461022,0.025059687133080516,-0.21935209645633991,0.0016670364655131456,0.97564434030523139,-10.768365282376378,-6.3022259198334467,-2.8764311051976081,,0.0693407923736367,0.3076923076923077,False,1
0.38192283619863521,-0.83484959063450626,-0.3964355032125515,0.92372671247915084,0.35846874638493936,0.13501525290748165,0.029392309239860505,-0.41776347241304934,0.90808026807928233,-23.270489863865677,2.9316353449915784,-6.3868405894052058,,0.4993349467657143,0.3157894736842105,False,3
0.56210137430318474,-0.75063886902409127,-0.34725110988548824,0.82364968104441783,0.54618395056924574,0.15259192329871066,0.075121554309656155,-0.37178539569327412,0.92527421428855172,-12.63036650506378,23.655437272572982,-6.2555427402788828,,0.2735286582094348,0.1818181818181818,False,3
-0.79386420228257515,-0.50360128812071447,-0.34083041375060358,0.55695988446388345,-0.82713492138334854,-0.075123291502299003,-0.24408055111423388,-0.24946655974562781,0.93711851979162863,-12.085944309172502,0.045697083019386513,-3.7811750718558432,,0.5247931541800911,0.228448275862069,False,4
0.88320975115983258,0.43349897405126053,-0.17893902579563198,-0.41372333647405324,0.89988265363505049,0.13800076283671697,0.22084731447985237,-0.047852368627298345,0.97413377649263,23.016848135619046,7.6191169307322397,3.3871807411506731,0.3913277067441818,0.2161235684768625,0.5333333333333333,True,5
-0.16275047157855568,0.98579100907623118,-0.041573674668286736,-0.98593356712154523,-0.1608603905620398,0.0453754996800479,0.038043202072692815,0.048373765335094965,0.99810455043715851,0.010479110250600943,26.067780471640575,-3.5885206230417497,,0.2615383449438626,0.2222222222222222,False,2
-0.2188286981703616,-0.8935786986478933,-0.39195804645370347,0.9673271872251068,-0.25137205296838167,0.033018234986526306,-0.12803169026545425,-0.37192633720832391,0.91939038823481967,-6.8281192422246217,-0.91833801926335534,-2.5638153327069064,,0.4705789750304596,0.2830601092896175,False,3
-0.56189703477299846,-0.77338615312927583,-0.29350567364399299,0.80497219373184969,-0.59292999379611966,0.021302342018397445,-0.19050325359911105,-0.2242941831720914,0.95571995362832063,15.356223212854978,25.627340496303315,0.020939521633168749,,0.2662692076647324,0.2916666666666667,False,4
0.57201441581334722,0.81180307688135112,-0.11736810668868647,-0.79435079031890732,0.58392573737056042,0.16744418519606791,0.20446596299003653,-0.0025490394698788055,0.9788703552444209,5.6050184238093719,16.233265268107836,-1.581741390897984,,0.1658271488862346,0.2,False,4
0.95729246239516852,-0.21397080496477933,-0.19444185779846651,0.23828658072017792,0.9647756205946475,0.11147873050451833,0.16373957032458822,-0.15305063387303341,0.97455880098687842,-17.014472470121191,2.7792526359040783,-5.1151596156314652,0.4419388153742885,0.4478155225818066,0.9940119760479041,True,5
-0.48343543659696864,0.86296668589642389,-0.1468968266343344,-0.87396972710373255,-0.4853339226139019,0.025057926219597917,-0.049669857544812387,0.14049726898819975,0.98883437574668309,0.29756518973448609,20.897508935361483,-3.2387948141991512,0.1975442331472836,0.2672273793885354,0.4666666666666667,True,6
-0.77135699417445158,0.61602789476191444,-0.1597436083646514,-0.62068423806057571,-0.78366287001425139,-0.024971639597546086,-0.14056836116750487,0.079888290983289797,0.98684264034467617,-10.491219245388164,12.172118840106901,-4.693598325349404,0.3811666519561417,0.2392970197155679,0.6686746987951807,True,5
0.82558807473949369,-0.48536503910164935,-0.28779351915182227,0.54453531798553334,0.81901265732455475,0.18083018168592768,0.14793788667657043,-0.30600497701839113,0.94046548885413361,-6.7030873625058307,-7.4081462868784511,-1.8686593326133656,,0.08470652826452603,0.4047619047619048,False,5
0.92736408653477964,0.31575547821994793,-0.20073447381953646,-0.2823453678240529,0.94259581100530054,0.1783093669540671,0.24551363358032588,-0.1086812543604085,0.96328159988491124,-27.059306369209715,13.048883468433162,-8.116653434286567,0.2443867687985287,0.1700276065379672,0.6428571428571429,True,2
0.85678720196459646,0.485144832015801,-0.17478610504853503,-0.46753673968313292,0.8738206365708211,0.13359226081413178,0.21754330050852835,-0.032741213650758952,0.9755013712612256,19.507593747497754,0.063467906867189047,3.2110482090241477,0.3312592406739149,0.3088589549357709,0.6296296296296297,True,5
-0.086325971106416391,0.99324105021160314,-0.077588935339302556,-0.99474338436836607,-0.081626748923248463,0.061827769776942439,0.055076546441328117,0.082518422396294588,0.99506647215013933,6.6540210088787637,-6.2769346834173065,0.97141355567892085,,0.07271683314187524,0.2272727272727273,False,2
-0.96608544761267201,0.16338962667636023,-0.19995683985695906,-0.16487081204626944,-0.9862709674353014,-0.0093377796845419622,-0.19873732222767221,0.023945953495173485,0.97976020947218512,7.9021719377831232,4.1356636126857165,0.23035596469500469,0.5674707416314764,0.5961921268702287,0.8795180722891566,True,5
0.90893587663392961,0.39533193441853531,-0.13246974672206852,-0.35039283688937095,0.89648360769965607,0.27118628465028916,0.22596555495103407,-0.20007449301374691,0.95336759186630815,-8.8120948278857849,12.682653166269676,-4.4155675991218724,,0.09027876910005818,0.4615384615384616,False,4
-0.88996590460180491,-0.36820784249209099,-0.26904214051633307,0.39770820828562831,-0.91535794860375674,-0.062833167914378485,-0.22313419663629788,-0.1629196447799981,0.96107664607784149,-11.798592215318966,11.853095649085803,-4.9847524799018714,0.1070288604027864,0.2368932486060774,0.375,True,5
-0.85385146810333878,-0.46954747953975345,-0.22463934400642729,0.47012120791427375,-0.88092341225552362,0.054405804922904574,-0.2234361660228657,-0.059153243342605702,0.97292197709531336,-4.936746148581487,-4.903115821567245,-1.7607886469995431,,0.06950576397148407,0.3389830508474576,False,5
-0.96231470080250414,0.1823591332525778,-0.20173141336627537,-0.1913870792052518,-0.98116964250391703,0.026021501532734859,-0.19318748026895818,0.063649659450024418,0.97909515284226922,2.3718728501394435,-9.7899740738835597,0.42158400212424041,,0.07486321868369852,0.3225806451612903,False,5
-0.55586626214500179,-0.74258025902658065,-0.37361378121391925,0.81321508084260663,-0.57894155116313906,-0.059227633980880171,-0.17231927024885851,-0.33675100481043313,0.92569154142190724,9.5754714628731872,12.038582231924428,-0.20191429282373752,,0.1292699844705084,0.5,False,5
-0.29152533515121343,0.94321097677543364,-0.15926717256015288,-0.95652535314102827,-0.28596546757650493,0.057297470731111876,0.0084986918643018272,0.16904675283507753,0.98557139142352967,-7.9505445457057258,-4.9464282345010417,-2.4275215310687637,,0.08473901034389787,0.3185185185185185,False,5
0.97964867639378062,0.025214611386102738,-0.19912984259663816,0.010113787670240133,0.98461720713703638,0.17443241301038051,0.20046491498233643,-0.17289643947262329,0.96432392850059179,2.9605108738639614,18.530499932923117,-2.3753905327320952,0.2586851621240558,0.2777295031166439,0.3684210526315789,True,5
-0.69829854368901323,-0.64850174692605467,-0.30302578787234979,0.68026978185008657,-0.73296116874172057,0.00097417575739430079,-0.22273789031828156,-0.20545902109818848,0.95298185862372797,-5.1442390920775303,-6.0051025452688034,-1.6730475506698426,0.2313522674835835,0.1324916518912415,0.2083333333333333,True,5
-0.47985634739701816,0.87601475129159445,-0.0483326119956074,-0.8761557851672036,-0.4813469220651978,-0.025616024992199136,-0.045704769782077631,0.030054885424605715,0.99850276808894278,3.0635126063668787,-10.864762147364452,0.66580676330626842,0.2999528984435676,0.1015742620151875,0.3076923076923077,True,5
-0.018206743113162966,0.98325219357011506,-0.1813384635006289,-0.99724416001816252,-0.0048120754095634169,0.074033298183472346,0.071920788475110214,0.18218662895451551,0.98063012008366801,5.0739758816527374,-4.5206177637319991,0.4181950077561763,0.2378385213015255,0.2060902733331502,0.6056338028169014,True,5
-0.74145557835609377,0.6448666271195912,-0.18544718534405746,-0.66079631855922272,-0.74975701347138801,0.034823068920528708,-0.11658409283950107,0.14836257606912773,0.9820370132122942,-4.4230833266831997,15.764394413754792,-3.7728673849705454,0.3772167070945247,0.3621239645743059,0.8656716417910447,True,5
-0.45948204247026458,0.8775358411025499,-0.13713898143049891,-0.88659726899494307,-0.46239342039743508,0.011730617369520517,-0.053118125513454316,0.12697705443741295,0.99048235339572621,17.630249297919576,11.221759619875847,1.7077898402360763,,0.725510227281366,0.3,False,2
-0.94083925641326893,0.28800312773055881,-0.17853764871629504,-0.29187825498490783,-0.95644367910012584,-0.0047511026489639868,-0.17212953801916964,0.04764123347302629,0.98392161019792468,21.340570842198186,-1.0054067527649639,3.8096228140492761,,0.1401244653830535,0.2962962962962963,False,5
0.42124146822527037,-0.85945450654789368,-0.28964387896507743,0.90664768931299733,0.40727493304349266,0.11007768337779628,0.023357930362560175,-0.3089742385522401,0.95078353319787923,-22.285443472006094,4.9801668137726125,-6.4037512412319346,0.2680876067210459,0.2038095958221444,0.8333333333333334,True,5
0.96149077168496055,-0.066683274028921033,-0.2666248993050741,0.11485874185057254,0.97883308070053032,0.16939087799173497,0.2496857332431322,-0.19349196647688294,0.94879813107096,2.967393318575827,20.850808302911354,-2.5937745414374045,,0.3145970677346474,0.2,False,3
0.79795013909905421,0.57134716227602578,-0.19193226844627365,-0.56269749329029217,0.82028881144853061,0.10245875685942289,0.2159794123443747,0.026242827048344949,0.97604518720799471,-11.082612395469981,-2.4567631946299402,-3.3326598827586493,,0.06597796152366753,0.3216783216783217,False,2
0.94371801871655547,-0.2455406869654409,-0.22159889935249916,0.27393058932133502,0.9557095621368441,0.10761628628729183,0.18536001020653234,-0.16226214556926591,0.96918143953105762,-1.7762688832979834,-2.2128800265522321,-1.3386082761996594,0.2107432578328794,0.1920245782681137,0.7007772020725389,True,5
-0.86599293542762878,0.47086404316342012,-0.16835465139174338,-0.47595849079194052,-0.87939540812483452,-0.01127968137910363,-0.15336150375011631,0.070361701406039118,0.98566195023585568,-20.993455753677878,5.1559336396113995,-6.132344243874897,,0.1701814034590148,0.2727272727272727,False,1
0.096478603116165129,-0.9648004296553776,-0.24464670461208349,0.99391717128349599,0.080270689036935086,0.075400750058265409,-0.053108716502724793,-0.25043311965140369,0.96667611784563023,12.434864776582774,-0.98101368136105105,1.7672521764025295,0.4153077315080532,0.3787461680951362,0.9359605911330049,True,5
-0.90800035268395107,-0.32241004212945851,-0.26755770267346402,0.35377063355988903,-0.93212813109029324,-0.07735299645619817,-0.22445867850554557,-0.16489060605200812,0.96043187664682728,-17.072186452163674,1.1647820940020579,-4.924815312796154,0.5360846535446551,0.299972827392773,0.1428571428571428,True,1
0.4618483042583259,0.86938781667806941,-0.17567290077143011,-0.86926906531348258,0.4830296238812079,0.10513645677025441,0.17625956979050436,0.10414992397941841,0.9788183474947475,-20.530434497932479,7.7945175061915002,-6.3329615586790773,0.2428945675026004,0.2286058466450561,0.6981132075471698,True,5
0.80460415497743665,-0.51630147910670254,-0.29333417200400719,0.5788885490808483,0.79204755070835808,0.19377493429223774,0.13228832728595166,-0.32571991048924614,0.9361657643680219,-35.505229761186875,24.727920343492784,-10.88727919832033,,0.2334327127453354,0.2142857142857143,False,1
0.95854884597234014,0.20478700237898487,-0.19810702547291775,-0.17820051779186152,0.97340151736001201,0.14399326880080621,0.22232562907548495,-0.10272180711931818,0.96954605099414137,-18.83603409322571,20.54568241671323,-7.2013551393512749,,0.283137359889064,0.8548387096774194,False,2
0.93309419066886989,-0.21036975858464155,-0.29168441167304016,0.30659405837666059,0.88926079440361527,0.33943382698956365,0.1879768994002633,-0.4061524396205099,0.89426219929178097,-23.870233420637362,6.0495368833357768,-6.7913664255361077,,0.5466533089746337,0.5777777777777777,False,2
-0.91942396264502757,-0.30520692043725095,-0.24800869466880349,0.32516345732438157,-0.94468437073172795,-0.042897152773269914,-0.22119742976574003,-0.12008403479400402,0.9678075850356942,1.9558670866073735,4.8282970095994076,-1.2307649056832337,,0.1693004794573707,0.25,False,5
0.62624425075605705,0.77061507151986608,-0.118197080934416,-0.75417642588422029,0.63721905469077611,0.15864991326659228,0.19757544643879324,-0.010212144017084729,0.98023448984367345,-4.098400937286697,3.5160920496984831,-2.4053932203139521,,0.3967773763003208,0.2517482517482518,False,5
