axis_00,axis_01,axis_02,axis_10,axis_11,axis_12,axis_20,axis_21,axis_22,location_x,location_y,location_z,dbh,dbh_approximation,score,reconstructed,number_clusters
0.66953000274166685,0.73373183947396736,-0.1156164485308712,-0.71947917451178522,0.67930299294780128,0.14455850447483015,0.1846057769209391,-0.013602628948388845,0.98271851290850776,-18.69681951774977,-10.686418792264551,-9.8208270762474985,,0.09091431465326791,0.2222222222222222,False,1
0.53798969608972647,0.83970371273569444,0.07392402667045464,-0.82737669727978169,0.50923513875151727,0.236912165705191,0.16129131315630313,-0.18861932106391802,0.96871454207196783,-17.096498830765945,-13.440421433019916,-9.3219501321302261,,0.4834794272008652,0.36,False,1
-0.64009815729924469,0.75362877611410772,-0.1493921578760497,-0.76106627669216731,-0.64858202484119953,-0.010930669458462633,-0.1051307352967335,0.10670063198332454,0.98871760560350419,3.0700352383411342,18.022602941766806,-7.8893525768087871,,0.164348282481368,0.3636363636363636,True,5
-0.47187677471628714,0.86112505419869634,-0.18919817788405527,-0.88003025901585619,-0.47308928810192485,0.041632543757242242,-0.053656804785964199,0.18614555196003535,0.98105595191388273,-6.5097499437053026,20.77441654166276,-9.9531985694019163,,0.08124625605006713,0.2222222222222222,False,2
0.67456699806003517,0.73333084666021831,-0.084765762338806158,-0.71618341558522836,0.67794994574195577,0.16572623904848022,0.17899910717360493,-0.051085618378221204,0.98252205024923811,-11.202431191688941,13.408912087369396,-10.112642746514378,,0.3378626061926617,0.3396226415094339,False,4
-0.81630724789501219,0.56653075078841753,-0.11262941642921023,-0.5572736541922475,-0.82373348621905029,-0.10444720209096324,-0.15194917366439337,-0.022495601626162071,0.9881322768385753,-5.3620895663656425,-17.705676058146654,-6.5831231298595672,,0.2206975507427089,0.25,False,4
0.043651672135492536,0.99174830733233399,-0.12053972964639624,-0.99744209012760043,0.050099011514376339,0.050983976768851039,0.056602193965073655,0.11800586404383981,0.9913984101710106,3.3605426328080306,-19.128344053551654,-4.5945474012774383,,0.1287952060869003,0.4285714285714285,False,5
0.82872806632600826,-0.48966713876307261,-0.27099056311824188,0.54102966591856305,0.82483736589364698,0.16410429738943094,0.14316666050307958,-0.28261177088227685,0.9484903237667639,12.926753392047113,-2.6393297035386616,-3.9372227712552954,,0.4213892765736996,0.303030303030303,False,5
0.60665535512870283,0.79053567991838414,-0.083801067234530124,-0.76225902126529277,0.60838128371344935,0.22098280052269759,0.22567778932217977,-0.070182279837252476,0.97167071737471866,-12.1577204971941,-6.6747805356764207,-8.7489157392318742,,0.641093202343762,0.451219512195122,False,2
0.24832663739645458,0.96504162538885296,-0.083836402750896044,-0.96676866380879234,0.25233663429135911,0.041043558226241096,0.060763737843649676,0.070858198264911493,0.99563391058255879,12.152610334970809,-20.480281318647322,-2.6693498832063378,,0.2460991344527849,0.2142857142857143,False,4
0.21000100376144587,-0.94577503657396877,-0.24780871375456828,0.97770116644716643,0.2031660913526476,0.053141024193536959,8.6873676422141721e-05,-0.25344253691516738,0.9673504395693262,7.329721905746851,6.4736081557428919,-5.8736809178520506,,0.08352381445952074,0.3725490196078431,False,5
0.80055980410603056,-0.55755430584779941,-0.2196296794158123,0.58124227118835736,0.81164670593505628,0.058198341287120495,0.14581297004558266,-0.17424930638413064,0.97384585894849673,-16.415514057539109,-0.87038327327933906,-10.076948264474119,,0.1051289183392249,0.5,False,1
-0.66361081592319315,0.73545605747895493,-0.13683958676957053,-0.73939803795615544,-0.67262853070931838,-0.029349636154690315,-0.11362757788645675,0.081702185976488456,0.99015833398013764,1.3007315969772131,-14.005244600337207,-5.408822543229892,,0.167595931924245,0.1904761904761905,False,5
0.96894894889780225,0.11150293125847321,-0.22069216286631144,-0.056248236517451942,0.96854637861862791,0.24239234384240976,0.24077805198671887,-0.22245226181252548,0.94474383877110901,17.303156172025773,6.0207152874622309,-3.7838521982788462,,0.2601267303280697,0.1153846153846154,False,2
0.86363211136479356,0.4688001581294573,-0.18538065691270494,-0.45956206005917993,0.88328957190359603,0.092748289043658769,0.20722521365353422,0.0050935158936795261,0.97828000435564932,-2.2935846340895036,-15.387223628532498,-6.0409595080387737,,0.1428413053743653,0.5384615384615384,False,4
-0.85731894878285864,-0.46357336116499831,-0.2238391361581798,0.48721396016334861,-0.87107495682521852,-0.06205623750994653,-0.16621304726104127,-0.16225954027461648,0.97264847941590349,8.8743939260400886,3.1135753585807504,-5.3335261740993278,,0.2921104500131815,0.3571428571428572,True,3
0.88095197674776493,0.4327551134866251,-0.19143308599974448,-0.41326533992005227,0.90066103390737895,0.13424403458499345,0.23051111358234105,-0.039149888276616251,0.97228180727758129,8.3058815050091805,6.3229898260432984,-5.6814762435807991,,0.1880796944577603,0.2,True,5
0.52536874957170954,0.83160711088989037,-0.18004802162430761,-0.83563858408792913,0.54414237713171387,0.074948183386708667,0.16029920073717951,0.11107964046942295,0.98079838892414806,-8.5001168213053546,-10.187181439739518,-7.7555610118882994,,0.08135536150013327,0.1724137931034483,False,4
0.84579217145852548,0.52908442083737428,-0.068595031355426342,-0.49188113736318029,0.82311255490170476,0.28379335557671437,0.20661207468532844,-0.20628959641816061,0.95642880184771539,-4.2214611620972127,7.2321635334942265,-8.2620945196913418,,0.4490021554367454,0.3802816901408451,False,3
-0.77389306822653781,-0.53348065482902352,-0.34130325207081186,0.60045081671912526,-0.7894178882129439,-0.1275861061038864,-0.20136617305856372,-0.30367381957062567,0.93125392651796979,-25.091674070802636,16.435546217293222,-13.121859999924881,,0.3156591511768297,0.1578947368421053,False,1
0.16330689809835719,0.98518315830452441,-0.052392763113008139,-0.98285107923146509,0.16707083945599582,0.078045439693897919,0.085642355683609034,0.038748925102405574,0.99557215093451212,5.8599617590458069,0.43979257946858075,-5.7419448752011064,,0.08881923624729209,0.4782608695652174,False,5
0.69560449965678495,0.70474981177026219,-0.13950656926114274,-0.69401510975322767,0.70936710685226712,0.12305013267063081,0.18568092926159505,0.011225441008013037,0.98254596939925742,-2.0592102715467053,14.756279578485678,-8.5235749703934083,,0.2213571623915199,0.4782608695652174,False,5
-0.90350599913266905,0.38899549239464826,-0.17988723253172673,-0.38931248753455899,-0.92043956275601579,-0.035025681480443036,-0.17920015787083524,0.038386432631343836,0.98306346957300172,19.689008593253433,-3.01633189999272,-2.5085317614883289,,0.3114758913187118,0.3125,True,5
-0.045742304966879657,0.99140620163181081,-0.12256175954310626,-0.99806533955726939,-0.040184521664032788,0.047442409224926221,0.042109613044404179,0.12449476930625679,0.99132629991574028,-12.186558915875759,-0.3707057777236154,-9.2503274622423906,,0.08204806435252675,0.2534246575342466,False,2
-0.96083402229539161,-0.13690671492914197,-0.24094508296906597,0.16017125836530596,-0.98386753565077401,-0.079685885112410773,-0.22614851225098487,-0.11515738664881441,0.96726192249404841,11.703206076658073,-8.1362161188495623,-3.6467987083404529,,0.1875937138258712,0.3783783783783784,False,2
0.91512872037414617,-0.32536905746651817,-0.2380638603184618,0.3595271759350776,0.92580708427739622,0.11671097834366165,0.18242706737358394,-0.19239599565774912,0.96421167071568781,-1.0336203079675796,-3.1579855620707962,-6.7433544299899628,,0.06964584607024193,0.3067484662576687,False,3
0.97268657476646569,-0.087223907631865355,-0.21511117406241512,0.10764976829887618,0.99053804598109763,0.085122892626772376,0.20565105070064946,-0.10595456290966697,0.97287269256791375,-0.7353963312018188,6.614387981486332,-7.5255356189810261,,0.06836392144528924,0.1948051948051948,False,5
0.88368190067025321,0.4427080156542087,-0.15203917687004537,-0.41532756469604171,0.89137371191705317,0.18153765368889513,0.21589189987459739,-0.09727547778719442,0.97155965796744026,4.7527182457563661,12.034601017161325,-6.9301405478815727,,0.0910777418471458,0.4583333333333333,True,5
0.32350877444994464,-0.9029608380174442,-0.28284942612762914,0.94615362380045342,0.31236951941366947,0.084962365259817693,0.011635850770970492,-0.29510508018010717,0.95539394944113398,5.028871855595467,3.6226413626613061,-6.1070036297521524,,0.1012741147805957,0.2758620689655172,False,2
-0.97495357782746894,0.075496934419662765,-0.20920261464582737,-0.075417814442282752,-0.99711691703640681,-0.0083670200526198696,-0.20923115051580343,0.0076201478361434729,0.97783651956796369,-11.35553284052359,-18.534556876792806,-7.7660301679157344,,0.4316008231909721,0.6756756756756757,True,2
0.95653134180860155,0.23117389803519869,-0.17778194791667581,-0.1912188466050207,0.95744862131193897,0.21616542334728997,0.2201888844625941,-0.17277374341918716,0.96003442060378186,-5.0354616759699375,11.489055059960632,-8.7625258322481798,,0.07488973537701564,0.3703703703703703,False,3
-0.15186466083357994,0.9848371521578021,-0.083862438073393081,-0.98831181256988387,-0.15244503015172595,-0.00052337068297017564,-0.013299846793634863,0.082802756667585187,0.99647720373499593,-3.9750616251557371,-5.8139571533335994,-7.1178413795212876,,0.1921984064515627,0.3223684210526316,False,5
0.96542668972197021,-0.05726640161889153,-0.25430663777829826,0.13086878817730158,0.95019509473146069,0.28284738328164771,0.22544326792672989,-0.30634921444961233,0.92483808947978718,-8.2699328557724048,-7.3968624149395668,-7.887165464538417,,0.2864732482488071,0.2337662337662338,True,4
-0.066377337648669973,0.99358143243867747,-0.09159686763082707,-0.99609761564054755,-0.060633004961483848,0.064134069140789562,0.058168626955510581,0.095496470209350981,0.99372875323986909,-16.002940585607092,5.2695125013728301,-10.464553070679559,,0.4505917082283863,0.2777777777777778,True,5
-0.68970991038425866,0.69684431604959673,-0.19674409446564714,-0.714607675357948,-0.69889267220361806,0.029747320208640626,-0.11677375491627864,0.16111186154177398,0.98000349909237416,-10.393619605784371,-13.720767579775281,-7.8666756791286474,,0.0709904073611134,0.3333333333333333,False,4
0.41216901827240521,0.89746233805109232,-0.1570924955439566,-0.89699260068770625,0.42993843235550566,0.10274832697029476,0.15975285502258185,0.098561129070017087,0.98222437820926467,25.95275939130941,-8.8211599729187693,-0.57044361232961294,,0.158295703175603,0.2222222222222222,True,5
0.087611027741694408,0.99298933659979571,0.079350395192104711,-0.99389963728826092,0.081778030195082035,0.073999086316503496,0.066991184616404145,-0.085349465004248226,0.99409639874972944,-11.112567679320893,22.638330611223317,-10.924459836899679,,0.2717499790724988,0.25,False,2
0.31417537650460392,0.93377365895494269,-0.17134931175843551,-0.94199837327604186,0.32905862289688892,0.0660264147330068,0.1180376954344767,0.14066689923042391,0.9829953844842898,-0.34117603363114135,14.449767200492577,-8.1530391979801884,,0.06791312860923204,0.2857142857142857,False,1
0.71761971162687466,0.67245638319967327,-0.18117494909224013,-0.66916973191142459,0.7378625012361395,0.08815213646384415,0.19296066795633116,0.057977081364643607,0.97949213302521421,1.9675492283983802,-8.7750931362883744,-5.6558460606607204,,0.3399601798994355,0.917910447761194,True,2
0.35292346794132629,-0.88553944178013888,-0.3021008487707173,0.93552758022755667,0.3392461014308224,0.098489742093077842,0.015269983950234226,-0.31738301737129604,0.94817448176717545,1.5860772034093555,12.455025405200589,-7.5923001063814102,,0.3915508550879606,0.1282051282051282,False,6
-0.16785275490842791,0.98109577389265779,-0.096314771035481916,-0.98577199464345122,-0.1661618898492864,0.025373232714500864,0.0088897270105347745,0.099203370969335958,0.99502746893841976,1.1217754699324929,-11.878476771505811,-5.6076042099393142,,0.1483628332640059,0.2195121951219512,False,4
0.7843815594556045,0.58730107034052526,-0.19955706442736371,-0.58672977692190431,0.8068830764881465,0.068468019908538222,0.20123055945647539,0.063381019665960575,0.97749123182100039,1.8863347884570816,-10.119513405352814,-5.6012486426446202,,0.06908534465372439,0.2941176470588235,False,3
0.95584617119616477,0.2111003731127136,-0.20443759312148194,-0.19451722430903406,0.97596069901962235,0.098304442505097775,0.22027516078019421,-0.05419729182166088,0.97393095602432533,-16.755915728579158,-4.9569718094030435,-9.844440722207775,,0.06644939885535986,0.3421052631578947,False,1
0.83755129085884295,0.51506874889682974,-0.1822416502628898,-0.50227580882630862,0.85713918084531149,0.1141553175621144,0.21500429541886951,-0.0040753612949159107,0.97660459981599135,-3.2961977875517348,5.1323709205414918,-7.9511455091403151,,0.9050452561080251,0.9950935295921497,True,5
0.20372388216235768,0.9746042780512495,0.092968172192961884,-0.97548852774223316,0.19400218371134148,0.10385222654580328,0.083178795855600812,-0.11184656418251457,0.99023817034114514,3.1512735482596792,12.918501035818529,-7.3726397292951829,,0.6024886796680352,0.44,False,2
-0.49145263233563163,0.86938120897386983,-0.051484207806971327,-0.86911972955976857,-0.49337036329770328,-0.034879511313192946,-0.055724374023701312,0.027604313116344675,0.99806452498675746,-13.279651504301102,18.071951540861114,-10.894766074487938,,0.4820882836019987,0.7142857142857143,False,4
-0.45333649394833636,0.88436116696731903,-0.11131643910417006,-0.89032427256124402,-0.45523383348981517,0.0092112178597345273,-0.042528965928201802,0.10328350887905449,0.99374232266252438,-10.097262588853003,12.510603845909831,-9.8306655473461557,,0.1498652004403843,0.36,True,4
0.18440733995790462,0.96776652117409867,-0.17152811275191529,-0.9785853957731202,0.19702933178864138,0.059582426893240226,0.091457947436057743,0.15686746925193057,0.98337583910795723,-5.6518713452680229,-14.7374512092368,-6.8700901559530019,,0.08697696149849822,0.3043478260869565,False,2
-0.97241500631810607,0.10646407714310836,-0.20754386467786706,-0.10694108878390396,-0.99422504895135511,-0.0089529641677755234,-0.20729847808672328,0.013488970151297113,0.97818474158370849,-7.1273612873552104,-12.253683608125092,-7.3148472009405312,,0.137083501809334,0.2903225806451613,False,5
0.11394922390773184,0.9819302740133441,-0.15109106971262318,-0.99054499502016102,0.12398473444516198,0.058723065869147051,0.07639494231515026,0.14297105511480915,0.98677408264912569,22.089775589531879,-12.701079070615233,-1.0931079525141632,,0.1643235639092174,0.5238095238095238,False,5
-0.93080005501524976,0.30899342672855157,-0.19528010605834045,-0.31602483883728888,-0.94873702913538815,0.0051333015910240976,-0.18368331122199161,0.066491441448550764,0.98073407679789559,22.940928062536745,-8.1378873244242165,-1.2526898501640173,,0.2117682982123045,0.5581395348837209,True,5
0.4476230069535081,-0.85397902072343745,-0.26524229641996805,0.89371551014135897,0.43722152752085408,0.10054811189227603,0.030103663874521062,-0.28205880244475567,0.95892471100955567,-12.173114382907606,11.928292402333465,-10.212064359975537,,0.09247214077397356,0.32,False,2
0.54245559582814351,0.82607193988284466,-0.15279750224702349,-0.82429441665088499,0.55848014417693215,0.092944301806464874,0.1621130507791157,0.075531971365165762,0.98387716716507911,-13.011830850308128,-13.904135570923536,-8.4321750533829913,,0.06368399898651703,0.2352941176470588,False,1
-0.53940628774968247,0.83542094337078643,-0.10541681134227836,-0.83879851641309888,-0.54408263726017381,-0.019777074991005408,-0.073877639372765452,0.077755586355457207,0.99423144347341386,0.6373977741260628,10.1752054058569,-7.5486691523369069,,0.08081521368557626,0.2340425531914894,False,4
0.89045990194294944,0.40864106162622521,-0.2002339775980661,-0.37854363458315488,0.90937633217316105,0.17245116178171097,0.25255866595372672,-0.077763546963076191,0.96445163228406317,9.3636494190858031,-9.3874351328279637,-4.071351203578673,,0.370422011337081,0.6808510638297872,False,4
0.84796700868783492,0.5158535586731593,-0.12184850504311777,-0.48637815537904,0.84863803639418933,0.20796579804164228,0.21068517305944356,-0.11708368455618454,0.97051695949306338,-0.64517500772189429,12.12237504791487,-8.0029229121488115,,0.08696718062917899,0.2962962962962963,False,5
-0.86734500804349979,0.46560329770524689,-0.17585848341215057,-0.45072559046034955,-0.88466394979716101,-0.11923144733440373,-0.21109021560979932,-0.024150881873893346,0.97716818193109567,12.801131753291653,8.3063877702270172,-4.9848982563262005,,0.594857025695055,0.25,False,2
0.31094691995657869,-0.91547706743443502,-0.25536983371409239,0.95023770445137823,0.30481897653779816,0.064293830041643546,0.018982044370705511,-0.26265401299827024,0.96470334893552256,-3.6371996985593271,-13.891777534716889,-6.4683441047692636,,0.07108814796898179,0.4761904761904762,False,1
0.16542623168651041,0.97251138713235608,-0.16387728264741994,-0.98238799689940137,0.17713033227281769,0.059486712271766683,0.086879142594663117,0.15115041279077768,0.98468551695208495,-1.7560333361286007,-14.307129332323875,-6.0551303614370999,,0.07684747743976923,0.5217391304347826,False,5
-0.79948097937664231,-0.4866437693232683,-0.35214770394509948,0.56591231632984174,-0.80677231237870595,-0.1698872749952392,-0.20142843354689793,-0.3351063678266295,0.92039682115970267,2.6124523016112349,-0.40252846076533505,-6.2865995781433925,,0.3927338090756871,0.3055555555555556,False,4
-0.8840146971377939,0.42852847768478686,-0.18676551892021023,-0.43517168860618466,-0.90032759470405155,-0.0059852861302082394,-0.17071501597697275,0.075983985336239082,0.98238628720702625,-13.332508022783685,13.038062871495198,-10.486448032578513,,0.09837628277095456,0.5333333333333333,False,3
0.86043819327934523,-0.44098306159340367,-0.2553038482551368,0.48819288814585043,0.85698071951666555,0.16508104173559346,0.1459925323774704,-0.26667955633007173,0.95266373643883762,-6.3217846823115558,9.5185601181336263,-8.8769021997327417,,0.4122540278441704,0.421875,True,5
0.077895063421886582,0.99695895809811408,-0.0022792460206923493,-0.99458349064321661,0.077866868375109102,0.068850787572893493,0.06881888719279422,-0.0030962360013426227,0.99762436522378961,-9.3025363874624656,9.2037883768420485,-9.4302827285782858,,0.3260032230020247,0.1666666666666667,False,1
-0.97809523650885455,0.042354532095160519,-0.20380334131139158,-0.031552622248112026,-0.99793412131364589,-0.055963573395817645,-0.20575261929792163,-0.048307174715161494,0.97741100695822092,-17.563999753572709,-11.395988424267646,-9.567595067737555,,0.5926152166952907,0.576,True,2
-0.85462482154066244,0.49125123807916826,-0.16819225752773218,-0.48888541544436415,-0.87040943551841921,-0.058124565600941216,-0.17494989274755809,0.032552045192137904,0.98403907411313041,-33.053519730623172,18.616754910703818,-14.807529793228195,,0.5515225906044439,0.2941176470588235,False,2
-0.19539030229714333,-0.87871963463861102,-0.43551628381590701,0.97689670771870796,-0.21358615189185262,-0.0073333599652884579,-0.086576279757107799,-0.42688729123811725,0.9001509808708773,-23.15458721651056,16.341117541125953,-12.715210532167182,,0.2771599856934563,0.3777777777777778,False,3
-0.75538496077634509,0.63840328880780661,-0.14776603761452117,-0.64090226542852957,-0.76676035172600188,-0.036370993794458628,-0.13652050103005856,0.067229486539720107,0.98835335226734966,-3.3976699935852053,-17.783079680177693,-6.155698996343216,,0.2684534243795986,0.6292134831460674,False,5
0.91671285196251528,0.36203584125861199,-0.16901951571022925,-0.33443981354785374,0.92674401958545227,0.17115937975079121,0.21860365541506427,-0.10037714783140543,0.97063735248155569,-8.7106979401900038,-4.7838899251828133,-8.1611895467377042,,0.07180488648706009,0.2037037037037037,False,2
0.57514137654825326,0.8051423326845768,-0.14476954479937842,-0.79866052573097901,0.59094930092188624,0.11366744643498553,0.17706993426693574,0.050246869147963669,0.98291479311257246,-0.17403575976028751,15.251775541813462,-8.209941605198253,,0.1679710822398661,0.3928571428571428,True,6
0.73644508497038075,0.6660869722460836,-0.11822344195215272,-0.65221236760108481,0.74548604714251487,0.13736659369736198,0.17963202490412666,-0.024056161785982605,0.9834396965289588,10.838322526224431,6.8373748281498044,-5.2229972943888976,,0.2737302496043677,0.5833333333333334,True,5
0.89460807719927804,0.39939031842421874,-0.20040898622270317,-0.3903539700277846,0.91677724051829557,0.084517864095152231,0.21748601401781661,0.0026200795141217009,0.97605992074768733,1.4690221289355609,4.8731820006398303,-6.976725603155649,,0.1345962265588511,0.4127906976744186,True,5
0.6857806947190922,-0.67993309291549031,-0.25960706444350823,0.7190524162708638,0.68812516368151666,0.097197642786850863,0.11255425982890851,-0.253327353964515,0.96081048616660369,7.4835442626831101,13.302485445242555,-6.5575551423551675,,0.190984228437342,0.5925925925925926,True,5
0.89219210777765523,-0.38446130505438197,-0.23702900188614801,0.41181857932905575,0.90797501452032947,0.077374612930875358,0.18546886676383267,-0.16664596581581564,0.96841645046883162,19.987878520737247,12.263654950708842,-3.9653516772457786,0.8032976594225377,0.6615585002493924,0.9726027397260274,True,5
0.94043615608854791,0.28779420633275166,-0.18098157674939794,-0.25592511771516074,0.9497211511509609,0.18036648574215577,0.22379046102074537,-0.12330543320468784,0.96680587487785108,-22.52106339005563,9.7103708443050518,-12.104336714841928,,0.148729108771168,0.2857142857142857,False,4
0.79623024694150923,0.59119295053432142,-0.12848458698997978,-0.56909170712699719,0.80396510812918998,0.17255356788574036,0.2053095777959287,-0.064272857018666821,0.97658434203908595,3.874163230946337,0.87500149514332937,-6.1925934844086319,,0.08502203779496476,0.2352941176470588,False,5
-0.50494132115647661,0.86242154327242726,-0.035543549180654999,-0.86271882680591971,-0.50556580392174244,-0.010929033789883261,-0.027395037203297362,0.025145568288825748,0.99930836698791958,17.310700734274082,-0.49299069846051524,-3.2179035905625857,,0.4889328044780759,0.4782608695652174,False,3
0.25826343713166916,0.9638107494205681,-0.066097173481930255,-0.95713798548995588,0.26455935390111035,0.11787800895696054,0.13109871766408157,0.032820535717612426,0.99082588715780118,-0.7943210205732576,-16.051726146152006,-5.7167999348289937,,0.1949404296674443,0.3125,False,4
0.61472507339731253,-0.73235425706944624,-0.2928657137476639,0.78306432936658243,0.61113959819401442,0.11540644519663251,0.09446343319154496,-0.3002759292243028,0.94916332952666704,-19.306244200390321,-4.6534696775519162,-10.39826034271988,,0.2322038432913275,0.1666666666666667,False,1
0.20960445908975078,-0.92216826304203214,-0.32507178494562639,0.97774527730237892,0.19462968193499786,0.078316407111006639,-0.0089522870032403556,-0.33425287066519571,0.94244091327227986,1.1537715609487904,6.0635558711080133,-7.1145382993524304,,0.1299923426089755,0.3035714285714285,False,4
0.51673005168205943,-0.76087285247511394,-0.39250803310892907,0.85334196237922721,0.49481127620215598,0.16422331194432832,0.069264340980235609,-0.41980269569117573,0.90496858937699953,3.8868841514276351,-12.909137569979396,-4.9972532181957696,,0.4689340598577559,0.2413793103448276,False,1
0.94175789552041222,0.29548574764740348,-0.16056225945788169,-0.2585172713843768,0.94147581086862087,0.21631485835524589,0.21508344106634894,-0.16220810857207052,0.96303044754178502,-18.742387842622758,14.375344905143992,-11.724475761891233,,0.1563022336047714,0.4918032786885246,False,4
0.8720237592833554,0.45758046829898685,-0.17376615975673806,-0.44161339472528865,0.88861908654504984,0.12382943360545243,0.21107385637385503,-0.03124474450400537,0.97697062038545901,-10.037501054153076,-12.716402903030721,-7.89146676575497,,0.09019098959619341,0.3,False,5
0.79714583030754516,0.57489586615131327,-0.18453527658804614,-0.56815717031249835,0.81764964799501128,0.092986466521372907,0.2043427391560326,0.030721266506553879,0.9784172160885376,10.750949173718785,-7.1859725014823583,-3.9550569954867143,,0.0709631095673161,0.3157894736842105,False,3
-0.21384909852503595,0.96610932634841118,-0.14457293177717817,-0.97686075974680786,-0.21097645737023699,0.035099722255225965,0.0034086840450347003,0.14873366793743686,0.98887141575381654,8.5538927122221384,-7.338582510489978,-4.3756602130830764,,0.09429911987012782,0.2380952380952381,False,2
-0.31292930902839039,0.94722893621184523,-0.069516832163079245,-0.94968055154511177,-0.31309838906648685,0.0087320547949861632,-0.013494353188867131,0.068751299383695036,0.99754256112963291,-14.271318897785431,-11.487749464911307,-8.870439939459505,,0.2935169570447878,0.2,False,2
-0.86841824630589548,-0.42024085016973717,-0.26314896414694816,0.45345730888183794,-0.88779957397662002,-0.078666291819151676,-0.20056474890826823,-0.18764206430209363,0.96154263410408103,-15.900575710625864,17.026122749554411,-11.326543732138974,,0.182594537989401,0.25,False,2
0.95794153189218567,0.20562484305644829,-0.20016604455817327,-0.18435467287718335,0.97552444359206947,0.11985580729664733,0.21991220080841423,-0.077913309982283172,0.97240328056995229,-0.24577104325117571,10.39223328539828,-7.8036199784881761,,0.07642820257322241,0.3684210526315789,False,5
-0.53169119827954492,0.83919214788584329,-0.11428476975873506,-0.84379228714471111,-0.53649126663213442,-0.01384546794247922,-0.072931788865759295,0.089071093819451885,0.99335154624062849,0.9251306177610582,-9.2213407654549542,-5.8347208426323069,,0.09135221601228814,0.3061224489795918,False,2
0.80239798863566858,0.57268129862737138,-0.16790949358479204,-0.56275097456509171,0.81972886492181585,0.10656419961709263,0.19866758280976143,0.0089843317202476514,0.98002575135762027,0.16439350190970514,-10.493951185629752,-5.8784870295732325,,0.07596825892421395,0.2424242424242424,False,5
0.2407499206135269,0.95534820875073845,-0.17131630325609881,-0.96512627595970346,0.25433412620765722,0.062011480375345242,0.10281413899233358,0.15041260679525015,0.98326257965017794,0.71959358111378302,7.4396740069621519,-7.3048845793635131,,0.06984277910188122,0.2985074626865671,False,5
-0.14233367133652949,-0.84605346075733812,-0.51374572265313856,0.98636956385252705,-0.16452867885163586,-0.0023232177492759631,-0.082560338596931987,-0.50707381649604633,0.85793935398423915,-13.244050844411445,-7.0271692990445658,-8.9406432203291804,,0.1239921624803924,0.4705882352941176,False,1
0.80228462241231657,-0.54929048652826118,-0.23370782197066775,0.58303308498724604,0.80506188795139311,0.10930589361234917,0.12810857290198013,-0.22395383001343283,0.96614329970834711,9.2565189965711898,-17.938193559125821,-3.4710058955220391,,0.6038707989364502,0.9206349206349206,True,4
0.23888946759465265,-0.93725451509682178,-0.25394053674623696,0.97104458734208998,0.23112963712860166,0.060427644620927569,0.0020571013527694998,-0.26102311156567048,0.96533035980569981,-7.4414885142952372,18.755778134939003,-9.876269505493898,,0.09217677933100632,0.2941176470588235,False,1
0.091390691249636072,0.9957974821773522,-0.0059258790199456235,-0.99101832694629777,0.091532236586897117,0.097491155096044405,0.09762385573964176,-0.0030371293429203305,0.99521874913803743,14.162058295255381,-11.07590804454736,-2.9271271631924254,,0.3481389045105485,0.4761904761904762,False,3
-0.66875211835753234,0.73688197968582259,-0.098871392255874907,-0.73798244993174267,-0.67405649139449553,-0.032089718005689508,-0.090291238694876125,0.051505285391352157,0.99458267519181109,5.9863383735645987,-0.87365949540418564,-5.5497742427623145,,0.2839223743618528,0.3,False,3
0.69316410675502294,0.70524597437177527,-0.14883425929172686,-0.69474557139631909,0.70872397157263423,0.12263328725723051,0.19196903951344321,0.018396949494888348,0.98122853613089001,3.6410071701064983,-11.889771353092684,-5.1062007111634706,,0.08529860395011767,0.25,False,5
-0.13872315310968386,0.99031422750938436,0.005798067246716665,-0.98986696862492274,-0.13883499202310087,0.029803177938782011,0.030319485757716966,-0.0016049244330341994,0.99953897022624949,14.084344749286503,-8.2841251744467073,-3.162306487074459,,0.662106065814468,0.7794117647058824,False,3
0.93925674333183218,-0.2247020676995912,-0.2594335191859603,0.2617634424227358,0.95788619919697893,0.11804206707342865,0.22198349109040239,-0.17878201855750789,0.95851985870081147,-9.2082398469601205,7.6494197334282141,-9.2621552107612342,,0.2164033981935854,0.1486486486486487,True,5
0.30188252349884548,-0.89278247410741762,-0.33437463410463431,0.95327340900931157,0.28698597638712631,0.094386741827941364,0.011694001955519021,-0.34724415514701878,0.93770184335667073,6.1157003613225847,10.056904522131637,-6.4804989992445288,,0.2426906020005419,0.3255813953488372,True,5
-0.97762244149334065,0.0042614127239314556,-0.21032404106567951,0.0020134951254130659,-0.99955946061272694,-0.02961132447183018,-0.21035757111637615,-0.02937218175744508,0.9771831799682329,-12.687998275796204,23.245585509498998,-11.202956641937815,,0.2378584134967948,0.3666666666666666,False,3
-0.86254077233647741,-0.44633737677302493,-0.23834085288210397,0.45550610511604506,-0.89004405606288628,0.018323931596057469,-0.22031251498542798,-0.092760575475259219,0.97100868759156589,13.146568407379457,2.8635716982152446,-4.4005628472214404,,0.3275659454050246,0.6086956521739131,True,5
0.93436060511689412,-0.27245993909335586,-0.2296428557452585,0.30110923600966821,0.94833291832842448,0.099989519472636623,0.19053474117668573,-0.16257385276833333,0.96812512352525759,3.0202161784628769,-15.623895562820278,-4.9297564757255214,,0.1818292519772277,0.4137931034482759,True,5
0.61964123655480075,-0.74880144309756536,-0.235246969748477,0.77770387244403938,0.62619715211778559,0.055261319791696586,0.10593122649333668,-0.21719467188349351,0.97036335965402087,-14.119485012963219,-5.7006088127311303,-9.2352773397392305,,0.079115079483701,0.1296296296296296,False,2
-0.5964292890573033,0.79215773394616218,-0.12945357354620304,-0.79773345089582826,-0.60285599851403615,-0.013637682261986805,-0.088845058818339609,0.095135532819903126,0.99149169735234821,6.1517952425557496,3.1543425587580045,-5.8534449522429401,,0.1074437106267803,0.2708333333333333,False,2
-0.21348814104480154,-0.89664381428332574,-0.38788230681572095,0.97220575908012807,-0.2340525087786719,0.0059485414886929211,-0.096118549950922227,-0.37583146946717993,0.92168971509585229,11.855744506132456,-6.0832666491500555,-3.8466958408922403,,0.3666154741794596,0.2926829268292683,False,4
0.9678665139086855,0.17638067315589198,-0.17923244514128264,-0.1232092071800384,0.95396334207979672,0.27344731345180806,0.21921200359541185,-0.24257741054149984,0.94504089719687068,-25.415105863578283,19.697911167794363,-13.3814136502246,,0.2717482725798356,0.3529411764705883,False,1
0.95571422500607417,0.20075598847276341,-0.21519143387542988,-0.17872033162084691,0.97684874945758893,0.11758215744099773,0.23381480531902665,-0.073915856049082934,0.96946742237073535,5.4678094064223099,8.1836860675235723,-6.4311878373067701,,0.1265987821248313,0.2857142857142857,False,5
0.97478441036017238,0.13167534087964525,-0.18015814697925406,-0.095557657955203948,0.97589045172457844,0.19623088502810393,0.20165338411463743,-0.17406731696968833,0.96386538574537839,-1.2488245322476117,21.150181526228721,-9.0567175224006462,,0.2508368598761962,0.1538461538461539,False,4
0.97014464317360383,-0.068538115360526897,-0.2326411357958601,0.11302364403180168,0.97647311082038446,0.18364618083296361,0.21458105044792114,-0.20445730749373597,0.95506658521857979,6.3210280057372783,-13.64872558034352,-4.3274786569092596,,0.2700922950512958,0.5714285714285714,False,5
0.84925664271895462,-0.44690991631360572,-0.28113107529815495,0.49944366805570184,0.85268474996269206,0.1532473152134437,0.17122843583002495,-0.27055543587521658,0.94735451594510056,-14.92162054573069,24.156087023588366,-11.668769963659715,,0.2115915079795814,0.5714285714285714,False,4
0.71342366711688954,-0.62945148333943457,-0.3079245058764809,0.69020861079679197,0.70709993942367944,0.15369368643178427,0.12099068054793347,-0.32218085881817127,0.9389146656814632,-24.900790302221321,17.530837388191017,-13.095320304144774,,0.239274642229952,0.1153846153846154,False,1
0.44422113902548849,-0.79858247841706509,-0.40612018517694592,0.89391863841772701,0.42533742108125644,0.14141268018584616,0.059808423589791597,-0.42585690483213412,0.90281163543371568,-19.733633184744761,-6.5777932952908387,-10.335155185714481,,0.3502450477308912,0.1379310344827586,False,2
0.92812008938395596,-0.23474139905619809,-0.28894562680728769,0.29390306312945347,0.9384115993206168,0.18167184631540123,0.22850402439572498,-0.25353529503732031,0.939949873666302,-6.6963337778234377,-0.090915560587335575,-8.1558742348317423,,0.4305589331388656,0.3505154639175257,True,4
-0.89706594173815546,0.39604873007586949,-0.19600535599499985,-0.40470952597559973,-0.91443400471924852,0.0045442928736932342,-0.17743420120721071,0.083401765079688689,0.98059229541310944,1.0658092379459341,-16.560240261008786,-5.2567039212248554,,0.4111541107006028,0.6923076923076923,True,5
0.96389760416181891,0.20511506085520689,-0.16979169738673927,-0.15868413375031237,0.95455066797461829,0.25229420913909817,0.21382412021803859,-0.21624253531526774,0.95263760766274963,17.828595666509742,10.003074292089776,-4.1285756746690909,,0.2774250780362381,0.2,False,4
0.66782324395925896,-0.69382088838774547,-0.26948968378134897,0.73559637347609907,0.67048801574427708,0.096663312958501391,0.11362257767073919,-0.26278964131057647,0.95813961105014078,12.500364214610491,5.8101840702975833,-4.8079821987999507,,0.08273257512753282,0.25,False,5
-0.44013245557183989,-0.86715109967220294,-0.23309309704405948,0.88665688632938977,-0.46071665317554006,0.039745835145342565,-0.14185551620213435,-0.18918016762868684,0.97164184589745195,-12.207846317227624,-10.510963561145454,-8.5259759117965732,,0.071068849522955,0.25,False,2
0.94529652498334937,0.256872456250959,-0.20107466542058991,-0.24367009064725018,0.96583029436777312,0.088299090626239168,0.21688560758695796,-0.03447294157827311,0.97558815568895485,-15.326939451219797,12.800403813959594,-10.851430906993947,,0.0957839705584563,0.6111111111111112,False,2
-0.71624616123328511,0.68684402624859886,-0.12343711000018903,-0.69073531304581759,-0.72295699156573889,-0.014761966593721226,-0.099378890263884551,0.074689168912444648,0.99224259343019983,-30.387070943318054,16.424144907413311,-14.150282722045633,,0.6686551298719912,0.7666666666666667,False,2
-0.69053640188935195,0.71825047230161665,-0.085297929073414963,-0.71414289724257529,-0.69574222334837776,-0.077088786267770465,-0.11471442796653437,0.0076822971019166741,0.99336880478881062,6.8183525930405651,3.0402021232227958,-5.721071285871389,,0.1069962998638916,0.2051282051282051,False,1
-0.45485631432738283,0.87555715045459126,-0.16280482058079773,-0.88897008085054652,-0.45732579069783691,0.024193315505971036,-0.053272212917075887,0.15573309683697592,0.98636163443256597,-11.948450281027208,-11.758740532857884,-8.3653506333656935,,0.08781610414650677,0.3243243243243243,False,2
0.20798035058500497,0.97614446391648035,-0.062339067491795103,-0.97326927334589608,0.21287324651512751,0.086208482638674103,0.097422252752085756,0.042743028476207312,0.99432486551699606,-9.6723282217425925,16.065517409566652,-10.027709166373651,,0.1705530015293046,0.3636363636363636,True,3
0.94623023276082052,-0.2077608688131394,-0.24795920632115376,0.25768646781182603,0.94746700025432196,0.18948342337984267,0.1955659247314617,-0.24319067584734716,0.95005908461781585,4.974942179701487,-14.612625673249035,-4.5898055993691473,,0.5027953657700351,0.3809523809523809,False,5
0.65959530964843238,0.74732909009407078,-0.080207596828220623,-0.72906569162395152,0.66209446415234785,0.17347662042968831,0.18274913074124161,-0.055947758114022028,0.98156640303921217,-19.593178020401552,-9.6431617091287478,-10.107880995082541,,0.2259019935020014,0.1724137931034483,False,2
0.62133235269225084,0.78335524052848193,-0.017339972159065131,-0.76345695027315308,0.61023225876952247,0.21154213631488053,0.17629405145247901,-0.11819965098768834,0.97721504794434078,-4.0190886934923444,22.634571528170994,-9.6304043971373474,,0.6754129373082367,0.4482758620689655,False,1
-0.041514918378253121,-0.8757253140299267,-0.48102150255392112,0.99774236798563587,-0.061772696565319904,0.026349593648925689,-0.052789001491424084,-0.47884163178052286,0.87631273698109813,-0.24129535192063112,-18.695101564963192,-5.4282364523727029,,0.4000632842290299,0.2222222222222222,False,3
-0.083652668733015384,0.98474762333931443,-0.15255933056163801,-0.99580338141541636,-0.076906310824930602,0.049608919731446127,0.037119490506555747,0.15606901576824886,0.98704843130500097,-3.9597529648912309,14.325116302061051,-8.8101310303280229,,0.1158733341042514,0.4117647058823529,True,5
0.87837948395419707,0.44050838095788841,-0.18547735299550447,-0.42670940840262572,0.89756247653847021,0.11090843741938511,0.21533360849862754,-0.018274764457809178,0.97636953559345141,3.1418182627106663,2.8841574013279505,-6.4239042138308573,,0.08082994308828119,0.2558139534883721,False,3
-0.081741716338490256,0.98254273178386564,-0.16711694117813577,-0.99608035388892169,-0.074852053817596631,0.047128533138729813,0.033796751420196093,0.17031426909682673,0.98481004733677202,6.0061444906489925,3.4324533208487549,-5.8820116822865058,,0.08270552637710507,0.2727272727272727,False,1
0.96064345236040649,0.1949321593072969,-0.19790303359189482,-0.1695575416522547,0.97579681621807624,0.13809711628962651,0.22003271917131756,-0.099106138692118095,0.97044504005513654,-4.2573101865886365,-8.7793994630403045,-6.9608853625517364,,0.06990781454881646,0.1176470588235294,False,1
0.044230596123748439,-0.95775765129914281,-0.28415477427713193,0.99811428621454312,0.030247280254730877,0.053413235172809027,-0.042562025574118131,-0.28598143893466527,0.95728944972974994,-1.25712963433893,-7.2529106823034502,-6.4579721810295849,,0.324731361326707,0.7669616519174042,True,5
0.96657568641694225,0.19317435530309482,-0.16856782279204605,-0.16114638201201401,0.96913333436979532,0.18658087730986972,0.19940733685613224,-0.1531804447914821,0.96787006635262218,14.476415208232158,10.797335697526725,-4.9538028424018972,,0.1982617816401541,0.3529411764705883,False,3
0.97669983498087942,0.041468950239138935,-0.21056533075125622,-0.014175919263053581,0.99147704069643938,0.12950799621983827,0.21414125165733361,-0.12350548140829247,0.9689633225260571,-11.42165274418938,15.080488918713819,-10.301206529950255,,0.09203353643107526,0.2807017543859649,False,3
0.65978580463323611,0.73222390173896468,-0.16891077445396541,-0.7291512636998525,0.67817721609638582,0.091728393710249434,0.18171716113064168,0.062640412593798461,0.98135368347028551,-9.7143723829322717,-9.9305799846711942,-8.018489245580195,,0.07532004494093188,0.3142857142857143,False,5
0.67075629253627711,0.73047165144586335,-0.12844128019038137,-0.71832518495871733,0.68293525867523863,0.13269649999985753,0.18464811040737861,0.003255593976645571,0.98279930628325463,6.9639464153936608,-7.2439783456652043,-4.7538258981686319,,0.8857050127256078,0.5581395348837209,True,3
0.40733246446402416,-0.82069236848681926,-0.40067979697154676,0.91249132866182425,0.38394966948896747,0.14121694804906465,0.037945204053264944,-0.4231390877794301,0.90526983484624557,-6.5806216506083723,12.1759258409807,-9.1444251108995065,,0.321367191458483,0.3245033112582781,False,4
-0.27248904823400993,0.96020097779152391,0.061349823477534093,-0.9621078554914394,-0.27126344601080438,-0.027651713509415921,-0.0099092378206817877,-0.066559936196969038,0.99773322180794832,-21.804151241762661,10.586298593858247,-12.000388080424171,,0.4012522950217924,0.1851851851851852,False,1
