axis_00,axis_01,axis_02,axis_10,axis_11,axis_12,axis_20,axis_21,axis_22,location_x,location_y,location_z,dbh,dbh_approximation,score,reconstructed,number_clusters
0.9585650737733884,0.27376842112996386,-0.078764528398427333,-0.28256343730799144,0.94886753681186287,-0.14074196773273451,0.036206397756648731,0.15716631056494298,0.98690822652610033,12.931043261845716,-0.33754770892442076,-0.37139145597785539,,0.1195911837500498,0.265625,False,4
-0.15510292043704563,-0.9814456235939929,-0.11272786700766996,0.97148189766331361,-0.13081326343165278,-0.19776453833498259,0.17934884048799235,-0.14018693961478867,0.97374617605259595,-11.800172805014967,5.1751768132402791,-2.6407784746521572,,0.08245123045622155,0.3076923076923077,False,5
0.98776092191721243,-0.12317540219806622,-0.09568793772783013,0.10697617388708307,0.981450128497245,-0.15909664827777992,0.11350973241859502,0.14691312251152952,0.9826149169843561,5.6418664745481291,-1.8525071217419136,-1.5617937521503449,0.5696098569711948,0.3626421837574209,0.8627819548872181,True,5
0.12748187148050155,-0.96554954583137431,-0.2268533600999913,0.97025169833862923,0.16886256893974791,-0.17348508489802547,0.20581548609090414,-0.19798865461408721,0.95835300298442683,-21.754553133867436,1.6092018536753918,-4.865750692262357,,0.1290030392711368,0.4,False,1
-0.36194807831970932,0.9301911046777871,-0.061139981836681317,-0.90546291995647388,-0.36640543733699721,-0.21420540626646631,-0.22165398526660354,-0.022171248683912806,0.97487329768910502,-1.9274132760273832,-14.734901541296841,-5.2661083318096935,0.5921734613969604,0.5570844035380128,0.9070796460176991,True,5
0.47479034931166514,0.87843055632148037,0.054165320281898216,-0.86818271452052598,0.47756730646922957,-0.13486379054251618,-0.14433606066495544,0.017006631425964439,0.98938257316331557,-18.119289680862291,4.5114468283424571,-3.7961663180726282,,0.2313152390240361,0.2424242424242424,False,3
-0.98502247059932013,0.1590883301313003,-0.066495380519585784,-0.12508739012579287,-0.92474228323437058,-0.35945076774156359,-0.11867551241063938,-0.3457493496950011,0.93079187251477147,1.4077255246189444,-4.4963319554243366,-2.6543438156725223,,0.6588663230932296,0.3488612836438924,False,4
-0.4340369127951606,0.90051999219432455,-0.025994268398620998,-0.87538441440487014,-0.42838850288101554,-0.22402102047889286,-0.21287105333578982,-0.074478414709870225,0.97423758929432391,-15.671727845224288,9.2664584229827156,-2.4020429015600757,,0.1345839181367204,0.5714285714285714,False,2
0.15554792743901888,0.98779624864981874,0.0079632545338748362,-0.97436015828718114,0.15474881856943615,-0.16332509021562786,-0.16256421565647522,0.017645801333724287,0.98654016719203375,-3.6228004167379018,29.216980440935671,3.1610676466179499,,0.2835572410503571,0.3888888888888889,False,4
-0.38993939396440208,-0.90971559295390991,-0.14270532215440179,0.910802181237931,-0.35820857346226243,-0.20524620471608962,0.13559740295043615,-0.21000989937297626,0.96825058041730605,9.7917478640558482,11.104103449287896,1.4408094780630307,,0.123586201005311,0.3461538461538461,True,5
0.23021631967625464,-0.9626091456878737,-0.14277282231847693,0.94951512206487221,0.25432792599976228,-0.18367999081770178,0.21312315483037511,-0.093278822327055366,0.97256237958314329,9.5397045941011989,9.842651760254487,1.1504772470498821,,0.3457353002438702,0.7164179104477612,True,5
-0.75156103727618007,-0.62544038319896378,-0.20971488815123779,0.65468573350295212,-0.66821161523881656,-0.35338340030006199,0.080886325148657248,-0.40288654026148069,0.91166871070585764,-7.0113940770145753,18.344951260903095,0.62378346310026367,,0.3581463837697597,0.71875,False,4
0.6499408606579915,-0.72459169210989816,-0.22922425127473642,0.7437247359396868,0.6684719763685012,-0.004328274648538466,0.15636622013271384,-0.16766662320004047,0.97336401652521709,-13.760524093670977,5.7072338234066926,-2.8349085474320939,,0.3956478984172203,0.2051282051282051,False,2
0.2728371822206565,-0.92385964616783922,-0.26840869244591664,0.93834652498735338,0.31710784871279957,-0.13765322854512993,0.2122867660549046,-0.21430344483319594,0.9534193004604925,-12.402305803216686,2.1405841865748023,-3.2539057626772236,,0.07210371247745648,0.3404255319148936,False,2
-0.89101821638446954,-0.42492517155585113,-0.15976588074200934,0.45379952123807193,-0.82413251376996866,-0.33892712236008804,0.012350408703206167,-0.37449192024050904,0.92714792189781692,5.2775168224142552,16.645434067582407,1.9325955366893446,,0.1449035643647986,0.2666666666666667,False,3
-0.98252940850746839,-0.14637180464978813,-0.11494022890846134,0.17973286289244478,-0.90653857042037134,-0.3819475334868343,-0.048291401040463443,-0.39593322056093633,0.91700862888077306,-3.5258708485673886,7.8426695087763836,-0.97397891764961708,,0.2809225889929112,0.2467532467532468,False,5
0.76803874482226731,-0.6216165559569351,-0.15397838748368475,0.6128941401516822,0.78319733909530709,-0.10470291782830991,0.18568053053448394,-0.013956553810671415,0.9825110458341747,-4.682340148765741,14.911780095894038,0.33217330191596434,0.7061547337563131,0.516362757088757,0.103448275862069,True,6
-0.26319192204540609,-0.92218173886894572,-0.28339169477366916,0.95822458949447309,-0.21578990376614376,-0.18772414208286331,0.11196270923032151,-0.32096036815975593,0.94045137769719955,5.0543248135444454,8.0264971736811432,0.25000603899633317,,0.462520952540681,0.1142857142857143,False,4
-0.98982036730717304,-0.11114893488126915,-0.088890689831129438,0.12836282879950489,-0.96695593123312262,-0.2202707680008299,-0.061470518514843003,-0.2294387528902776,0.97138006672242971,11.032483666658365,9.0503108769334322,1.234947979086277,,0.2174400822214209,0.5576923076923077,True,5
-0.89749073983553362,-0.42890861771772765,-0.10270233471997969,0.4409022413527377,-0.86688136058392562,-0.23264118346134188,0.010751068765418634,-0.25407499743113193,0.96712476454735219,-7.572499018699018,-18.37913481632069,-6.7927284042858211,0.4954366369221815,0.7894314259999932,0.9274193548387096,True,5
-0.098584809281496405,0.99504619732734612,-0.012810174211044092,-0.97412198072980916,-0.099126766064717389,-0.20312619454069067,-0.20338977859755564,-0.0075464848729139139,0.9790687659853613,-20.928082032411428,12.057708226786877,-2.7968580572719843,0.329645613015675,0.1970616031222318,0.5517241379310345,True,2
0.88309806388739809,-0.45618802903587763,-0.10968268652203633,0.43859170183447199,0.88567287856175081,-0.15238395998951113,0.16665871906465513,0.086464063890755158,0.98221628830681917,-13.715027905171326,11.82441211028465,-1.5988300563839528,,0.07554068611961282,0.1578947368421053,False,2
-0.69013760900507681,-0.71314846742041393,-0.12300139858013644,0.71891262114297305,-0.65614377263558277,-0.22943407068890981,0.082913954181999233,-0.24676833882704363,0.96552092838759618,-17.337383699749857,1.433269988720804,-4.1567626787572207,,0.0734214795213824,0.2264150943396226,False,1
0.67942665115995904,-0.72678926733058158,-0.10078088403382721,0.70556071663882236,0.68483957303666532,-0.18215058149528268,0.20140382526077982,0.052650926829777955,0.97809221399328738,-22.428492249952154,-0.044671032713166303,-5.3657976720775027,,0.09121445260735767,0.3125,False,2
-0.1252098439707845,0.98678353695364884,0.10286275404663478,-0.97879935195921175,-0.10592278085257466,-0.17530599847319708,-0.16209356426779842,-0.12263203371755739,0.97912566135775292,-22.082048628416441,14.182383124197397,-2.5112032557635637,,0.3953753472156769,0.9154929577464789,False,4
-0.98570237509570369,-0.15052924054066777,-0.075708490098138112,0.16630619219711981,-0.94135535588941754,-0.29358532724781083,-0.027075416295686855,-0.30197854506663108,0.95293015491790234,1.0678048579557242,-11.2278811549502,-4.1110638789234972,0.1501327895649159,0.1262502811084835,0.1724137931034483,True,5
0.93636020936772968,0.34259741000754251,-0.076528249483079153,-0.34493472697236721,0.93842731885755504,-0.019344284693891795,0.065188898144692226,0.044510469307160648,0.99687974484424979,-19.372038005790184,6.4721953382210327,-3.6219429221383042,,0.3070946813688104,0.6923076923076923,False,2
-0.85011851423384299,-0.51155919054391685,-0.12492280146913359,0.52573624191240498,-0.81099530355667671,-0.25668662128914288,0.029998594911516407,-0.28389049328758292,0.95838732886253697,-22.133980709528501,10.605626279033869,-3.2984141454308409,,0.08317254248422389,0.4285714285714285,False,1
0.91953446106187442,-0.37620216041955901,-0.11370272386932954,0.37176355533088229,0.92646228156173627,-0.058817512453048837,0.12746856023110442,0.011814200738046787,0.99177224745075965,9.6222238410617287,5.9352704054727026,0.42719254476413243,0.3777288850914023,0.3308307165850214,0.8709677419354839,True,5
-0.55665251144664007,-0.80950600652465077,-0.18664942244931021,0.82345964288689977,-0.50797267040293992,-0.25274093981839629,0.10978250332693444,-0.29438714565044943,0.94935978977364177,5.1762982113474205,-7.2440672224159828,-2.6905276515350987,,0.1868016425509749,0.3529411764705883,False,5
0.84008527009639877,-0.53067110366567993,-0.1124496273951693,0.51241982457635993,0.84435438944422403,-0.15649788627137068,0.17799624251145285,0.07385015071429013,0.98125607916144064,-15.720452990142768,12.079949013989866,-1.8748222585308154,0.1905280894895742,0.1281941245871171,0.4210526315789473,True,5
-0.94657964841053699,-0.30202267416079243,-0.11300121020479641,0.32188461526437118,-0.90605553443610409,-0.27468830148700202,-0.019423276528243008,-0.29638770691523314,0.95487018150031133,-35.678578906495957,0.17381285618473707,-7.4148259192832908,,0.1996060127880828,0.5882352941176471,False,1
0.74399211618154548,-0.6226697905097387,-0.24240062509462215,0.61703649563980423,0.77944005290818552,-0.10834743638422778,0.25640143156436396,-0.068960393770936712,0.96410723987671709,-12.140524851728788,3.3634335265825515,-3.0413633607190285,,0.2497298242523873,0.2465753424657534,False,2
0.13956666253319316,-0.93774279298806928,-0.31805597134510805,0.96979284637965446,0.19433916060457151,-0.14742498352164624,0.20005744630028868,-0.28787279283469103,0.93653952042898925,16.181110676655873,-5.344480869066313,-1.0037000848500786,,0.2787990751344496,0.3064516129032258,False,4
0.58229946173440816,0.81282936932405514,0.015354257653091188,-0.80551994879941491,0.57940900588590938,-0.12418863065711999,-0.10984056149713854,0.059946811946603271,0.99213982421200686,-26.248793335081118,1.1853052167931271,-5.7114110360714223,,0.1965703805653679,0.2631578947368421,False,1
0.50496048134074123,0.86288892784170501,0.020919141768248911,-0.85522007655373422,0.5034548724080945,-0.12301143080207831,-0.11667704548690003,0.0442254412837505,0.99218474963068526,-18.548347983647393,18.86989845154044,-1.0253785755866365,,0.2075119757620087,0.4,False,5
-0.46823361073358927,-0.85022913023123037,-0.2405570865421166,0.87345002447443187,-0.40421409866085622,-0.27147010367516777,0.13357522421841661,-0.33722601997775536,0.93189928153473911,18.126524023547088,-3.5219487615630904,-0.40336317513941972,,0.145689707449859,0.1,False,1
-0.72770110835468071,0.68516248444261052,0.031677544282979767,-0.66214088719387243,-0.68970117018110155,-0.29305586729654798,-0.17894284675695182,-0.23423207671719543,0.9555704012950953,-2.3713949828083702,17.250754816925962,1.0696054891190694,,0.4094044355146104,0.3023255813953488,False,5
-0.23139718790832631,-0.96289279438193609,-0.13889855274791899,0.95826091646577571,-0.20094906107263485,-0.20336049475795268,0.16790282130533585,-0.18015810107062685,0.96920157924775141,-2.0121061310591477,9.9891038438309749,-0.30129572273288463,1.88958637040425,0.3702711929583639,0.169811320754717,True,3
0.85836965790615927,0.50630925074961786,0.082779665325635868,-0.51234260176364943,0.85434449076914298,0.087181130472532176,-0.026581738169617966,-0.11724518624564005,0.99274718710158394,-1.9357470724683712,10.798179541811736,-0.133220470968135,,0.4387274350985368,0.3620689655172414,False,1
-0.78358906798362693,0.62080057676227374,-0.024388858689530626,-0.59217614077631064,-0.7581808825478713,-0.27292703719896405,-0.18792442851269925,-0.19942014248956413,0.96172554085748174,-2.9318404735524219,-15.183081968857641,-5.5093974615361905,,0.2002271718664183,0.3076923076923077,False,2
0.823968751300867,-0.53764671424991484,-0.17891759984965605,0.54094108713257638,0.84036853103874665,-0.034109709638265512,0.16869569387366576,-0.068678546111947347,0.98327260725214605,-12.068200760747727,10.632408787493526,-1.5679487019371516,,0.1647759299241243,0.4,False,5
0.11749195393621535,0.99304483833963664,0.0075887948487234486,-0.97563085329972177,0.11685085008672072,-0.18571568841556801,-0.18531076290897905,0.014416236714777889,0.9825742176899801,-19.234565740323138,12.261891701113001,-2.4277004344979898,,0.2411748876185893,0.59375,False,3
-0.96618298824018634,-0.23129144417566672,-0.11399430286816237,0.25554422080425643,-0.91794902196403882,-0.3034250225159586,-0.034461347170551854,-0.32229468026388358,0.94601192097393338,11.534919542302775,-10.204059102657903,-2.4891605041751976,,0.8253615130345104,0.6875,False,1
-0.69779176084391248,-0.70209797658606121,-0.14193339907192745,0.7067646120467469,-0.6426257435251207,-0.29583092623523566,0.11649223861169422,-0.30674188666131752,0.94463695317867591,-12.110592722695824,14.081159421218537,-0.91204904250236651,,0.1516003419044771,0.1666666666666667,False,4
-0.8772151280270617,-0.44605942554005262,-0.17755170527861719,0.47948210057177743,-0.79525810592036028,-0.37102757336785408,0.024300913393181592,-0.41060386488054434,0.91148995153727164,-16.572550878882044,-0.10219698289639434,-4.3324684148078711,0.314432399703287,0.377447234817789,0.5120772946859904,True,4
0.043859913130273182,-0.97534435422186139,-0.21628615005992541,0.97794835156286575,0.086164284409596489,-0.19024389022424715,0.20418944560304317,-0.20317260341818197,0.95761556144655435,0.21818687117487251,14.389036888354848,0.84985010900450564,,0.1375714198273829,0.25,False,4
0.1013550633936357,-0.98196872831895665,-0.15957621291446433,0.97105889449903271,0.13251962218223898,-0.19870373210131806,0.21626783056845938,-0.13481827153738102,0.96698100246120877,-25.089659182122073,6.358391753836683,-4.479322135156564,0.3658012599435753,0.3236408028399531,0.8625,True,3
-0.94436523093668268,-0.31382522080770098,-0.098427848614632885,0.32839389905078792,-0.91627530955742786,-0.22934036749264694,-0.018214215989945118,-0.24890417409203708,0.96835683219329527,-11.679247634420852,2.4929020983380403,-3.1118009775652129,0.2983269084310103,0.2268709345099407,0.7872340425531915,True,4
-0.29854633041205902,-0.94304710846895157,-0.14673867862919576,0.9391466915941743,-0.26290933007666206,-0.22109313835204572,0.16992227713048613,-0.20381568969779901,0.96415018766154903,6.0469361368470889,12.451288083962938,1.1996135805038992,,0.1035774830423925,0.2368421052631579,False,5
0.86088504680832656,-0.49157621453629763,-0.13126218603995884,0.478728833445834,0.86996241022544429,-0.11825442411312359,0.17232422989648249,0.03896447223945862,0.98426933798309701,3.2544687615176748,29.124149163501961,4.2002601955155878,,0.4547236139501713,0.5666666666666667,False,1
0.29734960693589685,0.95459873936528761,-0.018012719319169507,-0.93679654782310828,0.2880572240079915,-0.1985831404815539,-0.18437852163897611,0.075922872041390671,0.97991850592751439,-23.24701391439924,11.697938768006706,-3.2817193077394875,,0.1454797578363599,0.32,False,2
-0.60701790479167694,-0.77088104724446449,-0.193058732673768,0.78783985777189658,-0.55193406243056176,-0.27327120088815787,0.10410389891008691,-0.31797987629435881,0.94236467277988722,-5.1513956534481169,2.0172210207172889,-2.2704390479602377,,0.3672295862532471,0.1175166297117517,False,1
-0.19835740621549786,-0.95386494693295154,-0.22537968500301464,0.9621764315146355,-0.14569539048571012,-0.23019419590636658,0.18673739324843919,-0.26251574467794231,0.9466861305411437,-8.5302615467664449,8.1083426951713129,-1.6100802627461022,0.6787437457132048,0.3865927695845681,0.2844036697247707,True,5
-0.82681759041592739,-0.53673536160913571,-0.16818984445295646,0.56110560414759092,-0.7662580301635058,-0.31306410238817023,0.039155755298125275,-0.3532191710655776,0.93472083747971479,-10.619304006881045,11.937762229794668,-1.0810116860906829,,0.07850251408725525,0.2380952380952381,False,1
0.36097392655974331,-0.92333236609807023,-0.13097773115984013,0.90863915657819305,0.37983911419125582,-0.17348524566449849,0.20993500774504065,-0.056387844843906763,0.97608795888329047,-7.6707439351252287,-15.606765416250601,-6.2160797993037296,,0.1343978271518567,0.5428571428571428,False,2
-0.87299695654904241,-0.45901936984489722,-0.16485609471081805,0.48767898283492428,-0.81685999476439308,-0.30807297618357965,0.0067471147316715691,-0.3493436231859805,0.93697038874346961,-15.525118323087398,-0.9154185996482207,-4.3432205384277554,0.1402138036966102,0.1482161413732495,0.1774193548387097,True,3
-0.24045743322554269,0.97065952475207307,-0.00055660997403929324,-0.94202280290951446,-0.23350156240849032,-0.24097730007470713,-0.23403688086514338,-0.057420443753713524,0.97053059252866436,-18.208777661467103,8.1668121854738001,-3.0733223167836106,,0.18073604839061,0.5384615384615384,False,2
0.77253304732750461,-0.62130940854945216,-0.13102408036238311,0.61615267077716518,0.78336882026196997,-0.081787393500066405,0.15345545634171731,-0.017547372717824222,0.98799975335505841,3.9449199575525467,13.95412823475794,1.2326933676997738,,0.1567832455657746,0.3846153846153846,False,5
0.24571448774722415,0.96644233618066966,-0.074923970455188643,-0.95445404638646314,0.22772192342773073,-0.19276980813105374,-0.1692390730523769,0.11887782143034711,0.97837937413068343,-15.987309195736211,3.2515531060951703,-3.6284321407301388,,0.1267322814548663,0.6923076923076923,True,4
-0.93913375778195629,-0.32602961513191353,-0.1083165502186859,0.34324641571121978,-0.90373227179506721,-0.25583173966012485,-0.014480438382219143,-0.27743949065167667,0.96063398124946409,10.867089655934405,4.2944004316712325,0.25613210215291293,,0.08447375726147699,0.2448979591836735,False,1
-0.99492034974438104,0.025371247348088391,-0.097415591526822165,0.0056335642211311435,-0.95216823004605566,-0.30552237994151543,-0.10050751523485668,-0.30451923009715404,0.94718861790160436,3.6203051946228566,5.3341846776400494,-0.53826383803778,0.1494454663043452,0.135667854162745,0.2205882352941176,True,4
0.86001136754578855,-0.49362574937808235,-0.12928289617327071,0.47716011174395423,0.86774464087997261,-0.13905921754628117,0.18082775078101049,0.057903866667204693,0.9818087730166537,-14.176376300890933,6.8904696867036641,-2.6625212930900375,0.8872641203696086,0.6838919478412012,0.7819905213270142,True,4
0.38898439346734132,0.91630578005121444,0.095262054794031464,-0.90948065910968157,0.39843096883680784,-0.11873370952338209,-0.14675173710816791,-0.040453436399138065,0.98834581353857975,-13.523599355740338,10.739356914197716,-1.7351716548007317,,0.3356122965857425,0.2166666666666667,False,4
-0.92122512794792721,-0.36695567799932582,-0.12918124485148738,0.38895884518822926,-0.87514080147407047,-0.28781868310650061,-0.0074350781545297895,-0.31539199098800247,0.94893235356028371,10.561778720884663,21.146251961640271,3.5193558007913999,,0.2728077976271305,0.3461538461538461,False,4
0.22502173021456853,-0.90928103915989489,-0.35010457402830969,0.95130651072465444,0.2827161288483192,-0.12283123846116724,0.21066832601064048,-0.30541706290468262,0.92862224510430091,-30.026097664641089,-9.3064655163913468,-8.2038577874632832,,0.3153721894687778,0.3529411764705883,False,1
-0.20234469456700588,0.97931406089285211,-0.00077117970490697685,-0.95866679697283674,-0.19823930868954748,-0.20410572964062751,-0.2000364890774376,-0.040560407145914912,0.97894854635457251,14.186228997377752,14.426358339243899,2.6831224784291874,,0.1691799294010155,0.5172413793103449,True,5
0.92365812510541678,0.3808355596779982,-0.042660806503075244,-0.38313259841797748,0.92005702520165955,-0.081880903796688193,0.0080672148995709625,0.091974707728915778,0.99572866443722796,20.707873629471131,0.34330563139030729,0.64788550665214473,,0.5975830430348797,0.8617886178861789,True,5
0.96382391442544413,0.26220878024612948,-0.047854127757715012,-0.26649718028431196,0.95122145221129439,-0.15542522881935161,0.0047660132318007309,0.16255554255353413,0.98668788413712738,-10.819870335087487,10.350542774253014,-1.4387711811307426,0.2879834091248729,0.1485191803405742,0.2,True,5
-0.70730158556120792,0.70625058213284142,-0.030570938808347256,-0.67840257050791097,-0.69029904775492212,-0.25150979503173732,-0.19873202910165227,-0.15715387333969938,0.9673718213300766,-26.9865819032646,3.3573282355608196,-5.3881152131784509,,0.1069557997860025,0.1875,False,1
-0.99816663399801842,-0.043428927441911416,-0.042158024554202769,0.05733865126159908,-0.90154250197726504,-0.42887456930911128,-0.019381688382808571,-0.43050556952241648,0.90237980073005464,5.196431897674878,25.376205603747795,3.6816807521017294,,0.310584366251396,0.25,False,2
0.86816817280640002,0.49626201574626122,-0.002834687541363054,-0.49338855985718072,0.86249849893878916,-0.1125347427703796,-0.053401804539329342,0.099097684411876788,0.99364374713281933,-2.8198270508524406,12.074114279394855,0.007271592893531886,0.8373974695429113,0.4300973559778964,0.7292817679558011,True,2
-0.90648971330201689,-0.3630734244647415,-0.21553210462729638,0.4222077325434177,-0.77446335265249677,-0.47111266803048246,0.004126773336643505,-0.51805810856090206,0.85533546979891351,-10.482859485115924,-11.130077123381994,-5.7129710418463233,,0.5676581500757008,0.3529411764705883,False,2
-0.60527613878429321,-0.78425046794154629,-0.13635248201570427,0.78899339047353345,-0.56836712667176026,-0.2333414646134849,0.10549988439546257,-0.24881722780457388,0.96278749552546194,-16.677178041795546,-2.2962445866185437,-4.7995324551260463,0.4425198585957263,0.3954997144889653,0.9711934156378601,True,3
0.79302307330619726,-0.59638392340710444,-0.1242602957727961,0.57953330838050188,0.80142340184720373,-0.14785694251270595,0.18776461243148024,0.0452409866515356,0.98117159734944004,10.627799892217231,12.9646017087264,1.8960121962370664,,0.08052988977178624,0.2173913043478261,False,5
0.72636825577235087,-0.66765739523059819,-0.16316482341524474,0.65878417086620145,0.74400079615204706,-0.11165227960616782,0.19594022869836247,-0.026389731317603193,0.98026068413387901,10.924225393263562,-0.48218141734813819,-0.68105021314386183,,0.07693820772262726,0.1666666666666667,False,5
-0.95984236538414769,0.26851454691097631,-0.081256210291628508,-0.22192293273819994,-0.90392927705069825,-0.36559824126420321,-0.17161831352929863,-0.33288406418420702,0.92721915115767761,11.998607411636526,9.4379155218073549,1.4011282425651614,,0.5758608670203474,0.4,True,5
-0.67796998221650095,-0.69462869703501662,-0.24051543914849413,0.72992307853697569,-0.59742616676308591,-0.33210581850649701,0.087000015129090669,-0.40071554564578771,0.91206252463596882,3.8164773486810235,-4.0401074020790464,-2.2967839331969366,,0.3792330936282174,0.3904761904761905,False,4
0.35478376559832447,-0.91250145270215133,-0.20364080751248714,0.91592817600006693,0.38293207613659785,-0.12016073183410078,0.1876274395632605,-0.14388927646694033,0.9716438751110188,-16.410550300536752,7.0066602872104822,-3.0009500848414676,0.5291398317398605,0.2658336224451153,0.3571428571428572,True,2
-0.025056938549232226,-0.97860708630761217,-0.20420656321250746,0.9804575001494068,0.015814808601288657,-0.19609431972823349,0.19512877858305283,-0.20512937980072096,0.9590863867823668,0.43523169091715674,2.068169073592816,-1.5122550941622186,0.4052672069317947,0.4976413638207523,0.5039246467817896,True,5
0.22092981030756154,0.97429103965369346,0.04412469793654647,-0.95990520367257004,0.22522635326070795,-0.16689844145229715,-0.17254570084411824,-0.0054826861490876178,0.98498625435728993,28.003070059653886,-13.584232097686421,-1.023844101228834,,0.4273736031311607,0.6756756756756757,False,3
0.30978821661038591,-0.93807716614891257,-0.15505641295793804,0.92689765008225322,0.33429625598582424,-0.17060703240446257,0.2118773398014844,-0.090869376491127474,0.97306256186062379,-12.817870714363879,19.514840786422198,0.073973298029278503,,0.1006038149302453,0.3333333333333333,False,2
-0.14741396649648542,0.98780385080221089,-0.050126587975819738,-0.96683777856419872,-0.15460072808219119,-0.20328139319057892,-0.20855174998742984,0.018497762480389549,0.97783638731661071,-4.7096352901514305,3.4152635518628616,-1.926545876857648,,0.08677192485952423,0.1935483870967742,False,3
-0.40194953890072432,-0.88086662138206295,-0.25002112613226346,0.90316928761968296,-0.33645013900507459,-0.2666205953485612,0.1507375403741559,-0.33297942774053796,0.93080765715776881,2.3360625334375307,3.8156553060307719,-0.97598855925195893,,0.2596366057186523,0.2864583333333333,False,3
-0.42209814300834392,0.89877522531985521,0.11847468936507827,-0.88101465764179643,-0.37589089788552854,-0.28726156357424537,-0.21365001916502793,-0.22563051043255478,0.95049699740332094,11.445754208291735,11.987489871220891,1.7734667410646154,,0.430968850440125,0.15625,False,2
-0.16151500930725388,0.98584920553800892,0.044880348801614067,-0.9681505511174906,-0.14947153958266382,-0.2008550950951653,-0.19130450109544578,-0.07589204698033282,0.97859234876722689,9.8996483473613832,-1.4365697772807624,-0.91969638924520358,,0.3150717131941719,0.12,False,2
-0.76902096201258885,0.63794740225771984,-0.040371672467964373,-0.61018363117807817,-0.75143885512658015,-0.25102904861467834,-0.19048017279383328,-0.16841246675553026,0.96713729367331813,-9.6867527528333071,11.630319439770679,-1.0589891417703254,,0.1179588271527408,0.3265306122448979,False,5
-0.050575915286398508,-0.98637385123421351,-0.1565525547358764,0.98016297193520174,-0.018945217470739323,-0.19728564869787205,0.19163148290428908,-0.16342491956973065,0.96776529717877946,-6.4332550290381869,12.785731804048734,-0.30163733549911564,,0.0722989045263654,0.2380952380952381,False,3
0.17208055602562727,0.98498772560606707,-0.013691699795828807,-0.9710296372870626,0.16726990083640772,-0.17065234772582152,-0.16580025858866237,0.042660997170325052,0.98523617146974829,2.3926429963799909,-13.975876366617987,-4.5385361948102041,0.2858920452059347,0.3136376668262654,0.7653061224489796,True,5
0.97044427402231337,0.22081118608067193,-0.097366991937483466,-0.23097141997029771,0.96676733508939194,-0.10960439298249539,0.069929351306954324,0.12885394796359106,0.98919489784368897,4.2327855413964475,22.4366494287592,2.94191088661902,,0.1455113240941231,0.3529411764705883,False,2
0.51478608577803298,-0.84467268893479996,-0.14670833124599719,0.83021623335648531,0.53384628616609109,-0.16046541252880814,0.21386044926704081,-0.039194276550604944,0.9760776182891262,0.47162674099697621,5.9416844261154633,-0.86836201648477807,0.5438878657158855,0.5102692715761201,0.9632850241545894,True,5
-0.9036296671137185,-0.41419137110346954,-0.10908222960399513,0.42805309619314069,-0.86440111233875394,-0.26378260713510154,0.014965679116450775,-0.28505477559752174,0.95839438821271816,-6.1546629263769042,19.686594204567704,1.0600268492927101,,0.1271407162605172,0.2352941176470588,False,2
0.64526423367619845,0.76392192046917173,-0.0075741775104971598,-0.75687643344659006,0.63790332767517943,-0.14218793561375748,-0.1037888878032599,0.097481505772248386,0.98981070048819808,3.2467998797602871,6.5412885322004373,-0.36861762491685141,,0.3344017081419718,0.2586206896551724,False,2
0.29500807629855508,-0.91156049819166396,-0.28640477135548847,0.92975558337747455,0.34296623833572132,-0.13389814987614948,0.22028343128123934,-0.226785399658816,0.94870627298682553,6.2882897354529579,23.594601018189326,3.4391762803683723,,0.4080269630435436,0.2272727272727273,False,5
-0.071549083896434426,-0.9566124175801356,-0.28244187211720512,0.98120243421694875,-0.01662187708516695,-0.19226413157139285,0.17922754163441856,-0.29088897492627025,0.93981971280987109,2.9815967696770374,17.413437640933754,1.8215615906015827,,0.2267574160896092,0.4444444444444444,False,5
0.55783948729384369,-0.81112595037716839,-0.17575494030176639,0.80206108225657446,0.5813029879852547,-0.13705785817977714,0.21333805742331774,-0.064509912293775146,0.97484631838597779,-20.326143909452124,5.1877767825924606,-4.0138895400480772,,0.08346820999753825,0.5294117647058824,False,3
0.41385252850210397,-0.89841288577564538,-0.14690259127970742,0.88554562014393168,0.43471111969207832,-0.16381452029645971,0.2110332658523647,-0.062293892865489975,0.97549189213204046,13.416313638976584,-4.2431339334955167,-1.061525885458712,0.2635715380346644,0.2236728797938796,0.7868852459016393,True,5
0.51037429238617782,0.84645047605059531,0.15178825140645902,-0.85049342676030149,0.52294287792603023,-0.05649493308220116,-0.12719674802772907,-0.10026134858540045,0.98679716723904753,-1.0846210184639877,30.207957773106401,3.7721192078003041,,0.4267141652115569,0.25,False,3
0.58622157096626781,0.80269546854799312,0.10965516178620399,-0.80279204899144452,0.59375274491325958,-0.054613221696653502,-0.10894583888317685,-0.056014843394293745,0.99246820680037595,3.1729726791400465,9.2522167438869207,0.2435044898432418,,0.4917246170690955,0.1538461538461539,False,1
-0.85823432046718739,-0.48778427844822725,-0.15968828658034873,0.51126422492011159,-0.7850729711373915,-0.34967030515379183,0.045196719892740086,-0.38174196479854117,0.92316321895030384,-9.1107219403980366,15.688267062603684,-0.1648210698653067,,0.3057185616819975,0.3181818181818182,False,5
0.85435109585432778,0.51497186983317067,-0.069915508244138364,-0.51914955268378726,0.83952468320340212,-0.16025619563826604,-0.023831637810523193,0.17321166119160231,0.98459624896020836,-4.282919656274502,21.017528269674045,1.5493371757864385,,0.138602748484991,0.25,False,5
0.67689033087554384,-0.71539700179564414,-0.17328187957487065,0.70784251543664578,0.6972089693585718,-0.11339588346267347,0.20193675571207664,-0.045899704440892725,0.97832242324538399,-12.112715369816749,20.299207730549515,0.24485252102041755,,0.08724632316662333,0.1818181818181818,False,1
0.967992591506181,-0.22845100239196856,-0.10392536887233784,0.21117857954596203,0.96514158610181078,-0.15461347392070857,0.13562429845015439,0.12771788552502966,0.98249386328206534,19.181921596102178,-1.3688487423235722,0.19006685564960615,,0.1051470727627732,0.5,False,3
-0.79527980352273153,0.60493879466615674,0.039737750523950552,-0.57638066702305935,-0.73416186808073369,-0.35887557473066012,-0.18792381645470019,-0.30831056771389703,0.93253913217893203,-8.3637582568446351,-12.028877581153887,-5.5836791383691065,,0.6603115458632468,0.4883720930232558,False,2
-0.85325366109180356,-0.51194712143468524,-0.099339492087351752,0.52040726893211564,-0.82357792854721146,-0.2256006871720492,0.033681809275184216,-0.24419160604865997,0.96914188603079476,24.399977381315125,-0.56383279632272221,1.0001485501358474,,0.7367900945483257,0.8761904761904762,False,4
-0.7896986391602866,0.61329724062516122,0.015574143634699902,-0.56944006776041456,-0.72330813950419481,-0.39059357976801778,-0.22828505982084343,-0.31731975981420246,0.92043147571888828,11.853351376407696,11.379139574370468,1.728404808420027,,0.5818441730460708,0.3125,False,4
0.94211255481248035,-0.27643556042642192,-0.1897559353391392,0.30268742760566475,0.94463612077862857,0.12666065091325676,0.14423680263430327,-0.17676532536681086,0.97362711779910838,15.00869085541658,-7.9488041470248216,-1.5675845432203397,,0.3691686357864558,0.2727272727272727,False,1
-0.60100778581769287,-0.78890176545171453,-0.12815477304291756,0.79312728651187425,-0.56889356216149134,-0.2175068328157086,0.098685099061740653,-0.23236634738786241,0.96760897671776369,-8.5803093641408701,12.258201553179534,-0.75838496854741999,,0.08791754029387833,0.21875,False,2
-0.92180875329842282,-0.3644050675086053,-0.13220275759777811,0.38658207348072415,-0.83893110277535587,-0.38307819731677484,0.028686631132847057,-0.40423205163640191,0.91420650053698127,14.663902323803674,15.615539958880575,2.9553388029054934,,0.5150191609330776,0.4153846153846154,False,4
-0.92141646894859142,0.38857620916479452,0.00046949060521829511,-0.35704327125125324,-0.84616555885111067,-0.3956310774805139,-0.15333555753482125,-0.36470861887993039,0.91840940223311085,8.1837764091256968,12.881241169501923,1.5524584068601299,,0.2446079866900526,0.2307692307692308,False,2
0.76764471158124115,-0.58824103928075633,-0.25435030270720826,0.6127012791893296,0.79000528188268759,0.02210875566861345,0.18793280517544558,-0.17281242519955259,0.96685941399747288,-2.661090430702949,-5.1106436452621269,-3.38207918573463,,0.1381803752433992,0.264,False,3
0.49399658711271216,-0.85883658673934804,-0.13552523454656032,0.84301678831607785,0.51126813737484578,-0.16711548797912845,0.21281462952118402,-0.031695567247859491,0.97657837600399433,6.6134521139785845,-11.650637936444227,-3.4891542514811773,,0.8049043350857243,0.7142857142857143,False,1
-0.70070355875875878,0.70617558863595276,0.1016393661800271,-0.6850010067727681,-0.62606869156168932,-0.37257430690605842,-0.19946965549452872,-0.3306872109122177,0.92241954937869453,5.5198762066609541,11.16960558596611,0.92649236140524227,,0.2363088397430116,0.4,False,1
-0.89647485260102699,0.44236916096070333,-0.025344902542517297,-0.39765691314106999,-0.82845876121543705,-0.39436665730826992,-0.19545285386783653,-0.34346121527227247,0.91860360086307702,-14.063412173688191,-13.531717928917336,-6.7231846186747584,,0.4987669798790311,0.7,False,3
-0.28293833849937761,-0.86953215110295479,-0.40479591747630039,0.94495347783025407,-0.18039712632088001,-0.27298315250519734,0.16434360755356153,-0.45975070963886144,0.87270869346125124,7.3500649064610979,16.17381655579026,2.2097538472214615,,0.4102518594458981,0.2631578947368421,False,1
-0.094830435721019193,0.99537154459438126,0.015578083089897846,-0.96364116692939394,-0.087858149623280701,-0.25234232095256492,-0.24980570421812973,-0.038941414414057282,0.96751262337166188,14.195271403821511,-11.379160039100428,-2.3449348249047586,,0.4727078995830976,0.1363636363636364,False,3
-0.99600060430452286,0.055040705193058148,-0.070379805319974134,-0.02885471247221473,-0.94366287845063745,-0.32964795980318851,-0.08455886584606262,-0.32629877812537034,0.94147698091919341,1.1063906165653856,14.465946101354298,0.98156354644782284,,0.08452948239750889,0.24,False,4
-0.27400951138135671,-0.88385966373378178,-0.37909218205728945,0.9473592416512252,-0.18018088957010439,-0.26466075321388799,0.16561779774700203,-0.43165604577966088,0.88670389827230445,-1.0097678422301772,-10.949073974000457,-4.338263443317838,,0.4823986771565056,0.2551020408163265,False,1
0.96594209795871089,-0.21070099893675473,-0.15020303738000482,0.22302800092215508,0.97226644574562493,0.07040219656969729,0.1312035601490775,-0.10150392861473309,0.98614531296355301,15.099632037966247,-10.470039595789626,-2.0552768216992479,,0.2013917180924854,0.375,False,3
-0.19863163647244481,-0.94996819391529763,-0.24105166156155594,0.96420032692797331,-0.14532449442265621,-0.22180739589289977,0.17567926042725904,-0.27648005691208166,0.94482568529100852,-19.192858294163532,-2.3417274098376009,-5.219770070648913,,0.2300845517317184,0.125,False,1
0.736686436602769,-0.66780049721444124,-0.10646872801747542,0.64747395750199555,0.74198550446561451,-0.17388210235562293,0.1951168072776362,0.059160857693683386,0.97899408804891619,-8.4480689873756312,10.73823485081161,-0.98583485998476472,1.031260750604949,0.9670048961553357,0.7351351351351352,True,4
-0.83274115998462106,-0.54631841491902455,-0.089879641676148314,0.55203233170975996,-0.80682774117482525,-0.21045023358935777,0.042455449762706945,-0.2248670398059581,0.97346409753742469,-10.83773488668508,3.3369881656776839,-2.8556260818188717,0.2923023998182591,0.249395424941345,0.6238532110091743,True,2
-0.60833371749456566,-0.77887792320863436,-0.15257545312875875,0.78668247491120358,-0.56624964900176733,-0.24595125263547427,0.10517020408283517,-0.26964887491621348,0.95719836629070509,10.332204900237187,16.379989913016093,2.6113119380858008,,0.3973814650040032,0.3809523809523809,False,3
-0.28712547697260382,0.93914594972844023,0.18858378928720509,-0.93397888732758283,-0.23076194698028482,-0.27282294964353548,-0.21270260576585737,-0.25446769723195589,0.94340012325941547,13.987542498776671,-1.926426667588194,-0.53269014901593781,,0.5054079183767514,0.2580645161290323,False,1
-0.4661160555090787,-0.87488773602563763,-0.13155710603609105,0.87437712093732367,-0.43286897554185405,-0.21929227162556827,0.13490912933531882,-0.21724617226841891,0.96674899920129531,-9.1395662037913432,14.535820913524406,-0.38882625017795103,,0.1062959264762659,0.1818181818181818,False,2
0.92968570021327523,0.36551363644194801,-0.045653919809097498,-0.36831266887321279,0.92056316770392743,-0.13003550366881278,-0.0055024327749841478,0.1377070653303385,0.99045771610486366,9.8961554449719848,-11.268015307949636,-2.8795402532407581,0.812844284494809,0.588779389812661,0.48,True,3
0.99143865872438752,-0.089805793338358614,-0.094785576274321284,0.07730004454523666,0.98872632880328493,-0.12823786431659845,0.10523349799418241,0.11981304692747743,0.98720349709969235,-0.12471206556471778,8.6107715748756526,-0.28974848349535332,0.6515199368575478,0.3615443852197661,0.6964285714285714,True,3
-0.989713187932588,-0.12483606826198923,-0.069883915840501132,0.14098087700667788,-0.93410545859770588,-0.32798076854656932,-0.024335117643895607,-0.33445918776266004,0.94209598967960784,7.2962602915146757,6.8258319416789224,0.29551082913500243,0.2550352525572943,0.1387148443958147,0.3235294117647059,True,3
-0.30159570171993194,-0.89850647030009545,-0.31894538017178653,0.94402057852089116,-0.23451729302743213,-0.2320060055260792,0.13366068993216923,-0.37106301634621175,0.91893800545352733,-9.3515421847150773,3.6765153252168119,-2.5656988368524831,,0.6058206261881636,0.2413793103448276,False,2
-0.22380966903783478,-0.968578614898152,-0.1084651962942597,0.95925420272183815,-0.19921816004723822,-0.20035842699493125,0.17245465086701808,-0.14888784862899457,0.97370005747404786,-12.784642306465825,0.69337747302363684,-3.5532402326184021,,0.1530424834329444,0.550561797752809,False,1
-0.39214644211448035,0.91851988068039236,0.050422184917271823,-0.90176944767165845,-0.37300885638951531,-0.21834893244744144,-0.1817499138456628,-0.13109394284200565,0.97456726138693472,20.327797715251751,8.7304070477645617,2.2585176244509904,,0.2137968795908796,0.2558139534883721,True,3
-0.36186785267435989,-0.9222107365526907,-0.13630485900286762,0.91970744960857931,-0.3292859655054054,-0.2137965389234725,0.1522821865331942,-0.20272668869223159,0.96732208976976886,-18.485756013644899,2.4680553934631018,-4.1500053770827234,,0.5273512104341798,0.6938775510204082,False,1
-0.17271287481266887,0.98357428694175997,-0.052458411536676672,-0.96269234152442595,-0.17983025332596234,-0.20219924717698137,-0.2083115897979784,0.01557889777000139,0.97793843338939812,-16.370667454006998,1.4257069642973632,-3.9853276447151273,,0.6135308554727185,0.35,False,1
-0.67421228784496556,-0.71372612906993704,-0.18982308500733058,0.73540355947682368,-0.62514334168509811,-0.26149073990412397,0.06796613588894708,-0.31589684238629495,0.9463560584382037,-4.0542003709585535,22.65527094665476,1.9115303555546177,,0.1358004008251397,0.1818181818181818,False,3
-0.52231433170621178,-0.80694009483932061,-0.27574521253324025,0.84131441306882615,-0.43483856162641893,-0.32110042616808193,0.1392041567516929,-0.39970377614350322,0.90601274498743922,-0.070525606989520179,21.309394327995662,2.1563355316683515,,0.3648854685210608,0.2307692307692308,False,3
0.63380778443120078,-0.73621817360989783,-0.23721402412361642,0.73442521435605246,0.66902912244526624,-0.11410362762937767,0.24270825472669766,-0.10189619309191014,0.9647330557832553,12.713144346671765,-26.682010378125803,-5.5752143162261278,,0.5640511293862882,0.3636363636363636,False,2
