axis_00,axis_01,axis_02,axis_10,axis_11,axis_12,axis_20,axis_21,axis_22,location_x,location_y,location_z,dbh,dbh_approximation,score,reconstructed,number_clusters
0.93855925268520057,0.1862452965502637,-0.2905498558111877,-0.079392883281595231,0.93582373517022843,0.34341040574839377,0.33586202417545313,-0.29924342299363216,0.89311257661720422,-1.0202547719348987,-7.209022567629022,-0.69655851831468718,,0.1133602158502614,0.2241379310344828,False,5
-0.11946180669464401,0.96770280479333171,-0.22199134743581839,-0.99249719756262578,-0.12226210749638174,0.0011357380317841975,-0.026042073104596671,0.22046146753040979,0.97504797408268729,0.85888997915264653,13.104615280339363,-2.0118141480456373,,0.1724214357732407,0.2258064516129032,False,2
0.89814825118749375,-0.22365416660502718,-0.37856113462564511,0.31539330322415338,0.92758992003394214,0.20025984253659146,0.30636054440838556,-0.29925867407918844,0.90365229088303778,-41.68968277605709,15.730741092510682,-15.767796520329483,,0.4995477399273492,0.1818181818181818,False,1
0.80534935736942459,-0.43481584300077486,-0.40292380825682345,0.51575972161925177,0.84902685041516324,0.11465302799900588,0.29224017885959475,-0.30014761359976594,0.90802372651295793,-14.926412862983261,-11.812762457766729,-4.8837734758635083,,0.1672006608030975,0.3469387755102041,True,3
0.54342561552207325,-0.73485265803735378,-0.40580804744348031,0.82397903105457793,0.55934149602237115,0.090529813927859026,0.1604592059584396,-0.38357354158347512,0.9094636779004952,-0.18327176235096393,9.1348176564660246,-1.9918330369157216,0.4835170034338194,0.4222728055046853,0.8913043478260869,True,5
0.40675185959925153,0.86232253478561216,-0.30158377064004499,-0.89527834675760021,0.44194922954993193,0.056192173184527995,0.18174049229472564,0.24714514864981285,0.95178236428257745,-24.455428084346647,12.187029830839549,-9.8313162918829082,0.4447643973750542,0.3854564462604828,0.5540540540540541,True,5
0.5304901191679583,0.81293078772533234,-0.24025771128818091,-0.81856930405504535,0.56491130203631357,0.1040168990620006,0.22028283619928973,0.14148765034414218,0.9651200530898163,-1.1794324494645294,19.322040869158208,-3.1222326679253229,,0.1689082619592881,0.4285714285714285,False,1
-0.54167831602134964,-0.76243950535459637,-0.35393587360835987,0.80958041603538278,-0.58650123963226553,0.024409954563498801,-0.22619494230475418,-0.27331720872358911,0.93495109577522562,7.5132779498395621,-6.6114806661576226,2.1498613834734726,,0.1007877127792774,0.5098039215686274,False,5
-0.13489169015531818,-0.92720062736225761,-0.34943272391989605,0.98745019293009917,-0.15502387433517845,0.030161479877841058,-0.082136157746465391,-0.3409788776524838,0.9364758707972678,-9.1519211441745441,7.042972725474054,-4.5851693979970207,,0.06981275813149387,0.1700680272108843,False,5
0.84516443420381615,-0.37395239983680423,-0.38191187702562623,0.45631477536195358,0.87687536125200272,0.15121648923162631,0.27834134609021377,-0.30207483093674581,0.91174387388741107,-4.0724277762201009,18.461780614072588,-3.9633964134511119,,0.1893461781632854,0.375,False,3
0.21728190426410532,0.93548923455633126,-0.27865474356014963,-0.97224930434500612,0.23277807052761632,0.023359368186889662,0.086717151014172295,0.26584631257673802,0.96010721995480075,6.2830185917788688,-12.33788644000126,2.4147856208440954,,0.1126255321658005,0.3478260869565217,False,5
0.93639044658392689,0.082027934631449667,-0.34123943131832518,-0.017966171863257416,0.98223168356356638,0.18681042923900937,0.35049985480016299,-0.16879673499206563,0.92122609279214651,-14.344229648811616,-13.254422266918162,-4.6807479358187249,,0.1882811109723423,0.4444444444444444,False,3
0.53943124667230413,0.82122811180831357,-0.18600623239374497,-0.82295056679369483,0.56094239861297401,0.08997771975472614,0.17823101505490091,0.10453714083556898,0.97841999747471664,-8.8809129326992036,-19.14635536257709,-2.3133013433700342,,0.2641524678752377,0.863013698630137,False,5
0.90377870286240147,-0.23373838478039111,-0.35853929175560378,0.29164809290350302,0.94944058231180783,0.11620658572200684,0.31324981429859755,-0.20959233797939819,0.92625353208623484,18.035577402761866,8.7050724594269884,4.654799677214938,0.3664739301458851,0.4303314925080907,0.6388888888888888,True,5
0.86321786004442691,0.40127359253706368,-0.30632406048614541,-0.38910072723075068,0.91544973631984783,0.102724896400155,0.32164506862195485,0.030516949459608422,0.94636840903892117,-14.491576949070426,9.0507944831692626,-6.4985590230558765,,0.09030554439724799,0.34,False,5
-0.070542537269947969,0.99033234443303153,-0.11943867884942283,-0.9965423840393135,-0.064697848593088012,0.052129312298064501,0.043897918501465363,0.1227030397227527,0.99147210590819834,0.012845889599957971,-15.168450785751819,0.41099102850032038,,0.2505830859235708,0.3513513513513514,False,3
0.78164518942551975,0.5424440674391241,-0.30787210258164249,-0.5446349236303627,0.83415347187138933,0.086952776419474131,0.30397960097692611,0.099711679681997456,0.94744603177431841,-8.1008944581106501,12.573229684884501,-4.8084932996943968,0.3083958177329588,0.2572137926953177,0.75,True,5
-0.65944233164906796,-0.64339381986827748,-0.38881898588488106,0.70212003625043518,-0.71194493883109122,-0.01272237275356871,-0.26863221311847207,-0.28138727161707222,0.92122632259774906,-2.5823926315184726,15.911733281952607,-3.3346489996421855,0.1936330896465862,0.1273631624621951,0.2857142857142857,True,3
0.86859518754203546,0.45386832258002135,-0.19886162509950034,-0.37623583511359826,0.86522814455789665,0.33140134918444875,0.32247324936371052,-0.21303474745519208,0.92229452986641591,-11.955647151655338,-10.178613785012327,-4.0029632223448157,,0.1373504295865652,0.3076923076923077,True,2
-0.20206040360483354,-0.87029427544479632,-0.44917643239941873,0.9731840288045428,-0.22990046685315127,0.0076564626598702723,-0.10992924713110133,-0.4355842621912791,0.89341027034418452,7.3920990768647652,8.9074964613616014,0.553607716216171,,0.2739420384007667,0.1333333333333333,False,2
0.72975417975041912,0.63800760525150224,-0.24577455681586766,-0.63823595990348081,0.76459074384217252,0.089754408899819088,0.24518094669626231,0.091363505143556706,0.96516268748072109,4.5781005585991688,13.358740570078682,-0.80240372919531622,0.4380590167965718,0.4117565150195842,0.3888888888888889,True,3
-0.72192648724175679,0.61623748151903168,-0.31475945321762633,-0.65493704980049028,-0.75532169842374119,0.023379321823054883,-0.22333743039940326,0.22302577936498014,0.94888349860308763,-17.949584392638613,14.225486850364584,-8.0046094559644629,0.1798709955361342,0.1181992233159604,0.5641025641025641,True,3
0.8021763789553048,0.50929264431111643,-0.3116633752893444,-0.51668724038647218,0.85369189023843017,0.065149460189235509,0.29924463682406716,0.10877113124229112,0.94795648019321321,-13.956252502858176,3.7658455006774085,-5.9170024090763294,0.1496494082976433,0.1254695607604743,0.5654205607476636,True,5
-0.12850277876789945,-0.86979169643655085,-0.47639210809894406,0.98719683047572293,-0.15796515138656161,0.022123038808173817,-0.094495786930506059,-0.46744990721728513,0.87895456679793016,-16.709911566912055,9.8842795620709811,-7.2208285474187166,,0.1513726700218106,0.3055555555555556,False,5
-0.41945435392090702,0.86128373203255182,-0.28678978000074329,-0.89673209966426992,-0.44226064067821974,-0.016645333838665378,-0.14117218709258794,0.2501916438312255,0.95784892073255756,-14.88617411180425,-8.9333049257712371,-5.0637056343933544,,0.1330891957333387,0.3103448275862069,False,2
-0.13375818873423348,-0.83648423195994481,-0.53141591680050282,0.98695475555012036,-0.1609236812532322,0.0048866459775790752,-0.089605007915513707,-0.52382983734633703,0.84709695080443492,-3.8346856580424715,17.035615453139378,-3.8155200316744113,0.529822614819337,0.682119808318618,0.673469387755102,True,5
0.64471367019811898,-0.66525332690581895,-0.37653989762096879,0.73620853138673292,0.67295756810711571,0.071589872473313554,0.20576997296267457,-0.32336685446732982,0.92363011842341092,-18.09335900328502,3.3624373616897332,-7.1654808481588441,0.2602775358569164,0.214311196545487,0.7177033492822966,True,5
-0.88637705194033212,-0.27124054140078585,-0.37518567469210967,0.31351202980751647,-0.9479704446274837,-0.055337539507475976,-0.34065514667994667,-0.16667514755769419,0.92529642073612539,11.976638427907211,-11.215158427325083,4.3630529927993598,,0.1214348779396499,0.2777777777777778,False,3
0.65671359134919205,-0.63669102257193466,-0.40416803524468725,0.72594134058070403,0.67888909209725812,0.11008528815082808,0.20429495581912166,-0.36569679026163859,0.9080360282605523,-15.517427278356934,11.614551971499528,-7.0563556699737422,,0.08202573895549001,0.4827586206896552,False,5
0.85681647035905295,-0.34301009849496333,-0.38498001045759539,0.42161349545473337,0.89588196513401952,0.14013409648636346,0.29682923806777578,-0.28238196981762748,0.91222410982719659,2.8423147825102806,12.859251671271346,-1.2706118445364409,0.5501759474042601,0.4507821462699894,0.609375,True,6
-0.0095741758561334739,0.96982142424917728,-0.24362828289008903,-0.99994914145256197,-0.01005802164938855,-0.00074209755754919837,-0.0031701206539061404,0.24360878733698804,0.96986839780830181,14.187980622449633,-6.5209476783782794,4.684195232080846,0.4406447805284725,0.195197225851582,0.1818181818181818,True,5
-0.23857990775363552,-0.89895022022614846,-0.36738008815343576,0.96327412416319291,-0.26706389600651015,0.027925564765236215,-0.12321765025312043,-0.34722525398533938,0.92965156572821228,-22.042907055764161,9.5318776553405691,-8.8294180566199518,0.3016966888984533,0.4181322120663918,0.9117647058823529,True,5
0.22474452323991126,0.96448999295945326,-0.13874059519382934,-0.96565543963539324,0.23950593258092651,0.10072973821625414,0.1303820201417335,0.11133715345568043,0.98519265480622942,3.6272347500970152,17.35987241268116,-1.3981015898477653,,0.3032996903129518,0.1333333333333333,False,5
-0.022767508209707306,-0.91908061162620802,-0.39341132406517487,0.9989828357226529,-0.03623509214236139,0.026838629416554637,-0.038922159516726222,-0.39240011140445386,0.91897073841789134,10.290050885744344,13.019981713239801,1.2755000759708524,0.1736765752442315,0.111563626435804,0.45,True,4
-0.47045893970879588,-0.77209671285670067,-0.42724121061053238,0.85198662671471415,-0.52350408887802424,0.0078902995679397403,-0.22975459505167178,-0.36029173585286073,0.90410325247107415,-17.053476204736711,-10.446449074998068,-5.7064332566998512,,0.3805984859697708,0.574468085106383,False,2
0.77905804516074251,-0.48047275786461502,-0.40275860167139022,0.58425462554275887,0.78939688080279358,0.18841204077953932,0.22740953102764477,-0.3820974921780973,0.89570442204389955,-4.1744240316339969,14.77010540440912,-3.701956862235587,0.6467380917461335,0.2861902189293646,0.2258064516129032,True,4
-0.018122285714716149,-0.78309380446946963,-0.62163950659687561,0.99881666491453736,-0.042244055954141504,0.024097917452442601,-0.045131503957607781,-0.62046718941300694,0.78293270094718193,-1.9373105807873467,3.6030867562754749,-2.0937237443648868,0.5598088741286175,0.2246395774971547,0.3809523809523809,True,2
-0.090137763730042689,0.95516175377125367,-0.2820305084248334,-0.99590735724861279,-0.084566065041614444,0.031892262720936815,0.0066120592730894712,0.28375095555081481,0.95887521393358,-3.1214164637463608,-7.8006289066157208,-1.2331650559407523,0.1923362137288801,0.1913285534201555,0.6363636363636364,True,5
0.66815515811015047,-0.62678639144812998,-0.40088340472789552,0.71471073560711706,0.69044382980713459,0.11169548911745866,0.20677826070148628,-0.36114559027722637,0.90929456917138807,-10.432715175131019,12.003779777141196,-5.4124639907713723,0.2636425147014251,0.2435181404145928,0.7446808510638298,True,4
0.33850563310860837,-0.83501190621716992,-0.43378456960720502,0.93851472979704609,0.33285070310494541,0.091654303753402624,0.067853064099698129,-0.43813870625420837,0.89634281152590867,-26.787734525120449,11.120177040592802,-10.48394868696921,,0.365521351304312,0.4915254237288136,False,3
0.83913646566110822,-0.35764668593978405,-0.4098034163279678,0.46550019106407647,0.8619326206749387,0.20095205780419598,0.2813530950906577,-0.35938976815251999,0.88976369358958785,5.7184957403840286,-13.9604490427103,2.3040789850157228,,0.4013536294633507,0.1818181818181818,False,2
-0.91552381089338031,0.24753600525410469,-0.31708370785977325,-0.249433386724738,-0.96774866524876157,-0.035291734106833277,-0.31559330993271956,0.04678084022417673,0.9477406901223725,2.7349368685609909,10.950950238906589,-1.2722048907346599,,0.1294675067476497,0.3478260869565217,False,2
0.54319132937361714,-0.7185763795344251,-0.43427084459876031,0.82769437925946321,0.54511798345837903,0.13329815697361491,0.14094394004573174,-0.43184994024020479,0.89086499250948092,-11.837672678301018,-11.432949636561476,-3.8850826559196312,,0.2785857873227963,0.25,False,4
-0.67180956073678877,0.71412340422205711,-0.19672233641593195,-0.713005111113031,-0.69541979053975123,-0.089526680114603352,-0.20073770355699769,0.080119151692641916,0.97636330118594394,-3.8943466200894461,21.044059549496005,-4.1500136897587607,,0.2678951856834694,0.4,False,2
-0.94573771455679401,0.039242462963549302,-0.32255263813127671,0.055239617330275242,-0.95881262657891175,-0.27861610109620905,-0.3202011242049233,-0.28131543898869599,0.90461752351173297,-2.0740575146305349,13.62758366529291,-2.9879791549269661,,0.2043697131635776,0.24,False,2
-0.89405877627004926,0.34479695448599645,-0.28596147424379409,-0.31666737936018369,-0.93800756326454127,-0.14093822089011621,-0.31682909497654399,-0.035452382651938091,0.94781984213279957,4.3489813136354822,7.9127678377143695,-0.38831950427851203,,0.3404889906652917,0.2142857142857143,False,3
-0.56448647088656467,0.76510215663542225,-0.30979624610032958,-0.80782031278411848,-0.58918846723509588,0.016831290221665698,-0.16965071894748682,0.25976073604180988,0.95065398204163487,12.751985608365356,-12.663199167357861,4.8454124845644388,0.2436923932136166,0.2213636888507823,0.7317073170731707,True,5
-0.7022100811663563,-0.58729720392321549,-0.402471112220881,0.66142806085140804,-0.74731367864985532,-0.063523114070133696,-0.26346522014620027,-0.31081225839209503,0.91322604967582943,9.5289437433967077,11.00249151815995,1.166110340146111,,0.1607031062958369,0.1428571428571428,False,3
-0.19235054468824045,-0.88674304642684365,-0.42034276200712484,0.97013093903833891,-0.23634541448082316,0.054651680436005982,-0.14780808191275818,-0.39727523792394759,0.90571803352574531,-2.1478599919864005,20.016768454474533,-3.4599994658652227,,0.2869736926965757,0.1785714285714286,False,5
0.085935558941849302,0.98835518925258681,-0.12557507550001756,-0.9927510974870245,0.095576544779961178,0.072872371487634702,0.084025818339720421,0.11840246604445062,0.9894041226348983,-2.8606408193500319,-6.6671332565495272,-1.3823068089935826,0.3400437522746875,0.1924420240205784,0.1682242990654206,True,4
-0.94035783578864729,0.076654187665020232,-0.33143819361128013,-0.089328108595087219,-0.99573314690879888,0.023151439737632146,-0.32824934072396394,0.05137738471853899,0.94319284065018605,2.4138068834453175,-6.7007564997051743,0.33057564534772965,,0.08890282762995402,0.3398058252427185,False,5
0.86751594245671682,-0.24718492697090577,-0.4316430254988749,0.40262574215758512,0.85851541372414764,0.31755912229080924,0.2920763621649109,-0.44927819474846936,0.84429882292235159,-13.733809242531974,-4.8180317283653027,-5.0326584841370705,,0.6277254078479284,0.2567567567567567,False,1
-0.19583890013851321,-0.89215823113479475,-0.40706365081025342,0.97503088799790238,-0.22146988879889468,0.016305085262816418,-0.10469905750559522,-0.39370646295665479,0.91325425177417119,-5.1384928539102583,-8.6678100992729341,-1.8688279154652863,0.1690765549768039,0.128650795723802,0.3703703703703703,True,5
0.53439012839781119,0.83528057213974127,-0.12935824858461153,-0.81570708139121562,0.54974486848801984,0.18000704691571176,0.22147042249292878,0.0093244504930348193,0.97512250850024362,-32.809214886783778,6.6498531232533553,-12.257209098047531,,0.2602059071060794,0.1666666666666667,False,2
0.75428366367882738,-0.51373561834402881,-0.40881764779902058,0.6100796497686668,0.77852973114153656,0.14728977787622399,0.24260868831389046,-0.36050960066739574,0.90065190400134543,2.7498049295689357,6.7174779438764167,-0.88330246765786047,,0.1201225369267856,0.2857142857142857,False,4
-0.94176534627858899,0.039411994669179815,-0.33395318118707334,-0.039660097802516253,-0.99919474333805836,-0.0060779542517537047,-0.33392380746371553,0.0075206091367724867,0.94257006702268442,-0.98412879073050807,14.453766239136279,-2.65109550863066,0.1650805383017345,0.1242485158062315,0.5172413793103449,True,5
-0.22584352714769745,-0.88970860130620377,-0.39675345746098606,0.9687802571948313,-0.24788175221279293,0.0044102368907846523,-0.10227176792744205,-0.38337089310702094,0.91791461683716613,-0.85209190307281257,-14.552737636690612,0.036675127345986207,,0.1312822931027871,0.2666666666666667,False,3
0.7871292335110972,-0.50667769777897553,-0.35171761446596472,0.560524523070276,0.82557309595641459,0.065125434891287498,0.25737099445949929,-0.24840848175200622,0.93383799312546234,6.4790893190363823,18.274636205688001,-0.47425357738961638,,0.105394530553552,0.2222222222222222,False,1
0.93938842378025433,-0.049737080903273383,-0.33922796472412281,0.09187571981939599,0.98975305495669885,0.10930572863098209,0.33031536654433347,-0.13384734957070793,0.9343321923371688,-0.77522381865104184,-5.0263070588309713,-0.95335250073428746,0.2126362008375021,0.186666454273744,0.6151079136690647,True,5
0.87943238652357558,-0.29201042226735097,-0.37593695059237414,0.37814233615024606,0.90825763506454982,0.17909897252018653,0.28914883908513989,-0.29966311356954778,0.90917268283947117,7.087486308126981,15.759920141770252,-0.076920680045174578,0.7173405786127227,0.4562965216818965,0.3125,True,5
0.88476398262977918,-0.31191977085579314,-0.34626399118354956,0.35887775267702188,0.93001650675361047,0.079221561454578815,0.29732045619933756,-0.19435882721163139,0.9347861748070182,-2.6314294450209172,-5.1522764166297366,-1.529027627228519,,0.09661262804541834,0.3356643356643357,False,4
-0.69222437176474783,-0.60377885314278379,-0.39531824601513726,0.66852715855851419,-0.74281020633353512,-0.036116971584146097,-0.27183976420784911,-0.28928203169971639,0.91783388950893785,4.4381552464434089,3.9103214408235769,-0.06304086307344825,,0.07057506049167926,0.3125,False,2
-0.24712929274193149,-0.77791999231603559,-0.57772623120634881,0.96084677991223133,-0.27383377722429691,-0.042290991752024616,-0.12530194811401951,-0.56555773180648239,0.81513426734050298,-7.3359756854261775,-11.493197381791145,-2.3417536295702135,,0.5610357485475856,0.2321428571428572,False,1
0.75608055788422091,0.57166660960941373,-0.31865259679965274,-0.5861099024896993,0.80807936583029372,0.059016275067341098,0.29123422222156337,0.14214438426117024,0.94603255854648738,-27.873740522632996,7.0566391479995998,-10.656746858172054,,0.08017554217266765,0.2307692307692308,False,1
0.80695402440006836,0.49375972041438604,-0.3240779859861514,-0.50517074120559724,0.8613036370338083,0.05439271147975501,0.30598647802528828,0.11982229896242137,0.94446540007405189,0.42074656756497053,-10.58396749200133,0.15225407051611889,,0.1177364301586994,0.4912280701754386,False,5
-0.40975772800166982,-0.81368656450832388,-0.4123260591832052,0.89417182506517434,-0.44769469975227716,-0.0051188937608686591,-0.18043101618770027,-0.370787851139113,0.91102196342630204,-10.66585272308687,-7.6399853332205945,-3.7862890793032125,,0.08727445379664431,0.3823529411764706,False,4
0.24986981424737767,-0.87133351681979099,-0.42230673496220111,0.96760912885790018,0.24092249861277065,0.075424952191124134,0.036022904919437895,-0.42747427072121358,0.90330952513107632,7.3008536866030926,-10.379999045092626,2.411642706529562,0.1979227993504897,0.1538070847637337,0.4444444444444444,True,4
-0.0056258406062207507,-0.9186916925138916,-0.39493534157306515,0.99897211924101703,-0.022927379044250927,0.039102944508967855,-0.044978382547436836,-0.39430940820137883,0.91787637277974099,-11.37540039571611,12.752367596004119,-5.7702190131845779,,0.1202898693101347,0.3809523809523809,True,3
-0.31351552843919595,0.90569065383852365,-0.28536372049901215,-0.94695907671770119,-0.32052287423791614,0.023099656106161798,-0.070544457255334092,0.27746986618335989,0.95814088364433037,-7.887418398860917,12.752559179209973,-4.729111960184996,0.1775775336323249,0.1839478773667674,0.7727272727272727,True,4
-0.8008110683053119,-0.42915668861765144,-0.41776329361785614,0.51719523373894882,-0.84726523343078852,-0.12104013556332033,-0.30201113071776164,-0.31299546455852234,0.90045717060189789,-5.6068546562159076,11.37064778736872,-3.8726801897031513,0.8234249705268148,0.4849750738286372,0.5609756097560976,True,3
0.52582081126061386,0.82729410670939341,-0.19772945013107379,-0.82274615626250713,0.55366844326300524,0.12860799854593255,0.21587319611406192,0.095056382945214041,0.97178343639973275,14.22730935591429,-12.708368031126732,5.2954167931326968,,0.1920992872193516,0.325,False,4
-0.92842741052589928,-0.15012745433436514,-0.33982979686786852,0.15814362393046896,-0.98740737694093239,0.0041552584475613996,-0.33617426670450579,-0.049884059755704528,0.94047777378733299,-6.2386802030455319,16.185643065957798,-4.5048687789131536,0.2052327632306096,0.1339097921048709,0.6379310344827587,True,4
-0.9294994164456023,-0.0062267259309265605,-0.3687710166369722,0.067518970421472688,-0.98583330231103061,-0.15353790635459347,-0.36259071066494419,-0.16761243372348236,0.91675190133469708,-9.2463663604605557,-8.1268933715364096,-3.273002894836361,,0.3213688666603333,0.1917808219178082,False,2
-0.9354249456580751,-0.055660818844616544,-0.34911608998459742,0.13249759607408904,-0.97074504145918339,-0.20024597753012535,-0.32775685816649863,-0.23357212532311034,0.91543405234722985,7.565885881503239,-14.667318536316522,3.0164807806113485,,0.1394657374547792,0.24,False,3
0.79970354043281933,-0.49420114073634991,-0.34093911467314009,0.54097863480976038,0.83941770002061566,0.05215401778834939,0.26041575240100612,-0.22614852948226294,0.93863756504543761,-8.2916898858644643,-1.6114389616773348,-3.6333385703534589,0.5056494592988902,0.4884377817648902,0.9846517119244392,True,4
-0.30057186884083942,0.90473923599165029,-0.30183350794563912,-0.95134896020294824,-0.30688716941509436,0.0274849262171083,-0.067762139741112226,0.2954101895765211,0.95296438144983675,-2.2262312320982236,6.3176516669165759,-2.3880682561727955,,0.07683637032992423,0.4520547945205479,False,5
0.93591868475342987,-0.099232663576522287,-0.33794835997370787,0.13091051997922176,0.98876070287310713,0.07221293660175411,0.32698417589874273,-0.11182643217677987,0.93839021615660123,-17.529885674195814,10.446312171739313,-7.5519819818142704,,0.07119564678728879,0.2333333333333333,False,1
-0.88532882471213747,0.39202959830530476,-0.25001133211597981,-0.36450077621631577,-0.91899721121729327,-0.15027744312617453,-0.28867292265040873,-0.041915627484491416,0.95650981380279243,-26.567806852448477,15.654293894700711,-10.769903578167991,,0.2455737565785886,0.1851851851851852,False,2
0.65223754442010251,-0.65013701955874681,-0.38975382159525318,0.73365260164045465,0.67074331481256433,0.10889107282254806,0.19063065271625917,-0.3569667511597166,0.9144586884115925,-10.984557085848321,-14.580849144116128,-3.3588068029747755,,0.09568654027758246,0.2903225806451613,False,4
0.5209088115250099,0.80409462608872595,-0.28650626933949386,-0.82632770915981002,0.55918867339150757,0.067011526063410654,0.21409466866389454,0.20184117480305908,0.9557319775982277,-1.6839911216315637,-8.6055420721081113,-0.73163865226526281,,0.06992598077547643,0.21875,False,5
-0.80035159915295373,0.52029684148844813,-0.29787331950084744,-0.53939012732366542,-0.84179202270256093,-0.021082719466204831,-0.26171665647999814,0.14379633949261489,0.95437257110074947,11.873177387201892,-10.061016358734665,4.1010357941594684,0.3516813923305036,0.1857663821854808,0.3928571428571428,True,8
0.40828592686503007,-0.83278297076868113,-0.37386511674887934,0.90605583497219033,0.41958953782788172,0.054840164644458254,0.11119993631657391,-0.36113313797417496,0.92586037328536497,-11.124205915510776,-6.0189624458043038,-4.1410183370267557,,0.09371003983495141,0.5465116279069767,False,4
-0.74071939881395499,0.64788488896494345,-0.17770746431023637,-0.63597185907640552,-0.76147044049963675,-0.12530986676310704,-0.21650535024241693,0.020197497274909632,0.97607248420403525,-19.322507667765478,14.045521255779676,-8.3349856382329275,,0.647210182680978,0.225,False,4
-0.67099394584243888,-0.653792795831736,-0.34974577161320602,0.69082230356170493,-0.7225787278365341,0.025387535915016222,-0.2693170428036345,-0.22457729670796758,0.93650059704137278,3.3907665759653685,-8.8827813907894058,0.9386357946025421,0.09449591674914615,0.0974641619196277,0.3658536585365854,True,4
0.92908917362590482,-0.13145102524613761,-0.34570787583286544,0.19841816808466423,0.96596589768703189,0.16595214695692073,0.31212743875708621,-0.22277906649284801,0.92355072925503989,-7.9600942979760223,10.890662610739943,-4.6234250221204638,0.3220706386362332,0.2419570598213069,0.5267175572519084,True,5
0.49400774673928549,-0.7913657660678467,-0.36013410065894158,0.85762546703340337,0.51161978925819651,0.052189553889026422,0.14295070638968937,-0.33464222019232598,0.93143957399685384,-3.9120441149427463,-7.8287615774695976,-1.5092845487207507,,0.0900576414807434,0.2638888888888889,False,5
0.4084862899039049,-0.81791413792250178,-0.40516097288242725,0.90642810076658653,0.4157091122382327,0.074659441082695482,0.10736409595960378,-0.39774664924873038,0.91119183156467443,-7.3681531869771453,-16.01115921420735,-2.0703758392771499,,0.142949484325013,0.35,False,4
0.55319726677489311,0.79773399063766637,-0.23998596670241157,-0.80447738194523666,0.58637754595116887,0.094749752204541293,0.21630748015573786,0.1406479782492023,0.96614140799527204,-11.442768110462543,19.484652323985451,-6.3570106192748206,0.4552039412512421,0.3265285764101983,0.3333333333333333,True,5
0.69645596314948821,-0.58960570962832415,-0.40904058303204782,0.6813056343899615,0.72227516996183228,0.11891682557610136,0.2253258173002147,-0.36150198620517271,0.90473454119299768,-1.5422790660081254,11.986542877148455,-2.6859397563283638,0.5281692928434882,0.2538407966346903,0.2285714285714286,True,5
-0.36266883357782148,0.92325338325413342,-0.12678528093236238,-0.92732649597503525,-0.37101506174449411,-0.049126304780551584,-0.092395275928831538,0.09975477065546684,0.99071292447283132,-31.691662824449065,12.302881069763041,-12.229238835967079,,0.450063994467341,0.3333333333333333,False,1
0.30189573024190958,-0.87361585754671989,-0.38164682823864171,0.9507575217574159,0.30535094479427577,0.053112478147246976,0.070136316437369353,-0.37888802297796953,0.92278099414782322,-4.1819274012445895,12.575730953803131,-3.5095775686343131,,0.1083703179725968,0.4210526315789473,False,5
-0.39736778692868674,-0.80149041109460295,-0.44689144412799198,0.89357190009319276,-0.44880040423205175,0.010366123913419394,-0.20887340968931234,-0.39521047314633673,0.89452813295066891,-3.1153940851425479,7.9405156172915579,-2.866637909244651,0.3251770257948562,0.2028616501709218,0.1691176470588235,True,5
-0.50983631026037646,0.80679549882532031,-0.29857655603762739,-0.84830756689869646,-0.52917612301369266,0.018625326161263771,-0.14297275503571102,0.26278061935272656,0.95420392862851855,1.5365518327207022,5.8919284987227991,-1.1828456406321399,0.3335166475182083,0.2513523645101036,0.7290167865707434,True,5
0.91273603877692677,-0.25773533783457742,-0.31699435191987502,0.30747608896322903,0.94426242746079603,0.11758793646340762,0.26901928970555578,-0.2047949308873202,0.94110980127144428,-15.818335798881989,-14.059722971518124,-5.0322027383611339,0.3577147108955281,0.2214846795676656,0.4137931034482759,True,2
0.69536543099984915,0.70983798384099028,-0.11223615311900401,-0.66487741553142243,0.69471307249487435,0.27442989855514588,0.27277268867438076,-0.11620578127309136,0.95503469921886086,-31.956396580580307,25.134872825863511,-13.152577807732438,,0.1885333660815199,0.2727272727272727,False,1
-0.86602083122926787,0.39094531814830774,-0.31172051279132795,-0.4054241036376644,-0.91391338895135221,-0.019839699721826295,-0.29264178797049206,0.10919741623946208,0.94996668795282568,-23.097248654096383,4.7040903232935385,-8.8596065567057902,,0.1026053785099719,0.1304347826086956,False,2
0.75661185759636784,0.5805468301867307,-0.30083861937044065,-0.58476382610488398,0.80663901157184581,0.085934700148264598,0.29255728434573325,0.11090032899200455,0.94979542660812755,-22.166821739805666,6.1218602469183363,-8.6266996453872231,0.1340428029943663,0.09512748988377885,0.3888888888888889,True,3
-0.012693850120251236,-0.91614310499264684,-0.40065031803750872,0.99856761387171633,-0.032442470508148288,0.042546523170229875,-0.051976789970828059,-0.39953635289139877,0.91524265417569384,-22.529385597267655,3.7912538685156987,-8.7090028250543607,0.1957234091354763,0.2057250383019179,0.6491228070175439,True,5
0.31101694727540447,-0.849982557912496,-0.42520360975892402,0.94650912645531138,0.31747839568391001,0.057688316068112845,0.085958897412031512,-0.42040114119552746,0.90325740984351022,8.330738519072197,13.457003721979302,0.50437643260355858,0.3519099785273777,0.2485650589349078,0.5652173913043478,True,7
0.46604741002448757,-0.75309087180050138,-0.46438556224351818,0.87308853953706023,0.47643004532786848,0.1035896425224487,0.14323482027255396,-0.45372739692423958,0.8795539980818935,5.4302092135008939,-7.5139867987570259,1.4538501821312193,,0.07335679027091684,0.2333333333333333,False,6
-0.61856628386327728,-0.66070682121517732,-0.42525551009635509,0.73464722896782209,-0.6782886565548073,-0.014763040302564555,-0.2786919472060071,-0.32154470107406619,0.90495292903759006,7.7092587912115018,-13.525091308373652,3.0370438951651124,,0.2551379269678346,0.2272727272727273,False,5
0.94237161965441663,-0.030802178433349738,-0.33314704902440773,0.049366014511018311,0.99765536934256038,0.04740000667992058,0.33090591877633291,-0.061114563123028778,0.94168268705178604,0.22249487992549005,-8.6270253145042393,-0.1158801351501819,,0.07624125428280473,0.4067796610169492,False,5
-0.25587648126132284,-0.88293060528880096,-0.39365057167705741,0.95704800731702122,-0.2887925187046006,0.02565137093354437,-0.13633172054896522,-0.37017891266873015,0.91890218989158723,4.8778502531245103,-9.2123326528325826,1.5138273665493398,0.7286499363229819,0.6632181369752003,0.3870967741935484,True,5
-0.56057314012771708,0.8198431283474712,-0.11668332986670721,-0.81105564142153308,-0.57199906950982449,-0.12249820814281406,-0.16717207029182901,0.025967467749606649,0.98558570887214936,-24.082185115874925,15.390201096692142,-9.9588006807141713,,0.5120076604090864,0.125,False,1
-0.89107856619549519,-0.11746729242498254,-0.43838387752895719,0.18550036058283711,-0.97582326994508672,-0.11557924578969686,-0.41420840779807644,-0.18431055597556378,0.89132542534439174,13.921286470552332,-4.8439966298623833,4.3749999456776223,,0.5500249852675705,0.7611940298507462,False,2
-0.38857743616645335,-0.81376537213807443,-0.43219613049087552,0.90312295443313706,-0.4293674606932108,-0.0035373540711108459,-0.18269237881823741,-0.39170078223925475,0.9017726941501879,-0.79315554397683841,18.092606487130318,-2.867347741304902,,0.2520406507083241,0.4583333333333333,False,2
0.15656051133640475,-0.89112957837275097,-0.42588364706723181,0.98752373398761506,0.1486161562987299,0.052058744684720971,0.016902103456106772,-0.42872055308346785,0.90327903012444877,2.1429023232468389,-9.3587331795271602,0.61348478798467632,,0.1620894159284171,0.3235294117647059,False,1
0.93198761008706565,-0.034455032282956904,-0.36084892322768469,0.084592981525178149,0.98865937803845505,0.12408328530988892,0.35248137840300159,-0.14616937082369486,0.92433294483758677,-0.13816853306674132,11.656229436493682,-2.2583754222198023,,0.1358867282447176,0.2432432432432433,False,4
-0.76392780454400588,-0.51375921357847343,-0.39046866699877947,0.57465699547406635,-0.81689930972779601,-0.04944547824593664,-0.29357051452299165,-0.26215832664532923,0.91928742228599392,8.4381935258924976,9.145639372749919,0.91320421432280785,,0.6082719322332634,0.4594594594594595,False,1
-0.66429804402738402,0.70448222553460427,-0.24982574448443806,-0.71102826026528398,-0.69865686657813131,-0.079482047579007453,-0.23053616160055279,0.12483339572822333,0.96502316112383857,-0.86707923808915199,22.613566298965836,-3.232861865149443,,0.4560977991587081,0.2631578947368421,False,2
-0.14999271396399871,-0.88175707651378132,-0.44722102340518766,0.98308629128625857,-0.18109200461531783,0.027331844969461963,-0.10508819935056012,-0.43555727968003843,0.89400577541477966,25.434269676695749,-4.9060289690798946,8.8346914708771305,0.2868808544156413,0.1398934123687626,0.2631578947368421,True,5
-0.5360075190228033,0.78263008923513167,-0.31652185228642343,-0.83151711150969587,-0.55421356647006492,0.037770570648353416,-0.1458603195443873,0.28343864620820497,0.94783294995377165,1.4562910227743493,17.479227825989071,-2.0870309444973425,0.5419482217956436,0.3080963693556698,0.8653846153846154,True,5
0.93911258916043194,0.091381778305958811,-0.33123543813129441,-0.078629088096119584,0.99556092285791098,0.051729250753100475,0.3344921693934893,-0.022534850164691075,0.94212906182884115,-2.2369637846813331,1.8779907758846262,-2.0113550708419785,,0.1023695587263378,0.5719489981785064,False,5
-0.64843868853419628,-0.67568536961429915,-0.3506801227632369,0.71628795812890078,-0.69753190122365583,0.019514297703007638,-0.25779609820860599,-0.23853412348026723,0.93629196497883016,-7.7499119747267837,7.549582696852263,-4.2500337813995719,,0.08720569778019939,0.4609375,False,5
0.63269732258676781,0.74701936807164149,-0.20409841184433891,-0.72407333244030769,0.66412507950531985,0.1861603825222764,0.27461228530479714,0.029999041616332101,0.96108696290282636,-12.392454716611551,11.731543245998008,-5.9922904985669945,,0.2806332625487876,0.3333333333333333,False,4
-0.86513262297811266,-0.35213658881723353,-0.3571349429489849,0.4081434655267015,-0.90814117526547444,-0.093265842275177827,-0.29148663126611196,-0.22644961603766706,0.92938480469046203,6.1192833070323589,-5.9159767033127011,1.4746810852084011,0.7801616294966687,0.4314592764535716,0.25,True,4
0.07922950912786797,0.98389860844430221,-0.16020678258027618,-0.99459929042814921,0.088831369868876561,0.053677175848229876,0.067044286581184623,0.155088735982294,0.98562292364181314,14.359903048679051,11.146181464501417,3.1405457777027039,,0.3742536642020696,0.4230769230769231,False,1
0.17133699291590213,-0.8480041615812528,-0.50153023517970829,0.98498212629106519,0.15844836431506248,0.068588094688610768,0.021303655687902448,-0.50574999534034482,0.86241700845216029,10.664302077668154,-12.06375214514834,4.036266973764846,,0.4131369769964602,0.3478260869565217,False,5
0.75290132115035024,-0.4542148803821206,-0.47626509745047796,0.61153860903127022,0.75027686961840323,0.25120738161867118,0.24322855563061807,-0.48038886472842551,0.8426543825144317,16.325008879848777,10.344974487511644,3.9664331690169008,,0.3306748003886726,0.2727272727272727,False,1
-0.36297932044246844,-0.79377101574238873,-0.48803031411831344,0.91712595322189316,-0.39691866348998611,-0.036545321180094729,-0.16469972330868354,-0.46085046288424103,0.87206126619717694,-18.241036367773432,-8.5496961888969842,-6.247354552743686,,0.2521203643738999,0.1052631578947368,False,1
-0.72822270032026293,0.64141099710206384,-0.24142003134536938,-0.64437054663986637,-0.76077120744970339,-0.077548491529872227,-0.23340586402509839,0.099091385660182857,0.96731721783840963,17.332858271032837,-11.766134266968232,6.494930407274353,0.4209351974344955,0.2826985593146693,0.3703703703703703,True,3
0.91682620086766808,0.10331289226229248,-0.38568920609080848,-0.043777035459073008,0.98613155299618527,0.1600878863366833,0.39687943832979472,-0.12988843858377738,0.90863397743717189,3.1612485354632165,5.0443734499653958,-0.63780909665827612,0.6483443781576366,0.7917110193460473,0.7773972602739726,True,2
-0.095405712047518923,-0.91596487293157214,-0.38975133311401994,0.99287061854599346,-0.115667411474601,0.028792095284335701,-0.071454075718623888,-0.38422571683610046,0.92046994170639962,-14.673998727983799,7.4006000484075276,-6.3520597857369774,,0.07162665905231684,0.1951219512195122,False,5
0.20883814312272975,-0.85032199859729329,-0.4830518902546137,0.97719343859566987,0.20087131134581532,0.068874522457754328,0.038465745054807335,-0.48641876503658626,0.87287866939091918,-26.367286140766275,8.7008423245601421,-10.236133548320421,,0.1743142819671532,0.4871794871794872,False,5
0.54643424401154728,0.81724032670573821,-0.18310615876432243,-0.80890160765440822,0.57165339216334288,0.13744303679071945,0.21699724907390119,0.07301128429249587,0.97343800329569929,-12.917847901560588,-8.0752656982778301,-4.5091009209266213,0.4882917815613393,0.36073447896603,0.2407407407407407,True,3
0.045292565565502249,0.98602294026287429,-0.16033510152131436,-0.99558413301665971,0.057764220712071844,0.073996816762565046,0.082224191026487203,0.15627557736537909,0.9842850838700935,-18.844871469321482,15.902853376989011,-8.3478332077831201,,0.511920058141469,0.3529411764705883,False,3
0.94139440685848552,-0.032549969654919672,-0.33573362984816213,0.06156747366548157,0.99519384622021756,0.076148897771792651,0.33164139808234022,-0.092356417865097518,0.9388739399712388,-32.044746390745907,9.8150422914399513,-12.222842271099905,,0.4538916089209665,0.5357142857142857,False,1
-0.37292606474016216,0.90705567277905219,-0.19538719691105436,-0.92170536878189291,-0.38636140818932058,-0.034410396984074706,-0.10670221832770313,0.1672568944507459,0.98012232290803425,11.593928234633122,12.864421351497334,1.8477405746723086,,0.5782841207537927,0.1460674157303371,False,5
0.38189291103916712,-0.81903775335604867,-0.42817632241345061,0.91913214731943915,0.38505975890246785,0.083217052566946892,0.096715563700924323,-0.42533062510410624,0.8998555212291377,-6.5295290860888704,-9.1624351128806349,-2.2580015557950013,,0.09914275820823935,0.2153846153846154,False,3
0.58454917078672819,0.78400573088993153,-0.20889538258250814,-0.7753754414563736,0.61561606306362671,0.14074724751970905,0.23894600168004948,0.07969866265995007,0.96775664887994106,5.4851254580120079,-6.412362464370239,1.3185188921234663,0.5284819721197266,0.3013269654843935,0.375,True,4
-0.47439465103166323,-0.79396168339534468,-0.38022961532813027,0.85753545472610626,-0.51440744965866458,0.0042331576109359975,-0.19895391164849513,-0.32405218875313868,0.92488243577444151,-7.5267410433130468,-6.9481781652959747,-2.9082416385382186,0.1237333589698248,0.1140071302371571,0.4732142857142857,True,5
0.78596017671992147,-0.51257692082817219,-0.34573327992066544,0.56359581276252191,0.8238867404981427,0.059752813054278271,0.25421715214938567,-0.2418171604035928,0.93642837445658433,1.0882460962955502,-7.4749087481145109,-0.0073493816375783377,,0.07795242275063853,0.2222222222222222,False,4
0.92885198619844001,-0.15607996870690444,-0.33596581835607325,0.19643410097464317,0.97642689148294071,0.089466024630840052,0.3140822053372303,-0.14909583816261979,0.93761548586458887,-24.276529928476641,3.6671411161061358,-9.2389386995434393,,0.1988916556773277,0.7741935483870968,True,4
0.35633234564847793,0.90304334629753269,-0.23987491355372673,-0.91807155307312704,0.38611249421874061,0.089787333438957617,0.1737005552165829,0.18822820329572654,0.96664277817687794,13.771142773317841,12.546993050463989,2.7038725586278933,,0.1624170322214055,0.2,False,2
-0.50250844254537419,-0.74113386118470781,-0.44520317269317455,0.83756135698860645,-0.54501465308139485,-0.038078881364487192,-0.21442070434085009,-0.39201993282486686,0.89461954696840873,0.55604694795414789,19.996566411422378,-2.6182429248484231,,0.2070565057594778,0.2222222222222222,False,4
