axis_00,axis_01,axis_02,axis_10,axis_11,axis_12,axis_20,axis_21,axis_22,location_x,location_y,location_z,dbh,dbh_approximation,score,reconstructed,number_clusters
-0.3684129891973561,-0.8269216897813606,-0.42482041895347777,0.92848730504706967,-0.35025093670461754,-0.12343259579206821,-0.046724658983226947,-0.43991453750322645,0.89682328579058646,-2.5889867255199892,2.0125597381710914,-1.8235577387509894,,0.07484733114737652,0.2542372881355932,False,5
0.16124298718808758,0.96888752652953603,-0.18777023198084303,-0.98679680863056951,0.15533760554151665,-0.045850700988654194,-0.015256394042663289,0.19268416966659604,0.98114221864147155,5.0483164698186513,4.4561787012194491,0.86902393227133357,,0.07294534908249932,0.2837837837837838,False,5
0.16356619822480944,0.98518103531455192,-0.051618082634204643,-0.98645386798672563,0.16398917181855102,0.0040395371386980766,0.012444482002538872,0.050258125540204895,0.99865872833760139,-11.159688285871539,-3.602112514937148,-5.0712361065057108,0.3761643382394775,0.4747836483056799,0.2318840579710145,True,5
-0.80260903435818454,0.54168047716176793,-0.24980191878450897,-0.53822711370106036,-0.83817100884114759,-0.08820960273824327,-0.25715814597956793,0.063652341669512474,0.96427074380401034,-1.4254758316758493,11.76662736361623,-0.93012439054728768,,0.1246105729812581,0.1794871794871795,False,5
0.95476769351844504,-0.032946834235242653,-0.29552183934075954,0.035539408109276548,0.99936247734469075,0.0034043129595835997,0.29522127613827659,-0.013752999285971878,0.95532991847106397,-3.3517016637076962,-16.078339259408295,-2.8306644840505406,,0.5655677610468576,0.9270516717325228,True,5
-0.80162074515764614,0.54333153260124645,-0.24938930733710454,-0.53716059782524705,-0.83771277174303826,-0.098467274780101616,-0.26241698320978291,0.055028699237555573,0.96338422718212469,-14.957621870991771,11.102590568185422,-5.0689693021679298,,0.2577668392479289,0.5333333333333333,False,1
0.60312303997584515,-0.74434026722460711,-0.28670571190385308,0.76677450730862839,0.640065345191563,-0.048715591204619976,0.21977136663338412,-0.1904571355260955,0.95677929844624521,0.8974859289328726,-5.8688977704688421,-0.86241231873462243,,0.07460513816247423,0.3202614379084967,False,5
0.933561569176384,0.25536331594510697,-0.2515002453804881,-0.23134857635689274,0.96527407786790465,0.12134162852831855,0.27375286806637333,-0.055095657413129905,0.9602207224173247,-6.6619751246703744,8.3846598900356071,-2.6672857570818356,,0.7161565405389322,0.2745098039215687,False,3
-0.95813315019150547,0.0013697442211091614,-0.28631973439647657,0.037118339263623873,-0.99095583251432096,-0.12895257615169226,-0.2839068428101208,-0.13418145105273013,0.94941679087688979,13.918739857301258,5.8307998045137213,3.8809134428753524,,0.1248570868362078,0.1176470588235294,False,5
0.4904079799850028,0.84203900381449959,-0.2246560242284058,-0.86612995934757708,0.49947208018185979,-0.018615440885738181,0.096534484447753421,0.20371047389344246,0.97426030204382019,3.6633524666006601,16.991624079652134,0.844296734714997,,0.1690463915230223,0.6851851851851852,False,4
-0.28324336623113006,-0.87195305728569295,-0.39933827937751198,0.9588744693274236,-0.26539652564721306,-0.10062025763454141,-0.01824685063541525,-0.41141530120368919,0.91126533039360591,13.638616708098251,7.3667080597511498,3.8245791884036642,,0.1863635823267374,0.2666666666666667,False,5
-0.17932100022517844,0.96223546596128318,-0.20480939169020865,-0.97732273756664523,-0.19807181388482606,-0.074885400310160624,-0.11262435577387211,0.18673635048015313,0.97593303555924038,-8.5043106499866958,-6.5402455714050793,-4.1279404926112786,,0.08617173008209134,0.288135593220339,False,1
0.72444573782248756,0.64271089622122757,-0.24920087646181582,-0.66984228089912612,0.74170837901307585,-0.03435111674532608,0.16275654109954266,0.19181080360683828,0.9678424065667981,-16.584333055318499,-0.8425124021286281,-6.5685194915803944,0.2189510723256209,0.1128741470440703,0.4411764705882353,True,5
-0.95597350427297634,0.10936334712858743,-0.27231290353723064,-0.089474565911304718,-0.99240229490860266,-0.084451093036870317,-0.27947980460675254,-0.0563679285140994,0.95849553752325867,8.1878739928742608,-7.073426575706808,1.5844413213328621,,0.0675142930573622,0.4146341463414634,False,2
-0.81753542157829828,-0.46244208094859929,-0.34319550730264992,0.52816713129098158,-0.83961822723445922,-0.12680975482792972,-0.22951103652907223,-0.28493605293748592,0.93066434864980063,-10.77693416518423,14.520738669052186,-3.5472854007405368,,0.172501260613841,0.4482758620689655,False,5
-0.82016931606744947,0.51520527387932469,-0.24876860482862803,-0.50760407850698908,-0.85588138400351255,-0.099020987670809246,-0.26393255287008954,0.04506198268121403,0.96348794764247858,-16.847322566217819,7.6867021335507646,-5.9481556692638078,,0.07647073686657795,0.1935483870967742,False,3
-0.8611958809450555,0.4427562687340249,-0.24961678857799832,-0.42898629920380377,-0.89655969117463807,-0.11023373012042212,-0.27260302591624674,0.012149348030297324,0.96204988623446386,-6.0213971060864084,-23.262116048388943,-3.7925399211492596,,0.2114254567577911,0.1666666666666667,False,1
0.95929877903813243,0.051787418373008751,-0.27760388295952637,-0.038699460268334158,0.99787479700623882,0.052423670938771871,0.27972880493593627,-0.039546843085333239,0.95926421954073549,8.9953129146121604,-10.798408717346195,1.5938061732210544,,0.1136081241505061,0.3157894736842105,False,5
0.62106414166111124,-0.71078874949736226,-0.33024034509842176,0.7510004956440387,0.66024425790599905,-0.0087049092221855306,0.22422664312065374,-0.24260435587625842,0.94385673649379154,9.0439477912262785,-6.4498073285762203,1.9928634490441544,0.4878514911871294,0.4056851105951348,0.6706827309236948,True,5
-0.96135705058878729,0.15061560569228538,-0.23045077696804223,-0.079390936861121308,-0.95318430907377183,-0.2917820283702719,-0.26360899155290929,-0.26221100712499229,0.92830797008048793,3.5805204007391715,-17.431176551002686,-0.54317569964374035,,0.5292752128629642,0.6,False,2
-0.87636643554783666,-0.36896337580103328,-0.30959311678828666,0.42244915790992099,-0.89756689151669033,-0.12613637157562996,-0.2313408300027881,-0.24132903383259172,0.94246576479098154,9.8555218409422327,6.7950574965528698,2.5361587115422446,0.4234954799359265,0.3619880764044668,0.7755102040816326,True,5
0.40053417257845353,-0.85272355122697685,-0.33531316970818204,0.90135784642201522,0.43245896312125076,-0.023092810776533551,0.16470096930607867,-0.29298769666821683,0.94182365669518653,-13.029277939863828,-8.1117363271516432,-5.6712173187012436,0.1924835751045087,0.1635362864826067,0.4608695652173913,True,3
0.93776571471421544,0.23494194250026995,-0.25572983392779236,-0.24474931750868961,0.96956288623672293,-0.0067513858833393309,0.24635997216586764,0.068920920528638935,0.96672471305326513,-16.676225926004715,-10.577801682771327,-6.9289361689546389,,0.1102421609392738,0.5,False,4
-0.94378055707272446,0.19991322006684084,-0.2632735545663582,-0.17803882166101734,-0.97843445945288787,-0.10472911026401494,-0.27853265171798947,-0.051968384597200844,0.95901973333675639,0.74219576457991776,14.302771227264081,-0.16002786249890749,,0.08830311339220787,0.3157894736842105,False,3
0.54163824557017226,0.8335672777049854,-0.10859836313299298,-0.84048863540232677,0.53923106311944236,-0.052997304899500733,0.014382791634457104,0.11998105728228872,0.99267199073924928,5.1013308453446466,16.63708970210994,1.2228620667778358,,0.279492975091334,0.1666666666666667,False,2
-0.43148524783842129,0.87339983629619788,-0.22581675503733123,-0.88633186436102696,-0.45706364290389878,-0.07422029745104855,-0.16803662432970096,0.16812362205588824,0.97133832447334589,1.4943793720748888,-10.060106435204039,-0.8303068026346514,,0.1389959900458286,0.2807017543859649,False,5
0.37057385650836483,-0.84462921196829788,-0.38636318556810301,0.90867316939341958,0.41582160814787117,-0.037489484150076656,0.19232287460683997,-0.33718523764710251,0.92158451995236523,-8.1223713879260337,15.771637153979912,-2.7120877241176262,0.286847434264382,0.1523930340132713,0.4,True,5
0.32678030471877811,0.92331391512895589,-0.20175739534683798,-0.94446811378170292,0.32684088123538857,-0.033985591107192875,0.034563195707763145,0.20165924844279393,0.97884571461489922,-6.3350268549928082,10.921003620269079,-2.4785061269058826,,0.08652520699502005,0.3673469387755102,False,3
0.77034939761700671,-0.53989411497670126,-0.33922875792691592,0.58715826558875861,0.80809112562572083,0.047264191897834942,0.24861008978300622,-0.23559091089954873,0.93951580399672119,18.157479189040107,-1.0783482383558374,5.0013472703884281,,0.5117421775946083,0.1851851851851852,False,2
-0.95767600563718303,0.086314799352384133,-0.27460230086357273,-0.0086084537405502568,-0.96214404854976521,-0.27240544114327875,-0.28771959048873824,-0.25851225358389729,0.92216530622007686,0.10454562752205569,-17.81852741099933,-1.7249660101182536,,0.2787234825249393,0.25,False,2
-0.79341776722976509,0.60176179901012405,-0.091493081138596999,-0.54704907971596906,-0.77088961915124288,-0.32629204628179892,-0.26688115524713674,-0.20883470098848805,0.94083075876429711,16.245597326245115,-7.3919234054663177,4.1068855968459843,,0.3849747086354251,0.21875,False,3
0.24022142192505719,0.94143104785724574,-0.23664583363902919,-0.97069899838674112,0.23449937706930457,-0.052473771401386857,0.00609286297896941,0.24231719766561272,0.97017794900533749,-6.9146703153431215,15.586362302949288,-2.3649078356076103,,0.09728452650493194,0.6190476190476191,True,5
-0.67388354889917801,-0.65204318653415694,-0.34744876660801771,0.72286535654382766,-0.67911636325097824,-0.12754074436638332,-0.15279606942527996,-0.33710628599767906,0.92898477549905922,4.3485055852215089,-5.4736422921788899,0.38361204889033557,0.0738464725914317,0.1383888165452005,0.2388059701492537,True,5
-0.28036001342178152,0.93868165157921268,-0.20068637189072169,-0.94943083684990981,-0.3019619941885282,-0.08602348577085614,-0.14134832476057096,0.16642028438327428,0.97587137473807062,-8.5199000478339322,4.4780639215247868,-3.6147975573748514,,0.1158570326015252,0.40625,False,5
-0.82147281583278731,-0.45556478423870839,-0.34299145792467262,0.53376582719204357,-0.82596196231106178,-0.1813308537928815,-0.20068994635941961,-0.33203548632156943,0.92167021284918071,-10.841271437459437,8.4878599299729185,-4.0592349039267397,,0.07965010077351889,0.15,False,2
0.27769526996104421,0.94584677660795202,-0.16810476561243065,-0.95817501755460366,0.28530213155257983,0.022435005366395658,0.069180725462360704,0.15484369186990449,0.98551380422224444,-11.908329739891595,9.1892924227252291,-4.3368696992510136,,0.3725236206237891,0.825,False,2
-0.61833175869337986,0.77433809912742801,-0.13441110233485742,-0.74933085595602733,-0.63243493855275523,-0.19628886063650663,-0.2370002204711151,-0.020653250046718863,0.97129003843298456,11.750199256128157,2.3763557266575686,3.1664011452552407,,0.7745500080503445,0.6103896103896104,False,2
-0.36593127688619043,-0.86635062635927251,-0.33989835657640155,0.92954781151776944,-0.35795579582741727,-0.088365798452148314,-0.045112821890981071,-0.34828758295474305,0.93630155017524985,-14.923484333882325,1.4608083341182283,-5.8913205799474424,0.2029115784695431,0.1696702494803537,0.5612244897959183,True,5
0.15691172797640687,0.98595815786913332,-0.057142108420707993,-0.98752498444817771,0.15586414882279775,-0.022377940083297528,-0.01315730649050021,0.059940620976518366,0.99811522743762682,-1.5695409335667145,16.525034723176102,-0.76722913322091912,,0.2376903532416499,0.2653061224489796,False,5
0.73256420211678608,-0.56196266754596702,-0.3841193174804115,0.6305583809110209,0.77279895176931102,0.071957684837172839,0.25640947338167563,-0.29492327888600939,0.92047511727979725,-7.2341347937184226,0.67574564594216047,-3.4659349572294929,0.7057739853466546,0.59044052954597,0.2886473429951691,True,5
-0.62155200476576633,0.75154448972993815,-0.221029376618186,-0.74924613531021567,-0.65269291233594418,-0.11234852428550005,-0.22869922189277975,0.095774955719074087,0.96877439260265685,2.4976123313539778,-6.4608249222259575,-0.34338954821283496,0.7493580814561039,0.7566233071458125,0.7170658682634731,True,3
-0.77333092460205399,0.62731769463077569,-0.091824784547866356,-0.5768631747459797,-0.75630430113360669,-0.30859792887962922,-0.26303642081681911,-0.18567798493611476,0.9467499813752005,7.4264607651650998,-18.319650772023696,0.66161056718014466,,0.2792108534305813,0.5555555555555556,False,3
0.91407704026742231,-0.18065542401753168,-0.36307958112374472,0.26795592817389918,0.94107289788871262,0.20635266273010294,0.3044056257896891,-0.28591155736063795,0.90862082100026831,-16.810265118284345,1.5791750292271576,-6.5073548743169631,,0.5371508243670212,0.1063829787234043,False,3
0.95375800582618642,0.097283505369955142,-0.28439688096987115,-0.070425386089356418,0.99216336399143368,0.10320912821726455,0.29220871191089126,-0.078407772166645462,0.95313497992007523,-1.2857412462249407,8.8859551605920242,-0.96702203597250003,,0.4617798709200122,0.502262443438914,False,5
0.3928974824411185,0.91949767722246123,0.012473567009038899,-0.91797724548949422,0.39137456438677748,0.064371788188465798,0.054307872863438675,-0.036741964203867244,0.99784802600971756,-7.1705299715747266,-11.775515824834656,-3.8252785791892938,,0.5129081573428493,0.15625,False,1
-0.95461436487889362,0.10180131245362858,-0.27990696159542916,-0.017531261503506177,-0.95735080036883635,-0.28839573489086878,-0.29732821803011245,-0.27039958915624723,0.91568553169042199,0.28575837419949396,2.6256314585555152,-0.80684751082147765,,0.4709957914684655,0.4142943670502726,False,4
0.69539397712154949,-0.63679611192574137,-0.33304343323256586,0.67787013385347994,0.73511619143350093,0.0098115606185648629,0.23857765656603516,-0.23258309682469466,0.94286043763586558,18.395234176534576,-5.9202955011560281,4.8350759012840063,,0.2590917138054464,0.1923076923076923,False,5
0.96061353491940682,0.080632034532510971,-0.26593253192640792,-0.077712711468287649,0.99674393644502102,0.021500224099563772,0.26680024551317172,1.2931849786752131e-05,0.96375185023266186,-3.8182261780124707,-3.6446619203922914,-2.4735061704563144,0.4982894943590681,0.4565247557502062,0.9643899591360187,True,5
-0.75233841057996087,-0.57522372585102155,-0.32109902083950387,0.63455857417794748,-0.76371401279869178,-0.1186436791075321,-0.17698116256616059,-0.29301633379897007,0.93958453383596219,-8.6977556477125795,-10.475034596775014,-4.2912379471719264,,0.2880721672028004,0.7821229050279329,False,4
0.93552721804980599,-0.14384007221196757,-0.32264354621477809,0.17457559764284553,0.98227352372482279,0.068279464679099067,0.30710288991742651,-0.12020298754721945,0.94405458358565753,-36.191559221670019,-8.4336030433843838,-12.556433580505969,,0.4103663943162694,0.6086956521739131,False,2
-0.95685933507589804,0.10994824878608055,-0.26894533918062929,-0.083912549322364041,-0.99076643899777173,-0.10649200637557743,-0.27817062559575101,-0.079329981372418895,0.95725015388409296,0.76708785321964112,16.940999137551469,0.025305625452950752,0.3796073317017825,0.3669625558061128,0.9126984126984127,True,5
0.93966506647917181,-0.15496815076758635,-0.30498267997767742,0.17889448536186997,0.9824955153119006,0.051955033433853728,0.29159273987156054,-0.10338004952444037,0.95093966129009433,-18.550352406430846,0.24962971990986466,-7.1486766604916436,0.2769475012377365,0.1402353147860572,0.2962962962962963,True,5
-0.66421984219834318,0.72364659510003004,-0.1874769495968549,-0.70415903046846462,-0.68986937488476785,-0.16804852098668355,-0.25094234604729487,0.020392424971866663,0.96778721213087282,7.6551129000121998,-9.7110094536712364,1.2529444168961283,,0.2832257498686971,0.5238095238095238,False,2
0.93238897302442103,-0.2063472556110344,-0.29676861876596639,0.27467466093910647,0.93818056843591913,0.21064437245566861,0.23495666328166118,-0.27791730984422347,0.93142757918611041,17.981828640411045,-4.2283536246027058,4.7589027382971221,,0.308837078977777,0.2,False,2
0.070654287262772689,-0.9311543594410322,-0.35771431420248156,0.99526762351225628,0.089790344160938826,-0.037149046875084808,0.066710788330349491,-0.35339673596316967,0.93309185921372317,2.7902791249740981,-5.2768435914847549,-0.24105638107473093,0.3819715940617168,0.2611434845052871,0.1711711711711712,True,5
0.83064179742279043,-0.44859524219123414,-0.32984316433363259,0.49323852226197584,0.86767791437897557,0.062054790756020453,0.25836014501284466,-0.21423665788641102,0.94199399673596806,-0.47827345813069971,15.493190173403887,-0.44666138366495067,0.292173620907085,0.1347776929431882,0.2666666666666667,True,5
-0.3896399402532344,-0.84150499993354699,-0.37423261756065146,0.91965366847093866,-0.37720888705017463,-0.10931873397690517,-0.049171607939955959,-0.38675934457645555,0.92086880843874275,7.581174077103646,8.7684078993571308,1.8959229564260156,,0.1477950107494201,0.2222222222222222,False,3
0.18866302760798057,-0.90579132175292443,-0.37940524963537325,0.97628230021550677,0.21477494862172436,-0.027287208183589824,0.10620325936481087,-0.36525854251697537,0.9248281271775125,10.793722109808316,4.9012640270704848,2.8674076597208149,0.184557814625983,0.1946644456770374,0.3333333333333333,True,7
0.19557331178418719,-0.92076924450086051,-0.33754270559305266,0.97356449324898719,0.2237028079619072,-0.046143593215093925,0.11799685251144237,-0.31959513777789422,0.94017854193026607,-15.415244489264651,20.809989998867202,-4.4505337049887626,0.8006355665460979,0.8198504205897982,0.9166666666666666,True,4
-0.88315484195216121,-0.28548908699140024,-0.37220089514302568,0.41103737163747989,-0.8533124850388254,-0.32078977850644846,-0.22602168978619108,-0.43629552379743797,0.87095373680839894,1.7335399118179733,13.825499687734048,0.17416851749821721,,0.5755860056905981,0.2368421052631579,False,1
0.16564711110259528,0.96825110556717087,-0.18721867201568287,-0.9860742012782937,0.15976967060408817,-0.046166242303616656,-0.014788649591478242,0.19225880714030383,0.98123281993635336,-16.031130059665138,-17.135597678995438,-6.8573437635917447,,0.843762992569399,0.6428571428571429,False,1
-0.74187627262584566,0.6414947597605638,-0.19520263654602285,-0.62247323967726353,-0.76710090047091528,-0.15518786802583451,-0.24929232238573767,0.0063782204765883421,0.96840727811343841,-20.466084754632938,-14.069758922533678,-8.1928547106749985,,0.07974563205134932,0.1875,False,2
-0.83481969407660794,0.52008190745554184,-0.18052946551531557,-0.48070065185630195,-0.84846735116236627,-0.221427273199229,-0.26833367602067176,-0.098071216719915894,0.95832096646390363,9.7977653935616882,-1.597874202201766,2.4528161342472514,,0.20189591124026,0.5,False,1
-0.95124570097210903,-0.13014196610236012,-0.27963312579358746,0.1709690055758239,-0.97707491690420234,-0.12686294135428022,-0.25671232053505744,-0.16848642501892486,0.95168855676100661,19.44292641611958,-4.8440893824015578,5.2078636276460006,,0.2834907999948433,0.5833333333333334,False,3
-0.95857024026401205,0.048356250846190149,-0.28072186855372266,0.031277252230034989,-0.96166037291166173,-0.27245377711520541,-0.2831339399880064,-0.26994629127940167,0.92030656405969624,-7.917574469331786,21.490415343007676,-2.2075722316682862,,0.3023452123915359,0.3888888888888889,False,5
-0.81306612137095824,-0.50419394998927536,-0.29105316193609354,0.55657121032392698,-0.81982147168721853,-0.13461516407582744,-0.17073948025382077,-0.27144283994022578,0.94718890118489019,16.052522330065585,-0.068903552405457202,4.4702403522794194,0.3083281021605953,0.1659577715557703,0.375,True,5
-0.45350749907671933,-0.79542594387834187,-0.40203049148843112,0.88882871799584162,-0.43689071912065269,-0.13823895837320413,-0.065684536590045445,-0.4200286506317028,0.90513063935625504,-7.1654446163891938,-15.466322761232716,-3.8919876454007745,,0.3596785262906855,0.3529411764705883,False,5
0.38312792162695192,0.89661638354443474,-0.22201814437003281,-0.92209769515960838,0.38538344143579167,-0.034863213398157893,0.054303188222717402,0.21807948969769342,0.97441905765540282,-16.556131809926889,12.158137522303708,-5.4778160292183529,,0.1177489667207272,0.2777777777777778,False,4
0.45812501991021082,0.8885696593168978,0.023778702103362165,-0.88572312481666815,0.45407530171284499,0.096489204263406222,0.07494005802816929,-0.065265464955368058,0.99504995190537748,-4.7780500207100731,11.559009694804571,-2.0117601996839478,,0.2333357998202795,0.2068965517241379,False,1
-0.47603346189941764,-0.76366560186159826,-0.43612726546894498,0.87293048452818534,-0.47048675309003973,-0.12897513073527195,-0.10669823022639188,-0.44210526314459997,0.89059442170182113,-11.81795601235063,7.809002076054484,-4.4125907845598826,,0.4808729281547167,0.7037037037037037,False,5
-0.72789357789297449,0.65522265548925596,-0.20212424643216806,-0.6413358894489809,-0.75485533048402698,-0.13741072354272418,-0.24260918401175291,0.029609150164403658,0.96967215184292743,9.8089206063195515,-14.645516697207908,1.5975142663178148,,0.1350496748452072,0.1904761904761905,False,5
0.95654460900093963,0.17900861709425037,-0.23017021092496756,-0.12124527432938154,0.9620758666666176,0.24435549969352138,0.26518294523598801,-0.20582988554551931,0.94197243259677521,22.410456180873915,-11.439865444146427,5.6822188560243436,,0.2751990313511228,0.2608695652173913,False,1
0.90081660565967325,0.38156964255389603,-0.20720533499183408,-0.35980505184649869,0.92311034288998395,0.13567468266141761,0.24304272799967616,-0.047664480809403484,0.96884381075364634,-18.460490674313952,6.6818486018403389,-6.5445553418848013,,0.3529379784806844,0.1481481481481481,False,5
-0.76789213732738104,0.62333513874410973,-0.14763119669517438,-0.58410986064869064,-0.77596395332326107,-0.23810840773879677,-0.26297782439543321,-0.0966087364051465,0.9599528196356566,3.2023414517886413,-11.083203070922002,-0.30943563901781768,0.5090373805381034,0.2779125189038932,0.2962962962962963,True,4
-0.9002898244239016,-0.3342577903060307,-0.27883680111941667,0.37042602307168154,-0.92473383133731546,-0.087475154252546858,-0.22861057164986379,-0.18204139858817414,0.95634624259730505,6.3204109478367974,-4.5598054057621553,1.0494751600079977,,0.08755492772981746,0.2959183673469388,False,5
-0.95834394719083627,0.1109356730386821,-0.263192240254427,-0.062479869540439936,-0.98059571570940851,-0.18581794379059419,-0.2786990218585258,-0.16163328487601017,0.94667921517021458,13.467579914367109,-1.6092750011889938,3.5832310965051604,,0.2054103579356878,0.2857142857142857,False,5
-0.12941855380580375,-0.94708259612859802,-0.29374375574831918,0.99122031778220032,-0.11547457722869423,-0.064404220588460195,0.027076180427951811,-0.29949988000693473,0.95371206468685488,-6.5863311715686006,-5.1245358105310341,-3.4739732642600392,0.4419569571229768,0.3002631586072265,0.8977443609022556,True,5
0.87985671345670946,0.39569759167088403,-0.26320254506942298,-0.40385886149473882,0.91448566463094028,0.02477880498899146,0.25049986781899247,0.084494882273256036,0.96442233025386626,1.6595147319280197,-8.322756994148941,-0.73031646525141802,0.6453203358355535,0.57012281741623,0.7217125382262997,True,5
0.20889114018169724,0.9778581433970428,-0.012567535386088791,-0.97779872665087231,0.2090615290036173,0.01424525361669339,0.016557225417462552,0.0093128128274889421,0.99981954862050848,-18.765219177380779,8.8740436839637571,-6.4276913259645267,,0.5235287714366236,0.12,False,4
0.81173637637903306,0.5701983474776553,-0.12632458112651379,-0.54982336152541034,0.81904226128320368,0.16390254834198212,0.19692213279348789,-0.063589454832140624,0.97835476942171473,-24.465302973983459,-19.506997130204489,-9.2982898603714954,,0.4631411857076456,0.1052631578947368,False,1
-0.8768809223100178,-0.34272921276796553,-0.33707051903746066,0.43624016318958736,-0.86190101303037125,-0.25849789894221914,-0.20192664041442068,-0.3737155742709557,0.9052968029537467,-2.264563586810338,10.28275549931649,-1.2934976564128056,0.2272489268399698,0.3813879436570676,0.3046875,True,4
0.9146060990147058,0.32572541737120608,-0.23958012464195627,-0.3251754092249502,0.94467638771578122,0.042982272248557038,0.24032610528298395,0.038593716724571986,0.96992468168868429,4.342215734610698,5.5518523244663625,0.72274840177072808,,0.07083480352576677,0.1447368421052632,False,4
0.74480256056647376,0.63497247778858523,-0.2051319044533263,-0.64663641271304595,0.76268738956243842,0.013011362574177246,0.16471337385660997,0.12295486266698824,0.97864784586658893,-5.6606609502043472,19.480191410749409,-1.7393987487490343,,0.1067288927186586,0.3125,False,5
0.8592806832972808,0.46713935592225309,-0.20836873436459019,-0.46123064546993581,0.88373858697096963,0.07919849479593008,0.22114022472527489,0.028052309122370556,0.9748384835250189,3.9986774233662059,-15.747209677794419,-0.26305926151370312,,0.3770671553020716,0.5769230769230769,True,5
0.54297743551373023,-0.69308548589658681,-0.47413923457400753,0.81267689083926975,0.57590547188632057,0.088820935298007164,0.21149887852835414,-0.43354976264655837,0.87595823398742134,9.143403750338372,11.57552444934055,2.4680544572563505,,0.3430853916648047,0.3157894736842105,False,2
-0.9581954294000844,0.17405855962627606,-0.22707958274053081,-0.12058298205903162,-0.9654099966610783,-0.23117803266012873,-0.25946341459739325,-0.19413180102106506,0.94603994647043232,-17.774311030415351,-15.409370104563484,-7.4051573743787085,,0.2074628749500683,0.375,False,2
-0.92776374358717417,0.29632587926607168,-0.22681580492175021,-0.24135999018079696,-0.94006063288469244,-0.24089699383835622,-0.28460462263469588,-0.16875123637360667,0.9436753832740058,-4.5379882093008952,-12.628425232893298,-3.0039247306930759,,0.1137825913416337,0.3571428571428572,False,5
-0.89553673495504527,-0.31163217946680705,-0.31764656627582977,0.3771736922191572,-0.91036255354466633,-0.17023521081551729,-0.23612276943112837,-0.27225981309110403,0.93280256857052635,-1.5415915825875262,7.6308554488217952,-1.1635344824213307,,0.08713628042980598,0.1594202898550725,False,5
-0.73467134425552372,-0.51132017568647159,-0.4458808067922842,0.65724558627362684,-0.69936065595263108,-0.2809322199914826,-0.16818518143290481,-0.49944604397418352,0.84986316187073319,-8.3496794359291737,8.6984458279659602,-3.2109809555216686,,0.4872950454859227,0.2666666666666667,False,1
-0.80315763679682106,0.53538614235115811,-0.26134170932572059,-0.53455841332808351,-0.84127613316334104,-0.080633556971629355,-0.26303063166693325,0.07494095240975078,0.96187251777811622,-8.4948429900203841,1.4601447729954822,-3.7735125208469866,0.2584070753457132,0.2637340023172648,0.536779324055666,True,5
0.96077077650700971,0.1786383710615202,-0.21215053003611323,-0.17212232623161483,0.98385862171148342,0.04895015113967735,0.21747050333949827,-0.010514031979517391,0.97601026393619383,5.7316009632551976,-18.08629085630265,0.15319795983570086,,0.2117536223744023,0.2272727272727273,False,3
0.32358120686593544,0.92199639753650198,-0.21264488118197811,-0.94563560560377091,0.32287956618427377,-0.039013935395507612,0.032687979098963676,0.21370874729492981,0.976350381447182,3.480631823467184,-9.824347455782366,-0.17709282597746517,,0.07203394726028052,0.1538461538461539,False,5
-0.45841300294821397,-0.74688452797677096,-0.48168560347691269,0.88556632122440493,-0.42962616526388359,-0.17661723821225614,-0.075032056089883767,-0.50752818639910724,0.85836200438355748,1.4979493395196921,-17.476845624440152,-1.1783812172508052,,0.3670585192833997,0.2,False,1
-0.27695815022578629,0.94785642111778834,-0.15767811506131346,-0.95203417954251002,-0.29290568223012498,-0.088527861716667183,-0.13009651804076475,0.12559644207971465,0.98351432614405088,-14.017732902857544,5.9988911441334709,-5.1289653329615694,0.3755539885143289,0.2196092953667552,0.5625,True,4
0.53424285905120261,0.83171638372476819,-0.15110401912786003,-0.83767290641933623,0.54488293147420874,0.037505904055983169,0.1135282757896936,0.10653848146030881,0.98780609563028754,3.4246672832326235,24.920530178827043,1.253685845387273,,0.2453032890976309,0.3571428571428572,False,5
-0.94547556787957721,0.21835045422833954,-0.24165891185939892,-0.16618011464320373,-0.96155151754149426,-0.21863862561501185,-0.28010733664072895,-0.16655857303641686,0.94540897060907458,-3.5507058361261414,16.230243308277277,-1.3241675097966852,,0.3811758431279857,0.1724137931034483,False,1
0.80646660079969934,-0.49403065707007093,-0.32487741021729016,0.53577112074912814,0.84299384609150363,0.048069549853090338,0.25012182624833573,-0.21282642065018514,0.94453374037533944,-7.994276160860494,-17.189259859170509,-4.3154640803970574,,0.2319267294340869,0.6730769230769231,False,4
-0.01566253164734465,-0.90735281508382482,-0.42007803330078342,0.99781302500546831,0.01279902406220748,-0.064848686281924833,0.064217226908613853,-0.42017502774738191,0.90516799204658938,-26.732962617497034,-6.9634422927041451,-9.8913559786782823,,0.3352839541239602,0.44,False,4
-0.96654885507715527,-0.076730609259174243,-0.24473602994197147,0.1208184410832517,-0.97791294838232823,-0.17055547390921333,-0.22624370719039774,-0.19441882364858468,0.95447111321812528,-13.557217352256705,4.4373917556970071,-5.2494686972484956,,0.1528976469227788,0.3076923076923077,False,5
-0.10219142200877324,0.98916384649085676,-0.10541251378862887,-0.98888538216492461,-0.11251947518789218,-0.097185743007773162,-0.10799358410737375,0.094309344705890086,0.98966819353396918,-20.435575500641047,-5.2546088477526869,-7.9951663679147522,,0.41562569876097,0.36,False,2
-0.95709530366969642,0.029801103811287907,-0.28823683648180742,0.055909270594779174,-0.95701623818559434,-0.28459457709284164,-0.28432856549240898,-0.28849924447166664,0.91428958912606373,-5.3522085029206146,15.589975881595912,-1.925318034625352,0.1740490645077182,0.1887702874521168,0.1052631578947368,True,5
0.29257447338412645,-0.88039824586786175,-0.37322795473650161,0.94233329683174938,0.33178017718557712,-0.043930305131107163,0.16250580053095381,-0.33885224316728102,0.92669899217291429,4.3200470659438608,12.564604160309724,0.98605102127977229,,0.243037619289175,0.34375,False,5
0.50316789637182702,0.85760449018808893,-0.10647350125724631,-0.86171841873452792,0.50721599261558115,0.013164484367192558,0.065294983531765785,0.085126231234663091,0.99422838919504186,-6.6272864482580349,13.941726941944697,-2.3430959181102273,0.6950689246943051,0.6319113294176203,0.5714285714285714,True,3
-0.14846473737718391,0.98766286538500603,-0.049802470772083968,-0.98543998204841776,-0.15197469799372956,-0.076234722732690871,-0.0828629201509299,0.03775917781407781,0.99584535996050472,-16.812461715893278,-4.943093040075067,-6.9655308144523405,,0.2018065864722162,0.525,False,5
-0.95222315935066448,-0.12765350696779953,-0.27744483587744134,0.16879331401411635,-0.97707229271199914,-0.12976344615741653,-0.25451890291365459,-0.17039459197210108,0.95193792396683652,5.522304609520404,11.841714559653926,1.3325481700414952,0.3033691932424442,0.3174836803181273,0.4492753623188406,True,5
0.2188166839710966,0.97339177946121747,-0.068027218767322289,-0.97576544835211476,0.21835730963296429,-0.014208276885329219,0.0010240205513572798,0.06948761765363462,0.99758228852297315,-16.016887191600098,-7.5254081969869056,-6.654160798625993,,0.2507193769035457,0.5882352941176471,False,1
0.25762562003367745,-0.8044528949484373,-0.5352425428825166,0.95692194966927169,0.28918257572674505,0.025958045712381514,0.13390079216876977,-0.51887279530259123,0.84429947302568675,5.80028008837989,1.3517077742538477,1.1731121234107114,0.6703158065567456,0.3867933609983889,0.1948051948051948,True,2
-0.69478074132305079,0.71579548689481309,-0.070118060637817586,-0.67771741375223582,-0.68420743210161561,-0.26936832953020518,-0.24078793280306238,-0.13963169696716363,0.96048121304817691,-6.9660745569403328,33.071943758111097,-1.0389859944619053,,0.4618460632986752,0.2352941176470588,False,1
0.35143567899157746,0.90472716768075923,-0.24075239477953198,-0.93528383456908248,0.35072834114625417,-0.047262876663927166,0.041678679507413448,0.24178168412257267,0.96943514733960967,-18.579997777413482,-4.7237227229133998,-7.5325936847583614,,0.07869575382414716,0.4583333333333333,False,3
0.70276820513803073,-0.61773769735714346,-0.35286964606064503,0.67508068396192478,0.73555340134601777,0.056809012575502693,0.22446139977414883,-0.27813904981537252,0.9339463308880398,-8.2977600951375052,6.7659232807537073,-3.3348998608656468,,0.4369028558756654,0.186046511627907,False,5
-0.75215595697980342,-0.57240170583329941,-0.32652366459251492,0.62631295619851823,-0.77502194456745654,-0.084101523985906007,-0.20492314968707004,-0.26776346389679051,0.94143997691001169,11.549059590300262,-15.874944096185814,2.0882636570956645,,0.4742391712758303,0.25,False,2
0.72699751645424493,0.63567736926266782,-0.25959370808371468,-0.66662428036606614,0.74403795406941187,-0.044939867941810638,0.16458031442363738,0.20572264122234318,0.96467171358588055,5.6157915945019141,7.1169642476238915,1.1859173852257789,0.4626585783469578,0.4950477431283432,0.9436997319034852,True,5
-0.52137210457650074,0.82609159832904377,-0.21387800200029319,-0.8315830595984367,-0.54809065479740304,-0.089812299339556215,-0.19141772007412139,0.13103169576068519,0.97272295703746303,-5.7075596404502038,4.2717937764958451,-2.7057461379830912,0.2518273593259756,0.12691058190531,0.2394366197183098,True,5
0.77382228648892293,0.58389623562450665,-0.24548778983197131,-0.60654806971819364,0.79475282478222997,-0.021619126295937936,0.18247878795681663,0.16562950680418331,0.96915858270027977,-11.194433512742131,-13.324864303582359,-5.1922138752100357,,0.1468039676724893,0.3571428571428572,False,2
-0.86276529673031055,0.43360255505232048,-0.26004781677599431,-0.41425565765084088,-0.90109987622226384,-0.12810645251700817,-0.28987634063878159,-0.0027995221596990444,0.95706001369483051,5.5062052932327843,-11.566645357917173,0.4282754262757304,,0.1220490671313974,0.4523809523809524,False,5
-0.94077932579717982,0.21480160150341004,-0.26228711776252794,-0.18752266335726309,-0.97424217213961939,-0.12524951397939738,-0.28243496752350361,-0.068647374430832575,0.9568270622760161,-8.7533286977883797,10.229754572385957,-3.2623076021699786,,0.1000351120065569,0.3157894736842105,False,5
-0.82080119151573705,-0.4544369060942951,-0.34608164121460039,0.53488917708591355,-0.82408199023004369,-0.18650051371201393,-0.2004469312379234,-0.33819516814693806,0.91948086222572578,14.284951712215776,17.235323903474583,4.3744533674527046,,0.1926899861743453,0.2173913043478261,False,1
-0.41841679671534615,-0.765075058616277,-0.48947680119671511,0.90586242007814666,-0.39062037620039258,-0.16379559697142987,-0.065883686270820849,-0.51193346870502987,0.85649487068108232,-4.663442331725081,9.4218099446670838,-2.0810902173163912,,0.3504471197241679,0.2439024390243902,False,5
-0.12476103813965071,0.9780130177958567,-0.16710840907673774,-0.99072596966880877,-0.13193391276471542,-0.03248839310264065,-0.053821337647032348,0.16150535497138835,0.98540310732686986,-2.3163592129733428,-12.197355941770612,-2.2201983068397939,,0.3980915164883461,0.355072463768116,False,3
0.95963225069567915,-0.069553369537959708,-0.27252205820935199,0.060836450510506866,0.99733317821089185,-0.04031696825214641,0.27459947143799834,0.022110188277758829,0.96130446262372793,0.60123004740202868,9.4636799427422282,-0.38254022442807045,,0.143167576597809,0.5988372093023255,False,5
-0.59815114707213812,0.79813869907809565,-0.072040421224550649,-0.77085389883107092,-0.59761068978417242,-0.22055777046529867,-0.21908781781108477,-0.076394243825114311,0.97270984758928314,6.9676528916643203,18.819104720739229,1.9734121759553964,,0.6069986771229323,0.5869565217391305,False,1
0.67768108503568536,0.71214196425676235,-0.18330894612478071,-0.72021727651956513,0.69309790950172012,0.030039348313296771,0.14844332786487308,0.11166517178094132,0.98259628933938903,-18.0980135235334,-11.285317939127225,-7.3835082300374424,,0.3709581766444638,0.3076923076923077,False,3
0.79135885084993129,0.57216954464515302,-0.21534433208709033,-0.57334915577018697,0.81685400455076673,0.06340568450060885,0.21218368165127741,0.073290841378272839,0.97447757173316985,-25.818971551311574,-6.4196241248624633,-9.6838014098225358,,0.1009392592274741,0.125,False,3
-0.78836743953483812,0.583859574335297,-0.19386793891277687,-0.55754507452678792,-0.81127544976163768,-0.17599896160196538,-0.26003897814020271,-0.030661736269452816,0.96511117897200893,-8.0585436551076537,29.129037518094918,-1.6953793084352349,0.6326903896245941,0.4664763698862961,0.44,True,5
0.78072652263170028,0.57615522588368506,-0.24189099310708956,-0.59492183901185725,0.80376334459813337,-0.0057001181718630139,0.1911389607750448,0.14835646789858251,0.97028668758593928,-18.399885700179222,-8.50737006277501,-7.4555111868196109,,0.1556721657069096,0.3404255319148936,True,4
-0.91884922660061175,0.31195486809197082,-0.24166145544786277,-0.26822339613766938,-0.94292479770580184,-0.19735510035428144,-0.28943446328976308,-0.11652032503041974,0.95007931527582101,-15.660179762885154,18.405080718106451,-4.8037503106586055,,0.1503411541316351,0.2727272727272727,False,4
-0.83072416373133606,-0.46770405944197796,-0.30191104082886083,0.51358855044146401,-0.85314107375649617,-0.091526548744326974,-0.21476537115724001,-0.23109136948641484,0.94893235496561368,-0.89274606210669694,6.3601460143506641,-1.0045527955023001,0.1357485591844456,0.1343257587366517,0.5083798882681564,True,5
0.91444417789080656,-0.29345752267035574,-0.27870150324277992,0.32979643683653292,0.9394721803112589,0.092878052688118912,0.23457654565521763,-0.17684655724494019,0.9558761109155719,3.6464583450371739,-4.1282732328463574,0.21869779943057033,0.3210313918552848,0.1983480014024322,0.1972477064220184,True,5
-0.91399263494739025,-0.2446414759310204,-0.32367887097587761,0.3159603441217424,-0.92964325372219836,-0.18955864989832338,-0.25453197088852503,-0.2755248973561138,0.9269840919522333,-10.523782463974079,6.2754011328141344,-4.1140346942282227,,0.1693678913567133,0.4270833333333333,False,5
-0.44909071044683985,-0.81841802290220178,-0.35848218028125711,0.88926727518690463,-0.4483606918322009,-0.090423466541647651,-0.086725123649441543,-0.35939481049202882,0.92914698682145447,-3.7886717991341623,2.2293737126353679,-2.1878796898733204,0.563988946523555,0.7306773470742944,0.4490644490644491,True,5
0.21388709514081361,0.97569976123175428,-0.047563499288039074,-0.97685715740220047,0.21371043089931019,-0.0088286894228241861,0.0015506657660869644,0.048351087445163643,0.99882919850120189,-26.727102825529705,-15.682230034478458,-9.8754199172035673,,0.4085310675552961,0.3636363636363636,False,3
-0.93005358138775385,-0.19833623688707558,-0.30929447600189403,0.26878486943015978,-0.94119890616694102,-0.20469321677956301,-0.25050954016409099,-0.27350933469925137,0.92867519301376222,-5.0689782593619492,-11.392843087025268,-3.1054977625813462,,0.0953805875996718,0.4074074074074074,False,5
0.95345841742610771,0.14651104191360881,-0.26353664040639674,-0.14695069115891407,0.9889771803934484,0.01815574369012922,0.2632917404842377,0.021416144807433563,0.96447851616008928,8.3292961034635944,-13.912488474876071,1.2384394641475409,,0.1413410245255739,0.5365853658536586,False,4
-0.65557054614096755,0.7415842305466136,-0.14240817405268158,-0.71416441422053656,-0.67015127201257008,-0.20215454998829627,-0.24534964539095983,-0.030823718538159434,0.96894450299385537,-4.9374563310708171,7.6543875036924156,-2.165822099346125,,0.119946419642927,0.1212121212121212,False,5
-0.69702889957784486,0.66741315218836805,-0.26212668204378831,-0.67523193672294446,-0.73396017741387409,-0.073241310747257662,-0.24127276013400406,0.12594499694938666,0.96225013014326932,7.2902356386316347,4.3252146196915673,1.6620752047924903,,0.5777613592342712,0.5964912280701754,False,1
0.46582313195722774,-0.75626219645790149,-0.45943040816018077,0.86367854605758565,0.50154619262276035,0.050107741372653156,0.1925309814378322,-0.42014153195594006,0.88679925254383352,14.85979548733645,-3.7845548701305103,3.8662782962456239,,0.5013825973288597,0.4339622641509434,False,2
