axis_00,axis_01,axis_02,axis_10,axis_11,axis_12,axis_20,axis_21,axis_22,location_x,location_y,location_z,dbh,dbh_approximation,score,reconstructed,number_clusters
0.92666806293429704,-0.1928554831411349,-0.32263456690193315,0.29213305108997567,0.90963854183073389,0.29532355760575341,0.23652606959584832,-0.36791912948154343,0.89927244623811575,-11.199678338663466,-11.244855223009406,-2.447253192721996,,0.4609314033724008,0.4848484848484849,False,3
0.46307727099040075,0.86016581106260481,-0.21371527453856021,-0.86264069563430557,0.49276978654200193,0.11414450362110812,0.20349562975072072,0.13150176786020362,0.97020452159428594,-11.190552528757975,8.8733557950602417,-4.5544378813723831,,0.1136898471585959,0.4838709677419355,False,5
-0.01639089795037129,-0.84244550308194444,-0.53853218362637356,0.99576114511524538,-0.062506332439806508,0.067473700681817128,-0.090504587414978979,-0.53514346930700185,0.8398990337623391,0.81121690613561603,14.325121236184943,-2.2191943787556405,,0.2147721575767179,0.2285714285714286,False,5
0.48717168267062383,-0.77604084165126075,-0.40053010335438805,0.86882530253668422,0.47709202130370093,0.13238503269021309,0.088353524411382597,-0.41248492735802217,0.90666964183573251,-13.481858403158794,-5.5913972941627641,-3.6726300306936515,,0.1686369165417765,0.1481481481481481,False,2
0.62388942180710549,0.76411099137396243,-0.16400116529675957,-0.74517124514757327,0.64488031611457775,0.16985050277575464,0.23554575938108141,0.01624102057942764,0.97172754642859027,-9.7165074060790726,-7.6846785166113269,-2.5341458291821968,,0.1043821019524296,0.2622950819672131,False,4
-0.89207073372355106,-0.33966972430286124,-0.29805080846383275,0.36650740712117202,-0.92965960159153671,-0.037487940647377094,-0.26435227738614553,-0.14267972371953896,0.95381359283671119,-11.425637501804294,20.346974559519591,-5.6004990261230976,,0.1982846770970069,0.2777777777777778,True,2
-0.069255977956541592,-0.8862640242813552,-0.4579734585998409,0.99114970316752471,-0.11324515352350097,0.069266161394764561,-0.11325138157307357,-0.44912316180314715,0.88626322845063032,-5.7237234816214437,-13.576378428511854,-0.87967727862073997,,0.4252963863361716,0.2608695652173913,False,4
-0.48630516775229299,-0.81634069809935406,-0.31160094422846818,0.85251266088370459,-0.52148512977992512,0.035713057155608269,-0.19164928085020133,-0.24827630584708099,0.94954169424229462,-15.568069607569209,-7.848336014709659,-3.8747805914354823,0.1633072218433732,0.1489039437728734,0.6071428571428571,True,3
0.45736395964677967,0.87608078367092801,-0.1526455662597247,-0.86743022379021018,0.47732129491238673,0.14046062892650268,0.19591583721456812,0.068167748280954038,0.97824850770283334,-18.726995945853844,-10.895306573753082,-4.2675411344174217,,0.1779985440043783,0.375,False,1
0.57819485019143801,-0.7679070089286717,-0.27569827864954222,0.81235660675950039,0.57327494089999187,0.10692326963902737,0.075943786225666471,-0.28578780200409359,0.95527895065231017,13.566982422229028,-4.4748049931795419,2.7503264578708899,,0.09719373897013535,0.3846153846153846,False,5
-0.75723811634903548,0.61005983971934297,-0.233275431860651,-0.63869906333125159,-0.76634255914651705,0.069156261759498253,-0.13657943347351179,0.20136055721609433,0.96994844417096648,-0.0074263128913716336,-1.9055351294847844,-0.8919507061705384,,0.09250160095348252,0.5,False,5
0.35731543581932762,0.93380225858287635,-0.018412528092688951,-0.91892435173944975,0.35501167950897311,0.1718858434905306,0.16704405139207179,-0.044497744636533082,0.98494478810580355,1.275252766128919,9.2693897105363749,-1.7464250343899341,0.6848485995965424,0.3619185173263713,0.3085106382978723,True,3
-0.94789088011574707,-0.18155631769739117,-0.26180180079128268,0.20189384656178766,-0.977985034966254,-0.052765008315553252,-0.24645842268804677,-0.10287164277009934,0.96367819888171269,-14.190967254067429,16.303436495036564,-5.8851603314676835,0.4537123994201403,0.1820552390583365,0.4,True,3
0.53403630244340239,0.83664731418094007,-0.12176411354089176,-0.81858822031844325,0.5476938330375033,0.17304563215687407,0.21146761744641629,0.0072620194510532032,0.97735802541598327,-8.1624676887169514,-9.7903663557882172,-1.9538563529184074,,0.8271792874155306,0.4081632653061225,False,1
-0.5821662942520458,0.7980743305686927,-0.15543412985625815,-0.81034114790901757,-0.58516032024628861,0.030571614526472141,-0.066555464406272913,0.14375243475013799,0.98737308433087823,14.089850049973393,-12.969362816759022,3.9230973314014492,0.4568584949658365,0.2578112522953956,0.1304347826086956,True,5
-0.1133590653910562,0.99165752127948237,-0.061360270399490408,-0.99180888408502677,-0.10928506911327465,0.066120428907561563,0.058863059244991217,0.068353011336290959,0.9959231928706056,-17.926495851123871,22.825235690226666,-7.2478992243344944,,0.5772062921575325,0.4166666666666667,False,1
-0.050217747948517556,-0.95712969220556843,-0.28527343039521519,0.993897557092002,-0.075980798018750892,0.079966019902110594,-0.098213154910786471,-0.27951685214116923,0.95510444746716716,-3.1609144082189888,-6.1515895042556199,-1.1823385579638841,0.2440602328709816,0.214241533861972,0.8115942028985508,True,5
-0.96706914236440278,-0.051359776192609105,-0.24927785155529608,0.062693642215621792,-0.99731911919943517,-0.037737007101820777,-0.24667140311012695,-0.052122431531043741,0.96769647670071324,6.5083264541466574,-5.5973722442626475,1.1549881971241616,0.2187368899210708,0.1569665035820099,0.4,True,5
-0.53647976011935661,-0.77417019790279595,-0.33593149846571713,0.8163070352786912,-0.57702605608046487,0.026148704723871985,-0.2140847755838553,-0.26019499473158314,0.94152337919981621,-21.926208658057856,7.265276912564878,-6.876068508231576,,0.08429930531635027,0.1851851851851852,False,3
-0.79895212980390906,0.57989480067772337,-0.1593659763837304,-0.57873980624792121,-0.81341680051940357,-0.058423841853254457,-0.16351064474802474,0.045553581414846625,0.98548928978166228,2.673988757288428,17.482380178519055,-1.8524809926664405,0.4518179485534602,0.445434412443358,0.3484848484848485,True,5
0.45085366089089751,-0.84873545024260799,-0.27636771150543987,0.89179466554403042,0.44144503301439303,0.099139080760983725,0.037858301183319371,-0.29116046834761061,0.95592485620111067,-15.578777612870432,16.691379772979406,-6.3024934911220587,,0.08089838209014047,0.2941176470588235,False,2
0.9600669303104391,-0.10891130424418669,-0.25770102276111001,0.15124575725547129,0.97696010670130984,0.15057778995052817,0.23536399520001136,-0.18354094290374706,0.95441946336057826,0.2763186726467044,-15.947815595653937,0.85825330533103827,,0.08257142179814941,0.25,False,4
-0.89616711142597771,0.3772033866257834,-0.23367095137491653,-0.39796877176675127,-0.91617682056240901,0.047338041389760353,-0.19622783976001512,0.13541653732906866,0.97116270332057286,18.755360476436064,-4.1970056750221767,4.0690449435246157,0.5965669530651859,0.5690061241489272,0.9695121951219512,True,5
0.68989469856068542,0.69463427622081442,-0.20378549309763669,-0.68843433573415524,0.71659748939429413,0.11200983696116916,0.22383804475587776,0.063017937866771387,0.97258689546327248,-1.8521469771433154,-18.790289784658746,0.64368740685992898,,0.2119233557278871,0.5,False,5
0.92060588036654278,-0.28300448508983211,-0.2690599830030152,0.32936750192614428,0.93289060599869111,0.14571261412220765,0.20976620726293141,-0.22276350387447916,0.95203705790903503,-7.5911098644535535,-2.7951087888313544,-2.6124084990113219,,0.08029398844059348,0.2676767676767677,False,5
-0.5264683676817048,-0.79326124439828205,-0.3058883063574846,0.82361523170068318,-0.56511567082986791,0.047981545339201556,-0.21092417581014966,-0.22667350246157417,0.95085756837741575,-9.5231715103723911,-17.57817945688247,-1.3572532576319019,,0.2000965150262936,0.4074074074074074,False,5
-0.33927499264214228,-0.88637356865051697,-0.3150148824506887,0.92701114879367708,-0.37193321926716244,0.048124945899101851,-0.15982117938465137,-0.27569471740189688,0.94786582036530209,5.0935447572826789,12.788319711371042,-0.86986696368262639,0.2719147475367359,0.246426294215793,0.4252873563218391,True,5
-0.83591577742421752,-0.46690071346128736,-0.28852822534824263,0.48464622933229118,-0.87463792136520102,0.011248951237872021,-0.25760987063243096,-0.13043094065175051,0.95740530825426362,18.981903977615584,12.356476432895043,2.8625441716513724,,0.1741620140270386,0.3888888888888889,False,4
-0.053554612761739215,-0.96342116753039053,-0.26258628564020547,0.99329848652754471,-0.078368945569590925,0.084949544038797245,-0.1024207992256907,-0.25627712017402149,0.96116180612906255,-12.163423654638004,7.6761622570337744,-4.6861287044791435,0.4079775252809111,0.3339200593720897,0.8791390728476821,True,5
0.90056516893964422,0.35803053182533418,-0.24656949278768847,-0.34201694174831399,0.93363795501963198,0.10651094077084036,0.26834080578592601,-0.011589099517534146,0.96325433023814255,6.0517378601370657,-10.912232464971662,1.8041918307971407,0.560903696434292,0.4874710918183752,0.9625,True,5
0.25557377684838783,0.96611218846487257,0.036184028065777446,-0.95311822717907546,0.24551129575001535,0.1768893684712709,0.16201138727406483,-0.079695940666780624,0.98356538543950922,6.5454091608619667,14.965970983190408,-0.61453329283500568,,0.6594584302110135,0.3536585365853658,False,2
0.81469885793641295,-0.51862182208469709,-0.25941699353483472,0.55696046152124323,0.82436549118189439,0.10107710547140074,0.16143362468564942,-0.22683241083668354,0.96046147357136125,-11.023906832961506,11.39391136752905,-4.7611255103520742,0.3913452885493983,0.35578410920808,0.8083333333333333,True,5
-0.78011662218072408,0.61452970151394648,-0.11735118982999765,-0.61174253516413568,-0.78856333592742511,-0.062760942487872937,-0.13110730898120201,0.02282785991261238,0.99110532353706848,6.8410501336453766,3.9463450551644841,0.24298110812385418,0.7301609202830914,0.3860917129883996,0.25,True,4
-0.67351504419822517,-0.67248809257151032,-0.30681794371938931,0.70716336485360221,-0.70704531762545175,-0.0026256871205635052,-0.21516844714686628,-0.21873884925512355,0.95176460071750435,-18.372870510838631,16.294965627325418,-6.8783404879630172,,0.1527384803029553,0.2173913043478261,False,2
0.96707333835201703,0.054459730909876936,-0.2486026869482873,-0.017205276664111525,0.98859159387282747,0.14963501922642619,0.25391560941304048,-0.14043075956928144,0.95697756769069486,11.437496636386351,13.117347045041106,0.80236815125155914,,0.07321761915583332,0.1764705882352941,False,3
0.50065281368230286,0.85410078085373853,-0.14092060281246332,-0.84440648289254594,0.51769484505778751,0.13773067577571191,0.19058974736599679,0.050039020230494335,0.9803936172034875,-21.100649063913384,9.9423649067645226,-6.9687445167716868,,0.2507953913930163,0.3428571428571429,False,4
0.22562061493276045,-0.81613271989421954,-0.53199879852817922,0.97421493191378228,0.188574050406559,0.12387531614284222,-0.0007775304415325035,-0.54622999828948227,0.83763487535744663,11.739986655948469,-4.2373576858650441,2.2244724945845715,,0.3986973042314946,0.4868421052631579,False,3
-0.59147151136920506,-0.7572043983644543,-0.27713345221418717,0.77259849468145725,-0.63057062703174471,0.073974660125875266,-0.23076615274900047,-0.17035898397888186,0.9579795401380492,-29.165156689438515,8.47299549063003,-8.6203367265805451,,0.1803550615886825,0.6976744186046512,False,2
-0.47302691530100788,-0.83146758693455836,-0.29138838219468244,0.85823794400425235,-0.50961929572992659,0.060957402266550213,-0.19918124628630454,-0.22124607408258079,0.95466067575389246,-21.352648709638615,8.4943313386679211,-6.8638774160968117,,0.08571359475705716,0.3137254901960784,False,3
-0.94583565985092111,0.21565414440651964,-0.24266889902635802,-0.23341369842519233,-0.97125894875602159,0.046627243633108988,-0.22563898143238914,0.10074395496326308,0.96898798010941001,-1.5890566807321831,5.9760274439018541,-2.1866214785008848,,0.06418810257807825,0.1962616822429906,False,4
-0.20358764488810199,-0.88088401070740374,-0.42731186565429846,0.96634544381917553,-0.2508968850217187,0.056808769537121523,-0.15725315277869467,-0.40136531086584892,0.90231775621159305,6.5941238970212295,-21.38350607693484,3.1082419592279176,0.6574324162953044,0.65332564732531,0.7142857142857143,True,4
-0.12316175074341994,-0.84539957166502933,-0.51974103877065592,0.98514649008893751,-0.16730228086337856,0.038682552699606298,-0.11965607472778944,-0.50725684918638203,0.85344766256299631,-16.150486331974776,-3.6299672402301262,-4.4584989811447278,,0.6342163310534616,0.52,False,1
0.936234482798464,-0.19199507924240819,-0.29428367736895644,0.27389204748643392,0.92339821744914263,0.26892169554618839,0.22010938086047963,-0.33237572347939204,0.91710317789154416,-4.9542713276981898,3.4889918472203023,-2.759382763892154,,0.4405745787621261,0.2916666666666667,False,5
-0.55636230959486743,0.80442014529909767,-0.2082527558022797,-0.82817920936993838,-0.55722879780649448,0.060127065972931437,-0.067677009609239849,0.20592303594330588,0.9762251408554502,-12.338066643378957,-11.33708625042269,-2.7430216626360919,,0.08061177130906731,0.2272727272727273,False,2
-0.9408170140085641,-0.21874152687009407,-0.25887350303681084,0.21087474299485878,-0.9757828310883383,0.058135267437934846,-0.26532091685138987,0.00010476529848090638,0.96416015272638744,2.0565939914370888,6.1409598627226325,-1.2473121891192411,0.2898664497880624,0.2367328783516719,0.8615384615384616,True,5
-0.074885577556283459,0.97849285580215062,-0.19220791195529477,-0.99426121603677953,-0.05849807787762918,0.089569019028276742,0.076398851818118341,0.19781229999364375,0.97725815904094604,-12.547209957894763,-6.1413649693281256,-3.4102342716465275,0.2834216860840804,0.2506256973866171,0.6814159292035398,True,4
0.042026122681433735,-0.8941118780242181,-0.44586741817312775,0.99758222885024039,0.012829589709098834,0.068301524946976611,-0.055348908702442828,-0.4476598610596017,0.8924892980319411,2.4308320678356088,-13.49698856028901,1.1799443712964235,,0.4209119077548693,0.2916666666666667,False,4
0.41433113193743543,0.90775134950042002,-0.065705407597924481,-0.89074522280346669,0.41926918034546412,0.17546025893416667,0.18682253921902936,-0.014171869764023071,0.98229145213991653,0.62546405042022224,2.3205272075384511,-1.255040693718648,,0.6046405596574422,0.2185089974293059,False,1
0.76909789581774635,0.61067254825669981,-0.18859338656056679,-0.58191238694088676,0.79109832478017783,0.18852430733132414,0.26432253133903388,-0.035248820344294801,0.96378997716870918,-5.7124634445633333,-22.158483474031449,0.13965791827206139,0.5006244263953287,0.2882610923384533,0.5294117647058824,True,5
0.95310994990135367,-0.15540462195605573,-0.25967446326840438,0.19554010634551625,0.97114708084561963,0.13651891508291075,0.23096642658495337,-0.18089430847797888,0.95599778187548679,8.3130466248395258,-0.55871996627789067,0.92678327084505863,0.2552693654992204,0.2233507381347534,0.2711864406779661,True,4
-0.34241123936581652,-0.87708628829989044,-0.33685929708453483,0.92708983401049327,-0.37360507411954114,0.030392240235431314,-0.15250895983633714,-0.30189218517287519,0.94106435789545517,-9.6740048793949889,-14.025119913268519,-1.8058745167029771,,0.2966867103175814,0.5517241379310345,False,5
-0.86228908018877448,-0.36862378396946865,-0.34723773999844648,0.43353159067845992,-0.89172078627016538,-0.12993998313653626,-0.26174014226137082,-0.26258435830366861,0.92873115200430789,-11.478315052089481,4.8684360711895334,-4.3024119708400832,,0.1057388247272664,0.350253807106599,False,5
-0.3983101407698022,0.90498284375046656,-0.14951616727718908,-0.91698536198661362,-0.39679036348321922,0.041173454423148903,-0.022065304489642154,0.15350394120078764,0.98790164610329823,-2.5744059577465097,-9.4534448228795505,-0.58386060815901175,,0.0735764671329459,0.2727272727272727,False,4
0.93755441182045463,0.28602581674868072,-0.19794180212691709,-0.25097472411048333,0.95026894990651922,0.18439254513463452,0.24083897677425128,-0.12319965501904401,0.96271409684782372,5.2517720547171383,-7.5728574227532963,1.1580323849752376,,0.141860035671442,0.2,False,5
-0.34391793106580909,0.93899632650251041,0.0025210129322888464,-0.93892121587035893,-0.343853228273588,-0.01385307887651939,-0.012141131740514288,-0.0071313547537136257,0.9999008634356894,3.8483119087921835,23.124747456658188,-1.9264113158061145,,0.584846146856844,0.1282051282051282,False,4
-0.96453526206088436,0.16106378689736917,-0.20911763386051499,-0.10835566107667992,-0.96402617841282212,-0.24271913407765336,-0.24068813629628105,-0.21145208413503311,0.94728941573374215,-10.524062399238929,28.344527064814958,-5.885808348363625,,0.4184244369976565,0.3181818181818182,False,1
-0.26309358360347501,0.95771255892037499,-0.11648356430359108,-0.9629527009291875,-0.25326907036868124,0.092611412729570741,0.059193429026067182,0.1365336313176049,0.98886536266539593,-11.474941273709396,-17.93174969663281,-1.7879335922037523,,0.4024011070724975,0.2727272727272727,False,3
0.4124920486144551,-0.86452704934106317,-0.28712939728889214,0.91013674336871742,0.40451883345775896,0.08953000473671896,0.038748138020205006,-0.29825742964024632,0.95369863555756351,3.1699228109866309,13.579437077435751,-1.4326563531506804,0.1974747993749109,0.2537796730993868,0.8365384615384616,True,5
-0.025719365218258423,-0.957985436977005,-0.28566136734383013,0.99455819884775165,-0.053379787912053014,0.089468359475180767,-0.10095792865092751,-0.28180578557304503,0.9541451649828101,-1.9918490009206022,11.818552284717903,-2.7508220074285514,0.1597435442004119,0.1158693838154958,0.5254237288135594,True,5
0.9674600624725076,-0.015783691547677971,-0.25253099334897416,0.058132471907107193,0.98521955937329053,0.16113049226719528,0.24625524000650467,-0.17056756699157971,0.95407812146590609,-4.786323900074807,11.395634525305642,-3.4906101328307853,,0.08616882981281809,0.2058823529411765,False,4
-0.32167340019519397,0.91523648457386098,-0.24262811236899673,-0.94685033915026851,-0.31071332742108204,0.083256611833174399,0.00081170061165786178,0.25651394790108273,0.96654018833896249,-2.646188904946027,3.8669073638572664,-2.2250891964194648,0.4550710666662057,0.4231288673413736,0.9771968854282537,True,5
-0.94267653979208499,-0.18472010504879144,-0.27791981598364579,0.19704715251219745,-0.98024938648793269,-0.016839239200894141,-0.26932018307667716,-0.07063726410892146,0.96045667049937788,3.1263399283786892,5.9593977568461387,-0.91203432147863928,,0.09516151263987487,0.2727272727272727,False,5
-0.94411103937387664,-0.10356227804228871,-0.3129364151054822,0.11055038330344566,-0.9938597876869576,-0.0046190010063941189,-0.31053656480975028,-0.038956090480532959,0.94976284667838695,-13.696200090584306,12.260088360113441,-5.41245180980175,,0.1828112389138839,0.2857142857142857,False,3
0.95929282576657537,0.14458239948586443,-0.24259679344890095,-0.11259946891163666,0.98359246355072927,0.14095114489433749,0.25899543245701495,-0.1078971519787108,0.9598330951583649,-25.445721249039604,5.2905353677065774,-7.5183616810486908,,0.6576112454342434,0.6363636363636364,False,1
0.74976715004918582,-0.60582132358509633,-0.26613858156367659,0.64773816131318362,0.75415487457357122,0.10810041413213489,0.13522017262871552,-0.25343825489954191,0.95785414122805645,4.9027989088804755,-4.0643944948133512,0.51684346321348118,,0.06958793632683175,0.2181818181818182,False,5
-0.81524407126798526,-0.51356931497834346,-0.26762597589746961,0.51907503244807363,-0.85292273125785545,0.055533099973522605,-0.25678437443004493,-0.093644931610379858,0.96192120874438358,-3.3073846787495635,-12.322188815602665,-0.4517713424374793,,0.08688365647686626,0.4285714285714285,False,5
0.7888125723205599,-0.49515437536135498,-0.36413853175615352,0.60016432982058454,0.74830875049248513,0.28255404995749706,0.13258017559208973,-0.44142514483984885,0.88744934421243959,1.4732811044459049,-18.629546576627089,1.4995398649783021,,0.6487377405533596,0.4074074074074074,False,4
0.37036985534530537,0.92602254631667635,-0.072858863322703249,-0.91180874311032989,0.37741182494957021,0.16175639207090023,0.17728786263886642,0.0065236570582434539,0.98413741706101643,-15.117969840337445,2.1771464690148283,-4.8204541088244701,,0.1634354692147627,0.3402061855670103,False,1
0.35066643840044598,0.9104613365219737,-0.21930162716716753,-0.92050109058768159,0.37819256820989233,0.098224862319547371,0.17236818501810136,0.16742322434306106,0.97070009413007596,-18.568907994755559,10.215481492181471,-6.3777418350980275,0.2025401244814952,0.1620447443003528,0.4457831325301205,True,5
-0.14005160808651551,-0.84971096336230567,-0.5083078061709102,0.97224653245783366,-0.21518291026732583,0.091831341341629916,-0.18740925056170532,-0.48133937494327883,0.85626525033608247,-6.686636733454761,-9.0174567882968102,-1.6190995725350645,,0.3365078429852988,0.21875,False,2
-0.88861348767570114,0.41410959510822937,-0.19717837802387458,-0.41578605951773784,-0.90879525712119547,-0.034830063806042977,-0.19361823837526154,0.05103355634599066,0.9797487197721374,-13.32600372404119,-8.0625291060864228,-3.3165724318844161,,0.1590722731970909,0.2222222222222222,False,1
-0.84121509146246076,-0.44632918428717772,-0.30520063753102855,0.47380980854508636,-0.88043520262597741,-0.018388020649945935,-0.26050227488886235,-0.1600753361092728,0.95211052485897418,-22.042667482443829,2.7077775924494181,-6.5202143257181309,0.8962771914602985,0.8579546866021361,0.8764044943820225,True,1
0.043716650373153497,-0.95390639249129083,-0.29690309672417059,0.99604482314102827,0.018605718060810322,0.086882320119796838,-0.07735350524771753,-0.29952699647893571,0.95094690367349055,-14.975105245543485,17.378351937157408,-6.2195005071852671,,0.1010237260482777,0.6,False,2
0.5998259035593918,0.77020368164114894,-0.21678370373618419,-0.76981329978952528,0.62938741403997378,0.10610827731725754,0.21816592054287665,0.10323648499679228,0.97043591198965085,4.9475240006115984,-12.852367668661167,1.6988040001237361,,0.07892800382235823,0.2727272727272727,False,4
0.55436289307224029,-0.77392039721204087,-0.30615192562473548,0.8297778518631026,0.54242153904615675,0.1313300823735925,0.064424369162852671,-0.32684261160068556,0.94288037836197081,-13.657641308685076,-15.213274833682425,-2.5900905642414012,,0.1567771028601315,0.5,False,4
-0.11970545310934887,-0.87562061004098712,-0.46793071257113938,0.98567525811750401,-0.16121827640674896,0.049527294368139324,-0.11880610266681071,-0.45529903868104726,0.88237627764193527,-7.7705844654172216,21.229780111393758,-4.8393732741775715,,0.4777605188894827,0.4375,False,1
0.68926326667477922,0.71727566269433485,-0.10213605102614853,-0.68856049281415643,0.69237547918499454,0.21564007873972821,0.22538987765278959,-0.078305935469494992,0.97111666833697652,0.65137245169032143,-12.124551261356464,0.5725600657085399,,0.254857884218782,0.25,False,3
-0.94734758677189213,0.27231062616488977,-0.1684620809415551,-0.22718896060900667,-0.94235412048310541,-0.24567028266746604,-0.22564956462371588,-0.19446242435545016,0.95460287004540767,-2.1896271723437657,-15.643037561297964,0.19897970302218837,,0.7490714976392309,0.2115384615384615,False,1
-0.64374389334248483,-0.70688533325445879,-0.29309883216074373,0.72959909471662265,-0.68248691413960882,0.043551957669872167,-0.23082235761066083,-0.18580833581388737,0.9550896824744417,-6.2783774921421154,16.303992214068344,-4.2023683760440367,0.2044943844981175,0.165346881567392,0.4285714285714285,True,5
-0.82791596041647164,-0.46039258814252876,-0.32030271193215837,0.49177023493777205,-0.87049759069023458,-0.019899262090470451,-0.26966126625253389,-0.17399025658329401,0.94710622007099066,-0.93000465805025945,-16.644658054884257,0.5676738474224684,,0.2372540292125084,0.3333333333333333,False,7
0.34234161356393156,0.92771046208235641,-0.14884729814606976,-0.92291951928915517,0.36172324373143083,0.13181750968474276,0.17613001032623393,0.092247457891006218,0.98003501262716575,-2.7165651438896274,21.584068496298517,-3.5495069819322529,0.1934837053587752,0.1459555523902264,0.25,True,5
-0.22397032100327249,-0.93482448481127467,-0.27557299923436984,0.9637886299492292,-0.25444025365518869,0.07982251624993536,-0.14473690645539961,-0.24771624879530629,0.95796027474655909,-0.64704787338575642,-5.6789747490998712,-0.54700891461771639,,0.08601095609841838,0.3523809523809524,False,5
-0.37763547894728072,-0.80091010027352727,-0.4646874824224404,0.90851161943926795,-0.41743424729291218,-0.018849045886680682,-0.17888007822028806,-0.42929204565988366,0.88527411413022561,8.0994770195893828,5.1678016004587022,0.43010332003643642,,0.4591559664836403,0.1739130434782609,False,1
-0.89847565976600885,0.36228639177061162,-0.24797189184636462,-0.3916246562545318,-0.91666441828408129,0.079727491277638812,-0.19842282485025234,0.1687451172322838,0.96548095164467562,-10.813708948386967,-0.039747915716106696,-3.7389093572770702,0.3782548952598853,0.3478361137213906,0.9791006966434452,True,2
0.29461224109191597,-0.8621705069981126,-0.41214760009178236,0.95556772639620369,0.2614149877240618,0.13620765199950513,-0.009692660562941019,-0.43396338676879831,0.90087836652645059,-9.3167954708553431,5.9324752094014324,-3.8898929299496081,,0.7050681370872474,0.3872549019607843,False,2
0.54530752768681978,0.80362254776830722,-0.23839148677430369,-0.80987599896781759,0.5784532535260507,0.097430486917627207,0.21619566726455874,0.13993796555438814,0.96626952722960857,7.4974368505332292,-4.1519850798925324,1.1384724057975215,0.4876506607510898,0.4822700615511349,0.9567723342939481,True,5
-0.19891297248659212,0.96626807222020528,-0.16358374608865589,-0.97994462312818964,-0.19407701135572009,0.045195677507740881,0.011923295630831575,0.16929301896735527,0.98549363709271121,-9.3769132872021199,-19.814738471055925,-1.0316760246650121,,0.4748753353720412,0.8529411764705882,False,5
-0.97465144272077386,0.058827197658492682,-0.21585626240154013,-0.061786622262621639,-0.99806496201097772,0.006981755896748168,-0.21502785519948345,0.020141807805515173,0.97640018899354775,5.8112512825421527,16.248041242687922,-0.92244117646086221,0.2904596515617799,0.2553547458731427,0.4146341463414634,True,5
-0.38738063313704402,-0.8812912954486356,-0.27066935112200907,0.90405831529295955,-0.4206466954043363,0.075729255872933249,-0.18059570210832759,-0.21536483048974783,0.95968910703838017,0.18464766166997482,-3.1516352859051184,-0.67351515825975983,0.3362481732328815,0.3000035862182165,0.9201101928374655,True,5
-0.9672067778221427,0.054317671774323839,-0.24811416619759113,-0.041393124699917988,-0.99751469206405552,-0.057017965098118489,-0.25059460920475929,-0.044877941679293584,0.96705134930268566,10.04694108529759,-18.637997309110155,3.6179161310664965,0.322566113193287,0.2445683506518014,0.2580645161290323,True,4
0.89786591501055935,-0.29587016751182937,-0.32603319254145446,0.39321951508615888,0.87198742034614052,0.29157563635099815,0.19802831014190123,-0.38999843940021811,0.89926970684424701,-13.076083565965492,0.94445044695918767,-4.3118238488121197,,0.07820931059121838,0.2713178294573643,False,1
-0.8892490302048256,-0.37967947895754073,-0.25510714521217753,0.38431754098225812,-0.92259437785846743,0.03346104656607482,-0.24806489064986004,-0.068286947526427388,0.9663336394974541,15.317645862451188,12.606208902327905,1.8546939071868753,,0.2434289857875155,0.75,False,5
0.72096266660769748,-0.59972832212602423,-0.34718694243565851,0.68521018226610286,0.69174617665618066,0.22797858057372378,0.10344002840666423,-0.40226007348661835,0.909663121051837,-4.8524347055522767,-10.819633451475308,-0.98685058405103798,,0.5524243247637076,0.3478260869565217,False,5
-0.62649257444544471,0.7736779271273142,-0.094496133469575666,-0.77457194188045719,-0.63150876351597318,-0.035142402508410095,-0.08686403753139256,0.051177599382032146,0.99490476544503315,3.229143843712639,-12.426201673412464,1.2943991086109596,,0.3452659956633513,0.1666666666666667,False,5
0.53808403870978971,0.81117884850315003,-0.2290293497062463,-0.81394074375647463,0.57065518696472206,0.10887204987238955,0.21901149042668905,0.12783400694401473,0.96731196298284217,13.842812942946475,8.1481711334710401,1.8254856834406341,0.5821752365874682,0.5338465459775028,0.8970588235294118,True,5
-0.65877017658988346,0.73945634549209427,-0.13865845645762079,-0.7424348921708418,-0.66877128863685065,-0.039184108797778922,-0.12170573249852998,0.077131553896458954,0.98956477204401017,-14.621127096211678,5.7220135506729246,-5.1144297001849717,,0.3310921717851335,0.7023255813953488,False,5
0.45900661991097158,-0.75995161313582771,-0.4602026385953899,0.88715043572930785,0.41988209358219719,0.19147619140334671,0.047718206831405818,-0.49615781076315357,0.86692006526294629,0.39622850427290535,6.9184568772616926,-1.7753040742747546,0.5041726440549192,0.324009967381298,0.2446808510638298,True,5
0.0086133243496540144,-0.88696736558588218,-0.46175177642244902,0.99592204120449213,-0.033861959928683884,0.083622099428713875,-0.089805893385262639,-0.46058903596962431,0.8830586851720823,15.712430571370929,-4.9318415765973258,3.3557708078008837,,0.3385183729563845,0.24,False,4
-0.77573563384716282,0.61611342327094454,-0.13652280412113416,-0.614269942552364,-0.78678544721951071,-0.060341509098698662,-0.14459136923224236,0.037052796236603389,0.9887974647189347,-9.7191054132223194,-11.797666278563067,-2.0574353825898939,,0.3606948220511259,0.4888888888888889,False,5
-0.2803306416958391,0.95954581059969157,-0.026202455743319697,-0.95981974555109262,-0.27984114145453115,0.020856452230942353,0.012680196238050945,0.030996337041765493,0.99943906253125736,-6.7969437991246142,10.959767155674459,-3.8561485773941717,,0.07859101997164426,0.3636363636363636,False,1
-0.79481690057872501,-0.55078760024015372,-0.25475304507723151,0.55093323565934893,-0.83093122852331802,0.077626434354863036,-0.25443793820959498,-0.078653117461561034,0.96388537841033195,-3.1497991917743633,-2.6835745443993448,-1.5635929441667575,,0.07160645656412895,0.3412322274881517,False,5
-0.96749750655043698,0.18445414616376743,-0.17298914064669732,-0.17043862283139671,-0.98099113754397704,-0.092774263174171534,-0.1868134113655231,-0.060274837396455172,0.98054459016956841,14.889644424334836,-16.468171016718479,4.5565013984073062,,0.6622730721600246,0.2,False,4
-0.17958179541439043,0.97901956448695016,-0.096286401467322563,-0.98093874640666856,-0.17082490213455262,0.092617647394187125,0.074226373708119395,0.11108350535746955,0.99103526692224231,-1.4859494822800352,-7.1788305314286474,-0.5494775853975058,,0.223203624584487,0.2363636363636364,False,2
-0.19564933621698674,-0.82941041050462772,-0.52325873923365673,0.97102937703374503,-0.2384916119949525,0.014956602070821959,-0.1371979816735962,-0.50517335831830279,0.85204259979774377,1.8375405154123969,14.346944620947342,-1.9075039046722972,,0.167205322035249,0.2,False,2
0.48485368870770795,0.84579847337275071,-0.22257996986892814,-0.85116904240758584,0.51483795721808201,0.10224059396573219,0.20106755529792075,0.13988145069249258,0.9695385592944108,2.5118079175640444,2.3959142940185139,-0.7435648917220854,0.4988413324169432,0.446136983504409,0.9611231101511879,True,4
0.2529434105929359,0.96722778157675349,0.022137063575037474,-0.96244677409550838,0.24923016150475347,0.1076128878409244,0.098568950845397713,-0.048525716299980676,0.99394638526774226,7.5677418438462993,13.811021394545499,-0.29045035440528327,,0.2932984339733338,0.3655913978494624,False,5
0.89283702099207074,0.36632848704348286,-0.26200285022578612,-0.34767915503681379,0.93040106547174051,0.11607352205363512,0.28628876872642095,-0.012541808062686816,0.95806129446483079,13.732425170660086,-0.058695708813331457,2.3636955092060554,0.4229782955947691,0.3816735515415884,0.3636363636363636,True,5
-0.95915616737922271,0.14036309677606104,-0.24559651390407689,-0.14264251025942121,-0.98973712382353729,-0.0085755461868977229,-0.24427967751184745,0.026807215240432017,0.96933421087144234,-4.3168641180711012,17.157648215756414,-3.7196813822856716,0.3822888315838942,0.2993682447009228,0.8333333333333334,True,5
-0.11079654730448386,-0.94946261655913122,-0.29367476034227558,0.98576714419513634,-0.14258270699903264,0.08906912534763653,-0.12644074711409409,-0.27962637826484782,0.95174672368635627,-19.40185117360776,8.5167045697659365,-6.447324767376009,0.2734431502731769,0.2580754063116855,0.856,True,4
0.49783869868071379,0.86715045131784141,-0.014377930141626472,-0.84149714428781797,0.48698963853763255,0.23393086182125172,0.20985515540805999,-0.10436084867540152,0.97214691637242234,9.9801798443820307,-4.3835968211203413,1.7513704871489297,,0.5644092072516681,0.1578947368421053,False,3
-0.82473134383713809,-0.501633842536791,-0.26111625478771161,0.50297608821586026,-0.86171434050893636,0.066809056604017536,-0.25852130507108773,-0.076235709369176313,0.96299265388751498,-5.8853050796745698,-15.057133485221643,-0.77430728573921825,,0.07371233274686587,0.2272727272727273,False,2
-0.83638465316563626,0.52104051301644327,-0.17022777606653783,-0.52088342612840477,-0.85220844292839359,-0.049205956817212612,-0.17070784496833283,0.047513720093509501,0.98417543053519851,-25.94409356670355,17.420168493949085,-8.6301474873143995,,0.3489364294380101,0.3076923076923077,False,1
0.41169734004833175,-0.75903855105843154,-0.50434688281404583,0.91095637779984984,0.35841129240335423,0.20420534572712398,0.025763888349883038,-0.54350880718243566,0.83900798480838135,-28.638154787289114,6.9405409528078135,-8.3800240169909781,,0.3907971178622361,0.3461538461538461,False,1
-0.87088527380673397,-0.39018957193017217,-0.29884935640472626,0.41744955281286061,-0.90817980793376141,-0.030745850414958711,-0.25941224088873061,-0.15153063854661647,0.95380488301263289,-4.8118567753389714,15.295340418202592,-3.8255792400413577,0.1460156798619793,0.1197780188421946,0.4666666666666667,True,5
0.49231169119130519,-0.82569537898419831,-0.27542029671122276,0.86895614547630129,0.48456822421082513,0.10054279349678169,0.050442204108520572,-0.28882655211962216,0.95605167581850192,-2.4744809591677606,-0.94542236629663723,-1.624301036807084,,0.09267515636588841,0.5972602739726027,False,5
-0.96703731421048877,0.17100858008430819,-0.18866610310840828,-0.13608028398453542,-0.97332306066647489,-0.18472784274584358,-0.21522311501149685,-0.15296498001959025,0.96451061458770593,-0.5405205755603919,-19.528642635637205,1.1001351871202492,,0.335888264682954,0.2352941176470588,False,2
-0.91827452149320155,-0.28036973613096183,-0.27957953115041451,0.31468343934579757,-0.94533183319947123,-0.085569025594696188,-0.24030446558050159,-0.1665549044657072,0.95630184963770104,-9.0967215551814302,22.18410494405639,-5.1959482265077623,,0.4525450373556184,0.1666666666666667,False,5
-0.39779107619753362,-0.87637352486647746,-0.27153582564868833,0.89912221464234809,-0.43127106947150534,0.07472956425367791,-0.18259655756406951,-0.21441713912374374,0.95952268738979918,-0.49716112920787292,-9.6490689119417787,0.0034506328480959428,0.4563037682872859,0.4305238961486521,0.9816176470588235,True,5
-0.88898091975243354,-0.33927085742812857,-0.3075844755771977,0.3741673160779006,-0.9253713184194845,-0.060718552565465739,-0.26402981629955669,-0.16906569239963293,0.94958151190840645,-23.096422596122064,8.9958207339695395,-7.2971586086590099,,0.5197492267018533,0.6031746031746031,False,1
0.94360094437219555,-0.20498939481468229,-0.25999347259770145,0.24944830837200024,0.95651562511909582,0.15117341152918901,0.21769887282723543,-0.20750230581016785,0.95370330493986233,-14.678213508530488,14.810293376803969,-5.9092577456662276,0.2645491868581473,0.2929923196717551,0.6862745098039216,True,4
-0.8161351871835848,-0.51025681566246928,-0.27122193552663143,0.51745773703509668,-0.85424505528218364,0.050028750818467346,-0.25721750839189039,-0.099515665078098808,0.96121578523281237,5.771532526948695,7.4233797906709853,-0.31550428485760529,,0.1088075053099234,0.3103448275862069,False,5
-0.9301892441455496,0.30051144587053891,-0.21080996413056374,-0.29478622644994579,-0.95374946621727241,-0.058847569071876063,-0.21874425883056339,0.0074044980293257734,0.97575413021805957,-29.064346375047752,6.055783505943098,-8.3976403077085457,0.2669386690577702,0.1457886020131919,0.3,True,3
0.92198370683457731,-0.27872377768130996,-0.26881052822877344,0.32631480887667963,0.93298962363299986,0.15181899650876907,0.20848186933004142,-0.22769149731207211,0.95115292787881323,-5.6717404174470438,-11.864648644563152,-1.0710432646122214,,0.09414698013311704,0.4893617021276596,False,5
0.13481280159083875,-0.94992274166325164,-0.28190830672081924,0.98950128739997156,0.11410829807386144,0.088693283536492085,-0.052083689971303936,-0.29090562246484192,0.95533303515439871,-6.0585629340231311,-1.4319834076469418,-2.4797524642080613,0.2455012257949278,0.2196140882832854,0.687089715536105,True,5
0.9727719635497839,0.029088398720843948,-0.2299316680915339,0.012488981339775227,0.98407202248879333,0.17733098967724395,0.23142759618635117,-0.17537422733877764,0.95691438912200222,12.810737837826727,13.539509748421491,1.0938345756018675,0.7390036653352929,0.4215647131281848,0.5263157894736842,True,5
-0.96544194453695253,0.15021507018455388,-0.21297249685853065,-0.096837609161995825,-0.96543979257534041,-0.24196794077702,-0.24195935439758423,-0.21298225184632757,0.94662253893406278,-13.270612847807005,-6.6481284576405359,-3.4873815133712056,,0.292675450738728,0.2677165354330709,False,2
0.90121197531115682,-0.34648997074722487,-0.26031072918216308,0.38480236454011896,0.91607316931912264,0.1128587112187211,0.19935926314093186,-0.20187780617295409,0.95890627048460753,-2.2782183064600674,6.5691883413295269,-2.4246974500585399,0.2840299948909411,0.2519912078113375,0.9405204460966543,True,5
0.22507155652607805,0.97332040900384897,-0.044611387105837924,-0.96242190468261879,0.22922494041196484,0.14560221179710714,0.15194364688925627,0.01016405970611961,0.9883368960330694,8.1301689499419556,-7.9372394921824201,1.8742937496396894,,0.3888212366688963,0.1379310344827586,False,3
0.85548284828623433,-0.44075074366359823,-0.27182324817435471,0.48570125599096386,0.86498792367745858,0.12605626450501853,0.17956443472155545,-0.2398638652489038,0.95405552245714942,-6.2501163495184793,-3.4801332716507818,-2.2622162592226802,0.3058111697181487,0.227155340700179,0.7657657657657657,True,5
0.81669274489794164,-0.42236772364547903,-0.39321554706496753,0.54235897176690617,0.79455730445630368,0.27299347186164885,0.19712865386597067,-0.43621576766282633,0.87798411025901935,-14.999433854612835,9.6265719593479293,-5.5054637391526873,0.3668643104629277,0.2884045953903451,0.265625,True,3
0.87611260125877688,0.42730291021445332,-0.22324635011090349,-0.40224307630527179,0.90314653936116707,0.15008942669095948,0.26575781734513954,-0.041695939397121434,0.96313770103643093,1.4366947095055187,-5.4015795704673275,-0.059580380201590108,,0.1169386815258939,0.2336448598130841,False,5
0.047714102810225832,-0.93827050377775256,-0.34259571820683321,0.99564168725956292,0.017160110854979413,0.091668757962426753,-0.080131111211216521,-0.34547647146525839,0.93500000678073192,3.0621939316500439,-8.0339260147123532,0.76553258243371525,,0.07341111049009083,0.1515151515151515,False,3
0.87356597964667393,-0.3542624166286012,-0.3337373508740209,0.44946639857640835,0.85025622769876019,0.27394215413153672,0.18671485145723962,-0.3893102714082135,0.9019839670533859,3.7740465989146781,-13.447887659071238,1.5022893433866864,,0.1892444617290755,0.4,False,1
0.71438006214179284,-0.57448934726216316,-0.39952861811962948,0.68833140375682145,0.6796753685246435,0.25345861994229396,0.1259404836279836,-0.45607387921605702,0.88098559084718653,-0.063982370559580115,19.886164722201286,-2.7482731792657833,,0.2794707095810538,0.1333333333333333,False,4
0.72136401801011885,-0.62993309073519343,-0.28778160941433217,0.68138201132173382,0.71989310218421732,0.132183493957197,0.12390523866021647,-0.29144162815972319,0.9485300570926386,-5.7319113952167067,17.732623164121151,-4.1244835328344047,0.1300522673362853,0.1613882851594846,0.4615384615384616,True,5
