axis_00,axis_01,axis_02,axis_10,axis_11,axis_12,axis_20,axis_21,axis_22,location_x,location_y,location_z,dbh,dbh_approximation,score,reconstructed,number_clusters
-0.9375799634170735,-0.34383879811628293,0.052141088488710796,0.33138782821096857,-0.92879012942173078,-0.16592469015303699,0.10547947436565656,-0.13828874284884399,0.9847590081277906,-26.742879136759242,-10.117456921824353,-1.0867277849988519,,0.5209542059115391,0.967391304347826,True,2
0.9275966143951222,-0.37201267927686699,0.034221154567818338,0.37357551235763997,0.92427073547143268,-0.078517158110982921,-0.0024202333430068529,0.085616435386816958,0.99632523227218406,5.029367473087528,-8.21053718811471,-3.8278200823914514,,0.1292334229062889,0.3555555555555556,True,5
-0.92071411172200135,-0.38837884412812607,0.038044683066983477,0.37254763014612319,-0.90380979484641177,-0.21056143524443263,0.11616276403595904,-0.17969342829772239,0.97684005040648181,7.3405281332444074,15.626939428116483,-0.79938696647049456,0.5199903509007474,0.5066237842636525,0.9083333333333333,True,5
-0.17462131346019524,-0.98440067088692895,0.021510835474253261,0.97415266086068519,-0.17590034388950915,-0.14172389480112399,0.14329686048020679,-0.0037931750442865841,0.9896724819856314,-17.340720977780318,-0.42100892982722982,-0.49037684681820887,,0.07784175292247705,0.5,False,2
-0.32690863036895329,0.90002666445348323,0.28824078591176328,-0.93912535317105372,-0.27526317684598156,-0.20560582312765574,-0.10570864875514249,-0.33790854790223013,0.93522376725197032,5.265798819567733,-17.951902360755309,-5.2322627373211743,,0.3500436695017718,0.3,False,1
0.77447943324307833,0.62016332979562017,0.12481607212329343,-0.62257971177228544,0.78220648212825317,-0.023399183876354021,-0.11214325647588752,-0.059585767540159568,0.99190394007365035,-7.1630303772676767,27.324170981873692,2.2957383059404877,0.6990339085950625,0.6458686761131098,0.7931034482758621,True,5
0.96103318722256892,0.26327441036290444,0.084272165659216275,-0.26637124352003216,0.96347253850676562,0.027695273403964715,-0.073902460597879527,-0.049063758431184303,0.99605781655794678,-9.899020907782889,-15.486770799460826,-3.3111935379297495,,0.5685276136873899,0.6075268817204301,True,5
0.9948676567792879,-0.077281551061196094,0.065313913985184338,0.076864247765099009,0.9970020062305005,0.0088818347126202735,-0.065804505240855599,-0.0038159452213798323,0.99782523803122614,17.576946279744103,0.30175066215982527,-4.1337900650195332,0.2844999004445025,0.2308611128994128,0.375,True,6
0.97066327006050646,0.22621985719017293,0.081470193127926194,-0.22123104704578275,0.9729919899216809,-0.065904562598308167,-0.094178766070014658,0.045947402114867947,0.99449444254878783,0.058325918676985583,7.8686980773441952,-1.0299444713487105,0.0908166662210536,0.1488638759118769,0.2653061224489796,True,5
0.76047854477938814,-0.64931070204448826,-0.0082459166087227448,0.64930860392302525,0.76051790998467994,-0.0032932452181239774,0.0084095066297585272,-0.0028497022701948344,0.99996057892059709,-5.6598413289059391,-21.196269514301235,-4.5113484592839113,,0.3440407607867035,0.5277777777777778,False,6
0.5822425719380957,0.77561621812519133,0.24374796328192941,-0.79814322842473417,0.60238023369775673,-0.010268445353678768,-0.15479332783636626,-0.18856706030326059,0.96978424890587478,-5.7616762051862125,10.089173754043161,-0.10142225174557461,,0.2850597300595186,0.3333333333333333,False,3
0.19270067918640918,0.97219718573242953,0.13303789044869874,-0.97050191590674006,0.20884762012776087,-0.12045207672895182,-0.14488781681854218,-0.10590233057357064,0.98376430963754835,-1.0908992112272087,-12.024891890054212,-3.711209709121388,,0.08925657959235274,0.2835820895522388,False,5
0.88818096054721074,0.44026897889044198,0.13152112966441068,-0.44079296140903212,0.89721183543234373,-0.026692462089180372,-0.12975417717241633,-0.034265851614898597,0.99095393683027289,9.4317372215843918,-20.091792213133971,-6.012947369168983,,0.1791918562384844,0.3928571428571428,False,4
0.82127086496981083,-0.57010037133069968,-0.022354707789131636,0.56938765060341179,0.82147228450910637,-0.031320745899775182,0.036219741744887748,0.012994321528628616,0.99925936468763943,3.5223856684033255,-11.270530220566675,-4.1082640542070266,,0.2177927715713646,0.36,False,3
-0.18585566989465371,0.96283140555010316,0.19599325104304749,-0.97973762961356026,-0.16644115899726458,-0.11140699130149176,-0.074644806163676719,-0.21272758419645726,0.97425619209462933,5.6157833557501435,-6.6165982778462205,-3.7252574352730337,,0.3008037795336455,0.3265306122448979,False,3
0.80546201191024924,0.58268607293935082,0.10820299335975256,-0.57892006307112531,0.81264872072075323,-0.06673542750779371,-0.12681682831240415,-0.0088880320341943389,0.99188633166474349,21.87402842189648,3.4454466060956479,-4.2773026175727997,0.4141729889428599,0.3598118987521611,0.9655172413793104,True,5
0.34810661268239956,0.92574539678076173,0.14770662323002304,-0.92530702069139115,0.36458694266664138,-0.10432295383190075,-0.15042840046350167,-0.1003584653939131,0.98351384065389291,-5.2761553698089845,-15.825671127991779,-3.8488236920248617,,0.7901488333796077,0.8317757009345794,False,5
0.032992095045548335,0.9839876728502126,0.17515644819226128,-0.98562078297823252,0.061090472698407096,-0.15754245874322656,-0.16572022757008745,-0.16744017983837686,0.97185420323719873,-11.057717369896494,5.6042653752023552,-0.22982631100962997,0.2749521465264004,0.1441119262403808,0.2952380952380952,True,5
-0.055283814390122733,-0.99846395451370418,-0.0036648879021851238,0.98796516462711526,-0.054170720592806573,-0.14488052496376205,0.14445945226878595,-0.011630329630462413,0.98944236925800333,3.0785777626371416,14.814682668275513,-0.39715138658472554,0.4554372407995514,0.4123270440628516,0.6448598130841121,True,5
0.84479043710867774,0.52542745061009366,0.10126752448395133,-0.51940831081878758,0.85069363708153256,-0.080841465111469904,-0.12862396363860007,0.015694902815015198,0.99156923409488895,-4.1855146750357664,-15.058266069457181,-3.8344853151859035,,0.07744454792954045,0.3055555555555556,False,5
0.10937648243409426,-0.97104905824844912,-0.21236881024562915,0.98596460706839983,0.1330991204036539,-0.10078897636264392,0.12613714242363433,-0.19836418684473631,0.97197791676489553,16.317364013142811,-5.0620472847517384,-4.7661599569439081,,0.5067962258585359,0.4782608695652174,False,1
-0.91095790841604929,0.40557547824561724,0.075261016071375447,-0.41246672441772864,-0.89789023582395799,-0.15383213467967993,0.0051855898764225916,-0.17117726443028752,0.98522660022950914,-8.1798115266813696,4.5970064853874435,-0.66274726203918888,0.3183525664184503,0.1898288514039843,0.8177570093457944,True,5
0.60315563294333763,0.7728111751429011,0.1973985056249673,-0.78431945847150719,0.61965805623168724,-0.029442832916173445,-0.14507332460409106,-0.13706487851165949,0.97988108950367048,-7.4426504968581373,22.061922152166119,1.7261875692425144,,0.1585524313687434,0.5333333333333333,False,1
-0.56443778212022588,0.79521461199557941,0.2214581472511683,-0.8211023317690952,-0.51328644869342621,-0.24965572765519717,-0.084858416663023628,-0.32275492630850855,0.94267083685931097,-13.377079649264257,-8.9025433051911271,-2.0537560442524416,,0.3169372563005377,0.7411764705882353,True,5
0.044667278858531799,0.98560402598703023,0.16306298831290217,-0.99021835751294651,0.065278073422109506,-0.1233141418275412,-0.1321833523698783,-0.15595985729814321,0.97887899367991649,-16.813479358290969,1.0582679646512987,-0.34434089179529015,,0.1075354248332713,0.3333333333333333,False,5
-0.77659334276013225,-0.62695642223860648,-0.061874264394901443,0.61680207668359754,-0.7366466681945314,-0.27732090515628049,0.12828865179526189,-0.25352974352462654,0.95878292171319568,7.7949942902843663,6.0126552667544164,-2.1178803867937557,,0.3220446695944106,0.21875,False,4
0.82370425378859868,-0.56693517598916354,-0.0097881825025894209,0.5670041204591465,0.82343110616445814,0.021622691394170696,-0.0041987704054667133,-0.023360642690510865,0.99971828566860232,4.5006742472336185,-1.3397042778217731,-2.8179160183755902,0.8196104242480651,0.6069864887038313,0.25,True,3
0.75064645897690874,0.64056893024172945,0.16186827741838528,-0.64635234344499359,0.76274811207019177,-0.021070492555343462,-0.13696182588077005,-0.088807449813209705,0.9865873986166056,7.2368765671677684,-4.5103649515983708,-3.5846971703329964,,0.2320426503086186,0.3043478260869565,False,4
-0.20934418569821053,0.93992977919908616,0.26964239668329421,-0.96898552486898548,-0.16237578414040818,-0.18628246648347116,-0.13130904199152127,-0.3002767305329293,0.94477077674519772,4.9401577315282132,-20.746623076717256,-5.5994693709062453,,0.5448378490724934,0.25,False,4
-0.9918048118364432,0.083789714178300445,0.096449463534004534,-0.11071542853829194,-0.94040205378027686,-0.32153704472334377,0.06375977651827934,-0.32958043182773739,0.9419720961125031,-11.962341308585328,-21.450311912606864,-3.9410078178258106,,0.4377697393668145,0.6727272727272727,True,3
0.28664882290361743,-0.95633265936448186,-0.057099010156283506,0.95307678943976981,0.29071439060252746,-0.084438004049015233,0.097350324905215169,-0.030215686810958403,0.99479139849085463,1.6708149870751532,4.7827432053141452,-1.6141653797031719,,0.4606152333899465,0.5333333333333333,False,3
-0.93446882368867323,0.34288805690158902,0.095894723463594012,-0.35499128551861325,-0.87656869679577842,-0.32497462516878584,-0.027371604990373069,-0.33772044686693597,0.94084839108553897,29.169144051507459,13.990269352238634,-3.6881966966941988,,0.3366035568761725,0.5555555555555556,True,4
0.45221391913688308,0.88501522701524382,0.11068251573765366,-0.879716351513541,0.46303348132486927,-0.10816254458857386,-0.14697520953740362,-0.04845661072885192,0.98795255182529285,-4.5580628706298096,-9.4888073106618194,-3.0109910245177334,0.4533779091279673,0.3542204370790216,0.9145907473309609,True,5
-0.84333669680141177,-0.53563562803814602,-0.043332318242462448,0.52450472198071452,-0.80289308286799743,-0.2832975363511977,0.11695303522362524,-0.26164321405093927,0.95805261655771135,3.6943486024867207,-13.817561343253551,-4.468896793475559,,0.3547789590158074,0.3333333333333333,False,4
0.90058299705800859,0.42628841568650033,0.085020303819193066,-0.41983472423549006,0.90370409476801072,-0.084010198343063308,-0.11264577105299822,0.03996368039888526,0.99283122156429537,-4.8293327467170002,-10.735784261589741,-3.1288365067671382,,0.1854429649863243,0.2909090909090909,True,5
0.82124249874372657,0.55587826027286391,0.12868612206907137,-0.5573025778108126,0.82983615771494434,-0.02803191242714774,-0.12237072780115857,-0.048696109751334225,0.99128910710876994,21.654366957996224,1.3235383332060873,-4.5920951516420931,0.6827614736909098,0.4481250097085783,0.7857142857142857,True,6
0.010552848595226838,0.98837533316735315,0.15166686577116628,-0.98991636960906693,0.031752908016314946,-0.13804830318592187,-0.14125940169252801,-0.14868071031182961,0.97874400525093286,-1.6978389167738479,-23.298275256875367,-5.236121458843054,,0.4981478417192823,0.875,True,5
0.87448568676946503,0.47047474863018363,0.11801819578650652,-0.47023085460660641,0.88197524538239513,-0.031664015989842198,-0.11898624715183477,-0.027806068295062221,0.99250647129109071,-3.272453510067054,14.271228557016586,0.17436783488868932,,0.1705057915503935,0.3846153846153846,False,5
0.60788584911456744,0.76722296045674199,0.20455738411080054,-0.78044189355711913,0.62476636382981254,-0.024030010567059251,-0.14623694891250916,-0.14503764881873532,0.97855957161426477,-3.2545398329911794,13.087005407937061,0.027724511212412126,,0.1671196204106009,0.3,False,2
0.99032987478441126,-0.13673723466740731,0.023444994455162828,0.13069753758618452,0.97623088779242262,0.17289131669614444,-0.046528408294289766,-0.16815523297099319,0.98466183273551866,7.2301545007913806,-11.93416314372439,-4.5756506960949785,,0.5868489453732556,0.3333333333333333,False,1
-0.69379406039333402,0.71168893734066241,0.11022095186419056,-0.71830541243230739,-0.67282563736163348,-0.17703953281502938,-0.051837594787785699,-0.20200128260936717,0.97801244654185615,-10.515066878292854,-14.28689585204557,-3.122859019561735,,0.1078556303517158,0.282051282051282,False,4
-0.42750432176324255,0.89449199465096896,0.13085918530650181,-0.89906704956410854,-0.40556561202560115,-0.16490898923463515,-0.094437785138360986,-0.18815048723729405,0.97758933038905971,4.5782535524248962,-5.3091296253422504,-3.4028774490072387,0.4818037016995133,0.3948871416890328,0.8990384615384616,True,5
-0.99233269100087795,0.10252912516707917,0.069018902218376019,-0.11560401132966341,-0.96750800399498738,-0.22486434748560583,0.043721195494260907,-0.23111910500456179,0.97194259931666926,-15.610170519335796,-0.15011221212401005,-0.62996273361943744,,0.5012988177164974,0.9336016096579477,True,5
-0.53552218320644307,-0.84403692246913975,0.028594838741059836,0.82581382408803283,-0.53044654450829654,-0.19146276756671798,0.17676967850540409,-0.078918546160141337,0.98108325020513165,-9.7411779286884581,12.258419272800037,0.58636307353659711,,0.2066937449958342,0.2666666666666667,True,5
0.77667880428777525,0.59194967296432877,0.21532677410748394,-0.61880098297473451,0.78091222697383567,0.085214067103192487,-0.11770887154167217,-0.19942837922469542,0.97281701420164168,31.47203352496695,12.313814101143095,-4.3087778564109067,,0.3168316020582834,0.3888888888888889,False,2
-0.55529332275361221,-0.83163630493203256,-0.0055119891371469693,0.82094612594765615,-0.54707113048678457,-0.1635867857727126,0.13302925992723683,-0.095363695958719311,0.98651354856195717,-9.1058063690913489,11.700195868754451,0.44365889483193588,0.8895828796341313,0.4470912873694507,0.7119741100323624,True,5
0.82424023259000456,0.55528721086918775,0.11083389565062013,-0.55421983042303358,0.8312547195409874,-0.043080979639489453,-0.1160535158702157,-0.025917266174352804,0.99290476722000309,-0.5872354372519385,14.543181325417528,-0.076330422075136684,,0.3589055911012836,0.1875,False,4
0.43499977232686798,0.86826713495674956,0.23851075537503624,-0.89843483010494907,0.43615802652254826,0.050803857670925767,-0.059917060424092908,-0.23638603650375306,0.96981007811642272,-9.9694892918923745,20.307587807452123,1.7333417588686366,,0.5736918871219135,0.3225806451612903,False,2
-0.96779019270001676,0.2109662066471632,0.13738778172228461,-0.24510315996366522,-0.91418745498258691,-0.32277815621303541,0.05750290331356897,-0.34605571344129993,0.93645013711630321,8.7491801908468911,-8.2443990249724237,-4.2548639559741863,,0.2962098456781205,0.3,False,3
-0.030781429966141596,0.97233193007668395,0.23156666712329427,-0.99217831826360692,-0.0016837349066499419,-0.12481726565009317,-0.12097391593579718,-0.23359748027347205,0.96477848694560153,5.7542242741709178,-9.3352422152355974,-4.0641842719510528,0.3077937868698183,0.2080305649956118,0.1785714285714286,True,4
-0.56366707725709986,0.81761115559892872,0.1174368947844892,-0.82280606832083292,-0.54328741825527094,-0.16682012798201498,-0.072592010241155414,-0.19065880364071056,0.97896865151211121,-5.7646894240201894,-12.686547968475075,-3.3173705272348157,,0.09833488036390055,0.5227272727272727,False,5
-0.58226222273797035,-0.80808715112713481,-0.089251667522065592,0.80271185764030495,-0.55400815886976396,-0.22074563078209664,0.12893555590251102,-0.20017521347301104,0.97123916021500323,19.49879227430942,-6.1213328083141176,-5.2809733474785094,,0.2892658778589657,0.5957446808510638,False,4
0.44540577559393085,-0.88829781374804562,-0.11198521847999648,0.88756245210587015,0.45451343991874943,-0.075169319173728155,0.1176715287543476,-0.065913026206275135,0.99086269699537433,9.8147692211979525,-3.1233102872003151,-3.695975838644816,,0.6600142067210623,0.2564102564102564,False,4
0.9787397022806047,-0.20509332882322015,-0.0023068705825886049,0.20479767334446822,0.97658838153087413,0.065825876762878155,-0.011247585179354327,-0.064898840753280063,0.9978284583516922,9.5469111554019488,-13.294535689200272,-5.0836878568113812,,0.2500004588336715,0.4705882352941176,False,4
0.2910717904704665,0.95040590542828751,0.10957110805021926,-0.94623410500054628,0.30288827201583207,-0.11357690438235202,-0.14113196422544233,-0.070620886445153228,0.98746871295832372,0.91028662798997273,-13.597668884480198,-4.1316475624870659,,0.09779043573660692,0.2,False,5
-0.82481898368043649,0.55327792182874558,0.1164353270156267,-0.56410101005175162,-0.79135461689797193,-0.23568606401919107,-0.038258262100693427,-0.2600796253671725,0.96482894538353592,9.5792229327055605,-14.423182046360953,-5.2533273262419957,0.6534333671351171,0.4629503200872588,0.7222222222222222,True,5
-0.96107666574610184,-0.27340940071803271,0.039735905140857973,0.25877280285194504,-0.94119667901693815,-0.21722211653429097,0.096789870660650687,-0.19848453593792856,0.97531308303077802,-4.5296050330435129,11.662248475411428,-0.041550290181839686,0.6724792997769649,0.281702036627863,0.8164794007490637,True,8
0.23718483922367753,0.96213000231858081,0.13434735085176,-0.95994394714802544,0.25335492191807385,-0.11966161403623142,-0.1491675915750722,-0.10058400557908982,0.98368281851690298,9.2718202568449151,-9.362749017318972,-4.5054494836835213,,0.07348369127896072,0.2,False,3
-0.84598930947417694,-0.53272128592118351,-0.02258583144109888,0.52024989384025389,-0.81542275786671059,-0.2538223274502327,0.11679955571238224,-0.22648125193827645,0.96698712830412659,6.9124784852644208,-10.163339171479672,-4.3062296402661016,,0.1934444982832839,0.2307692307692308,False,4
0.3141877978398388,0.92918150762580609,0.1946991360401617,-0.93731405407790469,0.3361750057917714,-0.091808112435365991,-0.15075938351092719,-0.15364924785736953,0.9765569706454762,1.903466685937796,-17.232401898156429,-4.7995116272655851,,0.7157891864739493,0.2909090909090909,False,5
-0.92142069074368371,-0.38479537659254781,0.054003970432108361,0.37223856269497119,-0.91400046924145184,-0.1613740830157942,0.11145565536218816,-0.12859105870707191,0.98541462162298965,-3.3934476162234368,-17.77726675610834,-4.324770209508757,,0.0703896167486977,0.2105263157894737,False,4
-0.95643956404966413,-0.28578136446148128,0.059601778891418877,0.27415164234014838,-0.94943302430968213,-0.15302878602527645,0.1003206724593044,-0.13002285982358797,0.98642273828243032,-6.082764473671582,-8.721509137803265,-2.7318053490672138,0.2847751174190764,0.2376370884928746,0.8626943005181347,True,5
-0.52146967104682973,0.82999920920396641,0.19791587834001906,-0.84648743980619712,-0.47402885693299568,-0.24239566218302636,-0.10737037034797468,-0.29393529137479862,0.94977557773178756,-0.13779962607008867,-19.188666703739305,-4.8145256760884276,,0.1976006020027944,0.1764705882352941,False,2
-0.63785232254294855,-0.76834894408154653,0.05276660644136702,0.75602641200613652,-0.63774146386204567,-0.14734276236117758,0.14686210871321892,-0.054089975040364287,0.98767696926902104,-19.32876987590436,0.74594146310540566,-0.158270207042426,,0.7152803920081834,0.9881422924901185,False,5
0.1306655408451049,-0.97225156494800702,-0.19404486824393741,0.98197848467784532,0.15387350763756569,-0.10973239848428926,0.13654586066761254,-0.17620964248151355,0.97483608357050344,14.23959057159578,-1.650042756658229,-4.0028214038427512,,0.4348033043406155,0.1111111111111111,False,3
0.098573781601540872,-0.99510253447216701,-0.0073590398721387479,0.98227541024521192,0.098482590229268085,-0.1594872968274717,0.15943095059734075,0.0084926620562753713,0.98717255162551221,-22.745958984041057,13.778810914532809,2.0105443689117082,0.3668204176403633,0.3446824173430184,0.9142857142857143,True,5
0.93695106450263466,-0.34724348634765206,0.039302212615932447,0.3491980197607556,0.93466607421016223,-0.066783775842124193,-0.013544213618627357,0.076297384684483396,0.9969931109931307,-15.233269350643901,1.8576374545404757,-0.35019132299898437,,0.09592758382076819,0.3333333333333333,False,1
0.054884723134102371,-0.99415913338155837,-0.092926232467053713,0.98980644675467777,0.066420267463023999,-0.12598232428805056,0.13141866355039572,-0.085064478980173275,0.98767057731131147,3.7561154330679725,-15.921752285662075,-4.822799368578651,,0.5405645832626228,0.6521739130434783,False,3
0.016586889801649674,0.98567835919977309,0.16781849508308905,-0.99325492763371348,0.035507436276435149,-0.11038057211494942,-0.11475854572996551,-0.16485567680343843,0.9796188452697433,8.5267840219361783,-7.1398782059353474,-4.1112615172444853,,0.2088969290668827,0.21875,False,5
0.97081997096192874,-0.23205970762338496,0.060472109928698128,0.23644815087170376,0.96835125177009007,-0.079925747695293897,-0.040010697704882955,0.091892030628606763,0.99496482288376387,-9.4106201264959743,-14.270695548095933,-3.2218876343975897,,0.2428963884132151,0.8993288590604027,True,5
0.5568962945486059,0.81903884299908014,0.13799235767520229,-0.8159724709120435,0.57052120815101548,-0.093244183537638969,-0.15509817481752511,-0.060670624758892011,0.98603429527559483,27.458540899167065,8.8969963617904479,-4.4072078743962466,0.3930689943829784,0.2164193025998626,0.2380952380952381,True,5
0.96451536092412737,-0.26198857667559833,0.032743002808167776,0.26262580067501856,0.96474984356783544,-0.016894619132860458,-0.027162609617026587,0.024894276999606019,0.99932100328746298,-0.44249805226917349,-16.260957005563533,-4.3803445350179846,,0.0951321575282446,0.2222222222222222,False,5
-0.94050950449874826,-0.33973973658582846,0.0043339741705443607,0.32476868637262984,-0.90266658963939095,-0.282344343489627,0.099835726567775035,-0.2641399994953128,0.9593033349088812,-6.882332760254271,-11.431967236904839,-3.0610195938944931,,0.3898422791365353,0.25,True,3
-0.41170317007006135,-0.90988450957091704,-0.051094804013272141,0.90065117373384773,-0.39769100342057701,-0.17512660862980872,0.13902504452833542,-0.11811877514276568,0.9832191983238876,-4.2880032737676013,-5.5788313064618205,-2.5132799060013449,0.3532088591665928,0.3000310646678055,0.5383597883597884,True,6
0.95422906746883041,0.28938975268767847,0.075501376390972111,-0.28204313975378303,0.95471513261222074,-0.094713688973973059,-0.099491477601827874,0.069083909853125208,0.99263732515154335,6.9684474797399183,-9.2376695990439721,-4.1750866865708982,,0.07455170796357997,0.2413793103448276,False,5
0.60309441090218563,0.77357413287971499,0.19457695772609557,-0.78193238844909407,0.62155261546828722,-0.047477216628897867,-0.15766696366975913,-0.12351278129784364,0.97973757783563165,8.5168156006151499,-11.250022965763417,-4.6579843552497566,,0.1470202562173457,0.1666666666666667,False,2
0.99315387188406412,0.089719374650237563,0.074805217559091905,-0.090258620365108039,0.99591090914342084,0.0038525963860199519,-0.074153679689413096,-0.010578036750577656,0.99719072244331697,-15.55026633024327,-19.359549184814313,-3.2925235603238736,,0.1448148274459215,0.2,False,2
0.2447144301440895,0.96076324966078253,0.13057115217576143,-0.95863199792651543,0.25993718763172396,-0.11600582329145112,-0.14539442984747042,-0.096781385541653886,0.98462877430124207,4.1928846977497827,-14.572539532152607,-4.6812199827744418,,0.1630932415835632,0.6111111111111112,False,1
0.71942818829886257,0.68881138827849286,0.089229777870800178,-0.67902742728388588,0.72452715098765796,-0.11824618589170656,-0.14609871620669548,0.02448017278459895,0.98896708047497339,15.931509719136937,-2.4255462899924605,-4.2783562512382716,0.2638382901192716,0.2507752246187765,0.7837837837837838,True,5
-0.79672011551848221,0.58405572005547579,0.15529318529380831,-0.603906180157326,-0.75957558835191108,-0.24154140669383645,-0.023116727623194347,-0.28622341177885752,0.9578840093944917,-9.8272768249156357,10.839498523244428,0.39048017629949494,,0.1604294663134372,0.1896551724137931,False,4
-0.18567387895584189,-0.97102533221112797,-0.150449376461854,0.97626178496225924,-0.16492071072411774,-0.14040686021899723,0.11152639999478389,-0.17294786317998029,0.97859639214830729,7.1992382143942537,-16.658289437287355,-5.314408448166331,,0.502393408784174,0.2857142857142857,False,3
-0.81178447462276315,-0.58363684955231099,-0.019338940149259728,0.55965542921443312,-0.76812053359506383,-0.31108945083439071,0.16670862998733002,-0.26336072925606602,0.95018385535298366,-26.028193958270474,-1.5319784430472552,0.071293874498665977,,0.2974452642878392,0.1555555555555556,False,3
-0.2759260517037303,-0.96107870424705444,0.0138758147145953,0.9496928794810513,-0.27482545641826289,-0.15018123440525005,0.14814941327653472,-0.028261152617983537,0.98856110514146922,13.503341737015839,-5.7265674501347048,-4.5217344148885656,,0.08405856044073408,0.375,False,4
-0.17220579863976787,0.97527905974316753,0.13847714086203136,-0.97760917017345594,-0.15194732455360957,-0.14557582544422545,-0.12093582309476068,-0.16044552404938953,0.97960796265899641,-14.078046191552287,1.5950187419843407,-0.528059008982113,,0.0729066663164995,0.2,False,1
0.69545806227799756,0.68849365975275145,0.20570504148609015,-0.70473633983902684,0.70942218786875932,0.0081762258893668394,-0.14030244090116065,-0.15065404023710868,0.97857988188875544,7.9813507842954809,-28.718339412738878,-7.0109947611456436,,0.5838381321235793,0.4324324324324325,False,1
0.36726034759567344,0.90012814632811211,0.23428435131656233,-0.91647774686110683,0.39318643444598811,-0.073979505783970501,-0.15870846414824558,-0.18754665541024179,0.96934920201758956,-2.5994795344919961,-15.949063627063037,-4.1520167740920728,,0.2157156567026379,0.2580645161290323,True,4
0.531640000797728,0.81263513194360137,0.23871123116183277,-0.83409412649998649,0.55129117176515174,-0.019105812519527879,-0.14712544881840503,-0.18895022165854214,0.97090262953870476,-10.80109640707181,36.097458219044903,3.7433093679554825,,0.2642057412992749,0.3,False,2
0.96551749639032725,0.24843872875448675,0.077808497087452716,-0.24301637640103471,0.96727839101668123,-0.072907853301897377,-0.093375612260719387,0.051485068971838049,0.99429889002648508,16.780847234145615,-1.5723152568502075,-4.2633128391648629,0.2325579136548824,0.1862581513525923,0.7692307692307693,True,4
-0.17379237956907856,-0.97512594494923099,-0.1375703466979227,0.9731870767970866,-0.14868793811153128,-0.17549589914093081,0.15067555328871246,-0.16438153347323042,0.97482079845176151,26.059953916438317,-10.91709512994214,-6.8148965900235305,,0.2607242670161355,0.4090909090909091,False,4
0.88593686530688864,0.4503377231384797,0.11095857699454159,-0.44819897879022086,0.89280325867423005,-0.044944596027544997,-0.11930442616100556,-0.0099134463798419281,0.99280822794700241,13.074915698010768,19.341494377103167,-0.90488447028741936,,0.7438853213539542,0.9090909090909091,True,2
-0.85698737070444531,0.49558461383052232,0.14131007390675399,-0.51493100857525842,-0.81260139632123651,-0.27299272353753873,-0.020462230102008275,-0.30671625524453017,0.95158101909822868,-0.58424172104093586,-25.130013856990402,-5.605019628555068,,0.3197017428492988,0.35,False,4
0.725933644520809,0.65788704755987015,0.20051178620144336,-0.67157456933908832,0.74093690026691339,0.00032808516796886678,-0.14835073835257614,-0.13489678452734255,0.97969123500949518,0.40100273661117403,-21.91706425200438,-5.2960495555994864,,0.6236902759837215,0.813953488372093,False,4
0.75907092467914983,-0.64143709298215201,-0.11121954438563053,0.64986188118895405,0.75672750576655901,0.071014205578019976,0.038611742829029266,-0.12618216103288704,0.99125536344212362,4.2021178046857974,7.5280269557937034,-1.496649332086847,,0.4043005062810567,0.4444444444444444,False,1
-0.7470002342728016,-0.66450117951069709,0.020708269490044062,0.65457691474235269,-0.74057763207901506,-0.15190073584621805,0.11627429932174563,-0.099914730110889582,0.98817879658698704,-0.51964221838020597,2.3011333788375459,-1.7303651062325722,0.3830793035332917,0.373577591604029,0.4584755403868032,True,4
-0.11352543288541087,-0.99278978911573412,-0.038476105776375502,0.98358439720796165,-0.10683688121427594,-0.14542219356568883,0.14026300174040923,-0.05435361478265692,0.98862124946959717,-15.830179292637922,2.4421467293537202,-0.22384158739678608,,0.6400085388341283,0.3220338983050847,False,1
0.62453472709595714,0.76502330423235032,0.15714871502049907,-0.77306927319398044,0.63414835130141178,-0.014824553451340761,-0.11099672740449879,-0.11222839446021257,0.9874636772977391,4.3114175088619184,12.153977365072532,-0.8982326753377019,,0.2010968773267586,0.2,False,4
0.87990996472453109,0.43860917093075252,0.18270317226012189,-0.4599502275167629,0.88274198299656537,0.095981142223716662,-0.11918155136493216,-0.16848912911736813,0.97847185507990886,10.405141503516344,-1.7103166228275271,-3.5286932697628357,,0.2168038638764901,0.5,False,1
0.86128775398906365,0.49035457477955235,0.13317580794287981,-0.49920550778653727,0.86547333150412342,0.041830293457494144,-0.094748434414824015,-0.10251001632971626,0.99020928632689653,1.4060269231923486,-4.7880812062022384,-2.9915379487082991,,0.2076910856615932,0.2292993630573248,False,4
-0.45573172621607089,-0.88082580339459304,-0.12827508641348973,0.87606018399721453,-0.41834264895369666,-0.23980821937783869,0.15756632804912804,-0.22166490958352525,0.96230843294883406,2.8593050837276537,15.918294329694495,-0.21283825784483018,,0.4960842894813656,0.475,False,4
0.83321944802646641,-0.54076006377615982,-0.11542922011031238,0.55255643681261779,0.82209209857356924,0.13728060897246105,0.020657578934019094,-0.17816603180098467,0.98378357861110688,8.7452428030679723,7.3930793268515886,-2.0349254161337806,,0.736180975381618,0.2459016393442623,False,1
-0.087521696553052045,0.98231052408323105,0.16554753670110295,-0.98792826395272659,-0.064267807516818959,-0.14095174422593451,-0.12781900451743328,-0.17588542632153659,0.9760771582676564,22.474929577677067,-0.27806504367946128,-4.8736400901259715,,0.0676778205832128,0.2,False,1
-0.59068386462858957,-0.79576362966374936,-0.13361443698870895,0.79305780447588314,-0.54199071183487224,-0.27803846324676185,0.14883511288444812,-0.27019680603053797,0.95123172528231514,-11.59963909811985,-11.345365175361115,-2.6225922375712876,,0.6781709975883268,0.2545454545454545,False,2
0.85054071699140832,-0.52337330744623212,0.051583619420636516,0.52566751807691392,0.8430772168079117,-0.11355380635753208,0.015942056912421787,0.12369796907070896,0.99219184801588833,-13.923921627153137,2.4388459601562738,-0.39744126854775708,,0.08125647601683837,0.3513513513513514,False,4
-0.45569251845158698,0.85587497320367245,0.24458609705145379,-0.88760529887025219,-0.41619614838901037,-0.19732612468602281,-0.067090700135718578,-0.30701595448732966,0.94933663241525301,13.619974392508229,-7.2846637670823551,-4.7239999955341609,0.8053411460005541,0.4971419397303133,0.3,True,5
-0.0083651903475716258,-0.9987618399166095,-0.049038869449016642,0.99088726993484744,-0.0016863348609619418,-0.13468323784273237,0.13443378247863971,-0.049718642390209247,0.98967449938217578,5.7375688095581818,6.2706908749180794,-1.8756774097936451,,0.190321551144504,0.1111111111111111,False,1
0.62654574547493158,-0.76003473025485402,-0.17259095466939647,0.7761984422979068,0.62849571756422185,0.050091028914746427,0.070401754250629014,-0.16534915122209018,0.98371909160520454,3.623071147866002,5.0432730083716137,-1.7965777782200529,0.9186503711724371,0.5996482126960193,0.2226148409893993,True,3
-0.80883062970275255,-0.58802902042720961,0.0038579256167976805,0.57351028291339712,-0.79027570788812274,-0.21575509475913107,0.12991908192118617,-0.1722967691436566,0.97643988831643558,-10.884414355937901,25.495709799036305,2.4841946820289351,,0.1553710771290228,0.4444444444444444,False,1
0.81089864836512582,-0.58518502439892639,0.0013672230397802632,0.58458933873381658,0.80996324299269395,-0.047062193313940293,0.026432690335490422,0.038961932960099213,0.99889102541850971,9.1024136907945614,8.7403999588025396,-1.8885429542948831,,0.2562889335866094,0.5,False,1
0.98562867372294793,-0.15214980732793354,0.07339314453827106,0.14620990015241814,0.98597400877043218,0.080485521223288392,-0.084609589483478465,-0.068598033202397296,0.99405006272732588,-6.6167342639687607,-1.7483688403680537,-1.719363157722132,,0.1745438193827225,0.2926136363636364,False,2
-0.37965937510161096,0.91823860994204398,0.11267925323304986,-0.91974157852668026,-0.36151711466318531,-0.15290783019471876,-0.099670394936038048,-0.16168868549564291,0.98179559041380204,20.65725309972234,9.3849356137002253,-3.2564178523870639,,0.2284877053010666,0.6521739130434783,False,1
0.99535898127906097,-0.063312754074703534,0.072470639286449173,0.060984612719541136,0.99756281104345512,0.033901549146442916,-0.074440415088566664,-0.029324617551763618,0.99679420714954248,-6.1355664614799785,-33.036212857455531,-6.0998504885847575,,0.3643820836242699,0.2777777777777778,False,3
-0.97403203131410809,0.18516541234672446,0.13028956997618935,-0.22401254718373262,-0.87168470567670586,-0.43587171575312322,0.032863059479737861,-0.4537395111292194,0.89052820020583767,-2.9495750384746735,-24.33361334142748,-5.2426996096844869,,0.54322616725842,0.5,False,1
-0.039242643762642034,-0.99546687667547851,-0.086635514383452836,0.98989000681501982,-0.026902785355565256,-0.13926239459334491,0.13630036433655812,-0.091224654464018035,0.98645844975834729,22.980391534346548,-11.035931266743031,-6.4839730208405353,,0.2064578812003968,0.4117647058823529,False,1
0.68506553694539507,0.72225794961093581,0.095019283903451102,-0.71443449298402828,0.69160698854035874,-0.10612788811990652,-0.14236771166374967,0.0048195047404770708,0.98980210499356103,11.16978865281094,-9.084434365007187,-4.7152141431984917,,0.1108187483171378,0.2105263157894737,False,3
0.91357036203736586,-0.40662342253352268,-0.0068253830691097916,0.40665834184530031,0.91321547167729011,0.025816570199299116,-0.0042645767136806623,-0.026360852344879886,0.99964339584128903,21.695038379344581,-0.50271702579632294,-4.8353597186317288,,0.7408336078782018,0.125,False,1
-0.92819034216769392,-0.37123324528991425,-0.025466964839519921,0.35600731277573533,-0.86603878627158182,-0.35104930412044089,0.10826579310575844,-0.33490699942635443,0.93601058742859156,-11.544476936824921,-8.2148651585849617,-2.1466912181882849,,0.3165705078018499,0.3269230769230769,False,1
-0.99624156656625329,0.046013064575236809,0.073386231229102455,-0.066420884652113557,-0.94962405770955371,-0.3062717993894839,0.055596826596909565,-0.30999507561836642,0.94911118735621025,-10.72353024472916,27.086089008264931,2.6775777154713474,,0.6520401430061442,0.16,False,1
0.99573039928457807,-0.08364947476713995,0.039035077965304664,0.074526215014555974,0.97801554822448689,0.1947599309579929,-0.05446847910654351,-0.19101924720388677,0.9800738910824438,-12.869054141729872,3.9422894304170235,-0.27541429929962952,,0.2909546265402268,0.2857142857142857,False,1
-0.52976315533594287,0.84462864129703097,0.077158651810656925,-0.84452640304254278,-0.51691983169498745,-0.1398893926087745,-0.078269750303239197,-0.13927076470371894,0.98715626943575208,-7.8487194437635805,0.72139129495060705,-1.2458015680869092,,0.08665782868158306,0.4434250764525994,False,3
-0.49894608005937818,0.80936805240344445,0.309800201649443,-0.8625321686717029,-0.42903699522334299,-0.26826389010862928,-0.084208474632130187,-0.40106185617480522,0.91217230846027642,-6.322226421837466,-0.30738421288495482,-1.5838116595035068,,0.7139950421894001,0.3792509685751184,False,1
-0.51350869831367496,-0.84255544762389289,-0.16250887494378766,0.84531137435338077,-0.46415483011695735,-0.26459208995715772,0.14750422754956283,-0.27324094012134992,0.95056924602924497,16.936974534301587,3.1240831293000051,-3.6862213715806682,,0.1746667912703791,0.3333333333333333,False,1
0.016341819449704448,0.96215116322551708,0.27202588854897075,-0.99738958702408376,0.034824389682117554,-0.063255620929651438,-0.07033460480447018,-0.27028207670330612,0.96020864523287186,20.673269431283785,-11.09872453736355,-6.2259320013318256,,0.23676170364757,0.1621621621621622,False,2
0.99788197679887258,-0.0041651471835956414,0.064916961796704295,-0.0024216397924321956,0.99487767571271724,0.1010571423956735,-0.065005353938667923,-0.10100030652133045,0.99276041522711189,-1.19200528294595,-20.895220440211517,-4.960631034811902,,0.195288384831192,0.3571428571428572,False,1
-0.98594367438164787,0.12794098824897629,0.10745312686325617,-0.16169859094420638,-0.89256590692383841,-0.42092715222932042,0.042055161793457946,-0.43238548232231672,0.90070758742414547,16.02178720306599,0.36250653670034483,-3.9774738055550278,,0.2927752949909495,0.1818181818181818,False,1
-0.91653598145539994,-0.39947832529679483,0.019464385827840727,0.3831247375229157,-0.89090158332487268,-0.24394631443666503,0.11479211730595376,-0.21612828701330017,0.96959338557826036,24.171954783028792,-11.087305602713052,-6.6539937159988938,,0.1587038615663194,0.4,False,3
-0.40472782093778187,0.88249373164065859,0.23958339795131983,-0.90921876174730654,-0.36041016068831611,-0.20838848182977404,-0.097553238007000914,-0.30217433658000803,0.94824787691129686,26.959737616398122,-13.093183613877807,-7.1743511107747375,,0.4647377822225724,0.2142857142857143,False,3
-0.54792750440139237,-0.81472380172188796,-0.18973817968003986,0.82354536522488853,-0.48556449353435888,-0.29325782860023841,0.14679400988142247,-0.31694202865280396,0.93701615201466937,24.612452701756851,15.539723502814569,-2.8379957243645739,,0.5573051749047386,0.2083333333333333,False,1
0.43486682857231485,-0.9000143304262731,-0.029411671744473761,0.89569583255606822,0.43568603340915718,-0.08891937828104543,0.092842969303817524,0.012324176221667982,0.99560448860544426,18.906747865976754,-5.4734325895426164,-5.0930154130937639,,0.4251944893042845,0.7619047619047619,False,1
0.44437558114605497,-0.88932944174923689,-0.10781227629123194,0.89153383691080335,0.45081158456439602,-0.044003782401526956,0.087736882348349532,-0.076564085970706464,0.99319694935861713,-2.3180933536570505,-6.1223934292093523,-2.8196715002550543,0.713983270776489,0.6272658468145895,0.5762004175365344,True,2
0.79670133986260616,0.60023705762075485,0.070586469807653207,-0.59311359977499156,0.79894704294531593,-0.099498142348925483,-0.11611732352702341,0.037404508120203357,0.99253094155759503,14.64086440538393,-10.800065594581753,-5.3836197554497867,,0.08892491930478294,0.5416666666666666,False,2
0.85432656354275249,0.47751304076340073,0.20520092281985897,-0.50482893529207196,0.85628993358883865,0.10915720647898443,-0.12358749498676719,-0.19684726448521755,0.97261363631587172,28.261899766171229,9.4805697380621616,-4.4478151237906163,,0.2173440987858576,0.2173913043478261,False,1
0.80861351128976966,-0.58690159899847827,0.041118152349768705,0.58810022247547256,0.80431135541998433,-0.084978655359847804,0.0168023118626274,0.092896483439889113,0.995533990218603,15.827308948107587,-9.5562516764294543,-5.3081030643651337,,0.07522080854870236,0.25,False,2
-0.77153165529151269,0.58104963914959018,0.25907570655557532,-0.6351817055154112,-0.68061308833681511,-0.36511645397483478,-0.035820467077823194,-0.44625905125695192,0.89418664344172194,-0.13391294225195219,-7.6373434481564821,-3.2148876348652506,0.9748268914428853,0.3730474006851386,0.1919191919191919,True,1
0.48990255113642378,0.8468100852549888,0.20714287315875193,-0.86217719928184944,0.50579700318662835,-0.028633347794717962,-0.12901925216234544,-0.16456631209899919,0.97789158984705682,20.652430257368657,1.954684445079174,-4.331300641737263,,0.1845187958626535,0.2105263157894737,False,2
-0.93036924996036996,0.33136265586966157,0.15688164017240447,-0.36646521675593241,-0.85311131584354372,-0.37135471949030913,0.010784416359131285,-0.40298867611224864,0.91514142256215836,1.1790048276235285,-27.280444933581119,-6.143716975890678,,0.7466897061037566,0.3333333333333333,False,1
0.90301803188384611,0.39798041394824663,0.16177151852599714,-0.41758477715024261,0.90159133071589714,0.11294257952747709,-0.10090286410705704,-0.16954250939372187,0.98034379149534712,19.528986044733962,-0.62509321990892874,-4.5005450089150481,,0.4525277011070121,0.2173913043478261,False,2
