axis_00,axis_01,axis_02,axis_10,axis_11,axis_12,axis_20,axis_21,axis_22,location_x,location_y,location_z,dbh,dbh_approximation,score,reconstructed,number_clusters
0.094378328590513677,-0.95664042523353321,-0.27555730420634328,0.99528317577400438,0.084425207897756011,0.047788955760031671,-0.022452864264377512,-0.27876779060793039,0.96009603051252101,2.4088632016905178,15.080749374137872,-0.62864139657096474,,0.2861976285644231,0.1666666666666667,False,5
-0.25629520241287496,-0.94315991125494159,-0.21157067618579323,0.96284074766064665,-0.26838991275132879,0.030075727383070003,-0.085149655691788839,-0.19600060340443937,0.97689984113043282,-11.129642773667424,3.6186946290021016,-2.8616216883590577,,0.07370870245778545,0.2181818181818182,False,4
0.43857317316354116,0.8954095541744177,0.076780870498010606,-0.8920277640788048,0.42333960908042456,0.15833522506442074,0.10927048958355653,-0.13793225031443121,0.9843955782252205,-22.507589966088155,12.927902301374013,-4.8925724775211421,,0.2305318934998928,0.3636363636363636,False,1
0.21521511752384731,0.96626250742207731,-0.14148929266767132,-0.97304922107477032,0.2244632288044843,0.052834385398619454,0.082811029186822524,0.12630528755783355,0.98852886036774557,-5.2919914004925896,-16.19947088748399,-1.4448662522983136,,0.06886716689379323,0.3043478260869565,False,3
-0.88161109044748098,-0.41812007793614075,-0.21894630763426581,0.43620974347166364,-0.89896922033823545,-0.039691316239828481,-0.18023025523032637,-0.130498817278702,0.97492928655798972,-12.703973305553536,-14.452728143254879,-2.7487130144706828,,0.1858421281640038,0.375,False,3
-0.97933825564657029,-0.11976737529691628,-0.1629489393694237,0.13442848926439449,-0.98751603294681201,-0.08210399470843853,-0.15108131023136229,-0.10231256270604443,0.98321237645347825,-4.4577836115440697,-10.573220116217346,-1.5448794328171978,0.3381663554501609,0.2047159678748393,0.3939393939393939,True,5
-0.48308244895379593,0.87354827808431434,0.059537831407722341,-0.87485690415408934,-0.47881595893121165,-0.073216628758146163,-0.035450596140643595,-0.087456751190034099,0.99553732823262797,0.40699984284563284,-7.7446825392802587,-0.72254593400525768,0.5759162254657426,0.4138179564899582,0.2688172043010753,True,3
0.75489686769149467,0.64666055008808321,-0.10936568067427395,-0.62853098489164272,0.76095153929624748,0.16093960318645223,0.18729527538277968,-0.052753083345418589,0.98088612591719315,3.1652123965303103,9.2762611225922988,-0.44142272953693462,,0.2166873483066329,0.2777777777777778,False,7
0.85174415555878857,-0.48070998713165919,-0.20844616029883831,0.51658151726667545,0.83695921902685522,0.18067319033110199,0.087609528533762387,-0.26156676768626297,0.96120101776488742,8.7773857183488744,10.213277669893488,0.51023860234993124,0.5242130481686578,0.3652165198834336,0.3529411764705883,True,5
-0.98885868475926375,0.0078393913627115008,-0.14865075014691193,-0.0093861436356898458,-0.99990883698418553,0.0097065971680013671,-0.14856110488222543,0.010993710201469799,0.98884211907269448,-11.96968403069047,5.7220698753006252,-3.0287970128128059,0.8476651971972297,0.3672539693859465,0.8830275229357798,True,3
0.84599945783889929,0.52501012205439501,-0.09300155416291539,-0.51008538815405613,0.84772600383111285,0.14551123400019061,0.15523470658333682,-0.075663691219509374,0.98497573152998252,-14.142913377279317,-5.8063370064927255,-3.1879972066310622,,0.1368586507488133,0.25,False,1
-0.93285009904888327,-0.31896154801391774,-0.16749395091481092,0.32246788518465441,-0.94655756966320281,0.0065749781616792902,-0.1606398323238182,-0.047877951103354612,0.98585117845906112,15.314972219792431,-7.8471197267472688,1.8246235136885047,0.4980319507598762,0.3104643764079472,0.7558139534883721,True,5
-0.96501625666920743,0.24271079812649454,-0.099172036567525129,-0.22075004789721653,-0.95621467151821615,-0.19215337188477061,-0.14146745462305835,-0.16353889582026185,0.97634112319227995,-15.438516776768301,1.9368787172455884,-3.5392936971561539,,0.1819221199672905,0.1568627450980392,False,2
0.26900280494716977,0.95492768065062361,-0.12550145679543245,-0.95923163821926261,0.27735324583231058,0.054312441166567124,0.086672689872560105,0.10577476898345199,0.99060564458151179,-15.188303931784517,5.136664647622073,-3.5831434572682168,,0.0665307629778882,0.1791044776119403,False,3
-0.98794256939999769,0.020385717990532706,-0.15347280563454935,-0.023689633272302717,-0.99952465752262187,0.019729680172478892,-0.15299764979486935,0.023127505405792892,0.9879558885147407,-3.2777546982294847,9.5933589380019555,-1.6129519488846498,,0.07107643457605792,0.2653061224489796,False,5
0.27128907642636046,-0.92320593375006554,-0.27220036903061329,0.96249746122031188,0.25993942385453761,0.077653931456336839,-0.00093496320070089733,-0.28305882748086281,0.9591020936422634,14.341124504617948,-3.0860528953346984,1.6452352211723922,,0.0869715292215966,0.4,False,4
-0.98449322047577348,0.061419735503793191,-0.16431894269341779,-0.027468123630114322,-0.97912210668010202,-0.20140854598193736,-0.17325876895984046,-0.19377181503242807,0.96562616093266529,-7.0215688964422798,-11.459968035052169,-1.9290081366858622,,0.3966441287554408,0.1724137931034483,False,3
-0.61207353160241773,-0.76287307674248883,-0.20830425030035413,0.77984813802008945,-0.6259679451010336,0.0010066442214724178,-0.13115972529074377,-0.16182954145469802,0.97806355927118482,-10.484872860752136,14.735408784821486,-2.8717953963996612,,0.0703878881196858,0.1428571428571428,False,1
-0.97274773302065587,-0.16106501703081161,-0.1667930100215215,0.16858576031974676,-0.98517182473846587,-0.031864041785292146,-0.15918759160370496,-0.059114600822015709,0.9854769275072176,-10.274604951108882,6.4095217989425688,-2.7289006923429735,,0.06726519647263422,0.2380952380952381,False,4
0.97328271449968029,0.20076293579822652,-0.11142262456884872,-0.16957026585121782,0.95566550866087319,0.24072673406811584,0.1548117650415522,-0.21540120511647848,0.96417614481954883,4.8095175528289094,14.244271733919422,-0.22746964765504749,,0.1561021652795571,0.1,False,3
0.22859253951486105,-0.92175422798481721,-0.31323249204107118,0.97348087136952377,0.21346343238067714,0.082270019532585351,-0.0089690554563139208,-0.3237321519842804,0.94610625714866059,14.94921787695057,-2.1978564287261584,1.7668174864783788,,0.09276419661509368,0.3103448275862069,False,3
0.93906715474247149,-0.3001448009669585,-0.16752903430863703,0.31758119700424187,0.94406556710538148,0.08878281542814126,0.13151069231523463,-0.13657709712283228,0.98186131115767483,-8.2795896018596551,-8.9325257782520033,-2.1956786773617258,0.3845380299576645,0.2428544749309954,0.7,True,4
0.85934292562247927,-0.41862344924329142,-0.29374162784026087,0.49920692388082005,0.81134993372607334,0.30414426213911155,0.11100533019655395,-0.40800207448779591,0.906207550112891,-12.509729295596044,-17.460245071903969,-2.612722028935087,,0.3280577833822992,0.2142857142857143,False,1
-0.091880851539566891,-0.92104551791241307,-0.37846144196446274,0.99379997039511969,-0.108713537173648,0.023302053082388353,-0.062606133589486926,-0.37397395734014705,0.92532370080330639,6.5734001245979297,-20.073004883530253,0.77875197795401618,0.3861599293315902,0.4409679188452792,0.2898550724637681,True,5
0.92646758596827961,-0.28322220715775698,-0.24787697255452679,0.33151272492951911,0.92589786076713254,0.18114211171523106,0.17820528993246479,-0.24999666557683736,0.95170612157353984,-8.2855727269005826,12.482778821519778,-2.4736569438548228,,0.286092171371843,0.3333333333333333,False,2
0.34282028377744411,0.9387026888802682,-0.036214843913887615,-0.93445122107843848,0.34471269515831637,0.08929766638443043,0.096307675996091927,0.0032279537859233043,0.99534637782964175,-11.643247458343829,4.8367084240881617,-2.9605208997158381,,0.06780283637349707,0.2337662337662338,False,2
-0.50674601356182836,-0.75132891099840216,-0.42274501207838122,0.85327742612339552,-0.50707641159167205,-0.12161885904557256,-0.12298825881940534,-0.4223486478080265,0.89805094949412678,-9.4068306128356483,-1.0833668022398246,-2.4655367533507717,,0.399666636446349,0.3021978021978022,False,3
0.21328222577758604,0.97384132392149558,-0.078382191792431513,-0.97497779094828951,0.21730399587981045,0.046875159010489539,0.062681730392118884,0.066423257956034598,0.995820742642748,-12.767594012420217,-9.0520229263616621,-2.8813571378441165,0.5261242703348052,0.2930026558925444,0.4262295081967213,True,4
0.7627367246369503,0.64670872722888306,-0.00071485389858899628,-0.63369322664078676,0.74760581282262795,0.19879246249143245,0.12909524933043376,-0.15117331364965531,0.98004134904630291,-16.912103004056551,7.7382128202462273,-3.8802614217571403,,0.3451054537014469,0.24,False,3
0.11825683553306926,0.99198388060108122,0.044534273063830315,-0.99092528083279974,0.11500720763343682,0.069573198854127452,0.063893729396091947,-0.052357643376862745,0.99658229390446207,-10.249527012739165,-18.059887757284883,-2.2206631398710179,,0.09263805970971464,0.2,False,1
0.53928498388446944,-0.80028327878074534,-0.26214190786798242,0.84089575220529444,0.52854582838746555,0.11633417905885958,0.045453713597662981,-0.28317129268014829,0.9579916382317929,-11.277538435196572,16.221444481422647,-3.0067159548005589,,0.2432984807171447,0.3888888888888889,False,1
-0.71956913661633137,0.69157433947241076,-0.062810752363962219,-0.68972972856307058,-0.72227436915189325,-0.050917945780921764,-0.080580141260369526,0.0066834608949829094,0.99672572565622353,-19.671085653302939,11.325195337080672,-4.3726584826495589,,0.5233889621015735,0.7346938775510204,False,2
-0.55806607777283934,-0.74701955413149779,-0.36128110742802083,0.82086167167022606,-0.5607059824061511,-0.10860440726192622,-0.12144286237569096,-0.35717024937574299,0.92611070835989584,-21.768821755430306,5.6865893547663848,-4.7272906366077745,,0.5958654234572605,0.3636363636363636,False,3
0.90268597453060451,0.41916281029518188,-0.097265460730822567,-0.40305516718058143,0.90280144965862918,0.14998691510699347,0.15068033579325321,-0.096187738094437369,0.98389194297214855,-3.442926811556835,8.3629672085131208,-1.6456102393617584,,0.1134912318660509,0.2307692307692308,False,5
-0.986403463787486,-0.045773762646977002,-0.15783842777089607,0.047470049213001249,-0.99884819097195177,-0.0069918395129726987,-0.15733658524248403,-0.014389372647829623,0.98744019813811346,-2.0858108054189652,-9.6867162436733398,-1.1311798634435852,0.1423199338022887,0.1141092332076593,0.5555555555555556,True,5
-0.49194475085891276,0.86179382677615513,-0.12370029196761563,-0.86992574737807904,-0.49226114776281477,0.030135634254608697,-0.034922144135967913,0.12243513602617336,0.99186192653776162,-1.3595587565900003,8.3963223893454071,-1.2305030264297712,0.2091026408529896,0.1492749944465903,0.7074829931972789,True,5
0.85543040557564531,-0.4808793938279014,-0.1923378012986463,0.50579653920876977,0.85554064109671513,0.11054443611622525,0.11139426439955875,-0.19184686607691287,0.97508261077477376,7.249011074010201,-15.059573882602598,0.61558797026101064,0.5107183550197137,0.4218614937812622,0.6862745098039216,True,6
-0.63027646257898629,0.76420862555685198,-0.13688227549039417,-0.77372498794692113,-0.63283205909368323,0.029550431634532401,-0.064040797507977171,0.12453417847224754,0.99014646121005034,-18.664585416000175,7.0119177055102204,-4.1663962358211295,,0.06981038739563786,0.28125,False,2
0.40280293953786744,-0.86633012688657574,-0.29533354558590663,0.91504825962423142,0.38852368347635913,0.10833295868122031,0.020891971144869952,-0.31388128110266739,0.94923235665195815,0.51171224470825005,4.2878670018906808,-0.88669978029378482,,0.07379369048463805,0.2291666666666667,False,5
-0.7966143635884283,0.60072368811807297,-0.067354333627638333,-0.59629836705632866,-0.79920762019299318,-0.075468120894906343,-0.099165584607558477,-0.019955709941582467,0.99487082401192595,-7.9401228865030156,14.528499000055792,-2.380140469169044,,0.1389997764096211,0.1,False,2
0.91206002141003906,0.38428125762968096,-0.14308889677423753,-0.37635869571894687,0.92301950814229061,0.079931969483404072,0.16279020087907964,-0.019050003236565104,0.98647678526888516,16.298665736057924,-1.8424898633401052,1.9320533083014524,,0.08132063494726134,0.391304347826087,False,5
0.54298850019766731,0.8387223568969131,0.041331545995472535,-0.83063821927269132,0.52922496745498526,0.17309269916944289,0.12330303052472527,-0.12831890688264841,0.98403791634258764,3.2371294493980147,-7.6121452001554397,-0.20882514321951867,,0.1119902937891379,0.4615384615384616,False,5
-0.75110636506814388,0.65021864257737338,-0.11425823908566618,-0.65621741199719508,-0.75426698767333233,0.02144806513184697,-0.072235286016064187,0.091088024191079017,0.99321953026666887,5.5713684699685766,5.1173047797710911,-0.022205681289279151,,0.146926987163979,0.6818181818181818,False,5
0.14707027394552089,-0.95488732892904027,-0.25799326264914713,0.9889074018533186,0.13646412029369068,0.058648908192632104,-0.020796275659552044,-0.26375695805652505,0.96436496306920028,6.1075184478369895,3.6467681181598905,0.090601144112575902,0.1845819987047018,0.1752913100970689,0.2,True,6
-0.86733118244639407,0.49454397467544198,-0.056239461842688174,-0.48475480776827873,-0.86494161378253887,-0.12995684319340817,-0.11291322465361742,-0.085453272959395588,0.9899234020058566,-14.025104625538134,14.881660539836769,-3.4263338300642996,,0.1348394969363613,0.1875,False,1
-0.83386501361508802,-0.52120814267286009,-0.18168987610821241,0.52981261379374933,-0.84811359970432254,0.001384291014451984,-0.15481515860452957,-0.095107276315141182,0.98335490676467929,2.4192213498580228,0.78755841419252015,-0.51506694853867396,,0.06899577933793777,0.1794871794871795,False,5
-0.98959498691597969,0.086896893268109662,-0.11467646581192333,-0.065416146426588606,-0.98161365604532302,-0.17931915138107768,-0.12815026202648805,-0.16995164078550568,0.97708441300476045,2.7672488130695112,-8.8238062122992513,-0.28755091755639162,,0.3049591103537664,0.2352941176470588,False,2
-0.38612295444508715,0.92064534971034984,0.057629889009997132,-0.92227454666984476,-0.38408736582806041,-0.043434502140513129,-0.017852860149834338,-0.069921638052674956,0.99739272100637533,-12.664274043433437,-1.0614883357405958,-3.0369833486415065,,0.1988074771654936,0.12,False,1
0.91990108925342162,0.37034788106548994,-0.12893577075688478,-0.35182428190866866,0.92464437288627499,0.14578222919546255,0.17320987457365131,-0.088742496471816104,0.98087874310239342,-13.058081838107638,8.0751843308547837,-3.2573929057663258,,0.1089347480101461,0.3448275862068966,False,2
0.6637165190148131,0.74693455295009759,-0.039612573712112659,-0.72327867781294475,0.65439231543899989,0.22054172329866151,0.19065239733089723,-0.11772625494605116,0.9745728255437659,-17.937857148092682,2.8952273965020292,-4.0019163773826358,,0.2321460472996338,0.2592592592592592,False,3
-0.18621576159025643,-0.96113562350584303,-0.20381855500271318,0.97979789175029663,-0.19706212400011899,0.034097076212412744,-0.072936831964613397,-0.19335157747635481,0.97841473109840815,-17.463238655051761,1.6824996368442242,-3.90572626376684,,0.08827615853111051,0.2857142857142857,False,5
0.26358878580583284,0.96463481909852256,0.0007859899280576732,-0.96068177400497656,0.26243473957923208,0.090656144615969464,0.087243802599713524,-0.024651029283597803,0.99588194363749827,-20.703657027779339,5.6198622104406404,-4.5306631054222848,,0.131782756228651,0.4166666666666667,False,2
0.95981991651305487,0.2485107736656329,-0.13033849483932849,-0.23045835531106376,0.96308072521259391,0.13915625458923578,0.16010832062136113,-0.10352734950771844,0.98165544544494565,3.1083788214096693,-3.5347894413492829,-0.29405128334359265,0.1537952638745687,0.08028987797670492,0.1619047619047619,True,4
-0.25371930425300832,0.96711022781328904,-0.018008939677223085,-0.96726665119783473,-0.2535826327754504,0.0095432612454133883,0.0046626312202890097,0.019840756376702351,0.99979228055456815,17.444508352257476,-0.64714881056904416,2.1147696562243317,,0.09282946316598087,0.4090909090909091,False,5
-0.64110095251523369,-0.74960186321820133,-0.16458011831281791,0.75610562379846524,-0.65367086931309248,0.031916771011493525,-0.1315061000273155,-0.10397808072505926,0.98584720133717441,-8.5659727829899222,-14.592116424785168,-2.0472482499957683,,0.0772841440583563,0.2857142857142857,False,2
0.35171250967648082,0.93018373096235196,-0.10515006985271028,-0.93070392280320469,0.35952138611955314,0.067339297601038142,0.1004416179469321,0.074179509135835889,0.99217381632885704,-1.3254124434340162,-8.5078730526670991,-1.0137942421544972,,0.1437323221645762,0.4534883720930232,False,5
0.18891641278587265,0.98052558234477505,-0.05366722787287892,-0.97777173837584264,0.19288519280701019,0.082205413625186213,0.09095612466240674,0.036944346837428046,0.99516938187584669,-11.206099085677511,-12.087435866143464,-2.5866523670304447,0.2379459907975073,0.2233464571482575,0.3529411764705883,True,4
0.21549326637533536,0.97475343441805484,-0.058467035473812629,-0.97219759029390285,0.21977545358591077,0.080812099513849739,0.091621490784739384,0.03942704771238062,0.99501307043428722,4.3900996676877204,3.1023851594739407,-0.2023887538499656,0.6325959132675446,0.5296535691784391,0.4554455445544555,True,2
0.39861385413305922,-0.88629738141521919,-0.23576248002961431,0.91689975294201675,0.39074454105248102,0.08132371543747495,0.020045906017375853,-0.24858731933510247,0.96840203754315335,-15.23495389346863,-8.5101011144945282,-3.3244581008704168,,0.2640698895024564,0.4347826086956522,False,1
0.82622390974930304,-0.52638916765518007,-0.20067011519870362,0.5536540574498926,0.82452822372296886,0.11670643921187705,0.10402516824233085,-0.20752747398725618,0.97268243117300224,-17.952910881300323,11.342001327886766,-4.1063235975008601,0.4836373447414792,0.5073180306200975,0.9196428571428571,True,5
0.51831251529225641,0.84349973915009324,-0.14092667080839461,-0.84678399234024537,0.5292507389258958,0.053390314315492321,0.1196202608579687,0.091661580829244957,0.9885793583684388,-14.275498770684646,18.872481685674806,-3.539308354285791,,0.2348117658971393,0.3529411764705883,False,1
0.89465617293498045,0.42959190551192888,-0.12264227227168972,-0.41718102537959428,0.90155589400065694,0.11470380140128528,0.15984468803361529,-0.051456435081581084,0.98580013744984352,0.18560506357916678,9.8961086611295173,-0.99937219455033788,0.6597558506414437,0.3772918953237626,0.3142857142857143,True,7
-0.79588701375070403,0.58958037242463224,-0.13769112460365379,-0.59605117827432574,-0.80291309832366542,0.0073177467898534951,-0.1062396075895185,0.087895056697885138,0.99044818379726518,3.0696529412059284,2.1461163578977471,-0.44356382627761159,,0.1000891306278654,0.462962962962963,False,6
0.65033983370370707,-0.72346787767931331,-0.23162972750582717,0.75732627222498328,0.64127817075983828,0.12336622351650822,0.059287588043736718,-0.25564924735485722,0.96494996980716574,5.0935188328977663,-10.586077297232752,0.14428045873908574,0.1790612350528364,0.1366259803286751,0.3076923076923077,True,5
-0.85590061509485649,-0.45529936943174171,-0.24522769271700717,0.49223521582162505,-0.86264565639899227,-0.11639142494613734,-0.15855166156583461,-0.22032919845316068,0.96245333129648569,-1.6992882317109168,-6.4207624799296266,-1.082399963873202,,0.2050801377011624,0.2631578947368421,False,6
0.72406735239269981,-0.62208584933446853,-0.29788532232528392,0.68401066782727438,0.70314126644164365,0.19422091989620258,0.088633376882026382,-0.34438576550817845,0.93463499239961811,-10.127185429622001,11.73367269683143,-2.7749351948697396,,0.2989506175628497,0.15625,False,2
-0.54606195797147183,-0.81542455804968184,-0.19209145786797477,0.8286493145669791,-0.55943901815471608,0.019191102984540378,-0.1231123532552226,-0.14869692362509876,0.9811893667281526,-28.879325478972355,2.9588351206480206,-5.9643129305745131,,0.2013250406988035,0.5185185185185185,False,1
-0.14535341877148442,-0.92545489556540228,-0.34986514534241969,0.98334710915940082,-0.17412388042941485,0.052051293663587128,-0.10909100127550242,-0.33647304578262094,0.93535289752182593,10.629431798903655,12.241956959905213,0.82485547285221072,,0.4142758112019868,0.125,False,4
-0.17541243248903396,-0.96081550865699039,-0.2146253406578302,0.98140300442984563,-0.18792025827311115,0.039167836634673707,-0.077965514327511809,-0.20376342864895233,0.97591077651641445,-14.431667795122783,12.652073826034849,-3.4756209410920214,0.2148464047656696,0.1739145468246373,0.5409836065573771,True,3
-0.015398377361008485,0.9895919381740671,0.14307580464754549,-0.99900010770460967,-0.021233130198580124,0.039343855786506704,0.041972309691358088,-0.14232691271458384,0.98892940857085909,5.9500529107144136,-3.9971517202180582,0.13890445985980465,,0.1856874366896761,0.2962962962962963,False,3
-0.30317997728251239,-0.90725379037767995,-0.29150036229875914,0.94365317851674602,-0.328422898942208,0.040707224489501162,-0.1326671777427175,-0.262733628026046,0.95570417005161878,6.8472547614566652,-9.5057187120299051,0.411790909778115,0.4454631801513868,0.2527497465101757,0.6,True,3
0.39981412766707169,0.9104370403592057,-0.10608043580128035,-0.91066471136120808,0.40770267073091254,0.06684546177781997,0.1041078613709239,0.069877949460842387,0.99210817221708347,-6.4572497256219723,14.417447964242617,-2.1147980999712526,,0.1499189150624948,0.3461538461538461,False,4
-0.82294223058039973,-0.53919482226388593,-0.17898331981268939,0.54702408917655154,-0.83709065128536053,0.0066247559361877345,-0.15339729785077458,-0.092456396071154814,0.9838298043043896,-2.4746900763874717,4.9692367553342534,-1.4162802363797791,,0.08657513718303915,0.2592592592592592,False,4
0.96820847902857643,-0.18689605065988507,-0.16625945803143963,0.20664818401908527,0.97214384715834468,0.11060229868220373,0.14095697633953613,-0.14144329846235518,0.97985964512337387,-14.729208690184505,13.882258432156503,-3.5268560295534863,,0.09208002137913442,0.1428571428571428,False,2
-0.026107603317603263,0.99309825234309801,-0.11434270524215549,-0.99956457391343601,-0.024360546456038166,0.01665011572373571,0.01374975004359167,0.11472761206199231,0.99330182694098124,0.54272745072743189,12.078777901377293,-0.9341930852162621,,0.1912601662868623,0.2105263157894737,False,7
0.34510211820129344,-0.88956851575318929,-0.29928645775184537,0.93855539458439952,0.32853646138203124,0.10572400313596766,0.0042777692202057432,-0.31738249687599329,0.94828795804189014,-10.57836351660106,-7.870110834531042,-2.5442117157271573,,0.1584968186591279,0.375,False,2
-0.88912336790644952,-0.42102132572958129,-0.17944547897229934,0.42963173092286633,-0.90294622905575761,-0.010231481721076609,-0.15772194656075633,-0.086192521223668689,0.98371471314512371,10.800634652630364,-11.623493773944876,1.1501691477866576,0.5908872879917183,0.3635332047575706,0.65,True,5
0.39040804231884541,-0.89531061005247348,-0.2144772062952976,0.92047676145376667,0.38401059038286423,0.072514812951498864,0.0174382371916771,-0.22573165041985876,0.97403343365737438,-13.266853204376416,10.326976829215681,-3.2717695250511518,,0.08128563489953512,0.4390243902439024,False,3
-0.36866208018844154,-0.89679882281981549,-0.24462244790722687,0.92418498636568258,-0.38187773954431303,0.0071765602337488174,-0.099851798218129756,-0.2234306680595089,0.96959184967855783,-23.687259717687446,2.7927614268600545,-5.0298091337915025,,0.1716237769027502,0.35,False,1
0.56583469851713586,-0.80064281514800473,-0.19698268072574471,0.82240622464417146,0.56513259847451103,0.065369318552118152,0.058983858983140465,-0.19898801143115627,0.97822526837438206,-12.505820309592393,-11.520823323938131,-2.7703342067220467,0.2040459856926334,0.2368845296785791,0.6428571428571429,True,3
-0.98592559111818212,0.097661357510304331,-0.13569446572173516,-0.070660856099168806,-0.97900468425723708,-0.19119851363888735,-0.151518223965288,-0.17891922046452075,0.97212660716327126,-16.305642327554828,1.7377416603157718,-3.6985733177996543,,0.09300414994831344,0.2058823529411765,False,5
-0.98829792798528526,0.019871246253154611,-0.1512360377434494,-0.012053455519729561,-0.99855159429064755,-0.052434985931528719,-0.15205893512064808,-0.049998471096146607,0.98710598880668432,-16.545182369065547,2.686826575816065,-3.7675174671039366,0.710708661288867,0.462270435302634,0.9111111111111111,True,5
-0.15522302103878194,0.98775122570115192,-0.015916339574935823,-0.98765920833335596,-0.15482807374260421,0.0236126189882023,0.020859097150190672,0.019385141398132549,0.99959447495424447,-4.6857442027118426,-4.1068116639180792,-1.6421008245562638,,0.08137189604755338,0.1976744186046512,False,4
-0.035397768636713324,-0.97976351162451869,-0.19700370368277917,0.99748894945694488,-0.046737442633638569,0.053210968487210852,-0.061341614641459583,-0.19462546787421703,0.97895767710760617,-11.219660596144728,-17.617615179544675,-2.4024335438634572,0.5396472446667938,0.5598047589676391,0.9444444444444444,True,4
0.34720716819076097,0.93587505454785236,0.059875409242924726,-0.9336844120345934,0.3390156400376762,0.11533349267867121,0.087639038564837818,-0.09594935166482213,0.99152061039321415,7.8553280317713821,-13.096766104450349,0.6949172936542154,,0.4501487766910132,0.2962962962962963,False,2
0.60137959486701609,-0.71779785441319199,-0.35086866927299359,0.79670516292698845,0.57175436797396451,0.19585154088792112,0.060028878409179129,-0.39732000063237483,0.91571466672453461,-11.515260989122149,-6.6404097462192837,-2.7591089389625298,,0.3410099170902909,0.4161073825503356,False,2
-0.19948146923903556,0.97226722587836711,-0.1220802396500737,-0.97983720606834068,-0.19648608089486466,0.036225262162804778,0.011233567306197952,0.12684502945468726,0.99185893425840355,-11.336705723559023,6.2426773073801414,-2.9477436069132343,0.4018389945574912,0.3124332146997729,0.689922480620155,True,5
0.075354706618535022,-0.97818772925729036,-0.19357281451924063,0.99655977169299492,0.06716045256330988,0.04856022090865262,-0.034500574395801467,-0.19656612104316765,0.9798833963408109,6.7169617639263537,-6.3170339755451863,0.289066480131565,0.4869022041296178,0.45387676501258,0.9244186046511628,True,5
-0.98143144708335472,-0.10768192853064014,-0.15873536765256563,0.10958962842960696,-0.99397147925419094,-0.0032881255902213261,-0.15742435649077247,-0.02062281981588442,0.98731568978027928,8.3995394374139583,2.4303589812728839,0.52949486072525398,,0.1270874655249351,0.2647058823529412,True,5
-0.37550109125338044,-0.90302961535346782,-0.2086538862856121,0.92061886622843581,-0.38941596135308004,0.028567677324668715,-0.10705061238400546,-0.18136351021642957,0.97757221909697545,16.954150150323891,-4.9970566527276832,2.0741549979058282,,0.07566396203600913,0.1578947368421053,False,4
-0.81526287060070235,-0.5464224064846489,-0.19175245894493226,0.56009555744651029,-0.8281514086691828,-0.021405860130609168,-0.14710342738558405,-0.12485110336225846,0.98120985708493635,6.0957857859844671,2.7965826594862078,0.080351811206512219,0.4104495836581252,0.3022495361205987,0.7386363636363636,True,4
0.95360967521937579,0.27410130922521969,-0.12448718652542445,-0.25396950817141695,0.95451473883202531,0.15620852176369188,0.1616418146618134,-0.11734600817006766,0.9798478647827864,-8.8110834515900844,10.292480935397469,-2.5370241273237655,,0.0765974452039739,0.225,False,4
0.21731442949246857,-0.9210476411631674,-0.32318057095396041,0.97593863788686974,0.19897240520900131,0.089183838473494259,-0.017838548536361035,-0.33478534118612496,0.94212555506843432,-20.823726397084222,11.024144824929333,-4.5879205712914333,,0.2557544216901302,0.7076923076923077,False,3
-0.80419263155574061,-0.55845336553760683,-0.20347985126584892,0.57816586835344863,-0.81439078356573391,-0.049918737106337992,-0.1378348287718123,-0.1577893854570353,0.97780574237142592,-16.162676733815179,5.2829799868784502,-3.7275364769349264,,0.1167479809726906,0.32,False,3
-0.38964987325426537,-0.90233351975083165,-0.1843019137367003,0.91523159637592866,-0.40168345993809201,0.031646848300142333,-0.10258704239865762,-0.15634774429533149,0.98236005699827667,-2.8634083691007559,7.1249165011278697,-1.4947220313070482,,0.08217860572437526,0.495049504950495,False,5
0.81807303688504796,0.56525167271341015,-0.10605212311107476,-0.55619681651438668,0.8245026590567045,0.10411756099566095,0.146292883015328,-0.02618991605781297,0.98889457510694656,-0.38300168954917402,7.8131820833993073,-1.0362397177505951,0.7719243194095622,0.7868519381508944,0.9528301886792453,True,5
0.96065503784078876,0.27318423807457742,-0.050122553194415401,-0.25921542304219591,0.94665721316558593,0.19143532907648952,0.099745991038085818,-0.17091077446779349,0.98022458877680241,5.7597946947054366,-11.523284388212149,0.29064992958297925,,0.2054309863554974,0.2777777777777778,False,5
0.23745471784035074,0.96883682557774486,-0.070501506223598562,-0.96743769458795104,0.24241026557257073,0.072811882515044252,0.08763312196714404,0.050916289627901679,0.99485072618198234,1.7830192932696285,5.9254450896216602,-0.65449345248936075,,0.1588054800661195,0.2125,False,5
0.38656330104487019,0.91058882797818153,0.14627645280979165,-0.91666171799563756,0.36189854016842621,0.16958992123722538,0.101489452883438,-0.19964326431233273,0.97459861377293999,-8.9416930319500167,-7.5681901277711718,-2.2837592331982135,,0.355910148488272,0.1071428571428571,False,2
-0.91711282721505571,0.3864996079259212,-0.097581326239791738,-0.37919099470915557,-0.92135907713058851,-0.085508131312478225,-0.12295629991622437,-0.041418643895957917,0.99154739889161714,3.0789104118945776,12.461705645546013,-0.46869241377573245,,0.1993762853348743,0.4,False,4
-0.145627622337373,0.98904935474628075,-0.023957660326692359,-0.98907509259608151,-0.14498621899838232,0.026635643536552577,0.022870435466264653,0.02757481054366262,0.99935808047219221,-19.187873675907724,8.5301301514222931,-4.2844152767018429,,0.2886887730605739,0.65625,False,3
-0.94576888320103314,-0.27897150252045244,-0.16642151408442538,0.28199865245611228,-0.95939820221167771,0.0056435455113253846,-0.16123888979278003,-0.041593152975973421,0.98603855403524132,10.813546145911875,-9.5571703718555412,1.1181162007041365,0.3602368585747195,0.1422413242336466,0.5,True,5
-0.50561929399844596,-0.79691262607010194,-0.3305743425412318,0.85329292965435699,-0.5185048423181664,-0.055171593184345127,-0.12743745814476509,-0.30997257121020855,0.94216596168559075,-7.7274892592046189,10.98626263106156,-2.3345858658272829,0.9103339838028484,0.6565492025066203,0.6574074074074074,True,3
0.43741077419053986,-0.8718804054792495,-0.22021892099311569,0.89877597066747761,0.43191182860360428,0.075192598459051685,0.029556203625732864,-0.23081752718030432,0.97254804507212067,6.8718715914232593,5.0817563104465995,0.23078886396869769,0.5011767653695373,0.1302625354183224,0.7441860465116279,True,4
-0.25932960432533214,-0.93790420857149581,-0.23039933130185636,0.96208049337385637,-0.27176076881164618,0.023392494617290809,-0.084553418558824839,-0.21559633595861211,0.97281495636695348,-18.853057147326378,13.444584897836327,-4.2350296054009107,,0.07500083457548429,0.1333333333333333,False,1
-0.63876885489481505,-0.72698104313512657,-0.25193831177201159,0.75758717963551958,-0.65144340550118129,-0.041026268181787312,-0.13429823255824028,-0.21707153740458016,0.96687327627799613,-22.124219827629293,2.8323492486304152,-4.7516184364780338,,0.1774838722412402,0.1025641025641026,False,1
0.9861934437053369,0.0019014017451381964,-0.16558646159638785,0.018682579135773592,0.99227250769495789,0.12266308209724558,0.16454012528694631,-0.12406310952158035,0.97853711836924839,7.7843981628386594,-3.9926340630765829,0.43015307347789694,0.5159330624519559,0.3639690495837048,0.1944444444444444,True,5
-0.02874579249534558,0.99885089734277066,-0.038347937250340525,-0.9984358624959363,-0.026851131859069201,0.049039221036662028,0.047953184417828164,0.03969762707553702,0.99806041425795533,-3.8076145969459194,7.0979003347822243,-1.6792003158791018,,0.2629946242207589,0.3125,False,5
0.65014338088203028,0.75716674203702461,-0.063341211295016075,-0.74389582225568496,0.65128263425178778,0.14983302690858658,0.15470161578283759,-0.050293688223159647,0.9866802698945033,4.7332107198370812,-5.2808062331566807,-0.029869266854156522,0.7470626796423665,0.459807056041693,0.4966442953020134,True,5
-0.25111451993758749,0.96690431169643176,0.045139227943831461,-0.96794297992084188,-0.25109199942803256,-0.0062606265815915857,0.0052806721613922261,-0.045264333045823196,0.99896108765829372,-10.759514560296426,-21.290562783749131,-2.1023521509945771,,0.3663217614941532,0.3461538461538461,False,1
0.55715020259853687,0.82605835861677557,-0.084919019682096558,-0.82102726331772757,0.56329646677507039,0.092797216594709173,0.12449050017335853,0.018018842306893421,0.9920571741026355,-24.707862467002343,4.5795573378705638,-5.2229232293629702,,0.1679810768315216,0.1052631578947368,False,1
-0.27734511279808721,-0.90660406616276079,-0.3180389215554667,0.95249442414292229,-0.30280943508961994,0.032570201063971509,-0.12583346289305813,-0.29389711335406676,0.94751803485658659,-18.685366109262468,4.7519096046277394,-4.1686647811347406,,0.3362952806762624,0.1791044776119403,False,4
-0.79279185550882803,-0.58009033928319398,-0.18701944313140417,0.59131820652166367,-0.80642076635426851,-0.0053222390588634483,-0.14772898319177297,-0.11480742947607993,0.98234179472433214,-18.864779591056369,3.5624044354145825,-4.1520746243630162,0.41899460955093,0.3612065050422428,0.5986842105263158,True,5
-0.59645733932085654,-0.74557352306418712,-0.29725202114694055,0.78980111066573566,-0.61116762875914188,-0.051849157641166682,-0.14301345377780289,-0.26569578706216623,0.95339021432777493,-1.3797758112421477,-3.9609768982363609,-1.0702958033236893,0.2881203772026676,0.2401547697734153,0.2043010752688172,True,5
0.91804593778998778,0.3878952328519859,-0.082030143471811798,-0.35767797001320428,0.89955414032240522,0.25073655177507032,0.17105006832660408,-0.20084729761568265,0.96457360380944612,-18.987158235277992,5.0805216836973575,-4.212348597069477,,0.3988624419040951,0.8088235294117647,False,2
-0.89653843662070454,0.42326000287997123,-0.13065145090564378,-0.42636171180758914,-0.90454085341481505,-0.0046406042818500221,-0.12014375708377545,0.05154429615045035,0.99141750194766565,-0.68756283615003311,9.4026183940886625,-1.1278066477545803,,0.1052587170793541,0.3714285714285714,False,1
-0.85219896873290346,-0.48823688891747591,-0.18810012756710065,0.50025634097393323,-0.86565725067491461,-0.019522235254177303,-0.15329876387612248,-0.1107351103044189,0.98195581587967606,-10.271722446530543,4.1394019595826981,-2.7398614644533699,0.3658721318636377,0.2555342174664937,0.3333333333333333,True,5
0.98512682006643437,-0.058774802155158012,-0.16146414777719834,0.084465453075125249,0.98395259183452122,0.15717151223724365,0.14963534215755545,-0.16847201445269852,0.97428252818350447,-15.500074366668088,13.257502552813861,-3.665362943358081,,0.7997282932309733,0.8307692307692308,False,1
-0.73568666211105149,-0.60381821749856324,-0.30686918289192394,0.65698982734959188,-0.74633661237475224,-0.10651773461791367,-0.16471035775279316,-0.2799736081237591,0.94577231763417069,-23.991663657561446,3.5032895466637979,-5.0973011768375169,,0.5150164179218517,0.2941176470588235,False,4
-0.92129410976981385,0.36279977107256228,-0.13997674597283211,-0.36760427691366737,-0.92993658332121165,0.0092220711150674331,-0.12682373160503527,0.05995229028626102,0.99011184418287124,-3.5556630465679184,3.3590508296361614,-1.5583522330848398,,0.06423313756127899,0.132183908045977,False,5
-0.66329980105198094,0.74785632471672259,0.027281706427514735,-0.74515007736558492,-0.65665152801218207,-0.11644798392985733,-0.069171787070047785,-0.097568890228706531,0.99282202611196813,-22.879755763231945,9.7392136935932463,-4.9861466040119486,,0.6962485883152674,0.375,False,1
0.93464261464101717,0.35051988876958234,-0.059824664428337712,-0.33113466789058482,0.91927338179546381,0.21280573592674656,0.12958786447038906,-0.17908728905003701,0.97526136408796238,32.025525775093094,-3.537554884001346,4.6353050468477281,,0.5500669945464893,0.5555555555555556,False,2
0.59649146907077255,0.79250309533760643,-0.12703059161518754,-0.79157917090717467,0.6070324400833208,0.070100163141039701,0.13266628626634028,0.058740621096498385,0.98941861510762741,5.0230286913725086,-7.7402744062498456,0.065426178475069693,,0.09537677006748398,0.2857142857142857,False,5
-0.91892271041863871,-0.32808502707112241,-0.21895494351259462,0.35896298569276308,-0.92567342613473402,-0.11947503107562032,-0.16348280392567255,-0.18838503963883135,0.96839271458477838,-13.941378955474873,5.382970589536165,-3.3781686899272385,,0.221575436203979,0.234375,False,5
-0.73413466414402484,-0.59692078792373771,-0.32362303355392441,0.66167103584722542,-0.73591417769775858,-0.14360279727182199,-0.15243928372634161,-0.31955577918093803,0.93522530374721136,12.485429084826643,10.744282202252565,1.1243084618233121,0.8730343898573697,0.5500178831020069,0.15,True,5
-0.98364575044392322,0.12047252199274264,-0.1338932749555396,-0.10176368731246102,-0.98508640036613537,-0.13874053394110214,-0.14861086628568998,-0.12284606325966914,0.98123577959806307,-21.361138452631597,13.516383413623116,-4.6846916649896571,,0.1052777379655619,0.2941176470588235,False,1
0.74201761230819552,0.66732783810240126,-0.063901639400089943,-0.65436652882024449,0.74170464785072232,0.14723675260063213,0.1456513267505255,-0.0674371696485737,0.98703491284027078,-21.115067391621448,17.132859221962772,-4.6717611984440595,,0.444040036317757,0.4210526315789473,False,1
-0.98215355681547767,-0.033994828742693668,-0.18498308693894361,0.054216121151500388,-0.99295313769719318,-0.1053787385793945,-0.18009720442580918,-0.11352716836094096,0.97707552369402562,-12.72537257412621,16.715922451732126,-3.2350440430169267,,0.2608684859279647,0.3125,False,2
0.46339857801969941,0.88572436263940457,-0.027461087311707988,-0.881738638473752,0.46395855942702013,0.085319567256629786,0.088310425838487916,-0.015323464406744092,0.99597513027524964,-12.489006498538481,10.953750674260398,-3.1350922869587352,,0.2303443323288666,0.8405797101449275,False,4
0.85980674890245479,0.50728867555907053,-0.058228465472787094,-0.48464951244542903,0.84665793368273279,0.21973892103697504,0.16077065848033248,-0.16071260990230296,0.97381941467101141,6.8963905848921936,-3.0591627812736943,0.27895574685606872,0.3003990605151062,0.2985118265579524,0.456140350877193,True,5
0.28470245273816813,0.95793627450856089,0.036091652574102379,-0.95479137873960318,0.28000574795047822,0.099850909856748285,0.085544938420683309,-0.062887797666571849,0.9943476195049944,-3.3316915603132351,18.348720906777906,-1.6168268982192271,,0.4743222872384389,0.2857142857142857,False,3
-0.023489305833265171,0.99061340860496383,-0.13466004308452634,-0.99896698832575159,-0.018016451378015899,0.041717666702746958,0.038899983892660105,0.13550085671979623,0.9900132873256563,-17.5434451604131,5.6071931723043882,-3.9670590695132,0.635661708505821,0.4965514347477741,0.8064516129032258,True,5
-0.61571491159061653,-0.76488936689110731,-0.18931297911627859,0.77654939610863216,-0.62977347394298555,0.018878742572085074,-0.13366444197421701,-0.1353869562945588,0.98173529478012389,3.801180318488496,-10.623354870584944,-0.077572550308573046,0.191791289414691,0.1371438631050878,0.3928571428571428,True,5
-0.98397876048010691,0.012419253465554858,-0.17785263862926498,0.010158243757829238,-0.99204485071534976,-0.12547439680236419,-0.17799609267562627,-0.12527081189374853,0.97602490474356862,-0.59721711631062901,16.623025085405263,-1.1388487311408559,,0.2399342353189285,0.4,False,4
-0.27796454270454568,-0.92415429053876963,-0.26205831465121476,0.95635774708454058,-0.29182691810254757,0.014727846487178953,-0.090086472849334562,-0.2465276802907761,0.96493965109742186,7.9768235691727538,5.6342319456124415,0.41423749392749676,,0.3714191008131132,0.25,False,7
