axis_00,axis_01,axis_02,axis_10,axis_11,axis_12,axis_20,axis_21,axis_22,location_x,location_y,location_z,dbh,dbh_approximation,score,reconstructed,number_clusters
0.15544543173812841,0.98780955458431408,-0.0083067215966915742,-0.98468005702169714,0.15561453444797199,0.078672116866698255,0.079005715334356436,-0.0040497580766027386,0.99686593702665283,2.0292425325128849,9.9921105679279023,-1.6340543313044023,,0.1384896069226915,0.3333333333333333,False,5
-0.70300573629934726,-0.69755341941738458,-0.13857186507125796,0.69956364937746807,-0.71334410071327314,0.041843690650449725,-0.128037631967682,-0.067523485075089804,0.98946801048008737,8.5463568938216348,3.3539710599040489,-0.18513215564279092,,0.1902681778450486,0.5283018867924528,True,3
-0.97168162566788707,0.23130136920146877,-0.048316611480299129,-0.22649054593295972,-0.96997653100591497,-0.088586465674621112,-0.067356149996879944,-0.075134585267084608,0.99489594589300667,17.860671800627909,-5.4559978683419894,1.8697076585145933,0.660124219739191,0.2629049195212377,0.3289473684210527,True,5
0.52676412249557558,-0.78630793340299376,-0.32286125986091896,0.84934848733053248,0.50190535607199238,0.16339571786183227,0.033566446353510637,-0.36029272461952422,0.93223518827892204,7.9203470917421672,-0.82633720958475054,0.045366419179758644,0.6115822000774951,0.2686921131469807,0.3235294117647059,True,5
0.49249907310688562,0.86798209054959707,-0.063653385408869279,-0.8624582831168971,0.49655114839314363,0.097993198297150641,0.11666350274148743,0.0066368301621856224,0.99314932392540323,-14.4949681645332,9.4362164671212518,-3.8087358565962188,,0.06625520218987287,0.2368421052631579,False,3
-0.5214138398938909,-0.83865923660128083,-0.15741122078957498,0.84570145357654691,-0.53246925698029224,0.035574454168273477,-0.11365148034945724,-0.11457388548099363,0.98689217535664187,1.6388780740698567,18.102565079507119,-2.2261305807956564,0.7797580009102756,0.6783848957127842,0.9701492537313433,True,5
-0.91788747319141983,0.38441849587159493,-0.098513991849342286,-0.38661294348338759,-0.92223550358679174,0.0034796343383466447,-0.089515465084992876,0.041280697133627753,0.99512958229307025,-10.322788847179215,16.379140963727469,-3.700969233324928,,0.08686763755427726,0.3928571428571428,False,4
-0.715856044003776,0.69793285156715867,0.02097281494217558,-0.6963831792502776,-0.71142849558509291,-0.09444555747523245,-0.050995999064042466,-0.082214538695211045,0.99530908651865235,-8.2237819736331961,10.040388685345517,-3.0833210239977715,0.6642175530370256,0.3482984851409955,0.3795918367346939,True,4
-0.96732647565466268,0.23889082891840244,-0.084915613147456576,-0.23775583810122267,-0.97104338392222,-0.023386064005506094,-0.088043460553950556,-0.0024327761021278142,0.99611366352144892,8.4739196329667532,-8.9783852022378436,0.84769671635697508,0.2588776295426337,0.267154272608671,0.4,True,5
-0.73671013611202341,0.67124250411655872,-0.081802665098008431,-0.67376067844656751,-0.73893646491885712,0.0044101011830901503,-0.057486724806918681,0.058364385378033651,0.99663878862425337,-10.080859123842309,12.399837967781997,-3.455212703958825,,0.0800691816030687,0.3943661971830986,False,5
-0.34823340356899551,0.93684599709811089,-0.032451107223031295,-0.9374022532165448,-0.34790286277087723,0.015511729122634876,0.00324226823363339,0.035821443257856689,0.9993529466107689,-14.57038185822573,7.0002277298421021,-3.6151341868267739,0.5111709074918145,0.1953494504936937,0.3629032258064516,True,5
-0.94711072366656468,-0.28231107759468466,-0.15258352657847288,0.29076892133564358,-0.95612234753490177,-0.035825841646141429,-0.13577448766650491,-0.078297586244251843,0.98764101600086518,-6.6936661720765329,17.081308397813842,-3.263500022501661,0.6170295613528773,0.6375873650708705,0.9728813559322034,True,5
-0.56223104645751498,-0.77453781497328822,-0.28980583771844848,0.81833153758660493,-0.57161987223138,-0.059868324357070825,-0.11928849479488987,-0.270817087434646,0.95521115998662021,4.5927188707222211,7.4661249097303886,-1.1107980051725277,0.5666103752665562,0.4093118221665474,0.3882352941176471,True,5
0.28685892269650948,0.95672238670547927,-0.048930902770851631,-0.9522947483057238,0.29033940082796517,0.094009279734487694,0.10414735147250255,0.019629241030430053,0.99436815218400543,-6.564705750030476,-16.544464060272016,-0.3998716117498935,,0.2283207116599845,0.56,False,5
-0.93093936789673126,0.35019047467786618,-0.10353030833976606,-0.353364776089862,-0.9353882757354236,0.01349476326857316,-0.092115299049603375,0.049146770612157303,0.99453474882449433,16.828203471065841,-6.6734381386927604,1.817013642857588,,0.08187807174846207,0.35,False,5
-0.74568315933739093,-0.64863246142313491,-0.15242229452666731,0.65467453853619328,-0.75579111289356471,0.013455194667125456,-0.12392689164596554,-0.089753683262991921,0.98822386222338154,6.4804255260155701,16.037080646981739,-1.4382948236454736,,0.1259063780115093,0.3157894736842105,False,4
0.95639776369020701,-0.25050459059979729,-0.15016913030579676,0.27219941294000072,0.95089095915724153,0.14735624651890616,0.10588105214574647,-0.181807133747413,0.97761718935126163,10.086552727189524,-11.965877388336112,1.3006594619734708,0.5999170101651977,0.3358866135416315,0.2142857142857143,True,4
0.0012006164540588745,0.99632129265994174,0.085688040662356621,-0.99751093719190476,-0.004847936595506655,0.07034506161269867,0.070501692906331431,-0.085559215185679396,0.99383556587302335,12.870357829586675,2.1342631178775973,0.54998692354761214,,0.3278568768195941,0.3333333333333333,False,5
-0.80286436263851202,-0.57304462564841996,-0.16440399088987528,0.5810829226060793,-0.81384376041046336,-0.00098523932819645499,-0.1332345760703032,-0.09632336505967079,0.98639259784476696,13.995227371496078,6.7093189369623367,0.31230680525348792,,0.1299543920574855,0.3333333333333333,False,4
0.55597934766835999,-0.80694796735905805,-0.19930364507793288,0.83114381840373308,0.54241548926975203,0.12241482806228561,0.0093229874787220668,-0.23371010884285937,0.97226162473334887,18.69622682005436,-7.5266837302003191,2.1430001169428778,,0.1361258035720554,0.1875,False,4
-0.11237022185747711,-0.95793230394219608,-0.26408073444251656,0.990891568580471,-0.12787419458776556,0.042214803975208708,-0.074208035655422236,-0.25693168629526386,0.96357629486285978,-29.170052392456633,21.858819719600859,-6.1198821527999065,0.7893487599349915,0.6196051448224313,0.3529411764705883,True,5
-0.98761560128755566,0.12558468133455924,-0.094042075197845729,-0.10456080515387572,-0.97373532262369744,-0.20225370083263564,-0.11697205700077816,-0.18991579525942884,0.97480743154326943,-10.127247450879329,17.824655616425527,-3.7464251752632958,,0.5399741297851421,0.125,False,1
-0.69967905854410162,-0.69771767162397325,-0.15375066093666556,0.70347034190599411,-0.71037309603713428,0.022350447093524295,-0.12481463493318334,-0.092520890236951855,0.9878568680614912,0.047044967871493551,-13.888773628036729,0.20631318107971711,0.2573101266956559,0.1619144329658416,0.3333333333333333,True,5
0.9148661005677684,0.39052709432352151,-0.10251149511715152,-0.37740927758610349,0.91735737509570559,0.12656098747028255,0.14346517076929138,-0.077097567774508047,0.98664771312733179,-8.9351755012067713,15.256457819574704,-3.4609352901792159,,0.09669011553940318,0.2666666666666667,False,4
-0.4706554351351262,-0.80560020677210586,-0.35984964669498631,0.87378207756836113,-0.48216642214342664,-0.063406799932863481,-0.12242688551982527,-0.34427292691431344,0.93085326958429282,5.0164320772746329,-11.024797428205799,0.57082038385801481,,0.1208840958135048,0.3571428571428572,False,5
-0.87279511823384182,0.48026238039923952,-0.087044399937226846,-0.482451120673906,-0.87590995714948727,0.0047605805189240916,-0.073956728887018403,0.046149679734978785,0.99619305825361626,11.113680837246733,11.596270366001521,-0.48307877818388645,,0.08029388615471586,0.4,False,2
0.6848466861289022,0.72867113584871857,-0.004836556543545617,-0.71702243800211551,0.67505174434221249,0.17373533279686779,0.12986084821747904,-0.11551414736504864,0.98478050440631837,-28.369151676955909,3.9405499469374381,-4.9149973656598176,,0.8492122374534891,0.282051282051282,False,1
0.98631546255845359,0.096621137198325741,-0.13358953613440805,-0.052004637369068407,0.95123832012171561,0.30404140511471178,0.15645231225589384,-0.29293346373966711,0.94324581091636217,-12.450174681880114,-3.0228847939520347,-2.4537544566309677,,0.5143501206728266,0.6455696202531646,False,2
-0.38312351053384658,0.92008839736874037,-0.081570317540423237,-0.92366416038579058,-0.38086705432123041,0.042246961446736592,0.0078034924895584029,0.091529383042239149,0.9957717999345399,-2.5325731595329883,-14.376407638210123,-0.10066952067515698,,0.08315203069892847,0.2105263157894737,False,4
-0.97206018365313496,0.20938788323183896,-0.10609294845523717,-0.21275754714768003,-0.97687110829019785,0.021379053290202395,-0.099162621425306116,0.043353801950605744,0.99412636136886112,0.79435640886187553,-14.424389415294391,0.35628651353375396,,0.08021073158762076,0.5263157894736842,False,5
-0.9912948411216751,0.013233514532083443,-0.13099393901506903,-0.0076713517219097454,-0.99905098576510631,-0.042875146699800297,-0.13143701277917588,-0.041497011156224027,0.99045560715096592,3.7913197230047189,-24.514020608012572,1.6622586469354002,,0.3640066204906532,0.3333333333333333,False,5
-0.98939885069259603,-0.066000095281893878,-0.12935958283386426,0.062825157372370224,-0.99761819690860709,0.028476881815904537,-0.13093095069275018,0.020047957990803146,0.99118876382407217,-14.402451627584707,-10.491246508711328,-2.0293456190198311,0.6529894926573538,0.6049838620598573,0.9377049180327869,True,5
-0.022044184002766729,0.99966233652376058,0.013757430265470869,-0.9979969158614872,-0.022819471194363075,0.059003624171490812,0.059297638086293659,-0.012429186227052885,0.99816296537545479,7.6200008311192615,11.183251216271016,-0.91246304418228741,,0.08476387516944621,0.3225806451612903,False,5
0.033553975895165497,0.99488228917397148,-0.095306670226096721,-0.99732823378322122,0.039521875513064755,0.061436271491447925,0.064888556775965764,0.092990601911640061,0.99355031234238189,-20.757039892104128,5.9023136144878308,-4.2582059845879998,,0.07401207593640712,0.3333333333333333,False,5
-0.73997154627009565,-0.62923582152705482,-0.23770652413809873,0.65814676321306054,-0.75027151363166911,-0.062733515006063126,-0.13887025881309428,-0.20286679555811166,0.9693090913001734,-14.881931326645947,-17.908018497909282,-1.3450390218611104,0.3332762197505679,0.2098667464959235,0.1851851851851852,True,5
-0.81764922459762479,-0.55917772924375631,-0.1370036956899344,0.56253278828620379,-0.82660936760497672,0.016547371109935278,-0.12250145965600867,-0.063539125784805667,0.99043231564638001,1.305207377098381,-7.7370436746247773,-0.2552258631471459,0.1977900324399254,0.1543213316054378,0.6122448979591837,True,5
-0.95824673790097181,0.27204278459861314,-0.088067659500969842,-0.25918783403891205,-0.95644367858179224,-0.13430248094188979,-0.12076777711113024,-0.10586884833964064,0.98701921509303681,-5.05653937137388,19.749896717471934,-3.211785587900331,0.4019296092425609,0.465714002253069,0.16,True,6
0.74342762564078335,-0.62411552877835685,-0.24040626483479566,0.66636278872651866,0.721956267768875,0.18638610793149815,0.057236345399777969,-0.29876237073458123,0.95260959820816882,-6.1153831058146002,-11.480951741129656,-0.87137838328792649,0.6317779519216816,0.6249291871002303,0.5287356321839081,True,4
-0.98648391509622113,0.11823176143357335,-0.11344926550994477,-0.11664741057939661,-0.99296124181428369,-0.020526905752135512,-0.1150776557875291,-0.0070158992973082812,0.99333172218322763,-8.4976089364986773,12.585690749131624,-3.2819238484550364,,0.09900553165151613,0.2446808510638298,False,5
-0.59979292904072712,-0.74057843381430299,-0.30297198821326654,0.78594212359668969,-0.6163235206509925,-0.049399354739631141,-0.15014466566971818,-0.26774783147865117,0.95171827664987552,7.5436087441195383,14.63727359281158,-1.1914404998412638,,0.6928906235218688,0.4736842105263158,False,2
-0.37193408005291489,0.92572915697192371,-0.068487721726186029,-0.92809115366579398,-0.3694496260577167,0.046408881618813812,0.017659291675709891,0.080823893359975973,0.99657194806980587,-24.913416514927032,7.65968795222929,-4.8755086982013447,0.1371970274385935,0.08509918248472267,0.2765957446808511,True,5
-0.76534357376194895,-0.60544936542695971,-0.21835814618506921,0.62940915613481152,-0.77495683065155385,-0.057323858908514595,-0.13451144291454523,-0.18130906356437448,0.97418360445783347,-9.9330486295008189,-10.429174595655084,-1.464018277715206,,0.6438311232653982,0.1111111111111111,False,1
0.81394662248065652,-0.55220344083532569,-0.18045014735920939,0.57813558227987416,0.80043247636440873,0.15832592738731374,0.057010036434335845,-0.23319350486402707,0.97075776846491868,-3.956615256930085,14.552281479218502,-2.7823460658747754,,0.7646339766577137,0.5416666666666666,False,3
-0.87475874312842161,-0.46511934300935703,-0.13587177072124715,0.47084440173925562,-0.88214013066009178,-0.01159048013663911,-0.11446698507074246,-0.074113336435080335,0.99065863075596039,8.4492847329173379,-13.63147373275307,1.2740555533700502,0.1865843489054106,0.1475429336341811,0.3684210526315789,True,6
-0.58133975392323167,0.80741936996890384,-0.1005885257248384,-0.81298789698571694,-0.58143032305106634,0.031455663901363839,-0.033087306678230483,0.10006368190184074,0.99443073650256286,-17.37069915884279,11.691136142573839,-4.3166139580320273,0.1722503012209561,0.1862362659659042,0.3604651162790697,True,5
-0.569478908215303,0.82166216070675735,0.023771132926524149,-0.82186601886573474,-0.56861027907933281,-0.034908416737401873,-0.015166414595922717,-0.039416293433391023,0.99910776980277682,-1.7456909764713027,13.090608810368993,-2.4006689218763033,0.3967449914461262,0.1749273519519942,0.3888888888888889,True,5
-0.21599023095105924,0.96279351735022867,0.1624095535431441,-0.97582895225722011,-0.21852340585079796,-0.0023188428027155206,0.033257721964746641,-0.1589847918630668,0.986720710173843,6.4106391393833473,-0.96357839495567577,-0.14732564142002136,,0.2701251154218443,0.1805555555555556,False,1
-0.75100379681588514,-0.64629312651043891,-0.1352719179781498,0.64716310141245725,-0.76111163497522683,0.043462619289999303,-0.13104662276585088,-0.054902401866398123,0.9898547918411903,-3.4566888201592638,-8.1580526495223999,-0.83503526860790178,,0.08150397709062238,0.3661971830985916,False,5
-0.36185328962258656,-0.89517581337954033,-0.26023539330688999,0.92659024142952617,-0.37603776076469569,0.005111454455113542,-0.1024339849702515,-0.23928197930340001,0.96553167379623661,-15.322167867803714,-2.2000087172844833,-2.9304890810309692,,0.0760864404325761,0.28,False,1
-0.92194201114176411,0.38275120172052651,-0.059367041979307492,-0.37557334010350119,-0.9208734095551464,-0.10457929899258198,-0.094697382727189416,-0.074119370988783587,0.99274303047105195,-12.068318666507112,16.885316931512907,-3.9411979428348825,,0.2048787603475319,0.1851851851851852,False,3
-0.92339683366104985,0.37868129396173456,-0.062759582441364037,-0.37417925049801948,-0.92449113564349206,-0.072842491811765026,-0.085604766698404264,-0.04377919277548651,0.99536687015313063,-6.4742225933109907,10.503140539880413,-2.8564743205457446,0.4472529162229227,0.4824990573432936,0.1650485436893204,True,5
0.11257931949332377,0.98970109586112542,-0.088417405943113148,-0.99087721643274118,0.11845492195060718,0.06427109319266161,0.074082648285036273,0.08037519715039379,0.99400784147113874,1.1853046642354257,-10.05587469180769,-0.067504177614200828,,0.08030414856254434,0.3783783783783784,True,5
-0.59909493038574169,0.79708419974212652,-0.075776268762437787,-0.80030274312423233,-0.59902358751251072,0.026196582820488017,-0.024510890108940656,0.076338195715482643,0.99678066601483195,1.7913565829009992,7.3922119771041253,-1.4816729324694788,,0.08142170413092695,0.2816901408450704,False,5
-0.21491598811916887,0.97181245236539693,-0.096910657196786834,-0.97613228252886852,-0.21057010868272147,0.053160100962340633,0.031255160465763002,0.10602257663770859,0.99387239029332097,2.1360407650506601,-4.9107608824565592,-0.40119280628445408,0.237234851715016,0.215319179335415,0.7195121951219512,True,5
0.95859393705666252,0.26208134783923553,-0.1114048066870415,-0.25059662569836783,0.96214161042280488,0.10716740494014051,0.13527377804585652,-0.07481235598336336,0.9879798157682268,-15.738533864258503,-10.443940648505976,-2.1461423843531051,,0.08213918655205432,0.2121212121212121,False,1
0.69374844378637401,0.71215572012159334,-0.10745848985576249,-0.7082817190138474,0.70166531978160296,0.077477645334455766,0.13057604395437639,0.022360888038660251,0.99118610131062124,-5.523944635945166,6.2218840353784524,-2.4552710324948692,,0.0736383656221901,0.2447916666666667,False,5
-0.38033345452351702,0.92240412134907224,-0.06720937649207992,-0.92483143611905116,-0.37886719123782464,0.033859506339206605,0.0057687204977293904,0.07503524719628768,0.99716419587849792,-15.389427498738412,-8.2776317110824564,-2.3135403733215294,,0.3296366368974955,0.2857142857142857,False,2
0.9909498660937669,0.059096786682720504,-0.12052357733041943,-0.047086691701162885,0.99385531432965202,0.10017214005574185,0.125702849424284,-0.093590512246084778,0.98764346282660653,-8.9696414666332274,-0.93337225362577492,-2.3236173198190655,,0.07971590023286476,0.3860294117647059,False,4
0.82579568647185231,-0.53653905667243618,-0.17374499955260381,0.56022190403404826,0.81586641230869839,0.14322505195320523,0.064906875174725903,-0.21561038456341844,0.97431989593945334,-7.4942549171525545,-11.091738442126365,-1.0839986784503455,0.8759733085531993,0.4732473332356282,0.8245614035087719,True,5
-0.9841843213077659,-0.13230279210947812,-0.11780149783432231,0.13210789616495466,-0.99118985376454483,0.0094961868711138202,-0.11802002144908794,-0.0062165098132139288,0.99299175703673415,16.331278770389801,-8.6390342468843038,1.8661536121512285,,0.7444582704304928,0.4166666666666667,False,3
-0.9103161235256455,0.40293284928218426,-0.094708364037095288,-0.40440537442291619,-0.91457131544736814,-0.0039499492062856079,-0.088209117369483017,0.034704868969814263,0.99549722434705223,-4.3522363076261312,-10.966329847596255,-0.68954241971061181,,0.07717743331208468,0.3823529411764706,False,5
0.81395150578153319,-0.5489462482068117,-0.19010776632121368,0.57716141798399201,0.80136971023116654,0.15713460826541215,0.066088151938780273,-0.23762281898774457,0.96910667734240441,6.2515853333584319,0.0082699724870827773,-0.2378506906162374,,0.09545870029667367,0.3150684931506849,False,1
0.36373467863929121,0.93134517319137444,-0.017124600091761005,-0.92575864143031361,0.36346910189058762,0.1042168402320446,0.10328611413095909,-0.022054032374619031,0.99440715920781064,1.7711999988145906,-2.4213611764894694,-0.64507674227276934,,0.07210431139921009,0.1752577319587629,False,5
0.82957719440684496,0.55163683838482602,-0.086593747215734193,-0.54153305778088823,0.83261627493066415,0.11615543917986268,0.13617498246943249,-0.049466526635483524,0.98944905724957455,-23.988673760249796,6.1890401884554862,-4.6640398572990982,,0.116266296996471,0.4805194805194805,False,4
-0.83661286943838242,-0.52367007116368991,-0.16077488378939264,0.53031977935060948,-0.84779573755952453,0.0018218137729129058,-0.13725829053138325,-0.08373794804817157,0.9869894212893493,1.9138705249196719,8.3512603132478933,-1.5671974299763531,0.1788218079709426,0.1706570808620858,0.6445783132530121,True,5
-0.68253740365640758,0.72447579920039684,-0.096319826530768787,-0.72974182933108922,-0.68281443679215292,0.035232193129741553,-0.0402436968292725,0.094335896037311268,0.99472668788182816,-0.6798172847701407,-10.352656996694195,-0.24125501209279024,,0.4700808790124594,0.5904761904761905,False,1
-0.497673947494086,-0.84472625795227785,-0.19687100119518736,0.85966970604700699,-0.51055120854789937,0.01747741271846466,-0.11527635703259406,-0.16054598274706508,0.98027360921993245,-13.881578596086385,-13.338916148025817,-1.6997381931508961,,0.1097771377295865,0.2727272727272727,False,1
0.74522001455304798,-0.6430889908939581,-0.17630564284941627,0.66587563257096594,0.73174047389878982,0.14548374756855328,0.035450978234330376,-0.22581503193845515,0.97352493521884875,4.0189740844904316,-16.845557303915346,1.0143728589995609,,0.1504577006529375,0.2941176470588235,False,4
0.86240796090571903,-0.44141615308403159,-0.24779888773547143,0.49683139640291885,0.83188771792237204,0.24722740203754837,0.097010682477589497,-0.33632514709192435,0.93673599424748777,9.0758484978517888,7.0387749592961981,-0.41230066651158487,,0.2719706299801029,0.4054054054054054,False,5
-0.69327033946229377,0.71803836255968556,0.061620989236159718,-0.71943979024910076,-0.68453575803734668,-0.11754651919374876,-0.042221139588684162,-0.12582410683506584,0.99115370629937694,-27.463106471919868,13.889601236129522,-5.421493000132136,,0.3510318825794447,0.1666666666666667,False,1
-0.94975123061345212,-0.27073916410046323,-0.15707611202986044,0.28708180403819711,-0.95343241379344612,-0.092469833557643349,-0.12472625120001418,-0.13291703182883113,0.98324789596083351,7.6584406686551274,12.327872365348219,-1.0215876254117877,,0.2795666010030089,0.1304347826086956,False,3
0.97030551533291154,0.21151301009414356,-0.11734331457500287,-0.19973167267686531,0.97425767027736032,0.10454305732774269,0.13643484102030118,-0.07800152861736051,0.98757343812453802,-4.7357181712101664,10.74697321086831,-2.6402420604660599,0.255937940230696,0.2137371338686419,0.7111111111111111,True,5
0.88676774636079336,-0.44008227444031223,-0.14131721670639752,0.4571483519972202,0.88019603940808566,0.12755515072527279,0.06825209359739029,-0.17771472627152499,0.98171234472518054,-24.19973736654752,18.965564411365669,-5.4336345876721461,0.4811164171733754,0.4273361728697562,0.9726027397260274,True,5
-0.79997252297417376,0.59999054669627061,0.0074368246884648909,-0.5969284208997504,-0.79450763080144027,-0.1115082280390739,-0.060995268738378447,-0.093642770534591038,0.99373568352864361,7.1299051445195003,10.068516864641577,-0.92597943889151979,,0.1343463518937901,0.3269230769230769,False,5
-0.46915927098460758,0.87833454418479928,-0.09174969722496315,-0.88310705799964806,-0.46701594029938365,0.044922551324349268,-0.0033915424806093553,0.10210063661879601,0.99476829334354977,-15.945459108876772,8.3377904449840283,-3.8936181260741187,,0.06275367427728751,0.2727272727272727,False,3
-0.74542097064347157,-0.65087667235872426,-0.14389973559454192,0.65321319924889021,-0.75627085065560573,0.036971837602104408,-0.13289128207664583,-0.066437623586946659,0.98890138503297942,1.5039133072894619,13.78969799004269,-2.006841451194719,0.7141706604292596,0.5730631258297021,0.9851190476190477,True,5
-0.91250870621966407,0.40866012206127211,0.018021257175383207,-0.40454559036250581,-0.89504281619435699,-0.187726456572125,-0.060586519883276971,-0.17859244613292161,0.98205601255360819,0.35979738552112472,-6.2227118266070924,-0.48191617596288316,0.5796064638739888,0.2927353532924593,0.3636363636363636,True,4
-0.45238680698157707,0.88465849474059932,-0.11280746674006104,-0.89182130131627313,-0.44889061825617377,0.056142491574017808,-0.0009712814020013949,0.1260022242854735,0.9920294834769533,5.6542084936580537,12.260641690340325,-1.259965742272581,0.6689223562317139,0.5919701871986083,0.9498207885304659,True,5
-0.90621365478994953,-0.39905282051202862,-0.13976286457295092,0.4004128173318004,-0.91612760130885662,0.019488299989769212,-0.13581747895117402,-0.038302278802646479,0.98999320596147111,7.3788229153634601,-10.318878502136942,0.81398328399078623,0.193460560409506,0.1037487945619357,0.5652173913043478,True,5
0.82950038838739393,-0.4916276376541876,-0.26501202153812986,0.55442283419154037,0.78210613015984076,0.28447376345353659,0.067412362309764662,-0.38289981334673173,0.92132692696287566,-13.194016993927303,18.940135293073435,-4.1815167457495708,,0.38322251951856,0.3684210526315789,False,3
-0.99016366347524787,0.080771871405848877,-0.11424458115321612,-0.075440617239988239,-0.99588334606297857,-0.050250117461112027,-0.11783307177412612,-0.04113715867683361,0.99218098216619277,-1.4788330635714113,11.933999924784031,-2.2890669600531921,,0.2436546878811963,0.7142857142857143,False,5
-0.98505494161062668,0.14061511280040409,-0.099469352368535491,-0.12805689276615662,-0.98410684154676786,-0.12302502442967837,-0.11518764787755363,-0.10844867206644605,0.9874060417596513,3.7718048113417595,3.727560983910911,-0.91802965541126069,,0.07455298639901864,0.2,False,4
0.94293059149360503,0.31661355736138685,-0.10313949253553449,-0.28886462869712715,0.93183636733110753,0.21963198948886253,0.16564759555511382,-0.17730437054436304,0.97011547471044723,-38.369901988081359,8.5597278361080065,-6.269052680714557,,0.2261261584099648,0.3,False,2
0.98864594990793864,-0.076097346867870411,-0.12956997927877023,0.093408495828309582,0.986671150790848,0.1332474881720358,0.11770318023623065,-0.14383752638562433,0.98257657582782976,8.2738856041878659,5.1693711748730289,-0.36316238187289102,,0.08381806328504808,0.1666666666666667,False,5
0.99260149381512064,0.00090098981372427464,-0.12141442539231617,0.0078963171520210276,0.99737653448135755,0.071956213361960369,0.12116073064910697,-0.072382571682089544,0.98999032352102379,-14.269385999044662,5.3291861411203607,-3.4969910226852514,0.6206896452006609,0.579730298719799,0.9976580796252927,True,5
-0.91497174229685274,-0.36599190141506743,-0.1699312769823233,0.37858431533828329,-0.92434080867355917,-0.047623372418927619,-0.13964464536137022,-0.10790735618711123,0.98430451360470916,1.7748285697487654,-6.4757251440901706,-0.30628432045577575,,0.07323481919224488,0.2564102564102564,False,5
-0.92905837562949711,-0.34271990921481232,-0.13926090083175399,0.35819143388071345,-0.92748697564245752,-0.10708317658757852,-0.092463135179159051,-0.14936858385014812,0.98444887870901776,-1.8690333619470139,-17.509714445336378,0.3248073978772375,,0.2686556782907231,0.1923076923076923,False,3
0.022177124065481373,0.99974072265845881,-0.0051635865951917825,-0.9985800434289106,0.022401013889224324,0.04833312986191457,0.048436267751532709,0.004084364709054919,0.99881792431414862,12.550561130218767,7.1646741859347438,0.068591664911918648,,0.6260888518434806,0.3181818181818182,False,4
-0.36869678629668151,-0.84079828319211014,-0.39638482155059956,0.92325217142560134,-0.38078826084088113,-0.051046335457996257,-0.10801901560564392,-0.38478376705232586,0.9166642487195682,3.0953266615167623,-12.074210422804928,0.39911441021716132,,0.3386019293385686,0.3157894736842105,False,2
-0.26544398664104857,-0.91613725160888426,-0.30038646136373531,0.96034003906418053,-0.27882600034015748,0.0017523996458545764,-0.08536099417365714,-0.28800798209221656,0.95381596910769662,-29.39977056056162,8.7928989513835987,-5.3475574068965095,,0.5610584804533301,0.3378378378378378,False,5
-0.97403486408732864,-0.13932114998366518,-0.17845363742330606,0.15725898620228809,-0.98339248541281288,-0.090602598705770809,-0.16286710779346544,-0.1163135280216341,0.97976806867653765,3.7628965191830903,-7.0054821739772333,0.036671560528234101,0.5864383843319646,0.3304491210047362,0.7230769230769231,True,5
-0.48362036661136021,-0.8520580404425081,-0.20027090831163263,0.8691399019909638,-0.49453893083822714,0.0052035230873355397,-0.10347546455962792,-0.17154690787844587,0.979726740796388,-12.200631289307585,22.147822916156038,-4.2402806767941312,,0.1736051715733239,0.3636363636363636,False,2
0.86399917096529621,0.50316142005588693,-0.018276157654813482,-0.48859674888393928,0.84664837996130826,0.21085477867227972,0.12156746913267936,-0.17324868275468852,0.9773465323888143,-12.923762345286777,-9.8571548461053098,-1.9110830172846249,,0.1310237512593395,0.25,False,3
0.005108098552096518,0.99997025431800823,-0.0057790836957075237,-0.99886490108043646,0.0053759769331770003,0.047328725543640593,0.047358385939064475,0.0055307640696265203,0.99886265018272358,-13.248824348862561,-4.7345131146722332,-2.4117954528225805,,0.2280334226082741,0.2105263157894737,False,3
-0.91987192022415998,0.37483681724377005,-0.11546865731304869,-0.38071208168341875,-0.92410198625842199,0.033073098637990329,-0.094307800543727754,0.074383327646731265,0.99276037356695723,7.940555148443325,7.2234720425197203,-0.59206365024314034,0.5127756045902684,0.4594637422335822,0.9240506329113924,True,5
-0.021462630239916996,-0.98422036272863145,-0.1756406362249513,0.99791191278565039,-0.031794412143064943,0.056222145787590452,-0.060919371497650525,-0.17406720813179605,0.98284761648463748,-5.4225641177158366,23.078990415206992,-3.4362107062962597,0.8444263173179531,0.663848467636541,0.9662921348314607,True,5
-0.97003419703045179,0.21383648975262057,-0.11535862447933849,-0.21737218055109736,-0.97590685776724817,0.018845160793098691,-0.10854948969916324,0.043356206166292224,0.99314512920968301,0.13873296748857211,-2.5669218462523813,-0.89723528484531334,0.9604838977118351,0.8731511422203099,0.9980276134122288,True,5
-0.4337372010533071,-0.88776634884768024,-0.15408747605208586,0.89420626980971263,-0.44512798138204845,0.047499760249316,-0.11075733589899515,-0.11718357412368766,0.98691480002083032,-14.388121298724691,17.93744030568266,-4.27101978451548,0.5781001114104221,0.5488738770468611,0.8837209302325582,True,5
0.098316080860595123,-0.92812157165225606,-0.35906029643774262,0.99394408453558913,0.0737862740505765,0.081429371718339361,-0.049082635024244328,-0.36489167433017694,0.92975532315959208,-3.1676783991942363,29.024370203869996,-3.5964325104482997,,0.3452517904964151,0.2,False,1
0.36258616835613905,0.9315718897383275,-0.026553432286147427,-0.92533729699770917,0.36325538695598758,0.10861128225202593,0.11082489477453678,-0.014810067414333841,0.99372959330060995,7.910085708221656,15.943076119650049,-1.2393152975687403,,0.1677617609483134,0.4782608695652174,False,3
0.385846612240626,-0.90670140146986911,-0.1703377832279469,0.92231064536248819,0.37479127657949179,0.094204949185003967,-0.021574644225717886,-0.19345301127791709,0.98087229910628193,-6.7598683412032958,7.0461197012864449,-2.6995773460163561,,0.06911293842750174,0.16,False,5
-0.89628005162308988,-0.40167596032548064,-0.1879853503843176,0.41973352954377591,-0.90516256053258093,-0.067115595704921122,-0.14319857973889238,-0.1390581242024542,0.97987601504172928,-2.5056457045376619,-3.3936688929974892,-1.201173607303968,,0.2406777482302314,0.296551724137931,False,5
0.96705096699001503,-0.18322039876083268,-0.17675608255898101,0.23286242497554238,0.91721308051688444,0.32325725972240182,0.10289566695534724,-0.35376609561495287,0.92965694281017719,-11.145604100892854,11.137738929816566,-3.5122287804158305,,0.3682590903840689,0.1521739130434783,False,2
0.26297177961119034,0.96460878934971406,-0.019383669348272431,-0.96334333964932239,0.26362570977910305,0.049710110608960779,0.053060843203011791,0.0056007725131155123,0.99857557463911684,17.78400100270105,-2.4384721517058239,1.5936167747381045,,0.2176639365385744,0.1739130434782609,False,4
0.99203617399923916,-0.02533788618384207,-0.12337836520511099,0.039044400044406631,0.99316702206050644,0.10997636617308897,0.1197487549084475,-0.1139177677765838,0.98624691527156438,-1.0318024471910019,16.22690383765616,-2.4681645029179307,,0.1147196726165959,0.4468085106382979,False,5
0.98862822264218597,-0.082128823635666745,-0.12597259116004142,0.10306243276576757,0.98006226055146639,0.16987083444532841,0.10950969065683192,-0.18092214284319122,0.97738160709176114,-16.401664617128699,-12.678579150299425,-2.0492035249442879,,0.1886235594330297,0.2413793103448276,False,4
-0.57719945504696124,-0.80240570774663322,-0.15161091408310773,0.80829541794356263,-0.58780996515995998,0.033733695173935492,-0.11618651567601211,-0.10307533669249529,0.98786444846486721,-23.82588424094908,11.239389019321166,-4.9778808877503762,,0.1132309684063916,0.5526315789473685,False,3
-0.72569109101737672,-0.67030349951619439,-0.1551311024725647,0.67506039375601357,-0.73724360282171919,0.027664686523215118,-0.13291314908610846,-0.084646846573248322,0.98750645879671051,-6.3642306874027996,20.885543044816686,-3.4580096730735339,0.7264852791158747,0.6591436689790268,0.8898305084745762,True,5
-0.17736720501344705,-0.95444401467422835,-0.2399531150834654,0.98182132233895225,-0.18835234267318882,0.023458175762667739,-0.067585246809554259,-0.23143037368086031,0.97050101316362802,-12.590734313742045,15.481042470354529,-3.9063004143581757,,0.1247610819569173,0.3333333333333333,False,3
0.28219737449583648,-0.8841835811815365,-0.37226876930069025,0.95905742271252259,0.25031760531246383,0.13247624847740688,-0.023947896936281791,-0.39441157594526477,0.91862179758195506,-13.330945320370807,23.272936188813585,-4.4198538285735065,,0.504430675685857,0.3076923076923077,False,1
-0.69638893071086705,-0.6831156760187842,-0.21998961421115759,0.70661160917719479,-0.70624676315822998,-0.043766920208504,-0.12546908367956544,-0.1859260140645243,0.97451989529957139,-27.788051640161264,9.5644781925138886,-5.2529682271926941,,0.1732921464264168,0.3055555555555556,False,5
-0.37154154052835831,0.92831925217234901,-0.013425710706905097,-0.92834967415763736,-0.3713027364920003,0.017353972598836823,0.011125023740347843,0.01891147587374882,0.9997592659870943,5.9251888702632547,-4.1547431654550149,0.02640137444614709,,0.08612876456238702,0.3076923076923077,False,5
-0.73268212230556473,-0.65477919721275901,-0.1855831634368531,0.67006029700266567,-0.74176806589359456,-0.028272509637043371,-0.11914741304163602,-0.14506667197496542,0.98222174413296059,4.2104391965656314,-5.4023962632592255,-0.081433048514512746,0.4289681042895873,0.3654034337412184,0.1764705882352941,True,5
-0.74330220334499053,0.66472171019386794,-0.075145741725147583,-0.66692000681042574,-0.74510689874646874,0.0057804806376414303,-0.052149199595632294,0.054412842577461804,0.99715580705533491,0.56692923761743885,13.165944765776338,-2.1009886892429246,,0.06832396302469712,0.24,False,4
0.020734597272751499,0.99498171230906263,0.097884976612662988,-0.99754271654811566,0.014035188316808229,0.068640674171488905,0.066922381441051393,-0.099067682214920641,0.99282777418987489,1.4571782164224945,-13.251756645257132,0.29617913690101755,,0.3448197439216711,0.1724137931034483,False,3
-0.94716482326231199,-0.2867636435887308,-0.14368510810166801,0.29291177764056003,-0.95585851132707988,-0.023177507265128725,-0.13069616709727841,-0.064039980006972252,0.98935200655114963,0.57634122489778616,21.522350085370533,-2.5896487317740826,0.3220729458714886,0.2337941649612633,0.55,True,3
-0.9325453549320657,-0.33739573772969766,-0.12854290006244051,0.33395336141931847,-0.94136090531265992,0.048112351279783944,-0.13723816302824673,0.0019396161383828034,0.99053618030734736,-7.2970506725270372,-5.2479636331167772,-1.6270179712295436,,0.07458995310328342,0.4150943396226415,False,5
0.65772545035179109,0.75222755292127608,-0.039381983007511265,-0.73482058520570304,0.65224569394941001,0.18604908568010251,0.16563797728022234,-0.09343052686634383,0.98175088343835748,-14.592986564246953,16.339594295137598,-4.2416315587207274,,0.2142879129023458,0.1481481481481481,False,5
-0.88096574898305702,0.46830062112596654,-0.067778148187714604,-0.46579330603979446,-0.88348144651092486,-0.049971288951585563,-0.083282322057206565,-0.012452386277271646,0.99644818877288444,2.7623012255711696,12.883468686623184,-1.7773886937053056,0.2003351076654819,0.1527056007968295,0.3636363636363636,True,5
-0.52968980734003002,0.84819043345921941,-0.0013025315134219395,-0.84818464624500833,-0.52969108756475136,-0.0031871034971309858,-0.0033932100306427876,-0.00058338900643316316,0.99999407287391229,10.155683608926331,9.1511815249742856,-0.43881821718830499,,0.3049154123308374,0.3181818181818182,False,4
-0.63690878620146929,0.76585328902143934,0.088407792385156128,-0.77027314735406749,-0.62739482695940063,-0.11425852077567328,-0.032038672329426213,-0.14087040427154843,0.98950950105379987,-15.362121048273611,-3.5635850463535506,-2.768615643638527,,0.3788644815193809,0.1724137931034483,False,1
0.1108520429481091,0.99333973371010031,0.031432435587771895,-0.98696772688591006,0.10631866855686856,0.12079340545723755,0.11664703450963698,-0.044412995272144998,0.9921799006183637,7.2944448693791273,-5.0177220327372014,0.3057289868375091,0.9841827920952793,0.4274809607020134,0.2666666666666667,True,5
-0.53131502014986143,-0.75855491327389235,-0.37722512232245359,0.83864558696346803,-0.53397056822907318,-0.10746632836298382,-0.11990800152555542,-0.37345665854709065,0.91986531370466895,-1.9028378057006521,-15.809620521254859,0.12989179209815738,,0.2204398721089771,0.1578947368421053,False,2
-0.84426362039602409,-0.5144372486304295,-0.15024398988761961,0.51944019930781915,-0.85447922516631025,0.006865355215456892,-0.13191216251297841,-0.072246598402520776,0.98862511115205542,-16.440250289740874,13.897843543972433,-4.2968623715892535,0.4392217572643097,0.4264795108337601,0.8202247191011236,True,5
-0.98044269231582704,0.17367140365409936,-0.092576296303685565,-0.15271666915126814,-0.9680816163571877,-0.1987350070687034,-0.12413599819486294,-0.18071034177398468,0.97567106461557773,-2.4080432826387401,14.746724599793282,-2.5517286763440556,,0.07595196342231307,0.3333333333333333,False,5
-0.61335797865428987,-0.77476394319963227,-0.15340411447833424,0.78040057549652164,-0.62439704582105537,0.033215522495328428,-0.12151926508098357,-0.099343653484745567,0.9876051370494594,-18.099517982416227,8.5791049605228888,-4.1533103896561299,,0.07849091091203177,0.1818181818181818,False,3
0.74556905579189436,-0.63014701677161067,-0.21689057217736141,0.66531395816132233,0.72261371274692354,0.18758134029220908,0.038524279633731826,-0.28415516782903449,0.95800402946686813,-1.1845533373344717,-16.387490477900602,0.29580932613258809,,0.4897735553614064,0.4482758620689655,False,3
0.94391330103008708,0.30737287354723763,-0.12062170926412195,-0.30079493550525915,0.9511269131816904,0.069857009640096807,0.13619870378557719,-0.029656561310838679,0.99023754799459385,-3.8224764372443469,-7.1703512897954971,-1.0026903190971383,,0.07267371137135589,0.3222222222222222,False,5
-0.96550824542022917,-0.22231109277004904,-0.13554189779156181,0.22307818179645691,-0.97475231810197038,0.0096975853294963242,-0.13427565986409629,-0.020873341520287855,0.99072415473826014,-9.6444053578194424,-3.6326596386616852,-2.0717804331547596,0.135529018612243,0.09858909788362916,0.6,True,5
-0.93737030584241332,-0.31960759818921858,-0.13852036999885534,0.320019633206928,-0.94720196947865021,0.019896315685819559,-0.13756578094498637,-0.025679022479167764,0.99015970616739934,-4.4565306630560686,7.0670301611562323,-2.3670257230456042,0.139989342519481,0.1092984742846007,0.4045454545454545,True,5
-0.46621514547342824,0.88462463019712911,0.0090940518902809658,-0.88466387133092128,-0.46614422656891036,-0.0089103758764712201,-0.0036431981798682386,-0.012199331336812183,0.99991894842629969,-10.303959161405942,9.1859193699848838,-3.2574540269494046,,0.1784697963993365,0.4680851063829787,False,1
-0.14899560734899997,0.98618804600725618,-0.072342566329186231,-0.98791781801897005,-0.1453029069404497,0.053902226997523131,0.042646146734963863,0.079499705326781883,0.99592223743704755,8.3262727026038004,0.65904488008578355,-0.0040924874582669475,,0.09451856205639997,0.25,False,4
0.79385109447236279,-0.55692485581502238,-0.24420308102161303,0.60495768408788819,0.76410800618394459,0.22397579188076552,0.061859843744150197,-0.32553595786182177,0.94350394798905624,-14.114325559507229,-4.3262499705215491,-2.5527073545522709,,0.360120927209225,0.28125,False,1
-0.3123650829980541,-0.86985891033485407,-0.38180300029554581,0.94133686600311006,-0.33746590509525848,-0.0012913565280552042,-0.12772219708047364,-0.35980861441785944,0.92424282597358487,-12.280865141986272,10.788903205747186,-3.6076809818908688,,0.4282730563943533,0.1736111111111111,False,4
