axis_00,axis_01,axis_02,axis_10,axis_11,axis_12,axis_20,axis_21,axis_22,location_x,location_y,location_z,dbh,dbh_approximation,score,reconstructed,number_clusters
-0.70570069972350458,-0.58382385588662655,-0.40141777203734919,0.67576903909518715,-0.72487709172929016,-0.13375129041043127,-0.21289135306565471,-0.36565408131697302,0.9060763569402509,16.035930869524844,8.4676300634608967,-1.1879144136120188,,0.6604987363227245,0.4444444444444444,False,1
0.89019449218928748,-0.2712191620275447,-0.36605181631148093,0.38753125943608041,0.87323913047136215,0.29541994511797265,0.23952721982218048,-0.40483772942093349,0.88245856775350129,4.1821609094199763,-8.3559654448534033,-2.7308881653276522,,0.4110245635789004,0.2333333333333333,False,5
0.93006939911550923,-0.25787649436083904,-0.26166892533329461,0.28163467275561799,0.95782148861926575,0.05709559563583793,0.23590850754212569,-0.12679790848172245,0.96346741848072304,4.5452402926237507,3.9465062832682278,-3.6748684188653451,,0.07887284592402234,0.3448275862068966,False,5
0.68659005298746945,0.68530912317549153,-0.24278695358503555,-0.69754974363068944,0.71507237497879783,0.045780494786975143,0.20498403425492073,0.13792354488853589,0.96899878300540532,0.70687548010223089,13.48305157830645,-5.1399596271786612,0.452713604291483,0.5549571553391643,0.609375,True,5
-0.5506689553998767,-0.71450254793300128,-0.43156669305688755,0.81893033727585407,-0.56253776524958365,-0.11359738270427008,-0.16160694368765327,-0.41597760957202229,0.89489989612619902,10.05565126270548,3.2136418314550648,-2.214709505471252,,0.2254724585328849,0.3157894736842105,False,3
0.68053629677121341,-0.67910037549841507,-0.27512366087785822,0.71696648756699399,0.69461344695017435,0.058917018100419639,0.15109402530467803,-0.23734961410103295,0.95960187380148443,-1.4765851307955078,-13.003714149288131,-3.889037695645936,,0.09287918121803854,0.3488372093023256,False,5
-0.32053975722561501,-0.90264262156459507,-0.2872117020121886,0.93948230504739227,-0.34166390760985871,0.025273953778547568,-0.12094322031673327,-0.26172900483468869,0.95753363673954595,-4.1915475201610199,-10.901996220925483,-4.6720277182072802,,0.07313183362011291,0.2181818181818182,False,5
-0.030403199221254056,-0.89337890918524265,-0.44827421306617532,0.99880285082036591,-0.04434843831335885,0.020641734720625797,-0.038321151734038536,-0.44710998718676842,0.89365773576220142,4.7844069257343254,1.857506765272811,-3.3482853145281477,,0.1174715593970283,0.375,False,3
-0.87476838505578691,0.42142311283328715,-0.23912932165837422,-0.43475770269296521,-0.90054119946758637,0.0033597634763694664,-0.2139299241715073,0.10690232940111506,0.97098191513157928,16.615955737666333,-2.7165142362045702,0.018985385710402404,,0.08172983603177002,0.5185185185185185,True,5
0.91022309944557322,0.37841791884124959,-0.16820757395417799,-0.35967845070153981,0.92372396251065836,0.1317780451537609,0.20524454033331241,-0.05944678110263156,0.97690365895512032,18.439008276870148,-2.4651332004367372,0.38738836436794527,,0.683648182293815,0.3142857142857143,True,3
0.84934898791506686,-0.4216466050200206,-0.3175223412655277,0.48580274373279392,0.85969187187538709,0.15787836968084801,0.20640249734279173,-0.28834705808536287,0.93501549890051283,-14.454327432271175,-7.3361504063142871,-7.4579059567994763,,0.08553512557630022,0.2,False,1
0.6749052688046836,-0.68166999667613715,-0.28254007462877673,0.72135205482128084,0.69013108886945251,0.058054226211200995,0.15541586516438885,-0.24299196654914443,0.95749716085625314,8.0289568663050161,3.5575691526818622,-2.7379564351679546,,0.09075365243568542,0.4242424242424243,False,5
0.86910056641421052,-0.39798193793464448,-0.29372535221918539,0.44707089412416418,0.88611234710695486,0.12219870675103331,0.21164078313387572,-0.23751902109597317,0.94804688361498857,-5.8114516680214692,9.1343739749560893,-6.3772592855179218,0.2218004075244872,0.1182995793646225,0.3586206896551724,True,5
0.94066680147909509,-0.20655990107788466,-0.2692191966814117,0.23830975436382668,0.9669371827344726,0.090779654221499584,0.24156661518128444,-0.14955096760709011,0.95879094620132999,-0.5957443082616054,7.1189551302107494,-5.0605368943976732,,0.08277712192402684,0.3658536585365854,False,5
0.94849332831877009,0.21522670344233294,-0.23246047461908376,-0.15449391381627156,0.95486461161190583,0.25370298398910562,0.27657193770972865,-0.20472185915673985,0.93893392933416542,4.8698841852342891,-13.918596513213561,-2.2435991310711212,,0.2678459185364836,0.1666666666666667,False,4
0.960006661513648,-0.047398939007521998,-0.27593577229199817,0.089772379153240545,0.98564028727681119,0.1430179850160522,0.26519451312307929,-0.16206962910380868,0.95047635716600909,0.34004728818048235,5.2966674589544773,-4.6854539969986782,,0.1148099656795774,0.2844036697247707,False,5
0.79999893503013519,-0.51038731638277546,-0.31544649502925015,0.57046429673384624,0.80993710402897434,0.1362804962902526,0.18593598388318622,-0.28897521484159816,0.93910656216674582,3.6773981097540771,2.3915586145624923,-3.6789257183626938,,0.168978719565441,0.1111111111111111,True,2
0.82948977274220126,0.54131684125438417,-0.13756014790071658,-0.51725903242128279,0.83745193770210302,0.17640109245010749,0.21068889456895776,-0.075168673085062421,0.97465884302762129,10.377049678607998,6.9997032991964661,-2.444024188551944,,0.1127749969883419,0.4375,True,5
0.73309305400351754,0.66331396872225545,-0.15029688310050349,-0.64421228390512719,0.74807516569791477,0.15929243463447107,0.21809426273411073,-0.01995307905984281,0.97572371458240992,-1.1611611635722086,-11.281974845447552,-3.8582435986607067,,0.1278494792607449,0.2424242424242424,False,2
0.026261154412967107,-0.92742093141970849,-0.37309619099301872,0.99956432453204214,0.019331262500027514,0.022303887844007081,-0.013472672032723298,-0.37351936797809537,0.92752453814092883,9.9820309676143104,-4.4536703819293564,-1.5327256115794985,,0.368776901905604,0.4615384615384616,True,5
0.39240670365005975,-0.8670703818325054,-0.3069298484659454,0.91863131144799826,0.38620503272924012,0.083439716693778504,0.046189745158700536,-0.31469767340010718,0.94806744580685531,11.723018325734868,-4.7399959051734717,-1.1293086599788815,,0.1348738611412085,0.3157894736842105,False,5
0.93233633354183298,-0.19917783060375224,-0.30178991526184995,0.26656091202586224,0.94253207606899725,0.20144122160324135,0.24432404985533493,-0.2682563650261604,0.93184992422880986,-12.051171877568743,6.3007917202252059,-7.6586602301630888,,0.2352439245146491,0.3679653679653679,True,5
0.9388322983378552,-0.18618055527275085,-0.28970798476395671,0.24829007510820542,0.94889549693038933,0.19480599197148474,0.2386335144115859,-0.25482177446906407,0.93708052431795597,-11.113600077276914,-7.0415086162573939,-6.6514794657194285,,0.1002929539198796,0.2651515151515151,False,3
-0.78208599442727356,-0.5464567958345945,-0.29954376576201791,0.5783746902013015,-0.81546235917506249,-0.022446792714989339,-0.2320004634806811,-0.19080385492654367,0.95381847009266874,-5.2714821843439656,-7.6050225609514772,-5.1553690558332415,,0.1735295626525423,0.1805555555555556,False,4
0.82797462655581655,0.53000143548447709,-0.18318432292133818,-0.51092898599001169,0.84763191707246555,0.14307936411402894,0.2311051471840771,-0.024871902710690619,0.97261081600020016,14.882943700591861,-8.8106421365462264,-0.07122327107973335,,0.1018552367312169,0.75,False,4
-0.7477724517102261,0.63468437661117394,-0.19496692680801789,-0.64087385352094917,-0.76670964622310522,-0.037908076469927096,-0.17354268736102585,0.09660259041105515,0.98007697411447592,-16.63275554100003,13.248287631431653,-9.2877530979443037,,0.6181920395010317,0.5588235294117647,False,1
0.94896597833917584,-0.15902331486455143,-0.27235116538076454,0.20884626052740321,0.96395440940635135,0.1648488278689679,0.23631929971648727,-0.21331545165679458,0.94797136384279368,-4.5903358958990337,8.7370234407312832,-6.0289198404772257,0.2517439746164889,0.2896761290179609,0.4158415841584158,True,5
0.95579765779672876,-0.13782691291929458,-0.25972019448903727,0.16332551032851636,0.98338842925237613,0.079195800952283443,0.24449052134227192,-0.11811409436507206,0.96243100827337313,15.035416563672108,-5.9290372046174307,-0.19332621878551554,,0.118022595399198,0.3333333333333333,False,5
0.97198124534298036,0.14934467378466831,-0.18151756695609439,-0.11624765781885182,0.97658595214876642,0.18101480634831593,0.20430110316182915,-0.15484200488833197,0.96658419848920629,9.9456972120546379,15.997042021890465,-3.3198644491921381,,0.2488829557969447,0.3809523809523809,False,5
-0.22804544130838375,0.95080464603639259,-0.20968023696589982,-0.97338136772767825,-0.22769605903306536,0.026138432650152435,-0.022890820410380368,0.21005958625214458,0.97742057506710944,10.047215616317029,-5.9951826994135633,-1.4687330084595231,,0.06791214596402523,0.2173913043478261,False,4
-0.72600125940688809,-0.57587183163321709,-0.37589068207527765,0.65305185572663471,-0.74862062713192867,-0.11441341863871485,-0.21551205319334787,-0.32854039350436481,0.91957368642452231,-21.106837616575088,7.3820710366312587,-10.036702568375397,,0.1463505825212556,0.25,False,2
0.63537225472237369,0.73965659038689602,-0.22183378062468079,-0.74666073943465516,0.66173629826639402,0.067844025113373868,0.19697674511449664,0.12252836346708348,0.9727214205671515,-2.8021946868770495,-16.256691710639153,-4.0023991295642221,,0.6412968787386051,0.8117647058823529,False,1
0.93704769143951216,0.24644764964992047,-0.24739680666878253,-0.23756904490272088,0.96915232678111907,0.065610337590594703,0.25593470431320919,-0.0027061923015480258,0.96669028320933115,5.4914538797255492,3.4616051393116432,-3.3305050216670185,,0.06817146865942783,0.175,False,5
-0.75033087940698717,-0.59397825994584119,-0.29016098655754441,0.62166788180769439,-0.78326982313780846,-0.0041747922583798627,-0.22479460878115198,-0.18351624144303119,0.95696874190829839,14.376658228869395,-1.3853163453081598,-0.71828231100108897,,0.07681772158001586,0.2608695652173913,False,5
0.69366750904739582,-0.66566941990973549,-0.27515379388447014,0.70465015235681849,0.70632198582350791,0.067656597060811341,0.14931024638481416,-0.24081834593604484,0.95901667065027274,-7.7056367204304443,-5.3532390496606075,-5.9290952995060904,,0.2503596537084611,0.8017543859649123,True,4
0.71112882849258752,-0.56412029819055765,-0.41959990283144344,0.68441843244558953,0.69199102077152219,0.22960800617641652,0.16083282816478248,-0.45046278019497199,0.87818909412696233,-9.7984678234660727,-12.872290747528345,-5.9558119600827082,,0.4616215367766911,0.3333333333333333,False,3
0.20268621471439369,0.95543005841574524,-0.21464319658548947,-0.97514551020607987,0.21696225177601203,0.04492900209450254,0.089495990355300648,0.20020186008119106,0.97565858932843719,10.485830673538047,0.66207717621050777,-1.8728762323443728,,0.06886916119533558,0.4074074074074074,False,4
0.95847939430861795,0.1370948587062652,-0.25004449684424812,-0.12071586038512117,0.9894760817225664,0.079779475746811629,0.25835040494890638,-0.046282647020944957,0.96494195931541393,1.6370333940102362,3.2149755599010774,-4.2595618529617711,,0.2536048964803461,0.7963386727688787,True,5
0.62956902389349223,0.73644503881316992,-0.24757130076255654,-0.75211646383293995,0.65759245015253887,0.043508554719901837,0.19484267752530376,0.15881081295003005,0.96789227536173728,-3.4653915900481644,6.7269204794362523,-5.6507296444824116,,0.2799978956427599,0.6666666666666666,False,3
0.66924167209383034,0.71785474212301092,-0.19183366113526806,-0.7171874508808449,0.69156869810705746,0.085877215240984517,0.19431352148548692,0.080108083300104466,0.97766300449484833,-12.327619558397839,8.7762939935690731,-7.930662690585117,0.5334453681101077,0.4206257827155701,0.5319148936170213,True,4
0.9315138581262048,-0.24753782577943101,-0.26647130601103258,0.27431590643870407,0.95924299750321129,0.067850241088496618,0.23881523316896164,-0.13630075769946032,0.96145170854131201,-12.506448871633593,-5.575024041273041,-7.1196096588675273,,0.3129477279605281,0.9544592030360531,True,3
0.35002068910034173,0.92108543987746461,-0.1705494932489065,-0.92734654164147956,0.36644035261896801,0.07582782917948501,0.13234012583985483,0.13161717372069404,0.98242710196455152,-12.092969555958442,-1.911496517510999,-7.2104229329550353,,0.07154265111928285,0.2654867256637168,False,2
0.96664135350174407,0.073319487926857829,-0.24541545670649914,0.0073102228421646365,0.94986588224731916,0.31257217787979796,0.25602940132397706,-0.30393923477015189,0.9176436602652579,-0.96942660934275326,5.257168432779082,-4.9966045455816923,,0.08920836628014364,0.2631578947368421,True,5
-0.49376546957275746,0.86851270564162408,-0.043374430217126031,-0.8640912400756644,-0.49563257840876845,-0.087719302575755859,-0.097683109502591334,-0.0058332974330211895,0.99520047365290343,0.24019242631520632,8.8922023459654458,-4.9351317298421522,,0.7937193143229639,0.3076923076923077,False,1
0.9009148740982279,0.39216881159783351,-0.18589247655168345,-0.35316709342290586,0.91141596720295315,0.21117277014502314,0.25224074562170101,-0.1245975839952337,0.95960932066688454,1.1886042871035725,19.744038268481141,-5.5095078706227643,,0.2647217377329811,0.2857142857142857,False,1
0.89442690983904183,-0.2606316809392345,-0.36341660645404239,0.38817064558926562,0.85599808444177283,0.34145399299880597,0.22209019082029743,-0.44647329855524942,0.86679728934659195,-13.475904104569992,-3.4039338582647725,-7.4286125046454003,,0.2153729231228292,0.2,False,1
0.021524358897060912,0.99715756648236853,-0.072204498343474588,-0.99878472425736586,0.024649850425181842,0.042678559771332246,0.044337078886745901,0.071198121330400821,0.99647631730754804,-6.8047735312050932,19.025345925870003,-7.2737575722650538,,0.3547952584497835,0.3,False,4
-0.96095553601701111,0.11706134686064197,-0.25072115760228719,-0.12061241331950041,-0.99269893741390114,-0.0012105414315895791,-0.24903233434938621,0.029076807398406696,0.96805859105738601,-13.282740968387404,4.7827200841861242,-7.9241421262292757,,0.09096305290442644,0.379746835443038,False,5
-0.90537471187979968,0.34336225957813737,-0.24979789788139775,-0.3593310581319204,-0.93299777813569451,0.019908205736616648,-0.22622515720044015,0.10778452899768519,0.96809331862087689,-6.2060866883674377,-10.342760458970575,-5.1851742973451254,,0.0719173354477091,0.1904761904761905,False,5
0.11155391980397666,0.96812866777531492,-0.22423783268655331,-0.99150680376408618,0.12361162663734125,0.040428008231888246,0.066857917002364264,0.21782343398189571,0.97369552250302571,-6.8184601595611456,-7.7554799615708889,-5.4892348455670268,,0.1729300559279455,0.6591928251121076,True,4
0.91650416726063277,0.36970655731374846,-0.15276509049226522,-0.30842466129141788,0.89627367077827125,0.31869693342879329,0.2547436745066855,-0.24497054628844392,0.93546517399097906,0.53537745090564792,4.4207732421506449,-4.5827421154911523,,0.09569019556730926,0.25,False,5
0.65356845153963861,-0.64089648327651227,-0.40261641406663756,0.74261306132076532,0.64575598754245733,0.17755293776467654,0.14619890665760987,-0.415031206389188,0.89798384028625722,-6.1901160638077872,-11.642167491114275,-5.1571455998722167,,0.0953513226485547,0.3214285714285715,False,5
0.96019940498515977,-0.10389015603204167,-0.25927579552627789,0.12696304784460427,0.98915479072618662,0.073845680073000283,0.24879205603908455,-0.10382502329916993,0.96297605234438344,-4.1557850485286263,1.209075953735244,-5.5126123095305504,,0.06556800731967678,0.3188775510204082,False,5
-0.46079419133874672,-0.81664798652745318,-0.34749788392035952,0.87416173003380848,-0.48527330718755973,-0.01873731772554367,-0.15332965457722114,-0.3124033985601079,0.93749353789523526,7.1955855004662226,-7.412758279178739,-2.0431990327359166,,0.5191989937694981,0.4210526315789473,True,2
0.95457576670708388,-0.12602700129398897,-0.27000426026347529,0.16561762764257335,0.97769300410900861,0.12917891132203679,0.24770124551488956,-0.16802852335584442,0.9541543419747277,8.2711344434536738,14.179496447763222,-3.546600138260442,0.3448253784524598,0.2176912618378914,0.5806451612903226,True,5
-0.83416443979483867,0.53393006409677013,-0.13816068194454501,-0.51352088368346205,-0.84330351144085725,-0.15854175983782967,-0.20116160021912538,-0.061301502796738475,0.97763803953822381,4.9744560799369175,14.279960980723631,-4.3582159857934224,,0.07640801805153918,0.1666666666666667,False,2
0.65986575833347516,0.71925607024293703,-0.21736578939124279,-0.72265297931022998,0.68672981286228618,0.078580122296804403,0.20579079783371987,0.10522770331438339,0.97292203078260298,-0.37804421539866762,-11.854500521587607,-3.6212875698208182,,0.1165722916226686,0.3636363636363636,False,5
-0.61036425401679306,-0.72274771942781302,-0.32417774673845062,0.76783915421080884,-0.64039103130812502,-0.017954394474488981,-0.19462402390083638,-0.2598750874593625,0.94582579169667147,-2.0708385280829069,-10.54479722198246,-4.1463799339673706,,0.0929348654775811,0.1875,False,4
-0.9626586198268462,-0.053310261107013666,-0.26541740284648446,0.08930758066519455,-0.98807124585052963,-0.12545664254678346,-0.25556317752915958,-0.14447570447685548,0.95593631226516085,1.6064450835944144,10.656373483612198,-4.8025491120780304,,0.3692711727038243,0.25,False,4
0.027340070526369796,0.9841944899722872,-0.17496778689748582,-0.99827153165909199,0.035990818451284753,0.046460844441516158,0.052023740951850236,0.17339511785340889,0.98347733246983304,-4.1319010428529701,-7.016246507789222,-4.8807541108773078,,0.08920498450556513,0.2307692307692308,False,5
0.098243276239030841,-0.94656147762559628,-0.30719639931006582,0.99510723367801845,0.090189050515142463,0.040342640578660056,-0.01048103790200941,-0.3096567522958687,0.95079064130967961,-9.6157264324160963,-3.5347589723331643,-6.5067013739384612,,0.07424828130297526,0.2658959537572254,False,3
-0.37149266470154985,0.9100530070785442,-0.18383885438133285,-0.92746684374878263,-0.37280157477736764,0.02870957314531021,-0.042408181045797078,0.18116983786164215,0.98253704053820434,8.4153205163579017,-9.2522857948020913,-1.6277580975215236,,0.1131196046217142,0.125,True,3
0.22837128141929156,0.95258275958124783,-0.2010787009394186,-0.96899591726373335,0.24240274225757702,0.047831191415452931,0.094305196829897409,0.18392116978363351,0.97840662975896309,14.872377186355086,-0.53962483330130562,-0.6594618294554272,,0.3893440197626541,0.7647058823529411,True,5
-0.73879735640462085,-0.59794969627117167,-0.3108611054776042,0.63609264587001935,-0.77108447836453886,-0.028545982123001148,-0.22263111202081132,-0.21882615920977505,0.9500265785786608,11.923677829475848,4.7146393241297293,-1.8842292587902911,,0.3012363692952323,0.8225806451612904,True,5
0.86746178235262272,0.48536902781728236,-0.10921063589833133,-0.43256241564158243,0.84427153887249851,0.31637845252827024,0.24576373355711104,-0.2272057998502022,0.94232569305017888,7.9442451646212815,-8.4288864667789714,-1.8104238365586582,,0.08898199731903045,0.5,False,4
0.34371024266385647,-0.81623589213872738,-0.46435141592596518,0.93797053005459141,0.3223813745124755,0.12759911487371647,0.045547270357966879,-0.47940506646461611,0.87641099286293467,-0.93260668333291052,-3.9498024625201573,-4.3169569025848533,,0.195633892270039,0.2690058479532164,False,3
0.79290274636022873,0.59659258009233129,-0.12402632056616836,-0.56358111483896811,0.79538969965301487,0.223005723430482,0.23169281778094133,-0.10692295854802245,0.96689498867460544,-16.328551937105402,10.629311713841707,-9.0345468352366041,,0.09166621827704025,0.125,False,1
-0.72245269295732595,0.67569950652312061,-0.14660246697487883,-0.67565712941319722,-0.73494699584184153,-0.057795819711911604,-0.14679764954462779,0.057298256408593026,0.98750562525015972,-11.6962917143829,13.39820376098832,-8.0547959031159984,,0.3345605013634842,0.2413793103448276,False,3
0.25842787782371834,-0.91789225649579054,-0.30114587400227699,0.96515976250207447,0.2585620094905145,0.04015370587089373,0.041008106643303122,-0.30103071722549024,0.95273230368044004,-0.37079887322744765,-8.6863401825872355,-3.8729669461488592,,0.1273934935413713,0.1428571428571428,False,5
-0.21744701227496716,-0.86525013222085856,-0.45172890713842684,0.97160604939008466,-0.23609811184508073,-0.015471469606361636,-0.093265650918668952,-0.44226676370147361,0.89202109172583044,-11.890107361682119,-3.2725396528461546,-7.0704498075921389,,0.1686257806484212,0.2542372881355932,False,2
0.23408851833687069,-0.89461044816877111,-0.38062410802538571,0.97142556687644432,0.23100467452813048,0.054490442877008577,0.039178228668848673,-0.38250357694199993,0.92312300373511891,5.3599374077903725,10.64820038954189,-3.8832893876619168,,0.119809227840006,0.3333333333333333,False,5
0.62291834742644625,0.76516409038789024,-0.16277790765450062,-0.75643712757043258,0.6421991330630904,0.12402880925820291,0.19943822219549012,0.045871432001705903,0.97883614933941543,-0.79479527976472286,-14.253880590281751,-3.6500722379041441,,0.2392888790439663,0.7835051546391752,True,5
0.94152057079055196,0.23075538388632907,-0.24554219105014599,-0.21461463697224362,0.97245389139491878,0.090961457267087792,0.25976830517887578,-0.032945134972452522,0.96510882583579216,-18.719263196559158,5.6331592769031928,-9.3230854581538303,,0.1383090887827944,0.4782608695652174,True,3
0.68020545577674019,0.70301097874960905,-0.20759600595646185,-0.70311990244668165,0.70580904805995237,0.08634807733860754,0.20722678570813979,0.087230450154875405,0.97439617602433737,-1.8402304845500272,-9.2480025796167595,-4.1864288730909305,,0.07203690941710521,0.2121212121212121,False,5
-0.3789171847909456,0.90686774045450469,-0.18442523795035831,-0.92330654233628828,-0.38395873745961456,0.0089842533038191549,-0.062664152025803194,0.17368531674082441,0.9828054816694537,-15.40780997426587,5.8459950319194851,-8.4762739848354745,,0.0913586857227829,0.2528735632183908,False,5
0.90240318501926342,0.35924709962004464,-0.23792858819754475,-0.35244596454348087,0.93305272472258594,0.072072567352467892,0.24789177829066136,0.018818456428369906,0.96860494111559692,13.918141832776442,6.5163619466012888,-1.5747416289008191,,0.3640712610470817,0.8260869565217391,True,5
0.4304342568769457,0.90232158213572566,-0.0232833184677875,-0.89450480457735926,0.42987311978740639,0.12276096884703327,0.12077874438332112,-0.03201348616322594,0.99216310736131763,-8.5810825307642631,11.367727117307171,-7.1740934549013264,,0.305474146137603,0.2962962962962963,False,5
0.9637716232174568,-0.062226268063066852,-0.25936875263556919,0.084932696857392687,0.99338614349867727,0.077268408223250956,0.25284520024180407,-0.096497986858628579,0.96268242076341726,-6.3614521081970894,2.5352392407818058,-6.0480772305469319,,0.2993175904389195,0.9237385321100917,True,5
0.96413905624401208,0.018775321778353476,-0.26473263402350977,0.082381496666039181,0.92704968693506129,0.36577611589696374,0.25228786976779055,-0.37446810978469847,0.89225807114438915,0.042812600891662278,-6.0867915455507307,-3.9137269515088544,,0.3038847839047286,0.2972972972972973,False,1
0.23687373520507898,-0.84917506775421936,-0.47200904427204682,0.97120542242494257,0.21972583740973942,0.092090085389130494,0.025511978017839498,-0.48023146573210485,0.87677071021927466,4.5569285192036135,15.262043512608626,-4.5381195776497361,,0.3035563534307254,0.1428571428571428,False,1
-0.25834608344924742,-0.91615610118152635,-0.30645603181255748,0.96043314018797143,-0.27774317179150337,0.020661891294550275,-0.10404558806170934,-0.28899261027067824,0.95166054179724868,-0.98909167847472523,9.3735765627749608,-5.2748437127925287,,0.07721385306655207,0.15,True,4
0.042572928349403662,-0.93504423494228461,-0.35196565808748215,0.99872876835329705,0.030312791300489743,0.040273837004683344,-0.026988757571689032,-0.35323280338152457,0.9351460814118645,4.2832338090197997,-11.651355824010475,-2.5338729659186363,,0.1758423232169595,0.36,True,5
0.28343823894562215,0.94369302224295892,-0.17060552298608533,-0.95245989017044097,0.29774388583068523,0.064565749952713455,0.11172699906431266,0.14419451522299692,0.98322175497681541,-0.64303569127189331,-7.0198262605779416,-3.9995911473683812,,0.07325936453351226,0.1923076923076923,False,2
0.94181299511347638,-0.18428352813283452,-0.28111894901322054,0.26223313179967339,0.92602497537660666,0.27149867322933707,0.21029043445177933,-0.32941968101142638,0.92046760233069125,6.5890171517880205,-6.1009692057009932,-2.3231441992080919,,0.4150767502854924,0.4230769230769231,False,5
0.15450545422520715,0.98213316022432429,-0.10743612149758552,-0.98625299323682858,0.15976782508122811,0.042181458014276987,0.058592644129263315,0.099441931078371931,0.99331676941313429,6.0616406685761079,7.0044715073029202,-3.4806843194110648,,0.2632816397815247,0.36,True,8
-0.40200411374267647,-0.85518613342835081,-0.32718399980107937,0.89611096301616655,-0.44085848277008566,0.051273191161631794,-0.18808996383700036,-0.27258113537353584,0.94356859323648024,-5.9004464219854018,5.9945981720682289,-6.2086861858796958,,0.1922321650901613,0.2585034013605442,True,5
-0.96085298113083506,-0.038711305783320341,-0.27434099849737659,0.10008631311600782,-0.97182196582170344,-0.21341226926604948,-0.25834914085173916,-0.23251559421034676,0.93765250485997087,-6.9384206044646106,-5.1018002563940019,-5.7398432809524849,,0.08285128054512057,0.3846153846153846,False,3
-0.57295752321035742,0.79886682216159,-0.1831160207248273,-0.80964506307658912,-0.58639201417232734,-0.024885287834933392,-0.12725780303132278,0.13400076926780652,0.98277629468932404,8.3858793663944411,-15.252660600927209,-1.2680597245436771,,0.1741780598113558,0.2727272727272727,False,5
0.32695706318037165,0.94487819624840164,-0.017443425432935006,-0.93755938272685191,0.32663169334397024,0.11955810622494809,0.11866542334358252,-0.022736120109171559,0.99267395762408839,14.666763229019574,4.4012203537600225,-1.1720620504918693,,0.4159441870640255,0.5294117647058824,False,3
-0.29611598147056789,0.93790650414305243,-0.18068401978006088,-0.95407355720890652,-0.29942793770914772,0.0093036312260873985,-0.045375907180646699,0.17514079937412014,0.98349719239158384,1.1242083542586307,-4.2969241563887977,-3.7849160483340314,,0.09477318340418443,0.2045454545454546,False,5
0.70081310600406532,0.67000034200532521,-0.24486839764592561,-0.68194361105570356,0.72998033856292821,0.04562473727991382,0.20931770539837977,0.13501202548033053,0.96848224102585212,4.9758072855468942,-3.3420283067590466,-2.8867888063416594,,0.1627648618349762,0.698019801980198,True,5
0.55002844940577345,0.81016875913224495,-0.20271972417700068,-0.81583746442144844,0.57313610324002773,0.076969076967432548,0.17854393434295845,0.12305116370418906,0.97620718836750131,2.6282757729278963,0.37431812151337573,-3.7445581604644524,,0.06862600217989184,0.2795698924731183,False,4
0.90098322970291889,0.40706580281789978,-0.15008881360820076,-0.35065301884056188,0.8869530847782795,0.30059388846131885,0.25548322874916679,-0.21820095686892377,0.94186870754335383,-18.836075274288369,10.292550157192819,-9.658119329209228,,0.3858210706610354,0.2745098039215687,False,3
-0.15432896198081386,-0.92145210898757912,-0.35652290576661089,0.98620771996912504,-0.16551006315770106,0.00086721787024015423,-0.059807228386083357,-0.35147180517913096,0.93428617970988859,-14.767305831771264,-8.3700851060020636,-7.4755673286180757,,0.1495726111964017,0.3,False,2
-0.2468544938030712,-0.82843894786426464,-0.50274423771016818,0.96555681578613373,-0.25430054757735931,-0.055056943166109096,-0.08223681887190383,-0.49901917915387167,0.86268010551908758,-0.33824037938404428,-0.92428090043675803,-4.3791886024309479,,0.4117534086747834,0.3139329805996472,False,3
0.94817499239482639,0.21897219052096983,-0.23025065380041726,-0.18392478610298074,0.9691207914993506,0.16424543993866575,0.25910587962075332,-0.11338461651441606,0.95917051241363493,-12.909203351177101,7.9188125991718188,-8.0102138141900294,0.1495819229369153,0.09106676025154022,0.308641975308642,True,5
-0.064122562894083301,-0.91945448400602536,-0.38793266009593447,0.98914046420641488,-0.11007329239380519,0.097391028185893541,-0.13224764269132347,-0.37747492915795267,0.91652781674087036,-0.90071439117689622,-5.3759212688540563,-4.1853913328633254,,0.2078252608723739,0.3289473684210527,False,2
-0.9738305544042507,0.10076681413703623,-0.20371573448652125,-0.063644311650714006,-0.98138559263069713,-0.181195254273956,-0.21818215532718899,-0.16348812723121137,0.96211651027888234,2.0266150468572413,6.5981566831047562,-4.3479170617873555,0.855136939508508,0.6221846826635308,0.1403508771929824,True,2
0.94913739628043003,0.2101083873527623,-0.23450515675786135,-0.182130164161385,0.97390332894224174,0.13542861284738983,0.25684004026738988,-0.085829898282841321,0.96263514494132407,-7.8283342451197475,-3.5422768426045379,-6.0139542868603879,,0.07682258620043958,0.2795031055900621,False,4
0.8876413598088202,0.39259531822879656,-0.24075242981448378,-0.38689430630980937,0.91926289517488957,0.072584607870611981,0.24981115287712724,0.028716644294015756,0.96786865960144131,-2.7132868236460266,-11.980333892367385,-4.2620285219906924,,0.07791149711847209,0.2448979591836735,False,2
-0.47783229042002801,-0.82090561418664665,-0.31271436620148002,0.86382896795179576,-0.50377886006767658,0.0025247329060043219,-0.15961145434862839,-0.26892532931234964,0.9498438560600152,17.501300261054126,-3.9486272264386941,0.2837035403575679,,0.2297102617035232,0.2272727272727273,True,5
0.56046812539773772,0.79969739925088401,-0.215312679711434,-0.80821862918945997,0.58488446241712433,0.068504109760965298,0.18071559933845355,0.1356253488637153,0.97413943401411474,-2.5819435860704214,1.492168179952583,-5.0972521394319452,,0.09726888731965751,0.4931192660550459,False,3
-0.56727475697506435,0.81562351663884058,-0.11383158263229856,-0.81487866420808641,-0.57590954272541361,-0.065581714038676672,-0.11904668293290545,0.05555607710680141,0.99133314762453895,-30.76601246585102,12.944801352656986,-12.751260463615731,,0.3239824920138826,0.3076923076923077,False,1
-0.28715159291929765,0.95332264696637092,-0.093380369805130481,-0.95688304815288272,-0.28994291449189707,-0.017548176360896797,-0.043804050515433464,0.084315106101916393,0.99547585005436712,26.987659371403637,-7.6901510727273843,2.9515144556425152,,0.3499606199712596,0.5652173913043478,False,5
0.70501300370879472,0.69463676049391743,-0.14295606168336716,-0.68101767419193848,0.71936016121554558,0.13687909224621153,0.19791814479654302,0.00085406466981130524,0.98021817904680475,-22.205551730796291,14.805177877515678,-10.761749724239122,,0.507404290561393,0.4807692307692308,False,3
0.95911832538196873,-0.13939357072259909,-0.24629549398576786,0.17180760728307101,0.97835532875183717,0.11533861791504274,0.22488704719515451,-0.15293882157284322,0.96230740039748008,-11.103673339215709,10.101656124802966,-7.7531317848853183,,0.6040451710103543,0.4595959595959596,True,5
-0.48049149954429043,0.86347197783636953,-0.15344074542645478,-0.87434399925493633,-0.48525247134718941,0.0072532763857421217,-0.068194500016951584,0.13764513265201953,0.98813122996120528,6.3635371749851419,-7.3801527095780726,-2.2847553241114533,,0.1379044895101077,0.3548387096774194,False,4
0.51185882276536765,0.85097266469255872,-0.11766932269414151,-0.84152724470391205,0.52421989718552142,0.13048140026779145,0.17272070512331161,0.032233884979128047,0.98444326128063797,-10.445099378880006,18.527813331210947,-8.1291287224507975,,0.1043525112611535,0.1428571428571428,False,2
-0.89304350579533365,-0.36668412949127582,-0.2607988610711412,0.37350346215790425,-0.92729696537584294,0.02480930794704686,-0.25093517193258918,-0.075253486191522778,0.96507432475596588,-9.7897453256734579,-9.9502128109243859,-6.1598473377557275,,0.09153018577009008,0.2173913043478261,False,1
0.72546317746897471,-0.60069777911890376,-0.3359543961585239,0.66408690200517051,0.73915903441695241,0.1123944323575527,0.18080864117015283,-0.30464093618786331,0.93514818893947926,-11.16474213678792,14.759929398879935,-8.0312052777398382,,0.3486977951224318,0.7333333333333333,False,3
0.96533127542012731,-0.020396668230095467,-0.2602297150996814,0.056555665788038667,0.98960423036560607,0.13223057101051869,0.25482736384270355,-0.14236377055840985,0.95644946101159478,4.6058793768138671,-17.850254130737085,-2.0746501083533482,,0.6252827840829127,0.822429906542056,True,4
0.931747603072275,0.27702849752867204,-0.23473733347313214,-0.25670427018551617,0.95977305327084039,0.11374798408626668,0.25680600039249729,-0.045726335652167729,0.9653806401571523,-2.2649290336582788,13.586112592786137,-5.8109696113815827,0.4490451679809368,0.4681890065518738,0.725609756097561,True,5
0.86896986378751728,0.43208410249816598,-0.24123578548270666,-0.42899629171504178,0.90074094839640617,0.068028858410869725,0.24668513843328063,0.044374229574132701,0.96807921691659893,7.3771263254362864,0.052906752456531314,-2.6145346246571353,,0.06932270942052571,0.2727272727272727,False,1
-0.83559297623802098,0.4937410316610259,-0.2408405524740253,-0.51162742291933383,-0.85909537696368665,0.013874919695039331,-0.20005438805137257,0.13481441663979549,0.97046551452767449,15.21606360547406,-1.6090296846316563,-0.47001738921274666,,0.1036223473545563,0.2857142857142857,False,5
-0.58763494601167832,-0.75506315605894769,-0.29080027611430059,0.78599531172950421,-0.61801550547571349,0.016376963419342506,-0.19208472132132717,-0.21894397766072493,0.95664360891661671,-1.99529678416661,9.9733816354505489,-5.5228628568132869,,0.501100749361863,0.9536423841059603,True,5
0.47571313945000099,0.8576742475828526,-0.19517144767565714,-0.86503492719922359,0.49638621396274257,0.072906113002742898,0.15941011159916491,0.13414772312984774,0.97805562454239792,-0.11302556801810559,-4.6294867075513633,-4.080741877764936,,0.2861578526307836,0.7463768115942029,True,5
0.52361183034411918,0.8503669463628607,-0.05202602865089398,-0.84201928705508222,0.52583829640409552,0.12040600592199889,0.12974656585409558,-0.019239089592309716,0.99136052275684572,9.3511780421613793,-18.756251294756975,-0.7952327068791113,,0.3122722671756769,0.2,False,4
0.75632965387922046,-0.588601612318992,-0.28550586095284208,0.6321697416918266,0.76987441589631267,0.087491722109023631,0.16830588923810649,-0.24666075027007534,0.9543749797244141,14.084085261674293,8.2789829421306429,-1.7064808131259392,,0.1123536457422984,0.3125,True,5
-0.0043217607415473626,-0.95567647784316501,-0.29438714659674853,0.99921154701806136,-0.015745680735327314,0.036446643795471398,-0.039466526194556956,-0.29399752249885347,0.95499102093929145,-14.867055375027203,-6.308222307132251,-7.6254496026800043,,0.06969461196764284,0.3103448275862069,False,1
0.090959454040321713,0.97104899496742991,-0.2208850993014945,-0.99370939991531548,0.10305350717642182,0.04383609447228469,0.065329979646640571,0.21550829225666396,0.97431420482716247,9.1026392298235681,0.35778228796059619,-2.1843132522361444,,0.08688287786665573,0.3636363636363636,False,5
0.84176857097062174,-0.43366737444822523,-0.32149382772498214,0.51291959756684014,0.8282080528923782,0.22579837810774195,0.16834238728837303,-0.35497046280415889,0.91959600432943001,-15.980373027659986,7.9628903880805844,-8.7961295390797183,,0.3597157210992786,0.2857142857142857,False,4
0.88942623959137457,0.40592803679426159,-0.21010329190829719,-0.38262374509464187,0.91267951134167813,0.14357987068829028,0.25004006482181429,-0.047313196060636414,0.96707881140185792,7.0803047846050315,1.2816675975616816,-2.7728568157932223,,0.08172547811394787,0.2884615384615384,False,4
-0.96486795525171731,0.031717854176723806,-0.2608137393903836,0.051595996821060239,-0.95048217271618751,-0.30646613591187732,-0.25761925789896217,-0.30915629877966283,0.91545327618860406,-16.775657931355173,-5.4935541107505301,-8.1537148814323643,,0.150126098167777,0.1111111111111111,False,1
0.25460534989709338,-0.87528143144945314,-0.41116727929588037,0.96667203886085495,0.24216483718564266,0.08307442997367355,0.026856751262546157,-0.41861510650076755,0.90776654902071285,11.680673944983585,-9.9097843095174234,-0.75659586764748854,,0.1995352645893896,0.16,False,4
0.56843619715123739,0.81362023098809522,-0.12207542543493309,-0.80254865170767786,0.58101723787411497,0.13540543170539532,0.18109652511969859,0.021002119417210169,0.98324104855806216,-6.2187746157128085,-6.8377042438968036,-5.4123177295548972,,0.07818497861578266,0.2988505747126437,False,5
0.92051233060811566,-0.25377238078914804,-0.29708017090849953,0.31450506383580717,0.93241476056025085,0.17801482834585769,0.23182668961974714,-0.25729806263937921,0.93811198315658029,-26.486847659894863,5.2252916891655445,-11.22496274616071,,0.06913657860933883,0.2222222222222222,False,1
0.96643159896974018,0.02976238877690867,-0.25519436656612154,0.0080711751425665609,0.98926055838996196,0.14593972641402106,0.25679723644270375,-0.14310048157946029,0.95581244579002889,2.8020417608559924,-8.1780422122096219,-3.1522670030979882,,0.1219613963238392,0.3048780487804878,False,5
0.96228935761574796,-0.044455245741633787,-0.26837086903299012,0.097699697141267139,0.97721195506143865,0.18844512215365469,0.2538778473951126,-0.20755848816912328,0.94470392853579899,-2.0803434073838956,19.605007400659957,-6.0997205817440054,,0.4885239417686018,0.1111111111111111,False,4
0.94549877465008481,-0.18321664673704355,-0.26919087557646071,0.21623578608647662,0.9713734984948158,0.098364684910315747,0.24346283484497536,-0.15121238963912809,0.95805044818572704,6.353679699893048,-12.683902490471274,-1.9317628246958987,,0.08593120706283455,0.2352941176470588,False,4
0.28985338183150927,0.95052008758146167,-0.11178810377212825,-0.95221676900284002,0.29815844225129662,0.066217581834981706,0.096271708568143433,0.087253116955275989,0.99152339947726886,15.984042629150155,3.1990195250848728,-0.72931476101091353,,0.1680250929702611,0.3333333333333333,True,5
0.90095503913720099,-0.2992941875288177,-0.31417034673047894,0.37918110058955001,0.89506043659218748,0.23470941140717044,0.21095428511642528,-0.33059008478608021,0.91989591010730676,-4.1173858149909233,-8.1286700308778244,-4.8513968282743791,,0.3742363105000643,0.2753623188405797,False,4
0.50300015688355193,0.83878942255111777,-0.20838221323204476,-0.84809923615858895,0.52546278067363383,0.067945211412955842,0.16648882185402308,0.14255234387093046,0.97568452967881159,-0.51779722215177815,1.1792529202815492,-4.6494932003415528,,0.1230139246102998,0.3299319727891156,True,4
-0.96165941973664282,-0.10457008666881755,-0.25352762651407423,0.1369616743242528,-0.98403685865364388,-0.11363520835272074,-0.23759768559075065,-0.14400193674095141,0.96063040864672533,7.6368840994743019,-4.6267854295882431,-2.1237894001787576,,0.159646891037912,0.2222222222222222,False,7
-0.89414072062787986,-0.35810199765340789,-0.2688407167668122,0.36891205320044973,-0.92939907513338194,0.011011636783057131,-0.25380360265071739,-0.089332627957830119,0.9631217020001489,-7.8811012989130305,-1.3340917707058304,-6.2438825320310078,,0.06548464811609095,0.2014388489208633,False,3
0.18392369587180574,-0.93610689051752538,-0.29979320142802757,0.98287836763757919,0.178579215372626,0.045382576689580859,0.011053891936508124,-0.30300718368135693,0.95292416178337569,-2.6386318783999192,-13.18749828234046,-4.181557756669223,,0.1159935227958357,0.3958333333333333,False,2
-0.43760951366940004,0.87222068856068258,-0.21846964089493193,-0.89555700028249996,-0.44453728154508715,0.019085716164594042,-0.080470943768808423,0.2040041072214803,0.97565708701660381,12.27174018759186,13.941858177798119,-2.5866797186886079,,0.08449771992014964,0.2,False,4
-0.83383548567003762,0.53775773916142477,-0.12463946730231366,-0.52239432805881381,-0.841684279463913,-0.13664457440854863,-0.17838875763173001,-0.048828144295127079,0.98274781275528722,-5.0329227960082186,10.938770596379488,-6.307836703978186,,0.5789834401180821,0.5833333333333334,True,3
