axis_00,axis_01,axis_02,axis_10,axis_11,axis_12,axis_20,axis_21,axis_22,location_x,location_y,location_z,dbh,dbh_approximation,score,reconstructed,number_clusters
0.73182607080999706,-0.64770343197205904,-0.21192184006000403,0.67850070472388901,0.72159141726760001,0.13763219178274647,0.063776137951334411,-0.24451194395643128,0.96754664667428814,-15.1933931452216,2.891861991086123,-4.3513795969818192,,0.5513451921291653,0.4358974358974359,False,3
-0.88749786089847948,-0.40070925167813398,-0.2275514063243117,0.45700053701579857,-0.82873972020820352,-0.32301855258870005,-0.059144366324221473,-0.39066938934190504,0.9186290721304915,-20.179386168513169,-11.030028178998604,-5.2064725527025608,,0.5112949045554177,0.1739130434782609,False,1
0.37978629840013622,0.92504184090397168,0.007743392313079786,-0.92500159678741878,0.37984807245534813,-0.0093534909356168192,-0.011593683118350503,-0.0036103225545931206,0.9999262733235903,-17.402347272243137,-0.81863153716297687,-4.6390714502833692,,0.1082061723647731,0.3882352941176471,True,3
-0.74735190914248717,-0.65400538813728037,-0.11722660188065298,0.66332400014743464,-0.74457373323372456,-0.074908121100454389,-0.038293533781644302,-0.13374194579786672,0.99027607120676919,5.1011777026368792,-4.2322268292214211,-2.6585715598857926,,0.1284219269725184,0.4728682170542636,False,5
0.93557725328961772,-0.33837026552044441,-0.10099884424426993,0.33732044915097759,0.94097870061360034,-0.02782084786850739,0.10445150890071928,-0.0080404230712003179,0.99449747806879774,7.3715027297578315,-10.66146537087511,-2.6682343043285845,,0.07622413884736687,0.3333333333333333,False,5
0.67462403635019608,-0.72459268557640144,-0.14088239630183963,0.73102210047469496,0.68229852317889728,-0.0086841168498531449,0.10241629848874365,-0.09712963130309446,0.98998825070138596,-4.252538852926862,7.1668407841015398,-3.265480551777407,0.2703226422534741,0.1584527803654469,0.6021505376344086,True,5
-0.1304019016805105,0.98532945269537398,0.11009638363335102,-0.9892449317701052,-0.12188503565808309,-0.080861010689878637,-0.066255633762475882,-0.11945671908127777,0.99062620763892062,-20.047375729148261,6.2091566841400176,-4.7025546978436843,,0.4778158489022841,0.36,False,1
0.75141182544303264,0.65846178677603806,0.042524627453710176,-0.65889098662102163,0.7453351333345084,0.10167697264772954,0.035255302210390992,-0.10442037336141825,0.99390816944681348,-2.5588205281281282,15.95462161925497,-3.0753794870899087,,0.2482355096287928,0.25,False,1
0.31302374509490383,-0.91737619479472188,-0.24583948468608002,0.94671066557200623,0.32206499932672922,0.0036127414636134073,0.075862050453239072,-0.23386973603403771,0.9693038202072658,16.705973602825271,6.0854781472349737,-1.4223749815274418,,0.2351981143286853,0.1176470588235294,False,5
0.96675896655612636,0.2483514853674009,-0.060816447603728771,-0.24341958300482117,0.96675025240421419,0.078363614555151145,0.078256036144762689,-0.060954812707406353,0.9950680899389327,3.9637205485480331,-12.857625203067428,-3.0259186332926844,,0.16523172385094,0.125,False,2
-0.23348990093569072,-0.93006391988713832,-0.28366101439079128,0.9720472580480809,-0.21587282908720792,-0.092320364942373168,0.024629134825427435,-0.29728778411844731,0.95447020861402176,5.5247163235847232,10.834090977514562,-2.2980594358406106,0.3449831861449512,0.4002332932062587,0.2258064516129032,True,5
-0.48951743312551721,0.87186270341582273,-0.015103279731845512,-0.86621064296607364,-0.48818955470061104,-0.10653675747609657,-0.10025868879307384,-0.039068978405796137,0.99419405059969124,10.171576389520576,6.3417807903790795,-1.9915996231722899,0.2595504662605123,0.2197761344234876,0.6458333333333334,True,5
0.063961734227880818,-0.97530165198727536,-0.21141330181767962,0.9962908472998131,0.074625384122464042,-0.042843898412667926,0.057562523756192793,-0.20788876755482977,0.97645727821720452,-12.477709842610361,4.4729265105389757,-4.0637765603514504,,0.1258305380022094,0.2142857142857143,False,3
0.99557843505773591,0.021694173237916455,-0.091394433613392362,-0.013045910739639916,0.99546956535272646,0.094181466698213784,0.093023566159134444,-0.092572713603829751,0.99135105226910425,10.941498570296755,5.3281227627523302,-1.957310641142558,0.8196653044552771,0.3510529861515216,0.3846153846153846,True,2
-0.95519270496072184,0.28558910633271317,-0.077754477259520935,-0.27653371762016443,-0.95473735052490716,-0.10957050028110341,-0.10552724486591281,-0.083159207889218822,0.99093316966092448,28.192609425871971,-5.1858598705691872,-0.57833490238531116,,0.07005820647596603,0.3333333333333333,False,1
-0.036928608015056145,-0.95550041786795137,-0.29266914658747456,0.99850636657894432,-0.023480135873979374,-0.049332738831877221,0.040265541240433717,-0.29405379554345118,0.95494033924382138,22.472778555937662,-1.1539962569654516,-1.0138445968128242,,0.2922583683600745,0.2916666666666667,False,5
0.0059209213942296775,0.99943909301209166,-0.032961220381088674,-0.99832700779851302,0.0040120324389693734,-0.05768092488662107,-0.057516329767386201,0.033247600738639776,0.99779079413232352,-2.1605251957106386,-8.5206826465677494,-3.4367832740125404,,0.07674633897803382,0.1940298507462687,False,5
0.96839485714973295,0.24242317018898515,-0.05867203082791881,-0.23286612449453578,0.96301888979561312,0.13552854297055683,0.089357533027972752,-0.11758241557456235,0.98903468434570452,-3.3339404848158827,12.891770613759572,-3.1286068833478997,,0.5527029549612096,0.3043478260869565,False,4
0.58009123165169096,-0.80240341591774211,-0.1401532057584316,0.80691922458224086,0.58958440775742305,-0.03565937645172336,0.11124535028674856,-0.092406624507497315,0.98948748743312087,-3.13298396960381,-17.322285973101639,-3.8533081431270326,,0.4743301080960005,0.7466666666666667,True,3
0.77489468793799532,0.63207763584566623,-0.0040105946230647033,-0.62631875143382443,0.76865915955248543,0.12995352260882542,0.085223495632673271,-0.098188383731583784,0.99151197526420587,0.45739259554363909,-9.6596275951740438,-3.2512601100759224,,0.2474112739516945,0.1904761904761905,False,4
-0.92267282133067974,-0.34984389085839962,-0.16212377002383538,0.37611109489273592,-0.90921031759367488,-0.1785414312696019,-0.08494297543807014,-0.22571187476574386,0.97048381774940595,-5.2680116017263146,10.846818324341784,-3.3211250465597928,,0.148809236138876,0.1818181818181818,False,5
0.75531393581106498,0.65044261673758386,0.080157723902097064,-0.65419442291447782,0.74100480304460825,0.15146464568478318,0.03912180206986382,-0.16684209359867236,0.98520718653815142,19.664087885882644,-2.8332440620330575,-1.3218862502575788,,0.3140256013548084,0.1764705882352941,False,2
0.24479186251877375,-0.92958996152766094,-0.27557112960466679,0.96678916650550328,0.25555443928345434,-0.0032613019047517122,0.073455099020996978,-0.26562084253597551,0.96127515126434737,-13.084660638022342,5.9286349052185754,-4.1113583016256623,,0.5616452355914331,0.5166666666666667,False,3
-0.79783680562456716,0.59846386298176024,-0.072783489169832835,-0.59308870812745496,-0.80080960701473225,-0.083365206199086495,-0.10817678069943118,-0.023344764249367773,0.99385753813091748,-4.111536183177634,-5.422863377465414,-3.568432455899377,,0.06734928845984633,0.2558139534883721,False,5
-0.9953850711433686,0.026559388824167602,-0.092212575119657983,-0.013534146472675233,-0.99018544783159168,-0.13910286043718575,-0.095002036947467949,-0.13721289213422214,0.98597527109354755,16.586364656128964,1.653940642311303,-1.5030808813870846,,0.1343368184367337,0.25,False,1
-0.74133114544090095,0.67028884386986898,-0.033778670531522628,-0.6626598128157094,-0.7390123694280849,-0.12141948077362857,-0.10634897873666643,-0.067628275269171159,0.99202636613438144,-5.3038477972584541,6.5481198138260641,-3.3749862725174284,,0.07544578759416817,0.2608695652173913,False,5
-0.55605452112880671,-0.82013379593067492,-0.13484778939439793,0.83102924618146068,-0.54589307582108415,-0.10672929195712831,0.013919824829611259,-0.17140976209930042,0.9851014830634327,-3.4638697699302892,7.8432590772002388,-3.1892980757741021,,0.1116507467225947,0.2068965517241379,False,4
-0.9054478426512208,-0.3703248655340115,-0.20742154710990532,0.41342293143512354,-0.88013761121191048,-0.23332223446080055,-0.096154479884399735,-0.29701393788407976,0.95001949280041231,2.2261972717520853,-11.953927205362778,-3.1530119138142778,,0.4467594125790771,0.2,False,3
-0.40300879811541185,0.91125152034866264,0.084879769697033647,-0.90825206581554507,-0.38682389746773671,-0.15951632295681836,-0.1125259684844586,-0.14137870776789579,0.98353950983502114,-2.2356211414478944,22.264113054211862,-3.0738457329700215,,0.3708705356624195,0.2307692307692308,False,5
0.61919325564547756,0.78522959719290641,0.0037672079076230547,-0.78506270763484898,0.61894585786151401,0.0241364893286748,0.01662098806307976,-0.017902645847456503,0.99970157448483921,10.326149527184828,-6.8978514993901685,-2.2783111923455377,,0.258455287315817,0.3870967741935484,False,7
0.98954028301592667,-0.10119765561580379,-0.10280594723373561,0.10235419226999257,0.99472977941940943,0.0060237248418831962,0.101654550382744,-0.016483338074507664,0.99468319175122488,17.361459459189962,4.1126198579304658,-1.3761606370499562,,0.2116440314728112,0.6326530612244898,True,5
0.083956284329843867,0.99454766915622017,-0.061856900160445531,-0.99542102100661012,0.080859384755894007,-0.050977944594296935,-0.045698285084752488,0.065853577524924364,0.99678230976852944,-14.700890807625065,1.5317380019274374,-4.3437479944990969,,0.1838802268390728,0.5858585858585859,True,5
0.99337075079442416,0.070668683943208202,-0.090666910038103343,-0.069069388358437026,0.99739788206774571,0.020661181925700996,0.091891082581031597,-0.014261905781152535,0.99566692572645776,-10.606008017043882,2.6032758301787915,-3.9544600863833006,,0.07134492350099408,0.3333333333333333,False,5
0.0064851759722149016,-0.930864487239629,-0.36530706109889532,0.99659884818267197,0.036027902229758324,-0.07411292776495973,0.082150339582868243,-0.36358396094578427,0.92793212308303763,4.7038861498756912,-9.2956327638341527,-2.8551340883314031,,0.2659217619741669,0.2272727272727273,False,2
0.8443243393759905,-0.51990599992810793,-0.12966943038377568,0.52472166819601973,0.85126656652040122,0.0035218816213189869,0.10855220339949258,-0.071013970198282983,0.99155102499760117,-22.860604358686487,-5.1757592660228564,-5.279379248064509,,0.08051090018545472,0.2857142857142857,False,1
-0.84375591577713749,0.53385613645237706,-0.055439878816842238,-0.52559696206006201,-0.84276565726811248,-0.11616316284726891,-0.1087372432256718,-0.068874323964655801,0.99168167243026806,-18.218296954725467,7.7984401239354657,-4.5277026884416163,,0.1528944800445189,0.5,False,2
0.99566124931175426,-0.0051764784607791457,-0.0929079151079307,0.017787324454069772,0.99062772780610364,0.13542642279290279,0.091336124877963915,-0.13649142453817945,0.98642171677220081,-15.629346274196783,2.0024198756754612,-4.4127472724232213,,0.5127736169344167,0.7910447761194029,True,3
-0.096181918916275616,0.99220811328167635,0.079196580807503997,-0.99321809447098286,-0.090448791179353852,-0.073053630913351375,-0.065321170297335543,-0.085685915483293851,0.99417858989156294,-12.163176459617207,14.796581176569342,-3.8990234403868125,0.3266212432457317,0.352366936823041,0.8,True,5
-0.56689474851214694,0.8210011785134842,-0.067730414060596975,-0.81780534662762328,-0.57076349280320393,-0.073644078583142092,-0.099119923005532851,0.013641853340259871,0.99498198008849392,-14.337144957206155,-3.47712575148452,-4.4493739020750542,,0.07880309115804074,0.3480662983425414,False,4
-0.6428079793349436,0.76496375207001543,0.040352939450449557,-0.76049518311578412,-0.63096007529783116,-0.15341596995699724,-0.091896562291620909,-0.12930522572239755,0.98733741975064582,16.217640164203242,0.42209684628907795,-1.5476172320568864,0.9225380872786416,0.4367277757956601,0.5735294117647058,True,3
0.44163915690869615,0.89403404459727132,-0.075219559863246757,-0.8971419204725849,0.43916681332026919,-0.047632810213989726,-0.0095514195666521473,0.088519134536914124,0.99602868091491081,-4.1500035685610186,10.41834914904997,-3.2149920505425165,,0.09295722015650147,0.3846153846153846,False,5
0.85709943861304427,0.51400691298251289,0.034313929174494787,-0.51239173436875152,0.84373039815283501,0.15991787199510127,0.053247186590350014,-0.15464769199391976,0.98653374421819251,5.8544232952068711,-10.805644221029807,-2.8052205973201851,,0.2466763058639401,0.1904761904761905,False,1
0.15122101909037322,-0.96977420850837115,-0.19149461584397398,0.98651310635648215,0.16033460616856543,-0.032934860735320433,0.062642592316673101,-0.1839315051227853,0.98094092944025613,6.4975484789378024,-13.026203041753895,-2.8265523184171291,,0.175058067213858,0.3333333333333333,True,4
-0.68439879431639139,-0.69233641572509796,-0.22862322235327259,0.72867548487413558,-0.66029419036669801,-0.18177904145261087,-0.0251063354895351,-0.29100149420391441,0.95639312120559294,3.6673356709974807,-9.3136306146923769,-2.9464572576045374,,0.2484448192885584,0.2222222222222222,False,1
0.44786195750526919,0.89409113518471517,0.0045507146313102376,-0.89391557803738941,0.44786654806602827,-0.018179506745221688,-0.01829224867609193,0.0040739547772643409,0.99982438284472952,5.9446370153285191,-8.7886126574089545,-2.7226984170895308,,0.1267729457990917,0.3095238095238095,True,5
0.44185101797586063,-0.88266652366634435,-0.16021075467167134,0.89155878611390593,0.45186638916045707,-0.03065448173087355,0.099451540042343578,-0.12929259199915921,0.98660671842297154,-14.551340353732936,12.659778758511044,-4.1235587919838892,,0.277628182676762,0.8604651162790697,True,4
0.3921040811682342,0.91930165899816463,-0.033746841251257251,-0.91985710749012028,0.39138111712157642,-0.026148096691278381,-0.010830112239695044,0.041295047207741631,0.99908829827247303,-3.8678804433343736,5.3725229077650951,-3.2669052674927426,,0.10905786996875,0.1363636363636364,False,2
0.10741434827076637,-0.94734095786095984,-0.30167410784594284,0.98753644111416006,0.13677203895821322,-0.077879309388257739,0.11503884238441167,-0.2895488195767546,0.95022499747405187,10.870010604119365,9.328357340012202,-1.9033715873098722,,0.3210064863371647,0.3076923076923077,False,2
-0.88505228675569103,-0.45042836017118609,-0.11745953372127352,0.46178172970222198,-0.88138090526736801,-0.099625970225134988,-0.058652227764568014,-0.1424148594198362,0.9880677729764703,-13.297901056403145,16.746551613656489,-4.0075722576742647,,0.3570925076824512,0.59375,False,1
-0.97709039192349278,-0.15835274071478378,-0.14219274073915761,0.19646591970656208,-0.9280018049157599,-0.31656562110713776,-0.081826086333463874,-0.33724925438199227,0.93785256411343254,11.34742275814609,1.0469135561225469,-1.9978633870679585,,0.09359364095637902,0.3636363636363636,False,1
-0.49550051575731496,-0.80686634499714804,-0.32163012948910463,0.86860757208080819,-0.46012943899233744,-0.18385261786681345,0.00035299875149859966,-0.37046943285990569,0.92884459125751562,-11.515735640411119,5.6194839910670771,-3.9661253350511347,1.003537788224213,0.392210456442477,0.303030303030303,True,2
-0.51439052224908,0.85738552834130899,-0.017101064622239787,-0.85226043671303497,-0.51332512146245235,-0.10074456654959478,-0.095155339492988919,-0.037247489397995312,0.99476534212824319,-22.10474476846645,-5.5878209528589027,-5.217018971791064,,0.1134862538833805,0.3157894736842105,False,1
-0.91662341872350206,-0.35741192351199053,-0.17904810856052256,0.396028719608298,-0.87289307067532673,-0.28498936894630539,-0.054431254744436365,-0.33213612284492677,0.94165961706366486,3.1316981848719849,-5.9848794450926519,-2.9026076950155324,,0.5065330484145321,0.2727272727272727,False,4
0.092880969976431443,-0.98161268001024138,-0.16676232146186176,0.99362530498964463,0.10212735179669043,-0.047736331019792237,0.063889582096562592,-0.16126546579508921,0.98484088605287912,-2.9977592175684027,-15.680669437489785,-3.7582303538029675,0.596521293518912,0.4076466738436161,0.25,True,2
0.69647890334039297,0.7148526187713653,-0.062472959250257851,-0.71690733616936675,0.69694772733692256,-0.017542425899537535,0.031000137875592373,0.057005252351159802,0.99789247549827442,5.5521158846767902,-13.928421618463904,-2.9227615904409916,,0.09415930989510851,0.2727272727272727,False,5
-0.99350154309248173,0.11009500167875166,-0.028875153301999745,-0.10026692835736455,-0.96663535260417377,-0.23571728441839851,-0.053863038817332516,-0.23129026287580873,0.97139260206581868,2.789241625274244,8.457979040863032,-2.5457111036968878,,0.4963280986869496,0.3835616438356164,False,4
-0.56924055500149862,0.81569776713714548,0.10296768050734484,-0.81598131755199821,-0.54516822882893579,-0.19226567993697627,-0.1006959778128837,-0.19346512596072102,0.97592600390055739,-5.144095605934651,9.2496677769478186,-3.328442957808722,0.5230730791425058,0.6073436706924235,0.3802816901408451,True,4
0.91926925801075576,0.38977921785935482,-0.054919874374442054,-0.38618432837234007,0.92006851995451633,0.065845144910697123,0.076195116614908312,-0.039320222706080057,0.9963173311201533,-5.3575029807516303,-3.2832090272904657,-3.6242728854515085,,0.3482712097119378,0.4722010662604722,True,5
-0.89534073040246476,-0.37889564628501771,-0.23410054615194836,0.44121964358755245,-0.82625764101109267,-0.35017643664766784,-0.060747037745514543,-0.41681698609466916,0.90695832181423963,-14.152742840975746,-7.0521577247407361,-4.5355953197969212,,0.1440480013751278,,False,1
-0.88676298120124408,-0.44420555120447858,-0.12780001349846901,0.45844396983833147,-0.88051414968175901,-0.12051538793482323,-0.058996115888712036,-0.16545773021933866,0.98445070868007989,-22.728933383495729,-1.0736023363486711,-5.1198143718895688,,0.1049170913634851,0.3636363636363636,False,1
-0.80924051108824746,0.57690820021694378,-0.11093567386589406,-0.55699291065298562,-0.81348365437052272,-0.16734169102257906,-0.18678515116557987,-0.073629291687668685,0.97963770584314724,-11.070703387299146,-1.5312200287671789,-4.0883046304690431,,0.3336908899458613,0.2536327608982827,True,4
0.46751213061355718,-0.86725357514185675,-0.17118307198096874,0.87947379654620206,0.47586342564537176,-0.0089353971183606939,0.08920901814157256,-0.14637361967486123,0.98519871830280858,-6.0151915398992051,-13.476975143843381,-3.9664609062202798,,0.0724319161452544,0.1851851851851852,False,4
0.30990769284766906,-0.92948700268636586,-0.20002783244076289,0.94789322655735975,0.31840011244454397,-0.010945293142668247,0.073862392057879644,-0.1862129969481639,0.97972907826963573,23.980847415929446,-3.6476202811628107,-0.94664016395828532,,0.4646860755683203,0.4761904761904762,False,7
-0.8374871583175818,0.54100829285268348,-0.076975884001212261,-0.5348471716133858,-0.84040320045832362,-0.087526931150186921,-0.11204357487292439,-0.0321323470047402,0.99318364344448573,-0.72297016543575099,1.8090437459374422,-3.0714769276405658,,0.1263360945458172,0.4361233480176211,True,5
0.99907809562565175,-0.01192065545087187,-0.041241445351045278,0.01801909089844202,0.98839660236245008,0.15082264021544875,0.038964999733290664,-0.15142672951624694,0.98770019458527925,-10.399332628443242,7.1984727593253464,-3.8376466429903293,0.5435972527188361,0.3755074484421509,0.631578947368421,True,3
0.83903990417851759,-0.52047776465787599,-0.15847692479615033,0.53315693539575382,0.84460471917987612,0.048852334422118435,0.10842380474559968,-0.12548212954769011,0.98615339259603252,-18.635779996252513,1.3098992396867994,-4.6977387916188684,,0.08337282091315792,0.3571428571428572,False,2
0.43396302164021072,-0.88189861979913875,-0.18420347511725199,0.89698874399003503,0.44204230169474806,-0.003129962873354375,0.084186038059035101,-0.16387015563788102,0.98288314823642131,-1.8961488214412081,10.316125179679965,-2.9946546590351746,0.2975537178864902,0.224277859214931,0.5116279069767442,True,5
0.88410541580393087,-0.44815354977970062,-0.13234806219213505,0.4545694356118114,0.89045521014265205,0.021357596713251104,0.1082785387494636,-0.079043750857737266,0.99097318000873358,-8.6994278220448304,11.93449555430275,-3.5959029262191184,0.1334560810910292,0.133372711719847,0.2307692307692308,True,5
0.79558972707558651,0.60101160724812852,-0.076302255044104747,-0.6043104942236921,0.79619895378888161,-0.029598185022192216,0.042962922886033393,0.069658265399823727,0.99664532975305564,-6.538844251621649,-4.2558902577319495,-3.7457309880620304,,0.3082038202041962,0.9193267556587348,True,5
0.67437009515482138,-0.71252553770846949,-0.19373263244516625,0.73077685569689621,0.68162015049772007,0.036866754850722334,0.10578356176001646,-0.16643716096089212,0.98036141780092656,12.324686028283523,2.5890170698038553,-1.8909495659387825,,0.09782362263485644,0.25,False,3
-0.078242418932382041,0.99406274229315028,-0.075613413256048048,-0.99495925457244938,-0.082634411436848257,-0.056812285529805516,-0.062723246250844689,0.070787134643987032,0.99551744130811093,6.1013199737905621,-2.9927111109467881,-2.5603073959803839,,0.604351965753068,0.9789621318373072,True,5
0.94174698378898314,-0.3132192159563586,-0.12250037257101247,0.31508998947275191,0.94905207457770735,-0.0042963093243920808,0.11760491936315354,-0.034552604756137792,0.99245916815058555,15.56924643272075,13.526724939598962,-1.4443439331871624,,0.09223449374065976,0.4285714285714285,False,2
-0.96536306207076661,-0.23813691392614639,-0.10660660680786194,0.25474115177630979,-0.94859535515763482,-0.18781319912360084,-0.056401276413162983,-0.2084650148084646,0.9764021884550822,6.076540623833302,-4.7758958232925846,-2.5920241789540674,,0.1892998953648601,0.6666666666666666,False,4
-0.045026859954436727,0.99740448545176208,-0.056186068409788403,-0.99643518470112147,-0.048857307480265309,-0.068774168082362683,-0.071340763748966182,0.052889090618809934,0.99604881382451815,-15.251336963782929,5.9836785685403893,-4.2864152805781837,,0.08880280406295962,0.2307692307692308,False,4
-0.78823014152437965,-0.59669962414525823,-0.15047525556503502,0.61364513329002746,-0.78049774449119813,-0.1194274726920692,-0.04618326950227071,-0.18647474196002567,0.98137366799248316,6.8423415000138457,-7.5410808058272876,-2.6132145393034709,,0.6222015360041644,0.2666666666666667,True,5
0.61651560487199819,-0.73545603915725677,-0.28109237523709857,0.78291087445741847,0.61047164556912137,0.11989550705697571,0.083421050135050245,-0.29398772835485604,0.95216182656684822,-0.58835810210992689,11.142001937586386,-2.8752531253828248,,0.3209105621649158,0.1875,False,4
-0.98804760575110684,0.12776075423909761,-0.086250324322646066,-0.11777066888910215,-0.98666057238699623,-0.11238765255301861,-0.099458525622081351,-0.10088659263361729,0.98991408572050321,-2.6907128756653997,-9.6375593914968309,-3.5492947100852335,,0.06914870524504066,0.2954545454545455,False,5
-0.47417819880317685,-0.82024791092713223,-0.31991936546487859,0.8804235371116762,-0.44049600103251135,-0.17554961798343752,0.0030710062748331365,-0.36490634098908359,0.93103916739652737,0.46135471570897546,-10.71736768388851,-3.270712340938589,,0.1810674795133405,0.2666666666666667,False,1
0.61284909340292537,0.79012162659919649,-0.011126719887381675,-0.79017116887596994,0.6128862172663907,-9.2531494388932434e-05,0.0067463021275018589,0.0088487211016153589,0.99993809185492555,-13.446492738439263,4.4858783096452903,-4.1605676119255763,,0.1114283924195989,0.1071428571428571,False,3
0.79984925320440969,0.59894137698962013,-0.038863853104470117,-0.59970985070462901,0.80013647419932621,-0.011389364499490837,0.024274824740449535,0.032416810232478999,0.99917960512521053,-2.1931716188876393,7.1445853731231921,-3.0825781158294516,,0.1142227696678129,0.1785714285714286,False,5
0.49047860201558097,0.86826829143469142,0.074437322990033708,-0.87145261633287763,0.4887874678578546,0.040708091968157958,-0.0010384851576570597,-0.084835047911744219,0.99639446816729571,-23.529955785161988,-5.6136233650878014,-5.3338518959508239,,0.2968271300040911,0.15,False,1
-0.94803945644124321,0.29869709363213903,-0.10955014964072493,-0.2808913791304728,-0.94751883067172415,-0.15266990093882069,-0.14940288538302443,-0.11396539728444509,0.98218667577045915,-13.970768982827421,10.710315938191393,-4.0871559228871037,,0.1919828920907738,0.52,True,3
0.58524585097452575,0.80723950080337814,-0.07649628918984458,-0.81078387867312252,0.58384129537023388,-0.041938572986868948,0.010807219849288778,0.086566333889800423,0.99618746922253987,-10.226231837504097,1.2950984974093336,-3.958156930819924,,0.255237729882142,0.6870342771982116,True,5
-0.99443582779028439,0.059863237692202073,-0.086682046469033602,-0.042297570380597012,-0.98050346363040541,-0.19189547506045501,-0.096479531233061244,-0.18716129562969516,0.97757984301603884,-7.2093342001541654,-16.893304119178733,-4.1880559931695736,,0.1616175003315429,0.1739130434782609,False,1
-0.99559625081483494,0.012822896659872643,-0.092863764110084485,-0.0019495957024552066,-0.99321867883881254,-0.11624480668950096,-0.093724620244843668,-0.11555184692133962,0.98886979235540684,6.4570373586047562,5.8172548192913069,-2.316657436780678,,0.09617694044669375,0.3478260869565217,False,4
0.96197863352713242,0.26278501644431684,-0.074438859271425878,-0.26471879537445547,0.96417136013783422,-0.017249570007851857,0.067238887652668777,0.036299082940464411,0.99707638050698644,1.9243283074207174,-7.8994127507535534,-3.0666295991993264,,0.1085042400635302,0.3478260869565217,False,4
0.9468361766173693,0.31624497441856797,-0.059079360216593046,-0.31316613273622629,0.94805401088395247,0.055862024255186576,0.073676508845349764,-0.034390530700326723,0.99668905052805279,-4.8540618209885951,-15.110359264084162,-3.9102306841645547,,0.08514815546529485,0.3333333333333333,False,5
0.85182476723561928,0.51766559865142714,-0.080105517268433221,-0.52117709388917799,0.85290940506719881,-0.030331230656681418,0.052621314400294085,0.067586054188548933,0.99632480775598886,2.7175976232360788,-10.277180527639493,-3.0704006000157285,,0.06871091009474686,0.2391304347826087,False,5
0.53825699884654488,0.84277774152799323,0.0022542354995059299,-0.84277964340571521,0.5382500158400384,0.003064817961188869,0.001369618066208951,-0.0035494835082266196,0.99999276263039938,19.883515446318285,10.217634978362037,-1.0802631612677502,,0.1468025050738595,0.3333333333333333,False,5
0.84812812378241975,0.52747168469465322,-0.049520778413696689,-0.52748881748368603,0.84945008809079203,0.013787504205244785,0.049337947656714308,0.014428086773075992,0.99867792467496408,0.031575569692811556,4.39340186181043,-2.9309632716559295,,0.08256726073022433,0.3571428571428572,False,5
0.64389023066074569,-0.74766981187409653,-0.16246606806285854,0.75453427952857166,0.65569921807620835,-0.027139573146027354,0.12682031334116595,-0.10511131160061912,0.98634082359884412,-18.309016031275473,-3.0339437638035136,-4.7914544182246006,,0.7750388437858273,0.8640776699029126,True,4
-0.45691004807843444,0.88768173673259743,-0.057046842474949989,-0.88482192015018735,-0.4601425615849683,-0.073205140801439736,-0.091232546751134042,0.017028132294016132,0.99568401871471202,15.114742444338766,0.69931262825959262,-1.6516033167629887,,0.07890839407700939,0.25,False,4
0.19993829395442728,0.97904289924675014,0.038725702641931106,-0.97880617178800722,0.20136498390598248,-0.037291035467652882,-0.044307523969404565,-0.030449050741552755,0.99855380357226575,-15.089931434574575,-1.0073391941017238,-4.4391021941287203,,0.505210837434396,0.422680412371134,False,4
-0.74163541538937416,-0.64703682866343482,-0.17697528921687763,0.66991886942848811,-0.72795882371011977,-0.1458926295816102,-0.034432818994222215,-0.22675822661095563,0.97334222534541637,3.2512119201862291,6.7282678403560556,-2.5694384901883849,0.7428166495486368,0.5326688314870061,0.8678414096916299,True,5
-0.11127472619870787,0.99245593823594269,0.05146985496013691,-0.99164371447834365,-0.10748366700859854,-0.07134427000101598,-0.065273875670100512,-0.058978572266541435,0.99612290866559461,-3.5265005386190347,9.5733885448848977,-3.1837413548431801,,0.08045829984154038,0.2631578947368421,False,5
0.017886226580115752,-0.90845584903227494,-0.41759795648179815,0.99826539370411482,0.039657157218912484,-0.043514521875839908,0.056091769730444829,-0.41609527783953926,0.90758935269655039,-0.89523015112741122,9.5546027099445574,-2.9127475159365437,0.5496837739165756,0.7400670345082611,0.2702702702702703,True,1
0.87435208917517848,-0.47436124936573887,-0.10241986748270779,0.47296943267373098,0.88021389249584681,-0.039031003235863337,0.10866618568482539,-0.014314627395934788,0.99397522681967565,5.4134652565369441,4.5370308901771708,-2.4295209999399576,,0.118238985535403,0.3620689655172414,True,5
-0.35395220145210987,0.93352191631483938,-0.05704972258544299,-0.93141324742574505,-0.35736790446562944,-0.068974947464087735,-0.084777364945095759,0.028723032878087848,0.99598583613184533,-9.9850901167067239,-0.41238162688474833,-3.9656801456355968,,0.1466029103997815,0.6121212121212121,True,5
-0.99522769970995106,-0.0017941432964351575,-0.097563347522891364,0.013872204862703496,-0.99227737630510227,-0.12326057928352629,-0.096588755361521256,-0.12402576152918851,0.98756681941771318,11.830893500763704,14.256273130580325,-1.7768871177224299,0.6396582415338351,0.2986256796637204,0.2352941176470588,True,5
0.67059166022571792,-0.730055262110193,-0.13162879434581612,0.73442781103343213,0.67836659272656508,-0.020846012884787178,0.10451131812563275,-0.082692684910871367,0.99107986774319778,7.2759751666026595,2.448504991611185,-2.3129963776534606,0.4599579975652618,0.2153840574121553,0.703030303030303,True,5
0.97298161931008076,-0.20721312546455822,-0.10183068849782485,0.21524302233613504,0.97364772802360733,0.075369377402712809,0.083529694243052927,-0.095251364030525532,0.99194252244269931,13.020678608714546,10.005817170741977,-1.7031325706416864,,0.1552534208273216,0.2105263157894737,False,5
0.91156644809420417,0.41007785486224391,-0.029711338921308839,-0.40729237843917293,0.91052602204476318,0.071100503828738643,0.05620968932735701,-0.052711631836999402,0.99702655666476714,-17.076558937547066,1.0639186869918533,-4.560703954424465,,0.1261976083863026,0.4347826086956522,False,2
-0.85812988840732918,0.51091819156504303,-0.050751316731008758,-0.50394769952591423,-0.8570642858231331,-0.10713321664648101,-0.098233450334211714,-0.066358205931060038,0.99294852723645588,-8.905510606265187,15.881205635187291,-3.5624906040399344,,0.1362785050351839,0.3043478260869565,False,5
0.57614046113209261,-0.80499156225877777,-0.14160068410382831,0.81148911270876856,0.58407009670849264,-0.018642480684392039,0.097711764909019533,-0.10416672608421848,0.98974830344651765,6.5528671331466466,-17.521410205675895,-2.9635378545950108,,0.1949251037160329,0.1111111111111111,True,5
-0.88405182445252051,-0.4328452568976483,-0.17634442226331176,0.45490054089919479,-0.88347260702760455,-0.1119895107653868,-0.10732133791465882,-0.17922370438382165,0.97793711158496821,-10.115830975183696,8.9230392491238444,-3.7663443603514062,0.4446936684608008,0.1954019587325123,0.1538461538461539,True,4
-0.29295078838364003,-0.94028574595951742,-0.17332787291938523,0.95581761119095987,-0.28338838462168697,-0.078126292621106014,0.024341933419750557,-0.18855699246346092,0.98176052623362464,-8.6408382979950673,-6.0538770699021605,-4.0001472515771539,,0.263383836189251,0.3095768374164811,False,1
-0.86478903011363895,0.50181261791253462,-0.018000830505301046,-0.49038403422300003,-0.8517179285162404,-0.18466204055836732,-0.10799737207121196,-0.15086638707072189,0.98263721732791043,-19.419214019861556,-5.2072871952865034,-4.9502113397515339,,0.07869891944763183,0.2173913043478261,False,2
-0.83472833917070388,0.54511961692119049,-0.077930757939438725,-0.53979044293374956,-0.83799556912768935,-0.079935623096016886,-0.10888010609246944,-0.024658251561221034,0.99374900912012887,-2.1248734504341353,-5.2331195654036531,-3.3682334206657547,,0.1256260710668814,0.4251012145748988,False,5
-0.9032981987147416,0.4282639875062153,-0.025344056580961311,-0.4153069645532374,-0.88772527534699619,-0.19865538176368366,-0.10757550554042845,-0.16891948530402032,0.97974165885316167,-16.901624616722046,-3.92147474142803,-4.688166717993191,,0.148559126090219,0.4927536231884058,False,3
-0.99205444158871259,-0.078826184136847319,-0.098053136709298508,0.087972762109626484,-0.99179557195523638,-0.092748782077121311,-0.0899376342301242,-0.10063784648138152,0.99084975945128984,8.390111083799912,-11.951262386107024,-2.6184199638863217,,0.1318493792828645,0.4230769230769231,True,5
-0.18055919511260957,0.96868119338469794,0.17045563247685164,-0.98147849404176679,-0.1661699353064669,-0.095328475985666544,-0.064018300460038674,-0.1845109703596009,0.98074326866064498,1.1773779618836784,-6.941053152907231,-3.0999528023116016,,0.4214918195101249,0.3574660633484163,False,5
-0.20571297459972249,-0.96605161019892249,-0.15628966220900187,0.97817847280305226,-0.1982272870841561,-0.062231969275805356,0.02913841838575202,-0.16568110660943075,0.98574881358622579,-0.84304539265701717,6.1893547638071844,-2.9931082669647089,0.5562109909016772,0.2207284180715929,0.5648854961832062,True,7
-0.84872296203692055,0.52317882016647066,0.077157344695727881,-0.51757116444184414,-0.79179741439794848,-0.32430995095901155,-0.10857911147909315,-0.31518371893538938,0.94279891804587257,6.2711259741636747,8.6507381584175675,-2.2814400949244269,,0.3144986796852012,0.2666666666666667,False,1
0.1170018242812435,0.99021919027719052,0.076003475720830965,-0.99261883583376009,0.11905759451983636,-0.02308973657670943,-0.031912691251171771,-0.072740940287682312,0.99684017562655025,15.773896270619911,-4.7674478029368386,-1.7023129565307833,,0.2370115575652216,0.1176470588235294,False,2
-0.87941726003878695,0.47601291498465026,-0.0060817360753341737,-0.46573656808107616,-0.86293669085978741,-0.19603498850976092,-0.098563339523045135,-0.16956406557928783,0.98057804165007123,17.17422791347953,-4.6475577535618458,-1.5932372236725703,,0.2449888828956073,0.45,False,2
-0.91232280651895548,0.4094164010452388,-0.0067310668204915713,-0.39499344083267102,-0.88427816365696477,-0.24906286551518328,-0.10792255744071722,-0.22456700522256443,0.96846392899313738,-18.684926747865887,5.7496925329297959,-4.5985068666800348,,0.3068151682181344,0.1818181818181818,False,1
-0.84231301188780783,0.53863741866814208,-0.019455621681423174,-0.52794734636487395,-0.83178917016290599,-0.17145954585846673,-0.1085375026006109,-0.13415106265037458,0.98499903701424874,-5.911627137172152,2.0408410553861343,-3.5615572129803641,,0.3649103124647411,0.4719101123595505,False,1
-0.066926597278676198,0.99609521583749083,0.057577352859968234,-0.99606068304119266,-0.063336972492508942,-0.062060805787521406,-0.058171696521686411,-0.061504055973135227,0.9964102091120115,-10.038085096267269,10.237222573527944,-3.7577604293985076,,0.09908202100964707,0.2,False,2
0.92230880907948354,0.3835884432235897,-0.046971980155080036,-0.38190566831678835,0.92328927043262532,0.041048551880661921,0.059114475400645426,-0.01992057552620189,0.99805242821648033,-1.990557933396631,-17.790502369977769,-3.7626082631433349,,0.3197049727782956,0.4680851063829787,False,2
0.88773132896052109,0.45525579182330561,-0.068375811463722291,-0.45664051873937717,0.8896355149388866,-0.0052997363005224257,0.058416814594943758,0.03592790796522307,0.99764555890447537,-7.0010983506203441,12.620523395872574,-3.4506935550707381,,0.08517034602372263,0.2,False,4
-0.42825944462145565,-0.84284077425328507,-0.32590378541625703,0.90357756800468558,-0.39465722854980984,-0.16671307852751502,0.011892295458007518,-0.36587580025126903,0.93058770252955392,13.910137834258897,2.7995442506240038,-1.7306410235381651,0.7576553898972125,0.4899697141596941,0.1714285714285714,True,3
0.65605737841234002,-0.74183356582409854,-0.13882246521162686,0.74793653789824421,0.66366513320484466,-0.011812122797644375,0.10089425904142782,-0.096080963696776309,0.99024683635323096,9.8091501479442424,-9.3434006198254718,-2.4113541287979872,,0.1065239564070983,0.3684210526315789,False,4
0.89911755543452754,-0.42318080744933895,-0.11182855501152206,0.42414284914538702,0.90544988897270529,-0.016227818034140598,0.10812245385798928,-0.03284056585750577,0.99359500411681101,-8.7817856580750622,7.337861660437655,-3.6992099883709764,,0.08843925640661587,0.1142857142857143,False,3
0.99056155156463843,-0.079153793183845425,-0.11190393016541005,0.094824927556275224,0.98524501848844004,0.14247977631109829,0.098974974997739301,-0.15174627036050156,0.98345158688970258,-14.094304748603024,4.9829075714593776,-4.2028046475993497,,0.0815927590369904,0.5,False,1
0.41570524762431582,-0.90203947358765013,-0.11624945241730095,0.9050073313284871,0.42294704776013525,-0.04557987530343615,0.09028220942853199,-0.086258813350879079,0.99217364396561225,14.713693526520156,10.714211676517856,-1.540820354739719,,0.07668412794864439,0.3529411764705883,False,3
0.99464814912153543,0.070596654331036235,-0.07543985582150245,-0.0528805514989103,0.97511485097026329,0.21530135784619081,0.088762079303472727,-0.21015979590422745,0.97362937171349651,13.079648862922486,-4.8435824104701979,-1.9397461447939266,,0.3701605133880108,0.1818181818181818,True,3
0.97925022756124624,0.18362648784141039,-0.085733918516978369,-0.18529841239695119,0.98261024072794179,-0.011900133602028032,0.08205784657433389,0.02753956752756086,0.99624699850788923,5.4389242985928155,12.594980870175846,-2.2901708529620595,,0.124468675858928,0.2592592592592592,True,4
0.9724431199067165,0.22974064681345174,-0.03966880068554339,-0.21892559532678879,0.9583411643457328,0.18344971090540726,0.080162099878331422,-0.169709893412857,0.98222837966579557,2.5128399353566824,-9.0515248864153417,-3.0450762504406748,,0.335410479279117,0.1388888888888889,False,1
-0.37807301368863211,0.9256589875291068,0.01470493546347032,-0.92255576712094312,-0.37538683618147378,-0.089306101547162106,-0.077146956338432798,-0.04733034996968434,0.99589566978648103,-7.0682313916477675,11.699155296040759,-3.472822746298748,0.1359472150790589,0.1228677088486765,0.2692307692307692,True,4
0.077997494689676677,-0.95253279338284647,-0.29427481773404485,0.99504809519424386,0.092620738839141709,-0.03606503829470218,0.061609082710592976,-0.29000461421702062,0.95504012725141352,-2.9384231738715223,-12.084729215109787,-3.6409833297285812,,0.5834020969114023,0.25,False,1
-0.78940317085688205,0.60877513504880409,0.078964984565389695,-0.61036827429138174,-0.76464304239308989,-0.20681292865389672,-0.065522542530511652,-0.2114565030122065,0.97518867084999894,-7.56512822516894,-0.17281359288173087,-3.7414639218394372,,0.5807117352203847,0.2625,True,3
0.99109317732850044,-0.091554681080196848,-0.096706019591346712,0.089370450902122561,0.9956407692558874,-0.026690468356636955,0.098728093055876306,0.017810080512136939,0.99495505660994654,-15.641318908722891,8.4602331920679514,-4.2811457543202645,,0.07713492854326175,0.3333333333333333,False,1
0.74183271254667371,-0.6477498752121511,-0.17350598190923375,0.6622489510307692,0.74833378411756768,0.03772100750149987,0.10540661010719792,-0.14288683183178469,0.98411015635181043,-1.5412015186843313,-11.650034955545104,-3.4923305586619393,,0.075985431793347,0.1304347826086956,False,4
-0.60267593207997339,0.79739165982537918,0.030793858680955646,-0.79166837472876173,-0.59261296819649523,-0.14856330091802994,-0.10021429711302057,-0.11391404990723053,0.98842333232672941,6.7424629915939462,9.4243931095008087,-2.2258109039999123,0.9494117185831117,0.6690648550668223,0.1956521739130435,True,1
0.020423546013390907,0.99091832851779171,0.13290502238721252,-0.99846612779332333,0.027057781556987251,-0.048303913988639265,-0.051461348774069264,-0.13171462585727109,0.98995100228124089,18.060493679475321,-0.29910587938111693,-1.3971642375600462,,0.5209400985948338,0.7,True,3
0.9143650377030883,-0.35101474264317395,-0.20180492628619445,0.36795524491168652,0.92836563825827723,0.052404002168561399,0.16895418186067759,-0.12217156849467087,0.97802279742516263,16.397393170551499,8.6881229268469511,-1.3926178313823185,,0.1863864544914154,0.1363636363636364,False,5
