axis_00,axis_01,axis_02,axis_10,axis_11,axis_12,axis_20,axis_21,axis_22,location_x,location_y,location_z,dbh,dbh_approximation,score,reconstructed,number_clusters
-0.033869973063009928,-0.89436093769137148,-0.44606203386583188,0.97806728745491645,-0.12144020594220044,0.1692236909871036,-0.20551692420648424,-0.43054708164442068,0.8788583528374635,7.4503368911874546,11.692379012312689,-7.0636149958096848,,0.09168458146676454,0.1304347826086956,False,5
0.83443349096598562,0.54475973128306909,-0.083412135368419793,-0.45839751484041918,0.77008237615951858,0.44367200984132416,0.30592886026403066,-0.33197886845537455,0.8922990324754605,13.287024041424917,6.7285508289636571,-4.2338816042283263,,0.3771820764697261,0.4,False,3
-0.91514364360486711,-0.29533820119308357,-0.27438560181912364,0.28280346660582378,-0.95539272135108344,0.085129003665617708,-0.28728785363349019,0.0003080672098321191,0.9578442432093317,12.709107393331097,4.0097580311124785,-3.7657596233997563,,0.1169928660578885,0.3870967741935484,True,5
0.12723802390064909,0.99136727214942266,0.031645173168614871,-0.96492835321533987,0.11633280500991153,0.23532945340449615,0.22961654651830055,-0.0604781794496137,0.97140034557100607,-23.070803982546924,5.0238729667969597,-13.33648310430128,,0.3509394760357124,0.2272727272727273,False,2
0.8931345102995244,-0.33424914322169047,-0.30097883109547124,0.43699554108211158,0.8032943357185528,0.40466419075184151,0.1065159311388813,-0.49294596099172583,0.86351527835676567,15.833502738720311,19.095292160575308,-6.6144216157785856,,0.3032128507894138,0.4736842105263158,True,3
-0.29016336565365786,0.9506199862671002,-0.11012203658705411,-0.95308532838406423,-0.27669623639456087,0.12274994738950469,0.086218200233956155,0.14057323527124252,0.98630907299577941,16.93992235103908,0.64195129023559394,-1.767148979249703,,0.295777670565998,0.4,False,2
-0.13737088275877235,-0.92020616357070195,-0.36653766122537335,0.96956868413372754,-0.20062645624825881,0.14030535200218619,-0.20264700174754013,-0.33610956781941864,0.91976331254457866,14.767014949309134,6.083325160875086,-3.7260796759849506,,0.1604202465374754,0.25,False,4
0.9481875400452795,0.26183842118667799,-0.17994729809961046,-0.14746559873987353,0.86438541891537246,0.48072002741178521,0.28141479366083949,-0.42927670418619834,0.85821164356577162,9.9865947794762402,15.836052694014436,-7.3458121271901895,,0.31161125068648,0.2352941176470588,False,2
-0.2579302234231251,-0.92913565933607378,-0.26491305440656909,0.93424999116882335,-0.30974169124167611,0.17674003142412623,-0.24627008313222265,-0.20190842294680805,0.94793672515478733,8.2075790323075424,12.161105081292146,-6.9536560196750399,,0.1403944830234968,0.6,True,5
0.54533032142524662,-0.72416591440274303,-0.42213572337753652,0.83708665770705459,0.44429661435366979,0.31919656320627682,-0.043597798374109653,-0.52743174619196476,0.84847804042640096,2.4395967978854478,11.453831597119278,-8.3251865547322605,,0.6222000080485358,0.3802816901408451,True,3
-0.55146662183349349,0.82337524091800529,-0.13393198888529717,-0.83309981718525228,-0.53536516345057805,0.13902818552162405,0.042769844627422171,0.18824811926484858,0.98118978081907937,17.572808898895858,2.3791862338170056,-2.0807016311381128,,0.2360525975217416,0.6029411764705882,True,5
0.95907919818219034,0.20667497488407113,-0.1935266037806585,-0.1059702374446141,0.89584624989663741,0.43154351498089327,0.26255932737219517,-0.39337634817411288,0.88108889920771327,-16.06471438864321,-8.8316808116712409,-8.2766712166615672,,0.4045532671728547,0.3,False,1
0.94709201784738106,-0.12811716814963539,-0.29428336846497932,0.26117396869891724,0.8405647234974305,0.47459361951647233,0.1865606276893218,-0.52634298402943225,0.82955300937261367,-16.560010601053786,-13.127798854020334,-7.3087619924786758,,0.6261024109534694,0.3896103896103896,False,2
0.55992442494255856,0.80643889790868861,-0.19010771234372953,-0.77390575215801072,0.59098960339633377,0.22759871584477154,0.29589613909189516,0.019687372025364247,0.95501721568422315,14.911718201726313,10.202972056940197,-4.6282503057956816,,0.5378762043248855,0.7672413793103449,True,5
-0.763839549931566,-0.58698913813699649,-0.26831491510821842,0.57247427262118578,-0.80817314316020916,0.13830899414497216,-0.29803078556952539,-0.047957506020809407,0.95335078982978627,9.7431727645297919,6.5050545420397139,-5.124270398178103,,0.1591177731905847,0.3888888888888889,False,4
-0.67052865604113265,0.73193132018312668,-0.12111095723616239,-0.74163239295374517,-0.66555769493274808,0.083751707072217824,-0.019305832004239992,0.14597772861225849,0.98909948316629492,-8.8773222410826875,13.974215640104532,-12.140401719921419,,0.2059183668179709,0.2,False,1
0.019293983794337416,-0.88307853037032713,-0.46882838159429802,0.98022921294580845,-0.075649725922230904,0.18283273518583573,-0.19692240166366656,-0.46308684732658539,0.86415978820825667,15.968385810517013,-2.4832938122229011,-1.351771689919685,,0.3990541341905243,0.3,False,5
-0.86257397162083382,0.468165968429408,-0.19179877342365578,-0.49409232771747646,-0.86104049143404759,0.12034136363587999,-0.10880677907644468,0.19856963039591866,0.97402832952201213,8.4241702060375818,14.385161003824861,-7.4376697207405238,,0.1314385494615766,0.2222222222222222,False,5
-0.44021537872454863,0.88719944705978093,-0.13815774126418873,-0.89191712172875803,-0.41435683397541329,0.18108633881372865,0.10341309540619655,0.20294224615562911,0.9737146278164962,15.868757841008094,5.3910827620682307,-3.2627776153689574,,0.1928862308179368,0.32,True,6
0.62269884663574615,-0.69549310518894236,-0.35851846121665099,0.78227840019686556,0.54344366645838393,0.30448232456368024,-0.016930770329346562,-0.4700620406083782,0.88247097799029262,-14.249498375823714,-17.954693785435488,-5.6134995270555272,,0.3125709328338057,0.2,True,5
-0.40288992753368325,0.89638570319281541,-0.1848577220551712,-0.91142934477683113,-0.37450816388848418,0.17041180904078793,0.083523983211896524,0.23714195388500903,0.96787780113814992,21.376404755796226,-7.4147095625448696,1.2850758974883216,,0.1480980949517069,0.6,False,4
-0.24816618581394667,-0.89800285469785635,-0.3633241213751956,0.93567983593560455,-0.31931905601563976,0.15012856186882023,-0.25083219259512357,-0.30269822169907257,0.91948735594250641,-30.248052776870331,3.8598004531346106,-14.79282586765841,,0.4803632934539976,0.2941176470588235,False,1
-0.033373056921429958,0.99745706574103021,-0.062973336222658938,-0.97823086225907374,-0.019687358760408457,0.20658361026206098,0.20481850305962873,0.06849678757673261,0.97640031283079765,-3.0640940409129342,16.211585587556947,-11.031368607816663,,0.4508895416622936,0.3365384615384616,False,5
0.58416324184099844,-0.67538238100481107,-0.45012436760309749,0.81146888522430427,0.47473634974612183,0.34079854245954988,-0.016478931841623995,-0.56434390016903802,0.8253753129015664,-14.941362390285159,-7.4161677493723364,-8.2850867129762396,,0.4366995359870919,0.1,False,1
-0.46144682476332527,0.8748577313168977,-0.14727789335436109,-0.88582347179158039,-0.44521860348336229,0.13075615448398023,0.048822174664376466,0.19079922711420549,0.9804142237817981,-1.881664205072284,6.8212398739357001,-8.3425757603844897,,0.1844068705102027,0.3636363636363636,False,5
-0.36949026284161313,0.92796204571770868,-0.048614682685799687,-0.9245447217307966,-0.36187237650970183,0.11943802007294164,0.093241638686584291,0.089077633705806819,0.99165073084650834,-25.449755806012913,5.8991004319011138,-14.092842960056574,,0.3020682804959964,0.3235294117647059,False,1
-0.066454005866525293,-0.92931397427279772,-0.36326216748457396,0.97476754496004014,-0.13822034861832588,0.17528082758934407,-0.2131011459304448,-0.34244805803088929,0.91505039705690772,12.268870883385651,4.7842246311498737,-3.9835634639272834,,0.1185740699997905,0.1458333333333333,True,5
0.25208408478997663,-0.86381603183528199,-0.43620577407909988,0.96088275227527831,0.17000306632098547,0.2186396437550801,-0.11470811033002698,-0.47425817925029967,0.87288099351441073,5.7873281257987417,14.442699120443789,-8.1547808119876084,,0.2380212762367296,0.5,False,5
-0.82029657339273832,0.55688811610108657,-0.1303424636314485,-0.56438141463386626,-0.82508182532634533,0.026713298785862316,-0.092666879174864006,0.095475691469239315,0.99110909684174642,-2.6304796289903258,-14.53756434496951,-3.4508084226112934,,0.4476770572387047,0.4210526315789473,False,1
-0.43100784829293742,-0.81708450889696627,-0.38289050658184032,0.85196903008011737,-0.5082912187667773,0.12565352644844685,-0.29728943219401321,-0.27205319745445028,0.91520820104529943,-15.191439109356027,-15.873425034192783,-6.376182808324196,,0.4118481962489295,0.6761904761904762,False,3
-0.969857615611605,0.083915943006676513,-0.22876695554531493,-0.10130637610504001,-0.99270691671941325,0.065345203786504102,-0.22161503468996879,0.086551094774911921,0.97128558333408177,12.722582838793974,2.5317801083474887,-3.301765488914695,,0.1165041001859034,0.1666666666666667,False,5
0.97089830762412765,0.046687179882997844,-0.23489738927279988,0.057734809801959788,0.90626028176427775,0.41875887266261375,0.2324288450036617,-0.42013403686336126,0.87719109838116771,-15.488976791304543,-12.287137514604021,-7.220748217934001,,0.1720995737001413,0.1914893617021277,True,2
-0.78739788029120228,-0.52988684609761083,-0.31499921975403061,0.53522391245604961,-0.84118126641194413,0.077132616789762048,-0.30584300163345246,-0.10786105585578312,0.94595245704079411,8.2503220314022094,7.8518001004595064,-5.9117367293853729,,0.07893485660205712,0.3272727272727273,False,2
-0.54392637347349304,-0.68886934660813615,-0.47916920137218277,0.78456064202199072,-0.62005155605671858,0.00081659150457213947,-0.29767213378147728,-0.37549313061003275,0.87772217109667494,1.183500973887835,37.636954094813234,-15.477455016095275,,0.5610331559783825,0.25,False,2
0.22448982189923308,0.9724249551434293,0.063198310720709389,-0.94283191293545954,0.20034964763685825,0.26632311698808581,0.24631748580665869,-0.11937221329139988,0.9618097373596296,-13.414171271400434,-12.756413399164996,-6.6029090668854851,,0.7131260123024219,0.2978723404255319,False,1
-0.91814443702396586,-0.25095923215959209,-0.30664353336702327,0.27412348662587416,-0.96108568181317466,-0.034214416461181285,-0.28612428565576004,-0.11547197065770075,0.95120929198069137,6.029628653297503,5.6733680893660647,-5.8613855007662146,,0.6858651000577106,0.4296028880866426,False,1
-0.14977617310882602,0.98812254245474107,0.034364793927136122,-0.97595983227872141,-0.15331984297354181,0.15490458846999758,0.1583335206056059,-0.01033764205938667,0.98733157014717554,23.155582312767216,-8.4279435615209763,1.958471287944374,,0.4579124913242284,0.3333333333333333,False,2
-0.60159170855313782,-0.69637634467454423,-0.39134052023504884,0.7401845868120267,-0.67017532431873716,0.054697459906163648,-0.30035677726002352,-0.25675868291451726,0.91861895533565863,19.269401778229714,-8.3114412794235832,0.92296898635648883,,0.1179840734123731,0.3,False,1
-0.35920499459480937,0.93298636150257364,0.02254375985349899,-0.92524813518040094,-0.35917604245212043,0.12210020013752308,0.12201499991121441,0.023000429966019476,0.99226171951660258,-3.8739029443748061,11.361210163728373,-10.056174470108298,,0.7086101627091147,0.261744966442953,False,3
0.79023447553640802,-0.53524182743159487,-0.29840519405899557,0.6080340378545257,0.74548356385697878,0.27303638004746045,0.076315676528623005,-0.39720327564961827,0.91455206266739886,-19.369209273989178,1.8303695002880536,-11.574301376409837,,0.4735681379182048,0.15,False,1
-0.69131602482083043,-0.60107956521960559,-0.40098068544673859,0.65469413882755223,-0.75588138044512387,0.0043500897950899953,-0.30570858413001145,-0.25951241776027856,0.91607617948369324,-24.12316689183104,8.2920236682614981,-14.31781123459985,,0.4719903040596098,0.375,False,1
-0.82366343860218283,-0.42699147475532889,-0.37317130167832802,0.47895790172987512,-0.87613436046211601,-0.054661785446091571,-0.30360808335837131,-0.22375625779832076,0.92615078082110791,17.43967933117629,-1.988066604011677,-1.0269875796496559,,0.3830083421669802,0.1463414634146341,False,1
0.51857560348537146,-0.79444656998091556,-0.31612337926091344,0.85072019305618096,0.44231861208614648,0.28395316256142933,-0.085758361669491245,-0.41618372487128996,0.9052273805823714,-6.856957416450971,8.9014157633750077,-10.123862596144143,,0.1624097915379389,0.2857142857142857,False,3
-0.7759111070920649,0.60181182934304744,-0.1891678512695584,-0.62707058820590189,-0.76852074655647817,0.12711545743684521,-0.068879832304319738,0.21725189107358533,0.97368228109927157,-1.6624424055178524,2.5313464681060327,-7.1224427884227337,,0.3390892666674247,0.3068432671081678,False,1
0.69136071757171347,0.71183910927129501,-0.12371515958271281,-0.65464620139790652,0.68962251325572077,0.30961127273753508,0.3057101718851018,-0.13306341241195493,0.94278068450900543,3.0312069403125386,25.960930302026298,-12.018046022462494,,0.6504084438411984,0.1666666666666667,False,1
-0.73073028128062056,-0.59745163215438524,-0.33027988624136007,0.60993925155745432,-0.78867912585936106,0.077196799436544977,-0.30660620579022368,-0.14504062765230613,0.94072092083739023,18.477700757365735,-7.4092118353638101,0.47400183643941429,,0.5015227290399148,0.6724137931034483,False,2
-0.25778387708103018,0.95953957122521083,-0.11327525753672263,-0.95822759079295106,-0.23886114951297824,0.15730618391047163,0.1238844500339279,0.14909447510312779,0.98103184481112216,-8.5640163601551595,5.2611525372116814,-9.6576965015135627,,0.2784473980794875,0.39375,False,3
-0.92560422789541763,0.31368732611555422,-0.21179488836277949,-0.33866005225959622,-0.93626706569395379,0.093345330361841283,-0.16901533156981902,0.15812730039846895,0.97284612070102672,12.114205396409412,5.6824783950718869,-4.2147417167277181,,0.0964446919237531,0.2142857142857143,False,3
0.94392155567833125,-0.16267753940721652,-0.28731187740539604,0.27552684165599028,0.86759150600453372,0.41396852324284372,0.18192596365795255,-0.46991594661300812,0.86376035268234352,17.768328293148045,-9.0780238689850936,0.65381456964256046,,0.2438355033409255,0.1428571428571428,False,1
0.6603858676682568,0.73206182550672494,-0.16726024458849933,-0.68370848522073657,0.67827842779900349,0.26922310751433853,0.31053697528830426,-0.063433886986948018,0.94844236986783614,-15.200499188844235,-20.674284680192617,-5.3072670719052093,,0.1521938442413253,0.1764705882352941,False,2
-0.17148322616279393,0.98287142631691082,0.067507499394962506,-0.97310680839752217,-0.1796801239989301,0.14414642725408205,0.15380716041585102,-0.040973312893759078,0.98725100406903721,-0.3123688548030672,28.509612935742272,-13.660366797557586,,0.550941104786256,0.25,False,2
0.86222108002025688,0.46375565682822978,-0.20372898647104917,-0.40874638831703047,0.87456124662519841,0.26090039467038828,0.29916751027891891,-0.14168033265488281,0.94362359239917093,15.609320839197654,-4.0733683303880088,-1.0199844502701689,,0.3092665688083517,0.4520547945205479,False,1
-0.48582439595682386,-0.78051117660872193,-0.39341702998479378,0.82126024812147103,-0.56168842443704714,0.10018841604141379,-0.29917597020590936,-0.27442379095533309,0.91388474208132875,15.958814524888135,-0.66395046654186629,-1.6420989280796983,,0.5225397729247195,0.3125,False,2
-0.046160122609070077,0.99344068863245805,0.10461759531830317,-0.98146027157832028,-0.064606218996551362,0.1804488065363144,0.18602413390236819,-0.094348474478595845,0.97800479905235449,-21.676117539148109,5.5992470795440061,-13.030985527273996,,0.7496540021535649,0.5384615384615384,False,1
-0.69010635930439856,-0.62935080588042436,-0.35731047561649915,0.65669213664058856,-0.75205397894013326,0.056304976997881701,-0.3041523475530753,-0.19578655698993774,0.93228695881685442,7.0555399510347359,15.727693015533829,-8.0797113598248878,,0.2384080989352228,0.3809523809523809,False,3
0.96659843992263195,0.13079738001682284,-0.22040757999639865,-0.045370854781650975,0.9337169860564134,0.35512543627021342,0.25224777793970043,-0.33326361237084068,0.90846377098595466,-4.8501613894171705,31.563205845107621,-15.899493182862855,,0.2360706464458845,0.25,False,1
-0.19666541454447495,0.97781167308843808,-0.072159868999602167,-0.95485806875575341,-0.17429647273918641,0.24055520805567951,0.22264047981910884,0.11621132286773095,0.96794945383694964,12.729934509745979,18.293539978080958,-7.2088130572965881,,0.4679081367743827,0.3846153846153846,False,2
0.89643148965165398,0.41691243921530957,-0.15031501052276358,-0.35271349801107399,0.87650894995193851,0.32760532501005424,0.26833518718518801,-0.24065759635152167,0.93278086849838382,-10.996575346832643,5.3073649251285175,-10.246593072662423,,0.4740814154898549,0.5319148936170213,False,3
0.40828303710097935,-0.77639797569808344,-0.48011576202778461,0.90863397050597161,0.29512289642336859,0.29544336792224007,-0.087688478480098558,-0.55687400670043996,0.8259552478211184,24.965928586704699,-14.795883367092777,3.8765998534236239,,0.3631624519172375,0.3823529411764706,True,2
0.90863757361329789,0.35827072744981464,-0.21452236636472188,-0.30123902873847569,0.91814043036849935,0.25743581275231975,0.28919337368418246,-0.16929334297404675,0.94218201884871111,19.992729507415536,14.904877062625403,-4.4189180620808077,,0.1699445767760176,0.3461538461538461,False,1
0.9367945892714703,-0.21859902797176778,-0.27318558249200603,0.29597210613499475,0.91151558154302637,0.28555184642074194,0.18659155903125352,-0.34835873689930313,0.91860207953401085,-14.204442507043002,-19.818890536622131,-5.2606289488487388,,0.4036508531907195,0.7142857142857143,False,2
0.043775267321195584,-0.91418007569775472,-0.40293735886388871,0.98148350360915981,-0.035930128220711163,0.18814663969662648,-0.18647750028903431,-0.40371254016105529,0.89567981265777241,16.330089016165942,3.2784205493883136,-2.5867102351242295,,0.548858027618321,0.3,False,2
0.79271094341483028,0.60297056999409093,-0.089642913336031166,-0.52857261137230704,0.75313077444083232,0.39166954323410491,0.30367804447709096,-0.26309794433091555,0.9157287354841589,17.416730387211775,8.9091492447110561,-3.6300745069042324,,0.347283633632361,0.1111111111111111,False,2
-0.43166466007085735,-0.74483574108014738,-0.50880776336009315,0.85709657226635427,-0.51449830182935985,0.026018516944142284,-0.28116025155625912,-0.4248661156462048,0.86048689514746735,8.5546364430120612,13.404015803041904,-7.2160490445528822,,0.3617437565150476,0.35,False,1
-0.74990824452890359,-0.54294726090932233,-0.37794959539420347,0.59908316701940245,-0.79969393587110238,-0.039861860530931548,-0.28060111151166267,-0.25631597843686799,0.92496764019957467,3.671974199992706,7.6675918287391358,-7.0945099681997723,,0.3506462289435511,0.2962962962962963,False,2
-0.25945826746644002,0.95830569047576108,-0.11971470688719968,-0.95729940628558063,-0.23883633474228338,0.16289583153704923,0.12751178050904963,0.15686748805487646,0.97935353015280713,17.53378707417593,-5.3703419005119821,-0.213179195316373,,0.0991341543121686,0.1304347826086956,False,1
0.91443644858351536,-0.23264877546198856,-0.33118050784731684,0.37400557896182807,0.79846772684870215,0.47177231381938434,0.15467969617049707,-0.55526915676733291,0.81715993240950024,-21.485852274238617,4.7270052910308937,-12.770262279430879,,0.3658121800480416,0.25,False,1
0.79470612070045232,-0.53030436887024823,-0.29532940605088509,0.60187037025396617,0.75152462602745884,0.27011625994124189,0.078703488687570627,-0.39241306404274895,0.91641570700037067,-12.024571363001847,-21.081841442971204,-4.4075482211243076,,0.5209465772599775,0.4,True,2
-0.94721814492986978,-0.17715453642455975,-0.26719666191742947,0.15830765202766342,-0.98321704928423426,0.090680324802534157,-0.2787767444122734,0.043594772863316679,0.95936594819385324,7.3220320446361828,20.431144823523248,-9.268695066010789,,0.2181075671758835,0.7058823529411765,False,2
0.31439330934635934,-0.81377718258371934,-0.48879806070027354,0.94280717864962782,0.20758441728934318,0.26081283247833559,-0.11077667139327213,-0.5428401300610961,0.83249812148153168,17.749831093122367,14.145221142572076,-4.8421028767942085,,0.2812554761054906,0.3529411764705883,False,1
0.70913521700664794,-0.55911693335926116,-0.42955267294229615,0.70412353895655411,0.59317986733563866,0.39031741810348863,0.036568919702853059,-0.57924597522866839,0.81433212775449104,4.5129771294974041,15.501152908506931,-8.7448600166402137,,0.328801704377847,0.4285714285714285,False,1
-0.97078945386204007,-0.0033491807696847346,-0.23990960643211856,-0.034372171995042645,-0.98764775043084418,0.15287404901171478,-0.23745818592456502,0.15665472880530915,0.95868290163137337,24.617079384689323,-16.691222402287686,4.0907722472730832,,0.1408360059876424,0.6842105263157895,False,2
0.2883506037826381,-0.87617798210761721,-0.38622023894148028,0.95012648904992592,0.21177079557747469,0.22893838679030282,-0.1188006064961409,-0.43297260168549878,0.89354414669105275,8.2298668656716121,9.774652510938612,-6.4445854956920776,,0.1256127695417685,0.4375,False,1
-0.93633706022650387,-0.23729330283942696,-0.25877557472440615,0.21387909429564272,-0.96999764942613109,0.11558673423476291,-0.27843965714255992,0.052881457386669599,0.9589968241839999,15.387679427079627,4.2070376071492461,-3.0709106278733591,,0.07447891218060694,0.1481481481481481,False,2
-0.45616709120470927,-0.83041918555693373,-0.31986803710404366,0.84437482351618698,-0.51739370938065321,0.13905001584083473,-0.28096751113579421,-0.20665847612011373,0.93720303666487859,22.605879717638754,10.85909594652702,-2.6757667331568005,,0.2541938127055485,0.5,False,2
-0.53823543459115075,0.83564714856277145,-0.10952835271921585,-0.84209949387291116,-0.52795395947625434,0.11015016610215865,0.03422074472396272,0.15152049291186814,0.98786156968387151,20.170334782997884,-10.623295505458207,1.6900981840847915,,0.6632669727606222,0.5471698113207547,True,2
0.92365335562293382,-0.24657680539586685,-0.29336727439723737,0.32392201163054202,0.91140113566775083,0.25381587870887373,0.20479015852261589,-0.32946600574915696,0.92169037210333238,20.927295041396334,4.5519949907665795,-1.6803722733039876,,0.1203984837276662,0.6666666666666666,False,2
0.49677632498182656,-0.80516693133540995,-0.32391279014801211,0.86646399760535442,0.43882792785484798,0.23805501588575936,-0.049532048123404782,-0.39891886696236872,0.91564748336363633,15.948745303125751,7.81396950067505,-3.7606848920714184,,0.07385558505571321,0.1333333333333333,False,1
-0.82177028725477985,-0.40991698189851461,-0.39580508199922132,0.48210020583896152,-0.87045364770880695,-0.099447668250511073,-0.30376468938181145,-0.27254085040897202,0.91293400546979653,26.093072834468163,-15.552553496004212,4.3064639241254143,,0.682574505772081,0.25,False,1
-0.068868132935555076,0.97138458479974321,-0.22730853191070988,-0.98120488315064003,-0.024782692433722588,0.19137083225265908,0.18026135899662635,0.23621559340815546,0.95483403577979098,17.088495184018829,4.5030356144487493,-2.7178849800240754,,0.09933866103087743,0.3095238095238095,False,1
-0.69768031221398585,0.70687839326058399,-0.11646939121645022,-0.71572286892155434,-0.69485381802792268,0.070135201395005953,-0.031352142697029017,0.13229175602944326,0.99071486030792488,-5.484680393095366,32.464513252881332,-16.289313379368146,,0.6925386634125361,0.303030303030303,False,1
0.82712255823488978,0.55612121080741161,-0.081224827171690828,-0.47315117949288255,0.76701743767310671,0.43337306290294186,0.30330881128557152,-0.32002101367797986,0.8975468320934864,18.891562219307172,3.8636629847625774,-2.0982011465180985,,0.6775971557116752,0.4081632653061225,False,1
0.90693533352072542,0.35461344005673473,-0.22741505874233767,-0.30585221947861274,0.92549710388565165,0.22340441029505098,0.28969418470459285,-0.1330579529017398,0.94782533228329646,18.124889727329684,7.5851128564387844,-3.1416571482133167,,0.08101281697033293,0.2,False,1
0.052787976039102,-0.84686894125752465,-0.52917523177020953,0.98144142542807256,-0.053830383787628056,0.18405167273075868,-0.18435335103927139,-0.5290702090598528,0.82831066384899033,24.158175886634822,-13.652891671552238,3.4088000040157187,,0.0748834048653029,0.3076923076923077,False,1
