axis_00,axis_01,axis_02,axis_10,axis_11,axis_12,axis_20,axis_21,axis_22,location_x,location_y,location_z,dbh,dbh_approximation,score,reconstructed,number_clusters
0.9041515749003417,-0.30811730787950536,-0.2959284612711609,0.38402202496265908,0.88967812425086057,0.24698161788490985,0.18718176713774692,-0.33695186572351088,0.92272770969372886,-6.6934706591577555,21.716416030697168,-5.2747924508642932,,0.1784860494592901,0.1666666666666667,False,1
-0.73896047630561723,0.64612399702192236,-0.19094814723005737,-0.66225360586944992,-0.7487002396909922,0.029463750602447172,-0.12392568729318455,0.1482286462161303,0.98115783259873468,-18.477011263194587,-22.181494010550743,-2.790392290189617,0.2188522034581581,0.2427390495501124,0.4705882352941176,True,3
0.46435934065193074,0.86002947330097534,-0.21147034733728359,-0.85705555087871643,0.49655109274435449,0.13745106402777446,0.22321779825382182,0.11741514956782544,0.96767117203866382,-28.566119118792773,5.7093954032915173,-8.8168479358816718,,0.05799579630208272,0.2,False,1
-0.1136727158782322,-0.93276809981297071,-0.34208505614272061,0.98316928370650158,-0.15517819058789814,0.096425560625344409,-0.14302682699728966,-0.32536656425817273,0.9347084709265886,-3.1102393541293125,-13.413652313401107,-0.10227251965362007,0.6998242702053497,0.2817058553136861,0.5625,True,5
0.9009652872338223,-0.32548981192105464,-0.28691102024020071,0.3923047295584417,0.89358304205169348,0.21818878551318699,0.18536059550442299,-0.30913707201375584,0.93277849478909391,-10.740297000679154,-20.581054767000079,-1.0562484757391428,,0.1453324295324644,0.1666666666666667,False,1
-0.96489529145960318,0.14874641710952846,-0.21645225782182548,-0.11721199605312387,-0.98141708411015427,-0.15192713713476308,-0.23502856103105929,-0.12122297807676884,0.96439958787105939,-1.8494695528976652,-1.805356568317886,-1.419646893075756,,0.2991907665750587,0.4355231143552312,False,1
-0.31300136119894723,0.93555267133952968,-0.16361951912004458,-0.94972895480557862,-0.30953151117176636,0.046959088530597271,-0.0067126962919553806,0.1700924535104103,0.98540524504758908,14.512513551971917,6.7994001879510151,1.8140221935058944,0.9321443893288294,0.6204061224614046,0.6551724137931034,True,5
-0.9206201777504176,-0.24409569252726929,-0.30475528085403691,0.26959622948096951,-0.96197170524380926,-0.043912542171489349,-0.28244709481323127,-0.12258764701205142,0.95141784061032553,-33.259584974051634,8.7417703609009116,-10.255109050938179,,0.209724099802039,0.3076923076923077,False,2
0.89334260295432022,0.38370985160429472,-0.23389258972573312,-0.35683316622241051,0.9220794779368684,0.1497982905488624,0.27314663686468721,-0.050360561449235647,0.96065328220957469,-16.351729640643157,-8.0955708502254105,-4.1542729406110235,,0.08019007152252489,0.2325581395348837,False,2
0.94946915311314939,0.19947008916726461,-0.24232212200746861,-0.16606272634710126,0.97441821591893452,0.1514341817540816,0.26632967954166642,-0.10354141206765541,0.958304585078392,-1.4920279089710673,-6.6756907623827804,-0.62503725682437095,,0.06907020316179152,0.3230769230769231,False,5
0.51633577667062303,0.84333594710037252,-0.14893571115841356,-0.8231247071225043,0.53671675436674671,0.18547464006304742,0.23635372274291777,0.026825471297693249,0.97129671668096407,-30.477371798908056,5.5341067495079299,-9.2982585643551516,0.4705934108003734,0.4617114305279961,0.9130434782608695,True,5
0.78851337002250399,0.56631530861329693,-0.23986170291645248,-0.55248019430061812,0.82359219864948374,0.12830247553831942,0.27020788330710366,0.031350622863608693,0.96229145181943654,-23.133247327642707,20.601913457600318,-9.1882232126600325,,0.1177586540490383,0.2857142857142857,False,1
-0.97653969321831036,0.067898828522189605,-0.20435257927024669,-0.063252846021049303,-0.99757057296354146,-0.029189543117854114,-0.20583805537199773,-0.015578865250906748,0.97846205543095455,9.6215476136231182,-7.7755166856724687,2.3518282534292654,,0.3311196718040513,0.1666666666666667,False,4
-0.28001333232292008,0.94740323243290292,-0.15498273741646368,-0.95890482296469537,-0.26833052283882708,0.092196914308925487,0.045761055674663001,0.17443005959045094,0.98360565273630463,-17.922973289961185,-13.874890450288417,-3.7000066314709974,0.3146902478531713,0.281890822576112,0.6851851851851852,True,2
0.96722298257330863,0.068233876842398344,-0.24458912492801085,-0.025832470837601242,0.98466354055203809,0.17254099616598201,0.2526111348147943,-0.16056727549093364,0.95415185615760378,-5.7103029844890196,-14.19289392175077,-0.67957715696635124,0.3763815252573194,0.3547291375574822,0.8166666666666667,True,5
0.96543927290059828,0.11700150166661623,-0.23288980001047871,-0.046918922933447973,0.9569954568148662,0.28628361864848334,0.25637009383297638,-0.26546251005266613,0.92941058243631425,1.3014659305765837,-16.140094985854635,1.3277647827299812,,0.6288098842915324,0.6111111111111112,False,2
0.92352294576945104,-0.26302321694709713,-0.2791489852822594,0.32791037874710677,0.91898801243838391,0.21894249588528203,0.19894761156456187,-0.29373426824486781,0.93495455906231484,-17.40529480061921,-12.207173444743376,-3.7946577688717307,,0.07686828586985517,0.2631578947368421,False,1
0.61023204982795753,-0.71378740646424677,-0.34369228058804868,0.78991642482325364,0.58129364132223771,0.19526839056227924,0.060406019213474119,-0.39064720776088774,0.91855640649412695,-8.7092723326557948,-2.9872022120290551,-2.9178480709179775,0.2244029939751756,0.1572564844172996,0.3013698630136986,True,4
-0.65082459941878634,0.72698434544565693,-0.21890889033642766,-0.75531222175743862,-0.64921698289103025,0.089558677914033338,-0.077011612469927021,0.22363155100033955,0.97162654396736403,-6.639680769392009,-13.1791837767163,-1.0579676351625049,,0.2703780496198336,0.5,False,1
-0.92832759461684178,0.28686632290880854,-0.23646477508011196,-0.30809697642294848,-0.94961421164643645,0.057524796028789994,-0.20804838425699426,0.12625593776094612,0.96993572363747793,-10.720413909411162,15.749661497302309,-5.7288387183299587,0.5625187210094463,0.4471703930212462,0.8089171974522293,True,5
-0.96332005590714531,-0.090652694548812626,-0.25257980690881843,0.069389132369522877,-0.9933499060949339,0.091875526502939869,-0.2592288915149335,0.070979243671845868,0.96320419889642983,-4.0660521217774592,-7.8571619404008368,-1.0948358379970047,,0.07681711623051272,0.4393939393939394,False,5
-0.96125769378475623,-0.10758206228223303,-0.25379075242158428,0.092024155865697871,-0.99311882718581701,0.07243307135744817,-0.25983687358960023,0.046271967368690714,0.96454326194267359,-12.950530289702,12.038450896335211,-5.8600199006952103,,0.06883882080746681,0.25,False,4
-0.073215391285129716,-0.86826881476516449,-0.49066156542494843,0.9877269985031164,-0.13118876103644284,0.084763703350821312,-0.1379669630998242,-0.47843366759041817,0.86721758677334937,-9.6129755121278464,-10.111364007719168,-2.1952780112319106,,0.1307478595632043,0.125,False,1
-0.46932448602413368,0.88245231010527025,-0.031818975597208837,-0.88302575279629292,-0.4690108553941959,0.017156264772535817,0.00021614051868791562,0.036148830026396517,0.99934639408515402,14.264337807945367,-2.5233692784409225,2.9003783805178291,,0.5937595458780384,0.5686274509803921,False,2
0.96058619522169364,-0.16782538923525303,-0.22160505472021011,0.20669987834886452,0.96426755571514944,0.16572037076260912,0.18587447872173357,-0.20499443827374381,0.96095159005891506,3.9804209256296637,5.6768633461176679,-1.0506852447916404,0.1796422764372391,0.1462445712824514,0.5238095238095238,True,6
0.62519903446221503,0.76932948849161698,-0.13137086984845847,-0.73836704203960624,0.6375719465007248,0.21980929067025085,0.25286415035982435,-0.040424635712688811,0.96665690412384697,-13.538185651381864,-10.593704192090314,-3.0982306674832651,,0.2681969348058676,0.48,False,4
0.89208251485662293,-0.30290886822505431,-0.33531329266478715,0.40200085029902383,0.87087799264003163,0.28278408423058737,0.20635916031508353,-0.38706296578965899,0.89866465239719329,-4.3554551505496777,-14.224578401946834,-0.36024187724549733,0.5367450938708638,0.2994640029281567,0.4705882352941176,True,5
-0.83078966843358726,0.54977714397116906,-0.086796421532889412,-0.53601635574873896,-0.83230084428844364,-0.14128613154370567,-0.14991662080587292,-0.070854756817368442,0.98615648364876662,-0.33075714937840683,-20.198319884116195,1.4231413738205605,,0.3287627541290857,0.16,False,1
-0.95440680363044328,-0.14302809322751925,-0.26201262895444621,0.13911963834264063,-0.98970852885155791,0.033507523720755328,-0.26410865076958961,-0.0044712935694497108,0.96448257014965388,-8.4725869442292758,-19.604426114308129,-0.66466441853928604,,0.2047410614039727,0.5882352941176471,False,4
0.7007892012599013,0.69600668118170206,-0.15642632498381462,-0.66391259049823903,0.71655587886341665,0.21393397262752323,0.26098767705665132,-0.046069211157875822,0.96424222071420618,-17.2177894047494,10.904445505789498,-6.7487294818319716,,0.1227451466977853,0.2222222222222222,False,1
-0.96391984532653718,0.10351088407925275,-0.24524279533310536,-0.12781634016077731,-0.98812144531461499,0.085317011769401971,-0.23349842606229368,0.11358479733876045,0.9657002531013148,-15.916440866872492,-2.5001125729830207,-4.7947250051014354,,0.08826256371585908,0.3684210526315789,False,1
-0.83493401942342627,-0.44717584341354366,-0.32080983195162521,0.47869358471021478,-0.877695674997369,-0.022422177597178045,-0.27154674582238758,-0.17229064733264265,0.94687818523555234,-14.012459556728199,14.411326326518077,-6.3724969167211443,,0.148044274288064,0.3571428571428572,False,3
0.97341293797490247,-0.071468054885077376,-0.21762253861677977,0.12785945091908821,0.95782033798278376,0.25735609757146705,0.19005055378434854,-0.27833885333795694,0.94149257550379717,-16.207056340999962,-14.114276559262688,-3.2794817217948715,,0.2386338616715538,0.2105263157894737,False,3
-0.5922895070397689,0.79918301671981706,-0.10246777853160088,-0.80325902452128239,-0.59562481702173586,-0.0024529314996961926,-0.062992693034242778,0.080855322239399105,0.99473329967879209,-1.4257659042561874,-15.770888133461103,0.59114080668776936,,0.201825539269321,0.2380952380952381,False,3
0.23378611407467911,-0.91016190861105384,-0.34197858555667626,0.97064829610148884,0.19806015238625846,0.13643335850153623,-0.056444115203781939,-0.3638371560880167,0.92975081914922053,-8.7688319906656833,-13.332576117393781,-1.5348693599705705,,0.0843372697895793,0.3870967741935484,False,3
0.96371240850357498,0.10369084248483296,-0.24598089942315912,-0.044696804163553566,0.97114541975026014,0.23426218089068013,0.26317406671973914,-0.21476681047796561,0.94053954075483603,27.240046685075715,-7.5724519538895168,6.895807887071939,0.6820533127994012,0.2685505341178391,0.575,True,3
-0.80206435120893982,-0.50849746720614786,-0.31324607318323555,0.53179910376255923,-0.84677211513781692,0.012911168125622152,-0.2718133362385351,-0.15622839328995899,0.94958422447559487,-0.45715710039252272,-13.693360591839264,0.5676463629913604,0.7468215704805387,0.6159229021525316,0.95,True,5
0.88857520271501012,-0.3335376842288762,-0.31493923591578499,0.40870231458073231,0.88738501974751038,0.21333130286965374,0.20831833134972119,-0.31827730036392821,0.92482594735264601,2.9791690430073619,-6.9892031074345518,0.53519243913282644,0.6230823479980786,0.2896557791651428,0.2391304347826087,True,3
0.12315575947235856,-0.87671701317155482,-0.46497305053554872,0.98853498575750709,0.067134453121633811,0.13524624629712925,-0.087356973632281829,-0.47629848206729214,0.87493343468986362,-32.929412319851842,10.285359759982704,-10.373515642005035,,0.1351694121111713,0.2,False,1
0.96028059595614679,-0.024354944979367278,-0.27797124614815871,0.11467729647831733,0.94261298887912248,0.31357594115109022,0.25438218236058202,-0.33299788265305807,0.90796592196296011,-18.489449396507389,-16.861705350617701,-3.4409321754120876,,0.4221342615955429,0.2272727272727273,False,2
0.95697311853820932,-0.14331206778756425,-0.25231746198332444,0.22317104712447719,0.91924806061012465,0.3243110956934534,0.18546464385596051,-0.36666695282091671,0.91167878750599685,9.4529633666641413,1.1825669309721016,1.1606674313977627,,0.2652169217959376,0.25,False,5
-0.064708972845161736,0.98518060166190025,-0.1588456198402125,-0.98888609464171684,-0.041954980073930268,0.14263264518072349,0.13385455038054622,0.16630983661856352,0.97694626136053642,0.69034679778939556,8.3417262567698796,-2.228129089334836,,0.3594637521957798,0.6666666666666666,False,3
-0.16767585031773868,-0.91662394936854785,-0.36288475397049796,0.9734332883991913,-0.21216004612347419,0.086114736632131234,-0.15592447613046298,-0.33880473767775277,0.92784638139648379,-16.82970368192419,5.9651621085715512,-6.0780267148488401,,0.1658664811561797,0.3614457831325301,False,4
0.9670517997393614,-0.044184796821395658,-0.25071601534547699,0.10005651573205467,0.9715379171789772,0.21471555403159573,0.23409295222287788,-0.23272683389198162,0.94394846814123845,-10.387237772973425,-8.6425480798624061,-2.5324157820851458,0.2632578111231378,0.2175453475446776,0.5828571428571429,True,5
-0.86677134042029491,-0.38908712396255102,-0.3119593777922961,0.42851351952124883,-0.90106463458097596,-0.066773407094180767,-0.25511488983106839,-0.19155608649688882,0.94774609401066878,4.1217772813273328,8.9626626546226351,-1.4223318058679473,,0.2560194066272231,0.5818181818181818,False,8
-0.81073271193293417,-0.49295853618615892,-0.31575995851765437,0.51804347801364847,-0.85533829496091873,0.0052303021778881409,-0.27265990664084377,-0.15933701005902301,0.94882469009615167,-22.598748615152033,-20.182957619398756,-4.0320479284092867,,0.2024308128367915,0.2857142857142857,False,2
0.88846188568789775,0.39838952879809564,-0.22786237298846831,-0.36539621388641497,0.91443454443924088,0.17405479256162595,0.2777068320322309,-0.071381000835157637,0.95801026516545895,-8.4336726341646706,6.7764290133129261,-4.1529630701969591,0.6886353538000687,0.6158553107045055,0.9839527027027027,True,5
-0.041215349245556754,-0.93249865281344801,-0.35881409878608583,0.98091339530774657,-0.10606418399009546,0.16297024200860499,-0.19002685571359348,-0.34524868048353119,0.91907189203673578,-8.2197630954878385,-15.247843071654581,-1.2347342674189676,,0.1552016011909168,0.1578947368421053,False,3
-0.029804488540808582,0.99005893434083792,-0.13745908116492567,-0.99388508259856567,-0.014726067186878199,0.10943301847819675,0.10632090599154345,0.13988012538274469,0.98444370863551423,-11.71855676247786,-12.568071836479817,-2.3636322517684509,,0.1164246572785994,0.3809523809523809,False,2
-0.34333829507869973,-0.82920070365296761,-0.44107256567811609,0.91757698923078868,-0.3963570463396634,0.030879777380338896,-0.20042775248605921,-0.39411582672904966,0.89694003765863017,7.9961980825775232,9.2273470276267577,-0.36213918883210117,,0.4526896471404438,0.1764705882352941,False,3
0.59057060226207103,0.78361491989921572,-0.19280565618041742,-0.7695933551864157,0.61877994135302172,0.15759902230682482,0.24280121786500669,0.055308602319150829,0.96849807801191456,-12.681894762638054,-18.894021573115992,-1.785502386433399,,0.315343861065943,0.3888888888888889,False,5
-0.67120433623583842,0.7411328976990923,-0.014379393810393187,-0.73643472316384317,-0.66891105112538096,-0.10110343318073373,-0.08454961582881966,-0.057271577859217965,0.99477199841607633,-26.118407328930722,19.016533117141748,-9.7344345066640319,,0.3988903256731494,0.1666666666666667,False,1
-0.95665740056004056,-0.13669126799929124,-0.25714220813870969,0.11969623609912518,-0.98952536111508982,0.080699261296201849,-0.26547962071957243,0.046422591082318568,0.96299819003972942,5.1646333856113991,3.6418944992247488,-0.32022463879304885,,0.0658544242851333,0.1388888888888889,False,5
0.07854553136310162,-0.87689878041439251,-0.47421422206703084,0.99350592235517543,0.029574334476998764,0.10986965452496136,-0.082319996040329108,-0.47976440848399104,0.87352706346393538,1.2494615813803933,11.095375783390697,-2.3321534554020249,,0.2786352304723603,0.2692307692307692,False,5
0.9519129491539543,0.19850108659895746,-0.2333646413920793,-0.1586031200047418,0.97098633772039522,0.17897089787195966,0.26211979619590353,-0.13335235498245687,0.95577735998654523,-19.400222478452406,9.5160429220487135,-7.1068022348775637,0.6137099044569913,0.7392821426649678,0.9295774647887324,True,5
-0.02493158630194112,-0.94698564232112004,-0.32030705462434683,0.98979739526433153,-0.068345331471534709,0.12502012635568108,-0.14028375648097421,-0.31392213828225224,0.93902787965208201,-29.616746811733961,10.568664713355405,-9.6371911373822332,,0.1271648278810006,0.2972972972972973,False,2
-0.86074521282195915,-0.37025338950225428,-0.3493280781245231,0.42844997932450085,-0.89751057136953116,-0.10442887290770263,-0.27486049883698382,-0.23955626028561738,0.93116298484049209,2.765942288277921,-8.640773910063599,0.73795832111517501,,0.176260393528263,0.3076923076923077,False,2
-0.15411867136066226,0.98785516646340032,-0.019738420139198493,-0.98212679547870774,-0.15097923040480735,0.11239319191612998,0.10804810382763858,0.036707520727221304,0.99346774742882937,-12.788747925726399,1.3300913786380262,-4.511708423662367,,0.1995887149225225,0.2894736842105263,False,3
0.43731236336495721,0.87800651338121627,-0.19458278266155782,-0.87336629103709962,0.46623210664155768,0.14092176700806119,0.21445096998674251,0.10831521221294182,0.9707103565302112,11.323873153353192,3.7827066521166395,1.2927425586491117,,0.09485195250393655,0.3571428571428572,False,2
-0.24562896622456107,-0.91429240893165475,-0.32208042772172102,0.95373002222277214,-0.28737042102735794,0.088415416243497302,-0.1733939320230245,-0.28546038619835223,0.94257461892896499,-4.9264236185643595,-17.287758069689119,-0.078688009975855483,,0.1132993155799074,0.4074074074074074,False,3
0.65119583387161106,0.74778805375169211,-0.12944888031386648,-0.7080308043541943,0.66003843631440717,0.2510809484472778,0.27319657031853412,-0.071849072742023318,0.95927125710734273,-4.0137061097354643,3.6157100725037017,-2.6887735341299024,,0.2680537683154456,0.4337606837606838,False,2
0.11004169551994593,-0.95357970641608591,-0.28031512402741915,0.99000546244677068,0.080130057667788385,0.11605325580832716,-0.08820436254886517,-0.29028420103334729,0.95286676563818717,-12.981387209449942,16.502325054620222,-6.3393909553346992,,0.09118375736620284,0.3823529411764706,False,3
0.61228434220829797,0.78005862242775392,-0.12890473173109648,-0.75204993690481947,0.62492123803066535,0.20950975791040563,0.24398519768217097,-0.031336748943288611,0.96927252693845434,1.7641324025801752,12.704804164349067,-2.4311131601416522,0.3611236306514437,0.2995223525243204,0.4509803921568628,True,5
0.7971349562539497,0.56836262614073718,-0.20381311715495279,-0.54136224501391017,0.82224353161469321,0.17562031315111623,0.26740003962511472,-0.029656363974731675,0.96312912887332269,-11.621776286540181,-14.712925731339549,-2.1099951572301432,,0.1333429356460236,0.3,False,3
-0.35088361118861072,-0.81793961831684969,-0.45591169340885151,0.91294091176849945,-0.40714261517167044,0.027816946821570113,-0.20837366200779972,-0.40645992631360334,0.8895902119979735,7.5929135015316076,1.2922669772003692,0.6068145691430139,,0.2709609693465578,0.3333333333333333,False,5
-0.91086359324373911,-0.30532032932392195,-0.27768149200952419,0.30984242185548039,-0.95035792354202286,0.028591795669807601,-0.27262646262209028,-0.059994280247582507,0.96024762338458292,-12.072469492465819,-0.15717778405350483,-4.1887451895158643,,0.07646796490244148,0.3,False,2
0.65397047832080946,-0.6559762243846825,-0.37685249969566148,0.75260705299925634,0.61472260111246146,0.23600582081233465,0.076845541579366974,-0.43796268873449273,0.89570276655586334,9.8377858239083906,11.668855154526284,-0.16544706374438287,,0.6730914271861987,0.25,False,2
-0.93695238397018321,0.25309606242677207,-0.24096185041755758,-0.2791024097380983,-0.95690969201183795,0.080160378069188826,-0.21029045401771462,0.14235949043836921,0.96721853809320202,-5.0508258523718439,-3.5773798898267026,-1.9616895945767969,,0.0688540543789524,0.3371428571428571,False,5
-0.83942256121966285,0.52610499540448707,-0.13632056897573169,-0.53207441046123249,-0.84665123856891933,0.0088601332974204278,-0.11075461817800046,0.079970082156770386,0.99062515640987348,-18.918792837398133,7.1862044175584225,-6.7201073147513268,0.7314741306112118,0.6811797368390129,0.7899159663865546,True,2
-0.61646045418021722,0.78715747029155292,-0.018963791712712758,-0.78699802868663737,-0.61673391876059658,-0.016534094881303696,-0.024710549877868582,0.0047318510543417347,0.99968344905291517,-8.1224512447025337,-0.86695646431571138,-3.1190708257319941,0.6145888322029106,0.2877858217544343,0.4602053915275995,True,4
0.21972632171619955,-0.93468895979159261,-0.27942242570842385,0.97375811969284165,0.19272360887165443,0.12104848167468567,-0.059291381138664404,-0.29868739348555706,0.9525074136695596,-15.672760116461031,-4.7162691049115404,-4.3934459735723683,0.407775267670472,0.4247654924893245,0.9819819819819819,True,2
-0.96100387729229653,0.18614665854579152,-0.20450175877339072,-0.19128261204458163,-0.98151981355133155,0.0054605801488959577,-0.19970605939373923,0.044365269281239468,0.97885096553205109,7.8628800383535147,5.8288934860408137,0.042473573702068203,0.4421173198851346,0.3466153854928519,0.8313253012048193,True,5
-0.085262707217940825,-0.95731480614448583,-0.27618586621044577,0.98557669439034357,-0.12170382224867106,0.11758724048410932,-0.14618088189798142,-0.26217654659906259,0.95388395949450744,-7.640340277048022,-14.11378807628537,-1.1977411855513402,0.4102853434261533,0.4055353716108074,0.9481865284974094,True,5
0.86290401974893682,0.48478307759774503,-0.14276561342279165,-0.42065789725383956,0.84556952495470428,0.32872345816180265,0.28007782164802913,-0.22360131069100481,0.9335731721071252,-16.599752683828839,12.875707832995335,-6.7706734499843142,,0.2281438671015794,0.4814814814814815,False,3
0.97547790850194382,0.088273696189169304,-0.20161995086244427,-0.026471621302902211,0.95645358321575513,0.29068160660650177,0.21849966427953138,-0.27821627866615495,0.93533608879102226,-2.3965114780463996,-14.175674799025234,0.16290994415361423,,0.2666062746371639,0.1764705882352941,False,3
0.67883112313350735,-0.63728622341435404,-0.36476646736175178,0.72997614633471586,0.63948034387671504,0.24124617215126118,0.079518124019741329,-0.43003623014995956,0.89930290153584669,5.0094049206674809,-6.2809983503186047,0.91534854603863025,0.3028097239251843,0.2026879056580724,0.5098039215686274,True,5
0.91920828604878191,-0.2244704240327722,-0.32352612814702991,0.34141153063583518,0.86369292016049704,0.37077311986379152,0.19619962693174831,-0.45127327463431821,0.87055047986470147,-7.7710228578705651,13.071514875759718,-4.7226514093672254,0.6304884491806848,0.3968207343384414,0.3513513513513514,True,2
-0.67470099509730419,-0.67005575915253512,-0.3095219650383908,0.69837734769245008,-0.71525529857783554,0.02605644040135402,-0.23884649347387471,-0.19858282272857952,0.95053522558208414,9.9353916116318572,16.732063467729532,-0.63695976385966557,0.622397497066699,0.3341767771193819,0.8064516129032258,True,4
0.95336085541512328,-0.14503535634381021,-0.26470327684478551,0.20275028590575614,0.95739048139755345,0.20565939729196309,0.2235965136742461,-0.24973628398689557,0.94214456827661952,4.2333897598016295,2.9412839407567679,-0.56471878099996953,0.3122836935776953,0.1232970555963712,0.1230769230769231,True,5
-0.45997411906658214,0.88118820004810017,-0.10922987633844269,-0.88716067206504479,-0.46121123571186207,0.015170299741124077,-0.037010157119635775,0.1038823957613941,0.99390074762063307,-12.81322679912491,-6.0438563445013003,-3.5270026376941832,,0.2157452703366873,0.2571428571428571,False,3
-0.47685400027411262,0.86029516155194863,-0.18028449027268861,-0.87884657899519847,-0.47025087145510525,0.080577965251985434,-0.015458105026587218,0.19686633258640324,0.98030846884180622,12.555800847938043,-5.6585472349287267,2.7940594084790171,0.5563615375801685,0.5200416986067273,0.879746835443038,True,5
-0.23878663523184251,-0.88670870694523884,-0.39588964606586674,0.95607206031340441,-0.28605319999253381,0.0640295421045107,-0.17002105258683925,-0.36320963065636591,0.91606310147048753,15.011726018145163,-1.1475512757159141,2.9414552606153448,0.5079152220417364,0.275558712954224,0.4090909090909091,True,5
-0.9538461914245745,-0.14316953549816405,-0.26396955735476901,0.13937521979704282,-0.98968466245182096,0.033148408923352371,-0.2659924645762709,-0.0051723314727249586,0.9639612314692827,-7.2736262366192186,3.5094127017496275,-3.4580129166995675,0.3266025141140149,0.2595059414356898,0.7092050209205021,True,5
0.61087676076981856,-0.70938950933905076,-0.3515623802272857,0.79059913950759197,0.57024907160449612,0.22308966122181684,0.042220655622916811,-0.41422520489935266,0.90919464135291739,-8.3265508315973911,-7.469314846546939,-2.2015619815225422,,0.1346995932573565,0.1714285714285714,False,6
0.11576622375274814,0.97589771918143098,-0.18499141367779931,-0.98235956739996366,0.14002751200864402,0.12394343959414034,0.14686000740768704,0.16737962115249011,0.97489291752841434,-3.5735578028263397,-14.889225429559367,-0.084753062126889919,0.3532681962656546,0.3195855820915255,0.8192771084337349,True,5
0.67786338070989938,-0.68818287742492168,-0.25866109933985254,0.72995410469368904,0.67191290051824415,0.12529987692729186,0.08756849966386579,-0.27374692936417588,0.95780706644412694,15.63356655294978,-3.2566295432877332,3.3225087433038918,0.3477353034271261,0.2745897984575792,0.8444444444444444,True,5
-0.96576430334522634,0.10320779375322989,-0.23800727235254815,-0.10652504603015096,-0.99430943026464691,0.0010823377787380906,-0.23654116967746547,0.026399018833733016,0.97126276920935906,-10.922419885169061,20.519113455203172,-6.2442364987624321,,0.1624366053794436,0.4210526315789473,False,1
-0.64992660907572086,-0.68517220073562257,-0.32883804243797415,0.71577817885652906,-0.69728310512617575,0.038182063569545191,-0.25545449983933655,-0.2105595560517311,0.94361415412610905,-9.7227231078062992,-14.723147263651885,-1.6120818351192532,,0.0812087208182002,0.3214285714285715,False,2
-0.89037248819660053,-0.35315022170265614,-0.28726599724638541,0.36390136825843361,-0.9312828803535762,0.016970295813197964,-0.2735189690720467,-0.089426604943453641,0.95770050427367581,-15.007943305196447,-7.3657481212809275,-3.8671623087733304,,0.07363077744099972,0.3,False,2
-0.95827446415386974,0.14723266231757967,-0.24501549848426157,-0.1744890551769982,-0.98021786186473037,0.093415806503902202,-0.22641471015385065,0.1322705047552685,0.96500823447146489,-14.219542336638806,-12.585312961766022,-2.9701889812371527,,0.07555211284388351,0.32,False,1
-0.70253185186540423,-0.65507426150029846,-0.27807680420057446,0.66315620333425818,-0.7443867453352575,0.078180709567477705,-0.25821085781558012,-0.12948391903638548,0.95737195886297033,11.184249588693472,-5.1322704444445479,2.412136026245685,,0.08428518764842655,0.25,False,5
0.95845678204345508,-0.12103398634635004,-0.25828544501000561,0.17079765125753529,0.96875484103502185,0.17983942920316187,0.22844859220361696,-0.21648286796031052,0.94918196811773903,-11.757810823672665,-18.170092518970723,-1.6994084835283618,0.4104994127322028,0.3724891565570186,0.8842105263157894,True,5
0.5479595283673625,0.82162432945371666,-0.15707901362418919,-0.81006477209119554,0.56803869114453676,0.1453516782828492,0.20865143250947768,0.047597338292513974,0.97683113847748049,19.27557560047088,-1.9728443431637013,4.14932356962077,0.4561812743730523,0.2494566984394151,0.2592592592592592,True,7
-0.46091699886951998,-0.77966864251397072,-0.42387772769223925,0.86344204901051103,-0.50432247147943521,-0.011254899439953142,-0.20499597106685774,-0.37118142820094824,0.90564949025826724,1.5041469801506375,-11.394170412393713,0.79453317298790571,,0.2684316722712509,0.1764705882352941,False,3
0.69847817678284996,-0.66180012637351771,-0.27230282644530318,0.70931628338260577,0.69067567105303673,0.14084575798980792,0.094861196947919627,-0.29152651705708088,0.9518474894467992,-17.240959098061289,-4.9626312140800941,-4.7106588345743896,,0.0716571372622126,0.1363636363636364,False,1
0.57323977639531154,0.79020017747394555,-0.21674832935549743,-0.78129274354865752,0.60683782396105013,0.14604624024065044,0.24693684949084743,0.085624382802818241,0.96524124312690429,12.668549193166058,0.88922388661759943,2.0667935849827295,0.2694506400118244,0.1371796207786327,0.4871794871794872,True,4
-0.60634817751993897,-0.73751618813687581,-0.29734115062382638,0.74922509096787326,-0.65514907807876088,0.097167116643088636,-0.26646510218493979,-0.16385834653322429,0.94981408264405476,1.8123603166724405,7.294093103820634,-1.7386518276535163,,0.2338511711662377,0.3571428571428572,False,5
-0.35179794193780689,-0.88870186595944456,-0.2940190495333998,0.91454696955716053,-0.39328888426849362,0.094486475141451975,-0.19960473071081292,-0.23565408324712706,0.95111781842567666,4.0910520400796244,3.86340489428515,-0.70586441731230021,0.2313587210901401,0.1989998928800391,0.5948275862068966,True,5
-0.82166196720571683,0.55312417232423861,-0.13756911585911463,-0.55569548069399166,-0.83108102768608583,-0.022513510532873496,-0.12678384906566786,0.057948040612830584,0.99023627493908173,-10.955684214413356,-12.791451373207007,-2.1310121439370668,,0.3408321862934392,0.325,False,2
-0.97185330340014842,-0.083668195471779103,-0.22022894845300175,0.083015285768576003,-0.99647316811799547,0.012234686332148553,-0.22047589210383162,-0.0063920487623757086,0.97537147934191626,11.65079101388867,-1.0708865317621827,2.0191742657082661,0.1788287826821102,0.1561441304962767,0.22,True,4
-0.71273847670598534,0.6811417621535818,-0.16748063671107266,-0.69118775574809499,-0.72267139111430168,0.0023551579209152851,-0.11942926830029764,0.11743917708854357,0.98587255239103921,2.8438262836650994,-21.052385084881962,2.3149207757277317,,0.3547035477339723,0.8333333333333334,False,3
0.96904677694508701,0.13102981678232686,-0.20923558781031737,-0.069278559113436916,0.95780297297714379,0.27895151228002174,0.23695743360254645,-0.2558215238601611,0.93723344081950033,-3.9005497859588161,-18.699037783252493,0.33243594107466984,,0.3775573537280488,0.82,False,4
0.94166867244721741,0.23218272283691144,-0.24362121120200822,-0.20670123402032378,0.97028704477230099,0.12576824162526118,0.26558371784800888,-0.068075208138299467,0.96168136867205489,3.4340912442500322,1.0956175911184052,-0.41946332739613579,,0.079106612336807,0.3942307692307692,False,5
0.96746512711288857,-0.047299953286672719,-0.24854364252485037,0.081491051455150454,0.98827356254899335,0.12913006659741871,0.23952126492897474,-0.1451829190566106,0.95997473074087991,-2.3132114407347615,-8.3180491827155851,-0.62910191697362006,,0.06854478346378703,0.2444444444444444,False,2
0.35544355356000107,0.92146140875961369,-0.15674422604800017,-0.91198815107567266,0.378637404811909,0.15783322836107097,0.20478645592473629,0.086848073346796756,0.97494611113934648,-14.106235633777679,-6.8874508819392242,-3.7290512266844211,0.469340400844602,0.3786614889077352,0.9263157894736842,True,3
0.21371391075796209,-0.91906409971500147,-0.33113070676636391,0.97490580956757078,0.17902522426907869,0.13232018571180137,-0.06232998331411168,-0.35109991411343267,0.9342611109800103,-13.355906015366822,-13.8652669241814,-2.664305450786133,,0.1056307900012905,0.1666666666666667,False,1
0.87256443811822493,0.47093187589189306,-0.1298247649732911,-0.41471530471314011,0.85457645287509698,0.31258647160122816,0.2581521205958125,-0.21891152199087366,0.94097567884166133,5.5522479107099247,1.4095283742159013,0.0064007627224379618,0.8124573474977336,0.509761264810925,0.3739130434782609,True,5
0.93658153469331029,-0.23323943203391675,-0.26156145781826967,0.28466245974015925,0.94165123617008406,0.17961133993719222,0.20440722317522159,-0.24267739236246799,0.94832767034920318,-14.284801878025522,-15.10618432485127,-2.7107823548762946,,0.1084010633747097,0.2727272727272727,False,2
0.8025565769251134,-0.48694957445474618,-0.34464917346859725,0.58062294830378181,0.7702684202084048,0.26374903361467117,0.13703989469227407,-0.41178474081489541,0.90091808423115838,-9.2019662284099297,7.7955726429666026,-4.4473809602620431,,0.09117287126954654,0.3125,False,2
0.53885249032508664,-0.67234125713129567,-0.50753840015269769,0.84155602812641606,0.45660590605872653,0.28860786211809714,0.03770205822686204,-0.58263906538387633,0.81185606747382244,-19.471136490032297,-8.0936461790477399,-4.8255540170834683,,0.07292495958036058,0.25,False,1
0.5522696890130272,0.80930195464571342,-0.20007132929053673,-0.79664372915951298,0.58304480811527881,0.15942873179148839,0.24567653406110851,0.071337913737687497,0.96672330202352907,-8.6804980647875105,-9.7856146320735871,-1.9733811097399692,0.2536257935219659,0.2504042497583903,0.7177914110429447,True,6
0.80372476724011654,0.56016750180845165,-0.20059628222501985,-0.53411725430648416,0.82780670516895571,0.17162405871386724,0.26219316767780965,-0.030796571156490815,0.9645238794493789,-15.5884624644199,20.489859670037387,-7.392452595326672,0.1230647385181954,0.1821582099998176,0.36,True,3
-0.80559395338868955,0.56408727547768522,-0.18117375060351409,-0.57600151046727333,-0.81728023367103975,0.01659155176680463,-0.13871064199621486,0.11772240778531839,0.98331113718000018,-24.956234839982191,8.9478036795218898,-8.3542372411402823,,0.07439977739083509,0.2,False,2
0.53338973259699496,0.8426343883592996,-0.073909950036886551,-0.81253851236065011,0.53469867024152828,0.23211742281156475,0.23510967460070084,-0.063754369232942448,0.96987567312148937,6.3842030611966454,-3.5957093553021977,0.97499677264478202,,0.09999931741303478,0.325,False,5
0.88094733774931244,-0.36618100746212323,-0.29973864930372646,0.43988263738779371,0.86718997778764084,0.23341981010494503,0.17445645140594984,-0.33748038787267975,0.92502536957866621,8.653551312908407,3.1289630544824454,0.65192656802813398,,0.2604351220855409,0.16,False,1
0.31843829234262511,-0.90814911689559152,-0.2717760759369191,0.9475816120885332,0.29703148737315371,0.11773437875399094,-0.026194320025705681,-0.29502114668384216,0.95513160381579965,-12.264171160309237,-10.329851227112833,-2.8114292525119442,0.09984219474943463,0.1231330728267696,0.6142857142857143,True,4
0.17191196040715342,-0.91768439312431038,-0.35819217256248792,0.98138727139100668,0.1279489880317454,0.14320642448356244,-0.085587974743437767,-0.37614413604058489,0.92259974393102784,-1.5022397431259509,-12.952501595925632,0.22628525600925595,,0.32689389799779,0.4444444444444444,False,5
-0.40604146992357842,0.90803261103866684,-0.10299078595972372,-0.91383924939385841,-0.40279351534167834,0.051528732431167748,0.0053057487284665639,0.11503982479556754,0.99334671074174097,-17.794034984787565,-8.6393129875479762,-4.3714590151642341,,0.2612401406739162,0.2142857142857143,False,1
0.26108193155594017,0.96471392098914288,-0.034106827245777543,-0.94877027432322936,0.26296033185628986,0.17517656929696401,0.17796401764301523,-0.013375893233122937,0.98394608282393858,-14.872652580824589,5.8022459665791875,-5.6391911233939158,,0.7484837423926101,0.3232323232323233,False,4
-0.75177667100117485,-0.57952247981071903,-0.31461966297805566,0.60302719523568826,-0.79724354519735618,0.027584985904091724,-0.26681461493810565,-0.16898646405906209,0.94881691396193235,10.366721424207872,2.8641614542450826,1.1447620160285474,,0.1014564343806114,0.1111111111111111,False,1
0.033740600516261723,-0.86987197715826825,-0.49212225638713669,0.99427522521465794,-0.020734055490375637,0.10481829738772691,-0.10138218976300509,-0.49284159960142027,0.86419257651357451,-7.325913546716083,-4.6571426052574525,-2.3415996603204463,,0.3810523961661205,0.2244897959183673,False,3
-0.18560499729015384,0.97941318709146696,-0.079376280665315269,-0.98052518981069725,-0.17932575867559469,0.080078863766414182,0.064196083428972456,0.092693479958189273,0.99362305812899832,35.889853157250315,-11.367384642905062,9.5705781636346501,,0.4631434297977104,0.2142857142857143,False,4
-0.90165615373132058,-0.27121686828114677,-0.33683466389047345,0.33520133434134486,-0.93043245906864969,-0.14810639610512205,-0.27323295169913703,-0.24644847224365701,0.9298424084943343,-3.1522910764912861,-10.728632723210838,-0.48873281007831892,,0.1592495572706723,0.391304347826087,False,1
-0.95285968777490504,-0.10188929342903255,-0.28579186009759461,0.14943116229607023,-0.97736285490534869,-0.14977375466386472,-0.26406200625678067,-0.18541958293502481,0.9465151003105261,-9.9329870872630561,11.657184682502333,-5.0844717491203921,,0.538220820801688,0.1463414634146341,False,1
-0.94826547175129616,-0.17522117080481631,-0.26474541806437246,0.17289724406287815,-0.98441183399329479,0.032247233825823535,-0.26626892060424823,-0.015194814765085642,0.9637790096928347,-5.042281753087015,11.856153076018606,-3.9575984815643706,,0.9693451458634059,0.8333333333333334,False,2
0.90764072941240592,-0.26083633277211127,-0.32886579910004637,0.36121092670825478,0.88445211469745255,0.29541686348915097,0.21381060015415407,-0.38692229751359664,0.89698169599413768,-12.071098991859042,13.491346516031975,-5.8291254290757291,,0.2044929273372002,0.4545454545454545,False,3
-0.75874334340862082,0.62972673407231039,-0.1665916541358807,-0.64047947056116639,-0.76783648252825543,0.014600818070332838,-0.11872062425204379,0.11777680796004331,0.98591786518144975,-15.144278513064355,-10.657444980996008,-3.4528472910764583,,0.1439499948704397,0.4285714285714285,False,1
0.19845683980649981,-0.88610371917153219,-0.41884971243203128,0.97784260761782382,0.14995767515389585,0.14607029263204996,-0.066623700446548334,-0.43855774366988043,0.89623009769031514,18.327695821588787,-12.145969362381638,5.1631646769309807,,0.3690166207743049,0.1666666666666667,False,1
-0.77250722972865804,0.60341808317307799,-0.19778573486650214,-0.62264473225939931,-0.78094720040578036,0.049345795849231849,-0.12468407038020138,0.16127022998092783,0.97900244918760182,9.8331041423113792,-6.8615488550529067,2.3126191305029291,,0.09796202111403295,0.1764705882352941,False,2
-0.80823451464993001,0.55909496918008206,-0.18485070940116433,-0.56105035854252561,-0.82646887044863859,-0.046601516699061596,-0.17882803054301694,0.066045602555146896,0.98166109929813938,-8.2851200217232286,11.301518479281075,-4.6573201190587925,,0.3407546200295348,0.2647058823529412,False,3
-0.013816101867028478,-0.94919653106906599,-0.31438043949274724,0.99214817681856571,-0.052099443991917592,0.11369979406898775,-0.12430249621305708,-0.31034109193303111,0.94246341896808805,20.113825769781144,-9.5250008762868532,5.2663710902498515,,0.1974974209846942,0.3529411764705883,False,3
0.019803854059907568,0.98713730836707114,-0.1586434423296107,-0.99065372604975277,0.040792224302095281,0.13015832474424899,0.13495555723317101,0.15458308078927072,0.97871909591342032,16.897656776284428,-2.894174101096596,3.6296420174112822,,0.1565171424204666,0.2105263157894737,False,4
0.77469781369366753,-0.57024840827886181,-0.27323991347106868,0.61978582931649906,0.77042529107376845,0.14936665174114205,0.12533484446359,-0.28506424491564075,0.95027867125068322,-6.6761904563485848,-10.024883124125596,-1.4260553271450389,1.032775497481419,0.9591433445408493,0.6761904761904762,True,1
-0.18944478856512512,0.97885119443172719,-0.07720758541164438,-0.97945374490341952,-0.1828521153740606,0.085061539475244557,0.06914501920010202,0.091735724027297433,0.9933798484250651,-20.812933296871677,12.28124530040653,-7.7918851604286372,,0.2801382558295907,0.25,False,1
-0.96649216001279481,0.0014445489760332164,-0.25669206826868912,0.03694685247037733,-0.98878904086346142,-0.14467606146438639,-0.25402329563710035,-0.149312243123498,0.95560348436320319,5.0292929547248946,-7.867659300487035,1.1601888345711697,,0.7450203021558888,0.5277777777777778,False,1
