axis_00,axis_01,axis_02,axis_10,axis_11,axis_12,axis_20,axis_21,axis_22,location_x,location_y,location_z,dbh,dbh_approximation,score,reconstructed,number_clusters
0.62942934745129409,-0.71929378323166782,-0.2939985543694274,0.77529405199573598,0.6067938454443379,0.17527225128612609,0.052324272637771882,-0.33825682925130757,0.93959804595251295,8.186792964991259,-6.0363547121266397,0.13921823813822487,,0.164322611029072,0.1666666666666667,False,3
0.88198749819564037,-0.42509492241997193,-0.2034511242518775,0.45939916895709076,0.87181680595025612,0.16996429161511495,0.10512115195396772,-0.24337165774890787,0.96421977765259481,-7.543758212757516,16.507130063154175,-6.1962571449537167,,0.2224739438340324,0.44,False,4
-0.93925295742915516,-0.27779606211191499,-0.20157685838334746,0.28374593165118983,-0.95889927806063269,-0.00064869576655637862,-0.19311169884806403,-0.05780590289851259,0.97947248524810737,-8.7918085000417729,12.428177753853209,-5.845603859113182,0.08565818808078504,0.1099255453256405,0.3676470588235294,True,5
0.9475387735996128,0.29305247131515499,-0.12763432759811244,-0.23794294726062495,0.91330843270210538,0.33053117947351346,0.21343248668904516,-0.28282142035444341,0.93512492096747479,-12.86337786655405,-6.2805789120571083,-4.2779285972722789,,0.3062452570341974,0.1025641025641026,False,2
0.0032640937446378709,-0.97992123225126504,-0.1993582811803622,0.99479441259135648,-0.017122918834884867,0.10045338385336948,-0.10184999935711664,-0.19864839348390428,0.97476427581093661,-10.996724296435918,-10.502126422315632,-3.2637984382403733,,0.06427394471240083,0.2857142857142857,False,1
0.75249806597067237,0.65449806972445146,-0.073341239677045353,-0.61643019645261865,0.73914633454925605,0.27143417070034964,0.23186304925922244,-0.15904393370816677,0.95965856091572976,-9.8518733932264571,-11.130676123711563,-2.9736949215239461,,0.4572939300062769,0.7590361445783133,False,4
-0.2558075227233369,-0.866263704343742,-0.429126678097282,0.95616658996233495,-0.29215441282747373,0.019780073438567233,-0.14250601235720015,-0.40525670087253707,0.90302770878858307,-26.603615663082937,11.92055757267315,-10.032522970956739,,0.1640767980750013,0.25,False,1
-0.98234814859271558,-0.050438880916265041,-0.1801333790511343,0.063884200220149984,-0.99552496267204704,-0.069633739372897976,-0.17581502756788611,-0.079912251806188786,0.98117435152605226,-10.253684017310899,17.972853066582285,-7.0995414045397283,,0.1027788145110671,0.2380952380952381,False,1
-0.98405689217376568,-0.11413896775027632,-0.13639768695330692,0.12367406726598147,-0.99028387143607699,-0.063581279158777773,-0.12781532791962161,-0.079436452680606923,0.9886116992704076,16.192011378163325,-6.1774822853004716,1.7840572295364365,,0.2251050872420003,0.2592592592592592,True,8
-0.69966457174725261,-0.6878253894559001,-0.19330214862120471,0.68879378441700956,-0.72124407447087757,0.073281017931951353,-0.18982257397430188,-0.081873186456177222,0.97839877951134235,-2.0865983280369282,-4.0043737378912239,-2.1857806275145069,0.1794427938495124,0.1227417499737493,0.506578947368421,True,4
0.11263256042010986,0.989026001781942,-0.095611056538653968,-0.98953304008915088,0.12038303688841227,0.079575668400885174,0.0902123545038859,0.085647488163696495,0.99223295594639271,-21.409064754848977,24.615267097227406,-10.619359132995895,0.7223160161491162,0.6168853929369952,0.8701298701298701,True,5
0.57771763640180573,-0.78013551816954929,-0.24006437861673741,0.81604225950488807,0.55845344582073275,0.14901268252436678,0.017814693162348544,-0.28198993269490902,0.95925195572709321,-8.175471437235986,15.995532943222903,-6.3614900546695976,,0.07397130831613266,0.3181818181818182,False,5
0.93209312627996699,-0.30173901697358579,-0.20038954458117925,0.34252092821461388,0.91418861215964664,0.21665316783425947,0.11782112576544899,-0.27057854133954246,0.95546084968978662,0.14813779009535469,-15.939074482979612,-0.34683902322340854,,0.2157185226466264,0.4117647058823529,True,5
0.36011256261332775,-0.90816595645417841,-0.21343274768818968,0.93230065836685994,0.34207318005855136,0.11747945306882898,-0.033681221129633426,-0.24128931808577508,0.9698685685807743,17.321442373628592,6.5593500801298097,0.56902225680890828,,0.5814695326014367,0.6666666666666666,False,2
0.95170081140200125,-0.24694601322796739,-0.18243692643646603,0.27403625165979167,0.95117336959909993,0.14203293189167474,0.13845467978014797,-0.18516718801209436,0.97290462745876083,9.3644397277841289,-5.1118224187924302,0.29160522177654424,,0.2305083818956514,0.6818181818181818,True,5
0.87278653699274689,0.47273809174742942,-0.12150044220169251,-0.44652056520298222,0.87383808265203089,0.19242242633807416,0.19713712409137235,-0.1136912569990377,0.97376139397028938,8.437176415724462,6.391989250678388,-1.2508568570213467,,0.07881319234716594,0.2,False,4
-0.04024166502190378,0.99821895640152891,0.044040021309099869,-0.99461937876186157,-0.044229605307411164,0.093680485725246107,0.095461509456075053,-0.040033199909471573,0.99462779124523504,-17.116178345592829,-13.377786091656224,-4.2006947188761528,,0.7509427144655776,0.5925925925925926,False,1
0.76293500857200969,-0.6136893845607474,-0.20326217545986927,0.64419650447779575,0.74806581574690179,0.15940012211260104,0.054231322257686815,-0.25255271645415683,0.96606215591845301,3.2474411774193959,16.973656742564462,-3.7022590351248494,,0.107143933521627,0.3714285714285714,True,5
0.098818122907375253,0.98996868556874751,0.10098009793196561,-0.98799623112302504,0.085497387272665704,0.12866096554995468,0.11873679240977356,-0.11248199128231315,0.98653402159550718,-25.177501421283306,12.563359373247982,-9.8530191816743873,,0.1119978640602523,0.5,False,1
0.87153506082219967,-0.44878343759105077,-0.19753496880705604,0.48052404522725239,0.86190330289910699,0.16192386609159326,0.09758729280025541,-0.23604262876770804,0.96683018037727175,1.6137898929108176,5.8355714158605361,-2.6119077311437753,0.2632641736730612,0.2203191978576879,0.6183206106870229,True,5
0.55370970504599026,-0.8073193274385253,-0.20406142722741388,0.83265631364524795,0.5395686050305093,0.12469636647527649,0.0094353529127823438,-0.23895862405369847,0.97098390826304337,6.1097384139382624,10.143749127910585,-2.3133669268298269,0.53032520726938,0.284292574036148,0.5428571428571428,True,5
-0.75848270724400824,-0.62042232606173475,-0.19944954283213012,0.62307623167588,-0.78007581107060087,0.057076602063618954,-0.19099736210844495,-0.080980653903818006,0.97824441800652528,2.3188891685636701,-16.788916959170955,0.2016795473935766,,0.3258719902865974,0.8571428571428571,True,5
-0.44486777730398025,0.88149141130858566,-0.15832104252377555,-0.89546588810727734,-0.43478155655265577,0.095424532054898356,0.015280836131007433,0.18422239242515756,0.98276579416272414,2.5895061633404048,4.5478862929887045,-2.2534571723399015,0.4857008887538221,0.3846281987785137,0.9804177545691906,True,5
-0.13533590102857154,-0.95856079235001446,-0.25068985073611472,0.98304939324709051,-0.16149328590547493,0.086797517498937438,-0.12368542488632406,-0.23469368542157948,0.96416844466821483,5.6003003486038683,13.161002579344627,-2.6820408764251416,,0.1372099393170235,0.3414634146341464,False,5
-0.93610660526032019,0.31572003769527029,-0.15500090769313829,-0.32854663539457235,-0.94225210405897086,0.064946753324159862,-0.12554493999722058,0.11172211148264391,0.98577717454146552,8.5989692088562713,-12.867413948040937,0.95440303656389169,,0.07702750297211156,0.3684210526315789,False,2
0.75418901395272797,-0.61071980895968814,-0.2412887195400002,0.65460501332569099,0.72826518799461948,0.20278582910063653,0.051876851888706499,-0.31088764996281637,0.94902985271208073,11.686973850293784,15.012511119637411,-1.5276149109700274,0.7819499585005034,0.2177932811711512,0.2105263157894737,True,5
-0.34851463919003711,-0.92147658514551822,-0.17151807280514944,0.92436432559384851,-0.36820058745931844,0.099894549220879952,-0.1552035432574535,-0.1237304749169221,0.98010337706650374,-15.010006244255596,-2.5409899692413509,-5.2521097780960089,,0.0825653099518639,0.4634146341463415,False,1
-0.23267414292401251,-0.95111589865031765,-0.20307951779826283,0.96272729242262245,-0.2548552914387382,0.090581128554918025,-0.13790904117998545,-0.1744343078648079,0.97496347039288767,-15.035873786010381,7.3629023664037874,-6.570283168650044,0.334618285693717,0.2716053934719483,0.7395833333333334,True,5
-0.33746503454709059,-0.85305798121373799,-0.39800682298884382,0.92393870044117254,-0.38108104101130635,0.033384397685396056,-0.18015168132773188,-0.35646783988079611,0.91677480923371313,-5.4510073848200271,-11.590942087642935,-1.9790773654716114,,0.4152818257589586,0.4210526315789473,False,2
0.96893101255375325,0.18802111621163989,-0.16068837160817739,-0.16533573040706157,0.97558317283024654,0.1445737498345856,0.18394778922923247,-0.11351446052815865,0.97635940006161648,-8.6089348392836502,-11.511830829611222,-2.6363174337517736,,0.09019469462307678,0.3157894736842105,False,1
0.96432512143326099,-0.16856334633262768,-0.20411628657672901,0.22185807497164831,0.93526627217797598,0.27578251339812576,0.14441625511901787,-0.31122885213209184,0.93929790101859589,-4.9220273963932941,14.342713624478574,-5.2632751551331962,,0.179800034068489,0.2121212121212121,False,2
-0.58647013081061905,-0.77510893109948975,-0.23507218167359462,0.7872410603106319,-0.6137502637963882,0.059683554274671667,-0.19053686947142018,-0.15005585166754459,0.97014377426872178,1.1343376621718282,-11.070231522078601,-0.74408682715102192,,0.1164562600852214,0.2352941176470588,True,5
0.75491860693475443,-0.58642531641213036,-0.29360389162036543,0.65205199735319419,0.71907475375479879,0.24033245985548213,0.070186107253508073,-0.37287644975703316,0.92522271025153258,-15.300866329472068,-14.321629354800056,-3.6782222301827496,,0.1558890555291559,0.25,False,2
-0.94989022209513019,0.29069139680029027,-0.11492205094914973,-0.28382953843169756,-0.956129977850255,-0.072500059101489489,-0.13095556147683202,-0.036248824565302755,0.99072532199188312,5.5535157110082531,-10.558978294243991,0.12194478358503265,,0.1412596713441875,0.8571428571428571,False,2
-0.91538230265215859,-0.32933766735490405,-0.23154252493324512,0.35196205442813816,-0.93388301018368447,-0.063128721933721973,-0.19544296414544127,-0.13928109761016153,0.97077434227247339,7.787801159665003,9.6206076059474128,-1.8421349862265421,0.50521303034309,0.4434228234460291,0.8983050847457628,True,5
-0.28110974158129781,0.94562961080674379,-0.16359080766834699,-0.95836008371130099,-0.26769305136023019,0.099430278096351341,0.050232092699434711,0.18472971991245818,0.98150479746361941,-14.952684957401711,-7.0213248395559136,-4.5939232873307425,,0.7509971288081585,0.8235294117647058,False,1
0.98295810817156481,-0.079209515198775227,-0.16588915058482134,0.13123394668294652,0.93428056481879695,0.33150788443095569,0.12872843049534965,-0.34762865086733757,0.92875363379012366,16.477890201311208,1.3546128895965168,0.93449442299821628,,0.4842687864684372,0.5641025641025641,False,2
0.6615641099369618,-0.69684996845181746,-0.27700731021404096,0.7490888230384658,0.63117307656172394,0.20121253097771039,0.034624610353956128,-0.34061806894571911,0.93956397731369423,-10.382493187109043,18.872647437218614,-7.2635617886484312,,0.6591077085007799,0.4615384615384616,False,2
0.93276622973623124,0.32779050227614848,-0.15000182425959752,-0.28507511103640404,0.92543580766617795,0.2496011757921662,0.22063395416671192,-0.19005776097492111,0.95666018301273625,-9.9696162298495992,14.488898493966694,-6.5103673569317717,,0.1879311793205677,0.4444444444444444,False,5
0.1929367507677183,-0.96207627536709595,-0.19283321959395269,0.97870497114288391,0.17465367174100208,0.10785487660551946,-0.070085588129093185,-0.20953600006481107,0.97528594525576817,9.7138331769663502,12.590710700698796,-1.7250156333418454,,0.07564399110487072,0.3703703703703703,False,5
-0.96623535512649183,-0.19334545663326336,-0.17031374842582905,0.21935487510791918,-0.96403693330912832,-0.15005409018857321,-0.13517646714561998,-0.18234671813664793,0.973897837103473,3.998431949566009,15.348886417637024,-3.2896083296988801,0.8824976344317556,0.3133308198703555,0.2093023255813954,True,4
0.70257303671006543,-0.67146607858992713,-0.23563623106615561,0.70999457679750377,0.68374142998125065,0.16853889119526183,0.047946105223788713,-0.28571132674477634,0.95711556708874457,-33.297967977211975,8.0853973367477447,-11.026038362458179,,0.08112831580496864,0.2222222222222222,False,1
0.38478051987134027,-0.88948834493335549,-0.24648414909535554,0.9214936481785827,0.35490717923418658,0.15776675978976057,-0.052852699969521105,-0.28783915361839374,0.95621922891676836,18.040810008233215,10.836171340371113,0.22874446097215498,,0.473126967996791,0.2222222222222222,True,2
-0.985387525510388,-0.031283737007984577,-0.16742984312042314,0.033195507811979101,-0.9994116077913886,-0.0086311339310915364,-0.16706131458126103,-0.014062930371969377,0.98584621070415135,-4.5574335129220138,13.349578264290679,-5.1103663997335405,0.412062874949702,0.3853163244782666,0.597872340425532,True,5
-0.69949264028231806,-0.62848215392129791,-0.34017676051329127,0.6871993476058158,-0.72218007742093371,-0.078822537553892819,-0.19613032106487821,-0.2889050328027184,0.93705217527107199,-3.4289330677128569,-10.862799385997,-1.6957759279244726,,0.5709348368114313,0.2352941176470588,False,3
-0.95386301317363076,-0.19829249834397655,-0.22544497599153743,0.21854364532879933,-0.97342134643124467,-0.068480343153215245,-0.20587381374453811,-0.11459043333754443,0.97184618402388778,-32.659771786999869,9.4569598220256861,-11.114863540484148,,0.3325272241322518,0.2666666666666667,False,3
-0.97338813061526619,-0.15410789975853129,-0.16960631594764883,0.15120905922513245,-0.98804777713411274,0.029956810721288404,-0.17219572464370184,0.003513592514105747,0.98505648928479073,-12.798824002453632,22.931045409712588,-8.3595522386805605,,0.261194047910198,0.5,False,4
-0.77191091183690097,0.63443777151746683,-0.040524785737559799,-0.63209301839668741,-0.77274258545463659,-0.057682863304878901,-0.067911414955731053,-0.018910597474299157,0.99751211973683629,-15.095250529167977,-9.366440499556747,-4.253796457322423,,0.2920657010653474,0.2857142857142857,False,1
-0.14006700952237292,0.99014129382801319,-0.0012046161410788347,-0.99014054159117948,-0.14006880287639745,-0.0015615243510469501,-0.0017148588820960452,0.00097402123218967573,0.99999805526893604,-4.4163406001846157,-6.6444168819686524,-2.346296000423727,,0.237818551797789,0.1568627450980392,False,2
0.54041441998052564,-0.80282250582257042,-0.25184971475441653,0.84104407004349757,0.52411300483551992,0.13397921632458976,0.024436180589054349,-0.28422100961584679,0.95844733333197207,-17.664041344725277,13.069750769019054,-8.111475295694893,,0.2057074647801743,0.4918032786885246,True,6
0.97519645304746394,-0.10935890633151436,-0.19243832146851628,0.15446872527819247,0.95894462409440817,0.23783317857558151,0.15852851754361177,-0.26165977437582788,0.95205192694464713,-2.2021098434007302,-2.3801782028420315,-2.5060534851691485,,0.1253472389034683,0.2790697674418605,False,3
-0.5993123509085817,0.80015710026979148,0.023944121121210665,-0.80010999885658263,-0.59778926594166581,-0.049719043179080255,-0.025469506829694566,-0.048955167375493547,0.99847618690136464,-6.325986174188051,7.5789141861581575,-4.4903182603359646,,0.2932350250777341,0.2876712328767123,False,3
0.97932861652439851,-0.089475846533078204,-0.18140985018349151,0.12243158657464023,0.97611037913017906,0.17949661379300416,0.16101542617160677,-0.19799646623494968,0.96688749701981802,-12.162666717540807,17.227105566551973,-7.5258981068475963,,0.1000637784648532,0.3333333333333333,False,5
-0.58503520804290099,0.79806768791416893,-0.14429750814734674,-0.81066821764436914,-0.58060844487922669,0.075570329073184977,-0.023470114007028822,0.1611887069315345,0.986644492462325,-19.525808986680055,18.490450733651496,-9.4499901097630232,,0.1885377126760453,0.5294117647058824,True,5
0.074205766396688272,0.9938527583179757,0.082159594797157842,-0.99197617907010349,0.065106829502991015,0.10837140263717288,0.10235606670324875,-0.089542143909008193,0.99070956393547571,-6.6471124657447067,21.248716223337524,-6.6455160050553834,1.067614622785281,0.4586332733711715,0.3333333333333333,True,4
-0.94953487238696122,-0.25368028739439108,-0.18447178079201504,0.25007532225153239,-0.96727332725737225,0.042949314048607051,-0.18933002752302741,-0.005349968593625562,0.98189893497965375,-42.604581426933301,8.3290925397561626,-13.156052272959679,,0.1569407192506987,0.3684210526315789,False,1
-0.98696285019912566,0.072044089329957525,-0.14392352663631997,-0.051501187056381417,-0.98857197740479619,-0.14167947353711924,-0.15248593396966817,-0.13242014454979559,0.97939417256731209,-7.8616418109341772,18.958538270705759,-6.6404001503159353,,0.5433233382894742,0.2,False,4
0.31523165586973467,-0.92960344000803619,-0.19096190055309398,0.94813661871631483,0.29984382013698196,0.10550182830100327,-0.040816116753291748,-0.21431548672666134,0.97591132628036226,-28.024928206275824,6.0464180355206256,-9.5246014277587907,,0.0787670532339606,0.3333333333333333,False,2
0.7367465034671099,-0.63812515556650262,-0.22360875533443447,0.67377334474163597,0.72064413546477979,0.16340596664715087,0.056868880283131001,-0.27105039356814747,0.96088376747757387,3.0955653459311776,-10.92714885331109,-0.34831764180733565,,0.078790493836367,0.2083333333333333,False,5
0.79152861414613662,0.60975009287641457,-0.041076480193661641,-0.57505812913825827,0.76587269217648979,0.28765807391822334,0.20685889175934102,-0.20406823274468658,0.95685189830221784,-1.6296329035336479,-11.25011587078945,-1.3092774691872531,,0.3407767846186995,0.25,False,4
0.98451809155947312,0.06140770643710939,-0.16417436152525997,-0.029985861399551787,0.98182179522949498,0.18742147830080441,0.17269908948289164,-0.17959692648390682,0.96846268306492567,2.9421655591141587,24.463321786984469,-4.886112170957591,,0.06635380122325558,0.1333333333333333,False,1
0.86093041853396413,0.49806581383265769,-0.10358213906917772,-0.46615307559790514,0.85389788747590634,0.23142970395953677,0.20371579357906397,-0.15095973918696826,0.96732157661816653,-3.2293810596513675,-13.690078038585701,-1.2842378875530658,,0.3427448849600627,0.3571428571428572,False,4
0.89152129981855166,-0.37253148110669088,-0.25770150863799096,0.44012368816106301,0.84695367683000966,0.29826265006472436,0.10714901347816841,-0.37932804389945124,0.91903717227437132,13.188995649599688,10.045064815335348,-0.74307963382896625,,0.3343416404655805,0.3333333333333333,False,3
-0.89722421468337998,-0.39316730914576636,-0.20101784897085673,0.38886617012266211,-0.91919430063677254,0.062168636875907457,-0.20921713677403564,-0.022389834656670445,0.97761285025521349,-3.0604111002301044,-7.8891453960169011,-1.9467672415155766,,0.09349864548124885,0.1666666666666667,False,4
-0.69457231116614715,-0.64850921227269376,-0.31145642738394019,0.69358764892294167,-0.71860010041489453,-0.050498207346904175,-0.19106406732523956,-0.2510969877978525,0.94891771239448475,-32.546639693984595,10.193092427188589,-11.169778639864484,,0.1397037960866898,0.3125,False,1
-0.86733833755738465,-0.45081671591823297,-0.21092296425921103,0.46668630782795811,-0.8839201776711163,-0.029816263880176136,-0.1729973938795076,-0.12429564817226382,0.97704784609369932,-13.394731043923928,-13.311728466717412,-3.4108313673252408,,0.3505152123647854,0.6818181818181818,False,3
-0.08637684573889351,0.98668783580103414,-0.13779025801002584,-0.9928746559663002,-0.073859411783838064,0.093513126515721551,0.082091157014621871,0.14488582392082228,0.98603708853510375,5.0785686738986682,-8.0098154151163641,-0.28526920527251903,,0.2063006346315536,0.7037037037037037,True,5
0.94767892162137157,0.28987898371209592,-0.13369680742858919,-0.25674816006005735,0.94101454107546556,0.22039059823483129,0.18969724252168241,-0.17453311515747971,0.96620554122458657,1.3856767693729277,22.680699598148159,-4.8661070882789161,,0.06927226366062679,0.5454545454545454,False,1
0.77248109981348922,-0.56707271419121719,-0.28583472016315381,0.63179143589315456,0.73173369704007019,0.25574475194642365,0.064129025900980269,-0.37814591553509824,0.92352213541480133,-3.3028690894723702,16.573834275604195,-5.15308263731428,,0.1670755269811034,0.4545454545454545,False,2
0.211381158930767,0.97555527955236798,0.060082461555675426,-0.97127068308661668,0.20278199654000037,0.12455007850543809,0.10932184514334425,-0.084683873416103755,0.99039253619850287,-28.358126477798059,10.50494068136101,-10.314562758632917,,0.3638398201026861,0.5,False,3
0.21409490623749355,-0.90962948778568187,-0.35600219953522383,0.97486424461142052,0.1759631548536077,0.13666262368391208,-0.061669082216002848,-0.37631258693368708,0.92443807862609861,-0.16731751359030328,-11.283558084663598,-0.98543774936358453,,0.1153338987909365,0.4,False,6
-0.96372246236848813,-0.1886699721479167,-0.18879262998359306,0.19165643274711217,-0.98145894511422249,0.0024800890970014533,-0.18576013380989256,-0.033793204420145349,0.9820138451274244,-33.762320771399537,10.236468393826675,-11.476160624773277,,0.1523006233917638,0.2666666666666667,False,1
-0.92216208947127398,-0.32741043119836077,-0.20595992397667479,0.35504852687733301,-0.92776803100496741,-0.11483476915726225,-0.15348493184742881,-0.17902203827369823,0.97179909729744074,-4.7491862934147342,17.162559057913015,-5.5341682733405602,,0.4311322457513957,0.1739130434782609,False,2
-0.46131340757770717,-0.84539526046175195,-0.26925228611443602,0.87158110729892324,-0.48856025360351568,0.040684788293052027,-0.16594069238323123,-0.21590676735034128,0.96220993261538257,-12.329183648989073,13.554104096345196,-6.8725346823235949,,0.1055993101173046,0.2285714285714286,False,4
0.0078935423146871166,-0.89548927682052992,-0.44501308642462639,0.99317006089839588,-0.044785759860161228,0.10773794990079734,-0.11640842806603392,-0.44282410821136836,0.88901962130315382,-10.936607805299307,11.506278446920422,-6.2088674881982424,0.7575192831900076,0.5826363309838897,0.6044444444444445,True,5
-0.84346156033215514,-0.4879418933913513,-0.2246893520301054,0.50093307710904378,-0.86548551061950529,-0.00093976899222128485,-0.19400682591112656,-0.1133469875266086,0.97442999333894298,4.7689253536728948,-4.9639323859395716,-0.64691331439598476,0.4234278126329046,0.3406189545440169,0.4842767295597484,True,5
0.94874377872119109,-0.26412762038283455,-0.17355645331918954,0.28710475265962421,0.94984967957545097,0.12392113302689263,0.132121547591946,-0.16739828661403305,0.97699626933811523,-0.93039855448928832,6.2278196325711113,-3.2033796467724294,0.2814665610397318,0.2143611234172418,0.8788546255506607,True,5
0.48485481437659522,-0.82472333614506399,-0.29111377121942339,0.87453393794529022,0.45325354145001073,0.17248657497013742,-0.010305355779535605,-0.33821981902422688,0.94101070857959856,-5.4621841511142062,19.533035626612474,-6.128450787282806,,0.1192500676384894,0.4545454545454545,False,4
-0.39264685680620415,-0.87172616006960058,-0.29312445768055051,0.91668683818549679,-0.39668775316135307,-0.048208580037934753,-0.074254202155060789,-0.28763227972900773,0.95485809685010725,-10.438004687986048,16.886661821655967,-7.0579180831646271,,0.4570367343105521,0.5,False,2
0.29297953538193716,-0.9355656692822415,-0.19717979183440074,0.95491757492368223,0.2759873768485519,0.10937729619135537,-0.047910509799627604,-0.22033575806193795,0.97424675353321721,4.8324845708415021,-10.050234045871001,-0.11587770984899662,,0.07346395207287373,0.1904761904761905,False,4
0.98890935887921549,0.11056478080632495,-0.099165060209476019,-0.079626816518921062,0.95831081744242186,0.27440835858971241,0.12537084992996475,-0.26346879590966266,0.95648645759872208,-11.650210092903643,-14.163681611278657,-2.9288331660686322,,0.2889066375363833,0.5333333333333333,False,2
-0.46365450446562018,-0.84686480630810312,-0.26046976854422182,0.86960027881468116,-0.49128314082801477,0.049358186996601189,-0.16976411745174697,-0.20361943761562004,0.96421951289679364,-36.159018099520566,8.2402841672074825,-11.58359990541004,,0.1865174395128603,0.5,False,2
0.43914424579081562,0.89814703642036997,-0.022005280232734126,-0.88241270426331186,0.43579470069754978,0.1772873323129463,0.16881987662453612,-0.05843697299859571,0.9839130903912382,-8.350523224996623,11.229070389233589,-5.5849455142947066,0.2703888294893579,0.3106850461805965,0.2063492063492063,True,5
-0.28361864737130366,-0.92776756641527713,-0.2425032073419785,0.94616049601351648,-0.31188758331072125,0.086639778162544132,-0.15601531542361141,-0.20487429825254433,0.96627415533522309,-1.8415077882035429,-9.3682459988828199,-1.5615700436444135,,0.2646692491696065,0.2142857142857143,False,5
-0.86374673098237453,0.4982426443299488,-0.07547086913745038,-0.49578174101897277,-0.8670197256099611,-0.049772087312317387,-0.090233308647407542,-0.0055733988130032691,0.99590505934863793,7.4260378805327951,-9.2451990883952497,0.31893182486694377,,0.3682961015638945,0.2121212121212121,False,4
-0.96184899966701887,0.18663945401560972,-0.20003053777938065,-0.17345525993198574,-0.98144844329525416,-0.081683694549449376,-0.21156506006777287,-0.043871030966636818,0.97637879841813546,-22.022982041248021,18.711394293151674,-10.054848942917655,,0.5599959768629517,0.2352941176470588,False,2
-0.76754888055232895,0.6409036534697109,-0.010546228332583063,-0.63981655040840735,-0.76703481740731372,-0.047878708299358419,-0.038774963395887957,-0.030001597525891432,0.99879748015277947,-2.5126703485234727,15.761306354914051,-4.8359630296320697,0.6191998093656549,0.630807345071539,0.5899280575539568,True,3
0.80430096259222972,0.5759244397756077,-0.14632498502431396,-0.5540044580311515,0.81582640736773071,0.16585033470895474,0.21489304794437469,-0.052328889827844366,0.97523467187880641,-14.377795629680008,13.65757082792477,-7.4414682274085608,0.2243674934463215,0.2193044785400765,0.8947368421052632,True,5
0.98151020899650565,-0.038832973938464507,-0.18742921269303411,0.10809507912094211,0.92056592634177659,0.37533162553713045,0.15796570357350775,-0.38865199779957654,0.90774250814915869,4.5975425754993768,25.864019362454851,-4.6871104854700372,,0.5082432830662502,0.5555555555555556,False,1
-0.97699001395445184,-0.077894539325219725,-0.19855214271468136,0.11428660709039958,-0.9771902121133379,-0.17899123104122666,-0.18008077096970687,-0.19756449603408247,0.96360738157911319,-2.3290169810945303,21.714327602414919,-5.6858080646137337,,0.7747506397248458,0.4347826086956522,False,1
0.00013172636575391585,-0.97557486258582848,-0.21966718038615959,0.99490406924900576,-0.02202030222423218,0.098392069201346286,-0.10082596709148693,-0.21856073247634047,0.97060049998929598,-12.053514893596283,16.324938678742132,-7.4109095255898323,,0.1123779907594689,0.46875,True,5
0.98497290945051985,0.028455090452234683,-0.17034868791960525,0.0031398694874081971,0.98322078784173772,0.18239249868202609,0.17268036619192681,-0.1801865427362043,0.96835649476243746,-0.68150493484149466,-8.6481914002597442,-1.3985604979699786,,0.2235022801310397,0.1282051282051282,False,4
0.72103701211387583,-0.62805965397527663,-0.29265457148377405,0.6908483248202465,0.68408648044077114,0.23399632341389259,0.053237385876420615,-0.37089993034053748,0.9271456317205139,4.6847420289731421,-17.29629337010444,0.69406334066786035,,0.2657220311452906,0.15625,False,4
0.85659140245984733,-0.48398392509542454,-0.17891542549790862,0.50758583108664268,0.85270082527990387,0.12352298023871162,0.092778194161955541,-0.19662365782427427,0.97607957865731887,-0.89663748640420349,21.303880235059466,-5.297947694763316,0.4305905728847842,0.410247043009926,0.9259259259259259,True,5
0.67327714196959298,-0.70883496831316917,-0.21035892611849244,0.73882353476949325,0.65609589097543475,0.15387646446374667,0.028942608244045487,-0.25901963157571617,0.96543832319129153,1.1184425720476183,14.138317992874878,-3.828164514617062,,0.09669931472455798,0.5961538461538461,False,5
-0.37530403513864874,-0.85067036105816685,-0.36811250729337475,0.91872986615803964,-0.39402068052084072,-0.026136877225926156,-0.12281007384525697,-0.34800523004555634,0.92941381828712921,-20.998990667878711,15.268597439469964,-9.347809082435969,0.9269528555315947,0.2574029923362532,0.6551724137931034,True,3
-0.24777365882286276,-0.95219912448779476,-0.1786757994755033,0.95845000271034841,-0.26782639467705038,0.098196815726518283,-0.14135701715184359,-0.14692123617425573,0.97899557918458646,-11.576452522161004,-12.085217283440747,-3.2682053347070914,,0.06107960926492279,0.3809523809523809,False,1
0.98523591496094154,-0.025438397905629465,-0.16930174181936924,0.046956413441585972,0.99112838225580857,0.12433674084391975,0.16463683399464507,-0.13045082521387161,0.97768977446490712,0.53388911152622054,9.9379086716883425,-3.4854519752544029,0.2689464621659898,0.2321880277847912,0.8347107438016529,True,5
0.51522051573009542,0.84730272596618317,-0.12894150123636899,-0.83897340104016782,0.52935126516928188,0.1261382987469459,0.17513267118932246,0.043189450493783116,0.98359708155735059,-4.2651101153338287,-8.441094219342645,-2.1057933094419448,,0.2684646358081345,0.8333333333333334,False,1
0.5444837781435059,0.83817411092381755,-0.031647671567459401,-0.82184867073301104,0.5406595372852484,0.17958849394347204,0.16763704170903518,-0.071773424883932374,0.98323262645595422,-15.979406466099324,10.642070629584708,-7.3698803238807082,0.4395772752064786,0.4925211613138344,0.8068669527896996,True,5
-0.65581904308857186,-0.72776653781826284,-0.20064209218010651,0.73105820279446287,-0.67854163659564803,0.071659971623155072,-0.1882957430462027,-0.099685073296457677,0.97704022399927837,-12.532086128666959,-1.2535907920368774,-4.8324175665059999,0.1154235753596807,0.1280127265127957,0.5251396648044693,True,2
0.73853039980649871,-0.64521578725067774,-0.19562575608580268,0.67256909981044422,0.68473520930341647,0.28069289111122214,-0.047155641675444809,-0.33887207176557854,0.93964996910311382,-11.565505054465174,-4.6110913837711722,-4.2082931238400718,,0.198322602777415,0.4193548387096774,False,2
-0.13011648031394507,0.98645829204019575,-0.099848583444379774,-0.98843889553606801,-0.12114997513371735,0.091165965779654398,0.077834769493769398,0.11055641813227381,0.99081735303112894,10.745036762838993,-14.556427087858888,1.5712520506458112,,0.1404053572284752,0.1428571428571428,False,5
-0.37668257067392968,-0.88554794122008806,-0.27187328804305672,0.91298865629147152,-0.40455726467787839,0.052774360057192812,-0.15672253964753471,-0.22833804631995958,0.96088489537988409,15.280776060066637,-12.978565418480448,2.3309532840436735,,0.3406301837241469,0.7857142857142857,True,5
-0.070370950500546078,-0.97285257434494887,-0.22046722639897265,0.99045927161729497,-0.094396603383717637,0.10039777157365455,-0.11848358786341806,-0.21129872186083676,0.97021363088084334,-14.595657537257166,16.366041307414207,-8.0016479672751615,0.2879869811753837,0.1791185958563535,0.3529411764705883,True,5
0.20987334857610987,0.97763020921521171,0.013869087470807423,-0.96975805089190559,0.20633394135664695,0.13036727877256996,0.12458932654037355,-0.040810276574094029,0.99136876137901531,-5.7563194890548086,15.094943236092661,-5.5809176467716108,0.4074255190035138,0.329828209793972,0.509090909090909,True,2
0.72048824851938142,-0.63719522456611255,-0.27364014605977649,0.69153130722904044,0.68963931956550761,0.21490011640601486,0.05177967620185589,-0.34406373639104354,0.93751747206815617,-6.9424291349963205,15.152487609584774,-5.8979656845569064,,0.082196472339762,0.2424242424242424,False,5
0.96549266195772765,-0.19821730722455916,-0.16891956317260962,0.24321532300928558,0.9181818203214599,0.31271145083712343,0.093114050278512772,-0.34300443721301116,0.93470729626601046,10.035808466495009,2.5976229107128104,-0.5073504989920905,,0.4411786691996043,0.1666666666666667,False,3
0.43712831247657663,-0.86816062548911044,-0.23498077960066724,0.89930052699340601,0.41803035651540082,0.12848806629796236,-0.013319180934391578,-0.26748411052240817,0.96347021232484076,7.0624518898230404,19.295213170310571,-3.1419223092261932,0.1969727146749357,0.1512452289733567,0.5,True,5
-0.18963475836548108,-0.93226917388024577,-0.30807928501006032,0.97286955185465451,-0.22076205533800494,0.069202239826931175,-0.1325273311199997,-0.28659780591550943,0.94884045242107296,0.16760483170700896,-5.999208122629085,-1.4582002770578995,0.3678278627961764,0.1093154365710471,0.2454545454545455,True,5
0.97817517949656341,0.14561994917372345,-0.14821655986936011,-0.1106412804137972,0.96882644956973163,0.22166149345906649,0.17587445887695249,-0.20042490118932454,0.96379356383926351,10.22605790910284,-10.720654007809246,1.1053142209268192,,0.2576037798810069,0.5454545454545454,False,5
0.082882789844486507,0.99569132646534864,-0.041583957835570673,-0.99214467214361934,0.086367063052342902,0.090496850534946299,0.093698413458427721,0.033756670768730346,0.99502818778866109,-6.4114778898555018,16.857611354204934,-5.9086486475963351,,0.2412059114624539,0.44,False,5
0.75989252527975526,-0.61564806504828162,-0.20866434776037712,0.6463498749196025,0.74977859476809428,0.14164708969476525,0.069247304751673774,-0.24250673976178325,0.9676751996174856,11.853145590689293,-7.5847360500898704,1.0526566128635459,,0.0902653878499455,0.2941176470588235,False,5
0.90582897905597526,0.41162137767961721,-0.1002082937662544,-0.38794956118905177,0.9010005841091594,0.19414707159310135,0.17020281629759296,-0.13698828005376429,0.97584077207927722,-8.858773637970387,14.450985499073381,-6.2351154764498746,0.4590538219358006,0.1723349849585159,0.3478260869565217,True,5
-0.37258510636879838,0.92642034177687438,-0.054089637216114067,-0.92539303133260775,-0.3665433416167429,0.096403922521231686,0.069484358478719005,0.08597283907404335,0.99387151829014087,-9.8027922840878112,21.820211783082058,-7.5128801763314055,,0.1625165135740466,0.2857142857142857,False,4
-0.64011904786880336,0.75346649234758312,-0.15011945065502413,-0.76748389970525532,-0.63600225993345183,0.080433755679789803,-0.034872170118169885,0.16670144051258753,0.98539056291517113,3.6663095359213367,3.1825359851553414,-1.9179996372502792,,0.0744608640562513,0.3090909090909091,False,5
-0.66757040158526382,0.74436147197931368,-0.016605961582462192,-0.74431462480984867,-0.66775313428543703,-0.010074271494696488,-0.018587582453424165,0.0056347745974634766,0.99981135775393781,-12.53742967480418,-14.566111181521084,-3.0983617584771403,0.789023246928179,0.2561673004115497,0.2678571428571428,True,4
0.96997157750005514,0.20785164832731032,-0.12630451745553045,-0.16524486996868049,0.94422589834847925,0.28483606835694381,0.17846364277098054,-0.25541171698970239,0.9502187027381036,6.6875469707537016,27.584934964906317,-4.4129832695403115,,0.4637638135665093,0.9142857142857143,False,5
-0.82194770103474835,0.56955854408823214,-0.0022453551581885223,-0.56591545783541863,-0.81712299737959637,-0.10977113343823187,-0.064355818281035038,-0.088955449577183765,0.99395435340054761,-22.365760011001136,14.837816518082459,-9.5225076281344858,,0.5848522612970602,0.4857142857142857,False,4
-0.52524747100725633,0.84350022158654137,-0.11234976806357264,-0.85094909129519836,-0.52051582409112307,0.070348567111328975,0.00085919983664466126,0.13255434000513308,0.99117536728948519,-11.418910919796792,-9.8005991041652862,-3.4436535924995777,,0.1042118044796776,0.2448979591836735,False,4
-0.68102093474733161,-0.69882529153632356,-0.21875488187705358,0.70704544623340981,-0.70526426954288479,0.051856022473195408,-0.19051830199870506,-0.11935460617552392,0.97440097218148169,-10.8443620809199,-2.144154689112268,-4.2778708227623179,0.1911039832821143,0.1302624341060244,0.4736842105263158,True,3
0.96242420015889463,0.25577717854424992,-0.091201391899775164,-0.20434300832383609,0.90335038316052885,0.37709683132173405,0.17883957587088536,-0.34429074948315208,0.92167254810081711,13.482198122943464,-4.5525492949846154,1.0132476644851554,,0.3823939858768677,0.4081632653061225,False,2
0.98402721576691043,0.077773211425803762,-0.16013046622844682,-0.032460553964101954,0.96282809388855151,0.26815736807942253,0.1750335712552484,-0.25867622465827145,0.94997361001776137,0.89854952463226834,-3.9565370584373944,-1.5648232749572704,,0.1772611678240057,0.2727272727272727,False,5
0.82987499033928391,-0.485466625488788,-0.27500846522589451,0.54961880131321372,0.79614097397679495,0.25313775458889243,0.096055575852728586,-0.36122251465240801,0.92751906786641947,7.4411842403729693,-4.4743683858456453,-0.19726696126500062,,0.1916548181466512,0.3404255319148936,False,3
0.57343601181214632,-0.77585467620374726,-0.2630981979599204,0.81888331074717546,0.55242988739572307,0.15572842672965442,0.024520679776961374,-0.30474701134666848,0.95211763734243937,-9.8245534833806545,20.234511524561444,-7.2878838291151613,,0.1115950531047702,0.25,True,5
0.13613998265194696,0.99067868506598278,-0.0046527496668767876,-0.98281859154775575,0.13564770169082535,0.12516915408391527,0.12463354777752918,-0.01246771759111906,0.99212450568789767,-14.320907915461396,-3.9778593567516567,-4.9348812060354765,,0.4377157606278375,0.2711864406779661,False,1
0.83197626200887331,-0.49751734845049567,-0.24554426779000826,0.54796010774174952,0.80618416599722653,0.22317439552737112,0.086920767238867547,-0.32022426280053384,0.94334574877743638,9.1025843486031555,14.318216177472049,-2.0627549629774293,,0.263833467895249,0.1176470588235294,False,1
-0.73725345910458373,-0.6397004893316286,-0.21734907634310391,0.64719154763086695,-0.76102441461125125,0.044552677144768849,-0.19390832296084948,-0.10781986975728222,0.97507663184594551,5.5154532201025228,24.839321541218368,-4.2519277205027928,,0.0955438392906316,0.1666666666666667,False,2
-0.17162818694728335,-0.93548215653456512,-0.30889626130891573,0.97512842699834357,-0.20594911136316424,0.081911625478057651,-0.14024377456744008,-0.28715518162512854,0.94756191637323361,10.098012231786599,10.544840818667858,-1.4572046394196119,,0.2892107929138937,0.6296296296296297,False,4
0.4712283967680011,-0.82036699330723284,-0.32394720923556375,0.88010895382287291,0.46145774261710387,0.11164668010977935,0.057896696626559677,-0.33771992548675239,0.9394643284600831,13.946413930801192,11.523589034667522,-0.71011839685184008,,0.2693566591711822,0.2727272727272727,False,2
-0.016978372305862827,-0.87785952497822406,-0.47861716358573103,0.99429701857814501,-0.065230187878913465,0.084370975079670174,-0.10528615160815868,-0.47445513696690922,0.87396061083166443,-12.528173371347364,18.81584213828522,-7.7839928964873906,,0.1776944120376733,0.5,False,1
-0.97318204998154123,-0.1465939827823558,-0.17727634305155499,0.14558662366260774,-0.98916783609023429,0.018749054778490731,-0.17810455525968005,-0.0075628206755822512,0.98398250550463662,14.61095849782145,6.5770593734552723,-0.0067161623243115294,,0.1163463860001756,0.125,False,4
-0.82177614099402829,-0.5366661391009131,-0.19150307891906518,0.53564672017629489,-0.84219307479283423,0.061590713061056263,-0.19433621705009152,-0.051964217626274095,0.97955763221423009,2.0741203169696703,-14.703248182085968,-0.07807316068824674,,0.7356103955033344,0.8625,True,4
0.60110088215752999,-0.77334339556737364,-0.20153838840718305,0.79860845291647853,0.59074051875593947,0.11510941938135721,0.03003778287072767,-0.23014263410391558,0.97269321965762823,-9.8278311038759583,7.8832654560513067,-5.4238296974064388,0.3838448945294911,0.3347471616702125,0.7169811320754716,True,3
0.96005564847495362,0.23383391555152391,-0.15367124574616498,-0.1686972201607341,0.9218740627462777,0.34884016446749982,0.22323619720237187,-0.30898205833594006,0.92449753265496015,13.191261356917583,2.4123083418051996,0.17019023039108763,,0.3628725197691099,0.5192307692307693,False,4
0.80060693757160828,-0.5382629993911886,-0.26325173313506073,0.59347628735209712,0.77286965347410752,0.22462946175776932,0.082549547927187369,-0.3360735666862471,0.93821113290762159,-2.9632671167666276,-15.144860725863991,-1.091717721900461,,0.231647667731913,0.3157894736842105,False,4
