axis_00,axis_01,axis_02,axis_10,axis_11,axis_12,axis_20,axis_21,axis_22,location_x,location_y,location_z,dbh,dbh_approximation,score,reconstructed,number_clusters
0.49503926817487581,0.85510037679194539,0.15407617783147476,-0.85590687088739403,0.44940659330847865,0.2558459346142079,0.14953110490006216,-0.25852864348296195,0.95436019885901902,-19.099433223773577,0.99323593611553751,-2.7214919856270527,,0.3083195579228984,0.25,False,1
0.99757155627858285,-0.0029420101008427674,-0.069586885837002274,0.01551030663844318,0.98340245758708611,0.18077344052614736,0.067900077259948025,-0.18141375633684897,0.9810599515421301,10.053511169530578,-10.68055109903389,1.3191110050720343,,0.2135638645302874,0.2068965517241379,False,5
0.32148467675412906,-0.91679851013337288,-0.23691368561043974,0.94619648614079299,0.30128052690807222,0.11807732094187999,-0.036875631887608978,-0.26212694619825627,0.96432860159266609,-24.746268501353349,7.5007326635271596,-4.0232117277214225,,0.3380204787965099,0.8292682926829268,False,3
0.70559364716532269,-0.68643831731225946,-0.17589781580636951,0.7086099677255423,0.68242266289282838,0.17936338202171359,-0.0030852422828061415,-0.25120060847015285,0.96793012949503832,14.022030814388062,14.6831862436407,-2.0940946085650411,0.3073681204153957,0.1992499377343402,0.4666666666666667,True,5
-0.41338130094630299,0.90972582219244957,-0.038920797322441025,-0.90839123988596704,-0.40907368285458612,0.086510561749546119,0.062779418015608615,0.071117159898705443,0.99549037877900381,9.2134624217346435,-7.8667687151553336,0.7188909336323468,,0.09026840561289992,0.44,False,5
0.65414048497085275,0.75515944225560527,0.042830394514892567,-0.74127351026965416,0.62879501706291696,0.23479865734145855,0.15037888447053749,-0.18534034447213524,0.97109996798287868,-28.299490053203598,5.0605675385528146,-4.0273492744522086,,0.3679941270635219,0.6774193548387096,False,2
0.81554002396716829,-0.56110780315806807,-0.14160685909502216,0.57833795260300835,0.79891382203417349,0.16511183343937003,0.020486138889293029,-0.21655192956396468,0.97605613563746052,-10.107245779767792,-7.3930481902271534,-0.76132669604497305,,0.1225623181193423,0.4642857142857143,False,5
-0.025804037195404535,-0.99099428245557564,-0.13139438269871237,0.99329331448329694,-0.040235820615606668,0.10839497286393916,-0.11270555916725483,-0.1277161339837149,0.98538624206604852,6.9300073740852275,9.7824309079315679,-1.9917695420627306,,0.1119062816927475,0.46875,False,5
-0.4077257136383976,-0.87215294003582045,-0.27038674454368883,0.90499235255466692,-0.42536392721299215,0.007373685883584169,-0.12144374934770816,-0.24169149470516099,0.96272355176943525,-16.926628392182916,14.197995190801127,-4.3809850316012922,,0.3151517146852988,0.3846153846153846,False,3
0.68169089161353258,-0.70078120366354779,-0.21024564890388686,0.73154903086269818,0.64831828239552003,0.21099625625960872,-0.011556112451611533,-0.2976392267554675,0.95460847836241924,3.3734296196893756,-6.4352765509429197,0.060618637240147169,,0.1019307901703989,0.1052631578947368,False,1
-0.86848046167744808,-0.47210600226389998,-0.15118733515386046,0.47393901278091344,-0.88017415784421216,0.025985842828079919,-0.14533925776878259,-0.049085379591389262,0.98816351160199667,-18.231474623674988,21.250402540777642,-5.3243092745807505,,0.6223446853932634,0.2790697674418605,False,1
0.66822531133176788,0.74388032211207067,-0.010816638572346063,-0.70211804310211123,0.63538424637803714,0.32142979483096557,0.24597802106290909,-0.20719296761486972,0.94687163191475943,3.5461113452163024,-8.6888439578643268,0.42893172464916135,,0.2846674262331573,0.2580645161290323,False,2
-0.91892852946865511,-0.37527082576658044,-0.12141731778063664,0.3693692061058817,-0.92673328877483929,0.068788088047870871,-0.13833563282569789,0.018363518318651045,0.9902151452516138,-2.54938957519688,-5.7584872671753526,-0.45551879023932668,,0.0936077960027469,0.4,False,2
0.14779836262634871,0.98878036022456073,-0.021657406104142268,-0.98148748521007056,0.14933493656432226,0.11992244617811572,0.12181116689771754,0.0035321318660558876,0.99254700828902742,-7.8737980349179475,-2.2585418202144072,-1.3563169005216051,,0.0756620023783751,0.32,False,5
-0.27264451224878095,-0.9489645698905419,-0.15852827833885824,0.95222368701866344,-0.28971932956331131,0.096606210762906986,-0.13760457776253709,-0.12461522848289286,0.9826169268890852,6.3019889388265184,1.8022090354492493,-0.95907531638261623,,0.08021086659845378,0.2631578947368421,False,2
-0.76870903910174526,-0.62507631046606071,-0.13552128724819829,0.62087689163731496,-0.78015520592908194,0.07661422904747292,-0.15361737738308842,-0.025247985184745102,0.98780779537825747,-14.831847065124967,2.9969162972798293,-2.6365185712465986,,0.1498462625873663,0.7009345794392523,False,4
0.99084624552939671,-0.073847499358586977,-0.11300559525432191,0.098128805051822213,0.96887818405730031,0.22725712767024864,0.092706285328458579,-0.23626597574833691,0.96725587791663803,6.8008533773864954,-0.18344058587915943,-0.67181787034182094,,0.1421550156869832,0.3181818181818182,False,2
-0.95922788990620556,0.26797955934222378,-0.089826560664629893,-0.27432134923869839,-0.95925654452192721,0.06763637441283249,-0.068041550378785592,0.089520040027920425,0.99365814536763686,-24.281109165247791,3.9993308004343078,-3.5351210914266011,,0.1521941500413863,0.25,False,2
0.95467491558686224,0.29388738269075548,-0.047180629970284528,-0.26537004894049149,0.91217204475818192,0.31228336152763092,0.13481299149020012,-0.28560876572131522,0.94881667895785238,-12.505761993171784,-6.0924935239987486,-1.1317227945677735,,0.7937280886268528,0.5416666666666666,False,3
-0.89597780738003663,0.44408710319441302,-0.0032269891317812521,-0.44397172562914794,-0.89587156463915663,-0.017413974642982485,-0.010624289356865463,-0.014169842884967629,0.99984315771438725,6.8407854175700429,-10.808323310884527,1.0361028159446175,,0.3989299440457467,0.1176470588235294,False,3
-0.5778757639296227,0.81607060389252972,-0.0094005811116541077,-0.81612181815429208,-0.57780449883125018,0.0093348306305209433,0.0021861828119418975,0.013066391730315929,0.999912241155124,7.1146432595564661,13.71953880129244,-2.5165186271033448,,0.1811398403508462,0.4166666666666667,False,5
0.83434918985189044,0.5445704117853889,-0.085466344261273253,-0.53093073375393385,0.83559107218424988,0.14106777109420116,0.14823624843136163,-0.072323071656754528,0.98630390243429955,-22.816944016848304,8.6665407060431221,-4.051830684544611,,0.214188898548516,0.64,False,1
0.35449317895726817,-0.89852823160630324,-0.2588080429183362,0.93250442762524821,0.31926967926029148,0.168826432658926,-0.069065755132904472,-0.3011874647316517,0.95106047786481063,0.87179101916134594,15.546977991912492,-3.1119078328244223,,0.09626774645690468,0.1333333333333333,False,3
-0.95978933997442228,-0.2561007743346787,-0.11496441300089674,0.24818034162441446,-0.96549983405368167,0.078845345287481994,-0.13119047565525396,0.047143014620314935,0.99023562613645522,-2.981681542726744,7.5464400852651341,-2.4128829912572201,0.2462028715425187,0.2108110676114818,0.4702581369248036,True,5
0.65973192030071504,-0.73564864628628301,-0.15354107773977366,0.75116730968460266,0.63944039547345344,0.16390135294728647,-0.022393440948820405,-0.22346599261165867,0.97445445452753676,14.031181959141632,3.7493953929011354,-0.56861351188442733,0.236765018968707,0.2019422923002505,0.1923076923076923,True,5
0.87511393337522281,0.48179387268853696,-0.045279883528218969,-0.46204409494876109,0.85970666360705794,0.21776066419948886,0.14384317132046096,-0.16964408857783442,0.97495129379629508,-15.827797579172101,21.709612246298647,-5.1566653829195639,0.6622239790315727,0.3358302225777724,0.4814814814814815,True,4
0.066247246473892268,-0.94964060144516804,-0.30625811078481979,0.9956699517593216,0.042854935811503445,0.082491221594678477,-0.065212341609681326,-0.31039681467993757,0.94836763332493113,-10.71484108746537,-3.1805629437334644,-1.4333923798988146,0.7675356396701473,0.4754538811125743,0.4215686274509804,True,4
0.23473865667437091,-0.90448252261495643,-0.35610269494458491,0.9682877554552779,0.18533644453394985,0.16753872675561801,-0.085537042841632174,-0.384137694859016,0.91930497969406766,-19.494323202540777,15.768469929954867,-4.7898901914580572,,0.2603715489201508,0.2222222222222222,False,1
0.037628733320274318,0.9983233992457613,0.043982598230434988,-0.99249862799874067,0.032213367257685241,0.11793545858027027,0.11632090031171888,-0.048090430319447791,0.99204675225634475,-2.976162541890202,11.532060368787514,-2.9413456777212468,0.4338863144549746,0.2225936063777846,0.4642857142857143,True,3
0.7983634387894929,-0.55104489274191559,-0.24282781098396861,0.60197711415973965,0.74069360127169193,0.29832288390782824,0.0154717042411893,-0.38434686836010867,0.92305910490588317,-19.933764255983785,-0.87627137084117435,-2.5108054222798573,,0.4542555862992862,0.3478260869565217,False,1
0.028564346165595621,0.9995496260549237,-0.0091990859108775219,-0.99348407838060804,0.029404400639089494,0.11011252075623125,0.11033342255349272,0.0059938532280648521,0.99387655651550333,-11.900641368516801,-4.6822949391347395,-1.3185089405683266,,0.1366789308024683,0.3333333333333333,False,5
-0.9257303772735398,0.37764436899675596,-0.020198989034867443,-0.37332420198279781,-0.92106469176245287,-0.11076494843787003,-0.060434334669090997,-0.094997706043772362,0.99364134728760389,5.3229033259931482,4.7238261838038849,-1.3974780589990361,0.6884857095073508,0.5931280163678689,0.3870967741935484,True,2
0.073276114659124411,-0.99050513762446379,-0.11631931636664944,0.99210574613816871,0.060494592891495426,0.10984804372641385,-0.10176836197999217,-0.12345030000139366,0.98711864734158239,-13.5293247842928,7.4346355523159922,-3.0962912662713791,0.413767667666317,0.3840793868520533,0.9361702127659575,True,4
0.93226255405942726,-0.32864359471705668,-0.15126109199012294,0.35773643773680242,0.89975171824010802,0.2499429667731351,0.05395527234641917,-0.28712407278983887,0.95637262372497867,4.1296382004619012,14.754064395275929,-2.8358780176164431,,0.1817831668844511,0.1666666666666667,False,4
0.9310499593711985,-0.32817117866812728,-0.15952946638932503,0.36042275481014396,0.89531418204538993,0.2617402400156747,0.056933390641673534,-0.30119128958183422,0.95186259308267585,-24.132928907788596,5.2365516416843771,-3.6901930543007304,,0.3454796001035791,0.2424242424242424,False,1
0.54674074174766063,-0.79135069996056284,-0.27356650194266457,0.83680750664740466,0.50520372873628172,0.21100329212956009,-0.028770786081935076,-0.34428659884300739,0.93842366750063522,-15.880139228828668,23.514023214825162,-5.3711074061594717,,0.5114438980628399,0.1379310344827586,False,3
-0.77194839328929143,0.6336349647977878,0.051013816596964287,-0.63568194890084584,-0.76919793262901448,-0.065138316533928195,-0.002034192642062102,-0.082711981145163677,0.99657141752878853,16.708063713012148,-5.8518777735650671,1.1384030226687252,,0.4669652260378575,0.375,False,2
0.8888487312793113,0.45808185389473882,-0.010437817564839968,-0.44087279185102629,0.86121824138961089,0.25285237215273898,0.12481632228454621,-0.22014576041828365,0.96744856703662307,11.227490709968402,-16.366137582882835,2.3031804489662533,,0.2796021357684292,0.1428571428571428,False,2
-0.60928194693649751,-0.72057973053211555,-0.33096882192063837,0.77811288471948425,-0.62368382822973012,-0.074557501555724645,-0.15269527749997572,-0.30295764448347007,0.940691669931351,-4.2079286533422033,17.801017828085801,-3.7222387006289677,,0.3965647000248463,0.3333333333333333,False,1
0.80591482043940954,0.59005158751566955,-0.048377952275328463,-0.57516883479255376,0.79970567577709473,0.17219652613591829,0.14029295662823554,-0.11095024200126813,0.98387394015715735,-5.7986650426212378,-2.1442309907537536,-1.2403011989230848,0.4338561413407865,0.2798201497360697,0.5462962962962963,True,4
0.71901436509029282,0.69346850570605578,0.046041007673735146,-0.67802640764748934,0.68536879954863372,0.26561212159445119,0.15263857090016192,-0.22219595000601314,0.96297997200070662,9.3389052701609128,2.744890364083227,-0.84062679797333939,,0.09401716890137109,0.3809523809523809,False,3
0.61716649409462199,0.78243117006307039,-0.083108258799516263,-0.77190599196735543,0.62254777467584166,0.12882316488524298,0.15253412120521129,-0.015353578081078512,0.98817893597681095,5.1318069036072478,7.1897114372684037,-1.7670319049817582,0.3448334237981728,0.3170038212373179,0.8181818181818182,True,5
0.30960160568829975,-0.93221501869537637,-0.18740865688117597,0.94787726268059125,0.28695913393941519,0.13850325029359789,-0.07533618419044541,-0.22052123337112159,0.97246842878527606,-14.809512378545959,23.073933462718326,-5.211302640531243,,0.1608983720447572,0.3529411764705883,False,1
-0.92570715386360658,-0.34532260607916182,-0.15433263756068238,0.35235609787109679,-0.93565372358699195,-0.019932130614938551,-0.13751889171599335,-0.072831361847028708,0.98781787144833144,-17.77038032863636,4.1234796459164773,-3.0233162818773844,,0.08150876582966349,0.2857142857142857,False,1
-0.90102793930045744,-0.38122796210696119,-0.20691518433344874,0.41003606332872239,-0.90419120241105666,-0.11961896276231408,-0.14148879591634103,-0.19262271514601026,0.97101874865520676,-11.205930360506441,-7.1519097194757446,-0.89902963128503444,,0.2948970669331868,0.1428571428571428,False,1
0.092780406618123409,0.99472740764664436,-0.043694171514782512,-0.98823132226163968,0.097357083430290592,0.11798496517336385,0.12161681564976191,0.032233255847570544,0.99205361113635282,-16.55613750861821,2.2214293079576186,-2.6768789219446409,,0.09788373575174676,0.3461538461538461,False,2
0.71104354930113112,0.70296017881430362,0.016249861495183232,-0.68978404422490791,0.69285903238941693,0.21010552960151183,0.13643695734653802,-0.16060307667589488,0.97754366062711295,1.9717158864059383,-9.688934123847444,0.46805156172231915,0.6290307787465351,0.3192470223650784,0.3870967741935484,True,5
-0.82795797403909055,-0.51714100098293569,-0.2169119137517635,0.54328954900138726,-0.83556266479789143,-0.081679245477149678,-0.1390038099152498,-0.18547295840152572,0.97276807232291052,-7.4831348301119673,-4.2833335835379991,-1.0564358345933582,,0.186198011314126,0.4411764705882353,False,6
-0.98575092976635481,0.13232741822759217,-0.10384873061326788,-0.14207195486333934,-0.98549445340961994,0.092823714320124179,-0.090059225546727684,0.10625505486373218,0.99025208871773118,3.2790995753844197,16.169916214117109,-3.0553898144323162,0.3107694927729216,0.3209111277424974,0.7913043478260869,True,5
-0.29220593552500085,-0.9458506177002759,-0.14135876428423394,0.94482948097866426,-0.30839218291974985,0.11041518639924496,-0.14803021015167026,-0.10129595505249936,0.98378157452376336,7.5929247438641996,10.774643497714129,-2.0854240292487853,,0.09892100906384443,0.5625,False,5
-0.36459221415226967,0.93116727361312679,0.00016103243016973856,-0.92898484182495189,-0.36374952019334439,0.068362637592346787,0.063715626333077563,0.024774888718412907,0.9976605253541786,-2.0472366354484315,7.6708096853487611,-2.3484727629862503,,0.07510129696915846,0.247191011235955,False,5
-0.63786132383775951,-0.73183821888488343,-0.23988695865207571,0.75880967195843785,-0.6504618183389006,-0.033276187064920248,-0.13168452184774634,-0.20325413713539184,0.97023035535025293,17.316936979678747,10.786914363313093,-1.2512017021476609,0.5730097877226751,0.3926185902266554,0.2368421052631579,True,5
-0.90427719798156003,0.42496210786531285,0.041109075510033233,-0.42436908085062935,-0.88408069882591234,-0.19573502798804282,-0.046836229871877258,-0.19444414324468129,0.97979479623502364,-6.8828224609941451,-16.1865778642705,0.78387983831269059,,0.4561891157016231,0.3333333333333333,False,1
-0.98507306149371887,-0.12834418790820901,-0.1147119564368751,0.12539667918540198,-0.99157152171365071,0.032582052970152278,-0.11792682633169861,0.017711204269013771,0.99286432954088744,-4.7720684589587092,0.56550818897767663,-1.5002842583860956,,0.1768443589411844,0.6288848263254113,False,1
0.98152800225195935,0.16481465250106797,-0.097154058670910176,-0.14872218686231778,0.97674156733631878,0.1544591265425328,0.12035153480603548,-0.13715699383678706,0.98321079485097607,3.7201043761466863,3.7358584616027803,-1.3785493051034579,0.1872000799567099,0.1480996396849513,0.4537037037037037,True,4
-0.66556233425129419,0.74425187669818671,-0.055820455544498784,-0.74614632863559605,-0.66181026450085756,0.072614255245962447,0.017100745293385594,0.089979541188716317,0.99579678985116182,-17.546415090432067,6.4531686820567282,-3.3009730377872071,0.2185054659559063,0.1851887181215538,0.4583333333333333,True,5
0.41982888042302213,0.90732849552548811,-0.022331868936737304,-0.8957581318340595,0.41818651357933534,0.15078928713114159,0.14615430344642422,-0.043301744396917877,0.98831365391573767,-17.702447579816294,15.780716987255065,-4.6698195409917957,,0.2088909265861323,0.4090909090909091,False,1
-0.15878241777943639,0.98490857471482218,0.068871207752833771,-0.98720972838795884,-0.15939079757120689,0.0033949706608073227,0.014321172448150845,-0.067451264649612513,0.99761978274134022,-0.8292850354793847,13.160454510516296,-2.9900555049046087,,0.3646043591178383,0.2871287128712871,False,4
0.95667098220214175,0.28348094381249067,-0.066476960727527623,-0.26043711451650037,0.93518534193661029,0.24000184501212785,0.13020422878965665,-0.21228973296437451,0.9684936386384817,-9.7541729675567144,-5.6298328907512563,-1.0107404466814669,,0.6650347952324382,0.5102040816326531,False,2
-0.34248446353293122,-0.88241073207451759,-0.32257664540117187,0.92876509139277108,-0.36979177758178744,0.025484235187243076,-0.14177375373720366,-0.29086997293054306,0.94620022278513938,0.61542490041014775,18.65846792239331,-3.4793250574926957,,0.1541075744142191,0.3636363636363636,False,1
0.5355570971284509,0.84320676744918277,-0.04670056791139985,-0.82486204705661126,0.53415938463037937,0.1851387456392416,0.18105578985750392,-0.060630843134451301,0.98160210972668649,10.374025744308854,6.7405119092732955,-1.3288440969934463,,0.5961456909261822,0.5517241379310345,False,2
-0.19923787033428855,0.96460521369466945,0.17274563015520317,-0.97579778049629018,-0.21149931104163025,0.055558374773113622,0.090127479733825525,-0.15749547022685095,0.98339829888751185,-14.936570353374909,8.4818159811633436,-3.3743955039252151,0.6897905500042454,0.3864013548047246,0.125,True,1
-0.43709891655009875,-0.87927755424021725,-0.18924988708073609,0.88683971975199338,-0.45640010963105138,0.072209773569579222,-0.14986610230781153,-0.13627150303018537,0.97927025321969152,-10.417090374901754,8.6555759676593382,-3.077314882108686,0.6160776447079463,0.3498417861181163,0.1523809523809524,True,5
-0.57344372727964632,0.81860467997873831,-0.032383167858222768,-0.817596569488382,-0.56933639967996319,0.085976238346922113,0.051943634879125455,0.075778901525191636,0.99577076522620389,-10.888580064694057,12.465611444566015,-3.623145474511634,0.2301569190495344,0.2086236003605036,0.5015479876160991,True,5
-0.82118415713694182,0.56869876927033347,-0.047310568562416971,-0.57025872983628312,-0.82089821908429705,0.030513848491132409,-0.021483973394145185,0.052036753690431162,0.99841404995751248,10.912565908872439,22.471011451128025,-3.2744730873262631,,0.1536371095156078,0.3157894736842105,False,1
0.92610286067322012,0.37723919321316374,-0.0049073981660188171,-0.35134355507899839,0.86712332010295146,0.35306494308849978,0.13744525367334254,-0.32525027107984994,0.93558594656244953,-17.135287894926833,24.900501531524775,-5.6147201092534953,,0.4415664565123518,0.3333333333333333,False,1
-0.86875067562147967,0.49342696371983252,-0.042451090462453649,-0.49466288469033109,-0.86869918229398602,0.025891334295517113,-0.024101745104129317,0.043492093028379586,0.99876300678737007,-17.420339488878824,5.1721791210034125,-3.1378075933833887,,0.147923808411256,0.546875,False,4
0.83233124284020088,-0.48160755096069596,-0.27436994924686481,0.5537139347677501,0.74480517234228838,0.37237901887215691,0.025011610026189741,-0.46186515576498643,0.88659742682577347,-19.090193935287015,-1.3408364404200903,-2.4029025964956467,,0.09507989312537651,0.5714285714285714,False,2
-0.17841664709904614,0.98099795523098987,-0.076226713628172765,-0.97889970895343248,-0.16912367433446027,0.11468453509735775,0.099613552535887384,0.095079938011278425,0.99047309177935361,-18.210777385799005,3.3792600876907239,-2.9886803047824628,0.2966049471944248,0.1393172688202579,0.5094339622641509,True,4
-0.95957195577380072,0.27460938962513187,-0.061736090110697181,-0.27263834365831968,-0.96134504788164654,-0.038523142144473721,-0.06992850105422993,-0.020134101498403469,0.9973487969096676,-18.466214458347018,2.4019703972855058,-2.8472238833776862,,0.4506371858573242,0.3181818181818182,False,1
-0.24204810699072435,0.96650475474129527,-0.085330375392794422,-0.96657136401257115,-0.23252684071679489,0.1080327108664017,0.084572526112704216,0.10862701049340685,0.99047850073496346,-9.2577670121381814,6.8466479153064013,-2.7620122600099339,0.4214777273482173,0.3765763432864374,0.9975786924939467,True,1
0.068709820098075955,0.99037430690614825,0.12015695086950509,-0.99039537043134129,0.053229341457608784,0.12760739569537471,0.11998321070156734,-0.12777076906771717,0.98451950702948887,-17.145423381105545,-2.6149306656113822,-2.0489640878202686,,0.5100750065911793,0.3181818181818182,False,1
0.95572001899321868,0.28412779843280261,-0.07662009823362867,-0.26175543597670636,0.93975691008786577,0.21986596298370512,0.13447429877953179,-0.19007457510102735,0.97251648771006338,9.2663395378334013,9.0974922300056118,-1.7380735305525512,,0.1543300968307792,0.3636363636363636,False,6
0.20244457657096837,-0.94080985072905454,-0.27183270257306635,0.97462008952640078,0.16647412868747388,0.14967312908234026,-0.095560841920494549,-0.29523412615909145,0.95063396543702661,4.726900449115889,11.500788492706597,-2.3917453874454617,,0.1545605714278735,0.2790697674418605,False,5
0.75410633881398348,0.65622099126897337,-0.026412882813807229,-0.64362565621423429,0.74643654775641288,0.1690517519468081,0.13065084930212395,-0.11048298869715084,0.98525319831258551,7.305121391239032,4.7116445686729538,-1.2551207915470362,,0.1330788611884954,0.3846153846153846,False,5
0.89185883930111154,-0.42576694591456565,-0.15267717094267208,0.45030522252547356,0.86756209931515249,0.21109526379852786,0.042579541175994225,-0.25701850438921653,0.96546800624089724,-4.9604953187083503,2.2472195424815671,-1.7562207883647873,,0.07512237126089688,0.2462908011869436,False,3
0.9319209318263213,0.35472072883740086,-0.075475700440755064,-0.33597913499336668,0.92280284487674413,0.18855484702466768,0.13653350384820856,-0.15035994819249451,0.97915805072852291,-17.929782362910593,13.489415269184445,-4.3713341912804413,,0.1210026965203401,0.25,False,2
-0.98096027474382219,-0.13467698333697201,-0.13992515690103313,0.15226287853454901,-0.98057339252707465,-0.12366017017745796,-0.1205527071238926,-0.14261112168129653,0.98240984969507728,-17.749334080904486,11.30530536489799,-4.0531736607224982,,0.2171243885431185,0.2272727272727273,False,1
0.068451090346473648,0.99699692256246308,-0.036215806374512195,-0.99004165490863738,0.072359941539833578,0.12075413204573286,0.12301207166837466,0.02758940487450038,0.99202160004836848,-22.040485669556137,3.6859569311464262,-3.2966414182699437,,0.2329378330816433,0.6875,False,2
0.98022814125083857,-0.148603579767565,-0.13065131909090238,0.18086046823111984,0.94071682770700982,0.28695180971738421,0.080263828286145519,-0.30490789781362959,0.9489936204842091,-12.613550900691722,22.421839480351643,-4.9705207999865273,,0.2998125783422806,0.1904761904761905,False,2
-0.98081949550990899,0.17044890164270671,-0.094553102310200532,-0.17630148113174154,-0.98266184579816207,0.057388888848838651,-0.083131852971304154,0.072957992991481577,0.99386428966947671,-20.386143425453444,9.8421630392611839,-4.0280759150077428,,0.08549074894491704,0.3,False,1
0.52623932757470016,0.85031239746607545,-0.0064028766365939599,-0.82192647850473588,0.5105731842731045,0.25249136110771842,0.21796567171583012,-0.12760819024153053,0.96757796364776194,-18.925198780216519,11.328871419312534,-4.1226170905643089,,0.1718983163277785,0.4545454545454545,False,2
0.49302117132537893,0.86676469466814232,-0.075160419781935842,-0.85719087020677343,0.49871613736458525,0.12847578124419484,0.14884198553872313,0.0010855454820278554,0.98886039708944795,6.7386604809007444,2.5589126048731816,-1.0447751381905981,0.14032523755312,0.1253138453407941,0.3823529411764706,True,5
-0.54027615720274857,-0.79363505843919291,-0.27972319884923802,0.82781201710224239,-0.56095764482319677,-0.0073338295269218673,-0.15109248260369751,-0.23552051870406474,0.96005267926818505,8.1775284486642441,5.4314215590329971,-1.2700116589763293,,0.7906190771780391,0.625,False,1
-0.99433224554319311,-0.014392585996933056,-0.10533868682185189,0.010392548780797702,-0.9992074817018658,0.038423995638853778,-0.10580822464662211,0.037111480425022041,0.99369379469623031,-16.908629102845062,4.319159493280929,-2.9880744194513702,,0.06870286939282712,0.2307692307692308,False,1
0.35157112985193756,-0.92591394900149748,-0.13813435379760511,0.93348989323240683,0.33559177473993906,0.126391376129251,-0.070670785248075546,-0.17338258208755608,0.98231569281014253,-0.066781167498364769,14.704778701541883,-3.0945906094718785,0.1970400017380989,0.1929070411324902,0.6567164179104478,True,5
0.15873242969327844,0.98622787875952933,-0.0464605953593605,-0.97929166950114732,0.16325643895602943,0.11972953347044807,0.12566559516957437,0.026493514241678465,0.99171883711755804,4.9946034875378977,-8.4791191196155378,0.49090124733788898,,0.0820352173371602,0.28125,False,4
-0.17120909934481043,0.98490840698679327,0.025354962991005675,-0.97962391605460464,-0.17292029620219965,0.1021545606186221,0.10499727327592345,-0.0073485378191894268,0.99444535877872176,-3.6880452598106332,-10.350770309531775,0.15086654234048674,0.5253793830555772,0.4815651584405257,0.358974358974359,True,5
-0.4257005910456842,-0.88759127897796808,-0.17595660904214031,0.89609203441619045,-0.4405373759476206,0.054276019097171072,-0.12569038403635663,-0.13456798235627329,0.98290049622805331,-1.0424843461112041,-13.869410205085982,0.9204951523394399,0.6468410478265916,0.4636757871842411,0.6382978723404256,True,5
-0.20112434540766022,0.96694357785834129,0.15674538246101499,-0.97465265787135857,-0.21354329071556336,0.066719258798825065,0.097985683590187195,-0.13935343637269304,0.98538288273263896,0.42000907529640819,-14.970585365225103,1.2244298295350682,,0.3977748280866084,0.2,False,5
-0.65848523827085703,0.75223783622191398,-0.023139333083463762,-0.7512367419480418,-0.65514180468298056,0.08020332476911804,0.045172431046663679,0.070195822617179424,0.99650990861126598,-6.5133274890491268,2.5501840780524083,-1.9507045770734919,0.2099553561951185,0.2444335412998784,0.5478260869565217,True,6
-0.60972579633695312,-0.78131869228558937,-0.13332499527996983,0.77681157956652713,-0.62247570337794489,0.095329788395281279,-0.15747451581962363,-0.04544336903518708,0.98647690144174482,-13.16035533962379,9.3912040142153277,-3.3859924025747068,,0.068983464761653,0.186046511627907,False,2
0.46987382983228998,0.88245068188032338,-0.022346769066003219,-0.85889072606672157,0.46287991879657275,0.21920059637569253,0.20377758639094068,-0.083803191012223707,0.97542386707566919,-21.482320337077315,12.705255640040829,-4.5472806199798717,,0.2025079289606873,0.3125,False,2
0.98530159326003586,0.16271846746839547,-0.051994909981377423,-0.15121884449873535,0.9724163647385522,0.17759300283830526,0.079458362603958749,-0.16712005844121658,0.9827294921182036,-0.51202770826821986,-7.3706585255507528,-0.085507178836914027,,0.4304218927584258,0.46875,False,3
0.052663436208283169,0.99440507026398672,0.091570293873138489,-0.99373884971185911,0.043137419943536343,0.10306435646704953,0.098537612413170245,-0.096424681663419637,0.9904507154351605,-7.3703599002042832,-5.5097866587278599,-0.87876526967229862,,0.5303733501698006,0.819047619047619,False,4
0.4197141876881309,-0.89461278567789149,-0.15332307182852334,0.90574311272276864,0.40184859819895602,0.13471123888081377,-0.058901735191434768,-0.19541153452950594,0.97895092714816967,8.7543799211027924,6.8629460434951159,-1.4694779121909491,,0.08415522051055688,0.3,False,2
-0.97213034299217171,0.21278049941534155,-0.098422839333564993,-0.22149965646164188,-0.97116244134802943,0.088212327382912167,-0.07681470185646419,0.10755450517525217,0.99122728473100918,6.0278127110808342,5.9896659341823373,-1.51798828087138,0.1683686348291145,0.1240800281175117,0.5352112676056338,True,5
0.17377398417345213,-0.97358380460090443,-0.14811204489613328,0.97999570612966791,0.15614593098256602,0.12339718070119299,-0.097010403524054351,-0.16659238775051283,0.98124204860558473,-4.4217932282189452,6.799250983619701,-2.3940300987185217,0.2372418167341132,0.1907077380577563,0.7962697274031564,True,5
-0.45329186247274672,0.88056271502466543,0.13833218108733572,-0.88458742773535337,-0.46349394427744767,0.051753708182954869,0.10968851402284829,-0.098907373468944765,0.98903274028969101,-0.717665335950465,10.727558421389793,-2.6686348629135046,,0.4753367407524329,0.2191011235955056,False,3
0.86262415403899995,0.50582732601981983,-0.0042761103983497278,-0.48429877394102055,0.82829184006677881,0.28175756465091439,0.14606254286340628,-0.2409799658279265,0.95947610165227537,17.748247721225582,1.2564191390437178,0.16016511785466994,,0.1733899139019142,0.3125,False,4
0.62101131693630218,0.77001224583244099,0.14637651965093829,-0.76872866156792341,0.56190526393465534,0.30548112748010459,0.15297447212208476,-0.30223106331184252,0.94088001107918318,-13.156260328840602,0.30409276836171456,-2.1388079150487398,,0.3829841687660636,0.4875,False,3
0.88538024414324468,-0.43984862710940853,-0.15044935530210057,0.46284434914371958,0.86424536200112789,0.19711687580029108,0.043323570335046378,-0.24415802155470825,0.96876722114443792,13.378641161821381,2.8936431708643173,-0.50459856923128144,,0.4275294702431666,0.4166666666666667,False,2
-0.96701468675301394,-0.22969464985775354,-0.11010432975452751,0.23176503973864318,-0.97275194276953059,-0.0062148365263405558,-0.10567668597621273,-0.031528172557695112,0.99390060487769949,-6.2234701242634252,-7.446254469421195,-0.44525846013095249,,0.1355636847714385,0.3333333333333333,False,3
-0.99507568796355106,-0.032330005405004913,-0.093697096936764285,0.024754539914123529,-0.99641362878297257,0.080914109580398491,-0.09597701796526667,0.078196234730714562,0.99230729156669717,-4.7384395352351341,-6.4447097666306234,-0.54961209746462425,0.6221500581392516,0.2848647937816958,0.1458333333333333,True,4
-0.60233085017400168,0.79511839065956447,-0.07059951673778006,-0.79777456749052833,-0.59657476433052825,0.087488799450414767,0.027446063360060863,0.10901970188419387,0.99366061520376114,7.2151439037583032,1.4697902031522954,-0.86132933050722416,,0.1824196809589358,0.3125,False,1
-0.9481268399337105,0.31663227423803791,-0.028275401114130259,-0.31132374628803544,-0.94284359558121156,-0.11884224530307662,-0.064288571258815458,-0.10387471868718494,0.99251046464163772,8.4922603899005349,3.1434120310356879,-0.95683110377022484,,0.1680881465446226,0.4285714285714285,False,3
-0.78158071280038288,-0.60560109690881114,-0.14959579138896578,0.60401544559195819,-0.79462708579097174,0.061099394544431994,-0.15587472811458025,-0.042604060254778871,0.98685762052335269,2.8594221359844521,-12.024981154577286,0.93003592966619808,,0.09965386924894955,0.3846153846153846,False,4
-0.080097869790799844,0.9960569358952126,-0.038143304917334434,-0.99130166562353261,-0.075589773737061924,0.10773668752282349,0.10442863106919846,0.046441000865835115,0.99344747946310341,-13.631094366227417,20.698040965921123,-4.8697146109176286,,0.1442817835913158,0.4,False,1
-0.79893153190609456,0.60104017342917893,-0.021427021501039617,-0.60093512277225247,-0.79921124268815136,-0.011762983446443567,-0.024194742091646598,0.0034784314117176918,0.99970121284813651,-14.540280642825039,5.0845901010493835,-2.9197585393650671,,0.4368559760638722,0.3571428571428572,False,3
-0.31893101054294737,0.94478798300512612,-0.075224182834763953,-0.94580712716405579,-0.31214804669222612,0.089512430153035671,0.0610891866022834,0.099695858065074458,0.99314089995576083,12.089561186769794,1.5169422127705117,-0.40340300356565217,0.2974773307020571,0.2226569041936519,0.7666666666666667,True,4
-0.45883767057184544,0.87193977361761221,0.17084795359579164,-0.8869560019493713,-0.46088707301816567,-0.029868989449514577,0.052697653365111147,-0.16523963540390535,0.98484456652884833,-3.9022884290126774,-8.1200344913631337,-0.22232725211999352,,0.4072761434938959,0.2105263157894737,False,1
-0.93607354721922176,-0.31435801934594942,-0.1579409695719074,0.31078843168238723,-0.94929309704763853,0.047467532378505949,-0.16485407161736973,-0.0046531248203573843,0.98630699252341347,-14.006670112082938,11.834818448156586,-3.8188528421164643,0.1951685417876393,0.2552567889526012,0.536723163841808,True,5
-0.76710099187002123,-0.58374045324979129,-0.26608861590033561,0.62200217362632804,-0.77830999455168559,-0.085713758435138135,-0.15706484099298523,-0.23125880657973188,0.96013019955793755,-8.6799991506830771,15.398333629439156,-3.834468191368694,0.5605283361743214,0.2892058610104265,0.1428571428571428,True,2
-0.17748090778582701,-0.9588783868853672,-0.2214785915966509,0.96527860855914471,-0.21344813509724198,0.15058918115732198,-0.19167090345078991,-0.18706184214752833,0.9634677638523943,24.484732758660353,-17.327138165457555,3.7473401564889306,,0.343196514171548,0.25,False,3
0.18207636223630852,0.98133193269087604,0.061934127877790818,-0.97897804097397401,0.17503048585237943,0.10472021921787807,0.091924934623599366,-0.079699227747011173,0.99257132715537233,6.9327128761080843,23.691335383838986,-3.6807677580752234,,0.4848995755646873,0.2941176470588235,False,3
0.090249444208701401,0.9876024982595677,0.12843809112362781,-0.99113438978490642,0.076439333060603507,0.10867221239558787,0.097507226428209789,-0.13710701584058677,0.98574540678694866,15.666848220133733,-11.629406415923953,1.9491705516871067,,0.3680331118332468,0.3571428571428572,False,2
-0.94477987590265766,-0.30057316879560159,-0.13056322717185201,0.30279530693824053,-0.95305101237546808,0.0029614027541142174,-0.12532353404502594,-0.036736058719818401,0.99143556210386097,12.433039906862033,-1.3568203134173527,0.0014227018620771132,,0.1904614638416895,0.2857142857142857,False,3
-0.98005639273606815,-0.13978499310607584,-0.14124313349505282,0.15663268869943833,-0.980801652780667,-0.11616504953512688,-0.12229336812743344,-0.13597159116906693,0.98313582912383046,9.2409480657713736,-9.1125116296378881,0.91988685651334567,,0.3557387372816767,0.4939759036144578,False,3
-0.18013107503945719,0.98361260938892392,-0.0076831280244553241,-0.97745428456153238,-0.1781175851484286,0.11338980312706218,0.11016313992180388,0.027934933542128781,0.99352087149217183,-12.45309903018587,13.014893777815985,-3.871783468935984,0.6433399228339681,0.3629002169456887,0.2826086956521739,True,4
-0.87859495081224659,-0.44520935790930077,-0.17279913204994565,0.46141531067599362,-0.88466983079444661,-0.066747296244131421,-0.12315365800902103,-0.1383760026598308,0.98269286066750483,-3.1211858905885408,13.091316722406845,-3.1488500930330132,,0.2978068122439613,0.3809523809523809,False,2
-0.38797081318827181,0.92159911522659088,0.011563690050970576,-0.9201452006724864,-0.38801956341308613,0.052665245543024937,0.053023181660664782,0.0097923042376226593,0.99854526837009105,-15.892954000324337,6.8266509149951977,-3.2426188809975538,,0.2074279393886568,0.3076923076923077,False,2
0.90329837439553307,-0.40058608604557877,-0.1535670357891688,0.42638497931944741,0.87783752926286274,0.2181676456957537,0.047411983982344981,-0.2625491570817885,0.96375310318073737,6.6712325971772124,-7.5613126702715343,0.4665585109598635,,0.07727246341979957,0.3529411764705883,False,2
0.92573086773328861,-0.29652909019239881,-0.23471868096817894,0.36210750236702438,0.87403166213127803,0.32395495106812655,0.10908949195632389,-0.38488849328306135,0.91649349723989149,-7.7362095221827367,-8.3032759310781543,-0.4483964018444126,,0.2188960476171621,0.3275862068965517,False,3
0.18811715581708696,0.98105835690597087,-0.046221597032632893,-0.97346865676453453,0.19249068235206465,0.12371787059552171,0.13027167759856167,0.021721822036692789,0.99124036059023712,-8.1246643704419412,6.2348921005193993,-2.5855622567289736,0.383555122237227,0.5062640179655697,0.3972972972972973,True,4
0.18403224048400346,-0.94823114591425561,-0.25882393316804464,0.97860082061098663,0.1520982270904255,0.13858774554575132,-0.09204655540509063,-0.27878992670842312,0.95593075502568214,4.6462100313046486,1.169168373778986,-0.99592300450469962,0.840431461421083,0.552039195990356,0.5897435897435898,True,1
-0.96772581103427013,0.24667341004320559,-0.051565331723168316,-0.24076791839340944,-0.96543226710297381,-0.099856632773775392,-0.074414811231154607,-0.084218563357900136,0.9936647671399863,-8.1756444941079529,-10.351910236707024,-0.20787403336301571,,0.3192683461921335,0.1538461538461539,False,1
0.89693216362450701,0.44167190522033939,-0.020943304297504101,-0.42663349093746217,0.87689358651444926,0.22145316060138423,0.11617468857878088,-0.18969334745547509,0.97494608859401122,-7.7705419982757702,-11.106866253704153,-0.038805256902296047,,0.6057898137654711,0.4666666666666667,False,2
-0.044338382580819749,0.99898901559138953,-0.0074198758657772479,-0.99286470605645183,-0.043241160502011891,0.11113000272597461,0.1106968079826727,0.012294257447522106,0.99377817843634586,-12.624407184310394,8.4139330253900226,-3.2137003724162354,0.4512196113218201,0.4590500225879517,0.4131944444444444,True,4
0.95607663362391582,-0.24206388654850708,-0.16529532802651647,0.28295168238492641,0.90939493383327541,0.30485931141087724,0.076523304123004829,-0.3382394553380873,0.93794363091749478,-10.537531221512067,-18.590756020960868,0.86075819841705825,,0.2729452724988307,0.3333333333333333,False,3
-0.77781593545345551,-0.59165861322071966,-0.21199635835646208,0.61032660668534111,-0.7915784394183456,-0.030083341236871786,-0.15001267855292733,-0.15278632023107189,0.97680731806412324,23.490303356301677,-14.925518042290639,3.2900413888136466,,0.3817952880655848,0.1818181818181818,False,2
-0.81822718641482983,-0.55699291689899999,-0.14234873352445182,0.55524771868303979,-0.82983451487800597,0.055449515908302827,-0.14901087983416506,-0.033668508157156843,0.98826220672932763,-15.62549153514397,0.46533320350409163,-2.3719961204079301,,0.1107019125971769,0.4666666666666667,False,2
0.95794200011915476,-0.21643800497069229,-0.1884189863363579,0.27852123230692383,0.85934468869099279,0.42889699133103543,0.069087246015068271,-0.46333712998516358,0.8834849497389109,12.734036640021667,-6.8757843969108015,0.8755926232072494,,0.7130046595924376,0.3090909090909091,False,1
0.11015122651734457,0.9936830857440645,0.021462348494042299,-0.98460752642058857,0.10614606302919841,0.13885615657698502,0.13570087034597611,-0.036427165818335036,0.99007996413309418,-11.600631559752717,-0.36611720735804704,-1.9252157102911553,,0.1728893200285371,0.2857142857142857,False,2
0.49783623490578688,0.85499721284081798,0.14539205359737778,-0.85426426383312226,0.45450511143215638,0.25230471898023765,0.14963839999306286,-0.24980966697963403,0.9566626780276527,-16.296693075457249,20.305528441010424,-5.0535931671734042,,0.4866420208335445,0.4705882352941176,False,1
0.99155525774912834,0.093589969639471887,-0.089772425682630261,-0.065697585519779014,0.95934189422905158,0.27449400218199271,0.11181233423434105,-0.26627813947055284,0.95738913423600647,11.568957303661547,-2.6399783418325971,0.064470648644644288,,0.355035025868058,0.3076923076923077,False,1
