axis_00,axis_01,axis_02,axis_10,axis_11,axis_12,axis_20,axis_21,axis_22,location_x,location_y,location_z,dbh,dbh_approximation,score,reconstructed,number_clusters
-0.9634489610178546,0.23648231927980012,-0.12586584994216163,-0.23100871852709604,-0.97130101122355494,-0.056650839010275976,-0.13565054912563049,-0.025504083283777595,0.99042842763006789,-18.309325131554544,28.465822904312468,-5.7586207642994305,,0.4844828458006242,0.8,False,1
-0.91316154500119651,0.38431126830495288,-0.13579706103177394,-0.38953249996794181,-0.92091874295501919,0.013156760348736859,-0.12000176748595981,0.064911616279269044,0.99064931124604327,7.115998374252559,15.13220297523319,-0.86811100182983858,0.2126957262120512,0.195463512543583,0.8043478260869565,True,5
-0.97650586420106944,0.16276101416190658,-0.14122729711322954,-0.16284776021648847,-0.98658964782357139,-0.011021515314736538,-0.1411272623322436,0.012235974679095811,0.98991584326661697,6.1454801531732643,9.0158398377536226,-0.76913056037195604,,0.07401088207834212,0.2857142857142857,False,5
0.35098832355337833,-0.84073065154958448,-0.41228529960962634,0.93631993713283079,0.32009554063755924,0.14437389026939601,0.010591131042523828,-0.43670449552181057,0.89954266798984062,-10.193021789345607,-5.2969075327220754,-2.4517409488940944,,0.1589724511377945,0.313953488372093,False,1
-0.65516359252606182,-0.72183276811290431,-0.2229756083225391,0.74243702072088213,-0.66978570698045692,-0.013205187911936485,-0.13981393811578516,-0.17419690468877833,0.97473457982437661,1.4368902191245749,11.110319449786472,-1.7141524749069301,0.5537453712183897,0.5888249386843899,0.7532467532467533,True,5
-0.97137769077555136,-0.17930378642104972,-0.15580607831092799,0.18776477459902699,-0.98134626418259419,-0.041278313854158553,-0.1454983549162428,-0.069351726365970784,0.98692480299500351,-27.942887629137466,7.5950206441817523,-6.5167401846615824,0.3099887387260728,0.2735182870931394,0.46875,True,4
-0.78718616849102085,-0.58793349932672101,-0.1862045555454038,0.59505421677772408,-0.80340808569689615,0.021116982073606089,-0.16201362668452915,-0.094178809751899017,0.98228404067369479,12.888572850711473,5.4875136958519759,0.65921804068110224,,0.1245925452130621,0.1739130434782609,False,5
0.32666343192037728,0.94391122578685716,0.048193361363910253,-0.94048110196604695,0.31957304977448298,0.115621635962153,0.093735260658569131,-0.083094306010623759,0.99212349897474028,6.4670868409095688,2.2168220768639078,-0.23579384992137081,,0.1680554485579149,0.1408450704225352,False,3
0.32976515929788525,0.94402408242688973,0.0085715524445325875,-0.93827088828698157,0.32672423365461389,0.11357383209156813,0.10441589872427796,-0.0454951309578773,0.99349258334057389,-21.870311344799553,9.9643483932610213,-5.7318693455817193,,0.1645564044981264,0.4583333333333333,False,5
0.37092175318322634,-0.84904994782818388,-0.37620637834630133,0.92855966332083884,0.34516052557273047,0.1365326453264839,0.013928555882527748,-0.39997299618763649,0.91642108097299524,11.59040754792697,6.5341130272318697,0.33946527414919692,,0.1581218040604975,0.2702702702702703,False,4
0.96698614597498944,0.21895366738251115,-0.13037286923354033,-0.20251761092930823,0.97082942876149381,0.12836213426909726,0.15467517821525997,-0.097721603498822737,0.98312058133969393,-4.5506894497910251,21.379794653430601,-3.2085058405575895,0.7362102074270531,0.7640702085607685,0.8715596330275229,True,5
0.87124829376738389,0.48256561768879952,-0.089759875401246969,-0.47127826091128849,0.87353011689008953,0.12182748326390069,0.13719770916400736,-0.063840108948934493,0.98848430897487438,-8.296037228729821,17.350544354616549,-3.7846551822093506,,0.2554888875964666,0.1290322580645161,False,5
-0.73603838188913728,-0.65613497185860747,-0.16653647975781252,0.66260914058779063,-0.74866693045137411,0.02114128799355677,-0.13855189351116598,-0.094787794323010391,0.98580862587616314,-15.255620068307639,0.010545710812802873,-3.7025388706015283,,0.07408407111527682,0.3203883495145631,False,4
-0.87072396652316386,-0.45592957023255604,-0.18430409954670979,0.46216904343221354,-0.8867340092613859,0.010127789106223313,-0.16804627164896996,-0.076361140685457504,0.98281708714190308,-7.9686433574376974,-5.5974307324670924,-2.0569944204205735,0.8690589151885328,0.6353764586898042,0.706209453197405,True,3
0.93073613887155637,-0.32457375839396357,-0.16846992360798987,0.34683438032684644,0.92951427970909006,0.12533601413872258,0.11591441852400211,-0.17508591941931395,0.97770587008534138,19.771357670148934,-0.37429867408156381,2.2875293771349163,,0.1100106714835883,0.3125,False,5
-0.97072793553880932,0.19350106388707064,-0.14228356700312705,-0.19688585823339785,-0.98037570180490941,0.0099720679014059094,-0.13756174610792032,0.037693787088904383,0.98977570409797255,-10.644306478581461,12.437214998661467,-4.0644532745715569,0.3202115305717943,0.2614173516211613,0.8292682926829268,True,5
-0.56495319688011458,0.81668260567243944,0.11771748777055915,-0.82472377158486909,-0.55446645127889393,-0.11134475734859473,-0.02566292886180728,-0.1599889871155607,0.98678515295071689,-2.731783334004299,7.7782147724728263,-2.2802213892584602,,0.6140217750805834,0.2843137254901961,False,2
-0.33664660483841113,0.9404232560221859,-0.047677699015369432,-0.94159336298761609,-0.33665442923175409,0.0081076541806510902,-0.0084262820058327581,0.047622419208513164,0.99882986687437747,2.2655986958983116,2.6280396308188005,-1.0701231083829472,,0.08072672452267718,0.2755905511811024,False,5
0.98787249757328643,-0.048858179346246082,-0.14737980475386164,0.071885027606405152,0.985262282221672,0.15521204217897683,0.13762438499169655,-0.16392410909415417,0.97682568307418338,-21.073505146183759,12.775823250677206,-5.8142207276136313,,0.1832109587641486,0.3333333333333333,False,5
0.86198329126553885,-0.47483976886992652,-0.17751619497551072,0.49436193122083427,0.86488920331258667,0.087022680681107703,0.11221001086639268,-0.16276934567931889,0.98026274721040507,-13.798069216386555,9.138067729484936,-4.3680750121971892,0.5814373920426184,0.4550183170313355,0.9411764705882353,True,5
-0.41532177953544247,0.90441788608083507,-0.09765299166223762,-0.90848532467778753,-0.41786933751191657,-0.006295364361595765,-0.046499831059979034,0.086101707906543284,0.99520061374929236,-2.4866447036466979,-13.033957645906893,-0.58393103061554352,0.1577330037238786,0.1422167419034674,0.15625,True,5
0.98794559092306844,0.083298953102806383,-0.1304790932971456,-0.067135722655794275,0.99004326976786439,0.12372194118603247,0.13948585634089569,-0.11347073807520733,0.983701218603248,25.396377588606704,10.069721105274505,2.5433416600235681,0.4560390190468296,0.6340294804640447,0.8870967741935484,True,5
-0.9635692686907058,-0.19911994025652907,-0.17856515289130814,0.22152408627808326,-0.96827251836337103,-0.115652104956708,-0.14987109005248556,-0.15099529653102917,0.9771075052377749,10.558870268136031,25.978635823309286,-0.76205220578400767,,0.3755096502196014,0.5,False,4
0.11576145025537515,0.99247064826000886,-0.040016233919843491,-0.99175008656348962,0.11772267165457795,0.050726111420223395,0.05505499465153714,0.033813975230128926,0.99791059852225916,29.573294279076986,0.7717829475465986,3.7855511654672647,0.3374001907694834,0.3454007947632123,0.85,True,5
-0.95981919769737156,-0.18692480937966433,-0.2092993630423865,0.20223461424201228,-0.97784092889995489,-0.054113571037738603,-0.19454631462445404,-0.094266820283957956,0.97635316256956606,-20.094158771609077,0.29338825786704631,-4.4988806261534471,,0.1756415700386748,0.44,False,2
-0.90318993758084676,-0.36671390732109788,-0.22308932477821186,0.40017528789421419,-0.90737120934776394,-0.12859715162303592,-0.15526646647453507,-0.20542248811673147,0.96627838937049759,-21.466349108316944,-26.384456642496186,-2.7190337834901381,,0.2183886207021455,0.5833333333333334,False,1
-0.44942142873612095,0.89042580368488333,-0.07184892152922627,-0.89289610905355776,-0.45022998192039465,0.0054315575094105381,-0.027512139680525877,0.066594680809282186,0.99740073724562139,-5.2452931410565355,-4.5840296742680815,-1.6868139457480136,,0.09510875372288988,0.3103448275862069,False,2
0.19653950449372093,0.97983998629721891,0.035858394086011075,-0.97998507682925684,0.19512532735002833,0.039437999676699344,0.031646048178527592,-0.042891815998035293,0.99857839940340809,15.170439983475774,7.9312835786102429,0.91722788072697348,,0.1045489692400619,0.2,False,2
-0.58201777821385048,0.81201220245498085,-0.043491250927325184,-0.81160607096390169,-0.58338451838499195,-0.030953017352898508,-0.050506350269552816,0.017282556897682849,0.99857419444402185,-18.998690344575316,1.8948120434270612,-4.4825648110251395,,0.09158983154711908,0.375,False,5
-0.91990163405689684,0.37136507809890207,-0.12597207003160266,-0.37114753347607848,-0.92820773800562806,-0.02607495927319272,-0.12661157946283536,0.022767825435728133,0.9916910476911921,7.9865498676618696,20.738226787672804,-1.0087434721997486,0.2549303219287917,0.2431661641957218,0.59375,True,5
0.85638949786061991,0.5160369626007365,-0.017403481945910654,-0.49332366693429297,0.82771484770631365,0.26743202973656199,0.15240993273582429,-0.22044043212695918,0.96341954946281916,-33.067693026423612,-10.138565795256987,-5.8491233225318409,,0.255273447218351,0.2,False,1
0.48613755207146525,-0.80496811648673161,-0.34014204665957598,0.87084191744826556,0.47868296514062153,0.11178986402715113,0.072832927175761841,-0.35055520296236409,0.93370574293779751,-3.1651750899798712,-12.008131175772631,-0.74902281276963756,,0.2185806349555773,0.1818181818181818,False,4
-0.71891773574329099,0.69167571939698158,-0.06886209719727393,-0.68996639568153384,-0.72211513192781462,-0.049961075559951613,-0.084283225282211952,0.011594629685414623,0.99637437868428025,2.6924456844942712,8.5164746342763351,-1.3896122481784599,,0.2236967384695361,0.3636363636363636,False,4
0.98829475940993294,0.034316935642419992,-0.14864661600916518,-0.004036942567067367,0.97991289895191536,0.19938508861588222,0.15250302166702268,-0.1964511603319436,0.96858131821063964,-10.168203538921132,13.800164223130198,-3.9728289510457544,0.2097040842604259,0.2190117019843668,0.5858585858585859,True,5
-0.89906033070858249,0.41897819136275077,-0.1270739820284692,-0.42195773883001453,-0.9066075229229752,-0.0038034222651898639,-0.11679977905644723,0.050200344041292769,0.99188594962853482,5.7809053616011958,10.922632767446499,-0.94024041325078456,0.12805289888721,0.09795980965303552,0.2272727272727273,True,5
0.25734026505906671,-0.89258113030408126,-0.37023629455311091,0.96593209085954712,0.22674006523616169,0.12475631713225797,-0.027407732978718104,-0.38972794182838599,0.92052210594378303,-18.989187995740011,18.153541820723717,-5.6948334726300578,,0.4401940992099802,0.2121212121212121,False,3
0.4828803246276191,0.87477289410597781,-0.039987195762855754,-0.86840145360670251,0.48424155416859338,0.10671941055942614,0.11271870945540233,-0.016807764688884202,0.99348477169248639,3.028110250602126,11.846094153287765,-1.4899157431088959,,0.07080059546768554,0.2380952380952381,False,3
0.72776956243184254,0.67575906657679841,-0.11705190274838539,-0.67171781143344544,0.73677959320367847,0.077142808100842994,0.13837140528601066,0.02248366024195185,0.99012516341182766,23.134637083491434,-2.3823936193453199,3.0111452683558033,0.4233239015495495,0.310935587834881,0.8636363636363636,True,5
-0.61868258405699728,-0.74929842715068984,-0.23618578969544002,0.77842636248546582,-0.62529281667039316,-0.055328940058999784,-0.10622738993405946,-0.21808429675221527,0.97013142467290958,-10.420059041128534,-9.8144640469592375,-2.0884693995954429,0.331786252689945,0.1991645273310607,0.2222222222222222,True,5
0.87327571525896253,-0.459564804125768,-0.16183236990104757,0.47526440297894923,0.87662222599248563,0.075214494328154302,0.10729991798695887,-0.1425961559959501,0.98394769367846402,10.214657808541723,7.5109194753500992,0.052459440669322996,0.1821242324931223,0.1933351622844511,0.3611111111111111,True,5
-0.46578073200045167,-0.85280827134067927,-0.23614902504572413,0.88003489987965178,-0.47436636341325156,-0.02269643707498354,-0.092665444967015759,-0.21839094668737924,0.97145175367285019,-15.896228486764382,6.8047019773092945,-4.4125339194678794,0.4237141647811813,0.2222609066663441,0.6169154228855721,True,5
0.14469221159238693,0.98775356126399583,-0.058370078934295994,-0.98729664000054063,0.14803574365367442,0.057712765005197245,0.065646847206437889,0.04927799520268307,0.99662539132848604,-1.6805264437617815,-16.179132796699523,-0.2002969873458878,,0.07729611454061318,0.2777777777777778,False,2
0.76047039077635803,-0.58597348687737016,-0.27985685167461805,0.64506529375319566,0.73122839504800696,0.22180126480842871,0.0746696159596133,-0.34919923675788833,0.93406870277306242,-1.6830231584963369,2.9698201712905448,-1.7453297550896727,,0.5594313740236825,0.4858657243816255,False,5
-0.1943064607043069,0.98008634725387755,0.040935940872497439,-0.9808229702207748,-0.19476086465121376,0.0073828644581948807,0.015208563898741256,-0.038716372852613506,0.99913449648046626,-29.373179719113125,0.75650448323452135,-6.176931321740339,,0.2152208690660295,0.1739130434782609,False,1
0.65295836445739419,-0.72761540278577541,-0.21028837322595423,0.75467916862624485,0.64852400003205268,0.099377934291401016,0.06406814127727295,-0.22358990811599622,0.97257535762631553,-8.6189677288342494,9.2290976541292729,-3.4202706390021294,,0.07439547495126453,0.2602739726027397,False,5
-0.08846341734864821,-0.98086848908326663,-0.17341058478220614,0.99449196182489008,-0.096798586922535096,0.040196659506485648,-0.056213536240649148,-0.16889949879531396,0.98402896179432209,2.706357737796885,-3.5797884357109391,-0.45469456440050882,0.1838619380470572,0.162278910375978,0.6767676767676768,True,5
0.57442350974569056,-0.79292042240483052,-0.20326051063791994,0.81562798268021686,0.57543248895039401,0.060236571361215838,0.069199893933752338,-0.2003862629865138,0.97727003447658101,13.501000274361408,8.3640186007849238,0.58002975318872885,0.4958565002021432,0.4984142640585909,0.7184466019417476,True,5
-0.13454758592615312,0.98519153946002924,-0.10627595070297322,-0.99063082759957843,-0.13120161620832255,0.03790381661122539,0.023398942942317681,0.11038010002124635,0.9936139708098316,3.5618662526395042,12.503457444441651,-1.4424124440380206,0.2231740967945378,0.2709590169587406,0.4166666666666667,True,4
0.027496133284350188,-0.95552515297596252,-0.29362500691302218,0.99884089208098104,0.014653510298029169,0.045849176032021197,-0.039507403879260009,-0.29454533889744144,0.95482051107656463,-0.52786281142852876,7.176218462915477,-1.8738355370341488,,0.07574702266984727,0.2941176470588235,False,5
0.84954854618511766,-0.50090620764361093,-0.16540930692935352,0.51699731254024173,0.85291561982845054,0.07244807988358512,0.10479048859949591,-0.1470643280906227,0.98356038803030965,5.2911149666825992,2.4034560560456475,-0.47596923330356822,0.3380851255687243,0.3197868547895936,0.7591973244147158,True,5
-0.33877988784249935,0.93238100309226257,-0.12607082400813446,-0.94086270573239428,-0.33605945107595397,0.042911703583603918,-0.002357234681188404,0.13315295871738972,0.99109269648679355,-7.3670386116596962,28.002872695543683,-3.8871861160949281,,0.1637874534955101,0.3571428571428572,False,2
0.95245659157442131,0.27730132791012368,-0.12621574666307578,-0.25629234728321409,0.95322634369931991,0.16023036666526747,0.16474426815672802,-0.12026433892433733,0.97897692255364011,-13.500656410519694,1.5190382099244188,-3.5341965871816932,,0.08884950865422214,0.2900763358778626,False,5
-0.51796041981042407,-0.83362431753098654,-0.1918006796932834,0.84729970677763311,-0.53078231729630099,0.018797301404863499,-0.11747429678166016,-0.15277640153690364,0.98125387170145151,-9.2214435072193908,20.743543231205866,-4.0554552234536283,0.2901658358812457,0.3012644615891473,0.8478260869565217,True,2
0.55400510505166412,-0.78776449908381241,-0.26926833746269485,0.83103778676513396,0.5425455540567814,0.12255822592436291,0.049543319884739721,-0.29167004603909752,0.95523507248129713,35.953144340767096,1.4888111412927902,4.7788364390434088,,0.1873440978527486,0.1818181818181818,False,3
-0.3207803193284075,-0.90989170701259614,-0.26305335626307502,0.94426920624855593,-0.32888046102910967,-0.013903542138689856,-0.073862391392960691,-0.25285316660659735,0.96468109926271972,5.9699183161086733,-5.107409605452764,0.23006804703430486,,0.1774672158238609,0.4482758620689655,False,5
-0.86257158763495478,-0.4743863957267358,-0.17586302554633146,0.48951536050381467,-0.87037268029032266,-0.053161162845257827,-0.12784744047392202,-0.13194296098555847,0.98297817219439321,8.6854758859724637,-13.311009478084507,1.3336462366694675,,0.310585612295144,0.3333333333333333,True,5
0.40928332754514918,-0.87888300693691279,-0.24505472431907768,0.90865952477840939,0.41694428508589315,0.022256036567361567,0.082613714497317886,-0.23178033404873358,0.96925375982000317,-26.446496768723669,-0.56473138690267444,-5.4960935408663305,,0.1490516255381845,0.25,False,2
0.67835796797980596,-0.67733518289498718,-0.28468845654666453,0.72732696351378212,0.67393436150797947,0.1296455341485129,0.10404785160746724,-0.29500767175015263,0.94981288588038448,-18.167269393323604,-5.7928327107349249,-3.6909607370444006,,0.2279309865205288,0.3103448275862069,False,2
-0.53403224497596102,-0.82345646898282521,-0.19164812813140938,0.83687127696335339,-0.5470807431344834,0.018684921331073332,-0.1202332197009716,-0.15040646323133655,0.98128582416061605,0.077451024628646753,-6.3182534028876089,-0.65735197617450569,,0.1158018083973034,0.3333333333333333,False,4
-0.98842515927861041,-0.030395814235093882,-0.14863310190545978,0.028333213889675597,-0.99947086821787356,0.015975374001622172,-0.149040039907855,0.011579208124715419,0.98876336321865688,-0.87593510142045428,-3.4699130355328816,-1.0470921104401125,0.3068722156482065,0.2028176769001542,0.8058690744920993,True,5
-0.98483431717793235,0.077222010094878529,-0.15536450323539572,-0.06388824978202573,-0.99397479243847764,-0.089064041771492797,-0.16130610418847857,-0.077787358573171705,0.98383406507283755,-18.479220040478243,5.6416375786267343,-4.7341729271495181,,0.1582040548020651,0.24,False,4
-0.38624366900748641,0.91459827992635934,-0.11969049464088982,-0.9222690762426351,-0.38508430358245588,0.033612946032324897,-0.015348588149804832,0.12336962952915324,0.99224208505366696,4.6105022092500727,9.9981796560932281,-1.0778972456607985,0.175114372199124,0.1684145003915439,0.5102040816326531,True,5
-0.7220469842294529,0.68570861249773163,-0.091933950810279566,-0.66514482361618765,-0.72458527459433353,-0.18043986105526799,-0.19034315375589977,-0.069136666013695239,0.97928014644981354,0.14527258021273901,13.674105400879988,-2.0849717869471425,,0.5555217301931398,0.5454545454545454,False,2
0.52996594814513553,0.83633345991941577,-0.14029411115883,-0.83967533224492386,0.54067076419215476,0.051190440193927982,0.11866520225408941,0.090672314225954953,0.98878567000483264,7.1414832768870635,-7.988161951385635,0.6705698637964983,,0.1162223366884582,0.5,False,1
-0.047718513531104761,0.99499396754745684,-0.087806309628352952,-0.99781410552342575,-0.043460655189641303,0.049781344587816447,0.04571601781504591,0.089989866066438301,0.99489289359230892,9.5557682625514744,-6.4557877084980406,0.96546855052632108,,0.5440889165821686,0.6144578313253012,False,2
0.96303000315758835,-0.20814267734218048,-0.17102584274642266,0.23080638345649737,0.96489135828591233,0.12535182511993684,0.13893029321939618,-0.16019142478296369,0.97725998641711342,1.7866551701291085,24.741200549017666,-2.212136492495695,0.3575044636124626,0.3100036629366489,0.4,True,3
-0.85838538247420215,0.49919689608751866,-0.11822433798167642,-0.5016980500882533,-0.86498820006693844,-0.0097200968412839428,-0.1071148994877146,0.050969330793589826,0.99293933632734677,4.9390610659237266,20.153840182272237,-1.4793531080331557,0.2555350993383683,0.2171577608623374,0.6,True,5
-0.83372830088179972,0.53775887468448791,-0.12534956324942423,-0.54225219935403546,-0.84021323901393374,0.0020652557775722238,-0.10420975292389772,0.069692938550389591,0.99211048866129492,-3.4840781054455547,10.557363734521108,-2.5916741528322897,,0.0977132663880004,0.4333333333333333,False,5
-0.98215377954320426,-0.11096443704793787,-0.15185798312777121,0.1094794163831127,-0.99382367370934521,0.018131821841040792,-0.15293204607737781,0.0011829139852372363,0.98823599914043414,-9.9436907423187648,1.6647152804528311,-2.9876985144864063,0.1038520030630759,0.08710507338842918,0.4702549575070821,True,5
-0.52309981106757397,-0.8292747245106088,-0.19664693984123843,0.84411844717603401,-0.53595453451197927,0.014723589004402866,-0.11760371932124963,-0.15829140287426524,0.98036380848025395,2.9316983783364474,-8.9507077499345318,0.0075685692477872558,,0.07105693143669971,0.1923076923076923,False,3
0.72885417790991813,-0.64440515494267359,-0.23133003183021339,0.68037404586957684,0.71947388291301728,0.13945784134687489,0.076568564374171741,-0.25903537999542842,0.96282808790578189,-12.447601410061791,17.592465725654325,-4.5558197351653158,,0.2621864339578627,0.8571428571428571,False,5
0.034424960932884184,-0.97359610991529077,-0.22566687134487112,0.99832260506201809,0.022982241564360663,0.053139371419537576,-0.046549954747084232,-0.22711765966232261,0.97275416749688304,-23.372339759329254,9.2662727697513922,-5.9408343656709679,,0.3010007692470867,0.5510204081632653,False,5
0.75718013483352953,-0.62140905895260079,-0.201318217916616,0.64730594483054726,0.7551460305846921,0.10367972935543704,0.087597130092894118,-0.20881871071297073,0.97402335128869588,-3.0058190012882489,3.7020322480008501,-2.0096638540276479,0.4233081730632792,0.3597821470586773,0.8059322033898305,True,5
0.116319437681486,-0.96449881922639735,-0.23709031217733842,0.99288710710140593,0.10681594920691204,0.052588454501225394,-0.025396475528387492,-0.24152097363564778,0.97006321357158198,-17.645810971025693,13.869244160736073,-5.3453711945538824,0.4742413798009856,0.4042901971727054,0.9534883720930233,True,5
0.057698452597283234,0.99794614758391964,0.027827595841045855,-0.99781280702643649,0.056745296760012214,0.033905359895474503,0.032256638106017255,-0.029723018319674027,0.99903756259715593,-2.5014208169967733,17.502163027219506,-2.7343113714201635,0.2293958940808047,0.1370775918598254,0.4642857142857143,True,5
0.67423671852016787,0.73150332423126263,-0.1015270113702104,-0.72417276300749867,0.68182713646693438,0.10337100800216842,0.14484010741931919,0.0038265671183549677,0.98944767454719285,-3.8085333468880642,-10.945890443164773,-0.93757939313144623,,0.1241714920634942,0.46,False,5
0.8544769530385814,-0.48241976763622313,-0.1927181997625404,0.51341171401864683,0.84080036895832533,0.17164833663038809,0.079230982792952181,-0.24561332894074861,0.96612449715981574,2.5768525877602877,10.103018955026821,-1.4986999770138645,,0.2000458413127756,0.2307692307692308,False,2
0.87734752464847054,0.46158111422714448,-0.13116476654204356,-0.45453275220952533,0.88702197699271512,0.081191067863217142,0.15382229409950682,-0.01161410008408463,0.98803027004095478,8.0603054765683897,-3.7991691919499506,0.49125780079687226,,0.1250597491700668,0.4042553191489361,False,1
-0.52380534316676053,-0.82211956330152003,-0.2230412206451316,0.84093250890232996,-0.54082225565671371,0.018541932413249057,-0.13586934143207341,-0.17785024999505183,0.97463265420132139,-1.0980366861446915,-13.244569460229764,-0.32197987132123262,,0.2699630877789915,0.36,False,3
0.9704694442595333,-0.18593105958963096,-0.15368376244245502,0.19662841012089191,0.97879162802678854,0.057482321090913821,0.13973663117422774,-0.086003430074303971,0.9864466959362439,-1.5037199294289085,5.5487353111231554,-1.9333391700028373,0.40848847937852,0.34478357339697,0.9039087947882736,True,5
-0.9473594655642662,0.30830282827572753,-0.086367870663667162,-0.30355259642700883,-0.9506684411563856,-0.063916634702638586,-0.10181288822251466,-0.034334837504729883,0.99421087035161448,-28.630788951827327,6.2966501267714792,-6.481861229836845,0.5534999805964995,0.2237449548274107,0.3666666666666666,True,4
-0.65665221917835737,0.75417059944352693,0.0058796244037587764,-0.75268734619211308,-0.65482847991492288,-0.068274598311415316,-0.047640549224502164,-0.04925818538377337,0.99764924158858836,-17.065826747927485,12.244263687166288,-5.120673105922295,,0.1054143116997764,0.1666666666666667,False,3
0.17505206730411574,0.98452056452175662,0.0087196196198592035,-0.98219970988703043,0.17401294277340248,0.070733483196945224,0.068121242137730381,-0.020946450322197219,0.99745713822124249,-4.8939286595171927,6.9494051493747317,-2.6338173943012229,,0.2264318545079332,0.2247191011235955,False,2
0.37835414427925523,0.92487444090246695,0.038149837117088525,-0.92037763479684287,0.37147797675844019,0.12210291621916344,0.098758042064839457,-0.081310401233814,0.99178398241689436,-4.6266835912573505,-15.881829511293688,-0.68870218896082969,,0.0950523740860107,0.1290322580645161,False,5
0.98532830285147055,-0.063468481420612469,-0.15842944002299872,0.091487629175381321,0.98006303538008188,0.1763702366881878,0.14407688679211356,-0.18827691984877187,0.97149042823105092,14.28796663564245,-10.53989751775015,2.0394823038335432,,0.2708665490816332,0.15,False,2
0.98057293736983653,-0.047004567774171946,-0.1904397151495773,0.089949380070335788,0.97052073964574515,0.22360367381247695,0.17431529916462046,-0.23638964555546341,0.95589440418453653,-17.139726131547889,-3.1830522269991235,-3.7053801606580765,1.272033407036097,0.3616662006880073,0.1481481481481481,True,3
-0.68741056637478737,0.72337945434336348,-0.06472154409616146,-0.72275435215358719,-0.69011877398468124,-0.036908322055182574,-0.071364274531045518,0.021406607105704925,0.99722058617583653,-14.428123096946091,-15.657127247116682,-2.273373950939821,,0.1810000592835982,0.3157894736842105,False,1
0.92122044811052017,0.36599874474713079,-0.13190073853688733,-0.35639115227942991,0.92988164061893941,0.091134411814469601,0.15600715547689453,-0.036946627496345322,0.98706469603398039,-3.0377327469885764,-5.8220637886280597,-1.1781128997899502,,0.09090284084706439,0.3959731543624161,False,1
-0.84448386670213127,0.53294245900529669,-0.053097403601350096,-0.52534887282654652,-0.84355569947415032,-0.11145556829765901,-0.10419002207358533,-0.066227768149505206,0.99234989899039217,-16.400530436785484,-4.7881921753902468,-3.4849895384509515,,0.1083561118804279,0.2272727272727273,False,1
0.87777660945286962,0.46207705093928297,-0.12646352396117674,-0.45466822080800484,0.88669122938980716,0.083996861313236609,0.15094711949787948,-0.016231534691676999,0.98840857159215578,-7.91694521124119,8.5762634381710008,-3.2427635089314664,,0.09627347995279001,0.4888888888888889,True,5
0.017043700507726797,-0.97848568660101265,-0.20560951677864378,0.99875722504899145,0.0070286102105374081,0.04934170701289467,-0.046835004915564207,-0.20619495569837015,0.97738944262719862,-10.002330051112509,7.7080734724150428,-3.5841396792926892,,0.08969588960612113,0.28,False,2
0.79398798543252691,0.59722323512280306,-0.11361111925445347,-0.5892580352276493,0.80200359248337016,0.097801868915772916,0.14952607434306253,-0.010707243960077231,0.98869980682628422,3.4214989882734841,-8.1346706574398855,0.055288470251387292,,0.1109776263929447,0.3666666666666666,False,5
0.2893071553818275,0.95206205265459676,-0.099394254059231787,-0.9531791027303117,0.29607368310768795,0.06156275082618326,0.088039581797697497,0.076929981581723844,0.99314188813619309,-7.2771706912538408,-7.5591749756363296,-1.7663293463789205,,0.1080070304572376,0.4586466165413534,True,5
0.492858933151894,0.86893307230128292,-0.045225964593701901,-0.8589754190726423,0.49418307358310903,0.13395640788305166,0.13874905924494033,-0.02717362038826128,0.98995469235396794,-16.541466038431292,24.055353815018886,-5.3968403295219591,0.2842722062732285,0.2883222304183311,0.5625,True,3
-0.94504502247228539,-0.28365325085248394,-0.16257533263437149,0.28839876069226794,-0.9574924137881361,-0.0058679101334061304,-0.15400019588144251,-0.052431963714776104,0.98667868571764095,6.6757723851052528,20.408523001054711,-1.1986602923131751,,0.1084607645163239,0.1818181818181818,False,2
-0.74229924064137043,-0.62947934547257722,-0.22966843702751269,0.65592260078745435,-0.75266973291328865,-0.05704222061298931,-0.13695758146034354,-0.19298711557939527,0.9715959006196343,-0.91186140394045467,-14.835517636843171,-0.14025397651659807,,0.1990411661450871,0.5238095238095238,False,4
-0.40715175218885685,0.90580142050971391,0.11726566970826544,-0.91318108427062417,-0.40115792102287623,-0.071920996453964298,-0.018104088484951847,-0.13636755113731497,0.99049287376383544,10.033513010214197,-3.8040210163391923,0.85010799134899029,,0.3031329306345146,0.2635658914728682,False,3
0.74072757983370885,0.66135328817325745,-0.11804440137556228,-0.65656196368229924,0.74987574461586026,0.081318850720178179,0.14229912269349346,0.017268348480024454,0.98967305905608705,-16.846812779968047,-21.766508714693448,-2.2951349514809665,,0.08623306709413799,0.2857142857142857,False,1
-0.86182745900205415,-0.46711504205503412,-0.19762835929083081,0.48978328149551642,-0.86769155397542896,-0.084992378053495299,-0.13177923993385959,-0.17004383154242386,0.9765855452938188,19.781001986721567,-5.7077769780655041,2.6523407744547152,,0.3242103792757055,0.325,False,4
-0.38885322877405387,0.92024084153440466,-0.044158351917217231,-0.92021168747430382,-0.39027633826016511,-0.029913709732034138,-0.044761777307078296,0.029002988919915249,0.99857659191772774,-0.88574011730390134,-10.511750189035684,-0.44120316173626212,,0.2138890889398546,0.2857142857142857,False,5
-0.960229350393764,0.24903391842281472,-0.12626045349731621,-0.23833711997518675,-0.96662588152972739,-0.093967134673832775,-0.14544762591497537,-0.060137447832906518,0.98753656918811938,24.693845918901051,-3.8201714997383034,3.3375538701891205,,0.3590818999987985,0.2307692307692308,False,4
-0.56714694363249907,-0.77567703652375675,-0.2768925411383224,0.81017198630066212,-0.5859132619201245,-0.01808319993141496,-0.14820828904604011,-0.23458641161806981,0.9607307211400099,-29.471616538718674,2.7083254348202304,-6.3042023345491005,,0.2082821195273994,0.4285714285714285,False,4
0.95650410068128644,0.26937240185368289,-0.11197506195337134,-0.26218213680200753,0.96210736561094301,0.074899560606889307,0.12790790640854344,-0.042283875848244078,0.99088427241602417,28.326915372988577,-1.7907598146747175,3.7514152757220103,0.3647571854507596,0.3504976413514835,0.2,True,5
0.64186313560859598,0.76326251029453118,-0.073770288908156761,-0.75193656688197197,0.64534796716716492,0.13460089397534852,0.15034332220772587,-0.030924774083246759,0.98815006138513461,-12.150621073857915,16.449161123074301,-4.4880484005943604,0.2245162650392797,0.1917901967669183,0.4705882352941176,True,5
0.9041711721933402,-0.39557337151926408,-0.16123336850479264,0.40980686233851515,0.90977664471131969,0.06606657489285693,0.12055217523869668,-0.12581003331489221,0.98470249748973604,6.1189288285786718,5.9540980197022613,-0.56043418935114386,,0.1046624490024998,0.392156862745098,False,3
-0.57344966226651317,-0.7904415539223808,-0.21530823179616987,0.81369152981676551,-0.58008096402236986,-0.0375788435602947,-0.095192327163868704,-0.19674405966038538,0.97582283014770532,6.4347050899675953,-6.8309627807246081,0.45314408168375703,,0.146345811938875,0.375,False,3
0.37564276504193933,-0.90783394227361269,-0.18635999122020891,0.92666280885165841,0.37090869122104414,0.061014600448142831,0.013731415178366096,-0.19561256614195877,0.98058511726650055,-20.392040787703973,6.265665476562325,-5.1212012243835785,,0.08273846771409643,0.4375,False,2
0.98808370970495019,0.11687891128550927,-0.10014940195736478,-0.10298499635208079,0.98559230804884279,0.13417113266763775,0.11438825613700755,-0.12225842470631221,0.98588447824593806,-5.8830794663531139,-8.3098345348076208,-1.475040904217332,,0.08493047241975724,0.217948717948718,False,5
0.94312864206126679,0.32197555044882492,-0.082704954125172328,-0.29739664100271407,0.92837866854710271,0.22286382772224678,0.14853821879897919,-0.18559308365314889,0.9713349601739566,-11.732142121338843,8.2164182986381711,-3.957595036987001,,0.2765621329528508,0.2368421052631579,False,4
-0.98870495975156503,0.051853621984955904,-0.14061900458223334,-0.0094199405732263604,-0.95788700411738736,-0.28699085710630928,-0.14957863243877365,-0.28242466115772979,0.94755608989003337,-8.1487587755742226,19.444599353583534,-3.8067509865924456,,0.3075564457132263,0.2222222222222222,False,1
0.45238932814808769,-0.84673895291984436,-0.27995899947300606,0.89181780092360852,0.42874005244362545,0.14437097141190039,-0.0022148890492117851,-0.31498430601990657,0.94909429522448263,-7.7728150925088668,-11.678303908346754,-1.4823309705930203,,0.4041694961274921,0.3214285714285715,False,5
0.58321648781511282,0.8097821452965106,-0.064120242510336073,-0.80293858672163498,0.5866443091885245,0.10553710461340873,0.12307783835470522,-0.010066362585310656,0.99234596489844895,1.5419613516189095,-7.0815460924465254,-0.36126602416231929,,0.0817039218010196,0.2,False,5
0.97978569663444781,-0.093038591111245295,-0.17709830387269132,0.14066338005319098,0.94987595135743086,0.27919435980124552,0.14224556999274601,-0.29846188633869186,0.94376199341814415,-13.98942965979411,-13.826986672910117,-2.3307349311352668,,0.09544830778911148,0.6666666666666666,False,1
0.69415019296075275,-0.68696250487844646,-0.21503029206063334,0.71589478278779051,0.69002726851658536,0.10656936089122483,0.0751676099777914,-0.22791420665388989,0.97077543480228035,14.259746462938057,19.388225032594924,0.1378587777627,,0.3447998994373632,0.1538461538461539,False,5
-0.19140350356408423,-0.91272654092621963,-0.36096393214870037,0.9773355624015726,-0.21112065373962186,0.015597051957235902,-0.090442784613232602,-0.34979755724334721,0.93244933999547241,16.257934987098089,-5.0454337609705924,2.0219527627427247,,0.2723558009694441,0.3055555555555556,False,5
-0.97814976176642465,-0.11183268038030911,-0.17526121976992071,0.13877470575300116,-0.97891707423110574,-0.14987642517079805,-0.1548051181306766,-0.17092341377870252,0.97304705026158944,-25.265890840822181,8.2112206610247682,-6.1775851479036943,0.1845555161907363,0.1775260348290915,0.3333333333333333,True,3
0.020185436762854322,0.98920277528942435,-0.14515652759139791,-0.99859471406722344,0.027063341929575248,0.045565036602665476,0.049001481403036729,0.14403279100018282,0.98835894792175816,-11.023952518285872,0.57369208341386024,-3.0336822192734512,0.3428007822600162,0.2868284499228156,0.8750952018278751,True,5
0.97341549544946282,-0.11576518606284876,-0.19763778716305827,0.15999794361089087,0.96111835391153988,0.22506036482387981,0.16389914965966876,-0.25069888605697005,0.954089690370162,13.384723230868362,-3.0606493485728996,1.3902660673020244,,0.7787996050502614,0.6379310344827587,False,4
0.98685992971801595,-0.044245245289842007,-0.15540217947697377,0.066836508713301976,0.987419372932694,0.14330339514548099,0.14710662874244843,-0.15180691758430129,0.97740181069690291,1.3164506981791,-4.0541531666107229,-0.59415023810157819,,0.07689420970008976,0.2714285714285714,False,5
-0.98923529069033267,0.047378344082418172,-0.13845155168801951,-0.020800594534589267,-0.98205561722576795,-0.18744092387289207,-0.14484776463521951,-0.18254330222531784,0.97246957170538573,-23.259307746372652,17.315450592216099,-6.3765883777877459,,0.1648819667031466,0.3225806451612903,False,4
-0.68114822448300283,0.72820318861219291,-0.075876296553581912,-0.72541166967133652,-0.68527288365058536,-0.064645065069609875,-0.099070711051732707,0.011008679677658367,0.9950194988961063,-18.449300793047104,-13.563190452705955,-3.0767143716076348,,0.2460805118945998,0.4615384615384616,False,2
0.1006107219846266,-0.95378901654973081,-0.28313246816787019,0.99447393116867366,0.087830533350905751,0.057509978588245733,-0.029984710231336607,-0.28735397912747485,0.9573550061664432,10.420329168430854,4.7900963396718019,0.29055140062789592,,0.09838457818837512,0.2121212121212121,False,4
-0.47599705699340572,0.87630496911203493,-0.074272490487199957,-0.87828866538233219,-0.47800477909903449,-0.010975036191478542,-0.045120084159246246,0.060008601617084933,0.99717758986923899,0.23290743759983937,20.019543704458567,-2.3088571253169596,0.4942310706703992,0.4055975233467078,0.8285714285714286,True,5
0.63675579088135237,-0.72156434482236853,-0.27182155738669544,0.77001259719213166,0.61348021869926095,0.17527869645263214,0.04028229070560134,-0.32091574836048786,0.94625071704582409,-6.0333158101716071,-12.474644025686368,-1.17854988137547,,0.4353994959265781,0.1935483870967742,False,5
0.84940208449076626,-0.411913262050558,-0.32991447893296222,0.48270003829640251,0.85910011976093936,0.17014011065997828,0.21334660037458134,-0.30376709626555393,0.92855197987781024,-13.996132873095831,-8.7354085833026787,-2.7657145949519175,,0.2794036798069887,0.4864864864864865,False,2
-0.96058878500442701,-0.22201891486263048,-0.16726263051542128,0.2296146691312039,-0.97289917082649091,-0.027281992685542038,-0.15667255612737682,-0.064612729770117783,0.98553483211308546,-11.156679910941433,5.7480283712274876,-3.5364017395744352,0.4080058485897893,0.4139158128339863,0.9396709323583181,True,5
0.42023896692559248,-0.88898892914919614,-0.18192826753277033,0.90715971094159797,0.41633232566586675,0.061062700972083266,0.021458553578150422,-0.19069892096132837,0.98141400643281929,2.1183294353220776,-9.0580631547812018,-0.080328409651375277,0.2029345326638484,0.1310729580626535,0.2413793103448276,True,5
0.97324489319351437,0.19472985437640772,-0.12196172222172003,-0.14665881179280285,0.93508084021797588,0.32266858412428073,0.17687727608788015,-0.29614879042769676,0.93862150152867507,26.932858087290853,11.938058026769282,2.6715468115439935,,0.2748007915541824,0.3571428571428572,False,4
-0.80582813404086517,-0.54194880155607106,-0.23860535383799569,0.57112832440302719,-0.81774214547692925,-0.071485806810714939,-0.15637600664042869,-0.1938795502437701,0.96848193816119565,-21.837959940649252,-5.6320424811869332,-4.3732527837410267,,0.1666451536845499,0.2903225806451613,False,2
0.194881824448945,-0.95237893103799698,-0.234511079086622,0.98077166523382531,0.18668536668863778,0.056881583476528073,-0.010393034875290225,-0.2410870083170184,0.97044785498594943,-9.338982625449443,20.681557331644733,-4.079047648283618,0.2066425858862527,0.2782285669058763,0.44,True,4
-0.76332888119493436,-0.5674409242114612,-0.30877146348672213,0.62964139962068566,-0.76041539126734092,-0.15912303606781891,-0.14450165056978845,-0.31587850552669672,0.93773132758206768,1.9509763366646031,26.855931070225413,-2.20361629976358,,0.2965539848911156,0.5,False,1
0.72609351974643355,0.68706178093107695,-0.027098150602079693,-0.67354384566133452,0.71862884359476742,0.17294875866969528,0.13829999477214919,-0.10732518035142075,0.98455798057227661,-21.835445196288475,-1.0085448143963895,-4.6732987797837326,,0.278079591883796,0.35,False,3
-0.66603587941258524,-0.68948068653480699,-0.28462710733624008,0.7341487295650535,-0.67344710363566795,-0.086571597436734329,-0.13199185661669471,-0.26661841928160446,0.95472130398700994,8.3132497149187241,7.6235641796923437,-0.31600311984321089,0.486504885036227,0.1885308834749054,0.2,True,5
0.27166617866194465,-0.91944034921545781,-0.28430077665348275,0.96238794812476969,0.25873309755231561,0.08286508031239731,-0.0026314778001128927,-0.29611928080680777,0.95514734300999182,2.3738444294485799,-6.2497198185733742,-0.28021360640245613,,0.4932594000464655,0.25,False,1
0.7731545825210997,-0.60951300162270505,-0.17528802691428974,0.62856025699019769,0.77324367062957788,0.08370322074874792,0.084522156024564449,-0.17489461593822034,0.98095253629152812,-7.6171122160627736,14.934611415242721,-3.5463087063698815,0.1650161657909881,0.1199196403547428,0.5,True,5
