axis_00,axis_01,axis_02,axis_10,axis_11,axis_12,axis_20,axis_21,axis_22,location_x,location_y,location_z,dbh,dbh_approximation,score,reconstructed,number_clusters
0.90388096561720455,-0.31249607037614996,-0.29213936057021545,0.39286091843275861,0.87663669129350219,0.27779202696648897,0.1692911656380198,-0.36586106307920419,0.91514271223644417,-14.230456654950597,16.563661174830418,-10.442519948685568,,0.2932386413403346,0.1884057971014493,False,5
-0.97701231397465549,0.0130668303492011,-0.21278203938893575,-0.013156781802486717,-0.99991295244137679,-0.00099329379876210433,-0.21277649643344343,0.001829066590943161,0.97709918487373393,-8.6664110673937778,-7.7914865101499089,-6.7474713482704392,,0.1270249627481788,0.1509433962264151,False,5
-0.93839081726418472,-0.22083823644743655,-0.26580659773045873,0.25770615546880327,-0.95965259209598353,-0.1124919548987809,-0.23023946557387776,-0.17406141389247198,0.95744055308202258,-6.0963530641645312,21.567006916606786,-9.2745388645872566,,0.1960881801725736,0.5555555555555556,False,1
0.53635824937693943,0.82317899029921759,-0.18626910171916689,-0.82257112882054151,0.55926208202707328,0.10296922665361309,0.18893534967338657,0.097991191117894214,0.97708810253072442,17.707437740918561,-9.4604062990711757,-0.72787226771636282,,0.2494597423771077,0.7105263157894737,True,5
-0.21673240998396812,-0.88639928367348153,-0.409051796678221,0.97611913496110814,-0.20311083339659886,-0.077054680063690206,-0.01478163811354543,-0.41598353243857922,0.90925200242540172,-9.6260767055811733,-13.010718344628621,-6.5215513192879966,,0.2921981680495029,0.1666666666666667,False,2
-0.010176428535963561,0.9936956098828168,-0.11164889252414989,-0.99650117807945326,-0.00081493297882471484,0.08357474481266311,0.082956870652852926,0.11210874534957907,0.99022713900782833,5.8582113972506473,5.5968712056416923,-4.8698479186249255,,0.4872534790713435,0.3603603603603603,True,4
0.91337746672840248,0.34977094316331742,-0.20833120407526159,-0.33578693956917216,0.93658545011626493,0.10027375451872284,0.23019282023463325,-0.021632890448464046,0.97290456035690864,0.22172376991033838,-2.7895151652172978,-5.2561418610533233,,0.06586221352021995,0.2265193370165746,False,5
-0.16954316962109647,-0.89282604747088934,-0.41727300726543792,0.9777168764551516,-0.20556409449760363,0.042580659320436129,-0.12379346965658124,-0.40075560134686872,0.90778308249245077,-14.422272902966325,12.130366577625347,-9.9982360574508338,,0.2866423570717114,0.3333333333333333,True,5
-0.20122989125939403,-0.9427560199914824,-0.26592784290772009,0.97310838015937451,-0.22346884224817551,0.055872685704725068,-0.11210089797736453,-0.247533357982476,0.96237239432487309,1.796385660902087,-13.61962089531947,-3.9315516871752085,,0.1063603620684064,0.4545454545454545,True,5
0.39671526189728318,-0.81416757215937496,-0.4239671749344277,0.91754849726920973,0.36523303711753674,0.15719282349050023,0.026865519477305269,-0.45137123639196364,0.89193175233377886,-5.1704278139461195,15.515467725766349,-8.3136467896258068,,0.09551704676860909,0.3333333333333333,False,1
-0.86223523046876238,0.46340083182100178,-0.20447512417427346,-0.48023259005785257,-0.87626573842050537,0.039179268965787516,-0.16101883984430959,0.13197736449092584,0.97808737261924739,4.1207859568507228,7.7099337727402935,-5.4483329828264866,,0.08504880612682067,0.2,False,5
0.82349588739246116,-0.51468898053390677,-0.2386415235550397,0.54818316832202985,0.83023071958487671,0.10105526322759563,0.14611549341573521,-0.2140378601428857,0.96583541921454219,-15.702524643472346,9.9203472959483232,-10.049942165080278,,0.2895169261961485,0.2923076923076923,False,3
0.93851425163344993,0.27595402069600383,-0.20746175055324026,-0.2574402814260765,0.95977736118529933,0.11203534467053695,0.23003369531476911,-0.051737756212392016,0.97180641261618528,-6.4942951815613856,-13.452795780160249,-5.7885429489566302,,0.1734563514212077,0.2941176470588235,False,5
-0.97187783322657606,-0.067290821343458235,-0.22566661836820201,0.070308062861888107,-0.9975109745656362,-0.0053508800888056735,-0.22474486329931051,-0.021066584536624914,0.97418989187762417,4.3440210971336022,1.3217799192464228,-4.8144141593070238,,0.08023508092478711,0.2441860465116279,False,3
-0.49208644643209631,-0.83789936693341749,-0.23616854178829291,0.85487963810699974,-0.51634468634353925,0.050685000097032258,-0.16441330112821084,-0.17695427595107477,0.9703893294110123,-0.37171939190208336,6.0920811915008679,-6.2526836227496068,,0.1159868057987822,0.45,True,5
0.32660119001877991,0.93289807947689296,-0.15176572731233895,-0.9354219722054975,0.34203407567490823,0.089433914106398227,0.13534177697036631,0.1127557731805227,0.98436209751339387,-10.469521286423836,-12.444834840443489,-6.7547854594152312,,0.08925912739862372,0.6428571428571429,False,5
-0.83087930155539502,0.51374504625723894,-0.21378871273518776,-0.5355593015014396,-0.84259735449588802,0.056620957002010218,-0.15104906759762354,0.16154171486857724,0.97523763951931741,-8.5629074904686533,10.221454584900082,-8.5364911597357391,,0.3558732834580378,0.8958333333333334,True,5
0.8975007538565769,0.39139385418012312,-0.20323200470620606,-0.37541250111765229,0.91986430707573141,0.11364466803450142,0.23142569181373035,-0.025700340038834216,0.97251305476606509,-6.9917130969560439,-10.993428235402256,-6.0638933367504091,,0.0761923264088403,0.3076923076923077,False,5
0.93269346437316358,-0.25978091435404138,-0.25019348123595364,0.30635875857378708,0.93670984747588715,0.16946673032436113,0.1903344754917389,-0.23470947611692178,0.95324931117740974,-10.313609999167586,-3.7624135085552579,-7.4978732193936048,,0.7659174918183459,0.4978813559322034,True,3
0.44997024862693169,0.89123375631656687,-0.056825759585602181,-0.87776759567115625,0.45309599132662398,0.15565368814590608,0.1644713450431301,-0.020159718391071085,0.98617582733207276,14.087994178119112,-11.471199358988036,-1.3915422121156618,,0.1224100132786267,0.5454545454545454,False,5
0.13657446397040679,-0.93823075082286034,-0.31791582848541705,0.98961323222534436,0.11468254860968671,0.086680814768292216,-0.04486720846792442,-0.32645209641654921,0.94414827349814989,-3.5074996074727993,8.0590838163050478,-7.1477374884065803,,0.1232693599318242,0.2327586206896552,True,5
-0.94867034438922071,-0.2240244008359929,-0.22324346688427799,0.22424805238276377,-0.97421933648066628,0.024687961230275654,-0.22301880790411965,-0.026641175973381982,0.9744500290234388,11.078007018090142,-10.148012268378425,-2.1516803539631137,,0.108997825724067,0.25,False,5
0.94784060084561095,0.23774930623469559,-0.21230511716289979,-0.22096660370432752,0.97015035152634088,0.099910237116586004,0.22972147360664047,-0.047786638490677054,0.97208254883304834,4.9679979673697741,10.297446185791006,-5.4809568382761844,,0.09234389180051152,0.4615384615384616,False,4
-0.70827197393642893,-0.59633539360019727,-0.37780273857648555,0.67614556647705182,-0.72689176386737098,-0.12023117962994857,-0.20292359121014356,-0.34060602161658837,0.91804659694859647,4.3407272306923321,-16.497064037686425,-3.0653901274022939,,0.6570359929716048,0.2419354838709677,True,2
-0.52852126809372957,-0.80542302953844536,-0.26825177103182157,0.83032361618469908,-0.55623431474242147,0.034147906363262169,-0.17671435023381996,-0.20468788579723465,0.9627434278297089,-16.804985184352706,13.80781883453664,-10.713435525904309,,0.4467772710469234,0.4,False,1
-0.97521525017345378,0.026588444197558674,-0.21965488946135545,-0.032351985923096044,-0.99921910656845814,0.02268316722513436,-0.21888025227497973,0.029227242491978708,0.97531389996265083,-6.4239745904843577,2.7398570174732297,-7.2580982964775149,,0.1636151054369986,0.7205479452054795,True,5
-0.91429071791863414,-0.29647843173450039,-0.27599460618657179,0.33448336515369065,-0.93690860653221653,-0.10160286138354663,-0.22845866488993705,-0.18521015771850241,0.95577394603253141,23.66573873002455,-7.3160451107281679,0.32730313086430951,,0.3263089557017312,0.25,False,5
0.9506436836456309,-0.13637134995132141,-0.27871031853363437,0.22773457135448219,0.91673906344666511,0.32821708450493797,0.21074522949442046,-0.37548947317253206,0.90254867114297976,6.4651791173533892,16.64667535858878,-5.8591659014589403,,0.1925093294351175,0.2142857142857143,False,2
0.79791282349047432,0.56756836912859121,-0.2029809657927851,-0.55973378787109407,0.82262809084932109,0.09990550966327956,0.22368105155541834,0.033899417551246272,0.9740726957803254,3.5062600945785922,1.3623686417592209,-4.9833820028030198,,0.07443535542014214,0.2985074626865671,False,5
0.7073379805894926,0.67786065863211165,-0.20044427827807509,-0.67584774987406571,0.73162086686642802,0.089222901520733977,0.20712991142213369,0.07235906746535696,0.97563382739109816,0.9752912326368548,8.99862639288129,-6.2045865946566598,,0.222446107850482,0.4642857142857143,True,6
0.42525621257542384,-0.86576741362456699,-0.26382558475598028,0.90445424768004701,0.41728694969574742,0.088510538734889399,0.033461433315497613,-0.27625782725462789,0.96050088254047217,-4.4782792886866973,-4.536558948267249,-6.1362072680354371,,0.06521135911352276,0.1923076923076923,False,5
-0.32016730716719971,0.9436669700226431,-0.083579573518820838,-0.94668410404862435,-0.32202550141495045,-0.0094225039189773652,-0.035806459793693818,0.076106675966919696,0.99645655766335794,-7.2010768818100299,14.053964311402213,-8.583812873778685,,0.3793665131374873,0.1,False,3
0.94189487627903024,-0.24199249999759806,-0.23296710494021095,0.27193281394993435,0.95647044016104155,0.10590959255617124,0.1971968223288123,-0.16310710298161862,0.96670030837915999,-11.178315660617224,12.628070971557365,-9.3515106096664642,,0.1102424446745917,0.5588235294117647,True,4
-0.60557719335038029,-0.73729690530105696,-0.29944872069748696,0.7729966652069602,-0.63440893670130605,-0.0012069020004011194,-0.1890830993843616,-0.2322037348256995,0.95411163238910446,6.1710885280014756,-12.533320872263095,-3.0285191131312583,,0.5819962596291473,0.9532710280373832,True,6
0.038275728985593477,0.9923316246369408,-0.11752835962452654,-0.99605853827394197,0.047305815261066156,0.075030315033758191,0.080014729282804758,0.11419328608940427,0.99023105208325202,-9.5449574216369335,8.1158624134936854,-8.4974210294807104,,0.2418293327265551,0.2327586206896552,False,6
-0.5652481202226195,0.8057714732452993,-0.17671133378732745,-0.82175583938758279,-0.56875545168248431,0.035136542428985659,-0.072193510907875888,0.165074434984811,0.98363536328115087,7.3827364149302284,-8.3933460176733767,-3.1523874139587704,,0.1780668319351865,0.6097560975609756,True,5
0.96991039132592916,-0.10851333263108004,-0.21794194052379931,0.13564862380612092,0.98421856418644382,0.1136365644072368,0.2021714214657655,-0.13978080895484607,0.96932349697634024,3.5589026224186879,15.435099028225405,-6.3599912117921225,,0.3121487946696594,0.9384615384615385,True,6
0.80368726742503438,0.58106474331728697,-0.12825965949002352,-0.54857384576409063,0.80700896132437494,0.21863959404862948,0.2305504541797247,-0.10535796322902691,0.96733974779379039,-1.6213429628819889,-17.756025962434343,-4.2867739648020287,,0.2397900277361322,0.3928571428571428,False,4
0.63271934150872622,-0.64144990827579795,-0.43382974777409361,0.76907310737300771,0.58599592839032055,0.25521623660259524,0.090514034250989472,-0.49512704135699998,0.86409283211971732,-26.399699194843333,6.13751712488469,-12.008532923647927,,0.3167614751804806,0.1428571428571428,False,1
0.016730819335850682,0.99837556985083742,-0.054463760514384729,-0.99959197231087538,0.017962744132369011,0.022208753114273214,0.023150995140745621,0.054069967156011617,0.99826873640104685,-11.24251399415332,-8.3002447475711705,-7.2541006870289184,,0.5310708462782109,0.2868852459016393,True,2
0.76135875973355882,0.6372184201906661,-0.11952206468551664,-0.6158965646694089,0.76845286415971781,0.17364221028640092,0.20249508785498427,-0.058590788819043477,0.97752895550984298,0.9480468750701555,-3.7576890395311491,-5.020660652783139,,0.1822292603076999,0.4469026548672566,True,4
0.91838848441541154,-0.28342472881308456,-0.27610326834427912,0.35655606160082531,0.89533327259749784,0.26691966191264999,0.17155281002907549,-0.34358223772058466,0.92332057233338205,-10.620251789216139,-0.82130159303769146,-7.8254602155126021,,0.4661568471723089,0.3579545454545455,True,2
0.8667168961291819,-0.36967638692657123,-0.33487488844807911,0.47107826267567199,0.827349686320073,0.30590483320887241,0.16397284042995627,-0.4228851682135395,0.8912244622463743,8.4948888684083723,-15.42695739388606,-2.2715448739783186,,0.3167710955834518,0.2727272727272727,False,1
0.88472764887201083,0.41926020753731874,-0.20366115411920965,-0.40606172762844789,0.9078102823760954,0.10485401550553256,0.22884680613197206,-0.01006824652054937,0.97341038094690446,0.28528742628149051,10.438951550766172,-6.5905683689040737,,0.06667737708422701,0.2162162162162162,False,5
0.95404773639852625,0.21267510925466679,-0.21109764228044708,-0.19446144577586072,0.97539971220366772,0.10382748932611459,0.2279861021632901,-0.05800602844979065,0.97193499673788475,-28.063898421844442,9.0691025002920771,-12.6556877710886,,0.51526853083388,0.8076923076923077,False,2
0.14888324072139042,-0.9434831041034798,-0.29609696537377406,0.98787333068114347,0.1285734598813684,0.087035325834269359,-0.044046148086294423,-0.30546439675581782,0.95118422986998885,-0.62904404418480153,-18.195446651201124,-4.0434136406688941,,0.1235873496767531,0.2916666666666667,False,5
-0.97083890958499519,0.036450924051312075,-0.2369454404955347,-0.00057225384191988493,-0.98872263624306467,-0.14975720719252411,-0.23973210915803067,-0.14525453079463541,0.95991126523354886,3.8114346450458969,6.3430008771488593,-5.3299564009503415,,0.5222249646633892,0.3076923076923077,True,4
0.83200297275070656,-0.47291364068032521,-0.29004093123638203,0.53500550336928887,0.82228100690899575,0.19396663899058225,0.14676567956631237,-0.3165543146684453,0.93715164256710881,-2.9894588529593116,-7.7418733867626814,-5.4910635119738327,,0.1287597269559602,0.1886792452830189,True,5
0.34826859114462638,-0.88969214632447313,-0.2952234292712686,0.93729109955906942,0.33519334769406411,0.095555294719839132,0.013942134323196985,-0.30998920050575479,0.95063784505999727,-6.239762403598351,11.30696070969439,-8.0934303396717855,,0.2974396478855063,0.5113636363636364,True,4
0.97489888766931199,0.024679954762225599,-0.22127597848404498,0.0049861238984053625,0.99116811744092437,0.1325175518076108,0.22259222221274222,-0.13029452329836264,0.9661656378741923,-1.5589129586712267,7.6298619297013976,-6.659361782942268,,0.08463341980563618,0.1956521739130435,False,5
0.25661307706440478,0.96651396419541824,-0.00069691807030622388,-0.96016903769031192,0.25501083105838007,0.11421425087867046,0.11056739004064221,-0.028639711209666657,0.99345589695840508,-23.613473699131745,6.7070980522686865,-11.468101994741025,,0.1617439331419119,0.3043478260869565,False,3
0.3380935866676989,0.93314351935804019,-0.12221251545673824,-0.93015690411348639,0.35108517813523005,0.1074585102435794,0.14318121519314914,0.077345781874941816,0.98666953416124514,-13.787360608812333,-4.0876433775018084,-8.2955173736147891,,0.1769635414669885,0.5102040816326531,False,2
-0.97540546491797242,0.0089725545274046727,-0.22023549276491969,-0.0028850378812647673,-0.99960524175048837,-0.02794704315972564,-0.2203993093559459,-0.026624310886868979,0.97504630172378048,-1.0956023756940843,-9.0559013596031814,-4.9859099293297628,,0.07207092324418,0.15,False,2
-0.60924466935118449,-0.6746570143531212,-0.4167239444180012,0.76967719154321801,-0.62957000535006968,-0.1060124010748614,-0.19083488592317163,-0.38533040542843855,0.90283028580516989,-22.212334562286706,-12.948263147837345,-9.2950615740511768,,0.3905854821968456,0.3076923076923077,False,1
-0.62139978986167055,-0.68348483083005884,-0.38302844174431377,0.75938076884101324,-0.64574929806649028,-0.079678679463620436,-0.19288117864193721,-0.34037674725492151,0.92029371444873864,-3.6086201212693094,11.298208575475782,-7.5691737402481474,,0.5042025385937723,0.4347826086956522,False,1
-0.6546319739005606,0.75594466806866689,0.0021535007802505057,-0.74972371088008483,-0.64887468246727953,-0.12990767412737353,-0.096805661462811735,-0.086656247735185654,0.99152375596210884,2.1238547302344895,-16.36988619131894,-3.5376568946015672,,0.6733008957056348,0.2641509433962264,False,1
0.71182710135535432,-0.63263698981102778,-0.30507805050326997,0.69325204842563104,0.70256445448963722,0.1606386772895764,0.1127110248808892,-0.32584294746168763,0.93868130825098428,-0.44586855639710454,8.815627209679576,-6.5303326478554267,,0.103068484240362,0.2333333333333333,False,5
-0.27017912554763412,-0.90513431238034614,-0.32823027994088916,0.95435172253964407,-0.29685197432963389,0.033040808437646674,-0.12734217606092146,-0.30432019632018681,0.94401969699138855,-3.6442645354204677,4.6421239393058773,-6.8491691720012637,,0.08458332305279123,0.2588235294117647,False,5
0.77944865486162584,-0.57293948724687949,-0.25337746227256364,0.6118481542193267,0.78307956825088099,0.11148195354592891,0.1345423004590181,-0.24192299134496587,0.9609222838741428,8.1339787385869879,14.871278752011088,-5.2950051737602193,,0.7120679773988516,0.3333333333333333,False,1
0.67567385308769368,-0.62737928155105971,-0.38711765825664268,0.7299800341871342,0.6427024787750143,0.23251381349202313,0.10292712927980061,-0.43969166566689599,0.89223160961786752,9.6262544158608705,-14.320620253403936,-2.0944250455864419,,0.2910917865170492,0.2857142857142857,False,1
-0.21822293207437501,-0.93715025278137065,-0.27226486300783853,0.96863816157117699,-0.24196803962116109,0.056494068271845201,-0.11882282552133841,-0.25139783514124903,0.96056247304452835,-8.7813334611874954,-6.3104928439466184,-6.9208814290492011,,0.1343151279098492,0.525,True,5
0.98279297088845097,0.070585632129728071,-0.17069166619697074,-0.024243901914275046,0.96540348233672779,0.25963117977640737,0.18311255989751885,-0.25102546649486557,0.95050302765367956,15.371092697996577,-8.797602007598508,-1.3472473783636787,,0.1900652633350199,0.3333333333333333,False,3
0.96722772098930365,-0.112740894308514,-0.22750829984937962,0.13707629847702812,0.98607907706904596,0.094117703767656713,0.21373026024799452,-0.12221924773609175,0.96921712290752982,11.025464182745987,-9.0482011769054385,-2.2552198106235832,,0.07251880794633975,0.1714285714285714,False,5
0.97154230576541167,-0.10413934396434624,-0.21274525881133763,0.14713749854069041,0.96919617199514208,0.19750781430908299,0.18562355624008442,-0.22319000252842525,0.95693788624975351,-3.4112058531743417,13.219938719021499,-7.6461658413420954,,0.2724965881608867,0.2558139534883721,False,5
-0.79435740235586239,-0.54833748203734467,-0.26138539193189847,0.56661679134173215,-0.82395548515492856,0.0065398969951840774,-0.21895599807278135,-0.14291033649128393,0.9652123634889378,-2.0146073282099271,6.1914201626405649,-6.657665314005941,,0.1535046752664053,0.5851851851851851,True,5
0.8500706589910676,0.49794988921534039,-0.17153944896997239,-0.47608073853498928,0.86580430539389619,0.1540455619528571,0.22522656397163882,-0.049282984810405009,0.97305918745454867,-12.680608416179339,-9.0506843181365557,-7.5532323963639598,,0.1807097109514263,0.3448275862068966,False,1
0.68981500240136817,0.70263867806406377,-0.17451117600425547,-0.69350027898294331,0.71049540092533348,0.11938864399318862,0.20787646695232986,0.038667471501735134,0.97739050595710331,5.9079124245476988,8.6347781958828183,-5.2113512479173174,,0.1205283785522667,0.5833333333333334,True,5
0.9700000858744362,0.096467800858894781,-0.22314523701176087,-0.029590940685103366,0.9579248190947206,0.28548978474144676,0.2412969324980262,-0.2703220382428993,0.93204172975637078,11.614818280029368,-15.942956297387765,-1.5142492759449702,,0.4151418715037522,0.1,False,6
0.36377177933905097,-0.88604244083845396,-0.28740021849249886,0.93130787455605579,0.35202623647328118,0.093504928342519042,0.01832308233848276,-0.30167254079132383,0.95323551275963525,3.357831509951807,-11.345583299069441,-3.818256851605486,,0.09678869826982092,0.5,True,2
0.9614569689836916,-0.076867016805641675,-0.26399234557103118,0.15283128920571254,0.94754614868970566,0.2807114054380882,0.22856748201004765,-0.31023822754571712,0.92277253336717791,1.4146115276498032,3.5541936398427048,-5.6477410819202971,,0.5710470243321806,0.2959830866807611,False,4
-0.57600469515604469,0.7915083269666725,-0.20428695381891607,-0.81429414549816348,-0.57750290195014686,0.058441790241022945,-0.071719145042370341,0.20001241606855097,0.9771649797515326,8.7099943165253393,-8.3720089220416334,-2.8289712375927767,,0.07979265810058021,0.2666666666666667,False,5
0.07728291974573355,-0.94704209937840866,-0.31167067927623865,0.99570538437381995,0.057331821112545311,0.072690094352009002,-0.050971931928850474,-0.31594987623491277,0.94740568810968473,29.632106781826657,-4.5348110372546122,1.3428747747083676,,0.2847563439828218,0.5277777777777778,True,5
0.84389033451540207,-0.47279258658083501,-0.25360653261634791,0.52103324895493686,0.83493638483865784,0.17721621470964838,0.1279588089775214,-0.28168848635817045,0.95093540256859599,-11.095696028608126,10.635632426046197,-9.1072353566739164,,0.1786543719081246,0.4838709677419355,False,4
0.96565599428703552,-0.082036042634182668,-0.24653313855634268,0.12258801221669671,0.98044976951940066,0.15391695393982607,0.22908662108092945,-0.17885283659556001,0.95683383243039988,-11.529856619617565,-6.7528054329829388,-7.517732403670375,,0.109184046376117,0.2051282051282051,False,3
0.70279390390171592,0.71101493057447773,-0.023205541121853773,-0.68174637750263201,0.68246555130525555,0.26355767498529481,0.20323042439710273,-0.16940643370836261,0.9643644823496923,-13.221041001447748,-15.423948633409543,-7.1131267956888342,,0.383400974800949,0.4,True,2
0.33331413818861644,-0.9032690895427854,-0.27019740405882187,0.94275568000248211,0.32254991036877295,0.084695236844540125,0.010649558987869803,-0.28296025727589896,0.95907251013451511,-3.0059396805280674,5.8357595473677026,-6.8212231941096482,,0.2223381072682472,0.6916666666666667,True,5
-0.96786524350585013,0.13098583689497603,-0.21466154976214125,-0.138798345644573,-0.9900836032858118,0.021667435263848206,-0.20969475353401459,0.050765825488277169,0.97644812524926439,-14.997222727739292,-9.5455998223219307,-7.9931877234609914,,0.07591296468504115,0.1515151515151515,False,1
-0.68498922835141829,-0.68421218008455043,-0.25028673489914699,0.69964721110665185,-0.71358455609004245,0.035928558285322001,-0.20318350580992894,-0.15050174063353638,0.96750487804096552,-16.31827646199887,-6.3104138964403296,-8.6196731218698321,,0.2279942058471165,0.1428571428571428,True,1
0.8021729560530001,0.58388659891311712,-0.12487989504666842,-0.55516087439579931,0.80633838277409442,0.20399709803169236,0.2198066243707997,-0.094312523425752068,0.97097383888948496,15.727003067390793,-11.439869561156343,-0.98959268051866833,,0.4625659236642662,0.3225806451612903,False,1
0.7331956246736494,-0.62869763395823919,-0.25915914225573927,0.66968328025968771,0.73375002839246628,0.11460890006749602,0.1181036836853248,-0.25758528857325796,0.95901060422217954,0.38011355258784019,11.52483497298714,-6.6206611092657646,,0.4456135897369261,0.9870689655172413,True,5
-0.34700754727014183,0.92532669962948866,-0.15282755343968063,-0.93778305589472,-0.34445920238629607,0.043712675142997467,-0.012194351738435555,0.15848771827556546,0.98728564303421573,8.218051375514543,1.5597993973075539,-3.9342017288381887,,0.2098549773463688,0.7666666666666667,True,3
0.4430172230572888,0.88650732569199187,-0.13356834044428528,-0.88190882166804563,0.45771885520985311,0.11282854182103222,0.16116007675192864,0.067810110454219141,0.98459596717714559,-11.159310752332148,-10.979315288778405,-7.0287212323868946,,0.07440868874777902,0.2333333333333333,False,3
-0.091801978731820263,0.99574576236963164,-0.0079229681208410896,-0.9927876407707712,-0.090907374365625571,0.078157210919750919,0.077104455342923317,0.015040811443185198,0.9969095630785183,2.5205391337841592,-5.1241196991523443,-4.5024712800922,,0.2824379639264049,0.6995515695067265,True,5
0.9548805405814671,0.2389730539713327,-0.17633783682029505,-0.17936178252303664,0.93726752679464631,0.29892964755341167,0.23671185899528868,-0.25381383471328445,0.93784115559039805,-6.7612692700632815,-3.6766785654350387,-6.7412557577392986,,0.3845856769077701,0.2633928571428572,False,5
-0.67380159895712666,-0.67263267225016554,-0.30587038670721439,0.70919483110504122,-0.70490806452721622,-0.012137219549227501,-0.20744661187088992,-0.22509977518001972,0.9519957953884004,-4.2017970054699498,14.561587383404715,-7.9816543482636932,,0.6405336868587608,0.1923076923076923,False,4
0.50054984570020233,-0.80438789625901874,-0.32001556887360261,0.85946741872547494,0.50604683624222868,0.072335023872268242,0.10375744849828375,-0.31125023996974388,0.94464685464987652,4.3956448825531051,11.697343742546742,-5.7245217495102514,,0.07929789311377104,0.2352941176470588,False,3
-0.71598699904698659,0.68591951209498137,-0.12991166276771371,-0.68753257078798324,-0.7250948025147036,-0.039198105462244295,-0.12108501683262246,0.061253165579788216,0.99075045718137222,-0.89212667353121655,10.321917498171359,-6.7696705797823578,,0.2165891097851028,0.3541666666666667,False,6
0.87468003956517082,0.45776864949256657,-0.15931946500043237,-0.42798505885330707,0.88370654965151541,0.18945058327000733,0.22751619235694776,-0.097522293065567187,0.96887862220746257,-2.1928490705243417,13.905945038826705,-7.5125931143156297,,0.08009671951672773,0.2368421052631579,False,5
-0.96288666969449677,0.11559759599636528,-0.24389845658491049,-0.11200680231172574,-0.99329610483489772,-0.028588885178011531,-0.24556819329982932,-0.0002095702284927517,0.96937929548746649,-9.1915819336958027,5.2377900102795314,-8.1569826234467815,,0.1697457899598997,0.2538461538461538,False,5
0.97199597953887817,-0.042842101878899877,-0.2310592349741834,0.083243729818087836,0.9822566044777703,0.16805488509940703,0.21975963507029705,-0.18258290518665682,0.95831580678154871,-9.1121536328303154,11.931478118290377,-8.8057459514965988,,0.1646163516220137,0.3513513513513514,True,6
0.97045178182971203,-0.039758114896393783,-0.23799712486377378,0.1154500632803398,0.94261365640905059,0.31329024504399505,0.21188351052430468,-0.33150985965887375,0.91935117931987864,-13.884496420994646,-10.045642030378632,-7.7252287268171722,,0.2517128485985645,0.1818181818181818,False,1
-0.3247419534915621,0.94310722824478876,0.071354184705008789,-0.94576331529754076,-0.32311491189778951,-0.033593230667631591,-0.0086264175582403402,-0.078393301638061463,0.99688518655780789,-21.138852961780991,14.017377144874668,-11.677726405898305,,0.3521884579865512,0.1666666666666667,False,1
0.91548197577182111,0.35166586881304834,-0.19550925489318058,-0.33294973471888317,0.93493628430281972,0.12263204493386848,0.22591420094263293,-0.047172672237225724,0.97300437450530053,7.4852440347315055,17.06725921735088,-5.6547350198139705,,0.2893578063634651,0.7777777777777778,True,6
0.50170265311602535,0.86305010745840838,-0.058642645509647512,-0.84824788499415227,0.50412440175035378,0.1622778887057475,0.16961713787022825,-0.031671747281720231,0.98500097815425258,-7.4116285142437031,-11.863782682255186,-6.0847019408569416,,0.1372583605750514,0.2962962962962963,False,3
-0.14493932833250683,-0.93748034372611355,-0.31642249640266024,0.98494820069268463,-0.16714409947938863,0.044044204629765764,-0.094178729311698767,-0.3052760310545099,0.94759533125107864,12.866327066495364,-7.698986946842985,-1.978017542977107,,0.1010204043678412,0.358974358974359,False,3
-0.33843395626306327,-0.82268700952127782,-0.45678062744939973,0.9306672169823067,-0.36434487958880274,-0.033336765767373308,-0.1389999585702778,-0.43639304884743202,0.88895450864209213,-7.6404375376617306,5.1559655782811609,-7.7957860549341875,,0.1144550260440394,0.2347826086956522,False,3
0.94358642958760575,0.29433775267032442,-0.15169026748969899,-0.237268580254751,0.92055209875897137,0.31030219833953371,0.23097244580687187,-0.25680560901864147,0.93845756880881703,-8.032466877247824,-8.6052308010021967,-6.5195897589094729,,0.1467139662362348,0.2307692307692308,True,2
-0.44674061367867984,-0.83828856348276715,-0.31256216729475572,0.88171832803477135,-0.47174970492717627,0.0050005908339974953,-0.15164304829949662,-0.27335782453612056,0.94988414328659887,-14.981199221922626,7.8687653448024273,-9.706720553228724,,0.2120821708657729,0.3092783505154639,False,4
-0.90329114607922656,0.37807609531844666,-0.2027894759686355,-0.38697207191211952,-0.92207998086525989,0.0045961339800982548,-0.18525042773207959,0.082625510807972563,0.97921157263831549,-13.421936369142294,4.7567781721232647,-9.0410368591595685,,0.5183587506103782,0.4262295081967213,True,8
-0.54502776815489351,-0.71775222848133224,-0.43333182487578381,0.8189400744949189,-0.56650627538846943,-0.09169402560549185,-0.17967160690090261,-0.40484858707369237,0.8965577143821154,-16.729145457808706,-8.2341161317037468,-8.5383559755762484,,0.373533038057194,0.3611111111111111,False,1
0.94600903941962911,-0.22524901066707759,-0.23308749543863153,0.25859093890039925,0.95803378836135966,0.12370119917200557,0.19544212354290794,-0.17729676689518348,0.96455597701406337,-9.7253457410504023,-7.4380926431126193,-7.0469564157670073,,0.09258338153560619,0.1818181818181818,False,3
-0.95129209522622782,-0.20324188029757279,-0.2318104563068738,0.20656828609468417,-0.97838006711669867,0.010098883533801062,-0.2288512458781877,-0.038277700581822303,0.97270855085075214,-14.078777654369791,9.3844416957818666,-9.6644676280216011,,0.1655851952238168,0.6336633663366337,True,4
-0.91315495927465196,-0.33740251706638918,-0.22870846470862236,0.33626147139826312,-0.940684834276172,0.045169297270240584,-0.23038281881508724,-0.035659277054887827,0.97244648837596148,-9.9699582491881333,3.4809678860118831,-8.1787495240121491,,0.06619960824543962,0.2033898305084746,False,5
-0.94586328126163288,0.26581569176871173,-0.18623821082285436,-0.27131862595799533,-0.96248028673843833,0.0042309393943365109,-0.17812595647249765,0.054531785679678604,0.9824955104128178,-8.5361425106518674,-2.6807540932201657,-7.2227792243897593,,0.4289161399325715,0.8234072022160664,True,4
0.92960961400621078,-0.25455610506003862,-0.26650920232495995,0.30472572944865128,0.93762418066522335,0.16734134469358103,0.20728771154897557,-0.23677433393113179,0.94919424747111569,-18.855525344938197,10.194913382592826,-10.756674382549004,,0.3291963861549624,0.6388888888888888,True,4
0.37236579532870184,-0.84610169082723308,-0.38138647491556543,0.92685156925111689,0.36020883352481936,0.1058100412410448,0.047852722450931272,-0.39288869292712786,0.91834012866913761,5.302550116522843,15.234834871568369,-5.934652803770371,,0.213331270145448,0.1538461538461539,False,2
0.80467070926630979,0.59083975905772079,-0.058424556185459275,-0.56642793401556968,0.79344682982388837,0.22271399553973825,0.17794506235270163,-0.14611812809858876,0.97313156737681539,-21.57359974364881,11.890343288390143,-11.510120160176278,,0.6333661103090606,0.6875,False,2
0.95219248119486521,0.24355002761576425,-0.18442576502302332,-0.21554783384667339,0.96339949379497136,0.15937548958230874,0.21649159355497821,-0.11200356871079668,0.96983843526438629,-10.180806649522326,-9.4167545405851385,-6.9514730610426962,,0.1070629914632082,0.2727272727272727,True,4
0.97931024328021454,0.072136949204355205,-0.1890706427924092,-0.047840176392379384,0.99035129547674416,0.13006009791738582,0.19662849470306326,-0.1183240132307143,0.97331221248055066,-3.2965802988456074,-2.8155525062260289,-6.08008913305496,,0.3204367986702774,0.2976190476190476,True,5
-0.24258319070872639,-0.90703912132780862,-0.34414158128079975,0.96331040600360562,-0.26720204571546957,0.025221586996769005,-0.11483230064202865,-0.32539683333791636,0.93857894904100325,16.176322745749587,-4.5852548413582355,-1.5531140013815483,,0.3781513476182398,0.2121212121212121,False,4
0.97065854029554899,0.13776863708090994,-0.19708323314829324,-0.083295344674602478,0.96149812648412403,0.2618840169293663,0.22557456351915034,-0.23778384176472123,0.94476185406098867,-11.419538604455598,-0.63880533805215245,-8.0691627829776689,,0.0815751395482632,0.2142857142857143,False,1
0.62667671983728923,-0.74233455033892093,-0.23709851156658188,0.77420415395474262,0.62774625244165871,0.080886157929991223,0.088793112419814052,-0.23425212468314213,0.96811245486680775,-21.463838479806004,8.0948738677849938,-11.060163049952665,,0.0834006859135352,0.2592592592592592,False,1
0.64223995022394631,-0.7174459999644619,-0.26981305281868551,0.75932809291174519,0.64356039199966864,0.096181438771974839,0.10463600552084031,-0.26664819328888889,0.95809709704414414,15.017595592175494,10.236063041682851,-3.3531906603040849,,0.238005586048438,0.4285714285714285,False,5
0.44511394517818959,-0.82123776036202145,-0.35699035948254876,0.89547382941299425,0.40841067856668439,0.17699530634773505,0.00044344597842850553,-0.39845860335582195,0.91718621051964855,-12.468748071002237,-1.9637546188151251,-8.1620332692143123,,0.2492672274943312,0.5888888888888889,False,2
0.25375970958350919,0.96725265717450581,0.0053204305233693072,-0.94986140184581436,0.24815076732822736,0.19022227513600906,0.18267273216219387,-0.053324420890178775,0.98172663153299933,15.220588788875652,-13.478232312634384,-0.96129154349478074,,0.5774540630326355,0.3703703703703703,False,5
0.22585604903453999,-0.94798832989946291,-0.22429260239458476,0.97403396730906211,0.21604590027425935,0.067690468330884102,-0.015712276813912789,-0.2337569150829826,0.97216810738072001,-15.248516516691041,-7.3563681513571426,-8.3184786356386446,,0.0845618850731407,0.2777777777777778,False,1
0.84196423944922549,0.49866466161443379,-0.20598488960516043,-0.49056782203437976,0.86648432732572567,0.092456057039713227,0.22458724690670467,0.023204864917679313,0.9741776546251818,0.99148032620537618,7.1934970649588568,-6.079953994473966,,0.1154136502823165,0.2328767123287671,False,5
-0.78219723974673561,0.622807248506276,-0.016691594909736929,-0.60905524235345909,-0.77001944001011313,-0.19005729075276917,-0.13122191087756058,-0.13849618483754308,0.98163110020571798,-26.066518758555244,11.529406458547282,-12.429121710462294,,0.3516845226554565,0.4,False,2
-0.2431057203553548,0.96999251215158921,-0.0037596675854390804,-0.96997752978732865,-0.24307204991065098,0.0077181772398677573,0.006572704023155268,0.0055231261150741617,0.99996314664078556,-10.902281912952027,14.659385120403874,-9.5208137966813648,,0.1364068935816956,0.1538461538461539,False,2
-0.6742422190757833,0.72417026173288979,-0.14482700727931158,-0.73272492697972813,-0.68046946379676387,0.0086885109597322624,-0.092258394730864807,0.1119765192433803,0.98941884343276043,-2.6408802908755571,-11.152635655723964,-5.0929200529505616,,0.1546426825046229,0.1388888888888889,True,5
0.090141278474640818,0.98542735843168194,-0.14424795031234477,-0.99219248201334387,0.10139066053593598,0.072622397318490364,0.086189492115659655,0.13657545610556099,0.98687310037228237,7.2818926791692222,0.61396652203263891,-4.0415573875960877,,0.251754876131341,0.6628571428571428,True,3
0.81744279459214375,-0.47250571016981036,-0.32943228655720685,0.55695859198230091,0.79425053576673033,0.24282341989881207,0.14691631763177038,-0.38197439742891837,0.9124204926032381,-13.654115043586653,-12.100264329273532,-7.491581833968886,,0.5158554384140306,0.1428571428571428,False,1
0.22133647573311807,0.95662187072395555,-0.18943273466495336,-0.96767508244609135,0.23952642444352382,0.078943187206062082,0.12089292503282967,0.16583633029556777,0.97871508225382231,-17.289874753142644,5.1331795667951612,-9.9075937240387706,,0.08916058227529962,0.2571428571428571,False,5
-0.7441038928012611,-0.62064448115103787,-0.24720401439857226,0.63509140946367293,-0.77198207620548531,0.026506143493814568,-0.20728795995777397,-0.13727382137257105,0.96860084638736355,-15.015671303930372,5.4878142576448079,-9.4838062179868174,,0.1004616510444116,0.375,False,5
-0.58673270407606926,-0.76295023634765935,-0.27138841320998724,0.78336920377176378,-0.61966621734453786,0.048440372251924838,-0.20512782490334386,-0.18417577457136686,0.96125015449229489,-0.74521505243851993,15.232462100846281,-7.3057837200933085,0.5455356088829147,0.1762046849495408,0.375,True,5
0.9682024667378174,-0.14749267404582031,-0.20206408514533317,0.18063192215473267,0.97097756688574233,0.15676311206189991,0.17307828315965479,-0.1882776558900674,0.96674476062249726,19.436975522851874,-10.928954249673131,-0.24988051548250156,,0.1818017300025143,0.2941176470588235,True,4
-0.94766621266571927,-0.22150638921371332,-0.22992100580267649,0.21896825521937371,-0.9750366364773343,0.036830160645178946,-0.23233952005200204,-0.015442702628408814,0.9725121440668677,3.842601834037441,2.6659257014720756,-5.0566077983818589,,0.2931030421552444,0.7397260273972602,True,4
-0.96468118841777228,0.16729199360709285,-0.20347873006247896,-0.16247108241989919,-0.9858902717765039,-0.040292919896159379,-0.20734838337971467,-0.0058104123275716374,0.97824991030840525,-16.776517651975059,14.819482420496573,-10.752155831428469,,0.2747994500501592,0.12,False,1
0.76046907009052489,-0.59642979033465104,-0.25682347758142471,0.63814873032426189,0.75961188168454585,0.12552285524634874,0.12022059482960831,-0.25934782514034616,0.95827225472398381,-17.33567467495968,7.7463307951103442,-10.196791337939326,,0.1058144686144361,0.3111111111111111,False,7
0.7389258677942484,0.66544383323831413,-0.10570272801406526,-0.64992360747458167,0.74531137020029725,0.14869521141375458,0.17772975651742273,-0.041176039819952021,0.98321750767213434,-7.0253063869661876,15.949387959768206,-8.8052697104231665,,0.5517663048221542,0.6444444444444445,True,5
0.10644879205790474,0.99326809774846159,-0.045685234644988248,-0.99004304622151118,0.1101352602665667,0.087664080868096836,0.092105490052686742,0.035898613359993226,0.99510193862789076,-1.9856273167243872,-9.5777083111442387,-5.0779286487655746,,0.07976525351654105,0.3157894736842105,False,2
0.40473115025180634,0.89286042364132234,-0.19746635133837309,-0.90098862361361576,0.42626751075094732,0.080718705372639948,0.15624402751687461,0.14524556163005811,0.97698082411686926,-4.6613109251693974,-9.4043183656509211,-5.733131867421946,,0.09793464976428064,0.4776119402985075,False,2
0.90707852151309565,0.39037526010884782,-0.15753003556327688,-0.34932229628344291,0.90684496438269169,0.2358095500462577,0.23490953392504216,-0.15886902425805138,0.95894637180731623,10.619215834638997,-5.8470190035387715,-2.6568143504313615,,0.3196289022022786,0.2957746478873239,False,5
0.96571815520037396,0.16261623969982855,-0.20234723448141306,-0.12497368301996911,0.97444257646402188,0.18666345043040683,0.22753026890682571,-0.15497620385094138,0.96135963768567956,3.2193788035339121,-18.493622809225272,-3.1719601557189829,,0.1975356099889756,0.4666666666666667,False,2
-0.18339902786087825,-0.94989268196888632,-0.25311793559848922,0.97730525548994196,-0.20395001948269983,0.057261043867064286,-0.10601525442795642,-0.23687186893964951,0.96573934554496288,11.816233433335642,-14.49495126347173,-1.56468052574696,,0.08504743547278602,0.4,False,5
-0.79156151825537369,0.59308731105711976,-0.1472338421704899,-0.59636793949505984,-0.8023020091875761,-0.025627461754863107,-0.13332532977520137,0.067519830543444889,0.98876965412765383,20.404748294849075,-9.4527105705652836,-0.17119979519396011,,0.1341525520996803,0.4166666666666667,False,5
-0.14543697869784494,0.97488693906497592,-0.16865213093158762,-0.98935679018404843,-0.1425129636540198,0.02938021285263237,0.0046072707713539288,0.1711301003069618,0.98523766768479271,-15.332366246434455,-14.823953863257653,-7.6149445843582537,,0.2399929453739715,0.5454545454545454,False,2
0.97138947550439858,0.10432953363414495,-0.21334909254780546,-0.075417310527888901,0.98735363127920761,0.13944545913189049,0.2251992809758287,-0.11936563664407601,0.96697317886098855,12.015915064619156,14.735513271228424,-4.4701787922081344,,0.0939021325794464,0.5,False,1
