axis_00,axis_01,axis_02,axis_10,axis_11,axis_12,axis_20,axis_21,axis_22,location_x,location_y,location_z,dbh,dbh_approximation,score,reconstructed,number_clusters
-0.91530963728146986,0.049856713294654957,-0.39965306959801827,0.027236239291152552,-0.98237434526906098,-0.18492926492704861,-0.40182888792238275,-0.18015258504012094,0.89781879626928218,-12.337326822743636,12.826249069724131,-6.8730841620033187,,0.2833292222480776,0.2168674698795181,False,1
-0.91594775762373259,0.059001933389237253,-0.39693636411947608,0.0018861991469142235,-0.98848843666156427,-0.15128467483243699,-0.40129309432986193,-0.13931755970698742,0.90529247760072307,-12.24927372402774,-9.8458219217704031,-6.17594807032948,,0.09083678724324004,0.3,False,2
0.45869239828326008,0.80574313113013485,-0.37467224395964677,-0.8586773717755416,0.51041033769215349,0.046416143502343146,0.22863607536388392,0.30043184553836411,0.92599473606960248,-8.4184215217364429,-2.1092707494949252,-4.67673560730689,,0.1179492808815994,0.6073619631901841,False,4
0.26691800884576122,0.89724883260018651,-0.35170912548783534,-0.95220628868228152,0.30178174094081911,0.047233088281895749,0.14851922551552441,0.32229227920062259,0.9349169623126633,-8.6367259743510392,11.810683109550329,-5.1895310413535496,,0.08547123298104468,0.2166666666666667,False,3
-0.53644426271912804,-0.73237109397225464,-0.41935680954244087,0.80272154481187563,-0.59618174112815658,0.014333633183407199,-0.26051041148209003,-0.32893755069812819,0.90770833049507094,14.521380950062747,-3.649765053502811,5.7529148237588705,0.1408794868802166,0.08697099466821252,0.2307692307692308,True,5
-0.52240562259573831,-0.69951346166633821,-0.48762001848563979,0.81313337779064288,-0.58084257447012777,-0.037894770162832339,-0.25672256504471719,-0.41629655370960061,0.8722331706409534,11.243767506850929,11.233375682183128,3.8600706283584683,,0.2422862099811765,0.1851851851851852,False,5
-0.87558924046353814,0.31462617159200529,-0.3665431136085408,-0.28756784784757145,-0.94919335439773234,-0.12781513545546241,-0.38813427427734537,-0.0065075430494365843,0.92157985927138142,-6.1548034982843518,-10.682301657516184,-3.3655772737351981,,0.1117684295530359,0.4210526315789473,False,4
-0.81863645924165507,-0.37550338524687954,-0.43454752935486812,0.43570833084101573,-0.89901362295845377,-0.043963122851444242,-0.37415584725622325,-0.22532579391460905,0.89957528231978956,-0.59308517266057859,19.103254232474882,-1.8085275467783635,,0.1124395802029853,0.2916666666666667,False,3
-0.65212551147904529,-0.61423385402847275,-0.444352438773012,0.70151655617041242,-0.71113262322922266,-0.046528632022984573,-0.28741405445280399,-0.3420631005303762,0.89464294361412555,-1.9949344975868204,-2.7091239577805224,-1.9329078866414562,0.7160391765143475,0.7285426558442374,0.8406417112299466,True,5
-0.9006057905404149,-0.12683974699106204,-0.41571731817223817,0.18632902651802394,-0.97679243134009941,-0.10563162383274706,-0.39267124152644545,-0.17259265528967566,0.90333884640158102,-14.685909376726041,-1.6518682458420948,-7.2984651919408874,,0.225128282220536,0.2,False,3
-0.89895254735357988,0.1945595238650436,-0.39246771750032766,-0.20446853776647739,-0.97872808827784896,-0.016850705612087822,-0.38739764412054439,0.065099315583147355,0.9196114094770993,0.20923353982447723,-5.0907129131519939,-0.75922918202567891,,0.06389637297764007,0.1549295774647887,False,3
-0.90647558175537279,0.15380008793139552,-0.39325253035874191,-0.16141849440920114,-0.98678886559179346,-0.013849346797882165,-0.3901872490791119,0.050924136677574644,0.91932618964093393,-18.084118092056425,4.664179432642376,-8.9392983931745267,,0.1673014077990861,0.7058823529411765,False,3
0.60302442192825279,0.7536882759570559,-0.26137239571725701,-0.74788838150497006,0.64813635661095959,0.14346509000083593,0.27753290862161467,0.10896442503841702,0.95451675664080127,10.452486036648315,-19.759775271303695,4.2441659446104376,,0.1863873579478233,0.1538461538461539,False,5
-0.59427239472037419,0.75966073902051146,-0.26411338940713419,-0.7710214738491783,-0.63155142020508581,-0.081662050552151727,-0.22883663984763214,0.15510759242458688,0.96102831749927886,8.9342028587377982,-3.8509555690519868,3.1807469734834295,0.4512346821298054,0.4232991186123631,0.8064516129032258,True,7
-0.8881873387646988,-0.20813069103849574,-0.40963992323249154,0.24182887552695559,-0.96980433018698509,-0.031596773758443886,-0.39069431301140228,-0.12712661640432418,0.91169993812774675,-8.5839081109019073,-18.752094372505574,-4.3188436300990833,0.1583461892433713,0.111281814650325,0.4137931034482759,True,4
0.60573688137245241,0.71822945386857995,-0.34238761972480225,-0.73949968595668614,0.66699516581949658,0.090871685597792892,0.29363760831190744,0.19815120582288359,0.9351540272146609,5.2939797892951619,-8.2285862056299699,1.5865669311951713,0.1707538170086618,0.1742114079319962,0.5277777777777778,True,5
0.87663591927923545,0.30443720502984262,-0.37259556253807863,-0.27349969757877729,0.95239516164712779,0.13468990866230079,0.39586283035133141,-0.016169238224453458,0.91816729155501597,-0.23994882290384073,-17.04821832153252,-0.6049326937603543,0.6114629457077435,0.2663557414108445,0.3972602739726027,True,4
-0.30018127379054055,0.8746526194325237,-0.38062317084659092,-0.94858705254830711,-0.31570605974038951,0.022633770806310363,-0.10036835459049549,0.36784844591627985,0.92445319742741661,-2.0466505048884502,5.5327549693955724,-2.1746306398889219,0.4328398351184071,0.3985447970642019,0.968392737054472,True,5
0.90946576344373242,0.026478528401658076,-0.41493482940986226,0.053675915953927983,0.98214189258278939,0.18032248578700291,0.41229955271648766,-0.18626913423210945,0.89180316688280747,-5.4834073759488327,-31.441445848613235,-2.2588851679595141,,0.2974728314920106,0.7083333333333334,False,5
-0.26469019556808804,0.89036196989835692,-0.37039797911009753,-0.96060227898733641,-0.27719665744613742,0.020131435741742264,-0.084748816950223432,0.36113373652901165,0.92865497487825432,-14.636683737836623,-5.0206839668290426,-7.2579232646250063,,0.06647482378289696,0.103448275862069,False,2
-0.59968278284885956,0.72678996464342982,-0.33489835360635828,-0.76151099865663952,-0.64689832645927592,-0.040293351178025114,-0.24592998775996214,0.23086555073849779,0.94139234042061049,-0.80296094801017937,-15.072074184700689,-0.93794433091549767,,0.0896739640833146,0.1363636363636364,True,9
0.91412821029642088,0.10215240571921322,-0.39234487526414707,-0.077899342657450493,0.99396051276696473,0.077292894069047574,0.39787096847319603,-0.040092207045872894,0.91656494989738235,-2.8148065479403854,17.67609291508845,-2.8686827342745285,,0.08047359799383613,0.4347826086956522,False,2
0.43560412670568005,-0.79314070302956818,-0.42564876364761595,0.88408014187103257,0.46589862653216019,0.036616561072030152,0.1692670893773412,-0.39225794446156076,0.90414730960198864,5.7339084972024024,-15.582758873293082,1.9117048226857822,0.1725921506617668,0.1445148560271103,0.2222222222222222,True,5
0.52397700483574483,0.78737404510001197,-0.32479256688878522,-0.81289254172819259,0.57613648186838173,0.085278777330602296,0.25427114269228529,0.21933733691090512,0.94193275695815548,-26.128405718743714,-10.404086592706843,-11.977380191796511,,0.2406618177935714,0.2608695652173913,False,2
-0.7316629888532763,0.56479968450213247,-0.38166816362985179,-0.61239709416707955,-0.79053958764927956,0.0041181810335959058,-0.29939784534630287,0.23674559498668613,0.924290243081897,6.3317669198934237,0.13869004610440788,1.8280462943380755,0.3050018460795804,0.09730248334655922,0.4444444444444444,True,5
0.1450725657825086,0.92332754673681416,-0.3555561729097908,-0.98358964390960157,0.17354174696889971,0.049342420418605433,0.10726305538750867,0.34256313797015542,0.93335155940994552,-21.452283121274977,21.773531610218146,-11.082756632588673,0.3901509642187257,0.3271623302102854,0.6,True,3
-0.91303018633301603,-0.071064969031707323,-0.40165364310711688,0.06824212468063845,-0.99744028498165049,0.021351588109427579,-0.40214287419245526,-0.0079150535212920078,0.915542713729941,7.9514720990339152,6.7956718409985246,2.4802922372168656,0.4583010439587895,0.4776929888673627,0.9507575757575758,True,5
0.48788673472743532,-0.70933321419750295,-0.50873659718290498,0.84604763203148603,0.52772464430301047,0.075565230954302579,0.21487191163788014,-0.46728266716357164,0.85759953973727299,-6.5616197055993473,-3.7368045350350108,-3.847961494038203,,0.1842683818534234,0.3481481481481482,False,5
0.78057478769913069,0.4987738947715592,-0.37673280014204746,-0.51079586740597949,0.85638403925390505,0.075458327255114865,0.36026460088306106,0.13353268965154769,0.92324343384883789,-3.0714105536075054,12.627183955772237,-2.7326240537582636,0.3168201377720546,0.3706487177955912,0.8774373259052924,True,5
-0.84328781453679913,-0.30095545463755402,-0.4452993107760807,0.3874698848686346,-0.91460067611576135,-0.1156403544117694,-0.3724684552732439,-0.27005817442265206,0.88788278069453974,7.9943801512196542,0.52837539202737627,2.6131728274543709,,0.1640879850473867,0.1379310344827586,False,7
-0.91376611043471478,0.093377384429955981,-0.39536332593961326,-0.071138584769134594,-0.99496646531410615,-0.070576445485712944,-0.39996349480678511,-0.036364776602825381,0.9158093720008379,7.1942902773268917,9.336549574561797,2.0256284426371889,,0.07801943392312359,0.3,False,5
-0.279664103189528,0.90840309147825904,-0.3107922341049405,-0.94922713822545279,-0.31018464545282154,-0.052472142910561972,-0.14406883578177454,0.2803378481726122,0.94902837757278624,8.7772822696095165,-8.3482510518479831,3.1911872691445073,0.7458288933075518,0.4555139102498475,0.5842696629213483,True,5
-0.80080118405498579,-0.40596545045103882,-0.44035158300637267,0.49705745263182549,-0.86065635310325872,-0.11047411753962962,-0.33414271262335477,-0.30734784024470441,0.89100277928726013,-3.5621219895230425,18.822810027295759,-3.176764852610908,,0.3893376136962053,0.2666666666666667,False,4
0.51325396603602869,-0.73283844582444335,-0.44667457804301297,0.83523192078163377,0.54620892486859407,0.063588119183688868,0.19737782260353276,-0.40571372014699109,0.89243395970165729,-3.0237595380112969,16.108873084391586,-2.8575203383158696,,0.1214127426786596,0.6285714285714286,False,4
-0.074968726558305665,0.99211833183011411,-0.10040371350133526,-0.99704103944112998,-0.072860830288370967,0.024504388991375532,0.016995755598896708,0.10194368571089341,0.99464497647919647,-12.413541851221874,0.61752260562153083,-6.453282212376255,,0.4721603211708835,0.2142857142857143,False,2
0.37490073885473624,-0.79038694992576886,-0.48449758037911206,0.9213555531458989,0.37557213373432174,0.10024727951153709,0.10272964856061931,-0.48397731532509869,0.86902967587840307,13.781534220173862,11.059603292140734,5.0037600100148198,,0.5949555446174623,0.3513513513513514,False,4
0.2011308913549239,0.898201775006776,-0.39087074067708266,-0.9723572438550091,0.23138279303733081,0.031359104083739597,0.11860756664507074,0.37375871155187945,0.91991122977905571,-15.962060256025753,-4.1487571976101068,-7.8094488379510087,,0.0675508366663154,0.3103448275862069,False,1
-0.18801035771995389,0.91208558006095797,-0.36435147870549578,-0.9808106301664985,-0.19384360064924527,0.020860638526484277,-0.051600514943279635,0.3612818195428637,0.93102783724515259,-24.362283817850095,-0.58503232510677849,-11.559942390160581,,0.1611788511794719,0.6086956521739131,False,1
-0.7627123895351523,-0.40600657132040541,-0.50341680036946346,0.54309936901191502,-0.82472855111116472,-0.15768922715563108,-0.35115934592210341,-0.39367687387847528,0.84953259663466318,-19.201359587120749,-10.984696789279202,-8.9638617804463863,,0.1701913996089205,0.2352941176470588,False,1
-0.9091102493419031,0.23186866772258147,-0.34605704077515842,-0.13060782612852803,-0.94753200870212562,-0.29176135494423683,-0.39555043963505421,-0.22004548032957158,0.89169492332918732,-12.407187248007887,14.926435076312643,-6.9610750114567024,,0.5698791814422399,0.1855670103092784,False,2
0.37081133366663011,-0.77454045863891063,-0.51243149079247763,0.91904575399939836,0.38542409631913555,0.082481319292643782,0.13361832539009133,-0.50153299383789673,0.85475774299619167,-21.587440273456423,-13.670476499984835,-9.9586417913681,,0.2175063927020293,0.4285714285714285,False,1
-0.78934833170014362,-0.45355314226235921,-0.41378588471109212,0.49646538185436612,-0.86804537103528634,0.0043998232250045642,-0.36118047547230375,-0.20195737413660608,0.91036359943126477,-7.1093875544325167,-15.04401200679952,-3.7503384313017132,0.5993327094099543,0.4312337968338094,0.6609195402298851,True,4
0.56829319308615112,0.74082832033748414,-0.35807296250609216,-0.77611301790564446,0.62715371196328995,0.065778453980461962,0.27329732916612975,0.2405236399121907,0.93137368897454442,-1.7995215851731292,17.971189655541053,-2.3210970089659964,,0.08628770735806535,0.3636363636363636,False,1
0.82163609328701126,-0.26050582509647063,-0.50700181981810077,0.39605154526276393,0.90059367245260991,0.17909274310618914,0.40994792803847141,-0.34794791597181546,0.84313400125237248,-3.2109122278271394,2.4272492630425151,-2.5433414531356555,,0.6427374690538001,0.4010989010989011,False,4
0.88619567991353199,0.30487744995341587,-0.34886524248267586,-0.24010122675668541,0.94618884458086605,0.21697481720389036,0.3962431296723371,-0.10851917296325692,0.91170991619420427,12.855585554284954,-19.657283484396622,5.338098836113212,,0.2560385560057464,0.5263157894736842,False,5
0.86196169144499901,-0.25453535655027798,-0.43844474537517231,0.34244363585451387,0.93003339202183766,0.13330508612613612,0.3738373961283406,-0.26504649024308596,0.88881716863807503,-13.087924115825697,4.9089295069934602,-6.9538078607905822,0.4217710167042036,0.08032367728019878,0.3287671232876712,True,4
0.57591170277085735,0.72249237538821054,-0.38253166943074624,-0.76892289027062455,0.63763542926306871,0.046675991327154651,0.27763879309174744,0.26725610723499676,0.92276263129591196,6.6894307019395374,10.138180828553867,1.7334360562826132,,0.07362949904054064,0.4761904761904762,False,4
-0.5746890001435746,-0.69621109875238385,-0.43014260320035747,0.77000909960561337,-0.63802092839459212,0.0039091501708978967,-0.27716157677162723,-0.32896717298919687,0.90275249069551966,-10.917834978685065,-8.8958728100386644,-5.5462877156681705,0.9693067354649769,0.8933058729185092,0.988013698630137,True,5
-0.33855594895759361,-0.83616808758265215,-0.43151222315688065,0.92427314982896513,-0.3814735406398066,0.014038600249797875,-0.17634912512022047,-0.3940823100573026,0.90199784865000265,-4.050019540774926,-1.4827656427572382,-2.7671000150505085,,0.06804977598641809,0.3347280334728033,False,5
0.90409521538017601,0.16955652070168603,-0.39225301504795645,-0.06293044288335449,0.96073339780010558,0.27024266448873213,0.42267197788022154,-0.21964044399655389,0.8792647351485321,-0.62030003039095183,30.878406698386961,-2.0085142564522611,,0.3872124173960676,0.4285714285714285,False,2
0.85983911864468454,-0.22140673405856043,-0.46006059183748249,0.35639406145014679,0.90550573972051096,0.23030985279896368,0.36559535419832895,-0.36199228368396641,0.85749730235252963,-16.987148279518731,-18.270018011601401,-7.9718714598622347,,0.1627112424067916,0.6,False,2
-0.81241049801060095,0.52607149055495894,-0.25147160783565781,-0.4729476586755571,-0.84677284348569348,-0.24350824152061437,-0.34104207200208553,-0.078895743614195907,0.93673142723199343,-6.7506302631996942,-9.2815169484664963,-3.7594015609330063,,0.07431567593401109,0.5,False,4
0.74832395563611342,-0.39282047656337676,-0.53451223616830501,0.58674591754518179,0.76785902091877967,0.25714150236341832,0.30941959483068149,-0.50604801865650517,0.80509311085652835,-14.83003345194086,-7.7362484833077749,-7.2569868493161707,,0.7308836791912279,0.2608695652173913,False,1
-0.33075751742700676,0.88007408204392756,-0.34068911749579261,-0.93660082258625343,-0.35037293233239886,0.0042080184826106988,-0.11566487710743045,0.32048154143933932,0.94016659045106921,-10.380689523939635,-3.5377653907876594,-5.5390334923858786,,0.09256639688569779,0.186046511627907,False,3
0.30909873137826771,-0.81531362738664959,-0.48961378989768101,0.94089345350637621,0.33712999124501863,0.032601812096567415,0.13848279102181513,-0.47075158842085557,0.87132970716603664,-15.382981006623355,1.4481841085817233,-7.7272079959522078,0.5347592060909162,0.4580871094943464,0.9933554817275747,True,5
-0.40768547624647949,0.84853736033456006,-0.33730831678768214,-0.90060025288143664,-0.43462145248518791,-0.0048350335634085896,-0.15070413719461984,0.30180878243703207,0.9413818151400114,0.36933122169144667,-6.205229269633608,-0.66015154278204946,,0.07290016037740817,0.1964285714285714,False,5
-0.51914786797104784,-0.60852033805628758,-0.60015705390587448,0.81757760634194587,-0.55823638805704878,-0.14120549797085086,-0.24910308867874606,-0.56398150077895592,0.78731983208212586,-22.160606648855271,-11.099429307350908,-10.357872477700832,,0.4774908036628414,0.3684210526315789,False,2
0.82725136163995272,0.48296856220001627,-0.2870479970166937,-0.42599687950962872,0.87231056420388009,0.24000195463031007,0.3663083991842197,-0.076260392765573337,0.92736320240903314,-5.9568399272006456,-13.261659617383309,-3.2924368921640474,,0.1597837723603988,0.4137931034482759,False,5
0.14363000192106445,0.92421949390359104,-0.35382022219871168,-0.98543865037880207,0.16644417798272465,0.034741933671871832,0.09100048839297907,0.34367813824019372,0.93466798832954268,-7.7823386393848608,13.766899767502984,-4.9108644907218224,,0.1922807604260894,0.1818181818181818,False,5
-0.75904397924127109,-0.49877454259126525,-0.41842107169745879,0.54731466785930016,-0.83691332742834323,0.0047683035643349518,-0.35256047980969119,-0.22538863776972401,0.90824064544627559,-8.5857040649890539,17.569675151003235,-5.3802129814201134,,0.2626020532337771,0.375,False,4
0.37545378112940958,-0.81685330833440739,-0.43793279267344548,0.91596905561272524,0.39917677238119725,0.040725833954160712,0.14154556649913605,-0.41642355487467742,0.89808478193875152,13.705148229437491,-6.3299044149932628,5.4859919718837826,0.4857031329742084,0.3790792409498405,0.265625,True,5
0.32579278831855774,0.90039600428722488,-0.28835064512363973,-0.92968604384010167,0.36054712633462827,0.075429633306695068,0.17188053691026328,0.24350113994690303,0.95454925272402691,-20.231926075659402,-7.8569247404845202,-9.574260487435394,,0.5181718881237898,0.7105263157894737,False,1
-0.88315675134210558,0.31620032197095183,-0.34648450029449562,-0.27750649921274267,-0.94771810050040017,-0.15754537403111124,-0.37818553046560094,-0.042985560010091114,0.92473128322614473,-26.943701680617664,-0.31346887134644336,-12.646470028624998,,0.5204528885018689,0.5,False,1
0.059025096197348401,0.94892723207138652,-0.30992442022569444,-0.9968105136483878,0.072731523759179795,0.032846998823439,0.053710687008573135,0.30699712325200534,0.95019362680248598,-12.009593654220396,11.50182957650054,-6.6644226421828527,,0.08929348265564421,0.2962962962962963,False,4
0.61386314083887095,-0.64735680456890721,-0.4517756211857506,0.75003396505240205,0.65678190521299551,0.078016538327207646,0.24621351625613275,-0.38673853772687622,0.88871379411465723,3.4832398914271172,-3.7323287112282513,0.65406711505509529,,0.06737330872683671,0.2708333333333333,False,5
-0.61503133954768074,0.74545405634903028,-0.2569721799085713,-0.74021609207784667,-0.65814029172845678,-0.13759176368003945,-0.27169208380662696,0.10559169605778529,0.95657399364631179,-12.213909262941529,-12.711495860710503,-6.0973418542866185,,0.2497937923477943,0.1111111111111111,False,4
-0.90713164308599981,0.20121495965372138,-0.36962781567902392,-0.15147641694849748,-0.97553904735511188,-0.15930619006782665,-0.39264115579055148,-0.088521788826439907,0.91542166004657544,-22.665376217139773,-13.145487607155879,-10.54984846341371,,0.1748093642144267,0.2631578947368421,False,1
-0.1341056933417801,0.92624631340262131,-0.35225477984177178,-0.98987922864671862,-0.1418605335437586,0.0038342817396718985,-0.046419561685774796,0.34920388876805886,0.93589629145657327,9.7385283920463177,10.728750365271589,3.2012797240751127,,0.3783401568297002,0.8089887640449438,False,6
-0.24496544379522001,-0.84206942837839061,-0.48053200636034887,0.95958111543643343,-0.2814044841858051,0.0039495794576387133,-0.13854968150083283,-0.46014192818152566,0.87696829571279611,14.501645285826148,-17.05733687842195,6.0854196792129622,,0.1083160885818929,0.1111111111111111,False,3
0.90888272908897527,-0.072574697311019148,-0.41068856579407259,0.11811094093590972,0.98921888227837973,0.086578337793867921,0.39997748736024169,-0.12719636887163496,0.90765582317906179,24.315278394921922,-9.9602684098995855,10.386553242588914,,0.5625604877589925,0.9545454545454546,True,5
-0.23745993659831083,0.92196498423782136,-0.30593029655475579,-0.96860158615083203,-0.24860437865944232,0.0026134684704257199,-0.073646084870951811,0.29694516455181968,0.95205032610281382,1.6835789867516142,-8.3658964865069354,-0.081513156971568163,,0.07772781898705823,0.2258064516129032,False,1
0.58941577322313765,0.72426903198916537,-0.35780359916754328,-0.7566513435735972,0.6501122493121303,0.069518397295915968,0.28296252498173874,0.22975733415018471,0.93120555027349317,-3.2423826525127142,9.8707107754091883,-2.6661985795381082,0.1097673980149028,0.09271637470314698,0.4135338345864661,True,5
-0.79889389998652316,-0.40606022055287994,-0.44371571287128059,0.51081098246526013,-0.84753191855204479,-0.14408951116706942,-0.31755421073762791,-0.34176709075046396,0.88450809997578039,-12.895720602899846,-8.8391832026501582,-6.391810297383806,0.7252563895824046,0.7690315891904804,0.6344086021505376,True,4
-0.82699950996650662,-0.37573766379546614,-0.41820212639426402,0.41849288906373888,-0.9081454461408025,-0.011642613830597868,-0.37541378813016935,-0.184643052019968,0.90827937938858261,-22.144568893543187,2.7907224986883712,-10.752305698603083,,0.2092192520844098,0.6470588235294118,False,1
-0.68919956461728749,-0.46282884247587425,-0.55748849557976032,0.64895502539284722,-0.73650749065457399,-0.1908247657592485,-0.32227524749616004,-0.4933013062846533,0.80795574511797619,-31.100595788875655,-3.0989019500473267,-14.336388808279098,,0.337745805451996,0.55,False,1
0.56914243087611216,0.73918162744538163,-0.36012138928926329,-0.77790526400047744,0.62593681281926661,0.055376047150442899,0.26634619129392412,0.24862346631976953,0.93126047826500447,0.24322500281870782,4.5982590591358461,-1.0580986243178514,,0.07657010634290615,0.3146067415730337,False,4
0.71815385376088514,-0.51594937571481037,-0.46695961712752715,0.64048696498027458,0.75244249099478244,0.15364486791273987,0.27208728382404379,-0.4094222019444772,0.87082832437638935,7.8820918801985167,-9.3897647715689576,2.7668492165949012,,0.3703700426820775,0.2689655172413793,False,5
0.13040012867247844,0.94704268143551706,-0.29343818085182399,-0.98811101799394596,0.14844801607504204,0.039997532953331541,0.081439686647051243,0.28473381615609117,0.95514094843432429,-12.514491249609049,3.0872380627557341,-6.6083661257295274,,0.08521643374304706,0.3414634146341464,False,4
-0.64219512058235606,0.7376986876064886,-0.20829323897783356,-0.71562688879385083,-0.67436187316385798,-0.1819731300444255,-0.27470635801787668,0.032197986374872561,0.96098892113174583,-15.043741905850055,-8.5460428528643337,-7.3629316832146428,,0.2916166080902827,0.3529411764705883,False,2
-0.76305400606454954,0.52783867743209612,-0.37300792811357036,-0.56270878974044958,-0.82645086255062294,-0.018379057053350693,-0.31797390109517049,0.19587062668013161,0.92764610484076937,-18.624925771539452,-6.7396038814501695,-8.9018432095821183,0.1620311841258434,0.09556411988730962,0.5121951219512195,True,2
-0.54703452733018665,-0.65452194732700741,-0.52187570012015549,0.7942074628296788,-0.60281723163575263,-0.076458428107391202,-0.26455194554999051,-0.45630297578502649,0.84958805452727826,-23.087435542288574,-8.9925757781603775,-10.756930745163979,,0.1277081377020173,0.1428571428571428,False,1
0.90231363133442832,0.16200886931978412,-0.3994787065286507,-0.15694169740238267,0.98655415844599992,0.045609166505920028,0.40149646863271121,0.02154109362662137,0.91560721216077834,-10.108876025885092,5.5165033325695454,-5.6604957079122995,,0.07305466586035742,0.5663265306122449,False,5
-0.61227596923772332,-0.56631235031492422,-0.55173223521450532,0.73503470003023919,-0.66478998628201758,-0.13333515624400158,-0.29127671936744948,-0.48718025003066634,0.82329416172750491,-16.735700554117152,-9.2174693234554521,-8.0481990128645648,,0.3732799415631314,0.1578947368421053,False,1
-0.61273418129002322,0.68859779334380478,-0.38780136936438081,-0.75150898406941924,-0.65952085629877066,0.016324428623598473,-0.24452212566922374,0.30143874851946317,0.92159840003616822,-3.5471210241636104,-2.4423738788738447,-2.5241249785051805,0.1962307381708729,0.169835740655988,0.8235294117647058,True,5
-0.85656109894185162,0.36264314931315961,-0.36714170293738446,-0.3662810950811215,-0.92840452245110716,-0.062475611869815234,-0.36351237003120485,0.080962886241579463,0.92806452786739491,11.554198372952326,2.4950183455271167,4.2590266568606969,,0.07928503394540064,0.3333333333333333,False,2
0.72746135238180054,0.56649946020149256,-0.38714124345290352,-0.5970308097366529,0.80067354060971097,0.049760361661740068,0.33816296813228897,0.19493651007168455,0.92067668810773817,-1.1414433754939863,8.4264509727474248,-1.7990435489499446,0.3173518655001032,0.2602171018617625,0.9114470842332614,True,5
-0.88478269049376124,0.26360938044917792,-0.38427813513368636,-0.26116160371630109,-0.96345322986757553,-0.05960277344275227,-0.3859458606423351,0.047623191797054605,0.92129138943990452,-3.9240557595402437,-6.5459420266223667,-2.6209890964235463,,0.08483387573438454,0.3409090909090909,False,5
0.55528249542540209,-0.70341898591680063,-0.44369255180351785,0.80560063430976625,0.58744904249040786,0.076884591933655044,0.2065646830265036,-0.40013166924011656,0.89287495148944418,-11.214782633769662,17.66053194642236,-6.5247411812281868,0.7280298494009487,0.6674632984616322,0.9739776951672863,True,5
-0.85099303199582799,0.31993547187742022,-0.41647587364590588,-0.30236060948598292,-0.9468753916653615,-0.10956757955633362,-0.42940531124546294,0.03268465225669491,0.90252024474858528,-19.747510203129348,-1.4442218747590658,-9.5283371907404675,,0.201204014269445,0.4444444444444444,False,2
0.10478736796689352,0.93388966005637253,-0.34186212184792236,-0.9915090619774668,0.12472266507385235,0.036797239481238919,0.077002516394822043,0.33510350588537335,0.93902942063185468,-7.2538318814167697,19.444881550183204,-4.8459374054245954,,0.1112932106231912,0.3333333333333333,False,1
-0.15633763922920729,0.91205372645553617,-0.37909964734725088,-0.98675806281319944,-0.16101639366195342,0.019551123886950624,-0.043209582656885376,0.37713621018230353,0.92514929116113409,-16.340359778822982,17.556858783083047,-8.7235523054148185,,0.1125657266081481,0.45,True,3
-0.78236803285642598,0.53283459350300322,-0.32247101750522639,-0.53062529155315918,-0.84134765063168759,-0.10281503168634953,-0.32609363858942636,0.090672083592634234,0.94097901790022864,-18.147413516602562,-0.95059302756170772,-8.8630449550141392,,0.4468368537335939,0.4615384615384616,False,1
-0.8826170936515273,-0.15068287554944182,-0.44528837511244507,0.24573594540171639,-0.95540085272865438,-0.16377745798150431,-0.40075043497375623,-0.25397614380392131,0.88028132278654758,1.9847623661580442,9.8790458481322769,-0.34168959019973949,,0.3752072398367157,0.2127659574468085,False,3
0.88019322784727105,-0.22222493043925595,-0.41937568115362911,0.28816865319298213,0.95232475663422533,0.1001817609073974,0.37711895864401351,-0.20903023272443641,0.9022680604113299,-13.228757132256847,13.066243431228628,-7.2833414937722436,,0.1061117463481082,0.3478260869565217,False,4
-0.51952101184422494,-0.68551994376087622,-0.51005913868730746,0.81459225968293236,-0.57756562312895587,-0.053454667189265614,-0.2579483838232115,-0.44326104914118747,0.85847671698028416,-1.1726837873032809,21.94464654700846,-2.0633175543452658,0.7944167293190925,0.6772225702145855,0.4489795918367347,True,5
0.1992174667749132,0.91384160596759845,-0.3538444858046354,-0.97285103424749997,0.22783019951361833,0.04067266100410101,0.11778482964862726,0.33613526948558253,0.93441950670590046,17.026086212593601,-12.169549330819271,7.102256040241401,,0.478444133483715,0.4666666666666667,False,1
-0.78649716129592306,-0.44523727577971556,-0.42800231720133602,0.51136347955103112,-0.85807541211857541,-0.04705293719843763,-0.34630854314457499,-0.25587175571718557,0.90255195837762592,3.1581960977258712,7.3877349175486486,0.11891580581649408,,0.1424741839168705,0.3125,False,9
0.74696841967339966,0.5686403926186927,-0.34450875735325354,-0.56831029868123173,0.81501383288681983,0.11303033493706202,0.34505301682998379,0.11135778412663525,0.93195378613476998,-23.611233730154517,-4.9601205293505917,-11.077654491144276,,0.1114147291419747,0.1578947368421053,False,1
-0.20513740854803117,0.93352470178102043,-0.29402427583255059,-0.97683055290979104,-0.21400425156670333,0.0020618470670880872,-0.060997659923565282,0.28763485789457588,0.95579572818035607,-7.9335957410142566,1.0575577739820659,-4.5815054657987124,,0.6863761303319811,0.2138228941684665,True,2
-0.71481880425550215,-0.55279108523230003,-0.42831774790502314,0.61541453933271417,-0.78814168235666893,-0.0098809569325766719,-0.33211296551119174,-0.27065606333443987,0.90357416603158058,-9.5239453050059755,-14.125783287255128,-4.7623695772433896,0.2470117125591344,0.2061236664228399,0.45,True,5
0.49291022314146649,0.84563398649024546,-0.20479910355088402,-0.83907603367859096,0.52426497667117677,0.1452502803514521,0.23019757085780623,0.10024667140901178,0.96796677796429553,18.170531774666497,-17.882493071513423,7.7919683739200609,,0.3177413249475277,0.2105263157894737,False,4
-0.79287845480866859,0.56262393356812845,-0.23408986581341973,-0.55675939461189061,-0.8249868305498792,-0.09703456049607545,-0.24771502257961608,0.053395119585891854,0.96736044409144051,1.6547949164930407,-19.872591217660194,0.33609213321845816,,0.2538525732792282,0.4545454545454545,False,2
-0.46927866867547724,0.80426058590347937,-0.3646127275457674,-0.86324283381654643,-0.50478316222250308,-0.0024018744822787846,-0.18598209857550857,0.3136221757128192,0.93115615763984905,14.107324312378195,-9.6430596177511809,5.6844124393822506,0.2897095209443573,0.254191526212452,0.873015873015873,True,5
0.78541459239564482,-0.45073910339959883,-0.42421477899586263,0.52569054507010393,0.84756042928725372,0.072737676140380542,0.32676194526884528,-0.28013493065473211,0.90263561404987125,-16.307797690299758,24.30814972951006,-8.9395289695219553,0.7048649301111448,0.5370730415277292,0.8818897637795275,True,4
0.42714978189482544,0.85323943070733255,-0.29920818456959142,-0.8738420596287173,0.47456148748468729,0.10578964703676429,0.23225657934931654,0.21627267160357647,0.94830533736049738,-4.3146528937404121,12.853910733193105,-3.2718880240931845,,0.08403244958592972,0.35,False,5
0.852185423346838,0.37767584378618663,-0.36213389962217524,-0.36243980609131993,0.92524695899475295,0.11205111258461249,0.37738228786690298,0.035763415543752522,0.9253667310385586,6.5755887418584429,-8.6009362501785684,2.1532217927309993,0.1301531275271183,0.1209352843301209,0.2142857142857143,True,5
-0.076534046495665906,-0.78458795331694065,-0.61527577819782175,0.99245563298460482,-0.11922590384641998,0.028583219012794286,-0.095782860074902804,-0.60844632249849284,0.78779357470972866,-1.1285567725612775,-9.9767201231470022,-1.2332334158904148,0.6234076417753394,0.3545721497293889,0.28125,True,3
-0.23204305042676665,0.94534332050353853,-0.22908956573355058,-0.97123234326942509,-0.238131322408172,0.0010993977980952828,-0.05351409287303846,0.22275430336467364,0.97340472682050205,-4.8825151561165878,0.29712536901028691,-3.1946672752369412,,0.1542276151810922,0.2488038277511962,False,4
-0.14175636559202923,0.97787861020837097,-0.15381338209363965,-0.98941392534915251,-0.14484232340453629,-0.008988085221989614,-0.031067943918466026,0.15091098385379642,0.9880590355909703,-14.673200169409322,-3.2288396720984558,-7.2853859071611415,,0.2808509654662474,0.1851851851851852,False,1
0.32478671353475186,0.93724378275009479,-0.12683722800341812,-0.93031262552383298,0.34074687252879576,0.13568340964465864,0.17038782087417675,0.073930105898346643,0.98259978116200064,15.329564378100896,13.125162514116948,5.6928877034335281,,0.2981575791879689,0.3076923076923077,False,3
-0.0086742784697627466,-0.76446886998530372,-0.64460228336271153,0.99798300990841904,-0.047157949903100349,0.042497525752317029,-0.06288615767528806,-0.64293349157150703,0.76333600503874399,-7.2393813047593412,17.503318363646162,-4.8064106424289585,,0.4403422659131881,0.2173913043478261,False,4
-0.88881263102988683,-0.081060617544892744,-0.45104465766149154,0.22966124248738493,-0.93050528807089983,-0.28533422958215809,-0.39657007025352031,-0.35719614381363879,0.84566133541967337,4.6461275355679215,13.832946119187367,0.78428905976738539,,0.3765344615476383,0.3846153846153846,False,1
0.54860509579163985,-0.66174911029330064,-0.51099957328501899,0.79885701598568815,0.59522099024688579,0.086829953241721561,0.24669802772192681,-0.45585094910018831,0.85518418795167728,-15.49429844795629,10.59180479378796,-8.0826241328016231,,0.199878121898021,0.1333333333333333,False,2
-0.27810424682385931,0.94607477922311556,-0.16613410250899113,-0.95615014298443057,-0.28919518675476996,-0.046293066745762571,-0.091841885702481973,0.14597484740806485,0.98501594502566581,-14.785797998983421,16.348084713302825,-8.0068014274453372,,0.1285451716753294,0.1818181818181818,False,1
-0.19766762366610879,-0.88806794251025956,-0.41504558790545976,0.97336633783747684,-0.22797239920788823,0.024218950519357463,-0.11612701201293966,-0.39920410153829128,0.90947820336495855,-1.5205562861513537,2.2878382691998036,-1.8655586783781066,,0.07260914201132562,0.2180451127819549,False,5
-0.22160682307819646,0.90254400979210148,-0.36919469979075403,-0.97257080099786297,-0.23201469014484308,0.016589774060207271,-0.070685592673225606,0.36274439202472664,0.92920398892979739,3.7067524646256533,-13.059571821264042,0.97467490904107157,,0.09146011293213877,0.5,True,5
-0.10510413637683988,-0.89822047449126019,-0.42679397807510594,0.99118700493355139,-0.12941738636563746,0.028274747693723602,-0.080631518448650477,-0.42006085191431802,0.90390676450709362,9.6062550527752091,2.6809404440831641,3.3284594724635492,,0.08493012362134157,0.3636363636363636,False,2
-0.86265123020702583,-0.2395420555390057,-0.44548003170788053,0.32290353791929766,-0.93872713776787808,-0.12051832233037953,-0.38931498843675044,-0.24781235733166401,0.88714309743818531,-7.778566416858907,6.9386916451231411,-4.6461491254508811,,0.07954189359495831,0.271551724137931,False,5
-0.68795126430073317,0.69472342671066123,-0.20995813469932731,-0.6696061393129622,-0.71916078518796756,-0.18556773222254305,-0.27991190782354047,0.012927699997449194,0.95993864305556698,10.879185936644427,3.1868525614095544,3.8020310648108127,0.59418324264116,0.2983099385018368,0.1739130434782609,True,3
0.91447080853408913,-0.022195083856753568,-0.40404271877067793,0.070959412391782564,0.99181823319434603,0.10611952740310893,0.39838160365662256,-0.12571384393072199,0.9085637717365469,-3.8806649102635467,-15.81037410631512,-2.3092312908571389,,0.3345597346408782,0.375,False,1
0.87625216464209799,0.31612172154410112,-0.36366083254597553,-0.2947594410704425,0.94869347373630497,0.11444459266380436,0.38118108014417323,0.0069101416872217047,0.92447457189583349,3.8848432466989986,8.2574019903776517,0.5883673360014583,0.1813346766872249,0.1830915572235832,0.3125,True,5
0.67113166957045911,-0.57740191527861384,-0.46496162242937744,0.69571973096038187,0.70717141992117516,0.12602634168730506,0.25603971967642886,-0.40806324396992677,0.87631504087785583,-12.818868860591909,6.2046862809574987,-6.7510018860993446,0.3189437452591958,0.5099948339821435,0.396551724137931,True,7
-0.70646007063534044,0.66321199046040402,-0.24711136013437146,-0.64277564823004385,-0.74736128911369659,-0.16819800705347446,-0.29623239971407062,0.040011988751657401,0.95427742617950495,-3.6033082706487387,8.0467926172745177,-2.8523620489276356,,0.401297257945367,0.1954022988505747,False,5
0.63462330188691851,0.68189861810928187,-0.36368604499320156,-0.71202820976859538,0.69886285278112892,0.067871507249739019,0.30044815392322599,0.21588188349945878,0.92904570349410243,-2.5036327733440076,3.2811726616762011,-2.196657622318511,0.4266710788059186,0.3210044536202472,0.8136094674556213,True,5
0.47814432893427644,0.80788171725828639,-0.34453611077475632,-0.83710027144344379,0.53790836542736231,0.099587780136813728,0.26578400301241928,0.24079393954804559,0.93347583922650545,-8.7427780655420424,20.344639131109414,-5.5098610414769462,,0.2405224766165301,0.45,False,4
0.12329172606878433,-0.89569671168429665,-0.42723126168495551,0.99214145039783264,0.12050399378905338,0.033676844914185371,0.021318834055035398,-0.42802591996142803,0.90351498003946107,-7.9844814315294199,11.208927412370976,-4.8745877453297686,0.4738983030183277,0.4452809005453112,0.9818417639429312,True,5
0.80078720425548067,0.48802773955695,-0.34723015267056634,-0.47507086268251703,0.87058986615346146,0.1279881259374758,0.36475680792931081,0.062467674631218301,0.9290049842145025,-10.9710148906101,-7.3037936735628488,-5.6770504446121404,,0.06905107235508248,0.2972972972972973,False,4
0.30015996856943206,0.89056122872947507,-0.34176701296679679,-0.93975856632878541,0.33752272846896736,0.054150205710882408,0.1635782084510794,0.30492475407994135,0.93822335510752641,-6.3305667734110243,8.6504912062202166,-4.0512653868523962,,0.1109814339086225,0.2252747252747253,True,5
-0.014789110328662945,-0.85600180469482612,-0.51676125297364051,0.99976078044760508,-0.020988207737315929,0.0061544304992711667,-0.016114096142251459,-0.51654661502634536,0.85610742924608585,5.7055432111691475,-3.2546154958666218,1.6554609901567463,,0.3471086636473105,0.2093023255813954,False,4
-0.77649415117653997,-0.46804231578513233,-0.4218924315783778,0.51780389550777861,-0.85549022841081235,-0.0039490366656651857,-0.35907653638966097,-0.22152394843020351,0.90663729312570074,-0.90499817708120389,16.022130706393224,-1.918402737789789,0.1750536735432113,0.1645420462049807,0.640625,True,5
0.81255322363568472,-0.39129584188696587,-0.43202409988474838,0.49063847494836904,0.85929718055983961,0.14450689389177468,0.31469214426101438,-0.3293871879777362,0.89020948924201204,-10.9933426640533,26.947681137884814,-6.640021400271074,,0.2559980396948005,0.4,False,4
-0.039485873832385769,0.9934763878321935,-0.10698379591129853,-0.99866353145309794,-0.04281018226507767,-0.028955815306402014,-0.033346914599712951,0.10569746976313243,0.99383903534342577,-13.642943176741909,-14.672931984124958,-6.6364864801412997,,0.3973904321752544,0.2727272727272727,False,4
-0.8039904593336874,0.45255748269719343,-0.38573445030900078,-0.48917613882298905,-0.87217727717091231,-0.0036745602412497115,-0.33809177231432175,0.18573777763695337,0.92260253167431061,0.66158216212153043,9.0907969710354575,-1.0068372505063705,,0.07272607869512093,0.3333333333333333,False,4
-0.90057205148219421,0.18005729329672968,-0.39566317900432457,-0.19184527497004089,-0.98137483725217067,-0.0099407886983743123,-0.39008379940830928,0.066953714900159181,0.91834189140006373,-6.3496400497640622,-1.8581995828051141,-3.7150459246905934,0.1263363349549201,0.09921109662114333,0.5219123505976095,True,5
0.12509184914295399,0.94392050862479404,-0.30555867304906992,-0.98847247161980734,0.14504607869403643,0.043402855958041137,0.085288933208403556,0.2966069932638058,0.95118352036774634,16.625912412469908,1.0282947225652341,6.5701127743822525,0.5088538070832715,0.3955948365606383,0.5588235294117647,True,5
