axis_00,axis_01,axis_02,axis_10,axis_11,axis_12,axis_20,axis_21,axis_22,location_x,location_y,location_z,dbh,dbh_approximation,score,reconstructed,number_clusters
0.97661103948712091,-0.11918205174479733,-0.17895953758821104,0.14296533954376095,0.98161588989803383,0.12645614413237988,0.1605982230319595,-0.1490834774265497,0.97569581710561082,-3.9067093944808824,4.7975156689771898,-2.4627290826191786,0.0968547909331663,0.09632367859257619,0.5676855895196506,True,4
-0.41121788505423795,0.91126859084723244,0.022122530298736759,-0.91137499890809293,-0.41148131781177044,0.0088733565893716754,0.017189019075936757,-0.016513038096841987,0.99971588823826318,13.462084102315064,-4.9300731862096452,2.1367525824314608,,0.4773875950173944,0.7605633802816901,False,5
-0.64557520880259345,0.76141538113751206,-0.058985312974543416,-0.76320127984617725,-0.64601079612231049,0.013923280309459829,-0.027503749210696676,0.054006190947295404,0.99816174797410451,-13.935116000367428,-5.2822974994438958,-2.6053579356750505,,0.08474515654467293,0.25,False,1
0.83230325193477761,-0.46554463149463282,-0.3008978114000167,0.54642095666046264,0.78036120240855,0.30407323443168521,0.093249316035338217,-0.41749801180605434,0.90388050935780961,0.75698530718514656,-12.354638074097613,0.95116750573740427,,0.3777243611889659,0.1666666666666667,False,5
-0.83967072363134065,0.51881002071970017,-0.16059028076831511,-0.53561607920994325,-0.83998173915414154,0.086868254151635918,-0.08982478259472669,0.15895546636844407,0.98319106390538491,-0.72540883476175455,-9.6463361085795221,0.31947956846778419,0.2251161206380452,0.1952951351620061,0.5,True,5
-0.63258859300975478,0.76553691441766758,-0.11740913362177383,-0.77423960438584039,-0.62891611985110429,0.070834660949914724,-0.019613948975066409,0.13571199967323594,0.99055416113925632,-11.881665571230856,-20.58713041180977,-0.10453161118723518,,0.2153510867828168,0.3333333333333333,False,4
-0.56587925385671889,0.82217853133956476,0.061669544013881528,-0.82446636739251056,-0.56373579058448475,-0.049569824013050545,-0.0059899159561603438,-0.078894999958191325,0.99686493562991607,-18.297413976388654,12.181571761453954,-6.0565671857686416,,0.1270334850305335,0.3333333333333333,False,4
-0.2236693660589609,-0.93490336030366694,-0.27554985316580038,0.96569105944319233,-0.25084508016910262,0.06721252462481872,-0.13195754013419561,-0.25106264685904223,0.95893417654908131,-12.988294716323111,-6.5920870202705135,-2.2256987362905307,,0.3228289949291923,0.303030303030303,False,2
0.96723432290202249,-0.16484287890368465,-0.1930921797355114,0.20842902464524324,0.94983209693595549,0.23318732666180281,0.14496587972932964,-0.26579280070195815,0.95306824562006653,-0.63920198743803558,-14.801058684644511,1.1439598560098811,0.594520662301767,0.1419668990560866,0.2631578947368421,True,4
0.57932205690589111,0.81503360720976425,0.010304052647701095,-0.79051186008197627,0.55872083941755168,0.25084262530574897,0.19868808080018571,-0.15346414147671711,0.96797303879227614,-14.702280480336587,15.625316328776558,-5.8196878630197331,,0.110105201298668,0.2777777777777778,False,3
0.8871235213371943,0.43465879633580023,-0.15518888058817204,-0.40682283808621467,0.89522909875511403,0.18182419848189696,0.2179610889626272,-0.098166142381270582,0.97100791561562805,6.9149020709394717,-7.4332225487954631,1.3263632166997421,,0.09081582123072132,0.5625,False,5
-0.9248984841477953,0.35011050405296995,-0.14827484268373073,-0.3436711572857663,-0.93663380952898556,-0.067876671228645963,-0.16264356633747273,-0.011821243546890278,0.98661407274072133,-22.614197472403241,11.969490856322361,-6.7408074515807517,,0.3924089954379946,0.2608695652173913,False,3
0.29481933494014434,-0.92389718098377327,-0.24391711443785111,0.95402669389809713,0.27017520076601143,0.1297629693745958,-0.053987286237760161,-0.2709600706031835,0.96107544608287687,14.369945195553527,-2.9695848856660603,1.9937843187195778,0.2850210013762414,0.2367212903184184,0.3888888888888889,True,5
0.90907023305533263,0.38350398730118374,-0.1628373516636043,-0.35438949276792142,0.91725323227177558,0.18180922777096731,0.21908765092633192,-0.10756951060162699,0.96975739316620246,-13.022123281132298,12.890671491961992,-5.2652800013282013,,0.08328057588673717,0.2962962962962963,False,4
0.94053829833971458,0.32425204163550841,-0.10123400047137965,-0.26838713409164405,0.8920315660235153,0.36365922437318932,0.20822116993790207,-0.31486552480835417,0.92601492735098634,-8.3815578561699109,-15.492094937251798,-0.15376248228425815,,0.547079336034876,0.2424242424242424,False,2
0.82924938437579654,0.53168570959670969,-0.17220849201768706,-0.5167926375849915,0.84680149181502207,0.1259071213148836,0.21276942508337562,-0.015412322034541515,0.97698087600484484,-2.0656807088714135,-1.9241686216460789,-1.1326289871599786,0.3332753650413048,0.2975103951750298,0.9556113902847572,True,5
-0.89234659013704776,-0.33214822479349693,-0.30560615150437109,0.37731037815037716,-0.92053745653983376,-0.1012307742101846,-0.24769828746037664,-0.20564130877258732,0.94676143273556257,-11.268028920235036,14.937588848653403,-5.1830988368257893,,0.4414719773042002,0.3333333333333333,False,2
-0.52217230370566414,0.85062375226914089,0.061443610882564337,-0.85282377566444911,-0.52124998478077189,-0.031465235220473148,0.0052624047881423275,-0.068830846585040878,0.99761446543954757,-0.78037988677597503,-2.9617283285740719,-0.7446136420424706,,0.09650998414080472,0.2857142857142857,False,4
-0.93405090365762067,0.35003027105537943,-0.070906408182053349,-0.33500692011390643,-0.92752940158699904,-0.16570930169262937,-0.12377105013765213,-0.13102678556906466,0.98362223877424704,-13.409794061154205,0.28242529047553344,-3.4273951865403198,,0.5732592192388802,0.3575865128660159,False,2
0.92225480760157341,-0.33645119857420869,-0.19038555836450394,0.36651808918044682,0.91759800302662564,0.15387785787781039,0.12292501844335682,-0.21169434527055264,0.96957462014079854,5.5884987914748141,3.5105449904005512,-0.58504119717212932,,0.06951320943976308,0.2105263157894737,False,2
-0.86265052911407536,-0.46796178078227524,-0.19195269299045339,0.46258190442820563,-0.88341545994027781,0.074800446750549143,-0.20457772682963304,-0.024267197316316172,0.97854946569891466,8.52772902373815,7.8479861259220378,-0.65891327024274016,0.1979214013407957,0.1860953187674046,0.1904761904761905,True,4
-0.87234469178434138,-0.39688224681092266,-0.28548068390347681,0.43980774107699427,-0.89208152258632201,-0.10372901208833424,-0.21350383978850254,-0.21604406778799568,0.9527544653105452,6.5941785763107728,-1.5485255810537357,0.33644633439202748,0.2577027506636533,0.1203496704125368,0.2857142857142857,True,5
0.60898885071730613,-0.76782732061325731,-0.19893160991124556,0.79293547427168354,0.59555524752351885,0.12871394947223166,0.019644677232130106,-0.23612529061298287,0.97152402635723834,17.98064829548991,1.8735056497556315,2.0803111213462597,0.2789384928715031,0.2258783262479576,0.6,True,5
-0.14713424133998637,-0.93652527648810868,-0.3182324960216657,0.97797283841289495,-0.18590046655582018,0.094921777590579362,-0.14805621348641085,-0.29725649367709567,0.94324860700393653,1.511725093016667,16.335090522057964,-2.9753919062010361,,0.1038749209529096,0.1428571428571428,False,3
0.62825027143823831,0.77720455225014573,-0.035421468058649597,-0.75135672650619134,0.61791242322779183,0.23161888255204577,0.20190261506894785,-0.1189004675449537,0.97216151582229993,-2.2887826519717906,17.1659881448089,-3.7653286894308602,,0.09909219934302224,0.1818181818181818,False,4
-0.37267613399507582,0.92448550298587617,-0.080243715762907494,-0.9266289802839297,-0.36611460327842693,0.085550161684518525,0.049711488093311343,0.10623865603081631,0.99309723386802229,-5.9705821489362023,15.726248821702171,-4.2151031039041902,,0.1066845232038926,0.2857142857142857,False,4
0.97996783503219675,-0.031759900334049879,-0.1966070981248669,0.078458005984079773,0.96893411513571936,0.23454428541996858,0.18305022152216022,-0.24527125648337356,0.95201608554885075,-8.7725912388687828,-22.205323577595475,0.73204523727876292,,0.2416088418196574,0.5454545454545454,False,5
-0.70170698482905136,-0.64833532190984589,-0.2954126229635049,0.6767170055145878,-0.7361966976932649,0.0082774846965299603,-0.22284838318796638,-0.19410237677470238,0.95533390259161299,-2.9891564165666269,4.6768204001776192,-2.3125971419237286,,0.4718722929916774,0.8982300884955752,False,4
0.96556823023200977,0.20512285790024715,-0.16000814333482921,-0.14394718625015829,0.93358763324217164,0.32816663241094823,0.21669610134307096,-0.29383455246807721,0.93096941702646629,6.5512801530084248,2.4404457395184216,-0.25773137443125316,,0.1498981161104819,0.3461538461538461,False,3
-0.83548704712713362,0.54209310676113664,-0.089980318319300437,-0.54146758313073573,-0.84005965518323167,-0.033356141143585205,-0.093670969362677992,0.020852801622075867,0.9953848050694607,-1.913413028299769,-20.551373366523393,1.7544887047176796,,0.4553438303477884,0.4,False,3
0.85204968771068035,-0.4805094178185928,-0.20765844326626487,0.51477099233430379,0.84113639101883508,0.16583243698072236,0.094985025784530164,-0.24819401904849747,0.9640423091261433,8.3804680705800809,-1.5825355722797796,0.68408359459658563,0.4693561516856445,0.404493750570148,0.9084249084249084,True,5
0.49318667853258874,-0.82048335087348334,-0.28909163090171364,0.86819372699779351,0.44328626728058801,0.2230177966937244,-0.054832039171210142,-0.36097694688146353,0.93096138013371099,15.234494154681814,2.1544385446496075,1.4990675249002805,,0.3172730479301624,0.3181818181818182,False,2
-0.83125765149207398,-0.46611422788964102,-0.30289972498291562,0.51389675490020625,-0.85211658227680398,-0.099032598228747451,-0.21194537536572827,-0.23798079075367196,0.94786301810617046,-4.9051937637726679,15.360520377034748,-3.9912787356361497,,0.1437014560368303,0.4,False,1
-0.27121195001144238,0.9509925794559666,-0.14851663876710708,-0.96050368613893045,-0.25742133429992958,0.10567367487114661,0.062263529329133468,0.171310742415449,0.98324762010825628,-5.3416531662006532,3.735223876593107,-2.5361199327082105,0.5765133133636123,0.5146979386555559,0.9908693926161175,True,5
-0.51913640132904504,-0.77819092787167143,-0.35343496798330087,0.84235349852529251,-0.53585676116312597,-0.057429217633239174,-0.14469962106837006,-0.32753077915517037,0.93369460123140868,-20.843015931990792,-0.56005635725060754,-4.4595051311730209,,0.5473670722229329,0.2362204724409449,False,2
-0.49377694574595715,-0.76538055568923469,-0.41276740765548847,0.84858124996416462,-0.52780979371032422,-0.036423671873124105,-0.18998471006649473,-0.36825185218312656,0.91010789651812551,-2.2107794603446167,22.052181592972545,-4.2834949036004639,,0.6494374412091293,0.2666666666666667,False,1
-0.93648359116794599,-0.25386759896993338,-0.24197050577793355,0.28608680847486861,-0.95205734955182486,-0.10835654655358491,-0.20286158209442148,-0.17069869758611661,0.96421425687061535,-14.412766103155462,1.9009171595883645,-3.8298245631653174,0.4945068591028948,0.382261621269443,0.2828947368421053,True,5
-0.62011923673858815,0.77373506790386815,-0.12956147931598297,-0.78424825760288253,-0.61564781198869656,0.077022347668532831,-0.020169349855476082,0.14937140385403636,0.98857543012006988,6.1981113955760314,9.1285188855114043,-1.262809250608304,,0.0956158660144012,0.1538461538461539,False,5
-0.46175461848167576,0.8864925110283649,-0.030227474281961514,-0.88596297119445189,-0.45928938366773703,0.064209623285063522,0.04303819214536686,0.056429513029397055,0.99747853314050039,-6.9406573629415442,-26.799357682129536,1.7587115681976053,,0.4068530841269398,0.375,False,4
-0.73924169855657784,-0.64591355328158917,-0.19057122763507003,0.64048660166100457,-0.76176773774358608,0.097400343047430948,-0.20808321462319704,-0.050055922927975519,0.97682945306327984,13.371133863108193,1.8828791642053224,1.1861768452407944,0.1583055325879352,0.1580538113193429,0.2916666666666667,True,5
-0.86129734464640328,-0.42797739141617036,-0.27386536206987888,0.46055143857341785,-0.88524881954348578,-0.065014613163667107,-0.21461420394049183,-0.18212600015779223,0.95956806091778324,-5.8470814923798997,-11.068542087808959,-0.39382993643130038,,0.1361855750301354,0.3076923076923077,False,5
0.90279732827766224,-0.36407629499837685,-0.22892233502865211,0.41414844117736305,0.87946140207708834,0.23458199190680201,0.11592261524429157,-0.30658782375831123,0.94475703416172985,-9.2370570071895592,19.226263815163762,-5.2404337396143026,0.2579637444558307,0.1733704332261442,0.4736842105263158,True,5
-0.63459569259477067,0.76065440524722017,-0.13672301458847635,-0.77212965680522228,-0.63161491267250636,0.069845509315572388,-0.033228000571996416,0.14989155369032583,0.98814392783151184,-24.819326357211086,6.2637856275914094,-6.1744202728218784,,0.07877492981274026,0.3,False,2
0.013441634535608421,-0.97808512360857325,-0.20777106015182495,0.99269022041892818,-0.011871111025680336,0.12010496662351564,-0.11993935444895043,-0.20786670656605422,0.97077596980753067,2.8089121569253304,-3.6504984843076702,-0.011710238215387702,0.2873100766282752,0.2305796039646579,0.8551724137931035,True,5
0.970822055446389,-0.1026378058392606,-0.2167256733092614,0.17679874944247112,0.91693907972232258,0.35772185601883572,0.16200845303387351,-0.38560109555145794,0.90833091781304542,-4.7176254263814599,11.762040203119925,-3.5670797858673184,,0.30970182885755,0.2173913043478261,False,2
0.86841244167596432,-0.45351079727361576,-0.20046892003160743,0.48543542889579949,0.86000111079209463,0.15732302377310967,0.10105580396563502,-0.23393598738247307,0.96698587285039839,-1.6110466789278823,2.5059986775138996,-1.703880837832312,,0.2151627613228676,0.3817204301075269,False,4
0.006512878255935702,0.99338705674718497,-0.11462869581386409,-0.99319701983502939,0.019753796224002602,0.11475829959334588,0.11626376136887585,0.11310147223579627,0.98675771837389559,4.303957489919477,-5.9249792064720141,0.61838853129362747,0.3875709422324363,0.2188450277142647,0.8372093023255814,True,5
-0.31960259545263198,-0.92705787528159223,-0.19600478784540346,0.93276079139329116,-0.34421521637062613,0.10711298174490909,-0.16676776372939556,-0.14859199405520923,0.97473531396138235,-7.276247875777587,-9.4877888729367843,-0.88777815135215932,,0.07517050280572525,0.2941176470588235,False,3
0.84053383812055205,-0.50217080948710324,-0.20329128135116914,0.53498342278316313,0.8285301379279375,0.16531953270053656,0.08541430981717324,-0.24771412685630173,0.96506067531232265,17.691328543040342,-6.6911642768370587,3.1305545924617206,0.5505464367425238,0.4563549776994105,0.8831168831168831,True,5
0.8692229272864479,0.47523915771709535,-0.13637905136758938,-0.4471438374721684,0.87331752399363072,0.19333621206669177,0.21098315404373175,-0.10707121582376546,0.97160787535495996,-14.07488879654246,-11.961498504618438,-1.7292182357557908,,0.07879574871871553,0.5714285714285714,False,1
-0.98118371326994691,-0.051243403863084014,-0.18615218068645778,0.037988835038088399,-0.99652795424042517,0.074087008509200969,-0.18930232229491445,0.065621261630041672,0.97972367573506902,2.5351279426405222,0.98656200889384449,-0.78401216642222116,0.228414828025696,0.1984450691200745,0.4630541871921182,True,5
0.34796222281525035,0.9356259638936878,-0.059383054666098695,-0.91877720844526656,0.35292369393643686,0.17689914499449461,0.18646912005743224,-0.0069944225113308667,0.98243592428144633,9.9679461483445717,7.7924634261889887,-0.39317365476585142,,0.3033569782700289,0.4090909090909091,False,5
0.69903955585263944,0.69484728002916207,-0.1689110913747803,-0.67955583070806436,0.71903917978076615,0.14555593732608652,0.22259283974112254,0.013035159234852434,0.97482434947004948,-10.263121668918256,-5.6348242509884638,-1.9846193808236852,0.5557329760419615,0.4915168316594646,0.9462759462759462,True,4
0.62093911380695455,0.77478529763519777,-0.11892165283484607,-0.75728639067425063,0.63211281692514842,0.16416671154201753,0.20236585543070285,-0.011879783133185523,0.97923793396115377,-30.101819801024593,-3.2530269752980456,-5.6508230659740502,,0.368173525545563,0.8,False,1
0.95347918382657748,0.2584825191029409,-0.15512650749501553,-0.23089218506241382,0.9570229104750545,0.17548774231541098,0.19382013540008527,-0.13150641103784177,0.97218301721920608,7.5127716483608777,-13.621066650951603,2.3532789619111649,0.4166629446941291,0.3181944698817625,0.8333333333333334,True,5
0.445595050183478,-0.87410036563083071,-0.19337425386031121,0.89498125316529309,0.42981367491451894,0.11945192061728566,-0.021298068801320902,-0.22629351661177699,0.97382628666760207,1.7513735634914056,-3.0662440283563903,-0.29592155364442968,,0.0734571417674202,0.2459016393442623,False,5
-0.19345394570647778,-0.95009951937574266,-0.24471713093401815,0.9651225625276163,-0.22913116929860802,0.12663864558648705,-0.17639163866442847,-0.21168327883381563,0.96128881158132862,-12.171717394869528,-5.604936986452679,-2.2414038004625452,,0.0891359479445903,0.3015873015873016,False,2
-0.97352026041081341,-0.094697018460929122,-0.20806435846696864,0.12425283173418385,-0.9831750617695707,-0.13389560007870471,-0.19188417437531785,-0.15620266517896,0.96890721486388542,11.656387772359718,5.3009670592910885,0.34949195942877953,,0.1505799219679243,0.4666666666666667,False,1
0.87263767977557805,-0.44609485609697525,-0.19875326211087238,0.47734734854680505,0.86508480894208684,0.15416803226663775,0.10316486161106098,-0.2294071766563785,0.96784779724258252,-2.4825262212474009,-12.09749947989334,0.37078113444934618,,0.07610219606928334,0.25,False,5
-0.20926628668589356,0.97774740360806633,-0.014752491124619016,-0.97483117482343584,-0.20740840010715691,0.081767573996965548,0.076888242593111278,0.031492384836243587,0.99654223585770263,-0.7817879326116135,3.8435864911023927,-1.7695083562988108,0.8903254547027386,0.6667976534048446,0.4643584521384929,True,1
0.93424663613022318,0.33740356401166322,-0.11550782601879978,-0.29214301773205575,0.90982509423253111,0.29473845201326099,0.20453772285270416,-0.24161360246681701,0.94857112913752417,-24.697445487509743,-2.8369082058517074,-4.7347845989687691,,0.2274023557193116,0.2666666666666667,False,1
0.61483437445253808,0.78484495899911833,-0.077440831124331491,-0.76815239420239434,0.61820046115337013,0.16664359906965887,0.178663346192454,-0.042971853153334849,0.98297142815235639,5.2084779363892801,4.7150103143675288,-0.83726862176049677,0.1766024325368417,0.1478674289908796,0.3684210526315789,True,4
0.86403057827041796,0.4802320628536948,-0.15109045509552654,-0.46084738894573268,0.87528383348301797,0.14662160463306445,0.2026594283905615,-0.057055908112647394,0.97758568904922805,0.12656814987952864,-9.102373524822589,0.43132643827734451,,0.1086494527890034,0.4318181818181818,False,6
0.11825418695392616,-0.9709907346904223,-0.20782911348802507,0.98854101660055382,0.095342242452415737,0.11703211227046852,-0.093822202949028363,-0.21928714041068909,0.97113878734416414,-16.965244714312302,5.8837845469234429,-4.8464324542262807,0.4796474765685607,0.3957771790309436,0.9267326732673268,True,5
0.8621845845322279,0.49039110136556013,-0.12709960620105615,-0.46584946821337053,0.86606220861050109,0.18144013828814806,0.19905279490705596,-0.097225606288546082,0.97515391929762341,8.4643211813970787,9.4828943963111367,-0.92511722333964952,0.1896582518298306,0.1955704963531435,0.4565217391304348,True,5
0.79079964927530066,0.60284626855964851,-0.10588810693260164,-0.57412128077486113,0.79055050226788537,0.21310715221556559,0.21218074763629047,-0.10773244565915675,0.97127393174366794,-13.594262704219672,16.160839746118455,-5.694011438010147,,0.1150533993147445,0.4285714285714285,False,2
-0.048406912119443105,-0.96171736269637753,-0.26973410082409849,0.98632353248162019,-0.08862190873674651,0.13896778966665047,-0.15755208704437759,-0.25931808957375158,0.95285437937167572,7.8514138454024023,1.4394936493212227,0.19377282578886967,0.7867859938849702,0.2472327049916285,0.3333333333333333,True,5
0.98334978904806147,0.0072286263087599986,-0.18157901679660182,0.058192316326460311,0.9340655626965465,0.35232822609740572,0.17215355558249001,-0.35702839039223727,0.91809252352594339,-25.444794538884864,-1.8401881819336328,-5.0369301383111313,,0.3420382317761897,0.2142857142857143,False,1
0.68350159207892525,-0.66527892159868429,-0.30038230657291648,0.72926248755697021,0.64020409489592056,0.24148486727063173,0.03165119062205568,-0.38411283935191043,0.92274347940108459,16.781945599863423,-3.9682826497896992,2.6027457717996922,,0.5654356252677962,0.8461538461538461,False,4
0.95648985389984942,0.26489613303497722,-0.12229962424210344,-0.21695502840154693,0.92601077897402551,0.30892483369778156,0.19508376415767664,-0.26894995059868237,0.94319046275661533,-7.0115446701839597,-13.54748547518952,-0.15879485505259128,,0.5422515126571887,0.2205882352941176,False,2
0.0022453012935686775,-0.97030123955490288,-0.24188936136241851,0.99412210155240399,-0.024016757025202531,0.10556724201675118,-0.10824142380406877,-0.24070459052583515,0.96454398254960749,-14.106814158278141,-20.812211807306671,-0.44515760101210838,0.3228704428007069,0.1701255934038784,0.4,True,5
-0.96414842954363633,0.22022486031552679,-0.14805004798224786,-0.22147576787464754,-0.97513147403801315,-0.0081910063354267704,-0.14617212474639085,0.024892152166063032,0.98894594933579028,-5.7764755188596819,-14.944618644238316,0.21257748895506673,,0.164373926961469,0.3,False,5
-0.69761005207825855,-0.66958238945337334,-0.25495026764700723,0.68565895805331289,-0.7271477052289782,0.033585830665280675,-0.20787498281567007,-0.15137912179076218,0.96637071199682123,-21.529405209770466,13.973556355234663,-6.7447933268057279,,0.08873410313668376,0.2272727272727273,False,1
0.43930836938034817,0.88354501783724271,-0.16234641371882932,-0.87892766229836305,0.46010275244278231,0.12566471915899899,0.18572646833209797,0.087485191030034326,0.97869914698610261,-14.147083212756543,10.46982250381447,-5.0575712695236223,0.1289127893457193,0.0877890615301665,0.5428571428571428,True,5
-0.88099305222383351,-0.43097866806248925,-0.195214317119456,0.42534483121275363,-0.90215181681975254,0.072137881653215552,-0.20720283901029693,-0.019480428226859921,0.97810403149264791,-8.5219003244803488,-2.713771097178042,-2.110763306275663,,0.3439701354225812,0.5054095826893354,False,4
-0.011783552813800103,-0.92730819284403243,-0.37411316919806181,0.99234540263825022,-0.056840914272343959,0.10963444863459462,-0.12292985701533989,-0.36995760020442525,0.92087980991287344,-9.6369000389002917,22.453004233088393,-5.6531202565222873,,0.2151085271882136,0.48,False,3
0.94913958154734368,-0.23950005164954924,-0.20438634983774295,0.28071309265969668,0.9376849988824566,0.20480967379554066,0.14259808676683405,-0.25176689244352701,0.95722474765321897,-16.208147040813262,6.8787308498392754,-4.9276762583398135,0.4252592529634397,0.4086129308285097,0.9313893653516295,True,5
0.016378561847151345,-0.97993476019722625,-0.19864442722871203,0.99347106212758018,-0.0064840735986054186,0.11389998026630717,-0.11290257493483634,-0.19921300797581443,0.97343062722841811,-10.340748848436531,-9.6857623860991495,-1.3845410042101944,0.5321489169360841,0.5045303752811734,0.9739336492890995,True,5
-0.7323478359510539,-0.65477778894956207,-0.18690290066269291,0.64920210469736273,-0.75421637754112392,0.098459550604586124,-0.20543435553558348,-0.049231117670280475,0.97743185062622773,4.0368361980737042,11.947050120239467,-1.9672874549616337,0.2502283737848875,0.2390119360165707,0.6170212765957447,True,5
-0.95699925687820753,-0.22623931891471655,-0.18157145401070948,0.21097259987165687,-0.97239894898244439,0.099653630747860766,-0.19910546059300285,0.057061848855801713,0.97831536886998038,-14.463347091120221,-4.0240262102424929,-2.9224163201367639,,0.4307056613629124,0.9646302250803859,False,1
0.34311693818275646,0.93883917132100181,0.029185221009694229,-0.92689828870802249,0.33339489372532705,0.17235836860453671,0.1520865842940459,-0.086190807115214679,0.98460185641029452,-11.412479092855952,11.892564037791477,-4.8576663901474646,,0.2503162424979036,0.4,False,5
-0.80832780618202393,0.56743880136858382,-0.15690559089573472,-0.58349580991201544,-0.80762985210756666,0.085244717137367879,-0.078350479054540623,0.16045943003168595,0.98392782954128766,-3.3489200381778437,-2.158961449360306,-1.3728697463001887,,0.09430596998046469,0.4166666666666667,False,5
0.86170107201887358,0.49899590135261246,-0.092056248646233102,-0.46133374969322199,0.84598595763094797,0.26735543922882743,0.21128756204640856,-0.18791181422289918,0.95919065685605165,-20.242288430169857,22.030651263699799,-7.3135471360076556,,0.4780994196977326,0.4230769230769231,False,1
0.86027617736192596,-0.46598078217040961,-0.20684972639915791,0.50105527838401853,0.84770148319115224,0.17420046899775038,0.094172749068226161,-0.25350366080862741,0.96273952203571622,15.039583114904589,8.0485372273595779,0.5747312899474456,0.6630178597836303,0.6944974884288498,0.7536231884057971,True,5
-0.96590124201376115,0.19905358700452153,-0.1655670866353153,-0.21284556215685332,-0.97457260151859548,0.070035783992250827,-0.14741627232570262,0.10288787037308876,0.98370855886470987,-16.600291925435538,2.163496326701408,-4.2292931868955321,,0.07516577431185018,0.3,False,4
-0.27752013605535791,0.96009621414179047,-0.034609733810261556,-0.95868091861651727,-0.27440563582416172,0.075049605652055942,0.062557736247463414,0.054007468173754139,0.99657900992197057,-30.047557122943225,4.0164254954093659,-6.7016726733160397,,0.1193564797944583,0.2307692307692308,False,1
0.979827128196324,-0.026703600721063453,-0.19805483220329176,0.065051099514827779,0.97967803212567317,0.18973483555288487,0.18896336497442037,-0.19879102363763385,0.96165221136263501,2.9263410028392522,-10.214885634566727,1.0532304407346003,,0.1292000757906882,0.3666666666666666,False,5
0.93384286665476224,-0.27214565192357421,-0.23210826038103632,0.33627020392979839,0.88914011940642623,0.31040650445978096,0.1219009858328875,-0.3679219920051276,0.92183163183520211,-16.524281201747147,17.254683946281972,-6.2734159926066901,,0.08725497137007107,0.4166666666666667,False,2
0.93892827442000326,0.29839288042752865,-0.17139248643052615,-0.22881063852621392,0.91338334663610343,0.33671435042934905,0.25702020775009465,-0.27693419976231681,0.92587691504330338,8.3280033028435234,-19.778865886896774,3.4927333258352311,,0.3433981854402792,0.5625,False,5
-0.78664436174570596,-0.55821865895895784,-0.26378509609861217,0.59063451927638533,-0.80484034526231485,-0.058162559066735967,-0.17983746209520537,-0.20155383258102832,0.96282632899139975,0.30656598256506168,-19.578584738206867,1.9998473691617116,,0.3017270890606873,0.1176470588235294,False,3
0.72834666513868829,0.6779364214542809,-0.099565776485282406,-0.64688949203497148,0.72822863659886328,0.2263118157147341,0.22593167214025167,-0.10042540168267614,0.96895284623184097,7.624526365075706,5.3539001823258561,-0.43515435110640421,,0.1707128128085133,0.1052631578947368,False,3
-0.86238767979394293,-0.40160365148387001,-0.30822393945708032,0.46006053666158608,-0.87578440807363678,-0.14610261182389422,-0.21126237797173716,-0.26779876342121578,0.94002767510525731,-6.2345602184248898,11.866111548935168,-3.9196078482534125,,0.4404560682265541,0.4545454545454545,False,1
-0.2976911823860327,-0.89225373045533429,-0.33950440412187005,0.94045911395171478,-0.33520718203281819,0.056327613998583465,-0.1640628383113073,-0.3025217770709363,0.93891637512777559,-31.027466525883362,14.657154218486907,-8.2493948205261809,,0.3125249441226781,0.2790697674418605,False,3
0.45432373878912469,0.87886325571426127,-0.14556551146477612,-0.87137555569324499,0.47239405117158284,0.13247075661439586,0.18518796211676836,0.066657619017114131,0.98043978933640286,-5.6884784043308896,-3.5599004783857855,-1.5292846268064193,0.1865598338774281,0.1721442075893685,0.7234848484848485,True,5
0.31443102486961033,0.93736490181851029,-0.14993389022572665,-0.93436423491066545,0.33349492586212048,0.12547753163026917,0.16762042572208435,0.10063883575932629,0.98070139064740525,-0.24369480842884461,16.753530847669289,-3.3268271903396704,0.1479196400653346,0.1562274631306964,0.2666666666666667,True,5
0.82788435269651783,-0.49303547550137466,-0.26743881254859242,0.55502839175941643,0.78890512140379954,0.26376541426770178,0.080938142437441851,-0.36680339327763845,0.92677089282021963,-19.375168443769638,5.6491890495117065,-5.1942102520759326,,0.2857921181372201,0.2142857142857143,False,2
-0.79874726372963079,-0.55882390668341608,-0.22297679252225977,0.56211954520557728,-0.82525062662662696,0.054617031686441206,-0.21453304077065893,-0.081714408591431434,0.97329252018406598,-15.143440330954792,17.907731025904635,-6.0931394462339385,,0.2198568102797952,0.6774193548387096,False,4
0.26141417346425472,0.96506599299428708,-0.017614172644532494,-0.94753619451151361,0.260058080154142,0.185862731705905,0.18395050965583065,-0.03189708626963858,0.98241782653047793,0.50795569991455181,21.967106715704301,-3.8083395699550966,,0.3803895081613514,0.391304347826087,False,4
-0.98452282592134366,-0.019125928279914939,-0.17420965560864773,0.018561434646538841,-0.99981586537821099,0.0048691356401365932,-0.17427070431863861,0.0015601940428457001,0.98469654585097188,5.6081879824663377,-0.073281225536595607,-0.051979819151957887,0.5796362253587727,0.5648346095764679,0.9214285714285714,True,7
0.65849190779502287,-0.70937672232259708,-0.2513425415549882,0.75229196180269331,0.62980293083176808,0.19340391030889609,0.021100037334738767,-0.31643788354519931,0.94837853955153839,-11.395693112991255,-6.5179737806382292,-1.9378090458843118,0.8598709104000581,0.4242580362334955,0.8867924528301887,True,4
0.9770500974211731,-0.087856944801730938,-0.19404706743308858,0.13890778323201522,0.9534242641253069,0.26774390811871862,0.1614860207164803,-0.28855385949112339,0.94374728359128746,3.9311194749460476,-7.6832889408968663,0.80408756039666407,,0.5149427315768756,0.3214285714285715,False,1
-0.7188919558662662,-0.65759264805824391,-0.22531370355688951,0.66431861968529715,-0.74536378218347421,0.055799675165443013,-0.20463413041376266,-0.10956615092670739,0.97268706747900724,-9.2469257406168488,8.9378893177865901,-4.0745000816639401,0.3027461548058019,0.2813794888086497,0.7297297297297297,True,5
-0.17631085140436462,-0.9554417988116527,-0.23673920832980616,0.97287846312059134,-0.2057305035872834,0.10574713182796473,-0.14973970640142928,-0.21167411031412908,0.96580126907637576,-19.050065808278656,14.450975154187205,-6.4720898651392496,0.3915944810612317,0.3091581762269665,0.8703703703703703,True,5
-0.96450404671891798,0.22068924583533353,-0.14501103625401435,-0.20594227746397351,-0.97235766292413772,-0.11003796483787304,-0.16528678778348588,-0.076268159315279999,0.98329214664761611,12.121091599631391,9.688881323569376,-0.1747736996575221,0.7868887390348167,0.4414428000263127,0.2222222222222222,True,4
-0.26024112763437779,-0.89794810945421433,-0.35491371939556027,0.94730469136157114,-0.30855861135939455,0.086054663326989148,-0.18678430665328061,-0.31381646878958602,0.93093009764669721,-11.934872524525078,-10.391843196653662,-1.5463726644388494,,0.4076429208506197,0.3541666666666667,False,2
-0.8706570947713469,-0.45539057159470636,-0.18594528933792431,0.44381741430802069,-0.89026824652709902,0.10221815877087385,-0.21209037243887463,0.0064712076316109646,0.97722863107387969,-4.6276900727019283,2.0371314427338167,-2.1860332238305484,0.1662494828685994,0.1466428807956921,0.6866585067319462,True,5
0.63009865716045321,-0.7476074630596885,-0.20990179470897874,0.77619306336119087,0.61417421157810326,0.14252847512825575,0.022360917569814689,-0.25273131782561509,0.96727807292193102,-8.7648235032995263,-0.85140939284525385,-2.3965352763207632,0.1416989193404022,0.1044624952660171,0.6148325358851675,True,3
0.69321202447087671,-0.67535125733040047,-0.25170969061845,0.71908762568453533,0.67166916958533696,0.17825126427580162,0.048683423424880259,-0.30456724356173193,0.95124587695970741,-25.82306241779191,6.0588463725786932,-6.3314104982278696,0.3391816401577875,0.2266215428233979,0.5303030303030303,True,4
-0.96720851667746865,-0.16479288386594651,-0.19326404397537633,0.16244671403110464,-0.98631891718463693,0.028036738473353279,-0.19524023757173628,-0.004277736652876684,0.98074611934081191,-27.416464258310047,1.5618032478841331,-5.8173562631209261,,0.6546319328433597,0.3714285714285714,False,1
0.49854996577772986,0.85783015806542706,-0.12480124813666334,-0.84070166634732868,0.51356928497552912,0.17166041398805176,0.21134956783454684,0.019339323751585064,0.97721919277764002,-23.55247867682813,3.067252735022389,-5.5106375073666527,,0.133310113783465,0.2631578947368421,False,2
-0.6470316171320738,0.76148927359173579,-0.038524961209382286,-0.76195194692741652,-0.64762184411358492,-0.0038958439957932217,-0.027916249837207766,0.026833434958099617,0.99925004366443582,-22.568554192557482,16.912378314630718,-7.237817772938798,,0.7784369734246535,0.4893617021276596,False,1
-0.039894369741098508,-0.96151764532826567,-0.27183130243838594,0.99141716361854382,-0.071987695174989014,0.10913193586643345,-0.12450079094336311,-0.26514446904618172,0.95613700042865024,-19.924663443883915,17.076523044084894,-6.8513934493937816,,0.09144370470176925,0.2142857142857143,False,2
0.88874655244000722,0.42434118863818399,-0.17339008377394152,-0.40325768928778549,0.90361329969504722,0.14445151658776173,0.21797431398281117,-0.058459902834008537,0.97420205204277899,2.094338612525374,-9.0338925579207281,0.71130060679721696,,0.07312140442027124,0.125,False,5
-0.47928132289752634,-0.83693997953544397,-0.2642364172040001,0.85721630878641242,-0.51100217422073746,0.063694410212168442,-0.1883337820790365,-0.19598022501489376,0.96235239799717709,-4.1953231603621655,4.0587749304400873,-2.4037966185644626,,0.1112993606132995,0.2,False,3
0.43018119737303173,-0.81819155475877781,-0.38145342723341646,0.90245389620055971,0.40045070448603476,0.15879609097540537,0.022827673099450739,-0.41255522417980994,0.91064651997512913,4.160245281221024,9.9690292168066712,-1.7024603376457716,,0.3517401892157334,0.1666666666666667,False,2
-0.14596218927831173,-0.9162187443182187,-0.37314642147691635,0.97725177407513797,-0.19219955671616021,0.089656569559108015,-0.15386360637940977,-0.35157153320207513,0.92343026140248652,11.441768414685075,1.9263748099228086,0.7911438298226503,0.6986701106769,0.525578870793129,0.2285714285714286,True,5
0.70520592504276514,-0.66830360349515083,-0.23675915365614275,0.70642030016392188,0.69077822149326695,0.1542588999925536,0.060456288348619734,-0.27603576265765672,0.95924412686923122,5.2791357998085715,21.439853539112249,-2.9053291260481919,,0.2700062574051651,0.4,False,9
-0.97314986338413634,0.17073956441276156,-0.15436108492614858,-0.15427112378756269,-0.98153423132503803,-0.11309718432609127,-0.17082085282763274,-0.086247051435441868,0.98152008759776965,-10.943004575289205,8.8450163007016336,-4.3873163680719554,,0.1327430030601166,0.2857142857142857,False,6
0.9261602871695408,0.36150894423242952,-0.10741697123820025,-0.31597751760878645,0.89932752543174854,0.3022717492035894,0.20587697985890324,-0.24601074212473487,0.94715013800527681,-34.490926329912632,1.1773316882047054,-6.9723642768332423,,0.2324879926063682,0.1363636363636364,False,1
-0.2882137637255307,0.95756593501224729,0.00055362738851072457,-0.95465203980368052,-0.28738169759984389,0.077789734433951319,0.074647902166348992,0.021891550624685535,0.99696963379704362,-21.633009604835799,7.0734673917680277,-5.7887991258836351,,0.4638232299602149,0.28,False,4
0.028755417303145698,0.99399761548194177,-0.10555503963305711,-0.9925072327322586,0.040937588105831299,0.1151238761258169,0.1187540270890932,0.10145370518759576,0.9877270001138132,-8.4966028081989649,-27.6367004961057,1.6237943492916311,,0.2869981998733478,0.2,False,4
0.179233680665464,0.98142555787290875,0.068404400947304295,-0.9727071759517022,0.16636778075337122,0.16174829637205532,0.14736362362257019,-0.095528194168252145,0.98445839249395306,6.569824711365297,-5.2299341558322192,0.92525807473263355,,0.6683062980455289,0.2517006802721088,False,1
-0.67370197024188894,-0.68734410843210891,-0.27144747539048153,0.71645456170388688,-0.69753213077943199,-0.011907457495082222,-0.18115881514816945,-0.2025018595815225,0.96237959275960194,-17.789631500336686,4.8773780307909673,-4.8001434622312855,,0.2288436518051801,0.1944444444444444,False,3
0.98082859610800921,-0.063636449127669914,-0.18418921629458773,0.099774988858518113,0.9758845926795956,0.19414997648432572,0.16739240321793439,-0.20880532587317577,0.96352484100407276,-9.3284822900559199,-16.547771879588044,-0.19339500527056741,,0.1222902255892989,0.2,False,2
-0.28353173451007485,0.95173020004530473,-0.11755586692051073,-0.95704254906137742,-0.27307583549721809,0.097463569366188607,0.060657355793093892,0.14013998140866404,0.98827196196136724,27.352987141354159,-14.082459483570387,5.8349032778366468,0.4477195132828287,0.3894463288987782,0.7666666666666667,True,4
0.97593931268380196,-0.1071830186359814,-0.18987958940956806,0.14647567275953924,0.96735642247899944,0.20680045739376712,0.1615157430342555,-0.22963743685364063,0.95978086683752051,-3.6945957825122209,2.6855846729765815,-2.0860393882216113,,0.1045305536376122,0.1582278481012658,False,4
-0.4925447946011659,-0.81483523218207432,-0.30568475543618628,0.84939399651650349,-0.52659250415382208,0.035073825721325155,-0.18955068977193951,-0.24237136580832502,0.95148655116254288,1.6962857565803104,12.347817666330437,-2.4383630027604126,,0.102448160410762,0.4285714285714285,False,3
-0.55319311294117024,-0.80208772162808084,-0.22501703626155398,0.80846495477538638,-0.58205063999418216,0.087186405949536666,-0.20090245567063625,-0.13368746873151183,0.9704462190197205,19.655588315178235,-14.02651595736212,4.4793594231571756,0.3726391434940183,0.3582329055256908,0.7111111111111111,True,4
-0.17827996340805213,-0.91554559367883415,-0.36054475525584284,0.97575950156634905,-0.21175902094112678,0.055240493779896628,-0.12692379505126283,-0.34195669747107965,0.93110470265403511,-21.935945163178129,0.82709102078755503,-4.9159195503251825,,0.4777451642827406,0.1616161616161616,False,3
0.98239989935889527,0.091680309300369342,-0.16274261465953255,-0.064767048131465457,0.98440018640964866,0.16358943264461084,0.17520178999076727,-0.15016988340954998,0.97301250706288167,-22.11137256278673,4.2496416869070961,-5.4953320272395976,,0.08873047420404095,0.2727272727272727,False,4
0.29456256160915678,0.95495414763128172,0.035992682868367959,-0.94402261764605888,0.28492458430934287,0.16625065001024869,0.14850654756923587,-0.082949124033707439,0.98542642959842852,-10.33436123616754,-2.2687756947134456,-2.4750316445415712,,0.4900591502860874,0.3128295254833041,False,2
0.40634516393964043,0.91292376805241104,-0.038128748574492222,-0.89326396777014816,0.40568251486623463,0.19365221665486257,0.19225787793066107,-0.044630604486133596,0.98032903533293581,-24.675421191554648,19.835013672449993,-7.8605312156082583,,0.2671476239002052,0.3,False,4
-0.86363289401202725,0.50009825661281915,-0.063560664826838989,-0.49153982367955573,-0.86335147465673967,-0.11407380481558847,-0.11192330462188099,-0.067275292201910072,0.99143694148526984,-17.883443556594948,2.5114747235384951,-4.522526664041993,,0.4846452280503413,0.2935779816513762,False,4
-0.94607521724229215,0.2992282718958208,-0.12411335390759157,-0.29325151684220774,-0.95386750080705451,-0.064345464283424594,-0.13764167679047914,-0.024479219806722109,0.99017954766191818,5.1959994749958396,-4.3505403286031719,0.54170541024999008,,0.78320118415801,0.3529411764705883,False,1
0.88635357484977595,0.43447256917362737,-0.16003414319041401,-0.40817226389609174,0.89638326436845395,0.17289432132402116,0.21856976766461,-0.087924001250069481,0.97185216296884203,11.328350875000124,11.667766569517633,-0.57934002172600085,,0.1961216286453713,0.2,False,4
