axis_00,axis_01,axis_02,axis_10,axis_11,axis_12,axis_20,axis_21,axis_22,location_x,location_y,location_z,dbh,dbh_approximation,score,reconstructed,number_clusters
0.89038005014580779,-0.34227993110833754,-0.30011300382159628,0.43491973318338212,0.83429964935972656,0.33880513686473845,0.13441797495143837,-0.43219040229823485,0.89170805994520741,-2.8482565403323061,7.574632811341143,-2.7753591553259342,,0.5494079967522173,0.3397745571658615,False,2
0.36069411727161038,0.92746134762024379,-0.098565726477801485,-0.92268278698637107,0.37026298847866101,0.10752578277750786,0.13622124784598999,0.052160981905002013,0.98930430283204007,-12.06480483803076,-15.725139781277559,-2.6262302184182693,0.1409550836370017,0.101954749025245,0.2352941176470588,True,3
-0.37881441558460971,0.92451185451479256,-0.042160045148331216,-0.92460879070324875,-0.38003576193927252,-0.025911460813946074,-0.039977777571628799,0.029165913475414446,0.99877481285401748,-17.513723455138106,14.529240521522155,-7.5530023492268672,,0.3590688299268411,0.4861111111111111,False,5
-0.92753195001612276,-0.2934155710939208,-0.2314989942503391,0.31226901335794582,-0.9487472284199634,-0.048649356233095173,-0.20535955053453281,-0.11741379478182185,0.97161795773811666,-2.2126398544312007,-13.95294726080871,-0.44049593746952853,,0.1450877884315299,0.375,False,5
0.27973575310359233,0.95299034930281845,-0.116435830272549,-0.95069870300617587,0.29186848549351757,0.1048082214241576,0.13386517298364428,0.081376786072024768,0.98765273965632605,-1.3313958249270996,10.744548560568608,-3.0182524358339737,0.402338586369865,0.2190297424032995,0.4137931034482759,True,5
-0.24067752866270384,-0.94340677871783918,-0.22816217273256387,0.96354841510870226,-0.26052717074839898,0.060827995555860839,-0.11682798867704001,-0.20520536828032918,0.97172114204159044,-12.935208301912862,-15.098446144096803,-2.8754116668056051,,0.1190992079532457,0.2631578947368421,False,3
0.16750742924033948,0.98526242951560417,-0.034629555791312772,-0.98020847888522267,0.17020186149283084,0.1011071919593005,0.10551113244967211,0.017007978403861618,0.99427266360883271,-11.317372245879541,0.71062458617773172,-4.2259684490216998,,0.3532357166376906,0.6289308176100629,False,4
-0.33576917270100237,0.93144617424614584,-0.14023939227586282,-0.94191974390292899,-0.33309333376082767,0.042848886215852595,-0.0068013755612953072,0.14648158753343923,0.98919001501438442,-12.719575389347337,-16.369049043427207,-2.6726388089306905,0.157829717823634,0.1996238303795406,0.56,True,4
-0.83311298935776068,0.53184873602727945,-0.15185410415778006,-0.53696740145954125,-0.84356009696796996,-0.0085072071314905989,-0.13262261018832661,0.074453238946167802,0.98836630784201707,-11.153589366729364,22.328311937438286,-6.9321900404128645,,0.1102222902647022,0.1428571428571428,False,1
-0.97253207406007103,0.14214343110785932,-0.18432745296700279,-0.13527814220833664,-0.98957708168884506,-0.049366219592460223,-0.18942330681592062,-0.023074756533389529,0.98162435098455425,6.186644314338535,-12.483128834863587,1.3906083876984177,,0.2080532388432766,0.3617021276595745,True,3
0.33382619858731488,-0.89258908560921468,-0.30305905924101473,0.94255236483028104,0.32032313699592674,0.094805735364134308,0.012454263911934382,-0.31729767121174252,0.94824420860557701,-9.8619317065504895,24.645968352125767,-6.8205340168533546,,0.2146817071063826,0.1578947368421053,False,2
-0.92198456119204242,-0.31542381900526473,-0.22461585724888367,0.32788593674774746,-0.94451577174359147,-0.019513313677087182,-0.20599825583380316,-0.091639354710420451,0.9742519937170715,-6.505461170812457,18.38381615507982,-5.1882806643290129,0.5303118364871461,0.2761028445177347,0.7720588235294118,True,5
-0.73002779767410431,0.65517650307060249,-0.19443035886217616,-0.67515274510921519,-0.73550818558780451,0.0565374186254365,-0.10596313224225258,0.17254407772367425,0.97928563547511427,-8.6058555399267824,-9.3116104791403629,-2.3785410751377656,0.3231162127915657,0.3193953783352764,0.8962962962962963,True,5
-0.48324286680343365,0.87342028768054036,0.060111003582051292,-0.8746253887309231,-0.47858413800643756,-0.077379921400305113,-0.038817020376134194,-0.089967904925465275,0.99518792949494805,-13.246695190857139,-7.5486059372043472,-3.7632700766180407,,0.2797101669472211,0.2857142857142857,False,1
0.06348864873505683,-0.92858082875777381,-0.36565945351559415,0.99682763489775872,0.041383012286406909,0.067986120629467711,-0.047998518580660454,-0.36881579515745994,0.92826238287266238,-15.344925727587377,8.9163235717606675,-6.3565812001736992,,0.4404315950648262,0.1287128712871287,False,2
0.91777009092804085,-0.33543552769920271,-0.21255838481483713,0.3627006675642287,0.92600169918120712,0.10473337033619941,0.16169813216731305,-0.17321622288536961,0.97151935347831708,-11.964779267818516,31.381254169554406,-8.0288220620199944,,0.1710997663410002,0.7222222222222222,False,2
-0.92757416810820814,0.32387441753506296,-0.18631029044228739,-0.33501286297061189,-0.94170718711316392,0.030886168160627323,-0.16544649981972984,0.091065555539601023,0.98200535654937438,-15.511240796350496,12.293432586883172,-6.8097474965473319,,0.06573834491575326,0.28,False,1
-0.97997069329888098,-0.027888431222217545,-0.19717929830303066,0.027122586278895158,-0.99961043229367985,0.0065839929516873924,-0.19728610085065745,0.0011041076069040765,0.98034533474563845,-2.9818731430642664,4.5322655475124627,-2.4753133762518127,0.3850227757231468,0.2725474251073808,0.7682619647355163,True,5
0.75279223632718884,0.63993871805720348,-0.15421506429922976,-0.62858286255292906,0.76839883404709008,0.12019491145568896,0.19541605315397756,0.0064551503761172968,0.98069918792836053,-3.3722069847999268,-10.42248909537545,-1.0221647162315448,0.2329051090222359,0.2233223137206533,0.7678571428571429,True,5
-0.45491911309839866,0.89018219787456698,0.02498509805808094,-0.88995721978363385,-0.45343760513506787,-0.048687628863600688,-0.032011677443580168,-0.044384601345284436,0.99850150709484087,2.7105179849160264,2.8660205951603279,-0.81979410746560621,0.511689447817822,0.6621891515134362,0.4409171075837742,True,2
0.64581495720219972,0.74374509403236422,-0.17252905887620176,-0.74120802843421951,0.66494572906284322,0.091966493821058329,0.18312208943373232,0.068486586306157768,0.98070173236185876,1.4019081203231365,-13.311004900365432,0.34881340211495132,0.3469858547853242,0.3039770016198138,0.8512396694214877,True,5
0.47318121210115854,-0.81606066848348702,-0.33188028846070639,0.879739648346895,0.45757384593040024,0.12916782357438417,0.046450959526786975,-0.35308803558708368,0.93443627256453077,3.8073111564653073,-10.970718732618863,0.68739271209444974,,0.2066300400381675,0.8,False,7
0.79643796167808822,-0.55546836038965741,-0.23904282838871904,0.59319345354014819,0.79443955279846679,0.13033542736526091,0.11750787154554775,-0.24560272302114,0.96222201313908695,-3.3306991527121443,-5.3066123041873734,-1.4661393405127257,,0.07177459177521194,0.2564102564102564,False,2
0.81586506367726908,0.55394753351821802,-0.16585031799779495,-0.53853739838165515,0.83236760530522491,0.13092608671599812,0.21057461484045398,-0.017501421300260764,0.97742111284607847,-2.5154617393602998,-4.3552345538253512,-1.3257384234684639,,0.2540257238728994,0.4796380090497738,False,9
0.048312577604330463,-0.96972814159194676,-0.23936003477994425,0.99709247670964452,0.032685174505722663,0.068835109185346827,-0.058927818000106762,-0.24198969145846075,0.96848773946477318,-10.383940014354833,7.6618758220740952,-4.8659843681083705,0.1102911921354091,0.1075065647402886,0.6666666666666666,True,5
0.82615560637062091,-0.49755929732700588,-0.26438922010144317,0.54720950577959404,0.82035787192117871,0.16605637223969738,0.13427088607306437,-0.28186469736455544,0.95001243230430588,5.7429852723228292,-10.374697561205894,1.1220680848262836,0.19071042885575,0.186638889401529,0.6444444444444445,True,5
0.95296413927005541,0.25073653434066201,-0.17026608473832486,-0.2211786031740671,0.95941558146057959,0.17493360897388699,0.20721818154605295,-0.12904624131486453,0.96974620021903402,3.2452941055609235,-3.8151197853343639,-0.0049058309842901814,,0.07864194327589011,0.2692307692307692,False,5
-0.59538151551773544,-0.76389186549641619,-0.2489780488481082,0.78569582527268722,-0.61834211271616069,0.018305785718937574,-0.16793725354690336,-0.18472208712041363,0.9683361138576847,-3.9514872880727792,-14.963620466669457,-0.72617283738734395,,0.1053912074332045,0.4090909090909091,False,5
-0.82563689193088019,0.54176866564467885,-0.15751328708493603,-0.55034658543550619,-0.83482966395533587,0.013344215214887392,-0.12426728685457246,0.097704376083193475,0.9874267042732835,-31.590485548439545,6.6923626519364516,-10.757133637321919,0.1869446047608535,0.1465614741863646,0.3809523809523809,True,5
0.96703056662962872,-0.13122985431949907,-0.21824437802441657,0.19515339494002903,0.9324597482007877,0.30402955518946956,0.16360634354254866,-0.33659700432506628,0.92732703024986318,8.0050814303171176,-11.267183387591011,1.7197552981913746,,0.4207018316563055,0.2333333333333333,False,5
-0.97223520158277998,-0.040447548340053402,-0.2304836407135458,0.079612661068216739,-0.98336658017216749,-0.16325438186503416,-0.22004667005189843,-0.17707107283171972,0.95928374226049273,-6.4825554652678505,-6.8893147973114495,-2.2087988026160765,0.6738485361170112,0.6214492093389106,0.772609819121447,True,4
-0.88014838613786905,0.44005907206271483,-0.1780079534015481,-0.45189264815685393,-0.89155739947217527,0.030305741835484797,-0.14536799138975262,0.10711403522282022,0.98356226571457794,-10.525687719517471,13.478806415359692,-5.6313025999835524,,0.08169907624968979,0.2380952380952381,False,5
-0.85596491686742371,-0.42938329869025671,-0.28801743679509956,0.46433651960264904,-0.88341893158560847,-0.062949089583899137,-0.22741076855646919,-0.18761922641887463,0.95555395882312155,8.7839611120105303,-20.380606657317092,2.7028129624229935,,0.3013166101149717,0.1463414634146341,False,4
-0.98040316676468908,-0.032582036505437457,-0.19428855214584451,0.02893901254759176,-0.99934863196821089,0.02156027216982264,-0.19486447636893833,0.01551524026320069,0.98070745544685001,3.0796606619903701,-15.292367563485028,0.94670689984318979,0.2596950995484302,0.2575153027209886,0.8714285714285714,True,5
0.8638481276246186,0.47341779156854968,-0.17216854249774943,-0.46235844716976571,0.88079613394786449,0.1020922952688412,0.19997769558179521,-0.0085886581521469468,0.97976280610203925,-12.712661906978624,-2.8297621536012931,-4.297908785911071,0.1897082541579882,0.1561240240494459,0.75,True,2
0.3973607814359485,0.9161537117449674,-0.052600245555823738,-0.90648746363033716,0.40079466323705099,0.13283115674320684,0.14277565498939895,-0.0051004290622899684,0.9897419350344463,-5.7755688365615843,23.818422707619973,-5.6608275260019916,,0.1032442630085793,0.5,False,2
0.27710840315151736,-0.9344357072222953,-0.22369810453105415,0.96079818157562702,0.26734531449610405,0.073439342984190789,-0.0088197042913359808,-0.23527939111819679,0.97188776148857092,-3.8010904832520276,-11.229935648059556,-1.1188058194713266,0.2422588140843104,0.2476491676072968,0.7794117647058824,True,1
0.28606611687766464,0.9537367943621895,-0.092478667022560287,-0.94987419731640699,0.29495628775147592,0.10363299468982255,0.12611576446680434,0.058197211235624519,0.99030697188162331,-10.118016435223858,-3.3511650559746506,-3.5403541716540605,0.1924670056641226,0.1442753695253034,0.2873134328358209,True,2
-0.9361593181790917,-0.27316903250628211,-0.22132422069453142,0.28798479579281938,-0.9569181405556525,-0.037046317869427275,-0.20166925491662804,-0.098419266178408488,0.97449636205902646,-19.40567190767263,-18.412111977863244,-4.1025305008357975,,0.108501452635777,0.4666666666666667,False,3
-0.11909933560663195,0.99260253977520196,-0.023570029484027866,-0.99208063345874764,-0.11801584901372131,0.042991581706904709,0.039891916150390713,0.028503638599126302,0.99879736564153043,-15.530079477172398,-14.671301307983653,-3.4949416127654804,,0.5671318298304334,0.6521739130434783,False,4
-0.96616704613302962,0.23261161587345469,-0.11141398084315475,-0.21475845667862967,-0.9647789718838099,-0.15192215340704651,-0.14282872348232914,-0.12285508362115669,0.98209296106674593,-28.228851444520302,12.239796077135603,-10.523878294285687,,0.3865038860009823,0.391304347826087,False,3
0.9742934608078454,-0.06874910976999099,-0.21453627230122252,0.11727885091679349,0.96786379280778811,0.2224530280741514,0.19234844255856895,-0.24189509808500945,0.9510461808806846,-24.901011444439614,10.838841431288916,-9.2751835934516507,,0.2747102535065281,0.48,False,2
0.65025196432822918,-0.72757265172993379,-0.21865593827278457,0.75524885473947123,0.65024853136056993,0.082316552880567245,0.082289430074563935,-0.21866614716982241,0.97232379677754921,-1.6592080303176848,-9.6561470286177542,-0.74484980266185885,,0.08304454888894507,0.25,False,5
0.24920499170828661,0.95983224577483239,-0.12891443704455599,-0.96204685689505931,0.26063685637330364,0.080834857816291947,0.11118775672712797,0.10387727889526142,0.98835560082558627,-11.745501926256336,-10.891684711931989,-2.9401732264447364,0.2628960980228365,0.222674314271512,0.8296296296296296,True,5
0.58715657432860391,0.80933059478978686,-0.01520347196892774,-0.79264888954392376,0.57866080271662934,0.1919880551079477,0.16417946012666901,-0.10067603357581106,0.98127949185538321,-13.358110628156679,-29.563692114365249,-1.7851833026226698,,0.3135427737523728,0.1304347826086956,False,3
0.50794809189461632,-0.81906718904981468,-0.26667897510425081,0.86022177823110568,0.49844093219984764,0.10758777516363711,0.044802100369659058,-0.28405206728658383,0.95776155428827114,-12.853955903919934,-10.774790841676964,-3.2504463684360427,,0.1304498708127213,0.2941176470588235,False,1
0.05894980145296249,0.99816295190864723,-0.013987220798679811,-0.99516511876406111,0.05986385120511209,0.077863378517782425,0.078557668651555307,0.0093295635432171509,0.99686591472480601,-6.4353999304413207,-9.0398867093129116,-1.9336990740563957,,0.1270738728639343,0.2857142857142857,False,3
0.31008605874207296,0.94763805868716133,0.076346223884590975,-0.94267033657411781,0.29605078516043687,0.15403431159689288,0.12336641648782512,-0.11973321315957922,0.98511150889096588,-3.9270908614765445,24.058300645851585,-5.2417445458143863,,0.5292696901301749,0.1904761904761905,False,2
-0.24001623997703456,0.96850712163461194,-0.066228089888862779,-0.96978118664678903,-0.23613672581245573,0.061350605119433688,0.043779613671595316,0.078951897162853779,0.99591663474467262,-13.036747169922624,8.574553412398501,-5.6685041804135343,,0.179470835568126,0.2903225806451613,False,2
0.3883299626221231,0.91150932650412275,-0.13546434152905881,-0.91075157496817927,0.40203012500171864,0.094357550222987779,0.14046853321253752,0.086732498448409717,0.98627889812669867,4.579591796850278,-14.361839471988239,1.171204900738813,,0.08478995809809557,0.3043478260869565,False,5
0.96327580711941696,-0.16404384751493228,-0.21257783400658933,0.19742469228105253,0.96929156344673673,0.14661976643247071,0.18199783047104462,-0.18320338731442223,0.96608141922943236,-24.004521343955304,13.113556954344299,-9.3170058029387626,,0.1664943036966608,0.25,False,1
-0.30550262892251978,0.94979941920324418,-0.067447809472287804,-0.95207950029789057,-0.303614367748682,0.036918028239437579,0.014586597750984545,0.07549423142034703,0.99703954394412198,-3.0805667513880119,16.095414950086951,-3.9231904704069547,,0.1425506523571872,0.3636363636363636,False,2
-0.038329786206141608,-0.93418511835443108,-0.35472382515769924,0.99763607450435476,-0.056036779780009344,0.039776150636146861,-0.057035868862797018,-0.35236067311350905,0.93412465212414864,0.95552187880396777,15.960094526593691,-2.872429194969595,,0.5539981568746358,0.2631578947368421,False,2
0.0021881809478075196,-0.9576176743363618,-0.28803402865418276,0.99751510648015718,-0.018192898352250384,0.068063432130817531,-0.070418919389758958,-0.28746722986831663,0.95519828702935605,-27.246042364614144,13.16670299437563,-10.246795815772568,,0.1190815544752754,0.2608695652173913,False,4
0.74114792316196731,-0.63395146224017129,-0.2209192149095508,0.66324102957962694,0.74239086919557162,0.094694952437821583,0.10397640441398417,-0.21670565488374588,0.97068407139838631,0.29675322385747938,-9.493361500703422,-0.30922749178019143,,0.1126281153989717,0.2391304347826087,False,5
-0.41017580258436565,0.9104777736138211,-0.052782901866918058,-0.91195976855375183,-0.41005302378419339,0.013634449927637238,-0.0092299249000697692,0.053728404412014819,0.99851292783102208,-3.3614748930621077,10.605585375934343,-3.4747621369870885,,0.2122483728343008,0.2,False,3
-0.74198788102751467,-0.63211613715624926,-0.22334541310481404,0.64412309777742449,-0.76454659287153481,0.02395709160440735,-0.18590163882524738,-0.12608606772831513,0.97444491081173878,10.344697167514818,-20.59940448302698,3.0953879467205483,,0.2529841395251955,0.875,False,5
-0.52162641044280711,0.84760552493449726,-0.09731784024046064,-0.85091528067962119,-0.5251445029604328,-0.012901012222390096,-0.062040898079204772,0.076079728646701844,0.9951697351982578,-15.780308215072651,22.478696899767986,-8.0695317552721928,0.4207006015080397,0.2745947735564357,0.3428571428571429,True,5
0.97372156072148031,0.10521058579624418,-0.20198280823510045,-0.083871524373349507,0.99022255721655417,0.11146683174290313,0.21173542354886404,-0.091597051349490352,0.97302522608546149,-3.9953180020201327,7.2055616400153761,-3.037013938963613,,0.1012553096782551,0.3597883597883598,False,5
-0.94236903760336721,-0.26002873440727636,-0.21053658648570972,0.26095451794730962,-0.96505578847222617,0.023876027708531686,-0.20938800474093999,-0.032440444183170054,0.97729436765582967,4.6619012862463807,-15.798030415722438,1.3371763679723123,,0.09220244109328604,0.3461538461538461,False,5
0.81375474712480322,0.55488805547378073,-0.1729232703379569,-0.54500754931733419,0.831875354120585,0.1046430427399019,0.20191578125288148,0.009090715003649899,0.97936069769097889,-4.3449613094764397,-10.572023460935402,-1.2730956230146926,,0.1046523357573462,0.4821428571428572,False,1
0.96567303865671594,-0.16324773244795526,-0.20205385485584185,0.18541482996899686,0.97795808827139952,0.096017281840912821,0.18192559808634071,-0.13018508146154889,0.97465630933461711,-24.032718768831241,11.083944230955808,-9.1499568309652854,0.5225337571735532,0.4764781387539793,0.8813559322033898,True,2
0.93183868085664556,0.33620397491332338,-0.13654142269592776,-0.29660266753297959,0.92246053098048564,0.24717084454992147,0.20905389370128319,-0.18982480353126147,0.95930340012565907,-14.402368641570945,-21.385381681819993,-2.708715135270285,,0.2915194457933356,0.25,False,1
0.82966719874841588,0.53741346805829193,-0.15112611842602716,-0.5211769281602826,0.84265311831134637,0.1353156744563532,0.20006736084221699,-0.033503530406891191,0.97920915262057595,-3.5361592854418391,12.578020411813204,-3.8074283594090512,0.2266229056564163,0.1282658728379011,0.4523809523809524,True,5
-0.17640254736133038,0.97039497548875953,-0.16497191527834576,-0.984284633408822,-0.17251917423861352,0.037694760316122969,0.0081179874166360799,0.16902877289443652,0.98557768451507977,-15.226439108755574,-7.972325834639638,-4.1319892028634673,0.3006480900019616,0.2649378826380104,0.8850574712643678,True,3
-0.68793900414897169,0.70474825465891611,-0.17340652849801647,-0.72014818994677698,-0.69251841237097722,0.04248332665367243,-0.090147163498928665,0.15410433505386362,0.98393360692208509,-0.73139143456389666,-6.9465546773882156,-0.69496001861546253,,0.1021611023200168,0.4868421052631579,False,5
-0.68354784301816374,-0.69682989987593769,-0.21723359994279673,0.70677835228535502,-0.70622109374686359,0.041426169117879087,-0.18228194382882576,-0.12521923728355386,0.97524019378208082,-20.617526052418643,8.0397611402675846,-7.6770938351208464,0.4820543478213924,0.49007867358922,0.7674418604651163,True,5
-0.7220359016669079,0.69180709640197757,0.0081913412772665617,-0.68879624020245067,-0.71768051747554984,-0.10244224870138094,-0.064991508576304022,-0.079609146483883522,0.99470522649128779,-12.895579824959352,28.566363420956165,-8.0120913824196798,,0.2277170216744919,0.1333333333333333,False,2
0.5028159429614345,0.85617652406689115,-0.1189028474870954,-0.84859940018671187,0.51511155409627085,0.12057837633372481,0.1644846056825876,0.040272155061040649,0.98555718658035418,-13.200369192844503,15.773525762702938,-6.6941363668779923,,0.177617325588363,0.1304347826086956,True,4
-0.25294822230200209,0.9653609267472868,-0.063995921306587919,-0.96747236745446663,-0.25213271036783202,0.02064738662938724,0.0037967151999383081,0.067137005236999919,0.99773654211996265,-8.3278782514993015,22.10032598165505,-6.2043481452935403,0.5621936827434639,0.1484588690605331,0.34375,True,4
0.52634292026283447,-0.80956832771578935,-0.25992739957274968,0.84776567946803938,0.5231249053426047,0.087370968441380648,0.065241727485446488,-0.26634461918678087,0.96166733376202584,-12.480363774724598,9.8762202375322463,-5.7209047594716091,,0.2220134791294017,0.6588235294117647,True,5
0.21949745211231961,-0.94469226966031283,-0.24367475076472009,0.975368461052457,0.20689478117225693,0.076491272102427149,-0.021845679214975454,-0.25446230598603869,0.96683592254937745,-13.034273127694581,-18.467737629662444,-2.6533447204201037,,0.1148389867797817,0.1538461538461539,False,3
-0.5378081116917991,0.83028768437469791,-0.1462354135433839,-0.84112013100919902,-0.54021458057647465,0.026175029009581338,-0.057265698367960596,0.13707869312291637,0.98890346934478079,-8.143600529430687,15.194714437680835,-5.3320724742594443,0.2140244473896141,0.1661226669484613,0.425531914893617,True,5
0.57668343778716946,0.80245328486457446,-0.15331320292795053,-0.79922366932486877,0.59303463104388843,0.09773153418182319,0.16934502937159224,0.066171383487836716,0.98333290854849409,0.84199289067647332,-5.0193922938191324,-0.44873888313560539,,0.07812385047507338,0.2921348314606741,False,4
-0.9640972791121708,0.17240824898864859,-0.20196987916314779,-0.18131656237807364,-0.98307235534279391,0.026325811823556172,-0.19401221769751123,0.062001127743286401,0.97903785398862575,7.000222556807036,-14.427447584751418,1.7808989313474228,,0.405438484109451,0.9727272727272728,True,5
-0.87837702715094723,0.44906096260419787,-0.16370109968615451,-0.4521645397693167,-0.89171191792727289,-0.019926976731750742,-0.15492264892089583,0.056516433817579717,0.9863087070283203,-8.6217373235640959,11.462610804495627,-4.9235505334859067,,0.1342376745866239,0.4035087719298245,False,5
-0.6735018723695303,-0.67426970357934424,-0.3029118597047018,0.71565559063120598,-0.6973698445382811,-0.038889272646251527,-0.18501973817146505,-0.24297256380850482,0.95222477899038382,-15.809679605977141,-25.857905945347625,-2.6372887411830552,,0.2002358395118771,0.3333333333333333,False,1
0.94854047633964689,-0.23815625139414126,-0.20869251224528046,0.26754366449029626,0.95528916808200004,0.125868951438805,0.16938521876615947,-0.17522615463192429,0.96984763875386615,1.8563539094120345,-3.6222469516904625,-0.44456641116305984,,0.1105835953637752,0.3140495867768595,False,4
0.65261330467901213,0.73554743995060412,-0.18184014446224908,-0.72781193718038206,0.6752879898626345,0.11948185989941346,0.21067904179979347,0.054369976360078967,0.97604213383282057,-13.842263257358608,21.572697153376463,-7.4766536561170138,0.1990297493484269,0.1706225995891399,0.3333333333333333,True,5
-0.025493098464962609,0.9848836107187745,-0.17133118591839996,-0.99758969432493771,-0.013999275070895397,0.067961916351495288,0.064536065167733608,0.17265078521408181,0.98286662506040323,-8.5142213461958818,21.05998618708324,-6.1353433985024006,,0.1128416439937801,0.52,False,3
-0.91846735441104188,-0.28530397345150821,-0.27389662578053892,0.33468272214637307,-0.92967750803489191,-0.15390648638289722,-0.21072540040981549,-0.23302655167773564,0.94936475173418367,-0.29694559451309366,-12.849626556262223,-0.12116343289717954,,0.09020595242681959,0.5454545454545454,False,5
0.87689424682841566,-0.41662224708730633,-0.23975483959901522,0.45769732816567782,0.87608052275754666,0.15164456282657937,0.14686604668617523,-0.24271139420469751,0.95891685951076433,-22.663945164585304,13.575934612879578,-8.9344898979592084,,0.1351690859680171,0.5135135135135135,False,1
0.49996558261195184,-0.83437058696050337,-0.23207787447035508,0.86509030431003109,0.49372966634506632,0.08859899525146453,0.040659335856245191,-0.24506476732891647,0.96865374526801618,-3.7459009418142699,-7.6774255758996146,-1.4088535126347779,0.1435408927214637,0.1215679393745205,0.4875,True,5
0.23014280143126792,-0.92006256859709501,-0.31704756869574868,0.97315652250040863,0.21786117916112582,0.074181462168370224,0.000820770541304916,-0.32560923893686022,0.94550407183400265,2.8792112518724142,-13.724272388299129,0.68131050799660453,,0.3675081413890284,0.4791666666666667,True,5
-0.3015235087031935,-0.92702394519591513,-0.22295779585544162,0.94553803354158406,-0.32080728150440013,0.055140867422192812,-0.12264338883784326,-0.19418880803784286,0.97326733532324616,-16.379300274139887,-11.463797253664438,-4.094053009001251,0.2714530509331047,0.2016966469851293,0.7301587301587301,True,3
0.44242316677728966,0.89024789812944727,-0.10826089494760067,-0.88424668704004072,0.45316957537338215,0.11289434181844962,0.14956449430752863,0.045782265474849468,0.98769147318913486,-16.487602798185215,-3.9341514957816752,-5.1813177938336166,,0.1060488226486352,0.3703703703703703,False,1
0.52010396087810618,0.84143288156215601,-0.14656935458994141,-0.8383438413708737,0.53574744591269774,0.10076843669298656,0.16331403342772699,0.070465452698664124,0.98405444283410426,-13.440234292507812,27.418871157922723,-7.9984006997921862,0.2265440291729786,0.2976166778124841,0.5,True,4
0.88921046895595679,-0.40782426948618233,-0.20732608884843623,0.43418164759311972,0.89509144403083507,0.10147710932086623,0.14419098027426022,-0.18025169081275383,0.97299449595909415,-26.539521602648787,11.858276289764778,-9.9618107253979851,,0.09876240880386561,0.34375,False,4
-0.98006854046589664,0.059292286670111272,-0.18960506514984543,-0.055538272938872695,-0.99814211346716319,-0.025056367699110058,-0.1907384497892731,-0.014026619861358692,0.98154067552356206,4.7512578913643138,-22.00265899283238,1.8954332152013778,,0.1844704654734211,0.3333333333333333,True,5
0.51168318492884457,0.85672148015095673,0.064873906226069256,-0.8458449979557241,0.4890581429136901,0.21299852648104317,0.15075330077433363,-0.16386103349414033,0.97489640680837308,3.8083424268134647,-17.622552953576786,1.3461633832191833,,0.2190246997557161,0.1666666666666667,False,2
-0.95002489782593258,0.27241757909940512,-0.15245115974778953,-0.26028891982233554,-0.96085271465728883,-0.094930179360628225,-0.17234376034121013,-0.05050468625126385,0.98374127947246037,7.9662266585886146,-23.33808846806841,2.7821257784925781,,0.2852243722633712,0.3846153846153846,False,2
-0.53465770781201005,0.8244401838121842,-0.1855788748563198,-0.84353130333750248,-0.53389797367313518,0.058377170173393035,-0.050951700334142161,0.18775339417291678,0.98089376958445795,3.3543775491184271,-5.050566298859545,0.16111608936389546,,0.06888438153655033,0.2823529411764706,False,3
-0.71401336724119602,0.69981830347461449,0.020958375958154862,-0.69506518178654253,-0.70493346004869328,-0.14125583163827368,-0.084079155971808789,-0.11542598938580483,0.98975124981248608,7.2466730674044237,-8.9993401374377573,1.3346086259473544,,0.4756035216442597,0.3076923076923077,False,3
-0.98711167386892207,0.019750935374940326,-0.1588094577268902,-0.0041185046493879655,-0.99516137356861933,-0.098167604006978507,-0.15997994008983427,-0.096248330421015146,0.98241675355218749,1.0409585062387468,-19.816344363336285,0.8320681711371799,,0.225694130661818,0.1904761904761905,False,2
0.92513615305456798,0.35332929033907373,-0.1388578802224831,-0.31688187808835655,0.92013153603198805,0.2300952666584217,0.20906691189805923,-0.16886790396016874,0.96321059865509584,2.8987488412987505,7.1754047828099585,-1.3406417575916039,,0.1947831202601786,0.25,False,1
0.45257444237490385,0.87507158543850638,-0.17154035812946339,-0.87880504281587957,0.47031568391241652,0.080652676256756414,0.15125498613409777,0.11424919178766911,0.98187018049507913,6.1608929005916186,-5.1588851722165154,0.8316698810087787,,0.06757661533526907,0.1525423728813559,False,1
-0.30358684359158833,-0.8328154618949638,-0.46287518277260897,0.94505553289923727,-0.32502647023911091,-0.035040453485144049,-0.12126445536362507,-0.44808057319257222,0.88573062033147543,-5.5222019416292927,16.78395230569032,-4.6530907872349694,,0.2930320262822945,0.3684210526315789,False,3
0.2447323923029307,0.96803011364414537,0.054988682797350835,-0.96414682082874537,0.23696530183826253,0.11945021394089279,0.10260099435925715,-0.082250500319477782,0.9913162417481558,-0.61384428459827056,9.0722108945860533,-2.5614889967879901,0.6190063998088631,0.5885620636390313,0.2469135802469136,True,2
0.97904870932008614,0.043124461321602421,-0.19900730040477399,-0.017072299030012079,0.99125992455014356,0.13081398467547256,0.20290924420662595,-0.12467575071587311,0.97122798343073391,-15.141884602742023,2.5466644330561552,-5.4921635696446529,0.2931378231452862,0.2062905920229416,0.75,True,4
0.81216539984462,0.57408502312462462,-0.10398917981804191,-0.53747174260612074,0.80554930352712628,0.24942823714828966,0.22696142666799074,-0.14668573826709497,0.96279374997652978,-2.3181687085852407,12.98972018441018,-3.4975757427754668,0.8912802575616924,0.4547161623297691,0.2121212121212121,True,3
-0.30803393570445448,-0.85579337444641312,-0.41561135055246701,0.94213443245646233,-0.33513531117350381,-0.0081874528749074638,-0.13227927137070314,-0.39408377720766463,0.90950545402838345,6.7538796207356873,-7.2792404622740481,1.1752392171308548,,0.4136404221028012,0.1578947368421053,False,2
0.58006987220709105,0.81129602812316681,-0.072922548702191572,-0.79561646224991489,0.58349795652596215,0.162863684493987,0.17468081850786982,-0.036453936434918233,0.98395006080787462,6.7112687266823015,-17.134133526995786,2.0247172225976628,,0.1643417191948377,0.2258064516129032,False,6
0.34147973220603905,0.9282914975151747,-0.14719540799062678,-0.93036149772650523,0.35608972586153598,0.087336078936207942,0.1334881119822551,0.10712143938956163,0.98524409218351694,-14.753527412785736,18.026261156362729,-7.4593920711317763,,0.07917667747975501,0.2777777777777778,False,2
0.81738090275388775,-0.49540166179626421,-0.2940504264624354,0.56527769869933608,0.7881454630586332,0.2434909698803554,0.11112867841571256,-0.36524501714546831,0.92425456140826523,-8.995518282650286,7.3330828149671232,-4.4428005050754829,0.8907692629836677,0.6364858157717034,0.1773778920308483,True,3
0.87015587601217326,-0.40180149486097649,-0.28527935461398618,0.47108542734437236,0.84814955562986272,0.24232385649918367,0.14459347006437762,-0.34525047431155154,0.9273051484826289,3.7017004366771138,4.3582623190963323,-0.77306739491513898,,0.1213270993769195,0.2297297297297297,False,1
0.18433348182972731,0.97746403965529294,0.10288449182109946,-0.97846938124290861,0.17261362746378831,0.11314683196586961,0.09283769410454909,-0.12152607454595413,0.98823710503036732,-15.849033497671668,8.7039948874053685,-6.4549641284311967,,0.2627967203682546,0.34,False,2
-0.032503352587350487,-0.93077553536686708,-0.36414342618411538,0.99812323951522175,-0.0491472356475764,0.036531465448882493,-0.051899237087106309,-0.36227262108904323,0.9306261425508382,2.6590637810607611,-22.349375391448017,1.4377468319154578,,0.1347979003993881,0.6111111111111112,False,4
0.85705962030120331,-0.4592840042981346,-0.23346736526767353,0.49660395662377604,0.85711394748165715,0.13689481837536055,0.13723453470161606,-0.23326783839244358,0.96268000813195909,6.6884338792474836,-19.388766972432155,2.1592400275389778,,0.1259575651236638,0.5625,True,3
-0.85472650744823819,-0.44239010307394783,-0.2715393050141332,0.4807000038360984,-0.8719980219034511,-0.092449749098864997,-0.19588288280835453,-0.20954819612368403,0.95797674800800781,-1.5607787710665091,-34.102581381594462,1.3223776398323119,,0.2174047718384631,0.2352941176470588,False,3
0.91747635346834489,-0.32507966529313664,-0.22926044586742764,0.36354546535410776,0.91916891248430255,0.15153615061394143,0.16146775358223919,-0.22237743036407298,0.96149698024371255,-6.1054133949936267,19.647923774090678,-5.2601278112968322,,0.2182399120903508,0.2307692307692308,False,1
-0.78579752301476291,-0.55809568724888126,-0.2665547911744649,0.58559727563851305,-0.81003459356698726,-0.030328006685536646,-0.19899267219828748,-0.1799254320516292,0.96334249117975701,-7.9598640321470828,-13.44904954558433,-1.8437527675417802,,0.1863789539559601,0.1851851851851852,False,1
0.92051719047463998,0.38012989522200935,-0.090273832305830984,-0.33071422661178979,0.88112355500915251,0.3380079601497587,0.20802933052154648,-0.28128729720081441,0.93680374362841845,-6.2213303628267287,21.129464794498325,-5.5026537033256728,,0.6194316152048478,0.2727272727272727,False,2
0.15386439978289285,-0.90383528549988945,-0.39925871708052207,0.98688976363086833,0.12064630658986167,0.10720570482411572,-0.048727209237349939,-0.41051948235322444,0.9105489628176956,-11.681519074444877,10.369088976893254,-5.5996486023963339,,0.1694394281515467,0.1785714285714286,False,2
-0.19845443061908735,0.97836285720705918,-0.058497509393935512,-0.9797637449259764,-0.19644401602600203,0.038376460183334356,0.026054617561596494,0.064929717427504349,0.9975496422226332,-2.1796854633141178,7.2624076280245706,-2.5921877566323972,,0.5165210527813267,0.2261410788381743,True,1
0.9117805205936641,0.37278859058233077,-0.17229320647543461,-0.30963700346950135,0.8996243110832699,0.30789775086931181,0.26977992576983068,-0.22738681940603372,0.93568906481375147,1.4924761824155164,-16.443855382539713,0.68168068880326615,,0.5932099643166755,0.7317073170731707,False,3
0.60074112650266753,-0.70169199369823287,-0.38306454404983104,0.79641806921112002,0.56693839241287558,0.21047355710952426,0.069486386885041412,-0.43151964635240359,0.89942339131777016,-8.2738933726337631,-20.268860504078241,-1.3018795524098423,,0.1381417611521196,0.6,False,3
0.30090737994917671,0.95145918809771235,-0.06465417292460994,-0.94517462168929933,0.30656625887766614,0.11252583451031681,0.12688452705753081,0.027249629395558611,0.99154312790276189,-9.190839342489765,9.8516338754385977,-4.8199392219000528,,0.289636262561105,0.2307692307692308,False,2
0.81101266991083332,-0.54454152478001261,-0.21385269938525736,0.57133394919999148,0.8158445829066453,0.089303611536287186,0.12584104153909367,-0.19460766771158175,0.97277535327135789,4.5448151035442006,-6.1662060207368379,0.54807331696892048,,0.1223275213657721,0.5063291139240507,False,2
0.37311585614467779,0.92391700799551613,0.084628129070884517,-0.91897273313847283,0.35548946677263948,0.17063515101440996,0.12756830970672178,-0.14143762353178416,0.98169329477604772,32.850746784634481,13.014839462413741,5.2276376622179077,,0.4495898551661261,0.1578947368421053,False,2
-0.66601958227397762,-0.67919932779721015,-0.30839291358170973,0.7228865746949894,-0.68967355217502879,-0.042253893974698517,-0.1839916197910744,-0.25107501777376751,0.95032016673148656,-19.241629995646193,4.162273848274717,-6.8402201983965876,,0.6561614177280284,0.24,False,1
-0.60967649579394556,-0.70435530312660444,-0.36356316842310044,0.77634561792448864,-0.62317096819718742,-0.094580261818328668,-0.15994390268421815,-0.33991403524068942,0.92675584521519583,-9.7243490839901039,15.529158501589661,-5.793148607920978,0.5243274336726993,0.5071602515994623,0.2857142857142857,True,3
0.64325246506158995,-0.73106409539846096,-0.22753363402235294,0.75987399861938187,0.64600228980162544,0.072612311581775918,0.093902994704002749,-0.21960494072376188,0.97105916276781667,-6.1800053578497396,-16.149224585224733,-1.195682429253035,,0.1185368155008478,0.3125,False,3
0.034609405865180257,0.99759022373043649,-0.060132641245144808,-0.99648526516577551,0.039038596790865826,0.074115479274540597,0.076284371486916455,0.057356198253181584,0.9954350612615509,-6.9252157195961548,-1.0635634449853804,-2.9239128281515501,0.7176053712756975,0.7309606392831618,0.275626423690205,True,2
0.9579115260838077,-0.13498456763254893,-0.25334694530790158,0.2243503086823386,0.90261662066444082,0.36735565205185661,0.17908781976988403,-0.40873267865606139,0.89491069398499812,-0.56002075548284402,-19.634814492599425,0.42751106479222883,,0.6061872241926693,0.4102564102564102,False,1
-0.87623639756264793,-0.3943930910849302,-0.27688240336090014,0.43660526682105083,-0.89292591289577516,-0.10981418425397908,-0.20392551721291097,-0.21711150080942704,0.95460828597164704,33.670317218081479,1.4240958882582337,6.3910384535102054,,0.2404856284936416,0.1578947368421053,False,3
0.13266951436495153,-0.90681363001037485,-0.40010978541592335,0.99115465416205861,0.12001263963110133,0.056651724260313042,-0.003354324232842848,-0.4040866327363275,0.91471456845988763,-11.591016333412053,27.538846637237768,-7.6067790640214019,,0.5110770641795022,0.4705882352941176,False,2
0.10814674234589833,0.9941165996961655,0.0060389012662163677,-0.99014864384873669,0.10716766354825535,0.090115231643241131,0.088937872722912203,-0.015725078637043088,0.99591303671424114,-30.091076477491981,12.351890438104714,-11.206358238478119,,0.2398602780262927,0.125,False,1
0.86984435956199424,0.47658249833560212,-0.12743591494700884,-0.43902218762482143,0.86564362394519301,0.24066706275714411,0.22501179727139081,-0.15339569290964772,0.96220551468252802,-16.74566958393434,10.120671480917149,-6.9055998506100948,,0.4240029275829026,0.42,False,2
0.23173354045158265,0.96672371087340991,0.10837358102839681,-0.96675694033429227,0.21648795345765151,0.13606610277065911,0.10807675302881975,-0.13630199133857701,0.9847543767924497,-5.4355588378847814,-19.195174173617396,-0.78896873671850043,,0.3539262711153328,0.1538461538461539,False,2
-0.55896716417701375,0.8132125838608234,-0.16199074918745082,-0.82763768384523118,-0.55911822680589696,0.049017065729519013,-0.050710685769468279,0.16146857868896297,0.98557410905773968,-12.481385882838342,1.3949197851526203,-4.6144736747279902,,0.1377166769281745,0.125,False,2
0.72522816687615888,0.67557922438476403,-0.1328036804803493,-0.66124585094095611,0.73717250133922674,0.13903462835796951,0.19182812771545549,-0.013015945949038821,0.98134222092409451,-22.607698102488509,2.9216962352339717,-7.3828091681995511,,0.09386309063543571,0.3846153846153846,False,1
-0.97938402851157569,0.0099536146575285901,-0.20176186520670103,-0.0089114094591224852,-0.99994184971262323,-0.0060732178250283014,-0.20181058316621905,-0.004150029945411339,0.9794157777846767,-20.156585446806378,25.307496840887218,-9.5214801923202934,,0.2383761339761353,0.2631578947368421,False,2
-0.42252414057374421,0.89932602641325654,-0.11263236146046923,-0.9062347329467485,-0.42119098899648688,0.036561723005041721,-0.014558826647598472,0.11751956859989046,0.99296384202182375,33.930913224400527,5.2318175583588609,6.1169365791070627,,0.1160324530519825,0.2666666666666667,False,2
-0.96301937139448224,0.19164000899740413,-0.18938795439639647,-0.19880489569068244,-0.97984695578458059,0.019405068644748134,-0.18185242304790322,0.056338709526979419,0.98171057142135398,1.9638686728448072,-31.458998588914447,1.9775612252338011,,0.1212296884018123,0.4545454545454545,False,1
-0.87057583386246939,-0.40825692406206859,-0.27463430494030466,0.45547411481008448,-0.87980674636333367,-0.13595374136644797,-0.18612105800428891,-0.24344685869598595,0.95188895295534381,-6.4321716495770396,-11.019576201967825,-1.6509904374418871,,0.3864483061810396,0.1052631578947368,False,2
-0.0036928955937168724,-0.95049947242480659,-0.31070422501520423,0.99504231860143022,-0.034372139647469054,0.093323845872025329,-0.099383835277295246,-0.30881921723917966,0.94591413159406623,32.366267600432018,6.8646926528536651,5.6857116989551217,,0.2064468842385508,0.2380952380952381,False,2
