axis_00,axis_01,axis_02,axis_10,axis_11,axis_12,axis_20,axis_21,axis_22,location_x,location_y,location_z,dbh,dbh_approximation,score,reconstructed,number_clusters
0.81031119404991936,-0.5205876008799436,-0.2690433396452353,0.57587193787883384,0.79240837595596647,0.20114789802159755,0.10847709417694326,-0.31792690280140656,0.94188916785046151,-4.2998612042749231,3.6673502284158004,-3.4198062060034018,,0.1053265119868477,0.1099476439790576,False,4
0.59246575340397101,0.78624331106579237,-0.17551577378618827,-0.77615672527643942,0.61546248021224004,0.13706448576911254,0.21578940857145518,0.055021734390123145,0.97488847561815195,-3.5086761441368322,-4.0424011402054099,-2.1144567640121723,,0.07003570216161394,0.3008849557522124,False,5
-0.10703061816255111,0.99022070446765786,-0.08948409478403542,-0.99078065008644822,-0.098705445892497579,0.092795141928004601,0.083055103335180236,0.098591031005559937,0.99165601819141092,-10.94282485413923,12.033310360953472,-6.0077873860427564,0.3784018683015336,0.1580591966321619,0.2410714285714286,True,5
0.6865609700312153,-0.64708746423164176,-0.33152955835650766,0.71917490788389815,0.67141959854914868,0.17883840346605354,0.10687135397281911,-0.36121120735431833,0.92633955835948878,-11.869460517592776,-1.4842624629079992,-4.1567085317738766,0.4724575836088905,0.2321850465946717,0.4468085106382979,True,4
-0.89611064501454107,-0.32824215483142205,-0.29873533383791157,0.37521932740580333,-0.91978697114832453,-0.11490162769486055,-0.23705731001755737,-0.21505584274187142,0.9473936965537737,-5.4989284331656236,34.17514485032315,-7.3696166087979851,,0.324060887289248,0.125,False,1
0.42569401944304591,0.88987345725054823,-0.16404216498016705,-0.89005056464655563,0.44445778819990467,0.10132752281979451,0.16307849086489329,0.10287130109707582,0.98123539542141669,5.0188328093039738,-6.8315043655887902,0.11612690092323386,0.394450415115743,0.2583487141079064,0.4117647058823529,True,2
-0.56864041887147565,0.82219341552853764,-0.025417739616055063,-0.82253429772755837,-0.56798587157620894,0.028798936640888936,0.0092413790910402804,0.037283201999442017,0.9992620075641645,-5.3497690553380597,4.9092578705431249,-3.808684032986593,,0.3784751740380212,0.231060606060606,False,3
0.90621181287328345,-0.35626588408881843,-0.22771642462354674,0.39692689126385278,0.9023798955515725,0.16780812583408455,0.14570241315960575,-0.24245647844251744,0.95915883088293685,-13.412229646177339,5.0490593308283946,-5.4314539896264282,0.2492420447994275,0.1699085817602017,0.9714285714285714,True,5
0.94065371118466734,-0.2233796031105377,-0.25548414539593356,0.29716017144907952,0.90575638591853647,0.30216088739634073,0.16390981709118435,-0.36014847255259763,0.9183826270020381,-2.1668603243882085,-12.386127542024296,-0.63646999466166021,,0.4747629002881993,0.1176470588235294,False,4
0.80900595840677036,-0.53954639363423218,-0.23323603576342664,0.57797997342902341,0.80241476328129746,0.14855873580239387,0.1069977082807359,-0.25499066019074978,0.96100533486456641,-11.056035869135663,-7.6458701147438406,-3.1622711152932625,,0.09699661183504737,0.3793103448275862,False,3
0.16556495305609387,-0.91804565064660393,-0.36025050957408106,0.98281142945630628,0.12334308593525413,0.13736148398302189,-0.081669703376361535,-0.37680056592423017,0.92268705045079868,-15.546138758126151,14.599750653504486,-7.1503078232379078,0.3187278982326887,0.2883714639235953,0.3414634146341464,True,4
0.90618725503844333,0.40250792753722658,-0.12966120111883461,-0.35567363181697481,0.89131717442717928,0.28115825117053372,0.22873768040271636,-0.20866495355194786,0.95086172008507597,-9.0014857185987456,22.524677890642238,-6.8403397336406089,,0.303211806703127,0.4117647058823529,False,2
0.15423772588342144,0.9819249559003137,-0.10970006788730256,-0.9780676014663604,0.16746800683692345,0.12384762269785385,0.13998032317491052,0.088192106598245862,0.9862188709701375,6.539919492038953,4.330788821635764,-1.3221443786713625,,0.6132248727930554,0.638095238095238,False,1
0.96622569825944293,-0.090307137253799574,-0.24135559033110457,0.17206295926756782,0.92331106171934851,0.34335261955426727,0.19183909421997342,-0.3732844816861714,0.90766538859931623,-12.672136575982435,6.9356084792436388,-5.5317680093260204,0.3156339260181799,0.2291770583298084,0.425531914893617,True,4
-0.79547357918542549,-0.55687972433893185,-0.23897020198787144,0.55860048480790081,-0.82671946040269639,0.067085260406831548,-0.2349197377622983,-0.080124318478658391,0.96870677214419421,-17.671121143464273,4.2932251104457384,-6.0952618067045448,,0.08665839185510839,0.1923076923076923,False,1
0.32685016345301721,-0.89311037061478993,-0.30906768927056916,0.94456934875796883,0.29800365075191726,0.13777724603676908,-0.030946987538095133,-0.33696838136365626,0.94100722309846019,8.6373156733484873,1.0942713689791284,-0.34568621699026492,,0.3336727493954124,0.4857142857142857,False,1
0.006718960470495576,0.99826104817304306,-0.05856394172743043,-0.99351857403299648,0.013309721640390897,0.11288797261576147,0.11347113563209595,0.057425874049188419,0.99188032058714126,-7.4886531601524569,10.540924098043003,-5.1178552555011052,,0.07974516368737639,0.1932773109243698,False,5
-0.2537513468008315,0.95437430910137977,-0.15741642901561478,-0.96601214666509561,-0.24174777433204336,0.091534398457614768,0.049303006929173526,0.17529315940095136,0.98328099837990079,-11.602048713154151,-3.8332215905111098,-3.8193516659188278,,0.08241529756841218,0.3448275862068966,False,4
0.37417480897614752,-0.88550600334676954,-0.27544932449453319,0.92698894481841776,0.34876476092748593,0.13803853708160729,-0.026166935473995553,-0.30698902190799043,0.95135326347045013,4.8085416776952004,-3.3748770887575779,-0.44029871118281666,0.9385439367705988,0.7012257877596679,0.9973226238286479,True,5
-0.73600298760728478,0.67425510350389728,-0.060660181602935737,-0.67601123864036561,-0.73678292420123004,0.012638347890615478,-0.03617191541888351,0.050308826307463264,0.99807846110939391,-0.55844667872363574,-9.0171215079321723,-0.76797289032372507,,0.2339476767668811,0.25,False,2
-0.97239684414057093,-0.018172481985295461,-0.23262445787997521,0.074499116712492278,-0.96896124072987044,-0.23572016369476845,-0.22112046290318013,-0.24654385991487224,0.94356868643663649,-23.374689020460551,-1.1387079277667969,-6.5404003251881306,,0.3969095191910444,0.2941176470588235,False,1
-0.97165170531229572,-0.020015993778413191,-0.2355680868809939,0.030203498374052045,-0.99875435114476707,-0.039717688192606029,-0.23447966276348486,-0.045706739792496322,0.97104592151342917,-7.999398313345166,1.128536413996724,-3.7754619625564168,0.4071403347168058,0.1792026569615042,0.3632958801498127,True,4
0.75004608617684398,-0.61031319226905267,-0.2548503010654638,0.6542183842798508,0.74120043775172584,0.15040018865318064,0.097103935456090446,-0.2795348250558583,0.95521259795918256,-6.636890017004017,-10.552002812896816,-1.8370519340055547,,0.07517628257007693,0.3846153846153846,False,5
-0.96563656670990705,0.13576720400891157,-0.22161517851515949,-0.14350846378281892,-0.98946411516784805,0.01913336399597676,-0.21668258318424849,0.050279529738351578,0.97494647393274458,-11.362818743819384,19.589466538307921,-6.9200282713139618,,0.1336649823341165,0.2432432432432433,False,3
-0.59801648158760379,0.78809265551329588,-0.14589809483192365,-0.80041294925441053,-0.59664601562319941,0.057902009523134748,-0.041417368523839523,0.15140508038689662,0.98760371770138577,-0.78738589379709434,18.774378869685361,-4.8141580865178959,0.2153551531909846,0.1198499815085456,0.5675675675675675,True,6
-0.37183568127339323,-0.83662881801304423,-0.40223183240769167,0.91295889672640229,-0.40802435604242265,0.0047093273699887889,-0.16806034338910214,-0.36547003399220596,0.91552573706787421,-14.029576741812296,3.7347578514047606,-5.3007858507229884,,0.2604666047603611,0.4090909090909091,False,2
-0.73057451740204449,0.68226416916742172,-0.027865354708991819,-0.68085098249100107,-0.7309541548179882,-0.046346123843954534,-0.05198859647854065,-0.014887142929675079,0.99853670879521672,2.2187444187927632,-2.6646397697928803,-1.069629407420815,,0.4297041516086482,0.4966887417218543,False,3
0.86609279590484767,-0.43092748621419469,-0.2533471343963476,0.48058191214606893,0.85726494113731144,0.184764299622172,0.13756560107728247,-0.28177707912809152,0.94956694502193417,5.8089018356035762,1.1986424478117153,-0.94442504631133917,,0.7279408226601238,0.46,False,1
-0.97476519547904517,0.072189261507004679,-0.21123807470664885,-0.085177738285033056,-0.99495319867157961,0.053036641615382074,-0.20634332211958029,0.069691053774967177,0.97599466721923733,19.479313873272083,-4.7262514294194498,3.0235633853539405,,0.6776664533585893,0.358974358974359,True,5
-0.96429989782437164,-0.12348060047217679,-0.2342610688162631,0.14222099243197378,-0.98771146945842114,-0.064801561801792293,-0.22338060875459134,-0.095804981119551755,0.97001160262396413,-6.7262637235382057,-7.5996778102762894,-2.2454695311823829,,0.08268822862546063,0.2142857142857143,False,5
0.61762399969467807,-0.74936961505521216,-0.23871693495257812,0.78491383636722134,0.60642517426078879,0.1271171802002577,0.049506206484047383,-0.26588284648464455,0.9627333210525042,-5.7866809904132115,-12.049119975694706,-1.4887165520993415,,0.08291758872386058,0.1891891891891892,False,5
0.29783191972704859,0.94691226032296461,-0.12105089360163543,-0.93704311768697268,0.31420901376918031,0.15239058783821463,0.18233579787627699,0.068043125415081618,0.98087909035546716,-18.800328322651303,16.472006528855044,-8.0253829227380642,0.5476225044584555,0.3124149493333567,0.3157894736842105,True,5
0.478419180856195,-0.81049497205910437,-0.33795412063740304,0.8779284531015682,0.43319005371435487,0.20393138208143222,-0.018886996150160762,-0.39426422311676629,0.91880302771952072,-12.236088558807808,17.903618439545621,-6.9322403268921624,,0.1731038926683517,0.2758620689655172,False,5
0.81249322815060065,-0.52818317698338713,-0.24673322792269922,0.57334434119780686,0.80057511782653368,0.17422900772686195,0.10550365219209877,-0.28302298894042199,0.95329269749923129,0.27903130114050223,1.1695665400058997,-2.1244230454310329,,0.1522130272230325,0.6075471698113207,False,5
-0.93518591067811108,-0.27488409385147311,-0.2233070697864436,0.26604746557126469,-0.96146194400942342,0.069351829714348667,-0.2337649642958923,0.0054465740677775709,0.9722778801858375,4.7372562932316509,1.6258444393561642,-1.2180349309777578,,0.07514454544618639,0.2790697674418605,False,1
-0.68431449303247738,0.72750321369587279,-0.049525232840247596,-0.72570964889081058,-0.68610354790053307,-0.051062971565287787,-0.071127913876901733,0.00099780783630001868,0.99746670332750575,9.3137924417991798,12.193348354814477,-2.1138437980859925,,0.5598803317087616,0.1428571428571428,False,1
-0.63381949184679909,-0.731335316888026,-0.25183626829223038,0.74288819038835452,-0.66624401053310445,0.065084982985939982,-0.21538335204138065,-0.14583405878276515,0.96557881033210546,2.7370579881702608,7.5172872188675566,-2.7251383493162926,0.3258849638939924,0.3022687909714498,0.8344827586206897,True,5
0.82163684680166815,0.54013188355541231,-0.18212753867742185,-0.51810845017399498,0.84088613662595912,0.15644212696256385,0.23764790307535655,-0.034176799106303807,0.97074992689504458,8.8162660514982125,-4.5742994221946427,0.62849718039755986,0.4643627332690003,0.2105593673429693,0.3181818181818182,True,4
-0.69792779058728827,-0.63001071654763985,-0.34056320435577847,0.67400191239336471,-0.73857824824260687,-0.01495303691458913,-0.24211200138785616,-0.2399763910429763,0.94010271275321566,2.9273826121523441,2.8731040443325484,-1.8807907994715329,,0.1561158034216586,0.2580645161290323,False,4
-0.045961883582425533,0.98723000320503063,-0.15252680429796708,-0.99395850112325757,-0.029961846221492932,0.10558781092439695,0.099669470262273144,0.15645832845455815,0.98264275713752813,-8.2805719396199962,-5.9290463562205113,-2.7848711942704001,,0.11455319633567,0.4264705882352941,False,5
-0.93827270540930141,-0.27488081391083014,-0.20996396935576886,0.26909333517538192,-0.96147104427552965,0.056233512996364587,-0.21733179069823233,-0.0037375344068374325,0.9760906328760961,-22.616537858416375,19.419893710207077,-9.175943416297617,,0.1003543941463203,0.3333333333333333,False,2
0.66039600362123352,-0.6767403828184182,-0.32542214531879154,0.74823269505928103,0.62964648201784745,0.20902904517524273,0.063442512918615565,-0.3815334348983449,0.9221753009104301,-21.829410651296524,20.121350065124556,-9.09933162893911,,0.1207380226984445,0.1428571428571428,False,1
-0.46581517066132944,0.88074336947387444,0.085483003629747645,-0.88486183539777941,-0.46297309223216482,-0.051724734174871667,-0.0059798861385593205,-0.099734813364213276,0.99499608439680631,-12.08446909669737,-7.6949406116019414,-3.3710760902986849,,0.2466667876046864,0.3846153846153846,False,1
0.96605591140479286,0.17145977666202741,-0.19322919299852823,-0.097813492613845074,0.93506947435482857,0.34070162722309583,0.23909934483920287,-0.31023639876196307,0.92010047287275754,3.3966633759144029,14.087424123487358,-3.507629203699357,,0.3128986570840321,0.5,False,4
0.63211853324647493,0.76705458027654116,-0.10978811776829371,-0.74322775384695017,0.64026434928581732,0.19409809103962408,0.21917724753710802,-0.041095424445894507,0.97481921413750838,0.54865587663740256,22.095650532415725,-4.8098820079789046,,0.1059291727749367,0.4210526315789473,False,1
0.81892824718396673,0.55922078097660066,-0.12895209997559809,-0.51926559812968809,0.81770533070336904,0.2484375791588519,0.24437627659658956,-0.13649216191127828,0.96002610650626186,7.9052309097594291,3.8068165925748287,-0.96756920438797511,,0.2187234882191248,0.5714285714285714,False,4
0.8301120968545993,0.53905438864074073,-0.14259829151437159,-0.50487495755132661,0.83517878282971492,0.21812307981646978,0.23667527097947233,-0.1090723007836228,0.96544707224609716,-8.2240052682259304,15.272181602170175,-5.8649599598522828,,0.1196365186282418,0.2631578947368421,False,1
-0.97188097151867114,0.13572039058967886,-0.19242492764221014,-0.12307687989946349,-0.98946278104406926,-0.076259337544657121,-0.20074725112473601,-0.050431939351188407,0.97834409113519016,-4.3204054188113332,13.674423341631028,-4.8968522230609475,,0.1040268002123868,0.4032258064516129,False,5
0.33398896473885842,-0.85964179617854053,-0.38661007966114669,0.9406996020547479,0.27812079170244641,0.19425005512700225,-0.05946116486165276,-0.42856132289992871,0.90155397086783384,-12.411436583026687,-6.4190874345706677,-3.60189861885965,,0.5622237586625642,0.7777777777777778,False,3
-0.20211458417207923,0.9642370710176531,-0.17145426719754064,-0.97619565751276827,-0.18428397000182881,0.11437419575052414,0.07868756647756793,0.19048960411440619,0.97853051950676329,3.4586975068702057,-4.4857618178237537,-0.52850283192621861,,0.07732341950294565,0.25,False,2
0.65989080581788107,-0.69434940143850521,-0.28709411892098569,0.74905734498213827,0.63785051932112025,0.17905253120268089,0.058798114981159444,-0.33320507757800816,0.94101921231763186,-2.4996126656839208,19.673199410251623,-5.1572351725581864,0.1889314947143487,0.2235592381536851,0.3898305084745763,True,5
0.945295828093349,-0.242559893771118,-0.21812953794260442,0.27378031548658338,0.9534765826473679,0.1262012091668093,0.17737005452267582,-0.17901705024058981,0.9677255600023088,-14.111692258234811,-2.7009889466814312,-4.475940942202369,,0.07766681780183904,0.3333333333333333,False,1
0.066796474428570354,-0.92212283908028336,-0.3810875236089899,0.99170394758768099,0.019316846467282479,0.12708320023343286,-0.10982491221450943,-0.38641471127414206,0.91576315691776888,-16.630897814227868,6.7580129891729932,-6.2348046166732303,0.1829790043024714,0.2519796808237513,0.1081081081081081,True,5
-0.20755351795856261,0.97694792070524805,-0.049942941570539107,-0.97664747694503051,-0.20405176704505634,0.067250146042199754,0.055508944864154766,0.062734652270365843,0.99648538395933628,-2.3394787651358286,16.973629475873704,-4.8830550952945257,0.8615359437357384,0.4889643000979199,0.6594202898550725,True,5
-0.53503152694278922,-0.75521196021544423,-0.37867685475193047,0.824642618122296,-0.56425033373987876,-0.039826037347961182,-0.18359144194017712,-0.33358125849930842,0.92467168574816083,-10.285424275298745,19.876778843130552,-6.7731489747509457,,0.2257293091374071,0.103448275862069,False,2
0.94883183696464968,-0.22485335331529446,-0.22171854831104365,0.2602117828187353,0.95451864975882128,0.14554715849130295,0.17890772270806124,-0.19579355649628652,0.96418717580662305,-11.218566139813344,-5.5056914267600243,-3.4686449949177085,,0.09068736920158692,0.4318181818181818,False,4
0.97031201854547067,0.098936033105060397,-0.22069492069290922,-0.054621430416893518,0.97857023469616522,0.19853663416585118,0.23560790734911163,-0.18058780999870105,0.95492248736452245,9.7462623727584621,4.3978805646120591,-0.60472865350884053,,0.144724823965045,0.2,False,5
0.82084099347472517,-0.45176382659045744,-0.34947032551530394,0.55189229095872461,0.78492765194552949,0.28160873635526129,0.14708828169421148,-0.4240259734917472,0.89362576685803974,-15.867521844864232,9.1649798999783538,-6.474451035194245,,0.2105685366069843,0.2222222222222222,False,2
-0.79695537407501427,-0.56031523843435049,-0.22563015160038444,0.55870928214254767,-0.82576191917791542,0.077208748748870792,-0.22957802547437869,-0.064529732789344874,0.97114872383452322,-8.6028577133180875,-10.145095207825333,-2.2445627989890609,,0.07826912745714004,0.2962962962962963,False,4
0.064073304596465819,0.99587785986541266,-0.06420202386199314,-0.99305397418616959,0.069988971950499773,0.094579850699651163,0.098683412948401078,0.057696031364380451,0.99344489126154256,-18.445645871881894,14.7234558013193,-7.7312624878785234,,0.1123971604966221,0.1764705882352941,False,4
-0.42409969467163017,0.88741389465120257,-0.18065444516926374,-0.90561426260748357,-0.41524443373574421,0.086225678387501406,0.0015021122906386936,0.20017152602572041,0.97975971739360723,-9.369114347883853,-8.580066851933104,-2.6637645040773203,,0.07137960829770743,0.1363636363636364,False,4
-0.6127115702046213,-0.70906458143307749,-0.34901568889452905,0.75929478704286324,-0.65065213508977526,-0.011100696944363747,-0.21921669212658332,-0.27180731862893626,0.93705113170671084,-15.940286103398075,-9.4720624106574309,-3.8912766957793252,,0.3622608244410235,0.2941176470588235,False,4
0.73133675543153898,-0.61399575948116525,-0.29691035262182525,0.67518094782180726,0.71327974591180399,0.188049705584557,0.096318419076079992,-0.33799587484337706,0.93620593393523488,-4.5349145974994691,23.618747935736284,-6.0954800754785126,0.4956956599533146,0.5161639899243331,0.7954545454545454,True,5
-0.47351189152653417,-0.82603141130227131,-0.3057099869564972,0.86733166173801479,-0.49772848596744473,0.0014638317284524915,-0.15336973994154732,-0.26445880926626941,0.95212355346967925,-14.295387749130015,-4.8011031948217324,-4.2302836418543448,0.8915269693787143,0.3122798224445134,0.3461538461538461,True,3
0.97622536362085544,0.029642387586952125,-0.21472160646165417,0.021656133336495874,0.97231059106754258,0.23268675593337487,0.21567348309943082,-0.23180475266057643,0.94855232081932583,-3.8884537509774408,-12.845373076891578,-0.9525284628893419,,0.09758687177215306,0.1428571428571428,False,5
0.8029021521166525,-0.48175966794630415,-0.35107799199994871,0.56734832099920374,0.79830717953497088,0.20204338584152068,0.182931727116522,-0.36140457861403474,0.91428809123327204,-12.725621585692256,-2.9058542074557181,-4.1596190074134034,,0.2736409321720304,0.1702127659574468,False,2
-0.8717412699576943,0.45807948816573341,-0.17386874582387368,-0.47023604267772395,-0.88187586098486948,0.034249525237430883,-0.13764164493110631,0.11161607560748348,0.9841730687468766,-11.904662480779303,1.4566460351468331,-4.5899420154799389,,0.1000422558245617,0.22,False,3
0.91679943136077346,0.35979485216338142,-0.17328146759908947,-0.31529732025570295,0.91844483699807755,0.23884447079877852,0.24508448032492083,-0.16433729262801652,0.95547205702498628,-4.6749892523161023,20.058027362197997,-5.6876010472562184,,0.140770513401142,0.34375,False,5
-0.29957002637802099,0.94404389520165977,-0.13798160467376833,-0.95340180540430675,-0.29078243237998674,0.080439881097534471,0.035816152050142727,0.15564928831078739,0.98716285500451506,-13.861505104900163,-6.7395377956045603,-3.8603518750917978,,0.1178494990577609,0.3461538461538461,False,3
0.86890649816745957,0.48461703283431151,-0.1007364329784905,-0.44971479812206627,0.85795114960734331,0.24834738822356711,0.20678031287429494,-0.17048799480991539,0.96341878009166027,-11.190484563411262,-14.945619419237682,-2.2142050143540102,,0.6205766133363279,0.4705882352941176,False,3
-0.15967653905658624,0.97893642547177728,-0.12722766114116774,-0.98626011755298471,-0.15266860101738919,0.063113221972642089,0.042360162880768493,0.13555726888638078,0.98986354789576059,-14.181792005623093,8.7123684758719495,-6.1184933592177426,0.5699648210896584,0.3782710615295147,0.5225225225225225,True,5
-0.86416934795156974,0.48404477570493093,-0.13752088268231255,-0.48094405809208274,-0.87488362405299946,-0.057196655057872095,-0.14800051029262901,0.016712255283264421,0.98884606965718835,-9.4093016470674566,-1.7429582910327968,-3.6376387460400625,0.4389776088162178,0.3381954739703125,0.2347826086956522,True,5
0.97607872344829349,0.0073409758735275346,-0.21729343226332365,0.055654333741913857,0.9576948614197337,0.28235287770090473,0.21017354916186531,-0.28769195762735994,0.93437702066630679,-2.3060390066316212,-14.002631047191098,-0.46081964721401558,,0.3944342803018522,0.1538461538461539,False,5
-0.95646187799957627,-0.15953437037007678,-0.24439611413471113,0.17560558072124074,-0.98341781860031663,-0.045299824270633754,-0.23311661449386098,-0.086244876543581789,0.96861677939054081,-10.391631927345816,0.045064048868584644,-4.1350641146903637,0.4017172135445328,0.1669163828960569,0.1014492753623188,True,3
0.65194311881602374,0.73210692091580543,-0.19745790988363993,-0.72494001196535329,0.67813885133469842,0.12078773680357641,0.22233341827109693,0.064398405707246947,0.97284155773808068,1.7330892248585392,10.636086976043504,-3.3897067154594716,,0.07569692413026145,0.34375,False,2
0.077943144018539467,-0.92754449258069804,-0.36549429623965413,0.99037476604165575,0.029976898961786781,0.13512663807173367,-0.11437958335489641,-0.37250852313987359,0.92095315358584329,-2.363639369541322,-5.1108496603389932,-1.6488390680580824,,0.497401055455342,0.412280701754386,False,4
0.53733821856801345,-0.80655970602465599,-0.24643270782015728,0.84319201264627075,0.51973007135525862,0.13750593710305545,0.017171740613154698,-0.28167728617422988,0.95935553252057515,-4.6837443963560963,-13.580040723806835,-1.0241401794417948,,0.1086565979196144,0.4318181818181818,False,5
-0.78537256898092378,-0.54639830905098952,-0.29092750945643098,0.56691741406731944,-0.8236108886290805,0.0164240603639281,-0.24858514340065832,-0.1520328648609697,0.95660411586122651,-15.671195134789185,2.8724055342992694,-5.4996659132196806,,0.1518704812933784,0.3333333333333333,False,2
0.86156488960544719,0.46694255204931767,-0.19917478275329656,-0.44204522298020121,0.8829835871710362,0.15791138536201962,0.24960360942810245,-0.048006644042657587,0.96715738134402107,-9.3828629775596646,10.835203983135424,-5.5293762283217642,0.2054984278266976,0.1511914563578649,0.7168674698795181,True,5
0.96108292524137484,0.19703135297392052,-0.19364466621817583,-0.15669227268243394,0.96607659075270869,0.20528894875574208,0.22752393828143916,-0.16695708054733796,0.95935300633500609,-3.1059461208194943,2.8714412624932546,-2.968896091963265,,0.0867066218859875,0.4413265306122449,False,5
0.70050935125626868,0.70496245391235901,-0.11097111054858931,-0.67230342686492772,0.7040590618911865,0.22871147674434184,0.23936321987347353,-0.085608270294218747,0.96714863026787956,-17.301342413846104,-6.8627219341419412,-4.5501873437041249,0.5853802386547099,0.4224460837739383,0.3333333333333333,True,5
-0.86470737220111293,0.46563167659474886,-0.18833030083502386,-0.48321660488962437,-0.8735125986749076,0.058969930601586992,-0.13705062283693575,0.14199606229672201,0.9803337416779222,-6.1407019237602096,9.338784991593899,-4.6844511227571886,,0.08382854516787956,0.3728070175438596,False,5
-0.98081580280570091,0.0284644381286321,-0.19284744418485436,-0.02184314088503049,-0.99909948509185009,-0.036374387767732219,-0.19370915869644875,-0.031464180447326358,0.98055431628538203,-21.145815864356894,18.498537719945865,-8.7220352009523321,,0.2060238114146006,0.2592592592592592,False,2
0.21852713448100414,-0.89448132341941033,-0.39006288409611933,0.97411247783086119,0.17624557419617454,0.14157110619925822,-0.057885853450925895,-0.41090225069975239,0.90983985862355865,-12.664569726327263,22.225717966513027,-7.553357305323229,,0.267943622936802,0.5555555555555556,False,1
-0.95512626260918132,0.21279223084468096,-0.20604195923733984,-0.23157042324421723,-0.97018753038461658,0.071493321119476122,-0.18468611629657417,0.11599837230902174,0.97592797688607458,-9.3158410569160157,-7.2519597075533397,-2.8107291561732297,,0.07199702301370388,0.3076923076923077,False,3
0.2303525788696125,-0.94254652599597188,-0.24195812807393868,0.97131434721896315,0.20762064044001499,0.11594010759818346,-0.059043444129888677,-0.26172450400412184,0.96333491357319678,-5.7977318849819284,5.9596320614873655,-4.0325109600859381,0.3072779789169859,0.2347735982254163,0.792016806722689,True,5
-0.73891445775102449,-0.60592396084641176,-0.29472288305916805,0.63133619104308458,-0.77542616268230458,0.011352537470007917,-0.23541460873472048,-0.17768066833506241,0.95551532802686456,-3.9892753309935909,29.863493967845397,-6.6356672304462583,,0.1667127617263612,0.4166666666666667,False,4
-0.89363469161091191,0.42781051049462598,-0.13562892412681932,-0.42739096599321097,-0.9034389681289543,-0.033689657960278549,-0.13694524503194999,0.027860329797370562,0.99018675101554543,1.2264208636381564,7.8605937974870823,-3.0855403362592733,0.3724968196574944,0.4168055795503252,0.621301775147929,True,3
0.83126313743794356,0.54946522202443959,-0.084199561296128739,-0.50295687747113216,0.80794824872027571,0.30700815427986461,0.23671919174692185,-0.21285581311177232,0.94797490846710253,-14.258143772258251,18.574436832810324,-7.3745784599652593,,0.2004749729948929,0.1176470588235294,False,1
0.93831456479488018,0.30529265616459206,-0.1623643174646551,-0.25524028104792901,0.92829352670983933,0.27041362243641343,0.23327703792780241,-0.21229112642919648,0.94895431987796663,-11.27992762966557,29.769069362391402,-8.2400517024401907,,0.1755823074864947,0.6,False,1
0.49718037979435353,-0.80740850182403334,-0.31765261077128421,0.86764712659442589,0.46281654073071948,0.18162960479637277,0.00036559537571687062,-0.36591305088548132,0.93064897009114067,-8.5220200383739613,8.8553929138212801,-5.0805833127253619,,0.131877904578425,0.2130177514792899,False,5
0.84252624788953523,-0.47959617669049687,-0.24522852387321992,0.52328313035181273,0.83672807834774243,0.16143385144913336,0.12776653359306686,-0.26433620676772784,0.95592995699750949,3.5010580986486044,-7.3828650734893042,-0.10959871868911726,,0.09218881240670607,0.2816901408450704,False,1
0.0839688676587379,0.98825855878582991,-0.12764893360566687,-0.98744549327107045,0.099722827405229128,0.12250206330082436,0.13379322510038266,0.11576000466854458,0.98422507295657602,1.3292717673372418,15.845793368137359,-4.0682460190460823,0.1598834609632329,0.2720476265238846,0.4523809523809524,True,5
0.78117643114704105,-0.52620828318372137,-0.33595866729288659,0.60700954942916441,0.76598530966194756,0.21167407088231796,0.14595475436646316,-0.36928491451849266,0.91778312339402646,-13.926523839926746,20.351620068433355,-7.5543318522876826,,0.2533441693107485,0.4166666666666667,False,3
0.44315647567217686,0.89587154353524256,0.032039281415146281,-0.87567091125176599,0.42496106826105851,0.22936552846913016,0.19186660276691883,-0.12970068598971893,0.9728129002004855,-10.283358198221617,13.344427392152269,-6.0247930228878799,,0.1128360286970089,0.2758620689655172,False,4
0.76767371518359928,0.62696011215761005,-0.13265777315907976,-0.59131936576272237,0.77280063248826936,0.23047904481687892,0.24701917879019164,-0.098489594318618701,0.96399238851806934,-5.040831856878297,8.5012214757797775,-4.2827727725305502,0.1500725214008551,0.1390312371718385,0.1842105263157895,True,4
0.50322457825417266,-0.81458011637893712,-0.28848614843868531,0.86399926557631379,0.48062058185127265,0.15003041486490115,0.016440587717602123,-0.32475081262565203,0.94565671190685185,-6.5548621713746318,23.244256408826931,-6.4098636443879045,,0.07865061444383457,0.2941176470588235,False,1
0.89079638757546908,-0.31397309695219139,-0.32848544910352451,0.42944225677584313,0.81798472613420437,0.38272749562374131,0.14852994303427547,-0.48199780310847889,0.86349115445430868,-20.006339288834791,1.8442706050396656,-6.1873670557722065,,0.6798281661893767,0.5581395348837209,False,1
-0.083639206794228399,0.98288998004769446,-0.16410901927887925,-0.9923106082908465,-0.067072444886231028,0.10402376560399106,0.091236723748076745,0.17154758598950545,0.98094204007213959,-9.355139426631089,3.2843534049024612,-4.3708986736539632,0.4059799139071785,0.3291981404211326,0.9560165975103735,True,4
0.5448135189752098,0.83855711718647874,-0.00043675823021599447,-0.8085643082269901,0.52546499626677012,0.26478349110126309,0.22226558213825665,-0.14390447843714313,0.96430778908109882,10.838522636692263,-9.2621477572740432,1.6848020124370384,,0.5299164531536421,0.2857142857142857,False,3
-0.51951300323106608,0.84680374372447209,-0.11414753211549336,-0.85413855330693889,-0.5183397038173978,0.042086615464087596,-0.023528094452550136,0.11936235194026394,0.99257194082379818,-2.1645847175625978,25.394864160437685,-5.6898846957231415,,0.1297102437265141,0.75,False,3
0.62079041374093857,-0.71854531651306686,-0.31354726968112856,0.78131462896286297,0.59997700984738622,0.17197394635005966,0.064550079596990675,-0.35173884598054528,0.9338699435426201,0.84356072854500352,16.93944668023396,-4.2792654909805243,0.1375147313161069,0.1448277341788783,0.24,True,5
0.15014583034942242,0.97591544369372329,-0.15825699475462665,-0.97862002373019419,0.16946287615766387,0.11655549218585334,0.1405669903746847,0.13737314280621138,0.98049453892030847,-15.699295933409033,17.078976748562379,-7.5339666126277525,0.2122236221039003,0.2122180451953193,0.7685185185185185,True,5
-0.7620935383027172,0.63896713391602999,-0.10456787581460932,-0.63855849731687564,-0.76843962773378216,-0.041756245434431974,-0.10703496803222398,0.034950540818431589,0.9936407677399518,10.840867797718046,-0.90972847064227458,0.50565684711593317,,0.3316943794936702,0.1923076923076923,True,3
-0.39408903583304727,0.90304146535604124,-0.17090916793371255,-0.91897402975889719,-0.38445496857291661,0.087641940692181286,0.013437427762535856,0.19159981468470269,0.98138114234374563,-15.993872086700977,20.02652334245083,-7.9097108752794627,,0.8463191731978857,0.3636363636363636,False,1
0.55771700026423932,-0.69489376704294281,-0.45395418286554812,0.82963189110791336,0.48365230244163809,0.27891105320443998,0.025742433314786928,-0.53216830314081198,0.84624714135958157,-11.144944775492807,21.982053121213387,-7.1872793724880664,,0.5619787964167882,0.2173913043478261,False,2
-0.96737896246191479,0.14894228924526648,-0.20492471168819013,-0.16581134178538243,-0.98383271307217968,0.067674157729258055,-0.19153209110078542,0.099445397899615109,0.97643539003620072,-2.4313581546766172,-7.280593028006356,-1.3663988840521675,,0.08019982759308447,0.169811320754717,False,5
0.61929433454312821,0.77086507058769282,-0.14913607930549971,-0.74170788935266174,0.63668346720313573,0.21095869136447973,0.25757316256707424,-0.020030115776641266,0.96605116861746543,-2.664631425272908,-16.28250652811699,-0.21645009691917663,,0.518097612133146,0.8203125,True,4
0.16814643357337983,-0.93984599436143479,-0.29734875779010661,0.98152116404468526,0.13167456104446879,0.13884528982328789,-0.091339922317239253,-0.31520043917563467,0.94461934224033783,-9.2956038187023768,20.60543940767662,-6.6407359074638386,0.1644747537753174,0.2080730939923282,0.4,True,5
0.90677245968468034,0.37493353055367379,-0.19284334062641323,-0.35463151820370548,0.92562505073840307,0.13211643252096206,0.22803550744112711,-0.051411215819978512,0.97229455116954244,5.4598391593383147,-4.4205607475460802,-0.11307304042964418,,0.06919579639728902,0.1568627450980392,False,3
-0.53048060397607821,-0.79429060738053847,-0.29612963349221172,0.82258234624912119,-0.56673624985827298,0.046565080649267815,-0.20481360414891153,-0.21888913660489739,0.95401201954267678,-14.26616608473145,-0.7571804765154635,-4.7487493191110772,0.1159134588262549,0.158523508601632,0.2926829268292683,True,4
0.9304981911544864,-0.29202160183565679,-0.22112553068238633,0.32614979311005199,0.93529805167317803,0.1372729652576512,0.16673160681916363,-0.19985229195006779,0.96553593029457274,-7.6118684457743466,-13.896512885945024,-1.5759934389237655,,0.1299905987427752,0.3529411764705883,True,5
-0.84128145098883556,0.52225358211540018,-0.13963064201582256,-0.52722995264976846,-0.84972117111026735,-0.0015837916267167074,-0.11947425350694055,0.072285042260670784,0.99020239113745379,-19.583294167631692,22.24429160578287,-8.881003095929648,0.6760429604482824,0.5280502579771464,0.8646616541353384,True,5
0.32487700563750083,0.94323234446079429,-0.069048356758191431,-0.92961673935465394,0.33191096285737454,0.16014940101890335,0.17397600156238285,0.012159650409686196,0.98467481626285225,-13.749341942556065,-10.427604033049498,-3.2952087966232164,,0.1633556579680985,0.6176470588235294,True,4
0.89476649650762596,0.43878427606680187,-0.082832818399482117,-0.38198468282927517,0.84820776056557445,0.36692137713705342,0.23125877023647548,-0.29666808725049343,0.92655675875568855,-5.061950131271729,7.3165014898192116,-4.1203996776885612,,0.4061654616933681,0.2131147540983606,False,2
0.66221373977873632,-0.693585182095661,-0.28357108108125129,0.74657505389553036,0.64305423667116135,0.17060755434668279,0.064020713438280641,-0.32468576173986974,0.94365274565077983,-15.239919923159649,-3.1011402099624088,-4.5665351641935592,,0.07860257753807952,0.2,False,1
-0.78397523055805507,-0.55067193056795039,-0.28660645972484899,0.57601578681590637,-0.81742290686420471,-0.0050601059797966141,-0.2314922271055716,-0.16905684315708944,0.95803503723583239,-19.95165060583339,16.262368632173569,-8.2335226093293077,0.2026621445449954,0.2193144639554235,0.1428571428571428,True,4
0.8407012966453653,0.52740057991072498,-0.12275975777360096,-0.48718287163116819,0.83564126642812309,0.25368587550672156,0.23637719730974635,-0.15346759316622599,0.95946522523734845,-4.2086211989344804,-5.6598603600024555,-1.9932003413381885,,0.09915764188328587,0.32,False,5
0.9696618403446815,0.1217314705227579,-0.21198434957263371,-0.096415736134584068,0.98734000821677126,0.12595123659628069,0.22463285869389615,-0.10169148075858145,0.96912275875460452,1.8131108896546213,-8.4328310191321414,-0.32493853706135428,,0.0720540153786851,0.3461538461538461,False,5
0.58575855823313283,0.80435504728919405,-0.099498087202909202,-0.78276414789836424,0.59327713854643538,0.18788966348125502,0.21015993962120161,-0.032174442940786058,0.97713745450671408,1.0777766956448063,5.5484215913921755,-2.7211119133368351,0.2177662655467262,0.100125915651579,0.4615384615384616,True,4
0.77690542154978492,-0.57560024943269339,-0.25515156048821697,0.62195313050607992,0.76464471774721765,0.16879798302990648,0.097940131816525111,-0.28983237996176081,0.9520530038319629,-8.4311667694058041,-13.298754672246556,-1.8129963252072832,,0.07756261004720451,0.3529411764705883,False,4
0.14751632105793933,0.98653002874417162,-0.070692555531359141,-0.97745278816610437,0.15633009850165941,0.14193994225999013,0.15107938948724553,0.048160177413344052,0.9873477682071683,2.0124499568485552,-11.490338070813424,0.15184759351348059,,0.3716474649591266,0.2173913043478261,False,6
-0.96994434914592176,-0.083173172972974593,-0.22867046782980527,0.097240278480258138,-0.99395676330873717,-0.050934084009638517,-0.22305220868885428,-0.071639206936053676,0.9721705283686588,-13.749046955259745,-9.3071863271593855,-3.4822692479996311,,0.1043615953878936,0.375,False,1
0.80226826670458018,0.58417207254274517,-0.12291711801024366,-0.5486234836132452,0.80267240172954801,0.23394291767392242,0.23532509740122848,-0.12024976159158977,0.96444911393513666,2.9661456812297695,17.362311717434036,-3.8912524418831573,,0.4780054037415301,0.26,False,1
-0.48991596188168607,-0.84005061669761694,-0.23301783553946132,0.84883344190273069,-0.52057962155962256,0.092079560839542524,-0.19865582851027863,-0.1526820847473378,0.96810332237633656,-5.3114962945484736,-17.045348999938874,-0.71428516095454608,,0.0818445309160819,0.375,False,2
-0.26237542658665847,0.96326930076041462,0.057196063990556739,-0.96387569846096577,-0.26443491422753074,0.031903198176112965,0.045856007674620461,-0.046759280897179706,0.99785309350130524,-5.930245210299951,19.723531257480449,-5.9076922491190862,,0.1361761507996616,0.2894736842105263,False,2
-0.88271704910381033,0.44128739741695017,-0.16148078555182765,-0.44084287855501242,-0.89666769797177714,-0.040553616871040712,-0.16269040429229731,0.035390285319100837,0.98604227092769237,-7.8091793191519452,20.342161986200697,-6.3546822707842114,,0.5619790315970123,0.2068965517241379,False,2
0.21069504964599742,-0.88059091274896029,-0.4244611176994002,0.97572248408019824,0.16289007057064842,0.14639828882147621,-0.059776501361637986,-0.44500165088844623,0.89353248435158772,-19.466680003654236,1.3320810642214851,-6.0529426464542615,,0.2066755536345399,0.25,False,1
0.90440451690916623,0.38811263341308927,-0.17725984762335356,-0.34466852340455117,0.90943331728585197,0.23266854188862068,0.25150761175046737,-0.14933059028748105,0.95626580825415308,-4.2312987478834554,-20.828470148281049,0.015688037375721879,,0.2724558924496804,0.4,True,2
0.8323444564670528,0.52542617160763949,-0.17643708220866591,-0.5080407312600359,0.85051027444929761,0.13611351305785196,0.22157915328237909,-0.023656103777281168,0.97485540855285024,11.365219671192008,16.214938096963422,-1.9699741376192466,,0.2280854548032507,0.4210526315789473,False,2
0.73525241168669564,0.64832338595780792,-0.19768833635068425,-0.63747199309933344,0.76054338083892037,0.12330135391011825,0.23028970694076092,0.035363159959312856,0.97247935597360169,-7.1785519105066191,32.130495414262271,-7.583700051587476,,0.2838405860146332,0.3636363636363636,False,1
0.65804715448805939,-0.69956849854624736,-0.27852802069435884,0.75039008977261723,0.63990617210840683,0.16563454974313044,0.062359086276272763,-0.31800001059640726,0.94603770412149724,-10.047114540607948,-7.9768587912257489,-2.8980911235103148,,0.07636980507932346,0.5555555555555556,False,2
-0.36509827054856048,-0.88654843873514,-0.28413925920001903,0.91114190559992281,-0.40292717069017225,0.086429873188344802,-0.19111169692666841,-0.22733578885845976,0.95487944705177896,11.030101058277456,0.55850372553717953,0.27688000490567521,,0.1440085738162126,0.2727272727272727,True,4
0.97686213794240095,-0.013041203621893213,-0.21347198987852059,0.044599125839403141,0.98861682241555959,0.1436930631983476,0.20916806981220618,-0.14988897706321022,0.96632396903211615,-12.310731444761624,-12.560229599970286,-2.7570497933028255,,0.06018944471353171,0.2173913043478261,False,1
0.87681866896654381,0.46476972451755105,-0.12319953296834825,-0.41807927278464224,0.8635059401216133,0.28207660846400201,0.23748419614703659,-0.19582286522918863,0.95144871750075322,-0.99953537583791685,31.982221272714103,-6.0691196349810843,,0.2594670146185911,0.2857142857142857,False,1
0.9510264385602496,0.24833035713888418,-0.18406723467984154,-0.20574645433211985,0.95294893542501014,0.22261339358201804,0.23068833886690182,-0.17384004198002195,0.95737272267138263,5.7267959236503234,-7.0336282276745239,0.28132421816342307,,0.3987917790771658,0.6666666666666666,False,1
