axis_00,axis_01,axis_02,axis_10,axis_11,axis_12,axis_20,axis_21,axis_22,location_x,location_y,location_z,dbh,dbh_approximation,score,reconstructed,number_clusters
-0.95673604844546078,0.27967814040410022,-0.080226375868975602,-0.28199452533147545,-0.9592291935773023,0.018932561160999936,-0.071660458329831603,0.040736862534363344,0.99659685266551779,14.204724251958289,-3.1872229214531074,-0.69707847270949075,,0.1706310700263947,0.28125,False,4
-0.93040723336707043,0.35561776421845398,-0.088760271915431121,-0.35969920720610138,-0.93242254983074946,0.034708340531127327,-0.070419176603644773,0.064219890527706866,0.99544811277488154,0.21821195959738027,-8.9358759347783341,-1.1971924035242676,,0.4416272776901309,0.3103448275862069,False,3
-0.75442765584443927,-0.63122975715813756,-0.17996640179528914,0.63124038941871674,-0.77288449628787181,0.064692551073130614,-0.17992910510412541,-0.064796211894844982,0.98154315649415391,-18.727869881896471,-10.210239204969998,-3.0785052528856247,,0.4738820448968576,0.7142857142857143,False,1
-0.74956083598257861,-0.64086497307613211,-0.16568234500158871,0.63659008788217708,-0.76651342003238543,0.084913113948416885,-0.18141558139051617,-0.041824193888027245,0.9825167294424848,-14.512123516690085,23.49840837346019,-9.3897357959355396,,0.1254666646435066,0.3333333333333333,False,2
0.78758613258705767,-0.58682594943268052,-0.18799837453817594,0.61618490551587868,0.74757469488498696,0.24788755067975349,-0.0049240197959376508,-0.31107455800828976,0.95037275496985818,-5.0942945303483427,-1.7893114863668844,-2.996892802725021,,0.3920592630168993,0.7888471177944862,True,5
0.71833207194638649,-0.68007959365319581,-0.14659734209635694,0.69528715650044326,0.6945242642533983,0.18496436513232561,-0.023975079118537287,-0.2347930847784501,0.97174966062329027,0.56063855827919518,22.849025122453945,-7.5429785792805273,,0.137375097307463,0.5,False,1
-0.95095274917057881,0.29338636327485573,-0.098047492009094531,-0.30321738461992581,-0.94681060692879881,0.10774456956789988,-0.061221617988836491,0.13218969873433573,0.98933199535815852,-0.77176988996486218,-3.3687912232132566,-2.2850778702958086,,0.06783663808823229,0.2477064220183486,False,3
-0.95937505858815597,0.27065119273234078,-0.079670752673313611,-0.27314753430644634,-0.96171825726158178,0.022100184434829598,-0.070639376138806387,0.042964235386027977,0.99657621535756769,-4.6332142834678764,-5.278891663008741,-2.2935426777078285,,0.0860043157720688,0.282051282051282,False,5
-0.9938648324090138,0.032122231956637499,-0.10583410185156487,-0.020982028622442927,-0.99427820379105392,-0.10474066994688525,-0.10859304478414082,-0.1018774542288889,0.98885212996906191,13.232247153441143,6.0477802287266025,-2.6098340206937283,,0.2381239639555097,0.1666666666666667,False,1
-0.73779919767450708,-0.64299025605659865,-0.20546502020325602,0.65031942729030268,-0.75866080446791362,0.038966989271840322,-0.18093365192707356,-0.10486808084621706,0.97788838791549448,-14.315875490906279,-9.8906935054122442,-2.6443873648191811,,0.2181715735054729,0.16,False,1
-0.85237382747094748,-0.49304858316309363,-0.17424681599213082,0.49357183709742203,-0.86862083928292411,0.043412891952803609,-0.17275908041780402,-0.048999308202218594,0.98374456437070124,11.81444491367964,-4.0302286431297105,-0.75512584873179001,,0.1940099637112722,0.1428571428571428,False,3
-0.99328977202312896,0.0090783523483684223,-0.11529532650060158,-0.019081708394557795,-0.99611599910494808,0.08595815686656319,-0.11406716091402688,0.087581389837056628,0.98960506413175964,12.1983264690155,4.1142060342524553,-2.3692210602330035,,0.07740838974427562,0.3076923076923077,False,4
0.75305164379601697,-0.63036644767876981,-0.18855069190264478,0.65653968138435514,0.70108108442682948,0.27828215865669625,-0.043230412256266143,-0.33335184820209107,0.94181084977632523,-12.137615753141347,-2.1882582969243276,-3.7578974374561653,,0.5030564062521892,0.4580645161290323,True,3
0.95821075660123689,0.26948631613718049,-0.095964948541116923,-0.2500020490482131,0.95194035572540159,0.17694217872823065,0.13903640316615798,-0.14555646518176346,0.97953161972363612,4.3194922124299913,-15.805850502621501,0.39197273479988642,,0.1006575602426291,0.2857142857142857,False,5
-0.87355724145266922,-0.45974069623682673,-0.15980061992771122,0.4613250931967553,-0.88674766334774702,0.029287197447271984,-0.15516734286765355,-0.048135992469132166,0.98671476219645338,-2.7818856367988043,-4.8451245611903531,-2.2106371171617898,,0.1779133249610768,0.2330097087378641,False,4
0.17690885744690332,-0.96590751670145525,-0.18901302954151417,0.97523076494442795,0.14612275346332912,0.1660514860704439,-0.13277127423783702,-0.21370730006231703,0.9678331357405251,18.792426837677372,0.21427730190403393,-0.84892443268493634,,0.1991732864408921,0.6666666666666666,True,5
0.78734568303969332,-0.60059366525321478,-0.13919060548926598,0.61506102345952229,0.74973236166488355,0.2441338225099518,-0.042269525898497168,-0.27782842750536774,0.95970029282594815,-5.3192662991458217,22.739193172288509,-8.306619987090162,,0.1739311227136047,0.4615384615384616,False,2
0.11592923732515888,0.99319901522774912,-0.010776274116611279,-0.98059718277821972,0.11617156972759721,0.15790291800484416,0.15808091934394081,-0.0077383808161237688,0.98739583774782003,-18.227849550984278,-2.8855982325476686,-4.2857174982638719,,0.246238101514899,0.6111111111111112,False,2
-0.88796879806383866,0.45825446840388984,0.038913440517788236,-0.45887686055918681,-0.87715805426180704,-0.14151245417625369,-0.030715476691853233,-0.14351512126431135,0.98917135495326769,8.9702175608923334,4.8277410018728357,-2.8167842072774558,,0.1435079703720225,0.4210526315789473,False,1
-0.97125654552236651,-0.20279190680611994,-0.12464415475223176,0.19372954498803616,-0.97769750842542769,0.081095286037103018,-0.13830974722950223,0.054617071988976577,0.98888188843191105,-3.1454713460341006,-13.834703908628759,-0.72874559229478741,,0.6099165392749711,0.9508771929824561,True,5
0.8056352833553333,-0.5752405845608749,-0.1415982347596032,0.59238440486511401,0.78454782123154432,0.18320871451282508,0.0057014985378754934,-0.23147999065772429,0.97282295760303839,14.870835647389349,2.4050339225592667,-1.6868991577692856,,0.1008217096304291,0.2916666666666667,False,3
0.88843505867974759,-0.44308069604119815,-0.11984424602108074,0.45880136008865408,0.86496763507293206,0.20330347330318871,0.013581549599182882,-0.23560663630718601,0.97175359759483204,-3.033675253562949,-1.4511245560688175,-2.8522219373733408,,0.1083123138238402,0.21285140562249,False,5
-0.40512188939972255,-0.90471681371963208,-0.13177155118687758,0.89622113566802053,-0.42147241684617232,0.13837874771716149,-0.18073165387148549,-0.062036189525496138,0.9815740320923505,-6.1982777383958538,8.1911178064423247,-4.9132315047500992,0.2402552512031271,0.2268547378599253,0.8461538461538461,True,5
0.84712888318509449,0.52895946750021694,0.050739895698173471,-0.50310530358324279,0.76764124782557364,0.39700373819802892,0.17104884910453957,-0.36184084398901556,0.91641338643721759,13.003298898347529,4.2254916458021627,-2.2908979308506612,,0.6116377843661716,0.4545454545454545,False,1
0.81126132065769474,0.5841211776870745,-0.025642140749118456,-0.55933398019662295,0.78811493516926445,0.25694424990754183,0.17029553195000796,-0.19410641086942682,0.96608598636832155,-4.7478657798264265,6.8611378247331567,-4.541159893756439,0.3488651778518826,0.2459319622648204,0.2262773722627737,True,3
-0.97506041623994966,-0.18999890633892275,-0.11470658338556682,0.18658537236979902,-0.98162835600131415,0.039895733002173139,-0.12017938050930414,0.017498179453033346,0.9925979700846812,-20.958642648955369,13.71503823767832,-7.7122432867319812,,0.1501378203527811,0.4736842105263158,False,4
-0.33728684040728513,0.93814231388628944,-0.078272512315309309,-0.93558330289244729,-0.32481153829767068,0.13849674341861129,0.10450584020489266,0.1199435845920086,0.98726494208914861,-5.5519845838522617,12.001203785004366,-5.8332725397263205,,0.07220779315395878,0.3037974683544304,False,4
-0.96145239297164242,-0.22257231450479226,-0.16146473567030994,0.23458724470543685,-0.97028007358424539,-0.059375107805063776,-0.14345076043930444,-0.094963906940117554,0.985090724607665,-16.107099347734849,-0.72262565041812088,-4.4645153378535545,,0.2374731757300499,0.25,False,1
-0.94310042820267526,-0.288219595074174,-0.1658042440325633,0.29410199616193233,-0.95570425086565358,-0.01154992341473704,-0.15513090658375367,-0.059656096860243681,0.98609104647081358,-5.9092812106725345,-11.360450881805775,-1.4999776012681845,,0.1044520203583603,0.4102564102564102,False,5
0.6730345211132237,-0.71441941043398838,-0.19138819029669962,0.73894423153919053,0.63853842479743861,0.21501186649150381,-0.031399937338284556,-0.28613560780224073,0.95767450518576158,9.2757976140329212,-13.400168349110087,0.60988979031376889,,0.1238117326698637,0.5217391304347826,False,7
0.20982084832688971,-0.95739973617481533,-0.19839595958531692,0.97219611621789914,0.18271366070142936,0.14645965247779288,-0.10397078059828793,-0.22361006991072035,0.96911744046648207,1.7511899288215622,4.7676641506531219,-3.4639990753912335,,0.1263458116375263,0.2191780821917808,False,2
0.54582794108562815,0.83713782789245839,-0.035666732983563224,-0.81636691649398097,0.54090808668207158,0.20239441547644021,0.18872444564585042,-0.081355386259528872,0.97865437450727677,-3.2414667171134983,15.726081349582985,-6.5420549532864474,,0.07809588420327637,0.3870967741935484,False,4
0.98453171396117611,0.14032411938971506,-0.10491160909150576,-0.12018866464827606,0.97659934611274057,0.17834910165804135,0.12748328947251147,-0.16298116053601752,0.97835839660913604,-1.9715662354235741,-5.8631635089079479,-1.9136476937352564,,0.2503786961406137,0.8221153846153846,True,5
0.49764738973721134,0.86416257903013971,-0.074633186262667628,-0.84771060903338169,0.5027788081907979,0.16911591695193606,0.1836676313888578,-0.020892750853318195,0.98276634768483395,-7.4521881453032419,32.868000121781265,-9.9945175610144723,,0.6001720561987272,0.9210526315789473,False,1
0.99437822168236423,-0.074467526506507509,-0.075276422203917379,0.094427364625570817,0.94531078203403218,0.31220345638713931,0.047910594378376525,-0.31755647193248876,0.94702822665436004,-11.934293316245366,-9.2604040254191791,-2.4690619990819385,,0.249245580877504,0.1707317073170732,False,5
-0.60820314130792641,-0.77352891163757509,-0.17816273955000017,0.77020858424626937,-0.62937681920200494,0.10326449634083362,-0.19200957178362149,-0.074416680334166527,0.97856756641098375,-6.3117325220716562,15.801971907653808,-6.7946997947358359,0.3766920595712285,0.2267018893346611,0.6742424242424242,True,5
-0.94157522873859079,-0.31502495669821734,-0.11914430445118904,0.30094950485759003,-0.94576394497549132,0.12231089857558862,-0.15121337292661233,0.079308492872345093,0.98531450755912209,-15.243575387885087,-0.45295134146300042,-4.3905175825087728,,0.07233690756849978,0.3333333333333333,False,1
0.81003154071981798,-0.56747220866949466,-0.14773014393428607,0.5863811214382606,0.78495643426165751,0.20000144182488622,0.0024664670861669902,-0.24863364353801976,0.96859445994756921,-9.4297283837393007,-7.7507408121982166,-2.4997874397798703,,0.08506814142264592,0.3220338983050847,False,5
0.13481109522071039,-0.95336965409258723,-0.27002272360076074,0.97661982228044542,0.081790887216580191,0.19880637187282335,-0.16745056385185225,-0.29051084906368796,0.94210602123221332,-10.504853961719608,-6.1603642003575301,-2.8554846647903855,,0.3920809875842846,0.2470588235294118,True,3
0.24711570425086313,-0.9589955865602392,-0.13878506285108919,0.96160542129754378,0.22506106281713065,0.15704308878392051,-0.11936851529515925,-0.17226428231529728,0.97779147807424793,5.7698121730831966,-10.448908554265135,-0.29800219876354556,,0.1022854364749435,0.4193548387096774,True,5
-0.64315321427611816,0.76187777647065547,-0.076786696024936707,-0.76465707473931888,-0.63368335749610649,0.11723890345601098,0.040663263732808708,0.13411806795726641,0.99013072007185232,-1.1012039181828461,-14.720493242358128,-0.34776056583501569,,0.0960277058028662,0.3103448275862069,True,5
0.93060797563045117,-0.33949985753871975,-0.1367795394939692,0.36505460150348973,0.88800392553569474,0.27961431679068915,0.026531747287383806,-0.31014331358967667,0.95031952069895598,9.7257542066526526,-1.3576571414246179,-1.5308652693059042,,0.1917382086392619,0.1935483870967742,True,5
-0.21967739791036883,-0.96366351191763933,-0.15196866994842195,0.96160530444368542,-0.24015389037369061,0.13282073408978406,-0.16449036237146902,-0.11695616587826539,0.97942032649417665,-5.6624265025262002,-3.0872608518482401,-2.8203926791728398,0.239169902643537,0.253862784412673,0.7464539007092199,True,5
-0.97722961320561597,-0.17984472423473369,-0.11259732784989041,0.1653498770132775,-0.97801632592807819,0.12705701235995323,-0.13297255824303397,0.10554592073157511,0.98548381892917325,0.69892808930067796,11.541049968165915,-5.1335523291985634,0.1791984495436093,0.2261844180617484,0.6701030927835051,True,5
-0.56798729588273911,-0.78837682945888365,-0.23633113736487116,0.80209925392730974,-0.5945835202162959,0.055742482331270021,-0.18446468107762043,-0.15790000715502622,0.9700723525466417,-3.7545121736896467,21.82919472007978,-7.9414940091666031,,0.09434473591879279,0.3157894736842105,False,2
0.98512728935364946,-0.12451072075594091,-0.1184115880628616,0.14595999191702103,0.97001448628176035,0.19433882052517765,0.090663689150154742,-0.20873182991669031,0.9737613252996421,0.051590275731599022,14.319772690674586,-5.7910008279512066,,0.09921644356721912,0.4347826086956522,False,5
-0.75495763712055841,0.65577311942231864,0.00076288692907691691,-0.65475516591199534,-0.75384950865121969,0.054832390225775185,0.036532709520379486,0.040896627604703639,0.99849528140380495,-11.058983044913774,-1.719668309691267,-3.7159453356753707,0.2357356955012199,0.1942575178510006,0.108695652173913,True,4
0.97107837021947951,-0.1975158615263406,-0.13414277221449034,0.22666073664432804,0.93920379415018851,0.25791693142898159,0.075044715708248333,-0.28086245298971307,0.95680958039981534,-0.65732657677042738,10.496978739918893,-5.1033911297767212,,0.08935161821334872,0.1666666666666667,False,1
0.9882083297296953,0.1274775205616677,-0.084816147072920289,-0.10225121618938336,0.96174610608623889,0.25414388880267835,0.11396923199108451,-0.24247455367400045,0.96344024463375832,1.1094471815464435,-4.3633788624151899,-1.8467693944926014,,0.5756617395364256,0.6322314049586777,True,2
0.73712929402027949,-0.63034490682102928,-0.24352762131214586,0.67497753856225151,0.66956468248595191,0.30998138396350461,-0.032337692150302882,-0.39287203312563984,0.91902439535309277,11.707993282709376,-12.766489655383783,0.81168727862224466,,0.3502058048975889,0.2542372881355932,False,5
-0.96949020194779945,-0.1765171599749103,-0.17008950750004564,0.19070877921000057,-0.97908014536248134,-0.070938215999660686,-0.15400944730583066,-0.10121146768709148,0.98287197993898401,7.9824868349049849,-7.6558097423994971,-0.51081904046647275,,0.394625261435937,0.3962264150943396,False,2
0.25681510711732514,0.96637725211019077,0.012688867572518303,-0.95109011366878349,0.25037674709888025,0.18093943791689643,0.1716787594253173,-0.05853623763225084,0.98341238168229483,-0.89329799708078039,-2.3000873835756304,-2.4821793311616678,0.4545118790384101,0.3155614003713757,0.6843373493975904,True,5
-0.35670064066383972,0.93334202064041294,-0.040463878421110239,-0.92955075212396598,-0.35026079598462656,0.11512069328311759,0.093274070221986888,0.078676853667949104,0.99252702760234057,-1.9410194312479196,11.523137385923112,-5.3913029028656148,,0.1080801405977472,0.3243243243243243,False,3
-0.20706530601385803,-0.95923915622057787,-0.19231276665531535,0.96446670519159994,-0.23312064524516174,0.12433317874702163,-0.16409732972308458,-0.15973417271740525,0.9734254262366685,-8.9276108459162007,-13.893599475865255,-1.3245266183289284,,0.1059738571199501,0.2631578947368421,False,5
0.75881791877641591,-0.58735023605249514,-0.28145171229343741,0.64981602082963941,0.71192861621145798,0.26626450099923749,0.043983010549110392,-0.38493810623049218,0.92189378409593359,0.59660289151505652,-14.979897547758677,-0.18112599273761579,,0.1805132131245966,0.6666666666666666,False,6
-0.95118957798566917,0.29422248079082725,-0.093120988658498008,-0.30252227876278048,-0.94859741697741118,0.092968873048765832,-0.060980796843098685,0.11660219681067063,0.9913048320851191,1.0732830107184481,-8.830129535485348,-1.1139864366284187,,0.4509276228991235,0.4137931034482759,False,3
0.05033498748580191,-0.94794978577900002,-0.31441627291912411,0.98841711285327072,0.0021524527746043173,0.15174642653406442,-0.14317122634666948,-0.31841257919341387,0.93707813407302876,-14.795253645194183,15.32243720648041,-7.503342032145973,,0.1281753038295978,0.4,False,3
0.9583910091101544,0.27366861838476908,-0.081192123806398536,-0.25198543028691972,0.94470873983781045,0.20983026425464379,0.13412686747977748,-0.18064020644759399,0.97436086704805347,5.4545281767033309,10.493662218281173,-4.3613948431643186,,0.4168795002214635,0.3636363636363636,False,5
-0.81772178824787456,-0.55295155116201511,-0.15992391657354235,0.54850024677224352,-0.83279195179648646,0.07486684388825432,-0.17458108808083322,-0.026498058240593883,0.98428618632692011,-12.794476287462164,-3.8014329607338029,-3.5257865718308654,,0.05978031118082294,0.1875,False,1
-0.12309442184865863,-0.96892943998387682,-0.21453089204652062,0.97918896083236351,-0.15373358873495022,0.13249514209475516,-0.16135904775927706,-0.19375686833556272,0.96768875868174431,-0.45018245006748286,18.209454242218307,-6.6971297264974323,,0.1748750892105467,0.1666666666666667,False,1
-0.25004018658362881,-0.91510023946887586,-0.31634072898890264,0.9528948609272031,-0.29050273818081263,0.087175358490668597,-0.17167203939998649,-0.27964211205298894,0.9446316742809302,-14.462090795004407,-11.558096242585867,-2.3353906856762676,,0.1803946208718963,0.2352941176470588,False,1
-0.69962609994622538,0.71329408896299062,0.041651685734085897,-0.71388468152035678,-0.70026259454278228,0.00097988508974475308,0.029866063761609454,-0.029048947221330348,0.99913171148788948,-2.3899637513336236,-10.718341801862639,-1.1984176081519213,,0.1379456656979001,0.25,False,3
-0.80295745764615645,0.5958840456450375,0.013473134606405382,-0.59539047067780937,-0.80083038402492301,-0.064659751380199165,-0.027740018681968293,-0.059940805535090569,0.99781641156844436,-1.2794540099291474,16.625171181263998,-6.4854663120045934,,0.5127790520699371,0.3541666666666667,False,2
-0.97650552909823107,0.20517048240915478,-0.065894042132656067,-0.20330547022550591,-0.97852718007469808,-0.033932928424273034,-0.071441146526154631,-0.019739073003958187,0.99724948311842954,10.090292075423129,-12.555092535738838,0.55733011460828963,,0.3711895814686457,0.75,False,4
-0.62074508497128611,-0.72913995840554946,-0.28815006600787818,0.76334304956137855,-0.64591610714028225,-0.0099885546040442419,-0.17883771461949971,-0.22615769629419402,0.95753316821746581,-6.1170267886188547,-13.554768444254002,-1.0611462680016897,,0.5088691564732197,0.3636363636363636,True,2
0.38419504965093476,-0.89546805926010387,-0.22479127800842391,0.91501408936558948,0.33685572578203127,0.22198521633280743,-0.12305844175097527,-0.29097280775496126,0.94878419309188411,-4.0939824257520527,17.049810261556932,-7.0254192555251276,,0.1344922294357529,0.4285714285714285,False,4
-0.78035327928071008,0.61863730341815826,-0.091305237173734871,-0.62529893297772177,-0.77028997943171773,0.12511831202508367,0.0070713458948650776,0.15472955246685532,0.987931557174201,3.0555563885039922,0.65607611035992686,-2.5942751420667745,0.4776230711696026,0.3580863822352486,0.9623085983510011,True,5
-0.99352940033029635,-0.026871997633615471,-0.11035047087575955,0.017434198538040846,-0.99617560441139807,0.085616668335802587,-0.11222913793065983,0.083138805131933446,0.99019824261638467,-17.377696235703894,13.209212053181888,-7.1729912243752407,,0.09928437971982626,0.38,False,4
-0.82675723226036579,-0.54333152332447643,-0.14581952772891268,0.53504821164031868,-0.83951822004315957,0.094512271351719662,-0.17376964673289708,0.00011822634379778096,0.9847863199176029,1.7590282273543965,1.6050278673119165,-2.9196023497616017,,0.06603887596524768,0.1655172413793103,False,5
-0.42293838512081589,0.90613005819974068,-0.0071721697087403363,-0.90184514247935532,-0.42014067875057054,0.10078268226932958,0.088308897500689126,0.049093051299999538,0.99488261163630154,-14.224575826805518,1.6928529981966129,-4.6065189568163856,,0.5324663161964348,0.3356643356643357,False,1
0.35060465471152952,-0.91829181296425133,-0.18389269245251899,0.92764590577258299,0.3135481047670603,0.20288089979184237,-0.12864466408667033,-0.24171829107415943,0.9617810656080803,-6.3688269802903825,12.622357519276164,-6.0157393769281642,,0.1478888632854584,0.265625,False,2
-0.18615416702234289,-0.93715166028650154,-0.29511589540801203,0.96827782888076031,-0.22594235637404908,0.10671503031018668,-0.16668734864463933,-0.26588873089771448,0.94948328610008947,-10.154131351290271,-9.2623222550785336,-2.3063858971292062,,0.2012616431034508,0.2916666666666667,False,2
0.80791899811829182,0.58497642288910212,-0.071200260838039708,-0.56516978951222729,0.80338506937160914,0.18749810487969679,0.16688319718365602,-0.11124304461243249,0.97968106214375505,-23.628318860507409,14.80800594493696,-8.2786441942133102,,0.1410976609692696,0.375,False,3
0.81977759766754277,0.56883884767243631,0.066234852918446496,-0.54402725078573744,0.73740635125224463,0.40033264110657285,0.17888275703640513,-0.3642172957336689,0.91397304157371517,-7.6253306648065644,-15.06624549720579,-0.96664772379947961,,0.5973493267086831,0.2352941176470588,False,2
-0.56160471405591095,0.82617435775838954,0.045122895881056002,-0.82533910400054877,-0.56322036455193158,0.039977298077305878,0.058442352431701039,-0.014790251400947585,0.99818121596519083,-13.477822260722945,-8.1033922139203227,-2.840932920248453,,0.3398027752446908,0.6065573770491803,False,3
0.70769841259007327,-0.67920082543530358,-0.19454869710561687,0.70613712457756628,0.67097451781905115,0.22619362884665511,-0.023093681188088869,-0.29745492963723819,0.95445651903252715,-6.9323042520736777,17.871889965267005,-7.5333486800671174,0.3525787404954576,0.3025208017234199,0.8970588235294118,True,5
-0.41256191115405688,0.90836395948100823,-0.068319737857362284,-0.90672860259156596,-0.4023080724310385,0.12645732916351443,0.087383698177973812,0.1141189378359653,0.98961657085960997,-9.628029456593401,-2.442060560643629,-3.4013390403864419,,0.1263846070315362,0.4968944099378882,False,5
-0.26736102808698109,0.96354083601361673,-0.010350748497213999,-0.95716694848807793,-0.26432295663428446,0.11817278586091734,0.1111283644363249,0.041502191873323477,0.99293909918353807,10.672326765960465,-3.4515107958946958,-0.95827770882715058,,0.07917072840334641,0.2272727272727273,False,2
0.99388650065495343,0.024004355902409919,-0.10776555439268076,0.004184931022527278,0.96718643253799375,0.25403324795539178,0.11032728659850238,-0.2529312072721342,0.96117308234244292,-13.078177941497941,-0.59575445447294506,-4.1148581160633446,,0.264793427268822,0.4034090909090909,False,2
0.9808587984804531,-0.11071893391419893,-0.16017907202998202,0.16434756646072801,0.91190469038962318,0.37605812455502508,0.10443129244589247,-0.39518496089591948,0.91264612629417985,-17.059472082627931,12.321714752993408,-6.9826987630081847,0.1892203417732328,0.2126293809811689,0.2333333333333333,True,5
0.22397258903327091,-0.92235480911082091,-0.31479816624605045,0.96588950631179282,0.16699656004487998,0.19791313885121081,-0.12997592453410514,-0.34838736349546207,0.92829548312926013,-3.907955639669527,-8.7150085913125732,-1.689932062503368,,0.1641347677619133,0.126984126984127,False,5
-0.68337769343001153,0.72832808144105399,-0.050330248426497082,-0.72873252206182548,-0.67634423480760753,0.10727249103066841,0.044088994224073377,0.1099849163608691,0.99295492282449782,10.668505973033007,-9.1052566023686605,0.017363009260008683,,0.3273687053556947,0.3947368421052632,True,4
0.74871650357619124,0.6585207960373064,-0.075986567622418733,-0.63866327837559578,0.74730461997630071,0.1834257937603474,0.17757481276121378,-0.088804088579691992,0.98009235265068284,0.92738334115350773,13.512507474475834,-5.4505149369614276,0.2342192388948439,0.1727664736447153,0.8767123287671232,True,5
-0.87040235718485759,-0.47832776202035165,-0.11662885015142939,0.47923311728465617,-0.87741208287405281,0.021992183253277078,-0.112851034132053,-0.036750359280100911,0.99293204963285808,9.8635604180851981,-3.5046402007235802,-1.0811959112134415,,0.2393062346726907,0.1486486486486487,True,3
0.9817243154966081,-0.11837735804873652,-0.14901063540606474,0.16679858365244629,0.91220854118915573,0.37423763823684464,0.091627511448558963,-0.39225295216601586,0.91528248134813039,7.9645883275991718,8.6469786964270448,-3.7331553781742302,,0.5265645224452672,0.2352941176470588,False,2
0.79146768579601434,-0.58203718625838619,-0.18657871302247531,0.60982326816903443,0.73141991928302497,0.30518925812625225,-0.041164109857258643,-0.35532747640512541,0.93383504998004097,-3.6529446542417259,8.9527501640025946,-4.8683255253429207,,0.4193177050283773,0.615819209039548,False,5
-0.73536923209914928,-0.65741024490044198,-0.16445018206693357,0.65301315469790022,-0.75229515815281556,0.087325911454304461,-0.18112402456163179,-0.043171343733662243,0.98251225071590131,-10.922850744038771,-0.46688353728084014,-3.8469504429810959,,0.07697454122491595,0.3,False,2
-0.55951496205601381,-0.80861255072583982,-0.18190313368413791,0.80986622269119568,-0.58005775732413667,0.087462560630180097,-0.17623764801923689,-0.098380592480147341,0.97941898615653933,-1.1664243737227427,9.6280985907135275,-4.9433414070544277,,0.1216205951412111,0.1866666666666667,False,3
-0.06507803455284604,-0.96852051737241873,-0.24027662567840816,0.98563679702593154,-0.09999140750681991,0.13609490355361681,-0.15583630439407165,-0.22796869489793631,0.96111670486956502,-13.557545159413031,-6.2502672763756566,-3.1485735221886211,,0.273464067876207,0.225,False,2
-0.99344958039050957,-0.013167810454469884,-0.11351008761231504,0.012480987504837091,-0.9998992631286584,0.006759330267836039,-0.11358765854098929,0.0052983358331403288,0.99351385066569387,-26.578234684296138,15.953243264484573,-8.8329755522801179,,0.1594315179352114,0.1904761904761905,False,1
0.074421658874254046,0.99396489636822405,-0.080592812819196807,-0.98472791591511233,0.086003832650164869,0.15137460945271425,0.15739233878395573,0.068096443058271117,0.98518552878883081,-3.9302952340211439,6.1248190296867024,-4.3298672428939335,0.1913800285503073,0.1322875355430347,0.5880597014925373,True,5
-0.8403849346696517,-0.51950143705792207,-0.15450378142634746,0.51467576554709671,-0.85427550661722795,0.072953513639779394,-0.16988825132656044,-0.018210318191439145,0.98529506563900504,-17.104369639517408,-10.27772016119502,-2.8402375108731475,,0.08431423181636699,0.44,False,2
-0.45124420937103821,-0.84819321624717992,-0.27739309908750642,0.87986677327656659,-0.47478051132297566,0.020443271552676612,-0.1490406816711104,-0.23484406311456618,0.96053898475119281,11.046465485875681,8.3641797426751694,-3.2796901754554706,0.6515881615702643,0.4516121157276704,0.4,True,9
-0.92773440760976023,0.36104517554014826,-0.09463218351149158,-0.37012424064653104,-0.92262370776503899,0.10850594617679897,-0.04813434764072165,0.13569036476138299,0.98958133040600893,9.4049558742411801,0.14843747242646871,-1.8350332511472154,0.2280150772522891,0.1603688403989995,0.5238095238095238,True,5
-0.92954793912434419,-0.32925715360208552,-0.16592274006759211,0.33457206180227023,-0.94236012370825117,-0.0043511729392909648,-0.15492631903928669,-0.059557737082788019,0.98612915564976333,3.8653380589316888,2.1134711558727379,-2.8083811837758663,,0.9661497023597547,0.5915841584158416,False,1
0.95693095102689818,0.27102946918860193,-0.10404893943766602,-0.2502854890198723,0.95178500419315137,0.17737666075086747,0.14710652246872608,-0.1436952769731476,0.97862727247035719,12.319005240723998,-0.53190446263404523,-1.327730000597966,,0.1696184917485447,0.4838709677419355,True,5
-0.20479215041330864,0.97809512162747303,-0.037284154511431092,-0.97076982633968356,-0.19809253676787067,0.13551860073543714,0.12516436952069768,0.063947477865896635,0.99007302795151297,16.884575168855513,4.8207931891040925,-1.8943796562502757,0.6925724848650978,0.3841375346954877,0.3571428571428572,True,3
0.80971256579874573,-0.57089598413720344,-0.13580624464149987,0.58681876032159996,0.78892336495922288,0.18232845843706891,0.0030501347893979042,-0.2273272960236658,0.97381363574368573,3.4035489134852304,-10.200287431540753,-0.60667467587226553,,0.07128994676815968,0.1904761904761905,False,3
-0.23601805288528716,-0.95494285742662177,-0.17994337376552086,0.95642166322416711,-0.26103692410688301,0.13083320055833161,-0.17191009518861011,-0.1412227435744596,0.97493746254287861,-13.69728352573984,-5.5678566799804861,-3.2922351640370997,,0.7924747040763295,0.6633663366336634,False,2
0.93891303174057927,-0.27551846990377415,-0.20623261519361513,0.33274456634850186,0.87976384781127492,0.33955356815949916,0.087882719537244719,-0.38743405222848371,0.9176990153533755,-10.989466332416594,-10.670779048782711,-2.1218966937088215,,0.6302213813643134,0.1774193548387097,False,4
-0.53483538778831718,0.8420481348781933,-0.070043176095008527,-0.84229649028929077,-0.52474462988473047,0.12320590835459073,0.06699052482003047,0.12489200116617977,0.98990618627678262,-7.9518220674535351,14.496880224702611,-6.5248318159400744,,0.1004973794216802,0.3714285714285714,False,4
-0.42159215850337467,0.90476500975835772,-0.06050065293387482,-0.9024514739333358,-0.41212669067002788,0.1254309691939004,0.088551618189705722,0.10747961645973125,0.99025589771616829,0.36202210649754307,3.2257890078924394,-3.3997452033442408,,0.06801285997334919,0.2142857142857143,False,1
-0.96666556590060937,-0.22381246275538913,-0.12436102772742773,0.21707435631527827,-0.97395539109749174,0.065495190529069547,-0.13578073328849741,0.03631635537191337,0.9900730855851696,3.2761461209961409,18.553347588907585,-6.3603271179361567,0.2150342755319546,0.1446802572623195,0.3076923076923077,True,5
0.25391614287440722,-0.95070823613330901,-0.17799000571964202,0.95957659790560645,0.22450772845902683,0.16973223799287973,-0.12140570472464354,-0.21389279934224625,0.96928351128545065,5.322826973466559,12.099847555794353,-4.6854702730377156,,0.08054439357244735,0.1333333333333333,False,5
-0.43847644281905884,0.89849432239443783,0.021127274261128343,-0.89553873776248183,-0.43877574524096508,0.074068985108587143,0.075820698094420491,0.013557212589458439,0.99702929933241147,-2.0138790386358525,3.1992714508448508,-3.5876825929603045,,0.5695113500873977,0.2941874258600237,True,3
-0.98835947691391524,0.11207636157291773,-0.10288067637330639,-0.10343623545610543,-0.99092826357445507,-0.085802806737219295,-0.11156383638581774,-0.074162427319311164,0.99098609717038244,-8.8660594769820467,5.5264785833608148,-4.7113056040766388,0.7170190340587383,0.2903792889601465,0.3229166666666667,True,5
-0.8812526593553448,0.46253606907127925,-0.097232377257895256,-0.47142301324070124,-0.87495932543515076,0.11048312731418967,-0.033971943809417163,0.14320113003099838,0.9891103797815769,-14.392481233194005,-6.8000287533651953,-3.1909613780499977,,0.06993965332018723,0.2682926829268293,False,3
-0.55117052754823392,-0.74391579724758128,-0.37788931735059356,0.8131013219962947,-0.58052233777088857,-0.043128360934541643,-0.18728932091841069,-0.33103338495462703,0.92484572135865051,-11.240260652957165,7.4203390365968795,-5.3342006784004994,,0.6408384919872865,0.3822894168466522,False,2
-0.79717237895713622,-0.58290417184602505,-0.1572861235847586,0.57551479880983669,-0.81238901759418691,0.093844554680731107,-0.18247990184865046,-0.015710204863450018,0.9830840629795885,-12.354232527643944,-6.5772451013991295,-2.987412890276949,,0.2626485348102185,0.2051282051282051,False,3
0.87295342762021266,-0.45412327654535728,-0.17811334286299838,0.48732697736256436,0.82802298869491164,0.27729108771724692,0.021557605172879121,-0.32886164247667476,0.94413202983838806,4.9201638871255673,-10.695901619239018,-0.33214892904238208,,0.3095698864288823,0.2857142857142857,False,2
0.71715306608259322,0.69688353226142807,-0.0066949437018090641,-0.6733144333145048,0.69531334553535407,0.25137029540261835,0.17983090306925106,-0.17576317584541895,0.96786783824963885,-4.4104910020234565,-0.9664166386078954,-3.121803863441881,,0.1263788287937793,0.25,False,4
0.40698113923759188,-0.87410924776710519,-0.26514029356719399,0.9107864528240841,0.36623417404643488,0.19063202016620462,-0.069529775326794191,-0.31906982422120639,0.94517726253568657,-1.8072120745917557,-7.8763198623447295,-1.560152194759131,,0.1787060138099623,0.1730769230769231,True,4
-0.89168634900398491,-0.41947186286124255,-0.17011411248824068,0.42617229804493034,-0.90463639222392789,-0.0031890818706468704,-0.15255368687464024,-0.075341583018899372,0.98541920951905504,5.1421022738139719,-0.76008986601412865,-2.0975680375871746,,0.136590114192787,0.2181818181818182,False,3
-0.70675741140412507,-0.67987327451239143,-0.19561771910831163,0.68394135917410193,-0.72732391572750721,0.056781500701261159,-0.18088167026103491,-0.093660302234211582,0.97903501936803783,3.4684119782307445,4.0209614486866228,-3.1346358428602334,,0.09869976212562373,0.1590909090909091,False,2
-0.26934851264383824,-0.95136189161748386,-0.14953905815724305,0.9474805727004586,-0.28958376986568191,0.13572694863434703,-0.17242953079957934,-0.10512750072356383,0.97939586761424202,-11.490179981719475,10.601232132829754,-5.9269580355610216,0.2014974296707733,0.1441151874171132,0.7016574585635359,True,5
-0.54261817231743881,-0.82102785178566295,-0.17742261880353133,0.820353532196751,-0.56337604464876212,0.098119898737365541,-0.18051482289052445,-0.092307631906233131,0.97923117791901793,-15.562510185096869,-7.2504886400657966,-3.2550417682010742,,0.1077472405928883,0.175,False,3
0.99054621733885106,0.10666485047814075,-0.086260077603539626,-0.064458968536282787,0.91697961619589963,0.39369204317138284,0.12109183577323161,-0.38440992853163325,0.9151861964405783,-16.570085214555274,-6.938428796830566,-3.4134110155195008,,0.2289972335048043,0.2083333333333333,False,1
0.13947661452912363,-0.96103780589495991,-0.23864745890139361,0.97536608505803335,0.091739819530363739,0.20061108052921225,-0.17090135785901781,-0.26074919204694447,0.95015924177413891,-0.29159835350906665,-10.511243251922952,-0.97807511517823309,,0.31668955958409,0.5384615384615384,True,9
0.61315678574398658,0.7895459200109981,-0.025612424525799468,-0.77163291495090114,0.60555931434070775,0.19462929219309988,0.16917860580013661,-0.099574881416945718,0.98054242250415824,-8.0440709519612454,-9.1607471413973904,-2.0987416946358439,,0.5121023335398238,0.7720588235294118,True,2
0.62033904480257229,0.78195903430908231,-0.060988016493742706,-0.76121338873960198,0.61897051512822221,0.19346751201552093,0.18903345285161779,-0.07359055689632979,0.97920926447756029,-0.97003753480581822,-6.1271673741830339,-1.7509139901224418,0.1785202886922076,0.1246629645698092,0.3877551020408163,True,5
-0.99319921540989653,0.049592541505136575,-0.10533707009513577,-0.052916293904908207,-0.99817791975596182,0.028994936644691202,-0.1037072049017599,0.034371795686603049,0.99401378024288123,15.749997766483988,3.9995647562500425,-1.9113939339908677,,0.6277483523407446,0.3333333333333333,False,1
0.58779598674233724,-0.79631880683647305,-0.1427313415061332,0.80615750860117297,0.56173584338873184,0.18591103673074916,-0.067867144448208919,-0.22434170394932884,0.97214445972476737,-11.334572068969322,18.459990049861002,-7.9041008354830034,0.4774553238491722,0.4812456972292891,0.9551282051282052,True,6
-0.39704158641692167,-0.89999822794902684,-0.17989210195043603,0.90721246430584601,-0.41453511915401847,0.071597343498748398,-0.13900907619162212,-0.13477323427363322,0.98107729158297019,-10.77413721449631,-2.8878862971989521,-3.4673357807692353,,0.152438884589583,0.3814432989690721,False,4
0.57893025280346466,0.81402423656681455,0.046950023117483003,-0.79364568154124182,0.54936054491670527,0.26139916575949351,0.18699276606290138,-0.18859356821121021,0.96408825917003549,-5.8043637655008276,-14.952376356239453,-0.78878391709601281,,0.44170973540779,0.4666666666666667,True,4
-0.88779303055526293,-0.42315763752899521,-0.18100041076854276,0.43148255176482819,-0.90209087851652747,-0.0074063769679493796,-0.1601447545816404,-0.084673848962703538,0.98345513211423474,16.83757318534818,-12.190871633884575,1.3043294727804333,,0.2536894885161344,0.1818181818181818,False,3
0.64023623524778739,-0.75296201543146779,-0.15213732741547231,0.76548998197305296,0.60880453354544328,0.20828376661038778,-0.064207870036587969,-0.24981041461856174,0.96616360217794761,-0.63477341071878579,6.3222786343529975,-4.0043580120951043,,0.1761604795979458,0.1884057971014493,False,2
-0.53677117658862372,-0.78882992697160181,-0.29937276144907138,0.82311659147818628,-0.56753460690036295,0.019584350992145366,-0.18535312464859499,-0.23590637186059327,0.9539352194455214,13.285395854160244,-13.044863086207817,1.0301598822214431,,0.552642673135099,0.282051282051282,False,4
-0.53619250968168697,0.84303049026321775,0.0423932193612786,-0.84147378519204907,-0.5378078846497274,0.051812624360781517,0.066479029744874601,-0.0078912416732100366,0.9977566170710348,13.3728615319623,-6.8260291785461762,-0.089167854121524628,,0.6304490817130529,0.3809523809523809,False,1
-0.86954325969433022,-0.41848278440701647,-0.26223401509931926,0.46449298942528172,-0.87338639189590461,-0.14643248692082947,-0.16775214542569775,-0.24913524360476264,0.95382956973406519,-12.105556770081099,-7.949898110132005,-2.707974326652026,,0.3997527212390952,0.1923076923076923,False,1
-0.73180157684530311,0.68039125191067806,-0.03916881987179345,-0.68119893225745121,-0.72849239525363829,0.072573030451576495,0.020843867636238744,0.079790816395355957,0.99659367788528841,20.261279162102898,-13.809441167135729,1.9680201354259448,,0.4282380000436009,0.7941176470588235,True,5
0.21168250278266915,-0.96154508360343516,-0.17499020033627299,0.96670885647147686,0.17966154515798399,0.18219691548172631,-0.14375153854924447,-0.20773247552924734,0.96756535374889074,-7.8683404317217702,-13.907012922348505,-1.2262326334015961,,0.1236093224039532,0.4444444444444444,False,3
-0.41037169101226112,0.91166524501357726,0.021483860222751436,-0.90961070162567903,-0.41089457260468165,0.061433066764203265,0.064833993427648978,0.0056684423212501334,0.99787996375209065,1.7782201705755092,9.7916265377633014,-4.7056686243211052,0.4408775706804438,0.2853280544377613,0.2280701754385965,True,3
-0.25129266478448775,-0.92621775179587829,-0.28102076948812849,0.95824752272664881,-0.27899175463937981,0.062652103168851087,-0.13643196771193827,-0.25354344223708247,0.95765444764007646,4.3644084774708887,13.322320794635598,-4.9784829895002396,,0.2071240855354452,0.2777777777777778,False,3
0.30322040368102426,0.94436048553905938,0.12743884864494867,-0.93589944833815497,0.26996535176140662,0.22629832400766509,0.17930312153405159,-0.18788821730160046,0.96568546038934078,12.682412269697609,-6.4694441397344162,-0.21429050273115455,,0.6407268368094964,0.1176470588235294,False,2
-0.40491957309591864,0.90703098159172491,0.11547700098534931,-0.90732375505788321,-0.41421887804977608,0.072016141071609682,0.11315362491533457,-0.075614281058118446,0.99069608743982773,8.2080071347314032,2.6498983351597931,-2.4090985983165063,,0.3676885867962458,0.2580645161290323,False,4
0.12928846621000201,-0.97253238909949613,-0.19355940859977244,0.98217286015519034,0.098733204427939356,0.15996320551290991,-0.13645865776725141,-0.21079019544518496,0.96795998275989847,-6.9835658611983646,5.0849400529816755,-4.4560693771588431,,0.1075371003303408,0.2587939698492462,False,4
