axis_00,axis_01,axis_02,axis_10,axis_11,axis_12,axis_20,axis_21,axis_22,location_x,location_y,location_z,dbh,dbh_approximation,score,reconstructed,number_clusters
0.083429554625839009,0.97953646649250881,-0.18316064049435304,-0.9882820709280723,0.10490654465543182,0.11087454699152689,0.12782041189517634,0.17176416302542685,0.9768106339527225,-4.1643282764470317,-13.20740624951204,-3.3079455943206679,,0.2025597145521834,0.3214285714285715,True,5
0.32790398480698074,0.9126309177558537,-0.24409789983490288,-0.92518238670630348,0.36248600851209872,0.11243418057420999,0.19109298280190873,0.18896746172046058,0.96321065729921984,-23.799113093922958,18.574703478714198,-13.683012377092229,,0.3183470075198956,0.5714285714285714,False,1
-0.66307566606664159,0.73054287084497838,-0.16321082968925957,-0.7334094611394435,-0.6776659043004849,-0.053660827982409162,-0.14980394981919223,0.084119177398397776,0.98513082411037478,5.5420470169449843,5.9950004195148097,-1.592934137018905,,0.7919023191096191,0.8628571428571429,False,1
-0.047071749088703457,0.96184871409646278,-0.26950195106661223,-0.99610294968914626,-0.025053731730852707,0.084564910849247985,0.074586621175066925,0.27243230666963669,0.95927966423996935,-5.9344993221820799,10.167884134332073,-6.0946272599021309,0.4642785673476129,0.4320802889063194,0.9530026109660574,True,6
-0.92586279678767092,-0.11975298353144792,-0.35838150686081649,0.16778422797983675,-0.98011282355813156,-0.10595898233806419,-0.33856540633343329,-0.15823424418318824,0.92754266187709855,1.4591199189756832,-22.303131169843756,-0.3426502227234019,,0.5828738679155725,0.2083333333333333,True,5
-0.1842859316673871,-0.81090009291084908,-0.55540951981997955,0.96901449532919304,-0.24445601937752351,0.035385907251422308,-0.16446763581748688,-0.53167875066366266,0.8308237495770896,10.179840525498173,10.768510071364512,-0.38656433572639515,,0.4337407532580603,0.2272727272727273,False,2
-0.93130279064444421,-0.17954334275818373,-0.31692159946758042,0.20130689136521102,-0.9788280304088498,-0.037030019913696519,-0.30356325144316665,-0.098284662878553961,0.94772858847673469,-3.9967353284288807,7.152742349400782,-5.1016461634202663,0.6885853135940255,0.2959475844274129,0.3008849557522124,True,5
0.83446968143155065,-0.41714870815438021,-0.36006569686191631,0.50223819327193808,0.84460891988492759,0.18545233800023908,0.22675349609314774,-0.33559309846292606,0.91430854981980092,-21.053006609607074,16.105577318583556,-12.401636212310756,,0.1431673494443378,0.4375,False,1
-0.95796973465733559,0.13934737692921617,-0.25075146265475701,-0.14081801311134945,-0.98996082254412809,-0.012159646833880738,-0.24992853911453339,0.023661749104827996,0.96797512724520707,-25.63309027038294,7.787285707706352,-13.259092894731165,0.2833547427146779,0.2640354970578167,0.4594594594594595,True,4
0.86278940461913045,0.45337375663706198,-0.22371115320824711,-0.39956787923804871,0.88260949716990811,0.24768121726665043,0.30974175236505297,-0.12430893893151733,0.94265971301607343,18.685519884088418,18.577472076964177,1.8428545473972859,,0.2465516334169155,0.3333333333333333,False,4
0.94411989156956955,-0.052376064056619751,-0.32541416419172958,0.14745298495598388,0.95010385493971639,0.27488230582607914,0.29477999859256993,-0.3075051426279381,0.90473495549090888,-7.6688737246426051,18.183689188253325,-7.5414271792687115,,0.2748557734235153,0.625,False,1
0.9303666493540147,-0.12486095462675227,-0.34471385202727445,0.23713453333840134,0.92200959682220407,0.30604822571963713,0.27961600610151827,-0.36648062073929016,0.88741582347532111,-2.6919485100015383,-12.80138625002532,-2.7398976693175365,,0.4955525463796374,0.186046511627907,True,2
0.59692398630639143,0.78735697168365482,-0.15411279542345296,-0.75772601492973279,0.61639707301222646,0.2142567027671855,0.26369118466644459,-0.011119690782757874,0.96454305845104849,-9.5183198153303774,-34.315929244416509,-3.1594571545006955,,0.2551009498280057,0.2142857142857143,False,1
-0.72656568964942669,-0.60300254065568748,-0.32937855817742206,0.62042476303261251,-0.78176213214006962,0.062618544918722721,-0.29525482560015565,-0.15885812763153531,0.94211925107452477,-0.042952267116403986,-16.748469887384882,-1.4846391361087332,,0.08474312524203188,0.4333333333333333,False,5
-0.9429824219124161,0.1308525654095844,-0.30604208548813044,-0.15711717884011667,-0.98558690116205239,0.062710863262323169,-0.29342519332449379,0.10721971079756473,0.94995030898409105,-16.695231439395613,2.0779401041439223,-9.2987079485075412,0.1249732820230062,0.1057487242080879,0.7130434782608696,True,5
-0.44553704206505185,-0.80466855070893484,-0.39243504895448117,0.86759165846661945,-0.49621566908849057,0.032476513208808622,-0.22086524920653405,-0.32600388533120828,0.91920618385751285,7.8858721613177671,-21.610121045894893,1.7860426342879572,,0.1099043582198971,0.2105263157894737,False,3
-0.88281078359544163,-0.30363661300558997,-0.35839911775853539,0.34283720607006751,-0.93807721089964846,-0.049737275003835582,-0.32110398705352916,-0.16678115491035145,0.93224260569075967,12.405508318483712,0.81541593923033995,1.3072634175047284,,0.09808946337576963,0.3636363636363636,False,3
-0.56356554986401375,-0.68162457415737798,-0.46667098786108885,0.77220013713817737,-0.63536334508428838,-0.0045130839881681456,-0.29342941094963915,-0.36290681948411585,0.88441948257694514,-9.2004533957355115,-17.511461206388315,-4.653559197862263,,0.4203456371961081,0.6989247311827957,True,5
-0.034185478263959804,0.96770069141313209,-0.24977334708573098,-0.99807676362181608,-0.020124936932070646,0.058632421335651184,0.051711961808323215,0.25129735126344815,0.966527554834268,-34.871220960156002,6.8533673467426581,-16.913064255523793,,0.5193600477739546,0.8095238095238095,False,2
0.29836134459846297,-0.87647732676940537,-0.37784653459910678,0.9543932690088569,0.27839750966756555,0.10783466363598554,0.010676896552164375,-0.39278788457646518,0.91956711642487532,-18.140328573051516,16.177845699005072,-11.268796269677246,,0.1065381206128367,0.1875,False,1
-0.46566409370394712,-0.77501259512557796,-0.42721473433344853,0.85649483232468704,-0.51614817778738709,0.0027678092179951735,-0.22265119365498298,-0.36461834287851941,0.90414595613790949,-20.820602775531906,2.607929693633702,-10.9039610077328,,0.2022624446064882,0.2456140350877193,False,4
0.5546524046628607,0.78273838325309142,-0.28227882206081678,-0.78630682116518391,0.6040263970730394,0.12989878609158015,0.27218062567127937,0.14990908918841198,0.95049722355611932,-2.1662155461348922,-17.643338749841874,-2.0770927783985966,,0.1768583736357406,0.5,False,3
-0.34509918916501525,0.93342615994547173,-0.098092576513719665,-0.93816597098888077,-0.34611480861253741,0.0070107159119531387,-0.027407307714193765,0.094446509668476231,0.99515259950185675,-18.732897417024027,4.0876145504552097,-10.244634895194332,,0.07445776737190649,0.4166666666666667,False,1
0.74248828960185209,-0.46928400369544537,-0.47799964820038232,0.64413919201774505,0.69602963783856053,0.31721829164953452,0.1838364520731483,-0.54342917397384494,0.81907807427818624,-5.9656362869212805,-24.161098174815027,-2.7976703952629176,,0.3442579798978781,0.1666666666666667,False,1
-0.91716421902479228,-0.23351897024080637,-0.32292210497009316,0.24283098437294848,-0.96999735273193977,0.011757921648583108,-0.31597928471516507,-0.067631547599494912,0.94635250588783792,-24.664553541397812,2.9680275271148573,-12.432690944086792,,0.2889579598490334,0.5930232558139535,False,4
0.95079110908040498,0.036017353795322879,-0.30773205409777549,0.0064961388183483095,0.99068452912430782,0.13602192446146999,0.30976453488756012,-0.13132750656024667,0.94170006846477528,-12.282110940967168,-11.22139693699188,-6.3811944820897875,,0.08727722181034728,0.3611111111111111,False,1
-0.32088889427022371,-0.85322782130377817,-0.41113574703161027,0.93164643284723636,-0.3624953558316773,0.025140428864379817,-0.17048531226194352,-0.37496586771821361,0.91122739003460274,-7.0838423294611772,-18.559092529878345,-3.7863440634473506,0.3818447633024694,0.5065860368688696,0.8913043478260869,True,5
0.94878748928797496,-0.05296395637792646,-0.31144360564220497,0.16105270363742172,0.92920970167018091,0.3326129236411145,0.2717799235074162,-0.36573781544545025,0.89015252823967905,14.937106098245062,-0.34451631514523717,2.305170537189813,,0.4626859581615445,0.1666666666666667,False,4
0.7262728304168683,-0.57340157376291989,-0.37912848877982996,0.6647744001413034,0.72623462741158229,0.17509501096585139,0.17493648194428102,-0.37920166291113167,0.90862716563527401,2.149818180906697,-6.8301825713971631,-1.5975488250348129,,0.2672204594390735,0.1739130434782609,False,4
0.58663760625991257,-0.69934035703909292,-0.40838631703091316,0.80114178460652452,0.57489025026395824,0.16635215991659552,0.11844053309198169,-0.4247637757246695,0.89752302196267375,3.5857425563894734,-19.936728512611115,0.12156626190729299,,0.09411386430968367,0.25,False,3
0.79559520334841349,-0.48784937604578071,-0.35920921299534925,0.56944937066434198,0.80455937777643272,0.16855747352753131,0.20677448261084092,-0.33865497770406627,0.91790910193617603,-21.445378064342414,10.397013596874048,-11.865736883408923,0.2290260997540549,0.1840096222872734,0.2105263157894737,True,3
-0.14894411420068288,-0.91632149438473143,-0.37171302072096707,0.97946204642041568,-0.18837369260891157,0.071898898147431792,-0.13590346009909177,-0.35336987825989841,0.92555927885342881,-15.985948386766482,12.739496389439164,-10.060714631725574,,0.08582933029293269,0.3611111111111111,False,4
0.64212002318993411,0.71971671689568772,-0.26398811192826444,-0.71572441656207397,0.68619878815825575,0.1298837274912428,0.27462781242153261,0.10554179528050867,0.95574080905522174,2.9000254992225889,18.199588548240268,-3.6462356838476935,,0.1004871773350064,0.4545454545454545,False,1
0.37002576639693413,-0.84172139200072515,-0.39317430034365547,0.92822892120780931,0.35244629319295195,0.11904906655633389,0.038366678716669433,-0.40900697874597369,0.91172434940684932,5.3677403828845804,4.7465720048575184,-1.5568588663782961,,0.380043745839786,0.6714285714285714,True,3
-0.92750878095139699,-0.16744322855442234,-0.33420087742153676,0.18494781139696528,-0.98252359040773007,-0.021016692217763866,-0.32484114320314494,-0.08130288742458755,0.94226751624944549,14.66125874883358,18.568231981513545,0.45211690422558021,,0.2112291436009697,0.56,True,6
-0.61156800347897111,-0.72061193106259203,-0.32665428503386745,0.74452353643386793,-0.66385487317530001,0.070579112047500364,-0.26771118918855857,-0.20003787684248325,0.94250494269876373,7.2267803292290198,-6.3089662151052295,0.14062426517326376,,0.0961788654074877,0.3260869565217391,False,5
0.65746475269497406,0.74280681460968412,-0.12640464838426541,-0.69398034653518537,0.66230325948947188,0.28239276034014138,0.29348147741661601,-0.097940944650511397,0.95093437932084734,11.093786737998965,3.1817127647274721,0.62879517354071768,,0.3727984658292728,0.5714285714285714,False,2
0.015789229190667067,-0.94399187147676888,-0.32959072624597785,0.99669642370991218,-0.011404907160332755,0.080412480726158628,-0.079667679804518138,-0.32977154922529439,0.94069324761907036,-2.727403620711494,14.004965265583703,-5.3331919335334517,,0.07475131657247581,0.25,False,3
0.71033994050473281,-0.61738604020180565,-0.33801131088717562,0.68421217448312455,0.71834973091442134,0.12580685348681508,0.16513893911735994,-0.32063708684291764,0.9326955501813442,1.4217796071740856,17.603858642342033,-4.0504305369180917,0.4015483408890675,0.3414058546634164,0.839622641509434,True,5
0.94739838011941913,-0.085930012921492577,-0.30830559875943458,0.13576640215406299,0.98022084772609308,0.14399504758595566,0.28983407907498149,-0.17827821673567557,0.9403260519863873,-3.0358722229916002,-5.9850261873518393,-3.437523324334133,0.239901112075926,0.1532089674266221,0.7024128686327078,True,5
-0.15659886509158424,0.97058652600229922,-0.18286221860957574,-0.98638753772976884,-0.14428909453172772,0.078868768283892068,0.050163939871504533,0.19272377316253078,0.97996996198585884,7.2660876170896387,14.638308126371243,-1.7681899998637935,,0.2732447173415494,0.4615384615384616,False,4
0.6628815118715603,-0.65994878473980756,-0.35363215738861431,0.73465610968026906,0.66443418207690974,0.13714086990113847,0.14445934282118064,-0.35070617218440758,0.92527654193945363,-3.0360702932088373,16.120255615311947,-5.5684082532573731,0.2509241616181842,0.1873214539972847,0.576271186440678,True,5
-0.44363628976744651,0.87931626124206697,-0.17317550380075625,-0.89358631855559789,-0.44876866548355032,0.010496483714354368,-0.068486010919212525,0.15940388199596942,0.98483504644838227,-1.8127680426994215,16.235924705683161,-5.1226807109525483,,0.09449486932341442,0.2307692307692308,False,5
-0.3316144495620767,0.93560488661670671,-0.12114187129386531,-0.9433972914034191,-0.32807628800185473,0.048656960690286528,0.0057799147340592827,0.13042026449084709,0.99144195351810882,-20.186537749218942,0.30298924898040464,-10.47210488958636,0.4262307323246176,0.2468990673313415,0.2926829268292683,True,4
-0.63625952619764048,-0.68327896288638335,-0.35819502257801467,0.72167352342157087,-0.69125922323192845,0.036715281410992319,-0.27269239247740579,-0.23513941646117378,0.93292460247934794,11.774657163553904,4.8907069624145674,0.75391834054792206,,0.09568383725181769,0.5625,False,5
-0.38406340866063388,0.89023556411369686,-0.24489985405292383,-0.92239002013549565,-0.3817558391716766,0.058814369101180847,-0.041133306242214146,0.24848162838628052,0.96776284877654162,-29.9429201721181,3.5765140574778549,-14.808175763195656,,0.1296284756521358,0.4,False,2
-0.60508535257023244,-0.7136303997700485,-0.35299202346369929,0.76368033019189518,-0.64558266136205966,-0.0039218142073356305,-0.22508680410666901,-0.27194609736622399,0.93561811159485631,-2.3685503518610429,12.188053142927801,-4.9960075499059062,,0.2811034817230741,0.2037037037037037,False,3
0.9133488017334439,-0.23112989444101145,-0.33522073066528457,0.32736183272334535,0.90639411091280975,0.26699053574722154,0.24213260178689888,-0.3535939586563418,0.90351708094182859,12.173233466291713,5.7493693950797908,0.77963683453556065,,0.3406929086160517,0.2027027027027027,True,5
-0.95256136585217843,0.0064353106076414715,-0.3042785419039859,-0.01248631527460202,-0.99976100999564699,0.017944771476614441,-0.30409034219569653,0.020892813833178453,0.95241406652434368,-10.223876909958051,8.0816627773532694,-7.4770464300572339,0.1728877719375799,0.1588963071009634,0.4269662921348314,True,6
-0.26768930413188202,-0.88157047100073294,-0.38881350428314077,0.94772070431321476,-0.31365841769916913,0.058684441059957571,-0.1736890988791604,-0.35277741093499843,0.91944559124754432,-14.67237653058948,-16.288409043530834,-6.8555082625550021,,0.2081515543695632,0.8636363636363636,True,2
0.044828565279950577,-0.89944710630603864,-0.43472439854767186,0.99311962648605667,-0.007000851942490784,0.11689480553162035,-0.10818413572764365,-0.43697355873070087,0.89294473611029834,-26.292236009632319,11.256236984173082,-13.81187279218336,,0.2415815377166934,0.2666666666666667,False,2
-0.82616983611300787,0.54948184035267778,-0.12455163194290059,-0.53308718467872773,-0.833907638230727,-0.1428849342364647,-0.18237723385421103,-0.051650343881575994,0.98187106411616054,-16.194539530229775,13.861435209083362,-10.23232609310163,,0.4573599126917087,0.2467532467532468,False,2
0.85087388248791629,0.4755543363263216,-0.22329735623417435,-0.43869270888616918,0.87698603507001416,0.1960719293073121,0.28907151929938518,-0.068873561643118975,0.954826732573265,-5.7119287411653428,17.033399261592759,-6.6350018099001797,0.4092828645846092,0.5116910667885682,0.2285714285714286,True,5
-0.81331801545810545,-0.48335157356094877,-0.32385963327874567,0.49274377913549255,-0.86821610204610911,0.058346964540870613,-0.30938224553868959,-0.11212518220281847,0.94430427811242235,3.0467450728210408,-7.4549962222923787,-1.2269928002247561,,0.09340649625895986,0.3968253968253968,False,5
-0.14770208934588114,-0.92209790369173106,-0.3576584247717044,0.97974982402040967,-0.18584134423471155,0.074520313371674682,-0.13518274717891501,-0.33940897274578807,0.93087441370187607,-10.027343140590304,-8.6093631559522468,-5.7993587336716628,,0.08376596093936062,0.3333333333333333,False,3
-0.23537249469966767,0.935470136885305,-0.26361982424438929,-0.97180635024227158,-0.22265658691401327,0.077565855455845267,0.01386385111177757,0.2744442881526053,0.96150305581041173,-7.6405831427895201,-11.625812353226705,-4.6224017418108811,,0.07407090140546724,0.4166666666666667,False,5
-0.92246797656323165,-0.20780197673399237,-0.32537850371648885,0.21649840577062338,-0.97623494912416842,0.009683202327230328,-0.31965805560647836,-0.061511483269198211,0.94553427484777508,3.6119019468343847,16.476548530490106,-3.2730533382390781,0.1669249804956361,0.1367979210647255,0.2777777777777778,True,4
0.52502971399407194,-0.69379469602014388,-0.49294291677395841,0.84277825818770835,0.50454124804579958,0.18751782994285723,0.11861115862090803,-0.5138940054084129,0.84961423261142643,2.0392728877284645,7.1029514170942587,-2.9686881297649039,0.5968974820077123,0.4436249615838798,0.308641975308642,True,4
-0.039256145996400392,-0.89139496602821577,-0.45152405200727075,0.99389435444319985,-0.081464098143297345,0.074415139048677637,-0.1031162800310606,-0.44584595462250692,0.88915039084471048,-23.372796854480619,22.072331001860807,-13.812026511513375,,0.1128231158956867,0.1666666666666667,False,1
0.94366027523884721,0.13356165801619521,-0.30276487320048717,-0.10431099945260817,0.98834441959075914,0.11088067305442746,0.31404537941090638,-0.073051979930524646,0.94659331705801164,9.0391405768123629,16.35345767119686,-1.2928513019438088,0.4912873313493722,0.3777546494973194,0.7903225806451613,True,5
0.55726594577088839,0.787349073451582,-0.26369698940073744,-0.78888743130916372,0.60112351947285547,0.12769939333840796,0.25905846136829214,0.13686471740921097,0.9561154547030345,-1.0981748814639851,-21.036907408618685,-1.3581047905858075,,0.09773612595281152,0.32,False,3
-0.17721647038936711,0.96992090970307954,-0.16687645592918288,-0.98376276205909308,-0.16968905795473477,0.058450419983940127,0.028375175921902383,0.17452522032985546,0.98424376902280486,-13.667429029613656,15.256852760214853,-9.4343216042013349,,0.09803695177630867,0.25,False,3
-0.13650213826419763,0.97330032972043989,-0.18453626856362182,-0.9906089784319041,-0.13263987644600736,0.03317401131138268,0.0078114082854323086,0.18733160796424922,0.9822656720857792,2.0819230322926972,13.239179667222306,-3.5897560247109288,0.6342201614863965,0.2214637728770804,0.7647058823529411,True,5
0.56203812233405714,-0.73365194198565764,-0.38192666451018986,0.81992106970447898,0.55495089688617649,0.14056650205468577,0.10882365780412465,-0.39215345219174069,0.91344024513715727,-22.619385961161292,3.1638007747428478,-11.6641703644292,0.1409186563599439,0.1224750308967988,0.32,True,4
-0.94269874763888462,0.14337782796864929,-0.30126710681232804,-0.15699486107985658,-0.98736861689935129,0.021350127793041324,-0.29440055162073808,0.06742412631436194,0.9533007407928259,5.4682214575064751,-23.217152150566466,1.1178728675345768,,0.2249716213859278,0.5454545454545454,True,5
0.55634742921491975,0.77683118230006376,-0.29497601972403287,-0.79038564958053525,0.60428129083841198,0.10067098131942691,0.25645284740689367,0.17713677130665428,0.95018656131727564,4.6762325211953932,-6.6985608891368944,-0.66205032215680004,,0.09266257433938357,0.39,False,5
0.66201646567386763,0.72305545417543204,-0.19729422030013993,-0.69447566780236203,0.6907798449406487,0.20131257450600687,0.28184702589728317,0.0037437963263122209,0.95945205090297392,-1.1519459245927655,34.209299700385543,-6.8353939008554985,,0.2223632646478906,0.2857142857142857,False,2
0.77401323743490669,0.57081835758039112,-0.27398888832352075,-0.55637907318167645,0.81972068422703548,0.13601590633399865,0.30223473526554273,0.047163571743297023,0.95206604933658978,-4.3233206746000263,-9.5233565974909311,-3.6790414090560288,,0.07135449716998739,0.2804878048780488,False,5
-0.86562514999414986,-0.39905970641350946,-0.30239783467275283,0.42071200653131924,-0.90716598601349763,-0.00716110190897494,-0.27146732263386153,-0.1334212297099798,0.95315490252355128,-11.732828358929204,-22.099715660412659,-5.158678017683652,,0.3117926623791766,0.4915254237288136,False,4
-0.80850532618103665,0.54816238513215132,-0.21409609305899627,-0.54904665794665575,-0.83357399489320683,-0.060845397816005869,-0.21181809397335169,0.0683549161656333,0.97491574020603744,-5.2008064482599643,10.047999732150892,-5.7692589602406512,,0.1514084716927249,0.22,False,3
-0.91830295858045241,-0.1777514373422785,-0.35372885489473721,0.19155519277456279,-0.98147331335226606,-0.0040918575763542603,-0.34644809767624385,-0.07151616390774268,0.93533905826520092,7.7340572700921077,18.255969394573228,-1.9438997490415981,,0.1165560147014291,0.4285714285714285,False,6
0.39008078777374244,0.91917842141585371,-0.054295567160455666,-0.89693675118283478,0.39265060180855416,0.20329773554312436,0.20818607875503645,-0.030602851220751459,0.97761036313541727,-16.592094519223973,-29.829348643184559,-6.2688472892700062,,0.2243728394131957,0.25,False,2
-0.66620400851348827,0.73647549336894824,-0.11737149018191459,-0.73030043167918346,-0.67614391489566816,-0.097420151091841461,-0.15110757270817976,0.020814754779306777,0.98829815716397984,-7.8322742237915675,15.938473216286924,-7.3558380120448099,,0.1098809038300831,0.3125,False,1
-0.71013154515490184,-0.59877881193396176,-0.3703743011533942,0.64043851909285843,-0.76789073217275905,0.013502840639326094,-0.29249220816640309,-0.22761317585354707,0.92878444772713786,-16.988738720846762,1.0357950308309958,-9.3391351671893723,,0.2142171868411101,0.2037037037037037,True,5
0.92109870034916541,0.033002693478435069,-0.38792783663749408,0.081005731147209645,0.95834883519587899,0.27387146912376287,0.38080868652957989,-0.28368703231179004,0.88006045926501297,-3.1633435607440084,-21.325109451009634,-2.0896386102723996,,0.2325909152045791,0.2432432432432433,False,4
0.53967889270652569,-0.71925622421681701,-0.43751248747027272,0.83364906292529484,0.52902770211565397,0.15861566845053063,0.11737091910194701,-0.4503334035129955,0.88511236181038933,-1.8210833768323023,-30.640368931348259,-0.71453988454987682,,0.3415544731942753,0.7142857142857143,False,2
0.38763899341858504,0.92131119659493299,-0.03035934469381868,-0.89858308518540952,0.38501292444827845,0.21050768875852266,0.20563183070744867,-0.054320594958047641,0.97712067993841289,-6.7685821514288858,14.643361270649416,-6.8243467604837287,,0.3464420379290115,0.3125,False,2
0.22296037752320222,0.95165957772137433,-0.21126456916833955,-0.96563670252512779,0.24529867051244644,0.08587386669541662,0.13354560566004037,0.18485835219432015,0.97364930074071931,-9.9765695956755671,11.898550148062686,-7.7055181488046607,,0.1214030390435467,0.4583333333333333,False,5
0.44322005077995985,0.87729929489462721,-0.18412477770251284,-0.87182137949930882,0.46965123766659755,0.13912295714998216,0.20852690194440704,0.09886183356393502,0.97300712691626523,-1.8565723050672709,11.171169877713435,-4.7030294899082516,0.201893131908024,0.2294789861200181,0.5,True,5
-0.93908350315356948,-0.070450726758326893,-0.33639094697099564,0.12882330906906597,-0.97956168377969921,-0.15447803310237082,-0.31863259272289696,-0.18840276741572781,0.92896591330617728,-4.728007900609482,8.6061062150736838,-5.4729559413771458,,0.1056550307752729,0.3513513513513514,False,3
-0.72244008625807066,-0.60271782011425667,-0.3388385324666458,0.62640961488187896,-0.77799573859658511,0.048307609225573429,-0.29273079125874008,-0.17735236125372816,0.93960354608034524,-12.105154886496297,-6.2875102955252569,-6.8098457617782522,,0.0766679365024147,0.3409090909090909,False,1
0.101475445819254,0.97848262362113836,-0.17965102050163245,-0.98630446176394304,0.12255301026410353,0.11038237350114333,0.1300240077844203,0.16598950251958974,0.97751789878905881,-27.178838828212172,1.8748165208012273,-13.544566199096421,0.6711231148776581,0.5033764517116875,0.5454545454545454,True,3
-0.93759391295841699,-0.096115872972509897,-0.33418466952578429,0.13912557061387021,-0.98445633793012743,-0.10719045811343815,-0.31868751149784702,-0.14699475389256614,0.93639244568897217,-9.1501086693210603,10.503765792708394,-7.2370677501347549,,0.5924380335114172,0.5849056603773585,False,1
0.33851863949183908,0.90029689395353274,-0.27362498689668818,-0.9203508804299283,0.37732309053192442,0.102866623563187,0.19585552738804052,0.21700872814026567,0.95631993825418815,1.8784405014231269,-3.6498375025266596,-1.980628983834904,0.3798639049904519,0.2561275073733778,0.7178988326848249,True,5
0.89372175797031461,0.35187421510338446,-0.27829113546037876,-0.32385151147070601,0.93530407326423937,0.14257099653667757,0.31045389005227331,-0.037293796812596439,0.9498565970033116,-6.4492402097455219,-6.4088581071297304,-4.7066494927511524,,0.1550080201908983,0.3070866141732284,True,4
-0.93489774152111149,-0.040175403491603229,-0.35263600192409744,0.097188878100881504,-0.98457410382698551,-0.14549280410652804,-0.34135104346144485,-0.17029319137174986,0.92438070842062037,3.5338735559758447,-15.710556791920824,-0.25678384493626366,,0.3211668350336075,0.2051282051282051,False,4
0.95112877650425043,0.021758019842387968,-0.30802701030602131,0.04127037530436118,0.97960851750221645,0.19663140278029634,0.30602419287985178,-0.19973417586794751,0.93083588906025072,-5.6593032085609973,-6.3512034089527658,-4.4133123270199555,,0.07570564160129341,0.3393939393939394,False,5
0.64742790340175982,0.72209213499511671,-0.24376229912559172,-0.71043409752263298,0.6876001231629727,0.14996487489897734,0.27589944359132451,0.076085604449579791,0.95817038037164282,-6.6843138000905356,-7.1982803582138333,-4.7443012591954412,,0.0732725979260554,0.2361111111111111,False,4
0.078088321568047375,-0.88706205694072671,-0.45499793534780986,0.99486517329245938,0.039861268136114042,0.093028846452828648,-0.0643855651869919,-0.45992606627442356,0.88561984652382553,2.3834807325673779,-10.031096290811478,-1.2431581292166083,,0.1172854859893883,0.4811320754716981,True,4
-0.12531588582282563,-0.83756260368714752,-0.53177515329812908,0.98583260574386056,-0.16535724243194355,0.02812571470337967,-0.11148991978072714,-0.52071668619328082,0.84641841337909085,5.5173953180355193,17.171685476527664,-2.6323134595180768,,0.3358187763918816,0.1875,False,4
0.20328817759557907,-0.91026633477378949,-0.36067868890102184,0.97854031112180229,0.17621849674390647,0.10679841251144756,-0.033656743150753413,-0.37464949110176254,0.92655543949494745,6.8661940052916348,5.9429424498474139,-1.1614558763335321,,0.09068379260407206,0.25,False,5
0.89257437489801372,0.36854829259396787,-0.25977517452884663,-0.30538607688193714,0.91798385171213714,0.25307112052229652,0.33173834466651764,-0.14655307578424359,0.93191837982523906,10.167623198751512,9.0794636214787303,-0.22129707343511384,,0.2414248471371626,0.1428571428571428,False,3
0.87580901463271954,-0.2987285124011122,-0.37910400389165289,0.4139071739208271,0.86887300625327368,0.27155211356436226,0.24827287661953348,-0.39474165587510091,0.88461268578516594,-3.1002592992199647,24.974319508468714,-6.5894025620691474,,0.4105912539867691,0.2,False,1
0.15549055804025791,0.9607301416126105,-0.22982663326372985,-0.97607422174416014,0.18522044401070326,0.11389688655537866,0.1519927630081776,0.20661796174943203,0.96654395548037486,-10.916967923443607,-11.960446696312694,-5.8391535863204176,,0.337020423724616,0.8146067415730337,True,4
0.87935457212682444,0.38150018006728165,-0.28494411572847356,-0.34783392876823599,0.92332045906329185,0.16276021587847123,0.32518778340722432,-0.044010708739856755,0.94462477367413589,4.1705359631085157,-10.111696360565656,-0.59025215028750766,,0.1109316338844073,0.5833333333333334,False,5
-0.12467834843516352,-0.89269816197460938,-0.43306500786675839,0.98402686381537052,-0.16714959306703822,0.06125475350706814,-0.12706864570446968,-0.41851046001824033,0.89927890786682785,-6.6695368559240205,10.988313141970464,-6.434737640735972,,0.0815472766871074,0.1346153846153846,False,3
0.44856947426021254,0.8485353090160358,-0.28066573733709776,-0.86497216958471501,0.49120993638911881,0.10264474772977294,0.22496349171771685,0.19672475122784683,0.95430121012629665,-2.0439130808399928,6.0866377562840137,-4.3626652678693816,,0.1090443835176207,0.5753424657534246,False,3
-0.38346314099917156,-0.8177755683694593,-0.42918427193113307,0.9031958445129924,-0.4290970105004609,0.010631182155787053,-0.19285560906935414,-0.38356078443654118,0.90315438253540758,-22.30050714915,4.1937423843022215,-11.575443505801779,0.5938154870125076,0.4036895836304527,0.7692307692307693,True,5
-0.10944201980713816,0.96868617865822571,-0.22286662284213157,-0.99250059257781098,-0.094212833241880636,0.077887841061562588,0.054451979148857493,0.22971945788082593,0.9717324491019691,-7.3149726720841644,4.6054757447827113,-6.1023292029664464,,0.07660769224577121,0.2265625,False,1
-0.40990249843491,-0.83906925130678756,-0.35769083478373598,0.88724343714280807,-0.45775938922810672,0.057056330240624883,-0.21161055036040843,-0.2939713133708427,0.93209540385691614,4.0652516020044125,-11.785764743808446,-0.44366688500750862,,0.08785902608414027,0.2608695652173913,False,5
0.3952874250526251,-0.82920124562296438,-0.39518748190269037,0.91739565778525389,0.37801473376542771,0.12445910225055516,0.046185048143599014,-0.41174039796160011,0.91013009290672109,1.7881444256088228,-20.525649603750065,-0.44190144093054384,,0.4069470377301952,0.8192771084337349,True,5
-0.86599218906667152,0.46197191467244886,-0.19141441567809697,-0.43721235436885458,-0.88527257862354725,-0.15854910508880316,-0.242699167000546,-0.053613539251654907,0.96861896674913084,-19.910570601268319,6.8231196336397835,-10.833678808561533,,0.5755059089606231,0.3809523809523809,False,2
0.39540235202741048,0.88947798857223848,-0.22909798745662752,-0.89410844315771953,0.42984210356686203,0.12572135011721391,0.21030233447413688,0.15512792735900394,0.96525035833613071,-20.400563005309291,9.6946488708898464,-11.420476062952382,,0.08240040833714585,0.3,False,1
0.89279709615387604,-0.32859606929219365,-0.30812005508393175,0.3804425839747323,0.91629475643777591,0.12516932381084811,0.24119864302651897,-0.22897279875643733,0.94307723545413236,-4.8014999003688681,-17.718509594893622,-3.051095037241041,,0.1188506369173229,0.3409090909090909,False,5
-0.95211297524636973,0.060826611373163086,-0.29963478722665732,-0.040213612025337353,-0.99641046729060956,-0.074491919572431037,-0.30309032939930902,-0.058875326093093365,0.95114139232926398,-21.769579984094666,0.036796950115324467,-10.97189394505383,,0.08219127839796717,0.2,False,3
0.9162635954596553,-0.24560045769270286,-0.31645132140106574,0.29090546593548244,0.95106408735259651,0.10416866917184545,0.27538161435398278,-0.18750337844771853,0.94287191576930895,3.9461623158540577,-5.4757743524283509,-1.0837686189055165,,0.2647168544616634,0.7041666666666667,True,5
0.19555071403140489,-0.91701915059896033,-0.34761443536851172,0.98032896167158445,0.17312110652200199,0.094785069417662016,-0.026740328152830228,-0.35931178649100726,0.93283438773392136,2.3768298253041031,14.276536405926995,-3.5820719061042547,,0.0720581443716362,0.3076923076923077,False,3
0.032755624894340266,0.9902770327238295,-0.13519788274032457,-0.99848854162230938,0.038395968766070057,0.039324061736639215,0.044132768854144078,0.13370545255224348,0.99003795415684182,-4.6837940963120772,-25.071275403169729,-2.3067500063186803,,0.2981741509567816,0.4285714285714285,False,2
0.59199142397535998,0.75370144784190785,-0.28544751086782771,-0.76223040007733367,0.63864925454909904,0.1055080416927057,0.26182240381139044,0.15511691456734669,0.95256903774872581,-0.44221418658704803,-5.5817420274350136,-2.6634534563670469,,0.07506606949774257,0.2584269662921349,False,5
-0.9350889923149186,0.24750524096906928,-0.25367248992413927,-0.22990278196645053,-0.96833503456764536,-0.097324054955409633,-0.26972817297337776,-0.03268664133433985,0.96238157514715728,5.8549717698457542,13.374972473133163,-2.2324482599498343,,0.57910260651462,0.25,False,5
0.84303936646223521,-0.41243049469984466,-0.34523283974239077,0.48731790858071738,0.85734314234139875,0.16578296732985831,0.22760905643552409,-0.30799971318463687,0.92375878567227332,-1.8739540039262603,-21.432816061045891,-1.6498166443833813,,0.2700129296170408,0.8285714285714286,False,5
0.71740164149629437,0.67417258075531872,-0.17557396201069847,-0.63743115980350118,0.73691132380819857,0.22504047936940363,0.28109856152243928,-0.049528095066947858,0.95840000339579201,9.2687057261151029,7.371546111945527,-0.38719962494290877,,0.4121252364585442,0.24,False,5
0.019933613753093573,0.98145247052383144,-0.1906664604627947,-0.99513961809220552,0.037870855905919633,0.09090070833746737,0.096435426820451808,0.18792776903805639,0.97743713970686463,-0.16770225181179554,-15.308884642191018,-1.6582567648715516,,0.07478768456687941,0.2162162162162162,False,5
0.2515704311768085,0.92895583082173483,-0.27157573996919687,-0.95311598598855918,0.28654784544178108,0.097263814061201451,0.16817323036254478,0.23437447953003604,0.95748961766405238,-8.8553744030629726,-9.7199358248088821,-5.1886854964346387,,0.1509731033266028,0.2638888888888889,True,3
0.9474877811017407,0.13039355612031531,-0.29200072805593741,-0.090053265944834551,0.98493601528781716,0.14761929102128116,0.30685063786078109,-0.11357185527785917,0.9449572052390397,12.506758892614201,-1.3295250975510227,1.5171866203624511,,0.3908555210543557,0.9295774647887324,True,5
-0.36344847040244338,0.89028262926122714,-0.27441218886528956,-0.93119286963066894,-0.35602561756456735,0.078266207182716541,-0.028018724295076555,0.28397640689586123,0.95842180245202713,-5.8809101821330545,-8.6457070537328189,-4.3435582986094143,,0.09631102771684814,0.4344262295081967,False,5
-0.21220539858486007,-0.89503037337664226,-0.39228752152561264,0.96567689025349701,-0.25359149778096013,0.056209393196728102,-0.1497898943246028,-0.36689505718458065,0.91812363250912299,5.7143428028095213,-12.093013635871307,0.13739183226530066,,0.1006816011994764,0.275,False,7
-0.26282345085759129,0.92618584916630853,-0.27037678613999283,-0.96482726306866284,-0.25064088297474751,0.079293759029780461,0.0056732811265835792,0.28170715394842755,0.95948365973347161,6.6164978134181052,-8.2895737398255047,0.12520563767934453,,0.1327584025885715,0.6162790697674418,True,5
0.37141490493738083,-0.81962075379475963,-0.43620269180653537,0.9245653493182554,0.36952032325690343,0.09291741247004022,0.085028720032529315,-0.43780880604325972,0.89503830427563624,-9.4521408499829853,-15.640212466201366,-4.8620157856569852,0.637087642786673,0.3223332472987101,0.2307692307692308,True,5
-0.85776885604692821,0.48150115029769458,-0.17997008600859254,-0.46735434230958656,-0.8762949477938381,-0.1169918082404396,-0.21403856736653115,-0.016242128339317929,0.97669016834751199,-6.8689952812322295,-22.788567443839881,-3.3388268467292406,,0.3758611336559454,0.24,False,5
0.92240503148377595,-0.21110992260938533,-0.32342164193088763,0.26507096097951743,0.9550712744894766,0.13257543622572027,0.28090272967489499,-0.20801793485395481,0.9369216590730981,-18.642954515529336,5.5613130479366708,-10.376755276524944,,0.4697868693489065,0.916083916083916,False,4
0.86392743231846747,0.41179969754371692,-0.28991447150930943,-0.39029799548999122,0.9112743369352817,0.13132614956533717,0.31827168646317533,-0.00030322609662913891,0.94799949454090982,4.9689637325777127,13.938254373051869,-2.5658162786980787,,0.07851351791157848,0.24,False,5
-0.25598425459479995,-0.8434230721365662,-0.47234477110185236,0.95106266906609516,-0.3072153450442428,0.033144098693768394,-0.17306605937739519,-0.44074511132520072,0.88079048923936309,-20.03710939150448,2.9575315664747635,-10.637298687571326,,0.08259354817448693,0.2222222222222222,False,2
-0.65422371945214264,0.74945532446512897,-0.10152852573081106,-0.74222739478692767,-0.66201511376341848,-0.10408882541665142,-0.14522334293774569,0.0072598746322510566,0.9893722630467815,-8.2598205754516432,-23.514836185003016,-3.7562125396906478,,0.1043212072924344,0.2666666666666667,False,3
0.94419872654322357,0.11988237469224758,-0.30678491004660396,-0.09122501173207187,0.99015577904452101,0.10615804472211238,0.31649133010027103,-0.072247833620712992,0.94584009669101876,6.364789695015217,-11.821179157511292,0.40955479802434974,,0.09805143456806027,0.1612903225806452,False,1
-0.89031208763195069,-0.31942329534725533,-0.32451986843017555,0.32464438915601668,-0.94501035047876281,0.039515289161586767,-0.31929673848311574,-0.070172614868672684,0.94505311856876006,8.7747063097507443,14.319250390821436,-1.2308412265076787,,0.1189945218017961,0.3846153846153846,False,5
0.48645186787574568,0.8523292826591935,-0.19209209812447042,-0.84509184977266494,0.51481416901212951,0.14417398112060631,0.2217754397763923,0.092201764115519613,0.97072884422271732,3.9955707616376914,9.2849310754980525,-2.4463192623656784,,0.1543836096719424,0.25,False,5
0.95125422433176932,0.046763675263356008,-0.30484185960400334,0.016045600906920705,0.97959445032951686,0.20034283509810719,0.30799016117807948,-0.19546833902060695,0.93109300773769399,0.46154453458085049,24.795851791060535,-5.2336491079652596,0.3952736800443737,0.3455606966833537,0.7678571428571429,True,5
-0.94107313227718914,-0.10321362304408169,-0.32206879346517642,0.11592421544150046,-0.99304682102363151,-0.020483835801264103,-0.31771518059462128,-0.056612359719188494,0.94649464063287392,-7.310066353069419,-20.039869182670184,-3.7377959712228686,,0.1039778710642346,0.2608695652173913,False,1
0.44159196709820231,0.85074039607522911,-0.28502160107630886,-0.86903317765063537,0.48456051279165752,0.099912189374099361,0.2231095487351,0.20357280743961972,0.95329965977879805,-8.498105992884847,2.197211632097396,-6.2801581361119254,0.4951499680345701,0.4173554889078536,0.9910897875257025,True,2
-0.90104307923508575,0.32012932063612082,-0.29264071389950197,-0.34654996302025298,-0.93709474955662564,0.041911257247504372,-0.26081505419207668,0.13917847686499793,0.95530354290368025,-18.937249471120936,3.1759709387036277,-10.177549737248574,0.5413377419497815,0.4735485544952717,0.9758713136729222,True,5
-0.90148602677829137,-0.22282230226013705,-0.37104334671164974,0.29759738242895623,-0.94159563124452683,-0.15758637375311049,-0.31425903566154306,-0.25248344269815703,0.9151466383418364,-18.044195049539301,-0.64139311766783036,-9.4927598806979354,,0.1184806660070152,0.3191489361702128,False,5
0.74652307557229858,-0.55710748341373872,-0.36377815982063305,0.63513421815936089,0.7595869297362311,0.14011502809114634,0.19826200483494688,-0.33564705882563062,0.92088719685992515,-20.074898839991878,1.2756319542882419,-10.51117453080696,,0.2662192753952716,0.2121212121212121,False,3
0.88289202429132585,-0.27117147514243928,-0.38336367135115496,0.3878148462299652,0.88140199131970765,0.2696853254095985,0.26476653581295262,-0.38677714612774877,0.88334711226498097,-0.87065593015377474,-19.200163682333276,-1.5695216382489761,,0.3171470348387195,0.4137931034482759,False,2
0.81325819969693702,0.54347646903191604,-0.207952947164248,-0.52056996438452519,0.83919271019719577,0.1573610731171422,0.26003463770503726,-0.01972112472667556,0.96539787882153749,-3.2716048692429069,-10.897390087161339,-3.1181559789653353,,0.3142625022581118,0.2021857923497268,True,4
-0.38451935908384743,-0.84928293699417745,-0.36175040486541443,0.89955241909711536,-0.43271257365326954,0.059709914577834408,-0.20724456032976038,-0.30245383372162415,0.93036088195969258,-10.260080468868001,-15.260898999741553,-5.2315837060559991,,0.07077216988905813,0.3157894736842105,False,1
-0.40716510230010267,-0.82984737608084902,-0.38153625238065697,0.88705211790748262,-0.4588119025288066,0.051285263124478779,-0.21761231487394472,-0.31756097132617939,0.9229300677221306,11.042475348778986,-24.698684052716523,3.1744976051772937,,0.258911459458634,0.7380952380952381,False,4
