axis_00,axis_01,axis_02,axis_10,axis_11,axis_12,axis_20,axis_21,axis_22,location_x,location_y,location_z,dbh,dbh_approximation,score,reconstructed,number_clusters
-0.10195465308840035,0.99466365756596686,-0.015794208784170372,-0.99471142631296194,-0.10173551357393819,0.01410899146931345,0.012426869117282763,0.017149157277867838,0.99977571451231129,-7.443359084318832,-15.616663892583867,-3.6370075511845426,,0.1102750237974044,0.1538461538461539,False,5
0.89401730358751585,-0.37028975990512403,-0.25222718845420666,0.43704048340411988,0.84469620617785868,0.30900474937228106,0.098634054727571141,-0.38648908519923131,0.91700464026626427,-13.89652990378703,-12.002158948589218,-4.3557523853077864,,0.1828740637731449,0.6666666666666666,False,1
-0.83263773299929389,-0.50484115589393674,-0.22770553990070408,0.5384696860035143,-0.83409417950695908,-0.11973845233629064,-0.12947896679026288,-0.22231128407772582,0.96633994542843971,6.8704104645544328,-16.611187580793686,-2.4626741111219803,0.5692342377808765,0.2600046399684654,0.6,True,5
0.87373910096232665,-0.43709259453130023,-0.21337771030602393,0.46914359724953864,0.87312555001881942,0.13249927948519705,0.12839107682899079,-0.21587458792139014,0.96794312523022852,13.102672106836673,3.9752026279551913,-2.4875503746423777,0.5845864540729812,0.3780024995007188,0.2307692307692308,True,4
-0.99212152035903278,0.012076164949117573,-0.12469585029424249,-0.0063934273750871247,-0.99892682913191766,-0.045872803782337539,-0.12511599788548991,-0.044714161968833308,0.99113401252935729,-15.348149199094822,-17.854950381316183,-4.3065322083245112,,0.1897309511291471,0.3225806451612903,False,4
-0.99174920369167208,-0.0057022812997096599,-0.12806639280042439,0.033901055396224601,-0.97511039486362849,-0.21911283913070945,-0.12362942780728109,-0.22164656960322454,0.96725827097170214,-7.4687841443229539,17.230278319228166,-4.5312529792528107,,0.6758840361175069,0.3636363636363636,False,1
-0.7875301165353541,0.61624012316833088,-0.0066652942389828912,-0.61097042123006495,-0.78212046184562067,-0.12248562178619254,-0.080693617664403181,-0.092388818370371828,0.99244790609298872,-19.993900396855285,-11.490978725303743,-4.9614509671630058,,0.1439661793758503,0.2,False,1
0.66716544150569324,-0.73069638426344519,-0.14482081233316893,0.74201898160585933,0.66900661704326125,0.042871637348397079,0.065559931338542987,-0.13606226654240677,0.98852868194414401,3.6612972450389063,8.9391059411276199,-3.3131521020732158,,0.169943342418114,0.5233644859813084,True,5
-0.98929072550588459,0.10271583947434891,-0.10369820031765357,-0.080122890792843265,-0.97602085006815276,-0.20239471980078558,-0.12200074917408713,-0.19191861961081369,0.97379826486169174,-2.9460742809370108,-10.475202092166487,-3.4082715381277238,1.044376225851839,0.6548785813565964,0.4558823529411765,True,5
0.39081395220728443,0.92007489476333271,-0.026956312551343814,-0.9154087700578426,0.39156522814664624,0.093292313765143103,0.096391070443851062,-0.011783892935197202,0.99527378213533879,1.2116712227309683,-9.3627263588549194,-3.0888470110153419,,0.128464319735985,0.15625,False,4
-0.72535510915315082,-0.66441905851234873,-0.18002022195015724,0.67943402171162193,-0.73303106699837028,-0.032169316996185096,-0.11058650806581663,-0.14564604183016439,0.98313674264214856,-0.72891354606973258,-13.357594345351176,-3.1353445063480803,,0.1212098565043487,0.4375,False,5
-0.32553352546991521,0.94332471133071927,-0.064547755870695306,-0.94552311937865574,-0.32450186368409295,0.026164311303882838,0.0037355743312358844,0.069548755979997101,0.99757155935103248,2.0622771203332344,-14.515344253136174,-2.8694377157363462,,0.2466129264616918,0.3333333333333333,False,4
0.97093153878827598,0.20898095710621425,-0.11670007092200448,-0.20341341579326505,0.977381159095705,0.057870995499059406,0.12615438661238257,-0.03245041466154993,0.99147972310418275,-2.3299096792287965,8.7093528806442109,-3.8223855711171124,,0.09792021908055297,0.5813953488372093,False,5
-0.20167520687665574,0.9789439523968867,0.031557075226043438,-0.97927533845534576,-0.20092135515863199,-0.025503343592340813,-0.018625853656362379,-0.036046457617676261,0.99917652617982944,6.3060396214277743,-9.9733732500078869,-2.6775898077881277,,0.1630408519837136,0.125,False,4
-0.45593908421624774,-0.84671118118125677,-0.274225686518765,0.88634182301670161,-0.45991798889816993,-0.053606121472180177,-0.080732423817674884,-0.26749882083945997,0.96017011856963119,8.1620539758756934,9.4609556149820904,-2.9593976618369342,,0.2998019241417558,0.1666666666666667,True,5
-0.70830169862517556,0.70445121228514263,-0.045356292117899856,-0.70259002604188603,-0.70973801615792931,-0.051373181005940773,-0.068380984426616775,-0.0045208329100078076,0.99764903800818006,-8.0020769007780554,17.998825425255813,-4.5886383227606338,,0.2800792874897245,0.125,False,1
0.089782527376163795,-0.96495405772186704,-0.24658216534058774,0.99576942280795833,0.08210973323768106,0.041246191440463563,-0.019553883978762832,-0.24924216776809943,0.96824376446616212,-17.20357252960315,6.1872776019712825,-5.1862566504277261,,0.2313996768277524,0.4886363636363636,True,4
0.37332552867124008,0.92209909721557937,-0.10179049344881998,-0.92489950278928545,0.37847095852276447,0.036340656226791015,0.072034431923025735,0.08057908208136301,0.99414186721435971,-0.19391785059297989,9.5843284475651309,-3.6538538144251707,,0.09123351941078646,0.4418604651162791,False,5
-0.51376737321785715,0.85509227281977129,-0.069715788604455181,-0.85702183355798223,-0.51526353442854111,-0.0041312096438838857,-0.039454569085688201,0.057625472250780331,0.9975583401115633,-5.5949035327381642,1.5429537859053242,-3.9317734018726047,,0.4408100749018951,0.7745445942748994,True,5
-0.92385258796692193,-0.35022690990320543,-0.15439400016346466,0.35956394346392395,-0.93240771958229463,-0.036463886573156676,-0.13118752329202665,-0.089201771523888029,0.98733625360841848,5.2854408838847817,-13.36421625714809,-2.6608549236436039,,0.07229997917856082,0.2777777777777778,True,5
0.89896975948693192,0.42717648900353117,-0.096817450754624307,-0.40515626699549678,0.89496343131247535,0.1867855881155556,0.1664384896659479,-0.12868839829610224,0.97761829222948893,-18.225208103999496,-8.7841988998324823,-4.8327660545955879,,0.2638592781495007,0.5,False,2
-0.93737176658511712,0.34591854013559287,-0.040921080136741089,-0.33152511227234993,-0.92201932032475453,-0.19992866948160271,-0.10688905997296029,-0.17384112441634297,0.97895556197396383,8.6864584090954491,-9.8463977070195572,-2.4914806251838155,,0.5625937469944302,0.5714285714285714,False,1
-0.21791328427410411,0.97367502839591469,-0.066863589606657864,-0.97596788558157821,-0.21745020564302572,0.01421599026549398,-0.00069774658456772665,0.068354569298766765,0.99766084718489545,-5.9050144923198733,-22.576282157165206,-3.2712003843361193,,0.07929543786327721,0.1904761904761905,False,2
-0.95078574182801556,-0.24435030035771921,-0.19052402434245413,0.28066664030439997,-0.93969242659663665,-0.19545940861766403,-0.13127341755584887,-0.23931375662928117,0.96202713877062263,-14.296182727138017,-15.530552283750627,-4.2868119509383602,,0.321880309156643,0.2380952380952381,False,3
0.99139286954259687,-0.023715407372599258,-0.12875464136584472,0.039196804064236951,0.99211159460135345,0.11907222349779792,0.12491512627078212,-0.12309412378627739,0.98450192885440468,-5.3052675639149118,13.041578445946659,-4.2390575995792323,,0.1159710589400943,0.35,True,2
0.052703011461594153,0.99850677392171228,0.014374109201417892,-0.99798727659209452,0.052156328343879184,0.036070946397072604,0.035267383560084034,-0.016246225596755828,0.9992458515353897,19.384161569135145,9.1475488392781781,-2.1338350339360379,0.7377771257079202,0.5054955355737671,0.5,True,4
0.99235476097364383,0.039972172591114408,-0.11676580745787019,-0.0096537291637805618,0.96834061148339701,0.24944591731514357,0.12303996865317637,-0.24641161817233218,0.96132329657796112,-10.359211392886168,-24.022476767912263,-3.6311775743604628,,0.2123276349906831,0.4,False,1
-0.46947496444996917,0.88137112524974237,-0.052708607747708712,-0.88283364426090138,-0.46952957259552275,0.012113505656098599,-0.014071755957051998,0.052219919899089487,0.99853646185305456,7.604530647032675,14.241063948876175,-3.1242426465080468,,0.1803952905257148,0.1724137931034483,True,5
-0.21663625112433912,0.9762437955734522,-0.0040971091189767189,-0.97410157789930141,-0.21643549592535719,-0.065435403549125845,-0.06476766656970516,-0.010184680058070036,0.99784839613000909,7.6481419377459892,-8.6047003920023375,-2.6123690535189446,,0.1999646462220117,0.3333333333333333,False,5
-0.94779480762884594,-0.28355551178602439,-0.14588102812759604,0.28767748140443167,-0.9576977278623261,-0.0075318483880484222,-0.13757423205165101,-0.049105333550475881,0.98927346921480463,-18.038451605726049,-14.721998835252638,-4.6580918717944177,,0.09243666382639015,0.5,False,2
-0.27087939960874602,-0.89709136761710595,-0.34907224039513074,0.95485427919956889,-0.29635605456011721,0.02064932008161071,-0.12197399871233724,-0.32771964706503565,0.93686828133184852,-7.290487528313208,-17.769728113280326,-3.5733498990676291,,0.4500917196932487,0.2666666666666667,False,3
-0.9673916368841029,-0.21381379181532839,-0.13578322177739255,0.21786114241707394,-0.97585659185943063,-0.015505958507137258,-0.12918956425123726,-0.044582222399170125,0.99061722271245001,-11.402314367428444,-11.632984455771082,-4.121510128060268,,0.499521512303586,0.9414893617021277,True,5
-0.59791891249148255,0.80108798749603916,-0.027404568497776144,-0.80060566432733726,-0.5985253043959704,-0.028249429103865038,-0.039032606010698939,0.0050493848394778523,0.99922517951698819,-7.4870362933287078,-4.2211335431250268,-4.0062456599692986,,0.2953983591031232,0.3192771084337349,True,4
-0.84042873244330996,0.5362147744865392,-0.078442726279004324,-0.53260858918366916,-0.84400664951761106,-0.063094106680728568,-0.10003817477100596,-0.011246830327146441,0.99492003316652511,-10.118770757254442,-12.510490960940428,-3.9941081777248164,,0.1193039411493636,0.1935483870967742,False,5
-0.82682377375896932,0.55734287931651405,-0.0757057595045008,-0.55327067444438127,-0.83014504288902691,-0.068925819303320091,-0.1012620755605724,-0.015103729405420652,0.99474512786502856,-11.813137660212428,-15.243277110809807,-4.0384133221626284,,0.2443606947862289,0.5813953488372093,True,4
0.38368824303911758,0.92293794723566958,-0.031126800445327923,-0.91983850403148193,0.38494858310282698,0.075575888140668526,0.081734072789014622,-0.00036595017989710099,0.99665410621026673,6.2991670676974305,9.4857711339861694,-3.1011697489677288,,0.1257221020138095,0.2439024390243902,False,5
-0.96918410286280021,-0.19638095580103604,-0.14871682808848871,0.20847439166300463,-0.97548402539814871,-0.070493575691439686,-0.13122729433608576,-0.0993249031798982,0.98636401030731802,-11.641844509741592,-7.3989463438570438,-4.270562292301646,,0.2711721177645471,0.2191780821917808,False,3
0.97839310722843598,0.1778168082920365,-0.10548985930751049,-0.17043553525380711,0.98248332506281788,0.07535412594049852,0.11704125789922742,-0.055746736786482912,0.99156121610671333,-8.8879590695705897,15.054349573074862,-4.6087796923798789,,0.08761961541364544,0.4666666666666667,False,2
-0.52669774200870845,-0.78345164139305257,-0.32983786041244439,0.84603966648545359,-0.52079853091855233,-0.11395513558528045,-0.082500735124663771,-0.33907582602068354,0.93713457566791381,-12.253660729605004,-20.79980094171329,-3.8906934732137852,,0.3895717733014697,0.6190476190476191,False,4
0.91668454306178315,0.38524321223676378,-0.10619376599927605,-0.37994352555899985,0.92257225765974282,0.067106980131741073,0.12382393103680323,-0.02116829757216885,0.99207839270920961,-19.54403125523325,-12.712992031960926,-4.8488966390093369,,0.1474082567136493,0.2142857142857143,False,1
0.61867187109426891,0.78124680784197009,-0.083057456940651253,-0.7795912123059181,0.62356442602484652,0.058351934772490448,0.097378938236691623,0.02865016287974146,0.99483491623226583,14.819642579571061,9.3450959880039672,-2.4677652328717881,,0.1385947644306074,0.4444444444444444,True,5
-0.7210598586044662,0.68930912212859052,-0.070182721945067986,-0.6900336089408039,-0.72357217290687459,-0.017231631581283255,-0.062660185456449524,0.036003399077519857,0.99738530990456642,5.174467887321021,-5.3936684132070623,-2.839353174775415,0.5105540784924384,0.4073785992175502,0.9764705882352941,True,5
-0.82887514369741622,0.54960342727969436,-0.10441297277159513,-0.5526633033233832,-0.83340450645683239,0.00044919609312592691,-0.086771362328099233,0.05807754591800228,0.99453392568572985,-0.71622643436528355,8.6039935805934995,-3.697959420013035,,0.08634345395537098,0.5,False,5
0.34782538928382778,0.93603791441053141,-0.053390273978839532,-0.93318407548115589,0.35113548814558454,0.076624736431138804,0.090470878397046178,0.023170924684697433,0.99562951363010654,-0.62123331549622152,-10.055483052263686,-3.2025250806934453,,0.1696883466599317,0.3333333333333333,True,4
-0.57747561275477821,-0.80187049789572229,-0.15338064179667671,0.81006043368412117,-0.58616479813317501,0.01459188846544391,-0.10160713780531017,-0.11582112947973316,0.98805943926114692,-10.445723535207591,12.140039680325364,-4.6708944642144852,,0.2240279362430589,0.5454545454545454,True,3
-0.89967884126391096,0.42871615385293205,-0.082343439371785648,-0.42957274338430324,-0.90299753013683681,-0.0079195143825395598,-0.077751146122160192,0.028247477627580942,0.99657254592145428,-17.48109360688758,-10.711064789022391,-4.7164461495644501,,0.7611851605670878,0.776595744680851,True,2
-0.5252133295708542,0.84477805877417367,-0.10247433754280465,-0.84999509587460587,-0.5265579612837209,0.01565408566004118,-0.040734450164664829,0.095324418815280504,0.99461246711838081,5.4907870011296689,-8.7421578414173506,-2.7619941533466124,,0.6716580963178069,0.8013245033112583,True,3
0.033153952485044075,0.99516432531487109,-0.092459618511099601,-0.99893281614542917,0.035971142553727617,0.028970773740831658,0.032156558621570568,0.091400451442966241,0.99529488756530882,21.960931602191607,-5.6960394242136436,-1.6470808484584003,0.4414705586754983,0.3504886743095234,0.9215686274509803,True,5
-0.68364840994780196,0.72381706188490602,0.093347268305742095,-0.7281907844056319,-0.66800785861473322,-0.15330910715175811,-0.048611038690329962,-0.17278414786449794,0.98375942443474795,-0.81986702930467525,-17.230942521259678,-3.0487189660851635,,0.3386813606676205,0.3333333333333333,False,3
0.96291887575158142,0.25319761711056954,-0.093156886008716633,-0.23487289233997097,0.95662972407622904,0.17232032804546132,0.13274774259914168,-0.1440504692924271,0.98062607508237565,17.008370288390495,12.479972505216539,-2.3382182717624591,,0.2429763380726778,0.1333333333333333,True,5
0.98185832701751552,-0.09416405042721876,-0.16458237230489359,0.14385219331168603,0.93539948411550189,0.32300828409790155,0.12353449779629869,-0.34082390867366325,0.93197547775176137,13.082050682779489,1.1159840498775684,-2.4161923855480509,0.8127498248852272,0.4234390349475131,0.1714285714285714,True,4
-0.082241143033109129,-0.98215932071852696,-0.16911375792148753,0.99595455248479481,-0.087159700372761162,0.02185671557531868,-0.036206681391941595,-0.16663209581785343,0.98535416012007104,10.713769526912492,12.327883056387149,-2.8047780693142146,,0.09745601174484504,0.3157894736842105,False,5
-0.2888943186818233,0.95625051637560499,-0.046097967034924622,-0.95735668348328129,-0.28870241198114927,0.01091319871339635,-0.0028728423654154137,0.047284957942823058,0.99887730954761811,7.4220833701869253,-7.0432746309985284,-2.6436893300649613,0.1746185653370329,0.1971560278272362,0.4705882352941176,True,3
0.7581099468558995,0.64775901078160469,-0.075349667745675725,-0.6417220166621932,0.76157536565422135,0.090530744830957563,0.11602655648235993,-0.020278717412040986,0.9930390786927622,7.5318114830580116,15.164580118732644,-3.1160407837233439,,0.1864350299295519,0.5,True,6
0.70473486912105998,0.70666642820418868,-0.063018437731000854,-0.69830450933601207,0.70659846555765604,0.1144090062563111,0.12537773520810397,-0.036621956811443368,0.99143293055727499,8.3143713072738237,-11.074810544970443,-2.4723661950794811,,0.5740932663716884,0.2105263157894737,False,4
-0.82986025120716678,0.55413289886923922,-0.065335242076174596,-0.54730200818687524,-0.83118146681416716,-0.097968775940417266,-0.10859316415406786,-0.04554228381870732,0.99304250920269499,-9.3222834251523405,-15.188538450557507,-3.8227483508889262,,0.08333028369231638,0.3571428571428572,False,5
0.22584179388240772,-0.95996439325138105,-0.16572220076225341,0.97415818409179067,0.22196110174265854,0.041822262972855892,-0.003364001034729492,-0.17088485305226342,0.98528526351222057,-12.975555814072024,13.20014950112872,-4.9404328657412684,,0.3452222769968915,0.8582677165354331,True,3
-0.8952816765115349,0.44380168775306572,-0.038868774745622843,-0.43188424147949223,-0.88601428320794795,-0.16868518581425446,-0.10930105975871984,-0.13423394466019484,0.98490330816612892,-5.0883526774364682,-4.1536670211394622,-3.7885358718565243,,0.5430464539765095,0.2722602739726027,False,2
-0.60686415700131102,-0.7463982411563761,-0.27314018478751323,0.78677969667930536,-0.61286277330378258,-0.07332755274531555,-0.11266589475217806,-0.25940101521980408,0.95917543205746603,14.920426056095785,-9.5586883915544778,-2.0444889212491222,,0.4326951508382836,0.3809523809523809,False,4
-0.32389906639276989,0.93656122756754256,0.13394947482938802,-0.94595790229331844,-0.32297147199296289,-0.029207453971929059,0.015907290112259439,-0.13617083129611735,0.9905576524490679,-6.8550898509823295,-18.538127446323454,-3.4886855932558727,,0.2292931208945554,0.2173913043478261,False,2
0.83573016647851683,0.54793912256028021,-0.036301608857746651,-0.53874226353068955,0.83091544818998408,0.13905499431903476,0.10635723916884873,-0.096655242626088003,0.9896190690105322,27.452529051716006,3.883111000360457,-1.4214232458928358,,0.3803784546796914,0.4642857142857143,False,4
-0.091345171657908314,-0.9838018574543701,-0.15423995877890798,0.99516540593695857,-0.095795607575787464,0.021656786361660608,-0.036081497212784072,-0.15151602832214711,0.98779604105319596,-10.049957273600041,-3.7905820563190411,-4.2266141230452776,,0.2429369815813399,0.8778089887640449,True,4
0.91732373682025914,0.39430069907603088,-0.055173549589180158,-0.37838575626848442,0.90650417044776754,0.18728162860764569,0.12386032988509083,-0.15092099810483084,0.98075556129537123,-14.291131351052305,-2.8857611954128055,-4.623879934774723,,0.1241581119605269,0.34375,False,1
-0.97155223343082686,0.21413201879654145,-0.10116193079261815,-0.21142480993292284,-0.97669778442828925,-0.036891565942628754,-0.10670429916549887,-0.014453941296044801,0.99418573522285614,-5.0609574057399183,8.4338334139438818,-4.0788710076142438,,0.1341309622212685,0.5058823529411764,True,5
-0.6822205915773798,-0.71271307480462298,-0.16314146447286129,0.72609317814948016,-0.68661274163228569,-0.036764652493710047,-0.085812359672701899,-0.14353750740045601,0.98591745237452166,2.4162219026066225,-12.162126904279496,-2.9067434840130089,,0.454807445043564,0.9023255813953488,True,6
0.64263503846173886,0.76568045279951535,-0.027452714656458876,-0.75957624813925095,0.64138490186790909,0.1080246773593504,0.10032014056996953,-0.048568012689652648,0.99376909669168079,6.1589223895769667,-5.1379082544001031,-2.7659031828637235,,0.08231177804088005,0.140625,False,1
0.7803675510799668,0.6221066233029372,-0.063323253738846563,-0.61495316980240644,0.78184770481735755,0.10269744603350235,0.11339790197102201,-0.041200918854425499,0.99269501868102628,-10.071207472910462,13.306059963171307,-4.6506650325852936,,0.0908764910382769,0.2121212121212121,False,1
0.98744581733681591,-0.096017457549052956,-0.12542490051757632,0.10349168516918876,0.99313679541406563,0.05448648176861691,0.11933243031493831,-0.066782882840561275,0.99060578316232073,-9.5485707226714958,16.025750349992407,-4.6959588578046612,,0.09368813255553747,0.2333333333333333,False,1
-0.065696221306556307,0.99746624703990827,0.027296382950110165,-0.9969284726176687,-0.066780454935764053,0.040914439049961879,0.04263363684041778,-0.024524617319980499,0.99878972569558722,6.4614173253210643,7.086942591195708,-3.025254563045916,,0.6012277359081271,0.8114285714285714,True,5
-0.94644743013785959,-0.2729105807186803,-0.17250239684489699,0.29507127988057008,-0.94802433233238914,-0.11909158280655444,-0.1310351165721767,-0.16361442551780331,0.97778326738976051,12.377639075614358,-9.8772604039684744,-2.2372666642827124,,0.2112054594413866,0.5,False,5
-0.98402763291720963,-0.11805357642786336,-0.13324027449665476,0.13518927114766258,-0.98253305141594838,-0.12787753454703751,-0.11581657317464135,-0.14384768322032729,0.98279924980141686,-7.4792115678669608,-23.112142871128306,-3.4060449891691831,,0.1909163399425718,0.3125,False,4
0.22809047588396839,0.97361385934637257,-0.0071265489325433168,-0.97240531068781599,0.22816363347473742,0.048675128204650461,0.049016798724093771,-0.0041724391270302058,0.99878923912634054,14.975633680823238,-6.3023270085516545,-2.0861907161227053,,0.3784880310925001,0.2857142857142857,False,3
-0.85206448489340092,0.52200623034841409,-0.038673105135003126,-0.51402413910594147,-0.8484037306273845,-0.12645273533590717,-0.098819522361424231,-0.087866975223777677,0.99121849088144298,-8.0792529657500189,-16.596978782875464,-3.6804334811459882,,0.3140704634627336,0.125,False,3
-0.23647687388589048,0.97150364926123822,0.016104272391268368,-0.97161353978940457,-0.2363231884275058,-0.010884847695730858,-0.0067688562592456911,-0.018221143859623562,0.9998110684031194,-10.663820025302263,-6.0687934666342871,-4.2301688650218034,,0.1045752608909569,0.1320754716981132,False,3
0.45536973313025969,0.88920758667330069,-0.044139256354405118,-0.88666081974952793,0.45742900137400772,0.067759127968654784,0.080442506611681758,0.0082810932021059325,0.99672485000897171,-16.296739662362878,7.2074210659732323,-5.0971077276290551,,0.1302445692126316,0.2857142857142857,False,2
-0.62723846448934695,0.77543930709028575,-0.072565761102498322,-0.77637261488233955,-0.62993322669185647,-0.020729032064843417,-0.061785690299661661,0.043336023455370958,0.99714819236925389,2.584893447749042,-7.2950131845312276,-3.0381286583714067,0.5681203906527102,0.1886627811873035,0.6194029850746269,True,2
-0.92514705827981536,0.36119951834477387,-0.11678111364303653,-0.34683432841911505,-0.92932575331285883,-0.12672644893450558,-0.15430122872571642,-0.076736902315586109,0.98503937923148188,-3.8746196782809545,-18.807061579006298,-3.2370617992706592,,0.1810657316961755,0.1764705882352941,False,2
-0.98862866778216596,0.047785622064544619,-0.14258292872277534,-0.01200677103190129,-0.97022391378574657,-0.24191195623130235,-0.14989728045780892,-0.23744913443129781,0.9597649263591479,-5.582198626657557,-15.738579906814216,-3.4722742206057919,,0.3022998422436272,0.3529411764705883,False,3
-0.98861503661132544,-0.098101269073042813,-0.11408965944486779,0.11114831281612116,-0.98721349253172164,-0.11426098512375078,-0.10142170351614664,-0.1256410011484258,0.98687789360503164,2.4165844707955189,-8.9853042210660661,-3.0052897239344301,,0.4636536538600945,0.1904761904761905,False,2
-0.77481492618926073,0.62359783341732788,-0.10386323849921519,-0.62729139603095807,-0.77877548605538682,0.0037744913203563062,-0.078532379435886174,0.06807704808825292,0.99458442623224685,1.5553042375751169,7.9646476458471476,-3.4650818696021921,,0.2585314394186073,0.8468468468468469,True,5
-0.31206260880333708,0.94777706074792012,-0.065845055295664756,-0.94893616271394743,-0.31431581322368679,-0.026939351351907555,-0.046228641344781926,0.054075989843609798,0.99746613979716126,1.2017531807082062,12.948074788786201,-3.630207273130555,,0.1919299038371518,0.2692307692307692,True,4
-0.95878414883668373,0.27754653606535246,-0.060834827670007738,-0.25963404505816673,-0.94276745361180547,-0.20923596979736925,-0.11542581421090073,-0.18481733881980816,0.97597102041265271,21.041410413243923,6.2519242938164057,-1.9890030552071185,,0.3370160402434478,0.3846153846153846,False,4
-0.46474011079109051,0.88513115011507304,-0.023653255967266404,-0.88502199009641536,-0.4651789076306313,-0.018565046225438243,-0.027435496490222359,0.012305730028758191,0.99954782904110895,-1.7381157232026987,-15.649926460210628,-3.141323998983196,,0.1940953666811015,0.2333333333333333,False,4
-0.87683157742840911,-0.45331268803706609,-0.16023105719246591,0.46097809371093151,-0.88732689320652802,-0.012254864792586877,-0.13662204047313006,-0.084608459725126067,0.98700345825123526,-15.355582233674886,5.293826692872396,-4.9620920508245741,,0.1045034510789867,0.5047619047619047,False,4
-0.30640233420436674,0.95190194668823114,0.00054174280826932431,-0.95183014370297447,-0.30637212512373829,-0.01246990318880091,-0.011704150224993395,-0.0043364545793961595,0.99992210098046674,-9.2014599078280188,-8.006611991239895,-4.0318784846672377,,0.1309626350497946,0.4027777777777778,True,5
-0.7425152709051327,0.66982654969549438,-0.0018616647673649622,-0.66602721139335497,-0.73859363273938972,-0.10434174313486248,-0.071265883536709526,-0.076235418276938902,0.99453976031321722,-7.0393025492249466,10.755139733752973,-4.3133459983586331,,0.4014587412037847,0.8403041825095057,True,5
0.83834536367805201,0.54497171403547306,0.013523390874836061,-0.53643852630840794,0.82029617110485864,0.19836304888454501,0.097009064996930419,-0.17355121022899067,0.98003531504557229,-10.3810025718186,7.639921781964313,-4.522416863210978,,0.3822114879444702,0.1896551724137931,False,2
0.27631562745431076,0.96100940960799663,0.010516114749254943,-0.95916285293609382,0.27506322973205977,0.065930578617666977,0.060467309945314726,-0.028304315823865209,0.99776879593106127,-22.606211607643655,-9.2913006018385573,-5.2984464156751949,,0.4363379136234536,0.1363636363636364,False,1
-0.92405460011856522,0.37009156818184874,-0.095683473810361921,-0.36827146769437802,-0.92899431435079038,-0.036683647394077507,-0.10246571173786313,0.0013398002106138271,0.99473563465548398,6.6406193878813555,-13.079896555585758,-2.5593997086571805,,0.07647938829269577,0.2272727272727273,False,5
0.21566878528208869,0.97487628907045709,-0.055706337728882727,-0.97502900223010713,0.21809503688472887,0.04186883920544783,0.052966214373988484,0.04528549320107584,0.9975689471111383,-7.1795898817956285,-6.309204454767916,-3.9312122029496592,,0.0752157766033374,0.3297872340425532,False,5
-0.81183633189798798,0.5754035514807786,-0.099159080036708896,-0.57784601628713306,-0.81613095496186061,-0.0049240038719831885,-0.083760083998943052,0.053301194136226894,0.99505941080527538,10.964091556427297,-5.4513678144125173,-2.4126014779266733,,0.2768921948313101,0.8455284552845529,True,5
0.74130841469165043,0.66415024912077913,-0.096779547943552355,-0.66195768498166951,0.74730041719990559,0.057914676434863754,0.11078744333659908,0.021131328534977664,0.99361944896086163,1.3766724336854983,10.591409119850315,-3.5577153496585323,,0.07806722863283302,0.4,False,5
0.88441928339103548,-0.42882974023242953,-0.18414012343396191,0.45127604283197931,0.88639653812073305,0.10320421683967261,0.11896413044274011,-0.17437382573014684,0.97746677926578962,-16.632561620998946,14.262001026062601,-5.3129725822171583,,0.1437846788765734,0.4736842105263158,False,3
-0.60346907685193463,0.7958642821036902,0.049245484615867086,-0.79563228077107573,-0.5968979245687891,-0.10335444567355548,-0.052861584146613703,-0.1015525091617632,0.99342475346875692,-2.6924889672330927,-18.202084602798855,-3.1667518899213816,,0.1045991719404397,0.4666666666666667,False,1
-0.70180895891154083,-0.69578777879319831,-0.15278596818270812,0.70441511318401784,-0.70978044576862642,-0.0033267284887336188,-0.10612979557808971,-0.1099594729276116,0.98825370265131596,-14.308243347064169,-8.5270759456810659,-4.4786672661264095,,0.1744087673362944,0.4,True,1
-0.94773056855876947,-0.25081774574364674,-0.19722380140172902,0.29344160650522377,-0.92787970035056,-0.2300680013582716,-0.12529482427820665,-0.27591614685884497,0.95298031821841089,-17.375320657848174,-12.68208672488308,-4.6530919464937339,,0.3578347094266769,0.4761904761904762,False,1
-0.47686381385646259,0.87897696317760521,-0.00063343298178603069,-0.87802373763825414,-0.47637997807550314,-0.046221560256351518,-0.040929441457434115,-0.021485220312029013,0.99893101169706655,-12.361315671543027,4.265298396147803,-4.6482264494147545,,0.1577513193910115,0.2877094972067039,False,4
0.96125175309385313,0.26848550897072215,-0.06253477949689705,-0.24537116183952587,0.93668514154930627,0.24982781778312216,0.12565054759735209,-0.22480319631510579,0.96626883568445754,-5.4291239602801813,16.148526408737247,-4.3413703239991808,,0.3979522491112313,0.4,False,1
0.48681863989078322,0.8723035457814724,-0.045761729337493444,-0.87071047814371039,0.48878168780388059,0.05436657905680993,0.069791654985668472,0.013378553160181023,0.9974718738940469,-7.1522258352093813,-11.277045821399783,-3.7580050938345178,,0.1682153117227088,0.3214285714285715,True,5
0.98746589337974811,0.12826192756482599,-0.091978189529314983,-0.096600768796497857,0.95200038084831418,0.29045406923055722,0.12481747025020501,-0.27792832313749377,0.9524581073823245,-4.4589695167066914,-14.881745850499936,-3.4019153292649502,,0.6459414600847926,0.3461538461538461,False,1
-0.8541244174596907,-0.49920379050440056,-0.14583228396066009,0.51054300222607596,-0.85826363174702192,-0.052243480917692695,-0.099082401954782573,-0.11907608477965177,0.98792892641951735,-14.683180361928526,7.5400862228265417,-4.9429129263211742,,0.2194045682258231,0.6566265060240963,True,5
-0.63358174769875009,0.76933324161514505,-0.081856779370608229,-0.77039634872068408,-0.6370862856415126,-0.024708915907784065,-0.071159221895929159,0.047407045820555938,0.99633776258141105,4.9725577576635089,-15.582239715795598,-2.615372214284843,0.4103123630250652,0.3541384454369095,0.5849056603773585,True,5
0.16747899051882389,0.980652727551793,-0.10134601955689168,-0.9847556225026064,0.17130114355652637,0.030204009100305101,0.046980332952210949,0.094742525623167678,0.9943926297767115,14.384284792543024,-8.1986473277151575,-2.1205482177263129,0.439098201912048,0.4038662122805722,0.8625,True,5
-0.92560815716649247,-0.3511508751275661,-0.14121827885933974,0.35642132392425296,-0.93423353820035626,-0.013097173501412497,-0.12733176838060695,-0.062456056542082437,0.98989184346689096,-19.762567244384378,4.0045564784608016,-5.3528452310954995,,0.08879928634767115,0.3,False,4
-0.07663151158860089,0.99704306230964446,-0.0057221789427584491,-0.99689997092019289,-0.076515336708395137,0.01832624423387598,0.01783422022306734,0.0071088078190198606,0.99981568573433943,-5.7735062666214327,10.303650500946436,-4.2022476877255404,,0.1909974705062286,0.5714285714285714,True,1
-0.41647124020180942,0.90890100340488045,-0.021229038941260645,-0.90903455065165728,-0.41667564331072027,-0.006131394061580888,-0.0144184536725597,0.016744380585742805,0.99975583714849792,-13.183905583969766,-10.429343692649311,-4.317163710247093,,0.2665914010563299,0.6612903225806451,True,4
0.081496725244832424,0.99409760237883116,-0.071611735902902651,-0.99587231912034291,0.084101300481415162,0.034136421417661544,0.039957574804256497,0.068534138952740228,0.99684826529104631,9.7170948005610605,10.839328068871085,-2.8670918780024608,,0.0809944621008252,0.3571428571428572,False,5
-0.96009675424821872,-0.24663877518291549,-0.13184664219579795,0.25148051068338728,-0.9676309565638711,-0.021163285324134022,-0.12235920573646338,-0.053475662460219155,0.99104418584439669,7.7153774767130869,-9.74066205938216,-2.5742972160033704,0.1984821139513833,0.2117457856805306,0.7840909090909091,True,5
0.096902457568172159,0.99226093883323307,-0.077641116575174543,-0.99448057376492716,0.099681188340559113,0.032742160820507259,0.040228125999486518,0.074039786309829658,0.99644357989891463,-12.435009780280618,-3.1253805751910528,-4.4502180471267581,,0.08196595898096953,0.265625,False,2
0.86040058809961872,-0.48386396319592984,-0.15995778542527694,0.50111270950596321,0.86039093836090863,0.092808865729669218,0.092719363508510219,-0.16000968191569986,0.98275125099071436,17.96976202191162,5.8401384181718425,-2.1567720141717408,,0.09425723304738245,0.2352941176470588,False,1
0.70935822804529669,0.70238313724503187,0.058896798030667746,-0.69670184210825725,0.68604036566027216,0.20965485896511526,0.10685245672140373,-0.18975390693882482,0.97600000373670792,12.126438087752989,-4.9113438072007671,-2.3283632385385205,,0.6721643758050939,0.3846153846153846,False,1
0.93884642418973197,0.33886891480613696,-0.061116694644465036,-0.32086696307697998,0.92537123699006152,0.20182285737061312,0.1249471239841459,-0.16987033975828181,0.97751331647118556,-12.779464297128476,-5.6258223128192597,-4.4171658849861597,,0.41002856347477,0.1129032258064516,False,1
-0.34497255023422924,-0.83877602816496899,-0.42124661916826267,0.93509802849120982,-0.34592739823057289,-0.07697994716339325,-0.081151812652241972,-0.42046285178268195,0.90367326704624285,1.2817280860028233,-10.595751047505749,-3.0481845736554356,,0.3532197385570778,0.3255813953488372,False,2
-0.93897228450727577,0.32999265284397278,-0.097138550515158351,-0.32366825917963365,-0.94316373867886727,-0.075372541690775258,-0.11648994345785459,-0.039332062116032906,0.99241275785979666,12.40327015492772,-15.856155497061698,-2.0938036818329326,,0.2700790648869117,0.3125,False,5
-0.5005258533830188,0.86534286207056521,-0.02560470969809274,-0.86494170653940017,-0.50111130564429263,-0.027627950415880315,-0.036738459193475861,0.0083180778425820528,0.99929029575849171,22.521008953364358,-6.5847590081776657,-1.5736560835562017,,0.1015593100379745,0.2352941176470588,False,4
-0.8309922716590662,-0.53175711158867733,-0.1633591709019499,0.54302019884927599,-0.83915772073836881,-0.030714546502911146,-0.12075143098364571,-0.11423088023846181,0.98608843311102135,7.7240281350118849,-18.694422901547853,-2.3564517129353235,,0.1582561597216096,0.2777777777777778,False,2
-0.98110093355323214,0.15451736220174364,-0.11647035227555895,-0.1533253122343918,-0.98798960682043457,-0.019180340013426396,-0.11803519309597413,-0.00095999636434135512,0.99300894839763565,2.1797643406300478,4.8275633413884966,-3.3723449556485749,,0.1039864039887014,0.4301075268817204,False,4
-0.2732218869459197,0.96054028351277654,0.052078443168982774,-0.961927224549875,-0.27243349774624148,-0.021817515337956079,-0.0067686899385598492,-0.056056695005525917,0.9984046433093009,-8.2841596661379935,-12.392789486735081,-3.8355131922322152,,0.08332635848558441,0.3461538461538461,False,3
-0.97391539321802634,0.21596519543737644,-0.069626440471074275,-0.19609016082159664,-0.9554322359623113,-0.2206759871690116,-0.11418167839866683,-0.20126668090807592,0.97285881168559596,19.235291012748259,2.0567295437409565,-2.0006671283214086,,0.122114726746291,0.1111111111111111,False,5
-0.98883447325745666,0.094748111376215957,-0.11501817199159506,-0.085213158111972984,-0.99271576244154924,-0.085171196332312821,-0.12225016229940905,-0.074419153386300105,0.98970535384377634,9.456355875007322,-13.210381853219825,-2.3485496497502019,,0.5614123141400272,0.32,False,4
-0.96397682422081676,0.25898843435152452,-0.060610834322700743,-0.24321774440057947,-0.95051532756712631,-0.19330220088931233,-0.10767456140538564,-0.17159721131796932,0.97926532967018354,-0.11133402407848197,-11.426857718059003,-3.1350046089516175,,0.3363907954617822,0.1818181818181818,False,3
0.68647950568316707,0.72585129778540192,-0.043425589002818017,-0.71957941461604136,0.68671537506391422,0.1030895713040961,0.10464871875866047,-0.039520718035920929,0.9937236831776205,17.291061635504185,19.661890379990243,-2.4843374197206458,,0.3367623872719353,0.4705882352941176,False,1
0.56061727100113645,0.82544077531994642,0.065998499183265849,-0.82784577586498331,0.55680375701106555,0.068124500444887048,0.019484528163177445,-0.092828350290023481,0.99549146181405845,23.429252692892256,8.2224532504686856,-1.7923967715182811,,0.661214068065927,0.59375,False,2
-0.96405692079655836,0.24785850991363512,-0.095710044027000854,-0.23936481141281232,-0.96655814694478448,-0.092031709926378685,-0.11532016528589779,-0.065814190248431673,0.9911456763969545,20.372683915766295,4.6091338235586496,-1.9319643161536366,,0.1459895204513199,0.3333333333333333,False,4
-0.4819725106249716,-0.86056481704362187,-0.16471397836413104,0.87112014684475503,-0.49082888567102512,0.015384887133548842,-0.094086071036227015,-0.13607057234250727,0.98622138010659088,11.505097514963341,13.076433965022632,-2.7807871374197823,0.2827735240531631,0.2050952867102537,0.4285714285714285,True,3
-0.69572895323932038,0.71800151228076714,-0.020857899871535954,-0.71522144656327091,-0.69513821719332958,-0.072395727589557535,-0.066479365223065218,-0.035449786456489996,0.99715786445262911,-14.946891761376033,10.440577899229659,-5.0484602697511987,1.446399462263598,0.7657161217064457,0.5531914893617021,True,1
0.25408814387354128,-0.93138554360848047,-0.26069174190993122,0.96646231122180837,0.25489186392120428,0.031316747828832835,0.037280237803680699,-0.25990595773069525,0.96491402570663853,-8.2381171858397853,8.2042008152849153,-4.3511298898797435,,0.1047810805249636,0.2105263157894737,False,2
0.010023003004144285,-0.93375541938770867,-0.35777137416912352,0.99928604631057427,-0.0036806088422396939,0.037601206995668414,-0.036427147290991543,-0.35789281898724168,0.9330518705075328,16.07888260996129,-5.2585261266382899,-2.0295567231955931,,0.6314296200017852,0.2580645161290323,False,3
-0.29117411025985301,0.95269042852214669,-0.087169862433477352,-0.95438105956412722,-0.29556851537777462,-0.042379781295232698,-0.066139478827977854,0.070853370559674805,0.9952916000955182,10.370749195480721,-7.2475251376161074,-2.4187410636171949,,0.3443961126788775,0.4666666666666667,True,3
0.83635883856785864,-0.47886101479471022,-0.26682582644714459,0.54132126527256996,0.798220944697006,0.26422454694960185,0.086459128570240268,-0.36542502918765535,0.92681679264570693,17.176467948956361,3.0624329864517108,-2.1616560772746958,,0.1212877529975926,0.2571428571428571,False,4
0.47280660848294831,-0.84328641951453165,-0.25558154400741478,0.87864086792813378,0.47312827846099237,0.064341723065470868,0.066664354653353977,-0.25498558151962175,0.96464408827077408,15.158652876845936,4.5201206773550577,-2.3465793681345599,,0.5195264261255529,0.1176470588235294,False,4
-0.59474294089490443,0.80375496622465537,0.0160869053855454,-0.80269755870205939,-0.59262138750422577,-0.066906803288756686,-0.044243231227323161,-0.052705268633880351,0.99762953602466908,32.1726915460969,-1.5916229847158025,-1.0480499121633062,,0.3027344430923087,0.4444444444444444,False,7
-0.92230985534304177,0.38644090229921058,0.0028213059510727445,-0.37221919176444185,-0.88635686771410027,-0.27536226382399387,-0.10391055778564146,-0.25501947393526886,0.9613363947622372,15.989898520325738,9.291079803295279,-2.4054783671195121,,0.6908347822328327,0.462962962962963,False,1
0.94690529709606641,0.31900728689907276,-0.040058822208137952,-0.29610615551608999,0.91382765476457439,0.2779211435874554,0.12526572953881554,-0.25130333919940379,0.9597682682347537,-1.0763613275306421,-6.4592566342105187,-3.3713397322936722,1.430484220254427,0.7797540353553687,0.547244094488189,True,1
0.76335714272507149,-0.62674297598847162,-0.15645802855631419,0.64160518085862517,0.76374625857107492,0.070953818882812367,0.075024426328930541,-0.15454738615647379,0.98513270217073634,12.703005585274056,-7.6751481959098538,-2.2463971763170436,,0.2124580719408064,0.2916666666666667,True,4
0.11963254471013933,0.97795681648990962,0.17113888899691343,-0.99193030264546245,0.11044763722389091,0.06225426993661641,0.041980101713286033,-0.17720548668870589,0.98327813285334553,-7.2545851985359793,5.5280199147000619,-4.196803191828212,,0.3737021909888713,0.3,False,1
