axis_00,axis_01,axis_02,axis_10,axis_11,axis_12,axis_20,axis_21,axis_22,location_x,location_y,location_z,dbh,dbh_approximation,score,reconstructed,number_clusters
-0.57989865538819774,0.75461178425267927,-0.30704821208720401,-0.80567310399225722,-0.58710617965825285,0.078722190712488649,-0.12086520997558439,0.29303137865095596,0.94843250268191381,-1.2997549637309893,-11.903321235119069,-0.030246407898171141,0.2407563782837331,0.229517123063806,0.4324324324324325,True,5
-0.21363751654416349,0.94135456629009784,-0.26117157588379336,-0.97656941648224393,-0.21287879835901433,0.031540323409112433,-0.025907263776237616,0.26179036982670667,0.96477697731114231,8.7205451568913332,4.7707111997816698,1.3991532451415356,0.4932256073611708,0.1940641130410534,0.2,True,5
0.93815190593710374,0.025626330812536655,-0.34527422805021024,0.052373654926083535,0.97527680594415256,0.21469082900081599,0.34223968451403414,-0.21949588368910367,0.91361564970575904,5.3320589139973631,7.8716198226011,-0.49414563881535239,,0.07412320928395386,0.2325581395348837,False,5
-0.32550958107734168,-0.83292455012831035,-0.447526766149696,0.91602538347460327,-0.3951209702551558,0.069115234896724498,-0.23439498598958686,-0.38744820642012967,0.89159569193932564,-9.4304362461466287,8.9884340541615266,-6.8398334623027717,0.4570867152007106,0.5037615855330617,0.5851528384279476,True,5
-0.38020892237173665,-0.79865953110519095,-0.46645913939353761,0.88633963802408977,-0.45873273134279235,0.062978784222210607,-0.26427868135029131,-0.38949612908168746,0.88229787714475061,2.9532941088683486,-3.9189284657009389,0.51445603870453316,0.7314729978389501,0.4346050533263284,0.4065040650406504,True,5
0.41522280161492164,-0.7513227356118285,-0.51293681089566412,0.90860539728403122,0.37040515555395748,0.19296697325028517,0.045013965004020579,-0.54618144209759389,0.8364565591008355,-5.8523665211059086,17.228655393061882,-6.7209294533996058,,0.3306211476257627,0.5510204081632653,False,5
0.62585653853200574,-0.64005470355906413,-0.44568326155315108,0.76798008141714169,0.60541395924072761,0.2089988815831009,0.13605215074836613,-0.47307918407850624,0.8704515482600732,12.192143144491217,13.828971975140254,1.162914895089127,0.9449969845626214,0.7476811016901166,0.7253521126760564,True,5
0.27446817945897478,-0.86476474344325494,-0.42053437072610206,0.96150451618623622,0.24076766889605442,0.13243864605104089,-0.013277191643907685,-0.44069589073632437,0.89755827001380228,-41.116648848518949,9.3839462279343433,-20.859831861725276,,0.1778674641355912,0.2,False,1
-0.89292615482023685,0.38136881685404256,-0.23925030317492868,-0.34477641616841986,-0.92100470142684432,-0.18132722576521942,-0.28950320359541448,-0.07942396037089848,0.9538761605297591,-1.2748920901174756,-13.221593775505687,0.13690038070651545,,0.6791575510824419,0.2280701754385965,False,1
0.93184330110039426,-0.03692625340786803,-0.36097716548775954,0.13908979624387224,0.95517207921446301,0.26134331380381082,0.33514488027591516,-0.29373925665184231,0.89520676847668279,17.786048391392605,12.895824975567026,3.5213524586210672,,0.4671329987465565,0.25,False,4
0.11024043957560642,0.98555409670194793,-0.12856970077037741,-0.98308870529958226,0.12715680721893216,0.13178673639740329,0.14623147060249522,0.11186719292042058,0.98290492325226297,10.089509036662237,12.899219331407126,0.4496574226173814,,0.2065150335625479,0.2592592592592592,False,5
-0.01374070552877152,-0.83477321462833987,-0.5504224497153426,0.99133610819514673,-0.083287807923389842,0.10156703027959658,-0.13062891563536594,-0.54425804650954279,0.8286852630580227,-3.0786595626727942,13.682741990968561,-4.8738825672653086,,0.2705487246102777,0.275,False,3
-0.23735294050395586,0.96454694877655012,-0.11538095700752735,-0.9710152243638368,-0.23213055083964046,0.056963509552457908,0.028160534223864955,0.12555712234967931,0.9916866406983077,-26.308018934568089,14.436838208939752,-15.155672780568951,,0.236933957298672,0.1904761904761905,False,1
-0.6870613509730441,-0.60951058514328016,-0.39552945098613346,0.64735079171562127,-0.76069566774298136,0.047739433828002428,-0.32997523007682628,-0.22324638334216279,0.91721175301038838,7.110154514084206,15.620715700198128,-1.2731627308094873,0.1579899458399344,0.1242565852919429,0.3333333333333333,True,5
0.1661403809847608,-0.8252180121388083,-0.53982645938107865,0.9852501167197032,0.11616264676242419,0.12565208713331691,-0.040982695251153785,-0.55273996774145162,0.83234544916827002,0.59785093312853121,24.717685164963122,-5.3696409321000687,,0.2540224752848568,0.5454545454545454,False,5
-0.46139164500939267,-0.77931568196887158,-0.42401039816603586,0.84414019673543939,-0.53269615485066224,0.060515575373401742,-0.27302944561160669,-0.33000284005552549,0.90363324827294111,3.00900736026396,-7.4516764694424031,0.96485875084020489,,0.07045683777414533,0.3125,False,4
0.16788949077878579,-0.88301246732015748,-0.43829453731846646,0.98480923640664708,0.13024433036003885,0.11483545749123961,-0.044315762141671843,-0.45091617509935655,0.89146548798008418,-10.36678887539281,-12.671232695505822,-3.594300489751999,0.1894466972510251,0.1477164664057449,0.4285714285714285,True,4
-0.88658241618349765,0.32175931897912136,-0.33232899356559809,-0.36690527950394136,-0.92667014100660539,0.081626990872704558,-0.28169511033449962,0.19430231706516005,0.93962464548177083,10.05636536584559,9.5425236325462741,0.98878836130442183,,0.0738452016175017,0.2105263157894737,False,5
-0.76734036125285887,0.54369783479384604,-0.33997269659902946,-0.6051534777672013,-0.78935111138208047,0.10350889481651307,-0.21208026390636445,0.28516221243418355,0.93472160254326431,3.9439209498324925,4.8623570300421575,-0.5593684488709032,0.1785236707921617,0.1435120138252146,0.7009803921568627,True,5
0.76462475316533762,-0.53007561581473506,-0.36656353932909896,0.60689400864028076,0.78361299559940856,0.1327792732479427,0.2168608980968606,-0.32399153483748722,0.9208696087016186,-7.5747031881890114,15.205100132573685,-7.1239321520012808,,0.07692066028173562,0.2962962962962963,False,4
-0.80140861276775199,-0.45949780972850207,-0.38289162727379794,0.48337639299815283,-0.87459403229780763,0.03784892813748876,-0.35226623181020761,-0.15474831670739037,0.92301758401585521,14.636941374807222,5.1705331561436001,3.6514218966923364,,0.1545448385910759,0.4,False,2
0.50888984554040706,0.80740322838650014,-0.29854840796245796,-0.80692160446974148,0.56821694748962193,0.16126693655413271,0.29984771025612172,0.15883805393114625,0.94067094314511879,-4.7629346621269359,21.086135187838437,-6.8943178256413455,0.2615873552537397,0.4203111067750581,0.7906976744186046,True,5
-0.83963510266083041,-0.40645051646920466,-0.36029275879714046,0.40596899067730202,-0.91030398028866877,0.080844555036566679,-0.36083524355055752,-0.07838776136951886,0.92932948187350972,6.5650972967116648,7.2623894471290669,0.16185231705280026,,0.09794415926754849,0.3269230769230769,False,5
0.43640249480325144,-0.81307836928850963,-0.38530043852120782,0.89813247661822282,0.41933261060997357,0.13235639811751027,0.053952914407979669,-0.4038114994327936,0.91324988691634834,-2.7761710799414803,2.7042771178555634,-2.9739404615411633,0.1604230144176645,0.1407893443154279,0.6110210696920584,True,5
0.90523377141972949,-0.23796354292306618,-0.35203007161422056,0.30845374209854626,0.93781633254930008,0.15923823469626358,0.29224665621117829,-0.25273282066894442,0.92234376091027082,-1.7820181262996226,11.857986394622237,-4.098868386945691,,0.07508614414488088,0.2127659574468085,False,5
-0.11140952786704571,-0.88872512784829116,-0.44469716013426663,0.98104816664248395,-0.16974157982210722,0.093446727106502203,-0.15853205299832546,-0.42585847791318499,0.8907929865920603,-16.454598489276538,-9.0768671549000679,-6.6932052816237908,,0.1327389398715943,0.4583333333333333,False,1
-0.93087896303759921,0.10523746572523815,-0.34984201002991855,-0.13583393554150319,-0.98866027015907554,0.064031337361411908,-0.33913640047826038,0.10712584196501565,0.93461786621802578,6.2148166804090907,-10.637507635791698,2.671307628337972,,0.1014411476204378,0.2857142857142857,False,5
-0.60716285627894595,-0.66396407164240856,-0.43646875893152737,0.72972211353341332,-0.68330971390633188,0.024361278734428407,-0.31441835661348022,-0.30370964167981662,0.89938954328766629,-19.822911875677693,12.962981130872748,-12.114562721922344,,0.2167461832773344,0.1818181818181818,False,4
0.83775055666729303,0.45693193458385312,-0.2989769421896929,-0.41108618001115094,0.88813838426474057,0.20547107582201535,0.35941919454514532,-0.049228219072745383,0.93187682932855753,-17.312150026792665,12.499086781108844,-10.843525275645543,,0.1942926796547807,0.1739130434782609,False,1
0.85449676003526442,-0.36456415320935365,-0.37003819435834234,0.44849819703798222,0.87718094247614309,0.17147291742530121,0.26207757313992863,-0.31248451537862132,0.91305463872961801,-3.2919408726306134,3.6636946769550489,-3.372138040870202,0.1829334971549701,0.1323655475293893,0.5813953488372093,True,5
-0.9481621558006148,0.039015939243369852,-0.31538275601637816,-0.011209026041766601,-0.99592313455990167,-0.089506803001629442,-0.31758917494575223,-0.081331829767534239,0.94473395695504603,21.618416411160741,-6.9752989470289286,8.0295029893157377,,0.3198519002444351,0.2068965517241379,False,5
-0.33554287176228248,0.91102977715558775,-0.23965751885839184,-0.94202412328743357,-0.32416801944832102,0.086635133239897091,0.0012378828951646464,0.25483296549464118,0.96698429529291963,6.3286241373452228,20.530081148959013,-2.3689692396736053,,0.1019316419477542,0.4285714285714285,False,4
0.6988885284841504,0.67317169005356103,-0.24164995440448264,-0.63418204449787685,0.739472089456364,0.22581887288605837,0.33070826900721645,-0.0045721576382332929,0.9437219591515178,-24.155768735339848,13.433670506796034,-14.080535493411386,,0.4924745098517886,0.3571428571428572,False,3
-0.63264686762303557,0.73382145050994751,-0.24751569578157967,-0.76212623259289203,-0.64670116018673451,0.030679227612474325,-0.13755561231926344,0.20804732198374959,0.96839804075331748,2.241068223400053,17.495062071129784,-3.4588122226877052,0.452980933864023,0.1540368943395783,0.1666666666666667,True,5
0.59723611707742674,-0.68523609253433782,-0.41684591631267248,0.7923013227323169,0.58487836715858088,0.1737121458808617,0.12477032682052167,-0.43401473836516818,0.89222394746325639,-12.851191145808047,22.909324372588536,-10.579057079176437,,0.1281403959617961,0.4074074074074074,True,4
0.41579105309638609,-0.80631243785972917,-0.4206875951554776,0.90830797392607221,0.39144336834241478,0.14747445162827014,0.045764884653113042,-0.44343245475883375,0.89513866713445145,-21.783658503466189,11.247398118240188,-12.689858102577109,,0.1054011043633143,0.34375,False,4
0.64484663663549968,-0.62025664264379865,-0.44660330549171656,0.74960190960301387,0.62732376991623229,0.21109681384995263,0.14923066822673975,-0.47089976104722087,0.86947318688172992,-15.420098413321968,-9.5886620696996516,-6.0713012443137835,,0.07789768740978353,0.1,False,1
0.93350633038141295,0.13630584322594302,-0.33164234988959829,-0.07353756849301607,0.9780453983844547,0.19498570388397624,0.35093896500383792,-0.1576322168893762,0.9230351710745246,-19.126819251700958,14.948124325624024,-11.934461974649144,,0.1901736355749121,0.2093023255813954,False,3
0.36287164260954879,0.87033210518174686,-0.33293572604897415,-0.89983982495314074,0.42010824573882755,0.11746212704759937,0.2421001041266802,0.25696515046238172,0.93560485838290564,-7.4322783882988714,-2.379317409072478,-4.1651918680504689,,0.09639946618403838,0.5934065934065934,True,3
0.91167497823383126,-0.11579129988305334,-0.39426020460317274,0.23576881791660634,0.93322923405856173,0.27110193875491884,0.33654390287234276,-0.34011111650438947,0.87810171954596916,-23.66122210985008,14.948961088286534,-14.016661395003172,,0.370710494883806,0.3076923076923077,False,3
0.754782520069192,-0.5420755102750513,-0.36940152755239358,0.62271990040525516,0.76913234596884938,0.14371972732969684,0.2062117189620124,-0.3385108204245415,0.9180888581277058,-14.082253639551046,4.8108342717899717,-8.2212787653819106,0.4446480027636627,0.36096924766255,0.9398496240601504,True,5
0.71552693964793912,0.64072099642838798,-0.27838427285654843,-0.62277284091398633,0.76558574849373029,0.16134574776924929,0.31650464018396002,0.057922935346107707,0.94682086283674249,-12.946530353978712,13.45612554226879,-8.9097601148426726,,0.148331565046937,0.2222222222222222,False,3
-0.30955764952756926,-0.84555055580880478,-0.43499232084071138,0.91889717124167847,-0.3836576135583849,0.091841299221682104,-0.24454457733306662,-0.37128303641576005,0.89573816295102959,-32.406515136281286,9.9664013976312926,-17.207666157012685,0.3227113965729675,0.3154049545767793,0.6,True,5
-0.78749682986820413,-0.48009712503372048,-0.38646538458429219,0.50116492710350125,-0.86379666751715589,0.051855887106461163,-0.35872337363053275,-0.15284654958687177,0.9208449779906045,-10.562231993094176,11.901819424546689,-7.7204276224122053,,0.4219255155776784,0.5039370078740157,False,6
0.19109317412123195,0.98140213751798955,-0.018254952188210827,-0.96379152586153605,0.19112299360297516,0.18595132694801947,0.18598197085138274,-0.017940061074547153,0.98238936309738056,-10.955813646929267,-6.4701126439143914,-4.9147963791648346,,0.3693136588233789,0.2105263157894737,False,1
-0.72107575987909067,-0.5480563292436289,-0.42389150556574251,0.59392306722431398,-0.80399244613148535,0.029181103172677331,-0.35679845674225641,-0.2307171570115896,0.90524276010738391,-26.61494133982254,16.3989283614623,-15.525638539112546,,0.3402005694501414,0.4594594594594595,False,3
0.34288296448840033,-0.84545348614916804,-0.40943824372164589,0.93926278583511302,0.31539170886974299,0.13532734062814702,0.014720455458633319,-0.43097154515633951,0.90224544080679536,-14.010091193383667,14.615605307205582,-9.4980115495557911,,0.07333998689696083,0.2580645161290323,False,1
0.90479472851040299,-0.20387478983166102,-0.37387373447580091,0.30337508199550084,0.92471269249947718,0.22993476456288597,0.29884788586170169,-0.32146773773034015,0.89852570064218407,-12.997844661561976,12.073557646186023,-8.7713136822505486,,0.513027106404001,0.5925925925925926,False,1
0.8125068273025482,-0.45756721481889123,-0.3611992518121126,0.53291059534961771,0.83416343977829932,0.14204806616547677,0.23630267233119312,-0.30790193188760334,0.92160590676764786,-12.379214558260445,-9.8509823656330013,-4.7471443999810932,,0.09726398465104232,0.25,False,3
0.92761623921712,-0.13482695326806313,-0.34835298967159561,0.19207224503236983,0.97201605008274583,0.1352518061608132,0.32036910810643482,-0.1923707125681777,0.92755438844150762,-4.2596402827588999,-2.6749398516875615,-2.6630614789718776,0.2482110517318593,0.1985502393150415,0.848421052631579,True,5
0.34615884088210042,-0.8622056359500202,-0.36983171607527554,0.93815619670324424,0.32067750563093456,0.13049478138847823,0.0060833762390155588,-0.39213183844001298,0.91988891384514004,16.004497528853907,1.3745542956481043,4.7131576733207865,,0.09030067437279429,0.3571428571428572,False,2
-0.3642922051637531,-0.7818510818665223,-0.5059644997834124,0.8919033904109519,-0.44922550351341201,0.052007587586530596,-0.26795434579491184,-0.4323254940172625,0.86098498000392021,-5.792776984041752,13.976457264204836,-5.9557570616622835,,0.3965294900663875,0.4,False,2
0.80453572637056203,0.4966687869405173,-0.32564149163217448,-0.47836225383463193,0.86688001718782126,0.14031603581449273,0.35198269715945329,0.042885334083787752,0.93502354463450743,7.4726990829391173,-4.6991061399902083,2.4090223382208462,0.2811415241596973,0.2502555293184118,0.8859060402684564,True,5
0.55864083875871051,-0.62306881441675566,-0.54745380240917474,0.8202792171577723,0.51271113115973388,0.25351390865974049,0.12272904778412314,-0.59068819904091974,0.79751177567719855,1.2572234062744447,5.8409430095926655,-1.8973782244718655,0.581476900879128,0.3965245168324051,0.2580645161290323,True,5
0.10502495284813348,0.98457594981655472,-0.13992840427188805,-0.9831321188500155,0.12398073471743583,0.1344619437030575,0.14973642230508497,0.12344624928184067,0.98098931052969141,14.917516490422026,-13.057501365999048,6.3303967757298176,0.4151650167258661,0.3071904114408531,0.2142857142857143,True,4
-0.032020702375570288,0.95228958427751131,-0.30351148626689423,-0.99419787148480887,0.00085245701048615886,0.10756330997194234,0.10269015023092537,0.30519472635287981,0.94673698145363472,7.4410792572460664,-13.670553273526371,3.5675629591237135,0.490525885755079,0.4308777643301916,0.8507462686567164,True,5
-0.044172053971923461,0.98659998992379272,-0.15706460304687944,-0.99375917056929108,-0.02727353910533778,0.10816129147760711,0.10242822148868813,0.16086209605448354,0.9816475159117054,19.583353336448123,12.511242247156181,4.3001317986318073,,0.7236699695365454,0.1153846153846154,False,1
-0.69935074985003509,-0.55642131060968691,-0.44866898018872708,0.65739893128626825,-0.74712321056798714,-0.098150666703062578,-0.28059788635673366,-0.36359625043443655,0.88829195248080017,-12.399123119902464,11.135706647965421,-8.351999013498121,,0.2603830243757712,0.1724137931034483,False,2
0.67490727001731399,0.69376820421840635,-0.25136796870990508,-0.66053686504035536,0.71985963074320947,0.21329126083576283,0.3289243481416898,0.022085987453987294,0.94409797285967423,-25.137986484935883,12.209851328443726,-14.228940989733385,,0.2854609132205659,0.2941176470588235,False,1
-0.88376758733270289,0.35468926686252461,-0.30520546448689034,-0.37507561767896919,-0.92695201349941569,0.0088456595072956279,-0.27977335935158909,0.12229263527254625,0.95224544039613157,-20.985684289736103,16.299577084925826,-12.961686636076148,,0.1180593857964536,0.1666666666666667,False,2
0.93157116235792115,0.13260418371085192,-0.33851336742511701,-0.087772233294146337,0.98559854444480333,0.1445390751694671,0.35280476828647245,-0.10493636000293488,0.9297941470151686,-7.2878343398608552,13.020185898282485,-6.5024961995371333,0.3742889144486482,0.3061656680026347,0.8387096774193549,True,5
-0.47176041068362129,-0.68748657098213761,-0.55209087080918484,0.83778734925106224,-0.54470018785199481,-0.0376040262323135,-0.27487173799155878,-0.48027483805965138,0.83293553626932981,-7.8861831858333131,-13.598221685706582,-2.4670095744607385,,0.3585397816354404,0.15,False,1
-0.0091549856853317783,0.97434045205293074,-0.2248930184118495,-0.99494408859888495,0.01361822061459269,0.099502787043512786,0.10001223324791692,0.22466692582706377,0.9692895984380423,10.902625539545879,2.943032249488148,2.5327484072969662,,0.3184760559255802,0.2580645161290323,False,3
-0.94617900587547143,0.10945466994742351,-0.30457341326387621,-0.098379254076784786,-0.99381420352645899,-0.051525248532810014,-0.30832906319029135,-0.018788403225740283,0.95109420390223531,22.557410373817952,-8.1903734101008521,8.5122365102728708,,0.7243947687282577,0.5531914893617021,False,3
0.60339942472255537,-0.69209320833072641,-0.39612640056801413,0.7868660641515085,0.597366609351342,0.15490297324065397,0.12942538905177323,-0.40516678666268113,0.90503532729625202,4.7976992211937093,11.903211539124603,-1.5036808439055847,,0.1599211090540135,0.25,False,1
-0.054947528816242056,0.98225852372668876,-0.1793013152301304,-0.99257755210762644,-0.034222588768686828,0.11669883234206603,0.10849226760014068,0.18438277301373804,0.97684820770002134,-9.4587250496518944,14.396482392893855,-7.6468505136782579,0.9040931590474239,0.6563492131752429,0.2173913043478261,True,5
0.88140387959458777,-0.28439056338261737,-0.37715939401601639,0.37964097827352278,0.90159261918310307,0.20737279631156166,0.28106925952713796,-0.32596434850067779,0.90263354405616725,-11.618338718036687,11.440014107009285,-8.2072778857106954,,0.07071770499957089,0.2727272727272727,False,2
-0.92687595911222886,-0.14578820342744717,-0.34589992217574023,0.1156360191806045,-0.98757858743795213,0.10638065943639284,-0.35711240175587389,0.058603185710814472,0.93222121791809442,-27.283352272862281,11.749244965143406,-15.190638561783555,,0.4699372207549141,0.5294117647058824,False,1
0.94548778739865735,-0.0083628598867163673,-0.32555015965977779,0.12186130386191513,0.93612750928905231,0.32987135215618429,0.30199779221223727,-0.3515613018049491,0.88611623649053162,-7.8565927647406042,-15.730582632537772,-2.1661561666908105,,0.3339574452172077,0.4418604651162791,True,5
-0.89507155110182435,-0.26317714663561265,-0.35997876034137405,0.2607135330669349,-0.96377023152784425,0.056350638829765973,-0.36176701353762392,-0.043413480734717666,0.93125715976123691,-8.4190796696689656,10.977905900487656,-6.7045843467509476,,0.08987474081999122,0.3289473684210527,True,5
0.23421424334495519,-0.80096594932918264,-0.55099658458973422,0.97172836101843374,0.17550512999569934,0.15793017994551173,-0.029793969302177814,-0.57240850566740764,0.81942713039832094,9.393205006150108,13.850607858106574,0.035181953029363486,0.6941197602196596,0.264775271827225,0.35,True,4
-0.72784374021586962,-0.57749921951680627,-0.36978120731867165,0.59572521043539639,-0.7995708486785279,0.076144150104930794,-0.33963946101752884,-0.16486694453703904,0.92599348114268309,7.795951653610806,2.7277635828586564,1.2981334969849025,,0.1639499052384805,0.2222222222222222,False,5
0.73263258405118736,-0.49125930128439782,-0.47107727146196055,0.65452718784092778,0.69834073437704491,0.28967978715605402,0.18666455786658392,-0.52056173275731199,0.83316974574523406,-24.323752760595532,10.542769999108467,-13.566352833811864,,0.4393606954052595,0.2647058823529412,False,4
-0.73817331427534938,-0.54381893642882406,-0.39920060429960469,0.58547203986286933,-0.81041050682658777,0.021384596416213417,-0.3351457125349474,-0.21793525370278261,0.91661419177478731,9.9697207273051038,3.7896424289755655,2.031487474337621,0.2773563379905691,0.2817572886044343,0.2788461538461539,True,5
0.30427301777686466,0.94768454536341429,-0.096498358184479188,-0.92602194121160364,0.31802246331561385,0.2033348893361967,0.22338597773283408,0.027490276572074646,0.97434233698753825,-14.140092585876946,20.526154589644911,-10.631354805339642,,0.6929927904599911,0.4583333333333333,False,1
0.94087064020781674,0.10611524499303598,-0.3217172565701138,-0.036632475703947655,0.9759745765902037,0.21478288473100388,0.33677960169632021,-0.19029761067769599,0.92215308883700398,-3.4591025235523971,14.912519515163225,-5.2931609619953592,0.2046994109363158,0.2274947339128814,0.723404255319149,True,5
0.93818726389845186,0.0097986570582589,-0.34598937003698765,0.052153658781457023,0.98418487397818211,0.16929302911891439,0.34217634888233328,-0.17687317533307553,0.92283867827110022,-5.0600502967747003,14.882425377329385,-5.9422575343548294,,0.07231454066577359,0.1071428571428571,False,5
0.82190233510548161,0.45775441072608558,-0.33902426315674117,-0.44353329874612962,0.88772835262663941,0.12335552215515042,0.35742798498653339,0.048982358085411223,0.93265532976810861,-11.325857671956086,-5.0084205113775262,-5.3976284493395266,,0.1050820102627585,0.5,False,1
-0.19119444531986074,0.93804084522342313,-0.28900528848337126,-0.97987703106480983,-0.16521252745948231,0.11200814596297597,0.057320921751523951,0.3046049793798119,0.95075239598256056,-1.1392599737448841,12.805362330887352,-3.9306779911460961,0.2575701417771425,0.1139543850841172,0.2647058823529412,True,4
0.43658643428044824,0.88588634216920725,-0.15683645673231084,-0.85990597656189327,0.46215383509206909,0.21673842341132982,0.26448817908447264,0.040239551038186383,0.96354905513773648,-12.64389599131526,-11.773807617771549,-4.578372892464456,,0.5670019560455064,0.3703703703703703,False,1
0.4011187354006277,0.91170842354324277,-0.088834174453855025,-0.87216136589531357,0.40976095888455238,0.26726486565509222,0.28006840584082965,-0.029727209998732629,0.9595196616200572,8.3179095327937738,8.1449761820348066,0.66507207559462744,,0.4060780801629717,0.2,False,2
-0.19026887142828255,0.93224433130648898,-0.30776332353339764,-0.98112821533502881,-0.16957338794459056,0.092910124176499465,0.034426467127878266,0.31963318483522396,0.94691575417942142,10.064975673590491,11.404910037434464,0.74172355540448542,0.1743296882966369,0.1179581445707188,0.3703703703703703,True,5
0.31081727671533932,-0.87745469177756907,-0.36532982956883314,0.95046806691334462,0.28764888915732645,0.11776489436401351,0.0017533605651167267,-0.38383770065496237,0.92339890907594291,7.3486375006766895,-5.6949595456568467,2.4786282953192176,,0.07656035816010055,0.4375,False,5
0.93156010882267404,-0.056252600121643438,-0.35920942168857806,0.14762217905444636,0.96138003419322215,0.23228457139004471,0.3322701549966609,-0.26941431816849359,0.90388742068041927,10.351470000820081,6.4334635104185116,1.8926078183621535,0.353185184087298,0.248064358658656,0.3684210526315789,True,5
0.80017859146301162,-0.43653085005297498,-0.41128462008236755,0.55384100584491613,0.80096930999779048,0.22739460126914651,0.23016159977059958,-0.40974257942480163,0.88268717935480845,-11.627324852603094,-12.937010081660421,-4.0318360249458109,,0.3220083644705856,0.2631578947368421,False,1
-0.56347677673988061,0.79167505776935332,-0.23610278477969049,-0.82016999922797906,-0.57035090991444781,0.044955666229487157,-0.099071158473142532,0.21897589471366785,0.9706876238487524,-0.56675853579414259,-23.699559273239331,1.8275205785236823,0.4171682672344945,0.3224217963964572,0.4705882352941176,True,3
-0.029941041880991021,0.94907913120052012,-0.3136117611486321,-0.99397862212799692,0.0048149824720517429,0.10946832736605883,0.1054041401635132,0.31500098200396087,0.94322020152927732,-5.8570570341431569,-6.5778671363438299,-2.745382872773225,,0.07607721562104874,0.2236842105263158,False,4
0.93712284032115378,0.071413536065408012,-0.34161511824719942,-0.0095455756968826251,0.98371935861700732,0.17945780971236355,0.34886912178212104,-0.16491309938503509,0.92254756274036798,-10.904991698906413,15.11590392578103,-8.3791603875934744,,0.09180789700825076,0.2,False,5
-0.92578228297347032,0.16303029940240651,-0.34109864556927116,-0.20416555404056322,-0.97496030014294688,0.088141021598825253,-0.31818798072167875,0.15123999015451031,0.93588614387772839,2.5768659166845391,5.0917666466323341,-1.2862848230158295,,0.07477654524330998,0.3271028037383177,False,5
-0.40449405108467601,-0.74119897004350743,-0.53573188204880218,0.87832764989707768,-0.47805589212990729,-0.0017616543802195794,-0.25480404640308285,-0.47126070365172873,0.84438631391697339,-11.484972771768678,-2.6172341096618403,-5.8021461741146245,,0.2913218717094003,0.2057416267942584,False,1
0.46968716808044042,0.87638839121553991,-0.10647700166332072,-0.83542263557625418,0.4802116175765887,0.26733092284900017,0.28541721060124975,-0.036608606735449079,0.95770393431659639,-1.2816223371017212,18.146287183115966,-4.9542457070135084,,0.5248492871182469,0.4210526315789473,False,5
-0.26653893031864545,0.92369914741684822,-0.27520334969978033,-0.96369713516250333,-0.25077353556045845,0.091654053604249441,0.01564705416924822,0.28964205309984725,0.95700713203817322,-1.7617124572180094,3.5430659238439119,-2.6641488096802726,0.191401093320738,0.1629939953825918,0.5267034990791897,True,5
0.71065693638637806,-0.57318150250250799,-0.4079579438556078,0.67959714058012854,0.70926307445206105,0.18733290617006745,0.18197374887944903,-0.41037648130439641,0.89357523371621128,-0.083836462760053354,-5.6692602207514984,-0.49826334595591837,0.2914327239273247,0.1808740532333754,0.4123376623376623,True,5
0.89535317841731732,-0.25071341727966312,-0.36808350722894445,0.33977130859804106,0.91886224212708267,0.20061813937618944,0.287920377451096,-0.30468830366317456,0.90789145488834433,1.5351562957890286,-5.7979449256644777,0.06853590411802378,0.2683679867123504,0.3043110331615365,0.429553264604811,True,5
0.16935944086854235,0.93280692210105165,-0.31810159677225203,-0.96984190570977025,0.21514392122142054,0.11454156926946449,0.17528279355925108,0.2891095626952398,0.94111189719407506,6.8379420144873979,-8.057183899157879,2.5022796707453487,,0.07325665366966805,0.2916666666666667,False,5
-0.26211060472515879,-0.83047963253716761,-0.49152986769019696,0.94198360722031094,-0.33084115218859095,0.056665825210050716,-0.20967812145958875,-0.44816036411027738,0.86901517444847953,11.188703479736096,0.72924584435201023,2.9902224045661812,,0.1856815202379959,0.375,False,1
0.60902615791564052,0.77974137475698546,-0.14522578099841629,-0.7296364780493213,0.62257883930337954,0.28288902197052374,0.31099477306587586,-0.066324786797574864,0.94809454896753875,6.5768138069347293,8.2449494214498991,-0.05485795656602984,,0.2865616474051244,0.1052631578947368,False,2
0.89533506832682364,-0.1925184459685248,-0.40163635715167473,0.33331525834876496,0.88774522307211312,0.31750489360723444,0.29542520876881756,-0.41814479175820102,0.85899876551098275,-16.574542851762416,10.650777262068191,-10.200485831939144,,0.1281979220045675,0.25,False,4
-0.61028851551199659,-0.66986128771383913,-0.42288743544414009,0.72528715039592517,-0.68717610651648664,0.041803685284935777,-0.31860081183939709,-0.28120251395604678,0.90521747046777512,-33.149184281642917,5.9096969651341098,-16.910175677033791,0.2073478127321436,0.208112587709443,0.4666666666666667,True,4
0.53365696265839468,-0.65717733366218267,-0.53228582390186086,0.83820583069424981,0.49462955287099775,0.22967932170049782,0.11234425484367611,-0.56873505039455985,0.81481237770195769,-6.9845697755407459,-11.137548046443996,-2.3275303574785924,,0.1599544686414147,0.2857142857142857,False,2
0.36409354889489187,-0.8485527762853613,-0.38391935808386624,0.93106443913414305,0.34204081666391567,0.12699247976043418,0.023556269504012906,-0.4036908044460345,0.91459216953392219,-22.629861473994524,9.8681070719287973,-12.649017258531899,,0.09237319439822875,0.375,False,1
-0.11805312467790209,-0.90120562640283208,-0.41700345165677266,0.97989248567229092,-0.17374925197910412,0.098091355173024503,-0.16085451898147696,-0.39703855779581448,0.90359626346430666,-13.390473422643099,-2.985294970328003,-6.5490415535680464,,0.7784946383678946,0.3409090909090909,False,1
0.8646582285282769,0.45271128207836331,-0.21775822123930613,-0.3484227562034013,0.85269884725067879,0.38923804908691628,0.36189464046593334,-0.26068596236914654,0.89502798739799438,-5.8615174332370623,16.53521297013468,-6.6217745160948267,,0.2729914838212912,0.3181818181818182,False,1
-0.389310264041971,-0.75004416430542609,-0.53466930892182829,0.85990776731795981,-0.50399907126466215,0.080892322692569504,-0.33014564970299337,-0.42827408018199342,0.84118081422869795,-0.049463995025743057,16.622052879609722,-4.3082080274197594,,0.2159234299362744,0.2272727272727273,False,2
-0.33351356306885482,-0.78307352337333203,-0.52494243516864936,0.904627136200296,-0.42256071766657399,0.055607412591848773,-0.26536474464247717,-0.45633134549007764,0.84931928944540491,3.2551882866258235,2.8231227539798169,-0.58737830633674981,0.931810799083399,0.5545032007680802,0.2474747474747475,True,3
0.49408232708218769,0.81001728579253673,-0.31583959660299554,-0.82383627916744062,0.55227369745994614,0.12762267910315614,0.27780647795290453,0.1971440077994065,0.94019030041592677,-15.103793732583195,11.860270954110648,-9.6349580221950557,0.8314181149728167,0.5390346808235884,0.7123287671232876,True,5
0.64500202460407441,-0.6532996402436303,-0.39644920016843177,0.75050179350484236,0.63926315525417921,0.16759975023992929,0.14394251006099923,-0.40563801398785965,0.90262858109264676,9.0152864138191049,15.271482039032147,-0.39553864807024952,0.2361796331805026,0.1891489108781491,0.4210526315789473,True,5
-0.62878005085976607,-0.6641588093048284,-0.4043868490240291,0.70972311446430791,-0.70266804163234264,0.050504693481413218,-0.31769285235250888,-0.25524635020184178,0.91319250559384568,-1.8918872126494664,27.469396529353205,-6.8031274728313038,,0.4775675689417568,0.4210526315789473,True,5
-0.13078419272466632,-0.91064940115961668,-0.39193515165265391,0.97592780518594036,-0.18784874051806141,0.11080509803583506,-0.17452912077447227,-0.36800885703119901,0.91329571725059555,-5.4379849368058668,11.84619921554571,-5.5389380240160389,,0.1010364102765052,0.2222222222222222,False,6
0.89958426070501163,0.29256833624255107,-0.32427137789216609,-0.23461698875994461,0.94996227423346435,0.20621965502444498,0.36837891698227565,-0.10943238168590977,0.92321261221969653,1.0685402559915627,10.725587565772454,-2.8398674037622254,,0.1067343713478152,0.169811320754717,False,4
-0.78478727178782726,-0.43264497151044229,-0.44376487768473649,0.51575862502302916,-0.85293986166369018,-0.080539636822379315,-0.3436596845051435,-0.29208204500080964,0.89251672266348681,-7.0248082354919079,6.5109638807786343,-5.4643186610032028,,0.2174673164216702,0.1366459627329193,False,4
-0.53662939081249528,0.81267000685905655,-0.22714831469309402,-0.83849725445387124,-0.54374419980313671,0.035561207147222579,-0.094611052153177638,0.20954642715195404,0.9732106882265118,4.9068967586259333,9.530469397689286,-0.98124567350825309,,0.2534163361716267,0.3928571428571428,False,5
0.73993382924243778,-0.49157396761204658,-0.4591872850033788,0.64241622419854449,0.71884145368746399,0.2656470578549277,0.19949767725241491,-0.49155060657743543,0.84769020163279396,12.147653906460942,6.1017547911353898,2.6360752646746759,,0.7674453181094099,0.3,False,4
-0.88980305108218205,-0.25064745627052698,-0.38134811255591156,0.29046734705349914,-0.95559493587509137,-0.049669294595196409,-0.35196484281891544,-0.15496506443388008,0.92309619120894526,-9.7138781915945795,-19.957045711882401,-2.2327445328091384,,0.3220841303020678,0.8627450980392157,True,3
-0.65511620354855449,-0.59840617913313432,-0.46122966581022595,0.68888522161900456,-0.72379864384775305,-0.039403992171974725,-0.31025781421757026,-0.34354849430529777,0.88640539302144317,8.229671511401504,-9.3456846089935244,3.2893386897013772,,0.4584911788312322,0.3529411764705883,False,3
-0.7886454599009658,-0.49438516426276718,-0.36554294950726596,0.50319216022888424,-0.86061654378111485,0.078337822630178813,-0.35332136711750617,-0.12215757826318144,0.92749206875913037,-9.2367538577372645,-13.817569545456605,-2.9156815907214422,0.251411559112756,0.2175096092515822,0.7411764705882353,True,5
0.93426603426114396,0.10699552707275055,-0.34014546066701956,-0.046396028878552278,0.98228629632244224,0.18155175725241385,0.3535454507277036,-0.15383624164533904,0.92268089013817856,8.7888383910707173,12.47114243154962,-0.047158611047701929,0.1227181732268293,0.130635840023775,0.2631578947368421,True,5
-0.47415853868709223,-0.77016646461364913,-0.42663485203934609,0.83611809905241552,-0.54569913236330148,0.055847841273547694,-0.2758264030637691,-0.33023639066955246,0.90269802351088069,-10.408680468531827,-3.6083174166055265,-5.2814500000308167,0.2483560338526669,0.184159059852709,0.5903614457831325,True,2
0.72706698517300894,-0.50141553649980919,-0.46899473219647225,0.65962637254688206,0.6996352761037743,0.27459703034052985,0.19043804166204331,-0.50901172892950552,0.83942862239747451,-14.738623672316097,-10.551808378469902,-5.6112580530609044,,0.2494807188837194,0.45,False,1
-0.35678326746324929,-0.84463448832327559,-0.39912188763976031,0.89939532485672857,-0.42607948742576657,0.097695035804564345,-0.25257424588446575,-0.32411240570190131,0.91167834173354101,-4.2630506768632079,21.937176354659051,-6.9480605817690719,0.3118823328562331,0.1590455424439437,0.3870967741935484,True,5
0.8240603995239133,0.46225463767595232,-0.32748298869339937,-0.43837625822437049,0.88648823144770206,0.14820550505944052,0.35881849751885275,0.021430479504620348,0.93316130459128743,-1.7827309816114221,14.401245852737718,-4.5273554204316415,,0.07551928488719957,0.3333333333333333,False,5
0.14896955371467033,0.96302525421385743,-0.22447813214740703,-0.97445527958175604,0.18155209104787101,0.13219586351844873,0.16806242935675642,0.19905074223042288,0.96547077731862196,16.832929454747532,-7.626126483854291,6.3326222641570729,0.5291937767351786,0.4587489835040336,0.7222222222222222,True,5
-0.19349693680747573,-0.88704312975044286,-0.41918184766120581,0.96351527040074092,-0.25234308568450592,0.089226065764487772,-0.18492500953281121,-0.386623140887558,0.90350721512311616,-23.277657197090527,10.634261446015126,-13.125895118355311,,0.0876302450235374,0.3225806451612903,False,5
0.8702175735235701,0.39082069229468869,-0.29996760025884744,-0.3286934089171849,0.9141080674358022,0.2374175309095452,0.36699048715893401,-0.10800753456627356,0.92393309000801849,-3.6540190141794473,-11.84756236286702,-0.9441425006677594,,0.7271587670586092,0.8309859154929577,False,3
-0.90703424163907331,0.30309107653241635,-0.29227501402044898,-0.29332558201404457,-0.95284104238568501,-0.077807781625517505,-0.30207447331801235,0.015157416395391282,0.95316381871001765,-9.0469250527209262,-7.9151033674846119,-3.7269663183986426,,0.3828337384814578,0.4146341463414634,False,3
-0.21426809309472419,0.92189890909336392,-0.32278721426663937,-0.97606191661552999,-0.18945873694924037,0.10681068264184737,0.037313793888715238,0.33794642830789801,0.94042537842168317,9.797481527957757,-12.178995182214251,4.2719441957710451,,0.1688475277379801,0.6428571428571429,True,1
0.93014592851463918,0.086904163066254231,-0.35675792648432303,0.035798362875231721,0.94549868179685426,0.32365215886173893,0.36544086920197216,-0.31381508753112058,0.87634072252448825,0.075507151166923969,10.174264964882822,-3.1159051397134396,,0.3534582055720758,0.2058823529411765,False,4
-0.6753064087960523,0.69691357001527887,-0.24139745269479504,-0.7189184406554493,-0.69508005122040029,0.0044719213969595106,-0.16467401107798968,0.17656499744853887,0.97041603024243206,-20.109848158172127,8.7629403950698901,-11.58026373017144,,0.3130405978701779,0.3448275862068966,False,5
-0.046593049801526357,0.96332891303715795,-0.26424703028954039,-0.9922977639628362,-0.014239605578292628,0.12305438337308833,0.11477907189269665,0.26794521630292895,0.95657259301938447,28.832537944445939,-1.4701723007227692,9.9789082116452779,1.163395544212689,0.2882785529844756,0.75,True,5
0.43158690619938406,0.88091265315512934,-0.19423089329052429,-0.86288338980086132,0.4659284058378263,0.19581362628580376,0.26299239153066528,0.083088014446204422,0.96121349545892698,0.71992208387510925,-15.164339799912613,1.1825750134146871,,0.5854870853888612,0.5,False,1
0.81166175104876526,-0.37038000719787811,-0.45168999563035717,0.53308343998789065,0.78581034020224927,0.31356682739394193,0.23880378534505933,-0.49529865687211894,0.83525564506056815,-10.394804435228291,-8.7172943942775287,-4.1012848138968714,,0.4216733158856898,0.4782608695652174,False,2
0.42842151309200449,0.88357773316678856,-0.1890645301789759,-0.86914840291302953,0.4601845193388221,0.18113879174441683,0.24705477294253508,0.086721379213758581,0.96511312370808422,-3.4757043562271965,17.424657247672375,-5.7817725476770372,,0.259460234670035,0.1052631578947368,False,2
0.59675073802571477,-0.66581060869948261,-0.44786693337305944,0.79179667101036033,0.57914044366710959,0.19404736093534936,0.13017906299660825,-0.47041745275051949,0.87278911067052001,18.291621493105527,-7.497248149627783,6.8422699365530653,0.610700778520503,0.4779201179241011,0.3529411764705883,True,2
-0.76198671157623732,0.62514992455272567,-0.16900835249464585,-0.62392377771669327,-0.77860725800582209,-0.067006398055605473,-0.17348017460494924,0.054390344845174715,0.98333428670348932,3.2253012357758024,-14.886463749357171,2.1054602833475395,,0.2884893270185755,0.1764705882352941,False,2
-0.38315887184469832,0.90741105996465132,-0.17261068095725282,-0.92359530291182113,-0.37894072853998623,0.058100264137149013,-0.012688394930807867,0.18168404582519848,0.98327509483697773,-12.725160349547437,16.070330615859699,-9.2966238379208495,,0.7020457824268174,0.4242424242424243,False,2
0.53826245445971954,0.82837723210307612,-0.15512798410424053,-0.79015326675273334,0.56005364315709005,0.2489934373160374,0.29314048706888474,-0.011448935309360919,0.95600082464467562,4.3574960924271151,10.633603191664497,-1.4335236528569844,0.4178760749158721,0.1945286773473604,0.2380952380952381,True,3
