axis_00,axis_01,axis_02,axis_10,axis_11,axis_12,axis_20,axis_21,axis_22,location_x,location_y,location_z,dbh,dbh_approximation,score,reconstructed,number_clusters
0.026663956606997434,0.99940951471001005,-0.021671532598360493,-0.9978956676676114,0.027892838003507302,0.058533973368647033,0.059103890466462014,0.020065181165684703,0.99805015837708078,-21.692080446455471,27.229004024136888,-6.2617282640946925,,0.1183912134721987,0.2,False,1
0.59629369559559564,0.79599465710730799,-0.10404967299116222,-0.78616715623108613,0.60525940937565315,0.12490896615441088,0.16240391330406925,0.0073180064809976464,0.98669722596380582,7.0873245380748955,20.573509347301496,-0.85400117258081709,,0.2657815927855384,0.5142857142857142,False,5
0.78347517766090558,-0.55159546279451277,-0.28619764396954983,0.60513099116875724,0.78197228040611466,0.14945178554831651,0.14136169748673613,-0.29027882819966339,0.94644338044211629,-19.903248714967681,-12.829071343019168,-3.506378707543981,0.3276250072760337,0.3428301467156125,0.5138888888888888,True,4
0.44015678653852502,0.8958361837122254,-0.061151739272041525,-0.88919555554429919,0.44433875752422636,0.10906114139368009,0.12487300454599817,0.0063718532424371921,0.99215227269906126,-13.614739803517425,21.232538238459743,-4.5773212171630187,0.215203280416519,0.2094730727279289,0.7272727272727273,True,4
-0.29191487606588512,-0.93008147767862404,-0.22301154680999294,0.95046142923219046,-0.30813221982521993,0.040958596747005055,-0.10681187515131646,-0.20000744982307292,0.97395494933899807,-19.414106801437189,15.610725675119475,-5.3109972934378877,,0.1838970781564028,0.6440677966101694,False,5
-0.039481065955587077,-0.93990170391544381,-0.33915487967572766,0.9977265435623599,-0.055634215372735239,0.038033910540047448,-0.054616752943751672,-0.33688220650059097,0.93996137646244582,-23.18816159421581,9.1664237727011013,-5.7311897407921997,0.3909575309791891,0.322614345327807,0.3076923076923077,True,5
0.76506976801426474,-0.61171705913386143,-0.20117278552334147,0.63568029437211659,0.76734506138813008,0.084214726207635413,0.10285335880553154,-0.19231171656419679,0.97592898832576624,-10.687849601486253,-13.127828522586347,-1.9731654438922788,0.4233478363704322,0.4066221610498582,0.8194444444444444,True,5
0.49840067694864576,-0.78617846659624835,-0.36540413773998731,0.86659121031728714,0.4638529668049543,0.18401113930156957,0.024828198040762715,-0.4083672903730341,0.91247998155325849,-19.627421866452469,25.454800381906427,-5.8348523601509799,,0.3750334376642114,0.4571428571428571,False,2
-0.98172165246082888,-0.073582225160175985,-0.17552279974424498,0.073873734723675644,-0.99725565456969645,0.0048816745840127643,-0.17540030902925213,-0.0081740791068701298,0.98446326291192765,2.9999268058923998,1.5497726621840386,-0.50307884881684706,0.1760319432913247,0.1330114160561226,0.6062992125984252,True,5
-0.36795258638320516,-0.89182991822125568,-0.26315450051135053,0.92660375002354611,-0.37528758659224459,-0.023763791618138096,-0.077565357062361312,-0.25258389559755612,0.96446098473113517,11.806470646900827,6.6324351782748394,0.97687182162806385,0.5990042214853802,0.2648003965727888,0.8222222222222222,True,5
0.84104796539458138,0.51546280268055678,-0.16412318226972702,-0.51269392452056139,0.85631898619562608,0.0621508941255196,0.17257827112745538,0.031873075370947447,0.98447998831924355,-15.374736759455807,6.3462233750297177,-4.1322350942844661,0.2750801626353084,0.2368847725129465,0.8315098468271335,True,4
0.78465422033967192,0.60007778044192184,-0.15564193497588719,-0.59622826894416825,0.7992425176648017,0.075652159709228534,0.16979283204830103,0.033437335072136934,0.98491235082533679,-13.870195473107083,-3.6360169042530357,-3.1978721189320964,0.1593018050210678,0.1356266746120272,0.6788321167883211,True,4
-0.7444984497660867,0.6499580647524843,-0.1525666161357046,-0.66078761150767495,-0.74999588098095993,0.029426365551601375,-0.095298430070363663,0.12272201340753797,0.98785500790921976,-11.717710684364306,-3.2742334194393856,-2.8598672393039868,,0.08297821029575905,0.4518518518518518,False,4
-0.9765110770778207,0.12165647533428123,-0.17783649331212875,-0.12904733116067382,-0.99116751258528268,0.030557295623332138,-0.17254826184178962,0.052788862506628675,0.98358549873950174,11.099627474983672,-5.5730621480626743,1.7486175365207342,0.2272889013511717,0.1709566411130796,0.2564102564102564,True,5
-0.81859953371805638,0.56721376959720715,-0.090351220112992431,-0.56530201029647531,-0.82348630279943313,-0.047999440168436526,-0.10162893560076044,0.011783407022004144,0.99475258771596542,-0.15786641653623454,-3.7414469568062465,-0.69669485897117911,,0.111187700675673,0.2098765432098765,False,5
0.5717013686468474,-0.76812487325754186,-0.28834306679787836,0.8174693797239263,0.56326890645249728,0.12029942742002675,0.070009701478437422,-0.30448697526641788,0.94994016842746842,9.9471147914273477,-10.824871728565098,1.9108951538529908,,0.2587032511827866,0.3928571428571428,False,4
-0.94474999941075266,-0.27153235288278404,-0.18362358223093889,0.27312324198272536,-0.96182761938408978,0.017068253536325677,-0.18124881600228096,-0.034026635565009324,0.98284843936890776,4.2556269940716369,-4.3773960235550389,0.31743869661063862,0.1778528423497866,0.1118958783611361,0.3888888888888889,True,5
0.95473338241790118,-0.23244945913193152,-0.18561093029815504,0.25673811417199516,0.95906333011029099,0.11951179677825494,0.15023218439562699,-0.16175530219140211,0.97532841288700634,-14.659620423898227,-7.6069009268368513,-3.0261630477093378,0.1752120617214026,0.1605222201016589,0.8244274809160306,True,6
-0.70765541596474679,-0.64609786700446137,-0.28597440184052569,0.69090629699174044,-0.71748592590042137,-0.088670372233212252,-0.14789287012199881,-0.26032958415650831,0.95412588612822835,-13.572221886019788,17.380031769260562,-4.4238550162208599,0.4513553555082116,0.457251425122983,0.189873417721519,True,5
0.44293403317684865,0.88389995746634942,-0.15010099081843895,-0.88780817519074706,0.45575041470788275,0.063939061285489582,0.12492432236425018,0.10494010046011772,0.98660097759796184,-6.5586306852559719,-6.3042965981077961,-1.6922838806114053,0.3124141352635058,0.268299801267514,0.8268551236749117,True,5
0.58567418343944966,0.80407868747030353,0.10219205061338482,-0.79742118022486319,0.54899513058481242,0.25044721584188423,0.14527633042350913,-0.2281705742426032,0.96272165077372218,8.8485474045048278,11.850761167232237,-0.091680892748947834,,0.5301650948007397,0.1707317073170732,False,1
0.89914255540994148,-0.39265008365435694,-0.19330953638428761,0.41641298144461036,0.90346384665208967,0.10175119988000805,0.13469556019146417,-0.17198543426359464,0.97584738379824099,-14.859767943935065,21.987014424689352,-4.8389356117498687,0.3824707746998683,0.2395209758968893,0.4137931034482759,True,4
-0.98073959473048966,0.12001525038195365,-0.15409797858385935,-0.11148865914173102,-0.99177552791758228,-0.062861602799964361,-0.16037495506048802,-0.044470685845380456,0.98605386865514999,-17.056742987459142,6.046825459430849,-4.4416208393028391,0.2321565476993945,0.2451978926741051,0.7959866220735786,True,5
0.3251696618778398,-0.89016575395246045,-0.31917020770194088,0.94527407394946783,0.31555316272685485,0.082964610600280958,0.026862913342163237,-0.32868089689443125,0.94405892395731561,-21.112400101136078,10.914413662762987,-5.4185581890770607,0.6252298218554051,0.5514770223566712,0.8307692307692308,True,5
0.42372727545179156,-0.85380825708314134,-0.30243454858010099,0.90529798393878236,0.41019509733193238,0.11034284028074517,0.029845540949647073,-0.3205486581807736,0.94676174480379571,-4.3397496317000046,-7.9001882970196613,-1.1738281034503151,0.3538499319638583,0.3233929002291882,0.158974358974359,True,5
-0.75163961003962498,-0.62943121218375497,-0.19711480347343666,0.64084793512644056,-0.76763092120338328,0.0075294658924041635,-0.15605069901689012,-0.12066116998163257,0.98035149889975959,17.573565775613041,-5.2971869395075384,2.9548501056799337,,0.2744211353240319,0.868421052631579,True,5
-0.51899437359904255,-0.82405713290059701,-0.22710059860815998,0.84385254748260152,-0.53628912674322093,0.017517152854178819,-0.13622671646802909,-0.18254811489752643,0.97371375027145313,-21.407124367307681,21.851241483539905,-5.992653619387732,,0.07531639095629963,0.1818181818181818,False,1
0.81684014769221791,0.57128922151381856,-0.080004990471165813,-0.55721308655973589,0.81728005672482029,0.14685668199454721,0.14928412268131033,-0.075378606129394385,0.98591699267902966,-30.220219600149097,14.054953022484606,-7.3631488955072824,,0.2171535819600695,0.2,False,2
0.5776158414935374,0.80998965028834269,-0.10137408979359717,-0.80382962510159428,0.58601415985889937,0.10220243761231132,0.14218956876206776,0.022453749589676594,0.9895847390014767,1.1249724356426953,9.6986876619431008,-1.5139332301868418,,0.06903912577780971,0.3142857142857143,False,5
-0.20882154184378424,-0.96252190095448431,-0.17304668111509675,0.97385548392506316,-0.22084761632447883,0.053214911377137707,-0.089437464694978375,-0.15741003953611443,0.98347497139590334,-18.16715434035607,1.7327517825983259,-4.3114463873395543,,0.2563286600785968,0.7647058823529411,False,1
-0.47077649783976255,0.87443928423512407,-0.11715556866018739,-0.88125037379707127,-0.47240473627456125,0.015216564260190801,-0.042038883955813053,0.11040698950576493,0.9929969934013011,-13.213233630177571,-7.1460326719497251,-2.7711254069941513,0.2774752979668565,0.1787428647320458,0.5405405405405406,True,5
0.80773833931763173,0.57380028935226934,-0.13532185017817802,-0.56325016203851774,0.81889434751711021,0.11027829599748551,0.17409201635909977,-0.012855953631576406,0.98464546629548066,-6.3936823068390352,-15.536785033342285,-0.9718241617972051,0.4774044854872472,0.4546097903671475,0.7659574468085106,True,5
-0.8034458872454967,0.58005778742489866,-0.13419265820464363,-0.58496376115470483,-0.81105186004849361,-0.0035040615892410268,-0.1108697632541836,0.075682518190205467,0.99094906631791702,1.1180169817704408,-7.3296425997018302,-0.12536636161277162,,0.09151898307883477,0.4,False,5
-0.30390664309808729,-0.89114376271056506,-0.3369028739309145,0.94784498327925704,-0.31848284286921968,-0.012592317907616259,-0.096076219498887117,-0.32315858797190866,0.94145519652652898,-24.684483349853821,-23.418817141417627,-3.4535777555907257,,0.475665878688643,0.375,False,4
0.95368387278211841,0.26904263073360224,-0.1345478860601039,-0.23704215027602712,0.94752301112966308,0.21450212673140001,0.18519743461456889,-0.17267369871442145,0.96741185850932365,-8.7967239178120007,31.927102297267233,-4.3380759779772387,,0.3483255708860832,0.24,False,2
0.51429606632109459,-0.8384457811642998,-0.18030038328976211,0.85647241344977887,0.51297119037870775,0.057580924280201777,0.044210419203610365,-0.18403594727454337,0.98192474708839206,-12.018280247420764,-0.90090069326597666,-3.0821489262993023,,0.07916650954462835,0.4171122994652406,False,3
0.98207697648948344,-0.069066820702830461,-0.17536985638152813,0.084527909112038141,0.99301869312312929,0.082273371689627783,0.16846318538607111,-0.095622431395754146,0.98105886968292721,16.647017672211284,4.7117195750332526,2.0937307918437522,,0.08009603587073057,0.4444444444444444,False,2
-0.71147082699748865,-0.67543439799750371,-0.19390109936062311,0.68370066115983086,-0.72910043359382792,0.031079955966847175,-0.16236584696640669,-0.11045782785769784,0.98052863293421444,-1.1071334488549149,10.54930051468504,-1.9731887701068851,0.2219321634787779,0.1871532731814942,0.6612903225806451,True,5
0.95401359229733307,0.27437824685627493,-0.12072548763212329,-0.24006131613940804,0.94050134405658825,0.24047408658972969,0.17952334167275324,-0.20043402774934863,0.96311866886423703,-24.430617269796883,16.556836275045494,-6.2831483085413176,,0.3194706553509665,0.3508771929824561,False,5
0.94745748965231413,-0.25937797309864469,-0.18720943451913008,0.29005249647578957,0.94339223546549578,0.16087460754132543,0.13488459730412461,-0.20672241565600016,0.96905726779971613,15.684700930317176,-10.748813956654237,3.0007445396564014,,0.224486170789045,0.6470588235294118,True,5
0.97140666720492652,-0.16583133628591637,-0.16990896037421149,0.18839183960854211,0.97390731685667686,0.12654269217121425,0.1444908359679859,-0.1549338764720507,0.97730133134188268,-24.271146710135909,-22.040929413146241,-3.504601498507828,0.4555464202439318,0.4226753987239577,0.9375,True,4
0.45313110710609661,0.88270620361338992,-0.12450685874777762,-0.8816707098521146,0.46439540372603377,0.083628155468132223,0.13163950456329984,0.071879531861094609,0.98868820855604334,-0.73910494885397493,-12.99419515978183,-0.046370363598255887,0.198443798595654,0.1411412159021966,0.48,True,5
0.13046694182117685,-0.96691469377246886,-0.21921302894381225,0.99081977376785968,0.11925782245996257,0.063669048153037519,-0.035419669710987103,-0.22550730974626762,0.97359740152106189,3.6706009978033909,12.223739729536209,-1.1962006741241231,0.5469948115848908,0.5057841980131125,0.8238993710691824,True,5
0.24765722830462417,0.96319144192848161,-0.10453776094887131,-0.96508184650380568,0.25475854656529379,0.060951722705297175,0.08534006572106477,0.085792360660324266,0.99265137084227761,2.6288059791127609,-3.0032761227906986,-0.10889856126258335,0.3157222142536849,0.255791495679313,0.8208955223880597,True,5
0.91253183359153267,-0.35420278239846342,-0.20451415995784278,0.38857407877054001,0.90684830638295399,0.16320641690201459,0.12765515261712512,-0.22839995217064915,0.96516196768145779,-18.519625343447814,24.904010301429164,-5.6326198416074709,,0.3966992861256191,0.2380952380952381,False,3
0.98734234494216377,0.0046629234915756615,-0.15853501515003601,0.028829428509732954,0.97763955829178983,0.20830208379859683,0.155961398864952,-0.21023594175960292,0.96513050457258964,-2.3231809919736204,-1.5074157000207156,-1.3118442084409159,,0.1618197537034808,0.163265306122449,False,5
0.74056987281645104,0.66672947221853207,-0.083833611110479336,-0.64984798169596536,0.74233824529332637,0.16319169789087079,0.17103761037358278,-0.066375751973313385,0.98302614176209546,-0.1448108232277471,8.4641739400230644,-1.6924189288324649,,0.1756361457689765,0.2340425531914894,False,5
-0.95529533137029554,-0.23225972887982252,-0.18293782605788902,0.23673623871431332,-0.97157016743632763,-0.0027134898460262971,-0.1771066998775449,-0.045900197041147589,0.98312073967039637,-20.371287265743387,19.207514733863366,-5.683559187187381,0.4588034875703316,0.3660552943066957,0.9411764705882353,True,5
-0.13930239923449123,-0.96204440856766948,-0.23466017453159765,0.98754798253191955,-0.15245882551261011,0.038798050472329787,-0.073101462123902505,-0.22633352042285074,0.97130289496549371,-11.836369637294275,-13.776016246459211,-2.1212447175735405,0.1934283226805916,0.1188046872142108,0.56,True,4
-0.72895748604426824,0.66747691181845892,-0.15197222025526153,-0.67862208633021648,-0.73377752635448623,0.03228940634195105,-0.089961366623928091,0.12666930964675127,0.9878571954026405,-2.8881249983258659,-2.8741292176514706,-1.3627899421885443,0.3978727301862749,0.2352128840957196,0.8876404494382022,True,5
-0.26096017315165287,0.96496918287702294,0.027097308469851339,-0.96462540326097057,-0.26174871533104327,0.031391741050136659,0.037384748391150045,-0.01794675793004169,0.99913977724216918,-7.5134611597085197,-2.1736789829653391,-2.2063034373854311,,0.2356265084418499,0.3717948717948718,False,4
-0.39438830943714492,-0.89151460134220495,-0.22284428862539579,0.91444596795637167,-0.40470740434669067,0.00069896730767609466,-0.090809873183722897,-0.20350339668077308,0.97485380158859825,8.6960776459752864,-10.971298584612628,1.6907703970689443,0.3619513673049618,0.2573057668599006,0.4333333333333333,True,5
0.10004014817914331,0.98750644373181073,-0.12174971187008241,-0.99372170847850061,0.10532272696235527,0.037739757336052684,0.05009126521526501,0.11720984077015982,0.99184309161064821,-9.5352619504560767,-23.930241601565235,-0.79476845106512439,0.3295919150921084,0.3770747332136279,0.8235294117647058,True,5
-0.44010284228679392,0.89779052427160078,-0.016782810825703653,-0.89791317228256873,-0.4398460776369571,0.016951785417461833,0.0078372988038739044,0.022530035852386665,0.99971544663066525,14.854317165538991,4.2308753297404706,1.7703778844505027,,0.2375327153967577,0.2222222222222222,True,5
-0.52383036916737624,0.84803008489472242,-0.080291465620082755,-0.84994609155614054,-0.52660244534118139,-0.016778140812663669,-0.056510050313301738,0.059454517693263792,0.99663020952580494,10.363071253070908,2.8989257993747226,0.96949175417523259,0.4394627222001625,0.2489540159109517,0.1739130434782609,True,7
-0.96444312640742336,0.21573251380155964,-0.15267265116691495,-0.2134109938017659,-0.97645029421053542,-0.031631798252727591,-0.1559012625029613,0.0020749518111322154,0.98777046469560104,-34.24239089767957,30.557858770404891,-8.5441550068136625,,0.2726606179965879,0.3333333333333333,False,1
-0.9741267699353291,-0.10050625210221553,-0.20242413241441645,0.1136300499370537,-0.99204027572368092,-0.054261432835734022,-0.19535927888550883,-0.07585897857505125,0.97779351988182273,2.1536374421965454,1.3714127009941082,-0.66155925853366404,0.3945657021934272,0.1414618504493169,0.1696428571428572,True,5
-0.33470474505746178,0.94106439948884812,-0.048688085305472223,-0.94232299548294152,-0.33427549951899671,0.016948823126743083,-0.00032529997829906787,0.051552753913042204,0.99867021971414849,7.5797048592934795,8.042558982550533,-0.079282463827606994,,0.08990355000850862,0.1818181818181818,False,5
0.44526277246689477,0.88866693440858702,-0.10959992310188846,-0.88601201958512188,0.45495969521354646,0.089411279388521753,0.12932039516561053,0.057295335063532904,0.98994620054534765,-11.061348888583407,2.084671233091151,-3.1805633989103232,,0.1144733460473261,0.4826589595375723,True,5
-0.98245396000791962,-0.049787198657191237,-0.17973717287925556,0.065205543802674071,-0.99458567276579668,-0.080917096996904497,-0.1747353814261885,-0.091217182476100792,0.98038103413875122,10.528881339420108,7.0303118068902011,0.647378827200768,0.3377066650928405,0.1598421785114572,0.1176470588235294,True,4
0.6431941273260865,-0.73591555184771495,-0.21149377088204632,0.7622590043384444,0.64156005543754269,0.085801547608076206,0.072543262114395199,-0.21640008275333594,0.97360591581304179,5.4394398064530822,-9.4044602684182035,0.89415247315799873,,0.08545794447420488,0.3636363636363636,False,5
0.71345863682852206,-0.65261877402207902,-0.255079417689281,0.69654426133241698,0.70014222292504658,0.1569297922080099,0.076176541925068689,-0.28963702020199372,0.9541003778370728,0.87180398497855494,-16.808507532617309,0.58832438103840379,0.5652613383891143,0.471877618109758,0.8378378378378378,True,5
-0.30567761350708583,-0.91625575449811913,-0.25891425018660891,0.94581065555166921,-0.32349524372647759,0.028160808427094803,-0.10956003124102004,-0.236275727986241,0.9654897098980586,19.993168882579155,-7.7118170236657759,3.5917285494085798,0.3857519638029693,0.327425671439124,0.3548387096774194,True,5
0.84026106844626458,-0.51120856873495757,-0.18062983171529903,0.52918105967874407,0.8457811722890286,0.067982458610124266,0.11802009545337055,-0.15270889906404223,0.9811988836193325,-2.9424697189433169,-9.3794453628014214,-0.77262794368187204,0.2027262626882059,0.2023488943221116,0.7142857142857143,True,5
0.10829213741850764,0.98980179020298842,-0.092548522863902041,-0.99144018953362778,0.11436118365715726,0.062991033092479207,0.072932595942108949,0.084934891437459858,0.99371369149551914,-20.394350289057801,2.8888755064396316,-4.702883902055575,,0.3895284848639186,0.2916666666666667,False,1
-0.38441034946458869,0.91173076798425112,-0.14482986548139914,-0.92307056872720539,-0.3818243633880673,0.046377588045637227,-0.013015697220908569,0.15151621112654795,0.98836907549341535,7.1773815587983973,-12.675693073537317,1.5065031830211888,0.1872447089356711,0.1964164357180504,0.9285714285714286,True,4
-0.97768453527728605,0.14802085060081258,-0.14907306016530897,-0.14765239162839902,-0.98894583114007928,-0.013598320376887699,-0.14943801633470571,0.0087161263225430004,0.98873267793467745,-14.11601086436775,-9.2314469364417953,-2.7987462983826781,0.2082672473320993,0.1492010765579293,0.65625,True,5
-0.93010311480528951,-0.30316516533832949,-0.20736219123765356,0.32169444658175594,-0.94483982577012926,-0.061566116307017464,-0.17725935481084107,-0.12397010189579893,0.97632501502726499,-0.33013399237193841,-6.0152135614058384,-0.50761688289014306,,0.07863912088757241,0.3333333333333333,False,4
-0.6993943867126815,-0.66824505541514267,-0.25356663374349053,0.69617420823062581,-0.71724623496490747,-0.029988501515190044,-0.16183004550840893,-0.1975003401057282,0.96685296298292844,-5.1597205523686673,2.9710506993893273,-2.2295697594155355,0.1622277373504803,0.1586065798587616,0.5293532338308458,True,5
-0.97148587596225411,0.17123534909587587,-0.16399282919038435,-0.16397466814364481,-0.98482013793124279,-0.056935087005034697,-0.17125274016212014,-0.028420963127642508,0.98481711390585802,8.0906383834990638,5.6788443262401893,0.26042402520610508,,0.1237203418486137,0.4193548387096774,False,5
0.60716479847871874,-0.67941179980240707,-0.41200790499400791,0.79213438977772666,0.55818608277110238,0.24688338447963892,0.06224159396871265,-0.476264530791352,0.87709639190360822,-29.401626277272381,11.675781081791106,-6.9482371402715462,,0.5881555861857863,0.3888888888888889,False,1
-0.75417934538764886,0.63797846059092134,-0.15555384538061112,-0.64967848197815403,-0.75938569587708815,0.035372799604098705,-0.09555828088249832,0.12773742098268764,0.98719388482479598,-22.196617756906779,24.030093262623478,-6.2235507448601766,,0.08044682923670884,0.3043478260869565,False,1
-0.96707522041819394,-0.15225746746842792,-0.20391954701107445,0.18194245577027143,-0.97390329692924771,-0.13568091619172012,-0.17793948645925678,-0.16831527509540636,0.9695398430844262,-10.72610313428318,-10.824235784377965,-2.135015192516601,,0.4260764959814336,0.196078431372549,False,1
-0.47930068078948052,-0.85399117209473374,-0.20241031440863613,0.86722476618634692,-0.49628240410513719,0.040311044251686648,-0.13487795337925521,-0.1562141266335661,0.9784707886964924,11.477327789488601,4.2298421235974715,1.0927175258136879,,0.1062015706209755,0.52,False,5
0.87961451607983709,0.46064748012802281,-0.11866845475245688,-0.44232270551246167,0.88384092984431906,0.15223611568896733,0.17501122046820108,-0.081419345266535256,0.98119415149428946,-29.749419417531126,12.350861742424701,-7.0672710786822996,,0.2113253177042709,0.4705882352941176,False,2
-0.23152518221000148,0.96079037393281486,-0.15257112230256928,-0.97276788985627427,-0.22688919620005416,0.047370086682026719,0.010895983993884209,0.15938365664563389,0.98715658713654408,-0.35204885958840282,1.222075821923243,-1.2540089056043766,0.2016991049118595,0.2000227597905439,0.8780487804878049,True,5
0.95575394145343928,0.26637920645062912,-0.12480593642511002,-0.23287524780147714,0.94436427279021495,0.23226114448785717,0.1797318067499912,-0.19292029091866342,0.96461299959840985,4.501338588650535,22.642231781256367,-1.5034094480018743,,0.4741436191946035,0.5882352941176471,False,5
-0.85626452360650718,0.51437669395930508,-0.047198329678247455,-0.50208967030992002,-0.85029248472088059,-0.15782475533092605,-0.12131376088885036,-0.11144194514941874,0.98633851404085227,-14.86854319818179,5.1961331740520382,-3.9603679395504034,0.5240308569045805,0.235869552112901,0.3428571428571429,True,4
0.5009779698132325,0.86036304915194051,-0.093789644501882583,-0.85752322572068373,0.50810312530517832,0.08053031357635293,0.11694011763038098,0.040082885488546216,0.99232976937080086,-22.405425646568567,-12.552183404013171,-3.8788127172001357,0.5270319145270986,0.4088309987259149,0.918918918918919,True,3
0.16953360370696732,-0.95351774472965201,-0.24912299713155323,0.98525934122151571,0.15812117954482249,0.06528187432281321,-0.022855803417830806,-0.2565182314476554,0.96626911840599217,1.9120455859856578,5.2985761165809544,-1.0622565883082147,,0.08393012466269287,0.2280701754385965,False,5
-0.097602150792851741,0.98690272485275232,-0.12843999314396595,-0.99484245793401616,-0.093168363464634807,0.040101620180827358,0.027609854262836447,0.13169156285629807,0.99090616519428854,1.5845320502086995,7.9371251362022557,-1.2901077682441062,0.179243376227019,0.2547551392127698,0.2972972972972973,True,5
-0.37395660298491801,-0.86038215044250321,-0.34626437050888403,0.92130101462495861,-0.38752484184189551,-0.032077054204460151,-0.10658752054064463,-0.33100914210237042,0.93758842159534506,19.060590833627682,-6.0053560833793984,3.2942064187737246,,0.2631296397324074,0.2068965517241379,False,4
0.82534295603465602,0.55709401571246175,-0.091952501767701117,-0.54986510949157685,0.8300289805197486,0.093275145999150683,0.12828626694931838,-0.026422512270981732,0.99138513432343633,8.1758545516574728,2.4366631485959256,0.5280810816629341,,0.2207948403722204,0.4081632653061225,False,6
0.69074036338048395,-0.6957469304915449,-0.19701258616796624,0.71917847958431447,0.68934865054757211,0.087067516853502461,0.075233402819429612,-0.20182826040927648,0.97652715702143922,-4.2673739484633835,-2.1501172383994462,-1.6433266558791177,,0.09263666966107262,0.2588235294117647,False,5
0.8206112752198792,-0.53688986238064929,-0.19582239569286033,0.56169313987625991,0.82088544842243105,0.10318864852420895,0.10534681579408062,-0.19466986474848114,0.97519520720769337,-5.0447633442024102,-13.131237764752392,-0.90196403461372088,0.3554444515399234,0.1866040543866227,0.5645161290322581,True,5
0.91583598748430295,-0.34082545131350289,-0.21232629551141133,0.38479819016939976,0.89604404488254741,0.22143943296729857,0.11478151798528635,-0.28450497599773406,0.95177839950354137,-0.73146988797393564,27.415078245953826,-2.7300194338373012,,0.2799884489078049,0.1818181818181818,False,4
0.055244726289829453,0.99665478525136386,-0.060226732044171519,-0.99606492042737649,0.059197727311170151,0.065956829632702205,0.069301475533835366,0.056345968061175034,0.99600323160724868,3.2463137415062535,8.2766392301266585,-0.93616604122068003,,0.09146941210482731,0.1333333333333333,False,5
-0.57099600429794928,0.81594618852008083,-0.090528340950931999,-0.81864970582179508,-0.57417584886262485,-0.01160834789155802,-0.061450974228758434,0.067482679425435579,0.99582622266332155,-15.615484516592327,-15.716576035512386,-2.5197887349570287,0.3115497826044721,0.3472625791889395,0.6341463414634146,True,5
0.4392880202981847,0.89674554654164018,0.053604663791847668,-0.88995939945917613,0.42627682567459385,0.16205040946278082,0.12246755707845536,-0.11889277795781894,0.98532543091747526,-27.108693645596553,8.0634859461908217,-6.3116822341419088,0.5494282016884936,0.3407085621452279,0.3448275862068966,True,4
-0.66763264115715903,0.73034962404243442,-0.14441635337658695,-0.73583534753555724,-0.67683002736341269,-0.02115314105441321,-0.1131945130240069,0.09214413014575093,0.9892908882128354,-8.0740168990951666,-0.78839364149096525,-2.4102048410174457,0.2755141208854401,0.2148232697507364,0.7210982658959537,True,5
0.15685490132593072,-0.93774853020330406,-0.30987777272914302,0.98691714450625001,0.1369786289266989,0.085037668694471061,-0.037297316386858598,-0.31916226173986106,0.94696587101723673,-16.549063102366386,13.93379489170597,-4.7574056749596751,,0.263156442958134,0.203125,False,5
-0.6653208892714646,0.74628014806282295,-0.020348339154737854,-0.74283866920746433,-0.66447790158273734,-0.081607780500899035,-0.07442328821752342,-0.039179827916041035,0.99645678042520169,0.87534162124091375,-3.5775959169998011,-0.49860954557351372,0.5955041882454838,0.6660641546513718,0.384297520661157,True,5
-0.49001747740209473,-0.79220271867995884,-0.36372754137756591,0.85864773384573057,-0.51061794160242902,-0.044647361347443369,-0.1503560474409939,-0.33419181652126018,0.9304347848012462,-2.4401723856451603,6.0808552081331584,-1.9656697647085757,0.5590362378345146,0.3745842045501819,0.2352941176470588,True,4
0.097478131174724508,-0.92234073743728062,-0.37387909543907016,0.99453643653887591,0.076174921382391708,0.071376871246514026,-0.037353585359884714,-0.37879406729256015,0.92472685926424869,-17.821659796389287,4.4597806700010061,-4.4656344186466059,,0.2196556050394718,0.35,False,1
0.94377857218683425,-0.25165812488712436,-0.21435996561689866,0.29568773694955319,0.9325905084706082,0.2069872115087916,0.14782005580648844,-0.25873370806454626,0.95457115995222575,-13.092378494046201,33.097067935456863,-5.0608769895621268,,0.08475263140165479,0.3636363636363636,False,1
0.91277287216297553,0.40637250317054063,-0.041316734022200791,-0.36733974973368794,0.86089146911951431,0.35203321812413685,0.17862584389987909,-0.30614909286841496,0.93507515250214113,-13.278876463281071,26.920987282614828,-4.7857379389785555,,0.1417006128226762,1.0,False,1
0.98130365526227725,0.089607570263020436,-0.17033384725430051,-0.050849298617208959,0.97426687030252446,0.21958691732674337,0.18562727439423182,-0.2068200879568568,0.9606081231274729,4.1153197216309287,-16.306324664441934,1.2666054692887672,,0.2922004052996452,0.5588235294117647,False,5
-0.022746301998457664,0.99828976723338481,-0.053853007181669243,-0.99908441680033566,-0.02074601090939002,0.037415653650313963,0.036234429098962524,0.054654768030442086,0.99784764492351752,0.80465217637225284,3.1176354631543997,-1.0875138386111842,0.3416875357427667,0.1703412303363831,0.1906976744186047,True,4
-0.022169499871428758,0.99314013540708768,-0.11480934073080715,-0.99875010780484452,-0.016855116574095632,0.047054513121333158,0.044796600711022587,0.11570901645449033,0.99227248680786861,-5.1402098059182464,-14.663806349752662,-0.83737039147333669,0.3759731138553505,0.3659096458818127,0.6964285714285714,True,5
0.54308782710600945,0.82406336552660808,-0.16116817814393405,-0.82798199607740253,0.55748905773905799,0.060429832640006557,0.13964750703451584,0.10062564334293189,0.98507515128586376,-1.3154525399768593,-1.761799367925978,-1.0729734220532257,0.1493650891238073,0.1352234008395053,0.688659793814433,True,5
0.52948474835176196,-0.80468836664335519,-0.26855638858854569,0.84698971651445631,0.51918320827678666,0.11426817738191683,0.047479694413860685,-0.28796775658443707,0.95646236192863032,-25.54158605709511,27.444916975919021,-6.9314284077630326,0.4166704995832577,0.4305021382993607,0.6,True,5
-0.98586501780961033,0.071708469705187808,-0.15142015067948345,-0.06443228848688963,-0.99654376953594592,-0.052430864950237556,-0.15465654483273428,-0.041933408776630397,0.98707798190860918,3.1347281137158811,-4.8821347111057607,0.073801139729307977,0.2081140924758801,0.163631963267736,0.5844155844155844,True,5
0.9366451790701561,-0.28173683368383262,-0.20813496839897816,0.31972739022747965,0.93035592694224678,0.17947770095963964,0.14307412226870395,-0.23465337361572594,0.96149237635448703,-16.587390951546187,17.383435079272598,-4.9556867582839095,,0.1505266153071171,0.3469387755102041,False,3
-0.55626791716215895,-0.79178809284089824,-0.25226498046983581,0.81857096925267736,-0.57440140699923226,-0.0021428798461804316,-0.14320465297191307,-0.20768880488046471,0.96765582088597935,-20.833241925279307,14.914329136274789,-5.6208782605657852,,0.08512764396196648,0.3333333333333333,False,3
0.94016925186757905,-0.28420359985910026,-0.18790979663094565,0.30902842516491069,0.94357077291351799,0.1190614502829509,0.14346849927022359,-0.17000738316471087,0.97494321854487254,-12.299586994209987,0.53895450829955416,-3.2587371112821319,0.2624132664083789,0.1622749633714868,0.3130990415335463,True,2
-0.97603656551792983,-0.12665773535006417,-0.17694756525015251,0.12370838604074477,-0.99193339489808008,0.027647338193101906,-0.17902194836152896,0.005094915304772147,0.98383188799859445,-11.260783532921529,-8.6564449784668867,-2.3582028079492585,,0.0826884457547798,0.3043478260869565,False,4
0.97735151154118316,-0.06530909512122679,-0.20129268487108898,0.13570154462360887,0.92329521860083408,0.35932023335126184,0.16238569418188192,-0.37849790145162648,0.9112465225841927,-17.96726176684869,-18.214097262123719,-2.7228725929783413,,0.760486084263264,0.2857142857142857,False,1
-0.75731836366176342,-0.62447775449732645,-0.19104038891984415,0.63198448164449339,-0.77452793366816464,0.026497073956639028,-0.16451295092244106,-0.10066784047400357,0.9812244773104114,-7.2226969352388783,6.6965984458495864,-2.8099052019166777,0.3686176607705267,0.320671037897571,0.8977469670710572,True,5
-0.36158648067670579,0.92760445555596183,-0.093835979371242065,-0.93230949630137894,-0.35894435838851135,0.044248736561930103,0.0073634297784002864,0.1034839195903684,0.99460387003475448,3.8794689447105952,-12.438563171418989,0.82295678467718125,0.1577723366566527,0.2042094310571915,0.1132075471698113,True,4
0.76568317644514239,-0.59592505481035019,-0.24207974379976194,0.63785794504534699,0.75196001182807404,0.16641328839383601,0.082864439003738743,-0.28183234317729416,0.95587866127861221,9.5409425636603977,-15.750743583945086,2.223795001724779,0.3491158381975025,0.2792996893204434,0.8181818181818182,True,6
-0.73903891453225601,0.66055796842948955,-0.132229547194609,-0.6711181360948435,-0.73896943786774483,0.059368487449261251,-0.058497266701690975,0.13261726977183502,0.98943960378928442,10.420113199947602,-20.684382634037814,2.7433560489599773,0.3459733330029319,0.3872491039459763,0.1538461538461539,True,5
-0.98309126334602004,-0.073342670779186867,-0.16778683075767004,0.073136097544448705,-0.99729437622586337,0.0074187859004022083,-0.1678769762912595,-0.0049779304176468132,0.98579538497604147,13.872283167264898,-3.6154701351543594,2.0930139486770467,,0.07997835955352099,0.2857142857142857,False,5
0.10520462068275635,-0.96084630140267691,-0.25633254352070473,0.99434079161308397,0.097807962877315774,0.041472792672492986,-0.01477761554728392,-0.25924503366233703,0.96569852158950242,-22.455570390261634,-15.236284976343535,-3.6929805173147492,0.3245156112327057,0.3031418704876933,0.813953488372093,True,3
0.1666272337558744,-0.96620153077997739,-0.19669765349209029,0.98570773955334512,0.15820665893617181,0.057887004179602727,-0.024811633471030655,-0.20353195077599734,0.9787538647984062,10.678224122152404,-2.4179633407097656,1.4086406047747102,0.4147697554344434,0.3235739180623456,0.9273743016759777,True,5
0.024357375951752226,0.99880372693739838,-0.042400864292017892,-0.99821568890453827,0.026612205944621613,0.053453053417006464,0.054517489501858987,0.041023231841557317,0.99766975387033296,-27.893948434875401,13.330009754732407,-6.7636144161987373,,0.142623148742986,0.3103448275862069,False,4
0.78013367637191344,0.60620984087474794,-0.15459972773926947,-0.60185287527438713,0.79468541791680214,0.079045575931558656,0.17077635525562812,0.031380174904094671,0.98480999238868028,-8.0083357699954938,12.827945973657897,-3.2275629655707099,0.4966310046025162,0.4695161227520726,0.9394673123486683,True,5
0.83765925494390203,-0.50667811195122048,-0.20397123198228884,0.53087840783649731,0.84308169484963691,0.085914910827218527,0.12843320715380402,-0.18025134307130608,0.97519965372285589,-21.329684629490725,11.88980774072505,-5.469816421238515,,0.07354031074295296,0.375,False,3
0.90855256511632521,0.39586518199767956,-0.13350278687162931,-0.3761345090683027,0.91418284738036226,0.15097202602960044,0.18181052639628578,-0.086951016310791454,0.97948172686070456,-2.2626446761192005,19.684754085774617,-2.548992390289917,0.1889821957980292,0.1488953385568502,0.53125,True,5
0.65495291573576675,-0.69789227822482458,-0.28979828530096968,0.75269629574954056,0.6364829916024437,0.16833801640070661,0.066969877811882503,-0.32838357053142642,0.94216732381827695,-20.16198983591865,22.726886488683338,-5.804227101540298,0.5984678644299152,0.5476988958089237,0.6186440677966102,True,5
0.069827469969730799,0.99376136092706768,-0.086962531966405618,-0.99508789359030969,0.075521611522357299,0.064004454712670814,0.070172704576826117,0.082066093616352559,0.99415338243699836,-17.879002722160326,-4.347051633660822,-3.7875961475010547,0.45685684107612,0.4187475434922134,0.9403973509933775,True,3
0.36381229513623392,-0.87445773723013365,-0.3208804757321051,0.93128106738178473,0.3484533681413195,0.1062818129654117,0.01887292886519075,-0.33749654224795589,0.94113755451938286,-4.9131448660505157,4.7935860038826661,-2.2878685978794149,,0.1219637025021536,0.1307692307692308,False,4
-0.92928214820630972,-0.29752507461238797,-0.21889156905180174,0.32305758639857113,-0.94198100331578716,-0.091134983746711196,-0.17907675699374409,-0.15540469545376212,0.97148386282816213,-16.753488681652058,8.2143040818214139,-4.4967766370679607,,0.3592386957817482,0.3023255813953488,False,1
-0.14548033414427108,0.98701562197209536,-0.068085493023900573,-0.98889821261893074,-0.14296256374010555,0.040521974877091575,0.030262145600644295,0.073224772801919039,0.99685622593820011,6.739742882846997,1.5115031915893218,0.28174054209847244,0.1584814357344649,0.1473590475126017,0.4266666666666667,True,5
-0.89559014023451999,0.43323026298167777,-0.1011426712695439,-0.42214234354654445,-0.89931553898606742,-0.1141376498935826,-0.14040706000676803,-0.059523949591949177,0.98830296818598629,5.5476283854274593,11.21416144722736,-0.7725675809293292,,0.2854270052813581,0.4102564102564102,False,5
0.96751629865439315,-0.16149738261099672,-0.19450143250860497,0.19796933346010279,0.9624744036476458,0.18561025115135804,0.15722708051561843,-0.21808626213703802,0.96318120175781519,-20.664371999476018,-5.0331565938266687,-4.1630750187869081,,0.5822974636054761,0.5921052631578947,True,2
-0.39366794292564783,-0.88174812586620088,-0.25989573533271171,0.90995745969517461,-0.41389279535617995,0.025887748016234294,-0.13039544569421702,-0.22630288660043532,0.96528961004380276,-2.076741736450141,9.958645307749979,-2.1037725176282405,0.1481757815960213,0.152034094369771,0.2777777777777778,True,5
0.60650232640502855,-0.7645793014136113,-0.21811331897699796,0.79245984283529458,0.60357134935354473,0.087801046309259778,0.064516087596408839,-0.22609758532415811,0.97196582056769698,2.7961955094454569,-7.3086438272046674,0.17885431316382153,0.1802892626741195,0.08522258558640564,0.2666666666666667,True,5
0.08652437977364362,-0.97597758349993302,-0.19995321505396452,0.99523795888078781,0.075634445694644503,0.061488501585797495,-0.044888048605269792,-0.20432128408488082,0.97787416161912943,8.555691360435258,-8.4819942955654479,1.4369967072383738,0.4638574938235762,0.3110906455773771,0.9763779527559056,True,5
0.25212976392518183,0.95663635543682879,-0.14586797317977304,-0.96285584737347574,0.26305641485800357,0.06090927499783453,0.096639532913502413,0.12509278979460364,0.98742726041955364,4.2002972139759942,1.7393033553938415,-0.27848341412703703,0.1844917566592202,0.1448498896142809,0.5871559633027523,True,5
-0.94100821871467244,0.2980181844477241,-0.16027692925035497,-0.30246368056966,-0.95315442769467029,0.0035155230481376185,-0.15172097497609105,0.051786086012843721,0.98706582710971014,-2.8617581146968294,-19.478559126544837,0.14162824020650938,0.3667369155620683,0.3749097524733835,0.8,True,5
-0.34232383155610091,-0.89417015318050119,-0.28857257581050599,0.93057944915732538,-0.36507115004166008,0.027293666175692399,-0.12975470378680184,-0.25919643625717481,0.95706892347248462,-14.174159691893212,24.731660359883602,-4.8220056501696096,,0.3686356267313249,0.7321428571428571,False,4
-0.78029571728469138,-0.59417295738745113,-0.19518475938612342,0.6035095527659996,-0.79722891967692422,0.014222142980131011,-0.16405734761769128,-0.10669838958585184,0.98066336749795713,-3.7623678813533186,-1.3137490688014981,-1.6124851687475457,,0.2161676665065036,0.3955223880597015,True,5
-0.78005562273811335,-0.57148567508648418,-0.25478883139886821,0.60261972470305114,-0.79576311225604812,-0.060087740608114837,-0.16841227043619475,-0.20041255535398722,0.9651280302752645,-22.998144414534131,15.257098049383808,-5.9951607822620696,,0.4381944325571466,0.3076923076923077,False,1
