axis_00,axis_01,axis_02,axis_10,axis_11,axis_12,axis_20,axis_21,axis_22,location_x,location_y,location_z,dbh,dbh_approximation,score,reconstructed,number_clusters
0.98346745639383648,-0.080887262337657292,-0.16201547150119899,0.12793879032040309,0.94354331039553807,0.30554490232890669,0.12815392364492309,-0.32122153134456621,0.93829275796792921,5.7327464916637094,-4.5012198546249129,0.17489045149216886,,0.06713972144008094,0.3571428571428572,False,2
0.092470092607071813,0.9945919414564991,-0.047287968480706058,-0.98898544484093198,0.097253792831689764,0.1115772811670699,0.11557279898844769,0.036449551021150828,0.99263002088609686,2.2085620753465771,17.383294586459975,-2.6440816449509628,,0.1482038152589616,0.24,False,3
-0.19660099691671307,0.97688811878010906,-0.083890711032949927,-0.97882830539409793,-0.19057978482876997,0.07466253527665502,0.05694906997197291,0.096793331386407999,0.99367391755467149,-2.9684219513792947,-13.108349365308634,0.044523795167934414,,0.08775582034232479,0.4571428571428571,False,5
-0.92362802937759614,0.36501710863986847,-0.1169349124438421,-0.37162189564410097,-0.92752138241593374,0.040015644929456348,-0.093853236630088863,0.08041514509982492,0.99233309650168922,12.922480382818312,-5.0135560666935275,1.3502585552808806,,0.08392094373336993,0.1935483870967742,False,5
-0.95791963926068102,-0.23601699738401244,-0.16335832291169783,0.24058000990479994,-0.9705925498347423,-0.0084475463597560446,-0.15656060664450014,-0.047392817505703157,0.98653063677514741,-10.923775761615538,18.152219629679905,-4.6774842058375512,0.6174996415369578,0.611306945150441,0.9447513812154696,True,5
0.46546081974436382,-0.85032885187605789,-0.24553425209133389,0.88497343780291182,0.44307751193377815,0.14319334063380545,-0.012970723426291741,-0.28394218088497941,0.9587536692227473,-11.184215730466535,-9.9800637124800691,-1.5572080389161735,0.439584956370538,0.5420791863094286,0.5172413793103449,True,5
-0.98467830146283042,-0.0041398884342706034,-0.17433159195059469,0.021804081744661159,-0.99479538481387308,-0.099532529216794965,-0.17301220953316848,-0.10180866209106082,0.97964369628742087,-0.10643933696943655,-5.5422630954603296,-0.55144466437735362,0.5334164026058271,0.3573643829528873,0.2222222222222222,True,5
-0.94002519250536931,0.31982799124110067,-0.11858622801120744,-0.32565505139257134,-0.94491221972583694,0.033010369814560479,-0.10149593567106749,0.069648783417046556,0.99239489217285892,-2.571401828411461,-6.4260233470454784,-0.77837010110669547,0.1798863821496628,0.1391520900589645,0.5798319327731093,True,5
-0.97463353480827775,0.19446186274611293,-0.11078834218649639,-0.19663247689904781,-0.98043678742344509,0.0089092589668550715,-0.10688845520291582,0.030467848695058378,0.99380408951675581,-1.4445702634419335,14.176362030323842,-2.9057902334596388,,0.1305064113017625,0.4736842105263158,False,4
-0.95132608288117426,0.27993003360458374,-0.12891028010247366,-0.28797703488483956,-0.95641698224286653,0.048329943682822701,-0.10976297831645031,0.083100736239731923,0.99047784237080094,-3.8115955009457942,-1.2877716645646902,-1.5899288977079682,0.9622489553600089,0.8652202946095745,0.9997774315602047,True,5
-0.42021917753471011,0.9021304349584226,-0.097859701377936384,-0.90716700541291151,-0.4150910610770937,0.068901634988313504,0.02153757465969855,0.11772888063521027,0.9928121894609061,-22.235838475023112,9.4383476214415314,-5.3775235434877429,,0.08211320053882055,0.2941176470588235,False,1
-0.20768800065935944,-0.95688481633840528,-0.20306930502450271,0.97050041647834007,-0.22755262521751241,0.079679008352182029,-0.12245258673252531,-0.18053047116106191,0.97591706255443578,-20.627473388045409,14.753299904428326,-5.7016024031195212,0.323508545760435,0.4179946210612268,0.8979591836734694,True,5
-0.20874461449138113,-0.91280654309144715,-0.35101267898793764,0.96797020391733712,-0.24403939314371609,0.058978461511623663,-0.13949684673524332,-0.32745837824598578,0.93451144469580216,-19.122073389486932,13.621790423338801,-5.3604766130733399,,0.3412619178179137,0.4285714285714285,False,3
0.69414547266046711,-0.65067049468241567,-0.3078797981919521,0.71861286508638123,0.65129467257533613,0.24374330679493156,0.041923894348202061,-0.39043969678392865,0.91967343674695456,5.021689642754076,8.4236150944323942,-1.3321795830511429,,0.2288254522303253,0.4166666666666667,False,3
-0.24752274594907761,-0.88423952204241085,-0.39604666126106564,0.96136431009031431,-0.27496853349281297,0.013075506620617343,-0.12046224936635713,-0.37750863996340622,0.91813728452262366,0.89116571129747957,-9.4768079674684618,0.074539825552661809,,0.1132990731127783,0.3125,False,5
-0.34082830454652224,-0.89805521317812231,-0.27808793735712545,0.93161244960271716,-0.36234520660327241,0.028358332053499351,-0.12623117905322684,-0.24940486229267722,0.9601369194545134,-33.526115953627958,9.3941964191110952,-6.6469850049369681,,0.5220275364193138,0.4545454545454545,False,3
-0.9820937862936624,0.14564787379789118,-0.11949264321091703,-0.13943505851973773,-0.98848106645147871,-0.058847648402842082,-0.12668725026211314,-0.04113244613563305,0.99108953303721448,-3.7775680998535317,22.775990309384756,-4.0517606404777844,,0.2130157819199726,0.3636363636363636,False,1
0.76418165293704643,0.63271382520536401,-0.1252981113520929,-0.62357772516397025,0.77437643934002265,0.10720051713680337,0.16485515458648328,-0.0037875571370285938,0.98631051521171675,-9.5896700109241575,7.3700998440266003,-3.4872392818093605,,0.07804583226940179,0.2409638554216867,False,5
-0.97792742537432642,0.17519633552201586,-0.11386041770693979,-0.17223417789208492,-0.98441868000240607,-0.035429513518509662,-0.11829344304135887,-0.015036837499216905,0.99286482204348625,14.010370154746369,-3.8129645671155448,1.4084769729895443,0.3909409275697115,0.1754324927178189,0.2448979591836735,True,5
-0.70251690419831203,0.70322981743705781,-0.10926034588569929,-0.71062036295791131,-0.70149078057613445,0.054123788820189034,-0.038583663190354264,0.11566550321564492,0.99253855960395088,-21.54063463251779,12.561010045038481,-5.6352530775800309,0.2102495912781714,0.1496514628284786,0.6086956521739131,True,5
-0.81490408109491974,0.57607281582092462,-0.063807910849652677,-0.57647892875401918,-0.8169970080733302,-0.01370888404821044,-0.060028187690991136,0.025612490534495935,0.99786803587005279,-33.46174047335294,22.434825692491639,-7.8414352875770996,0.6138405817831311,0.5750630627483824,0.3888888888888889,True,4
0.9661461718385419,-0.21110376291573155,-0.14831310098756928,0.23004491280137204,0.96514271747388447,0.12481535563116912,0.11679431808071621,-0.15470855241370671,0.9810322884972319,-8.8863547266372311,11.886879395613386,-3.8153071132308094,0.2259934337862174,0.2206656933587761,0.7039473684210527,True,5
0.094231477988871104,0.97820153253226105,0.18504645445824852,-0.9903256588243482,0.073085705614852961,0.11795579302814922,0.1018602868155859,-0.19437140063886651,0.97562505122794574,-8.5541053605948711,-12.331327100593485,-0.90359497915627718,,0.307331086681743,0.3636363636363636,False,1
0.85091856208279681,0.51503895551249357,-0.10330767158127679,-0.4985393548067924,0.85376989417455207,0.15011821844800116,0.16551771026622092,-0.076235438647482598,0.98325583928215421,-28.054449894190764,6.9107266867246118,-5.730219318616947,,0.1012453417225986,0.59375,False,2
-0.97290835932294417,0.19996065537600985,-0.11603904800167064,-0.19979831627756997,-0.97974881694946336,-0.013148707114227873,-0.11631834409148697,0.010391919347464529,0.99315761631278388,-5.6305559843388595,13.146720101192434,-3.4326159345467131,0.8540527516796154,0.284997513930404,0.2307692307692308,True,4
-0.89867096713529759,0.43637999105605607,-0.044305713333890939,-0.42951108166862284,-0.89598287483455719,-0.11284909714770174,-0.088942248408493532,-0.082384412415930891,0.9926238386412668,-17.466697041183028,20.023070015689996,-5.729076008011992,,0.3045283618962751,0.2857142857142857,False,1
-0.87007536732615021,0.4907837368102006,-0.045827708374750115,-0.48641549515198101,-0.86992983457954032,-0.081375973017020584,-0.079804894889465211,-0.048511922153522388,0.99562933472284376,-37.21953699220122,8.5680465346575723,-6.9732364667803211,,0.3434770235503215,0.8064516129032258,False,1
0.11658356068380862,-0.97348878013628326,-0.19679397431591661,0.98980512278166777,0.097560582246196501,0.10376777778746371,-0.081817432698967171,-0.20688530092916724,0.97493814161001813,3.7104044462347234,17.343521023777129,-2.4064158486854677,,0.155262520916436,0.625,False,3
-0.85331242582258771,-0.49627115754584361,-0.15991510912005841,0.49472268793241897,-0.86747999542436927,0.052229489596012812,-0.16464314738759755,-0.034545560158232076,0.98574806025254802,-2.7177602136642758,15.044029561135595,-3.178779467861975,0.687045138613926,0.5349856082503124,0.9504132231404959,True,5
-0.58025825641127982,-0.76786103684479456,-0.27145862292839301,0.80000504272411954,-0.59984577181236476,-0.01330344522330118,-0.15261810994283148,-0.22488770116319529,0.96235816325472723,0.54821823804454128,8.9070145840871504,-2.0641708745938825,0.5740239429804362,0.3748314531193715,0.3285714285714286,True,3
-0.76835263357058781,0.63430085689561322,-0.085420450868827533,-0.63829389512378154,-0.7692314725458026,0.029391241769073873,-0.047065209368004915,0.07710619032547128,0.99591139238420145,-14.227622630858001,13.425284899825728,-4.7246781328295713,,0.1069574610086216,0.2564102564102564,False,5
0.2595402615402998,-0.89671555744951559,-0.35852484107464216,0.96541204483942122,0.23135222368677266,0.1202319935547651,-0.024868379894162455,-0.37732924300031412,0.92574521660025333,-0.37468369048192279,-18.563762927201438,1.0773151327469559,,0.4235759561322781,0.1875,False,5
0.14239427269774596,0.98570464240310673,-0.09005681011364397,-0.98387768879099469,0.15090015822012864,0.095988727194562445,0.10820612090899438,0.074936641198449394,0.99130012367785192,4.3060634743457404,2.1021701630915333,-0.75806477119765314,,0.09278105182629555,0.3707865168539326,False,3
-0.53996349893633944,0.83592451697269843,-0.098334234833997031,-0.84166323517618857,-0.5371537738295552,0.055396947690465201,-0.0065129385978092702,0.11267663992429389,0.99361036450219942,-18.396607416073572,10.530271289863547,-5.0002938938266999,0.972240338588845,0.3964501564238956,0.1666666666666667,True,2
0.024684828521991494,0.99965855177752816,0.008569661539141904,-0.99587369508729806,0.023840730211097907,0.087562566295040528,0.087328361223668868,-0.010695767436571357,0.99612216012140387,-6.4173371598009163,-2.1401813941921892,-1.9037586044612966,0.2814126586398473,0.2903728624228247,0.2749003984063745,True,5
-0.98747297743532492,-0.043759647504477951,-0.15159885251972727,0.039819974076655426,-0.99878803346033584,0.028928081183674716,-0.15268100241860044,0.0225290360805478,0.98801870125708269,-2.6386164465435464,19.376999097187134,-3.5644963017313747,0.7879826276240023,0.7114556230769322,0.9570815450643777,True,5
-0.87819827161211206,0.47426122068530863,-0.062000728153622828,-0.46690977626562713,-0.87817448700635914,-0.10394628997082869,-0.10374515200760277,-0.062336706082359236,0.99264851710447866,-9.5729271034261991,20.953364830537783,-4.7086235839431527,,0.4447863864180505,0.7090909090909091,False,4
-0.86482876142401899,-0.47334928733413029,-0.16736685930633941,0.47268168454699599,-0.88001139096504066,0.046389404669476594,-0.16924313429977331,-0.038992357610759545,0.98480269980354107,-18.183632498735406,-9.4950361618362749,-2.5909320927125843,0.6399655554634144,0.6013028695218313,0.9265536723163842,True,4
-0.81483054839709479,-0.55966030983727066,-0.15110100923468545,0.55568745562689048,-0.82832057801240588,0.071389576971061339,-0.16511398807430835,-0.025794527211111154,0.98593712441927717,4.5020032026270149,4.8103734673480529,-1.0391327684107807,,0.2023115799961358,0.6436781609195402,True,1
-0.83695270772816421,-0.52734718434140759,-0.14633903168219822,0.52169381474991861,-0.84957593433269485,0.077822204121998098,-0.16536543979372342,-0.011210663223815011,0.98616864295713169,1.4698318391713365,13.620872317365921,-2.3958868863847531,0.6684058084611586,0.5987854512735951,0.991304347826087,True,5
-0.24062026438369868,0.96606191342274128,-0.093948218726651295,-0.96919692956572012,-0.2339012968786317,0.077120004142085738,0.052528088565072004,0.10961096091397973,0.99258563215433149,-20.06248947544778,9.2232404032570745,-5.068805323714197,,0.06053407584529118,0.3043478260869565,False,1
-0.72690607466897328,-0.66059440329528751,-0.18767683113343489,0.66682518822252745,-0.74429195871304288,0.037062764968261802,-0.16416981135804365,-0.098206489246102341,0.98153133343190802,-2.2093667434193631,9.6212143943794697,-2.5655125782946806,0.1837840769918795,0.1658916104717733,0.6686390532544378,True,5
-0.95550324780357232,-0.25047321749523349,-0.15580985448427878,0.25004324832148545,-0.96796908929235104,0.02267633443434159,-0.15649893739468848,-0.017291890935453691,0.98752674551234876,-13.554754490807595,-2.5490153830978,-2.8508844178321646,0.1662310300803895,0.0938691310054691,0.34,True,3
0.51904426157179184,0.85002447555158522,-0.089729847278630981,-0.8395224790447483,0.52670766228096144,0.13334558737763005,0.16060841107474341,0.0061179618973841859,0.98699924459660504,6.2585935197326057,5.9987518352365408,-0.88300547174419397,0.6286339585953507,0.6050708064824674,0.6962025316455697,True,3
-0.22111749899441427,0.97384437036735205,-0.052289520386697264,-0.97463532357876737,-0.21876197156260982,0.047214254527115522,0.034540377400465512,0.061403111499788762,0.99751522305535656,-10.451489708810659,-15.497231027240874,-0.77144090809164256,,0.2705718732191058,0.4482758620689655,False,6
-0.70370729701161749,0.70468152213470814,-0.090664174261459826,-0.7095546102815623,-0.70358124924312693,0.038803102216957042,-0.036445783854680551,0.091637209011350168,0.99512528194384964,-3.6350637040541223,14.407966586719798,-3.2369392843691136,,0.0705840370280741,0.2121212121212121,False,2
0.97031517393422917,-0.16369949809265438,-0.17801948645358634,0.19919792224908228,0.95839476254233813,0.20444966838579853,0.13714463534762908,-0.23384172736196479,0.96255358060719809,5.4724995783359232,-9.4910479917678696,0.76741092191702209,,0.3089397023823737,0.1538461538461539,False,3
0.87734732258992199,-0.42854906938353632,-0.2158874027700563,0.47289862997387588,0.84851344323313682,0.23746962420797671,0.081415977013893026,-0.31043619599388111,0.94710126539020212,-9.8524894865011383,-10.345911976478924,-1.319977717555759,,0.6867950922633497,0.5714285714285714,False,2
-0.65803488096803031,0.752976742196242,-0.0040151140613050307,-0.75253921992708572,-0.65781778312610639,-0.030991719451962732,-0.025977257378805005,-0.017372101616954072,0.99951157681363856,-16.409294024743144,17.816008675464289,-5.4061261994048868,,0.1890845885381112,0.5882352941176471,False,1
0.95625851878666479,-0.24650803951850811,-0.15749105276388103,0.27092879733693048,0.94936563957943898,0.15906749875284959,0.11030517676654342,-0.19477851226114495,0.9746251069718227,4.1933437515032805,6.6171441265006408,-1.2611476471561489,,0.08476750118975639,0.25,False,5
-0.3622354307434662,-0.87170316071961629,-0.33002892646785997,0.92242959580612427,-0.38609545074114038,0.0073446373598410192,-0.13382501072313574,-0.30176796136838036,0.94394224611282551,-18.496793591819493,-16.779620581227555,-1.7709588882396277,,0.2517114843251244,0.2222222222222222,False,3
0.98498843234953037,0.12787624391397553,-0.11595453583223353,-0.096173490383426485,0.96434866801074981,0.24654067869899776,0.14334729814364924,-0.23168796418533893,0.96217058745659501,-10.653297411589994,21.896210273510725,-4.9391935558772717,0.6063689661252721,0.6053134116563526,0.9830508474576272,True,5
0.84612515415473111,0.51783387047292928,-0.12617569535238665,-0.48940776465656027,0.84861354812637557,0.20083596747154853,0.21107407088626873,-0.1081809989202798,0.97146518623783384,-8.8326472703084669,9.9115498471111181,-3.636194261386636,0.6770329589736523,0.7911801679263363,0.1044776119402985,True,5
-0.023499387197737236,-0.94831099095484883,-0.31647123603190647,0.99586719927220058,-0.049983796709952254,0.07582968732759468,-0.087728559859793803,-0.31338137229371188,0.94556639919375085,-7.9546406154096134,-16.066595371565551,-0.31399574646307316,,0.5844676413207521,0.4736842105263158,False,4
0.32172923521862129,0.94403891915793681,0.072669239164564331,-0.93985066324785249,0.30911229511938076,0.14536271804903136,0.11476510793012974,-0.11506566873374739,0.98670606660780302,9.1026713029597666,3.6553587326126107,-0.17192984625778732,,0.335977742907561,0.2333333333333333,False,5
-0.8765719714577701,0.46659064182073012,-0.11796080628733469,-0.47426050935781033,-0.87913718334643765,0.046848501804889933,-0.081844658459238967,0.097010235661044553,0.99191252943930475,-14.540825095641331,17.386726440074149,-5.101785760805992,,0.08084142892446702,0.2580645161290323,False,2
0.39522022382489835,-0.8915737087875466,-0.22112733091731696,0.91808149276949591,0.37540683156916499,0.1272638340037546,-0.030452377804233974,-0.25331015102048315,0.96690569347586774,14.190193083309977,-19.516198058965415,3.2839370972050155,,0.74287890639004,0.75,False,5
-0.39561403353221591,-0.82608456824448395,-0.40134003361326415,0.90819746303521809,-0.41689010151815725,-0.037148504580604105,-0.13662688098893772,-0.37919247007885826,0.9151754837334366,13.691790089747247,-8.9610793492645975,1.9024418793615567,,0.352412751386484,0.4,False,2
-0.74634105691383301,-0.64824815019082049,-0.15082891811228594,0.64619693049605165,-0.76004191095589657,0.069034923104111953,-0.15938806035027828,-0.045941586440711425,0.98614644797468443,-7.3055188518515344,-6.9445151252820398,-1.4053144877851729,,0.08826864584604656,0.4175824175824176,False,5
-0.4625835132102642,-0.84461791681774101,-0.2695126488618087,0.8717558109851653,-0.48867525634248565,0.035189484966428458,-0.16142583225632071,-0.21867114219545583,0.96235369394588421,-6.3848979329339208,21.800547055796027,-4.3294329987624982,,0.2064798419630398,0.4615384615384616,False,2
0.95593168126619776,0.26449093806441593,-0.12743298016363869,-0.2477149754615208,0.95959764506898326,0.13345280255641151,0.15758144460462065,-0.096004704363212123,0.98282815642229848,-20.882811513909768,-10.00262409615039,-2.8692963414802488,,0.3519833458204491,0.1176470588235294,False,1
0.19145546051946336,0.97338188409279003,-0.12598616732503393,-0.97460716343676401,0.20372517804815279,0.092935078452616116,0.11612787613241554,0.10499409292536274,0.98766925477902545,-24.787493519726475,6.7215658738952246,-5.4231195389688791,,0.07209723716072963,0.3611111111111111,False,3
0.98208980730131545,0.13270319568533814,-0.1337515317660469,-0.10760559104743816,0.9777648160798762,0.17999166983951595,0.15466301164207466,-0.16237557171934655,0.97453246561549667,-13.147469509272579,16.248147520556259,-4.8390665684313152,,0.1176883237008897,0.3214285714285715,False,2
-0.89416161907912983,0.42795904165655974,-0.13162848335443542,-0.43933873004271029,-0.89530164450858218,0.07359650551954286,-0.086350907639981267,0.12363666124830616,0.98856334988968919,-11.186727260300097,-4.1178006548493329,-2.2624953950748403,,0.07448348728356324,0.3333333333333333,False,4
-0.95819211857937581,-0.24479120813596703,-0.14813888183627449,0.2426203008607655,-0.96956547309338037,0.032835696969027266,-0.15166823498214652,-0.0044785940365117127,0.98842131133077915,4.6452642935302313,-7.4847253878874911,0.36682707285736998,0.3276086731233014,0.2606494467703263,0.7761194029850746,True,4
-0.98924773849056624,0.055287376976597233,-0.13539652077637754,-0.055832236866053285,-0.99844013824272193,0.00022731561228428454,-0.13517275323760095,0.0077843620742020078,0.99079146670188079,-16.731932100842847,14.420331204795852,-5.1549357785568919,,0.833525719883924,0.4682539682539683,False,1
0.86738607899397679,0.49051419378460065,-0.083888113957204635,-0.47438364542371592,0.86595098277615545,0.15839524103809377,0.15033810868159758,-0.097594677748599132,0.98380573893080459,6.3688865249558857,-10.378450779345101,0.97457021651024067,,0.5782777404160901,0.1764705882352941,False,3
0.22450242621995065,0.97406821121337139,-0.028103034087785028,-0.96803902313846557,0.22623592522953165,0.10824858343952608,0.11179941995592764,0.00290276404852019,0.99372655376536911,-2.1174422709056442,11.262672267821308,-2.7209167129321314,0.3553333484674751,0.1419365931646049,0.2173913043478261,True,4
-0.97112471497735364,0.2227378898026115,-0.085467072059560972,-0.20670509129628883,-0.96443466536945133,-0.16473852453481691,-0.11912091836595025,-0.14231517375176572,0.98262739536797883,18.04975123487317,-2.8610576596247128,1.9337835486487833,,0.2538941779475793,0.3076923076923077,False,1
0.83088468101373214,-0.49378392773354518,-0.25653085500333572,0.55307696834193532,0.78350127365029631,0.28325186897540089,0.061127031225172081,-0.37723094637157872,0.92409972359762149,8.9423709693501401,-10.67823313980595,1.4040107938501667,,0.2247886121426064,0.2727272727272727,False,4
0.16628832724374995,0.98540252791430449,-0.036469853339101105,-0.97979519650414437,0.16928401259520887,0.10650960513996949,0.11112859726408206,0.018021683044744108,0.99364261875704274,-17.125883768693292,-3.7549472248028524,-3.1950251040870148,,0.1258392591781952,0.3636363636363636,False,1
0.065341542383315229,0.99786183948859242,0.0014940319310589312,-0.99318952612380873,0.064890709986735171,0.096766528073404273,0.096462676911502482,-0.0078067310610168417,0.99530598657558922,3.4429271195133584,12.576614404408069,-2.0009186324453787,,0.08654522080225964,0.4166666666666667,False,5
-0.97860610338222531,0.16305319240964969,-0.12547410437249307,-0.15922112249611198,-0.98643006208782502,-0.040054547313481473,-0.13030245037655913,-0.019219496726802478,0.99128799164089187,-10.535947260343619,11.597847492503437,-4.027398449212404,,0.4430764398941111,0.8195876288659794,False,5
-0.0046496181513078268,-0.96181901556097005,-0.27364678393208486,0.99596055279720919,-0.028992940869217998,0.084982272572762307,-0.089671390771662876,-0.27214626707908407,0.95806860453309661,-24.063843383523665,13.068271765814581,-6.0298335212376015,,0.1337078748927739,0.2941176470588235,False,1
0.78804658390525195,0.60810443380343204,-0.095872723878435206,-0.59493793990924382,0.79230895733737527,0.13526035553519317,0.15821323981199659,-0.049553140279594704,0.98616076632394123,-29.000591519930811,8.3723481501418,-5.9729739622573792,,0.09003376745325165,0.2142857142857143,False,3
-0.96131440040212157,0.2601611914411095,-0.090502917342230801,-0.24486616075119941,-0.95760147064008627,-0.15178928403189273,-0.12615540772586839,-0.12375612266021088,0.98426075569720528,-6.5964188669190875,15.946639473084677,-3.8395714280733424,,0.07658273084127304,0.5,False,4
0.85519857924231668,0.51828124367102202,0.0044657049545698269,-0.48890468847057994,0.8038050072175994,0.33892435138744459,0.17206857834423961,-0.29203092786678186,0.9408030301374769,-30.379516353527375,16.664185825193833,-6.9518354762592969,,0.398436809913295,0.1818181818181818,False,2
-0.77569272656221955,0.63044849679051718,-0.028904789448262247,-0.62911949266138256,-0.77606922840861725,-0.043877291059721019,-0.050094489836267554,-0.015850729063104183,0.99861869423529892,2.8817693429655376,11.553620730856947,-1.9838858928997847,,0.1232415859066404,0.2352941176470588,False,5
-0.10412866173501879,-0.93397111604537453,-0.34184086385075496,0.98919909279599638,-0.132908791945999,0.061809447781322628,-0.10316189517865082,-0.33171253732171702,0.93772299532790426,-20.541931697152094,16.151802328376398,-5.7927918834143544,,0.4081713040505528,0.36,False,1
-0.31639530540419503,0.94862706731398239,-0.00083539060325479864,-0.94774579779014201,-0.31606317254268396,0.043381721189707734,0.040889038742848188,0.014517510858525318,0.99905822072047412,2.0073129977170625,-2.7483708756777983,-0.54355351109258054,,0.08023743001129849,0.3166666666666667,False,5
-0.81468474698887405,0.57888434584625426,-0.034375531382484267,-0.57777911817943606,-0.81534210066241253,-0.037263245741581658,-0.049598927604005166,-0.010496333719843431,0.99871405985846318,-14.504142500652222,16.2369163528613,-5.002576631358755,,0.4657135050064561,0.375,False,3
-0.80326335600553755,-0.57188163038172557,-0.16649138635575567,0.57362923161216961,-0.81802374269261702,0.042268913295660376,-0.16036672204280372,-0.061551256876717746,0.98513651705646543,-3.7013041787227317,-12.561304833054665,-0.18324540605122075,0.1965559064599949,0.1790921094329019,0.6666666666666666,True,5
-0.0662890681233375,0.99131875659176882,-0.11354682856288421,-0.99462822434791298,-0.056582114202496744,0.086678484544284354,0.079501287900622386,0.11868271644062214,0.98974439025458361,-16.864525977962494,12.988698816221239,-4.9960410191308391,,0.05656735260751403,0.2142857142857143,False,1
0.49899945445284016,0.8663711056475476,0.020016287238476205,-0.8540385102850635,0.48771512299399095,0.1809756385622811,0.147029818084078,-0.10740142504641886,0.98328386872365647,-18.445661024481158,-5.8464420873439602,-3.1051360850225822,,0.1663266132700699,0.1428571428571428,False,1
-0.30095344345467639,-0.9284325271791537,-0.21780740884667738,0.93989401772959991,-0.3274133799094151,0.096952122681271291,-0.16132656417615843,-0.1755378054210083,0.97116436227813308,0.25295061429806348,-15.387670126311656,0.73879253167903702,0.2964847714292977,0.138069722048526,0.2727272727272727,True,4
-0.95586328946062482,-0.24586981262609489,-0.16085212805780119,0.24637785625798825,-0.9690230494355182,0.017096245447695738,-0.16007287030359763,-0.023288729074355786,0.98683043694997041,9.8996919819611904,8.269295631100988,-0.55048683717469649,,0.1511278734418234,0.5909090909090909,False,4
-0.95006429082754451,-0.26247290445966642,-0.16877742064287257,0.27017511797633403,-0.96251206786232335,-0.023998434237841343,-0.15615136541454999,-0.068399514939075687,0.98536199309455319,0.17551832093927491,-23.054513586614927,1.6969773013108911,,0.3287655387160379,0.8378378378378378,False,5
-0.98048264917550276,0.16153099478325256,-0.11207815304563612,-0.15146811459059298,-0.98405970227041639,-0.093187513272062539,-0.12534426563732065,-0.074392473354450747,0.98932025905671639,-0.28304598934626712,5.0631418994003932,-1.7486029902793734,,0.07369396537387311,0.3636363636363636,False,2
0.97545077329536378,-0.15999796730124999,-0.15131569428498404,0.18303532625710014,0.9711125001344556,0.15309664080104984,0.12244941085785414,-0.17703435412957808,0.97655771935840507,-10.856101541599742,8.1541767300043322,-3.7349229796128722,0.2092066684555483,0.07642780743325694,0.2125,True,5
0.49139253304431219,0.87058408028180034,-0.02483420278943467,-0.85841956577875189,0.48894966458177247,0.15506151873882787,0.14713676480239141,-0.054877906895802644,0.98759262237940082,-2.113871517057524,-1.0666958617068274,-1.4007082128647295,,0.07293869564275426,0.2017167381974249,False,5
-0.51377534700427852,-0.83648790314181476,-0.19058562565955717,0.8454291273958966,-0.5314182121858364,0.05333173827866558,-0.14589202637994986,-0.13372610685509753,0.98022081440057807,0.28989838830909048,-4.0490455987930964,-0.66158572225893508,0.4583592851768729,0.3841693099732432,0.5887850467289719,True,5
-0.96072939597125295,-0.2330103478134796,-0.15068246589617648,0.22899335247237407,-0.97244528551926501,0.043728837108003016,-0.15671972511516905,0.0075062962369274039,0.98761459247857863,-8.5436260797806511,8.2170580337379704,-3.3938539450866321,0.1194351459143147,0.107480158237146,0.3787878787878788,True,5
0.035521946509967414,0.99160223579503537,-0.12435110487016722,-0.9949001978562293,0.046842139739819329,0.089327544745347473,0.094402264918696854,0.12054385057265911,0.98820918456940965,-7.7000530529877924,-5.9751457451777101,-1.5793799154295871,,0.07331863142909507,0.4594594594594595,False,5
0.98458816487861089,0.11054647956112834,-0.13551981935352242,-0.092340822842526815,0.98667377162548253,0.13397029828701285,0.14852379613292752,-0.11939155850807517,0.9816752710236103,-5.2796863771543503,17.411899742285065,-3.785232601104231,,0.1020631460871792,0.2894736842105263,False,4
0.98205980480834731,-0.07346675327241986,-0.17366973237556804,0.13970003548675564,0.90206106128021635,0.40837451170097522,0.12665875360507564,-0.42530986102560575,0.89614121780531319,-15.289946202485467,12.081522092409799,-4.74396976238069,,0.4253706749469296,0.1219512195121951,False,1
-0.95204976693249366,-0.26652603298811361,-0.15021689326904314,0.26395354711328017,-0.96381835589152698,0.037184698638968325,-0.15469248931380497,-0.0042485981420161342,0.98795353289703136,4.9392652191195774,-12.042659706420848,1.0016491295660779,0.1512602266077182,0.125320752111679,0.4722222222222222,True,5
0.78080982524066134,-0.53182191217044006,-0.32787416876452113,0.62234237738136711,0.7082738229601403,0.33322388423511434,0.055008927665945784,-0.46423447248648542,0.88400247309169799,-15.668368157583281,-2.4909506504812797,-3.1393126093188237,,0.6141621660309428,0.4375,False,1
-0.90907887484113992,-0.38608898384935658,-0.15655956012884994,0.38356638729794496,-0.92230326054337242,0.047260153684340472,-0.16264201748862589,-0.017087777539398788,0.98653716706771566,3.5440897149717729,-8.8640576858641662,0.38046244769922033,0.1571383448648618,0.1053760371891106,0.3181818181818182,True,5
-0.88579533558368073,0.4488500496267846,-0.11789934863360077,-0.45576377973815407,-0.88925607708119525,0.038768627173975695,-0.087441412025342724,0.088075321879606649,0.99226848037152626,-8.1438116566018426,-9.7641904764565428,-1.1731773020430571,,0.07878598089356093,0.4883720930232558,False,5
-0.52750754651481846,0.84168032643425716,-0.11536904464993913,-0.84954922266116506,-0.5223994381958259,0.073245786557974021,0.0013808134297320779,0.13664938736126192,0.99061851299481818,3.8180460377406589,8.6446647564479182,-1.5191020259067565,0.5162579823377008,0.4662409861056355,0.975975975975976,True,5
0.57463176598178434,0.81829701813172329,-0.013723106112910055,-0.80783320814490633,0.56981160711344669,0.15073234628671939,0.13116341465120646,-0.075529613500410223,0.98847935544527898,-28.443122286487146,19.584098799250384,-7.0337894931173786,,0.2870268341908733,0.3636363636363636,False,5
0.61435433404502482,0.78336778848885902,-0.094359208337970346,-0.77439569496468441,0.62155829467547907,0.11822264563218834,0.15126156107966654,0.00044076999079598056,0.98849367517529307,-10.913933317193802,-16.912880261772045,-0.64480092588105342,,0.1390491404651891,0.2857142857142857,False,5
-0.1105247458258506,0.98661140295327565,-0.11992589429601871,-0.99124551959195095,-0.10065818246119278,0.085441501581444257,0.072226037195832871,0.12831940564925465,0.98909935278757921,-1.7666799450821522,-3.5839805287745659,-1.0211640948465366,0.2398684880407279,0.2174465105577604,0.7162629757785467,True,5
-0.61230510280741013,0.78979096699540996,-0.03623105751234322,-0.79048790215074582,-0.61240104838955256,0.0096867169201199088,-0.014537456081468891,0.034571438845275526,0.99929649153134081,-18.690718930633452,7.9534714753317743,-4.7783086534250394,,0.2300997191368727,0.3389830508474576,False,4
-0.73338313899858065,0.67784732510901347,0.051693087305218183,-0.67900003476522652,-0.72665917038932804,-0.10452465201050029,-0.03328849983719516,-0.11175622547155997,0.99317794067676524,2.2134966973083845,5.2698726860877816,-1.3915726887059976,,0.543432862837164,0.1403508771929824,False,2
-0.72332192657078875,0.69032338434037488,-0.016093960816793054,-0.68926434753909538,-0.72321982266166451,-0.043217442320602345,-0.041473482533138054,-0.020167130239093431,0.9989360525601686,-5.8683969345260296,14.231795230749688,-3.5664392344628597,,0.1325559368705944,0.3636363636363636,False,4
-0.95893298778109792,0.27412163752486141,-0.07283442033754095,-0.26018044104896071,-0.95239088916155823,-0.1589268144072149,-0.11293211695875277,-0.1334500733710757,0.98460012943147102,-16.410295594745129,11.826432160493374,-4.8433978332849099,,0.3828857297254101,0.2372881355932203,False,5
-0.77759325600897966,-0.59316693927838438,-0.20857063637162904,0.61491560175972482,-0.78664966243422085,-0.055327310657590709,-0.13125368917416519,-0.17127548201432544,0.9764410777609327,-12.525285439500353,11.247822625178312,-4.3139017627419243,,0.2325788222657149,0.2191780821917808,False,5
-0.055056116503359211,0.99804959497547263,-0.029424989462424778,-0.99699475294068862,-0.053341616260662049,0.056179485432287783,0.054500336185246578,0.032429584394431277,0.99798699160444981,8.4921151963620947,8.6728682220335767,-0.79756527478407258,,0.5689691898335254,0.3333333333333333,False,4
-0.93833310488158161,-0.29415613728792556,-0.18166769437392771,0.30420870871510086,-0.95214680327359247,-0.029555482702386685,-0.164280387828805,-0.082997782571146553,0.98291572490376367,-2.1065722124408688,-5.1376930838358463,-0.87627929975102314,,0.07036084007193304,0.3488372093023256,False,5
-0.092361366116237908,0.99570076138958807,-0.0070265081894752002,-0.99565034381663708,-0.092265359397933802,0.012942036662839697,0.01223809245570698,0.008191289481187719,0.99989156005522972,13.929256969120644,-0.99142182768343112,1.0956715152492316,,0.2688799652159359,0.1428571428571428,False,2
-0.9814280382576458,0.15305583377371823,-0.11564133114756571,-0.15487321345449601,-0.98791064888103841,0.0068437987787550239,-0.11319581916319679,0.024626440572642593,0.99326745891964829,-12.727634488286192,13.389432277535201,-4.5427081247893089,,0.2398332758625287,0.2978723404255319,False,5
-0.23003809313967097,0.96789641913697277,-0.10128670952543714,-0.97164576457878815,-0.22258276503898666,0.079758516057547357,0.054653306219906314,0.116762299264041,0.99165497104073874,-12.939329441917145,0.14685919153536367,-3.1010853903506739,,0.07838066028425707,0.4520547945205479,False,2
-0.72854061630185374,0.67678169395772869,-0.10580694269386609,-0.68373626311473457,-0.72785436573103712,0.052275661527797522,-0.041632834402840428,0.11042898627614754,0.99301165455880158,-2.295923174268824,8.6712319401574121,-2.4923358601375312,,0.07836700095232618,0.3333333333333333,False,5
0.40679515202922056,-0.88770794783821405,-0.21562074026027833,0.91226104601441504,0.38237205849549549,0.14687202867327312,-0.047932120860741396,-0.25644923128522817,0.96536848071759984,-8.175982218634422,15.710355705613342,-4.0936878552260501,,0.7355824943295305,0.6481481481481481,False,3
0.35614365391733416,-0.90848474504030297,-0.21867136484566468,0.93335333998515246,0.33461829666279136,0.12993128290389749,-0.044869148788122627,-0.25037185058937389,0.96710945395000747,14.820197964897538,-5.8450857554451074,1.7890942154179184,,0.1439508405597345,0.4,False,5
-0.42759746652081326,-0.87414597870825361,-0.23028072983463288,0.89586275119779102,-0.44382183508527512,0.021262871816004836,-0.12079046999373289,-0.19720797805800891,0.97289191370314354,-9.7339920264940378,24.169561320237509,-5.009922959701063,0.7094367628758873,0.631705118921618,0.9259259259259259,True,5
0.092009651843522028,-0.93991126650503742,-0.32878721852366832,0.99197276466516737,0.057755834466908754,0.11249132298793418,-0.086742481692528073,-0.33649825360903074,0.93768047179617331,15.168555401190066,-10.333313288381687,2.3093839417189166,,0.3580635125111408,0.5384615384615384,False,4
-0.59408548782825199,0.80081461926159769,-0.075883982030250707,-0.80422612236623958,-0.59327895831190081,0.035219621350964611,-0.016815982148755834,0.081951346549312187,0.99649445534991543,1.1679383698498558,-5.9892699492461974,-0.31239077801839943,,0.07931463316307943,0.2105263157894737,False,5
-0.857266154602913,0.5141455725579408,0.027369150359535632,-0.51007477710005011,-0.84083489237134335,-0.18116402936898596,-0.070131747009965634,-0.16926610407857748,0.98307198315860433,-3.4740033284637342,-5.0220886215058833,-1.0980125372645673,0.2393282705136109,0.2737160196413882,0.2612612612612613,True,4
0.83004760451356385,-0.51360075233490499,-0.21733670063363481,0.55440724309160383,0.80215794670659002,0.22175490376321999,0.060444876117517199,-0.30456016767871524,0.95057325925709213,-0.64967439401321658,16.563363453891771,-3.0390244782067071,,0.2272729215467781,0.1428571428571428,False,3
-0.74795754154142569,0.6635980053232845,0.014042912171792488,-0.66318198502554992,-0.74628158885317863,-0.057038976817144996,-0.027370984433847653,-0.051975739241818836,0.99827318492554373,-8.1608101865856426,20.496893739476899,-4.4763482030801178,,0.6838072160208831,0.4666666666666667,False,3
-0.98003799823330928,0.050840383548785263,-0.19219983719936048,-0.031010622462558597,-0.99400879968612776,-0.10480862293260358,-0.19637684006351905,-0.096756196427703903,0.97574298621077005,6.9348106426503726,13.062269121153806,-1.5243346958011024,,0.1732924569436557,0.45,False,2
-0.98241327921265464,-0.11558810276034556,-0.14664085149405887,0.11223220587701468,-0.99319882575869944,0.030984261739146063,-0.14922493354201299,0.013981523944275688,0.98870442306969453,-26.596417134994542,18.555959768076477,-6.7165881397195815,,0.1959309811715731,0.5,False,1
-0.39348467870989279,-0.89110663023365899,-0.22605039520909015,0.90968529224863637,-0.41292800886936087,0.044307206611324715,-0.1328249851763057,-0.18820051287071093,0.97310744024907947,-20.137857182921678,-11.705309558397714,-2.5779465257634229,,0.1773923348987151,0.6470588235294118,False,2
-0.94829885382640111,-0.26248084025199159,-0.17841830716645202,0.27370497211712574,-0.9609366793052041,-0.041064420174291641,-0.16067007210397741,-0.087775320372505072,0.98309746264732412,-1.5248823140493135,-19.169117566227754,0.97317869668015011,,0.162259229918509,0.4375,False,4
-0.5552331009237963,-0.80381207878443872,-0.2135470572000121,0.81763919477749747,-0.5745550377601043,0.036778468539227692,-0.15225751476413679,-0.15418382076185841,0.97624023611666622,7.0438589674677861,26.209797564766781,-2.8274393492040124,,0.1780233856976695,0.3,False,2
-0.90017174817271561,0.42067425136583214,-0.11280070048308104,-0.42625133055203229,-0.90411361713833693,0.029805544914578673,-0.089446224036005481,0.074911558139111212,0.99317049465984009,-27.99171050871032,11.993525577542178,-6.2691871468842955,,0.1089170555654425,0.3928571428571428,False,1
-0.91699890681129848,-0.36553956356241402,-0.15966788148367064,0.36305764735255447,-0.93065429008597667,0.045516338202840109,-0.16523362129334274,-0.016230213035170249,0.98612090058933499,11.264751272423677,26.146236326689309,-2.1712555700642509,0.370776602242266,0.2272072109733559,0.5789473684210527,True,3
0.027754094002928675,-0.98247862725971391,-0.184297198144588,0.99575839623232398,0.010993928574426177,0.091347413030316418,-0.087720730724882859,-0.18605074714273356,0.97861646873978347,-18.622641228960124,18.849956920094879,-5.7659446967347021,0.5741373487130188,0.5531517986239576,0.8623853211009175,True,5
0.45544084918392197,0.88304957044550403,-0.11312421946974696,-0.87945960568666404,0.46600385212362594,0.096908264721847492,0.13829112357662715,0.055352199070616795,0.98884361715994384,-18.327449812948046,6.2774206601242666,-4.5407440551192888,0.6202406732406585,0.5738997507625202,0.9988505747126437,True,5
-0.64810855757060715,0.76131475868796405,-0.018845047297262704,-0.76140269229502455,-0.64826981759167657,-0.0034905251101198104,-0.014874063655808137,0.012086430554279187,0.99981632334485393,3.253109911899815,-3.4634263881204386,-0.2979450079424889,0.1927886342880834,0.2989736548260921,0.6058631921824105,True,5
0.98899660511827325,-0.01319889860774557,-0.1473482410484574,0.061277740583992088,0.9430997098773487,0.32681489522080076,0.13465048671821742,-0.33224798916593062,0.93353121004160544,-4.9530147137486873,-15.233229545867852,0.012346737626577932,,0.5981082936998435,0.3529411764705883,False,1
-0.7471951008777229,0.65807147521794918,-0.092959210026780564,-0.66320216053441838,-0.74737090586690413,0.039995291299904173,-0.043155248658887244,0.091535034648799432,0.9948663035529115,-18.788464055959196,17.223969248510596,-5.6590469237596723,,0.1202776822231542,0.4285714285714285,False,5
