axis_00,axis_01,axis_02,axis_10,axis_11,axis_12,axis_20,axis_21,axis_22,location_x,location_y,location_z,dbh,dbh_approximation,score,reconstructed,number_clusters
-0.80363027987479829,-0.44419025515527022,-0.3960724561156066,0.50208647373097193,-0.8633413618838931,-0.05050609623464386,-0.31951141789418314,-0.23945085108548048,0.91682917915481288,-5.4479925343270885,23.333552144502949,-4.4304932591867594,,0.2487777002088085,0.3571428571428572,False,2
0.17032739796936322,0.95888076060220073,-0.22701600042272801,-0.97050110500806919,0.20313585235639353,0.12985927254362559,0.17063464677229037,0.19820068727021961,0.96519443890156664,-5.9043416518664209,16.458776612468185,-4.1469336357040101,0.1880318244527632,0.1086623827310984,0.32,True,5
-0.67595323191699008,-0.6583111957488148,-0.33123043008265779,0.6793874897801111,-0.73080499943360189,0.066005238679469502,-0.28551684186971582,-0.18041735602380374,0.94123839204216742,-14.48418281876082,9.9631477963463464,-6.0652586240847643,,0.0822987894366288,0.2236842105263158,False,5
-0.94282452944684603,0.2011655087103392,-0.26573359738400587,-0.22137737169680824,-0.97400072215190925,0.048110836078515906,-0.24914647493783185,0.10418748174743009,0.96284526413810789,-23.473079721862735,-26.046878269138567,-5.4759976414956331,,0.2384091539286278,0.625,False,4
-0.82228536091009241,-0.43422996910505612,-0.36781941107557342,0.4859022645747596,-0.8721774692580202,-0.056616706013300877,-0.29621913259288329,-0.22527937333386319,0.92817209042085658,14.74491093338354,-31.410486713524037,5.0318400880141292,,0.7265219153570291,0.2352941176470588,False,2
0.63293808070712776,-0.62733825694727674,-0.4536916324565945,0.76274046828445274,0.60574226734348913,0.2265022816546946,0.13272665155118926,-0.48941088762298851,0.86189362397229041,-25.105454746255873,-19.819694121428213,-6.4069023040732063,,0.3213976619222325,0.3684210526315789,False,2
-0.86775030463273217,-0.37669651841377616,-0.32420540067176362,0.38628416458389903,-0.92163934003798242,0.036952281202522835,-0.31272024718831126,-0.093170059081716966,0.94526471799659906,-28.430927678422815,13.469450736096872,-10.535968718577532,,0.1303694767522401,0.5,False,5
0.96718955254446271,0.010412483699681348,-0.25384237162468487,0.073360661067928989,0.94515121673886815,0.31828821986481476,0.24323359730209393,-0.32646708514066175,0.91337651571695344,4.5445509351111646,-25.606866194977584,1.9717666307351682,,0.4724429135877039,0.2641509433962264,False,3
0.94941426216394698,0.043774452063353529,-0.31096037713226676,0.011553700577240335,0.98469678667159599,0.17389292775039805,0.31381375177429671,-0.16868916878444459,0.93437941626095,-17.256137167452803,-20.652758530432433,-4.2974828478294773,0.3377792524998958,0.1795502309455994,0.3684210526315789,True,5
-0.79107535678776264,0.54495843097441854,-0.27788502729189085,-0.57375992216830007,-0.81854032211277661,0.028129926927376356,-0.21213045890805393,0.18169218361121903,0.96020238430137583,-11.521068741056204,-21.52473648457136,-2.6568795420841926,,0.7808755876898251,0.1153846153846154,False,3
-0.68953448391740579,0.71499506708823946,-0.11543071310634889,-0.71261469409864797,-0.69823901123469767,-0.06813648761626484,-0.1293154795198414,0.035275164485443711,0.99097586727784559,-23.01504578866647,12.568730611813512,-8.7439757991629676,,0.2986509484404147,0.1538461538461539,False,1
0.19355020028295014,0.96907707680092048,-0.1530618802622449,-0.965262832372348,0.21600640668112839,0.1469996486840037,0.17551633659276111,0.11929313262585936,0.97722216721550437,-11.454446033469381,14.046062630677453,-5.4829117315124343,0.6763324433432776,0.4519399740937747,0.2666666666666667,True,5
0.35709959859301671,-0.79779472712546173,-0.4858018629601133,0.93406494436188114,0.30589190481019302,0.18426291619810087,0.0015988742736037231,-0.51957070350665691,0.85442596382521974,5.4520378182266898,26.228082110949487,-1.7348312098024687,,0.1092081135169789,0.1666666666666667,False,1
-0.41088862858090974,-0.77589851154350165,-0.47869827103038165,0.87384484872725088,-0.48488076453429313,0.03585839563458787,-0.25993405943767056,-0.40357421122913306,0.87724690981218978,-24.482434603882709,14.405355609944248,-9.3880889379599051,,0.3278293153635281,0.1935483870967742,False,2
-0.94889378194079776,-0.095382910505306895,-0.30083665165273349,0.10106529452315513,-0.99487417225656893,-0.0033447899420486482,-0.29897557899774929,-0.0335779951805514,0.95366981781045035,-17.07413081992004,17.943799446687031,-7.4086694375501532,,0.07981305752031635,0.3333333333333333,False,3
-0.60516242968044598,0.76416123918513879,-0.22323985806816127,-0.79049210772588985,-0.61002025331276666,0.054749595170270102,-0.094343316278047526,0.20960174396999071,0.97322476725492313,-13.481154779655851,19.735725818276094,-6.56705095027149,,0.1005950429720286,0.3333333333333333,False,2
-0.064886828126715271,0.9965290427684147,-0.05214946265036649,-0.99335995033723923,-0.059528491826519481,0.098449823396788136,0.095003729409181004,0.058191284398334597,0.99377465545183863,8.7496076022934233,4.7888672346779968,0.7715957168460742,,0.467012003058287,0.171875,False,1
-0.57655727653294753,-0.74767842163172249,-0.32948244976509178,0.77778732613241941,-0.62575624295684529,0.05895760941825403,-0.25025703223824119,-0.2222748348932681,0.94231911558053327,-4.7387423454364743,18.906915183168216,-3.9671954441215793,,0.08367772246450443,0.32,False,4
0.36345270343471264,-0.80427062953486339,-0.47016049050679731,0.9316114199861939,0.31459256231480975,0.1820211028631267,0.0015147664193641414,-0.50416294410021456,0.86360722048793548,-2.4019908033956749,25.996509546582004,-3.7948550743811986,,0.3569522538949105,0.4222222222222222,False,5
-0.87374523711180496,-0.35676079525350862,-0.33059188676451334,0.37242064214655279,-0.92790721268781973,0.01706077211241544,-0.31284521081133099,-0.10821247438260755,0.94361959202869927,-7.9227370588083064,14.754190949117607,-4.5393465522890208,,0.07210239028137416,0.2105263157894737,False,5
0.92041142306654156,0.26312767301341505,-0.28914812809902335,-0.17290642708751897,0.9373122944471397,0.30257070272924158,0.35063682031477023,-0.22849396134861832,0.90820940859845967,-15.319158113340773,17.314148698978574,-6.9422357877086238,,0.2600916279956959,0.5142857142857142,False,4
-0.37045104144144447,0.91174728570455255,-0.17743424952734033,-0.92712077616187405,-0.37460900087020688,0.010731396741798543,-0.056684145084438448,0.168478436238608,0.98407414569159379,-21.550118454692893,-19.889004171207436,-5.4748698428379745,,0.1981373902617899,0.2916666666666667,False,2
0.94905654961799057,-0.10305552956329102,-0.29777713722450988,0.20488204189276069,0.91979616525311336,0.33466156530967373,0.23940554408168596,-0.37862193836609309,0.89405280227224548,-30.3486356692386,11.173652832213905,-10.934735588764912,,0.2985802029806914,0.2666666666666667,False,4
-0.81907873611805604,0.51258302341657402,-0.25762117177043137,-0.54063430099984489,-0.83990112532839745,0.047756175040505562,-0.19189730748933234,0.17839490961687826,0.96506511676732432,-15.643709447550885,14.655331693687137,-6.744612489450752,,0.09778754700997828,0.2058823529411765,False,3
0.80468247305398866,0.5272973226341835,-0.27284363855977456,-0.50877715519711963,0.84929869770553867,0.14084576111903446,0.30599333964849823,0.025480494863637349,0.95169260818410351,-8.6296356347736207,20.804369918650405,-5.2350423969473852,,0.09854017932667386,0.3888888888888889,False,1
-0.95489919138603241,0.13823228447774846,-0.2627914949505859,-0.087130938583283982,-0.97651296036585489,-0.19705491056837482,-0.28385865114859021,-0.16527030515363922,0.94451574492039347,8.0920954837218364,4.0662521308010504,0.65465263947978103,0.1976070909230014,0.2301121783209186,0.3796296296296297,True,4
-0.87275805583236055,-0.33947141301633676,-0.35078844867585035,0.38486524508170972,-0.92056108542910908,-0.06667856568475386,-0.30028672815812812,-0.19320053762417999,0.93407785176280378,-18.693973827920018,24.952816718255097,-8.7048621136111226,,0.22753232517512,0.4074074074074074,False,2
-0.79433391607375792,0.57153644888405697,-0.20586334635366527,-0.58383026549444983,-0.81187476127222491,-0.0012621813845600516,-0.16785663784196247,0.11918665867524324,0.97857993517454822,-6.4058066219472263,14.536712404384133,-4.1480235249539046,0.7709456434235982,0.6597234145579361,0.4507042253521127,True,4
-0.9267550938684711,0.24162830711914479,-0.2876469314760311,-0.24702415045377715,-0.96884269049680927,-0.017969701263309323,-0.28302661550007974,0.054402226697435829,0.95756792586684425,22.592181067391419,4.0210071498141904,4.3850471605205534,,0.2848203602265618,0.4444444444444444,False,3
0.95194955381561019,-0.048027163629575396,-0.30246559894301583,0.12768689703625366,0.95993393915324876,0.24944516188328569,0.27836685024534163,-0.2760801043455024,0.91994112456671018,-9.486783655089436,-23.706667012279265,-1.8256589755793495,0.1545999249570651,0.1328350803852804,0.36,True,5
0.94258953306573623,0.20533025248336653,-0.2633713339944832,-0.13562616561210827,0.95604758353014685,0.25995876832206183,0.30517292697137099,-0.20931436988721863,0.9290086001767921,-15.017144903078943,-33.126498196411134,-2.6363097174037482,,0.214360040183972,0.125,False,1
-0.95991527421443013,0.075742462305848912,-0.26986245706596546,-0.06473630122881309,-0.9966755854583228,-0.049467046147103358,-0.27271207826762167,-0.030014275855904691,0.96162740477369846,-18.994656722449943,10.780245146218498,-7.4068249036481095,0.5444286900414008,0.1716024755307984,0.3333333333333333,True,5
0.31804790511447395,0.9179148197902498,-0.23722966437974569,-0.92536368130487467,0.35499427051177335,0.13297039228980062,0.20627066532637189,0.17723276083514058,0.96231022082931705,5.9732294860867512,7.4293189731405898,-0.11354987645216369,,0.08030206452340351,0.1818181818181818,False,4
0.95121414023236184,-0.014054004126882833,-0.30821120094832605,0.13743992999414395,0.91367165106611137,0.38251062688679682,0.27622803091868259,-0.4062100429656153,0.87102897536687018,3.4237748964887746,23.820839584128464,-2.0967017051846097,,0.3053250857365815,0.1904761904761905,False,1
0.39138734674887793,0.8898323702883435,-0.23455126857874942,-0.89267667028257414,0.42903038201685756,0.13806264389647419,0.22348223002755463,0.15534247356565561,0.96224966031088544,-1.6728628309838893,16.716370751362096,-2.9792056004029481,,0.07230595587231615,0.2380952380952381,False,1
0.44313687236677785,0.88085035570717918,-0.16653036719927847,-0.86479256395629955,0.46897937040285131,0.17942176975616847,0.23614303647340579,0.064505821342587366,0.96957488897869004,0.55320089123853911,10.31372030856676,-1.8214110073747996,,0.07536360285017278,0.3684210526315789,False,5
0.20188717267229722,-0.90006390301935046,-0.386169056233095,0.9780716675658363,0.16468237613353695,0.12749716897247915,-0.051160361759575702,-0.40344105575980438,0.91357426184850676,-14.9023605886225,8.5809241710137076,-5.9960052611135719,0.7510654921877854,0.6074819265723979,0.2693877551020408,True,1
-0.8531206441117366,-0.38465522001386565,-0.35245642043586178,0.43465152786316263,-0.89768546050267295,-0.072379992596871862,-0.28855366210913846,-0.21494458755267454,0.93302497735334866,-3.0437818430244694,11.330322067602202,-2.8703160148752147,0.2957402734779981,0.1613237475159432,0.1944444444444444,True,3
0.091204596081032097,-0.88295301535971027,-0.46051676877274439,0.99220166259758402,0.041119595680638721,0.11766494630793584,-0.084956355808640971,-0.46765708753129609,0.87981774595052353,-7.9630881862280543,26.622518891744953,-5.5095041373192695,,0.4285053050888631,0.3636363636363636,False,3
0.89339722137562239,0.37325487083162279,-0.25004440853333548,-0.3235577706647616,0.92068294084058977,0.21829633869484089,0.31169179309177619,-0.11412153103420768,0.94330509501096316,-8.6638806874229619,17.092038154088673,-4.9522259421939898,,0.08472575329218694,0.3043478260869565,False,3
0.25749063206551759,0.96584173165626275,-0.029125998519042268,-0.94767183462849813,0.25830413572803257,0.18760881460541848,0.18872378824715338,-0.020705623801884065,0.98181190097320492,12.58287360292686,4.6153988148459835,1.783073642834325,,0.3864548825804569,0.3235294117647059,False,1
-0.80273336521304728,0.57540748757923343,-0.15660577132241821,-0.56787168931386212,-0.81775339086779641,-0.093814370967566729,-0.18204639202564815,0.013624058205021966,0.98319555338115183,-25.864080137469443,11.539581684822126,-9.5867290611061833,,0.1092402903250044,0.2727272727272727,False,4
0.14584682892774975,0.9772391428625089,-0.15405310820969087,-0.97688219920784636,0.16686023793193008,0.133636933024295,0.15630058017345907,0.13100121623346378,0.9789835596080213,8.2723625430437835,7.232584103038759,0.53799805358468744,,0.2603564054454943,0.375,False,2
-0.0030479595683819698,0.99983734941013103,0.01777595755484318,-0.99347509395430145,-0.0050542373574289541,0.113937229987505,0.11400854193857732,-0.017312695031590164,0.99332890975536481,-24.133264068549469,-16.29714036766795,-6.5140726254379668,,0.1615315277720151,0.4,False,1
-0.67989008076948498,0.71039765442952907,-0.18189186527244156,-0.72273093798280719,-0.69112594655003212,0.0022174958434857533,-0.12413488371024746,0.13296653182792748,0.98331603874842699,-8.9950165776548037,12.286397404468158,-4.6497897786081177,,0.2214193710966472,0.4260869565217391,False,3
0.36424225605795191,0.92606177174417192,-0.098677119008701381,-0.90425075543946176,0.37702351035220316,0.20045908292932019,0.22284108729984101,0.016213190794724303,0.9747199506808496,0.77980780625332213,-29.992463771978933,1.4876132859299878,,0.4449511791323449,0.525,False,5
0.33988947480146225,0.91304297521609334,-0.22544992864875851,-0.91888529256787599,0.37346604455846638,0.12717284562477418,0.2003121664343811,0.16393791193740925,0.96591893914964078,1.2151692198978368,-28.19387272133655,1.3585509194920715,0.4441063337318481,0.3957215690110653,0.6071428571428571,True,5
-0.87206333610477305,0.45329234928216822,-0.18447651315022809,-0.46187390884077012,-0.88693648244574597,0.0040209997406818881,-0.16179626124840307,0.088711454666347042,0.98282869700524067,3.50681096360728,9.2680743817577866,-0.82809765444317751,0.3245696383687712,0.3861277831691825,0.6785714285714286,True,3
0.0041959230433779929,-0.82545446903704689,-0.56445311034361367,0.99365044625050636,-0.060022675400433226,0.095163381108190698,-0.11243302404535142,-0.56126838320409611,0.81996135099129908,-20.540936911427192,12.983363284059756,-8.0687429665472781,,0.3836407300033694,0.4285714285714285,False,2
0.10225520864669148,0.98908388598005315,-0.10609872194903711,-0.98456045724676022,0.11586261822308933,0.13121188865549344,0.1420724404332965,0.091043507144046909,0.98566043923667768,-23.599654770804783,-22.304347381607215,-5.7867414154372829,,0.1243480381448495,0.3636363636363636,False,3
-0.18830019204117351,0.95297572313415391,-0.23744538065456952,-0.97895122820162395,-0.16274614383536565,0.12315918751457565,0.078724395709265899,0.25563834568322252,0.9635618847466707,-13.802018431077364,-24.779269546927576,-2.9500236617848006,,0.1814935853856657,0.7586206896551724,False,2
0.41393528669567792,0.8994936796349251,-0.13988816506405483,-0.87986541020684916,0.4347486406082221,0.19191268694600455,0.23344043854846366,0.043643324645635612,0.97139117860117297,-11.757579371235144,25.499093460112871,-6.5119311441857404,,0.3040627571607128,0.75,False,4
0.90544069553255191,0.35724656283291195,-0.22924231768501888,-0.27430435467568004,0.90459730844967512,0.3262833592930578,0.32393559217765439,-0.2325480657620575,0.91705350401753505,-3.149222369186234,-26.480062525790363,0.037125768179665807,,0.2080106512361211,0.2608695652173913,False,3
0.23998420348373062,0.94232186157768161,-0.23331757600114605,-0.95288807689393551,0.27458374657504575,0.12887233617105975,0.18550443388678065,0.19139821135418753,0.96382302820526211,-15.491067714883819,-26.560838847535976,-3.2334457318241303,,0.1304754101899279,0.3333333333333333,False,4
-0.93865934579061105,-0.15344145813332835,-0.30882738137325438,0.14714866679077024,-0.98814789899130806,0.043714981193683826,-0.31187481851159848,-0.0044100617890469457,0.95011296640629839,-9.6378057691973691,22.36490675061167,-5.649094643047869,,0.2798350246131305,0.6481481481481481,False,3
-0.15238456669069211,-0.90353011203867017,-0.40051501903658637,0.97531132770318496,-0.20301475542762953,0.086906979768656703,-0.15983353180212184,-0.37738355252719619,0.91215946872989973,7.2581644980210598,9.1059751468554317,0.082683544793839409,,0.6357132019718715,0.1956521739130435,False,2
0.30555483872458361,0.91698867205873857,-0.25645275558656794,-0.93169401778361438,0.34349520163571429,0.11814103300490184,0.19642427996105535,0.20283693393756033,0.95930948107093672,11.003896587577934,5.4000936449305303,1.292870413679196,,0.4266990233754489,0.3076923076923077,False,2
-0.67880189681479763,-0.66056636450280537,-0.32074922130564587,0.67604634425209464,-0.73269471106689987,0.078229155677212059,-0.28668680699329346,-0.16373923922547645,0.9439280355164007,-18.292679974896419,-6.352416802575525,-5.7465644414300003,0.3891961438243203,0.3333989200291354,0.9166666666666666,True,1
0.78090271191673488,-0.50142596070176282,-0.37250900721379032,0.60060709866044582,0.76658883527117783,0.22718422189109311,0.17164517925001838,-0.40114032902700547,0.89979129183846618,-0.82361902157986566,-23.3742698071073,0.41198910666229316,,0.1773435727742207,0.2727272727272727,False,5
0.31156754923644969,0.91471206635079738,-0.25734703793719105,-0.92736858347979512,0.35175182314464037,0.12750751071642424,0.20715494837794679,0.19892835541137738,0.95786968674024475,-19.670644724145898,18.261388853362529,-8.2898847669674254,0.1675294585765498,0.1246558059606373,0.4210526315789473,True,5
-0.77108362960933774,0.60250926724076115,-0.20594324227196789,-0.6215363086580673,-0.78246610674614148,0.037939541552836173,-0.1382846816107744,0.15725576200106811,0.9778281915292022,-5.3232665910873713,-22.47246246882041,-0.85415458090628604,,0.460189381751499,0.3717948717948718,False,2
-0.099453462122774228,0.95847737545476364,-0.26726415699292827,-0.99136393342220119,-0.072371174498670032,0.1093616231195524,0.085478420560126486,0.27583243798188384,0.9573974648888075,-2.2315591003946134,14.602628871749944,-2.9295928819640222,,0.07642312788913594,0.2380952380952381,False,4
-0.93625785864937172,0.20522680413077923,-0.28513712663130752,-0.22806031387439482,-0.97241574589108448,0.048950080475899285,-0.26722596309641039,0.11085836012385895,0.95723597333042387,8.6305474607420738,12.14613900547166,0.24377347559962981,,0.14656313036166,0.6,False,3
0.9495795067840116,-0.10475948265501228,-0.29550670227541181,0.16473579992623011,0.96864756516466233,0.18596776796864012,0.26675996048601425,-0.22527171436828691,0.93706551435162455,-18.69211417156782,-25.649849120658004,-4.2369448262493652,0.4844603547460478,0.2425180174149915,0.21875,True,5
-0.8128883988769664,-0.47085343228360466,-0.34279658148527203,0.49498858527352368,-0.86868277680084049,0.0194044772796097,-0.30691815101123554,-0.15390672043912876,0.9392092258828777,-29.402265087631449,13.010187719765101,-10.843347643075052,,0.08764094185432306,0.1428571428571428,False,1
0.096729181969221797,0.97194225564686898,-0.21441016077518363,-0.98488875947927523,0.12456167580732791,0.12032672343018158,0.14365791592160321,0.1995310517391844,0.96930375145509229,-23.584364012443455,-29.072505605457877,-5.2104215161005634,,0.1761189123178675,0.1666666666666667,False,1
0.5003789155978059,-0.74440244564563129,-0.4421379193667585,0.86385158372089832,0.46354153986701219,0.19720467063590194,0.058149652862757514,-0.48061860111165233,0.87499964464988178,-16.337521429983155,13.630385659717183,-6.8773697748689875,,0.1835744063495373,0.196969696969697,False,4
0.43717598819043141,-0.82313965473071793,-0.36237861989846187,0.8977996169324306,0.42326245546858027,0.12167473701096918,0.053225963454878247,-0.37853665951992338,0.92405464893251721,-16.375412646301644,19.971675799011301,-7.4038381516719047,,0.148938083282455,0.4375,False,3
0.30115195462833777,0.94516189634874803,-0.12639814046879475,-0.93474678754874974,0.31881167013473477,0.15686797682507714,0.18856283671716267,0.070909157915876819,0.9794978039448774,-7.6999615256860077,-24.627854574474579,-1.4020293452803034,,0.1740695996016976,0.34375,False,5
0.37935611092659205,0.90675245634398227,-0.18408944569639288,-0.89872271728263575,0.40841376764267362,0.15967364165707251,0.2199691308860546,0.10487219514280322,0.96985329000997011,3.7767465318281985,-24.803486080955693,1.721968159646543,,0.094472699272478,0.2,False,5
-0.84976735958060978,-0.39466590429596976,-0.349477121679865,0.4141075591455935,-0.90999167456972196,0.020738410553180889,-0.326206014735899,-0.12709829345840129,0.9367153568454426,-7.9404680447046507,-30.413235292068524,-0.89961432789370366,,0.1953855167491165,0.5,False,3
0.93380891100496399,0.2399479734114994,-0.26537876287193013,-0.15803299164711748,0.94210524072390733,0.29574192964747004,0.32097739995018942,-0.23422784944634872,0.91766596497034458,-8.4256877473282774,-22.238246021419467,-1.7198281173439878,0.3866046666781928,0.1948878288769428,0.25,True,5
0.94364443272319976,-0.10907390854322555,-0.3124709059506407,0.19518792832252255,0.94587243007743438,0.25928173606440275,0.26727674277361269,-0.30566031553754713,0.91385716295152775,-14.523382931286617,-23.167060555699585,-3.3594687581345459,,0.09504026677923624,0.2222222222222222,False,4
-0.69151236677910111,0.70994983938267353,-0.13334868635303634,-0.71054083438234583,-0.70176666887320793,-0.051529264829221641,-0.1301628567096017,0.059116562984633997,0.9897286813637759,2.1100077115253151,9.3927498381801779,-1.2438762929035967,,0.6316237114163833,0.2073170731707317,False,1
-0.44110186245177002,-0.82784276320347294,-0.34656241335900406,0.86579074946616874,-0.49420342731157552,0.078545213554368679,-0.23629541908464627,-0.2654040916133924,0.93473265861126342,-32.238373100171074,15.045924282019762,-11.887686086871915,,0.3096606084346,0.5925925925925926,False,3
0.91665387576039414,0.33107547158436146,-0.22390780283107731,-0.2611758711166508,0.92023791453011916,0.29146070920059813,0.30254394127119222,-0.20868927326637943,0.93000857567209771,12.876284837814115,-33.174942810175665,4.7408843444706052,,0.4358332462353156,0.25,False,3
0.8744552201024911,-0.36488084443714519,-0.31967176509403877,0.43837081374751741,0.87657585001629157,0.19860968964920547,0.20774767794091412,-0.31381005167306264,0.92647944055931808,-2.276547464852976,-27.563869778217832,0.34112055063766039,0.4424603082481831,0.2840696889240501,0.4615384615384616,True,5
-0.52364535366432363,0.81564850928029942,-0.24599400987542441,-0.84957124143582785,-0.52144982184204858,0.079490810953732616,-0.063436971167857154,0.25061443017057289,0.96600629298122476,-3.2798264868021616,-23.293998992610526,-0.21072429559025802,,0.07801953093744118,0.2380952380952381,False,5
-0.86517007514943223,-0.34719024472979199,-0.36185587604789726,0.38622069741954379,-0.92157299453734065,-0.039201895671492848,-0.31986608752833634,-0.17367253583668474,0.93140943539636156,1.7694748021347002,12.270027407637865,-1.589552561304906,0.8849147323392295,0.6740049821342557,0.28125,True,5
-0.94441037255990989,0.17367012097280771,-0.27915539988067889,-0.1898937358012337,-0.98128479702130145,0.031945519847301901,-0.26838296761289215,0.08317954205303979,0.95971440881084169,6.0424720822882181,4.6684174447229418,0.11304482145082999,,0.1417768491997347,0.5161290322580645,True,3
-0.9392921696465103,0.2156448600233169,-0.26688483356361059,-0.21254028159816954,-0.97629897316646264,-0.04082822176243181,-0.26936378512881576,0.018374148677846931,0.96286320000374037,8.44575085241107,16.232162320022006,-0.084115185886436697,0.4125911214030022,0.2735421367912078,0.391304347826087,True,5
-0.92633000733994686,0.24351232178860382,-0.28742732409897176,-0.22566631020376132,-0.96963901455088342,-0.094206676513978765,-0.30164123382023161,-0.022403807665510415,0.95315824261320503,15.813602831452165,2.7169103148415745,2.7756891309824616,,0.615877057245567,0.1578947368421053,False,2
0.70590057301321185,0.67564024633904385,-0.21263734043327162,-0.64820462602882312,0.73722417420801367,0.19060765923263845,0.28554359354475534,0.0032824518622858734,0.95836010022085094,-18.354715759289007,-22.394258894498094,-4.3501508500934394,0.3743522751098196,0.3286895230901919,0.5945945945945946,True,5
0.40636386409542408,0.90328055112234096,-0.13766864538287396,-0.88410005513058232,0.42675265856585654,0.19039238673086345,0.23072820043405382,0.044344271006447389,0.97200724439346131,-0.74136614461792949,-27.369388957746985,0.74949385553910763,,0.1300045834188021,0.4736842105263158,False,4
-0.58136131064641916,-0.68408731690605129,-0.44050376767033123,0.76031011520146219,-0.64953878889429639,0.0052811404137507456,-0.28973704493180841,-0.33184921963146191,0.89773522835197506,-21.841948842705349,26.811291034690758,-9.7507785596660508,,0.423660699989886,0.44,False,3
0.6808386341722914,0.70711654584056394,-0.19090559137154112,-0.658170649760079,0.70501856808729535,0.26412159026958593,0.32135673326196867,-0.05417572565871917,0.94540723539464577,15.137684736908394,8.2975726851952647,2.1454690593838275,,0.2341902811788235,0.1111111111111111,False,3
-0.79998308007237384,0.56084684590254508,-0.21325545019784012,-0.57256312091500505,-0.81981946251095927,-0.0082171440482713132,-0.17943952788052589,0.1155286299122754,0.97696191916809405,-24.461347026163175,26.848123750160024,-10.572691533198872,,0.7424009067568071,0.4642857142857143,False,1
-0.19477825812893218,0.95834545132364557,-0.20889094304812586,-0.97796733237000932,-0.17344276195981331,0.11617876372572454,0.075108767646295718,0.22691761555910081,0.97101342357952269,-20.780542349426078,-19.462041626751766,-5.2774757780172115,,0.1967993461997874,0.24,False,4
-0.48500871152765712,-0.8065796550881178,-0.33792870511428041,0.83825557127053396,-0.53889839632968983,0.083163186971155031,-0.24918697192307726,-0.24293574959486935,0.93749030639926445,-1.3287352878019556,10.388931965497926,-2.2827068666803019,0.196244455785605,0.1483872083593356,0.5094339622641509,True,5
0.18753439772789851,0.97826022213172281,-0.088531279577480027,-0.97408260305603256,0.19682102634273263,0.11146553733318942,0.12646711862147281,0.065333156851516916,0.98981697627561305,-24.156019835510754,-21.266064811161645,-6.0409000812853009,,0.5357485635538972,0.5,False,2
-0.92744302268281675,0.24513246873968947,-0.28241726655172095,-0.27487037983479806,-0.95890413502838501,0.07035008255104655,-0.25356599528807988,0.14287383453610519,0.95670860424609738,8.2810233960937492,6.1354271248361041,0.59687754974385898,,0.07678261985924947,0.4375,True,5
-0.74767701639166206,0.61036676618564689,-0.26159413199790893,-0.64178629559285283,-0.76534313135197896,0.048582322727020733,-0.17055623690990332,0.20421141502968129,0.96395449478837436,10.373492449957039,8.5252965527602136,0.91807246692542044,0.4013163833444744,0.305582823139982,0.4285714285714285,True,5
0.95877706463583501,0.10043737006205777,-0.26581737156045482,-0.026090158606554305,0.96261518106425958,0.26961327268609619,0.28295908529710878,-0.25156380478844659,0.92555378458962823,-2.2400313399674205,-23.15034825270671,-0.039460697357746821,0.4393314717114127,0.3324393704378885,0.4117647058823529,True,8
-0.79592119276882622,-0.44326828347735675,-0.4123380697491873,0.52851821584545022,-0.84093684089874021,-0.11616249454444547,-0.29525912419600192,-0.31038437216181469,0.90359481577570244,-16.675429782454636,-26.69591353197708,-3.5885489166206512,0.7858294537321926,0.3444293669373207,0.5882352941176471,True,5
-0.90016043818354419,0.38922382831660579,-0.19548912245895927,-0.38590304153280358,-0.92081303684325388,-0.056410936131524744,-0.20196541304129267,0.024660953956993803,0.97908212591436405,11.648261985669892,8.5232428628237074,1.2350576511302824,,0.3368120268285501,0.2941176470588235,False,5
-0.51958822224818912,0.82077985530105446,-0.23737840768053464,-0.85224681381140399,-0.51765337298136649,0.07556688288744097,-0.060855958206869162,0.24156865395368277,0.96847361232907625,-13.213909465275531,-29.905886636792918,-2.3875846099124081,0.3629252943282456,0.4432989379590316,0.3529411764705883,True,5
0.37858381957650961,-0.78322722605335082,-0.49318293150070835,0.92474637358857148,0.34251183067273039,0.16592103659271132,0.038967115490445611,-0.51888414720242382,0.85395597409489821,-22.588167031996704,-19.04081185146644,-5.8204409551528231,,0.2967644119907142,0.3043478260869565,False,2
0.46801508867618574,0.86177072291059187,-0.19573731863284979,-0.8467212926296096,0.50070149022228916,0.17989182943319459,0.25303147902793599,0.081542864944362636,0.96401547279989286,-0.52709698673566507,13.018585806222653,-2.2697291116570222,,0.08873218116476578,0.3461538461538461,False,5
0.31904842342985773,0.9238905486959651,-0.21126844898656799,-0.92595404998917596,0.35139154918712934,0.1383223643107345,0.20203267264371985,0.15149334371561407,0.96759111508648021,-16.861682631284296,-29.23440396471646,-3.3714794173574072,,0.1618663705890772,0.2941176470588235,False,3
-0.036312589234017721,0.99273470048891521,-0.11471360123500327,-0.9966318308265939,-0.027528969357236616,0.077247327651888617,0.073528155466810144,0.11713227689800182,0.99039065022966399,-9.6439987362632191,10.498706142423718,-4.7469579213851532,,0.3282034663040762,0.2983870967741936,False,4
0.39074149121737706,0.89044481646181417,-0.23330048409188128,-0.88319461530798404,0.43408732787999127,0.17758227182067224,0.25939999717078371,0.13666096959371646,0.95605199694237475,10.977609025227745,10.598575874032905,0.931607161667243,,0.1007937448789178,0.2777777777777778,False,7
-0.35983887292625993,-0.81094113145154945,-0.46140054925329199,0.91712214846051632,-0.3983170900496999,-0.015180928084471926,-0.17147288512859821,-0.42862335108393251,0.88706204550259882,-18.160675975288953,-18.856748382291936,-4.6582724364407779,,0.2460723413939058,0.2272727272727273,False,2
-0.38744398090907345,0.89424972687070348,-0.22406380262997005,-0.92180313708032657,-0.37918767525952807,0.080595802621126658,-0.012889457948200442,0.23776907478254478,0.97123618597684813,-11.198431560587272,19.751326751017903,-5.8691015019068127,0.2143466877123949,0.1437935820151832,0.6,True,5
0.90403162641888979,-0.26770647549811177,-0.33325674998534449,0.35875623298389941,0.89905360656329203,0.25099119072337561,0.23242371593625627,-0.34646191060766673,0.90881426087428163,-8.6335847506765049,-28.297668222076812,-1.292126796243426,,0.3923524723606988,0.1071428571428571,False,3
0.74139749561377788,-0.49904510952126668,-0.44864655594412667,0.65360875285968933,0.68850658781327656,0.31425193193188439,0.15207021957905198,-0.5262249112315257,0.83663731157327281,-21.868328915292391,-29.184528251109899,-4.7408482221165649,,0.4877924860853128,0.2,False,1
0.44508348592305613,0.88527995246515001,-0.13483358751395116,-0.85412541320094826,0.46491802085072875,0.23306868604029821,0.26901759995005992,0.011429770406397588,0.96306743858650279,16.7591812830013,0.54742637433158869,3.2382552351771143,,0.3384569312844479,0.7096774193548387,False,3
-0.19034106706362236,-0.87391513800538023,-0.44726123211621793,0.96376541777672442,-0.25307028215959854,0.084330610013894164,-0.18688632289907131,-0.41500332992964883,0.89041885562951006,6.9316452614550697,12.518806995855735,-0.14860709203314379,,0.250886282465346,0.125,False,5
0.93542593375115435,0.24625211759769189,-0.25364979212377298,-0.17917977055998766,0.94875732375948851,0.26029627433907526,0.30475060670628851,-0.19803897392024994,0.93161560341203165,-17.734159025547655,-23.459775229608383,-4.1423610544002694,0.4703942586287503,0.1811221182722561,0.21875,True,4
0.88274658040948151,0.41915559107245193,-0.21229004980938199,-0.35150661094538982,0.88896401631016575,0.29357465859195986,0.31177167484723961,-0.18453067002100976,0.93206590678156687,7.2003987329357102,7.172071876637065,0.23531426922930851,,0.6602951513088868,0.5921052631578947,False,1
0.27551533280342438,-0.89063080791877891,-0.36175691475929,0.96109859319528712,0.24757012907559875,0.12246846674769192,-0.019513983403123172,-0.38142600222773682,0.92419338305157117,7.9084170000877254,11.189200464691552,0.11523884047084987,0.3926771338605657,0.1699383768149416,0.1304347826086956,True,2
0.10216582419390942,-0.82205817833212913,-0.56016291898343207,0.99193233944622794,0.04170421769746778,0.11971212213879716,-0.075049172730358965,-0.56787420232257635,0.81968683776731799,5.2760032580858107,10.727135570960453,-0.47495526604560112,,0.3382041885569803,0.3902439024390244,False,3
-0.70631404481202509,0.6911145595876651,-0.15323555601499222,-0.70281256925337454,-0.7105148257511924,0.034973917241610128,-0.084705150969388493,0.1323984437737088,0.98757059974745753,4.8741314321561813,-23.4174583187697,1.924024093640994,,0.554667187839168,0.2368421052631579,False,2
-0.95618397489172224,0.043160334926325795,-0.28956759426654305,-0.058210591598890742,-0.99735347040306599,0.043561245398493847,-0.28692112711679685,0.058508465746488651,0.95616579433172511,-19.335173381141143,19.832791647330097,-8.3440225130371246,,0.08595708498752021,0.25,False,1
0.82673563789352877,0.49253424255739348,-0.27187902630617644,-0.46938474873331354,0.87028294114241311,0.1492834887490081,0.31013890870599264,0.0041978881506999077,0.95068198417858463,-11.362035790651777,-26.418940568633609,-2.1421269671671452,,0.09158741423519447,0.4736842105263158,False,2
0.95118637992437594,-0.043383799396252712,-0.30555247764714066,0.13323557348721632,0.95077794563714935,0.2797670102916614,0.27837520112950659,-0.30682102933134769,0.91014729761514945,15.81457265372357,-31.933823837783773,5.2930691128732805,,0.4535726665392147,0.3076923076923077,False,4
-0.95577945966747202,-0.025911859037737479,-0.29294060838156949,0.016131873852558314,-0.9992304589810943,0.035752657110166508,-0.29364159637857989,0.029445974353728158,0.95546195500951236,-17.211984335375373,10.543424298637008,-6.886724332110802,,0.09958730542909304,0.4186046511627907,False,2
-0.29516693324941884,0.93856824317218757,-0.17879075598252986,-0.95470977313056826,-0.29707280643697037,0.016643219779832408,-0.037493074095231796,0.17560581022373309,0.98374634373427494,-22.766033875251061,-33.139026503653199,-4.6372103083286724,,0.4524192790578979,0.4666666666666667,False,2
0.95237745054615142,-0.021571051856074608,-0.30415765881041779,0.11900918225013318,0.94467910300066005,0.3056439217357716,0.28073832341055011,-0.32728593320778454,0.90225822894166086,-0.99125798123085807,-33.280847522574575,1.2413242564022877,,0.2944651290532059,0.35,False,3
-0.49037310199262329,0.86286611268265634,-0.12245935009648407,-0.87008105486260678,-0.4927609630697507,0.012066119663940333,-0.049931741520851322,0.11246646103835872,0.99240017952950921,8.5527702321586254,-30.34180414538487,3.507972483139421,,0.5680254098555477,0.15,False,1
-0.94216873160357306,-0.085165752290460459,-0.32413712503401243,0.14241760917400764,-0.97724410020665387,-0.15719794276150154,-0.30337321204363893,-0.19426982073417526,0.93285793718349075,-19.782341209662455,-29.167410822507318,-4.2162975855680651,,0.481910019635217,0.2307692307692308,False,2
0.82706581035481985,-0.425273359909911,-0.36756593244350116,0.53149347987072149,0.80450788915342553,0.26510702960278298,0.18296673521991993,-0.41461985678550783,0.89141098723435608,21.927807461591104,2.3291908147005467,4.3848327962219544,,0.2742303052829619,0.35,False,4
0.87201544117116003,0.45305425038027819,-0.18528603987195164,-0.37653510978187832,0.86274971612927498,0.33746738867689663,0.31274651310704549,-0.22451007445372867,0.92292190623484804,-9.796844336002108,-22.584479828676777,-2.0865270719719096,,0.09172028246411972,0.2222222222222222,False,3
0.86970792937663155,0.47052139721191671,-0.14905613823374578,-0.38293106915154401,0.83379053321761076,0.39768975721678768,0.31140313719978374,-0.28879570890585915,0.90533149987156369,18.088527970500714,15.595428418783019,2.4693848807307872,,0.2705770754284423,0.1428571428571428,False,1
-0.29029596444969674,0.95492534221353098,-0.062014867754364378,-0.95650168355768084,-0.28759966568711515,0.048897460547379347,0.028857969012793014,0.073512060881399,0.99687671982518833,-3.019075086095278,-21.067060985089768,-0.44481052029482426,,0.376050521797119,0.2307692307692308,True,4
0.87109437250966448,-0.3729520837672059,-0.31953299891512343,0.45690475708939221,0.85400961132929054,0.24880841365652612,0.1800906358783729,-0.36273175622061637,0.91432654773774913,3.1990445313323463,15.244355828571333,-1.4330328940341641,,0.4940058519649885,0.5,False,4
-0.40551542119827039,0.89340578832642326,-0.19334771929151856,-0.91406007898217467,-0.39798715911236093,0.078105013877300788,-0.0071704380263895445,0.20840421916677918,0.97801649589973461,13.764536149514829,-30.897837831784987,4.770603618781335,0.2209464730575376,0.4209480723580609,0.68,True,3
0.10497258986534479,-0.90889966549702228,-0.40358661206284174,0.99121161170642447,0.06277393894497045,0.11644300497533423,-0.080500286926909109,-0.41226306000990892,0.90750144526383636,-11.149295543534262,20.78756303256316,-5.9676275215690291,,0.1281893479054196,0.2,False,2
-0.92616346698687324,-0.22431647876614075,-0.30315565271459877,0.25485261436063533,-0.96481353079034959,-0.064691543167624752,-0.27797729650531566,-0.13717495455737858,0.95074268573035958,23.720082361552279,1.5220239856757465,4.8411764564778474,,0.2513732450882555,0.2413793103448276,False,3
0.43527726217602419,-0.82049764623637433,-0.37056351352111422,0.89931929248896036,0.41543727564587257,0.13651622673180738,0.041934653804454977,-0.39267732621645446,0.91871976265115585,17.333204720029855,15.962663890509443,2.2547241382699981,,0.1889612002275341,0.1,False,3
0.71453208512276456,-0.5881836893785849,-0.3787926172447274,0.68680937973305289,0.69282094658482229,0.21975443541373679,0.13317948505987462,-0.41717991744846428,0.89901287045118516,16.767396646768006,7.2315103259836864,2.6951603556619013,,0.3164419835987667,0.3846153846153846,False,3
-0.37898386200664069,0.92539313249683353,-0.0043338973486752308,-0.92536139640667803,-0.37900711025404321,-0.0077392775607282582,-0.0088044522154438337,0.001077360003347072,0.99996065968447423,15.671788370893591,4.8836362611843569,2.5732484879740896,0.3923098240736183,0.3097865753322644,0.3492063492063492,True,2
-0.60879496521203713,-0.72674114724153038,-0.31814461371919694,0.74974372345343399,-0.65814987968352501,0.068724704544587012,-0.25933190986581967,-0.19668767317405594,0.94554794682592413,14.969907223192159,6.7429556230080436,2.2479090765694592,,0.174196846003028,0.4074074074074074,False,3
0.11322108582519269,-0.82505932754441236,-0.55358657114901844,0.99042482732628945,0.04942463291587075,0.12890254875999319,-0.078991437132485007,-0.5628803706766603,0.8227551526223652,18.909241250669897,5.3515853039910519,3.4182807282972694,,0.3726628005192842,0.2380952380952381,False,2
-0.71028511228709368,-0.58474126877779697,-0.39188353863289604,0.63817679004228456,-0.76984854653415757,-0.0079749639854166665,-0.29702768206790797,-0.25575547694502071,0.91998026723293846,13.487155063524114,9.3015563722662353,1.6860814556701502,0.306282000761667,0.1887987578592247,0.2777777777777778,True,4
-0.89614300899178967,0.34177116943765601,-0.28305507445788497,-0.33973753572873877,-0.93873826352037604,-0.057869503365017602,-0.28549275691706399,0.044305082597449072,0.95735622701475565,9.5547383823885852,10.479120064636282,0.56719183302464893,,0.3894934643521918,0.2941176470588235,False,3
0.92304777314823572,-0.083960640226699357,-0.37541100060974042,0.20995347204066339,0.92768130972136664,0.30875059056092646,0.32233887147558588,-0.3638103880957404,0.87392199505989876,9.6746311187449496,-32.40857898430248,3.9070721178115719,,0.583331364854269,0.3684210526315789,False,2
-0.24580625060475522,-0.89158378806155936,-0.38033884370312643,0.95177791887939744,-0.29631092700881417,0.079489796004132973,-0.18357036878873956,-0.34245902441164566,0.92142484028909744,6.3167831434248685,14.587341864344861,-0.49074286897100172,0.1790996369228298,0.1280493674605871,0.3571428571428572,True,3
