axis_00,axis_01,axis_02,axis_10,axis_11,axis_12,axis_20,axis_21,axis_22,location_x,location_y,location_z,dbh,dbh_approximation,score,reconstructed,number_clusters
-0.8538574272509486,0.45134974918657089,-0.25925064674482362,-0.46616606227004931,-0.88468383528871908,-0.0048696988077700509,-0.23155279379879262,0.11669582463850856,0.96579779881500616,-23.81349457374699,-2.3062595282245151,-7.7444380083534492,,0.07759696348652519,0.2380952380952381,False,1
0.85665864134410175,0.45385648757613695,-0.24525550125436607,-0.43520671394258265,0.89106745869763937,0.12881731323634762,0.27700376955878725,-0.0036156237613935438,0.9608620290733938,-0.31829610501795835,-16.54407646548432,0.034912615265490568,,0.09124809107501852,0.25,False,3
-0.94461853018673803,0.19942252446915365,-0.26062710749689016,-0.18255500984645931,-0.97928033369438428,-0.087656696374969478,-0.27270772047707936,-0.035223355515399915,0.96145193037324039,13.083276699631053,3.5049015819719593,2.6845159192153512,,0.3461556654112662,0.2,False,2
0.049989598550329584,0.98006215715006018,-0.19229978720515295,-0.99671865893421485,0.061227503630940761,0.052944383380138613,0.063662822503851094,0.18902211754578713,0.97990697727353149,4.4990051540670395,-5.3075745179610649,0.62123208065224789,,0.07852400086868933,0.2272727272727273,False,4
-0.38214650462834621,-0.7469444226424643,-0.54409381404648804,0.91040544541918123,-0.40530206734060742,-0.08301902890622842,-0.15851174704557669,-0.52707140284096865,0.83490703815204115,-14.691611626389111,22.067720402498097,-6.3923694727334972,,0.1222960043811922,0.3571428571428572,False,1
-0.080512644287296029,-0.93476461484289708,-0.34602431843366177,0.99439137101853148,-0.09921248908814484,0.036642642546940059,-0.068582179564048718,-0.34113340036787304,0.9375097267760476,0.78124906495794022,6.3284902267191647,-1.135453871493338,0.1836212173146959,0.1401046255645486,0.5384615384615384,True,5
0.91694374036274673,0.26404589712470888,-0.29915537972963724,-0.21861854781768908,0.9596375396960185,0.17692292942481336,0.33379650621248363,-0.096827457974379916,0.93765896562799367,-2.2098707321297235,24.800397899357094,-2.9241472623023514,,0.236853064965145,0.4090909090909091,False,4
0.18024465319178798,-0.82004783149349891,-0.54316978842584862,0.98361957554981427,0.15144708382129593,0.097756388012384635,0.0020965664727319519,-0.55189250299748993,0.83391262704445857,-28.654713750163463,-0.48535452580392718,-9.2746225802635198,,0.3363722911144822,0.2222222222222222,False,2
0.95224636967542586,-0.062304898141679756,-0.29890625806016213,0.12762756157657956,0.970555630849259,0.20428649723565762,0.27737710245438374,-0.23267975222256204,0.932159898268349,-9.9348728536165858,-4.1832390773097776,-3.7202149591793163,,0.214879198398686,0.2602739726027397,False,2
0.93082881420323949,-0.23151526175363848,-0.2827691677395805,0.27465583631918433,0.95359507098441798,0.12337184512696564,0.24108481956523131,-0.19250227055639335,0.95122078699208024,1.088182294008587,-12.922562436969061,0.25090751699331265,0.3258991884337246,0.3465562085308669,0.6388888888888888,True,5
0.32687094554224877,0.93979442523894474,-0.099708691948682621,-0.93405550154859862,0.33731868257480918,0.11728779311075399,0.14386001872345242,0.05479548043220564,0.98807982994143317,-7.2788257520875543,28.077755873748522,-4.4539694538484378,,0.4142046637514837,0.4,False,5
-0.20257111469414904,0.95058937488934581,-0.23525472118334431,-0.97917674401258703,-0.19989211103739676,0.035440766497385839,-0.013335946778503582,0.23753522747688652,0.97128737674852184,17.196802808370624,10.091012878877915,3.4769232161398387,0.2857268090612858,0.2214354282852944,0.2857142857142857,True,5
0.37258140397125267,-0.85558923006563825,-0.35937468860577487,0.92636492819041072,0.36587931187311235,0.089332798915249756,0.055055583128187924,-0.36619584724426524,0.92890768337196405,-10.614074996560099,-9.315274910894443,-3.4726150171200234,0.1835942903958162,0.1479314033084857,0.1777777777777778,True,5
0.88724726794842146,-0.34442365261473989,-0.30686256376036319,0.39144116784424621,0.91410025519209159,0.10580423230894825,0.24406166768830101,-0.21399315637953048,0.94585455086283288,6.9470641969801967,-3.0419824437405141,1.1755057307329473,,0.08253211227611365,0.2285714285714286,False,5
-0.93364605285351987,0.28838050439346402,-0.21246583884665798,-0.25134539043621973,-0.9500507737733116,-0.18501086984065709,-0.25520686255958536,-0.1193323591424536,0.95949426541485361,-18.42766222785998,16.56588520612884,-7.1308924519982479,0.5298162843386466,0.3994736478141472,0.28,True,3
0.66150971333942432,0.70988416052319891,-0.24180442054657597,-0.71155831617810683,0.69596047004076445,0.096559757758682613,0.23683256075837555,0.10818272865347404,0.96550858897563363,-14.749501849852582,17.063522033105357,-6.1200666173982725,0.246038260464235,0.1895663282260217,0.5357142857142857,True,5
0.36588290110475336,-0.86805895727334037,-0.33556422541249931,0.93062506200893425,0.34442230136369129,0.12373468504912707,0.0081668010896070037,-0.35755688361554455,0.93385565176803598,-0.17692240648802351,-18.110400254174323,0.13001975630735346,,0.3907486657310107,0.5333333333333333,False,2
-0.80679993770611269,0.54457699171887941,-0.22915008315038504,-0.54843352330540873,-0.83455226706793195,-0.052375414524292188,-0.21976016707362722,0.08341710629236232,0.97198099536234772,11.680111706076529,3.5838288684595301,2.2811435571141891,,0.283476935494733,0.4805194805194805,False,5
-0.59774730063586723,0.76318623367747029,-0.24544844124119902,-0.7904497787990129,-0.61214488187154614,0.021628471861535208,-0.13374345508894453,0.20694302675777951,0.96916834032958543,1.8222047533139307,-20.903349735011549,0.97493872965624995,,0.2011789493501074,0.7317073170731707,False,5
-0.67219332338838367,0.71198819032192906,-0.20304913896440421,-0.72180308096038348,-0.69124705434318534,-0.034319414009708143,-0.16479213666974549,0.12349221313093225,0.97856692412315172,-22.148479217114307,3.5458249541416271,-7.5567005415287589,,0.158504461307135,0.3255813953488372,False,2
0.72202587382892092,0.64933261042466195,-0.2388426229982363,-0.64590054093388471,0.75634776378046664,0.10368486603937446,0.24797404852705535,0.079405423387714738,0.96550693938144194,-4.9197012735118184,5.06351064301339,-2.7239916056626732,,0.08436935045955338,0.3428571428571429,False,5
-0.44816990329150991,-0.77241924286086672,-0.45001361206292884,0.87657957216738025,-0.47846896428593594,-0.051727206323143378,-0.17536245733489225,-0.41765531658700256,0.89152231889284705,-9.7163548838922988,4.3266534487388881,-4.0630099861206146,,0.4443842705251507,0.2895622895622896,False,6
0.91154599206782583,-0.28251490602247187,-0.2987795712899351,0.32084296132661144,0.94312091362450179,0.08707890933662224,0.25718417235952529,-0.17523775323599372,0.95034100791692,-1.5164424625519433,-17.421388813102514,-0.30247690741104039,0.4503575553927639,0.3531747053079241,0.7333333333333333,True,5
-0.68031498739712037,0.69653006181359478,-0.2280732139309834,-0.71352212053433262,-0.70054482963958042,-0.011096178326034545,-0.16750433257395964,0.15518638682308317,0.9735807536685136,6.836562876801846,12.146964965456073,0.3109283945081292,,0.1212898572416509,0.3571428571428572,False,5
-0.27381938906197772,0.96101664838628731,-0.038339844784663235,-0.96146042167541612,-0.2745398739447108,-0.014890102959789861,-0.024835452994785213,0.032785044438112643,0.99915381255126812,-31.024189486161333,0.71784681738496681,-9.9967159958174072,,0.2992459976565014,0.3888888888888889,False,3
0.73056986714237904,0.67155040587165149,-0.12364352630520944,-0.63587291574997262,0.73506896433007141,0.23524296523880345,0.24886402761185747,-0.093239852275389862,0.96403995026579081,4.4691807784348887,-7.3894615929342375,0.81927685567873032,,0.2835901870033829,0.3636363636363636,False,1
-0.67597577858809044,-0.63721082605382673,-0.37016092435861475,0.6974860216664337,-0.71534922435905135,-0.042293460355407327,-0.23784447931822067,-0.28677142530019095,0.92800439292556192,-0.66395803206079251,-11.63519986730376,-0.36129057418693272,,0.118023882602577,0.2285714285714286,False,5
0.37756608147603993,-0.860413265656083,-0.34224679166043859,0.92311847888728082,0.37879302767109646,0.066091725084138311,0.07277450141128898,-0.34088833137964591,0.93728278415510213,12.218083404797847,11.5415783505111,1.938308455859135,0.2028905230304439,0.1327409128047827,0.2666666666666667,True,5
-0.1476044630758542,0.97681912284534456,-0.1550397488508756,-0.98898001098627442,-0.14758708609989427,0.011687167583876265,-0.011465615974731592,0.15505629061794357,0.98783909944389514,-19.334590722374848,-0.64043442024887065,-6.5043568283847204,0.299690371204364,0.1026458758451578,0.2631578947368421,True,3
0.92042219097996503,-0.2019512149208294,-0.33472182053705724,0.30318022931558708,0.90929297108088059,0.2850755010432382,0.24678885490189589,-0.36387085557228432,0.89816104433520438,-4.8629747046469909,-16.470999160967438,-1.3077241190639788,,0.1730601891392773,0.2857142857142857,False,2
0.78797479990696251,0.54745332091472432,-0.28176333354612132,-0.51529416903048486,0.83683608217166838,0.1848710116236594,0.33699797339860205,-0.00048269556984284478,0.94150524848787853,-21.967281548398759,-3.1137890724656465,-7.1296119947530325,,0.2722509363231856,0.6086956521739131,False,2
0.69084938649519723,0.69806898283994456,-0.18822013807245422,-0.68224708913074672,0.71559808213057008,0.14986091626462192,0.23930322720730618,0.024881319254696999,0.97062602757205785,-24.301105448357628,4.3843131693670818,-8.223492578052376,,0.07485200491056707,0.4,False,1
-0.55821327965057821,0.81255245209664828,-0.16779882899910342,-0.81388029965884834,-0.57555798350812726,-0.079573019593845912,-0.16123520784546314,0.092149444989013701,0.98260454280409659,-35.560450377007257,4.6293707972197424,-11.602182372274138,,0.4284117537687045,0.3958333333333333,False,2
0.93306935870746766,0.23097474873379917,-0.27573943731101186,-0.21955835946934868,0.97293691445309483,0.072026989952515733,0.28491349323674253,-0.0066652788276160002,0.95853005974240946,-9.5911434867698855,-16.474820819117461,-2.7250037605991451,,0.08592281509606593,0.4,False,3
0.70367329422465685,0.69352286593466894,-0.15449896252332168,-0.66885902708126466,0.71992672950232361,0.18529194812509356,0.23973213569924989,-0.027046969772075102,0.97046224271695647,-0.43955007262550883,7.2561565236370731,-1.5551588213046466,0.7974961775641833,0.4408106388889815,0.3037974683544304,True,4
-0.082869398366971783,0.99424025389770398,-0.067963080740394421,-0.99635216518189906,-0.081265057311575031,0.026045218322919686,0.020372180826761458,0.069873514220880922,0.99734781608964596,-11.08420199242482,-10.714609806284082,-3.5050914712673462,,0.3699422483221793,0.2545454545454545,False,5
0.35439101813861529,-0.84697413314916636,-0.39628502878470362,0.93317517678317974,0.34749214124647743,0.091833007179440734,0.059925751546030623,-0.40234814470574609,0.91352333016376042,-8.9043650943306059,12.857517260030415,-4.1924314238906986,,0.212057680014892,0.3181818181818182,True,3
-0.26468471909045621,-0.84897064134878686,-0.45737386196396884,0.9561003865949842,-0.29288004266752488,-0.0096608157000661402,-0.12575392730618018,-0.43985239653194819,0.88922203022202151,-24.580948669843476,-6.627173354737522,-7.6695260272142232,,0.503056079161152,0.2857142857142857,False,1
-0.90134456961973353,0.38672305856792422,-0.19499549427842383,-0.35086438655819796,-0.91595552704255356,-0.1947296965676717,-0.25391366458337072,-0.10710158006335761,0.96127888902533154,1.2452668047742483,-9.54463164621923,-0.050134006524203203,,0.5874398421690395,0.1866666666666667,False,2
0.7490479065377057,0.63537145793014083,-0.18769748042850309,-0.59184262944691668,0.76905023757497459,0.24142086499562498,0.2977407188827903,-0.069748423162128453,0.95209538481475497,12.610266735842698,27.32247400333118,1.3124631273847012,,0.5012319953448257,0.6086956521739131,False,4
0.84125499554070837,0.49314228246355329,-0.22158682660401996,-0.4616083523944623,0.86853876088444448,0.18043877033770775,0.28143873485622584,-0.049508686994820111,0.95830116791882103,8.2590018158168679,-11.088843838860683,2.2397517292772262,0.4101013453368909,0.2774810286016681,0.2857142857142857,True,5
-0.96410820945390063,0.083336884029633421,-0.25209189638666557,-0.041080304318408339,-0.98485128944861255,-0.16846467365151827,-0.26231235018714011,-0.15206216305063205,0.95292671780555216,5.0241042007743166,12.113488882088168,-0.21103563053429428,,0.1798798208844572,0.5,False,6
0.50059185896268155,-0.7895269994071783,-0.35504212137066798,0.85714949199432211,0.50949851496593046,0.075538146796086766,0.12125402720801559,-0.34213795529670349,0.93179347520318523,6.511463010446235,18.826828959045969,-0.15179966943299558,0.3078093710178647,0.257130810998315,0.5185185185185185,True,5
0.94589344954691024,0.16047994915560523,-0.28201377275456391,-0.11636069739818365,0.97908885304208437,0.16686882857425903,0.30289564243358924,-0.12502481260834378,0.94478729141907547,6.0126326185962888,-12.50212597843265,1.6877551030167945,0.3348130583018181,0.1901494277586144,0.5952380952380952,True,6
0.65020890834801925,0.75461529599915667,-0.088227719844629376,-0.72474570074934708,0.65089590209797454,0.22600485365894712,0.22797378083940989,-0.083007708534624858,0.97012250544640788,12.421627676824858,-4.3434431040785597,3.0345184261581575,,0.5223536563874116,0.28125,False,2
-0.89135090391931593,0.37704154476169649,-0.25166096162482804,-0.38014844679155679,-0.92413960516294902,-0.03812018587621107,-0.24694275548026609,0.061690061541414841,0.96706443002668196,-3.0477283051719697,7.8237550967105003,-2.3132108803798905,,0.08128266602893791,0.28125,False,1
0.93978233487619844,0.26007473631752076,-0.22174375883891922,-0.18250315640415785,0.93043065698580407,0.3177914260068771,0.28896671254170481,-0.25818583243535442,0.92186675554144093,-40.679819964474063,2.1083156195022474,-13.002824831085656,,0.2322572903407657,0.2,False,1
0.16265129823074664,0.98387932136085732,-0.074337313526599974,-0.98194156371298602,0.16878714114037396,0.085449788990705225,0.096619463032813963,0.059096378773650454,0.99356544695308946,5.1030948487967729,-8.0447790231617731,1.0636117790719624,,0.3876721661208092,0.1176470588235294,False,1
-0.6349918941251762,-0.69301639884218491,-0.34134083454976716,0.73760935712660236,-0.67522650101938786,-0.0012683061128056783,-0.22960342043315085,-0.25258155763421258,0.93993873527399296,18.19144399822504,-16.53627838555969,5.7438681062563459,0.8606436028320436,0.6707937082975158,0.4761904761904762,True,5
0.50837959593013904,0.83788694834196553,-0.19873512080177952,-0.83782303184205009,0.53459920619415724,0.11070797645866895,0.19900440637559946,0.11022318510534151,0.973780311830307,-21.712772890358558,7.1029823263051126,-7.6092813015721354,0.3188504847467327,0.1505512804897737,0.44,True,4
0.4328553214316766,0.89615432531316341,-0.097691841679791086,-0.88413080697945567,0.44318127077936564,0.14799688300854119,0.17592324138139676,0.02231112845411462,0.98415101823295759,-6.3078349736335495,-22.114611626148537,-1.3793568978389268,,0.5862920524035657,0.24,False,2
-0.94721740876667759,0.18702059660473061,-0.26038908766488755,-0.17462951358349046,-0.98213198749664998,-0.070151921723321145,-0.2688563064444191,-0.020977501793398905,0.96295183207862167,-3.5363562428747128,17.781712974572297,-2.9738135068993889,0.2572044709801504,0.2227938852136624,0.5145631067961165,True,5
-0.48652484003603613,-0.76884011579790257,-0.41494391954549503,0.84954006305511842,-0.52717057523558175,-0.019309735111916616,-0.20390012577783267,-0.36190614936148113,0.90964206024245076,-19.187580917344409,18.219301542327173,-7.4632451168842922,,0.2337116778513906,0.7608695652173914,False,4
0.48176692542510324,-0.79351209282985413,-0.37180530940161338,0.87047600488613186,0.48218691110522294,0.098829690256949043,0.10085709932336771,-0.37126047633917381,0.92303494203875502,-20.583148150758774,6.3049599189976417,-7.2247171617494956,,0.3060539548690566,0.2878787878787879,False,1
0.74011390348378425,0.62164478908253296,-0.25649398838282667,-0.6239667891491949,0.77704987173705387,0.082818735031836066,0.25079245584514864,0.098748433101301769,0.96299111680804073,3.0934811192017402,8.349010797266919,-0.57712178986004592,,0.1023925743497935,0.3488372093023256,False,5
0.10962339660366495,-0.83698391935660843,-0.53613489874799847,0.99393558085833011,0.096998249616609897,0.051801550895011185,0.0086470816400768744,-0.53856221396396242,0.84254137564237497,-26.633589283302612,18.78375325692403,-9.6691908086490894,,0.278867333099745,0.1428571428571428,False,3
-0.2651776145016414,-0.85973852156784158,-0.43649800377500031,0.95727297546444878,-0.28891563486916833,-0.012498254821595597,-0.11536586675728212,-0.42116200025701123,0.89961841150948751,8.0990320089075194,23.672043591562883,0.1052251604424275,,0.3152325346772893,0.7297297297297297,False,5
-0.42864636942266227,0.87308490402864325,-0.23234681047534073,-0.8983569821905103,-0.43921157670764466,0.0069226754613407951,-0.096005325531080557,0.21169775918341269,0.97260836734339884,-6.1812774396140391,-13.888111930429034,-1.8862535943465417,0.1808159210321558,0.1469797055665158,0.16,True,4
-0.76153047454075184,-0.55424289849233999,-0.33598533571652572,0.58659552516527935,-0.80985486115685534,0.0063869959041931434,-0.27563930453004509,-0.19222360243065811,0.94184556083615578,25.595957749718767,-4.197919432116735,7.1892456931796493,0.2013514951343189,0.2078768712675928,0.4782608695652174,True,5
-0.50892191425881494,0.84082231144572939,-0.18443515327129403,-0.85378554539992746,-0.52036636262418956,-0.01640399693430402,-0.10976669646706819,0.14911971440534913,0.98270778114471813,-26.102546310710942,4.1113487564315063,-8.6975891464610893,,0.09336309143905415,0.1764705882352941,False,1
0.95797067932500557,0.071087676944878914,-0.27791854875155264,-0.017841208712968008,0.98169797583826179,0.18960689730788041,0.28631079061964981,-0.17667944538525501,0.94170616688705555,-11.261610884967924,-11.987791736655232,-3.474512673600004,,0.2659881560658622,0.4,False,1
0.12755322164773653,-0.91492567492626398,-0.38293757325183414,0.99177604490486326,0.11356511863609481,0.059018984928888699,-0.010509633682963683,-0.38731637351122938,0.92188696400912395,-4.3088030148824723,8.5992685409379153,-2.7284543317642731,,0.0718330318235909,0.2535211267605634,False,3
-0.89248987203781827,-0.30224254034275838,-0.33483021834517357,0.35520346997123992,-0.92844630550087204,-0.10871040760743025,-0.27801496943565995,-0.2159557931821679,0.93598652349312783,11.00570155806107,4.6205134082568673,1.9328095145137711,0.658652369528877,0.3834626268375404,0.2621359223300971,True,5
-0.94232491274218344,-0.15590704702721822,-0.29617013946833093,0.17133015773556998,-0.98485221855874017,-0.026684914281923433,-0.28752345274036789,-0.075888736233920978,0.95476235987656999,-24.090896622037537,11.906149273958189,-8.586181445290002,0.234915348754199,0.1400159443722593,0.3684210526315789,True,3
0.49334018096768295,0.86907659583080732,-0.03635019149755922,-0.849135519971986,0.49024140546586742,0.19655084097697467,0.18863810475266829,-0.066100188698569817,0.97981959078665837,-0.8647199081679473,19.405627000618441,-2.3011183854843282,,0.3978164941082044,0.3076923076923077,False,1
-0.92631374188239379,-0.22648144883269572,-0.30107973185599851,0.24420625170300195,-0.96947218767132537,-0.022067713088220871,-0.28689049867328642,-0.093967178665835288,0.95334359551243386,-3.957458582695434,-17.888782646562905,-0.96909919035453862,,0.07921246985828687,0.1666666666666667,False,2
0.06270067275592979,0.98297960431730191,-0.17268388208560548,-0.99551502471084319,0.073880626118383433,0.059088820087440458,0.070841098318166054,0.16820449036977919,0.98320333004344507,33.948063550739988,-3.5375697229528429,9.7396943197943084,0.6241160859935324,0.672193294085643,0.6326530612244898,True,5
-0.59952190959478058,0.77271238228427197,-0.20854029390118561,-0.78090386371258291,-0.62184346329393536,-0.059159638245714574,-0.17539280359977019,0.12738242195518629,0.97622286544735426,-18.278159564648998,4.4621855234634955,-6.4779857704115695,,0.304492904174842,0.5338345864661654,False,5
-0.34385827107965805,0.92651826537679305,-0.15272653120296131,-0.93535328137478269,-0.35231658187077464,-0.031420775934445123,-0.082920012249982397,0.13204896842487812,0.98776887048863349,-7.3476910888104348,12.39439220221999,-3.7642160526004096,0.6040255684665536,0.6343136288278568,0.504,True,5
-0.0091950389546760873,-0.90588148316816064,-0.42343144629523782,0.99843462841436748,-0.03168002608741461,0.046094129020584976,-0.055170137227376889,-0.42234478142881759,0.9047547411084168,-13.783866268545653,16.510687957433646,-5.7963783060391671,,0.1589892093770569,0.2333333333333333,False,4
-0.83533078072178646,0.49255071706569092,-0.24416444847029514,-0.49963317386865547,-0.86546524283984316,-0.036559608943539615,-0.22932330528898215,0.091453291653413205,0.96904443504779025,6.2194800555154215,13.149520366817907,0.11823377199519332,,0.1804615332754594,0.3571428571428572,False,5
-0.65271044074848794,0.72415463452438766,-0.22264129409156391,-0.7037435320647073,-0.68836122198427852,-0.17579496336756262,-0.28056037071369533,0.041939162666448287,0.95891969685674527,-0.86078233754498634,-15.615438768514986,-0.19138361871936843,,0.4346840304324243,0.6818181818181818,False,2
-0.37141947611305104,0.9233897923491402,-0.096947739268731042,-0.92638314650036213,-0.37554962516279561,-0.027870143885020439,-0.062143693517482113,0.079459237508894165,0.99489918631513108,4.6518962958234287,-13.926989840312492,1.34935855583816,,0.5161433942741726,0.1818181818181818,False,3
0.19584392011495769,-0.87621383210798409,-0.44033450850080713,0.98058136225517556,0.1796801136680454,0.078582750970060289,0.010264061174323984,-0.44717376619707883,0.8943882109427258,-20.169892678709786,1.2642231462087086,-6.8359644905062362,,0.865059432015201,0.5230769230769231,False,1
0.89305468641917474,0.41289906995570569,-0.17879509247868808,-0.37694689563720807,0.90353861114532563,0.20378669249744427,0.24569160533933801,-0.11459640569969681,0.96255041367529892,-6.5641234013800176,-24.249879277568692,-1.3337680057582253,,0.4200214050574596,0.7692307692307693,False,3
0.95406137613320741,0.17153338507677299,-0.2456485057453332,-0.097851353023209187,0.95332389112669025,0.2856548114746108,0.28318192612230531,-0.2484951838792285,0.92631427728740701,0.064778381977028343,-10.710517184253337,-0.24080075872348999,,0.2911129782506968,0.1875,False,4
0.36705686716519681,0.92788363932218754,-0.065583596615958167,-0.91708257541063865,0.37277878991055075,0.14140552913877533,0.15565605078204492,0.0082417031637394833,0.98777693240118736,-8.9690644361353211,-4.2241150033176202,-3.3907190585329898,,0.1076118058881018,0.2162162162162162,False,3
0.096746800441958963,-0.93434747223163372,-0.3429793838390266,0.99475805619224644,0.079306534018098923,0.064551400470153356,-0.033112931686363346,-0.34742664664125955,0.93712232870567225,-8.4408170097702424,-15.095673832533537,-2.4843112221442363,0.4462112845559644,0.3712059946850464,0.8888888888888888,True,5
-0.68677771350973149,0.67574993583884935,-0.26776556246115324,-0.69659090203762775,-0.71709775008106991,-0.023063651642204308,-0.20759934350751416,0.17068345274940933,0.96320801052150229,2.9906147241957601,-10.362723046041841,0.58950533769719493,,0.08672103529058275,0.28,False,4
-0.76497015937706259,0.59279866324835584,-0.25181421745722943,-0.61315718700893651,-0.78995512049310612,0.0030284692524951348,-0.19712665796873471,0.15671838583168091,0.96777085524435624,-15.461160342634829,9.0544498636587498,-5.9028886561781073,0.3788041074529638,0.251310225766334,0.6715328467153284,True,3
-0.47537954899886092,-0.74641347181259476,-0.46570507135987771,0.86234509480282484,-0.50018586803449772,-0.078581390214755215,-0.17428488707615242,-0.43895446975198377,0.88144412847418074,-22.687903011905057,13.947698330170935,-8.2827606530923727,,0.2413894120747327,0.21875,False,2
0.79103918717005028,-0.53193910107789022,-0.3021552533149035,0.57613261477972955,0.81385960595919671,0.075523188326596546,0.2057382184923825,-0.23382329766810825,0.95026230637608333,-2.9652030091048069,-10.791235464697083,-1.1477074130253679,0.1759415429302854,0.1533512311159768,0.4698795180722892,True,5
-0.95489104868844799,-0.019921443028505535,-0.29628739636093065,0.072155030490729397,-0.98341080931580627,-0.16642365125099934,-0.28805682895838292,-0.18029508098806904,0.9404876113282663,-2.1340847365965891,-21.730918310586979,-0.16984165428939352,,0.160821519923346,0.3333333333333333,False,1
0.89160250222126258,0.36071012036552524,-0.27373926846302427,-0.35496298347551808,0.93209750455762341,0.072079971972873136,0.28115166440009309,0.032900624056988695,0.95909920787253178,-4.9599426412696275,-18.639264552841897,-1.1907916135616616,0.4810318624801703,0.4342829518146302,0.8390804597701149,True,5
0.87284853854567335,0.42621153968522713,-0.23765342875252382,-0.39026472687693275,0.90204906514993088,0.18439340285869676,0.29296564937609321,-0.068199761739206707,0.9536875383396598,-14.159773178009489,17.787203180813155,-5.9822304601830325,0.2289620023301565,0.1830034675761266,0.7714285714285715,True,5
0.24200158636090655,0.96938096531065943,-0.041662648645754669,-0.96155903632701889,0.24534904218007741,0.12332099237021366,0.12976691356682712,0.010217220497450025,0.99149188425758028,7.9357533633408179,-6.693623288889416,1.8364657743446562,,0.2005520273391637,0.2121212121212121,False,5
-0.74062975795167274,0.66350153131721812,-0.10598716703523525,-0.64290962116613437,-0.74563246423538743,-0.17521257743176646,-0.19528128596582356,-0.061627479406282826,0.97880910964986612,3.0748937062645232,4.9816279011906177,-0.44055469894823029,,0.4736855847059821,0.1509433962264151,False,2
0.94069337100687922,-0.080076674317907409,-0.32967212192403561,0.15915209769192035,0.96234333787377468,0.22037674525734757,0.29961073335909366,-0.2597749531424155,0.91801436926438151,3.4416516261328125,18.850990447284016,-1.018898738036645,,0.5152861861961449,0.2631578947368421,False,3
-0.94161501938707615,0.23280113195131899,-0.24323813070088934,-0.22244395312408774,-0.97245705218871437,-0.069612997112372565,-0.25274462008756399,-0.011441792281939783,0.96746537013278788,2.1851986344482146,33.423807874761778,-2.0666898455109077,,0.2966458710704434,0.2631578947368421,False,3
-0.029466901792513277,0.99157840531690689,-0.12611093452960773,-0.99811739843280367,-0.022399682725617365,0.057095649217121847,0.053789967879552855,0.12755594977488235,0.99037170750811787,-10.011058693438565,11.788806797493946,-4.5057114903370152,,0.3024965282016384,0.3207547169811321,False,5
-0.6411826544280621,-0.68089895688378055,-0.35392289297976409,0.73283359405505311,-0.68013861620142224,-0.019141216679466555,-0.22768339220272538,-0.27163960180024516,0.93507871307653356,16.743145803065939,-5.4767737926800715,4.4543057108384936,,0.1798432231565491,0.3448275862068966,False,5
-0.38081370708549983,0.8951319093108826,-0.23177529080825751,-0.92165360525435036,-0.38763003073137392,0.017250831772752925,-0.074401293116832856,0.22018588557999647,0.97261638037506593,-30.626175385004103,7.9673270342745228,-10.238661918263569,,0.2098159505125023,0.48,False,4
-0.43786558111212959,0.86555734365481107,-0.24307245364821661,-0.89521012876066197,-0.4446928694337417,0.029104591374985209,-0.08290089409443463,0.23034482134402892,0.96957140275398546,-4.3462526666658565,21.67043393229147,-3.3765480132547436,0.5093049077296586,0.3970275220149143,0.8222222222222222,True,5
0.32575295671022009,-0.85583883927212745,-0.4017771675791052,0.94391896675472742,0.31861021109758958,0.086628618741375188,0.053870171665204067,-0.40746461757763497,0.91163073117741833,4.4987379800276388,19.629055237163019,-0.82315335914903764,,0.4101839836713126,0.8214285714285714,False,5
-0.044804192961183861,0.9958339363976948,-0.079418860554460541,-0.99836085941320074,-0.041800087104429999,0.039094080239822908,0.035611496526159192,0.081040260591473484,0.99607444374325416,18.906004475109757,13.55476110828441,3.8691305917830241,,0.406329935838894,0.1,False,1
0.81844623926993032,-0.42493905031334372,-0.38674611432269385,0.5302190984044941,0.81790068320064957,0.22339691158795541,0.22138983967660797,-0.38789853820129916,0.894718538395881,-17.6512054122183,9.7793670111400477,-6.6109316419014679,,0.4623389219939724,0.375,False,2
-0.17669362073314246,0.9770941159973886,-0.11860207787173679,-0.98395846177002044,-0.17836287773808915,-0.0035255292031429741,-0.024598981755087918,0.11607657958549866,0.99293560605325415,10.267012300082275,-4.3648029738644363,2.3552902771452406,,0.3267655382059995,0.2127659574468085,False,5
-0.9028936250884485,0.37049914710993054,-0.21797587886152686,-0.36634043126403643,-0.92849606743416047,-0.060743239793246938,-0.22489506485452448,0.025008693490747455,0.97406199754120681,8.0708944825410178,10.017755376136884,0.78391282618876124,0.5161401311598275,0.5203838922875594,0.6307692307692307,True,5
-0.093850063990523022,-0.91304226076340778,-0.39692064137434352,0.9928186290026717,-0.11553668445106402,0.031023288853880782,-0.074184468686044974,-0.39115866934800347,0.91732849078161149,-2.2161847701849657,14.873464891670599,-2.4240487484005731,,0.1165332789771305,0.25,False,3
0.95409774098361577,-0.034824747098815126,-0.29746384257496644,0.067918131527017478,0.99249913769186504,0.10164934377940021,0.29169269456028485,-0.11718659765693132,0.94930641695384765,-5.0581399269899041,-1.2459643251838681,-2.4453165999467075,0.348834420855115,0.343298791115369,0.7555257870060281,True,5
0.85551491917661238,-0.39411077466591804,-0.33581381799810622,0.46183870600748977,0.87405284723382781,0.15078670324590102,0.23409235933614506,-0.28409209340400465,0.92978086115265268,19.925635874263104,-5.4383308935442001,5.515771508857612,,0.1313131861589545,0.2608695652173913,False,5
0.27029166229925944,0.96275556151875319,-0.0066442498607847678,-0.95432050961688597,0.26882352220619121,0.13040812410744862,0.12733727740166817,-0.028907484729164379,0.99143813478732157,-22.701062568193912,-5.8679047567159071,-7.2127413133834457,,0.123830895461028,0.2142857142857143,False,1
0.71049476528884636,-0.61738898489242899,-0.33768036636831966,0.67915706460875525,0.72723799539369793,0.099350790876442135,0.18423590879403962,-0.29992622324373608,0.93600287954769812,27.891614328312446,-3.6674251565687874,7.8647558675603459,0.505986707730662,0.6197017511376088,0.9206349206349206,True,5
0.79046811043891585,-0.45739004597334065,-0.40737514924653273,0.55108201899195886,0.82138561891816964,0.14708593875065371,0.26733644480855162,-0.34076386381029322,0.90133856812975843,14.153359560530546,6.1257387308383713,2.8000338960870699,,0.3047014038573995,0.6610169491525424,False,5
0.35868456740965726,0.92617968734021661,-0.11634675698328062,-0.92105105485109617,0.37141166887926519,0.1171252602046331,0.15169158005581906,0.065150279958712365,0.98627841178922249,-9.2112276259080019,2.3918668171975042,-3.8065698522839817,,0.4226649782588245,0.3618817852834741,False,5
0.3690986986569158,0.90115336100865262,-0.22735164523834389,-0.91600445056372726,0.39409850971379978,0.074981405620379735,0.15716869025736996,0.18057957964335997,0.97092173640237966,-2.5382592836103393,-6.4499165581577786,-1.3458277789261717,0.853007135554105,0.3314914281896512,0.4741379310344828,True,5
0.94574862955520567,-0.093712347584953642,-0.31109086390404855,0.15449587664832248,0.97203285218382496,0.17687045647604632,0.28581559403418966,-0.21533724755716449,0.93377690912840006,-32.180679606254223,1.9265881051670282,-10.469410330799244,,0.2739003360637748,0.625,False,2
-0.74957856709506954,-0.57186775203070161,-0.33331553510008349,0.60546470507079964,-0.79586282124117158,0.003854955197351885,-0.26747796669115176,-0.19892120036184097,0.94280745297296642,5.2450288729835659,2.7670010462897658,0.3008888941379379,0.2674781598717274,0.166174167305966,0.2933333333333333,True,5
-0.09500607752345834,0.98472501451424088,-0.14591261434001035,-0.99512383890926437,-0.090044355807271118,0.040256169983542554,0.026502650208930646,0.14902570173357188,0.98847809776176687,-12.371012657570438,9.8895374276338828,-5.1022690075461821,,0.1028084799288142,0.1470588235294118,False,2
0.95827233201237028,0.016846358607838337,-0.28536001454518761,-0.00063084330093672797,0.99838414740136261,0.056821617843776991,0.28585615217501126,-0.054270566786340853,0.95673453258695862,-0.60823605347132248,-1.9231521988853251,-1.1525269676280379,0.4917771461776008,0.4165470769550347,0.9882271468144044,True,5
-0.11595456803104176,0.98468063717209808,-0.13022511636043335,-0.99320682287374673,-0.11366326640431997,0.024917240363679878,0.0097337120244691197,0.13222974192160591,0.99117130214790472,-21.896784693621857,8.7210572217206952,-7.7483296970855449,,0.09063165258612858,0.5714285714285714,False,3
-0.88853040223573643,-0.31134660730645286,-0.33701189062340653,0.36993974906470284,-0.92063221832790454,-0.12482347791416318,-0.27140063810674109,-0.23558354928857891,0.93318920104116654,-7.2424707325454891,-11.700859946880351,-2.3069156846826893,0.6824248885389763,0.3325371231237765,0.2206896551724138,True,4
-0.19993805500882664,0.96748231721556022,-0.15492817701921541,-0.97931162430824847,-0.20235789717516534,0.00015474361275144566,-0.031201228405751118,0.15175390382476217,0.98792572393875699,0.048979915513577804,20.367782001644159,-2.128824263885905,,0.2368157687425893,0.2285714285714286,False,5
-0.46125330643732221,0.86076193583819294,-0.21525398280339236,-0.88090760788985056,-0.47326334550251448,-0.0048571767054046838,-0.10605269285792659,0.18737848226478127,0.9765460207904838,-25.559902294146337,8.0295786495295935,-8.7796459463218586,,0.1915377335493277,0.6842105263157895,False,5
-0.75573402900596409,-0.51816182916479447,-0.40046772179416301,0.60308415227175127,-0.78902254127185145,-0.11718760447919788,-0.25525591605499759,-0.33007839699305375,0.90878637157333075,-13.701917398572778,22.971734549061061,-6.1263042316785095,,0.1506361644094237,0.4285714285714285,False,2
0.81194683269785528,0.56981894334671401,-0.12668351382542462,-0.51884734073047734,0.80393661376830439,0.2906602106578493,0.26746920923507089,-0.17027123317221787,0.94840283069230624,6.4858805136322912,9.8112713265938307,0.37637817618778707,,0.1906395106038387,0.5,False,5
-0.7954988640116516,-0.4942048997321134,-0.35063239216727382,0.54552900167516127,-0.83598596512433643,-0.059376547949803599,-0.26377957784384126,-0.2385141152969884,0.93462899115992581,-15.461066030902103,16.298819207232683,-6.2943656334692166,,0.9188869432029727,0.9787234042553191,False,1
-0.65564688520726977,0.75099430769609177,-0.078324400579087461,-0.73810290786761978,-0.65932358994468143,-0.14316599156161924,-0.15915796968851206,-0.03605486861057336,0.98659454039342076,-21.563097009175767,6.1902639452398356,-7.5173991682202832,,0.3026304425965217,0.2222222222222222,False,1
-0.035165703028761167,-0.92085365484196724,-0.38831935271717311,0.99755887234227025,-0.05579959958088633,0.041984531649540691,-0.060329673807434994,-0.38589500003343408,0.92056796566439603,22.825936106240395,-1.245589921244167,6.0930777562633995,0.3156643999715111,0.299495961985227,0.21875,True,5
0.72359278368756519,-0.61485357784409644,-0.31363762721904331,0.66545335118883864,0.74208807867062065,0.080480562165583955,0.18326298258737891,-0.26694636410196348,0.94612595245343389,4.0752115140347831,-3.6627343427080912,0.43057689224047901,,0.08941672880109561,0.3333333333333333,False,5
-0.15829892289461006,-0.92891032969644838,-0.33476417131114961,0.98210571680337067,-0.18315942178972344,0.043829068342719747,-0.10202848637779011,-0.32183571211549633,0.94128208437989902,-11.242839403381611,10.169336683565321,-4.7288101900256931,0.2857655158354088,0.246890172436719,0.6625766871165644,True,5
-0.15187898727585808,-0.93616488802384212,-0.31706162753535622,0.98350361627995664,-0.17502752213674436,0.045672784663533708,-0.098251768372430742,-0.30489452098386538,0.94730455561329996,-6.7747218099805337,17.153352120769522,-3.7841827142874669,,0.1135988584678866,0.2258064516129032,False,5
-0.88939465170026855,-0.29481016506439084,-0.3493767595328372,0.37265638000364559,-0.91022752567092535,-0.18059090218935298,-0.26477230967292975,-0.29081406101784801,0.91941438206326254,13.996317747442221,3.1145963254681068,3.0007250798843383,,0.3493765211055704,0.5081967213114754,False,4
-0.77307817500284304,-0.51640907277211068,-0.36833653754810042,0.57913724550743328,-0.81151190582736032,-0.077771958741626956,-0.25874734047007547,-0.27344121170572533,0.92643387111038222,-1.7429925937288053,-9.3423259514297747,-0.86500203817251631,0.7152587578837949,0.5584688935988116,0.6774193548387096,True,1
-0.93402852406806314,-0.19614878711297073,-0.29852364988614705,0.25851864024919913,-0.94792818810535917,-0.18601145889164175,-0.24649306049246417,-0.25091393645910198,0.93610008418953639,17.791017784640914,8.7037323008368581,3.7491157162214632,,0.2329537033258487,0.2222222222222222,False,5
-0.32963751685729686,0.93962124752599485,-0.091929422264308586,-0.94267510414783873,-0.33293518598124033,-0.022755437932487424,-0.051988032276839721,0.079158531652192249,0.99550548535236705,-25.08123577571741,-8.8635996282758072,-7.7512248648894762,,0.2686376687240606,0.3333333333333333,False,1
0.77497117333309884,0.61626416240913984,-0.14013622883779819,-0.57830602377629203,0.78091867803483361,0.2360681282180665,0.2549153258766006,-0.101904369025512,0.9615787415530449,-3.6569271664980736,-1.9313119467478601,-1.9992334708324153,0.6648861089179402,0.3570708192417837,0.2102564102564103,True,3
-0.6317920642717767,-0.70869070958848868,-0.31400042303501918,0.74305184135156488,-0.66906598142318274,0.014989114926571678,-0.22070964769863516,-0.22384858866027574,0.9493045142458485,-2.9665731330391494,-19.918393864141542,-0.54543669022259911,,0.09672092917220487,0.4782608695652174,False,4
0.62853006107667697,-0.64167804483066082,-0.43954436534353092,0.76472623981751342,0.61295762115442698,0.19868752553512584,0.14192864565518165,-0.46101219230190055,0.87597032945841224,2.8246407929797548,-11.687385254339192,0.67346268715286717,0.4798410612865628,0.447842598245751,0.2077922077922078,True,3
-0.86113141347303723,0.44506958831659704,-0.24569442461241034,-0.43108993829611519,-0.89543779957988234,-0.11114230600176341,-0.26947013532074415,0.010208263281912211,0.9629546393942896,-8.7805259223231857,-24.201678153219074,-2.0400791396491065,,0.4014345353909917,0.4117647058823529,False,4
0.84611318647646472,-0.40235504594494459,-0.34957530329427694,0.4889777631505437,0.84696753440834482,0.2086785633517286,0.21211605977609307,-0.34750023404437014,0.91337306973885213,5.5831930118322139,16.586321694053716,-0.28843965113382464,0.1678257268312707,0.1210266712835344,0.52,True,5
-0.31363215342042317,0.94946252764650485,-0.01248122333662402,-0.94838367233154386,-0.31387142571877857,-0.045311567752584554,-0.04693913501337546,-0.0023741761459207256,0.99889492985590078,8.8667832053637294,2.0812643679075413,1.5294376990862519,,0.7033178842088919,0.2612612612612613,False,1
0.9178999256031416,0.28648718786810734,-0.27456295774406841,-0.27116134431079136,0.95802086292877531,0.093099686061606707,0.28970890895744261,-0.011005334189795976,0.95705152979871433,7.1062532697080805,-10.209873500035531,1.8611883889511989,,0.08701039271750502,0.2941176470588235,False,4
-0.76652554836929698,0.59233942601019007,-0.24813824391066297,-0.61358681045065222,-0.78955530775739569,0.010660301736846803,-0.18960435052536384,0.16042574726658818,0.9686659743563889,16.819302842350634,12.922280621261226,3.3128671635876001,0.3202359404016404,0.2790275760521381,0.5777777777777777,True,5
-0.78707574433438465,-0.5037102096718914,-0.35607274165930514,0.57371725922544714,-0.80983282458163119,-0.12255326473406816,-0.22662806345930817,-0.30074377949084274,0.92638701413083702,-24.851775733710323,-1.1854369080641043,-8.0552814177792591,,0.2940481586517921,0.44,False,2
