axis_00,axis_01,axis_02,axis_10,axis_11,axis_12,axis_20,axis_21,axis_22,location_x,location_y,location_z,dbh,dbh_approximation,score,reconstructed,number_clusters
0.084061118269526364,-0.9525124387683902,-0.29266667454080159,0.97820438084670835,0.022917963602857552,0.20637576465420404,-0.18986815869857174,-0.30363600072421076,0.93367835006313737,-12.005847855319001,-11.020999500093922,-1.6589951370441174,,0.2512153846050775,0.3454545454545455,False,5
0.89665849176588919,-0.39509443451260617,-0.19975969804063248,0.43210052205322608,0.8792419835514389,0.20055591041368204,0.096398589125827647,-0.26614642995481907,0.9591003022817034,-7.1061331683941971,-2.6764351186737092,-2.5886938150961565,,0.07276572562601566,0.3926701570680629,False,4
0.50173967532870434,0.86203347350642168,-0.071802428618401498,-0.82457366343038752,0.50171452370488367,0.26145900305893544,0.26141073386155528,-0.071977963697482772,0.96254018148019549,-7.0614302268339451,16.842604366897987,-7.1035146818345112,,0.3745237430611708,0.375,False,4
-0.86476185476488654,-0.41049280718044551,-0.28927943203191897,0.43327120630021204,-0.90111234060071721,-0.016510948133132336,-0.25389564063754855,-0.13961448660584425,0.95710229275403702,-33.449197386373037,13.296105853933513,-11.364805129674503,,0.3433268472777066,0.1538461538461539,False,3
-0.65927434751845726,-0.69986510614797404,-0.27485663153833306,0.70182898975891628,-0.70394964187301012,0.10904572820996319,-0.26980252748648031,-0.12101130072578839,0.95528156124702901,-3.4753369741530968,-16.894341586325684,1.2785923498173979,,0.1072360249032374,0.15,False,4
-0.17788548861078066,-0.94094932235411965,-0.28804708938475354,0.95870622195593136,-0.23171911117857677,0.16488976165182645,-0.22189892501922939,-0.24682104099110913,0.94331343719856831,-17.653007367794451,-7.2707686290054996,-3.6523460200159783,,0.0960455940189674,0.5,False,2
-0.92614894864622355,0.34058756191578743,-0.16201307845280546,-0.36010596303188452,-0.92623739170571617,0.11139115582069924,-0.1121241290283866,0.161506677491836,0.98048139850543548,-31.518810363812953,9.7705469207298492,-10.213905005236832,0.2702718942723427,0.2385302895587137,0.4782608695652174,True,4
-0.54874359095253389,0.82604852253489847,-0.12854691675193902,-0.83491655729278924,-0.53372850658418036,0.13434367725269944,0.042365242202484193,0.18104618106254622,0.98256168588836867,-8.1926098131492076,-9.3636634687376361,-1.269102797993811,0.8178283987800501,0.544218863711529,0.877906976744186,True,5
0.63812623602204954,0.75566411707784575,-0.14753524684390529,-0.72161540543988545,0.6538105205927216,0.2276027455768172,0.26845132432558844,-0.038775576375280257,0.96251251479895239,-24.531801021793765,-10.500635049998076,-4.2682870179874977,,0.1662973514851898,0.2307692307692308,False,1
-0.8785666126173125,-0.41630072615324759,-0.23412477997516418,0.40089224242192989,-0.90921421466854191,0.11231616896325443,-0.25962688065771788,0.0048184280574155997,0.96569698435430462,14.649619288057263,23.819529136998604,-4.495434721221268,0.6895904298212885,0.4893433953260741,0.6666666666666666,True,5
0.96995886395578279,0.1681610749692837,-0.17578866601343632,-0.10718425494327906,0.9441074041992602,0.31172543179598011,0.21838346486367213,-0.28351906849683156,0.93376956476040052,15.945447847200573,-11.215556931106725,3.8015495409930664,,0.3202609004963582,0.2727272727272727,False,5
0.89431635666852605,0.41883609431764257,-0.15739942913453284,-0.35329393194913233,0.87687652465470411,0.32599226702087614,0.27455719229890135,-0.2359319533387354,0.93217726938105139,2.883011827569026,11.0018904639802,-3.8718396786924534,,0.3964189598719599,0.35,False,3
-0.9745299459932405,-0.072866800875221543,-0.21208916448659382,0.09155399928054811,-0.99260920072325276,-0.079654503044598146,-0.20471748723093502,-0.097043309762988278,0.97399863780813167,10.885487541954355,-6.0619100818740668,1.6915042215157714,0.6257352672389221,0.2837080142331648,0.3571428571428572,True,4
-0.976115338164118,0.06311366664162682,-0.20788340887093437,-0.061180390451015289,-0.99800288287115357,-0.015722773455365407,-0.20846056323681894,-0.0026288522052501182,0.97802724027047028,-9.4958576633890672,13.516666325217603,-6.8188650286432537,,0.1736905268633049,0.28,False,5
0.25798554901340925,0.9559902609571157,0.13973574151016938,-0.93741852028495776,0.21267346443370144,0.27571092715474427,0.23385887694721219,-0.20212030694839694,0.95102965631576186,15.007299309184972,4.1891983135308308,0.093952286912735314,,0.2543999388762456,0.5,False,1
0.96944372088151221,-0.11158080239772568,-0.21846875424117132,0.18477577284055735,0.91791977512912248,0.35111422670988013,0.1613591826162501,-0.38075321530248696,0.91048899126910654,10.740802180547696,-14.46771425315802,3.5162349742268737,,0.2954965076096356,0.5142857142857142,True,5
-0.59737648359572093,0.78769627533666575,-0.15058524053689779,-0.80109921154758823,-0.57741803982662798,0.15757049387689093,0.03716705671214901,0.21476262501543092,0.97595882330753991,4.2335345110080622,-5.5759804819330139,0.22734579351505793,,0.08672734774640176,0.3809523809523809,False,4
0.70756759353792475,0.69044636004265769,-0.1504391055503711,-0.64809821099271137,0.7189148934107672,0.2512570097335261,0.28163240133727191,-0.08028200256614676,0.95615793181930564,16.816243481280157,-5.3112785503382991,2.557470415531268,0.2921529921530454,0.2160591572647504,0.7384615384615385,True,5
-0.047252797219560036,0.99696652213311399,-0.061845993408874783,-0.97313938293046909,-0.031980636075912373,0.22798460541423965,0.22531514495176222,0.07095768219145468,0.9716985606624019,-17.801067790043994,15.107799565517483,-8.7749509082040884,,0.2268752879969514,0.1379310344827586,False,3
-0.75768259613069999,0.64070857706562312,-0.12413542119471167,-0.65249621165302285,-0.74745774974306867,0.12472211563104149,-0.012875453355028571,0.17549766842774245,0.98439564763225673,-5.7955699525800775,-12.030832991054488,-0.23186496450398797,,0.1225369753122299,0.3571428571428572,False,5
-0.82640181678976177,-0.51199330323438708,-0.23435634117668389,0.49946923743416372,-0.85870141017909762,0.11472736819680182,-0.25998176486730046,-0.022242877502034117,0.96535731018981463,-8.1133362780346197,-4.4631372289840767,-2.317550087831882,0.1182775210879515,0.1187505832859296,0.2666666666666667,True,5
0.83762429514718562,0.53236271641637622,-0.12237433697045212,-0.47812502011453317,0.82286908006503301,0.30705527550166561,0.26416283864248979,-0.19868672638780749,0.94379106768269372,14.820919474917948,-6.8132481791099604,2.5622778192399789,0.4351803437445557,0.237505932212433,0.2571428571428571,True,5
0.85608698168875041,0.49281366298271118,-0.15572338732704474,-0.44821890578044471,0.85794790348512506,0.2510482172939299,0.25732254523074127,-0.14512094432934955,0.95536643191653536,1.8368087578724892,3.7049549027923612,-2.2998899145405636,,0.08388286433757079,0.2692307692307692,False,3
-0.86781099394358518,-0.39678070623654021,-0.29911394141544051,0.42519467828827823,-0.90447031427674562,-0.033807338662680819,-0.25712558088602311,-0.15652003625912553,0.95361832716421091,-16.479144750569763,-4.6371441980018062,-3.9797609693612617,,0.3726942229984782,0.15625,False,1
-0.84593632833073218,0.50583411140219825,-0.16888925410537114,-0.52899289116195092,-0.83603138111777775,0.14566417159487857,-0.067514809563832059,0.21256382930369497,0.97481196595102881,-14.290181521937516,-10.824358915106677,-2.2131351196278035,,0.3014454751973258,0.2727272727272727,False,1
0.37936492185019338,0.91948486834863474,-0.10310108121398352,-0.88905275204649048,0.39311641551892984,0.23461604362897193,0.25625662947162975,0.0026572029361543459,0.96660513092182487,3.7883539517421099,11.651958962099691,-3.9189419035800914,0.2487657418438519,0.1581936413199819,0.4615384615384616,True,5
0.85310636225381498,-0.43481591396343189,-0.28834815006552555,0.51856575606482946,0.76750078171647584,0.37687147239014113,0.057437716867727001,-0.47103892729661589,0.88024044309056781,-2.7766580351906454,-10.372111129956185,0.021710718850607925,,0.3205511196406585,0.2456140350877193,False,6
-0.90077513345354077,0.39505196390606118,-0.18038321641915966,-0.42202019604295582,-0.89427331237826591,0.1489100295476129,-0.10248469682651344,0.21025981209439426,0.9722590695562624,1.3693823601084945,13.114197363291046,-4.686436511199136,0.3680551188636301,0.3144079201471507,0.8872180451127819,True,5
-0.7933565508818029,-0.51363929036522393,-0.32674158377231349,0.54761169279508892,-0.83660698131669609,-0.014498024909061658,-0.2659075348444036,-0.19042961483255647,0.94500251042401895,1.0855208136652736,4.6893162636462895,-2.6599878074634629,0.93325487400472,0.604322286774237,0.2757352941176471,True,1
0.97666080110443854,0.14497558739677197,-0.15847952121645775,-0.05598981548226329,0.88417552952521805,0.46378742280387775,0.20736156863869173,-0.44408975674717122,0.87165673737081872,-5.2217897845581422,12.757375611603685,-5.9015916416916285,,0.2325036361731748,0.3103448275862069,False,1
-0.44976565499816007,0.89312347260604596,-0.0064279284527039571,-0.88516546030173415,-0.44477503265791329,0.13659164766914292,0.1191342246077723,0.067124012128814387,0.99060658362582876,12.586489032235013,7.6762278698329771,-1.2361430397697346,,0.553330156030934,0.2222222222222222,False,2
0.96746404398780117,-0.087056877999533461,-0.23755930540339587,0.18011767779016449,0.89638137284397934,0.40504080851911861,0.17768214805727695,-0.43465104901669949,0.88289723062791103,-26.698890607539916,7.8137153791303948,-8.8153718204271794,,0.2034182704599279,0.4285714285714285,False,4
-0.56161498414226241,0.82323788337257853,-0.082873379122153909,-0.82505363269608523,-0.54967120842116801,0.13095062354875348,0.062250403708575139,0.14191881486628544,0.98791899325049415,-1.6996096803226197,11.27130917557149,-4.79561633983473,,0.3872279430970817,0.2978723404255319,False,4
-0.34373973804629993,0.93752201753686293,-0.053809470555593486,-0.9320540044276221,-0.33362398335127835,0.14131656153212224,0.11453525797018692,0.098729450350126605,0.98850097132742698,3.2360752145453069,-5.0364936568904879,-0.068027799564443894,0.501959026444708,0.4558423373786383,0.8169014084507042,True,5
0.48368464807475481,0.87443843711073832,0.037504412008858123,-0.83634658937996476,0.44913306169186346,0.31433083737965273,0.25801849478148164,-0.18340368752732969,0.94857237138347883,-1.0212202746428189,21.201636500024858,-7.0502623071071397,,0.1076450763566975,0.1666666666666667,False,2
-0.67549925723088333,-0.61988191875627452,-0.39930835237891732,0.68695861955393656,-0.72583732032646786,-0.035327601699569167,-0.26793396294810379,-0.29817208323438538,0.91613579794623912,-7.4709973277074937,5.7807227717059773,-4.6118667289296136,,0.1074397879663606,0.2960893854748604,False,5
-0.98165890029773417,-0.15125357480364207,-0.11605240012754239,0.15016972178009605,-0.98849494418185935,0.018077610112858689,-0.11745151393972222,0.00031849022433465962,0.99307856710194164,-8.7853174195739161,-1.9187266474601543,-3.1087738853052724,,0.2746472643148762,0.5795454545454546,False,4
0.93050492756910963,-0.25577965452439066,-0.2621780847076855,0.33370200558713231,0.88709809011513441,0.31890429595916003,0.15100844756745369,-0.38423137150090358,0.91080332779245132,-9.3665109020170512,-12.199632059960985,-0.85618830980859595,,0.1528687629046569,0.4090909090909091,False,2
-0.98095078232789912,0.025368105580417362,-0.19259289153429837,-0.051188642539296864,-0.99015205249772376,0.13030209441727061,-0.18739072956063044,0.13767851013794422,0.97258898940967309,-2.816229189250246,-2.276787086665391,-1.9385265822112714,0.1901299306718718,0.1245652963602265,0.5161290322580645,True,5
0.58454837958742656,-0.77011632600059809,-0.25538996916295131,0.81061703826854081,0.54087066495826042,0.22440797903895354,-0.034687305897863049,-0.33820078092007522,0.94043448607258051,-3.0471397656910599,-11.923435646118421,0.27446995349513409,,0.4102782492512759,0.7857142857142857,False,4
0.93004303427472523,-0.28442080813502379,-0.2326472830206365,0.34727200437390643,0.88728170658337424,0.30353472312179708,0.12009208706319342,-0.36309224318665434,0.92398155477395305,-8.9079707039243203,-1.108637893744657,-3.2927520150749312,,0.07180867668309981,0.2896174863387978,False,4
0.58285308513646639,-0.77960209646489409,-0.22913500896729835,0.81162624754854362,0.5449045994066064,0.21057495538595059,-0.039307956410533751,-0.30870624990930551,0.95034485100397115,21.762658295040417,-4.7576211418238508,3.4251104845974307,,0.1516410071282157,0.1875,False,5
0.91430974603082538,-0.32830003713307448,-0.23718510478415541,0.38364633991350322,0.8897323771202853,0.24736972930182916,0.12981977578174142,-0.31716775170611117,0.93944209139982149,-5.2413482320345288,11.255069065313183,-5.5771830073286122,,0.08877440842644402,0.2045454545454546,False,6
0.96968689154183951,-0.10278584896298383,-0.22168085534137355,0.16754279035041128,0.94006479499872442,0.29699763400674378,0.17786721388024962,-0.32513574158644004,0.92878953685402432,-4.7597749609510718,-9.3108370261619733,-0.59590775663304296,,0.1175922428474501,0.3684210526315789,False,7
-0.33823036206175205,-0.88394296004444661,-0.32287004439470784,0.91352439591171064,-0.39079592740918545,0.11292351922669212,-0.2259942482757526,-0.25675549947033111,0.9396825066148784,-13.103619160933432,-8.8050465435741554,-2.3774616758133851,,0.2176188081117315,0.2941176470588235,False,3
0.50270860536070705,-0.82483327381315175,-0.25871630893117464,0.86198747920807428,0.45569613405531845,0.2220779572482301,-0.06528126672179696,-0.33465071913521321,0.94007832248035705,-3.8256452692686493,13.424328118168759,-5.7021704716448092,0.1935244188786858,0.1584432568860952,0.4912280701754386,True,5
-0.58441376177024185,-0.77695501444897008,-0.23409711782966483,0.76696149492924104,-0.62310066752561732,0.15334804669454979,-0.26501060422077255,-0.089924766620385968,0.9600431844447469,6.7776850991952884,4.397985317340777,-1.5437321199182548,0.1496429577986086,0.1139387664008927,0.56,True,5
-0.79048134867395403,-0.55379318371707131,-0.26163399447914965,0.55153533546850819,-0.82937437933180647,0.089145457750911372,-0.26636067864503915,-0.073832571243926406,0.96104148729139871,0.019868189130067715,10.738317812914142,-4.4451937587418149,,0.0877374170036365,0.2653061224489796,True,5
0.78547198565504417,-0.52385444007020709,-0.32956074609979513,0.61772165837516135,0.69639065409356771,0.36532178920148617,0.038127582212409833,-0.49052684178326528,0.87059158332984887,17.116241698669317,12.762144043205693,-1.6725282083557886,,0.1890459432036926,0.1764705882352941,False,1
-0.53789584674542434,-0.74982725148450524,-0.38526244429637369,0.80078018701851583,-0.59730406576786776,0.044485335738492671,-0.26347514139404998,-0.28458205486004973,0.92173418289603348,14.521966121012195,-9.7004329096616111,3.1551644404399775,,0.1345988125708952,0.3461538461538461,False,2
-0.55386619121338165,0.82567195701291851,-0.10722901488514835,-0.83110893830479415,-0.54054757091153649,0.13063788214570743,0.049901652283865297,0.16147489892889028,0.98561436785146639,-8.349180724748182,7.1900569833967651,-5.0772737290113925,,0.07023231149450794,0.2470588235294118,False,4
-0.10829813713437032,0.98918295217121688,-0.098937357085495864,-0.97987905486770932,-0.089432644143573686,0.17843441370166124,0.16765605066561654,0.11627075855659816,0.97896504502453185,-6.6761114114276889,-12.30283385115632,-0.32188486784765524,,0.09608382836333995,0.375,False,4
-0.29915213625734693,0.95326471760683051,-0.042360093704298218,-0.94640079806386079,-0.29074655856663117,0.1406839298063185,0.12179297515355456,0.082175524626446575,0.98914794361390423,-14.238589533012371,24.435670970797783,-10.149942964475919,0.7820332226330232,0.5353635261518366,0.2307692307692308,True,3
0.88544101526319297,-0.41538215878046569,-0.20845112294388454,0.45602795897215687,0.86302292383265611,0.21732448912863619,0.089625382149116972,-0.28748755643716817,0.95358177193590032,-11.515280995938937,-4.7659837395317792,-2.9545664749943965,,0.07217700634677518,0.2391304347826087,False,1
-0.47758418569314703,0.872658107881364,-0.10188803818276479,-0.87547699000884083,-0.46293591600374895,0.13867363714430797,0.073847041517415363,0.15542896905882397,0.98508296606754797,-30.910190635104488,11.758912365821663,-10.518823652805677,,0.07791856475148465,0.2857142857142857,False,1
-0.30824318357928637,-0.84789743108751303,-0.43134219145836283,0.91123308733435915,-0.39337950454387105,0.12209351314427519,-0.27320395371223866,-0.35541878363420132,0.89388874470819157,-10.339464070496785,-13.609996450362392,-0.81224196881326416,,0.4542543540118152,0.2666666666666667,False,4
0.80777208741423057,-0.54445310314901385,-0.22599794969394171,0.58749798784505347,0.77505416189620824,0.23267393581013568,0.048480605116576675,-0.32072085151853647,0.94593222079002848,-15.339402643897241,-3.625843252256908,-3.9693134402234302,,0.0696099151815639,0.3636363636363636,False,1
-0.98100084789077735,0.059220442321757077,-0.18474381085381875,-0.046632831642503987,-0.99633154916713307,-0.071755300481725987,-0.18831546790048348,-0.061776883584689996,0.98016371142987446,-8.7607676797008001,14.169593019313046,-6.8601625936186004,,0.6365483563884187,0.2181818181818182,False,1
0.020187924041061817,-0.91862222309133812,-0.3946209053834322,0.98230921261420867,-0.055273999031689947,0.17892287680533708,-0.18617480639486481,-0.39125183229445998,0.90125520536086912,-7.1871313920705706,-14.272938832174656,0.0034018154126357818,,0.1794416108745452,0.2727272727272727,False,5
0.86711088796007585,-0.44672963916257663,-0.22034368036039564,0.49141175204761361,0.83952177038222398,0.23177076391079265,0.081444446898391101,-0.30925042691639371,0.94748666245042457,14.240319683535796,-4.9085856259778851,2.0650407150075925,0.2563827767048706,0.2071429805293358,0.6101694915254238,True,5
0.81636145230606894,0.56388254041202113,-0.1248617627907431,-0.51415605115988605,0.80804877443390988,0.28757735166651965,0.26305424201939576,-0.17056863355946209,0.94958349132725539,-12.639037616445894,5.3013219219789045,-5.4972732894019201,,0.1836739981168766,0.16,False,5
0.87069331052186272,0.46093094534323042,-0.17156871112610947,-0.41957381102851565,0.87813295450405471,0.22987024886441193,0.25661445031698032,-0.12816074999380705,0.9579790425941157,-16.27503055147951,-8.5813683850537803,-3.083267890660697,,0.0766472452378126,0.2,False,1
-0.034762725621472798,-0.97273775058846401,-0.2292876391946613,0.97984837353856924,-0.078327855597804238,0.18374414796469027,-0.19669447826816752,-0.21827967293713935,0.95585839254633786,3.8842806604706883,6.3230770699935581,-2.6512553634651344,,0.08027604434017654,0.3064516129032258,False,5
-0.21125415732564271,0.96410370252037025,-0.16085935409277796,-0.96442959917330562,-0.17884841449142563,0.1946504376371142,0.15889376718754411,0.19625823656707087,0.96759261847563416,1.6606525719857697,14.676880692546595,-5.1111569167975262,0.2849967936149065,0.2634345355711059,0.735632183908046,True,6
-0.62460522386423845,-0.74618715319637863,-0.230375881389936,0.7348227892436564,-0.66143859507290248,0.15011480058994539,-0.26439323503009415,-0.075522959109600191,0.96145332695750363,15.332810802524572,-7.7251505944208745,2.8568578247404712,,0.1279324125523116,0.3043478260869565,True,5
0.62467211154723878,0.761145117452799,-0.17447883319439911,-0.73232001214810549,0.64857900485323094,0.20749138360662486,0.27109436154688449,-0.0018397394808987999,0.96255101812637966,-2.6878813570393065,-7.8517442185260791,-0.59185309766462446,,0.06641095116593257,0.4285714285714285,False,5
-0.7332895393831641,0.66536670448779711,-0.13990568248029134,-0.67972912830896437,-0.72223033924081703,0.12787356727811355,-0.015961314468521892,0.18886631684644908,0.98187308283774355,-4.1612587243776646,-3.389005822909231,-1.9129899377935982,,0.07087562769201969,0.2533333333333334,False,5
0.90312508963160776,-0.3123679721509276,-0.29460367012686506,0.40512280318953497,0.84723864273476202,0.3436017994609647,0.14226941629793338,-0.42966607060748596,0.8917098636636076,-1.9298240830160394,13.018645361163722,-5.3174926672318863,,0.4389465158011852,0.1428571428571428,False,2
-0.97971406478028389,-0.033716131199633168,-0.19754385277356534,0.014322020697591639,-0.9950047967235981,0.098794403789738625,-0.19988804615292211,0.093961039766284421,0.9753030770028398,-15.197408399911732,7.1472824524489011,-6.4127810123435838,,0.07623645616229127,0.3333333333333333,False,1
-0.97751372399639458,0.064100569838746929,-0.20089309680785258,-0.07098529291581325,-0.99710510577985356,0.02724878377844267,-0.19856486997542516,0.040896515427308239,0.97923412289275735,-12.206969778363222,-6.6136670666862036,-2.683867690385541,,0.2436573694481969,0.25,False,4
-0.86195919473126248,-0.44759750274269161,-0.23808154518303251,0.43316427027844723,-0.89421622995940997,0.11289840136742629,-0.2634294242721843,-0.0058146036568598319,0.96466114714543161,-23.064693586175697,15.518384592321135,-9.7916213414233795,,0.1181713083753221,0.3636363636363636,False,2
0.34110565086371714,0.93011296618218031,-0.13614993605810685,-0.90731244829309154,0.36364011894567605,0.21106867381393016,0.24582728921182978,0.051533814461586558,0.96794277198902767,-12.082575923075225,-2.4797376006533232,-3.6030994135119347,,0.07999077304648468,0.2727272727272727,False,3
0.91827422287840899,0.36443112343411782,-0.15479795822168513,-0.31039635895520734,0.90529664178502289,0.28998636298990299,0.2458181277782539,-0.21823827951417782,0.94442866401348058,-6.4460687303128115,-1.0858700686612814,-2.8855847936908092,,0.1916668759506882,0.1352201257861635,True,4
-0.96364708255243015,0.21853145115109382,-0.15371501275408045,-0.21759215508513688,-0.97576597331054704,-0.023117512295370041,-0.15504178254133899,0.011170057614796426,0.98784476284449008,-15.789596935937052,3.7010027349615182,-5.7499611025644564,,0.7159682837464203,0.303921568627451,False,2
0.81039659201721659,0.5699110118300067,-0.13586317470815745,-0.52372483158750316,0.80862028806239072,0.26804016585679519,0.26262076160411008,-0.14606391864110305,0.95377967437227529,-7.984419364449848,-0.003378729087993082,-3.4308020075761934,0.3790983630612199,0.1630280195686782,0.2818791946308725,True,4
-0.97211295760725414,0.18212321976493842,-0.14774143113740973,-0.19497679659518352,-0.97772918375487938,0.07765109157957277,-0.13030904205602339,0.10429178326441013,0.98597301053425002,-12.733530668928999,-5.9027437152193425,-2.9552774279440945,0.2935177437378918,0.2136707489425421,0.3773584905660378,True,4
0.79256520887642923,-0.57674556711531688,-0.19800237496427328,0.60863523099377626,0.76815287618407557,0.19875692290655922,0.037463919600245574,-0.27803904334277035,0.95983891622772965,-10.686215289058206,-9.4365860311463088,-1.7345210782723792,,0.06235864744060822,0.25,False,2
-0.97242518210548234,-0.11961648860206275,-0.20020279933515733,0.093280403012847388,-0.98628034947878884,0.13619779236742557,-0.21374758857325496,0.11376716523897469,0.97024172271275166,-15.265889485932709,14.148058546989658,-8.0527775188661561,,0.07306471421786306,0.3125,False,1
0.56086874951402432,-0.74558160243916738,-0.359908766109994,0.82650075075952567,0.47893534488400846,0.2958334741282273,-0.048194966672001738,-0.46338861609353277,0.88484362215162393,9.7366953081080343,5.3475383788693653,-1.2489776686156038,,0.1250875885477551,0.3333333333333333,False,5
-0.94398635485167137,0.27438533194798131,-0.18330971459704329,-0.30159917049891843,-0.94281730888225679,0.14189243259026316,-0.13389436959117312,0.18923057808878088,0.97276106321540601,-0.89219002755452381,15.443039756468586,-5.6182962683111501,0.1739189016451753,0.1611608296524506,0.5517241379310345,True,4
-0.83284528653918055,-0.51176856886854583,-0.21085933844084462,0.48807096439542957,-0.85869006949343962,0.15632689553454007,-0.26106601158248388,0.027281797440639244,0.96493535593055269,-3.8859480560312356,-12.149362399244,0.24634715709319446,0.7707340289073784,0.4713808224263942,0.1363636363636364,True,3
0.22751778497233754,-0.94833093534926582,-0.22114270184853121,0.96322193881148721,0.18583043823327472,0.1940890126160395,-0.14296556967858115,-0.25716820426642228,0.95573289186930421,-11.437584712153225,-0.17203453374434513,-3.9653522460047466,,0.0762974324341566,0.2964824120603015,False,2
-0.97877076725113255,0.12329511957052885,-0.16372568113988076,-0.10369576087102467,-0.98693491656394794,-0.12331528552573034,-0.17679076432893259,-0.10371973754788488,0.97876822674777808,-14.697242020179276,6.4838106821464594,-6.1991805120895318,,0.1850214203258793,0.25,False,1
0.39170067379907497,0.91861764172818783,-0.05207888680735584,-0.89175256900422684,0.39296704125474413,0.22439754936686401,0.22660083366950057,-0.041455190184521873,0.97310509678402812,-12.450155119258161,13.935536042787222,-7.4410576622928888,,0.1607241927212127,0.1818181818181818,False,3
0.63953651434495895,0.74814748265779174,-0.17682870528370093,-0.71317935732582727,0.66326135141133125,0.22684704981183978,0.286998695299858,-0.018966389135113337,0.95774319364814908,14.497839123760192,6.8747760151224435,-0.72983286305944617,0.3955881088632298,0.4229572822985819,0.8611111111111112,True,6
-0.28389759318149776,-0.92776288518208128,-0.24219451988922824,0.92658986248415143,-0.33042130900413602,0.17959116152415555,-0.24664424446427868,-0.17342948836519773,0.95346149856091822,-11.920786871069952,14.688354374127448,-7.5375553578304153,,0.1354061014223313,0.3225806451612903,False,4
-0.21207548424075742,-0.88905757877035008,-0.40571000802919743,0.94799897485538753,-0.2879788866776839,0.13552160160290605,-0.23732242341840198,-0.35587186241523089,0.90389893510498887,-8.095957322258208,-15.545955712569972,0.053782496672642101,0.738707845949037,0.3780671221889835,0.2777777777777778,True,5
0.97964386984401142,0.072496221056351937,-0.18719558277266729,-0.018691703155924781,0.96140286018053456,0.27450894460803743,0.19987122982105449,-0.26542200053732601,0.94318749627027176,6.5898649479303684,3.4378929776832212,-1.3197125370634513,,0.08201919102432367,0.2564102564102564,False,5
-0.92297215624248741,-0.30021349360306915,-0.24081996814993073,0.29822321004794827,-0.95340772996378753,0.045569918081946437,-0.2432803234743639,-0.029758338393429493,0.9694994200649486,-6.645915406282449,3.8285985943581817,-4.0428685322271809,,0.08397303480265246,0.3259493670886076,False,3
0.94250191403218753,0.29330223972016778,-0.16019968233675252,-0.23710311674466986,0.92465994719510269,0.29796995500069079,0.23552548498119399,-0.24285340892868576,0.94103664524612984,-9.781622687884532,-10.28130183257977,-1.3948848423402356,,0.1237177884186447,0.3333333333333333,False,5
-0.92965354880223172,-0.23361819837353737,-0.28489790555235461,0.27858569358213525,-0.95176193911016527,-0.12860490889782589,-0.24111053591823089,-0.19892649056865197,0.94989155213595988,-3.5219738539760703,10.953599047572505,-5.1657596699211066,,0.3046247783541547,0.2258064516129032,False,1
-0.29544853768001311,0.94871384694548755,-0.11248199054353908,-0.94664208527530602,-0.27484849530924055,0.16830646752833794,0.12875917042433521,0.15620608579738909,0.97929604042470064,-21.275363350603847,5.6169847560437738,-7.2859935181999731,,0.1471248043267238,0.15625,False,3
-0.71126937825627534,-0.6317302096963695,-0.30824148603313262,0.63414975284079134,-0.76586670248873678,0.10631220527763059,-0.30323252221174413,-0.11985464603431541,0.9453490896473612,-18.414936228141535,10.719190403133434,-7.8558891427370519,,0.2495480438681436,0.3333333333333333,False,5
-0.96504647903165197,0.20632442057853798,-0.16160299125184047,-0.20273098941126144,-0.97847333672096526,-0.03860149295652196,-0.16608864874199816,-0.0044903005547516014,0.98610060235251173,-5.3771904095665715,-1.3978237987410362,-2.6255308482967701,0.6636556044908409,0.467964867223073,0.2063953488372093,True,5
-0.18917517489255331,-0.9550131824556537,-0.22839127509669796,0.95614766745630753,-0.23211598269114272,0.17861637270190758,-0.22359425578988712,-0.18458600140652284,0.95704420841595272,9.599950651489884,7.0533115461738634,-1.6685085311297636,0.4805132485174023,0.1408248117581463,0.5,True,3
-0.97492099742709792,-0.1019238196083776,-0.19783979319690131,0.082861687703926476,-0.99128945845477945,0.10236772082687227,-0.20655021057024062,0.083407101333581896,0.9748744872856816,2.4869187905872074,24.051727715545994,-7.0462479221200072,,0.4239507489482535,1.0,False,5
-0.90763284681911116,-0.34994451348923483,-0.23182202840502256,0.33916486610101626,-0.93677034486394539,0.086188830982704509,-0.2473253100224807,-0.00039807319441217959,0.96893241898494487,7.9471631282023791,21.3946721331702,-5.494758968172615,,0.1715535846523062,0.6,False,5
0.97145245588934714,0.16704686462703458,-0.16845020321992346,-0.099901539612869322,0.93208601530556467,0.34818865928512543,0.21517390252894211,-0.3214202935255831,0.92216548763244965,1.3906753729054644,-8.997489651202887,0.46789614139411456,0.6355738812429339,0.4345455619980926,0.2830188679245283,True,2
-0.94090769103211469,-0.26694157302905208,-0.20841044490473537,0.24252684093578505,-0.96063628550772162,0.13549412677911687,-0.23637565099291197,0.076942339155384509,0.9686105657399029,-1.2357495699763223,6.2603279708144361,-3.5510837523453245,0.3029146100359799,0.2859555551807655,0.9234828496042217,True,1
-0.013401537890157368,-0.96221063677238738,-0.27197626599439861,0.9814157884098843,-0.064730081360160494,0.18064624775209889,-0.19142478690593956,-0.2645008639857046,0.94519619334233029,13.948147871915438,12.541839833442969,-2.2387806145639559,,0.1474830858189282,0.25,False,5
-0.82958019657804161,-0.47903676607624673,-0.2869154478112822,0.49280832624411969,-0.86971305378804176,0.027187454002681133,-0.26255790033820492,-0.1188401481734595,0.95757003302740384,-19.829854027842551,15.626366150727202,-9.2620033306582474,,0.7075998764965732,0.3214285714285715,False,1
-0.92322039951452128,0.34758669211422449,-0.163852327982663,-0.36602005675283611,-0.92527115917822955,0.099511808583834419,-0.11701885307461118,0.15184457006447888,0.98145291000996882,-6.1352405395953937,-4.3692178484801101,-2.011363560974079,,0.09191089554014738,0.125,False,5
0.511165976349783,-0.80978061355006992,-0.28803593966872415,0.85809923726829873,0.46182944264789211,0.22445325772441133,-0.048734419273616991,-0.36189628876517821,0.93094362480015602,18.665169053635204,-2.8667557451908516,2.454793578121647,,0.2062939514405173,0.2857142857142857,False,4
-0.97755521577474858,0.076492156988965138,-0.19630270000883784,-0.10594824198935314,-0.98385582764941115,0.1442313434023873,-0.18210098882474454,0.16179202798490233,0.96987760544801882,-5.8284441815375185,14.547308636773085,-6.4180303324062482,,0.07840285403016149,0.2727272727272727,False,3
-0.9669682452881232,0.19908381247064524,-0.15917929581626308,-0.20211459637109405,-0.97935753786569335,0.0029159834357066206,-0.15531291813032863,0.034992122510653395,0.98724538430120889,2.8173917899178247,-6.7043883925406593,0.19163621867412547,,0.7874301776936941,0.5253456221198156,False,1
-0.49058653483021519,0.85479112114874733,-0.16928375896272571,-0.86860041661342968,-0.46415912066851006,0.17346361854640308,0.069700560272199688,0.23213885910270113,0.97018213856586655,-12.798094658888031,-3.288677294177635,-3.5859582327042601,,0.08080428464241214,0.2533333333333334,False,3
0.96416517225258302,-0.16289254275310328,-0.20940759329732128,0.2107862992972562,0.94965003966190542,0.23180582002769018,0.16110448983102665,-0.26763935003203632,0.94995501034033958,17.968633019423656,4.3201102209968498,0.63686627891774961,0.3374637199653792,0.3776065664607728,0.8695652173913043,True,5
0.96853687409422695,-0.14932170374863526,-0.19909633926666592,0.18970150485151752,0.96078576813629279,0.20224748899262648,0.16108898962018536,-0.23365302595163995,0.95888299645305508,-18.548159114020656,9.6340855577597662,-7.6552056662096248,0.1356764317497918,0.1456542126031587,0.5161290322580645,True,4
-0.48753939928583018,-0.80025289947389266,-0.34914270868462638,0.81956730901292407,-0.5573331979479681,0.13300049797802849,-0.30102285650980781,-0.2213029673292185,0.92758300788121228,-13.968580228122322,-6.7134917313800218,-3.0627623735861418,,0.2919032407897425,0.3333333333333333,False,3
-0.77053283935536765,-0.56195461269295877,-0.30080916998665491,0.58578429526283093,-0.81035693448126533,0.013356577464040592,-0.25126858716994827,-0.1659176060917929,0.95359081638320387,2.9115389020326901,12.953588586512437,-4.3935995760741209,,0.2166318390109588,0.1612903225806452,False,5
0.96564881647000222,-0.11494191993025146,-0.23304660111838685,0.20959700612794732,0.87465436936071528,0.43709132819173069,0.15359511148563962,-0.47092259364035371,0.86870043888946946,-14.716644419058513,10.457604748332185,-7.1555725462204149,,0.5099655931606251,0.2941176470588235,False,1
-0.70184057876722306,-0.59521803924348471,-0.39132504105261451,0.65424006984961014,-0.75591858073435925,-0.02360148943878565,-0.28176183737132743,-0.27258500519965012,0.91994982577390638,-5.2356785126843919,15.931603403251536,-6.5901976671510143,,0.08206999029311894,0.3333333333333333,False,3
0.89556167082472193,0.41225131509121865,-0.16738622092392785,-0.36856483858695649,0.89809430204424245,0.2399720491912268,0.24925740411671618,-0.15321709382841925,0.95624017310075937,9.488284707461009,11.80867650780883,-2.8515963311954069,0.425958552606131,0.3922748202483326,0.7125,True,5
0.53328535310232794,0.82814790045160958,-0.17256241521291943,-0.80379835857560678,0.55964549224957916,0.20175510341968061,0.26365684310801646,0.031112344532625985,0.9641146669872821,1.9003462599214933,7.1162642223363424,-3.2316117441572487,,0.06737890070617589,0.2439024390243902,False,4
-0.86578202421586747,0.46331361661851989,-0.1891083795090617,-0.49411768290768437,-0.85127684648882407,0.17656569901876484,-0.079178292369924852,0.24630920260500022,0.96595164202431638,-8.9315769432180563,-4.9220233270597697,-2.478448015974938,,0.07447454077959388,0.4626865671641791,False,4
-0.064423582160264198,0.98468966401025015,-0.16197489821889272,-0.98198385158740453,-0.033660208751355294,0.18594274809301331,0.17764379325832436,0.17103583232234174,0.9691178601071172,-5.9790880945673326,-7.2499790969790627,-1.3396644661479915,,0.0887083744570833,0.3888888888888889,False,1
0.08989999465641528,-0.97142113368815419,-0.2196792479612017,0.9810416721352212,0.048350574494105417,0.18766848291660621,-0.17168351258902831,-0.23238589236464552,0.95735132972957337,10.708506318391242,-0.4954812630956239,0.34968427628362697,0.1994707829435309,0.1396977774762715,0.45,True,5
0.70637961933647553,-0.5999894314368579,-0.37555361208505444,0.70781741036094847,0.60228735930390631,0.369113059119625,0.0047272588226480172,-0.5265573273507862,0.85012648119983936,8.5054022621024981,2.1196788971019864,-0.69612927526735302,,0.4558019339832524,0.2361111111111111,False,1
-0.52724682445138105,0.84965699587774224,-0.0096837731254158232,-0.84772481954831203,-0.52520050941729624,0.074344167421486571,0.058081119373822224,0.047406901014750411,0.99718562429893731,-1.7173378785580566,-9.4580942740541456,-0.018047565199832565,,0.4162238659843099,0.8387096774193549,True,4
-0.14849697689318325,0.98753932420658697,-0.052103080515294026,-0.97595571630132438,-0.13784678200736952,0.1688452087237943,0.15955904133691173,0.075923302324191339,0.98426447893431335,-4.0561766362077432,3.430502742239562,-3.4573318172974314,,0.3144988619207472,0.4293785310734463,False,1
-0.85745055262087166,-0.43312431014175379,-0.27781627341534859,0.44472923867625086,-0.89536225423385951,0.023288150628680088,-0.25883286900354108,-0.10358458214180129,0.96035190439021079,-20.583744666341389,9.3053366025481701,-7.9764013197286792,,0.07968630531133503,0.1538461538461539,False,1
0.95747782700572137,-0.16049237129337285,-0.23974655273649409,0.24992981508999892,0.87653031261346848,0.41137537432230309,0.14412251150143521,-0.45380261108368058,0.87937016770649756,-13.930766569933619,15.119198065735281,-8.0131271275736449,,0.1326726411299171,0.2142857142857143,False,1
0.2488689906909676,0.96420842400189699,0.09146770225734191,-0.94770593768248179,0.22294667995387743,0.22835987734037699,0.19979409689434716,-0.14351617672346897,0.96927056380808929,11.750455275127214,-1.1777604341974315,0.75042537383071006,,0.3551911140079608,0.1578947368421053,False,2
-0.14018656409734559,-0.94734048815032357,-0.28791270683609599,0.96141920883728038,-0.19975153388438413,0.18913600817806842,-0.23668720312953009,-0.25029047968698831,0.93879382382543319,-3.6309057523964041,18.32261426480056,-6.7983740814091371,,0.6722954637900379,0.6226415094339622,False,3
0.45462241719980351,0.88547758006701238,-0.096166069785943706,-0.86187124003117355,0.46458391808127675,0.20332178601265616,0.22471409254102098,-0.0095518720111191779,0.97437792378242449,22.780083284821547,-2.75474171649764,3.2164001966786766,0.2313733372692768,0.1643211631439167,0.2352941176470588,True,5
-0.96788618874199417,0.1801377748000566,-0.1753473915762144,-0.19624155060109325,-0.97735486722925802,0.079162600519179796,-0.15711645190805684,0.11103083172418715,0.98131879373955744,-3.0147793884572769,4.6647668113215248,-3.4959904868292782,,0.1207583575203895,0.3601108033240997,False,5
0.61188237738375972,0.76966857148688939,-0.18223678638663712,-0.74414116557255339,0.63826794026990386,0.19714959326342926,0.26805574410469019,0.01497753280568026,0.96328697259100071,-2.5800997294702075,8.2509460614087882,-4.318899909553731,0.237024145169713,0.1763980440875886,0.7539267015706806,True,5
-0.97122507251936963,0.14004867639767332,-0.19263495723519258,-0.15351886094660785,-0.98651189015419194,0.056800087306789648,-0.18208189872527369,0.084738768126888589,0.97962519533387682,-7.3779418681527993,11.985027682594714,-6.1042923780329943,0.3100320655525343,0.209197724095791,0.2285714285714286,True,5
-0.94002410128313085,0.30163777872064251,-0.15927755477567351,-0.31656684792887146,-0.94535710710373311,0.078008786946333702,-0.12704377119410329,0.12375213330256775,0.98414698582266824,-9.0193340998598828,4.3943156390391112,-4.6213068441637128,,0.1784505647287994,0.2636103151862464,False,7
0.512499265828532,-0.82574457503641063,-0.23556400260471647,0.85647102602780878,0.4718665701894299,0.2092828743890385,-0.061659420205593535,-0.30901106248094579,0.94905757420944126,-9.8684292443808044,-8.4589136751911482,-1.7667562646234163,0.9500478105588379,0.4702926453740539,0.6352201257861635,True,4
0.15280569607029029,-0.90736766229373123,-0.39157929550996839,0.97655687357818211,0.077849003305669726,0.20068932545484292,-0.1516149462146793,-0.41306592465116621,0.89799189861401119,-1.4113471815420691,8.702691947357895,-4.2072850010255065,,0.1683078789780928,0.2631578947368421,False,2
-0.20413166914962169,0.97501920272169362,-0.087566066339322568,-0.96787437576072677,-0.18760108437963507,0.16740676774064076,0.14679732421257927,0.11892597472183436,0.98199142467767475,-19.344865950533578,-9.1635810580508199,-3.5217750473962934,,0.1646399497580275,0.4,False,1
0.74368052111036143,0.65274901788755046,-0.14442299736489739,-0.61243675812337695,0.75181239817293377,0.2443344741390204,0.26806808803054333,-0.093256836748313948,0.95887572843374691,1.9028028165846385,8.3241009651528088,-3.4485547681191049,0.1743317041960883,0.1191633928872005,0.4146341463414634,True,5
0.34389299571778614,-0.88762402965207921,-0.3063677357040886,0.93517192469990074,0.29428143976541965,0.19710886703208849,-0.08480022847450748,-0.35429086383054692,0.93128239812469094,12.367274531651097,-7.8967004907403275,2.3180057991517522,,0.3013773278169635,0.7605633802816901,True,7
-0.83717447652469335,0.51879611825793814,-0.17317471967957776,-0.54329826583071317,-0.82527747877688251,0.15409113332379437,-0.062975314218704434,0.22308668876507884,0.9727622726518993,0.46062621351658595,-7.5033181374619966,-0.10662475142662005,,0.07094443745144537,0.2647058823529412,False,1
0.77499070026971228,0.62966155372271326,-0.053997613456156779,-0.57291249006972667,0.73606176807938861,0.36053342742934458,0.26675961691674221,-0.24847414621111774,0.9311819937300605,-8.0075462538435573,-11.968940097260612,-0.60295738209397187,,0.5365969113037821,0.3142857142857143,False,5
