axis_00,axis_01,axis_02,axis_10,axis_11,axis_12,axis_20,axis_21,axis_22,location_x,location_y,location_z,dbh,dbh_approximation,score,reconstructed,number_clusters
0.2402305301639808,-0.96484562561743104,-0.10659367290810871,0.96150130730802563,0.25160544936232743,-0.11049856965653006,0.13343361054131164,-0.075944825880960798,0.98814364087404816,5.2533902683876255,-14.853164084389496,-2.1474160204889929,,0.18918053402403,0.35,False,5
0.5240161520179174,0.81823859897448326,0.2364163014104764,-0.84650516408899545,0.53098387262199853,0.038537438757756753,-0.094000423376692552,-0.22032186038525459,0.97088732520379639,-9.5076892833397029,-23.820333226442585,-3.3083475638281143,,0.493259867721359,0.2272727272727273,False,1
0.993906835807015,0.10836454885034051,-0.020157536767929113,-0.10727419957543205,0.99302122811150528,0.049000883924363012,0.025326820596723275,-0.04653992987081855,0.9985953069617749,4.170621844254959,-6.393720483962702,-1.5145329825766907,0.5591425883264926,0.3426906452935786,0.1111111111111111,True,5
-0.81173342200337417,0.58162506888304799,0.052925710665812947,-0.57948846425136602,-0.79083269215104712,-0.19691818815112022,-0.072677172497868037,-0.19051491351575725,0.97899034536904295,2.7767744055850145,-15.984290618300903,-2.3654942964401577,,0.3922753427957703,0.3076923076923077,False,3
-0.10402863756822753,-0.96709144729154617,-0.23218995486721963,0.98808215374626884,-0.073862781697542124,-0.13504794307221618,0.11345351477073624,-0.24347160420764546,0.96324964465642171,2.0679206204764125,9.8345178622899567,0.1748066341942168,,0.3657292762949486,0.1875,False,5
-0.48903631922493473,0.87205450878065516,0.019089583396646164,-0.86402834526477768,-0.48130311044647411,-0.14765613584798473,-0.11957632314943085,-0.088703154340073573,0.98885451576669414,0.17959474528008662,-10.697982902212368,-2.068433674385151,0.8547738612025984,0.3524185262487275,0.7204968944099379,True,3
-0.45445129806924422,-0.88812913060490339,-0.068561396238386488,0.88522849655495184,-0.44171038198669826,-0.14581648511819184,0.099219587633883444,-0.12695899265567209,0.98693307149655218,-11.033426781022763,-1.8318210102851373,-1.4518644641344736,0.1242401263601557,0.1073772668447148,0.4436619718309859,True,3
-0.28243204623995588,0.95794294672426861,0.050768593420900142,-0.95139908216144808,-0.27294403931189387,-0.1426230621830199,-0.12276777149995693,-0.088582516476630943,0.98847418380835905,0.16488414835659823,2.2420146719527438,-0.78521519103474902,,0.0928162702994318,0.2734375,False,1
-0.70056038897326312,-0.7129322562140703,-0.030704062453435849,0.70992464170655589,-0.69195613548624091,-0.13116291267261629,0.072264406864289796,-0.11368511165698542,0.99088523598249756,-7.9556613236334464,1.6979174285979308,-1.0559414555726834,0.5688021884227216,0.4897312931859074,0.9794584500466853,True,5
0.32001325097705902,0.94491126062539121,0.068805731900970002,-0.94188694579600107,0.32513915074920435,-0.084460132542918398,-0.10217876755067544,-0.037778859080450485,0.99404841796987153,4.0334778318024442,-16.896151087312493,-2.3671851820221721,,0.341287134674871,0.7848101265822784,False,4
0.03360993145792588,-0.97672261944404859,-0.21185678458277235,0.99158584388382476,0.059102672152624568,-0.11517112638862105,0.12501154633312023,-0.20620329485916813,0.97049075960187603,-10.679080473752698,4.1211795891977063,-0.77278400888450238,,0.3033520846041902,0.2622950819672131,False,4
-0.9998021094353422,0.0070922922147403054,-0.018586052829473475,-0.0031936883068322385,-0.97939458702980664,-0.20193078827091371,-0.019635231693006506,-0.20183147001360938,0.97922342465267165,-14.592966407079473,5.5309197118503244,-0.65189639542252931,0.5711009938429134,0.5107035261123478,0.8021978021978022,True,5
0.97851651947047624,-0.19498434608798235,-0.066981534052509381,0.20089842453088333,0.97476660423575212,0.097313361301056306,0.046316780375955907,-0.10867921626209333,0.99299727281008321,8.6856472784078598,-2.458276091612321,-0.88068053619002973,0.7351093251553693,0.3970651998710574,0.3428571428571429,True,3
0.95915347873050738,-0.27824460492733055,-0.051034733936796098,0.27771563553138445,0.96050714766426815,-0.017321809006299788,0.0538389266290214,0.0024411297968654688,0.99854664931827264,4.960672271345075,-8.0981242276783298,-1.6019447308333277,,0.2356336241532707,0.2,False,4
0.56083588243407234,0.81921118817107585,0.11981711960204114,-0.82542174008511326,0.5645023808155063,0.0040016307287507741,-0.064358868613886649,-0.10114391345483709,0.99278791531816146,-11.983737756479801,-19.249118919029719,-3.0023173266939192,,0.4674060092923846,0.5555555555555556,False,2
-0.79345628964456494,-0.60132063732971752,-0.094024505023222293,0.60575639053425456,-0.76524583196909823,-0.21784859875802176,0.059044997674581171,-0.22980928565944458,0.97144293732277642,-11.910827457875266,-16.709225216628987,-2.8246167852513735,,0.08072113475075507,0.1666666666666667,False,1
-0.8227015050525105,-0.56663945982441222,-0.045628457723576987,0.56532445938122589,-0.80706752397016013,-0.17044138986173413,0.059753570685430711,-0.16601727115747061,0.98431081293855938,0.5476586278542489,-15.845591082601727,-2.4270693642223011,0.4114805529496821,0.3897927569847021,0.8838709677419355,True,5
0.99810977228362341,-0.056368950482889486,-0.024483134876690023,0.056962790873468651,0.99808113752277094,0.024275159673129487,0.023067789834271338,-0.025623901785403733,0.99940546963154675,-16.933378938656119,-12.004667846055257,-2.4899010330761784,0.1803277882783705,0.1674683122967121,0.2083333333333333,True,4
0.89165695716536475,0.44330547105170037,0.091804847770876108,-0.44222680309830925,0.89629979314768438,-0.032895826860992211,-0.096867566089238188,-0.011266771456330472,0.99523350752519302,10.308481006378823,-15.3401928089853,-1.8868586354273955,,0.379493812725483,0.1,False,2
0.91804630472635451,0.38325827313538163,0.10150900675097888,-0.39528545707560814,0.90459122008402637,0.15957484755254947,-0.030665775757553835,-0.18662213325374122,0.98195304856037269,-14.288233478432238,4.2469337877461006,-0.78807651033701398,,0.4062044056307394,0.1904761904761905,False,1
0.68702981779443528,0.72662639416547603,-0.0020279949269707692,-0.7226028947659292,0.68292684873505971,-0.10703259201150259,-0.076387734206775804,0.075000017192528412,0.99425344429067763,7.9196352933940988,-2.0618088690172871,-0.90424273204054506,0.4351737522801881,0.3809206859580961,0.9527027027027027,True,5
-0.99092912710807257,-0.13118802739796917,-0.029140461840270131,0.13432553682525708,-0.97339743230884446,-0.18561812662333416,-0.0040143748505911299,-0.1878487163703263,0.98218977013232045,6.1507270730872152,-10.081877234844329,-1.7032020745622953,,0.08292447198211184,0.125,False,6
-0.24577191871378673,-0.96343470349451155,-0.10672270646018758,0.96224696372312368,-0.22920993774897366,-0.14677733218294348,0.1169484706072479,-0.13876734680592245,0.98339548437191404,-0.15700660882281411,-16.493368969464054,-2.4902350483958053,,0.1177977906137666,0.4,False,2
-0.078439429127148311,-0.99514356071121612,-0.059468895510260633,0.98962321620310789,-0.070523096651694442,-0.12518938769110449,0.12038748236434292,-0.068671583742178119,0.99034896257648342,-8.0796279366387047,-23.087831236191182,-3.2276812591363906,,0.08277599289264312,0.25,False,1
0.85727867472150854,-0.51107495339465936,-0.062254846240118053,0.50822136411040209,0.85937230063929215,-0.056482687220883857,0.08236697717833398,0.016782160366792663,0.99646075696131997,-7.2158721931104743,-19.867161798886876,-2.950689679798927,,0.1949301525354886,0.3714285714285714,False,2
0.33073824828193832,-0.93451215991367687,-0.13152655282059839,0.93355482780494403,0.34438506057919438,-0.099369580516100092,0.13815786117871107,-0.089921927377805633,0.9863196502002709,8.8358054625672047,-1.2796306454476338,-0.77440028712990261,0.4187752436915315,0.405967198674247,0.6115107913669064,True,5
0.51463050347359884,-0.85695550256196684,-0.027976982025891613,0.84969213743184591,0.51409409271289153,-0.11717736737190494,0.11479859093652461,0.036531225909842133,0.9927168544214976,-19.881155091371266,-4.3899834000739357,-1.8083325686155742,,0.09709086363270261,0.3333333333333333,False,1
-0.4176667658727195,-0.84855211771203798,-0.32482884141011675,0.90274119704503231,-0.34701400245793784,-0.25424321673512712,0.10301846360301346,-0.39942531920815699,0.91095917061761711,-10.45468956139913,-17.566545484860729,-2.8666929315410719,,0.4130135266314595,0.3,False,1
0.71532350837203984,-0.67804664451823593,-0.16901191149702288,0.69170548390500974,0.72140671632266584,0.033404687998620716,0.099276391483840931,-0.14080162464300564,0.98504776563973662,-0.98960485203928683,-13.325373691817774,-2.326730515394793,,0.1046203766734079,0.4285714285714285,False,1
0.18584045204895611,-0.98053846672425093,-0.063305936975092306,0.97480319484311151,0.19207648037389627,-0.11342555713258899,0.12337770343908019,-0.040631772804431615,0.9915276099700232,-3.8538165464865313,-5.852446970159745,-1.7617072114628669,0.3794995525492446,0.315636361863442,0.7300103842159917,True,2
0.99947224134039825,-0.016653909520493105,-0.027890609310027077,0.01677419420280632,0.99985096128373274,0.0040843149783629795,0.027818432717316731,-0.0045500019427656213,0.99960263719313647,5.0128999123693596,-4.2419522274703718,-1.2731629532054438,0.4660181800560174,0.3484351161195784,0.5,True,5
0.61546506132949041,-0.78284377038382513,-0.091424227937254063,0.7828378420461295,0.62064191548863956,-0.044368071843963075,0.091474976596035873,-0.04426334725061741,0.99482314244639736,-13.965418871522244,2.1658793708419481,-1.0180298615234993,,0.1377513478654892,0.35,False,2
0.54949981448798635,-0.82908173386935424,-0.10331230537478939,0.82842513168338694,0.55672021939327943,-0.061436133619079417,0.10845162549741393,-0.051827366158080916,0.99274980183532868,-10.794049807834497,-25.043470252053464,-3.4276944228517907,,0.1657666077949916,0.2941176470588235,False,2
0.43068183538915006,0.89538197815505538,0.11315595371421176,-0.89928135878132043,0.43634341683417904,-0.029957642328718045,-0.07619838852793856,-0.088856827428248603,0.993125505565702,-7.0826102699706706,19.665823972307365,1.1199363369354367,,0.2804190643402629,0.3461538461538461,False,5
-0.9892373428622987,-0.14228041090722537,-0.034143288634952119,0.14613323766897102,-0.97248095655517197,-0.1814548593615547,-0.0073862260405827655,-0.18449139223716821,0.98280637454956921,-14.976886126726003,-16.657979419739679,-2.8632475201480019,,0.08795806316466677,0.5,False,5
-0.49807471226227429,-0.85127948629293304,-0.16506004126284526,0.86498039531954329,-0.47434582657975166,-0.16372218090172769,0.061077792344669181,-0.22431957788657608,0.97259972766759961,-3.3985073717723377,11.882965628792173,0.27361913130586185,,0.2939141992222729,0.1764705882352941,False,2
0.15151626787187455,-0.94154191341807525,-0.30090138890873858,0.98055442242981239,0.18158280705533486,-0.074435937793798868,0.12472307414233993,-0.28377193211967705,0.95074583633984422,-8.6307074616801458,-18.189369778857227,-2.879749146473245,,0.3544010842169729,0.2337662337662338,False,2
-0.16139486632434996,0.98208502509549855,0.097266132889721899,-0.97146653462146526,-0.1407426320300583,-0.19090385967762535,-0.17379433027204313,-0.12530169596788185,0.97677787431578633,-12.549970757471566,0.71826274152549197,-1.2047529043159981,0.4305660397050874,0.2027375419655032,0.1764705882352941,True,3
-0.28138717851204526,0.93927646924268759,0.19642039124291918,-0.95170640069738155,-0.2469739265525589,-0.18236997141757411,-0.12278510756873523,-0.23825111527588352,0.9634107241613683,-19.468433773156146,-21.642590601810259,-3.3187774787316093,,0.2262941767214817,0.1333333333333333,False,1
-0.040176953563119004,-0.99821101398274703,-0.044278481974023953,0.99185597485841048,-0.034482551876745142,-0.12260782501023666,0.12086164627399469,-0.048843885795507344,0.99146696227374909,-19.024357864382516,-23.322905459693295,-3.4619259215259568,,0.1011093722610937,0.3809523809523809,False,2
0.98640984492427009,0.16409805627090149,-0.0082125370373711329,-0.1642615588768819,0.9837973757157652,-0.071839152348220192,-0.0037091928791578646,0.072211851263391608,0.99738241934841609,4.8971094213761619,-9.6918775417513512,-1.7234789162986501,0.2441524068091191,0.1960154068864482,0.5869565217391305,True,5
0.10764129881860901,0.9941841257900158,-0.0033577992471518388,-0.98692688515404647,0.10644683232793208,-0.1210140291349715,-0.1199527996704268,0.016340009623325505,0.99264511782244447,5.4946986622984246,-5.6820921519227658,-1.3734516867958129,0.4728462809616748,0.4087320032723961,0.873015873015873,True,5
-0.99241049357522415,-0.12000879093161633,-0.026819812469751087,0.12268379814184596,-0.9811213566164716,-0.14949772327546132,-0.0083724497772040586,-0.15165346580341388,0.98839826405884679,9.0026641017517992,-8.7283937498981707,-1.3836782777074739,,0.1060779402704153,0.4705882352941176,False,5
-0.99534093125105472,-0.093188625256972413,-0.024744912588214946,0.09587789643651938,-0.98374111435620026,-0.15185798925354221,-0.010191150631351641,-0.15352296260799694,0.98809252623470045,5.7040964032888244,-2.3844470913109834,-1.0437305807169066,,0.09136292198205428,0.3333333333333333,False,4
-0.82786309217899212,-0.54016131535579448,-0.15122319266876139,0.55846453192130907,-0.76845654325377899,-0.31239703538344277,0.052536341647934671,-0.34307476520949298,0.93783774624542626,-6.709499993143047,9.0586070822834195,-0.13576525195845571,,0.1175091611982994,0.1333333333333333,False,5
0.25910254067090299,-0.96349105054402906,-0.067460128516387385,0.95799205355839112,0.2652581992424326,-0.10903812660551161,0.12295161136341716,-0.036374211417243264,0.99174584345330818,1.2489623139069508,-9.2982491921097612,-1.9237577101788716,,0.06650406586023554,0.2093023255813954,False,5
0.76912906699959638,0.63731419885618046,0.047655956948065098,-0.63595652326424823,0.77060218577215844,-0.041612159290548997,-0.063243804550174823,0.0016980045574563757,0.99799666230230566,-0.50141651987310243,-14.893173908632823,-2.3988361920511863,,0.7785915152187057,0.875,False,1
0.89104063913374254,0.45383214485818074,-0.0091084414448837324,-0.45240196786764864,0.88623343065956695,-0.099613080721628236,-0.037135412770166555,0.092879979946153338,0.99498455789202656,-8.8140947146266129,4.5563467673949258,-0.72542067046124636,,0.1072325926490439,0.2432432432432433,False,5
0.89154839457175639,-0.44871711403975439,-0.061598796289842342,0.44758728365679423,0.89367348401838398,-0.031832804952988944,0.069333135261977694,0.00080964824265438058,0.99759323415130829,-2.5920300335616395,-21.322152279265431,-2.9217122035717056,,0.2688127293619043,0.5476190476190477,False,4
-0.077460408494741242,0.9741959940450422,0.21199540160677435,-0.98895081012155839,-0.048120996509375763,-0.14021649280614393,-0.12639691561006772,-0.22051425097152871,0.96715938957481296,-6.2744743592152759,5.3725597677770427,-0.57917215879902806,,0.08937644822182349,0.3225806451612903,False,5
0.019785216135375906,0.99813275478848762,0.057788831454023033,-0.99407207155833988,0.025819385591852723,-0.10561285847552213,-0.10690772549347359,-0.055356690164823356,0.99272673736724137,4.7848112799063882,13.113583012549594,0.66445658739032865,0.3300398573463312,0.264822343207127,0.475,True,5
0.78167702894861069,-0.61842654028425548,-0.08080616737675006,0.61181285854647238,0.7854939784521997,-0.093189247944865855,0.12110346209447277,0.023405642212544001,0.99236390874585467,1.2815040682678356,-19.79058713886667,-2.722053727133853,,0.2858598538189275,0.6571428571428571,False,3
0.63611389944220231,-0.73003306142615487,-0.24982160867545417,0.76412096355692816,0.64097572177879836,0.072589786767699935,0.10713664167439391,-0.23706930065890949,0.96556713215385892,-19.724991012950525,-28.545288790332418,-3.9307350464710491,,0.2440907276697207,0.2916666666666667,False,2
-0.96733243556512682,0.2491326057064791,0.0469137919756977,-0.252413959382083,-0.92931059334972888,-0.26957190913935036,-0.023561668291935241,-0.27260734740992221,0.9618368270790143,-4.3506747619218178,-18.497491271765618,-2.7862592800374335,,0.266904994921458,0.1304347826086956,False,2
-0.68709700004671193,-0.68666495026776875,-0.23746359426356622,0.72313661121097617,-0.61458321246777603,-0.31521566661429434,0.070506411432678884,-0.3883023577401396,0.91883084673966742,-14.740512956755266,-12.316836248755676,-2.5320530000442458,,0.213355236477197,0.3636363636363636,False,4
0.92622807573369959,0.37689674720569882,-0.0070988497950220941,-0.37591344059745846,0.92207929490724039,-0.091972055981955264,-0.028118266319772971,0.087855653484169807,0.99573628398790426,-11.11601194069544,2.6844468670402883,-0.96800181205246616,,0.1410748305763924,0.3636363636363636,False,1
-0.1919811914840284,0.97958083848656397,0.059704296213365468,-0.97332674598579461,-0.1822629702862068,-0.13933863502688054,-0.12561157456650945,-0.084862185526945716,0.98844329215312732,3.6749230226693248,-9.615005225201303,-1.7912834547794694,0.08131845752784791,0.1015917861173553,0.3513513513513514,True,5
-0.92881825766961545,0.37051300108468582,-0.0040939280402309611,-0.36083717403143578,-0.90696335898057701,-0.21728782594447338,-0.084221007216646354,-0.20034365848183947,0.97609899111182608,-7.1700386251243966,6.4531718759067527,-0.45871730635296298,0.7971236322361579,0.418739371880246,0.275,True,4
0.91346127582250869,0.40423067145529301,0.046755340096276896,-0.40530391002726057,0.91404306319735695,0.01593797783307109,-0.036293774801333237,-0.033508847721103352,0.9987792143587465,3.9741682207296232,-18.87283172201774,-2.5368366989918956,,0.1312702185200892,0.1428571428571428,False,2
0.99056664369850933,-0.12991383329783041,-0.043590369460865724,0.13228379824170156,0.98958399905284067,0.056784729825341065,0.035759210206882601,-0.062015358875457047,0.99743439591229721,-13.126997864671315,-7.9015408331063233,-2.1280240073446151,,0.05899247869901254,0.5454545454545454,False,1
-0.97893968207596038,0.20410481959110016,-0.0042803594125931585,-0.19864169061326312,-0.95715575929366969,-0.21069962316355098,-0.047101779237319785,-0.20541196428310143,0.97754148112601114,-1.3657150579301658,2.2276431496574962,-0.80995639582222734,0.1554882538820344,0.1469290748971624,0.1288343558282209,True,5
-0.99781903351349566,0.060395385972252816,-0.026637824825896921,-0.055823685774897047,-0.98744959718140468,-0.14773966675468733,-0.035226303591182104,-0.14593042992996047,0.98866749575160906,-15.051532061222179,2.5987937445097957,-0.98434000288320855,,0.08987469684443351,0.5,False,2
-0.9117022902324311,0.41072945346645479,0.010012494199120345,-0.40616024940674961,-0.89735229171718445,-0.17260566720639348,-0.061909496741509085,-0.16143165924026412,0.9849401167625107,9.9840170253988543,3.8598624883528476,-0.18477412377647795,0.2158488814077136,0.1929608717913218,0.6065573770491803,True,5
0.84176949125874512,0.539654268674708,0.014049693489872409,-0.53761615772147753,0.84038073920119072,-0.068768307645714344,-0.048918202571114434,0.050333721110468174,0.99753372172392474,1.9962611359935891,-1.1317881085225501,-1.1557469717440765,0.2534420643596236,0.2197731334750731,0.7280453257790368,True,5
0.83087716291709612,0.54285208458573186,0.12228963326366504,-0.54965417047087906,0.83491276556397287,0.028301356545004416,-0.086737725510910899,-0.0907319577615463,0.99209086217641851,-18.325464908469666,-4.0214047488807037,-1.7349204449320219,,0.5973590722974608,0.7157894736842105,False,3
-0.21990597235096954,-0.95101643362830024,-0.21727656636941772,0.96764136635689546,-0.18439838236435441,-0.17224233711945017,0.1237398458029409,-0.24812291218329402,0.96079314683772921,-1.3887456571197614,-15.287288447182908,-2.4642748066878291,,0.1093721200694298,0.4,False,4
-0.92345718162759582,-0.37159120264168438,-0.095638966011367538,0.38350225631412149,-0.88581561459714653,-0.26125986361830733,0.012363377467134125,-0.27794005658628129,0.96051885553716176,-9.3041793661075456,-20.916046909380821,-3.0976816277660344,,0.1721916360368579,0.4181818181818182,False,3
-0.95909343829394722,0.28230063954017082,0.021121684040462212,-0.27588282177699847,-0.91534348457986259,-0.29331718989100597,-0.063470034424565183,-0.28714570195704836,0.9557818268714563,11.875126274968631,3.8804160761126991,-0.11374491105205416,,0.7129583889915302,0.5294117647058824,False,2
-0.083818766863803809,0.99430950258452833,0.065749733014966644,-0.98970799711673252,-0.075387709624729668,-0.12163376866940845,-0.11598489024272526,-0.075268229072069495,0.99039497117449915,-11.226066986635407,-22.261487490015305,-3.2419639670605629,,0.5013527972543792,0.44,False,2
-0.86678457140077825,-0.49634591828999081,-0.048220702799058698,0.49718058086189881,-0.85262422119023973,-0.16075884875664667,0.038677859240066101,-0.16331768684561745,0.98581507209415431,10.047492670304365,2.2418126539938896,-0.36261074640113289,0.2170863863348869,0.1795161571514465,0.6756756756756757,True,5
-0.86536602691743647,0.50113839269608362,-0.0013967186963826372,-0.49512317837740005,-0.85540290962597398,-0.15211476074621794,-0.077425303942523643,-0.1309433983421989,0.98836185111527053,-15.067665588413091,-4.8480949462029876,-1.8403931437412113,0.2428331617264126,0.1406579370972469,0.5605095541401274,True,4
-0.67300061619756157,0.7395778584885484,0.0097345688756388139,-0.73260615714969457,-0.66473002976237638,-0.14636326738108435,-0.10177617159266189,-0.10563417423164902,0.98918301245539886,-19.019840525829924,-19.751372666555998,-3.1569013147761429,,0.1143176897573783,0.5862068965517241,False,5
-0.99708088069583023,-0.065992826855773012,-0.038401356153290489,0.074199821559085374,-0.95608361054073387,-0.28354632097065563,-0.018002883975290693,-0.28556798920568482,0.95818934439368209,-13.815176568253893,-11.025775789046977,-2.4154085921059338,,0.648079101247712,0.2,False,5
0.84375417420273757,-0.5319472396112791,-0.071491452533830824,0.53066306956157272,0.84675393666861787,-0.037476357076005717,0.080471113568446689,-0.0063170409322259938,0.99673692360367327,15.123413640962511,-19.642736378990996,-2.0350349716628591,,0.2659556834218374,0.7857142857142857,False,2
0.070868717536393358,-0.98012716271216549,-0.18527916717361131,0.98982994285762871,0.092069847845098252,-0.10844273760950336,0.12334629746048331,-0.1757096697156437,0.97668408550114549,0.9278361599867142,-21.406786039847542,-2.8380861005826481,,0.1822274486712047,0.2903225806451613,False,1
-0.74898631988235564,-0.65745520489092746,-0.082293050684211264,0.65923907967168849,-0.72696685222562163,-0.19215366662855088,0.066508108247872261,-0.19817126261645437,0.97790839152258502,-13.262828382346889,-2.2327352959077835,-1.5423876327742418,,0.8224629575617304,0.6470588235294118,False,1
-0.9974159049700787,0.069844745306763698,-0.01682926218682982,-0.063132870885049042,-0.96389723003859185,-0.25868198726958647,-0.034289256721770203,-0.25695104879522102,0.96581592728454491,11.039524669594902,6.9785730895316487,0.23378396524255673,0.6686413897958485,0.2694404172908877,0.1702127659574468,True,5
-0.90569084528384936,-0.42208079023769596,-0.039647185036886697,0.42121468980299431,-0.88534245156588853,-0.1968423952035486,0.047982057721550953,-0.19497833204647352,0.97963318245615827,7.108399903794453,-11.60189233339282,-1.753681388304098,0.2115829042241664,0.1268265313323863,0.3333333333333333,True,5
-0.83822855067415214,0.54531420379161488,-0.0023056404377995825,-0.53897983938332616,-0.82911969653574225,-0.14853033883622277,-0.082907355361482457,-0.12325967694098676,0.98890516353559865,-18.11952759438341,-5.8253864345826871,-1.9560626455196277,,0.08554465359108751,0.48,False,2
-0.60580894214616632,-0.79257862136745716,-0.069387711930886387,0.79116851136300581,-0.59092881603989578,-0.15765633828467523,0.083951844788473312,-0.15040699227412171,0.98505320893425041,0.1696826299405603,-13.49468085089352,-2.2807534393474618,0.4441971633479651,0.2133394054988114,0.6982758620689655,True,5
-0.70510892209438358,-0.70679562693781883,-0.057108228167849585,0.70532640448792705,-0.6907827903760656,-0.15916595004079495,0.073048416239017089,-0.15250927270769898,0.98559872697926054,-17.721962659985483,2.1828523270900004,-1.057955776014051,,0.1156011632531312,0.2142857142857143,False,1
-0.99831910547603986,0.056262340939450782,-0.01391088183878752,-0.051594641302136229,-0.97208623875877542,-0.2288806182373706,-0.026399936182187916,-0.22777816710086612,0.97335509962281808,-3.4544800010100376,-14.961023178140339,-2.5010740157898268,,0.1457612920011644,0.5833333333333334,False,5
-0.69220937966229168,0.72106105444985991,0.03028416192007383,-0.71450489629845748,-0.67879849116869295,-0.16945607558490222,-0.10163133312653026,-0.1389372669328196,0.98507233642213421,-8.8088316009262062,-22.571860135189549,-3.1931562814787275,,0.08494312091533149,0.25,False,1
-0.51450605255392634,0.85522438521746635,0.062247673167633424,-0.85083103630617607,-0.50013846622933267,-0.16108402234837191,-0.10663052819683791,-0.13584095673683483,0.98497571793891758,6.30049046932242,-16.638652987958931,-2.2245449268362423,,0.1412972659787839,0.7272727272727273,False,5
0.88075452008612465,0.46756004345711866,0.075226864285562384,-0.4723948637368186,0.87860625246768442,0.069958172072783972,-0.033385147340301624,-0.097152760573593719,0.99470939125454982,6.3309189324743471,5.4033495864611787,-0.1661326243199461,0.482219518093595,0.2413883777253475,0.2258064516129032,True,3
-0.98493254034147382,0.17278852105329348,-0.0072123483488635461,-0.1680383705099201,-0.96604743793542303,-0.19625354441327725,-0.040877830334554457,-0.19208455078589465,0.98052665865672328,9.8359258628141806,7.0506352287709069,0.19835688853704767,,0.08643807782993065,0.2173913043478261,False,7
0.91106845409032722,-0.39660639484015692,-0.11250617553430263,0.40580380708579594,0.91086003239244717,0.075214835934836785,0.072646693772915688,-0.11418129865229218,0.99080022654516009,-6.7282242254610445,-15.99589732682557,-2.6681515274605418,,0.4062645204860422,0.2535211267605634,False,2
0.7627602135071081,0.64654613001810091,0.013227185989730821,-0.64346459021355584,0.76084479410825845,-0.084074493276269091,-0.064421873861993051,0.055617452629348307,0.996371678206045,-10.696535025490613,10.14639017927886,-0.045412362126698663,,0.08913234788703081,0.391304347826087,False,5
-0.72210813805735286,-0.67264933947201944,-0.16156330975564656,0.68921587049377941,-0.6794454326463113,-0.25166522985022938,0.059508997730135529,-0.29308150771401881,0.95423367632107381,-10.732229711047092,5.959434760235867,-0.56960120586584284,,0.5509884486757328,0.2702702702702703,False,4
0.88511838578156521,-0.45486585073015984,-0.098298021297300836,0.45687592058453147,0.88952745275211575,-0.002303039376462479,0.088486362460400883,-0.042871536476556352,0.99515435738314773,-5.8500878092416615,12.462253850397554,0.28692496084517349,,0.6602686682460819,0.3684210526315789,False,2
-0.66711398862346705,0.73535873080145275,0.11919086884894363,-0.73775446403434175,-0.62996139943109353,-0.24262519659800463,-0.1033309100912731,-0.24979225820848752,0.96277024816869683,5.9541090598150648,7.757868305604549,0.091959163156529786,,0.1442425753176288,0.1851851851851852,False,2
0.37793438390905443,-0.91732992618446496,-0.12518549431019824,0.91795409312765786,0.38887906873120742,-0.078315725195704233,0.12052337685886388,-0.08531633155002627,0.98903753174557696,-0.61538983334420816,-12.237956039985335,-2.244260877491667,,0.1529930894260912,0.1428571428571428,False,1
-0.83570514696558229,0.54910591209489257,0.0089221431098336114,-0.54308939304561854,-0.82391764615064844,-0.16190621829601923,-0.081552550521596961,-0.14015138124190196,0.98676581408123931,-4.1936793213090811,-14.477468934552691,-2.4881963983807061,0.2252862348735937,0.1819721890153244,0.7898550724637681,True,2
-0.35039810865413756,-0.89009966059240031,-0.29145112740371276,0.93000649624263843,-0.29379545523444395,-0.22084417001604487,0.11094630412092633,-0.34843482130360875,0.93074383849963116,-15.029593634748112,-19.438422976241394,-3.0677711501180571,,0.5226288772283813,0.3809523809523809,False,2
-0.036135929388393807,-0.99392570152394688,-0.10395140430685582,0.9919330486855007,-0.023026335128308956,-0.12465398034578411,0.12150317499030772,-0.10761732082099602,0.98673982929979343,-3.9136754902827509,9.4468836853775358,-0.030194098540354243,,0.5149190884640698,0.3571428571428572,False,1
0.11830867687958044,0.99240493228214943,0.033697290055220222,-0.98697179212504638,0.12125198331404322,-0.1057574493446462,-0.1090400776067105,-0.020746250853433866,0.99382083624315765,4.6902035163803895,9.4961345592866699,0.21907488720293589,0.2159572829394087,0.1808209165215071,0.4444444444444444,True,4
0.75816804804963711,0.65140106247284568,0.029289361991167617,-0.64866012087218961,0.75803503231448643,-0.067992186124956389,-0.066492544745093543,0.032550661947525719,0.9972558327230272,13.057804858371007,-1.4508470350206826,-0.59360463508648154,0.2911426238427731,0.2432030539054102,0.5714285714285714,True,5
0.67119539567336328,-0.73099625603522345,-0.12304964237804318,0.74040228881851289,0.66917704998022931,0.063297128624178592,0.036072032645606558,-0.13359097814689597,0.99037985592325661,3.4144300166250114,3.6758735905500881,-0.50506121111830937,0.598664770660066,0.2602656457211432,0.1304347826086956,True,2
-0.85476465355261455,0.51806102362501749,0.031466852999305059,-0.51107631328703162,-0.82957688676408115,-0.22495153020984837,-0.090434446059101489,-0.20836258000758115,0.97386171822213508,13.465823306085756,-7.1631026464735648,-1.0431749567446036,,0.1473320806208279,0.4347826086956522,False,4
0.48064832765818122,-0.85011000689950378,-0.21515148451433189,0.87177705102926595,0.48974423443338722,0.012464274466393269,0.094773194618055306,-0.1935550593722174,0.9765011421259614,-11.228168017684496,8.350454867107473,-0.26582782607867333,,0.5560470363645995,0.4423076923076923,False,2
-0.31784967777007039,-0.94392359565133599,-0.089329882537224403,0.94454899438892326,-0.30704353005486773,-0.11641077205447178,0.082454712056589066,-0.12137757710589499,0.98917577014177116,-12.597729815340447,9.7893011252623836,-0.14874309380358949,,0.171409838260975,0.3125,False,4
0.93403978294006507,-0.34569156590284911,-0.089816619558470492,0.35180030541736068,0.93387305673893728,0.064168987878291547,0.061694643150979528,-0.091533901701547904,0.99388898567484074,9.1231160381039338,2.4454138155594571,-0.3571667260234721,0.8965344835533521,0.5053447367901898,0.1142857142857143,True,1
-0.98561726254515558,0.16769691796938713,-0.020889123403381171,-0.15150671012517714,-0.93161342112928436,-0.33036669075261693,-0.074862063557175201,-0.32245027101145135,0.94362147822344633,0.41364876926057731,-8.1180583320163304,-1.8333400838283778,,0.1660577244490841,0.1774193548387097,False,3
0.89710962011909789,-0.44096525653820617,-0.027275850416830665,0.43600954596328162,0.89361618380447272,-0.10651662720732111,0.071344273201570677,0.083664559814322678,0.99393673647391378,-5.9693272486604352,3.1326272660224816,-0.8315843959110284,0.1996724637353645,0.1716468042512851,0.6963562753036437,True,1
0.41076142314005853,0.87294083027778047,0.26315273149616625,-0.90584504057155635,0.42351223862558052,0.0090634544333263872,-0.10353654297816492,-0.24209851418025871,0.9647116116746195,11.252031336922116,-3.6488914347832755,-0.87441564630265434,,0.428769859030153,0.4705882352941176,False,1
-0.42039742563027593,0.90704750431473047,0.023039736106484909,-0.89981465528651683,-0.41351262307097414,-0.13907155242021996,-0.11661728283168006,-0.079196814818415479,0.99001427962811428,-11.769108142767303,-8.6099091376595869,-2.188531758701123,0.1753800858031482,0.1829119388440212,0.3728813559322034,True,4
-0.52154513062962593,0.80894625185763613,0.27128700359952296,-0.84551684637790525,-0.44737464168210317,-0.29147417119012609,-0.11442001226921558,-0.38139466643529635,0.91730374969637007,-17.02294735414938,-20.331708279895498,-3.1906444796033742,,0.7742234776457022,0.4242424242424243,False,1
-0.77799665110916894,-0.61006372389463492,-0.15014480893700105,0.62581681151739654,-0.7314139372194759,-0.27090029690515999,0.05544843807644631,-0.30472266937153669,0.95082572824149392,-6.1887066295527582,-11.111116320940999,-2.2759826182929843,0.6533071803651587,0.484462526073208,0.6391752577319587,True,4
0.96566381019655823,-0.2535463538935066,-0.056636137791831999,0.25479707813215058,0.96686287168170204,0.015957328684090999,0.050713456320639672,-0.029840137243686834,0.99826735474886352,15.086913636468521,0.36854259479371743,-0.32613712242922616,,0.0805982411839993,0.3846153846153846,False,2
-0.99866124498731623,0.049157612256649351,-0.0161011464687923,-0.04020291331243387,-0.93347334226293421,-0.35638637045439991,-0.032549094020840559,-0.35526194341878609,0.93419992937097285,-8.51104701376679,12.132770626921015,0.219367359863267,,0.5677718103427692,0.25,False,2
-0.82394447660028547,-0.54843115906815154,-0.14261403592580141,0.5638407284834388,-0.76832225100649532,-0.30292664377960693,0.056560873253041891,-0.33000633686563641,0.9422826992179032,-3.0492921611343107,8.3734992579071044,-0.1393326972417567,,0.5919520112533923,0.3235294117647059,False,2
-0.58711240784646535,-0.80604055997388502,-0.074817352463929399,0.80583410476321882,-0.57315577488071789,-0.14874089323836173,0.077009195250877668,-0.14761799821793331,0.98604184011072404,-2.7936102301541075,-10.588294241434458,-2.1329388929352375,0.2588875792875912,0.2422866654390231,0.5639097744360902,True,4
0.84234343522908051,0.52706551019158443,0.11251437727222181,-0.53675339896934515,0.83923005255134553,0.087113188378798681,-0.04851108967366155,-0.13377169678653958,0.98982412948842735,16.755435047404799,-0.35060312598789672,-0.31704126566516483,,0.4861180674159282,0.4473684210526316,False,3
0.99961241291764857,-0.013531892726377528,-0.024329237969935316,0.017344889552911615,0.98629608876934494,0.16407065576966845,0.02177564573906425,-0.16442905204839434,0.98614852233074524,3.0675668458422236,8.1686958342211309,0.019211178588349878,,0.6780839468454574,0.25,False,1
0.71559573877775917,0.68776811510406799,0.12205637422645937,-0.69400218729555052,0.71986444433445673,0.012495831786414821,-0.079269809335608704,-0.093649354665369181,0.99244450509771831,10.740464644718378,-4.2620496815326687,-0.9476568395880085,,0.431006916976451,0.2727272727272727,False,2
-0.89059046008735154,-0.45302914361572266,-0.040165002629219515,0.45241192334134239,-0.87339109225812783,-0.1803093219518678,0.046605622192901666,-0.17875288808564757,0.98278956088323022,-14.692413014767199,-17.693948972003788,-2.934679136602202,,0.2923566207190469,0.2941176470588235,False,3
-0.1526829856748062,-0.98199758171615925,-0.11121445674480546,0.98142027392036935,-0.13742936846095324,-0.13389329565923216,0.11619875999120605,-0.12959135074548317,0.98473546193303474,-11.380107666699981,-4.9296735577979316,-1.7875557228926697,,0.1273425339924108,0.3157894736842105,False,2
0.65416084273882391,0.75540867703469772,0.037832822891228329,-0.75103112938753247,0.65466744053813763,-0.085806672177234922,-0.08958702204068815,0.027717737280156279,0.99559323647860776,-8.5108765707666265,-1.6000723598459823,-1.3967786135049076,0.4081415369834648,0.2956245777730345,0.4509345794392524,True,3
-0.97871350613192365,-0.19621673066602996,-0.06015702387659768,0.20334771019442624,-0.8875157565169608,-0.41347973431935969,0.027741335109155996,-0.41691099354761485,0.90852388069081591,-0.40083524659883918,19.642844805189487,1.2546319154570997,,0.3624038799433107,0.1818181818181818,False,3
-0.20520029349444194,-0.97021441654696405,-0.1287510212550956,0.9712571775488531,-0.18565155426425795,-0.14897313670290357,0.12063305769825963,-0.1556196848849799,0.98042346925533597,13.897166534673502,-0.2094882891175098,-0.42239174193190809,,0.07510810179483209,0.3333333333333333,False,3
-0.93313621075672692,0.34697606779040041,0.094151051801291699,-0.35414275274248941,-0.84195781754979415,-0.40705029682676835,-0.06196549729123417,-0.41317628422684155,0.90854038726847519,10.660125134810395,5.9252552321377507,0.08446164312330548,,0.4589920832442195,0.2142857142857143,False,1
0.072927530719161138,-0.97093684996484964,-0.22795440036012096,0.98786876979285176,0.10174308121313325,-0.11731853686956889,0.13710167369935505,-0.21663328185113728,0.96657806320195494,1.48935975239855,-13.238815436989366,-2.2123957129424703,,0.570698163036293,0.5402298850574713,False,3
-0.81317293825104564,0.58196174168360681,0.0083847309285890771,-0.57552164783711779,-0.80186022360296005,-0.16060826465116973,-0.086744483207927228,-0.13542788863448557,0.98698261464576753,-15.772445361612913,18.190386863029563,0.7305514071716851,0.5136747531797627,0.5192697188107497,0.7702702702702703,True,3
0.076767912259054077,0.99289304098470677,0.090940072638677094,-0.98974841179089945,0.08690552287098971,-0.11333804062146158,-0.12043574637448118,-0.081307067704238234,0.98938586594743705,-13.379745265325871,-17.69466086564633,-2.9018849402095501,,0.8307828819874319,0.6842105263157895,False,1
-0.91265744873971744,-0.39855354366497969,-0.090617073954071342,0.40650143477589729,-0.86200608448840432,-0.3028235357928889,0.04257892418846948,-0.31321012617260197,0.94872886120213262,-1.3658368895362853,7.8125021154176855,-0.1836362801496926,,0.3117369297113449,0.125,False,2
-0.99722724767795812,0.07256269432787088,-0.016506722282874774,-0.068914362004249649,-0.98419593387611304,-0.16312318796318628,-0.028082506978388089,-0.1615333375300769,0.98646761410002848,-9.1745924017911147,-0.0025088678337151921,-1.2309372593574348,0.8754493248675733,0.4359299623992626,0.3291139240506329,True,1
0.4162459327671999,-0.8787953560646995,-0.23336247687638667,0.90140001450024909,0.43248569537332604,-0.020835958254947259,0.11923647643953138,-0.20168005716125986,0.97216655837861254,12.43797227812461,-2.6239844841313644,-0.72645082969965713,,0.3911906866954061,0.2692307692307692,False,1
-0.97588078922970123,0.21827116266796298,0.0037927246133067707,-0.21313990235088745,-0.94889494186448342,-0.23274400385370622,-0.047202407123693564,-0.22793878312295929,0.97253063905984705,-6.5771323384154385,-0.49867616770868234,-1.2453078525524619,0.8781820873323192,0.8767329920579994,0.8681318681318682,True,2
0.99979478431744173,0.0095763203840960945,-0.017851704107478265,-0.0078508628054392172,0.995509421257875,0.0943363988077804,0.018674935203367694,-0.094176888219517849,0.99538030949001488,23.863013266167044,2.3879259766699787,0.23246591477868461,,0.1470836249407458,0.1666666666666667,False,1
0.26690828987768866,0.94084079537260334,0.20875479050123802,-0.95800716420224385,0.28258081250291756,-0.048686319868794223,-0.10479617422283745,-0.1869938024851065,0.97675538375809234,6.2942148269910154,-8.1739767639940251,-1.5276313881098587,,0.3727535055202659,0.425,False,2
0.35798789417350119,-0.89820863633669901,-0.25508020941537418,0.92585903428984273,0.37685699538947798,-0.027637902414908058,0.12095336394289796,-0.22627428187088333,0.96652482281352414,-15.47319462651849,-13.247276387707597,-2.6105287381032261,,0.523429768874015,0.5882352941176471,False,2
-0.80446416537310295,0.58743136270404406,0.088101082525841562,-0.58741968232383857,-0.76473405420583884,-0.26480170535036218,-0.088178928600408074,-0.26477579279376973,0.96026988711575911,0.019653310242195139,8.3154674229079273,-0.059846753716407894,,0.3057316183683079,0.2105263157894737,False,1
-0.59191704584340066,-0.80151275885692463,-0.084920599559722393,0.80127947259968435,-0.57379085626150739,-0.16945577612184742,0.087094303088049593,-0.16834889563120795,0.98187230926906144,-9.6000741825027891,9.6119768285943898,-0.12506396808250411,,0.8616407048010566,0.5050505050505051,False,1
0.094113217739521249,0.9947101213958025,0.041164021177024078,-0.98833861065137041,0.098322127883813407,-0.11627359917074336,-0.11970586010063629,-0.029741108942809579,0.9923638312113251,8.6962658588964672,15.553945374317996,1.1443156634345857,,0.2186076470275685,0.7291666666666666,False,2
