axis_00,axis_01,axis_02,axis_10,axis_11,axis_12,axis_20,axis_21,axis_22,location_x,location_y,location_z,dbh,dbh_approximation,score,reconstructed,number_clusters
-0.93036440132205089,-0.050103646661399479,-0.36319651064388048,0.070108420724673756,-0.99665059311925042,-0.042099935612038591,-0.35987065745369257,-0.06463141516534579,0.93076091993463639,-12.905669374254625,16.643361064841883,-8.4872648958096946,,0.07501995591631369,0.3,False,1
-0.26065729043645869,0.92071932858234318,-0.2904026427517537,-0.96396959572736884,-0.23166231385929834,0.13074857877074186,0.053107395488166592,0.31401988840236711,0.94792990997870097,-5.5558423588851866,6.5499363151236549,-4.5101191610256688,,0.585023842783467,0.3328938694792353,True,1
-0.59390184533868517,0.76251897134763424,-0.25660361735223092,-0.79986776468304699,-0.59393122405348953,0.086355428985498389,-0.086557247670257867,0.25653561045061402,0.96265119510988018,-4.5448352481359091,-13.861248410133321,-1.7763775531150445,,0.0844355080719879,0.25,False,8
-0.070555505073272226,0.97037223732055422,-0.23108362499614044,-0.99135253408834823,-0.042516710417619952,0.12414701966569398,0.11064390566346358,0.23784459290209994,0.96498076445428094,-0.67324665914468917,-9.6262740294429481,-0.90744094770002925,,0.2769721180813477,0.51,False,4
-0.92014081224833266,-0.075671011871801044,-0.38420669384756778,0.14336988388312036,-0.97812620523318161,-0.15071231877812427,-0.36439808181482164,-0.193760224500376,0.91086278515001651,-23.078880063497444,9.8990064803956663,-11.15431048929336,,0.607376786306534,0.5753424657534246,False,3
-0.42782022395493263,0.85957493747204916,-0.27946517286609068,-0.90365414590432991,-0.41342268818117794,0.11176254062504402,-0.019468964149827156,0.30035413725629168,0.95362904300779439,-11.059476257150235,14.690852759810927,-7.616161538959588,,0.08423383765721669,0.171875,False,3
-0.78423362798907315,-0.473932916153668,-0.40045624944202951,0.51689753373373382,-0.85604685459592778,0.00084991552681973337,-0.34321211568224153,-0.2063283153677638,0.91631548602346613,-5.7015846877012013,11.319235883506085,-5.3234155128657141,,0.2322713938786905,0.2222222222222222,False,2
-0.033788729991227701,0.99317020804629019,-0.11167479382057585,-0.99095135801412926,-0.018769300128564669,0.13290266898236647,0.12989891368111026,0.11515490098980632,0.98481755721681519,-7.8140759516817013,-14.289810686387815,-2.6858055537085814,,0.2423178102028123,0.2307692307692308,False,2
-0.21896446880609438,-0.90968656078166454,-0.35288089000921097,0.94811831865405582,-0.28379752600280778,0.14328509366746037,-0.23049124762791356,-0.30319849169795282,0.92463206704019052,-5.2309517238847096,21.665200509256788,-6.5670314094087203,,0.2217403713991647,0.6875,False,1
0.39346688585224943,-0.75313527393277657,-0.52722961686151115,0.91920460338900278,0.33208460296966719,0.21161926561385169,0.01570690441176345,-0.56789706428954312,0.82294970534360101,-1.4211286464423059,-5.7430413170483794,-1.5596836171473991,0.771077446986292,0.3593436906286026,0.196078431372549,True,3
-0.73689351242653545,0.62543779127877774,-0.25654535775181897,-0.65319948308147069,-0.75651314627998989,0.031910731857038258,-0.17412175810559866,0.19109010635267332,0.96600527152202476,-21.335977491668093,-11.450429779276053,-7.4421865403041334,,0.1610099396097886,0.2727272727272727,False,1
-0.86296015259784331,0.39365064805224348,-0.31676322753178793,-0.43386950598220003,-0.89860862027925081,0.065267138274804598,-0.25895371556915026,0.19375684464779402,0.94625644428191957,5.355963614243894,-11.692939717350779,1.1752592622328988,0.2583706083986025,0.1594788127438051,0.56,True,5
0.66014356041216715,-0.6055905959770167,-0.44437654045927366,0.73597507185483124,0.63975760975408136,0.22147436504034504,0.15017048063659863,-0.47325493217287179,0.86803144869263071,1.9065598058508768,6.3201185664185813,-2.0216840118858039,,0.1690596037230092,0.3333333333333333,True,5
0.75998544054042561,0.56064440781959035,-0.32878561122286865,-0.53594520483222552,0.82676212068008814,0.1709594490687969,0.36767494826805713,0.046284379537630732,0.92880185649410596,-5.065912288233271,-16.458848165517335,-1.5848765780663845,,0.07399358147687214,0.3333333333333333,False,3
0.89862527674306059,-0.16534463997166393,-0.40636653655425353,0.30307521802585802,0.90367480999989458,0.30251818125566299,0.31720344294637998,-0.39501011101527056,0.86217688903070666,-4.5336099868360558,-17.8056719497601,-1.3482196812575677,,0.3691347590634135,0.4705882352941176,False,2
0.34455112790876591,-0.84354201430387388,-0.41197256020390766,0.93831076819956039,0.29576202937939017,0.17915837758290271,-0.029281778251165,-0.44828751051256144,0.89340969626532596,-15.975896286659207,8.7338747092650362,-8.4611464177004638,,0.1350505726193971,0.3793103448275862,True,4
-0.68551084072310664,0.64744933508399571,-0.33299286141055706,-0.71475334934196388,-0.68551710163271429,0.13854224255990238,-0.13857321839209474,0.33297997217306352,0.93269598545082311,-11.934211153397461,-17.931658472117604,-3.6574420936264045,0.5837765061057156,0.3875479786557562,0.9351851851851852,True,5
0.88710829796072721,0.32441762284003139,-0.32831703227223236,-0.27303436351483035,0.94235725851767471,0.19342966075321838,0.37214392918503242,-0.08195122518838141,0.9245501028396732,5.8476418940675048,2.644029770792685,-0.24220641920576885,,0.071390726143349,0.1875,False,2
-0.60419370270962391,0.74530789461924174,-0.28189734270522554,-0.78948467742040351,-0.60785562587324404,0.085002836497661605,-0.1079996005753534,0.27391181119564684,0.95567170407158353,-3.1102400605494993,-18.153642406615042,-0.90422743746762557,,0.09188321193642737,0.1111111111111111,False,5
-0.45169997110819859,0.84064934367351751,-0.29879059068541064,-0.89168435117548417,-0.43643143776472981,0.12011085712526624,-0.029430493872987989,0.32068096468592389,0.94672993240865544,-12.816457437054353,14.036629524641908,-8.1676987739312974,,0.07879488556224575,0.4285714285714285,False,3
-0.18569068863747717,-0.86489872543899637,-0.46633589062749448,0.95708486205268206,-0.26666736056661533,0.11347724722618532,-0.22250288758336939,-0.42525135336931474,0.87729912314707603,5.1192719079520339,0.50546943209166073,-0.10692657207135771,0.7756144626924153,0.3189331118804351,0.2571428571428571,True,5
-0.71943804956402024,0.6316128082161605,-0.28891893904140847,-0.67635076177939302,-0.7317075688168847,0.08457943471387136,-0.15798272019417903,0.25626020805692573,0.9536100701474729,-3.4677918727723291,-19.646653407656377,-0.81394457525715591,,0.08483107239537997,0.4545454545454545,False,3
-0.3941116405091602,-0.84130827492111715,-0.36996810857752926,0.87143528420539307,-0.46997890101189166,0.14042926349419671,-0.29202150649746084,-0.26705845643399967,0.91836987134272063,14.727249015089548,0.10541240406976382,2.8970711662273998,0.3311669623879025,0.339653845038255,0.675,True,5
-0.90548286972387271,-0.12486328009823018,-0.40559824200769262,0.20736878343960138,-0.96404805532644078,-0.16616117078333101,-0.37026876764237027,-0.23456450776794541,0.89882174617895272,3.7537820381560758,-7.2814848428874814,0.27150874365952177,0.9284181226573822,0.6339672973382905,0.2976190476190476,True,2
0.70008202125555641,-0.50921854594085203,-0.50058129807716534,0.68156961102736546,0.68559586225330549,0.25577564189178187,0.2129507662318717,-0.52024492898156305,0.82704122329556695,-15.464006927734674,-8.285949199578873,-6.0022390912357571,,0.4026890496582657,0.3478260869565217,False,2
0.76862221623425775,-0.46647749636290964,-0.43774265738916712,0.60996152199549525,0.7406524934649914,0.28174603033411172,0.19278700785083319,-0.48356243579405833,0.85381528464465917,-23.255872072312403,-9.6712367187603014,-8.4475109265242896,,0.627828768168997,0.24,False,1
0.25364781513114648,-0.83717710106222221,-0.48455885848496327,0.96567410309290724,0.19015659997622522,0.17695760537821528,-0.056002790063585467,-0.51281085103821367,0.85667305231491797,-24.51328557134353,11.785117067756364,-11.892965423777284,,0.1847605248350188,0.2307692307692308,False,1
0.15145366862930848,-0.92091385770823042,-0.35913709490898882,0.98367916505968067,0.10471309867278392,0.1463231601416298,-0.097144667821825653,-0.37543685707091706,0.92174295758985803,-6.6115927108690045,14.148348273821842,-5.9651508002867315,,0.1622154232458449,0.2571428571428571,False,1
0.46928219064726334,0.83342094260964383,-0.29186256690599788,-0.82548459466484847,0.53141680276704661,0.19018771176882338,0.31360709416771271,0.15167634672717611,0.93736059034460195,-13.37095482046244,12.020525485942981,-8.0425118061006629,,0.1721907392980779,0.6216216216216216,True,3
0.88119063626591065,-0.25038472723343552,-0.40101190870785519,0.38828996317256825,0.86719551660771588,0.3117737007428979,0.26969235631868549,-0.43044096499254625,0.86138644556294264,-11.489733992856157,18.372589535729244,-8.1911857294818713,,0.2597144735054653,0.1875,False,1
0.55517394227390748,-0.73766488738900549,-0.3842296289114287,0.82808939192464259,0.53342688487844403,0.17240567702588983,0.077780799699695702,-0.4138916191495613,0.90699717463497698,7.4978735866794715,-24.265315477226455,3.0337824231009995,0.5444956399658581,0.7022185138697064,0.9365079365079365,True,5
-0.9197513413872036,0.19882959908188283,-0.33841433265359611,-0.24510845910998674,-0.96436975870112529,0.09956310448887816,-0.30656045617327937,0.17452151452377734,0.9357151958150296,-1.0014607270308447,19.491704910687019,-4.8740165999175122,,0.09017232696392163,0.1176470588235294,False,1
-0.8758309635994479,0.41539802244412377,-0.2456920962301688,-0.40311671909846347,-0.90957648068079489,-0.10083420340157742,-0.26536208090786784,0.010728874211743233,0.96408913346972003,-17.70937975566309,-0.68981690137288909,-7.7516055167635409,,0.5534695738197108,0.3392857142857143,False,1
-0.9049902941563891,0.28627642983023233,-0.31470362757106696,-0.30953110699827213,-0.95054922316163559,0.025429670608096505,-0.29186137340038154,0.12042416730236565,0.94884928131204038,-7.3066757514675498,5.4940156696531348,-4.9523000542568454,,0.1030741781934695,0.1413612565445026,False,4
-0.082422473963827819,0.98808152627164481,-0.13000551229227877,-0.9887561448525739,-0.064743326528310455,0.13479461297219422,0.12477107758594209,0.13965385462186242,0.98230798586151058,1.5565199440001647,8.6111594460407215,-2.4664995038556081,,0.5122444748166834,0.1333333333333333,True,4
0.18163765943650564,0.93853895694275313,-0.29351726861504601,-0.95852363206689373,0.23564494654766652,0.16032437723514772,0.21963653485638157,0.25222229375564031,0.94241376639400032,2.0345094768273988,-15.024443982245479,0.25955603419954387,0.2100834404056786,0.1476502948419733,0.7254901960784313,True,5
0.71499213942668038,0.64713141183364364,-0.26458869283522868,-0.60490733316381229,0.76236592683164561,0.22996806711100648,0.3505329639887021,-0.0043737197352597679,0.93654018159018382,4.8906343906629699,-16.949813615357961,1.346833547556447,,0.1697527729107179,0.4285714285714285,False,5
0.5600688430164642,-0.69754745663807849,-0.4469344882865372,0.82367256954528301,0.52668813058571373,0.21015021122710947,0.088805344776493572,-0.48582626404701057,0.86953231791650742,2.7481127045484719,11.498238676568704,-2.3922924278650677,,0.1210397720137893,0.2926829268292683,False,5
-0.62862820657095642,0.70626767086312459,-0.32559569253440984,-0.76960413066382449,-0.62521036670261554,0.12969764621133861,-0.11196454782011871,0.33211138863513828,0.93657138840041376,-9.7982244394053097,-2.9006512376589275,-4.6903638196749933,,0.2111659292080145,0.8637992831541219,True,5
0.70194837369046315,-0.5561798946294505,-0.44489594905245983,0.6991239757127653,0.65733930602551571,0.28130180116286452,0.13599318827387033,-0.50849676652252995,0.85025695597227602,11.968961496327935,-14.340378929828889,3.4409381978195563,,0.1684741634324256,0.1923076923076923,False,2
0.40961764777703102,0.85228525401054411,-0.3253048238587854,-0.86504061688124623,0.47611778689026191,0.15816631800871311,0.28968623332033983,0.21661417036496583,0.93228760981886494,-4.6178206151386103,18.009035428360509,-5.7964761135064018,,0.1101883878649729,0.2222222222222222,False,2
0.74333841246746812,0.58663217197689344,-0.32141981792045349,-0.55874615741160949,0.80871325312251963,0.18380861188136305,0.36776451178451947,0.042960086425251065,0.92892609762361078,-9.1497263727515215,14.522206752635219,-6.9466056603931738,,0.08960130090519815,0.2884615384615384,False,4
-0.032858002756311532,0.94176125871295935,-0.33467309907168913,-0.9889169445280076,0.017874584766324142,0.14738987768778844,0.1447882194111661,0.33580683555701174,0.93073634328575028,2.3816815362775774,2.8570533693919482,-1.4445434110218753,0.16058274583936,0.1297092342650746,0.45,True,5
-0.93405077310637619,0.18985100302236918,-0.30249917340512161,-0.14068006242920683,-0.97411011930404445,-0.17697060632877853,-0.3282655530120332,-0.12274392905908371,0.93657656098412101,-17.769181156233977,15.593169439014904,-10.051788097477493,,0.4561196537259186,0.6,False,1
0.91765092774576906,0.2484726825550162,-0.31012594349915845,-0.1497962917223036,0.93912926188819323,0.30918813116221644,0.3680731527747923,-0.23727105910593399,0.89901312488593432,-18.554758977237661,-5.0894805622545309,-7.4876682450713066,,0.3194103842000267,0.7607361963190185,True,2
0.68173187863098439,0.66178560311139567,-0.31189976141823739,-0.63781949909772484,0.74645516648994359,0.18971286459066605,0.35836843084874886,0.069602442018619759,0.93098204485159031,8.7324392912409294,6.7803948313379108,0.15050454334851035,,0.1782473279213164,0.5,True,5
-0.23745715996420758,0.92135363719095531,-0.30776869954030506,-0.96938014362521752,-0.20434501103552913,0.13618095905831498,0.062579823640576973,0.33068200994291674,0.94166510712313634,-2.3563761608883871,6.7714929741991972,-3.3963574441884194,,0.07526900975614656,0.1463414634146341,False,4
0.43696769293486498,-0.75930774936162682,-0.48219392062795874,0.89947535946171042,0.36778754327744773,0.2359584724716749,-0.0018201792241973325,-0.53682777943146731,0.8436898850752399,1.4621644463621406,13.02576447643416,-3.1116913867560387,,0.6295284168893661,0.3095238095238095,False,4
-0.94288196859741424,0.01337887182914483,-0.33285822670086568,-0.012819628680989943,-0.99991031149142762,-0.0038763505515638508,-0.33288023434014091,0.00061217783068580247,0.94296891508891079,0.22504680591714216,13.632369431847895,-3.5655770163747547,,0.1728353780948508,0.4545454545454545,False,3
-0.14174063134427728,0.94980115889892958,-0.2789038400244348,-0.98462810299470305,-0.1062239651144678,0.13865052480395545,0.10206415736769503,0.2942689718431255,0.95025716518804104,-19.876048904558626,12.582148030388455,-10.411127882035798,,0.0989785221443772,0.2222222222222222,False,2
0.84933387860757259,0.40533025910973997,-0.3381410115609304,-0.37005099284472004,0.91403028905092087,0.16616525928161957,0.37642293413666389,-0.016000367105850621,0.92630975537798566,-4.4107676131359277,11.047817124874122,-4.7696190711871687,,0.06907885924248788,0.1956521739130435,False,1
-0.93863285744722735,0.10886515582402377,-0.3272869333900531,-0.14947172327110636,-0.98354061552525474,0.10151877439454321,-0.3108481347262998,0.14420899923241745,0.9394558008110685,-15.332321925402253,-12.948131465175399,-5.3202874358734231,,0.1076007394528391,0.3333333333333333,True,4
-0.67227479344995766,-0.56055719799566361,-0.48355168272591875,0.65025564814794612,-0.75934345250827917,-0.023772109382670159,-0.35385617720129103,-0.3304136027890765,0.87499294679924799,10.281077837286881,5.4959814920324632,0.75720052104495328,,0.1318332332960523,0.3333333333333333,False,4
0.81429420696850074,-0.42859210667754166,-0.39145082780759133,0.52655244086321717,0.82922397770712697,0.18743031189367371,0.24426926028162005,-0.35874280604533182,0.9009085012320579,16.116759838075776,-11.208699860300966,4.2764736057657009,0.3082967617625231,0.223545352952583,0.5,True,5
0.85522323447183202,-0.30304829914717923,-0.42042234432001779,0.4567275453766817,0.82410136885611551,0.33504758340222029,0.24493502916840826,-0.47855894332200954,0.84320114400586099,-17.442833667629014,-21.711300161469609,-4.9753837113609549,,0.4477067774383598,0.2142857142857143,False,2
0.27103928415896605,0.92664090711079738,-0.26052703451172465,-0.93162891504587608,0.32060651782804178,0.17111114918853454,0.24208525583570484,0.19633667511459915,0.95018242401757025,0.071123383315934485,-11.857693316229957,-0.44767123256722141,,0.07979985446405846,0.2272727272727273,False,5
0.17277068258175263,0.93913193756314273,-0.29695369182606957,-0.96097645968503775,0.2268488308421803,0.15831567160817198,0.2160429012290058,0.25801320081428564,0.9416765118840551,-7.1900830441898096,7.1061174580060706,-5.1630690634830678,,0.1482742935794328,0.6592427616926503,True,5
0.92289664473664035,-0.041073701561504194,-0.38285079884190898,0.2277736439584635,0.85990651937405482,0.45681500090942884,0.31045281485555026,-0.50879635314930749,0.80296034819300433,-8.2026774172633008,-21.522703919254063,-2.0738387974399015,,0.1128049812452936,0.125,False,1
-0.93888544093072479,-0.039488804584955274,-0.34195725335305965,0.0060771201846039399,-0.99514492264902432,0.098232639871524655,-0.34417611395705439,0.09015108007294198,0.93456705770271076,-17.853533631997585,9.7339708710175952,-9.2231838908033161,,0.1783505232811975,0.7448979591836735,True,5
0.92964248041336062,0.20538888748284539,-0.30590891374632079,-0.076048293304392209,0.91930794092376988,0.38612118154795405,0.3605294935180533,-0.33569080215736929,0.87024718882083074,-13.081605916707611,17.474199319728442,-8.7480775123683561,,0.3331191656749946,0.2380952380952381,False,1
-0.78478258187912742,0.53925099945871968,-0.30549084890042594,-0.58570644588702458,-0.80645771889924167,0.081079632918643174,-0.20264318006170601,0.24255784302018318,0.9487367571480908,-19.382137649583736,-14.742620487025285,-6.4862290981814859,,0.1859258248808026,0.4166666666666667,False,1
0.61733584068869551,0.72882724072567096,-0.29615420472683962,-0.70652366621522789,0.67920637461770528,0.19875364086342542,0.34600689137497775,0.086542208516300012,0.93423213243077119,-6.2293966295861392,-14.498241120392205,-2.1899147040883089,,0.1068181892974145,0.4222222222222222,False,5
0.4253958171966466,0.87646856815951368,-0.22548003845132286,-0.85501038578278732,0.47088608783669916,0.21730976159717041,0.29664058878576893,0.10034511104314647,0.94970270073037699,5.7764061660509887,8.4088762735492111,-0.95619725227417784,,0.4519898490431503,0.5476190476190477,False,5
-0.31180726863570218,0.93406975671163239,-0.17403998627504141,-0.94612586934034681,-0.28840419175630261,0.14720346987203919,0.087304447715552347,0.21056284518895388,0.97367408388793864,7.5269949897419277,0.66537588410390058,0.55648818261336197,,0.08869322116129216,0.2340425531914894,False,5
0.21495437400193851,-0.82327935601082958,-0.52536246446032675,0.96995339552477433,0.11719943829859797,0.21320108389136755,-0.11395186530897855,-0.5554056118089612,0.82373513872100779,-2.1380964725525446,-12.624472500127002,-1.1307530233612917,,0.1943490183007182,0.2173913043478261,False,3
0.92221553406179468,0.18454059033178205,-0.3397988805972102,-0.12848911742480096,0.97508401452986793,0.18083614492604302,0.36470406556345863,-0.12310944370077595,0.92294908279556298,-0.39379776457426574,-14.643025714013232,-0.4682306076935881,,0.1522901238761391,0.5128205128205128,True,6
0.92463742679312344,-0.15096390330300549,-0.34965058111336206,0.21996976019698522,0.96115496607467099,0.16671663321000299,0.31090019873308505,-0.23106499321515303,0.92192734818867883,-12.874584864854077,-0.79047902081375554,-6.1157357811719937,,0.423247962491237,0.9614457831325302,True,2
0.12176004538020777,-0.87656685824688862,-0.46562327516157187,0.98945968950458196,0.07014852793161655,0.12668349093123482,-0.078383762314058414,-0.4761404488721856,0.87586885933528147,3.9623121126161189,-9.5245524392358494,0.47088742064546324,0.5162187210904816,0.5466039471102999,0.865979381443299,True,5
-0.28368637438326216,-0.84764429716633771,-0.4483538630040621,0.92547200567159538,-0.36442928786417439,0.10340629025840756,-0.25104503123438809,-0.38560399327314598,0.88785469118788196,-3.1254221181670729,-12.192712583252474,-1.481884769330684,0.3944263912226461,0.1850625727732982,0.6896551724137931,True,5
0.23030373696922041,-0.86352393913092484,-0.44864974678007347,0.9709067793469941,0.17283332163289428,0.16573674532640287,-0.065576021197237322,-0.47376687250287186,0.87820540647549428,-23.219587191329687,11.796219672425059,-11.417311024856277,,0.3133451409376373,0.3157894736842105,False,1
-0.68736042280651599,-0.56730956337367089,-0.45353666716597896,0.63286257456392192,-0.77420846466217264,0.0092852012238258952,-0.35639951020669652,-0.28064410300274939,0.89118924846196967,-9.9171476695611016,7.6714649212652786,-6.1330988429932791,0.2225253046417904,0.1927856256628038,0.5782493368700266,True,5
0.38037134362703318,0.90681200493829572,-0.18168552129202004,-0.89283368985907952,0.41128466974295613,0.18355632020458523,0.24117554436548114,0.092395390221672591,0.96607321082089759,-7.5227124446631448,19.20247043092283,-7.0039988411370242,,0.3403685003447317,0.1194029850746269,False,2
0.015129301313770169,0.99182156345251493,-0.12673235779534359,-0.9878743716518702,0.034413725202405911,0.15139326719216056,0.1545164394981349,0.12290517396880876,0.98031575940434479,-8.8385781584834699,-8.6261053763207727,-3.7986761984880091,0.4629382330379929,0.1879671850092969,0.2340425531914894,True,4
-0.73588039407470873,0.60664240031461802,-0.30077407427664143,-0.65449542047115494,-0.75111977200586211,0.086341372957282309,-0.17353901635867966,0.26039217776726908,0.94977898669052552,-6.4634074984241776,18.474899606350288,-6.4918841397346592,,0.101884568264976,0.2222222222222222,False,1
-0.91230603782743391,-0.21559784071774676,-0.34815982597286349,0.1859163854610649,-0.97557973152272925,0.11695847579005672,-0.36487366438358115,0.04197330723073435,0.93011045070970655,13.662459235199403,1.3563974314301139,2.3284960399506685,,0.08939366835436952,0.3888888888888889,False,3
-0.72016535942198723,-0.56594431552051305,-0.40133388446357232,0.59052478586655699,-0.80365410521236802,0.07362442836835742,-0.36420095052849477,-0.18397584326570782,0.9129679932663658,12.971057340922592,-1.4928377747121111,2.5152916756629633,,0.1180513062272011,0.6461538461538462,True,5
0.8816813131656972,-0.25920931381898538,-0.39426969658332028,0.41019715227110115,0.83402262793456872,0.36897771255428957,0.23318738877368947,-0.48704906089901007,0.84166908817795005,5.0837123477573298,-14.65195041002611,1.2374836344627949,,0.2454746572860714,0.3846153846153846,False,2
0.92104476756537523,0.11581040873073181,-0.37183932735801872,0.015642399079674064,0.94299323981446403,0.33244407802704545,0.38914245655219271,-0.31201233772695741,0.86672743674968733,26.60937130155104,-7.8341103076254095,7.0601238255490379,,0.5470487601962476,0.7619047619047619,False,5
-0.79555420871148896,-0.4669082193182516,-0.38612202182016864,0.49922936802205103,-0.86626350162218102,0.018909887931455302,-0.34331259677695913,-0.1777196120025476,0.92225386982323054,-0.59163154620395542,14.325299036795588,-3.9159680143796241,,0.1300631340972666,0.375,False,2
-0.90741636603081688,-0.18195124883200822,-0.37879979106105466,0.1971065384310953,-0.98038126908987466,-0.0012568712889533262,-0.37113953059077021,-0.075804421152057072,0.92547778934270675,-14.325867722207352,-18.82999609064802,-4.2078226005542518,,0.0676159423539332,0.6,False,1
0.33140590883303206,0.90654907508738902,-0.26141709593818019,-0.90316595778279074,0.38495764844224789,0.18999700420824828,0.27287611894932556,0.17313689197861423,0.94634150302263498,-3.1368214358324851,-10.222178543158625,-1.7119883338149129,,0.1152436918551885,0.6031746031746031,False,5
0.91973378614576429,0.21704524824455759,-0.32707968881670735,-0.15478726324935602,0.96624680123980189,0.20593208159396564,0.36073628284073445,-0.13877492319690743,0.92228566883256968,-20.857271363836922,9.4740490600966751,-10.241444563781849,,0.1904610534681662,0.1818181818181818,False,2
0.39971187923617651,0.91040561371292461,-0.1067334629695724,-0.8710306095930016,0.41351183363532407,0.26516719366391445,0.2855452516669259,-0.013022363976827711,0.95827674879803226,-9.7104797953529403,-12.534615601522413,-3.5615995334341588,0.5588965926425656,0.3523355619811976,0.2692307692307692,True,3
-0.44991985773106913,-0.72997899852597414,-0.5144927437100274,0.82943095523682742,-0.55512454922137511,0.062297875940440159,-0.33108369351899508,-0.39870715639775345,0.85522873625892548,-6.3397018497984581,-12.344101540992556,-2.4909770358061052,,0.2879555745447503,0.5072463768115942,False,5
0.89736375470297103,-0.21210549795924652,-0.38697486931433456,0.3293193915483833,0.90559382449318537,0.26729864083082944,0.29374654056786587,-0.36730244047006583,0.88249752811503401,-0.67239945214125674,-21.398601030530468,0.22607339937800297,,0.2258165243503144,0.3333333333333333,False,3
-0.91699712888700691,0.24896680725275072,-0.31165974154413689,-0.26404716499727315,-0.96448831554148773,0.0064330273469780652,-0.29899056886445313,0.088191938805742678,0.95017199583012113,-17.016815627080327,-5.8167064513649702,-6.8295476943453961,,0.3453666433093475,0.8229166666666666,True,3
0.42588543723896255,-0.81992848629751713,-0.3825426403757371,0.90459508777840025,0.39434912662694588,0.16185330857215752,0.018147217829923651,-0.41497716043949684,0.90965083125263302,9.8871285765726711,0.36152817688561883,1.4103059410790122,,0.0790743528746195,0.2142857142857143,False,1
-0.23931311543994621,-0.82358678002239771,-0.51423151259988553,0.94154954126888779,-0.32617654554955916,0.084221864558462214,-0.23709427263174165,-0.46401904799878158,0.85350608022411323,-10.590312554280603,-12.234602302468149,-3.8823012386054501,,0.7151636100803318,0.3452380952380952,False,1
-0.94151260037665152,0.085643092579575641,-0.32591300070019025,-0.083132041930319797,-0.99630329695246855,-0.021651884124413934,-0.3265625314338611,0.0067082915148136239,0.94515179304091756,16.962186262534981,-1.6076953461266767,3.8147358365654234,,0.2147919252938215,0.1818181818181818,False,2
0.66521636162785758,-0.58037251538527745,-0.46973922085340192,0.73269191951866797,0.62848869033862709,0.26108335295167096,0.14370018543705815,-0.51785104953239502,0.84331521224483541,-3.1678077976857275,-8.846739720818185,-1.8589203836270107,0.3592213692147738,0.4250980852082664,0.445859872611465,True,5
0.66619382475865485,0.67145102476473306,-0.32456017808077481,-0.66033454847355966,0.73334662819201513,0.16174364596985599,0.34661804907658023,0.10656568050639842,0.93193330436923083,2.1139402338053666,-12.281405892901502,0.23871450024985891,0.3075746984246085,0.253565517470406,0.8,True,5
0.088054537606267594,0.97568360487518657,-0.20071846348730846,-0.97811727259051862,0.12282148812447219,0.16793297208998176,0.18850198796572637,0.18153893585853631,0.96514797585671741,-9.008235767084475,9.3839180748675552,-6.1258283431606539,,0.1331962954926654,0.2639593908629442,True,5
0.25441416878645196,0.91870041883131792,-0.30209761859349671,-0.93513222672520524,0.31334123113749801,0.16536321056752143,0.2465788905414657,0.24043047499932316,0.93882481722147815,-6.6149999962149968,12.429854465097335,-5.7639691099551884,,0.1496848196754732,0.1764705882352941,False,3
-0.52037856011142036,0.80656554604844555,-0.28046064626599165,-0.85169195324611013,-0.51401328652603251,0.10203508244977755,-0.061862516536194428,0.29196294491301406,0.95442687925557168,-19.279562285179836,-8.264140016321269,-7.2794312883890324,,0.07094752056007403,0.2941176470588235,False,1
-0.82203560869296399,-0.3276825768128997,-0.46570547226121928,0.42826446324693723,-0.8947752754919176,-0.12635962918659951,-0.37529589334363878,-0.30331721880173623,0.87587194110656341,-20.524922471641098,-9.3503840753859002,-7.5519282288030469,,0.24652140996407,0.2666666666666667,False,1
0.74210187558293594,0.580410728509275,-0.33527331013312428,-0.56143674321363368,0.8114854800446436,0.16211137852224711,0.36616060632727521,0.067931597272901018,0.92806880588994867,3.0115845922311095,-4.0805492128536649,-0.29269967986476653,,0.06953441038543677,0.2461538461538462,False,1
-0.64624709336299024,-0.6074939651422766,-0.46186120927785451,0.67421575916365728,-0.73802740974646164,0.027361516008857348,-0.35748818779822789,-0.29371180565078425,0.88653007326660727,5.9485383587258163,10.583162181065628,-1.1890576789064546,,0.23682584918555,0.35,True,5
0.31161014657365005,0.90790122546096419,-0.28038274083621523,-0.9115669163184793,0.36892083758132921,0.18150254177809766,0.26822541569725994,0.19902959680602889,0.94257219668801107,6.5327127132985519,-17.902105357332808,1.9533208382932055,0.1837886380217856,0.1868187598336812,0.4,True,5
-0.35957174891562527,-0.82109959270666422,-0.44328728409318152,0.88841163886620567,-0.44652948787934998,0.10647148153974587,-0.28536453407671669,-0.35553744572288842,0.89003382372807771,18.224320910479864,0.7994992821159419,3.8285784171660846,,0.2318156677714435,0.3333333333333333,False,5
-0.56394603322368198,0.81116247024244759,-0.15485579899197813,-0.82571658472195175,-0.55672351689432564,0.090835276473020171,-0.012529697777283993,0.17909319531178131,0.98375232353810804,8.8777427172712429,-0.45684886639398042,1.2250093407334364,,0.1510608120447903,0.2142857142857143,False,2
-0.87683715357516001,-0.051747903939216557,-0.47799451937036896,0.073699365656154134,-0.99690761946597339,-0.027269062187173898,-0.47510526161272199,-0.059138419733579951,0.87793942712428807,-15.81195813435027,-11.300816237318163,-5.7324171706615052,,0.2416262310813498,0.2608695652173913,False,2
0.9370585789888054,0.075465956463635755,-0.34091950510129204,0.09044389321620086,0.89058385510923721,0.44573568311126538,0.33725527679100553,-0.44851453313554812,0.82770380683117817,1.2357820149963779,1.5938930976521697,-1.5626360967272626,,0.4338808761947753,0.1587301587301587,False,1
-0.88855943621357736,0.38845349388392331,-0.24406149103285871,-0.36760464459580544,-0.92116006191353605,-0.12779266648380699,-0.27446120597891593,-0.023833242012424816,0.96130277383755436,-2.796847701339114,-16.043514596539048,-0.95640845114440098,,0.6141891597882255,0.2307692307692308,False,2
-0.17408246856245702,-0.90425162706477313,-0.38990292264858967,0.96142747071533174,-0.24170140653386632,0.1312922260968685,-0.21296129388487875,-0.35200770592454594,0.9114483322035416,-11.634956439181996,-6.4091777953776035,-4.944924856325529,0.2158131994194186,0.2024485497093261,0.8893617021276595,True,5
0.87451614139046685,0.41138420230496781,-0.25687459302436816,-0.3141155220647463,0.88397491834531183,0.34629435821911947,0.36953072571238416,-0.2221517090420537,0.90227249815350907,-4.4446131062077221,-10.375263811434781,-2.0910742445587469,0.8630660232052911,0.730797135410192,0.3402777777777778,True,4
0.91075139245417258,-0.20289128356598291,-0.35967628250377348,0.28736101997719099,0.93689130406406718,0.19914398953219931,0.29657300170523748,-0.28472760916721823,0.9115781059445569,-13.677672477869551,0.69516047925296165,-6.5430222081211653,,0.07506288100340502,0.3232323232323233,False,1
-0.85545668372347317,0.41053652951186459,-0.31567961639800457,-0.45152302535318267,-0.88978330589862376,0.066427600589105393,-0.2536154960737742,0.19936255034602274,0.94653777191973876,-17.012335277667411,-8.840110902859541,-6.3699108001337077,,0.100862476550872,0.2093023255813954,False,2
-0.90637720730483606,-0.19865771745621696,-0.37284778311446992,0.22456520774159516,-0.97408761949656797,-0.026903104197966293,-0.35784190021609141,-0.10811300032187776,0.92750242781954029,9.665833570366944,-14.557683067369315,2.6817061647678635,,0.2759485993561123,0.391304347826087,False,5
-0.92137591504784355,-0.15781865087157521,-0.35518966286594905,0.13122808351018689,-0.98650484197768584,0.097915202358091424,-0.36584916737365158,0.043605850429253329,0.92965204057235817,-0.46088070621489874,-15.536509145069274,-0.37795181408111411,,0.07839534345514784,0.2857142857142857,False,2
0.90154714343397102,0.26906893351413713,-0.3388431158864092,-0.22019304476785675,0.95944410663933322,0.17601712777713188,0.3724617714637386,-0.084076841357269352,0.92423120134816772,3.5626687813793003,-6.0724844370219975,0.14520509479199989,0.3347585347561408,0.3224471821506316,0.875,True,5
0.71855189166333167,-0.57371372809662213,-0.39311033715805693,0.68175930560605769,0.69275991538803672,0.23513389558101755,0.13743154007211078,-0.43696253595134893,0.88891862055441984,-7.3576519197522083,-10.534401414506583,-3.0165805370793981,0.4311876303099483,0.457703859540137,0.6290322580645161,True,5
0.31536004887173363,0.89899212090101566,-0.30390986514674267,-0.9123615022950553,0.37532069255802791,0.16349577018281647,0.26104507025708756,0.22571562705239501,0.93856695392434131,0.86251865981937681,3.9629544786895097,-1.9599120329282509,0.2399147679443535,0.190729099797673,0.6263157894736842,True,1
-0.9299880750190348,-0.0057720003643902465,-0.36754437056521955,-0.0011660888925155107,-0.99982535613927137,0.018652009480846124,-0.36758784060287519,0.017774735800351542,0.92981892764566942,6.9809581054407319,15.562229200505003,-1.50395252233184,,0.1479330917992373,0.3333333333333333,False,4
0.14658182085863566,-0.79281518197369472,-0.59157235992377466,0.98422630578398629,0.057004445373628761,0.16747857239196917,-0.099057300571810128,-0.60679039250771116,0.78866537312333163,-2.374472173538849,18.741347350189208,-5.1728955444183962,,0.7025386015159314,0.5,False,1
0.92446660362000133,-0.138418630619594,-0.35524890075649251,0.21840404592812834,0.95600144857318381,0.1958593961192534,0.31250787432243038,-0.25865326795416871,0.91402260117740286,-15.445896176391177,13.669572642170833,-8.9906748192906036,,0.4529169407520974,0.6989247311827957,False,1
-0.83859474541644208,0.44546078565601582,-0.31356584859110265,-0.48699034676770192,-0.87098105240785761,0.065056963513331359,-0.24412958672599813,0.20725996909491867,0.94733523638454786,-4.4991614258302874,16.73812323046867,-5.6466334583128175,,0.6372511781254976,0.6461538461538462,True,3
-0.84377085306357968,-0.36680415784241605,-0.39179772499323545,0.38480059211516954,-0.92234333935200463,0.034803285201367787,-0.37413801173921635,-0.12139799892300014,0.91939288339061953,11.31896138959306,0.95936078445356365,1.6919456151902557,,0.1572055782519088,0.3461538461538461,False,3
-0.9063322098055917,-0.21013060118831875,-0.36661567876067497,0.20205583334024554,-0.97748828408651967,0.060746149563345411,-0.37112715567860777,-0.019020644516660065,0.92838723030860326,-12.855516157290586,-10.39286167596009,-4.8183720200736619,,0.1097200289206153,0.3225806451612903,False,5
0.36671032293454692,-0.71572691042224923,-0.59435555751642644,0.93033507678814487,0.28182360602664142,0.23463183923700026,-0.00042889490253393558,-0.63899174077883214,0.76921347574363308,4.3835617130307485,16.16488820086126,-2.43239758115166,,0.3838785025712242,0.3823529411764706,False,4
-0.49226158696936501,0.8242224512586801,-0.27988547807189923,-0.8695129202403552,-0.48051446305419626,0.11425030560496419,-0.040321353269608756,0.29960507611999948,0.95321088266638943,29.372859890800125,-7.8449952660823081,7.9936762481609422,0.3632092632063922,0.298502232846473,0.1428571428571428,True,5
-0.6213064790445596,0.73920787948456046,-0.25990377066366699,-0.77569967190232358,-0.62713412813998071,0.070659778748127955,-0.11076225940220033,0.24550864797405014,0.96304580662711692,-5.2803515773187311,-12.640984509589968,-2.1458715629720082,,0.07333188212469907,0.282051282051282,False,5
-0.93996667540989765,0.01939036787171845,-0.34071492886673255,-0.02694566055468323,-0.99948447009203745,0.017456386284386644,-0.3402007943790476,0.025589210199561886,0.94000458074693793,-20.150728931771447,-23.054295234963412,-5.6016476776186694,0.3625588926910026,0.4225073375367318,0.6086956521739131,True,5
-0.8732675232040813,0.35558295466169337,-0.33311348707470495,-0.40446008287477808,-0.91024823033256541,0.088657772007653124,-0.2716907695854559,0.21215306156285677,0.93870932891474446,-12.1663506012405,-2.12479782455897,-5.6391200366617396,,0.2225346734759311,0.5907590759075908,True,3
-0.92558080130027343,0.16839102801828826,-0.33903486833552715,-0.20473384789964058,-0.97600322043519028,0.074173885056296324,-0.31840890657855514,0.13806583713244161,0.93784518596001099,1.9021719199162361,9.8452571091390091,-2.5424483733080296,,0.1663474583138072,0.3076923076923077,False,5
-0.51171424703696811,0.83829948153812595,-0.18815554371928528,-0.85831684470013447,-0.50848003381303186,0.068849468534656996,-0.037956863455713058,0.19672832654808253,0.97972304354352979,14.690241756144468,-15.178540409712241,4.357243521399452,,0.4730656838469935,0.2,False,3
0.66444758623316413,-0.58366760886946056,-0.46673496494855526,0.73763997508839363,0.61247080027587186,0.28419497877518501,0.11998613378435324,-0.5331150355842913,0.83749130534796834,-4.6577679491250548,13.731100100921477,-5.2545253181260572,,0.3586484596177811,0.2702702702702703,False,3
-0.091543585594684951,0.97105491255268117,-0.2206176075107647,-0.98885286595403832,-0.062519763128616485,0.1351343358026641,0.1174299000721455,0.23052903510327477,0.96595371656379059,-2.1867482821677129,-15.063145556315142,-0.93285290200219462,,0.1286225607335913,0.4705882352941176,False,5
0.79804850047715359,0.49661358854933063,-0.34131149197517907,-0.47197464024944802,0.8672766966641654,0.15833846779825,0.37464453799244268,0.034728591843743994,0.92651788707017413,4.9869703546901185,3.8082095004877705,-0.67563933219086925,,0.08313857763818341,0.40625,False,5
-0.28781867067728445,0.93782354873184182,-0.1940293901798773,-0.95648872095461757,-0.27137442874832207,0.10716924049428353,0.04785122251479576,0.21643223157731412,0.9751242739457896,-8.1314871399939239,14.444375352428835,-6.5848241668696499,,0.1051742723140397,0.36,False,4
0.70933077589078208,-0.5837038857758361,-0.39514506716441805,0.68538847094976985,0.70205863007501912,0.19327784101217083,0.16459797770118417,-0.40792579431482257,0.89805570655127154,21.759976288711673,-1.6860036083674594,5.1287838632296925,,0.2382499720237389,0.125,False,4
0.92620144258134574,0.13447592326729657,-0.35223161956536875,-0.071402118327080891,0.97988546560234613,0.18634970297716985,0.37020619289612106,-0.14744727994331419,0.91717319759066129,0.41934446409367349,10.130421666486432,-2.9698919145618334,,0.09350809521058405,0.12,False,3
-0.74547133965423784,-0.44499831280616153,-0.49623480667299774,0.55661957304589249,-0.82517812657045719,-0.096206602329990509,-0.36667033239181779,-0.34793327094335513,0.86284141434816009,-8.0542833975993542,18.238303507348018,-7.0771238856167775,,0.2639065040528247,0.1,False,1
0.70432621287015262,-0.60872575682107644,-0.36520889754576996,0.6925806038190383,0.7021243692850031,0.16538886682541049,0.15574560371851678,-0.36942431300436196,0.91611625020169285,-14.909847427787984,-23.208609858657237,-4.0733038084017172,,0.1587658382508146,0.5,False,1
0.8358597174056871,0.47378539298971728,-0.27724706347960387,-0.3838752850207684,0.86551661996437801,0.32174640031500246,0.39240068599418654,-0.16250655972919112,0.9053249801459553,4.8639950189669676,14.547727850457399,-2.1126400075016902,,0.5280798231600127,0.3428571428571429,False,4
-0.76944752139578032,0.62213260427115225,-0.14457363010136134,-0.60876247204512013,-0.78283369696945593,-0.12876201116264682,-0.19328415467235174,-0.011064609885993032,0.98108042991421796,0.84087217013916804,-7.9938423364188553,-0.5865212965294857,,0.5593934788374813,0.1538461538461539,False,1
-0.43770925230743385,-0.81102607565304974,-0.38813311512325416,0.85082478622815572,-0.51319036378364247,0.11283985846954145,-0.29070224213837892,-0.28084222462163122,0.91466925786608411,9.8216349443364646,1.9126035589206007,1.0704763330807332,,0.07502360173255802,0.3043478260869565,False,3
0.66046743312535849,0.73071166341559168,-0.17275194565972424,-0.66171381062838941,0.67517376926083716,0.32599879466919957,0.35484870382242789,-0.10099923886116244,0.92945228556661796,-18.7365175714516,-19.305384116344118,-5.582434402134254,,0.5607067264581582,0.35,False,2
