axis_00,axis_01,axis_02,axis_10,axis_11,axis_12,axis_20,axis_21,axis_22,location_x,location_y,location_z,dbh,dbh_approximation,score,reconstructed,number_clusters
-0.34427574279339257,-0.81425952661429513,-0.4673923793151975,0.91244145260292187,-0.40746153290757509,0.037758373541222461,-0.22118953071049069,-0.41346888942032006,0.88324326716120494,-30.848072826431075,2.4063136951574702,-9.7764929366140514,,0.1552468526470477,0.3939393939393939,False,3
0.42499290004257129,-0.78297940510095954,-0.45422933205722571,0.90422652256912373,0.39044383967940771,0.17299712118689053,0.041897861472345796,-0.48424875760723363,0.87392660444678971,2.0412511063324352,20.033234787830068,-1.9466155294484879,,0.7188084473201908,0.6226415094339622,False,1
0.40679011884239291,-0.85442935337880033,-0.32322171847955755,0.91291600160091302,0.39310587896316679,0.10978224786184398,0.033259182689825223,-0.33973261251943798,0.93993381615809712,-20.455603478449135,4.4825662901194594,-7.1155498906403256,,0.1626901206668958,0.675,False,4
0.93945887266491557,-0.18005233788801214,-0.29154447721098542,0.23562203590377095,0.95719410417300554,0.16811217425576064,0.24879566468837,-0.22662877698451772,0.94166879245028279,6.5338644736417928,-13.528115568947307,2.4478100663817863,0.2130006713441124,0.2024065591381606,0.3333333333333333,True,5
0.96279103536359822,0.076523172518819571,-0.25918647011591223,0.006158039015110011,0.95261140981966785,0.30412757263502788,0.27017679541178236,-0.29440738093505869,0.91669449287752369,26.546513231542495,-1.0682321897551679,7.0998894229695546,,0.2284639071222677,0.6,False,5
-0.94071695449996973,0.19890185805121657,-0.27475382141123278,-0.22031071663489502,-0.97419494862331357,0.049065162922776531,-0.25790463286284904,0.10668764193004379,0.96026191604545363,-9.6107589130484463,8.3182340483877599,-4.484961075550701,,0.1053093487082736,0.6164383561643836,True,3
0.65657229823628271,0.72630263560331876,-0.20346326131368153,-0.69574451186788711,0.68735929697189158,0.2085108416174643,0.29129433807481081,0.0046560049377757096,0.95662214600310091,3.1495989065027841,-14.990767499607456,1.5565270020103192,,0.1232390345288068,0.25,False,5
0.21753546911946767,0.96569733917309897,-0.14179904368143395,-0.96647516510995612,0.23341737893399589,0.10696767005626449,0.13639675546234814,0.11377599186814194,0.98409905435060974,-2.3710064061155509,-7.8653109860513162,-0.75747510107532889,0.1495011432873851,0.1361236947478544,0.35,True,5
0.79222366771650454,0.57556729783201743,-0.20274108112604544,-0.54779467835305451,0.81716618121447282,0.17933327256097092,0.2688915221383551,-0.031011577607463314,0.96267109200204681,-3.6932543553020976,-2.2000711477248469,-1.8878018151178244,,0.2756873941645631,0.208,False,5
0.20569395034517254,-0.85410846967430176,-0.47769103071129532,0.97821367758819855,0.16544810137509852,0.1253990698958603,-0.028071333612236335,-0.49307772995948324,0.8695322607282796,6.7088902748718429,-24.678165106349105,3.7034736803107413,,0.2241645714504117,0.4,False,3
-0.65737754112399494,0.7121068981401818,-0.24649246245461293,-0.74298730839745775,-0.66710238222495877,0.054261138857248287,-0.1257959776227798,0.21881082525997991,0.96762451124543936,-4.6888911808658875,13.64265148598767,-3.4665863936884045,,0.1412222879071612,0.4519230769230769,False,5
0.95049421140364332,-0.054814778930000183,-0.30586940693541331,0.16279853146925716,0.92626238161099583,0.33990386665023287,0.26468357002205406,-0.37287174795522005,0.88933079747481991,-12.578326976189759,-7.5966349233937089,-3.6291005268623495,,0.4832459452558037,0.382716049382716,False,3
0.82218546771327494,-0.48223325467597578,-0.3024270899997541,0.53486499020832878,0.83628625896613251,0.12060155601763857,0.19475753882853539,-0.26091450927276261,0.94551209401065084,-0.51201162726637817,-12.648939112930449,0.30192989786799379,,0.08101966054664367,0.3809523809523809,False,5
0.25656487925398097,0.93178617521242868,-0.2568053473282505,-0.95204943838503542,0.28945358665702331,0.099088284081032249,0.16666232208909232,0.21906881305740078,0.96137012931622412,-1.4000826378460887,-5.6731537315288572,-0.75163151798959438,,0.07768666630617291,0.2957746478873239,False,5
0.91298597085433331,-0.27970650403934372,-0.29702001383957333,0.327821781154083,0.93630833973966032,0.12593479556868553,0.24287753462215531,-0.21234633157191757,0.94653026293078157,0.78022188709783769,-12.097072788984594,0.61826244870436542,,0.07227475899620842,0.4545454545454545,False,5
-0.36572171070721887,0.89331176932370315,-0.26123114880339399,-0.93046672525813268,-0.35752580058243499,0.080043582536616406,-0.021893001274209997,0.27234056749893976,0.96195182404815016,-22.724806977828866,9.8658433569177522,-8.22412673749478,,0.1810086806580792,0.375,False,1
-0.95855772347063795,0.046685917494474982,-0.28104717732524453,-0.06087617362389261,-0.99726260994456806,0.041968777578842931,-0.27831849068953735,0.057338572656177735,0.958775837110036,-19.032753495938707,11.199910586558786,-7.2832646663981739,0.2605166690130884,0.1651359867196951,0.6271186440677966,True,5
0.67154946331656118,-0.67936370789207212,-0.29578078152303033,0.72892187275835763,0.67738353834231824,0.099118340367918917,0.1330196291292686,-0.28216394947260204,0.95009961787400765,-17.513618038641095,-0.49540943456494441,-5.852548511949931,0.5441919906871686,0.5095526084812112,0.9876543209876543,True,3
0.0638456667732447,-0.94991761488946491,-0.30590890107512542,0.99524261267121927,0.038001867213084135,0.089710646033151306,-0.073592613472046639,-0.31018120995803439,0.94782474341585143,-25.437753656556616,10.408427787500289,-9.0018058294102232,,0.07913306348169223,0.2307692307692308,False,1
-0.70076965570766703,-0.62400581532137156,-0.34574359297674362,0.66966153612494383,-0.74246527889473846,-0.017284000420582035,-0.24591729641108667,-0.24364328860214601,0.93816983070497073,-21.48067639708395,17.270526049913681,-8.5199835173000658,,0.2092275499132744,0.3333333333333333,False,5
0.36067970557958923,0.92743811718479896,-0.098836677279924012,-0.91277732336501516,0.37277194766622423,0.16696895814410673,0.1916969168599732,0.029993563073513863,0.98099575852321375,-7.255040646052052,-5.5298956531352799,-2.418050370416279,,0.7016827183815115,0.4628571428571429,False,2
0.81243830974761788,0.52853773744504962,-0.24615412438328746,-0.5109356932508341,0.84877400947806603,0.13611538559920106,0.28087134103842748,0.015183574381466919,0.95962531690878139,9.8656847504066096,15.623644130308429,0.63552433243355533,0.1427034694917383,0.1340620423126229,0.3157894736842105,True,3
-0.32722545138207171,-0.86507721738021348,-0.38021692747365476,0.92702731835567964,-0.37187416296110959,0.048269637912992706,-0.18314981569763245,-0.33667642461520997,0.92363690383085195,-44.215128464493482,10.055512911587309,-14.455924413798291,,0.415600509176709,0.7,False,1
-0.70132945016023562,0.67613892281954291,-0.22577236187445943,-0.6975137851537605,-0.71624151731453922,0.021739558308351628,-0.14700857749946844,0.17272592718928126,0.97393748886578335,-19.679852860951073,4.6114036507481133,-6.9258420640878366,,0.09540495040384993,0.1951219512195122,False,3
0.82593168885211055,-0.44203462564522611,-0.34991746895601605,0.52568499266280089,0.82809593188366848,0.19471110930511609,0.20369618022685326,-0.34476443744737184,0.91632164049125542,-4.8884226137213949,-9.0322021904438845,-1.3523426369438418,,0.1571641593981109,0.2903225806451613,False,3
-0.94258413964117793,-0.071848389950168373,-0.3261486602125927,0.14489947863784089,-0.96785957250074905,-0.20555288616107878,-0.30089745892476832,-0.24100966117613637,0.92269987668384446,-13.659380336439888,-14.724693815731197,-3.1194534540696925,,0.6212339914511791,0.3684210526315789,False,4
-0.96029369177719426,0.062193288422366502,-0.27197062416396778,-0.071974658537799732,-0.99706417253256074,0.026128229567383879,-0.26954716481776081,0.044665766837378988,0.96195077587760924,4.5109296746873282,-19.385893279774542,2.4590161923335749,,0.1567965037890298,0.5555555555555556,False,5
0.95134904100999429,0.12338326139236264,-0.28233238032069335,-0.093258887883069755,0.98864767019351585,0.11780731747963044,0.29366270107076536,-0.085745874706118524,0.95205559867620415,-13.236979531689979,16.750570486106653,-6.1085859788082288,,0.07879214320777105,0.32,False,3
-0.11253552643474037,-0.91280972051338072,-0.39257377577512742,0.98595355653258798,-0.15165078055746267,0.069983034494467508,-0.12341531368026155,-0.37918393279857809,0.91705409080195832,10.732090731718174,-0.27171773359732698,2.2145636297969529,,0.1813096270221952,0.3666666666666666,False,4
0.18730983623246439,0.95775746296321995,-0.21821014501810951,-0.96778580542405879,0.21797831358704298,0.12600035565606518,0.16824286038424796,0.18757957496488198,0.96773355991498067,8.6678117442595255,-7.4933209785050598,2.2659139228995642,,0.1254002667229251,0.3333333333333333,False,9
0.59747783942621657,-0.73040471763712844,-0.33095192981459925,0.79534225380067203,0.59239350738018492,0.12845478478075786,0.10222979367018373,-0.33996894103319197,0.93486372719178823,0.38396391827452692,-8.9079552525011181,0.14428290072778543,,0.08371740213339747,0.35,False,5
-0.68776198391804,0.71716831768854561,-0.1124858105758402,-0.7127821625270635,-0.69650753329900394,-0.082576297089301559,-0.13756831851980142,0.023385041405113577,0.99021618729352046,-23.241371111847158,13.171611734421973,-8.6689244519131883,,0.3026892765564797,0.5,False,1
-0.061832935767071107,0.99685670105185253,-0.049531864718008134,-0.99542795649971094,-0.057972478523953139,0.075910309922957997,0.072800216162007478,0.053999160195391777,0.99588363739191821,-20.461703089008406,26.850597527218785,-8.9791854108865596,,0.4335601265683477,0.5416666666666666,False,3
-0.40421395289433543,-0.76117247999463822,-0.50717604042812181,0.89257379324320707,-0.44938644023718222,-0.036930352643668174,-0.19980766727272548,-0.46761980607087772,0.86105087716653905,-17.34770481229517,28.396385303302896,-8.2413933107608468,,0.373328144348513,0.3529411764705883,False,2
-0.94851273068463482,-0.033458582051264785,-0.31496686018737841,0.089271875363652206,-0.98233110608469276,-0.16448747760081922,-0.30389822638217784,-0.18413614882890941,0.93474047023557483,-2.1148985461574612,-11.581199367276453,-0.26334191531061263,,0.3719020386660926,0.4655172413793103,False,4
0.73774491890319249,0.6498742508939972,-0.182745431290328,-0.6161213160811928,0.75881275312032914,0.21118174535770246,0.27591114240439946,-0.043204903968330738,0.96021163176155411,-0.27581365757307763,18.866138244886606,-2.5475999414844068,,0.09362095783407373,0.3846153846153846,False,1
0.95659644136853561,0.13605832237100496,-0.25770405754400072,-0.045954886817450129,0.94368245937405748,0.32764548562024443,0.28776969391972002,-0.30158174477795913,0.90897582722426273,-15.970668578812687,-14.565036780539415,-3.8373640770424626,,0.224111050434449,0.1428571428571428,False,1
0.097042516838688059,0.97091657086584304,-0.2188692814072476,-0.9887097728244304,0.11926881737926737,0.090707961736630344,0.11417414351365174,0.20759566859417616,0.97152884843110066,-7.8952962340553396,13.166044272846458,-4.317596635154529,,0.08091774848830531,0.25,False,5
0.53098291849802648,0.8333249933423521,-0.15370945232576996,-0.80651049365517702,0.55264361990018263,0.21006154576148869,0.25999608436936467,0.012429193642081698,0.96552967393964995,-16.961410345621861,17.368104313151179,-7.2332591594147821,0.7742585773734427,0.4254273101898211,0.4477611940298508,True,5
-0.11783083131378908,0.97284026247878219,-0.19924286409333539,-0.99140460145077025,-0.10375734480872706,0.079695229596769973,0.056857817528817946,0.20692084742349393,0.97670412689176378,3.1110191401179814,-11.230029183013713,1.2173630332642802,0.4639315246659649,0.4285811210907758,0.9215686274509803,True,5
-0.60779449244075401,0.76847520298938321,-0.200079277660413,-0.78693464141898295,-0.61664048665886495,0.022099329127720252,-0.10639419670951729,0.17088116515153018,0.97953044991107452,-8.8801172008167555,15.993023646307961,-4.8689059501420013,0.7963636810953904,0.9296252965909325,0.6685393258426966,True,5
0.76485042634266975,-0.5291796419886392,-0.36738635226177363,0.6202618273332563,0.75896961009423236,0.19809188904803449,0.17400888160276851,-0.37938639598460111,0.90872816158913527,0.34638907581891121,-18.065108148194341,1.0945065504080276,,0.1274033031655168,0.3333333333333333,False,4
0.82864904268896999,0.52689306543852932,-0.18900915756503142,-0.48697469403671684,0.84505845424411541,0.22075293039593427,0.27603697473074013,-0.090884027768006914,0.95684046845760262,-9.7858017447934049,-11.208979043628636,-2.4431712169523854,,0.1936694190543567,0.2903225806451613,False,2
-0.95775470214530656,-0.014723133477271076,-0.28720926144392711,0.011191399939689397,-0.9998402760310432,0.0139346687638469,-0.28736854922893973,0.010131720820209852,0.95776649823810212,-2.2846282587479676,24.090489766780365,-3.4928640081031288,0.3896480059959281,0.4145221906645695,0.4347826086956522,True,5
0.88436931893856585,0.42038106826471228,-0.20290555725449477,-0.37234399879660041,0.89745889243407129,0.23648992145790837,0.28151528249865032,-0.13359376420937408,0.95021147745334866,-0.79644655372311479,-16.221573514534789,0.5955285912820435,,0.1552166131150132,0.25,False,4
0.91165522583944036,0.36790587756255394,-0.18311202706149021,-0.31214435709920901,0.90973615816485986,0.27376271268849611,0.26730254306826634,-0.19241982169820676,0.94420546635087299,-5.1037484949433667,-16.344439051289434,-0.5901128359483796,,0.3559014116997919,0.3076923076923077,False,4
-0.13043436218901325,0.97405109331993267,-0.18496309027097671,-0.99001930458908638,-0.11791581014860786,0.077185738695299377,0.053372780527970634,0.19318470260153003,0.97970965953157341,-21.649280166706291,9.5650624426195598,-7.8860961390135671,,0.1263118320610576,0.4444444444444444,False,1
-0.52510312656176727,-0.74412292494730803,-0.41297430796953988,0.81920938905888185,-0.5734331636245098,-0.0083895013773379462,-0.23057034361086168,-0.3427177839322757,0.91070403382422749,-5.3505803476846401,-13.334544628437419,-0.95406487784334182,,0.130367112462651,0.3793103448275862,False,4
-0.94152199354314259,0.19418274454459933,-0.2753713808580599,-0.21610907507340746,-0.97501807876626168,0.051347967339178353,-0.25852118548672998,0.10785549499249364,0.95996561857936402,5.3009591905940967,16.289194366299196,-0.74712327831105385,,0.1268746441508319,0.4,False,4
-0.95787137233739861,0.079539293773089423,-0.27596364761059894,-0.07670461400918957,-0.99683124286239988,-0.021068351694051676,-0.27676494764722265,0.00098691412047083316,0.96093714141683007,2.1419599854507196,-11.657175295593435,0.94322998489402143,,0.07278403419745613,0.3125,False,5
0.57328889694025609,-0.75330191569794591,-0.32229809873908727,0.81391478370947223,0.56882171386963287,0.11825642768821257,0.094247363380565663,-0.33011828431066881,0.93922273868321204,-13.669349480145987,-8.5084987587640288,-3.8150506246883089,,0.09169286572030705,0.2857142857142857,False,2
0.46211787815829897,0.87625854506324496,-0.13644789807878246,-0.86680535567382688,0.47881351332211625,0.13923395719185444,0.18733804221685224,0.053931267960041746,0.9808138846257124,4.2052111471214255,-10.35866211505915,1.3968961313249362,0.7939152940616032,0.3257666408891225,0.1904761904761905,True,4
0.87458955831125795,-0.37488786480179637,-0.30749340369716666,0.42902716840953414,0.8938068078388598,0.13055680383420903,0.22589553616531693,-0.24610664169269558,0.94255118039039498,21.32557366065036,-5.8039105980567092,5.9197905462519014,,0.09089530387804907,0.2727272727272727,False,5
0.9019440335368093,-0.30369093802265412,-0.30703220438623674,0.37007100745581034,0.9099771040229172,0.1870537879720891,0.22258573585922575,-0.2823357652104781,0.93313563101781782,-1.9239909806807309,17.471866094219866,-2.8718957441179818,0.3616347133125206,0.3345101476117899,0.7435897435897436,True,5
-0.57293982193873583,-0.75369262253510105,-0.32200526575348459,0.7849503800046439,-0.61762073234838244,0.048964598476997287,-0.23578138469220886,-0.22470438738398155,0.94547082288297768,6.5866028200965072,7.5792367098606972,0.23943120619867606,0.6239827803445448,0.500719173157597,0.7222222222222222,True,4
-0.8899403052766035,0.37148654156788818,-0.26458269497099651,-0.39558857999970715,-0.91744632628972111,0.042448954655086892,-0.22697120614298438,0.14244292826049293,0.96342829716101575,-18.086191172357172,5.3022963265820886,-6.5318430052297707,,0.06467171177639365,0.2413793103448276,False,1
-0.95614205482629022,0.050292986544995311,-0.28855326457509911,-0.049242691720159659,-0.99872733580838269,-0.010902569479057947,-0.28873435594801589,0.0037847342677243181,0.95740176910313346,-3.498906409184944,-8.0014146038841236,-1.0626162134504171,,0.09179767904656072,0.3571428571428572,False,5
-0.46191463583689502,0.87884539106622717,-0.11943888730777516,-0.8861340395580618,-0.46298304494067982,0.020326436824199989,-0.037434384410333518,0.11522794235387093,0.99263346113493101,11.180420571436862,-1.7830834031690681,2.4538187522994681,0.4389189722484187,0.3763540499197937,0.9,True,5
-0.76813551257033352,-0.56942263420528305,-0.29278951139517878,0.57527300319886243,-0.81452728008211472,0.074875107963822407,-0.28112062556645101,-0.11091967209088226,0.95324079865707534,-28.011753119867215,1.1376177237896723,-8.8420543311610338,,0.06303940325360058,0.4,False,1
0.3790141394169782,-0.86167997645327232,-0.33742539960929901,0.92517707300548413,0.36067615249763774,0.11815285271420972,0.01989134754139274,-0.35695984535937431,0.933907920029592,9.2081825160591588,1.2234955038207431,1.6518423044377093,,0.07775357758573988,0.1304347826086956,False,5
-0.87697427827868191,-0.3352711522533145,-0.34425189862122807,0.37921224454424185,-0.92286285117697453,-0.067247539027267933,-0.29515112878880145,-0.18951889716922848,0.93646590903804727,-13.053343067715311,-0.31089140675494376,-4.5885894576753392,,0.3775028628366546,0.4236111111111111,False,1
-0.62605011964315582,0.74753852798584741,-0.22191754520889576,-0.77170835348032329,-0.63479666508074106,0.038722230966947248,-0.11192615808415197,0.19549768075125942,0.97429625471793713,-4.0707188369718743,21.289769063682972,-3.7807329708559525,,0.2062961944332656,0.4074074074074074,False,5
0.6674422747826424,0.71180291418000441,-0.21876339089945035,-0.69683087691601919,0.70060153636765432,0.15357153452295363,0.26257863357368616,0.049940951173724601,0.96361733202887123,-14.277936835026978,-7.4778864571566164,-4.0888224751859639,,0.6142603409829408,0.4583333333333333,True,1
-0.95087005179563311,0.18025915957113575,-0.25169978146370664,-0.15623249511717224,-0.98128672112310567,-0.11255122574599834,-0.26727804262159793,-0.067697904976237566,0.96123849360821767,-7.0910527905684626,-12.890567623947959,-1.5010017170464103,,0.7826696550971941,0.2278481012658228,False,1
0.85661979166506919,-0.37475663629946243,-0.35462655861794562,0.45877249470871989,0.86774011650924243,0.19119332702598496,0.2360727231732466,-0.32647289895187354,0.9152513947673222,15.730592855919307,-8.348874433049593,4.3965971556311514,,0.2842539440021073,0.3888888888888889,False,5
-0.73012902141600933,-0.53542250198797192,-0.42454017059760185,0.62347932450401666,-0.77625713509892058,-0.093265171012716669,-0.27961606535053662,-0.33278762683272439,0.90059272228068099,-3.3062298577814722,14.719565863981723,-3.0630117661899745,,0.530951256094651,0.390625,False,4
0.85529088350576721,-0.40500616998867872,-0.32318339509174371,0.48831427936889482,0.83862896849715396,0.24135164752252491,0.17328205087764181,-0.36424093052333051,0.91504200743743846,0.38463198041951563,-8.392505297092848,0.10893958812910282,,0.09500856893276255,0.25,False,4
-0.110908935257213,0.96592956386759155,-0.23383602315870261,-0.99157668182450565,-0.09171360214137371,0.091456542927001755,0.066894634628018118,0.24200969573308381,0.9679650897781209,0.20556218313820274,5.9056152725335291,-1.5515704756006068,0.8299817812579451,0.7648734683667122,0.9744525547445255,True,5
0.44748995874950298,-0.83534149307967376,-0.3193075739123471,0.89332857494217954,0.4340875052882,0.11632753304545426,0.041434213038773482,-0.33730198293530356,0.94048422543802912,8.428568030888945,-19.296734042453227,3.6114369743924697,0.34677202941805,0.3519963566160983,0.7428571428571429,True,4
-0.0679414275671055,-0.93765399280440542,-0.34086500582796764,0.99164249683163685,-0.10102463523273286,0.080244511049734499,-0.10967734906379452,-0.33256429882663296,0.93668130452587184,-2.3183429912683073,-9.2833693017778831,-0.59656510498998394,,0.1174075774243046,0.3225806451612903,True,5
-0.68781105463948988,-0.63607605805907541,-0.34974733948915282,0.67786632127262492,-0.73517454703960472,0.003954221722522383,-0.25964052765319834,-0.23436218498115341,0.9368357180695176,-19.610835290731089,16.461336490877297,-7.9326984552620257,0.2437240644715687,0.2148329611522239,0.525,True,5
0.39974678761322047,-0.83800793327510192,-0.37140975964681205,0.91601981831176937,0.37994842008100155,0.12863471746781069,0.033319637647844139,-0.39164001563418233,0.91951503516857902,13.990144155830697,-1.5903428069093759,3.2718659945606432,,0.3815722244517247,0.3125,False,1
-0.95313549333075098,-0.050707196180875172,-0.29826416413746648,0.072676072083490625,-0.99536226139392669,-0.063025051680140678,-0.29368506924878324,-0.081748081618123525,0.9524002999013047,-7.0812008895073193,-21.320468457222383,-0.60367148461619791,,0.4576375734756357,0.2857142857142857,False,2
0.58556135142076959,0.80489175302447002,-0.09626613961033928,-0.77260490802408799,0.59008984043971979,0.23425549365365192,0.24535598590491345,-0.062795271502091604,0.96739712324236649,0.44085977723322745,22.93862797442117,-2.6100158831697819,,0.3237511956694397,0.5555555555555556,False,1
0.93390605787590608,-0.1982270793893966,-0.29753235128206756,0.24639392685591752,0.95987754064401987,0.1338848003908952,0.25905502865454411,-0.19834599054162638,0.9452773985264088,-27.387531442698837,2.8703645827046804,-8.838798344158171,,0.08847026361288761,0.5882352941176471,False,2
0.70000449986225544,-0.63770467364301098,-0.32144431770752563,0.69955215003055549,0.70282487344633793,0.12908906480708759,0.14359836196915074,-0.31522998981537581,0.93808824955905779,3.8762924006636164,-22.700264820541403,2.6071573765699894,0.3519113459788786,0.2377636078882433,0.25,True,4
0.84894708839040178,0.48495772485759914,-0.21001153828873687,-0.45951793149586462,0.87365681305490794,0.15989697819691423,0.2610212860040772,-0.03924000641798886,0.96453517828490587,-15.276449286396707,8.9966923708650803,-6.0560664333833865,,0.1482367074546824,0.3243243243243243,False,8
0.60321937827461336,-0.73149533277661538,-0.31786940683245818,0.79090623660833004,0.60004747156850125,0.12004314540321823,0.10292573326451705,-0.3238172478270398,0.94050448347771554,-3.9147595519232485,-10.57494847399783,-0.90197240802571865,,0.07767628284153187,0.1304347826086956,False,3
-0.4517534786778189,-0.8345742911395897,-0.31528486654348103,0.86564410605231101,-0.49554314171468822,0.071395212419542331,-0.21582186209785276,-0.2406714508793838,0.94630765429231734,-24.745219598403501,0.61656370184890164,-7.8729037559038817,0.3353678045433337,0.3395723086295428,0.8888888888888888,True,3
-0.66297524418721054,0.71216132026721402,-0.23084644140676214,-0.72833689619805964,-0.68489243397820043,-0.02115938363923299,-0.17317387571884013,0.15410583309749712,0.9727600942544059,1.2224988201572118,18.083409590889424,-2.0116333490175697,,0.08731981474124603,0.2727272727272727,False,4
-0.52673182971516563,-0.70404373094961059,-0.47631502650605839,0.82129170072270674,-0.56599468137716047,-0.071623759862015982,-0.21916551254455743,-0.42892009228214112,0.876352687305609,14.502443131468391,-2.0543311086411142,3.4751514801451546,0.4479992969525236,0.3151864936585067,0.1846153846153846,True,3
-0.13527774682176313,-0.93867665069017991,-0.31715308080466964,0.98251984514867352,-0.16840345139898594,0.079341234209810707,-0.12788543741901803,-0.30087609244666785,0.94504967694305408,-14.368602213034558,-13.15039554451652,-3.451801449651271,,0.1641583308603742,0.5952380952380952,False,2
-0.57602993452983631,-0.656238935740866,-0.48738072771012209,0.78021500512932207,-0.61924147414542219,-0.088343321588315385,-0.24383203295835543,-0.4311501547209512,0.86870909042526745,-10.291488510130847,14.704603337107685,-5.1465383372379083,,0.1042889124831008,0.2727272727272727,False,3
0.86113736120084539,-0.39149785616603627,-0.32430213345188252,0.46193598556568721,0.86894759911980024,0.17760972727694835,0.2122677327892829,-0.30275319750802343,0.92913019056274637,5.0370746845629739,-8.3153596876397469,1.2949495384729091,,0.3575532478961899,0.5652173913043478,False,1
-0.60213730773906204,0.78916687279071707,-0.12102193817020912,-0.7923491384262783,-0.60928961352401101,-0.030806000826067242,-0.098048485270749275,0.077342186040228217,0.99217169925100657,-21.980347865668861,21.264614980030913,-8.9935240313786391,,0.513422335676943,0.6060606060606061,False,5
0.47905012657670015,0.8556981814641933,-0.19568239181316532,-0.84464365980470624,0.51004191900372275,0.1625863733856947,0.23893108667262236,0.087394868830346806,0.96709568953830383,0.4526630005435085,3.3281424927403616,-1.1930902396301883,,0.7019473715213804,0.5652173913043478,False,5
0.73926514390842224,-0.56640579193495233,-0.36424102715729123,0.65478251767823603,0.73094146960970663,0.19231334469493203,0.15731147938090734,-0.38066920924516701,0.91123216119035699,9.3949335161320224,10.870173420218457,0.80627361445311796,,0.154237113029666,0.2592592592592592,False,7
-0.14893381037501102,-0.89892019570547788,-0.41202087553909927,0.97918351449724672,-0.19217601636829737,0.065330113038567547,-0.13790708851977221,-0.39371418628954397,0.90882934286386352,-7.7745041541280493,22.446082451779958,-4.9409948455304722,,0.1266688003732665,0.3125,False,3
-0.52916109081384199,0.8080501093007626,-0.25892771351813981,-0.84490247239843719,-0.52992589840719062,0.072927048016090346,-0.078283792088236173,0.25735882160197826,0.96313970162169527,6.4340213959949333,29.933727553725138,-1.4490742606480174,,0.2613873922889457,0.5,False,1
0.15307813862987338,-0.93143279216554986,-0.3301515366499187,0.98719358926042078,0.12895440987210866,0.093912605637717209,-0.044898783911620985,-0.34029944733017953,0.93924458228410002,4.4533003632441597,-14.901239057557564,1.942065580605093,0.1821132296746892,0.1054333445897473,0.5428571428571428,True,5
-0.92918894292316179,-0.19031926437905561,-0.31683826466440679,0.2214001168695266,-0.97302651769664994,-0.064818084739455273,-0.29595590313338482,-0.13037627646679606,0.94626218879080048,18.553872745131919,21.376971518117589,2.8230516617996768,,0.5459326762299915,0.6785714285714286,False,1
-0.62876920030514738,-0.67537531039541276,-0.38537966066714791,0.73006369738981824,-0.68334891430284839,0.0064233227092315853,-0.26768692627981272,-0.27731291248230605,0.92273574660866342,-5.2200711475251902,6.1099396401411656,-3.0998532981691724,,0.1451785564250819,0.2972972972972973,False,2
-0.8290430276180708,0.49798455327640079,-0.25436006576497827,-0.52304962516955666,-0.85146357018309093,0.037800506095144591,-0.197754261566842,0.16438118307508989,0.9663705700625328,1.979536480621356,-6.590641948839143,0.26644054888587576,,0.07569777846706671,0.28,False,4
-0.15818458026592955,-0.92101181817906685,-0.35597032087040903,0.97717024309017764,-0.19780077481671712,0.077544629091832948,-0.14183072510981268,-0.33557724037305736,0.93127437479962294,-4.8214094689545455,-7.2110297470340461,-1.5270385909483748,,0.06854224589306393,0.1836734693877551,False,5
-0.78110741436435605,0.58169678666627267,-0.2269362368753893,-0.59922894916491309,-0.80050728918480396,0.01061821287743063,-0.17548753148797874,0.14428072755613947,0.97385173304159922,-9.2960400922468711,3.5066404781262857,-4.0086057644734794,,0.07080181284267384,0.2532894736842105,False,5
-0.95637708163717605,-0.0021454327781696564,-0.29212715525495486,0.049032562645572771,-0.98696616178740026,-0.15327623197043577,-0.28799077332367118,-0.16091361845673979,0.94401701355197631,-18.346530068965958,-17.438939868119459,-4.0863215385192744,,0.3907742820124014,0.1666666666666667,False,1
-0.92866912697258175,-0.17363737038835,-0.32775557388487331,0.23119053588505151,-0.96197830595227174,-0.14542584018798277,-0.29004239125542725,-0.21082647481238453,0.93350287026501277,17.061510104858947,-3.6464046098474459,4.3842510647764215,0.59516856098731,0.381768435187594,0.1612903225806452,True,5
0.8556715943151465,-0.42968197628970917,-0.28844327333800956,0.47290546085964763,0.87558325677692139,0.098561582480418686,0.2102059651182627,-0.22074274552902035,0.95241067430232562,1.9015599859383299,-8.8410288648839366,0.55436742142683326,0.4661866401201659,0.4214366532000091,0.9727626459143969,True,5
-0.39651762924147826,0.88153555947607232,-0.25625929657268459,-0.91742758636255795,-0.39059396168334659,0.075914299558652754,-0.033172179332841473,0.26520070602416929,0.96362243230561684,-9.0815156259080201,-8.8161692467409356,-2.4895740804954736,,0.1047209126019124,0.5064935064935064,True,5
-0.70812551581092331,-0.52262709673604091,-0.47478328910648426,0.65162354740202821,-0.74266847478296105,-0.15437062231767879,-0.27192831100992593,-0.41869374764952949,0.86645861952575765,9.8640077001978987,-6.0421408684333668,2.4746442894059872,,0.5206776157611637,0.3571428571428572,False,2
0.89509445937415955,-0.27891859280866543,-0.34786538687158186,0.3661257748354963,0.90505185480298544,0.21640946633357738,0.25447558978964757,-0.32106939857811129,0.91222618658855736,-40.498532900619821,1.9138111032221718,-12.466051962527732,0.6793509837142502,0.677719014325311,0.6666666666666666,True,2
0.71730043534942711,-0.62526255899874128,-0.30745213897754692,0.68068049446479095,0.72309446264716737,0.11750941470440911,0.14884270187916832,-0.29356622830862317,0.94428000068515661,-11.416708206395432,-0.91359476347516599,-4.1720856140162663,,0.09817991717735655,0.5817120622568094,False,2
0.87466242654034099,0.40875484672840179,-0.26054772091615924,-0.38337282584220234,0.91226687021569319,0.14420275279144112,0.29663262801709556,-0.026241813635985323,0.95463105502218348,-5.7605605955058516,15.811499743193227,-3.8943676979218873,0.2915284821932841,0.2263293469648328,0.7380952380952381,True,5
0.077399930016060686,0.99527087179264273,-0.058695337077332876,-0.9968495377664206,0.078277198887972937,0.012793716783089271,0.017327720230372379,0.057520186850927246,0.99819395821466084,-9.353279655144707,-1.5237719309711408,-3.5637789256212469,,0.293008649187173,0.2554112554112554,False,2
0.50024717113408701,-0.79921070526322846,-0.33318916003525273,0.86320736882477878,0.4905271548413862,0.11939911544822014,0.068013279430906279,-0.3473404078938529,0.93526939160072275,-29.130133423643873,2.5092613410058586,-9.3575745249459228,,0.07823468989176871,0.2916666666666667,False,1
0.77182531482876038,0.58269834832098921,-0.25445690844124813,-0.56686591849399615,0.81187319040977279,0.13973171846011362,0.28800818363276504,0.036394471528649969,0.95693611521496424,-1.5385973011079725,-17.661437558407822,0.58994873895181243,0.3114254074414954,0.2526612063072405,0.5652173913043478,True,5
-0.95923327727063457,0.027724204215837087,-0.28125235692743611,-0.045404131704445114,-0.99736739569513744,0.05653974556421406,-0.27894441130950232,0.067004824489727735,0.95796678903514032,-6.2569292647435795,-0.7160675176042457,-2.8025791836140952,0.5582467056538067,0.490680815559888,0.9753313696612665,True,4
-0.57779445523122397,0.77566974615894824,-0.25394883815005842,-0.8062014790112475,-0.59090980805791549,0.029407039650962044,-0.12725070822643397,0.22172515336485579,0.96677050721523405,-11.055704574280194,17.18291827239964,-5.5283196606411975,0.481170245720389,0.1891702122833664,0.4444444444444444,True,5
0.93245473652894628,-0.22146286813666788,-0.28545115582427277,0.25835717348227066,0.96103018822289432,0.09834911405050549,0.25254650113391858,-0.16545445101582584,0.95333367159880922,-11.123693805959229,3.4877881920076876,-4.4786776772447459,0.497805734266542,0.4304177498666117,0.9817518248175182,True,5
0.76779945754592371,0.62597199369518064,-0.13653957705173322,-0.57384782723290351,0.76667284051319018,0.28794344375156822,0.28492571693734714,-0.14272988029392242,0.94786365955184793,3.2695735782015247,8.8391191820772388,-0.7778125693099931,0.3864346728337266,0.3384859114804218,0.4206349206349206,True,5
-0.78621254294184861,0.59338568079919085,-0.1725203499399256,-0.5856971676825079,-0.80456424240995827,-0.098159093333118244,-0.19704990507382067,0.02387076994511253,0.980102811572657,23.485983838383621,-5.7571047344397455,6.5874562661935876,,0.4536382217075266,0.2727272727272727,False,3
-0.92538381372850764,-0.16520410760252874,-0.34113399144696077,0.22157568455492749,-0.96599623737373663,-0.13324971067060165,-0.30752075263841672,-0.19889412311839655,0.93052249542161292,-15.136685897779717,-15.04790453654207,-3.4670232262892844,,0.2556010521488096,0.25,False,2
0.2821679675044273,0.92100383073263337,-0.26857621244301627,-0.94395192526187932,0.31651363020646711,0.093669016691306103,0.17127755518109422,0.22709263675720454,0.95869334691644148,-11.592982005385945,-2.2210411403922126,-4.0351271222302305,,0.07066516068034157,0.3315217391304348,False,2
-0.10823341026997471,-0.92677328011770943,-0.3596898888781731,0.98810520115181455,-0.14004823824606766,0.06351852029844636,-0.1092412026575264,-0.34853662393503776,0.93090739680051038,4.312930107315335,12.764679249197894,-0.74416902567915399,0.3193981525197651,0.1611075840619962,0.5588235294117647,True,7
0.29535636230792794,0.9478523078643204,-0.11975233492716811,-0.94569046778975918,0.30786589396402037,0.10434620484387641,0.13577245072478283,0.082429326152864496,0.98730504293970367,-20.068070922327355,-0.20025795283347839,-6.5318471133373004,,0.2848350387950011,0.1304347826086956,False,2
-0.66268843461933746,-0.67389075544700838,-0.32667306032918103,0.69328409868785812,-0.7169903285167798,0.072677557195907655,-0.28319815876579468,-0.17831466158580728,0.94233894344614832,-10.842413171723631,11.4905829997287,-4.9865665642612935,0.5716305494251206,0.5185813608074268,0.9617224880382775,True,6
0.71273798687769485,-0.59381096465519911,-0.37335385402697208,0.68016443116604719,0.71516240091407313,0.1609940585716956,0.17140860141223757,-0.36868859295356676,0.91361250691298035,-16.532860777657199,3.1501150402726106,-5.890031213553744,0.2417472772107518,0.2332280945528396,0.7972972972972973,True,4
-0.70458509222470378,-0.62262799623117593,-0.34043241050736595,0.65966181676406443,-0.75150663970591192,0.0091683139923151163,-0.26154566583722771,-0.21811040504083853,0.94022429020669407,-2.7176432554992171,-13.286534305502204,-0.22682281932123655,,0.1759510144049979,0.1666666666666667,False,5
-0.9018672933601859,0.37691603304603755,-0.21111534572363699,-0.38547687268337716,-0.92271726637321139,-0.00065342405165200179,-0.1950460606969954,0.08079078146413772,0.97746093724352878,-0.37884259814008892,-11.443228094206408,0.17054735403328267,0.4291511440374227,0.2387112561557236,0.7083333333333334,True,5
0.55451596734791653,-0.7372659006577359,-0.38594174908079221,0.82756974221206658,0.5372710044761726,0.16269047152251437,0.087409174182449978,-0.40960817799026106,0.90806430212416123,-3.4521313383448757,6.0252235999906052,-2.5868944562214122,,0.4422358579407798,0.163265306122449,False,1
0.79855826921044626,0.55719300058327992,-0.2276854206501113,-0.53515176170471601,0.83038042935736989,0.1551803289228692,0.27553091046188655,-0.0020742809047678279,0.96128997432552721,-24.860781727585074,1.8587930016737479,-8.0423723858044305,,0.1069149254583408,0.5428571428571428,False,3
0.26597317697934042,-0.90313855204753979,-0.33704454443439202,0.96394200822075971,0.24605463320887253,0.10135542542840661,-0.0086066204077176744,-0.35184921952722537,0.93601712206734611,-4.9068219006339628,-12.377798500155782,-1.0144776539983953,,0.08235507700154793,0.3333333333333333,False,4
0.31619663791561142,0.93173338389157245,-0.17858495880903255,-0.93517536679506197,0.3377837572733276,0.10653246764266373,0.15958295495003599,0.1333230462608542,0.97814019742833447,-11.027172689769259,-9.4753861842975446,-2.9374490484613438,0.5231162524559446,0.4118968425681461,0.9464788732394366,True,5
-0.038870432134426591,-0.85799222379730744,-0.51218984118101618,0.99383504981500592,-0.086456999527780715,0.069405194271455875,-0.10383151383317173,-0.50633440643116978,0.85606336541117534,-5.7252505504678641,-7.1822594570295912,-1.8200195255943468,,0.2010927657869452,0.4615384615384616,False,2
0.95863584308506022,0.046406897457681229,-0.28082685096149179,-0.0052201315898600378,0.9893199785212784,0.14566650378464421,0.28458754466557423,-0.13817517854886052,0.94863984180204575,-0.96160883753087689,26.436364188151956,-3.3535532601420659,,0.4343168133453072,0.1538461538461539,False,1
0.94001165787393681,0.22059009561207316,-0.26022700240165053,-0.16058604403237159,0.95913543886147201,0.23296208357164933,0.30098206844117043,-0.17719824953386923,0.93702218481688393,10.3109612795649,-19.701637872442575,4.1957793275267106,,0.2746858878608717,0.4166666666666667,False,3
-0.70445949238219163,-0.58104014868166709,-0.40758946160641962,0.63011689897056666,-0.77630098806146741,0.017591747113515174,-0.32663361312691225,-0.24443633435881729,0.9129958166502643,19.227271989120421,-8.377759280514379,5.4885412242153331,,0.5499950173108777,0.3181818181818182,False,3
-0.50075860021198637,-0.77129841399122767,-0.39286076526977032,0.83451707527472385,-0.55070481634696711,0.017477308922563481,-0.22983053624062572,-0.31909710407158315,0.91943186957189837,6.0417060394483997,9.9146126565479449,-0.10940410669522779,,0.0949536703846594,0.2222222222222222,False,4
-0.092974137303049847,-0.88175331982654859,-0.46245744968333585,0.98930858032277957,-0.13422487476411718,0.057028202621898255,-0.11235810025307863,-0.45221097506519958,0.8848055669683037,-3.8803840860405492,10.782564148868373,-3.0473759737172399,,0.2305662262667105,0.2258064516129032,False,4
-0.37453782356877607,-0.78975447434493273,-0.48580787248512608,0.90641966603615964,-0.42219408978113504,-0.012471550696552369,-0.19525574956774555,-0.44501687699011938,0.87397664239652295,-15.587586234240492,-20.400871482293987,-3.0382502640578983,,0.2328889697903068,0.1111111111111111,False,1
0.91658958081733788,-0.19740727005306644,-0.34769801562173469,0.25634181775740833,0.9575131398625506,0.1321266795896528,0.30684265154297591,-0.21023547921498581,0.92825030593763913,10.517812118713712,1.6623700116756344,1.9435360587916093,0.8128238936361551,0.6545303502347126,0.3623188405797101,True,4
-0.94168472334984843,-0.10881394749431059,-0.31841703258498233,0.14459791399969033,-0.98530443136730206,-0.090920959051786168,-0.30384424476441618,-0.13166131686514401,0.9435804006892462,3.9874544310942901,1.5907279612560166,-0.033536783128740748,,0.6271488329297087,0.4396355353075171,False,4
0.25385412837790899,0.96180958814854756,-0.10237381330698297,-0.95176340068118526,0.2672480167819925,0.15074789102961592,0.1723499655621582,0.059167674211623777,0.98325717678494939,-2.0316496615510649,-4.1473923808446003,-1.1329847496249212,,0.1710854275176289,0.247191011235955,False,4
-0.68765482205044659,0.6797953400584632,-0.254968902702992,-0.71278631318109142,-0.69889446924036502,0.059010105972926309,-0.13808156087065443,0.2223169280554847,0.96514696603548256,-0.12363365344485633,-13.574222475672887,0.49772995371455342,,0.1050274554136258,0.15,False,3
0.644785413818867,0.76292884806766015,-0.046811781771120387,-0.72061383241577048,0.62716107082162131,0.29560902519533205,0.25488718025332235,-0.15687117017486615,0.95416139164738778,-22.139555363201506,12.99087949978879,-8.3142300725330092,,0.5696548509879837,0.4545454545454545,False,2
0.3824613472543687,0.91157631197847988,-0.15083747974587569,-0.91068124869451172,0.39949210164674598,0.10519374505203279,0.15615050794851482,0.097132322949574162,0.98294574148619274,-2.4789503252315495,-20.289439179006269,0.60445286007840693,,0.2276821423452781,0.3846153846153846,False,4
