axis_00,axis_01,axis_02,axis_10,axis_11,axis_12,axis_20,axis_21,axis_22,location_x,location_y,location_z,dbh,dbh_approximation,score,reconstructed,number_clusters
-0.27503849643331785,0.95778381458970729,0.083689844005631384,-0.95980110289022413,-0.27859928186024124,0.034121591956791285,0.05599703894321361,-0.070940853229608802,0.99590748916385097,14.63010453792638,-13.661993570132655,-2.2382453573260928,,0.1996847858439808,0.4313725490196079,False,5
-0.81399488495398342,-0.57934593808419554,-0.042078632274536329,0.57817346971772843,-0.81505922459265079,0.037334961108734924,-0.055926435460479845,0.0060617185493210442,0.99841649094198892,-3.3086857559010641,-23.834812576730169,-0.51735555377448772,,0.2946752211225001,0.4791666666666667,True,5
0.81477944829382576,-0.5786941720921841,-0.035320048478879047,0.57763172113956152,0.80503656825583358,0.13512112530695805,-0.049759877123607882,-0.13049589632403188,0.99019936157888477,-12.682429480134525,-12.259530897246931,-1.1342640221603413,,0.1341282957943676,0.3137254901960784,True,5
-0.91045876212224541,0.41221717158407567,0.033791210781083519,-0.41080322274558195,-0.91076424336163786,0.041823500519988815,0.048016191609402105,0.024197034221703759,0.99855342815404791,21.684819068804725,-1.4680574907806281,-3.5854893189221673,0.5391009983335465,0.4661629302175537,0.7037037037037037,True,5
-0.93229834460674177,0.36029977663720841,0.031683869692743102,-0.36068931664648846,-0.93265677509000844,-0.0073862531634624473,0.02688891036502445,-0.018314224905334242,0.99947064772583438,6.1205135301846942,-20.111763951563599,-1.243614529222302,0.2472226641329966,0.2922153124916221,0.8269230769230769,True,5
-0.47779164954320635,0.86958512127769039,0.12464692727559017,-0.87450086318394049,-0.48429717236943137,0.026542214028166602,0.083446868828768186,-0.096322197272682888,0.99184608402475272,16.373901789813203,-14.709508667668674,-2.2923090892878517,0.325952812339066,0.3007231958642267,0.3333333333333333,True,4
-0.91189089813546143,0.40952494925183697,0.027281969100177134,-0.40986959962720582,-0.91210651789243724,-0.0082831950096716178,0.021491886821232778,-0.018735419888932011,0.9995934587833446,6.6469603636412877,-8.111171964764182,-2.2127891168605278,0.8206931708046045,0.7495046960082467,0.2727272727272727,True,4
-0.071298621800502088,-0.96845081448081383,-0.23878761789673239,0.99326723167895381,-0.090848792536960196,0.071879784135754743,-0.091305602249671991,-0.23205498664330249,0.96840785321671163,-28.830233848671906,3.0102396653615178,-1.9993194988404008,,0.1868111277935421,0.1333333333333333,False,1
0.034652575873937518,0.98535876961254665,0.16693499972429335,-0.99636886043436113,0.021063863213425713,0.082494894528449048,0.07777077177214356,-0.16918749603376398,0.9825107115160584,-19.709134915698431,-9.4052068447785917,-1.1667163476735123,,0.6633895170682502,0.55,False,2
0.89150190891023418,-0.45246562862508233,-0.02234281366162276,0.45137066599330561,0.88298033249626928,0.12888077554677466,-0.038585856089617676,-0.12498234810439202,0.99140836408220012,8.7539199640294996,-8.5494233178948207,-2.2673690764164127,,0.07251144772283556,0.3055555555555556,False,5
-0.62014105567052213,0.78246786079931308,0.056294918847066146,-0.78132513240911239,-0.62248633478482329,0.045186286327168472,0.070399634500004013,-0.015962763617383472,0.99739113773883226,-30.772674104424382,-4.5581472218470154,-1.2625117082344752,,0.4332158154610161,0.625,False,2
0.56354952601855468,0.82578719321544025,0.022078116894975769,-0.82253038506303355,0.55845026142352305,0.10759679904187551,0.076522528528017802,-0.078796047092253657,0.99394943814578174,-3.3315496566628715,-8.0810096215271496,-1.7830140845085025,,0.08100534055246257,0.4027777777777778,False,4
0.40585446078436105,-0.90676958685505271,-0.11424129295552742,0.91010619839969764,0.3895492940195816,0.14127298100944208,-0.083599427605003676,-0.1613079783630077,0.98335694019036313,-11.849069902648178,-16.496843568437253,-0.76688988064506591,,0.2205132769484751,0.3902439024390244,True,5
-0.3858513261683163,0.92161106506324253,0.041854496140176584,-0.91961926659001203,-0.38784504194892061,0.062262572642717812,0.073614934698070345,-0.014466104819079867,0.99718181551849594,4.4429320464889823,-16.548577945510207,-1.443739426332924,0.2298432864566857,0.1606779602202993,0.5192307692307693,True,5
-0.50415787116292721,0.85624751440042668,0.11253903779380779,-0.86021256719537909,-0.50944169198790967,0.022438843634006139,0.076545281916006375,-0.085494774972430854,0.99339391143131772,16.326529220387314,-11.139294407499696,-2.5329695327031505,,0.4575017636670237,0.3333333333333333,False,4
-0.6191906575982159,0.77399905346737663,0.1323948442149229,-0.78281745580320905,-0.62167837913275481,-0.026698760433059021,0.061642196853126954,-0.12017261813939124,0.99083741421922711,14.754554730172273,0.83608656350003008,-3.2727509581289587,,0.1100755596452132,0.15625,False,5
-0.98095219192594674,-0.18402056954890558,-0.062203111968580582,0.19310971412010902,-0.95848138724783105,-0.20981436702933975,-0.02101036573049506,-0.21782988840461984,0.97576057731879129,2.7649753112202635,-9.8978535942164392,-1.8560665574419537,0.5916555458348967,0.4143595960083971,0.1875,True,4
-0.99212721374941892,-0.11432990385412788,-0.051110320117583444,0.11896268631063492,-0.98791571420941726,-0.099349991866412177,-0.039134013384439059,-0.1046480515958351,0.99373905744597935,6.5425866494686815,-16.159808928035524,-1.5694317574263843,,0.5619172122060425,0.5416666666666666,False,3
-0.94738359679298867,0.31745561996472882,0.041063973022438013,-0.31888345271767743,-0.9471594625557731,-0.034674141285840121,0.027886629599696202,-0.045944334186788109,0.99855468255158686,10.431205362431077,-16.471384933538662,-1.7761669454710445,0.4987351720188796,0.2754987484255328,0.1923076923076923,True,5
0.89059627856277701,-0.44711778559894999,-0.08321030231421056,0.45291358586330654,0.85531744366665441,0.25159760392336766,-0.041322540466097804,-0.2617589661513619,0.96424825189823238,-13.657203981430657,7.4679553691162788,-2.6346897245631928,,0.414001368478531,0.6440677966101694,False,2
0.37317091017798326,0.91879929272455396,0.12865197816510621,-0.91714287463900046,0.3444141383550941,0.20056881312913316,0.13997292343823733,-0.19283869163105583,0.97119556203381407,-4.5296376788706283,-16.939694583928461,-1.018860040348935,,0.2060797340317737,0.1428571428571428,False,4
-0.78198713553822019,0.62275660047021186,0.025890855982641764,-0.62161341325449582,-0.78225366001558794,0.040938684081352317,0.045748052579584933,0.01591942093803031,0.99882615490493321,-4.6794652909818133,8.1842511706634689,-3.0477218825072128,0.7728673970159371,0.5792427712186765,0.9661016949152542,True,5
-0.27174295710755503,0.960747465945471,0.055857604153755014,-0.95869426851946415,-0.27531667942725785,0.071456459029807087,0.084030142034697566,-0.034132575474239327,0.99587845770511774,-9.4819073002774861,-18.76039010155047,-0.63315684212109402,,0.8034854102308865,0.9788135593220338,True,5
-0.69324440934165221,-0.70816643300932791,-0.13383755853790708,0.71750398620909006,-0.69563921883078084,-0.035694635431198177,-0.067824912020648651,-0.12077408821160752,0.99036023795689876,0.12049395759273833,-25.482861651030625,-0.50402974126044409,,0.2588178801595625,0.25,False,1
-0.46630876433257218,0.87229191313533894,0.14718340458529389,-0.87777358014774332,-0.47691242399324851,0.045476167774959338,0.10986208764283452,-0.10798776837944524,0.98806323865387491,7.1453231327491649,0.41806158796092707,-2.8565223216608873,,0.2219115413196757,0.4390243902439024,False,5
0.62894939966576779,0.77569977683743974,0.052081751837061943,-0.77381032622545742,0.61813037316810404,0.13831999419430591,0.075101475930387337,-0.12729767468971137,0.98901722448684926,-14.426494764277452,-2.9341039744327673,-1.7876882964752616,,0.0710203628523724,0.2037037037037037,False,4
0.84549330547410595,0.53096492189280142,0.056721443192512364,-0.53152469052624185,0.82664756456848887,0.18475742841349918,0.051211070672788211,-0.18636001639932678,0.9811459476184925,-16.906365632727965,-9.1930628160221985,-1.219975499736601,,0.1354831889628581,0.1875,False,1
0.89438891537880194,0.44431650078834573,0.051490923226619481,-0.44452885744712411,0.8701866263834569,0.21253077461895375,0.049624217316588531,-0.21297437026688951,0.97579677938858655,-8.5685946151971883,-6.1345535115190302,-1.7611223918753045,0.386123544985858,0.2383946240057401,0.3168316831683168,True,5
-0.93321798532776357,0.35839520471193681,0.025633359129825659,-0.3583062812919644,-0.93356861236249933,0.0081397050488033473,0.02684773077028163,-0.0015884744400227625,0.99963827262737392,-10.171751855794779,-9.3789738585084148,-1.4231317043010578,,0.08917662917752447,0.3943661971830986,False,5
0.66694769357643702,0.72951270648554112,0.15163108226617769,-0.74162269622376642,0.63028942615320371,0.2296323490391928,0.071948248615675614,-0.26560581762379937,0.96139325937179909,-11.569550147236068,5.7579461743442044,-2.6032584017410243,,0.4122897251100048,0.2325581395348837,False,3
0.57045523151943711,0.79408147994772549,0.20979855108206702,-0.81774320151359869,0.52528096615114028,0.23532097861774642,0.076660845354029575,-0.30580142217353096,0.94900400683361241,-9.2592190772064917,5.7651063861081857,-2.671036328380727,,0.674522794830063,0.38,False,1
0.081070344581134074,-0.98459746652952895,-0.15490457750863895,0.99203207373676805,0.064672267397146321,0.10811966753204771,-0.096436320476388421,-0.16243560796003378,0.98199526951998628,3.5705835781985971,-12.812259481391196,-1.6491754254270019,0.537981075348289,0.2731759978196087,0.28,True,5
0.72113612941479399,0.68837851764071023,0.078087766669485983,-0.68994692408388691,0.70338958381052052,0.17092786587928555,0.062736949239129952,-0.1771386740315111,0.9821842827914351,-1.6254736287903555,-12.458773290055642,-1.4784926465201116,,0.1157879133454527,0.32,False,3
-0.99918127799332923,-0.039462515263223204,-0.0089153573523245051,0.03913480867555251,-0.99864345954140188,0.034346869800769037,-0.010258677183129988,0.033969848458345449,0.99937020614893846,6.1067352419430057,-10.689499204075522,-1.9327850039282781,,0.07361315924810287,0.2631578947368421,False,3
0.068002870787353217,0.99456333773579364,0.078863025534886042,-0.99495081470586644,0.061756069655272874,0.079114247622448147,0.073813859679680127,-0.083844827464612415,0.99374119318191589,14.95639382664813,-6.3195262808967509,-2.7329342271703219,0.2053944449404655,0.1422831291226103,0.391304347826087,True,5
0.80177147266846216,-0.57853105310845465,-0.1498810401760905,0.59534077596526624,0.75124001552974728,0.28496982215655559,-0.052267256366860235,-0.31771096873744659,0.94674593965635423,-3.8171056754113524,13.281253193057244,-3.4462527558440268,,0.2223215987202887,0.1666666666666667,False,1
0.65015560775694003,-0.75927049975101979,-0.028390031878106705,0.75624717875463432,0.6430529327024852,0.12071922120519561,-0.073402250155289256,-0.099956160143180803,0.99228064362939716,17.408042960715907,-6.91943196442082,-2.8761960619796203,0.2589569800495528,0.2309350135618172,0.8,True,5
-0.21393369687254196,0.97646491619181996,0.027361300936731101,-0.9726972008227015,-0.21552047036312408,0.086087643516014403,0.089958484058647495,-0.0081972129995994229,0.99591178165784877,1.3619542969839109,4.2873660280283978,-2.9544282387802414,0.5491860387203353,0.4644716913507753,0.9472843450479234,True,5
0.38050474690360436,0.9075998149252329,0.17742241552720084,-0.92014946997133684,0.3523938944066925,0.17071466280420247,0.092418020403445003,-0.22821288117143537,0.96921503825113053,19.827138707072677,-7.1904834852383006,-3.0521414107532481,,0.2851884897990711,0.2222222222222222,False,6
0.99265713719762827,-0.12028607296142926,-0.012769832501894233,0.12080296621851078,0.98040046073888709,0.15563283694576452,-0.0062009131116369364,-0.15603268002087023,0.98773242907281655,10.662261291499613,-10.794587151088777,-2.1674156575087089,,0.08305033737724422,0.4782608695652174,False,5
0.55562133549021187,0.82791548070050947,0.076425704867655153,-0.82776793115774761,0.54220431955249249,0.1442731021550514,0.078007587418766497,-0.1434239613002769,0.98658217277125015,-10.781907869121731,-1.8461719478004697,-1.9909977618848829,,0.06776000347337421,0.1761658031088083,False,5
0.97714768253287498,0.21244842183946899,0.0069335833845260621,-0.21152852007093312,0.96866947283074645,0.1301350744511422,0.020930640631190083,-0.12862783704829397,0.99147203078001422,10.427908052857042,-6.471777100539426,-2.5066715147552392,0.3545674032157702,0.2836638899601328,0.7821782178217822,True,5
0.77896311863327017,-0.62367819842552596,-0.065130366326477632,0.61789309890573141,0.74570821133042653,0.24925364968049951,-0.106885818207108,-0.23440300416817919,0.96624564863347806,-18.108605154677075,-7.1858673610094845,-1.32958756331641,,0.3217705802859046,0.2972972972972973,False,2
-0.53983688007289021,0.83548638446636425,0.10265789927955719,-0.8356883804452937,-0.54656931382998708,0.053730028551462729,0.10100036486019159,-0.056784562609400215,0.99326453664034975,10.27926653909242,-14.29064062573809,-1.8707035916542492,,0.2732309259287252,0.4857142857142857,False,5
-0.0688366763103785,0.99685167853485923,0.039347719079668171,-0.99108819402682746,-0.072840898609718943,0.1115275533236952,0.11404255194961746,-0.031319873753911584,0.99298205515147986,-8.8573341776361136,-17.7840115000851,-0.75626226331188418,,0.06631542142581721,0.5294117647058824,False,2
0.28110047091591106,-0.93361405592256541,-0.22214256646277947,0.95608873464033428,0.25244097991193171,0.14888882817373844,-0.08292681559482637,-0.25424072499291112,0.96357915970115382,-17.886543266049298,5.8843320807450521,-2.4049326060572134,,0.3946345101851315,0.1842105263157895,False,3
0.025182272044660621,0.9917193706727897,0.12593070716482335,-0.99562494030558968,0.013541526027044594,0.092453260160733255,0.089982395034573601,-0.12770793595240137,0.98772154561830716,-13.373048012956984,-3.8190491559251645,-1.7413199761315747,,0.5056258845003105,0.6933962264150944,True,5
0.69353583383883244,0.71639422887879689,0.07607467391076371,-0.71600701632599328,0.6737587659464549,0.18271036610509975,0.079636673420130519,-0.18118618639251746,0.98021914187956538,-11.285747204942632,-10.478264091057129,-1.3516867582223142,,0.2287928332213245,0.2105263157894737,False,4
-0.36108246247741427,0.92548641707045021,0.11443053399048586,-0.92907910634776547,-0.36757884024241672,0.041204494343188819,0.080196442809420648,-0.091436797976202952,0.99257636609813293,16.10566343571017,-10.122385943979278,-2.521214440878194,,0.3864499960379094,0.40625,False,4
0.076107625309165594,0.98877692339903711,0.1285605893084337,-0.99038643026123308,0.060027796718813392,0.12462496690268171,0.11550908243168306,-0.13680957340265673,0.98383982055066843,-18.678279468315694,-6.0607791271732481,-1.3865586115047634,,0.2371102023946897,0.7894736842105263,True,5
0.98364630039437806,0.17641370317047442,0.036306487769164036,-0.1800810730333994,0.95962283030179962,0.21608986718192791,0.003280679135817012,-0.21909410968176105,0.97569821576508187,-13.602020663931871,-23.172999707710339,-0.13503004272605512,,0.2607505032678638,0.4090909090909091,False,2
0.87204143265544365,0.48826367134003412,0.033798328091678764,-0.48753846272827045,0.86052513825309951,0.14765748811028503,0.04301147629175972,-0.14524143239459983,0.98846089412943827,9.3822608621422869,-12.15443670130243,-1.9679903788005884,0.3642682084869672,0.2493053735769746,0.6299212598425197,True,5
0.53971211679010145,0.83712748963013139,0.089041547018805622,-0.83917653539508363,0.52655851664205477,0.13608405855949351,0.067034121402852531,-0.14816779223999207,0.98668775806253672,-9.1696919999792588,-14.58232237332636,-1.01811443423515,,0.1084109956435603,0.3428571428571429,False,7
0.84675205448829205,-0.53190715581120185,-0.0092593637304731642,0.52993122437841311,0.84182203408619782,0.1025112694086444,-0.046731741339817057,-0.091708453938627185,0.99468874721067124,-5.4071364113801179,-11.043068243871465,-1.4391052353037219,,0.4490875756330696,0.9720670391061452,True,5
0.75043530099561029,0.65662154136465412,0.075465292920211882,-0.65716829548097544,0.7290821161137222,0.19123048757393835,0.070545662051303706,-0.1930995064184339,0.97863981637101838,-8.0846433205693025,-9.0942884214860698,-1.5019027264729941,,0.2379756234800995,0.3069306930693069,False,5
-0.99756719048226705,0.069631295500197768,-0.0033441232454325572,-0.069679589672774322,-0.99450939917972203,0.078075666671650154,0.0021107478177905363,0.078118740582224955,0.99694182734676018,2.879742650553474,-16.434118031908049,-1.3692371083951904,0.112260795974759,0.09053391518074205,0.4615384615384616,True,5
-0.11146993509235133,-0.98860490027780457,-0.10116721167067524,0.99299300125599244,-0.11482355418015903,0.027936550647011046,-0.039234589677017595,-0.097344247658237487,0.9944771211147736,10.918992495465869,-9.7104688832990824,-2.2522646897690395,,0.3637129859338979,0.3846153846153846,False,4
-0.67361115653438619,0.73896252657261441,0.013505336494316067,-0.73615595484101592,-0.67245419197310208,0.076679657340879795,0.065745113464949018,0.041710238781627995,0.99696431031219002,-19.542319611908901,-6.7682694861249031,-1.3307441328000735,,0.2921234005653509,0.8611111111111112,False,2
0.85341606394188352,0.52118017121681659,0.0072284809157897242,-0.51854699243819979,0.84753563629861528,0.11310332372303114,0.052820814450724229,-0.1002725003892337,0.99355693708335169,0.93818849819522221,-8.7338540211149311,-1.899848653495364,,0.07372563496545333,0.3380281690140845,False,5
-0.98498270061363713,-0.17106817703104804,-0.023340057822119478,0.17164706150008632,-0.98482649505171949,-0.025574614807092499,-0.018610904605941843,-0.029196805500252339,0.99940041063546159,-31.233057398390027,-8.3550179841013552,-0.96175378118324684,,0.5408324878965813,0.7551020408163265,False,1
-0.97907222051127185,-0.2022237651333981,-0.022872162958473753,0.20326753068300368,-0.97721489507457904,-0.061101225964894174,-0.0099948983567061597,-0.064471681067358136,0.99786948262144348,7.6389910931475873,-15.049033191983359,-1.708764950029134,0.4917079582988512,0.3647849659650687,0.4,True,6
0.97036439448560763,-0.24150296621392933,-0.0083222127138530416,0.24094959588766654,0.96437927788686895,0.10915997720764026,-0.018336688800083524,-0.10793018897544861,0.99398935615607775,5.8915067680540982,-5.600440504517473,-2.3567684786094811,0.2764944887315146,0.2216634217472279,0.6825396825396826,True,5
-0.12580756790620234,0.99112112312071488,0.043027609292858163,-0.98785987631654615,-0.12914203876651403,0.086343491862943128,0.091133531816693231,-0.031642584078433719,0.99533583591240948,-2.8392417488256614,-10.039047842047257,-1.6053588075153988,,0.07907995372196733,0.2909090909090909,False,5
-0.15498696169347945,0.9615750069398169,0.22661100532346951,-0.98528801165582092,-0.16717478159809163,0.035498260308759091,0.072017885225421532,-0.21777533934382934,0.97333823811732434,3.3045878732362262,5.4345648696490958,-3.1128194704387724,,0.3781679354854184,0.1666666666666667,False,2
-0.91037332152835104,0.41334107580617557,0.019224216520623102,-0.41257784205592229,-0.910281374800059,0.034166400697093896,0.031621823064408444,0.023172693919987442,0.99923124779130845,12.705163729026479,-21.216194458555488,-1.5881791177417788,0.309164499698262,0.1942416908135015,0.2,True,5
0.11904829228774567,0.9887235370184102,0.090847517572997485,-0.98802259285681682,0.10892051326561647,0.10930543350834697,0.098177696590745447,-0.10277202506401867,0.98984799376286881,-3.5625395246835021,-21.238864748700991,-0.68372023543500426,0.2603789961318521,0.1602964859107172,0.5217391304347826,True,5
0.9926880215328735,0.12055403017051806,0.0061006323274618839,-0.1201678681664427,0.98220358630865812,0.14434610664213685,0.011409441944349369,-0.14402375099981438,0.98950845563969914,7.9520168950673229,-6.0196612078703584,-2.4272262833668798,,0.07849589522113137,0.2564102564102564,False,5
0.87917934726295954,0.46257405709888738,0.11431936426236061,-0.47425986514915652,0.82631423235266943,0.30378013384703395,0.046057091256167831,-0.32129430606609438,0.94585871737513039,-25.80924840851856,-6.5832827451070157,-1.199380845353702,,0.07877985157171391,0.5,False,1
-0.52514031505720504,0.84903334438509115,0.05805195624513021,-0.8467439518687343,-0.52811348141503145,0.064193696897859392,0.085160609881201166,-0.015444444631083805,0.99624752930920724,7.8024808597082354,-12.495962183695589,-1.8621767665763149,0.7465970039230816,0.3694365271322017,0.3555555555555556,True,5
-0.38706964299857416,0.92113139389523613,0.041158797960759531,-0.91812427841903688,-0.38915226418523763,0.074888748534245292,0.08499941674199156,-0.008801730518556948,0.99634212431945246,-5.8372601389759984,-18.658979592766709,-0.79285756590547229,,0.217581046634556,0.8103448275862069,True,5
0.97231706938233065,0.23307084267175909,-0.016658297753153275,-0.22146434480206759,0.94193750232442208,0.25240302235952189,0.074518860492814309,-0.24172654800643339,0.96747879326616082,-2.9738758476660618,-14.592289516323527,-1.260336630135803,,0.1936194316019544,0.25,False,4
0.42371683359981271,0.88482606468444192,0.19377017360572452,-0.90364640344766589,0.39820162797306125,0.15766623295970056,0.062347593860930098,-0.24190555746953749,0.96829462396788357,-17.960713402617476,-14.557030920801612,-0.73391737268717527,,0.4537157053696366,0.2631578947368421,False,3
-0.83755677810242102,0.53797342456322883,0.09530602246660258,-0.54498342247343678,-0.83498335267822954,-0.076130611316106475,0.038622696485772566,-0.1157039118350652,0.9925325647565586,6.7621772106989608,-6.6487067683130707,-2.3353235873969003,,0.1911135041187375,0.1830985915492958,False,2
0.26529439531341836,0.95907941554203335,0.098921981878844878,-0.96100896222983279,0.25473211164307202,0.10757939306298461,0.077978576091298102,-0.12360512117793618,0.98926291535130362,-16.243993956905854,-10.79820826127207,-1.1141982873867651,,0.2272327854909374,0.6095238095238096,False,4
-0.625465770412586,0.75907624742795488,0.18054312679491036,-0.77764233160024421,-0.62536406119631061,-0.064747162620396745,0.063757149760047274,-0.18089511202558817,0.98143363723673327,-21.023597570465569,-5.7796029634077941,-1.3603308146101649,,0.4352581988757918,0.4358974358974359,False,5
0.80715183538100432,-0.57211254756795316,-0.14557866449580145,0.58810664279934366,0.75781177590895121,0.28258076542646288,-0.051346775325819251,-0.3137013630971765,0.94813235545181751,7.9327675499726453,-7.7907889516726652,-2.2879355920372606,,0.09700289436468798,0.3571428571428572,False,4
-0.95579003460895029,0.29240571805764909,0.031053273408958089,-0.29404985149559959,-0.95033439718526413,-0.10197655790394416,-0.00030753477321884479,-0.10659938824266885,0.99430200434709548,-26.858601732734147,2.9767578215414403,-1.9898498981944801,,0.2492158689590539,0.15,False,3
0.30754820109365816,0.95025818279210583,0.049228955307840078,-0.94807452315914531,0.30161342421973897,0.10091600897283531,0.081048149520000126,-0.07770925535025025,0.99367623957317963,-17.275955415199842,-4.267740171827529,-1.578361313042451,,0.1368023181304845,0.3214285714285715,False,5
-0.69106683935501501,0.72035333336775709,0.059310190101111604,-0.7227351715400836,-0.68970180513657309,-0.0443316118619414,0.0089719207974149427,-0.073501667309746957,0.99725473653419727,-14.498511949906025,-10.919414444859781,-1.1557952057841281,,0.2085182007821204,0.2580645161290323,False,4
-0.38168142690523993,-0.91678470553014002,-0.11758015164811711,0.92039664236695495,-0.38865388301640474,0.042640121199480074,-0.084789793461333265,-0.091945434483094488,0.99214753338528228,-10.126203772100553,-16.509859317465242,-0.83099139195864336,,0.4096439770424947,0.8299319727891157,True,5
-0.22304683283072993,0.9391688171951994,0.26117435397134775,-0.97079236430211358,-0.23830012756833432,0.027843035280458166,0.088387192380421573,-0.24733576775122124,0.96489000524102275,-4.7828182914992787,-22.848718633437048,-0.53425197970083949,,0.5665819318207652,0.3181818181818182,False,1
0.78144968139847604,0.62245494987075767,0.043430758957374013,-0.62172005619297788,0.7708423198483626,0.13880306069462689,0.052920385199104455,-0.13546938145643173,0.98936721166520936,-12.388012984023742,-8.6218575696668296,-1.3965673945751267,,0.1030434103645054,0.282051282051282,False,5
0.73357693626400278,0.66045464179892122,0.16020157523500472,-0.67651479662143277,0.68720195807587448,0.26472853788162898,0.064750355472228655,-0.30257748584939681,0.95092284467420252,-1.680039583770466,7.9307525545511623,-3.0621056013074881,,0.6290903483899463,0.5471698113207547,False,3
0.25403182642768762,-0.96655127352266923,-0.035305336898546279,0.96310320219979373,0.2494338262888614,0.10106922486792033,-0.088882242739015682,-0.059677482810560914,0.99425275708497718,-13.032819832964989,-1.5902259837526329,-1.9468074269204751,,0.4180072073414588,0.9362972793629728,True,5
0.38338538957305041,0.92288549685767718,0.036027805257592749,-0.9189706946677485,0.37728229545036879,0.11467751253657787,0.09224156006809868,-0.077074180044028634,0.99274924596634395,11.613821803457066,1.8655190560692931,-3.1865987408763727,,0.0861896815305393,0.2352941176470588,False,5
0.90896153629126331,-0.40413248709619132,-0.1023027781464084,0.41537006657030268,0.85710797885198975,0.30468610139886609,-0.035449024533954474,-0.31944145858310946,0.94694272329317108,-9.1355919976399296,-9.8997813628554514,-1.4253729026696458,,0.187673770288502,0.4545454545454545,False,1
0.068054490923293076,0.99764991322149732,0.0079521641274884619,-0.99330520537843037,0.06700806132406717,0.094099355394739015,0.093345354642246414,-0.014302809749456922,0.99553105144941856,9.7454046962690306,2.7238707554388868,-3.1767064367167022,0.3102882014093569,0.2951997557305923,0.8315789473684211,True,5
0.15028581474771086,0.98625935641684992,0.068605070992139777,-0.98443850313847214,0.14289327692326564,0.10228560479664128,0.091076931349823601,-0.082909548849036355,0.99238651708170045,-1.764826769815981,-13.541574140293745,-1.3684180098502248,,0.1015692975582357,0.4074074074074074,False,5
0.871216979953781,0.48952565293590206,0.036682542958369847,-0.48928802324013465,0.85988440157875567,0.14558861986882085,0.039726617701176511,-0.14478760664927517,0.98866493050315107,13.33281949013792,-11.988072948631819,-2.2475558783989715,,0.1158278016351665,0.625,False,4
-0.93361726760405528,0.35783847879001346,0.017618760705182177,-0.35682179675433867,-0.93313344525725739,0.044047459669385516,0.032202530840647225,0.034836711090023689,0.99887406642073107,-14.364518645292019,-7.0657738549444868,-1.4380300112181541,,0.1202168963016288,0.423728813559322,True,3
-0.87631934060783467,-0.47047344876030389,-0.10353331487127203,0.48113362377426383,-0.86547730950751811,-0.13949717847136489,-0.02397601615142857,-0.17205743442005703,0.98479510047029228,-15.499113776662947,-15.831207466345983,-0.71277122648558855,,0.3202530092888799,0.4655172413793103,False,5
-0.081219251953836683,0.9963517353608855,0.026204056086996774,-0.99260951135963316,-0.083236656708737491,0.088306381073746845,0.090165354047157212,-0.018838217094594139,0.99574862817191345,-6.9208085599466962,3.2473758320578963,-2.478428315020853,0.4097047647613182,0.3277078556577439,0.8951563458001226,True,5
0.51929541573180482,-0.84706148759488642,-0.11322149722323743,0.84997042132992784,0.49816864144875272,0.17140095548546674,-0.088783748874210408,-0.18524265413409419,0.97867390126905873,-7.7444714304300328,-20.901787485797332,-0.52227539201651563,,0.1602413653034844,0.5555555555555556,False,3
-0.99588919938010934,0.090433868629167344,0.0051398407374327465,-0.090419132788192053,-0.99589918854296278,0.0030309545194322496,0.0053928641624806564,0.002553754927566809,0.99998219751748296,-7.3164470353891842,9.5842206964770433,-3.006220045527189,,0.7161328616447932,0.6212121212121212,False,1
0.99763628001326021,-0.066121829441513763,-0.018701777258091419,0.0686320889488964,0.94538347181040561,0.31865298930688729,-0.0033895674966991744,-0.31918332490750784,0.94768692928264775,-4.3291131194632513,-8.8999648396995887,-1.6624463051616603,,0.1159952164596637,0.36,False,1
-0.80151945466691088,-0.5947989266372059,-0.061488215632651083,0.5956561551464099,-0.80322207336436613,0.0052958187702505516,-0.052538639368143375,-0.032381132337812292,0.99809375994536076,-11.067070746795999,-20.428817916411621,-0.45754629444700923,,0.2272893090824697,0.4,True,5
-0.01469920355139509,0.99953996852536964,0.026528941465039292,-0.99542450687829376,-0.017133619120552026,0.094002607420939771,0.094413900041562318,-0.025025795014997625,0.99521843082953743,-4.7216299578581733,-12.474511950647036,-1.3613416819488469,,0.07173867900610967,0.3684210526315789,False,5
-0.39132967214302311,-0.91252743077264586,-0.11897384497404327,0.91630001802102323,-0.39834618148811335,0.041407688519302738,-0.085178428461122224,-0.092811679121287113,0.9920335818628222,-4.7474422362646802,-29.029118592980041,-0.027818046885618661,,0.5127358158058433,0.2105263157894737,False,1
-0.84886183702167928,0.52840620777897096,0.014847936854186668,-0.52665109060920212,-0.84779365029938658,0.06232620052737585,0.045521537850968109,0.045086650936695845,0.9979453810199207,-7.4847471492730433,-4.3044858822965235,-1.9746692150834708,,0.0872981430444018,0.3112244897959184,False,5
-0.44907126865652336,0.88908368080863676,0.088685986418295892,-0.89000629133847919,-0.45387233117591208,0.043459272553383423,0.078891045405335133,-0.059414775205404738,0.99511109301531964,4.7330263478356294,-12.288367410428215,-1.7447076947918045,,0.5238010410755962,0.907563025210084,True,5
-0.91374583608300119,0.40620604276638861,0.0080745192455568479,-0.40523918981578344,-0.91263681382476036,0.053621311894024803,0.029150404429845837,0.045724138831251683,0.9985286961573594,-7.988084097142548,-16.234525316091862,-0.93947128876690877,,0.1817907555278994,0.4057971014492754,True,5
0.79186947932122453,0.59997712380081114,0.11388669209015469,-0.61052299969614909,0.77339880168668429,0.1706339954159668,0.014296662601726535,-0.20465029798489487,0.97873073977123326,2.4688750100536998,-22.268062152747206,-0.91101137988645842,,0.1798984212924168,0.2666666666666667,False,4
0.8855189685166831,-0.44599667074648153,-0.13016576385595174,0.46365088574937824,0.8303838073636427,0.30901551516400794,-0.029732348393054404,-0.33399057194974024,0.94210736400248918,-12.612893603174527,3.1844509657380802,-2.323707444636729,,0.4159257407593357,0.3008130081300813,False,3
0.53783158409576748,0.82668099973733455,0.16533514999031262,-0.84241018941375601,0.51933287220118218,0.14366085278582924,0.032897719083825064,-0.21654535904644234,0.9757181189024472,32.588658709209959,-7.8744798282313884,-3.883546280068003,0.4107620413198734,0.2512063517889476,0.3333333333333333,True,5
-0.54287056394472033,0.82747078621932568,0.14347002737823009,-0.83721814978496412,-0.54666305022993289,-0.015009303246485681,0.066010002825181519,-0.12826381978903717,0.9895408390057191,-16.905373481122329,-10.084284607168057,-1.1512236478170765,,0.3623621735533994,0.2285714285714286,False,2
0.88614586078593338,0.45562136531119862,0.084585370389424597,-0.46286275801750942,0.8613977274227288,0.20916984111334755,0.022440602763329816,-0.22450640673022601,0.9742141924057055,-26.998882754775256,-18.118041750263885,-0.20058706592834277,,0.3650622457687814,0.1666666666666667,False,2
0.59842439385369861,0.79950788104967219,0.051724201108346274,-0.79767038296217119,0.5885248945717525,0.13175890335871437,0.074901301629656636,-0.12010660518377363,0.98993141096007886,-18.830488900360592,-8.7345024674915646,-1.1995759239869919,,0.06723174482714069,0.24,False,1
-0.92809338891460003,0.36221273499252815,0.086282072658493469,-0.37108474900954258,-0.91883814087627391,-0.13428544196433956,0.030639362028897898,-0.15664739219107882,0.98717922588261386,2.5507942774556187,-17.462041203799377,-1.2748489754976164,,0.09272148547193573,0.25,False,4
0.69065024602703518,0.70190601521048579,0.17415563003857437,-0.71998068197279186,0.64469289269576391,0.25690249452576663,0.068044509321392693,-0.30281846033375392,0.95061607646426083,-32.746565855629925,-6.2528711868902604,-1.1071935126997543,,0.4595291169499855,0.4736842105263158,False,1
0.84737704058105412,-0.52592507926873233,-0.073177606494560593,0.5289911391989699,0.82417796539499477,0.20223515027399086,-0.04604916660561012,-0.21007972856405063,0.97659919204419998,13.161238803125425,-6.295114516399325,-2.65263324514398,,0.1068149339529534,0.3333333333333333,False,1
0.31731645810814896,0.93385181674722129,0.16501833162292356,-0.94427170588793019,0.29508058201807497,0.14587116087620861,0.087528343256329605,-0.20210946161372076,0.97544377318890807,-6.0957778192526577,3.8691319039116943,-2.58211647632434,,0.3803585588155138,0.2988505747126437,False,1
-0.57853273124578231,-0.79918985878539361,-0.16308111016263363,0.81315384806143876,-0.58076885806997647,-0.038579176753390093,-0.063880343300338233,-0.15492934877122957,0.98585810268473861,10.91401416421547,6.5643301951894415,-3.5528793941084804,0.7636277377596371,0.2837874716382296,0.2608695652173913,True,3
0.018682481888354967,0.96808736553522667,0.24991562088343913,-0.99468921883179706,-0.0073073482597985403,0.10266431026018365,0.10121424213163148,-0.25050639782742795,0.96280954598365154,-2.0259107209415412,3.0936145245456754,-2.6978491442775865,,0.4980055377195901,0.4067164179104478,False,2
0.51483071875144648,0.85594286442118594,0.048074357783787297,-0.85289680082420016,0.5057143780968737,0.12969200025420491,0.086697048241062752,-0.10777189166265531,0.9903882275116862,-12.992064165071868,-21.739403507101638,-0.30249499127725149,,0.1467633389262892,0.2352941176470588,False,3
-0.72340989579311965,-0.68694273683049112,-0.069193923031019608,0.68721486372773954,-0.72607147274522488,0.023578539760662418,-0.066436840233808123,-0.030494143395335148,0.9973245477167062,13.840716861778827,-14.870196340576749,-2.0516991855455085,,0.1772342409808525,0.375,False,3
0.98797637008856964,0.15244445524155953,0.025756168440155019,-0.15367068801051872,0.94999634633129804,0.27183131093301038,0.016970910199140987,-0.2725208799767263,0.96200018616615879,-13.238514217090565,8.7416681461372132,-2.8412289540370974,,0.2465876850352177,0.1428571428571428,False,1
0.96298665877827905,-0.26788840294453964,-0.029874714774718366,0.26859751647171176,0.94437081894549113,0.18978706612794066,-0.022628945186979995,-0.19078668688366798,0.98137065930650202,-6.361495526087281,7.3444493491035665,-2.8651659024768437,,0.1561660831326471,0.2972972972972973,False,2
-0.7716814329866466,0.62679321741777061,0.10787969495116026,-0.62663374817082196,-0.77830568460957705,0.039628360523819468,0.10880216742815124,-0.03702058756283795,0.99337382915971739,9.6232480414891768,-9.7798627165532679,-2.1745834780617672,,0.2230677521126286,0.3,False,4
-0.19050327736622544,0.96613166712985232,0.17406350301432438,-0.97763388377180616,-0.20280555447770454,0.055694670968103419,0.089109430555814051,-0.15956036112356217,0.9831581767671651,32.432028273612495,-6.4750152341853191,-3.9265305586593828,,0.6357991128243734,0.5769230769230769,False,1
-0.32267707134961743,-0.94640503957556377,-0.014035978455702133,0.94282603296991807,-0.32269305110397084,0.083356261452975478,-0.083418098632374427,0.013663668438058267,0.99642095772086903,-4.8920548242467987,-9.4196312553536128,-1.5812989535290216,,0.07811670089426605,0.3728813559322034,False,4
0.99292167143588728,-0.11685252239974182,-0.021261288808129514,0.11827890344873329,0.95655677908586956,0.26647556995686106,-0.010800712565849278,-0.2671041302445295,0.9636071441279298,1.7069586408972734,6.9757345371328388,-3.1594448544586369,,0.6301255413357822,0.1895424836601307,False,2
-0.74188313524314919,-0.65029197308650821,-0.16349239548385847,0.66716839992292287,-0.74026778696980666,-0.083005600528586007,-0.067050278046263651,-0.17065741505741955,0.98304644188351431,2.2382275523024471,-27.982465091409043,-0.45708862660763816,,0.5930018651104271,0.3783783783783784,False,3
-0.94991241468880916,0.301607220954766,0.081850404324090992,-0.31171405432927041,-0.93315427388672034,-0.17904594231803933,0.022377505528610443,-0.19559188478791453,0.98043003924371175,-15.996316788760584,-3.6231445039043066,-1.6810499650782642,,0.4812057199793925,0.2580645161290323,False,2
0.98423827235487715,0.17669584845122366,-0.0073212274919824925,-0.17398224365561937,0.97488378492574579,0.13903878876561815,0.031704922716257682,-0.13557353365961838,0.99025987238027635,10.58102437100724,3.821216803159305,-3.3391507018051669,,0.08161283309406032,0.2352941176470588,False,4
-0.96578517489839921,0.25182330342185288,0.06200015967860123,-0.25873913071880067,-0.95190567077576216,-0.16410257822418367,0.017693450238606346,-0.17452970463118983,0.98449292735905525,3.4291650988134026,-19.439536626578576,-1.1535574932961712,,0.3337357809677827,0.2,False,2
-0.98322027229688935,-0.18116871283541447,-0.021349323970349721,0.18099868781201089,-0.98343589421465594,0.0096600714568514795,-0.022745794221395169,0.0056337784639061113,0.99972540699206958,12.214694295803627,4.1884456923046773,-3.4758887215367018,0.2778105307877749,0.2738845717808668,0.8125,True,4
-0.93449193719968904,0.33843026323817177,0.11040731965461292,-0.35332926507096601,-0.91959350596045164,-0.17177372977198382,0.043396425580746648,-0.1995313026066565,0.97893003300895198,-8.8424281848847812,2.7539565843222475,-2.4016375129000811,,0.6048090526810039,0.2923803898405198,False,2
-0.3987262224513457,-0.91635878593514475,-0.03611059358620293,0.91319884525089512,-0.40034934948401779,0.076080663773103824,-0.084174037339979441,-0.002640796696404258,0.99644756893210229,-13.4415028271438,-16.194090156643821,-0.74261553356226828,,0.08331816377460129,0.16,False,3
0.56799809953177161,0.82270116822017847,0.023258261703101264,-0.81920880853034006,0.56241536196910114,0.11218684703416061,0.07921544643942055,-0.082775288766149202,0.99341490054009385,7.6948560997354285,14.151898739295227,-4.032000615334618,,0.1260721305622391,0.1666666666666667,True,3
-0.50248200287114586,-0.84658351941397658,-0.17552259526125713,0.85326486044829353,-0.51832277845605967,0.057276306250888392,-0.13946653618254301,-0.12098694966911136,0.9828078364029299,33.59529025595748,4.7353194494726916,-4.774910884121585,,0.4041288583623194,0.36,False,3
-0.059446070778288992,0.99351513243224532,0.096921856653498062,-0.99307631545753539,-0.068714532622336941,0.095277199181022718,0.10131927924294144,-0.090586945166687027,0.99072115603688371,-5.9551092743913969,-8.463138024150906,-1.646095995092508,,0.2071625425597293,0.2222222222222222,False,2
-0.60872320084698939,0.79197436009756239,0.047251219017649296,-0.7892639677366089,-0.61054886381642404,0.065516975854665732,0.080736943113193071,0.0025880186498056512,0.99673208445208938,-0.95199238276226383,14.837627598159271,-3.7358684127798272,,0.09703516815262798,0.6842105263157895,False,2
-0.46585041396587173,0.88389471830237898,0.04139467073165614,-0.88060983816817262,-0.46768489431040094,0.076139034373259945,0.086658552545316292,-0.00098315361228362708,0.99623758646204652,-2.419615879984645,-17.070908774272429,-1.0962694657983847,,0.08874857367181271,0.28125,False,3
0.97262636066887942,0.21957160310839974,0.076067559711206614,-0.2311287658383388,0.88025900295676562,0.41439544075147289,0.024030316977871835,-0.42063333061226676,0.90691242413144524,1.0126555711752474,16.197789788030004,-3.993019655905734,,0.3869122933196208,0.4,False,1
0.39425870376477162,-0.8964485132252682,-0.20233669376049546,0.91513457610957039,0.36279562507267149,0.17580683159902408,-0.084194905513813575,-0.25447867801514562,0.96340636302714178,3.8844235339859385,-17.914202109718786,-1.3211535787560258,,0.3637488600559525,0.12,False,2
0.83512178485567157,0.5420283353601999,0.09368504750561564,-0.54759725962557859,0.80311306848019659,0.23483321844850094,0.052046572509971183,-0.24741601181608108,0.96751045027275595,20.440064565397105,-9.3504366954663514,-2.8921138841993419,,0.1643888281919374,0.2105263157894737,False,3
